1,2,3.8076668625381282
1,3,5.548974750521669
1,4,7.361767482022161
1,5,10.723893704798366
1,6,13.934581560575348
1,7,17.065037859336243
1,8,20.627405545411015
1,9,23.36092588742443
1,10,26.72131997952679
1,11,28.354379020630525
1,12,30.610457780050876
1,13,33.2712952678114
1,14,34.51021108750899
1,15,38.09853714711371
1,16,38.89578985370893
1,17,42.209619369269234
1,18,43.99430467790123
1,19,45.344912353711855
1,20,47.24006073196606
1,21,46.7089656716276
1,22,48.71816773434001
1,23,47.28019176205989
1,24,46.196351829523906
1,25,48.359640786455536
1,26,45.42781932701713
1,27,41.86109234363198
1,28,39.68311428007203
1,29,38.55792973895847
1,30,36.99789241283318
1,31,40.22643448525286
1,32,43.74615662316395
1,33,46.96126810275143
1,34,50.54630747909556
1,35,52.89324310443711
1,36,56.155702095715554
1,37,58.1042502275577
1,38,59.73201750566556
1,39,60.89755024076634
1,40,63.547614314074835
1,41,64.81913336280435
1,42,68.29926954119712
1,43,69.8509502546183
1,44,71.05466315502548
1,45,69.93059062937563
1,46,72.84076490530771
1,47,70.79376749204361
1,48,70.53669375911443
1,49,73.24988386456853
1,50,76.76108373661545
1,51,77.3229178582911
1,52,80.94457762337636
1,53,81.32063818213605
1,54,84.43422029664536
1,55,84.71687636682509
1,56,87.9311466902386
1,57,88.70577511790243
1,58,87.95606356305426
1,59,87.82989203063516
1,60,91.13970540868688
1,61,92.78408651485908
1,62,91.71826707916173
1,63,92.93489198786489
1,64,96.36883400424608
1,65,96.63277463231076
1,66,96.71705604307799
1,67,97.870448159638
1,68,94.7677755478627
1,69,92.71495290549551
1,70,94.66089948506533
1,71,91.61883902545472
1,72,89.93399616618552
1,73,92.57980037097578
1,74,91.1932814040709
1,75,87.6092707756786
1,76,84.61941989355125
1,77,81.1898779511902
1,78,78.00416574639553
1,79,77.72486387633563
1,80,80.66828043506537
1,81,79.70042429329924
1,82,82.2478957721554
1,83,82.16237738661361
1,84,83.31517738245293
1,85,85.73770039680365
1,86,87.71171381880062
1,87,91.40967367537336
1,88,94.54780188149715
1,89,97.51327847968598
1,90,100.0527003904063
1,91,102.36377202737675
1,92,101.09090277656836
1,93,99.87213662102388
1,94,98.32644763125784
1,95,96.31729919755489
1,96,96.36624090071868
1,97,92.93093577014346
1,98,91.53741391827762
1,99,87.93864056879394
1,100,88.7244043867708
1,101,90.48249369026983
1,102,87.64098880445118
1,103,85.11959898844015
1,104,86.884449507486
1,105,87.6478149370397
1,106,84.07531065228424
1,107,82.77655942949667
1,108,85.18122363655341
1,109,83.69658621817811
1,110,86.8565360023452
1,111,90.12891407043654
1,112,91.84508325612015
1,113,95.55598304925813
1,114,98.3590423939344
1,115,101.88960741305159
1,116,104.54151554195631
1,117,108.31257025056773
1,118,109.44961356221641
1,119,113.22481170941869
1,120,114.44612444114563
1,121,118.22879263343076
1,122,120.33463316221214
1,123,117.67230414803426
1,124,116.36451012289464
1,125,112.77520256672732
1,126,110.06036895013888
1,127,110.7008990251031
1,128,108.9097002409241
1,129,108.16300642309936
1,130,107.61969494964649
1,131,104.54403440075039
1,132,103.0000677299466
1,133,103.83558909490714
1,134,102.81244792990451
1,135,103.60492589992565
1,136,106.48380610677559
1,137,108.46248474775425
1,138,107.91823681601412
1,139,105.78986678332758
1,140,104.06455422709222
1,141,101.08357702101358
1,142,100.75326397635497
1,143,100.24203483893639
1,144,103.00658244493515
1,145,106.7813034555108
1,146,108.93484152593135
1,147,112.32110515594228
1,148,115.43145243546326
1,149,119.17281855282279
1,150,121.06685581579178
1,151,124.72840067804387
1,152,125.51762440421099
1,153,123.81624791700806
1,154,120.33278665297127
1,155,120.66784766320518
1,156,118.60116965672951
1,157,115.8792724674606
1,158,114.75173753466291
1,159,112.36396480003425
1,160,110.03484853657936
1,161,106.96429640634989
1,162,105.52559567621455
1,163,101.93017736194302
1,164,102.18727097248184
1,165,98.5827361506146
1,166,95.53645642682567
1,167,93.70619375018137
1,168,94.18561547990619
1,169,96.12370206898343
1,170,95.51924936419987
1,171,98.66818762972717
1,172,98.72360687070376
1,173,102.07105067232825
1,174,103.45991139037172
1,175,106.30817868022879
1,176,107.98851940496859
1,177,108.77106315117607
1,178,111.56676772683666
1,179,112.24691973040346
1,180,116.05872807575726
1,181,118.77784838901623
1,182,120.21077264355762
1,183,116.89662561229746
1,184,116.81193232475864
1,185,120.35225784582856
1,186,120.22648720023892
1,187,117.2554027276838
1,188,117.74974188315817
1,189,121.31499983272354
1,190,120.75480616268655
1,191,120.47308094159033
1,192,117.4425907359495
1,193,115.15832078642114
1,194,112.87732144294738
1,195,110.00058740979858
1,196,109.10453671178071
1,197,106.3890864654239
1,198,105.94101188893218
1,199,104.39024762548739
1,200,105.02436326038404
1,201,102.23001396351835
1,202,102.53199847247812
1,203,105.1324918475008
1,204,104.54914198143274
1,205,107.67679094410795
1,206,107.65239332275925
1,207,110.50314980876684
1,208,110.16756517272535
1,209,110.15273564133378
1,210,112.62494630372028
1,211,111.09757840791015
1,212,110.4633249646541
1,213,106.72570288318828
1,214,104.6921571817096
1,215,104.71388832696938
1,216,101.91155434185175
1,217,102.30263333248267
1,218,105.992834959889
1,219,106.80494468855349
1,220,107.61037711161174
1,221,107.76289617642557
1,222,104.88622129115933
1,223,103.75289828360863
1,224,101.9354415860233
1,225,99.61678367797288
1,226,99.30166319428038
1,227,97.70243690283887
1,228,98.49237308680271
1,229,96.5576253598357
1,230,98.74237589381546
1,231,97.17324721571617
1,232,98.23330177995187
1,233,101.73770707157904
1,234,102.65891335193868
1,235,105.04536658039336
1,236,105.09239390445246
1,237,108.38939369437354
1,238,109.17843578788614
1,239,112.2487527179367
1,240,113.42672752755834
1,241,116.62935780150147
1,242,114.91946881072869
1,243,111.7141761215925
1,244,109.67476530852083
1,245,106.8308298274036
1,246,106.57124179813894
1,247,103.62407531790576
1,248,103.80237485952807
1,249,101.55589698979784
1,250,98.33867181936075
1,251,94.60995700304032
1,252,92.26265210211679
1,253,89.8779241475276
1,254,86.39187544715264
1,255,83.30769973293299
1,256,79.8578611927214
1,257,77.03728012460661
1,258,79.17012057918083
1,259,79.08693232145374
1,260,79.88893613674416
1,261,77.89896247041564
1,262,78.90558964699007
1,263,76.79842958329962
1,264,77.26940563133273
1,265,74.2074757950388
1,266,74.90264244187512
1,267,74.31879905442936
1,268,71.82167516518992
1,269,70.95477861270939
1,270,67.69771314800838
1,271,66.49133674639872
1,272,65.57866260328537
1,273,66.22034742323042
1,274,66.53653692879992
1,275,69.32286712535728
1,276,69.78804167901569
1,277,72.52929008013929
1,278,69.8594967217
1,279,69.24008733539826
1,280,66.92618287894804
1,281,63.412889444422895
1,282,60.525725497590834
1,283,59.58409835407109
1,284,55.820075259431796
1,285,55.41821146370197
1,286,56.82410357381409
1,287,58.55491233414664
1,288,60.780263763575945
1,289,62.30938350718785
1,290,64.77979419267827
1,291,67.98502176267087
1,292,69.18029230374232
1,293,71.75146791095646
1,294,70.1469117219045
1,295,71.20192568485241
1,296,69.21043945042847
1,297,65.67572206861736
1,298,64.31314148846634
1,299,61.54522149145778
1,300,62.77286247868211
1,301,64.09416862820383
1,302,62.26789744820219
1,303,62.683988104523145
1,304,59.08161724212625
1,305,58.32767827872058
1,306,54.59555001693902
1,307,52.40492957933611
1,308,48.70758022142866
1,309,46.969446029840675
1,310,43.190407819714366
1,311,41.39335295567819
1,312,37.769931230221935
1,313,35.56780622324926
1,314,35.49471871118634
1,315,34.35317379343776
1,316,31.786805404315928
1,317,30.884853090572992
1,318,27.845607391169175
2,1,3.8076668625381282
2,3,3.82795140841416
2,4,7.203456939233923
2,5,10.783178287886765
2,6,13.916181817689992
2,7,17.26816678545982
2,8,20.691714580265756
2,9,23.79571279481027
2,10,27.33888220248528
2,11,29.408450065897476
2,12,31.830753454507327
2,13,34.77034775819681
2,14,36.23034471444309
2,15,39.67859811165972
2,16,40.15933992801357
2,17,43.29947008127208
2,18,44.852169864113115
2,19,45.93728615511062
2,20,47.576857465201506
2,21,46.744846385463575
2,22,48.508490891402566
2,23,47.0791192244628
2,24,46.29231956008091
2,25,48.69817103034402
2,26,45.96670348595388
2,27,42.367890469628605
2,28,40.46539740443006
2,29,39.30671394891168
2,30,37.99891725248347
2,31,41.242214332522146
2,32,44.62825923001343
2,33,47.86101264998277
2,34,51.44421827680054
2,35,53.58066741297708
2,36,56.934248894298875
2,37,59.0468644590361
2,38,60.80669684708678
2,39,62.156471557687055
2,40,64.84556481753364
2,41,66.27511365707852
2,42,69.72483240967958
2,43,71.25075500346281
2,44,72.29872511827101
2,45,71.17017259003882
2,46,74.03801120216959
2,47,71.88444364972516
2,48,71.48284166930624
2,49,74.1298551171828
2,50,77.70676514724487
2,51,78.35744873907021
2,52,82.01243197896848
2,53,82.51024634171941
2,54,85.5933433259031
2,55,86.02450188855916
2,56,89.22708234564296
2,57,89.85540139891577
2,58,88.96527893684808
2,59,88.71659911046089
2,60,91.97130208976958
2,61,93.75046772262482
2,62,92.68931978422926
2,63,93.76198267648944
2,64,97.22629284946048
2,65,97.61713345812682
2,66,97.80426777839506
2,67,99.0713008643665
2,68,96.04949545145446
2,69,93.88423235006053
2,70,95.81697610773723
2,71,92.82489341438796
2,72,91.00831813031733
2,73,93.56745795534495
2,74,92.07287125058214
2,75,88.53402926817215
2,76,85.44649659902039
2,77,82.02292705878207
2,78,78.75283793181413
2,79,78.55850717910621
2,80,81.57910420905891
2,81,80.73390193009135
2,82,83.30662602384754
2,83,83.36506020833129
2,84,84.54647084129616
2,85,87.07936425145614
2,86,88.94359474510408
2,87,92.62579646882405
2,88,95.69403798992407
2,89,98.73595021035375
2,90,101.18055681454405
2,91,103.40198287863917
2,92,102.08017961523197
2,93,100.73337513222803
2,94,99.07520478221987
2,95,96.9595817620684
2,96,96.87891369805631
2,97,93.38325010964694
2,98,92.12695856973397
2,99,88.47852045610546
2,100,89.14088182415007
2,101,90.98825340044021
2,102,88.25572394254256
2,103,85.61491088458148
2,104,87.30730169199819
2,105,88.2120576215387
2,106,84.69759441097067
2,107,83.2505051593524
2,108,85.66045279784497
2,109,84.32530957421608
2,110,87.5436499431587
2,111,90.88518709366647
2,112,92.55881000670647
2,113,96.26206655783918
2,114,99.00525086613526
2,115,102.5758537573127
2,116,105.127330193744
2,117,108.90097859870404
2,118,110.01772825069453
2,119,113.80633492598417
2,120,115.06457230755446
2,121,118.83895709135668
2,122,121.00610699175206
2,123,118.41260343895536
2,124,117.21754835545374
2,125,113.63622552329826
2,126,111.00997993596792
2,127,111.68053815433075
2,128,109.99113339921273
2,129,109.3075717478699
2,130,108.88327391411806
2,131,105.76817517173384
2,132,104.19561914187267
2,133,105.1337440809843
2,134,104.1078467129269
2,135,105.01826300907564
2,136,107.95533577783301
2,137,109.82986411658354
2,138,109.1785019161887
2,139,106.95674990972108
2,140,105.11924998709095
2,141,102.06091320619005
2,142,101.7260781407945
2,143,101.07663510671001
2,144,103.80896792695808
2,145,107.59007075368511
2,146,109.7744179720695
2,147,113.10262122227539
2,148,116.2477051722667
2,149,119.97033281755617
2,150,121.88449603318156
2,151,125.56363755007374
2,152,126.31986567289553
2,153,124.51854844982985
2,154,120.9897326531106
2,155,121.21649172513276
2,156,119.05253053411654
2,157,116.33916021398805
2,158,115.10779007211552
2,159,112.73411330454145
2,160,110.32249391894368
2,161,107.2850850332533
2,162,105.73637913607377
2,163,102.12572559919546
2,164,102.33741763345549
2,165,98.7689961976859
2,166,95.63617289557432
2,167,93.88758749785165
2,168,94.39797932147651
2,169,96.457224552694
2,170,95.93042613798686
2,171,99.13967000014857
2,172,99.29882449443369
2,173,102.6622755020391
2,174,104.09355677470762
2,175,106.94389686745602
2,176,108.731912916499
2,177,109.51779934390336
2,178,112.39630493508635
2,179,113.1292121264177
2,180,116.93262536386028
2,181,119.57831480064807
2,182,121.10134942456456
2,183,117.80746751873473
2,184,117.60512264637754
2,185,121.14163027876387
2,186,121.1186226652524
2,187,118.10908205519044
2,188,118.4853629389287
2,189,122.03952870674269
2,190,121.37419153553924
2,191,121.09714703463642
2,192,117.99512976948976
2,193,115.69773124078124
2,194,113.32519312501317
2,195,110.43883075090352
2,196,109.42518246382865
2,197,106.69568701811797
2,198,106.12131473832886
2,199,104.4893672736791
2,200,104.98800876384429
2,201,102.16690850790022
2,202,102.57469917117287
2,203,105.25276606196864
2,204,104.7866075357013
2,205,107.95396257488258
2,206,108.04318115602486
2,207,110.94431274961396
2,208,110.73761119528304
2,209,110.77456484832015
2,210,113.33822165388158
2,211,111.87251190374786
2,212,111.3548063263949
2,213,107.63204881061766
2,214,105.70305427974712
2,215,105.8292933374693
2,216,103.0415551080922
2,217,103.53312449014605
2,218,107.23048202209259
2,219,107.9172283664755
2,220,108.62385170958979
2,221,108.69016075681643
2,222,105.74346787332232
2,223,104.53895518420994
2,224,102.60215742589145
2,225,100.25074237424383
2,226,99.80092270578434
2,227,98.13771865062255
2,228,98.80920945352604
2,229,96.80201292758154
2,230,98.92364835201971
2,231,97.2451066390007
2,232,98.28137121586204
2,233,101.72941984114556
2,234,102.69479962998037
2,235,105.18510332213552
2,236,105.33932575432512
2,237,108.64519245985157
2,238,109.54261636600866
2,239,112.60710823462396
2,240,113.87817763050175
2,241,117.12682779144139
2,242,115.51987329302746
2,243,112.3753850153196
2,244,110.29875419192552
2,245,107.53261181320421
2,246,107.2157576025462
2,247,104.2603967068534
2,248,104.49783263395655
2,249,102.15882397556604
2,250,98.87070354829997
2,251,95.17145289997376
2,252,92.75167432025408
2,253,90.27256099840868
2,254,86.75396018773009
2,255,83.58949360303332
2,256,80.2075138253864
2,257,77.48411911574586
2,258,79.74867219667945
2,259,79.70939701769737
2,260,80.6470056108576
2,261,78.75816849921367
2,262,79.880007643601
2,263,77.9227541412389
2,264,78.56777507714223
2,265,75.55415559026068
2,266,76.34831211082117
2,267,75.70188638841513
2,268,73.28901434323474
2,269,72.40871879552998
2,270,69.05637234807861
2,271,67.66268664248852
2,272,66.62548010463314
2,273,67.05912316262445
2,274,67.37653012748372
2,275,70.25459389663483
2,276,70.73754061041161
2,277,73.57634118457891
2,278,71.03795788335843
2,279,70.44582172539357
2,280,68.05803989098898
2,281,64.48562639007191
2,282,61.53732751371497
2,283,60.372865604443945
2,284,56.62442267321661
2,285,56.128149386066376
2,286,57.30411186126566
2,287,59.11053474284348
2,288,61.51381097699191
2,289,63.132694066285154
2,290,65.73995383444627
2,291,68.82633525549522
2,292,69.82491752450966
2,293,72.45304687376947
2,294,70.8478177651584
2,295,71.87993583018965
2,296,69.83897689472744
2,297,66.23882368005387
2,298,64.93055202514863
2,299,62.109837833519286
2,300,63.197066330584576
2,301,64.62010970670646
2,302,62.75793689119814
2,303,63.261570326715535
2,304,59.729313411805606
2,305,59.20801320361116
2,306,55.44844364901716
2,307,53.056683497124695
2,308,49.41631131760135
2,309,47.496854611123794
2,310,43.72552255020817
2,311,42.011645351252774
2,312,38.390101302882705
2,313,36.00490092466996
2,314,35.97849773934542
2,315,35.209556724667415
2,316,32.646664890044285
2,317,32.15913959557174
2,318,29.324367431248454
3,1,5.548974750521669
3,2,3.82795140841416
3,4,3.7985552939507206
3,5,7.140550599961159
3,6,10.291150400721554
3,7,13.57901026950959
3,8,16.987127848676796
3,9,20.13781702948004
3,10,23.74148681470623
3,11,25.973831979484007
3,12,28.421466859819926
3,13,31.495394209803322
3,14,33.079413606042905
3,15,36.42519105293551
3,16,36.73163293466072
3,17,39.78423033159778
3,18,41.24553366964944
3,19,42.24265817322211
3,20,43.820962167233034
3,21,42.941076061043375
3,22,44.68765610386905
3,23,43.283165435274725
3,24,42.530435937178275
3,25,44.972201832696896
3,26,42.28461311740654
3,27,38.670455648715425
3,28,36.84569151887555
3,29,35.672046240473286
3,30,34.47718327438332
3,31,37.743391479586215
3,32,41.074214039984476
3,33,44.33863152465794
3,34,47.89678749991251
3,35,49.9759390690382
3,36,53.33578804914405
3,37,55.52582457011371
3,38,57.302469385316044
3,39,58.749199834734895
3,40,61.48669868250166
3,41,63.020693990104334
3,42,66.43015771624822
3,43,67.99327807138123
3,44,69.00152073887286
3,45,67.94085521403537
3,46,70.83745271767279
3,47,68.69923421425847
3,48,68.26895887089921
3,49,70.83710965659863
3,50,74.43591822793293
3,51,75.05114139932313
3,52,78.70004126805081
3,53,79.20038837434097
3,54,82.23890667986515
3,55,82.7143891203264
3,56,85.88495589784571
3,57,86.4631447881749
3,58,85.50438256457721
3,59,85.24392530213284
3,60,88.46308461085333
3,61,90.29019945577899
3,62,89.27721015912266
3,63,90.30937257636633
3,64,93.76313760311241
3,65,94.21750799838927
3,66,94.40818739279534
3,67,95.74296677357876
3,68,92.74835795935492
3,69,90.5546955163656
3,70,92.52797945452552
3,71,89.58702585421366
3,72,87.70949749334822
3,73,90.2659289484883
3,74,88.7770160459818
3,75,85.23972281055377
3,76,82.1273155611087
3,77,78.67676477772268
3,78,75.37115234072405
3,79,75.14002501887012
3,80,78.15552098642846
3,81,77.31510601601214
3,82,79.85923738611224
3,83,79.9520147639033
3,84,81.10991045461274
3,85,83.70142526138817
3,86,85.5343511148607
3,87,89.20048334350676
3,88,92.25002092857378
3,89,95.33204430370795
3,90,97.74963644894935
3,91,99.92039622723887
3,92,98.55373848482031
3,93,97.17048195267014
3,94,95.46619103539511
3,95,93.33557866994457
3,96,93.20946575140856
3,97,89.70511928500208
3,98,88.48952131704581
3,99,84.82926765790215
3,100,85.48864944603191
3,101,87.38171719353647
3,102,84.67363025228576
3,103,82.01258270308423
3,104,83.72794191637679
3,105,84.68623490280956
3,106,81.18086390752904
3,107,79.72077258727276
3,108,82.17851889825103
3,109,80.89556112674188
3,110,84.154247522863
3,111,87.49765383981133
3,112,89.21486634348953
3,113,92.90057684050213
3,114,95.6633255846286
3,115,99.2291737498968
3,116,101.75593288510711
3,117,105.53303115517213
3,118,106.59323593924887
3,119,110.38096689433596
3,120,111.60337838329073
3,121,115.37771209069938
3,122,117.53091443380107
3,123,114.93714339656701
3,124,113.77832526587741
3,125,110.21429921752969
3,126,107.61167578422724
3,127,108.2507550910458
3,128,106.58295432010777
3,129,105.8915072319322
3,130,105.50494371781622
3,131,102.35762694025958
3,132,100.80597700476287
3,133,101.80965875946804
3,134,100.82538139371509
3,135,101.80421108228126
3,136,104.7465416625732
3,137,106.56336842490646
3,138,105.8459066151172
3,139,103.60262987917477
3,140,101.71396071559106
3,141,98.63887507927807
3,142,98.35066637410989
3,143,97.65915052071435
3,144,100.34888930578806
3,145,104.13632193696857
3,146,106.29492249970981
3,147,109.61104973829296
3,148,112.74597680865811
3,149,116.46511901812448
3,150,118.41622401187439
3,151,122.09542001942484
3,152,122.80894581457696
3,153,120.98383266567613
3,154,117.44365750753731
3,155,117.66011688891946
3,156,115.4706307249335
3,157,112.78640746207317
3,158,111.55590241597565
3,159,109.22003652886339
3,160,106.81787114654897
3,161,103.81468564469407
3,162,102.27562401510896
3,163,98.68100329420865
3,164,98.94681035253812
3,165,95.39937031145004
3,166,92.25926631931247
3,167,90.47073979894294
3,168,90.92153566488298
3,169,92.98059123557252
3,170,92.4189296449007
3,171,95.6191696688651
3,172,95.7661331612192
3,173,99.11181268318033
3,174,100.51770030872072
3,175,103.34442196418175
3,176,105.14841896865845
3,177,105.9066881658481
3,178,108.80350963573356
3,179,109.53245287317309
3,180,113.33163081905718
3,181,115.96138480662881
3,182,117.52279021660091
3,183,114.24724203602838
3,184,114.01427593721037
3,185,117.5585672365506
3,186,117.57976892903406
3,187,114.57508492340466
3,188,114.9201870292024
3,189,118.460256214526
3,190,117.75662934831728
3,191,117.45492107806815
3,192,114.33732386552587
3,193,112.05863790634386
3,194,109.67645244899862
3,195,106.80995034022831
3,196,105.78897115648236
3,197,103.08449824298302
3,198,102.50640261989061
3,199,100.89601729758189
3,200,101.38825560131205
3,201,98.535622279652
3,202,98.92255417389664
3,203,101.59014137327988
3,204,101.11973901146598
3,205,104.27601600179955
3,206,104.36760612066449
3,207,107.2627863035405
3,208,107.07973395442153
3,209,107.1072566977977
3,210,109.69040992743322
3,211,108.22803004138727
3,212,107.74107281713634
3,213,104.02289986372405
3,214,102.12518817041376
3,215,102.30020367231904
3,216,99.53237508808184
3,217,100.08034750868187
3,218,103.77395778026766
3,219,104.41239717237721
3,220,105.06868153743964
3,221,105.12220800741287
3,222,102.16307757292543
3,223,100.96049203861661
3,224,98.98898745901069
3,225,96.6556536037406
3,226,96.18766222443446
3,227,94.54432072848432
3,228,95.21980298293086
3,229,93.23654190488845
3,230,95.38684259747197
3,231,93.72561317574127
3,232,94.81713579201745
3,233,98.2612708136916
3,234,99.17672215356374
3,235,101.66622950398789
3,236,101.80177591731062
3,237,105.08456317824786
3,238,105.974750984348
3,239,109.01317120017218
3,240,110.27802057380366
3,241,113.5221450054855
3,242,111.92646253291525
3,243,108.78804895375633
3,244,106.73064849121276
3,245,103.9971845286349
3,246,103.70338211797174
3,247,100.77607617067433
3,248,101.0736082102786
3,249,98.73677505095287
3,250,95.42868283957085
3,251,91.73559441686848
3,252,89.33922227941501
3,253,86.81247822009077
3,254,83.31145766669275
3,255,80.11380906269882
3,256,76.75288668973919
3,257,74.01908455960549
3,258,76.28475953459042
3,259,76.19447733288989
3,260,77.13326737600094
3,261,75.2431569554034
3,262,76.37104966126367
3,263,74.47304615194099
3,264,75.18726397619534
3,265,72.22212833563118
3,266,73.1057534432338
3,267,72.48681448646472
3,268,70.15962131364068
3,269,69.3530290895425
3,270,65.96039520132078
3,271,64.5035708398278
3,272,63.35130988270728
3,273,63.706844204825224
3,274,63.94471881668527
3,275,66.81607557547913
3,276,67.24730996156688
3,277,70.09657268524882
3,278,67.60071787283132
3,279,67.06885960290411
3,280,64.69453400479853
3,281,61.087628750693206
3,282,58.16247771710534
3,283,56.929088611205536
3,284,53.20276053504055
3,285,52.60294844305175
3,286,53.6998997755882
3,287,55.47308906082085
3,288,57.91103216758196
3,289,59.52456121029386
3,290,62.19063585103538
3,291,65.23603980335548
3,292,66.17688365207687
3,293,68.84510260751973
3,294,67.28322159406522
3,295,68.36338976112853
3,296,66.36587038405386
3,297,62.761510697488426
3,298,61.40048585797384
3,299,58.526679094622395
3,300,59.53998858240025
3,301,60.947831163891344
3,302,59.04954689616478
3,303,59.55508972361341
3,304,56.0413708303892
3,305,55.59485281285113
3,306,51.832051655450044
3,307,49.38509645132056
3,308,45.76950006815562
3,309,43.82620925118056
3,310,40.05646682278798
3,311,38.42289476156646
3,312,34.78422494618989
3,313,32.31287564827165
3,314,32.269696688714255
3,315,31.62191612867328
3,316,29.091094497317098
3,317,28.8063362317482
3,318,26.14070392593282
4,1,7.361767482022161
4,2,7.203456939233923
4,3,3.7985552939507206
4,5,3.799909577168498
4,6,6.779864222812198
4,7,10.133892404147515
4,8,13.563488420453652
4,9,16.620289222139128
4,10,20.14060988181447
4,11,22.275580380036356
4,12,24.804335789354482
4,13,27.867052071052523
4,14,29.57232943696501
4,15,32.90937173141908
4,16,33.18616450720523
4,17,36.26092899450209
4,18,37.84774240962257
4,19,38.86851860594002
4,20,40.585206473072375
4,21,39.83129873972728
4,22,41.75103713014398
4,23,40.47247707713964
4,24,39.589433232325746
4,25,41.91064762292118
4,26,39.125546919546174
4,27,35.470287358324875
4,28,33.509543076415675
4,29,32.19965442173166
4,30,30.86297188236713
4,31,34.079326322253756
4,32,37.43957737506948
4,33,40.67052565085132
4,34,44.25172939261674
4,35,46.37764502531903
4,36,49.73302371646576
4,37,51.857926956434454
4,38,53.64130802047094
4,39,55.03485619260869
4,40,57.74260420774377
4,41,59.24741475713645
4,42,62.66984326281808
4,43,64.21598303635508
4,44,65.23594954891335
4,45,64.17146254747186
4,46,67.0779685732557
4,47,64.96469367247357
4,48,64.56829382715708
4,49,67.1443689144724
4,50,70.7289734832284
4,51,71.31975822908012
4,52,74.96293339339714
4,53,75.4439099638814
4,54,78.49291205862473
4,55,78.95030321449867
4,56,82.13089290872456
4,57,82.72806363222396
4,58,81.80276015919706
4,59,81.56155370755988
4,60,84.80143306974716
4,61,86.59346305911298
4,62,85.56850274507235
4,63,86.63620075680755
4,64,90.08593695477988
4,65,90.50568941390111
4,66,90.68038786117205
4,67,91.9903825343309
4,68,88.98426718105881
4,69,86.80505734934735
4,70,88.77791936718842
4,71,85.82841910837915
4,72,83.97367613923232
4,73,86.55029332295017
4,74,85.09067587079787
4,75,81.53966609753797
4,76,78.45167317358033
4,77,74.99565679254395
4,78,71.71152402307781
4,79,71.45705861562712
4,80,74.45693951908245
4,81,73.5959417765001
4,82,76.14833001260146
4,83,76.226228529943
4,84,77.4060362111171
4,85,79.97325519140438
4,86,81.80867972853402
4,87,85.48316392569407
4,88,88.53823252237792
4,89,91.60209556828974
4,90,94.03084756659287
4,91,96.22830908517662
4,92,94.89082887105302
4,93,93.5347851807997
4,94,91.87239926727611
4,95,89.76378201175997
4,96,89.69452734210283
4,97,86.20839830535664
4,98,84.93497585419182
4,99,81.29153116836811
4,100,81.98116915192138
4,101,83.8279697939373
4,102,81.0817851972499
4,103,78.45857496409255
4,104,80.19007920550008
4,105,81.09282644319651
4,106,77.56758890311131
4,107,76.15559270830765
4,108,78.60941639631976
4,109,77.27443027794764
4,110,80.51694016808331
4,111,83.83990620272102
4,112,85.57468927686804
4,113,89.26212756665265
4,114,92.04851584492373
4,115,95.60074671396188
4,116,98.16053892099852
4,117,101.93800884799792
4,118,103.00057453105268
4,119,106.78435289738074
4,120,107.9940864046891
4,121,111.77183902085133
4,122,113.90701791175083
4,123,111.29353210649018
4,124,110.10222816760239
4,125,106.53406357053365
4,126,103.90907185920643
4,127,104.54707911044385
4,128,102.86024614402585
4,129,102.16656826664159
4,130,101.76459574522153
4,131,98.63120145828968
4,132,97.06945140599085
4,133,98.05053302649942
4,134,97.05834439642916
4,135,98.02177605204727
4,136,100.96152856238297
4,137,102.79006172135863
4,138,102.09052816488054
4,139,99.85881123812013
4,140,97.99321423505612
4,141,94.9325873105723
4,142,94.63976795448885
4,143,93.98258601857108
4,144,96.68486149493255
4,145,100.47071851954976
4,146,102.6271347895683
4,147,105.95895674644473
4,148,109.08933327775507
4,149,112.81373476358134
4,150,114.75299500448222
4,151,118.42872338105707
4,152,119.1589679283843
4,153,117.3621808705091
4,154,113.83573396029648
4,155,114.08479250514195
4,156,111.93141619956101
4,157,109.23804678178202
4,158,108.04468053142539
4,159,105.70027205103534
4,160,103.33076818338306
4,161,100.31418589367429
4,162,98.82301620904401
4,163,95.23605436382462
4,164,95.53095704412453
4,165,91.96966876170153
4,166,88.86857262874406
4,167,87.03381363513851
4,168,87.46403763643056
4,169,89.47171390348406
4,170,88.87919921462202
4,171,92.0589853865331
4,172,92.17367793092394
4,173,95.51921016991506
4,174,96.92239466889502
4,175,99.75978345028865
4,176,101.53717686418375
4,177,102.31528365988528
4,178,105.19352222316158
4,179,105.93066069142031
4,180,109.7337531827584
4,181,112.375709001497
4,182,113.90075475997563
4,183,110.6092961094408
4,184,110.40380793653357
4,185,113.94290917471683
4,186,113.92773782298651
4,187,110.92421233384744
4,188,111.30164406923107
4,189,114.85084749569948
4,190,114.1870440673819
4,191,113.90210728283407
4,192,110.80777079683567
4,193,108.51775558146807
4,194,106.16306722030015
4,195,103.28891681443955
4,196,102.30864918019279
4,197,99.60082893040017
4,198,99.07340813013806
4,199,97.4943827239952
4,200,98.0515718539021
4,201,95.21647588308507
4,202,95.55822187087597
4,203,98.1958870970374
4,204,97.6809837548835
4,205,100.82965713323148
4,206,100.8855025435808
4,207,103.77354351437103
4,208,103.54698440481296
4,209,103.57997775495184
4,210,106.1389220216798
4,211,104.67955164089202
4,212,104.16945147015312
4,213,100.44909733644539
4,214,98.53712746426018
4,215,98.66886487977708
4,216,95.87634105498054
4,217,96.387666877286
4,218,100.08673658067062
4,219,100.7447950578859
4,220,101.43894107305792
4,221,101.49261232227222
4,222,98.5419168485571
4,223,97.34084424945206
4,224,95.40667700798258
4,225,93.06807622915879
4,226,92.64054098004256
4,227,91.00902945540372
4,228,91.7254394232813
4,229,89.76681560991797
4,230,91.94292810727393
4,231,90.33152379169749
4,232,91.43862776993458
4,233,94.91102568932371
4,234,95.80127672374714
4,235,98.24244316519955
4,236,98.33116002053244
4,237,101.6125795358164
4,238,102.4614320093194
4,239,105.50758122846597
4,240,106.7429091405259
4,241,109.97529231261989
4,242,108.34793069987697
4,243,105.1930641208294
4,244,103.13595721512786
4,245,100.37317038592664
4,246,100.08909471206559
4,247,97.16010826313894
4,248,97.43729889351795
4,249,95.13019474079474
4,250,91.84529982602005
4,251,88.1408870262002
4,252,85.77202496936171
4,253,83.27772670684702
4,254,79.78990339581121
4,255,76.6223969069707
4,256,73.232933311272
4,257,70.45878193520818
4,258,72.67839260173155
4,259,72.57903662798873
4,260,73.48429991697255
4,261,71.57734335894622
4,262,72.69494230984309
4,263,70.76398200088592
4,264,71.45385255508965
4,265,68.46799738064571
4,266,69.32651543614664
4,267,68.70314452765517
4,268,66.36729015495776
4,269,65.56814498736165
4,270,62.183163799719445
4,271,60.752455380802694
4,272,59.61384975474985
4,273,60.01680952844415
4,274,60.25664662133013
4,275,63.112671113519845
4,276,63.56013516808904
4,277,66.40282126741019
4,278,63.89012005588647
4,279,63.32560478695829
4,280,60.949239120947006
4,281,57.35498949869291
4,282,54.43154503416283
4,283,53.25034932965117
4,284,49.515518567393016
4,285,48.95669361254618
4,286,50.138427207776296
4,287,51.916753616477074
4,288,54.31035845260548
4,289,55.9413247231684
4,290,58.5529251568963
4,291,61.627406452938
4,292,62.62610532016265
4,293,65.25123877876601
4,294,63.661241554523244
4,295,64.73019274927397
4,296,62.73918699898722
4,297,59.15381664715027
4,298,57.78261293078845
4,299,54.93754017745007
4,300,56.025330991169604
4,301,57.43060852576062
4,302,55.59020620265769
4,303,56.12598798847449
4,304,52.60029044578264
4,305,52.07192608742369
4,306,48.30190661340598
4,307,45.89270972417716
4,308,42.24280242899462
4,309,40.30744207842267
4,310,36.53716475737966
4,311,34.81368348631804
4,312,31.187241435696258
4,313,28.83330226934109
4,314,28.908183208578144
4,315,28.191407251179104
4,316,25.813784047196048
4,317,25.516170494391513
4,318,22.972108376325338
5,1,10.723893704798366
5,2,10.783178287886765
5,3,7.140550599961159
5,4,3.799909577168498
5,6,3.8179751173582126
5,7,6.539921732432761
5,8,10.152452524765339
5,9,13.066716212858294
5,10,16.67552840514029
5,11,18.924068179102743
5,12,21.344348975152638
5,13,24.519152223711032
5,14,26.2570669937338
5,15,29.488621497569873
5,16,29.646252168163652
5,17,32.65950010526585
5,18,34.145601838068906
5,19,35.162686799899184
5,20,36.848485682364704
5,21,36.1243832133423
5,22,38.06885584683215
5,23,36.748410488756434
5,24,35.81083789650391
5,25,38.11849965918005
5,26,35.34002391488827
5,27,31.693007542524736
5,28,29.777280410460516
5,29,28.544179579508445
5,30,27.349566850936426
5,31,30.649110370431686
5,32,33.98203801494016
5,33,37.29422299364212
5,34,40.82016162652304
5,35,42.94938848648341
5,36,46.26522455007603
5,37,48.47502235042495
5,38,50.20247736743746
5,39,51.694781472245666
5,40,54.48908137059296
5,41,56.105048939116855
5,42,59.46694839549953
5,43,61.10773109211619
5,44,62.14544621722338
5,45,61.20678201471174
5,46,64.18330092887834
5,47,62.14607593151683
5,48,61.76518206376685
5,49,64.23686355175313
5,50,67.82865923182575
5,51,68.3197233310651
5,52,71.93621039388448
5,53,72.36093123417268
5,54,75.34463323182219
5,55,75.80158135243899
5,56,78.92807338409574
5,57,79.51408879063959
5,58,78.53191750018048
5,59,78.33128968955072
5,60,81.5303114763517
5,61,83.34803658337941
5,62,82.41068561469622
5,63,83.4715474509069
5,64,86.88861468803836
5,65,87.36444214460555
5,66,87.49473221664965
5,67,88.86955953428532
5,68,85.86893379578792
5,69,83.69802871775534
5,70,85.748553925601
5,71,82.86220236765568
5,72,80.96631758009626
5,73,83.57649813817791
5,74,82.17135235666422
5,75,78.60553302532097
5,76,75.51728851208502
5,77,72.01490246995212
5,78,68.70588667536992
5,79,68.35074870879401
5,80,71.30585655656986
5,81,70.3919730824184
5,82,72.87459449465182
5,83,72.93493474905478
5,84,74.0421388044994
5,85,76.66241357211358
5,86,78.5090461292699
5,87,82.16132124715236
5,88,85.22377517255147
5,89,88.32409206296543
5,90,90.75653371250688
5,91,92.90384219365693
5,92,91.49891552870972
5,93,90.13817967550789
5,94,88.43530260373419
5,95,86.34916000053897
5,96,86.24159328413369
5,97,82.7631527325124
5,98,81.5152333435602
5,99,77.86836206786066
5,100,78.60780576357791
5,101,80.51117737387274
5,102,77.76581894764689
5,103,75.15367514463888
5,104,76.95865528611924
5,105,77.90570144142596
5,106,74.37354631149363
5,107,72.99664706310585
5,108,75.53285521080909
5,109,74.23240472381991
5,110,77.5200467949886
5,111,80.81839647428045
5,112,82.64120733228664
5,113,86.30182747723067
5,114,89.14065029133133
5,115,92.66992202307998
5,116,95.22484635996442
5,117,99.00587892859349
5,118,99.9841055371775
5,119,103.7611170424882
5,120,104.89798838742489
5,121,108.67837445832131
5,122,110.76683749868212
5,123,108.12573965348354
5,124,106.95071855475805
5,125,103.40916097697271
5,126,100.78653825832816
5,127,101.35485080237
5,128,99.65695130340536
5,129,98.91409777118584
5,130,98.51592876602624
5,131,95.34100188685382
5,132,93.83798596093554
5,133,94.88494950936517
5,134,93.96995459128149
5,135,94.98998399590796
5,136,97.90637863961015
5,137,99.6912357896782
5,138,98.93117616387848
5,139,96.70994280300985
5,140,94.80818342944056
5,141,91.75458698160637
5,142,91.54655438966616
5,143,90.87679750862699
5,144,93.5180087130596
5,145,97.31245250974291
5,146,99.40919355955103
5,147,102.74495187701903
5,148,105.84156795536951
5,149,109.56828925196251
5,150,111.56566262459022
5,151,115.2340814401097
5,152,115.90145047693446
5,153,114.10394368814485
5,154,110.57522832709822
5,155,110.84852754019641
5,156,108.68490765613488
5,157,106.04104915781414
5,158,104.88495027371438
5,159,102.60112468003129
5,160,100.27398257479769
5,161,97.30446098304357
5,162,95.86227796512945
5,163,92.3068221102093
5,164,92.69970243858853
5,165,89.16296271050719
5,166,86.07611630135109
5,167,84.15708710358591
5,168,84.48146030937781
5,169,86.45070561787276
5,170,85.77338042685778
5,171,88.91581091081572
5,172,88.969712509548
5,173,92.27629892613736
5,174,93.61336131875996
5,175,96.40315847300789
5,176,98.16222599827064
5,177,98.87850676713407
5,178,101.75225776900358
5,179,102.44619791214464
5,180,106.24590296827247
5,181,108.89705167896292
5,182,110.45853548117856
5,183,107.19563511094273
5,184,106.9893459087005
5,185,110.54829452011272
5,186,110.57137139354533
5,187,107.59695969780114
5,188,107.96976102824675
5,189,111.49659050325307
5,190,110.80341480511241
5,191,110.46306036590691
5,192,107.36810777063052
5,193,105.12426219653712
5,194,102.7882233409398
5,195,99.9576835203714
5,196,99.00701665022306
5,197,96.35153286887588
5,198,95.85852510673003
5,199,94.34283511104852
5,200,94.92579220603912
5,201,92.04198694435594
5,202,92.31591366816964
5,203,94.91004738228816
5,204,94.3481874066996
5,205,97.46026895090627
5,206,97.47676725892978
5,207,100.33052320686377
5,208,100.0967768415582
5,209,100.07941572611752
5,210,102.63441203197017
5,211,101.14147848225619
5,212,100.62966531449015
5,213,96.90804653133587
5,214,94.99568737204406
5,215,95.17756554022183
5,216,92.42569815864556
5,217,92.99830564641363
5,218,96.68456738182023
5,219,97.32203381370446
5,220,97.96414453185554
5,221,98.04726242441264
5,222,95.1101918692186
5,223,93.9532603109349
5,224,92.0052941394
5,225,89.71977074609212
5,226,89.31441906921678
5,227,87.7466245284185
5,228,88.51321175787942
5,229,86.62186947748349
5,230,88.86679969781177
5,231,87.31662429552375
5,232,88.52040763857256
5,233,91.99945811573862
5,234,92.79642013148828
5,235,95.20687635521355
5,236,95.23234766252415
5,237,98.47062560492924
5,238,99.27122681378229
5,239,102.27215547050389
5,240,103.4623048703599
5,241,106.66852389327116
5,242,105.0205322347768
5,243,101.85034890346539
5,244,99.84690086383486
5,245,97.11233441450901
5,246,96.89441043306326
5,247,94.01832266066798
5,248,94.37565052364995
5,249,92.10687632213474
5,250,88.81473931261448
5,251,85.11096027261408
5,252,82.8069235966155
5,253,80.26641312468621
5,254,76.81996784957688
5,255,73.6243325452623
5,256,70.24989375197941
5,257,67.42562073551078
5,258,69.59741776282058
5,259,69.38811861361245
5,260,70.235205051466
5,261,68.27428663038705
5,262,69.33935721010222
5,263,67.44167804151725
5,264,68.16369992792512
5,265,65.2462041934679
5,266,66.21952729220399
5,267,65.68567462514598
5,268,63.45533145940937
5,269,62.78961605605715
5,270,59.38784986685965
5,271,57.94316585959566
5,272,56.667088580062945
5,273,57.0279467221738
5,274,57.12286337009866
5,275,59.92106249923123
5,276,60.25415870786875
5,277,63.06142690120372
5,278,60.552373187852176
5,279,60.10055371364641
5,280,57.79441557411487
5,281,54.16427803862582
5,282,51.31900300482267
5,283,50.11799124311316
5,284,46.418014171204696
5,285,45.69939241914771
5,286,46.828205283306914
5,287,48.493813854693826
5,288,50.869172918795584
5,289,52.42307194674763
5,290,55.095157084108536
5,291,58.15453478576637
5,292,59.13533033705936
5,293,61.82812489083602
5,294,60.33378481540726
5,295,61.51108105904593
5,296,59.62334110125485
5,297,56.05807487492532
5,298,54.563522559668854
5,299,51.63412841156537
5,300,52.62776006203361
5,301,53.94309782990669
5,302,52.018410457264935
5,303,52.4816323533015
5,304,48.94712008174115
5,305,48.46072894264647
5,306,44.70005141729588
5,307,42.28882077720075
5,308,38.66241834835968
5,309,36.79422212173396
5,310,33.01171837161167
5,311,31.446967880071906
5,312,27.764254132375072
5,313,25.275345629771994
5,314,25.201506397028037
5,315,24.508306132524467
5,316,22.08569816282382
5,317,21.935167170410523
5,318,19.539082345593123
6,1,13.934581560575348
6,2,13.916181817689992
6,3,10.291150400721554
6,4,6.779864222812198
6,5,3.8179751173582126
6,7,3.8141068391698014
6,8,6.832016920855524
6,9,10.086570746180003
6,10,13.607804836878634
6,11,16.098847932956804
6,12,18.899978547577277
6,13,22.2349349158686
6,14,24.403960644105737
6,15,27.453560034597544
6,16,27.27823794288268
6,17,30.14783718059206
6,18,31.682733297421006
6,19,32.46739308122565
6,20,34.17211305744442
6,21,33.379248423814026
6,22,35.39462979977801
6,23,34.35998348560675
6,24,33.50171798451819
6,25,35.80704545748179
6,26,33.057836968542
6,27,29.325492568993123
6,28,27.422804117766656
6,29,25.844630424513664
6,30,24.572189909924223
6,31,27.707082617684094
6,32,30.94674507019908
6,33,34.15115063570191
6,34,37.73105855231408
6,35,39.73412619309053
6,36,43.139187650711264
6,37,45.333142793212325
6,38,47.219785841452186
6,39,48.7296006709255
6,40,51.45180665470921
6,41,53.096504023407725
6,42,56.47435345278355
6,43,58.00910018749031
6,44,58.91770039475234
6,45,57.90734835709863
6,46,60.822352059430095
6,47,58.70182732633754
6,48,58.24614503508797
6,49,60.72034943854526
6,50,64.33563468222738
6,51,64.91041040726826
6,52,68.55377405526608
6,53,69.07801517970145
6,54,72.08217528981024
6,55,72.63526115891005
6,56,75.79188834879106
6,57,76.29019266723685
6,58,75.27557491751207
6,59,74.98241834240778
6,60,78.18768337173593
6,61,80.04530435301739
6,62,79.04766544289625
6,63,80.0494081503963
6,64,83.49912825258826
6,65,83.99426972134452
6,66,84.2067509564882
6,67,85.60073791115694
6,68,82.64936257012042
6,69,80.40623524531688
6,70,82.40311266238106
6,71,79.51590590322495
6,72,77.57016707896601
6,73,80.12157327891465
6,74,78.64898919559165
6,75,75.1091918991722
6,76,71.98287409270023
6,77,68.50326320124152
6,78,65.17464870162587
6,79,64.90364410975097
6,80,67.91758177534044
6,81,67.10269113810763
6,82,69.65369647549419
6,83,69.82208310305461
6,84,71.02791513799805
6,85,73.66949284560636
6,86,75.41732578264889
6,87,79.07693743318755
6,88,82.081781691218
6,89,85.19352163460331
6,90,87.56051884244785
6,91,89.70168342606785
6,92,88.34133795959757
6,93,86.92246690160972
6,94,85.21831665513399
6,95,83.06937800592672
6,96,82.96909184625216
6,97,79.46882523275133
6,98,78.22631325041557
6,99,74.57042467541082
6,100,75.22988404697635
6,101,77.09972598724418
6,102,74.38371286759482
6,103,71.73050903738985
6,104,73.46244007103768
6,105,74.41195763048893
6,106,70.90174026441751
6,107,69.46344534078843
6,108,71.9542804257521
6,109,70.67640762488372
6,110,73.96084831300823
6,111,77.2925427532916
6,112,79.0637546008525
6,113,82.73138551569171
6,114,85.53182851535762
6,115,89.08070076925178
6,116,91.60858797419264
6,117,95.38860467724169
6,118,96.39586193872125
6,119,100.17900691408805
6,120,101.36143469665039
6,121,105.13779073776676
6,122,107.26940433584295
6,123,104.66718288949541
6,124,103.52298316276915
6,125,99.96945998247304
6,126,97.38306385371384
6,127,98.00973470161729
6,128,96.37128837211311
6,129,95.70313825388625
6,130,95.37656987962725
6,131,92.21668690739902
6,132,90.64371652727357
6,133,91.70340602467417
6,134,90.73408637215385
6,135,91.79653144969627
6,136,94.76579352997503
6,137,96.50443675830653
6,138,95.71730887744813
6,139,93.43435157268246
6,140,91.49795927458088
6,141,88.40288605540317
6,142,88.14025122032093
6,143,87.41959516724302
6,144,90.08421959093847
6,145,93.87456006812013
6,146,96.0224659879268
6,147,99.33250828930943
6,148,102.46590661147486
6,149,106.18292709314213
6,150,108.14632472406949
6,151,111.82546235130289
6,152,112.52565717087205
6,153,110.69458584547004
6,154,107.15413851915282
6,155,107.38037193058929
6,156,105.20315833319242
6,157,102.5266396106411
6,158,101.32861585060795
6,159,99.01217839191054
6,160,96.65114165300683
6,161,93.66398432398796
6,162,92.18722557878652
6,163,88.61769873610766
6,164,88.97314905406343
6,165,85.43256828031338
6,166,82.33391088334167
6,167,80.44736092348568
6,168,80.81507143422554
6,169,82.8171011687584
6,170,82.19553745991497
6,171,85.37115476990057
6,172,85.48825989551337
6,173,88.8260348226254
6,174,90.22720332809146
6,175,93.05976891657478
6,176,94.87229212128794
6,177,95.65657824644205
6,178,98.56856242557917
6,179,99.34241300611284
6,180,103.14104835845247
6,181,105.74551115808539
6,182,107.30051600512343
6,183,104.01466797281319
6,184,103.75765934105871
6,185,107.2926022577786
6,186,107.3196368688264
6,187,104.30193636694422
6,188,104.63362793182914
6,189,108.17656055244778
6,190,107.47897423645257
6,191,107.19951675405304
6,192,104.08619692349299
6,193,101.78942502639212
6,194,99.41511415976687
6,195,96.54234031899706
6,196,95.54775970817619
6,197,92.84913716865366
6,198,92.31923525889985
6,199,90.75733725230863
6,200,91.32420166755871
6,201,88.47320393963014
6,202,88.79318938054844
6,203,91.42276350408595
6,204,90.9075991809147
6,205,94.0576198398293
6,206,94.12871561285172
6,207,97.02893652294692
6,208,96.83289178942329
6,209,96.89426592636839
6,210,99.48517872910328
6,211,98.06729112639246
6,212,97.6149156378185
6,213,93.90563792108476
6,214,92.05879167035322
6,215,92.2283829314327
6,216,89.42823033333501
6,217,89.99048213663875
6,218,93.69490902722208
6,219,94.27077893785061
6,220,94.92096338040197
6,221,94.9166789060243
6,222,91.93028778891502
6,223,90.69402842742153
6,224,88.71758018187974
6,225,86.3695088951514
6,226,85.908298541569
6,227,84.27493339365668
6,228,84.98554221710772
6,229,83.04194923019158
6,230,85.24222767065605
6,231,83.65489024278524
6,232,84.81666318879817
6,233,88.29197906736341
6,234,89.12931589997609
6,235,91.5590906780491
6,236,91.62644209547803
6,237,94.89043999140893
6,238,95.7355260675653
6,239,98.76659471438396
6,240,100.00684211958216
6,241,103.24360961738675
6,242,101.6387982608253
6,243,98.50072957356541
6,244,96.4401995232202
6,245,93.70791701691351
6,246,93.42497988134699
6,247,90.51387395637262
6,248,90.84549007242231
6,249,88.53168113192031
6,250,85.22495628468405
6,251,81.52866147318439
6,252,79.17939684339393
6,253,76.63890593287788
6,254,73.16901495001719
6,255,69.97252704048786
6,256,66.602181007453
6,257,63.819281488806844
6,258,66.04730134164855
6,259,65.9157377642148
6,260,66.85120252469696
6,261,64.97924939447253
6,262,66.15280802295705
6,263,64.31499491144695
6,264,65.12920517256204
6,265,62.189004754118244
6,266,63.14424503704701
6,267,62.50361946530998
6,268,60.28435711607132
6,269,59.55499457323355
6,270,56.10069229680711
6,271,54.546579259694205
6,272,53.2541135519304
6,273,53.532304879688354
6,274,53.70341752194415
6,275,56.58059627142465
6,276,57.01586174837971
6,277,59.911386712954474
6,278,57.49336953991348
6,279,56.95122708467031
6,280,54.545086381088915
6,281,50.91125759021999
6,282,47.98148843728584
6,283,46.68225164907452
6,284,42.973359117622884
6,285,42.3221086799323
6,286,43.41424420810153
6,287,45.21429210512508
6,288,47.67869237513793
6,289,49.38394852800413
6,290,52.044739183537516
6,291,55.04912331124242
6,292,55.96321763055386
6,293,58.59108336993078
6,294,56.99931506387262
6,295,58.079741003588786
6,296,56.1103228726431
6,297,52.5150959765824
6,298,51.11506591952751
6,299,48.236355273988835
6,300,49.28207043718709
6,301,50.730464008558315
6,302,48.92577687382935
6,303,49.5629051578177
6,304,46.08646828220301
6,305,45.64705895258956
6,306,41.85662717161435
6,307,39.332767880335226
6,308,35.69992198804037
6,309,33.638068175964634
6,310,29.88544946498162
6,311,28.155412813366357
6,312,24.549903096401998
6,313,22.19054905899595
6,314,22.505095852177682
6,315,22.090410412427232
6,316,20.086729831926878
6,317,20.317698377393516
6,318,18.446815324384286
7,1,17.065037859336243
7,2,17.26816678545982
7,3,13.57901026950959
7,4,10.133892404147515
7,5,6.539921732432761
7,6,3.8141068391698014
7,8,3.7964898889903145
7,9,6.568712267861162
7,10,10.249763161337135
7,11,12.865598947337734
7,12,15.456178459476599
7,13,18.910097347586735
7,14,21.080713542633063
7,15,23.990217794882454
7,16,23.702875634546018
7,17,26.521472970284325
7,18,27.957422571098025
7,19,28.794625455004564
7,20,30.506397419383386
7,21,29.812819797465156
7,22,31.906265091727853
7,23,30.800821199073013
7,24,29.8091536867221
7,25,32.05319908881432
7,26,29.271985410186172
7,27,25.55223104407171
7,28,23.656707344406204
7,29,22.19655802199471
7,30,21.086439906519566
7,31,24.35018236784215
7,32,27.581837740128428
7,33,30.904440732308206
7,34,34.407965871868335
7,35,36.460705791893815
7,36,39.7940229732535
7,37,42.07399953580923
7,38,43.855930601880985
7,39,45.46220600136081
7,40,48.29377734190974
7,41,50.05081957789554
7,42,53.35509114147961
7,43,55.0196438726956
7,44,55.984917817793246
7,45,55.13752209266399
7,46,58.14774825126984
7,47,56.146587961098575
7,48,55.73956309128793
7,49,58.09291071776829
7,50,61.70133409194263
7,51,62.13330617056121
7,52,65.7347125021717
7,53,66.16316184878345
7,54,69.09028047350084
7,55,69.6115201574411
7,56,72.70156645185428
7,57,73.21645333826335
7,58,72.15758153971223
7,59,71.94017240102913
7,60,75.1037585308859
7,61,76.96826891071818
7,62,76.08035744548876
7,63,77.10067385326181
7,64,80.50337947833691
7,65,81.04444898400051
7,66,81.18121704526403
7,67,82.63318786920834
7,68,79.67223340752689
7,69,77.46300703809695
7,70,79.55856676461813
7,71,76.74000580916635
7,72,74.77049673869068
7,73,77.37913530407404
7,74,75.99434607677111
7,75,72.42979759330288
7,76,69.32331793614071
7,77,65.78717754447845
7,78,62.4452096717866
7,79,62.03112480697874
7,80,64.97239211017401
7,81,64.06578290191113
7,82,66.52168571140996
7,83,66.6372293505991
7,84,67.74181861814343
7,85,70.4292463241401
7,86,72.21615476664685
7,87,75.85091526364658
7,88,78.88051882839386
7,89,82.02331210218011
7,90,84.41491201284856
7,91,86.51049380394706
7,92,85.07301252840386
7,93,83.6727370037319
7,94,81.93678779393697
7,95,79.83597981681844
7,96,79.70821151232656
7,97,76.22765966714817
7,98,74.99486560819135
7,99,71.3426295069596
7,100,72.08805256953538
7,101,74.01583224703406
7,102,71.28198236865994
7,103,68.66394103515127
7,104,70.50197703404768
7,105,71.48330679408103
7,106,67.95490424889738
7,107,66.58749524800935
7,108,69.18013444950279
7,109,67.92001468470272
7,110,71.24844853811884
7,111,74.5356508636094
7,112,76.42184578536828
7,113,80.05625701412183
7,114,82.92954488008378
7,115,86.44201546997554
7,116,88.98023693963908
7,117,92.76254932851242
7,118,93.67121620676392
7,119,97.44283629045482
7,120,98.5304618002675
7,121,102.31071517553526
7,122,104.37479716065948
7,123,101.72719790889148
7,124,100.58288590193453
7,125,97.06086836503397
7,126,94.46128139078944
7,127,94.99632340329578
7,128,93.32444701856262
7,129,92.5821605138794
7,130,92.23571043663621
7,131,89.03128455548307
7,132,87.53854680472274
7,133,88.65945254128775
7,134,87.78669920972067
7,135,88.89387292922132
7,136,91.8214218548957
7,137,93.52846984005409
7,138,92.68893923118627
7,139,90.43819707835065
7,140,88.47927283174073
7,141,85.40816208155158
7,142,85.2515205661501
7,143,84.5413349611439
7,144,87.13588798357668
7,145,90.93522836769414
7,146,93.00343608624149
7,147,96.32871714335216
7,148,99.41386927606948
7,149,103.13706678109307
7,150,105.16835835993498
7,151,108.8351672122882
7,152,109.46392330786745
7,153,107.64961049928243
7,154,104.11428851092971
7,155,104.38872744102584
7,156,102.21487704942601
7,157,99.59834877077819
7,158,98.46280024190071
7,159,96.21869684685205
7,160,93.92277479934259
7,161,90.98864529057573
7,162,89.58882372979325
7,163,86.06154817945233
7,164,86.54156157937496
7,165,83.02743750361905
7,166,79.96159698481742
7,167,77.96233528417629
7,168,78.19592715796419
7,169,80.13063243974717
7,170,79.3921745176622
7,171,82.51058906460854
7,172,82.53449207457123
7,173,85.82040471635352
7,174,87.13098865549505
7,175,89.90292176089216
7,176,91.67315851084761
7,177,92.37752183840641
7,178,95.26888402774982
7,179,95.9765636116812
7,180,99.77309806699337
7,181,102.403840108573
7,182,103.98938679770644
7,183,100.73598116219864
7,184,100.4998995247623
7,185,104.0612371304923
7,186,104.1178023220081
7,187,101.14375676980426
7,188,101.4910150186872
7,189,105.00791983997172
7,190,104.29145343328899
7,191,103.9405621116209
7,192,100.8382518686072
7,193,98.60252223335898
7,194,96.26681734974544
7,195,93.45078988145664
7,196,92.51213171802424
7,197,89.88157094510157
7,198,89.41387675949781
7,199,87.94294318287922
7,200,88.56068875820647
7,201,85.65396005613249
7,202,85.87426863282198
7,203,88.43747862667945
7,204,87.84566572820128
7,205,90.94297575488223
7,206,90.94610167838488
7,207,93.79432655753334
7,208,93.56766254593684
7,209,93.55453745501624
7,210,96.12453874714534
7,211,94.65064213324243
7,212,94.17351998383545
7,213,90.45862514325677
7,214,88.5893564689622
7,215,88.80433386793159
7,216,86.05439375634316
7,217,86.67560660620993
7,218,90.36250719937478
7,219,90.9384268178501
7,220,91.54087963616529
7,221,91.59238524342028
7,222,88.63665546817248
7,223,87.47051802684935
7,224,85.49766091147903
7,225,83.22325173702191
7,226,82.81339193745625
7,227,81.27145084498753
7,228,82.06409446309962
7,229,80.21635399493539
7,230,82.51070362326479
7,231,81.01577707708935
7,232,82.29828344221839
7,233,85.78756095722306
7,234,86.50484239061107
7,235,88.88084862000925
7,236,88.8546469205703
7,237,92.06335579415021
7,238,92.83192719070004
7,239,95.80745579321557
7,240,96.97656453191702
7,241,100.17303047509868
7,242,98.52521490221719
7,243,95.35731552627476
7,244,93.37073871876568
7,245,90.66030885444503
7,246,90.46977753324008
7,247,87.62594947800845
7,248,88.04560706157389
7,249,85.79535977367354
7,250,82.49306007487793
7,251,78.79400733864068
7,252,76.53776226731758
7,253,73.95760976666752
7,254,70.5463605341952
7,255,67.33042360510709
7,256,63.97029287337254
7,257,61.11011680152259
7,258,63.25328409456572
7,259,62.974068582398964
7,260,63.809723954241
7,261,61.848512914719194
7,262,62.93057050191555
7,263,61.105244469040265
7,264,61.92424502554631
7,265,59.062749956770055
7,266,60.14493764164958
7,267,59.63310686389197
7,268,57.5307119280861
7,269,56.97297797963053
7,270,53.52222462179138
7,271,51.99188590447428
7,272,50.55116703794583
7,273,50.81631601968162
7,274,50.799114268931035
7,275,53.58158195999674
7,276,53.86263962821564
7,277,56.69161883238043
7,278,54.249852257630955
7,279,53.851513171649145
7,280,51.55374339798911
7,281,47.8858565499857
7,282,45.07377941256326
7,283,43.79408294536209
7,284,40.132018291187876
7,285,39.28284907866988
7,286,40.34651394392928
7,287,41.97691946582622
7,288,44.38272216514202
7,289,45.96389771556029
7,290,48.6823385941318
7,291,51.692155989711104
7,292,52.62055854914318
7,293,55.33048944301459
7,294,53.86628060885463
7,295,55.093470976464445
7,296,53.26827249174111
7,297,49.713762077456835
7,298,48.142268331034884
7,299,45.161281314064766
7,300,46.10498981146198
7,301,47.41182932395698
7,302,45.494747858306425
7,303,46.01210539880098
7,304,42.50525425485382
7,305,42.07850402424174
7,306,38.302556698432
7,307,35.813734284624246
7,308,32.197890060801576
7,309,30.268492024060624
7,310,26.49042012605069
7,311,24.97929491063646
7,312,21.284806252851933
7,313,18.747308430570662
7,314,18.820171864239022
7,315,18.366866735405974
7,316,16.303258632750776
7,317,16.705439636302827
7,318,15.08745577904966
8,1,20.627405545411015
8,2,20.691714580265756
8,3,16.987127848676796
8,4,13.563488420453652
8,5,10.152452524765339
8,6,6.832016920855524
8,7,3.7964898889903145
8,9,3.7830114504164802
8,10,7.2663448148543655
8,11,10.451159693478985
8,12,13.386132144804131
8,13,17.03812928513333
8,14,19.6822915900484
8,15,22.21140661567254
8,16,21.4243309590437
8,17,23.963954509886847
8,18,25.33229259071476
8,19,25.84643326096693
8,20,27.500178380609345
8,21,26.68646184277558
8,22,28.814951247885976
8,23,28.003133349920354
8,24,27.1355121306295
8,25,29.40448956809427
8,26,26.72024788877839
8,27,22.938560152597137
8,28,21.170214030977494
8,29,19.359920651927776
8,30,18.32714011990193
8,31,21.41152473577163
8,32,24.464909856735638
8,33,27.702428954618206
8,34,31.221316086757035
8,35,33.09595666276353
8,36,36.51456230768563
8,37,38.84567825621213
8,38,40.78156186770835
8,39,42.47834717520715
8,40,45.275909328335125
8,41,47.130248094604156
8,42,50.40976163843639
8,43,52.00392102734559
8,44,52.82574097312455
8,45,51.962991780636045
8,46,54.930487153757156
8,47,52.867701685743604
8,48,52.37256554922815
8,49,54.67052388139708
8,50,58.31048512301704
8,51,58.79515965012088
8,52,62.412419651075474
8,53,62.93062068922167
8,54,65.84315222057307
8,55,66.4761126540535
8,56,69.56779634623386
8,57,69.9742696862619
8,58,68.84211957604127
8,59,68.53535294101025
8,60,71.67857074102004
8,61,73.61011007115552
8,62,72.70141465269444
8,63,73.64152680353455
8,64,77.06515072324113
8,65,77.66448526232426
8,66,77.8754742402217
8,67,79.38541850365682
8,68,76.48604101711398
8,69,74.19857618421494
8,70,76.27044932283178
8,71,73.48483359601876
8,72,71.43543225802978
8,73,73.98727857410896
8,74,72.54522478976551
8,75,69.00871176010017
8,76,65.85367679034348
8,77,62.324214845488235
8,78,58.942576101209745
8,79,58.58141562648847
8,80,61.57046036506705
8,81,60.756412838097575
8,82,63.2503872439055
8,83,63.48281860273354
8,84,64.65389668163908
8,85,67.39580669602807
8,86,69.07674439076071
8,87,72.70389486942801
8,88,75.67032667318158
8,89,78.84667502087159
8,90,81.16411324569539
8,91,83.22069550186413
8,92,81.79172733094529
8,93,80.31752125268083
8,94,78.54802201309674
8,95,76.38190666788044
8,96,76.22542649796803
8,97,72.71832763131118
8,98,71.52285145202596
8,99,67.85342841992157
8,100,68.5238024943223
8,101,70.45712367826393
8,102,67.76901958233489
8,103,65.09792795995216
8,104,66.88485867853618
8,105,67.90894538820018
8,106,64.40867968210819
8,107,62.973659657767655
8,108,65.55704862315405
8,109,64.35660946290177
8,110,67.70771059494386
8,111,71.02569256031366
8,112,72.89031811389381
8,113,76.51812804246089
8,114,79.36543826959341
8,115,82.89213804538616
8,116,85.38771231583574
8,117,89.16978191044488
8,118,90.07070210233789
8,119,93.84674507167774
8,120,94.95452589491886
8,121,98.73026590346328
8,122,100.82525869513175
8,123,98.21341535361667
8,124,97.11975663557222
8,125,93.5987040644971
8,126,91.0467659636593
8,127,91.61345114710443
8,128,90.00704673190648
8,129,89.323970641557
8,130,89.06123837668511
8,131,85.85130670761926
8,132,84.3135326171445
8,133,85.48463331479373
8,134,84.59112391262741
8,135,85.77361039675753
8,136,88.74635104892641
8,137,90.37981125299409
8,138,89.4790026213276
8,139,87.16387660286837
8,140,85.14457385563033
8,141,82.0280900959427
8,142,81.85256849841284
8,143,81.07043647134685
8,144,83.65776633279802
8,145,87.45640692155047
8,146,89.55314784937464
8,147,92.84702063110605
8,148,95.95760356339589
8,149,99.66935939074403
8,150,101.69362116181111
8,151,105.36928581788897
8,152,106.00002594031128
8,153,104.14089267101772
8,154,100.58789076838647
8,155,100.81246505426756
8,156,98.60803651738583
8,157,95.98151227050403
8,158,94.80582376766941
8,159,92.55664086770383
8,160,90.23290988596308
8,161,87.30545962718041
8,162,85.87527269028591
8,163,82.3448250527781
8,164,82.82000286154532
8,165,79.31790708993405
8,166,76.23354669752115
8,167,74.24547262551108
8,168,74.48333228734913
8,169,76.45267260466426
8,170,75.74558611406349
8,171,78.88947044801604
8,172,78.96464791954872
8,173,82.26640630405706
8,174,83.61705372339965
8,175,86.41001068573982
8,176,88.23821625682965
8,177,88.98154158193164
8,178,91.91771641578093
8,179,92.68920922817676
8,180,96.48118460952576
8,181,99.0618132945807
8,182,100.66792095718093
8,183,97.40818594457093
8,184,97.10873610224714
8,185,100.65452160419773
8,186,100.74375172217742
8,187,97.73637972162278
8,188,98.02726858694088
8,189,101.54832610192754
8,190,100.80152889652561
8,191,100.48581423281533
8,192,97.35619815612881
8,193,95.0879437193238
8,194,92.71059235623883
8,195,89.87109034226947
8,196,88.88526704268493
8,197,86.23278004900124
8,198,85.72444654882815
8,199,84.2222055112635
8,200,84.81346078947968
8,201,81.91371310629586
8,202,82.1674142103287
8,203,84.75917645501754
8,204,84.21081257080124
8,205,87.33532790502828
8,206,87.39117567644578
8,207,90.27651629309099
8,208,90.10131623574154
8,209,90.14863402810083
8,210,92.76316480468053
8,211,91.3541506648151
8,212,90.9477614941612
8,213,87.24717557052719
8,214,85.45368739574354
8,215,85.69198259692637
8,216,82.91738100176634
8,217,83.56678839728225
8,218,87.26399707668024
8,219,87.75776389130299
8,220,88.33310392424889
8,221,88.30356937574348
8,222,85.2985530973853
8,223,84.06625731284649
8,224,82.0441570557253
8,225,79.72794957129291
8,226,79.25413936920151
8,227,77.66627724570799
8,228,78.40777329240817
8,229,76.52614469047575
8,230,78.79563066222006
8,231,77.27240949500705
8,232,78.54926820884549
8,233,82.02846780077198
8,234,82.7546254944794
8,235,85.15318256331156
8,236,85.15842459703502
8,237,88.3758519723253
8,238,89.18384100365134
8,239,92.16903341027437
8,240,93.38118713114699
8,241,96.6025532910829
8,242,95.00195455937086
8,243,91.86707453584988
8,244,89.8432091548662
8,245,87.15767840724163
8,246,86.92384476931541
8,247,84.06705264077596
8,248,84.50206458417644
8,249,82.2112967436638
8,250,78.882675599069
8,251,75.19630793781309
8,252,72.91229848019015
8,253,70.29981812861055
8,254,66.87847093359456
8,255,63.63806414067009
8,256,60.29988187243888
8,257,57.47546692476117
8,258,59.673481285184984
8,259,59.43027891014012
8,260,60.34790911223857
8,261,58.46674606976091
8,262,59.6481249844179
8,263,57.91932912843305
8,264,58.865281395603155
8,265,56.022673036006005
8,266,57.147821465815646
8,267,56.56239685875476
8,268,54.53104665068418
8,269,53.966124945092524
8,270,50.45299617014042
8,271,48.785198561958204
8,272,47.25220776713014
8,273,47.382364909587885
8,274,47.37623063196065
8,275,50.22285096243687
8,276,50.55638734622752
8,277,53.468315074659834
8,278,51.14113149175305
8,279,50.70887553903389
8,280,48.33636207791542
8,281,44.64621265781353
8,282,41.7809979971574
8,283,40.35611546441947
8,284,36.71114933623693
8,285,35.836039058978876
8,286,36.790774199000815
8,287,38.517386313033235
8,288,41.0357855228989
8,289,42.74713823054411
8,290,45.50192403615887
8,291,48.42639863004625
8,292,49.24676866495067
8,293,51.931366680803585
8,294,50.41479268764698
8,295,51.59021303936845
8,296,49.72307522965443
8,297,46.13910143581056
8,298,44.61595532560101
8,299,41.63881677145024
8,300,42.5647358826342
8,301,43.98111031297352
8,302,42.13946604375187
8,303,42.81278000211529
8,304,39.37812504885371
8,305,39.06273497505226
8,306,35.26612982324891
8,307,32.626008154651856
8,308,29.036294375440374
8,309,26.897996271541103
8,310,23.155033759748406
8,311,21.57462170272778
8,312,17.94955452560943
8,313,15.439596122097027
8,314,15.923736553118285
8,315,15.955276201817119
8,316,14.47018868438125
8,317,15.527632235736071
8,318,14.77320158199653
9,1,23.36092588742443
9,2,23.79571279481027
9,3,20.13781702948004
9,4,16.620289222139128
9,5,13.066716212858294
9,6,10.086570746180003
9,7,6.568712267861162
9,8,3.7830114504164802
9,10,3.7825085623151997
9,11,6.940678239578588
9,12,9.659581995607777
9,13,13.36602722954298
9,14,16.064169872747257
9,15,18.466233914250388
9,16,17.64679157847139
9,17,20.24289559089279
9,18,21.71832945760117
9,19,22.432047075408686
9,20,24.312923880631267
9,21,23.831780454834544
9,22,26.243320863820358
9,23,25.437430386932157
9,24,24.22677315595902
9,25,26.232437386780255
9,26,23.366486385403448
9,27,19.589860614847513
9,28,17.58222589201975
9,29,15.779536037641781
9,30,14.665687209011685
9,31,17.880401708373327
9,32,21.037141068952423
9,33,24.385037926528934
9,34,27.858831538796384
9,35,29.913704315376027
9,36,33.22810300896568
9,37,35.537476105187096
9,38,37.32758846101483
9,39,39.010925751766074
9,40,41.88376793141887
9,41,43.76115591709383
9,42,47.0025462724959
9,43,48.71539518889506
9,44,49.65742217131206
9,45,48.93246803148627
9,46,52.00373527523503
9,47,50.095127220269426
9,48,49.71553944786212
9,49,51.943238190629756
9,50,55.54354737839965
9,51,55.86408986668451
9,52,59.432407667944446
9,53,59.8145423099286
9,54,62.68291399946939
9,55,63.222631056910295
9,56,66.27171415791337
9,57,66.75885967525596
9,58,65.6593346652822
9,59,65.4715007876213
9,60,68.61260409301318
9,61,70.48337973976945
9,62,69.65647172186725
9,63,70.68300064957634
9,64,74.05640236921849
9,65,74.62939233305764
9,66,74.73300759847686
9,67,76.23586854237188
9,68,73.29021233566809
9,69,71.07883919210758
9,70,73.23599520422897
9,71,70.48062331721576
9,72,68.47288079090198
9,73,71.11339084346952
9,74,69.79503252168897
9,75,66.21577844660625
9,76,63.12587135756521
9,77,59.54677138940345
9,78,56.19817286523646
9,79,55.674369055511775
9,80,58.566242695852836
9,81,57.616562311806454
9,82,60.02677352915799
9,83,60.15021119721733
9,84,61.23513862760008
9,85,63.96455607741993
9,86,65.72586356562917
9,87,69.34635116688716
9,88,72.36633841362193
9,89,75.5334556695083
9,90,77.91458064059401
9,91,79.98125198714641
9,92,78.51898890734547
9,93,77.11955898265587
9,94,75.38311924466244
9,95,73.3055760394997
9,96,73.19885048298337
9,97,69.73808520347382
9,98,68.47400171100243
9,99,64.83295226057314
9,100,65.63532553803375
9,101,67.56253907915627
9,102,64.80124638169389
9,103,62.22183342319947
9,104,64.13059910894708
9,105,65.10194129767457
9,106,61.55594949363625
9,107,60.25849463640551
9,108,62.91934365485214
9,109,61.65300183397515
9,110,65.008425626219
9,111,68.25458276515374
9,112,70.23353921793658
9,113,73.83776100999626
9,114,76.77315612698914
9,115,80.24976912461109
9,116,82.80329067288775
9,117,86.58482369761228
9,118,87.41832661671633
9,119,91.17805260417971
9,120,92.19422724770267
9,121,95.97689805343134
9,122,97.99040474721001
9,123,95.31040991148768
9,124,94.16204775077917
9,125,90.66032193887823
9,126,88.0553588787761
9,127,88.5384234747646
9,128,86.85854771527798
9,129,86.09085473866998
9,130,85.75980453990363
9,131,82.5324322857814
9,132,81.06541678131357
9,133,82.23735911447385
9,134,81.41808196052948
9,135,82.58445401608816
9,136,85.5023277412889
9,137,87.15716469703523
9,138,86.26299628229368
9,139,84.01284136745952
9,140,82.02712184247883
9,141,78.96394672834708
9,142,78.8724153190005
9,143,78.16534943943142
9,144,80.71504097401565
9,145,84.5184049092704
9,146,86.54023007179045
9,147,89.87483840883154
9,148,92.93336365134041
9,149,96.65978933405816
9,150,98.72537312658845
9,151,102.38424417055634
9,152,102.97807239465855
9,153,101.17917093735204
9,154,97.65166640850299
9,155,97.96585796399569
9,156,95.81330953574603
9,157,93.2273138660573
9,158,92.15237059775492
9,159,89.9514883602551
9,160,87.72167148596176
9,161,84.81940078049588
9,162,83.50818787295574
9,163,80.0219218586592
9,164,80.61957335223963
9,165,77.12317758175226
9,166,74.11565621641813
9,167,71.99513591270262
9,168,72.10873220428444
9,169,73.95746447415065
9,170,73.11715587638395
9,171,76.18346884693135
9,172,76.13240235101654
9,173,79.38660771415694
9,174,80.64782285537305
9,175,83.39595087444086
9,176,85.13961248255247
9,177,85.82491111145028
9,178,88.70708265505448
9,179,89.40810228144852
9,180,93.20489567414826
9,181,95.84016269715735
9,182,97.42426191745015
9,183,94.17563167562459
9,184,93.94753137329563
9,185,97.5150859735757
9,186,97.57580125809062
9,187,94.61693792582547
9,188,94.97663206882397
9,189,98.48541187115696
9,190,97.77718027019394
9,191,97.40894914202386
9,192,94.32265452522059
9,193,92.103636106619
9,194,89.80113678946768
9,195,87.00764995056682
9,196,86.12527083272313
9,197,83.53134040009296
9,198,83.13815673683342
9,199,81.74996925363658
9,200,82.45442555366735
9,201,79.53050789304586
9,202,79.64955147826645
9,203,82.14708676666888
9,204,81.47788130889604
9,205,84.54169490170861
9,206,84.48740980465806
9,207,87.30935684255722
9,208,87.04501846746275
9,209,87.01439601472634
9,210,89.56922043015311
9,211,88.09148803856988
9,212,87.61137550979483
9,213,83.89734446039975
9,214,82.03792462163524
9,215,82.2568690770853
9,216,79.50624662527221
9,217,80.15106059505527
9,218,83.83647753721041
9,219,84.38727528698938
9,220,84.97671002576159
9,221,85.02622553191235
9,222,82.07471408159135
9,223,80.92683899279157
9,224,78.9671345724412
9,225,76.72059184362944
9,226,76.3555814704375
9,227,74.87042158482159
9,228,75.73811504246434
9,229,73.97060073639715
9,230,76.34600753004298
9,231,74.95663524790595
9,232,76.3400886352026
9,233,79.85695184197724
9,234,80.46431575623396
9,235,82.76250584953549
9,236,82.637908969463
9,237,85.80671041964982
9,238,86.49904945331363
9,239,89.44498703250918
9,240,90.55567481672439
9,241,93.72374170482483
9,242,92.03919024212381
9,243,88.85124966057556
9,244,86.89995540697797
9,245,84.19080379203069
9,246,84.05544462948973
9,247,81.25409498203328
9,248,81.72764707023478
9,249,79.53361282120436
9,250,76.24566233149207
9,251,72.5428345301482
9,252,70.37214448457841
9,253,67.77986356907392
9,254,64.42621527828669
9,255,61.217985968259484
9,256,57.85372052471231
9,257,54.91370855068279
9,258,56.96758548854585
9,259,56.58100342212638
9,260,57.34632294803967
9,261,55.340338540152246
9,262,56.39362467439184
9,263,54.59697032448925
9,264,55.46597309325082
9,265,52.65647638431553
9,266,53.8394715220739
9,267,53.385747936905354
9,268,51.411802860997945
9,269,50.99902424649597
9,270,47.53026477974301
9,271,45.97248050310352
9,272,44.37182056021256
9,273,44.60128433230371
9,274,44.433391186162886
9,275,47.15420282688651
9,276,47.354524606990786
9,277,50.16918571303706
9,278,47.753975706943415
9,279,47.41973288333594
9,280,45.16778601568096
9,281,41.47308696387911
9,282,38.73582452130035
9,283,37.45137664667379
9,284,33.83672230765466
9,285,32.84290038748659
9,286,33.921625513426356
9,287,35.460529662407474
9,288,37.82626520931419
9,289,39.39685815108722
9,290,42.12412278936551
9,291,45.124360776315775
9,292,46.06920422189045
9,293,48.78479920170413
9,294,47.36529395692375
9,295,48.67212004184736
9,296,46.951867760882614
9,297,43.44150144486803
9,298,41.74164077911343
9,299,38.7105399201314
9,300,39.64333311677213
9,301,40.88712647055773
9,302,38.98591716363706
9,303,39.52630797017962
9,304,36.02096797301988
9,305,35.5704857667269
9,306,31.78325873282968
9,307,29.282443408733677
9,308,25.649170764505943
9,309,23.73172804446304
9,310,19.94731301564794
9,311,18.489555019039305
9,312,14.756470580546655
9,313,12.234938700778523
9,314,12.531819409712723
9,315,12.258803755433389
9,316,10.939405805942366
9,317,12.056345710075783
9,318,11.803303788785314
10,1,26.72131997952679
10,2,27.33888220248528
10,3,23.74148681470623
10,4,20.14060988181447
10,5,16.67552840514029
10,6,13.607804836878634
10,7,10.249763161337135
10,8,7.2663448148543655
10,9,3.7825085623151997
10,11,3.774742643698819
10,12,6.782082164252316
10,13,10.45162550935427
10,14,13.611755857582729
10,15,15.621722161591405
10,16,14.467672971880573
10,17,16.947321141293774
10,18,18.651973496696037
10,19,19.324782733461674
10,20,21.476797418576748
10,21,21.280140428599317
10,22,24.00958773055554
10,23,23.532752630162463
10,24,22.103915320927705
10,25,23.790504162963295
10,26,20.81452121533766
10,27,17.049647025606042
10,28,14.806803349099352
10,29,12.553695114753307
10,30,11.11693790668016
10,31,14.178234859159621
10,32,17.35613076884376
10,33,20.65545400602189
10,34,24.16951498546246
10,35,26.289777876143607
10,36,29.60129729518262
10,37,31.82631751695749
10,38,33.64359215725698
10,39,35.27813370359052
10,40,38.11950319561335
10,41,39.99367763084336
10,42,43.23967200895304
10,43,44.93560553390078
10,44,45.87796661589742
10,45,45.17112066800077
10,46,48.264396010244646
10,47,46.402056736757196
10,48,46.06556004438963
10,49,48.27357387206132
10,50,51.85514028539941
10,51,52.12877438659623
10,52,55.68608115270166
10,53,56.04306923167777
10,54,58.915331246878225
10,55,59.44415481197008
10,56,62.501074722620196
10,57,62.999565429237045
10,58,61.92932406033157
10,59,61.762935056705814
10,60,64.92576639531852
10,61,66.76009386968178
10,62,65.92525290148457
10,63,66.99016689228513
10,64,70.3569242434735
10,65,70.89688705349784
10,66,70.98249667970042
10,67,72.46711997762296
10,68,69.51328008214952
10,69,67.31244281120547
10,70,69.47638080261216
10,71,66.72144497218287
10,72,64.72962639236093
10,73,67.39506006575522
10,74,66.11724144837152
10,75,62.52200781275556
10,76,59.46175219721884
10,77,55.87046439276756
10,78,52.545794744425315
10,79,51.977156882221536
10,80,54.84503566362119
10,81,53.868485739735625
10,82,56.2859475380722
10,83,56.40081690896241
10,84,57.51597007559573
10,85,60.22711201973269
10,86,61.980554619628116
10,87,65.61052733901765
10,88,68.63258497259262
10,89,71.78485535910893
10,90,74.17343562599659
10,91,76.26621717760958
10,92,74.83592602207192
10,93,73.46334902782006
10,94,71.7745066599215
10,95,69.72154828019131
10,96,69.68433406055317
10,97,66.24739785795285
10,98,64.91120814121295
10,99,61.29179221642622
10,100,62.13394068719694
10,101,64.00364001534808
10,102,61.19509766129576
10,103,58.66508583464611
10,104,60.59982288493701
10,105,61.50364844279392
10,106,57.933007502682884
10,107,56.70220525291866
10,108,59.36627346667499
10,109,58.03933551827517
10,110,61.379199232848165
10,111,64.59579109277121
10,112,66.60680615546369
10,113,70.20722884483266
10,114,73.17554548099483
10,115,76.63128912893227
10,116,79.2211925106973
10,117,83.00143486673814
10,118,83.8286898132745
10,119,87.58183005391265
10,120,88.57732584141101
10,121,92.36327271699273
10,122,94.35329920956072
10,123,91.65020634374441
10,124,90.46769263713821
10,125,86.96308876405526
10,126,84.33478883407668
10,127,84.8133159381849
10,128,83.11476773312428
10,129,82.34574015487205
10,130,82.0044704745854
10,131,78.78931592849723
10,132,77.30958226650085
10,133,78.46510043942988
10,134,77.6411924965814
10,135,78.80248885613767
10,136,81.72013977909691
10,137,83.37754774985653
10,138,82.49330871301272
10,139,80.25137822288659
10,140,78.28465430039007
10,141,75.23540499184737
10,142,75.14503674136779
10,143,74.47375679236345
10,144,77.03253350650732
10,145,80.83476643004133
10,146,82.85114756504265
10,147,86.203129999699
10,148,89.25577085385203
10,149,92.98812943911685
10,150,95.04310852381002
10,151,98.69820089401573
10,152,99.30804488634878
10,153,97.53947478359115
10,154,94.02708811830419
10,155,94.37877618378108
10,156,92.26780092073982
10,157,89.67405989058605
10,158,88.64535756621696
10,159,86.43945257159857
10,160,84.25340332287158
10,161,81.34124600389931
10,162,80.09426612774757
10,163,76.62474561585726
10,164,77.26855846648367
10,165,73.7635913885379
10,166,70.81243521677506
10,167,68.62627226154004
10,168,68.7003005066702
10,169,70.47738563647108
10,170,69.59013164871335
10,171,72.62586822539649
10,172,72.53075323997062
10,173,75.78172950234841
10,174,77.0368340869619
10,175,79.79641342429956
10,176,81.51010077938467
10,177,82.21957906273558
10,178,85.08254430694734
10,179,85.79720763789679
10,180,89.59860835756639
10,181,92.24494354208744
10,182,93.78863319205432
10,183,90.5211948058317
10,184,90.32101469696657
10,185,93.88238495068292
10,186,93.90406897855979
10,187,90.94514017820691
10,188,91.33931015108642
10,189,94.85834572681837
10,190,94.19440427032774
10,191,93.84641583933318
10,192,90.78671201402841
10,193,88.55406085878653
10,194,86.28417913425213
10,195,83.48298989344157
10,196,82.65100729566207
10,197,80.05659537830455
10,198,79.72828309749049
10,199,78.38472686823165
10,200,79.1719698325925
10,201,76.27104734587452
10,202,76.32795454782021
10,203,78.78281092454425
10,204,78.05633399420573
10,205,81.1079019874462
10,206,81.009346549432
10,207,83.82204031462034
10,208,83.5066006682825
10,209,83.48500471837322
10,210,86.01301606569753
10,211,84.5432249429257
10,212,84.04088837483546
10,213,80.32535295250405
10,214,78.45568624672227
10,215,78.62552568866161
10,216,75.84309358947306
10,217,76.44937647945159
10,218,80.14291107192491
10,219,80.70804064809253
10,220,81.33876219251727
10,221,81.38224032128603
10,222,78.43703389720518
10,223,77.28799695017467
10,224,75.37051486358317
10,225,73.1179028979963
10,226,72.80221390782197
10,227,71.33522101963337
10,228,72.25701425851715
10,229,70.52754477832245
10,230,72.93956278743998
10,231,71.62150485659657
10,232,73.03287615016536
10,233,76.58007865046976
10,234,77.14567338694539
10,235,79.37786700051622
10,236,79.1900978085695
10,237,82.35158493910214
10,238,82.99016421732337
10,239,85.94164338921911
10,240,87.01494600724874
10,241,90.16784438417768
10,242,88.44658478462229
10,243,85.23989765251548
10,244,83.28996589084852
10,245,80.5483346087607
10,246,80.42742977584909
10,247,77.62824418322184
10,248,78.08515863347527
10,249,75.93035018744584
10,250,72.67095716944355
10,251,68.95661861597533
10,252,66.82959170107596
10,253,64.27466757418651
10,254,60.94788492927464
10,255,57.78032229392731
10,256,54.38607024948305
10,257,51.387908346290615
10,258,53.370386841649
10,259,52.95707690086294
10,260,53.673911248187146
10,261,51.64393854380643
10,262,52.68715683869272
10,263,50.85901214502709
10,264,51.71580933578609
10,265,48.88825296928741
10,266,50.0615722564098
10,267,49.60707611484036
10,268,47.651551862263325
10,269,47.276419069042475
10,270,43.811067624486626
10,271,42.27229716632729
10,272,40.64837648334521
10,273,40.92393510077431
10,274,40.72681295069554
10,275,43.420254251273036
10,276,43.63025817068956
10,277,46.44220374788307
10,278,44.01636731385202
10,279,43.64821777971086
10,280,41.39508446380461
10,281,37.706061961215106
10,282,34.98212966572244
10,283,33.75943488272715
10,284,30.145005082758228
10,285,29.1701387494653
10,286,30.37393538645186
10,287,31.90337108838121
10,288,34.20254204388976
10,289,35.80712778215241
10,290,38.46297694945395
10,291,41.49688092912178
10,292,42.51635846783152
10,293,45.17267484086367
10,294,43.719494313071245
10,295,45.02319734332413
10,296,43.329583978317885
10,297,39.85410646763546
10,298,38.11628145015266
10,299,35.11531213206639
10,300,36.15092905993059
10,301,37.38442076811283
10,302,35.578229995722275
10,303,36.17885595016131
10,304,32.67043951165687
10,305,32.10168712086817
10,306,28.30317864957814
10,307,25.850813590704714
10,308,22.163515072134587
10,309,20.249650728053457
10,310,16.475020457362998
10,311,14.85110026333462
10,312,11.12323482484151
10,313,8.949605141395972
10,314,9.753417303112496
10,315,9.479026881122566
10,316,9.20979200848914
10,317,10.617035302152388
10,318,11.412816722843903
11,1,28.354379020630525
11,2,29.408450065897476
11,3,25.973831979484007
11,4,22.275580380036356
11,5,18.924068179102743
11,6,16.098847932956804
11,7,12.865598947337734
11,8,10.451159693478985
11,9,6.940678239578588
11,10,3.774742643698819
11,12,3.7981089151403964
11,13,7.04341748398355
11,14,10.3987359856978
11,15,12.560154187695758
11,16,11.831326238514709
11,17,14.709801309635017
11,18,17.020989317284336
11,19,18.202639300745535
11,20,20.892375390641227
11,21,21.35350481959091
11,22,24.478719888203056
11,23,24.10388081060141
11,24,22.174627577622395
11,25,23.279576855256632
11,26,19.986594016874676
11,27,16.406000824541444
11,28,13.530579362404113
11,29,11.193553390405375
11,30,8.853996013443183
11,31,11.878105091345642
11,32,15.41700731256211
11,33,18.676916060001382
11,34,22.206320843013508
11,35,24.721923317143254
11,36,27.857514840541228
11,37,29.797681316880908
11,38,31.41934545222168
11,39,32.78214281747494
11,40,35.58832952100812
11,41,37.27217782745515
11,42,40.57649974319709
11,43,42.32525975575093
11,44,43.480003300587356
11,45,42.802144450540816
11,46,45.97830383289502
11,47,44.27761005789597
11,48,44.145993886979504
11,49,46.41728370428662
11,50,49.90864685663657
11,51,50.042090191162366
11,52,53.554552023438944
11,53,53.74722738935613
11,54,56.655511363362685
11,55,57.0032748381023
11,56,60.078428961371955
11,57,60.75331561981112
11,58,59.852384112285186
11,59,59.843554878260264
11,60,63.07431513735471
11,61,64.74136191766421
11,62,63.90701814128019
11,63,65.15161063560855
11,64,68.47700735818265
11,65,68.86650565610861
11,66,68.82434542696869
11,67,70.18232487189671
11,68,67.12983530232522
11,69,65.05897281197527
11,70,67.25169863043573
11,71,64.44323721927427
11,72,62.602471175716595
11,73,65.38190435902621
11,74,64.24810960798534
11,75,60.59412206486923
11,76,57.6609541757278
11,77,54.055989746925505
11,78,50.84484482677414
11,79,50.14336860021179
11,80,52.9004897907184
11,81,51.75535625341064
11,82,54.13911914582156
11,83,54.07252937017922
11,84,55.15832911036707
11,85,57.74360333877915
11,86,59.630540406951866
11,87,63.287385979809265
11,88,66.39674855781632
11,89,69.4648821024398
11,90,71.96667948207877
11,91,74.16591714349983
11,92,72.79428255199907
11,93,71.57470933260173
11,94,70.02671953550797
11,95,68.10775707027459
11,96,68.23935538667028
11,97,64.88796770639841
11,98,63.37218804480988
11,99,59.825593516124215
11,100,60.830146834007095
11,101,62.575277748358296
11,102,59.627469469323664
11,103,57.26444644236933
11,104,59.29557763526494
11,105,60.01013132007675
11,106,56.368335116820475
11,107,55.34685228943671
11,108,58.00473335850394
11,109,56.48462338233096
11,110,59.74785511719974
11,111,62.866799940260236
11,112,64.94419742250146
11,113,68.54537110606603
11,114,71.59313155660998
11,115,74.99143982481468
11,116,77.70027239363947
11,117,81.47278334697376
11,118,82.31218684848933
11,119,86.0439802437731
11,120,86.98647829488128
11,121,90.77923205639313
11,122,92.69165460757084
11,123,89.90733422400261
11,124,88.59516037461691
11,125,85.08385442257301
11,126,82.35221042964184
11,127,82.79036040868964
11,128,80.97293497689905
11,129,80.12923660237877
11,130,79.65436877106569
11,131,76.47843683585762
11,132,75.02995082989824
11,133,76.07452732876044
11,134,75.25889383505827
11,135,76.29671555009307
11,136,79.15383408708732
11,137,80.92327449308081
11,138,80.15139804811065
11,139,78.01296430827752
11,140,76.17134324619603
11,141,73.21224561100257
11,142,73.1355670502482
11,143,72.6299860331945
11,144,75.22123731767832
11,145,79.01539313440189
11,146,80.99038370905582
11,147,84.41064906850067
11,148,87.42015497056303
11,149,91.17376265601479
11,150,93.20828000681846
11,151,96.84237686883581
11,152,97.48676033423875
11,153,95.83340692634987
11,154,92.37554204827077
11,155,92.8555751342331
11,156,90.86252384814362
11,157,88.26425392330796
11,158,87.36554265140424
11,159,85.15110298394383
11,160,83.07494888118148
11,161,80.13340829132909
11,162,79.03274475312348
11,163,75.59704543149189
11,164,76.30972958781813
11,165,72.77538973789171
11,166,69.94939679561622
11,167,67.65384368519916
11,168,67.67241262635922
11,169,69.28090338591853
11,170,68.28605870266459
11,171,71.23370389884442
11,172,71.00208617120622
11,173,74.2262101684024
11,174,75.42487971481036
11,175,78.17921050172352
11,176,79.76144633277539
11,177,80.4696820329952
11,178,83.23446685853172
11,179,83.89258652251257
11,180,87.70435864208308
11,181,90.43348221399144
11,182,91.87075391820922
11,183,88.57762072887628
11,184,88.51275464699856
11,185,92.07694368328055
11,186,91.9798000707248
11,187,89.06434777905577
11,188,89.59559107672922
11,189,93.1264748475555
11,190,92.58642415962122
11,191,92.23591321906429
11,192,89.26353905658462
11,193,87.04641756817459
11,194,84.89005521712124
11,195,82.10435464526371
11,196,81.42043197421089
11,197,78.85058421648239
11,198,78.68461398884385
11,199,77.45230637251707
11,200,78.41228459494424
11,201,75.55553467497514
11,202,75.47195546751277
11,203,77.81708060749568
11,204,76.94206132585708
11,205,79.93599597868217
11,206,79.69583720400755
11,207,82.4430974615476
11,208,81.97022722229205
11,209,81.89090159782471
11,210,84.3083561199615
11,211,82.77196906353606
11,212,82.13499747184333
11,213,78.40218895305607
11,214,76.41269390732131
11,215,76.45439446290774
11,216,73.64565747559001
11,217,74.1329239616953
11,218,77.8252906222656
11,219,78.53201714552617
11,220,79.28130119323085
11,221,79.42024386709011
11,222,76.55564393087414
11,223,75.48969731374767
11,224,73.72003341757596
11,225,71.50922603439408
11,226,71.36469338264438
11,227,69.98430835053802
11,228,71.05941395574918
11,229,69.4341737485717
11,230,71.92597041573977
11,231,70.76154141684702
11,232,72.20891969055887
11,233,75.81430721328238
11,234,76.31077221945479
11,235,78.39976352070018
11,236,78.07108795899077
11,237,81.20988869364864
11,238,81.70875134508512
11,239,84.65961035385007
11,240,85.6154976191693
11,241,88.70808737009926
11,242,86.86467575921041
11,243,83.58748234046385
11,244,81.68456923572315
11,245,78.85152381081983
11,246,78.8041152736381
11,247,76.02198550504158
11,248,76.41440223640438
11,249,74.38067927163415
11,250,71.21428576959994
11,251,67.46954331812994
11,252,65.44986628013919
11,253,63.019194808386466
11,254,59.753883327172744
11,255,56.70565714159285
11,256,53.23671258294443
11,257,50.10813937689026
11,258,51.89037268865399
11,259,51.403194221041396
11,260,51.92630372198639
11,261,49.75603831836818
11,262,50.64435340209873
11,263,48.615794559217356
11,264,49.2542834970084
11,265,46.35564593686753
11,266,47.42111456799674
11,267,47.05633237041347
11,268,45.007358525614556
11,269,44.68362990377847
11,270,41.32340175193639
11,271,40.0326234989821
11,272,38.54383896345676
11,273,39.116447159371894
11,274,38.887455652434724
11,275,41.43665112188141
11,276,41.61149958323367
11,277,44.29145545288633
11,278,41.67996971291015
11,279,41.276042733910536
11,280,39.12492674982939
11,281,35.50397887253705
11,282,32.87992632216164
11,283,32.012110980626694
11,284,28.389728554619637
11,285,27.55314261687852
11,286,29.156682211546936
11,287,30.534619765072506
11,288,32.520386808507645
11,289,33.990678717220966
11,290,36.42800315025882
11,291,39.64172864087852
11,292,40.95595459261457
11,293,43.514119374899785
11,294,42.06375367067698
11,295,43.40617314564258
11,296,41.805575329712916
11,297,38.4502521508125
11,298,36.61649381771212
11,299,33.710095982770575
11,300,34.97061127645944
11,301,36.03330017634843
11,302,34.31739614232053
11,303,34.799754270377086
11,304,31.204857009102923
11,305,30.23758739215669
11,306,26.481425937627822
11,307,24.401184456545078
11,308,20.62489229602642
11,309,19.10609136728788
11,310,15.422127650747692
11,311,13.614440321749168
11,312,10.036832684583468
11,313,8.799868255585293
11,314,9.567235710799554
11,315,8.157017353431833
11,316,8.533684927294358
11,317,9.020395115097312
11,318,10.159595725793247
12,1,30.610457780050876
12,2,31.830753454507327
12,3,28.421466859819926
12,4,24.804335789354482
12,5,21.344348975152638
12,6,18.899978547577277
12,7,15.456178459476599
12,8,13.386132144804131
12,9,9.659581995607777
12,10,6.782082164252316
12,11,3.7981089151403964
12,13,3.7944451846368925
12,14,6.895787673927949
12,15,8.950099125008476
12,16,8.525623270504479
12,17,11.754617357598645
12,18,14.16939205957159
12,19,15.951233777142448
12,20,18.877441271111024
12,21,19.87014703478234
12,22,23.171103083864878
12,23,22.549965637465235
12,24,20.15044267126586
12,25,20.84608119138712
12,26,17.323220771382978
12,27,13.96435965463038
12,28,10.693433495538166
12,29,8.984849321438636
12,30,6.698625408763417
12,31,10.154888288991598
12,32,13.804581018028056
12,33,17.282294579243317
12,34,20.52601050986099
12,35,23.345954055759297
12,36,26.164437854644003
12,37,28.12279201113048
12,38,29.358256941614826
12,39,30.74745824288889
12,40,33.74378095963184
12,41,35.49181489748537
12,42,38.67266959677397
12,43,40.6903704018807
12,44,42.07881354044328
12,45,41.6913092938153
12,46,45.03068112526575
12,47,43.61429656595519
12,48,43.66195265075768
12,49,45.766757140182456
12,50,49.16898480302109
12,51,49.0182616915783
12,52,52.41744043263536
12,53,52.366879871460036
12,54,55.15739612990426
12,55,55.34045523419609
12,56,58.303531237390715
12,57,59.11115694679024
12,58,58.23206137489235
12,59,58.429624242114855
12,60,61.610779017582395
12,61,63.20255419639226
12,62,62.54746943946667
12,63,63.902226897056295
12,64,67.1227609655145
12,65,67.50919745958457
12,66,67.28276139817538
12,67,68.65647767091079
12,68,65.54035333813871
12,69,63.6061551565941
12,70,65.95495482451778
12,71,63.22772062641666
12,72,61.44514514493493
12,73,64.35239393253309
12,74,63.41701950035276
12,75,59.72129187644691
12,76,56.895175997684596
12,77,53.22867856831072
12,78,50.07551663169766
12,79,49.0994151680066
12,80,51.66785755289011
12,81,50.2900538463815
12,82,52.47911759690666
12,83,52.2109430225628
12,84,53.08231624538647
12,85,55.665677600001416
12,86,57.707910316684625
12,87,61.32676884137055
12,88,64.52505071554491
12,89,67.59085657646214
12,90,70.19427010509436
12,91,72.36905543058076
12,92,70.89526105940035
12,93,69.78553463209515
12,94,68.2461835267763
12,95,66.4732056716208
12,96,66.61750992722054
12,97,63.34140156455548
12,98,61.78428895431726
12,99,58.28416534295922
12,100,59.494440770555244
12,101,61.287512470106115
12,102,58.26972960246689
12,103,56.041304549996475
12,104,58.27000096815458
12,105,58.96165435521336
12,106,55.283496462626324
12,107,54.461218052095965
12,108,57.2537182802424
12,109,55.69501584258639
12,110,58.96863915148534
12,111,61.963393449606805
12,112,64.21968010563796
12,113,67.75678257286405
12,114,70.92156672173061
12,115,74.23240032132584
12,116,76.99179569860729
12,117,80.7499328119687
12,118,81.45826002387058
12,119,85.15421633368514
12,120,85.94188701016077
12,121,89.73276621521379
12,122,91.51456803199429
12,123,88.63770094594634
12,124,87.27221971469892
12,125,83.81206475120531
12,126,81.01984839814153
12,127,81.30040146314572
12,128,79.37510232527417
12,129,78.37504810156967
12,130,77.79147888455574
12,131,74.56980871459322
12,132,73.27630072375776
12,133,74.35095024203974
12,134,73.69143764124166
12,135,74.71606934682526
12,136,77.4639227647902
12,137,79.25441879082227
12,138,78.47238280070444
12,139,76.44783116613688
12,140,74.64352980219219
12,141,71.7755377404854
12,142,71.86562396337816
12,143,71.45574130925274
12,144,73.94860530091297
12,145,77.74138100399604
12,146,79.57219624313699
12,147,83.03754736341493
12,148,85.94800479163037
12,149,89.71298538477963
12,150,91.8367774661047
12,151,95.43672455071236
12,152,95.98775001792195
12,153,94.41037685466091
12,154,90.98822634132544
12,155,91.58831420879612
12,156,89.64574121862181
12,157,87.14184144157173
12,158,86.37991885755979
12,159,84.27291022113558
12,160,82.3300705632492
12,161,79.46323869160943
12,162,78.51697456107956
12,163,75.16348885762226
12,164,76.05598383865198
12,165,72.56523248772841
12,166,69.8345369443397
12,167,67.3745469840116
12,168,67.19479225269117
12,169,68.64751963031456
12,170,67.4539840010725
12,171,70.27331652041238
12,172,69.85173857570737
12,173,72.97417061007083
12,174,74.00352303260422
12,175,76.6492369327484
12,176,78.10444787752462
12,177,78.67246736497296
12,178,81.35431226754773
12,179,81.86527586058307
12,180,85.67376557714168
12,181,88.48445881637427
12,182,89.92822060617132
12,183,86.68415622775157
12,184,86.71583281311254
12,185,90.32115675877323
12,186,90.22125421001786
12,187,87.40137767356669
12,188,88.01549354493993
12,189,91.50324592034171
12,190,90.98100025180854
12,191,90.50984079187992
12,192,87.59213172052586
12,193,85.48780232736752
12,194,83.43813258029239
12,195,80.75654138583047
12,196,80.21014503682288
12,197,77.76179024834966
12,198,77.73812430861646
12,199,76.6758996041526
12,200,77.74857587591714
12,201,74.83183000330708
12,202,74.56486498082651
12,203,76.7705670641805
12,204,75.736776342996
12,205,78.6192563344404
12,206,78.22410839500887
12,207,80.85519932711134
12,208,80.27682845485226
12,209,80.04247329546756
12,210,82.37554953075336
12,211,80.70715657618562
12,212,79.96271609731119
12,213,76.2138067081375
12,214,74.11991934539579
12,215,74.18510733255218
12,216,71.463966884438
12,217,71.99297872663415
12,218,75.64719060829967
12,219,76.43601089614337
12,220,77.15767546601717
12,221,77.44855614430558
12,222,74.68176070349965
12,223,73.77866574918615
12,224,72.08040169504902
12,225,70.01762029553704
12,226,70.02230858195894
12,227,68.82434930571011
12,228,70.07294584397799
12,229,68.63159219686464
12,230,71.27197755577251
12,231,70.28681735281113
12,232,71.90095534778094
12,233,75.52114554376568
12,234,75.83499226217971
12,235,77.80175253162099
12,236,77.30170209052841
12,237,80.34243840842797
12,238,80.68407524579119
12,239,83.54264907199973
12,240,84.34882211582543
12,241,87.35086152832426
12,242,85.3995152048415
12,243,82.05401993917853
12,244,80.29231124578028
12,245,77.46463047573037
12,246,77.58893399364011
12,247,74.92264781225809
12,248,75.41484148010898
12,249,73.52708805046983
12,250,70.41616197015729
12,251,66.67371364890317
12,252,64.83563865777667
12,253,62.40844450948757
12,254,59.26863857523386
12,255,56.25560385838226
12,256,52.80588909575159
12,257,49.54701363914594
12,258,51.10900761549339
12,259,50.36344066074839
12,260,50.63411077069847
12,261,48.25490054895121
12,262,48.89128810775132
12,263,46.781246602916994
12,264,47.28603331588703
12,265,44.500732311241386
12,266,45.71131261781163
12,267,45.62820514710768
12,268,43.71544822992207
12,269,43.686197932793426
12,270,40.44217390902776
12,271,39.35909822630464
12,272,37.746452851031854
12,273,38.446535378500506
12,274,37.89714070292439
12,275,40.18082176678693
12,276,40.053112810750456
12,277,42.513194243041966
12,278,39.75333051176902
12,279,39.61126110460687
12,280,37.74198410894706
12,281,34.13949133283265
12,282,31.82741248378865
12,283,31.2001512142874
12,284,27.736331269218546
12,285,26.609408768860202
12,286,28.300702243782172
12,287,29.23528581186713
12,288,30.92145955789159
12,289,32.02176308257051
12,290,34.45860157860526
12,291,37.76582173575041
12,292,39.243352267045644
12,293,41.911947809614276
12,294,40.71992929516468
12,295,42.33094182766482
12,296,41.02924282059971
12,297,37.83522699845562
12,298,35.694027029626504
12,299,32.68005263954513
12,300,33.81126182147972
12,301,34.49830476093866
12,302,32.57568465821761
12,303,32.700880304450656
12,304,28.99972578103328
12,305,27.859151260556988
12,306,24.184934322685795
12,307,22.436313865211762
12,308,18.710573924857602
12,309,17.834574053367355
12,310,14.268359355325003
12,311,13.136504504769423
12,312,9.741236886686318
12,313,8.589099334205082
12,314,8.193174264519195
12,315,5.49662374125849
12,316,6.084748559180396
12,317,5.999911436755481
12,318,8.082111460279068
13,1,33.2712952678114
13,2,34.77034775819681
13,3,31.495394209803322
13,4,27.867052071052523
13,5,24.519152223711032
13,6,22.2349349158686
13,7,18.910097347586735
13,8,17.03812928513333
13,9,13.36602722954298
13,10,10.45162550935427
13,11,7.04341748398355
13,12,3.7944451846368925
13,14,3.814219151732529
13,15,5.739228238531156
13,16,6.278861359932109
13,17,9.914463529369032
13,18,12.968883025772353
13,19,15.339110962171514
13,20,18.699066593468768
13,21,20.377084100878708
13,22,23.923974627792305
13,23,23.420837490083027
13,24,20.604862018177457
13,25,20.603074715701503
13,26,16.904736333204085
13,27,14.070909904558622
13,28,10.385668091752141
13,29,9.028092902549401
13,30,6.16542327658086
13,31,8.931830510968318
13,32,12.609007288970421
13,33,15.853273272332983
13,34,18.86484922957201
13,35,22.06977811907717
13,36,24.546393170801093
13,37,26.17984946568739
13,38,27.097075593757136
13,39,28.202401845287998
13,40,31.18205713730396
13,41,32.75290335363445
13,42,35.928315983390966
13,43,38.052892950789904
13,44,39.68584998235777
13,45,39.40904704815316
13,46,42.840654963371
13,47,41.65783206851781
13,48,41.932805440392485
13,49,44.02588319089033
13,50,47.29896470707189
13,51,46.95131397016841
13,52,50.26063774427382
13,53,50.00451251411263
13,54,52.78354809117572
13,55,52.76709049893242
13,56,55.70808547708447
13,57,56.69828827008075
13,58,55.97729421337669
13,59,56.360417534520344
13,60,59.5764826383778
13,61,60.99757805270256
13,62,60.386433303212876
13,63,61.91800857935151
13,64,65.06638584879583
13,65,65.32011656440721
13,66,64.9414678548121
13,67,66.2056101389303
13,68,62.999036084337554
13,69,61.21531743354908
13,70,63.61878659146748
13,71,60.87589507907151
13,72,59.24352879076644
13,73,62.268596972041856
13,74,61.50968727668424
13,75,57.76998757099409
13,76,55.09461669053182
13,77,51.42203535550707
13,78,48.40369573132569
13,79,47.24855956901269
13,80,49.6553134620024
13,81,48.07927545625968
13,82,50.17995574667859
13,83,49.70376919550698
13,84,50.49718555455694
13,85,52.95711127410785
13,86,55.14509831565312
13,87,58.76717307717369
13,88,62.05156100023528
13,89,65.03422179299608
13,90,67.75122794501227
13,91,70.00815300376607
13,92,68.56931024612548
13,93,67.62050875632823
13,94,66.21371525732354
13,95,64.59585833477261
13,96,64.89418731862462
13,97,61.72366980642709
13,98,60.00294195461894
13,99,56.595056533007494
13,100,57.98712621717198
13,101,59.66901907006484
13,102,56.52699399599366
13,103,54.48947935697844
13,104,56.8339116650968
13,105,57.34911967385605
13,106,53.62047956572565
13,107,53.034237100462114
13,108,55.835104507686324
13,109,54.10807557433533
13,110,57.29927835559637
13,111,60.16454922624124
13,112,62.51152617127457
13,113,66.01870500081017
13,114,69.26753299691053
13,115,72.4968065640741
13,116,75.36035587072655
13,117,79.0972503119064
13,118,79.78347615921047
13,119,83.44328937240613
13,120,84.14908141933103
13,121,87.93664419943859
13,122,89.61983460817764
13,123,86.65940527486867
13,124,85.17423018442021
13,125,81.72717341800214
13,126,78.83964821220127
13,127,79.05011386275658
13,128,77.00361267312935
13,129,75.9079222233884
13,130,75.1876266424874
13,131,71.9968656601659
13,132,70.76634881669358
13,133,71.75004700880875
13,134,71.13483337026734
13,135,72.05024730509847
13,136,74.71629456480856
13,137,76.60199842436602
13,138,75.91410561026242
13,139,74.00757816856917
13,140,72.32323115473207
13,141,69.56123194729385
13,142,69.70103311228225
13,143,69.45695532803741
13,144,71.94776525496577
13,145,75.72243717451235
13,146,77.48127826794554
13,147,81.00689257032667
13,148,83.85267031562756
13,149,87.63063515080485
13,150,89.75150447233607
13,151,93.31976182300282
13,152,93.88008406153831
13,153,92.42024972906364
13,154,89.05913480127347
13,155,89.79371080593677
13,156,87.96808004646032
13,157,85.48551109065417
13,158,84.86685641437069
13,159,82.78090554164766
13,160,80.96733805653686
13,161,78.10040529609272
13,162,77.31755498411613
13,163,74.02339114365223
13,164,75.01297814618351
13,165,71.52079420979715
13,166,68.93049571674601
13,167,66.34951851708001
13,168,66.0770735293621
13,169,67.3422535259168
13,170,66.01560011637322
13,171,68.7183221089333
13,172,68.13750823181448
13,173,71.20365352360537
13,174,72.14475036914375
13,175,74.75599877999457
13,176,76.06605003705539
13,177,76.60454265728883
13,178,79.17743363130002
13,179,79.61027428297183
13,180,83.41968564059819
13,181,86.31276097120316
13,182,87.6613029258355
13,183,84.40970275720801
13,184,84.57826151959863
13,185,88.18681553334093
13,186,87.98293819980354
13,187,85.22497903611907
13,188,85.97363809413405
13,189,89.45637094116785
13,190,89.04695039662438
13,191,88.55204348013694
13,192,85.72769954934664
13,193,83.6628939287088
13,194,81.7389135177135
13,195,79.09835784288964
13,196,78.71128553276002
13,197,76.31642580724872
13,198,76.46447997625127
13,199,75.53834296770268
13,200,76.7817339686515
13,201,73.90222278224854
13,202,73.47574718213934
13,203,75.54903909136716
13,204,74.35604681061228
13,205,77.15658326906113
13,206,76.60720148291432
13,207,79.1508583809707
13,208,78.41415058206667
13,209,78.10076919157869
13,210,80.31436932968911
13,211,78.56724333322359
13,212,77.68539235144452
13,213,73.9267080103724
13,214,71.71211014745482
13,215,71.666320221879
13,216,68.94380752559371
13,217,69.37422345482044
13,218,73.01244882911462
13,219,73.9397041550702
13,220,74.75966632596872
13,221,75.1626141222444
13,222,72.49274233582533
13,223,71.69751681062736
13,224,70.14979444877066
13,225,68.16051886158132
13,226,68.34743383323048
13,227,67.26831681961384
13,228,68.68348576559124
13,229,67.37864703972168
13,230,70.10984540927362
13,231,69.30140588443305
13,232,70.97696169059542
13,233,74.63629867007626
13,234,74.84914300093669
13,235,76.6584300040957
13,236,76.00079340669635
13,237,78.99115617100749
13,238,79.1770072874929
13,239,82.00792390118022
13,240,82.67889880708634
13,241,85.6027390040216
13,242,83.52758449358161
13,243,80.11473075168698
13,244,78.42717980185877
13,245,75.528395099484
13,246,75.75288556510374
13,247,73.1347862825126
13,248,73.5924150898422
13,249,71.84838573747234
13,250,68.8414396541995
13,251,65.08834851029222
13,252,63.39384643993548
13,253,61.08645706676943
13,254,58.04648637974381
13,255,55.163648677680655
13,256,51.677663818204906
13,257,48.29906356411859
13,258,49.61992898522723
13,259,48.75284964058781
13,260,48.789519999909935
13,261,46.25151605256489
13,262,46.68531583463292
13,263,44.386180624737136
13,264,44.65772466116903
13,265,41.8507466320849
13,266,42.99550144066014
13,267,43.068207537715836
13,268,41.12544084586067
13,269,41.229302031696704
13,270,38.1372183029381
13,271,37.34239803359717
13,272,35.828684931136394
13,273,36.81923863922144
13,274,36.16080595653424
13,275,38.21800296560808
13,276,37.98299267752125
13,277,40.246040397102
13,278,37.29914114603092
13,279,37.191084673752364
13,280,35.50868918606699
13,281,32.01630808350257
13,282,29.920387915823866
13,283,29.70029021158119
13,284,26.351065346287964
13,285,25.30026098381082
13,286,27.34610677069673
13,287,28.00781715199356
13,288,29.28465816403173
13,289,30.148861993239944
13,290,32.33619615778775
13,291,35.80017036855642
13,292,37.57844950147704
13,293,40.14972206618519
13,294,39.0308928701383
13,295,40.72448093617383
13,296,39.59475736589988
13,297,36.58963611367924
13,298,34.314901157364254
13,299,31.41197740282961
13,300,32.703447778117194
13,301,33.13516685134734
13,302,31.29053914972284
13,303,31.22862283466262
13,304,27.489120279673376
13,305,25.922257844970254
13,306,22.394925665401786
13,307,21.172766162405523
13,308,17.527262147013154
13,309,17.27844843573744
13,310,14.125512922355217
13,311,13.123959186723075
13,312,10.470517766432769
13,313,10.407902678978916
13,314,9.914558236779605
13,315,6.669899822014033
13,316,8.011735679585046
13,317,6.863471679710506
13,318,9.221029563570553
14,1,34.51021108750899
14,2,36.23034471444309
14,3,33.079413606042905
14,4,29.57232943696501
14,5,26.2570669937338
14,6,24.403960644105737
14,7,21.080713542633063
14,8,19.6822915900484
14,9,16.064169872747257
14,10,13.611755857582729
14,11,10.3987359856978
14,12,6.895787673927949
14,13,3.814219151732529
14,15,3.833771662950763
14,16,6.535324886451586
14,17,10.241802660784824
14,18,13.165738339073696
14,19,16.231790720216644
14,20,19.612311599922403
14,21,21.72607398075241
14,22,25.23935545508785
14,23,24.380937495452976
14,24,21.19752425548324
14,25,20.771719497042373
14,26,16.973022104342213
14,27,14.684752620244785
14,28,10.956867358176387
14,29,10.839044091157433
14,30,8.743551750856465
14,31,11.146193204147282
14,32,14.440845624409349
14,33,17.550399644885466
14,34,20.064232406682375
14,35,23.503095605644326
14,36,25.515187030939206
14,37,27.020593709884764
14,38,27.414325742704236
14,39,28.38844069045455
14,40,31.473596382619814
14,41,32.955833331524126
14,42,35.98126144491658
14,43,38.36392460373862
14,44,40.30328617967653
14,45,40.28981971848978
14,46,43.840550935182506
14,47,42.967791773004095
14,48,43.46201698982027
14,49,45.43616296966806
14,50,48.56355725749115
14,51,47.9381647705692
14,52,51.09829370507985
14,53,50.56029668412023
14,54,53.2254045162852
14,55,52.96778035164607
14,56,55.78719589055445
14,57,56.98033274469084
14,58,56.35704771485475
14,59,56.98961088285724
14,60,60.159320023726146
14,61,61.439834695642446
14,62,60.996320718351065
14,63,62.68272111208054
14,64,65.70298128501973
14,65,65.8946760978397
14,66,65.29922704881116
14,67,66.5127982078066
14,68,63.219803600399
14,69,61.6339840572053
14,70,64.16998952366625
14,71,61.486492568752325
14,72,59.98731803082039
14,73,63.14562828970167
14,74,62.6091032772784
14,75,58.840475384368375
14,76,56.322089926572524
14,77,52.63084474305192
14,78,49.73200163951471
14,79,48.32038770856728
14,80,50.498151638152834
14,81,48.66342659930545
14,82,50.545017585534744
14,83,49.7953884457463
14,84,50.34426762442872
14,85,52.72105470824706
14,86,55.1170931168798
14,87,58.685777915799406
14,88,62.07688248450562
14,89,65.00262364725081
14,90,67.85402518589792
14,91,70.1179018999113
14,92,68.60467578252302
14,93,67.82426922181499
14,94,66.47582537452253
14,95,65.05103198787059
14,96,65.39982654034618
14,97,62.3424359395916
14,98,60.55264329054547
14,99,57.23277213549234
14,100,58.84985548436992
14,101,60.53713846261284
14,102,57.31776696635735
14,103,55.4640363833802
14,104,57.98987711994136
14,105,58.43220191746793
14,106,54.68251022621222
14,107,54.32954606716765
14,108,57.21570668363154
14,109,55.41436348054882
14,110,58.56134018664194
14,111,61.27151942340311
14,112,63.766596522281084
14,113,67.2020636352442
14,114,70.55072887789063
14,115,73.67521252977158
14,116,76.60553515199804
14,117,80.31206365152828
14,118,80.8953381507998
14,119,84.50466152912948
14,120,85.06222870047338
14,121,88.83689595449684
14,122,90.37761280548231
14,123,87.31942137170189
14,124,85.7470937755823
14,125,82.35529312400413
14,126,79.38694850795613
14,127,79.44013818452275
14,128,77.25512140630268
14,129,75.98503363692787
14,130,75.10303397170226
14,131,71.8989413522294
14,132,70.84007734087756
14,133,71.7952493681112
14,134,71.33007568376047
14,135,72.16335487065986
14,136,74.68535169620553
14,137,76.64335482464132
14,138,76.00549758310086
14,139,74.26033099917149
14,140,72.67245090293291
14,141,70.04381101535984
14,142,70.33506145825518
14,143,70.23901513068225
14,144,72.64321350593494
14,145,76.39576246548766
14,146,78.00331476735236
14,147,81.57876319123417
14,148,84.30862884367271
14,149,88.09100391066698
14,150,90.27907135635047
14,151,93.79819412633552
14,152,94.28324203935145
14,153,92.93496154719146
14,154,89.63382020330071
14,155,90.5125618346244
14,156,88.76992005203631
14,157,86.37921214454155
14,158,85.91572563645212
14,159,83.92697961964274
14,160,82.25921070521134
14,161,79.45713270983342
14,162,78.83710765026392
14,163,75.62955224240618
14,164,76.76703216803705
14,165,73.31538570662231
14,166,70.8375389766941
14,167,68.12436602431214
14,168,67.68963174980365
14,169,68.78359389137069
14,170,67.27499656405854
14,171,69.83104494312218
14,172,69.05076097141428
14,173,72.00217297375278
14,174,72.76659633321994
14,175,75.26052747970674
14,176,76.40380480078193
14,177,76.798641256374
14,178,79.24752181444529
14,179,79.50658363877318
14,180,83.30191901409877
14,181,86.29598701087421
14,182,87.61577833549649
14,183,84.41748237321833
14,184,84.72571628165728
14,185,88.36461123843891
14,186,88.1212169889392
14,187,85.48039566946136
14,188,86.34963325129276
14,189,89.78271825002045
14,190,89.42632907492693
14,191,88.81187424107989
14,192,86.07309291943514
14,193,84.13158213063035
14,194,82.34505342975275
14,195,79.81790122150943
14,196,79.59353439621852
14,197,77.32496213068373
14,198,77.63249659427204
14,199,76.87949545322387
14,200,78.24367543214453
14,201,75.33164976333326
14,202,74.72455105548715
14,203,76.6448865307076
14,204,75.28429336909586
14,205,77.9563352984538
14,206,77.23155421829944
14,207,79.63593137477402
14,208,78.76112046819966
14,209,78.27484176909799
14,210,80.36381762677051
14,211,78.46329779626959
14,212,77.42929740725289
14,213,73.66264493837699
14,214,71.30263652699303
14,215,71.24126597985698
14,216,68.61959747063702
14,217,69.04611249975665
14,218,72.6262101406381
14,219,73.69409457872224
14,220,74.52266948477323
14,221,75.11820510947412
14,222,72.58762710816839
14,223,71.98694482146749
14,224,70.55983775724684
14,225,68.73700993685453
14,226,69.10854751125012
14,227,68.22443641427368
14,228,69.82169225197345
14,229,68.70521906762323
14,230,71.56291631547776
14,231,70.93514879307544
14,232,72.73978720615287
14,233,76.40563830147526
14,234,76.4608416304743
14,235,78.13437630302472
14,236,77.3071416950249
14,237,80.19682716825959
14,238,80.21321467501413
14,239,82.95096040003881
14,240,83.45525198008141
14,241,86.26951672821859
14,242,84.06819403069082
14,243,80.58360813141982
14,244,79.04976787844765
14,245,76.14154368061304
14,246,76.54264450980156
14,247,74.04325620397664
14,248,74.56172939018076
14,249,72.98624666291094
14,250,70.06930038355563
14,251,66.33045197632413
14,252,64.82253214184813
14,253,62.5686804435593
14,254,59.66387098768905
14,255,56.86027738919555
14,256,53.400491186690424
14,257,49.921859975946894
14,258,50.99881453759703
14,259,49.90430790419984
14,260,49.6585326889954
14,261,46.90861647402645
14,262,47.03586361420162
14,263,44.60135868774272
14,264,44.6297673171584
14,265,41.93663052404985
14,266,43.1440454374017
14,267,43.524657510301964
14,268,41.664020098818156
14,269,42.027662749136105
14,270,39.14183158715173
14,271,38.65671914645432
14,272,37.15382790724268
14,273,38.349049750974785
14,274,37.440242243307644
14,275,39.17902808433724
14,276,38.6556213892791
14,277,40.61326267346336
14,278,37.47981777202405
14,279,37.621100563757494
14,280,36.28240286355746
14,281,32.91539312470327
14,282,31.186930073004223
14,283,31.304374942059223
14,284,28.175663592120024
14,285,26.976067991149524
14,286,29.117697628365125
14,287,29.335286428552607
14,288,30.21217844485908
14,289,30.620899991024856
14,290,32.68872316185235
14,291,36.24126557529574
14,292,38.23723744972671
14,293,40.85789953407224
14,294,40.008335506460774
14,295,41.92837268681364
14,296,41.09239397766456
14,297,38.29892693447553
14,298,35.79494604999309
14,299,32.88761082433081
14,300,34.07633625606825
14,301,34.103959737843276
14,302,32.094098059405546
14,303,31.604275556207497
14,304,27.81922515651322
14,305,26.00441483441977
14,306,22.72853215600987
14,307,22.041276830020067
14,308,18.65632096076578
14,309,19.135306561493145
14,310,16.33158812504197
14,311,15.922441452491467
14,312,13.622975731633575
14,313,13.460929275860286
14,314,12.159243715635764
14,315,8.488386429187425
14,316,9.031201702726365
14,317,6.650628295727039
14,318,8.683069745845147
15,1,38.09853714711371
15,2,39.67859811165972
15,3,36.42519105293551
15,4,32.90937173141908
15,5,29.488621497569873
15,6,27.453560034597544
15,7,23.990217794882454
15,8,22.21140661567254
15,9,18.466233914250388
15,10,15.621722161591405
15,11,12.560154187695758
15,12,8.950099125008476
15,13,5.739228238531156
15,14,3.833771662950763
15,16,3.801895217542158
15,17,6.983314808574813
15,18,10.004733665368207
15,19,13.31660322733296
15,20,16.822269720475013
15,21,19.374501312925503
15,22,22.96872068376979
15,23,22.303986497348582
15,24,18.93285059466
15,25,17.98100862393196
15,26,14.23189236628056
15,27,12.503291505834587
15,28,8.875066978578728
15,29,9.190266428994317
15,30,7.707035114675598
15,31,9.251597801502216
15,32,11.923730166421239
15,33,14.867943862402669
15,34,16.94737041143579
15,35,20.447598715578685
15,36,22.172064524047546
15,37,23.709831810423186
15,38,23.89331865354798
15,39,24.998691111453418
15,40,28.221900250032636
15,41,29.890263072267558
15,42,32.763921648424855
15,43,35.299342571195695
15,44,37.26242095954782
15,45,37.48139655275978
15,46,41.10301337652617
15,47,40.39594787188924
15,48,40.93175164816867
15,49,42.696446694212064
15,50,45.773436780299654
15,51,44.98195070599766
15,52,48.06190558687614
15,53,47.433546361554775
15,54,49.98398810717989
15,55,49.72638318500032
15,56,52.45777247351257
15,57,53.62878305013641
15,58,52.935260963953716
15,59,53.62884946971497
15,60,56.734436455662205
15,61,58.0345840894124
15,62,57.70819498914934
15,63,59.38606130462192
15,64,62.34839249579319
15,65,62.60638201832958
15,66,61.955437809157594
15,67,63.250418850786986
15,68,59.979922245086684
15,69,58.40787043690339
15,70,61.036462866361234
15,71,58.4552255366646
15,72,56.90871652934454
15,73,60.09578355871775
15,74,59.64400589498937
15,75,55.88271034721736
15,76,53.396772984995856
15,77,49.6753228648204
15,78,46.78743413364785
15,79,45.21830290550345
15,80,47.29249190317543
15,81,45.37640520906122
15,82,47.14099308218637
15,83,46.36293402963014
15,84,46.812220714840244
15,85,49.25914141163378
15,86,51.65844074683499
15,87,55.19132224125889
15,88,58.582514437730936
15,89,61.550327946315704
15,90,64.39601953656037
15,91,66.59543131395996
15,92,65.00898306795155
15,93,64.22593043614447
15,94,62.84183529025545
15,95,61.45482469512639
15,96,61.778000480636386
15,97,58.74976031096589
15,98,56.971953392106094
15,99,53.67052932617377
15,100,55.36530429187221
15,101,57.09543821702993
15,102,53.87608971917566
15,103,52.0721546234561
15,104,54.69226808490433
15,105,55.16395436107361
15,106,51.42420509355186
15,107,51.15480328470701
15,108,54.127171811847894
15,109,52.36740458945783
15,110,55.53966251413676
15,111,58.184330913771774
15,112,60.78531968749798
15,113,64.15942244384163
15,114,67.55884808742269
15,115,70.631463769515
15,116,73.54529312350185
15,117,77.23672595413215
15,118,77.71646693605653
15,119,81.3024040011178
15,120,81.7717270516344
15,121,85.53818379592316
15,122,87.02091362687958
15,123,83.93811694005394
15,124,82.38706712189513
15,125,79.03406514344204
15,126,76.07699214307252
15,127,76.04950735590211
15,128,73.85956931926098
15,129,72.53920458295384
15,130,71.67236442068649
15,131,68.42258541779894
15,132,67.43030483118318
15,133,68.46937019683575
15,134,68.09899430702386
15,135,69.01102898207283
15,136,71.50447958969312
15,137,73.39293698268608
15,138,72.674830968837
15,139,70.93931738865416
15,140,69.30775840579685
15,141,66.69447480138003
15,142,67.09063570135979
15,143,66.98269394756078
15,144,69.30317530391062
15,145,73.05339100155665
15,146,74.58607577632556
15,147,78.15846975963238
15,148,80.8448427805632
15,149,84.62303063366821
15,150,86.86984151710325
15,151,90.37516973305877
15,152,90.79318411316541
15,153,89.44608260680371
15,154,86.14910904130986
15,155,87.05577665924865
15,156,85.31207820822789
15,157,82.980492078706
15,158,82.56822687902456
15,159,80.65376578554378
15,160,79.05029716990505
15,161,76.31407905060956
15,162,75.76916787578686
15,163,72.6230829925047
15,164,73.87891128793311
15,165,70.48129806989745
15,166,68.05734309961505
15,167,65.24914480655468
15,168,64.6763118890371
15,169,65.69258652766851
15,170,64.07494881945877
15,171,66.56023987652395
15,172,65.69667095405188
15,173,68.58731863916265
15,174,69.26878389991958
15,175,71.70345294944255
15,176,72.818892856331
15,177,73.14990456977065
15,178,75.59052405325602
15,179,75.8101297045018
15,180,79.60089823001341
15,181,82.60022962631663
15,182,83.95374355530478
15,183,80.7842981722198
15,184,81.08974301776189
15,185,84.74439182631718
15,186,84.5400970781095
15,187,81.9306740050149
15,188,82.79434912777968
15,189,86.20056625412481
15,190,85.81835968350568
15,191,85.1521370656876
15,192,82.41941441886769
15,193,80.52597756043451
15,194,78.76911805043093
15,195,76.29428499457137
15,196,76.11598389751595
15,197,73.91503107835534
15,198,74.27850671939343
15,199,73.61473458369403
15,200,75.02478922774748
15,201,72.0812309035215
15,202,71.37965276293684
15,203,73.22736484297567
15,204,71.8012153844101
15,205,74.4187793611311
15,206,73.6398547135885
15,207,75.99891440440057
15,208,75.1065781864602
15,209,74.57038040918088
15,210,76.64980443205002
15,211,74.72087534810714
15,212,73.68719384993962
15,213,69.92034714385338
15,214,67.56526183146151
15,215,67.55389414066161
15,216,64.97045721122016
15,217,65.46695859005048
15,218,69.03392154675156
15,219,70.0687659851436
15,220,70.84163651148421
15,221,71.46118500868782
15,222,68.94601018473399
15,223,68.39427674243454
15,224,66.96241236000475
15,225,65.20618420257993
15,226,65.61751970598763
15,227,64.82114430842728
15,228,66.48876934238642
15,229,65.47345172574244
15,230,68.40692460513677
15,231,67.87875187409804
15,232,69.79219008606675
15,233,73.44578585305821
15,234,73.38127015250622
15,235,74.99113828635171
15,236,74.07876458552099
15,237,76.90295924334754
15,238,76.85142726186412
15,239,79.52974763169841
15,240,79.97462913151973
15,241,82.75085904363955
15,242,80.52610785389864
15,243,77.02893378164028
15,244,75.55829732528181
15,245,72.68466293172631
15,246,73.16437923780876
15,247,70.73785525782732
15,248,71.34844230779187
15,249,69.83483741840027
15,250,66.93215892871915
15,251,63.215658037643735
15,252,61.81473990627996
15,253,59.53297490993285
15,254,56.720798471663514
15,255,53.928686301340996
15,256,50.523421468356254
15,257,46.998658845596765
15,258,47.95480139280637
15,259,46.69627128654264
15,260,46.33692142786668
15,261,43.50850903190398
15,262,43.539008048294725
15,263,41.148600815096366
15,264,41.217045797248474
15,265,38.64424661070555
15,266,40.03295736637703
15,267,40.563133807691884
15,268,38.911078540598176
15,269,39.51120534054665
15,270,36.663154882083795
15,271,36.19130028116227
15,272,34.486084313990574
15,273,35.627999571649006
15,274,34.461627564582486
15,275,36.03136378370725
15,276,35.30447100113282
15,277,37.16321910910066
15,278,34.034647788962765
15,279,34.371253807371126
15,280,33.198884764981685
15,281,29.83846012878162
15,282,28.352241369140295
15,283,28.531610464704684
15,284,25.62240928211407
15,285,24.155080478283686
15,286,26.250975485268704
15,287,26.147120783360236
15,288,26.831329199887808
15,289,27.031922058163875
15,290,29.123779672734962
15,291,32.66289633587329
15,292,34.687636774984234
15,293,37.36435818275692
15,294,36.68088506919325
15,295,38.76483739870908
15,296,38.140964455960585
15,297,35.47790673946645
15,298,32.78302024524208
15,299,29.82175340617534
15,300,30.88038821569983
15,301,30.682334636311325
15,302,28.599728333428544
15,303,27.9576341417621
15,304,24.176348122099537
15,305,22.281460410394097
15,306,19.097171306108716
15,307,18.664919487311238
15,308,15.480128767104986
15,309,16.48973951241135
15,310,14.161432589173124
15,311,14.35351289725895
15,312,12.77144892851328
15,313,13.098622060158682
15,314,11.68315850437242
15,315,8.454270697910438
15,316,10.066257855362792
15,317,8.750680000140742
15,318,11.62126338978364
16,1,38.89578985370893
16,2,40.15933992801357
16,3,36.73163293466072
16,4,33.18616450720523
16,5,29.646252168163652
16,6,27.27823794288268
16,7,23.702875634546018
16,8,21.4243309590437
16,9,17.64679157847139
16,10,14.467672971880573
16,11,11.831326238514709
16,12,8.525623270504479
16,13,6.278861359932109
16,14,6.535324886451586
16,15,3.801895217542158
16,17,3.788284327581064
16,18,6.980472065134766
16,19,9.854930855556441
16,20,13.42464362552684
16,21,15.838294057839176
16,22,19.510340122025738
16,23,19.155420021709915
16,24,15.967982410414924
16,25,15.191503275456576
16,26,11.51326106031014
16,27,9.48760775224523
16,28,5.888460013564322
16,29,5.6019510982510345
16,30,4.69847596217607
16,31,6.125158036241833
16,32,8.620703404505301
16,33,11.92880956652049
16,34,14.174710065968108
16,35,17.42559841928839
16,36,19.464371468229974
16,37,21.392527297870938
16,38,21.953521427656224
16,39,23.485511895831383
16,40,26.797734392279224
16,41,28.812432564986974
16,42,31.65754306008886
16,43,34.105651720053736
16,44,35.75668099565389
16,45,35.9552800268114
16,46,39.52708469198603
16,47,38.64085241225591
16,48,38.95260561731996
16,49,40.61478758694201
16,50,43.8228717253499
16,51,43.161149031449376
16,52,46.32185838805857
16,53,45.90108322284142
16,54,48.43049593336923
16,55,48.43362670234972
16,56,51.17648162977523
16,57,52.10227378256836
16,58,51.19329246112913
16,59,51.68556692011482
16,60,54.74751474125278
16,61,56.25150530504634
16,62,55.90504335784091
16,63,57.38497051580224
16,64,60.418514724717475
16,65,60.84901454176543
16,66,60.36215650274195
16,67,61.82248951929307
16,68,58.6702127443109
16,69,56.906079493735945
16,70,59.510576864245856
16,71,56.98872533949805
16,72,55.2342602432369
16,73,58.30742142754214
16,74,57.698838774301485
16,75,53.97699529980033
16,76,51.33373942645535
16,77,47.58709312084409
16,78,44.5469334852344
16,79,43.086735552469904
16,80,45.30916656008467
16,81,43.58743485557092
16,82,45.43669063047348
16,83,44.92158405487518
16,84,45.47659992686107
16,85,48.11236336120567
16,86,50.30637308253005
16,87,53.84095411367154
16,88,57.12260931469856
16,89,60.21218478689985
16,90,62.91171809663429
16,91,65.00462190815644
16,92,63.37339793101442
16,93,62.39483794187954
16,94,60.863254901432754
16,95,59.30318273671145
16,96,59.480977142585616
16,97,56.34150729594621
16,98,54.709835508146966
16,99,51.30683576505866
16,100,52.837151259763615
16,101,54.67790879770093
16,102,51.56822960732558
16,103,49.579290990495345
16,104,52.12121916057534
16,105,52.77041221437184
16,106,49.06840258669955
16,107,48.59554018080219
16,108,51.605168034283146
16,109,50.01971917796638
16,110,53.30040352724676
16,111,56.060025038990545
16,112,58.62392398917738
16,113,62.010324677548695
16,114,65.35671612485193
16,115,68.49619588675048
16,116,71.3034340157737
16,117,75.0173530693583
16,118,75.47753561250428
16,119,79.09757881771469
16,120,79.62019892782536
16,121,83.39353375820967
16,122,84.96328710075858
16,123,81.95802377842959
16,124,80.54131213869962
16,125,77.17991632650391
16,126,74.32949197120014
16,127,74.36081212471305
16,128,72.31253488444187
16,129,71.10126985481082
16,130,70.41740489573176
16,131,67.11589541693311
16,132,66.04643444115824
16,133,67.22748358780723
16,134,66.8273623178529
16,135,67.91615665888325
16,136,70.51463108905371
16,137,72.24992613322586
16,138,71.38080220679433
16,139,69.49314685833409
16,140,67.69802331663425
16,141,64.95726474430252
16,142,65.33044722850555
16,143,65.03125869566487
16,144,67.33243980495692
16,145,71.10947200065331
16,146,72.70574353430739
16,147,76.21696352983466
16,148,78.97074534348377
16,149,82.73920629167351
16,150,85.00369710692885
16,151,88.54559392241515
16,152,88.94203164983972
16,153,87.46528667201106
16,154,84.0999651226171
16,155,84.87422600886583
16,156,83.01322600290834
16,157,80.66716284064408
16,158,80.12981329247513
16,159,78.21163425762141
16,160,76.50585047507678
16,161,73.7866401905169
16,162,73.121489844356
16,163,69.9402031131771
16,164,71.16569202521258
16,165,67.78617911190182
16,166,65.25981808052818
16,167,62.50244807167429
16,168,61.94897098816613
16,169,63.10518410631878
16,170,61.566439984549675
16,171,64.14686834257206
16,172,63.414022854784015
16,173,66.35504703154153
16,174,67.11603094277734
16,175,69.5886823713532
16,176,70.86101254539632
16,177,71.23382833150437
16,178,73.8040474366068
16,179,74.13210860111063
16,180,77.92918568159304
16,181,80.83106294170953
16,182,82.2872691171162
16,183,79.11572525245863
16,184,79.26106372039436
16,185,82.91425559820516
16,186,82.82660878642204
16,187,80.14135249414097
16,188,80.85548373414501
16,189,84.27198218836692
16,190,83.7712579220437
16,191,83.13840531607265
16,192,80.30543953618198
16,193,78.36068184142391
16,194,76.47678709885443
16,195,73.9571149055848
16,196,73.6343339566835
16,197,71.38735957491895
16,198,71.61091443056233
16,199,70.84876285566268
16,200,72.13532364957729
16,201,69.15124777842729
16,202,68.55780988943552
16,203,70.50888868369428
16,204,69.2089951736186
16,205,71.9039286661286
16,206,71.26501373302023
16,207,73.71756397096115
16,208,72.97993291212448
16,209,72.54186072940627
16,210,74.75626390940786
16,211,72.93221037290101
16,212,72.06484265627797
16,213,68.3049513354156
16,214,66.1065602519868
16,215,66.21493255442338
16,216,63.6076883092677
16,217,64.22666625514982
16,218,67.82593055403264
16,219,68.67159728787597
16,220,69.33276739836458
16,221,69.79940679283008
16,222,67.15897126507876
16,223,66.4757875068255
16,224,64.87887972302181
16,225,63.04050556717344
16,226,63.27439032035921
16,227,62.37341817106092
16,228,63.90647477791806
16,229,62.792159536114575
16,230,65.67755238448275
16,231,65.032202489266
16,232,66.94117948930709
16,233,70.56695734625586
16,234,70.54142742280276
16,235,72.26603434923383
16,236,71.46247119244471
16,237,74.31992619622041
16,238,74.39378947997335
16,239,77.09220333001271
16,240,77.6572709775353
16,241,80.51073140439232
16,242,78.40504684850777
16,243,74.97164220583295
16,244,73.42519440723999
16,245,70.6248758793771
16,246,71.01668935673266
16,247,68.55516993366216
16,248,69.23390756812296
16,249,67.5933117524424
16,250,64.5854058529082
16,251,60.87765958527753
16,252,59.378135285395764
16,253,56.963104239772186
16,254,54.08862943659497
16,255,51.17277535415538
16,256,47.80817076362719
16,257,44.351872403289214
16,258,45.489506282707524
16,259,44.2810808449115
16,260,44.126232245537146
16,261,41.43802285786823
16,262,41.690829284770324
16,263,39.533058947431485
16,264,39.93069421381082
16,265,37.403800399598374
16,266,38.95593141599991
16,267,39.33662153039183
16,268,37.82961276303724
16,269,38.39980866926714
16,270,35.36210908584533
16,271,34.54292621531958
16,272,32.57883466130503
16,273,33.3785595366222
16,274,32.181304831752456
16,275,33.94316659265983
16,276,33.268203665145165
16,277,35.36117829268851
16,278,32.460322889013646
16,279,32.79845666995538
16,280,31.43847090126115
16,281,27.909812978644847
16,282,26.264674902100797
16,283,26.031286225363903
16,284,23.080252777549163
16,285,21.354582237974057
16,286,23.14902805012209
16,287,23.177240869595664
16,288,24.22268905617129
16,289,24.6821497740678
16,290,27.074346365517673
16,291,30.46740020204677
16,292,32.19891880133102
16,293,34.98597568534461
16,294,34.24333674166688
16,295,36.308763457198424
16,296,35.59594213406611
16,297,32.78818657444157
16,298,30.10293512483228
16,299,26.978160941904147
16,300,27.87853112314949
16,301,27.875375468052876
16,302,25.73579900004853
16,303,25.335411793962212
16,304,21.549985337652576
16,305,20.0330078764468
16,306,16.57656834626288
16,307,15.595139659457203
16,308,12.206063766462153
16,309,12.903518359988817
16,310,10.435222746103918
16,311,10.967478773466306
16,312,9.555310384194778
16,313,10.01557292478288
16,314,8.774506927821397
16,315,6.369640364474761
16,316,9.176839151748482
16,317,9.390635297767963
16,318,12.912247494348486
17,1,42.209619369269234
17,2,43.29947008127208
17,3,39.78423033159778
17,4,36.26092899450209
17,5,32.65950010526585
17,6,30.14783718059206
17,7,26.521472970284325
17,8,23.963954509886847
17,9,20.24289559089279
17,10,16.947321141293774
17,11,14.709801309635017
17,12,11.754617357598645
17,13,9.914463529369032
17,14,10.241802660784824
17,15,6.983314808574813
17,16,3.788284327581064
17,18,3.8029746305762484
17,19,6.600123739530257
17,20,10.316504091537817
17,21,13.187680238622631
17,22,16.90179137629815
17,23,16.91729125677018
17,24,13.707960350185378
17,25,12.395243159311304
17,26,9.007641932808927
17,27,7.820352937471914
17,28,5.2832832620406
17,29,5.421085812798517
17,30,6.2248317054838305
17,31,5.85206412372411
17,32,6.535053470085221
17,33,9.567293015138482
17,34,11.176170795130984
17,35,14.272301558485152
17,36,16.101245854044098
17,37,18.295162571312105
17,38,18.79720559336794
17,39,20.700259816858267
17,40,24.16518024143961
17,41,26.511188882389103
17,42,29.14442786602094
17,43,31.688420496054274
17,44,33.2152440015746
17,45,33.640089990715474
17,46,37.23108891155571
17,47,36.44083442114747
17,48,36.697002004725924
17,49,38.09658327161218
17,50,41.29158106330552
17,51,40.522704779382316
17,52,43.621707889978985
17,53,43.197523701132866
17,54,45.59275114046348
17,55,45.70010729303751
17,56,48.34835168772765
17,57,49.15200472101495
17,58,48.086931927156996
17,59,48.557388896237036
17,60,51.52952684372969
17,61,53.13386425133671
17,62,52.89765558118261
17,63,54.28590793808014
17,64,57.28507162454912
17,65,57.849021269009164
17,66,57.37251707641741
17,67,58.97318339783574
17,68,55.896015835325315
17,69,54.076516891418606
17,70,56.754822027923744
17,71,54.36196261270342
17,72,52.486185364910604
17,73,55.533639088289156
17,74,54.94640300454547
17,75,51.258218868249315
17,76,48.59125581869329
17,77,44.817687000906
17,78,41.73561594653477
17,79,40.1686108716017
17,80,42.34063508212049
17,81,40.62440768236563
17,82,42.381166628109185
17,83,41.947570948342786
17,84,42.4387279248207
17,85,45.21321108955737
17,86,47.32181273073101
17,87,50.80969624308746
17,88,54.04063993829848
17,89,57.21277428520533
17,90,59.845285810638444
17,91,61.82888128592834
17,92,60.10778267924231
17,93,59.05057524289204
17,94,57.423302441749996
17,95,55.83254420426576
17,96,55.92037465107277
17,97,52.7649946989662
17,98,51.212046997755685
17,99,47.78665785093598
17,100,49.325445093897606
17,101,51.2594149979912
17,102,48.20130220468709
17,103,46.185151066647656
17,104,48.78746518774053
17,105,49.543686122577064
17,106,45.874993492447935
17,107,45.39916946875661
17,108,48.50679553488103
17,109,47.041791221260794
17,110,50.384759854296114
17,111,53.120701201928476
17,112,55.76681802163741
17,113,59.091784024611535
17,114,62.45958996145202
17,115,65.57080486673857
17,116,68.31614996071397
17,117,72.01990019580802
17,118,72.37317812651123
17,119,75.98070568284203
17,120,76.4390574616579
17,121,80.20414123857773
17,122,81.75053479772278
17,123,78.75354837534559
17,124,77.40981331382041
17,125,74.08612140605652
17,126,71.29051010365173
17,127,71.2658232682896
17,128,69.26879281818458
17,129,68.05071137732283
17,130,67.45043596629829
17,131,64.09035796133743
17,132,63.060181616714885
17,133,64.37400117755266
17,134,64.05557275525726
17,135,65.28208011184098
17,136,67.88513627409289
17,137,69.49528789641374
17,138,68.49552059425757
17,139,66.56424387396852
17,140,64.6678185017332
17,141,61.897571960374925
17,142,62.36379609165949
17,143,61.978725601387424
17,144,64.18693574249086
17,145,67.96749022792639
17,146,69.5132794907103
17,147,72.99433526518216
17,148,75.72890539716234
17,149,79.4865027144809
17,150,81.8130483224958
17,151,85.35261547076745
17,152,85.67568375133519
17,153,84.15201321015375
17,154,80.7665735906734
17,155,81.51633764842022
17,156,79.60890158868504
17,157,77.31643511561239
17,158,76.7792663757249
17,159,74.93306253464318
17,160,73.24920982304663
17,161,70.60268407194442
17,162,69.96110084004142
17,163,66.82742442273512
17,164,68.1520850470241
17,165,64.8357170264617
17,166,62.321659898540915
17,167,59.4987245228813
17,168,58.82008562798354
17,169,59.95810486324442
17,170,58.34701151522462
17,171,60.89424414659152
17,172,60.13339785444624
17,173,63.031352371678764
17,174,63.740472768962114
17,175,66.16626020497561
17,176,67.47197888836641
17,177,67.79509288185197
17,178,70.40544298632537
17,179,70.73338383218926
17,180,74.5251097397398
17,181,77.39376726650502
17,182,78.92272364709456
17,183,75.78236949890001
17,184,75.86405001398066
17,185,79.5304158021804
17,186,79.52619550012844
17,187,76.84581094199734
17,188,77.49671356006249
17,189,80.88816571657112
17,190,80.3158393403092
17,191,79.64322095856072
17,192,76.77805931781707
17,193,74.86329499825833
17,194,72.9590871121901
17,195,70.47554609745
17,196,70.13963152024056
17,197,67.94265214951722
17,198,68.16290879192991
17,199,67.44799534290107
17,200,68.72584601838665
17,201,65.69340585271279
17,202,65.0527305158258
17,203,66.97472823472705
17,204,65.66290235759334
17,205,68.33396033334171
17,206,67.6983670934619
17,207,70.14163175335152
17,208,69.44957421201067
17,209,68.99818345979422
17,210,71.25501021664323
17,211,69.4421626571195
17,212,68.63964943313265
17,213,64.88551988168477
17,214,62.75423764444893
17,215,62.96165876394361
17,216,60.390281761281024
17,217,61.12682254865472
17,218,64.71808104941789
17,219,65.4587300028524
17,220,66.01895025751278
17,221,66.45229883253933
17,222,63.78195200814736
17,223,63.098212823870504
17,224,61.4309195278635
17,225,59.62926481255255
17,226,59.82971376422059
17,227,58.97487220469997
17,228,60.52058534648999
17,229,59.466147570942084
17,230,62.4037098698696
17,231,61.80646375634923
17,232,63.81755251801848
17,233,67.4160616347908
17,234,67.2912892540757
17,235,69.00131346452505
17,236,68.16076675977015
17,237,70.96592434183258
17,238,71.02460282066946
17,239,73.6709008695681
17,240,74.22543628327956
17,241,77.07055218764683
17,242,74.98982075439159
17,243,71.57105941219287
17,244,70.05912428523712
17,245,67.32484960495928
17,246,67.75922742685161
17,247,65.3578940196627
17,248,66.15272465627454
17,249,64.5235889973449
17,250,61.49102484130882
17,251,57.814213957994426
17,252,56.38096139698773
17,253,53.88676865565018
17,254,51.082421751195234
17,255,48.13005244282551
17,256,44.846157487295976
17,257,41.38406174955845
17,258,42.476124518744115
17,259,41.12435812599894
17,260,40.942332082979426
17,261,38.24094230511216
17,262,38.487421377036604
17,263,36.48718256949121
17,264,37.065536086158815
17,265,34.70100419393164
17,266,36.495665004849926
17,267,36.96302392449512
17,268,35.73448766123923
17,269,36.51661180792969
17,270,33.47269271080802
17,271,32.532483117730045
17,272,30.27579911380162
17,273,30.858843505565957
17,274,29.38525794772816
17,275,31.04298870812708
17,276,30.173990563171298
17,277,32.255462209034
17,278,29.48235549566012
17,279,30.032613505263658
17,280,28.778497598075642
17,281,25.215373421528202
17,282,23.781750114867613
17,283,23.414162437744725
17,284,20.73505393073656
17,285,18.586599058779438
17,286,20.12629575831619
17,287,19.831734625245343
17,288,20.842684313513928
17,289,21.181298244801898
17,290,23.759435710366045
17,291,27.044390333868243
17,292,28.653011246948935
17,293,31.5580330692431
17,294,30.97728843522007
17,295,33.20633217153856
17,296,32.68178522437462
17,297,29.9604832710997
17,298,27.08854726443492
17,299,23.834955516520058
17,300,24.48662620382227
17,301,24.316829220441573
17,302,22.044816439330685
17,303,21.57790920081908
17,304,17.788653827481156
17,305,16.4166335773503
17,306,12.92108698273297
17,307,11.917458778243304
17,308,8.703882719944003
17,309,10.01689362581239
17,310,8.32447082629358
17,311,9.92126493109663
17,312,9.660977446621528
17,313,10.575205026846579
17,314,9.476702017296876
17,315,8.432279174608563
17,316,11.602032376320116
17,317,12.564087383819055
17,318,16.260043137251397
18,1,43.99430467790123
18,2,44.852169864113115
18,3,41.24553366964944
18,4,37.84774240962257
18,5,34.145601838068906
18,6,31.682733297421006
18,7,27.957422571098025
18,8,25.33229259071476
18,9,21.71832945760117
18,10,18.651973496696037
18,11,17.020989317284336
18,12,14.16939205957159
18,13,12.968883025772353
18,14,13.165738339073696
18,15,10.004733665368207
18,16,6.980472065134766
18,17,3.8029746305762484
18,19,3.8136220987476532
18,20,7.046958134816642
18,21,10.208150838744999
18,22,13.735783440883022
18,23,13.557557353146683
18,24,10.202769960153567
18,25,8.604907555618459
18,26,5.322317575655729
18,27,5.131402674379172
18,28,4.562757115326278
18,29,6.259082694908099
18,30,8.795225719848062
18,31,8.608817080895685
18,32,8.131807309617622
18,33,10.82606067908746
18,34,11.617985873076178
18,35,14.032609999263643
18,36,15.592259703137012
18,37,18.327940312522756
18,38,18.677016099674997
18,39,21.138916786805922
18,40,24.77514684478471
18,41,27.505698085170476
18,42,29.78908463426268
18,43,32.48132428799042
18,44,33.855807137589345
18,45,34.57341251666526
18,46,38.147912813252795
18,47,37.44418187748969
18,48,37.57939918522025
18,49,38.64649931855817
18,50,41.83286264563358
18,51,40.95571108039638
18,52,43.95336539183386
18,53,43.5215639422384
18,54,45.689602043223196
18,55,45.91781755211163
18,56,48.38076947381999
18,57,49.027035387283505
18,58,47.71377695823873
18,59,48.164895989341225
18,60,50.95277418616363
18,61,52.72640944795488
18,62,52.69750130340851
18,63,53.922485894255914
18,64,56.84812371354099
18,65,57.64070711161464
18,66,57.16076202879287
18,67,58.97507788550109
18,68,56.0095378850433
18,69,54.142577844268324
18,70,56.934885430130834
18,71,54.742070102325584
18,72,52.702078830103396
18,73,55.69563191643607
18,74,55.12342712517466
18,75,51.504580558952064
18,76,48.78998053826086
18,77,44.99773554194416
18,78,41.84025492698118
18,79,40.1622454301284
18,80,42.259672774509504
18,81,40.563616776540336
18,82,42.12782331878145
18,83,41.78058065002769
18,84,42.07829909757054
18,85,45.04742611845502
18,86,47.07312517398608
18,87,50.44707570468193
18,88,53.608542378004955
18,89,56.89841022289031
18,90,59.44286967554939
18,91,61.22228264587597
18,92,59.30719806130744
18,93,58.134758554428025
18,94,56.308483944357334
18,95,54.68158964959314
18,96,54.53657414710524
18,97,51.34804459667441
18,98,50.01582920731736
18,99,46.5459343543653
18,100,48.07896464349916
18,101,50.24452992338304
18,102,47.32676905191951
18,103,45.2288747591489
18,104,47.91362131381323
18,105,48.919085104291106
18,106,45.33810503854953
18,107,44.79291589274001
18,108,48.054918873214056
18,109,46.8434798138234
18,110,50.2906808834602
18,111,53.00641876153193
18,112,55.7505298847612
18,113,58.978107539253635
18,114,62.351024729240635
18,115,65.42848109274082
18,116,68.04902492756591
18,117,71.7337530179625
18,118,71.9154769757439
18,119,75.50151568223252
18,120,75.85740790221713
18,121,79.60147825837335
18,122,81.10863614135333
18,123,78.13259985673511
18,124,76.92272800953482
18,125,73.67555072404677
18,126,70.97671978835635
18,127,70.83864386386485
18,128,68.91348366622204
18,129,67.64791972749754
18,130,67.14705296292684
18,131,63.69006685051761
18,132,62.77981359314198
18,133,64.29982293399252
18,134,64.1412070968418
18,135,65.55019893236717
18,136,68.119979259056
18,137,69.55971693905481
18,138,68.37132687254518
18,139,66.40784730896293
18,140,64.36367510693256
18,141,61.56698550065257
18,142,62.19941005342203
18,143,61.67135434073814
18,144,63.70816053645633
18,145,67.48529953423568
18,146,68.92648825718776
18,147,72.34610127371687
18,148,75.02841091982057
18,149,78.75857738271382
18,150,81.20642427173398
18,151,84.73174760565583
18,152,84.90436315329563
18,153,83.30024648701813
18,154,79.88220090884751
18,155,80.58095692173971
18,156,78.56907082801972
18,157,76.39104692246546
18,158,75.82956008657163
18,159,74.12079263368115
18,160,72.44393520800158
18,161,69.93164709643024
18,162,69.27404682688334
18,163,66.20214690898985
18,164,67.64542938861014
18,165,64.43382080615477
18,166,61.87749608467689
18,167,59.01344776404176
18,168,58.17198041874533
18,169,59.35143218531874
18,170,57.66151467141272
18,171,60.173235977415196
18,172,59.39141447289466
18,173,62.20200836623297
18,174,62.800731593121114
18,175,65.10854403130477
18,176,66.46519475211832
18,177,66.64156729046267
18,178,69.30450190552743
18,179,69.56646793816965
18,180,73.33352068806246
18,181,76.159358685438
18,182,77.84542369230665
18,183,74.79740930957988
18,184,74.78053566835025
18,185,78.47892460773718
18,186,78.64366339604223
18,187,76.00485573833919
18,188,76.54350416782714
18,189,79.86680086488109
18,190,79.13989033784235
18,191,78.3474553464791
18,192,75.4208922406158
18,193,73.60447303195646
18,194,71.6596931879928
18,195,69.2712026636835
18,196,68.88435049911297
18,197,66.79373302001218
18,198,66.95572957354838
18,199,66.28965937644297
18,200,67.46990842189565
18,201,64.3172222563811
18,202,63.648526996154644
18,203,65.55319799833292
18,204,64.26330203051023
18,205,66.88523280385131
18,206,66.27440800620258
18,207,68.68078502509857
18,208,68.09690284701712
18,209,67.5674705853045
18,210,69.8927660745209
18,211,68.04686344572514
18,212,67.33656508134128
18,213,63.598542387472506
18,214,61.551569399506334
18,215,61.97861322946366
18,216,59.54290025402952
18,217,60.509363641781334
18,218,64.05018829641739
18,219,64.64654988437655
18,220,64.99493669188041
18,221,65.4354562517249
18,222,62.75158529042278
18,223,62.117878106357026
18,224,60.31369815566696
18,225,58.61832844170597
18,226,58.73721579052405
18,227,57.96926150990449
18,228,59.495535677191214
18,229,58.51594423299957
18,230,61.51101645738434
18,231,60.92304806625913
18,232,63.08024002250756
18,233,66.60819931348412
18,234,66.35675174784366
18,235,68.10780824155027
18,236,67.25906119091484
18,237,69.97495563290659
18,238,70.04491986309331
18,239,72.58304419833384
18,240,73.13214041392068
18,241,75.9571322751025
18,242,73.93397256624687
18,243,70.54848188100938
18,244,69.12599702882655
18,245,66.53707893113844
18,246,67.05551523861531
18,247,64.76928279466296
18,248,65.7711827472921
18,249,64.14168415732024
18,250,61.05212577316639
18,251,57.43929108264408
18,252,56.07593032148503
18,253,53.4200275379146
18,254,50.69836911885861
18,255,47.638682019691906
18,256,44.51095587596097
18,257,41.106778964136055
18,258,42.213196623926216
18,259,40.664661976614546
18,260,40.480228640962
18,261,37.78084563653135
18,262,37.98500776100375
18,263,36.265474824730816
18,264,37.07970110360086
18,265,35.019588364568925
18,266,37.15393986406898
18,267,37.77702981359645
18,268,36.90593537209601
18,269,37.92678443433243
18,270,34.89780569353988
18,271,33.79667542647966
18,272,31.208845882706928
18,273,31.43521091174862
18,274,29.633112481982504
18,275,31.163277673902325
18,276,29.985317985450305
18,277,31.995709183542278
18,278,29.443359559122502
18,279,30.372759015408935
18,280,29.310207795471115
18,281,25.747753072198332
18,282,24.585610057156767
18,283,23.91088866785907
18,284,21.571960354049054
18,285,18.871874214981514
18,286,19.751944824920518
18,287,19.050428483890997
18,288,20.1755045439037
18,289,20.23419152975443
18,290,23.198325487976
18,291,26.195080822519223
18,292,27.46489605074455
18,293,30.653449344361544
18,294,30.412033291343572
18,295,32.89505641618841
18,296,32.61799626394804
18,297,29.96705305600611
18,298,26.89756773066615
18,299,23.409665472176293
18,300,23.471480634182154
18,301,23.05397948766764
18,302,20.344166128447537
18,303,19.584334079132805
18,304,15.812183537360848
18,305,15.076433367498787
18,306,11.702598402636676
18,307,10.4136470936424
18,308,7.812687889840273
18,309,9.537079163841353
18,310,8.426809720209807
18,311,11.22389237803911
18,312,11.209164481103263
18,313,11.455766601087616
18,314,9.744367655609919
18,315,9.673131110350816
18,316,12.48933874322677
18,317,14.096505696053049
18,318,17.877626626212926
19,1,45.344912353711855
19,2,45.93728615511062
19,3,42.24265817322211
19,4,38.86851860594002
19,5,35.162686799899184
19,6,32.46739308122565
19,7,28.794625455004564
19,8,25.84643326096693
19,9,22.432047075408686
19,10,19.324782733461674
19,11,18.202639300745535
19,12,15.951233777142448
19,13,15.339110962171514
19,14,16.231790720216644
19,15,13.31660322733296
19,16,9.854930855556441
19,17,6.600123739530257
19,18,3.8136220987476532
19,20,3.8042499882855183
19,21,6.910513083080774
19,22,10.571874138015422
19,23,11.1993871166001
19,24,8.494951998648554
19,25,7.260921004825902
19,26,5.287772376395044
19,27,5.30315929342427
19,28,6.555409139956064
19,29,7.047013624770627
19,30,10.055092055669604
19,31,9.254291917594845
19,32,7.620954756089086
19,33,9.832079509822986
19,34,10.382075434713661
19,35,11.896030349867875
19,36,13.789323250851282
19,37,17.002578847405818
19,38,17.861881284842788
19,39,20.74871129376353
19,40,24.294139264988196
19,41,27.309244193267023
19,42,29.486891818027708
19,43,31.982734258212066
19,44,32.954659713186906
19,45,33.62262949064259
19,46,37.05823795970089
19,47,36.159463051804984
19,48,36.030521819142834
19,49,36.95480443764612
19,50,40.24539442300831
19,51,39.53863765584901
19,52,42.59087320130302
19,53,42.41209805503488
19,54,44.53737866347023
19,55,45.06325587496424
19,56,47.52088769771094
19,57,47.88038928255622
19,58,46.33922540181891
19,59,46.5419001412331
19,60,49.26101358845272
19,61,51.25476761082221
19,62,51.18866526845534
19,63,52.17624434674945
19,64,55.169510715712306
19,65,56.145691740573184
19,66,55.8632580914284
19,67,57.839999561728085
19,68,55.0285181321563
19,69,52.958753774801444
19,70,55.68979683299576
19,71,53.57207886174936
19,72,51.32027015143598
19,73,54.156550108132635
19,74,53.40503849102992
19,75,49.861679144601496
19,76,46.99050250666981
19,77,43.21101208676315
19,78,39.91101998660193
19,79,38.391145125873386
19,80,40.64305765921629
19,81,39.20910465023364
19,82,40.863053648173725
19,83,40.836564003790706
19,84,41.27170012878853
19,85,44.40722362501581
19,86,46.16728939570582
19,87,49.51263420932591
19,88,52.51726182896028
19,89,55.9116451833093
19,90,58.27103721589503
19,91,59.92914354592694
19,92,57.99067590539277
19,93,56.60097846135023
19,94,54.62354666603695
19,95,52.797462870489575
19,96,52.48972475556686
19,97,49.18308339491709
19,98,48.029498058503286
19,99,44.46029413747973
19,100,45.77353937169537
19,101,48.05187721253638
19,102,45.286287294248766
19,103,42.97657666803929
19,104,45.539567185435274
19,105,46.74832791244221
19,106,43.24198260949935
19,107,42.450535973928716
19,108,45.727878503252406
19,109,44.73329561424826
19,110,48.276673560191604
19,111,51.107476618348514
19,112,53.78213701607387
19,113,57.00630028612169
19,114,60.296275479750484
19,115,63.436603531322724
19,116,65.92729624657981
19,117,69.62320924815373
19,118,69.79230655374207
19,119,73.40583739978487
19,120,73.82971340546261
19,121,77.5704435809526
19,122,79.1766377823042
19,123,76.29911744677649
19,124,75.23876160054233
19,125,71.98927613913621
19,126,69.41911675182337
19,127,69.35929765392969
19,128,67.60287121304398
19,129,66.47550116416903
19,130,66.18069362710656
19,131,62.69543617923275
19,132,61.690812612772575
19,133,63.346462701001606
19,134,63.1407945062986
19,135,64.72565901593912
19,136,67.3999453983353
19,137,68.67257985356777
19,138,67.33588328958112
19,139,65.21189110959129
19,140,63.00262517872203
19,141,60.076589190396135
19,142,60.66579514148234
19,143,59.926384594351724
19,144,61.94007838520979
19,145,65.72891023273368
19,146,67.24562160358803
19,147,70.58270597917245
19,148,73.33697098080292
19,149,77.04375641396037
19,150,79.49287234693675
19,151,83.04974588844925
19,152,83.21038707400218
19,153,81.4681642497186
19,154,77.9841710101236
19,155,78.53028482488313
19,156,76.39531622906033
19,157,74.19793481086106
19,158,73.4928970380176
19,159,71.7754497673864
19,160,69.98327642948712
19,161,67.49135581373048
19,162,66.69578854496203
19,163,63.59030673565546
19,164,64.98798584326293
19,165,61.805719659042445
19,166,59.14176755288512
19,167,56.350835139922076
19,168,55.541103034606884
19,169,56.88047108363615
19,170,55.29705964306782
19,171,57.91206183917042
19,172,57.29268140156442
19,173,60.154616486884805
19,174,60.85357861474319
19,175,63.20476443639112
19,176,64.73869221630291
19,177,64.97680265223397
19,178,67.77688689918703
19,179,68.1727029027361
19,180,71.93225530628808
19,181,74.63554030832364
19,182,76.42034475718499
19,183,73.37338038798877
19,184,73.17750061015542
19,185,76.85708609751094
19,186,77.14173417279713
19,187,74.42088465338288
19,188,74.79219502351025
19,189,78.12192617839615
19,190,77.27226368027871
19,191,76.53278624846237
19,192,73.50267056311348
19,193,71.62264020860049
19,194,69.53632492069013
19,195,67.09489125346501
19,196,66.53991200812038
19,197,64.39362656848533
19,198,64.39087723835434
19,199,63.60591847794622
19,200,64.64078938441585
19,201,61.453810826656586
19,202,60.9192631187549
19,203,62.944941453581876
19,204,61.81084225061703
19,205,64.52157208605692
19,206,64.08067233283745
19,207,66.59442713889824
19,208,66.19011102355034
19,209,65.78808957528331
19,210,68.25917234080343
19,211,66.55052878049561
19,212,66.03380304710643
19,213,62.32337823175299
19,214,60.46901487655521
19,215,61.01395000022241
19,216,58.554290012048476
19,217,59.63603681506702
19,218,63.19406033123354
19,219,63.57843861729894
19,220,63.81301085506913
19,221,64.06840557025544
19,222,61.25142119758283
19,223,60.45924742734962
19,224,58.476676713950965
19,225,56.68309875443773
19,226,56.59071745092347
19,227,55.69365984524231
19,228,57.0502029704652
19,229,55.95101255416912
19,230,58.8734591464662
19,231,58.14713844653205
19,232,60.28610910181863
19,233,63.77264143963346
19,234,63.57332840905367
19,235,65.45277257764529
19,236,64.73618462020895
19,237,67.48804337310408
19,238,67.70591462673583
19,239,70.26722948431
19,240,70.95760126825714
19,241,73.8665031868137
19,242,71.98625647482812
19,243,68.68663014766953
19,244,67.17277341422778
19,245,64.67138738810026
19,246,65.0769844112266
19,247,62.75231713943696
19,248,63.816208265053724
19,249,62.04573629543621
19,250,58.851020866227465
19,251,55.266079930336346
19,252,53.79090786574473
19,253,50.99755732705701
19,254,48.21668644931074
19,255,45.02997343524757
19,256,41.97586638427213
19,257,38.68892361321607
19,258,40.007677100918265
19,259,38.541964329778665
19,260,38.61751923771353
19,261,36.13432470419691
19,262,36.618876858129426
19,263,35.2097099823852
19,264,36.39820210327473
19,265,34.421692094820884
19,266,36.678769148823
19,267,37.10546897796157
19,268,36.40271855987475
19,269,37.355565504118026
19,270,34.18739239200798
19,271,32.72163327837577
19,272,29.897949635469573
19,273,29.692295702921708
19,274,27.885957380818766
19,275,29.61842995163949
19,276,28.538039751680564
19,277,30.80142095165437
19,278,28.6050243601705
19,279,29.496050750701603
19,280,28.231886366374603
19,281,24.58783378561982
19,282,23.287381371264733
19,283,22.088309829516394
19,284,19.851904448377475
19,285,16.859046327457307
19,286,17.142545000718158
19,287,16.597159408793978
19,288,18.246278413817702
19,289,18.680862740421386
19,290,21.96214565006465
19,291,24.64284173914837
19,292,25.462430046469507
19,293,28.737491049858086
19,294,28.421333045043504
19,295,30.834429522575967
19,296,30.454055911949474
19,297,27.675361938284237
19,298,24.67712376837673
19,299,21.040735191421746
19,300,20.81529070921127
19,301,20.68340868658167
19,302,17.929865923106565
19,303,17.58633966131781
19,304,13.97521320317786
19,305,14.003752254883226
19,306,10.507408792315461
19,307,8.156776967812707
19,308,5.727398232031246
19,309,6.829462477107023
19,310,6.371670117883444
19,311,9.941062172936602
19,312,10.647402748647709
19,313,11.029998382050987
19,314,9.990990342265723
19,315,11.261765806539099
19,316,14.30515710876074
19,317,16.602405285710123
19,318,20.412914247612125
20,1,47.24006073196606
20,2,47.576857465201506
20,3,43.820962167233034
20,4,40.585206473072375
20,5,36.848485682364704
20,6,34.17211305744442
20,7,30.506397419383386
20,8,27.500178380609345
20,9,24.312923880631267
20,10,21.476797418576748
20,11,20.892375390641227
20,12,18.877441271111024
20,13,18.699066593468768
20,14,19.612311599922403
20,15,16.822269720475013
20,16,13.42464362552684
20,17,10.316504091537817
20,18,7.046958134816642
20,19,3.8042499882855183
20,21,3.8035052705565047
20,22,7.0475088579619225
20,23,7.955459868709873
20,24,5.839122267644589
20,25,4.886981846239264
20,26,5.1459242208255835
20,27,6.304130702113478
20,28,9.117219043419915
20,29,9.977480288102994
20,30,13.355403329648869
20,31,12.749659574932716
20,32,10.846335574289418
20,33,12.511356846933623
20,34,12.465515005159885
20,35,12.942300210162449
20,36,14.556231928801438
20,37,18.134733367061664
20,38,19.00159766368926
20,39,22.2881482795285
20,40,25.798875235617825
20,41,29.08386828697679
20,42,30.93593959463723
20,43,33.42811519340606
20,44,34.14163069943131
20,45,34.99117845108501
20,46,38.31403827477708
20,47,37.418533900133994
20,48,37.10630263989631
20,49,37.72184608600672
20,50,41.00259015667816
20,51,40.28867525135726
20,52,43.247823166392074
20,53,43.15628435181023
20,54,45.068281476523964
20,55,45.78572628400269
20,56,48.07387053853007
20,57,48.206308990029655
20,58,46.39756078820304
20,59,46.4898043010221
20,60,49.007505041348686
20,61,51.20731551820017
20,62,51.29532251359649
20,63,52.05377438415644
20,64,54.992297529732845
20,65,56.21573517174083
20,66,56.00463590363524
20,67,58.196417451140555
20,68,55.544504208449084
20,69,53.38114089547372
20,70,56.1600766066197
20,71,54.23760811300201
20,72,51.799931347655104
20,73,54.51506177546652
20,74,53.71177203231494
20,75,50.278134922211855
20,76,47.33411363268891
20,77,43.583120714578214
20,78,40.206239139153354
20,79,38.683259099077006
20,80,40.90710878210381
20,81,39.60555287917598
20,82,41.11736033091681
20,83,41.273642451762875
20,84,41.59486080492338
20,85,44.90726282379547
20,86,46.493996274685536
20,87,49.707348229551855
20,88,52.57719052746674
20,89,56.07973099133876
20,90,58.28817419536403
20,91,59.72607705385425
20,92,57.62904784998492
20,93,56.07110578084593
20,94,53.87908523485265
20,95,51.95655160045367
20,96,51.38205473591526
20,97,48.0199253356178
20,98,47.1431166464995
20,99,43.52459269996011
20,100,44.7289693638722
20,101,47.2382825690659
20,102,44.6795283057072
20,103,42.23368004063539
20,104,44.79089312339215
20,105,46.28513894809984
20,106,42.916217100120924
20,107,41.97098607393418
20,108,45.34973664178041
20,109,44.661481733265184
20,110,48.294453458531265
20,111,51.13271821890487
20,112,53.83681282920382
20,113,56.961909779392016
20,114,60.2029401247154
20,115,63.32569363022043
20,116,65.65289618210713
20,117,69.3222666957646
20,118,69.34809819159312
20,119,72.94157504818176
20,120,73.30792342444951
20,121,77.01748162671646
20,122,78.62533576064475
20,123,75.81230846865476
20,124,74.92158790558253
20,125,71.74530283189333
20,126,69.31179247509252
20,127,69.18952153392222
20,128,67.56016804847566
20,129,66.44861574165374
20,130,66.30728452564168
20,131,62.75120781859851
20,132,61.81623377055879
20,133,63.67490804607063
20,134,63.58008148502446
20,135,65.35927428140236
20,136,68.03031601477514
20,137,69.10773926707377
20,138,67.57687186253632
20,139,65.3809511290003
20,140,63.00517084282094
20,141,60.02627509390612
20,142,60.729399407083676
20,143,59.79969035546767
20,144,61.65482141534579
20,145,65.42674994699954
20,146,66.87978047199641
20,147,70.12117161743153
20,148,72.84904891245408
20,149,76.51148325835437
20,150,79.052913638861
20,151,82.59926149494174
20,152,82.63118415570237
20,153,80.77523474309227
20,154,77.24937073836037
20,155,77.69187503625372
20,156,75.42697976239211
20,157,73.32495126284364
20,158,72.54326281875876
20,159,70.94251633416583
20,160,69.11399877569025
20,161,66.75091887879464
20,162,65.88539943560542
20,163,62.82874510566274
20,164,64.29507535142544
20,165,61.22460525952097
20,166,58.49043509640569
20,167,55.716703719161295
20,168,54.79434015075863
20,169,56.23119799903166
20,170,54.63848266742599
20,171,57.25227893852135
20,172,56.68580377509834
20,173,59.47957929198119
20,174,60.12172199203392
20,175,62.37820735200092
20,176,64.01639056199818
20,177,64.15150001083401
20,178,67.03537024935297
20,179,67.42182257698843
20,180,71.14278845564095
20,181,73.75538634823815
20,182,75.7040434090924
20,183,72.74617870772813
20,184,72.40221081154245
20,185,76.0895049221018
20,186,76.55931532715843
20,187,73.85244041436677
20,188,74.06606377236083
20,189,77.32997726935228
20,190,76.30544756552808
20,191,75.48574493874594
20,192,72.37279317867775
20,193,70.55938931994177
20,194,68.3897685829185
20,195,66.01819882062514
20,196,65.35276800184296
20,197,63.28323755964039
20,198,63.16012579728227
20,199,62.367862690110336
20,200,63.24909128836643
20,201,59.95481567638889
20,202,59.45940011012757
20,203,61.51523355140113
20,204,60.472277131439995
20,205,63.166121036203215
20,206,62.81858572520185
20,207,65.33307099576604
20,208,65.09531337676168
20,209,64.67571893518362
20,210,67.25143818790902
20,211,65.57157814917453
20,212,65.20727920997612
20,213,61.5379607812603
20,214,59.83420240064343
20,215,60.60501736916246
20,216,58.265667188330674
20,217,59.57221215551064
20,218,63.07488627256844
20,219,63.264444317118425
20,220,63.27928219078689
20,221,63.473529608490246
20,222,60.61051618470858
20,223,59.80601377027294
20,224,57.64901079783198
20,225,55.91824603869452
20,226,55.67191943564625
20,227,54.80118143591565
20,228,56.06156707051661
20,229,54.979884603917775
20,230,57.90261087935378
20,231,57.124522733194546
20,232,59.36492657071722
20,233,62.75802749738052
20,234,62.47909231264122
20,235,64.44318163330418
20,236,63.78096733057953
20,237,66.46226167507628
20,238,66.7512070301984
20,239,69.22109466392128
20,240,69.96191142366082
20,241,72.87716589392788
20,242,71.10824895261871
20,243,67.88245953811798
20,244,66.41489380757503
20,245,64.08032915820809
20,246,64.50977242468885
20,247,62.27573747164674
20,248,63.52739690401727
20,249,61.70887366098268
20,250,58.442095609978885
20,251,54.94200900905813
20,252,53.48551535507512
20,253,50.522135646673455
20,254,47.803434534618795
20,255,44.4997206764848
20,256,41.636690431603604
20,257,38.48900952653302
20,258,39.896105273540805
20,259,38.32399359164339
20,260,38.50310653353962
20,261,36.142100205327594
20,262,36.69044484155374
20,263,35.644028784677296
20,264,37.12777065221191
20,265,35.44406551897906
20,266,37.95799277294033
20,267,38.42881686862663
20,268,38.042515785095254
20,269,39.12385697108209
20,270,35.9639164663145
20,271,34.28948392847462
20,272,31.209123164557422
20,273,30.58902013020038
20,274,28.580425353578974
20,275,30.252098989225136
20,276,28.990665859292143
20,277,31.23822707233859
20,278,29.391278258928907
20,279,30.538560003976208
20,280,29.37731792607732
20,281,25.806296796914758
20,282,24.691833118485977
20,283,23.118707407049044
20,284,21.25289178686693
20,285,17.917969762493414
20,286,17.38524665159433
20,287,16.60103171798149
20,288,18.49296786354956
20,289,18.81496407394575
20,290,22.3973750468325
20,291,24.61284753077989
20,292,24.91667554910904
20,293,28.398855439092415
20,294,28.35123176635916
20,295,30.891879374159736
20,296,30.673974240964228
20,297,27.958173050604334
20,298,24.921149861606867
20,299,21.15856562309043
20,300,20.280649905785058
20,301,20.06272022150126
20,302,16.97524630663245
20,303,16.55148497411142
20,304,13.289841095590226
20,305,14.316251952185914
20,306,11.312873710134479
20,307,8.613645607005045
20,308,7.602262812991457
20,309,8.32000335026952
20,310,8.601373225593221
20,311,12.38409554666743
20,312,13.188241997115297
20,313,13.054040088062964
20,314,11.883909701367406
20,315,13.830944134309071
20,316,16.456040038817367
20,317,19.143482527534374
20,318,22.87590847549769
21,1,46.7089656716276
21,2,46.744846385463575
21,3,42.941076061043375
21,4,39.83129873972728
21,5,36.1243832133423
21,6,33.379248423814026
21,7,29.812819797465156
21,8,26.68646184277558
21,9,23.831780454834544
21,10,21.280140428599317
21,11,21.35350481959091
21,12,19.87014703478234
21,13,20.377084100878708
21,14,21.72607398075241
21,15,19.374501312925503
21,16,15.838294057839176
21,17,13.187680238622631
21,18,10.208150838744999
21,19,6.910513083080774
21,20,3.8035052705565047
21,22,3.8080635559242864
21,23,5.512811926003832
21,24,5.300065147760631
21,25,6.6043561201247565
21,26,7.668015914205014
21,27,7.818048189219919
21,28,10.99785663117703
21,29,11.37385600875186
21,30,14.864002534205557
21,31,14.618689800342535
21,32,12.926327751517562
21,33,14.629179293590685
21,34,14.936161953081552
21,35,14.784334019593627
21,36,16.773543084788756
21,37,20.48861981875511
21,38,21.77403758748634
21,39,25.166583575516835
21,40,28.51588438383662
21,41,31.867183118961783
21,42,33.71231203303075
21,43,35.99313534292125
21,44,36.39282246879541
21,45,37.08540880708822
21,46,40.239734351203154
21,47,39.09060286699441
21,48,38.51196253229367
21,49,39.1012256778194
21,50,42.48510286660132
21,51,42.01517192789585
21,52,45.036218335652485
21,53,45.20403169940757
21,54,47.101207949954905
21,55,48.064777631964716
21,56,50.353472954949694
21,57,50.24643103466647
21,58,48.257134338568136
21,59,48.10063871742121
21,60,50.535571690129565
21,61,52.9345406309276
21,62,52.966713948812284
21,63,53.48363723103929
21,64,56.48134981343336
21,65,57.869573532613636
21,66,57.85678274964224
21,67,60.17075728904568
21,68,57.662440887485104
21,69,55.3289860419856
21,70,58.013775367468625
21,71,56.13762539066789
21,72,53.531897419361094
21,73,56.071324679820094
21,74,55.0619356344495
21,75,51.72117796803197
21,76,48.62273799184405
21,77,44.92467606587815
21,78,41.42424752752856
21,79,40.146157547883696
21,80,42.53710651717807
21,81,41.51919109443581
21,82,43.12379586722969
21,83,43.55576044996104
21,84,43.99168960742324
21,85,47.39884842718961
21,86,48.76482123169065
21,87,51.931279086000444
21,88,54.64773261345136
21,89,58.216843502973006
21,90,60.251256861304164
21,91,61.568399292783305
21,92,59.45215474393352
21,93,57.694462805498624
21,94,55.35186440588763
21,95,53.23828267233817
21,96,52.46294838340347
21,97,48.99532895334235
21,98,48.35513923590872
21,99,44.66175314281186
21,100,45.59301967089817
21,101,48.22463727614303
21,102,45.87251516355361
21,103,43.20130296819308
21,104,45.569742495240575
21,105,47.29072938554443
21,106,44.03915558051978
21,107,42.793673946240474
21,108,46.13010990646442
21,109,45.685055427389905
21,110,49.38606389385498
21,111,52.35222742269321
21,112,54.92745688212631
21,113,58.05274463395329
21,114,61.16805012712736
21,115,64.3634655959268
21,116,66.53843824844323
21,117,70.20986103897782
21,118,70.24596713456748
21,119,73.86160517641567
21,120,74.31814059231696
21,121,78.01092491883517
21,122,79.72974779190213
21,123,77.03670355514446
21,124,76.30718941880296
21,125,73.13705328970495
21,126,70.84335969160476
21,127,70.80712793197087
21,128,69.34724268073926
21,129,68.36922470765266
21,130,68.40920896876293
21,131,64.84482602758571
21,132,63.832306504586796
21,133,65.79326020462803
21,134,65.6439526746433
21,135,67.5522718246648
21,136,70.30749055543632
21,137,71.25233952561561
21,138,69.60854743500073
21,139,67.2767677140917
21,140,64.76312904577769
21,141,61.67305955576252
21,142,62.312449552732424
21,143,61.17510997238403
21,144,63.00946602343891
21,145,66.77489056580966
21,146,68.30539717414848
21,147,71.4452247352259
21,148,74.23685221130337
21,149,77.85989057750325
21,150,80.39473880872502
21,151,83.96238604596189
21,152,83.97803812062585
21,153,81.97993645782734
21,154,78.39420647833636
21,155,78.66254104889998
21,156,76.25835813875607
21,157,74.14573194161514
21,158,73.18882945594686
21,159,71.58008639660045
21,160,69.60437768282095
21,161,67.26673285327689
21,162,66.20845385586978
21,163,63.10505345494307
21,164,64.46557162281321
21,165,61.42805193792168
21,166,58.54004938016633
21,167,55.9182691072744
21,168,55.091826633682885
21,169,56.751444424045154
21,170,55.32931695728649
21,171,58.06527738153037
21,172,57.7054554811942
21,173,60.54381008891597
21,174,61.29302641349616
21,175,63.57516205160691
21,176,65.39293068917664
21,177,65.5707576505331
21,178,68.5773487055398
21,179,69.07251140882066
21,180,72.76422742669351
21,181,75.24665117261623
21,182,77.30423721945851
21,183,74.3729444940282
21,184,73.84979480026225
21,185,77.50770718235616
21,186,78.10961666028427
21,187,75.33786210138726
21,188,75.37396324234118
21,189,78.62484936671567
21,190,77.4595628568875
21,191,76.67866667976858
21,192,73.46231420505016
21,193,71.60624096805846
21,194,69.28562581059964
21,195,66.87704753077884
21,196,66.00855847675402
21,197,63.88788817098529
21,198,63.54462815546411
21,199,62.58992735020407
21,200,63.24750013302956
21,201,59.914755103626746
21,202,59.621792562799335
21,203,61.833375169099604
21,204,61.0047347348095
21,205,63.78625183308875
21,206,63.64575665541488
21,207,66.25930943366085
21,208,66.23424959591205
21,209,65.9301427412032
21,210,68.64635096559765
21,211,67.09387610218927
21,212,66.92058106980592
21,213,63.299398342618574
21,214,61.78078641147227
21,215,62.68088888969195
21,216,60.356895570018345
21,217,61.77089652854036
21,218,65.26359207074852
21,219,65.26677077082253
21,220,65.15820936166172
21,221,65.19287102491035
21,222,62.2237279415255
21,223,61.277698614913696
21,224,58.94039053796345
21,225,57.126672895400986
21,226,56.63871152410418
21,227,55.62191300274979
21,228,56.654581035434425
21,229,55.412985997615046
21,230,58.20614453161767
21,231,57.21767972158728
21,232,59.389720769973145
21,233,62.709653138273026
21,234,62.53648414647354
21,235,64.68436456417662
21,236,64.21733973774433
21,237,66.9381542470709
21,238,67.42018409933884
21,239,69.90468087782155
21,240,70.8126646831804
21,241,73.81024487095377
21,242,72.21298381942853
21,243,69.09742854249042
21,244,67.54450818453323
21,245,65.3227065162934
21,246,65.62311538832566
21,247,63.350547969525856
21,248,64.64930542338051
21,249,62.66703478162325
21,250,59.29214297648236
21,251,55.839548190670556
21,252,54.226582376489105
21,253,51.12552265191989
21,254,48.31963268474022
21,255,44.87591488745389
21,256,42.11145028896511
21,257,39.16422468845578
21,258,40.85773049121478
21,259,39.457073418234955
21,260,39.946614101518925
21,261,37.85316178991169
21,262,38.672439455676624
21,263,37.899846257227814
21,264,39.650412588596645
21,265,38.011457608150735
21,266,40.53433402431769
21,267,40.79687190984797
21,268,40.44550859323996
21,269,41.35770598213888
21,270,38.07246372253919
21,271,36.097181566613465
21,272,32.9503076330017
21,273,31.97612633844814
21,274,30.141178280396577
21,275,32.058369195295924
21,276,30.989137655496364
21,277,33.44242241463203
21,278,31.900178895827796
21,279,32.93316438290148
21,280,31.55456268744743
21,281,27.962307883974763
21,282,26.60888824850933
21,283,24.577738678937557
21,284,22.671578156509185
21,285,19.38312680677609
21,286,18.308456169196365
21,287,17.979512073892742
21,288,20.3953737112278
21,289,21.10005459708149
21,290,24.79580668804618
21,291,26.679080975159888
21,292,26.51681227067715
21,293,29.996919655746712
21,294,29.837670048664684
21,295,32.19114287700047
21,296,31.764302400950722
21,297,28.880654867778084
21,298,26.10399825324508
21,299,22.330271605771426
21,300,21.210238672601303
21,301,21.422717337743936
21,302,18.42813337586843
21,303,18.434042721493046
21,304,15.610485695292903
21,305,17.215508294192016
21,306,14.357826164499631
21,307,11.194608660474367
21,308,10.286298704493039
21,309,9.719865116912224
21,310,9.646536052072396
21,311,13.149449405490598
21,312,13.688685754543188
21,313,12.982423693739614
21,314,12.065225189432045
21,315,14.817272929207496
21,316,17.15524782747051
21,317,20.332081861961647
21,318,23.909608306016942
22,1,48.71816773434001
22,2,48.508490891402566
22,3,44.68765610386905
22,4,41.75103713014398
22,5,38.06885584683215
22,6,35.39462979977801
22,7,31.906265091727853
22,8,28.814951247885976
22,9,26.243320863820358
22,10,24.00958773055554
22,11,24.478719888203056
22,12,23.171103083864878
22,13,23.923974627792305
22,14,25.23935545508785
22,15,22.96872068376979
22,16,19.510340122025738
22,17,16.90179137629815
22,18,13.735783440883022
22,19,10.571874138015422
22,20,7.0475088579619225
22,21,3.8080635559242864
22,23,3.802307304869
22,24,6.087618512525672
22,25,8.037562286758646
22,26,10.297040614357638
22,27,10.90445445022926
22,28,14.380296868532685
22,29,14.977828229845278
22,30,18.518333950834688
22,31,18.38261354611132
22,32,16.621720081554766
22,33,18.05512386566507
22,34,18.044956942646706
22,35,17.331879368839267
22,36,19.02272474243634
22,37,22.813915728695964
22,38,24.060714765749218
22,39,27.639193912758774
22,40,30.902046701831036
22,41,34.399361312110265
22,42,35.980732065658934
22,43,38.2284174757488
22,44,38.413667079982126
22,45,39.23412863937245
22,46,42.25666872266659
22,47,41.10887420948056
22,48,40.37326045452707
22,49,40.70031834007195
22,50,44.042932938223586
22,51,43.58820427405213
22,52,46.50290920234516
22,53,46.757286603121095
22,54,48.45420913371693
22,55,49.584514725719494
22,56,51.70879670515037
22,57,51.393610276190785
22,58,49.1755427181976
22,59,48.90614884169115
22,60,51.12961754768833
22,61,53.70849280611969
22,62,53.875502722434646
22,63,54.16478620301441
22,64,57.09392578027821
22,65,58.708369865012095
22,66,58.77227877565839
22,67,61.270883591796334
22,68,58.926406219379906
22,69,56.51708639935493
22,70,59.220779699811516
22,71,57.52973402120272
22,72,54.76990277781373
22,73,57.17295181140778
22,74,56.10950591758998
22,75,52.89767656073576
22,76,49.750187065946555
22,77,46.11750303286065
22,78,42.581185951990186
22,79,41.33559031812665
22,80,43.683697931574955
22,81,42.809577083017686
22,82,44.27722577367219
22,83,44.874778009807635
22,84,45.21110229016427
22,85,48.74055758792859
22,86,49.93583155059211
22,87,52.95643554533151
22,88,55.52397860134867
22,89,59.168606148673156
22,90,61.04489898341293
22,91,62.14529223891154
22,92,59.89422893300764
22,93,57.979755478941385
22,94,55.44203961645849
22,95,53.2404918238732
22,96,52.19845908118553
22,97,48.70078491591636
22,98,48.35474387601619
22,99,44.64965519649275
22,100,45.44076817572931
22,101,48.27610711106502
22,102,46.16217455784538
22,103,43.37583424043876
22,104,45.69220881231867
22,105,47.68217510554094
22,106,44.603722506895515
22,107,43.2052227079793
22,108,46.59137566353674
22,109,46.45183718478261
22,110,50.20186516616229
22,111,53.159522501292216
22,112,55.7300398633243
22,113,58.74364228306898
22,114,61.78320368118769
22,115,64.95032230307012
22,116,66.94965012403206
22,117,70.5782905438205
22,118,70.48197584412777
22,119,74.06431746385599
22,120,74.47277716026906
22,121,78.11956156814762
22,122,79.84254662650791
22,123,77.23030178195742
22,124,76.67484939707192
22,125,73.58670252265792
22,126,71.4396836366249
22,127,71.35178760394359
22,128,70.02652625308265
22,129,69.07524375061128
22,130,69.26454238662059
22,131,65.65320264610787
22,132,64.70606041757298
22,133,66.84508114810446
22,134,66.79296449583502
22,135,68.87113883900332
22,136,71.61553538021525
22,137,72.37617849583283
22,138,70.55893912889478
22,139,68.165720420148
22,140,65.50554754412961
22,141,62.37792525389443
22,142,63.11275875707502
22,143,61.794006547952016
22,144,63.469834310999914
22,145,67.19800961601317
22,146,68.66696691347336
22,147,71.69445176822227
22,148,74.45321285097005
22,149,78.0164750939071
22,150,80.62824584867694
22,151,84.17483749363745
22,152,84.0673895120048
22,153,81.95774186473383
22,154,78.34103172019374
22,155,78.49526142975812
22,156,75.96396717257177
22,157,73.95118205367486
22,158,72.90888969302019
22,159,71.41854313767648
22,160,69.40307846941543
22,161,67.20246823530152
22,162,66.06329814753498
22,163,63.018685468809274
22,164,64.42450987832818
22,165,61.5138014794354
22,166,58.56101704807428
22,167,55.991656902023465
22,168,55.07605981305878
22,169,56.83897901787058
22,170,55.436039080379075
22,171,58.16231590321236
22,172,57.87347828909146
22,173,60.63184593556154
22,174,61.330949520424326
22,175,63.510329242588256
22,176,65.43013624344346
22,177,65.51081416896292
22,178,68.58909267749168
22,179,69.07842672098005
22,180,72.7131012383334
22,181,75.08930272281427
22,182,77.30295131741589
22,183,74.47133173976376
22,184,73.79782035679729
22,185,77.44566613437168
22,186,78.230780405531
22,187,75.47978119075336
22,188,75.35341658732132
22,189,78.52680529370956
22,190,77.18722317458321
22,191,76.3339790351044
22,192,73.04324113735974
22,193,71.25789963668245
22,194,68.85533961265605
22,195,66.52442878028208
22,196,65.53485623712852
22,197,63.49619764736687
22,198,63.01563795725318
22,199,62.042168448565555
22,200,62.5199157899583
22,201,59.096447610463265
22,202,58.86738361571348
22,203,61.11175075098182
22,204,60.400137616779695
22,205,63.15626772633418
22,206,63.127208604715264
22,207,65.73455122778515
22,208,65.88957694980449
22,209,65.5777827483289
22,210,68.39054660426218
22,211,66.88160502673345
22,212,66.86737078343339
22,213,63.309555591836805
22,214,61.953236505098495
22,215,63.068029170044035
22,216,60.87292005115396
22,217,62.490953934705594
22,218,65.91180587598984
22,219,65.72590074823158
22,220,65.40465054984455
22,221,65.37337676603352
22,222,62.37248348237513
22,223,61.4121114096396
22,224,58.91161332347549
22,225,57.16490161156196
22,226,56.51351917140446
22,227,55.516711216852194
22,228,56.427267649145115
22,229,55.19546592783959
22,230,57.954496326127156
22,231,56.89949317519423
22,232,59.14604564626849
22,233,62.346959539164665
22,234,62.11038255931609
22,235,64.34815284183598
22,236,63.95680814168379
22,237,66.5987204078898
22,238,67.16554680857627
22,239,69.55052743900502
22,240,70.51784482322317
22,241,73.51462447474299
22,242,72.04583432398691
22,243,69.02478840177665
22,244,67.5177745178087
22,245,65.47530265886961
22,246,65.78629295875152
22,247,63.60859173132169
22,248,65.078336288762
22,249,63.04891372842865
22,250,59.61876635360541
22,251,56.27351419260176
22,252,54.67535212244452
22,253,51.42976040858957
22,254,48.69895995239211
22,255,45.168910021440745
22,256,42.62527892617732
22,257,39.86619704416382
22,258,41.64215435803944
22,259,40.181068126901955
22,260,40.7810010524326
22,261,38.84509512855871
22,262,39.72333125220086
22,263,39.286065075005276
22,264,41.26925805788998
22,265,39.89050590398024
22,266,42.591588690903464
22,267,42.880707985727646
22,268,42.781663167953184
22,269,43.77943684143164
22,270,40.52476813500523
22,271,38.39868060904333
22,272,35.0939866786657
22,273,33.791140493182326
22,274,31.841271385494515
22,275,33.6848196537898
22,276,32.49889709152119
22,277,34.90033798426911
22,278,33.679203739263386
22,279,34.89408229902736
22,280,33.6112273139345
22,281,30.14056121134956
22,282,28.945104897034916
22,283,26.670562588847258
22,284,25.088029674684627
22,285,21.680743125240127
22,286,20.027502758238985
22,287,19.565787951000978
22,288,22.070253891636813
22,289,22.67104725287201
22,290,26.46513463235999
22,291,27.90108547500224
22,292,27.269997678668915
22,293,30.832804445101953
22,294,30.90392822760964
22,295,33.29947742549946
22,296,33.00398824077469
22,297,30.226048202712853
22,298,27.51510160282125
22,299,23.77118215359627
22,300,22.128368582873026
22,301,22.296255875084753
22,302,19.188900778063864
22,303,19.16069212977383
22,304,16.89002184751129
22,305,19.132343285369416
22,306,16.78017623708673
22,307,13.72285505036256
22,308,13.549479339068316
22,309,12.952786005466988
22,310,13.204906277517459
22,311,16.560253285709845
22,312,17.09011214816832
22,313,16.098862846257703
22,314,15.126422383905776
22,315,18.057073785932253
22,316,20.004836250410747
22,317,23.324298639700032
22,318,26.753128342713783
23,1,47.28019176205989
23,2,47.0791192244628
23,3,43.283165435274725
23,4,40.47247707713964
23,5,36.748410488756434
23,6,34.35998348560675
23,7,30.800821199073013
23,8,28.003133349920354
23,9,25.437430386932157
23,10,23.532752630162463
23,11,24.10388081060141
23,12,22.549965637465235
23,13,23.420837490083027
23,14,24.380937495452976
23,15,22.303986497348582
23,16,19.155420021709915
23,17,16.91729125677018
23,18,13.557557353146683
23,19,11.1993871166001
23,20,7.955459868709873
23,21,5.512811926003832
23,22,3.802307304869
23,24,3.813552038286632
23,25,6.926142096181641
23,26,9.153575986158861
23,27,9.806097356605925
23,28,13.518068553688384
23,29,14.88968843451897
23,30,18.638518944059417
23,31,19.17112007443749
23,32,17.991703190388904
23,33,19.978434107542938
23,34,20.16973635811333
23,35,20.021766561662282
23,36,21.604667357438853
23,37,25.348161931908137
23,38,26.24403153116074
23,39,29.74901533325181
23,40,33.192458895971114
23,41,36.630252289954484
23,42,38.229346178375216
23,43,40.693564867763115
23,44,41.14148614579646
23,45,42.068664591128595
23,46,45.22009481554955
23,47,44.19892671054859
23,48,43.60272707310772
23,49,43.97727720335276
23,50,47.28264883751449
23,51,46.685760579160295
23,52,49.555782515552764
23,53,49.62491652004406
23,54,51.28505503777616
23,55,52.2351254523728
23,56,54.2985661236582
23,57,54.14376754096314
23,58,51.989228864994125
23,59,51.90114493049835
23,60,54.098807519613494
23,61,56.59283418096334
23,62,56.879171685969894
23,63,57.27536122014196
23,64,60.12716630551891
23,65,61.7089424905839
23,66,61.6210097288339
23,67,64.0925226900793
23,68,61.6689430903968
23,69,59.39071363955397
23,70,62.19265214840108
23,71,60.51200355503684
23,72,57.84025014545155
23,73,60.34459664355188
23,74,59.40498365712524
23,75,56.152399714306355
23,76,53.08135851659382
23,77,49.41707789679071
23,78,45.93279550364216
23,79,44.542577801340265
23,80,46.77224025030337
23,81,45.70604914989111
23,82,47.038465806980376
23,83,47.42005681768156
23,84,47.55765352921747
23,85,51.05166577600438
23,86,52.43258625360784
23,87,55.42963272311812
23,88,58.09670347580031
23,89,61.72052430719502
23,90,63.70629143082167
23,91,64.79909716421774
23,92,62.457511774547115
23,93,60.65329549117905
23,94,58.11950427408553
23,95,56.05477259708009
23,96,54.99698598149981
23,97,51.5734632427539
23,98,51.223636411574894
23,99,47.570574409824225
23,100,48.52222849112492
23,101,51.39863567163596
23,102,49.24301087508174
23,103,46.56858554303175
23,104,49.0088911436821
23,105,50.97091621736588
23,106,47.870360186870826
23,107,46.60806152380752
23,108,50.047120572937594
23,109,49.85366237639933
23,110,53.58703644229324
23,111,56.470903834094685
23,112,59.12591379232196
23,113,62.115231855368144
23,114,65.2138789322336
23,115,68.3333902495073
23,116,70.3692050994355
23,117,73.9855211889622
23,118,73.82542697212844
23,119,77.38094099675035
23,120,77.6961360764986
23,121,81.33470275577525
23,122,82.9692757060593
23,123,80.29781425767551
23,124,79.70181516134222
23,125,76.65201013153083
23,126,74.45516350553162
23,127,74.25271362961315
23,128,72.83161954546269
23,129,71.74489407425291
23,130,71.81749888140263
23,131,68.17522075477359
23,132,67.36625804251445
23,133,69.49844884914286
23,134,69.55648874696155
23,135,71.57771481376288
23,136,74.22881340821239
23,137,75.04886133441545
23,138,73.25961274392328
23,139,70.97552262130749
23,140,68.37073128907292
23,141,65.32601345916858
23,142,66.16836291649517
23,143,64.93945092803436
23,144,66.55607011637447
23,145,70.27653460925441
23,146,71.63824483855129
23,147,74.69605362667012
23,148,77.37308454793363
23,149,80.93876504228915
23,150,83.61564235425317
23,151,87.13113797221556
23,152,86.94854554404532
23,153,84.89680236496568
23,154,81.31126721913216
23,155,81.54644842544698
23,156,79.04291458875949
23,157,77.10942938671762
23,158,76.1498765644412
23,159,74.73731197758846
23,160,72.79726512435359
23,161,70.6477506647422
23,162,69.58010903769689
23,163,66.58039505413652
23,164,68.05233442099143
23,165,65.16357049997661
23,166,62.24652243103742
23,167,59.6316282422867
23,168,58.6428170824878
23,169,60.33209016247125
23,170,58.83164178823369
23,171,61.475611853994266
23,172,61.066723276830224
23,173,63.74516478221085
23,174,64.31188319813208
23,175,66.3901716776952
23,176,68.20270289160997
23,177,68.14344040077044
23,178,71.14233050759726
23,179,71.47652622891883
23,180,75.09880565547184
23,181,77.54705816402296
23,182,79.7829293628951
23,183,77.01123960333766
23,184,76.42117225740276
23,185,80.10286508043168
23,186,80.89691397272604
23,187,78.23664018896092
23,188,78.17385781123969
23,189,81.29936170380083
23,190,79.95764558304134
23,191,78.9847348792367
23,192,75.73641824074504
23,193,74.06676283205991
23,194,71.74618227876029
23,195,69.51557266610003
23,196,68.61428480109336
23,197,66.67795622667614
23,198,66.27118807064426
23,199,65.39763174158976
23,200,65.90279877112961
23,201,62.438729493575586
23,202,62.117388274757005
23,203,64.27166843288109
23,204,63.47248691159088
23,205,66.13128168767409
23,206,65.99614629000159
23,207,68.49480296840058
23,208,68.58411210293447
23,209,68.1177295235897
23,210,70.85611642629847
23,211,69.210039827769
23,212,69.09492541625639
23,213,65.52701980077767
23,214,64.06074132406172
23,215,65.21850761935565
23,216,63.13059771155473
23,217,64.7869032660532
23,218,68.16460696070703
23,219,68.07462185887232
23,220,67.71767297356656
23,221,67.8482656281598
23,222,64.94991749112668
23,223,64.14788033097464
23,224,61.706802569397226
23,225,60.098121250761416
23,226,59.557494686642116
23,227,58.7000075291316
23,228,59.71346047258442
23,229,58.59504101819004
23,230,61.42064386452937
23,231,60.44559489804755
23,232,62.757526686578366
23,233,65.94580700567687
23,234,65.63039719989445
23,235,67.81655602062837
23,236,67.34596019840406
23,237,69.9184757287948
23,238,70.39659243788701
23,239,72.70424875034381
23,240,73.5704036030371
23,241,76.49298893708499
23,242,74.9550623718589
23,243,71.89094096602757
23,244,70.50490218603301
23,245,68.47822838095732
23,246,68.914805589637
23,247,66.81980699684829
23,248,68.34126901257521
23,249,66.40382680887895
23,250,63.01562799374688
23,251,59.674842861878496
23,252,58.16908150110604
23,253,54.94500480031325
23,254,52.27243210961411
23,255,48.774373755242785
23,256,46.229641928591974
23,257,43.40869829547665
23,258,45.06612986266515
23,259,43.47943835525005
23,260,43.896085735244675
23,261,41.78904736252851
23,262,42.43663753202807
23,263,41.86660739917612
23,264,43.656643994396305
23,265,42.31158343635682
23,266,45.04850394594205
23,267,45.531689766444345
23,268,45.38856298540003
23,269,46.485513166578954
23,270,43.28365150306201
23,271,41.34401588489434
23,272,38.10266308678268
23,273,37.01118567239053
23,274,34.98256443404634
23,275,36.68802469297273
23,276,35.32800038429648
23,277,37.53904702828402
23,278,36.10320188215563
23,279,37.48010239023605
23,280,36.37170955517624
23,281,32.88775097405707
23,282,31.78944218185198
23,283,29.759613496343544
23,284,28.051398913251603
23,285,24.65854779691567
23,286,23.316888051292022
23,287,22.67151696617643
23,288,24.896690512686583
23,289,25.14280998729381
23,290,28.90890393151295
23,291,30.51660451553187
23,292,30.101078551196935
23,293,33.748904092571564
23,294,34.002499161788975
23,295,36.55214132893083
23,296,36.38204411326169
23,297,33.655433428000336
23,298,30.816153412105386
23,299,27.0406884563884
23,300,25.450585586756794
23,301,25.32018253048045
23,302,22.011688080212696
23,303,21.47871679196224
23,304,18.996415925317418
23,305,20.9616061437716
23,306,18.589226792853054
23,307,15.901617818317428
23,308,15.392462771755458
23,309,15.206326620305683
23,310,14.811090324539295
23,311,18.17247005034532
23,312,18.012502426291768
23,313,16.386005477874487
23,314,14.589677938905831
23,315,17.211246175041694
23,316,18.53247423586073
23,317,21.78299533468234
23,318,25.02223461640341
24,1,46.196351829523906
24,2,46.29231956008091
24,3,42.530435937178275
24,4,39.589433232325746
24,5,35.81083789650391
24,6,33.50171798451819
24,7,29.8091536867221
24,8,27.1355121306295
24,9,24.22677315595902
24,10,22.103915320927705
24,11,22.174627577622395
24,12,20.15044267126586
24,13,20.604862018177457
24,14,21.19752425548324
24,15,18.93285059466
24,16,15.967982410414924
24,17,13.707960350185378
24,18,10.202769960153567
24,19,8.494951998648554
24,20,5.839122267644589
24,21,5.300065147760631
24,22,6.087618512525672
24,23,3.813552038286632
24,25,3.797946933606616
24,26,5.4349608629166175
24,27,6.586941423614655
24,28,10.357640920012564
24,29,12.339281567970152
24,30,16.125717145271828
24,31,16.750181048480616
24,32,15.782894529082007
24,33,18.031781585228863
24,34,18.253445917596995
24,35,18.742660596270103
24,36,20.202510502167815
24,37,23.803127473589385
24,38,24.390071090128146
24,39,27.72256957876281
24,40,31.310297701635598
24,41,34.621248665022506
24,42,36.31989525240037
24,43,38.96114893287547
24,44,39.72810573567
24,45,40.7145473065898
24,46,44.032094200200426
24,47,43.17794505665037
24,48,42.818242366980996
24,49,43.3211543125955
24,50,46.57672169661204
24,51,45.8094148913743
24,52,48.67384436453215
24,53,48.521316043963644
24,54,50.25685945396028
24,55,50.95821603075687
24,56,53.06781206426116
24,57,53.169845995988425
24,58,51.22272179030254
24,59,51.36149364106124
24,60,53.68285436465061
24,61,55.973967940358534
24,62,56.266858449247735
24,63,56.91399260748122
24,64,59.742510994655056
24,65,61.13333300277431
24,66,60.86613660796372
24,67,63.187199561925
24,68,60.59838442948882
24,69,58.48003402110863
24,70,61.34997220986944
24,71,59.572512456332014
24,72,57.07883409315674
24,73,59.75891648688731
24,74,58.98443656185945
24,75,55.619535203800865
24,76,52.670680459322554
24,77,48.94450274443546
24,78,45.55295129489584
24,79,43.98515354255534
24,80,46.112076184050125
24,81,44.789388134184236
24,82,46.08856077222411
24,83,46.19794835419634
24,84,46.25730457067602
24,85,49.63745318268075
24,86,51.25655773831227
24,87,54.32914983571636
24,88,57.16617241006155
24,89,60.71569367463892
24,90,62.89072245081793
24,91,64.13751333564073
24,92,61.8385019514254
24,93,60.23768851997133
24,94,57.86754190638009
24,95,55.9774184677939
24,96,55.135657660616424
24,97,51.796201376507504
24,98,51.19460452886454
24,99,47.59556961461297
24,100,48.79284208627949
24,101,51.53371191187144
24,102,49.156934234533345
24,103,46.674504054994706
24,104,49.270628058865626
24,105,50.99733191849467
24,106,47.75605376801483
24,107,46.74673024231999
24,108,50.20537877360624
24,109,49.74584151461257
24,110,53.421012121386916
24,111,56.222313471197474
24,112,58.97064917327123
24,113,62.00084664765178
24,114,65.21516584934427
24,115,68.29640321054264
24,116,70.49894635337203
24,117,74.13099994102993
24,118,74.00516919251714
24,119,77.55780625836488
24,120,77.82043550645982
24,121,81.48752772762725
24,122,83.03724820044883
24,123,80.24879695676934
24,124,79.4790560808644
24,125,76.40029674766161
24,126,74.05142837264974
24,127,73.79356363174487
24,128,72.1974242164091
24,129,70.99018715250465
24,130,70.86911668380733
24,131,67.24353850211955
24,132,66.48730475185344
24,133,68.48689137777505
24,134,68.56411214617681
24,135,70.42776217922658
24,136,73.0103222052658
24,137,73.99592134625497
24,138,72.34944694039113
24,139,70.19531425272118
24,140,67.74217623442144
24,141,64.79570068288896
24,142,65.66127531985192
24,143,64.64380658164094
24,144,66.32299323658324
24,145,70.06175465683161
24,146,71.37963402419673
24,147,74.54956245790271
24,148,77.18523890170174
24,149,80.79993605806523
24,150,83.46508945691417
24,151,86.97069885604161
24,152,86.83064786880263
24,153,84.92005711384772
24,154,81.38751913281897
24,155,81.78893936588294
24,156,79.42278746334608
24,157,77.47076067304245
24,158,76.66449904516261
24,159,75.22372492793406
24,160,73.39854213972247
24,161,71.1871814526859
24,162,70.27589376608252
24,163,67.28412483144295
24,164,68.81240316301076
24,165,65.85374338258666
24,166,63.05199329702088
24,167,60.317962930824216
24,168,59.2955960502536
24,169,60.8056843765901
24,170,59.179326627297115
24,171,61.74357646630548
24,172,61.162479376475574
24,173,63.83203785848504
24,174,64.32824191987544
24,175,66.41158661076717
24,176,68.05570059668868
24,177,67.97808903129607
24,178,70.85940876240228
24,179,71.09554749939052
24,180,74.7565392056523
24,181,77.34257429019205
24,182,79.45716117429622
24,183,76.64277045434326
24,184,76.23804008556293
24,185,79.95050906902192
24,186,80.59505254505764
24,187,77.98468932994645
24,188,78.10613104836527
24,189,81.26115822732758
24,190,80.0716426310835
24,191,79.07745257081109
24,192,75.92765213997181
24,193,74.2792858400701
24,194,72.09642310409849
24,195,69.87606467280031
24,196,69.15959986543771
24,197,67.23935226168713
24,198,67.02971827027928
24,199,66.27624451838453
24,200,66.98882799826494
24,201,63.56941145881233
24,202,63.087065589779115
24,203,65.12355338602805
24,204,64.13399140445242
24,205,66.73500197019106
24,206,66.41151068926766
24,207,68.83347166701718
24,208,68.7113118202257
24,209,68.14471211910212
24,210,70.74640133716784
24,211,68.97458768518703
24,212,68.65885427926847
24,213,65.03316221831717
24,214,63.36573180980968
24,215,64.37303772443066
24,216,62.25148573634869
24,217,63.773661507716824
24,218,67.1746280981223
24,219,67.29298954301339
24,220,67.08447495573488
24,221,67.37401510150511
24,222,64.57352765148673
24,223,63.89613115164878
24,224,61.63650271020772
24,225,60.07902619908182
24,226,59.766138116594746
24,227,59.01343201214636
24,228,60.228534419070805
24,229,59.218769938568606
24,230,62.14943517895259
24,231,61.33449235286146
24,232,63.671465107134686
24,233,66.95238871105327
24,234,66.58692320254636
24,235,68.6247386714317
24,236,67.99516922587905
24,237,70.56561061856789
24,238,70.88003807191076
24,239,73.20521909041904
24,240,73.92922094794056
24,241,76.79014170209096
24,242,75.08366012981921
24,243,71.90555804537647
24,244,70.5769596170796
24,245,68.4152778235987
24,246,68.95028882192297
24,247,66.85617336789691
24,248,68.29407177299655
24,249,66.48781672998504
24,250,63.18964352359021
24,251,59.777155957535314
24,252,58.37120966807861
24,253,55.28250873519191
24,254,52.63620129044144
24,255,49.249781527178605
24,256,46.55852413163418
24,257,43.53795027257782
24,258,44.985921205907104
24,259,43.30088777646537
24,260,43.46467507726022
24,261,41.11109443579137
24,262,41.53075269870501
24,263,40.650486523727565
24,264,42.15104160970537
24,265,40.69547678892848
24,266,43.36163734535449
24,267,43.998687369445356
24,268,43.72675009157279
24,269,44.90342591261134
24,270,41.77919102199444
24,271,40.11026789924298
24,272,36.99015138881237
24,273,36.26115789013379
24,274,34.17183375555543
24,275,35.74051025625437
24,276,34.28149006907505
24,277,36.34761689029878
24,278,34.57620114229263
24,279,35.986913367656875
24,280,35.00826266015661
24,281,31.501442686800797
24,282,30.49624124477373
24,283,28.85358212855727
24,284,27.019050337686792
24,285,23.669752971761955
24,286,22.86180315110658
24,287,22.00784952648319
24,288,23.873758140161858
24,289,23.86524334992851
24,290,27.513756303965305
24,291,29.49215117571258
24,292,29.54301640550035
24,293,33.1840641822179
24,294,33.4559974000177
24,295,36.12416146277885
24,296,36.041716083713474
24,297,33.37108868599849
24,298,30.346741435706136
24,299,26.55991670550093
24,300,25.28314122462702
24,301,24.88592214916282
24,302,21.515140726522624
24,303,20.645445405926125
24,304,17.71528963491477
24,305,19.099599012878084
24,306,16.544333486655617
24,307,14.234298852846448
24,308,13.37651943754276
24,309,13.826181529432871
24,310,13.212272517672666
24,311,16.69974571142655
24,312,16.404325593118934
24,313,14.91998796626223
24,314,12.65837404740886
24,315,14.680397477665123
24,316,16.091291923448118
24,317,19.020761778335952
24,318,22.39049396905229
25,1,48.359640786455536
25,2,48.69817103034402
25,3,44.972201832696896
25,4,41.91064762292118
25,5,38.11849965918005
25,6,35.80704545748179
25,7,32.05319908881432
25,8,29.40448956809427
25,9,26.232437386780255
25,10,23.790504162963295
25,11,23.279576855256632
25,12,20.84608119138712
25,13,20.603074715701503
25,14,20.771719497042373
25,15,17.98100862393196
25,16,15.191503275456576
25,17,12.395243159311304
25,18,8.604907555618459
25,19,7.260921004825902
25,20,4.886981846239264
25,21,6.6043561201247565
25,22,8.037562286758646
25,23,6.926142096181641
25,24,3.797946933606616
25,26,3.8009623072853542
25,27,6.933237227549104
25,28,10.28759364104577
25,29,12.602678739747653
25,30,16.183969535223916
25,31,16.255541193977887
25,32,14.87436706193712
25,33,16.729899263166338
25,34,16.345383563839988
25,35,17.015255347197094
25,36,17.903152513374955
25,37,21.358576782683716
25,38,21.497375868716574
25,39,24.80279698732747
25,40,28.46355389156215
25,41,31.776526450152488
25,42,33.31249473618504
25,43,36.1291948718526
25,44,37.08650959151807
25,45,38.30292832301365
25,46,41.708384855314705
25,47,41.12634835929933
25,48,40.963066849561464
25,49,41.3473731163586
25,50,44.46349581881226
25,51,43.44868679165629
25,52,46.188397686618465
25,53,45.813557764852746
25,54,47.46557976833852
25,55,47.99881848694254
25,56,50.03030525038765
25,57,50.27578319553097
25,58,48.41591945719345
25,59,48.75642522808322
25,60,51.074766138091476
25,61,53.23297313797879
25,62,53.634488277924795
25,63,54.43330214048794
25,64,57.17168077840666
25,65,58.483281525846955
25,66,58.0502096412143
25,67,60.322539029231116
25,68,57.66550653813557
25,69,55.68517483139193
25,70,58.65328915934677
25,71,56.915717947893725
25,72,54.526512891449315
25,73,57.32198007871319
25,74,56.73993017727909
25,75,53.3416582710876
25,76,50.53785013103216
25,77,46.79310888135372
25,78,43.52208064023706
25,79,41.715605159511654
25,80,43.64461016000128
25,81,42.102588009439856
25,82,43.24528479013495
25,83,43.1571730813252
25,84,43.06665792902651
25,85,46.401688938738694
25,86,48.15443756095188
25,87,51.20955216818
25,88,54.131035500532214
25,89,57.64105450991184
25,90,59.91997788979692
25,91,61.20527921532327
25,92,58.88417346067431
25,93,57.424044197530975
25,94,55.141690244175294
25,95,53.41096872783085
25,96,52.690163302821176
25,97,49.44933825071316
25,98,48.701575401450185
25,99,45.17822355448429
25,100,46.602599613923175
25,101,49.281507764791606
25,102,46.7815698136932
25,103,44.49169382976232
25,104,47.259797458029354
25,105,48.848699575289636
25,106,45.5592312914283
25,107,44.80420135636641
25,108,48.322805531257664
25,109,47.734981398428445
25,110,51.35397734707865
25,111,54.01242100400521
25,112,56.89172178044691
25,113,59.87001048217493
25,114,63.18308397952228
25,115,66.17225984568582
25,116,68.46357340577495
25,117,72.07387104677998
25,118,71.88655436781303
25,119,75.40133570420154
25,120,75.55321063305446
25,121,79.21941084512412
25,122,80.65671335310883
25,123,77.77612442628796
25,124,76.9047530401341
25,125,73.85069421105935
25,126,71.41712933734318
25,127,71.05632852601376
25,128,69.34459772595368
25,129,68.0209319607329
25,130,67.78246650680917
25,131,64.15190800554137
25,132,63.4912628733773
25,133,65.45830114750423
25,134,65.62584128626705
25,135,67.43320323337933
25,136,69.92841170104357
25,137,70.96490649596754
25,138,69.36096508242424
25,139,67.31596077605167
25,140,64.94447302469102
25,141,62.09637254284687
25,142,63.06156252711045
25,143,62.1845080213316
25,144,63.823349455589614
25,145,67.55166750670442
25,146,68.76992457852047
25,147,72.00016975619774
25,148,74.56087377746718
25,149,78.19298182297747
25,150,80.88700762969623
25,151,84.36303378539968
25,152,84.20163319914462
25,153,82.39729356485132
25,154,78.91626935177287
25,155,79.45625364952372
25,156,77.19394416017309
25,157,75.28334488399581
25,158,74.63085575417948
25,159,73.23734055233648
25,160,71.55511368349912
25,161,69.36588231785444
25,162,68.63383493600841
25,163,65.71640312378807
25,164,67.37828839855106
25,165,64.43472266829795
25,166,61.78011370523508
25,167,58.89843335262364
25,168,57.736081678907105
25,169,59.042959627891236
25,170,57.243247644369326
25,171,59.67319422412955
25,172,58.90418916910388
25,173,61.49850543105845
25,174,61.871232784986546
25,175,63.89701393244037
25,176,65.39608722795407
25,177,65.25268930926885
25,178,68.03707513765761
25,179,68.17466035301175
25,180,71.84670891734913
25,181,74.52337618559291
25,182,76.57409394549012
25,183,73.761180726773
25,184,73.48265941780946
25,185,77.21742038231704
25,186,77.78664565547837
25,187,75.2441185749246
25,188,75.48846268834782
25,189,78.63323746463077
25,190,77.53358986690972
25,191,76.48707191073997
25,192,73.418864703763
25,193,71.82822653011142
25,194,69.77215852489206
25,195,67.60992991284022
25,196,67.06378207424697
25,197,65.22022487776728
25,198,65.19759036560114
25,199,64.60960725685757
25,200,65.5057772526677
25,201,62.10285537092357
25,202,61.42499841130539
25,203,63.30744933800009
25,204,62.131263557037585
25,205,64.63601390459131
25,206,64.1365863201621
25,207,66.45998545852524
25,208,66.17792209033954
25,209,65.5034532278279
25,210,67.99663248106971
25,211,66.1226357132996
25,212,65.67368800084752
25,213,62.021952500903346
25,214,60.233156344258695
25,215,61.178711737319915
25,216,59.07804400958824
25,217,60.563228682445164
25,218,63.949320817543516
25,219,64.17740864438198
25,220,64.02258260569606
25,221,64.43631467394407
25,222,61.726257019682926
25,223,61.17759126340224
25,224,59.04559794438061
25,225,57.58993094202217
25,226,57.46701330480346
25,227,56.869050167311215
25,228,58.27821573659027
25,229,57.440514900592746
25,230,60.49547234882416
25,231,59.88568510481271
25,232,62.32386878109698
25,233,65.64116705369044
25,234,65.1369761592783
25,235,67.0048936444597
25,236,66.1923972588828
25,237,68.69371198227256
25,238,68.83381235284006
25,239,71.11231537146203
25,240,71.68430141747125
25,241,74.46146700569047
25,242,72.62329066440435
25,243,69.36689925129524
25,244,68.13593603824262
25,245,65.92035179485566
25,246,66.58754054698697
25,247,64.56757150859283
25,248,66.01881711904709
25,249,64.36715043710736
25,250,61.164640903461255
25,251,57.747578514438004
25,252,56.516398473890305
25,253,53.51992419770915
25,254,51.00148323917807
25,255,47.734769271830885
25,256,45.032229247329354
25,257,41.88082892981383
25,258,43.056627654198564
25,259,41.16844862149385
25,260,41.058140673212435
25,261,38.506612954314775
25,262,38.68044064228236
25,263,37.68068464042726
25,264,39.02566320191405
25,265,37.65957092066172
25,266,40.40105849681217
25,267,41.25757638520719
25,268,41.09762588099467
25,269,42.49756334752115
25,270,39.53529529437446
25,271,38.09547776487025
25,272,34.959951588741326
25,273,34.4170905825216
25,274,32.09015487136966
25,275,33.359374147901775
25,276,31.65280969694383
25,277,33.47823057522368
25,278,31.57323785598642
25,279,33.1856587656009
25,280,32.48474629342402
25,281,29.091604374687524
25,282,28.433675021762397
25,283,27.125045938291038
25,284,25.543443322307663
25,285,22.091174776692544
25,286,21.49489462523852
25,287,20.129655140958242
25,288,21.503895648175074
25,289,21.056762251435394
25,290,24.60939953606613
25,291,26.684642983828507
25,292,26.99530302572926
25,293,30.655655733814182
25,294,31.1404251065262
25,295,34.00999238939714
25,296,34.20922566860868
25,297,31.776080829975744
25,298,28.522855564653824
25,299,24.780739941929404
25,300,23.50788709204729
25,301,22.660600483240408
25,302,19.174762362093315
25,303,17.861592183872652
25,304,14.787719838690148
25,305,15.926555375296752
25,306,13.629073726863119
25,307,11.95130523376035
25,308,11.600728023077426
25,309,13.056093108806609
25,310,13.119149046217487
25,311,16.811813351335598
25,312,17.03720472650396
25,313,16.241566720590356
25,314,14.068152697273273
25,315,15.46285245362662
25,316,17.239950891606767
25,317,19.672966809731243
25,318,23.202629338012642
26,1,45.42781932701713
26,2,45.96670348595388
26,3,42.28461311740654
26,4,39.125546919546174
26,5,35.34002391488827
26,6,33.057836968542
26,7,29.271985410186172
26,8,26.72024788877839
26,9,23.366486385403448
26,10,20.81452121533766
26,11,19.986594016874676
26,12,17.323220771382978
26,13,16.904736333204085
26,14,16.973022104342213
26,15,14.23189236628056
26,16,11.51326106031014
26,17,9.007641932808927
26,18,5.322317575655729
26,19,5.287772376395044
26,20,5.1459242208255835
26,21,7.668015914205014
26,22,10.297040614357638
26,23,9.153575986158861
26,24,5.4349608629166175
26,25,3.8009623072853542
26,27,3.8041569931474406
26,28,6.652148706082045
26,29,9.375185236151548
26,30,12.843803315162225
26,31,13.274873014028795
26,32,12.524547697143767
26,33,14.954174527834374
26,34,15.182763029592639
26,35,16.634527182152038
26,36,17.887104156663536
26,37,21.111507070235266
26,38,21.304627651641066
26,39,24.272979967291775
26,40,27.98203543813037
26,41,31.04617137764623
26,42,32.91958475258867
26,43,35.732437475548494
26,44,36.914801085332165
26,45,37.92179770174333
26,46,41.42671871073989
26,47,40.783577863522005
26,48,40.7491065041314
26,49,41.45358959737763
26,50,44.620892286200714
26,51,43.66220905966368
26,52,46.52382099885068
26,53,46.10425840390811
26,54,47.97955752593487
26,55,48.35436397455683
26,56,50.56508416356956
26,57,51.010418423868764
26,58,49.386479150042376
26,59,49.79803136366441
26,60,52.31607849152965
26,61,54.30874997468436
26,62,54.54554622179792
26,63,55.536785684096
26,64,58.35226006207136
26,65,59.44519026468911
26,66,58.9703123959667
26,67,61.04790283871651
26,68,58.24068678010117
26,69,56.32600611837263
26,70,59.238089309345035
26,71,57.30062892810889
26,72,55.06726165539879
26,73,57.9638210099231
26,74,57.39058666518944
26,75,53.885471619161166
26,76,51.11198076509831
26,77,47.33211820971014
26,78,44.09385434463373
26,79,42.335849479503054
26,80,44.340624384325125
26,81,42.70814994935821
26,82,44.016205897192215
26,83,43.78148206265969
26,84,43.81515444874493
26,85,46.99621452249563
26,86,48.908644710459406
26,87,52.10100865255777
26,88,55.14972796349081
26,89,58.56958636217905
26,90,60.985542815022214
26,91,62.47841251788717
26,92,60.30476615577736
26,93,58.980361191739945
26,94,56.87986592983313
26,95,55.207458204158506
26,96,54.712549177320824
26,97,51.49212663504184
26,98,50.50958548277301
26,99,47.00166306122549
26,100,48.48738550725105
26,101,50.97416935229819
26,102,48.29406336108881
26,103,46.07941912721782
26,104,48.82752654657571
26,105,50.18561654653643
26,106,46.76254747456856
26,107,46.08960141937868
26,108,49.515037649549924
26,109,48.665714426647824
26,110,52.2261510559202
26,111,54.91781311530106
26,112,57.74816819189012
26,113,60.84079563940533
26,114,64.18674396268916
26,115,67.22003793336775
26,116,69.65370644386165
26,117,73.30160228970446
26,118,73.26509883094106
26,119,76.81378301614954
26,120,77.04405633911082
26,121,80.74640736401486
26,122,82.20633874592586
26,123,79.2768832518145
26,124,78.26011846770194
26,125,75.12661341598839
26,126,72.57269936467621
26,127,72.2883559625934
26,128,70.4695390300484
26,129,69.144262157055
26,130,68.77183347547698
26,131,65.20325050924046
26,132,64.46367022400068
26,133,66.24247233840329
26,134,66.29101832076606
26,135,67.9187041292553
26,136,70.43102247268783
26,137,71.65418642318708
26,138,70.23120669876535
26,139,68.23753093279278
26,140,66.00969191008645
26,141,63.19042807763489
26,142,64.03091311025003
26,143,63.308237277203
26,144,65.11021174862371
26,145,68.86458415353952
26,146,70.16393375890998
26,147,73.480873262453
26,148,76.08399202188704
26,149,79.761136992946
26,150,82.36633427087824
26,151,85.86209153141239
26,152,85.82638898609926
26,153,84.10990498645585
26,154,80.65444181452123
26,155,81.26815148518202
26,156,79.10507773654771
26,157,77.0923435506383
26,158,76.47930819444412
26,159,74.96155543309433
26,160,73.27820510010174
26,161,70.95575283752639
26,162,70.24606341040902
26,163,67.25610468009481
26,164,68.82288543408475
26,165,65.76040157707436
26,166,63.126924189984514
26,167,60.25824644959598
26,168,59.23518098700523
26,169,60.503787517589494
26,170,58.7482578744376
26,171,61.217567902768934
26,172,60.43661709656296
26,173,63.11832882986503
26,174,63.56981455209917
26,175,65.70046951188519
26,176,67.12914883004707
26,177,67.09196325092324
26,178,69.81684197711606
26,179,69.97463504706617
26,180,73.68738576191042
26,181,76.44233245302259
26,182,78.35157614141941
26,183,75.45133518317188
26,184,75.29478188522715
26,185,79.02520375792601
26,186,79.43181111349872
26,187,76.86282278910178
26,188,77.23751763881056
26,189,80.45073858072814
26,190,79.49919550697535
26,191,78.53372912776408
26,192,75.52491409052634
26,193,73.85978797548151
26,194,71.8551127314931
26,195,69.61146129244125
26,196,69.13381790192292
26,197,67.1967181387363
26,198,67.24634069401395
26,199,66.62488780479399
26,200,67.6251171474834
26,201,64.30971352607774
26,202,63.64011612136649
26,203,65.53562237787796
26,204,64.31137893649405
26,205,66.85915325731654
26,206,66.30569255700702
26,207,68.65198495735338
26,208,68.241152019465
26,209,67.59791640782439
26,210,70.01391165898939
26,211,68.1214838460313
26,212,67.54428838769412
26,213,63.84992798746805
26,214,61.92726410903355
26,215,62.670063122009815
26,216,60.45190290476395
26,217,61.731393335867836
26,218,65.17723563071178
26,219,65.5812699799512
26,220,65.62669172157614
26,221,66.08608528620515
26,222,63.40217770721963
26,223,62.845242722090774
26,224,60.850981040422056
26,225,59.31386520509716
26,226,59.29898120169543
26,227,58.64171719688724
26,228,60.103472950580326
26,229,59.205967519737435
26,230,62.24082243516324
26,231,61.62699803239835
26,232,63.95033930316405
26,233,67.35756024968505
26,234,66.96346020050808
26,235,68.79790845412663
26,236,67.9751092269354
26,237,70.56585670404417
26,238,70.67741998442021
26,239,73.05767009251136
26,240,73.61403099480822
26,241,76.40664114527046
26,242,74.48404939824934
26,243,71.16537568014829
26,244,69.87082267375405
26,245,67.50223995259508
26,246,68.12309740577793
26,247,65.99719021490684
26,248,67.26945378779747
26,249,65.62701884131076
26,250,62.46393914544112
26,251,58.9571797460195
26,252,57.66354613444674
26,253,54.796220752388095
26,254,52.17706573864677
26,255,48.97565051847871
26,256,46.082342713712826
26,257,42.817029050917014
26,258,43.984154750641224
26,259,42.23332763808578
26,260,42.085668012007524
26,261,39.44529615603414
26,262,39.603604171420045
26,263,38.27456021964488
26,264,39.362697009440545
26,265,37.70036792759479
26,266,40.19360643316375
26,267,40.981412187182976
26,268,40.494533523389045
26,269,41.73310234744107
26,270,38.73038529182923
26,271,37.44397959081159
26,272,34.54771813230178
26,273,34.344203941854886
26,274,32.24503979212439
26,275,33.64177557232963
26,276,32.138655770916664
26,277,34.031536472279335
26,278,31.804984801061952
26,279,33.159213163585356
26,280,32.31505952283616
26,281,28.818351554877722
26,282,27.920654690549608
26,283,26.863830698161188
26,284,24.88525622379785
26,285,21.728307881253926
26,286,21.747401362991376
26,287,20.694342810220498
26,288,22.008754204946452
26,289,21.742116516196326
26,290,25.092030238077115
26,291,27.599838053696097
26,292,28.33468171091578
26,293,31.84171742331215
26,294,32.03770226716489
26,295,34.76825469552854
26,296,34.75219264787245
26,297,32.18275812693372
26,298,28.993343343965154
26,299,25.305743251772796
26,300,24.58358532952859
26,301,23.918284623549628
26,302,20.68254984023104
26,303,19.531879226226458
26,304,16.061513177215126
26,305,16.389650627494955
26,306,13.561448514050383
26,307,11.976979742750709
26,308,10.554456890866474
26,309,12.023414301903324
26,310,11.286035874338326
26,311,14.69014519710608
26,312,14.458909281809206
26,313,13.638732800113205
26,314,11.189768203348038
26,315,12.023246192786711
26,316,13.895364301425412
26,317,16.101157396052006
26,318,19.702030000656315
27,1,41.86109234363198
27,2,42.367890469628605
27,3,38.670455648715425
27,4,35.470287358324875
27,5,31.693007542524736
27,6,29.325492568993123
27,7,25.55223104407171
27,8,22.938560152597137
27,9,19.589860614847513
27,10,17.049647025606042
27,11,16.406000824541444
27,12,13.96435965463038
27,13,14.070909904558622
27,14,14.684752620244785
27,15,12.503291505834587
27,16,9.48760775224523
27,17,7.820352937471914
27,18,5.131402674379172
27,19,5.30315929342427
27,20,6.304130702113478
27,21,7.818048189219919
27,22,10.90445445022926
27,23,9.806097356605925
27,24,6.586941423614655
27,25,6.933237227549104
27,26,3.8041569931474406
27,28,3.7737112407261657
27,29,6.240104959573573
27,30,9.923013954267583
27,31,11.094510931247864
27,32,11.174513409961207
27,33,14.269566537345412
27,34,15.44116280872227
27,35,17.13242548405883
27,36,19.082607465468648
27,37,22.251097236689183
27,38,22.920129492256525
27,39,25.692424398914586
27,40,29.302176247814028
27,41,32.19795300863965
27,42,34.41468406591905
27,43,37.01852611010927
27,44,38.13400036284481
27,45,38.78679344853935
27,46,42.251737693808536
27,47,41.3247394114925
27,48,41.19794005517805
27,49,42.2090422270008
27,50,45.52052882733917
27,51,44.825263662477724
27,52,47.872591885308914
27,53,47.63772395064193
27,54,49.73625543525676
27,55,50.17634985571141
27,56,52.58159756451194
27,57,53.012657696013875
27,58,51.468128570778525
27,59,51.73318228975148
27,60,54.39480971606322
27,61,56.39337173604022
27,62,56.40675476631592
27,63,57.39112174789383
27,64,60.344303821965276
27,65,61.35294316851534
27,66,61.01161479297023
27,67,62.99784410331336
27,68,60.1606458187936
27,69,58.15454921820104
27,70,60.926887191485235
27,71,58.81902144975265
27,72,56.59511164324776
27,73,59.44782280785392
27,74,58.706623280962056
27,75,55.1647373421728
27,76,52.28876488146572
27,77,48.51078164598497
27,78,45.198628320167074
27,79,43.68913005695524
27,80,45.91915592690365
27,81,44.438041892191634
27,82,46.00710001962497
27,83,45.87770293338434
27,84,46.157610911008355
27,85,49.27842975808073
27,86,51.14665086196686
27,87,54.4487562602406
27,88,57.49339823339611
27,89,60.88663337441608
27,90,63.28926814785522
27,91,64.89657233938149
27,92,62.861965536313434
27,93,61.49726849436146
27,94,59.4532992396511
27,95,57.66994059917389
27,96,57.24346328452319
27,97,53.946600983693145
27,98,52.911776085218875
27,99,49.346160999140025
27,100,50.673625351366475
27,101,53.06460677592441
27,102,50.36119539902821
27,103,48.03327997114238
27,104,50.61413280848663
27,105,51.918010719328414
27,106,48.445614505145045
27,107,47.614051054828245
27,108,50.91493623505803
27,109,49.98939723256239
27,110,53.54985300360287
27,111,56.38555930440136
27,112,59.06150926299373
27,113,62.2766677223614
27,114,65.55603142817839
27,115,68.69836776010717
27,116,71.15697942184474
27,117,74.84880884896555
27,118,74.98008790514373
27,119,78.58608270175802
27,120,78.97634100918584
27,121,82.7061814461509
27,122,84.28698680215892
27,123,81.40652244575782
27,124,80.3737404575403
27,125,77.15711626092923
27,126,74.59528806685674
27,127,74.46988076411337
27,128,72.68784769240987
27,129,71.48344380907757
27,130,71.13743673889925
27,131,67.62331859546408
27,132,66.72246194607905
27,133,68.39789241870152
27,134,68.26751589355105
27,135,69.82744700429384
27,136,72.44137007600246
27,137,73.7391565645491
27,138,72.40232724954478
27,139,70.33437562704464
27,140,68.1310047967311
27,141,65.23800170885107
27,142,65.8905280988049
27,143,65.14873529465372
27,144,67.10810177774069
27,145,70.88941876800345
27,146,72.34548467684512
27,147,75.67017089416719
27,148,78.37875126512682
27,149,82.07381789408903
27,150,84.57915472413295
27,151,88.11851266303597
27,152,88.20563499555792
27,153,86.45702838281775
27,154,82.9732989572093
27,155,83.51630351765333
27,156,81.33952851971816
27,157,79.20541925097011
27,158,78.48744734144142
27,159,76.82901534624555
27,160,75.0227936224816
27,161,72.57848085288313
27,162,71.73740800345927
27,163,68.63298725953695
27,164,70.01781479292106
27,165,66.85634704529564
27,166,64.12559513491948
27,167,61.38685348433156
27,168,60.58245276240616
27,169,61.98719599311174
27,170,60.412768896402284
27,171,63.02562561319751
27,172,62.40246555831078
27,173,65.21855975675669
27,174,65.84693775951793
27,175,68.11686757569784
27,176,69.63051840837187
27,177,69.74908382430786
27,178,72.52581194437347
27,179,72.80948036006225
27,180,76.5467236227107
27,181,79.27111784684597
27,182,81.12572735981448
27,183,78.14821331253663
27,184,77.96076302094994
27,185,81.66428301045528
27,186,82.01224058826787
27,187,79.3511492246333
27,188,79.70914596559668
27,189,82.99002627936709
27,190,82.07520022430732
27,191,81.2339049804436
27,192,78.1944373158802
27,193,76.4064225188272
27,194,74.32396828683247
27,195,71.95670910390298
27,196,71.38153299357873
27,197,69.29922083771191
27,198,69.24673646919759
27,199,68.45928853831974
27,200,69.39448821671114
27,201,66.13986655116773
27,202,65.6369720985604
27,203,67.6725982264399
27,204,66.56950549920167
27,205,69.23998855124121
27,206,68.80170310283206
27,207,71.26251471939453
27,208,70.89576009688815
27,209,70.39044347247611
27,210,72.85340635433073
27,211,71.05681188403787
27,212,70.51638421366384
27,213,66.81259716758501
27,214,64.91695330955305
27,215,65.55966490169278
27,216,63.21873746080676
27,217,64.37829096541542
27,218,67.8872897100195
27,219,68.30325996010586
27,220,68.45307045040013
27,221,68.81022996074857
27,222,66.05031370608044
27,223,65.35327849452304
27,224,63.34394918811521
27,225,61.64296331476034
27,226,61.53720856732553
27,227,60.69383372471266
27,228,62.02729319439978
27,229,60.93787754242975
27,230,63.85186334354166
27,231,63.06953866868228
27,232,65.22105049700042
27,233,68.66652957078867
27,234,68.46962880513036
27,235,70.41391468810333
27,236,69.73539863798365
27,237,72.45502137769175
27,238,72.69452461778543
27,239,75.19847534046502
27,240,75.87942269528253
27,241,78.76252911157542
27,242,76.89465300112425
27,243,73.60047942574388
27,244,72.16022864293149
27,245,69.72139077655106
27,246,70.18193671250481
27,247,67.90786225581695
27,248,69.03194723464911
27,249,67.26026274605033
27,250,64.04626357271945
27,251,60.48091772803206
27,252,58.994222630994955
27,253,56.148748529492046
27,254,53.354859277168096
27,255,50.11055330379375
27,256,47.09459819476755
27,257,43.86314162973227
27,258,45.2472424732611
27,259,43.771543397037505
27,260,43.84172240944696
27,261,41.33039344400165
27,262,41.71621727219754
27,263,40.29393907216819
27,264,41.37904934930885
27,265,39.44609961979493
27,266,41.698675062825025
27,267,42.215503661961804
27,268,41.42666880242375
27,269,42.34567023453888
27,270,39.180299051558215
27,271,37.77967796132944
27,272,35.06087895188269
27,273,34.90687957306768
27,274,33.1743153190857
27,275,34.91335086654863
27,276,33.779341254924866
27,277,35.94035837465191
27,278,33.66480007577575
27,279,34.64794617217361
27,280,33.45037764635359
27,281,29.812115467586946
27,282,28.45595116352552
27,283,27.266475268965536
27,284,24.8430469892328
27,285,22.002851200002347
27,286,22.238727665841225
27,287,21.818007791441563
27,288,23.50497102683039
27,289,23.758020713813213
27,290,27.05125846413826
27,291,29.71044695738137
27,292,30.474275918061842
27,293,33.84795833660634
27,294,33.657541484716255
27,295,36.105851901724186
27,296,35.705213707619265
27,297,32.86195587202719
27,298,29.926684506576734
27,299,26.268366376417625
27,300,25.910387897005688
27,301,25.741428381692945
27,302,22.784337269215385
27,303,22.132648059717045
27,304,18.584258998745483
27,305,18.732813956058955
27,306,15.45578973565134
27,307,13.366375459275977
27,308,10.979333161709592
27,309,11.442161812636854
27,310,9.54975190589822
27,311,12.47399203632825
27,312,11.475473806864969
27,313,10.119545325402116
27,314,7.419878649656906
27,315,8.54062684870198
27,316,10.525065551576258
27,317,13.155191147434671
27,318,16.79820008003764
28,1,39.68311428007203
28,2,40.46539740443006
28,3,36.84569151887555
28,4,33.509543076415675
28,5,29.777280410460516
28,6,27.422804117766656
28,7,23.656707344406204
28,8,21.170214030977494
28,9,17.58222589201975
28,10,14.806803349099352
28,11,13.530579362404113
28,12,10.693433495538166
28,13,10.385668091752141
28,14,10.956867358176387
28,15,8.875066978578728
28,16,5.888460013564322
28,17,5.2832832620406
28,18,4.562757115326278
28,19,6.555409139956064
28,20,9.117219043419915
28,21,10.99785663117703
28,22,14.380296868532685
28,23,13.518068553688384
28,24,10.357640920012564
28,25,10.28759364104577
28,26,6.652148706082045
28,27,3.7737112407261657
28,29,3.7955247570905075
28,30,6.832476276880709
28,31,8.617583389252102
28,32,9.76942697999144
28,33,13.282066008494118
28,34,15.039931457888903
28,35,17.417102278145183
28,36,19.525550941890323
28,37,22.28685689230656
28,38,22.951816845711125
28,39,25.285218564671833
28,40,28.827215196467506
28,41,31.40412116066146
28,42,33.89845998344781
28,43,36.45550273030835
28,44,37.782644006946235
28,45,38.23830389159029
28,46,41.759361298164904
28,47,40.81251911432086
28,48,40.83770142034357
28,49,42.13453790845549
28,50,45.43911951293858
28,51,44.77928347510653
28,52,47.8987070131111
28,53,47.60410879115951
28,54,49.88956991323534
28,55,50.16365769481543
28,56,52.715435021244026
28,57,53.34137711046087
28,58,52.03922116213939
28,59,52.38573920893341
28,60,55.21618941968348
28,61,57.03307877630787
28,62,56.89835850417619
28,63,58.07355934271444
28,64,61.07375532048547
28,65,61.86056459606375
28,66,61.4683382453827
28,67,63.25291914927231
28,68,60.28404793684253
28,69,58.36289275585073
28,70,61.071196510344514
28,71,58.787606967713074
28,72,56.73814127735301
28,73,59.679823957122295
28,74,58.97234396012723
28,75,55.34889617482592
28,76,52.54126840703748
28,77,48.76136289545367
28,78,45.52937653864196
28,79,44.05536601029167
28,80,46.31139945041932
28,81,44.74093937394202
28,82,46.43721975736635
28,83,46.15937895972979
28,84,46.548650864820644
28,85,49.49235609503924
28,86,51.49896047210944
28,87,54.90527596031456
28,88,58.05367243200062
28,89,61.33824416650035
28,90,63.86374694649672
28,91,65.66476461731774
28,92,63.78120045167206
28,93,62.56101330561344
28,94,60.70697910459002
28,95,59.00028489247181
28,96,58.800516774883704
28,97,55.54953457214692
28,98,54.286898756117175
28,99,50.76690990014431
28,100,52.166378272976544
28,101,54.35545350588221
28,102,51.48950762498581
28,103,49.2716087183042
28,104,51.83457800308624
28,105,52.89568983889008
28,106,49.3207005413608
28,107,48.60500603323698
28,108,51.798040503843346
28,109,50.61663813387901
28,110,54.08520106482672
28,111,56.91491630595231
28,112,59.54180923793835
28,113,62.84104148415774
28,114,66.14638009595348
28,115,69.30479549311202
28,116,71.90032333124144
28,117,75.61102677812724
28,118,75.87992944101511
28,119,79.50178836183176
28,120,79.9543701779461
28,121,83.70787302797305
28,122,85.29477289562766
28,123,82.36623007572254
28,124,81.18618800039238
28,125,77.90520325666324
28,126,75.22882764097328
28,127,75.16989713495076
28,128,73.28320429065475
28,129,72.07577837691387
28,130,71.59665309418666
28,131,68.15797560255383
28,132,67.1886716996186
28,133,68.67285484163648
28,134,68.43269503488574
28,135,69.80866986870365
28,136,72.42353687386701
28,137,73.8986226828633
28,138,72.74461297747885
28,139,70.74114766812662
28,140,68.69167042179801
28,141,65.84754138493878
28,142,66.38530438483276
28,143,65.80860173759653
28,144,67.91127827257631
28,145,71.70039662459206
28,146,73.22023814078824
28,147,76.6218838573411
28,148,79.35659399713632
28,149,83.0858762595298
28,150,85.49972732471547
28,151,89.04669304721862
28,152,89.25541007964374
28,153,87.60566696345526
28,154,84.16027695067895
28,155,84.78665565741444
28,156,82.72282919838258
28,157,80.49972941866537
28,158,79.83950157179822
28,159,78.07178308592047
28,160,76.28844022966612
28,161,73.72767654094214
28,162,72.93564417180578
28,163,69.78486480461714
28,164,71.09237939634357
28,165,67.83333365356326
28,166,65.15859624924737
28,167,62.4241710784721
28,168,61.73576115752306
28,169,63.06799761329972
28,170,61.52094047092226
28,171,64.14085188977889
28,172,63.487692162914605
28,173,66.36575189279854
28,174,67.05462105206128
28,175,69.41109793171634
28,176,70.83972046961247
28,177,71.0568662908394
28,178,73.76089846493912
28,179,74.06023557527169
28,180,77.82676608492218
28,181,80.6241283705793
28,182,82.33079457310953
28,183,79.27502749013134
28,184,79.21410331314443
28,185,82.90434776534238
28,186,83.08688420529501
28,187,80.41119929172635
28,188,80.90410302696327
28,189,84.24265079299042
28,190,83.48245158583138
28,191,82.7199064652996
28,192,79.75222083650496
28,193,77.90017231567009
28,194,75.88488728546636
28,195,73.45158897058803
28,196,72.96248365979179
28,197,70.80629022461223
28,198,70.84630386255901
28,199,70.05177753188417
28,200,71.10873504610947
28,201,67.95151183145072
28,202,67.4307705899823
28,203,69.45121519918591
28,204,68.2832347776628
28,205,70.97504076725004
28,206,70.46803633951777
28,207,72.93442057769417
28,208,72.43065402661054
28,209,71.95069583722427
28,210,74.32475020312756
28,211,72.51220835263054
28,212,71.84418523852489
28,213,68.11093856636907
28,214,66.09126289496699
28,215,66.53191013384401
28,216,64.08618087651915
28,217,65.03992127043733
28,218,68.5910671227883
28,219,69.1774597496336
28,220,69.52368576557572
28,221,69.92676589567027
28,222,67.20694077304485
28,223,66.51229006223899
28,224,64.65341427125
28,225,62.89096999736538
28,226,62.907073798541816
28,227,62.02855868999002
28,228,63.42881679648848
28,229,62.31062742358615
28,230,65.20862109533977
28,231,64.45584709822631
28,232,66.50346507663527
28,233,70.0251252332793
28,234,69.91309336828607
28,235,71.79336333403324
28,236,71.08261669480463
28,237,73.86903304090254
28,238,74.05885120801665
28,239,76.647326992174
28,240,77.29462696449339
28,241,80.1761119731205
28,242,78.21939253558584
28,243,74.86839777379934
28,244,73.37986582401378
28,245,70.79757545561984
28,246,71.2244284271553
28,247,68.86581543932732
28,248,69.81465081074718
28,249,68.0774328178701
28,250,64.9283265925374
28,251,61.29610077075499
28,252,59.781230061117434
28,253,57.08904088899395
28,254,54.23741269849231
28,255,51.09777966164279
28,256,47.92786594073507
28,257,44.60418166021011
28,258,45.92775601100252
28,259,44.57133721811975
28,260,44.57468740041432
28,261,41.99067362488674
28,262,42.337278439860775
28,263,40.61846018822675
28,264,41.44010090342343
28,265,39.25658710523316
28,266,41.241028323603274
28,267,41.69560852147742
28,268,40.604130655968305
28,269,41.36677346282098
28,270,38.218147086125434
28,271,37.015830226096824
28,272,34.58287930659114
28,273,34.789004013916404
28,274,33.284461199926774
28,275,35.07852082067004
28,276,34.13550093629776
28,277,36.3008070787171
28,278,33.76023193683285
28,279,34.48892185855157
28,280,33.19714055543816
28,281,29.55371128947254
28,282,28.02883850780788
28,283,27.16430728807025
28,284,24.45152031303778
28,285,22.02174162373165
28,286,22.875082963867843
28,287,22.691348229992403
28,288,24.194517399157814
28,289,24.558702018283032
28,290,27.550965369925972
28,291,30.533993723354826
28,292,31.67949984049597
28,293,34.85408861098478
28,294,34.42802428139918
28,295,36.72743942678624
28,296,36.16733935348119
28,297,33.28214958163105
28,298,30.44397670130009
28,299,26.946984083661103
28,300,27.096986266325594
28,301,27.030684886546744
28,302,24.362441670544513
28,303,23.81326523319968
28,304,20.09577753464314
28,305,19.56963062035311
28,306,16.101885563362714
28,307,14.356343745097591
28,308,11.329043275453111
28,309,11.78345677024911
28,310,9.255025423985735
28,311,11.316274958704824
28,312,9.773559368048288
28,313,8.692090343529463
28,314,5.954680520922052
28,315,5.56872884658395
28,316,8.053160576822783
28,317,10.152388962198726
28,318,13.939238535822488
29,1,38.55792973895847
29,2,39.30671394891168
29,3,35.672046240473286
29,4,32.19965442173166
29,5,28.544179579508445
29,6,25.844630424513664
29,7,22.19655802199471
29,8,19.359920651927776
29,9,15.779536037641781
29,10,12.553695114753307
29,11,11.193553390405375
29,12,8.984849321438636
29,13,9.028092902549401
29,14,10.839044091157433
29,15,9.190266428994317
29,16,5.6019510982510345
29,17,5.421085812798517
29,18,6.259082694908099
29,19,7.047013624770627
29,20,9.977480288102994
29,21,11.37385600875186
29,22,14.977828229845278
29,23,14.88968843451897
29,24,12.339281567970152
29,25,12.602678739747653
29,26,9.375185236151548
29,27,6.240104959573573
29,28,3.7955247570905075
29,30,3.7962110158697375
29,31,5.635741042932762
29,32,7.347545843434671
29,33,11.107158997503348
29,34,13.628254351161154
29,35,15.970662584110954
29,36,18.64332168795767
29,37,21.278052730180463
29,38,22.499565912383652
29,39,24.677387319781825
29,40,27.999249348260335
29,41,30.4559272237464
29,42,33.206964995036834
29,43,35.45241005575911
29,44,36.57581280517216
29,45,36.679779950841905
29,46,40.08925355163082
29,47,38.85611875870622
29,48,38.752581300924305
29,49,40.28241360320888
29,50,43.699765135660606
29,51,43.319526029621976
29,52,46.598411754727
29,53,46.54372515833263
29,54,49.024839376454686
29,55,49.442676708231424
29,56,52.17866615350825
29,57,52.7092731199043
29,58,51.45309053561519
29,59,51.59755254901894
29,60,54.554882865531255
29,61,56.399084708130886
29,62,56.01945058675897
29,63,57.14593534275928
29,64,60.284684085154566
29,65,61.00491553005603
29,66,60.79543035896858
29,67,62.51019424866839
29,68,59.56469742915064
29,69,57.50729856940443
29,70,60.04338511486335
29,71,57.61980756778184
29,72,55.54482242061502
29,73,58.39694322143802
29,74,57.50318755422279
29,75,53.87724548361462
29,76,50.97036393946134
29,77,47.22254374299399
29,78,43.93465931507032
29,79,42.7290045720475
29,80,45.2062335251724
29,81,43.850513101077965
29,82,45.8216914578855
29,83,45.73714081472418
29,84,46.43399448385322
29,85,49.33722792087895
29,86,51.19930569528936
29,87,54.698345813160486
29,88,57.78263323927247
29,89,61.04574385687315
29,90,63.49778262192082
29,91,65.39706661530052
29,92,63.68435030350957
29,93,62.385929611310715
29,94,60.5945972692102
29,95,58.74654976816648
29,96,58.63417603014249
29,97,55.3098457011168
29,98,53.98482473021139
29,99,50.41951052125847
29,100,51.62956327969105
29,101,53.68630202024501
29,102,50.81475564770456
29,103,48.4881553148343
29,104,50.85398557384698
29,105,51.84534763442376
29,106,48.248460032134105
29,107,47.37509615137568
29,108,50.417850846939
29,109,49.17392850306497
29,110,52.62288511042269
29,111,55.58408016887739
29,112,58.03962555159058
29,113,61.43990153182638
29,114,64.65929158851905
29,115,67.91469101181963
29,116,70.51782733216923
29,117,74.25941455068467
29,118,74.69836646514443
29,119,78.36911050966316
29,120,78.99386837721372
29,121,82.76627758706418
29,122,84.48751701613308
29,123,81.62906168425503
29,124,80.44964155648947
29,125,77.08673686448849
29,126,74.42892238920082
29,127,74.5584522007322
29,128,72.7512495486199
29,129,71.71594043706709
29,130,71.32077263548608
29,131,67.95113744486919
29,132,66.776582382244
29,133,68.17509799609742
29,134,67.72952854747656
29,135,69.07903987823684
29,136,71.82426373648752
29,137,73.3229795842839
29,138,72.22632139455952
29,139,70.10913554638431
29,140,68.0594506020172
29,141,65.12327763042123
29,142,65.45045849425689
29,143,64.82603807446476
29,144,67.08516918486646
29,145,70.88952467508528
29,146,72.58683717517276
29,147,75.97653628143397
29,148,78.83166544217951
29,149,82.56859070410384
29,150,84.85985597558813
29,151,88.45150276709417
29,152,88.80334703972677
29,153,87.10793121910652
29,154,83.63414674038756
29,155,84.17107237371367
29,156,82.09928379485292
29,157,79.74007090488115
29,158,78.96921293708759
29,159,77.04997555529516
29,160,75.14828325054489
29,161,72.46566719858274
29,162,71.55510441680651
29,163,68.30526311880487
29,164,69.43685624602047
29,165,66.09347902379282
29,166,63.35507078530269
29,167,60.743067054578624
29,168,60.26489694410863
29,169,61.71009353857646
29,170,60.35023859593931
29,171,63.105257979557614
29,172,62.62614736052689
29,173,65.64194725590524
29,174,66.53548168976653
29,175,69.05151125585152
29,176,70.58948014008803
29,177,71.00872343843206
29,178,73.78439029366831
29,179,74.26788413553834
29,180,78.05542209147369
29,181,80.7884954631304
29,182,82.42807977298025
29,183,79.2791164407928
29,184,79.15631523035556
29,185,82.79944556578933
29,186,82.92046855080991
29,187,80.1273190244166
29,188,80.58181487582766
29,189,83.99636577178656
29,190,83.28003981103618
29,191,82.6856238953922
29,192,79.68450793820537
29,193,77.6753641681493
29,194,75.57124259124119
29,195,72.99266497988037
29,196,72.39975512574371
29,197,70.08265477771236
29,198,70.02703047238639
29,199,69.06782358770806
29,200,70.08480589910464
29,201,67.02120619248582
29,202,66.6592217061129
29,203,68.81171640621459
29,204,67.76721161340369
29,205,70.59090921541721
29,206,70.21436637910337
29,207,72.81578853007292
29,208,72.36547294616064
29,209,72.0764490642899
29,210,74.51375200819672
29,211,72.85324605846169
29,212,72.26338496650948
29,213,68.53388959383452
29,214,66.5957103521384
29,215,66.92477429164329
29,216,64.32208142827567
29,217,65.15160276869231
29,218,68.7720288365378
29,219,69.31600095542747
29,220,69.77177378364794
29,221,70.00574430841765
29,222,67.1794144976538
29,223,66.29374796801773
29,224,64.41136554618946
29,225,62.45317248466412
29,226,62.360172713496354
29,227,61.274234275303535
29,228,62.53573406493157
29,229,61.22591033901875
29,230,63.99169307561505
29,231,63.092486895183264
29,232,64.96253113278456
29,233,68.51705346123327
29,234,68.59448059884801
29,235,70.5577481329489
29,236,69.98491947839274
29,237,72.8989262139344
29,238,73.21786038584666
29,239,75.93976741637704
29,240,76.72468086496396
29,241,79.70484520981711
29,242,77.82075126586649
29,243,74.51343203095256
29,244,72.85020025279849
29,245,70.19933797365954
29,246,70.4359280196964
29,247,67.92209168310083
29,248,68.71312128266267
29,249,66.8422204375748
29,250,63.65292841589672
29,251,59.98000575879959
29,252,58.28205812789258
29,253,55.63031311737083
29,254,52.63137518397633
29,255,49.48355144423489
29,256,46.21716677624724
29,257,42.948554495950454
29,258,44.463535376007016
29,259,43.39400918089219
29,260,43.63742894850311
29,261,41.24187726217192
29,262,41.87443875694861
29,263,40.1428774358178
29,264,41.05629782162664
29,265,38.64237082481443
29,266,40.40163467481667
29,267,40.52308983987715
29,268,39.21355853264473
29,269,39.65726455034598
29,270,36.35518459571601
29,271,34.97082224281509
29,272,32.674337280094775
29,273,32.85224226064927
29,274,31.70530928429096
29,275,33.822571227557034
29,276,33.2781822325759
29,277,35.73451411169723
29,278,33.272694711622655
29,279,33.60124642866514
29,280,31.93559627639301
29,281,28.21128303134818
29,282,26.265941519435554
29,283,25.22771448527482
29,284,22.20634303747387
29,285,20.121532915571777
29,286,21.14616770228543
29,287,21.55639841989502
29,288,23.383511568600273
29,289,24.310399182231592
29,290,27.206711045296778
29,291,30.222493042608875
29,292,31.33159554055139
29,293,34.3063833356079
29,294,33.47661343138652
29,295,35.451764132458074
29,296,34.52880405038651
29,297,31.438606311922854
29,298,28.890058582762126
29,299,25.5077596015766
29,300,26.023067636318498
29,301,26.45020156543563
29,302,24.16979819813288
29,303,24.196229691315775
29,304,20.540999001700545
29,305,19.95719883789999
29,306,16.23369119570003
29,307,14.054993571226436
29,308,10.51567682410735
29,309,9.93919268478026
29,310,6.663592546255608
29,311,7.877987333037695
29,312,5.991516450890185
29,313,5.4511286196126365
29,314,4.203500153477667
29,315,4.663753488714816
29,316,8.296331061457225
29,317,10.635293372947135
29,318,14.350844312867473
30,1,36.99789241283318
30,2,37.99891725248347
30,3,34.47718327438332
30,4,30.86297188236713
30,5,27.349566850936426
30,6,24.572189909924223
30,7,21.086439906519566
30,8,18.32714011990193
30,9,14.665687209011685
30,10,11.11693790668016
30,11,8.853996013443183
30,12,6.698625408763417
30,13,6.16542327658086
30,14,8.743551750856465
30,15,7.707035114675598
30,16,4.69847596217607
30,17,6.2248317054838305
30,18,8.795225719848062
30,19,10.055092055669604
30,20,13.355403329648869
30,21,14.864002534205557
30,22,18.518333950834688
30,23,18.638518944059417
30,24,16.125717145271828
30,25,16.183969535223916
30,26,12.843803315162225
30,27,9.923013954267583
30,28,6.832476276880709
30,29,3.7962110158697375
30,31,3.803756578063816
30,32,7.191787632994476
30,33,10.826559546470808
30,34,13.93935236946258
30,35,16.70569369668835
30,36,19.50275777941902
30,37,21.617026252607413
30,38,22.95618131107331
30,39,24.625621522223344
30,40,27.720376922888935
30,41,29.794442832531146
30,42,32.82810895358871
30,43,34.89223804809621
30,44,36.12301865713659
30,45,35.93573133935736
30,46,39.31865207413818
30,47,37.99426091086968
30,48,37.99516133803082
30,49,39.83784822600553
30,50,43.24379301692589
30,51,42.98100894664893
30,52,46.33947676137825
30,53,46.30426080665712
30,54,48.98654683898652
30,55,49.3003748496125
30,56,52.19860414327087
30,57,52.86435513900028
30,58,51.83979941998435
30,59,51.99519260729687
30,60,55.11367536149434
30,61,56.79706078313897
30,62,56.22064206990356
30,63,57.4923792443228
30,64,60.693003160754564
30,65,61.19755249378775
30,66,60.998520723581876
30,67,62.50919039616846
30,68,59.472581525721786
30,69,57.45976170151608
30,70,59.87417307866591
30,71,57.268742490901964
30,72,55.35245589061352
30,73,58.23953705246134
30,74,57.32793767804841
30,75,53.65196183213122
30,76,50.79915101364694
30,77,47.089558747226704
30,78,43.88971515050466
30,79,42.80345974892607
30,80,45.340900115720196
30,81,43.982948755636215
30,82,46.125910208479375
30,83,45.972641103381534
30,84,46.84971096666223
30,85,49.56549972933132
30,86,51.486102890338415
30,87,55.0772265235544
30,88,58.211148361113416
30,89,61.35686154769417
30,90,63.87921050192915
30,91,65.96410795248292
30,92,64.43828004495992
30,93,63.24617793858543
30,94,61.64319449975626
30,95,59.83054078011103
30,96,59.935954807741155
30,97,56.64961748655452
30,98,55.121870794743344
30,99,51.607650720806994
30,100,52.820526338023114
30,101,54.65414361343115
30,102,51.66121434521974
30,103,49.419114996869844
30,104,51.69913459242649
30,105,52.4520556687534
30,106,48.78814933064697
30,107,47.982739407608626
30,108,50.86513013149001
30,109,49.38702670531766
30,110,52.72188045796551
30,111,55.69337211269744
30,112,58.04297548186722
30,113,61.52635116050687
30,114,64.7291151406903
30,115,68.01007870855562
30,116,70.72560669497283
30,117,74.47772180307584
30,118,75.08253206400266
30,119,78.76779967737642
30,120,79.492287574938
30,121,83.27903609742604
30,122,85.0378760772921
30,123,82.16544783028232
30,124,80.86183201359651
30,125,77.43050495636878
30,126,74.68776706401229
30,127,74.92897850482069
30,128,73.06148557239774
30,129,72.07866797854442
30,130,71.59657607229303
30,131,68.32598528326687
30,132,67.03615237686803
30,133,68.238649267481
30,134,67.63816021256473
30,135,68.81502211530245
30,136,71.59030858063761
30,137,73.2430576761126
30,138,72.32505784374936
30,139,70.23760134343904
30,140,68.32918933304525
30,141,65.42162842470938
30,142,65.5867209887198
30,143,65.09567510212503
30,144,67.5134154906844
30,145,71.31284678306064
30,146,73.10930577026159
30,147,76.55005416958952
30,148,79.45265053153878
30,149,83.21001099266864
30,150,85.3805648398354
30,151,88.98208154431224
30,152,89.47933381680146
30,153,87.86072439391066
30,154,84.42148107990627
30,155,85.00442059531183
30,156,83.03474829072793
30,157,80.56783086594639
30,158,79.82034046350991
30,159,77.77100054945659
30,160,75.86518538080018
30,161,73.05766314099094
30,162,72.16416548909592
30,163,68.86162475236273
30,164,69.87538964229167
30,165,66.43819762546624
30,166,63.74886940416605
30,167,61.184133463462445
30,168,60.86460472808414
30,169,62.265442428995016
30,170,60.98551921002017
30,171,63.767742446638664
30,172,63.311459615148635
30,173,66.40421973802653
30,174,67.40253448407526
30,175,70.02696500646054
30,176,71.51673055403296
30,177,72.07632218747463
30,178,74.80087465947598
30,179,75.34987486221999
30,180,79.15639141586651
30,181,81.92457648727309
30,182,83.41400687632522
30,183,80.18004435637029
30,184,80.14750114917486
30,185,83.75512085171195
30,186,83.71621690800698
30,187,80.88449240016881
30,188,81.44258883418685
30,189,84.91882626516662
30,190,84.35006956261228
30,191,83.87272443331412
30,192,80.93208752826722
30,193,78.82981952615727
30,194,76.76576391472317
30,195,74.09915268969985
30,196,73.55529196380148
30,197,71.1398909803699
30,198,71.14085157860002
30,199,70.13754556829468
30,200,71.24882403292311
30,201,68.30733825227371
30,202,67.97003044207129
30,203,70.13362092305512
30,204,69.06843942968311
30,205,71.93446467766007
30,206,71.53484068553628
30,207,74.16868634664151
30,208,73.61729204886609
30,209,73.40471911171943
30,210,75.77644941779633
30,211,74.15199867876268
30,212,73.47962719076965
30,213,69.74000581784075
30,214,67.72999174263614
30,215,67.85515377096841
30,216,65.12852682843494
30,217,65.74335741264689
30,218,69.40480348432507
30,219,70.0773665362917
30,220,70.72979728087599
30,221,70.95155314537205
30,222,68.13947628424289
30,223,67.20465803950522
30,224,65.45256675220939
30,225,63.396472891285455
30,226,63.37916387752378
30,227,62.2127309833625
30,228,63.489811700706916
30,229,62.112345254934795
30,230,64.81662795398154
30,231,63.912341964451706
30,232,65.63691740710176
30,233,69.25176750430315
30,234,69.45076343846158
30,235,71.36900902097611
30,236,70.80473024730017
30,237,73.79930168640675
30,238,74.10714324798985
30,239,76.92901957904854
30,240,77.719045255711
30,241,80.71545410950674
30,242,78.78038363648658
30,243,75.44722270170722
30,244,73.69935089791564
30,245,70.91533943499878
30,246,71.06879186803481
30,247,68.44895295043172
30,248,69.03958563345891
30,249,67.17080979437804
30,250,64.04329397524862
30,251,60.31979101850049
30,252,58.55832684250109
30,253,56.07058985685956
30,254,53.003399100295965
30,255,49.97247651173388
30,256,46.57238638572604
30,257,43.26773826262418
30,258,44.761967611443964
30,259,43.885805701305756
30,260,44.13353092350351
30,261,41.75415300042096
30,262,42.427803438285714
30,263,40.45935495485552
30,264,41.16422461339322
30,265,38.49167375508894
30,266,39.92193940837657
30,267,39.87932891808757
30,268,38.24155463079819
30,269,38.43239472956992
30,270,35.134620170063656
30,271,33.896946437899715
30,272,31.948139243913083
30,273,32.45136808022149
30,274,31.63916490007836
30,275,33.86078265758059
30,276,33.61078018775137
30,277,36.115518683542135
30,278,33.49078696422122
30,279,33.46728447777997
30,280,31.630752864857186
30,281,27.956496644086883
30,282,25.772199581774952
30,283,25.018681288811248
30,284,21.72680438446757
30,285,20.23251323132053
30,286,21.83209960009851
30,287,22.581828800049454
30,288,24.265396361282406
30,289,25.40578162250562
30,290,27.94262118126412
30,291,31.168091102843558
30,292,32.56282067487734
30,293,35.265810837826365
30,294,34.13940437546921
30,295,35.863138060371696
30,296,34.7147411363452
30,297,31.588961018249847
30,298,29.26151369867972
30,299,26.14539125868116
30,300,27.180745475175147
30,301,27.80109971647533
30,302,25.909245818448106
30,303,26.14665864297098
30,304,22.492903158952316
30,305,21.41271248247304
30,306,17.676358729770207
30,307,15.815480568548114
30,308,12.057474973339481
30,309,11.30809745771595
30,310,7.9879134105790515
30,311,7.4442910617805085
30,312,5.1096461928317325
30,313,5.844588385812441
30,314,6.13649973220507
30,315,5.044472619171374
30,316,8.679102746307763
30,317,10.056480302622226
30,318,13.458438197070457
31,1,40.22643448525286
31,2,41.242214332522146
31,3,37.743391479586215
31,4,34.079326322253756
31,5,30.649110370431686
31,6,27.707082617684094
31,7,24.35018236784215
31,8,21.41152473577163
31,9,17.880401708373327
31,10,14.178234859159621
31,11,11.878105091345642
31,12,10.154888288991598
31,13,8.931830510968318
31,14,11.146193204147282
31,15,9.251597801502216
31,16,6.125158036241833
31,17,5.85206412372411
31,18,8.608817080895685
31,19,9.254291917594845
31,20,12.749659574932716
31,21,14.618689800342535
31,22,18.38261354611132
31,23,19.17112007443749
31,24,16.750181048480616
31,25,16.255541193977887
31,26,13.274873014028795
31,27,11.094510931247864
31,28,8.617583389252102
31,29,5.635741042932762
31,30,3.803756578063816
31,32,3.788252935146099
31,33,7.142213836477212
31,34,10.422360583088514
31,35,13.305239697506249
31,36,16.13508852580137
31,37,18.03759020986002
31,38,19.56564999224887
31,39,21.145066970861315
31,40,24.129401910243484
31,41,26.21396462721381
31,42,29.282611996680405
31,43,31.236771447287115
31,44,32.380837751123494
31,45,32.15610089049877
31,46,35.52736475068964
31,47,34.207478412258546
31,48,34.22353484025128
31,49,36.05146630741421
31,50,39.445599491248785
31,51,39.18617432873566
31,52,42.5573391712493
31,53,42.56203961972246
31,54,45.28094793995574
31,55,45.64289766437566
31,56,48.58701637529804
31,57,49.21484036170762
31,58,48.21687933084422
31,59,48.33273863614391
31,60,51.495083455513324
31,61,53.15552295094462
31,62,52.5126251825093
31,63,53.79775138623727
31,64,57.02121723171303
31,65,57.48725218308929
31,66,57.326574275031376
31,67,58.815652275290795
31,68,55.79402520998227
31,69,53.744324362610065
31,70,56.121402395495515
31,71,53.49920758521216
31,72,51.57720187144271
31,73,54.45596127188483
31,74,53.54065368855119
31,75,49.8601530492794
31,76,47.01893052130018
31,77,43.31278799633698
31,78,40.13501208574537
31,79,39.05564380686838
31,80,41.60991615752767
31,81,40.2859899707573
31,82,42.50171242559752
31,83,42.410920012875344
31,84,43.41003844503248
31,85,46.107862069776935
31,86,47.95464112390715
31,87,51.57205702892251
31,88,54.6743436350044
31,89,57.805173457952435
31,90,60.297941200165575
31,91,62.42253163901948
31,92,60.97464637908132
31,93,59.77786864296961
31,94,58.237543620805106
31,95,56.40914293696762
31,96,56.60887103000677
31,97,53.336817293894725
31,98,51.72063210261526
31,99,48.22849772965031
31,100,49.42917995213439
31,101,51.158946540583464
31,102,48.12467719326388
31,103,45.916684939916216
31,104,48.16870529536729
31,105,48.82979377293295
31,106,45.14745420124702
31,107,44.38352080008289
31,108,47.2257353438083
31,109,45.67744171015265
31,110,48.983598146993536
31,111,51.94573861106629
31,112,54.28729195212627
31,113,57.77770378494564
31,114,60.98667378056348
31,115,64.26173896453477
31,116,67.00412727994384
31,117,70.75480386191586
31,118,71.38798523894579
31,119,75.07279707167278
31,120,75.81803879264328
31,121,79.60721662524472
31,122,81.37783184847844
31,123,78.5083015515781
31,124,77.18203585828702
31,125,73.73195946743843
31,126,70.98229422678783
31,127,71.26885311085036
31,128,69.41696526174626
31,129,68.48755997270183
31,130,68.03589770338513
31,131,64.79451114633457
31,132,63.433116624861576
31,133,64.61130635686804
31,134,63.954903919718326
31,135,65.14046196455546
31,136,67.95529156726695
31,137,69.59476443762087
31,138,68.68421997422712
31,139,66.5642750395521
31,140,64.66220392118339
31,141,61.74048539470677
31,142,61.85579446880143
31,143,61.3773474406707
31,144,63.83503611237632
31,145,67.63233811268593
31,146,69.46797637580242
31,147,72.91420247326901
31,148,75.84181756563997
31,149,79.6016936002011
31,150,81.72962113110434
31,151,85.33739522564652
31,152,85.88466882048687
31,153,84.27707200922856
31,154,80.84553326767201
31,155,81.43476475335478
31,156,79.50206662027914
31,157,76.99642285353555
31,158,76.26475936555195
31,159,74.1777180859925
31,160,72.28962716708573
31,161,69.45152412450088
31,162,68.59735299689055
31,163,65.30027928226686
31,164,66.32186963585848
31,165,62.87169837478325
31,166,60.23929676148387
31,167,57.639642439637264
31,168,57.32155909187729
31,169,58.66614665732054
31,170,57.38286133120162
31,171,60.15774271779864
31,172,59.70159147390797
31,173,62.81947845908134
31,174,63.864570293573664
31,175,66.53932318364667
31,176,68.03298821215053
31,177,68.6743529517824
31,178,71.40283869519088
31,179,72.02466238936115
31,180,75.83667233148867
31,181,78.58691057638526
31,182,80.0221874574961
31,183,76.74720808802971
31,184,76.7142602067805
31,185,80.29790391288545
31,186,80.21178743830426
31,187,77.34629322020571
31,188,77.91787932463353
31,189,81.4208806709536
31,190,80.9019769803668
31,191,80.4939736160119
31,192,77.57013857859734
31,193,75.41160909933315
31,194,73.35510071427689
31,195,70.64534204611718
31,196,70.12312254485286
31,197,67.67053209714246
31,198,67.7126482341515
31,199,66.71750544848047
31,200,67.90201234116995
31,201,65.01884508448984
31,202,64.65618670968811
31,203,66.80175207896468
31,204,65.7130895348167
31,205,68.5951263237045
31,206,68.18921630719437
31,207,70.8479712848295
31,208,70.26595352668659
31,209,70.12200013871878
31,210,72.48718957683798
31,211,70.92439026397021
31,212,70.26453081793613
31,213,66.53186159365865
31,214,64.55126607779565
31,215,64.60240562171036
31,216,61.80027154581332
31,217,62.35091824739413
31,218,66.0374058960998
31,219,66.6934748537815
31,220,67.40876802123219
31,221,67.56403318960798
31,222,64.72472905388362
31,223,63.729784551332216
31,224,62.010386204840444
31,225,59.89653479960669
31,226,59.8969000261112
31,227,58.697609171046345
31,228,59.99205333153304
31,229,58.613169498580596
31,230,61.316231541134094
31,231,60.458385263632174
31,232,62.16743847122652
31,233,65.80695043473726
31,234,66.00317099579456
31,235,67.86592088807335
31,236,67.2712148831788
31,237,70.28143034198149
31,238,70.56798853663709
31,239,73.42353910934195
31,240,74.21341075638034
31,241,77.21819252605786
31,242,75.27393610967592
31,243,71.94197750921127
31,244,70.14879183545443
31,245,67.3226792997405
31,246,67.4388604202712
31,247,64.78743533041666
31,248,65.32738915342065
31,249,63.46675656714269
31,250,60.36329974353442
31,251,56.62958009102032
31,252,54.879394430122034
31,253,52.4461183517737
31,254,49.39184490656469
31,255,46.42047778353472
31,256,42.98793908452472
31,257,39.64513922783889
31,258,41.084042621963185
31,259,40.23977854962145
31,260,40.488433875967075
31,261,38.13987882547719
31,262,38.88257155896706
31,263,36.89883157529049
31,264,37.6438713789267
31,265,34.910564734357884
31,266,36.297399257922784
31,267,36.1671294043633
31,268,34.54470974788778
31,269,34.730799754075285
31,270,31.408150455233276
31,271,30.13256402939181
31,272,28.148939897997327
31,273,28.67909706340673
31,274,27.881928816433874
31,275,30.12262693316637
31,276,29.97381394921874
31,277,32.54811949517765
31,278,29.962220691679676
31,279,29.802359840391077
31,280,27.878353220871887
31,281,24.200477873177075
31,282,21.972524552473484
31,283,21.278148338106824
31,284,17.999586498482575
31,285,16.587565979902386
31,286,18.437009924089583
31,287,19.247980546211803
31,288,20.84748439814333
31,289,22.17314235765524
31,290,24.557674399821423
31,291,27.807188397884698
31,292,29.280215492842125
31,293,31.830254808592375
31,294,30.567993739463517
31,295,32.20702436346254
31,296,31.032838423113702
31,297,27.94880838452562
31,298,25.635439000513944
31,299,22.62502773029533
31,300,23.891814875114594
31,301,24.592125945204074
31,302,22.987245736649946
31,303,23.46960899190117
31,304,19.918977934134897
31,305,18.642992185433766
31,306,14.92065204262185
31,307,13.157613112140218
31,308,9.398656872377062
31,309,8.679163513658832
31,310,6.087007718853068
31,311,5.243686448950261
31,312,5.155212631766548
31,313,7.791220650855869
31,314,8.956421495781136
31,315,8.675944978601962
31,316,12.401769265106799
31,317,13.670837686396846
31,318,17.070000532794698
32,1,43.74615662316395
32,2,44.62825923001343
32,3,41.074214039984476
32,4,37.43957737506948
32,5,33.98203801494016
32,6,30.94674507019908
32,7,27.581837740128428
32,8,24.464909856735638
32,9,21.037141068952423
32,10,17.35613076884376
32,11,15.41700731256211
32,12,13.804581018028056
32,13,12.609007288970421
32,14,14.440845624409349
32,15,11.923730166421239
32,16,8.620703404505301
32,17,6.535053470085221
32,18,8.131807309617622
32,19,7.620954756089086
32,20,10.846335574289418
32,21,12.926327751517562
32,22,16.621720081554766
32,23,17.991703190388904
32,24,15.782894529082007
32,25,14.87436706193712
32,26,12.524547697143767
32,27,11.174513409961207
32,28,9.76942697999144
32,29,7.347545843434671
32,30,7.191787632994476
32,31,3.788252935146099
32,33,3.7950954242565453
32,34,6.867983926434493
32,35,9.560595506694495
32,36,12.45535357285858
32,37,14.595558101815328
32,38,16.317449781416446
32,39,18.231754734443033
32,40,21.269933702705064
32,41,23.672262805000223
32,42,26.562565704036718
32,43,28.521246018262815
32,44,29.47276462884418
32,45,29.41224729693802
32,46,32.78039345460775
32,47,31.5123666285181
32,48,31.448659360267442
32,49,33.03613650100533
32,50,36.439870406209224
32,51,36.117152244180915
32,52,39.45631323230638
32,53,39.50550589120841
32,54,42.12626403636361
32,55,42.62502436735244
32,56,45.5086770306806
32,57,45.99259754135259
32,58,44.85087811961185
32,59,44.90391208619959
32,60,48.00477560557583
32,61,49.76587730262158
32,62,49.1836040458731
32,63,50.37223089707671
32,64,53.58733089347281
32,65,54.16924042902202
32,66,54.05163169373312
32,67,55.66438337799315
32,68,52.72363835776761
32,69,50.594406161975876
32,70,53.01303197971556
32,71,50.49632594536437
32,72,48.44849974943192
32,73,51.28809924926404
32,74,50.36644588290696
32,75,46.715820615428804
32,76,43.834435806221464
32,77,40.10136708672412
32,78,36.868455563851604
32,79,35.72522380317748
32,80,38.2740270549677
32,81,37.0014999881627
32,82,39.185210819262934
32,83,39.22368953838065
32,84,40.23298126808186
32,85,43.051908647901435
32,86,44.773955500810274
32,87,48.35918992667557
32,88,51.392702748785425
32,89,54.59547121469937
32,90,57.0056290481191
32,91,59.04321518176797
32,92,57.54637323375727
32,93,56.26148908347048
32,94,54.64819587746528
32,95,52.7656136357087
32,96,52.905998180191744
32,97,49.60907294921469
32,98,48.046371802889354
32,99,44.527755469037245
32,100,45.70179030462254
32,101,47.486508506185636
32,102,44.49459082177406
32,103,42.24353923878463
32,104,44.520585454587874
32,105,45.264080626629436
32,106,41.604198934419905
32,107,40.815241671112474
32,108,43.731310796958155
32,109,42.281701446998824
32,110,45.648771993618816
32,111,48.608946678507436
32,112,51.00931089928724
32,113,54.45706061578933
32,114,57.67973516046738
32,115,60.941181521707
32,116,63.63039341764458
32,117,67.37740559231116
32,118,67.93252731460237
32,119,71.61317418851645
32,120,72.32090626069714
32,121,76.10630141891453
32,122,77.87279200400813
32,123,75.01930233923076
32,124,73.75912089019481
32,125,70.33171441249384
32,126,67.6357403764282
32,127,67.89952921538962
32,128,66.11000073366182
32,129,65.20536601105998
32,130,64.85001345064883
32,131,61.568688198652104
32,132,60.206688408736866
32,133,61.496983456778025
32,134,60.88390500684848
32,135,62.19987581147108
32,136,65.03986205766421
32,137,66.55925211167425
32,138,65.53224379388355
32,139,63.35121527495636
32,140,61.3524829888154
32,141,58.387403959935604
32,142,58.556641250747376
32,143,57.9892586539823
32,144,60.384709070682064
32,145,64.18814827385745
32,146,66.00482892693394
32,147,69.4216548151958
32,148,72.3502449569128
32,149,76.10117257215352
32,150,78.2668536566467
32,151,81.87885680508339
32,152,82.38116798479464
32,153,80.72547492546555
32,154,77.27234801589637
32,155,77.82862439400428
32,156,75.85619367048669
32,157,73.3780738526744
32,158,72.63535475464387
32,159,70.5917225057332
32,160,68.71202901540906
32,161,65.9220774022072
32,162,65.08213316566477
32,163,61.81681579363178
32,164,62.91670273242605
32,165,59.511997229020324
32,166,56.89021003770218
32,167,54.23095970279295
32,168,53.81607843086708
32,169,55.15028991816719
32,170,53.819323368469995
32,171,56.58213935532286
32,172,56.12294964056784
32,173,59.22400228026742
32,174,60.255388147411814
32,175,62.91547870397228
32,176,64.45704794117141
32,177,65.09137924121659
32,178,67.86746999634866
32,179,68.52508569336709
32,180,72.33307250201354
32,181,75.03920960864686
32,182,76.52555275098835
32,183,73.26337442371201
32,184,73.16199442088254
32,185,76.74737847595128
32,186,76.72526992164046
32,187,73.84509273052966
32,188,74.35370650247788
32,189,77.84627603146397
32,190,77.27286423906523
32,191,76.8592218418552
32,192,73.90385643665081
32,193,71.74484802481655
32,194,69.65851161688398
32,195,66.95681826578692
32,196,66.41153140507822
32,197,63.97856355963712
32,198,64.01165401361023
32,199,63.04139187830156
32,200,64.2258368411038
32,201,61.315164307200305
32,202,60.923156273430536
32,203,63.056790202143205
32,204,61.96899848013852
32,205,64.84972397310536
32,206,64.46384337689383
32,207,67.13618525214882
32,208,66.60031144787719
32,209,66.48090385918617
32,210,68.89292174789307
32,211,67.3722902458234
32,212,66.78736561561757
32,213,63.065843259722904
32,214,61.168123593172346
32,215,61.28611397991122
32,216,58.48780364680858
32,217,59.12259177395903
32,218,62.81039887907219
32,219,63.35703854349535
32,220,64.00025358772312
32,221,64.0895301087572
32,222,61.20399480679961
32,223,60.1718908765165
32,224,58.38636227615259
32,225,56.270003894493
32,226,56.22412258815539
32,227,55.03334333758774
32,228,56.32390046684783
32,229,54.97509434256189
32,230,57.71427721098234
32,231,56.89116904819413
32,232,58.677551897860404
32,233,62.303291093700075
32,234,62.425669394084906
32,235,64.27705655705923
32,236,63.658143516304804
32,237,66.6388836207757
32,238,66.92389070738221
32,239,69.75321226626123
32,240,70.55073311673767
32,241,73.56205863979372
32,242,71.64912297690832
32,243,68.33696266734101
32,244,66.54641025765994
32,245,63.76768276401856
32,246,63.89359568748089
32,247,61.27363738190277
32,248,61.89812600832279
32,249,60.03119394797492
32,250,56.899302097068286
32,251,53.18505699882613
32,252,51.47492061143427
32,253,48.97349220318147
32,254,45.96516781268906
32,255,42.95924124157461
32,256,39.58031329255963
32,257,36.22447930823155
32,258,37.64391031382732
32,259,36.70644016352407
32,260,36.97392174103905
32,261,34.653697956592815
32,262,35.460728981220086
32,263,33.63835761632458
32,264,34.59302583197693
32,265,31.978405096780804
32,266,33.55920520710027
32,267,33.44201749466947
32,268,32.075729470168405
32,269,32.42768368860938
32,270,29.074371346385426
32,271,27.6292509637333
32,272,25.340492326834024
32,273,25.626850765511985
32,274,24.6005055544921
32,275,26.81380365691976
32,276,26.568907158416877
32,277,29.212185931442626
32,278,26.797056975971753
32,279,26.74321732492874
32,280,24.830477937484055
32,281,21.090876754036643
32,282,18.976045892915977
32,283,18.073528772142627
32,284,15.01194032623717
32,285,13.161372873057749
32,286,14.831870245719982
32,287,15.487713531550327
32,288,17.166133419797955
32,289,18.596581446893012
32,290,21.116742168023453
32,291,24.24279397292479
32,292,25.57813770573448
32,293,28.17474345187758
32,294,26.96108104561013
32,295,28.689926845895823
32,296,27.63148759959878
32,297,24.589059642682397
32,298,22.122346307358242
32,299,18.991903511322167
32,300,20.135342548863257
32,301,20.820950526972076
32,302,19.253849118445462
32,303,19.905966994940655
32,304,16.46308577069148
32,305,15.348402460861253
32,306,11.607180762717922
32,307,9.62271823268179
32,308,5.939173955729691
32,309,5.304839830231709
32,310,4.182191192735673
32,311,4.7016575889236725
32,312,6.875075296730621
32,313,9.73704480926245
32,314,10.933431004160209
32,315,11.4801968662102
32,316,15.272728972121529
32,317,16.87603082943541
32,318,20.447221769575926
33,1,46.96126810275143
33,2,47.86101264998277
33,3,44.33863152465794
33,4,40.67052565085132
33,5,37.29422299364212
33,6,34.15115063570191
33,7,30.904440732308206
33,8,27.702428954618206
33,9,24.385037926528934
33,10,20.65545400602189
33,11,18.676916060001382
33,12,17.282294579243317
33,13,15.853273272332983
33,14,17.550399644885466
33,15,14.867943862402669
33,16,11.92880956652049
33,17,9.567293015138482
33,18,10.82606067908746
33,19,9.832079509822986
33,20,12.511356846933623
33,21,14.629179293590685
33,22,18.05512386566507
33,23,19.978434107542938
33,24,18.031781585228863
33,25,16.729899263166338
33,26,14.954174527834374
33,27,14.269566537345412
33,28,13.282066008494118
33,29,11.107158997503348
33,30,10.826559546470808
33,31,7.142213836477212
33,32,3.7950954242565453
33,34,3.802209998843491
33,35,6.5083688881295965
33,36,9.45168818765715
33,37,11.188079040485036
33,38,13.321862775939602
33,39,15.105928325969883
33,40,17.916220324163856
33,41,20.352153032528626
33,42,23.256886985327526
33,43,25.02655696610896
33,44,25.81342490559604
33,45,25.695743053740266
33,46,29.032137480257873
33,47,27.756675515261225
33,48,27.69373125335591
33,49,29.248740837698087
33,50,32.64506134497778
33,51,32.340729332825596
33,52,35.703502146976106
33,53,35.82478751940436
33,54,38.49423273103742
33,55,39.073768239240096
33,56,42.01701088597924
33,57,42.43663344324507
33,58,41.320876334028675
33,59,41.30657442977542
33,60,44.463506523027306
33,61,46.20442615152874
33,62,45.529908987760095
33,63,46.72454159793389
33,64,49.97479454431783
33,65,50.51353060691386
33,66,50.45618997638116
33,67,52.045583491944605
33,68,49.13128091671624
33,69,46.945140839836924
33,70,49.30928541876604
33,71,46.77144175916879
33,72,44.70665416735021
33,73,47.526900622796894
33,74,46.58795755108548
33,75,42.9339357660572
33,76,40.056969787405706
33,77,36.328093547545706
33,78,33.11426410175994
33,79,31.9929563616488
33,80,34.578810547014434
33,81,33.37131443331834
33,82,35.662298765582996
33,83,35.80481650315027
33,84,36.98603859033296
33,85,39.78110779607778
33,86,41.389579288005145
33,87,45.003790929687035
33,88,47.98613808764244
33,89,51.17035806714118
33,90,53.533818263927074
33,91,55.617470543028816
33,92,54.22111242146889
33,93,52.92244228449576
33,94,51.38464788184055
33,95,49.47376082824361
33,96,49.72803348223121
33,97,46.44747961017317
33,98,44.78011161935977
33,99,41.28961526161465
33,100,42.43251606597564
33,101,44.08309168840683
33,102,41.04583062531139
33,103,38.82906596895162
33,104,41.05770370896796
33,105,41.6883422867586
33,106,38.007055346388924
33,107,37.25811856485992
33,108,40.11802317681898
33,109,38.584246654345726
33,110,41.91894530897936
33,111,44.8763873534197
33,112,47.25971913900074
33,113,50.719854547141814
33,114,53.94518159527882
33,115,57.20515115730293
33,116,59.92333983655016
33,117,63.670396272023126
33,118,64.26506085598099
33,119,67.94785159925979
33,120,68.68815964259376
33,121,72.47699570204345
33,122,74.26461125281749
33,123,71.41967275321302
33,124,70.13682898724343
33,125,66.68452036768596
33,126,63.98467091768325
33,127,64.31105570909405
33,128,62.54797616399296
33,129,61.71705326115299
33,130,61.406752960268285
33,131,58.16423114633683
33,132,56.70762266869947
33,133,57.969354995211624
33,134,57.28122396744335
33,135,58.61173954435851
33,136,61.50448979337088
33,137,63.00315280622702
33,138,61.983186169589075
33,139,59.755672247060915
33,140,57.76004375898743
33,141,54.771254448154316
33,142,54.87156193900487
33,143,54.31089408237745
33,144,56.759398045597564
33,145,60.56096111511751
33,146,62.432635954500924
33,147,65.85277705455906
33,148,68.8165400136036
33,149,72.56939177784666
33,150,74.68067135855237
33,151,78.3019202205459
33,152,78.86694084762553
33,153,77.2194683008195
33,154,73.7733412898259
33,155,74.32990019869966
33,156,72.39766749841604
33,157,69.86925432740628
33,158,69.13752003253218
33,159,67.04398229207631
33,160,65.17809804287488
33,161,62.34827859280695
33,162,61.547274945558186
33,163,58.284829269242735
33,164,59.38618328775798
33,165,55.9649130247181
33,166,53.40812277348342
33,167,50.7138669482664
33,168,50.30882544689544
33,169,51.58205556336409
33,170,50.25672136835051
33,171,53.01793327697982
33,172,52.569947617382184
33,173,55.70735851433955
33,174,56.80513949932405
33,175,59.53130172778786
33,176,61.08536839144309
33,177,61.82516702189958
33,178,64.60972606120527
33,179,65.36198515998963
33,180,69.17336645962847
33,181,71.85140377872138
33,182,73.27384290462793
33,183,69.96289350835988
33,184,69.85469629852948
33,185,73.40817996823672
33,186,73.33185422832686
33,187,70.40735384684858
33,188,70.92612218480869
33,189,74.45148508281348
33,190,73.93486462426586
33,191,73.6090168307387
33,192,70.67138141934154
33,193,68.44084539575297
33,194,66.35783582326738
33,195,63.600058013602165
33,196,63.072575990742855
33,197,60.589225485126164
33,198,60.66354999313529
33,199,59.69438531479551
33,200,60.95999186730203
33,201,58.124054558343325
33,202,57.7114851464938
33,203,59.82969385014208
33,204,58.72336254037244
33,205,61.62793082468496
33,206,61.2439911175773
33,207,63.95112366427857
33,208,63.38598195291876
33,209,63.35750059803238
33,210,65.76514877525588
33,211,64.32698388238713
33,212,63.76477083656191
33,213,60.05758930321244
33,214,58.20546613655263
33,215,58.2349052954667
33,216,55.34521853836295
33,217,55.90142823100858
33,218,59.616875715600266
33,219,60.13616268936606
33,220,60.853762902814914
33,221,60.85357838393843
33,222,57.93108492430854
33,223,56.81657333188317
33,224,55.0658558522451
33,225,52.87108365646617
33,226,52.83666554004977
33,227,51.59517013910734
33,228,52.8964957288742
33,229,51.53639549090602
33,230,54.266072387219126
33,231,53.49082329440255
33,232,55.25045929173293
33,233,58.903701788371706
33,234,59.03105042463495
33,235,60.82174559876446
33,236,60.175280305107755
33,237,63.17943922781955
33,238,63.44773203246855
33,239,66.32159786551328
33,240,67.12732018218502
33,241,70.1531679371534
33,242,68.23629695477156
33,243,64.93059073850326
33,244,63.078338271314216
33,245,60.25011179803129
33,246,60.321417899226404
33,247,57.65706914896011
33,248,58.216799093282916
33,249,56.350666362845786
33,250,53.243181655356786
33,251,49.515607874816524
33,252,47.80985058876441
33,253,45.37320232031049
33,254,42.375432143503104
33,255,39.44243620081452
33,256,36.02338271559715
33,257,32.62371279591316
33,258,33.98207375053341
33,259,33.09788002012058
33,260,33.38529223203978
33,261,31.123840240408043
33,262,32.046828344747986
33,263,30.224823425714217
33,264,31.256944267055168
33,265,28.569832751635442
33,266,30.09203007134588
33,267,29.837169027777517
33,268,28.50940669050247
33,269,28.848776581672666
33,270,25.463143398329823
33,271,23.934139109547512
33,272,21.56728792500107
33,273,21.85128638197656
33,274,20.84045334542762
33,275,23.104052573462262
33,276,23.023149340857866
33,277,25.788276986930804
33,278,23.46707162259558
33,279,23.20468319014552
33,280,21.142602050753762
33,281,17.387627929708263
33,282,15.190558878223104
33,283,14.322852750315244
33,284,11.321054446517909
33,285,9.538911014649313
33,286,11.646031695887972
33,287,12.420429912195095
33,288,13.973517669735838
33,289,15.755437658618327
33,290,18.014802005617305
33,291,21.127565015156563
33,292,22.542387778925566
33,293,24.898952180070374
33,294,23.472730984567274
33,295,25.06587133976532
33,296,23.95847332810344
33,297,20.969287413328388
33,298,18.526429987975824
33,299,15.562880963075415
33,300,17.078562404173812
33,301,17.91701761731163
33,302,16.855291455150883
33,303,17.91540959781342
33,304,14.791526567132237
33,305,13.465884368435088
33,306,10.02449400673538
33,307,8.381051721616316
33,308,5.644502439716951
33,309,5.285706835038437
33,310,6.510536446669502
33,311,6.666633609808169
33,312,9.882848428158544
33,313,13.095460826024729
33,314,14.608750686712673
33,315,15.268787055700415
33,316,19.06060841886087
33,317,20.547360204050747
33,318,24.071708719252836
34,1,50.54630747909556
34,2,51.44421827680054
34,3,47.89678749991251
34,4,44.25172939261674
34,5,40.82016162652304
34,6,37.73105855231408
34,7,34.407965871868335
34,8,31.221316086757035
34,9,27.858831538796384
34,10,24.16951498546246
34,11,22.206320843013508
34,12,20.52601050986099
34,13,18.86484922957201
34,14,20.064232406682375
34,15,16.94737041143579
34,16,14.174710065968108
34,17,11.176170795130984
34,18,11.617985873076178
34,19,10.382075434713661
34,20,12.465515005159885
34,21,14.936161953081552
34,22,18.044956942646706
34,23,20.16973635811333
34,24,18.253445917596995
34,25,16.345383563839988
34,26,15.182763029592639
34,27,15.44116280872227
34,28,15.039931457888903
34,29,13.628254351161154
34,30,13.93935236946258
34,31,10.422360583088514
34,32,6.867983926434493
34,33,3.802209998843491
34,35,3.814460275315235
34,36,5.828518994562178
34,37,7.749060735986303
34,38,9.707280462675092
34,39,11.924526296182437
34,40,14.953671825661965
34,41,17.780480971641843
34,42,20.34457844002591
34,43,22.335747100244486
34,44,23.134616900331963
34,45,23.446534565721077
34,46,26.873971229321562
34,47,25.931214165795538
34,48,25.971714318062837
34,49,27.132808546852633
34,50,30.40157812912274
34,51,29.793714419072383
34,52,33.0059474899646
34,53,32.96221956063051
34,54,35.448470214761876
34,55,36.01347190082243
34,56,38.8211900059068
34,57,39.2227952698662
34,58,38.01539340435739
34,59,38.1132136686069
34,60,41.18757175777816
34,61,42.94022167042375
34,62,42.44319421219174
34,63,43.651940637610714
34,64,46.81264551608694
34,65,47.4287536190585
34,66,47.26959539723905
34,67,48.96035039908751
34,68,46.06648529420933
34,69,43.920547853772376
34,70,46.426294311426076
34,71,44.03775889987101
34,72,41.927240644503215
34,73,44.80614919668224
34,74,44.022113575799864
34,75,40.37669691051554
34,76,37.577804403623695
34,77,33.805658058276265
34,78,30.634019448794486
34,79,29.220612881697072
34,80,31.61943109017776
34,81,30.259329257795706
34,82,32.365419102919844
34,83,32.459033517709166
34,84,33.498619278336584
34,85,36.39300557569946
34,86,38.00809348859283
34,87,41.57411323718983
34,88,44.56670087448632
34,89,47.80354960419784
34,90,50.17502051579923
34,91,52.18292442648515
34,92,50.68808097368637
34,93,49.40422603115724
34,94,47.83098853795429
34,95,45.988445558317416
34,96,46.23086195708958
34,97,42.99531032313975
34,98,41.31267830981197
34,99,37.84616854547719
34,100,39.13686350017547
34,101,40.84027076186382
34,102,37.77147476755155
34,103,35.64926848690068
34,104,38.05177383028743
34,105,38.702005813965954
34,106,35.016972985799214
34,107,34.4363389445262
34,108,37.44117661923835
34,109,35.94556406748658
34,110,39.30802639637873
34,111,42.144889985523676
34,112,44.70230346989797
34,113,48.06584431581264
34,114,51.37869799423609
34,115,54.549880068783814
34,116,57.26341991267604
34,117,60.986318581878294
34,118,61.434005367395514
34,119,65.08070870555252
34,120,65.68618075431658
34,121,69.46676410508941
34,122,71.15976419688624
34,123,68.26352136650326
34,124,66.98669753244647
34,125,63.586527070452185
34,126,60.88294941974196
34,127,61.08663756330744
34,128,59.29454862181492
34,129,58.37841408526702
34,130,58.06668431523993
34,131,54.765647317282294
34,132,53.40882135719168
34,133,54.772535175606535
34,134,54.222115105858116
34,135,55.64119546475019
34,136,58.47763870475837
34,137,59.8983955194279
34,138,58.786494497344684
34,139,56.59159298131176
34,140,54.553740317298825
34,141,51.60010896804077
34,142,51.85727493891165
34,143,51.306184414955084
34,144,53.63822308475095
34,145,57.43870274033877
34,146,59.196482282957625
34,147,62.62737305517893
34,148,65.52410482674641
34,149,69.27813890883255
34,150,71.47056717992722
34,151,75.07067113206008
34,152,75.54808278076432
34,153,73.92188679500951
34,154,70.48801354086149
34,155,71.1068636941333
34,156,69.19049296627732
34,157,66.74351701009243
34,158,66.10571950437757
34,159,64.11616131379255
34,160,62.35963006819729
34,161,59.61972922071138
34,162,58.951502274928266
34,163,55.785552658243894
34,164,57.070546547954
34,165,53.72894690821232
34,166,51.27701085135485
34,167,48.42766053992446
34,168,47.80313281082732
34,169,48.93057521550209
34,170,47.420511526523434
34,171,50.06318122840731
34,172,49.46711285114982
34,173,52.51492321858629
34,174,53.483132825046525
34,175,56.126898974547416
34,176,57.62270961178282
34,177,58.271525301136755
34,178,61.03291452560462
34,179,61.72069713581745
34,180,65.53114637146032
34,181,68.23350544912972
34,182,69.6873005913524
34,183,66.41023260782725
34,184,66.32121109769645
34,185,69.9017633571626
34,186,69.86018142848768
34,187,66.98561194007429
34,188,67.5208134192189
34,189,71.01362665916216
34,190,70.48040273734404
34,191,70.07897549154734
34,192,67.16027956018581
34,193,64.99853750933707
34,194,62.97306885272412
34,195,60.289290926852765
34,196,59.85116897960548
34,197,57.4670769307565
34,198,57.64885457939077
34,199,56.827440356746834
34,200,58.18713509182804
34,201,55.3085112538883
34,202,54.73401277692105
34,203,56.73111662913037
34,204,55.503541894908
34,205,58.32460786191005
34,206,57.839182622148236
34,207,60.47551493656172
34,208,59.859805607565214
34,209,59.75044345187023
34,210,62.13101194992925
34,211,60.640081152378556
34,212,60.05713445459596
34,213,56.3435860540873
34,214,54.480840023244085
34,215,54.56137407717979
34,216,51.718934145231984
34,217,52.35712267609055
34,218,56.0544281271357
34,219,56.54845918588742
34,220,57.20614392622931
34,221,57.25401528440774
34,222,54.36119275811309
34,223,53.32735586480689
34,224,51.58808945233671
34,225,49.49211566328435
34,226,49.542785108100276
34,227,48.44370064710911
34,228,49.87799514464382
34,229,48.686074230214
34,230,51.545564045821294
34,231,50.944314379158605
34,232,52.87215600411344
34,233,56.512739602623874
34,234,56.45292613249013
34,235,58.128367538691705
34,236,57.33434675490599
34,237,60.241333457430144
34,238,60.388699942313906
34,239,63.17946329167413
34,240,63.881462522347434
34,241,66.84680896065132
34,242,64.8736149712786
34,243,61.53335429879397
34,244,59.77761170343271
34,245,56.980705326300395
34,246,57.179156540288375
34,247,54.621689375217684
34,248,55.30696855618956
34,249,53.55187288124988
34,250,50.48012575763908
34,251,46.78046413865011
34,252,45.257518154860634
34,253,42.798408664084526
34,254,39.96066367052912
34,255,37.07025321263465
34,256,33.73825255110382
34,257,30.246380738480852
34,258,31.360140766473073
34,259,30.17950439604398
34,260,30.249285906928403
34,261,27.831283478527197
34,262,28.596147866904207
34,263,26.835919828866427
34,264,27.947482689941783
34,265,25.4600405806138
34,266,27.27573626616851
34,267,27.26782470378839
34,268,26.312997947665696
34,269,27.05388008886964
34,270,23.82170340511969
34,271,22.37666708026591
34,272,19.673921976043207
34,273,19.86385502805845
34,274,18.309899362170313
34,275,20.22087663408161
34,276,19.751669548999462
34,277,22.37697000639636
34,278,20.08242257249505
34,279,20.15527264742133
34,280,18.39991194109467
34,281,14.663439465189361
34,282,13.061339967326653
34,283,12.36736814707129
34,284,10.164362318172437
34,285,7.607761062024881
34,286,9.613174423265532
34,287,9.42701595922248
34,288,10.473516006479795
34,289,11.987752511120867
34,290,14.326777481153119
34,291,17.45404988446851
34,292,18.961852102610028
34,293,21.417590370789995
34,294,20.265507160650195
34,295,22.18833624239684
34,296,21.51136101244348
34,297,18.8309035578818
34,298,15.957852265385394
34,299,12.876046581637656
34,300,14.176330242903811
34,301,14.535910048629582
34,302,13.45076096699225
34,303,14.393126476797114
34,304,11.396523699410377
34,305,9.87819316444298
34,306,6.743199604620893
34,307,5.855907226584575
34,308,4.877316615578447
34,309,6.266408738542817
34,310,8.953802471277609
34,311,10.113441691947529
34,312,13.34888098418913
34,313,16.254768706348102
34,314,17.316148880063754
34,315,18.008457387190678
34,316,21.72122362586305
34,317,23.18335201479662
34,318,26.812214099229358
35,1,52.89324310443711
35,2,53.58066741297708
35,3,49.9759390690382
35,4,46.37764502531903
35,5,42.94938848648341
35,6,39.73412619309053
35,7,36.460705791893815
35,8,33.09595666276353
35,9,29.913704315376027
35,10,26.289777876143607
35,11,24.721923317143254
35,12,23.345954055759297
35,13,22.06977811907717
35,14,23.503095605644326
35,15,20.447598715578685
35,16,17.42559841928839
35,17,14.272301558485152
35,18,14.032609999263643
35,19,11.896030349867875
35,20,12.942300210162449
35,21,14.784334019593627
35,22,17.331879368839267
35,23,20.021766561662282
35,24,18.742660596270103
35,25,17.015255347197094
35,26,16.634527182152038
35,27,17.13242548405883
35,28,17.417102278145183
35,29,15.970662584110954
35,30,16.70569369668835
35,31,13.305239697506249
35,32,9.560595506694495
35,33,6.5083688881295965
35,34,3.814460275315235
35,36,3.827798033459395
35,37,6.592479417952081
35,38,9.419237938277691
35,39,12.159143386989067
35,40,14.810613080251875
35,41,17.972445391160985
35,42,20.17340054374574
35,43,21.8734771552678
35,44,22.09392620673814
35,45,22.435261108932867
35,46,25.63769240225766
35,47,24.529818887853086
35,48,24.239447267965748
35,49,25.097865514844095
35,50,28.458857119460678
35,51,28.001320747352533
35,52,31.22991871245671
35,53,31.4675642732106
35,54,33.84333140088263
35,55,34.76270835091989
35,56,37.511542928162534
35,57,37.56776407465096
35,58,36.08206457985787
35,59,35.90506715109686
35,60,38.88190868106586
35,61,40.88264561952171
35,62,40.37487577453193
35,63,41.31244842683124
35,64,44.529985547586804
35,65,45.36466117262571
35,66,45.40993089002146
35,67,47.2981882282453
35,68,44.59638030982171
35,69,42.235460344414236
35,70,44.69061889272275
35,71,42.43125126592435
35,72,40.07081936634766
35,73,42.77170026546562
35,74,41.81621647936874
35,75,38.26570125314708
35,76,35.301955783471634
35,77,31.538530310038905
35,78,28.200558742752946
35,79,26.92507989351116
35,80,29.476935583580826
35,81,28.426148143181567
35,82,30.59857423036494
35,83,31.079565646470684
35,84,32.252452593840424
35,85,35.32902744518377
35,86,36.61602074050904
35,87,40.11401419393212
35,88,42.91139859516641
35,89,46.25912639519196
35,90,48.41545934212818
35,91,50.27114628720296
35,92,48.74241980820609
35,93,47.22826386138491
35,94,45.49539415606639
35,95,43.448956521163915
35,96,43.528404458056244
35,97,40.1774853303884
35,98,38.6724831229664
35,99,35.10591380173842
35,100,36.17158274673587
35,101,37.990461290451506
35,102,35.0797505881495
35,103,32.73367382329223
35,104,35.02689452698682
35,105,35.89938948070616
35,106,32.29198536878927
35,107,31.45729263301134
35,108,34.512823562186654
35,109,33.26728308487047
35,110,36.75141323337141
35,111,39.696850767793705
35,112,42.21254574681677
35,113,45.55286094342131
35,114,48.79467684413703
35,115,52.01668193547043
35,116,54.59141901497863
35,117,58.32333407254412
35,118,58.72873582042777
35,119,62.398560257504236
35,120,63.04935202979889
35,121,66.82543972456293
35,122,68.60286869148953
35,123,65.79973981438911
35,124,64.68030810675062
35,125,61.28982080664772
35,126,58.725223557570644
35,127,58.989635254413415
35,128,57.37673059629117
35,129,56.59655407928593
35,130,56.50863177971083
35,131,53.17762103586688
35,132,51.74025006708825
35,133,53.268420635443896
35,134,52.69671308448017
35,135,54.32414037324883
35,136,57.25132428294727
35,137,58.46805426894073
35,138,57.17925933497895
35,139,54.82188890479221
35,140,52.600004803032476
35,141,49.51665957399299
35,142,49.755205979734335
35,143,48.97319675642755
35,144,51.257301292705584
35,145,55.06744764120695
35,146,56.884860446323415
35,147,60.22772279652714
35,148,63.18663335279725
35,149,66.91377532782009
35,150,69.11971524539798
35,151,72.74637532982135
35,152,73.1964236327744
35,153,71.43413737514462
35,154,67.93666637271939
35,155,68.41085452945892
35,156,66.37438633479873
35,157,63.91874757246887
35,158,63.152162106966024
35,159,61.16865173050645
35,160,59.3140247273422
35,161,56.606819912579105
35,162,55.82429656721373
35,163,52.63766788852882
35,164,53.91719021904307
35,165,50.61508570113419
35,166,48.072099510326
35,167,45.25443640677847
35,168,44.61633154458644
35,169,45.88259578083585
35,170,44.44821216110381
35,171,47.18362040442861
35,172,46.73567042706639
35,173,49.8261126840486
35,174,50.883207791194216
35,175,53.56239668542861
35,176,55.23420827730706
35,177,55.93887888125271
35,178,58.83536014236203
35,179,59.65569819954923
35,180,63.45082621889262
35,181,66.02569942007091
35,182,67.58002922038783
35,183,64.3128488002029
35,184,64.04223010048887
35,185,67.60226685015259
35,186,67.68765211503371
35,187,64.7388130357812
35,188,65.10379474687709
35,189,68.59645996417736
35,190,67.93896582275411
35,191,67.58442467229266
35,192,64.56761120713561
35,193,62.34832710220139
35,194,60.18914123115666
35,195,57.45875541335793
35,196,56.86508432800653
35,197,54.43436253874226
35,198,54.47058001445565
35,199,53.553285000721075
35,200,54.79500832127216
35,201,51.87844110407244
35,202,51.40736187320584
35,203,53.50734194777105
35,204,52.41463888548715
35,205,55.317068811222484
35,206,54.988665516843774
35,207,57.72613211068534
35,208,57.283481753297295
35,209,57.3002712482472
35,210,59.82195023552402
35,211,58.47247507500776
35,212,58.08827388415242
35,213,54.413850091745495
35,214,52.759851274012675
35,215,52.967803914560335
35,216,50.11593945517849
35,217,50.887430165955195
35,218,54.58465689567239
35,219,54.84545543478346
35,220,55.373669951420744
35,221,55.22977372023722
35,222,52.20569402988745
35,223,51.013236552708406
35,224,49.09109937691168
35,225,46.90138173737497
35,226,46.74136757992475
35,227,45.52276570735895
35,228,46.803058719437566
35,229,45.51160731369679
35,230,48.32479333167526
35,231,47.61691316262877
35,232,49.56248649081879
35,233,53.169969670114845
35,234,53.12596473143389
35,235,54.90768900095309
35,236,54.217482791622174
35,237,57.14918751859005
35,238,57.42508684802023
35,239,60.230098120805245
35,240,61.05909646897112
35,241,64.10078427819955
35,242,62.26423807799079
35,243,59.008845350735356
35,244,57.17159152856424
35,245,54.47058567979218
35,246,54.56950127968012
35,247,51.98869192912212
35,248,52.76254545986564
35,249,50.877200793378634
35,250,47.69737939277334
35,251,44.02875866976534
35,252,42.41812073162282
35,253,39.80074418241601
35,254,36.92244718457268
35,255,33.893251217070045
35,256,30.642055898584733
35,257,27.24317799695735
35,258,28.561381089336127
35,259,27.424451780545443
35,260,27.777186271192726
35,261,25.61449247220955
35,262,26.713146632765802
35,263,25.378185040563345
35,264,26.968138586609935
35,265,24.68100526509935
35,266,26.68238669247588
35,267,26.478885417387957
35,268,25.85850611325379
35,269,26.59682617950728
35,270,23.29387053136388
35,271,21.395782504659916
35,272,18.309267372628067
35,273,17.821383593382446
35,274,16.127025815728377
35,275,18.253310986138846
35,276,17.871126258139846
35,277,20.800330153395073
35,278,19.067921558753092
35,279,19.143425110268037
35,280,17.204077658647623
35,281,13.469317198919311
35,282,11.848438689992669
35,283,10.255949244099892
35,284,8.603912341842284
35,285,5.1332414386719405
35,286,6.031138491306255
35,287,5.956920264214918
35,288,7.952682927547323
35,289,10.254158194700178
35,290,12.9158035089389
35,291,15.475307703897837
35,292,16.37472069096334
35,293,18.883229032738942
35,294,17.62112660095346
35,295,19.49043750572139
35,296,18.752233838933098
35,297,15.946501642302724
35,298,13.03277111789474
35,299,9.637105257327157
35,300,10.657041668746505
35,301,11.489608910289698
35,302,10.677237164977363
35,303,12.425053986593714
35,304,10.063313227227333
35,305,9.563155077461902
35,306,7.132686542895825
35,307,5.532770268381251
35,308,6.291444112463325
35,309,6.724156185432218
35,310,10.275912138439896
35,311,11.635889543300967
35,312,15.193021705861248
35,313,17.967020124443632
35,314,19.24590980554983
35,315,20.53935985886505
35,316,24.250885350549535
35,317,26.098745500977813
35,318,29.78480571453869
36,1,56.155702095715554
36,2,56.934248894298875
36,3,53.33578804914405
36,4,49.73302371646576
36,5,46.26522455007603
36,6,43.139187650711264
36,7,39.7940229732535
36,8,36.51456230768563
36,9,33.22810300896568
36,10,29.60129729518262
36,11,27.857514840541228
36,12,26.164437854644003
36,13,24.546393170801093
36,14,25.515187030939206
36,15,22.172064524047546
36,16,19.464371468229974
36,17,16.101245854044098
36,18,15.592259703137012
36,19,13.789323250851282
36,20,14.556231928801438
36,21,16.773543084788756
36,22,19.02272474243634
36,23,21.604667357438853
36,24,20.202510502167815
36,25,17.903152513374955
36,26,17.887104156663536
36,27,19.082607465468648
36,28,19.525550941890323
36,29,18.64332168795767
36,30,19.50275777941902
36,31,16.13508852580137
36,32,12.45535357285858
36,33,9.45168818765715
36,34,5.828518994562178
36,35,3.827798033459395
36,37,3.796396593848708
36,38,6.0174235458458485
36,39,9.2667464774406
36,40,12.064795192976593
36,41,15.557256550127551
36,42,17.2793407893467
36,43,19.28092537470947
36,44,19.64652275801687
36,45,20.545468510240884
36,46,23.853976573212005
36,47,23.253012962402465
36,48,23.214065248741726
36,49,23.63886436385091
36,50,26.74173237697341
36,51,25.844820527057855
36,52,28.838839052964282
36,53,28.777214130055878
36,54,30.94162443936292
36,55,31.734479856643176
36,56,34.32510370283389
36,57,34.461890696265456
36,58,32.958080931559266
36,59,33.01006840525205
36,60,35.91656032883356
36,61,37.840354263719256
36,62,37.54875013348157
36,63,38.59772343005905
36,64,41.681460377138706
36,65,42.527352800295844
36,66,42.3835815090705
36,67,44.32093794155226
36,68,41.58910137972274
36,69,39.35055349168904
36,70,41.98264831637311
36,71,39.868461796945134
36,72,37.54654327693017
36,73,40.368185325754354
36,74,39.66769595441802
36,75,36.11314319511654
36,76,33.327292007109534
36,77,29.53725252732521
36,78,26.35059756307072
36,79,24.65093910345741
36,80,26.88239520487419
36,81,25.540701445122043
36,82,27.447544126208822
36,83,27.756252376416228
36,84,28.72325251126354
36,85,31.859618203979835
36,86,33.237574293161735
36,87,36.693334982880096
36,88,39.55677129445597
36,89,42.92531889293464
36,90,45.15573337027361
36,91,46.97686549963492
36,92,45.35482882013347
36,93,43.9376627782996
36,94,42.2286956327819
36,95,40.335822631445374
36,96,40.47777838645205
36,97,37.22814294528724
36,98,35.62160211615334
36,99,32.1262610691583
36,100,33.46203614071498
36,101,35.28388417764615
36,102,32.27135841336562
36,103,30.140259845689542
36,104,32.68988906934258
36,105,33.486572043798894
36,106,29.856325562164507
36,107,29.347635375745458
36,108,32.5491147586544
36,109,31.2575062113769
36,110,34.706781800401515
36,111,37.444824383266216
36,112,40.17957538425577
36,113,43.39714217284618
36,114,46.761439023190334
36,115,49.84707954332759
36,116,52.465690386465056
36,117,56.157228661534454
36,118,56.40805256893355
36,119,60.02122959709751
36,120,60.498900714891114
36,121,64.26391195676658
36,122,65.89993223891096
36,123,63.00462298339159
36,124,61.83157688237161
36,125,58.498696997925414
36,126,55.880976299048854
36,127,55.9854112802545
36,128,54.27858065585559
36,129,53.359222646953874
36,130,53.19745093091914
36,131,49.815310926983344
36,132,48.51442787696961
36,133,50.1022938329987
36,134,49.6940696880029
36,135,51.353150912803976
36,136,54.182711100843726
36,137,55.37366094973767
36,138,54.040754203253435
36,139,51.776397623169785
36,140,49.572098565395095
36,141,46.57827354898371
36,142,47.00497533581904
36,143,46.32018504535281
36,144,48.483219934240324
36,145,52.283785806856926
36,146,53.94840582467487
36,147,57.334595444472036
36,148,60.19432274693176
36,149,63.93152779272406
36,150,66.21914729476427
36,151,69.81079561705648
36,152,70.17757904957189
36,153,68.49254991156661
36,154,65.03528875158645
36,155,65.63701107311779
36,156,63.67136673554853
36,157,61.30940031692886
36,158,60.70553507255653
36,159,58.83814881094207
36,160,57.15600348493646
36,161,54.54270860448362
36,162,53.97072196101403
36,163,50.91678140501422
36,164,52.41524342496265
36,165,49.20291305578283
36,166,46.84218615860803
36,167,43.83212105529748
36,168,42.933661233671145
36,169,43.953147041639376
36,170,42.26602857474302
36,171,44.812992316231465
36,172,44.12887655583964
36,173,47.09478962381747
36,174,47.96925254018057
36,175,50.54401851383167
36,176,52.08255692506534
36,177,52.673095247616075
36,178,55.49457007753956
36,179,56.20475402636825
36,180,60.005597780200375
36,181,62.651776523196375
36,182,64.19684941025646
36,183,60.95852050973619
36,184,60.77571956910981
36,185,64.37064428885175
36,186,64.44231181678276
36,187,61.57345723146907
36,188,62.021910772681295
36,189,65.48072144773091
36,190,64.85836819352855
36,191,64.410553412107
36,192,61.45498628186733
36,193,59.327813609011784
36,194,57.288047546955184
36,195,54.656016268967115
36,196,54.231901807243304
36,197,51.93300747579148
36,198,52.16157117879872
36,199,51.46196508070116
36,200,52.873769062847316
36,201,49.937581332905104
36,202,49.226257435017864
36,203,51.133823146530084
36,204,49.839501499332556
36,205,52.61181819283574
36,206,52.10137179825857
36,207,54.72097228441916
36,208,54.14837615074724
36,209,54.03571038208857
36,210,56.473468516039944
36,211,55.02212408037829
36,212,54.54525229554469
36,213,50.85041394439302
36,214,49.11728892730766
36,215,49.32879135187325
36,216,46.523622834299076
36,217,47.33690807259618
36,218,51.014402773518405
36,219,51.321517517081006
36,220,51.83435066911831
36,221,51.80236101847125
36,222,48.85487931212945
36,223,47.80496525737303
36,224,45.968161060865086
36,225,43.922932964563316
36,226,43.947875973091435
36,227,42.94447702510732
36,228,44.448174259434715
36,229,43.40440459622207
36,230,46.38721073547299
36,231,45.94340558101093
36,232,48.07621122738347
36,233,51.67321972993096
36,234,51.39846263765827
36,235,52.98663052012375
36,236,52.07542754994942
36,237,54.879532597183136
36,238,54.95802083814567
36,239,57.66226408622132
36,240,58.319878235870796
36,241,61.26188745641865
36,242,59.30697857307705
36,243,55.98029094259285
36,244,54.280531454778
36,245,51.57603058348138
36,246,51.85771154304553
36,247,49.41193585209195
36,248,50.29514766316287
36,249,48.59691808886629
36,250,45.51240493635476
36,251,41.87570941716565
36,252,40.5319459864229
36,253,37.96733095763664
36,254,35.324614905291675
36,255,32.43556187913133
36,256,29.291234883153653
36,257,25.769283543415536
36,258,26.66022042639493
36,259,25.12079934644108
36,260,25.07651297169768
36,261,22.6284860047668
36,262,23.415128547267102
36,263,22.046031735399925
36,264,23.61174139789326
36,265,21.555692366531915
36,266,23.8622522113711
36,267,24.024578885446463
36,268,23.802320045043697
36,269,25.022966332411315
36,270,22.022407566744402
36,271,20.429869732566093
36,272,17.14688189864672
36,273,16.76178254175771
36,274,14.387129755085347
36,275,15.850754232988873
36,276,14.868658334535544
36,277,17.494042150041853
36,278,15.697248741094604
36,279,16.24415202053095
36,280,14.84514000612859
36,281,11.322312330153318
36,282,10.774558328919513
36,283,9.861992285346572
36,284,9.530343943544736
36,285,6.123315486434152
36,286,6.806826333464868
36,287,4.5834030157458105
36,288,4.794088390026898
36,289,6.494635677004649
36,290,9.220934927698027
36,291,11.914258398392711
36,292,13.157110085989878
36,293,15.768957477603948
36,294,14.948753887861603
36,295,17.306924314393886
36,296,17.244286158850603
36,297,15.05264131449226
36,298,11.619866398733729
36,299,8.364715977482026
36,300,9.060426068343544
36,301,8.809112515667767
36,302,8.074644854654204
36,303,9.511495533316769
36,304,7.555969556740136
36,305,6.59596785410548
36,306,5.590218833567089
36,307,6.016769120388571
36,308,8.32541074233308
36,309,9.979429262477279
36,310,13.545619621090886
36,311,15.194433785487291
36,312,18.608423993917416
36,313,21.268973519639367
36,314,22.160034038108552
36,315,23.19183976721513
36,316,26.81187271175538
36,317,28.446637667540493
36,318,32.15836918689639
37,1,58.1042502275577
37,2,59.0468644590361
37,3,55.52582457011371
37,4,51.857926956434454
37,5,48.47502235042495
37,6,45.333142793212325
37,7,42.07399953580923
37,8,38.84567825621213
37,9,35.537476105187096
37,10,31.82631751695749
37,11,29.797681316880908
37,12,28.12279201113048
37,13,26.17984946568739
37,14,27.020593709884764
37,15,23.709831810423186
37,16,21.392527297870938
37,17,18.295162571312105
37,18,18.327940312522756
37,19,17.002578847405818
37,20,18.134733367061664
37,21,20.48861981875511
37,22,22.813915728695964
37,23,25.348161931908137
37,24,23.803127473589385
37,25,21.358576782683716
37,26,21.111507070235266
37,27,22.251097236689183
37,28,22.28685689230656
37,29,21.278052730180463
37,30,21.617026252607413
37,31,18.03759020986002
37,32,14.595558101815328
37,33,11.188079040485036
37,34,7.749060735986303
37,35,6.592479417952081
37,36,3.796396593848708
37,38,3.7988546503355773
37,39,6.043229983554395
37,40,8.398451587437362
37,41,11.835040981884186
37,42,13.671916267047289
37,43,15.552276409282866
37,44,16.040969312266217
37,45,16.951719752785507
37,46,20.379361216286547
37,47,20.005290592366933
37,48,20.26355016656449
37,49,20.752470787703793
37,50,23.714760560679395
37,51,22.665593705783348
37,52,25.66547176267544
37,53,25.480165987214264
37,54,27.8089565503525
37,55,28.459226581129546
37,56,31.19955700868984
37,57,31.503464467613085
37,58,30.268539381360124
37,59,30.434065657834722
37,60,33.5214697333245
37,61,35.20708653775275
37,62,34.77061477349904
37,63,36.054581521961985
37,64,39.152010887958276
37,65,39.750063603888435
37,66,39.5390344171812
37,67,41.283225643244904
37,68,38.43776594511023
37,69,36.274151420101184
37,70,38.866582759172076
37,71,36.61914184553898
37,72,34.46328112835392
37,73,37.40368535746861
37,74,36.82254823637377
37,75,33.185664305627526
37,76,30.550723267932806
37,77,26.759078835637975
37,78,23.759178102529
37,79,21.933818565878212
37,80,24.07968950370006
37,81,22.575128582062067
37,82,24.619344274433864
37,83,24.799183825376836
37,84,25.974943812238518
37,85,28.919702189631124
37,86,30.360945467457405
37,87,33.92526491412561
37,88,36.86091646495451
37,89,40.11065328499184
37,90,42.43856641353793
37,91,44.460895481363885
37,92,43.03495254586814
37,93,41.78280804364354
37,94,40.334986722322114
37,95,38.563893312465275
37,96,39.03495377323693
37,97,35.92155468182034
37,98,33.99031288377685
37,99,30.64412686687388
37,100,32.106648402218624
37,101,33.58709642343552
37,102,30.367416955828222
37,103,28.498559669404205
37,104,31.04877282285288
37,105,31.457601242232595
37,106,27.728875686480837
37,107,27.523076780128886
37,108,30.58017541377443
37,109,28.938940242360648
37,110,32.22827415399871
37,111,34.86238498194386
37,112,37.61243664180514
37,113,40.86315550495992
37,114,44.2904821397192
37,115,47.33002699675831
37,116,50.104614077053604
37,117,53.78779377912345
37,118,54.135004152529866
37,119,57.73313604289287
37,120,58.22808537927775
37,121,62.002257505054295
37,122,63.60690277788264
37,123,60.65208032198201
37,124,59.31833383495204
37,125,55.93613982586031
37,126,53.199953498433054
37,127,53.35682360913532
37,128,51.54816652025182
37,129,50.63876430241222
37,130,50.37044320799518
37,131,47.074181904367556
37,132,45.681749797137435
37,133,47.0928992192944
37,134,46.58068034237674
37,135,48.10043243783844
37,136,50.943997588636876
37,137,52.26447963639743
37,138,51.082619492018324
37,139,48.87103637175409
37,140,46.81694093902388
37,141,43.88581560496673
37,142,44.21683478706981
37,143,43.72873566170432
37,144,46.01771605682824
37,145,49.80952475175242
37,146,51.516546854056514
37,147,54.9794658480192
37,148,57.84741053526077
37,149,61.609718642036334
37,150,63.800376759563456
37,151,67.38698278338035
37,152,67.87469942180749
37,153,66.30884330551257
37,154,62.912443533748515
37,155,63.62673786918898
37,156,61.81849466705468
37,157,59.383780277379145
37,158,58.89649188537087
37,159,56.945199769359405
37,160,55.361418606893174
37,161,52.66134226394998
37,162,52.24013577682938
37,163,49.212593306241615
37,164,50.712998905730664
37,165,47.45293626690637
37,166,45.275659748862466
37,167,42.19544165145445
37,168,41.32352032116704
37,169,42.126832033417344
37,170,40.388484158347616
37,171,42.85258523657701
37,172,42.06652255602902
37,173,45.056468750340365
37,174,45.96903116500202
37,175,48.62304609883703
37,176,50.04037519196354
37,177,50.75890587806957
37,178,53.48358865468289
37,179,54.24044688077767
37,180,58.05485299453687
37,181,60.7549698655792
37,182,62.11781087720749
37,183,58.79545691247363
37,184,58.74613127668116
37,185,62.304759146841654
37,186,62.18976344022512
37,187,59.309072881275206
37,188,59.908328152140015
37,189,63.4187377052936
37,190,62.98399285677876
37,191,62.63892984891034
37,192,59.79111243285694
37,193,57.59693443487727
37,194,55.66913253725582
37,195,52.98604854863426
37,196,52.71230756328555
37,197,50.3713183045763
37,198,50.77850025500122
37,199,50.1546825768391
37,200,51.78068949345273
37,201,49.0043859945185
37,202,48.186458013668606
37,203,49.985051261009176
37,204,48.561115716819266
37,205,51.30230664820212
37,206,50.67417138587014
37,207,53.265792802317975
37,208,52.51075396062348
37,209,52.44603960885912
37,210,54.76050961921804
37,211,53.33210556648667
37,212,52.73374568592531
37,213,49.038503040297144
37,214,47.215600870333795
37,215,47.17673531246749
37,216,44.23130489232078
37,217,44.803979260457936
37,218,48.52497016055356
37,219,48.9757002638076
37,220,49.71514126579207
37,221,49.6909229098934
37,222,46.79082328044396
37,223,45.732519414783006
37,224,44.10359411433817
37,225,42.00450274321883
37,226,42.21960570473804
37,227,41.22948497018026
37,228,42.872197390418584
37,229,41.89248751904427
37,230,44.887663947225185
37,231,44.606513147479966
37,232,46.67357817196169
37,233,50.32694915788078
37,234,50.051646986855715
37,235,51.45833287597634
37,236,50.425616399453084
37,237,53.24450851061961
37,238,53.19713138319459
37,239,55.959713252353424
37,240,56.53190782945506
37,241,59.435877772162755
37,242,57.36924975005271
37,243,53.98776320130729
37,244,52.25286167984226
37,245,49.39160156687755
37,246,49.663464966310315
37,247,47.16415644433766
37,248,47.871928004281614
37,249,46.28046725346142
37,250,43.32461161721395
37,251,39.64464730379619
37,252,38.388072595383996
37,253,36.06563871245378
37,254,33.49272581355027
37,255,30.86187752454728
37,256,27.615104236982667
37,257,23.95989602978719
37,258,24.52432252436597
37,259,23.01498689138923
37,260,22.73774813042646
37,261,20.163075255543948
37,262,20.879898785256678
37,263,19.146878364404674
37,264,20.481674107195637
37,265,18.142253354980465
37,266,20.24211455440499
37,267,20.351288784055274
37,268,20.041854189885086
37,269,21.34077271851605
37,270,18.453854126131695
37,271,17.134445646125307
37,272,13.95504576399253
37,273,14.080206732172492
37,274,11.638741685112667
37,275,12.845892877728751
37,276,12.030030538331427
37,277,14.654208789142334
37,278,12.583493501674681
37,279,12.736285056315227
37,280,11.276205169706394
37,281,7.745010638857282
37,282,7.668953312230683
37,283,7.88240710398892
37,284,8.330812313767144
37,285,6.136850829955831
37,286,7.962033481977228
37,287,6.090996071717926
37,288,4.33017225199393
37,289,6.045822878725023
37,290,7.136506971153779
37,291,10.26077345051442
37,292,12.286503173642451
37,293,14.172985585071302
37,294,13.005009582388185
37,295,15.16529813729127
37,296,15.187014341171228
37,297,13.409510062690718
37,298,10.037070447818659
37,299,7.770770196598842
37,300,9.541777362060246
37,301,9.181213047934303
37,302,9.726838752149112
37,303,11.173610010880452
37,304,9.9789291580657
37,305,8.122770004041065
37,306,8.186818086852973
37,307,9.570571418219656
37,308,11.436570999047907
37,309,13.047992401612222
37,310,16.376599521525204
37,311,17.441819058385665
37,312,20.92442361307711
37,313,23.90155820880256
37,314,24.97020230707671
37,315,25.669641891460532
37,316,29.32905366513004
37,317,30.634558086405086
37,318,34.2416166086299
38,1,59.73201750566556
38,2,60.80669684708678
38,3,57.302469385316044
38,4,53.64130802047094
38,5,50.20247736743746
38,6,47.219785841452186
38,7,43.855930601880985
38,8,40.78156186770835
38,9,37.32758846101483
38,10,33.64359215725698
38,11,31.41934545222168
38,12,29.358256941614826
38,13,27.097075593757136
38,14,27.414325742704236
38,15,23.89331865354798
38,16,21.953521427656224
38,17,18.79720559336794
38,18,18.677016099674997
38,19,17.861881284842788
38,20,19.00159766368926
38,21,21.77403758748634
38,22,24.060714765749218
38,23,26.24403153116074
38,24,24.390071090128146
38,25,21.497375868716574
38,26,21.304627651641066
38,27,22.920129492256525
38,28,22.951816845711125
38,29,22.499565912383652
38,30,22.95618131107331
38,31,19.56564999224887
38,32,16.317449781416446
38,33,13.321862775939602
38,34,9.707280462675092
38,35,9.419237938277691
38,36,6.0174235458458485
38,37,3.7988546503355773
38,39,3.8215135222619105
38,40,7.094326024526395
38,41,10.70488538262495
38,42,11.98847429479898
38,43,14.640179909735183
38,44,15.80339472411389
38,45,17.42180085800684
38,46,21.001338459187938
38,47,21.303351239886517
38,48,21.972572665654443
38,49,22.144085434268703
38,50,24.694844307533028
38,51,23.083069977217395
38,52,25.71023683331269
38,53,24.97164217995399
38,54,27.03175476661539
38,55,27.2797608359844
38,56,29.795436825903273
38,57,30.41386514638405
38,58,29.299054338422184
38,59,29.92003095513857
38,60,32.90019941223872
38,61,34.365799410220674
38,62,34.24842644021184
38,63,35.77440502217613
38,64,38.63887846379042
38,65,39.16747590735701
38,66,38.60545710320177
38,67,40.317448695197264
38,68,37.34735465336199
38,69,35.4809742087797
38,70,38.31833924628807
38,71,36.21367019917064
38,72,34.25087079819978
38,73,37.3936596471328
38,74,37.196976740676405
38,75,33.560978260701944
38,76,31.23993024889969
38,77,27.485468260447792
38,78,24.795537382414594
38,79,22.465061300207356
38,80,24.06951957599865
38,81,22.032597056913485
38,82,23.59697684722957
38,83,23.264497596119437
38,84,23.98217181486178
38,85,26.90488129129336
38,86,28.701427294907774
38,87,32.214207191780204
38,88,35.344442045849
38,89,38.55998552227784
38,90,41.095080080028126
38,91,43.113944343589864
38,92,41.54677199710096
38,93,40.53311925427225
38,94,39.15911543848296
38,95,37.69385229573612
38,96,38.249335986289225
38,97,35.32899168290515
38,98,33.274335660825386
38,99,30.090191658308417
38,100,31.96606368468031
38,101,33.44916750929455
38,102,30.11179982997306
38,103,28.612332582633076
38,104,31.48026064327535
38,105,31.76131559415072
38,106,28.053661280224627
38,107,28.30962681346126
38,108,31.473936848500824
38,109,29.75298433194894
38,110,32.909263801196175
38,111,35.22538901640025
38,112,38.21451863820634
38,113,41.29622624340304
38,114,44.85640494439295
38,115,47.699759451034886
38,116,50.544824232115594
38,117,54.15621676879703
38,118,54.32611322404506
38,119,57.83124068586079
38,120,58.0949411239812
38,121,61.839883456559754
38,122,63.234315109690435
38,123,60.14435539094144
38,124,58.70107093736583
38,125,55.40752015561041
38,126,52.5659046375928
38,127,52.478751192530886
38,128,50.47617196266546
38,129,49.308090692387005
38,130,48.82930003428067
38,131,45.47483366675885
38,132,44.33690408924625
38,133,45.75395508265733
38,134,45.48770561518739
38,135,46.93863557663108
38,136,49.58996664322681
38,137,50.97692197342371
38,138,49.8208103119561
38,139,47.82355596804049
38,140,45.880367052015345
38,141,43.14220993956025
38,142,43.73590412363831
38,143,43.46242090496918
38,144,45.5883149744166
38,145,49.34205952917486
38,146,50.80984397837664
38,147,54.34188031101299
38,148,57.03976949183172
38,149,60.80999320746751
38,150,63.10796428546426
38,151,66.62796580041807
38,152,66.9996335302026
38,153,65.57781213334837
38,154,62.261089905488056
38,155,63.17576942028093
38,156,61.48281112577374
38,157,59.19255977694826
38,158,58.935202716458384
38,159,57.1455978636958
38,160,55.79243291301331
38,161,53.21931270407427
38,162,53.054211125199615
38,163,50.19686106588639
38,164,51.9219660730259
38,165,48.77415144273791
38,166,46.80468044300331
38,167,43.556905988461665
38,168,42.418267780194
38,169,42.92639450314702
38,170,40.89575642652534
38,171,43.088390849013685
38,172,41.97451873418798
38,173,44.76005998717094
38,174,45.38340847211418
38,175,47.85084910846362
38,176,49.022838977802635
38,177,49.5272455962773
38,178,52.08993822125599
38,179,52.60996808504502
38,180,56.42610940073253
38,181,59.271033352234106
38,182,60.60805412788812
38,183,57.347275556917765
38,184,57.48140456948372
38,185,61.09403239556677
38,186,60.93667335632248
38,187,58.210459343549246
38,188,58.970551073649325
38,189,62.414303480702635
38,190,62.044661707819735
38,191,61.531527120211194
38,192,58.79549749404167
38,193,56.77445844661792
38,194,55.045122633429514
38,195,52.5348259127847
38,196,52.50859549869435
38,197,50.37422587511456
38,198,51.028952804192805
38,199,50.68461540935565
38,200,52.487086538678746
38,201,49.68410695770785
38,202,48.583015223897284
38,203,50.125585965400596
38,204,48.442984855007644
38,205,50.9753033844068
38,206,50.079005585718576
38,207,52.46254985089537
38,208,51.50305362842083
38,209,51.18901382867153
38,210,53.33804187767888
38,211,51.692572957534885
38,212,50.88699611037659
38,213,47.152139062008224
38,214,45.119455421690255
38,215,45.06852171654225
38,216,42.23545978668883
38,217,42.833701694531364
38,218,46.510301414307065
38,219,47.13751323701175
38,220,47.87927123159566
38,221,48.12011781688951
38,222,45.40039430959017
38,223,44.62968364966379
38,224,43.175354931022014
38,225,41.34272890341558
38,226,41.85650235105066
38,227,41.198284654225006
38,228,43.13402681540581
38,229,42.48256570839709
38,230,45.657266685171855
38,231,45.677036975695266
38,232,47.93262828576095
38,233,51.54643790955923
38,234,51.0193393430291
38,235,52.19938967344009
38,236,50.90703407380935
38,237,53.545565036097365
38,238,53.23698233787373
38,239,55.84318174022941
38,240,56.164349033687145
38,241,58.90389561543711
38,242,56.65717236622294
38,243,53.1701186087889
38,244,51.66736084703403
38,245,48.802380525689294
38,246,49.352385764869936
38,247,47.05621432789861
38,248,47.87918046398016
38,249,46.5639103753524
38,250,43.77122170565768
38,251,40.15766141376008
38,252,39.24284378807968
38,253,37.035918519857674
38,254,34.7614431032118
38,255,32.3332881222466
38,256,29.249730666482282
38,257,25.546889970139684
38,258,25.594519192692022
38,259,23.632152611764823
38,260,22.74587469818438
38,261,19.719491953772593
38,262,19.739509038165316
38,263,17.7183761475048
38,264,18.640353655471024
38,265,16.564297874306035
38,266,18.996024024574055
38,267,19.801472475687277
38,268,19.808206789766093
38,269,21.692489036007707
38,270,19.293508901724834
38,271,18.635353630649067
38,272,15.644082055300895
38,273,16.197004148036903
38,274,13.321152344792155
38,275,13.477769288110943
38,276,11.744395651676701
38,277,13.467143841905255
38,278,10.829992450726678
38,279,11.876672872049866
38,280,11.55020884050959
38,281,8.742791237887003
38,282,10.01420120219236
38,283,11.131365794126461
38,284,11.916973826839078
38,285,9.926204757077143
38,286,11.480507665573422
38,287,8.85706778896376
38,288,5.954276425459818
38,289,5.010110214462378
38,290,5.370571522231481
38,291,9.111688481513927
38,292,11.914351096792487
38,293,13.889083355996155
38,294,13.573307828332382
38,295,16.257751082927555
38,296,17.05306913054782
38,297,15.97554217677169
38,298,12.468156544341221
38,299,10.614225400767276
38,300,11.689624976683428
38,301,10.082604465827883
38,302,10.160142880905306
38,303,10.373102501280984
38,304,9.295238523108477
38,305,6.498482988895739
38,306,7.880901215169124
38,307,10.59295213205279
38,308,12.788358291560147
38,309,15.224760661793821
38,310,18.400994594359485
38,311,19.81004036532028
38,312,23.016805957743948
38,313,25.80092220411808
38,314,26.40242581060322
38,315,26.749113254251053
38,316,30.24573800038985
38,317,31.27569254594513
38,318,34.855235077980936
39,1,60.89755024076634
39,2,62.156471557687055
39,3,58.749199834734895
39,4,55.03485619260869
39,5,51.694781472245666
39,6,48.7296006709255
39,7,45.46220600136081
39,8,42.47834717520715
39,9,39.010925751766074
39,10,35.27813370359052
39,11,32.78214281747494
39,12,30.74745824288889
39,13,28.202401845287998
39,14,28.38844069045455
39,15,24.998691111453418
39,16,23.485511895831383
39,17,20.700259816858267
39,18,21.138916786805922
39,19,20.74871129376353
39,20,22.2881482795285
39,21,25.166583575516835
39,22,27.639193912758774
39,23,29.74901533325181
39,24,27.72256957876281
39,25,24.80279698732747
39,26,24.272979967291775
39,27,25.692424398914586
39,28,25.285218564671833
39,29,24.677387319781825
39,30,24.625621522223344
39,31,21.145066970861315
39,32,18.231754734443033
39,33,15.105928325969883
39,34,11.924526296182437
39,35,12.159143386989067
39,36,9.2667464774406
39,37,6.043229983554395
39,38,3.8215135222619105
39,40,3.7933404605210272
39,41,7.058165128309943
39,42,8.73864474976929
39,43,11.505218739797721
39,44,13.253203672317401
39,45,14.856079063346394
39,46,18.583261175446843
39,47,19.222298588959294
39,48,20.334181528074094
39,49,20.715062232286847
39,50,23.005165802562374
39,51,21.222452848304968
39,52,23.79402920454278
39,53,22.808881918197347
39,54,25.08814455092314
39,55,25.007169484628147
39,56,27.70849162753287
39,57,28.657924728490578
39,58,27.982028507991252
39,59,28.807189424985783
39,60,31.978471937174902
39,61,33.07926271070822
39,62,32.78832733235849
39,63,34.64007956912574
39,64,37.47905962909068
39,65,37.65429465046754
39,66,36.96504023423535
39,67,38.37020993138048
39,68,35.22094541631901
39,69,33.53082547742783
39,70,36.30486836689537
39,71,34.00712751820612
39,72,32.34575891255352
39,73,35.64345527226941
39,74,35.618175868850955
39,75,31.904298398422952
39,76,29.82892073442177
39,77,26.14685247526463
39,78,23.778675563042082
39,79,21.36884247496994
39,80,22.785928691787863
39,81,20.500105458643343
39,82,22.16675746882933
39,83,21.51343141764349
39,84,22.418312089039084
39,85,24.976687243557052
39,86,26.968939580860766
39,87,30.598481519130463
39,88,33.850950337586056
39,89,36.860317242406715
39,90,39.5591425393548
39,91,41.84156198617537
39,92,40.52115857578016
39,93,39.76451995710882
39,94,38.733694423406945
39,95,37.46301963706215
39,96,38.39465455482818
39,97,35.674506202927944
39,98,33.27797340682223
39,99,30.3279958674691
39,100,32.33052674084876
39,101,33.40763621360672
39,102,29.878610754595176
39,103,28.72663225820607
39,104,31.53723771003314
39,105,31.357775035199865
39,106,27.601423601841386
39,107,28.20566768252351
39,108,31.123940270410742
39,109,29.00169261562
39,110,31.89388155663569
39,111,34.04845825752666
39,112,37.007621503234674
39,113,40.11139776184281
39,114,43.714643280792934
39,115,46.485649074574916
39,116,49.51211070287773
39,117,53.093803152539536
39,118,53.39316423094469
39,119,56.86280778790726
39,120,57.148873220458604
39,121,60.888159706357335
39,122,62.23425195150519
39,123,59.07720718643921
39,124,57.42800846568984
39,125,54.08874196581411
39,126,51.09579839155207
39,127,51.061149034357975
39,128,48.908188048295024
39,129,47.72333282268154
39,130,47.05838876128756
39,131,43.830883318700785
39,132,42.61532617439317
39,133,43.763627594519384
39,134,43.37704439993406
39,135,44.586694427960744
39,136,47.219105635671795
39,137,48.82145321187313
39,138,47.903244079979395
39,139,46.02254624479624
39,140,44.317724254780316
39,141,41.70392941887869
39,142,42.177861379263454
39,143,42.18804969962556
39,144,44.45947569702487
39,145,48.1749277629913
39,146,49.67497269166959
39,147,53.29132736275647
39,148,55.974808999752454
39,149,59.76144185358112
39,150,61.9352936877431
39,151,65.43247712008359
39,152,65.94670111950805
39,153,64.68736953163142
39,154,61.46230352985384
39,155,62.51835771116048
39,156,61.02195006493697
39,157,58.66011393281774
39,158,58.54138474495804
39,159,56.660317455901236
39,160,55.42213414738841
39,161,52.75597999873434
39,162,52.75063067347748
39,163,49.928396690079225
39,164,51.616655205645465
39,165,48.421224752709406
39,166,46.651052994630064
39,167,43.37963267241955
39,168,42.31676824854977
39,169,42.59518369273571
39,170,40.54295976699289
39,171,42.62282578342303
39,172,41.39664827039582
39,173,44.18152849096784
39,174,44.831838855657345
39,175,47.3624473836261
39,176,48.358483204985674
39,177,48.98818914607662
39,178,51.397874172284546
39,179,51.93318529587344
39,180,55.747324718603544
39,181,58.66719962627789
39,182,59.77717538962719
39,183,56.43645564493704
39,184,56.75816959650884
39,185,60.31864220236669
39,186,59.92813252690439
39,187,57.21646694655168
39,188,58.1752333153912
39,189,61.66086557662818
39,190,61.520904329216705
39,191,61.1124197586212
39,192,58.52293029823284
39,193,56.450574530688016
39,194,54.87151718410227
39,195,52.327092739876306
39,196,52.47840869866027
39,197,50.3136026709391
39,198,51.1595901478122
39,199,50.89111877489933
39,200,52.90115783280787
39,201,50.285962038534024
39,202,49.09460787146691
39,203,50.516239496012396
39,204,48.706474390323336
39,205,51.18212357241774
39,206,50.15109200522378
39,207,52.47413914879397
39,208,51.29821368968429
39,209,51.01207617152202
39,210,52.98579002937527
39,211,51.341424578740416
39,212,50.36031891584919
39,213,46.639454801637726
39,214,44.46475069998173
39,215,44.10010965310747
39,216,41.133025852451574
39,217,41.40989819495294
39,218,45.11449836101907
39,219,45.972244153411594
39,220,46.9994396826225
39,221,47.29959805054313
39,222,44.68544065767189
39,223,43.9491653786779
39,224,42.77584845374909
39,225,40.918757851228136
39,226,41.66805537231489
39,227,41.040675227247334
39,228,43.11449689083684
39,229,42.53033835222249
39,230,45.67798873050769
39,231,45.852258831814815
39,232,47.99443565038575
39,233,51.64764424630885
39,234,51.15042768803169
39,235,52.13880731695276
39,236,50.73286900603958
39,237,53.37739803398572
39,238,52.93077023419615
39,239,55.58820533852621
39,240,55.80378574393675
39,241,58.47853077492967
39,242,56.10135746195582
39,243,52.55963287129729
39,244,51.03964793870946
39,245,48.00102437138494
39,246,48.54805640035187
39,247,46.20540164037162
39,248,46.7981864496414
39,249,45.62533429292796
39,250,43.01335693050945
39,251,39.378595099680865
39,252,38.5607779709244
39,253,36.67028897986888
39,254,34.48109409982622
39,255,32.36958651934516
39,256,29.20832266329543
39,257,25.456078389954698
39,258,25.162651078972875
39,259,23.322333782860223
39,260,22.15697279309147
39,261,19.028380834119485
39,262,18.836157393635766
39,263,16.2347214315873
39,264,16.553787615896947
39,265,14.014733391355627
39,266,16.025234375232717
39,267,16.89175829685175
39,268,16.615265421918092
39,269,18.606244757632112
39,270,16.46713886704671
39,271,16.416257337516853
39,272,13.919538964388668
39,273,15.298149808410855
39,274,12.716138558148382
39,275,12.44721394818964
39,276,11.028030802800851
39,277,12.365944585615162
39,278,9.123491243975964
39,279,9.58095283295726
39,280,9.488363036963044
39,281,7.261466069793329
39,282,9.111744615183067
39,283,11.462392660888886
39,284,12.453927725203908
39,285,11.588441806231426
39,286,13.823308261463964
39,287,11.788960703153396
39,288,8.7783658550034
39,289,8.11844926945677
39,290,6.608317288972984
39,291,10.218920572629543
39,292,13.584801276142805
39,293,14.647551666074458
39,294,14.012867554674555
39,295,16.244692613263496
39,296,17.020270977759886
39,297,16.363527747771823
39,298,13.30518961085424
39,299,12.411886769943528
39,300,14.18998495751504
39,301,12.83272131611988
39,302,13.591766747328926
39,303,13.856920340481448
39,304,13.035876976369412
39,305,10.014794658701403
39,306,11.26213850912833
39,307,13.99342361473581
39,308,15.652872452355322
39,309,17.94632590557999
39,310,20.849443433773242
39,311,21.7506839855273
39,312,24.915683191677275
39,313,27.93751606667463
39,314,28.69034665886897
39,315,28.69737032028371
39,316,32.18766384635908
39,317,32.86909899479779
39,318,36.29257185053465
40,1,63.547614314074835
40,2,64.84556481753364
40,3,61.48669868250166
40,4,57.74260420774377
40,5,54.48908137059296
40,6,51.45180665470921
40,7,48.29377734190974
40,8,45.275909328335125
40,9,41.88376793141887
40,10,38.11950319561335
40,11,35.58832952100812
40,12,33.74378095963184
40,13,31.18205713730396
40,14,31.473596382619814
40,15,28.221900250032636
40,16,26.797734392279224
40,17,24.16518024143961
40,18,24.77514684478471
40,19,24.294139264988196
40,20,25.798875235617825
40,21,28.51588438383662
40,22,30.902046701831036
40,23,33.192458895971114
40,24,31.310297701635598
40,25,28.46355389156215
40,26,27.98203543813037
40,27,29.302176247814028
40,28,28.827215196467506
40,29,27.999249348260335
40,30,27.720376922888935
40,31,24.129401910243484
40,32,21.269933702705064
40,33,17.916220324163856
40,34,14.953671825661965
40,35,14.810613080251875
40,36,12.064795192976593
40,37,8.398451587437362
40,38,7.094326024526395
40,39,3.7933404605210272
40,41,3.7856755455287083
40,42,5.415740044055869
40,43,7.755086975510869
40,44,9.564448276792955
40,45,11.268812658611502
40,46,14.996277068977603
40,47,15.971613433997264
40,48,17.37343247556112
40,49,17.679282497443815
40,50,19.69574037829271
40,51,17.783891428426845
40,52,20.317448752565234
40,53,19.295464195769558
40,54,21.766702871517378
40,55,21.66171086133967
40,56,24.561936294185323
40,57,25.556730790885116
40,58,25.13158529454401
40,59,25.94254033935134
40,60,29.272552901944835
40,61,30.17641853492944
40,62,29.6630777420633
40,63,31.6656087205531
40,64,34.53967029965923
40,65,34.498432434341204
40,66,33.85037628152122
40,67,35.0868910011312
40,68,31.89680278099336
40,69,30.190920763211313
40,70,32.853854206796
40,71,30.43173415954178
40,72,28.881446117187554
40,73,32.221798401238466
40,74,32.25124686660619
40,75,28.507771239576297
40,76,26.578643582860224
40,77,22.97080952315594
40,78,20.86019242010267
40,79,18.417241632675356
40,80,19.72968165726429
40,81,17.405605572154112
40,82,19.298502665102397
40,83,18.674436392899096
40,84,19.994040250467386
40,85,22.310908598003916
40,86,24.178361617722377
40,87,27.89689638250725
40,88,31.107023557357955
40,89,33.99288732995169
40,90,36.682443747051785
40,91,39.13794441475869
40,92,38.07116835560377
40,93,37.394654423268044
40,94,36.612863661875615
40,95,35.38147679168365
40,96,36.60834223000459
40,97,34.01758691380862
40,98,31.3700014364294
40,99,28.601797812992277
40,100,30.575813391003884
40,101,31.27535741889314
40,102,27.641205469408206
40,103,26.719789074022433
40,104,29.392058673859044
40,105,28.844623956329492
40,106,25.08267353602571
40,107,25.922989109813862
40,108,28.601702415652664
40,109,26.19700235929852
40,110,28.881491001084783
40,111,30.93548587534487
40,112,33.844802542945324
40,113,36.96174432501228
40,114,40.57056168478599
40,115,43.3054875611468
40,116,46.43351917712358
40,117,49.99636308868459
40,118,50.40715265668205
40,119,53.862705174841835
40,120,54.21223379338392
40,121,57.948968595693024
40,122,59.31473350866862
40,123,56.1551753150445
40,124,54.40444805761006
40,125,51.01219462463194
40,126,47.959819734708326
40,127,48.04220004310546
40,128,45.87357677303336
40,129,44.79486109546918
40,130,44.124827722279605
40,131,41.0096566171471
40,132,39.61795705150093
40,133,40.610799822978976
40,134,40.055225525501164
40,135,41.18477487099731
40,136,43.8945663675211
40,137,45.559005936234
40,138,44.749539178222655
40,139,42.84346236908976
40,140,41.23902030213519
40,141,38.638978155116256
40,142,38.955513154652174
40,143,39.09026592059065
40,144,41.49756447542549
40,145,45.189865547370594
40,146,46.785285567852384
40,147,50.43071669399657
40,148,53.15947965320921
40,149,56.949496997600676
40,150,58.99786732812405
40,151,62.499369863245285
40,152,63.1527740215871
40,153,61.956730065580985
40,154,58.77476546275242
40,155,59.869030333836605
40,156,58.491149738236956
40,157,56.037818176528525
40,158,55.970398533882175
40,159,53.98941047173477
40,160,52.803098748619064
40,161,50.0564482174252
40,162,50.147535295353904
40,163,47.352204299700674
40,164,49.00398753891476
40,165,45.78933199524606
40,166,44.187725693877205
40,167,40.904409332137284
40,168,39.90239126708437
40,169,40.011681493051164
40,170,37.98099218005274
40,171,40.003527502103225
40,172,38.76235031763443
40,173,41.58896641564934
40,174,42.34746066028055
40,175,44.987671562793274
40,176,45.93931642583711
40,177,46.763745716898114
40,178,49.12494850722936
40,179,49.79840500683772
40,180,53.601889505110485
40,181,56.49650683306019
40,182,57.44157295372978
40,183,54.013914250801086
40,184,54.386588204021
40,185,57.87580109750045
40,186,57.332967940014015
40,187,54.56618380445026
40,188,55.60240911147658
40,189,59.14169203103522
40,190,59.15288128509486
40,191,58.90190493968784
40,192,56.389022764625246
40,193,54.20667273544428
40,194,52.68172846356067
40,195,50.05606229485913
40,196,50.2814910395278
40,197,48.04326507089942
40,198,48.99407694565933
40,199,48.741947788593926
40,200,50.900591928576446
40,201,48.46851309724919
40,202,47.246480179713174
40,203,48.60667450005567
40,204,46.75519308203787
40,205,49.233126583427904
40,206,48.17638458829777
40,207,50.5185046088637
40,208,49.243809446664166
40,209,49.09813280574163
40,210,51.00092852435634
40,211,49.48116998418232
40,212,48.480302109546855
40,213,44.806909516320694
40,214,42.66318990768988
40,215,42.061551770166446
40,216,38.927115174230394
40,217,38.960260901539094
40,218,42.70342997846853
40,219,43.605069276524226
40,220,44.839963082233005
40,221,45.030124537116855
40,222,42.4104463410558
40,223,41.5668687278993
40,224,40.551004192655675
40,225,38.57857872227508
40,226,39.422934613107365
40,227,38.734227017734355
40,228,40.851469535452395
40,229,40.27469892267483
40,230,43.36386663589207
40,231,43.64535900818194
40,232,45.68050954057569
40,233,49.349969336960086
40,234,48.888561589083906
40,235,49.73511304048445
40,236,48.27445133092129
40,237,50.94523779425697
40,238,50.442174977633286
40,239,53.17212396439841
40,240,53.37257956379119
40,241,56.04225285911742
40,242,53.62943627452265
40,243,50.09181614126797
40,244,48.47822814563495
40,245,45.31583864584141
40,246,45.77524082768657
40,247,43.35344088203016
40,248,43.75897040086923
40,249,42.63969310811094
40,250,40.14226140994076
40,251,36.50019781247053
40,252,35.73447769164563
40,253,34.08753352482313
40,254,31.984803962730368
40,255,30.156582053046375
40,256,26.99036173909141
40,257,23.255109348787432
40,258,22.652990824256065
40,259,20.95344470239599
40,260,19.652732922152623
40,261,16.603657439081584
40,262,16.487081668513518
40,263,13.604098688327548
40,264,13.746561844085402
40,265,10.787066282459733
40,266,12.450253201184116
40,267,13.116804210722458
40,268,12.874936868210657
40,269,15.030153373266018
40,270,13.17014565068715
40,271,13.471455888425263
40,272,11.260321670272676
40,273,13.096469453771723
40,274,10.691306464610895
40,275,9.863839055271857
40,276,8.900513857131122
40,277,10.071185828648838
40,278,6.8264103290422
40,279,6.220898699221323
40,280,6.288242240228053
40,281,5.299123456540814
40,282,8.12879817528862
40,283,11.22762253295317
40,284,12.963760121040357
40,285,13.009742953529928
40,286,15.235387462009477
40,287,13.58356956806556
40,288,10.466211046373875
40,289,10.226867910462857
40,290,7.523170689403183
40,291,10.249205805918308
40,292,13.687502666409227
40,293,13.726716580655387
40,294,12.681191482157917
40,295,14.350554139531877
40,296,15.189202467156331
40,297,15.151182021335766
40,298,12.650465063345385
40,299,12.873985727981118
40,300,15.057974685902094
40,301,13.982950154073928
40,302,15.606481533747624
40,303,16.282622900306933
40,304,16.09739396009727
40,305,13.422059277179603
40,306,14.856282559994034
40,307,17.352829162308623
40,308,19.010221317390048
40,309,20.951215049508914
40,310,23.893437415194352
40,311,24.45795738430994
40,312,27.750637960677295
40,313,30.9528172217009
40,314,31.96310836429223
40,315,31.996730809258842
40,316,35.5404261008746
40,317,36.1710363269899
40,318,39.5284125882212
41,1,64.81913336280435
41,2,66.27511365707852
41,3,63.020693990104334
41,4,59.24741475713645
41,5,56.105048939116855
41,6,53.096504023407725
41,7,50.05081957789554
41,8,47.130248094604156
41,9,43.76115591709383
41,10,39.99367763084336
41,11,37.27217782745515
41,12,35.49181489748537
41,13,32.75290335363445
41,14,32.955833331524126
41,15,29.890263072267558
41,16,28.812432564986974
41,17,26.511188882389103
41,18,27.505698085170476
41,19,27.309244193267023
41,20,29.08386828697679
41,21,31.867183118961783
41,22,34.399361312110265
41,23,36.630252289954484
41,24,34.621248665022506
41,25,31.776526450152488
41,26,31.04617137764623
41,27,32.19795300863965
41,28,31.40412116066146
41,29,30.4559272237464
41,30,29.794442832531146
41,31,26.21396462721381
41,32,23.672262805000223
41,33,20.352153032528626
41,34,17.780480971641843
41,35,17.972445391160985
41,36,15.557256550127551
41,37,11.835040981884186
41,38,10.70488538262495
41,39,7.058165128309943
41,40,3.7856755455287083
41,42,3.8031483782504845
41,43,5.456219906826956
41,44,8.25038666302145
41,45,9.630719895471096
41,46,13.325006579368399
41,47,14.724986760892898
41,48,16.65664453536173
41,49,17.261827610267428
41,50,18.852024591176153
41,51,16.85440738881619
41,52,19.23693078960498
41,53,17.97251512816891
41,54,20.70092242097972
41,55,20.19368361719544
41,56,23.298534570092148
41,57,24.661909342345044
41,58,24.79005734268355
41,59,25.774506932511603
41,60,29.246419704652403
41,61,29.720686567577047
41,62,28.973803550301653
41,63,31.301105036137596
41,64,34.1136024545246
41,65,33.65968662707618
41,66,32.904949112377324
41,67,33.74769131844228
41,68,30.390500482499423
41,69,28.904184507499235
41,70,31.414127937624453
41,71,28.759304641626905
41,72,27.6090158271501
41,73,31.065272265354242
41,74,31.267023135792137
41,75,27.497587142961436
41,76,25.89417843915322
41,77,22.489249509652872
41,78,20.84360391448474
41,79,18.486198919780904
41,80,19.543703686659104
41,81,17.086640327685434
41,82,19.066091062984185
41,83,18.118520758178942
41,84,19.678411331371407
41,85,21.420014886594842
41,86,23.42761290583821
41,87,27.190735654602946
41,88,30.45369871769852
41,89,33.04007215108883
41,90,35.86234841746861
41,91,38.5912979595942
41,92,37.83394209708382
41,93,37.43344835118731
41,94,37.031456746314774
41,95,36.00437660148277
41,96,37.59073388811248
41,97,35.23529042704177
41,98,32.30993493068502
41,99,29.838467717406818
41,100,31.855728179054857
41,101,32.124491979810045
41,102,28.395115467135213
41,103,27.835889406373465
41,104,30.343592036213785
41,105,29.328495297949004
41,106,25.62857334783745
41,107,26.778039409954125
41,108,29.096158032325082
41,109,26.31486957177168
41,110,28.624129328258594
41,111,30.469631281558993
41,112,33.26223368484645
41,113,36.372418301837556
41,114,39.96951647919688
41,115,42.608738045210934
41,116,45.90597344534776
41,117,49.41027149456822
41,118,49.9797088511555
41,119,53.377288473371905
41,120,53.77037765797157
41,121,57.4779792212246
41,122,58.80093865790935
41,123,55.5995827044018
41,124,53.64072954569729
41,125,50.212996966233895
41,126,47.021695922322806
41,127,47.187273650340984
41,128,44.882752962690894
41,129,43.8198554502265
41,130,42.959176156393625
41,131,40.03176878887707
41,132,38.538255852435235
41,133,39.19579386991233
41,134,38.471258686383244
41,135,39.299325064742746
41,136,41.9875460137066
41,137,43.895887309775006
41,138,43.37586914120131
41,139,41.603812612310975
41,140,40.287556578633215
41,141,37.84629683781252
41,142,37.98966668725544
41,143,38.43640458120941
41,144,40.99758126934226
41,145,44.60876466835542
41,146,46.24739721360171
41,147,49.948303412765966
41,148,52.65455028445626
41,149,56.435181119309334
41,150,58.3238569569978
41,151,61.786364061300716
41,152,62.603198593173055
41,153,61.57858565930421
41,154,58.50871128388792
41,155,59.73151591432056
41,156,58.56325542206896
41,157,56.03847796559919
41,158,56.0999364970012
41,159,54.022095507819316
41,160,52.94827014857694
41,161,50.11410633672774
41,162,50.35285597283492
41,163,47.60693444503609
41,164,49.18148781067475
41,165,45.937925762770774
41,166,44.54932014149423
41,167,41.299339500986186
41,168,40.417769281345436
41,169,40.30606636791652
41,170,38.30982079453742
41,171,40.203560616033386
41,172,38.88733091545338
41,173,41.691433011753716
41,174,42.494633337610615
41,175,45.18660152959474
41,176,45.95825676984497
41,177,46.92614127931744
41,178,49.11223079242534
41,179,49.81443081974803
41,180,53.58234912725129
41,181,56.52322619707187
41,182,57.220804741691836
41,183,53.72672206918273
41,184,54.284431432280535
41,185,57.68772840454551
41,186,56.89909806303698
41,187,54.15453729795583
41,188,55.38626075320317
41,189,58.951932214101916
41,190,59.20325046842903
41,191,59.077748960952725
41,192,56.72782034129092
41,193,54.49527185218655
41,194,53.124714801998174
41,195,50.47329765520802
41,196,50.86175890439519
41,197,48.597096380456016
41,198,49.71589689665172
41,199,49.520879465020535
41,200,51.85505237282174
41,201,49.636855884840244
41,202,48.36059229419109
41,203,49.60584050234416
41,204,47.66580487506743
41,205,50.07657903514354
41,206,48.91363974542281
41,207,51.186332968776114
41,208,49.715710485887286
41,209,49.619082787448356
41,210,51.33342640382149
41,211,49.84509498758248
41,212,48.68506672998408
41,213,45.0695476057376
41,214,42.81719272277133
41,215,41.88498675427943
41,216,38.63594035103125
41,217,38.30115330919576
41,218,42.033021757367926
41,219,43.16859388078174
41,220,44.70436101821443
41,221,44.93536063584439
41,222,42.44727660048664
41,223,41.628147847061435
41,224,40.91489147527956
41,225,38.92373499792737
41,226,39.98103418619091
41,227,39.30773696092414
41,228,41.51362904853451
41,229,40.987222517394635
41,230,43.99037684719059
41,231,44.402304681155655
41,232,46.27794525955364
41,233,49.953316764025736
41,234,49.550266424029104
41,235,50.20865009267646
41,236,48.66563742059355
41,237,51.33278477153438
41,238,50.71074522029776
41,239,53.484225940214195
41,240,53.59233445467173
41,241,56.18591617240651
41,242,53.66767714674412
41,243,50.110616871316296
41,244,48.47403260036967
41,245,45.1546729151437
41,246,45.58088326185596
41,247,43.11565555829719
41,248,43.24572955669835
41,249,42.274466251742965
41,250,39.99702728094689
41,251,36.379347616872366
41,252,35.70328660849655
41,253,34.42857147818974
41,254,32.435253162229905
41,255,30.972510380183177
41,256,27.797945011755623
41,257,24.150044013089843
41,258,23.246355492987753
41,259,21.806946882659307
41,260,20.319414173602773
41,261,17.400093950610604
41,262,17.11506106057099
41,263,13.795300237844891
41,264,13.121855199496892
41,265,9.64514050929144
41,266,10.242633470161705
41,267,10.825789755266168
41,268,9.982093529580396
41,269,12.23046399787062
41,270,10.904350277434839
41,271,12.198715623463041
41,272,11.021645241456717
41,273,13.725953894478762
41,274,12.067153359564436
41,275,10.952051458756799
41,276,10.684769652977213
41,277,11.249407432814245
41,278,8.115553467130518
41,279,6.405054817154132
41,280,6.7371333165154415
41,281,7.234323820028342
41,282,9.717090289514715
41,283,13.336380210230203
41,284,14.962116566096874
41,285,15.773192859867285
41,286,18.31024112205059
41,287,17.065358050719944
41,288,14.118802821011009
41,289,13.99398169384126
41,290,11.084815384989977
41,291,13.371359253651619
41,292,16.79081479672391
41,293,16.198167613633945
41,294,14.938539986094375
41,295,15.952162635480276
41,296,16.619560824758416
41,297,16.94004363938877
41,298,15.091785703742772
41,299,15.90755517783625
41,300,18.395245068667958
41,301,17.54198331132459
41,302,19.353565499735925
41,303,20.02112958999582
41,304,19.819071304134987
41,305,16.98850156790433
41,306,18.26873212509941
41,307,20.760978591907953
41,308,22.077660778735943
41,309,23.906895270021955
41,310,26.605434279833517
41,311,26.79356535289102
41,312,29.985815005207638
41,313,33.32330749233134
41,314,34.44789199722962
41,315,34.226272102457244
41,316,37.72924337353332
41,317,38.080760612317434
41,318,41.27086962507098
42,1,68.29926954119712
42,2,69.72483240967958
42,3,66.43015771624822
42,4,62.66984326281808
42,5,59.46694839549953
42,6,56.47435345278355
42,7,53.35509114147961
42,8,50.40976163843639
42,9,47.0025462724959
42,10,43.23967200895304
42,11,40.57649974319709
42,12,38.67266959677397
42,13,35.928315983390966
42,14,35.98126144491658
42,15,32.763921648424855
42,16,31.65754306008886
42,17,29.14442786602094
42,18,29.78908463426268
42,19,29.486891818027708
42,20,30.93593959463723
42,21,33.71231203303075
42,22,35.980732065658934
42,23,38.229346178375216
42,24,36.31989525240037
42,25,33.31249473618504
42,26,32.91958475258867
42,27,34.41468406591905
42,28,33.89845998344781
42,29,33.206964995036834
42,30,32.82810895358871
42,31,29.282611996680405
42,32,26.562565704036718
42,33,23.256886985327526
42,34,20.34457844002591
42,35,20.17340054374574
42,36,17.2793407893467
42,37,13.671916267047289
42,38,11.98847429479898
42,39,8.73864474976929
42,40,5.415740044055869
42,41,3.8031483782504845
42,43,3.8101572855404044
42,44,6.97384397319507
42,45,9.679296772720898
42,46,12.962983055730572
42,47,15.154047942368393
42,48,17.19022198142733
42,49,17.000857951460862
42,50,18.00838712333018
42,51,15.380199617897063
42,52,17.18889269396851
42,53,15.40501817756513
42,54,17.734153361316256
42,55,17.01910762600228
42,56,19.90403822882323
42,57,21.377127817089576
42,58,21.523469405847226
42,59,22.829484902133146
42,60,26.174047061351086
42,61,26.512700029209242
42,62,26.044571987137108
42,63,28.495464809443217
42,64,31.107159180167443
42,65,30.676533131194148
42,66,29.698526169783747
42,67,30.628910445181447
42,68,27.258660646831654
42,69,25.912848112303184
42,70,28.6598332872141
42,71,26.2585720265786
42,72,25.136779096077376
42,73,28.701554882937334
42,74,29.235188087751386
42,75,25.552946845231407
42,76,24.244345670051135
42,77,20.94928912703087
42,78,19.655714450016163
42,79,16.806517717868886
42,80,17.22370386318787
42,81,14.319192094580735
42,82,15.827948440464175
42,83,14.548927529258485
42,84,15.922618173195687
42,85,17.691401120971413
42,86,19.802957901414715
42,87,23.539974721723077
42,88,26.876139119491448
42,89,29.49366857306033
42,90,32.38510745758463
42,91,35.069382859557656
42,92,34.230237635255904
42,93,33.93838942752466
42,94,33.603005902294925
42,95,32.766890453060796
42,96,34.457804875218756
42,97,32.288761911033625
42,98,29.249488106595905
42,99,26.981092140358907
42,100,29.25072740313473
42,101,29.431072917475856
42,102,25.65538770156196
42,103,25.451648718061353
42,104,28.146998708138863
42,105,27.010918903008363
42,106,23.415907128110636
42,107,24.98428667470173
42,108,27.351911509086527
42,109,24.603312693059134
42,110,26.770658611734213
42,111,28.287552865138327
42,112,31.309471096936097
42,113,34.20115026203281
42,114,37.89144741807703
42,115,40.33935051479405
42,116,43.631665132549294
42,117,47.060106739578025
42,118,47.4349707878577
42,119,50.74991021847896
42,120,50.95068951410808
42,121,54.62894830362023
42,122,55.80490600221357
42,123,52.526853474132984
42,124,50.541054166953955
42,125,47.189816637378605
42,126,43.96895092049822
42,127,43.956316095327914
42,128,41.5739709505979
42,129,40.37344554063236
42,130,39.46796001362716
42,131,36.470400210261694
42,132,35.114024710288945
42,133,35.87617685092649
42,134,35.354026925780694
42,135,36.28079261222305
42,136,38.875336330556415
42,137,40.69920330840639
42,138,40.079038039691405
42,139,38.38388988582377
42,140,37.058114742973096
42,141,34.71536438786969
42,142,35.091047769399765
42,143,35.62991298974706
42,144,38.0220318967755
42,145,41.60287583126901
42,146,43.06636441434799
42,147,46.79297763320717
42,148,49.39100509339415
42,149,53.17075288130556
42,150,55.14840310805172
42,151,58.572657377573755
42,152,59.292147186269816
42,153,58.32740826169538
42,154,55.29807921379787
42,155,56.631911768843935
42,156,55.528749093141826
42,157,53.1145788102091
42,158,53.335259133636136
42,159,51.3987094180012
42,160,50.51024481495495
42,161,47.812082343523024
42,162,48.26654455779863
42,163,45.69984854711929
42,164,47.49678107385229
42,165,44.408297878699365
42,166,43.22731747839375
42,167,39.831035965301446
42,168,38.67250621071754
42,169,38.29017784029742
42,170,36.043250073497894
42,171,37.68747717671703
42,172,36.12033034449416
42,173,38.7525011676946
42,174,39.35458504109803
42,175,41.92281947570381
42,176,42.554907336106005
42,177,43.42057794769954
42,178,45.529177331272756
42,179,46.1457915927591
42,180,49.9102447754113
42,181,52.898320457720075
42,182,53.58893187183365
42,183,50.12373425454329
42,184,50.749266248848855
42,185,54.17569368326717
42,186,53.38776453650426
42,187,50.717523067102825
42,188,52.01365589944534
42,189,55.537428585075105
42,190,55.812970883907916
42,191,55.60753816897265
42,192,53.321814056568904
42,193,51.17940957427091
42,194,49.931388842728985
42,195,47.391642035075705
42,196,47.94902395960587
42,197,45.83860174759779
42,198,47.14516814524639
42,199,47.17647378030094
42,200,49.65385593198319
42,201,47.451574654800176
42,202,45.951954068310776
42,203,46.98282983793047
42,204,44.86142196614227
42,205,47.11498163544716
42,206,45.78168836985277
42,207,47.92322884743591
42,208,46.330985429875426
42,209,46.129299687255205
42,210,47.75458694650421
42,211,46.19980999518481
42,212,44.969433750222784
42,213,41.354560887926006
42,214,39.055157595134716
42,215,38.10298803009959
42,216,34.87449797127167
42,217,34.570595861095995
42,218,38.29593788000871
42,219,39.450325601613436
42,220,40.977078972327604
42,221,41.289689117388704
42,222,38.87732556761882
42,223,38.19335565700141
42,224,37.58982550469067
42,225,35.76091100789512
42,226,37.01994065877419
42,227,36.58875281529236
42,228,39.00727517433765
42,229,38.761237052431724
42,230,41.89242405098809
42,231,42.579293207803744
42,232,44.626474733352
42,233,48.22880433230748
42,234,47.585793676118826
42,235,48.037651812647816
42,236,46.282142444600666
42,237,48.784461915796875
42,238,47.96520197025954
42,239,50.611582383313944
42,240,50.54866225076982
42,241,53.03064830026989
42,242,50.41301793778661
42,243,46.80492312420142
42,244,45.312500089360434
42,245,42.01118830703727
42,246,42.629512840454076
42,247,40.335746055796484
42,248,40.60325021603778
42,249,39.850128227538214
42,250,37.704786487062535
42,251,34.18814585259274
42,252,33.848660458852244
42,253,32.66274312651449
42,254,31.01312552548868
42,255,29.773365265413567
42,256,26.87540342108425
42,257,23.30655782624372
42,258,21.880867408590817
42,259,20.02310787161476
42,260,17.99452460928669
42,261,14.819092966637596
42,262,13.96602564606276
42,263,10.426245955204953
42,264,9.404418963871693
42,265,6.10085614048209
42,266,7.454039419545016
42,267,9.072734363480128
42,268,9.548391080629301
42,269,12.686366221564452
42,270,12.230216474199906
42,271,13.70606332185891
42,272,12.430732048177351
42,273,14.704251439165493
42,274,12.549991593823425
42,275,10.305538860935286
42,276,9.256611840333546
42,277,8.600095107505682
42,278,5.5312617853609725
42,279,4.553503404062553
42,280,6.970655920963714
42,281,8.758853666542867
42,282,12.074084879713551
42,283,15.388640523598818
42,284,17.61511669226263
42,285,18.084990004007274
42,286,20.077117473621485
42,287,18.361700196158317
42,288,15.012930031505906
42,289,14.25726557879585
42,290,10.753134488030092
42,291,12.197375165995608
42,292,15.640233487954916
42,293,14.569218474005307
42,294,13.921556968415798
42,295,15.135457174677153
42,296,16.59235546484757
42,297,17.670126721486785
42,298,15.809936332074559
42,299,16.95876886239244
42,300,18.935320092239778
42,301,17.58467041435737
42,302,19.56689738055764
42,303,19.973505140140247
42,304,20.397115980326596
42,305,17.81451304845354
42,306,19.77888143055528
42,307,22.5215983936727
42,308,24.323498198879964
42,309,26.35861204672564
42,310,29.286629990867624
42,311,29.794642091157183
42,312,33.04358037380776
42,313,36.26921428659582
42,314,37.22537699194257
42,315,37.09058622238295
42,316,40.563168447568145
42,317,40.97853171783083
42,318,44.236100636657966
43,1,69.8509502546183
43,2,71.25075500346281
43,3,67.99327807138123
43,4,64.21598303635508
43,5,61.10773109211619
43,6,58.00910018749031
43,7,55.0196438726956
43,8,52.00392102734559
43,9,48.71539518889506
43,10,44.93560553390078
43,11,42.32525975575093
43,12,40.6903704018807
43,13,38.052892950789904
43,14,38.36392460373862
43,15,35.299342571195695
43,16,34.105651720053736
43,17,31.688420496054274
43,18,32.48132428799042
43,19,31.982734258212066
43,20,33.42811519340606
43,21,35.99313534292125
43,22,38.2284174757488
43,23,40.693564867763115
43,24,38.96114893287547
43,25,36.1291948718526
43,26,35.732437475548494
43,27,37.01852611010927
43,28,36.45550273030835
43,29,35.45241005575911
43,30,34.89223804809621
43,31,31.236771447287115
43,32,28.521246018262815
43,33,25.02655696610896
43,34,22.335747100244486
43,35,21.8734771552678
43,36,19.28092537470947
43,37,15.552276409282866
43,38,14.640179909735183
43,39,11.505218739797721
43,40,7.755086975510869
43,41,5.456219906826956
43,42,3.8101572855404044
43,44,3.7972886086005757
43,45,6.286667206327045
43,46,9.307761957328
43,47,11.814819744769311
43,48,14.099892802959888
43,49,13.952288665808029
43,50,14.66596156473093
43,51,12.141197241328094
43,52,14.088114908539488
43,53,12.593553925479643
43,54,15.42441661900709
43,55,14.959844757740328
43,56,18.256620275383195
43,57,19.554210307473202
43,58,19.957436111600543
43,59,20.942687650751047
43,60,24.50187863283892
43,61,24.72600228205111
43,62,23.784844281932788
43,63,26.27062617051734
43,64,29.043114954931255
43,65,28.39053930567273
43,66,27.680120683708903
43,67,28.416417495230217
43,68,25.085360023563297
43,69,23.533900158690095
43,70,25.97476934010681
43,71,23.30651426804432
43,72,22.223165587672238
43,73,25.732996118415358
43,74,26.11993414320945
43,75,22.39024946237536
43,76,21.119242623755447
43,77,17.935710999598044
43,78,16.898051896260256
43,79,14.341599784176518
43,80,14.874643913511026
43,81,12.322495537947981
43,82,14.439216613796773
43,83,13.622697002492261
43,84,15.80466243551458
43,85,17.199181243670807
43,86,18.81533436307427
43,87,22.5998111207004
43,88,25.696546242391975
43,89,28.158035339391976
43,90,30.88063102037683
43,91,33.73736176695171
43,92,33.26290171675072
43,93,32.91778553887821
43,94,32.802384406624306
43,95,31.844754886434295
43,96,33.76709875512906
43,97,31.65207677359968
43,98,28.47317056299002
43,99,26.34707970648625
43,100,28.32875591234352
43,101,28.10338777029555
43,102,24.337582038322413
43,103,24.204367029354636
43,104,26.531367250533965
43,105,25.04816655286603
43,106,21.496508387521917
43,107,23.089850757177107
43,108,25.069373888559703
43,109,22.03525856923726
43,110,23.972567215623023
43,111,25.52171982382518
43,112,28.338713511740423
43,113,31.335972653846344
43,114,34.95727501133564
43,115,37.467566037061076
43,116,40.83861566954291
43,117,44.2820472537886
43,118,44.87639527005246
43,119,48.22214649397884
43,120,48.61591982604766
43,121,52.30229964774835
43,122,53.61088550875772
43,123,50.408824960378254
43,124,48.37864753973079
43,125,44.92582980723506
43,126,41.70348337284773
43,127,41.95950756866864
43,128,39.67910658111624
43,129,38.75217081747875
43,130,37.971872370482444
43,131,35.151831474230896
43,132,33.45334075804484
43,133,34.02977540945536
43,134,33.159810778676984
43,135,34.03075104563677
43,136,36.829043948776274
43,137,38.679281908751705
43,138,38.16850963644644
43,139,36.32183245220148
43,140,35.05002534826566
43,141,32.61860330478832
43,142,32.651945546755066
43,143,33.215839084540775
43,144,35.85177510958322
43,145,39.41719199135521
43,146,41.116264154402685
43,147,44.82445979899282
43,148,47.55774340389282
43,149,51.32689861257504
43,150,53.11104406836375
43,151,56.570859425710935
43,152,57.49485937380213
43,153,56.51785974803163
43,154,53.495989755558455
43,155,54.75772170074305
43,156,53.716265019790114
43,157,51.13782974275411
43,158,51.28955513935902
43,159,49.16837924206985
43,160,48.216437092762455
43,161,45.37268049859605
43,162,45.798061117579095
43,163,43.181497721363385
43,164,44.8188638237476
43,165,41.66158842025149
43,166,40.569417248013956
43,167,37.26023402108518
43,168,36.31016546676934
43,169,35.888955294346744
43,170,33.83044336469089
43,171,35.5429377507173
43,172,34.143606441341475
43,173,36.91784642652583
43,174,37.79150538490553
43,175,40.561423408605485
43,176,41.280068631249726
43,177,42.457166534520645
43,178,44.59487097268311
43,179,45.47685652453659
43,180,49.20650064652982
43,181,52.07362070050057
43,182,52.61573511230419
43,183,49.04660066486307
43,184,49.61707685251827
43,185,52.92887561345396
43,186,52.01553734280824
43,187,49.2128379316486
43,188,50.49415655559924
43,189,54.09680009745411
43,190,54.48588981082172
43,191,54.526172957271804
43,192,52.26379361649901
43,193,49.929697054692106
43,194,48.63446715486812
43,195,45.933110048733205
43,196,46.43214984036588
43,197,44.14904649631495
43,198,45.42908893953781
43,199,45.33502747203452
43,200,47.86359911393148
43,201,45.87036288591775
43,202,44.48941684578753
43,203,45.58170941431229
43,204,43.56359286711337
43,205,45.914136725106964
43,206,44.704094610172596
43,207,46.96213145556504
43,208,45.39316379009516
43,209,45.46493750510294
43,210,47.102829431269114
43,211,45.79793774145103
43,212,44.67555972521351
43,213,41.16011822885244
43,214,39.036755844770525
43,215,37.878203228515794
43,216,34.45727044561069
43,217,33.89416345350332
43,218,37.645031867977885
43,219,38.72578952565606
43,220,40.44325816070896
43,221,40.4900793710219
43,222,37.98828118833792
43,223,37.035361963798046
43,224,36.50148444727113
43,225,34.42021307536215
43,226,35.60639373006719
43,227,34.93677290232308
43,228,37.2309257156947
43,229,36.8267841954475
43,230,39.784282756336864
43,231,40.432019502710645
43,232,42.25965813382522
43,233,45.88274300017895
43,234,45.40560117206439
43,235,45.820200547109934
43,236,44.146030660118946
43,237,46.759894752590945
43,238,46.02074926252511
43,239,48.815075114163356
43,240,48.869723801412086
43,241,51.42575861655468
43,242,48.87830768135653
43,243,45.34693898207272
43,244,43.63708656352767
43,245,40.2209816332533
43,246,40.588629835011595
43,247,38.10384081199186
43,248,38.094596409711656
43,249,37.25411884400238
43,250,35.159911598666476
43,251,31.612212562554507
43,252,31.15664806892749
43,253,30.211583051453395
43,254,28.53081616975769
43,255,27.5460686925793
43,256,24.6153325224503
43,257,21.1757976285953
43,258,19.63272294550546
43,259,18.240006336574332
43,260,16.42097330637072
43,261,13.770933494534871
43,262,13.49188666676491
43,263,10.110748075552765
43,264,9.256277444398801
43,265,5.467231361577991
43,266,5.166216282458667
43,267,5.52037479874285
43,268,5.934692481007737
43,269,9.183324255141839
43,270,9.161879840645046
43,271,10.945405635290893
43,272,10.31340574678623
43,273,12.853332327931648
43,274,11.416716281514086
43,275,9.1083901862155
43,276,9.327550272011086
43,277,8.985765621017151
43,278,7.307527802662193
43,279,4.429883178116233
43,280,6.007659417626293
43,281,8.999773158252196
43,282,12.004389382763451
43,283,15.335661236204478
43,284,17.847873564992724
43,285,18.971860931393895
43,286,20.92241357738923
43,287,19.72496683887828
43,288,16.684319623394032
43,289,16.595832169015196
43,290,13.082738529999052
43,291,13.940124093374166
43,292,16.90649752430287
43,293,15.116202529331588
43,294,13.802540278807557
43,295,14.047397612654065
43,296,15.158975812184998
43,297,16.632640137268762
43,298,15.571935421010977
43,299,17.48056156909812
43,300,19.79209876844076
43,301,18.999552996059673
43,302,21.508324294872214
43,303,22.438920307461007
43,304,23.06284472780982
43,305,20.74077315707091
43,306,22.503362966851387
43,307,24.89128786686079
43,308,26.590739289543723
43,309,28.22152627030634
43,310,31.162656655999072
43,311,31.347852701685856
43,312,34.7173588465102
43,313,38.10004472830258
43,314,39.36863079687415
43,315,39.362472240943475
43,316,42.92538730870441
43,317,43.40762092983562
43,318,46.63560205491011
44,1,71.05466315502548
44,2,72.29872511827101
44,3,69.00152073887286
44,4,65.23594954891335
44,5,62.14544621722338
44,6,58.91770039475234
44,7,55.984917817793246
44,8,52.82574097312455
44,9,49.65742217131206
44,10,45.87796661589742
44,11,43.480003300587356
44,12,42.07881354044328
44,13,39.68584998235777
44,14,40.30328617967653
44,15,37.26242095954782
44,16,35.75668099565389
44,17,33.2152440015746
44,18,33.855807137589345
44,19,32.954659713186906
44,20,34.14163069943131
44,21,36.39282246879541
44,22,38.413667079982126
44,23,41.14148614579646
44,24,39.72810573567
44,25,37.08650959151807
44,26,36.914801085332165
44,27,38.13400036284481
44,28,37.782644006946235
44,29,36.57581280517216
44,30,36.12301865713659
44,31,32.380837751123494
44,32,29.47276462884418
44,33,25.81342490559604
44,34,23.134616900331963
44,35,22.09392620673814
44,36,19.64652275801687
44,37,16.040969312266217
44,38,15.80339472411389
44,39,13.253203672317401
44,40,9.564448276792955
44,41,8.25038666302145
44,42,6.97384397319507
44,43,3.7972886086005757
44,45,3.797725757811266
44,46,6.368287550523482
44,47,8.878013703007074
44,48,10.921511632487663
44,49,10.28933657473276
44,50,11.045061938730202
44,51,8.639876473896617
44,52,11.062106068360814
44,53,10.362921339564581
44,54,13.489983920586784
44,55,13.906381814865378
44,56,17.37086387719381
44,57,17.988167819194018
44,58,18.0694069222495
44,59,18.45813843202639
44,60,22.143914066017835
44,61,22.68203645906182
44,62,21.41756452804829
44,63,23.596957995166978
44,64,26.632658592902725
44,65,26.153292850117005
44,66,25.88236191247559
44,67,26.82064779265295
44,68,23.75466649557217
44,69,21.710545828336887
44,70,23.941859223127572
44,71,21.243940768901165
44,72,19.725125075290794
44,73,23.02973893820201
44,74,23.050916061921104
44,75,19.273483438024325
44,76,17.67087112874468
44,77,14.345668395567545
44,78,13.13209849760413
44,79,10.751340669128144
44,80,11.739183924340322
44,81,9.82479407436775
44,82,12.67502580030811
44,83,12.85459769016625
44,84,15.67663065178905
44,85,17.253463448807103
44,86,18.10956900620085
44,87,21.85806819622849
44,88,24.592128124678283
44,89,27.17520872103975
44,90,29.544179407336337
44,91,32.31094273914973
44,92,31.953638038384018
44,93,31.276796486070324
44,94,31.05970703802083
44,95,29.77161249826628
44,96,31.651190539029336
44,97,29.399862972735892
44,98,26.28586032825627
44,99,24.074376293853366
44,100,25.689260826744533
44,101,25.344341751848944
44,102,21.656407365541625
44,103,21.30088222845244
44,104,23.348585699841088
44,105,21.847800870821718
44,106,18.258513860180074
44,107,19.647150342457326
44,108,21.5039098253057
44,109,18.439187998928144
44,110,20.493072408857383
44,111,22.303080187732327
44,112,25.02549385929813
44,113,28.16337295714443
44,114,31.735670535590113
44,115,34.414824510004394
44,116,37.717955348176524
44,117,41.24024196325932
44,118,41.92540511398571
44,119,45.36398520793544
44,120,45.92992990111632
44,121,49.65547361752056
44,122,51.151535550704864
44,123,48.07309862279732
44,124,46.19382027406591
44,125,42.66231883646169
44,126,39.57923649142587
44,127,40.05875632153165
44,128,38.03770162598579
44,129,37.41272166027785
44,130,36.97575359510507
44,131,34.17812487804888
44,132,32.19675089330466
44,133,32.91174875198018
44,134,31.826747802165286
44,135,32.95888645946928
44,136,35.99420682970517
44,137,37.600999965471246
44,138,36.91166586560109
44,139,34.7559758148682
44,140,33.2478532615807
44,141,30.55115575457618
44,142,30.364998891160095
44,143,30.63194400618979
44,144,33.39749714567625
44,145,37.02758419875512
44,146,38.95438944979213
44,147,42.58710020351184
44,148,45.49541278299458
44,149,49.26046326570432
44,150,50.978593163487695
44,151,54.51424069327395
44,152,55.51235027248079
44,153,54.36127448105504
44,154,51.24336200697234
44,155,52.30689651599913
44,156,51.14438140566854
44,157,48.44503487387539
44,158,48.40666486366419
44,159,46.16576971752286
44,160,45.04583011129626
44,161,42.11536627572293
44,162,42.3880733948886
44,163,39.673106595128026
44,164,41.22262002365927
44,165,38.01265461764932
44,166,36.8468217289732
44,167,33.57407500591038
44,168,32.72712030472798
44,169,32.43653399195135
44,170,30.540169614252164
44,171,32.449302208936835
44,172,31.30428293458078
44,173,34.270068083179865
44,174,35.41642119462951
44,175,38.37364267724376
44,176,39.35988366609502
44,177,40.762181671924786
44,178,43.09541841701103
44,179,44.25501157856061
44,180,47.97492194223497
44,181,50.659419590232595
44,182,51.26083145878265
44,183,47.63817899668435
44,184,47.97187231518404
44,185,51.23170815153835
44,186,50.407079304018005
44,187,47.434344169643424
44,188,48.51397741403114
44,189,52.18106314538324
44,190,52.47853541697171
44,191,52.683701541519035
44,192,50.301602053264666
44,193,47.79388343014648
44,194,46.30742055952177
44,195,43.443272660970635
44,196,43.73598995061561
44,197,41.278873694626775
44,198,42.392766920114035
44,199,42.11813099350078
44,200,44.57290851074994
44,201,42.635549174135576
44,202,41.41673552490296
44,203,42.66685059679367
44,204,40.830286754997836
44,205,43.34878859528239
44,206,42.366143083080225
44,207,44.81848252411326
44,208,43.44712932655529
44,209,43.78889727428718
44,210,45.609916557308324
44,211,44.56418333844331
44,212,43.71141275768894
44,213,40.26056208945608
44,214,38.442578527094575
44,215,37.35942894733617
44,216,33.83602420870172
44,217,33.3408530265815
44,218,37.11862394926849
44,219,37.881410181118554
44,220,39.525238972460755
44,221,39.226630901220666
44,222,36.49883874312738
44,223,35.210695918165825
44,224,34.47474113889673
44,225,32.11464376372679
44,226,33.02560523159259
44,227,32.06733165859077
44,228,34.15412003504139
44,229,33.53506104307932
44,230,36.388620241383386
44,231,36.90243541008582
44,232,38.639573038427876
44,233,42.28998085415771
44,234,41.92940059202403
44,235,42.45196766613407
44,236,40.925444450662035
44,237,43.66915179680515
44,238,43.118256165247026
44,239,46.0431642924985
44,240,46.31032562343495
44,241,49.01981986129444
44,242,46.64535693369627
44,243,43.21757857472065
44,244,41.280016417507966
44,245,37.87754389650694
44,246,37.990415428225134
44,247,35.32547166641647
44,248,35.26865872717499
44,249,34.18550156040873
44,250,31.934030137190575
44,251,28.311894412184046
44,252,27.647975553559203
44,253,26.635883509054533
44,254,24.833319418718574
44,255,23.846244058769052
44,256,20.887941199270816
44,257,17.498168722937006
44,258,15.97192875961358
44,259,14.87181222977199
44,260,13.440559468275334
44,261,11.33331620707825
44,262,11.969533373908638
44,263,9.305856697313532
44,264,9.637773090049661
44,265,6.4157299041524665
44,266,6.1119776896151405
44,267,4.590069748331696
44,268,5.852219100176635
44,269,8.44225028876308
44,270,8.19301777123954
44,271,9.086103135859014
44,272,8.210722737738008
44,273,10.16335491050627
44,274,9.000241961555965
44,275,6.494717614161866
44,276,7.848212361179993
44,277,8.17544098609144
44,278,8.057452431745412
44,279,4.530001855872796
44,280,4.909537614481939
44,281,8.658117139951955
44,282,11.458877548072689
44,283,14.25803335641286
44,284,17.261922393015787
44,285,18.596271374000672
44,286,20.101059112107492
44,287,19.210660898206434
44,288,16.47670127637455
44,289,16.92973994512582
44,290,13.529303058240195
44,291,13.621382718417621
44,292,15.915372089062924
44,293,13.553997854936862
44,294,11.67201638527254
44,295,11.098677685748568
44,296,12.075988949216871
44,297,14.0389782950053
44,298,13.621420271073772
44,299,16.19409999798079
44,300,18.517457562991826
44,301,18.174589379759432
44,302,21.175373441034562
44,303,22.628393618037798
44,304,23.62720712398484
44,305,21.80477664017095
44,306,23.54034406537669
44,307,25.53540910913639
44,308,27.385803656818464
44,309,28.646472848990722
44,310,31.753197392241216
44,311,31.880076295001825
44,312,35.42311497404389
44,313,38.83897556962718
44,314,40.334208709729154
44,315,40.654009558736725
44,316,44.316463134238184
44,317,45.06945955185512
44,318,48.38134507540138
45,1,69.93059062937563
45,2,71.17017259003882
45,3,67.94085521403537
45,4,64.17146254747186
45,5,61.20678201471174
45,6,57.90734835709863
45,7,55.13752209266399
45,8,51.962991780636045
45,9,48.93246803148627
45,10,45.17112066800077
45,11,42.802144450540816
45,12,41.6913092938153
45,13,39.40904704815316
45,14,40.28981971848978
45,15,37.48139655275978
45,16,35.9552800268114
45,17,33.640089990715474
45,18,34.57341251666526
45,19,33.62262949064259
45,20,34.99117845108501
45,21,37.08540880708822
45,22,39.23412863937245
45,23,42.068664591128595
45,24,40.7145473065898
45,25,38.30292832301365
45,26,37.92179770174333
45,27,38.78679344853935
45,28,38.23830389159029
45,29,36.679779950841905
45,30,35.93573133935736
45,31,32.15610089049877
45,32,29.41224729693802
45,33,25.695743053740266
45,34,23.446534565721077
45,35,22.435261108932867
45,36,20.545468510240884
45,37,16.951719752785507
45,38,17.42180085800684
45,39,14.856079063346394
45,40,11.268812658611502
45,41,9.630719895471096
45,42,9.679296772720898
45,43,6.286667206327045
45,44,3.797725757811266
45,46,3.8029964787252886
45,47,5.533535149064054
45,48,7.92533711844958
45,49,8.408079207182633
45,50,9.6036372957692
45,51,8.41572228816343
45,52,11.511771544568218
45,53,11.759130494209364
45,54,15.326703087013163
45,55,16.018805817254993
45,56,19.69006177208136
45,57,20.119770388316553
45,58,20.368690434428167
45,59,20.271857884465955
45,60,24.058569811245793
45,61,24.6002756948738
45,62,22.816423580450095
45,63,24.843865762693245
45,64,28.080135434390332
45,65,27.426642342774255
45,66,27.52953667961345
45,67,28.224388527506633
45,68,25.27278410542246
45,69,23.049866373130797
45,70,24.772545540718724
45,71,21.720617597031747
45,72,20.261588168090807
45,73,23.30544122478841
45,74,22.877534836463404
45,75,19.074857042639582
45,76,17.234075336429296
45,77,14.01738810525855
45,78,12.69965989211213
45,79,11.37395715113875
45,80,13.086360011337574
45,81,12.109526581999958
45,82,15.410431304926954
45,83,15.990642225669697
45,84,19.08766290371813
45,85,20.378947829687956
45,86,20.947479528282344
45,87,24.60766676874598
45,88,27.089960711739234
45,89,29.47640632525967
45,90,31.651168388532817
45,91,34.51983130925207
45,92,34.461820970909784
45,93,33.698693113920314
45,94,33.58121463449415
45,95,32.10754613605607
45,96,34.02419500715699
45,97,31.709125048809998
45,98,28.65736846361106
45,99,26.43644106722936
45,100,27.63241963790825
45,101,27.09416085444339
45,102,23.56172513250234
45,103,22.970807602974645
45,104,24.52717957270813
45,105,22.917650069435766
45,106,19.403313789829692
45,107,20.361589726345578
45,108,21.790927536020646
45,109,18.54418450313366
45,110,20.475999954630044
45,111,22.588602914644913
45,112,24.85080507331322
45,113,28.224904723686635
45,114,31.600138735972937
45,115,34.46734888199457
45,116,37.79945431699385
45,117,41.36443484934609
45,118,42.37701365190764
45,119,45.87633510462173
45,120,46.73823745667389
45,121,50.46291242993615
45,122,52.160287057843554
45,123,49.21999027945095
45,124,47.342819957266705
45,125,43.71180437582616
45,126,40.68301506707916
45,127,41.4880395645999
45,128,39.617486643300076
45,129,39.28587105380039
45,130,38.95710464561022
45,131,36.370085132245244
45,132,34.102034041332324
45,133,34.58806558745513
45,134,33.12489512864613
45,135,34.107407303361974
45,136,37.306614483818315
45,137,38.98716727917604
45,138,38.470546596158925
45,139,36.190921154367494
45,140,34.76225565490065
45,141,31.980613692938686
45,142,31.35764101795867
45,143,31.56471561553528
45,144,34.60294065118274
45,145,38.19056830868213
45,146,40.39877059337249
45,147,43.95748321649886
45,148,47.01386785411848
45,149,50.739156023086935
45,150,52.23724711443919
45,151,55.801420320776586
45,152,57.01261134725178
45,153,55.81881685203603
45,154,52.69929149367703
45,155,53.62108476567729
45,156,52.46267670293957
45,157,49.57990580412756
45,158,49.36651243433824
45,159,46.893413878992234
45,160,45.5836900794161
45,161,42.45392828665342
45,162,42.51951904206221
45,163,39.63451598056099
45,164,40.852001119235624
45,165,37.47272571143787
45,166,36.20376024653268
45,167,33.161099090133554
45,168,32.741991251486674
45,169,32.664321197914276
45,170,31.16574155852216
45,171,33.31082133762641
45,172,32.52095770546085
45,173,35.679319789300536
45,174,37.15671092032702
45,175,40.30458148686394
45,176,41.43632547577744
45,177,43.09978906201689
45,178,45.47767276428739
45,179,46.85030723125427
45,180,50.520497755553855
45,181,53.07927202691289
45,182,53.57982792522478
45,183,49.89557406882495
45,184,50.14856596829834
45,185,53.28971483838547
45,186,52.381301946431165
45,187,49.29094456691913
45,188,50.308517419038914
45,189,54.0321012849777
45,190,54.39061201014394
45,191,54.818072626326604
45,192,52.424568831550545
45,193,49.74257278803606
45,194,48.14753751853014
45,195,45.114979015431295
45,196,45.23478491116483
45,197,42.558850354198334
45,198,43.49229118575941
45,199,42.94473440398094
45,200,45.29911634288349
45,201,43.520353397735654
45,202,42.57973521511159
45,203,44.03179921733764
45,204,42.428660784811406
45,205,45.10901608230018
45,206,44.347660735423624
45,207,46.95002651918484
45,208,45.69289378570776
45,209,46.28050700123658
45,210,48.15187716365614
45,211,47.31247227537265
45,212,46.571366481272555
45,213,43.20759386512361
45,214,41.52667472707553
45,215,40.3371427763189
45,216,36.72904716560337
45,217,36.05366958502573
45,218,39.80325125018725
45,219,40.51865746740391
45,220,42.27706724613519
45,221,41.77200209747209
45,222,38.974818073370926
45,223,37.441314378862565
45,224,36.68654245054284
45,225,34.078278524940934
45,226,34.769946553573924
45,227,33.46735665399935
45,228,35.256142193298835
45,229,34.292789181436696
45,230,36.86774936535376
45,231,37.11006400145037
45,232,38.50905210834213
45,233,42.21035387406042
45,234,42.18544708309113
45,235,42.84826125835599
45,236,41.57489057212949
45,237,44.51136702667518
45,238,44.1837195298436
45,239,47.28952140296214
45,240,47.77056264511738
45,241,50.593692914556335
45,242,48.36177879681818
45,243,45.056979123719856
45,244,42.881737413289244
45,245,39.42489759307181
45,246,39.206099378522794
45,247,36.29767019814588
45,248,35.91683904893222
45,249,34.594537713243575
45,250,32.29994420931606
45,251,28.62285042035729
45,252,27.564440097931335
45,253,26.686766370595716
45,254,24.565433668500685
45,255,23.60484572877389
45,256,20.407798836551716
45,257,17.144137874800986
45,258,16.102471907067006
45,259,15.888784766454343
45,260,15.235597420206238
45,261,13.877249018998894
45,262,15.160657988842813
45,263,12.875656155442602
45,264,13.264361023840673
45,265,10.036402390951933
45,266,8.765448684759496
45,267,5.825647118265814
45,268,4.998740542872224
45,269,5.750630892259686
45,270,4.785619075847321
45,271,5.554712398041844
45,272,5.859003368953154
45,273,8.501346364844034
45,274,8.853476595199961
45,275,7.793756411134982
45,276,10.400371308485822
45,277,11.599951058310184
45,278,11.456751598746218
45,279,7.685208745141951
45,280,6.141464398688268
45,281,9.231820889047437
45,282,10.859451327959453
45,283,13.592228534981016
45,284,16.325410980519457
45,285,18.37916215369405
45,286,20.127912494887163
45,287,19.952686221211145
45,288,17.76103694032281
45,289,18.90759701425773
45,290,15.893266908394125
45,291,16.269046665654994
45,292,18.301379407528916
45,293,16.027259220801795
45,294,13.436765657271799
45,295,12.02210986645305
45,296,11.823319567924075
45,297,13.387046410761911
45,298,13.773398950072183
45,299,16.598988277196113
45,300,19.43032839664369
45,301,19.785800934712828
45,302,22.90114285962106
45,303,24.757490758133876
45,304,25.47181521933683
45,305,23.655898104096686
45,306,24.88466723224326
45,307,26.49169956253439
45,308,27.956761738448282
45,309,28.790625336956623
45,310,31.710376365134916
45,311,31.401420489381152
45,312,34.94236433340671
45,313,38.496260042708705
45,314,40.303950396379555
45,315,40.65713537818222
45,316,44.363246713419336
45,317,45.11524380996433
45,318,48.33555273938269
46,1,72.84076490530771
46,2,74.03801120216959
46,3,70.83745271767279
46,4,67.0779685732557
46,5,64.18330092887834
46,6,60.822352059430095
46,7,58.14774825126984
46,8,54.930487153757156
46,9,52.00373527523503
46,10,48.264396010244646
46,11,45.97830383289502
46,12,45.03068112526575
46,13,42.840654963371
46,14,43.840550935182506
46,15,41.10301337652617
46,16,39.52708469198603
46,17,37.23108891155571
46,18,38.147912813252795
46,19,37.05823795970089
46,20,38.31403827477708
46,21,40.239734351203154
46,22,42.25666872266659
46,23,45.22009481554955
46,24,44.032094200200426
46,25,41.708384855314705
46,26,41.42671871073989
46,27,42.251737693808536
46,28,41.759361298164904
46,29,40.08925355163082
46,30,39.31865207413818
46,31,35.52736475068964
46,32,32.78039345460775
46,33,29.032137480257873
46,34,26.873971229321562
46,35,25.63769240225766
46,36,23.853976573212005
46,37,20.379361216286547
46,38,21.001338459187938
46,39,18.583261175446843
46,40,14.996277068977603
46,41,13.325006579368399
46,42,12.962983055730572
46,43,9.307761957328
46,44,6.368287550523482
46,45,3.8029964787252886
46,47,3.825724075893792
46,48,6.414780073912979
46,49,6.44174612731624
46,50,6.520247991215025
46,51,5.914885248848335
46,52,8.986250314867158
46,53,10.04667651231457
46,54,13.776910417064492
46,55,14.889137893788092
46,56,18.601359849628633
46,57,18.68352678381741
46,58,19.14271205460766
46,59,18.643384985042303
46,60,22.443561551047182
46,61,22.846337550502547
46,62,20.60144884046549
46,63,22.55225902645033
46,64,25.856973015691324
46,65,25.004372525341722
46,66,25.43503917732223
46,67,25.95070001787304
46,68,23.211991955281498
46,69,20.782416041546693
46,70,22.06491869326883
46,71,18.846245099189023
46,72,17.390528521406537
46,73,20.214715527710798
46,74,19.589755751796275
46,75,15.830037969033594
46,76,14.095060242917665
46,77,11.23563526793208
46,78,10.566965291172506
46,79,9.95023486796254
46,80,11.58411506129399
46,81,11.43676450133369
46,82,14.950620225451726
46,83,16.02476064557577
46,84,19.512426779791713
46,85,20.409500354512012
46,86,20.392649384642038
46,87,23.836337604849373
46,88,25.9203842004272
46,89,28.079715605384134
46,90,29.971056494427103
46,91,32.90630655587989
46,92,33.20338094500635
46,93,32.39631573902407
46,94,32.50561721180379
46,95,30.970530142723245
46,96,33.08889438858248
46,97,30.93658915174375
46,98,27.824750035757276
46,99,25.891305459746775
46,100,26.774571655423888
46,101,25.77875420217444
46,102,22.418238674652656
46,103,22.013976920619513
46,104,23.0823780676188
46,105,21.081420269594368
46,106,17.849626252706997
46,107,18.868123939144333
46,108,19.695468450853568
46,109,16.1948717672109
46,110,17.676586416769528
46,111,19.728976277222827
46,112,21.692515796441512
46,113,25.111423464065417
46,114,28.37009668156631
46,115,31.254602227144073
46,116,34.63489232998433
46,117,38.17685122315559
46,118,39.38312013325053
46,119,42.87587362744308
46,120,43.90551705532502
46,121,47.60575843075125
46,122,49.410006133727194
46,123,46.56646619062888
46,124,44.67412138530078
46,125,40.985320924154394
46,126,38.00517521080062
46,127,39.066214468775
46,128,37.348864134019514
46,129,37.309409411113116
46,130,37.15109804968578
46,131,34.779179056396046
46,132,32.220120156262425
46,133,32.55597419014461
46,134,30.781342229452374
46,135,31.758387698765553
46,136,35.117145892765144
46,137,36.72565730946164
46,138,36.271852699966885
46,139,33.84908039021829
46,140,32.46505220815462
46,141,29.634287999473226
46,142,28.663874440765973
46,143,28.867336506526286
46,144,32.096461631718505
46,145,35.60669818282729
46,146,38.01748565823588
46,147,41.504614895214374
46,148,44.65681946323853
46,149,48.33164399971411
46,150,49.63758661434299
46,151,53.208437890433444
46,152,54.59520614245711
46,153,53.394298140787235
46,154,50.30806142282663
46,155,51.157736787857814
46,156,50.0768665708844
46,157,47.06827311991626
46,158,46.809641283041685
46,159,44.18924659528479
46,160,42.85787050996856
46,161,39.62508572549742
46,162,39.7055589056799
46,163,36.8334676148265
46,164,37.916066734235784
46,165,34.525114178637686
46,166,33.4341596163782
46,167,30.48728337738354
46,168,30.252582524362936
46,169,30.0601779088488
46,170,28.7612938011058
46,171,30.89650203103236
46,172,30.27769109344606
46,173,33.50485088533746
46,174,35.222518307666085
46,175,38.50858918635375
46,176,39.7007553938544
46,177,41.640737890032305
46,178,44.00939188375693
46,179,45.61994036522595
46,180,49.205789292235195
46,181,51.61454513694273
46,182,51.9741767409675
46,183,48.23541796530443
46,184,48.424021693813025
46,185,51.42040528902571
46,186,50.41072554465824
46,187,47.224584874249295
46,188,48.20972532352885
46,189,51.96937598190868
46,190,52.43229424288434
46,191,53.08907072227164
46,192,50.74855236773788
46,193,47.91608489361166
46,194,46.307918663394396
46,195,43.164698046354125
46,196,43.250516383223385
46,197,40.45552682527774
46,198,41.38769059831488
46,199,40.762816217391034
46,200,43.18334963164567
46,201,41.65994834762954
46,202,40.80327430181177
46,203,42.24893616726264
46,204,40.738721933490424
46,205,43.44936401706435
46,206,42.79531216374563
46,207,45.45749123253651
46,208,44.22562978273054
46,209,45.0657813592838
46,210,46.91569285672985
46,211,46.32888521293316
46,212,45.70529440005218
46,213,42.49391111352257
46,214,41.01942031407171
46,215,39.67317762020023
46,216,35.96867599200367
46,217,35.091228412518966
46,218,38.7776065431515
46,219,39.3757502639731
46,220,41.26532806288195
46,221,40.50400139451186
46,222,37.670818421731354
46,223,35.90293836615479
46,224,35.24159831186925
46,225,32.44892046024668
46,226,33.071712710649614
46,227,31.576900170476325
46,228,33.228538243994656
46,229,32.165397270287436
46,230,34.526128285634975
46,231,34.79240653678845
46,232,35.96496090937751
46,233,39.632887119752624
46,234,39.730631320462294
46,235,40.29157678581221
46,236,39.072981717557056
46,237,42.064301363365736
46,238,41.78858231591525
46,239,44.99421787154529
46,240,45.56549194085383
46,241,48.41953467093628
46,242,46.273177812192415
46,243,43.084427883191694
46,244,40.730493768574114
46,245,37.2130622442623
46,246,36.749630327044166
46,247,33.69889932921589
46,248,33.0414462233519
46,249,31.660910620771734
46,250,29.475805998443445
46,251,25.844144908565497
46,252,24.723914000874895
46,253,24.19792784679616
46,254,22.181288583040093
46,255,21.669299017262826
46,256,18.64743686751705
46,257,15.801993876886955
46,258,14.502493311812277
46,259,14.924319463538486
46,260,14.556146143830425
46,261,14.06081767616359
46,262,15.71190899636521
46,263,13.991446327470053
46,264,14.505326769491987
46,265,11.859348132329927
46,266,10.001017188990069
46,267,6.33305694116735
46,268,6.073171341882608
46,269,5.690612025808641
46,270,6.143639860563164
46,271,6.676816171890093
46,272,7.956066242328143
46,273,9.752233187477946
46,274,10.857663665801455
46,275,9.80061617770826
46,276,12.704167747801668
46,277,13.626562793976785
46,278,14.28786748798076
46,279,10.727198088900103
46,280,9.505284751346252
46,281,12.64435472242567
46,282,13.985420200884654
46,283,16.22665141541348
46,284,19.068015945348073
46,285,21.312230866359908
46,286,22.76069993505678
46,287,22.805956608650956
46,288,20.80927461772928
46,289,22.074021960734846
46,290,19.056575654659376
46,291,18.904416842050235
46,292,20.48078429816798
46,293,17.731846599734077
46,294,15.06698229471666
46,295,12.876249096201084
46,296,12.497891197934843
46,297,14.599959240167335
46,298,15.782350636621905
46,299,19.03297013692861
46,300,21.734166355082337
46,301,22.315511608577925
46,302,25.67038024917211
46,303,27.707128144100814
46,304,28.68972920766944
46,305,27.104335080355106
46,306,28.388575295555434
46,307,29.846250318245872
46,308,31.356860480303975
46,309,31.987171394898414
46,310,34.925819140841256
46,311,34.502789893702484
46,312,38.0820435725173
46,313,41.66146988263564
46,314,43.615452677093515
46,315,44.08111785920483
46,316,47.81216484837796
46,317,48.627028233931355
46,318,51.8311974049665
47,1,70.79376749204361
47,2,71.88444364972516
47,3,68.69923421425847
47,4,64.96469367247357
47,5,62.14607593151683
47,6,58.70182732633754
47,7,56.146587961098575
47,8,52.867701685743604
47,9,50.095127220269426
47,10,46.402056736757196
47,11,44.27761005789597
47,12,43.61429656595519
47,13,41.65783206851781
47,14,42.967791773004095
47,15,40.39594787188924
47,16,38.64085241225591
47,17,36.44083442114747
47,18,37.44418187748969
47,19,36.159463051804984
47,20,37.418533900133994
47,21,39.09060286699441
47,22,41.10887420948056
47,23,44.19892671054859
47,24,43.17794505665037
47,25,41.12634835929933
47,26,40.783577863522005
47,27,41.3247394114925
47,28,40.81251911432086
47,29,38.85611875870622
47,30,37.99426091086968
47,31,34.207478412258546
47,32,31.5123666285181
47,33,27.756675515261225
47,34,25.931214165795538
47,35,24.529818887853086
47,36,23.253012962402465
47,37,20.005290592366933
47,38,21.303351239886517
47,39,19.222298588959294
47,40,15.971613433997264
47,41,14.724986760892898
47,42,15.154047942368393
47,43,11.814819744769311
47,44,8.878013703007074
47,45,5.533535149064054
47,46,3.825724075893792
47,48,2.948719746922471
47,49,5.009020047484981
47,50,6.729591371800542
47,51,7.992240138832681
47,52,11.50895565108402
47,53,13.341208740657807
47,54,16.960112792316725
47,55,18.459933014811817
47,56,22.10543388656224
47,57,21.839941221401563
47,58,21.961683853456673
47,59,20.967268078951715
47,60,24.711360924804115
47,61,25.4825745541891
47,62,23.051934053729358
47,63,24.55247822246204
47,64,28.06212020923597
47,65,27.425549257649262
47,66,28.24321284711483
47,67,28.8719833750869
47,68,26.376095756083426
47,69,23.694651566224234
47,70,24.676187932631436
47,71,21.450122258876153
47,72,19.730832855945273
47,73,22.11124197059608
47,74,20.86397793503199
47,75,17.229290332330358
47,76,14.89626329891945
47,77,12.016522779531552
47,78,10.58862654574324
47,79,11.055558313202917
47,80,13.607309571827361
47,81,14.159264183083836
47,82,17.878703428139584
47,83,19.344132511913305
47,84,22.83086622651359
47,85,23.980399672814713
47,86,23.801698782762234
47,87,27.19540007522828
47,88,29.10435151900898
47,89,31.341588337721852
47,90,32.999828344292425
47,91,35.80224473092144
47,92,36.09879708043251
47,93,35.0180945245714
47,94,34.917652677390194
47,95,33.063257155644315
47,96,34.93888230634291
47,97,32.53917930136472
47,98,29.68634046675914
47,99,27.500893383433446
47,100,27.96851136431891
47,101,27.142334318640916
47,102,23.995444987486202
47,103,23.0581628099295
47,104,23.787433568203397
47,105,22.11092129318287
47,106,18.89475664241524
47,107,19.165939911109064
47,108,19.88298056884154
47,109,16.604703534434503
47,110,18.35713847914958
47,111,20.933699840487833
47,112,22.48864241440365
47,113,26.124476813168588
47,114,29.14369235315467
47,115,32.295712113900244
47,116,35.52256515671751
47,117,39.14136673721563
47,118,40.5426517325549
47,119,44.13229360406095
47,120,45.419872886005116
47,121,49.130013053376416
47,122,51.162133971652636
47,123,48.495532898799915
47,124,46.77942624908667
47,125,43.0432447999093
47,126,40.24380593822408
47,127,41.52624625531292
47,128,40.05254983983981
47,129,40.24228346103654
47,130,40.302135162527115
47,131,37.965019796723695
47,132,35.276521933677294
47,133,35.673935532725395
47,134,33.744119640276146
47,135,34.80174427928578
47,136,38.26659019566334
47,137,39.75953028145326
47,138,39.245315349647164
47,139,36.64191075615013
47,140,35.11351836316695
47,141,32.10492361004675
47,142,30.904614284891306
47,143,30.77826156158511
47,144,34.10340744969439
47,145,37.62132032966785
47,146,40.244047600154985
47,147,43.604243524907346
47,148,46.90047219147715
47,149,50.53528036269671
47,150,51.75654027622697
47,151,55.37370333574865
47,152,56.830623788482484
47,153,55.45977029280387
47,154,52.290622589761455
47,155,52.90018768495929
47,156,51.656701140230616
47,157,48.53052701963471
47,158,47.989689130625216
47,159,45.218623996917195
47,160,43.59535474960455
47,161,40.234988490597715
47,162,39.95892932176005
47,163,36.858172907887344
47,164,37.63565850536321
47,165,34.07965046058911
47,166,32.66450810513544
47,167,29.95527966742064
47,168,30.100470797297668
47,169,30.35607068241263
47,170,29.459253150622278
47,171,31.952886028728056
47,172,31.758789500044685
47,173,35.18169178504066
47,174,37.16866791169789
47,175,40.58326217118012
47,176,42.046195462028244
47,177,44.1026196530752
47,178,46.64045042382014
47,179,48.4079418082997
47,180,51.97971631603153
47,181,54.24848661424901
47,182,54.70129836122836
47,183,50.96061942345531
47,184,50.94264050508894
47,185,53.89574121674633
47,186,52.996539125488646
47,187,49.69524099270684
47,188,50.4729216492835
47,189,54.25833932409836
47,190,54.59317581554004
47,191,55.358292213366475
47,192,52.88429956533176
47,193,49.93017119754218
47,194,48.09962773814346
47,195,44.81771102340799
47,196,44.60260694559271
47,197,41.61292845801556
47,198,42.220192624766355
47,199,41.26213905814568
47,200,43.42815300874211
47,201,41.894979385885556
47,202,41.375691436131135
47,203,43.124591191186475
47,204,41.9208778602459
47,205,44.846093903636216
47,206,44.48915656524612
47,207,47.347742564350014
47,208,46.37126481246465
47,209,47.39407866118006
47,210,49.429185190739425
47,211,48.99374045764921
47,212,48.57321922316332
47,213,45.38333268362726
47,214,44.081446427614075
47,215,42.87624810674991
47,216,39.18026285257937
47,217,38.422444734860676
47,218,42.10071400181353
47,219,42.51079799815469
47,220,44.28027930042122
47,221,43.328625511162684
47,222,40.34140948687733
47,223,38.3508955791794
47,224,37.43685397739611
47,225,34.438478120242436
47,226,34.683192830972196
47,227,32.84325847749048
47,228,34.11731514453491
47,229,32.65007890120464
47,230,34.78677574909348
47,231,34.636923265594156
47,232,35.57277304216304
47,233,39.29498886716329
47,234,39.715190119668485
47,235,40.59452619300583
47,236,39.720372287708415
47,237,42.91292761992577
47,238,42.96766884962724
47,239,46.314124343602316
47,240,47.171210265447705
47,241,50.192671334207446
47,242,48.26821546509593
47,243,45.21323456461265
47,244,42.66134294825101
47,245,39.23003101647272
47,246,38.48277816288628
47,247,35.24594611097817
47,248,34.514703599036245
47,249,32.76437175391859
47,250,30.34149747892486
47,251,26.65143872207569
47,252,25.011994699895446
47,253,24.263287656372093
47,254,21.764417878020552
47,255,20.913930168912135
47,256,17.592839442493528
47,257,14.804696552604428
47,258,14.412322079722886
47,259,15.524715804086396
47,260,16.046380412494553
47,261,15.960924996637614
47,262,18.187821687884767
47,263,16.793670440063615
47,264,17.763263314941703
47,265,15.010656107556281
47,266,13.526808239251203
47,267,9.973286686976872
47,268,8.968131703563337
47,269,7.3038831063150385
47,270,6.046730685913322
47,271,4.545007902470375
47,272,6.263976344486366
47,273,7.640831684418224
47,274,10.001974137133635
47,275,10.323377615920299
47,276,13.848084078661907
47,277,15.654461689416237
47,278,16.271777749766294
47,279,12.61713944184942
47,280,10.302842792315868
47,281,12.579519173574345
47,282,12.89222073973639
47,283,14.574067570427127
47,284,17.184479856648014
47,285,19.825785201109078
47,286,21.224830264175843
47,287,21.88334010619459
47,288,20.475853282290494
47,289,22.359890734392987
47,290,19.81689717965558
47,291,19.822594140288274
47,292,21.068245589141288
47,293,18.59257530163276
47,294,15.384017758635776
47,295,12.74243449796213
47,296,11.244831995095366
47,297,12.719948798610579
47,298,14.567764828405345
47,299,17.88547970184832
47,300,20.86263030888183
47,301,22.080722508719344
47,302,25.4873680661008
47,303,27.926269913535418
47,304,28.717770222078165
47,305,27.326643388734475
47,306,28.18185235259325
47,307,29.177871923607196
47,308,30.441170130727144
47,309,30.628795801232997
47,310,33.45213946915643
47,311,32.75958982022602
47,312,36.35091855081716
47,313,39.963361292524304
47,314,42.17577540004137
47,315,42.820656041140246
47,316,46.585039585618894
47,317,47.54748690010165
47,318,50.725892111575575
48,1,70.53669375911443
48,2,71.48284166930624
48,3,68.26895887089921
48,4,64.56829382715708
48,5,61.76518206376685
48,6,58.24614503508797
48,7,55.73956309128793
48,8,52.37256554922815
48,9,49.71553944786212
48,10,46.06556004438963
48,11,44.145993886979504
48,12,43.66195265075768
48,13,41.932805440392485
48,14,43.46201698982027
48,15,40.93175164816867
48,16,38.95260561731996
48,17,36.697002004725924
48,18,37.57939918522025
48,19,36.030521819142834
48,20,37.10630263989631
48,21,38.51196253229367
48,22,40.37326045452707
48,23,43.60272707310772
48,24,42.818242366980996
48,25,40.963066849561464
48,26,40.7491065041314
48,27,41.19794005517805
48,28,40.83770142034357
48,29,38.752581300924305
48,30,37.99516133803082
48,31,34.22353484025128
48,32,31.448659360267442
48,33,27.69373125335591
48,34,25.971714318062837
48,35,24.239447267965748
48,36,23.214065248741726
48,37,20.26355016656449
48,38,21.972572665654443
48,39,20.334181528074094
48,40,17.37343247556112
48,41,16.65664453536173
48,42,17.19022198142733
48,43,14.099892802959888
48,44,10.921511632487663
48,45,7.92533711844958
48,46,6.414780073912979
48,47,2.948719746922471
48,49,3.8218297977129914
48,50,6.629942539374705
48,51,8.895515669178552
48,52,12.501639881165868
48,53,14.901905686449783
48,54,18.301898771699307
48,55,20.249890218688304
48,56,23.75743321262694
48,57,23.070150777975403
48,58,22.81285025718915
48,59,21.37622377166874
48,60,25.00738615253871
48,61,26.138965523377067
48,62,23.63080418143306
48,63,24.693699842512824
48,64,28.34498897736961
48,65,27.99434716559477
48,66,29.140164471299258
48,67,29.994396671735515
48,68,27.768422945922985
48,69,24.817729760266214
48,70,25.645703432287075
48,71,22.573023008226098
48,72,20.494279356750827
48,73,22.504714641949366
48,74,20.80585539970327
48,75,17.322523664564965
48,76,14.509321448978229
48,77,11.622597648222614
48,78,9.62005940471849
48,79,10.88645397885009
48,80,13.985612205388474
48,81,15.155550219997528
48,82,18.962440353041057
48,83,20.87173647039131
48,84,24.381837960985337
48,85,25.764790857325305
48,86,25.299784441480984
48,87,28.591676614951755
48,88,30.280281355858197
48,89,32.63513614126976
48,90,34.03431069093055
48,91,36.64884454106477
48,92,36.902438157942846
48,93,35.54103466307168
48,94,35.23283313248478
48,95,33.10024806513769
48,96,34.75720876504799
48,97,32.184886505273965
48,98,29.571399359541953
48,99,27.23376631792655
48,100,27.335336800363297
48,101,26.6288448974705
48,102,23.707537094203367
48,103,22.380282963146538
48,104,22.815577601363625
48,105,21.42280845875994
48,106,18.28681990644649
48,107,17.990272607819087
48,108,18.63027470612752
48,109,15.632588808546124
48,110,17.638137108304363
48,111,20.593917903559326
48,112,21.923176486443957
48,113,25.663207826959457
48,114,28.523012286779
48,115,31.86191035617661
48,116,34.91031734648757
48,117,38.58800768323834
48,118,40.045023844034674
48,119,43.70864672804252
48,120,45.14703723714352
48,121,48.86623774434815
48,122,51.0641472784467
48,123,48.54017796629265
48,124,47.02347742362411
48,125,43.274528460044046
48,126,40.66239898279623
48,127,42.07547590069549
48,128,40.8408050207127
48,129,41.21482322922715
48,130,41.52722954712794
48,131,39.173173656251485
48,132,36.398950385913615
48,133,36.96496091825442
48,134,34.98641358076356
48,135,36.250696696301254
48,136,39.801435025823835
48,137,41.07976732162711
48,138,40.39313058368697
48,139,37.599026123064206
48,140,35.85826010433155
48,141,32.67188264264427
48,142,31.370281025202832
48,143,30.898785117409517
48,144,34.22694383845263
48,145,37.762496639238336
48,146,40.5204394319118
48,147,43.76074642606362
48,148,47.16482851847999
48,149,50.765223884742284
48,150,51.971054844642126
48,151,55.62975302437357
48,152,57.085802629893635
48,153,55.53948681079321
48,154,52.28313311150741
48,155,52.68222737048951
48,156,51.27292282941698
48,157,48.08637142647114
48,158,47.32047466409393
48,159,44.479808492910834
48,160,42.640608201579035
48,161,39.232252581341065
48,162,38.69568650482917
48,163,35.45104544107437
48,164,36.077252558383485
48,165,32.445286893986925
48,166,30.787099817620852
48,167,28.202139482259376
48,168,28.538685972197523
48,169,29.12286598100872
48,170,28.483902191816867
48,171,31.23415907537331
48,172,31.35709447987927
48,173,34.910730565428906
48,174,37.08795016156056
48,175,40.58446120626063
48,176,42.292584472372816
48,177,44.42765255050969
48,178,47.130378402453566
48,179,49.04105968318458
48,180,52.593312707734086
48,181,54.718907257089064
48,182,55.291701376346595
48,183,51.56680367069652
48,184,51.33361039540689
48,185,54.25916598836218
48,186,53.50708531218425
48,187,50.109900152277106
48,188,50.67325640398974
48,189,54.46708648262659
48,190,54.650581057005596
48,191,55.484102355858916
48,192,52.882097857515156
48,193,49.841004373852805
48,194,47.81740550923427
48,195,44.44079114112037
48,196,43.977910341526716
48,197,40.86027187709048
48,198,41.21300585871398
48,199,40.024794301316376
48,200,41.99434980297147
48,201,40.43690039876931
48,202,40.15127239322051
48,203,42.11494594028652
48,204,41.14726607156846
48,205,44.22812757685012
48,206,44.11402412996595
48,207,47.12735575532837
48,208,46.38392393274259
48,209,47.564284237581916
48,210,49.77310947195487
48,211,49.48739265368679
48,212,49.28269030448876
48,213,46.13081651650812
48,214,45.03510887598444
48,215,43.99377499773745
48,216,40.321690912540504
48,217,39.728789257984936
48,218,43.38957201304047
48,219,43.560379586386624
48,220,45.171252800132486
48,221,44.02199516934808
48,222,40.88513444172381
48,223,38.69557189334955
48,224,37.538880504275284
48,225,34.38428347552565
48,226,34.304202252175
48,227,32.20996903369088
48,228,33.1918491365826
48,229,31.447507751590575
48,230,33.44144155088855
48,231,33.00896434743543
48,232,33.83555535902211
48,233,37.581370338412164
48,234,38.17735794606854
48,235,39.290686599277414
48,236,38.656096409181664
48,237,41.97334285441101
48,238,42.27747520524733
48,239,45.7051708492106
48,240,46.784751508202156
48,241,49.93883719637357
48,242,48.20900096872183
48,243,45.271035093313
48,244,42.575381306525834
48,245,39.253983554771146
48,246,38.306594797632386
48,247,34.961591222607716
48,248,34.27146498384906
48,249,32.23508138061669
48,250,29.596590145328
48,251,25.88237999979192
48,252,23.89705564610735
48,253,22.90826276682125
48,254,20.102151913436842
48,255,18.991531560070072
48,256,15.53266361383815
48,257,12.86323128849614
48,258,13.112737948198031
48,259,14.732413334946322
48,260,15.946390444803054
48,261,16.333184867942276
48,262,19.034763515114417
48,263,18.127534771113073
48,264,19.59260461755484
48,265,17.057352102611027
48,266,15.981573805987951
48,267,12.54829212942983
48,268,11.846568527834943
48,269,10.20139550059395
48,270,8.526842762790325
48,271,5.909083747914595
48,272,6.706235803102108
48,273,6.645521299763049
48,274,9.637496139773962
48,275,10.687839528452502
48,276,14.442428157239673
48,277,16.687470266683338
48,278,17.63635680443635
48,279,14.165819408068483
48,280,11.508295617423405
48,281,13.284989462149655
48,282,13.110612390131399
48,283,14.02484085912338
48,284,16.671342970651356
48,285,19.33652426415762
48,286,20.35532687338133
48,287,21.34532580277475
48,288,20.367408844223462
48,289,22.604265304518602
48,290,20.402241674115885
48,291,20.184458021672647
48,292,20.950232801517476
48,293,18.53287551362108
48,294,15.068685560940226
48,295,12.008684900287767
48,296,9.842671089717028
48,297,11.13938684604837
48,298,13.62557907717055
48,299,17.08440683930885
48,300,19.990095043902407
48,301,21.62613006727197
48,302,25.134283245276634
48,303,27.874119648833087
48,304,28.752478473093973
48,305,27.69766557205003
48,306,28.409018653580198
48,307,29.05851494791317
48,308,30.331152626414493
48,309,30.213456503883453
48,310,33.06405894615173
48,311,32.3374439202096
48,312,35.97824436826915
48,313,39.54278644559594
48,314,41.89228601692447
48,315,42.7810743854332
48,316,46.57139911178663
48,317,47.74277264923789
48,318,50.96170425622492
49,1,73.24988386456853
49,2,74.1298551171828
49,3,70.83710965659863
49,4,67.1443689144724
49,5,64.23686355175313
49,6,60.72034943854526
49,7,58.09291071776829
49,8,54.67052388139708
49,9,51.943238190629756
49,10,48.27357387206132
49,11,46.41728370428662
49,12,45.766757140182456
49,13,44.02588319089033
49,14,45.43616296966806
49,15,42.696446694212064
49,16,40.61478758694201
49,17,38.09658327161218
49,18,38.64649931855817
49,19,36.95480443764612
49,20,37.72184608600672
49,21,39.1012256778194
49,22,40.70031834007195
49,23,43.97727720335276
49,24,43.3211543125955
49,25,41.3473731163586
49,26,41.45358959737763
49,27,42.2090422270008
49,28,42.13453790845549
49,29,40.28241360320888
49,30,39.83784822600553
49,31,36.05146630741421
49,32,33.03613650100533
49,33,29.248740837698087
49,34,27.132808546852633
49,35,25.097865514844095
49,36,23.63886436385091
49,37,20.752470787703793
49,38,22.144085434268703
49,39,20.715062232286847
49,40,17.679282497443815
49,41,17.261827610267428
49,42,17.000857951460862
49,43,13.952288665808029
49,44,10.28933657473276
49,45,8.408079207182633
49,46,6.44174612731624
49,47,5.009020047484981
49,48,3.8218297977129914
49,50,3.794201088611064
49,51,6.038020924876118
49,52,9.57863252980416
49,53,12.333826481062657
49,54,15.394205688420527
49,55,17.787902323297914
49,56,21.070501307950835
49,57,19.98656015520554
49,58,19.41428906910138
49,59,17.75903141547414
49,60,21.332025235944084
49,61,22.662003607712307
49,62,20.243620865560107
49,63,21.128794998214524
49,64,24.817856624372098
49,65,24.71077516903848
49,66,25.936111546317225
49,67,27.08726222718071
49,68,25.037118229832497
49,69,21.89075491746382
49,70,22.87100858493131
49,71,20.0963600976631
49,72,17.622682205262418
49,73,19.60883862631645
49,74,17.95207500864114
49,75,14.422194884661016
49,76,11.40338971799356
49,77,8.15244936310272
49,78,5.874856602629885
49,79,7.1791032773352885
49,80,10.419716111084425
49,81,12.058734599787622
49,82,15.852516708649741
49,83,18.187935427190293
49,84,21.74722382620231
49,85,23.249425106909182
49,86,22.420765119383194
49,87,25.574665029865276
49,88,27.076126579582827
49,89,29.561425568587435
49,90,30.798019278315124
49,91,33.25324094805332
49,92,33.42095510176216
49,93,31.91710883921839
49,94,31.522577115792707
49,95,29.32030459567999
49,96,30.96215016029355
49,97,28.416083714532217
49,98,25.804853643720662
49,99,23.528353836409202
49,100,23.590668286745924
49,101,22.81345476115445
49,102,19.90523401236026
49,103,18.636743393130594
49,104,19.08357557410717
49,105,17.638877457834678
49,106,14.471286699960302
49,107,14.331070799124644
49,108,15.070523460499194
49,109,12.02096680607747
49,110,14.244360171808319
49,111,17.233466557802213
49,112,18.881690790935824
49,113,22.572271582360457
49,114,25.602618152129367
49,115,28.913789261200094
49,116,31.919648432158667
49,117,35.62885118091457
49,118,36.87446648130723
49,119,40.55451024079744
49,120,41.861963509187845
49,121,45.61040399470351
49,122,47.76204489750266
49,123,45.205214086640716
49,124,43.77772214982281
49,125,40.05777522434661
49,126,37.50028129078964
49,127,38.81975588863152
49,128,37.659544500596425
49,129,38.0355219527835
49,130,38.506170224063794
49,131,36.05899249177417
49,132,33.307958836091395
49,133,34.11808701713629
49,134,32.27810347144999
49,135,33.830266783444706
49,136,37.38957075698773
49,137,38.428354755921205
49,138,37.49539249278222
49,139,34.59719916404476
49,140,32.649271871470646
49,141,29.360568611301
49,142,28.213330770912915
49,143,27.571562435916867
49,144,30.790684113353592
49,145,34.39014057598198
49,146,37.09202349417802
49,147,40.3291205408581
49,148,43.73035946099404
49,149,47.349384760088945
49,150,48.67161730580163
49,151,52.35100600238682
49,152,53.69533744070652
49,153,52.08336040691278
49,154,48.778334312203555
49,155,49.17135137243888
49,156,47.70335540274473
49,157,44.575293702658925
49,158,43.84461819536148
49,159,41.102127991375795
49,160,39.32786267378862
49,161,36.01027652032223
49,162,35.5875542093736
49,163,32.42650837114994
49,164,33.323362307509534
49,165,29.79339183708707
49,166,28.23804266201287
49,167,25.39336076141467
49,168,25.39559401279454
49,169,25.824536950686696
49,170,24.957426504664696
49,171,27.657056602811135
49,172,27.68851207898696
49,173,31.234104417665822
49,174,33.36978311936429
49,175,36.85388883321192
49,176,38.61906258549284
49,177,40.73409981770491
49,178,43.50339464747165
49,179,45.450291462505774
49,180,49.00049490306823
49,181,51.081910706998656
49,182,51.73918550763454
49,183,48.03541305105792
49,184,47.71610760880916
49,185,50.671824700575435
49,186,50.023370535974145
49,187,46.61263723390457
49,188,47.099593406437315
49,189,50.88608727492472
49,190,50.98707203711263
49,191,51.77793688301007
49,192,49.133720495971886
49,193,46.10666997318831
49,194,44.06159343348985
49,195,40.70372918068555
49,196,40.25933943404659
49,197,37.189467988974776
49,198,37.608850084281706
49,199,36.54009712194228
49,200,38.60189119021208
49,201,36.993775778063025
49,202,36.5615951886404
49,203,38.439675511654016
49,204,37.39337023877482
49,205,40.447559575621305
49,206,40.30668915477252
49,207,43.32125034725333
49,208,42.606092435217974
49,209,43.80323408869207
49,210,46.06296020249834
49,211,45.82329913144733
49,212,45.71375211448377
49,213,42.590346525052965
49,214,41.623349341657246
49,215,40.681069794282365
49,216,37.0350694030432
49,217,36.584713495549444
49,218,40.22758115803773
49,219,40.2196155733339
49,220,41.710951595662685
49,221,40.46977479588112
49,222,37.26504615944772
49,223,35.02107009971229
49,224,33.77818725133405
49,225,30.609751476999016
49,226,30.506524937075426
49,227,28.453273939185348
49,228,29.52659742154649
49,229,27.912668370958887
49,230,30.070089070702846
49,231,29.831840406736838
49,232,30.899340319189005
49,233,34.6458254118411
49,234,35.00400464959115
49,235,36.0190266731571
49,236,35.23506821436369
49,237,38.486100550501476
49,238,38.71164689478954
49,239,42.09156957647655
49,240,43.13118965553568
49,241,46.2871835662908
49,242,44.55535472334332
49,243,41.60409318646281
49,244,38.93169258779949
49,245,35.6545014641765
49,246,34.77336803754173
49,247,31.484265788871173
49,248,30.99655087951905
49,249,28.987914938031565
49,250,26.275259675229183
49,251,22.51848701397322
49,252,20.70833039734487
49,253,19.59771617652004
49,254,16.977285557239203
49,255,15.959054350851032
49,256,12.651251421994669
49,257,9.86952753937754
49,258,9.50108501801268
49,259,11.05819207820445
49,260,12.3230756504415
49,261,13.139296638343255
49,262,16.09291723563659
49,263,15.75011718112382
49,264,17.63913345684364
49,265,15.705140750405812
49,266,15.03120120543088
49,267,11.865632846295199
49,268,12.358886906836354
49,269,11.700534090966975
49,270,10.757730397028041
49,271,8.729247029838703
49,272,8.450353743941921
49,273,7.476907241110744
49,274,9.297234010822526
49,275,9.375745047718695
49,276,12.89130165592069
49,277,14.774989537603213
49,278,16.478698354607406
49,279,13.398810373324663
49,280,11.421710718543801
49,281,13.732403308016297
49,282,14.381287817141121
49,283,15.125539175380341
49,284,18.310791242571923
49,285,20.408212859568767
49,286,20.912050617785898
49,287,21.415698722832342
49,288,20.162214869931795
49,289,22.065603215396347
49,290,19.672827415274035
49,291,18.773227178135546
49,292,19.175626293081976
49,293,16.309307249312763
49,294,13.10115883711499
49,295,9.742921205432618
49,296,8.377610291104965
49,297,10.866436282188348
49,298,13.258339319112528
49,299,16.980907364983032
49,300,19.34116155772771
49,301,20.656164600147417
49,302,24.34129514362226
49,303,27.002917489305045
49,304,28.367719803460677
49,305,27.580701308041167
49,306,28.73805877856984
49,307,29.55117043958974
49,308,31.259188293341005
49,309,31.359297219766994
49,310,34.47199185723551
49,311,34.12661155059864
49,312,37.856218597178554
49,313,41.311691455624256
49,314,43.479059306489944
49,315,44.48713380709802
49,316,48.28797683047165
49,317,49.57636352401382
49,318,52.91963242072371
50,1,76.76108373661545
50,2,77.70676514724487
50,3,74.43591822793293
50,4,70.7289734832284
50,5,67.82865923182575
50,6,64.33563468222738
50,7,61.70133409194263
50,8,58.31048512301704
50,9,55.54354737839965
50,10,51.85514028539941
50,11,49.90864685663657
50,12,49.16898480302109
50,13,47.29896470707189
50,14,48.56355725749115
50,15,45.773436780299654
50,16,43.8228717253499
50,17,41.29158106330552
50,18,41.83286264563358
50,19,40.24539442300831
50,20,41.00259015667816
50,21,42.48510286660132
50,22,44.042932938223586
50,23,47.28264883751449
50,24,46.57672169661204
50,25,44.46349581881226
50,26,44.620892286200714
50,27,45.52052882733917
50,28,45.43911951293858
50,29,43.699765135660606
50,30,43.24379301692589
50,31,39.445599491248785
50,32,36.439870406209224
50,33,32.64506134497778
50,34,30.40157812912274
50,35,28.458857119460678
50,36,26.74173237697341
50,37,23.714760560679395
50,38,24.694844307533028
50,39,23.005165802562374
50,40,19.69574037829271
50,41,18.852024591176153
50,42,18.00838712333018
50,43,14.66596156473093
50,44,11.045061938730202
50,45,9.6036372957692
50,46,6.520247991215025
50,47,6.729591371800542
50,48,6.629942539374705
50,49,3.794201088611064
50,51,3.8120029842399084
50,52,6.523282811808439
50,53,9.778729025456801
50,54,12.715225814698968
50,55,15.252033806610697
50,56,18.43756222756333
50,57,17.229344870444717
50,58,17.03126712732126
50,59,15.318089686898047
50,60,18.89286199224207
50,61,19.842775293541443
50,62,17.12189006430114
50,63,18.19858412962487
50,64,21.81367597880703
50,65,21.390448608645283
50,66,22.683582529406326
50,67,23.621459912740647
50,68,21.665535866908012
50,69,18.491728504379832
50,70,19.23446073711944
50,71,16.389294813444035
50,72,13.993579547427395
50,73,15.98482796261833
50,74,14.482455879996127
50,75,10.862864123752182
50,76,8.229251299038753
50,77,5.341517711127499
50,78,4.978726314892045
50,79,6.368276646669796
50,80,8.577865270080101
50,81,10.608581316183527
50,82,14.228569175803703
50,83,16.652394475148572
50,84,20.38709052599051
50,85,21.404585271416213
50,86,20.220761709643305
50,87,23.153924513424414
50,88,24.398292057237292
50,89,26.618612062905026
50,90,27.73903355170337
50,91,30.318456748242287
50,92,30.792816445886942
50,93,29.447074052729228
50,94,29.404794812731197
50,95,27.394495779075537
50,96,29.391150052926733
50,97,27.199163802370165
50,98,24.357281614774728
50,99,22.563346230542262
50,100,22.664620909900734
50,101,21.320883914697898
50,102,18.450602033379994
50,103,17.813167942355893
50,104,18.02826001906598
50,105,15.913233442931555
50,106,13.097151534955493
50,107,13.659924722397692
50,108,13.764863156428826
50,109,10.219665488189879
50,110,11.654959480700366
50,111,14.22873227106162
50,112,15.871731436367797
50,113,19.495616895603696
50,114,22.607684379840332
50,115,25.76741566533902
50,116,28.944827121488842
50,117,32.59233650622232
50,118,33.88527429408079
50,119,37.49917970498908
50,120,38.77969010905034
50,121,42.50456780185195
50,122,44.59252284540427
50,123,41.99461074390671
50,124,40.42923615943362
50,125,36.68853162893064
50,126,34.052490282948185
50,127,35.44970939698772
50,128,34.266433607262904
50,129,34.74508521569943
50,130,35.22155533669169
50,131,32.94490342812935
50,132,30.045720110131406
50,133,30.69539957017364
50,134,28.7031548212594
50,135,30.213167295068928
50,136,33.81683312423475
50,137,34.846887987800685
50,138,33.99901832441991
50,139,31.09837374335641
50,140,29.27946086197285
50,141,26.065273886888207
50,142,24.75177725358018
50,143,24.3126358865092
50,144,27.649116631163004
50,145,31.174789288038667
50,146,33.91594798859376
50,147,37.1764830813324
50,148,40.56248332352953
50,149,44.16458442039499
50,150,45.37651174869989
50,151,49.02979481706972
50,152,50.4789387408785
50,153,48.982928986518196
50,154,45.76671092704991
50,155,46.26954707272454
50,156,44.99021790674016
50,157,41.83107085583324
50,158,41.266031616722984
50,159,38.492976385519796
50,160,36.91230173518528
50,161,33.583299341666276
50,162,33.443190962476656
50,163,30.46284547220578
50,164,31.457439137725707
50,165,28.03463651859428
50,166,26.915755262711638
50,167,23.988186151392043
50,168,23.88650790402433
50,169,23.84007496972979
50,170,22.86654298070501
50,171,25.285355834795233
50,172,25.169772431637433
50,173,28.639241486764234
50,174,30.803633176055794
50,175,34.316363434952
50,176,35.93732704762484
50,177,38.207963561195285
50,178,40.84076879947131
50,179,42.87331058252712
50,180,46.3538306858396
50,181,48.40588244434095
50,182,48.87415599683259
50,183,45.131178945200105
50,184,44.90523673883292
50,185,47.763287716604694
50,186,46.94825568935792
50,187,43.539373285843595
50,188,44.14569876980846
50,189,47.943546375259366
50,190,48.22961407132446
50,191,49.14093289880696
50,192,46.64374952004135
50,193,43.57645890024701
50,194,41.68580725108897
50,195,38.33286892597345
50,196,38.082717552348775
50,197,35.04949211376972
50,198,35.71439751863685
50,199,34.827192388724086
50,200,37.14582422791902
50,201,35.79114283697142
50,202,35.17877497703912
50,203,36.81388245621547
50,204,35.62096995525314
50,205,38.5348160551764
50,206,38.266814715190705
50,207,41.18245960886132
50,208,40.30063973236105
50,209,41.58016947425009
50,210,43.67971322355124
50,211,43.543717270973666
50,212,43.38395374231558
50,213,40.382542285962195
50,214,39.4640203534092
50,215,38.29803462453708
50,216,34.58889880793035
50,217,33.895674717412675
50,218,37.4683122828399
50,219,37.49037004296859
50,220,39.16833340597959
50,221,37.84986458122998
50,222,34.73493819862806
50,223,32.45079860655998
50,224,31.47778368856228
50,225,28.301109069322607
50,226,28.414339566014846
50,227,26.442325742213452
50,228,27.66970266382895
50,229,26.273312768654286
50,230,28.387329811994025
50,231,28.498945113072125
50,232,29.51826065247146
50,233,33.18749275232565
50,234,33.420494294891704
50,235,34.09161719492772
50,236,33.09815156937243
50,237,36.253217961067435
50,238,36.2802348387958
50,239,39.65096068395671
50,240,40.561983223333804
50,241,43.623088869477
50,242,41.805776841958846
50,243,38.86283865699504
50,244,36.173236610708535
50,245,32.77927417937758
50,246,31.873279291550382
50,247,28.57770899421786
50,248,27.877192969918323
50,249,26.0677123619591
50,250,23.626316152158697
50,251,19.939461660215272
50,252,18.452861383301393
50,253,17.914368931057655
50,254,15.826793648920498
50,255,15.646389831305592
50,256,12.917328787763147
50,257,10.776182467208164
50,258,9.258748277668186
50,259,10.876128443384985
50,260,11.6392081015743
50,261,12.903319618899626
50,262,15.58186832005621
50,263,15.423395538492809
50,264,17.01434109711764
50,265,15.547445249499372
50,266,14.416999723215124
50,267,11.222381294628002
50,268,12.29958535769021
50,269,11.856876132400282
50,270,12.126115947075398
50,271,11.130599193213612
50,272,11.511202795450137
50,273,11.100679086352974
50,274,12.423299462708435
50,275,11.54372424558144
50,276,14.564927280026543
50,277,15.576799341667321
50,278,17.599276742410748
50,279,14.669204123041437
50,280,13.52139649554623
50,281,16.422143406527248
50,282,17.572538440712126
50,283,18.651557564138315
50,284,21.89155889323363
50,285,23.90754040163901
50,286,24.42240359658235
50,287,24.63857420648267
50,288,23.06582716353595
50,289,24.567736116404937
50,290,21.83318917115729
50,291,20.648013087301155
50,292,21.101533185245327
50,293,17.83652867707908
50,294,15.139699553665555
50,295,11.92343656915473
50,296,11.452073037413312
50,297,14.379813700139604
50,298,16.543756834774
50,299,20.27189579999533
50,300,22.388363560096334
50,301,23.3322178475008
50,302,27.0358633156584
50,303,29.461322081836826
50,304,31.048780124298517
50,305,30.18526122520601
50,306,31.633178790147895
50,307,32.70588384817084
50,308,34.54549931205482
50,309,34.841818087400604
50,310,37.99580322533697
50,311,37.71364083324562
50,312,41.43417511094331
50,313,44.90186609734816
50,314,46.990629151532836
50,315,47.900393051107294
50,316,51.69055506861318
50,317,52.878850544939155
50,318,56.211424586859685
51,1,77.3229178582911
51,2,78.35744873907021
51,3,75.05114139932313
51,4,71.31975822908012
51,5,68.3197233310651
51,6,64.91041040726826
51,7,62.13330617056121
51,8,58.79515965012088
51,9,55.86408986668451
51,10,52.12877438659623
51,11,50.042090191162366
51,12,49.0182616915783
51,13,46.95131397016841
51,14,47.9381647705692
51,15,44.98195070599766
51,16,43.161149031449376
51,17,40.522704779382316
51,18,40.95571108039638
51,19,39.53863765584901
51,20,40.28867525135726
51,21,42.01517192789585
51,22,43.58820427405213
51,23,46.685760579160295
51,24,45.8094148913743
51,25,43.44868679165629
51,26,43.66220905966368
51,27,44.825263662477724
51,28,44.77928347510653
51,29,43.319526029621976
51,30,42.98100894664893
51,31,39.18617432873566
51,32,36.117152244180915
51,33,32.340729332825596
51,34,29.793714419072383
51,35,28.001320747352533
51,36,25.844820527057855
51,37,22.665593705783348
51,38,23.083069977217395
51,39,21.222452848304968
51,40,17.783891428426845
51,41,16.85440738881619
51,42,15.380199617897063
51,43,12.141197241328094
51,44,8.639876473896617
51,45,8.41572228816343
51,46,5.914885248848335
51,47,7.992240138832681
51,48,8.895515669178552
51,49,6.038020924876118
51,50,3.8120029842399084
51,52,3.8083812475737044
51,53,6.316754251252845
51,54,9.452267791442212
51,55,11.798293552775535
51,56,15.080161435664978
51,57,14.177104463619617
51,58,14.10162244293123
51,59,13.025732450851647
51,60,16.78750608059623
51,61,17.501409570125688
51,62,15.195791122605579
51,63,16.8214092172478
51,64,20.25110600462252
51,65,19.767303393526877
51,66,20.513228982246105
51,67,21.53982381501297
51,68,19.232526599813667
51,69,16.276547986375586
51,70,17.6675281821327
51,71,14.948278869930322
51,72,12.667034790974597
51,73,15.36871710367663
51,74,14.736767050375944
51,75,10.938757073223723
51,76,9.064026485898742
51,77,5.941190337717449
51,78,6.104735028323179
51,79,4.964988242145169
51,80,6.009929235533599
51,81,7.110312970248119
51,82,10.740294091700166
51,83,12.909754445733775
51,84,16.64798371826343
51,85,17.672783451487465
51,86,16.697938714640895
51,87,19.82137972817639
51,88,21.400234372831026
51,89,23.752152719882954
51,90,25.21833121857051
51,91,27.891621501533987
51,92,28.167352898903392
51,93,27.05176396813451
51,94,27.073643693366495
51,95,25.365299585632343
51,96,27.517238650628595
51,97,25.462381536431486
51,98,22.351920633663603
51,99,20.644796906062204
51,100,21.33905852139648
51,101,20.048841775759048
51,102,16.79351315203025
51,103,16.63720177188492
51,104,17.533735794054564
51,105,15.278046963277301
51,106,12.19723687970121
51,107,13.658691685617105
51,108,14.343002316385867
51,109,10.775369421170705
51,110,12.227387296794278
51,111,14.173324375704942
51,112,16.553041224051626
51,113,19.86307676602783
51,114,23.309286505399097
51,115,26.160704696830166
51,116,29.446046173687304
51,117,33.02439835707237
51,118,33.98198335006404
51,119,37.506939302423625
51,120,38.42700990985102
51,121,42.165055323693196
51,122,43.97712634023158
51,123,41.14961514339094
51,124,39.43788184055375
51,125,35.76460817173823
51,126,32.92575452733457
51,127,33.960398603676396
51,128,32.46888195747932
51,129,32.58134261715704
51,130,32.809749488666405
51,131,30.341166364569986
51,132,27.68041848016064
51,133,28.422318329211787
51,134,26.751367045375265
51,135,28.277149755105246
51,136,31.73751050959065
51,137,32.862190094484575
51,138,31.972354600071306
51,139,29.264926780225935
51,140,27.492775151483784
51,141,24.417810416382014
51,142,23.5593046222876
51,143,23.42489865562969
51,144,26.55537871788458
51,145,30.15587018419346
51,146,32.58293328905349
51,147,36.02390596918511
51,148,39.237728389088424
51,149,42.92364137449105
51,150,44.34213080919276
51,151,47.963590372658096
51,152,49.240464495086755
51,153,47.88726353228492
51,154,44.71144182882736
51,155,45.47577713826622
51,156,44.29271270790405
51,157,41.31649200195377
51,158,41.04751425401871
51,159,38.51495175752119
51,160,37.23630830190632
51,161,34.11057045369985
51,162,34.32127585508892
51,163,31.58134851305365
51,164,32.972937179421855
51,165,29.757964285896218
51,166,28.861470521475677
51,167,25.6585296933682
51,168,25.027434759262903
51,169,24.580286424616613
51,170,23.034174928721097
51,171,25.075410737033874
51,172,24.39713872121721
51,173,27.647093815013218
51,174,29.413269615330574
51,175,32.75019033426627
51,176,34.103458564180244
51,177,36.13272821085533
51,178,38.6483135664474
51,179,40.439033324171156
51,180,43.99886934493263
51,181,46.256538922191126
51,182,46.73207426178838
51,183,43.001193731060134
51,184,42.97840340793265
51,185,45.972358239169104
51,186,45.1254301326318
51,187,41.851630600168704
51,188,42.655377313177155
51,189,46.42586100028097
51,190,46.76015019957165
51,191,47.44848707196278
51,192,45.026628126701844
51,193,42.139682594950806
51,194,40.45134528063162
51,195,37.27881256877132
51,196,37.33664126665309
51,197,34.557692262997136
51,198,35.54803999985405
51,199,35.04339810800834
51,200,37.57475979350275
51,201,36.077950955642336
51,202,35.07611654976372
51,203,36.4137180279366
51,204,34.85989821605821
51,205,37.557912853620024
51,206,36.943776864323425
51,207,39.65817632792661
51,208,38.524343458517976
51,209,39.514406654458654
51,210,41.479531078605305
51,211,41.08657548064514
51,212,40.70432942573752
51,213,37.589676927204096
51,214,36.437820447406835
51,215,35.2331684057598
51,216,31.526116451944755
51,217,30.851020219719484
51,218,34.49970084596473
51,219,34.70481461182163
51,220,36.41552471997514
51,221,35.36586537787403
51,222,32.36484372917666
51,223,30.37809233657281
51,224,29.570418492998922
51,225,26.659334113549615
51,226,27.18854201306877
51,227,25.672501894461604
51,228,27.38589270547668
51,229,26.47889886948809
51,230,28.963878160755193
51,231,29.493398592490976
51,232,30.899675100589544
51,233,34.510475510517644
51,234,34.33523620782757
51,235,34.746453516391234
51,236,33.37007675539227
51,237,36.28555461107496
51,238,35.952787761705146
51,239,39.13006557370725
51,240,39.71582042693765
51,241,42.612736791073004
51,242,40.53417724167237
51,243,37.3847416683986
51,244,34.97064020803412
51,245,31.514074925977773
51,246,31.033303689292033
51,247,28.002280103647426
51,248,27.57403274499453
51,249,26.181055123758235
51,250,23.91262220346752
51,251,20.267918070837595
51,252,19.427269073486496
51,253,18.882303956514242
51,254,17.300895391892666
51,255,17.166617008711306
51,256,14.695407864205484
51,257,12.21816138280342
51,258,9.855785011919284
51,259,10.111848162419745
51,260,9.603517011290153
51,261,10.163068866438008
51,262,12.303626671799417
51,263,11.89783913495277
51,264,13.30899708295123
51,265,12.118299218061859
51,266,11.147364585621215
51,267,8.417996562481898
51,268,10.486423862137729
51,269,11.220648345669476
51,270,11.99836058157062
51,271,11.79615146266924
51,272,11.775301583524335
51,273,11.846705107881213
51,274,12.088638618273903
51,275,10.091690886974664
51,276,12.422442457248021
51,277,12.66470518195318
51,278,14.79848198630835
51,279,12.165934460599626
51,280,11.929469447011115
51,281,15.312906797188095
51,282,17.24155473909981
51,283,18.778390952682965
51,284,22.190788170088542
51,285,23.831751736589684
51,286,24.432108655370737
51,287,24.075876551378627
51,288,21.986184034811018
51,289,22.93541854268523
51,290,19.85358216800221
51,291,18.54807155421254
51,292,19.325895437500762
51,293,15.900809467884033
51,294,13.757683555970114
51,295,11.196785026382997
51,296,11.857004842641398
51,297,15.095036303009296
51,298,16.453412849863863
51,299,20.006185107922622
51,300,21.89913462345866
51,301,22.22439896619744
51,302,25.81891025655314
51,303,27.853267462914378
51,304,29.57197648349015
51,305,28.54883625686476
51,306,30.35356934273883
51,307,31.82204291695102
51,308,33.87882877990667
51,309,34.58662156930672
51,310,37.8455495743278
51,311,37.840367845244224
51,312,41.550734133215514
51,313,44.973480628737086
51,314,46.79862382339126
51,315,47.553829811170566
51,316,51.308653315456645
51,317,52.38382450234214
51,318,55.755162079949265
52,1,80.94457762337636
52,2,82.01243197896848
52,3,78.70004126805081
52,4,74.96293339339714
52,5,71.93621039388448
52,6,68.55377405526608
52,7,65.7347125021717
52,8,62.412419651075474
52,9,59.432407667944446
52,10,55.68608115270166
52,11,53.554552023438944
52,12,52.41744043263536
52,13,50.26063774427382
52,14,51.09829370507985
52,15,48.06190558687614
52,16,46.32185838805857
52,17,43.621707889978985
52,18,43.95336539183386
52,19,42.59087320130302
52,20,43.247823166392074
52,21,45.036218335652485
52,22,46.50290920234516
52,23,49.555782515552764
52,24,48.67384436453215
52,25,46.188397686618465
52,26,46.52382099885068
52,27,47.872591885308914
52,28,47.8987070131111
52,29,46.598411754727
52,30,46.33947676137825
52,31,42.5573391712493
52,32,39.45631323230638
52,33,35.703502146976106
52,34,33.0059474899646
52,35,31.22991871245671
52,36,28.838839052964282
52,37,25.66547176267544
52,38,25.71023683331269
52,39,23.79402920454278
52,40,20.317448752565234
52,41,19.23693078960498
52,42,17.18889269396851
52,43,14.088114908539488
52,44,11.062106068360814
52,45,11.511771544568218
52,46,8.986250314867158
52,47,11.50895565108402
52,48,12.501639881165868
52,49,9.57863252980416
52,50,6.523282811808439
52,51,3.8083812475737044
52,53,3.8165420051033982
52,54,6.25485174327964
52,55,9.00402937243652
52,56,11.973109177588524
52,57,10.793315782841697
52,58,11.119399017920768
52,59,10.15639363293418
52,60,13.861399280368646
52,61,14.098430474120008
52,62,11.640575310342795
52,63,13.63909811501658
52,64,16.8751221629406
52,65,16.11910692112958
52,66,16.77587149673639
52,67,17.73257521806198
52,68,15.492361585514935
52,69,12.472851802916738
52,70,13.92824364742669
52,71,11.36796185219317
52,72,9.049460910012371
52,73,12.051066965374478
52,74,12.067444661499797
52,75,8.364515602887744
52,76,7.653646602973776
52,77,5.718786527519589
52,78,7.742180165011351
52,79,6.316211953692132
52,80,4.929552578859555
52,81,6.156796868299556
52,82,8.946544218455902
52,83,11.213583870717821
52,84,14.986948696692762
52,85,15.470363359313726
52,86,13.965253867544074
52,87,16.7700761736904
52,88,18.053673301108297
52,89,20.203674669939073
52,90,21.573782201557254
52,91,24.338844566903198
52,92,24.84411947274402
52,93,23.902216106356835
52,94,24.2702468740536
52,95,22.830775911366057
52,96,25.33604973109725
52,97,23.704830467726865
52,98,20.37550167097513
52,99,19.251916321264126
52,100,20.087504491251075
52,101,18.27801226874551
52,102,15.096045024870994
52,103,15.755215432265434
52,104,16.55755420045529
52,105,13.721430723301562
52,106,11.191697057342248
52,107,13.510085063164253
52,108,13.75096285264084
52,109,10.154521938779608
52,110,10.670863742691187
52,111,11.693783115251849
52,112,14.363683431970626
52,113,17.307171015050297
52,114,20.896643222370876
52,115,23.428337431605353
52,116,26.827032025578678
52,117,30.28908730082301
52,118,31.113830121049315
52,119,34.52944007150198
52,120,35.28132688467668
52,121,38.9907635904154
52,122,40.65583255080369
52,123,37.73431479053176
52,124,35.89776362385036
52,125,32.24534176167814
52,126,29.307224844483553
52,127,30.278552367519
52,128,28.711286678198245
52,129,28.827276329380087
52,130,29.061029373603418
52,131,26.672698356518616
52,132,23.93113556562023
52,133,24.639682944259764
52,134,22.965101329508574
52,135,24.5799505588994
52,136,28.046211369802766
52,137,29.085903850433134
52,138,28.1656248284441
52,139,25.465257211995457
52,140,23.752362034607348
52,141,20.76093681098923
52,142,19.948229009340032
52,143,20.06155028744524
52,144,23.17316745318561
52,145,26.724117242587905
52,146,29.068485918256478
52,147,32.56702610132984
52,148,35.71244696271382
52,149,39.40196040395536
52,150,40.80843922082631
52,151,44.3993865040918
52,152,45.68890213062272
52,153,44.450632275968026
52,154,41.35435149998583
52,155,42.27273420581645
52,156,41.26398518600703
52,157,38.33827796433509
52,158,38.29964864190494
52,159,35.85099111253518
52,160,34.84917431299226
52,161,31.83285275142627
52,162,32.406425343085886
52,163,29.95310310977558
52,164,31.575959893011607
52,165,28.600392047077378
52,166,28.15610627312334
52,167,24.84723692466503
52,168,23.922581878970842
52,169,22.926846490259372
52,170,21.095235778294008
52,171,22.688266032675433
52,172,21.67931469563439
52,173,24.738190358613434
52,174,26.388139663905502
52,175,29.677846408733327
52,176,30.838239411708635
52,177,32.94312450409569
52,178,35.31878687181349
52,179,37.14511988382962
52,180,40.6514806375866
52,181,42.90802632575587
52,182,43.24211419740571
52,183,39.48843344109457
52,184,39.56721136992929
52,185,42.50874917662144
52,186,41.54056469016119
52,187,38.2984007341191
52,188,39.22978797337913
52,189,42.9943682430982
52,190,43.476675413876144
52,191,44.20798888508718
52,192,41.926903823484786
52,193,39.05862778799001
52,194,37.55730149010882
52,195,34.4572161397016
52,196,34.770202123048456
52,197,32.12821844960146
52,198,33.42464645266677
52,199,33.21114028998902
52,200,36.001213161238304
52,201,34.69257141958746
52,202,33.423357013958906
52,203,34.439412840370224
52,204,32.66684113758215
52,205,35.15319983098805
52,206,34.34089250423878
52,207,36.901427260844216
52,208,35.57266952604419
52,209,36.575508166952474
52,210,38.373244269018194
52,211,38.03830033861525
52,212,37.5965267731877
52,213,34.59194618336494
52,214,33.48786750924456
52,215,32.099010254188016
52,216,28.34905448055855
52,217,27.491406369935248
52,218,31.07818005626495
52,219,31.285280959422813
52,220,33.13769868426136
52,221,32.04284100364836
52,222,29.139611428634648
52,223,27.176109082822727
52,224,26.652750676736424
52,225,23.827300338307904
52,226,24.668753751183637
52,227,23.396160546768595
52,228,25.379337988814793
52,229,24.858880604371052
52,230,27.389631993755007
52,231,28.361405505012648
52,232,29.85505550227336
52,233,33.3165295059307
52,234,32.8790107280796
52,235,32.904089672547286
52,236,31.227747043665147
52,237,33.94112255821301
52,238,33.3218778669247
52,239,36.4008775717821
52,240,36.776396413726175
52,241,39.53511574239662
52,242,37.325465774350825
52,243,34.14127790315178
52,244,31.799590067431147
52,245,28.25059332945955
52,246,27.890854115767265
52,247,24.979947386670226
52,248,24.508507399290234
52,249,23.46504996503424
52,250,21.53117019962127
52,251,18.070017361694216
52,252,17.84723416352316
52,253,17.803221731988096
52,254,16.976256032739514
52,255,17.54240005764426
52,256,15.779246986228626
52,257,13.898479608932568
52,258,10.790619553194624
52,259,10.693942603989903
52,260,9.436043036158294
52,261,10.377213584369924
52,262,11.90192563731053
52,263,11.941750800885975
52,264,13.02844742240172
52,265,12.76771327344068
52,266,11.681894461592837
52,267,9.65262959395461
52,268,12.36951147337888
52,269,13.511019310721144
52,270,15.036636532287462
52,271,15.348464472390082
52,272,15.476263663238054
52,273,15.585931345639016
52,274,15.501132828899898
52,275,13.033154574670121
52,276,14.643080282216367
52,277,13.98387156582455
52,278,16.423438941496578
52,279,14.335760491572886
52,280,14.892264587756914
52,281,18.455874050401412
52,282,20.717651426058143
52,283,22.334277715492853
52,284,25.810040868619165
52,285,27.265069080201815
52,286,27.749709030071074
52,287,27.109593326843616
52,288,24.80163007071275
52,289,25.3472798944474
52,290,22.090340766016666
52,291,20.44972900680332
52,292,21.140365142192632
52,293,17.493568522417963
52,294,16.018651400604472
52,295,13.77769621481969
52,296,15.024273393725904
52,297,18.486521041078703
52,298,19.677281260746764
52,299,23.157439095117972
52,300,24.717004450082985
52,301,24.690802961873842
52,302,28.22547366932924
52,303,29.997516247024304
52,304,31.971572681347684
52,305,30.981362019708367
52,306,33.081649227159495
52,307,34.75687839857768
52,308,36.989659118619144
52,309,37.88470205022841
52,310,41.210471930738436
52,311,41.348059089555775
52,312,45.05391496397443
52,313,48.439674595297305
52,314,50.145125860884775
52,315,50.85336138972966
52,316,54.584103594994055
52,317,55.61068181306155
52,318,58.99634288138712
53,1,81.32063818213605
53,2,82.51024634171941
53,3,79.20038837434097
53,4,75.4439099638814
53,5,72.36093123417268
53,6,69.07801517970145
53,7,66.16316184878345
53,8,62.93062068922167
53,9,59.8145423099286
53,10,56.04306923167777
53,11,53.74722738935613
53,12,52.366879871460036
53,13,50.00451251411263
53,14,50.56029668412023
53,15,47.433546361554775
53,16,45.90108322284142
53,17,43.197523701132866
53,18,43.5215639422384
53,19,42.41209805503488
53,20,43.15628435181023
53,21,45.20403169940757
53,22,46.757286603121095
53,23,49.62491652004406
53,24,48.521316043963644
53,25,45.813557764852746
53,26,46.10425840390811
53,27,47.63772395064193
53,28,47.60410879115951
53,29,46.54372515833263
53,30,46.30426080665712
53,31,42.56203961972246
53,32,39.50550589120841
53,33,35.82478751940436
53,34,32.96221956063051
53,35,31.4675642732106
53,36,28.777214130055878
53,37,25.480165987214264
53,38,24.97164217995399
53,39,22.808881918197347
53,40,19.295464195769558
53,41,17.97251512816891
53,42,15.40501817756513
53,43,12.593553925479643
53,44,10.362921339564581
53,45,11.759130494209364
53,46,10.04667651231457
53,47,13.341208740657807
53,48,14.901905686449783
53,49,12.333826481062657
53,50,9.778729025456801
53,51,6.316754251252845
53,52,3.8165420051033982
53,54,3.7738470755945714
53,55,5.494597953200863
53,56,8.87265201841888
53,57,8.658448918225645
53,58,9.698529708825145
53,59,10.113626636926666
53,60,13.728997094496272
53,61,13.333151747103257
53,62,11.58172349166418
53,63,14.346826854706595
53,64,17.051136560560618
53,65,16.023673732303358
53,66,15.799509783063936
53,67,16.58970328501371
53,68,13.766969819380503
53,69,11.402123308536764
53,70,13.62606709783115
53,71,11.244145160852089
53,72,9.732187822783777
53,73,13.335852952915268
53,74,14.339949116590832
53,75,10.972160569199383
53,76,11.095607028499323
53,77,9.40851552179483
53,78,11.076601161610931
53,79,8.669817977072832
53,80,6.31571470744311
53,81,5.120782865662534
53,82,6.90971614189347
53,83,8.11181036129344
53,84,11.847461397389116
53,85,11.978195101090828
53,86,10.944269020077147
53,87,14.060703452660743
53,88,15.915562982659633
53,89,18.056143373109535
53,90,19.998974806891038
53,91,22.976584026433684
53,92,23.326014581418942
53,93,22.849522937895667
53,94,23.42977693162458
53,95,22.50889214512666
53,96,25.20931032607065
53,97,23.84225949794718
53,98,20.266484358577344
53,99,19.35850215766541
53,100,20.869475375458837
53,101,19.17059314012014
53,102,15.745098858946001
53,103,16.949628818325483
53,104,18.373052374001784
53,105,15.579184167601387
53,106,13.078875295199474
53,107,15.925644838351374
53,108,16.59020903913095
53,109,13.268355000143043
53,110,13.695055798040237
53,111,14.019426423291366
53,112,16.995225373917673
53,113,19.47424350585583
53,114,23.162945630806504
53,115,25.286602597206162
53,116,28.745462455575822
53,117,32.034963111889006
53,118,32.58803509862696
53,119,35.82721408413814
53,120,36.221906300596565
53,121,39.875264945391656
53,122,41.21602779768806
53,123,38.072909190159315
53,124,36.01841561056013
53,125,32.486055255289834
53,126,29.31155299976453
53,127,29.874948413509255
53,128,27.890027636802984
53,129,27.537778307447383
53,130,27.340421383994997
53,131,24.8076120153662
53,132,22.391025536149215
53,133,23.030190210068824
53,134,21.720615445076447
53,135,23.14946064866387
53,136,26.378820251175533
53,137,27.66842028085334
53,138,26.86161759020898
53,139,24.528426690836515
53,140,23.069865347774293
53,141,20.4382133025525
53,142,20.135994718336658
53,143,20.771697691541615
53,144,23.588665801694013
53,145,27.077508182585056
53,146,29.017054231055464
53,147,32.676640624574574
53,148,35.562488334114846
53,149,39.293837521000626
53,150,40.853069114978986
53,151,44.355262308329834
53,152,45.50260215188979
53,153,44.49729751659417
53,154,41.519887500300975
53,155,42.7540621487583
53,156,41.926057901797776
53,157,39.21223750597368
53,158,39.512686473671266
53,159,37.312194155824216
53,160,36.64414273893717
53,161,33.84656734532173
53,162,34.7467022224504
53,163,32.54735161181615
53,164,34.41960669852943
53,165,31.637256513703377
53,166,31.379262356249544
53,167,27.967641825458117
53,168,26.725520292388513
53,169,25.423678440542112
53,170,23.190724835931665
53,171,24.331156220227076
53,172,22.764466034636133
53,173,25.450261833531837
53,174,26.600431489136472
53,175,29.608689605326703
53,176,30.355398500122217
53,177,32.164623091203445
53,178,34.296401925633816
53,179,35.79494163674208
53,180,39.357357060911255
53,181,41.86842565970384
53,182,42.12738489210104
53,183,38.40077743413812
53,184,38.79551196945733
53,185,41.841137133307356
53,186,40.757270474892984
53,187,37.721529321580654
53,188,38.94548232310783
53,189,42.64336471722566
53,190,43.253585577895514
53,191,43.75513403578396
53,192,41.63416673834716
53,193,38.99870813820508
53,194,37.792855452003586
53,195,34.94128340317614
53,196,35.62198113081699
53,197,33.29239538269682
53,198,34.919542642335884
53,199,35.07843482493618
53,200,38.03419467956539
53,201,36.64658878582299
53,202,35.03969286303582
53,203,35.733269668330095
53,204,33.613303392768266
53,205,35.8074808900454
53,206,34.60308395980895
53,207,36.87095377075671
53,208,35.214145085974444
53,209,35.85701305839843
53,210,37.40935283977163
53,211,36.75397458030231
53,212,35.97194227829371
53,213,32.85991390428848
53,214,31.398931840908748
53,215,29.85502404171275
53,216,26.104188200292473
53,217,25.125679669916487
53,218,28.78760103397027
53,219,29.35404831253167
53,220,31.347301728635426
53,221,30.652119946936068
53,222,27.998683219447777
53,223,26.48347672371732
53,224,26.28915097599847
53,225,23.883088945926445
53,226,25.25143642315454
53,227,24.53484306003554
53,228,26.957710838003823
53,229,26.915295683133113
53,230,29.677529984954283
53,231,30.97596197066976
53,232,32.70608639118024
53,233,36.06720817039259
53,234,35.33053349032437
53,235,35.10668911314263
53,236,33.11092327316828
53,237,35.543664172432045
53,238,34.55530144599652
53,239,37.390417348631246
53,240,37.39112428633619
53,241,39.90613554160309
53,242,37.404960170965104
53,243,34.02769436611033
53,244,32.04341851519644
53,245,28.44934716839712
53,246,28.569130139679768
53,247,26.017554673128554
53,248,25.73574802789147
53,249,25.19963798447037
53,250,23.582072384113925
53,251,20.338682644986413
53,252,20.66336047221315
53,253,20.682410992065588
53,254,20.199551881138362
53,255,20.72830216576202
53,256,19.060083700122412
53,257,16.945051442586262
53,258,13.716334099068545
53,259,12.7089845105888
53,260,10.37195486150947
53,261,10.155534704638823
53,262,10.411655689296522
53,263,9.807590379441441
53,264,10.046361389556656
53,265,10.244872826262862
53,266,9.087433827749372
53,267,8.107764569554874
53,268,11.465730113351043
53,269,13.519647279792277
53,270,15.482315928969848
53,271,16.509115457314564
53,272,16.57482745314038
53,273,17.2283014377545
53,274,16.550951491110876
53,275,13.498943887435983
53,276,14.301831227330545
53,277,12.7439901754302
53,278,14.8902502903016
53,279,13.245426565233403
53,280,14.69718876512261
53,281,18.441327682894865
53,282,21.190452186715586
53,283,23.244917488626083
53,284,26.66942208587502
53,285,27.891707199290988
53,286,28.590034703314053
53,287,27.53174527732409
53,288,24.812271009835207
53,289,24.825728643770123
53,290,21.301781093434837
53,291,19.78678325712441
53,292,20.942745824133166
53,293,17.400497084985812
53,294,16.528000370363124
53,295,15.076073828812541
53,296,16.887324614778898
53,297,20.261899030425468
53,298,20.809165369585187
53,299,23.989985967904197
53,300,25.449271642613077
53,301,24.891296968231234
53,302,28.186844267672456
53,303,29.51130592850855
53,304,31.457587451261052
53,305,30.208167642184094
53,306,32.551984766751055
53,307,34.60098480325107
53,308,36.90793354467275
53,309,38.166489035749194
53,310,41.488643670834364
53,311,41.79113311746416
53,312,45.426816020135554
53,313,48.779055248034055
53,314,50.253411134038416
53,315,50.74420003083459
53,316,54.40967617702857
53,317,55.2567071364282
53,318,58.62007968700216
54,1,84.43422029664536
54,2,85.5933433259031
54,3,82.23890667986515
54,4,78.49291205862473
54,5,75.34463323182219
54,6,72.08217528981024
54,7,69.09028047350084
54,8,65.84315222057307
54,9,62.68291399946939
54,10,58.915331246878225
54,11,56.655511363362685
54,12,55.15739612990426
54,13,52.78354809117572
54,14,53.2254045162852
54,15,49.98398810717989
54,16,48.43049593336923
54,17,45.59275114046348
54,18,45.689602043223196
54,19,44.53737866347023
54,20,45.068281476523964
54,21,47.101207949954905
54,22,48.45420913371693
54,23,51.28505503777616
54,24,50.25685945396028
54,25,47.46557976833852
54,26,47.97955752593487
54,27,49.73625543525676
54,28,49.88956991323534
54,29,49.024839376454686
54,30,48.98654683898652
54,31,45.28094793995574
54,32,42.12626403636361
54,33,38.49423273103742
54,34,35.448470214761876
54,35,33.84333140088263
54,36,30.94162443936292
54,37,27.8089565503525
54,38,27.03175476661539
54,39,25.08814455092314
54,40,21.766702871517378
54,41,20.70092242097972
54,42,17.734153361316256
54,43,15.42441661900709
54,44,13.489983920586784
54,45,15.326703087013163
54,46,13.776910417064492
54,47,16.960112792316725
54,48,18.301898771699307
54,49,15.394205688420527
54,50,12.715225814698968
54,51,9.452267791442212
54,52,6.25485174327964
54,53,3.7738470755945714
54,55,3.7527117405588455
54,56,5.863981812076048
54,57,4.907261785880107
54,58,6.227799175702972
54,59,7.358586910134575
54,60,10.61467000720987
54,61,9.796298321383976
54,62,8.580000270820431
54,63,11.680278988459701
54,64,13.946144777754602
54,65,12.9983833304522
54,66,12.395352542748633
54,67,13.557664598525855
54,68,10.857625675075255
54,69,8.4912278663805
54,70,11.373384454427557
54,71,9.922581195760756
54,72,8.343546644414573
54,73,11.947840541104538
54,74,13.682527165855074
54,75,10.957793305028492
54,76,11.81619036713345
54,77,10.86233805043681
54,78,12.928225870973225
54,79,10.375524487996467
54,80,6.945032646165103
54,81,5.750025134958724
54,82,5.330573352335077
54,83,6.655084473121616
54,84,10.020124956989063
54,85,9.787830759396861
54,86,7.835112549738253
54,87,10.577193153992065
54,88,12.18665848800828
54,89,14.445377331809443
54,90,16.34208989470944
54,91,19.2537436063409
54,92,19.556115686690937
54,93,19.16971988096837
54,94,19.925815978955313
54,95,19.288149005774898
54,96,22.212585632895333
54,97,21.232369399047908
54,98,17.5265116054418
54,99,17.167543314860882
54,100,18.91825105984676
54,101,16.96252599643724
54,102,13.675634116694466
54,103,15.627910618157351
54,104,17.15400228264854
54,105,14.208610156143939
54,106,12.313971536547662
54,107,15.720433273497164
54,108,16.31793498802682
54,109,13.472653541195532
54,110,13.46612581624042
54,111,12.938917108180911
54,112,16.24624024227346
54,113,18.12485454083094
54,114,21.87880664541886
54,115,23.611185050100627
54,116,26.97890116329526
54,117,30.114796584125536
54,118,30.318209641554162
54,119,33.42467427127227
54,120,33.515781096171004
54,121,37.13418365730141
54,122,38.273651047355685
54,123,35.018988264430924
54,124,32.9575261765322
54,125,29.52684886872783
54,126,26.324409441032362
54,127,26.613683926360842
54,128,24.551736579694076
54,129,24.04527264459162
54,130,23.909666607175794
54,131,21.234399244766493
54,132,18.918453414776483
54,133,19.860108263504575
54,134,18.886802113407168
54,135,20.66383913053787
54,136,23.781014825228613
54,137,24.792989895460668
54,138,23.700958498011534
54,139,21.372491609676445
54,140,19.768332643117095
54,141,17.20207958816256
54,142,17.357061188891187
54,143,18.102323023753865
54,144,20.599655305565275
54,145,24.072447951654933
54,146,25.75184104344237
54,147,29.46620960155396
54,148,32.22688183245914
54,149,35.98031075096851
54,150,37.69253897189666
54,151,41.16734054679595
54,152,42.16652340036045
54,153,41.20324226879491
54,154,38.250184638812335
54,155,39.62067333422023
54,156,38.85858655957452
54,157,36.30144408594565
54,158,36.82104019378691
54,159,34.84425078526033
54,160,34.45162819823919
54,161,31.898102505020375
54,162,33.113017677095144
54,163,31.22647285182512
54,164,33.418144099130934
54,165,30.944547911299416
54,166,30.984829492061618
54,167,27.458868171927595
54,168,25.80131453063563
54,169,24.091727707546955
54,170,21.47649373009365
54,171,22.132467772380203
54,172,20.130894642885565
54,173,22.506593228280767
54,174,23.349754920002013
54,175,26.20110809556324
54,176,26.775279583473218
54,177,28.501225571855294
54,178,30.569047145569698
54,179,32.02942758598578
54,180,35.59248256330538
54,181,38.13220423161428
54,182,38.40129323082703
54,183,34.68794726807297
54,184,35.124679152350225
54,185,38.21178563881426
54,186,37.15486418881776
54,187,34.17593399268492
54,188,35.45604580234448
54,189,39.12082810446118
54,190,39.74145365145915
54,191,40.15414205339382
54,192,38.095168964342484
54,193,35.55387678820683
54,194,34.49866200619654
54,195,31.791252439034576
54,196,32.7096826187938
54,197,30.61321857797655
54,198,32.51118517308802
54,199,33.00723136132576
54,200,36.134220830261796
54,201,34.78675916860799
54,202,32.87955169349187
54,203,33.25061817076959
54,204,30.887752593177364
54,205,32.84462769313378
54,206,31.41471774997139
54,207,33.5116096874684
54,208,31.70128752103508
54,209,32.257393478243024
54,210,33.715652224879314
54,211,33.04141952880801
54,212,32.235571061793564
54,213,29.16530408659231
54,214,27.76336186660234
54,215,26.193546869226065
54,216,22.431334009218233
54,217,21.498096194799587
54,218,25.153088496502473
54,219,25.61404174452107
54,220,27.58690705011704
54,221,26.8846755104161
54,222,24.271479851703223
54,223,22.85892311284909
54,224,22.834518301252256
54,225,20.634879481778672
54,226,22.331071099070172
54,227,22.012071076584917
54,228,24.752260940892647
54,229,25.179215245463833
54,230,28.084118984088814
54,231,29.783729223083647
54,232,31.746708145799637
54,233,34.924671486176074
54,234,33.83564051398716
54,235,33.31292407076625
54,236,31.014395115108137
54,237,33.171354489650994
54,238,31.89298185888785
54,239,34.532877342876105
54,240,34.294957981838394
54,241,36.667391994142754
54,242,34.03448927765352
54,243,30.579488786774206
54,244,28.776723835863216
54,245,25.196414837790112
54,246,25.6136787781253
54,247,23.348816489736805
54,248,23.34215174018357
54,249,23.187715382630635
54,250,21.822204187394092
54,251,18.870070812803807
54,252,19.842495669944167
54,253,20.015599890978393
54,254,20.190742891048185
54,255,21.04480331795367
54,256,19.978012302246455
54,257,18.24867799186512
54,258,14.663463181670373
54,259,13.180560211124114
54,260,10.331551557831759
54,261,10.370227802930845
54,262,9.943619685147445
54,263,10.240232104967141
54,264,10.520711024008724
54,265,11.96772688668431
54,266,11.472241003396888
54,267,11.40913015774097
54,268,14.953434345219938
54,269,17.214920030313237
54,270,19.20418700896263
54,271,20.1665943089972
54,272,19.962507719046233
54,273,20.303254943383365
54,274,19.262761303525348
54,275,15.979838834182042
54,276,16.151150419362935
54,277,14.013396438253816
54,278,16.529861714134515
54,279,15.642415237036579
54,280,17.5514625348958
54,281,21.21005176021934
54,282,24.18369895937329
54,283,26.079257022144663
54,284,29.61856555590423
54,285,30.527130538588903
54,286,30.94430309607491
54,287,29.592996480030347
54,288,26.76461454019216
54,289,26.421751288716546
54,290,22.91671102167475
54,291,20.96784288776348
54,292,21.830445383567138
54,293,18.213795354060935
54,294,18.018809295130005
54,295,16.89157632604328
54,296,19.183829787133973
54,297,22.74048682475583
54,298,23.118504120130165
54,299,26.18537408594557
54,300,27.1985248741961
54,301,26.322226637017174
54,302,29.514341897900533
54,303,30.598428734740835
54,304,32.858927622247315
54,305,31.809806043701855
54,306,34.444841988223004
54,307,36.60641755184585
54,308,39.15385893412205
54,309,40.56509787315548
54,310,43.993421134982356
54,311,44.532853904290775
54,312,48.1768390839029
54,313,51.42908843357398
54,314,52.75092934942328
54,315,53.288948774350494
54,316,56.921612784268426
54,317,57.81558255542285
54,318,61.23362563283819
55,1,84.71687636682509
55,2,86.02450188855916
55,3,82.7143891203264
55,4,78.95030321449867
55,5,75.80158135243899
55,6,72.63526115891005
55,7,69.6115201574411
55,8,66.4761126540535
55,9,63.222631056910295
55,10,59.44415481197008
55,11,57.0032748381023
55,12,55.34045523419609
55,13,52.76709049893242
55,14,52.96778035164607
55,15,49.72638318500032
55,16,48.43362670234972
55,17,45.70010729303751
55,18,45.91781755211163
55,19,45.06325587496424
55,20,45.78572628400269
55,21,48.064777631964716
55,22,49.584514725719494
55,23,52.2351254523728
55,24,50.95821603075687
55,25,47.99881848694254
55,26,48.35436397455683
55,27,50.17634985571141
55,28,50.16365769481543
55,29,49.442676708231424
55,30,49.3003748496125
55,31,45.64289766437566
55,32,42.62502436735244
55,33,39.073768239240096
55,34,36.01347190082243
55,35,34.76270835091989
55,36,31.734479856643176
55,37,28.459226581129546
55,38,27.2797608359844
55,39,25.007169484628147
55,40,21.66171086133967
55,41,20.19368361719544
55,42,17.01910762600228
55,43,14.959844757740328
55,44,13.906381814865378
55,45,16.018805817254993
55,46,14.889137893788092
55,47,18.459933014811817
55,48,20.249890218688304
55,49,17.787902323297914
55,50,15.252033806610697
55,51,11.798293552775535
55,52,9.00402937243652
55,53,5.494597953200863
55,54,3.7527117405588455
55,56,3.7822735714528073
55,57,5.580287854350868
55,58,8.163933194776531
55,59,10.435630735712241
55,60,13.158298361833674
55,61,11.563152840522363
55,62,10.956830796003269
55,63,14.471037025751155
55,64,16.08433670487012
55,65,14.631949023727591
55,66,13.148618145590582
55,67,13.632941186827944
55,68,10.25543180442694
55,69,9.198564445044317
55,70,12.30735557330018
55,71,10.834896339983276
55,72,10.528616242525326
55,73,14.259468036623451
55,74,16.500324842296095
55,75,13.953750592657357
55,76,15.170096273262967
55,77,14.23436313849571
55,78,16.180304184717244
55,79,13.467589035667238
55,80,10.306443740709422
55,81,8.111807365901216
55,82,6.997152768896734
55,83,6.066486505510466
55,84,8.816476814241131
55,85,7.46036920011027
55,86,6.554474197520091
55,87,9.528850341779567
55,88,11.863100796900847
55,89,13.682508308890247
55,90,16.28599495647851
55,91,19.50714144109031
55,92,19.838088008576236
55,93,20.133502087833644
55,94,21.253705409502025
55,95,21.221085000677377
55,96,24.289574275888857
55,97,23.612889958613508
55,98,19.826413351696814
55,99,19.68256252278374
55,100,21.85212353413356
55,101,20.010736265529456
55,102,16.731412484917136
55,103,18.88258271983127
55,104,20.66485364007722
55,105,17.794302573795342
55,106,15.937823558861597
55,107,19.36788535316274
55,108,20.06847939049691
55,109,17.197785999567312
55,110,17.081796904722285
55,111,16.301501841670127
55,112,19.447128077807843
55,113,21.07926161946859
55,114,24.744167385733377
55,115,26.154316568168216
55,116,29.59643719333981
55,117,32.530041045330535
55,118,32.668212393699406
55,119,35.56483510321535
55,120,35.434869740466645
55,121,38.93615327215745
55,122,39.79118137715282
55,123,36.38751370828453
55,124,34.0507385489905
55,125,30.75650981245114
55,126,27.332316029998324
55,127,27.327872023280932
55,128,24.834346972124077
55,129,23.895218595965954
55,130,23.169467069624574
55,131,20.541209938467706
55,132,18.569775312874565
55,133,19.119039123170236
55,134,18.39788664502066
55,135,19.67522645350912
55,136,22.497435104131604
55,137,23.953613505998828
55,138,23.22988854725328
55,139,21.428461180497585
55,140,20.364247620068557
55,141,18.383280483780883
55,142,18.805613297542024
55,143,20.17333054602291
55,144,22.453612612460176
55,145,25.68809052594216
55,146,27.01699288200953
55,147,30.8052572055992
55,148,33.27628397166263
55,149,36.99415743563682
55,150,38.70987049708606
55,151,42.044249953871464
55,152,43.01094453635739
55,153,42.35281975690349
55,154,39.60136049795165
55,155,41.274466881823685
55,156,40.773240439175275
55,157,38.37875362084915
55,158,39.19731335851951
55,159,37.370183054246326
55,160,37.25146880522812
55,161,34.824321279437875
55,162,36.265920207511975
55,163,34.55209357032993
55,164,36.778301674799955
55,165,34.39141396316365
55,166,34.57463051158576
55,167,31.08113268365073
55,168,29.40419571032126
55,169,27.534594350744854
55,170,24.834872311565796
55,171,25.177397973488645
55,172,22.882009462659628
55,173,24.885539597509034
55,174,25.335159003261307
55,175,27.87687250367531
55,176,27.973136485855996
55,177,29.44852190499011
55,178,31.14084453507874
55,179,32.25837315330727
55,180,35.79742371809271
55,181,38.57029306341711
55,182,38.63764659677998
55,183,34.96967034146805
55,184,35.79892589982984
55,185,38.887119237781306
55,186,37.6031770170966
55,187,34.87213654064951
55,188,36.501548485782806
55,189,40.064812827978336
55,190,40.91211938091177
55,191,41.17790590598651
55,192,39.36777898753226
55,193,37.04967945213656
55,194,36.33126734254008
55,195,33.86905963806159
55,196,35.114945244167316
55,197,33.27464271829253
55,198,35.415038110062724
55,199,36.14684420306342
55,200,39.37540982474597
55,201,38.061832892571346
55,202,35.975534772757435
55,203,36.103308424021535
55,204,33.52296708153621
55,205,35.20000103896695
55,206,33.45613081843274
55,207,35.23599930145418
55,208,33.09935658861366
55,209,33.332092962983765
55,210,34.44460169864018
55,211,33.47865480770946
55,212,32.26457125984842
55,213,29.166659291976092
55,214,27.345161435212816
55,215,25.468033472849587
55,216,21.735154635450918
55,217,20.448298479020355
55,218,24.105644681925753
55,219,25.112174304136456
55,220,27.366793013330806
55,221,27.131033439601783
55,222,24.925369909383345
55,223,24.02082886141961
55,224,24.455327319253353
55,225,22.7102875196946
55,226,24.83626873573205
55,227,24.921003708064955
55,228,27.870064272262077
55,229,28.55685923321743
55,230,31.48043528574638
55,231,33.333413369038006
55,232,35.30617504514153
55,233,38.4091571251944
55,234,37.2250885163654
55,235,36.513713693206256
55,236,34.04684788133961
55,237,35.99264091993103
55,238,34.44468078131158
55,239,36.88220790327003
55,240,36.3272594328916
55,241,38.4276992748326
55,242,35.553252872553074
55,243,32.00071928980472
55,244,30.528853473271102
55,245,26.928647719296325
55,246,27.683937920620018
55,247,25.722455533858444
55,248,25.654834522235415
55,249,25.914465577290322
55,250,24.90100479984125
55,251,22.16641826225489
55,252,23.34663422094233
55,253,23.690441591111405
55,254,23.928048238598663
55,255,24.772385109584985
55,256,23.58965974467973
55,257,21.6677409731185
55,258,18.18251379542229
55,259,16.539588303470286
55,260,13.43576363884736
55,261,12.63900004005189
55,262,11.243573000283547
55,263,10.562835273632828
55,264,9.481493475143996
55,265,11.12940072824121
55,266,10.240128679871074
55,267,11.054749723087781
55,268,14.53754106257791
55,269,17.194124979004933
55,270,19.594380557276594
55,271,21.1863704645063
55,272,21.22075408221286
55,273,22.131900442148673
55,274,20.957201847913858
55,275,17.512737699980608
55,276,17.319303160055956
55,277,14.702878861623253
55,278,16.556669115812024
55,279,15.882382886856215
55,280,18.266562829939254
55,281,21.965775269231397
55,282,25.129850676485997
55,283,27.441949304749013
55,284,30.809070454665182
55,285,31.698911929700344
55,286,32.44357212881953
55,287,30.903280755450808
55,288,27.811834138652227
55,289,27.12736755393862
55,290,23.44598941619538
55,291,21.87008522627489
55,292,23.25158130078479
55,293,19.88514266242921
55,294,19.93647805559232
55,295,19.256517383333517
55,296,21.60799144632981
55,297,24.965588693693395
55,298,24.99214236254812
55,299,27.8312963091194
55,300,28.95286367134091
55,301,27.777671591724445
55,302,30.73318368765132
55,303,31.460212962956312
55,304,33.52627483403741
55,305,32.13662541642006
55,306,34.84629822549508
55,307,37.3018617506366
55,308,39.76804626931662
55,309,41.43534765957144
55,310,44.76942493735916
55,311,45.32047946468242
55,312,48.86440289368708
55,313,52.12478751227394
55,314,53.29994383619909
55,315,53.58182027689153
55,316,57.14330552572957
55,317,57.80732657779785
55,318,61.14535404876124
56,1,87.9311466902386
56,2,89.22708234564296
56,3,85.88495589784571
56,4,82.13089290872456
56,5,78.92807338409574
56,6,75.79188834879106
56,7,72.70156645185428
56,8,69.56779634623386
56,9,66.27171415791337
56,10,62.501074722620196
56,11,60.078428961371955
56,12,58.303531237390715
56,13,55.70808547708447
56,14,55.78719589055445
56,15,52.45777247351257
56,16,51.17648162977523
56,17,48.34835168772765
56,18,48.38076947381999
56,19,47.52088769771094
56,20,48.07387053853007
56,21,50.353472954949694
56,22,51.70879670515037
56,23,54.2985661236582
56,24,53.06781206426116
56,25,50.03030525038765
56,26,50.56508416356956
56,27,52.58159756451194
56,28,52.715435021244026
56,29,52.17866615350825
56,30,52.19860414327087
56,31,48.58701637529804
56,32,45.5086770306806
56,33,42.01701088597924
56,34,38.8211900059068
56,35,37.511542928162534
56,36,34.32510370283389
56,37,31.19955700868984
56,38,29.795436825903273
56,39,27.70849162753287
56,40,24.561936294185323
56,41,23.298534570092148
56,42,19.90403822882323
56,43,18.256620275383195
56,44,17.37086387719381
56,45,19.69006177208136
56,46,18.601359849628633
56,47,22.10543388656224
56,48,23.75743321262694
56,49,21.070501307950835
56,50,18.43756222756333
56,51,15.080161435664978
56,52,11.973109177588524
56,53,8.87265201841888
56,54,5.863981812076048
56,55,3.7822735714528073
56,57,3.7908096902760833
56,58,7.0094397732103575
56,59,10.107994593796958
56,60,11.834476990960693
56,61,9.536337752210864
56,62,9.949835725040112
56,63,13.5490685106742
56,64,14.319106479839125
56,65,12.860839625124049
56,66,10.610655707444849
56,67,11.265599427318037
56,68,7.986690264829325
56,69,7.785478924572607
56,70,11.390749532996722
56,71,11.092095797672284
56,72,11.094097679978772
56,73,14.427307286927416
56,74,17.234700176762345
56,75,15.368978496209124
56,76,17.05739899790869
56,77,16.611099053324068
56,78,18.758437215865243
56,79,16.03267823062765
56,80,12.478537085037036
56,81,10.508573625193524
56,82,8.139298728584292
56,83,6.924396624009684
56,84,8.304224556698147
56,85,6.013505162647711
56,86,3.9744384381299884
56,87,6.008541457112821
56,88,8.305889516702043
56,89,10.026649832013735
56,90,12.879773452417254
56,91,16.10045865414737
56,92,16.395561672594347
56,93,17.079225707180367
56,94,18.541913277027348
56,95,19.052084488967143
56,96,22.32733611681134
56,97,22.17958518095831
56,98,18.38153144154041
56,99,18.886383618139106
56,100,21.28122590334798
56,101,19.28599004558598
56,102,16.345983228394466
56,103,19.092059255869682
56,104,20.910558207574734
56,105,18.056919696339293
56,106,16.821056620076416
56,107,20.51039135287652
56,108,21.12893099174286
56,109,18.7110470952379
56,110,18.26000194519845
56,111,16.815196752011207
56,112,20.027382512908662
56,113,21.019096889282576
56,114,24.593741894680843
56,115,25.52593618719342
56,116,28.815032652941824
56,117,31.496616657017594
56,118,31.272491081702622
56,119,33.94081009435266
56,120,33.44938317037852
56,121,36.84521116633237
56,122,37.413510973735995
56,123,33.88654252393308
56,124,31.493146948614587
56,125,28.38589424209401
56,126,24.921789223943858
56,127,24.521272499743958
56,128,21.836264938542328
56,129,20.57720087809569
56,130,19.735272871572704
56,131,16.948167940610933
56,132,15.258367448735292
56,133,16.060701419007223
56,134,15.890895568116779
56,135,17.42320896533656
56,136,19.963789583184127
56,137,21.18447334398926
56,138,20.22641399575492
56,139,18.63083657676752
56,140,17.59738283269802
56,141,15.97392336016251
56,142,17.004667961822612
56,143,18.631098791230336
56,144,20.414382184808368
56,145,23.46974246042217
56,146,24.379841431019297
56,147,28.193349685730727
56,148,30.417654900075615
56,149,34.11748833226633
56,150,35.98421972239716
56,151,39.23169018130136
56,152,40.02829830100588
56,153,39.496317408016395
56,154,36.84220607033343
56,155,38.72343722545582
56,156,38.36364664381818
56,157,36.193325413027225
56,158,37.301100186071686
56,159,35.754468847764464
56,160,35.97482063990734
56,161,33.8474667920842
56,162,35.61832888947938
56,163,34.25923263060138
56,164,36.75014712079123
56,165,34.691097527792806
56,166,35.164253476247914
56,167,31.632389410642002
56,168,29.62573368288993
56,169,27.399728043075406
56,170,24.41436417940151
56,171,24.210687802451776
56,172,21.486013755083476
56,173,22.994629906460975
56,174,22.988130497255945
56,175,25.212139180717294
56,176,24.961979895697286
56,177,26.256311803520695
56,178,27.741408931848337
56,179,28.712921144464097
56,180,32.229080399929565
56,181,35.08601611152244
56,182,35.10250547734343
56,183,31.472550072245063
56,184,32.457689219562134
56,185,35.57253276701686
56,186,34.25853566933189
56,187,31.672857282068072
56,188,33.45147299812459
56,189,36.929408215628904
56,190,37.84730839111608
56,191,37.983480773217224
56,192,36.32119319921051
56,193,34.17851601514199
56,194,33.721339849492495
56,195,31.504798741905198
56,196,33.068842801548485
56,197,31.557031448448072
56,198,33.99495275302916
56,199,35.09793332368227
56,200,38.471445400001066
56,201,37.22946751005881
56,202,34.84746103345614
56,203,34.59874519406913
56,204,31.763427250324575
56,205,33.10016745467414
56,206,31.063104152948558
56,207,32.552297916880754
56,208,30.177975978329503
56,209,30.228096691611483
56,210,31.12218112771041
56,211,30.06559674964026
56,212,28.71067807021265
56,213,25.67575294458872
56,214,23.809207584352468
56,215,21.788015464049458
56,216,18.04837911082879
56,217,16.668731009449196
56,218,20.323833025608057
56,219,21.381518600470994
56,220,23.71104874938323
56,221,23.612423054122
56,222,21.614845762530003
56,223,21.01526424763099
56,224,21.803224204488117
56,225,20.481165217193674
56,226,23.029109499587236
56,227,23.626147770802298
56,228,26.853077102368346
56,229,28.026790402427924
56,230,31.01657445617763
56,231,33.236491647827265
56,232,35.384352066038545
56,233,38.26349822455511
56,234,36.753428149570894
56,235,35.72756767250156
56,236,32.97194909026961
56,237,34.56877970905778
56,238,32.68810851343202
56,239,34.84432459161014
56,240,33.968173929952755
56,241,35.82509719473194
56,242,32.77348772174216
56,243,29.148881506154485
56,244,27.986949713823776
56,245,24.455305059473254
56,246,25.612138005462885
56,247,24.082211884009883
56,248,24.277227877818486
56,249,25.014619239944764
56,250,24.359089038689497
56,251,22.038089428151373
56,252,23.784441438540014
56,253,24.288422024958813
56,254,25.06821160177161
56,255,26.160521736702133
56,256,25.447645955961622
56,257,23.82785804537193
56,258,20.17268526529025
56,259,18.266768788297714
56,260,14.969280232984383
56,261,14.342618728867889
56,262,12.46011270091277
56,263,12.457065569708886
56,264,11.415521581040272
56,265,13.870828022374269
56,266,13.498281045001532
56,267,14.73180682555833
56,268,18.23719565351945
56,269,20.95734389057014
56,270,23.35781998454392
56,271,24.893395721149435
56,272,24.75955231256639
56,273,25.46205826482661
56,274,24.060184979899443
56,275,20.500160404913423
56,276,19.893086418742573
56,277,16.94340381240708
56,278,18.966420931116154
56,279,18.85913899525267
56,280,21.495057354579682
56,281,25.097313472147334
56,282,28.399481773016486
56,283,30.59677864536718
56,284,34.03185558630862
56,285,34.6812966256621
56,286,35.22144471165696
56,287,33.450465374525656
56,288,30.285072820002114
56,289,29.29961788971807
56,290,25.681191104255273
56,291,23.81581074467457
56,292,24.96889683648975
56,293,21.647699173769535
56,294,22.219743255658315
56,295,21.787867527736818
56,296,24.431876599495524
56,297,27.89368227213206
56,298,27.795258820500717
56,299,30.522488483994177
56,300,31.29703415935879
56,301,29.86187930562574
56,302,32.67807215071085
56,303,33.159370647954844
56,304,35.45455392026982
56,305,34.220279442794514
56,306,37.15781842296219
56,307,39.71442978968661
56,308,42.36120277242373
56,309,44.16800817351307
56,310,47.57091059945262
56,311,48.31767124507487
56,312,51.85201670243708
56,313,55.021566038647855
56,314,56.050828011867274
56,315,56.34870158832779
56,316,59.86555502773916
56,317,60.54575248400612
56,318,63.915180512875395
57,1,88.70577511790243
57,2,89.85540139891577
57,3,86.4631447881749
57,4,82.72806363222396
57,5,79.51408879063959
57,6,76.29019266723685
57,7,73.21645333826335
57,8,69.9742696862619
57,9,66.75885967525596
57,10,62.999565429237045
57,11,60.75331561981112
57,12,59.11115694679024
57,13,56.69828827008075
57,14,56.98033274469084
57,15,53.62878305013641
57,16,52.10227378256836
57,17,49.15200472101495
57,18,49.027035387283505
57,19,47.88038928255622
57,20,48.206308990029655
57,21,50.24643103466647
57,22,51.393610276190785
57,23,54.14376754096314
57,24,53.169845995988425
57,25,50.27578319553097
57,26,51.010418423868764
57,27,53.012657696013875
57,28,53.34137711046087
57,29,52.7092731199043
57,30,52.86435513900028
57,31,49.21484036170762
57,32,45.99259754135259
57,33,42.43663344324507
57,34,39.2227952698662
57,35,37.56776407465096
57,36,34.461890696265456
57,37,31.503464467613085
57,38,30.41386514638405
57,39,28.657924728490578
57,40,25.556730790885116
57,41,24.661909342345044
57,42,21.377127817089576
57,43,19.554210307473202
57,44,17.988167819194018
57,45,20.119770388316553
57,46,18.68352678381741
57,47,21.839941221401563
57,48,23.070150777975403
57,49,19.98656015520554
57,50,17.229344870444717
57,51,14.177104463619617
57,52,10.793315782841697
57,53,8.658448918225645
57,54,4.907261785880107
57,55,5.580287854350868
57,56,3.7908096902760833
57,58,3.7794228155136063
57,59,6.516917214636762
57,60,8.153955998460273
57,61,6.066771319383954
57,62,6.430831320718026
57,63,9.861425412272778
57,64,10.904962281254877
57,65,9.961259175816187
57,66,8.37379453207375
57,67,10.057425459990752
57,68,7.697700117362265
57,69,5.982411310307594
57,70,9.700197989430494
57,71,9.944404348059656
57,72,8.893674314807928
57,73,11.87337824663268
57,74,14.514208851809112
57,75,12.911407146535232
57,76,14.5610201029395
57,77,14.43192518104318
57,78,16.74233372510945
57,79,14.271408098353264
57,80,10.501423410759235
57,81,9.5025375064828
57,82,7.126332779287115
57,83,7.73195287855047
57,84,9.562571966502157
57,85,8.48843945977707
57,86,5.119728651570836
57,87,6.363120902619768
57,88,7.3249377183328965
57,89,9.665624546296877
57,90,11.57862865268099
57,91,14.466484738103558
57,92,14.773184065759127
57,93,14.745759115133144
57,94,15.981179377909731
57,95,16.021762577692513
57,96,19.32453852650571
57,97,19.10254903825203
57,98,15.318898577344616
57,99,15.963438527094707
57,100,18.016464625208535
57,101,15.7451116096408
57,102,12.9789918415524
57,103,15.900760371097608
57,104,17.436357964290256
57,105,14.483542403321124
57,106,13.639550123607668
57,107,17.40119989922881
57,108,17.821939399004346
57,109,15.7101448872833
57,110,15.121349619816137
57,111,13.49948463498844
57,112,16.868533489017782
57,113,17.75597971198294
57,114,21.385292539871607
57,115,22.425033705280654
57,116,25.597092689625647
57,117,28.396079942247635
57,118,28.10171209802497
57,119,30.919457854038804
57,120,30.53159611784046
57,121,34.036484514765796
57,122,34.81822559854695
57,123,31.39186257482496
57,124,29.26173628172939
57,125,26.038011758670564
57,126,22.77469905803945
57,127,22.583697135493686
57,128,20.323441870352156
57,129,19.499043453168802
57,130,19.36214687895978
57,131,16.491347016971734
57,132,14.39509571968531
57,133,15.766189206551068
57,134,15.415383823924552
57,135,17.62465621855459
57,136,20.448162110776504
57,137,21.075492205022822
57,138,19.612657946702342
57,139,17.41748358005694
57,140,15.718400811547586
57,141,13.467362220827559
57,142,14.455545050142991
57,143,15.53353936157255
57,144,17.389320779935918
57,145,20.694110432096803
57,146,21.869607626515748
57,147,25.653421743551093
57,148,28.145350494701137
57,149,31.904209695938132
57,150,33.815276979892694
57,151,37.20594887766061
57,152,38.00022735088963
57,153,37.17314731428823
57,154,34.31858032849044
57,155,35.95110528603394
57,156,35.36604388113324
57,157,33.07793116690177
57,158,33.98364304494199
57,159,32.366919041412906
57,160,32.43995531499172
57,161,30.286895953477448
57,162,31.978719884578034
57,163,30.59748064617822
57,164,33.16438537560563
57,165,31.162228444202228
57,166,31.639207971909727
57,167,28.07321709379882
57,168,25.94652523440671
57,169,23.690416885402755
57,170,20.647754079953586
57,171,20.483798999936635
57,172,17.8258250712025
57,173,19.53984062543326
57,174,19.79622928498503
57,175,22.297485128317653
57,176,22.464817237456696
57,177,24.034580091692295
57,178,25.897086693072033
57,179,27.253901016260578
57,180,30.79836008751951
57,181,33.41426517041966
57,182,33.62741304454242
57,183,29.934636320499433
57,184,30.52263233411884
57,185,33.64965267602214
57,186,32.563690095332
57,187,29.71976537257728
57,188,31.166508754264
57,189,34.75584966022618
57,190,35.463060900494035
57,191,35.741155955242704
57,192,33.84940355038263
57,193,31.49015064500007
57,194,30.75368765603269
57,195,28.33018987931508
57,196,29.68003654422195
57,197,28.004363834052203
57,198,30.334501562991573
57,199,31.351819671310476
57,200,34.705233679461614
57,201,33.476837961639056
57,202,31.149261397004615
57,203,30.99229722593596
57,204,28.265899059721953
57,205,29.777619046769065
57,206,27.955889302089677
57,207,29.702820580114206
57,208,27.58276358298362
57,209,27.96200081401729
57,210,29.177150883241293
57,211,28.44695510941964
57,212,27.52532201294705
57,213,24.550079753897545
57,214,23.18829375751935
57,215,21.4737456393317
57,216,17.68842952106429
57,217,16.70704922490103
57,218,20.330035332356697
57,219,20.71426923462216
57,220,22.749656357444877
57,221,22.100874344949137
57,222,19.657247734195597
57,223,18.518305196928207
57,224,18.938770501408367
57,225,17.2206840498306
57,226,19.532599202810086
57,227,19.927776141637253
57,228,23.096335277634488
57,229,24.23715898196219
57,230,27.234499615380088
57,231,29.478390472756452
57,232,31.678747916819297
57,233,34.534416351019566
57,234,32.98553734373241
57,235,32.00181356953005
57,236,29.28221086454788
57,237,30.965002207678456
57,238,29.217964393891176
57,239,31.504091179957733
57,240,30.84394477715201
57,241,32.92359168407158
57,242,30.053547942184235
57,243,26.485036201906734
57,244,25.037446419695435
57,245,21.494513489939024
57,246,22.436723578753032
57,247,20.72657731494924
57,248,21.086951065359855
57,249,21.613557250681286
57,250,20.773558390551553
57,251,18.43558237868874
57,252,20.28271424001217
57,253,20.739070619678937
57,254,21.74760636258173
57,255,22.99562744501063
57,256,22.636511077230516
57,257,21.380220424630853
57,258,17.626294151753196
57,259,15.809604096423488
57,260,12.742872019613182
57,261,12.959931705674435
57,262,11.753831447439646
57,263,12.801608725431475
57,264,12.879525877678955
57,265,15.32221983835225
57,266,15.272930806659533
57,267,15.907215371797312
57,268,19.5109581635733
57,269,21.93470497895294
57,270,24.03731543503594
57,271,25.047674198620808
57,272,24.69599371252368
57,273,24.856399519836813
57,274,23.53169255179715
57,275,20.10728986620026
57,276,19.704440791176058
57,277,17.08175648831972
57,278,19.720676193290352
57,279,19.54476649984875
57,280,21.842305645500673
57,281,25.391660573230244
57,282,28.553638697306905
57,283,30.34850430855163
57,284,33.94874073202369
57,285,34.56043691218942
57,286,34.74288148154955
57,287,33.09232276290502
57,288,30.157524359161666
57,289,29.411451419021947
57,290,25.969843368582108
57,291,23.684446160002448
57,292,24.28118689504665
57,293,20.751232160929458
57,294,21.26711795783187
57,295,20.518573562490737
57,296,23.168945689909588
57,297,26.810524013966038
57,298,27.002693504251063
57,299,29.896996010717984
57,300,30.467554507015294
57,301,29.242803740552976
57,302,32.239330441059096
57,303,32.99375354834193
57,304,35.539432122570176
57,305,34.668891403890356
57,306,37.59472072506072
57,307,39.89889578103017
57,308,42.66768364217506
57,309,44.26474408009972
57,310,47.77347488304218
57,311,48.55386483945212
57,312,52.18152186184659
57,313,55.32324989579869
57,314,56.46029458623257
57,315,57.007863614102774
57,316,60.58480388313817
57,317,61.48939614726407
57,318,64.94457820644894
58,1,87.95606356305426
58,2,88.96527893684808
58,3,85.50438256457721
58,4,81.80276015919706
58,5,78.53191750018048
58,6,75.27557491751207
58,7,72.15758153971223
58,8,68.84211957604127
58,9,65.6593346652822
58,10,61.92932406033157
58,11,59.852384112285186
58,12,58.23206137489235
58,13,55.97729421337669
58,14,56.35704771485475
58,15,52.935260963953716
58,16,51.19329246112913
58,17,48.086931927156996
58,18,47.71377695823873
58,19,46.33922540181891
58,20,46.39756078820304
58,21,48.257134338568136
58,22,49.1755427181976
58,23,51.989228864994125
58,24,51.22272179030254
58,25,48.41591945719345
58,26,49.386479150042376
58,27,51.468128570778525
58,28,52.03922116213939
58,29,51.45309053561519
58,30,51.83979941998435
58,31,48.21687933084422
58,32,44.85087811961185
58,33,41.320876334028675
58,34,38.01539340435739
58,35,36.08206457985787
58,36,32.958080931559266
58,37,30.268539381360124
58,38,29.299054338422184
58,39,27.982028507991252
58,40,25.13158529454401
58,41,24.79005734268355
58,42,21.523469405847226
58,43,19.957436111600543
58,44,18.0694069222495
58,45,20.368690434428167
58,46,19.14271205460766
58,47,21.961683853456673
58,48,22.81285025718915
58,49,19.41428906910138
58,50,17.03126712732126
58,51,14.10162244293123
58,52,11.119399017920768
58,53,9.698529708825145
58,54,6.227799175702972
58,55,8.163933194776531
58,56,7.0094397732103575
58,57,3.7794228155136063
58,59,3.789260925407459
58,60,5.4224923265847496
58,61,5.149350345895282
58,62,6.36134583019699
58,63,8.62257278617502
58,64,10.099510862373045
58,65,10.519143859203366
58,66,9.648157597367307
58,67,12.355047049123112
58,68,10.831726355520937
58,69,8.559574595408497
58,70,11.929082267373479
58,71,12.443547009507636
58,72,10.349319521561869
58,73,12.809527426022491
58,74,14.808594232397693
58,75,13.209281268257202
58,76,14.130444967824555
58,77,13.674349790504875
58,78,15.490712060147372
58,79,12.87855987578173
58,80,9.132734462867216
58,81,8.564878365522967
58,82,5.834842464934855
58,83,7.748709269076639
58,84,9.405388301425162
58,85,9.738727919454092
58,86,6.303524604183556
58,87,7.464531296175136
58,88,8.071663096550378
58,89,11.274063814410448
58,90,12.563736315526175
58,91,14.65204251490711
58,92,14.257058194711005
58,93,13.361086015723599
58,94,13.762479010015324
58,95,13.195077231480335
58,96,16.197872127029104
58,97,15.594365169996294
58,98,11.803768660899784
58,99,12.20395875765116
58,100,14.323684942230525
58,101,12.301997611907247
58,102,9.37252311911558
58,103,12.36096667257081
58,104,14.196619834512513
58,105,11.645764095304338
58,106,10.814093454853648
58,107,14.604460222326798
58,108,15.458184286172052
58,109,13.89974750497949
58,110,13.870242400270817
58,111,12.616230988385759
58,112,16.30211438594223
58,113,17.259390191994044
58,114,20.94697683036662
58,115,22.229354542595036
58,116,25.110204190252983
58,117,28.058116377212666
58,118,27.52800845037019
58,119,30.49959765296998
58,120,30.097558565446455
58,121,33.6886315771226
58,122,34.60814544776178
58,123,31.279228817555076
58,124,29.549912626677596
58,125,26.36229507280989
58,126,23.42836729863165
58,127,23.179879621962066
58,128,21.320606258441913
58,129,20.60316109447648
58,130,20.96005527256357
58,131,17.81661645602436
58,132,15.925593492437445
58,133,17.96840448073196
58,134,17.87215619236899
58,135,20.515684405554023
58,136,23.287535547068853
58,137,23.450104008392238
58,138,21.499939046862046
58,139,19.020471125055327
58,140,16.66688165425215
58,141,13.946045184310087
58,142,15.20767809176923
58,143,15.39672456895537
58,144,16.99242017163798
58,145,20.54319043405226
58,146,21.74109122480471
58,147,25.418704036319006
58,148,28.035902869621555
58,149,31.82562393935818
58,150,33.97433749358941
58,151,37.452463339672306
58,152,38.02390610149671
58,153,36.87034211623139
58,154,33.78629038827228
58,155,35.163995333505696
58,156,34.206364382017874
58,157,31.954610145370378
58,158,32.61741125187665
58,159,31.089954097394376
58,160,30.950648112357047
58,161,28.874897435968226
58,162,30.35707956248826
58,163,28.8753026759314
58,164,31.6083374198968
58,165,29.626872957436575
58,166,29.850620538342895
58,167,26.155332204037474
58,168,23.759086018700643
58,169,21.71935605332575
58,170,18.47249639903334
58,171,18.534055858171836
58,172,15.91680613943052
58,173,17.839996101852485
58,174,18.12221574723348
58,175,20.72139417360249
58,176,21.356324192988918
58,177,22.806986392496256
58,178,25.115467401417217
58,179,26.562136695380513
58,180,30.212090078756894
58,181,32.716442606189766
58,182,33.34301748169412
58,183,29.712672574013496
58,184,29.908481793877407
58,185,33.188573923341025
58,186,32.52360421486935
58,187,29.566959687543882
58,188,30.62168977251754
58,189,34.22754446753176
58,190,34.533973321167245
58,191,34.68354859517434
58,192,32.46527221460902
58,193,30.068708445484244
58,194,28.99901688320754
58,195,26.485807650854046
58,196,27.55881924966055
58,197,25.82022826847789
58,198,27.95056977374368
58,199,28.90358857928226
58,200,32.12249691205042
58,201,30.609145878119712
58,202,28.27222984371278
58,203,28.269951664832288
58,204,25.593106977324762
58,205,27.305439465839758
58,206,25.643637848765206
58,207,27.634128023588264
58,208,25.830187804407565
58,209,26.25759708722726
58,210,27.887784564124654
58,211,27.200799737810552
58,212,26.631696167285828
58,213,23.522255739557565
58,214,22.44930228022733
58,215,21.321017897422067
58,216,17.671822337788775
58,217,17.48288185835568
58,218,21.098352222636684
58,219,20.923469652949773
58,220,22.379250654745864
58,221,21.494569142134534
58,222,18.616651449565115
58,223,17.21097947590714
58,224,16.926178357994335
58,225,14.981608145416992
58,226,16.961868650325826
58,227,17.293638902566066
58,228,20.494402244489535
58,229,21.62893064647887
58,230,24.875006062240583
58,231,27.045753768379605
58,232,29.530211334602598
58,233,32.42361966191142
58,234,30.745632385008097
58,235,29.99108704567847
58,236,27.331577847200574
58,237,29.085508580479818
58,238,27.519005971173947
58,239,29.831801173460626
58,240,29.36806302470752
58,241,31.66564371351027
58,242,28.973616309966985
58,243,25.400927291060604
58,244,23.86827753657007
58,245,20.529712148005956
58,246,21.46325725770879
58,247,19.724351632928784
58,248,20.622307236437713
58,249,20.788951735603003
58,250,19.472086611978597
58,251,16.996577317224258
58,252,18.762109248212035
58,253,18.65043124939783
58,254,19.65908592947997
58,255,20.606193917337418
58,256,20.440699689513586
58,257,19.24548888329349
58,258,15.522538324052315
58,259,13.276651294241276
58,260,10.156867983328222
58,261,10.709948723849244
58,262,9.787202874076831
58,263,11.881911423800219
58,264,12.987952931802443
58,265,15.624055918630349
58,266,16.336959403199838
58,267,16.916524030539556
58,268,20.632614792976177
58,269,23.074120772775196
58,270,24.6571191460591
58,271,25.152792638285323
58,272,24.285694202763935
58,273,23.919675124674708
58,274,22.315373506708116
58,275,18.942793634588114
58,276,18.311288788632883
58,277,15.838055096177717
58,278,18.946593798308484
58,279,19.102534888625808
58,280,21.29413722036792
58,281,24.602741369079286
58,282,27.751774090663424
58,283,29.15224603842456
58,284,32.86170996735716
58,285,33.19134644396139
58,286,32.98921320580335
58,287,31.249664748339313
58,288,28.456104240637423
58,289,27.720835909682908
58,290,24.51727454135935
58,291,21.82451926111883
58,292,21.918952323896296
58,293,18.37726112763088
58,294,19.1713315501927
58,295,18.55414925500545
58,296,21.45216257099187
58,297,25.13820803138669
58,298,25.26060346902954
58,299,28.068047301747896
58,300,28.264670845413722
58,301,27.01356884271679
58,302,30.007555190034005
58,303,30.834389081779122
58,304,33.62836537086154
58,305,33.12335427051448
58,306,36.11853023323157
58,307,38.26024602394674
58,308,41.20688773950255
58,309,42.73427480052889
58,310,46.34412895776861
58,311,47.30387180149333
58,312,50.969256627808356
58,313,53.99792871330256
58,314,55.10020564286104
58,315,55.85805168407648
58,316,59.439055393072785
58,317,60.54994206636178
58,318,64.09435364558082
59,1,87.82989203063516
59,2,88.71659911046089
59,3,85.24392530213284
59,4,81.56155370755988
59,5,78.33128968955072
59,6,74.98241834240778
59,7,71.94017240102913
59,8,68.53535294101025
59,9,65.4715007876213
59,10,61.762935056705814
59,11,59.843554878260264
59,12,58.429624242114855
59,13,56.360417534520344
59,14,56.98961088285724
59,15,53.62884946971497
59,16,51.68556692011482
59,17,48.557388896237036
59,18,48.164895989341225
59,19,46.5419001412331
59,20,46.4898043010221
59,21,48.10063871742121
59,22,48.90614884169115
59,23,51.90114493049835
59,24,51.36149364106124
59,25,48.75642522808322
59,26,49.79803136366441
59,27,51.73318228975148
59,28,52.38573920893341
59,29,51.59755254901894
59,30,51.99519260729687
59,31,48.33273863614391
59,32,44.90391208619959
59,33,41.30657442977542
59,34,38.1132136686069
59,35,35.90506715109686
59,36,33.01006840525205
59,37,30.434065657834722
59,38,29.92003095513857
59,39,28.807189424985783
59,40,25.94254033935134
59,41,25.774506932511603
59,42,22.829484902133146
59,43,20.942687650751047
59,44,18.45813843202639
59,45,20.271857884465955
59,46,18.643384985042303
59,47,20.967268078951715
59,48,21.37622377166874
59,49,17.75903141547414
59,50,15.318089686898047
59,51,13.025732450851647
59,52,10.15639363293418
59,53,10.113626636926666
59,54,7.358586910134575
59,55,10.435630735712241
59,56,10.107994593796958
59,57,6.516917214636762
59,58,3.789260925407459
59,60,3.807313007364367
59,61,5.446754023624594
59,62,5.160080098479835
59,63,6.105161288831913
59,64,8.733179090918746
59,65,9.810556164392166
59,66,10.353923889874862
59,67,13.269094516191863
59,68,12.427198981469047
59,69,9.264308639332516
59,70,11.758521032193215
59,71,12.190685162204025
59,72,9.173837422740808
59,73,10.954193064603132
59,74,12.197573617961675
59,75,10.74474601972054
59,76,11.2815953461988
59,77,11.147484371839715
59,78,13.07431307634424
59,79,11.102152283755522
59,80,7.6512529087000924
59,81,8.7273751369316
59,82,7.401907229329672
59,83,10.445461169145535
59,84,12.641428214188325
59,85,13.351682325349833
59,86,10.045872460455671
59,87,11.063830509846394
59,88,10.89644016849897
59,89,13.784097358945074
59,90,14.20869737099769
59,91,15.945506401539157
59,92,15.814013230427932
59,93,14.17517630639349
59,94,14.200147246528806
59,95,12.71971265534219
59,96,15.48137226700684
59,97,14.476298686576492
59,98,10.929961961732127
59,99,11.06624758022095
59,100,12.259479037055907
59,101,9.795110979738496
59,102,6.975437023739421
59,103,9.769172810764905
59,104,10.936963776996617
59,105,8.021221009700202
59,106,7.537328278310707
59,107,11.32038710845426
59,108,11.789641834933917
59,109,10.45098974129244
59,110,10.356693121782131
59,111,9.28476119543137
59,112,13.063637174430253
59,113,14.246432698672761
59,114,17.96783075319088
59,115,19.63440888176444
59,116,22.433129278339827
59,117,25.609596549172636
59,118,25.263472720347753
59,119,28.479894199031985
59,120,28.433997120578454
59,121,32.13759863122287
59,122,33.43092736275685
59,123,30.332089260381558
59,124,28.884556924962652
59,125,25.53567437007359
59,126,22.887151253718912
59,127,23.1259168931044
59,128,21.817282288296315
59,129,21.720729660390578
59,130,22.638221594595873
59,131,19.744224869995588
59,132,17.42239840570307
59,133,19.501673984687827
59,134,18.92744777905765
59,135,21.78208017267252
59,136,24.836212871898265
59,137,24.719477329793726
59,138,22.635581431874353
59,139,19.686258679440538
59,140,16.960272908207248
59,141,13.669422170072917
59,142,14.319470447631979
59,143,13.71338316191271
59,144,15.6813577697002
59,145,19.434224832658742
59,146,21.16119892218698
59,147,24.66942696123367
59,148,27.638021436559168
59,149,31.40284340118555
59,150,33.40992459936893
59,151,37.01408919324296
59,152,37.72792040069911
59,153,36.2724970098499
59,154,33.011766522645864
59,155,34.011939358788
59,156,32.80356083919013
59,157,30.293103724060238
59,158,30.568234169937945
59,159,28.773485995602126
59,160,28.27491782356104
59,161,25.976744404391567
59,162,27.176733564194926
59,163,25.466444038002976
59,164,28.107546223426123
59,165,26.00754936170851
59,166,26.112842866551706
59,167,22.40539100497137
59,168,20.07323801407977
59,169,18.18174539123131
59,170,15.072528634403032
59,171,15.582220828792638
59,172,13.460056702617957
59,173,15.990608009581534
59,174,16.975998319229202
59,175,20.035182495827783
59,176,21.28541855311051
59,177,23.152616865320642
59,178,25.807366649822566
59,179,27.692359688294168
59,180,31.247718924196317
59,181,33.41109752624072
59,182,34.14578435332792
59,183,30.49327062962139
59,184,30.266209572278097
59,185,33.42339753919566
59,186,32.92423271489409
59,187,29.70099177956713
59,188,30.368634310171426
59,189,34.07092528488003
59,190,34.196588099591885
59,191,34.62264485824618
59,192,32.18101450201948
59,193,29.47506257356543
59,194,28.004030767633125
59,195,25.139742827534185
59,196,25.76331034936707
59,197,23.617805996011857
59,198,25.419647974338467
59,199,26.01440208924036
59,200,29.136205923464086
59,201,27.66653487213613
59,202,25.609063396217213
59,203,25.95199439926476
59,204,23.618478421224253
59,205,25.729357971898832
59,206,24.546536802118077
59,207,26.953596347078836
59,208,25.585241393543892
59,209,26.506680818182037
59,210,28.47818423208253
59,211,28.22807940999208
59,212,28.12795164884645
59,213,25.20287023746005
59,214,24.63470985700913
59,215,23.734522344474428
59,216,20.182247363276232
59,217,20.129534070229717
59,218,23.554242391329915
59,219,22.918415658651796
59,220,24.160220211361274
59,221,22.72872321276565
59,222,19.512821433590915
59,223,17.42489705922564
59,224,16.603071171392585
59,225,13.938467180836899
59,226,15.184689427798382
59,227,14.77944498613983
59,228,17.631829958363515
59,229,18.355360976492214
59,230,21.526256319259772
59,231,23.511527697799494
59,232,25.91265928479644
59,233,28.908408641713436
59,234,27.404251169230314
59,235,26.860330830250177
59,236,24.43786154384618
59,237,26.511837916945286
59,238,25.323045428737178
59,239,27.9521693146488
59,240,27.93412564356648
59,241,30.567013502507617
59,242,28.218956315387455
59,243,24.860124176190286
59,244,22.8390591899463
59,245,19.52059908794592
59,246,19.863395082400675
59,247,17.645397527821764
59,248,18.4754543569025
59,249,18.077186031712284
59,250,16.32859310696154
59,251,13.570574065436444
59,252,15.10191011632452
59,253,14.868058503007523
59,254,15.91425510287204
59,255,17.025403095824267
59,256,17.13359020962327
59,257,16.369441702782698
59,258,12.636349769835478
59,259,10.857258337631041
59,260,8.532618011298194
59,261,10.40889254312237
59,262,10.829635345858195
59,263,13.369334438150096
59,264,15.167601285292617
59,265,17.262909371786726
59,266,17.85823891976028
59,267,17.69908318528501
59,268,21.22190705958748
59,269,23.190420542494184
59,270,24.506241624538184
59,271,24.517871381910776
59,272,23.615890173502002
59,273,22.786151953093405
59,274,21.515755914075854
59,275,18.52328556584909
59,276,18.432508366024045
59,277,16.639162187974375
59,278,20.05700883743814
59,279,19.816963116027583
59,280,21.42317137755169
59,281,24.630371331599424
59,282,27.45122738952167
59,283,28.472167413046147
59,284,32.24565591968068
59,285,32.70905957327345
59,286,32.264165802297285
59,287,30.84207208515609
59,288,28.393085258846988
59,289,28.10341561292419
59,290,25.110998503209107
59,291,22.253448790416844
59,292,21.878750221947527
59,293,18.18569613563176
59,294,18.531458734874775
59,295,17.3279610574335
59,296,19.9187377913492
59,297,23.687995997973335
59,298,24.2813177205903
59,299,27.314522860577952
59,300,27.50735059591815
59,301,26.69427414040792
59,302,29.919135922537105
59,303,31.16352057798794
59,304,34.02689148948359
59,305,33.78116205955893
59,306,36.587799392144625
59,307,38.40169790272581
59,308,41.319234469567924
59,309,42.53607892791531
59,310,46.172374446791125
59,311,47.02102378448526
59,312,50.75645412674773
59,313,53.80308673570806
59,314,55.100022879530236
59,315,56.07119624845478
59,316,59.71595695569951
59,317,61.00580499076128
59,318,64.58540987660284
60,1,91.13970540868688
60,2,91.97130208976958
60,3,88.46308461085333
60,4,84.80143306974716
60,5,81.5303114763517
60,6,78.18768337173593
60,7,75.1037585308859
60,8,71.67857074102004
60,9,68.61260409301318
60,10,64.92576639531852
60,11,63.07431513735471
60,12,61.610779017582395
60,13,59.5764826383778
60,14,60.159320023726146
60,15,56.734436455662205
60,16,54.74751474125278
60,17,51.52952684372969
60,18,50.95277418616363
60,19,49.26101358845272
60,20,49.007505041348686
60,21,50.535571690129565
60,22,51.12961754768833
60,23,54.098807519613494
60,24,53.68285436465061
60,25,51.074766138091476
60,26,52.31607849152965
60,27,54.39480971606322
60,28,55.21618941968348
60,29,54.554882865531255
60,30,55.11367536149434
60,31,51.495083455513324
60,32,48.00477560557583
60,33,44.463506523027306
60,34,41.18757175777816
60,35,38.88190868106586
60,36,35.91656032883356
60,37,33.5214697333245
60,38,32.90019941223872
60,39,31.978471937174902
60,40,29.272552901944835
60,41,29.246419704652403
60,42,26.174047061351086
60,43,24.50187863283892
60,44,22.143914066017835
60,45,24.058569811245793
60,46,22.443561551047182
60,47,24.711360924804115
60,48,25.00738615253871
60,49,21.332025235944084
60,50,18.89286199224207
60,51,16.78750608059623
60,52,13.861399280368646
60,53,13.728997094496272
60,54,10.61467000720987
60,55,13.158298361833674
60,56,11.834476990960693
60,57,8.153955998460273
60,58,5.4224923265847496
60,59,3.807313007364367
60,61,3.8052420657247845
60,62,5.407299972869499
60,63,4.897941503304972
60,64,6.196727866348952
60,65,8.418983129905918
60,66,9.01080440533023
60,67,12.571141893282425
60,68,12.672670499059507
60,69,9.957568449071724
60,70,12.214076039454014
60,71,13.728034460049141
60,72,11.036020239646762
60,73,11.900469589962904
60,74,13.427156830993942
60,75,12.986512837945762
60,76,13.920468076185173
60,77,14.368136261923958
60,78,16.321547538380397
60,79,14.606775991215711
60,80,11.343083759215675
60,81,12.340057701673143
60,82,10.419825998430216
60,83,12.982647040358959
60,84,14.350626530904645
60,85,14.843571908421865
60,86,11.21699884593549
60,87,10.975276852729815
60,88,9.677074286980575
60,89,12.450228897023072
60,90,12.067048206064428
60,91,13.08309990689399
60,92,12.795319317050382
60,93,10.712797665882904
60,94,10.71584982614495
60,95,9.270093211685428
60,96,12.350892263864695
60,97,12.022755597252733
60,98,8.564968294771681
60,99,9.931021611424944
60,100,11.004405604293584
60,101,8.064628383521312
60,102,6.479107854948273
60,103,10.092446673681705
60,104,10.920861869659793
60,105,8.375523048402048
60,106,9.370143428993797
60,107,12.859128339656888
60,108,13.041293645182668
60,109,12.653297845450203
60,110,12.094189341409672
60,111,10.2523946326474
60,112,13.720424012764362
60,113,13.926428065637118
60,114,17.34779075959313
60,115,18.46417444827889
60,116,20.88674410941236
60,117,23.798119564544535
60,118,22.96223457248292
60,119,26.000723117035903
60,120,25.613241531907356
60,121,29.259185383009065
60,122,30.38707086169952
60,123,27.25295438426959
60,124,25.986228422889138
60,125,22.81481009118216
60,126,20.376648258634553
60,127,20.33230085039303
60,128,19.254320044716113
60,129,19.186794151327693
60,130,20.509976166845778
60,131,17.5769163253101
60,132,15.444950114861497
60,133,18.05055213146334
60,134,17.907199597576284
60,135,21.164262869160616
60,136,23.96013821730416
60,137,23.30335636416104
60,138,20.77052419824678
60,139,17.75125288844692
60,140,14.621655138331208
60,141,11.321452357874055
60,142,12.647378104965627
60,143,11.690740728674253
60,144,12.908338593020323
60,145,16.609743274088494
60,146,18.032113705991637
60,147,21.4729009724957
60,148,24.35305625681295
60,149,28.108830757378964
60,150,30.313226170983366
60,151,33.898987164184895
60,152,34.4124496063333
60,153,32.87466004942978
60,154,29.572289359886607
60,155,30.60170849807246
60,156,29.35847285582238
60,157,27.022010512157745
60,158,27.46645744670075
60,159,25.962765767345513
60,160,25.748454028017306
60,161,23.815481750770722
60,162,25.337220911832663
60,163,24.05849687166504
60,164,27.03602627245919
60,165,25.39554229882249
60,166,25.83156667477178
60,167,22.15722563278055
60,168,19.39356873726623
60,169,17.07827662714454
60,170,13.584460260955721
60,171,13.322309740777023
60,172,10.6066138470901
60,173,12.666399882562148
60,174,13.299585135722712
60,175,16.262616811318768
60,176,17.561005919526433
60,177,19.436443870417335
60,178,22.206943432430105
60,179,24.22487800114521
60,180,27.73773696222413
60,181,29.783329951618395
60,182,30.633579000021182
60,183,27.022993590888035
60,184,26.62903275688372
60,185,29.81602339052604
60,186,29.48979390518896
60,187,26.2567712554324
60,188,26.792483641293146
60,189,30.466999034219473
60,190,30.48181770898266
60,191,30.85690710362819
60,192,28.381158296620505
60,193,25.700208465759676
60,194,24.272328484934707
60,195,21.50671646741149
60,196,22.324795275477385
60,197,20.44059058593023
60,198,22.53456822911515
60,199,23.538282909698875
60,200,26.81878564237186
60,201,25.431928235348224
60,202,23.033785652025713
60,203,22.97439420024242
60,204,20.382160103154508
60,205,22.242444739745828
60,206,20.878488024370156
60,207,23.193038136084798
60,208,21.785223938281984
60,209,22.779893693845537
60,210,24.799894346087793
60,211,24.71624257758573
60,212,24.835700775946744
60,213,22.0751622121706
60,214,21.897221796507992
60,215,21.176554666868533
60,216,17.800628601128476
60,217,18.058975621508317
60,218,21.230362207057976
60,219,20.120945390900197
60,220,21.09092788658728
60,221,19.36530501554231
60,222,16.00336814950737
60,223,13.721360423687052
60,224,12.815785790273887
60,225,10.18453683523994
60,226,11.754240225517727
60,227,11.915385842176784
60,228,15.166056068283622
60,229,16.569527891008345
60,230,19.82019976550246
60,231,22.270511539044954
60,232,24.900505406586294
60,233,27.570482765450837
60,234,25.65056186874564
60,235,24.76402296065719
60,236,22.015561887872405
60,237,23.717690395664544
60,238,22.228765509834773
60,239,24.62507737584917
60,240,24.407784342985597
60,241,26.957205086840812
60,242,24.560604600356914
60,243,21.16469726504539
60,244,19.259549943943107
60,245,16.056650867677156
60,246,16.71406525699325
60,247,14.917091667967311
60,248,16.31593555994373
60,249,16.32076024372365
60,250,14.894963070190524
60,251,12.827620663764316
60,252,15.10997083051557
60,253,15.04073457025864
60,254,16.860830468723645
60,255,18.275901380766044
60,256,19.08109106721633
60,257,18.83649269137305
60,258,15.262240879443995
60,259,13.486029702677325
60,260,11.449236505797689
60,261,13.360560793164368
60,262,13.440983127190634
60,263,16.300091484306957
60,264,18.030465107550842
60,265,20.511728099385753
60,266,21.28274476363479
60,267,21.369449813015276
60,268,24.94179439288556
60,269,26.958822827988737
60,270,28.3129197307189
60,271,28.29075254738147
60,272,27.30164759220353
60,273,26.306562926690052
60,274,24.925266371853606
60,275,21.955332400931646
60,276,21.596001333883926
60,277,19.657026430664267
60,278,23.125735624004975
60,279,23.23444230209518
60,280,24.972038225180565
60,281,28.07296601287083
60,282,30.935876866686755
60,283,31.805245128780033
60,284,35.60161417497189
60,285,35.871242057388784
60,286,35.19620764582082
60,287,33.64008281137951
60,288,31.228287758753567
60,289,30.756176708451843
60,290,27.906350968635845
60,291,24.825028903014744
60,292,24.148076742956135
60,293,20.61440025163684
60,294,21.36989434385412
60,295,20.37845018042152
60,296,23.071724423324927
60,297,26.81375506068209
60,298,27.346949878065498
60,299,30.244152029207644
60,300,30.096952855423424
60,301,29.137884774522906
60,302,32.21390333895896
60,303,33.30007612772127
60,304,36.37363371618753
60,305,36.34740641520566
60,306,39.297818640814455
60,307,41.112100672120384
60,308,44.1757026886342
60,309,45.44203077924192
60,310,49.13121712968697
60,311,50.13842326216709
60,312,53.8673842300887
60,313,56.81783565081783
60,314,58.0193230493339
60,315,59.06627610607127
60,316,62.677184635576666
60,317,64.03649948271983
60,318,67.65437543630067
61,1,92.78408651485908
61,2,93.75046772262482
61,3,90.29019945577899
61,4,86.59346305911298
61,5,83.34803658337941
61,6,80.04530435301739
61,7,76.96826891071818
61,8,73.61011007115552
61,9,70.48337973976945
61,10,66.76009386968178
61,11,64.74136191766421
61,12,63.20255419639226
61,13,60.99757805270256
61,14,61.439834695642446
61,15,58.0345840894124
61,16,56.25150530504634
61,17,53.13386425133671
61,18,52.72640944795488
61,19,51.25476761082221
61,20,51.20731551820017
61,21,52.9345406309276
61,22,53.70849280611969
61,23,56.59283418096334
61,24,55.973967940358534
61,25,53.23297313797879
61,26,54.30874997468436
61,27,56.39337173604022
61,28,57.03307877630787
61,29,56.399084708130886
61,30,56.79706078313897
61,31,53.15552295094462
61,32,49.76587730262158
61,33,46.20442615152874
61,34,42.94022167042375
61,35,40.88264561952171
61,36,37.840354263719256
61,37,35.20708653775275
61,38,34.365799410220674
61,39,33.07926271070822
61,40,30.17641853492944
61,41,29.720686567577047
61,42,26.512700029209242
61,43,24.72600228205111
61,44,22.68203645906182
61,45,24.6002756948738
61,46,22.846337550502547
61,47,25.4825745541891
61,48,26.138965523377067
61,49,22.662003607712307
61,50,19.842775293541443
61,51,17.501409570125688
61,52,14.098430474120008
61,53,13.333151747103257
61,54,9.796298321383976
61,55,11.563152840522363
61,56,9.536337752210864
61,57,6.066771319383954
61,58,5.149350345895282
61,59,5.446754023624594
61,60,3.8052420657247845
61,62,3.8094778908061175
61,63,5.405406328572103
61,64,5.291619137228966
61,65,5.956401924006896
61,66,5.437577049579868
61,67,8.951106184607434
61,68,9.044870968763362
61,69,6.829178212138698
61,70,9.41101919865987
61,71,11.409103755183246
61,72,9.611679597746221
61,73,10.744353015999764
61,74,13.256913498375848
61,75,13.03452971352049
61,76,14.861927041779179
61,77,15.666049794195255
61,78,18.13673564196485
61,79,16.344038714442977
61,80,12.745131083233641
61,81,13.177405935559939
61,82,10.926993998493531
61,83,12.64939286300672
61,84,13.866794228565835
61,85,13.366215102717971
61,86,9.558104155110925
61,87,8.645136084637306
61,88,6.806656109409197
61,89,9.038588338395048
61,90,8.84274486885921
61,91,10.64992530409879
61,92,11.095012123347058
61,93,10.066185913534662
61,94,11.349277882632006
61,95,11.117146411063503
61,96,14.6820717453501
61,97,15.05927182278693
61,98,11.58025144102492
61,99,13.333479354228949
61,100,14.711258466787745
61,101,11.751381249220177
61,102,10.235947246241219
61,103,13.806071607489287
61,104,14.576537247490313
61,105,11.680871361495178
61,106,12.46714837530059
61,107,16.089315018452034
61,108,15.933063182319238
61,109,14.951962965451292
61,110,13.767949845636917
61,111,11.277459292597952
61,112,14.48104912530207
61,113,14.333510886500246
61,114,17.694567796423705
61,115,18.306094086774188
61,116,21.016940751034355
61,117,23.66262117113566
61,118,22.8926323611221
61,119,25.674046257456638
61,120,25.104482232211044
61,121,28.6473314472013
61,122,29.493498001104264
61,123,26.14727164523681
61,124,24.409185126128698
61,125,21.226499331106627
61,126,18.355367155959247
61,127,18.160699347720104
61,128,16.569601031137097
61,129,16.288211197410497
61,130,17.25903103468583
61,131,14.419455981123084
61,132,12.070506320973752
61,133,14.437060944636993
61,134,14.312611054130405
61,135,17.490152202690762
61,136,20.2454516491537
61,137,19.764796930962245
61,138,17.42486094096421
61,139,14.582231422863034
61,140,11.835830438936185
61,141,8.900916624417983
61,142,10.482596644765835
61,143,10.672306961553685
61,144,11.948002050085796
61,145,15.424964024605112
61,146,16.62763950847603
61,147,20.315096674382755
61,148,22.997962499244377
61,149,26.78650629646056
61,150,28.85827849732535
61,151,32.36094425900754
61,152,33.02211986839151
61,153,31.86224423245095
61,154,28.808568162460894
61,155,30.231855753327253
61,156,29.453420571819258
61,157,27.179927609635282
61,158,28.054729340234108
61,159,26.59461784278904
61,160,26.796061556135445
61,161,24.924845793362056
61,162,26.843220246341797
61,163,25.84053657566682
61,164,28.73886333900937
61,165,27.20942345100004
61,166,28.02461810671675
61,167,24.48960524447385
61,168,21.925454715712096
61,169,19.247374642019228
61,170,15.911048679339668
61,171,15.094470895887731
61,172,12.06828302371326
61,173,13.508695350234968
61,174,13.775693999224451
61,175,16.46429023562343
61,176,17.02253920118423
61,177,18.97285799950319
61,178,21.22295395056387
61,179,23.123599800756875
61,180,26.58429676175213
61,181,28.813864292384704
61,182,29.23801432997915
61,183,25.522766693514175
61,184,25.596095622985125
61,185,28.69220015266083
61,186,27.920646992435657
61,187,24.81270146872894
61,188,25.843804429734693
61,189,29.51338359395687
61,190,29.982331407681077
61,191,30.42362152436474
61,192,28.34152555272649
61,193,25.771859690156713
61,194,24.84736260114251
61,195,22.30948871430435
61,196,23.640867552049688
61,197,22.025463596688457
61,198,24.508007391668208
61,199,25.773150734670846
61,200,29.2471242432452
61,201,28.19822125907777
61,202,25.683281621321726
61,203,25.258742918407606
61,204,22.474088539222034
61,205,23.90120135600607
61,206,22.16433898161545
61,207,24.04076009720465
61,208,22.118612159996616
61,209,22.950256576616507
61,210,24.440845563641886
61,211,24.254026876089355
61,212,23.94843591805574
61,213,21.2966783670378
61,214,20.824927529622176
61,215,19.485801306330924
61,216,15.89712874795662
61,217,15.459367013849082
61,218,18.67334457861392
61,219,17.986406165631738
61,220,19.559880863289386
61,221,18.059629326742233
61,222,15.135049184121884
61,223,13.247616400223707
61,224,13.425499171996009
61,225,11.391745377946334
61,226,13.750044339967191
61,227,14.359188374715709
61,228,17.676780829121896
61,229,19.305926849773762
61,230,22.267620733741445
61,231,24.92752849486217
61,232,27.30022549895199
61,233,29.826662348167737
61,234,27.918217836957403
61,235,26.64022841776401
61,236,23.690238679695234
61,237,25.12448547125532
61,238,23.24163954230627
61,239,25.457398783238446
61,240,24.831296177994613
61,241,27.02616332658734
61,242,24.300491389001632
61,243,20.80134168533138
61,244,19.143890244027517
61,245,15.652840889845354
61,246,16.605770945392546
61,247,15.078065384085265
61,248,16.01137510408116
61,249,16.730384266746583
61,250,16.072213170851434
61,251,14.367118044482751
61,252,16.969287348070633
61,253,17.60120397682699
61,254,19.528205297925034
61,255,21.271240727683608
61,256,21.910201991669144
61,257,21.55712940743558
61,258,17.84722553100304
61,259,16.254581180498235
61,260,13.887620829485508
61,261,15.30405293339939
61,262,14.795223232277081
61,263,17.027968814615484
61,264,17.984619750222627
61,265,20.56895315804754
61,266,20.88311781246744
61,267,21.158431969551284
61,268,24.72502216677794
61,269,26.81405181433987
61,270,28.637666144463143
61,271,29.090727146773272
61,272,28.493155868333535
61,273,27.960878975559222
61,274,26.699150692933088
61,275,23.540126794529762
61,276,23.197557240853904
61,277,20.91342684342547
61,278,24.075713431661942
61,279,24.08031518830119
61,280,26.066157011234406
61,281,29.41337829927829
61,282,32.4003638103123
61,283,33.64982366777881
61,284,37.395063728758316
61,285,37.84069835490993
61,286,37.488031274559965
61,287,35.896503846868825
61,288,33.26640449439436
61,289,32.647479271960854
61,290,29.538267743278578
61,291,26.719272312748256
61,292,26.502971300152954
61,293,22.942461320771137
61,294,23.65268461245514
61,295,22.68233911088824
61,296,25.325882272126197
61,297,29.092270414484428
61,298,29.587836076639462
61,299,32.538010551615066
61,300,32.64888965185521
61,301,31.57272074651297
61,302,34.61721058459421
61,303,35.53013559474098
61,304,38.455976825484534
61,305,38.11255466090824
61,306,41.10504719223656
61,307,43.14112168980995
61,308,46.11591408675145
61,309,47.52460677436342
61,310,51.15773089544278
61,311,52.07398751167102
61,312,55.77562847025103
61,313,58.812369633747835
61,314,59.98887927284707
61,315,60.834351494949885
61,316,64.43506751562518
61,317,65.60256970249415
61,318,69.15726485457864
62,1,91.71826707916173
62,2,92.68931978422926
62,3,89.27721015912266
62,4,85.56850274507235
62,5,82.41068561469622
62,6,79.04766544289625
62,7,76.08035744548876
62,8,72.70141465269444
62,9,69.65647172186725
62,10,65.92525290148457
62,11,63.90701814128019
62,12,62.54746943946667
62,13,60.386433303212876
62,14,60.996320718351065
62,15,57.70819498914934
62,16,55.90504335784091
62,17,52.89765558118261
62,18,52.69750130340851
62,19,51.18866526845534
62,20,51.29532251359649
62,21,52.966713948812284
62,22,53.875502722434646
62,23,56.879171685969894
62,24,56.266858449247735
62,25,53.634488277924795
62,26,54.54554622179792
62,27,56.40675476631592
62,28,56.89835850417619
62,29,56.01945058675897
62,30,56.22064206990356
62,31,52.5126251825093
62,32,49.1836040458731
62,33,45.529908987760095
62,34,42.44319421219174
62,35,40.37487577453193
62,36,37.54875013348157
62,37,34.77061477349904
62,38,34.24842644021184
62,39,32.78832733235849
62,40,29.6630777420633
62,41,28.973803550301653
62,42,26.044571987137108
62,43,23.784844281932788
62,44,21.41756452804829
62,45,22.816423580450095
62,46,20.60144884046549
62,47,23.051934053729358
62,48,23.63080418143306
62,49,20.243620865560107
62,50,17.12189006430114
62,51,15.195791122605579
62,52,11.640575310342795
62,53,11.58172349166418
62,54,8.580000270820431
62,55,10.956830796003269
62,56,9.949835725040112
62,57,6.430831320718026
62,58,6.36134583019699
62,59,5.160080098479835
62,60,5.407299972869499
62,61,3.8094778908061175
62,63,3.8090230482386356
62,64,5.522806790985106
62,65,4.9920077276353645
62,66,6.146753706661464
62,67,8.678303174707661
62,68,8.64077003524262
62,69,5.210988269105043
62,70,6.95644798415766
62,71,8.39780658927589
62,72,6.015299759947676
62,73,7.086785205710844
62,74,9.56353858708383
62,75,9.32994195969366
62,76,11.524864954225151
62,77,12.840930280505185
62,78,15.776691746764389
62,79,14.549831313112177
62,80,11.17387064635052
62,81,12.33652915241508
62,82,11.124450622244353
62,83,13.295595682855803
62,84,15.395337219208287
62,85,14.827565978705593
62,86,11.215896139858543
62,87,11.17103156833196
62,88,9.848463831335737
62,89,11.451555128086405
62,90,11.230403976017197
62,91,13.43817965497531
62,92,14.52772161543912
62,93,13.499008786875326
62,94,14.758804357408048
62,95,14.003219914458882
62,96,17.36449074260691
62,97,17.318641580308633
62,98,13.958045211317847
62,99,15.147934995065944
62,100,15.915663584458358
62,101,12.683790948830332
62,102,11.026332346455877
62,103,14.053972350868648
62,104,14.20169726582844
62,105,10.712283926801383
62,106,11.385934225109184
62,107,14.853562910770764
62,108,14.07456636929341
62,109,12.56241944239803
62,110,10.819214413341289
62,111,8.131808307600794
62,112,11.248933802395877
62,113,11.540160116585676
62,114,15.106639084873208
62,115,16.141292432781896
62,116,19.238457522799333
62,117,22.15610263014035
62,118,21.98182489943151
62,119,25.006551334823715
62,120,24.979295252661633
62,121,28.617974013734372
62,122,29.833804553041496
62,123,26.671595299683545
62,124,24.859773473113947
62,125,21.38024149413531
62,126,18.472994698503367
62,127,19.024683670890795
62,128,17.6713996405452
62,129,17.99897160741499
62,130,19.027530081084645
62,131,16.69008131336836
62,132,13.729693900509437
62,133,15.359582509337434
62,134,14.26312178210166
62,135,17.17709888792356
62,136,20.40282928502028
62,137,20.188840605926302
62,138,18.274779300116144
62,139,15.144185787519852
62,140,12.667660018429299
62,141,9.39396261547969
62,142,9.508545186313837
62,143,9.659362645378906
62,144,12.0757089196812
62,145,15.646321156258239
62,146,17.596177873255677
62,147,21.19644436622769
62,148,24.204763656747247
62,149,27.94001089401754
62,150,29.603325254568105
62,151,33.18349076384587
62,152,34.23486570409037
62,153,33.029091012488784
62,154,29.97543119111723
62,155,31.175999819744067
62,156,30.42042524602094
62,157,27.779483446371277
62,158,28.364038578351
62,159,26.433702594516806
62,160,26.314559029746498
62,161,23.995557479968586
62,162,25.683693480852128
62,163,24.369960720337808
62,164,26.924226154074116
62,165,25.090713328829228
62,166,25.89650323768047
62,167,22.4528888017877
62,168,20.335087355486227
62,169,17.744212679115734
62,170,14.862231179048617
62,171,14.554720786910972
62,172,12.228361806341068
62,173,14.356195638612409
62,174,15.508529160998672
62,175,18.622464973171706
62,176,19.475582111391706
62,177,21.865951601076404
62,178,24.110522431466002
62,179,26.27956838943078
62,180,29.590793314174068
62,181,31.612637985367872
62,182,31.837355233597474
62,183,28.068588847389623
62,184,28.050272005917478
62,185,30.901029773635596
62,186,29.94979862847254
62,187,26.668621691187663
62,188,27.62093441425912
62,189,31.37475195491571
62,190,31.97389830917117
62,191,32.784330918067624
62,192,30.71455717041648
62,193,27.870686629145013
62,194,26.75505828662859
62,195,23.89744661103169
62,196,24.890696103080845
62,197,22.81256710457289
62,198,25.00053155587363
62,199,25.804993479513335
62,200,29.222312709578784
62,201,28.394656107128494
62,202,26.28384198166306
62,203,26.23260342177753
62,204,23.845495091008942
62,205,25.61505177134993
62,206,24.306005894748385
62,207,26.45547906934591
62,208,24.776405767235058
62,209,25.98921305886508
62,210,27.527752562950052
62,211,27.62249621761828
62,212,27.43383411091667
62,213,24.933282119889924
62,214,24.5348619484699
62,215,23.036838150430203
62,216,19.414886899842955
62,217,18.581273713320346
62,218,21.718031893377155
62,219,21.168698736480387
62,220,22.959148705037425
62,221,21.26994227107758
62,222,18.38309031549122
62,223,16.13934201048035
62,224,16.2190527663765
62,225,13.637253016131112
62,226,15.342449083925437
62,227,15.065977392405383
62,228,17.864199126226705
62,229,18.856572272342188
62,230,21.499680828013094
62,231,23.872617984284986
62,232,25.844529541750855
62,233,28.555399446613734
62,234,27.07311824457985
62,235,25.946012700784042
62,236,23.304545947293523
62,237,25.156541296297167
62,238,23.639210995069256
62,239,26.25713949885309
62,240,26.027245840320223
62,241,28.44248877372617
62,242,25.970573823936395
62,243,22.722830469556982
62,244,20.57619033246587
62,245,16.92249941924484
62,246,17.081323837837324
62,247,14.833644567624031
62,248,14.97058361918103
62,249,15.220596313058074
62,250,14.41351366572781
62,251,12.290399647958447
62,252,14.554929708132482
62,253,15.601070347738151
62,254,17.334705463052693
62,255,19.381258174790084
62,256,19.878272534290833
62,257,19.683483745933454
62,258,15.987643538473723
62,259,15.115375823148687
62,260,13.260522459755945
62,261,15.163239023686794
62,262,15.35777611661334
62,263,17.284843948977922
62,264,18.280731046128956
62,265,20.270214546786825
62,266,20.04968309258557
62,267,19.67959085770327
62,268,22.99777903523494
62,269,24.651259378627575
62,270,26.55660374127248
62,271,26.946094509002442
62,272,26.687051435585932
62,273,26.189567932379486
62,274,25.41149252143954
62,275,22.505359614065547
62,276,22.77651980745589
62,277,20.913723072957648
62,278,24.048117057436556
62,279,23.453770475833128
62,280,25.020176049897703
62,281,28.470580159385666
62,282,31.192653110135044
62,283,32.44364984514016
62,284,36.15330235685255
62,285,36.952655074748904
62,286,36.73691594219305
62,287,35.49816931013995
62,288,33.029554057319544
62,289,32.80746790112379
62,290,29.65028257820451
62,291,27.017965314078427
62,292,26.87853749186057
62,293,23.149704718427117
62,294,23.240490514393905
62,295,21.712094757003392
62,296,23.91068196002247
62,297,27.690286891447116
62,298,28.60775854904917
62,299,31.823092148500454
62,300,32.2903812311905
62,301,31.611240538344877
62,302,34.889854047988216
62,303,36.138346395761495
62,304,38.89509944760418
62,305,38.44795868838927
62,306,41.20321003863113
62,307,43.08169200602872
62,308,45.8706522624001
62,309,47.054062350009175
62,310,50.625081305190484
62,311,51.27741716449232
62,312,55.0142255623753
62,313,58.17303503305006
62,314,59.56972434817137
62,315,60.432384017403116
62,316,64.0981897081556
62,317,65.26133198274499
62,318,68.77687167563809
63,1,92.93489198786489
63,2,93.76198267648944
63,3,90.30937257636633
63,4,86.63620075680755
63,5,83.4715474509069
63,6,80.0494081503963
63,7,77.10067385326181
63,8,73.64152680353455
63,9,70.68300064957634
63,10,66.99016689228513
63,11,65.15161063560855
63,12,63.902226897056295
63,13,61.91800857935151
63,14,62.68272111208054
63,15,59.38606130462192
63,16,57.38497051580224
63,17,54.28590793808014
63,18,53.922485894255914
63,19,52.17624434674945
63,20,52.05377438415644
63,21,53.48363723103929
63,22,54.16478620301441
63,23,57.27536122014196
63,24,56.91399260748122
63,25,54.43330214048794
63,26,55.536785684096
63,27,57.39112174789383
63,28,58.07355934271444
63,29,57.14593534275928
63,30,57.4923792443228
63,31,53.79775138623727
63,32,50.37223089707671
63,33,46.72454159793389
63,34,43.651940637610714
63,35,41.31244842683124
63,36,38.59772343005905
63,37,36.054581521961985
63,38,35.77440502217613
63,39,34.64007956912574
63,40,31.6656087205531
63,41,31.301105036137596
63,42,28.495464809443217
63,43,26.27062617051734
63,44,23.596957995166978
63,45,24.843865762693245
63,46,22.55225902645033
63,47,24.55247822246204
63,48,24.693699842512824
63,49,21.128794998214524
63,50,18.19858412962487
63,51,16.8214092172478
63,52,13.63909811501658
63,53,14.346826854706595
63,54,11.680278988459701
63,55,14.471037025751155
63,56,13.5490685106742
63,57,9.861425412272778
63,58,8.62257278617502
63,59,6.105161288831913
63,60,4.897941503304972
63,61,5.405406328572103
63,62,3.8090230482386356
63,64,3.8079669999442527
63,65,5.548193096637413
63,66,8.093312329527654
63,67,11.030384841955213
63,68,11.939307059943038
63,69,8.700662004015292
63,70,9.41235717952795
63,71,11.154634222603107
63,72,8.32834610919246
63,73,7.820937236462076
63,74,9.219696175611015
63,75,9.859791352763029
63,76,11.563616400932547
63,77,13.267367151515232
63,78,15.989441160539181
63,79,15.297399956185595
63,80,12.385916394676542
63,81,14.298078770058785
63,82,13.338029167822985
63,83,16.035898260232145
63,84,18.02625791624069
63,85,17.946366227566198
63,86,14.253642151205192
63,87,13.947562459622599
63,88,12.122535557265488
63,89,13.780478346451979
63,90,12.65802844482432
63,91,13.935522588979653
63,92,14.879269316304256
63,93,13.007747703524434
63,94,13.757449879970434
63,95,12.293532639937634
63,96,15.356077510473428
63,97,15.27759531776073
63,98,12.405781834408103
63,99,13.806225469220747
63,100,13.76312529877382
63,101,10.160239761524076
63,102,9.492525441033372
63,103,12.401401048275767
63,104,11.761889150210086
63,105,8.369873699151432
63,106,10.235782301646168
63,107,13.25781544776254
63,108,12.018714085408998
63,109,11.45342927870297
63,110,9.48930326305906
63,111,6.513473800708469
63,112,9.450979084177854
63,113,9.213794490745515
63,114,12.66275430877588
63,115,13.806763148409246
63,116,16.530343046866925
63,117,19.578502678873097
63,118,19.230110494627674
63,119,22.44188667467714
63,120,22.551547166260764
63,121,26.28340074665684
63,122,27.772747597427532
63,123,24.829683681338505
63,124,23.482209597389648
63,125,19.998537442934893
63,126,17.602907541768744
63,127,18.401545582858336
63,128,17.777473180694184
63,129,18.602036432068118
63,130,20.309235619276844
63,131,18.08843706909813
63,132,15.160572478623815
63,133,17.19438537650782
63,134,16.152953364723064
63,135,19.39094102650682
63,136,22.542328691694735
63,137,21.768622451275053
63,138,19.453893530724432
63,139,15.989510813124717
63,140,12.923482801232366
63,141,9.190919642307074
63,142,9.137878155142657
63,143,7.772750350854607
63,144,10.085490966012228
63,145,13.86613599865237
63,146,16.148117010706304
63,147,19.476691830568786
63,148,22.749900647904383
63,149,26.433053459832156
63,150,28.135431977922302
63,151,31.812203888678116
63,152,32.80554258631225
63,153,31.231599492930254
63,154,27.9645429342738
63,155,28.78914102057254
63,156,27.709509403767907
63,157,24.942301077221302
63,158,25.211339037324983
63,159,23.205836938787087
63,160,22.863197650206352
63,161,20.538576054680814
63,162,22.12164076593533
63,163,20.819645000437735
63,164,23.54262635287685
63,165,21.87051091390176
63,166,22.72395060080663
63,167,19.25759144758754
63,168,16.885419608769926
63,169,14.160794454639047
63,170,11.129234427303127
63,171,10.789985634361658
63,172,8.650736875550816
63,173,11.237271714618624
63,174,12.966956374438029
63,175,16.424616017178124
63,176,17.921263210933326
63,177,20.577225014660577
63,178,23.203344467856784
63,179,25.734844598300196
63,180,28.938754576018358
63,181,30.605742922820752
63,182,31.076314924513163
63,183,27.37484331678692
63,184,26.852049879299372
63,185,29.63177759747805
63,186,29.018097244663547
63,187,25.531187600591096
63,188,25.989255528388696
63,189,29.778566009386584
63,190,30.068777565263467
63,191,31.033728360623144
63,192,28.708134257361667
63,193,25.641650446604277
63,194,24.144314719196664
63,195,21.03172844383933
63,196,21.65902582565207
63,197,19.333945669015783
63,198,21.338768587627943
63,199,22.02395684134964
63,200,25.42304488267211
63,201,24.64309331374327
63,202,22.609235194053724
63,203,22.675212875248697
63,204,20.4952802650005
63,205,22.50343549046795
63,206,21.570488885666308
63,207,24.043504339126223
63,208,22.796845650894685
63,209,24.427122098080613
63,210,26.319246015549385
63,211,26.813594651487005
63,212,27.138583681854538
63,213,24.835033177661014
63,214,24.992594290370615
63,215,23.902185057940386
63,216,20.524768850122385
63,217,20.153724803600646
63,218,23.01947527921249
63,219,21.85052850868136
63,220,23.17916640188701
63,221,20.97552095615568
63,222,17.75994079275677
63,223,14.916731425282242
63,224,14.382420947118073
63,225,11.243247964837273
63,226,12.273081248809808
63,227,11.516957353251259
63,228,14.124637749510859
63,229,15.098931677609222
63,230,17.724930965479274
63,231,20.201817967663803
63,232,22.277192021061904
63,233,24.90656599459107
63,234,23.31431758331347
63,235,22.215124768551796
63,236,19.603883086610722
63,237,21.574720141783743
63,238,20.278732523385465
63,239,23.076667475897302
63,240,23.19020204208584
63,241,25.89633796017189
63,242,23.756794317989893
63,243,20.712918506238687
63,244,18.186391890958344
63,245,14.697271502588164
63,246,14.408542793399084
63,247,11.857761573089086
63,248,12.386106546091456
63,249,12.187187298170851
63,250,11.011560641465714
63,251,9.0026025561096
63,252,11.636096105113907
63,253,12.646429720479428
63,254,14.927156009279319
63,255,17.234579201476784
63,256,18.382741211824403
63,257,18.81453312515718
63,258,15.340537323885197
63,259,14.754217837500372
63,260,13.612925241932754
63,261,16.186730846490583
63,262,16.925723352449282
63,263,19.400278098004534
63,264,20.94963135594086
63,265,22.911577704879875
63,266,22.968677300993363
63,267,22.375525393882928
63,268,25.629986283185453
63,269,27.06953409614665
63,270,28.645665867652454
63,271,28.584002226612135
63,272,28.10009228721352
63,273,27.113511995233203
63,274,26.40087780346756
63,275,23.77107982835261
63,276,24.137406554762354
63,277,22.61750254799163
63,278,26.023575058868143
63,279,25.48462101663616
63,280,26.76824839645449
63,281,30.011575377664908
63,282,32.54673541848854
63,283,33.38918593774927
63,284,37.14770927195031
63,285,37.84961566798268
63,286,37.28257892518665
63,287,36.15542463724329
63,288,33.958080988179155
63,289,33.912000385246486
63,290,31.017003261410824
63,291,28.117269249625878
63,292,27.469976013000572
63,293,23.778187889299666
63,294,23.86342963704174
63,295,22.163961222540408
63,296,24.248582104785985
63,297,28.012820126819584
63,298,29.148392094165125
63,299,32.37358739846785
63,300,32.58372237922169
63,301,32.09715179604078
63,302,35.415798015935174
63,303,36.84842253831639
63,304,39.7832795942672
63,305,39.67837906913579
63,306,42.395352185252236
63,307,44.03164627400406
63,308,46.905983078129374
63,309,47.90424017727564
63,310,51.530045838040095
63,311,52.236811057687966
63,312,56.011849376279876
63,313,59.096773341476236
63,314,60.55432501624352
63,315,61.63768214729054
63,316,65.32090914405622
63,317,66.68077358035295
63,318,70.25591657163132
64,1,96.36883400424608
64,2,97.22629284946048
64,3,93.76313760311241
64,4,90.08593695477988
64,5,86.88861468803836
64,6,83.49912825258826
64,7,80.50337947833691
64,8,77.06515072324113
64,9,74.05640236921849
64,10,70.3569242434735
64,11,68.47700735818265
64,12,67.1227609655145
64,13,65.06638584879583
64,14,65.70298128501973
64,15,62.34839249579319
64,16,60.418514724717475
64,17,57.28507162454912
64,18,56.84812371354099
64,19,55.169510715712306
64,20,54.992297529732845
64,21,56.48134981343336
64,22,57.09392578027821
64,23,60.12716630551891
64,24,59.742510994655056
64,25,57.17168077840666
64,26,58.35226006207136
64,27,60.344303821965276
64,28,61.07375532048547
64,29,60.284684085154566
64,30,60.693003160754564
64,31,57.02121723171303
64,32,53.58733089347281
64,33,49.97479454431783
64,34,46.81264551608694
64,35,44.529985547586804
64,36,41.681460377138706
64,37,39.152010887958276
64,38,38.63887846379042
64,39,37.47905962909068
64,40,34.53967029965923
64,41,34.1136024545246
64,42,31.107159180167443
64,43,29.043114954931255
64,44,26.632658592902725
64,45,28.080135434390332
64,46,25.856973015691324
64,47,28.06212020923597
64,48,28.34498897736961
64,49,24.817856624372098
64,50,21.81367597880703
64,51,20.25110600462252
64,52,16.8751221629406
64,53,17.051136560560618
64,54,13.946144777754602
64,55,16.08433670487012
64,56,14.319106479839125
64,57,10.904962281254877
64,58,10.099510862373045
64,59,8.733179090918746
64,60,6.196727866348952
64,61,5.291619137228966
64,62,5.522806790985106
64,63,3.8079669999442527
64,65,3.793375387922614
64,66,6.130632733148257
64,67,9.369173602777199
64,68,11.25669627775938
64,69,8.981689897979512
64,70,9.504636760184399
64,71,12.320278283618645
64,72,10.473402813699968
64,73,9.611402883987799
64,74,11.728370979987544
64,75,12.996561696304909
64,76,15.153846406856848
64,77,16.997562376869897
64,78,19.76848754203518
64,79,18.89899056843117
64,80,15.769130649547273
64,81,17.19030587896004
64,82,15.593597674554369
64,83,17.743824549658086
64,84,19.135083410031836
64,85,18.60232990519432
64,86,14.796231188758885
64,87,13.494215196369709
64,88,10.779717747278339
64,89,11.75900275873125
64,90,9.792072969390341
64,91,10.589090008495196
64,92,11.9575542778658
64,93,10.300992235768092
64,94,11.78633078561539
64,95,11.119867910130589
64,96,14.535448085379445
64,97,15.404313823102328
64,98,12.746315200072669
64,99,15.059220575074638
64,100,15.232501883303645
64,101,11.611721829813881
64,102,11.635157961802651
64,103,14.960970029466791
64,104,14.423196991802058
64,105,11.479873684122907
64,106,13.66358789166484
64,107,16.661125548006808
64,108,15.458755088905741
64,109,15.20935974196789
64,110,13.10108512916873
64,111,9.810631771858919
64,112,12.035195879488953
64,113,10.664394008086099
64,114,13.474140995247758
64,115,13.56383400955532
64,116,15.976301819555507
64,117,18.488293794459256
64,118,17.6069246425939
64,119,20.435667863806238
64,120,20.026400137278852
64,121,23.651501367966564
64,122,24.78490377826717
64,123,21.640235388872252
64,124,20.174515419268754
64,125,16.831862771711375
64,126,14.367518135304746
64,127,14.798701125839354
64,128,14.185075590315444
64,129,15.036404581348448
64,130,17.036131479743016
64,131,14.95589225535445
64,132,12.097447864548231
64,133,14.4673182467135
64,134,13.858347706361103
64,135,17.407983255870395
64,136,20.224770383315487
64,137,18.986962054924415
64,138,16.321459311265258
64,139,12.849093072817086
64,140,9.482658580384141
64,141,5.769144621271942
64,142,6.769260645509439
64,143,5.694740195585106
64,144,6.9970719076963235
64,145,10.709449404619038
64,146,12.5830249948493
64,147,16.059561707182617
64,148,19.17245343822586
64,149,22.902110452439615
64,150,24.739323898937677
64,151,28.373294134211296
64,152,29.257183393981165
64,153,27.819410981362804
64,154,24.642576446550763
64,155,25.753089859531464
64,156,24.93138891139564
64,157,22.38044960971433
64,158,23.123785718755883
64,159,21.473406501236234
64,160,21.72819030036124
64,161,19.87793669162432
64,162,22.042416158008297
64,163,21.385293613261872
64,164,24.351528745007148
64,165,23.225034177616624
64,166,24.546464570234882
64,167,21.264989614634228
64,168,18.669525865353325
64,169,15.485311561684702
64,170,12.321604222789498
64,171,10.750239138737232
64,172,7.729666841094065
64,173,9.094348947381034
64,174,10.199285687517154
64,175,13.404746888777172
64,176,14.498270003203503
64,177,17.2846711730824
64,178,19.69725004763317
64,179,22.319602189158918
64,180,25.411730039699528
64,181,27.043260443509908
64,182,27.369660680179635
64,183,23.648437934245607
64,184,23.21725401213353
64,185,25.960511051947908
64,186,25.249251597484303
64,187,21.796802798042652
64,188,22.41508200459136
64,189,26.19694649547983
64,190,26.65748136321878
64,191,27.62649880197218
64,192,25.506874347680963
64,193,22.5216518939343
64,194,21.38619009084171
64,195,18.521637369907452
64,196,19.695085987499734
64,197,17.851487736524852
64,198,20.40291266540821
64,199,21.678100868564833
64,200,25.297394672637903
64,201,24.776265937501545
64,202,22.359936609279323
64,203,21.797849845601988
64,204,19.2600674345677
64,205,20.70828592406639
64,206,19.368179824828715
64,207,21.456101607313766
64,208,19.868690018286784
64,209,21.49721027702793
64,210,23.10835494923122
64,211,23.733293428967553
64,212,24.04389697282697
64,213,22.01773462595627
64,214,22.399081598917956
64,215,21.169890957342165
64,216,17.959271784245665
64,217,17.5051841732736
64,218,20.03220055936635
64,219,18.632204835812402
64,220,20.008938652200214
64,221,17.62144117362407
64,222,14.57651538169149
64,223,11.716053183134393
64,224,11.828282302464943
64,225,9.166787358932806
64,226,11.008722264608918
64,227,11.208867718012995
64,228,14.165113655198862
64,229,15.95282785892916
64,230,18.420584561635323
64,231,21.39444824910501
64,232,23.524164485564018
64,233,25.711622407169138
64,234,23.73165409083225
64,235,22.074606143130396
64,236,19.02479290167239
64,237,20.381207615676626
64,238,18.490052586573032
64,239,20.90240079974329
64,240,20.52721846567143
64,241,22.923294058507626
64,242,20.515064421075806
64,243,17.36438203723824
64,244,15.070309815371319
64,245,11.435326721555484
64,246,11.690675419015536
64,247,9.852829076230947
64,248,10.766642721111982
64,249,11.683401391388928
64,250,11.545476062567529
64,251,10.74628582207514
64,252,14.031655638388358
64,253,15.372417957287071
64,254,18.101431592232707
64,255,20.551735181469525
64,256,21.975131408777912
64,257,22.517277766199733
64,258,19.065297517453537
64,259,18.261176840116477
64,260,16.837508836607867
64,261,19.084631464230647
64,262,19.276008476264543
64,263,21.7481668063911
64,264,22.973287824439783
64,265,25.295400006255573
64,266,25.37583485154685
64,267,25.13507132752269
64,268,28.48455100202462
64,269,30.09492537951965
64,270,31.887733976071843
64,271,32.04653891280023
64,272,31.60398439333531
64,273,30.73837196851541
64,274,29.880325746090826
64,275,27.082459185273528
64,276,27.161022343841115
64,277,25.30433536622276
64,278,28.6398141034923
64,279,28.369409178985464
64,280,29.942716443727335
64,281,33.2353510105433
64,282,35.93020867900531
64,283,36.873265645128996
64,284,40.64227244281934
64,285,41.23532149413584
64,286,40.65895524884039
64,287,39.35136457183013
64,288,37.02516802696578
64,289,36.721128014431464
64,290,33.783793038371805
64,291,30.825614419961013
64,292,30.207823958735137
64,293,26.60299191705361
64,294,27.032171194061164
64,295,25.59713364035313
64,296,27.860267249879545
64,297,31.63235297644976
64,298,32.60152260288089
64,299,35.723249368282296
64,300,35.7840468781675
64,301,35.06437351907613
64,302,38.24426454508565
64,303,39.43885945274693
64,304,42.467840183449056
64,305,42.36337386216805
64,306,45.2394875943675
64,307,47.01759352245655
64,308,49.982074441355145
64,309,51.12810016273696
64,310,54.77923481112594
64,311,55.59518174743304
64,312,59.35220453626279
64,313,62.399516612855386
64,314,63.7433745562236
64,315,64.77436146277743
64,316,68.42372131294384
64,317,69.73699035604707
64,318,73.3173893203617
65,1,96.63277463231076
65,2,97.61713345812682
65,3,94.21750799838927
65,4,90.50568941390111
65,5,87.36444214460555
65,6,83.99426972134452
65,7,81.04444898400051
65,8,77.66448526232426
65,9,74.62939233305764
65,10,70.89688705349784
65,11,68.86650565610861
65,12,67.50919745958457
65,13,65.32011656440721
65,14,65.8946760978397
65,15,62.60638201832958
65,16,60.84901454176543
65,17,57.849021269009164
65,18,57.64070711161464
65,19,56.145691740573184
65,20,56.21573517174083
65,21,57.869573532613636
65,22,58.708369865012095
65,23,61.7089424905839
65,24,61.13333300277431
65,25,58.483281525846955
65,26,59.44519026468911
65,27,61.35294316851534
65,28,61.86056459606375
65,29,61.00491553005603
65,30,61.19755249378775
65,31,57.48725218308929
65,32,54.16924042902202
65,33,50.51353060691386
65,34,47.4287536190585
65,35,45.36466117262571
65,36,42.527352800295844
65,37,39.750063603888435
65,38,39.16747590735701
65,39,37.65429465046754
65,40,34.498432434341204
65,41,33.65968662707618
65,42,30.676533131194148
65,43,28.39053930567273
65,44,26.153292850117005
65,45,27.426642342774255
65,46,25.004372525341722
65,47,27.425549257649262
65,48,27.99434716559477
65,49,24.71077516903848
65,50,21.390448608645283
65,51,19.767303393526877
65,52,16.11910692112958
65,53,16.023673732303358
65,54,12.9983833304522
65,55,14.631949023727591
65,56,12.860839625124049
65,57,9.961259175816187
65,58,10.519143859203366
65,59,9.810556164392166
65,60,8.418983129905918
65,61,5.956401924006896
65,62,4.9920077276353645
65,63,5.548193096637413
65,64,3.793375387922614
65,66,3.778364166886749
65,67,5.991543945322122
65,68,8.152089370680406
65,69,6.1541809730940695
65,70,5.976267835932881
65,71,9.255249203473964
65,72,8.377627593732033
65,73,7.609800794396455
65,74,10.674822036971712
65,75,12.018554149978163
65,76,14.912542192165755
65,77,17.013002238753106
65,78,20.200692166180804
65,79,19.362402736102066
65,80,16.110481748259893
65,81,17.26757451909767
65,82,15.810537052175853
65,83,17.507198560816466
65,84,19.09550654677133
65,85,17.901127767767242
65,86,14.2393521796055
65,87,12.963777600107257
65,88,10.374496752786724
65,89,10.47266770323901
65,90,8.840316738093609
65,91,10.753874257793969
65,92,12.954773269593396
65,93,12.354009066286794
65,94,14.545199485208782
65,95,14.467252025021645
65,96,18.049182373855718
65,97,18.938772842347355
65,98,16.01359297558387
65,99,18.107803462529922
65,100,18.568811333971666
65,101,15.00093549483372
65,102,14.424898322616075
65,103,17.68184132903808
65,104,17.26211368450619
65,105,13.917714334526664
65,106,15.537173618329867
65,107,18.69937018616994
65,108,17.312657383489906
65,109,16.31137445121513
65,110,13.802512032227654
65,111,10.273752554205748
65,112,12.17067306096943
65,113,10.906599776378824
65,114,13.700973050854675
65,115,13.558861469415607
65,116,16.497095888240334
65,117,18.857339204288884
65,118,18.446532040647032
65,119,21.09113058052495
65,120,20.80548508552158
65,121,24.31216464255524
65,122,25.321066019394078
65,123,22.078355912530682
65,124,20.042194163502465
65,125,16.55787745336215
65,126,13.521146920338754
65,127,14.207929171144139
65,128,13.03747870201182
65,129,13.93443385489887
65,130,15.46047681056324
65,131,13.78088416126616
65,132,10.378052546820866
65,133,11.927101337538124
65,134,10.668612275293622
65,135,14.012916487031685
65,136,17.098782946894858
65,137,16.253644618463856
65,138,14.096991773748238
65,139,10.645964657273545
65,140,8.031577691954034
65,141,4.685646705233942
65,142,4.694171586917114
65,143,5.8186008651292
65,144,7.985921133957621
65,145,11.171630263947597
65,146,13.119723437996198
65,147,16.73493609905247
65,148,19.702056838640594
65,149,23.381909961965107
65,150,24.853679530120218
65,151,28.399723607649896
65,152,29.61722121038615
65,153,28.5803098627753
65,154,25.705567837545836
65,155,27.10292095763593
65,156,26.748564301165896
65,157,24.146465185195517
65,158,25.130168057342818
65,159,23.322580428119817
65,160,23.75639877757506
65,161,21.746639926448385
65,162,24.034313701740384
65,163,23.38561341946511
65,164,26.029292412045166
65,165,24.77354979452178
65,166,26.279933812352265
65,167,23.157613160588333
65,168,21.00205065809139
65,169,17.790131868929166
65,170,15.065083047060048
65,171,13.627927752466357
65,172,11.0092246864894
65,173,12.142877476473728
65,174,13.13979562082873
65,175,16.027799961736513
65,176,16.474578949764446
65,177,19.29247938203385
65,178,21.151547579626076
65,179,23.62425805766902
65,180,26.604928569183485
65,181,28.371883134728392
65,182,28.21802485624874
65,183,24.42367460537678
65,184,24.46963327656892
65,185,27.00998181600786
65,186,25.772990053172094
65,187,22.448781964476428
65,188,23.562453114686704
65,189,27.308100721819457
65,190,28.255846124484886
65,191,29.374107396963623
65,192,27.643241149337857
65,193,24.744701286099257
65,194,24.004018371912988
65,195,21.30343530877393
65,196,22.717729594912534
65,197,20.9457295417931
65,198,23.561057365742002
65,199,24.76496025087268
65,200,28.40834533960078
65,201,28.136928109571077
65,202,25.851430938488676
65,203,25.25865744850182
65,204,22.77245117286697
65,205,24.04033628636174
65,206,22.572885194581815
65,207,24.367597242687616
65,208,22.458174592469135
65,209,23.942507082746168
65,210,25.092973851451486
65,211,25.603261288539912
65,212,25.50006522273084
65,213,23.55037118393841
65,214,23.563152220195764
65,215,21.761409071894402
65,216,18.37839905668721
65,217,17.136296551673716
65,218,19.678317162272243
65,219,18.873721577693022
65,220,20.89565338203939
65,221,18.82349778941426
65,222,16.30091210373952
65,223,13.923611469163351
65,224,14.82481785402241
65,225,12.630472094222752
65,226,14.703094728488585
65,227,14.859154040493067
65,228,17.583315609217014
65,229,19.10464622444561
65,230,21.26041881935958
65,231,24.10695640462614
65,232,25.850839703721185
65,233,28.061526851796867
65,234,26.362881201069058
65,235,24.584618292465464
65,236,21.63105982231709
65,237,22.974644514074907
65,238,21.00327871134797
65,239,23.375879339998853
65,240,22.82013886656982
65,241,24.9274032041611
65,242,22.354515963352107
65,243,19.27274221550042
65,244,17.1380704402939
65,245,13.343587232478594
65,246,13.52375043031243
65,247,11.696774621004012
65,248,11.50404882145161
65,249,12.834547403025134
65,250,13.276739073927924
65,251,12.434278316755963
65,252,15.49852315546041
65,253,17.365287097751906
65,254,19.831804517992097
65,255,22.446782383917537
65,256,23.50450403683887
65,257,23.84575844365565
65,258,20.290764910137547
65,259,19.7172266120285
65,260,18.098948910846804
65,261,20.074056265347593
65,262,20.06844289936013
65,263,21.97841086594354
65,264,22.661048188633306
65,265,24.799108943624542
65,266,24.35817460942257
65,267,24.048293851812257
65,268,27.24571514479646
65,269,28.75068889479302
65,270,30.920867600404115
65,271,31.45093611577267
65,272,31.42673755451076
65,273,30.970619391187324
65,274,30.340724735185635
65,275,27.478253358751715
65,276,27.749963303711013
65,277,25.781821219130425
65,278,28.84981011751282
65,279,28.30092460070788
65,280,29.917834889456323
65,281,33.41195855289677
65,282,36.112532011572114
65,283,37.37677766341472
65,284,41.07546784665565
65,285,41.92689154817107
65,286,41.68435391280117
65,287,40.45780266820235
65,288,37.996582591947536
65,289,37.709153927221415
65,290,34.546242075679395
65,291,31.875355597297933
65,292,31.669847672939362
65,293,27.979260795991603
65,294,28.17606354274951
65,295,26.616868953408947
65,296,28.723359247137623
65,297,32.499749063536136
65,298,33.53400764440583
65,299,36.76973224413013
65,300,37.175221567701364
65,301,36.48060585401575
65,302,39.719751380134056
65,303,40.89274460934154
65,304,43.72450935582039
65,305,43.305180638772065
65,306,46.122055062076456
65,307,48.033249793576616
65,308,50.84781601364942
65,309,52.04074080199599
65,310,55.61556058533972
65,311,56.25804004000279
65,312,59.997019629396284
65,313,63.16213153520478
65,314,64.56022046550892
65,315,65.41350742375135
65,316,69.07473194330565
65,317,70.21320710288882
65,318,73.71901405136487
66,1,96.71705604307799
66,2,97.80426777839506
66,3,94.40818739279534
66,4,90.68038786117205
66,5,87.49473221664965
66,6,84.2067509564882
66,7,81.18121704526403
66,8,77.8754742402217
66,9,74.73300759847686
66,10,70.98249667970042
66,11,68.82434542696869
66,12,67.28276139817538
66,13,64.9414678548121
66,14,65.29922704881116
66,15,61.955437809157594
66,16,60.36215650274195
66,17,57.37251707641741
66,18,57.16076202879287
66,19,55.8632580914284
66,20,56.00463590363524
66,21,57.85678274964224
66,22,58.77227877565839
66,23,61.6210097288339
66,24,60.86613660796372
66,25,58.0502096412143
66,26,58.9703123959667
66,27,61.01161479297023
66,28,61.4683382453827
66,29,60.79543035896858
66,30,60.998520723581876
66,31,57.326574275031376
66,32,54.05163169373312
66,33,50.45618997638116
66,34,47.26959539723905
66,35,45.40993089002146
66,36,42.3835815090705
66,37,39.5390344171812
66,38,38.60545710320177
66,39,36.96504023423535
66,40,33.85037628152122
66,41,32.904949112377324
66,42,29.698526169783747
66,43,27.680120683708903
66,44,25.88236191247559
66,45,27.52953667961345
66,46,25.43503917732223
66,47,28.24321284711483
66,48,29.140164471299258
66,49,25.936111546317225
66,50,22.683582529406326
66,51,20.513228982246105
66,52,16.77587149673639
66,53,15.799509783063936
66,54,12.395352542748633
66,55,13.148618145590582
66,56,10.610655707444849
66,57,8.37379453207375
66,58,9.648157597367307
66,59,10.353923889874862
66,60,9.01080440533023
66,61,5.437577049579868
66,62,6.146753706661464
66,63,8.093312329527654
66,64,6.130632733148257
66,65,3.778364166886749
66,67,3.8426746978447315
66,68,5.658985892131729
66,69,5.20403893063899
66,70,6.570318637199172
66,71,9.822533396873961
66,72,9.782501952957947
66,73,10.233677331850862
66,74,13.673965829735424
66,75,14.343263467660757
66,76,17.198831223625287
66,77,18.76558917179174
66,78,21.80996372725122
66,79,20.376961243353424
66,80,16.799677927111055
66,81,17.12038961209209
66,82,15.03388153476382
66,83,15.9624393236096
66,84,17.009070705331435
66,85,15.328676516892596
66,86,11.802376793316052
66,87,9.935133391146655
66,88,7.159587693052589
66,89,6.753751717797863
66,90,5.699168602477249
66,91,8.516593094738422
66,92,10.7333517909459
66,93,11.094379852427029
66,94,13.78478095377808
66,95,14.554610462171867
66,96,18.336988001914854
66,97,19.487435794098957
66,98,16.308484410796027
66,99,18.53548399404722
66,100,19.713756853103114
66,101,16.478962311059572
66,102,15.478376804750916
66,103,19.009088775390516
66,104,19.284648256222255
66,105,16.103781254385886
66,106,17.21152664789796
66,107,20.70315891766286
66,108,19.875662407483077
66,109,18.63859124608997
66,110,16.569135711959643
66,111,13.339699499048143
66,112,15.617981413067398
66,113,14.641480236057726
66,114,17.455597980462755
66,115,17.143293538746267
66,116,19.994600394492164
66,117,22.08566071842375
66,118,21.415892665705503
66,119,23.728533781510706
66,120,22.982731125247142
66,121,26.292490176884076
66,122,26.8168120972927
66,123,23.318836452018086
66,124,20.98273070636904
66,125,17.812095471318937
66,126,14.454613752031717
66,127,14.285985827679708
66,128,12.202087263665398
66,129,12.102667923431996
66,130,12.90408924044604
66,131,10.794660168174648
66,132,7.613946438060187
66,133,9.352837174344401
66,134,8.905600832488677
66,135,12.222519403579708
66,136,14.99115907610407
66,137,14.435642619027847
66,138,12.31054659625399
66,139,9.473581997118844
66,140,7.402323762212537
66,141,5.380428766774373
66,142,7.0277171978299435
66,143,9.070627178582704
66,144,10.224830519849391
66,145,12.944521612033064
66,146,13.945061439088704
66,147,17.73778781811881
66,148,20.174923381802895
66,149,23.87732929552173
66,150,25.58026971641069
66,151,28.948631421846084
66,152,29.937068598832962
66,153,29.253596088282983
66,154,26.58881640739186
66,155,28.423108911815675
66,156,28.308738632806595
66,157,26.072974031256216
66,158,27.454241832705453
66,159,26.018810609046117
66,160,26.77538707825317
66,161,25.04753950429542
66,162,27.48688694108488
66,163,26.969009138972694
66,164,29.715254162384714
66,165,28.500109130289584
66,166,29.9318093362419
66,167,26.72121134298631
66,168,24.430355304277217
66,169,21.277192820828766
66,170,18.313741476494435
66,171,16.759014631762916
66,172,13.702575938769936
66,173,14.275108292933743
66,174,14.337995069292326
66,175,16.62352200548117
66,176,16.33013026641638
66,177,18.62235618464559
66,178,20.084058988009772
66,179,22.07123427467661
66,180,25.18411569090371
66,181,27.35924527218603
66,182,27.089791238915513
66,183,23.291130171289453
66,184,23.850193651286034
66,185,26.571799561717906
66,186,25.152133967407284
66,187,22.158032404409138
66,188,23.749307112418204
66,189,27.3685346506367
66,190,28.49322143343503
66,191,29.250963701530473
66,192,27.75241948100914
66,193,25.23221443370317
66,194,24.925456497126866
66,195,22.64664920444779
66,196,24.505654001782062
66,197,23.18394611950294
66,198,26.059566250500936
66,199,27.58944921857257
66,200,31.267499923070492
66,201,30.81359446427818
66,202,28.25134874473185
66,203,27.386045336573957
66,204,24.548837241682207
66,205,25.452697421658417
66,206,23.482693275629888
66,207,24.845482958407064
66,208,22.468962890487525
66,209,23.389083109762336
66,210,24.169753112516133
66,211,24.207053587297732
66,212,23.59808027336353
66,213,21.482904058878884
66,214,21.024474401956965
66,215,18.895347806169834
66,216,15.373986365185269
66,217,13.79396139742172
66,218,16.539060426293165
66,219,16.22316605556528
66,220,18.593278919346844
66,221,17.08410746485077
66,222,14.946781323446148
66,223,13.37257695913155
66,224,14.876748590005516
66,225,13.469603130092704
66,226,16.248516912844988
66,227,17.11296879401555
66,228,20.23203139287375
66,229,22.07700326055122
66,230,24.483705496438905
66,231,27.415071597807113
66,232,29.361370451604614
66,233,31.554048370863025
66,234,29.677073386887756
66,235,27.833649534824463
66,236,24.70268290551382
66,237,25.740979846293563
66,238,23.436562362766175
66,239,25.414893060391464
66,240,24.370995343042463
66,241,26.089513767034113
66,242,23.122667688418865
66,243,19.76771025358429
66,244,18.30026837019971
66,245,14.601463237284017
66,246,15.641147484763444
66,247,14.530328702589687
66,248,14.674304297095734
66,249,16.39261329500543
66,250,16.918154947523682
66,251,16.027590086552454
66,252,19.0238019794061
66,253,20.593125881342562
66,254,22.856788218119732
66,255,25.160730474183566
66,256,25.923052566880042
66,257,25.81518430256107
66,258,22.112849187687015
66,259,21.018119979349503
66,260,18.78124914550968
66,261,20.09736844529615
66,262,19.382680457266932
66,263,21.010960454605176
66,264,21.20649550175039
66,265,23.662590944392004
66,266,23.294750231252852
66,267,23.529213453109186
66,268,26.86325546174198
66,269,28.75339935293879
66,270,31.107837962213367
66,271,31.991134892796012
66,272,31.936221387397342
66,273,31.788662650267522
66,274,30.857162217480084
66,275,27.700336132194376
66,276,27.576914432609687
66,277,25.17240659822476
66,278,28.01106132720858
66,279,27.762694939919157
66,280,29.793679692117585
66,281,33.34612643984185
66,282,36.30572598945784
66,283,37.841657711405404
66,284,41.51278816169281
66,285,42.22887334143241
66,286,42.14766148730392
66,287,40.65232955260674
66,288,37.92876654493054
66,289,37.29679668417124
66,290,34.00297150360601
66,291,31.43818873242636
66,292,31.531620009599592
66,293,27.945881348490296
66,294,28.475025219058995
66,295,27.328207624037656
66,296,29.730073322731272
66,297,33.49681197091202
66,298,34.1580447891358
66,299,37.227795831181574
66,300,37.60257026605888
66,301,36.56415093799437
66,302,39.62619792612076
66,303,40.47374021827035
66,304,43.26432895957464
66,305,42.66593122752859
66,306,45.63441680158989
66,307,47.800909337163446
66,308,50.65324841557523
66,309,52.1039333769147
66,310,55.667012370811136
66,311,56.423080290841504
66,312,60.10650066235586
66,313,63.246707563729494
66,314,64.4686969329159
66,315,65.15038883618716
66,316,68.75281241988036
66,317,69.74673198104807
66,318,73.22517137136484
67,1,97.870448159638
67,2,99.0713008643665
67,3,95.74296677357876
67,4,91.9903825343309
67,5,88.86955953428532
67,6,85.60073791115694
67,7,82.63318786920834
67,8,79.38541850365682
67,9,76.23586854237188
67,10,72.46711997762296
67,11,70.18232487189671
67,12,68.65647767091079
67,13,66.2056101389303
67,14,66.5127982078066
67,15,63.250418850786986
67,16,61.82248951929307
67,17,58.97318339783574
67,18,58.97507788550109
67,19,57.839999561728085
67,20,58.196417451140555
67,21,60.17075728904568
67,22,61.270883591796334
67,23,64.0925226900793
67,24,63.187199561925
67,25,60.322539029231116
67,26,61.04790283871651
67,27,62.99784410331336
67,28,63.25291914927231
67,29,62.51019424866839
67,30,62.50919039616846
67,31,58.815652275290795
67,32,55.66438337799315
67,33,52.045583491944605
67,34,48.96035039908751
67,35,47.2981882282453
67,36,44.32093794155226
67,37,41.283225643244904
67,38,40.317448695197264
67,39,38.37020993138048
67,40,35.0868910011312
67,41,33.74769131844228
67,42,30.628910445181447
67,43,28.416417495230217
67,44,26.82064779265295
67,45,28.224388527506633
67,46,25.95070001787304
67,47,28.8719833750869
67,48,29.994396671735515
67,49,27.08726222718071
67,50,23.621459912740647
67,51,21.53982381501297
67,52,17.73257521806198
67,53,16.58970328501371
67,54,13.557664598525855
67,55,13.632941186827944
67,56,11.265599427318037
67,57,10.057425459990752
67,58,12.355047049123112
67,59,13.269094516191863
67,60,12.571141893282425
67,61,8.951106184607434
67,62,8.678303174707661
67,63,11.030384841955213
67,64,9.369173602777199
67,65,5.991543945322122
67,66,3.8426746978447315
67,68,3.8067139385927167
67,69,5.282184013954681
67,70,5.306251948215456
67,71,8.618737614629415
67,72,10.057856952256836
67,73,10.489485171988509
67,74,14.266300228574087
67,75,15.073753025881755
67,76,18.3839124339178
67,77,20.18779645387385
67,78,23.49595579771335
67,79,22.228594952808525
67,80,18.742111034596906
67,81,18.90431149759553
67,82,17.099568927946937
67,83,17.566215265943462
67,84,18.72510191915363
67,85,16.42039280675503
67,86,13.35609807830129
67,87,11.628118902067998
67,88,9.35587580959517
67,89,7.632894107377573
67,90,7.121393933198168
67,91,10.42244039596894
67,92,13.25053317247579
67,93,14.32195517379877
67,94,17.328160154435302
67,95,18.335585040864068
67,96,22.127341778514708
67,97,23.329933307835226
67,98,20.126890575378365
67,99,22.24119544012916
67,100,23.418923331662768
67,101,20.1351849269961
67,102,18.991417989257044
67,103,22.389104766094935
67,104,22.55631703108006
67,105,19.15916565342076
67,106,20.06091754749123
67,107,23.512013215331606
67,108,22.43668033545805
67,109,20.794000260556665
67,110,18.41090140110125
67,111,15.124828006515976
67,112,16.883128512330373
67,113,15.878215515832238
67,114,18.393491262205625
67,115,17.790001139800673
67,116,20.85043503382937
67,117,22.671017180969255
67,118,22.368796330366898
67,119,24.419297460701408
67,120,23.781608975871052
67,121,26.88594751086165
67,122,27.279229125055018
67,123,23.7947403771838
67,124,21.00388792274326
67,125,17.864370160440807
67,126,14.19092902864737
67,127,14.276530851403585
67,128,11.785089122717306
67,129,11.793474799427987
67,130,11.952677131749422
67,131,10.71452572551141
67,132,7.1710420395231385
67,133,7.204922372014463
67,134,5.697224469573184
67,135,8.62798609369832
67,136,11.728015203967372
67,137,11.718287501088525
67,138,10.433584687400389
67,139,7.997312779758188
67,140,7.524549806734271
67,141,6.915770806980778
67,142,7.405824293640348
67,143,10.593974130189347
67,144,12.02095446928003
67,145,14.045912524461203
67,146,15.042184345856398
67,147,18.685812771777275
67,148,20.897588841489277
67,149,24.408849517810307
67,150,25.684916686135903
67,151,28.88515941137067
67,152,30.202452543623178
67,153,29.910932013495582
67,154,27.587001369315274
67,155,29.62667266300657
67,156,29.93958032374102
67,157,27.6769271020866
67,158,29.240539506841042
67,159,27.692292345016657
67,160,28.61412380279355
67,161,26.81194243914692
67,162,29.36561451460531
67,163,28.93105164388011
67,164,31.407316400890174
67,165,30.180495121520277
67,166,31.823237939802244
67,167,28.81336459596227
67,168,26.864477870503354
67,169,23.65442715338868
67,170,21.044068276726932
67,171,19.48068422048649
67,172,16.70983855622551
67,173,17.160865774207515
67,174,17.319022218120505
67,175,19.40265152446715
67,176,18.709016034933736
67,177,21.05571453617064
67,178,21.98328223909982
67,179,23.858137497248922
67,180,26.707839089439616
67,181,28.877458619564216
67,182,28.11848578453047
67,183,24.35384603063727
67,184,25.30427322846535
67,185,27.70768714276641
67,186,25.802885376617873
67,187,22.998525188949372
67,188,24.975963154679786
67,189,28.47832502980361
67,190,30.046181402768408
67,191,30.997200947192184
67,192,29.882225418736315
67,193,27.43044124697791
67,194,27.437975060738676
67,195,25.282910002380635
67,196,27.28260671992968
67,197,25.997652183882014
67,198,28.913495995928205
67,199,30.392196663481236
67,200,34.097611713865064
67,201,33.9158573852031
67,202,31.46619618887404
67,203,30.55477907040351
67,204,27.804472279897563
67,205,28.5712733598989
67,206,26.585693610277346
67,207,27.731436418273745
67,208,25.186605035086128
67,209,26.086923229033648
67,210,26.457030845691474
67,211,26.51096174934088
67,212,25.619446327984342
67,213,23.747867167346282
67,214,23.08224016040329
67,215,20.477622263460166
67,216,17.049464850193413
67,217,14.692128337137733
67,218,17.135376572000276
67,219,17.416988483838995
67,220,20.302954976565037
67,221,19.052213744088313
67,222,17.502856069065874
67,223,16.259236300345503
67,224,18.216347335883533
67,225,17.003418074047627
67,226,19.752648396782018
67,227,20.488504764869457
67,228,23.38983581476361
67,229,25.073870985359473
67,230,27.177765722715957
67,231,30.050656659678133
67,232,31.661320825531554
67,233,33.79561307509982
67,234,32.12802092128531
67,235,30.1381970123775
67,236,27.0855432441411
67,237,28.076165208284543
67,238,25.725468623817076
67,239,27.660134219774058
67,240,26.509409066366665
67,241,27.969459519836647
67,242,24.961021362274042
67,243,21.812157613238014
67,244,20.439439113028314
67,245,16.76041024197845
67,246,17.60147263272844
67,247,16.52703742778557
67,248,15.910220042029463
67,249,17.90039551550028
67,250,18.895916367385393
67,251,18.154254013329126
67,252,21.005755927635594
67,253,22.997884565478195
67,254,25.14726804708067
67,255,27.631627669680636
67,256,28.208967023988954
67,257,28.056515034610605
67,258,24.377247343533018
67,259,23.5748734119533
67,260,21.357841074740705
67,261,22.50847853706108
67,262,21.719073431999252
67,263,22.813896023343652
67,264,22.48874756131494
67,265,24.675635431808097
67,266,23.76254259766261
67,267,23.90513770499315
67,268,26.97241355857058
67,269,28.68125305880157
67,270,31.39044373158683
67,271,32.61545760415171
67,272,32.98313748807467
67,273,33.19245640039727
67,274,32.52063039947832
67,275,29.393886682631905
67,276,29.48081782639531
67,277,27.060055227133663
67,278,29.59993831298322
67,279,29.077677067319225
67,280,31.08323647258571
67,281,34.763473986596786
67,282,37.6656045768062
67,283,39.456315899929194
67,284,43.0278789979314
67,285,43.989426586066834
67,286,44.190678640429695
67,287,42.805581974159466
67,288,40.012796258274555
67,289,39.42663916521536
67,290,35.9813484194315
67,291,33.6953766431144
67,292,34.105682696923616
67,293,30.492788677254403
67,294,30.791491622089648
67,295,29.511808535871474
67,296,31.702265691906707
67,297,35.4216320143812
67,298,36.17975294962518
67,299,39.33361021277905
67,300,40.00015180815127
67,301,39.02662210610778
67,302,42.12559939677138
67,303,42.97036024512208
67,304,45.575171919242976
67,305,44.71629557838964
67,306,47.600863570304924
67,307,49.855617289601604
67,308,52.552847089407145
67,309,54.01806419933336
67,310,57.4937637355941
67,311,58.07619499205818
67,312,61.730039946653974
67,313,64.96895645846068
67,314,66.24990562208694
67,315,66.77486449207848
67,316,70.37868502430523
67,317,71.21154852971493
67,318,74.60819906915151
68,1,94.7677755478627
68,2,96.04949545145446
68,3,92.74835795935492
68,4,88.98426718105881
68,5,85.86893379578792
68,6,82.64936257012042
68,7,79.67223340752689
68,8,76.48604101711398
68,9,73.29021233566809
68,10,69.51328008214952
68,11,67.12983530232522
68,12,65.54035333813871
68,13,62.999036084337554
68,14,63.219803600399
68,15,59.979922245086684
68,16,58.6702127443109
68,17,55.896015835325315
68,18,56.0095378850433
68,19,55.0285181321563
68,20,55.544504208449084
68,21,57.662440887485104
68,22,58.926406219379906
68,23,61.6689430903968
68,24,60.59838442948882
68,25,57.66550653813557
68,26,58.24068678010117
68,27,60.1606458187936
68,28,60.28404793684253
68,29,59.56469742915064
68,30,59.472581525721786
68,31,55.79402520998227
68,32,52.72363835776761
68,33,49.13128091671624
68,34,46.06648529420933
68,35,44.59638030982171
68,36,41.58910137972274
68,37,38.43776594511023
68,38,37.34735465336199
68,39,35.22094541631901
68,40,31.89680278099336
68,41,30.390500482499423
68,42,27.258660646831654
68,43,25.085360023563297
68,44,23.75466649557217
68,45,25.27278410542246
68,46,23.211991955281498
68,47,26.376095756083426
68,48,27.768422945922985
68,49,25.037118229832497
68,50,21.665535866908012
68,51,19.232526599813667
68,52,15.492361585514935
68,53,13.766969819380503
68,54,10.857625675075255
68,55,10.25543180442694
68,56,7.986690264829325
68,57,7.697700117362265
68,58,10.831726355520937
68,59,12.427198981469047
68,60,12.672670499059507
68,61,9.044870968763362
68,62,8.64077003524262
68,63,11.939307059943038
68,64,11.25669627775938
68,65,8.152089370680406
68,66,5.658985892131729
68,67,3.8067139385927167
68,69,3.830428173461244
68,70,5.638380591100859
68,71,7.421041894487935
68,72,9.179643528173047
68,73,10.94615582980822
68,74,14.680374677307894
68,75,14.532989486634984
68,76,17.620648270680473
68,77,18.86396714282222
68,78,22.018524044673168
68,79,20.39511776234425
68,80,16.870680506548307
68,81,16.4666011015368
68,82,14.68807361140401
68,83,14.658570637550671
68,84,15.936692579022091
68,85,13.368162279290862
68,86,10.691284144194427
68,87,9.66671197469483
68,88,8.628048408316976
68,89,7.536666633844963
68,90,8.806911035569742
68,91,12.514713355733976
68,92,14.642333115973445
68,93,15.82410638311825
68,94,18.50785027050466
68,95,19.43378070061398
68,96,23.187548222534005
68,97,23.970409479851785
68,98,20.46254924022668
68,99,22.083552888196735
68,100,23.655178601436276
68,101,20.66442811570334
68,102,18.845430963722748
68,103,22.086311863019016
68,104,22.72554564781786
68,105,19.306543198497447
68,106,19.474545072711425
68,107,23.068164824135938
68,108,22.405152369666155
68,109,20.286826663869277
68,110,18.343089345130867
68,111,15.565803787292886
68,112,17.763420624005747
68,113,17.549587134846924
68,114,20.47565988240068
68,115,20.43783299673797
68,116,23.7260633872269
68,117,25.845893028531517
68,118,25.732880042928393
68,119,27.977359854550926
68,120,27.463091501906938
68,121,30.632136743911683
68,122,31.070487408966077
68,123,27.576159162269654
68,124,24.79520339093041
68,125,21.669810903379975
68,126,17.99591008780411
68,127,17.96634906176039
68,128,15.256486221956912
68,129,14.6954485068286
68,130,14.129866541439732
68,131,12.4388952372774
68,132,9.547181436198729
68,133,9.348120315907245
68,134,8.170303429488376
68,135,9.980283548979806
68,136,13.028255314408115
68,137,13.959049556399558
68,138,13.23149870847006
68,139,11.426682167393961
68,140,11.152236273562218
68,141,10.293060987742034
68,142,10.748001748462977
68,143,13.543947113912912
68,144,15.310995060670392
68,145,17.66549258682631
68,146,18.66553370760758
68,147,22.367517065653868
68,148,24.537083163757806
68,149,28.074584170312086
68,150,29.43530501628247
68,151,32.59741675101602
68,152,33.83555902907442
68,153,33.58441374109368
68,154,31.23723306187208
68,155,33.282471793650416
68,156,33.47326747610743
68,157,31.208013216733274
68,158,32.64755193814814
68,159,31.02843242652623
68,160,31.717978852025894
68,161,29.722604860955084
68,162,32.02086565578206
68,163,31.236867023641146
68,164,33.630137146721985
68,165,32.052813948452425
68,166,33.3498111690692
68,167,30.18792509241666
68,168,28.332151861633704
68,169,25.417097115896034
68,170,22.74191784132306
68,171,21.678579249795984
68,172,18.94627279767552
68,173,19.833668650123236
68,174,19.991005650194808
68,175,22.152944615641676
68,176,21.513610772615856
68,177,23.526388026870166
68,178,24.522275913845576
68,179,26.044708376182168
68,180,29.100267092803453
68,181,31.554718220620142
68,182,30.913945466929288
68,183,27.178922662222607
68,184,28.28645372385943
68,185,30.879119806816103
68,186,29.025077601249333
68,187,26.354728456535284
68,188,28.39258600159411
68,189,31.870377978641486
68,190,33.346340543200085
68,191,34.06339163251931
68,192,32.85692572031461
68,193,30.512296369766297
68,194,30.433519068094
68,195,28.250852225364355
68,196,30.14196400137025
68,197,28.742114897921358
68,198,31.518691349255498
68,199,32.837506848194025
68,200,36.46825685704373
68,201,35.996501067935654
68,202,33.596236682498684
68,203,32.91736725386006
68,204,30.137250198835766
68,205,31.0998269136382
68,206,29.073592624376346
68,207,30.30932269360882
68,208,27.741781822556938
68,209,28.341273712275473
68,210,28.78163617837231
68,211,28.430476422050123
68,212,27.25501613101871
68,213,25.004690922501563
68,214,23.81770290506343
68,215,21.178376537959036
68,216,17.548309484031
68,217,15.155031088576713
68,218,18.066951207123118
68,219,18.894496941098115
68,220,21.83185695910449
68,221,21.080247359687405
68,222,19.49048369773238
68,223,18.538959489595456
68,224,20.23884285471941
68,225,18.96565139848227
68,226,21.716234712792996
68,227,22.353255756626904
68,228,25.368751633250955
68,229,26.82166316318048
68,230,29.178700986493233
68,231,31.817820820308572
68,232,33.51017804273343
68,233,35.93329758709928
68,234,34.40258143408797
68,235,32.71425002057642
68,236,29.780706301438094
68,237,31.023216672015106
68,238,28.83084497871517
68,239,30.87915394735452
68,240,29.807214754688935
68,241,31.363897395068634
68,242,28.306060951471146
68,243,24.999320738350754
68,244,23.701684547091844
68,245,20.011967992050906
68,246,20.914754377644638
68,247,19.602155827950984
68,248,19.059625868028874
68,249,20.606678717066305
68,250,21.08646988881353
68,251,19.725517642983096
68,252,22.16480392027527
68,253,23.823902748619172
68,254,25.48215688432423
68,255,27.61379665168337
68,256,27.692891988102
68,257,27.055489559529533
68,258,23.338181305104236
68,259,22.33396834306394
68,260,19.80019612999125
68,261,20.451909907819243
68,262,19.391079491743596
68,263,19.99344670121737
68,264,19.28065336666694
68,265,21.357228098856123
68,266,20.286903340852735
68,267,20.62300668360018
68,268,23.680816220082132
68,269,25.580140723640998
68,270,28.390929529852745
68,271,29.870798416352574
68,272,30.300359635052022
68,273,30.81635344274127
68,274,30.06493426007498
68,275,26.833270598924347
68,276,26.85143711799552
68,277,24.3080759681827
68,278,26.576426904043853
68,279,26.01250554328345
68,280,28.15412650403817
68,281,31.874620623609303
68,282,34.85486505079481
68,283,36.8790505443999
68,284,40.368107109415035
68,285,41.35913641927444
68,286,41.79005073158785
68,287,40.35147625348097
68,288,37.427100220408995
68,289,36.7637184159199
68,290,33.207261130901685
68,291,31.167591254759824
68,292,31.919815662823993
68,293,28.363462029855185
68,294,28.6167384049467
68,295,27.49122739088374
68,296,29.71648139236728
68,297,33.35671543932158
68,298,33.922990543422515
68,299,37.003983492123176
68,300,37.84203373157012
68,301,36.77634945426837
68,302,39.819690470419104
68,303,40.57141452328951
68,304,42.99796168337089
68,305,41.9140166420812
68,306,44.763743706699074
68,307,47.13755203273804
68,308,49.742566614455086
68,309,51.30767169657329
68,310,54.71929414013492
68,311,55.26564002331513
68,312,58.87007795364104
68,313,62.1346335770577
68,314,63.37116558699293
68,315,63.75719540999944
68,316,67.33522020781254
68,317,68.04906061038211
68,318,71.3977740336992
69,1,92.71495290549551
69,2,93.88423235006053
69,3,90.5546955163656
69,4,86.80505734934735
69,5,83.69802871775534
69,6,80.40623524531688
69,7,77.46300703809695
69,8,74.19857618421494
69,9,71.07883919210758
69,10,67.31244281120547
69,11,65.05897281197527
69,12,63.6061551565941
69,13,61.21531743354908
69,14,61.6339840572053
69,15,58.40787043690339
69,16,56.906079493735945
69,17,54.076516891418606
69,18,54.142577844268324
69,19,52.958753774801444
69,20,53.38114089547372
69,21,55.3289860419856
69,22,56.51708639935493
69,23,59.39071363955397
69,24,58.48003402110863
69,25,55.68517483139193
69,26,56.32600611837263
69,27,58.15454921820104
69,28,58.36289275585073
69,29,57.50729856940443
69,30,57.45976170151608
69,31,53.744324362610065
69,32,50.594406161975876
69,33,46.945140839836924
69,34,43.920547853772376
69,35,42.235460344414236
69,36,39.35055349168904
69,37,36.274151420101184
69,38,35.4809742087797
69,39,33.53082547742783
69,40,30.190920763211313
69,41,28.904184507499235
69,42,25.912848112303184
69,43,23.533900158690095
69,44,21.710545828336887
69,45,23.049866373130797
69,46,20.782416041546693
69,47,23.694651566224234
69,48,24.817729760266214
69,49,21.89075491746382
69,50,18.491728504379832
69,51,16.276547986375586
69,52,12.472851802916738
69,53,11.402123308536764
69,54,8.4912278663805
69,55,9.198564445044317
69,56,7.785478924572607
69,57,5.982411310307594
69,58,8.559574595408497
69,59,9.264308639332516
69,60,9.957568449071724
69,61,6.829178212138698
69,62,5.210988269105043
69,63,8.700662004015292
69,64,8.981689897979512
69,65,6.1541809730940695
69,66,5.20403893063899
69,67,5.282184013954681
69,68,3.830428173461244
69,70,3.818382492138826
69,71,5.330286613455559
69,72,5.720858571427724
69,73,7.7482377974402805
69,74,11.296539294862885
69,75,10.959085491467885
69,76,13.935257541666813
69,77,15.273305356223414
69,78,18.488518272949587
69,79,17.095730536680083
69,80,13.649705099153914
69,81,13.862751201402249
69,82,12.535406314790206
69,83,13.423119095717901
69,84,15.3720672210746
69,85,13.589623252442209
69,86,10.458679219436126
69,87,10.219464498608865
69,88,9.256451484778568
69,89,9.515811872943996
69,90,10.190134896735982
69,91,13.4691817817953
69,92,15.27023351553601
69,93,15.525712567533255
69,94,17.662416348843067
69,95,17.843313064370545
69,96,21.467571093650342
69,97,21.808595369240855
69,98,18.29530818768294
69,99,19.597114627211834
69,100,20.82877175768911
69,101,17.743687082608297
69,102,15.845505009796206
69,103,18.873688635690307
69,104,19.28707043018384
69,105,15.751154015922598
69,106,15.908710266258188
69,107,19.413131865294474
69,108,18.625600488878277
69,109,16.480387181741083
69,110,14.524620874560041
69,111,11.843259122586574
69,112,14.266779318363989
69,113,14.439192196550197
69,114,17.67397819015587
69,115,18.183065450622422
69,116,21.57581899614574
69,117,24.108180648470277
69,118,24.172950289254178
69,119,26.816895092588943
69,120,26.658479618056052
69,121,30.069327594008627
69,122,30.933978933188524
69,123,27.59849186481095
69,124,25.164881141104217
69,125,21.765598592505
69,126,18.331951606004985
69,127,18.765484936002785
69,128,16.652107994518506
69,129,16.629872464240723
69,130,16.788035028117246
69,131,14.859867965670436
69,132,11.73254051014826
69,133,12.23663505359085
69,134,10.728508258637733
69,135,12.966337871277169
69,136,16.297521039254825
69,137,16.831388805967663
69,138,15.701695546270114
69,139,13.154221398210298
69,140,11.926140019864219
69,141,9.839962104678586
69,142,9.738492588105023
69,143,11.700638476980217
69,144,14.080737687118884
69,145,17.003127311946823
69,146,18.608903536332104
69,147,22.314561167032398
69,148,24.944507787490316
69,149,28.588614396341583
69,150,29.975921925858827
69,151,33.35440682490263
69,152,34.6296074490139
69,153,33.971085724541105
69,154,31.315643253374574
69,155,32.971535081023156
69,156,32.78092868472763
69,157,30.25381359346867
69,158,31.279007920426118
69,159,29.397185215562544
69,160,29.67493124512404
69,161,27.411076542422965
69,162,29.399163360944993
69,163,28.30035741713545
69,164,30.634619631101756
69,165,28.83799848927249
69,166,29.91614147310846
69,167,26.680521512515984
69,168,24.889080659514388
69,169,22.159729904908524
69,170,19.552077658390328
69,171,18.919332986994593
69,172,16.48751081252594
69,173,17.999390342989532
69,174,18.718480955667847
69,175,21.38642022350642
69,176,21.41275422702851
69,177,23.68670099224
69,178,25.233798762087005
69,179,27.08639879197856
69,180,30.267956985480385
69,181,32.53236542519418
69,182,32.21730173084797
69,183,28.424026187933656
69,184,29.050105151759738
69,185,31.728499742011714
69,186,30.199712160974382
69,187,27.208229232468213
69,188,28.794302806624035
69,189,32.43695623733635
69,190,33.586098251429405
69,191,34.421300217227156
69,192,32.84331781308142
69,193,30.217253791785417
69,194,29.665429062250027
69,195,27.118976392845433
69,196,28.583431683016578
69,197,26.796018884043633
69,198,29.274429064845283
69,199,30.270126216144075
69,200,33.79823087634067
69,201,33.221113065310696
69,202,31.036525448940317
69,203,30.708031156228753
69,204,28.15946836675934
69,205,29.535421228758846
69,206,27.869884594353138
69,207,29.55078722844857
69,208,27.371888109438324
69,209,28.28841975021616
69,210,29.2124764950124
69,211,29.07264439299666
69,212,28.309212085841978
69,213,25.916294740449274
69,214,25.022022936933407
69,215,22.823742373456255
69,216,19.10668957078907
69,217,17.321641861490875
69,218,20.412108508003985
69,219,20.689709149693005
69,220,23.205082790199057
69,221,22.027422703351274
69,222,19.841019989276067
69,223,18.26954661448154
69,224,19.304415170709667
69,225,17.388264191488382
69,226,19.666673784841112
69,227,19.79076127690333
69,228,22.62646317534573
69,229,23.73590526397548
69,230,26.12786407218103
69,231,28.559459177494762
69,232,30.23981442099456
69,233,32.844736336985136
69,234,31.470838667399
69,235,30.061127366457484
69,236,27.32969393715677
69,237,28.93327106907091
69,238,27.096050195981455
69,239,29.48602888007249
69,240,28.84373370565175
69,241,30.81732963350159
69,242,28.031013666348016
69,243,24.761348197230998
69,244,22.993143235460693
69,245,19.221496095965197
69,246,19.66132075927208
69,247,17.78670353171158
69,248,17.25951486180626
69,249,18.201885891406388
69,250,18.17440064140904
69,251,16.407055521908465
69,252,18.61791798447119
69,253,20.14906448026607
69,254,21.686073307534667
69,255,23.805300487352607
69,256,23.900402378248426
69,257,23.378261146402124
69,258,19.680015796193988
69,259,18.88512676544869
69,260,16.647080313289678
69,261,17.767571475057306
69,262,17.29074105581024
69,263,18.25185381488185
69,264,18.171904325323656
69,265,20.047607793635354
69,266,19.111189341424293
69,267,18.97333104074721
69,268,22.102442376947344
69,269,23.808199461653086
69,270,26.337209534651763
69,271,27.426642426106902
69,272,27.717007079495897
69,273,27.91618210765977
69,274,27.28737954249916
69,275,24.216438798971236
69,276,24.501273515336734
69,277,22.29787709932819
69,278,24.88114574398725
69,279,24.110455398376672
69,280,25.939109993701297
69,281,29.62028209635772
69,282,32.44724849051793
69,283,34.21903383967386
69,284,37.781215882746416
69,285,38.813281998388405
69,286,39.07131934173273
69,287,37.802291346874405
69,288,35.07243340344801
69,289,34.68309853777976
69,290,31.23501364786247
69,291,29.04244843390522
69,292,29.52931086091224
69,293,25.851218158051136
69,294,25.865961428628907
69,295,24.455075090308075
69,296,26.55341621442523
69,297,30.244787218288376
69,298,31.03795611680281
69,299,34.245641645937475
69,300,35.075143348494485
69,301,34.25348877477969
69,302,37.455751713597465
69,303,38.48626401544715
69,304,40.976673839207336
69,305,40.079263210662795
69,306,42.825690983821815
69,307,44.97986229961544
69,308,47.59535400321738
69,309,48.95944541828849
69,310,52.41260156025136
69,311,52.916609909741986
69,312,56.583334902226156
69,313,59.85150841697108
69,314,61.2144289429339
69,315,61.778010899008336
69,316,65.41277786950923
69,317,66.29137105318873
69,318,69.69361324394971
70,1,94.66089948506533
70,2,95.81697610773723
70,3,92.52797945452552
70,4,88.77791936718842
70,5,85.748553925601
70,6,82.40311266238106
70,7,79.55856676461813
70,8,76.27044932283178
70,9,73.23599520422897
70,10,69.47638080261216
70,11,67.25169863043573
70,12,65.95495482451778
70,13,63.61878659146748
70,14,64.16998952366625
70,15,61.036462866361234
70,16,59.510576864245856
70,17,56.754822027923744
70,18,56.934885430130834
70,19,55.68979683299576
70,20,56.1600766066197
70,21,58.013775367468625
70,22,59.220779699811516
70,23,62.19265214840108
70,24,61.34997220986944
70,25,58.65328915934677
70,26,59.238089309345035
70,27,60.926887191485235
70,28,61.071196510344514
70,29,60.04338511486335
70,30,59.87417307866591
70,31,56.121402395495515
70,32,53.01303197971556
70,33,49.30928541876604
70,34,46.426294311426076
70,35,44.69061889272275
70,36,41.98264831637311
70,37,38.866582759172076
70,38,38.31833924628807
70,39,36.30486836689537
70,40,32.853854206796
70,41,31.414127937624453
70,42,28.6598332872141
70,43,25.97476934010681
70,44,23.941859223127572
70,45,24.772545540718724
70,46,22.06491869326883
70,47,24.676187932631436
70,48,25.645703432287075
70,49,22.87100858493131
70,50,19.23446073711944
70,51,17.6675281821327
70,52,13.92824364742669
70,53,13.62606709783115
70,54,11.373384454427557
70,55,12.30735557330018
70,56,11.390749532996722
70,57,9.700197989430494
70,58,11.929082267373479
70,59,11.758521032193215
70,60,12.214076039454014
70,61,9.41101919865987
70,62,6.95644798415766
70,63,9.41235717952795
70,64,9.504636760184399
70,65,5.976267835932881
70,66,6.570318637199172
70,67,5.306251948215456
70,68,5.638380591100859
70,69,3.818382492138826
70,71,3.815812104460095
70,72,5.33425984969059
70,73,5.694033765982913
70,74,9.505667565451938
70,75,10.193085025181984
70,76,13.750385568717421
70,77,15.911296743748602
70,78,19.471656584173235
70,79,18.785622994317308
70,80,15.72277494847328
70,81,16.568284038963725
70,82,15.806017034195955
70,83,16.96424767245492
70,84,19.12248238157106
70,85,17.30343406995375
70,86,14.267511137035976
70,87,13.88080915632386
70,88,12.45838150012278
70,89,11.997846102054977
70,90,11.804386658029106
70,91,14.854027742036704
70,92,17.29925515792596
70,93,17.47837563956857
70,94,19.81402487522769
70,95,19.84624965981702
70,96,23.447084329755338
70,97,23.91563639787929
70,98,20.643554525741177
70,99,22.077617425540524
70,100,22.77831160811971
70,101,19.38397370438558
70,102,17.94715521396535
70,103,20.795873966000762
70,104,20.549161882685688
70,105,16.836662081784187
70,106,17.451172814297585
70,107,20.610056246257518
70,108,19.131936307952472
70,109,17.024112862482806
70,110,14.358137627281822
70,111,11.292398759020118
70,112,12.754698767161436
70,113,12.509037371654859
70,114,15.315835171536644
70,115,15.562873336115743
70,116,19.107072962266205
70,117,21.503113642945547
70,118,21.974170502919165
70,119,24.555808893324915
70,120,24.728065248344393
70,121,28.074113215069893
70,122,29.129806058089578
70,123,25.980820729844414
70,124,23.44925400806606
70,125,19.90769768163981
70,126,16.51507709045627
70,127,17.628579774579677
70,128,15.901946116711093
70,129,16.65060093855815
70,130,17.146120892746364
70,131,15.977230172689634
70,132,12.385533718351605
70,133,12.221996159025053
70,134,9.69143913454408
70,135,11.748527341955631
70,136,15.413935866645204
70,137,15.819214304152194
70,138,15.00895792616214
70,139,12.186582662967313
70,140,11.322478926900109
70,141,9.362590099713838
70,142,7.870082283720735
70,143,10.211487654146417
70,144,13.082851432266908
70,145,15.638624931240685
70,146,17.715979936295366
70,147,21.196502210255076
70,148,23.98403552357512
70,149,27.475752791153564
70,150,28.424090530115055
70,151,31.798147748316584
70,152,33.44278772249362
70,153,32.81254578682405
70,154,30.266889181813774
70,155,31.79550966063735
70,156,31.787379966174832
70,157,29.043347001371057
70,158,29.998754797138083
70,159,27.853770155803073
70,160,28.129535322179894
70,161,25.717489314902043
70,162,27.762296560425384
70,163,26.764359690765627
70,164,28.8295247353961
70,165,27.115270772413123
70,166,28.518952564280468
70,167,25.574940650047054
70,168,24.128698323284322
70,169,21.248367775261748
70,170,19.117296037907195
70,171,18.375995789366907
70,172,16.392099814141552
70,173,17.89296989429362
70,174,19.080036075150925
70,175,21.88008010491463
70,176,21.999495090942673
70,177,24.70507765414888
70,178,26.139639489162327
70,179,28.32631900776034
70,180,31.237165968073704
70,181,33.18752201425042
70,182,32.60615695217616
70,183,28.81258548524124
70,184,29.334456730851596
70,185,31.66812107295356
70,186,29.936441981335182
70,187,26.82794408616566
70,188,28.35912233280867
70,189,32.00853376980946
70,190,33.36257270721325
70,191,34.59728516905663
70,192,33.157405973944044
70,193,30.327949466462762
70,194,29.774876739108826
70,195,27.0977602064167
70,196,28.46244743573111
70,197,26.51184329797225
70,198,28.918854901524718
70,199,29.751740355684497
70,200,33.289356612201104
70,201,33.11953335125314
70,202,31.155965005851563
70,203,30.852965398907745
70,204,28.560808785339127
70,205,29.954880414160105
70,206,28.54388485826202
70,207,30.275647460108175
70,208,28.2238674851553
70,209,29.532244954110457
70,210,30.38136784236195
70,211,30.648342684111263
70,212,30.085858433968184
70,213,28.04040351960878
70,214,27.47315046621541
70,215,25.162444550529816
70,216,21.58682269620215
70,217,19.564815731796493
70,218,22.257600539901542
70,219,22.372017133017724
70,220,24.99393147941382
70,221,23.45922238141338
70,222,21.37863638522504
70,223,19.476238288857136
70,224,20.63976370831179
70,225,18.52093986586059
70,226,20.49687654811078
70,227,20.259376636461422
70,228,22.681667525318126
70,229,23.581888176573727
70,230,25.492031092772095
70,231,27.89246083679106
70,232,29.150041204344916
70,233,31.60792180935253
70,234,30.46368323231727
70,235,28.890521262612594
70,236,26.30088724111223
70,237,27.94794081369989
70,238,26.222165440909812
70,239,28.748540155778713
70,240,28.27606092795753
70,241,30.25835323006808
70,242,27.67757248160433
70,243,24.725456460654765
70,244,22.65088135390147
70,245,18.854178363956084
70,246,18.726813946643507
70,247,16.611296301604824
70,248,15.322121841791724
70,249,16.330853462173543
70,250,16.77737814205913
70,251,15.381685881359195
70,252,17.59526574539999
70,253,19.76802713420094
70,254,21.498119357135415
70,255,24.07522782795553
70,256,24.401560567008524
70,257,24.330388834292844
70,258,20.80650283143093
70,259,20.660636662362368
70,260,18.980291848943327
70,261,20.55630748335876
70,262,20.536263608824218
70,263,21.492177905529644
70,264,21.483286818507242
70,265,23.002715315184126
70,266,21.687222548997575
70,267,21.043019297559383
70,268,23.82073582767281
70,269,25.01168138382938
70,270,27.651279769543915
70,271,28.671308357982962
70,272,29.30204744561074
70,273,29.459068725727263
70,274,29.269114128947415
70,275,26.48238635320329
70,276,27.191417166913407
70,277,25.30897808199724
70,278,27.89590934147926
70,279,26.77048103913469
70,280,28.24543106810144
70,281,31.93844638832406
70,282,34.50443184041398
70,283,36.19411490634664
70,284,39.711130924730384
70,285,40.999416191924624
70,286,41.27546802470176
70,287,40.28141583903614
70,288,37.72810979439077
70,289,37.61082046899384
70,290,34.198536405731275
70,291,32.05398816857402
70,292,32.44310990579319
70,293,28.691881146378645
70,294,28.370421645827395
70,295,26.56271512069202
70,296,28.277806492834994
70,297,31.93997906226981
70,298,33.11504780817608
70,299,36.49718574777999
70,300,37.48582325354125
70,301,36.95840897079776
70,302,40.29758172616613
70,303,41.549220506909904
70,304,43.997093284814206
70,305,43.11598267396934
70,306,45.715399342923625
70,307,47.72334937651189
70,308,50.23084690796926
70,309,51.40229855407534
70,310,54.813565639728296
70,311,55.12979881253984
70,312,58.81990514614102
70,313,62.16013836132349
70,314,63.691840936425955
70,315,64.30058449169876
70,316,67.9767425018215
70,317,68.87246557010138
70,318,72.2450464337086
71,1,91.61883902545472
71,2,92.82489341438796
71,3,89.58702585421366
71,4,85.82841910837915
71,5,82.86220236765568
71,6,79.51590590322495
71,7,76.74000580916635
71,8,73.48483359601876
71,9,70.48062331721576
71,10,66.72144497218287
71,11,64.44323721927427
71,12,63.22772062641666
71,13,60.87589507907151
71,14,61.486492568752325
71,15,58.4552255366646
71,16,56.98872533949805
71,17,54.36196261270342
71,18,54.742070102325584
71,19,53.57207886174936
71,20,54.23760811300201
71,21,56.13762539066789
71,22,57.52973402120272
71,23,60.51200355503684
71,24,59.572512456332014
71,25,56.915717947893725
71,26,57.30062892810889
71,27,58.81902144975265
71,28,58.787606967713074
71,29,57.61980756778184
71,30,57.268742490901964
71,31,53.49920758521216
71,32,50.49632594536437
71,33,46.77144175916879
71,34,44.03775889987101
71,35,42.43125126592435
71,36,39.868461796945134
71,37,36.61914184553898
71,38,36.21367019917064
71,39,34.00712751820612
71,40,30.43173415954178
71,41,28.759304641626905
71,42,26.2585720265786
71,43,23.30651426804432
71,44,21.243940768901165
71,45,21.720617597031747
71,46,18.846245099189023
71,47,21.450122258876153
71,48,22.573023008226098
71,49,20.0963600976631
71,50,16.389294813444035
71,51,14.948278869930322
71,52,11.36796185219317
71,53,11.244145160852089
71,54,9.922581195760756
71,55,10.834896339983276
71,56,11.092095797672284
71,57,9.944404348059656
71,58,12.443547009507636
71,59,12.190685162204025
71,60,13.728034460049141
71,61,11.409103755183246
71,62,8.39780658927589
71,63,11.154634222603107
71,64,12.320278283618645
71,65,9.255249203473964
71,66,9.822533396873961
71,67,8.618737614629415
71,68,7.421041894487935
71,69,5.330286613455559
71,70,3.815812104460095
71,72,3.8213579855303963
71,73,5.70152629482065
71,74,8.835769482101565
71,75,8.431232941856704
71,76,11.906814828617463
71,77,13.827996246689484
71,78,17.41873378959453
71,79,16.8842769981018
71,80,14.177512384924816
71,81,14.999453619475933
71,82,14.977922741654943
71,83,16.10375708676814
71,84,18.779942044917338
71,85,17.07467637159562
71,86,14.515543359288445
71,87,15.071399660542172
71,88,14.543406548392758
71,89,14.523729246340114
71,90,15.0259857198596
71,91,18.261933012774744
71,92,20.400725703729773
71,93,20.492937891414915
71,94,22.51311192296907
71,95,22.245516689629216
71,96,25.712419291704425
71,97,25.69504741700471
71,98,22.28846553716676
71,99,23.134810406360142
71,100,23.85986858952735
71,101,20.681512059591284
71,102,18.745953599505626
71,103,21.142950910175355
71,104,21.00469276169935
71,105,17.238217002508318
71,106,17.151086343968778
71,107,20.145508570678004
71,108,18.754044557299757
71,109,16.03678234182693
71,110,13.607773567346834
71,111,11.301449339788572
71,112,12.728561777193146
71,113,13.504683706444592
71,114,16.47080276670784
71,115,17.38462120968139
71,116,21.112103809549627
71,117,23.77106486998257
71,118,24.661704012523288
71,119,27.42950367591791
71,120,27.934691010819392
71,121,31.31734223737801
71,122,32.56938174501969
71,123,29.536418881153644
71,124,27.03344352298129
71,125,23.440077638541936
71,126,20.115882847423975
71,127,21.39280266115555
71,128,19.64470705878547
71,129,20.277890043181703
71,130,20.458829871605495
71,131,19.207803826556038
71,132,15.779956583742804
71,133,15.33311886874531
71,134,12.685348339381889
71,135,13.974883977729931
71,136,17.692484003232728
71,137,18.69953723850475
71,138,18.348746859708076
71,139,15.784113225194584
71,140,15.12671004569967
71,141,13.095837301863256
71,142,11.41761294362067
71,143,13.299705210655766
71,144,16.500261434041935
71,145,19.18242724383163
71,146,21.44632831181602
71,147,24.879407018259172
71,148,27.742561779236482
71,149,31.210181891924258
71,150,32.05004667075485
71,151,35.41770033972063
71,152,37.162233445596065
71,153,36.5115071947473
71,154,33.94317475182393
71,155,35.34763725075995
71,156,35.23461448065315
71,157,32.357077249911725
71,158,33.067719503450434
71,159,30.6972925526605
71,160,30.63602580532574
71,161,27.92427475713821
71,162,29.59507019318207
71,163,28.18543599970211
71,164,29.93788061457042
71,165,27.81209470646486
71,166,28.880884708751875
71,167,25.960010247006306
71,168,24.895815759338813
71,169,22.4290344822053
71,170,20.576494134771593
71,171,20.48152606763486
71,172,18.88361868364244
71,173,20.869122942005756
71,174,22.307012796028165
71,175,25.280270356715118
71,176,25.58133103294864
71,177,28.217340610103257
71,178,29.757996588687238
71,179,31.84820883328037
71,180,34.85503170439338
71,181,36.891994762550574
71,182,36.355348134393
71,183,32.55945639018859
71,184,33.09709934422555
71,185,35.472848001369364
71,186,33.746058374111634
71,187,30.64320832094869
71,188,32.14042096738011
71,189,35.803746239618526
71,190,37.10796954218453
71,191,38.32897553658137
71,192,36.79446691603311
71,193,33.922253021990116
71,194,33.200923280168055
71,195,30.384512521219197
71,196,31.503450682782812
71,197,29.302092329728236
71,198,31.431707219040113
71,199,31.92072291054083
71,200,35.30804869047671
71,201,35.00794120658704
71,202,33.295937051732686
71,203,33.34514660062194
71,204,31.227169753551973
71,205,32.9066867443458
71,206,31.660064028762193
71,207,33.58363800797261
71,208,31.64736318522996
71,209,32.913430898629365
71,210,33.88674924378052
71,211,34.0128413891455
71,212,33.3693116629532
71,213,31.11542017102998
71,214,30.30185853123471
71,215,28.009680848045278
71,216,24.323728300037327
71,217,22.301986074285445
71,218,25.217339883405025
71,219,25.598051730640567
71,220,28.241407018275794
71,221,26.89208697039309
71,222,24.719671484580083
71,223,22.8360924829036
71,224,23.7187242603655
71,225,21.375074149628333
71,226,23.093622181989996
71,227,22.481873429246917
71,228,24.721445364615878
71,229,25.14431756387659
71,230,27.050943254260496
71,231,29.051642022405243
71,232,30.13624253613835
71,233,32.86634573683918
71,234,32.07337241756109
71,235,30.854226749059105
71,236,28.566346359048623
71,237,30.558562176100885
71,238,29.149254596212547
71,239,31.89118800223638
71,240,31.65830957127678
71,241,33.8027112648119
71,242,31.320011216558495
71,243,28.369107912036238
71,244,26.175057801542053
71,245,22.378938344681554
71,246,22.0341567293103
71,247,19.578090613953187
71,248,18.10362606553422
71,249,18.519267322227005
71,250,18.479941805624097
71,251,16.500846169901177
71,252,17.989443043050382
71,253,19.993076577055167
71,254,21.08788420052733
71,255,23.430449342059664
71,256,23.22606102123259
71,257,22.842493607419524
71,258,19.449336622944447
71,259,19.588991629841605
71,260,18.041289180405503
71,261,19.448780569771934
71,262,19.668896318606663
71,263,20.12425401058001
71,264,19.96831345212422
71,265,20.926957063101483
71,266,19.171722606694534
71,267,18.117869893491363
71,268,20.598751002097305
71,269,21.525034408327045
71,270,24.271954069316852
71,271,25.41976464832195
71,272,26.35046922953855
71,273,26.767053892273314
71,274,26.862094820594063
71,275,24.236858358071757
71,276,25.293431669330758
71,277,23.665095614610433
71,278,26.00719557155823
71,279,24.46820036811543
71,280,25.69443489155929
71,281,29.417347892548115
71,282,31.814562445307768
71,283,33.64650731608216
71,284,37.043652678363834
71,285,38.573669739592425
71,286,39.09321052193153
71,287,38.297466179980894
71,288,35.789744895223805
71,289,35.87983483481259
71,290,32.41808305839418
71,291,30.57708431528621
71,292,31.220817870481486
71,293,27.477538684722898
71,294,26.757700492552225
71,295,24.75744760581285
71,296,26.164919766591023
71,297,29.701771768225594
71,298,30.990631336237577
71,299,34.4421043321343
71,300,35.76142561922393
71,301,35.422627729795025
71,302,38.83063044727508
71,303,40.21947233186205
71,304,42.42871737399795
71,305,41.35511927808188
71,306,43.75584429056749
71,307,45.71837905256309
71,308,48.03088175164686
71,309,49.11308562672456
71,310,52.42378301765964
71,311,52.54560508032537
71,312,56.20937397448312
71,313,59.63012093762128
71,314,61.268743687819075
71,315,61.8013802160209
71,316,65.49089515271744
71,317,66.31150620511652
71,318,69.62081902208092
72,1,89.93399616618552
72,2,91.00831813031733
72,3,87.70949749334822
72,4,83.97367613923232
72,5,80.96631758009626
72,6,77.57016707896601
72,7,74.77049673869068
72,8,71.43543225802978
72,9,68.47288079090198
72,10,64.72962639236093
72,11,62.602471175716595
72,12,61.44514514493493
72,13,59.24352879076644
72,14,59.98731803082039
72,15,56.90871652934454
72,16,55.2342602432369
72,17,52.486185364910604
72,18,52.702078830103396
72,19,51.32027015143598
72,20,51.799931347655104
72,21,53.531897419361094
72,22,54.76990277781373
72,23,57.84025014545155
72,24,57.07883409315674
72,25,54.526512891449315
72,26,55.06726165539879
72,27,56.59511164324776
72,28,56.73814127735301
72,29,55.54482242061502
72,30,55.35245589061352
72,31,51.57720187144271
72,32,48.44849974943192
72,33,44.70665416735021
72,34,41.927240644503215
72,35,40.07081936634766
72,36,37.54654327693017
72,37,34.46328112835392
72,38,34.25087079819978
72,39,32.34575891255352
72,40,28.881446117187554
72,41,27.6090158271501
72,42,25.136779096077376
72,43,22.223165587672238
72,44,19.725125075290794
72,45,20.261588168090807
72,46,17.390528521406537
72,47,19.730832855945273
72,48,20.494279356750827
72,49,17.622682205262418
72,50,13.993579547427395
72,51,12.667034790974597
72,52,9.049460910012371
72,53,9.732187822783777
72,54,8.343546644414573
72,55,10.528616242525326
72,56,11.094097679978772
72,57,8.893674314807928
72,58,10.349319521561869
72,59,9.173837422740808
72,60,11.036020239646762
72,61,9.611679597746221
72,62,6.015299759947676
72,63,8.32834610919246
72,64,10.473402813699968
72,65,8.377627593732033
72,66,9.782501952957947
72,67,10.057856952256836
72,68,9.179643528173047
72,69,5.720858571427724
72,70,5.33425984969059
72,71,3.8213579855303963
72,73,3.8150366022200037
72,74,6.366512897516524
72,75,5.3651059634764
72,76,8.64737917827901
72,77,10.610684587847723
72,78,14.20988635414409
72,79,13.789245495947199
72,80,11.11686620271739
72,81,12.60934842045738
72,82,12.871948651033609
72,83,14.809818410308518
72,84,17.74556447730219
72,85,16.786655264644224
72,86,13.906363848259526
72,87,14.779862362090327
72,88,14.253055317172914
72,89,15.102961070001996
72,90,15.364620750365313
72,91,18.19988763429059
72,92,19.875629549595207
72,93,19.29368676740186
72,94,20.763005468025778
72,95,19.933849091994304
72,96,23.16624312381457
72,97,22.776286660662567
72,98,19.4602792664401
72,99,20.015972975157283
72,100,20.480667476990163
72,101,17.352937453211556
72,102,15.387608222508344
72,103,17.548472684596224
72,104,17.283022801076097
72,105,13.516498092105754
72,106,13.41629028039742
72,107,16.344789576629807
72,108,14.959240186948932
72,109,12.302178401040655
72,110,9.968587785416211
72,111,7.820145107767147
72,112,9.885700982760877
72,113,11.214989056793902
72,114,14.640930087161871
72,115,16.162706618107055
72,116,19.801138420593364
72,117,22.84549213147493
72,118,23.63258858764242
72,119,26.730746106005203
72,120,27.3558758079392
72,121,30.93149452949296
72,122,32.43704008566668
72,123,29.489251683765556
72,124,27.382352951802673
72,125,23.697551031935102
72,126,20.651212776966855
72,127,21.952837753883028
72,128,20.570629627934956
72,129,21.295800975676396
72,130,21.931296456818618
72,131,20.241287143463587
72,132,16.87072217412956
72,133,17.232427802410427
72,134,14.977934208525655
72,135,16.916847513081066
72,136,20.587738502811064
72,137,21.132394923518806
72,138,20.18170126175691
72,139,17.20473799231185
72,140,15.704195518051915
72,141,12.894957129075964
72,142,11.36650841057093
72,143,12.175369892389883
72,144,15.537224557898499
72,145,18.70014609218696
72,146,21.195213280584223
72,147,24.625560914616088
72,148,27.74933334376516
72,149,31.321902684120058
72,150,32.39025816867055
72,151,35.917757881358305
72,152,37.48934805102668
72,153,36.46959499471954
72,154,33.61180241645567
72,155,34.72167295947676
72,156,34.204116243399795
72,157,31.237720405580536
72,158,31.62023615349802
72,159,29.181128018244937
72,160,28.778916428616913
72,161,25.95105853914841
72,162,27.329126730281587
72,163,25.642267755114318
72,164,27.495869696772605
72,165,25.199626339157927
72,166,25.96453481877999
72,167,22.84627910036153
72,168,21.65556534165665
72,169,19.402396471927403
72,170,17.46173603035536
72,171,17.798470333365298
72,172,16.41134755824541
72,173,18.87873529170254
72,174,20.607483056271885
72,175,23.856788219414636
72,176,24.660580445417498
72,177,27.316607732941694
72,178,29.302474503891673
72,179,31.535142651995304
72,180,34.6857287929826
72,181,36.636518276998984
72,182,36.476266964495096
72,183,32.671253499365505
72,184,32.830922613918304
72,185,35.37592569396202
72,186,34.0299725724884
72,187,30.73733272143982
72,188,31.85050539916292
72,189,35.604832982118566
72,190,36.5331465624186
72,191,37.693355428756675
72,192,35.81654920765413
72,193,32.81891957372708
72,194,31.716741897414344
72,195,28.692320937871663
72,196,29.469327500931605
72,197,27.038802090948604
72,198,28.91187287720356
72,199,29.191415759360897
72,200,32.46314601808866
72,201,31.93993882913333
72,202,30.34051798352481
72,203,30.661647112767373
72,204,28.687695262461585
72,205,30.67273480897278
72,206,29.670908134606496
72,207,31.90988257836897
72,208,30.29060212247993
72,209,31.686194233324393
72,210,33.05895360572543
72,211,33.25361012670509
72,212,32.913646592688735
72,213,30.507440654682135
72,214,29.89669331763375
72,215,28.01866457216895
72,216,24.308786450606483
72,217,22.838378214417634
72,218,25.930423876327925
72,219,25.886420826467358
72,220,28.121854171556265
72,221,26.540357158676617
72,222,23.93178056126339
72,223,21.70890060462229
72,224,22.00059103076351
72,225,19.27391557993379
72,226,20.585905103361554
72,227,19.632796832443926
72,228,21.767572591562413
72,229,21.955935027449197
72,230,24.03364122609151
72,231,25.87703115416568
72,232,27.134111962750747
72,233,30.04229052025146
72,234,29.256944274046408
72,235,28.33123094368712
72,236,26.17078034055209
72,237,28.416924360602962
72,238,27.281798306507664
72,239,30.21262775188519
72,240,30.27813952841063
72,241,32.736004254743236
72,242,30.44173331630096
72,243,27.464870097159046
72,244,25.039248498103962
72,245,21.29875117068493
72,246,20.773746154191326
72,247,18.003458102073214
72,248,16.90774371963552
72,249,16.726516736774567
72,250,16.014029299044047
72,251,13.546377581725034
72,252,14.824371738050043
72,253,16.476632296080876
72,254,17.477866771008838
72,255,19.717557664836686
72,256,19.589141719764488
72,257,19.29704095157228
72,258,15.852440213648878
72,259,16.043215810155512
72,260,14.761326632871171
72,261,16.623610727625927
72,262,17.331270074349245
72,263,18.284095050107897
72,264,18.81971448541237
72,265,19.814840468405205
72,266,18.53941693223728
72,267,17.294381409886075
72,268,20.003354781968582
72,269,20.960332571184736
72,270,23.234014605622136
72,271,23.87102179419639
72,272,24.398114197011733
72,273,24.35331562665887
72,274,24.359304505486833
72,275,21.82039557554705
72,276,22.934021083140692
72,277,21.55379096475801
72,278,24.255388200111582
72,279,22.769219038023813
72,280,23.810190924736798
72,281,27.420714269508803
72,282,29.76408398014925
72,283,31.272904491153447
72,284,34.78914321258318
72,285,36.18343555526039
72,286,36.41981688509248
72,287,35.65716724706163
72,288,33.30850883707358
72,289,33.536575736955996
72,290,30.236969124521462
72,291,28.14722375100513
72,292,28.447761568608435
72,293,24.65111373689791
72,294,23.88547107340945
72,295,21.74820642631763
72,296,23.193508390459666
72,297,26.818293450357935
72,298,28.20459445854409
72,299,31.695748535360824
72,300,32.83860838911969
72,301,32.61685172547906
72,302,36.099497303019284
72,303,37.654835149793676
72,304,40.00424525466907
72,305,39.19365501501177
72,306,41.58533909775902
72,307,43.369253839891044
72,308,45.785603414438086
72,309,46.74802071556515
72,310,50.140393744160704
72,311,50.3539564915233
72,312,54.07352289540613
72,313,57.43269983111612
72,314,59.09932306804889
72,315,59.82744124504313
72,316,63.54548711359578
72,317,64.55643725270012
72,318,67.9470749737853
73,1,92.57980037097578
73,2,93.56745795534495
73,3,90.2659289484883
73,4,86.55029332295017
73,5,83.57649813817791
73,6,80.12157327891465
73,7,77.37913530407404
73,8,73.98727857410896
73,9,71.11339084346952
73,10,67.39506006575522
73,11,65.38190435902621
73,12,64.35239393253309
73,13,62.268596972041856
73,14,63.14562828970167
73,15,60.09578355871775
73,16,58.30742142754214
73,17,55.533639088289156
73,18,55.69563191643607
73,19,54.156550108132635
73,20,54.51506177546652
73,21,56.071324679820094
73,22,57.17295181140778
73,23,60.34459664355188
73,24,59.75891648688731
73,25,57.32198007871319
73,26,57.9638210099231
73,27,59.44782280785392
73,28,59.679823957122295
73,29,58.39694322143802
73,30,58.23953705246134
73,31,54.45596127188483
73,32,51.28809924926404
73,33,47.526900622796894
73,34,44.80614919668224
73,35,42.77170026546562
73,36,40.368185325754354
73,37,37.40368535746861
73,38,37.3936596471328
73,39,35.64345527226941
73,40,32.221798401238466
73,41,31.065272265354242
73,42,28.701554882937334
73,43,25.732996118415358
73,44,23.02973893820201
73,45,23.30544122478841
73,46,20.214715527710798
73,47,22.11124197059608
73,48,22.504714641949366
73,49,19.60883862631645
73,50,15.98482796261833
73,51,15.36871710367663
73,52,12.051066965374478
73,53,13.335852952915268
73,54,11.947840541104538
73,55,14.259468036623451
73,56,14.427307286927416
73,57,11.87337824663268
73,58,12.809527426022491
73,59,10.954193064603132
73,60,11.900469589962904
73,61,10.744353015999764
73,62,7.086785205710844
73,63,7.820937236462076
73,64,9.611402883987799
73,65,7.609800794396455
73,66,10.233677331850862
73,67,10.489485171988509
73,68,10.94615582980822
73,69,7.7482377974402805
73,70,5.694033765982913
73,71,5.70152629482065
73,72,3.8150366022200037
73,74,3.825348258789753
73,75,5.433361529617151
73,76,9.064221735452707
73,77,12.035512793407845
73,78,15.719777240364618
73,79,15.999620538147443
73,80,13.68041128681527
73,81,15.76310131028506
73,82,16.031265702030108
73,83,18.256701274385485
73,84,21.04689417375442
73,85,20.136130322819366
73,86,16.980396089222868
73,87,17.29834963058706
73,88,16.033862010926885
73,89,16.51543129096179
73,90,15.898510741070568
73,91,18.288864425398682
73,92,20.336736588686954
73,93,19.48264388002311
73,94,21.025585368997184
73,95,20.01604398033242
73,96,23.168170224745854
73,97,23.00163497279875
73,98,20.046811888484694
73,99,20.935254036581274
73,100,20.80340242838646
73,101,17.348017443993847
73,102,16.152904112902092
73,103,18.26343317710265
73,104,17.23367015889701
73,105,13.452663904362337
73,106,14.281474598274501
73,107,16.783264844554154
73,108,14.63064607290147
73,109,12.567387094136194
73,110,9.363280207759889
73,111,6.364363345465058
73,112,7.24216869512766
73,113,7.841623601988107
73,114,11.015009414585823
73,115,12.42953620053776
73,116,16.122368038124982
73,117,19.16351511167138
73,118,20.17613252931488
73,119,23.31639188093939
73,120,24.22417171583613
73,121,27.79160499758242
73,122,29.535798541792484
73,123,26.810529858560887
73,124,24.86327702916908
73,125,21.097210229516175
73,126,18.341396592141535
73,127,20.15992527435416
73,128,19.357937129799392
73,129,20.73457847616174
73,130,21.916165528234096
73,131,20.632219825352422
73,132,17.008541679643756
73,133,17.373266669753214
73,134,14.798197494247027
73,135,16.973287732895653
73,136,20.680912933709514
73,137,20.722743740944317
73,138,19.621329840279216
73,139,16.30488132053331
73,140,14.640158530702436
73,141,11.687582884734733
73,142,9.280994303194552
73,143,9.612144341731819
73,144,13.306487013207196
73,145,16.26170428339659
73,146,19.18638281227527
73,147,22.33974505446513
73,148,25.66011913856713
73,149,29.102081721753432
73,150,29.915938048898077
73,151,33.47942349075391
73,152,35.242979239699395
73,153,34.07913862703459
73,154,31.21106000498317
73,155,32.08525349168013
73,156,31.574427823846477
73,157,28.429221454897956
73,158,28.660061350479538
73,159,26.02244858007613
73,160,25.564947492326983
73,161,22.643471677187318
73,162,24.07334945941663
73,163,22.523245521715626
73,164,24.273399063592393
73,165,22.1581260739254
73,166,23.298128585140322
73,167,20.4030539834275
73,168,19.358648544557443
73,169,16.845281386181195
73,170,15.286831228263827
73,171,15.431779285030245
73,172,14.493579004227344
73,173,16.958112338542048
73,174,19.141044350810265
73,175,22.521747760904614
73,176,23.561875771645067
73,177,26.58517409038516
73,178,28.614241929058267
73,179,31.2029595440228
73,180,34.13256773800189
73,181,35.733849735018595
73,182,35.50222397203258
73,183,31.72837938670781
73,184,31.61708960716568
73,185,33.9051947190349
73,186,32.579231834146746
73,187,29.132873719236365
73,188,30.004723526348517
73,189,33.764354261198314
73,190,34.703054328897075
73,191,36.18492754294638
73,192,34.321709524802735
73,193,31.123739925245903
73,194,29.914988529223756
73,195,26.751128872294334
73,196,27.36161002106867
73,197,24.781997235690046
73,198,26.564553929403807
73,199,26.726003954597672
73,200,30.008892496446492
73,201,29.85598886872968
73,202,28.420952450292614
73,203,28.731780358024032
73,204,27.00673814163413
73,205,29.01177126773681
73,206,28.29345712565186
73,207,30.62392777121317
73,208,29.22317809365545
73,209,31.02140859233966
73,210,32.44255068145938
73,211,33.06350011459132
73,212,33.04820227095274
73,213,30.95861399137615
73,214,30.790724374727656
73,215,28.97598624298092
73,216,25.416968640702816
73,217,23.978805367863597
73,218,26.749312842513014
73,219,26.31145237237562
73,220,28.440922728933757
73,221,26.421341024454588
73,222,23.775282793710694
73,223,21.161474323606267
73,224,21.417650968243155
73,225,18.48830892482217
73,226,19.43819157328261
73,227,18.163762391581265
73,228,19.886885744895523
73,229,19.96569954935818
73,230,21.59707710231285
73,231,23.512514911845177
73,232,24.471487870433137
73,233,27.182133558936428
73,234,26.487672566205433
73,235,25.382290953007658
73,236,23.31448235342586
73,237,25.5863363977381
73,238,24.586613458231685
73,239,27.643062723260027
73,240,27.92895811181555
73,241,30.46923329883247
73,242,28.442615541084443
73,243,25.77231240647188
73,244,23.032314235822362
73,245,19.366226199902577
73,246,18.294840482634296
73,247,15.270173642798188
73,248,13.690703747751481
73,249,13.369584190860706
73,250,12.974127004896216
73,251,10.940823183934585
73,252,12.465212177001435
73,253,14.818474649783424
73,254,16.353538690069705
73,255,19.170184331654337
73,256,19.646447004721704
73,257,20.077291147562974
73,258,16.863445811382263
73,259,17.55845228408
73,260,16.87067070606878
73,261,19.275472715048192
73,262,20.30521342899789
73,263,21.634336557432356
73,264,22.4385489420503
73,265,23.462701205590083
73,266,22.24994644043694
73,267,20.808015016477622
73,268,23.34865262220666
73,269,23.965900579153352
73,270,26.109232126547113
73,271,26.45486500909512
73,272,27.015706304223773
73,273,26.6518625380009
73,274,26.891540875087152
73,275,24.615220539166042
73,276,25.897612565404202
73,277,24.742099930305407
73,278,27.62211779771767
73,279,26.106197145639072
73,280,26.90540001528417
73,281,30.40783159065757
73,282,32.548760277030446
73,283,33.78215217703467
73,284,37.30887643952754
73,285,38.754162955538554
73,286,38.783678071747985
73,287,38.18924385249395
73,288,36.05452005990889
73,289,36.453231762916964
73,290,33.29826699168999
73,291,31.04072157705205
73,292,31.009349054782877
73,293,27.19214815573498
73,294,26.355414098313922
73,295,23.976329754529345
73,296,25.200960226434002
73,297,28.80948135803812
73,298,30.501920239051035
73,299,34.07328178600024
73,300,35.111614438157766
73,301,35.096986007831624
73,302,38.65059619636786
73,303,40.368625787808156
73,304,42.832173391156815
73,305,42.22606392697227
73,306,44.570480715064164
73,307,46.176330295493024
73,308,48.61267891172013
73,309,49.39885743378148
73,310,52.809861790853155
73,311,52.97886177697778
73,312,56.731305541677294
73,313,60.07862160524001
73,314,61.84912395255515
73,315,62.72083697418811
73,316,66.46565517503569
73,317,67.5916117772323
73,318,71.00380803037459
74,1,91.1932814040709
74,2,92.07287125058214
74,3,88.7770160459818
74,4,85.09067587079787
74,5,82.17135235666422
74,6,78.64898919559165
74,7,75.99434607677111
74,8,72.54522478976551
74,9,69.79503252168897
74,10,66.11724144837152
74,11,64.24810960798534
74,12,63.41701950035276
74,13,61.50968727668424
74,14,62.6091032772784
74,15,59.64400589498937
74,16,57.698838774301485
74,17,54.94640300454547
74,18,55.12342712517466
74,19,53.40503849102992
74,20,53.71177203231494
74,21,55.0619356344495
74,22,56.10950591758998
74,23,59.40498365712524
74,24,58.98443656185945
74,25,56.73993017727909
74,26,57.39058666518944
74,27,58.706623280962056
74,28,58.97234396012723
74,29,57.50318755422279
74,30,57.32793767804841
74,31,53.54065368855119
74,32,50.36644588290696
74,33,46.58795755108548
74,34,44.022113575799864
74,35,41.81621647936874
74,36,39.66769595441802
74,37,36.82254823637377
74,38,37.196976740676405
74,39,35.618175868850955
74,40,32.25124686660619
74,41,31.267023135792137
74,42,29.235188087751386
74,43,26.11993414320945
74,44,23.050916061921104
74,45,22.877534836463404
74,46,19.589755751796275
74,47,20.86397793503199
74,48,20.80585539970327
74,49,17.95207500864114
74,50,14.482455879996127
74,51,14.736767050375944
74,52,12.067444661499797
74,53,14.339949116590832
74,54,13.682527165855074
74,55,16.500324842296095
74,56,17.234700176762345
74,57,14.514208851809112
74,58,14.808594232397693
74,59,12.197573617961675
74,60,13.427156830993942
74,61,13.256913498375848
74,62,9.56353858708383
74,63,9.219696175611015
74,64,11.728370979987544
74,65,10.674822036971712
74,66,13.673965829735424
74,67,14.266300228574087
74,68,14.680374677307894
74,69,11.296539294862885
74,70,9.505667565451938
74,71,8.835769482101565
74,72,6.366512897516524
74,73,3.825348258789753
74,75,3.809803376576163
74,76,6.746260343779956
74,77,10.341579017996745
74,78,13.911999201709914
74,79,15.05674496402148
74,80,13.550593541139849
74,81,16.34561152448024
74,82,17.318215522310535
74,83,20.022848986433754
74,84,23.097959165618928
74,85,22.672226190764864
74,86,19.59766830388264
74,87,20.285482271466314
74,88,19.180187271608926
74,89,20.02435009430245
74,90,19.300368559904772
74,91,21.392247279469863
74,92,23.21303876612652
74,93,21.88651003884963
74,94,22.95106459530048
74,95,21.367138846849002
74,96,24.12479165422436
74,97,23.52042590454005
74,98,20.87005100779022
74,99,21.31432396926111
74,100,20.61055303558973
74,101,17.29331885357878
74,102,16.297470838568152
74,103,17.69150871846182
74,104,16.091469439676683
74,105,12.489052239379907
74,106,13.353000807452565
74,107,15.09926075608011
74,108,12.401852173934422
74,109,10.407281485888962
74,110,6.830423545463891
74,111,4.622194304281123
74,112,4.134822425557623
74,113,6.179593001488671
74,114,9.293863245531712
74,115,11.737067802320363
74,116,15.29233283382772
74,117,18.682217865677288
74,118,20.11256394329657
74,119,23.525414799388543
74,120,24.931273578692625
74,121,28.54036572192612
74,122,30.69482738207712
74,123,28.296655249918384
74,124,26.719221452832866
74,125,22.927305354664046
74,126,20.60917441908695
74,127,22.754808456900903
74,128,22.404900572006124
74,129,24.042595854637785
74,130,25.480678308701815
74,131,24.17600355308409
74,132,20.573581085106884
74,133,21.080184451345918
74,134,18.467681541466728
74,135,20.602005880505338
74,136,24.321193022293393
74,137,24.26443796477996
74,138,23.107375699245694
74,139,19.662512719707514
74,140,17.773266844258472
74,141,14.59435899749312
74,142,11.998127779998274
74,143,11.307722645185573
74,144,15.074648797548235
74,145,18.02981749648666
74,146,21.299051039452266
74,147,24.157206980979286
74,148,27.69379221365184
74,149,31.032080342564775
74,150,31.72467966368372
74,151,35.339373747542794
74,152,37.17607042488605
74,153,35.724450889314575
74,154,32.718074345084574
74,155,33.173446948799985
74,156,32.36489405063609
74,157,29.008684747028983
74,158,28.738222709717743
74,159,25.79516107814782
74,160,24.79711388953147
74,161,21.53747377908825
74,162,22.40704374657537
74,163,20.396353056976714
74,164,21.7828547407431
74,165,19.296903196147493
74,166,20.158400288420587
74,167,17.368330269188405
74,168,16.80353016262598
74,169,14.762458447161913
74,170,13.872905382699678
74,171,14.825823426056015
74,172,14.803775331988344
74,173,17.781548532906047
74,174,20.49367630618188
74,175,24.099220174918255
74,176,25.632981464650015
74,177,28.767389042514314
74,178,31.080074643338587
74,179,33.84733247167623
74,180,36.75635350850011
74,181,38.15284546539517
74,182,38.103529362512624
74,183,34.37598294990262
74,184,33.930316620883616
74,185,36.15566664569314
74,186,35.05359131539964
74,187,31.469119003396834
74,188,31.966602020851017
74,189,35.73466359574757
74,190,36.43173710164933
74,191,38.052317670185346
74,192,35.96768283887303
74,193,32.59266584947997
74,194,31.002383745801
74,195,27.59312465081323
74,196,27.68246321627416
74,197,24.721667523613274
74,198,25.98934776648095
74,199,25.613510896297637
74,200,28.625521041195846
74,201,28.493881115855125
74,202,27.51298329442043
74,203,28.29125842248822
74,204,27.022398547602243
74,205,29.41104205793528
74,206,29.1704789914513
74,207,31.836405630849807
74,208,30.856599281588935
74,209,32.91089180832703
74,210,34.63608753356298
74,211,35.44200445419885
74,212,35.714980752448525
74,213,33.61564979079844
74,214,33.64013718300698
74,215,32.08349826678682
74,216,28.55869417962986
74,217,27.38804366917107
74,218,30.182872828300702
74,219,29.514617950855758
74,220,31.39460667184205
74,221,29.166717570074763
74,222,26.28060324209675
74,223,23.363402117588134
74,224,23.10620773749531
74,225,19.808052187180724
74,226,20.048757041996506
74,227,18.084983299757333
74,228,19.174767458264633
74,229,18.538038553057753
74,230,19.85970140382785
74,231,21.269299872937985
74,232,21.90692346706644
74,233,24.81535618986306
74,234,24.554911381451735
74,235,23.87325225764813
74,236,22.303244654260318
74,237,25.00837312576883
74,238,24.580343128074784
74,239,27.934408444725918
74,240,28.726402400912924
74,241,31.5694475154778
74,242,29.92781804067662
74,243,27.49000181507064
74,244,24.422635409869102
74,245,20.963880500422736
74,246,19.348150418094136
74,247,15.893384150355265
74,248,14.184736573941473
74,249,12.840451049304468
74,250,11.726069923130737
74,251,9.198404727674104
74,252,9.697315558956392
74,253,12.167205456548883
74,254,13.356875160475632
74,255,16.341892793946467
74,256,16.881133767544878
74,257,17.736939699146042
74,258,14.937972612160573
74,259,16.387778176007473
74,260,16.541758867859425
74,261,19.397533031803903
74,262,21.099488522216937
74,263,22.552672341492343
74,264,23.795102292132476
74,265,24.429842132645472
74,266,23.26123743049914
74,267,21.3234836207936
74,268,23.571673907055924
74,269,23.73507907125992
74,270,25.490771674020607
74,271,25.357251005251076
74,272,25.90664797965917
74,273,25.194878787395588
74,274,25.80309442548365
74,275,23.98294331517399
74,276,25.684291366837492
74,277,25.0803654528389
74,278,28.04619374787624
74,279,26.258862399787848
74,280,26.54510198801139
74,281,29.84544379226071
74,282,31.623520796796896
74,283,32.52937020320068
74,284,36.001938888670864
74,285,37.58204354490591
74,286,37.46836009935022
74,287,37.19512511151331
74,288,35.38666350130738
74,289,36.16133716556348
74,290,33.21806339850718
74,291,30.961273018680238
74,292,30.67587428538229
74,293,26.89144965943348
74,294,25.65784330392824
74,295,22.88664038722271
74,296,23.652922860087937
74,297,27.13175452567607
74,298,29.210711908647106
74,299,32.87986709778029
74,300,33.98621598191624
74,301,34.362981879238475
74,302,38.03109306711152
74,303,40.06549436075582
74,304,42.48522839587606
74,305,42.04413068386897
74,306,44.17059567202711
74,307,45.48451350991429
74,308,47.827298171096025
74,309,48.3294314849851
74,310,51.704956258728515
74,311,51.741799285938505
74,312,55.51418881555642
74,313,58.86300272425502
74,314,60.80581348899505
74,315,61.841727258647516
74,316,65.61980699237695
74,317,66.88486937826659
74,318,70.30186260375555
75,1,87.6092707756786
75,2,88.53402926817215
75,3,85.23972281055377
75,4,81.53966609753797
75,5,78.60553302532097
75,6,75.1091918991722
75,7,72.42979759330288
75,8,69.00871176010017
75,9,66.21577844660625
75,10,62.52200781275556
75,11,60.59412206486923
75,12,59.72129187644691
75,13,57.76998757099409
75,14,58.840475384368375
75,15,55.88271034721736
75,16,53.97699529980033
75,17,51.258218868249315
75,18,51.504580558952064
75,19,49.861679144601496
75,20,50.278134922211855
75,21,51.72117796803197
75,22,52.89767656073576
75,23,56.152399714306355
75,24,55.619535203800865
75,25,53.3416582710876
75,26,53.885471619161166
75,27,55.1647373421728
75,28,55.34889617482592
75,29,53.87724548361462
75,30,53.65196183213122
75,31,49.8601530492794
75,32,46.715820615428804
75,33,42.9339357660572
75,34,40.37669691051554
75,35,38.26570125314708
75,36,36.11314319511654
75,37,33.185664305627526
75,38,33.560978260701944
75,39,31.904298398422952
75,40,28.507771239576297
75,41,27.497587142961436
75,42,25.552946845231407
75,43,22.39024946237536
75,44,19.273483438024325
75,45,19.074857042639582
75,46,15.830037969033594
75,47,17.229290332330358
75,48,17.322523664564965
75,49,14.422194884661016
75,50,10.862864123752182
75,51,10.938757073223723
75,52,8.364515602887744
75,53,10.972160569199383
75,54,10.957793305028492
75,55,13.953750592657357
75,56,15.368978496209124
75,57,12.911407146535232
75,58,13.209281268257202
75,59,10.74474601972054
75,60,12.986512837945762
75,61,13.03452971352049
75,62,9.32994195969366
75,63,9.859791352763029
75,64,12.996561696304909
75,65,12.018554149978163
75,66,14.343263467660757
75,67,15.073753025881755
75,68,14.532989486634984
75,69,10.959085491467885
75,70,10.193085025181984
75,71,8.431232941856704
75,72,5.3651059634764
75,73,5.433361529617151
75,74,3.809803376576163
75,76,3.803815975542484
75,77,6.959036863134075
75,78,10.690556346176939
75,79,11.645629212877548
75,80,10.303144702199377
75,81,13.086761903043953
75,82,14.579232691156243
75,83,17.310418270378133
75,84,20.663418117218352
75,85,20.493366991941166
75,86,17.76542104558469
75,87,19.120035178758002
75,88,18.719958462791773
75,89,20.02656901728925
75,90,19.981652069762514
75,91,22.372511010505193
75,92,23.794606104436852
75,93,22.525294256810955
75,94,23.342386263090724
75,95,21.692471932691006
75,96,24.3918956929896
75,97,23.365546410025985
75,98,20.454734989749138
75,99,20.34230527776186
75,100,20.007068542384527
75,101,17.079768977830494
75,102,15.320307662099626
75,103,16.419609648054273
75,104,15.412422023824407
75,105,11.838855016860022
75,106,11.590261041712695
75,107,13.49605643312045
75,108,11.46035470573826
75,109,8.524338887725134
75,110,5.8742716440820395
75,111,5.326793801580527
75,112,6.6125606268048225
75,113,9.521285672391002
75,114,12.842535731532777
75,115,15.461601293689188
75,116,18.939723539317605
75,117,22.39841171744819
75,118,23.67540590760359
75,119,27.127288818891934
75,120,28.368153267252744
75,121,32.026872530944026
75,122,34.06395495017366
75,123,31.50696042090683
75,124,29.84969629147516
75,125,26.07202631909693
75,126,23.526845390909894
75,127,25.314189355760963
75,128,24.545896168898814
75,129,25.70454862781218
75,130,26.759356074699642
75,131,25.0780194146422
75,132,21.66003509559977
75,133,22.21788039682404
75,134,19.810430078750187
75,135,21.772684888975025
75,136,25.513206327839924
75,137,25.866000666153045
75,138,24.80813454796269
75,139,21.550774873475376
75,140,19.69241119893196
75,141,16.46826357943249
75,142,14.440863793366544
75,143,14.025113517412741
75,144,17.656144838754656
75,145,20.898453791982945
75,146,23.909735889893597
75,147,27.01137901312739
75,148,30.46295409066979
75,149,33.93752812751687
75,150,34.85507158516934
75,151,38.48053070819519
75,152,40.16114562504813
75,153,38.75518842449527
75,154,35.69450526541099
75,155,36.26844169317585
75,156,35.3580969614493
75,157,32.10623392495008
75,158,31.851525774317555
75,159,29.025662580540754
75,160,27.940424958990068
75,161,24.69916906478245
75,162,25.359065902222625
75,163,23.07467819775657
75,164,24.468553560300503
75,165,21.683062492956207
75,166,21.970779028699322
75,167,18.964137714070553
75,168,18.374178156141202
75,169,16.82290777695093
75,170,15.651190088007077
75,171,17.0373896787424
75,172,16.748048675043776
75,173,19.909335964307846
75,174,22.352777067688017
75,175,25.943317280926614
75,176,27.420704620371087
75,177,30.265202051502524
75,178,32.65381519120987
75,179,35.15846169306457
75,180,38.29170427180979
75,181,39.96618788956801
75,182,40.051704941162505
75,183,36.285038225753006
75,184,35.987074993075375
75,185,38.461492868380134
75,186,37.40570821366624
75,187,33.89591131801864
75,188,34.518573884916265
75,189,38.314010099145925
75,190,38.92616188938655
75,191,40.27773762394177
75,192,38.09123766743472
75,193,34.839040069843925
75,194,33.22158948435595
75,195,29.854132228413683
75,196,29.954145446043928
75,197,27.018830609697392
75,198,28.229952578965197
75,199,27.81492718136544
75,200,30.723847006961268
75,201,30.17610628794793
75,202,29.167862720599803
75,203,30.121400664479566
75,204,28.732739775571282
75,205,31.242863537913365
75,206,30.86772827661001
75,207,33.57198572211372
75,208,32.51122260387962
75,209,34.2660625253026
75,210,36.06451343546574
75,211,36.52240877684134
75,212,36.589914578209935
75,213,34.171700756873086
75,214,33.8490517234718
75,215,32.33683075811481
75,216,28.679716867829008
75,217,27.589435848618674
75,218,30.692442530652322
75,219,30.293569403691837
75,220,32.18547847669422
75,221,30.280689064527145
75,222,27.319881531451124
75,223,24.63780421284949
75,224,24.232942998142313
75,225,20.96891347266185
75,226,21.3429410900295
75,227,19.475932062436772
75,228,20.829150522536462
75,229,20.089159158089668
75,230,21.840140112070717
75,231,22.99417296989171
75,232,23.88605189622244
75,233,27.076736849253372
75,234,26.84853691793591
75,235,26.508458482049544
75,236,24.97845452063155
75,237,27.780402965205173
75,238,27.365652774664703
75,239,30.689405401230268
75,240,31.406069775583006
75,241,34.27613523034265
75,242,32.467542725648066
75,243,29.77069118847192
75,244,26.88614442406817
75,245,23.361157882779438
75,246,22.12752842630804
75,247,18.779419167261473
75,248,17.51670725524478
75,249,16.166645465494565
75,250,14.583960412646851
75,251,11.470895695760717
75,252,11.412648163377867
75,253,12.898898556714391
75,254,13.19619669408506
75,255,15.483935852453625
75,256,15.227130794850162
75,257,15.363549110230343
75,258,12.402358821382778
75,259,13.757612655796056
75,260,13.771466855313266
75,261,16.377787812601138
75,262,18.199752228841994
75,263,19.346446937392
75,264,20.603627894102623
75,265,20.944457681613468
75,266,19.742467394400673
75,267,17.65594160857793
75,268,19.890447111511577
75,269,20.120144844731392
75,270,21.790571893404813
75,271,21.68237010631405
75,272,22.196521662093048
75,273,21.630943501489778
75,274,22.209969440113493
75,275,20.352033933675724
75,276,22.161557814286596
75,277,21.665948440284815
75,278,24.506017545882006
75,279,22.564582845155627
75,280,22.783310760601882
75,281,26.111430849780877
75,282,27.913992257188443
75,283,28.952631180920108
75,284,32.41485582286637
75,285,34.02862990115875
75,286,34.07269195521423
75,287,33.78748388510733
75,288,31.911063726241974
75,289,32.717842475128236
75,290,29.72362375058005
75,291,27.64189636493949
75,292,27.57415324824461
75,293,23.802701012445482
75,294,22.38922485754324
75,295,19.604985353712657
75,296,20.358168386502026
75,297,23.84289827156166
75,298,25.822531476679096
75,299,29.498639741685402
75,300,30.777659906709044
75,301,31.145340483075913
75,302,34.820889754635864
75,303,36.85949494128935
75,304,39.136569983829474
75,305,38.55859506184091
75,306,40.62256277155819
75,307,41.97907135559558
75,308,44.256632038649116
75,309,44.80478813707112
75,310,48.15335025811638
75,311,48.168977208942195
75,312,51.9288167085835
75,313,55.303197783339805
75,314,57.22523452755715
75,315,58.18824161651009
75,316,61.96227897429896
75,317,63.17332773741578
75,318,66.57462279196005
76,1,84.61941989355125
76,2,85.44649659902039
76,3,82.1273155611087
76,4,78.45167317358033
76,5,75.51728851208502
76,6,71.98287409270023
76,7,69.32331793614071
76,8,65.85367679034348
76,9,63.12587135756521
76,10,59.46175219721884
76,11,57.6609541757278
76,12,56.895175997684596
76,13,55.09461669053182
76,14,56.322089926572524
76,15,53.396772984995856
76,16,51.33373942645535
76,17,48.59125581869329
76,18,48.78998053826086
76,19,46.99050250666981
76,20,47.33411363268891
76,21,48.62273799184405
76,22,49.750187065946555
76,23,53.08135851659382
76,24,52.670680459322554
76,25,50.53785013103216
76,26,51.11198076509831
76,27,52.28876488146572
76,28,52.54126840703748
76,29,50.97036393946134
76,30,50.79915101364694
76,31,47.01893052130018
76,32,43.834435806221464
76,33,40.056969787405706
76,34,37.577804403623695
76,35,35.301955783471634
76,36,33.327292007109534
76,37,30.550723267932806
76,38,31.23993024889969
76,39,29.82892073442177
76,40,26.578643582860224
76,41,25.89417843915322
76,42,24.244345670051135
76,43,21.119242623755447
76,44,17.67087112874468
76,45,17.234075336429296
76,46,14.095060242917665
76,47,14.89626329891945
76,48,14.509321448978229
76,49,11.40338971799356
76,50,8.229251299038753
76,51,9.064026485898742
76,52,7.653646602973776
76,53,11.095607028499323
76,54,11.81619036713345
76,55,15.170096273262967
76,56,17.05739899790869
76,57,14.5610201029395
76,58,14.130444967824555
76,59,11.2815953461988
76,60,13.920468076185173
76,61,14.861927041779179
76,62,11.524864954225151
76,63,11.563616400932547
76,64,15.153846406856848
76,65,14.912542192165755
76,66,17.198831223625287
76,67,18.3839124339178
76,68,17.620648270680473
76,69,13.935257541666813
76,70,13.750385568717421
76,71,11.906814828617463
76,72,8.64737917827901
76,73,9.064221735452707
76,74,6.746260343779956
76,75,3.803815975542484
76,77,3.7945467126146206
76,78,7.2519900010101725
76,79,9.010420286621727
76,80,8.792955615974536
76,81,12.169987975707055
76,82,14.38242568101701
76,83,17.504679757847057
76,84,21.011001226549094
76,85,21.48653433257435
76,86,18.993441592317183
76,87,20.796271625722536
76,88,20.752511051888266
76,89,22.5708443507811
76,90,22.664948240633958
76,91,24.85641751695706
76,92,25.834246177395272
76,93,24.198029625444885
76,94,24.45799014407196
76,95,22.350833989861364
76,96,24.61186978119819
76,97,23.022845543445957
76,98,20.32771148612031
76,99,19.546946917862588
76,100,18.949037907533242
76,101,16.517049855053454
76,102,14.59613783968773
76,103,14.819949851850064
76,104,13.765321329733169
76,105,10.676942320968905
76,106,9.720042804083791
76,107,10.860466161387237
76,108,9.00943252318619
76,109,5.604277953365673
76,110,4.245423002399775
76,111,6.28210002067247
76,112,7.677430432563598
76,113,11.268687576834028
76,114,14.457706263981096
76,115,17.588571292087188
76,116,20.744437840579298
76,117,24.39452674410617
76,118,25.661707129163037
76,119,29.28289924896802
76,120,30.652768030133775
76,121,34.36578365885882
76,122,36.57524398933555
76,123,34.134742613247454
76,124,32.75209765297205
76,125,28.99791031200586
76,126,26.652658787650566
76,127,28.377919249289018
76,128,27.730088084340565
76,129,28.8000864873404
76,130,29.924423970636198
76,131,27.976158302904867
76,132,24.721217129732484
76,133,25.568672944329933
76,134,23.371217467726847
76,135,25.423510952695676
76,136,29.13552875902546
76,137,29.46754184573259
76,138,28.249809618487934
76,139,24.94311940969644
76,140,22.81413976322453
76,141,19.38439460582652
76,142,17.62869410164243
76,143,16.683881398650666
76,144,20.142242496841334
76,145,23.543082540208825
76,146,26.57046288971489
76,147,29.59908509227537
76,148,33.13247327565092
76,149,36.62255417837239
76,150,37.67549889239765
76,151,41.35320011861388
76,152,42.906104091941906
76,153,41.27654014394805
76,154,38.055079729662395
76,155,38.39412524021776
76,156,37.162022475100464
76,157,33.88893897917304
76,158,33.30379133941354
76,159,30.438056550187284
76,160,28.960176773503413
76,161,25.623594691510256
76,162,25.77537434697802
76,163,23.073874461792194
76,164,24.31872173588478
76,165,21.199409704744404
76,166,20.82809923357969
76,167,17.73594248302117
76,168,17.339554905049976
76,169,16.53785863442628
76,170,15.59694951389331
76,171,17.727300842155802
76,172,17.853343028765682
76,173,21.344292376843807
76,174,23.90922594242616
76,175,27.579011262687207
76,176,29.39074621108118
76,177,32.10102084158353
76,178,34.76459104603841
76,179,37.244038668410234
76,180,40.48213745496939
76,181,42.14491343891636
76,182,42.50891975026937
76,183,38.77849948075748
76,184,38.272650812650284
76,185,40.87032895067794
76,186,40.079885400049385
76,187,36.51629053924582
76,188,36.89492502515723
76,189,40.69712564735533
76,190,41.017889790663546
76,191,42.263382315919436
76,192,39.82631828480901
76,193,36.5516215456394
76,194,34.63180022193866
76,195,31.158869278572602
76,196,30.889069722935076
76,197,27.768503396569347
76,198,28.56824480824436
76,199,27.79360660013169
76,200,30.397144080783068
76,201,29.5386770538245
76,202,28.817387115081978
76,203,30.194134213643416
76,204,29.061053114886285
76,205,31.885941713062497
76,206,31.777061211945455
76,207,34.72667939933528
76,208,33.96138801414672
76,209,35.71161977566
76,210,37.80256642499025
76,211,38.203932825671885
76,212,38.41955358577607
76,213,35.83679415676663
76,214,35.52845867557885
76,215,34.32397377418245
76,216,30.688655160353747
76,217,29.951702817838676
76,218,33.19372487138165
76,219,32.673554382834716
76,220,34.29203524240988
76,221,32.38822325328047
76,222,29.20215658836309
76,223,26.442250792734196
76,224,25.541254064907307
76,225,22.105623252382035
76,226,22.02033580708859
76,227,19.80060374785432
76,228,20.84968215795429
76,229,19.599770464518095
76,230,21.44093296886398
76,231,22.067922438151477
76,232,23.011552746075484
76,233,26.46734770431113
76,234,26.470509318002
76,235,26.666611152533886
76,236,25.488175286339207
76,237,28.569156806815357
76,238,28.539897138664234
76,239,31.980579744938304
76,240,32.985112539466584
76,241,36.07251700979505
76,242,34.44848033912881
76,243,31.767845188434606
76,244,28.804908454408157
76,245,25.451032963651933
76,246,24.13939295010341
76,247,20.681623505196065
76,248,19.772759326393682
76,249,17.87177541812506
76,250,15.58120808107428
76,251,12.020614702288377
76,252,10.952661853815314
76,253,11.455571997932239
76,254,10.752756794028754
76,255,12.453760122579414
76,256,11.695108774394416
76,257,11.696898488261363
76,258,9.007354869680473
76,259,10.985383376885826
76,260,11.816829037818827
76,261,14.687449926443332
76,262,17.16986380841779
76,263,18.411733990251623
76,264,20.187764894601465
76,265,20.170411229948478
76,266,19.282844227906377
76,267,16.895818547091874
76,268,18.951113421318063
76,269,18.98829576277292
76,270,20.041563339686558
76,271,19.352273553204522
76,272,19.552247969616616
76,273,18.55344292041513
76,274,19.281120663963765
76,275,17.813431419758608
76,276,19.930566990945557
76,277,20.002053921735644
76,278,22.909920144056475
76,279,20.82963164790324
76,280,20.588938185217998
76,281,23.652255487620298
76,282,25.189494918468952
76,283,25.89753170516549
76,284,29.357073370338465
76,285,30.965723857244054
76,286,30.847135978250982
76,287,30.759088196183964
76,288,29.145349716538288
76,289,30.24868017162505
76,290,27.48900197137561
76,291,25.40942745492117
76,292,25.119061750345796
76,293,21.438051118977615
76,294,19.672757784400563
76,295,16.59622783778124
76,296,17.020304659678448
76,297,20.429877750299596
76,298,22.63499069246751
76,299,26.352463181482758
76,300,27.649397911987077
76,301,28.307296365797896
76,302,32.04935043936258
76,303,34.33407992506531
76,304,36.56290330475129
76,305,36.149894061962826
76,306,38.03995376538389
76,307,39.155629328178705
76,308,41.39149462694092
76,309,41.74713589267364
76,310,45.091674497539614
76,311,45.08174616152197
76,312,48.85955975433425
76,313,52.200304738798536
76,314,54.20360547932178
76,315,55.31161738694069
76,316,59.10095799811693
76,317,60.44855314448893
76,318,63.87607954345153
77,1,81.1898779511902
77,2,82.02292705878207
77,3,78.67676477772268
77,4,74.99565679254395
77,5,72.01490246995212
77,6,68.50326320124152
77,7,65.78717754447845
77,8,62.324214845488235
77,9,59.54677138940345
77,10,55.87046439276756
77,11,54.055989746925505
77,12,53.22867856831072
77,13,51.42203535550707
77,14,52.63084474305192
77,15,49.6753228648204
77,16,47.58709312084409
77,17,44.817687000906
77,18,44.99773554194416
77,19,43.21101208676315
77,20,43.583120714578214
77,21,44.92467606587815
77,22,46.11750303286065
77,23,49.41707789679071
77,24,48.94450274443546
77,25,46.79310888135372
77,26,47.33211820971014
77,27,48.51078164598497
77,28,48.76136289545367
77,29,47.22254374299399
77,30,47.089558747226704
77,31,43.31278799633698
77,32,40.10136708672412
77,33,36.328093547545706
77,34,33.805658058276265
77,35,31.538530310038905
77,36,29.53725252732521
77,37,26.759078835637975
77,38,27.485468260447792
77,39,26.14685247526463
77,40,22.97080952315594
77,41,22.489249509652872
77,42,20.94928912703087
77,43,17.935710999598044
77,44,14.345668395567545
77,45,14.01738810525855
77,46,11.23563526793208
77,47,12.016522779531552
77,48,11.622597648222614
77,49,8.15244936310272
77,50,5.341517711127499
77,51,5.941190337717449
77,52,5.718786527519589
77,53,9.40851552179483
77,54,10.86233805043681
77,55,14.23436313849571
77,56,16.611099053324068
77,57,14.43192518104318
77,58,13.674349790504875
77,59,11.147484371839715
77,60,14.368136261923958
77,61,15.666049794195255
77,62,12.840930280505185
77,63,13.267367151515232
77,64,16.997562376869897
77,65,17.013002238753106
77,66,18.76558917179174
77,67,20.18779645387385
77,68,18.86396714282222
77,69,15.273305356223414
77,70,15.911296743748602
77,71,13.827996246689484
77,72,10.610684587847723
77,73,12.035512793407845
77,74,10.341579017996745
77,75,6.959036863134075
77,76,3.7945467126146206
77,78,3.76808513852182
77,79,5.38942889239121
77,80,6.172809593424533
77,81,9.586255410325395
77,82,12.457129198277315
77,83,15.626611813928298
77,84,19.229217863124525
77,85,20.20638794566242
77,86,18.164098564134758
77,87,20.518043164495346
77,88,21.089327451327712
77,89,23.353648444141104
77,90,23.92390529186571
77,91,26.16349917484235
77,92,26.68079184047463
77,93,25.02311671963853
77,94,24.932471624723384
77,95,22.746438194381682
77,96,24.77768890667218
77,97,22.771568493617494
77,98,20.012509764533362
77,99,18.608832649184325
77,100,18.355326606359014
77,101,16.555590196395485
77,102,14.0355717113626
77,103,13.732833341814565
77,104,13.444736377481696
77,105,10.897927370346078
77,106,8.64630420663062
77,107,9.656420473394004
77,108,9.124198694577819
77,109,5.345281319541655
77,110,6.495518655421799
77,111,9.117862080417666
77,112,11.177177565979491
77,113,14.694844844656744
77,114,17.992699497312653
77,115,21.124827362838143
77,116,24.18602730859626
77,117,27.868726512214316
77,118,28.919311376616875
77,119,32.56491722398155
77,120,33.755276658664194
77,121,37.50975055032207
77,122,39.61653939098491
77,123,37.0576232430814
77,124,35.68482783349656
77,125,31.97275152972295
77,126,29.522986865666336
77,127,30.931083246185757
77,128,30.034341307641416
77,129,30.72034476767267
77,130,31.60789196945131
77,131,29.324893018574134
77,132,26.339429524147256
77,133,27.355285898056426
77,134,25.465029661230613
77,135,27.47850023441624
77,136,31.108676412188228
77,137,31.635787616373484
77,138,30.382263656700758
77,139,27.221136229619034
77,140,25.03264549802212
77,141,21.596987041294526
77,142,20.333503674515143
77,143,19.461917498290788
77,144,22.699483005740653
77,145,26.27652278495598
77,146,29.063687333674217
77,147,32.23273387628138
77,148,35.68264046056632
77,149,39.268327480566384
77,150,40.55872721199984
77,151,44.24898649825912
77,152,45.60850478909956
77,153,43.96738510880588
77,154,40.67656897171683
77,155,41.081963006154915
77,156,39.71532339920834
77,157,36.571222746791626
77,158,35.99007356675389
77,159,33.28308178968154
77,160,31.756811506894316
77,161,28.520263784203383
77,162,28.5348465022299
77,163,25.705452374344965
77,164,27.03873721834101
77,165,23.82371574360348
77,166,22.989119675608997
77,167,19.772888037524755
77,168,19.223616001097593
77,169,18.83121548866993
77,170,17.622623805766334
77,171,19.956983077608626
77,172,19.858908751326673
77,173,23.374048472062224
77,174,25.65666637724575
77,175,29.233203195351415
77,176,31.031378574224092
77,177,33.430515630465656
77,178,36.184302227880096
77,179,38.417956984188145
77,180,41.82475255544205
77,181,43.690122919469445
77,182,44.2431254577622
77,183,40.5269277561158
77,184,40.08321431870391
77,185,42.89666165183789
77,186,42.229502332438855
77,187,38.739692427559945
77,188,39.153663939358616
77,189,42.95093116931062
77,190,43.1269787189788
77,191,44.10398922299425
77,192,41.54829632041083
77,193,38.41219264154856
77,194,36.44480753597918
77,195,33.04898375828012
77,196,32.76120920015088
77,197,29.72104790165451
77,198,30.449509487851724
77,199,29.680208102122652
77,200,32.144209230701435
77,201,30.875679617543916
77,202,30.116790449929663
77,203,31.626686680767612
77,204,30.409120195361357
77,205,33.30723798859696
77,206,33.10600418170497
77,207,36.073034129383025
77,208,35.302411696693596
77,209,36.77437148691673
77,210,38.96546170835342
77,211,39.06686132047081
77,212,39.162244785076766
77,213,36.32191501765232
77,214,35.76340537310796
77,215,34.72511011809016
77,216,31.076969757331085
77,217,30.559836667821795
77,218,34.00368607899385
77,219,33.62628122325028
77,220,35.12473119618626
77,221,33.49324236093796
77,222,30.246999342117054
77,223,27.712395490224516
77,224,26.60817089561573
77,225,23.28757073431818
77,226,23.24798745162235
77,227,21.185682016571576
77,228,22.420696515843304
77,229,21.16612887871452
77,230,23.369558691547173
77,231,23.801492221919016
77,232,25.04612593549333
77,233,28.64316113257878
77,234,28.583662146772244
77,235,29.05724051143161
77,236,27.891680153772153
77,237,30.979915606601395
77,238,30.95501532246063
77,239,34.31592040456256
77,240,35.258530463019
77,241,38.36340028141222
77,242,36.637097803257284
77,243,33.77310640382829
77,244,30.99394056363268
77,245,27.676165751214914
77,246,26.68766229230757
77,247,23.382504054866637
77,248,22.882770201019106
77,249,21.0223214333168
77,250,18.481723307459067
77,251,14.76324117603165
77,252,13.570778125974613
77,253,13.112797977466597
77,254,11.669941269552865
77,255,12.221573622477809
77,256,10.506088044739025
77,257,9.35615691102542
77,258,6.5282596207735795
77,259,8.261536653281356
77,260,9.153667896050623
77,261,11.711068760949418
77,262,14.507133317038418
77,263,15.539162692691816
77,264,17.579329964756138
77,265,17.25279143820411
77,266,16.667780637003286
77,267,14.236649452691925
77,268,16.318903130804088
77,269,16.567582920141643
77,270,17.195394802276013
77,271,16.28489152054766
77,272,16.089542737508875
77,273,14.99849738630919
77,274,15.521475633270823
77,275,14.038789960679697
77,276,16.25766165719335
77,277,16.60660764970186
77,278,19.4611401166487
77,279,17.319721208979598
77,280,16.93438818024341
77,281,19.920874565010795
77,282,21.50439236506715
77,283,22.21773222971509
77,284,25.73335121078509
77,285,27.25063286572043
77,286,27.172076719297802
77,287,27.022919237469978
77,288,25.373754881128413
77,289,26.523855766796313
77,290,23.798590835230375
77,291,21.8193770839358
77,292,21.630985148573778
77,293,18.008999366560666
77,294,16.03669315028165
77,295,12.928456451105548
77,296,13.410478705115628
77,297,16.890180549810157
77,298,18.93776342811528
77,299,22.646139248278573
77,300,24.022904130821477
77,301,24.67009905881167
77,302,28.4157250951681
77,303,30.72722782512516
77,304,32.862277251310125
77,305,32.41149966769993
77,306,34.257337166109394
77,307,35.376193488828505
77,308,37.6104731444081
77,309,38.013434507277836
77,310,41.37412061094391
77,311,41.425915112808546
77,312,45.206803477307815
77,313,48.53289469647759
77,314,50.48266875348534
77,315,51.57619709306997
77,316,55.360950395397495
77,317,56.715298295555144
77,318,60.16131377522432
78,1,78.00416574639553
78,2,78.75283793181413
78,3,75.37115234072405
78,4,71.71152402307781
78,5,68.70588667536992
78,6,65.17464870162587
78,7,62.4452096717866
78,8,58.942576101209745
78,9,56.19817286523646
78,10,52.545794744425315
78,11,50.84484482677414
78,12,50.07551663169766
78,13,48.40369573132569
78,14,49.73200163951471
78,15,46.78743413364785
78,16,44.5469334852344
78,17,41.73561594653477
78,18,41.84025492698118
78,19,39.91101998660193
78,20,40.206239139153354
78,21,41.42424752752856
78,22,42.581185951990186
78,23,45.93279550364216
78,24,45.55295129489584
78,25,43.52208064023706
78,26,44.09385434463373
78,27,45.198628320167074
78,28,45.52937653864196
78,29,43.93465931507032
78,30,43.88971515050466
78,31,40.13501208574537
78,32,36.868455563851604
78,33,33.11426410175994
78,34,30.634019448794486
78,35,28.200558742752946
78,36,26.35059756307072
78,37,23.759178102529
78,38,24.795537382414594
78,39,23.778675563042082
78,40,20.86019242010267
78,41,20.84360391448474
78,42,19.655714450016163
78,43,16.898051896260256
78,44,13.13209849760413
78,45,12.69965989211213
78,46,10.566965291172506
78,47,10.58862654574324
78,48,9.62005940471849
78,49,5.874856602629885
78,50,4.978726314892045
78,51,6.104735028323179
78,52,7.742180165011351
78,53,11.076601161610931
78,54,12.928225870973225
78,55,16.180304184717244
78,56,18.758437215865243
78,57,16.74233372510945
78,58,15.490712060147372
78,59,13.07431307634424
78,60,16.321547538380397
78,61,18.13673564196485
78,62,15.776691746764389
78,63,15.989441160539181
78,64,19.76848754203518
78,65,20.200692166180804
78,66,21.80996372725122
78,67,23.49595579771335
78,68,22.018524044673168
78,69,18.488518272949587
78,70,19.471656584173235
78,71,17.41873378959453
78,72,14.20988635414409
78,73,15.719777240364618
78,74,13.911999201709914
78,75,10.690556346176939
78,76,7.2519900010101725
78,77,3.76808513852182
78,79,3.8202824587481348
78,80,6.765673556597341
78,81,9.893935575411106
78,82,13.18730649235605
78,83,16.390922231659665
78,84,19.880878222783597
78,85,21.459141285844385
78,86,19.791665844546262
78,87,22.44708629522205
78,88,23.348784263231703
78,89,25.962221183540585
78,90,26.68727035211413
78,91,28.761940266779657
78,92,28.879335903042527
78,93,27.014518419895694
78,94,26.463887787771334
78,95,24.019046092981533
78,96,25.599862352091804
78,97,23.1230144314873
78,98,20.633305179501463
78,99,18.57602682012816
78,100,18.25776060946184
78,101,17.19647283513703
78,102,14.564821802678999
78,103,13.350292009853616
78,104,13.403049552442873
78,105,11.809999757368224
78,106,8.846361687313607
78,107,8.795960359720842
78,108,9.344751987850492
78,109,6.252385459478932
78,110,8.956451579501598
78,111,12.133186928442603
78,112,14.154697514682207
78,113,17.70248872223262
78,114,20.869271328966512
78,115,24.163492944645853
78,116,26.987381401166875
78,117,30.730757486989198
78,118,31.68891596902763
78,119,35.40114168520559
78,120,36.59671787037757
78,121,40.3707805892489
78,122,42.536267181012235
78,123,40.02560255572664
78,124,38.83030370504884
78,125,35.16357550873554
78,126,32.818286034494314
78,127,34.10337056321435
78,128,33.23106030442243
78,129,33.77447124901296
78,130,34.65447450302282
78,131,32.153563893459506
78,132,29.365174874645938
78,133,30.589047959827475
78,134,28.904633692740617
78,135,30.970870625216175
78,136,34.54444075706125
78,137,35.07625295829941
78,138,33.70949955333323
78,139,30.56461009410079
78,140,28.22051742312185
78,141,24.714683394075973
78,142,23.702353016828397
78,143,22.59366623851251
78,144,25.635122658731643
78,145,29.2899580049234
78,146,31.996070007392643
78,147,35.12808737042638
78,148,38.57849125185462
78,149,42.17822535127261
78,150,43.61680281710143
78,151,47.329970288102416
78,152,48.54356783988372
78,153,46.76220336390836
78,154,43.36664911547883
78,155,43.64284921490741
78,156,42.04308135603262
78,157,38.95566544842059
78,158,38.1821892828376
78,159,35.53712485473423
78,160,33.78674845703195
78,161,30.586252497484242
78,162,30.265069299098197
78,163,27.219680406206823
78,164,28.47841875083249
78,165,25.135629541521816
78,166,23.758554336737234
78,167,20.5716643431324
78,168,20.090164366042675
78,169,20.312135999072755
78,170,19.203942269424243
78,171,21.906655735154008
78,172,21.979917671834
78,173,25.57408076444066
78,174,27.793967212601434
78,175,31.31957186718145
78,176,33.29592653507596
78,177,35.48935555406998
78,178,38.414547605407904
78,179,40.542097586364214
78,180,44.03238338155373
78,181,45.929312633850046
78,182,46.71985833459858
78,183,43.05857315274508
78,184,42.496236089670084
78,185,45.43021889989573
78,186,44.97707065942283
78,187,41.494343938055906
78,188,41.758042197297335
78,189,45.53215643301247
78,190,45.474160189116255
78,191,46.29423627406458
78,192,43.55801745289012
78,193,40.479381301710575
78,194,38.324294336207814
78,195,34.93156379308088
78,196,34.40879380820699
78,197,31.33468209186804
78,198,31.76756762914399
78,199,30.79231834326509
78,200,32.95911454366553
78,201,31.355531681037192
78,202,30.787700579678752
78,203,32.59112233595178
78,204,31.536929503089898
78,205,34.60968071524405
78,206,34.55758360316346
78,207,37.64643763995644
78,208,37.081750265303235
78,209,38.449912180451314
78,210,40.84211861452741
78,211,40.82058252240264
78,212,40.98712109393749
78,213,37.99976975022311
78,214,37.397310461311314
78,215,36.63852047089533
78,216,33.06416385531397
78,217,32.855856059950156
78,218,36.387332698498376
78,219,35.95893862889494
78,220,37.21810412579158
78,221,35.67569400947621
78,222,32.31459337794631
78,223,29.83454333389489
78,224,28.380673750174967
78,225,25.07677296302369
78,226,24.759911325207135
78,227,22.603475190289235
78,228,23.660093110628136
78,229,22.138706862343824
78,230,24.446704719657713
78,231,24.463588635546017
78,232,25.82902395169642
78,233,29.542178951317613
78,234,29.592849788106033
78,235,30.483682481247335
78,236,29.55480593551148
78,237,32.749539606860665
78,238,32.95702895419633
78,239,36.31343670217373
78,240,37.402183988691206
78,241,40.61555859540586
78,242,38.99167390236942
78,243,36.116723797457304
78,244,33.37653648588215
78,245,30.22118771910601
78,246,29.29011579491809
78,247,26.026289716006534
78,248,25.831647439057456
78,249,23.74259134421484
78,250,20.857476072238942
78,251,17.06761179448878
78,252,15.444763326543452
78,253,14.123569426744611
78,254,11.87563091251511
78,255,11.227907176595197
78,256,8.591954528909902
78,257,6.379814937908032
78,258,4.2816965176460435
78,259,6.400762868814771
78,260,8.276075369463
78,261,10.604947589026656
78,262,13.961914595480618
78,263,14.961232394442025
78,264,17.473028123760933
78,265,16.771141582927633
78,266,16.685260830748547
78,267,14.217006873876151
78,268,16.025395603109562
78,269,16.225039799317106
78,270,16.017897772693637
78,271,14.423791625311342
78,272,13.581980817800478
78,273,11.874665905906937
78,274,12.367854460080297
78,275,11.389577386171071
78,276,13.904184573386544
78,277,14.992782517962546
78,278,17.79842952917526
78,279,15.625819917732638
78,280,14.714436387502154
78,281,17.270748396460956
78,282,18.592076390132476
78,283,18.9155660022022
78,284,22.458323206467757
78,285,23.8752304121634
78,286,23.6138977317225
78,287,23.608597024912324
78,288,22.21617077999241
78,289,23.66142308430917
78,290,21.23362928485384
78,291,19.304308561899365
78,292,18.904816424490356
78,293,15.491864064511319
78,294,13.08143848753211
78,295,9.659968480870718
78,296,9.7693791219546
78,297,13.22471461793836
78,298,15.416524975040446
78,299,19.144428027174676
78,300,20.535095444234322
78,301,21.459857108925167
78,302,25.247104416487513
78,303,27.788181147268155
78,304,29.84604054621716
78,305,29.561359149602843
78,306,31.232623217543992
78,307,32.123657619854924
78,308,34.336007580234096
78,309,34.59033370942348
78,310,37.963127012324094
78,311,38.04534722582742
78,312,41.841790593073824
78,313,45.116890360969855
78,314,47.100203016872356
78,315,48.32363931926183
78,316,52.11345597458372
78,317,53.596566608248814
78,318,57.07539923954718
79,1,77.72486387633563
79,2,78.55850717910621
79,3,75.14002501887012
79,4,71.45705861562712
79,5,68.35074870879401
79,6,64.90364410975097
79,7,62.03112480697874
79,8,58.58141562648847
79,9,55.674369055511775
79,10,51.977156882221536
79,11,50.14336860021179
79,12,49.0994151680066
79,13,47.24855956901269
79,14,48.32038770856728
79,15,45.21830290550345
79,16,43.086735552469904
79,17,40.1686108716017
79,18,40.1622454301284
79,19,38.391145125873386
79,20,38.683259099077006
79,21,40.146157547883696
79,22,41.33559031812665
79,23,44.542577801340265
79,24,43.98515354255534
79,25,41.715605159511654
79,26,42.335849479503054
79,27,43.68913005695524
79,28,44.05536601029167
79,29,42.7290045720475
79,30,42.80345974892607
79,31,39.05564380686838
79,32,35.72522380317748
79,33,31.9929563616488
79,34,29.220612881697072
79,35,26.92507989351116
79,36,24.65093910345741
79,37,21.933818565878212
79,38,22.465061300207356
79,39,21.36884247496994
79,40,18.417241632675356
79,41,18.486198919780904
79,42,16.806517717868886
79,43,14.341599784176518
79,44,10.751340669128144
79,45,11.37395715113875
79,46,9.95023486796254
79,47,11.055558313202917
79,48,10.88645397885009
79,49,7.1791032773352885
79,50,6.368276646669796
79,51,4.964988242145169
79,52,6.316211953692132
79,53,8.669817977072832
79,54,10.375524487996467
79,55,13.467589035667238
79,56,16.03267823062765
79,57,14.271408098353264
79,58,12.87855987578173
79,59,11.102152283755522
79,60,14.606775991215711
79,61,16.344038714442977
79,62,14.549831313112177
79,63,15.297399956185595
79,64,18.89899056843117
79,65,19.362402736102066
79,66,20.376961243353424
79,67,22.228594952808525
79,68,20.39511776234425
79,69,17.095730536680083
79,70,18.785622994317308
79,71,16.8842769981018
79,72,13.789245495947199
79,73,15.999620538147443
79,74,15.05674496402148
79,75,11.645629212877548
79,76,9.010420286621727
79,77,5.38942889239121
79,78,3.8202824587481348
79,80,3.8042208996344424
79,81,6.326471756407679
79,82,9.707952555727303
79,83,12.836344753067715
79,84,16.241222220171437
79,85,18.064495761370516
79,86,16.656838997863108
79,87,19.550565207013403
79,88,20.858733955105556
79,89,23.715149936076422
79,90,24.8212437742209
79,91,26.9490078128336
79,92,26.752044727872157
79,93,25.072170239445118
79,94,24.47054017968903
79,95,22.286907218640902
79,96,23.950866930767567
79,97,21.49972055134256
79,98,18.724311676155867
79,99,16.56446084436337
79,100,16.985631852603355
79,101,16.166231347878426
79,102,12.96568116284159
79,103,12.132882997074745
79,104,13.224435990561659
79,105,11.64026559842335
79,106,8.102443739468173
79,107,9.196839922427845
79,108,10.75281375704178
79,109,7.852418706359212
79,110,10.52696916763505
79,111,12.976750913955414
79,112,15.759956891422739
79,113,18.971769298578128
79,114,22.45963195550186
79,115,25.44022069253864
79,116,28.35829001774411
79,117,32.02788374389102
79,118,32.63487828487602
79,119,36.2571008456072
79,120,37.075203458899374
79,121,40.86427013073054
79,122,42.74571783312409
79,123,39.99735584817556
79,124,38.66880774730661
79,125,35.07818351136645
79,126,32.530816919007336
79,127,33.414419715633464
79,128,32.21915166231661
79,129,32.34981846893373
79,130,32.97115082933332
79,131,30.221901791731085
79,132,27.727578311376707
79,133,29.09637733739582
79,134,27.783736241638405
79,135,29.869932823529236
79,136,33.279742153377136
79,137,33.909586838874596
79,138,32.48237966036426
79,139,29.542420942551146
79,140,27.216793854219137
79,141,23.840548686982924
79,142,23.35336515047386
79,143,22.53409149735304
79,144,25.32585906957844
79,145,29.077210034961894
79,146,31.434074721145695
79,147,34.75780805762332
79,148,38.02519714749565
79,149,41.71945972942069
79,150,43.399783749368275
79,151,47.08294861042412
79,152,48.09395358007875
79,153,46.44442388126088
79,154,43.07507304337409
79,155,43.61375722866276
79,156,42.0822518387334
79,157,39.201177209699495
79,158,38.72012759027664
79,159,36.34380058249586
79,160,34.890196490325394
79,161,31.916482290569412
79,162,31.92811604910718
79,163,29.124322088502556
79,164,30.7694255598634
79,165,27.641363198105683
79,166,26.44772922989588
79,167,23.030759410216543
79,168,22.0091215780687
79,169,21.859052615947704
79,170,20.124803459067472
79,171,22.435382009980444
79,172,21.888795421355287
79,173,25.251941899200766
79,174,27.013646963769286
79,175,30.340710176867244
79,176,32.06057800187396
79,177,33.948264822478954
79,178,36.78909262445555
79,179,38.633401654016886
79,180,42.235233755007805
79,181,44.36673434928036
79,182,45.21384958461991
79,183,41.57203935804868
79,184,41.206793130657125
79,185,44.315763500582904
79,186,43.86630532093651
79,187,40.527754690449676
79,188,40.979656268116564
79,189,44.72360220038695
79,190,44.67684707410434
79,191,45.22418451913053
79,192,42.53228384147332
79,193,39.65992614193306
79,194,37.69117488214484
79,195,34.496382421372715
79,196,34.2764779122697
79,197,31.482319466972108
79,198,32.23148724153945
79,199,31.653232981514737
79,200,34.001138750057244
79,201,32.18493000914702
79,202,31.209545885920612
79,203,32.725117160669235
79,204,31.287153035677715
79,205,34.15015104113789
79,206,33.73274743779372
79,207,36.6253504566779
79,208,35.81842236180816
79,209,36.84327459607601
79,210,39.136664331465134
79,211,38.8032725959556
79,212,38.74277499594432
79,213,35.58830993095063
79,214,34.72217276823335
79,215,33.994252707163675
79,216,30.435523080176264
79,217,30.333756840186613
79,218,33.96710561986425
79,219,33.71406187195093
79,220,34.95045555159491
79,221,33.71511442655271
79,222,30.44065212043124
79,223,28.29214006311733
79,224,26.937002050057558
79,225,23.924548476006024
79,226,24.031037546912128
79,227,22.388586221685205
79,228,23.98671038299698
79,229,22.99795668655407
79,230,25.731754120871283
79,231,26.152068644675058
79,232,27.93530008915147
79,233,31.575135652012545
79,234,31.20931528041634
79,235,31.873351403396384
79,236,30.56386425249415
79,237,33.504578945601764
79,238,33.350977750810614
79,239,36.49260642149878
79,240,37.24700541903705
79,241,40.30031108953797
79,242,38.40557701915514
79,243,35.296919170372355
79,244,32.86434748024672
79,245,29.663823928405172
79,246,29.210297918104633
79,247,26.241696188741017
79,248,26.378556771040923
79,249,24.71408871421277
79,250,21.99301219337778
79,251,18.262090011419165
79,252,17.32764645397035
79,253,15.960046970861944
79,254,14.26736879203055
79,255,13.546934440860609
79,256,11.20114767713361
79,257,8.498592449965198
79,258,5.6893104474624865
79,259,5.1694046045701505
79,260,5.331637063040207
79,261,6.976998149523987
79,262,10.193301224370236
79,263,11.17515762705752
79,264,13.824710181139492
79,265,13.430018375713395
79,266,13.82170294585276
79,267,11.976294809108339
79,268,14.424816238699217
79,269,15.501711178276862
79,270,15.483617431908067
79,271,14.404934310621128
79,272,13.138980089765125
79,273,11.855004155535369
79,274,11.260939195468888
79,275,9.209076902839117
79,276,11.019554828626102
79,277,11.511734641016405
79,278,14.539145008996362
79,279,12.766010122512965
79,280,12.60684559379542
79,281,15.481605391471966
79,282,17.505822681155415
79,283,18.23756447282561
79,284,21.94296791527991
79,285,22.981467331002264
79,286,22.816425518604945
79,287,22.23272535493442
79,288,20.330260213793405
79,289,21.256729152640887
79,290,18.527746359833174
79,291,16.43635519875401
79,292,16.3217742017576
79,293,12.701215574688424
79,294,10.804428082604558
79,295,8.065050096500638
79,296,9.523630735813086
79,297,13.250842221309428
79,298,14.537175962225305
79,299,18.07427473205318
79,300,19.257161977103767
79,301,19.547512702236425
79,302,23.24024788032146
79,303,25.414782156789393
79,304,27.59540544077609
79,305,27.172115920058143
79,306,29.174961225331355
79,307,30.43447972223011
79,308,32.85621196617745
79,309,33.5090142092709
79,310,36.98218062790866
79,311,37.337052130979124
79,312,41.12131419555327
79,313,44.350044521142586
79,314,46.07431079101142
79,315,47.15074101266969
79,316,50.905285655455074
79,317,52.28686990301971
79,318,55.804901374846075
80,1,80.66828043506537
80,2,81.57910420905891
80,3,78.15552098642846
80,4,74.45693951908245
80,5,71.30585655656986
80,6,67.91758177534044
80,7,64.97239211017401
80,8,61.57046036506705
80,9,58.566242695852836
80,10,54.84503566362119
80,11,52.9004897907184
80,12,51.66785755289011
80,13,49.6553134620024
80,14,50.498151638152834
80,15,47.29249190317543
80,16,45.30916656008467
80,17,42.34063508212049
80,18,42.259672774509504
80,19,40.64305765921629
80,20,40.90710878210381
80,21,42.53710651717807
80,22,43.683697931574955
80,23,46.77224025030337
80,24,46.112076184050125
80,25,43.64461016000128
80,26,44.340624384325125
80,27,45.91915592690365
80,28,46.31139945041932
80,29,45.2062335251724
80,30,45.340900115720196
80,31,41.60991615752767
80,32,38.2740270549677
80,33,34.578810547014434
80,34,31.61943109017776
80,35,29.476935583580826
80,36,26.88239520487419
80,37,24.07968950370006
80,38,24.06951957599865
80,39,22.785928691787863
80,40,19.72968165726429
80,41,19.543703686659104
80,42,17.22370386318787
80,43,14.874643913511026
80,44,11.739183924340322
80,45,13.086360011337574
80,46,11.58411506129399
80,47,13.607309571827361
80,48,13.985612205388474
80,49,10.419716111084425
80,50,8.577865270080101
80,51,6.009929235533599
80,52,4.929552578859555
80,53,6.31571470744311
80,54,6.945032646165103
80,55,10.306443740709422
80,56,12.478537085037036
80,57,10.501423410759235
80,58,9.132734462867216
80,59,7.6512529087000924
80,60,11.343083759215675
80,61,12.745131083233641
80,62,11.17387064635052
80,63,12.385916394676542
80,64,15.769130649547273
80,65,16.110481748259893
80,66,16.799677927111055
80,67,18.742111034596906
80,68,16.870680506548307
80,69,13.649705099153914
80,70,15.72277494847328
80,71,14.177512384924816
80,72,11.11686620271739
80,73,13.68041128681527
80,74,13.550593541139849
80,75,10.303144702199377
80,76,8.792955615974536
80,77,6.172809593424533
80,78,6.765673556597341
80,79,3.8042208996344424
80,81,3.808648778877334
80,82,6.5173720785916025
80,83,9.91435005053907
80,84,13.351197030120108
80,85,14.864699947188944
80,86,13.085547385381798
80,87,15.828879499597459
80,88,17.06751639650065
80,89,19.916317370821904
80,90,21.09301423432019
80,91,23.295955089119868
80,92,23.137342799801484
80,93,21.662633120174164
80,94,21.334288838224534
80,95,19.489599487683137
80,96,21.548009421429263
80,97,19.509987817633544
80,98,16.350424405603437
80,99,14.734872349758806
80,100,15.643054384406954
80,101,14.361712512472138
80,102,10.924784424032657
80,103,11.20653871472612
80,104,12.611330145235168
80,105,10.383414508985753
80,106,7.213126558916419
80,107,9.781571170053033
80,108,11.093881295688908
80,109,8.236300609766486
80,110,9.996713169845101
80,111,11.393567265688294
80,112,14.701580628761834
80,113,17.459125374111107
80,114,21.164918435315446
80,115,23.757347076740203
80,116,26.788255058300418
80,117,30.326657659737762
80,118,30.6874526683962
80,119,34.18045213488938
80,120,34.71133354582352
80,121,38.480392166798495
80,122,40.12749914232538
80,123,37.208224569756936
80,124,35.72655943734998
80,125,32.18952766544257
80,126,29.49112768955121
80,127,30.15154826610411
80,128,28.770861835045952
80,129,28.73027504728014
80,130,29.259047402105082
80,131,26.460586041489403
80,132,24.04000184566495
80,133,25.475178375240922
80,134,24.35070339521144
80,135,26.526909952447838
80,136,29.841645535361362
80,137,30.423082199029377
80,138,28.932108137124196
80,139,26.086897887404792
80,140,23.796101467854466
80,141,20.534253182126726
80,142,20.34121044826948
80,143,19.804599897005357
80,144,22.453054294053654
80,145,26.20700707604476
80,146,28.34771218960874
80,147,31.796584823771596
80,148,34.93374939169882
80,149,38.66976741848326
80,150,40.43628198449767
80,151,44.08038546977218
80,152,45.02317498499313
80,153,43.52379316192365
80,154,40.23163358631488
80,155,41.006234339388925
80,156,39.652862817946506
80,157,36.891735843438546
80,158,36.72367015683836
80,159,34.518654154597215
80,160,33.41703208658708
80,161,30.618876858535078
80,162,31.069097630210628
80,163,28.60158944474747
80,164,30.573834851148206
80,165,27.72266440689407
80,166,26.993705269994155
80,167,23.420371623656546
80,168,21.972500299865327
80,169,21.191172137776086
80,170,18.967946509422205
80,171,20.727292084892067
80,172,19.632661950272215
80,173,22.74619802086165
80,174,24.22103236211046
80,175,27.438298930233785
80,176,28.891937386351703
80,177,30.724499713691497
80,178,33.4193485514532
80,179,35.18298746992076
80,180,38.794019539297274
80,181,41.02545349710561
80,182,41.77318225501528
80,183,38.113998672615516
80,184,37.9154142733266
80,185,41.054917454457815
80,186,40.50254968432488
80,187,37.24606823764305
80,188,37.88216006580122
80,189,41.613407345894025
80,190,41.700906943205354
80,191,42.179224375437656
80,192,39.625245618983264
80,193,36.844859378316215
80,194,35.11278136016052
80,195,32.05244743579745
80,196,32.18197562780442
80,197,29.612813866332335
80,198,30.764800421462297
80,199,30.598926099888022
80,200,33.255260365916605
80,201,31.54350771403575
80,202,30.16959384847094
80,203,31.278449008315494
80,204,29.484911869512747
80,205,32.078074660197885
80,206,31.330837791211742
80,207,34.013897232506174
80,208,32.928186877882126
80,209,33.82756735103076
80,210,35.93780087198824
80,211,35.52572637004808
80,212,35.31654710798644
80,213,32.17662978411782
80,214,31.237021717272153
80,215,30.35949948775174
80,216,26.756628266830525
80,217,26.558764838998545
80,218,30.19200672501253
80,219,30.00611271910408
80,220,31.352722933015787
80,221,30.201518320020156
80,222,27.031002322086078
80,223,25.030717199013452
80,224,23.955943037008495
80,225,21.12263074410891
80,226,21.694595135754525
80,227,20.48118758185785
80,228,22.554254823045834
80,229,22.12597434997415
80,230,25.05491632186174
80,231,26.023479047531783
80,232,28.01314362584887
80,233,31.494300848100508
80,234,30.757315207502643
80,235,30.990292118528792
80,236,29.27305320765809
80,237,31.943242495855134
80,238,31.39724200524935
80,239,34.37502502402591
80,240,34.81451217871407
80,241,37.68850473117859
80,242,35.56824714406412
80,243,32.328366465484464
80,244,30.07798000653912
80,245,26.774715909493015
80,246,26.621028209778874
80,247,23.873346448957516
80,248,24.121857759302955
80,249,22.912811148016903
80,250,20.53381768759855
80,251,16.98545829908117
80,252,16.840236794989874
80,253,15.920421264584693
80,254,15.113388162688118
80,255,15.091873256850052
80,256,13.529717367798538
80,257,11.434973340644952
80,258,7.947741637394362
80,259,6.472759355196085
80,260,4.5450330306486855
80,261,6.170472207850871
80,262,8.43297566069561
80,263,9.813663287005438
80,264,12.166040959387159
80,265,12.672507478135461
80,266,13.068148119836218
80,267,11.903404061524158
80,268,15.023988544645562
80,269,16.664217673167435
80,270,17.375319947233873
80,271,17.008236360019858
80,272,16.005799804096466
80,273,15.224714077997998
80,274,14.24401760039766
80,275,11.490326747662337
80,276,12.377790121047319
80,277,11.647772630844342
80,278,14.884609150812466
80,279,13.644874204488154
80,280,14.457838525275577
80,281,17.67712234846887
80,282,20.191262752774442
80,283,21.277035655515544
80,284,24.99892541563479
80,285,25.84462767138769
80,286,25.739241085943405
80,287,24.74605995984063
80,288,22.45997393925125
80,289,22.810992260727875
80,290,19.786002120450636
80,291,17.469345093508252
80,292,17.52368092301274
80,293,13.730635705910652
80,294,12.78369172480312
80,295,10.865022077227334
80,296,12.99740025954152
80,297,16.734486029458015
80,298,17.566611372833496
80,299,20.887958999146573
80,300,21.78914935753243
80,301,21.51969406334211
80,302,25.043822198983708
80,303,26.788878533288944
80,304,29.17009604052205
80,305,28.64863561684482
80,306,30.99925035833709
80,307,32.596762129322045
80,308,35.1846049357138
80,309,36.14593452083377
80,310,39.66714258347439
80,311,40.191206763188625
80,312,43.9460449210295
80,313,47.14210138189843
80,314,48.680104186236974
80,315,49.624055572826805
80,316,53.337859462939356
80,317,54.60540216119122
80,318,58.12887299971853
81,1,79.70042429329924
81,2,80.73390193009135
81,3,77.31510601601214
81,4,73.5959417765001
81,5,70.3919730824184
81,6,67.10269113810763
81,7,64.06578290191113
81,8,60.756412838097575
81,9,57.616562311806454
81,10,53.868485739735625
81,11,51.75535625341064
81,12,50.2900538463815
81,13,48.07927545625968
81,14,48.66342659930545
81,15,45.37640520906122
81,16,43.58743485557092
81,17,40.62440768236563
81,18,40.563616776540336
81,19,39.20910465023364
81,20,39.60555287917598
81,21,41.51919109443581
81,22,42.809577083017686
81,23,45.70604914989111
81,24,44.789388134184236
81,25,42.102588009439856
81,26,42.70814994935821
81,27,44.438041892191634
81,28,44.74093937394202
81,29,43.850513101077965
81,30,43.982948755636215
81,31,40.2859899707573
81,32,37.0014999881627
81,33,33.37131443331834
81,34,30.259329257795706
81,35,28.426148143181567
81,36,25.540701445122043
81,37,22.575128582062067
81,38,22.032597056913485
81,39,20.500105458643343
81,40,17.405605572154112
81,41,17.086640327685434
81,42,14.319192094580735
81,43,12.322495537947981
81,44,9.82479407436775
81,45,12.109526581999958
81,46,11.43676450133369
81,47,14.159264183083836
81,48,15.155550219997528
81,49,12.058734599787622
81,50,10.608581316183527
81,51,7.110312970248119
81,52,6.156796868299556
81,53,5.120782865662534
81,54,5.750025134958724
81,55,8.111807365901216
81,56,10.508573625193524
81,57,9.5025375064828
81,58,8.564878365522967
81,59,8.7273751369316
81,60,12.340057701673143
81,61,13.177405935559939
81,62,12.33652915241508
81,63,14.298078770058785
81,64,17.19030587896004
81,65,17.26757451909767
81,66,17.12038961209209
81,67,18.90431149759553
81,68,16.4666011015368
81,69,13.862751201402249
81,70,16.568284038963725
81,71,14.999453619475933
81,72,12.60934842045738
81,73,15.76310131028506
81,74,16.34561152448024
81,75,13.086761903043953
81,76,12.169987975707055
81,77,9.586255410325395
81,78,9.893935575411106
81,79,6.326471756407679
81,80,3.808648778877334
81,82,3.8122149293189893
81,83,6.524508005150066
81,84,10.053674206991344
81,85,11.768267592096624
81,86,10.725510906419878
81,87,13.99989895848748
81,88,16.004753995198854
81,89,18.969446359508492
81,90,20.775801405722763
81,91,23.16496420895919
81,92,22.736574992633898
81,93,21.703624788496303
81,94,21.472633640167874
81,95,20.128115261401746
81,96,22.280992435770216
81,97,20.394405260802216
81,98,17.016275786954086
81,99,15.421033966656765
81,100,17.148976212384987
81,101,16.20571088075875
81,102,12.483872227542193
81,103,13.161316659537617
81,104,15.313009989578108
81,105,13.321679121043664
81,106,10.207637033538898
81,107,12.960437949999806
81,108,14.693548980815377
81,109,12.024712099524958
81,110,13.624212291580672
81,111,14.529965182867574
81,112,17.969754679827783
81,113,20.466263786776175
81,114,24.246820437003134
81,115,26.55303538801326
81,116,29.669672571448064
81,117,33.08064286983512
81,118,33.25453714661823
81,119,36.60610444423489
81,120,36.84422296098046
81,121,40.56696276281697
81,122,41.93225428723663
81,123,38.81264946085755
81,124,37.1299104600528
81,125,33.696463198758444
81,126,30.773451757609887
81,127,31.057615457496127
81,128,29.269332899148452
81,129,28.75056818607187
81,130,28.832586809536526
81,131,25.852463001369692
81,132,23.80119748208487
81,133,25.176646845373945
81,134,24.4021526355622
81,135,26.357128468423266
81,136,29.440992069282856
81,137,30.302543667458064
81,138,28.94495410589324
81,139,26.465041125642166
81,140,24.423838879199923
81,141,21.500378199235772
81,142,21.755514551272235
81,143,21.707321487383066
81,144,24.1127376027437
81,145,27.81469751562633
81,146,29.581521847680605
81,147,33.18398026492006
81,148,36.07744276846411
81,149,39.856758308956856
81,150,41.77346071354108
81,151,45.33697352070597
81,152,46.14006394621347
81,153,44.85303443795129
81,154,41.66391120963069
81,155,42.72391980869401
81,156,41.516102405312
81,157,38.95295252710737
81,158,39.07090469286714
81,159,37.08145711835099
81,160,36.24284421691099
81,161,33.61601417037577
81,162,34.29760060264848
81,163,32.00046418590304
81,164,34.119522445678506
81,165,31.371390825624434
81,166,30.723296609940768
81,167,27.111367230577237
81,168,25.495178113877806
81,169,24.54369396742879
81,170,22.04247605141993
81,171,23.444381522678174
81,172,21.873673020418202
81,173,24.643655445152447
81,174,25.625308547552628
81,175,28.5529177851486
81,176,29.617370187681168
81,177,31.10036413882214
81,178,33.5798471808455
81,179,34.97011381164872
81,180,38.66653803186367
81,181,41.17809906333565
81,182,41.895321119696625
81,183,38.27206856340951
81,184,38.37965753275341
81,185,41.64851614703167
81,186,41.009350115788926
81,187,37.95979454170901
81,188,38.868739645415246
81,189,42.53290365889927
81,190,42.713818398950494
81,191,42.93302662730912
81,192,40.50633688953623
81,193,37.971567657313656
81,194,36.50107652955323
81,195,33.686461269120265
81,196,34.13444907400729
81,197,31.857351960982683
81,198,33.26904223013464
81,199,33.403890011443714
81,200,36.15337940263592
81,201,34.320170347601284
81,202,32.67795919079191
81,203,33.53550314556349
81,204,31.43876172187649
81,205,33.77394045106582
81,206,32.660074395937464
81,207,35.06885289662711
81,208,33.68618159720121
81,209,34.17871648168032
81,210,36.07998699595343
81,211,35.2858030873963
81,212,34.72106680864813
81,213,31.406193016573756
81,214,30.043516373819703
81,215,29.085813126256916
81,216,25.49723930994485
81,217,25.272486894905256
81,218,29.0167581476571
81,219,29.20914199462709
81,220,30.64407627334436
81,221,29.951163618829764
81,222,27.013535319739525
81,223,25.501672706824415
81,224,24.69354104836953
81,225,22.30402095348656
81,226,23.3671395843231
81,227,22.69308870549974
81,228,25.14479317621115
81,229,25.10290309117317
81,230,28.21729563850329
81,231,29.385194434545244
81,232,31.541434929596523
81,233,34.9597323382981
81,234,34.02216080765572
81,235,34.10243608862304
81,236,32.15261512508935
81,237,34.59411395873901
81,238,33.748297951013804
81,239,36.50411505652833
81,240,36.611934752979124
81,241,39.268157304712155
81,242,36.87837062298541
81,243,33.444465366338726
81,244,31.548875205768887
81,245,28.21787630309922
81,246,28.516534195570394
81,247,26.087214241430544
81,248,26.47845689238266
81,249,25.681078298067153
81,250,23.562388185905423
81,251,20.18008731350827
81,252,20.38839339172638
81,253,19.527809066072535
81,254,18.84874145937072
81,255,18.65935325083784
81,256,16.95744913338597
81,257,14.46675939240348
81,258,11.261087673913615
81,259,9.065089151938414
81,260,5.9863925642269304
81,261,5.061775699288147
81,262,5.754690330045483
81,263,6.303254227024463
81,264,8.373614046727536
81,265,9.226177453654461
81,266,10.033004034713706
81,267,9.796971884567512
81,268,13.348710831224977
81,269,15.751262325913185
81,270,16.657025907900078
81,271,16.88121651097359
81,272,15.777854354808369
81,273,15.63467036903087
81,274,14.049059929129916
81,275,10.649651629638718
81,276,10.679496640265901
81,277,8.990344293818792
81,278,12.029248246001764
81,279,11.207073387434766
81,280,12.893142079966033
81,281,16.296899150047746
81,282,19.310544484889867
81,283,20.888110547273413
81,284,24.536207308817747
81,285,25.172029602909546
81,286,25.363907295320843
81,287,23.958717353611114
81,288,21.224901690884007
81,289,21.061929183917982
81,290,17.724032678386628
81,291,15.60668475295711
81,292,16.30703569816848
81,293,12.649826060642674
81,294,12.268824487939858
81,295,11.32750115263063
81,296,13.958523784805514
81,297,17.47319964483598
81,298,17.563746749240796
81,299,20.54715577976245
81,300,21.45426514824087
81,301,20.636065155230362
81,302,23.91505490566833
81,303,25.220826486586798
81,304,27.50227461764086
81,305,26.663772300218522
81,306,29.223065270311395
81,307,31.19556679313872
81,308,33.82411804056881
81,309,35.14534081854813
81,310,38.64806719815505
81,311,39.31267247352288
81,312,42.99493167373663
81,313,46.17007323433502
81,314,47.49087628630256
81,315,48.20912434958438
81,316,51.864083560455825
81,317,52.95239231955992
81,318,56.45230233223392
82,1,82.2478957721554
82,2,83.30662602384754
82,3,79.85923738611224
82,4,76.14833001260146
82,5,72.87459449465182
82,6,69.65369647549419
82,7,66.52168571140996
82,8,63.2503872439055
82,9,60.02677352915799
82,10,56.2859475380722
82,11,54.13911914582156
82,12,52.47911759690666
82,13,50.17995574667859
82,14,50.545017585534744
82,15,47.14099308218637
82,16,45.43669063047348
82,17,42.381166628109185
82,18,42.12782331878145
82,19,40.863053648173725
82,20,41.11736033091681
82,21,43.12379586722969
82,22,44.27722577367219
82,23,47.038465806980376
82,24,46.08856077222411
82,25,43.24528479013495
82,26,44.016205897192215
82,27,46.00710001962497
82,28,46.43721975736635
82,29,45.8216914578855
82,30,46.125910208479375
82,31,42.50171242559752
82,32,39.185210819262934
82,33,35.662298765582996
82,34,32.365419102919844
82,35,30.59857423036494
82,36,27.447544126208822
82,37,24.619344274433864
82,38,23.59697684722957
82,39,22.16675746882933
82,40,19.298502665102397
82,41,19.066091062984185
82,42,15.827948440464175
82,43,14.439216613796773
82,44,12.67502580030811
82,45,15.410431304926954
82,46,14.950620225451726
82,47,17.878703428139584
82,48,18.962440353041057
82,49,15.852516708649741
82,50,14.228569175803703
82,51,10.740294091700166
82,52,8.946544218455902
82,53,6.90971614189347
82,54,5.330573352335077
82,55,6.997152768896734
82,56,8.139298728584292
82,57,7.126332779287115
82,58,5.834842464934855
82,59,7.401907229329672
82,60,10.419825998430216
82,61,10.926993998493531
82,62,11.124450622244353
82,63,13.338029167822985
82,64,15.593597674554369
82,65,15.810537052175853
82,66,15.03388153476382
82,67,17.099568927946937
82,68,14.68807361140401
82,69,12.535406314790206
82,70,15.806017034195955
82,71,14.977922741654943
82,72,12.871948651033609
82,73,16.031265702030108
82,74,17.318215522310535
82,75,14.579232691156243
82,76,14.38242568101701
82,77,12.457129198277315
82,78,13.18730649235605
82,79,9.707952555727303
82,80,6.5173720785916025
82,81,3.8122149293189893
82,83,3.8084364146221317
82,84,6.8941542827989215
82,85,8.707651638006332
82,86,7.328569613179049
82,87,10.523622207349636
82,88,12.72724020702031
82,89,15.928197036433781
82,90,17.92690612809612
82,91,20.187692351090607
82,92,19.461967320774818
82,93,18.64337973624072
82,94,18.486609186432172
82,95,17.589943949277572
82,96,19.920668449842125
82,97,18.427817169312295
82,98,14.845629733825703
82,99,13.751603774308483
82,100,16.1085330605407
82,101,15.132944143513626
82,102,11.441015382894946
82,103,12.99598981017184
82,104,15.541101871314243
82,105,13.576434149373588
82,106,11.088547456010232
82,107,14.37749175978327
82,108,16.155005661482253
82,109,13.997027249638407
82,110,15.171952360232925
82,111,15.27482856745417
82,112,18.960997451389566
82,113,20.864683053996448
82,114,24.67387066979267
82,115,26.545230193037106
82,116,29.56757636237825
82,117,32.7798516268749
82,118,32.567785096476115
82,119,35.73227605191713
82,120,35.58514092202016
82,121,39.237182641080814
82,122,40.30794766209251
82,123,37.03406019884254
82,124,35.303715651130005
82,125,32.0422856661949
82,126,29.062358181118842
82,127,28.929736185206153
82,128,26.948241870128083
82,129,26.076379700465885
82,130,26.03408217701867
82,131,22.847585667932595
82,132,21.155297512127564
82,133,22.805386556662494
82,134,22.533699839264006
82,135,24.652566405100487
82,136,27.46772472397099
82,137,28.184604219418514
82,138,26.631939040113025
82,139,24.356201309108542
82,140,22.288015236281943
82,141,19.606181923358445
82,142,20.47252040249728
82,143,20.627885169073807
82,144,22.574992077871475
82,145,26.20026660349828
82,146,27.548632276909537
82,147,31.213493202083498
82,148,33.86883917818444
82,149,37.65870554068816
82,150,39.78267847018092
82,151,43.26915441290209
82,152,43.857807011526376
82,153,42.68532517229571
82,154,39.56398978359915
82,155,40.84415135751181
82,156,39.73449091237359
82,157,37.413996733103666
82,158,37.826704541466775
82,159,36.14201285098951
82,160,35.64018542386038
82,161,33.31400055016607
82,162,34.34072395627265
82,163,32.384511024060394
82,164,34.83155968232789
82,165,32.39709862650979
82,166,32.03115902327824
82,167,28.317711870703317
82,168,26.278967914789156
82,169,24.9314841947479
82,170,22.00421974748696
82,171,22.857797636313418
82,172,20.74497931481565
82,173,23.078726941550038
82,174,23.551222919934894
82,175,26.175890306594905
82,176,26.942598264496528
82,177,28.14364187592671
82,178,30.491321157792658
82,179,31.656114586555688
82,180,35.38916021304206
82,181,38.04304847463955
82,182,38.79238066443684
82,183,35.22617802107283
82,184,35.48059026158342
82,185,38.845346790889636
82,186,38.232672727053895
82,187,35.34347562011179
82,188,36.386312173218506
82,189,39.968179037979034
82,190,40.16405656707119
82,191,40.16796418351916
82,192,37.83647227833741
82,193,35.51203802019842
82,194,34.273090153293445
82,195,31.709213324794636
82,196,32.48229008583911
82,197,30.549725183035314
82,198,32.28709479065591
82,199,32.842114450830465
82,200,35.76245636298638
82,201,33.902469543516865
82,202,31.88114994220068
82,203,32.34879608238951
82,204,29.91297882428255
82,205,31.925676360675872
82,206,30.459957171391054
82,207,32.59766538050548
82,208,30.97496679438046
82,209,31.18828682465539
82,210,32.93765218716383
82,211,31.938845017930017
82,212,31.210353838015525
82,213,27.836768251595334
82,214,26.33826178639916
82,215,25.39394689727051
82,216,21.846697783156074
82,217,21.764627474588554
82,218,25.526872875195227
82,219,25.76050678622104
82,220,27.13792570039878
82,221,26.661937964163325
82,222,23.855349186126077
82,223,22.678590480338627
82,224,22.0677286523587
82,225,20.090210476962486
82,226,21.616165633822007
82,227,21.538487078132647
82,228,24.411467443480618
82,229,24.941467920692713
82,230,28.254495797311204
82,231,29.842612331360353
82,232,32.27080719751585
82,233,35.49425852381779
82,234,34.16651720209827
82,235,33.9377186014448
82,236,31.644486157985625
82,237,33.741758981094534
82,238,32.53563884658118
82,239,35.008139575229706
82,240,34.77551795815298
82,241,37.21142872087315
82,242,34.61336006455787
82,243,31.044947813315922
82,244,29.485248377332006
82,245,26.215918046660637
82,246,26.973786987184084
82,247,24.958583794804014
82,248,25.68845016586629
82,249,25.351789186001454
82,250,23.5291315999339
82,251,20.48202390404532
82,252,21.338961665592905
82,253,20.608795770782603
82,254,20.54885446142409
82,255,20.606719580999716
82,256,19.43377107980977
82,257,17.25077897080013
82,258,13.851923402967296
82,259,11.151136151250393
82,260,7.4734873550263075
82,261,6.231044959533104
82,262,4.814810572513158
82,263,6.194972629404279
82,264,7.800845624571541
82,265,10.121136475343176
82,266,11.395565051974684
82,267,12.213036604879418
82,268,15.98297066605161
82,269,18.763300859664856
82,270,19.936970206620124
82,271,20.442943316095935
82,272,19.270685150432175
82,273,19.174090419174178
82,274,17.222356779970234
82,275,13.626551219474658
82,276,12.75455009132693
82,277,10.142712579691674
82,278,13.165154156474497
82,279,13.300035868577888
82,280,15.664766595994433
82,281,18.945684401670068
82,282,22.24035331744459
82,283,23.85969444887861
82,284,27.491345797332947
82,285,27.78187172227402
82,286,27.847079744452376
82,287,26.03975938151665
82,288,23.08141586417262
82,289,22.34761687588352
82,290,18.98393922719963
82,291,16.598214628593507
82,292,17.241139462030663
82,293,13.731404457615316
82,294,14.344814219132191
82,295,14.109329560269495
82,296,17.156893500678223
82,297,20.636377514810654
82,298,20.343325733800015
82,299,23.011294286428036
82,300,23.47921130109003
82,301,22.14677190143383
82,302,25.14018438749633
82,303,25.9835515781479
82,304,28.500021264057914
82,305,27.725856116499653
82,306,30.61986380498988
82,307,32.839178902539324
82,308,35.67320489579517
82,309,37.27270279515453
82,310,40.82718223950807
82,311,41.74992481093168
82,312,45.380357199461635
82,313,48.44018077772005
82,314,49.526300868684785
82,315,50.18244428285836
82,316,53.7633233999543
82,317,54.80667026461211
82,318,58.327964014540534
83,1,82.16237738661361
83,2,83.36506020833129
83,3,79.9520147639033
83,4,76.226228529943
83,5,72.93493474905478
83,6,69.82208310305461
83,7,66.6372293505991
83,8,63.48281860273354
83,9,60.15021119721733
83,10,56.40081690896241
83,11,54.07252937017922
83,12,52.2109430225628
83,13,49.70376919550698
83,14,49.7953884457463
83,15,46.36293402963014
83,16,44.92158405487518
83,17,41.947570948342786
83,18,41.78058065002769
83,19,40.836564003790706
83,20,41.273642451762875
83,21,43.55576044996104
83,22,44.874778009807635
83,23,47.42005681768156
83,24,46.19794835419634
83,25,43.1571730813252
83,26,43.78148206265969
83,27,45.87770293338434
83,28,46.15937895972979
83,29,45.73714081472418
83,30,45.972641103381534
83,31,42.410920012875344
83,32,39.22368953838065
83,33,35.80481650315027
83,34,32.459033517709166
83,35,31.079565646470684
83,36,27.756252376416228
83,37,24.799183825376836
83,38,23.264497596119437
83,39,21.51343141764349
83,40,18.674436392899096
83,41,18.118520758178942
83,42,14.548927529258485
83,43,13.622697002492261
83,44,12.85459769016625
83,45,15.990642225669697
83,46,16.02476064557577
83,47,19.344132511913305
83,48,20.87173647039131
83,49,18.187935427190293
83,50,16.652394475148572
83,51,12.909754445733775
83,52,11.213583870717821
83,53,8.11181036129344
83,54,6.655084473121616
83,55,6.066486505510466
83,56,6.924396624009684
83,57,7.73195287855047
83,58,7.748709269076639
83,59,10.445461169145535
83,60,12.982647040358959
83,61,12.64939286300672
83,62,13.295595682855803
83,63,16.035898260232145
83,64,17.743824549658086
83,65,17.507198560816466
83,66,15.9624393236096
83,67,17.566215265943462
83,68,14.658570637550671
83,69,13.423119095717901
83,70,16.96424767245492
83,71,16.10375708676814
83,72,14.809818410308518
83,73,18.256701274385485
83,74,20.022848986433754
83,75,17.310418270378133
83,76,17.504679757847057
83,77,15.626611813928298
83,78,16.390922231659665
83,79,12.836344753067715
83,80,9.91435005053907
83,81,6.524508005150066
83,82,3.8084364146221317
83,84,3.7956037721612503
83,85,5.43477272977042
83,86,5.630069203491554
83,87,9.348242554938421
83,88,12.43781242519659
83,89,15.396628370419656
83,90,18.069203297550928
83,91,20.556266708564173
83,92,19.733335384639243
83,93,19.57890477850681
83,94,19.74117745517225
83,95,19.502405943961794
83,96,21.95147714375809
83,97,20.798945116707564
83,98,17.181602047449964
83,99,16.365230233531502
83,100,19.154815909342844
83,101,18.30326766987086
83,102,14.717421986335154
83,103,16.478458693909694
83,104,19.19499481002769
83,105,17.253063890264052
83,106,14.887562278391485
83,107,18.162006375627225
83,108,19.947747705584995
83,109,17.67923841627671
83,110,18.65524878273335
83,111,18.479028009575874
83,112,22.09584922752083
83,113,23.826169280325548
83,114,27.620135386064696
83,115,29.228539383188227
83,116,32.34518698520504
83,117,35.40006684823618
83,118,35.108106785807834
83,119,38.09595115653333
83,120,37.72311717989789
83,121,41.280211297005195
83,122,42.075430839436265
83,123,38.64609095489812
83,124,36.67572689747908
83,125,33.54342847368056
83,126,30.359546724345616
83,127,29.916799935694456
83,128,27.533933434541215
83,129,26.213003924291502
83,130,25.632039133918383
83,131,22.408204599281476
83,132,21.126058455261226
83,133,22.529748983593148
83,134,22.57255201608394
83,135,24.317807225784495
83,136,26.82364129637646
83,137,27.88262006719516
83,138,26.59408599589463
83,139,24.791167124985378
83,140,23.149035991902803
83,141,20.960864997703897
83,142,22.105012931516164
83,143,22.799563293877068
83,144,24.559724876343424
83,145,28.00073721319357
83,146,29.005079467672147
83,147,32.75362135058273
83,148,35.12962076624552
83,149,38.8985397268055
83,150,41.071623102800636
83,151,44.431438946112706
83,152,44.94584617540034
83,153,44.04890525465659
83,154,41.10329184153355
83,155,42.676180821528554
83,156,41.7932863568281
83,157,39.646223921152874
83,158,40.347250910384716
83,159,38.82128521736403
83,160,38.57893027110123
83,161,36.37438169205403
83,162,37.617874091978585
83,163,35.81686270171529
83,164,38.31356456127284
83,165,35.94789268579408
83,166,35.708363656798156
83,167,32.00775562551785
83,168,29.945019971272306
83,169,28.434725127156952
83,170,25.413722017057175
83,171,25.964177268408932
83,172,23.550916645328407
83,173,25.52968760373305
83,174,25.597240549780693
83,175,27.900529491809884
83,176,28.197517991144515
83,177,29.092662648340777
83,178,31.08678397667004
83,179,31.860944038494065
83,180,35.59607556199688
83,181,38.50774789542049
83,182,39.113582600183
83,183,35.608402942573385
83,184,36.237826669210925
83,185,39.640009592912484
83,186,38.852013279454674
83,187,36.21396822818698
83,188,37.57973807877212
83,189,41.05752903933365
83,190,41.436367132919486
83,191,41.24712076041586
83,192,39.13993198536563
83,193,37.06369231672092
83,194,36.15224089060214
83,195,33.84741872823775
83,196,34.94571048533325
83,197,33.28054317598725
83,198,35.25778856539278
83,199,36.0538374260291
83,200,39.06907598590126
83,201,37.222304662698036
83,202,35.01496721730892
83,203,35.23483288097612
83,204,32.57248538422417
83,205,34.2943341497201
83,206,32.49904833644562
83,207,34.306458678454206
83,208,32.359094224480714
83,209,32.1972623830868
83,210,33.615439320579085
83,211,32.26636908371243
83,212,31.112386566006037
83,213,27.658545064708218
83,214,25.68250525437171
83,215,24.511970561802684
83,216,21.02245947042752
83,217,20.733496030072573
83,218,24.52579483168936
83,219,25.276905847806173
83,220,26.855535331520333
83,221,26.897545101226154
83,222,24.486635197583126
83,223,23.858125438389493
83,224,23.68146668384086
83,225,22.19189876298399
83,226,24.160679166807757
83,227,24.50450485846519
83,228,27.592079857537485
83,229,28.385354036684674
83,230,31.724843928840144
83,231,33.46523634632055
83,232,35.91530025093588
83,233,39.076125090529416
83,234,37.645751450341336
83,235,37.24053011857315
83,236,34.77532474199967
83,237,36.667518860406545
83,238,35.19440881492276
83,239,37.46175297045126
83,240,36.911785623773945
83,241,39.08440669494077
83,242,36.24263945475956
83,243,32.559640434001075
83,244,31.34535128531395
83,245,28.064313391867223
83,246,29.172554697364497
83,247,27.443170952519484
83,248,28.141102493237266
83,249,28.180822543509485
83,250,26.666332666260775
83,251,23.786544167824953
83,252,24.849983730645924
83,253,24.310155390655783
83,254,24.312996074289412
83,255,24.38593018654161
83,256,23.088015352714798
83,257,20.720440099646602
83,258,17.440931401560725
83,259,14.728923000784528
83,260,11.02876602905673
83,261,8.931708547035555
83,262,6.163278368819359
83,263,5.723740669652824
83,264,5.4125952127095704
83,265,8.55401647799147
83,266,9.918670957002353
83,267,11.820520951442358
83,268,15.587665549291076
83,269,18.828711600462505
83,270,20.301498735812125
83,271,21.39692242911155
83,272,20.393626016322322
83,273,20.88938671666352
83,274,18.752208328134856
83,275,14.983018799346228
83,276,13.605018232525582
83,277,10.318095461746113
83,278,12.499882454770622
83,279,13.075969020264926
83,280,16.07508351985423
83,281,19.361397184033024
83,282,22.905738713333083
83,283,24.96713256702991
83,284,28.405640814206112
83,285,28.61182189112699
83,286,29.01917014210121
83,287,26.956199007852756
83,288,23.682232092027874
83,289,22.488549386011783
83,290,18.92303549053256
83,291,16.97596153120829
83,292,18.27838877856319
83,293,15.175271257860826
83,294,16.1239514144809
83,295,16.459131542391617
83,296,19.5286583138014
83,297,22.747491237381354
83,298,22.0196212016629
83,299,24.37318559198062
83,300,24.9272880194886
83,301,23.206819787855192
83,302,25.871967800898457
83,303,26.24846646722996
83,304,28.554070907330953
83,305,27.405128504416687
83,306,30.426129847809108
83,307,32.9965874998095
83,308,35.77206073715398
83,309,37.685183342628775
83,310,41.14682511459256
83,311,42.129479692064024
83,312,45.64692924498815
83,313,48.6908771574427
83,314,49.58482498561131
83,315,49.974423585078384
83,316,53.47165452732686
83,317,54.28496674909302
83,318,57.73644966803378
84,1,83.31517738245293
84,2,84.54647084129616
84,3,81.10991045461274
84,4,77.4060362111171
84,5,74.0421388044994
84,6,71.02791513799805
84,7,67.74181861814343
84,8,64.65389668163908
84,9,61.23513862760008
84,10,57.51597007559573
84,11,55.15832911036707
84,12,53.08231624538647
84,13,50.49718555455694
84,14,50.34426762442872
84,15,46.812220714840244
84,16,45.47659992686107
84,17,42.4387279248207
84,18,42.07829909757054
84,19,41.27170012878853
84,20,41.59486080492338
84,21,43.99168960742324
84,22,45.21110229016427
84,23,47.55765352921747
84,24,46.25730457067602
84,25,43.06665792902651
84,26,43.81515444874493
84,27,46.157610911008355
84,28,46.548650864820644
84,29,46.43399448385322
84,30,46.84971096666223
84,31,43.41003844503248
84,32,40.23298126808186
84,33,36.98603859033296
84,34,33.498619278336584
84,35,32.252452593840424
84,36,28.72325251126354
84,37,25.974943812238518
84,38,23.98217181486178
84,39,22.418312089039084
84,40,19.994040250467386
84,41,19.678411331371407
84,42,15.922618173195687
84,43,15.80466243551458
84,44,15.67663065178905
84,45,19.08766290371813
84,46,19.512426779791713
84,47,22.83086622651359
84,48,24.381837960985337
84,49,21.74722382620231
84,50,20.38709052599051
84,51,16.64798371826343
84,52,14.986948696692762
84,53,11.847461397389116
84,54,10.020124956989063
84,55,8.816476814241131
84,56,8.304224556698147
84,57,9.562571966502157
84,58,9.405388301425162
84,59,12.641428214188325
84,60,14.350626530904645
84,61,13.866794228565835
84,62,15.395337219208287
84,63,18.02625791624069
84,64,19.135083410031836
84,65,19.09550654677133
84,66,17.009070705331435
84,67,18.72510191915363
84,68,15.936692579022091
84,69,15.3720672210746
84,70,19.12248238157106
84,71,18.779942044917338
84,72,17.74556447730219
84,73,21.04689417375442
84,74,23.097959165618928
84,75,20.663418117218352
84,76,21.011001226549094
84,77,19.229217863124525
84,78,19.880878222783597
84,79,16.241222220171437
84,80,13.351197030120108
84,81,10.053674206991344
84,82,6.8941542827989215
84,83,3.7956037721612503
84,85,3.8155442633529537
84,86,5.4169294329697415
84,87,8.46412211625479
84,88,11.962441795194536
84,89,14.967448429684692
84,90,17.91565699767125
84,91,20.090964916409177
84,92,18.751006995857836
84,93,18.932924748247217
84,94,19.007318887125034
84,95,19.292234968626556
84,96,21.592521489248917
84,97,20.732640603064528
84,98,17.258042533294642
84,99,16.703294917172833
84,100,19.96614893261988
84,101,19.452456718293384
84,102,16.10108689017793
84,103,18.086999822991494
84,104,21.115844540508498
84,105,19.50876660699221
84,106,17.428612139233472
84,107,20.718303966928676
84,108,22.717849433261748
84,109,20.819595205543955
84,110,21.797448475133553
84,111,21.36307096411179
84,112,25.052805665597056
84,113,26.44064991619546
84,114,30.18535329038485
84,115,31.50914103183341
84,116,34.47559908438648
84,117,37.35516723578584
84,118,36.73151410655808
84,119,39.53341913888626
84,120,38.8127491480494
84,121,42.26032970100766
84,122,42.761795659444424
84,123,39.22598321246139
84,124,37.26071702239115
84,125,34.37116064935029
84,126,31.203922832544123
84,127,30.30210467560871
84,128,27.734018684062402
84,129,25.952086561689246
84,130,25.11741375408858
84,131,21.69396926214681
84,132,21.059260847083035
84,133,22.685220566238453
84,134,23.343591277057882
84,135,25.093705976520297
84,136,27.169951235913533
84,137,28.14927409033725
84,138,26.739616632997745
84,139,25.30476616412175
84,140,23.735399103157775
84,141,21.925510657711765
84,142,23.625090857820894
84,143,24.43727062768022
84,144,25.699402985913927
84,145,28.972800979562983
84,146,29.501212654122714
84,147,33.220511858827415
84,148,35.27890663907453
84,149,38.9974766191404
84,150,41.398511744264475
84,151,44.63077712652607
84,152,44.86699894538558
84,153,44.092159938904054
84,154,41.24052278170006
84,155,43.006880071486165
84,156,42.17935479716527
84,157,40.32824975414934
84,158,41.2608938131847
84,159,40.05706141932925
84,160,40.061176466344804
84,161,38.14410610195849
84,162,39.575637565543914
84,163,38.00309943854829
84,164,40.718891842840165
84,165,38.56300045763453
84,166,38.404243354296966
84,167,34.65048258071314
84,168,32.31551222561975
84,169,30.677129481759096
84,170,27.415528066067967
84,171,27.631683763810436
84,172,24.891150819081673
84,173,26.433699705555643
84,174,25.964040942739597
84,175,27.826748172834012
84,176,27.797147870153243
84,177,28.206805134228734
84,178,30.000980406262993
84,179,30.34865990402929
84,180,34.098261732606716
84,181,37.20541692637001
84,182,37.91017828958476
84,183,34.5624099178269
84,184,35.37545183686964
84,185,38.884932837613285
84,186,38.18536040847229
84,187,35.81225460078736
84,188,37.29648367702432
84,189,40.61026123124318
84,190,40.941866757747306
84,191,40.42590579101332
84,192,38.41684728089174
84,193,36.664261257660435
84,194,35.984409022590306
84,195,34.01159419188035
84,196,35.35920107440914
84,197,34.0627446781806
84,198,36.22589021101846
84,199,37.33592967632699
84,200,40.37812965255478
84,201,38.41300885369165
84,202,35.94116431652265
84,203,35.87863311709351
84,204,32.9753155998857
84,205,34.380451926222655
84,206,32.27641790014229
84,207,33.76061052286554
84,208,31.626364107055387
84,209,31.028483127568947
84,210,32.2657287132355
84,211,30.549308727653475
84,212,29.134741845550867
84,213,25.57093784807353
84,214,23.269074163308137
84,215,22.238887874686185
84,216,18.990235452651323
84,217,19.010627821213557
84,218,22.745050284657964
84,219,23.67548030471091
84,220,25.072517810606445
84,221,25.57651597203131
84,222,23.44872634725362
84,223,23.375736161676073
84,224,23.34608658100374
84,225,22.434431301036774
84,226,24.71023570684504
84,227,25.582079598256247
84,228,28.9019675397243
84,229,30.080652051312214
84,230,33.56247550490803
84,231,35.50788605296374
84,232,38.184696968403316
84,233,41.20435588832143
84,234,39.494943206738576
84,235,38.95009395827613
84,236,36.283467599482606
84,237,37.876257366950504
84,238,36.154937024219606
84,239,38.10805605700376
84,240,37.25648672461527
84,241,39.18502694742172
84,242,36.18146336694578
84,243,32.41107166999119
84,244,31.62416014242459
84,245,28.54087257567455
84,246,30.097936954228302
84,247,28.799929830602697
84,248,29.830172997573843
84,249,30.181018331739374
84,250,28.832346173306682
84,251,26.2059456415179
84,252,27.57386715385504
84,253,26.9552321262753
84,254,27.193388474636343
84,255,27.198959196095196
84,256,26.091012196745577
84,257,23.745161905297977
84,258,20.524314814577668
84,259,17.478840382262714
84,260,13.672542717103546
84,261,11.281380831943613
84,262,7.761805063634105
84,263,7.489857945035377
84,264,6.61593538482408
84,265,10.369794554902942
84,266,12.27559849740608
84,267,14.845776467936874
84,268,18.474037135446324
84,269,21.940278880590093
84,270,23.35092673503928
84,271,24.544620815151543
84,272,23.332788852625164
84,273,23.84332457280154
84,274,21.34506346887213
84,275,17.5390476063316
84,276,15.483360489287078
84,277,11.814996438875838
84,278,13.586475421210434
84,279,15.049710203075813
84,280,18.414754031408794
84,281,21.38102211901245
84,282,25.090880300755636
84,283,27.15442672825783
84,284,30.49065030021095
84,285,30.317266478435936
84,286,30.64609022698704
84,287,28.20705958040068
84,288,24.76859524031141
84,289,23.026240502630934
84,290,19.58416502987728
84,291,17.607504770828886
84,292,18.95669714787224
84,293,16.307862666792428
84,294,17.985649356021767
84,295,18.959720165574144
84,296,22.283869837395017
84,297,25.340395872380775
84,298,24.179501317998504
84,299,26.125638999404362
84,300,26.31025697736828
84,301,24.115912484861745
84,302,26.368172478522638
84,303,26.220083888005714
84,304,28.61463673052448
84,305,27.489960828824454
84,306,30.76920533288043
84,307,33.57115913425457
84,308,36.49022933776937
84,309,38.693830396848426
84,310,42.15211012364705
84,311,43.40414983840605
84,312,46.81961000319483
84,313,49.70938767536737
84,314,50.32667760027227
84,315,50.62523023053179
84,316,54.00915051392538
84,317,54.75906469960043
84,318,58.20944935072485
85,1,85.73770039680365
85,2,87.07936425145614
85,3,83.70142526138817
85,4,79.97325519140438
85,5,76.66241357211358
85,6,73.66949284560636
85,7,70.4292463241401
85,8,67.39580669602807
85,9,63.96455607741993
85,10,60.22711201973269
85,11,57.74360333877915
85,12,55.665677600001416
85,13,52.95711127410785
85,14,52.72105470824706
85,15,49.25914141163378
85,16,48.11236336120567
85,17,45.21321108955737
85,18,45.04742611845502
85,19,44.40722362501581
85,20,44.90726282379547
85,21,47.39884842718961
85,22,48.74055758792859
85,23,51.05166577600438
85,24,49.63745318268075
85,25,46.401688938738694
85,26,46.99621452249563
85,27,49.27842975808073
85,28,49.49235609503924
85,29,49.33722792087895
85,30,49.56549972933132
85,31,46.107862069776935
85,32,43.051908647901435
85,33,39.78110779607778
85,34,36.39300557569946
85,35,35.32902744518377
85,36,31.859618203979835
85,37,28.919702189631124
85,38,26.90488129129336
85,39,24.976687243557052
85,40,22.310908598003916
85,41,21.420014886594842
85,42,17.691401120971413
85,43,17.199181243670807
85,44,17.253463448807103
85,45,20.378947829687956
85,46,20.409500354512012
85,47,23.980399672814713
85,48,25.764790857325305
85,49,23.249425106909182
85,50,21.404585271416213
85,51,17.672783451487465
85,52,15.470363359313726
85,53,11.978195101090828
85,54,9.787830759396861
85,55,7.46036920011027
85,56,6.013505162647711
85,57,8.48843945977707
85,58,9.738727919454092
85,59,13.351682325349833
85,60,14.843571908421865
85,61,13.366215102717971
85,62,14.827565978705593
85,63,17.946366227566198
85,64,18.60232990519432
85,65,17.901127767767242
85,66,15.328676516892596
85,67,16.42039280675503
85,68,13.368162279290862
85,69,13.589623252442209
85,70,17.30343406995375
85,71,17.07467637159562
85,72,16.786655264644224
85,73,20.136130322819366
85,74,22.672226190764864
85,75,20.493366991941166
85,76,21.48653433257435
85,77,20.20638794566242
85,78,21.459141285844385
85,79,18.064495761370516
85,80,14.864699947188944
85,81,11.768267592096624
85,82,8.707651638006332
85,83,5.43477272977042
85,84,3.8155442633529537
85,86,3.811804892148957
85,87,6.529195464556715
85,88,10.2856705255959
85,89,12.588830493209928
85,90,15.944621279134825
85,91,18.54305635441034
85,92,17.703315980309984
85,93,18.554298893465543
85,94,19.379567751042767
85,95,20.187622317158844
85,96,22.945680163193078
85,97,22.612955005526096
85,98,18.993026905192565
85,99,19.066407048326795
85,100,22.19579553551551
85,101,21.127339285843263
85,102,17.96876901245442
85,103,20.411319201504828
85,104,23.072428395495102
85,105,20.97310186678603
85,106,19.252404127825628
85,107,22.783789745720235
85,108,24.28139331179998
85,109,22.145888332019705
85,110,22.52152598485768
85,111,21.57580868536548
85,112,25.084140234987057
85,113,26.199277390085552
85,114,29.857173904806668
85,115,30.857250080185512
85,116,33.95387420270781
85,117,36.63776446548227
85,118,36.071489871367234
85,119,38.68577939716877
85,120,37.87558025473811
85,121,41.21797921449313
85,122,41.53895278607094
85,123,37.9157762029578
85,124,35.65906681742718
85,125,32.822283635213545
85,126,29.45931189700338
85,127,28.49091736071388
85,128,25.63484163276342
85,129,23.70271894550981
85,130,22.478103950917582
85,131,19.262935745958785
85,132,18.6614774392745
85,133,19.86101492195775
85,134,20.560968249623144
85,135,21.975685589580188
85,136,23.884092694733145
85,137,25.12955033768773
85,138,24.03735773239825
85,139,22.9319936182502
85,140,21.843394408012916
85,141,20.478912891596337
85,142,22.165967063004548
85,143,23.543386913549426
85,144,24.802942612653624
85,145,27.839349658760263
85,146,28.234985504923298
85,147,32.00531749846999
85,148,33.90117068146109
85,149,37.57228187683888
85,150,39.819134304971975
85,151,42.94745598248013
85,152,43.31484813588323
85,153,42.82296619517631
85,154,40.178778962544406
85,155,42.18551695965337
85,156,41.68768113778553
85,157,39.85684244485911
85,158,41.053410415977616
85,159,39.851440625644
85,160,40.11893628582934
85,161,38.228539345927736
85,162,39.935868181057145
85,163,38.56165936921613
85,164,41.25172814489419
85,165,39.19930111614433
85,166,39.36988810534328
85,167,35.68751918906242
85,168,33.420707556769266
85,169,31.44561667548941
85,170,28.203332852816803
85,171,28.068888556652933
85,172,25.146402434479455
85,173,26.434244890719206
85,174,25.85813380198075
85,175,27.61430779341895
85,176,27.17580668946917
85,177,27.689047063349363
85,178,29.097208710760714
85,179,29.392350422507466
85,180,33.03390634429276
85,181,36.21867809789036
85,182,36.55881270101599
85,183,33.169148187213
85,184,34.31135863731887
85,185,37.6855976606094
85,186,36.64542449900513
85,187,34.39354750598672
85,188,36.20182158008013
85,189,39.481291208754875
85,190,40.154262273441326
85,191,39.74500474355414
85,192,38.03665761741127
85,193,36.32147326863427
85,194,35.96023638201071
85,195,34.08693044495563
85,196,35.736686403639425
85,197,34.549983746787376
85,198,36.97904335052864
85,199,38.258054486619464
85,200,41.49625202352939
85,201,39.822697455194806
85,202,37.25018518355049
85,203,36.93900511565936
85,204,33.909945758413926
85,205,35.08347177846304
85,206,32.7849874031482
85,207,34.03351094717597
85,208,31.587479406924587
85,209,30.98086026008349
85,210,31.835737797096243
85,211,30.136778325139936
85,212,28.439054412858532
85,213,25.052572693004485
85,214,22.580256339483046
85,215,20.967173429298533
85,216,17.591479300800586
85,217,16.920122311746187
85,218,20.625585900277294
85,219,22.000236815123962
85,220,23.891265812331188
85,221,24.55375623462327
85,222,22.790161972668834
85,223,22.919823661707643
85,224,23.495449538684095
85,225,22.76557426376438
85,226,25.41412584679486
85,227,26.45126179631623
85,228,29.874758263703693
85,229,31.23370413257253
85,230,34.56041468855764
85,231,36.729471073209766
85,232,39.24409676099858
85,233,42.161240470901525
85,234,40.434439295408026
85,235,39.58071755067878
85,236,36.757633985641384
85,237,38.20027185629573
85,238,36.23746015554723
85,239,38.11071463312854
85,240,37.02955471221774
85,241,38.736895437638985
85,242,35.55861773732598
85,243,31.783195331904768
85,244,31.11269398786774
85,245,27.894511613419315
85,246,29.548167431999996
85,247,28.384807040831745
85,248,29.133153368265038
85,249,29.86395974668251
85,250,28.95216198568893
85,251,26.551495193185957
85,252,28.20227240944274
85,253,28.087811027243543
85,254,28.604248938085327
85,255,29.054035992340616
85,256,28.075402328468975
85,257,25.936020602052835
85,258,22.516502095810136
85,259,19.835507512609244
85,260,16.09454099119039
85,261,14.174055008525643
85,262,11.019549332523308
85,263,10.41843342706081
85,264,8.625320391240326
85,265,11.978225637961526
85,266,12.849859417205986
85,267,15.406577305520868
85,268,18.933761960353216
85,269,22.316340730150202
85,270,24.28278652960698
85,271,25.90278335127528
85,272,25.20468246106733
85,273,26.04486867407156
85,274,23.90379575100294
85,275,20.117164681932415
85,276,18.47146997924704
85,277,14.892683133378899
85,278,16.352833959348295
85,279,17.338472289195842
85,280,20.654551805441756
85,281,23.867927543314742
85,282,27.515815565615483
85,283,29.834593464858678
85,284,33.11733156338937
85,285,33.22696369375565
85,286,33.79399682901638
85,287,31.49809362858266
85,288,28.034992623003497
85,289,26.373326043350378
85,290,22.80981206546593
85,291,21.09875636578816
85,292,22.614626562595518
85,293,19.867023351757883
85,294,21.22901538805249
85,295,21.833576680579046
85,296,24.930393524754138
85,297,28.07758379106897
85,298,27.164252883999605
85,299,29.2903212377508
85,300,29.731443829995698
85,301,27.66488466869088
85,302,29.96774895951076
85,303,29.821652071261433
85,304,32.06634752694027
85,305,30.720551351440992
85,306,33.91995981015566
85,307,36.80275032459164
85,308,39.57827906553994
85,309,41.79324214806831
85,310,45.17189573733541
85,311,46.26401169105491
85,312,49.6548244137017
85,313,52.63367158431372
85,314,53.29292505654613
85,315,53.43686660699302
85,316,56.810620742989066
85,317,57.393442801523044
85,318,60.76195248349102
86,1,87.71171381880062
86,2,88.94359474510408
86,3,85.5343511148607
86,4,81.80867972853402
86,5,78.5090461292699
86,6,75.41732578264889
86,7,72.21615476664685
86,8,69.07674439076071
86,9,65.72586356562917
86,10,61.980554619628116
86,11,59.630540406951866
86,12,57.707910316684625
86,13,55.14509831565312
86,14,55.1170931168798
86,15,51.65844074683499
86,16,50.30637308253005
86,17,47.32181273073101
86,18,47.07312517398608
86,19,46.16728939570582
86,20,46.493996274685536
86,21,48.76482123169065
86,22,49.93583155059211
86,23,52.43258625360784
86,24,51.25655773831227
86,25,48.15443756095188
86,26,48.908644710459406
86,27,51.14665086196686
86,28,51.49896047210944
86,29,51.19930569528936
86,30,51.486102890338415
86,31,47.95464112390715
86,32,44.773955500810274
86,33,41.389579288005145
86,34,38.00809348859283
86,35,36.61602074050904
86,36,33.237574293161735
86,37,30.360945467457405
86,38,28.701427294907774
86,39,26.968939580860766
86,40,24.178361617722377
86,41,23.42761290583821
86,42,19.802957901414715
86,43,18.81533436307427
86,44,18.10956900620085
86,45,20.947479528282344
86,46,20.392649384642038
86,47,23.801698782762234
86,48,25.299784441480984
86,49,22.420765119383194
86,50,20.220761709643305
86,51,16.697938714640895
86,52,13.965253867544074
86,53,10.944269020077147
86,54,7.835112549738253
86,55,6.554474197520091
86,56,3.9744384381299884
86,57,5.119728651570836
86,58,6.303524604183556
86,59,10.045872460455671
86,60,11.21699884593549
86,61,9.558104155110925
86,62,11.215896139858543
86,63,14.253642151205192
86,64,14.796231188758885
86,65,14.2393521796055
86,66,11.802376793316052
86,67,13.35609807830129
86,68,10.691284144194427
86,69,10.458679219436126
86,70,14.267511137035976
86,71,14.515543359288445
86,72,13.906363848259526
86,73,16.980396089222868
86,74,19.59766830388264
86,75,17.76542104558469
86,76,18.993441592317183
86,77,18.164098564134758
86,78,19.791665844546262
86,79,16.656838997863108
86,80,13.085547385381798
86,81,10.725510906419878
86,82,7.328569613179049
86,83,5.630069203491554
86,84,5.4169294329697415
86,85,3.811804892148957
86,87,3.793860016337532
86,88,7.142751099308984
86,89,9.90662528179709
86,90,12.85978779320843
86,91,15.454537787237925
86,92,14.822563993198495
86,93,15.368742942628737
86,94,16.332589668517414
86,95,17.001743469919898
86,96,20.00875136729981
86,97,19.841443800146887
86,98,16.11667389618541
86,99,16.585668426601423
86,100,19.465373998478924
86,101,17.980712013222984
86,102,15.028583384389139
86,103,17.839166251662217
86,104,20.186598901920302
86,105,17.8754637560364
86,106,16.612970776192373
86,107,20.308207112355056
86,108,21.48106896238335
86,109,19.546532706398665
86,110,19.593945444516986
86,111,18.313308969246467
86,112,21.824704897715126
86,113,22.696912018416807
86,114,26.31469858085038
86,115,27.225676884006244
86,116,30.246966896244135
86,117,32.91469042719706
86,118,32.29372415574341
86,119,34.93310723487737
86,120,34.15771956552305
86,121,37.54145086319936
86,122,37.96487265155784
86,123,34.38730840556787
86,124,32.22996966929874
86,125,29.31582341264467
86,126,26.02991488134093
86,127,25.190655463232154
86,128,22.54405451886393
86,129,20.903514006709315
86,130,20.13799137238836
86,131,16.864573528092983
86,132,15.852905890747868
86,133,17.385325856292678
86,134,17.953268092907358
86,135,19.850277012256978
86,136,22.028001059857665
86,137,22.868796673613097
86,138,21.44208947686648
86,139,19.939336261441618
86,140,18.506290979911437
86,141,16.875316715944937
86,142,18.592996975901038
86,143,19.805888693690058
86,144,21.049785907617238
86,145,24.161688244717396
86,146,24.689859254901044
86,147,28.46611140382466
86,148,30.52382019919028
86,149,34.239715597025416
86,150,36.46419635848272
86,151,39.686111062643946
86,152,40.115904366689335
86,153,39.47458415392267
86,154,36.7338607126144
86,155,38.626650850336965
86,156,38.072900271111976
86,157,36.15363779564982
86,158,37.29529868150512
86,159,36.05016792630155
86,160,36.31794904156127
86,161,34.443666170086026
86,162,36.20795730277309
86,163,34.92460676398727
86,164,37.671293926559386
86,165,35.739995647197496
86,166,36.063056985338456
86,167,32.39680396682514
86,168,30.045736874754216
86,169,27.9073178761844
86,170,24.625633865485174
86,171,24.34678838777327
86,172,21.386846906710023
86,173,22.67954203254104
86,174,22.22490637256573
86,175,24.15029891628556
86,176,23.88582104286401
86,177,24.696564858112087
86,178,26.304443152459868
86,179,26.972689776278692
86,180,30.629898926637427
86,181,33.62746853897138
86,182,33.989054052715154
86,183,30.483847176093832
86,184,31.398436130955613
86,185,34.74019140376303
86,186,33.75213989595523
86,187,31.292172137376106
86,188,32.94851463282896
86,189,36.33180436539139
86,190,36.96546118978933
86,191,36.74423581231701
86,192,34.945093849068954
86,193,33.03543885613249
86,194,32.56188317169037
86,195,30.551321111976524
86,196,32.1551507281537
86,197,30.892202988027478
86,198,33.349388767407724
86,199,34.642869655015964
86,200,37.94300964080363
86,201,36.405691758347935
86,202,33.825258177170205
86,203,33.472750846456165
86,204,30.47180416522383
86,205,31.68934749749731
86,206,29.482625122441444
86,207,30.862678155887462
86,208,28.497100616129227
86,209,28.19558473406397
86,210,29.19968325560525
86,211,27.830977445945944
86,212,26.43864404788675
86,213,23.154357863779886
86,214,21.127962546129428
86,215,19.51660920404063
86,216,15.894951349788128
86,217,15.240761708921108
86,218,19.026359268670102
86,219,19.919535857256623
86,220,21.802146829045103
86,221,21.971238402564023
86,222,19.909437724323038
86,223,19.652567142609822
86,224,20.182052064354636
86,225,19.23096489879345
86,226,21.87634917239869
86,227,22.86725732554158
86,228,26.298260877742553
86,229,27.73441290159448
86,230,31.00066326490405
86,231,33.292065296476665
86,232,35.78895190453281
86,233,38.61833415613704
86,234,36.837799591962785
86,235,35.88038500039054
86,236,33.01841035366839
86,237,34.4455236928997
86,238,32.48419929913565
86,239,34.41761244117096
86,240,33.41558180176817
86,241,35.22055608821132
86,242,32.119028793008916
86,243,28.376524042346063
86,244,27.517944146206318
86,245,24.237403525688784
86,246,25.78586612197645
86,247,24.575854828349968
86,248,25.366331694521367
86,249,26.114542902136936
86,250,25.262753936182143
86,251,22.99494979945978
86,252,24.85336793246169
86,253,24.89282384720577
86,254,25.728229918983313
86,255,26.482009672537835
86,256,25.87947061101969
86,257,24.14089485449968
86,258,20.535498426982386
86,259,18.008785246432694
86,260,14.389330315157597
86,261,13.309044742440175
86,262,10.728861193415597
86,263,11.244905462246685
86,264,10.5454794805522
86,265,13.783195809501466
86,266,14.471114930221443
86,267,16.28380474267577
86,268,19.98183921185383
86,269,23.03509327548048
86,270,25.014229166918778
86,271,26.303342690022628
86,272,25.619211389779288
86,273,26.051258163221107
86,274,24.120393015847814
86,275,20.403967638754924
86,276,19.120829012145325
86,277,15.826556788194901
86,278,17.998808558754334
86,279,18.667035814411307
86,280,21.63226514942684
86,281,24.977471751882913
86,282,28.488595403391162
86,283,30.507812917463614
86,284,33.98799858709394
86,285,34.19868464158978
86,286,34.48209642807966
86,287,32.366032805873104
86,288,29.110219758538065
86,289,27.75272125793458
86,290,24.27445036416934
86,291,22.1305040390885
86,292,23.10610115078402
86,293,19.998787647783505
86,294,21.22017542529287
86,295,21.365949760414544
86,296,24.438736921378165
86,297,27.854133278138562
86,298,27.34330064523225
86,299,29.765507439323862
86,300,30.103096519900262
86,301,28.29780099502711
86,302,30.872730541973947
86,303,31.05571503831919
86,304,33.55856020280578
86,305,32.53042873806249
86,306,35.70276398187543
86,307,38.34363498517991
86,308,41.21147275763256
86,309,43.194825827995366
86,310,46.67837557825977
86,311,47.72853708877133
86,312,51.23453246200274
86,313,54.24357003071091
86,314,55.060389233123516
86,315,55.42199049709978
86,316,58.877030814998434
86,317,59.64311127293083
86,318,63.07977410808514
87,1,91.40967367537336
87,2,92.62579646882405
87,3,89.20048334350676
87,4,85.48316392569407
87,5,82.16132124715236
87,6,79.07693743318755
87,7,75.85091526364658
87,8,72.70389486942801
87,9,69.34635116688716
87,10,65.61052733901765
87,11,63.287385979809265
87,12,61.32676884137055
87,13,58.76717307717369
87,14,58.685777915799406
87,15,55.19132224125889
87,16,53.84095411367154
87,17,50.80969624308746
87,18,50.44707570468193
87,19,49.51263420932591
87,20,49.707348229551855
87,21,51.931279086000444
87,22,52.95643554533151
87,23,55.42963272311812
87,24,54.32914983571636
87,25,51.20955216818
87,26,52.10100865255777
87,27,54.4487562602406
87,28,54.90527596031456
87,29,54.698345813160486
87,30,55.0772265235544
87,31,51.57205702892251
87,32,48.35918992667557
87,33,45.003790929687035
87,34,41.57411323718983
87,35,40.11401419393212
87,36,36.693334982880096
87,37,33.92526491412561
87,38,32.214207191780204
87,39,30.598481519130463
87,40,27.89689638250725
87,41,27.190735654602946
87,42,23.539974721723077
87,43,22.5998111207004
87,44,21.85806819622849
87,45,24.60766676874598
87,46,23.836337604849373
87,47,27.19540007522828
87,48,28.591676614951755
87,49,25.574665029865276
87,50,23.153924513424414
87,51,19.82137972817639
87,52,16.7700761736904
87,53,14.060703452660743
87,54,10.577193153992065
87,55,9.528850341779567
87,56,6.008541457112821
87,57,6.363120902619768
87,58,7.464531296175136
87,59,11.063830509846394
87,60,10.975276852729815
87,61,8.645136084637306
87,62,11.17103156833196
87,63,13.947562459622599
87,64,13.494215196369709
87,65,12.963777600107257
87,66,9.935133391146655
87,67,11.628118902067998
87,68,9.66671197469483
87,69,10.219464498608865
87,70,13.88080915632386
87,71,15.071399660542172
87,72,14.779862362090327
87,73,17.29834963058706
87,74,20.285482271466314
87,75,19.120035178758002
87,76,20.796271625722536
87,77,20.518043164495346
87,78,22.44708629522205
87,79,19.550565207013403
87,80,15.828879499597459
87,81,13.99989895848748
87,82,10.523622207349636
87,83,9.348242554938421
87,84,8.46412211625479
87,85,6.529195464556715
87,86,3.793860016337532
87,88,3.7872850466737513
87,89,6.5277050682855435
87,90,9.590101068051482
87,91,12.019473854736656
87,92,11.368776762060177
87,93,12.474827653349388
87,94,13.995880355517675
87,95,15.38085241051636
87,96,18.628642383547273
87,97,19.175640229087165
87,98,15.595784523470458
87,99,16.90844451393625
87,100,19.750508969468502
87,101,18.0068850909391
87,102,15.671102927089509
87,103,18.958165072412715
87,104,21.05554832497004
87,105,18.73304308137456
87,106,18.20357500454052
87,107,21.96993468089139
87,108,22.84240239195559
87,109,21.288764183596964
87,110,20.887938502454684
87,111,19.01368801438076
87,112,22.365951871772562
87,113,22.60148822825826
87,114,25.997076140609877
87,115,26.40279370144554
87,116,29.222287224097947
87,117,31.576030719248482
87,118,30.63577544229143
87,119,32.99408349655053
87,120,31.881093801010245
87,121,35.11218594371623
87,122,35.249464561609905
87,123,31.58825717129514
87,124,29.386985310667345
87,125,26.701702813964378
87,126,23.442040236589893
87,127,22.216106408951603
87,128,19.44123939366708
87,129,17.506720898129895
87,130,16.70503875575221
87,131,13.281280159938474
87,132,12.658665886619769
87,133,14.543827345191039
87,134,15.71770564400116
87,135,17.866616526241412
87,136,19.68933155747186
87,137,20.159239953696083
87,138,18.452359247713662
87,139,17.17816470383123
87,140,15.789755170449752
87,141,14.646714390593198
87,142,16.935379006610244
87,143,18.36906923379963
87,144,19.03872690344265
87,145,21.84029708123123
87,146,21.914097107833058
87,147,25.648610933180578
87,148,27.428054651917606
87,149,31.086742239153782
87,150,33.418962682899625
87,151,36.5324497700902
87,152,36.819841985687226
87,153,36.31458982931666
87,154,33.7015200925968
87,155,35.79621697030907
87,156,35.4257638189465
87,157,33.731101540903424
87,158,35.17013638410696
87,159,34.19758568556464
87,160,34.82171280306606
87,161,33.25635592998302
87,162,35.34699081346106
87,163,34.448271692135876
87,164,37.38108396520088
87,165,35.795618535680326
87,166,36.44867716772695
87,167,32.83451205540518
87,168,30.264683228102836
87,169,27.778273708670728
87,170,24.347811596011436
87,171,23.48937115607571
87,172,20.18972442164357
87,173,20.886623365112992
87,174,19.95904270213832
87,175,21.497809276280844
87,176,20.81898482164976
87,177,21.4790908779746
87,178,22.824661386517597
87,179,23.393975065420904
87,180,27.003391705585788
87,181,30.051466356006628
87,182,30.31540590288868
87,183,26.836549416448992
87,184,27.90781999027014
87,185,31.23541337022881
87,186,30.19121853168143
87,187,27.875176388168676
87,188,29.684248498351433
87,189,32.97087041174322
87,190,33.712680678633376
87,191,33.414683569427815
87,192,31.805422091041695
87,193,30.05818956572703
87,194,29.888419969653906
87,195,28.144911204192994
87,196,30.08978345900814
87,197,29.175304773392345
87,198,31.93036572059824
87,199,33.58210845400502
87,200,37.015417827265516
87,201,35.65233672237385
87,202,32.8221524557139
87,203,32.06474769223834
87,204,28.849391559742532
87,205,29.67426543823556
87,206,27.183399572324742
87,207,28.227266881116304
87,208,25.59692143049039
87,209,25.159301859088846
87,210,25.887580897382474
87,211,24.4993319118164
87,212,22.980527738288714
87,213,19.829433108551445
87,214,17.841172035072912
87,215,15.986139972232246
87,216,12.287864711359623
87,217,11.501334803954364
87,218,15.285836901296976
87,219,16.147527734347545
87,220,18.15524280658958
87,221,18.405140610252875
87,222,16.603751392223565
87,223,16.69238802616754
87,224,17.71652090335909
87,225,17.283786329745613
87,226,20.358870697010378
87,227,21.85832141834085
87,228,25.46596170980602
87,229,27.357045144921745
87,230,30.557846370614435
87,231,33.18980149281487
87,232,35.75135093589134
87,233,38.31039582789593
87,234,36.262269979754414
87,235,34.960938052748425
87,236,31.849558834783966
87,237,32.89938752856516
87,238,30.610853678401565
87,239,32.24083013892201
87,240,30.91110171169269
87,241,32.43555523633676
87,242,29.17288769775062
87,243,25.4029255982328
87,244,24.87064878503483
87,245,21.70114262807359
87,246,23.631274691215662
87,247,22.902375190160935
87,248,23.887917328212055
87,249,25.1190819204788
87,250,24.702368677387245
87,251,22.938883695234008
87,252,25.289172424700215
87,253,25.597231387783804
87,254,26.948425809251727
87,255,28.033148600386856
87,256,27.890608875617076
87,257,26.538494378154212
87,258,22.8484959020073
87,259,20.389148435407616
87,260,16.91791660560352
87,261,16.299260871495004
87,262,13.84273953703442
87,263,14.822108965558755
87,264,14.234906809050395
87,265,17.551601883727837
87,266,18.175072754877284
87,267,19.920817377211556
87,268,23.582311200479403
87,269,26.528477784771965
87,270,28.630271917372998
87,271,29.89947852577381
87,272,29.254640929651785
87,273,29.54449856667432
87,274,27.641648947568147
87,275,23.95639607052915
87,276,22.63843068570512
87,277,19.349360335904503
87,278,21.613813924462516
87,279,22.419332280298057
87,280,25.368149831512433
87,281,28.686990033215533
87,282,32.19190129579221
87,283,34.105568130617904
87,284,37.63128240111147
87,285,37.76761162423538
87,286,37.89670754009134
87,287,35.7183385871098
87,288,32.49745560274085
87,289,31.03983342767062
87,290,27.664871196563787
87,291,25.340305589341515
87,292,26.05228936466786
87,293,22.984487921251507
87,294,24.41295824557289
87,295,24.530174267369738
87,296,27.64856804544658
87,297,31.150186254365714
87,298,30.714562841634905
87,299,33.13345178020528
87,300,33.26343736520909
87,301,31.39193843662157
87,302,33.89454436799803
87,303,33.96860441599389
87,304,36.63199068433944
87,305,35.757453826254576
87,306,39.03374603148631
87,307,41.68172300609002
87,308,44.647559864615225
87,309,46.66412020784975
87,310,50.184864459799044
87,311,51.325739378519586
87,312,54.832486260218566
87,313,57.78994656794562
87,314,58.54405209072152
87,315,58.93767901974719
87,316,62.36544783996405
87,317,63.152544246274445
87,318,66.60260178665119
88,1,94.54780188149715
88,2,95.69403798992407
88,3,92.25002092857378
88,4,88.53823252237792
88,5,85.22377517255147
88,6,82.081781691218
88,7,78.88051882839386
88,8,75.67032667318158
88,9,72.36633841362193
88,10,68.63258497259262
88,11,66.39674855781632
88,12,64.52505071554491
88,13,62.05156100023528
88,14,62.07688248450562
88,15,58.582514437730936
88,16,57.12260931469856
88,17,54.04063993829848
88,18,53.608542378004955
88,19,52.51726182896028
88,20,52.57719052746674
88,21,54.64773261345136
88,22,55.52397860134867
88,23,58.09670347580031
88,24,57.16617241006155
88,25,54.131035500532214
88,26,55.14972796349081
88,27,57.49339823339611
88,28,58.05367243200062
88,29,57.78263323927247
88,30,58.211148361113416
88,31,54.6743436350044
88,32,51.392702748785425
88,33,47.98613808764244
88,34,44.56670087448632
88,35,42.91139859516641
88,36,39.55677129445597
88,37,36.86091646495451
88,38,35.344442045849
88,39,33.850950337586056
88,40,31.107023557357955
88,41,30.45369871769852
88,42,26.876139119491448
88,43,25.696546242391975
88,44,24.592128124678283
88,45,27.089960711739234
88,46,25.9203842004272
88,47,29.10435151900898
88,48,30.280281355858197
88,49,27.076126579582827
88,50,24.398292057237292
88,51,21.400234372831026
88,52,18.053673301108297
88,53,15.915562982659633
88,54,12.18665848800828
88,55,11.863100796900847
88,56,8.305889516702043
88,57,7.3249377183328965
88,58,8.071663096550378
88,59,10.89644016849897
88,60,9.677074286980575
88,61,6.806656109409197
88,62,9.848463831335737
88,63,12.122535557265488
88,64,10.779717747278339
88,65,10.374496752786724
88,66,7.159587693052589
88,67,9.35587580959517
88,68,8.628048408316976
88,69,9.256451484778568
88,70,12.45838150012278
88,71,14.543406548392758
88,72,14.253055317172914
88,73,16.033862010926885
88,74,19.180187271608926
88,75,18.719958462791773
88,76,20.752511051888266
88,77,21.089327451327712
88,78,23.348784263231703
88,79,20.858733955105556
88,80,17.06751639650065
88,81,16.004753995198854
88,82,12.72724020702031
88,83,12.43781242519659
88,84,11.962441795194536
88,85,10.2856705255959
88,86,7.142751099308984
88,87,3.7872850466737513
88,89,3.794665862093766
88,90,5.996032945508302
88,91,8.325951838587496
88,92,8.118712687019295
88,93,9.366676634971116
88,94,11.567061347700022
88,95,13.278446507507589
88,96,16.82759539959496
88,97,17.955979952887088
88,98,14.560479621072078
88,99,16.620813862747394
88,100,19.049702153194808
88,101,16.84945150890306
88,102,15.200314706920546
88,103,18.82594702365721
88,104,20.411247554033896
88,105,17.979892532785023
88,106,18.2305340830768
88,107,21.96872456257175
88,108,22.375681721270112
88,109,21.193352903315688
88,110,20.294402253452855
88,111,17.887814806366897
88,112,20.986425526863567
88,113,20.62828002896808
88,114,23.767211762037455
88,115,23.76967168308989
88,116,26.383385792428765
88,117,28.505472613483033
88,118,27.353856332970626
88,119,29.546747008993233
88,120,28.274453775199476
88,121,31.44244213403827
88,122,31.500928897197586
88,123,27.828947555254487
88,124,25.665608599221606
88,125,23.046036549518124
88,126,19.86748316349305
88,127,18.53135625453569
88,128,15.877565491149811
88,129,14.07945827421024
88,130,13.764265100538966
88,131,10.286907885717453
88,132,9.430365222027612
88,133,11.89407810276428
88,134,13.289451591427172
88,135,15.972071346768091
88,136,17.767604209771907
88,137,17.62853469575528
88,138,15.462313499605601
88,139,13.951083524740481
88,140,12.262776453213608
88,141,11.252652044370587
88,142,13.949627030409875
88,143,15.39339921573414
88,144,15.6410879454084
88,145,18.25975873453439
88,146,18.16448929051518
88,147,21.883325506268946
88,148,23.64350484656732
88,149,27.309423513500114
88,150,29.659201945753875
88,151,32.791439356617644
88,152,33.079714880789155
88,153,32.53882976865231
88,154,29.927333098668107
88,155,32.050895577607854
88,156,31.76688498906861
88,157,30.113611955688427
88,158,31.6891068372049
88,159,30.824742778601582
88,160,31.665521862371246
88,161,30.290715248619538
88,162,32.614054024173804
88,163,32.01955567202586
88,164,35.05742359661567
88,165,33.77016117390179
88,166,34.731416127798056
88,167,31.217537912551645
88,168,28.52683118046058
88,169,25.73876046626425
88,170,22.277530074613164
88,171,20.94177192662166
88,172,17.459252456647498
88,173,17.736720701683183
88,174,16.634516474033926
88,175,18.079775720721962
88,176,17.27138333170698
88,177,18.182963548423427
88,178,19.51829134289125
88,179,20.41757418801289
88,180,23.96515097983091
88,181,26.843241028295
88,182,27.0258755487322
88,183,23.45301085395008
88,184,24.419904097867573
88,185,27.680852911611673
88,186,26.613938876201694
88,187,24.184948933821417
88,188,25.968849425373797
88,189,29.2996279620446
88,190,30.105277259436217
88,191,29.963863421930863
88,192,28.411664567980456
88,193,26.57168306531245
88,194,26.50147485980404
88,195,24.792949649946895
88,196,26.908275530683987
88,197,26.131802532227265
88,198,29.07856335400969
88,199,30.93096764295011
88,200,34.47457048794445
88,201,33.361205675517
88,202,30.423226885002435
88,203,29.404051098600522
88,204,26.12522538419592
88,205,26.744620965333496
88,206,24.188419381592766
88,207,25.136118676581308
88,208,22.418479182886376
88,209,22.219557426122517
88,210,22.884963369362428
88,211,21.84182607996143
88,212,20.551818266187528
88,213,17.68529224074706
88,214,16.234335694122514
88,215,14.252403937747847
88,216,10.453741872912929
88,217,9.539416305254294
88,218,13.15962235680707
88,219,13.465529528568254
88,220,15.564160507016181
88,221,15.314254882958359
88,222,13.421212112472274
88,223,13.308135862450033
88,224,14.704024974243595
88,225,14.405819650227926
88,226,17.719957542719158
88,227,19.454183202807055
88,228,23.094716610432002
88,229,25.277721868819278
88,230,28.315894086293756
88,231,31.206498554453002
88,232,33.731107334695515
88,233,36.04695894220766
88,234,33.8427636494758
88,235,32.257712107777984
88,236,28.99477397602934
88,237,29.804805952007865
88,238,27.327535598262802
88,239,28.83125331130086
88,240,27.374261496412505
88,241,28.807537045691213
88,242,25.513493441004062
88,243,21.768041449320478
88,244,21.251291099539664
88,245,18.076018474599802
88,246,20.137345110631536
88,247,19.682561829989165
88,248,20.779219611515156
88,249,22.33967815747095
88,250,22.286340564792418
88,251,20.995695217377712
88,252,23.74684227809648
88,253,24.36208073811708
88,254,26.20034381813582
88,255,27.677259745144337
88,256,28.020540241467668
88,257,27.161082789335705
88,258,23.424248071823975
88,259,21.23775201216065
88,260,18.11112183338783
88,261,18.216983145797816
88,262,16.275998647080556
88,263,17.784006914433192
88,264,17.616659919729898
88,265,20.819791705988
88,266,21.287770675991705
88,267,22.624587589604257
88,268,26.272273480612316
88,269,28.947593048263013
88,270,31.095406547712084
88,271,32.17819408663656
88,272,31.599300762066733
88,273,31.624766484464534
88,274,29.912290706735973
88,275,26.35143844242643
88,276,25.273400646425817
88,277,22.21002292647561
88,278,24.775814940429676
88,279,25.421420627475218
88,280,28.138181933827386
88,281,31.49323610342589
88,282,34.87864208852593
88,283,36.58572354691881
88,284,40.20720522615501
88,285,40.4009359774197
88,286,40.32886627996892
88,287,38.26895652233993
88,288,35.20735995319625
88,289,33.91379493370582
88,290,30.63750221138509
88,291,28.07914320642095
88,292,28.416962121073155
88,293,25.21943354874561
88,294,26.57087371612054
88,295,26.383322351811806
88,296,29.40809875621981
88,297,33.04071377566874
88,298,32.8969782974689
88,299,35.471982351008144
88,300,35.493324135362265
88,301,33.790739690594954
88,302,36.40845547979198
88,303,36.64504369629943
88,304,39.47530589293504
88,305,38.81860112087025
88,306,42.086721927734956
88,307,44.58704442967231
88,308,47.61459064384094
88,309,49.493055810695246
88,310,53.07132340896065
88,311,54.19843039040326
88,312,57.76556686185521
88,313,60.725646425372034
88,314,61.561208548546624
88,315,62.08917455863645
88,316,65.55378659859689
88,317,66.44921745722723
88,318,69.93684863345956
89,1,97.51327847968598
89,2,98.73595021035375
89,3,95.33204430370795
89,4,91.60209556828974
89,5,88.32409206296543
89,6,85.19352163460331
89,7,82.02331210218011
89,8,78.84667502087159
89,9,75.5334556695083
89,10,71.78485535910893
89,11,69.4648821024398
89,12,67.59085657646214
89,13,65.03422179299608
89,14,65.00262364725081
89,15,61.550327946315704
89,16,60.21218478689985
89,17,57.21277428520533
89,18,56.89841022289031
89,19,55.9116451833093
89,20,56.07973099133876
89,21,58.216843502973006
89,22,59.168606148673156
89,23,61.72052430719502
89,24,60.71569367463892
89,25,57.64105450991184
89,26,58.56958636217905
89,27,60.88663337441608
89,28,61.33824416650035
89,29,61.04574385687315
89,30,61.35686154769417
89,31,57.805173457952435
89,32,54.59547121469937
89,33,51.17035806714118
89,34,47.80354960419784
89,35,46.25912639519196
89,36,42.92531889293464
89,37,40.11065328499184
89,38,38.55998552227784
89,39,36.860317242406715
89,40,33.99288732995169
89,41,33.04007215108883
89,42,29.49366857306033
89,43,28.158035339391976
89,44,27.17520872103975
89,45,29.47640632525967
89,46,28.079715605384134
89,47,31.341588337721852
89,48,32.63513614126976
89,49,29.561425568587435
89,50,26.618612062905026
89,51,23.752152719882954
89,52,20.203674669939073
89,53,18.056143373109535
89,54,14.445377331809443
89,55,13.682508308890247
89,56,10.026649832013735
89,57,9.665624546296877
89,58,11.274063814410448
89,59,13.784097358945074
89,60,12.450228897023072
89,61,9.038588338395048
89,62,11.451555128086405
89,63,13.780478346451979
89,64,11.75900275873125
89,65,10.47266770323901
89,66,6.753751717797863
89,67,7.632894107377573
89,68,7.536666633844963
89,69,9.515811872943996
89,70,11.997846102054977
89,71,14.523729246340114
89,72,15.102961070001996
89,73,16.51543129096179
89,74,20.02435009430245
89,75,20.02656901728925
89,76,22.5708443507811
89,77,23.353648444141104
89,78,25.962221183540585
89,79,23.715149936076422
89,80,19.916317370821904
89,81,18.969446359508492
89,82,15.928197036433781
89,83,15.396628370419656
89,84,14.967448429684692
89,85,12.588830493209928
89,86,9.90662528179709
89,87,6.5277050682855435
89,88,3.794665862093766
89,90,3.810058823245158
89,91,6.9884831028762076
89,92,8.151198200730338
89,93,10.474341407762438
89,94,13.512778790603273
89,95,15.680299496244519
89,96,19.33621580136077
89,97,20.915346497741787
89,98,17.716089368824917
89,99,20.079588547631936
89,100,22.263332631987332
89,101,19.770564771185665
89,102,18.440306988003066
89,103,22.13144089762524
89,104,23.359365523156086
89,105,20.686418451992708
89,106,21.224235375627803
89,107,24.94684156361897
89,108,24.939167875464474
89,109,23.657703956933783
89,110,22.262048416748215
89,111,19.44810418558586
89,112,22.11835979999019
89,113,21.33068524109882
89,114,24.149180983585236
89,115,23.640008770976326
89,116,26.242846270304902
89,117,27.987431856597905
89,118,26.841865214041327
89,119,28.680994023733973
89,120,27.23700643661239
89,121,30.18184490909215
89,122,29.95312700435696
89,123,26.20160301858107
89,124,23.680651478194495
89,125,21.232743805957913
89,126,17.855950468421415
89,127,16.314023822866684
89,128,13.216146903335
89,129,11.11673488177877
89,130,10.283223298552238
89,131,7.048852177857367
89,132,6.1968474868555665
89,133,8.329551566197884
89,134,10.220974277809955
89,135,12.744685224704913
89,136,14.175808490039733
89,137,14.017921063097123
89,138,12.015854678819437
89,139,11.039144851043918
89,140,10.17558591427664
89,141,10.282088890392508
89,142,13.022555338735543
89,143,15.236295643493365
89,144,15.242830369591811
89,145,17.255902858354293
89,146,16.827351294159897
89,147,20.493851820898442
89,148,21.931833347780955
89,149,25.47179582796932
89,150,27.61893584933147
89,151,30.58411613329559
89,152,31.012833331263206
89,153,30.84354724462879
89,154,28.545067461259386
89,155,30.970570991320084
89,156,31.131526285173905
89,157,29.578087292026517
89,158,31.49329141454709
89,159,30.70807226720613
89,160,31.905728621043608
89,161,30.665877102149285
89,162,33.29360176910475
89,163,33.00138581080179
89,164,35.97163642519402
89,165,34.8893383051287
89,166,36.20622469541433
89,167,32.86323636342226
89,168,30.289208613305796
89,169,27.222369575536376
89,170,23.926972461916364
89,171,22.187128164834576
89,172,18.678874057059584
89,173,18.48297546429915
89,174,17.231591147495305
89,175,18.35108069498036
89,176,16.935949922660427
89,177,17.97293262100438
89,178,18.65792370028855
89,179,19.52156874299803
89,180,22.787570596302192
89,181,25.66248421302503
89,182,25.33643364787631
89,183,21.743457032280592
89,184,23.134484241251986
89,185,26.13551963805722
89,186,24.616550483649654
89,187,22.37698404039581
89,188,24.58827843836178
89,189,27.813910054341648
89,190,29.06525308981491
89,191,29.07963369895177
89,192,27.96593140558539
89,193,26.22823337666714
89,194,26.605119281085013
89,195,25.120730129302697
89,196,27.573078280915954
89,197,27.011069870160256
89,198,30.193451232517873
89,199,32.22214557938048
89,200,35.887798469706105
89,201,35.12650387629484
89,202,32.14501900700857
89,203,30.846412481139886
89,204,27.533543856140987
89,205,27.812961090173758
89,206,25.109322436606423
89,207,25.69049139424349
89,208,22.673222543120463
89,209,22.496206073602284
89,210,22.610592195760052
89,211,21.703260445377236
89,212,20.151738890017494
89,213,17.757794655609402
89,214,16.334056753911792
89,215,13.660339821904396
89,216,10.013749428956812
89,217,7.830715901982661
89,218,11.083649909017492
89,219,11.869319625156063
89,220,14.69334912297106
89,221,14.550406524293983
89,222,13.393811401178995
89,223,13.60804597598225
89,224,15.842950533375818
89,225,15.897997162480216
89,226,19.402143445267512
89,227,21.258535453061995
89,228,24.80419520826908
89,229,27.129500828423506
89,230,29.875007598483837
89,231,32.94259157677752
89,232,35.24754969387672
89,233,37.358355925564496
89,234,35.14583406445037
89,235,33.222986389764955
89,236,29.846554076998103
89,237,30.39086400432008
89,238,27.65309610685616
89,239,28.956409781727064
89,240,27.205696649096772
89,241,28.275394166022373
89,242,24.82066820797342
89,243,21.195057938840336
89,244,20.910336922553483
89,245,17.728261335848206
89,246,19.90431615701303
89,247,19.78152143935177
89,248,20.51871635548854
89,249,22.606483704025102
89,250,23.164501454038213
89,251,22.30503300368915
89,252,25.28779658959001
89,253,26.390576071391934
89,254,28.462555360576317
89,255,30.28587561396797
89,256,30.751144418303518
89,257,30.07723345173807
89,258,26.306855092509576
89,259,24.42399963077799
89,260,21.42867418152156
89,261,21.654524642303567
89,262,19.766924667840136
89,263,20.968482903766144
89,264,20.39763765520479
89,265,23.438880977946067
89,266,23.45720618039709
89,267,24.723932649757703
89,268,28.203117273646377
89,269,30.7332003695034
89,270,33.195814444546116
89,271,34.52045318839103
89,272,34.2657392597371
89,273,34.489615603171536
89,274,32.99215150696518
89,275,29.453968957719216
89,276,28.553674620075945
89,277,25.4824969656508
89,278,27.86775101678064
89,279,28.323724277070188
89,280,31.024569529479468
89,281,34.4974121970997
89,282,37.847570322838
89,283,39.706653481752866
89,284,43.29060162345004
89,285,43.65268754153508
89,286,43.727664687568165
89,287,41.74058036976595
89,288,38.644072404989686
89,289,37.36869874992175
89,290,34.00125656718676
89,291,31.58974160630074
89,292,32.0693430369616
89,293,28.839028442931795
89,294,30.043538540373522
89,295,29.69342732597819
89,296,32.56626377566401
89,297,36.22269325533371
89,298,36.21301033685543
89,299,38.88029989276428
89,300,39.0532207901458
89,301,37.401832329029276
89,302,40.042889627681504
89,303,40.26061229777672
89,304,43.0105611252809
89,305,42.21390251112084
89,306,45.455566354802485
89,307,48.021221085439315
89,308,50.97239463475972
89,309,52.86756269500936
89,310,56.403044157575934
89,311,57.432429483835946
89,312,60.98809614869313
89,313,64.00857932249501
89,314,64.87079328065016
89,315,65.29944234610213
89,316,68.76053394214095
89,317,69.54688639237142
89,318,72.98324956105157
90,1,100.0527003904063
90,2,101.18055681454405
90,3,97.74963644894935
90,4,94.03084756659287
90,5,90.75653371250688
90,6,87.56051884244785
90,7,84.41491201284856
90,8,81.16411324569539
90,9,77.91458064059401
90,10,74.17343562599659
90,11,71.96667948207877
90,12,70.19427010509436
90,13,67.75122794501227
90,14,67.85402518589792
90,15,64.39601953656037
90,16,62.91171809663429
90,17,59.845285810638444
90,18,59.44286967554939
90,19,58.27103721589503
90,20,58.28817419536403
90,21,60.251256861304164
90,22,61.04489898341293
90,23,63.70629143082167
90,24,62.89072245081793
90,25,59.91997788979692
90,26,60.985542815022214
90,27,63.28926814785522
90,28,63.86374694649672
90,29,63.49778262192082
90,30,63.87921050192915
90,31,60.297941200165575
90,32,57.0056290481191
90,33,53.533818263927074
90,34,50.17502051579923
90,35,48.41545934212818
90,36,45.15573337027361
90,37,42.43856641353793
90,38,41.095080080028126
90,39,39.5591425393548
90,40,36.682443747051785
90,41,35.86234841746861
90,42,32.38510745758463
90,43,30.88063102037683
90,44,29.544179407336337
90,45,31.651168388532817
90,46,29.971056494427103
90,47,32.999828344292425
90,48,34.03431069093055
90,49,30.798019278315124
90,50,27.73903355170337
90,51,25.21833121857051
90,52,21.573782201557254
90,53,19.998974806891038
90,54,16.34208989470944
90,55,16.28599495647851
90,56,12.879773452417254
90,57,11.57862865268099
90,58,12.563736315526175
90,59,14.20869737099769
90,60,12.067048206064428
90,61,8.84274486885921
90,62,11.230403976017197
90,63,12.65802844482432
90,64,9.792072969390341
90,65,8.840316738093609
90,66,5.699168602477249
90,67,7.121393933198168
90,68,8.806911035569742
90,69,10.190134896735982
90,70,11.804386658029106
90,71,15.0259857198596
90,72,15.364620750365313
90,73,15.898510741070568
90,74,19.300368559904772
90,75,19.981652069762514
90,76,22.664948240633958
90,77,23.92390529186571
90,78,26.68727035211413
90,79,24.8212437742209
90,80,21.09301423432019
90,81,20.775801405722763
90,82,17.92690612809612
90,83,18.069203297550928
90,84,17.91565699767125
90,85,15.944621279134825
90,86,12.85978779320843
90,87,9.590101068051482
90,88,5.996032945508302
90,89,3.810058823245158
90,91,3.7971655348776054
90,92,6.38685357486732
90,93,8.48659077076131
90,94,12.005983681147383
90,95,14.20804941769995
90,96,17.91059663764178
90,97,19.917872673773132
90,98,17.076639737871922
90,99,19.918921691166748
90,100,21.60214425292718
90,101,18.8045244199664
90,102,18.177268724853384
90,103,21.95714468864089
90,104,22.673646068214207
90,105,20.039492887694543
90,106,21.252749376753872
90,107,24.797458912184855
90,108,24.39236878761089
90,109,23.537599767643904
90,110,21.78408792463011
90,111,18.619006434020598
90,112,20.932551229038424
90,113,19.55032801924946
90,114,21.999963535861298
90,115,21.077260093281055
90,116,23.367272061752782
90,117,24.852983283605102
90,118,23.46033540660473
90,119,25.13280179044535
90,120,23.53605428776296
90,121,26.438422509397583
90,122,26.18509172984974
90,123,22.437468908948233
90,124,20.019526930164535
90,125,17.603225306846998
90,126,14.370723319522192
90,127,12.723405314761932
90,128,9.899434079339587
90,129,8.219119699648468
90,130,8.58280802624531
90,131,5.587407404764478
90,132,3.873670613538341
90,133,7.240011273247692
90,134,9.195208209568523
90,135,12.442240298471239
90,136,13.87830697131953
90,137,12.751281556786465
90,138,9.971306571296203
90,139,8.383144852869707
90,140,6.80394543894316
90,141,7.217749772978743
90,142,10.481741068160366
90,143,12.536206832860072
90,144,11.929205365095898
90,145,13.648547097332164
90,146,13.031428177951618
90,147,16.69035647731677
90,148,18.19566350332003
90,149,21.786068785910274
90,150,23.964845614024153
90,151,27.016768522469693
90,152,27.463052141660246
90,153,27.15611825986954
90,154,24.789837916783924
90,155,27.177757251713043
90,156,27.37699721893311
90,157,25.830676077759367
90,158,27.839558799513995
90,159,27.154005561791685
90,160,28.543511899977354
90,161,27.513386466176115
90,162,30.335539467539178
90,163,30.350854511065776
90,164,33.40133759385395
90,165,32.636223030984326
90,166,34.219592487712724
90,167,31.021184842043414
90,168,28.361030229302013
90,169,25.072658233671167
90,170,21.83791020657136
90,171,19.651575171700806
90,172,16.093407417065436
90,173,15.410474192437691
90,174,14.042612486995285
90,175,15.070110604999307
90,176,13.596789006728438
90,177,15.07786158325745
90,178,15.833485083782437
90,179,17.24644916939051
90,180,20.37690838139465
90,181,22.92912961083126
90,182,22.566496759914934
90,183,18.85183535833127
90,184,19.97128913945317
90,185,22.874716478691795
90,186,21.389412795232573
90,187,18.903143936856917
90,188,20.98916057034767
90,189,24.316897665249677
90,190,25.586724129443848
90,191,25.842801412578908
90,192,24.728348892617834
90,193,22.81527601060235
90,194,23.224924724106128
90,195,21.732212949142983
90,196,24.293582052389546
90,197,23.846588702152914
90,198,27.160904775859215
90,199,29.343665871676365
90,200,33.06547811229716
90,201,32.56117092367625
90,202,29.53734826028199
90,203,28.023253887581966
90,204,24.734458282256806
90,205,24.838456550638483
90,206,22.174418219248995
90,207,22.714128934716804
90,208,19.72135453958761
90,209,19.941123100335165
90,210,20.08009204011253
90,211,19.70553072699784
90,212,18.60643417788046
90,213,16.64574988876212
90,214,16.03038936428117
90,215,13.553701617359474
90,216,10.233803279365965
90,217,8.414011061736117
90,218,10.88617144015599
90,219,10.613859996948648
90,220,13.281383336621568
90,221,12.279379227406501
90,222,10.957048687889557
90,223,10.699443878142247
90,224,13.28549990580936
90,225,13.417481959102815
90,226,16.95326090978523
90,227,18.939094817202857
90,228,22.374986921975015
90,229,24.923404237166977
90,230,27.44052040255958
90,231,30.704443162505626
90,232,32.94791016992829
90,233,34.79143490743222
90,234,32.44818185519294
90,235,30.27752722742383
90,236,26.79911968496205
90,237,27.10053858021152
90,238,24.216058122013216
90,239,25.402690750653598
90,240,23.576897576417863
90,241,24.600147550965634
90,242,21.169158749395905
90,243,17.611527689790236
90,244,17.25807953136189
90,245,14.081421657391868
90,246,16.34933416593487
90,247,16.555152348144286
90,248,17.435272998759167
90,249,19.84006359077708
90,250,20.764921863156648
90,251,20.447072126792253
90,252,23.73792917034146
90,253,25.074667237858318
90,254,27.558101326538488
90,255,29.681279464666176
90,256,30.59585446068855
90,257,30.381550978182265
90,258,26.666780090878827
90,259,25.040611687101386
90,260,22.422797952229644
90,261,23.217945704730433
90,262,21.77119566469323
90,263,23.428165785825072
90,264,23.30407687097322
90,265,26.28826417485807
90,266,26.319567413089576
90,267,27.24072694333222
90,268,30.721383414054934
90,269,33.01628198315694
90,270,35.401779078053494
90,271,36.46660975903591
90,272,36.1900611027637
90,273,36.11325878357317
90,274,34.75913631569018
90,275,31.36398290376575
90,276,30.64902885124823
90,277,27.802477557036877
90,278,30.481194730893137
90,279,30.83535406325425
90,280,33.31323050211022
90,281,36.771085252664186
90,282,39.99886227245026
90,283,41.61531101812734
90,284,45.28355138297052
90,285,45.667533692846725
90,286,45.519076619267004
90,287,43.64839140340437
90,288,40.726431789746506
90,289,39.62063665865613
90,290,36.36990907524972
90,291,33.729670329043
90,292,33.847913656659564
90,293,30.528706436298208
90,294,31.66475900875778
90,295,31.071629871119026
90,296,33.84834266125479
90,297,37.58210218627522
90,298,37.822860292762876
90,299,40.60463080598807
90,300,40.65393897740439
90,301,39.173843667736605
90,302,41.91817215491633
90,303,42.31291182251345
90,304,45.22224427319627
90,305,44.6604292281334
90,306,47.884532415518564
90,307,50.27996675838873
90,308,53.297150368433265
90,309,55.03885662294942
90,310,58.63465253173453
90,311,59.6616126943206
90,312,63.27873329710618
90,313,66.28982715228454
90,314,67.23903165539507
90,315,67.83086522060748
90,316,71.33381365565955
90,317,72.2604117922499
90,318,75.74751858218477
91,1,102.36377202737675
91,2,103.40198287863917
91,3,99.92039622723887
91,4,96.22830908517662
91,5,92.90384219365693
91,6,89.70168342606785
91,7,86.51049380394706
91,8,83.22069550186413
91,9,79.98125198714641
91,10,76.26621717760958
91,11,74.16591714349983
91,12,72.36905543058076
91,13,70.00815300376607
91,14,70.1179018999113
91,15,66.59543131395996
91,16,65.00462190815644
91,17,61.82888128592834
91,18,61.22228264587597
91,19,59.92914354592694
91,20,59.72607705385425
91,21,61.568399292783305
91,22,62.14529223891154
91,23,64.79909716421774
91,24,64.13751333564073
91,25,61.20527921532327
91,26,62.47841251788717
91,27,64.89657233938149
91,28,65.66476461731774
91,29,65.39706661530052
91,30,65.96410795248292
91,31,62.42253163901948
91,32,59.04321518176797
91,33,55.617470543028816
91,34,52.18292442648515
91,35,50.27114628720296
91,36,46.97686549963492
91,37,44.460895481363885
91,38,43.113944343589864
91,39,41.84156198617537
91,40,39.13794441475869
91,41,38.5912979595942
91,42,35.069382859557656
91,43,33.73736176695171
91,44,32.31094273914973
91,45,34.51983130925207
91,46,32.90630655587989
91,47,35.80224473092144
91,48,36.64884454106477
91,49,33.25324094805332
91,50,30.318456748242287
91,51,27.891621501533987
91,52,24.338844566903198
91,53,22.976584026433684
91,54,19.2537436063409
91,55,19.50714144109031
91,56,16.10045865414737
91,57,14.466484738103558
91,58,14.65204251490711
91,59,15.945506401539157
91,60,13.08309990689399
91,61,10.64992530409879
91,62,13.43817965497531
91,63,13.935522588979653
91,64,10.589090008495196
91,65,10.753874257793969
91,66,8.516593094738422
91,67,10.42244039596894
91,68,12.514713355733976
91,69,13.4691817817953
91,70,14.854027742036704
91,71,18.261933012774744
91,72,18.19988763429059
91,73,18.288864425398682
91,74,21.392247279469863
91,75,22.372511010505193
91,76,24.85641751695706
91,77,26.16349917484235
91,78,28.761940266779657
91,79,26.9490078128336
91,80,23.295955089119868
91,81,23.16496420895919
91,82,20.187692351090607
91,83,20.556266708564173
91,84,20.090964916409177
91,85,18.54305635441034
91,86,15.454537787237925
91,87,12.019473854736656
91,88,8.325951838587496
91,89,6.9884831028762076
91,90,3.7971655348776054
91,92,3.8267493119980096
91,93,6.1177495709283205
91,94,9.908986483337094
91,95,12.615556873499058
91,96,16.052438932258646
91,97,18.637641589068608
91,98,16.35869624511022
91,99,19.656996128651755
91,100,21.168500126092987
91,101,18.53244233833612
91,102,18.580843225790858
91,103,22.36681584650032
91,104,22.96551323091042
91,105,20.764229959489583
91,106,22.420815905428437
91,107,25.76437424507905
91,108,25.3884047404739
91,109,25.079090262415885
91,110,23.398523767589335
91,111,20.210453461227978
91,112,22.40908343673554
91,113,20.63124748165199
91,114,22.760732846370782
91,115,21.540059572113215
91,116,23.288811902997807
91,117,24.46974447535344
91,118,22.543224806226622
91,119,23.93532325403501
91,120,21.903053233660412
91,121,24.63684961601383
91,122,24.126934901437686
91,123,20.3752662548952
91,124,18.329407933738327
91,125,16.345514912959377
91,126,13.657126476263588
91,127,11.358893556239725
91,128,9.08170363144474
91,129,7.26725563170933
91,130,8.67303027330953
91,131,5.784802307809513
91,132,5.632804131257007
91,133,9.426059671621317
91,134,11.78166443846862
91,135,15.132773550371676
91,136,16.07714702503054
91,137,14.191923004171867
91,138,10.802934832616957
91,139,9.36679881864472
91,140,7.203085557084244
91,141,7.962547821994011
91,142,11.707825690944308
91,143,13.021130505034938
91,144,11.319485195546317
91,145,12.548134049358657
91,146,11.110490127939084
91,147,14.510029315249623
91,148,15.685431072719066
91,149,19.243200158767564
91,150,21.826302016638927
91,151,24.82213983134605
91,152,24.863853862494786
91,153,24.41080256062986
91,154,21.983160956043363
91,155,24.42799532132522
91,156,24.554872286507035
91,157,23.360464786912857
91,158,25.564075614400767
91,159,25.326636250591648
91,160,26.985534952189024
91,161,26.421073782377675
91,162,29.39683507809901
91,163,29.766386791121224
91,164,33.03328185515484
91,165,32.63896762999848
91,166,34.321712307312886
91,167,31.19184447008134
91,168,28.268445648698297
91,169,24.91275805371601
91,170,21.588439822121888
91,171,18.98160203973189
91,172,15.282926999473206
91,173,13.808484229176058
91,174,11.671505539897
91,175,11.964086325350502
91,176,10.065402172067824
91,177,11.312415720235638
91,178,12.081692950748455
91,179,13.655355107552937
91,180,16.829917761678033
91,181,19.30922764655519
91,182,19.201919516987118
91,183,15.491261460251426
91,184,16.404304718447708
91,185,19.486274892519457
91,186,18.336294166116947
91,187,15.863967962738549
91,188,17.794507400344738
91,189,21.060233037127844
91,190,22.12369790493306
91,191,22.189490937612277
91,192,21.039168463443207
91,193,19.28655785757494
91,194,19.882849831262817
91,195,18.734704182398996
91,196,21.568676720286685
91,197,21.594827491118377
91,198,25.085587428093415
91,199,27.62137933620959
91,200,31.31421145674368
91,201,30.83424847739209
91,202,27.592832463731213
91,203,25.708571963520004
91,204,22.26160569404675
91,205,21.93844668499995
91,206,19.02721001040755
91,207,19.233256796523055
91,208,16.08642165607173
91,209,16.230296802952683
91,210,16.30711366120382
91,211,16.101974370903754
91,212,15.285507026882454
91,213,13.607344280223762
91,214,13.661968620236399
91,215,11.597014626670987
91,216,8.85087894821862
91,217,8.04270584380353
91,218,9.702053756357358
91,219,8.179507621222163
91,220,10.26849982255971
91,221,8.68251767368804
91,222,7.330976118726641
91,223,7.372099334011789
91,224,10.481011144033351
91,225,11.455757961007725
91,226,15.154292262484981
91,227,17.701074352366252
91,228,21.14406327712792
91,229,24.105495418983306
91,230,26.581085742655
91,231,30.04261347393195
91,232,32.459164332184606
91,233,34.00130333274477
91,234,31.347495135512027
91,235,29.00150352144621
91,236,25.3644955400063
91,237,25.219518408411677
91,238,22.087616437598598
91,239,22.83750408539027
91,240,20.702157915440576
91,241,21.491493816537865
91,242,17.951066821729423
91,243,14.307777601800995
91,244,14.44812648839509
91,245,11.729818228799491
91,246,14.619174061120564
91,247,15.592165419455132
91,248,17.126596633458192
91,249,19.73357600508248
91,250,20.795910358383555
91,251,20.96298993614975
91,252,24.460369587392027
91,253,25.649991017951873
91,254,28.422007273447857
91,255,30.534282176826746
91,256,31.809443151349587
91,257,31.838411892439026
91,258,28.227882974985057
91,259,26.49938433803442
91,260,24.036705027726658
91,261,24.989674193214032
91,262,23.597503784909485
91,263,25.647470458073837
91,264,25.840405395256415
91,265,28.99962384183083
91,266,29.360896962799348
91,267,30.335263777568446
91,268,33.90723294234981
91,269,36.24347205056596
91,270,38.448151375742064
91,271,39.29769006749318
91,272,38.78494508580095
91,273,38.43683263622264
91,274,36.938785657833556
91,275,33.58082988102387
91,276,32.69683595214333
91,277,29.880288482005582
91,278,32.722851888268885
91,279,33.32519435097909
91,280,35.806394346650904
91,281,39.132278386024154
91,282,42.371745879635824
91,283,43.768237875397126
91,284,47.48847596472829
91,285,47.66949073598542
91,286,47.26131888089686
91,287,45.295639369319574
91,288,42.45835978231821
91,289,41.27154917301056
91,290,38.20165020830628
91,291,35.33546465731823
91,292,35.1326496150075
91,293,31.93345876855797
91,294,33.31788676985622
91,295,32.84739867913292
91,296,35.73296284736383
91,297,39.46376526672296
91,298,39.65684458323406
91,299,42.33512523792627
91,300,42.082210392201745
91,301,40.53030898788145
91,302,43.1697879203376
91,303,43.49521085009031
91,304,46.58668992358777
91,305,46.28280654967527
91,306,49.596434026583026
91,307,51.92404070229078
91,308,55.08072795201051
91,309,56.822916522545505
91,310,60.48028506252644
91,311,61.66767348995648
91,312,65.29167963248918
91,313,68.19857537783803
91,314,69.07196216088042
91,315,69.78742224207386
91,316,73.26575437123618
91,317,74.31242000020508
91,318,77.8550693248917
92,1,101.09090277656836
92,2,102.08017961523197
92,3,98.55373848482031
92,4,94.89082887105302
92,5,91.49891552870972
92,6,88.34133795959757
92,7,85.07301252840386
92,8,81.79172733094529
92,9,78.51898890734547
92,10,74.83592602207192
92,11,72.79428255199907
92,12,70.89526105940035
92,13,68.56931024612548
92,14,68.60467578252302
92,15,65.00898306795155
92,16,63.37339793101442
92,17,60.10778267924231
92,18,59.30719806130744
92,19,57.99067590539277
92,20,57.62904784998492
92,21,59.45215474393352
92,22,59.89422893300764
92,23,62.457511774547115
92,24,61.8385019514254
92,25,58.88417346067431
92,26,60.30476615577736
92,27,62.861965536313434
92,28,63.78120045167206
92,29,63.68435030350957
92,30,64.43828004495992
92,31,60.97464637908132
92,32,57.54637323375727
92,33,54.22111242146889
92,34,50.68808097368637
92,35,48.74241980820609
92,36,45.35482882013347
92,37,43.03495254586814
92,38,41.54677199710096
92,39,40.52115857578016
92,40,38.07116835560377
92,41,37.83394209708382
92,42,34.230237635255904
92,43,33.26290171675072
92,44,31.953638038384018
92,45,34.461820970909784
92,46,33.20338094500635
92,47,36.09879708043251
92,48,36.902438157942846
92,49,33.42095510176216
92,50,30.792816445886942
92,51,28.167352898903392
92,52,24.84411947274402
92,53,23.326014581418942
92,54,19.556115686690937
92,55,19.838088008576236
92,56,16.395561672594347
92,57,14.773184065759127
92,58,14.257058194711005
92,59,15.814013230427932
92,60,12.795319317050382
92,61,11.095012123347058
92,62,14.52772161543912
92,63,14.879269316304256
92,64,11.9575542778658
92,65,12.954773269593396
92,66,10.7333517909459
92,67,13.25053317247579
92,68,14.642333115973445
92,69,15.27023351553601
92,70,17.29925515792596
92,71,20.400725703729773
92,72,19.875629549595207
92,73,20.336736588686954
92,74,23.21303876612652
92,75,23.794606104436852
92,76,25.834246177395272
92,77,26.68079184047463
92,78,28.879335903042527
92,79,26.752044727872157
92,80,23.137342799801484
92,81,22.736574992633898
92,82,19.461967320774818
92,83,19.733335384639243
92,84,18.751006995857836
92,85,17.703315980309984
92,86,14.822563993198495
92,87,11.368776762060177
92,88,8.118712687019295
92,89,8.151198200730338
92,90,6.38685357486732
92,91,3.8267493119980096
92,93,3.7880486463165104
92,94,7.178152934080603
92,95,10.502993068658652
92,96,13.648686917041097
92,97,16.34058184056087
92,98,14.239042781531298
92,99,17.582464930797908
92,100,19.47642393081553
92,101,17.394783679635236
92,102,17.442729040881712
92,103,21.166126585495178
92,104,22.225263150668884
92,105,20.520316298735494
92,106,21.98850862120834
92,107,25.286243209445647
92,108,25.42808225927168
92,109,25.354866734892113
92,110,24.20104997027149
92,111,21.38090366158532
92,112,23.965261625306415
92,113,22.487053447857278
92,114,24.838244065202236
92,115,23.956659822424413
92,116,25.573617299485004
92,117,26.94052189457526
92,118,24.807979590072094
92,119,26.320772903295882
92,120,24.194081127499157
92,121,26.935048012396702
92,122,26.409045258372036
92,123,22.75028698514722
92,124,21.131509122284264
92,125,19.35317814812098
92,126,17.0141185115982
92,127,14.598632591335651
92,128,12.650228109940196
92,129,10.586644617476562
92,130,11.592288165511055
92,131,8.257246158354251
92,132,9.064495476374733
92,133,12.792435017208161
92,134,15.286327654643896
92,135,18.518083998428413
92,136,19.38020385775599
92,137,17.709839373096315
92,138,14.41197197798394
92,139,13.1875602977272
92,140,10.890757812409616
92,141,10.954047370375687
92,142,14.714290811989416
92,143,15.416881906067566
92,144,13.664317622180942
92,145,15.212421704185314
92,146,13.681660140016639
92,147,16.82242633159586
92,148,17.84293885402503
92,149,21.301353912072493
92,150,24.250521167280972
92,151,27.167478587254905
92,152,26.767000341863827
92,153,26.112895900076133
92,154,23.55282032173985
92,155,25.863553796937598
92,156,25.614555417161576
92,157,24.683301664785496
92,158,26.746201778106304
92,159,26.764896204639488
92,160,28.272937414380092
92,161,27.84991306051892
92,162,30.62593640183128
92,163,30.88174718334456
92,164,34.3178690187193
92,165,33.87887323447966
92,166,35.257961678048076
92,167,31.971213107074078
92,168,28.80438492829569
92,169,25.694109127487323
92,170,22.125689754113008
92,171,19.721976856782717
92,172,15.921412386108681
92,173,14.495197503910378
92,174,11.886504345542583
92,175,11.796453267829271
92,176,10.076775644390281
92,177,10.266385061109851
92,178,11.485962931963812
92,179,12.487094856297754
92,180,16.092298815409528
92,181,18.86928977387759
92,182,19.412853557440172
92,183,15.944417770261353
92,184,16.662924815627672
92,185,20.13908405164318
92,186,19.584761824421054
92,187,17.354171339911023
92,188,18.944968812905735
92,189,22.030500287651428
92,190,22.571107018994358
92,191,22.071946194145433
92,192,20.60600026820385
92,193,19.175115116533593
92,194,19.617225748248526
92,195,18.689024826908334
92,196,21.445952790576897
92,197,21.68713305008614
92,198,25.079616353972927
92,199,27.713859406199393
92,200,31.265086948359173
92,201,30.371761056479045
92,202,26.961561512454143
92,203,25.063635658057752
92,204,21.431644561052234
92,205,21.052302010122258
92,206,17.911025218099915
92,207,18.043542460835603
92,208,14.89663150276468
92,209,14.415360669811438
92,210,14.800880268007322
92,211,13.988728086998293
92,212,13.10237478381514
92,213,10.756929205040269
92,214,10.66355307502201
92,215,9.27343974696569
92,216,6.502902792960864
92,217,7.371377299851339
92,218,9.36727532980007
92,219,7.428726367211561
92,220,8.47099615886376
92,221,7.347670780089544
92,222,5.398031723616277
92,223,6.424026449503614
92,224,8.977183025071767
92,225,10.62591028285269
92,226,14.425919983577323
92,227,17.38392675684059
92,228,21.026178009310335
92,229,24.127470745831246
92,230,26.93805777418994
92,231,30.335052409814736
92,232,33.090332906908365
92,233,34.696751187582734
92,234,31.867057669007917
92,235,29.75971832381174
92,236,26.12899835678464
92,237,25.954659463821915
92,238,22.901573496002783
92,239,23.481898832329538
92,240,21.338390769551168
92,241,22.177978790064373
92,242,18.677840008253117
92,243,14.888289076808054
92,244,15.396928686336224
92,245,13.14548781550243
92,246,16.292557960482863
92,247,17.338690728032322
92,248,19.435546117160037
92,249,21.66616876410645
92,250,22.225447294031124
92,251,22.14074666560019
92,252,25.497864777751264
92,253,26.149142076844203
92,254,28.771302816142697
92,255,30.487413509933972
92,256,31.70931238106179
92,257,31.5419255678163
92,258,28.00131225602834
92,259,25.851617042489913
92,260,23.225067010915904
92,261,23.88989925887999
92,262,22.244630135886975
92,263,24.501079758490647
92,264,24.880574378932057
92,265,28.276381926142385
92,266,29.124692650927205
92,267,30.397025505329086
92,268,34.09952995003893
92,269,36.68430340408615
92,270,38.63945112986809
92,271,39.366528017486544
92,272,38.50766640468942
92,273,38.02951627950188
92,274,36.19683320697082
92,275,32.77819823642779
92,276,31.51798345232838
92,277,28.597207586760746
92,278,31.451186814370224
92,279,32.45565100098804
92,280,35.08840038555267
92,281,38.22465892098057
92,282,41.56719403929751
92,283,42.85311755411236
92,284,46.56765963119172
92,285,46.45101626879783
92,286,45.88435760826929
92,287,43.7016946023043
92,288,40.842404885738766
92,289,39.43501152322998
92,290,36.52317193733053
92,291,33.539222098111374
92,292,33.20305352099155
92,293,30.229899488406605
92,294,31.98897470572211
92,295,31.897753940412276
92,296,35.02214083144922
92,297,38.6735823895934
92,298,38.570045760617035
92,299,41.00616868537842
92,300,40.46641445952318
92,301,38.68516534104385
92,302,41.11334945923028
92,303,41.23028517733612
92,304,44.42069898994979
92,305,44.27165349419372
92,306,47.69566588726776
92,307,50.050509425906824
92,308,53.3278524704068
92,309,55.18072890251871
92,310,58.866000224867875
92,311,60.26197735350886
92,312,63.84295842846294
92,313,66.6185715763438
92,314,67.33075750054533
92,315,68.08651119656888
92,316,71.50194971026569
92,317,72.60715735241125
92,318,76.1837582743908
93,1,99.87213662102388
93,2,100.73337513222803
93,3,97.17048195267014
93,4,93.5347851807997
93,5,90.13817967550789
93,6,86.92246690160972
93,7,83.6727370037319
93,8,80.31752125268083
93,9,77.11955898265587
93,10,73.46334902782006
93,11,71.57470933260173
93,12,69.78553463209515
93,13,67.62050875632823
93,14,67.82426922181499
93,15,64.22593043614447
93,16,62.39483794187954
93,17,59.05057524289204
93,18,58.134758554428025
93,19,56.60097846135023
93,20,56.07110578084593
93,21,57.694462805498624
93,22,57.979755478941385
93,23,60.65329549117905
93,24,60.23768851997133
93,25,57.424044197530975
93,26,58.980361191739945
93,27,61.49726849436146
93,28,62.56101330561344
93,29,62.385929611310715
93,30,63.24617793858543
93,31,59.77786864296961
93,32,56.26148908347048
93,33,52.92244228449576
93,34,49.40422603115724
93,35,47.22826386138491
93,36,43.9376627782996
93,37,41.78280804364354
93,38,40.53311925427225
93,39,39.76451995710882
93,40,37.394654423268044
93,41,37.43344835118731
93,42,33.93838942752466
93,43,32.91778553887821
93,44,31.276796486070324
93,45,33.698693113920314
93,46,32.39631573902407
93,47,35.0180945245714
93,48,35.54103466307168
93,49,31.91710883921839
93,50,29.447074052729228
93,51,27.05176396813451
93,52,23.902216106356835
93,53,22.849522937895667
93,54,19.16971988096837
93,55,20.133502087833644
93,56,17.079225707180367
93,57,14.745759115133144
93,58,13.361086015723599
93,59,14.17517630639349
93,60,10.712797665882904
93,61,10.066185913534662
93,62,13.499008786875326
93,63,13.007747703524434
93,64,10.300992235768092
93,65,12.354009066286794
93,66,11.094379852427029
93,67,14.32195517379877
93,68,15.82410638311825
93,69,15.525712567533255
93,70,17.47837563956857
93,71,20.492937891414915
93,72,19.29368676740186
93,73,19.48264388002311
93,74,21.88651003884963
93,75,22.525294256810955
93,76,24.198029625444885
93,77,25.02311671963853
93,78,27.014518419895694
93,79,25.072170239445118
93,80,21.662633120174164
93,81,21.703624788496303
93,82,18.64337973624072
93,83,19.57890477850681
93,84,18.932924748247217
93,85,18.554298893465543
93,86,15.368742942628737
93,87,12.474827653349388
93,88,9.366676634971116
93,89,10.474341407762438
93,90,8.48659077076131
93,91,6.1177495709283205
93,92,3.7880486463165104
93,94,3.7938365083107026
93,95,6.840172546821897
93,96,10.062671961549096
93,97,12.82297572322478
93,98,10.978000346776943
93,99,14.551069101287222
93,100,16.09102231618033
93,101,14.03287500211771
93,102,14.575426140268638
93,103,18.19356278537915
93,104,19.06486831632603
93,105,17.698754882413525
93,106,19.482051243880704
93,107,22.525113273450454
93,108,22.68877791112159
93,109,23.05612140981011
93,110,22.078692402988988
93,111,19.451329590495426
93,112,22.057032680343077
93,113,20.60522371492642
93,114,22.944030840426088
93,115,22.32888438418913
93,116,23.729769478673543
93,117,25.3196844712965
93,118,23.099404646922657
93,119,24.90556442631975
93,120,22.980788278791618
93,121,25.936171892959702
93,122,25.809886291356392
93,123,22.34531153260155
93,124,21.221614505199348
93,125,19.242587073590975
93,126,17.276020437770036
93,127,15.338859327233912
93,128,14.173411953403988
93,129,12.978860593542539
93,130,14.670816690903267
93,131,11.579641136552361
93,132,11.532397060309025
93,133,15.304164555047944
93,134,17.183159113561434
93,135,20.698688432853928
93,136,22.0217421493378
93,137,20.231497819535313
93,138,16.795966601843762
93,139,14.862631804011937
93,140,11.80935452189643
93,141,10.804706719543537
93,142,14.356284140956646
93,143,14.113275648217106
93,144,12.3104466111104
93,145,14.319755500056209
93,146,13.278279512272137
93,147,16.324431623260764
93,148,17.8608551910184
93,149,21.4024551444788
93,150,24.426691225534874
93,151,27.560029483493484
93,152,27.144206036796263
93,153,25.964467110078875
93,154,23.011309690753652
93,155,24.83776074653112
93,156,24.064690660877954
93,157,22.940864389055125
93,158,24.597917101076384
93,159,24.53166925133761
93,160,25.723294655820716
93,161,25.26717098760373
93,162,27.82160311632792
93,163,27.962325563175202
93,164,31.491397816236717
93,165,31.061109734411804
93,166,32.27324136512067
93,167,28.955480251120196
93,168,25.641981473466057
93,169,22.673001712601124
93,170,19.021693710449508
93,171,16.7088291286916
93,172,12.9410870972643
93,173,11.645490820847856
93,174,9.080964313739987
93,175,9.47418986987211
93,176,8.92998576812134
93,177,9.544792818741728
93,178,11.943045147399195
93,179,13.567880383816194
93,180,17.17995998717509
93,181,19.51192971468126
93,182,20.567807675679592
93,183,17.15215518922718
93,184,17.029597841975434
93,185,20.57521390158395
93,186,20.547982842788947
93,187,17.918291079708347
93,188,18.78297855145687
93,189,22.047674110441232
93,190,22.06153273090139
93,191,21.68081855252423
93,192,19.624691369293128
93,193,17.804523764812668
93,194,17.565088531448897
93,195,16.214182847587534
93,196,18.582850853465477
93,197,18.589546959240327
93,198,21.814622211839314
93,199,24.356097802087298
93,200,27.836160353293987
93,201,26.767137597803274
93,202,23.363751442778888
93,203,21.6195864875019
93,204,18.014301395084235
93,205,17.971708203555384
93,206,15.067067441684175
93,207,15.801616097498647
93,208,13.176076307930296
93,209,13.231950050937114
93,210,14.562149424998855
93,211,14.216841535141448
93,212,14.236475665325
93,213,11.846065177529027
93,214,12.466969453684523
93,215,12.068619036183819
93,216,9.645018493486294
93,217,11.067238658989442
93,218,13.045952942962957
93,219,10.687499853180919
93,220,10.76876691809222
93,221,8.781705838985147
93,222,5.376038871648961
93,223,4.475621050897191
93,224,5.676048123673125
93,225,7.039709722020793
93,226,10.794832853362394
93,227,13.844165021638675
93,228,17.524744847427694
93,229,20.67189021139548
93,230,23.603682597846838
93,231,26.95740815555953
93,232,29.87001810122855
93,233,31.493184958093515
93,234,28.599383266633076
93,235,26.680206789510763
93,236,23.115458433356544
93,237,23.094159364897237
93,238,20.271913646458728
93,239,21.069865197767523
93,240,19.31709519744564
93,241,20.665548905793163
93,242,17.489832452916655
93,243,13.684001778233897
93,244,13.656461586747628
93,245,11.452836183093416
93,246,14.375979329687711
93,247,15.207697799489463
93,248,17.76535442097914
93,249,19.555667721786648
93,250,19.711149041479576
93,251,19.60872418805194
93,252,22.897477566445733
93,253,23.25147774929982
93,254,25.939540415221476
93,255,27.55951177902424
93,256,29.012242642769113
93,257,29.06107309957472
93,258,25.67270775635155
93,259,23.56390620034226
93,260,21.263530717044496
93,261,22.311479428818593
93,262,21.10745994736159
93,263,23.817983148315907
93,264,24.77167431378671
93,265,28.07675127697457
93,266,29.13980934773577
93,267,30.14856112823777
93,268,33.88132763925102
93,269,36.341349359859365
93,270,38.011067806056126
93,271,38.37741724171183
93,272,37.30754343168068
93,273,36.47829830232248
93,274,34.65599344061523
93,275,31.409544225818756
93,276,30.23849256892417
93,277,27.60308663961781
93,278,30.73829281609075
93,279,31.712447171399536
93,280,34.1082951363515
93,281,37.111809120128456
93,282,40.32124878117708
93,283,41.30245314163445
93,284,45.064919343476966
93,285,44.877005059211356
93,286,44.05191257261486
93,287,41.96318498335141
93,288,39.313495912363045
93,289,38.09134945073224
93,290,35.36701707253629
93,291,32.16522554513494
93,292,31.44466423405879
93,293,28.459498195460167
93,294,30.185869006336837
93,295,29.9880336788488
93,296,33.06730343692742
93,297,36.703233652461115
93,298,36.72203053893059
93,299,39.16915654118337
93,300,38.45996682710699
93,301,36.83944216633298
93,302,39.33660098811587
93,303,39.65789159448128
93,304,42.98001562790045
93,305,43.10176320426716
93,306,46.466562646269644
93,307,48.6019530496102
93,308,51.937239413522796
93,309,53.61887458600296
93,310,57.35214341418406
93,311,58.77604870011702
93,312,62.39839845640779
93,313,65.12725894516265
93,314,65.91432857421984
93,315,66.86547834709516
93,316,70.31333882759458
93,317,71.60002864003528
93,318,75.23525046467824
94,1,98.32644763125784
94,2,99.07520478221987
94,3,95.46619103539511
94,4,91.87239926727611
94,5,88.43530260373419
94,6,85.21831665513399
94,7,81.93678779393697
94,8,78.54802201309674
94,9,75.38311924466244
94,10,71.7745066599215
94,11,70.02671953550797
94,12,68.2461835267763
94,13,66.21371525732354
94,14,66.47582537452253
94,15,62.84183529025545
94,16,60.863254901432754
94,17,57.423302441749996
94,18,56.308483944357334
94,19,54.62354666603695
94,20,53.87908523485265
94,21,55.35186440588763
94,22,55.44203961645849
94,23,58.11950427408553
94,24,57.86754190638009
94,25,55.141690244175294
94,26,56.87986592983313
94,27,59.4532992396511
94,28,60.70697910459002
94,29,60.5945972692102
94,30,61.64319449975626
94,31,58.237543620805106
94,32,54.64819587746528
94,33,51.38464788184055
94,34,47.83098853795429
94,35,45.49539415606639
94,36,42.2286956327819
94,37,40.334986722322114
94,38,39.15911543848296
94,39,38.733694423406945
94,40,36.612863661875615
94,41,37.031456746314774
94,42,33.603005902294925
94,43,32.802384406624306
94,44,31.05970703802083
94,45,33.58121463449415
94,46,32.50561721180379
94,47,34.917652677390194
94,48,35.23283313248478
94,49,31.522577115792707
94,50,29.404794812731197
94,51,27.073643693366495
94,52,24.2702468740536
94,53,23.42977693162458
94,54,19.925815978955313
94,55,21.253705409502025
94,56,18.541913277027348
94,57,15.981179377909731
94,58,13.762479010015324
94,59,14.200147246528806
94,60,10.71584982614495
94,61,11.349277882632006
94,62,14.758804357408048
94,63,13.757449879970434
94,64,11.78633078561539
94,65,14.545199485208782
94,66,13.78478095377808
94,67,17.328160154435302
94,68,18.50785027050466
94,69,17.662416348843067
94,70,19.81402487522769
94,71,22.51311192296907
94,72,20.763005468025778
94,73,21.025585368997184
94,74,22.95106459530048
94,75,23.342386263090724
94,76,24.45799014407196
94,77,24.932471624723384
94,78,26.463887787771334
94,79,24.47054017968903
94,80,21.334288838224534
94,81,21.472633640167874
94,82,18.486609186432172
94,83,19.74117745517225
94,84,19.007318887125034
94,85,19.379567751042767
94,86,16.332589668517414
94,87,13.995880355517675
94,88,11.567061347700022
94,89,13.512778790603273
94,90,12.005983681147383
94,91,9.908986483337094
94,92,7.178152934080603
94,93,3.7938365083107026
94,95,3.8075292891449046
94,96,6.488059749114143
94,97,9.376329703415113
94,98,8.08318344730186
94,99,11.76657444516041
94,100,13.316053555180504
94,101,11.91983633620031
94,102,12.838438701009716
94,103,16.135076735598407
94,104,17.230355917839535
94,105,16.58285410164676
94,106,18.349636623712605
94,107,21.06922714537246
94,108,21.645160928439523
94,109,22.459457305732737
94,110,22.004953976129528
94,111,19.861339618790634
94,112,22.630481398575057
94,113,21.458957226711252
94,114,23.858023190974222
94,115,23.635189459935994
94,116,24.81525035076246
94,117,26.614790806586377
94,118,24.310001908181015
94,119,26.31525893178659
94,120,24.52142802520407
94,121,27.529377449713753
94,122,27.625363258748592
94,123,24.397807179381928
94,124,23.7495673011173
94,125,21.812128244299082
94,126,20.202639088347286
94,127,18.48116936763478
94,128,17.70900490327332
94,129,16.700076970317635
94,130,18.436995854716233
94,131,15.286439242025669
94,132,15.254616915411965
94,133,18.99757372937797
94,134,20.699928126381806
94,135,24.244359527685255
94,136,25.720677802894123
94,137,23.99259602999465
94,138,20.557809867050473
94,139,18.475037052429084
94,140,15.222792590753864
94,141,13.684157691591894
94,142,16.916800687432225
94,143,15.978602294976573
94,144,14.31432732705689
94,145,16.569597261480283
94,146,15.800654721983078
94,147,18.52254236878616
94,148,20.174226016245758
94,149,23.590179804695378
94,150,26.752497813064927
94,151,29.899799288119826
94,152,29.263286176653512
94,153,27.72484826842756
94,154,24.562128289248818
94,155,25.98313738522375
94,156,24.693658642492174
94,157,23.63701383781015
94,158,24.889232559049024
94,159,24.915104029846308
94,160,25.75709491758527
94,161,25.36177544398083
94,162,27.563029165173393
94,163,27.52575023976372
94,164,31.150737024417282
94,165,30.6832121494463
94,166,31.546368331625132
94,167,28.15257135265343
94,168,24.648357369487137
94,169,22.048797925953362
94,170,18.304075862815765
94,171,16.358786547730904
94,172,12.841790112394177
94,173,11.872341450046113
94,174,9.428781529827793
94,175,9.865882493456064
94,176,10.348767643175028
94,177,10.446666130226518
94,178,13.488025126025606
94,179,14.960078429838228
94,180,18.572744748339776
94,181,20.719309616441777
94,182,22.370421411652078
94,183,19.246794026185906
94,184,18.606636376896756
94,185,22.24384447509962
94,186,22.789777936178982
94,187,20.179796234979122
94,188,20.472192509100925
94,189,23.612917533931363
94,190,23.030545225720818
94,191,22.39284314991313
94,192,19.850196444844425
94,193,18.079008382670345
94,194,17.271093541342626
94,195,15.841713706492444
94,196,17.71436070328207
94,197,17.68122978428059
94,198,20.565174625777097
94,199,23.017675953091487
94,200,26.261727079729848
94,201,24.75393677060944
94,202,21.299238082080464
94,203,19.73605729911228
94,204,16.124458604404683
94,205,16.348770372763244
94,206,13.613657776011665
94,207,14.761139577207661
94,208,12.76365024890948
94,209,12.731329018646509
94,210,14.858946193658513
94,211,14.419265686789945
94,212,14.962725690609208
94,213,12.316753942164686
94,214,13.191709951315842
94,215,13.787743438047018
94,216,11.784056829078665
94,217,13.953595978804863
94,218,15.961007780900458
94,219,13.487943909499187
94,220,12.710250172736947
94,221,10.855610319939043
94,222,7.2552994010853595
94,223,6.158608384297977
94,224,4.815026016562095
94,225,6.118559987032343
94,226,9.236740098540919
94,227,12.443465879226205
94,228,16.11140524978567
94,229,19.254858265214846
94,230,22.451606043261684
94,231,25.630735309407836
94,232,28.838755885104085
94,233,30.50913685748431
94,234,27.51344828508333
94,235,25.951114322859983
94,236,22.54478740245788
94,237,22.635206849033175
94,238,20.1464920222175
94,239,20.964619511457247
94,240,19.55854303406189
94,241,21.215585219250944
94,242,18.422258091935674
94,243,14.78969150807611
94,244,14.646539526934559
94,245,12.951560084856913
94,246,15.58754581930662
94,247,16.236909418989637
94,248,19.20499123458868
94,249,20.422671404594862
94,250,19.988075389229117
94,251,19.681560356428065
94,252,22.68724331106692
94,253,22.44583748837722
94,254,24.97961884048717
94,255,26.19954835911194
94,256,27.729533824722356
94,257,27.771620876432806
94,258,24.6101498878128
94,259,22.271901567856837
94,260,20.14931724612793
94,261,21.213995967369726
94,262,20.17795608399101
94,263,23.251075222479646
94,264,24.676474403001723
94,265,27.989371352357413
94,266,29.472434701626756
94,267,30.48783303098544
94,268,34.2532076707612
94,269,36.75829116805867
94,270,38.0746419705802
94,271,38.1363448888447
94,272,36.71948145107404
94,273,35.590920615749965
94,274,33.569890285014765
94,275,30.44532299516346
94,276,29.092657720390264
94,277,26.630720038153868
94,278,29.897836510248283
94,279,31.105153575680642
94,280,33.40983434364871
94,281,36.157581053004066
94,282,39.313469144254526
94,283,40.01275389042014
94,284,43.76893148854762
94,285,43.333522493679276
94,286,42.23606608721174
94,287,40.074963450464985
94,288,37.57359833798691
94,289,36.335456441191276
94,290,33.87870611105143
94,291,30.488006025911883
94,292,29.411994145827972
94,293,26.62964334630697
94,294,28.577703433185086
94,295,28.584884717979048
94,296,31.755085567587248
94,297,35.27633975877661
94,298,35.16643272553691
94,299,37.424863110661455
94,300,36.405346226741464
94,301,34.74604099119311
94,302,37.118984451748254
94,303,37.43222972905533
94,304,40.888931040735166
94,305,41.299268162041436
94,306,44.674941669200884
94,307,46.669392814597764
94,308,50.10582147079273
94,309,51.74133763849492
94,310,55.507281846946206
94,311,57.082436354103734
94,312,60.687864192706876
94,313,63.28986062636342
94,314,64.01580536126569
94,315,65.11595594648045
94,316,68.53265388328809
94,317,69.969852180097
94,318,73.65406922876116
95,1,96.31729919755489
95,2,96.9595817620684
95,3,93.33557866994457
95,4,89.76378201175997
95,5,86.34916000053897
95,6,83.06937800592672
95,7,79.83597981681844
95,8,76.38190666788044
95,9,73.3055760394997
95,10,69.72154828019131
95,11,68.10775707027459
95,12,66.4732056716208
95,13,64.59585833477261
95,14,65.05103198787059
95,15,61.45482469512639
95,16,59.30318273671145
95,17,55.83254420426576
95,18,54.68158964959314
95,19,52.797462870489575
95,20,51.95655160045367
95,21,53.23828267233817
95,22,53.2404918238732
95,23,56.05477259708009
95,24,55.9774184677939
95,25,53.41096872783085
95,26,55.207458204158506
95,27,57.66994059917389
95,28,59.00028489247181
95,29,58.74654976816648
95,30,59.83054078011103
95,31,56.40914293696762
95,32,52.7656136357087
95,33,49.47376082824361
95,34,45.988445558317416
95,35,43.448956521163915
95,36,40.335822631445374
95,37,38.563893312465275
95,38,37.69385229573612
95,39,37.46301963706215
95,40,35.38147679168365
95,41,36.00437660148277
95,42,32.766890453060796
95,43,31.844754886434295
95,44,29.77161249826628
95,45,32.10754613605607
95,46,30.970530142723245
95,47,33.063257155644315
95,48,33.10024806513769
95,49,29.32030459567999
95,50,27.394495779075537
95,51,25.365299585632343
95,52,22.830775911366057
95,53,22.50889214512666
95,54,19.288149005774898
95,55,21.221085000677377
95,56,19.052084488967143
95,57,16.021762577692513
95,58,13.195077231480335
95,59,12.71971265534219
95,60,9.270093211685428
95,61,11.117146411063503
95,62,14.003219914458882
95,63,12.293532639937634
95,64,11.119867910130589
95,65,14.467252025021645
95,66,14.554610462171867
95,67,18.335585040864068
95,68,19.43378070061398
95,69,17.843313064370545
95,70,19.84624965981702
95,71,22.245516689629216
95,72,19.933849091994304
95,73,20.01604398033242
95,74,21.367138846849002
95,75,21.692471932691006
95,76,22.350833989861364
95,77,22.746438194381682
95,78,24.019046092981533
95,79,22.286907218640902
95,80,19.489599487683137
95,81,20.128115261401746
95,82,17.589943949277572
95,83,19.502405943961794
95,84,19.292234968626556
95,85,20.187622317158844
95,86,17.001743469919898
95,87,15.38085241051636
95,88,13.278446507507589
95,89,15.680299496244519
95,90,14.20804941769995
95,91,12.615556873499058
95,92,10.502993068658652
95,93,6.840172546821897
95,94,3.8075292891449046
95,96,3.8103467675433964
95,97,6.086942000125309
95,98,4.99023762502841
95,99,8.805554741323204
95,100,9.731114187874343
95,101,8.350139635620899
95,102,9.864483055044218
95,103,12.873384546790636
95,104,13.73098580381814
95,105,13.509433150878149
95,106,15.511004903297875
95,107,17.870442111589654
95,108,18.492579503976433
95,109,19.716983534696425
95,110,19.528574671835653
95,111,17.769654152397422
95,112,20.525871118500927
95,113,19.602578964243005
95,114,22.03033244809612
95,115,22.261874969452247
95,116,23.35313443267797
95,117,25.48195801123869
95,118,23.35692932146133
95,119,25.739580303862315
95,120,24.38340768270551
95,121,27.6014175568288
95,122,28.18915454886294
95,123,25.207837112352102
95,124,24.854572925473242
95,125,22.638347606224585
95,126,21.220007003560166
95,127,20.100675214153963
95,128,19.736289044131556
95,129,19.293074457265213
95,130,21.277425897919034
95,131,18.226384524510895
95,132,17.563606589122976
95,133,21.166859018086445
95,134,22.30862661081144
95,135,25.943190113235392
95,136,27.839551174553886
95,137,26.184630344777474
95,138,22.806351406271975
95,139,20.25218555484928
95,140,16.70385783018346
95,141,14.40746619133209
95,142,17.05976125504963
95,143,15.399070850655455
95,144,14.189718954170731
95,145,16.87980503568852
95,146,16.853040054385005
95,147,19.477085146659398
95,148,21.634952642242087
95,149,25.064070489629636
95,150,28.059516786952994
95,151,31.380613462802263
95,152,30.92440031147357
95,153,29.01842295632783
95,154,25.5978173218794
95,155,26.511916465063546
95,156,24.786047221528293
95,157,23.374695157608805
95,158,24.05009214932323
95,159,23.752902534115965
95,160,24.063237572911202
95,161,23.410488876101272
95,162,25.208811378537717
95,163,24.846262675230687
95,164,28.45089463312303
95,165,27.82753543764996
95,166,28.408572836588558
95,167,24.960179112746946
95,168,21.395609888827657
95,169,19.087623765427846
95,170,15.328088577399019
95,171,13.856792858607689
95,172,10.717432865856757
95,173,10.559434403365065
95,174,9.088724043191046
95,175,10.520391816461542
95,176,12.211919801548254
95,177,12.921013084191422
95,178,16.35984560532883
95,179,18.210063685548526
95,180,21.65670518896864
95,181,23.42741173979426
95,182,25.22001699570236
95,183,22.117911509029287
95,184,21.019764201259655
95,185,24.500332634649766
95,186,25.2317623243208
95,187,22.324627979336707
95,188,22.14670331640363
95,189,25.408468448870174
95,190,24.536265459254498
95,191,24.18402013110583
95,192,21.264106162243838
95,193,19.08375524026797
95,194,17.528612966519233
95,195,15.482446602097287
95,196,16.56573508415623
95,197,15.904910387971286
95,198,18.330953607689395
95,199,20.384149708897848
95,200,23.50167823653669
95,201,21.736292559302825
95,202,18.459540322766923
95,203,17.41038997293765
95,204,14.075178780902704
95,205,15.11816723625119
95,206,13.130542858405617
95,207,15.183181707214292
95,208,14.068421498914775
95,209,14.714603771567814
95,210,17.405290937531475
95,211,17.38549185034829
95,212,18.37389804500064
95,213,15.846888178118505
95,214,16.8311616684927
95,215,17.557422173312233
95,216,15.419135463890436
95,217,17.38256900843892
95,218,19.600846678970367
95,219,17.18712884161846
95,220,16.457267902377087
95,221,14.342771733470391
95,222,10.606343671163597
95,223,8.504912870241474
95,224,5.714725696146656
95,225,4.825341532581006
95,226,6.715294851370503
95,227,9.432083284058933
95,228,13.063253269743342
95,229,15.973600653727518
95,230,19.368963702295005
95,231,22.34461015489383
95,232,25.676903489431965
95,233,27.512451140142975
95,234,24.611013660827997
95,235,23.421497508595348
95,236,20.255298385294168
95,237,20.79160181398353
95,238,18.821033971737947
95,239,20.11596861871499
95,240,19.390750974682774
95,241,21.632451356189943
95,242,19.33206053946956
95,243,15.962877023679184
95,244,15.042796333027704
95,245,13.315521882291455
95,246,15.179853192283312
95,247,15.186334193351327
95,248,18.2629249430137
95,249,18.79648109702514
95,250,17.760943204632934
95,251,17.202170038475856
95,252,19.91566133525824
95,253,19.275983723070585
95,254,21.729897214459314
95,255,22.786667081628266
95,256,24.473954968687554
95,257,24.70927580524209
95,258,21.754061626500857
95,259,19.542067269621786
95,260,17.874336922022685
95,261,19.383286656961225
95,262,18.957631866796962
95,263,22.349887765490525
95,264,24.293619090148542
95,265,27.350481689719345
95,266,28.921455768171313
95,267,29.593401664470253
95,268,33.28982111535682
95,269,35.59517501907936
95,270,36.63045175587101
95,271,36.344571714249824
95,272,34.78157439732128
95,273,33.33533587032179
95,274,31.409625165295548
95,275,28.527590532319284
95,276,27.383291645600128
95,277,25.31663813120194
95,278,28.804899731797857
95,279,29.849021441461005
95,280,31.82754347505148
95,281,34.4372611291601
95,282,37.39416498681166
95,283,37.80390430158771
95,284,41.57677271596052
95,285,41.1496672969637
95,286,39.84998602318746
95,287,37.866006548098454
95,288,35.60765869305557
95,289,34.65449135522425
95,290,32.370060524342705
95,291,28.843697985364443
95,292,27.424777570303892
95,293,24.59611986593671
95,294,26.357898571137003
95,295,26.162999414624764
95,296,29.194208171269903
95,297,32.67195486491804
95,298,32.74820303962725
95,299,35.058497230310294
95,300,33.966382019792924
95,301,32.5662694714727
95,302,35.07083989902176
95,303,35.68317353686747
95,304,39.196989338328905
95,305,39.816301058275876
95,306,43.05693371435774
95,307,44.80370526841639
95,308,48.2314419832387
95,309,49.64943967784891
95,310,53.43496277138248
95,311,54.962340305681884
95,312,58.606977720951086
95,313,61.197805666483035
95,314,62.050299182568644
95,315,63.32280514626635
95,316,66.78304081903542
95,317,68.3734387609584
95,318,72.09212031336453
96,1,96.36624090071868
96,2,96.87891369805631
96,3,93.20946575140856
96,4,89.69452734210283
96,5,86.24159328413369
96,6,82.96909184625216
96,7,79.70821151232656
96,8,76.22542649796803
96,9,73.19885048298337
96,10,69.68433406055317
96,11,68.23935538667028
96,12,66.61750992722054
96,13,64.89418731862462
96,14,65.39982654034618
96,15,61.778000480636386
96,16,59.480977142585616
96,17,55.92037465107277
96,18,54.53657414710524
96,19,52.48972475556686
96,20,51.38205473591526
96,21,52.46294838340347
96,22,52.19845908118553
96,23,54.99698598149981
96,24,55.135657660616424
96,25,52.690163302821176
96,26,54.712549177320824
96,27,57.24346328452319
96,28,58.800516774883704
96,29,58.63417603014249
96,30,59.935954807741155
96,31,56.60887103000677
96,32,52.905998180191744
96,33,49.72803348223121
96,34,46.23086195708958
96,35,43.528404458056244
96,36,40.47777838645205
96,37,39.03495377323693
96,38,38.249335986289225
96,39,38.39465455482818
96,40,36.60834223000459
96,41,37.59073388811248
96,42,34.457804875218756
96,43,33.76709875512906
96,44,31.651190539029336
96,45,34.02419500715699
96,46,33.08889438858248
96,47,34.93888230634291
96,48,34.75720876504799
96,49,30.96215016029355
96,50,29.391150052926733
96,51,27.517238650628595
96,52,25.33604973109725
96,53,25.20931032607065
96,54,22.212585632895333
96,55,24.289574275888857
96,56,22.32733611681134
96,57,19.32453852650571
96,58,16.197872127029104
96,59,15.48137226700684
96,60,12.350892263864695
96,61,14.6820717453501
96,62,17.36449074260691
96,63,15.356077510473428
96,64,14.535448085379445
96,65,18.049182373855718
96,66,18.336988001914854
96,67,22.127341778514708
96,68,23.187548222534005
96,69,21.467571093650342
96,70,23.447084329755338
96,71,25.712419291704425
96,72,23.16624312381457
96,73,23.168170224745854
96,74,24.12479165422436
96,75,24.3918956929896
96,76,24.61186978119819
96,77,24.77768890667218
96,78,25.599862352091804
96,79,23.950866930767567
96,80,21.548009421429263
96,81,22.280992435770216
96,82,19.920668449842125
96,83,21.95147714375809
96,84,21.592521489248917
96,85,22.945680163193078
96,86,20.00875136729981
96,87,18.628642383547273
96,88,16.82759539959496
96,89,19.33621580136077
96,90,17.91059663764178
96,91,16.052438932258646
96,92,13.648686917041097
96,93,10.062671961549096
96,94,6.488059749114143
96,95,3.8103467675433964
96,97,3.803839444983289
96,98,5.404339318980099
96,99,8.560350975446303
96,100,8.943937828677619
96,101,8.880229884816702
96,102,11.065743504716224
96,103,13.193115925943943
96,104,14.048917356394487
96,105,14.826832075200956
96,106,16.83235438864019
96,107,18.567616107882316
96,108,19.504066381190565
96,109,21.270626852900786
96,110,21.505965853355118
96,111,20.18879080032744
96,112,22.818435842697973
96,113,21.983022828152993
96,114,24.191566199076856
96,115,24.55915323308045
96,116,25.24682199284882
96,117,27.318076692313536
96,118,25.018492268041786
96,119,27.34230239213195
96,120,25.976537900313474
96,121,29.051125639675305
96,122,29.694989488331256
96,123,26.990930159589055
96,124,27.099230189352863
96,125,25.131828599038805
96,126,24.129202324722772
96,127,22.996110857515614
96,128,22.95356555244176
96,129,22.557809698361353
96,130,24.648030637562695
96,131,21.63429223859377
96,132,21.20376389949265
96,133,24.858096326473998
96,134,26.06149219376085
96,135,29.714998908956904
96,136,31.55011234225506
96,137,29.781171686737125
96,138,26.319350404206087
96,139,23.80655503564247
96,140,20.220450625599103
96,141,17.960503518665256
96,142,20.474900008190506
96,143,18.45034104505656
96,144,17.088386457675067
96,145,19.545425565954815
96,146,19.431058149944853
96,147,21.594953403881636
96,148,23.608665342445768
96,149,26.78860499867496
96,150,29.912878665375988
96,151,33.13262412694037
96,152,32.39279395815969
96,153,30.21711495777879
96,154,26.72626165435294
96,155,27.294129964833076
96,156,25.16134800560872
96,157,24.00536714002792
96,158,24.367595626969518
96,159,24.353164807324337
96,160,24.45314235472512
96,161,24.090781060184263
96,162,25.566530210835296
96,163,25.22421418148153
96,164,28.882729853501544
96,165,28.42015630039471
96,166,28.727291640437688
96,167,25.373932374404987
96,168,21.671469331891572
96,169,19.813093151429886
96,170,16.23729233832312
96,171,15.055911595567819
96,172,12.546208094519116
96,173,12.319641843714786
96,174,10.893002166413682
96,175,11.77759004966351
96,176,13.898059781079924
96,177,14.072071976090054
96,178,17.70229845186283
96,179,19.38763603937571
96,180,22.641452936630046
96,181,24.13792081724913
96,182,26.402596736022264
96,183,23.6483970835537
96,184,22.137605169703345
96,185,25.5828399842646
96,186,26.8282195700934
96,187,24.059285798196925
96,188,23.404641540541764
96,189,26.40808602750062
96,190,25.00441475407627
96,191,24.393607230836462
96,192,21.152049329461082
96,193,19.178884779213064
96,194,17.225786810087044
96,195,15.383956631098181
96,196,15.943450947460576
96,197,15.503967425880232
96,198,17.462593744249634
96,199,19.49145264397184
96,200,22.21542182151208
96,201,20.027425889960238
96,202,16.68320808405156
96,203,15.710306099397815
96,204,12.494290942254722
96,205,13.633710797426003
96,206,11.98542061160857
96,207,14.257312466362558
96,208,13.92326113215533
96,209,14.483780876665692
96,210,17.668168217161142
96,211,17.697458214019004
96,212,19.17413516270186
96,213,16.790667236569423
96,214,18.134798073890842
96,215,19.551667686803864
96,216,17.933041705349517
96,217,20.35811894881679
96,218,22.335681824002304
96,219,19.697545973735146
96,220,18.337620256018006
96,221,16.274304306314527
96,222,12.716539522920293
96,223,10.900355328392155
96,224,7.443678370251958
96,225,7.092369875951793
96,226,7.290772167815481
96,227,9.851615767386287
96,228,12.901534783344244
96,229,15.774698979297256
96,230,19.19149456283926
96,231,21.943170138315555
96,232,25.520189289874157
96,233,27.187284299092898
96,234,24.12882457820059
96,235,23.250969042772894
96,236,20.318721472751097
96,237,20.72354954810612
96,238,19.086223842154563
96,239,20.131919534618763
96,240,19.6602133659528
96,241,21.97489208792761
96,242,20.108186751918478
96,243,17.10380528256313
96,244,16.35083473508152
96,245,15.37930203350946
96,246,17.07574509500488
96,247,17.24881666156403
96,248,20.600123481844346
96,249,20.782858549437034
96,250,19.441414453933312
96,251,18.986438795298728
96,252,21.366948118524746
96,253,20.206322593431718
96,254,22.521282809841995
96,255,23.17047468180908
96,256,25.038711777493354
96,257,25.391353586653693
96,258,22.829966110673578
96,259,20.53888724375435
96,260,19.2393014633169
96,261,20.73596343584572
96,262,20.508490728771203
96,263,24.095146925426967
96,264,26.363480359292936
96,265,29.37151796514625
96,266,31.26508852765123
96,267,31.945240185733937
96,268,35.604065313052125
96,269,37.90676087408475
96,270,38.630351987912995
96,271,38.0624217993818
96,272,36.19889002241115
96,273,34.454008380671254
96,274,32.37790529434971
96,275,29.702714203475203
96,276,28.402976742421565
96,277,26.5730155076891
96,278,30.091767176256756
96,279,31.358930985714025
96,280,33.21060505130258
96,281,35.51217241878814
96,282,38.361671989612546
96,283,38.4485816848868
96,284,42.16911001327455
96,285,41.472158750075735
96,286,39.85475069623855
96,287,37.81684663393681
96,288,35.77678907382158
96,289,34.8115102120734
96,290,32.883416485262934
96,291,29.21134053626842
96,292,27.38057001722801
96,293,24.89115460231441
96,294,26.862362675418943
96,295,26.882378506537776
96,296,29.913159626718613
96,297,33.19334813562854
96,298,33.155250729835
96,299,35.21398940645913
96,300,33.748755068935566
96,301,32.334503355145536
96,302,34.63426847948271
96,303,35.21356943339388
96,304,38.858004715143075
96,305,39.8256416232353
96,306,43.05333214258626
96,307,44.61994904801947
96,308,48.14376619712148
96,309,49.49785406167672
96,310,53.29614446400046
96,311,54.99428716600956
96,312,58.59739931671924
96,313,61.022768261049194
96,314,61.79379523631366
96,315,63.233967319426455
96,316,66.63736201204762
96,317,68.39080299249858
96,318,72.14936385628896
97,1,92.93093577014346
97,2,93.38325010964694
97,3,89.70511928500208
97,4,86.20839830535664
97,5,82.7631527325124
97,6,79.46882523275133
97,7,76.22765966714817
97,8,72.71832763131118
97,9,69.73808520347382
97,10,66.24739785795285
97,11,64.88796770639841
97,12,63.34140156455548
97,13,61.72366980642709
97,14,62.3424359395916
97,15,58.74976031096589
97,16,56.34150729594621
97,17,52.7649946989662
97,18,51.34804459667441
97,19,49.18308339491709
97,20,48.0199253356178
97,21,48.99532895334235
97,22,48.70078491591636
97,23,51.5734632427539
97,24,51.796201376507504
97,25,49.44933825071316
97,26,51.49212663504184
97,27,53.946600983693145
97,28,55.54953457214692
97,29,55.3098457011168
97,30,56.64961748655452
97,31,53.336817293894725
97,32,49.60907294921469
97,33,46.44747961017317
97,34,42.99531032313975
97,35,40.1774853303884
97,36,37.22814294528724
97,37,35.92155468182034
97,38,35.32899168290515
97,39,35.674506202927944
97,40,34.01758691380862
97,41,35.23529042704177
97,42,32.288761911033625
97,43,31.65207677359968
97,44,29.399862972735892
97,45,31.709125048809998
97,46,30.93658915174375
97,47,32.53917930136472
97,48,32.184886505273965
97,49,28.416083714532217
97,50,27.199163802370165
97,51,25.462381536431486
97,52,23.704830467726865
97,53,23.84225949794718
97,54,21.232369399047908
97,55,23.612889958613508
97,56,22.17958518095831
97,57,19.10254903825203
97,58,15.594365169996294
97,59,14.476298686576492
97,60,12.022755597252733
97,61,15.05927182278693
97,62,17.318641580308633
97,63,15.27759531776073
97,64,15.404313823102328
97,65,18.938772842347355
97,66,19.487435794098957
97,67,23.329933307835226
97,68,23.970409479851785
97,69,21.808595369240855
97,70,23.91563639787929
97,71,25.69504741700471
97,72,22.776286660662567
97,73,23.00163497279875
97,74,23.52042590454005
97,75,23.365546410025985
97,76,23.022845543445957
97,77,22.771568493617494
97,78,23.1230144314873
97,79,21.49972055134256
97,80,19.509987817633544
97,81,20.394405260802216
97,82,18.427817169312295
97,83,20.798945116707564
97,84,20.732640603064528
97,85,22.612955005526096
97,86,19.841443800146887
97,87,19.175640229087165
97,88,17.955979952887088
97,89,20.915346497741787
97,90,19.917872673773132
97,91,18.637641589068608
97,92,16.34058184056087
97,93,12.82297572322478
97,94,9.376329703415113
97,95,6.086942000125309
97,96,3.803839444983289
97,98,3.8063399286811084
97,99,5.472883179351571
97,100,5.529417590596561
97,101,6.735259673146534
97,102,8.792438313628773
97,103,10.119899243577308
97,104,11.327521788288417
97,105,12.79341284875702
97,106,14.397080974009087
97,107,15.732701295641375
97,108,17.158513487047976
97,109,19.097800357389616
97,110,19.92335780058299
97,111,19.2549270472007
97,112,22.03745958070011
97,113,21.785875411449688
97,114,24.21136824257198
97,115,25.153998387702263
97,116,26.01239662254612
97,117,28.46438450067279
97,118,26.524573820932446
97,119,29.19258726304909
97,120,28.245805191315835
97,121,31.488944734470827
97,122,32.464387996150215
97,123,29.853580145226626
97,124,29.941828098338856
97,125,27.69567109480909
97,126,26.564567635493948
97,127,25.785505291560412
97,128,25.665352776376707
97,129,25.36501421588043
97,130,27.310410910064068
97,131,24.164321482961082
97,132,23.423300310075568
97,133,26.928252440153596
97,134,27.804545456118003
97,135,31.39385707798216
97,136,33.53065650575336
97,137,32.04931629079438
97,138,28.751423405269573
97,139,26.04113855699552
97,140,22.42106352071056
97,141,19.726514862715334
97,142,21.833915210364122
97,143,19.62381871353037
97,144,18.92420188075316
97,145,21.777112412687543
97,146,22.181656076387416
97,147,24.48272612832931
97,148,26.793855676676547
97,149,30.04403349775693
97,150,33.012940568699214
97,151,36.342022361865205
97,152,35.78210550129374
97,153,33.50870161580019
97,154,29.928607307112884
97,155,30.26885832130235
97,156,27.955475830873034
97,157,26.513768157207053
97,158,26.449320870838108
97,159,26.060358352752477
97,160,25.633470850979148
97,161,24.87118319566825
97,162,25.84510106951069
97,163,24.97527622705226
97,164,28.464679016158314
97,165,27.61640502561732
97,166,27.43842423142137
97,167,23.96678509947143
97,168,20.355794975921512
97,169,19.049395359524034
97,170,15.586407807035027
97,171,15.318519118494766
97,172,13.3666812874211
97,173,14.142202228811065
97,174,13.581786971028121
97,175,15.085140719788399
97,176,17.43277231804806
97,177,17.833184959537263
97,178,21.454602258751006
97,179,23.105052482995347
97,180,26.41284367691735
97,181,27.941333474879716
97,182,30.187897310882484
97,183,27.37955918194674
97,184,25.885639297784625
97,185,29.294537364198057
97,186,30.478806003719455
97,187,27.595443473369777
97,188,26.906240561065953
97,189,29.987956945299402
97,190,28.553949131026698
97,191,28.055545755279653
97,192,24.728098218496118
97,193,22.627458214437254
97,194,20.37894724022172
97,195,18.215408326786406
97,196,18.16872122069904
97,197,17.120466818130737
97,198,18.443640711337462
97,199,19.8110844900164
97,200,22.241721635600594
97,201,19.64175258226992
97,202,16.7367573166387
97,203,16.611236151291727
97,204,13.99057167006163
97,205,15.888465963246405
97,206,14.937416954496154
97,207,17.57464520060029
97,208,17.58678718000595
97,209,18.220228025950785
97,210,21.445410183419288
97,211,21.360182568986026
97,212,22.69752880818482
97,213,20.085164953309825
97,214,21.03765775671143
97,215,22.39683695673219
97,216,20.492443282053195
97,217,22.788718387593825
97,218,25.14019715296209
97,219,22.806668771920275
97,220,21.673713010499853
97,221,19.80109964317303
97,222,16.19654851530503
97,223,14.269726192473371
97,224,10.895083132274296
97,225,9.580058927923291
97,226,8.95454416053464
97,227,10.191209892985748
97,228,12.848796849149098
97,229,14.95822741746295
97,230,18.61722624487514
97,231,20.862775741028436
97,232,24.525789341429732
97,233,26.550018322221284
97,234,23.788206803440126
97,235,23.48976914448927
97,236,20.9709420511837
97,237,21.95890787384047
97,238,20.891811081336055
97,239,22.382190747016597
97,240,22.418585240267422
97,241,25.04392095805221
97,242,23.411431510075406
97,243,20.50580777892875
97,244,19.341886398404046
97,245,18.114538717519387
97,246,19.277609406216754
97,247,18.77658322002981
97,248,21.884542828668597
97,249,21.460140982310715
97,250,19.492503760067823
97,251,18.43885176804203
97,252,20.24597693461889
97,253,18.50115386063861
97,254,20.326157714024482
97,255,20.469065620919178
97,256,22.153724943191424
97,257,22.359843466441646
97,258,20.054546778969467
97,259,17.647878602673952
97,260,16.643522229270047
97,261,18.207316049269195
97,262,18.388846056698856
97,263,22.12270281444673
97,264,24.787473924198597
97,265,27.548367218578324
97,266,29.630094256252676
97,267,30.15358566478768
97,268,33.71145576961372
97,269,35.93398269185644
97,270,36.33970525289728
97,271,35.50794251504931
97,272,33.42974525860526
97,273,31.471040436290757
97,274,29.342327204675797
97,275,26.866941465495884
97,276,25.599780812972394
97,277,24.098859829164965
97,278,27.68922705410197
97,279,28.932867668729102
97,280,30.55498812979401
97,281,32.64008796906698
97,282,35.3475789732151
97,283,35.21446647047578
97,284,38.901493013128274
97,285,38.125957207935755
97,286,36.36625214521085
97,287,34.39676926806274
97,288,32.524289098712174
97,289,31.724367955089424
97,290,29.981559419358423
97,291,26.24458303375972
97,292,24.16069548827517
97,293,21.750663766386964
97,294,23.671136286556735
97,295,23.72342214746849
97,296,26.710941143565744
97,297,29.8652809454096
97,298,29.8084592248146
97,299,31.790568199073157
97,300,30.224771139160744
97,301,28.934545999900475
97,302,31.272900160226385
97,303,32.03555859489103
97,304,35.69389635626895
97,305,36.808797635351056
97,306,39.92846750968711
97,307,41.32609269830681
97,308,44.83911356628657
97,309,46.071608891388145
97,310,49.8701130516643
97,311,51.56617168878931
97,312,55.17158321974188
97,313,57.566983071825334
97,314,58.391055496677005
97,315,59.93034381984257
97,316,63.34678022656137
97,317,65.19387422144598
97,318,68.96779193263357
98,1,91.53741391827762
98,2,92.12695856973397
98,3,88.48952131704581
98,4,84.93497585419182
98,5,81.5152333435602
98,6,78.22631325041557
98,7,74.99486560819135
98,8,71.52285145202596
98,9,68.47400171100243
98,10,64.91120814121295
98,11,63.37218804480988
98,12,61.78428895431726
98,13,60.00294195461894
98,14,60.55264329054547
98,15,56.971953392106094
98,16,54.709835508146966
98,17,51.212046997755685
98,18,50.01582920731736
98,19,48.029498058503286
98,20,47.1431166464995
98,21,48.35513923590872
98,22,48.35474387601619
98,23,51.223636411574894
98,24,51.19460452886454
98,25,48.701575401450185
98,26,50.50958548277301
98,27,52.911776085218875
98,28,54.286898756117175
98,29,53.98482473021139
98,30,55.121870794743344
98,31,51.72063210261526
98,32,48.046371802889354
98,33,44.78011161935977
98,34,41.31267830981197
98,35,38.6724831229664
98,36,35.62160211615334
98,37,33.99031288377685
98,38,33.274335660825386
98,39,33.27797340682223
98,40,31.3700014364294
98,41,32.30993493068502
98,42,29.249488106595905
98,43,28.47317056299002
98,44,26.28586032825627
98,45,28.65736846361106
98,46,27.824750035757276
98,47,29.68634046675914
98,48,29.571399359541953
98,49,25.804853643720662
98,50,24.357281614774728
98,51,22.351920633663603
98,52,20.37550167097513
98,53,20.266484358577344
98,54,17.5265116054418
98,55,19.826413351696814
98,56,18.38153144154041
98,57,15.318898577344616
98,58,11.803768660899784
98,59,10.929961961732127
98,60,8.564968294771681
98,61,11.58025144102492
98,62,13.958045211317847
98,63,12.405781834408103
98,64,12.746315200072669
98,65,16.01359297558387
98,66,16.308484410796027
98,67,20.126890575378365
98,68,20.46254924022668
98,69,18.29530818768294
98,70,20.643554525741177
98,71,22.28846553716676
98,72,19.4602792664401
98,73,20.046811888484694
98,74,20.87005100779022
98,75,20.454734989749138
98,76,20.32771148612031
98,77,20.012509764533362
98,78,20.633305179501463
98,79,18.724311676155867
98,80,16.350424405603437
98,81,17.016275786954086
98,82,14.845629733825703
98,83,17.181602047449964
98,84,17.258042533294642
98,85,18.993026905192565
98,86,16.11667389618541
98,87,15.595784523470458
98,88,14.560479621072078
98,89,17.716089368824917
98,90,17.076639737871922
98,91,16.35869624511022
98,92,14.239042781531298
98,93,10.978000346776943
98,94,8.08318344730186
98,95,4.99023762502841
98,96,5.404339318980099
98,97,3.8063399286811084
98,99,3.8166350321230853
98,100,5.5429791692734955
98,101,5.433909346840757
98,102,6.132331602828058
98,103,8.576971556995627
98,104,10.344630316471315
98,105,10.849986149489848
98,106,12.068730138587513
98,107,14.184131311556895
98,108,15.635314698353673
98,109,16.915376688581887
98,110,17.629026809882358
98,111,16.79223595880193
98,112,19.922268182886842
98,113,19.901718122741613
98,114,22.724881381464066
98,115,23.758968846119597
98,116,25.135311682777758
98,117,27.771436627174374
98,118,26.10925291952945
98,119,28.91349507827268
98,120,28.049823093498553
98,121,31.453469270612377
98,122,32.40286700961242
98,123,29.529643636856267
98,124,29.1485665884386
98,125,26.62691887028469
98,126,25.022489944793197
98,127,24.294828084913867
98,128,23.747941292004167
98,129,23.30012587324862
98,130,24.95070157585315
98,131,21.67876250963513
98,132,20.73496668776836
98,133,24.096257466534226
98,134,24.862265035591864
98,135,28.3426712047266
98,136,30.597710156834633
98,137,29.408671412081212
98,138,26.301659999979293
98,139,23.592614711061323
98,140,20.098857747399915
98,141,17.2899682728607
98,142,19.396505300315027
98,143,17.590196455657708
98,144,17.332893282202075
98,145,20.513520429802366
98,146,21.086919489254495
98,147,23.847889040968315
98,148,26.286671540997553
98,149,29.767467995207113
98,150,32.61295088773396
98,151,36.03105497202695
98,152,35.729064122915396
98,153,33.72728250594298
98,154,30.21882840880216
98,155,30.87999664808896
98,156,28.91487785683812
98,157,27.235454614725516
98,158,27.412109918336455
98,159,26.715268420367572
98,160,26.390114125496602
98,161,25.25483132057361
98,162,26.424271923421088
98,163,25.375532766302285
98,164,28.76615959236195
98,165,27.60175191789214
98,166,27.532991441079083
98,167,23.88583395444041
98,168,20.450030871996127
98,169,18.85024806875841
98,170,15.183735444169194
98,171,14.955604358727003
98,172,12.53744357816239
98,173,13.711175273942592
98,174,13.288037242764547
98,175,15.239483771200678
98,176,17.170224125302585
98,177,17.860895787270508
98,178,21.26627851548559
98,179,22.886986776741594
98,180,26.41386021131963
98,181,28.28194880237437
98,182,30.14747172819083
98,183,27.055025872106786
98,184,26.00037014769451
98,185,29.48149730238519
98,186,30.20229769973484
98,187,27.24819661369409
98,188,27.03049473887893
98,189,30.321281713239728
98,190,29.344913772547763
98,191,28.987617468860453
98,192,25.923962717466313
98,193,23.710421559762803
98,194,21.797710856361107
98,195,19.482315718855645
98,196,19.85230337332275
98,197,18.57706860666194
98,198,20.254598282590344
98,199,21.56392367465736
98,200,24.31920703433304
98,201,22.016456641678165
98,202,19.213104474913305
98,203,19.090193389371123
98,204,16.33232706312958
98,205,18.17404446601518
98,206,16.874220896989314
98,207,19.332782661933976
98,208,18.69022085899176
98,209,19.22636106204074
98,210,22.05885506085879
98,211,21.74418334660223
98,212,22.550553832684272
98,213,19.65462168396451
98,214,20.070528202461666
98,215,20.87907929997642
98,216,18.470944846984438
98,217,20.37935456669424
98,218,23.097972186721304
98,219,21.168667455228913
98,220,20.609071050973792
98,221,18.9384362151335
98,222,15.296201114220397
98,223,13.399175879563344
98,224,10.6671145998971
98,225,8.958472834789577
98,226,9.410098973289903
98,227,10.552007497560812
98,228,13.750520911328636
98,229,15.71692438091049
98,230,19.458908529520837
98,231,21.79254417455297
98,232,25.24029603539727
98,233,27.561697955401595
98,234,25.030992558299758
98,235,24.569519987683407
98,236,21.90309862074231
98,237,23.12840707442888
98,238,21.835805377466112
98,239,23.594746522849224
98,240,23.436210798760047
98,241,26.007907280432622
98,242,23.98620524936159
98,243,20.751403040764632
98,244,19.472501660293922
98,245,17.56379767306788
98,246,18.793732293963224
98,247,17.9650088326692
98,248,20.700822235995403
98,249,20.44171417263123
98,250,18.554758092773117
98,251,17.08020842603079
98,252,19.01726186202657
98,253,17.58131574507111
98,254,19.30981229168397
98,255,19.65503547206991
98,256,20.9449616062675
98,257,20.799562001518364
98,258,18.045544409567132
98,259,15.460314060550253
98,260,13.895809264717908
98,261,15.3417862210456
98,262,15.284404816797572
98,263,18.93642722342134
98,264,21.416263813658336
98,265,24.238889381910003
98,266,26.15650419728952
98,267,26.735807681464518
98,268,30.357849212925913
98,269,32.66136529857419
98,270,33.286126909203055
98,271,32.712203561789785
98,272,30.828550331995658
98,273,29.168281255466304
98,274,27.069348471858152
98,275,24.331021516671182
98,276,23.1049201474268
98,277,21.33350700647569
98,278,24.92435379155896
98,279,26.035786457523045
98,280,27.82765028920773
98,281,30.184830433953888
98,282,33.048206736409135
98,283,33.25096129016563
98,284,36.9964085834043
98,285,36.433103682535105
98,286,35.003882338263686
98,287,33.022808459973035
98,288,30.881027570601375
98,289,30.041044369379975
98,290,27.933227632286076
98,291,24.313923760926045
98,292,22.66183501970097
98,293,19.89795838944881
98,294,21.706089885937875
98,295,21.664642377888192
98,296,24.769419011938336
98,297,28.12384663276271
98,298,28.068189431750557
98,299,30.260946970903234
98,300,29.052607702574704
98,301,27.699264612042157
98,302,30.231698335009327
98,303,30.99137094414538
98,304,34.52107865914833
98,305,35.27293903439099
98,306,38.42964797335228
98,307,40.03872275927585
98,308,43.47149536457949
98,309,44.809049648144615
98,310,48.60083124464112
98,311,50.15697881564434
98,312,53.79814909655774
98,313,56.35055828441574
98,314,57.22656607974876
98,315,58.58248735094728
98,316,62.05032675605213
98,317,63.728025579226724
98,318,67.4660698733625
99,1,87.93864056879394
99,2,88.47852045610546
99,3,84.82926765790215
99,4,81.29153116836811
99,5,77.86836206786066
99,6,74.57042467541082
99,7,71.3426295069596
99,8,67.85342841992157
99,9,64.83295226057314
99,10,61.29179221642622
99,11,59.825593516124215
99,12,58.28416534295922
99,13,56.595056533007494
99,14,57.23277213549234
99,15,53.67052932617377
99,16,51.30683576505866
99,17,47.78665785093598
99,18,46.5459343543653
99,19,44.46029413747973
99,20,43.52459269996011
99,21,44.66175314281186
99,22,44.64965519649275
99,23,47.570574409824225
99,24,47.59556961461297
99,25,45.17822355448429
99,26,47.00166306122549
99,27,49.346160999140025
99,28,50.76690990014431
99,29,50.41951052125847
99,30,51.607650720806994
99,31,48.22849772965031
99,32,44.527755469037245
99,33,41.28961526161465
99,34,37.84616854547719
99,35,35.10591380173842
99,36,32.1262610691583
99,37,30.64412686687388
99,38,30.090191658308417
99,39,30.3279958674691
99,40,28.601797812992277
99,41,29.838467717406818
99,42,26.981092140358907
99,43,26.34707970648625
99,44,24.074376293853366
99,45,26.43644106722936
99,46,25.891305459746775
99,47,27.500893383433446
99,48,27.23376631792655
99,49,23.528353836409202
99,50,22.563346230542262
99,51,20.644796906062204
99,52,19.251916321264126
99,53,19.35850215766541
99,54,17.167543314860882
99,55,19.68256252278374
99,56,18.886383618139106
99,57,15.963438527094707
99,58,12.20395875765116
99,59,11.06624758022095
99,60,9.931021611424944
99,61,13.333479354228949
99,62,15.147934995065944
99,63,13.806225469220747
99,64,15.059220575074638
99,65,18.107803462529922
99,66,18.53548399404722
99,67,22.24119544012916
99,68,22.083552888196735
99,69,19.597114627211834
99,70,22.077617425540524
99,71,23.134810406360142
99,72,20.015972975157283
99,73,20.935254036581274
99,74,21.31432396926111
99,75,20.34230527776186
99,76,19.546946917862588
99,77,18.608832649184325
99,78,18.57602682012816
99,79,16.56446084436337
99,80,14.734872349758806
99,81,15.421033966656765
99,82,13.751603774308483
99,83,16.365230233531502
99,84,16.703294917172833
99,85,19.066407048326795
99,86,16.585668426601423
99,87,16.90844451393625
99,88,16.620813862747394
99,89,20.079588547631936
99,90,19.918921691166748
99,91,19.656996128651755
99,92,17.582464930797908
99,93,14.551069101287222
99,94,11.76657444516041
99,95,8.805554741323204
99,96,8.560350975446303
99,97,5.472883179351571
99,98,3.8166350321230853
99,100,3.8089056722687302
99,101,5.635910353213281
99,102,5.079110459004823
99,103,6.035227096201517
99,104,8.793865984661352
99,105,10.0768413789001
99,106,10.345926254597167
99,107,12.002075361319475
99,108,14.242624478562934
99,109,15.541594000927686
99,110,17.051792063151247
99,111,17.038519752191778
99,112,20.29615666912797
99,113,20.940972748824542
99,114,23.936488057063393
99,115,25.494356911880388
99,116,27.01386815792261
99,117,29.934618821229027
99,118,28.587335669822014
99,119,31.62073725179684
99,120,31.069384647051876
99,121,34.560399515085365
99,122,35.73145520589388
99,123,32.943073400362366
99,124,32.56210813165654
99,125,29.88012920120012
99,126,28.195919071184857
99,127,27.701361641767143
99,128,27.074435186522386
99,129,26.640431042023486
99,130,28.10140692473492
99,131,24.74831065412169
99,132,23.657438823536104
99,133,26.82443933631269
99,134,27.34331521280172
99,135,30.678548117778803
99,136,33.13903556997858
99,137,32.24592440238127
99,138,29.32785463348362
99,139,26.551700684802064
99,140,23.13321665794575
99,141,20.099758923617248
99,142,21.82714952447113
99,143,19.970004681801786
99,144,20.248061664379925
99,145,23.628191129714953
99,146,24.520855875450387
99,147,27.324658059655594
99,148,29.911646922197193
99,149,33.40919381259681
99,150,36.161695235713495
99,151,39.63214626558691
99,152,39.420656541384965
99,153,37.35295202751235
99,154,33.7944074974269
99,155,34.2923952399233
99,156,32.18278042211491
99,157,30.3563659025048
99,158,30.221072145029652
99,159,29.28919740686012
99,160,28.559080890512128
99,161,27.13545845228022
99,162,27.847437632709667
99,163,26.339046281855783
99,164,29.50255132714766
99,165,27.964392853802135
99,166,27.38856958368643
99,167,23.67828553243532
99,168,20.45515551698562
99,169,19.480378499921105
99,170,16.088589374935633
99,171,16.724047567954347
99,172,14.903887045754097
99,173,16.70248299516492
99,174,16.769641180813267
99,175,18.918333837882503
99,176,20.967866638100894
99,177,21.65324737861212
99,178,25.049844100853296
99,179,26.559399769084976
99,180,30.11504373873136
99,181,32.02146442329492
99,182,33.935424088862725
99,183,30.85436291062722
99,184,29.80754526680843
99,185,33.28458443301948
99,186,34.0109897111342
99,187,31.027986749356884
99,188,30.772327936954678
99,189,34.07502053660459
99,190,33.0281198676659
99,191,32.671473423396534
99,192,29.524152842990617
99,193,27.294734728877124
99,194,25.186918029530315
99,195,22.747193028764578
99,196,22.710217005032717
99,197,21.112594582019796
99,198,22.27834269714767
99,199,23.058726886434428
99,200,25.47959816448658
99,201,22.852336460098833
99,202,20.48674660926006
99,203,20.987173235310674
99,204,18.689146891816037
99,205,20.93307309644828
99,206,20.040397621798284
99,207,22.68202388799697
99,208,22.299926502275866
99,209,22.792323971656213
99,210,25.696768337318918
99,211,25.2435721228851
99,212,25.965842759584334
99,213,22.912233254908198
99,214,23.031753071535995
99,215,23.88386689628986
99,216,21.382287635616297
99,217,23.22485771860366
99,218,26.177104544409882
99,219,24.523939642667074
99,220,24.047414423310016
99,221,22.59838004901514
99,222,19.013029079665053
99,223,17.191849048449836
99,224,14.462501062448816
99,225,12.528883062280077
99,226,12.410150813047013
99,227,12.660838842447575
99,228,15.300470735373576
99,229,16.473800780772
99,230,20.27829271229032
99,231,22.036701400122222
99,232,25.476631805923642
99,233,28.105979569340853
99,234,25.903068537465145
99,235,25.974899969719445
99,236,23.718046271305095
99,237,25.354828861267652
99,238,24.510049622258776
99,239,26.51324441947906
99,240,26.690215707168758
99,241,29.437571628244303
99,242,27.5906934943968
99,243,24.444550109820955
99,244,22.985230604573744
99,245,21.01797381889413
99,246,21.89820672186756
99,247,20.6327202417375
99,248,23.108364481168106
99,249,22.350569874857364
99,250,19.96086471022382
99,251,17.92055653535874
99,252,19.16279037776704
99,253,17.12689889262992
99,254,18.138934419069795
99,255,17.795240402125494
99,256,18.676019742679856
99,257,18.166631029079653
99,258,15.709233120646227
99,259,12.81114718204657
99,260,11.469588261293149
99,261,12.803526616728583
99,262,13.19095476310269
99,263,16.9794259396003
99,264,19.913255997668585
99,265,22.438366918160337
99,266,24.63408209034754
99,267,25.107496043111006
99,268,28.600973144815914
99,269,30.864365620975505
99,270,31.10806882661531
99,271,30.26420590961636
99,272,28.093187363669742
99,273,26.22564996581049
99,274,23.977447790371347
99,275,21.423580193454626
99,276,20.136122705833174
99,277,18.71564095874038
99,278,22.357260128517545
99,279,23.515196677591753
99,280,25.09166269332399
99,281,27.176503153819713
99,282,29.923930690798848
99,283,29.91174746793413
99,284,33.61962661789601
99,285,32.92555237425654
99,286,31.360669028122214
99,287,29.39160926212243
99,288,27.382968648404773
99,289,26.668019404267614
99,290,24.75929958857617
99,291,21.06357376268133
99,292,19.151463180063235
99,293,16.48327914718604
99,294,18.32360439842855
99,295,18.441537682825214
99,296,21.586971505640676
99,297,24.789877994229535
99,298,24.610083672472346
99,299,26.676736846335743
99,300,25.342792658616293
99,301,24.050353552044207
99,302,26.60696488488949
99,303,27.521100566140085
99,304,31.06171738927184
99,305,31.952206271560737
99,306,35.016816451683766
99,307,36.482412449343535
99,308,39.91713436808122
99,309,41.170648223978255
99,310,44.96637607691561
99,311,46.548644001792866
99,312,50.18504993039868
99,313,52.69878677086898
99,314,53.59791282188713
99,315,55.03502200833141
99,316,58.507588712706315
99,317,60.26740024627027
99,318,64.02117482894072
100,1,88.7244043867708
100,2,89.14088182415007
100,3,85.48864944603191
100,4,81.98116915192138
100,5,78.60780576357791
100,6,75.22988404697635
100,7,72.08805256953538
100,8,68.5238024943223
100,9,65.63532553803375
100,10,62.13394068719694
100,11,60.830146834007095
100,12,59.494440770555244
100,13,57.98712621717198
100,14,58.84985548436992
100,15,55.36530429187221
100,16,52.837151259763615
100,17,49.325445093897606
100,18,48.07896464349916
100,19,45.77353937169537
100,20,44.7289693638722
100,21,45.59301967089817
100,22,45.44076817572931
100,23,48.52222849112492
100,24,48.79284208627949
100,25,46.602599613923175
100,26,48.48738550725105
100,27,50.673625351366475
100,28,52.166378272976544
100,29,51.62956327969105
100,30,52.820526338023114
100,31,49.42917995213439
100,32,45.70179030462254
100,33,42.43251606597564
100,34,39.13686350017547
100,35,36.17158274673587
100,36,33.46203614071498
100,37,32.106648402218624
100,38,31.96606368468031
100,39,32.33052674084876
100,40,30.575813391003884
100,41,31.855728179054857
100,42,29.25072740313473
100,43,28.32875591234352
100,44,25.689260826744533
100,45,27.63241963790825
100,46,26.774571655423888
100,47,27.96851136431891
100,48,27.335336800363297
100,49,23.590668286745924
100,50,22.664620909900734
100,51,21.33905852139648
100,52,20.087504491251075
100,53,20.869475375458837
100,54,18.91825105984676
100,55,21.85212353413356
100,56,21.28122590334798
100,57,18.016464625208535
100,58,14.323684942230525
100,59,12.259479037055907
100,60,11.004405604293584
100,61,14.711258466787745
100,62,15.915663584458358
100,63,13.76312529877382
100,64,15.232501883303645
100,65,18.568811333971666
100,66,19.713756853103114
100,67,23.418923331662768
100,68,23.655178601436276
100,69,20.82877175768911
100,70,22.77831160811971
100,71,23.85986858952735
100,72,20.480667476990163
100,73,20.80340242838646
100,74,20.61055303558973
100,75,20.007068542384527
100,76,18.949037907533242
100,77,18.355326606359014
100,78,18.25776060946184
100,79,16.985631852603355
100,80,15.643054384406954
100,81,17.148976212384987
100,82,16.1085330605407
100,83,19.154815909342844
100,84,19.96614893261988
100,85,22.19579553551551
100,86,19.465373998478924
100,87,19.750508969468502
100,88,19.049702153194808
100,89,22.263332631987332
100,90,21.60214425292718
100,91,21.168500126092987
100,92,19.47642393081553
100,93,16.09102231618033
100,94,13.316053555180504
100,95,9.731114187874343
100,96,8.943937828677619
100,97,5.529417590596561
100,98,5.5429791692734955
100,99,3.8089056722687302
100,101,3.8090931356628306
100,102,5.3354613128804464
100,103,4.957408979286621
100,104,6.261631870703081
100,105,8.553784742585348
100,106,9.720317715588036
100,107,10.427758657986665
100,108,12.259074643243034
100,109,14.389877030810691
100,110,15.856274270037522
100,111,16.078026694004386
100,112,18.88997902360671
100,113,19.45256581216003
100,114,22.111922410274893
100,115,23.838645198835437
100,116,25.019894380021796
100,117,27.988063707901052
100,118,26.713222237678814
100,119,29.859038806852528
100,120,29.597519715889
100,121,33.09709643405432
100,122,34.58606826589326
100,123,32.08747343401748
100,124,32.03315976286393
100,125,29.321998759516354
100,126,27.991763513066797
100,127,27.871542936533423
100,128,27.72927671477288
100,129,27.788502977384884
100,130,29.65274768455375
100,131,26.55086775833142
100,132,25.140686758089146
100,133,28.272963711828943
100,134,28.47801936187219
100,135,31.927636316121614
100,136,34.54904202970779
100,137,33.439800118433254
100,138,30.448201952810333
100,139,27.389990170308746
100,140,23.79236466951804
100,141,20.526579222479477
100,142,21.83004556132949
100,143,19.405417234779105
100,144,19.73624612353314
100,145,23.051632564413953
100,146,24.295439762883955
100,147,26.803806698939795
100,148,29.620001228764377
100,149,33.003047384773446
100,150,35.60282803902369
100,151,39.127888229658296
100,152,39.02087661682152
100,153,36.6722073690236
100,154,32.990367832321475
100,155,33.07974101585324
100,156,30.70161305886546
100,157,28.69100511493145
100,158,28.127943980027606
100,159,27.02736889758309
100,160,25.930063082248296
100,161,24.437472745666895
100,162,24.804838652270213
100,163,23.1617520580108
100,164,26.279573308120536
100,165,24.794587411457
100,166,24.072278553260983
100,167,20.443652466671647
100,168,17.15011692550713
100,169,16.499041283041727
100,170,13.352078516743669
100,171,14.412917502042406
100,172,13.334496875415713
100,173,15.470934317205842
100,174,16.16851979415132
100,175,18.60464529467796
100,176,21.22221612579966
100,177,22.296086447085724
100,178,25.910123470463056
100,179,27.827954072403077
100,180,31.193202563149036
100,181,32.70978679791032
100,182,34.68015005714381
100,183,31.632040066617535
100,184,30.19179693655583
100,185,33.47118106136685
100,186,34.356221757992024
100,187,31.181230479366143
100,188,30.53367095707927
100,189,33.85526005188553
100,190,32.61926773500867
100,191,32.5514930508539
100,192,29.22177052393313
100,193,26.71448414172173
100,194,24.188657824586315
100,195,21.439121231516783
100,196,20.820967596679274
100,197,18.829692928032397
100,198,19.50306858137341
100,199,19.881293915288378
100,200,22.105059502390535
100,201,19.401535028528727
100,202,17.32808379984641
100,203,18.29149368161751
100,204,16.48686135034337
100,205,19.22673054629402
100,206,19.000893541926203
100,207,22.082099760795224
100,208,22.252511677585904
100,209,23.301430751214
100,210,26.46747571980573
100,211,26.519118308984282
100,212,27.683006870265352
100,213,24.94378669601511
100,214,25.531131564716834
100,215,26.41876167200821
100,216,23.97569975335635
100,217,25.72149123627482
100,218,28.506059837428282
100,219,26.548301747747455
100,220,25.991179904358724
100,221,24.067066192757633
100,222,20.33360195051347
100,223,17.956416226194786
100,224,14.838851063494404
100,225,12.33541042474775
100,226,11.090630264580719
100,227,10.420628848828827
100,228,12.393898688019885
100,229,13.139320638183975
100,230,16.913655466311198
100,231,18.450593343635227
100,232,21.953775963848788
100,233,24.56934886894212
100,234,22.433896664467298
100,235,22.78889404536245
100,236,20.83445620487062
100,237,22.719284031198274
100,238,22.340790291367025
100,239,24.57911798623042
100,240,25.25233417854012
100,241,28.301739241425867
100,242,26.88571935683798
100,243,24.068373624947633
100,244,22.190981075417138
100,245,20.435131711883635
100,246,20.75438781745887
100,247,19.233143351702015
100,248,21.741000264512493
100,249,20.50182324465679
100,250,17.78533503711782
100,251,15.865982631268801
100,252,16.809952351627082
100,253,14.443704346316817
100,254,15.58847741675787
100,255,15.265781992016565
100,256,16.73817542392059
100,257,16.91882754594625
100,258,14.855579705322251
100,259,12.650781144613854
100,260,12.406342323598603
100,261,14.583262721753027
100,262,15.782700899576826
100,263,19.563838742335985
100,264,22.689779945312107
100,265,24.876871374522043
100,266,26.84121476242164
100,267,26.837922976641778
100,268,30.163700011171
100,269,32.05397934672363
100,270,32.14796662613207
100,271,30.962656925935644
100,272,28.832488694288898
100,273,26.603895536230294
100,274,24.724587825129714
100,275,22.59673439547298
100,276,21.818573087003823
100,277,20.945338565082025
100,278,24.68774663753077
100,279,25.464525924114753
100,280,26.572683731280417
100,281,28.554029576144636
100,282,30.95949161049352
100,283,30.59834859800656
100,284,34.29457654233182
100,285,33.735106767074974
100,286,31.938134206050425
100,287,30.325490218719164
100,288,28.707760643673133
100,289,28.431171849508072
100,290,26.74036860735606
100,291,23.03528906711171
100,292,20.769975802722488
100,293,18.10098853461929
100,294,19.419478605019815
100,295,18.99369046686216
100,296,21.694458525959497
100,297,24.834368061940896
100,298,25.122442960192107
100,299,27.336688494553847
100,300,25.99224397361775
100,301,25.193507387363947
100,302,27.904462527877218
100,303,29.214184562304183
100,304,32.747411208650924
100,305,33.86056000401024
100,306,36.69976596249082
100,307,37.83224482484185
100,308,41.19590744408083
100,309,42.130575360346775
100,310,45.91423075746981
100,311,47.37760979920638
100,312,51.05198924007816
100,313,53.56076890485967
100,314,54.64228343525612
100,315,56.279223273845744
100,316,59.79129241083608
100,317,61.71119228027802
100,318,65.47914561810896
101,1,90.48249369026983
101,2,90.98825340044021
101,3,87.38171719353647
101,4,83.8279697939373
101,5,80.51117737387274
101,6,77.09972598724418
101,7,74.01583224703406
101,8,70.45712367826393
101,9,67.56253907915627
101,10,64.00364001534808
101,11,62.575277748358296
101,12,61.287512470106115
101,13,59.66901907006484
101,14,60.53713846261284
101,15,57.09543821702993
101,16,54.67790879770093
101,17,51.2594149979912
101,18,50.24452992338304
101,19,48.05187721253638
101,20,47.2382825690659
101,21,48.22463727614303
101,22,48.27610711106502
101,23,51.39863567163596
101,24,51.53371191187144
101,25,49.281507764791606
101,26,50.97416935229819
101,27,53.06460677592441
101,28,54.35545350588221
101,29,53.68630202024501
101,30,54.65414361343115
101,31,51.158946540583464
101,32,47.486508506185636
101,33,44.08309168840683
101,34,40.84027076186382
101,35,37.990461290451506
101,36,35.28388417764615
101,37,33.58709642343552
101,38,33.44916750929455
101,39,33.40763621360672
101,40,31.27535741889314
101,41,32.124491979810045
101,42,29.431072917475856
101,43,28.10338777029555
101,44,25.344341751848944
101,45,27.09416085444339
101,46,25.77875420217444
101,47,27.142334318640916
101,48,26.6288448974705
101,49,22.81345476115445
101,50,21.320883914697898
101,51,20.048841775759048
101,52,18.27801226874551
101,53,19.17059314012014
101,54,16.96252599643724
101,55,20.010736265529456
101,56,19.28599004558598
101,57,15.7451116096408
101,58,12.301997611907247
101,59,9.795110979738496
101,60,8.064628383521312
101,61,11.751381249220177
101,62,12.683790948830332
101,63,10.160239761524076
101,64,11.611721829813881
101,65,15.00093549483372
101,66,16.478962311059572
101,67,20.1351849269961
101,68,20.66442811570334
101,69,17.743687082608297
101,70,19.38397370438558
101,71,20.681512059591284
101,72,17.352937453211556
101,73,17.348017443993847
101,74,17.29331885357878
101,75,17.079768977830494
101,76,16.517049855053454
101,77,16.555590196395485
101,78,17.19647283513703
101,79,16.166231347878426
101,80,14.361712512472138
101,81,16.20571088075875
101,82,15.132944143513626
101,83,18.30326766987086
101,84,19.452456718293384
101,85,21.127339285843263
101,86,17.980712013222984
101,87,18.0068850909391
101,88,16.84945150890306
101,89,19.770564771185665
101,90,18.8045244199664
101,91,18.53244233833612
101,92,17.394783679635236
101,93,14.03287500211771
101,94,11.91983633620031
101,95,8.350139635620899
101,96,8.880229884816702
101,97,6.735259673146534
101,98,5.433909346840757
101,99,5.635910353213281
101,100,3.8090931356628306
101,102,3.8036646236398104
101,103,5.39027703055178
101,104,5.3907772532569895
101,105,6.110972890147265
101,106,8.360109862987109
101,107,9.83875760465036
101,108,10.6572056865184
101,109,12.558107865421311
101,110,13.232255063550372
101,111,12.83463111123012
101,112,15.620146594866451
101,113,15.893588498138614
101,114,18.614086305240985
101,115,20.211707404344985
101,116,21.564424812933243
101,117,24.56462828867502
101,118,23.395466875621533
101,119,26.604486778056042
101,120,26.429531855565482
101,121,30.022780805410026
101,122,31.57335769886129
101,123,29.00569144783416
101,124,28.773741789110876
101,125,25.900509781849774
101,126,24.472394970228482
101,127,24.572912082087004
101,128,24.488911654664225
101,129,24.81576493502876
101,130,26.810151370214385
101,131,23.913797910847975
101,132,22.16130347700301
101,133,25.165266956136247
101,134,25.135863206254804
101,135,28.61574559907993
101,136,31.332710838333345
101,137,30.168148405479375
101,138,27.226956258870416
101,139,24.019533948946087
101,140,20.409895897953714
101,141,17.01012290003303
101,142,18.10962990766779
101,143,15.624744120908625
101,144,16.13713152051267
101,145,19.562161447950647
101,146,21.06158027432838
101,147,23.693828467482042
101,148,26.69152116538076
101,149,30.15607898881441
101,150,32.574405400316444
101,151,36.17143578066474
101,152,36.31349031820131
101,153,34.05247575627277
101,154,30.390974270590743
101,155,30.57336096297525
101,156,28.414036854326415
101,157,26.159633664030185
101,158,25.7266936375988
101,159,24.384673632270708
101,160,23.418118313335835
101,161,21.724079817763226
101,162,22.401172357904777
101,163,20.850284074234523
101,164,24.023927968131744
101,165,22.551481729109522
101,166,22.27433091174382
101,167,18.575406978749058
101,168,15.251309798121095
101,169,13.937113967661816
101,170,10.467072526795311
101,171,11.238379075625604
101,172,9.888424250992328
101,173,12.356027349540076
101,174,13.46151922707126
101,175,16.359760107959367
101,176,18.97385396502068
101,177,20.57202664684412
101,178,24.108466113237764
101,179,26.336854980491566
101,180,29.67055945571453
101,181,31.142737923485534
101,182,32.78961895660511
101,183,29.55545273987298
101,184,28.201239143443427
101,185,31.36584400582343
101,186,31.961367053057263
101,187,28.628818359510927
101,188,28.120574087527288
101,189,31.60492920015841
101,190,30.674817225014433
101,191,30.931714914654624
101,192,27.763234459295305
101,193,24.988901103420968
101,194,22.58143854173881
101,195,19.574101100413664
101,196,19.180962031301217
101,197,16.946157305489933
101,198,18.004434284854455
101,199,18.49541027715159
101,200,21.18081886943363
101,201,19.017411299546477
101,202,16.845381051394227
101,203,17.557710064106477
101,204,15.579723370179616
101,205,18.29339159575904
101,206,17.954283337486075
101,207,21.06660884459104
101,208,20.95531937723844
101,209,22.345087852658793
101,210,25.311018658822587
101,211,25.625551757909413
101,212,26.721183409207704
101,213,24.13247782824302
101,214,24.78214781745493
101,215,25.21540996444557
101,216,22.530230114867265
101,217,23.848427275071213
101,218,26.62062106332713
101,219,24.67601719896153
101,220,24.497615356594917
101,221,22.30680101668537
101,222,18.525952505616704
101,223,15.764919720149672
101,224,12.969687849470631
101,225,9.868805015822662
101,226,8.823784889678612
101,227,7.8316985179878005
101,228,10.305630982078435
101,229,11.299969953075609
101,230,15.067199548843956
101,231,17.06083650989892
101,232,20.3582086590023
101,233,22.99717632220211
101,234,20.86969032168791
101,235,20.802579146071057
101,236,18.578005140542334
101,237,20.551713849025
101,238,19.961863285591942
101,239,22.442425722448487
101,240,23.068853340625047
101,241,26.164649938761077
101,242,24.623910948129
101,243,21.74843086324278
101,244,19.571124046849597
101,245,17.43898092974083
101,246,17.549131543970464
101,247,15.77196236281849
101,248,18.102737037664387
101,249,16.966194984256784
101,250,14.406705270834715
101,251,12.516779964962446
101,252,13.954213655191237
101,253,12.214653361484853
101,254,13.99630538658397
101,255,14.570055844363765
101,256,16.285006272953858
101,257,16.78401079864047
101,258,14.220960314419338
101,259,12.49699293284058
101,260,12.112934158189184
101,261,14.75229514753057
101,262,15.953698363979495
101,263,19.590457303116253
101,264,22.41355579587491
101,265,24.61144129441828
101,266,26.101304825718024
101,267,25.89910996730767
101,268,29.264305058913276
101,269,31.018529465709932
101,270,31.488016556036758
101,271,30.527663171819288
101,272,28.81601580290824
101,273,26.820025265183038
101,274,25.29297019012644
101,275,23.016368647759354
101,276,22.60986863428147
101,277,21.558955138391724
101,278,25.342679643009806
101,279,25.73764439715012
101,280,26.874222132536964
101,281,29.24811745897423
101,282,31.68952252529575
101,283,31.610494781762796
101,284,35.37967322506273
101,285,35.19488175734275
101,286,33.69096155477747
101,287,32.25189626784997
101,288,30.492626124586813
101,289,30.325000976192076
101,290,28.272492078019496
101,291,24.71543112223665
101,292,22.850103335856
101,293,19.773622174912248
101,294,20.696650699242788
101,295,19.774961718506695
101,296,22.312596076559018
101,297,25.72185492217604
101,298,26.35628002292329
101,299,28.941543410401177
101,300,28.03424507212967
101,301,27.382115411407867
101,302,30.331365764840996
101,303,31.730161929875667
101,304,35.134980655416
101,305,35.938432912739486
101,306,38.75400284413575
101,307,40.001362362967015
101,308,43.24848141985733
101,309,44.16461073924219
101,310,47.92870894895877
101,311,49.17442808601656
101,312,52.90403281812955
101,313,55.58215827430942
101,314,56.797592942032246
101,315,58.319853498020045
101,316,61.89754989515993
101,317,63.69517508394371
101,318,67.42697841131003
102,1,87.64098880445118
102,2,88.25572394254256
102,3,84.67363025228576
102,4,81.0817851972499
102,5,77.76581894764689
102,6,74.38371286759482
102,7,71.28198236865994
102,8,67.76901958233489
102,9,64.80124638169389
102,10,61.19509766129576
102,11,59.627469469323664
102,12,58.26972960246689
102,13,56.52699399599366
102,14,57.31776696635735
102,15,53.87608971917566
102,16,51.56822960732558
102,17,48.20130220468709
102,18,47.32676905191951
102,19,45.286287294248766
102,20,44.6795283057072
102,21,45.87251516355361
102,22,46.16217455784538
102,23,49.24301087508174
102,24,49.156934234533345
102,25,46.7815698136932
102,26,48.29406336108881
102,27,50.36119539902821
102,28,51.48950762498581
102,29,50.81475564770456
102,30,51.66121434521974
102,31,48.12467719326388
102,32,44.49459082177406
102,33,41.04583062531139
102,34,37.77147476755155
102,35,35.0797505881495
102,36,32.27135841336562
102,37,30.367416955828222
102,38,30.11179982997306
102,39,29.878610754595176
102,40,27.641205469408206
102,41,28.395115467135213
102,42,25.65538770156196
102,43,24.337582038322413
102,44,21.656407365541625
102,45,23.56172513250234
102,46,22.418238674652656
102,47,23.995444987486202
102,48,23.707537094203367
102,49,19.90523401236026
102,50,18.450602033379994
102,51,16.79351315203025
102,52,15.096045024870994
102,53,15.745098858946001
102,54,13.675634116694466
102,55,16.731412484917136
102,56,16.345983228394466
102,57,12.9789918415524
102,58,9.37252311911558
102,59,6.975437023739421
102,60,6.479107854948273
102,61,10.235947246241219
102,62,11.026332346455877
102,63,9.492525441033372
102,64,11.635157961802651
102,65,14.424898322616075
102,66,15.478376804750916
102,67,18.991417989257044
102,68,18.845430963722748
102,69,15.845505009796206
102,70,17.94715521396535
102,71,18.745953599505626
102,72,15.387608222508344
102,73,16.152904112902092
102,74,16.297470838568152
102,75,15.320307662099626
102,76,14.59613783968773
102,77,14.0355717113626
102,78,14.564821802678999
102,79,12.96568116284159
102,80,10.924784424032657
102,81,12.483872227542193
102,82,11.441015382894946
102,83,14.717421986335154
102,84,16.10108689017793
102,85,17.96876901245442
102,86,15.028583384389139
102,87,15.671102927089509
102,88,15.200314706920546
102,89,18.440306988003066
102,90,18.177268724853384
102,91,18.580843225790858
102,92,17.442729040881712
102,93,14.575426140268638
102,94,12.838438701009716
102,95,9.864483055044218
102,96,11.065743504716224
102,97,8.792438313628773
102,98,6.132331602828058
102,99,5.079110459004823
102,100,5.3354613128804464
102,101,3.8036646236398104
102,103,3.805760392301785
102,104,5.7438057040955774
102,105,5.410672780207908
102,106,5.94287063441696
102,107,8.446055122657532
102,108,10.015302279817377
102,109,10.897160853254732
102,110,12.0616995849697
102,111,12.01517517898918
102,112,15.365246695850793
102,113,16.31267753553111
102,114,19.532016704146013
102,115,21.391294707141085
102,116,23.298815704177766
102,117,26.483123406754654
102,118,25.634098649069784
102,119,28.92304525760568
102,120,28.80912227119217
102,121,32.4779934681191
102,122,33.949014733626385
102,123,31.16852291207273
102,124,30.52607156929858
102,125,27.469853660868463
102,126,25.57433434151683
102,127,25.644600453119345
102,128,25.043529052827235
102,129,25.06544140670206
102,130,26.59082594483461
102,131,23.508368176583076
102,132,21.697287229047685
102,133,24.47604963510934
102,134,24.357500534960735
102,135,27.608440836725705
102,136,30.439194131024554
102,137,29.720957881210868
102,138,27.059447014790674
102,139,23.97264873325805
102,140,20.620309849656106
102,141,17.19729255890276
102,142,18.238541268052444
102,143,16.346260751099475
102,144,17.415935565184586
102,145,21.07721694011716
102,146,22.623036350483922
102,147,25.626287049589916
102,148,28.605193831319106
102,149,32.21812382950892
102,150,34.58177989214084
102,151,38.197738749158226
102,152,38.46612834991242
102,153,36.462510074096635
102,154,32.90128989592236
102,155,33.3676344279269
102,156,31.460382118325885
102,157,29.1492164623318
102,158,28.909000365918928
102,159,27.415434959761633
102,160,26.50278024686769
102,161,24.540683452574466
102,162,25.232464800329087
102,163,23.43252580104083
102,164,26.368303236055816
102,165,24.493082240447627
102,166,24.05776263303097
102,167,20.25560175916749
102,168,17.322790508992828
102,169,16.119509628311793
102,170,12.796057599937589
102,171,13.834698525478942
102,172,12.248931269433967
102,173,14.879032112912565
102,174,15.849375115743142
102,175,18.7664885133933
102,176,20.898974823089905
102,177,22.394297922102492
102,178,25.696475566496435
102,179,27.653092447395377
102,180,31.176892854213296
102,181,33.00519528993998
102,182,34.460694897065146
102,183,31.092754091017902
102,184,30.150547479797943
102,185,33.42905533641267
102,186,33.72076270882739
102,187,30.455898868860597
102,188,30.35933874752122
102,189,33.915701824996745
102,190,33.26494911970452
102,191,33.436816280672424
102,192,30.44690801930675
102,193,27.778583180105528
102,194,25.661559039423512
102,195,22.74869079687169
102,196,22.6655037020281
102,197,20.472821674426903
102,198,21.670707152441548
102,199,22.08318437155672
102,200,24.776128721290217
102,201,22.638834794109094
102,202,20.60708159687505
102,203,21.351100306642575
102,204,19.282948602862525
102,205,21.831942139830325
102,206,21.165629139163837
102,207,24.032332782119003
102,208,23.490266480626037
102,209,24.523067654515824
102,210,27.224497570451252
102,211,27.137265842843785
102,212,27.753372519719765
102,213,24.84372596508523
102,214,24.911345019504417
102,215,25.053501357193284
102,216,22.058613942361216
102,217,23.124858989862823
102,218,26.255530448770276
102,219,24.812079858568165
102,220,25.010480498662034
102,221,23.24877013492349
102,222,19.5903218038147
102,223,17.20354890398096
102,224,14.943438226373559
102,225,12.071673169755783
102,226,11.955469560734839
102,227,11.226215146440563
102,228,13.791434762235088
102,229,14.43681226221905
102,230,18.093954896232468
102,231,19.83122958662035
102,232,22.87972474807459
102,233,25.803632514048203
102,234,23.99082313241776
102,235,23.991510841817057
102,236,21.816809097187146
102,237,23.923745755470048
102,238,23.214852772724495
102,239,25.749679484355223
102,240,26.168815404262425
102,241,29.12556496149085
102,242,27.278907596141572
102,243,24.153592569528122
102,244,22.107227237086455
102,245,19.56326841182317
102,246,19.840726803353384
102,247,17.861883903005722
102,248,19.72587349908208
102,249,18.691507601657882
102,250,16.155896588768176
102,251,13.622821097776802
102,252,14.766608561470854
102,253,13.083516605682288
102,254,14.160297423657921
102,255,14.421103327971156
102,256,15.281397642175703
102,257,14.998136162138714
102,258,12.022379516409254
102,259,9.704387507289095
102,260,8.597534303443771
102,261,11.059276366273458
102,262,12.228312254638258
102,263,15.820180709801855
102,264,18.6690290713114
102,265,20.809918431525173
102,266,22.342879286341187
102,267,22.2309630908709
102,268,25.643205791733855
102,269,27.55257633928835
102,270,28.044173851346486
102,271,27.245248017204993
102,272,25.52772617436361
102,273,23.767022013398485
102,274,22.09400640112141
102,275,19.576411992458176
102,276,19.090368428422256
102,277,17.887296699719304
102,278,21.660418181877617
102,279,22.022739269348673
102,280,23.29436651957235
102,281,25.792005311138855
102,282,28.387742458637494
102,283,28.567315134024454
102,284,32.36425016857997
102,285,32.246226503923666
102,286,31.001992154576232
102,287,29.47453843384382
102,288,27.48165311840726
102,289,27.244328679089467
102,290,24.9597892770262
102,291,21.508238679273692
102,292,19.985393379667585
102,293,16.688241848770808
102,294,17.578795896723225
102,295,16.742384602253495
102,296,19.510855055254346
102,297,23.037868924907162
102,298,23.493780091776582
102,299,26.148074537162465
102,300,25.479947089260403
102,301,24.699144801564994
102,302,27.7441562342894
102,303,29.10219665736153
102,304,32.38226853009324
102,305,32.915632273981
102,306,35.753650999311404
102,307,37.171876672608576
102,308,40.36538386473028
102,309,41.40577020139109
102,310,45.158539068049535
102,311,46.349206632645654
102,312,50.08271428187004
102,313,52.848663786344595
102,314,54.05136678010927
102,315,55.41944656610674
102,316,59.014915933249064
102,317,60.68133642255333
102,318,64.38511704268795
103,1,85.11959898844015
103,2,85.61491088458148
103,3,82.01258270308423
103,4,78.45857496409255
103,5,75.15367514463888
103,6,71.73050903738985
103,7,68.66394103515127
103,8,65.09792795995216
103,9,62.22183342319947
103,10,58.66508583464611
103,11,57.26444644236933
103,12,56.041304549996475
103,13,54.48947935697844
103,14,55.4640363833802
103,15,52.0721546234561
103,16,49.579290990495345
103,17,46.185151066647656
103,18,45.2288747591489
103,19,42.97657666803929
103,20,42.23368004063539
103,21,43.20130296819308
103,22,43.37583424043876
103,23,46.56858554303175
103,24,46.674504054994706
103,25,44.49169382976232
103,26,46.07941912721782
103,27,48.03327997114238
103,28,49.2716087183042
103,29,48.4881553148343
103,30,49.419114996869844
103,31,45.916684939916216
103,32,42.24353923878463
103,33,38.82906596895162
103,34,35.64926848690068
103,35,32.73367382329223
103,36,30.140259845689542
103,37,28.498559669404205
103,38,28.612332582633076
103,39,28.72663225820607
103,40,26.719789074022433
103,41,27.835889406373465
103,42,25.451648718061353
103,43,24.204367029354636
103,44,21.30088222845244
103,45,22.970807602974645
103,46,22.013976920619513
103,47,23.0581628099295
103,48,22.380282963146538
103,49,18.636743393130594
103,50,17.813167942355893
103,51,16.63720177188492
103,52,15.755215432265434
103,53,16.949628818325483
103,54,15.627910618157351
103,55,18.88258271983127
103,56,19.092059255869682
103,57,15.900760371097608
103,58,12.36096667257081
103,59,9.769172810764905
103,60,10.092446673681705
103,61,13.806071607489287
103,62,14.053972350868648
103,63,12.401401048275767
103,64,14.960970029466791
103,65,17.68184132903808
103,66,19.009088775390516
103,67,22.389104766094935
103,68,22.086311863019016
103,69,18.873688635690307
103,70,20.795873966000762
103,71,21.142950910175355
103,72,17.548472684596224
103,73,18.26343317710265
103,74,17.69150871846182
103,75,16.419609648054273
103,76,14.819949851850064
103,77,13.732833341814565
103,78,13.350292009853616
103,79,12.132882997074745
103,80,11.20653871472612
103,81,13.161316659537617
103,82,12.99598981017184
103,83,16.478458693909694
103,84,18.086999822991494
103,85,20.411319201504828
103,86,17.839166251662217
103,87,18.958165072412715
103,88,18.82594702365721
103,89,22.13144089762524
103,90,21.95714468864089
103,91,22.36681584650032
103,92,21.166126585495178
103,93,18.19356278537915
103,94,16.135076735598407
103,95,12.873384546790636
103,96,13.193115925943943
103,97,10.119899243577308
103,98,8.576971556995627
103,99,6.035227096201517
103,100,4.957408979286621
103,101,5.39027703055178
103,102,3.805760392301785
103,104,3.807274232647874
103,105,5.576039047296299
103,106,5.161792403386887
103,107,5.983841706109462
103,108,8.55400092613271
103,109,10.072634452518052
103,110,12.220244196637292
103,111,13.251920281849843
103,112,16.289515605399302
103,113,17.746058619189487
103,114,20.796803770889035
103,115,23.105106606230283
103,116,24.844736539358532
103,117,28.18718809706029
103,118,27.5439086286578
103,119,30.977335813053728
103,120,31.156496872536177
103,121,34.830935120589984
103,122,36.55182085726915
103,123,33.985763620016165
103,124,33.5628974865428
103,125,30.480898607761254
103,126,28.769458832778714
103,127,29.055255804349805
103,128,28.637095577208388
103,129,28.798843481488948
103,130,30.37355552352255
103,131,27.310351764768274
103,132,25.44443265690516
103,133,28.139317524881747
103,134,27.83588554105809
103,135,31.015395042004187
103,136,33.97017996628402
103,137,33.323657060744495
103,138,30.720978708065836
103,139,27.54872066547082
103,140,24.183926337843904
103,141,20.653993345158426
103,142,21.351813210105476
103,143,19.18907988402117
103,144,20.450121541251534
103,145,24.083274909676092
103,146,25.84357923783707
103,147,28.66412204657573
103,148,31.750100641436664
103,149,35.28332762635236
103,150,37.584665449371286
103,151,41.22415286229248
103,152,41.50729001625437
103,153,39.31130907054247
103,154,35.66402167546484
103,155,35.826222411184084
103,156,33.656263473013176
103,157,31.262967027695836
103,158,30.61536249817875
103,159,28.984117508372073
103,160,27.624524073259558
103,161,25.51672025890372
103,162,25.648023153103548
103,163,23.450971229673346
103,164,26.141724717756286
103,165,24.014441457729113
103,166,22.999957967092946
103,167,19.239331820266976
103,168,16.522336585240268
103,169,16.1701973757789
103,170,13.374547863951758
103,171,15.25978285339052
103,172,14.514345403158947
103,173,17.429609628810933
103,174,18.735010600223717
103,175,21.67629186853059
103,176,24.112957132877302
103,177,25.574345334674664
103,178,29.01407827268342
103,179,30.991001140294113
103,180,34.47082670909863
103,181,36.16807788726464
103,182,37.79018357272366
103,183,34.50206612679298
103,184,33.35364703764321
103,185,36.589161951639134
103,186,37.0577810991608
103,187,33.745318603188196
103,188,33.401939938292415
103,189,36.91886883118304
103,190,36.04596600005914
103,191,36.23846101127092
103,192,33.070632510838706
103,193,30.359492709518175
103,194,27.932570776440983
103,195,24.915056918143943
103,196,24.3170008266231
103,197,21.87287993362755
103,198,22.453505277816742
103,199,22.321381081498902
103,200,24.563614995775378
103,201,22.114552130267466
103,202,20.575542719935704
103,203,21.932348302178927
103,204,20.394023027610114
103,205,23.3218384097215
103,206,23.148720411018335
103,207,26.26225896825505
103,208,26.151896357778398
103,209,27.278903090012864
103,210,30.20648980855648
103,211,30.175319385295843
103,212,30.972575298177716
103,213,28.05541071629393
103,214,28.179514752333326
103,215,28.546411837547144
103,216,25.643575502703744
103,217,26.82947530420847
103,218,29.97685562375463
103,219,28.502493209696308
103,220,28.537987724910664
103,221,26.757515360547035
103,222,23.0562953353436
103,223,20.606496598134765
103,224,18.02020181143102
103,225,15.078428079525745
103,226,14.204752509294734
103,227,12.807536733831535
103,228,14.546502039588013
103,229,14.359514125586141
103,230,17.929587798548543
103,231,18.980304501157654
103,232,22.027238178700323
103,233,25.151385439241345
103,234,23.64931514696898
103,235,24.25286116465855
103,236,22.58902458680775
103,237,25.018804449390235
103,238,24.8462049391429
103,239,27.53308199945208
103,240,28.360931986659573
103,241,31.519602203068683
103,242,29.993455412322998
103,243,27.075584573637318
103,244,24.868692454492844
103,245,22.544106530186465
103,246,22.46694545301756
103,247,20.25678615997538
103,248,22.02962814818893
103,249,20.432729039513973
103,250,17.40713051743538
103,251,14.6075477548137
103,252,14.843649755599023
103,253,12.32019796918524
103,254,12.577455231947178
103,255,11.942123847552892
103,256,12.653834746433873
103,257,12.341253381343503
103,258,10.009062734099984
103,259,7.720869313432354
103,260,7.883746833257935
103,261,10.65559887621005
103,262,12.709677694813873
103,263,16.29165493269018
103,264,19.6000070179199
103,265,21.2696183000582
103,266,22.9938651816961
103,267,22.581251821197025
103,268,25.730078505348487
103,269,27.40521106287413
103,270,27.39221508564642
103,271,26.10948673579591
103,272,24.07434025908877
103,273,21.857085015788247
103,274,20.207532870897516
103,275,18.169541016787008
103,276,17.882015628008215
103,277,17.386967053535642
103,278,21.185222358807977
103,279,21.44740246182949
103,280,22.2319285515234
103,281,24.331323430337804
103,282,26.608789197449152
103,283,26.341351056251938
103,284,30.08808369924095
103,285,29.868564981373723
103,286,28.327943859500895
103,287,26.989598925893187
103,288,25.362272650345833
103,289,25.46643942516444
103,290,23.5537982808275
103,291,20.04088266608582
103,292,18.042231597850716
103,293,14.920491122187768
103,294,15.536794326756205
103,295,14.561120709640655
103,296,17.11324829133038
103,297,20.43476737867601
103,298,21.012630232746396
103,299,23.59209307025267
103,300,22.751024419895188
103,301,22.299771876948977
103,302,25.41058942750221
103,303,27.097123550103962
103,304,30.38106974891416
103,305,31.197289927141043
103,306,33.83065260237369
103,307,34.927366271859746
103,308,38.09776864022627
103,309,38.89962233411233
103,310,42.649918122627646
103,311,43.83719866277386
103,312,47.57607246819597
103,313,50.27592826896001
103,314,51.56667744813702
103,315,53.12400458319248
103,316,56.72786454662357
103,317,58.564036964186776
103,318,62.29182075068924
104,1,86.884449507486
104,2,87.30730169199819
104,3,83.72794191637679
104,4,80.19007920550008
104,5,76.95865528611924
104,6,73.46244007103768
104,7,70.50197703404768
104,8,66.88485867853618
104,9,64.13059910894708
104,10,60.59982288493701
104,11,59.29557763526494
104,12,58.27000096815458
104,13,56.8339116650968
104,14,57.98987711994136
104,15,54.69226808490433
104,16,52.12121916057534
104,17,48.78746518774053
104,18,47.91362131381323
104,19,45.539567185435274
104,20,44.79089312339215
104,21,45.569742495240575
104,22,45.69220881231867
104,23,49.0088911436821
104,24,49.270628058865626
104,25,47.259797458029354
104,26,48.82752654657571
104,27,50.61413280848663
104,28,51.83457800308624
104,29,50.85398557384698
104,30,51.69913459242649
104,31,48.16870529536729
104,32,44.520585454587874
104,33,41.05770370896796
104,34,38.05177383028743
104,35,35.02689452698682
104,36,32.68988906934258
104,37,31.04877282285288
104,38,31.48026064327535
104,39,31.53723771003314
104,40,29.392058673859044
104,41,30.343592036213785
104,42,28.146998708138863
104,43,26.531367250533965
104,44,23.348585699841088
104,45,24.52717957270813
104,46,23.0823780676188
104,47,23.787433568203397
104,48,22.815577601363625
104,49,19.08357557410717
104,50,18.02826001906598
104,51,17.533735794054564
104,52,16.55755420045529
104,53,18.373052374001784
104,54,17.15400228264854
104,55,20.66485364007722
104,56,20.910558207574734
104,57,17.436357964290256
104,58,14.196619834512513
104,59,10.936963776996617
104,60,10.920861869659793
104,61,14.576537247490313
104,62,14.20169726582844
104,63,11.761889150210086
104,64,14.423196991802058
104,65,17.26211368450619
104,66,19.284648256222255
104,67,22.55631703108006
104,68,22.72554564781786
104,69,19.28707043018384
104,70,20.549161882685688
104,71,21.00469276169935
104,72,17.283022801076097
104,73,17.23367015889701
104,74,16.091469439676683
104,75,15.412422023824407
104,76,13.765321329733169
104,77,13.444736377481696
104,78,13.403049552442873
104,79,13.224435990561659
104,80,12.611330145235168
104,81,15.313009989578108
104,82,15.541101871314243
104,83,19.19499481002769
104,84,21.115844540508498
104,85,23.072428395495102
104,86,20.186598901920302
104,87,21.05554832497004
104,88,20.411247554033896
104,89,23.359365523156086
104,90,22.673646068214207
104,91,22.96551323091042
104,92,22.225263150668884
104,93,19.06486831632603
104,94,17.230355917839535
104,95,13.73098580381814
104,96,14.048917356394487
104,97,11.327521788288417
104,98,10.344630316471315
104,99,8.793865984661352
104,100,6.261631870703081
104,101,5.3907772532569895
104,102,5.7438057040955774
104,103,3.807274232647874
104,105,3.804390014328052
104,106,5.437320946817624
104,107,4.986387558943625
104,108,6.060965363406926
104,109,8.729575484889184
104,110,10.391605375581301
104,111,11.505427281130983
104,112,13.93138015353861
104,113,15.250401301451781
104,114,17.94563152102785
104,115,20.41980990655434
104,116,21.905301250627613
104,117,25.30420162649352
104,118,24.837653890472698
104,119,28.37720490669907
104,120,28.886681670431805
104,121,32.563953981374794
104,122,34.58277363348819
104,123,32.27670404333757
104,124,32.06819682732032
104,125,28.934804471457184
104,126,27.518367528029618
104,127,28.21272177193384
104,128,28.22900410274136
104,129,28.88631179906499
104,130,30.81691143622311
104,131,28.062708915542537
104,132,25.872315632281772
104,133,28.462500786375273
104,134,27.82747166657422
104,135,31.07754621804721
104,136,34.1613550322274
104,137,33.30513891896887
104,138,30.683174608592488
104,139,27.270236962451506
104,140,23.81736600842461
104,141,20.136410845568278
104,142,20.341072756553555
104,143,17.70306758465353
104,144,19.102005448916895
104,145,22.622902722828734
104,146,24.760981837702328
104,147,27.322440083144446
104,148,30.62273523115753
104,149,34.04159203865134
104,150,36.11111698664811
104,151,39.78943391302092
104,152,40.25785590601849
104,153,37.881081866425944
104,154,34.1804665988247
104,155,34.02719234173974
104,156,31.745812520853715
104,157,29.117100374791494
104,158,28.137703091597555
104,159,26.240918262624838
104,160,24.574411085165067
104,161,22.2783356522274
104,162,22.1475470122471
104,163,19.78454080674937
104,164,22.38753932129566
104,165,20.241034325943037
104,166,19.223151756638945
104,167,15.465297884883745
104,168,12.71922677789001
104,169,12.542904494113637
104,170,10.064665214515626
104,171,12.496572209378604
104,172,12.572481953928364
104,173,15.845417935158215
104,174,17.809347454389226
104,175,21.031846875408647
104,176,23.82859065853304
104,177,25.722599229446704
104,178,29.244268719111254
104,179,31.606381941078563
104,180,34.89864674845157
104,181,36.26473866102067
104,182,37.80534499603552
104,183,34.51099717867104
104,184,33.09659130039608
104,185,36.0974360753244
104,186,36.5842252349206
104,187,33.09836647183599
104,188,32.49353063539844
104,189,36.04224158765787
104,190,35.14172923573624
104,191,35.68368543949296
104,192,32.47097852456524
104,193,29.48404021855721
104,194,26.814741457498346
104,195,23.51620499675236
104,196,22.525850849704256
104,197,19.682295866546777
104,198,19.917073860684955
104,199,19.372395314641917
104,200,21.56215908719833
104,201,19.349871135948977
104,202,18.17237326717733
104,203,19.858873393621174
104,204,18.77757607742478
104,205,22.011388314613775
104,206,22.33574656771224
104,207,25.71419866917304
104,208,25.921470819339532
104,209,27.55120306371498
104,210,30.5656954999821
104,211,30.993274698293305
104,212,32.091472165184754
104,213,29.472482543600982
104,214,29.970399010476314
104,215,30.243237126414527
104,216,27.3492569325657
104,217,28.35375228419315
104,218,31.324435697764375
104,219,29.61457199138203
104,220,29.6896852649364
104,221,27.489488436875902
104,222,23.722123297195772
104,223,20.813956253058034
104,224,18.14262394166333
104,225,14.768270539696672
104,226,13.191952191195943
104,227,10.884709831412524
104,228,11.878637494746899
104,229,11.046719919494683
104,230,14.43484757053509
104,231,15.32111233770645
104,232,18.263957484799512
104,233,21.453340481910836
104,234,20.12351195480272
104,235,20.874425791968488
104,236,19.484190127492884
104,237,22.212156967626736
104,238,22.428310459290973
104,239,25.3937195336986
104,240,26.63041373061619
104,241,30.00634972824223
104,242,28.817906311079422
104,243,26.204294891634877
104,244,23.592307490722636
104,245,21.35646603413003
104,246,20.688999878058517
104,247,18.155265917486002
104,248,19.762050730552414
104,249,17.70280835603546
104,250,14.393390883434218
104,251,11.638140946477254
104,252,11.549525172916606
104,253,8.773438126244384
104,254,9.419949936988065
104,255,9.323937441102515
104,256,11.002393029266953
104,257,11.82043652930856
104,258,9.80913221692128
104,259,8.95310572812366
104,260,10.181735430260426
104,261,13.540701138940946
104,262,15.930122999361359
104,263,19.32803744117328
104,264,22.527241639332686
104,265,23.96525704886733
104,266,25.27405329819778
104,267,24.408662054628437
104,268,27.374229884880382
104,269,28.630402694538862
104,270,28.663943388674795
104,271,27.195458387289822
104,272,25.438784439792585
104,273,23.04036520931887
104,274,21.95178817253131
104,275,20.294180721000046
104,276,20.58688024606516
104,277,20.419843021917067
104,278,24.199329615395968
104,279,24.03134433198646
104,280,24.439976534772498
104,281,26.57468697519185
104,282,28.52973953653629
104,283,28.079817346928156
104,284,31.784256609815067
104,285,31.843360522421435
104,286,30.241010518722096
104,287,29.298150058544106
104,288,27.968572684108647
104,289,28.439460532350363
104,290,26.598596189626967
104,291,23.202492069774713
104,292,21.134890304201704
104,293,18.00950631349407
104,294,18.06910000672212
104,295,16.45282838149235
104,296,18.372617932687273
104,297,21.649982159089014
104,298,22.813585441132957
104,299,25.612541005972588
104,300,24.949324517887998
104,301,24.96295938043294
104,302,28.20059242773601
104,303,30.171509336810768
104,304,33.37644641131616
104,305,34.253176796238094
104,306,36.68527088665913
104,307,37.55084080244606
104,308,40.59366593460772
104,309,41.11855514658239
104,310,44.820405018620406
104,311,45.81464381289627
104,312,49.58212394666554
104,313,52.32641889330927
104,314,53.813865038090626
104,315,55.48737928916544
104,316,59.1312488658702
104,317,61.04632393850189
104,318,64.758325907852
105,1,87.6478149370397
105,2,88.2120576215387
105,3,84.68623490280956
105,4,81.09282644319651
105,5,77.90570144142596
105,6,74.41195763048893
105,7,71.48330679408103
105,8,67.90894538820018
105,9,65.10194129767457
105,10,61.50364844279392
105,11,60.01013132007675
105,12,58.96165435521336
105,13,57.34911967385605
105,14,58.43220191746793
105,15,55.16395436107361
105,16,52.77041221437184
105,17,49.543686122577064
105,18,48.919085104291106
105,19,46.74832791244221
105,20,46.28513894809984
105,21,47.29072938554443
105,22,47.68217510554094
105,23,50.97091621736588
105,24,50.99733191849467
105,25,48.848699575289636
105,26,50.18561654653643
105,27,51.918010719328414
105,28,52.89568983889008
105,29,51.84534763442376
105,30,52.4520556687534
105,31,48.82979377293295
105,32,45.264080626629436
105,33,41.6883422867586
105,34,38.702005813965954
105,35,35.89938948070616
105,36,33.486572043798894
105,37,31.457601242232595
105,38,31.76131559415072
105,39,31.357775035199865
105,40,28.844623956329492
105,41,29.328495297949004
105,42,27.010918903008363
105,43,25.04816655286603
105,44,21.847800870821718
105,45,22.917650069435766
105,46,21.081420269594368
105,47,22.11092129318287
105,48,21.42280845875994
105,49,17.638877457834678
105,50,15.913233442931555
105,51,15.278046963277301
105,52,13.721430723301562
105,53,15.579184167601387
105,54,14.208610156143939
105,55,17.794302573795342
105,56,18.056919696339293
105,57,14.483542403321124
105,58,11.645764095304338
105,59,8.021221009700202
105,60,8.375523048402048
105,61,11.680871361495178
105,62,10.712283926801383
105,63,8.369873699151432
105,64,11.479873684122907
105,65,13.917714334526664
105,66,16.103781254385886
105,67,19.15916565342076
105,68,19.306543198497447
105,69,15.751154015922598
105,70,16.836662081784187
105,71,17.238217002508318
105,72,13.516498092105754
105,73,13.452663904362337
105,74,12.489052239379907
105,75,11.838855016860022
105,76,10.676942320968905
105,77,10.897927370346078
105,78,11.809999757368224
105,79,11.64026559842335
105,80,10.383414508985753
105,81,13.321679121043664
105,82,13.576434149373588
105,83,17.253063890264052
105,84,19.50876660699221
105,85,20.97310186678603
105,86,17.8754637560364
105,87,18.73304308137456
105,88,17.979892532785023
105,89,20.686418451992708
105,90,20.039492887694543
105,91,20.764229959489583
105,92,20.520316298735494
105,93,17.698754882413525
105,94,16.58285410164676
105,95,13.509433150878149
105,96,14.826832075200956
105,97,12.79341284875702
105,98,10.849986149489848
105,99,10.0768413789001
105,100,8.553784742585348
105,101,6.110972890147265
105,102,5.410672780207908
105,103,5.576039047296299
105,104,3.804390014328052
105,106,3.807939120056333
105,107,5.406038891432097
105,108,5.0871757399000375
105,109,6.530218589031629
105,110,7.312763135592035
105,111,7.911880896299084
105,112,10.761687626420805
105,113,12.221877168748911
105,114,15.332959472650817
105,115,17.815719242449813
105,116,19.801602820987924
105,117,23.297836399551073
105,118,23.082703603925122
105,119,26.671183817999747
105,120,27.247017878047995
105,121,31.00710822440852
105,122,32.99009409654532
105,123,30.520278975676977
105,124,29.94835423309707
105,125,26.619079266271534
105,126,24.89507587700027
105,127,25.762544839765773
105,128,25.587993635995712
105,129,26.33661167770545
105,130,28.14599694293244
105,131,25.54134840228034
105,132,23.056067508199444
105,133,25.375658652496345
105,134,24.474929518862716
105,135,27.61590861558051
105,136,30.816921656994587
105,137,30.11655263638241
105,138,27.695373990182706
105,139,24.242387751646053
105,140,20.959189574383963
105,141,17.20882966231648
105,142,17.116216544625775
105,143,14.750821582288715
105,144,16.64186719234536
105,145,20.310012996433255
105,146,22.66264992932962
105,147,25.472875395034453
105,148,28.863893991747968
105,149,32.387749147070565
105,150,34.2728447999287
105,151,37.98956394525017
105,152,38.70978824492838
105,153,36.56115401205568
105,154,32.964024573562114
105,155,33.05907485338931
105,156,31.124889864548308
105,157,28.322948677647126
105,158,27.6184563040439
105,159,25.503739670087526
105,160,24.075502513252278
105,161,21.531326601376055
105,162,21.78996958406028
105,163,19.500600464515433
105,164,22.03975828204416
105,165,19.767365105259007
105,166,19.234146934071813
105,167,15.42049393456099
105,168,12.920470641560577
105,169,11.953797977965474
105,170,9.266638523354407
105,171,11.400663995274325
105,172,11.09564976392194
105,173,14.604801497500159
105,174,16.759433407751743
105,175,20.237262134631493
105,176,22.73110856425451
105,177,24.9354847119374
105,178,28.231851512220125
105,179,30.67793026658529
105,180,33.99097774322133
105,181,35.474226988217666
105,182,36.66061271228523
105,183,33.192357896924314
105,184,32.05556599048611
105,185,34.99354941099483
105,186,35.101057370098374
105,187,31.561960331077383
105,188,31.28143713468805
105,189,34.95695731719904
105,190,34.44742575735751
105,191,35.18171891163993
105,192,32.21528272156202
105,193,29.121572866299935
105,194,26.744721075525455
105,195,23.373473002901132
105,196,22.793880564050212
105,197,19.909376212504288
105,198,20.625285693907543
105,199,20.290666631850318
105,200,22.899308856901023
105,201,21.20236654548242
105,202,19.869514867374583
105,203,21.178192249120787
105,204,19.810853159454037
105,205,22.808735145240373
105,206,22.808676236572904
105,207,26.01430144258815
105,208,25.782795249589785
105,209,27.463697576337307
105,210,30.169810549875898
105,211,30.609586298367113
105,212,31.44017965602756
105,213,28.840220827842398
105,214,29.154063197764803
105,215,28.96112452470963
105,216,25.814378120939036
105,217,26.35191540046726
105,218,29.398192105566594
105,219,27.929336309204185
105,220,28.453900877298587
105,221,26.261946902129853
105,222,22.59424375854214
105,223,19.633873786017276
105,224,17.52876411520013
105,225,13.98804101394504
105,226,13.080713670055184
105,227,10.885535252108534
105,228,12.370103255962833
105,229,11.819280224911495
105,230,14.990599256694667
105,231,16.28611038751123
105,232,18.830156442469118
105,233,22.059935680658185
105,234,20.83568570500321
105,235,21.107083515695464
105,236,19.432376001558396
105,237,22.171765835177055
105,238,22.05563005350264
105,239,25.15479428502187
105,240,26.171024837471776
105,241,29.44392970824617
105,242,27.99174915498705
105,243,25.23756840965703
105,244,22.516788865021145
105,245,19.818958812577492
105,246,19.07976568010167
105,247,16.269117162773032
105,248,17.4029565888857
105,249,15.538127641348037
105,250,12.465730296380059
105,251,9.306279985816442
105,252,9.659012328812254
105,253,7.903892967017493
105,254,9.00972998888268
105,255,10.023051759540127
105,256,11.357706043675162
105,257,12.022966582161763
105,258,9.157837599325122
105,259,8.642053626046549
105,260,9.270550246119392
105,261,12.82196992279111
105,262,15.045175150384805
105,263,18.164405770086507
105,264,20.986039711190614
105,265,22.413180022925438
105,266,23.25878780927742
105,267,22.26449519689554
105,268,25.284354317686265
105,269,26.491490681558577
105,270,26.95602400526654
105,271,25.84795854757121
105,272,24.540891265595228
105,273,22.56381368113706
105,274,21.734044664016185
105,275,19.787723795286016
105,276,20.33510721470546
105,277,19.865013096005036
105,278,23.59588628675788
105,279,23.103571025311354
105,280,23.65377908631662
105,281,26.21861052856395
105,282,28.309067093668915
105,283,28.299357086806342
105,284,32.054659667976125
105,285,32.45876479487174
105,286,31.273473110953308
105,287,30.380574242444386
105,288,28.774681153892022
105,289,29.213655496296173
105,290,26.95551771091832
105,291,23.766474105571856
105,292,22.24633031013608
105,293,18.77149609927817
105,294,18.578287768828545
105,295,16.65824897733027
105,296,18.53846669829905
105,297,22.088664683243806
105,298,23.40795747838267
105,299,26.504931772047087
105,300,26.312458574840587
105,301,26.287603100499272
105,302,29.67933837806911
105,303,31.594722710286668
105,304,34.64395683433253
105,305,35.12421213735696
105,306,37.58208291109191
105,307,38.67240714490661
105,308,41.600366283406636
105,309,42.21983887715076
105,310,45.88800646413375
105,311,46.695065580980845
105,312,50.49097149889334
105,313,53.40561534825822
105,314,54.96006704591019
105,315,56.434709388421965
105,316,60.12364543636174
105,317,61.84943960249573
105,318,65.50993696625144
106,1,84.07531065228424
106,2,84.69759441097067
106,3,81.18086390752904
106,4,77.56758890311131
106,5,74.37354631149363
106,6,70.90174026441751
106,7,67.95490424889738
106,8,64.40867968210819
106,9,61.55594949363625
106,10,57.933007502682884
106,11,56.368335116820475
106,12,55.283496462626324
106,13,53.62047956572565
106,14,54.68251022621222
106,15,51.42420509355186
106,16,49.06840258669955
106,17,45.874993492447935
106,18,45.33810503854953
106,19,43.24198260949935
106,20,42.916217100120924
106,21,44.03915558051978
106,22,44.603722506895515
106,23,47.870360186870826
106,24,47.75605376801483
106,25,45.5592312914283
106,26,46.76254747456856
106,27,48.445614505145045
106,28,49.3207005413608
106,29,48.248460032134105
106,30,48.78814933064697
106,31,45.14745420124702
106,32,41.604198934419905
106,33,38.007055346388924
106,34,35.016972985799214
106,35,32.29198536878927
106,36,29.856325562164507
106,37,27.728875686480837
106,38,28.053661280224627
106,39,27.601423601841386
106,40,25.08267353602571
106,41,25.62857334783745
106,42,23.415907128110636
106,43,21.496508387521917
106,44,18.258513860180074
106,45,19.403313789829692
106,46,17.849626252706997
106,47,18.89475664241524
106,48,18.28681990644649
106,49,14.471286699960302
106,50,13.097151534955493
106,51,12.19723687970121
106,52,11.191697057342248
106,53,13.078875295199474
106,54,12.313971536547662
106,55,15.937823558861597
106,56,16.821056620076416
106,57,13.639550123607668
106,58,10.814093454853648
106,59,7.537328278310707
106,60,9.370143428993797
106,61,12.46714837530059
106,62,11.385934225109184
106,63,10.235782301646168
106,64,13.66358789166484
106,65,15.537173618329867
106,66,17.21152664789796
106,67,20.06091754749123
106,68,19.474545072711425
106,69,15.908710266258188
106,70,17.451172814297585
106,71,17.151086343968778
106,72,13.41629028039742
106,73,14.281474598274501
106,74,13.353000807452565
106,75,11.590261041712695
106,76,9.720042804083791
106,77,8.64630420663062
106,78,8.846361687313607
106,79,8.102443739468173
106,80,7.213126558916419
106,81,10.207637033538898
106,82,11.088547456010232
106,83,14.887562278391485
106,84,17.428612139233472
106,85,19.252404127825628
106,86,16.612970776192373
106,87,18.20357500454052
106,88,18.2305340830768
106,89,21.224235375627803
106,90,21.252749376753872
106,91,22.420815905428437
106,92,21.98850862120834
106,93,19.482051243880704
106,94,18.349636623712605
106,95,15.511004903297875
106,96,16.83235438864019
106,97,14.397080974009087
106,98,12.068730138587513
106,99,10.345926254597167
106,100,9.720317715588036
106,101,8.360109862987109
106,102,5.94287063441696
106,103,5.161792403386887
106,104,5.437320946817624
106,105,3.807939120056333
106,107,3.8023993966889473
106,108,5.467523059911266
106,109,5.321435712993836
106,110,7.647859063654587
106,111,9.266017039846847
106,112,12.433651268391895
106,113,14.655465192871366
106,114,18.01550326269816
106,115,20.712768442559558
106,116,23.017674048217636
106,117,26.59386768605871
106,118,26.579678650322894
106,119,30.181820661460332
106,120,30.766745252230212
106,121,34.543894404620765
106,122,36.45040839977058
106,123,33.85104204136493
106,124,33.04645823846022
106,125,29.6481409601468
106,126,27.621189769298812
106,127,28.38183906895869
106,128,27.80215876729082
106,129,28.22692581854299
106,130,29.618795280803987
106,131,26.82215008259824
106,132,24.4151288064141
106,133,26.55476736947643
106,134,25.635309567546642
106,135,28.515686796154363
106,136,31.779467911315315
106,137,31.498756882950346
106,138,29.321581647957252
106,139,26.038882577990666
106,140,22.995060603821933
106,141,19.325130415575426
106,142,19.264932225680315
106,143,17.437124280800713
106,144,19.58446735515673
106,145,23.347221203918664
106,146,25.61137648500895
106,147,28.639265106064826
106,148,31.953858047487692
106,149,35.56340659019045
106,150,37.47624743202506
106,151,41.18574749577254
106,152,41.91635524459799
106,153,39.916315491301596
106,154,36.37002210812874
106,155,36.63131521692386
106,156,34.7806102939598
106,157,32.02045978283364
106,158,31.40055311266565
106,159,29.277269115099042
106,160,27.83954085148122
106,161,25.205248776971303
106,162,25.340214108090965
106,163,22.84549311383725
106,164,25.12039549116673
106,165,22.528788276976275
106,166,21.630033376256158
106,167,17.870081324779456
106,168,15.82650272409271
106,169,15.315994610940885
106,170,12.950502209902616
106,171,15.173511912180356
106,172,14.672529341929428
106,173,18.070490646919573
106,174,19.93267757184305
106,175,23.291712088211312
106,176,25.514301834824536
106,177,27.47953113513636
106,178,30.67505253236998
106,179,32.83948758521456
106,180,36.311418484185246
106,181,38.068246367126854
106,182,39.23502716822056
106,183,35.72218632027072
106,184,34.84002374284814
106,185,37.9146492093891
106,186,37.90739160993882
106,187,34.45992710059718
106,188,34.41770647365918
106,189,38.104288924717885
106,190,37.677478812864365
106,191,38.24126078440487
106,192,35.31674988228251
106,193,32.36278863601412
106,194,30.110243507077783
106,195,26.85541519729222
106,196,26.400732603446183
106,197,23.61907940248971
106,198,24.31871847648309
106,199,23.919989259831695
106,200,26.367227470583966
106,201,24.465649088017997
106,202,23.231916234231555
106,203,24.644558466407176
106,204,23.21691515688771
106,205,26.167258811747658
106,206,25.979597102233157
106,207,29.070230302013364
106,208,28.65179646679205
106,209,29.999911084147836
106,210,32.62365770062096
106,211,32.703483810171086
106,212,33.22746646276272
106,213,30.34637828227841
106,214,30.223337763873896
106,215,29.9609990492523
106,216,26.672791436298642
106,217,27.142448468139037
106,218,30.455903153175097
106,219,29.369653054754423
106,220,30.04355381393118
106,221,28.237742578889094
106,222,24.650017328513695
106,223,22.040814087488428
106,224,20.091811724640177
106,225,16.80846878871978
106,226,16.316122205072286
106,227,14.473253209621838
106,228,16.068734117427123
106,229,15.377076275255108
106,230,18.492977622097975
106,231,19.397800717808835
106,232,21.79677295020758
106,233,25.207061043167343
106,234,24.237762057953212
106,235,24.736558077751265
106,236,23.196685280710277
106,237,25.973736658924846
106,238,25.837469520846145
106,239,28.88798411641119
106,240,29.77886123586346
106,241,32.96643440730625
106,242,31.335566070158446
106,243,28.40269061178818
106,244,25.86770484318378
106,245,23.029250386097264
106,246,22.523465804398757
106,247,19.734872226988305
106,248,20.646156019668865
106,249,18.872431154828302
106,250,15.865671140808162
106,251,12.424056078296593
106,252,12.205848499918055
106,253,10.278315087036813
106,254,10.042573028899996
106,255,10.046729575717842
106,256,10.07465356530628
106,257,9.584491355021914
106,258,6.2832940912052475
106,259,4.989677430387312
106,260,5.639307148047365
106,261,9.35144122093048
106,262,12.03166040238103
106,263,14.968791542315882
106,264,17.985293215796293
106,265,19.106493293371955
106,266,20.086104629201785
106,267,19.048834018155578
106,268,22.017851102110313
106,269,23.318191790084235
106,270,23.566186355982435
106,271,22.409336182192405
106,272,20.921890422345435
106,273,18.989414693293405
106,274,17.997241139957165
106,275,15.982200835217887
106,276,16.584975323064487
106,277,16.299182052137997
106,278,19.997916974150183
106,279,19.40396287915685
106,280,19.873150979973904
106,281,22.41205706481086
106,282,24.545039929617424
106,283,24.629873171453546
106,284,28.40564027889236
106,285,28.822612333358663
106,286,27.788028719397822
106,287,26.867702870491623
106,288,25.16805688805321
106,289,25.6663115680793
106,290,23.335942089506453
106,291,20.26995822916723
106,292,18.947518167997675
106,293,15.36428020692353
106,294,14.936639417169378
106,295,12.96796261553709
106,296,15.006720513741078
106,297,18.641484501798352
106,298,19.82030446230686
106,299,22.964204380078517
106,300,22.959454195057205
106,301,22.930340347792367
106,302,26.408689179175557
106,303,28.38105049718935
106,304,31.28941260307003
106,305,31.614939370995554
106,306,34.013285612165554
106,307,35.152344064865076
106,308,38.02162083940509
106,309,38.688305236306064
106,310,42.34344333536948
106,311,43.118315405687845
106,312,46.914071748523774
106,313,49.874563300201196
106,314,51.42482980341613
106,315,52.818789523156404
106,316,56.51739281900482
106,317,58.18135517580862
106,318,61.826025480700174
107,1,82.77655942949667
107,2,83.2505051593524
107,3,79.72077258727276
107,4,76.15559270830765
107,5,72.99664706310585
107,6,69.46344534078843
107,7,66.58749524800935
107,8,62.973659657767655
107,9,60.25849463640551
107,10,56.70220525291866
107,11,55.34685228943671
107,12,54.461218052095965
107,13,53.034237100462114
107,14,54.32954606716765
107,15,51.15480328470701
107,16,48.59554018080219
107,17,45.39916946875661
107,18,44.79291589274001
107,19,42.450535973928716
107,20,41.97098607393418
107,21,42.793673946240474
107,22,43.2052227079793
107,23,46.60806152380752
107,24,46.74673024231999
107,25,44.80420135636641
107,26,46.08960141937868
107,27,47.614051054828245
107,28,48.60500603323698
107,29,47.37509615137568
107,30,47.982739407608626
107,31,44.38352080008289
107,32,40.815241671112474
107,33,37.25811856485992
107,34,34.4363389445262
107,35,31.45729263301134
107,36,29.347635375745458
107,37,27.523076780128886
107,38,28.30962681346126
107,39,28.20566768252351
107,40,25.922989109813862
107,41,26.778039409954125
107,42,24.98428667470173
107,43,23.089850757177107
107,44,19.647150342457326
107,45,20.361589726345578
107,46,18.868123939144333
107,47,19.165939911109064
107,48,17.990272607819087
107,49,14.331070799124644
107,50,13.659924722397692
107,51,13.658691685617105
107,52,13.510085063164253
107,53,15.925644838351374
107,54,15.720433273497164
107,55,19.36788535316274
107,56,20.51039135287652
107,57,17.40119989922881
107,58,14.604460222326798
107,59,11.32038710845426
107,60,12.859128339656888
107,61,16.089315018452034
107,62,14.853562910770764
107,63,13.25781544776254
107,64,16.661125548006808
107,65,18.69937018616994
107,66,20.70315891766286
107,67,23.512013215331606
107,68,23.068164824135938
107,69,19.413131865294474
107,70,20.610056246257518
107,71,20.145508570678004
107,72,16.344789576629807
107,73,16.783264844554154
107,74,15.09926075608011
107,75,13.49605643312045
107,76,10.860466161387237
107,77,9.656420473394004
107,78,8.795960359720842
107,79,9.196839922427845
107,80,9.781571170053033
107,81,12.960437949999806
107,82,14.37749175978327
107,83,18.162006375627225
107,84,20.718303966928676
107,85,22.783789745720235
107,86,20.308207112355056
107,87,21.96993468089139
107,88,21.96872456257175
107,89,24.94684156361897
107,90,24.797458912184855
107,91,25.76437424507905
107,92,25.286243209445647
107,93,22.525113273450454
107,94,21.06922714537246
107,95,17.870442111589654
107,96,18.567616107882316
107,97,15.732701295641375
107,98,14.184131311556895
107,99,12.002075361319475
107,100,10.427758657986665
107,101,9.83875760465036
107,102,8.446055122657532
107,103,5.983841706109462
107,104,4.986387558943625
107,105,5.406038891432097
107,106,3.8023993966889473
107,108,3.8090744472295093
107,109,5.342279826511863
107,110,8.485531177273568
107,111,11.041240923641706
107,112,13.407561473680989
107,113,15.851318890336296
107,114,18.774166854885646
107,115,21.809326859304605
107,116,23.772121377076136
107,117,27.41974986867795
107,118,27.567257091354403
107,119,31.26409660319118
107,120,32.141923915820676
107,121,35.887107992985214
107,122,38.06011976622074
107,123,35.730789654000375
107,124,35.22309696946201
107,125,31.84887753154039
107,126,30.12321352216105
107,127,31.10352860959312
107,128,30.83826099188604
107,129,31.490686605280988
107,130,33.08162423722535
107,131,30.35728823109318
107,132,27.903020032791066
107,133,30.053151703276864
107,134,29.001215975307073
107,135,31.89300542976024
107,136,35.22491223959598
107,137,34.853031705948176
107,138,32.64088522800659
107,139,29.239504511587263
107,140,26.105494407498185
107,141,22.358690524151445
107,142,22.038454670639087
107,143,19.816402494913287
107,144,21.95206282357284
107,145,25.599896925596234
107,146,28.049322374369737
107,147,30.8143798595606
107,148,34.2371360436829
107,149,37.730417641151604
107,150,39.56408384808404
107,151,43.287556537235474
107,152,44.03514638785317
107,153,41.803500200178746
107,154,38.16879321736294
107,155,38.07892654539578
107,156,35.96176383471875
107,157,33.115942384515186
107,158,32.072221689234844
107,159,29.819232919347677
107,160,27.94261010944221
107,161,25.20432286216497
107,162,24.767741602715436
107,163,21.921504833306006
107,164,23.908822285028855
107,165,21.12031639127365
107,166,19.645760127133638
107,167,16.000670315479205
107,168,14.26616827659092
107,169,14.674943242749277
107,170,13.004123066294385
107,171,15.926574411689497
107,172,16.246866389656258
107,173,19.80108039058744
107,174,21.977585784077537
107,175,25.368014123602727
107,176,27.943652432627097
107,177,29.953756641411985
107,178,33.32069832422983
107,179,35.61069807683984
107,180,39.00064485376246
107,181,40.544997966697906
107,182,41.87011751579265
107,183,38.43835664737594
107,184,37.27628446442657
107,185,40.26521654097238
107,186,40.46067146345732
107,187,36.93643078919858
107,188,36.58227432759632
107,189,40.225905171981985
107,190,39.568505110080835
107,191,40.21940878993842
107,192,37.12055030075483
107,193,34.076855163462106
107,194,31.508038088688515
107,195,28.131673278402488
107,196,27.173004900196517
107,197,24.149731182485937
107,198,24.25650093881804
107,199,23.318986535798597
107,200,25.319011205203214
107,201,23.262207063460806
107,202,22.563490792021472
107,203,24.514709088062812
107,204,23.629586658453253
107,205,26.902896547002975
107,206,27.214570147646874
107,207,30.550833212796277
107,208,30.569535437323346
107,209,32.11828063238885
107,210,34.97609497713522
107,211,35.23525585102038
107,212,36.03164882429158
107,213,33.22850648130118
107,214,33.317890080884766
107,215,33.2812567171999
107,216,30.108818197909734
107,217,30.736594631280386
107,218,33.97833755993384
107,219,32.70725898233585
107,220,33.17439654019122
107,221,31.20254877711208
107,222,27.520042118676916
107,223,24.73067090673503
107,224,22.426220756767986
107,225,19.017316206029435
107,226,17.824038383412624
107,227,15.422669907677815
107,228,16.198837655546654
107,229,14.716528056701202
107,230,17.560470992628435
107,231,17.748488209767906
107,232,20.034915103467736
107,233,23.59200449761325
107,234,22.976928147863724
107,235,24.04528112024343
107,236,23.04681441656214
107,237,26.10523507256853
107,238,26.508560877701342
107,239,29.69566025298014
107,240,31.010257733384393
107,241,34.39982683666561
107,242,33.13289602793221
107,243,30.45445368773807
107,244,27.72816234763691
107,245,25.158908612974653
107,246,24.28338680297936
107,247,21.342598365646072
107,248,22.236201879884163
107,249,19.922280638303288
107,250,16.507556796784893
107,251,13.070732617648144
107,252,11.885009426536875
107,253,9.049752044772614
107,254,7.790904422107776
107,255,6.718860538068208
107,256,6.855573874655546
107,257,6.978356899837963
107,258,4.8888485013424035
107,259,5.000152253335648
107,260,7.699816041944084
107,261,11.328409239879077
107,262,14.540036273199568
107,263,17.377825712134648
107,264,20.656497537138083
107,265,21.361134932863173
107,266,22.409083628866746
107,267,21.02840030221847
107,268,23.6198944721097
107,269,24.525587926571074
107,270,24.271356666569538
107,271,22.545251655415413
107,272,20.8417316737691
107,273,18.340910316617876
107,274,17.636123930327297
107,275,16.361476983381646
107,276,17.338158994745438
107,277,17.82550513511707
107,278,21.438464643747704
107,279,20.682902103131347
107,280,20.54258723831639
107,281,22.6204737383423
107,282,24.269483001898585
107,283,23.794459215077097
107,284,27.469170916053407
107,285,27.874435124497207
107,286,26.500588163328693
107,287,25.93344744441504
107,288,24.741930479269055
107,289,25.684343968606413
107,290,23.793938067983596
107,291,20.74829797311769
107,292,18.95190952374304
107,293,15.676219209611387
107,294,14.801974708102977
107,295,12.468922670294353
107,296,13.874144031082267
107,297,17.202895249755723
107,298,18.779427975873325
107,299,21.891750942052077
107,300,21.766434458701042
107,301,22.25117273277862
107,302,25.775486424252605
107,303,28.121971792324807
107,304,30.99500462522293
107,305,31.63357668053574
107,306,33.75935984615528
107,307,34.49383487028799
107,308,37.28971688491442
107,309,37.61975109825264
107,310,41.24279838139433
107,311,41.95499559505351
107,312,45.75356170245023
107,313,48.6466358154025
107,314,50.3400492238013
107,315,51.96435153336275
107,316,55.67101513828017
107,317,57.53096832786256
107,318,61.18917582650084
108,1,85.18122363655341
108,2,85.66045279784497
108,3,82.17851889825103
108,4,78.60941639631976
108,5,75.53285521080909
108,6,71.9542804257521
108,7,69.18013444950279
108,8,65.55704862315405
108,9,62.91934365485214
108,10,59.36627346667499
108,11,58.00473335850394
108,12,57.2537182802424
108,13,55.835104507686324
108,14,57.21570668363154
108,15,54.127171811847894
108,16,51.605168034283146
108,17,48.50679553488103
108,18,48.054918873214056
108,19,45.727878503252406
108,20,45.34973664178041
108,21,46.13010990646442
108,22,46.59137566353674
108,23,50.047120572937594
108,24,50.20537877360624
108,25,48.322805531257664
108,26,49.515037649549924
108,27,50.91493623505803
108,28,51.798040503843346
108,29,50.417850846939
108,30,50.86513013149001
108,31,47.2257353438083
108,32,43.731310796958155
108,33,40.11802317681898
108,34,37.44117661923835
108,35,34.512823562186654
108,36,32.5491147586544
108,37,30.58017541377443
108,38,31.473936848500824
108,39,31.123940270410742
108,40,28.601702415652664
108,41,29.096158032325082
108,42,27.351911509086527
108,43,25.069373888559703
108,44,21.5039098253057
108,45,21.790927536020646
108,46,19.695468450853568
108,47,19.88298056884154
108,48,18.63027470612752
108,49,15.070523460499194
108,50,13.764863156428826
108,51,14.343002316385867
108,52,13.75096285264084
108,53,16.59020903913095
108,54,16.31793498802682
108,55,20.06847939049691
108,56,21.12893099174286
108,57,17.821939399004346
108,58,15.458184286172052
108,59,11.789641834933917
108,60,13.041293645182668
108,61,15.933063182319238
108,62,14.07456636929341
108,63,12.018714085408998
108,64,15.458755088905741
108,65,17.312657383489906
108,66,19.875662407483077
108,67,22.43668033545805
108,68,22.405152369666155
108,69,18.625600488878277
108,70,19.131936307952472
108,71,18.754044557299757
108,72,14.959240186948932
108,73,14.63064607290147
108,74,12.401852173934422
108,75,11.46035470573826
108,76,9.00943252318619
108,77,9.124198694577819
108,78,9.344751987850492
108,79,10.75281375704178
108,80,11.093881295688908
108,81,14.693548980815377
108,82,16.155005661482253
108,83,19.947747705584995
108,84,22.717849433261748
108,85,24.28139331179998
108,86,21.48106896238335
108,87,22.84240239195559
108,88,22.375681721270112
108,89,24.939167875464474
108,90,24.39236878761089
108,91,25.3884047404739
108,92,25.42808225927168
108,93,22.68877791112159
108,94,21.645160928439523
108,95,18.492579503976433
108,96,19.504066381190565
108,97,17.158513487047976
108,98,15.635314698353673
108,99,14.242624478562934
108,100,12.259074643243034
108,101,10.6572056865184
108,102,10.015302279817377
108,103,8.55400092613271
108,104,6.060965363406926
108,105,5.0871757399000375
108,106,5.467523059911266
108,107,3.8090744472295093
108,109,3.799564378361069
108,110,5.743080725191503
108,111,8.443599951671118
108,112,10.098929454761297
108,113,12.597213604940418
108,114,15.282236941735889
108,115,18.50473723056839
108,116,20.449527913586618
108,117,24.157625312935938
108,118,24.611920347458387
108,119,28.37489714805845
108,120,29.56707698204571
108,121,33.303103031350595
108,122,35.68841365982384
108,123,33.53240240264965
108,124,33.054467297242965
108,125,29.600787606862784
108,126,28.022167855187895
108,127,29.398674603332527
108,128,29.41760035951465
108,129,30.49443915433646
108,130,32.30916336828981
108,131,29.920917332855336
108,132,27.14664684784832
108,133,29.084367383742876
108,134,27.679014830226485
108,135,30.55192308049892
108,136,33.99264908513061
108,137,33.49762421471299
108,138,31.368287935019953
108,139,27.80503708604601
108,140,24.726286628894176
108,141,20.929459543062993
108,142,20.069199499103007
108,143,17.634260219825073
108,144,20.043981729770863
108,145,23.551431291882746
108,146,26.34914043627136
108,147,28.953055936109664
108,148,32.534108762678855
108,149,35.93439527286125
108,150,37.48211454381759
108,151,41.21885306367876
108,152,42.215761592251205
108,153,39.95315890236913
108,154,36.35590241987054
108,155,36.118655279561516
108,156,34.087179515868165
108,157,31.011443181832803
108,158,29.829533093258785
108,159,27.281925641062934
108,160,25.271456830708942
108,161,22.275392365072925
108,162,21.770434572988584
108,163,18.81073620657966
108,164,20.61271139470901
108,165,17.70423093230007
108,166,16.465760200753866
108,167,12.803593764049104
108,168,11.347307488284356
108,169,11.625833606357098
108,170,10.467856994759279
108,171,13.663274592686241
108,172,14.555436416361639
108,173,18.307096103830055
108,174,20.980044744466145
108,175,24.582795282953473
108,176,27.256801609307537
108,177,29.671837963184938
108,178,32.97452360409191
108,179,35.56524095071822
108,180,38.79302750374676
108,181,40.11683204468499
108,182,41.23060113138341
108,183,37.75527025572987
108,184,36.50640935564176
108,185,39.26041441172768
108,186,39.317646807455105
108,187,35.67155586109682
108,188,35.24615763241271
108,189,38.92800830807583
108,190,38.4160666307138
108,191,39.409749557462135
108,192,36.4060467502195
108,193,33.14331481947977
108,194,30.546972173094165
108,195,26.98511594973799
108,196,25.91973728835435
108,197,22.638646678809746
108,198,22.676448793645143
108,199,21.512478789885574
108,200,23.620508233898324
108,201,22.056584431358175
108,202,21.585857199897305
108,203,23.566165067940823
108,204,22.915564946616772
108,205,26.24014633439018
108,206,26.77047927086108
108,207,30.17704021833392
108,208,30.250797375933118
108,209,32.168512812627476
108,210,34.94491822949109
108,211,35.549431532633704
108,212,36.468330633393094
108,213,33.915639621326896
108,214,34.22851288986093
108,215,33.96374468352419
108,216,30.74217251892413
108,217,31.078149094847333
108,218,34.17005602089102
108,219,32.80235856584009
108,220,33.448469473727684
108,221,31.179341934635765
108,222,27.528946559168652
108,223,24.43629415405069
108,224,22.322584360314995
108,225,18.661321511514195
108,226,17.280546474297743
108,227,14.41334456320342
108,228,14.740976800171486
108,229,12.865061708416365
108,230,15.23403739459468
108,231,15.405015593650763
108,232,17.275707300103228
108,233,20.88996945697338
108,234,20.532248414850347
108,235,21.49098409959801
108,236,20.646049383710604
108,237,23.90862881221543
108,238,24.485900455825266
108,239,27.897694798868937
108,240,29.420602425079636
108,241,32.88662809407699
108,242,31.790885765474282
108,243,29.331713272856405
108,244,26.299748662200777
108,245,23.672818333475206
108,246,22.310854011562526
108,247,19.057960267938356
108,248,19.525284010730687
108,249,16.902147939267333
108,250,13.413809281899704
108,251,9.872188399192027
108,252,8.206562441892743
108,253,5.576269238131395
108,254,4.5751373833224545
108,255,5.351028842953426
108,256,6.676882219474193
108,257,8.267587278890593
108,258,6.355606511240267
108,259,7.978996217584575
108,260,10.404702559004011
108,261,14.185354848180259
108,262,17.249034220485118
108,263,19.900780788542107
108,264,22.859391867819557
108,265,23.496753201428103
108,266,24.020812805529815
108,267,22.302451892061587
108,268,24.757423729846735
108,269,25.291407724057713
108,270,25.341721184822283
108,271,23.703298634222673
108,272,22.52680538210852
108,273,20.18065805920857
108,274,20.06768356570428
108,275,18.928214565487234
108,276,20.316098319800723
108,277,20.746714932886707
108,278,24.289737968247117
108,279,23.172790567771575
108,280,22.903022956864504
108,281,25.19506627609605
108,282,26.668870584121816
108,283,26.289785736358375
108,284,29.895222486682
108,285,30.652172031666794
108,286,29.432215535892954
108,287,29.144992622740965
108,288,28.030199581088308
108,289,29.126505972183644
108,290,27.112566480066043
108,291,24.220639598331232
108,292,22.61139646089404
108,293,19.25584162219574
108,294,18.121671334745013
108,295,15.415513514894394
108,296,16.295035107204335
108,297,19.582512308506473
108,298,21.6090741988002
108,299,24.917691133813246
108,300,25.0782142755609
108,301,25.783110216125575
108,302,29.373797638727012
108,303,31.802197466640674
108,304,34.58306823246236
108,305,35.106727664301374
108,306,37.132430893409065
108,307,37.820905080375795
108,308,40.478093273313945
108,309,40.66633165766544
108,310,44.218679704441875
108,311,44.71419578767234
108,312,48.52212473784523
108,313,51.50264329930612
108,314,53.35214807989259
108,315,54.96775442352893
108,316,58.70623545373315
108,317,60.53419441958076
108,318,64.1489372397878
109,1,83.69658621817811
109,2,84.32530957421608
109,3,80.89556112674188
109,4,77.27443027794764
109,5,74.23240472381991
109,6,70.67640762488372
109,7,67.92001468470272
109,8,64.35660946290177
109,9,61.65300183397515
109,10,58.03933551827517
109,11,56.48462338233096
109,12,55.69501584258639
109,13,54.10807557433533
109,14,55.41436348054882
109,15,52.36740458945783
109,16,50.01971917796638
109,17,47.041791221260794
109,18,46.8434798138234
109,19,44.73329561424826
109,20,44.661481733265184
109,21,45.685055427389905
109,22,46.45183718478261
109,23,49.85366237639933
109,24,49.74584151461257
109,25,47.734981398428445
109,26,48.665714426647824
109,27,49.98939723256239
109,28,50.61663813387901
109,29,49.17392850306497
109,30,49.38702670531766
109,31,45.67744171015265
109,32,42.281701446998824
109,33,38.584246654345726
109,34,35.94556406748658
109,35,33.26728308487047
109,36,31.2575062113769
109,37,28.938940242360648
109,38,29.75298433194894
109,39,29.00169261562
109,40,26.19700235929852
109,41,26.31486957177168
109,42,24.603312693059134
109,43,22.03525856923726
109,44,18.439187998928144
109,45,18.54418450313366
109,46,16.1948717672109
109,47,16.604703534434503
109,48,15.632588808546124
109,49,12.02096680607747
109,50,10.219665488189879
109,51,10.775369421170705
109,52,10.154521938779608
109,53,13.268355000143043
109,54,13.472653541195532
109,55,17.197785999567312
109,56,18.7110470952379
109,57,15.7101448872833
109,58,13.89974750497949
109,59,10.45098974129244
109,60,12.653297845450203
109,61,14.951962965451292
109,62,12.56241944239803
109,63,11.45342927870297
109,64,15.20935974196789
109,65,16.31137445121513
109,66,18.63859124608997
109,67,20.794000260556665
109,68,20.286826663869277
109,69,16.480387181741083
109,70,17.024112862482806
109,71,16.03678234182693
109,72,12.302178401040655
109,73,12.567387094136194
109,74,10.407281485888962
109,75,8.524338887725134
109,76,5.604277953365673
109,77,5.345281319541655
109,78,6.252385459478932
109,79,7.852418706359212
109,80,8.236300609766486
109,81,12.024712099524958
109,82,13.997027249638407
109,83,17.67923841627671
109,84,20.819595205543955
109,85,22.145888332019705
109,86,19.546532706398665
109,87,21.288764183596964
109,88,21.193352903315688
109,89,23.657703956933783
109,90,23.537599767643904
109,91,25.079090262415885
109,92,25.354866734892113
109,93,23.05612140981011
109,94,22.459457305732737
109,95,19.716983534696425
109,96,21.270626852900786
109,97,19.097800357389616
109,98,16.915376688581887
109,99,15.541594000927686
109,100,14.389877030810691
109,101,12.558107865421311
109,102,10.897160853254732
109,103,10.072634452518052
109,104,8.729575484889184
109,105,6.530218589031629
109,106,5.321435712993836
109,107,5.342279826511863
109,108,3.799564378361069
109,110,3.790133080600607
109,111,7.180769225363947
109,112,9.279323693867921
109,113,12.452267462516057
109,114,15.570096712996014
109,115,18.834870473845342
109,116,21.35243108186103
109,117,25.10323148544097
109,118,25.836087076671188
109,119,29.58064902722499
109,120,30.778847000093375
109,121,34.55120173154319
109,122,36.82300889091039
109,123,34.47018371791541
109,124,33.585245118550255
109,125,29.983881509014935
109,126,28.004168324943674
109,127,29.41876670892157
109,128,29.049947267690218
109,129,29.987622840784972
109,130,31.442807303044354
109,131,29.088440436966305
109,132,26.177380869790134
109,133,27.756841821327175
109,134,26.128389935585385
109,135,28.70043301812886
109,136,32.24982607252552
109,137,32.14949829350472
109,138,30.35635014822333
109,139,26.91142488838414
109,140,24.16283732379927
109,141,20.446168663701823
109,142,19.37574168536347
109,143,17.56326912371465
109,144,20.42166953182134
109,145,24.02150665890614
109,146,26.86073141725728
109,147,29.74665202915802
109,148,33.302716122102225
109,149,36.8083202017932
109,150,38.24447099834932
109,151,41.981090403280085
109,152,43.149244656217746
109,153,41.15625413832935
109,154,37.682139070715635
109,155,37.73977323813203
109,156,36.014794461496045
109,157,32.887283893188396
109,158,31.991349786031297
109,159,29.351045293163637
109,160,27.575007999638085
109,161,24.440153304532494
109,162,24.2146529887452
109,163,21.315824661127074
109,164,22.92083091268655
109,165,19.845339915283915
109,166,18.845798621184983
109,167,15.349974537150855
109,168,14.34269858086766
109,169,14.188337252257776
109,170,12.95750697239402
109,171,15.72737659682263
109,172,16.118682609761223
109,173,19.82943376909997
109,174,22.367298980090684
109,175,26.009454019309082
109,176,28.301676731319294
109,177,30.750412689794537
109,178,33.8253513655728
109,179,36.28905624037051
109,180,39.60765402472298
109,181,41.170206279692124
109,182,42.0288630506401
109,183,38.42583392656205
109,184,37.52709643534348
109,185,40.31349220557182
109,186,40.04128165161169
109,187,36.439112564996584
109,188,36.38897507095792
109,189,40.14460049910118
109,190,39.9509600249715
109,191,40.95408070853155
109,192,38.1495619331553
109,193,34.921879078570505
109,194,32.61224378379085
109,195,29.10466875231338
109,196,28.418710744871028
109,197,25.23673207290949
109,198,25.63908108471138
109,199,24.686925978199234
109,200,27.005397313069178
109,201,25.614663539133655
109,202,24.97824749865348
109,203,26.702714913055598
109,204,25.756565942953987
109,205,28.876956574122744
109,206,29.05184135353669
109,207,32.26472984616721
109,208,31.936607454126435
109,209,33.67580771660642
109,210,36.19385960425699
109,211,36.59210633341318
109,212,37.15458920751196
109,213,34.47221033532116
109,214,34.41985155301617
109,215,33.80482404250286
109,216,30.368946392913173
109,217,30.332761200388692
109,218,33.59116291684263
109,219,32.62490514157265
109,220,33.6551600511077
109,221,31.630665031724273
109,222,28.126910900931215
109,223,25.236580865223864
109,224,23.580527636384847
109,225,20.016712911775965
109,226,19.28508131558385
109,227,16.786778558972134
109,228,17.609734608127194
109,229,16.079157789400785
109,230,18.370731610405485
109,231,18.726462549577562
109,232,20.27979170656629
109,233,23.893244026850816
109,234,23.66448830351861
109,235,24.346541328937022
109,236,23.312495614069523
109,237,26.500455924697402
109,238,26.771438058225776
109,239,30.18117894811136
109,240,31.431024405033355
109,241,34.74377544651996
109,242,33.34786998823253
109,243,30.68864025255772
109,244,27.740444184188142
109,245,24.75472424656061
109,246,23.541083320019688
109,247,20.206559112910337
109,248,20.213161569415504
109,249,17.906040331579693
109,250,14.811806288517722
109,251,11.029292206356336
109,252,9.577523669756989
109,253,8.212219959465125
109,254,6.978302743640113
109,255,7.802662598227965
109,256,7.440359065077905
109,257,7.791637757131629
109,258,4.881703784758122
109,259,6.933811809215919
109,260,8.921079126150818
109,261,12.525856570461059
109,262,15.582525003920411
109,263,17.714095417492505
109,264,20.369305116554035
109,265,20.70832513182888
109,266,20.83625967921614
109,267,18.886767708580866
109,268,21.25540577231038
109,269,21.708938603682583
109,270,21.994858935287084
109,271,20.626168523785978
109,272,19.799928448185046
109,273,17.88432852953486
109,274,17.994763952884796
109,275,16.667321891004473
109,276,18.37279350601309
109,277,18.732503602663922
109,278,22.092302389755663
109,279,20.596477679532253
109,280,20.318424050675084
109,281,22.91934310047767
109,282,24.473102105580587
109,283,24.52573413555818
109,284,28.141888346630658
109,285,29.205943408707416
109,286,28.4368192749132
109,287,28.18786415778069
109,288,26.82456321349399
109,289,27.932653347075465
109,290,25.591273598072174
109,291,23.00744743494089
109,292,21.95809360704048
109,293,18.395242955041407
109,294,16.917350298102107
109,295,13.962928999215913
109,296,14.75412765867502
109,297,18.23898754455684
109,298,20.31326545248034
109,299,23.845825768136812
109,300,24.50138362878692
109,301,25.170823224328103
109,302,28.87156481125487
109,303,31.260051639127745
109,304,33.810732136351874
109,305,33.93522095307033
109,306,35.91986483569016
109,307,36.80363456346125
109,308,39.312783635825916
109,309,39.60123212378911
109,310,43.09713489655302
109,311,43.41830788396936
109,312,47.23181660743771
109,313,50.36545953760493
109,314,52.257553113270596
109,315,53.659476401960454
109,316,57.4270872641436
109,317,59.06110865518474
109,318,62.615343948487116
110,1,86.8565360023452
110,2,87.5436499431587
110,3,84.154247522863
110,4,80.51694016808331
110,5,77.5200467949886
110,6,73.96084831300823
110,7,71.24844853811884
110,8,67.70771059494386
110,9,65.008425626219
110,10,61.379199232848165
110,11,59.74785511719974
110,12,58.96863915148534
110,13,57.29927835559637
110,14,58.56134018664194
110,15,55.53966251413676
110,16,53.30040352724676
110,17,50.384759854296114
110,18,50.2906808834602
110,19,48.276673560191604
110,20,48.294453458531265
110,21,49.38606389385498
110,22,50.20186516616229
110,23,53.58703644229324
110,24,53.421012121386916
110,25,51.35397734707865
110,26,52.2261510559202
110,27,53.54985300360287
110,28,54.08520106482672
110,29,52.62288511042269
110,30,52.72188045796551
110,31,48.983598146993536
110,32,45.648771993618816
110,33,41.91894530897936
110,34,39.30802639637873
110,35,36.75141323337141
110,36,34.706781800401515
110,37,32.22827415399871
110,38,32.909263801196175
110,39,31.89388155663569
110,40,28.881491001084783
110,41,28.624129328258594
110,42,26.770658611734213
110,43,23.972567215623023
110,44,20.493072408857383
110,45,20.475999954630044
110,46,17.676586416769528
110,47,18.35713847914958
110,48,17.638137108304363
110,49,14.244360171808319
110,50,11.654959480700366
110,51,12.227387296794278
110,52,10.670863742691187
110,53,13.695055798040237
110,54,13.46612581624042
110,55,17.081796904722285
110,56,18.26000194519845
110,57,15.121349619816137
110,58,13.870242400270817
110,59,10.356693121782131
110,60,12.094189341409672
110,61,13.767949845636917
110,62,10.819214413341289
110,63,9.48930326305906
110,64,13.10108512916873
110,65,13.802512032227654
110,66,16.569135711959643
110,67,18.41090140110125
110,68,18.343089345130867
110,69,14.524620874560041
110,70,14.358137627281822
110,71,13.607773567346834
110,72,9.968587785416211
110,73,9.363280207759889
110,74,6.830423545463891
110,75,5.8742716440820395
110,76,4.245423002399775
110,77,6.495518655421799
110,78,8.956451579501598
110,79,10.52696916763505
110,80,9.996713169845101
110,81,13.624212291580672
110,82,15.171952360232925
110,83,18.65524878273335
110,84,21.797448475133553
110,85,22.52152598485768
110,86,19.593945444516986
110,87,20.887938502454684
110,88,20.294402253452855
110,89,22.262048416748215
110,90,21.78408792463011
110,91,23.398523767589335
110,92,24.20104997027149
110,93,22.078692402988988
110,94,22.004953976129528
110,95,19.528574671835653
110,96,21.505965853355118
110,97,19.92335780058299
110,98,17.629026809882358
110,99,17.051792063151247
110,100,15.856274270037522
110,101,13.232255063550372
110,102,12.0616995849697
110,103,12.220244196637292
110,104,10.391605375581301
110,105,7.312763135592035
110,106,7.647859063654587
110,107,8.485531177273568
110,108,5.743080725191503
110,109,3.790133080600607
110,111,3.795313731883831
110,112,5.5498347744862775
110,113,8.861597684238873
110,114,12.076523542272247
110,115,15.313158936231831
110,116,18.063668299306528
110,117,21.80060488796737
110,118,22.74989766103123
110,119,26.468884665368545
110,120,27.79911901005345
110,121,31.551405188643365
110,122,33.8671260031882
110,123,31.554005870961493
110,124,30.54909736882566
110,125,26.877924762030432
110,126,24.89951677894251
110,127,26.600986297252046
110,128,26.37471252200971
110,129,27.633854742651977
110,130,29.22179689169497
110,131,27.206288743287292
110,132,24.03026641897666
110,133,25.370719956921707
110,134,23.446191231501423
110,135,25.99140715070439
110,136,29.599466170593466
110,137,29.392285189949945
110,138,27.700194451243075
110,139,24.166227687470187
110,140,21.550737907778448
110,141,17.878909032931222
110,142,16.32440884990046
110,143,14.546145041911942
110,144,17.702055639164442
110,145,21.154812516428947
110,146,24.22264179833724
110,147,27.048736660760735
110,148,30.670347650729568
110,149,34.11540576535289
110,150,35.3099601178289
110,151,39.033375108543524
110,152,40.41855277629293
110,153,38.519531479583435
110,154,35.14789690839388
110,155,35.244630712544854
110,156,33.749056692417874
110,157,30.48863555359394
110,158,29.70372916441429
110,159,26.89906053539753
110,160,25.280786481353875
110,161,22.026056276728152
110,162,22.099801848365157
110,163,19.40605812712676
110,164,20.984113684213597
110,165,18.03771075507097
110,166,17.700878205513636
110,167,14.316465495721367
110,168,13.420488397613557
110,169,12.522149566920989
110,170,11.44184845481081
110,171,13.81945574781523
110,172,14.28254970101336
110,173,17.94562433901965
110,174,20.728490661042102
110,175,24.46444607677426
110,176,26.643326554987105
110,177,29.4092008025042
110,178,32.30901195506671
110,179,34.97128897358638
110,180,38.137581834771964
110,181,39.57008315722898
110,182,40.16240455482362
110,183,36.51576084620286
110,184,35.664245567728244
110,185,38.24645947980418
110,186,37.758802651526814
110,187,34.10599652294954
110,188,34.133906171586254
110,189,37.9126819593695
110,190,37.95960357382113
110,191,39.22419635781135
110,192,36.60889050127115
110,193,33.26124421629726
110,194,31.103561152620856
110,195,27.543729872335017
110,196,27.020660180640952
110,197,23.80286873823018
110,198,24.44058912215125
110,199,23.608274320881748
110,200,26.19702513307315
110,201,25.300974346244384
110,202,24.585993920103185
110,203,26.032980624160125
110,204,25.043813012845813
110,205,27.993933347898157
110,206,28.12776690910388
110,207,31.24085245719186
110,208,30.777787574187265
110,209,32.737725492344765
110,210,35.05594069363859
110,211,35.69217715135087
110,212,36.25924382207975
110,213,33.81404742441506
110,214,33.902149382439966
110,215,33.01116202064462
110,216,29.548007804968847
110,217,29.184695927247695
110,218,32.26820796476695
110,219,31.278963655275184
110,220,32.53642830266888
110,221,30.32119109797399
110,222,26.94488817419635
110,223,23.90258612103149
110,224,22.61624165114887
110,225,18.99187660424509
110,226,18.427503081876242
110,227,15.90053422563484
110,228,16.70202271649355
110,229,15.357182078615688
110,230,17.28221039662424
110,231,18.032660225820823
110,232,19.25699872844781
110,233,22.69388950317717
110,234,22.46476671842793
110,235,22.697207152613345
110,236,21.510112726574924
110,237,24.643141526584223
110,238,24.769691415219423
110,239,28.250942173770213
110,240,29.45421970819812
110,241,32.6940308127116
110,242,31.294600894117288
110,243,28.753880773910325
110,244,25.65633201103769
110,245,22.532497630592346
110,246,21.049851911683785
110,247,17.54620197754906
110,248,17.067386818885975
110,249,14.817968810736765
110,250,12.054674880806244
110,251,8.312203840108937
110,252,7.243369877052188
110,253,7.463198996600168
110,254,7.565419829906361
110,255,9.898828269048675
110,256,10.357784420753985
110,257,11.325461245867897
110,258,8.617962550515042
110,259,10.432676052378033
110,260,11.651493056135182
110,261,15.123702285347742
110,262,17.69509377931483
110,263,19.717029310234224
110,264,21.929231306561086
110,265,22.44833342318637
110,266,22.126786278845444
110,267,20.141648913299107
110,268,22.5217641176579
110,269,22.84226746320439
110,270,23.654198071632077
110,271,22.67125265211269
110,272,22.358094841387167
110,273,20.81871330369106
110,274,21.16253408821044
110,275,19.667676704799373
110,276,21.379393606798857
110,277,21.364916759890377
110,278,24.660774541299702
110,279,23.069163293319164
110,280,22.991573987460534
110,281,25.860592107120723
110,282,27.478086491173354
110,283,27.78469167977256
110,284,31.35974592131069
110,285,32.61070191706501
110,286,32.01831830441611
110,287,31.78463461374368
110,288,30.29945286010945
110,289,31.299340765882704
110,290,28.759907309648188
110,291,26.230666703933586
110,292,25.380147921185703
110,293,21.720752801523027
110,294,20.37369719003703
110,295,17.468095679933747
110,296,18.2218142681185
110,297,21.699474333013278
110,298,23.83872445214928
110,299,27.430127561981582
110,300,28.20179638209623
110,301,28.788605675350986
110,302,32.480976585170446
110,303,34.75965607328155
110,304,37.30991347491862
110,305,37.289680483562464
110,306,39.33424163436853
110,307,40.33778907260496
110,308,42.80646765527041
110,309,43.136922595850955
110,310,46.59997063981677
110,311,46.82384804595571
110,312,50.63182854932731
110,313,53.83109024066542
110,314,55.75760783731568
110,315,57.072248343984
110,316,60.84873971345309
110,317,62.38871013795827
110,318,65.90641001962666
111,1,90.12891407043654
111,2,90.88518709366647
111,3,87.49765383981133
111,4,83.83990620272102
111,5,80.81839647428045
111,6,77.2925427532916
111,7,74.5356508636094
111,8,71.02569256031366
111,9,68.25458276515374
111,10,64.59579109277121
111,11,62.866799940260236
111,12,61.963393449606805
111,13,60.16454922624124
111,14,61.27151942340311
111,15,58.184330913771774
111,16,56.060025038990545
111,17,53.120701201928476
111,18,53.00641876153193
111,19,51.107476618348514
111,20,51.13271821890487
111,21,52.35222742269321
111,22,53.159522501292216
111,23,56.470903834094685
111,24,56.222313471197474
111,25,54.01242100400521
111,26,54.91781311530106
111,27,56.38555930440136
111,28,56.91491630595231
111,29,55.58408016887739
111,30,55.69337211269744
111,31,51.94573861106629
111,32,48.608946678507436
111,33,44.8763873534197
111,34,42.144889985523676
111,35,39.696850767793705
111,36,37.444824383266216
111,37,34.86238498194386
111,38,35.22538901640025
111,39,34.04845825752666
111,40,30.93548587534487
111,41,30.469631281558993
111,42,28.287552865138327
111,43,25.52171982382518
111,44,22.303080187732327
111,45,22.588602914644913
111,46,19.728976277222827
111,47,20.933699840487833
111,48,20.593917903559326
111,49,17.233466557802213
111,50,14.22873227106162
111,51,14.173324375704942
111,52,11.693783115251849
111,53,14.019426423291366
111,54,12.938917108180911
111,55,16.301501841670127
111,56,16.815196752011207
111,57,13.49948463498844
111,58,12.616230988385759
111,59,9.28476119543137
111,60,10.2523946326474
111,61,11.277459292597952
111,62,8.131808307600794
111,63,6.513473800708469
111,64,9.810631771858919
111,65,10.273752554205748
111,66,13.339699499048143
111,67,15.124828006515976
111,68,15.565803787292886
111,69,11.843259122586574
111,70,11.292398759020118
111,71,11.301449339788572
111,72,7.820145107767147
111,73,6.364363345465058
111,74,4.622194304281123
111,75,5.326793801580527
111,76,6.28210002067247
111,77,9.117862080417666
111,78,12.133186928442603
111,79,12.976750913955414
111,80,11.393567265688294
111,81,14.529965182867574
111,82,15.27482856745417
111,83,18.479028009575874
111,84,21.36307096411179
111,85,21.57580868536548
111,86,18.313308969246467
111,87,19.01368801438076
111,88,17.887814806366897
111,89,19.44810418558586
111,90,18.619006434020598
111,91,20.210453461227978
111,92,21.38090366158532
111,93,19.451329590495426
111,94,19.861339618790634
111,95,17.769654152397422
111,96,20.18879080032744
111,97,19.2549270472007
111,98,16.79223595880193
111,99,17.038519752191778
111,100,16.078026694004386
111,101,12.83463111123012
111,102,12.01517517898918
111,103,13.251920281849843
111,104,11.505427281130983
111,105,7.911880896299084
111,106,9.266017039846847
111,107,11.041240923641706
111,108,8.443599951671118
111,109,7.180769225363947
111,110,3.795313731883831
111,112,3.8129195162611444
111,113,6.084676733469715
111,114,9.778415288457406
111,115,12.489121166784209
111,116,15.50638314166657
111,117,19.11604609002979
111,118,19.896010646919862
111,119,23.507958496101413
111,120,24.638452610506455
111,121,28.39379756404202
111,122,30.547610149028433
111,123,28.10222891169929
111,124,26.929408030281806
111,125,23.23361667020686
111,126,21.146726335072184
111,127,22.86526303073513
111,128,22.651609344126307
111,129,24.040172928496382
111,130,25.733578821875746
111,131,23.911680313020643
111,132,20.6210827835441
111,133,21.92655726884375
111,134,19.97414544722349
111,135,22.65934081723639
111,136,26.21704934469832
111,137,25.81416683864912
111,138,24.05728877663467
111,139,20.47325830198488
111,140,17.868400095322645
111,141,14.228365086369164
111,142,12.537944491379424
111,143,10.838670520878413
111,144,14.133206314447218
111,145,17.560232849447306
111,146,20.642488830876836
111,147,23.540162565037683
111,148,27.13411451373074
111,149,30.59626347194657
111,150,31.749801830566277
111,151,35.461228014114035
111,152,36.897252571155406
111,153,35.135296034517346
111,154,31.851941759812714
111,155,32.14669912179928
111,156,30.896712051261403
111,157,27.661107948816486
111,158,27.20204328186472
111,159,24.4756547693577
111,160,23.27759426303839
111,161,20.165725874551427
111,162,20.84972267797101
111,163,18.669852038686162
111,164,20.5756722589854
111,165,18.098425963204264
111,166,18.528443034693844
111,167,15.204243185041078
111,168,13.895666597885377
111,169,11.967467030805938
111,170,10.392671022881462
111,171,11.819796324130525
111,172,11.770243741675262
111,173,15.19022828428688
111,174,17.92646474953515
111,175,21.646483803446497
111,176,23.597453181018807
111,177,26.52798283135819
111,178,29.241527083913095
111,179,31.985727493011925
111,180,35.05264975050749
111,181,36.4535030389626
111,182,36.84964096777435
111,183,33.172666127489244
111,184,32.42841810191756
111,185,34.91948006805569
111,186,34.264648811317386
111,187,30.621634756192854
111,188,30.798661142584326
111,189,34.591526312775
111,190,34.84816149757409
111,191,36.20562658602689
111,192,33.779756296766706
111,193,30.42818024101452
111,194,28.519571619803926
111,195,25.033187415292
111,196,24.875638834170367
111,197,21.841846958641447
111,198,22.95622325687291
111,199,22.57692311914746
111,200,25.54093617583621
111,201,24.956603614424985
111,202,23.8590396761418
111,203,24.80545809706147
111,204,23.50879287016053
111,205,26.135419130661504
111,206,26.003535014289533
111,207,28.903267817078202
111,208,28.18637022923211
111,209,30.20056908493953
111,210,32.292112195630565
111,211,33.03796247117005
111,212,33.550065357979115
111,213,31.29095312891692
111,214,31.47406618186508
111,215,30.377746314834816
111,216,26.938806866800988
111,217,26.36951779344736
111,218,29.279600197572893
111,219,28.249083574096897
111,220,29.65850374421657
111,221,27.3437261097865
111,222,24.10921010252268
111,223,21.038959399931738
111,224,20.151120621403667
111,225,16.620795280931635
111,226,16.474786643239888
111,227,14.304968608343746
111,228,15.506592303102764
111,229,14.859872848472147
111,230,16.765792538413073
111,231,18.23994988571721
111,232,19.52883057671126
111,233,22.627283078491107
111,234,22.010756291850836
111,235,21.605514923781353
111,236,19.9379378494169
111,237,22.75424013787116
111,238,22.438612643007062
111,239,25.812275373707834
111,240,26.731654162719536
111,241,29.80166615021225
111,242,28.231322662153072
111,243,25.66125061000318
111,244,22.5936212689112
111,245,19.30154591627709
111,246,17.87422674989899
111,247,14.420878090045148
111,248,13.775837497461689
111,249,12.024364598476282
111,250,9.873800531721335
111,251,6.51139175141115
111,252,7.1926608913037615
111,253,8.70192456007404
111,254,10.219453387697795
111,255,13.025259274641577
111,256,13.971550388587387
111,257,14.942804958563597
111,258,11.951081542275672
111,259,13.011556932774008
111,260,13.341054924243673
111,261,16.586174520011358
111,262,18.51456927350869
111,263,20.603769105990946
111,264,22.44377422144363
111,265,23.41389755445713
111,266,22.966046123618767
111,267,21.331359795990696
111,268,23.965402818803796
111,269,24.541137850872435
111,270,25.828196369406548
111,271,25.29431486926376
111,272,25.157806830606493
111,273,23.93670754256025
111,274,24.06968092433289
111,275,22.167801724117226
111,276,23.528168138312555
111,277,22.950613704718844
111,278,26.26536825655864
111,279,24.897531616746793
111,280,25.282308241430748
111,281,28.391987797262836
111,282,30.303717216593512
111,283,30.878246478879454
111,284,34.50252904924566
111,285,35.68965306789647
111,286,35.18342242967677
111,287,34.7083131469735
111,288,32.96464962669484
111,289,33.64073509212934
111,290,30.901064926589335
111,291,28.285304463957026
111,292,27.573091973910753
111,293,23.82901165562827
111,294,22.903564881400992
111,295,20.31594479215036
111,296,21.454096053091202
111,297,25.047522906271684
111,298,26.939692394977378
111,299,30.480125343150704
111,300,31.154331357298105
111,301,31.416883665041603
111,302,35.02908488893742
111,303,37.045589288907195
111,304,39.70630468341083
111,305,39.59315027822121
111,306,41.85143433199631
111,307,43.085554151386255
111,308,45.65158594139542
111,309,46.18504986716794
111,310,49.68571223374027
111,311,49.99502637184319
111,312,53.79886128074401
111,313,57.005267284262985
111,314,58.824513203610316
111,315,60.03457437821109
111,316,63.796143586370725
111,317,65.24178222967612
111,318,68.76062042630508
112,1,91.84508325612015
112,2,92.55881000670647
112,3,89.21486634348953
112,4,85.57468927686804
112,5,82.64120733228664
112,6,79.0637546008525
112,7,76.42184578536828
112,8,72.89031811389381
112,9,70.23353921793658
112,10,66.60680615546369
112,11,64.94419742250146
112,12,64.21968010563796
112,13,62.51152617127457
112,14,63.766596522281084
112,15,60.78531968749798
112,16,58.62392398917738
112,17,55.76681802163741
112,18,55.7505298847612
112,19,53.78213701607387
112,20,53.83681282920382
112,21,54.92745688212631
112,22,55.7300398633243
112,23,59.12591379232196
112,24,58.97064917327123
112,25,56.89172178044691
112,26,57.74816819189012
112,27,59.06150926299373
112,28,59.54180923793835
112,29,58.03962555159058
112,30,58.04297548186722
112,31,54.28729195212627
112,32,51.00931089928724
112,33,47.25971913900074
112,34,44.70230346989797
112,35,42.21254574681677
112,36,40.17957538425577
112,37,37.61243664180514
112,38,38.21451863820634
112,39,37.007621503234674
112,40,33.844802542945324
112,41,33.26223368484645
112,42,31.309471096936097
112,43,28.338713511740423
112,44,25.02549385929813
112,45,24.85080507331322
112,46,21.692515796441512
112,47,22.48864241440365
112,48,21.923176486443957
112,49,18.881690790935824
112,50,15.871731436367797
112,51,16.553041224051626
112,52,14.363683431970626
112,53,16.995225373917673
112,54,16.24624024227346
112,55,19.447128077807843
112,56,20.027382512908662
112,57,16.868533489017782
112,58,16.30211438594223
112,59,13.063637174430253
112,60,13.720424012764362
112,61,14.48104912530207
112,62,11.248933802395877
112,63,9.450979084177854
112,64,12.035195879488953
112,65,12.17067306096943
112,66,15.617981413067398
112,67,16.883128512330373
112,68,17.763420624005747
112,69,14.266779318363989
112,70,12.754698767161436
112,71,12.728561777193146
112,72,9.885700982760877
112,73,7.24216869512766
112,74,4.134822425557623
112,75,6.6125606268048225
112,76,7.677430432563598
112,77,11.177177565979491
112,78,14.154697514682207
112,79,15.759956891422739
112,80,14.701580628761834
112,81,17.969754679827783
112,82,18.960997451389566
112,83,22.09584922752083
112,84,25.052805665597056
112,85,25.084140234987057
112,86,21.824704897715126
112,87,22.365951871772562
112,88,20.986425526863567
112,89,22.11835979999019
112,90,20.932551229038424
112,91,22.40908343673554
112,92,23.965261625306415
112,93,22.057032680343077
112,94,22.630481398575057
112,95,20.525871118500927
112,96,22.818435842697973
112,97,22.03745958070011
112,98,19.922268182886842
112,99,20.29615666912797
112,100,18.88997902360671
112,101,15.620146594866451
112,102,15.365246695850793
112,103,16.289515605399302
112,104,13.93138015353861
112,105,10.761687626420805
112,106,12.433651268391895
112,107,13.407561473680989
112,108,10.098929454761297
112,109,9.279323693867921
112,110,5.5498347744862775
112,111,3.8129195162611444
112,113,3.8031768981378633
112,114,6.817120975135298
112,115,10.069126307373033
112,116,13.079899176709178
112,117,16.759692096069998
112,118,18.145704344565917
112,119,21.80036816595888
112,120,23.459753521084448
112,121,27.118897701013168
112,122,29.594270044472825
112,123,27.49364358994612
112,124,26.45054626374983
112,125,22.736545201133705
112,126,20.9877116503152
112,127,23.256061210721068
112,128,23.486425609978944
112,129,25.38387589583664
112,130,27.304421998538285
112,131,25.924552892928425
112,132,22.434371657033573
112,133,23.41600909074389
112,134,21.066608321592387
112,135,23.57241512699616
112,136,27.17072315270741
112,137,26.641019402287178
112,138,25.064217070811196
112,139,21.40376581637153
112,140,19.012564823015307
112,141,15.573162515191324
112,142,13.129468289347935
112,143,11.216509505522657
112,144,14.666241327973916
112,145,17.610337377727742
112,146,21.07355744831459
112,147,23.579955226163346
112,148,27.29312935826106
112,149,30.52686025652854
112,150,31.274158575974923
112,151,34.94826577250905
112,152,36.67688867044276
112,153,34.843850601173315
112,154,31.640911906752578
112,155,31.657146236420672
112,156,30.464961001222186
112,157,26.999509183272973
112,158,26.26950680217335
112,159,23.19080728027744
112,160,21.751126564793736
112,161,18.344163046836822
112,162,18.8107277756385
112,163,16.533063726381826
112,164,17.956284788648393
112,165,15.393128543296537
112,166,16.1669106159337
112,167,13.284881648731169
112,168,12.705852481803813
112,169,10.796128712099566
112,170,10.38795363132317
112,171,11.9045468379997
112,172,12.772743394359246
112,173,16.079366314249288
112,174,19.24576275478005
112,175,22.982785071883562
112,176,25.0563715229704
112,177,28.28023552877541
112,178,30.91056711690241
112,179,33.90224009441975
112,180,36.73220379299233
112,181,37.83350694107338
112,182,38.06517406240961
112,183,34.440607351890655
112,184,33.5412183608862
112,185,35.71291214840473
112,186,34.98107101291519
112,187,31.260691710831228
112,188,31.26651063889397
112,189,35.00987806528437
112,190,35.350865507067276
112,191,37.062342329737135
112,192,34.722763466609685
112,193,31.200997668937646
112,194,29.218487028713113
112,195,25.618054550649017
112,196,25.20854040426633
112,197,21.96438752353611
112,198,22.79585247471157
112,199,22.05227927093016
112,200,24.880344513451703
112,201,24.787093603787852
112,202,24.103965927586493
112,203,25.187490578801487
112,204,24.322735896849725
112,205,26.993816954049375
112,206,27.22294015870164
112,207,30.178670192039274
112,208,29.67380075411266
112,209,32.02633584840387
112,210,34.07816977910437
112,211,35.163879540816694
112,212,35.85812189161866
112,213,33.869688474959304
112,214,34.29039221090504
112,215,33.115401059137476
112,216,29.760074374379897
112,217,29.02010067849258
112,218,31.698981708116673
112,219,30.560918512021708
112,220,32.022456826014384
112,221,29.4619872596887
112,222,26.330568027297605
112,223,23.063889815598127
112,224,22.262225742077955
112,225,18.68598357114008
112,226,18.167852811256335
112,227,15.619317406504845
112,228,16.064831380892144
112,229,14.945594029139091
112,230,16.000848276017393
112,231,17.207294897320438
112,232,17.7882521563501
112,233,20.763373737326507
112,234,20.601605202328372
112,235,20.17691467977609
112,236,18.91428505915784
112,237,21.91233331719015
112,238,21.956066890294505
112,239,25.510606950488967
112,240,26.758239696709968
112,241,29.886248289978212
112,242,28.65359680975363
112,243,26.477695286341238
112,244,23.130791827679115
112,245,20.00287913811711
112,246,17.930307082238524
112,247,14.213931215200398
112,248,12.793862018619267
112,249,10.494656966491341
112,250,8.530786582905964
112,251,5.680054239463627
112,252,5.6124831759760285
112,253,8.462296438142742
112,254,10.15806774995439
112,255,13.568775986867696
112,256,14.871688177233448
112,257,16.50524494474702
112,258,14.112785115228313
112,259,15.88941969645993
112,260,16.743398015382613
112,261,20.08538206589564
112,262,22.194745985240193
112,263,24.156677344314183
112,264,25.92457088523008
112,265,26.650832918498022
112,266,25.90806684361287
112,267,23.940820872068365
112,268,26.22786493237583
112,269,26.333030451279946
112,270,27.630830202167825
112,271,26.97564108147002
112,272,27.149089632268666
112,273,25.873453521800688
112,274,26.464651710101453
112,275,24.92537559507347
112,276,26.629902469645767
112,277,26.324114879425313
112,278,29.552860239692606
112,279,27.918103354398262
112,280,27.983036259863034
112,281,31.018446802677346
112,282,32.621840693007464
112,283,33.06487806592047
112,284,36.57177767433788
112,285,37.99116278210892
112,286,37.48430105276343
112,287,37.312812919465664
112,288,35.79442232938963
112,289,36.72752632225341
112,290,34.07235022753339
112,291,31.55419494732638
112,292,30.774543297821296
112,293,27.07541017522004
112,294,25.86301217558059
112,295,22.988499039906472
112,296,23.645685691312735
112,297,27.052542922443283
112,298,29.311083699442356
112,299,32.93576974042447
112,300,33.7483505678182
112,301,34.3158056876158
112,302,37.99284139132139
112,303,40.20042343708127
112,304,42.78669973916035
112,305,42.70361713395049
112,306,44.79117668464203
112,307,45.85012289711699
112,308,48.28495354391859
112,309,48.59928766932988
112,310,52.02679025294205
112,311,52.146557154212545
112,312,55.94642276805405
112,313,59.19292365705439
112,314,61.18071288843425
112,315,62.45684232130083
112,316,66.24141988478003
112,317,67.7240307356888
112,318,71.20589270720296
113,1,95.55598304925813
113,2,96.26206655783918
113,3,92.90057684050213
113,4,89.26212756665265
113,5,86.30182747723067
113,6,82.73138551569171
113,7,80.05625701412183
113,8,76.51812804246089
113,9,73.83776100999626
113,10,70.20722884483266
113,11,68.54537110606603
113,12,67.75678257286405
113,13,66.01870500081017
113,14,67.2020636352442
113,15,64.15942244384163
113,16,62.010324677548695
113,17,59.091784024611535
113,18,58.978107539253635
113,19,57.00630028612169
113,20,56.961909779392016
113,21,58.05274463395329
113,22,58.74364228306898
113,23,62.115231855368144
113,24,62.00084664765178
113,25,59.87001048217493
113,26,60.84079563940533
113,27,62.2766677223614
113,28,62.84104148415774
113,29,61.43990153182638
113,30,61.52635116050687
113,31,57.77770378494564
113,32,54.45706061578933
113,33,50.719854547141814
113,34,48.06584431581264
113,35,45.55286094342131
113,36,43.39714217284618
113,37,40.86315550495992
113,38,41.29622624340304
113,39,40.11139776184281
113,40,36.96174432501228
113,41,36.372418301837556
113,42,34.20115026203281
113,43,31.335972653846344
113,44,28.16337295714443
113,45,28.224904723686635
113,46,25.111423464065417
113,47,26.124476813168588
113,48,25.663207826959457
113,49,22.572271582360457
113,50,19.495616895603696
113,51,19.86307676602783
113,52,17.307171015050297
113,53,19.47424350585583
113,54,18.12485454083094
113,55,21.07926161946859
113,56,21.019096889282576
113,57,17.75597971198294
113,58,17.259390191994044
113,59,14.246432698672761
113,60,13.926428065637118
113,61,14.333510886500246
113,62,11.540160116585676
113,63,9.213794490745515
113,64,10.664394008086099
113,65,10.906599776378824
113,66,14.641480236057726
113,67,15.878215515832238
113,68,17.549587134846924
113,69,14.439192196550197
113,70,12.509037371654859
113,71,13.504683706444592
113,72,11.214989056793902
113,73,7.841623601988107
113,74,6.179593001488671
113,75,9.521285672391002
113,76,11.268687576834028
113,77,14.694844844656744
113,78,17.70248872223262
113,79,18.971769298578128
113,80,17.459125374111107
113,81,20.466263786776175
113,82,20.864683053996448
113,83,23.826169280325548
113,84,26.44064991619546
113,85,26.199277390085552
113,86,22.696912018416807
113,87,22.60148822825826
113,88,20.62828002896808
113,89,21.33068524109882
113,90,19.55032801924946
113,91,20.63124748165199
113,92,22.487053447857278
113,93,20.60522371492642
113,94,21.458957226711252
113,95,19.602578964243005
113,96,21.983022828152993
113,97,21.785875411449688
113,98,19.901718122741613
113,99,20.940972748824542
113,100,19.45256581216003
113,101,15.893588498138614
113,102,16.31267753553111
113,103,17.746058619189487
113,104,15.250401301451781
113,105,12.221877168748911
113,106,14.655465192871366
113,107,15.851318890336296
113,108,12.597213604940418
113,109,12.452267462516057
113,110,8.861597684238873
113,111,6.084676733469715
113,112,3.8031768981378633
113,114,3.8143708719018554
113,115,6.48907123354795
113,116,9.58340794573796
113,117,13.196705905785608
113,118,14.433776647847138
113,119,18.05114313854449
113,120,19.67729903435235
113,121,23.327260551776593
113,122,25.80916553461961
113,123,23.770781031459215
113,124,22.81753712137811
113,125,19.139613784614987
113,126,17.65071808575933
113,127,20.108817166415065
113,128,20.744809907201873
113,129,22.995368119440496
113,130,25.261688857328117
113,131,24.19368003573788
113,132,20.696997077730497
113,133,21.74012662003235
113,134,19.459138163784942
113,135,22.170875218507067
113,136,25.583138730494326
113,137,24.60259383926845
113,138,22.83203355672927
113,139,19.091898371876077
113,140,16.62649152699522
113,141,13.360817568448423
113,142,10.702980419422044
113,143,8.331225946820739
113,144,11.612563607043253
113,145,14.213977387347617
113,146,17.820379181304748
113,147,20.088134756199153
113,148,23.833116448232687
113,149,26.956614926479585
113,150,27.59552863214664
113,151,31.260089594412612
113,152,33.04076124200766
113,153,31.18313969624535
113,154,28.025096758511875
113,155,28.013949065980793
113,156,26.9496230532833
113,157,23.449419960210218
113,158,22.852250426123028
113,159,19.77542583012175
113,160,18.633304257476897
113,161,15.360556936608347
113,162,16.386479245896464
113,163,14.72289649150595
113,164,16.47637886867173
113,165,14.606574435829785
113,166,16.189784133435015
113,167,13.553520054735626
113,168,12.58558854342786
113,169,9.777153087035675
113,170,9.296725312536513
113,171,9.722201574566993
113,172,10.61287084976239
113,173,13.465605181747248
113,174,16.75373746279373
113,175,20.39264191192642
113,176,22.429853199133273
113,177,25.861245297301924
113,178,28.362751394344095
113,179,31.541066430409117
113,180,34.14357972115607
113,181,35.00918446068191
113,182,35.12392975593377
113,183,31.564106532323372
113,184,30.55522794638081
113,185,32.51523866634202
113,186,31.760203507958742
113,187,28.010851418078893
113,188,27.921429631287115
113,189,31.623837102665984
113,190,32.048759750009545
113,191,33.953065009742396
113,192,31.745732623081068
113,193,28.165393511172123
113,194,26.296560543131395
113,195,22.73469500745067
113,196,22.46833166012463
113,197,19.344092155817265
113,198,20.446805786183806
113,199,20.01609723767991
113,200,23.0881816995455
113,201,23.407281173219463
113,202,22.51768379844602
113,203,23.18993675702404
113,204,22.26959083541814
113,205,24.65746293619777
113,206,24.87344101879485
113,207,27.678993811468633
113,208,27.166387278721352
113,209,29.731850404823064
113,210,31.648182863862548
113,211,33.019547961294826
113,212,33.86631528596486
113,213,32.20140435019309
113,214,32.926434149244685
113,215,31.722547063986976
113,216,28.559078660382127
113,217,27.786322456782813
113,218,30.127719905118564
113,219,28.74108284312068
113,220,30.152779363833634
113,221,27.34518255848391
113,222,24.358130169155732
113,223,20.967844471286657
113,224,20.396861394448045
113,225,16.963236777827955
113,226,16.480546978186172
113,227,14.130297857077492
113,228,14.513255512894169
113,229,13.932495168590304
113,230,14.650719766800599
113,231,16.477934331786948
113,232,17.03463973572947
113,233,19.51568873761627
113,234,18.991011923684372
113,235,17.939515527222994
113,236,16.335106966112807
113,237,19.031809085607456
113,238,18.82901211675445
113,239,22.32078996749165
113,240,23.49481921587357
113,241,26.5296578559496
113,242,25.37506240510778
113,243,23.41081685479712
113,244,19.96976619572378
113,245,16.9296299026483
113,246,14.570794238886524
113,247,10.836287256691385
113,248,9.063507739175218
113,249,6.881077043866881
113,250,5.793273264087203
113,251,4.552910138808733
113,252,6.415897562751022
113,253,9.847557963744418
113,254,12.519961877833033
113,255,16.119944782739974
113,256,17.957993354351824
113,257,19.794073973855255
113,258,17.327920482306958
113,259,18.71687727489429
113,260,19.259081624636867
113,261,22.554155592391076
113,262,24.31344835664236
113,263,26.475788495506773
113,264,28.11937265327134
113,265,29.21678054109667
113,266,28.53947311688773
113,267,26.860633745372123
113,268,29.327608539667008
113,269,29.61409354354665
113,270,31.103438473225136
113,271,30.6064894962642
113,272,30.756718134583554
113,273,29.506138076769687
113,274,29.911557216736014
113,275,28.177455151588823
113,276,29.606469604777114
113,277,28.99685963554995
113,278,32.309590003766324
113,279,30.920912112931727
113,280,31.255961587087082
113,281,34.360491863852204
113,282,36.12693541839985
113,283,36.59855267323358
113,284,40.15778288848816
113,285,41.453576012035214
113,286,40.85622494907204
113,287,40.52600909847463
113,288,38.91831061822278
113,289,39.65115943936459
113,290,36.96263708499271
113,291,34.2842464734016
113,292,33.417239313681236
113,293,29.714227917874066
113,294,28.83616142901704
113,295,26.17299026178234
113,296,27.081701240601372
113,297,30.549903972942648
113,298,32.67483399965978
113,299,36.23392607618404
113,300,36.84525668254586
113,301,37.22769908698406
113,302,40.83236927458123
113,303,42.88950660905327
113,304,45.6287506015869
113,305,45.616350484612184
113,306,47.86148704503114
113,307,49.00708143311207
113,308,51.559740170585314
113,309,51.968917855406616
113,310,55.44844021502161
113,311,55.67678337306533
113,312,59.482950647564486
113,313,62.69172378799303
113,314,64.60405923705743
113,315,65.88871978761438
113,316,69.66139152945588
113,317,71.15115737138578
113,318,74.65930464196401
114,1,98.3590423939344
114,2,99.00525086613526
114,3,95.6633255846286
114,4,92.04851584492373
114,5,89.14065029133133
114,6,85.53182851535762
114,7,82.92954488008378
114,8,79.36543826959341
114,9,76.77315612698914
114,10,73.17554548099483
114,11,71.59313155660998
114,12,70.92156672173061
114,13,69.26753299691053
114,14,70.55072887789063
114,15,67.55884808742269
114,16,65.35671612485193
114,17,62.45958996145202
114,18,62.351024729240635
114,19,60.296275479750484
114,20,60.2029401247154
114,21,61.16805012712736
114,22,61.78320368118769
114,23,65.2138789322336
114,24,65.21516584934427
114,25,63.18308397952228
114,26,64.18674396268916
114,27,65.55603142817839
114,28,66.14638009595348
114,29,64.65929158851905
114,30,64.7291151406903
114,31,60.98667378056348
114,32,57.67973516046738
114,33,53.94518159527882
114,34,51.37869799423609
114,35,48.79467684413703
114,36,46.761439023190334
114,37,44.2904821397192
114,38,44.85640494439295
114,39,43.714643280792934
114,40,40.57056168478599
114,41,39.96951647919688
114,42,37.89144741807703
114,43,34.95727501133564
114,44,31.735670535590113
114,45,31.600138735972937
114,46,28.37009668156631
114,47,29.14369235315467
114,48,28.523012286779
114,49,25.602618152129367
114,50,22.607684379840332
114,51,23.309286505399097
114,52,20.896643222370876
114,53,23.162945630806504
114,54,21.87880664541886
114,55,24.744167385733377
114,56,24.593741894680843
114,57,21.385292539871607
114,58,20.94697683036662
114,59,17.96783075319088
114,60,17.34779075959313
114,61,17.694567796423705
114,62,15.106639084873208
114,63,12.66275430877588
114,64,13.474140995247758
114,65,13.700973050854675
114,66,17.455597980462755
114,67,18.393491262205625
114,68,20.47565988240068
114,69,17.67397819015587
114,70,15.315835171536644
114,71,16.47080276670784
114,72,14.640930087161871
114,73,11.015009414585823
114,74,9.293863245531712
114,75,12.842535731532777
114,76,14.457706263981096
114,77,17.992699497312653
114,78,20.869271328966512
114,79,22.45963195550186
114,80,21.164918435315446
114,81,24.246820437003134
114,82,24.67387066979267
114,83,27.620135386064696
114,84,30.18535329038485
114,85,29.857173904806668
114,86,26.31469858085038
114,87,25.997076140609877
114,88,23.767211762037455
114,89,24.149180983585236
114,90,21.999963535861298
114,91,22.760732846370782
114,92,24.838244065202236
114,93,22.944030840426088
114,94,23.858023190974222
114,95,22.03033244809612
114,96,24.191566199076856
114,97,24.21136824257198
114,98,22.724881381464066
114,99,23.936488057063393
114,100,22.111922410274893
114,101,18.614086305240985
114,102,19.532016704146013
114,103,20.796803770889035
114,104,17.94563152102785
114,105,15.332959472650817
114,106,18.01550326269816
114,107,18.774166854885646
114,108,15.282236941735889
114,109,15.570096712996014
114,110,12.076523542272247
114,111,9.778415288457406
114,112,6.817120975135298
114,113,3.8143708719018554
114,115,3.79553418832409
114,116,6.421643595062508
114,117,10.071322679415552
114,118,11.95216459829971
114,119,15.54470143813565
114,120,17.746948808032524
114,121,21.21210381338781
114,122,24.037237271004678
114,123,22.47112554228405
114,124,21.82683776795495
114,125,18.30755143022996
114,126,17.452626004324042
114,127,20.363774085503213
114,128,21.592359750260922
114,129,24.304028760109542
114,130,26.85193823690354
114,131,26.206395901119123
114,132,22.71276386809767
114,133,23.583751291730334
114,134,21.18067933725383
114,135,23.769161421476564
114,136,27.024040288027415
114,137,25.758336458257816
114,138,24.051311448352724
114,139,20.35680742835364
114,140,18.0884410877062
114,141,15.239396827294343
114,142,12.308842326203417
114,143,9.81186902666958
114,144,12.520838912523104
114,145,14.260662521995213
114,146,18.043283863069504
114,147,19.672254687556197
114,148,23.429476786040603
114,149,26.195841944729292
114,150,26.42261772459397
114,151,29.99320254186036
114,152,32.002013648407605
114,153,30.022339061824802
114,154,26.972886791406598
114,155,26.60297418681669
114,156,25.584046328048338
114,157,21.911364668643905
114,158,21.02280555980744
114,159,17.639636028139787
114,160,16.324227027928234
114,161,12.872469262417189
114,162,13.851302582818136
114,163,12.47084836394972
114,164,13.826220553624301
114,165,12.388410166997362
114,166,14.68564953088411
114,167,12.791451402396643
114,168,12.361694107645151
114,169,9.534689269029375
114,170,10.226802617488017
114,171,10.311352751573994
114,172,12.0095567829528
114,173,14.33842909133108
114,174,17.832034931537954
114,175,21.274500141579946
114,176,23.41314048753432
114,177,27.033589398619224
114,178,29.423289126811493
114,179,32.81654952096806
114,180,35.10483729198868
114,181,35.59101222091352
114,182,35.588813373800846
114,183,32.17835630921642
114,184,30.943141948813263
114,185,32.519828220521845
114,186,31.781444453908545
114,187,28.015173348071738
114,188,27.64904314916454
114,189,31.20844503896764
114,190,31.655478911522604
114,191,33.906734287417756
114,192,31.807306509234085
114,193,28.116210366460386
114,194,26.19737162606515
114,195,22.62850948047542
114,196,22.1079302403509
114,197,18.918509327830375
114,198,19.741910209397787
114,199,19.06150960914115
114,200,21.97120545352889
114,201,22.8849864529648
114,202,22.344574622471097
114,203,23.006602540306343
114,204,22.530832900070532
114,205,24.825013492141597
114,206,25.409471665055385
114,207,28.184145291686765
114,208,27.939418110087882
114,209,30.824657526350897
114,210,32.688426847757455
114,211,34.42767080830084
114,212,35.51453231885937
114,213,34.1841310922256
114,214,35.215092094196855
114,215,34.03363876617348
114,216,31.061360497791746
114,217,30.253276561970807
114,218,32.28222296639978
114,219,30.69952193047037
114,220,32.03084318272858
114,221,28.981199955505602
114,222,26.149141434493234
114,223,22.643798291069466
114,224,22.12356456784011
114,225,18.819950860041878
114,226,17.9785389569232
114,227,15.483251896285063
114,228,15.116362499111782
114,229,14.323147049872192
114,230,14.048072631193643
114,231,15.757029544513479
114,232,15.610785303787562
114,233,17.609840785047812
114,234,17.375931501846452
114,235,16.079379407448016
114,236,14.856049719314193
114,237,17.525811625582215
114,238,17.674964480722256
114,239,21.22239965259516
114,240,22.726752731979637
114,241,25.75088876926507
114,242,25.038744127950185
114,243,23.60498501034318
114,244,19.976585403801007
114,245,17.352931730011257
114,246,14.37629497541871
114,247,10.719906905820569
114,248,8.237117053102542
114,249,5.5060126614834894
114,250,5.515693913416675
114,251,6.3701234869142365
114,252,7.6865258151795945
114,253,11.407148848460078
114,254,14.221323257853742
114,255,17.990427755267987
114,256,20.184829207160764
114,257,22.460042181453094
114,258,20.3742399267411
114,259,22.0376722948039
114,260,22.851687376917216
114,261,26.237204746596795
114,262,28.076292729046713
114,263,30.275860865293293
114,264,31.926972768670886
114,265,32.978792776007815
114,266,32.21271375866608
114,267,30.414195930122307
114,268,32.727594815841044
114,269,32.78295697141313
114,270,34.25447217030417
114,271,33.65930251250064
114,272,33.92681559597893
114,273,32.58166718755297
114,274,33.19229517355486
114,275,31.655285419968482
114,276,33.20752703655064
114,277,32.72174171176277
114,278,36.04051564845342
114,279,34.579942923579914
114,280,34.76815971362122
114,281,37.80441863875446
114,282,39.404007394087515
114,283,39.73767222788697
114,284,43.23313562493607
114,285,44.60864950715618
114,286,43.92965322368899
114,287,43.75709648219463
114,288,42.30755631804776
114,289,43.164649481392445
114,290,40.56255079719673
114,291,37.8674060984269
114,292,36.87141998154637
114,293,33.214138256418586
114,294,32.25864569152016
114,295,29.485114230156245
114,296,30.17307606534141
114,297,33.51763879551166
114,298,35.83145080761569
114,299,39.40218638824543
114,300,39.99797892244494
114,301,40.54071790271026
114,302,44.15845473377382
114,303,46.314893725519624
114,304,49.07027985863364
114,305,49.149385330240044
114,306,51.32327701670348
114,307,52.343122581407236
114,308,54.85677048646294
114,309,55.124296403402965
114,310,58.57428074306918
114,311,58.72470645366102
114,312,62.5280641979689
114,313,65.73090261886004
114,314,67.7361567617191
114,315,69.10358344904627
114,316,72.8855851045094
114,317,74.43560649366901
114,318,77.93509968362137
115,1,101.88960741305159
115,2,102.5758537573127
115,3,99.2291737498968
115,4,95.60074671396188
115,5,92.66992202307998
115,6,89.08070076925178
115,7,86.44201546997554
115,8,82.89213804538616
115,9,80.24976912461109
115,10,76.63128912893227
115,11,74.99143982481468
115,12,74.23240032132584
115,13,72.4968065640741
115,14,73.67521252977158
115,15,70.631463769515
115,16,68.49619588675048
115,17,65.57080486673857
115,18,65.42848109274082
115,19,63.436603531322724
115,20,63.32569363022043
115,21,64.3634655959268
115,22,64.95032230307012
115,23,68.3333902495073
115,24,68.29640321054264
115,25,66.17225984568582
115,26,67.22003793336775
115,27,68.69836776010717
115,28,69.30479549311202
115,29,67.91469101181963
115,30,68.01007870855562
115,31,64.26173896453477
115,32,60.941181521707
115,33,57.20515115730293
115,34,54.549880068783814
115,35,52.01668193547043
115,36,49.84707954332759
115,37,47.33002699675831
115,38,47.699759451034886
115,39,46.485649074574916
115,40,43.3054875611468
115,41,42.608738045210934
115,42,40.33935051479405
115,43,37.467566037061076
115,44,34.414824510004394
115,45,34.46734888199457
115,46,31.254602227144073
115,47,32.295712113900244
115,48,31.86191035617661
115,49,28.913789261200094
115,50,25.76741566533902
115,51,26.160704696830166
115,52,23.428337431605353
115,53,25.286602597206162
115,54,23.611185050100627
115,55,26.154316568168216
115,56,25.52593618719342
115,57,22.425033705280654
115,58,22.229354542595036
115,59,19.63440888176444
115,60,18.46417444827889
115,61,18.306094086774188
115,62,16.141292432781896
115,63,13.806763148409246
115,64,13.56383400955532
115,65,13.558861469415607
115,66,17.143293538746267
115,67,17.790001139800673
115,68,20.43783299673797
115,69,18.183065450622422
115,70,15.562873336115743
115,71,17.38462120968139
115,72,16.162706618107055
115,73,12.42953620053776
115,74,11.737067802320363
115,75,15.461601293689188
115,76,17.588571292087188
115,77,21.124827362838143
115,78,24.163492944645853
115,79,25.44022069253864
115,80,23.757347076740203
115,81,26.55303538801326
115,82,26.545230193037106
115,83,29.228539383188227
115,84,31.50914103183341
115,85,30.857250080185512
115,86,27.225676884006244
115,87,26.40279370144554
115,88,23.76967168308989
115,89,23.640008770976326
115,90,21.077260093281055
115,91,21.540059572113215
115,92,23.956659822424413
115,93,22.32888438418913
115,94,23.635189459935994
115,95,22.261874969452247
115,96,24.55915323308045
115,97,25.153998387702263
115,98,23.758968846119597
115,99,25.494356911880388
115,100,23.838645198835437
115,101,20.211707404344985
115,102,21.391294707141085
115,103,23.105106606230283
115,104,20.41980990655434
115,105,17.815719242449813
115,106,20.712768442559558
115,107,21.809326859304605
115,108,18.50473723056839
115,109,18.834870473845342
115,110,15.313158936231831
115,111,12.489121166784209
115,112,10.069126307373033
115,113,6.48907123354795
115,114,3.79553418832409
115,116,3.8002213884652134
115,117,6.945196614834547
115,118,8.817648453267305
115,119,12.184764038832736
115,120,14.355814586590702
115,121,17.744145715170735
115,122,20.50337175946926
115,123,18.985128231995247
115,124,18.295873123055625
115,125,14.849818137972607
115,126,14.30707705889784
115,127,17.4735037421384
115,128,19.09186348421432
115,129,22.13832280195155
115,130,24.897165924617653
115,131,24.685498316001585
115,132,21.268749074518684
115,133,22.01140054938184
115,134,19.68701376656772
115,135,22.277352248354596
115,136,25.24234377951377
115,137,23.603915184371612
115,138,21.859806144522935
115,139,18.274918280590587
115,140,16.228661657523322
115,141,13.946989240386769
115,142,10.953416419936259
115,143,8.679998782851735
115,144,10.719792462149497
115,145,11.576006278921462
115,146,15.367885095088358
115,147,16.631039917138768
115,148,20.30469766250993
115,149,22.879564566109156
115,150,22.863089333232814
115,151,26.379188414365125
115,152,28.53326886057349
115,153,26.66270925221748
115,154,23.78310330630123
115,155,23.508980742606592
115,156,22.840906649839347
115,157,19.183831226659294
115,158,18.656994433645323
115,159,15.360597583187314
115,160,14.715037375325569
115,161,11.703392298876649
115,162,13.590565546092028
115,163,13.259943290403497
115,164,14.818894438011704
115,165,14.306334947018554
115,166,17.16139470313629
115,167,15.601713261590058
115,168,14.876603792324406
115,169,11.63760224299635
115,170,11.995629540346993
115,171,10.84921092316631
115,172,12.079295840882963
115,173,13.446647540988641
115,174,16.68742269914952
115,175,19.78083031862886
115,176,21.620126444118334
115,177,25.37158431565776
115,178,27.444141862382253
115,179,30.934100981329347
115,180,32.93416981338343
115,181,33.212614196400295
115,182,32.96382394173989
115,183,29.645457174771455
115,184,28.433691985551295
115,185,29.713335383080466
115,186,28.816931159409123
115,187,25.10100787694074
115,188,24.77036522414766
115,189,28.235840129735458
115,190,28.923293841801488
115,191,31.390790299544967
115,192,29.576542572201017
115,193,25.911646967118564
115,194,24.30935025471003
115,195,20.948825731681247
115,196,20.785942601520073
115,197,17.97299759921998
115,198,19.22553666359
115,199,19.060402446613896
115,200,22.17059946714002
115,201,23.488718940534675
115,202,22.66084204536721
115,203,22.752881406933824
115,204,22.113562966289873
115,205,23.911947148131603
115,206,24.323744641078303
115,207,26.75656026823516
115,208,26.362646689511593
115,209,29.35130360939777
115,210,30.918249016833613
115,211,32.87944086215777
115,212,33.994760168726074
115,213,33.013743684869965
115,214,34.238260027577155
115,215,32.933679882068965
115,216,30.175657189115963
115,217,29.224698952738184
115,218,30.872117515773954
115,219,29.184630824024566
115,220,30.56136933236834
115,221,27.392032258916167
115,222,24.879951140044902
115,223,21.457228357770614
115,224,21.386768446119778
115,225,18.485583537230625
115,226,17.9508179641735
115,227,16.00495229136884
115,228,15.794254559746978
115,229,15.732264063320857
115,230,15.248039649296514
115,231,17.48419423669938
115,232,17.35386608587381
115,233,18.694441227301873
115,234,18.058106499115752
115,235,16.006465854117128
115,236,14.35099950115732
115,237,16.334462131833927
115,238,15.987061977388345
115,239,19.251276635905867
115,240,20.475975781554915
115,241,23.20627836223831
115,242,22.500514886557326
115,243,21.333906186667285
115,244,17.768735782802256
115,245,15.300870258290638
115,246,12.154272848881545
115,247,8.943553781366777
115,248,5.63444540257187
115,249,4.273620509206235
115,250,6.737375638473622
115,251,8.94401034704991
115,252,11.084443993769037
115,253,14.637395708889448
115,254,17.73581678100626
115,255,21.470539239426707
115,256,23.7693121409749
115,257,25.962574710789287
115,258,23.681175261044352
115,259,25.022021010432677
115,260,25.468824862023695
115,261,28.70374698755259
115,262,30.18561821729886
115,263,32.40984809999215
115,264,33.838561833535266
115,265,35.15568804688467
115,266,34.358949668286435
115,267,32.80480210773614
115,268,35.24337586335705
115,269,35.46151488444497
115,270,37.17319188737928
115,271,36.8139702987095
115,272,37.1367948791622
115,273,35.933943631601714
115,274,36.39911718129198
115,275,34.64102911459004
115,276,35.98198938901371
115,277,35.19522045371754
115,278,38.511875509905046
115,279,37.21430828125683
115,280,37.664160984337265
115,281,40.81843783142199
115,282,42.59585190931787
115,283,43.067252981246696
115,284,46.608270083892336
115,285,47.92289240409233
115,286,47.26998839121002
115,287,46.93763915682821
115,288,45.336997742396065
115,289,45.99062231344853
115,290,43.28947154818541
115,291,40.53137012479353
115,292,39.59070248806665
115,293,35.910846970181694
115,294,35.20530868247694
115,295,32.6092775864121
115,296,33.520187661910235
115,297,36.95079747405013
115,298,39.119246547268716
115,299,42.659299629655564
115,300,43.17085485981977
115,301,43.51398422957056
115,302,47.07294597590064
115,303,49.05939111184354
115,304,51.89834430519804
115,305,51.9432409196023
115,306,54.260664375251515
115,307,55.421876474942884
115,308,58.0143082407251
115,309,58.41442620545964
115,310,61.90018021987245
115,311,62.123999709523524
115,312,65.93046505586852
115,313,69.13136729217352
115,314,71.05892198106467
115,315,72.36947456523932
115,316,76.14189818490044
115,317,77.64013672008366
115,318,81.14768953989893
116,1,104.54151554195631
116,2,105.127330193744
116,3,101.75593288510711
116,4,98.16053892099852
116,5,95.22484635996442
116,6,91.60858797419264
116,7,88.98023693963908
116,8,85.38771231583574
116,9,82.80329067288775
116,10,79.2211925106973
116,11,77.70027239363947
116,12,76.99179569860729
116,13,75.36035587072655
116,14,76.60553515199804
116,15,73.54529312350185
116,16,71.3034340157737
116,17,68.31614996071397
116,18,68.04902492756591
116,19,65.92729624657981
116,20,65.65289618210713
116,21,66.53843824844323
116,22,66.94965012403206
116,23,70.3692050994355
116,24,70.49894635337203
116,25,68.46357340577495
116,26,69.65370644386165
116,27,71.15697942184474
116,28,71.90032333124144
116,29,70.51782733216923
116,30,70.72560669497283
116,31,67.00412727994384
116,32,63.63039341764458
116,33,59.92333983655016
116,34,57.26341991267604
116,35,54.59141901497863
116,36,52.465690386465056
116,37,50.104614077053604
116,38,50.544824232115594
116,39,49.51211070287773
116,40,46.43351917712358
116,41,45.90597344534776
116,42,43.631665132549294
116,43,40.83861566954291
116,44,37.717955348176524
116,45,37.79945431699385
116,46,34.63489232998433
116,47,35.52256515671751
116,48,34.91031734648757
116,49,31.919648432158667
116,50,28.944827121488842
116,51,29.446046173687304
116,52,26.827032025578678
116,53,28.745462455575822
116,54,26.97890116329526
116,55,29.59643719333981
116,56,28.815032652941824
116,57,25.597092689625647
116,58,25.110204190252983
116,59,22.433129278339827
116,60,20.88674410941236
116,61,21.016940751034355
116,62,19.238457522799333
116,63,16.530343046866925
116,64,15.976301819555507
116,65,16.497095888240334
116,66,19.994600394492164
116,67,20.85043503382937
116,68,23.7260633872269
116,69,21.57581899614574
116,70,19.107072962266205
116,71,21.112103809549627
116,72,19.801138420593364
116,73,16.122368038124982
116,74,15.29233283382772
116,75,18.939723539317605
116,76,20.744437840579298
116,77,24.18602730859626
116,78,26.987381401166875
116,79,28.35829001774411
116,80,26.788255058300418
116,81,29.669672571448064
116,82,29.56757636237825
116,83,32.34518698520504
116,84,34.47559908438648
116,85,33.95387420270781
116,86,30.246966896244135
116,87,29.222287224097947
116,88,26.383385792428765
116,89,26.242846270304902
116,90,23.367272061752782
116,91,23.288811902997807
116,92,25.573617299485004
116,93,23.729769478673543
116,94,24.81525035076246
116,95,23.35313443267797
116,96,25.24682199284882
116,97,26.01239662254612
116,98,25.135311682777758
116,99,27.01386815792261
116,100,25.019894380021796
116,101,21.564424812933243
116,102,23.298815704177766
116,103,24.844736539358532
116,104,21.905301250627613
116,105,19.801602820987924
116,106,23.017674048217636
116,107,23.772121377076136
116,108,20.449527913586618
116,109,21.35243108186103
116,110,18.063668299306528
116,111,15.50638314166657
116,112,13.079899176709178
116,113,9.58340794573796
116,114,6.421643595062508
116,115,3.8002213884652134
116,117,3.7823785756148465
116,118,5.898241516447276
116,119,9.364314799154362
116,120,12.07412156797535
116,121,15.274379188137582
116,122,18.42652957238906
116,123,17.49650008295994
116,124,17.517552163202982
116,125,14.521798928763722
116,126,14.959610154946226
116,127,18.133774513280116
116,128,20.382263758907797
116,129,23.63270938353022
116,130,26.716277873583664
116,131,26.65913735116345
116,132,23.487012403601167
116,133,24.43228599074345
116,134,22.389032929723953
116,135,25.060999829037065
116,136,27.75023169842202
116,137,25.734299587023763
116,138,23.78590411699889
116,139,20.315730020390077
116,140,18.182344471399833
116,141,16.18442992353207
116,142,13.645067393385071
116,143,11.048114040568091
116,144,12.010401832556923
116,145,12.06327918218796
116,146,15.625118009695314
116,147,16.05470278460548
116,148,19.63621092718556
116,149,21.79129126020627
116,150,21.59483494621412
116,151,25.003705161508925
116,152,27.124968452795642
116,153,24.938590075739295
116,154,22.05178582756436
116,155,21.251172796982935
116,156,20.39415209985434
116,157,16.631851861958072
116,158,15.67455640731018
116,159,12.154969773015779
116,160,11.349148478213312
116,161,8.422359685604446
116,162,10.566057779237703
116,163,11.028096717831692
116,164,12.591842643557548
116,165,13.017172305227898
116,166,16.334574375683243
116,167,15.344756531351301
116,168,14.636469949632225
116,169,11.503960571560638
116,170,12.451012371746202
116,171,10.964790678806384
116,172,12.805212612930449
116,173,13.594912938719318
116,174,16.862520325120773
116,175,19.63146108980306
116,176,21.71766811216819
116,177,25.482467558473584
116,178,27.57210302410568
116,179,31.22396558515329
116,180,32.92044493724368
116,181,32.77369738699298
116,182,32.62841064513852
116,183,29.555922212479008
116,184,27.9508836070894
116,185,28.915112833533385
116,186,28.304633631456714
116,187,24.608420144964704
116,188,23.773453766092263
116,189,27.027825366995373
116,190,27.489303955460073
116,191,30.189746548656707
116,192,28.35599589478021
116,193,24.630482130253498
116,194,22.857591685322266
116,195,19.539582018679734
116,196,19.008051517105507
116,197,16.22601178046235
116,198,17.155867416461273
116,199,16.87899718748612
116,200,19.80463304786956
116,201,21.626311125614983
116,202,21.029694315480363
116,203,21.031694419507097
116,204,20.83963924702564
116,205,22.512915682991498
116,206,23.352838121450716
116,207,25.77497903631508
116,208,25.80162482198158
116,209,29.079091723448308
116,210,30.71961429927917
116,211,33.0346516886381
116,212,34.5055596713947
116,213,33.8358526784331
116,214,35.44193697947649
116,215,34.38156698872465
116,216,31.90618851882193
116,217,31.199993221128814
116,218,32.55743839081318
116,219,30.52855573733644
116,220,31.574621898009823
116,221,28.16653477029208
116,222,25.725812431422444
116,223,22.211669040207248
116,224,21.941489329383746
116,225,19.219976380433547
116,226,18.20021183306989
116,227,16.199830726869504
116,228,15.306128522751436
116,229,15.250210907275557
116,230,14.000081527178082
116,231,16.270090512296555
116,232,15.831945433472304
116,233,16.466964631804633
116,234,15.744128636820971
116,235,13.306545752116929
116,236,11.893600389443682
116,237,13.61854375621734
116,238,13.650636551227388
116,239,16.879303958833173
116,240,18.52247175689053
116,241,21.30006114344636
116,242,21.178649581121434
116,243,20.613431838562075
116,244,16.94274543688324
116,245,15.20781849577223
116,246,11.611781473466275
116,247,8.932836592352457
116,248,6.195325588736402
116,249,4.7220824881192005
116,250,7.5142300874364585
116,251,10.722979984264173
116,252,12.67527130558189
116,253,15.924236797746344
116,254,19.217554270933565
116,255,22.899083096795717
116,256,25.59361451087792
116,257,28.111392343885118
116,258,26.082113196240382
116,259,27.43783570613469
116,260,28.087182235178318
116,261,31.436269301170665
116,262,32.985082106282455
116,263,35.432534144334284
116,264,37.03499838420649
116,265,38.45536324579626
116,266,37.83176704037036
116,267,36.308559306753985
116,268,38.78591219832601
116,269,38.99805155984204
116,270,40.56979275944762
116,271,40.03000374109913
116,272,40.20860139577845
116,273,38.7828061533794
116,274,39.215194302267435
116,275,37.55739574864851
116,276,38.838974955620394
116,277,38.12180340215203
116,278,41.54654756819697
116,279,40.36605687470931
116,280,40.770873791646245
116,281,43.813399472616126
116,282,45.53206108787305
116,283,45.793080691836245
116,284,49.33738005295434
116,285,50.548175235464534
116,286,49.68270608776971
116,287,49.373232529649044
116,288,47.90992752469014
116,289,48.58993884842663
116,290,46.036115061483656
116,291,43.13728311224302
116,292,41.946682655595914
116,293,38.35342074979176
116,294,37.74398347078302
116,295,35.179501072779715
116,296,36.07175140828807
116,297,39.433239889283904
116,298,41.642883369923396
116,299,45.11568719284986
116,300,45.43014963084093
116,301,45.82354543429455
116,302,49.33569475841307
116,303,51.35581239220931
116,304,54.304688142392045
116,305,54.55250229798664
116,306,56.87908399649289
116,307,57.923443914671005
116,308,60.58048361301711
116,309,60.89868465728106
116,310,64.40909317431641
116,311,64.69610825295379
116,312,68.50651557652861
116,313,71.63490927210687
116,314,73.56855261352544
116,315,75.01125604374514
116,316,78.77690803145246
116,317,80.39364213894717
116,318,83.93659921384693
117,1,108.31257025056773
117,2,108.90097859870404
117,3,105.53303115517213
117,4,101.93800884799792
117,5,99.00587892859349
117,6,95.38860467724169
117,7,92.76254932851242
117,8,89.16978191044488
117,9,86.58482369761228
117,10,83.00143486673814
117,11,81.47278334697376
117,12,80.7499328119687
117,13,79.0972503119064
117,14,80.31206365152828
117,15,77.23672595413215
117,16,75.0173530693583
117,17,72.01990019580802
117,18,71.7337530179625
117,19,69.62320924815373
117,20,69.3222666957646
117,21,70.20986103897782
117,22,70.5782905438205
117,23,73.9855211889622
117,24,74.13099994102993
117,25,72.07387104677998
117,26,73.30160228970446
117,27,74.84880884896555
117,28,75.61102677812724
117,29,74.25941455068467
117,30,74.47772180307584
117,31,70.75480386191586
117,32,67.37740559231116
117,33,63.670396272023126
117,34,60.986318581878294
117,35,58.32333407254412
117,36,56.157228661534454
117,37,53.78779377912345
117,38,54.15621676879703
117,39,53.093803152539536
117,40,49.99636308868459
117,41,49.41027149456822
117,42,47.060106739578025
117,43,44.2820472537886
117,44,41.24024196325932
117,45,41.36443484934609
117,46,38.17685122315559
117,47,39.14136673721563
117,48,38.58800768323834
117,49,35.62885118091457
117,50,32.59233650622232
117,51,33.02439835707237
117,52,30.28908730082301
117,53,32.034963111889006
117,54,30.114796584125536
117,55,32.530041045330535
117,56,31.496616657017594
117,57,28.396079942247635
117,58,28.058116377212666
117,59,25.609596549172636
117,60,23.798119564544535
117,61,23.66262117113566
117,62,22.15610263014035
117,63,19.578502678873097
117,64,18.488293794459256
117,65,18.857339204288884
117,66,22.08566071842375
117,67,22.671017180969255
117,68,25.845893028531517
117,69,24.108180648470277
117,70,21.503113642945547
117,71,23.77106486998257
117,72,22.84549213147493
117,73,19.16351511167138
117,74,18.682217865677288
117,75,22.39841171744819
117,76,24.39452674410617
117,77,27.868726512214316
117,78,30.730757486989198
117,79,32.02788374389102
117,80,30.326657659737762
117,81,33.08064286983512
117,82,32.7798516268749
117,83,35.40006684823618
117,84,37.35516723578584
117,85,36.63776446548227
117,86,32.91469042719706
117,87,31.576030719248482
117,88,28.505472613483033
117,89,27.987431856597905
117,90,24.852983283605102
117,91,24.46974447535344
117,92,26.94052189457526
117,93,25.3196844712965
117,94,26.614790806586377
117,95,25.48195801123869
117,96,27.318076692313536
117,97,28.46438450067279
117,98,27.771436627174374
117,99,29.934618821229027
117,100,27.988063707901052
117,101,24.56462828867502
117,102,26.483123406754654
117,103,28.18718809706029
117,104,25.30420162649352
117,105,23.297836399551073
117,106,26.59386768605871
117,107,27.41974986867795
117,108,24.157625312935938
117,109,25.10323148544097
117,110,21.80060488796737
117,111,19.11604609002979
117,112,16.759692096069998
117,113,13.196705905785608
117,114,10.071322679415552
117,115,6.945196614834547
117,116,3.7823785756148465
117,118,3.7845619427879726
117,119,6.233210739006104
117,120,9.512825774982009
117,121,12.22617758853742
117,122,15.56205677108223
117,123,15.184281374707016
117,124,15.526961182001315
117,125,13.058971153970042
117,126,14.32178299757654
117,127,17.619827840938974
117,128,20.349923513653277
117,129,23.85858570956268
117,130,27.088497033253603
117,131,27.484100180779176
117,132,24.507303813777003
117,133,25.284220060202674
117,134,23.365403552601204
117,135,25.878285600342306
117,136,28.20119559814768
117,137,25.875669408866436
117,138,23.994658988690873
117,139,20.825395655213736
117,140,19.054080960564097
117,141,17.724668162862667
117,142,15.367795296158317
117,143,13.209860532086106
117,144,13.373048528285038
117,145,12.304786469990152
117,146,15.433058076305587
117,147,15.021228360848392
117,148,18.2569138024204
117,149,19.858517581465073
117,150,19.166472407087944
117,151,22.352427947091194
117,152,24.68304417786897
117,153,22.524588433528773
117,154,19.94393130847996
117,155,18.95205594942941
117,156,18.469511216633418
117,157,14.771684331790802
117,158,13.981704109537985
117,159,10.573282685568193
117,160,10.514450121077493
117,161,8.553643385546552
117,162,11.238828056938692
117,163,12.76668592019253
117,164,14.065330607756419
117,165,15.311825547320296
117,166,18.900377099348063
117,167,18.38575549125224
117,168,17.734135208681455
117,169,14.701157902232495
117,170,15.64887784981577
117,171,13.682272008641537
117,172,15.254956094809607
117,173,15.199620393061018
117,174,18.035549624272598
117,175,20.246002521053967
117,176,22.04969332001366
117,177,25.808802062597128
117,178,27.54323092555827
117,179,31.25437990422494
117,180,32.53846860638342
117,181,32.033093321675835
117,182,31.657320208424018
117,183,28.830393590154234
117,184,27.148127444423384
117,185,27.62608955344598
117,186,26.94708810457746
117,187,23.411756095316587
117,188,22.42903190616358
117,189,25.389804216757906
117,190,26.026200466422942
117,191,29.034456293651473
117,192,27.533237813891024
117,193,23.897560239282296
117,194,22.419699013343166
117,195,19.456758536961363
117,196,19.09479510142497
117,197,16.81315156760002
117,198,17.849478613502285
117,199,17.88232385857773
117,200,20.66574053701235
117,201,22.96453374575718
117,202,22.345044592651465
117,203,21.919557094868047
117,204,21.829855583315158
117,205,22.9940558533921
117,206,23.851516775294183
117,207,25.897469390765142
117,208,25.959005383628938
117,209,29.35313162391621
117,210,30.711050108202745
117,211,33.30238973656423
117,212,34.877186831683446
117,213,34.609356513558566
117,214,36.44163826157692
117,215,35.34168652491671
117,216,33.140087962447765
117,217,32.35877475213993
117,218,33.311270339814776
117,219,31.174208706757838
117,220,32.172095473189394
117,221,28.676086022066023
117,222,26.60414875375424
117,223,23.254861694666204
117,224,23.300392238506817
117,225,21.031047664806533
117,226,20.135025896631795
117,227,18.555849320148816
117,228,17.59060522210021
117,229,17.89668041057213
117,230,16.316442042152275
117,231,18.660082324869737
117,232,18.013592078690678
117,233,17.915924922730035
117,234,17.076151646072525
117,235,14.144379383476274
117,236,12.77490574522796
117,237,13.583196381253666
117,238,13.394761386790513
117,239,16.07633308399812
117,240,17.594744358976783
117,241,19.954182463609794
117,242,20.166681920140725
117,243,20.20291774258114
117,244,16.74060405994937
117,245,15.59435258593794
117,246,11.999443315685053
117,247,10.393141284888198
117,248,7.844434603374076
117,249,7.832893680789818
117,250,10.982975378696752
117,251,14.386286637069698
117,252,16.41347547600874
117,253,19.567314400267826
117,254,22.900320985338514
117,255,26.55145841663159
117,256,29.323881718360326
117,257,31.876028373434774
117,258,29.83509966863372
117,259,31.10334373272303
117,260,31.631627168407164
117,261,34.91285506502968
117,262,36.294146079766485
117,263,38.74748774255735
117,264,40.2255591685739
117,265,41.76678374042535
117,266,41.10010739760354
117,267,39.67321508624536
117,268,42.16919330379037
117,269,42.402827998893365
117,270,44.0978084464212
117,271,43.6595728608947
117,272,43.90376545131918
117,273,42.533105234779555
117,274,42.947239648367926
117,275,41.22508818898225
117,276,42.431736904968126
117,277,41.58947555638039
117,278,45.0067481913401
117,279,43.891439370397435
117,280,44.394753072273296
117,281,47.48388851572584
117,282,49.252588194169846
117,283,49.553514974052376
117,284,53.104278914800695
117,285,54.30639775909809
117,286,53.43468857889426
117,287,53.082360876700875
117,288,51.580199764594234
117,289,52.18215324772373
117,290,49.59873950501128
117,291,46.666690948676916
117,292,45.47675444020202
117,293,41.890381483862996
117,294,41.38949296026897
117,295,38.88840900379306
117,296,39.83541208686934
117,297,43.208724972797086
117,298,45.39181490787608
117,299,48.851135050163926
117,300,49.118477184723204
117,301,49.44666316485952
117,302,52.92521152548206
117,303,54.87476808418553
117,304,57.87225784955968
117,305,58.1270031070401
117,306,60.51320329392663
117,307,61.60082382606947
117,308,64.29050641154856
117,309,64.64214720442325
117,310,68.16345835942472
117,311,68.46910775043227
117,312,72.28013587010423
117,313,75.40481429093725
117,314,77.32150483611312
117,315,78.7575566417491
117,316,82.5201128721397
117,317,84.1262108307056
117,318,87.67164677945951
118,1,109.44961356221641
118,2,110.01772825069453
118,3,106.59323593924887
118,4,103.00057453105268
118,5,99.9841055371775
118,6,96.39586193872125
118,7,93.67121620676392
118,8,90.07070210233789
118,9,87.41832661671633
118,10,83.8286898132745
118,11,82.31218684848933
118,12,81.45826002387058
118,13,79.78347615921047
118,14,80.8953381507998
118,15,77.71646693605653
118,16,75.47753561250428
118,17,72.37317812651123
118,18,71.9154769757439
118,19,69.79230655374207
118,20,69.34809819159312
118,21,70.24596713456748
118,22,70.48197584412777
118,23,73.82542697212844
118,24,74.00516919251714
118,25,71.88655436781303
118,26,73.26509883094106
118,27,74.98008790514373
118,28,75.87992944101511
118,29,74.69836646514443
118,30,75.08253206400266
118,31,71.38798523894579
118,32,67.93252731460237
118,33,64.26506085598099
118,34,61.434005367395514
118,35,58.72873582042777
118,36,56.40805256893355
118,37,54.135004152529866
118,38,54.32611322404506
118,39,53.39316423094469
118,40,50.40715265668205
118,41,49.9797088511555
118,42,47.4349707878577
118,43,44.87639527005246
118,44,41.92540511398571
118,45,42.37701365190764
118,46,39.38312013325053
118,47,40.5426517325549
118,48,40.045023844034674
118,49,36.87446648130723
118,50,33.88527429408079
118,51,33.98198335006404
118,52,31.113830121049315
118,53,32.58803509862696
118,54,30.318209641554162
118,55,32.668212393699406
118,56,31.272491081702622
118,57,28.10171209802497
118,58,27.52800845037019
118,59,25.263472720347753
118,60,22.96223457248292
118,61,22.8926323611221
118,62,21.98182489943151
118,63,19.230110494627674
118,64,17.6069246425939
118,65,18.446532040647032
118,66,21.415892665705503
118,67,22.368796330366898
118,68,25.732880042928393
118,69,24.172950289254178
118,70,21.974170502919165
118,71,24.661704012523288
118,72,23.63258858764242
118,73,20.17613252931488
118,74,20.11256394329657
118,75,23.67540590760359
118,76,25.661707129163037
118,77,28.919311376616875
118,78,31.68891596902763
118,79,32.63487828487602
118,80,30.6874526683962
118,81,33.25453714661823
118,82,32.567785096476115
118,83,35.108106785807834
118,84,36.73151410655808
118,85,36.071489871367234
118,86,32.29372415574341
118,87,30.63577544229143
118,88,27.353856332970626
118,89,26.841865214041327
118,90,23.46033540660473
118,91,22.543224806226622
118,92,24.807979590072094
118,93,23.099404646922657
118,94,24.310001908181015
118,95,23.35692932146133
118,96,25.018492268041786
118,97,26.524573820932446
118,98,26.10925291952945
118,99,28.587335669822014
118,100,26.713222237678814
118,101,23.395466875621533
118,102,25.634098649069784
118,103,27.5439086286578
118,104,24.837653890472698
118,105,23.082703603925122
118,106,26.579678650322894
118,107,27.567257091354403
118,108,24.611920347458387
118,109,25.836087076671188
118,110,22.74989766103123
118,111,19.896010646919862
118,112,18.145704344565917
118,113,14.433776647847138
118,114,11.95216459829971
118,115,8.817648453267305
118,116,5.898241516447276
118,117,3.7845619427879726
118,119,3.809174654993172
118,120,6.349284125418471
118,121,9.52922615809132
118,122,12.779963830746857
118,123,12.25486382861318
118,124,13.108738393256493
118,125,10.938961304530462
118,126,12.745520686330272
118,127,15.570988801587454
118,128,18.62104227425639
118,129,22.039668841627957
118,130,25.51047249747313
118,131,25.831250070259635
118,132,23.2007084268171
118,133,24.388086544414122
118,134,23.001533560022512
118,135,25.809098574730886
118,136,27.85900753913025
118,137,25.186661919414
118,138,22.885123193760023
118,139,19.802392704922156
118,140,17.746907164176655
118,141,16.621958356926783
118,142,15.003513927077943
118,143,12.642989731006057
118,144,11.755211803581311
118,145,10.188757874133271
118,146,12.852437237387589
118,147,11.994188028060654
118,148,15.197458693940632
118,149,16.78855683725665
118,150,16.49664220850873
118,151,19.799689149066733
118,152,21.763178390190824
118,153,19.350493306820347
118,154,16.525242581304923
118,155,15.47859483954331
118,156,14.831249213160604
118,157,11.117608219643714
118,158,10.61884913103392
118,159,7.524787084342549
118,160,8.433694699206589
118,161,7.555893258200803
118,162,11.084399666572304
118,163,13.245429886154165
118,164,15.313854101011785
118,165,16.903536306019973
118,166,20.32856227400846
118,167,19.498266903000236
118,168,18.16535291575634
118,169,14.900627352009753
118,170,15.225821602632886
118,171,12.544629531897536
118,172,13.69703915136138
118,173,12.828962349819534
118,174,15.287160617444927
118,175,17.09823153979406
118,176,18.9266077327273
118,177,22.6106291916729
118,178,24.34249049113628
118,179,28.098309100203483
118,180,29.248578525806636
118,181,28.578312295599407
118,182,28.36700539155093
118,183,25.655246487804824
118,184,23.737177705153137
118,185,24.2056614539294
118,186,23.80163212983274
118,187,20.244449701678224
118,188,18.968696567305415
118,189,21.918166041571116
118,190,22.36156614786721
118,191,25.347849252795555
118,192,23.796906667335083
118,193,20.162684557227937
118,194,18.712410467569462
118,195,15.875830733953208
118,196,15.707883840045868
118,197,13.819308938430616
118,198,15.278729593644421
118,199,15.973072650082067
118,200,18.985582843390038
118,201,21.25275941726164
118,202,20.189835023461733
118,203,19.24673225931456
118,204,18.935486274023887
118,205,19.715421317064607
118,206,20.47675393694532
118,207,22.34052538491619
118,208,22.47029404798938
118,209,25.93660037206017
118,210,27.286076073331234
118,211,30.02600737323292
118,212,31.786652938199015
118,213,31.718540322804415
118,214,33.798362193863646
118,215,32.91060032664519
118,216,30.978806120458284
118,217,30.471892547634596
118,218,31.193397872755096
118,219,28.769893284613243
118,220,29.461860427630967
118,221,25.84949475529468
118,222,23.86619012863126
118,223,20.564568256908228
118,224,20.604847640264722
118,225,18.700700773139484
118,226,17.826096386713573
118,227,16.733544523749394
118,228,15.927572575440273
118,229,16.935635903965856
118,230,15.614737432427916
118,231,18.474093892128003
118,232,18.444074154857514
118,233,18.107244813073834
118,234,16.503792160121982
118,235,13.106944244207215
118,236,10.99878464015001
118,237,10.966885805798157
118,238,10.102575199648076
118,239,12.500245108983366
118,240,13.833518949572102
118,241,16.178986881160526
118,242,16.46601156538608
118,243,16.69190091907821
118,244,13.271815810492065
118,245,12.62231680926364
118,246,9.048791224685184
118,247,8.393911933295398
118,248,7.027406796340724
118,249,7.955305359903103
118,250,11.210225084843975
118,251,14.877684161550992
118,252,17.42483602412151
118,253,20.19020051663966
118,254,23.785501691487177
118,255,27.271808115709998
118,256,30.197169144868308
118,257,32.654717519706885
118,258,30.463408683859736
118,259,31.32226679840969
118,260,31.618609254070222
118,261,34.80090867565443
118,262,35.94836198111514
118,263,38.60380246781814
118,264,40.12713719739067
118,265,41.97124696731488
118,266,41.58357887895954
118,267,40.458934935230545
118,268,43.20050194056664
118,269,43.744629817966775
118,270,45.42144499021501
118,271,45.00622629948106
118,272,45.0002913174343
118,273,43.558691764189426
118,274,43.650815978570186
118,275,41.73670648708628
118,276,42.62306030228647
118,277,41.572107437769475
118,278,45.07123700494763
118,279,44.26848725758802
118,280,45.011410271580765
118,281,48.08785479401586
118,282,50.053418220444655
118,283,50.33666852778341
118,284,53.973162150752096
118,285,54.932375655675585
118,286,53.925502245452414
118,287,53.33744268066208
118,288,51.74246203700304
118,289,52.1191187105566
118,290,49.57443506576279
118,291,46.483579401490665
118,292,45.182290788756816
118,293,41.668810208077076
118,294,41.505725827587966
118,295,39.27214566845882
118,296,40.528342868687446
118,297,43.978899879204924
118,298,45.92456431405454
118,299,49.261130393948996
118,300,49.27197673236888
118,301,49.36837236718993
118,302,52.7237858618574
118,303,54.491396980457466
118,304,57.63226769767031
118,305,58.00051093108969
118,306,60.549375676224415
118,307,61.720519289114364
118,308,64.56584410666339
118,309,65.06024723011573
118,310,68.65627698501366
118,311,69.16759973858812
118,312,72.98183373201472
118,313,76.02294987533563
118,314,77.78771441721
118,315,79.24443226084573
118,316,82.97552109040018
118,317,84.61617654844954
118,318,88.2130408724947
119,1,113.22481170941869
119,2,113.80633492598417
119,3,110.38096689433596
119,4,106.78435289738074
119,5,103.7611170424882
119,6,100.17900691408805
119,7,97.44283629045482
119,8,93.84674507167774
119,9,91.17805260417971
119,10,87.58183005391265
119,11,86.0439802437731
119,12,85.15421633368514
119,13,83.44328937240613
119,14,84.50466152912948
119,15,81.3024040011178
119,16,79.09757881771469
119,17,75.98070568284203
119,18,75.50151568223252
119,19,73.40583739978487
119,20,72.94157504818176
119,21,73.86160517641567
119,22,74.06431746385599
119,23,77.38094099675035
119,24,77.55780625836488
119,25,75.40133570420154
119,26,76.81378301614954
119,27,78.58608270175802
119,28,79.50178836183176
119,29,78.36911050966316
119,30,78.76779967737642
119,31,75.07279707167278
119,32,71.61317418851645
119,33,67.94785159925979
119,34,65.08070870555252
119,35,62.398560257504236
119,36,60.02122959709751
119,37,57.73313604289287
119,38,57.83124068586079
119,39,56.86280778790726
119,40,53.862705174841835
119,41,53.377288473371905
119,42,50.74991021847896
119,43,48.22214649397884
119,44,45.36398520793544
119,45,45.87633510462173
119,46,42.87587362744308
119,47,44.13229360406095
119,48,43.70864672804252
119,49,40.55451024079744
119,50,37.49917970498908
119,51,37.506939302423625
119,52,34.52944007150198
119,53,35.82721408413814
119,54,33.42467427127227
119,55,35.56483510321535
119,56,33.94081009435266
119,57,30.919457854038804
119,58,30.49959765296998
119,59,28.479894199031985
119,60,26.000723117035903
119,61,25.674046257456638
119,62,25.006551334823715
119,63,22.44188667467714
119,64,20.435667863806238
119,65,21.09113058052495
119,66,23.728533781510706
119,67,24.419297460701408
119,68,27.977359854550926
119,69,26.816895092588943
119,70,24.555808893324915
119,71,27.42950367591791
119,72,26.730746106005203
119,73,23.31639188093939
119,74,23.525414799388543
119,75,27.127288818891934
119,76,29.28289924896802
119,77,32.56491722398155
119,78,35.40114168520559
119,79,36.2571008456072
119,80,34.18045213488938
119,81,36.60610444423489
119,82,35.73227605191713
119,83,38.09595115653333
119,84,39.53341913888626
119,85,38.68577939716877
119,86,34.93310723487737
119,87,32.99408349655053
119,88,29.546747008993233
119,89,28.680994023733973
119,90,25.13280179044535
119,91,23.93532325403501
119,92,26.320772903295882
119,93,24.90556442631975
119,94,26.31525893178659
119,95,25.739580303862315
119,96,27.34230239213195
119,97,29.19258726304909
119,98,28.91349507827268
119,99,31.62073725179684
119,100,29.859038806852528
119,101,26.604486778056042
119,102,28.92304525760568
119,103,30.977335813053728
119,104,28.37720490669907
119,105,26.671183817999747
119,106,30.181820661460332
119,107,31.26409660319118
119,108,28.37489714805845
119,109,29.58064902722499
119,110,26.468884665368545
119,111,23.507958496101413
119,112,21.80036816595888
119,113,18.05114313854449
119,114,15.54470143813565
119,115,12.184764038832736
119,116,9.364314799154362
119,117,6.233210739006104
119,118,3.809174654993172
119,120,3.812226675004802
119,121,6.049884623100792
119,122,9.555052248835082
119,123,9.847034176566467
119,124,11.26542901850117
119,125,10.099477147957447
119,126,12.837121594927796
119,127,15.497169159493541
119,128,18.933851651543197
119,129,22.469651290779883
119,130,26.00058988323801
119,131,26.768537528376296
119,132,24.429473760001873
119,133,25.443654216741916
119,134,24.261518589412535
119,135,26.87017305768781
119,136,28.493484656438028
119,137,25.54605198319506
119,138,23.33451399432331
119,139,20.67993041188485
119,140,19.058554224564904
119,141,18.63218009560485
119,142,17.27214454449123
119,143,15.425971985706397
119,144,13.986482685963557
119,145,11.506451899120094
119,146,13.321927743706409
119,147,11.446644423148442
119,148,13.947073511486115
119,149,14.735246865451598
119,150,13.855414810429297
119,151,16.846849446367088
119,152,18.99503461067148
119,153,16.621160203873572
119,154,14.226690214823549
119,155,12.994890750048578
119,156,12.973679916747699
119,157,9.571862467939967
119,158,9.64925007913796
119,159,7.388514047102523
119,160,9.507633698524069
119,161,9.935919495421457
119,162,13.447255579603516
119,163,16.17103182351681
119,164,17.985954235968464
119,165,20.012947485027237
119,166,23.54908826386174
119,167,23.001118324208676
119,168,21.72018527057451
119,169,18.551885851981336
119,170,18.842845248630706
119,171,15.964255431954758
119,172,16.79447291480293
119,173,15.287095692410986
119,174,17.108494270751322
119,175,18.202819377300827
119,176,19.580492850609488
119,177,23.10803930517573
119,178,24.36842252827633
119,179,28.093187682029093
119,180,28.755537383168647
119,181,27.694258962764902
119,182,27.21528957735549
119,183,24.840363704471805
119,184,22.880151322749402
119,185,22.759092554281693
119,186,22.287148419397568
119,187,19.012673170836077
119,188,17.58579757467759
119,189,20.09837283666326
119,190,20.77151981494727
119,191,24.070819534327004
119,192,22.975670791501884
119,193,19.56674302716484
119,194,18.59330562337958
119,195,16.365696968748168
119,196,16.521023379501816
119,197,15.394180325368513
119,198,16.971532311012343
119,199,18.024206208731915
119,200,20.80714978495308
119,201,23.378943486709325
119,202,22.25185338445689
119,203,20.86769972152186
119,204,20.579115115806665
119,205,20.734613145087387
119,206,21.397594448480472
119,207,22.72735785596938
119,208,22.833931754342487
119,209,26.308163513496265
119,210,27.281313022573038
119,211,30.261723140209398
119,212,32.0879500824041
119,213,32.45691981997377
119,214,34.73363667481989
119,215,33.8131205397467
119,216,32.20449022324477
119,217,31.632487354320126
119,218,31.914669934996322
119,219,29.42027724869968
119,220,30.0447518477646
119,221,26.427363951805653
119,222,24.909856581494946
119,223,21.915056782174126
119,224,22.316399795659837
119,225,20.953903311525973
119,226,20.29992952531916
119,227,19.66839528857295
119,228,18.922446837864168
119,229,20.204166398455033
119,230,18.75676940131598
119,231,21.60078707559723
119,232,21.46040897678514
119,233,20.62795869960377
119,234,18.9505791613165
119,235,15.337991954089206
119,236,13.36245119732675
119,237,12.355114778570755
119,238,11.140556221640358
119,239,12.485967854902825
119,240,13.39520496408052
119,241,14.992216985164347
119,242,15.642793792587351
119,243,16.60153563683498
119,244,13.701239900312741
119,245,13.793557654267477
119,246,10.728444658201198
119,247,11.229141338280218
119,248,10.146745784788743
119,249,11.680656361126367
119,250,14.994155902551617
119,251,18.65245828640721
119,252,21.23309871473088
119,253,23.974014106844574
119,254,27.5797068460445
119,255,31.04619943555339
119,256,33.99801537888565
119,257,36.44580503768621
119,258,34.21288189508208
119,259,34.97701328967105
119,260,35.13540224541471
119,261,38.225111194214286
119,262,39.192646110630065
119,263,41.830290337669965
119,264,43.21671166620154
119,265,45.1787353590712
119,266,44.75858366896946
119,267,43.74677120003537
119,268,46.51525242602818
119,269,47.10554058167349
119,270,48.904047470617485
119,271,48.60113541800421
119,272,48.648664347176016
119,273,47.275504965768924
119,274,47.32995218658507
119,275,45.33451720721898
119,276,46.13331558852003
119,277,44.946835616165295
119,278,48.422918557694864
119,279,47.69581023526032
119,280,48.552054120843586
119,281,51.67851902545915
119,282,53.712348992350286
119,283,54.054854063350525
119,284,57.70376363056511
119,285,58.64422529138212
119,286,57.64518154299027
119,287,56.992955683330706
119,288,55.33835536121531
119,289,55.617193264657715
119,290,53.03571075392876
119,291,49.92366614242901
119,292,48.64672473541952
119,293,45.14580213161549
119,294,45.09670541618636
119,295,42.93980113711781
119,296,44.26658240527718
119,297,47.73980140350972
119,298,49.63706617386844
119,299,52.95625003400541
119,300,52.925061527599524
119,301,52.934183391469865
119,302,56.24643078525905
119,303,57.921965657507485
119,304,61.10383559785573
119,305,61.46432215509426
119,306,64.08197764162728
119,307,65.31629574393644
119,308,68.19852710304735
119,309,68.74991182859154
119,310,72.35967195842049
119,311,72.90302364678345
119,312,76.71701071365011
119,313,79.75382419750022
119,314,81.48351584264232
119,315,82.91863173035767
119,316,86.64266153361224
119,317,88.26115596809234
119,318,91.86099765645056
120,1,114.44612444114563
120,2,115.06457230755446
120,3,111.60337838329073
120,4,107.9940864046891
120,5,104.89798838742489
120,6,101.36143469665039
120,7,98.5304618002675
120,8,94.95452589491886
120,9,92.19422724770267
120,10,88.57732584141101
120,11,86.98647829488128
120,12,85.94188701016077
120,13,84.14908141933103
120,14,85.06222870047338
120,15,81.7717270516344
120,16,79.62019892782536
120,17,76.4390574616579
120,18,75.85740790221713
120,19,73.82971340546261
120,20,73.30792342444951
120,21,74.31814059231696
120,22,74.47277716026906
120,23,77.6961360764986
120,24,77.82043550645982
120,25,75.55321063305446
120,26,77.04405633911082
120,27,78.97634100918584
120,28,79.9543701779461
120,29,78.99386837721372
120,30,79.492287574938
120,31,75.81803879264328
120,32,72.32090626069714
120,33,68.68815964259376
120,34,65.68618075431658
120,35,63.04935202979889
120,36,60.498900714891114
120,37,58.22808537927775
120,38,58.0949411239812
120,39,57.148873220458604
120,40,54.21223379338392
120,41,53.77037765797157
120,42,50.95068951410808
120,43,48.61591982604766
120,44,45.92992990111632
120,45,46.73823745667389
120,46,43.90551705532502
120,47,45.419872886005116
120,48,45.14703723714352
120,49,41.861963509187845
120,50,38.77969010905034
120,51,38.42700990985102
120,52,35.28132688467668
120,53,36.221906300596565
120,54,33.515781096171004
120,55,35.434869740466645
120,56,33.44938317037852
120,57,30.53159611784046
120,58,30.097558565446455
120,59,28.433997120578454
120,60,25.613241531907356
120,61,25.104482232211044
120,62,24.979295252661633
120,63,22.551547166260764
120,64,20.026400137278852
120,65,20.80548508552158
120,66,22.982731125247142
120,67,23.781608975871052
120,68,27.463091501906938
120,69,26.658479618056052
120,70,24.728065248344393
120,71,27.934691010819392
120,72,27.3558758079392
120,73,24.22417171583613
120,74,24.931273578692625
120,75,28.368153267252744
120,76,30.652768030133775
120,77,33.755276658664194
120,78,36.59671787037757
120,79,37.075203458899374
120,80,34.71133354582352
120,81,36.84422296098046
120,82,35.58514092202016
120,83,37.72311717989789
120,84,38.8127491480494
120,85,37.87558025473811
120,86,34.15771956552305
120,87,31.881093801010245
120,88,28.274453775199476
120,89,27.23700643661239
120,90,23.53605428776296
120,91,21.903053233660412
120,92,24.194081127499157
120,93,22.980788278791618
120,94,24.52142802520407
120,95,24.38340768270551
120,96,25.976537900313474
120,97,28.245805191315835
120,98,28.049823093498553
120,99,31.069384647051876
120,100,29.597519715889
120,101,26.429531855565482
120,102,28.80912227119217
120,103,31.156496872536177
120,104,28.886681670431805
120,105,27.247017878047995
120,106,30.766745252230212
120,107,32.141923915820676
120,108,29.56707698204571
120,109,30.778847000093375
120,110,27.79911901005345
120,111,24.638452610506455
120,112,23.459753521084448
120,113,19.67729903435235
120,114,17.746948808032524
120,115,14.355814586590702
120,116,12.07412156797535
120,117,9.512825774982009
120,118,6.349284125418471
120,119,3.812226675004802
120,121,3.7943376658796315
120,122,6.519945400773642
120,123,6.288243873117396
120,124,8.273281029158682
120,125,7.852649771923564
120,126,11.144409474263556
120,127,13.094957404797741
120,128,16.75522665384401
120,129,20.131495094965263
120,130,23.77081561792098
120,131,24.6266664786096
120,132,22.710939332523683
120,133,23.941917554428343
120,134,23.29090567828023
120,135,26.012037837297022
120,136,27.25795290049943
120,137,24.02455237582493
120,138,21.54145416959129
120,139,19.188009222469088
120,140,17.58808086041919
120,141,17.663779979137527
120,142,17.02666044099473
120,143,15.464355018568833
120,144,13.182060678716752
120,145,10.110483524541598
120,146,10.9013086516398
120,147,8.302581621003592
120,148,10.387849382679555
120,149,11.032851757676704
120,150,10.525105678368623
120,151,13.695036402173834
120,152,15.51701626934761
120,153,13.065876106352826
120,154,10.509157641434319
120,155,9.687820444442194
120,156,10.11552185209491
120,157,7.103578626320507
120,158,8.619509196814333
120,159,7.798543142473424
120,160,10.946652543602962
120,161,12.123906881913113
120,162,15.86075681970089
120,163,18.656013207899697
120,164,20.922463243066744
120,165,22.902141271171335
120,166,26.261091577936096
120,167,25.360495123641396
120,168,23.61200815871875
120,169,20.264897466496635
120,170,19.905999354864406
120,171,16.57212516362298
120,172,16.660138218265356
120,173,14.378347186409442
120,174,15.395602319899861
120,175,15.804096045800623
120,176,16.75459973425688
120,177,20.10862981930304
120,178,21.07357808396603
120,179,24.755089004451822
120,180,25.190484464461445
120,181,24.000245186800708
120,182,23.475022366723742
120,183,21.221885193382242
120,184,19.212221099936396
120,185,18.96370794837163
120,186,18.554340465995114
120,187,15.333795292555491
120,188,13.812502711377372
120,189,16.294894778742957
120,190,17.08711945492366
120,191,20.41065472326135
120,192,19.53255804564743
120,193,16.268699344060526
120,194,15.773535875988237
120,195,14.039642328307663
120,196,14.909156385181934
120,197,14.58565575476265
120,198,16.798308137192066
120,199,18.60601943826781
120,200,21.57037051503459
120,201,23.896350692705887
120,202,22.23629059489313
120,203,20.26481290572708
120,204,19.483812052552167
120,205,19.011524454824674
120,206,19.205049129811325
120,207,20.030882299524077
120,208,19.890158687821447
120,209,23.267690857147016
120,210,23.964359816039128
120,211,27.033653136043704
120,212,28.882488268024936
120,213,29.524634862689645
120,214,31.952610203655546
120,215,31.09831245075615
120,216,29.798653689503116
120,217,29.347529153056108
120,218,29.298717079195253
120,219,26.65003935849851
120,220,27.098682216083713
120,221,23.484296384195176
120,222,22.29660746390764
120,223,19.598329140425122
120,224,20.323116297592605
120,225,19.561217483141583
120,226,19.30855461767827
120,227,19.39318488942893
120,228,19.14091606596409
120,229,21.076176644477673
120,230,20.11950445735486
120,231,23.31728366860841
120,232,23.70918492721458
120,233,22.916413322861715
120,234,20.731962789183097
120,235,16.983433039567416
120,236,14.423395204998153
120,237,12.675537511056596
120,238,10.431113054396182
120,239,10.835703298582887
120,240,10.763691223684983
120,241,11.778933531517039
120,242,12.188666219937291
120,243,13.388908305420847
120,244,10.967581134601614
120,245,11.627204504004903
120,246,9.325839991379677
120,247,11.090205628717733
120,248,10.906167455226397
120,249,13.232554970500034
120,250,16.526199054229693
120,251,20.068582114722748
120,252,23.04646301441908
120,253,25.56368023448648
120,254,29.285041115334618
120,255,32.61829157772399
120,256,35.540381351740464
120,257,37.77051800783409
120,258,35.31904026950723
120,259,35.685931371918386
120,260,35.50140357320436
120,261,38.382394306174135
120,262,39.01836981037751
120,263,41.70985810920284
120,264,42.98511064707108
120,265,45.21532697786031
120,266,44.96015035914277
120,267,44.26389310845808
120,268,47.220523254777646
120,269,48.098617967507636
120,270,49.979554119601396
120,271,49.820451990366514
120,272,49.73604635206209
120,273,48.43134866442183
120,274,48.206995807058014
120,275,45.98088426614904
120,276,46.47919679760786
120,277,45.02426921310231
120,278,48.49076857537754
120,279,48.03128110906832
120,280,49.16270615798516
120,281,52.32894204782008
120,282,54.57923452912422
120,283,55.02152173990466
120,284,58.73392134353666
120,285,59.49732796707284
120,286,58.48251551291803
120,287,57.587878218995975
120,288,55.76995990249926
120,289,55.79157189127774
120,290,53.174064521710086
120,291,49.99065986403799
120,292,48.74478559282998
120,293,45.297238942997986
120,294,45.55612298551045
120,295,43.666927324150485
120,296,45.288116398227864
120,297,48.84668912616495
120,298,50.492499678391496
120,299,53.71144515349197
120,300,53.525630437926125
120,301,53.269348080129994
120,302,56.46032679979579
120,303,57.9092049252553
120,304,61.174835970925116
120,305,61.53739611434471
120,306,64.31803117728418
120,307,65.70557896695409
120,308,68.70372656116726
120,309,69.44352085772852
120,310,73.1047857247905
120,311,73.81291489789719
120,312,77.61947919753466
120,313,80.60880371055995
120,314,82.18201116133261
120,315,83.55985792536546
120,316,87.24900292990927
120,317,88.82848804950694
120,318,92.45235253631837
121,1,118.22879263343076
121,2,118.83895709135668
121,3,115.37771209069938
121,4,111.77183902085133
121,5,108.67837445832131
121,6,105.13779073776676
121,7,102.31071517553526
121,8,98.73026590346328
121,9,95.97689805343134
121,10,92.36327271699273
121,11,90.77923205639313
121,12,89.73276621521379
121,13,87.93664419943859
121,14,88.83689595449684
121,15,85.53818379592316
121,16,83.39353375820967
121,17,80.20414123857773
121,18,79.60147825837335
121,19,77.5704435809526
121,20,77.01748162671646
121,21,78.01092491883517
121,22,78.11956156814762
121,23,81.33470275577525
121,24,81.48752772762725
121,25,79.21941084512412
121,26,80.74640736401486
121,27,82.7061814461509
121,28,83.70787302797305
121,29,82.76627758706418
121,30,83.27903609742604
121,31,79.60721662524472
121,32,76.10630141891453
121,33,72.47699570204345
121,34,69.46676410508941
121,35,66.82543972456293
121,36,64.26391195676658
121,37,62.002257505054295
121,38,61.839883456559754
121,39,60.888159706357335
121,40,57.948968595693024
121,41,57.4779792212246
121,42,54.62894830362023
121,43,52.30229964774835
121,44,49.65547361752056
121,45,50.46291242993615
121,46,47.60575843075125
121,47,49.130013053376416
121,48,48.86623774434815
121,49,45.61040399470351
121,50,42.50456780185195
121,51,42.165055323693196
121,52,38.9907635904154
121,53,39.875264945391656
121,54,37.13418365730141
121,55,38.93615327215745
121,56,36.84521116633237
121,57,34.036484514765796
121,58,33.6886315771226
121,59,32.13759863122287
121,60,29.259185383009065
121,61,28.6473314472013
121,62,28.617974013734372
121,63,26.28340074665684
121,64,23.651501367966564
121,65,24.31216464255524
121,66,26.292490176884076
121,67,26.88594751086165
121,68,30.632136743911683
121,69,30.069327594008627
121,70,28.074113215069893
121,71,31.31734223737801
121,72,30.93149452949296
121,73,27.79160499758242
121,74,28.54036572192612
121,75,32.026872530944026
121,76,34.36578365885882
121,77,37.50975055032207
121,78,40.3707805892489
121,79,40.86427013073054
121,80,38.480392166798495
121,81,40.56696276281697
121,82,39.237182641080814
121,83,41.280211297005195
121,84,42.26032970100766
121,85,41.21797921449313
121,86,37.54145086319936
121,87,35.11218594371623
121,88,31.44244213403827
121,89,30.18184490909215
121,90,26.438422509397583
121,91,24.63684961601383
121,92,26.935048012396702
121,93,25.936171892959702
121,94,27.529377449713753
121,95,27.6014175568288
121,96,29.051125639675305
121,97,31.488944734470827
121,98,31.453469270612377
121,99,34.560399515085365
121,100,33.09709643405432
121,101,30.022780805410026
121,102,32.4779934681191
121,103,34.830935120589984
121,104,32.563953981374794
121,105,31.00710822440852
121,106,34.543894404620765
121,107,35.887107992985214
121,108,33.303103031350595
121,109,34.55120173154319
121,110,31.551405188643365
121,111,28.39379756404202
121,112,27.118897701013168
121,113,23.327260551776593
121,114,21.21210381338781
121,115,17.744145715170735
121,116,15.274379188137582
121,117,12.22617758853742
121,118,9.52922615809132
121,119,6.049884623100792
121,120,3.7943376658796315
121,122,3.7888012705231526
121,123,5.813406904356875
121,124,8.657442002066924
121,125,9.721783628296127
121,126,13.424677108076345
121,127,15.047881184973694
121,128,18.81464511740503
121,129,22.13865089412439
121,130,25.70740875949102
121,131,26.93070085820312
121,132,25.300591126711538
121,133,26.342967523673085
121,134,25.833411437233075
121,135,28.30828259825385
121,136,29.183815394561822
121,137,25.800779727899233
121,138,23.499087906805315
121,139,21.59415353351043
121,140,20.407841127560523
121,141,20.929071482679962
121,142,20.38639572425009
121,143,19.105354645962233
121,144,16.72733240301917
121,145,13.406787561640344
121,146,13.541917566401905
121,147,10.3116047098018
121,148,11.164012228446088
121,149,10.476515611253058
121,150,9.072229228807895
121,151,11.509901004401403
121,152,13.496476860028961
121,153,11.056319688892753
121,154,9.347124898502164
121,155,8.092876348670211
121,156,9.465807674893133
121,157,7.481830920261891
121,158,9.334864833042571
121,159,9.486674226266318
121,160,12.89947660096867
121,161,14.697740300590977
121,162,18.227274657844905
121,163,21.356781907175677
121,164,23.343724763274736
121,165,25.666245353330503
121,166,29.124816755642964
121,167,28.52784150207968
121,168,26.913393934804244
121,169,23.707415745347003
121,170,23.52086373298974
121,171,20.21467543834551
121,172,20.336757569973148
121,173,17.868017177643196
121,174,18.524266793097517
121,175,18.382022076342743
121,176,18.9715283398014
121,177,21.996712963297515
121,178,22.497083363144963
121,179,26.030868351232435
121,180,25.918321920285358
121,181,24.26991362896857
121,182,23.501577176395564
121,183,21.755761184686477
121,184,19.7035664634956
121,185,18.717146290075302
121,186,18.32757533574833
121,187,15.646076124919771
121,188,13.913635322303593
121,189,15.599308673189448
121,190,16.567694352819647
121,191,20.179991501695422
121,192,19.841115706734517
121,193,16.995059160426585
121,194,16.967747266210882
121,195,15.947619692445436
121,196,16.87621871566416
121,197,17.11411422629851
121,198,19.12600027187862
121,199,20.992014675012506
121,200,23.614123821971372
121,201,26.210443536415642
121,202,24.659574625726584
121,203,22.4783363813357
121,204,21.89536999669974
121,205,20.9771981785847
121,206,21.214270024657708
121,207,21.555146247358827
121,208,21.516484864147884
121,209,24.81586393949642
121,210,25.16379624196254
121,211,28.426072992986782
121,212,30.35168089676531
121,213,31.40923100766994
121,214,34.004772981399945
121,215,33.17518146476609
121,216,32.19489238725306
121,217,31.72178259586386
121,218,31.288159972207982
121,219,28.61315844690533
121,220,28.948228887790332
121,221,25.412854799629496
121,222,24.66031845936745
121,223,22.291501289175372
121,224,23.19209222768758
121,225,22.805683809464742
121,226,22.58383139143317
121,227,22.841768900771257
121,228,22.4591483833964
121,229,24.399840022381895
121,230,23.207932120114172
121,231,26.274230205169804
121,232,26.46843250589191
121,233,25.265132593155133
121,234,23.142528907346335
121,235,19.351009552302433
121,236,17.12651436819987
121,237,14.899431606429605
121,238,12.841039583516974
121,239,12.340198818117491
121,240,12.001848648644048
121,241,12.026548751232495
121,242,13.024436915589652
121,243,15.045930858003302
121,244,13.358396556969057
121,245,14.641503972281722
121,246,12.813462068640325
121,247,14.853068181827247
121,248,14.63952977152399
121,249,16.905759696435346
121,250,20.192841236524032
121,251,23.78719785607515
121,252,26.669238921710903
121,253,29.188637263325294
121,254,32.89971372379586
121,255,36.23234367353431
121,256,39.21275566874804
121,257,41.50586646983266
121,258,39.09405147425262
121,259,39.46823640129478
121,260,39.27084515491447
121,261,42.12233708850553
121,262,42.687266716817824
121,263,45.36954513894629
121,264,46.574696881162794
121,265,48.85451180439151
121,266,48.56982252776734
121,267,47.911983018914604
121,268,50.85691033454657
121,269,51.721627152479286
121,270,53.66254870133807
121,271,53.54337308563608
121,272,53.502767642752815
121,273,52.21232714718384
121,274,52.000912714744736
121,275,49.766247434476526
121,276,50.23972591404621
121,277,48.73856392931526
121,278,52.191840246932195
121,279,51.763254034815105
121,280,52.92902924272142
121,281,56.10919358320369
121,282,58.368949108123495
121,283,58.814732353343395
121,284,62.525686926955785
121,285,63.286709605538924
121,286,62.25342141122565
121,287,61.34841057538321
121,288,59.52888068675466
121,289,59.51586256550167
121,290,56.90006944641812
121,291,53.70101997477085
121,292,52.44056653685124
121,293,49.016249549278534
121,294,49.32243979007583
121,295,47.45394027327663
121,296,49.0740659284338
121,297,52.624625900073724
121,298,54.27713614916645
121,299,57.48618694761503
121,300,57.26643028865872
121,301,56.98957290672592
121,302,60.151754537619894
121,303,61.56204211996713
121,304,64.85621666399737
121,305,65.23948094781738
121,306,68.04852249510806
121,307,69.44704299101444
121,308,72.46422874552253
121,309,73.21169979409613
121,310,76.87785488038357
121,311,77.59786685839049
121,312,81.40422872862443
121,313,84.38486897901
121,314,85.95002648554842
121,315,87.3359314111196
121,316,91.02094171684475
121,317,92.60366690090672
121,318,96.23051822997994
122,1,120.33463316221214
122,2,121.00610699175206
122,3,117.53091443380107
122,4,113.90701791175083
122,5,110.76683749868212
122,6,107.26940433584295
122,7,104.37479716065948
122,8,100.82525869513175
122,9,97.99040474721001
122,10,94.35329920956072
122,11,92.69165460757084
122,12,91.51456803199429
122,13,89.61983460817764
122,14,90.37761280548231
122,15,87.02091362687958
122,16,84.96328710075858
122,17,81.75053479772278
122,18,81.10863614135333
122,19,79.1766377823042
122,20,78.62533576064475
122,21,79.72974779190213
122,22,79.84254662650791
122,23,82.9692757060593
122,24,83.03724820044883
122,25,80.65671335310883
122,26,82.20633874592586
122,27,84.28698680215892
122,28,85.29477289562766
122,29,84.48751701613308
122,30,85.0378760772921
122,31,81.37783184847844
122,32,77.87279200400813
122,33,74.26461125281749
122,34,71.15976419688624
122,35,68.60286869148953
122,36,65.89993223891096
122,37,63.60690277788264
122,38,63.234315109690435
122,39,62.23425195150519
122,40,59.31473350866862
122,41,58.80093865790935
122,42,55.80490600221357
122,43,53.61088550875772
122,44,51.151535550704864
122,45,52.160287057843554
122,46,49.410006133727194
122,47,51.162133971652636
122,48,51.0641472784467
122,49,47.76204489750266
122,50,44.59252284540427
122,51,43.97712634023158
122,52,40.65583255080369
122,53,41.21602779768806
122,54,38.273651047355685
122,55,39.79118137715282
122,56,37.413510973735995
122,57,34.81822559854695
122,58,34.60814544776178
122,59,33.43092736275685
122,60,30.38707086169952
122,61,29.493498001104264
122,62,29.833804553041496
122,63,27.772747597427532
122,64,24.78490377826717
122,65,25.321066019394078
122,66,26.8168120972927
122,67,27.279229125055018
122,68,31.070487408966077
122,69,30.933978933188524
122,70,29.129806058089578
122,71,32.56938174501969
122,72,32.43704008566668
122,73,29.535798541792484
122,74,30.69482738207712
122,75,34.06395495017366
122,76,36.57524398933555
122,77,39.61653939098491
122,78,42.536267181012235
122,79,42.74571783312409
122,80,40.12749914232538
122,81,41.93225428723663
122,82,40.30794766209251
122,83,42.075430839436265
122,84,42.761795659444424
122,85,41.53895278607094
122,86,37.96487265155784
122,87,35.249464561609905
122,88,31.500928897197586
122,89,29.95312700435696
122,90,26.18509172984974
122,91,24.126934901437686
122,92,26.409045258372036
122,93,25.809886291356392
122,94,27.625363258748592
122,95,28.18915454886294
122,96,29.694989488331256
122,97,32.464387996150215
122,98,32.40286700961242
122,99,35.73145520589388
122,100,34.58606826589326
122,101,31.57335769886129
122,102,33.949014733626385
122,103,36.55182085726915
122,104,34.58277363348819
122,105,32.99009409654532
122,106,36.45040839977058
122,107,38.06011976622074
122,108,35.68841365982384
122,109,36.82300889091039
122,110,33.8671260031882
122,111,30.547610149028433
122,112,29.594270044472825
122,113,25.80916553461961
122,114,24.037237271004678
122,115,20.50337175946926
122,116,18.42652957238906
122,117,15.56205677108223
122,118,12.779963830746857
122,119,9.555052248835082
122,120,6.519945400773642
122,121,3.7888012705231526
122,123,3.8161072355060233
122,124,7.076638372232519
122,125,9.540317759261942
122,126,13.322312177424099
122,127,14.147041069514852
122,128,17.873520423768547
122,129,20.938486927978694
122,130,24.403547223735572
122,131,25.914760692578753
122,132,24.74729465662508
122,133,25.74426200749987
122,134,25.669760512152138
122,135,28.013597779748324
122,136,28.408140520169496
122,137,24.83256579834052
122,138,22.52676394528596
122,139,21.16030297126424
122,140,20.32926165967419
122,141,21.460391566860334
122,142,21.407382594159085
122,143,20.596339212879123
122,144,17.82415481411719
122,145,14.210522691935568
122,146,13.341911318215315
122,147,9.695998362326403
122,148,9.211321338915582
122,149,7.467843371832475
122,150,5.664783689013851
122,151,7.816615322267573
122,152,9.727617954639731
122,153,7.5439375767656225
122,154,6.601593804393845
122,155,6.42353861651015
122,156,9.175984554079038
122,157,8.580358945811037
122,158,11.454473384760092
122,159,12.496078468609415
122,160,16.140024337356508
122,161,18.108579478068336
122,162,21.71349152992316
122,163,24.807017931937803
122,164,26.970556312331457
122,165,29.21032687073548
122,166,32.60026234635044
122,167,31.797025757245255
122,168,29.961762506303774
122,169,26.6362409573369
122,170,26.052236566812283
122,171,22.53526478366531
122,172,22.10636544262534
122,173,19.224825182472557
122,174,19.164690701905872
122,175,18.360356762033643
122,176,18.249016279175166
122,177,20.89359517305907
122,178,20.789506186425132
122,179,24.092667730873533
122,180,23.545922463397954
122,181,21.69742796721465
122,182,20.598721124248527
122,183,19.183646666954314
122,184,17.322435361803826
122,185,15.830333038557193
122,186,15.25597958715525
122,187,13.041806597925738
122,188,11.47946614762869
122,189,12.638160981662722
122,190,14.135576290622568
122,191,17.8081854726968
122,192,18.1053500825024
122,193,15.766052642878098
122,194,16.571628291276564
122,195,16.322546642991473
122,196,17.93456120425935
122,197,18.846357657789543
122,198,21.24441283988369
122,199,23.550714952460925
122,200,26.23731347500426
122,201,28.62808462480645
122,202,26.7303448384109
122,203,24.16129797775573
122,204,23.177570890827088
122,205,21.705031075234945
122,206,21.416238114326404
122,207,21.095808537852474
122,208,20.675390628781983
122,209,23.664025310106112
122,210,23.485449187071733
122,211,26.761224276169862
122,212,28.56518679976362
122,213,29.99136513570132
122,214,32.645112522666615
122,215,31.76678054125868
122,216,31.14217225199638
122,217,30.641854261653684
122,218,29.77720529883463
122,219,27.112753616367833
122,220,27.385372400378497
122,221,24.02575838407211
122,222,23.825149241545567
122,223,21.963473247149828
122,224,23.313070603801442
122,225,23.518061300983156
122,226,23.75888734499701
122,227,24.575413433810645
122,228,24.62015152422908
122,229,26.93975257557601
122,230,26.093972785206866
122,231,29.338180127743303
122,232,29.806778215088176
122,233,28.671301692375913
122,234,26.327425873495528
122,235,22.51695332683874
122,236,20.02166431749468
122,237,17.50858083988719
122,238,14.936414344648323
122,239,13.702612008755118
122,240,12.336566083268565
122,241,11.233778065618445
122,242,11.848259751814476
122,243,14.153185116205147
122,244,13.417075360615138
122,245,15.035421048289374
122,246,14.119581529607226
122,247,16.767811304963622
122,248,16.861163919532874
122,249,19.583447934975514
122,250,22.899113674790016
122,251,26.34153962483851
122,252,29.454483940029107
122,253,31.90684629008461
122,254,35.654277217927394
122,255,38.92335709865551
122,256,41.81763544688467
122,257,43.91343121039888
122,258,41.315420768674535
122,259,41.414651459273955
122,260,40.91122650875087
122,261,43.546198646147836
122,262,43.79930096097313
122,263,46.429588787906056
122,264,47.44155793598329
122,265,49.90864322300114
122,266,49.672385792027264
122,267,49.268630466444606
122,268,52.31450774650972
122,269,53.37787876066496
122,270,55.45110840018283
122,271,55.51758187763859
122,272,55.45579370731269
122,273,54.29688707673332
122,274,53.907421166243985
122,275,51.47985635484136
122,276,51.738151447886544
122,277,49.99543162460452
122,278,53.38227262301808
122,279,53.13314633650326
122,280,54.53084267945343
122,281,57.77270758846662
122,282,60.20567436365656
122,283,60.79310168849526
122,284,64.53808129982994
122,285,65.20582251558184
122,286,64.22519741695777
122,287,63.13571497019353
122,288,61.15469314558768
122,289,60.92539635027736
122,290,58.24003374154042
122,291,55.03750418139495
122,292,53.879667466288545
122,293,50.48848543381194
122,294,51.01208690307676
122,295,49.34221049241544
122,296,51.16880042906879
122,297,54.7860840607667
122,298,56.24943809529689
122,299,59.396567189328145
122,300,59.11393903623655
122,301,58.61931874271552
122,302,61.68744002209046
122,303,62.895799939936886
122,304,66.22209103290702
122,305,66.544682282538
122,306,69.480839433845
122,307,71.03713540446591
122,308,74.12083114289739
122,309,75.03700696678355
122,310,78.72885925942855
122,311,79.54962402183394
122,312,83.34419970139624
122,313,86.30925161794873
122,314,87.7532890328455
122,315,89.05087752277961
122,316,92.7064505635829
122,317,94.21515554294601
122,318,97.84323703636407
123,1,117.67230414803426
123,2,118.41260343895536
123,3,114.93714339656701
123,4,111.29353210649018
123,5,108.12573965348354
123,6,104.66718288949541
123,7,101.72719790889148
123,8,98.21341535361667
123,9,95.31040991148768
123,10,91.65020634374441
123,11,89.90733422400261
123,12,88.63770094594634
123,13,86.65940527486867
123,14,87.31942137170189
123,15,83.93811694005394
123,16,81.95802377842959
123,17,78.75354837534559
123,18,78.13259985673511
123,19,76.29911744677649
123,20,75.81230846865476
123,21,77.03670355514446
123,22,77.23030178195742
123,23,80.29781425767551
123,24,80.24879695676934
123,25,77.77612442628796
123,26,79.2768832518145
123,27,81.40652244575782
123,28,82.36623007572254
123,29,81.62906168425503
123,30,82.16544783028232
123,31,78.5083015515781
123,32,75.01930233923076
123,33,71.41967275321302
123,34,68.26352136650326
123,35,65.79973981438911
123,36,63.00462298339159
123,37,60.65208032198201
123,38,60.14435539094144
123,39,59.07720718643921
123,40,56.1551753150445
123,41,55.5995827044018
123,42,52.526853474132984
123,43,50.408824960378254
123,44,48.07309862279732
123,45,49.21999027945095
123,46,46.56646619062888
123,47,48.495532898799915
123,48,48.54017796629265
123,49,45.205214086640716
123,50,41.99461074390671
123,51,41.14961514339094
123,52,37.73431479053176
123,53,38.072909190159315
123,54,35.018988264430924
123,55,36.38751370828453
123,56,33.88654252393308
123,57,31.39186257482496
123,58,31.279228817555076
123,59,30.332089260381558
123,60,27.25295438426959
123,61,26.14727164523681
123,62,26.671595299683545
123,63,24.829683681338505
123,64,21.640235388872252
123,65,22.078355912530682
123,66,23.318836452018086
123,67,23.7947403771838
123,68,27.576159162269654
123,69,27.59849186481095
123,70,25.980820729844414
123,71,29.536418881153644
123,72,29.489251683765556
123,73,26.810529858560887
123,74,28.296655249918384
123,75,31.50696042090683
123,76,34.134742613247454
123,77,37.0576232430814
123,78,40.02560255572664
123,79,39.99735584817556
123,80,37.208224569756936
123,81,38.81264946085755
123,82,37.03406019884254
123,83,38.64609095489812
123,84,39.22598321246139
123,85,37.9157762029578
123,86,34.38730840556787
123,87,31.58825717129514
123,88,27.828947555254487
123,89,26.20160301858107
123,90,22.437468908948233
123,91,20.3752662548952
123,92,22.75028698514722
123,93,22.34531153260155
123,94,24.397807179381928
123,95,25.207837112352102
123,96,26.990930159589055
123,97,29.853580145226626
123,98,29.529643636856267
123,99,32.943073400362366
123,100,32.08747343401748
123,101,29.00569144783416
123,102,31.16852291207273
123,103,33.985763620016165
123,104,32.27670404333757
123,105,30.520278975676977
123,106,33.85104204136493
123,107,35.730789654000375
123,108,33.53240240264965
123,109,34.47018371791541
123,110,31.554005870961493
123,111,28.10222891169929
123,112,27.49364358994612
123,113,23.770781031459215
123,114,22.47112554228405
123,115,18.985128231995247
123,116,17.49650008295994
123,117,15.184281374707016
123,118,12.25486382861318
123,119,9.847034176566467
123,120,6.288243873117396
123,121,5.813406904356875
123,122,3.8161072355060233
123,124,3.788464969739112
123,125,6.327820640607941
123,126,9.961444456656006
123,127,10.407535123067804
123,128,14.13397351778626
123,129,17.15768600720559
123,130,20.66916220627061
123,131,22.104597530897443
123,132,20.97612214264656
123,133,22.076947229162304
123,134,22.190712406985675
123,135,24.665820836354037
123,136,25.057553679668292
123,137,21.449019906961965
123,138,18.938808400697763
123,139,17.55385023842742
123,140,16.681104147052345
123,141,18.007446293420234
123,142,18.27118246692541
123,143,17.73951318488385
123,144,14.760157153878422
123,145,11.05303082774775
123,146,9.727509094609456
123,147,6.0955267177445
123,148,5.662234947158687
123,149,5.026133574282132
123,150,4.4263665587936485
123,151,7.937066528616442
123,152,9.631691076407202
123,153,7.889792248652593
123,154,6.093671223015788
123,155,7.5215516262593285
123,156,9.92753372616228
123,157,9.026857998872744
123,158,12.290428449038645
123,159,13.061288821192322
123,160,16.615134555958793
123,161,18.121447176097845
123,162,21.90227971440685
123,163,24.62876041637044
123,164,27.097972791367713
123,165,28.927338543678417
123,166,32.174217389085314
123,167,30.950819494205952
123,168,28.883752027968526
123,169,25.35951814335304
123,170,24.315060948487524
123,171,20.66884255039275
123,172,19.705326653914504
123,173,16.701963188836547
123,174,16.33322467632099
123,175,15.525704700140638
123,176,15.057997398241483
123,177,17.838840946385332
123,178,17.69253395184602
123,179,21.042039857382036
123,180,20.829255360691583
123,181,19.44346409091675
123,182,18.268115660840987
123,183,16.346528982484234
123,184,14.783132592850002
123,185,13.852246212748955
123,186,12.887496587533146
123,187,10.148657034263133
123,188,9.203593624190464
123,189,11.251064343163721
123,190,13.116374747684805
123,191,16.49267207107485
123,192,16.658441334617176
123,193,14.1721653353373
123,194,15.190582669538607
123,195,14.777027500310254
123,196,16.94430242765147
123,197,17.804711291361702
123,198,20.685823335718826
123,199,23.21752894536568
123,200,26.271866382525165
123,201,28.255617753149444
123,202,26.01581615471412
123,203,23.396906613535634
123,204,21.88285825583892
123,205,20.45450951094449
123,206,19.638684337171526
123,207,19.302855016698196
123,208,18.336650474035917
123,209,21.15561713121521
123,210,20.89091517455503
123,211,23.948456309644197
123,212,25.5025694813227
123,213,26.742269673832556
123,214,29.22013990567847
123,215,28.18189096089933
123,216,27.447001605676128
123,217,26.85871868543235
123,218,26.06029065098083
123,219,23.458419249929868
123,220,23.913575998356897
123,221,20.583099224432654
123,222,20.39703284353687
123,223,18.62044288944763
123,224,20.293567358627747
123,225,20.620239893204403
123,226,21.31536289106988
123,227,22.430778665428633
123,228,22.99842492204876
123,229,25.566115996967234
123,230,25.2215947063562
123,231,28.677670190746714
123,232,29.486377422938673
123,233,28.807920370719156
123,234,26.315026770727652
123,235,22.559913921925233
123,236,19.623701415766625
123,237,17.39960866237116
123,238,14.327978016185511
123,239,13.405323138854158
123,240,11.469402522488993
123,241,10.568312949818285
123,242,9.960958614061834
123,243,11.45571798664678
123,244,10.806360594720214
123,245,11.974929987032802
123,246,11.593711508195923
123,247,14.482080786749616
123,248,14.762082021246961
123,249,17.90916710613384
123,250,21.22094542003345
123,251,24.40515379869209
123,252,27.75235782901975
123,253,30.175155781626653
123,254,33.91348579391744
123,255,37.13509951053107
123,256,39.85561044353844
123,257,41.707301585692456
123,258,38.91720257849459
123,259,38.80761817415361
123,260,38.05374262206378
123,261,40.524672115764055
123,262,40.58706682846727
123,263,43.14195241289518
123,264,44.03020628117063
123,265,46.57627580518081
123,266,46.36486131260472
123,267,46.11424935228504
123,268,49.22855914930304
123,269,50.44392725722621
123,270,52.58551156264719
123,271,52.78609561430442
123,272,52.70344481626161
123,273,51.671009723976525
123,274,51.15489316037872
123,275,48.58471478837821
123,276,48.719654845032686
123,277,46.82726982532499
123,278,50.15198456203175
123,279,49.98411511333011
123,280,51.52707854322947
123,281,54.81703955916112
123,282,57.36926814732533
123,283,58.09199303999131
123,284,61.85261223498769
123,285,62.480396317120636
123,286,61.595837880605785
123,287,60.38804666413183
123,288,58.272270708560306
123,289,57.91735572779249
123,290,55.152703270268674
123,291,51.99196768969375
123,292,50.9704895771216
123,293,47.56823010677977
123,294,48.18862042036202
123,295,46.640345133337235
123,296,48.61114024901401
123,297,52.283565807064555
123,298,53.601062239358725
123,299,56.721506292024834
123,300,56.46433848147175
123,301,55.828626086077165
123,302,58.86421762575424
123,303,59.95961516327499
123,304,63.25919660752506
123,305,63.47845053890839
123,306,66.4736955124061
123,307,68.15139470063842
123,308,71.246710280131
123,309,72.28478600163895
123,310,75.9802695261937
123,311,76.84142585728164
123,312,80.62366498996126
123,313,83.59970625024577
123,314,84.97040287565062
123,315,86.17297360793646
123,316,89.81225191593234
123,317,91.2417649709293
123,318,94.8574467736906
124,1,116.36451012289464
124,2,117.21754835545374
124,3,113.77832526587741
124,4,110.10222816760239
124,5,106.95071855475805
124,6,103.52298316276915
124,7,100.58288590193453
124,8,97.11975663557222
124,9,94.16204775077917
124,10,90.46769263713821
124,11,88.59516037461691
124,12,87.27221971469892
124,13,85.17423018442021
124,14,85.7470937755823
124,15,82.38706712189513
124,16,80.54131213869962
124,17,77.40981331382041
124,18,76.92272800953482
124,19,75.23876160054233
124,20,74.92158790558253
124,21,76.30718941880296
124,22,76.67484939707192
124,23,79.70181516134222
124,24,79.4790560808644
124,25,76.9047530401341
124,26,78.26011846770194
124,27,80.3737404575403
124,28,81.18618800039238
124,29,80.44964155648947
124,30,80.86183201359651
124,31,77.18203585828702
124,32,73.75912089019481
124,33,70.13682898724343
124,34,66.98669753244647
124,35,64.68030810675062
124,36,61.83157688237161
124,37,59.31833383495204
124,38,58.70107093736583
124,39,57.42800846568984
124,40,54.40444805761006
124,41,53.64072954569729
124,42,50.541054166953955
124,43,48.37864753973079
124,44,46.19382027406591
124,45,47.342819957266705
124,46,44.67412138530078
124,47,46.77942624908667
124,48,47.02347742362411
124,49,43.77772214982281
124,50,40.42923615943362
124,51,39.43788184055375
124,52,35.89776362385036
124,53,36.01841561056013
124,54,32.9575261765322
124,55,34.0507385489905
124,56,31.493146948614587
124,57,29.26173628172939
124,58,29.549912626677596
124,59,28.884556924962652
124,60,25.986228422889138
124,61,24.409185126128698
124,62,24.859773473113947
124,63,23.482209597389648
124,64,20.174515419268754
124,65,20.042194163502465
124,66,20.98273070636904
124,67,21.00388792274326
124,68,24.79520339093041
124,69,25.164881141104217
124,70,23.44925400806606
124,71,27.03344352298129
124,72,27.382352951802673
124,73,24.86327702916908
124,74,26.719221452832866
124,75,29.84969629147516
124,76,32.75209765297205
124,77,35.68482783349656
124,78,38.83030370504884
124,79,38.66880774730661
124,80,35.72655943734998
124,81,37.1299104600528
124,82,35.303715651130005
124,83,36.67572689747908
124,84,37.26071702239115
124,85,35.65906681742718
124,86,32.22996966929874
124,87,29.386985310667345
124,88,25.665608599221606
124,89,23.680651478194495
124,90,20.019526930164535
124,91,18.329407933738327
124,92,21.131509122284264
124,93,21.221614505199348
124,94,23.7495673011173
124,95,24.854572925473242
124,96,27.099230189352863
124,97,29.941828098338856
124,98,29.1485665884386
124,99,32.56210813165654
124,100,32.03315976286393
124,101,28.773741789110876
124,102,30.52607156929858
124,103,33.5628974865428
124,104,32.06819682732032
124,105,29.94835423309707
124,106,33.04645823846022
124,107,35.22309696946201
124,108,33.054467297242965
124,109,33.585245118550255
124,110,30.54909736882566
124,111,26.929408030281806
124,112,26.45054626374983
124,113,22.81753712137811
124,114,21.82683776795495
124,115,18.295873123055625
124,116,17.517552163202982
124,117,15.526961182001315
124,118,13.108738393256493
124,119,11.26542901850117
124,120,8.273281029158682
124,121,8.657442002066924
124,122,7.076638372232519
124,123,3.788464969739112
124,125,3.7960034881373494
124,126,6.969985198325931
124,127,7.432124802116112
124,128,11.033048660371207
124,129,14.245160364105352
124,130,17.582697129985323
124,131,19.3595120934576
124,132,18.11215118572713
124,133,18.809498115667314
124,134,18.851757494544284
124,135,21.119116944230736
124,136,21.385040211882906
124,137,17.781377986710435
124,138,15.467783655156042
124,139,14.301957233668926
124,140,13.985175907551886
124,141,15.827445918444488
124,142,16.043044242356256
124,143,16.245658957502222
124,144,13.495285816219015
124,145,9.705685419409676
124,146,8.228230741742971
124,147,5.533213834739007
124,148,5.198094625033991
124,149,5.800213881063911
124,150,5.096175410193517
124,151,8.632949590069044
124,152,10.790771579708347
124,153,10.240416087715348
124,154,8.9754704342025
124,155,11.140949861448657
124,156,13.464136283749221
124,157,12.330708873158537
124,158,15.430330726124287
124,159,15.636348210597566
124,160,18.889818437644408
124,161,19.760417075607442
124,162,23.569348021924657
124,163,25.909104014227978
124,164,28.3481133874903
124,165,29.766910565367258
124,166,32.98307299397653
124,167,31.531582622860384
124,168,29.51764347012722
124,169,25.839754003335496
124,170,24.56803427680178
124,171,20.97947006671422
124,172,19.61453449813974
124,173,16.833139189590888
124,174,16.399866946132715
124,175,15.876796728309236
124,176,14.875773564926725
124,177,17.753897770345173
124,178,17.320224400859136
124,179,20.504136590369782
124,180,20.556992625264744
124,181,19.74958139781555
124,182,18.118890162922465
124,183,15.776978796525176
124,184,15.044314954565557
124,185,14.46636514216637
124,186,12.601350052298656
124,187,9.826335419859085
124,188,10.288133297183009
124,189,12.662231090331932
124,190,15.11960160699632
124,191,18.104685983821142
124,192,18.438567537962353
124,193,16.073523893945477
124,194,17.311499718561052
124,195,16.702167418831184
124,196,19.157340647938128
124,197,19.71784465628701
124,198,22.817720909984494
124,199,25.27510115547787
124,200,28.564852550444808
124,201,30.318973287572526
124,202,27.971495096808752
124,203,25.499994384768982
124,204,23.649787382950006
124,205,22.434612058047787
124,206,21.202710091746898
124,207,20.89205761327184
124,208,19.321024930946287
124,209,21.78337797986378
124,210,21.245132880158458
124,211,23.901831723586874
124,212,24.933402719781036
124,213,25.969091176071615
124,214,28.046844768010306
124,215,26.561418607513193
124,216,25.616684980409183
124,217,24.574235371713723
124,218,23.801508052746733
124,219,21.592116829822736
124,220,22.599484006911524
124,221,19.51615293338963
124,222,19.50886513171899
124,223,17.941658452846276
124,224,20.13339756884627
124,225,20.42719703847954
124,226,21.668569665592123
124,227,22.871184368367846
124,228,23.89210448732623
124,229,26.443799008474677
124,230,26.419231986429516
124,231,29.91551859882429
124,232,30.759436259098635
124,233,30.48481782469272
124,234,28.13425704815922
124,235,24.482042380146343
124,236,21.409865319855314
124,237,19.68362300131338
124,238,16.53649170587513
124,239,16.147507902198157
124,240,14.106622010686745
124,241,13.430370064376042
124,242,11.898100810102138
124,243,12.332112100181472
124,244,11.74899666262823
124,245,11.845748452918627
124,246,11.825386293647211
124,247,14.376691650473916
124,248,14.176587812908414
124,249,17.71154230578844
124,250,21.15065927717118
124,251,24.013000000290496
124,252,27.463491178822572
124,253,30.074519550396936
124,254,33.71419446790572
124,255,36.993000861195
124,256,39.44919077073975
124,257,41.06328949155995
124,258,38.08239138506322
124,259,37.920977109774064
124,260,36.926251936191164
124,261,39.22633158432287
124,262,39.109474350031874
124,263,41.4225902671319
124,264,42.03292895582989
124,265,44.54753526765732
124,266,44.143495320501124
124,267,43.956870601003025
124,268,47.022011496970244
124,269,48.26471466727751
124,270,50.597723337077035
124,271,51.03567238525903
124,272,51.12541763259964
124,273,50.34373609827236
124,274,49.852512238466794
124,275,47.16692570594423
124,276,47.31198793107878
124,277,45.28243577081473
124,278,48.46836327149458
124,279,48.22954032347186
124,280,49.87310384601571
124,281,53.278824574990445
124,282,55.902838044009535
124,283,56.85212635230333
124,284,60.594032981968645
124,285,61.325566981869535
124,286,60.65795279882297
124,287,59.41835020456063
124,288,57.15176870194616
124,289,56.7341556089459
124,290,53.80729614403968
124,291,50.78853432291398
124,292,50.029728529693166
124,293,46.55179395303387
124,294,47.12816074096761
124,295,45.5881814329213
124,296,47.58913763024867
124,297,51.3111831920979
124,298,52.57730643383288
124,299,55.74877816758687
124,300,55.67278336121534
124,301,54.96553516256326
124,302,58.03224948932045
124,303,59.06277029709415
124,304,62.260585910265135
124,305,62.26207118260788
124,306,65.26795749179578
124,307,67.0859680415732
124,308,70.11731286905565
124,309,71.25008441726375
124,310,74.91480774841583
124,311,75.70739310537043
124,312,79.4781389077153
124,313,82.52842533427301
124,314,83.89059831448488
124,315,84.94426267312319
124,316,88.58533035163764
124,317,89.87524592227811
124,318,93.44477471679329
125,1,112.77520256672732
125,2,113.63622552329826
125,3,110.21429921752969
125,4,106.53406357053365
125,5,103.40916097697271
125,6,99.96945998247304
125,7,97.06086836503397
125,8,93.5987040644971
125,9,90.66032193887823
125,10,86.96308876405526
125,11,85.08385442257301
125,12,83.81206475120531
125,13,81.72717341800214
125,14,82.35529312400413
125,15,79.03406514344204
125,16,77.17991632650391
125,17,74.08612140605652
125,18,73.67555072404677
125,19,71.98927613913621
125,20,71.74530283189333
125,21,73.13705328970495
125,22,73.58670252265792
125,23,76.65201013153083
125,24,76.40029674766161
125,25,73.85069421105935
125,26,75.12661341598839
125,27,77.15711626092923
125,28,77.90520325666324
125,29,77.08673686448849
125,30,77.43050495636878
125,31,73.73195946743843
125,32,70.33171441249384
125,33,66.68452036768596
125,34,63.586527070452185
125,35,61.28982080664772
125,36,58.498696997925414
125,37,55.93613982586031
125,38,55.40752015561041
125,39,54.08874196581411
125,40,51.01219462463194
125,41,50.212996966233895
125,42,47.189816637378605
125,43,44.92582980723506
125,44,42.66231883646169
125,45,43.71180437582616
125,46,40.985320924154394
125,47,43.0432447999093
125,48,43.274528460044046
125,49,40.05777522434661
125,50,36.68853162893064
125,51,35.76460817173823
125,52,32.24534176167814
125,53,32.486055255289834
125,54,29.52684886872783
125,55,30.75650981245114
125,56,28.38589424209401
125,57,26.038011758670564
125,58,26.36229507280989
125,59,25.53567437007359
125,60,22.81481009118216
125,61,21.226499331106627
125,62,21.38024149413531
125,63,19.998537442934893
125,64,16.831862771711375
125,65,16.55787745336215
125,66,17.812095471318937
125,67,17.864370160440807
125,68,21.669810903379975
125,69,21.765598592505
125,70,19.90769768163981
125,71,23.440077638541936
125,72,23.697551031935102
125,73,21.097210229516175
125,74,22.927305354664046
125,75,26.07202631909693
125,76,28.99791031200586
125,77,31.97275152972295
125,78,35.16357550873554
125,79,35.07818351136645
125,80,32.18952766544257
125,81,33.696463198758444
125,82,32.0422856661949
125,83,33.54342847368056
125,84,34.37116064935029
125,85,32.822283635213545
125,86,29.31582341264467
125,87,26.701702813964378
125,88,23.046036549518124
125,89,21.232743805957913
125,90,17.603225306846998
125,91,16.345514912959377
125,92,19.35317814812098
125,93,19.242587073590975
125,94,21.812128244299082
125,95,22.638347606224585
125,96,25.131828599038805
125,97,27.69567109480909
125,98,26.62691887028469
125,99,29.88012920120012
125,100,29.321998759516354
125,101,25.900509781849774
125,102,27.469853660868463
125,103,30.480898607761254
125,104,28.934804471457184
125,105,26.619079266271534
125,106,29.6481409601468
125,107,31.84887753154039
125,108,29.600787606862784
125,109,29.983881509014935
125,110,26.877924762030432
125,111,23.23361667020686
125,112,22.736545201133705
125,113,19.139613784614987
125,114,18.30755143022996
125,115,14.849818137972607
125,116,14.521798928763722
125,117,13.058971153970042
125,118,10.938961304530462
125,119,10.099477147957447
125,120,7.852649771923564
125,121,9.721783628296127
125,122,9.540317759261942
125,123,6.327820640607941
125,124,3.7960034881373494
125,126,3.804101276879764
125,127,5.8013799315847185
125,128,9.377411439214383
125,129,12.977592437500798
125,130,16.397943870500413
125,131,17.80055927866102
125,132,15.927686320638294
125,133,16.659817025754354
125,134,16.241718067117674
125,135,18.766342160344514
125,136,19.62374114012211
125,137,16.259729260372406
125,138,13.849811171184882
125,139,11.910068610269041
125,140,11.193213778688543
125,141,12.58944666747212
125,142,12.41212496041147
125,143,12.588594017523091
125,144,10.142911287547545
125,145,6.40333023617126
125,146,6.051137350945737
125,147,4.84566873596928
125,148,6.802002036679285
125,149,8.928981283013853
125,150,8.86233645566736
125,151,12.422732731685823
125,152,14.49197273062231
125,153,13.639610771292002
125,154,11.684869378266132
125,155,13.376049822089247
125,156,14.882116750234454
125,157,12.91238648692958
125,158,15.45992329752013
125,159,14.87256384834497
125,160,17.632084599708815
125,161,17.826974171136875
125,162,21.575222742814752
125,163,23.50806632489376
125,164,25.966649849299415
125,165,27.022157434040135
125,166,30.147666375012086
125,167,28.52265997727437
125,168,26.563991303523025
125,169,22.82665492912359
125,170,21.503167241556483
125,171,18.04734769472706
125,172,16.664382347656932
125,173,14.301357294162086
125,174,14.388983865730337
125,175,14.685585827683866
125,176,14.119260219021688
125,177,17.4544568283674
125,178,17.623168155358673
125,179,20.962902898014843
125,180,21.689484698288663
125,181,21.39518908719982
125,182,20.07616979412364
125,183,17.212206874353726
125,184,16.538168397467192
125,185,16.754717384730736
125,186,15.001128633699762
125,187,11.745413836970616
125,188,12.30453703978546
125,189,15.314850648064171
125,190,17.36365522647149
125,191,20.106355007823154
125,192,19.837344645116385
125,193,17.03909958178976
125,194,17.666157202838473
125,195,16.299968831591613
125,196,18.51231384194652
125,197,18.414869955798757
125,198,21.49870038730153
125,199,23.68737672144749
125,200,27.15269385894087
125,201,28.729511226168327
125,202,26.452847400161144
125,203,24.33524780498176
125,204,22.44055055756414
125,205,21.786044232663837
125,206,20.636913253769222
125,207,20.91952072485038
125,208,19.33114298121317
125,209,21.891159295049313
125,210,21.798215822089357
125,211,24.20788919567967
125,212,25.12333974699854
125,213,25.60813484940854
125,214,27.41706272284794
125,215,25.813979150662792
125,216,24.358886585049735
125,217,23.19379641285068
125,218,22.99036455342897
125,219,20.923171062314076
125,220,22.212020869728114
125,221,19.054838442336763
125,222,18.455490950937243
125,223,16.426919723299118
125,224,18.460776290288003
125,225,18.188058484615304
125,226,19.438191206304843
125,227,20.327868877499927
125,228,21.459167699864672
125,229,23.821030864169526
125,230,23.949049425607452
125,231,27.410001425429048
125,232,28.26230727096991
125,233,28.354940352382663
125,234,26.15616683790509
125,235,22.668400964572914
125,236,19.547497478635783
125,237,18.427640864383083
125,238,15.432595457984522
125,239,15.89357296153791
125,240,14.336259323112605
125,241,14.616316251149826
125,242,12.858301715570898
125,243,12.418326451951339
125,244,10.93035139081424
125,245,9.920209818463196
125,246,9.418255089296036
125,247,11.339903055287323
125,248,10.742080509654794
125,249,14.405937323681353
125,250,17.862175706705372
125,251,20.55303671078749
125,252,24.00889348152631
125,253,26.721054591518534
125,254,30.293042745838942
125,255,33.614835578250684
125,256,35.96111524553619
125,257,37.53214089306686
125,258,34.534099679340116
125,259,34.47948478743188
125,260,33.54362348348736
125,261,35.91497654651528
125,262,35.9371613914287
125,263,38.203360455727825
125,264,38.86315421969072
125,265,41.244852296403515
125,266,40.75978243516582
125,267,40.43349246568796
125,268,43.44990824741536
125,269,44.6115716148561
125,270,46.91736663075224
125,271,47.32297831438216
125,272,47.46034171291178
125,273,46.693914895961804
125,274,46.29318084661537
125,275,43.661030981742506
125,276,43.93745316911021
125,277,42.00582127928907
125,278,45.196388377788445
125,279,44.81564320596412
125,280,46.35834340056951
125,281,49.77576947047145
125,282,52.336481700327795
125,283,53.294051717078254
125,284,57.01894806581044
125,285,57.83734336276859
125,286,57.22918835613955
125,287,56.07755478248003
125,288,53.8388991401881
125,289,53.532153228776636
125,290,50.577595530801084
125,291,47.613913690390476
125,292,46.903699284063926
125,293,43.359626148011
125,294,43.78019874403992
125,295,42.126311010618004
125,296,44.040144277633374
125,297,47.758485521088744
125,298,49.098600948208535
125,299,52.33067882127286
125,300,52.37182102569383
125,301,51.76186231426152
125,302,54.90897162769996
125,303,56.04625108817109
125,304,59.179282365777425
125,305,59.126073796091504
125,306,62.05598934680986
125,307,63.8346870239029
125,308,66.80181598105558
125,309,67.8753963554766
125,310,71.51685676231162
125,311,72.22806476655461
125,312,76.00440569766752
125,313,79.0945754307783
125,314,80.52262263444184
125,315,81.5701743918925
125,316,85.23248579674794
125,317,86.51569391626839
125,318,90.07095825769161
126,1,110.06036895013888
126,2,111.00997993596792
126,3,107.61167578422724
126,4,103.90907185920643
126,5,100.78653825832816
126,6,97.38306385371384
126,7,94.46128139078944
126,8,91.0467659636593
126,9,88.0553588787761
126,10,84.33478883407668
126,11,82.35221042964184
126,12,81.01984839814153
126,13,78.83964821220127
126,14,79.38694850795613
126,15,76.07699214307252
126,16,74.32949197120014
126,17,71.29051010365173
126,18,70.97671978835635
126,19,69.41911675182337
126,20,69.31179247509252
126,21,70.84335969160476
126,22,71.4396836366249
126,23,74.45516350553162
126,24,74.05142837264974
126,25,71.41712933734318
126,26,72.57269936467621
126,27,74.59528806685674
126,28,75.22882764097328
126,29,74.42892238920082
126,30,74.68776706401229
126,31,70.98229422678783
126,32,67.6357403764282
126,33,63.98467091768325
126,34,60.88294941974196
126,35,58.725223557570644
126,36,55.880976299048854
126,37,53.199953498433054
126,38,52.5659046375928
126,39,51.09579839155207
126,40,47.959819734708326
126,41,47.021695922322806
126,42,43.96895092049822
126,43,41.70348337284773
126,44,39.57923649142587
126,45,40.68301506707916
126,46,38.00517521080062
126,47,40.24380593822408
126,48,40.66239898279623
126,49,37.50028129078964
126,50,34.052490282948185
126,51,32.92575452733457
126,52,29.307224844483553
126,53,29.31155299976453
126,54,26.324409441032362
126,55,27.332316029998324
126,56,24.921789223943858
126,57,22.77469905803945
126,58,23.42836729863165
126,59,22.887151253718912
126,60,20.376648258634553
126,61,18.355367155959247
126,62,18.472994698503367
126,63,17.602907541768744
126,64,14.367518135304746
126,65,13.521146920338754
126,66,14.454613752031717
126,67,14.19092902864737
126,68,17.99591008780411
126,69,18.331951606004985
126,70,16.51507709045627
126,71,20.115882847423975
126,72,20.651212776966855
126,73,18.341396592141535
126,74,20.60917441908695
126,75,23.526845390909894
126,76,26.652658787650566
126,77,29.522986865666336
126,78,32.818286034494314
126,79,32.530816919007336
126,80,29.49112768955121
126,81,30.773451757609887
126,82,29.062358181118842
126,83,30.359546724345616
126,84,31.203922832544123
126,85,29.45931189700338
126,86,26.02991488134093
126,87,23.442040236589893
126,88,19.86748316349305
126,89,17.855950468421415
126,90,14.370723319522192
126,91,13.657126476263588
126,92,17.0141185115982
126,93,17.276020437770036
126,94,20.202639088347286
126,95,21.220007003560166
126,96,24.129202324722772
126,97,26.564567635493948
126,98,25.022489944793197
126,99,28.195919071184857
126,100,27.991763513066797
126,101,24.472394970228482
126,102,25.57433434151683
126,103,28.769458832778714
126,104,27.518367528029618
126,105,24.89507587700027
126,106,27.621189769298812
126,107,30.12321352216105
126,108,28.022167855187895
126,109,28.004168324943674
126,110,24.89951677894251
126,111,21.146726335072184
126,112,20.9877116503152
126,113,17.65071808575933
126,114,17.452626004324042
126,115,14.30707705889784
126,116,14.959610154946226
126,117,14.32178299757654
126,118,12.745520686330272
126,119,12.837121594927796
126,120,11.144409474263556
126,121,13.424677108076345
126,122,13.322312177424099
126,123,9.961444456656006
126,124,6.969985198325931
126,125,3.804101276879764
126,127,3.792023147308406
126,128,6.430288411424151
126,129,10.186571332562465
126,130,13.409842727751622
126,131,14.739718219294703
126,132,12.49387933326647
126,133,13.022109745974614
126,134,12.457134409567422
126,135,15.101633410417934
126,136,16.18353234594566
126,137,12.980616205998075
126,138,10.515591414160365
126,139,8.221278917848329
126,140,7.717357739958297
126,141,9.485843649353367
126,142,9.369396668310365
126,143,10.457338122635079
126,144,8.44595428414877
126,145,5.441144301946256
126,146,5.422911335231702
126,147,6.642417979417612
126,148,8.739197409845858
126,149,11.55508524143359
126,150,11.942337445310441
126,151,15.325858863444532
126,152,17.22896455003685
126,153,16.755577400450335
126,154,14.79699339155363
126,155,16.78387899834592
126,156,18.052084906058894
126,157,16.015726142697126
126,158,18.381266288528984
126,159,17.491483509642762
126,160,19.826266333907835
126,161,19.443484645603906
126,162,23.035628825962124
126,163,24.438919010984204
126,164,26.94676446517373
126,165,27.4835097843782
126,166,30.390906108370636
126,167,28.428669630086823
126,168,26.439384278446767
126,169,22.649181212650323
126,170,20.975565277865197
126,171,17.718832922792437
126,172,15.848316310451253
126,173,13.906544810540002
126,174,13.936812481929419
126,175,14.667553258268406
126,176,13.814258446002103
126,177,17.13823667729204
126,178,17.34181683887628
126,179,20.45764501174358
126,180,21.682090179066694
126,181,22.04598932101205
126,182,20.676588162821044
126,183,17.418415378470595
126,184,17.341870685556987
126,185,18.159811987649835
126,186,16.096002502696273
126,187,12.873867115074503
126,188,14.189596877226494
126,189,17.434804524642875
126,190,19.54980970931545
126,191,21.829535297518504
126,192,21.44270739333834
126,193,18.72163243897677
126,194,19.330499053630042
126,195,17.755907183943187
126,196,20.098997425012854
126,197,19.71885819198513
126,198,22.923011964530602
126,199,25.024463314104242
126,200,28.65765729461713
126,201,29.859724247351508
126,202,27.465152804628712
126,203,25.548571525293394
126,204,23.336278738583722
126,205,22.961472292651656
126,206,21.472481679966872
126,207,21.896553528475323
126,208,19.87881971863315
126,209,22.064557278666744
126,210,21.945857411175293
126,211,23.857502684911015
126,212,24.306454007337962
126,213,24.36711208387508
126,214,25.7081500912514
126,215,23.7614586320582
126,216,21.94184800282738
126,217,20.416736156747824
126,218,20.53569062995492
126,219,18.874962425631228
126,220,20.665468402761697
126,221,17.791622649215576
126,222,17.094866127893624
126,223,15.191799920007636
126,224,17.541844850432852
126,225,17.132113598991268
126,226,18.905037227318477
126,227,19.870231868761664
126,228,21.511933403404512
126,229,23.839138731285704
126,230,24.430489134003455
126,231,27.877654556670624
126,232,28.90226133547636
126,233,29.479277701857107
126,234,27.37125762958483
126,235,24.13548482848681
126,236,20.911282109411285
126,237,20.31476447012582
126,238,17.34390448694356
126,239,18.228267199336468
126,240,16.647492238406013
126,241,17.198196088752614
126,242,14.86496129717431
126,243,13.469679657974346
126,244,12.024528338849784
126,245,9.899982080789018
126,246,9.922906543887649
126,247,11.171032531634461
126,248,10.341022938295458
126,249,14.124617307768869
126,250,17.35076749546038
126,251,19.46684605068835
126,252,22.990019326487378
126,253,25.71805519343532
126,254,29.117094223952307
126,255,32.37965192495721
126,256,34.41483835773066
126,257,35.67971375108778
126,258,32.496159378150864
126,259,32.31462735398887
126,260,31.118463337154324
126,261,33.290324373736404
126,262,33.13928692063789
126,263,35.19462278017683
126,264,35.63835006603898
126,265,38.00034821265508
126,266,37.403341719204505
126,267,37.165732536912046
126,268,40.17719255361145
126,269,41.42324038249508
126,270,43.853971819504174
126,271,44.45210143254705
126,272,44.67586356137729
126,273,44.12173493531654
126,274,43.684269155921065
126,275,40.93588006123518
126,276,41.18030686516644
126,277,39.12597761570864
126,278,42.192460290598405
126,279,41.78174048948222
126,280,43.42899997586532
126,281,46.92457193015405
126,282,49.56486923347743
126,283,50.71368967187106
126,284,54.419082037688135
126,285,55.285534407394934
126,286,54.85747403168424
126,287,53.651680816844845
126,288,51.27851905952542
126,289,50.90135934469656
126,290,47.82335981509281
126,291,44.987073494776
126,292,44.50962119717674
126,293,40.92435246524145
126,294,41.33013821392203
126,295,39.732489112492715
126,296,41.709932841694105
126,297,45.460018223893925
126,298,46.70012760125385
126,299,49.94146920331054
126,300,50.11978185312795
126,301,49.424080423558735
126,302,52.57478081363837
126,303,53.641503423403904
126,304,56.67774341624701
126,305,56.44380684328857
126,306,59.38122362879256
126,307,61.27979341798177
126,308,64.19610894132869
126,309,65.36422024271052
126,310,68.97703715729445
126,311,69.65509110697232
126,312,73.41199278604776
126,313,76.54688269038373
126,314,77.94494309583851
126,315,78.86724369879128
126,316,82.52102375750589
126,317,83.69253698970016
126,318,87.21132733494164
127,1,110.7008990251031
127,2,111.68053815433075
127,3,108.2507550910458
127,4,104.54707911044385
127,5,101.35485080237
127,6,98.00973470161729
127,7,94.99632340329578
127,8,91.61345114710443
127,9,88.5384234747646
127,10,84.8133159381849
127,11,82.79036040868964
127,12,81.30040146314572
127,13,79.05011386275658
127,14,79.44013818452275
127,15,76.04950735590211
127,16,74.36081212471305
127,17,71.2658232682896
127,18,70.83864386386485
127,19,69.35929765392969
127,20,69.18952153392222
127,21,70.80712793197087
127,22,71.35178760394359
127,23,74.25271362961315
127,24,73.79356363174487
127,25,71.05632852601376
127,26,72.2883559625934
127,27,74.46988076411337
127,28,75.16989713495076
127,29,74.5584522007322
127,30,74.92897850482069
127,31,71.26885311085036
127,32,67.89952921538962
127,33,64.31105570909405
127,34,61.08663756330744
127,35,58.989635254413415
127,36,55.9854112802545
127,37,53.35682360913532
127,38,52.478751192530886
127,39,51.061149034357975
127,40,48.04220004310546
127,41,47.187273650340984
127,42,43.956316095327914
127,43,41.95950756866864
127,44,40.05875632153165
127,45,41.4880395645999
127,46,39.066214468775
127,47,41.52624625531292
127,48,42.07547590069549
127,49,38.81975588863152
127,50,35.44970939698772
127,51,33.960398603676396
127,52,30.278552367519
127,53,29.874948413509255
127,54,26.613683926360842
127,55,27.327872023280932
127,56,24.521272499743958
127,57,22.583697135493686
127,58,23.179879621962066
127,59,23.1259168931044
127,60,20.33230085039303
127,61,18.160699347720104
127,62,19.024683670890795
127,63,18.401545582858336
127,64,14.798701125839354
127,65,14.207929171144139
127,66,14.285985827679708
127,67,14.276530851403585
127,68,17.96634906176039
127,69,18.765484936002785
127,70,17.628579774579677
127,71,21.39280266115555
127,72,21.952837753883028
127,73,20.15992527435416
127,74,22.754808456900903
127,75,25.314189355760963
127,76,28.377919249289018
127,77,30.931083246185757
127,78,34.10337056321435
127,79,33.414419715633464
127,80,30.15154826610411
127,81,31.057615457496127
127,82,28.929736185206153
127,83,29.916799935694456
127,84,30.30210467560871
127,85,28.49091736071388
127,86,25.190655463232154
127,87,22.216106408951603
127,88,18.53135625453569
127,89,16.314023822866684
127,90,12.723405314761932
127,91,11.358893556239725
127,92,14.598632591335651
127,93,15.338859327233912
127,94,18.48116936763478
127,95,20.100675214153963
127,96,22.996110857515614
127,97,25.785505291560412
127,98,24.294828084913867
127,99,27.701361641767143
127,100,27.871542936533423
127,101,24.572912082087004
127,102,25.644600453119345
127,103,29.055255804349805
127,104,28.21272177193384
127,105,25.762544839765773
127,106,28.38183906895869
127,107,31.10352860959312
127,108,29.398674603332527
127,109,29.41876670892157
127,110,26.600986297252046
127,111,22.86526303073513
127,112,23.256061210721068
127,113,20.108817166415065
127,114,20.363774085503213
127,115,17.4735037421384
127,116,18.133774513280116
127,117,17.619827840938974
127,118,15.570988801587454
127,119,15.497169159493541
127,120,13.094957404797741
127,121,15.047881184973694
127,122,14.147041069514852
127,123,10.407535123067804
127,124,7.432124802116112
127,125,5.8013799315847185
127,126,3.792023147308406
127,128,3.783091688992429
127,129,7.196988454433085
127,130,10.718301478515816
127,131,12.115482256203688
127,132,10.68795060393636
127,133,11.716083746955302
127,134,12.292706018087042
127,135,15.051865481710038
127,136,15.51881339113869
127,137,12.01029099611593
127,138,8.917058737010096
127,139,7.388935961527824
127,140,6.966883123765688
127,141,9.631468363122409
127,142,10.891843150516717
127,143,12.18208956358526
127,144,9.52562279462469
127,145,6.891942984278651
127,146,4.5963899555753
127,147,6.177766189668152
127,148,7.097621061674539
127,149,10.25618563099715
127,150,11.560226491262767
127,151,14.73224253115088
127,152,15.950131138764233
127,153,15.791453561684714
127,154,13.957658783777102
127,155,16.58215846163027
127,156,17.98034027534371
127,157,16.60301159647189
127,158,19.421063886809048
127,159,19.177934106914957
127,160,21.769516930250774
127,161,21.76434498513607
127,162,25.408304986605515
127,163,26.87055429358856
127,164,29.658622658230346
127,165,30.216730066477055
127,166,32.95554370115589
127,167,30.768456462392457
127,168,28.44418009527369
127,169,24.657119381415065
127,170,22.538361107075826
127,171,19.126730111118423
127,172,16.684700761177947
127,173,14.248549842116928
127,174,13.261796751361091
127,175,13.194265577801682
127,176,11.461092368440198
127,177,14.351957579282917
127,178,14.052625282288139
127,179,16.95252106281165
127,180,18.14150026582552
127,181,18.744792119865807
127,182,17.28088683287174
127,183,13.906081412154379
127,184,14.239060288656981
127,185,15.318593942227023
127,186,13.096633439594015
127,187,10.020201129162174
127,188,12.007748281314251
127,189,15.229549813938492
127,190,17.499767994239402
127,191,19.344080433534973
127,192,19.19162860464507
127,193,16.894699977916133
127,194,18.053679127939546
127,195,17.042816433968373
127,196,19.931929609892553
127,197,20.135264263404
127,198,23.639548939692233
127,199,26.161687790113312
127,200,29.828782999899758
127,201,30.755217123777417
127,202,28.002088331324774
127,203,25.743922886131383
127,204,23.127569379737672
127,205,22.301130014689573
127,206,20.262020493207203
127,207,20.159719802194555
127,208,17.66314080464535
127,209,19.403122900530523
127,210,18.874145722301346
127,211,20.602546090265925
127,212,20.84092236037358
127,213,21.091954176517746
127,214,22.459757392846896
127,215,20.486627516076876
127,216,19.004979462454596
127,217,17.582665026973437
127,218,17.281396898089497
127,219,15.47562393819772
127,220,17.21902896739858
127,221,14.476159178920534
127,222,14.308514044690012
127,223,13.051787599825948
127,224,15.95068772137662
127,225,16.32878462045712
127,226,18.624237350877312
127,227,20.28169259932786
127,228,22.35326357100552
127,229,25.104074125020663
127,230,26.076423472769974
127,231,29.68510993991188
127,232,31.092632937717497
127,233,31.68114474094764
127,234,29.25330231458457
127,235,26.015017586687755
127,236,22.544483922988153
127,237,21.610606659982142
127,238,18.25969112743542
127,239,18.590358212496636
127,240,16.34324823179086
127,241,16.38014658843895
127,242,13.44207551322548
127,243,11.63547187122815
127,244,11.207468735506389
127,245,9.374559827628921
127,246,10.78448619746745
127,247,12.796211112260117
127,248,12.933864283547182
127,249,16.692389484587334
127,250,19.582644123973047
127,251,21.48552127644803
127,252,25.15752609855944
127,253,27.541977355887568
127,254,30.940704079675573
127,255,33.97841505914069
127,256,35.95116234277279
127,257,36.97933516078566
127,258,33.660228768775724
127,259,33.05620501236121
127,260,31.518183680320572
127,261,33.39228297433644
127,262,32.85765935493377
127,263,34.936708790143484
127,264,35.25265289447946
127,265,37.89662479584522
127,266,37.5349320905154
127,267,37.67729814883655
127,268,40.86141408791683
127,269,42.42336098085486
127,270,44.869014420558464
127,271,45.58321423139458
127,272,45.62811513491614
127,273,45.13113493393033
127,274,44.38850585824791
127,275,41.43759324051889
127,276,41.336395133505896
127,277,39.01660027716867
127,278,42.02742954971128
127,279,41.938658924786985
127,280,43.86693320772173
127,281,47.34458838523617
127,282,50.18624796879551
127,283,51.4127891885338
127,284,55.14689359897551
127,285,55.80391788094319
127,286,55.35346615475436
127,287,53.89988165147871
127,288,51.37883441416909
127,289,50.7254996344746
127,290,47.64675686716596
127,291,44.765341958858784
127,292,44.32978329340415
127,293,40.85856195233346
127,294,41.59879077433021
127,295,40.325556618498034
127,296,42.587039471577974
127,297,46.36525368471332
127,298,47.317250845763375
127,299,50.40504944025417
127,300,50.410798755157394
127,301,49.438279001265606
127,302,52.42349185625096
127,303,53.235004614284016
127,304,56.332365092916824
127,305,56.103634166221205
127,306,59.19322421274811
127,307,61.23924381168529
127,308,64.25990478016055
127,309,65.61916508613396
127,310,69.26375221033122
127,311,70.11755338653427
127,312,73.84405078465993
127,313,76.90725666330442
127,314,78.1312371645568
127,315,78.99348467718798
127,316,82.59283955824405
127,317,83.72399374755042
127,318,87.2564497780133
128,1,108.9097002409241
128,2,109.99113339921273
128,3,106.58295432010777
128,4,102.86024614402585
128,5,99.65695130340536
128,6,96.37128837211311
128,7,93.32444701856262
128,8,90.00704673190648
128,9,86.85854771527798
128,10,83.11476773312428
128,11,80.97293497689905
128,12,79.37510232527417
128,13,77.00361267312935
128,14,77.25512140630268
128,15,73.85956931926098
128,16,72.31253488444187
128,17,69.26879281818458
128,18,68.91348366622204
128,19,67.60287121304398
128,20,67.56016804847566
128,21,69.34724268073926
128,22,70.02652625308265
128,23,72.83161954546269
128,24,72.1974242164091
128,25,69.34459772595368
128,26,70.4695390300484
128,27,72.68784769240987
128,28,73.28320429065475
128,29,72.7512495486199
128,30,73.06148557239774
128,31,69.41696526174626
128,32,66.11000073366182
128,33,62.54797616399296
128,34,59.29454862181492
128,35,57.37673059629117
128,36,54.27858065585559
128,37,51.54816652025182
128,38,50.47617196266546
128,39,48.908188048295024
128,40,45.87357677303336
128,41,44.882752962690894
128,42,41.5739709505979
128,43,39.67910658111624
128,44,38.03770162598579
128,45,39.617486643300076
128,46,37.348864134019514
128,47,40.05254983983981
128,48,40.8408050207127
128,49,37.659544500596425
128,50,34.266433607262904
128,51,32.46888195747932
128,52,28.711286678198245
128,53,27.890027636802984
128,54,24.551736579694076
128,55,24.834346972124077
128,56,21.836264938542328
128,57,20.323441870352156
128,58,21.320606258441913
128,59,21.817282288296315
128,60,19.254320044716113
128,61,16.569601031137097
128,62,17.6713996405452
128,63,17.777473180694184
128,64,14.185075590315444
128,65,13.03747870201182
128,66,12.202087263665398
128,67,11.785089122717306
128,68,15.256486221956912
128,69,16.652107994518506
128,70,15.901946116711093
128,71,19.64470705878547
128,72,20.570629627934956
128,73,19.357937129799392
128,74,22.404900572006124
128,75,24.545896168898814
128,76,27.730088084340565
128,77,30.034341307641416
128,78,33.23106030442243
128,79,32.21915166231661
128,80,28.770861835045952
128,81,29.269332899148452
128,82,26.948241870128083
128,83,27.533933434541215
128,84,27.734018684062402
128,85,25.63484163276342
128,86,22.54405451886393
128,87,19.44123939366708
128,88,15.877565491149811
128,89,13.216146903335
128,90,9.899434079339587
128,91,9.08170363144474
128,92,12.650228109940196
128,93,14.173411953403988
128,94,17.70900490327332
128,95,19.736289044131556
128,96,22.95356555244176
128,97,25.665352776376707
128,98,23.747941292004167
128,99,27.074435186522386
128,100,27.72927671477288
128,101,24.488911654664225
128,102,25.043529052827235
128,103,28.637095577208388
128,104,28.22900410274136
128,105,25.587993635995712
128,106,27.80215876729082
128,107,30.83826099188604
128,108,29.41760035951465
128,109,29.049947267690218
128,110,26.37471252200971
128,111,22.651609344126307
128,112,23.486425609978944
128,113,20.744809907201873
128,114,21.592359750260922
128,115,19.09186348421432
128,116,20.382263758907797
128,117,20.349923513653277
128,118,18.62104227425639
128,119,18.933851651543197
128,120,16.75522665384401
128,121,18.81464511740503
128,122,17.873520423768547
128,123,14.13397351778626
128,124,11.033048660371207
128,125,9.377411439214383
128,126,6.430288411424151
128,127,3.783091688992429
128,129,3.780350034918131
128,130,7.080825564771634
128,131,8.630715840047404
128,132,7.248803813139006
128,133,8.11645306521078
128,134,9.329943818161599
128,135,12.094187722589124
128,136,12.368581813498748
128,137,8.978338524866727
128,138,5.476697821435295
128,139,4.41116377842445
128,140,5.021958116753785
128,141,8.614496668280244
128,142,10.462083382474399
128,143,12.646972719040292
128,144,10.578048568892719
128,145,9.14406897459658
128,146,7.229407068269507
128,147,9.689919438839079
128,148,10.326088851916564
128,149,13.41619958079005
128,150,14.854886102454191
128,151,17.70991977514809
128,152,18.73077279015665
128,153,18.959531365234938
128,154,17.297345807860676
128,155,20.11474412256377
128,156,21.431509786380385
128,157,20.135039808656813
128,158,22.88069905869401
128,159,22.543629881438054
128,160,24.90550620185351
128,161,24.598647582954737
128,162,28.103540365617835
128,163,29.201322476064973
128,164,32.01815476338908
128,165,32.1998952875129
128,166,34.71760268627261
128,167,32.263262173621094
128,168,29.898442042253077
128,169,26.15197131493123
128,170,23.7253668593793
128,171,20.567369799310345
128,172,17.714607708542296
128,173,15.664532815424273
128,174,14.420290152163155
128,175,14.480517163048138
128,176,12.313406430230081
128,177,14.71771097895978
128,178,14.19201891030999
128,179,16.521087465641276
128,180,18.11762366784098
128,181,19.431555082772388
128,182,17.87352327836794
128,183,14.321231961021141
128,184,15.440629348479522
128,185,16.977166113772974
128,186,14.52219717235135
128,187,11.944551545445082
128,188,14.525282572402505
128,189,17.61928409352731
128,190,19.926763751884188
128,191,21.239798621865095
128,192,21.128134641379802
128,193,19.137606092075284
128,194,20.397123600762548
128,195,19.427666471511085
128,196,22.42081763232778
128,197,22.54288773535863
128,198,26.10129270192473
128,199,28.59391077270272
128,200,32.33411079086775
128,201,32.92689285448254
128,202,30.051958184820684
128,203,27.908733235798856
128,204,25.0218062994876
128,205,24.315101667673407
128,206,21.930908833514412
128,207,21.77895444266872
128,208,18.872266964386338
128,209,20.011092653282144
128,210,19.27734276611429
128,211,20.34478051995085
128,212,19.938521927250008
128,213,19.82036125473638
128,214,20.59111271863466
128,215,18.16074080970948
128,216,16.42850631222735
128,217,14.49821069360946
128,218,14.343224588663151
128,219,13.148680149162471
128,220,15.550997398615742
128,221,13.42064987238227
128,222,13.491049097285124
128,223,12.842486882753123
128,224,16.125507469699187
128,225,16.648275208602623
128,226,19.48659910138436
128,227,21.334038134583285
128,228,23.858999563703833
128,229,26.599549458102178
128,230,27.981916554247096
128,231,31.54631987813576
128,232,33.126034883577674
128,233,34.06131490778977
128,234,31.678423865381017
128,235,28.650949223927434
128,236,25.133810537955522
128,237,24.50073013993055
128,238,21.182164860594526
128,239,21.671587046180726
128,240,19.365823369894198
128,241,19.447413212591346
128,242,16.18874887209599
128,243,13.800369115362827
128,244,13.700266152918893
128,245,11.371215828122601
128,246,13.240345464614581
128,247,14.764227273901703
128,248,14.876488209985036
128,249,18.47546672846621
128,250,21.01577164126383
128,251,22.332718515358366
128,252,25.97229814151912
128,253,28.240229995013618
128,254,31.411142063575447
128,255,34.29098013648754
128,256,35.92457077981578
128,257,36.57863194116005
128,258,33.085048759648906
128,259,32.23768211338566
128,260,30.335971660338533
128,261,31.8561676940212
128,262,30.985796188377417
128,263,32.796324160195624
128,264,32.78749394727263
128,265,35.493314233563375
128,266,35.0736249420916
128,267,35.4569776631997
128,268,38.65754849592647
128,269,40.39895208081479
128,270,42.98407987112567
128,271,43.95151297334233
128,272,44.04897477787996
128,273,43.80917825974951
128,274,42.946625809760036
128,275,39.830443074820394
128,276,39.58236915795723
128,277,37.048357003677424
128,278,39.868578345475065
128,279,39.85638930166507
128,280,41.984789661649565
128,281,45.52265217295005
128,282,48.49662867288877
128,283,49.95011825358373
128,284,53.64931545662629
128,285,54.29555002304261
128,286,54.034244863181605
128,287,52.456371626829515
128,288,49.757132862519235
128,289,48.938983574791784
128,290,45.738729769995054
128,291,43.00370869545772
128,292,42.84287430997189
128,293,39.39410975519437
128,294,40.222063874691024
128,295,39.123472244701595
128,296,41.513521540153015
128,297,45.29961856158212
128,298,46.05580724931705
128,299,49.08669762223137
128,300,49.185816146719205
128,301,48.04128730964879
128,302,50.958827905754504
128,303,51.604497105960334
128,304,54.603443633670885
128,305,54.178779478234716
128,306,57.315550118089845
128,307,59.53269601174868
128,308,62.52004403145793
128,309,64.03489431258384
128,310,67.6459523753335
128,311,68.51237795967035
128,312,72.19810771626366
128,313,75.28050660097131
128,314,76.41850395988659
128,315,77.12556708046203
128,316,80.69159058606736
128,317,81.68608558475748
128,318,85.17601130227015
129,1,108.16300642309936
129,2,109.3075717478699
129,3,105.8915072319322
129,4,102.16656826664159
129,5,98.91409777118584
129,6,95.70313825388625
129,7,92.5821605138794
129,8,89.323970641557
129,9,86.09085473866998
129,10,82.34574015487205
129,11,80.12923660237877
129,12,78.37504810156967
129,13,75.9079222233884
129,14,75.98503363692787
129,15,72.53920458295384
129,16,71.10126985481082
129,17,68.05071137732283
129,18,67.64791972749754
129,19,66.47550116416903
129,20,66.44861574165374
129,21,68.36922470765266
129,22,69.07524375061128
129,23,71.74489407425291
129,24,70.99018715250465
129,25,68.0209319607329
129,26,69.144262157055
129,27,71.48344380907757
129,28,72.07577837691387
129,29,71.71594043706709
129,30,72.07866797854442
129,31,68.48755997270183
129,32,65.20536601105998
129,33,61.71705326115299
129,34,58.37841408526702
129,35,56.59655407928593
129,36,53.359222646953874
129,37,50.63876430241222
129,38,49.308090692387005
129,39,47.72333282268154
129,40,44.79486109546918
129,41,43.8198554502265
129,42,40.37344554063236
129,43,38.75217081747875
129,44,37.41272166027785
129,45,39.28587105380039
129,46,37.309409411113116
129,47,40.24228346103654
129,48,41.21482322922715
129,49,38.0355219527835
129,50,34.74508521569943
129,51,32.58134261715704
129,52,28.827276329380087
129,53,27.537778307447383
129,54,24.04527264459162
129,55,23.895218595965954
129,56,20.57720087809569
129,57,19.499043453168802
129,58,20.60316109447648
129,59,21.720729660390578
129,60,19.186794151327693
129,61,16.288211197410497
129,62,17.99897160741499
129,63,18.602036432068118
129,64,15.036404581348448
129,65,13.93443385489887
129,66,12.102667923431996
129,67,11.793474799427987
129,68,14.6954485068286
129,69,16.629872464240723
129,70,16.65060093855815
129,71,20.277890043181703
129,72,21.295800975676396
129,73,20.73457847616174
129,74,24.042595854637785
129,75,25.70454862781218
129,76,28.8000864873404
129,77,30.72034476767267
129,78,33.77447124901296
129,79,32.34981846893373
129,80,28.73027504728014
129,81,28.75056818607187
129,82,26.076379700465885
129,83,26.213003924291502
129,84,25.952086561689246
129,85,23.70271894550981
129,86,20.903514006709315
129,87,17.506720898129895
129,88,14.07945827421024
129,89,11.11673488177877
129,90,8.219119699648468
129,91,7.26725563170933
129,92,10.586644617476562
129,93,12.978860593542539
129,94,16.700076970317635
129,95,19.293074457265213
129,96,22.557809698361353
129,97,25.36501421588043
129,98,23.30012587324862
129,99,26.640431042023486
129,100,27.788502977384884
129,101,24.81576493502876
129,102,25.06544140670206
129,103,28.798843481488948
129,104,28.88631179906499
129,105,26.33661167770545
129,106,28.22692581854299
129,107,31.490686605280988
129,108,30.49443915433646
129,109,29.987622840784972
129,110,27.633854742651977
129,111,24.040172928496382
129,112,25.38387589583664
129,113,22.995368119440496
129,114,24.304028760109542
129,115,22.13832280195155
129,116,23.63270938353022
129,117,23.85858570956268
129,118,22.039668841627957
129,119,22.469651290779883
129,120,20.131495094965263
129,121,22.13865089412439
129,122,20.938486927978694
129,123,17.15768600720559
129,124,14.245160364105352
129,125,12.977592437500798
129,126,10.186571332562465
129,127,7.196988454433085
129,128,3.780350034918131
129,130,3.7870742775471227
129,131,5.250409418430931
129,132,5.369208719131354
129,133,6.780639913875713
129,134,9.440474846977878
129,135,12.004479830551764
129,136,11.711502714030388
129,137,8.687162238943335
129,138,5.037856946744106
129,139,5.5817486968486545
129,140,6.406021894738249
129,141,9.899816508121681
129,142,12.518941816921185
129,143,14.858343423229952
129,144,12.890953855063138
129,145,12.159930182598178
129,146,9.92784762368998
129,147,12.499361563207835
129,148,12.605195118329501
129,149,15.589271031159916
129,150,17.46832559452164
129,151,20.012211992172098
129,152,20.515184958457116
129,153,20.98863524206273
129,154,19.45290882616335
129,155,22.50864687369135
129,156,23.742448325759582
129,157,22.79049764499743
129,158,25.62474458539466
129,159,25.53345173155726
129,160,27.864157085435323
129,161,27.601178774140248
129,162,31.029356636067945
129,163,31.97499922835724
129,164,34.942148132812875
129,165,34.961299456693
129,166,37.253210054642636
129,167,34.56504252469382
129,168,32.012102012819874
129,169,28.34994473692667
129,170,25.585113700080232
129,171,22.550262736008587
129,172,19.320246720284995
129,173,17.304639331015554
129,174,15.47698007533954
129,175,15.163849170910959
129,176,12.44020571700742
129,177,14.001614679147732
129,178,13.063610342688836
129,179,14.663411422044767
129,180,16.542819504252417
129,181,18.50029784683078
129,182,16.98366183878271
129,183,13.412920007972975
129,184,15.21391918834795
129,185,17.188169377941108
129,186,14.763460960040842
129,187,12.772933233945594
129,188,15.740559383702658
129,189,18.59631972343996
129,190,20.818611349954153
129,191,21.494348257174646
129,192,21.47819544056522
129,193,19.9654553371801
129,194,21.47896760584874
129,195,20.841333699377035
129,196,24.04945913518126
129,197,24.41347144748312
129,198,28.066532532090225
129,199,30.71865947957344
129,200,34.462754817588966
129,201,34.71677609096339
129,202,31.62323280494271
129,203,29.39978003260868
129,204,26.21487872860498
129,205,25.35894957174915
129,206,22.55862481578902
129,207,22.10729681035327
129,208,18.807694864908502
129,209,19.230352930425436
129,210,18.167601526462168
129,211,18.586033718425924
129,212,17.57944238362976
129,213,17.283028097846785
129,214,17.604121796720857
129,215,14.857056634466753
129,216,13.224779165696079
129,217,11.041048418611984
129,218,10.651511176753095
129,219,9.86127139754871
129,220,12.720514010659656
129,221,11.316029511135293
129,222,11.962532966479161
129,223,12.302469920139314
129,224,15.91762350986627
129,225,16.99042840620008
129,226,20.279237428760755
129,227,22.54631803895368
129,228,25.45627999037499
129,229,28.362654918073385
129,230,30.13090240630564
129,231,33.71272124276577
129,232,35.579560834425166
129,233,36.68216822012645
129,234,34.16363767040311
129,235,31.275554686458893
129,236,27.656468670443505
129,237,27.016687852430675
129,238,23.60389877965108
129,239,23.91214351077703
129,240,21.350042513003103
129,241,21.251165784052656
129,242,17.68674956333932
129,243,14.908819157052026
129,244,15.467392458469813
129,245,13.242662572902185
129,246,15.753303686981386
129,247,17.324421598523557
129,248,17.859948884844336
129,249,21.27592904074645
129,250,23.432299464822467
129,251,24.351873089300604
129,252,27.976084748199547
129,253,29.932994864004776
129,254,32.94381445773799
129,255,35.55977750496452
129,256,36.973176282291064
129,257,37.2865844640718
129,258,33.676635789312456
129,259,32.43844300427832
129,260,30.16144803432448
129,261,31.264971808301283
129,262,29.963721470947302
129,263,31.630702296477104
129,264,31.373406121978235
129,265,34.28751294738727
129,266,34.038375467823975
129,267,34.816414462548096
129,268,38.11625869498294
129,269,40.15655721590104
129,270,42.77217550797766
129,271,43.91632523067577
129,272,43.896429768465474
129,273,43.81029311338392
129,274,42.679593840296604
129,275,39.37699213834432
129,276,38.80966572748207
129,277,36.011652574429284
129,278,38.66738633901533
129,279,38.93366431994834
129,280,41.33747049348283
129,281,44.85143155813642
129,282,48.00633444836983
129,283,49.60432517391938
129,284,53.281427684507754
129,285,53.76560884770153
129,286,53.57639196247255
129,287,51.77491247214128
129,288,48.9062757291381
129,289,47.81833086825564
129,290,44.58633283756713
129,291,41.91360132528067
129,292,41.91844165786235
129,293,38.60056770721249
129,294,39.7002047099377
129,295,38.93028873830352
129,296,41.55346507829708
129,297,45.32264566161778
129,298,45.77533741370337
129,299,48.64313470276351
129,300,48.66316380136875
129,301,47.250118644629914
129,302,49.99577587589741
129,303,50.37665700195475
129,304,53.35145141751362
129,305,52.83941272227393
129,306,56.08907972167328
129,307,58.47927837343809
129,308,61.51052342012089
129,309,63.22609328214867
129,310,66.82844817360167
129,311,67.82315947723347
129,312,71.45422003543642
129,313,74.48266651274199
129,314,75.45386610297263
129,315,76.0461950526933
129,316,79.54784481692732
129,317,80.45054573808368
129,318,83.92280005323002
130,1,107.61969494964649
130,2,108.88327391411806
130,3,105.50494371781622
130,4,101.76459574522153
130,5,98.51592876602624
130,6,95.37656987962725
130,7,92.23571043663621
130,8,89.06123837668511
130,9,85.75980453990363
130,10,82.0044704745854
130,11,79.65436877106569
130,12,77.79147888455574
130,13,75.1876266424874
130,14,75.10303397170226
130,15,71.67236442068649
130,16,70.41740489573176
130,17,67.45043596629829
130,18,67.14705296292684
130,19,66.18069362710656
130,20,66.30728452564168
130,21,68.40920896876293
130,22,69.26454238662059
130,23,71.81749888140263
130,24,70.86911668380733
130,25,67.78246650680917
130,26,68.77183347547698
130,27,71.13743673889925
130,28,71.59665309418666
130,29,71.32077263548608
130,30,71.59657607229303
130,31,68.03589770338513
130,32,64.85001345064883
130,33,61.406752960268285
130,34,58.06668431523993
130,35,56.50863177971083
130,36,53.19745093091914
130,37,50.37044320799518
130,38,48.82930003428067
130,39,47.05838876128756
130,40,44.124827722279605
130,41,42.959176156393625
130,42,39.46796001362716
130,43,37.971872370482444
130,44,36.97575359510507
130,45,38.95710464561022
130,46,37.15109804968578
130,47,40.302135162527115
130,48,41.52722954712794
130,49,38.506170224063794
130,50,35.22155533669169
130,51,32.809749488666405
130,52,29.061029373603418
130,53,27.340421383994997
130,54,23.909666607175794
130,55,23.169467069624574
130,56,19.735272871572704
130,57,19.36214687895978
130,58,20.96005527256357
130,59,22.638221594595873
130,60,20.509976166845778
130,61,17.25903103468583
130,62,19.027530081084645
130,63,20.309235619276844
130,64,17.036131479743016
130,65,15.46047681056324
130,66,12.90408924044604
130,67,11.952677131749422
130,68,14.129866541439732
130,69,16.788035028117246
130,70,17.146120892746364
130,71,20.458829871605495
130,72,21.931296456818618
130,73,21.916165528234096
130,74,25.480678308701815
130,75,26.759356074699642
130,76,29.924423970636198
130,77,31.60789196945131
130,78,34.65447450302282
130,79,32.97115082933332
130,80,29.259047402105082
130,81,28.832586809536526
130,82,26.03408217701867
130,83,25.632039133918383
130,84,25.11741375408858
130,85,22.478103950917582
130,86,20.13799137238836
130,87,16.70503875575221
130,88,13.764265100538966
130,89,10.283223298552238
130,90,8.58280802624531
130,91,8.67303027330953
130,92,11.592288165511055
130,93,14.670816690903267
130,94,18.436995854716233
130,95,21.277425897919034
130,96,24.648030637562695
130,97,27.310410910064068
130,98,24.95070157585315
130,99,28.10140692473492
130,100,29.65274768455375
130,101,26.810151370214385
130,102,26.59082594483461
130,103,30.37355552352255
130,104,30.81691143622311
130,105,28.14599694293244
130,106,29.618795280803987
130,107,33.08162423722535
130,108,32.30916336828981
130,109,31.442807303044354
130,110,29.22179689169497
130,111,25.733578821875746
130,112,27.304421998538285
130,113,25.261688857328117
130,114,26.85193823690354
130,115,24.897165924617653
130,116,26.716277873583664
130,117,27.088497033253603
130,118,25.51047249747313
130,119,26.00058988323801
130,120,23.77081561792098
130,121,25.70740875949102
130,122,24.403547223735572
130,123,20.66916220627061
130,124,17.582697129985323
130,125,16.397943870500413
130,126,13.409842727751622
130,127,10.718301478515816
130,128,7.080825564771634
130,129,3.7870742775471227
130,131,3.807714326946483
130,132,5.301348657887246
130,133,5.450610412528227
130,134,8.964567044352929
130,135,10.669065735817165
130,136,9.619537233153244
130,137,7.3262272966105355
130,138,4.767192273695588
130,139,7.013161329166914
130,140,8.843665315414345
130,141,12.16375892132455
130,142,14.658082885481068
130,143,17.458101602129293
130,144,16.014869984446307
130,145,15.65219005026355
130,146,13.674342675474254
130,147,16.2510917678954
130,148,16.152352734074256
130,149,18.883005522065233
130,150,20.60312601012401
130,151,22.83717759082443
130,152,23.31293140277594
130,153,24.16481346575673
130,154,22.90918462132482
130,155,26.09801624039816
130,156,27.439510440092736
130,157,26.565113784605373
130,158,29.411041440444745
130,159,29.272503596966803
130,160,31.53208189105252
130,161,31.117481030120754
130,162,34.47509589565053
130,163,35.23468031746645
130,164,38.14405389246965
130,165,37.94251576270462
130,166,40.11912563771417
130,167,37.31867209890091
130,168,34.82392276868752
130,169,31.22857392173574
130,170,28.372407783686374
130,171,25.568438828867794
130,172,22.237994031746055
130,173,20.532129945468945
130,174,18.688383834788535
130,175,18.419487569050983
130,176,15.578380640706657
130,177,16.59749577642904
130,178,15.351414914119426
130,179,16.16213455090111
130,180,18.068259623745806
130,181,20.457672836890943
130,182,18.75143124199728
130,183,15.439835820522203
130,184,17.823923810785885
130,185,19.79298803499404
130,186,17.18191043856505
130,187,15.78673323463821
130,188,19.013375515141007
130,189,21.577492659414307
130,190,23.913719971153096
130,191,24.283208033912555
130,192,24.467202044450513
130,193,23.26534640915988
130,194,24.908018788895923
130,195,24.379215270642796
130,196,27.608243029863758
130,197,27.94856744785167
130,198,31.586207725972873
130,199,34.190684175242275
130,200,37.947297209088234
130,201,38.04562815999215
130,202,34.92132821941391
130,203,32.776055267701736
130,204,29.491762594736343
130,205,28.676730389008167
130,206,25.723077923098035
130,207,25.166365041544502
130,208,21.69486524797679
130,209,21.619544801912358
130,210,20.28790316687905
130,211,20.103514710396876
130,212,18.42983182822158
130,213,17.91640643202708
130,214,17.47927542243355
130,215,14.200261918554604
130,216,12.544552627476925
130,217,9.544254925069255
130,218,9.033446457885454
130,219,9.659701936411844
130,220,13.157973353528138
130,221,12.833351161502312
130,222,13.903355434037575
130,223,14.870832613479708
130,224,18.491046078684676
130,225,19.6383602205883
130,226,23.127926397628332
130,227,25.42177956642303
130,228,28.517463636513906
130,229,31.33965859637778
130,230,33.290814119586734
130,231,36.79789599914308
130,232,38.698773452114274
130,233,39.98890986103203
130,234,37.54864560429151
130,235,34.77003017518994
130,236,31.172378083327246
130,237,30.675899188061727
130,238,27.303682768904938
130,239,27.652743182623297
130,240,25.059200945122026
130,241,24.873151733366285
130,242,21.24657714105929
130,243,18.416358787515776
130,244,19.144165681948863
130,245,16.852202718988195
130,246,19.36261660761392
130,247,20.663022258107937
130,248,21.01351491693469
130,249,24.30738770903309
130,250,26.29984547476401
130,251,26.851569783730678
130,252,30.351625783257663
130,253,32.2532761383535
130,254,35.031506286822754
130,255,37.51406822542957
130,256,38.61188199593266
130,257,38.599472946707664
130,258,34.895753176530405
130,259,33.492002274088016
130,260,30.915016045302437
130,261,31.61409849283713
130,262,29.960374009324333
130,263,31.23511113219421
130,264,30.534843780367574
130,265,33.454071396143654
130,266,33.08405541084558
130,267,34.129677014297656
130,268,37.357449573898
130,269,39.54079708279587
130,270,42.32305608919051
130,271,43.76699599529932
130,272,43.85923397856398
130,273,44.07955242103597
130,274,42.87263061577502
130,275,39.44421674832481
130,276,38.74608916074498
130,277,35.7462801136155
130,278,38.113118009793226
130,279,38.44328784409746
130,280,41.038680380804735
130,281,44.59126452073168
130,282,47.84980018661636
130,283,49.699054383216875
130,284,53.29805185944965
130,285,53.79542757969162
130,286,53.831548760573305
130,287,51.92597488707563
130,288,48.88641975725715
130,289,47.62875114029952
130,290,44.28160146222856
130,291,41.82458197893146
130,292,42.1522323401253
130,293,38.903505698721
130,294,40.06353289326871
130,295,39.46951430282663
130,296,42.16141719338403
130,297,45.89001213364531
130,298,46.155981699726944
130,299,48.94673074887879
130,300,49.08803755526684
130,301,47.514194217733134
130,302,50.162606521983264
130,303,50.354828250859484
130,304,53.18694855090331
130,305,52.44208204669955
130,306,55.718169108261165
130,307,58.29039453212347
130,308,61.25510512861181
130,309,63.13036081798065
130,310,66.67024731679764
130,311,67.65581616917243
130,312,71.22437480397367
130,313,74.2710182809982
130,314,75.15226775191013
130,315,75.55909495358578
130,316,79.01164977989936
130,317,79.74442163618338
130,318,83.1503792839046
131,1,104.54403440075039
131,2,105.76817517173384
131,3,102.35762694025958
131,4,98.63120145828968
131,5,95.34100188685382
131,6,92.21668690739902
131,7,89.03128455548307
131,8,85.85130670761926
131,9,82.5324322857814
131,10,78.78931592849723
131,11,76.47843683585762
131,12,74.56980871459322
131,13,71.9968656601659
131,14,71.8989413522294
131,15,68.42258541779894
131,16,67.11589541693311
131,17,64.09035796133743
131,18,63.69006685051761
131,19,62.69543617923275
131,20,62.75120781859851
131,21,64.84482602758571
131,22,65.65320264610787
131,23,68.17522075477359
131,24,67.24353850211955
131,25,64.15190800554137
131,26,65.20325050924046
131,27,67.62331859546408
131,28,68.15797560255383
131,29,67.95113744486919
131,30,68.32598528326687
131,31,64.79451114633457
131,32,61.568688198652104
131,33,58.16423114633683
131,34,54.765647317282294
131,35,53.17762103586688
131,36,49.815310926983344
131,37,47.074181904367556
131,38,45.47483366675885
131,39,43.830883318700785
131,40,41.0096566171471
131,41,40.03176878887707
131,42,36.470400210261694
131,43,35.151831474230896
131,44,34.17812487804888
131,45,36.370085132245244
131,46,34.779179056396046
131,47,37.965019796723695
131,48,39.173173656251485
131,49,36.05899249177417
131,50,32.94490342812935
131,51,30.341166364569986
131,52,26.672698356518616
131,53,24.8076120153662
131,54,21.234399244766493
131,55,20.541209938467706
131,56,16.948167940610933
131,57,16.491347016971734
131,58,17.81661645602436
131,59,19.744224869995588
131,60,17.5769163253101
131,61,14.419455981123084
131,62,16.69008131336836
131,63,18.08843706909813
131,64,14.95589225535445
131,65,13.78088416126616
131,66,10.794660168174648
131,67,10.71452572551141
131,68,12.4388952372774
131,69,14.859867965670436
131,70,15.977230172689634
131,71,19.207803826556038
131,72,20.241287143463587
131,73,20.632219825352422
131,74,24.17600355308409
131,75,25.0780194146422
131,76,27.976158302904867
131,77,29.324893018574134
131,78,32.153563893459506
131,79,30.221901791731085
131,80,26.460586041489403
131,81,25.852463001369692
131,82,22.847585667932595
131,83,22.408204599281476
131,84,21.69396926214681
131,85,19.262935745958785
131,86,16.864573528092983
131,87,13.281280159938474
131,88,10.286907885717453
131,89,7.048852177857367
131,90,5.587407404764478
131,91,5.784802307809513
131,92,8.257246158354251
131,93,11.579641136552361
131,94,15.286439242025669
131,95,18.226384524510895
131,96,21.63429223859377
131,97,24.164321482961082
131,98,21.67876250963513
131,99,24.74831065412169
131,100,26.55086775833142
131,101,23.913797910847975
131,102,23.508368176583076
131,103,27.310351764768274
131,104,28.062708915542537
131,105,25.54134840228034
131,106,26.82215008259824
131,107,30.35728823109318
131,108,29.920917332855336
131,109,29.088440436966305
131,110,27.206288743287292
131,111,23.911680313020643
131,112,25.924552892928425
131,113,24.19368003573788
131,114,26.206395901119123
131,115,24.685498316001585
131,116,26.65913735116345
131,117,27.484100180779176
131,118,25.831250070259635
131,119,26.768537528376296
131,120,24.6266664786096
131,121,26.93070085820312
131,122,25.914760692578753
131,123,22.104597530897443
131,124,19.3595120934576
131,125,17.80055927866102
131,126,14.739718219294703
131,127,12.115482256203688
131,128,8.630715840047404
131,129,5.250409418430931
131,130,3.807714326946483
131,132,3.823817389357874
131,133,6.04149279297178
131,134,9.63902320032317
131,135,11.970637421424037
131,136,11.783237966940444
131,137,10.197094197121237
131,138,7.482997300727316
131,139,8.178785780931866
131,140,8.577071656979207
131,141,11.013366555065376
131,142,14.080378890813803
131,143,16.556523277546425
131,144,15.233717126092941
131,145,15.68295384754673
131,146,13.920814571332143
131,147,16.968510167841682
131,148,17.329791660793948
131,149,20.438989560439133
131,150,22.588502279649582
131,151,25.10289892105421
131,152,25.322771607631203
131,153,25.72838060070869
131,154,24.0217191108141
131,155,26.99533507130469
131,156,27.844649452252792
131,157,26.876584018311657
131,158,29.48069795670543
131,159,29.293735461381026
131,160,31.271026374727253
131,161,30.720156333425695
131,162,33.88629596316086
131,163,34.373556842958635
131,164,37.43363313633751
131,165,37.02221836346425
131,166,38.90387337622027
131,167,35.877218392172665
131,168,33.2081260469803
131,169,29.75684983513637
131,170,26.63106841563718
131,171,24.03649443190215
131,172,20.487460688165623
131,173,19.026982616746288
131,174,17.029963330406144
131,175,16.951611566178574
131,176,14.336139967122548
131,177,15.112587854278637
131,178,14.466886839901083
131,179,15.158540897465816
131,180,17.746257564658166
131,181,20.497449371470587
131,182,19.456971403175782
131,183,15.984128901595339
131,184,18.052027408490712
131,185,20.622842722036165
131,186,18.587817538756344
131,187,16.9082946105246
131,188,19.760942699650176
131,189,22.567208019039867
131,190,24.391821928160482
131,191,24.43341537321746
131,192,24.11764785376583
131,193,22.848062691953864
131,194,24.14151304619869
131,195,23.43174253342499
131,196,26.53658711274731
131,197,26.755985240778614
131,198,30.33585894382183
131,199,32.901929016759475
131,200,36.63838233360366
131,201,36.37915126745756
131,202,33.17548088928747
131,203,31.17641636220229
131,204,27.755963004165896
131,205,27.15158611166994
131,206,24.106528883596873
131,207,23.781421418079866
131,208,20.313945907564605
131,209,20.009273639952845
131,210,19.094048346259914
131,211,18.51335683833995
131,212,16.764853501525543
131,213,15.563447725669846
131,214,14.804687489584055
131,215,11.584676877458659
131,216,9.276425565448372
131,217,6.329688389422295
131,218,7.032201841145854
131,219,7.609255405227393
131,220,11.157253452300967
131,221,11.012777869417688
131,222,11.525639567427831
131,223,12.63848686184515
131,224,16.06276762660766
131,225,17.22298250312329
131,226,20.88562206341399
131,227,23.30662733349415
131,228,26.65205992733958
131,229,29.4944059891012
131,230,31.788709410186463
131,231,35.23834139467176
131,232,37.40657778761908
131,233,38.91758410603181
131,234,36.40810742660499
131,235,33.87919430427171
131,236,30.257681577147654
131,237,29.977806704835146
131,238,26.70263345744844
131,239,27.2291866055001
131,240,24.775432655573507
131,241,24.955618057074222
131,242,21.263999896990455
131,243,17.993911488046564
131,244,18.619708714557905
131,245,16.107425438768168
131,246,18.84410182563328
131,247,19.913477919667393
131,248,20.69943948658103
131,249,23.671580042681253
131,250,25.174988216622747
131,251,25.350462513936062
131,252,28.788872623569834
131,253,30.32765909812641
131,254,32.96345420866326
131,255,35.18443922094516
131,256,36.16801220909584
131,257,35.96253624130741
131,258,32.24036518420541
131,259,30.562377294308224
131,260,27.828159564689045
131,261,28.358403357857267
131,262,26.561524043387408
131,263,27.941895808345755
131,264,27.359988241130697
131,265,30.441100724935282
131,266,30.37128950800906
131,267,31.59129858293193
131,268,34.9730210228969
131,269,37.355781513403734
131,270,39.96332434559625
131,271,41.311477515256136
131,272,41.16466434442228
131,273,41.30489493182651
131,274,39.88834901349758
131,275,36.396686501428576
131,276,35.500281497473566
131,277,32.43180372417494
131,278,34.84043011159782
131,279,35.37004503387055
131,280,38.06010333366425
131,281,41.53180100216577
131,282,44.865206918892106
131,283,46.65850558983378
131,284,50.2719596563161
131,285,50.60895925031011
131,286,50.56875384672203
131,287,48.55180344427268
131,288,45.49078855199051
131,289,44.1388953970086
131,290,40.84837803563431
131,291,38.32819167913933
131,292,38.615832231803864
131,293,35.44409275479044
131,294,36.77101196712162
131,295,36.369215507127294
131,296,39.213676135024464
131,297,42.91921313189509
131,298,43.01425952389559
131,299,45.69220562571741
131,300,45.70956943256212
131,301,44.02612026840921
131,302,46.59657559742318
131,303,46.71492459732597
131,304,49.58682615676199
131,305,48.908434963301055
131,306,52.23344488786199
131,307,54.81260973191801
131,308,57.838568051651706
131,309,59.762127894529236
131,310,63.324467138579344
131,311,64.41656566073716
131,312,67.97336677165053
131,313,70.9581109102719
131,314,71.76834083602151
131,315,72.21031079556879
131,316,75.64350941878452
131,317,76.42633960630516
131,318,79.86328837420339
132,1,103.0000677299466
132,2,104.19561914187267
132,3,100.80597700476287
132,4,97.06945140599085
132,5,93.83798596093554
132,6,90.64371652727357
132,7,87.53854680472274
132,8,84.3135326171445
132,9,81.06541678131357
132,10,77.30958226650085
132,11,75.02995082989824
132,12,73.27630072375776
132,13,70.76634881669358
132,14,70.84007734087756
132,15,67.43030483118318
132,16,66.04643444115824
132,17,63.060181616714885
132,18,62.77981359314198
132,19,61.690812612772575
132,20,61.81623377055879
132,21,63.832306504586796
132,22,64.70606041757298
132,23,67.36625804251445
132,24,66.48730475185344
132,25,63.4912628733773
132,26,64.46367022400068
132,27,66.72246194607905
132,28,67.1886716996186
132,29,66.776582382244
132,30,67.03615237686803
132,31,63.433116624861576
132,32,60.206688408736866
132,33,56.70762266869947
132,34,53.40882135719168
132,35,51.74025006708825
132,36,48.51442787696961
132,37,45.681749797137435
132,38,44.33690408924625
132,39,42.61532617439317
132,40,39.61795705150093
132,41,38.538255852435235
132,42,35.114024710288945
132,43,33.45334075804484
132,44,32.19675089330466
132,45,34.102034041332324
132,46,32.220120156262425
132,47,35.276521933677294
132,48,36.398950385913615
132,49,33.307958836091395
132,50,30.045720110131406
132,51,27.68041848016064
132,52,23.93113556562023
132,53,22.391025536149215
132,54,18.918453414776483
132,55,18.569775312874565
132,56,15.258367448735292
132,57,14.39509571968531
132,58,15.925593492437445
132,59,17.42239840570307
132,60,15.444950114861497
132,61,12.070506320973752
132,62,13.729693900509437
132,63,15.160572478623815
132,64,12.097447864548231
132,65,10.378052546820866
132,66,7.613946438060187
132,67,7.1710420395231385
132,68,9.547181436198729
132,69,11.73254051014826
132,70,12.385533718351605
132,71,15.779956583742804
132,72,16.87072217412956
132,73,17.008541679643756
132,74,20.573581085106884
132,75,21.66003509559977
132,76,24.721217129732484
132,77,26.339429524147256
132,78,29.365174874645938
132,79,27.727578311376707
132,80,24.04000184566495
132,81,23.80119748208487
132,82,21.155297512127564
132,83,21.126058455261226
132,84,21.059260847083035
132,85,18.6614774392745
132,86,15.852905890747868
132,87,12.658665886619769
132,88,9.430365222027612
132,89,6.1968474868555665
132,90,3.873670613538341
132,91,5.632804131257007
132,92,9.064495476374733
132,93,11.532397060309025
132,94,15.254616915411965
132,95,17.563606589122976
132,96,21.20376389949265
132,97,23.423300310075568
132,98,20.73496668776836
132,99,23.657438823536104
132,100,25.140686758089146
132,101,22.16130347700301
132,102,21.697287229047685
132,103,25.44443265690516
132,104,25.872315632281772
132,105,23.056067508199444
132,106,24.4151288064141
132,107,27.903020032791066
132,108,27.14664684784832
132,109,26.177380869790134
132,110,24.03026641897666
132,111,20.6210827835441
132,112,22.434371657033573
132,113,20.696997077730497
132,114,22.71276386809767
132,115,21.268749074518684
132,116,23.487012403601167
132,117,24.507303813777003
132,118,23.2007084268171
132,119,24.429473760001873
132,120,22.710939332523683
132,121,25.300591126711538
132,122,24.74729465662508
132,123,20.97612214264656
132,124,18.11215118572713
132,125,15.927686320638294
132,126,12.49387933326647
132,127,10.68795060393636
132,128,7.248803813139006
132,129,5.369208719131354
132,130,5.301348657887246
132,131,3.823817389357874
132,133,3.798147233867358
132,134,6.521165122289297
132,135,9.587761387381335
132,136,10.493448346428565
132,137,8.96934039094891
132,138,6.145384868536824
132,139,5.305481786499159
132,140,5.477276201366085
132,141,7.758884892323338
132,142,10.478269876946225
132,143,13.267743033512128
132,144,12.48989124690456
132,145,13.269727985704563
132,146,12.326541897511817
132,147,15.732610660020631
132,148,16.83064309123143
132,149,20.18427815475802
132,150,21.999698575881137
132,151,24.842245306003438
132,152,25.540486920578257
132,153,25.674669414223505
132,154,23.717091597807546
132,155,26.393546478202893
132,156,27.117845729951878
132,157,25.660153829509547
132,158,27.98363424007378
132,159,27.345187549164567
132,160,29.0736940931259
132,161,28.171049479992742
132,162,31.245072745177787
132,163,31.552250091832597
132,164,34.45160589358966
132,165,33.888483987527415
132,166,35.80497863010955
132,167,32.83278771100081
132,168,30.368628379326125
132,169,26.893733443130312
132,170,23.942729115921928
132,171,21.48924853402436
132,172,18.128237169082894
132,173,17.08791985294781
132,174,15.77340239457111
132,175,16.467625290996672
132,176,14.49375985272328
132,177,16.14065314944147
132,178,16.13843340891553
132,179,17.560881247981918
132,180,20.18878409339132
132,181,22.5737515431488
132,182,21.57564845726587
132,183,17.908203199408803
132,184,19.452482444163312
132,185,21.899539072560124
132,186,19.840989663419673
132,187,17.574743163975604
132,188,20.125756540760776
132,189,23.28602169951613
132,190,25.091067907427895
132,191,25.614467887599456
132,192,25.015700549294984
132,193,23.201681931102627
132,194,24.055394673058604
132,195,22.794149919257997
132,196,25.58876073253822
132,197,25.31541983398726
132,198,28.75569098801248
132,199,31.02170861471513
132,200,34.79815111795195
132,201,34.6693212777551
132,202,31.69454247880858
132,203,29.982433666663663
132,204,26.779614022223
132,205,26.596838831873402
132,206,23.924213468275717
132,207,24.128411994810865
132,208,20.979134315611113
132,209,21.30432075970298
132,210,20.889909299051485
132,211,20.76657917117108
132,212,19.516887201307
132,213,18.173950865061137
132,214,17.679185589348602
132,215,14.759155311874109
132,216,11.967209719667697
132,217,9.31323958802902
132,218,10.741902347731012
132,219,10.868862634992768
132,220,14.0637368595349
132,221,13.115195241735247
132,222,12.686533034416586
132,223,12.659944743100132
132,224,15.755976092428185
132,225,16.08418912485623
132,226,19.51623061793604
132,227,21.43491255232703
132,228,24.6297476757586
132,229,27.18507013963087
132,230,29.341958263501773
132,231,32.69017527990956
132,232,34.64811041993757
132,233,36.274706627972904
132,234,33.9972589284037
132,235,31.531932677921024
132,236,28.03636872617274
132,237,28.092910641022065
132,238,25.037266397049383
132,239,26.024890970614884
132,240,23.97256247846008
132,241,24.591755972921735
132,242,21.107687758154878
132,243,17.871263677172365
132,244,17.710384541359872
132,245,14.674513978983985
132,246,16.832963114061112
132,247,17.344793881414752
132,248,17.69077907593681
132,249,20.567018554196913
132,250,22.10448121626274
132,251,22.204239047813747
132,252,25.584883773022874
132,253,27.362868625200257
132,254,29.984080890298586
132,255,32.391846705175034
132,256,33.37753407946481
132,257,33.31689890187803
132,258,29.608991491205092
132,259,28.266162713237133
132,260,25.764063541549543
132,261,26.629849313970546
132,262,25.229049185309478
132,263,26.63572324329083
132,264,26.21924195398375
132,265,29.041114808532996
132,266,28.697203843655213
132,267,29.513098782971706
132,268,32.81204845316681
132,269,34.93278691887244
132,270,37.570976142028414
132,271,38.827971165595805
132,272,38.84946144674788
132,273,38.94399953896331
132,274,37.802751053851225
132,275,34.4456688334513
132,276,33.908044670645786
132,277,31.074109249881705
132,278,33.61374923177102
132,279,33.77723246872236
132,280,36.211842781281824
132,281,39.76902752374021
132,282,42.9448870098847
132,283,44.688372559538166
132,284,48.318828126319715
132,285,48.875637208371586
132,286,48.86472579482801
132,287,47.08377910591399
132,288,44.141088651951996
132,289,43.08195307304529
132,290,39.74372848761906
132,291,37.23252878852766
132,292,37.48045152826441
132,293,34.11334287048397
132,294,35.09243215670331
132,295,34.3409838273746
132,296,36.96149746900909
132,297,40.70471317903974
132,298,41.08289129268054
132,299,43.96006009070573
132,300,44.167586056442225
132,301,42.75831590188734
132,302,45.54807203385834
132,303,45.959216866114666
132,304,48.79122814228936
132,305,48.10094962922987
132,306,51.285358336279025
132,307,53.72347418064752
132,308,56.66129959166903
132,309,58.39576514527229
132,310,61.951502064081275
132,311,62.86761417228732
132,312,66.48018578039948
132,313,69.55794060311983
132,314,70.55552434952187
132,315,71.06497711940698
132,316,74.57458519888603
132,317,75.407736911531
132,318,78.84766050032275
133,1,103.83558909490714
133,2,105.1337440809843
133,3,101.80965875946804
133,4,98.05053302649942
133,5,94.88494950936517
133,6,91.70340602467417
133,7,88.65945254128775
133,8,85.48463331479373
133,9,82.23735911447385
133,10,78.46510043942988
133,11,76.07452732876044
133,12,74.35095024203974
133,13,71.75004700880875
133,14,71.7952493681112
133,15,68.46937019683575
133,16,67.22748358780723
133,17,64.37400117755266
133,18,64.29982293399252
133,19,63.346462701001606
133,20,63.67490804607063
133,21,65.79326020462803
133,22,66.84508114810446
133,23,69.49844884914286
133,24,68.48689137777505
133,25,65.45830114750423
133,26,66.24247233840329
133,27,68.39789241870152
133,28,68.67285484163648
133,29,68.17509799609742
133,30,68.238649267481
133,31,64.61130635686804
133,32,61.496983456778025
133,33,57.969354995211624
133,34,54.772535175606535
133,35,53.268420635443896
133,36,50.1022938329987
133,37,47.0928992192944
133,38,45.75395508265733
133,39,43.763627594519384
133,40,40.610799822978976
133,41,39.19579386991233
133,42,35.87617685092649
133,43,34.02977540945536
133,44,32.91174875198018
133,45,34.58806558745513
133,46,32.55597419014461
133,47,35.673935532725395
133,48,36.96496091825442
133,49,34.11808701713629
133,50,30.69539957017364
133,51,28.422318329211787
133,52,24.639682944259764
133,53,23.030190210068824
133,54,19.860108263504575
133,55,19.119039123170236
133,56,16.060701419007223
133,57,15.766189206551068
133,58,17.96840448073196
133,59,19.501673984687827
133,60,18.05055213146334
133,61,14.437060944636993
133,62,15.359582509337434
133,63,17.19438537650782
133,64,14.4673182467135
133,65,11.927101337538124
133,66,9.352837174344401
133,67,7.204922372014463
133,68,9.348120315907245
133,69,12.23663505359085
133,70,12.221996159025053
133,71,15.33311886874531
133,72,17.232427802410427
133,73,17.373266669753214
133,74,21.080184451345918
133,75,22.21788039682404
133,76,25.568672944329933
133,77,27.355285898056426
133,78,30.589047959827475
133,79,29.09637733739582
133,80,25.475178375240922
133,81,25.176646845373945
133,82,22.805386556662494
133,83,22.529748983593148
133,84,22.685220566238453
133,85,19.86101492195775
133,86,17.385325856292678
133,87,14.543827345191039
133,88,11.89407810276428
133,89,8.329551566197884
133,90,7.240011273247692
133,91,9.426059671621317
133,92,12.792435017208161
133,93,15.304164555047944
133,94,18.99757372937797
133,95,21.166859018086445
133,96,24.858096326473998
133,97,26.928252440153596
133,98,24.096257466534226
133,99,26.82443933631269
133,100,28.272963711828943
133,101,25.165266956136247
133,102,24.47604963510934
133,103,28.139317524881747
133,104,28.462500786375273
133,105,25.375658652496345
133,106,26.55476736947643
133,107,30.053151703276864
133,108,29.084367383742876
133,109,27.756841821327175
133,110,25.370719956921707
133,111,21.92655726884375
133,112,23.41600909074389
133,113,21.74012662003235
133,114,23.583751291730334
133,115,22.01140054938184
133,116,24.43228599074345
133,117,25.284220060202674
133,118,24.388086544414122
133,119,25.443654216741916
133,120,23.941917554428343
133,121,26.342967523673085
133,122,25.74426200749987
133,123,22.076947229162304
133,124,18.809498115667314
133,125,16.659817025754354
133,126,13.022109745974614
133,127,11.716083746955302
133,128,8.11645306521078
133,129,6.780639913875713
133,130,5.450610412528227
133,131,6.04149279297178
133,132,3.798147233867358
133,134,3.8037469133497024
133,135,6.021301977655148
133,136,6.7244694105426515
133,137,5.738290928966787
133,138,4.303229099722623
133,139,4.81764648741211
133,140,7.157075335249134
133,141,9.77888393637243
133,142,11.39422439323182
133,143,14.808054531198431
133,144,14.559616992149268
133,145,14.972336868534832
133,146,14.321556303243629
133,147,17.46449658651721
133,148,18.414864048712122
133,149,21.48215615010795
133,150,22.755031543935605
133,151,25.390610138176548
133,152,26.48188291738578
133,153,26.998602114313826
133,154,25.391182299335842
133,155,28.16306895089269
133,156,29.240660634924954
133,157,27.68514533311213
133,158,30.060496981500474
133,159,29.226954361005372
133,160,30.99425544558325
133,161,29.935174041608484
133,162,33.03488364837348
133,163,33.32718552259834
133,164,35.967379011195
133,165,35.33080740393119
133,166,37.38348996049726
133,167,34.55531879222936
133,168,32.394620169687165
133,169,28.898567298929073
133,170,26.22186013782843
133,171,23.883393804176432
133,172,20.788519067614672
133,173,19.94660541641819
133,174,18.999680659348655
133,175,19.80126795193485
133,176,17.79757947917409
133,177,19.55496194088356
133,178,19.197829762679884
133,179,20.511678482089298
133,180,22.797147037294963
133,181,25.079613668560206
133,182,23.608516739926394
133,183,20.087328038634173
133,184,21.927070890306982
133,185,23.9607591722928
133,186,21.44069477982545
133,187,19.403963791401274
133,188,22.220862338470955
133,189,25.220178528333744
133,190,27.415453570811213
133,191,28.173041026270127
133,192,27.89528276402562
133,193,26.093250752444753
133,194,27.09536285985279
133,195,25.82346485193728
133,196,28.58728883757701
133,197,28.193743790017475
133,198,31.58065209918772
133,199,33.69684531967791
133,200,37.48696511544449
133,201,37.5674224017623
133,202,34.7486303322982
133,203,33.11538343600783
133,204,30.05445876366114
133,205,29.911844819010483
133,206,27.35736988640521
133,207,27.527855938317515
133,208,24.384669281864912
133,209,24.77888771863855
133,210,24.11563041908438
133,211,24.037391225128804
133,212,22.601188412618757
133,213,21.46047605798103
133,214,20.751715866639067
133,215,17.530454438767737
133,216,14.894575647610726
133,217,11.684933182032356
133,218,12.75802140239467
133,219,13.616377464497342
133,220,17.09475752552609
133,221,16.42101735694435
133,222,16.351450693381533
133,223,16.3359725910056
133,224,19.436982195481157
133,225,19.555969468575665
133,226,22.832003924603274
133,227,24.450162540417146
133,228,27.465910830608262
133,229,29.78729558790316
133,230,31.72641301542788
133,231,34.98044576140635
133,232,36.6461274140609
133,233,38.28514391032871
133,234,36.24107361632085
133,235,33.71630936845543
133,236,30.341302693586464
133,237,30.47950286576568
133,238,27.495149301117973
133,239,28.564631068494414
133,240,26.563260261777536
133,241,27.048962215515584
133,242,23.654483376814547
133,243,20.706749577475424
133,244,20.444212142615957
133,245,17.39781619694745
133,246,19.13201080294693
133,247,19.424368034887582
133,248,19.083797888940445
133,249,22.02710381347546
133,250,23.82319176880426
133,251,23.912569940423424
133,252,27.14572168389669
133,253,29.24440772457876
133,254,31.744744482265478
133,255,34.30076548110112
133,256,35.11271977157329
133,257,35.00835545792478
133,258,31.29935941361105
133,259,30.209117882554438
133,260,27.733946305728455
133,261,28.531478217236852
133,262,27.14877164907173
133,263,28.143801310607923
133,264,27.353415186565687
133,265,29.90352017461505
133,266,29.101949673308955
133,267,29.80067057999519
133,268,32.851304919881535
133,269,34.79094874108859
133,270,37.69714596611052
133,271,39.217865244977254
133,272,39.594166734320105
133,273,39.97465286368766
133,274,39.07160637993514
133,275,35.75544596194095
133,276,35.43468280331781
133,277,32.626692230945025
133,278,34.93807622847627
133,279,34.82933102159103
133,280,37.20543487531843
133,281,40.86879429633144
133,282,43.97512139153258
133,283,45.925911694633704
133,284,49.47157491517081
133,285,50.260697023910794
133,286,50.497489321875534
133,287,48.83864951249621
133,288,45.84998332688198
133,289,44.870845556276414
133,290,41.39802866720421
133,291,39.125967406631446
133,292,39.638103148238294
133,293,36.21055160290368
133,294,36.94532680660167
133,295,36.03730561428808
133,296,38.46592652232282
133,297,42.17841616742674
133,298,42.66656854157106
133,299,45.640279621678594
133,300,46.12312309469282
133,301,44.805295141202066
133,302,47.66186800983391
133,303,48.11494015145227
133,304,50.77565998085886
133,305,49.85342517776294
133,306,52.94267672188736
133,307,55.44001674634516
133,308,58.228672646800746
133,309,59.95421315881804
133,310,63.430824786907415
133,311,64.1735715503848
133,312,67.76396185112296
133,313,70.93895531616879
133,314,72.00890934458533
133,315,72.38303896104547
133,316,75.9003424056807
133,317,76.59148394426981
133,318,79.95487158294806
134,1,102.81244792990451
134,2,104.1078467129269
134,3,100.82538139371509
134,4,97.05834439642916
134,5,93.96995459128149
134,6,90.73408637215385
134,7,87.78669920972067
134,8,84.59112391262741
134,9,81.41808196052948
134,10,77.6411924965814
134,11,75.25889383505827
134,12,73.69143764124166
134,13,71.13483337026734
134,14,71.33007568376047
134,15,68.09899430702386
134,16,66.8273623178529
134,17,64.05557275525726
134,18,64.1412070968418
134,19,63.1407945062986
134,20,63.58008148502446
134,21,65.6439526746433
134,22,66.79296449583502
134,23,69.55648874696155
134,24,68.56411214617681
134,25,65.62584128626705
134,26,66.29101832076606
134,27,68.26751589355105
134,28,68.43269503488574
134,29,67.72952854747656
134,30,67.63816021256473
134,31,63.954903919718326
134,32,60.88390500684848
134,33,57.28122396744335
134,34,54.222115105858116
134,35,52.69671308448017
134,36,49.6940696880029
134,37,46.58068034237674
134,38,45.48770561518739
134,39,43.37704439993406
134,40,40.055225525501164
134,41,38.471258686383244
134,42,35.354026925780694
134,43,33.159810778676984
134,44,31.826747802165286
134,45,33.12489512864613
134,46,30.781342229452374
134,47,33.744119640276146
134,48,34.98641358076356
134,49,32.27810347144999
134,50,28.7031548212594
134,51,26.751367045375265
134,52,22.965101329508574
134,53,21.720615445076447
134,54,18.886802113407168
134,55,18.39788664502066
134,56,15.890895568116779
134,57,15.415383823924552
134,58,17.87215619236899
134,59,18.92744777905765
134,60,17.907199597576284
134,61,14.312611054130405
134,62,14.26312178210166
134,63,16.152953364723064
134,64,13.858347706361103
134,65,10.668612275293622
134,66,8.905600832488677
134,67,5.697224469573184
134,68,8.170303429488376
134,69,10.728508258637733
134,70,9.69143913454408
134,71,12.685348339381889
134,72,14.977934208525655
134,73,14.798197494247027
134,74,18.467681541466728
134,75,19.810430078750187
134,76,23.371217467726847
134,77,25.465029661230613
134,78,28.904633692740617
134,79,27.783736241638405
134,80,24.35070339521144
134,81,24.4021526355622
134,82,22.533699839264006
134,83,22.57255201608394
134,84,23.343591277057882
134,85,20.560968249623144
134,86,17.953268092907358
134,87,15.71770564400116
134,88,13.289451591427172
134,89,10.220974277809955
134,90,9.195208209568523
134,91,11.78166443846862
134,92,15.286327654643896
134,93,17.183159113561434
134,94,20.699928126381806
134,95,22.30862661081144
134,96,26.06149219376085
134,97,27.804545456118003
134,98,24.862265035591864
134,99,27.34331521280172
134,100,28.47801936187219
134,101,25.135863206254804
134,102,24.357500534960735
134,103,27.83588554105809
134,104,27.82747166657422
134,105,24.474929518862716
134,106,25.635309567546642
134,107,29.001215975307073
134,108,27.679014830226485
134,109,26.128389935585385
134,110,23.446191231501423
134,111,19.97414544722349
134,112,21.066608321592387
134,113,19.459138163784942
134,114,21.18067933725383
134,115,19.68701376656772
134,116,22.389032929723953
134,117,23.365403552601204
134,118,23.001533560022512
134,119,24.261518589412535
134,120,23.29090567828023
134,121,25.833411437233075
134,122,25.669760512152138
134,123,22.190712406985675
134,124,18.851757494544284
134,125,16.241718067117674
134,126,12.457134409567422
134,127,12.292706018087042
134,128,9.329943818161599
134,129,9.440474846977878
134,130,8.964567044352929
134,131,9.63902320032317
134,132,6.521165122289297
134,133,3.8037469133497024
134,135,3.784396685528453
134,136,6.451982952957283
134,137,6.179243505031963
134,138,5.94250091893366
134,139,4.979576482709466
134,140,7.393545926233006
134,141,9.303086014274108
134,142,9.604507248252803
134,143,13.359919259454445
134,144,13.935435009279725
134,145,14.495468692434223
134,146,14.754368362242772
134,147,17.88601720816958
134,148,19.359999153497483
134,149,22.424061803973885
134,150,23.23528964091247
134,151,26.024626966107046
134,152,27.583537323597508
134,153,27.94414824024009
134,154,26.247866387317103
134,155,28.720084502341884
134,156,29.750791940304033
134,157,27.785944167877098
134,158,29.868595952456246
134,159,28.58812280438813
134,160,30.094162245176932
134,161,28.6736185981011
134,162,31.63026124904219
134,163,31.736881474034874
134,164,34.09445326835756
134,165,33.29097355824337
134,166,35.39566760360133
134,167,32.70783023645653
134,168,30.883437901793247
134,169,27.43152569869152
134,170,25.086891571471373
134,171,22.999169427477625
134,172,20.299249441260237
134,173,19.935822381639472
134,174,19.70292932173963
134,175,21.07380585904529
134,176,19.600611659518773
134,177,21.87415430310594
134,178,21.87747062006269
134,179,23.594786001696452
134,180,25.853148214772744
134,181,27.864968531670694
134,182,26.381892731400928
134,183,22.809679149630135
134,184,24.304828372631288
134,185,26.148856206458618
134,186,23.600949133847287
134,187,21.245116402276476
134,188,23.790130579465362
134,189,26.947551865687675
134,190,29.15354030733517
134,191,30.298436482193793
134,192,29.872056461509597
134,193,27.702912630750795
134,194,28.377743642507046
134,195,26.7031610330506
134,196,29.136967536594778
134,197,28.308625717036822
134,198,31.481348799370842
134,199,33.24937333615046
134,200,37.01539932740833
134,201,37.26677383878765
134,202,34.73473608094854
134,203,33.39645847638434
134,204,30.613161281310227
134,205,30.824574744248025
134,206,28.640785650792655
134,207,29.198815842484176
134,208,26.348020523170945
134,209,27.17667600585671
134,210,26.817715677168817
134,211,27.03541709965304
134,212,25.88956074633593
134,213,24.686348224822947
134,214,24.11267534383237
134,215,21.034543759547898
134,216,18.176586372470286
134,217,15.1226080684577
134,218,16.486965236356763
134,219,17.146721937566777
134,220,20.47347783253222
134,221,19.41259899197225
134,222,18.871599378345714
134,223,18.183916601687425
134,224,20.921358220661887
134,225,20.381382054711967
134,226,23.29049136694324
134,227,24.344997705478043
134,228,27.080590823550576
134,229,29.01239273461337
134,230,30.715015293713538
134,231,33.78411070947889
134,232,35.133901082439785
134,233,36.86461418380607
134,234,35.13973866373878
134,235,32.69986940178516
134,236,29.54682201848504
134,237,30.013919647790868
134,238,27.320608189758197
134,239,28.78582832715594
134,240,27.18708395582371
134,241,27.988691338736306
134,242,24.87056142572554
134,243,22.10683771599265
134,244,21.230033961098396
134,245,17.926395573528463
134,246,18.93429184883939
134,247,18.61635776675549
134,248,17.59200373091075
134,249,20.329201032983704
134,250,22.19271133748356
134,251,22.19738960300039
134,252,25.225515465679376
134,253,27.628239198394073
134,254,30.022718467883802
134,255,32.76522711167198
134,256,33.51207497355185
134,257,33.53732806399682
134,258,29.907364075169646
134,259,29.241032962591063
134,260,27.052942621261202
134,261,28.120416326059676
134,262,27.136090923194256
134,263,28.01886365503888
134,264,27.298742218237987
134,265,29.474954375659784
134,266,28.29796731626501
134,267,28.546778479048022
134,268,31.383389523177716
134,269,32.97167237118776
134,270,35.95885301591728
134,271,37.45266157056091
134,272,38.09889683894702
134,273,38.515325656242936
134,274,37.957820119322996
134,275,34.827213790566105
134,276,34.907755390806095
134,277,32.37004926737912
134,278,34.700284750662
134,279,34.181084847346604
134,280,36.26387573190375
134,281,39.991948139484784
134,282,42.897011425215865
134,283,44.83988985555429
134,284,48.348570850443934
134,285,49.40040567653559
134,286,49.72836355304325
134,287,48.33148676687377
134,288,45.465333849953396
134,289,44.77990777551887
134,290,41.267498899953424
134,291,39.091722982950515
134,292,39.62841984755332
134,293,36.060092706160496
134,294,36.40442420400138
134,295,35.142151422604464
134,296,37.26885633819887
134,297,40.96422728084558
134,298,41.74500572076858
134,299,44.8997899319569
134,300,45.625061383068235
134,301,44.59121170927256
134,302,47.633278341705484
134,303,48.3510278036776
134,304,50.91404111086502
134,305,49.93206621157635
134,306,52.849418368684695
134,307,55.217829131453186
134,308,57.872358023707804
134,309,59.413760337556845
134,310,62.84615101891173
134,311,63.37925377734653
134,312,66.999302372873
134,313,70.27164469535742
134,314,71.52687584975803
134,315,71.92728376569406
134,316,75.50353423736553
134,317,76.20298115234662
134,318,79.53946737422964
135,1,103.60492589992565
135,2,105.01826300907564
135,3,101.80421108228126
135,4,98.02177605204727
135,5,94.98998399590796
135,6,91.79653144969627
135,7,88.89387292922132
135,8,85.77361039675753
135,9,82.58445401608816
135,10,78.80248885613767
135,11,76.29671555009307
135,12,74.71606934682526
135,13,72.05024730509847
135,14,72.16335487065986
135,15,69.01102898207283
135,16,67.91615665888325
135,17,65.28208011184098
135,18,65.55019893236717
135,19,64.72565901593912
135,20,65.35927428140236
135,21,67.5522718246648
135,22,68.87113883900332
135,23,71.57771481376288
135,24,70.42776217922658
135,25,67.43320323337933
135,26,67.9187041292553
135,27,69.82744700429384
135,28,69.80866986870365
135,29,69.07903987823684
135,30,68.81502211530245
135,31,65.14046196455546
135,32,62.19987581147108
135,33,58.61173954435851
135,34,55.64119546475019
135,35,54.32414037324883
135,36,51.353150912803976
135,37,48.10043243783844
135,38,46.93863557663108
135,39,44.586694427960744
135,40,41.18477487099731
135,41,39.299325064742746
135,42,36.28079261222305
135,43,34.03075104563677
135,44,32.95888645946928
135,45,34.107407303361974
135,46,31.758387698765553
135,47,34.80174427928578
135,48,36.250696696301254
135,49,33.830266783444706
135,50,30.213167295068928
135,51,28.277149755105246
135,52,24.5799505588994
135,53,23.14946064866387
135,54,20.66383913053787
135,55,19.67522645350912
135,56,17.42320896533656
135,57,17.62465621855459
135,58,20.515684405554023
135,59,21.78208017267252
135,60,21.164262869160616
135,61,17.490152202690762
135,62,17.17709888792356
135,63,19.39094102650682
135,64,17.407983255870395
135,65,14.012916487031685
135,66,12.222519403579708
135,67,8.62798609369832
135,68,9.980283548979806
135,69,12.966337871277169
135,70,11.748527341955631
135,71,13.974883977729931
135,72,16.916847513081066
135,73,16.973287732895653
135,74,20.602005880505338
135,75,21.772684888975025
135,76,25.423510952695676
135,77,27.47850023441624
135,78,30.970870625216175
135,79,29.869932823529236
135,80,26.526909952447838
135,81,26.357128468423266
135,82,24.652566405100487
135,83,24.317807225784495
135,84,25.093705976520297
135,85,21.975685589580188
135,86,19.850277012256978
135,87,17.866616526241412
135,88,15.972071346768091
135,89,12.744685224704913
135,90,12.442240298471239
135,91,15.132773550371676
135,92,18.518083998428413
135,93,20.698688432853928
135,94,24.244359527685255
135,95,25.943190113235392
135,96,29.714998908956904
135,97,31.39385707798216
135,98,28.3426712047266
135,99,30.678548117778803
135,100,31.927636316121614
135,101,28.61574559907993
135,102,27.608440836725705
135,103,31.015395042004187
135,104,31.07754621804721
135,105,27.61590861558051
135,106,28.515686796154363
135,107,31.89300542976024
135,108,30.55192308049892
135,109,28.70043301812886
135,110,25.99140715070439
135,111,22.65934081723639
135,112,23.57241512699616
135,113,22.170875218507067
135,114,23.769161421476564
135,115,22.277352248354596
135,116,25.060999829037065
135,117,25.878285600342306
135,118,25.809098574730886
135,119,26.87017305768781
135,120,26.012037837297022
135,121,28.30828259825385
135,122,28.013597779748324
135,123,24.665820836354037
135,124,21.119116944230736
135,125,18.766342160344514
135,126,15.101633410417934
135,127,15.051865481710038
135,128,12.094187722589124
135,129,12.004479830551764
135,130,10.669065735817165
135,131,11.970637421424037
135,132,9.587761387381335
135,133,6.021301977655148
135,134,3.784396685528453
135,136,3.7985840939286772
135,137,5.6006394836106095
135,138,7.5345358862010885
135,139,8.060019806550697
135,140,11.042815763305445
135,141,13.040528846406168
135,142,12.922181064404697
135,143,16.73573291067212
135,144,17.514854072298377
135,145,17.82674297721317
135,146,18.04163229990419
135,147,20.896566057468835
135,148,22.073614527318295
135,149,24.833567545342426
135,150,25.291461782413172
135,151,27.77887546369223
135,152,29.52777519052384
135,153,30.25840167883105
135,154,28.9029417001764
135,155,31.494631733597412
135,156,32.79803521382096
135,157,30.88141695662086
135,158,33.03741961804098
135,159,31.70896776765867
135,160,33.25710710185581
135,161,31.77717326304076
135,162,34.713402678535935
135,163,34.79628962684821
135,164,36.944378121776026
135,165,36.0669966382495
135,166,38.21018998687484
135,167,35.6294001267815
135,168,34.03070412603481
135,169,30.63635883125474
135,170,28.461493001930307
135,171,26.50305863523426
135,172,23.94108679218224
135,173,23.654385670107146
135,174,23.459817885838053
135,175,24.73650850539349
135,176,23.089324410224684
135,177,25.217430349326154
135,178,24.892637141102462
135,179,26.350762823565304
135,180,28.40637648917649
135,181,30.459184974197363
135,182,28.656096620030166
135,183,25.257173449913285
135,184,27.073379430186918
135,185,28.675826087114963
135,186,25.82947218937892
135,187,23.806004043223037
135,188,26.58743429587805
135,189,29.528515915105835
135,190,32.00005603674469
135,191,33.17256203961099
135,192,33.021410754533285
135,193,30.992580293073342
135,194,31.855587458405626
135,195,30.290050111140673
135,196,32.76689915102011
135,197,31.952616608621653
135,198,35.10231072106905
135,199,36.805802510386194
135,200,40.55758065982016
135,201,40.8958217471929
135,202,38.432425456380194
135,203,37.11590719973231
135,204,34.36756263410431
135,205,34.537916773649535
135,206,32.32831650467326
135,207,32.761158518136675
135,208,29.819851594885765
135,209,30.516862557695074
135,210,29.9013737824597
135,211,29.992780281770877
135,212,28.578454121589143
135,213,27.46780198941448
135,214,26.621153669742792
135,215,23.295493343935238
135,216,20.582725459724532
135,217,17.180366075601793
135,218,18.301096248950504
135,219,19.53501694853249
135,220,23.0782384421288
135,221,22.390155685879257
135,222,22.201292065164452
135,223,21.785848322407812
135,224,24.624259945412902
135,225,24.150596599574822
135,226,27.064084450692473
135,227,28.046876895368296
135,228,30.721716417789374
135,229,32.521542404090084
135,230,34.12652990367045
135,231,37.09992192449868
135,232,38.269881228042806
135,233,40.0181691885956
135,234,38.45648806460374
135,235,36.01035178857989
135,236,32.95211118972996
135,237,33.436942269279875
135,238,30.77561818482423
135,239,32.205505941616394
135,240,30.56351509385704
135,241,31.18390362248938
135,242,28.078149605899483
135,243,25.466174025792792
135,244,24.716324310548938
135,245,21.517501935665337
135,246,22.427582303187588
135,247,22.075494697841812
135,248,20.72365961623031
135,249,23.40677332761011
135,250,25.348188698051796
135,251,25.27336079568652
135,252,28.099682121229062
135,253,30.624541977717836
135,254,32.83209879570327
135,255,35.57709921389196
135,256,36.10054553359111
135,257,35.98365593853444
135,258,32.38071403104844
135,259,31.816582827338962
135,260,29.570121421418893
135,261,30.417561015394497
135,262,29.318393867894315
135,263,29.77798140828813
135,264,28.649389278574
135,265,30.596839964607806
135,266,29.05876712026799
135,267,29.319783976186738
135,268,31.875991305359825
135,269,33.34658819942403
135,270,36.57094916704001
135,271,38.3679297050401
135,272,39.31741967346751
135,273,40.05469378850279
135,274,39.64177632810513
135,275,36.53112802287474
135,276,36.702925562365856
135,277,34.13685931311042
135,278,36.16916510603672
135,279,35.49600517320502
135,280,37.58455714683453
135,281,41.35822851836436
135,282,44.22399478189826
135,283,46.39244871671992
135,284,49.78219029034034
135,285,50.995156231501674
135,286,51.576146396474854
135,287,50.231237112864605
135,288,47.29020772861605
135,289,46.596661202862045
135,290,42.98098561580326
135,291,41.06317402286625
135,292,41.88267485253913
135,293,38.34057822798243
135,294,38.556443491119026
135,295,37.27952520066353
135,296,39.28011309935339
135,297,42.896871101399476
135,298,43.672791982446306
135,299,46.834082355450875
135,300,47.77897311670352
135,301,46.74927038264123
135,302,49.77478263848698
135,303,50.441343210829196
135,304,52.826279079403044
135,305,51.60904062525945
135,306,54.45585784348168
135,307,56.920928322330454
135,308,59.43495215069919
135,309,61.022981869433345
135,310,64.36108717976116
135,311,64.76554056575098
135,312,68.33133608392976
135,313,71.66792163211335
135,314,72.93691823115613
135,315,73.17024773962655
135,316,76.72241496577006
135,317,77.25380004007272
135,318,80.50030078045769
136,1,106.48380610677559
136,2,107.95533577783301
136,3,104.7465416625732
136,4,100.96152856238297
136,5,97.90637863961015
136,6,94.76579352997503
136,7,91.8214218548957
136,8,88.74635104892641
136,9,85.5023277412889
136,10,81.72013977909691
136,11,79.15383408708732
136,12,77.4639227647902
136,13,74.71629456480856
136,14,74.68535169620553
136,15,71.50447958969312
136,16,70.51463108905371
136,17,67.88513627409289
136,18,68.119979259056
136,19,67.3999453983353
136,20,68.03031601477514
136,21,70.30749055543632
136,22,71.61553538021525
136,23,74.22881340821239
136,24,73.0103222052658
136,25,69.92841170104357
136,26,70.43102247268783
136,27,72.44137007600246
136,28,72.42353687386701
136,29,71.82426373648752
136,30,71.59030858063761
136,31,67.95529156726695
136,32,65.03986205766421
136,33,61.50448979337088
136,34,58.47763870475837
136,35,57.25132428294727
136,36,54.182711100843726
136,37,50.943997588636876
136,38,49.58996664322681
136,39,47.219105635671795
136,40,43.8945663675211
136,41,41.9875460137066
136,42,38.875336330556415
136,43,36.829043948776274
136,44,35.99420682970517
136,45,37.306614483818315
136,46,35.117145892765144
136,47,38.26659019566334
136,48,39.801435025823835
136,49,37.38957075698773
136,50,33.81683312423475
136,51,31.73751050959065
136,52,28.046211369802766
136,53,26.378820251175533
136,54,23.781014825228613
136,55,22.497435104131604
136,56,19.963789583184127
136,57,20.448162110776504
136,58,23.287535547068853
136,59,24.836212871898265
136,60,23.96013821730416
136,61,20.2454516491537
136,62,20.40282928502028
136,63,22.542328691694735
136,64,20.224770383315487
136,65,17.098782946894858
136,66,14.99115907610407
136,67,11.728015203967372
136,68,13.028255314408115
136,69,16.297521039254825
136,70,15.413935866645204
136,71,17.692484003232728
136,72,20.587738502811064
136,73,20.680912933709514
136,74,24.321193022293393
136,75,25.513206327839924
136,76,29.13552875902546
136,77,31.108676412188228
136,78,34.54444075706125
136,79,33.279742153377136
136,80,29.841645535361362
136,81,29.440992069282856
136,82,27.46772472397099
136,83,26.82364129637646
136,84,27.169951235913533
136,85,23.884092694733145
136,86,22.028001059857665
136,87,19.68933155747186
136,88,17.767604209771907
136,89,14.175808490039733
136,90,13.87830697131953
136,91,16.07714702503054
136,92,19.38020385775599
136,93,22.0217421493378
136,94,25.720677802894123
136,95,27.839551174553886
136,96,31.55011234225506
136,97,33.53065650575336
136,98,30.597710156834633
136,99,33.13903556997858
136,100,34.54904202970779
136,101,31.332710838333345
136,102,30.439194131024554
136,103,33.97017996628402
136,104,34.1613550322274
136,105,30.816921656994587
136,106,31.779467911315315
136,107,35.22491223959598
136,108,33.99264908513061
136,109,32.24982607252552
136,110,29.599466170593466
136,111,26.21704934469832
136,112,27.17072315270741
136,113,25.583138730494326
136,114,27.024040288027415
136,115,25.24234377951377
136,116,27.75023169842202
136,117,28.20119559814768
136,118,27.85900753913025
136,119,28.493484656438028
136,120,27.25795290049943
136,121,29.183815394561822
136,122,28.408140520169496
136,123,25.057553679668292
136,124,21.385040211882906
136,125,19.62374114012211
136,126,16.18353234594566
136,127,15.51881339113869
136,128,12.368581813498748
136,129,11.711502714030388
136,130,9.619537233153244
136,131,11.783237966940444
136,132,10.493448346428565
136,133,6.7244694105426515
136,134,6.451982952957283
136,135,3.7985840939286772
136,137,3.798145605254542
136,138,7.018185813443303
136,139,9.220275846665727
136,140,12.726644506033013
136,141,15.429566652526562
136,142,15.817305871111444
136,143,19.56705708612229
136,144,19.76876608253033
136,145,19.57574509865886
136,146,19.12180412461817
136,147,21.649127727971877
136,148,22.180833740988728
136,149,24.604628961824147
136,150,25.022334046518623
136,151,27.11218649600605
136,152,28.71480164763151
136,153,29.89061199863575
136,154,28.9442027192239
136,155,31.84855085187411
136,156,33.485981960018336
136,157,31.932166024273947
136,158,34.418315842349706
136,159,33.428471936400165
136,160,35.31082925495214
136,161,34.15290300389129
136,162,37.2836245374557
136,163,37.63939606850921
136,164,39.876189193850756
136,165,39.220550274154725
136,166,41.48633778819829
136,167,38.93800838290229
136,168,37.21563979448357
136,169,33.726064926514816
136,170,31.465208339861913
136,171,29.243602573272995
136,172,26.519877643393016
136,173,25.794051555116358
136,174,25.16031672926152
136,175,25.921326933349842
136,176,23.78632226820409
136,177,25.55609554263514
136,178,24.66322555668337
136,179,25.749701122244904
136,180,27.468535557756887
136,181,29.556513321718903
136,182,27.414093923952823
136,183,24.27415652918775
136,184,26.519894068418665
136,185,27.88877990289928
136,186,24.779057205356615
136,187,23.269099075415717
136,188,26.396848753701512
136,189,28.993169117305865
136,190,31.730472749100617
136,191,32.75879302373842
136,192,33.017323356876794
136,193,31.348437862118672
136,194,32.641321635286126
136,195,31.485600224788087
136,196,34.25603070122001
136,197,33.82193918360597
136,198,37.145268093978814
136,199,39.110848173806104
136,200,42.88494105409286
136,201,43.28522965326355
136,202,40.65688263520765
136,203,39.054968994776985
136,204,36.170373856100525
136,205,35.97149767500533
136,206,33.52431105667148
136,207,33.535596733337414
136,208,30.370668009407517
136,209,30.786387685898926
136,210,29.71079694231374
136,211,29.681977306641443
136,212,27.995359761280053
136,213,27.217845725534072
136,214,26.29474320036053
136,215,22.777336049617695
136,216,20.532683559774654
136,217,16.924761347473922
136,218,17.3414134125621
136,219,18.920743838053955
136,220,22.58004967641596
136,221,22.269256409472344
136,222,22.72312409527198
136,223,22.84347543968377
136,224,26.02961439457436
136,225,26.06434730930024
136,226,29.176738210890814
136,227,30.512694166832954
136,228,33.27203999821691
136,229,35.330295368661396
136,230,36.92878989515655
136,231,40.05142712330813
136,232,41.2897530432907
136,233,42.85929876037575
136,234,41.12718897037417
136,235,38.49273599767537
136,236,35.30548762746453
136,237,35.44693789705092
136,238,32.543532925570844
136,239,33.59050547619275
136,240,31.595776692586664
136,241,31.772592218393225
136,242,28.54117450600034
136,243,26.063392503555818
136,244,25.822702384189938
136,245,22.952563192134686
136,246,24.227801363894923
136,247,24.394731581609673
136,248,23.250558791437946
136,249,26.22611944113847
136,250,28.377540689577582
136,251,28.541951919400255
136,252,31.519842965715753
136,253,34.01783840568499
136,254,36.345124578355254
136,255,39.076455178299774
136,256,39.6656515665242
136,257,39.516042463752434
136,258,35.87063690713869
136,259,35.124368331552276
136,260,32.7181359926398
136,261,33.383633326927885
136,262,32.006724226275
136,263,32.41833073785401
136,264,31.090754884488707
136,265,33.20560426443715
136,266,31.761312977047027
136,267,32.31024609597142
136,268,34.876145763728104
136,269,36.493342403527635
136,270,39.77604365726586
136,271,41.70740472696928
136,272,42.625429966368145
136,273,43.44549808349994
136,274,42.889909721304065
136,275,39.67336109433268
136,276,39.63181359684347
136,277,36.87779849241878
136,278,38.795637151793315
136,279,38.333969254466815
136,280,40.61090277922109
136,281,44.36744380529409
136,282,47.343279388100385
136,283,49.59633654001999
136,284,52.97151204113928
136,285,54.08664406611739
136,286,54.69394618745437
136,287,53.20280335072458
136,288,50.156305899059966
136,289,49.2634041336544
136,290,45.63428371431321
136,291,43.73461812624739
136,292,44.61943127147319
136,293,41.16790628616273
136,294,41.59518542789657
136,295,40.513317934268535
136,296,42.651956482948925
136,297,46.26886943986652
136,298,46.88828744049307
136,299,49.9527283583129
136,300,50.811318186574354
136,301,49.60292728867403
136,302,52.50548051808238
136,303,52.97378441838594
136,304,55.37172105214115
136,305,54.110456269131106
136,306,57.054066764462014
136,307,59.64657371063525
136,308,62.20062257320134
136,309,63.92886888167758
136,310,67.2625959719475
136,311,67.75147549065863
136,312,71.2788021255821
136,313,74.58024824214596
136,314,75.73334301539249
136,315,75.87808031447759
136,316,79.37997458766766
136,317,79.82834738323817
136,318,83.0510907901308
137,1,108.46248474775425
137,2,109.82986411658354
137,3,106.56336842490646
137,4,102.79006172135863
137,5,99.6912357896782
137,6,96.50443675830653
137,7,93.52846984005409
137,8,90.37981125299409
137,9,87.15716469703523
137,10,83.37754774985653
137,11,80.92327449308081
137,12,79.25441879082227
137,13,76.60199842436602
137,14,76.64335482464132
137,15,73.39293698268608
137,16,72.24992613322586
137,17,69.49528789641374
137,18,69.55971693905481
137,19,68.67257985356777
137,20,69.10773926707377
137,21,71.25233952561561
137,22,72.37617849583283
137,23,75.04886133441545
137,24,73.99592134625497
137,25,70.96490649596754
137,26,71.65418642318708
137,27,73.7391565645491
137,28,73.8986226828633
137,29,73.3229795842839
137,30,73.2430576761126
137,31,69.59476443762087
137,32,66.55925211167425
137,33,63.00315280622702
137,34,59.8983955194279
137,35,58.46805426894073
137,36,55.37366094973767
137,37,52.26447963639743
137,38,50.97692197342371
137,39,48.82145321187313
137,40,45.559005936234
137,41,43.895887309775006
137,42,40.69920330840639
137,43,38.679281908751705
137,44,37.600999965471246
137,45,38.98716727917604
137,46,36.72565730946164
137,47,39.75953028145326
137,48,41.07976732162711
137,49,38.428354755921205
137,50,34.846887987800685
137,51,32.862190094484575
137,52,29.085903850433134
137,53,27.66842028085334
137,54,24.792989895460668
137,55,23.953613505998828
137,56,21.18447334398926
137,57,21.075492205022822
137,58,23.450104008392238
137,59,24.719477329793726
137,60,23.30335636416104
137,61,19.764796930962245
137,62,20.188840605926302
137,63,21.768622451275053
137,64,18.986962054924415
137,65,16.253644618463856
137,66,14.435642619027847
137,67,11.718287501088525
137,68,13.959049556399558
137,69,16.831388805967663
137,70,15.819214304152194
137,71,18.69953723850475
137,72,21.132394923518806
137,73,20.722743740944317
137,74,24.26443796477996
137,75,25.866000666153045
137,76,29.46754184573259
137,77,31.635787616373484
137,78,35.07625295829941
137,79,33.909586838874596
137,80,30.423082199029377
137,81,30.302543667458064
137,82,28.184604219418514
137,83,27.88262006719516
137,84,28.14927409033725
137,85,25.12955033768773
137,86,22.868796673613097
137,87,20.159239953696083
137,88,17.62853469575528
137,89,14.017921063097123
137,90,12.751281556786465
137,91,14.191923004171867
137,92,17.709839373096315
137,93,20.231497819535313
137,94,23.99259602999465
137,95,26.184630344777474
137,96,29.781171686737125
137,97,32.04931629079438
137,98,29.408671412081212
137,99,32.24592440238127
137,100,33.439800118433254
137,101,30.168148405479375
137,102,29.720957881210868
137,103,33.323657060744495
137,104,33.30513891896887
137,105,30.11655263638241
137,106,31.498756882950346
137,107,34.853031705948176
137,108,33.49762421471299
137,109,32.14949829350472
137,110,29.392285189949945
137,111,25.81416683864912
137,112,26.641019402287178
137,113,24.60259383926845
137,114,25.758336458257816
137,115,23.603915184371612
137,116,25.734299587023763
137,117,25.875669408866436
137,118,25.186661919414
137,119,25.54605198319506
137,120,24.02455237582493
137,121,25.800779727899233
137,122,24.83256579834052
137,123,21.449019906961965
137,124,17.781377986710435
137,125,16.259729260372406
137,126,12.980616205998075
137,127,12.01029099611593
137,128,8.978338524866727
137,129,8.687162238943335
137,130,7.3262272966105355
137,131,10.197094197121237
137,132,8.96934039094891
137,133,5.738290928966787
137,134,6.179243505031963
137,135,5.6006394836106095
137,136,3.798145605254542
137,138,3.7782710436799007
137,139,6.638179055877457
137,140,10.395099315161238
137,141,13.64430725058618
137,142,14.314268743823801
137,143,17.852035040489433
137,144,17.44738956704531
137,145,16.738706341009962
137,146,15.900842488095972
137,147,18.177011564916516
137,148,18.488180470539188
137,149,20.83065379765223
137,150,21.294777487677557
137,151,23.39526503297485
137,152,24.93818215206886
137,153,26.101996854948
137,154,25.2053314774806
137,155,28.173965391920895
137,156,29.91756758058657
137,157,28.51561270844239
137,158,31.16114387494974
137,159,30.394150139205724
137,160,32.51361239141672
137,161,31.653646349061972
137,162,34.95870957789796
137,163,35.62286264920738
137,164,37.98850362310408
137,165,37.649840497294186
137,166,40.089942606447394
137,167,37.62492038820824
137,168,35.74673683620503
137,169,32.126056805065396
137,170,29.86537919221324
137,171,27.30779471465973
137,172,24.56736341995033
137,173,23.408661821389707
137,174,22.595045758771604
137,175,23.070297171305263
137,176,20.806284537185334
137,177,22.666703524816914
137,178,21.633883163523315
137,179,22.94734159007057
137,180,24.449300718108926
137,181,26.283213184752693
137,182,24.0672891398445
137,183,20.92819841285677
137,184,23.066253978611172
137,185,24.273619960350345
137,186,21.130479282780755
137,187,19.580506543096515
137,188,22.711797889372434
137,189,25.26381640592869
137,190,28.062494614377336
137,191,29.2068035236618
137,192,29.56783019821776
137,193,27.91786345475418
137,194,29.348294155824828
137,195,28.355907976085074
137,196,31.2382747499751
137,197,31.029563331774764
137,198,34.4400973618983
137,199,36.58453872026426
137,200,40.352183491362446
137,201,40.899861868347124
137,202,38.20199631817027
137,203,36.38397854875184
137,204,33.51277835865248
137,205,33.08027698156417
137,206,30.63358603267809
137,207,30.480740396031678
137,208,27.345054069174445
137,209,27.915249791344134
137,210,26.75173932493897
137,211,27.035209548992224
137,212,25.615108602044355
137,213,25.178499496762168
137,214,24.72997767579071
137,215,21.381944437663442
137,216,19.392548107973717
137,217,16.0562191473377
137,218,16.02878948705323
137,219,16.980715288543976
137,220,20.44700284729255
137,221,19.752402065383993
137,222,20.34627709273399
137,223,20.399823761017817
137,224,23.724971429495916
137,225,23.972694235664495
137,226,27.03626229201349
137,227,28.537759708166945
137,228,31.20372121644823
137,229,33.4772432562758
137,230,34.93831536691998
137,231,38.218654042198416
137,232,39.492343074710796
137,233,40.807008858932726
137,234,38.894298192772766
137,235,36.065521890967126
137,236,32.78649964842999
137,237,32.62843810165823
137,238,29.577489228012237
137,239,30.382813548094997
137,240,28.24163359449908
137,241,28.230302064477005
137,242,25.02424426933668
137,243,22.722414515489668
137,244,22.625141389816633
137,245,20.00341014785129
137,246,21.388393550107093
137,247,21.97866386098583
137,248,21.029207332880354
137,249,24.294315662319857
137,250,26.713698321594347
137,251,27.310933772061965
137,252,30.52898603080223
137,253,33.06567500957669
137,254,35.699176964788144
137,255,38.55110215463432
137,256,39.487763747304676
137,257,39.61824431380303
137,258,35.98801061002033
137,259,35.23695987265215
137,260,32.96561527542456
137,261,33.90658038309097
137,262,32.65294937267356
137,263,33.4879492872432
137,264,32.51994895561662
137,265,34.84908204999542
137,266,33.68414229108415
137,267,34.18549805946413
137,268,36.9519656254528
137,269,38.593696512487085
137,270,41.71533875388724
137,271,43.383474037717725
137,272,44.093946124032435
137,273,44.61017317964577
137,274,43.98103493221324
137,275,40.771514462552034
137,276,40.67386043184997
137,277,37.9500826896415
137,278,40.149407233630704
137,279,39.82071127580916
137,280,42.07438497592527
137,281,45.80063135715881
137,282,48.79201483222749
137,283,50.82649374863687
137,284,54.31480865757667
137,285,55.30847659644001
137,286,55.66556067422847
137,287,54.14328995841985
137,288,51.17944584042148
137,289,50.29430658643671
137,290,46.76530236198764
137,291,44.60383212188266
137,292,45.18629818419468
137,293,41.70870142391188
137,294,42.26294109668494
137,295,41.15649594748509
137,296,43.3755486691869
137,297,47.07283148405024
137,298,47.75419315843167
137,299,50.835447097834425
137,300,51.47545661668643
137,301,50.27630159099254
137,302,53.19605858447918
137,303,53.70597736239578
137,304,56.297933861281784
137,305,55.27410874029296
137,306,58.29682893221468
137,307,60.79897451329296
137,308,63.49195888771949
137,309,65.16859286753412
137,310,68.59440852505391
137,311,69.19201174752445
137,312,72.77592451047767
137,313,76.02520005049986
137,314,77.17564710201356
137,315,77.47782331946446
137,316,81.00458428332654
137,317,81.60362299552705
137,318,84.90675322659449
138,1,107.91823681601412
138,2,109.1785019161887
138,3,105.8459066151172
138,4,102.09052816488054
138,5,98.93117616387848
138,6,95.71730887744813
138,7,92.68893923118627
138,8,89.4790026213276
138,9,86.26299628229368
138,10,82.49330871301272
138,11,80.15139804811065
138,12,78.47238280070444
138,13,75.91410561026242
138,14,76.00549758310086
138,15,72.674830968837
138,16,71.38080220679433
138,17,68.49552059425757
138,18,68.37132687254518
138,19,67.33588328958112
138,20,67.57687186253632
138,21,69.60854743500073
138,22,70.55893912889478
138,23,73.25961274392328
138,24,72.34944694039113
138,25,69.36096508242424
138,26,70.23120669876535
138,27,72.40232724954478
138,28,72.74461297747885
138,29,72.22632139455952
138,30,72.32505784374936
138,31,68.68421997422712
138,32,65.53224379388355
138,33,61.983186169589075
138,34,58.786494497344684
138,35,57.17925933497895
138,36,54.040754203253435
138,37,51.082619492018324
138,38,49.8208103119561
138,39,47.903244079979395
138,40,44.749539178222655
138,41,43.37586914120131
138,42,40.079038039691405
138,43,38.16850963644644
138,44,36.91166586560109
138,45,38.470546596158925
138,46,36.271852699966885
138,47,39.245315349647164
138,48,40.39313058368697
138,49,37.49539249278222
138,50,33.99901832441991
138,51,31.972354600071306
138,52,28.1656248284441
138,53,26.86161759020898
138,54,23.700958498011534
138,55,23.22988854725328
138,56,20.22641399575492
138,57,19.612657946702342
138,58,21.499939046862046
138,59,22.635581431874353
138,60,20.77052419824678
138,61,17.42486094096421
138,62,18.274779300116144
138,63,19.453893530724432
138,64,16.321459311265258
138,65,14.096991773748238
138,66,12.31054659625399
138,67,10.433584687400389
138,68,13.23149870847006
138,69,15.701695546270114
138,70,15.00895792616214
138,71,18.348746859708076
138,72,20.18170126175691
138,73,19.621329840279216
138,74,23.107375699245694
138,75,24.80813454796269
138,76,28.249809618487934
138,77,30.382263656700758
138,78,33.70949955333323
138,79,32.48237966036426
138,80,28.932108137124196
138,81,28.94495410589324
138,82,26.631939040113025
138,83,26.59408599589463
138,84,26.739616632997745
138,85,24.03735773239825
138,86,21.44208947686648
138,87,18.452359247713662
138,88,15.462313499605601
138,89,12.015854678819437
138,90,9.971306571296203
138,91,10.802934832616957
138,92,14.41197197798394
138,93,16.795966601843762
138,94,20.557809867050473
138,95,22.806351406271975
138,96,26.319350404206087
138,97,28.751423405269573
138,98,26.301659999979293
138,99,29.32785463348362
138,100,30.448201952810333
138,101,27.226956258870416
138,102,27.059447014790674
138,103,30.720978708065836
138,104,30.683174608592488
138,105,27.695373990182706
138,106,29.321581647957252
138,107,32.64088522800659
138,108,31.368287935019953
138,109,30.35635014822333
138,110,27.700194451243075
138,111,24.05728877663467
138,112,25.064217070811196
138,113,22.83203355672927
138,114,24.051311448352724
138,115,21.859806144522935
138,116,23.78590411699889
138,117,23.994658988690873
138,118,22.885123193760023
138,119,23.33451399432331
138,120,21.54145416959129
138,121,23.499087906805315
138,122,22.52676394528596
138,123,18.938808400697763
138,124,15.467783655156042
138,125,13.849811171184882
138,126,10.515591414160365
138,127,8.917058737010096
138,128,5.476697821435295
138,129,5.037856946744106
138,130,4.767192273695588
138,131,7.482997300727316
138,132,6.145384868536824
138,133,4.303229099722623
138,134,5.94250091893366
138,135,7.5345358862010885
138,136,7.018185813443303
138,137,3.7782710436799007
138,139,3.793096843775914
138,140,7.23746004472086
138,141,10.815247991398362
138,142,12.183382973880283
138,143,15.404734137637103
138,144,14.462669727334907
138,145,13.753498022213186
138,146,12.554534592406636
138,147,15.050135560208453
138,148,15.456043313319999
138,149,18.136121979792318
138,150,19.102142762180215
138,151,21.503122338727376
138,152,22.738203956102712
138,153,23.56186905882717
138,154,22.340685893672777
138,155,25.298537703968375
138,156,26.817729121956656
138,157,25.485142526161034
138,158,28.16378427761397
138,159,27.575542355343156
138,160,29.747323067834255
138,161,29.06238908025716
138,162,32.4239459605178
138,163,33.180444592348394
138,164,35.783177118175736
138,165,35.57266336407217
138,166,37.971793639236886
138,167,35.414129804635884
138,168,33.27948174491534
138,169,29.615477136044372
138,170,27.170097315006807
138,171,24.420811417450103
138,172,21.5072078692299
138,173,20.077841188052673
138,174,19.009682411076124
138,175,19.33874011712457
138,176,17.03383463988926
138,177,18.93469655551916
138,178,18.061960623081507
138,179,19.594305210714094
138,180,21.27125663365113
138,181,23.10288183323351
138,182,21.174214020205422
138,183,17.8185320379481
138,184,19.732351689844013
138,185,21.218632886561284
138,186,18.338394172681074
138,187,16.48182053328471
138,188,19.50244101417126
138,189,22.261046900500553
138,190,24.83341131497385
138,191,25.889200956019398
138,192,26.040421781736136
138,193,24.335048846574413
138,194,25.708210754335045
138,195,24.742749906422205
138,196,27.694819474461006
138,197,27.616524298062
138,198,31.105738920244907
138,199,33.40476271676193
138,200,37.17936530321242
138,201,37.633842393352914
138,202,34.813376585809564
138,203,32.88255973702677
138,204,29.925032722062856
138,205,29.40510900496221
138,206,26.89115575082792
138,207,26.724787716546004
138,208,23.58942130768675
138,209,24.212065934679305
138,210,23.184687564503573
138,211,23.58349461840943
138,212,22.391496540888884
138,213,21.954774436264586
138,214,21.81880278987062
138,215,18.700506896241883
138,216,16.71036008156001
138,217,13.743683397232969
138,218,13.736864381693847
138,219,14.038358442425709
138,220,17.30713046708245
138,221,16.257170168433227
138,222,16.71071271699476
138,223,16.68768591581977
138,224,20.059281529458055
138,225,20.471070972749256
138,226,23.58371244874852
138,227,25.297276823878633
138,228,28.03746266028
138,229,30.524097285319556
138,230,32.08609891717479
138,231,35.486699146850114
138,232,36.97299219411066
138,233,38.22076221477769
138,234,36.0900438748046
138,235,33.23518121150615
138,236,29.825670727844166
138,237,29.533283231858714
138,238,26.36581064109303
138,239,27.067990842328147
138,240,24.835486664746007
138,241,24.881006209480496
138,242,21.571078384689752
138,243,19.094586734447358
138,244,19.07899116836585
138,245,16.48819204025572
138,246,18.181872056548173
138,247,19.05787268378734
138,248,18.5947077678233
138,249,21.966109646314816
138,250,24.324439547767486
138,251,25.063855798139283
138,252,28.47300854277769
138,253,30.829306255751597
138,254,33.64083505181108
138,255,36.442402897760985
138,256,37.59528740759088
138,257,37.83891276106539
138,258,34.20708500870913
138,259,33.30600351653972
138,260,31.067412788689523
138,261,32.14731864810909
138,262,30.938169890653505
138,263,32.150470135645065
138,264,31.524966099414556
138,265,34.08583025576391
138,266,33.28266780684892
138,267,33.83686048750851
138,268,36.847600128779305
138,269,38.62912641245233
138,270,41.5336732844776
138,271,42.94714196131263
138,272,43.35899521863698
138,273,43.593545890963526
138,274,42.79006150234854
138,275,39.55403874127171
138,276,39.31344800308036
138,277,36.58918666623368
138,278,39.026504418240016
138,279,38.8969620998744
138,280,41.17857789078986
138,281,44.83700338253081
138,282,47.88039601211402
138,283,49.7122199110131
138,284,53.2970615323462
138,285,54.104925287918775
138,286,54.222208171367804
138,287,52.61710517867193
138,288,49.712095468611786
138,289,48.789223641425075
138,290,45.37481708923269
138,291,42.98060552551331
138,292,43.30181380906435
138,293,39.848287271952465
138,294,40.58042887866302
138,295,39.55317156753356
138,296,41.91588963057771
138,297,45.663204313619325
138,298,46.29915301713157
138,299,49.33053162478502
138,300,49.73147701665122
138,301,48.48657853996688
138,302,51.37636080114331
138,303,51.884737430267165
138,304,54.64471832903343
138,305,53.84554966098777
138,306,56.94968762198517
138,307,59.37907727440123
138,308,62.211928893340264
138,309,63.87219136937146
138,310,67.38125272990435
138,311,68.12536766863468
138,312,71.74603906109091
138,313,74.91687852611129
138,314,76.0238012624005
138,315,76.47126328009674
138,316,80.00519172621368
138,317,80.75299966207855
138,318,84.1370984151539
139,1,105.78986678332758
139,2,106.95674990972108
139,3,103.60262987917477
139,4,99.85881123812013
139,5,96.70994280300985
139,6,93.43435157268246
139,7,90.43819707835065
139,8,87.16387660286837
139,9,84.01284136745952
139,10,80.25137822288659
139,11,78.01296430827752
139,12,76.44783116613688
139,13,74.00757816856917
139,14,74.26033099917149
139,15,70.93931738865416
139,16,69.49314685833409
139,17,66.56424387396852
139,18,66.40784730896293
139,19,65.21189110959129
139,20,65.3809511290003
139,21,67.2767677140917
139,22,68.165720420148
139,23,70.97552262130749
139,24,70.19531425272118
139,25,67.31596077605167
139,26,68.23753093279278
139,27,70.33437562704464
139,28,70.74114766812662
139,29,70.10913554638431
139,30,70.23760134343904
139,31,66.5642750395521
139,32,63.35121527495636
139,33,59.755672247060915
139,34,56.59159298131176
139,35,54.82188890479221
139,36,51.776397623169785
139,37,48.87103637175409
139,38,47.82355596804049
139,39,46.02254624479624
139,40,42.84346236908976
139,41,41.603812612310975
139,42,38.38388988582377
139,43,36.32183245220148
139,44,34.7559758148682
139,45,36.190921154367494
139,46,33.84908039021829
139,47,36.64191075615013
139,48,37.599026123064206
139,49,34.59719916404476
139,50,31.09837374335641
139,51,29.264926780225935
139,52,25.465257211995457
139,53,24.528426690836515
139,54,21.372491609676445
139,55,21.428461180497585
139,56,18.63083657676752
139,57,17.41748358005694
139,58,19.020471125055327
139,59,19.686258679440538
139,60,17.75125288844692
139,61,14.582231422863034
139,62,15.144185787519852
139,63,15.989510813124717
139,64,12.849093072817086
139,65,10.645964657273545
139,66,9.473581997118844
139,67,7.997312779758188
139,68,11.426682167393961
139,69,13.154221398210298
139,70,12.186582662967313
139,71,15.784113225194584
139,72,17.20473799231185
139,73,16.30488132053331
139,74,19.662512719707514
139,75,21.550774873475376
139,76,24.94311940969644
139,77,27.221136229619034
139,78,30.56461009410079
139,79,29.542420942551146
139,80,26.086897887404792
139,81,26.465041125642166
139,82,24.356201309108542
139,83,24.791167124985378
139,84,25.30476616412175
139,85,22.9319936182502
139,86,19.939336261441618
139,87,17.17816470383123
139,88,13.951083524740481
139,89,11.039144851043918
139,90,8.383144852869707
139,91,9.36679881864472
139,92,13.1875602977272
139,93,14.862631804011937
139,94,18.475037052429084
139,95,20.25218555484928
139,96,23.80655503564247
139,97,26.04113855699552
139,98,23.592614711061323
139,99,26.551700684802064
139,100,27.389990170308746
139,101,24.019533948946087
139,102,23.97264873325805
139,103,27.54872066547082
139,104,27.270236962451506
139,105,24.242387751646053
139,106,26.038882577990666
139,107,29.239504511587263
139,108,27.80503708604601
139,109,26.91142488838414
139,110,24.166227687470187
139,111,20.47325830198488
139,112,21.40376581637153
139,113,19.091898371876077
139,114,20.35680742835364
139,115,18.274918280590587
139,116,20.315730020390077
139,117,20.825395655213736
139,118,19.802392704922156
139,119,20.67993041188485
139,120,19.188009222469088
139,121,21.59415353351043
139,122,21.16030297126424
139,123,17.55385023842742
139,124,14.301957233668926
139,125,11.910068610269041
139,126,8.221278917848329
139,127,7.388935961527824
139,128,4.41116377842445
139,129,5.5817486968486545
139,130,7.013161329166914
139,131,8.178785780931866
139,132,5.305481786499159
139,133,4.81764648741211
139,134,4.979576482709466
139,135,8.060019806550697
139,136,9.220275846665727
139,137,6.638179055877457
139,138,3.793096843775914
139,140,3.805708471089098
139,141,7.221121911063771
139,142,8.418399608633113
139,143,11.617682869632612
139,144,10.892823296335813
139,145,10.591851579679426
139,146,10.122315023658851
139,147,13.114420466681208
139,148,14.409189118226724
139,149,17.530050095325226
139,150,18.58421820317856
139,151,21.474588715643502
139,152,22.842596443911493
139,153,23.072396065962224
139,154,21.32960981698415
139,155,23.895414003726327
139,156,25.012601923387
139,157,23.276160939569003
139,158,25.628574753257837
139,159,24.72825311651841
139,160,26.62454815730379
139,161,25.700117237227897
139,162,28.95351181859579
139,163,29.551486706741752
139,164,32.160448887572436
139,165,31.857688381922255
139,166,34.20512837942595
139,167,31.624679838269703
139,168,29.50884604876385
139,169,25.853630270159897
139,170,23.451510476958262
139,171,20.773781368931502
139,172,17.96272203459764
139,173,16.790448925452413
139,174,16.16134462707838
139,175,17.056546243749857
139,176,15.358611610585605
139,177,17.813779962722165
139,178,17.687041605714366
139,179,19.774108263128838
139,180,21.779825881554167
139,181,23.44953726839223
139,182,21.975194904901954
139,183,18.37711288275882
139,184,19.623517097971636
139,185,21.345371642673232
139,186,18.880586699270424
139,187,16.348867195615323
139,188,18.82527780400458
139,189,22.00406560486927
139,190,24.214254788540117
139,191,25.481606931876673
139,192,25.13595141211602
139,193,22.97162448828654
139,194,23.837202159616787
139,195,22.40044578675812
139,196,25.062328563283874
139,197,24.617383506721307
139,198,27.98362656229891
139,199,30.08853507367905
139,200,33.8698246699802
139,201,34.3080098644581
139,202,31.613904388306917
139,203,29.90147023191492
139,204,27.07690161804279
139,205,26.90060992189695
139,206,24.659067780597244
139,207,24.96073694456671
139,208,22.119033931108806
139,209,23.171036257337153
139,210,22.716045593014528
139,211,23.3769167248265
139,212,22.63575062271999
139,213,21.910031396662536
139,214,22.032767318499655
139,215,19.26340114002284
139,216,16.853291943697805
139,217,14.33008686802315
139,218,15.025306652648563
139,219,14.704043134935825
139,220,17.640237058216332
139,221,15.96866679478561
139,222,15.577501843801665
139,223,14.75698520006108
139,224,17.759755141237694
139,225,17.626944794738897
139,226,20.518396084626666
139,227,21.929091980735624
139,228,24.57247794143996
139,229,26.91419993833095
139,230,28.451043974853395
139,231,31.797983940261094
139,232,33.26007353957285
139,233,34.5992749586691
139,234,32.543182938457804
139,235,29.79293348205583
139,236,26.440825162043218
139,237,26.411279037703036
139,238,23.423659176027783
139,239,24.50353876210348
139,240,22.632623215744974
139,241,23.186888771569574
139,242,20.0372188410296
139,243,17.424290041689382
139,244,16.758294883536458
139,245,13.755759311248815
139,246,15.083522395152093
139,247,15.555467222885547
139,248,15.016144191440794
139,249,18.280931574310692
139,250,20.556275627868615
139,251,21.278151587903633
139,252,24.697521221169477
139,253,27.085787590498725
139,254,29.94494034727295
139,255,32.81248728488442
139,256,34.07417730875821
139,257,34.483366828796854
139,258,30.91142196939203
139,259,30.178726385014887
139,260,28.17533617610844
139,261,29.566500000087313
139,262,28.6986448177678
139,263,30.151412292652633
139,264,29.88790550898064
139,265,32.36176527857097
139,266,31.615391101490708
139,267,31.891044189337403
139,268,34.948445258094154
139,269,36.598298570122516
139,270,39.341940225828665
139,271,40.50173218744498
139,272,40.837070825657584
139,273,40.85278721781784
139,274,40.14745706042018
139,275,37.03402871424677
139,276,36.96662284558781
139,277,34.454181766663254
139,278,37.10618055500602
139,279,36.842050654424185
139,280,38.922155195393536
139,281,42.55517405709228
139,282,45.48598777057376
139,283,47.13389163943265
139,284,50.76441531575402
139,285,51.607069323889085
139,286,51.59312348136903
139,287,50.118739954404354
139,288,47.36001542069859
139,289,46.63481436637729
139,290,43.29130131617897
139,291,40.77952627314346
139,292,40.903509798404926
139,293,37.36443835900013
139,294,37.947794489594976
139,295,36.73015491028851
139,296,38.991460487507474
139,297,42.757800217666436
139,298,43.563474015852265
139,299,46.68017884147139
139,300,47.06654349506867
139,301,46.00197454830085
139,302,49.00946285985331
139,303,49.72706929516148
139,304,52.54396665281487
139,305,51.88424735059135
139,306,54.916158563859206
139,307,57.180361847009756
139,308,60.021548776309004
139,309,61.523777791121255
139,310,65.0639417302997
139,311,65.76927536651628
139,312,69.43876535986817
139,313,72.61530376537479
139,314,73.82852739389229
139,315,74.41783230805224
139,316,78.0012851660741
139,317,78.88120855788279
139,318,82.31018466252216
140,1,104.06455422709222
140,2,105.11924998709095
140,3,101.71396071559106
140,4,97.99321423505612
140,5,94.80818342944056
140,6,91.49795927458088
140,7,88.47927283174073
140,8,85.14457385563033
140,9,82.02712184247883
140,10,78.28465430039007
140,11,76.17134324619603
140,12,74.64352980219219
140,13,72.32323115473207
140,14,72.67245090293291
140,15,69.30775840579685
140,16,67.69802331663425
140,17,64.6678185017332
140,18,64.36367510693256
140,19,63.00262517872203
140,20,63.00517084282094
140,21,64.76312904577769
140,22,65.50554754412961
140,23,68.37073128907292
140,24,67.74217623442144
140,25,64.94447302469102
140,26,66.00969191008645
140,27,68.1310047967311
140,28,68.69167042179801
140,29,68.0594506020172
140,30,68.32918933304525
140,31,64.66220392118339
140,32,61.3524829888154
140,33,57.76004375898743
140,34,54.553740317298825
140,35,52.600004803032476
140,36,49.572098565395095
140,37,46.81694093902388
140,38,45.880367052015345
140,39,44.317724254780316
140,40,41.23902030213519
140,41,40.287556578633215
140,42,37.058114742973096
140,43,35.05002534826566
140,44,33.2478532615807
140,45,34.76225565490065
140,46,32.46505220815462
140,47,35.11351836316695
140,48,35.85826010433155
140,49,32.649271871470646
140,50,29.27946086197285
140,51,27.492775151483784
140,52,23.752362034607348
140,53,23.069865347774293
140,54,19.768332643117095
140,55,20.364247620068557
140,56,17.59738283269802
140,57,15.718400811547586
140,58,16.66688165425215
140,59,16.960272908207248
140,60,14.621655138331208
140,61,11.835830438936185
140,62,12.667660018429299
140,63,12.923482801232366
140,64,9.482658580384141
140,65,8.031577691954034
140,66,7.402323762212537
140,67,7.524549806734271
140,68,11.152236273562218
140,69,11.926140019864219
140,70,11.322478926900109
140,71,15.12671004569967
140,72,15.704195518051915
140,73,14.640158530702436
140,74,17.773266844258472
140,75,19.69241119893196
140,76,22.81413976322453
140,77,25.03264549802212
140,78,28.22051742312185
140,79,27.216793854219137
140,80,23.796101467854466
140,81,24.423838879199923
140,82,22.288015236281943
140,83,23.149035991902803
140,84,23.735399103157775
140,85,21.843394408012916
140,86,18.506290979911437
140,87,15.789755170449752
140,88,12.262776453213608
140,89,10.17558591427664
140,90,6.80394543894316
140,91,7.203085557084244
140,92,10.890757812409616
140,93,11.80935452189643
140,94,15.222792590753864
140,95,16.70385783018346
140,96,20.220450625599103
140,97,22.42106352071056
140,98,20.098857747399915
140,99,23.13321665794575
140,100,23.79236466951804
140,101,20.409895897953714
140,102,20.620309849656106
140,103,24.183926337843904
140,104,23.81736600842461
140,105,20.959189574383963
140,106,22.995060603821933
140,107,26.105494407498185
140,108,24.726286628894176
140,109,24.16283732379927
140,110,21.550737907778448
140,111,17.868400095322645
140,112,19.012564823015307
140,113,16.62649152699522
140,114,18.0884410877062
140,115,16.228661657523322
140,116,18.182344471399833
140,117,19.054080960564097
140,118,17.746907164176655
140,119,19.058554224564904
140,120,17.58808086041919
140,121,20.407841127560523
140,122,20.32926165967419
140,123,16.681104147052345
140,124,13.985175907551886
140,125,11.193213778688543
140,126,7.717357739958297
140,127,6.966883123765688
140,128,5.021958116753785
140,129,6.406021894738249
140,130,8.843665315414345
140,131,8.577071656979207
140,132,5.477276201366085
140,133,7.157075335249134
140,134,7.393545926233006
140,135,11.042815763305445
140,136,12.726644506033013
140,137,10.395099315161238
140,138,7.23746004472086
140,139,3.805708471089098
140,141,3.8003970602324797
140,142,6.136120898063235
140,143,8.649115140574649
140,144,7.5352574606907705
140,145,7.9898957427727355
140,146,7.851482892439909
140,147,11.422581304885039
140,148,13.392580615252294
140,149,16.931368850416874
140,150,18.451385663691383
140,151,21.69585321051107
140,152,22.802986166262723
140,153,22.432719228264244
140,154,20.14686270725306
140,155,22.389278032551076
140,156,22.97970123748147
140,157,21.076364483761353
140,158,23.177139929416615
140,159,22.234467377172003
140,160,23.91864125512984
140,161,22.957527077639686
140,162,26.122131599203698
140,163,26.61992453549148
140,164,29.442036320052217
140,165,29.123306308172285
140,166,31.32409501011004
140,167,28.60593484381069
140,168,26.262937118380158
140,169,22.61912306740439
140,170,20.012904330288492
140,171,17.271086691156192
140,172,14.287235476394006
140,173,13.117247033301636
140,174,12.538222924708808
140,175,13.792454113504135
140,176,12.592936723098541
140,177,15.356778846208206
140,178,15.954781663508902
140,179,18.415051077404705
140,180,20.769159427225283
140,181,22.38417743713208
140,182,21.490490095932635
140,183,17.737007309624012
140,184,18.38053547541157
140,185,20.496514713980034
140,186,18.621965555694967
140,187,15.619389532726123
140,188,17.53600561086002
140,189,21.0318978678265
140,190,22.727069422713644
140,191,23.933775844801083
140,192,23.07140096314498
140,193,20.628580387374864
140,194,21.056219995315555
140,195,19.313760508639966
140,196,21.811637160320608
140,197,21.210515146113163
140,198,24.554321064631747
140,199,26.657260862578564
140,200,30.448070326766857
140,201,30.71411940276642
140,202,27.973333688291657
140,203,26.337667779511303
140,204,23.484372882998436
140,205,23.504999623562345
140,206,21.35890327450026
140,207,21.993327946141925
140,208,19.35978333466428
140,209,20.649158524992878
140,210,20.721862165427197
140,211,21.519195907282196
140,212,21.188269994070218
140,213,20.210501730318835
140,214,20.634589826023404
140,215,18.33639577516481
140,216,15.740858037930952
140,217,13.929248584309239
140,218,15.074498817551396
140,219,14.034638103307358
140,220,16.45089249845626
140,221,14.260023757737319
140,222,13.092394229648336
140,223,11.627491311936463
140,224,14.301975697312395
140,225,13.89336922537951
140,226,16.728206873133914
140,227,18.152962615765528
140,228,20.881113289935136
140,229,23.31990821169033
140,230,25.021133873462432
140,231,28.41827278759616
140,232,30.098499803353718
140,233,31.499700845796728
140,234,29.30627253136881
140,235,26.665944048203986
140,236,23.240925024724334
140,237,23.324162044201096
140,238,20.386021035405918
140,239,21.656336090860652
140,240,19.979306419583725
140,241,20.96348916589854
140,242,17.86020815866373
140,243,14.95515688863225
140,244,13.904398689604957
140,245,10.575610345071386
140,246,12.000423096057608
140,247,12.36356491011164
140,248,12.40471635578395
140,249,15.533088764567989
140,250,17.52660640999825
140,251,18.2367029161394
140,252,21.785315315427425
140,253,23.94534480585277
140,254,26.921511905334096
140,255,29.715729565773383
140,256,31.158231754557118
140,257,31.686049924844298
140,258,28.157392324911946
140,259,27.35114996523119
140,260,25.482539690280383
140,261,27.096167758057565
140,262,26.42828570221707
140,263,28.262689810492258
140,264,28.432979449382774
140,265,31.002773592301857
140,266,30.57879498748678
140,267,30.787392803694072
140,268,34.00883255547466
140,269,35.708545450924554
140,270,38.18115710841005
140,271,39.03639711258469
140,272,39.0931744285857
140,273,38.807324147672276
140,274,37.99581172452378
140,275,34.934271711006424
140,276,34.819924634384385
140,277,32.42373508724604
140,278,35.31735286445875
140,279,35.155785740583035
140,280,37.15682494039825
140,281,40.69059905873879
140,282,43.59827586386143
140,283,45.01137580359817
140,284,48.710551771137304
140,285,49.41549379781722
140,286,49.17270209942811
140,287,47.69026075145181
140,288,45.0465587003013
140,289,44.377604949408095
140,290,41.17185963043151
140,291,38.45753996026952
140,292,38.30365846090716
140,293,34.77285846354506
140,294,35.4279271905184
140,295,34.21343727311232
140,296,36.53936231312251
140,297,40.32431355539283
140,298,41.14273893506062
140,299,44.2310121615116
140,300,44.42896325635957
140,301,43.40528173187781
140,302,46.42320740534964
140,303,47.2241053179097
140,304,50.170019219027836
140,305,49.732394298530494
140,306,52.77723016652065
140,307,54.912337163614296
140,308,57.84649550545928
140,309,59.27159792870402
140,310,62.87176144007455
140,311,63.669611044290654
140,312,67.37138670062096
140,313,70.48246282957373
140,314,71.69899321196115
140,315,72.44453846566262
140,316,76.04200565575921
140,317,77.07691501315438
140,318,80.57248603934886
141,1,101.08357702101358
141,2,102.06091320619005
141,3,98.63887507927807
141,4,94.9325873105723
141,5,91.75458698160637
141,6,88.40288605540317
141,7,85.40816208155158
141,8,82.0280900959427
141,9,78.96394672834708
141,10,75.23540499184737
141,11,73.21224561100257
141,12,71.7755377404854
141,13,69.56123194729385
141,14,70.04381101535984
141,15,66.69447480138003
141,16,64.95726474430252
141,17,61.897571960374925
141,18,61.56698550065257
141,19,60.076589190396135
141,20,60.02627509390612
141,21,61.67305955576252
141,22,62.37792525389443
141,23,65.32601345916858
141,24,64.79570068288896
141,25,62.09637254284687
141,26,63.19042807763489
141,27,65.23800170885107
141,28,65.84754138493878
141,29,65.12327763042123
141,30,65.42162842470938
141,31,61.74048539470677
141,32,58.387403959935604
141,33,54.771254448154316
141,34,51.60010896804077
141,35,49.51665957399299
141,36,46.57827354898371
141,37,43.88581560496673
141,38,43.14220993956025
141,39,41.70392941887869
141,40,38.638978155116256
141,41,37.84629683781252
141,42,34.71536438786969
141,43,32.61860330478832
141,44,30.55115575457618
141,45,31.980613692938686
141,46,29.634287999473226
141,47,32.10492361004675
141,48,32.67188264264427
141,49,29.360568611301
141,50,26.065273886888207
141,51,24.417810416382014
141,52,20.76093681098923
141,53,20.4382133025525
141,54,17.20207958816256
141,55,18.383280483780883
141,56,15.97392336016251
141,57,13.467362220827559
141,58,13.946045184310087
141,59,13.669422170072917
141,60,11.321452357874055
141,61,8.900916624417983
141,62,9.39396261547969
141,63,9.190919642307074
141,64,5.769144621271942
141,65,4.685646705233942
141,66,5.380428766774373
141,67,6.915770806980778
141,68,10.293060987742034
141,69,9.839962104678586
141,70,9.362590099713838
141,71,13.095837301863256
141,72,12.894957129075964
141,73,11.687582884734733
141,74,14.59435899749312
141,75,16.46826357943249
141,76,19.38439460582652
141,77,21.596987041294526
141,78,24.714683394075973
141,79,23.840548686982924
141,80,20.534253182126726
141,81,21.500378199235772
141,82,19.606181923358445
141,83,20.960864997703897
141,84,21.925510657711765
141,85,20.478912891596337
141,86,16.875316715944937
141,87,14.646714390593198
141,88,11.252652044370587
141,89,10.282088890392508
141,90,7.217749772978743
141,91,7.962547821994011
141,92,10.954047370375687
141,93,10.804706719543537
141,94,13.684157691591894
141,95,14.40746619133209
141,96,17.960503518665256
141,97,19.726514862715334
141,98,17.2899682728607
141,99,20.099758923617248
141,100,20.526579222479477
141,101,17.01012290003303
141,102,17.19729255890276
141,103,20.653993345158426
141,104,20.136410845568278
141,105,17.20882966231648
141,106,19.325130415575426
141,107,22.358690524151445
141,108,20.929459543062993
141,109,20.446168663701823
141,110,17.878909032931222
141,111,14.228365086369164
141,112,15.573162515191324
141,113,13.360817568448423
141,114,15.239396827294343
141,115,13.946989240386769
141,116,16.18442992353207
141,117,17.724668162862667
141,118,16.621958356926783
141,119,18.63218009560485
141,120,17.663779979137527
141,121,20.929071482679962
141,122,21.460391566860334
141,123,18.007446293420234
141,124,15.827445918444488
141,125,12.58944666747212
141,126,9.485843649353367
141,127,9.631468363122409
141,128,8.614496668280244
141,129,9.899816508121681
141,130,12.16375892132455
141,131,11.013366555065376
141,132,7.758884892323338
141,133,9.77888393637243
141,134,9.303086014274108
141,135,13.040528846406168
141,136,15.429566652526562
141,137,13.64430725058618
141,138,10.815247991398362
141,139,7.221121911063771
141,140,3.8003970602324797
141,142,3.7962787675458
141,143,5.560357994555861
141,144,5.366917325163987
141,145,7.5943486786927865
141,146,8.774355207138148
141,147,12.505029106562871
141,148,15.205928017697468
141,149,18.894981684073908
141,150,20.4925273229787
141,151,23.97620607246575
141,152,25.07581047347121
141,153,24.198620147861227
141,154,21.478198754612947
141,155,23.207481799419867
141,156,23.2169965118305
141,157,20.928313621743396
141,158,22.477315496371304
141,159,21.15080417718816
141,160,22.29231605926923
141,161,20.9253825044044
141,162,23.783380546007024
141,163,23.877649665273918
141,164,26.73758948973739
141,165,26.133909037014337
141,166,28.093674674262747
141,167,25.20956759097676
141,168,22.828526801288454
141,169,19.27593300326304
141,170,16.552163237589607
141,171,14.105297954825971
141,172,11.11855206602042
141,173,10.715642629117403
141,174,10.87600699747706
141,175,13.071791158982197
141,176,12.875159673970659
141,177,15.87745585784948
141,178,17.31503912798895
141,179,19.972637964353563
141,180,22.652284673973668
141,181,24.230552398403574
141,182,23.839608143022662
141,183,20.057075957179322
141,184,20.169961349072846
141,185,22.535948226644955
141,186,21.15106453821472
141,187,17.849422000966253
141,188,19.151210377122844
141,189,22.84896258331234
141,190,24.042542516059864
141,191,25.250877577292293
141,192,23.84053272153542
141,193,21.06079933861737
141,194,20.810736323810687
141,195,18.510509170962553
141,196,20.50359080170321
141,197,19.354337592484427
141,198,22.444672376678966
141,199,24.22779454861041
141,200,27.999205345012346
141,201,28.055987466520712
141,202,25.460695474742252
141,203,24.219856821192714
141,204,21.503117393370506
141,205,22.087222196480866
141,206,20.2815721899939
141,207,21.54390384961527
141,208,19.327849686191094
141,209,20.879270770779605
141,210,21.61692877650064
141,211,22.429124564997174
141,212,22.410627725808453
141,213,21.00302316463254
141,214,21.451457747953075
141,215,19.553378858566322
141,216,16.61305670482422
141,217,15.309599104920727
141,218,17.116988145904074
141,219,15.881413523833404
141,220,17.895805053034593
141,221,15.49644379455145
141,222,13.423747253589362
141,223,11.163141562682451
141,224,12.948713095250374
141,225,11.625524225168544
141,226,14.151808486526512
141,227,15.11312391893068
141,228,17.86750037532998
141,229,20.065899443643325
141,230,21.949952653670685
141,231,25.221345795155166
141,232,26.992351747368193
141,233,28.666769186003798
141,234,26.57916595429414
141,235,24.24010575513802
141,236,20.92675825313505
141,237,21.51331339515951
141,238,18.943069012035163
141,239,20.75457522935079
141,240,19.630731620693478
141,241,21.267082772595675
141,242,18.451249391099864
141,243,15.416755138490364
141,244,13.649393592875828
141,245,9.91279741877244
141,246,10.754345727921914
141,247,10.152115457090005
141,248,10.354610429513496
141,249,12.90031900995701
141,250,14.356200239049684
141,251,14.689882204418579
141,252,18.208226462619105
141,253,20.23425528793054
141,254,23.164418726582465
141,255,25.92067718038773
141,256,27.38041180470756
141,257,27.970073369048215
141,258,24.483441672376046
141,259,23.773939729518105
141,260,22.111988309702802
141,261,23.996434331017294
141,262,23.68002486823191
141,263,25.728253118105556
141,264,26.276319965392958
141,265,28.722869259327233
141,266,28.412785444692357
141,267,28.3857228193551
141,268,31.639720868075337
141,269,33.252402131583764
141,270,35.505775384375106
141,271,36.10396034795492
141,272,36.03166014818697
141,273,35.53868518893237
141,274,34.77520049403192
141,275,31.833586469499952
141,276,31.85731659319781
141,277,29.685320036924036
141,278,32.75207190799464
141,279,32.48419074105524
141,280,34.290737849576125
141,281,37.76071196033121
141,282,40.562641761758485
141,283,41.803116984255745
141,284,45.52796104022618
141,285,46.238410885795524
141,286,45.88451436717735
141,287,44.509894594833746
141,288,42.00074835842582
141,289,41.510572839137645
141,290,38.38960862487069
141,291,35.59417236127179
141,292,35.274508985927504
141,293,31.687885689925853
141,294,32.20073326928674
141,295,30.84106533012093
141,296,33.09102555774205
141,297,36.87519527688678
141,298,37.80697685871701
141,299,40.944088958332884
141,300,41.13011213350862
141,301,40.26385138588646
141,302,43.373701720403695
141,303,44.36070290873273
141,304,47.32895212516363
141,305,47.006703354493496
141,306,49.96820232421197
141,307,51.95240705697315
141,308,54.880791483581355
141,309,56.17206556491821
141,310,59.78768703128799
141,311,60.558830709895666
141,312,64.28962094918596
141,313,67.39415395536871
141,314,68.69013850686137
141,315,69.5501510818844
141,316,73.17919960054074
141,317,74.32285812521452
141,318,77.84919451065204
142,1,100.75326397635497
142,2,101.7260781407945
142,3,98.35066637410989
142,4,94.63976795448885
142,5,91.54655438966616
142,6,88.14025122032093
142,7,85.2515205661501
142,8,81.85256849841284
142,9,78.8724153190005
142,10,75.14503674136779
142,11,73.1355670502482
142,12,71.86562396337816
142,13,69.70103311228225
142,14,70.33506145825518
142,15,67.09063570135979
142,16,65.33044722850555
142,17,62.36379609165949
142,18,62.19941005342203
142,19,60.66579514148234
142,20,60.729399407083676
142,21,62.312449552732424
142,22,63.11275875707502
142,23,66.16836291649517
142,24,65.66127531985192
142,25,63.06156252711045
142,26,64.03091311025003
142,27,65.8905280988049
142,28,66.38530438483276
142,29,65.45045849425689
142,30,65.5867209887198
142,31,61.85579446880143
142,32,58.556641250747376
142,33,54.87156193900487
142,34,51.85727493891165
142,35,49.755205979734335
142,36,47.00497533581904
142,37,44.21683478706981
142,38,43.73590412363831
142,39,42.177861379263454
142,40,38.955513154652174
142,41,37.98966668725544
142,42,35.091047769399765
142,43,32.651945546755066
142,44,30.364998891160095
142,45,31.35764101795867
142,46,28.663874440765973
142,47,30.904614284891306
142,48,31.370281025202832
142,49,28.213330770912915
142,50,24.75177725358018
142,51,23.5593046222876
142,52,19.948229009340032
142,53,20.135994718336658
142,54,17.357061188891187
142,55,18.805613297542024
142,56,17.004667961822612
142,57,14.455545050142991
142,58,15.20767809176923
142,59,14.319470447631979
142,60,12.647378104965627
142,61,10.482596644765835
142,62,9.508545186313837
142,63,9.137878155142657
142,64,6.769260645509439
142,65,4.694171586917114
142,66,7.0277171978299435
142,67,7.405824293640348
142,68,10.748001748462977
142,69,9.738492588105023
142,70,7.870082283720735
142,71,11.41761294362067
142,72,11.36650841057093
142,73,9.280994303194552
142,74,11.998127779998274
142,75,14.440863793366544
142,76,17.62869410164243
142,77,20.333503674515143
142,78,23.702353016828397
142,79,23.35336515047386
142,80,20.34121044826948
142,81,21.755514551272235
142,82,20.47252040249728
142,83,22.105012931516164
142,84,23.625090857820894
142,85,22.165967063004548
142,86,18.592996975901038
142,87,16.935379006610244
142,88,13.949627030409875
142,89,13.022555338735543
142,90,10.481741068160366
142,91,11.707825690944308
142,92,14.714290811989416
142,93,14.356284140956646
142,94,16.916800687432225
142,95,17.05976125504963
142,96,20.474900008190506
142,97,21.833915210364122
142,98,19.396505300315027
142,99,21.82714952447113
142,100,21.83004556132949
142,101,18.10962990766779
142,102,18.238541268052444
142,103,21.351813210105476
142,104,20.341072756553555
142,105,17.116216544625775
142,106,19.264932225680315
142,107,22.038454670639087
142,108,20.069199499103007
142,109,19.37574168536347
142,110,16.32440884990046
142,111,12.537944491379424
142,112,13.129468289347935
142,113,10.702980419422044
142,114,12.308842326203417
142,115,10.953416419936259
142,116,13.645067393385071
142,117,15.367795296158317
142,118,15.003513927077943
142,119,17.27214454449123
142,120,17.02666044099473
142,121,20.38639572425009
142,122,21.407382594159085
142,123,18.27118246692541
142,124,16.043044242356256
142,125,12.41212496041147
142,126,9.369396668310365
142,127,10.891843150516717
142,128,10.462083382474399
142,129,12.518941816921185
142,130,14.658082885481068
142,131,14.080378890813803
142,132,10.478269876946225
142,133,11.39422439323182
142,134,9.604507248252803
142,135,12.922181064404697
142,136,15.817305871111444
142,137,14.314268743823801
142,138,12.183382973880283
142,139,8.418399608633113
142,140,6.136120898063235
142,141,3.7962787675458
142,143,3.8171192725822856
142,144,5.726390168126995
142,145,7.793721018232872
142,146,10.2259653293512
142,147,13.508270865674882
142,148,16.571897544324248
142,149,20.041999209344795
142,150,21.029154144633246
142,151,24.56093354468586
142,152,26.157831193848747
142,153,25.22080817636609
142,154,22.55260540495514
142,155,23.94844138519828
142,156,23.997593608802728
142,157,21.28072573862347
142,158,22.473066773337255
142,159,20.587955101884653
142,160,21.418130224645118
142,161,19.58786934380889
142,162,22.298546160194842
142,163,22.21096917379268
142,164,24.703747302564135
142,165,23.945224952146948
142,166,26.065569410187372
142,167,23.399036263904318
142,168,21.4769418946561
142,169,17.927163135831748
142,170,15.7704821927531
142,171,13.65674479328688
142,172,11.496537216279878
142,173,11.805332049564601
142,174,13.013874880393349
142,175,15.623805080091154
142,176,15.877628600916852
142,177,19.16714303928129
142,178,20.629105486963223
142,179,23.46759645373331
142,180,25.94902600635827
142,181,27.257846762852907
142,182,26.69064491017894
142,183,22.969550555576564
142,184,22.93158713206088
142,185,24.940965956800518
142,186,23.41163558203576
142,187,20.00029576627881
142,188,21.110733200317835
142,189,24.802273987484636
142,190,26.102096973519956
142,191,27.719224120572044
142,192,26.327362135416603
142,193,23.291058945761733
142,194,22.79652024488865
142,195,20.17395612203176
142,196,21.72757633324973
142,197,20.09105196713382
142,198,22.83970630406426
142,199,24.15241270736875
142,200,27.856814403872058
142,201,28.21028634086333
142,202,26.026991954006863
142,203,25.139704591977416
142,204,22.866535407405653
142,205,23.80014671931228
142,206,22.49185447219972
142,207,24.053050771892494
142,208,22.18563606854806
142,209,24.092140261784667
142,210,24.930891362395066
142,211,25.986291039525852
142,212,26.101051143952578
142,213,24.77600885117046
142,214,25.242049208383335
142,215,23.285633175162555
142,216,20.283425780121433
142,217,18.75416960354093
142,218,20.57201200382984
142,219,19.525619974216042
142,220,21.632688401185433
142,221,19.164250460600172
142,222,17.09165923030366
142,223,14.570342140277193
142,224,15.95229493510881
142,225,14.037654695730057
142,226,15.855331595843344
142,227,15.964128996068563
142,228,18.151076812662478
142,229,19.766126260867047
142,230,21.211136212251553
142,231,24.2450528522871
142,232,25.546879238157683
142,233,27.281442501260692
142,234,25.610250640071744
142,235,23.329245216783463
142,236,20.33839282258094
142,237,21.315802216843625
142,238,19.165745473004815
142,239,21.4118502894515
142,240,20.78877081339725
142,241,22.660136244312557
142,242,20.257425458703217
142,243,17.666025842151637
142,244,15.341901973503091
142,245,11.64993928117838
142,246,11.263293796367384
142,247,9.703247904455154
142,248,8.552151020366159
142,249,10.874603520544804
142,250,12.619509424778574
142,251,13.004666999600339
142,252,16.32350903339426
142,253,18.888310271071123
142,254,21.764954379944825
142,255,24.8356146368236
142,256,26.290838627603446
142,257,27.123677349557596
142,258,23.775627651437627
142,259,23.647950217026263
142,260,22.406851328573083
142,261,24.60730628251124
142,262,24.74285795428436
142,263,26.627938245404795
142,264,27.21753907521062
142,265,29.25487311812737
142,266,28.560528651425336
142,267,28.055656858464157
142,268,31.04738969476376
142,269,32.25245720544418
142,270,34.56044201140737
142,271,35.09440928468315
142,272,35.31646754715895
142,273,34.83566635792221
142,274,34.47967746822216
142,275,31.779442087187842
142,276,32.25340916066692
142,277,30.397454795100057
142,278,33.44788425685344
142,279,32.75109998962275
142,280,34.22103585859485
142,281,37.73504355304428
142,282,40.2957446997036
142,283,41.50666731572277
142,284,45.179155296226035
142,285,46.174621575333624
142,286,45.910809677855255
142,287,44.832841681419445
142,288,42.47396262421008
142,289,42.29879134884501
142,290,39.15631584421705
142,291,36.485225437021825
142,292,36.193003942922644
142,293,32.48797884424941
142,294,32.560730602024215
142,295,30.795408042603828
142,296,32.66845074554566
142,297,36.41645939038423
142,298,37.69555691084794
142,299,41.02295179451102
142,300,41.468915024810634
142,301,40.923737142242224
142,302,44.21373891693138
142,303,45.47146170888148
142,304,48.32224582504345
142,305,47.93730632980539
142,306,50.70921032834021
142,307,52.55181638717059
142,308,55.32976077772347
142,309,56.420395366302536
142,310,59.97988827732959
142,311,60.526455190807155
142,312,64.28129959080124
142,313,67.48166072150343
142,314,68.9705865572378
142,315,69.85689469178575
142,316,73.5394815262928
142,317,74.68790260089743
142,318,78.17933889570172
143,1,100.24203483893639
143,2,101.07663510671001
143,3,97.65915052071435
143,4,93.98258601857108
143,5,90.87679750862699
143,6,87.41959516724302
143,7,84.5413349611439
143,8,81.07043647134685
143,9,78.16534943943142
143,10,74.47375679236345
143,11,72.6299860331945
143,12,71.45574130925274
143,13,69.45695532803741
143,14,70.23901513068225
143,15,66.98269394756078
143,16,65.03125869566487
143,17,61.978725601387424
143,18,61.67135434073814
143,19,59.926384594351724
143,20,59.79969035546767
143,21,61.17510997238403
143,22,61.794006547952016
143,23,64.93945092803436
143,24,64.64380658164094
143,25,62.1845080213316
143,26,63.308237277203
143,27,65.14873529465372
143,28,65.80860173759653
143,29,64.82603807446476
143,30,65.09567510212503
143,31,61.3773474406707
143,32,57.9892586539823
143,33,54.31089408237745
143,34,51.306184414955084
143,35,48.97319675642755
143,36,46.32018504535281
143,37,43.72873566170432
143,38,43.46242090496918
143,39,42.18804969962556
143,40,39.09026592059065
143,41,38.43640458120941
143,42,35.62991298974706
143,43,33.215839084540775
143,44,30.63194400618979
143,45,31.56471561553528
143,46,28.867336506526286
143,47,30.77826156158511
143,48,30.898785117409517
143,49,27.571562435916867
143,50,24.3126358865092
143,51,23.42489865562969
143,52,20.06155028744524
143,53,20.771697691541615
143,54,18.102323023753865
143,55,20.17333054602291
143,56,18.631098791230336
143,57,15.53353936157255
143,58,15.39672456895537
143,59,13.71338316191271
143,60,11.690740728674253
143,61,10.672306961553685
143,62,9.659362645378906
143,63,7.772750350854607
143,64,5.694740195585106
143,65,5.8186008651292
143,66,9.070627178582704
143,67,10.593974130189347
143,68,13.543947113912912
143,69,11.700638476980217
143,70,10.211487654146417
143,71,13.299705210655766
143,72,12.175369892389883
143,73,9.612144341731819
143,74,11.307722645185573
143,75,14.025113517412741
143,76,16.683881398650666
143,77,19.461917498290788
143,78,22.59366623851251
143,79,22.53409149735304
143,80,19.804599897005357
143,81,21.707321487383066
143,82,20.627885169073807
143,83,22.799563293877068
143,84,24.43727062768022
143,85,23.543386913549426
143,86,19.805888693690058
143,87,18.36906923379963
143,88,15.39339921573414
143,89,15.236295643493365
143,90,12.536206832860072
143,91,13.021130505034938
143,92,15.416881906067566
143,93,14.113275648217106
143,94,15.978602294976573
143,95,15.399070850655455
143,96,18.45034104505656
143,97,19.62381871353037
143,98,17.590196455657708
143,99,19.970004681801786
143,100,19.405417234779105
143,101,15.624744120908625
143,102,16.346260751099475
143,103,19.18907988402117
143,104,17.70306758465353
143,105,14.750821582288715
143,106,17.437124280800713
143,107,19.816402494913287
143,108,17.634260219825073
143,109,17.56326912371465
143,110,14.546145041911942
143,111,10.838670520878413
143,112,11.216509505522657
143,113,8.331225946820739
143,114,9.81186902666958
143,115,8.679998782851735
143,116,11.048114040568091
143,117,13.209860532086106
143,118,12.642989731006057
143,119,15.425971985706397
143,120,15.464355018568833
143,121,19.105354645962233
143,122,20.596339212879123
143,123,17.73951318488385
143,124,16.245658957502222
143,125,12.588594017523091
143,126,10.457338122635079
143,127,12.18208956358526
143,128,12.646972719040292
143,129,14.858343423229952
143,130,17.458101602129293
143,131,16.556523277546425
143,132,13.267743033512128
143,133,14.808054531198431
143,134,13.359919259454445
143,135,16.73573291067212
143,136,19.56705708612229
143,137,17.852035040489433
143,138,15.404734137637103
143,139,11.617682869632612
143,140,8.649115140574649
143,141,5.560357994555861
143,142,3.8171192725822856
143,144,3.822213663357149
143,145,6.891876270702086
143,146,10.038338137849353
143,147,12.99039140557462
143,148,16.501148808377554
143,149,19.960804920216052
143,150,21.100535773397063
143,151,24.78768334312046
143,152,26.236545041075274
143,153,24.764019142206333
143,154,21.72634483299994
143,155,22.590785351149787
143,156,22.102263278966163
143,157,19.141128095614867
143,158,19.847453568187557
143,159,17.759884994569603
143,160,18.209874537672697
143,161,16.23985680086492
143,162,18.80938520167979
143,163,18.643248492917202
143,164,21.327662168064403
143,165,20.649400362774827
143,166,22.73300649749956
143,167,20.031728793479285
143,168,17.917904807439143
143,169,14.291638235984012
143,170,12.121838824853848
143,171,9.873232499973708
143,172,8.021014929365474
143,173,8.76441687737356
143,174,10.82055560264062
143,175,13.948637685117042
143,176,15.087013442940684
143,177,18.578618558253737
143,178,20.611644084502842
143,179,23.742289334084607
143,180,26.244295396816245
143,181,27.263776537816206
143,182,27.125539339063394
143,183,23.48567143285886
143,184,22.834383241010592
143,185,24.894756521972255
143,186,23.886534468584294
143,187,20.232997706542715
143,188,20.665748150601548
143,189,24.434899274551906
143,190,25.243926236712223
143,191,26.94655361579856
143,192,25.138301625766395
143,193,21.827697910148355
143,194,20.772067479431684
143,195,17.759587968218618
143,196,18.818267007839626
143,197,16.7995313856274
143,198,19.316849145525875
143,199,20.442662667969536
143,200,24.120781325557818
143,201,24.466672854489133
143,202,22.405892121574276
143,203,21.72032816510885
143,204,19.69355723722398
143,205,20.972696687339344
143,206,20.10924596770169
143,207,22.117459832050947
143,208,20.77597813090711
143,209,23.072074963805946
143,210,24.415535491039805
143,211,25.755966871214156
143,212,26.37061289836937
143,213,25.038016918155716
143,214,25.89595274906018
143,215,24.44561898859957
143,216,21.554003272907654
143,217,20.64386136426542
143,218,22.501552110792623
143,219,20.92992691725351
143,220,22.467002402264715
143,221,19.60718076225868
143,222,17.03907803302512
143,223,13.908506227478927
143,224,14.462131477104402
143,225,11.951742874758372
143,226,13.021550262372143
143,227,12.619083930019807
143,228,14.495294715270656
143,229,16.028306980184695
143,230,17.40284032457709
143,231,20.48710184085637
143,232,21.88482063761965
143,233,23.60334897164236
143,234,21.85157381713234
143,235,19.655468061918484
143,236,16.691698714976663
143,237,17.915380921043717
143,238,16.060513618633145
143,239,18.664193089215786
143,240,18.543469530514027
143,241,20.907243558081394
143,242,18.91155880899317
143,243,16.480503581140074
143,244,13.586875076183862
143,245,9.996880940911641
143,246,8.824742163700657
143,247,6.418965650136746
143,248,5.688674678106408
143,249,7.516687240731912
143,250,9.034254108284674
143,251,9.78065280426277
143,252,13.345759281428382
143,253,15.833178445281291
143,254,19.010421726401187
143,255,22.15745604406486
143,256,24.01216013072354
143,257,25.2246119276725
143,258,22.08394849492424
143,259,22.118136072124063
143,260,21.33198954007536
143,261,23.94546654331264
143,262,24.504213863960185
143,263,26.800625911629922
143,264,27.9080625383741
143,265,29.914546741485278
143,266,29.51512407828004
143,267,28.82519045801363
143,268,31.85552887063937
143,269,32.96452458329247
143,270,34.926397283566715
143,271,35.048797007460955
143,272,35.0112706115686
143,273,34.12581770003566
143,274,33.77717194991959
143,275,31.27740304473484
143,276,31.819368384304298
143,277,30.243969847879473
143,278,33.53796005454298
143,279,32.874266028688034
143,280,34.12095311877638
143,281,37.466003335585015
143,282,39.888441662907475
143,283,40.76029930963205
143,284,44.47421795955717
143,285,45.3690994972235
143,286,44.8186559722036
143,287,43.83089363440822
143,288,41.69630109532747
143,289,41.68134119198819
143,290,38.752483579785306
143,291,35.877994533822566
143,292,35.20511934273767
143,293,31.533317749862892
143,294,31.575035151810127
143,295,29.69724325788405
143,296,31.494698994330648
143,297,35.21215706233169
143,298,36.62920811391777
143,299,39.94766779019911
143,300,40.198267069572395
143,301,39.815151582597665
143,302,43.138243832358484
143,303,44.565492792760494
143,304,47.5404317888311
143,305,47.435428247634654
143,306,50.158685023029506
143,307,51.7861164370083
143,308,54.62953727982158
143,309,55.558679366248725
143,310,59.162622810007676
143,311,59.762011516742284
143,312,63.548035468547056
143,313,66.67847558063447
143,314,68.2183197520773
143,315,69.30386803671733
143,316,73.00288173693632
143,317,74.33614411271233
143,318,77.88621629446489
144,1,103.00658244493515
144,2,103.80896792695808
144,3,100.34888930578806
144,4,96.68486149493255
144,5,93.5180087130596
144,6,90.08421959093847
144,7,87.13588798357668
144,8,83.65776633279802
144,9,80.71504097401565
144,10,77.03253350650732
144,11,75.22123731767832
144,12,73.94860530091297
144,13,71.94776525496577
144,14,72.64321350593494
144,15,69.30317530391062
144,16,67.33243980495692
144,17,64.18693574249086
144,18,63.70816053645633
144,19,61.94007838520979
144,20,61.65482141534579
144,21,63.00946602343891
144,22,63.469834310999914
144,23,66.55607011637447
144,24,66.32299323658324
144,25,63.823349455589614
144,26,65.11021174862371
144,27,67.10810177774069
144,28,67.91127827257631
144,29,67.08516918486646
144,30,67.5134154906844
144,31,63.83503611237632
144,32,60.384709070682064
144,33,56.759398045597564
144,34,53.63822308475095
144,35,51.257301292705584
144,36,48.483219934240324
144,37,46.01771605682824
144,38,45.5883149744166
144,39,44.45947569702487
144,40,41.49756447542549
144,41,40.99758126934226
144,42,38.0220318967755
144,43,35.85177510958322
144,44,33.39749714567625
144,45,34.60294065118274
144,46,32.096461631718505
144,47,34.10340744969439
144,48,34.22694383845263
144,49,30.790684113353592
144,50,27.649116631163004
144,51,26.55537871788458
144,52,23.17316745318561
144,53,23.588665801694013
144,54,20.599655305565275
144,55,22.453612612460176
144,56,20.414382184808368
144,57,17.389320779935918
144,58,16.99242017163798
144,59,15.6813577697002
144,60,12.908338593020323
144,61,11.948002050085796
144,62,12.0757089196812
144,63,10.085490966012228
144,64,6.9970719076963235
144,65,7.985921133957621
144,66,10.224830519849391
144,67,12.02095446928003
144,68,15.310995060670392
144,69,14.080737687118884
144,70,13.082851432266908
144,71,16.500261434041935
144,72,15.537224557898499
144,73,13.306487013207196
144,74,15.074648797548235
144,75,17.656144838754656
144,76,20.142242496841334
144,77,22.699483005740653
144,78,25.635122658731643
144,79,25.32585906957844
144,80,22.453054294053654
144,81,24.1127376027437
144,82,22.574992077871475
144,83,24.559724876343424
144,84,25.699402985913927
144,85,24.802942612653624
144,86,21.049785907617238
144,87,19.03872690344265
144,88,15.6410879454084
144,89,15.242830369591811
144,90,11.929205365095898
144,91,11.319485195546317
144,92,13.664317622180942
144,93,12.3104466111104
144,94,14.31432732705689
144,95,14.189718954170731
144,96,17.088386457675067
144,97,18.92420188075316
144,98,17.332893282202075
144,99,20.248061664379925
144,100,19.73624612353314
144,101,16.13713152051267
144,102,17.415935565184586
144,103,20.450121541251534
144,104,19.102005448916895
144,105,16.64186719234536
144,106,19.58446735515673
144,107,21.95206282357284
144,108,20.043981729770863
144,109,20.42166953182134
144,110,17.702055639164442
144,111,14.133206314447218
144,112,14.666241327973916
144,113,11.612563607043253
144,114,12.520838912523104
144,115,10.719792462149497
144,116,12.010401832556923
144,117,13.373048528285038
144,118,11.755211803581311
144,119,13.986482685963557
144,120,13.182060678716752
144,121,16.72733240301917
144,122,17.82415481411719
144,123,14.760157153878422
144,124,13.495285816219015
144,125,10.142911287547545
144,126,8.44595428414877
144,127,9.52562279462469
144,128,10.578048568892719
144,129,12.890953855063138
144,130,16.014869984446307
144,131,15.233717126092941
144,132,12.48989124690456
144,133,14.559616992149268
144,134,13.935435009279725
144,135,17.514854072298377
144,136,19.76876608253033
144,137,17.44738956704531
144,138,14.462669727334907
144,139,10.892823296335813
144,140,7.5352574606907705
144,141,5.366917325163987
144,142,5.726390168126995
144,143,3.822213663357149
144,145,3.811335838091219
144,146,6.529372227145431
144,147,9.539283195713342
144,148,13.021821102072535
144,149,16.571709425635543
144,150,18.089523762629327
144,151,21.791799924486135
144,152,22.923213434998132
144,153,21.360557096768982
144,154,18.239505874621184
144,155,19.27643570382866
144,156,18.841676394078796
144,157,16.17721997956594
144,158,17.347562237367576
144,159,15.849103461618823
144,160,16.937907243895403
144,161,15.733819568692045
144,162,18.759483056573767
144,163,19.248038215187563
144,164,22.262754973671207
144,165,22.161809234387597
144,166,24.412082626566768
144,167,21.815373125935675
144,168,19.330194590543375
144,169,15.592287907637902
144,170,13.204688746293165
144,171,10.0906733522801
144,172,7.654940716069059
144,173,6.634542336399626
144,174,7.898709400064289
144,175,10.570216723153578
144,176,11.552995179477692
144,177,15.186504171945142
144,178,17.15547969545
144,179,20.459879857483394
144,180,22.7762150744033
144,181,23.599403751320338
144,182,23.533538277985492
144,183,19.96108824210933
144,184,19.109086257742817
144,185,21.15570521185734
144,186,20.325851759321996
144,187,16.620477460498428
144,188,16.91284858722965
144,189,20.697888775838873
144,190,21.445425886932746
144,191,23.12649036776898
144,192,21.369744435435898
144,193,18.09555372741319
144,194,17.260655792360843
144,195,14.492340900990607
144,196,16.030862344753125
144,197,14.60081994111636
144,198,17.602525991974055
144,199,19.36031035037137
144,200,23.136512598016377
144,201,23.579323281759404
144,202,21.137109320386468
144,203,19.852886621877765
144,204,17.530206161249605
144,205,18.245653800109785
144,206,17.091341075567023
144,207,18.767244669945406
144,208,17.30424662799397
144,209,19.710960043468393
144,210,20.93810954060928
144,211,22.53396879615811
144,212,23.373404447484855
144,213,22.396284566062043
144,214,23.66652700005952
144,215,22.40665088183457
144,216,19.922435733647585
144,217,19.310141113549843
144,218,20.69179942819607
144,219,18.64706757203193
144,220,19.848837566088065
144,221,16.690962460287732
144,222,14.275996379158478
144,223,11.080172338388868
144,224,11.951499298794559
144,225,10.09066909338899
144,226,11.459424246614688
144,227,11.931020131969145
144,228,13.982047961724957
144,229,16.27746987595247
144,230,17.633484944760426
144,231,21.0935751079838
144,232,22.74888671716939
144,233,24.01666210774819
144,234,21.771991185627776
144,235,19.169043886218066
144,236,15.793314448002196
144,237,16.24425368351271
144,238,13.752960032995416
144,239,15.832897172391792
144,240,15.215948928332995
144,241,17.34634319441396
144,242,15.16128001083224
144,243,12.684368625162087
144,244,9.907441731867197
144,245,6.262615434876023
144,246,5.700280704182067
144,247,4.893776823903975
144,248,5.824802773330038
144,249,8.676516601759193
144,250,10.646568227740477
144,251,12.159373132369229
144,252,15.903008206543262
144,253,18.06014033768214
144,254,21.483495924443222
144,255,24.491594291630534
144,256,26.605346769810634
144,257,27.86945482518386
144,258,24.74494928275279
144,259,24.43474321017199
144,260,23.482373818897948
144,261,25.95739862157568
144,262,26.224875039709808
144,263,28.73356163822075
144,264,29.847698612995345
144,265,32.183387762466545
144,266,32.06067487443618
144,267,31.68992031674292
144,268,34.885752420948755
144,269,36.224115209801866
144,270,38.160342253015386
144,271,38.28822988230384
144,272,38.05068305035791
144,273,37.07894362298758
144,274,36.4701668298726
144,275,33.846701265997325
144,276,34.06545130906142
144,277,32.28849789511881
144,278,35.63675350209296
144,279,35.31137802505646
144,280,36.773670463408585
144,281,40.063466381056045
144,282,42.6281975132442
144,283,43.44305883688734
144,284,47.20271827919812
144,285,47.87277041956296
144,286,47.16668568275005
144,287,45.980124736671456
144,288,43.794825546344
144,289,43.55982933343148
144,290,40.7037118030176
144,291,37.66806240950939
144,292,36.84864478497249
144,293,33.29569116600954
144,294,33.7014732256128
144,295,32.10219958527306
144,296,34.140583314476935
144,297,37.86915925822737
144,298,39.0898695689144
144,299,42.263234823724346
144,300,42.237741049020244
144,301,41.645610421601766
144,302,44.82056663577026
144,303,46.05850946370355
144,304,49.18591120144613
144,305,49.220165014483584
144,306,52.09686621338614
144,307,53.78345950477624
144,308,56.77038126178472
144,309,57.810832223987056
144,310,61.471522745170546
144,311,62.25377765133607
144,312,66.0309932040936
144,313,69.07040732056686
144,314,70.47790761431229
144,315,71.59790419086252
144,316,75.25924702607419
144,317,76.63311294932197
144,318,80.22340967042268
145,1,106.7813034555108
145,2,107.59007075368511
145,3,104.13632193696857
145,4,100.47071851954976
145,5,97.31245250974291
145,6,93.87456006812013
145,7,90.93522836769414
145,8,87.45640692155047
145,9,84.5184049092704
145,10,80.83476643004133
145,11,79.01539313440189
145,12,77.74138100399604
145,13,75.72243717451235
145,14,76.39576246548766
145,15,73.05339100155665
145,16,71.10947200065331
145,17,67.96749022792639
145,18,67.48529953423568
145,19,65.72891023273368
145,20,65.42674994699954
145,21,66.77489056580966
145,22,67.19800961601317
145,23,70.27653460925441
145,24,70.06175465683161
145,25,67.55166750670442
145,26,68.86458415353952
145,27,70.88941876800345
145,28,71.70039662459206
145,29,70.88952467508528
145,30,71.31284678306064
145,31,67.63233811268593
145,32,64.18814827385745
145,33,60.56096111511751
145,34,57.43870274033877
145,35,55.06744764120695
145,36,52.283785806856926
145,37,49.80952475175242
145,38,49.34205952917486
145,39,48.1749277629913
145,40,45.189865547370594
145,41,44.60876466835542
145,42,41.60287583126901
145,43,39.41719199135521
145,44,37.02758419875512
145,45,38.19056830868213
145,46,35.60669818282729
145,47,37.62132032966785
145,48,37.762496639238336
145,49,34.39014057598198
145,50,31.174789288038667
145,51,30.15587018419346
145,52,26.724117242587905
145,53,27.077508182585056
145,54,24.072447951654933
145,55,25.68809052594216
145,56,23.46974246042217
145,57,20.694110432096803
145,58,20.54319043405226
145,59,19.434224832658742
145,60,16.609743274088494
145,61,15.424964024605112
145,62,15.646321156258239
145,63,13.86613599865237
145,64,10.709449404619038
145,65,11.171630263947597
145,66,12.944521612033064
145,67,14.045912524461203
145,68,17.66549258682631
145,69,17.003127311946823
145,70,15.638624931240685
145,71,19.18242724383163
145,72,18.70014609218696
145,73,16.26170428339659
145,74,18.02981749648666
145,75,20.898453791982945
145,76,23.543082540208825
145,77,26.27652278495598
145,78,29.2899580049234
145,79,29.077210034961894
145,80,26.20700707604476
145,81,27.81469751562633
145,82,26.20026660349828
145,83,28.00073721319357
145,84,28.972800979562983
145,85,27.839349658760263
145,86,24.161688244717396
145,87,21.84029708123123
145,88,18.25975873453439
145,89,17.255902858354293
145,90,13.648547097332164
145,91,12.548134049358657
145,92,15.212421704185314
145,93,14.319755500056209
145,94,16.569597261480283
145,95,16.87980503568852
145,96,19.545425565954815
145,97,21.777112412687543
145,98,20.513520429802366
145,99,23.628191129714953
145,100,23.051632564413953
145,101,19.562161447950647
145,102,21.07721694011716
145,103,24.083274909676092
145,104,22.622902722828734
145,105,20.310012996433255
145,106,23.347221203918664
145,107,25.599896925596234
145,108,23.551431291882746
145,109,24.02150665890614
145,110,21.154812516428947
145,111,17.560232849447306
145,112,17.610337377727742
145,113,14.213977387347617
145,114,14.260662521995213
145,115,11.576006278921462
145,116,12.06327918218796
145,117,12.304786469990152
145,118,10.188757874133271
145,119,11.506451899120094
145,120,10.110483524541598
145,121,13.406787561640344
145,122,14.210522691935568
145,123,11.05303082774775
145,124,9.705685419409676
145,125,6.40333023617126
145,126,5.441144301946256
145,127,6.891942984278651
145,128,9.14406897459658
145,129,12.159930182598178
145,130,15.65219005026355
145,131,15.68295384754673
145,132,13.269727985704563
145,133,14.972336868534832
145,134,14.495468692434223
145,135,17.82674297721317
145,136,19.57574509865886
145,137,16.738706341009962
145,138,13.753498022213186
145,139,10.591851579679426
145,140,7.9898957427727355
145,141,7.5943486786927865
145,142,7.793721018232872
145,143,6.891876270702086
145,144,3.811335838091219
145,146,3.8072175995700386
145,147,6.132406319836628
145,148,9.71609651458325
145,149,13.086918024917624
145,150,14.345591851907717
145,151,18.054769414760713
145,152,19.36744856670122
145,153,17.895423322130288
145,154,14.965045438507076
145,155,16.175276561014055
145,156,16.266692851493712
145,157,13.729000537806014
145,158,15.445638566276413
145,159,14.275524917600023
145,160,16.10317003808471
145,161,15.507713060654572
145,162,18.968354016691872
145,163,20.13897533446612
145,164,23.033743758958288
145,165,23.479406076781327
145,166,26.12983949397688
145,167,23.930209071596177
145,168,21.59782332175903
145,169,17.80885121159391
145,170,15.880717884409457
145,171,12.458771064657446
145,172,10.54330335590551
145,173,8.542887416754931
145,174,9.174228136539856
145,175,10.768766978110667
145,176,11.186827806287022
145,177,14.938201594908497
145,178,16.319271272018657
145,179,19.796978947387682
145,180,21.555604395419472
145,181,21.937751220408618
145,182,21.501488392087992
145,183,18.102329376953655
145,184,17.179526592264736
145,185,18.679698072025378
145,186,17.63197881481203
145,187,13.906061161727253
145,188,14.175386188986415
145,189,17.85935627243519
145,190,18.96699760629106
145,191,21.05430840650867
145,192,19.731760185163917
145,193,16.491735115582244
145,194,16.140475843583275
145,195,13.797678920976782
145,196,15.702035631244799
145,197,14.833476342007092
145,198,18.00723503613006
145,199,20.05216047266236
145,200,23.771488574279402
145,201,24.701222926237147
145,202,22.26427492388692
145,203,20.54865028967793
145,204,18.35332177119442
145,205,18.4572254064292
145,206,17.28608058128938
145,207,18.436431864087883
145,208,16.923304414257036
145,209,19.526180736250417
145,210,20.306696179195043
145,211,22.319717804991523
145,212,23.287315611013405
145,213,22.91418487151992
145,214,24.50759392850208
145,215,23.1634059063195
145,216,21.115599985685822
145,217,20.352327907289936
145,218,21.077755013427016
145,219,18.874405077110108
145,220,20.04124418961989
145,221,16.72118257598196
145,222,14.965944589028942
145,223,12.116055219446885
145,224,13.53233965595094
145,225,12.460239320481634
145,226,13.738323200114346
145,227,14.478071424440342
145,228,16.08256209969154
145,229,18.51366258685279
145,230,19.317206179153008
145,231,22.864865204798885
145,232,24.234647204247842
145,233,24.97554440182309
145,234,22.65143070664601
145,235,19.59172187956319
145,236,16.183227822768814
145,237,15.902323565951194
145,238,13.020430102902552
145,239,14.519744264516412
145,240,13.492880252157775
145,241,15.095078543373603
145,242,12.969184748945422
145,243,11.095207895115953
145,244,8.495941744929317
145,245,5.583784815781236
145,246,4.883766084195975
145,247,5.958377783527025
145,248,6.358503964853107
145,249,9.998761083172221
145,250,12.82133214516196
145,251,15.044484030639584
145,252,18.711190389969623
145,253,21.09206229303329
145,254,24.63671556155472
145,255,27.776772891477545
145,256,30.049859926531013
145,257,31.481436343614526
145,258,28.432714661556457
145,259,28.215646001170484
145,260,27.292992622992877
145,261,29.7381804978657
145,262,29.905473272976263
145,263,32.36199707691941
145,264,33.32652788090067
145,265,35.71249928308626
145,266,35.48782381253152
145,267,35.14945698857573
145,268,38.29676334541695
145,269,39.5800242021604
145,270,41.640211864876086
145,271,41.84874880255172
145,272,41.7240145739651
145,273,40.79516880241975
145,274,40.247840994370144
145,275,37.625938906493865
145,276,37.843329925684905
145,277,36.005805722032775
145,278,39.31302927218527
145,279,38.9996053221357
145,280,40.49800287742839
145,281,43.82137341380833
145,282,46.386893667594386
145,283,47.22571248685839
145,284,50.97859309516777
145,285,51.67711290888629
145,286,50.97063671330564
145,287,49.78652207924887
145,288,47.5949624729391
145,289,47.32247907278949
145,290,44.45297816767281
145,291,41.4156432041822
145,292,40.595484024964435
145,293,37.064838207707695
145,294,37.50939021843749
145,295,35.906517667473906
145,296,37.90801991330662
145,297,41.628786422862355
145,298,42.89016880869111
145,299,46.07032696071035
145,300,46.027684930256136
145,301,45.42155873025863
145,302,48.57033595175213
145,303,49.76191918563229
145,304,52.91617772041365
145,305,52.95375675944903
145,306,55.862103358416675
145,307,57.572160207052455
145,308,60.570482646291175
145,309,61.62106980557235
145,310,65.28271298093865
145,311,66.06029968913904
145,312,69.83821144321337
145,313,72.88122591981623
145,314,74.28712139162147
145,315,75.39989013539746
145,316,79.05852766782382
145,317,80.41773168228526
145,318,84.00359523586349
146,1,108.93484152593135
146,2,109.7744179720695
146,3,106.29492249970981
146,4,102.6271347895683
146,5,99.40919355955103
146,6,96.0224659879268
146,7,93.00343608624149
146,8,89.55314784937464
146,9,86.54023007179045
146,10,82.85114756504265
146,11,80.99038370905582
146,12,79.57219624313699
146,13,77.48127826794554
146,14,78.00331476735236
146,15,74.58607577632556
146,16,72.70574353430739
146,17,69.5132794907103
146,18,68.92648825718776
146,19,67.24562160358803
146,20,66.87978047199641
146,21,68.30539717414848
146,22,68.66696691347336
146,23,71.63824483855129
146,24,71.37963402419673
146,25,68.76992457852047
146,26,70.16393375890998
146,27,72.34548467684512
146,28,73.22023814078824
146,29,72.58683717517276
146,30,73.10930577026159
146,31,69.46797637580242
146,32,66.00482892693394
146,33,62.432635954500924
146,34,59.196482282957625
146,35,56.884860446323415
146,36,53.94840582467487
146,37,51.516546854056514
146,38,50.80984397837664
146,39,49.67497269166959
146,40,46.785285567852384
146,41,46.24739721360171
146,42,43.06636441434799
146,43,41.116264154402685
146,44,38.95438944979213
146,45,40.39877059337249
146,46,38.01748565823588
146,47,40.244047600154985
146,48,40.5204394319118
146,49,37.09202349417802
146,50,33.91594798859376
146,51,32.58293328905349
146,52,29.068485918256478
146,53,29.017054231055464
146,54,25.75184104344237
146,55,27.01699288200953
146,56,24.379841431019297
146,57,21.869607626515748
146,58,21.74109122480471
146,59,21.16119892218698
146,60,18.032113705991637
146,61,16.62763950847603
146,62,17.596177873255677
146,63,16.148117010706304
146,64,12.5830249948493
146,65,13.119723437996198
146,66,13.945061439088704
146,67,15.042184345856398
146,68,18.66553370760758
146,69,18.608903536332104
146,70,17.715979936295366
146,71,21.44632831181602
146,72,21.195213280584223
146,73,19.18638281227527
146,74,21.299051039452266
146,75,23.909735889893597
146,76,26.57046288971489
146,77,29.063687333674217
146,78,31.996070007392643
146,79,31.434074721145695
146,80,28.34771218960874
146,81,29.581521847680605
146,82,27.548632276909537
146,83,29.005079467672147
146,84,29.501212654122714
146,85,28.234985504923298
146,86,24.689859254901044
146,87,21.914097107833058
146,88,18.16448929051518
146,89,16.827351294159897
146,90,13.031428177951618
146,91,11.110490127939084
146,92,13.681660140016639
146,93,13.278279512272137
146,94,15.800654721983078
146,95,16.853040054385005
146,96,19.431058149944853
146,97,22.181656076387416
146,98,21.086919489254495
146,99,24.520855875450387
146,100,24.295439762883955
146,101,21.06158027432838
146,102,22.623036350483922
146,103,25.84357923783707
146,104,24.760981837702328
146,105,22.66264992932962
146,106,25.61137648500895
146,107,28.049322374369737
146,108,26.34914043627136
146,109,26.86073141725728
146,110,24.22264179833724
146,111,20.642488830876836
146,112,21.07355744831459
146,113,17.820379181304748
146,114,18.043283863069504
146,115,15.367885095088358
146,116,15.625118009695314
146,117,15.433058076305587
146,118,12.852437237387589
146,119,13.321927743706409
146,120,10.9013086516398
146,121,13.541917566401905
146,122,13.341911318215315
146,123,9.727509094609456
146,124,8.228230741742971
146,125,6.051137350945737
146,126,5.422911335231702
146,127,4.5963899555753
146,128,7.229407068269507
146,129,9.92784762368998
146,130,13.674342675474254
146,131,13.920814571332143
146,132,12.326541897511817
146,133,14.321556303243629
146,134,14.754368362242772
146,135,18.04163229990419
146,136,19.12180412461817
146,137,15.900842488095972
146,138,12.554534592406636
146,139,10.122315023658851
146,140,7.851482892439909
146,141,8.774355207138148
146,142,10.2259653293512
146,143,10.038338137849353
146,144,6.529372227145431
146,145,3.8072175995700386
146,147,3.8140828157903166
146,148,6.659253338903204
146,149,10.356169220765217
146,150,12.300361941322048
146,151,15.87454123689288
146,152,16.694690517111248
146,153,15.485332923395813
146,154,12.707726559570999
146,155,14.634788101537138
146,156,15.137129451486482
146,157,13.399599505394052
146,158,15.879373675771607
146,159,15.610106040363071
146,160,18.01278449169418
146,161,18.094433504122097
146,162,21.684453219535975
146,163,23.155947175802044
146,164,26.203547366233405
146,165,26.86440225611199
146,166,29.473731842777212
146,167,27.230115364380215
146,168,24.664722119005074
146,169,20.921433923491275
146,170,18.718102828733002
146,171,15.124070207269442
146,172,12.74297001977237
146,173,9.931486725374322
146,174,9.051432968261851
146,175,9.28396209742831
146,176,8.581937955074576
146,177,12.121527166222238
146,178,12.94660538775663
146,179,16.40145800769976
146,180,17.92752047476259
146,181,18.291826098357653
146,182,17.7201489408382
146,183,14.313724873542943
146,184,13.542090420543103
146,185,15.088140761852905
146,186,13.954061047332717
146,187,10.25405111198052
146,188,10.913018927356768
146,189,14.616473724938121
146,190,15.96704450566063
146,191,17.852328216226354
146,192,16.872395419957897
146,193,13.991054566719606
146,194,14.399585615235956
146,195,12.84697733973583
146,196,15.532808403014071
146,197,15.578942549452199
146,198,19.106971360766103
146,199,21.68915936671361
146,200,25.370905972147455
146,201,26.199884523736884
146,202,23.408819074150223
146,203,21.169944083239294
146,204,18.595736602864246
146,205,17.958399832263016
146,206,16.18082204542426
146,207,16.57939197267408
146,208,14.55985135351525
146,209,16.88651830428867
146,210,17.17332337517966
146,211,19.247812414993238
146,212,20.16119896077203
146,213,20.1879265340626
146,214,21.9891663062575
146,215,20.66628028189315
146,216,19.089352301809893
146,217,18.455810776130434
146,218,18.61098814553336
146,219,16.149322374342095
146,220,17.13666467613335
146,221,13.775997334861117
146,222,12.63261998707802
146,223,10.396261591705066
146,224,12.557279482812207
146,225,12.602504332593199
146,226,14.441810388716357
146,227,16.0510475565192
146,228,17.974598461381696
146,229,20.870974598119044
146,230,21.869729632982803
146,231,25.55672317659769
146,232,27.176445069269846
146,233,27.71848694636668
146,234,25.08655945359795
146,235,21.898251442755143
146,236,18.308961795719142
146,237,17.364836753305198
146,238,13.971680903131016
146,239,14.521064420550768
146,240,12.539851733230169
146,241,13.327044032954676
146,242,10.550558109577338
146,243,8.434271862168156
146,244,7.017073232414522
146,245,4.85963786805709
146,246,6.394138589150126
146,247,8.932828176135311
146,248,10.076712377827981
146,249,13.619207644431139
146,250,16.247507671101236
146,251,18.37694305676138
146,252,22.105792996287192
146,253,24.21058249576401
146,254,27.758223949662277
146,255,30.711306344383207
146,256,32.95865340936754
146,257,34.20957082536644
146,258,31.054962758903972
146,259,30.463553334431733
146,260,29.216393173162718
146,261,31.36935142735766
146,262,31.140911164574028
146,263,33.60752800934122
146,264,34.405326319183786
146,265,37.06874874362414
146,266,37.01833698657295
146,267,37.03505653485916
146,268,40.32018162272371
146,269,41.867394068622986
146,270,43.995465326316484
146,271,44.34824192215292
146,272,44.10881732241757
146,273,43.25644401199339
146,274,42.45039665795835
146,275,39.637587473605656
146,276,39.534168112729745
146,277,37.425697901414225
146,278,40.67097787419924
146,279,40.65644291334822
146,280,42.42820799511072
146,281,45.75156858266903
146,282,48.504616711618965
146,283,49.42867540765488
146,284,53.20584035705431
146,285,53.72446901854829
146,286,52.999964332448535
146,287,51.58623990203785
146,288,49.252814704020516
146,289,48.71032155809578
146,290,45.832461350965644
146,291,42.74901600235683
146,292,41.96614198962119
146,293,38.546129172221214
146,294,39.31942270700435
146,295,38.019195769400525
146,296,40.27479594577657
146,297,44.019953044940536
146,298,45.026890516264416
146,299,48.06857801454877
146,300,47.86069734200231
146,301,46.98974977166844
146,302,49.977133929937935
146,303,50.91531466550075
146,304,54.139737939788155
146,305,54.184224130398036
146,306,57.24656328255838
146,307,59.102323124103144
146,308,62.20221177486241
146,309,63.433128586671145
146,310,67.12526202134426
146,311,68.0613937426806
146,312,71.81255149203669
146,313,74.79292495533522
146,314,76.0396811671364
146,315,77.09442203671065
146,316,80.70357994594136
146,317,82.02020716624503
146,318,85.61747525745729
147,1,112.32110515594228
147,2,113.10262122227539
147,3,109.61104973829296
147,4,105.95895674644473
147,5,102.74495187701903
147,6,99.33250828930943
147,7,96.32871714335216
147,8,92.84702063110605
147,9,89.87483840883154
147,10,86.203129999699
147,11,84.41064906850067
147,12,83.03754736341493
147,13,81.00689257032667
147,14,81.57876319123417
147,15,78.15846975963238
147,16,76.21696352983466
147,17,72.99433526518216
147,18,72.34610127371687
147,19,70.58270597917245
147,20,70.12117161743153
147,21,71.4452247352259
147,22,71.69445176822227
147,23,74.69605362667012
147,24,74.54956245790271
147,25,72.00016975619774
147,26,73.480873262453
147,27,75.67017089416719
147,28,76.6218838573411
147,29,75.97653628143397
147,30,76.55005416958952
147,31,72.91420247326901
147,32,69.4216548151958
147,33,65.85277705455906
147,34,62.62737305517893
147,35,60.22772279652714
147,36,57.334595444472036
147,37,54.9794658480192
147,38,54.34188031101299
147,39,53.29132736275647
147,40,50.43071669399657
147,41,49.948303412765966
147,42,46.79297763320717
147,43,44.82445979899282
147,44,42.58710020351184
147,45,43.95748321649886
147,46,41.504614895214374
147,47,43.604243524907346
147,48,43.76074642606362
147,49,40.3291205408581
147,50,37.1764830813324
147,51,36.02390596918511
147,52,32.56702610132984
147,53,32.676640624574574
147,54,29.46620960155396
147,55,30.8052572055992
147,56,28.193349685730727
147,57,25.653421743551093
147,58,25.418704036319006
147,59,24.66942696123367
147,60,21.4729009724957
147,61,20.315096674382755
147,62,21.19644436622769
147,63,19.476691830568786
147,64,16.059561707182617
147,65,16.73493609905247
147,66,17.73778781811881
147,67,18.685812771777275
147,68,22.367517065653868
147,69,22.314561167032398
147,70,21.196502210255076
147,71,24.879407018259172
147,72,24.625560914616088
147,73,22.33974505446513
147,74,24.157206980979286
147,75,27.01137901312739
147,76,29.59908509227537
147,77,32.23273387628138
147,78,35.12808737042638
147,79,34.75780805762332
147,80,31.796584823771596
147,81,33.18398026492006
147,82,31.213493202083498
147,83,32.75362135058273
147,84,33.220511858827415
147,85,32.00531749846999
147,86,28.46611140382466
147,87,25.648610933180578
147,88,21.883325506268946
147,89,20.493851820898442
147,90,16.69035647731677
147,91,14.510029315249623
147,92,16.82242633159586
147,93,16.324431623260764
147,94,18.52254236878616
147,95,19.477085146659398
147,96,21.594953403881636
147,97,24.48272612832931
147,98,23.847889040968315
147,99,27.324658059655594
147,100,26.803806698939795
147,101,23.693828467482042
147,102,25.626287049589916
147,103,28.66412204657573
147,104,27.322440083144446
147,105,25.472875395034453
147,106,28.639265106064826
147,107,30.8143798595606
147,108,28.953055936109664
147,109,29.74665202915802
147,110,27.048736660760735
147,111,23.540162565037683
147,112,23.579955226163346
147,113,20.088134756199153
147,114,19.672254687556197
147,115,16.631039917138768
147,116,16.05470278460548
147,117,15.021228360848392
147,118,11.994188028060654
147,119,11.446644423148442
147,120,8.302581621003592
147,121,10.3116047098018
147,122,9.695998362326403
147,123,6.0955267177445
147,124,5.533213834739007
147,125,4.84566873596928
147,126,6.642417979417612
147,127,6.177766189668152
147,128,9.689919438839079
147,129,12.499361563207835
147,130,16.2510917678954
147,131,16.968510167841682
147,132,15.732610660020631
147,133,17.46449658651721
147,134,17.88601720816958
147,135,20.896566057468835
147,136,21.649127727971877
147,137,18.177011564916516
147,138,15.050135560208453
147,139,13.114420466681208
147,140,11.422581304885039
147,141,12.505029106562871
147,142,13.508270865674882
147,143,12.99039140557462
147,144,9.539283195713342
147,145,6.132406319836628
147,146,3.8140828157903166
147,148,3.80877436605838
147,149,7.072002793254147
147,150,8.956874098912573
147,151,12.59862685314674
147,152,13.42138411900549
147,153,11.892058626455803
147,154,9.072437280607524
147,155,10.982484217488999
147,156,11.91791207023151
147,157,10.468876736477837
147,158,13.429921966498885
147,159,13.704729832270736
147,160,16.68307465876568
147,161,17.455366861815858
147,162,21.216475686570835
147,163,23.26048981973248
147,164,26.20721850169616
147,165,27.391190260712687
147,166,30.247268302671984
147,167,28.37460723625563
147,168,25.90186854688606
147,169,22.22203718127933
147,170,20.433271018592926
147,171,16.69723916577877
147,172,14.900978970664166
147,173,11.755947644636551
147,174,10.929848088926848
147,175,10.395445066108822
147,176,9.79607572728313
147,177,13.069940574725143
147,178,13.512783798451398
147,179,17.08184092487107
147,180,17.863453123994244
147,181,17.440564389695002
147,182,16.739610597712037
147,183,13.836669267495683
147,184,12.507353717900374
147,185,13.210235985230929
147,186,12.277963427223042
147,187,8.564864327566088
147,188,8.434000967929308
147,189,11.937278475027442
147,190,13.396790071556161
147,191,15.875214783534798
147,192,15.220829796982285
147,193,12.327491235102782
147,194,13.031170136530712
147,195,11.960672431742791
147,196,14.662074889451189
147,197,15.21399203281349
147,198,18.64343334419657
147,199,21.376626348021176
147,200,24.86394902534752
147,201,26.12520031770879
147,202,23.447227044306665
147,203,20.916560788805217
147,204,18.681037515488125
147,205,17.5757899328357
147,206,16.112773745236566
147,207,16.136286638476353
147,208,14.53389947213126
147,209,17.200645809556537
147,210,17.290671196849544
147,211,19.919537075425215
147,212,21.24033845901884
147,213,21.86349787123577
147,214,24.093031473643382
147,215,23.011657417288323
147,216,21.90608310981004
147,217,21.441728331485027
147,218,21.109453367533632
147,219,18.427475901306366
147,220,19.008103959590777
147,221,15.538525061754976
147,222,14.839408020166614
147,223,12.810827427136113
147,224,14.694872064360258
147,225,15.016118711270044
147,226,16.287302037974836
147,227,17.808116077651658
147,228,19.155004292501282
147,229,22.055221644300687
147,230,22.534801709467228
147,231,26.215355452712913
147,232,27.613406004833543
147,233,27.63507363018459
147,234,24.92445278259189
147,235,21.446900031899258
147,236,17.97727341523102
147,237,16.36195770299875
147,238,12.845910140477644
147,239,12.67753457205651
147,240,10.423692500235926
147,241,10.598614367665856
147,242,8.287588887065759
147,243,7.576940812290236
147,244,6.476363413175753
147,245,6.414075336475469
147,246,7.178375349621354
147,247,10.391933960316333
147,248,11.461191185872247
147,249,14.90979731593283
147,250,17.831368996271195
147,251,20.494014704226824
147,252,24.1159990927186
147,253,26.27787031941848
147,254,29.956767445554238
147,255,32.98889440832061
147,256,35.4885607583186
147,257,37.004390646375455
147,258,34.01202867499645
147,259,33.566474963001795
147,260,32.53115263450944
147,261,34.8182475522795
147,262,34.70166872018012
147,263,37.268465470113554
147,264,38.15553442065173
147,265,40.81540264386295
147,266,40.77934045972054
147,267,40.723636771137926
147,268,43.97608377628175
147,269,45.42863572014147
147,270,47.52031174106718
147,271,47.77347538860357
147,272,47.52929068605814
147,273,46.55358665661032
147,274,45.81139981142762
147,275,43.09230845312583
147,276,43.032622806865255
147,277,41.0077073444847
147,278,44.31081234537087
147,279,44.29750477555376
147,280,45.992890208363264
147,281,49.273116253776
147,282,51.959721176006205
147,283,52.76266274869841
147,284,56.54429733476255
147,285,57.050192219670876
147,286,56.20828233787747
147,287,54.844744695733084
147,288,52.60995776412157
147,289,52.11599933317711
147,290,49.32215788645747
147,291,46.16625609804424
147,292,45.22919334128068
147,293,41.849665720110885
147,294,42.62169118775851
147,295,41.266057086400465
147,296,43.44514920821231
147,297,47.15884652153605
147,298,48.258905211818735
147,299,51.299171128963955
147,300,51.00283784281471
147,301,50.19987706423744
147,302,53.17599962564666
147,303,54.154340763626635
147,304,57.44274033715353
147,305,57.60884661607322
147,306,60.664911232070686
147,307,62.440004122406634
147,308,65.56940989456817
147,309,66.73234032277026
147,310,70.43884037539966
147,311,71.38879167124654
147,312,75.15102786549649
147,313,78.1025222791906
147,314,79.37267716219533
147,315,80.50961249063693
147,316,84.12209939835851
147,317,85.50827144423583
147,318,89.1254284310975
148,1,115.43145243546326
148,2,116.2477051722667
148,3,112.74597680865811
148,4,109.08933327775507
148,5,105.84156795536951
148,6,102.46590661147486
148,7,99.41386927606948
148,8,95.95760356339589
148,9,92.93336365134041
148,10,89.25577085385203
148,11,87.42015497056303
148,12,85.94800479163037
148,13,83.85267031562756
148,14,84.30862884367271
148,15,80.8448427805632
148,16,78.97074534348377
148,17,75.72890539716234
148,18,75.02841091982057
148,19,73.33697098080292
148,20,72.84904891245408
148,21,74.23685221130337
148,22,74.45321285097005
148,23,77.37308454793363
148,24,77.18523890170174
148,25,74.56087377746718
148,26,76.08399202188704
148,27,78.37875126512682
148,28,79.35659399713632
148,29,78.83166544217951
148,30,79.45265053153878
148,31,75.84181756563997
148,32,72.3502449569128
148,33,68.8165400136036
148,34,65.52410482674641
148,35,63.18663335279725
148,36,60.19432274693176
148,37,57.84741053526077
148,38,57.03976949183172
148,39,55.974808999752454
148,40,53.15947965320921
148,41,52.65455028445626
148,42,49.39100509339415
148,43,47.55774340389282
148,44,45.49541278299458
148,45,47.01386785411848
148,46,44.65681946323853
148,47,46.90047219147715
148,48,47.16482851847999
148,49,43.73035946099404
148,50,40.56248332352953
148,51,39.237728389088424
148,52,35.71244696271382
148,53,35.562488334114846
148,54,32.22688183245914
148,55,33.27628397166263
148,56,30.417654900075615
148,57,28.145350494701137
148,58,28.035902869621555
148,59,27.638021436559168
148,60,24.35305625681295
148,61,22.997962499244377
148,62,24.204763656747247
148,63,22.749900647904383
148,64,19.17245343822586
148,65,19.702056838640594
148,66,20.174923381802895
148,67,20.897588841489277
148,68,24.537083163757806
148,69,24.944507787490316
148,70,23.98403552357512
148,71,27.742561779236482
148,72,27.74933334376516
148,73,25.66011913856713
148,74,27.69379221365184
148,75,30.46295409066979
148,76,33.13247327565092
148,77,35.68264046056632
148,78,38.57849125185462
148,79,38.02519714749565
148,80,34.93374939169882
148,81,36.07744276846411
148,82,33.86883917818444
148,83,35.12962076624552
148,84,35.27890663907453
148,85,33.90117068146109
148,86,30.52382019919028
148,87,27.428054651917606
148,88,23.64350484656732
148,89,21.931833347780955
148,90,18.19566350332003
148,91,15.685431072719066
148,92,17.84293885402503
148,93,17.8608551910184
148,94,20.174226016245758
148,95,21.634952642242087
148,96,23.608665342445768
148,97,26.793855676676547
148,98,26.286671540997553
148,99,29.911646922197193
148,100,29.620001228764377
148,101,26.69152116538076
148,102,28.605193831319106
148,103,31.750100641436664
148,104,30.62273523115753
148,105,28.863893991747968
148,106,31.953858047487692
148,107,34.2371360436829
148,108,32.534108762678855
148,109,33.302716122102225
148,110,30.670347650729568
148,111,27.13411451373074
148,112,27.29312935826106
148,113,23.833116448232687
148,114,23.429476786040603
148,115,20.30469766250993
148,116,19.63621092718556
148,117,18.2569138024204
148,118,15.197458693940632
148,119,13.947073511486115
148,120,10.387849382679555
148,121,11.164012228446088
148,122,9.211321338915582
148,123,5.662234947158687
148,124,5.198094625033991
148,125,6.802002036679285
148,126,8.739197409845858
148,127,7.097621061674539
148,128,10.326088851916564
148,129,12.605195118329501
148,130,16.152352734074256
148,131,17.329791660793948
148,132,16.83064309123143
148,133,18.414864048712122
148,134,19.359999153497483
148,135,22.073614527318295
148,136,22.180833740988728
148,137,18.488180470539188
148,138,15.456043313319999
148,139,14.409189118226724
148,140,13.392580615252294
148,141,15.205928017697468
148,142,16.571897544324248
148,143,16.501148808377554
148,144,13.021821102072535
148,145,9.71609651458325
148,146,6.659253338903204
148,147,3.80877436605838
148,149,3.790035059902512
148,150,6.601381945453969
148,151,9.820938714192598
148,152,10.095563107982091
148,153,9.098615349888288
148,154,6.97683961907096
148,155,9.982260279022931
148,156,11.817239791666259
148,157,11.529763929376502
148,158,15.045577135991028
148,159,16.072771581963103
148,160,19.403730978586278
148,161,20.638513787512288
148,162,24.419106752123216
148,163,26.696598989792996
148,164,29.622024205192456
148,165,30.99128200764526
148,166,33.88583069345552
148,167,32.07367594435693
148,168,29.549121489877706
148,169,25.907938287139824
148,170,24.063501169614685
148,171,20.292955194216326
148,172,18.353568617368282
148,173,14.99510594372744
148,174,13.505134378881428
148,175,12.003229315391737
148,176,10.447704142053567
148,177,12.903309560353664
148,178,12.330962284289845
148,179,15.595873162084317
148,180,15.647661457236826
148,181,14.840721790808155
148,182,13.662937466906095
148,183,11.151626638785052
148,184,10.006684755540077
148,185,9.989058584498288
148,186,8.714969122653647
148,187,5.239255895352427
148,188,5.608028469584852
148,189,8.734624580051733
148,190,10.941935571078938
148,191,13.469455080899404
148,192,13.664095744912414
148,193,11.509924964063519
148,194,13.267632447684521
148,195,13.287334606731815
148,196,16.397583546052807
148,197,17.679057708852742
148,198,21.145149763281527
148,199,24.141837960649177
148,200,27.47827249456014
148,201,28.770233214754104
148,202,25.95646755893375
148,203,23.085775281967848
148,204,20.75050869925795
148,205,19.017846991069163
148,206,17.211215285986583
148,207,16.378873391096047
148,208,14.473827430739087
148,209,16.727021271397497
148,210,16.065263285388042
148,211,18.81273747947351
148,212,20.05797515518045
148,213,21.291717852198687
148,214,23.686135646521723
148,215,22.608367466725156
148,216,22.07807492883842
148,217,21.631666945861898
148,218,20.62949080781578
148,219,17.907348225438717
148,220,18.3015645768016
148,221,15.07280850854572
148,222,15.280534541773315
148,223,14.101013405746087
148,224,16.40300961502231
148,225,17.475024899199063
148,226,18.997352596114496
148,227,20.930268893881927
148,228,22.363191567050432
148,229,25.437834201504657
148,230,25.927418539412415
148,231,29.62832083375431
148,232,31.069373111522385
148,233,30.88417351889541
148,234,28.057182113631715
148,235,24.501814670698238
148,236,21.069332670372326
148,237,19.008363015497892
148,238,15.380967030674956
148,239,14.351106046043606
148,240,11.415448557439012
148,241,10.262538390233104
148,242,7.7013545047566865
148,243,7.7435938892480864
148,244,8.418946965927708
148,245,9.319065463699049
148,246,10.759325069120417
148,247,14.146246429921858
148,248,15.243207773884503
148,249,18.705731572309784
148,250,21.62392305953107
148,251,24.26174348967962
148,252,27.900791768496266
148,253,29.99257130324959
148,254,33.66870256439441
148,255,36.63264263208464
148,256,39.112227475205344
148,257,40.53438257449346
148,258,37.47871200376056
148,259,36.84884823593184
148,260,35.61594330399262
148,261,37.70353748353291
148,262,37.318593131154195
148,263,39.82877821486765
148,264,40.538101765303416
148,265,43.353552068994006
148,266,43.36586188679839
148,267,43.53123056408683
148,268,46.83527208153992
148,269,48.42674968276364
148,270,50.614143465489256
148,271,51.00400519390152
148,272,50.74655072522004
148,273,49.86016426645613
148,274,48.98884207358799
148,275,46.14900593178534
148,276,45.90532943919769
148,277,43.696179043454485
148,278,46.920407728140056
148,279,47.07710002553899
148,280,48.95125392906628
148,281,52.250044711192004
148,282,55.05396885706337
148,283,55.94243722892261
148,284,59.73117498763583
148,285,60.14849149408371
148,286,59.323005938699
148,287,57.81838522684943
148,288,55.48134616289362
148,289,54.805074071638245
148,290,51.99069481233209
148,291,48.83521049179199
148,292,47.95691574834643
148,293,44.65326651309589
148,294,45.618222691704354
148,295,44.43926681918259
148,296,46.75399723178861
148,297,50.48250343530807
148,298,51.437024236485186
148,299,54.39884699508504
148,300,54.02137257037566
148,301,53.047482526921684
148,302,55.91222989283738
148,303,56.708372786237014
148,304,60.02674575834506
148,305,60.172104716692715
148,306,63.32857016469493
148,307,65.21560415763497
148,308,68.39998397655111
148,309,69.68943183709561
148,310,73.40782830288171
148,311,74.44805077862958
148,312,78.18930606316049
148,313,81.1080697141784
148,314,82.27302553907566
148,315,83.35219930715316
148,316,86.92853587755764
148,317,88.2651572476252
148,318,91.88013602802103
149,1,119.17281855282279
149,2,119.97033281755617
149,3,116.46511901812448
149,4,112.81373476358134
149,5,109.56828925196251
149,6,106.18292709314213
149,7,103.13706678109307
149,8,99.66935939074403
149,9,96.65978933405816
149,10,92.98812943911685
149,11,91.17376265601479
149,12,89.71298538477963
149,13,87.63063515080485
149,14,88.09100391066698
149,15,84.62303063366821
149,16,82.73920629167351
149,17,79.4865027144809
149,18,78.75857738271382
149,19,77.04375641396037
149,20,76.51148325835437
149,21,77.85989057750325
149,22,78.0164750939071
149,23,80.93876504228915
149,24,80.79993605806523
149,25,78.19298182297747
149,26,79.761136992946
149,27,82.07381789408903
149,28,83.0858762595298
149,29,82.56859070410384
149,30,83.21001099266864
149,31,79.6016936002011
149,32,76.10117257215352
149,33,72.56939177784666
149,34,69.27813890883255
149,35,66.91377532782009
149,36,63.93152779272406
149,37,61.609718642036334
149,38,60.80999320746751
149,39,59.76144185358112
149,40,56.949496997600676
149,41,56.435181119309334
149,42,53.17075288130556
149,43,51.32689861257504
149,44,49.26046326570432
149,45,50.739156023086935
149,46,48.33164399971411
149,47,50.53528036269671
149,48,50.765223884742284
149,49,47.349384760088945
149,50,44.16458442039499
149,51,42.92364137449105
149,52,39.40196040395536
149,53,39.293837521000626
149,54,35.98031075096851
149,55,36.99415743563682
149,56,34.11748833226633
149,57,31.904209695938132
149,58,31.82562393935818
149,59,31.40284340118555
149,60,28.108830757378964
149,61,26.78650629646056
149,62,27.94001089401754
149,63,26.433053459832156
149,64,22.902110452439615
149,65,23.381909961965107
149,66,23.87732929552173
149,67,24.408849517810307
149,68,28.074584170312086
149,69,28.588614396341583
149,70,27.475752791153564
149,71,31.210181891924258
149,72,31.321902684120058
149,73,29.102081721753432
149,74,31.032080342564775
149,75,33.93752812751687
149,76,36.62255417837239
149,77,39.268327480566384
149,78,42.17822535127261
149,79,41.71945972942069
149,80,38.66976741848326
149,81,39.856758308956856
149,82,37.65870554068816
149,83,38.8985397268055
149,84,38.9974766191404
149,85,37.57228187683888
149,86,34.239715597025416
149,87,31.086742239153782
149,88,27.309423513500114
149,89,25.47179582796932
149,90,21.786068785910274
149,91,19.243200158767564
149,92,21.301353912072493
149,93,21.4024551444788
149,94,23.590179804695378
149,95,25.064070489629636
149,96,26.78860499867496
149,97,30.04403349775693
149,98,29.767467995207113
149,99,33.40919381259681
149,100,33.003047384773446
149,101,30.15607898881441
149,102,32.21812382950892
149,103,35.28332762635236
149,104,34.04159203865134
149,105,32.387749147070565
149,106,35.56340659019045
149,107,37.730417641151604
149,108,35.93439527286125
149,109,36.8083202017932
149,110,34.11540576535289
149,111,30.59626347194657
149,112,30.52686025652854
149,113,26.956614926479585
149,114,26.195841944729292
149,115,22.879564566109156
149,116,21.79129126020627
149,117,19.858517581465073
149,118,16.78855683725665
149,119,14.735246865451598
149,120,11.032851757676704
149,121,10.476515611253058
149,122,7.467843371832475
149,123,5.026133574282132
149,124,5.800213881063911
149,125,8.928981283013853
149,126,11.55508524143359
149,127,10.25618563099715
149,128,13.41619958079005
149,129,15.589271031159916
149,130,18.883005522065233
149,131,20.438989560439133
149,132,20.18427815475802
149,133,21.48215615010795
149,134,22.424061803973885
149,135,24.833567545342426
149,136,24.604628961824147
149,137,20.83065379765223
149,138,18.136121979792318
149,139,17.530050095325226
149,140,16.931368850416874
149,141,18.894981684073908
149,142,20.041999209344795
149,143,19.960804920216052
149,144,16.571709425635543
149,145,13.086918024917624
149,146,10.356169220765217
149,147,7.072002793254147
149,148,3.790035059902512
149,150,3.7798950871449644
149,151,6.372590373724745
149,152,6.379972660755538
149,153,5.556275196575644
149,154,4.660669620858562
149,155,8.187939588397994
149,156,11.024692738275954
149,157,11.589622866227643
149,158,15.327073237606797
149,159,16.870709616451133
149,160,20.49914403429969
149,161,22.20980561831105
149,162,25.98235623305531
149,163,28.621821190231888
149,164,31.373250321408317
149,165,33.08932295702467
149,166,36.14370146581304
149,167,34.61643742915025
149,168,32.21015116953282
149,169,28.645448654733727
149,170,27.077381852973513
149,171,23.298016837812128
149,172,21.668623344914014
149,173,18.259107011228792
149,174,16.83571205157693
149,175,15.034114594579648
149,176,13.50813871245476
149,177,15.444738973746567
149,178,14.385572247910437
149,179,17.319060083037286
149,180,16.542819835698044
149,181,14.985900014541196
149,182,13.44934808409547
149,183,11.887229911708854
149,184,10.60507859312452
149,185,9.172910676952748
149,186,7.938317396915892
149,187,5.7515081111278965
149,188,5.4065819613526225
149,189,6.954022052351782
149,190,9.738516137796505
149,191,12.772515866123152
149,192,13.763874456578131
149,193,12.18521991186683
149,194,14.378181360435581
149,195,15.048571047561754
149,196,17.992528272240683
149,197,19.650351250439968
149,198,22.884483378609723
149,199,25.89952694705411
149,200,28.982011229526314
149,201,30.57935230197396
149,202,27.90201331805524
149,203,24.86855242943227
149,204,22.834201021104693
149,205,20.75269975103676
149,206,19.18156554827242
149,207,17.931926712601566
149,208,16.360124185394376
149,209,18.54899060851603
149,210,17.52868414302805
149,211,20.514709023972834
149,212,21.902231017383503
149,213,23.638452809245894
149,214,26.22071097280999
149,215,25.2515891918
149,216,25.105408709612863
149,217,24.680474648436476
149,218,23.280716252395194
149,219,20.592941227919223
149,220,20.77600010206255
149,221,17.74618108440888
149,222,18.38416009908001
149,223,17.488097014797955
149,224,19.672823504104315
149,225,20.90413198850765
149,226,22.17540105927674
149,227,24.045701642522992
149,228,25.15155999981441
149,229,28.166044167182047
149,230,28.31584027224035
149,231,31.941614349483523
149,232,33.180189140306624
149,233,32.6154770322
149,234,29.80895678587031
149,235,26.12358210832761
149,236,22.915544273563523
149,237,20.43982600778403
149,238,16.965435159388104
149,239,15.326895864615219
149,240,12.3452211063753
149,241,10.23914261772841
149,242,8.627576294786031
149,243,10.06510576089521
149,244,11.147501707021402
149,245,12.746683850613092
149,246,13.798475084778655
149,247,17.207448827963823
149,248,18.11158929672498
149,249,21.466777719599666
149,250,24.528731163703494
149,251,27.408582603348815
149,252,30.959352534839866
149,253,33.11291310309375
149,254,36.838263982113
149,255,39.85495274056091
149,256,42.45599558507473
149,257,44.01443902482404
149,258,41.03522391645798
149,259,40.485858962355216
149,260,39.33454866354001
149,261,41.46215123436325
149,262,41.09142032625538
149,263,43.613409903888275
149,264,44.30483453944606
149,265,47.12821499705165
149,266,47.1102674179601
149,267,47.25968002405256
149,268,50.534431624615216
149,269,52.07466758244396
149,270,54.291887352164665
149,271,54.67609455119959
149,272,54.45535530208319
149,273,53.541387672065085
149,274,52.71223780385511
149,275,49.903877317674436
149,276,49.67639317156411
149,277,47.4778679822821
149,278,50.705644879579076
149,279,50.86563902321422
149,280,52.725665836360704
149,281,56.0221028949407
149,282,58.80508029865782
149,283,59.6608239087348
149,284,63.45002578601363
149,285,63.87098107309385
149,286,63.003208932817714
149,287,61.51467782790572
149,288,59.20944076001362
149,289,58.53447327112715
149,290,55.74656389271605
149,291,52.56809785034096
149,292,51.63797276269793
149,293,48.35892541947319
149,294,49.33342170445563
149,295,48.132557686280286
149,296,50.40874981125147
149,297,54.12495280066493
149,298,55.12499755251527
149,299,58.08811385854223
149,300,57.67244780235789
149,301,56.715978968647335
149,302,59.56292492711285
149,303,60.35177402191979
149,304,63.70038261044975
149,305,63.890948437100015
149,306,67.0577668686786
149,307,68.92640827874767
149,308,72.12718867878775
149,309,73.39957955663029
149,310,77.1239843425848
149,311,78.17189435345043
149,312,81.91686250263002
149,313,84.8240616204586
149,314,85.99171438604033
149,315,87.0971016536793
149,316,90.67126183605
149,317,92.02668115296069
149,318,95.64743992421691
150,1,121.06685581579178
150,2,121.88449603318156
150,3,118.41622401187439
150,4,114.75299500448222
150,5,111.56566262459022
150,6,108.14632472406949
150,7,105.16835835993498
150,8,101.69362116181111
150,9,98.72537312658845
150,10,95.04310852381002
150,11,93.20828000681846
150,12,91.8367774661047
150,13,89.75150447233607
150,14,90.27907135635047
150,15,86.86984151710325
150,16,85.00369710692885
150,17,81.8130483224958
150,18,81.20642427173398
150,19,79.49287234693675
150,20,79.052913638861
150,21,80.39473880872502
150,22,80.62824584867694
150,23,83.61564235425317
150,24,83.46508945691417
150,25,80.88700762969623
150,26,82.36633427087824
150,27,84.57915472413295
150,28,85.49972732471547
150,29,84.85985597558813
150,30,85.3805648398354
150,31,81.72962113110434
150,32,78.2668536566467
150,33,74.68067135855237
150,34,71.47056717992722
150,35,69.11971524539798
150,36,66.21914729476427
150,37,63.800376759563456
150,38,63.10796428546426
150,39,61.9352936877431
150,40,58.99786732812405
150,41,58.3238569569978
150,42,55.14840310805172
150,43,53.11104406836375
150,44,50.978593163487695
150,45,52.23724711443919
150,46,49.63758661434299
150,47,51.75654027622697
150,48,51.971054844642126
150,49,48.67161730580163
150,50,45.37651174869989
150,51,44.34213080919276
150,52,40.80843922082631
150,53,40.853069114978986
150,54,37.69253897189666
150,55,38.70987049708606
150,56,35.98421972239716
150,57,33.815276979892694
150,58,33.97433749358941
150,59,33.40992459936893
150,60,30.313226170983366
150,61,28.85827849732535
150,62,29.603325254568105
150,63,28.135431977922302
150,64,24.739323898937677
150,65,24.853679530120218
150,66,25.58026971641069
150,67,25.684916686135903
150,68,29.43530501628247
150,69,29.975921925858827
150,70,28.424090530115055
150,71,32.05004667075485
150,72,32.39025816867055
150,73,29.915938048898077
150,74,31.72467966368372
150,75,34.85507158516934
150,76,37.67549889239765
150,77,40.55872721199984
150,78,43.61680281710143
150,79,43.399783749368275
150,80,40.43628198449767
150,81,41.77346071354108
150,82,39.78267847018092
150,83,41.071623102800636
150,84,41.398511744264475
150,85,39.819134304971975
150,86,36.46419635848272
150,87,33.418962682899625
150,88,29.659201945753875
150,89,27.61893584933147
150,90,23.964845614024153
150,91,21.826302016638927
150,92,24.250521167280972
150,93,24.426691225534874
150,94,26.752497813064927
150,95,28.059516786952994
150,96,29.912878665375988
150,97,33.012940568699214
150,98,32.61295088773396
150,99,36.161695235713495
150,100,35.60282803902369
150,101,32.574405400316444
150,102,34.58177989214084
150,103,37.584665449371286
150,104,36.11111698664811
150,105,34.2728447999287
150,106,37.47624743202506
150,107,39.56408384808404
150,108,37.48211454381759
150,109,38.24447099834932
150,110,35.3099601178289
150,111,31.749801830566277
150,112,31.274158575974923
150,113,27.59552863214664
150,114,26.42261772459397
150,115,22.863089333232814
150,116,21.59483494621412
150,117,19.166472407087944
150,118,16.49664220850873
150,119,13.855414810429297
150,120,10.525105678368623
150,121,9.072229228807895
150,122,5.664783689013851
150,123,4.4263665587936485
150,124,5.096175410193517
150,125,8.86233645566736
150,126,11.942337445310441
150,127,11.560226491262767
150,128,14.854886102454191
150,129,17.46832559452164
150,130,20.60312601012401
150,131,22.588502279649582
150,132,21.999698575881137
150,133,22.755031543935605
150,134,23.23528964091247
150,135,25.291461782413172
150,136,25.022334046518623
150,137,21.294777487677557
150,138,19.102142762180215
150,139,18.58421820317856
150,140,18.451385663691383
150,141,20.4925273229787
150,142,21.029154144633246
150,143,21.100535773397063
150,144,18.089523762629327
150,145,14.345591851907717
150,146,12.300361941322048
150,147,8.956874098912573
150,148,6.601381945453969
150,149,3.7798950871449644
150,151,3.740800232503753
150,152,5.938966707366244
150,153,5.863812825482484
150,154,6.374338158601108
150,155,8.958088498855227
150,156,12.306077257572463
150,157,12.527167091106554
150,158,16.00870904757713
150,159,17.207958408501245
150,160,20.8525058274472
150,161,22.49562803857446
150,162,26.25614405823634
150,163,29.03334178714243
150,164,31.434731069064785
150,165,33.284430397288254
150,166,36.56466182415057
150,167,35.33532617904845
150,168,33.259068823143856
150,169,29.700322335586375
150,170,28.521328039749147
150,171,24.836974514603238
150,172,23.573417999657206
150,173,20.43412096212654
150,174,19.549674743553805
150,175,18.203841852795023
150,176,16.92666170240805
150,177,19.104091444010287
150,178,18.05850581394055
150,179,20.919051819702805
150,180,20.044095038711262
150,181,18.428550891482264
150,182,16.550050341048802
150,183,15.218937263910298
150,184,14.253759459420388
150,185,12.428366387431092
150,186,10.804457593147564
150,187,9.229299873805758
150,188,9.102320170207172
150,189,9.947605445375885
150,190,12.765893483157136
150,191,16.031282313709163
150,192,17.195903035302713
150,193,15.569466985390822
150,194,17.470271291588023
150,195,17.84658448727644
150,196,20.389736266483748
150,197,21.70606591339653
150,198,24.678127963461385
150,199,27.38072693870597
150,200,30.362197174105777
150,201,32.31398226685294
150,202,29.94490611838232
150,203,27.105595736889573
150,204,25.4131999841881
150,205,23.563065635821733
150,206,22.35813277581333
150,207,21.352482088311735
150,208,19.99969867810633
150,209,22.304301525750134
150,210,21.299170605023797
150,211,24.25168872776094
150,212,25.51486830731016
150,213,27.22229001122642
150,214,29.653736728381983
150,215,28.445493217547874
150,216,28.13491605018803
150,217,27.359605017146997
150,218,25.990560999262907
150,219,23.596744014881633
150,220,24.11765920269439
150,221,21.18092243002736
150,222,21.7739124023088
150,223,20.697276318832465
150,224,22.861066543191573
150,225,23.715274120702745
150,226,24.815824941567726
150,227,26.29106686604414
150,228,27.107360061267048
150,229,29.820573381782477
150,230,29.59305711244634
150,231,33.076779379214024
150,232,33.908881254401265
150,233,33.17739333591427
150,234,30.66416725123935
150,235,26.895174562055786
150,236,23.97061693345578
150,237,21.58240630801696
150,238,18.436602006872135
150,239,17.040994236195424
150,240,14.608876495263006
150,241,12.707874146346892
150,242,11.843327769669827
150,243,13.495007696493884
150,244,13.929675963700214
150,245,15.198085112790634
150,246,15.510992733522967
150,247,18.519493478968744
150,248,18.724313741894708
150,249,22.0558504915405
150,250,25.416340407000263
150,251,28.471314509775677
150,252,31.888413690548564
150,253,34.346176723997274
150,254,38.061164434097115
150,255,41.27069985756105
150,256,43.8883115749915
150,257,45.58978795946619
150,258,42.66793208155234
150,259,42.40120924730573
150,260,41.395593496303945
150,261,43.65149955659675
150,262,43.426846132880165
150,263,45.838792204883795
150,264,46.459787810959604
150,265,49.12004895438556
150,266,48.8511100239943
150,267,48.801011955902574
150,268,51.93095043944251
150,269,53.25868801427895
150,270,55.575014829983054
150,271,55.99373318404747
150,272,55.98872354735465
150,273,55.134462837663115
150,274,54.535338440354195
150,275,51.817439792761824
150,276,51.8152536308273
150,277,49.71268664191194
150,278,52.91995053556891
150,279,52.85397599621759
150,280,54.58460552757913
150,281,57.948538466535155
150,282,60.62667658584247
150,283,61.51595656203712
150,284,65.27987981014599
150,285,65.88787729525586
150,286,65.10545930578384
150,287,63.77291810225642
150,288,61.509997673202605
150,289,60.98149739656806
150,290,58.12650111413702
150,291,55.019677837246036
150,292,54.150739882407976
150,293,50.770045370914225
150,294,51.52644289761542
150,295,50.112727779059846
150,296,52.202513514711825
150,297,55.91562072508672
150,298,57.10723958004433
150,299,60.19599385535234
150,300,59.948497557228315
150,301,59.14739841463124
150,302,62.11119718537223
150,303,63.03273481817363
150,304,66.32146155262731
150,305,66.43409631800272
150,306,69.52073064405884
150,307,71.3507030251984
150,308,74.46780939214096
150,309,75.64767933528182
150,310,79.34404348706424
150,311,80.24714867716654
150,312,84.01220400555498
150,313,86.99743112784977
150,314,88.28270621538798
150,315,89.37649301912333
150,316,92.99026256463276
150,317,94.31947488230462
150,318,97.91517761281499
151,1,124.72840067804387
151,2,125.56363755007374
151,3,122.09542001942484
151,4,118.42872338105707
151,5,115.2340814401097
151,6,111.82546235130289
151,7,108.8351672122882
151,8,105.36928581788897
151,9,102.38424417055634
151,10,98.69820089401573
151,11,96.84237686883581
151,12,95.43672455071236
151,13,93.31976182300282
151,14,93.79819412633552
151,15,90.37516973305877
151,16,88.54559392241515
151,17,85.35261547076745
151,18,84.73174760565583
151,19,83.04974588844925
151,20,82.59926149494174
151,21,83.96238604596189
151,22,84.17483749363745
151,23,87.13113797221556
151,24,86.97069885604161
151,25,84.36303378539968
151,26,85.86209153141239
151,27,88.11851266303597
151,28,89.04669304721862
151,29,88.45150276709417
151,30,88.98208154431224
151,31,85.33739522564652
151,32,81.87885680508339
151,33,78.3019202205459
151,34,75.07067113206008
151,35,72.74637532982135
151,36,69.81079561705648
151,37,67.38698278338035
151,38,66.62796580041807
151,39,65.43247712008359
151,40,62.499369863245285
151,41,61.786364061300716
151,42,58.572657377573755
151,43,56.570859425710935
151,44,54.51424069327395
151,45,55.801420320776586
151,46,53.208437890433444
151,47,55.37370333574865
151,48,55.62975302437357
151,49,52.35100600238682
151,50,49.02979481706972
151,51,47.963590372658096
151,52,44.3993865040918
151,53,44.355262308329834
151,54,41.16734054679595
151,55,42.044249953871464
151,56,39.23169018130136
151,57,37.20594887766061
151,58,37.452463339672306
151,59,37.01408919324296
151,60,33.898987164184895
151,61,32.36094425900754
151,62,33.18349076384587
151,63,31.812203888678116
151,64,28.373294134211296
151,65,28.399723607649896
151,66,28.948631421846084
151,67,28.88515941137067
151,68,32.59741675101602
151,69,33.35440682490263
151,70,31.798147748316584
151,71,35.41770033972063
151,72,35.917757881358305
151,73,33.47942349075391
151,74,35.339373747542794
151,75,38.48053070819519
151,76,41.35320011861388
151,77,44.24898649825912
151,78,47.329970288102416
151,79,47.08294861042412
151,80,44.08038546977218
151,81,45.33697352070597
151,82,43.26915441290209
151,83,44.431438946112706
151,84,44.63077712652607
151,85,42.94745598248013
151,86,39.686111062643946
151,87,36.5324497700902
151,88,32.791439356617644
151,89,30.58411613329559
151,90,27.016768522469693
151,91,24.82213983134605
151,92,27.167478587254905
151,93,27.560029483493484
151,94,29.899799288119826
151,95,31.380613462802263
151,96,33.13262412694037
151,97,36.342022361865205
151,98,36.03105497202695
151,99,39.63214626558691
151,100,39.127888229658296
151,101,36.17143578066474
151,102,38.197738749158226
151,103,41.22415286229248
151,104,39.78943391302092
151,105,37.98956394525017
151,106,41.18574749577254
151,107,43.287556537235474
151,108,41.21885306367876
151,109,41.981090403280085
151,110,39.033375108543524
151,111,35.461228014114035
151,112,34.94826577250905
151,113,31.260089594412612
151,114,29.99320254186036
151,115,26.379188414365125
151,116,25.003705161508925
151,117,22.352427947091194
151,118,19.799689149066733
151,119,16.846849446367088
151,120,13.695036402173834
151,121,11.509901004401403
151,122,7.816615322267573
151,123,7.937066528616442
151,124,8.632949590069044
151,125,12.422732731685823
151,126,15.325858863444532
151,127,14.73224253115088
151,128,17.70991977514809
151,129,20.012211992172098
151,130,22.83717759082443
151,131,25.10289892105421
151,132,24.842245306003438
151,133,25.390610138176548
151,134,26.024626966107046
151,135,27.77887546369223
151,136,27.11218649600605
151,137,23.39526503297485
151,138,21.503122338727376
151,139,21.474588715643502
151,140,21.69585321051107
151,141,23.97620607246575
151,142,24.56093354468586
151,143,24.78768334312046
151,144,21.791799924486135
151,145,18.054769414760713
151,146,15.87454123689288
151,147,12.59862685314674
151,148,9.820938714192598
151,149,6.372590373724745
151,150,3.740800232503753
151,152,3.784436906340577
151,153,5.557067697583197
151,154,8.05434301711212
151,155,10.444629703535394
151,156,14.166279067355976
151,157,15.076337542982095
151,158,18.518794125039523
151,159,20.048619691735343
151,160,23.76208150082062
151,161,25.65188109570742
151,162,29.34561762242037
151,163,32.285733527493946
151,164,34.568252507273996
151,165,36.58571169942805
151,166,39.92876564111845
151,167,38.83725204152313
151,168,36.81032748563517
151,169,33.29645806920857
151,170,32.18826392505753
151,171,28.500655276028088
151,172,27.26083114989087
151,173,24.054654933558222
151,174,23.005014265491514
151,175,21.366780133688227
151,176,19.85399206681565
151,177,21.596320481693812
151,178,20.090319729444396
151,179,22.555898179144265
151,180,21.09639316230353
151,181,19.11501382269678
151,182,16.88675314296527
151,183,16.32839941667926
151,184,15.600016718354967
151,185,12.992795459743139
151,186,11.32274308171737
151,187,10.986556533156424
151,188,10.947892910547369
151,189,10.479715473943566
151,190,13.524235908236324
151,191,16.684005805675728
151,192,18.5237887733265
151,193,17.535400659603795
151,194,19.809810009273793
151,195,20.68570177595038
151,196,23.22797997760418
151,197,24.83506196314461
151,198,27.698702889425952
151,199,30.443131070102087
151,200,33.247210741293905
151,201,35.31182871039058
151,202,32.97571287264949
151,203,30.0088975945062
151,204,28.403501750288793
151,205,26.280186839052107
151,206,25.057955181914082
151,207,23.669135257356942
151,208,22.350317962578504
151,209,24.393777155511486
151,210,22.998892494434262
151,211,25.94512832641539
151,212,27.14524473392263
151,213,29.226641768407188
151,214,31.7056829489378
151,215,30.513587324082568
151,216,30.545217662291186
151,217,29.745849538833188
151,218,28.00466135885112
151,219,25.720577518880948
151,220,26.141257622581136
151,221,23.473855399471148
151,222,24.494868439136305
151,223,23.7776602951412
151,224,26.035729160390254
151,225,27.14263493929115
151,226,28.272561863905295
151,227,29.85273648187819
151,228,30.61480780320236
151,229,33.348941887560386
151,230,33.017474353891906
151,231,36.45818179447484
151,232,37.20861377050815
151,233,36.274919273505446
151,234,33.775422742903665
151,235,29.97912652268545
151,236,27.192300471215646
151,237,24.593042183918385
151,238,21.548354209662694
151,239,19.78546555997665
151,240,17.283024442779507
151,241,14.835609670077618
151,242,14.315356017732025
151,243,16.332191487894335
151,244,17.226189377172563
151,245,18.75030005595538
151,246,19.188063160680468
151,247,22.239142672932317
151,248,22.40717123675391
151,249,25.699969357659484
151,250,29.086686853979778
151,251,32.184393625936394
151,252,35.57375421911784
151,253,38.04428012360725
151,254,41.76603005045972
151,255,44.98010630917692
151,256,47.61968211065566
151,257,49.330029171607
151,258,46.40305089081069
151,259,46.10758128588893
151,260,45.04989406339871
151,261,47.2425268540376
151,262,46.91796312664884
151,263,49.28981491808923
151,264,49.81142082648433
151,265,52.52103653998124
151,266,52.230523049602226
151,267,52.25389441805672
151,268,55.37626062708917
151,269,56.72534989591681
151,270,59.110594296669134
151,271,59.60112969974159
151,272,59.63226939085505
151,273,58.82386707795266
151,274,58.20678156119695
151,275,55.451099942536636
151,276,55.397479222266746
151,277,53.22336956237264
151,278,56.38923188208316
151,279,56.372822636509206
151,280,58.16734714746634
151,281,61.550133550616735
151,282,64.26506462079413
151,283,65.1940126470597
151,284,68.95848277628153
151,285,69.55283777212404
151,286,68.78086211540699
151,287,67.40601034635253
151,288,65.10646621582063
151,289,64.51017866085799
151,290,61.64149095815669
151,291,58.54017277927761
151,292,57.695753027120396
151,293,54.342364943270184
151,294,55.16192928565537
151,295,53.79577365812986
151,296,55.91498645384719
151,297,59.633325994601535
151,298,60.79474387591458
151,299,63.86552268293475
151,300,63.59366811095105
151,301,62.7363018895128
151,302,65.6586304627653
151,303,66.50777128235225
151,304,69.80986534079318
151,305,69.9114064570733
151,306,73.03885801160187
151,307,74.91507261187428
151,308,78.051426836617
151,309,79.27690033971993
151,310,82.97698592690834
151,311,83.90493573212329
151,312,87.66402184005383
151,313,90.64266520336244
151,314,91.89349721639742
151,315,92.96192198438699
151,316,96.56289050808984
151,317,97.86604021912257
151,318,101.45764148216955
152,1,125.51762440421099
152,2,126.31986567289553
152,3,122.80894581457696
152,4,119.1589679283843
152,5,115.90145047693446
152,6,112.52565717087205
152,7,109.46392330786745
152,8,106.00002594031128
152,9,102.97807239465855
152,10,99.30804488634878
152,11,97.48676033423875
152,12,95.98775001792195
152,13,93.88008406153831
152,14,94.28324203935145
152,15,90.79318411316541
152,16,88.94203164983972
152,17,85.67568375133519
152,18,84.90436315329563
152,19,83.21038707400218
152,20,82.63118415570237
152,21,83.97803812062585
152,22,84.0673895120048
152,23,86.94854554404532
152,24,86.83064786880263
152,25,84.20163319914462
152,26,85.82638898609926
152,27,88.20563499555792
152,28,89.25541007964374
152,29,88.80334703972677
152,30,89.47933381680146
152,31,85.88466882048687
152,32,82.38116798479464
152,33,78.86694084762553
152,34,75.54808278076432
152,35,73.1964236327744
152,36,70.17757904957189
152,37,67.87469942180749
152,38,66.9996335302026
152,39,65.94670111950805
152,40,63.1527740215871
152,41,62.603198593173055
152,42,59.292147186269816
152,43,57.49485937380213
152,44,55.51235027248079
152,45,57.01261134725178
152,46,54.59520614245711
152,47,56.830623788482484
152,48,57.085802629893635
152,49,53.69533744070652
152,50,50.4789387408785
152,51,49.240464495086755
152,52,45.68890213062272
152,53,45.50260215188979
152,54,42.16652340036045
152,55,43.01094453635739
152,56,40.02829830100588
152,57,38.00022735088963
152,58,38.02390610149671
152,59,37.72792040069911
152,60,34.4124496063333
152,61,33.02211986839151
152,62,34.23486570409037
152,63,32.80554258631225
152,64,29.257183393981165
152,65,29.61722121038615
152,66,29.937068598832962
152,67,30.202452543623178
152,68,33.83555902907442
152,69,34.6296074490139
152,70,33.44278772249362
152,71,37.162233445596065
152,72,37.48934805102668
152,73,35.242979239699395
152,74,37.17607042488605
152,75,40.16114562504813
152,76,42.906104091941906
152,77,45.60850478909956
152,78,48.54356783988372
152,79,48.09395358007875
152,80,45.02317498499313
152,81,46.14006394621347
152,82,43.857807011526376
152,83,44.94584617540034
152,84,44.86699894538558
152,85,43.31484813588323
152,86,40.115904366689335
152,87,36.819841985687226
152,88,33.079714880789155
152,89,31.012833331263206
152,90,27.463052141660246
152,91,24.863853862494786
152,92,26.767000341863827
152,93,27.144206036796263
152,94,29.263286176653512
152,95,30.92440031147357
152,96,32.39279395815969
152,97,35.78210550129374
152,98,35.729064122915396
152,99,39.420656541384965
152,100,39.02087661682152
152,101,36.31349031820131
152,102,38.46612834991242
152,103,41.50729001625437
152,104,40.25785590601849
152,105,38.70978824492838
152,106,41.91635524459799
152,107,44.03514638785317
152,108,42.215761592251205
152,109,43.149244656217746
152,110,40.41855277629293
152,111,36.897252571155406
152,112,36.67688867044276
152,113,33.04076124200766
152,114,32.002013648407605
152,115,28.53326886057349
152,116,27.124968452795642
152,117,24.68304417786897
152,118,21.763178390190824
152,119,18.99503461067148
152,120,15.51701626934761
152,121,13.496476860028961
152,122,9.727617954639731
152,123,9.631691076407202
152,124,10.790771579708347
152,125,14.49197273062231
152,126,17.22896455003685
152,127,15.950131138764233
152,128,18.73077279015665
152,129,20.515184958457116
152,130,23.31293140277594
152,131,25.322771607631203
152,132,25.540486920578257
152,133,26.48188291738578
152,134,27.583537323597508
152,135,29.52777519052384
152,136,28.71480164763151
152,137,24.93818215206886
152,138,22.738203956102712
152,139,22.842596443911493
152,140,22.802986166262723
152,141,25.07581047347121
152,142,26.157831193848747
152,143,26.236545041075274
152,144,22.923213434998132
152,145,19.36744856670122
152,146,16.694690517111248
152,147,13.42138411900549
152,148,10.095563107982091
152,149,6.379972660755538
152,150,5.938966707366244
152,151,3.784436906340577
152,153,3.7927231289331957
152,154,7.119076327543123
152,155,9.894230044782907
152,156,13.503407159910807
152,157,15.2584106441019
152,158,18.87787200942268
152,159,20.99517503164675
152,160,24.784027442166447
152,161,26.985794514550516
152,162,30.650053205652874
152,163,33.64064174729618
152,164,36.16521244131641
152,165,38.24291918999104
152,166,41.43713685828202
152,167,40.20886450226687
152,168,37.91737453851063
152,169,34.45360636624319
152,170,33.106258322752716
152,171,29.337900312920745
152,172,27.895938550151055
152,173,24.428002733583874
152,174,22.893805301868007
152,175,20.70135877387858
152,176,18.975978296647128
152,177,20.1301728066033
152,178,18.347224750721246
152,179,20.525538961646685
152,180,18.61505511021143
152,181,16.22090768524407
152,182,14.132632169572569
152,183,14.223852350058436
152,184,13.260911656381317
152,185,10.13738643144634
152,186,9.099817245875759
152,187,9.607262512525708
152,188,9.184407306500399
152,189,7.580175860934577
152,190,10.64911643984689
152,191,13.569134050790355
152,192,15.866543567791041
152,193,15.526811981685073
152,194,18.25032625947608
152,195,19.782174667030564
152,196,22.53350517308589
152,197,24.659058206329355
152,198,27.593353974950542
152,199,30.625576646841314
152,200,33.339726008737
152,201,35.20482714734369
152,202,32.6583486382072
152,203,29.430700724510086
152,204,27.682651141551982
152,205,25.150409105067148
152,206,23.717925115286295
152,207,21.84232184803682
152,208,20.53572446157557
152,209,22.297661887825583
152,210,20.653114943526724
152,211,23.666939163908598
152,212,25.032603291632412
152,213,27.449179468799183
152,214,30.157089145021295
152,215,29.295006483049676
152,216,29.74887814834455
152,217,29.329773414963533
152,218,27.324850986091334
152,219,24.8065325582045
152,220,24.747316613691716
152,221,22.19389150892685
152,222,23.507221855943257
152,223,23.157632424643353
152,224,25.359383252747886
152,225,26.923399729324206
152,226,28.095047829608347
152,227,30.02991589552694
152,228,30.905522784468555
152,229,33.891951309747334
152,230,33.75511810343046
152,231,37.275886499501404
152,232,38.321143837310046
152,233,37.33412103602217
152,234,34.562281516571055
152,235,30.80871644931679
152,236,27.90111942455338
152,237,25.018437965305733
152,238,21.813299407097492
152,239,19.528875823535852
152,240,16.615077462752822
152,241,13.574828886353385
152,242,13.040407723286686
152,243,15.324222381313682
152,244,16.956433790401018
152,245,18.99897973699624
152,246,19.961710132379714
152,247,23.36122935550208
152,248,24.101038893606518
152,249,27.35754142511042
152,250,30.513783696430778
152,251,33.55384775098376
152,252,37.02626456544669
152,253,39.216420952198725
152,254,42.97013855072379
152,255,46.00923366541638
152,256,48.69782773163537
152,257,50.33402920923213
152,258,47.39159521221877
152,259,46.84365896876333
152,260,45.675995640999304
152,261,47.7485477497307
152,262,47.270739320245454
152,263,49.75852638679793
152,264,50.336070419880684
152,265,53.22468286210092
152,266,53.182506862204086
152,267,53.41386726515068
152,268,56.67284419700525
152,269,58.220543143850584
152,270,60.5219330246375
152,271,60.976944848536014
152,272,60.801396751833074
152,273,59.91648454357487
152,274,59.077553005877306
152,275,56.242287867925704
152,276,55.95443782173926
152,277,53.68072808848267
152,278,56.86394205488169
152,279,57.094533980497786
152,280,59.02290913037636
152,281,62.332100652918164
152,282,65.14893871763812
152,283,66.02517407410873
152,284,69.81582555117801
152,285,70.20931527000265
152,286,69.32124922775813
152,287,67.78538227511979
152,288,65.45802769738945
152,289,64.69963229561093
152,290,61.92045273746619
152,291,58.732947062118335
152,292,57.79636367736275
152,293,54.57280031688169
152,294,55.63378606604025
152,295,54.48593886398954
152,296,56.78148005546425
152,297,60.49434928156114
152,298,61.47479560339517
152,299,64.40818122626976
152,300,63.93152825483327
152,301,62.91379488668637
152,302,65.69267163843102
152,303,66.38662974413018
152,304,69.7687258358813
152,305,69.98071326679423
152,306,73.20209137355283
152,307,75.11166652364325
152,308,78.34838143133175
152,309,79.6672268356413
152,310,83.39989356414908
152,311,84.4921371292537
152,312,88.22971677642975
152,313,91.11417003355211
152,314,92.23439204050113
152,315,93.32926768756657
152,316,96.88284659916583
152,317,98.22387121840097
152,318,101.84511713117104
153,1,123.81624791700806
153,2,124.51854844982985
153,3,120.98383266567613
153,4,117.3621808705091
153,5,114.10394368814485
153,6,110.69458584547004
153,7,107.64961049928243
153,8,104.14089267101772
153,9,101.17917093735204
153,10,97.53947478359115
153,11,95.83340692634987
153,12,94.41037685466091
153,13,92.42024972906364
153,14,92.93496154719146
153,15,89.44608260680371
153,16,87.46528667201106
153,17,84.15201321015375
153,18,83.30024648701813
153,19,81.4681642497186
153,20,80.77523474309227
153,21,81.97993645782734
153,22,81.95774186473383
153,23,84.89680236496568
153,24,84.92005711384772
153,25,82.39729356485132
153,26,84.10990498645585
153,27,86.45702838281775
153,28,87.60566696345526
153,29,87.10793121910652
153,30,87.86072439391066
153,31,84.27707200922856
153,32,80.72547492546555
153,33,77.2194683008195
153,34,73.92188679500951
153,35,71.43413737514462
153,36,68.49254991156661
153,37,66.30884330551257
153,38,65.57781213334837
153,39,64.68736953163142
153,40,61.956730065580985
153,41,61.57858565930421
153,42,58.32740826169538
153,43,56.51785974803163
153,44,54.36127448105504
153,45,55.81881685203603
153,46,53.394298140787235
153,47,55.45977029280387
153,48,55.53948681079321
153,49,52.08336040691278
153,50,48.982928986518196
153,51,47.88726353228492
153,52,44.450632275968026
153,53,44.49729751659417
153,54,41.20324226879491
153,55,42.35281975690349
153,56,39.496317408016395
153,57,37.17314731428823
153,58,36.87034211623139
153,59,36.2724970098499
153,60,32.87466004942978
153,61,31.86224423245095
153,62,33.029091012488784
153,63,31.231599492930254
153,64,27.819410981362804
153,65,28.5803098627753
153,66,29.253596088282983
153,67,29.910932013495582
153,68,33.58441374109368
153,69,33.971085724541105
153,70,32.81254578682405
153,71,36.5115071947473
153,72,36.46959499471954
153,73,34.07913862703459
153,74,35.724450889314575
153,75,38.75518842449527
153,76,41.27654014394805
153,77,43.96738510880588
153,78,46.76220336390836
153,79,46.44442388126088
153,80,43.52379316192365
153,81,44.85303443795129
153,82,42.68532517229571
153,83,44.04890525465659
153,84,44.092159938904054
153,85,42.82296619517631
153,86,39.47458415392267
153,87,36.31458982931666
153,88,32.53882976865231
153,89,30.84354724462879
153,90,27.15611825986954
153,91,24.41080256062986
153,92,26.112895900076133
153,93,25.964467110078875
153,94,27.72484826842756
153,95,29.01842295632783
153,96,30.21711495777879
153,97,33.50870161580019
153,98,33.72728250594298
153,99,37.35295202751235
153,100,36.6722073690236
153,101,34.05247575627277
153,102,36.462510074096635
153,103,39.31130907054247
153,104,37.881081866425944
153,105,36.56115401205568
153,106,39.916315491301596
153,107,41.803500200178746
153,108,39.95315890236913
153,109,41.15625413832935
153,110,38.519531479583435
153,111,35.135296034517346
153,112,34.843850601173315
153,113,31.18313969624535
153,114,30.022339061824802
153,115,26.66270925221748
153,116,24.938590075739295
153,117,22.524588433528773
153,118,19.350493306820347
153,119,16.621160203873572
153,120,13.065876106352826
153,121,11.056319688892753
153,122,7.5439375767656225
153,123,7.889792248652593
153,124,10.240416087715348
153,125,13.639610771292002
153,126,16.755577400450335
153,127,15.791453561684714
153,128,18.959531365234938
153,129,20.98863524206273
153,130,24.16481346575673
153,131,25.72838060070869
153,132,25.674669414223505
153,133,26.998602114313826
153,134,27.94414824024009
153,135,30.25840167883105
153,136,29.89061199863575
153,137,26.101996854948
153,138,23.56186905882717
153,139,23.072396065962224
153,140,22.432719228264244
153,141,24.198620147861227
153,142,25.22080817636609
153,143,24.764019142206333
153,144,21.360557096768982
153,145,17.895423322130288
153,146,15.485332923395813
153,147,11.892058626455803
153,148,9.098615349888288
153,149,5.556275196575644
153,150,5.863812825482484
153,151,5.557067697583197
153,152,3.7927231289331957
153,154,3.807337806825857
153,155,6.148336943781794
153,156,9.740260271149648
153,157,11.718580823506393
153,158,15.299518362022559
153,159,17.68095426586643
153,160,21.47648586155702
153,161,23.92010734431955
153,162,27.499192905247433
153,163,30.59174666685898
153,164,33.172495703089325
153,165,35.39406625711195
153,166,38.52814904757457
153,167,37.38173814495412
153,168,35.04892124464905
153,169,31.70720410231721
153,170,30.483591368911476
153,171,26.740559196830212
153,172,25.565585315905103
153,173,22.067401833433685
153,174,20.712466109186728
153,175,18.566233015803984
153,176,17.429196683914334
153,177,18.81911961234325
153,178,17.677764441856226
153,179,20.290293276895202
153,180,18.700668633824122
153,181,16.137814309836497
153,182,14.863958123155786
153,183,14.641419845266807
153,184,12.747658380651314
153,185,10.03638054706086
153,186,10.07958406040596
153,187,9.520019303046016
153,188,7.694315937016456
153,189,6.563079613950028
153,190,8.645986340347996
153,191,12.141688553245597
153,192,13.766694040686312
153,193,12.935599194048168
153,194,15.245418052366105
153,195,16.696151407856572
153,196,19.17705199111234
153,197,21.358808263065647
153,198,24.129952714564347
153,199,27.149126457126485
153,200,29.742547211577897
153,201,31.67591838958094
153,202,29.217277234032146
153,203,25.991923953843266
153,204,24.46851992535829
153,205,21.95638223583807
153,206,20.87930223696345
153,207,19.23682233287136
153,208,18.443365269351272
153,209,20.675491160074376
153,210,19.59880183435918
153,211,22.928505622789924
153,212,24.767697052695397
153,213,26.997529573440403
153,214,29.947635319433324
153,215,29.400671231444658
153,216,29.68438029984838
153,217,29.581906937399282
153,218,27.91785073832097
153,219,25.062047154748324
153,220,24.711088063616156
153,221,21.76573619446573
153,222,22.558168616517026
153,223,21.76161029961959
153,224,23.491814880334125
153,225,24.865429022584138
153,226,25.619007343295657
153,227,27.3943652572484
153,228,27.980208334893906
153,229,30.92103223179489
153,230,30.634870262928196
153,231,34.1026072062927
153,232,35.16542824474254
153,233,34.032929610696186
153,234,31.186598185984
153,235,27.45303583410754
153,236,24.62361704174058
153,237,21.57318173144244
153,238,18.466950630567077
153,239,15.983759120544791
153,240,13.214011483246171
153,241,10.15629682294611
153,242,10.309266369550146
153,243,13.179505716343604
153,244,14.500245926586782
153,245,16.993652621375055
153,246,17.66135164353216
153,247,21.12319096154921
153,248,22.144599493758232
153,249,25.13603776798048
153,250,28.138123107792982
153,251,31.312262234957725
153,252,34.69726607043358
153,253,36.73771293721539
153,254,40.523293884596136
153,255,43.50477939598517
153,256,46.34914891630624
153,257,48.1458374769248
153,258,45.35601203234688
153,259,44.88297338889861
153,260,43.93750450935083
153,261,46.1836311306759
153,262,45.92500169622315
153,263,48.60678963379469
153,264,49.459310113218365
153,265,52.31430900936582
153,266,52.40638159034248
153,267,52.51495620216493
153,268,55.80202605614497
153,269,57.294960911735735
153,270,59.41111056478322
153,271,59.64088887123437
153,272,59.32858877313815
153,273,58.232046964550804
153,274,57.40611864163259
153,275,54.69480036563406
153,276,54.456984795256936
153,277,52.35047166173811
153,278,55.663157269756645
153,279,55.887136359763254
153,280,57.679393323028364
153,281,60.890959462891416
153,282,63.61520501636331
153,283,64.29507802914992
153,284,68.09262529027914
153,285,68.43284339082354
153,286,67.38214106948091
153,287,65.91620170208093
153,288,63.73642669370427
153,289,63.09043584610408
153,290,60.441268386831574
153,291,57.15352672404438
153,292,56.00851533534068
153,293,52.81864449896267
153,294,53.84561075243095
153,295,52.64338463005077
153,296,54.87759696522566
153,297,58.54233419487401
153,298,59.59420768181538
153,299,62.507401531410174
153,300,61.92726045070397
153,301,61.01907848172577
153,302,63.81100038384412
153,303,64.61984527257688
153,304,68.05983702324247
153,305,68.4392926347311
153,306,71.61071091152868
153,307,73.37247124387231
153,308,76.63298161070381
153,309,77.83571701571579
153,310,81.5833380891296
153,311,82.6960112563488
153,312,86.44571421788467
153,313,89.28279826775704
153,314,90.44530485036174
153,315,91.67284452150399
153,316,95.23660746832854
153,317,96.70298939087775
153,318,100.35946441035401
154,1,120.33278665297127
154,2,120.9897326531106
154,3,117.44365750753731
154,4,113.83573396029648
154,5,110.57522832709822
154,6,107.15413851915282
154,7,104.11428851092971
154,8,100.58789076838647
154,9,97.65166640850299
154,10,94.02708811830419
154,11,92.37554204827077
154,12,90.98822634132544
154,13,89.05913480127347
154,14,89.63382020330071
154,15,86.14910904130986
154,16,84.0999651226171
154,17,80.7665735906734
154,18,79.88220090884751
154,19,77.9841710101236
154,20,77.24937073836037
154,21,78.39420647833636
154,22,78.34103172019374
154,23,81.31126721913216
154,24,81.38751913281897
154,25,78.91626935177287
154,26,80.65444181452123
154,27,82.9732989572093
154,28,84.16027695067895
154,29,83.63414674038756
154,30,84.42148107990627
154,31,80.84553326767201
154,32,77.27234801589637
154,33,73.7733412898259
154,34,70.48801354086149
154,35,67.93666637271939
154,36,65.03528875158645
154,37,62.912443533748515
154,38,62.261089905488056
154,39,61.46230352985384
154,40,58.77476546275242
154,41,58.50871128388792
154,42,55.29807921379787
154,43,53.495989755558455
154,44,51.24336200697234
154,45,52.69929149367703
154,46,50.30806142282663
154,47,52.290622589761455
154,48,52.28313311150741
154,49,48.778334312203555
154,50,45.76671092704991
154,51,44.71144182882736
154,52,41.35435149998583
154,53,41.519887500300975
154,54,38.250184638812335
154,55,39.60136049795165
154,56,36.84220607033343
154,57,34.31858032849044
154,58,33.78629038827228
154,59,33.011766522645864
154,60,29.572289359886607
154,61,28.808568162460894
154,62,29.97543119111723
154,63,27.9645429342738
154,64,24.642576446550763
154,65,25.705567837545836
154,66,26.58881640739186
154,67,27.587001369315274
154,68,31.23723306187208
154,69,31.315643253374574
154,70,30.266889181813774
154,71,33.94317475182393
154,72,33.61180241645567
154,73,31.21106000498317
154,74,32.718074345084574
154,75,35.69450526541099
154,76,38.055079729662395
154,77,40.67656897171683
154,78,43.36664911547883
154,79,43.07507304337409
154,80,40.23163358631488
154,81,41.66391120963069
154,82,39.56398978359915
154,83,41.10329184153355
154,84,41.24052278170006
154,85,40.178778962544406
154,86,36.7338607126144
154,87,33.7015200925968
154,88,29.927333098668107
154,89,28.545067461259386
154,90,24.789837916783924
154,91,21.983160956043363
154,92,23.55282032173985
154,93,23.011309690753652
154,94,24.562128289248818
154,95,25.5978173218794
154,96,26.72626165435294
154,97,29.928607307112884
154,98,30.21882840880216
154,99,33.7944074974269
154,100,32.990367832321475
154,101,30.390974270590743
154,102,32.90128989592236
154,103,35.66402167546484
154,104,34.1804665988247
154,105,32.964024573562114
154,106,36.37002210812874
154,107,38.16879321736294
154,108,36.35590241987054
154,109,37.682139070715635
154,110,35.14789690839388
154,111,31.851941759812714
154,112,31.640911906752578
154,113,28.025096758511875
154,114,26.972886791406598
154,115,23.78310330630123
154,116,22.05178582756436
154,117,19.94393130847996
154,118,16.525242581304923
154,119,14.226690214823549
154,120,10.509157641434319
154,121,9.347124898502164
154,122,6.601593804393845
154,123,6.093671223015788
154,124,8.9754704342025
154,125,11.684869378266132
154,126,14.79699339155363
154,127,13.957658783777102
154,128,17.297345807860676
154,129,19.45290882616335
154,130,22.90918462132482
154,131,24.0217191108141
154,132,23.717091597807546
154,133,25.391182299335842
154,134,26.247866387317103
154,135,28.9029417001764
154,136,28.9442027192239
154,137,25.2053314774806
154,138,22.340685893672777
154,139,21.32960981698415
154,140,20.14686270725306
154,141,21.478198754612947
154,142,22.55260540495514
154,143,21.72634483299994
154,144,18.239505874621184
154,145,14.965045438507076
154,146,12.707726559570999
154,147,9.072437280607524
154,148,6.97683961907096
154,149,4.660669620858562
154,150,6.374338158601108
154,151,8.05434301711212
154,152,7.119076327543123
154,153,3.807337806825857
154,155,3.819416986383079
154,156,6.849531320996387
154,157,8.469829146503955
154,158,12.220013606990676
154,159,14.58134259920199
154,160,18.330090130235668
154,161,20.71266341928292
154,162,24.304327877161114
154,163,27.283735668108474
154,164,30.046430158474497
154,165,32.167018413433766
154,166,35.18115737054534
154,167,33.905403280757035
154,168,31.453795872299384
154,169,28.13100697337702
154,170,26.826197303658418
154,171,23.08066009652789
154,172,21.9347637266845
154,173,18.413752974544632
154,174,17.14257697279844
154,175,15.121795030789583
154,176,14.43357854744426
154,177,16.18963558555366
154,178,15.706137809894065
154,179,18.76421461751733
154,180,17.784596587401598
154,181,15.522606159255762
154,182,14.879321691339205
154,183,13.93910504147375
154,184,11.49483360367576
154,185,9.79409130575356
154,186,10.304249205152642
154,187,8.458737704735958
154,188,5.750037583488327
154,189,6.359674275154074
154,190,7.545319989803229
154,191,11.214667851288967
154,192,11.817535692144142
154,193,10.115882261197928
154,194,11.955789425349055
154,195,13.02944422874297
154,196,15.517564773658973
154,197,17.6090078377881
154,198,20.483895842442923
154,199,23.560734136714025
154,200,26.28484619293019
154,201,28.088527584206986
154,202,25.557508277780542
154,203,22.367746557031342
154,204,20.78115279379717
154,205,18.423006097162556
154,206,17.43485746787031
154,207,16.160426897687483
154,208,15.538258149793318
154,209,18.18161858133864
154,210,17.669212235278813
154,211,21.107850107513535
154,212,23.17878936000403
154,213,25.042517600260688
154,214,28.050596586042648
154,215,27.65107727300371
154,216,27.656086215307088
154,217,27.75067230490192
154,218,26.478393079978574
154,219,23.41332981755815
154,220,22.965712224639674
154,221,19.694613680891454
154,222,19.954811294963868
154,223,18.74142274283027
154,224,20.16606633158085
154,225,21.345904642454776
154,226,21.9137134010886
154,227,23.628831467112015
154,228,24.18807971314578
154,229,27.167751141067892
154,230,26.97821410112659
154,231,30.493376815801646
154,232,31.711238766974034
154,233,30.710839059594853
154,234,27.757956402072224
154,235,24.063178121177437
154,236,21.085609547191044
154,237,18.081943536596786
154,238,14.825349538989514
154,239,12.422552984191602
154,240,9.544603732972817
154,241,6.787332391784614
154,242,6.893571806104757
154,243,9.90213308267371
154,244,10.856447287719016
154,245,13.555083990226406
154,246,14.147871048782223
154,247,17.686729402267847
154,248,19.03512581709888
154,249,21.893760849073825
154,250,24.718440913269994
154,251,27.867516624523596
154,252,31.249488726049115
154,253,33.152199892168916
154,254,36.940385230370346
154,255,39.854844289383365
154,256,42.734467112892375
154,257,44.55412355598337
154,258,41.81862510951239
154,259,41.34237584353173
154,260,40.49264937902506
154,261,42.81931550111586
154,262,42.68703938673395
154,263,45.478782816859884
154,264,46.50850347646263
154,265,49.3348815828389
154,266,49.530513055513715
154,267,49.57857301694041
154,268,52.89350218143947
154,269,54.38365912058544
154,270,56.366095899016344
154,271,56.46290508222198
154,272,56.0428081313432
154,273,54.8334003575436
154,274,53.98683256805093
154,275,51.33518601984393
154,276,51.11351290880371
154,277,49.10497298607078
154,278,52.488298904229
154,279,52.71192634745489
154,280,54.429544090708916
154,281,57.5767424242405
154,282,60.25626503019832
154,283,60.835355202314865
154,284,64.63433275391856
154,285,64.9359441053566
154,286,63.81096736304722
154,287,62.374689950372556
154,288,60.26584623119685
154,289,59.683750003047585
154,290,57.1024479468938
154,291,53.769077851731005
154,292,52.52524671154182
154,293,49.34813664692371
154,294,50.35357970823972
154,295,49.136788776858495
154,296,51.35743702427548
154,297,54.99715456804405
154,298,56.06124886655113
154,299,58.95642809252421
154,300,58.33156536815405
154,301,57.47649104008358
154,302,60.28238872334316
154,303,61.161089052130166
154,304,64.6177476236172
154,305,65.07227472355785
154,306,68.20744805903699
154,307,69.89220298054248
154,308,73.15724061243742
154,309,74.30311833566907
154,310,78.0550472336439
154,311,79.17777261781482
154,312,82.93037341849966
154,313,85.74421022083993
154,314,86.92683832264753
154,315,88.21519424198316
154,316,91.78394409007818
154,317,93.3110311459285
154,318,96.9831014260794
155,1,120.66784766320518
155,2,121.21649172513276
155,3,117.66011688891946
155,4,114.08479250514195
155,5,110.84852754019641
155,6,107.38037193058929
155,7,104.38872744102584
155,8,100.81246505426756
155,9,97.96585796399569
155,10,94.37877618378108
155,11,92.8555751342331
155,12,91.58831420879612
155,13,89.79371080593677
155,14,90.5125618346244
155,15,87.05577665924865
155,16,84.87422600886583
155,17,81.51633764842022
155,18,80.58095692173971
155,19,78.53028482488313
155,20,77.69187503625372
155,21,78.66254104889998
155,22,78.49526142975812
155,23,81.54644842544698
155,24,81.78893936588294
155,25,79.45625364952372
155,26,81.26815148518202
155,27,83.51630351765333
155,28,84.78665565741444
155,29,84.17107237371367
155,30,85.00442059531183
155,31,81.43476475335478
155,32,77.82862439400428
155,33,74.32990019869966
155,34,71.1068636941333
155,35,68.41085452945892
155,36,65.63701107311779
155,37,63.62673786918898
155,38,63.17576942028093
155,39,62.51835771116048
155,40,59.869030333836605
155,41,59.73151591432056
155,42,56.631911768843935
155,43,54.75772170074305
155,44,52.30689651599913
155,45,53.62108476567729
155,46,51.157736787857814
155,47,52.90018768495929
155,48,52.68222737048951
155,49,49.17135137243888
155,50,46.26954707272454
155,51,45.47577713826622
155,52,42.27273420581645
155,53,42.7540621487583
155,54,39.62067333422023
155,55,41.274466881823685
155,56,38.72343722545582
155,57,35.95110528603394
155,58,35.163995333505696
155,59,34.011939358788
155,60,30.60170849807246
155,61,30.231855753327253
155,62,31.175999819744067
155,63,28.78914102057254
155,64,25.753089859531464
155,65,27.10292095763593
155,66,28.423108911815675
155,67,29.62667266300657
155,68,33.282471793650416
155,69,32.971535081023156
155,70,31.79550966063735
155,71,35.34763725075995
155,72,34.72167295947676
155,73,32.08525349168013
155,74,33.173446948799985
155,75,36.26844169317585
155,76,38.39412524021776
155,77,41.081963006154915
155,78,43.64284921490741
155,79,43.61375722866276
155,80,41.006234339388925
155,81,42.72391980869401
155,82,40.84415135751181
155,83,42.676180821528554
155,84,43.006880071486165
155,85,42.18551695965337
155,86,38.626650850336965
155,87,35.79621697030907
155,88,32.050895577607854
155,89,30.970570991320084
155,90,27.177757251713043
155,91,24.42799532132522
155,92,25.863553796937598
155,93,24.83776074653112
155,94,25.98313738522375
155,95,26.511916465063546
155,96,27.294129964833076
155,97,30.26885832130235
155,98,30.87999664808896
155,99,34.2923952399233
155,100,33.07974101585324
155,101,30.57336096297525
155,102,33.3676344279269
155,103,35.826222411184084
155,104,34.02719234173974
155,105,33.05907485338931
155,106,36.63131521692386
155,107,38.07892654539578
155,108,36.118655279561516
155,109,37.73977323813203
155,110,35.244630712544854
155,111,32.14669912179928
155,112,31.657146236420672
155,113,28.013949065980793
155,114,26.60297418681669
155,115,23.508980742606592
155,116,21.251172796982935
155,117,18.95205594942941
155,118,15.47859483954331
155,119,12.994890750048578
155,120,9.687820444442194
155,121,8.092876348670211
155,122,6.42353861651015
155,123,7.5215516262593285
155,124,11.140949861448657
155,125,13.376049822089247
155,126,16.78387899834592
155,127,16.58215846163027
155,128,20.11474412256377
155,129,22.50864687369135
155,130,26.09801624039816
155,131,26.99533507130469
155,132,26.393546478202893
155,133,28.16306895089269
155,134,28.720084502341884
155,135,31.494631733597412
155,136,31.84855085187411
155,137,28.173965391920895
155,138,25.298537703968375
155,139,23.895414003726327
155,140,22.389278032551076
155,141,23.207481799419867
155,142,23.94844138519828
155,143,22.590785351149787
155,144,19.27643570382866
155,145,16.175276561014055
155,146,14.634788101537138
155,147,10.982484217488999
155,148,9.982260279022931
155,149,8.187939588397994
155,150,8.958088498855227
155,151,10.444629703535394
155,152,9.894230044782907
155,153,6.148336943781794
155,154,3.819416986383079
155,156,3.79536549951159
155,157,5.942522064913777
155,158,9.317571229921093
155,159,12.121726714125662
155,160,15.858732708388303
155,161,18.686782800352628
155,162,22.066224910435402
155,163,25.308746645875303
155,164,27.92774528901725
155,165,30.373616578560473
155,166,33.40734346251377
155,167,32.44581687201564
155,168,30.12437783027454
155,169,27.03198405209749
155,170,26.131770761269248
155,171,22.53297705030005
155,172,21.97927500055751
155,173,18.634713703302108
155,174,17.88165963712983
155,175,16.180323632785413
155,176,16.337402270830108
155,177,18.259039458936996
155,178,18.376696750217494
155,179,21.57262234353461
155,180,20.73006239055549
155,181,18.30048689834668
155,182,18.14852823329019
155,183,17.317766259542136
155,184,14.47207391980126
155,185,12.965831964113072
155,186,13.986634384335352
155,187,12.065730240861129
155,188,8.94647303023743
155,189,9.405321807936229
155,190,9.298261006814398
155,191,12.981052292389
155,192,12.934705019594597
155,193,10.88192631791608
155,194,11.72754469472768
155,195,12.511148946989683
155,196,14.157328228671908
155,197,16.17328617635359
155,198,18.534707039992572
155,199,21.40319602373506
155,200,23.797716550292794
155,201,25.92673190836322
155,202,23.725908132892386
155,203,20.639109551651206
155,204,19.657481441250418
155,205,17.44187214596978
155,206,17.246416224124292
155,207,16.414044907915784
155,208,16.661420928330642
155,209,19.713367537219
155,210,19.7772735870085
155,211,23.37687664633552
155,212,25.800870302452996
155,213,27.521025276822165
155,214,30.669348586184057
155,215,30.516059210466494
155,216,30.38651436554519
155,217,30.662984670387093
155,218,29.650298033425408
155,219,26.460639283837445
155,220,25.837365672458596
155,221,22.389352403287123
155,222,22.186264082640072
155,223,20.53143268539436
155,224,21.33831362991306
155,225,22.12643022945162
155,226,22.035642662605213
155,227,23.32212455401753
155,228,23.284826983053524
155,229,26.012378209686716
155,230,25.378304463337297
155,231,28.700244461010765
155,232,29.71220748482922
155,233,28.339887678368935
155,234,25.432662508616158
155,235,21.738852486021432
155,236,19.114206752817132
155,237,15.828586974981956
155,238,13.038227066094258
155,239,10.344934594774509
155,240,8.304639290859596
155,241,5.97689966972413
155,242,8.013854156390797
155,243,11.493415645988188
155,244,11.639976345591046
155,245,14.639576024734914
155,246,14.456536999770877
155,247,17.73429817277731
155,248,19.10990495388221
155,249,21.47536289721999
155,250,24.15858146753082
155,251,27.536662075046024
155,252,30.68129894993609
155,253,32.49717150475586
155,254,36.29252385373806
155,255,39.194802905278195
155,256,42.27935349734049
155,257,44.36497926209135
155,258,41.87084738861911
155,259,41.60842758830825
155,260,41.094429419566175
155,261,43.65159960911295
155,262,43.81819741146274
155,263,46.76240996864686
155,264,48.0500143665815
155,265,50.76655507109629
155,266,51.01045902800963
155,267,50.85539043355628
155,268,54.12218179046564
155,269,55.45868552974996
155,270,57.27102529720047
155,271,57.130820977238514
155,272,56.64653249131561
155,273,55.22060697844599
155,274,54.485514492405
155,275,52.02749690876934
155,276,51.94611641716042
155,277,50.170672260107295
155,278,53.66722052089913
155,279,53.80481945966849
155,280,55.315432337847966
155,281,58.36205026297032
155,282,60.88468589658263
155,283,61.24585217937753
155,284,65.02869950439883
155,285,65.33686105952994
155,286,64.05252806672256
155,287,62.760159232030716
155,288,60.848388714494
155,289,60.44544086651478
155,290,58.00289415058989
155,291,54.5959658559941
155,292,53.13553249138464
155,293,49.985573327572716
155,294,50.87097797164058
155,295,49.51845682146712
155,296,51.57924133069313
155,297,55.14035588950564
155,298,56.360958290379145
155,299,59.265191013169584
155,300,58.57596064766096
155,301,57.908691658259414
155,302,60.75342616634586
155,303,61.801467631894305
155,304,65.29492393784473
155,305,65.91668688269877
155,306,68.96023841507495
155,307,70.457865523403
155,308,73.71411292213146
155,309,74.69090495326238
155,310,78.44112900864504
155,311,79.53484915569253
155,312,83.30007077121553
155,313,86.07955378725926
155,314,87.3483117869971
155,315,88.78299485729005
155,316,92.36893094043813
155,317,94.02588629886077
155,318,97.72246294278841
156,1,118.60116965672951
156,2,119.05253053411654
156,3,115.4706307249335
156,4,111.93141619956101
156,5,108.68490765613488
156,6,105.20315833319242
156,7,102.21487704942601
156,8,98.60803651738583
156,9,95.81330953574603
156,10,92.26780092073982
156,11,90.86252384814362
156,12,89.64574121862181
156,13,87.96808004646032
156,14,88.76992005203631
156,15,85.31207820822789
156,16,83.01322600290834
156,17,79.60890158868504
156,18,78.56907082801972
156,19,76.39531622906033
156,20,75.42697976239211
156,21,76.25835813875607
156,22,75.96396717257177
156,23,79.04291458875949
156,24,79.42278746334608
156,25,77.19394416017309
156,26,79.10507773654771
156,27,81.33952851971816
156,28,82.72282919838258
156,29,82.09928379485292
156,30,83.03474829072793
156,31,79.50206662027914
156,32,75.85619367048669
156,33,72.39766749841604
156,34,69.19049296627732
156,35,66.37438633479873
156,36,63.67136673554853
156,37,61.81849466705468
156,38,61.48281112577374
156,39,61.02195006493697
156,40,58.491149738236956
156,41,58.56325542206896
156,42,55.528749093141826
156,43,53.716265019790114
156,44,51.14438140566854
156,45,52.46267670293957
156,46,50.0768665708844
156,47,51.656701140230616
156,48,51.27292282941698
156,49,47.70335540274473
156,50,44.99021790674016
156,51,44.29271270790405
156,52,41.26398518600703
156,53,41.926057901797776
156,54,38.85858655957452
156,55,40.773240439175275
156,56,38.36364664381818
156,57,35.36604388113324
156,58,34.206364382017874
156,59,32.80356083919013
156,60,29.35847285582238
156,61,29.453420571819258
156,62,30.42042524602094
156,63,27.709509403767907
156,64,24.93138891139564
156,65,26.748564301165896
156,66,28.308738632806595
156,67,29.93958032374102
156,68,33.47326747610743
156,69,32.78092868472763
156,70,31.787379966174832
156,71,35.23461448065315
156,72,34.204116243399795
156,73,31.574427823846477
156,74,32.36489405063609
156,75,35.3580969614493
156,76,37.162022475100464
156,77,39.71532339920834
156,78,42.04308135603262
156,79,42.0822518387334
156,80,39.652862817946506
156,81,41.516102405312
156,82,39.73449091237359
156,83,41.7932863568281
156,84,42.17935479716527
156,85,41.68768113778553
156,86,38.072900271111976
156,87,35.4257638189465
156,88,31.76688498906861
156,89,31.131526285173905
156,90,27.37699721893311
156,91,24.554872286507035
156,92,25.614555417161576
156,93,24.064690660877954
156,94,24.693658642492174
156,95,24.786047221528293
156,96,25.16134800560872
156,97,27.955475830873034
156,98,28.91487785683812
156,99,32.18278042211491
156,100,30.70161305886546
156,101,28.414036854326415
156,102,31.460382118325885
156,103,33.656263473013176
156,104,31.745812520853715
156,105,31.124889864548308
156,106,34.7806102939598
156,107,35.96176383471875
156,108,34.087179515868165
156,109,36.014794461496045
156,110,33.749056692417874
156,111,30.896712051261403
156,112,30.464961001222186
156,113,26.9496230532833
156,114,25.584046328048338
156,115,22.840906649839347
156,116,20.39415209985434
156,117,18.469511216633418
156,118,14.831249213160604
156,119,12.973679916747699
156,120,10.11552185209491
156,121,9.465807674893133
156,122,9.175984554079038
156,123,9.92753372616228
156,124,13.464136283749221
156,125,14.882116750234454
156,126,18.052084906058894
156,127,17.98034027534371
156,128,21.431509786380385
156,129,23.742448325759582
156,130,27.439510440092736
156,131,27.844649452252792
156,132,27.117845729951878
156,133,29.240660634924954
156,134,29.750791940304033
156,135,32.79803521382096
156,136,33.485981960018336
156,137,29.91756758058657
156,138,26.817729121956656
156,139,25.012601923387
156,140,22.97970123748147
156,141,23.2169965118305
156,142,23.997593608802728
156,143,22.102263278966163
156,144,18.841676394078796
156,145,16.266692851493712
156,146,15.137129451486482
156,147,11.91791207023151
156,148,11.817239791666259
156,149,11.024692738275954
156,150,12.306077257572463
156,151,14.166279067355976
156,152,13.503407159910807
156,153,9.740260271149648
156,154,6.849531320996387
156,155,3.79536549951159
156,157,3.797404241487487
156,158,6.571658236892082
156,159,9.973865018033841
156,160,13.447096952720859
156,161,16.562584166948433
156,162,19.694033513701324
156,163,22.930337543842406
156,164,25.70774729427853
156,165,28.223611904124446
156,166,31.04759680362339
156,167,30.087875437453192
156,168,27.638220278088447
156,169,24.769623284240975
156,170,23.928770841953988
156,171,20.4678803189698
156,172,20.20995012956137
156,173,16.963621085549676
156,174,16.406953110580993
156,175,14.852613098493968
156,176,15.807904524444504
156,177,17.740633223722845
156,178,18.578050421769714
156,179,21.902511473015217
156,180,21.446441899081115
156,181,19.131583094287688
156,182,19.68347528697083
156,183,18.681275789236896
156,184,15.41375906914776
156,185,14.624099656837403
156,186,16.22092204474797
156,187,13.953815422448752
156,188,10.479299842457783
156,189,11.420024968758026
156,190,10.149819344312732
156,191,13.380291019567412
156,192,12.294591120562893
156,193,9.7364711213815
156,194,9.424564382211512
156,195,9.892418566791157
156,196,10.87984087212649
156,197,13.030641114631162
156,198,15.119150596122994
156,199,18.047227778346997
156,200,20.287529869999993
156,201,22.367890094760313
156,202,20.201843941264308
156,203,17.09196066864584
156,204,16.40329663965264
156,205,14.25429466889849
156,206,14.631881450171077
156,207,14.26377991943578
156,208,15.266558876907514
156,209,18.64536534175889
156,210,19.398324666153623
156,211,23.043364044272643
156,212,25.80506630928929
156,213,27.249167409302856
156,214,30.515956981622026
156,215,30.71066865442369
156,216,30.46596759236038
156,217,31.094124378688093
156,218,30.407665650525363
156,219,27.02411896003397
156,220,26.103843824289434
156,221,22.498247772739727
156,222,21.773761700782572
156,223,19.774176671182587
156,224,19.908501720402807
156,225,20.47717468484429
156,226,19.840404603445908
156,227,20.94835594308414
156,228,20.573304713770543
156,229,23.26389921833373
156,230,22.565124370312855
156,231,25.812560805555897
156,232,26.98787834563376
156,233,25.518629082302745
156,234,22.428163202400153
156,235,18.858022193884977
156,236,16.299551572454746
156,237,12.77692239785061
156,238,10.177727684514142
156,239,7.010561258084805
156,240,5.536924928996526
156,241,4.204095485557513
156,242,7.5333824303777135
156,243,10.969742523660326
156,244,10.590713578423559
156,245,13.912904707482733
156,246,13.466224512609928
156,247,16.58111552041272
156,248,18.43684120261345
156,249,20.29332691874724
156,250,22.539105339428197
156,251,25.90046443781449
156,252,28.88749204062404
156,253,30.382613077313152
156,254,34.147444869888005
156,255,36.87833289175139
156,256,40.09116697993309
156,257,42.28153697646672
156,258,39.96978153959926
156,259,39.71034546731868
156,260,39.4038936457006
156,261,42.06591301628554
156,262,42.418080896012555
156,263,45.53952551966419
156,264,47.09692932507231
156,265,49.78398124252575
156,266,50.22064809942488
156,267,50.00453745184783
156,268,53.2963757593496
156,269,54.62518681314588
156,270,56.21381598641043
156,271,55.84844804541046
156,272,55.17331542233313
156,273,53.53439807424812
156,274,52.75349475535239
156,275,50.42085038469213
156,276,50.32857429208739
156,277,48.71729673734097
156,278,52.30478027281468
156,279,52.495110064307035
156,280,53.89081324484687
156,281,56.79260170631831
156,282,59.2317950370097
156,283,59.38742467274523
156,284,63.15717692118787
156,285,63.35817275326745
156,286,61.89761247053281
156,287,60.63999482671295
156,288,58.87750547928209
156,289,58.55019959806573
156,290,56.2757762079455
156,291,52.78268154394259
156,292,51.108699647251086
156,293,48.054700369443204
156,294,48.95436539661271
156,295,47.62037231570339
156,296,49.648791376275334
156,297,53.12786312153201
156,298,54.35542935656675
156,299,57.18037691156445
156,300,56.34505568033337
156,301,55.75169445985549
156,302,58.55672752584158
156,303,59.67762006834909
156,304,63.21957002475597
156,305,64.02183055159527
156,306,67.01773445187933
156,307,68.37293013550918
156,308,71.6571172431689
156,309,72.54202768782582
156,310,76.29713484498518
156,311,77.44570585590911
156,312,81.20146825160488
156,313,83.90411510991966
156,314,85.17617135779055
156,315,86.73386631075466
156,316,90.30634053115247
156,317,92.08184853441048
156,318,95.80599716458558
157,1,115.8792724674606
157,2,116.33916021398805
157,3,112.78640746207317
157,4,109.23804678178202
157,5,106.04104915781414
157,6,102.5266396106411
157,7,99.59834877077819
157,8,95.98151227050403
157,9,93.2273138660573
157,10,89.67405989058605
157,11,88.26425392330796
157,12,87.14184144157173
157,13,85.48551109065417
157,14,86.37921214454155
157,15,82.980492078706
157,16,80.66716284064408
157,17,77.31643511561239
157,18,76.39104692246546
157,19,74.19793481086106
157,20,73.32495126284364
157,21,74.14573194161514
157,22,73.95118205367486
157,23,77.10942938671762
157,24,77.47076067304245
157,25,75.28334488399581
157,26,77.0923435506383
157,27,79.20541925097011
157,28,80.49972941866537
157,29,79.74007090488115
157,30,80.56783086594639
157,31,76.99642285353555
157,32,73.3780738526744
157,33,69.86925432740628
157,34,66.74351701009243
157,35,63.91874757246887
157,36,61.30940031692886
157,37,59.383780277379145
157,38,59.19255977694826
157,39,58.66011393281774
157,40,56.037818176528525
157,41,56.03847796559919
157,42,53.1145788102091
157,43,51.13782974275411
157,44,48.44503487387539
157,45,49.57990580412756
157,46,47.06827311991626
157,47,48.53052701963471
157,48,48.08637142647114
157,49,44.575293702658925
157,50,41.83107085583324
157,51,41.31649200195377
157,52,38.33827796433509
157,53,39.21223750597368
157,54,36.30144408594565
157,55,38.37875362084915
157,56,36.193325413027225
157,57,33.07793116690177
157,58,31.954610145370378
157,59,30.293103724060238
157,60,27.022010512157745
157,61,27.179927609635282
157,62,27.779483446371277
157,63,24.942301077221302
157,64,22.38044960971433
157,65,24.146465185195517
157,66,26.072974031256216
157,67,27.6769271020866
157,68,31.208013216733274
157,69,30.25381359346867
157,70,29.043347001371057
157,71,32.357077249911725
157,72,31.237720405580536
157,73,28.429221454897956
157,74,29.008684747028983
157,75,32.10623392495008
157,76,33.88893897917304
157,77,36.571222746791626
157,78,38.95566544842059
157,79,39.201177209699495
157,80,36.891735843438546
157,81,38.95295252710737
157,82,37.413996733103666
157,83,39.646223921152874
157,84,40.32824975414934
157,85,39.85684244485911
157,86,36.15363779564982
157,87,33.731101540903424
157,88,30.113611955688427
157,89,29.578087292026517
157,90,25.830676077759367
157,91,23.360464786912857
157,92,24.683301664785496
157,93,22.940864389055125
157,94,23.63701383781015
157,95,23.374695157608805
157,96,24.00536714002792
157,97,26.513768157207053
157,98,27.235454614725516
157,99,30.3563659025048
157,100,28.69100511493145
157,101,26.159633664030185
157,102,29.1492164623318
157,103,31.262967027695836
157,104,29.117100374791494
157,105,28.322948677647126
157,106,32.02045978283364
157,107,33.115942384515186
157,108,31.011443181832803
157,109,32.887283893188396
157,110,30.48863555359394
157,111,27.661107948816486
157,112,26.999509183272973
157,113,23.449419960210218
157,114,21.911364668643905
157,115,19.183831226659294
157,116,16.631851861958072
157,117,14.771684331790802
157,118,11.117608219643714
157,119,9.571862467939967
157,120,7.103578626320507
157,121,7.481830920261891
157,122,8.580358945811037
157,123,9.026857998872744
157,124,12.330708873158537
157,125,12.91238648692958
157,126,16.015726142697126
157,127,16.60301159647189
157,128,20.135039808656813
157,129,22.79049764499743
157,130,26.565113784605373
157,131,26.876584018311657
157,132,25.660153829509547
157,133,27.68514533311213
157,134,27.785944167877098
157,135,30.88141695662086
157,136,31.932166024273947
157,137,28.51561270844239
157,138,25.485142526161034
157,139,23.276160939569003
157,140,21.076364483761353
157,141,20.928313621743396
157,142,21.28072573862347
157,143,19.141128095614867
157,144,16.17721997956594
157,145,13.729000537806014
157,146,13.399599505394052
157,147,10.468876736477837
157,148,11.529763929376502
157,149,11.589622866227643
157,150,12.527167091106554
157,151,15.076337542982095
157,152,15.2584106441019
157,153,11.718580823506393
157,154,8.469829146503955
157,155,5.942522064913777
157,156,3.797404241487487
157,158,3.8062129153347315
157,159,6.479503654968461
157,160,10.116655789334724
157,161,12.97693547665784
157,162,16.2921197726556
157,163,19.47995164414379
157,164,22.23483946741076
157,165,24.65953007688046
157,166,27.585878271351902
157,167,26.64726810889362
157,168,24.340346468733426
157,169,21.391018021810527
157,170,20.761176765347013
157,171,17.3489629270495
157,172,17.425883449016546
157,173,14.492360548737679
157,174,14.67180677623676
157,175,13.970832035551485
157,176,15.434325368210848
157,177,18.03132220566154
157,178,19.314305252799638
157,179,22.910348633870047
157,180,23.003280392864884
157,181,21.18188674324804
157,182,21.599115661546584
157,183,19.98856512988818
157,184,16.975208952279736
157,185,16.695825029075802
157,186,17.744272317908514
157,187,14.865914200728582
157,188,11.872747956527252
157,189,13.732282334338331
157,190,12.972660056642631
157,191,16.131789863665794
157,192,14.680526305514245
157,193,11.48108292440658
157,194,10.420492609276405
157,195,9.435282211301695
157,196,9.928185709075562
157,197,11.018950627437418
157,198,13.10109136219319
157,199,15.701120924584194
157,200,18.245654546059583
157,201,20.48494902453655
157,202,18.518001198046388
157,203,15.826031011435362
157,204,15.284434963420141
157,205,13.95202320066229
157,206,14.6321814616816
157,207,15.142090328880819
157,208,16.036336004338096
157,209,19.65100537055079
157,210,20.746297647305393
157,211,24.210034064653964
157,212,26.79133967110796
157,213,27.77998346743729
157,214,30.802835052584044
157,215,30.769924126232283
157,216,30.055933464891524
157,217,30.47067067859782
157,218,30.186189524490295
157,219,26.943607485713983
157,220,26.388844392819497
157,221,22.646533117842672
157,222,21.445384473082292
157,223,18.9291328889228
157,224,18.90786346282378
157,225,18.81007660580936
157,226,17.95300098020616
157,227,18.550695457680686
157,228,17.969238558788327
157,229,20.40778116529375
157,230,19.52585205549208
157,231,22.78604532195169
157,232,23.781500038413046
157,233,22.463417176879897
157,234,19.527480003426213
157,235,15.826072233761035
157,236,13.183416153446178
157,237,9.944796790803633
157,238,7.326892571184417
157,239,5.277421135246321
157,240,5.156512155793536
157,241,6.169430788377875
157,242,8.49250488060294
157,243,11.018621226252032
157,244,9.347299637366373
157,245,12.040824612677088
157,246,10.714060618700325
157,247,13.41684407150088
157,248,15.02937067141098
157,249,16.697607287299405
157,250,19.026420968408562
157,251,22.50174922751852
157,252,25.417338216193254
157,253,27.092656887788095
157,254,30.865285275054145
157,255,33.73998668107612
157,256,36.953562175438094
157,257,39.24276737759222
157,258,36.97872556170495
157,259,36.9568836895579
157,260,36.82327277181107
157,261,39.64893873177378
157,262,40.22154927528996
157,263,43.30120583296554
157,264,44.916727397017816
157,265,47.42602804578462
157,266,47.71933649366632
157,267,47.29024342280266
157,268,50.481362300347364
157,269,51.642409565051295
157,270,53.21052932799397
157,271,52.78732744925583
157,272,52.21758147529307
157,273,50.571068668211
157,274,49.970659169341175
157,275,47.74516949451622
157,276,47.869793645233635
157,277,46.40858154897213
157,278,50.01737253278494
157,279,49.99421269622319
157,280,51.22710832465521
157,281,54.15178948885325
157,282,56.476664323902206
157,283,56.6189333965172
157,284,60.369340105527215
157,285,60.72254584625509
157,286,59.32385985784221
157,287,58.22363388435238
157,288,56.523195862741545
157,289,56.37414249532676
157,290,54.05934405058963
157,291,50.62167214004392
157,292,48.978998918676496
157,293,45.81610170195148
157,294,46.48223708882086
157,295,44.94067534472237
157,296,46.803196834421215
157,297,50.27674010511745
157,298,51.67382256729997
157,299,54.612710832514644
157,300,53.93735554328972
157,301,53.5171421161474
157,302,56.45871278005228
157,303,57.7542649287909
157,304,61.228053486193915
157,305,61.96791526743403
157,306,64.86050077900526
157,307,66.14791394857748
157,308,69.34544822507006
157,309,70.12189448697318
157,310,73.85132824921753
157,311,74.8640757981649
157,312,78.64057528878904
157,313,81.41344525674586
157,314,82.80627200637312
157,315,84.36859261227347
157,316,87.98344782780245
157,317,89.75421765558504
157,318,93.4600683154926
158,1,114.75173753466291
158,2,115.10779007211552
158,3,111.55590241597565
158,4,108.04468053142539
158,5,104.88495027371438
158,6,101.32861585060795
158,7,98.46280024190071
158,8,94.80582376766941
158,9,92.15237059775492
158,10,88.64535756621696
158,11,87.36554265140424
158,12,86.37991885755979
158,13,84.86685641437069
158,14,85.91572563645212
158,15,82.56822687902456
158,16,80.12981329247513
158,17,76.7792663757249
158,18,75.82956008657163
158,19,73.4928970380176
158,20,72.54326281875876
158,21,73.18882945594686
158,22,72.90888969302019
158,23,76.1498765644412
158,24,76.66449904516261
158,25,74.63085575417948
158,26,76.47930819444412
158,27,78.48744734144142
158,28,79.83950157179822
158,29,78.96921293708759
158,30,79.82034046350991
158,31,76.26475936555195
158,32,72.63535475464387
158,33,69.13752003253218
158,34,66.10571950437757
158,35,63.152162106966024
158,36,60.70553507255653
158,37,58.89649188537087
158,38,58.935202716458384
158,39,58.54138474495804
158,40,55.970398533882175
158,41,56.0999364970012
158,42,53.335259133636136
158,43,51.28955513935902
158,44,48.40666486366419
158,45,49.36651243433824
158,46,46.809641283041685
158,47,47.989689130625216
158,48,47.32047466409393
158,49,43.84461819536148
158,50,41.266031616722984
158,51,41.04751425401871
158,52,38.29964864190494
158,53,39.512686473671266
158,54,36.82104019378691
158,55,39.19731335851951
158,56,37.301100186071686
158,57,33.98364304494199
158,58,32.61741125187665
158,59,30.568234169937945
158,60,27.46645744670075
158,61,28.054729340234108
158,62,28.364038578351
158,63,25.211339037324983
158,64,23.123785718755883
158,65,25.130168057342818
158,66,27.454241832705453
158,67,29.240539506841042
158,68,32.64755193814814
158,69,31.279007920426118
158,70,29.998754797138083
158,71,33.067719503450434
158,72,31.62023615349802
158,73,28.660061350479538
158,74,28.738222709717743
158,75,31.851525774317555
158,76,33.30379133941354
158,77,35.99007356675389
158,78,38.1821892828376
158,79,38.72012759027664
158,80,36.72367015683836
158,81,39.07090469286714
158,82,37.826704541466775
158,83,40.347250910384716
158,84,41.2608938131847
158,85,41.053410415977616
158,86,37.29529868150512
158,87,35.17013638410696
158,88,31.6891068372049
158,89,31.49329141454709
158,90,27.839558799513995
158,91,25.564075614400767
158,92,26.746201778106304
158,93,24.597917101076384
158,94,24.889232559049024
158,95,24.05009214932323
158,96,24.367595626969518
158,97,26.449320870838108
158,98,27.412109918336455
158,99,30.221072145029652
158,100,28.127943980027606
158,101,25.7266936375988
158,102,28.909000365918928
158,103,30.61536249817875
158,104,28.137703091597555
158,105,27.6184563040439
158,106,31.40055311266565
158,107,32.072221689234844
158,108,29.829533093258785
158,109,31.991349786031297
158,110,29.70372916441429
158,111,27.20204328186472
158,112,26.26950680217335
158,113,22.852250426123028
158,114,21.02280555980744
158,115,18.656994433645323
158,116,15.67455640731018
158,117,13.981704109537985
158,118,10.61884913103392
158,119,9.64925007913796
158,120,8.619509196814333
158,121,9.334864833042571
158,122,11.454473384760092
158,123,12.290428449038645
158,124,15.430330726124287
158,125,15.45992329752013
158,126,18.381266288528984
158,127,19.421063886809048
158,128,22.88069905869401
158,129,25.62474458539466
158,130,29.411041440444745
158,131,29.48069795670543
158,132,27.98363424007378
158,133,30.060496981500474
158,134,29.868595952456246
158,135,33.03741961804098
158,136,34.418315842349706
158,137,31.16114387494974
158,138,28.16378427761397
158,139,25.628574753257837
158,140,23.177139929416615
158,141,22.477315496371304
158,142,22.473066773337255
158,143,19.847453568187557
158,144,17.347562237367576
158,145,15.445638566276413
158,146,15.879373675771607
158,147,13.429921966498885
158,148,15.045577135991028
158,149,15.327073237606797
158,150,16.00870904757713
158,151,18.518794125039523
158,152,18.87787200942268
158,153,15.299518362022559
158,154,12.220013606990676
158,155,9.317571229921093
158,156,6.571658236892082
158,157,3.8062129153347315
158,159,3.811276832051931
158,160,6.952929680420504
158,161,10.343346339756485
158,162,13.238936862502667
158,163,16.62776100299674
158,164,19.25333529757652
158,165,21.954460058775133
158,166,24.816406295697476
158,167,24.19635742025692
158,168,22.067591004236725
158,169,19.47696693545161
158,170,19.38011558542852
158,171,16.364437791695885
158,172,17.235487782236557
158,173,14.8741760783503
158,174,15.778161125505417
158,175,15.688172840939488
158,176,17.831299865922514
158,177,20.500463703059822
158,178,22.249224680081937
158,179,25.87594416905393
158,180,26.206994549323323
158,181,24.457751580347676
158,182,25.14403827657053
158,183,23.48080429044191
158,184,20.368698670632046
158,185,20.302174234936345
158,186,21.490432426271393
158,187,18.537323132014873
158,188,15.538824070739468
158,189,17.393235952877962
158,190,16.270803781451697
158,191,19.210313338146065
158,192,17.338217869371142
158,193,14.06254240353747
158,194,12.120137116895574
158,195,10.46391795696847
158,196,9.502326689265567
158,197,9.755823423817247
158,198,10.828024829054364
158,199,12.863564928271355
158,200,15.066678045873735
158,201,17.694772032782893
158,202,16.258829984955977
158,203,14.025153320996658
158,204,14.356524918427644
158,205,13.709351230383582
158,206,15.317197201567257
158,207,16.53956584138745
158,208,18.050644725780177
158,209,21.80147357102911
158,210,23.378054705942706
158,211,26.777352019112346
158,212,29.505226062060625
158,213,30.225239900496145
158,214,33.226479290809046
158,215,33.349757506651265
158,216,32.42871712502138
158,217,32.96075326328396
158,218,32.99232863342823
158,219,29.738684067904035
158,220,29.130170183333888
158,221,25.334002607103308
158,222,23.707107300123422
158,223,20.849314973607694
158,224,20.221361843989794
158,225,19.571651458518293
158,226,18.002368002574148
158,227,17.914682981525345
158,228,16.57442373822299
158,229,18.514441978752096
158,230,17.082608293366437
158,231,20.041571972002707
158,232,20.797545476417824
158,233,19.140413471174934
158,234,16.271708155556276
158,235,12.609009278608617
158,236,10.491619438144383
158,237,7.075012046512347
158,238,5.802495070886725
158,239,4.659126385147138
158,240,6.989575483315939
158,241,9.082238390572039
158,242,11.662080316993842
158,243,13.80985126689242
158,244,11.556989228598422
158,245,13.875302490582344
158,246,11.821394812216768
158,247,13.677321073021032
158,248,15.216748200507677
158,249,16.027892680205735
158,250,17.936184370252118
158,251,21.500122179581872
158,252,24.017945014195078
158,253,25.52641729083742
158,254,29.21756790494994
158,255,32.030190783990314
158,256,35.41306267720022
158,257,37.9598034754127
158,258,35.99817450173041
158,259,36.232880473191614
158,260,36.48643907203839
158,261,39.52635564332868
158,262,40.43781281824767
158,263,43.61889795518146
158,264,45.490350132123
158,265,47.8264779129481
158,266,48.158596583485824
158,267,47.50377476561592
158,268,50.600782032525146
158,269,51.58296812833634
158,270,52.940488185227046
158,271,52.26020537454875
158,272,51.626057126124444
158,273,49.764754895161026
158,274,49.3024280751862
158,275,47.31850400419119
158,276,47.61657694458569
158,277,46.4407158278731
158,278,50.12501453948957
158,279,49.98423618028867
158,280,50.96633099201941
158,281,53.75635148835341
158,282,55.883603198691965
158,283,55.796848143868196
158,284,59.499405283835635
158,285,59.875802733091895
158,286,58.33582226967316
158,287,57.41573240415057
158,288,55.939375796643795
158,289,56.00653770028216
158,290,53.84679018002235
158,291,50.380558421990685
158,292,48.542737024227925
158,293,45.424671202451805
158,294,45.916186077715444
158,295,44.2218613948284
158,296,45.87339032624589
158,297,49.22684579258125
158,298,50.792971327124
158,299,53.73109967499172
158,300,53.02484261763801
158,301,52.83188062785645
158,302,55.81535449879983
158,303,57.30797861072478
158,304,60.77527532435223
158,305,61.66264587625633
158,306,64.42210139786351
158,307,65.5012581391129
158,308,68.65416583454677
158,309,69.23872998109265
158,310,72.94297076105714
158,311,73.89972974638174
158,312,77.67523251512816
158,313,80.41471677189936
158,314,81.90788898452128
158,315,83.60836155580333
158,316,87.23457840793247
158,317,89.12595058329781
158,318,92.84042650873361
159,1,112.36396480003425
159,2,112.73411330454145
159,3,109.22003652886339
159,4,105.70027205103534
159,5,102.60112468003129
159,6,99.01217839191054
159,7,96.21869684685205
159,8,92.55664086770383
159,9,89.9514883602551
159,10,86.43945257159857
159,11,85.15110298394383
159,12,84.27291022113558
159,13,82.78090554164766
159,14,83.92697961964274
159,15,80.65376578554378
159,16,78.21163425762141
159,17,74.93306253464318
159,18,74.12079263368115
159,19,71.7754497673864
159,20,70.94251633416583
159,21,71.58008639660045
159,22,71.41854313767648
159,23,74.73731197758846
159,24,75.22372492793406
159,25,73.23734055233648
159,26,74.96155543309433
159,27,76.82901534624555
159,28,78.07178308592047
159,29,77.04997555529516
159,30,77.77100054945659
159,31,74.1777180859925
159,32,70.5917225057332
159,33,67.04398229207631
159,34,64.11616131379255
159,35,61.16865173050645
159,36,58.83814881094207
159,37,56.945199769359405
159,38,57.1455978636958
159,39,56.660317455901236
159,40,53.98941047173477
159,41,54.022095507819316
159,42,51.3987094180012
159,43,49.16837924206985
159,44,46.16576971752286
159,45,46.893413878992234
159,46,44.18924659528479
159,47,45.218623996917195
159,48,44.479808492910834
159,49,41.102127991375795
159,50,38.492976385519796
159,51,38.51495175752119
159,52,35.85099111253518
159,53,37.312194155824216
159,54,34.84425078526033
159,55,37.370183054246326
159,56,35.754468847764464
159,57,32.366919041412906
159,58,31.089954097394376
159,59,28.773485995602126
159,60,25.962765767345513
159,61,26.59461784278904
159,62,26.433702594516806
159,63,23.205836938787087
159,64,21.473406501236234
159,65,23.322580428119817
159,66,26.018810609046117
159,67,27.692292345016657
159,68,31.02843242652623
159,69,29.397185215562544
159,70,27.853770155803073
159,71,30.6972925526605
159,72,29.181128018244937
159,73,26.02244858007613
159,74,25.79516107814782
159,75,29.025662580540754
159,76,30.438056550187284
159,77,33.28308178968154
159,78,35.53712485473423
159,79,36.34380058249586
159,80,34.518654154597215
159,81,37.08145711835099
159,82,36.14201285098951
159,83,38.82128521736403
159,84,40.05706141932925
159,85,39.851440625644
159,86,36.05016792630155
159,87,34.19758568556464
159,88,30.824742778601582
159,89,30.70807226720613
159,90,27.154005561791685
159,91,25.326636250591648
159,92,26.764896204639488
159,93,24.53166925133761
159,94,24.915104029846308
159,95,23.752902534115965
159,96,24.353164807324337
159,97,26.060358352752477
159,98,26.715268420367572
159,99,29.28919740686012
159,100,27.02736889758309
159,101,24.384673632270708
159,102,27.415434959761633
159,103,28.984117508372073
159,104,26.240918262624838
159,105,25.503739670087526
159,106,29.277269115099042
159,107,29.819232919347677
159,108,27.281925641062934
159,109,29.351045293163637
159,110,26.89906053539753
159,111,24.4756547693577
159,112,23.19080728027744
159,113,19.77542583012175
159,114,17.639636028139787
159,115,15.360597583187314
159,116,12.154969773015779
159,117,10.573282685568193
159,118,7.524787084342549
159,119,7.388514047102523
159,120,7.798543142473424
159,121,9.486674226266318
159,122,12.496078468609415
159,123,13.061288821192322
159,124,15.636348210597566
159,125,14.87256384834497
159,126,17.491483509642762
159,127,19.177934106914957
159,128,22.543629881438054
159,129,25.53345173155726
159,130,29.272503596966803
159,131,29.293735461381026
159,132,27.345187549164567
159,133,29.226954361005372
159,134,28.58812280438813
159,135,31.70896776765867
159,136,33.428471936400165
159,137,30.394150139205724
159,138,27.575542355343156
159,139,24.72825311651841
159,140,22.234467377172003
159,141,21.15080417718816
159,142,20.587955101884653
159,143,17.759884994569603
159,144,15.849103461618823
159,145,14.275524917600023
159,146,15.610106040363071
159,147,13.704729832270736
159,148,16.072771581963103
159,149,16.870709616451133
159,150,17.207958408501245
159,151,20.048619691735343
159,152,20.99517503164675
159,153,17.68095426586643
159,154,14.58134259920199
159,155,12.121726714125662
159,156,9.973865018033841
159,157,6.479503654968461
159,158,3.811276832051931
159,160,3.7993067307802666
159,161,6.771349569269896
159,162,9.959359414539096
159,163,13.342087629084086
159,164,15.850454394899554
159,165,18.48089491718028
159,166,21.528663833670063
159,167,21.016193504575792
159,168,19.17630101678699
159,169,16.53972892056587
159,170,16.876374742708272
159,171,14.104967760127023
159,172,15.530571385018307
159,173,13.832698172550208
159,174,15.591628763772881
159,175,16.386714215118243
159,176,18.7768016502973
159,177,21.869087157370846
159,178,23.84364517815728
159,179,27.584683460364626
159,180,28.29583832196053
159,181,26.919452826815213
159,182,27.42807583747763
159,183,25.364268236134638
159,184,22.542426334515778
159,185,22.749494090041093
159,186,23.491848962644813
159,187,20.230288738748257
159,188,17.69640254925682
159,189,20.007111596470406
159,190,19.289447774758486
159,191,22.227933860726775
159,192,20.276476619819007
159,193,16.755513507906148
159,194,14.643114064843639
159,195,12.194873653186283
159,196,10.952447518883172
159,197,9.824059951095045
159,198,10.555503733222832
159,199,11.75341875115721
159,200,14.20072010136176
159,201,16.979522822964437
159,202,15.953232423543929
159,203,14.456175164128727
159,204,14.969154659081124
159,205,15.225438114514732
159,206,16.92252342925457
159,207,18.71296895497592
159,208,19.98341507189314
159,209,23.752373194554302
159,210,25.47601098746918
159,211,28.66620652909623
159,212,31.166281529516922
159,213,31.51587877046435
159,214,34.23900920213836
159,215,34.12037328729272
159,216,32.78826981662966
159,217,33.07274261890018
159,218,33.45653656493975
159,219,30.416256601598732
159,220,30.17482804698683
159,221,26.365253465800816
159,222,24.413215971616854
159,223,21.2172025196831
159,224,20.5104321984477
159,225,19.191913028506562
159,226,17.456994646006
159,227,16.686400498552747
159,228,15.058863181196221
159,229,16.466990128331762
159,230,14.687784381825372
159,231,17.544030787441475
159,232,17.92827514762889
159,233,16.448909545585856
159,234,13.934239245919976
159,235,10.133257646847927
159,236,8.153967572935002
159,237,5.753830985338702
159,238,5.488857051372917
159,239,6.810724907855036
159,240,9.48025216303721
159,241,12.101961954713753
159,242,13.959420744001223
159,243,15.375777940445577
159,244,12.390562821890494
159,245,13.730547910783729
159,246,10.826248296261413
159,247,11.693904584504326
159,248,12.64697406889281
159,249,12.95997825790988
159,250,14.91364436036298
159,251,18.602753209556305
159,252,20.925586034332817
159,253,22.691765085240796
159,254,26.3496065040898
159,255,29.345269183594112
159,256,32.71045123650749
159,257,35.381607673315166
159,258,33.50499601133099
159,259,34.054683623606806
159,260,34.52336905630379
159,261,37.7262065620549
159,262,38.88212341125064
159,263,41.9708630423671
159,264,43.87551933119888
159,265,45.986809662486074
159,266,46.13499973350323
159,267,45.23284465784256
159,268,48.18458556454948
159,269,48.95392103256968
159,270,50.2924828966149
159,271,49.55408372782176
159,272,49.06443425257186
159,273,47.210283876222604
159,274,46.97861307567208
159,275,45.134771932412384
159,276,45.69376191754071
159,277,44.69698327187359
159,278,48.37284905608724
159,279,47.97933668872735
159,280,48.765944443662406
159,281,51.57488220348688
159,282,53.5574145769077
159,283,53.462757938821284
159,284,57.12743734950676
159,285,57.68987356850795
159,286,56.236062288410714
159,287,55.50583147525605
159,288,54.103825527753465
159,289,54.37380117113543
159,290,52.171813384014115
159,291,48.796440528259346
159,292,47.017639664922
159,293,43.79336596534378
159,294,44.001597850762
159,295,42.06457581897234
159,296,43.49624439236706
159,297,46.825152937663574
159,298,48.5940770006957
159,299,51.657711630384775
159,300,51.15104033916079
159,301,51.160892383273854
159,302,54.28664369333809
159,303,55.96625604749083
159,304,59.33643076238891
159,305,60.13997418279804
159,306,62.77281901645656
159,307,63.777398645781204
159,308,66.81842649943107
159,309,67.28011908413517
159,310,70.94350278851661
159,311,71.73765613629584
159,312,75.52855484936111
159,313,78.34632309545817
159,314,79.97430428615085
159,315,81.67030055927485
159,316,85.33745020340235
159,317,87.21330040728311
159,318,90.89864426493176
160,1,110.03484853657936
160,2,110.32249391894368
160,3,106.81787114654897
160,4,103.33076818338306
160,5,100.27398257479769
160,6,96.65114165300683
160,7,93.92277479934259
160,8,90.23290988596308
160,9,87.72167148596176
160,10,84.25340332287158
160,11,83.07494888118148
160,12,82.3300705632492
160,13,80.96733805653686
160,14,82.25921070521134
160,15,79.05029716990505
160,16,76.50585047507678
160,17,73.24920982304663
160,18,72.44393520800158
160,19,69.98327642948712
160,20,69.11399877569025
160,21,69.60437768282095
160,22,69.40307846941543
160,23,72.79726512435359
160,24,73.39854213972247
160,25,71.55511368349912
160,26,73.27820510010174
160,27,75.0227936224816
160,28,76.28844022966612
160,29,75.14828325054489
160,30,75.86518538080018
160,31,72.28962716708573
160,32,68.71202901540906
160,33,65.17809804287488
160,34,62.35963006819729
160,35,59.3140247273422
160,36,57.15600348493646
160,37,55.361418606893174
160,38,55.79243291301331
160,39,55.42213414738841
160,40,52.803098748619064
160,41,52.94827014857694
160,42,50.51024481495495
160,43,48.216437092762455
160,44,45.04583011129626
160,45,45.5836900794161
160,46,42.85787050996856
160,47,43.59535474960455
160,48,42.640608201579035
160,49,39.32786267378862
160,50,36.91230173518528
160,51,37.23630830190632
160,52,34.84917431299226
160,53,36.64414273893717
160,54,34.45162819823919
160,55,37.25146880522812
160,56,35.97482063990734
160,57,32.43995531499172
160,58,30.950648112357047
160,59,28.27491782356104
160,60,25.748454028017306
160,61,26.796061556135445
160,62,26.314559029746498
160,63,22.863197650206352
160,64,21.72819030036124
160,65,23.75639877757506
160,66,26.77538707825317
160,67,28.61412380279355
160,68,31.717978852025894
160,69,29.67493124512404
160,70,28.129535322179894
160,71,30.63602580532574
160,72,28.778916428616913
160,73,25.564947492326983
160,74,24.79711388953147
160,75,27.940424958990068
160,76,28.960176773503413
160,77,31.756811506894316
160,78,33.78674845703195
160,79,34.890196490325394
160,80,33.41703208658708
160,81,36.24284421691099
160,82,35.64018542386038
160,83,38.57893027110123
160,84,40.061176466344804
160,85,40.11893628582934
160,86,36.31794904156127
160,87,34.82171280306606
160,88,31.665521862371246
160,89,31.905728621043608
160,90,28.543511899977354
160,91,26.985534952189024
160,92,28.272937414380092
160,93,25.723294655820716
160,94,25.75709491758527
160,95,24.063237572911202
160,96,24.45314235472512
160,97,25.633470850979148
160,98,26.390114125496602
160,99,28.559080890512128
160,100,25.930063082248296
160,101,23.418118313335835
160,102,26.50278024686769
160,103,27.624524073259558
160,104,24.574411085165067
160,105,24.075502513252278
160,106,27.83954085148122
160,107,27.94261010944221
160,108,25.271456830708942
160,109,27.575007999638085
160,110,25.280786481353875
160,111,23.27759426303839
160,112,21.751126564793736
160,113,18.633304257476897
160,114,16.324227027928234
160,115,14.715037375325569
160,116,11.349148478213312
160,117,10.514450121077493
160,118,8.433694699206589
160,119,9.507633698524069
160,120,10.946652543602962
160,121,12.89947660096867
160,122,16.140024337356508
160,123,16.615134555958793
160,124,18.889818437644408
160,125,17.632084599708815
160,126,19.826266333907835
160,127,21.769516930250774
160,128,24.90550620185351
160,129,27.864157085435323
160,130,31.53208189105252
160,131,31.271026374727253
160,132,29.0736940931259
160,133,30.99425544558325
160,134,30.094162245176932
160,135,33.25710710185581
160,136,35.31082925495214
160,137,32.51361239141672
160,138,29.747323067834255
160,139,26.62454815730379
160,140,23.91864125512984
160,141,22.29231605926923
160,142,21.418130224645118
160,143,18.209874537672697
160,144,16.937907243895403
160,145,16.10317003808471
160,146,18.01278449169418
160,147,16.68307465876568
160,148,19.403730978586278
160,149,20.49914403429969
160,150,20.8525058274472
160,151,23.76208150082062
160,152,24.784027442166447
160,153,21.47648586155702
160,154,18.330090130235668
160,155,15.858732708388303
160,156,13.447096952720859
160,157,10.116655789334724
160,158,6.952929680420504
160,159,3.7993067307802666
160,161,3.8145735143277237
160,162,6.310814862924978
160,163,9.831139153421491
160,164,12.300815925369642
160,165,15.09830525337042
160,166,18.043043771458343
160,167,17.798064763932466
160,168,16.193659371618292
160,169,14.000704661758764
160,170,15.00197048182653
160,171,12.920755487316878
160,172,15.192803955022686
160,173,14.353320185408037
160,174,16.748889118186444
160,175,18.140239432241128
160,176,20.974918047357146
160,177,24.096313565100598
160,178,26.4478908665877
160,179,30.181663686227875
160,180,31.190828412036616
160,181,30.00489739563268
160,182,30.715205516201543
160,183,28.50862165373317
160,184,25.683647815392533
160,185,26.17676504215279
160,186,26.97385546987073
160,187,23.598990662311866
160,188,21.138384691804823
160,189,23.58283038669284
160,190,22.67638052665679
160,191,25.406717163046913
160,192,23.134073582635573
160,193,19.551937595030967
160,194,16.95853662063865
160,195,14.08059829003895
160,196,12.011296529191782
160,197,9.86233559262976
160,198,9.398492882796571
160,199,9.378548495332383
160,200,11.545081398089348
160,201,14.551343318329037
160,202,14.22414745285937
160,203,13.610620842292759
160,204,14.821235280435227
160,205,15.936956180285595
160,206,18.159572367000266
160,207,20.522928586229813
160,208,22.077849879497883
160,209,25.842543109455878
160,210,27.937187658913818
160,211,30.965836767595956
160,212,33.48987504022294
160,213,33.510857311606024
160,214,36.11098526785479
160,215,36.085434048966945
160,216,34.509538121521366
160,217,34.872344244890755
160,218,35.60639264205759
160,219,32.62535965918462
160,220,32.395697513815335
160,221,28.601635783962887
160,222,26.269444568775587
160,223,22.830907280349926
160,224,21.63364513952381
160,225,19.76791489025533
160,226,17.477387669438432
160,227,15.93502525416028
160,228,13.59211404545724
160,229,14.20865455006938
160,230,11.807077534717525
160,231,14.252253199113225
160,232,14.322825924130797
160,233,12.676629284090723
160,234,10.340636667827035
160,235,6.577331838462602
160,236,5.519087982867694
160,237,4.485493902871043
160,238,6.553299338564714
160,239,8.987490658124074
160,240,12.27287439345048
160,241,15.323202919402302
160,242,17.10290498148303
160,243,18.10650240870263
160,244,14.830865714907308
160,245,15.677209981183998
160,246,12.455221790230723
160,247,12.26061492784178
160,248,13.048552131970677
160,249,12.229830008751902
160,250,13.436357092279382
160,251,17.016730614634106
160,252,18.79570251165542
160,253,20.356072326998486
160,254,23.857394610969493
160,255,26.77626286910931
160,256,30.255950085819876
160,257,33.152541834346316
160,258,31.594429008704545
160,259,32.42433844855766
160,260,33.28634075211999
160,261,36.669464812807796
160,262,38.167119734778396
160,263,41.2994540963339
160,264,43.4336550974376
160,265,45.33065287141383
160,266,45.50422117356386
160,267,44.37408156883284
160,268,47.20087134945046
160,269,47.78534430027691
160,270,48.89840290242412
160,271,47.91042605108029
160,272,47.36595070679103
160,273,45.322810082983096
160,274,45.24358940782775
160,275,43.656300270667074
160,276,44.406627737454905
160,277,43.711665511616815
160,278,47.422812441371164
160,279,46.89046602368084
160,280,47.411833630935064
160,281,50.075745773527174
160,282,51.84730200530623
160,283,51.54443756821406
160,284,55.14310864676036
160,285,55.748539403359196
160,286,54.19336086869176
160,287,53.65627814318738
160,288,52.470842744451005
160,289,52.96745593179021
160,290,50.910089757788306
160,291,47.55130139513973
160,292,45.626480440365405
160,293,42.449032019907925
160,294,42.44499173926334
160,295,40.34715185692175
160,296,41.541895436834295
160,297,44.73452224462191
160,298,46.67181267617987
160,299,49.736153651676666
160,300,49.24361257907603
160,301,49.49105867089103
160,302,52.66432809600516
160,303,54.544524851284855
160,304,57.868354909071705
160,305,58.77703266993672
160,306,61.256357228781816
160,307,62.062978234341124
160,308,65.03218831392293
160,309,65.30676207583457
160,310,68.92959313668474
160,311,69.64689126995148
160,312,73.42895839191378
160,313,76.22478622521683
160,314,77.95601549597816
160,315,79.7623579273001
160,316,83.43775279231501
160,317,85.40829860965442
160,318,89.08835597018862
161,1,106.96429640634989
161,2,107.2850850332533
161,3,103.81468564469407
161,4,100.31418589367429
161,5,97.30446098304357
161,6,93.66398432398796
161,7,90.98864529057573
161,8,87.30545962718041
161,9,84.81940078049588
161,10,81.34124600389931
161,11,80.13340829132909
161,12,79.46323869160943
161,13,78.10040529609272
161,14,79.45713270983342
161,15,76.31407905060956
161,16,73.7866401905169
161,17,70.60268407194442
161,18,69.93164709643024
161,19,67.49135581373048
161,20,66.75091887879464
161,21,67.26673285327689
161,22,67.20246823530152
161,23,70.6477506647422
161,24,71.1871814526859
161,25,69.36588231785444
161,26,70.95575283752639
161,27,72.57848085288313
161,28,73.72767654094214
161,29,72.46566719858274
161,30,73.05766314099094
161,31,69.45152412450088
161,32,65.9220774022072
161,33,62.34827859280695
161,34,59.61972922071138
161,35,56.606819912579105
161,36,54.54270860448362
161,37,52.66134226394998
161,38,53.21931270407427
161,39,52.75597999873434
161,40,50.0564482174252
161,41,50.11410633672774
161,42,47.812082343523024
161,43,45.37268049859605
161,44,42.11536627572293
161,45,42.45392828665342
161,46,39.62508572549742
161,47,40.234988490597715
161,48,39.232252581341065
161,49,36.01027652032223
161,50,33.583299341666276
161,51,34.11057045369985
161,52,31.83285275142627
161,53,33.84656734532173
161,54,31.898102505020375
161,55,34.824321279437875
161,56,33.8474667920842
161,57,30.286895953477448
161,58,28.874897435968226
161,59,25.976744404391567
161,60,23.815481750770722
161,61,24.924845793362056
161,62,23.995557479968586
161,63,20.538576054680814
161,64,19.87793669162432
161,65,21.746639926448385
161,66,25.04753950429542
161,67,26.81194243914692
161,68,29.722604860955084
161,69,27.411076542422965
161,70,25.717489314902043
161,71,27.92427475713821
161,72,25.95105853914841
161,73,22.643471677187318
161,74,21.53747377908825
161,75,24.69916906478245
161,76,25.623594691510256
161,77,28.520263784203383
161,78,30.586252497484242
161,79,31.916482290569412
161,80,30.618876858535078
161,81,33.61601417037577
161,82,33.31400055016607
161,83,36.37438169205403
161,84,38.14410610195849
161,85,38.228539345927736
161,86,34.443666170086026
161,87,33.25635592998302
161,88,30.290715248619538
161,89,30.665877102149285
161,90,27.513386466176115
161,91,26.421073782377675
161,92,27.84991306051892
161,93,25.26717098760373
161,94,25.36177544398083
161,95,23.410488876101272
161,96,24.090781060184263
161,97,24.87118319566825
161,98,25.25483132057361
161,99,27.13545845228022
161,100,24.437472745666895
161,101,21.724079817763226
161,102,24.540683452574466
161,103,25.51672025890372
161,104,22.2783356522274
161,105,21.531326601376055
161,106,25.205248776971303
161,107,25.20432286216497
161,108,22.275392365072925
161,109,24.440153304532494
161,110,22.026056276728152
161,111,20.165725874551427
161,112,18.344163046836822
161,113,15.360556936608347
161,114,12.872469262417189
161,115,11.703392298876649
161,116,8.422359685604446
161,117,8.553643385546552
161,118,7.555893258200803
161,119,9.935919495421457
161,120,12.123906881913113
161,121,14.697740300590977
161,122,18.108579478068336
161,123,18.121447176097845
161,124,19.760417075607442
161,125,17.826974171136875
161,126,19.443484645603906
161,127,21.76434498513607
161,128,24.598647582954737
161,129,27.601178774140248
161,130,31.117481030120754
161,131,30.720156333425695
161,132,28.171049479992742
161,133,29.935174041608484
161,134,28.6736185981011
161,135,31.77717326304076
161,136,34.15290300389129
161,137,31.653646349061972
161,138,29.06238908025716
161,139,25.700117237227897
161,140,22.957527077639686
161,141,20.9253825044044
161,142,19.58786934380889
161,143,16.23985680086492
161,144,15.733819568692045
161,145,15.507713060654572
161,146,18.094433504122097
161,147,17.455366861815858
161,148,20.638513787512288
161,149,22.20980561831105
161,150,22.49562803857446
161,151,25.65188109570742
161,152,26.985794514550516
161,153,23.92010734431955
161,154,20.71266341928292
161,155,18.686782800352628
161,156,16.562584166948433
161,157,12.97693547665784
161,158,10.343346339756485
161,159,6.771349569269896
161,160,3.8145735143277237
161,162,3.8229735329635943
161,163,6.75476296095563
161,164,9.358594004781997
161,165,11.727922925852058
161,166,14.843477136558304
161,167,14.49133636225237
161,168,13.158740119824765
161,169,10.865794909006492
161,170,12.35886724142353
161,171,10.794428014757043
161,172,13.597325089802549
161,173,13.652522961346566
161,174,16.68607206103905
161,175,18.795431747352882
161,176,21.71522951087189
161,177,25.064151082339638
161,178,27.58102514658608
161,179,31.323957327920223
161,180,32.696598413948735
161,181,31.89664556363602
161,182,32.49981882750388
161,183,29.95600443843202
161,184,27.420148280060467
161,185,28.22044070972685
161,186,28.688296432942455
161,187,25.11293955225072
161,188,23.078833150197465
161,189,25.87990365950569
161,190,25.250702963141133
161,191,27.891807699562897
161,192,25.54764947798529
161,193,21.832354740919303
161,194,19.22079552611417
161,195,15.932716168923688
161,196,13.998046790533058
161,197,11.084435122899949
161,198,10.60847363243895
161,199,9.796170373562457
161,200,12.198604530778475
161,201,14.80571789633097
161,202,14.73825008474775
161,203,14.839596063800009
161,204,15.875818865222058
161,205,17.639689921785116
161,206,19.669731881337206
161,207,22.370213459112822
161,208,23.61489780481363
161,209,27.274865279944922
161,210,29.460443573409904
161,211,32.224748267793366
161,212,34.49353931222353
161,213,34.14569647060533
161,214,36.43287916928335
161,215,36.20304898875951
161,216,34.262601918542856
161,217,34.426662975196024
161,218,35.513479640243126
161,219,32.77554083322237
161,220,32.86021168896893
161,221,29.145210741155676
161,222,26.551028757561294
161,223,22.9239000789241
161,224,21.67837573489812
161,225,19.257045158809262
161,226,16.9541264395687
161,227,14.794509977338405
161,228,12.374361752217855
161,229,12.296869444537256
161,230,9.72756321031303
161,231,12.032377662669207
161,232,11.779930003524731
161,233,10.828194520706264
161,234,9.08121179992797
161,235,5.713432592025422
161,236,4.989099265470277
161,237,6.4947179025731385
161,238,8.488044918903606
161,239,11.747991673869366
161,240,14.762519536414853
161,241,18.016728621468637
161,242,19.198142283908673
161,243,19.556155610242683
161,244,15.93948590238219
161,245,15.880979941751853
161,246,12.314678295587147
161,247,10.962774494135063
161,248,11.122583146679357
161,249,9.423644439243695
161,250,10.308761168365834
161,251,13.848047991883115
161,252,15.350739579294368
161,253,17.164876629227884
161,254,20.604754221715595
161,255,23.70346658597137
161,256,27.10744663931173
161,257,30.0656073139805
161,258,28.565534929280304
161,259,29.67666434459219
161,260,30.719756413852007
161,261,34.213199529639176
161,262,35.92259905444066
161,263,38.93347380398156
161,264,41.084995595195
161,265,42.75837447654947
161,266,42.777935633867756
161,267,41.437503452512374
161,268,44.125234382374636
161,269,44.534921145632836
161,270,45.61597190928696
161,271,44.584053226634296
161,272,44.159966260083245
161,273,42.14468864596813
161,274,42.25970376511112
161,275,40.7915874970235
161,276,41.769665826014084
161,277,41.236104933958984
161,278,44.90964516414103
161,279,44.15367677193827
161,280,44.50383513394392
161,281,47.1782550552393
161,282,48.82853685486146
161,283,48.54339390679614
161,284,52.10383320791907
161,285,52.87409738020928
161,286,51.427192688162314
161,287,51.04490949356644
161,288,49.90398933470793
161,289,50.56821064409304
161,290,48.465348061669815
161,291,45.21730130049132
161,292,43.38526946761103
161,293,40.12065816224112
161,294,39.85485262892649
161,295,37.55141725219759
161,296,38.55352443502902
161,297,41.72552653258091
161,298,43.82207806405709
161,299,46.99379695999348
161,300,46.70346769217745
161,301,47.11450711733768
161,302,50.4072779194991
161,303,52.435265625028165
161,304,55.64773168143509
161,305,56.45089092259795
161,306,58.81526876481933
161,307,59.577156547653786
161,308,62.43751428550802
161,309,62.62646310471305
161,310,66.20738718137243
161,311,66.7824100097027
161,312,70.57262541301561
161,313,73.44235073209683
161,314,75.27758982917115
161,315,77.05276297717624
161,316,80.75857249167949
161,317,82.69276572004735
161,318,86.34009303385508
162,1,105.52559567621455
162,2,105.73637913607377
162,3,102.27562401510896
162,4,98.82301620904401
162,5,95.86227796512945
162,6,92.18722557878652
162,7,89.58882372979325
162,8,85.87527269028591
162,9,83.50818787295574
162,10,80.09426612774757
162,11,79.03274475312348
162,12,78.51697456107956
162,13,77.31755498411613
162,14,78.83710765026392
162,15,75.76916787578686
162,16,73.121489844356
162,17,69.96110084004142
162,18,69.27404682688334
162,19,66.69578854496203
162,20,65.88539943560542
162,21,66.20845385586978
162,22,66.06329814753498
162,23,69.58010903769689
162,24,70.27589376608252
162,25,68.63383493600841
162,26,70.24606341040902
162,27,71.73740800345927
162,28,72.93564417180578
162,29,71.55510441680651
162,30,72.16416548909592
162,31,68.59735299689055
162,32,65.08213316566477
162,33,61.547274945558186
162,34,58.951502274928266
162,35,55.82429656721373
162,36,53.97072196101403
162,37,52.24013577682938
162,38,53.054211125199615
162,39,52.75063067347748
162,40,50.147535295353904
162,41,50.35285597283492
162,42,48.26654455779863
162,43,45.798061117579095
162,44,42.3880733948886
162,45,42.51951904206221
162,46,39.7055589056799
162,47,39.95892932176005
162,48,38.69568650482917
162,49,35.5875542093736
162,50,33.443190962476656
162,51,34.32127585508892
162,52,32.406425343085886
162,53,34.7467022224504
162,54,33.113017677095144
162,55,36.265920207511975
162,56,35.61832888947938
162,57,31.978719884578034
162,58,30.35707956248826
162,59,27.176733564194926
162,60,25.337220911832663
162,61,26.843220246341797
162,62,25.683693480852128
162,63,22.12164076593533
162,64,22.042416158008297
162,65,24.034313701740384
162,66,27.48688694108488
162,67,29.36561451460531
162,68,32.02086565578206
162,69,29.399163360944993
162,70,27.762296560425384
162,71,29.59507019318207
162,72,27.329126730281587
162,73,24.07334945941663
162,74,22.40704374657537
162,75,25.359065902222625
162,76,25.77537434697802
162,77,28.5348465022299
162,78,30.265069299098197
162,79,31.92811604910718
162,80,31.069097630210628
162,81,34.29760060264848
162,82,34.34072395627265
162,83,37.617874091978585
162,84,39.575637565543914
162,85,39.935868181057145
162,86,36.20795730277309
162,87,35.34699081346106
162,88,32.614054024173804
162,89,33.29360176910475
162,90,30.335539467539178
162,91,29.39683507809901
162,92,30.62593640183128
162,93,27.82160311632792
162,94,27.563029165173393
162,95,25.208811378537717
162,96,25.566530210835296
162,97,25.84510106951069
162,98,26.424271923421088
162,99,27.847437632709667
162,100,24.804838652270213
162,101,22.401172357904777
162,102,25.232464800329087
162,103,25.648023153103548
162,104,22.1475470122471
162,105,21.78996958406028
162,106,25.340214108090965
162,107,24.767741602715436
162,108,21.770434572988584
162,109,24.2146529887452
162,110,22.099801848365157
162,111,20.84972267797101
162,112,18.8107277756385
162,113,16.386479245896464
162,114,13.851302582818136
162,115,13.590565546092028
162,116,10.566057779237703
162,117,11.238828056938692
162,118,11.084399666572304
162,119,13.447255579603516
162,120,15.86075681970089
162,121,18.227274657844905
162,122,21.71349152992316
162,123,21.90227971440685
162,124,23.569348021924657
162,125,21.575222742814752
162,126,23.035628825962124
162,127,25.408304986605515
162,128,28.103540365617835
162,129,31.029356636067945
162,130,34.47509589565053
162,131,33.88629596316086
162,132,31.245072745177787
162,133,33.03488364837348
162,134,31.63026124904219
162,135,34.713402678535935
162,136,37.2836245374557
162,137,34.95870957789796
162,138,32.4239459605178
162,139,28.95351181859579
162,140,26.122131599203698
162,141,23.783380546007024
162,142,22.298546160194842
162,143,18.80938520167979
162,144,18.759483056573767
162,145,18.968354016691872
162,146,21.684453219535975
162,147,21.216475686570835
162,148,24.419106752123216
162,149,25.98235623305531
162,150,26.25614405823634
162,151,29.34561762242037
162,152,30.650053205652874
162,153,27.499192905247433
162,154,24.304327877161114
162,155,22.066224910435402
162,156,19.694033513701324
162,157,16.2921197726556
162,158,13.238936862502667
162,159,9.959359414539096
162,160,6.310814862924978
162,161,3.8229735329635943
162,163,3.792981050146249
162,164,6.067915013563076
162,165,8.951535408230274
162,166,11.867992985218407
162,167,12.16788580785528
162,168,11.402092434939988
162,169,10.166020860271317
162,170,12.60023217462112
162,171,12.141696721961818
162,172,15.515877955750323
162,173,16.21655932794153
162,174,19.426695605896253
162,175,21.71471561769932
162,176,24.87284238498844
162,177,28.104817516195602
162,178,30.834278649390665
162,179,34.53030298850315
162,180,36.014185615035416
162,181,35.23509936989359
162,182,36.023633303831765
162,183,33.49809384800953
162,184,30.87672018798741
162,185,31.762999019810515
162,186,32.37741230438872
162,187,28.807604869016707
162,188,26.68105398733059
162,189,29.425210199767413
162,190,28.569631072046104
162,191,31.096186331367306
162,192,28.559752406823282
162,193,24.88967377816726
162,194,21.99045868247077
162,195,18.657888753116193
162,196,16.18654714118409
162,197,13.000340631111058
162,198,11.460196144103357
162,199,9.362604950287158
162,200,10.82554267954889
162,201,13.533082671306234
162,202,14.426062215883803
162,203,15.420096612146034
162,204,17.1389094510074
162,205,19.391978581058282
162,206,21.846393932330542
162,207,24.82460785705868
162,208,26.383236998692723
162,209,30.010544951059227
162,210,32.447157828531935
162,211,35.13417462882054
162,212,37.48358859401381
162,213,36.962623764018666
162,214,39.205159278166136
162,215,39.12076153129821
162,216,37.08065669607653
162,217,37.36418162296565
162,218,38.65799531970236
162,219,35.93692581154583
162,220,35.94194954132399
162,221,32.2628025717307
162,222,29.46503736528088
162,223,25.767762350193014
162,224,24.13888723486975
162,225,21.458553301005587
162,226,18.734820645768337
162,227,16.041711332406067
162,228,13.00191548796246
162,229,11.86458024594533
162,230,8.486787458676066
162,231,9.663364986366787
162,232,8.602654726306072
162,233,7.183544609105232
162,234,6.214938962870829
162,235,3.9823789262222227
162,236,5.883403296971171
162,237,8.362006624343007
162,238,11.316189440233453
162,239,14.512964720338264
162,240,17.850446855027634
162,241,21.21295688480834
162,242,22.58344308632457
162,243,22.909098820090666
162,244,19.305657304201493
162,245,19.203035530669524
162,246,15.718236948621676
162,247,13.974649021244495
162,248,14.068127016237723
162,249,11.58813408160223
162,250,11.418042510016482
162,251,14.410847992552293
162,252,14.997464744974367
162,253,16.380221943053968
162,254,19.447526888677118
162,255,22.333508066742986
162,256,25.85581080458334
162,257,29.085590493767207
162,258,28.047035121645944
162,259,29.469215722876296
162,260,30.963389263098954
162,261,34.593342239440425
162,262,36.64167524265495
162,263,39.68160848913649
162,264,42.06450170613177
162,265,43.51240075090508
162,266,43.58434105806747
162,267,42.02561254992366
162,268,44.554256303066055
162,269,44.758402988152945
162,270,45.56394876900256
162,271,44.23877278405461
162,272,43.73751398035674
162,273,41.49506567206315
162,274,41.778176048443065
162,275,40.63089893096092
162,276,41.79660750702045
162,277,41.605276321556374
162,278,45.287252974377616
162,279,44.412637595937895
162,280,44.465589339222774
162,281,46.93624593976091
162,282,48.32944974929413
162,283,47.77884699794806
162,284,51.238242652255416
162,285,52.03207488559021
162,286,50.44362323517473
162,287,50.28287588821077
162,288,49.41514464240264
162,289,50.322610930152635
162,290,48.4225813811924
162,291,45.201882036595215
162,292,43.18914477950772
162,293,40.03718300924608
162,294,39.55897368629534
162,295,37.113653214293464
162,296,37.825161333747516
162,297,40.78913009761411
162,298,43.06344793283191
162,299,46.19206681169051
162,300,45.88385044212492
162,301,46.56260807371584
162,302,49.864679322699985
162,303,52.09530583137631
162,304,55.25379453588742
162,305,56.203431288763575
162,306,58.39004396457663
162,307,58.91184402364053
162,308,61.69105745864412
162,309,61.6605014986544
162,310,65.18445852833946
162,311,65.68670209816348
162,312,69.45216194390837
162,313,72.27186791346085
162,314,74.21188768056837
162,315,76.12627156801207
162,316,79.8265370233785
162,317,81.87995643818073
162,318,85.5185633778934
163,1,101.93017736194302
163,2,102.12572559919546
163,3,98.68100329420865
163,4,95.23605436382462
163,5,92.3068221102093
163,6,88.61769873610766
163,7,86.06154817945233
163,8,82.3448250527781
163,9,80.0219218586592
163,10,76.62474561585726
163,11,75.59704543149189
163,12,75.16348885762226
163,13,74.02339114365223
163,14,75.62955224240618
163,15,72.6230829925047
163,16,69.9402031131771
163,17,66.82742442273512
163,18,66.20214690898985
163,19,63.59030673565546
163,20,62.82874510566274
163,21,63.10505345494307
163,22,63.018685468809274
163,23,66.58039505413652
163,24,67.28412483144295
163,25,65.71640312378807
163,26,67.25610468009481
163,27,68.63298725953695
163,28,69.78486480461714
163,29,68.30526311880487
163,30,68.86162475236273
163,31,65.30027928226686
163,32,61.81681579363178
163,33,58.284829269242735
163,34,55.785552658243894
163,35,52.63766788852882
163,36,50.91678140501422
163,37,49.212593306241615
163,38,50.19686106588639
163,39,49.928396690079225
163,40,47.352204299700674
163,41,47.60693444503609
163,42,45.69984854711929
163,43,43.181497721363385
163,44,39.673106595128026
163,45,39.63451598056099
163,46,36.8334676148265
163,47,36.858172907887344
163,48,35.45104544107437
163,49,32.42650837114994
163,50,30.46284547220578
163,51,31.58134851305365
163,52,29.95310310977558
163,53,32.54735161181615
163,54,31.22647285182512
163,55,34.55209357032993
163,56,34.25923263060138
163,57,30.59748064617822
163,58,28.8753026759314
163,59,25.466444038002976
163,60,24.05849687166504
163,61,25.84053657566682
163,62,24.369960720337808
163,63,20.819645000437735
163,64,21.385293613261872
163,65,23.38561341946511
163,66,26.969009138972694
163,67,28.93105164388011
163,68,31.236867023641146
163,69,28.30035741713545
163,70,26.764359690765627
163,71,28.18543599970211
163,72,25.642267755114318
163,73,22.523245521715626
163,74,20.396353056976714
163,75,23.07467819775657
163,76,23.073874461792194
163,77,25.705452374344965
163,78,27.219680406206823
163,79,29.124322088502556
163,80,28.60158944474747
163,81,32.00046418590304
163,82,32.384511024060394
163,83,35.81686270171529
163,84,38.00309943854829
163,85,38.56165936921613
163,86,34.92460676398727
163,87,34.448271692135876
163,88,32.01955567202586
163,89,33.00138581080179
163,90,30.350854511065776
163,91,29.766386791121224
163,92,30.88174718334456
163,93,27.962325563175202
163,94,27.52575023976372
163,95,24.846262675230687
163,96,25.22421418148153
163,97,24.97527622705226
163,98,25.375532766302285
163,99,26.339046281855783
163,100,23.1617520580108
163,101,20.850284074234523
163,102,23.43252580104083
163,103,23.450971229673346
163,104,19.78454080674937
163,105,19.500600464515433
163,106,22.84549311383725
163,107,21.921504833306006
163,108,18.81073620657966
163,109,21.315824661127074
163,110,19.40605812712676
163,111,18.669852038686162
163,112,16.533063726381826
163,113,14.72289649150595
163,114,12.47084836394972
163,115,13.259943290403497
163,116,11.028096717831692
163,117,12.76668592019253
163,118,13.245429886154165
163,119,16.17103182351681
163,120,18.656013207899697
163,121,21.356781907175677
163,122,24.807017931937803
163,123,24.62876041637044
163,124,25.909104014227978
163,125,23.50806632489376
163,126,24.438919010984204
163,127,26.87055429358856
163,128,29.201322476064973
163,129,31.97499922835724
163,130,35.23468031746645
163,131,34.373556842958635
163,132,31.552250091832597
163,133,33.32718552259834
163,134,31.736881474034874
163,135,34.79628962684821
163,136,37.63939606850921
163,137,35.62286264920738
163,138,33.180444592348394
163,139,29.551486706741752
163,140,26.61992453549148
163,141,23.877649665273918
163,142,22.21096917379268
163,143,18.643248492917202
163,144,19.248038215187563
163,145,20.13897533446612
163,146,23.155947175802044
163,147,23.26048981973248
163,148,26.696598989792996
163,149,28.621821190231888
163,150,29.03334178714243
163,151,32.285733527493946
163,152,33.64064174729618
163,153,30.59174666685898
163,154,27.283735668108474
163,155,25.308746645875303
163,156,22.930337543842406
163,157,19.47995164414379
163,158,16.62776100299674
163,159,13.342087629084086
163,160,9.831139153421491
163,161,6.75476296095563
163,162,3.792981050146249
163,164,3.8033350434138735
163,165,5.56012752106283
163,166,8.213557208766069
163,167,8.399156886190859
163,168,8.05658989811433
163,169,7.557837477904264
163,170,10.74466084767497
163,171,11.425887152479556
163,172,15.144324542158001
163,173,16.705135275587708
163,174,20.200510287164693
163,175,22.93729907627648
163,176,26.21135954162135
163,177,29.44024834571572
163,178,32.381572006908144
163,179,36.00038306399342
163,180,37.811103180088764
163,181,37.351452286082925
163,182,38.21374562375015
163,183,35.47457909409728
163,184,33.01402521088036
163,185,34.22324648389545
163,186,34.743263551493015
163,187,31.064248601657663
163,188,29.17662122251312
163,189,32.14566355271011
163,190,31.318708053363736
163,191,33.64742332011685
163,192,30.943313451790836
163,193,27.237766184627105
163,194,24.22487519614932
163,195,20.67071618171153
163,196,18.190438400742128
163,197,14.633513129845744
163,198,12.975113442293951
163,199,10.342741641188649
163,200,11.648883845074135
163,201,13.561444453353134
163,202,14.777455932391632
163,203,16.488429090341423
163,204,18.131720645355028
163,205,20.907880980759646
163,206,23.28052716229763
163,207,26.54375496145169
163,208,27.989981470668152
163,209,31.45792045847804
163,210,34.069626704091824
163,211,36.48228894001498
163,212,38.67371797336695
163,213,37.794083580609055
163,214,39.77436144190693
163,215,39.664408122329334
163,216,37.36333684070653
163,217,37.63360488807797
163,218,39.272146365953176
163,219,36.729230410043264
163,220,36.85760956881117
163,221,33.305851539491385
163,222,30.25041244346758
163,223,26.476058080355777
163,224,24.62744112524093
163,225,21.548790898046338
163,226,18.718855309366262
163,227,15.510631963952699
163,228,12.386659021771221
163,229,10.259090057626358
163,230,6.810521002823156
163,231,7.033011287865718
163,232,5.418225352652265
163,233,5.467319656764922
163,234,5.6994832200722945
163,235,5.641515198812816
163,236,7.629618812268758
163,237,11.00864725576348
163,238,13.808704938139215
163,239,17.297114123258343
163,240,20.504984031291333
163,241,24.042017457243833
163,242,25.04877073155237
163,243,24.88783370952594
163,244,21.181000604667616
163,245,20.541995406986565
163,246,17.135250390959538
163,247,14.702255926244852
163,248,14.631699306664556
163,249,11.423117753513043
163,250,10.161785611891549
163,251,12.397273132897674
163,252,12.18184401143139
163,253,13.303957655576665
163,254,16.074864781029408
163,255,18.910691363184636
163,256,22.414890260008736
163,257,25.760739319622143
163,258,24.974104146471348
163,259,26.666873158802076
163,260,28.472078217769457
163,261,32.18720537341626
163,262,34.50769158463662
163,263,37.47783631341492
163,264,39.99055505216746
163,265,41.20056815299349
163,266,41.26100664406771
163,267,39.517310654714734
163,268,41.90424507188797
163,269,41.96106112712386
163,270,42.57908719963434
163,271,41.082541962095384
163,272,40.55891384331671
163,273,38.22072001193271
163,274,38.644968673351556
163,275,37.706509754205925
163,276,39.05704200065094
163,277,39.12073726886836
163,278,42.76586075914218
163,279,41.74005923963762
163,280,41.56904688618986
163,281,43.928022859640706
163,282,45.15057187139864
163,283,44.49239018243371
163,284,47.88776593610108
163,285,48.75529893922764
163,286,47.16921778062229
163,287,47.16815889040431
163,288,46.43428329676228
163,289,47.52836439858546
163,290,45.704366058095516
163,291,42.57160069837612
163,292,40.542475763315814
163,293,37.41343812782782
163,294,36.700735818483
163,295,34.105722359050986
163,296,34.59732354607345
163,297,37.45316649731105
163,298,39.85947994637478
163,299,43.01005829356392
163,300,42.80234977295759
163,301,43.67219502893675
163,302,47.03230187494255
163,303,49.419449516237464
163,304,52.47835968513758
163,305,53.42458402321281
163,306,55.46984072891735
163,307,55.873840813305435
163,308,58.55987345903046
163,309,58.40918057648527
163,310,61.88744857277746
163,311,62.29920960745072
163,312,66.05553452450685
163,313,68.88999433602777
163,314,70.91000577121963
163,315,72.8522226179504
163,316,76.56081984784485
163,317,78.63555007352046
163,318,82.25258201741238
164,1,102.18727097248184
164,2,102.33741763345549
164,3,98.94681035253812
164,4,95.53095704412453
164,5,92.69970243858853
164,6,88.97314905406343
164,7,86.54156157937496
164,8,82.82000286154532
164,9,80.61957335223963
164,10,77.26855846648367
164,11,76.30972958781813
164,12,76.05598383865198
164,13,75.01297814618351
164,14,76.76703216803705
164,15,73.87891128793311
164,16,71.16569202521258
164,17,68.1520850470241
164,18,67.64542938861014
164,19,64.98798584326293
164,20,64.29507535142544
164,21,64.46557162281321
164,22,64.42450987832818
164,23,68.05233442099143
164,24,68.81240316301076
164,25,67.37828839855106
164,26,68.82288543408475
164,27,70.01781479292106
164,28,71.09237939634357
164,29,69.43685624602047
164,30,69.87538964229167
164,31,66.32186963585848
164,32,62.91670273242605
164,33,59.38618328775798
164,34,57.070546547954
164,35,53.91719021904307
164,36,52.41524342496265
164,37,50.712998905730664
164,38,51.9219660730259
164,39,51.616655205645465
164,40,49.00398753891476
164,41,49.18148781067475
164,42,47.49678107385229
164,43,44.8188638237476
164,44,41.22262002365927
164,45,40.852001119235624
164,46,37.916066734235784
164,47,37.63565850536321
164,48,36.077252558383485
164,49,33.323362307509534
164,50,31.457439137725707
164,51,32.972937179421855
164,52,31.575959893011607
164,53,34.41960669852943
164,54,33.418144099130934
164,55,36.778301674799955
164,56,36.75014712079123
164,57,33.16438537560563
164,58,31.6083374198968
164,59,28.107546223426123
164,60,27.03602627245919
164,61,28.73886333900937
164,62,26.924226154074116
164,63,23.54262635287685
164,64,24.351528745007148
164,65,26.029292412045166
164,66,29.715254162384714
164,67,31.407316400890174
164,68,33.630137146721985
164,69,30.634619631101756
164,70,28.8295247353961
164,71,29.93788061457042
164,72,27.495869696772605
164,73,24.273399063592393
164,74,21.7828547407431
164,75,24.468553560300503
164,76,24.31872173588478
164,77,27.03873721834101
164,78,28.47841875083249
164,79,30.7694255598634
164,80,30.573834851148206
164,81,34.119522445678506
164,82,34.83155968232789
164,83,38.31356456127284
164,84,40.718891842840165
164,85,41.25172814489419
164,86,37.671293926559386
164,87,37.38108396520088
164,88,35.05742359661567
164,89,35.97163642519402
164,90,33.40133759385395
164,91,33.03328185515484
164,92,34.3178690187193
164,93,31.491397816236717
164,94,31.150737024417282
164,95,28.45089463312303
164,96,28.882729853501544
164,97,28.464679016158314
164,98,28.76615959236195
164,99,29.50255132714766
164,100,26.279573308120536
164,101,24.023927968131744
164,102,26.368303236055816
164,103,26.141724717756286
164,104,22.38753932129566
164,105,22.03975828204416
164,106,25.12039549116673
164,107,23.908822285028855
164,108,20.61271139470901
164,109,22.92083091268655
164,110,20.984113684213597
164,111,20.5756722589854
164,112,17.956284788648393
164,113,16.47637886867173
164,114,13.826220553624301
164,115,14.818894438011704
164,116,12.591842643557548
164,117,14.065330607756419
164,118,15.313854101011785
164,119,17.985954235968464
164,120,20.922463243066744
164,121,23.343724763274736
164,122,26.970556312331457
164,123,27.097972791367713
164,124,28.3481133874903
164,125,25.966649849299415
164,126,26.94676446517373
164,127,29.658622658230346
164,128,32.01815476338908
164,129,34.942148132812875
164,130,38.14405389246965
164,131,37.43363313633751
164,132,34.45160589358966
164,133,35.967379011195
164,134,34.09445326835756
164,135,36.944378121776026
164,136,39.876189193850756
164,137,37.98850362310408
164,138,35.783177118175736
164,139,32.160448887572436
164,140,29.442036320052217
164,141,26.73758948973739
164,142,24.703747302564135
164,143,21.327662168064403
164,144,22.262754973671207
164,145,23.033743758958288
164,146,26.203547366233405
164,147,26.20721850169616
164,148,29.622024205192456
164,149,31.373250321408317
164,150,31.434731069064785
164,151,34.568252507273996
164,152,36.16521244131641
164,153,33.172495703089325
164,154,30.046430158474497
164,155,27.92774528901725
164,156,25.70774729427853
164,157,22.23483946741076
164,158,19.25333529757652
164,159,15.850454394899554
164,160,12.300815925369642
164,161,9.358594004781997
164,162,6.067915013563076
164,163,3.8033350434138735
164,165,3.8191971007915297
164,166,6.873522624719802
164,167,8.697949221040343
164,168,9.908253664622258
164,169,10.267779270185002
164,170,13.841251248750918
164,171,14.890584750141487
164,172,18.604818184185053
164,173,20.295130185850766
164,174,23.845811890725262
164,175,26.608207392198192
164,176,29.79664802449242
164,177,33.09918332360183
164,178,35.953927649059544
164,179,39.605035147760205
164,180,41.35478560305973
164,181,40.82853689087653
164,182,41.555877685590296
164,183,38.832035765236704
164,184,36.41080931773706
164,185,37.44888068115003
164,186,37.844716128258916
164,187,34.186262553193316
164,188,32.325753884966005
164,189,35.214151382050765
164,190,34.50127484827322
164,191,36.99049659616693
164,192,34.39984102976359
164,193,30.69628176094816
164,194,27.747459703359688
164,195,24.26495299130367
164,196,21.759048773061206
164,197,18.295863425647354
164,198,16.467692453536504
164,199,13.60566305622278
164,200,14.212606189584022
164,201,16.299305075040376
164,202,18.036484970759016
164,203,19.94585372665866
164,204,21.81481443751993
164,205,24.56033920313809
164,206,27.01726037785193
164,207,30.235632335388885
164,208,31.699851214423767
164,209,35.19953580890123
164,210,37.751052857440015
164,211,40.20435626185911
164,212,42.364387960486695
164,213,41.494864814456015
164,214,43.42113972761143
164,215,43.20081274080675
164,216,40.8123222982948
164,217,40.91981133651722
164,218,42.59609037476576
164,219,40.15865180626986
164,220,40.427336939301284
164,221,36.8810512230661
164,222,33.86599248508849
164,223,30.088371993942438
164,224,28.34026477231307
164,225,25.20571628514715
164,226,22.444300456888758
164,227,19.158930971391783
164,228,16.062767976131134
164,229,13.6114527715789
164,230,10.17778564272421
164,231,9.261217273851189
164,232,6.149105344969945
164,233,5.718520334389387
164,234,7.936222360545906
164,235,8.616385901842134
164,236,11.17059740973997
164,237,14.23553970392733
164,238,17.161328554734723
164,239,20.507618281479694
164,240,23.78242710804514
164,241,27.193804691921642
164,242,28.352434800653683
164,243,28.353723709680025
164,244,24.630368318882624
164,245,23.947567663603696
164,246,20.413106363886488
164,247,17.876629558861715
164,248,17.230827016548925
164,249,13.95268486463923
164,250,12.843501238335385
164,251,14.740948944710514
164,252,13.818465563295367
164,253,15.064910143845594
164,254,17.25062602387186
164,255,20.026860231841123
164,256,23.371794110671754
164,257,26.89233955340094
164,258,26.469253531789537
164,259,28.58002934210351
164,260,30.66848578245635
164,261,34.43841744961728
164,262,36.97054508572122
164,263,39.781207016945444
164,264,42.285622856979565
164,265,43.2269529855934
164,266,43.08858084018133
164,267,41.073247992871785
164,268,43.199395590146445
164,269,42.930520400983326
164,270,43.4670172603216
164,271,41.84759497872962
164,272,41.51377673660509
164,273,39.154845523971616
164,274,39.917791271398514
164,275,39.26671321554322
164,276,40.91335623870464
164,277,41.23073956316855
164,278,44.79075165451368
164,279,43.50806733661768
164,280,43.05766980681599
164,281,45.33536243648362
164,282,46.288935999047105
164,283,45.531115829561244
164,284,48.78837707757379
164,285,49.85784953030802
164,286,48.31669830217748
164,287,48.60047039502179
164,288,48.060508147832486
164,289,49.40516206183339
164,290,47.64045409783744
164,291,44.65061066996449
164,292,42.64968921977472
164,293,39.54184523052986
164,294,38.519903453689324
164,295,35.69563128907117
164,296,35.80776989557028
164,297,38.471690270007066
164,298,41.135611785695716
164,299,44.33641696796988
164,300,44.31325792200726
164,301,45.46252271552999
164,302,48.88559578980896
164,303,51.461649796522146
164,304,54.38621740151866
164,305,55.30963523580447
164,306,57.160588374407496
164,307,57.399603160434076
164,308,59.924608858396354
164,309,59.564041193852496
164,310,62.944470882741015
164,311,63.16053829378322
164,312,66.88979756779091
164,313,69.75403513081321
164,314,71.93639221862391
164,315,73.92765032895724
164,316,77.64734945485158
164,317,79.74874932230425
164,318,83.31550794970325
165,1,98.5827361506146
165,2,98.7689961976859
165,3,95.39937031145004
165,4,91.96966876170153
165,5,89.16296271050719
165,6,85.43256828031338
165,7,83.02743750361905
165,8,79.31790708993405
165,9,77.12317758175226
165,10,73.7635913885379
165,11,72.77538973789171
165,12,72.56523248772841
165,13,71.52079420979715
165,14,73.31538570662231
165,15,70.48129806989745
165,16,67.78617911190182
165,17,64.8357170264617
165,18,64.43382080615477
165,19,61.805719659042445
165,20,61.22460525952097
165,21,61.42805193792168
165,22,61.5138014794354
165,23,65.16357049997661
165,24,65.85374338258666
165,25,64.43472266829795
165,26,65.76040157707436
165,27,66.85634704529564
165,28,67.83333365356326
165,29,66.09347902379282
165,30,66.43819762546624
165,31,62.87169837478325
165,32,59.511997229020324
165,33,55.9649130247181
165,34,53.72894690821232
165,35,50.61508570113419
165,36,49.20291305578283
165,37,47.45293626690637
165,38,48.77415144273791
165,39,48.421224752709406
165,40,45.78933199524606
165,41,45.937925762770774
165,42,44.408297878699365
165,43,41.66158842025149
165,44,38.01265461764932
165,45,37.47272571143787
165,46,34.525114178637686
165,47,34.07965046058911
165,48,32.445286893986925
165,49,29.79339183708707
165,50,28.03463651859428
165,51,29.757964285896218
165,52,28.600392047077378
165,53,31.637256513703377
165,54,30.944547911299416
165,55,34.39141396316365
165,56,34.691097527792806
165,57,31.162228444202228
165,58,29.626872957436575
165,59,26.00754936170851
165,60,25.39554229882249
165,61,27.20942345100004
165,62,25.090713328829228
165,63,21.87051091390176
165,64,23.225034177616624
165,65,24.77354979452178
165,66,28.500109130289584
165,67,30.180495121520277
165,68,32.052813948452425
165,69,28.83799848927249
165,70,27.115270772413123
165,71,27.81209470646486
165,72,25.199626339157927
165,73,22.1581260739254
165,74,19.296903196147493
165,75,21.683062492956207
165,76,21.199409704744404
165,77,23.82371574360348
165,78,25.135629541521816
165,79,27.641363198105683
165,80,27.72266440689407
165,81,31.371390825624434
165,82,32.39709862650979
165,83,35.94789268579408
165,84,38.56300045763453
165,85,39.19930111614433
165,86,35.739995647197496
165,87,35.795618535680326
165,88,33.77016117390179
165,89,34.8893383051287
165,90,32.636223030984326
165,91,32.63896762999848
165,92,33.87887323447966
165,93,31.061109734411804
165,94,30.6832121494463
165,95,27.82753543764996
165,96,28.42015630039471
165,97,27.61640502561732
165,98,27.60175191789214
165,99,27.964392853802135
165,100,24.794587411457
165,101,22.551481729109522
165,102,24.493082240447627
165,103,24.014441457729113
165,104,20.241034325943037
165,105,19.767365105259007
165,106,22.528788276976275
165,107,21.12031639127365
165,108,17.70423093230007
165,109,19.845339915283915
165,110,18.03771075507097
165,111,18.098425963204264
165,112,15.393128543296537
165,113,14.606574435829785
165,114,12.388410166997362
165,115,14.306334947018554
165,116,13.017172305227898
165,117,15.311825547320296
165,118,16.903536306019973
165,119,20.012947485027237
165,120,22.902141271171335
165,121,25.666245353330503
165,122,29.21032687073548
165,123,28.927338543678417
165,124,29.766910565367258
165,125,27.022157434040135
165,126,27.4835097843782
165,127,30.216730066477055
165,128,32.1998952875129
165,129,34.961299456693
165,130,37.94251576270462
165,131,37.02221836346425
165,132,33.888483987527415
165,133,35.33080740393119
165,134,33.29097355824337
165,135,36.0669966382495
165,136,39.220550274154725
165,137,37.649840497294186
165,138,35.57266336407217
165,139,31.857688381922255
165,140,29.123306308172285
165,141,26.133909037014337
165,142,23.945224952146948
165,143,20.649400362774827
165,144,22.161809234387597
165,145,23.479406076781327
165,146,26.86440225611199
165,147,27.391190260712687
165,148,30.99128200764526
165,149,33.08932295702467
165,150,33.284430397288254
165,151,36.58571169942805
165,152,38.24291918999104
165,153,35.39406625711195
165,154,32.167018413433766
165,155,30.373616578560473
165,156,28.223611904124446
165,157,24.65953007688046
165,158,21.954460058775133
165,159,18.48089491718028
165,160,15.09830525337042
165,161,11.727922925852058
165,162,8.951535408230274
165,163,5.56012752106283
165,164,3.8191971007915297
165,166,3.7994043024878805
165,167,5.55431923584546
165,168,7.804474889321183
165,169,8.808805010829742
165,170,12.601620378046078
165,171,14.468449318103671
165,172,18.15444758470923
165,173,20.473240172879283
165,174,24.169767432876874
165,175,27.280369265889124
165,176,30.453841814658126
165,177,33.76510807802036
165,178,36.73170878033691
165,179,40.29364589469834
165,180,42.33498110440609
165,181,42.13782859847926
165,182,42.86144837843134
165,183,39.92057012054195
165,184,37.71689929863266
165,185,39.04369404449902
165,186,39.28051450206039
165,187,35.53169631849498
165,188,33.96097704964055
165,189,37.07779841203414
165,190,36.47895177466596
165,191,38.80787389269786
165,192,36.130545228070304
165,193,32.39140467232594
165,194,29.446275275855754
165,195,25.79437902274138
165,196,23.463921064780653
165,197,19.790036923789494
165,198,18.19034671932251
165,199,15.342384243518412
165,200,16.194932321560874
165,201,17.54939155471907
165,202,19.16399659330285
165,203,21.363318479217522
165,204,22.909961022984806
165,205,25.947644781338088
165,206,28.161271477069413
165,207,31.53503814592039
165,208,32.76269311561449
165,209,36.086733340108026
165,210,38.704478050659205
165,211,40.88408390341871
165,212,42.82471928468182
165,213,41.63932831505932
165,214,43.27374183449503
165,215,42.95395328166477
165,216,40.32176585663377
165,217,40.34515608788363
165,218,42.31759864875698
165,219,40.103744967990785
165,220,40.55250000094993
165,221,37.162268622210185
165,222,33.9811016263542
165,223,30.194510729669155
165,224,28.393635460746065
165,225,24.982108455743585
165,226,22.339982171108158
165,227,18.805262661329643
165,228,15.993097426715622
165,229,13.06122052996907
165,230,10.261316812877423
165,231,8.86061276127542
165,232,5.862149407806699
165,233,7.547307338426945
165,234,9.850257004808569
165,235,11.04916721639025
165,236,13.04441839990768
165,237,16.533915315389088
165,238,19.13713964254216
165,239,22.72578408115431
165,240,25.787272346083085
165,241,29.31181954904956
165,242,30.06154845498924
165,243,29.602784842418593
165,244,25.81902683175859
165,245,24.62953455883331
165,246,21.222515805596068
165,247,18.196801372640063
165,248,17.36912293165078
165,249,13.73247969535143
165,250,11.892364128820914
165,251,12.870866201898732
165,252,11.138766777853474
165,253,12.277484115962013
165,254,14.01334033784791
165,255,16.82030815690271
165,256,19.991845743913114
165,257,23.53638569670111
165,258,23.271497975502907
165,259,25.651874593766482
165,260,27.943411095734156
165,261,31.731934616153318
165,262,34.45476894358819
165,263,37.11654667682704
165,264,39.652166400529104
165,265,40.35865901173764
165,266,40.14602529371587
165,267,37.96628959559669
165,268,39.942687929682585
165,269,39.536104147374125
165,270,39.96049759958001
165,271,38.25477947826245
165,272,37.96916434868026
165,273,35.60945841634318
165,274,36.52812346145962
165,275,36.027063951356396
165,276,37.861200651580184
165,277,38.36631619641511
165,278,41.846631930316306
165,279,40.392999748540895
165,280,39.765236951811865
165,281,41.99192044580109
165,282,42.818327364476765
165,283,42.05353267051623
165,284,45.25970348961969
165,285,46.44634252263424
165,286,44.99896435782424
165,287,45.41161367862081
165,288,44.92406440247896
165,289,46.412255058585885
165,290,44.64781949302897
165,291,41.788730577957836
165,292,39.87829495008207
165,293,36.75499727101691
165,294,35.494512286679466
165,295,32.519167578563405
165,296,32.429339131724994
165,297,35.029686385332816
165,298,37.811414024322374
165,299,41.07062779818576
165,300,41.22234238316473
165,301,42.51242143881403
165,302,46.006227165579254
165,303,48.69283557338009
165,304,51.492866129947785
165,305,52.32620107186624
165,306,54.061792846447666
165,307,54.25786963249221
165,308,56.68153969990005
165,309,56.25850573894156
165,310,59.59573642886029
165,311,59.707160319997186
165,312,63.43415810190404
165,313,66.34939807474986
165,314,68.59749743069199
165,315,70.55277655591802
165,316,74.28654452795215
165,317,76.35217842851668
165,318,79.88895472507953
166,1,95.53645642682567
166,2,95.63617289557432
166,3,92.25926631931247
166,4,88.86857262874406
166,5,86.07611630135109
166,6,82.33391088334167
166,7,79.96159698481742
166,8,76.23354669752115
166,9,74.11565621641813
166,10,70.81243521677506
166,11,69.94939679561622
166,12,69.8345369443397
166,13,68.93049571674601
166,14,70.8375389766941
166,15,68.05734309961505
166,16,65.25981808052818
166,17,62.321659898540915
166,18,61.87749608467689
166,19,59.14176755288512
166,20,58.49043509640569
166,21,58.54004938016633
166,22,58.56101704807428
166,23,62.24652243103742
166,24,63.05199329702088
166,25,61.78011370523508
166,26,63.126924189984514
166,27,64.12559513491948
166,28,65.15859624924737
166,29,63.35507078530269
166,30,63.74886940416605
166,31,60.23929676148387
166,32,56.89021003770218
166,33,53.40812277348342
166,34,51.27701085135485
166,35,48.072099510326
166,36,46.84218615860803
166,37,45.275659748862466
166,38,46.80468044300331
166,39,46.651052994630064
166,40,44.187725693877205
166,41,44.54932014149423
166,42,43.22731747839375
166,43,40.569417248013956
166,44,36.8468217289732
166,45,36.20376024653268
166,46,33.4341596163782
166,47,32.66450810513544
166,48,30.787099817620852
166,49,28.23804266201287
166,50,26.915755262711638
166,51,28.861470521475677
166,52,28.15610627312334
166,53,31.379262356249544
166,54,30.984829492061618
166,55,34.57463051158576
166,56,35.164253476247914
166,57,31.639207971909727
166,58,29.850620538342895
166,59,26.112842866551706
166,60,25.83156667477178
166,61,28.02461810671675
166,62,25.89650323768047
166,63,22.72395060080663
166,64,24.546464570234882
166,65,26.279933812352265
166,66,29.9318093362419
166,67,31.823237939802244
166,68,33.3498111690692
166,69,29.91614147310846
166,70,28.518952564280468
166,71,28.880884708751875
166,72,25.96453481877999
166,73,23.298128585140322
166,74,20.158400288420587
166,75,21.970779028699322
166,76,20.82809923357969
166,77,22.989119675608997
166,78,23.758554336737234
166,79,26.44772922989588
166,80,26.993705269994155
166,81,30.723296609940768
166,82,32.03115902327824
166,83,35.708363656798156
166,84,38.404243354296966
166,85,39.36988810534328
166,86,36.063056985338456
166,87,36.44867716772695
166,88,34.731416127798056
166,89,36.20622469541433
166,90,34.219592487712724
166,91,34.321712307312886
166,92,35.257961678048076
166,93,32.27324136512067
166,94,31.546368331625132
166,95,28.408572836588558
166,96,28.727291640437688
166,97,27.43842423142137
166,98,27.532991441079083
166,99,27.38856958368643
166,100,24.072278553260983
166,101,22.27433091174382
166,102,24.05776263303097
166,103,22.999957967092946
166,104,19.223151756638945
166,105,19.234146934071813
166,106,21.630033376256158
166,107,19.645760127133638
166,108,16.465760200753866
166,109,18.845798621184983
166,110,17.700878205513636
166,111,18.528443034693844
166,112,16.1669106159337
166,113,16.189784133435015
166,114,14.68564953088411
166,115,17.16139470313629
166,116,16.334574375683243
166,117,18.900377099348063
166,118,20.32856227400846
166,119,23.54908826386174
166,120,26.261091577936096
166,121,29.124816755642964
166,122,32.60026234635044
166,123,32.174217389085314
166,124,32.98307299397653
166,125,30.147666375012086
166,126,30.390906108370636
166,127,32.95554370115589
166,128,34.71760268627261
166,129,37.253210054642636
166,130,40.11912563771417
166,131,38.90387337622027
166,132,35.80497863010955
166,133,37.38348996049726
166,134,35.39566760360133
166,135,38.21018998687484
166,136,41.48633778819829
166,137,40.089942606447394
166,138,37.971793639236886
166,139,34.20512837942595
166,140,31.32409501011004
166,141,28.093674674262747
166,142,26.065569410187372
166,143,22.73300649749956
166,144,24.412082626566768
166,145,26.12983949397688
166,146,29.473731842777212
166,147,30.247268302671984
166,148,33.88583069345552
166,149,36.14370146581304
166,150,36.56466182415057
166,151,39.92876564111845
166,152,41.43713685828202
166,153,38.52814904757457
166,154,35.18115737054534
166,155,33.40734346251377
166,156,31.04759680362339
166,157,27.585878271351902
166,158,24.816406295697476
166,159,21.528663833670063
166,160,18.043043771458343
166,161,14.843477136558304
166,162,11.867992985218407
166,163,8.213557208766069
166,164,6.873522624719802
166,165,3.7994043024878805
166,167,3.817623980591379
166,168,7.11371064862242
166,169,9.613488714591927
166,170,13.290401453838829
166,171,15.909099629853864
166,172,19.559026362819676
166,173,22.23617168285741
166,174,25.88166210198657
166,175,29.0881102172262
166,176,32.403412178532186
166,177,35.53946986611712
166,178,38.706416778253875
166,179,42.15487270039032
166,180,44.3858854339141
166,181,44.33808104169243
166,182,45.27490673341077
166,183,42.293383465724574
166,184,40.07271243003772
166,185,41.62744423304666
166,186,42.00077990141959
166,187,38.23319131988046
166,188,36.65450917751883
166,189,39.82504057335441
166,190,39.03819327725632
166,191,41.145402574378856
166,192,38.26462887647605
166,193,34.57955284043908
166,194,31.455301516874034
166,195,27.767647332738264
166,196,25.257503297968167
166,197,21.511490520840994
166,198,19.616959161791286
166,199,16.47857528134071
166,200,16.88120228745447
166,201,17.574838455931154
166,202,19.528433501182356
166,203,22.233037336062935
166,204,23.907683303704317
166,205,27.239969452186394
166,206,29.541221566997706
166,207,33.09397091442727
166,208,34.43979435045744
166,209,37.61832005621961
166,210,40.44641598061174
166,211,42.43631774114055
166,212,44.37117140403631
166,213,42.950856528553736
166,214,44.46415132578466
166,215,44.30653120630316
166,216,41.59865792544873
166,217,41.7973750726905
166,218,43.98935116029984
166,219,41.817961266138546
166,220,42.16616354540185
166,221,38.88853313660944
166,222,35.52600645930955
166,223,31.763258200969926
166,224,29.650575101588423
166,225,26.11803135972791
166,226,23.298064627412714
166,227,19.57940996191067
166,228,16.719750563299023
166,229,13.267401204016583
166,230,10.891535763821455
166,231,8.373179121733468
166,232,5.512514379056099
166,233,8.194215632947275
166,234,10.845651846124358
166,235,13.04244013822487
166,236,15.187275610053527
166,237,18.831853912008963
166,238,21.55017776926317
166,239,25.135191275494662
166,240,28.234831948694843
166,241,31.879404429376226
166,242,32.564903974294005
166,243,31.89975811225857
166,244,28.170301030846282
166,245,26.908126857240223
166,246,23.72613416939575
166,247,20.608640813871872
166,248,20.102948308766287
166,249,16.34544324735953
166,250,13.833360707631035
166,251,13.922731339640933
166,252,11.415190910425427
166,253,11.48083254004005
166,254,12.334583329571107
166,255,14.527859399149344
166,256,17.669483261972974
166,257,21.358528663898507
166,258,21.633849739751586
166,259,24.19042175262352
166,260,26.868836302367566
166,261,30.650245350178782
166,262,33.633742202440466
166,263,36.29138296992743
166,264,39.04716813532568
166,265,39.55386357771685
166,266,39.50358985791542
166,267,37.22472107908564
166,268,39.07159914176166
166,269,38.57768048962511
166,270,38.6506979423945
166,271,36.64268035887313
166,272,36.15761666871575
166,273,33.55726251953713
166,274,34.534859604196804
166,275,34.345750093233335
166,276,36.27115807395051
166,277,37.103491033071926
166,278,40.53909991297704
166,279,39.059739047137185
166,280,38.17869613116137
166,281,40.137887554426676
166,282,40.73823553564081
166,283,39.702043913125536
166,284,42.799299793349945
166,285,43.93043368022642
166,286,42.33527723349255
166,287,42.91065484639156
166,288,42.675859702587374
166,289,44.35388251784667
166,290,42.82358385328295
166,291,40.01742994866535
166,292,37.95059714774151
166,293,35.01055222893404
166,294,33.593329831437444
166,295,30.581897653977947
166,296,30.247015006004403
166,297,32.59708365888426
166,298,35.4594705162922
166,299,38.606406674245754
166,300,38.70523446551113
166,301,40.210052165990184
166,302,43.66109725874224
166,303,46.495371431571776
166,304,49.22131715154028
166,305,50.19255652433065
166,306,51.76385204135662
166,307,51.74896163899335
166,308,54.105372126810636
166,309,53.516124283221025
166,310,56.8009214235461
166,311,56.894333011171675
166,312,60.585939123341824
166,313,63.430736246169175
166,314,65.72609067616528
166,315,67.7936555945035
166,316,71.50421331742245
166,317,73.67104172449498
166,318,77.2015603303934
167,1,93.70619375018137
167,2,93.88758749785165
167,3,90.47073979894294
167,4,87.03381363513851
167,5,84.15708710358591
167,6,80.44736092348568
167,7,77.96233528417629
167,8,74.24547262551108
167,9,71.99513591270262
167,10,68.62627226154004
167,11,67.65384368519916
167,12,67.3745469840116
167,13,66.34951851708001
167,14,68.12436602431214
167,15,65.24914480655468
167,16,62.50244807167429
167,17,59.4987245228813
167,18,59.01344776404176
167,19,56.350835139922076
167,20,55.716703719161295
167,21,55.9182691072744
167,22,55.991656902023465
167,23,59.6316282422867
167,24,60.317962930824216
167,25,58.89843335262364
167,26,60.25824644959598
167,27,61.38685348433156
167,28,62.4241710784721
167,29,60.743067054578624
167,30,61.184133463462445
167,31,57.639642439637264
167,32,54.23095970279295
167,33,50.7138669482664
167,34,48.42766053992446
167,35,45.25443640677847
167,36,43.83212105529748
167,37,42.19544165145445
167,38,43.556905988461665
167,39,43.37963267241955
167,40,40.904409332137284
167,41,41.299339500986186
167,42,39.831035965301446
167,43,37.26023402108518
167,44,33.57407500591038
167,45,33.161099090133554
167,46,30.48728337738354
167,47,29.95527966742064
167,48,28.202139482259376
167,49,25.39336076141467
167,50,23.988186151392043
167,51,25.6585296933682
167,52,24.84723692466503
167,53,27.967641825458117
167,54,27.458868171927595
167,55,31.08113268365073
167,56,31.632389410642002
167,57,28.07321709379882
167,58,26.155332204037474
167,59,22.40539100497137
167,60,22.15722563278055
167,61,24.48960524447385
167,62,22.4528888017877
167,63,19.25759144758754
167,64,21.264989614634228
167,65,23.157613160588333
167,66,26.72121134298631
167,67,28.81336459596227
167,68,30.18792509241666
167,69,26.680521512515984
167,70,25.574940650047054
167,71,25.960010247006306
167,72,22.84627910036153
167,73,20.4030539834275
167,74,17.368330269188405
167,75,18.964137714070553
167,76,17.73594248302117
167,77,19.772888037524755
167,78,20.5716643431324
167,79,23.030759410216543
167,80,23.420371623656546
167,81,27.111367230577237
167,82,28.317711870703317
167,83,32.00775562551785
167,84,34.65048258071314
167,85,35.68751918906242
167,86,32.39680396682514
167,87,32.83451205540518
167,88,31.217537912551645
167,89,32.86323636342226
167,90,31.021184842043414
167,91,31.19184447008134
167,92,31.971213107074078
167,93,28.955480251120196
167,94,28.15257135265343
167,95,24.960179112746946
167,96,25.373932374404987
167,97,23.96678509947143
167,98,23.88583395444041
167,99,23.67828553243532
167,100,20.443652466671647
167,101,18.575406978749058
167,102,20.25560175916749
167,103,19.239331820266976
167,104,15.465297884883745
167,105,15.42049393456099
167,106,17.870081324779456
167,107,16.000670315479205
167,108,12.803593764049104
167,109,15.349974537150855
167,110,14.316465495721367
167,111,15.204243185041078
167,112,13.284881648731169
167,113,13.553520054735626
167,114,12.791451402396643
167,115,15.601713261590058
167,116,15.344756531351301
167,117,18.38575549125224
167,118,19.498266903000236
167,119,23.001118324208676
167,120,25.360495123641396
167,121,28.52784150207968
167,122,31.797025757245255
167,123,30.950819494205952
167,124,31.531582622860384
167,125,28.52265997727437
167,126,28.428669630086823
167,127,30.768456462392457
167,128,32.263262173621094
167,129,34.56504252469382
167,130,37.31867209890091
167,131,35.877218392172665
167,132,32.83278771100081
167,133,34.55531879222936
167,134,32.70783023645653
167,135,35.6294001267815
167,136,38.93800838290229
167,137,37.62492038820824
167,138,35.414129804635884
167,139,31.624679838269703
167,140,28.60593484381069
167,141,25.20956759097676
167,142,23.399036263904318
167,143,20.031728793479285
167,144,21.815373125935675
167,145,23.930209071596177
167,146,27.230115364380215
167,147,28.37460723625563
167,148,32.07367594435693
167,149,34.61643742915025
167,150,35.33532617904845
167,151,38.83725204152313
167,152,40.20886450226687
167,153,37.38173814495412
167,154,33.905403280757035
167,155,32.44581687201564
167,156,30.087875437453192
167,157,26.64726810889362
167,158,24.19635742025692
167,159,21.016193504575792
167,160,17.798064763932466
167,161,14.49133636225237
167,162,12.16788580785528
167,163,8.399156886190859
167,164,8.697949221040343
167,165,5.55431923584546
167,166,3.817623980591379
167,168,3.784062466507462
167,169,6.6054342725631034
167,170,9.984603232219062
167,171,13.034315794657896
167,172,16.50681637176082
167,173,19.49067981141651
167,174,23.09953780703673
167,175,26.45703047757895
167,176,29.75197436040046
167,177,32.80491207271912
167,178,36.054312142700276
167,179,39.39306404351112
167,180,41.821321753433196
167,181,42.02056441135606
167,182,43.02450420430097
167,183,39.92743549051593
167,184,37.84282906944685
167,185,39.664185994448346
167,186,40.01178414348461
167,187,36.21919629406972
167,188,34.82392747568707
167,189,38.14572399983383
167,190,37.379055907968855
167,191,39.26982572708341
167,192,36.311725135753136
167,193,32.65246001857062
167,194,29.563389943223054
167,195,25.803452332844977
167,196,23.521053028757134
167,197,19.717555241993164
167,198,18.20566363794992
167,199,15.423298546592425
167,200,16.436152086152127
167,201,16.549152222248797
167,202,17.925772247222152
167,203,20.558953316344446
167,204,21.770133585983768
167,205,25.21476683515714
167,206,27.220526168935972
167,207,30.82741695399968
167,208,31.963371626927103
167,209,34.96788332072494
167,210,37.831453697226934
167,211,39.606562515190234
167,212,41.40313541562584
167,213,39.796530035310745
167,214,41.15750867726535
167,215,41.0082671464457
167,216,38.229911561069386
167,217,38.4910323861749
167,218,40.81678697820303
167,219,38.71852835459253
167,220,39.08063673467146
167,221,35.92257155341223
167,222,32.46556936367998
167,223,28.745321909560825
167,224,26.56821690805277
167,225,22.937253197178773
167,226,20.220990947465495
167,227,16.455535434854816
167,228,13.930579063374962
167,229,10.415349599593407
167,230,8.913087622267021
167,231,6.947864736728303
167,232,5.890128493416923
167,233,9.487308065608937
167,234,10.939922378510126
167,235,12.827974356511554
167,236,14.138836691983405
167,237,17.933601881810382
167,238,20.22312546794844
167,239,23.91027281365615
167,240,26.73794570909372
167,241,30.442438723123633
167,242,30.759410561107224
167,243,29.713922044275808
167,244,26.035214760073927
167,245,24.498881573383837
167,246,21.577065894747783
167,247,18.313854484566793
167,248,18.09767367618048
167,249,14.323848338470787
167,250,11.256420297272216
167,251,10.72915869044067
167,252,8.089521621420714
167,253,7.7182933507051565
167,254,8.920146227784382
167,255,11.39784314939421
167,256,14.732882493690495
167,257,18.32242804818384
167,258,18.265036867120426
167,259,20.62102267064783
167,260,23.181375668724705
167,261,26.968939261759978
167,262,29.89125669828126
167,263,32.61557291175585
167,264,35.39770414103065
167,265,36.02347608068655
167,266,36.10127916303205
167,267,33.977361048260505
167,268,36.00782152033868
167,269,35.76009640717812
167,270,35.881680025810034
167,271,33.96861605319778
167,272,33.33672834870115
167,273,30.766879313289945
167,274,31.49542928408897
167,275,31.07479082508916
167,276,32.838705618916194
167,277,33.52315157291448
167,278,37.01582037902596
167,279,35.665355625784855
167,280,34.96581745741457
167,281,37.01888499610707
167,282,37.8414306576736
167,283,36.93446903924202
167,284,40.17464400420985
167,285,41.19209919813212
167,286,39.62897927229928
167,287,39.981748758293854
167,288,39.54895184391161
167,289,41.06135144628813
167,290,39.43134456303376
167,291,36.550176981744244
167,292,34.52476503829931
167,293,31.503466051292648
167,294,30.22794534830592
167,295,27.312596041247772
167,296,27.25964436310568
167,297,29.82966298068298
167,298,32.518186473947274
167,299,35.69649719394394
167,300,35.73863246952406
167,301,37.04077859471926
167,302,40.509125501345245
167,303,43.23005832077792
167,304,46.025429653159655
167,305,46.94095059864067
167,306,48.655534959927905
167,307,48.8065476001924
167,308,51.27407222649164
167,309,50.87608817367928
167,310,54.24943558473479
167,311,54.47193237955992
167,312,58.20504621995819
167,313,61.072600657866325
167,314,63.248473739143954
167,315,65.23033862031123
167,316,68.95106849605965
167,317,71.05620166787445
167,318,74.62363371455552
168,1,94.18561547990619
168,2,94.39797932147651
168,3,90.92153566488298
168,4,87.46403763643056
168,5,84.48146030937781
168,6,80.81507143422554
168,7,78.19592715796419
168,8,74.48333228734913
168,9,72.10873220428444
168,10,68.7003005066702
168,11,67.67241262635922
168,12,67.19479225269117
168,13,66.0770735293621
168,14,67.68963174980365
168,15,64.6763118890371
168,16,61.94897098816613
168,17,58.82008562798354
168,18,58.17198041874533
168,19,55.541103034606884
168,20,54.79434015075863
168,21,55.091826633682885
168,22,55.07605981305878
168,23,58.6428170824878
168,24,59.2955960502536
168,25,57.736081678907105
168,26,59.23518098700523
168,27,60.58245276240616
168,28,61.73576115752306
168,29,60.26489694410863
168,30,60.86460472808414
168,31,57.32155909187729
168,32,53.81607843086708
168,33,50.30882544689544
168,34,47.80313281082732
168,35,44.61633154458644
168,36,42.933661233671145
168,37,41.32352032116704
168,38,42.418267780194
168,39,42.31676824854977
168,40,39.90239126708437
168,41,40.417769281345436
168,42,38.67250621071754
168,43,36.31016546676934
168,44,32.72712030472798
168,45,32.741991251486674
168,46,30.252582524362936
168,47,30.100470797297668
168,48,28.538685972197523
168,49,25.39559401279454
168,50,23.88650790402433
168,51,25.027434759262903
168,52,23.922581878970842
168,53,26.725520292388513
168,54,25.80131453063563
168,55,29.40419571032126
168,56,29.62573368288993
168,57,25.94652523440671
168,58,23.759086018700643
168,59,20.07323801407977
168,60,19.39356873726623
168,61,21.925454715712096
168,62,20.335087355486227
168,63,16.885419608769926
168,64,18.669525865353325
168,65,21.00205065809139
168,66,24.430355304277217
168,67,26.864477870503354
168,68,28.332151861633704
168,69,24.889080659514388
168,70,24.128698323284322
168,71,24.895815759338813
168,72,21.65556534165665
168,73,19.358648544557443
168,74,16.80353016262598
168,75,18.374178156141202
168,76,17.339554905049976
168,77,19.223616001097593
168,78,20.090164366042675
168,79,22.0091215780687
168,80,21.972500299865327
168,81,25.495178113877806
168,82,26.278967914789156
168,83,29.945019971272306
168,84,32.31551222561975
168,85,33.420707556769266
168,86,30.045736874754216
168,87,30.264683228102836
168,88,28.52683118046058
168,89,30.289208613305796
168,90,28.361030229302013
168,91,28.268445648698297
168,92,28.80438492829569
168,93,25.641981473466057
168,94,24.648357369487137
168,95,21.395609888827657
168,96,21.671469331891572
168,97,20.355794975921512
168,98,20.450030871996127
168,99,20.45515551698562
168,100,17.15011692550713
168,101,15.251309798121095
168,102,17.322790508992828
168,103,16.522336585240268
168,104,12.71922677789001
168,105,12.920470641560577
168,106,15.82650272409271
168,107,14.26616827659092
168,108,11.347307488284356
168,109,14.34269858086766
168,110,13.420488397613557
168,111,13.895666597885377
168,112,12.705852481803813
168,113,12.58558854342786
168,114,12.361694107645151
168,115,14.876603792324406
168,116,14.636469949632225
168,117,17.734135208681455
168,118,18.16535291575634
168,119,21.72018527057451
168,120,23.61200815871875
168,121,26.913393934804244
168,122,29.961762506303774
168,123,28.883752027968526
168,124,29.51764347012722
168,125,26.563991303523025
168,126,26.439384278446767
168,127,28.44418009527369
168,128,29.898442042253077
168,129,32.012102012819874
168,130,34.82392276868752
168,131,33.2081260469803
168,132,30.368628379326125
168,133,32.394620169687165
168,134,30.883437901793247
168,135,34.03070412603481
168,136,37.21563979448357
168,137,35.74673683620503
168,138,33.27948174491534
168,139,29.50884604876385
168,140,26.262937118380158
168,141,22.828526801288454
168,142,21.4769418946561
168,143,17.917904807439143
168,144,19.330194590543375
168,145,21.59782332175903
168,146,24.664722119005074
168,147,25.90186854688606
168,148,29.549121489877706
168,149,32.21015116953282
168,150,33.259068823143856
168,151,36.81032748563517
168,152,37.91737453851063
168,153,35.04892124464905
168,154,31.453795872299384
168,155,30.12437783027454
168,156,27.638220278088447
168,157,24.340346468733426
168,158,22.067591004236725
168,159,19.17630101678699
168,160,16.193659371618292
168,161,13.158740119824765
168,162,11.402092434939988
168,163,8.05658989811433
168,164,9.908253664622258
168,165,7.804474889321183
168,166,7.11371064862242
168,167,3.784062466507462
168,169,3.7963212266252877
168,170,6.707484070997374
168,171,9.882145254317763
168,172,13.31149752924418
168,173,16.278260214669185
168,174,19.764093640579492
168,175,23.077459020045104
168,176,26.462202638686644
168,177,29.375612465814434
168,178,32.72568790303201
168,179,36.001294094814064
168,180,38.48158286537041
168,181,38.734980021797845
168,182,39.90269596555009
168,183,36.830966947886246
168,184,34.69821005284834
168,185,36.679860761399716
168,186,37.18516804920585
168,187,33.41853286066495
168,188,31.985712733851614
168,189,35.32795360909536
168,190,34.41891738275942
168,191,36.10973796914762
168,192,33.04444624803539
168,193,29.445058387173805
168,194,26.30699052308676
168,195,22.550191102113136
168,196,20.314989322272247
168,197,16.528288012208822
168,198,15.198983431699052
168,199,12.738067889030148
168,200,14.229218842817446
168,201,13.926213933613543
168,202,14.769835292096744
168,203,17.287530986667587
168,204,18.23983871946349
168,205,21.74280440079675
168,206,23.64969737262562
168,207,27.297455247692913
168,208,28.44059153393135
168,209,31.37200200205214
168,210,34.318321218659094
168,211,36.03538203841982
168,212,37.884253555818965
168,213,36.26346506985234
168,214,37.69817359950256
168,215,37.71026393522195
168,216,35.04396636048996
168,217,35.525780383142894
168,218,37.80604980928179
168,219,35.574615867638244
168,220,35.74616970238789
168,221,32.59262922903413
168,222,29.08059734544595
168,223,25.379440683234595
168,224,23.022528398025663
168,225,19.42866832039074
168,226,16.570129193818698
168,227,12.78752179937524
168,228,10.236131508841599
168,229,6.677264762946902
168,230,5.850835454006417
168,231,4.876882080098685
168,232,6.047839645516184
168,233,9.573894018804912
168,234,9.640764349439962
168,235,11.182636185901572
168,236,11.773151272686043
168,237,15.534057729239192
168,238,17.552740015392864
168,239,21.195529694156868
168,240,23.873124254337437
168,241,27.620781706779564
168,242,27.79749697306054
168,243,26.592334186769396
168,244,23.01421886550585
168,245,21.544490724624616
168,246,18.88219522694141
168,247,15.790812575830477
168,248,16.241322193631273
168,249,12.659137982570222
168,250,9.286199338700794
168,251,8.83122246006026
168,252,7.1212046216324545
168,253,6.163738209831236
168,254,8.51877725229036
168,255,10.9890890594676
168,256,14.605562877039103
168,257,17.929664057006768
168,258,17.3781577985206
168,259,19.1245281666643
168,260,21.349361188118504
168,261,25.107364700654013
168,262,27.791800985947013
168,263,30.76765640001421
168,264,33.601161314776206
168,265,34.57581765701558
168,266,34.92549767296236
168,267,33.14495543179503
168,268,35.504099349947566
168,269,35.65903621124374
168,270,35.873024780655435
168,271,34.106040115455336
168,272,33.22188541420234
168,273,30.661900428299276
168,274,30.939386786354863
168,275,30.159107050649286
168,276,31.528364542743475
168,277,31.90239489040999
168,278,35.52895286046978
168,279,34.51900408262254
168,280,34.168585916484496
168,281,36.3058190416888
168,282,37.457774136871734
168,283,36.645720175213604
168,284,40.04717645856998
168,285,40.791399318925414
168,286,39.137191954287886
168,287,39.13565313761126
168,288,38.484919553349414
168,289,39.689457924576026
168,290,38.00992909271454
168,291,34.91876773757983
168,292,32.80568383677331
168,293,29.763479479214432
168,294,28.905135487144136
168,295,26.300683773778616
168,296,26.758713071961232
168,297,29.558836639705103
168,298,31.90389755405571
168,299,34.996232732441364
168,300,34.7638548787955
168,301,35.7195484266019
168,302,39.103202458596414
168,303,41.601067291190375
168,304,44.584906552198305
168,305,45.56640090503891
168,306,47.519889247478694
168,307,47.84989748162658
168,308,50.52258854180714
168,309,50.3631120656116
168,310,53.85232460039863
168,311,54.319478246551704
168,312,58.07665428234729
168,313,60.88946238227328
168,314,62.872591646737064
168,315,64.81933200075726
168,316,68.52140875320737
168,317,70.61528645221922
168,318,74.24353830720176
169,1,96.12370206898343
169,2,96.457224552694
169,3,92.98059123557252
169,4,89.47171390348406
169,5,86.45070561787276
169,6,82.8171011687584
169,7,80.13063243974717
169,8,76.45267260466426
169,9,73.95746447415065
169,10,70.47738563647108
169,11,69.28090338591853
169,12,68.64751963031456
169,13,67.3422535259168
169,14,68.78359389137069
169,15,65.69258652766851
169,16,63.10518410631878
169,17,59.95810486324442
169,18,59.35143218531874
169,19,56.88047108363615
169,20,56.23119799903166
169,21,56.751444424045154
169,22,56.83897901787058
169,23,60.33209016247125
169,24,60.8056843765901
169,25,59.042959627891236
169,26,60.503787517589494
169,27,61.98719599311174
169,28,63.06799761329972
169,29,61.71009353857646
169,30,62.265442428995016
169,31,58.66614665732054
169,32,55.15028991816719
169,33,51.58205556336409
169,34,48.93057521550209
169,35,45.88259578083585
169,36,43.953147041639376
169,37,42.126832033417344
169,38,42.92639450314702
169,39,42.59518369273571
169,40,40.011681493051164
169,41,40.30606636791652
169,42,38.29017784029742
169,43,35.888955294346744
169,44,32.43653399195135
169,45,32.664321197914276
169,46,30.0601779088488
169,47,30.35607068241263
169,48,29.12286598100872
169,49,25.824536950686696
169,50,23.84007496972979
169,51,24.580286424616613
169,52,22.926846490259372
169,53,25.423678440542112
169,54,24.091727707546955
169,55,27.534594350744854
169,56,27.399728043075406
169,57,23.690416885402755
169,58,21.71935605332575
169,59,18.18174539123131
169,60,17.07827662714454
169,61,19.247374642019228
169,62,17.744212679115734
169,63,14.160794454639047
169,64,15.485311561684702
169,65,17.790131868929166
169,66,21.277192820828766
169,67,23.65442715338868
169,68,25.417097115896034
169,69,22.159729904908524
169,70,21.248367775261748
169,71,22.4290344822053
169,72,19.402396471927403
169,73,16.845281386181195
169,74,14.762458447161913
169,75,16.82290777695093
169,76,16.53785863442628
169,77,18.83121548866993
169,78,20.312135999072755
169,79,21.859052615947704
169,80,21.191172137776086
169,81,24.54369396742879
169,82,24.9314841947479
169,83,28.434725127156952
169,84,30.677129481759096
169,85,31.44561667548941
169,86,27.9073178761844
169,87,27.778273708670728
169,88,25.73876046626425
169,89,27.222369575536376
169,90,25.072658233671167
169,91,24.91275805371601
169,92,25.694109127487323
169,93,22.673001712601124
169,94,22.048797925953362
169,95,19.087623765427846
169,96,19.813093151429886
169,97,19.049395359524034
169,98,18.85024806875841
169,99,19.480378499921105
169,100,16.499041283041727
169,101,13.937113967661816
169,102,16.119509628311793
169,103,16.1701973757789
169,104,12.542904494113637
169,105,11.953797977965474
169,106,15.315994610940885
169,107,14.674943242749277
169,108,11.625833606357098
169,109,14.188337252257776
169,110,12.522149566920989
169,111,11.967467030805938
169,112,10.796128712099566
169,113,9.777153087035675
169,114,9.534689269029375
169,115,11.63760224299635
169,116,11.503960571560638
169,117,14.701157902232495
169,118,14.900627352009753
169,119,18.551885851981336
169,120,20.264897466496635
169,121,23.707415745347003
169,122,26.6362409573369
169,123,25.35951814335304
169,124,25.839754003335496
169,125,22.82665492912359
169,126,22.649181212650323
169,127,24.657119381415065
169,128,26.15197131493123
169,129,28.34994473692667
169,130,31.22857392173574
169,131,29.75684983513637
169,132,26.893733443130312
169,133,28.898567298929073
169,134,27.43152569869152
169,135,30.63635883125474
169,136,33.726064926514816
169,137,32.126056805065396
169,138,29.615477136044372
169,139,25.853630270159897
169,140,22.61912306740439
169,141,19.27593300326304
169,142,17.927163135831748
169,143,14.291638235984012
169,144,15.592287907637902
169,145,17.80885121159391
169,146,20.921433923491275
169,147,22.22203718127933
169,148,25.907938287139824
169,149,28.645448654733727
169,150,29.700322335586375
169,151,33.29645806920857
169,152,34.45360636624319
169,153,31.70720410231721
169,154,28.13100697337702
169,155,27.03198405209749
169,156,24.769623284240975
169,157,21.391018021810527
169,158,19.47696693545161
169,159,16.53972892056587
169,160,14.000704661758764
169,161,10.865794909006492
169,162,10.166020860271317
169,163,7.557837477904264
169,164,10.267779270185002
169,165,8.808805010829742
169,166,9.613488714591927
169,167,6.6054342725631034
169,168,3.7963212266252877
169,170,3.808774112389475
169,171,6.430846628756937
169,172,9.978093146983557
169,173,12.886943200332286
169,174,16.512515618158687
169,175,19.91085561074801
169,176,23.157279496144273
169,177,26.247438740804263
169,178,29.462681702770325
169,179,32.810591510589745
169,180,35.244875256208374
169,181,35.5206780263043
169,182,36.50931923643495
169,183,33.374194267106255
169,184,31.351835994358762
169,185,33.30101421046179
169,186,33.63978203853439
169,187,29.850282439225836
169,188,28.563849541607475
169,189,31.98442442209615
169,190,31.291118251758476
169,191,33.065507594914465
169,192,30.152550915946453
169,193,26.493525324531504
169,194,23.570872976156625
169,195,19.768566271514548
169,196,17.938715625749154
169,197,14.175865939930146
169,198,13.591324535576653
169,199,11.877105275979286
169,200,14.265801540193017
169,201,14.320507105715569
169,202,14.328435484653882
169,203,16.10783402819037
169,204,16.501200674703917
169,205,19.729577438429686
169,206,21.290026509854158
169,207,24.78840762948656
169,208,25.63006742182891
169,209,28.616965645612414
169,210,31.36702216809744
169,211,33.14886894555854
169,212,34.91020487758723
169,213,33.40783511493572
169,214,34.874558068434034
169,215,34.702363677627794
169,216,32.04899621942058
169,217,32.37464881558947
169,218,34.52315830710515
169,219,32.28384583402107
169,220,32.586343801822345
169,221,29.367364606962134
169,222,25.95730321901501
169,223,22.21187193291965
169,224,20.15788021226719
169,225,16.5711486140129
169,226,13.99836557165502
169,227,10.353683039453264
169,228,8.208114579767797
169,229,5.634399741901595
169,230,5.304181883700122
169,231,6.746005575767732
169,232,8.140963038047476
169,233,10.892860117111201
169,234,10.069812603812045
169,235,10.25168907116436
169,236,9.752493332850603
169,237,13.384495798707643
169,238,14.82319879670997
169,239,18.560882058237464
169,240,20.959043492576637
169,241,24.636820975966586
169,242,24.57930879717089
169,243,23.276435802178536
169,244,19.633801860899727
169,245,17.974419718145455
169,246,15.237954864144966
169,247,12.034048042664406
169,248,12.490121027417018
169,249,8.994970052568771
169,250,5.613824687502856
169,251,5.934104012192889
169,252,5.817718533231284
169,253,6.40077852759349
169,254,9.868110967026638
169,255,12.906270165469548
169,256,16.28544726194577
169,257,19.229202117216005
169,258,17.93684141247124
169,259,19.31954770023246
169,260,20.94641744702216
169,261,24.644472845181564
169,262,26.95618074936024
169,263,29.935541352485764
169,264,32.50982643922401
169,265,33.755223751182164
169,266,33.98667781874997
169,267,32.40397410590904
169,268,34.96874251096249
169,269,35.329133852569925
169,270,35.92433101542158
169,271,34.528718816633564
169,272,33.80620244825282
169,273,31.552463800950484
169,274,31.67418767425054
169,275,30.473070648365322
169,276,31.660810517663293
169,277,31.600267689999278
169,278,35.26173037307112
169,279,34.34086376940382
169,280,34.34557612797556
169,281,36.78723392412116
169,282,38.25223069182575
169,283,37.79007737426055
169,284,41.319699969354836
169,285,42.0836422839398
169,286,40.627103158021434
169,287,40.38035358492857
169,288,39.38816215453506
169,289,40.31649188177618
169,290,38.35149018662543
169,291,35.21417618213804
169,292,33.33496647217943
169,293,30.08959621511331
169,294,29.46725445488739
169,295,26.982491626501766
169,296,27.802218029806028
169,297,30.898760130911345
169,298,33.06323955994362
169,299,36.251228609809225
169,300,36.0791348043834
169,301,36.720105642374016
169,302,40.12450541787056
169,303,42.3980575694874
169,304,45.450878033855524
169,305,46.24105322804184
169,306,48.40502807950125
169,307,49.021337794651636
169,308,51.779114771325396
169,309,51.86352874229551
169,310,55.41405327332951
169,311,55.935330014766556
169,312,59.724170533302
169,313,62.609589223404484
169,314,64.495794523165
169,315,66.28114931540053
169,316,69.99763222362947
169,317,71.95190895129882
169,318,75.58635171972018
170,1,95.51924936419987
170,2,95.93042613798686
170,3,92.4189296449007
170,4,88.87919921462202
170,5,85.77338042685778
170,6,82.19553745991497
170,7,79.3921745176622
170,8,75.74558611406349
170,9,73.11715587638395
170,10,69.59013164871335
170,11,68.28605870266459
170,12,67.4539840010725
170,13,66.01560011637322
170,14,67.27499656405854
170,15,64.07494881945877
170,16,61.566439984549675
170,17,58.34701151522462
170,18,57.66151467141272
170,19,55.29705964306782
170,20,54.63848266742599
170,21,55.32931695728649
170,22,55.436039080379075
170,23,58.83164178823369
170,24,59.179326627297115
170,25,57.243247644369326
170,26,58.7482578744376
170,27,60.412768896402284
170,28,61.52094047092226
170,29,60.35023859593931
170,30,60.98551921002017
170,31,57.38286133120162
170,32,53.819323368469995
170,33,50.25672136835051
170,34,47.420511526523434
170,35,44.44821216110381
170,36,42.26602857474302
170,37,40.388484158347616
170,38,40.89575642652534
170,39,40.54295976699289
170,40,37.98099218005274
170,41,38.30982079453742
170,42,36.043250073497894
170,43,33.83044336469089
170,44,30.540169614252164
170,45,31.16574155852216
170,46,28.7612938011058
170,47,29.459253150622278
170,48,28.483902191816867
170,49,24.957426504664696
170,50,22.86654298070501
170,51,23.034174928721097
170,52,21.095235778294008
170,53,23.190724835931665
170,54,21.47649373009365
170,55,24.834872311565796
170,56,24.41436417940151
170,57,20.647754079953586
170,58,18.47249639903334
170,59,15.072528634403032
170,60,13.584460260955721
170,61,15.911048679339668
170,62,14.862231179048617
170,63,11.129234427303127
170,64,12.321604222789498
170,65,15.065083047060048
170,66,18.313741476494435
170,67,21.044068276726932
170,68,22.74191784132306
170,69,19.552077658390328
170,70,19.117296037907195
170,71,20.576494134771593
170,72,17.46173603035536
170,73,15.286831228263827
170,74,13.872905382699678
170,75,15.651190088007077
170,76,15.59694951389331
170,77,17.622623805766334
170,78,19.203942269424243
170,79,20.124803459067472
170,80,18.967946509422205
170,81,22.04247605141993
170,82,22.00421974748696
170,83,25.413722017057175
170,84,27.415528066067967
170,85,28.203332852816803
170,86,24.625633865485174
170,87,24.347811596011436
170,88,22.277530074613164
170,89,23.926972461916364
170,90,21.83791020657136
170,91,21.588439822121888
170,92,22.125689754113008
170,93,19.021693710449508
170,94,18.304075862815765
170,95,15.328088577399019
170,96,16.23729233832312
170,97,15.586407807035027
170,98,15.183735444169194
170,99,16.088589374935633
170,100,13.352078516743669
170,101,10.467072526795311
170,102,12.796057599937589
170,103,13.374547863951758
170,104,10.064665214515626
170,105,9.266638523354407
170,106,12.950502209902616
170,107,13.004123066294385
170,108,10.467856994759279
170,109,12.95750697239402
170,110,11.44184845481081
170,111,10.392671022881462
170,112,10.38795363132317
170,113,9.296725312536513
170,114,10.226802617488017
170,115,11.995629540346993
170,116,12.451012371746202
170,117,15.64887784981577
170,118,15.225821602632886
170,119,18.842845248630706
170,120,19.905999354864406
170,121,23.52086373298974
170,122,26.052236566812283
170,123,24.315060948487524
170,124,24.56803427680178
170,125,21.503167241556483
170,126,20.975565277865197
170,127,22.538361107075826
170,128,23.7253668593793
170,129,25.585113700080232
170,130,28.372407783686374
170,131,26.63106841563718
170,132,23.942729115921928
170,133,26.22186013782843
170,134,25.086891571471373
170,135,28.461493001930307
170,136,31.465208339861913
170,137,29.86537919221324
170,138,27.170097315006807
170,139,23.451510476958262
170,140,20.012904330288492
170,141,16.552163237589607
170,142,15.7704821927531
170,143,12.121838824853848
170,144,13.204688746293165
170,145,15.880717884409457
170,146,18.718102828733002
170,147,20.433271018592926
170,148,24.063501169614685
170,149,27.077381852973513
170,150,28.521328039749147
170,151,32.18826392505753
170,152,33.106258322752716
170,153,30.483591368911476
170,154,26.826197303658418
170,155,26.131770761269248
170,156,23.928770841953988
170,157,20.761176765347013
170,158,19.38011558542852
170,159,16.876374742708272
170,160,15.00197048182653
170,161,12.35886724142353
170,162,12.60023217462112
170,163,10.74466084767497
170,164,13.841251248750918
170,165,12.601620378046078
170,166,13.290401453838829
170,167,9.984603232219062
170,168,6.707484070997374
170,169,3.808774112389475
170,171,3.8088329828650367
170,172,6.698125746947083
170,173,10.000975280590641
170,174,13.450659305664175
170,175,16.982086516542914
170,176,20.1781242005257
170,177,23.122496165824074
170,178,26.423528498275836
170,179,29.63170982625373
170,180,32.26090038826474
170,181,32.79622954235227
170,182,33.88075301159435
170,183,30.65983974457319
170,184,28.783921542547994
170,185,31.030548434754003
170,186,31.38226234623013
170,187,27.624305743740447
170,188,26.5436435793863
170,189,30.07265941523249
170,190,29.384193564359464
170,191,30.861256437143346
170,192,27.895486573185842
170,193,24.338710661590948
170,194,21.539837104844498
170,195,17.771816674962732
170,196,16.396070792007137
170,197,12.849219696665205
170,198,13.050309204492242
170,199,12.267826147277683
170,200,15.183211953947248
170,201,14.671698962565893
170,202,13.732877251931216
170,203,15.022476718091676
170,204,14.597139740232858
170,205,17.748165464570526
170,206,18.799106744054715
170,207,22.26481078538161
170,208,22.80948550869681
170,209,25.5657393251953
170,210,28.330964418132893
170,211,29.880481151056234
170,212,31.510122747306145
170,213,29.845688667852865
170,214,31.206694145460126
170,215,31.081547207293834
170,216,28.41602159330318
170,217,28.88022290619189
170,218,31.106403141660586
170,219,28.873927361525297
170,220,29.12374612933767
170,221,26.017402608416017
170,222,22.50998727042997
170,223,18.81882279845099
170,224,16.676533809233657
170,225,12.99543660347289
170,226,10.597356664019156
170,227,6.997678723556013
170,228,5.9402582104099775
170,229,4.7354500360149645
170,230,6.701956798714879
170,231,9.135531694457793
170,232,11.461964216436007
170,233,14.006594637837027
170,234,12.401863442043839
170,235,12.063144620223634
170,236,10.441637512094868
170,237,13.552205286964073
170,238,14.134913161922636
170,239,17.690298285401713
170,240,19.565497773654208
170,241,23.175429410616243
170,242,22.649007048988132
170,243,20.885379001646587
170,244,17.427819264909413
170,245,15.489166377750523
170,246,13.320957494155937
170,247,10.237715313278146
170,248,11.469948855163738
170,249,8.671754368888017
170,250,5.265027099428386
170,251,4.892831392347223
170,252,6.457512590379539
170,253,6.590547478430827
170,254,10.311681872352182
170,255,13.07358090531261
170,256,16.19377376301378
170,257,18.592476264059005
170,258,16.727974282212767
170,259,17.42769229166115
170,260,18.518625600151008
170,261,22.07078820813078
170,262,24.06088541471384
170,263,27.17648049691647
170,264,29.705990839754456
170,265,31.2535655461976
170,266,31.689372290673063
170,267,30.452825419804384
170,268,33.29197059370847
170,269,34.03509245363427
170,270,34.750105919344264
170,271,33.569212845444255
170,272,32.681510112174564
170,273,30.56250207014243
170,274,30.286384945327107
170,275,28.707399642835533
170,276,29.528027961713793
170,277,29.116755380746937
170,278,32.83335819463011
170,279,32.19932773498386
170,280,32.56273654924824
170,281,35.117060704899735
170,282,36.90421834745467
170,283,36.636820471513516
170,284,40.284370565748574
170,285,40.85486796250188
170,286,39.44140859350916
170,287,38.863070378566846
170,288,37.596610227603215
170,289,38.211836248663076
170,290,36.12525241227561
170,291,32.877970457828184
170,292,31.073747551365525
170,293,27.776416227668765
170,294,27.52266265854356
170,295,25.352732628065333
170,296,26.651803431578564
170,297,29.95327930819051
170,298,31.763413638560483
170,299,34.88344978408454
170,300,34.57506910689
170,301,34.855417693467366
170,302,38.18614323971366
170,303,40.21273007138727
170,304,43.36922550357607
170,305,44.102651940448546
170,306,46.4790044172926
170,307,47.324056667584536
170,308,50.22315955477838
170,309,50.56632217250371
170,310,54.19432329652792
170,311,54.895573266887574
170,312,58.69236491538139
170,313,61.560843924126935
170,314,63.269997583441395
170,315,64.94989048324226
170,316,68.64595911449939
170,317,70.52405340516837
170,318,74.1878456829935
171,1,98.66818762972717
171,2,99.13967000014857
171,3,95.6191696688651
171,4,92.0589853865331
171,5,88.91581091081572
171,6,85.37115476990057
171,7,82.51058906460854
171,8,78.88947044801604
171,9,76.18346884693135
171,10,72.62586822539649
171,11,71.23370389884442
171,12,70.27331652041238
171,13,68.7183221089333
171,14,69.83104494312218
171,15,66.56023987652395
171,16,64.14686834257206
171,17,60.89424414659152
171,18,60.173235977415196
171,19,57.91206183917042
171,20,57.25227893852135
171,21,58.06527738153037
171,22,58.16231590321236
171,23,61.475611853994266
171,24,61.74357646630548
171,25,59.67319422412955
171,26,61.217567902768934
171,27,63.02562561319751
171,28,64.14085188977889
171,29,63.105257979557614
171,30,63.767742446638664
171,31,60.15774271779864
171,32,56.58213935532286
171,33,53.01793327697982
171,34,50.06318122840731
171,35,47.18362040442861
171,36,44.812992316231465
171,37,42.85258523657701
171,38,43.088390849013685
171,39,42.62282578342303
171,40,40.003527502103225
171,41,40.203560616033386
171,42,37.68747717671703
171,43,35.5429377507173
171,44,32.449302208936835
171,45,33.31082133762641
171,46,30.89650203103236
171,47,31.952886028728056
171,48,31.23415907537331
171,49,27.657056602811135
171,50,25.285355834795233
171,51,25.075410737033874
171,52,22.688266032675433
171,53,24.331156220227076
171,54,22.132467772380203
171,55,25.177397973488645
171,56,24.210687802451776
171,57,20.483798999936635
171,58,18.534055858171836
171,59,15.582220828792638
171,60,13.322309740777023
171,61,15.094470895887731
171,62,14.554720786910972
171,63,10.789985634361658
171,64,10.750239138737232
171,65,13.627927752466357
171,66,16.759014631762916
171,67,19.48068422048649
171,68,21.678579249795984
171,69,18.919332986994593
171,70,18.375995789366907
171,71,20.48152606763486
171,72,17.798470333365298
171,73,15.431779285030245
171,74,14.825823426056015
171,75,17.0373896787424
171,76,17.727300842155802
171,77,19.956983077608626
171,78,21.906655735154008
171,79,22.435382009980444
171,80,20.727292084892067
171,81,23.444381522678174
171,82,22.857797636313418
171,83,25.964177268408932
171,84,27.631683763810436
171,85,28.068888556652933
171,86,24.34678838777327
171,87,23.48937115607571
171,88,20.94177192662166
171,89,22.187128164834576
171,90,19.651575171700806
171,91,18.98160203973189
171,92,19.721976856782717
171,93,16.7088291286916
171,94,16.358786547730904
171,95,13.856792858607689
171,96,15.055911595567819
171,97,15.318519118494766
171,98,14.955604358727003
171,99,16.724047567954347
171,100,14.412917502042406
171,101,11.238379075625604
171,102,13.834698525478942
171,103,15.25978285339052
171,104,12.496572209378604
171,105,11.400663995274325
171,106,15.173511912180356
171,107,15.926574411689497
171,108,13.663274592686241
171,109,15.72737659682263
171,110,13.81945574781523
171,111,11.819796324130525
171,112,11.9045468379997
171,113,9.722201574566993
171,114,10.311352751573994
171,115,10.84921092316631
171,116,10.964790678806384
171,117,13.682272008641537
171,118,12.544629531897536
171,119,15.964255431954758
171,120,16.57212516362298
171,121,20.21467543834551
171,122,22.53526478366531
171,123,20.66884255039275
171,124,20.97947006671422
171,125,18.04734769472706
171,126,17.718832922792437
171,127,19.126730111118423
171,128,20.567369799310345
171,129,22.550262736008587
171,130,25.568438828867794
171,131,24.03649443190215
171,132,21.48924853402436
171,133,23.883393804176432
171,134,22.999169427477625
171,135,26.50305863523426
171,136,29.243602573272995
171,137,27.30779471465973
171,138,24.420811417450103
171,139,20.773781368931502
171,140,17.271086691156192
171,141,14.105297954825971
171,142,13.65674479328688
171,143,9.873232499973708
171,144,10.0906733522801
171,145,12.458771064657446
171,146,15.124070207269442
171,147,16.69723916577877
171,148,20.292955194216326
171,149,23.298016837812128
171,150,24.836974514603238
171,151,28.500655276028088
171,152,29.337900312920745
171,153,26.740559196830212
171,154,23.08066009652789
171,155,22.53297705030005
171,156,20.4678803189698
171,157,17.3489629270495
171,158,16.364437791695885
171,159,14.104967760127023
171,160,12.920755487316878
171,161,10.794428014757043
171,162,12.141696721961818
171,163,11.425887152479556
171,164,14.890584750141487
171,165,14.468449318103671
171,166,15.909099629853864
171,167,13.034315794657896
171,168,9.882145254317763
171,169,6.430846628756937
171,170,3.8088329828650367
171,172,3.8025715319073305
171,173,6.469356578770821
171,174,10.10751699435412
171,175,13.589525484850977
171,176,16.75052193435311
171,177,19.875887587667602
171,178,23.053490737825264
171,179,26.398249047534787
171,180,28.860616781918576
171,181,29.26362055683877
171,182,30.248155062776977
171,183,27.05923356974259
171,184,25.135637667109705
171,185,27.287988107356256
171,186,27.623299509141034
171,187,23.859539713392362
171,188,22.75112895376371
171,189,26.28991511528334
171,190,25.69331846059625
171,191,27.261399027007723
171,192,24.4205664596211
171,193,20.812582229087152
171,194,18.191571917315475
171,195,14.427689091528835
171,196,13.470763763701164
171,197,10.14359038521456
171,198,11.251239210996328
171,199,11.467176441370222
171,200,14.942499714083661
171,201,14.867152183647407
171,202,13.227463956584478
171,203,13.556004868397697
171,204,12.59734527341763
171,205,15.248633929809728
171,206,16.002427827692163
171,207,19.25485584933327
171,208,19.621832555113162
171,209,22.538472598222956
171,210,25.12496397962942
171,211,26.888486995942756
171,212,28.590996255661956
171,213,27.21607787456284
171,214,28.812685350203736
171,215,28.623554506103993
171,216,26.155223245274666
171,217,26.58846527774601
171,218,28.49408570154162
171,219,26.067288738726763
171,220,26.272770031039745
171,221,22.982258813148153
171,222,19.63388299496489
171,223,15.862824201499937
171,224,14.010437649572884
171,225,10.553404398744892
171,226,8.388177301811965
171,227,5.465445607249105
171,228,5.158694837815708
171,229,6.287106173197523
171,230,7.874445527597462
171,231,11.23918141859819
171,232,13.480813627729969
171,233,15.244821374702543
171,234,13.002805965985056
171,235,11.55942759591588
171,236,8.89746944857296
171,237,11.278926324860857
171,238,11.055311497840265
171,239,14.508080595160994
171,240,16.06377910645126
171,241,19.58390055295722
171,242,18.928189815409553
171,243,17.18967392283104
171,244,13.66811639247491
171,245,11.778051752494173
171,246,9.550289621202484
171,247,6.714661641326541
171,248,8.708657101275083
171,249,6.799971745335923
171,250,4.876416298330352
171,251,6.403864689744246
171,252,9.287982312366188
171,253,10.226335028972484
171,254,13.978881025401263
171,255,16.77496704310996
171,256,19.753432212915154
171,257,21.90284771614665
171,258,19.68642991155745
171,259,19.976509313295622
171,260,20.467246855587693
171,261,23.778352392208454
171,262,25.27138711935904
171,263,28.404168338994108
171,264,30.657453147187578
171,265,32.53978709904366
171,266,32.94559784882628
171,267,31.99591252507138
171,268,35.015241322658404
171,269,35.971845267311025
171,270,36.98683349807884
171,271,36.1083294891875
171,272,35.30927297660639
171,273,33.414139602427056
171,274,32.96441408934777
171,275,31.071764264380196
171,276,31.629395356747796
171,277,30.80641188434477
171,278,34.51362491148624
171,279,34.076078260371524
171,280,34.78326826676605
171,281,37.514022045533785
171,282,39.54639357396597
171,283,39.49954992419947
171,284,43.20737113277884
171,285,43.71324599072807
171,286,42.37995848355304
171,287,41.580503045702194
171,288,40.08506042432492
171,289,40.418584478867686
171,290,38.17944864014838
171,291,34.8750905709259
171,292,33.2025702224167
171,293,29.867563487475888
171,294,29.935139095799517
171,295,27.999862210742222
171,296,29.589393543738886
171,297,33.018522656154786
171,298,34.6251026111938
171,299,37.712729387836845
171,300,37.33864499111637
171,301,37.33030333297916
171,302,40.5750604627076
171,303,42.35330562243047
171,304,45.59657500710116
171,305,46.253525592317835
171,306,48.81783095418843
171,307,49.86888383614707
171,308,52.86125374822904
171,309,53.39766010742421
171,310,57.06604953366623
171,311,57.86259886460827
171,312,61.6595212368506
171,313,64.52878838033516
171,314,66.12456876259533
171,315,67.71196848183558
171,316,71.39163149023396
171,317,73.19089011948346
171,318,76.86348867324261
172,1,98.72360687070376
172,2,99.29882449443369
172,3,95.7661331612192
172,4,92.17367793092394
172,5,88.969712509548
172,6,85.48825989551337
172,7,82.53449207457123
172,8,78.96464791954872
172,9,76.13240235101654
172,10,72.53075323997062
172,11,71.00208617120622
172,12,69.85173857570737
172,13,68.13750823181448
172,14,69.05076097141428
172,15,65.69667095405188
172,16,63.414022854784015
172,17,60.13339785444624
172,18,59.39141447289466
172,19,57.29268140156442
172,20,56.68580377509834
172,21,57.7054554811942
172,22,57.87347828909146
172,23,61.066723276830224
172,24,61.162479376475574
172,25,58.90418916910388
172,26,60.43661709656296
172,27,62.40246555831078
172,28,63.487692162914605
172,29,62.62614736052689
172,30,63.311459615148635
172,31,59.70159147390797
172,32,56.12294964056784
172,33,52.569947617382184
172,34,49.46711285114982
172,35,46.73567042706639
172,36,44.12887655583964
172,37,42.06652255602902
172,38,41.97451873418798
172,39,41.39664827039582
172,40,38.76235031763443
172,41,38.88733091545338
172,42,36.12033034449416
172,43,34.143606441341475
172,44,31.30428293458078
172,45,32.52095770546085
172,46,30.27769109344606
172,47,31.758789500044685
172,48,31.35709447987927
172,49,27.68851207898696
172,50,25.169772431637433
172,51,24.39713872121721
172,52,21.67931469563439
172,53,22.764466034636133
172,54,20.130894642885565
172,55,22.882009462659628
172,56,21.486013755083476
172,57,17.8258250712025
172,58,15.91680613943052
172,59,13.460056702617957
172,60,10.6066138470901
172,61,12.06828302371326
172,62,12.228361806341068
172,63,8.650736875550816
172,64,7.729666841094065
172,65,11.0092246864894
172,66,13.702575938769936
172,67,16.70983855622551
172,68,18.94627279767552
172,69,16.48751081252594
172,70,16.392099814141552
172,71,18.88361868364244
172,72,16.41134755824541
172,73,14.493579004227344
172,74,14.803775331988344
172,75,16.748048675043776
172,76,17.853343028765682
172,77,19.858908751326673
172,78,21.979917671834
172,79,21.888795421355287
172,80,19.632661950272215
172,81,21.873673020418202
172,82,20.74497931481565
172,83,23.550916645328407
172,84,24.891150819081673
172,85,25.146402434479455
172,86,21.386846906710023
172,87,20.18972442164357
172,88,17.459252456647498
172,89,18.678874057059584
172,90,16.093407417065436
172,91,15.282926999473206
172,92,15.921412386108681
172,93,12.9410870972643
172,94,12.841790112394177
172,95,10.717432865856757
172,96,12.546208094519116
172,97,13.3666812874211
172,98,12.53744357816239
172,99,14.903887045754097
172,100,13.334496875415713
172,101,9.888424250992328
172,102,12.248931269433967
172,103,14.514345403158947
172,104,12.572481953928364
172,105,11.09564976392194
172,106,14.672529341929428
172,107,16.246866389656258
172,108,14.555436416361639
172,109,16.118682609761223
172,110,14.28254970101336
172,111,11.770243741675262
172,112,12.772743394359246
172,113,10.61287084976239
172,114,12.0095567829528
172,115,12.079295840882963
172,116,12.805212612930449
172,117,15.254956094809607
172,118,13.69703915136138
172,119,16.79447291480293
172,120,16.660138218265356
172,121,20.336757569973148
172,122,22.10636544262534
172,123,19.705326653914504
172,124,19.61453449813974
172,125,16.664382347656932
172,126,15.848316310451253
172,127,16.684700761177947
172,128,17.714607708542296
172,129,19.320246720284995
172,130,22.237994031746055
172,131,20.487460688165623
172,132,18.128237169082894
172,133,20.788519067614672
172,134,20.299249441260237
172,135,23.94108679218224
172,136,26.519877643393016
172,137,24.56736341995033
172,138,21.5072078692299
172,139,17.96272203459764
172,140,14.287235476394006
172,141,11.11855206602042
172,142,11.496537216279878
172,143,8.021014929365474
172,144,7.654940716069059
172,145,10.54330335590551
172,146,12.74297001977237
172,147,14.900978970664166
172,148,18.353568617368282
172,149,21.668623344914014
172,150,23.573417999657206
172,151,27.26083114989087
172,152,27.895938550151055
172,153,25.565585315905103
172,154,21.9347637266845
172,155,21.97927500055751
172,156,20.20995012956137
172,157,17.425883449016546
172,158,17.235487782236557
172,159,15.530571385018307
172,160,15.192803955022686
172,161,13.597325089802549
172,162,15.515877955750323
172,163,15.144324542158001
172,164,18.604818184185053
172,165,18.15444758470923
172,166,19.559026362819676
172,167,16.50681637176082
172,168,13.31149752924418
172,169,9.978093146983557
172,170,6.698125746947083
172,171,3.8025715319073305
172,173,3.801426099428131
172,174,7.076814736809472
172,175,10.80815972374577
172,176,13.685278524471187
172,177,16.746391659962793
172,178,19.90525799571201
172,179,23.115272139387464
172,180,25.78427296883794
172,181,26.516685694938918
172,182,27.473926989752936
172,183,24.1457149522145
172,184,22.506671269460227
172,185,24.962477497619666
172,186,25.174364482334017
172,187,21.468447666678255
172,188,20.74796648381221
172,189,24.40651726573615
172,190,23.981633418539374
172,191,25.251343134432947
172,192,22.503177309293246
172,193,19.06071404386091
172,194,16.84097290407465
172,195,13.308384025266578
172,196,13.292555835675323
172,197,10.711890579474197
172,198,12.81838800583819
172,199,13.954494961593554
172,200,17.58434566835025
172,201,17.20740354906636
172,202,14.877088117799701
172,203,14.490770066996475
172,204,12.533306490450396
172,205,14.635987061635536
172,206,14.477660134292943
172,207,17.425122378517734
172,208,17.178452337023348
172,209,19.785457623488313
172,210,22.218089861087137
172,211,23.72076420056688
172,212,25.180317952832862
172,213,23.67499749277636
172,214,25.134936149028295
172,215,24.854263242978096
172,216,22.354145980342746
172,217,22.816776315364173
172,218,24.748948045060946
172,219,22.35308203232481
172,220,22.6197861479475
172,221,19.4327828182068
172,222,16.03535358925482
172,223,12.301440719137407
172,224,10.669768776018248
172,225,7.150781918084469
172,226,6.028163470943485
172,227,4.638354460313277
172,228,6.7846435307553525
172,229,9.112500268911532
172,230,11.372264806678032
172,231,14.776143181379847
172,232,17.232879233154627
172,233,18.962732595713433
172,234,16.504349367521034
172,235,14.81050511767877
172,236,11.6765269668282
172,237,13.194182558060552
172,238,11.895275855488523
172,239,14.783866711188077
172,240,15.448993388087196
172,241,18.64629303810306
172,242,17.301142147547726
172,243,14.945960821977712
172,244,11.75937454008083
172,245,9.299224530759314
172,246,8.124397845063866
172,247,5.911605189767201
172,248,8.643552368015778
172,249,8.246460777810988
172,250,7.340506921813714
172,251,8.13897312738968
172,252,11.535927826091356
172,253,12.401004860187754
172,254,15.940059628715959
172,255,18.50360378831788
172,256,21.074257445268294
172,257,22.66621332266798
172,258,19.979752671039734
172,259,19.64909826756523
172,260,19.426094005288657
172,261,22.38615391211358
172,262,23.36027036664864
172,263,26.481163590970127
172,264,28.500112263679682
172,265,30.6995844796088
172,266,31.2002687487842
172,267,30.631368465316157
172,268,33.868091329541244
172,269,35.17056235064696
172,270,36.393905882492
172,271,35.82564751121939
172,272,34.99114665750842
172,273,33.3525799265991
172,274,32.589840847539946
172,275,30.3209143652118
172,276,30.527740064299294
172,277,29.27633948219033
172,278,32.93825420297161
172,279,32.75780826382607
172,280,33.85673325872261
172,281,36.731574908908534
172,282,39.0703198076207
172,283,39.29723410696955
172,284,43.07002249384655
172,285,43.45416339776668
172,286,42.25843348471585
172,287,41.16016436084058
172,288,39.36268433026418
172,289,39.36321485501936
172,290,36.95067309684814
172,291,33.629036759514165
172,292,32.170633219839885
172,293,28.800834011095265
172,294,29.21713804451866
172,295,27.610747695920292
172,296,29.60021567243084
172,297,33.17483246288324
172,298,34.444016798900954
172,299,37.46161653951751
172,300,37.04551536113575
172,301,36.67214069386531
172,302,39.82037445869467
172,303,41.308767803924354
172,304,44.59319126359557
172,305,45.1064867386179
172,306,47.868178526913205
172,307,49.184089549124025
172,308,52.26659883336275
172,309,53.06911369972877
172,310,56.777006096150906
172,311,57.70071194262822
172,312,61.48605084894585
172,313,64.35818990557722
172,314,65.79042453315631
172,315,67.22577218799785
172,316,70.87737811704602
172,317,72.55324512067352
172,318,76.22735035385685
173,1,102.07105067232825
173,2,102.6622755020391
173,3,99.11181268318033
173,4,95.51921016991506
173,5,92.27629892613736
173,6,88.8260348226254
173,7,85.82040471635352
173,8,82.26640630405706
173,9,79.38660771415694
173,10,75.78172950234841
173,11,74.2262101684024
173,12,72.97417061007083
173,13,71.20365352360537
173,14,72.00217297375278
173,15,68.58731863916265
173,16,66.35504703154153
173,17,63.031352371678764
173,18,62.20200836623297
173,19,60.154616486884805
173,20,59.47957929198119
173,21,60.54381008891597
173,22,60.63184593556154
173,23,63.74516478221085
173,24,63.83203785848504
173,25,61.49850543105845
173,26,63.11832882986503
173,27,65.21855975675669
173,28,66.36575189279854
173,29,65.64194725590524
173,30,66.40421973802653
173,31,62.81947845908134
173,32,59.22400228026742
173,33,55.70735851433955
173,34,52.51492321858629
173,35,49.8261126840486
173,36,47.09478962381747
173,37,45.056468750340365
173,38,44.76005998717094
173,39,44.18152849096784
173,40,41.58896641564934
173,41,41.691433011753716
173,42,38.7525011676946
173,43,36.91784642652583
173,44,34.270068083179865
173,45,35.679319789300536
173,46,33.50485088533746
173,47,35.18169178504066
173,48,34.910730565428906
173,49,31.234104417665822
173,50,28.639241486764234
173,51,27.647093815013218
173,52,24.738190358613434
173,53,25.450261833531837
173,54,22.506593228280767
173,55,24.885539597509034
173,56,22.994629906460975
173,57,19.53984062543326
173,58,17.839996101852485
173,59,15.990608009581534
173,60,12.666399882562148
173,61,13.508695350234968
173,62,14.356195638612409
173,63,11.237271714618624
173,64,9.094348947381034
173,65,12.142877476473728
173,66,14.275108292933743
173,67,17.160865774207515
173,68,19.833668650123236
173,69,17.999390342989532
173,70,17.89296989429362
173,71,20.869122942005756
173,72,18.87873529170254
173,73,16.958112338542048
173,74,17.781548532906047
173,75,19.909335964307846
173,76,21.344292376843807
173,77,23.374048472062224
173,78,25.57408076444066
173,79,25.251941899200766
173,80,22.74619802086165
173,81,24.643655445152447
173,82,23.078726941550038
173,83,25.52968760373305
173,84,26.433699705555643
173,85,26.434244890719206
173,86,22.67954203254104
173,87,20.886623365112992
173,88,17.736720701683183
173,89,18.48297546429915
173,90,15.410474192437691
173,91,13.808484229176058
173,92,14.495197503910378
173,93,11.645490820847856
173,94,11.872341450046113
173,95,10.559434403365065
173,96,12.319641843714786
173,97,14.142202228811065
173,98,13.711175273942592
173,99,16.70248299516492
173,100,15.470934317205842
173,101,12.356027349540076
173,102,14.879032112912565
173,103,17.429609628810933
173,104,15.845417935158215
173,105,14.604801497500159
173,106,18.070490646919573
173,107,19.80108039058744
173,108,18.307096103830055
173,109,19.82943376909997
173,110,17.94562433901965
173,111,15.19022828428688
173,112,16.079366314249288
173,113,13.465605181747248
173,114,14.33842909133108
173,115,13.446647540988641
173,116,13.594912938719318
173,117,15.199620393061018
173,118,12.828962349819534
173,119,15.287095692410986
173,120,14.378347186409442
173,121,17.868017177643196
173,122,19.224825182472557
173,123,16.701963188836547
173,124,16.833139189590888
173,125,14.301357294162086
173,126,13.906544810540002
173,127,14.248549842116928
173,128,15.664532815424273
173,129,17.304639331015554
173,130,20.532129945468945
173,131,19.026982616746288
173,132,17.08791985294781
173,133,19.94660541641819
173,134,19.935822381639472
173,135,23.654385670107146
173,136,25.794051555116358
173,137,23.408661821389707
173,138,20.077841188052673
173,139,16.790448925452413
173,140,13.117247033301636
173,141,10.715642629117403
173,142,11.805332049564601
173,143,8.76441687737356
173,144,6.634542336399626
173,145,8.542887416754931
173,146,9.931486725374322
173,147,11.755947644636551
173,148,14.99510594372744
173,149,18.259107011228792
173,150,20.43412096212654
173,151,24.054654933558222
173,152,24.428002733583874
173,153,22.067401833433685
173,154,18.413752974544632
173,155,18.634713703302108
173,156,16.963621085549676
173,157,14.492360548737679
173,158,14.8741760783503
173,159,13.832698172550208
173,160,14.353320185408037
173,161,13.652522961346566
173,162,16.21655932794153
173,163,16.705135275587708
173,164,20.295130185850766
173,165,20.473240172879283
173,166,22.23617168285741
173,167,19.49067981141651
173,168,16.278260214669185
173,169,12.886943200332286
173,170,10.000975280590641
173,171,6.469356578770821
173,172,3.801426099428131
173,174,3.7711155193145887
173,175,7.314895076172279
173,176,10.289990660962474
173,177,13.52432029778508
173,178,16.59905452215616
173,179,19.988210345772412
173,180,22.41380891609723
173,181,22.92045773624772
173,182,23.889074885235228
173,183,20.664555204660072
173,184,18.838063183181607
173,185,21.225050027998527
173,186,21.58437987546972
173,187,17.899509937085874
173,188,17.018598390442182
173,189,20.648834615039483
173,190,20.190354360742624
173,191,21.478804316782153
173,192,18.80791211600348
173,193,15.346874356516546
173,194,13.34289265857361
173,195,9.960588265599876
173,196,10.670324151998685
173,197,8.911748307470361
173,198,11.908503735099773
173,199,13.980514024067318
173,200,17.736587275372653
173,201,17.66505206112047
173,202,14.865657106506749
173,203,13.523673277185297
173,204,11.061402345459298
173,205,12.282680796366627
173,206,11.664125358198968
173,207,14.238462581796421
173,208,13.823067179114076
173,209,16.64931064992337
173,210,18.92223040692493
173,211,20.74269461516612
173,212,22.411372906115545
173,213,21.335758060424016
173,214,23.197187842132493
173,215,22.999373782185614
173,216,20.909097537321518
173,217,21.4993952718914
173,218,22.927887031353524
173,219,20.181069095642123
173,220,20.192594084952884
173,221,16.738795176396206
173,222,13.582108800217654
173,223,9.79762400497495
173,224,8.51885259525079
173,225,5.939007579510327
173,226,5.487314784637242
173,227,6.150213968211632
173,228,8.270886399434382
173,229,11.422894598982877
173,230,13.245831279004664
173,231,16.94192029672789
173,232,19.36641491358655
173,233,20.48535746259215
173,234,17.61292481987322
173,235,15.299968237747528
173,236,11.692341708804383
173,237,12.073848176107514
173,238,9.804829505781315
173,239,12.050479052075849
173,240,12.091460263002269
173,241,15.075225349896911
173,242,13.536347970346881
173,243,11.15669491978577
173,244,7.9958070432797035
173,245,5.8083170887798845
173,246,5.296437415505036
173,247,5.046162097268924
173,248,8.696925854173822
173,249,9.605270820773537
173,250,9.964109758834358
173,251,11.589855071655801
173,252,15.080835628481651
173,253,16.087496353361544
173,254,19.678630518677465
173,255,22.200511710606644
173,256,24.8198158291807
173,257,26.357231777409595
173,258,23.615160156317664
173,259,23.03549071641619
173,260,22.497523741338945
173,261,25.188043931384875
173,262,25.748773952489568
173,263,28.871633331555223
173,264,30.67649454424373
173,265,33.15214022395324
173,266,33.70937759183606
173,267,33.416591243565165
173,268,36.76204834356755
173,269,38.23380276964457
173,270,39.61301236544341
173,271,39.21512776622531
173,272,38.3803168478683
173,273,36.84007101220482
173,274,35.92184653865257
173,275,33.48659830776684
173,276,33.443327328571264
173,277,31.917050167497592
173,278,35.5327771169061
173,279,35.583134928746915
173,280,36.92794013221251
173,281,39.846836050839684
173,282,42.33863578768943
173,283,42.651796438702796
173,284,46.443647199117606
173,285,46.71136787577258
173,286,45.49933499329727
173,287,44.225475494786366
173,288,42.31235329970005
173,289,42.08038227636624
173,290,39.64355852241204
173,291,36.26851893128506
173,292,34.83564919376241
173,293,31.553381034387954
173,294,32.264841769501885
173,295,30.89654104518001
173,296,33.06817199504023
173,297,36.661986354372424
173,298,37.7594201104168
173,299,40.6776684592707
173,300,40.12135136938239
173,301,39.52865328916594
173,302,42.53835097018659
173,303,43.8050708956024
173,304,47.17390608529045
173,305,47.70470385831571
173,306,50.60915207839561
173,307,52.046020239157734
173,308,55.21860383077781
173,309,56.15850744033663
173,310,59.8933731492825
173,311,60.93476806589882
173,312,64.70327549668437
173,313,67.52891847098395
173,314,68.8453345125882
173,315,70.2446980046629
173,316,73.86144390903155
173,317,75.50927253785248
173,318,79.19529854599999
174,1,103.45991139037172
174,2,104.09355677470762
174,3,100.51770030872072
174,4,96.92239466889502
174,5,93.61336131875996
174,6,90.22720332809146
174,7,87.13098865549505
174,8,83.61705372339965
174,9,80.64782285537305
174,10,77.0368340869619
174,11,75.42487971481036
174,12,74.00352303260422
174,13,72.14475036914375
174,14,72.76659633321994
174,15,69.26878389991958
174,16,67.11603094277734
174,17,63.740472768962114
174,18,62.800731593121114
174,19,60.85357861474319
174,20,60.12172199203392
174,21,61.29302641349616
174,22,61.330949520424326
174,23,64.31188319813208
174,24,64.32824191987544
174,25,61.871232784986546
174,26,63.56981455209917
174,27,65.84693775951793
174,28,67.05462105206128
174,29,66.53548168976653
174,30,67.40253448407526
174,31,63.864570293573664
174,32,60.255388147411814
174,33,56.80513949932405
174,34,53.483132825046525
174,35,50.883207791194216
174,36,47.96925254018057
174,37,45.96903116500202
174,38,45.38340847211418
174,39,44.831838855657345
174,40,42.34746066028055
174,41,42.494633337610615
174,42,39.35458504109803
174,43,37.79150538490553
174,44,35.41642119462951
174,45,37.15671092032702
174,46,35.222518307666085
174,47,37.16866791169789
174,48,37.08795016156056
174,49,33.36978311936429
174,50,30.803633176055794
174,51,29.413269615330574
174,52,26.388139663905502
174,53,26.600431489136472
174,54,23.349754920002013
174,55,25.335159003261307
174,56,22.988130497255945
174,57,19.79622928498503
174,58,18.12221574723348
174,59,16.975998319229202
174,60,13.299585135722712
174,61,13.775693999224451
174,62,15.508529160998672
174,63,12.966956374438029
174,64,10.199285687517154
174,65,13.13979562082873
174,66,14.337995069292326
174,67,17.319022218120505
174,68,19.991005650194808
174,69,18.718480955667847
174,70,19.080036075150925
174,71,22.307012796028165
174,72,20.607483056271885
174,73,19.141044350810265
174,74,20.49367630618188
174,75,22.352777067688017
174,76,23.90922594242616
174,77,25.65666637724575
174,78,27.793967212601434
174,79,27.013646963769286
174,80,24.22103236211046
174,81,25.625308547552628
174,82,23.551222919934894
174,83,25.597240549780693
174,84,25.964040942739597
174,85,25.85813380198075
174,86,22.22490637256573
174,87,19.95904270213832
174,88,16.634516474033926
174,89,17.231591147495305
174,90,14.042612486995285
174,91,11.671505539897
174,92,11.886504345542583
174,93,9.080964313739987
174,94,9.428781529827793
174,95,9.088724043191046
174,96,10.893002166413682
174,97,13.581786971028121
174,98,13.288037242764547
174,99,16.769641180813267
174,100,16.16851979415132
174,101,13.46151922707126
174,102,15.849375115743142
174,103,18.735010600223717
174,104,17.809347454389226
174,105,16.759433407751743
174,106,19.93267757184305
174,107,21.977585784077537
174,108,20.980044744466145
174,109,22.367298980090684
174,110,20.728490661042102
174,111,17.92646474953515
174,112,19.24576275478005
174,113,16.75373746279373
174,114,17.832034931537954
174,115,16.68742269914952
174,116,16.862520325120773
174,117,18.035549624272598
174,118,15.287160617444927
174,119,17.108494270751322
174,120,15.395602319899861
174,121,18.524266793097517
174,122,19.164690701905872
174,123,16.33322467632099
174,124,16.399866946132715
174,125,14.388983865730337
174,126,13.936812481929419
174,127,13.261796751361091
174,128,14.420290152163155
174,129,15.47698007533954
174,130,18.688383834788535
174,131,17.029963330406144
174,132,15.77340239457111
174,133,18.999680659348655
174,134,19.70292932173963
174,135,23.459817885838053
174,136,25.16031672926152
174,137,22.595045758771604
174,138,19.009682411076124
174,139,16.16134462707838
174,140,12.538222924708808
174,141,10.87600699747706
174,142,13.013874880393349
174,143,10.82055560264062
174,144,7.898709400064289
174,145,9.174228136539856
174,146,9.051432968261851
174,147,10.929848088926848
174,148,13.505134378881428
174,149,16.83571205157693
174,150,19.549674743553805
174,151,23.005014265491514
174,152,22.893805301868007
174,153,20.712466109186728
174,154,17.14257697279844
174,155,17.88165963712983
174,156,16.406953110580993
174,157,14.67180677623676
174,158,15.778161125505417
174,159,15.591628763772881
174,160,16.748889118186444
174,161,16.68607206103905
174,162,19.426695605896253
174,163,20.200510287164693
174,164,23.845811890725262
174,165,24.169767432876874
174,166,25.88166210198657
174,167,23.09953780703673
174,168,19.764093640579492
174,169,16.512515618158687
174,170,13.450659305664175
174,171,10.10751699435412
174,172,7.076814736809472
174,173,3.7711155193145887
174,175,3.7837554980420007
174,176,6.74550934962219
174,177,9.786255503876722
174,178,12.98639161617811
174,179,16.301594711597318
174,180,18.812785510052862
174,181,19.484321797893113
174,182,20.644849117371127
174,183,17.44494544950166
174,184,15.66039261040553
174,185,18.386878868906138
174,186,18.937011307798787
174,187,15.445280454601763
174,188,14.718183231269737
174,189,18.293157065721577
174,190,17.758138342164685
174,191,18.589231888383043
174,192,15.932796478524134
174,193,12.773821728464222
174,194,11.256770533887954
174,195,8.553314279139443
174,196,10.399292373831157
174,197,9.961540607838732
174,198,13.43156835823471
174,199,16.15370073802232
174,200,19.79509199650934
174,201,19.509150037645906
174,202,16.252778667719422
174,203,14.232853329986337
174,204,11.057229681062896
174,205,11.272238731972518
174,206,9.546910891446558
174,207,11.499045114224552
174,208,10.453478810305528
174,209,13.040464700986595
174,210,15.228016351841193
174,211,16.97518102643534
174,212,18.673219135120565
174,213,17.72189559432805
174,214,19.796407362215866
174,215,19.783874191624967
174,216,18.05110355183218
174,217,18.978878748497635
174,218,20.09619318071955
174,219,17.070313875955204
174,220,16.72413911706216
174,221,13.202109607985845
174,222,10.084220643536165
174,223,6.3645548437849495
174,224,5.325254763772025
174,225,4.365696969360877
174,226,5.623915185718599
174,227,8.22160253417544
174,228,10.862770888601244
174,229,14.398717223606612
174,230,16.437084327642513
174,231,20.14115115893992
174,232,22.76880753592927
174,233,23.717243345335994
174,234,20.60271774555923
174,235,18.201332952784142
174,236,14.486700353115044
174,237,14.093743037310716
174,238,11.201655936493319
174,239,12.349081756518135
174,240,11.329080810144793
174,241,13.703555475362506
174,242,11.510494363449439
174,243,8.491973364597795
174,244,6.325956819224401
174,245,4.560458648222323
174,246,6.497917926724637
174,247,7.9796517722225335
174,248,11.511823053166395
174,249,13.09647634404298
174,250,13.69305038384732
174,251,15.090694405217379
174,252,18.59394741919303
174,253,19.372280826761365
174,254,22.82205365184594
174,255,25.077920981459624
174,256,27.52810663811359
174,257,28.745910501102927
174,258,25.84881835690176
174,259,24.783533264513494
174,260,23.77427696216464
174,261,26.050997295749596
174,262,26.101796695770414
174,263,29.224490855677626
174,264,30.83605316953751
174,265,33.63083124990876
174,266,34.39019723200537
174,267,34.50443852870707
174,268,38.009199024889675
174,269,39.78870990348896
174,270,41.254332222691204
174,271,41.04518079555167
174,272,40.09171059453461
174,273,38.68028279618693
174,274,37.453578770086544
174,275,34.778229581553674
174,276,34.347456278282294
174,277,32.485703219622806
174,278,36.01938865046213
174,279,36.417311501173614
174,280,38.09085856803262
174,281,41.01476618691703
174,282,43.73269520266063
174,283,44.17259939757541
174,284,47.98237088431327
174,285,48.045008861343526
174,286,46.84154459779153
174,287,45.28916568706038
174,288,43.19137163236587
174,289,42.63184343639161
174,290,40.17341927139677
174,291,36.758111699497746
174,292,35.40133080144374
174,293,32.251630410544195
174,294,33.3621339563491
174,295,32.37777695796172
174,296,34.8595482785747
174,297,38.474249575789976
174,298,39.24487278944951
174,299,41.991089069815025
174,300,41.26137355216119
174,301,40.336511227001715
174,302,43.15009358174973
174,303,44.10662177408324
174,304,47.546071571213716
174,305,48.06615629167692
174,306,51.14883209671788
174,307,52.76691849384028
174,308,56.049204643811194
174,309,57.20894269715935
174,310,60.97180266817451
174,311,62.19173448963089
174,312,65.92316474688543
174,313,68.6792631733993
174,314,69.80862808168035
174,315,71.1280836152283
174,316,74.68613392260497
174,317,76.27597592977459
174,318,79.97108909033975
175,1,106.30817868022879
175,2,106.94389686745602
175,3,103.34442196418175
175,4,99.75978345028865
175,5,96.40315847300789
175,6,93.05976891657478
175,7,89.90292176089216
175,8,86.41001068573982
175,9,83.39595087444086
175,10,79.79641342429956
175,11,78.17921050172352
175,12,76.6492369327484
175,13,74.75599877999457
175,14,75.26052747970674
175,15,71.70345294944255
175,16,69.5886823713532
175,17,66.16626020497561
175,18,65.10854403130477
175,19,63.20476443639112
175,20,62.37820735200092
175,21,63.57516205160691
175,22,63.510329242588256
175,23,66.3901716776952
175,24,66.41158661076717
175,25,63.89701393244037
175,26,65.70046951188519
175,27,68.11686757569784
175,28,69.41109793171634
175,29,69.05151125585152
175,30,70.02696500646054
175,31,66.53932318364667
175,32,62.91547870397228
175,33,59.53130172778786
175,34,56.126898974547416
175,35,53.56239668542861
175,36,50.54401851383167
175,37,48.62304609883703
175,38,47.85084910846362
175,39,47.3624473836261
175,40,44.987671562793274
175,41,45.18660152959474
175,42,41.92281947570381
175,43,40.561423408605485
175,44,38.37364267724376
175,45,40.30458148686394
175,46,38.50858918635375
175,47,40.58326217118012
175,48,40.58446120626063
175,49,36.85388883321192
175,50,34.316363434952
175,51,32.75019033426627
175,52,29.677846408733327
175,53,29.608689605326703
175,54,26.20110809556324
175,55,27.87687250367531
175,56,25.212139180717294
175,57,22.297485128317653
175,58,20.72139417360249
175,59,20.035182495827783
175,60,16.262616811318768
175,61,16.46429023562343
175,62,18.622464973171706
175,63,16.424616017178124
175,64,13.404746888777172
175,65,16.027799961736513
175,66,16.62352200548117
175,67,19.40265152446715
175,68,22.152944615641676
175,69,21.38642022350642
175,70,21.88008010491463
175,71,25.280270356715118
175,72,23.856788219414636
175,73,22.521747760904614
175,74,24.099220174918255
175,75,25.943317280926614
175,76,27.579011262687207
175,77,29.233203195351415
175,78,31.31957186718145
175,79,30.340710176867244
175,80,27.438298930233785
175,81,28.5529177851486
175,82,26.175890306594905
175,83,27.900529491809884
175,84,27.826748172834012
175,85,27.61430779341895
175,86,24.15029891628556
175,87,21.497809276280844
175,88,18.079775720721962
175,89,18.35108069498036
175,90,15.070110604999307
175,91,11.964086325350502
175,92,11.796453267829271
175,93,9.47418986987211
175,94,9.865882493456064
175,95,10.520391816461542
175,96,11.77759004966351
175,97,15.085140719788399
175,98,15.239483771200678
175,99,18.918333837882503
175,100,18.60464529467796
175,101,16.359760107959367
175,102,18.7664885133933
175,103,21.67629186853059
175,104,21.031846875408647
175,105,20.237262134631493
175,106,23.291712088211312
175,107,25.368014123602727
175,108,24.582795282953473
175,109,26.009454019309082
175,110,24.46444607677426
175,111,21.646483803446497
175,112,22.982785071883562
175,113,20.39264191192642
175,114,21.274500141579946
175,115,19.78083031862886
175,116,19.63146108980306
175,117,20.246002521053967
175,118,17.09823153979406
175,119,18.202819377300827
175,120,15.804096045800623
175,121,18.382022076342743
175,122,18.360356762033643
175,123,15.525704700140638
175,124,15.876796728309236
175,125,14.685585827683866
175,126,14.667553258268406
175,127,13.194265577801682
175,128,14.480517163048138
175,129,15.163849170910959
175,130,18.419487569050983
175,131,16.951611566178574
175,132,16.467625290996672
175,133,19.80126795193485
175,134,21.07380585904529
175,135,24.73650850539349
175,136,25.921326933349842
175,137,23.070297171305263
175,138,19.33874011712457
175,139,17.056546243749857
175,140,13.792454113504135
175,141,13.071791158982197
175,142,15.623805080091154
175,143,13.948637685117042
175,144,10.570216723153578
175,145,10.768766978110667
175,146,9.28396209742831
175,147,10.395445066108822
175,148,12.003229315391737
175,149,15.034114594579648
175,150,18.203841852795023
175,151,21.366780133688227
175,152,20.70135877387858
175,153,18.566233015803984
175,154,15.121795030789583
175,155,16.180323632785413
175,156,14.852613098493968
175,157,13.970832035551485
175,158,15.688172840939488
175,159,16.386714215118243
175,160,18.140239432241128
175,161,18.795431747352882
175,162,21.71471561769932
175,163,22.93729907627648
175,164,26.608207392198192
175,165,27.280369265889124
175,166,29.0881102172262
175,167,26.45703047757895
175,168,23.077459020045104
175,169,19.91085561074801
175,170,16.982086516542914
175,171,13.589525484850977
175,172,10.80815972374577
175,173,7.314895076172279
175,174,3.7837554980420007
175,176,3.798766840093131
175,177,6.512390108753533
175,178,9.761869537697963
175,179,13.170146296235984
175,180,15.413148217596884
175,181,15.872094950017063
175,182,17.29947467330712
175,183,14.338847834673611
175,184,12.250170495418356
175,185,15.11846568070462
175,186,16.0972196000996
175,187,12.881852434509105
175,188,11.945365892333777
175,189,15.293656201913317
175,190,14.515940527011638
175,191,14.991667740925749
175,192,12.330274618203369
175,193,9.440741557285497
175,194,8.51593990842157
175,195,6.9114157152050115
175,196,9.845254724318233
175,197,10.807901637837556
175,198,14.486990663410989
175,199,17.736798309613036
175,200,21.180028838048603
175,201,20.96567596937669
175,202,17.46319918882064
175,203,14.771060511542665
175,204,11.335889187863758
175,205,10.274247929969679
175,206,7.615197103217166
175,207,8.482670580035148
175,208,6.864202498866811
175,209,9.587595310818719
175,210,11.640401792174046
175,211,13.745397043912025
175,212,15.792400871331953
175,213,15.4046940521714
175,214,18.000975945430802
175,215,18.295680684014215
175,216,17.25430712706699
175,217,18.519473491329975
175,218,18.995895482066423
175,219,15.578642713293815
175,220,14.638053920636676
175,221,10.937180111076291
175,222,8.371286111332104
175,223,5.427773781646727
175,224,5.160684746822075
175,225,6.702364371028791
175,226,8.169821373906784
175,227,11.299051843565973
175,228,13.664799291122636
175,229,17.379350178458782
175,230,19.231691002420835
175,231,22.955850765115827
175,232,25.61512364378815
175,233,26.190480159662126
175,234,22.84838335080087
175,235,20.24779141708805
175,236,16.506394961001686
175,237,15.289299688666608
175,238,11.968822900008764
175,239,11.916427863069702
175,240,9.89997111373579
175,241,11.47800258362864
175,242,8.854215084314063
175,243,5.528086891120503
175,244,5.044933746791146
175,245,5.285675620178677
175,246,8.302233582087451
175,247,10.909224624205551
175,248,14.332396746699219
175,249,16.304204298846766
175,250,17.22111563569505
175,251,18.828484040689485
175,252,22.318460170217367
175,253,23.029924265866143
175,254,26.471486574836234
175,255,28.609801043005753
175,256,31.078626315431723
175,257,32.223299283568615
175,258,29.32656606306019
175,259,28.038255904719616
175,260,26.831876923986325
175,261,28.8475815680652
175,262,28.5722336635467
175,263,31.68080296574229
175,264,33.1452325449052
175,265,36.15282418946623
175,266,37.04576339465331
175,267,37.426882833000995
175,268,41.01038313248771
175,269,42.96005677551205
175,270,44.479616435925564
175,271,44.3696244668782
175,272,43.34121048759539
175,273,41.9745912514229
175,274,40.56826034117922
175,275,37.782372073163856
175,276,37.095725379463126
175,277,35.038744987194875
175,278,38.49796804869426
175,279,39.151767141228824
175,280,41.02363105289448
175,281,43.916469839195805
175,282,46.75615319687324
175,283,47.23048165004662
175,284,51.03886732941471
175,285,50.940769083496335
175,286,49.68907302969074
175,287,47.958972100256034
175,288,45.78384910862899
175,289,44.99927771538535
175,290,42.58467702237682
175,291,39.13334687591393
175,292,37.7707620213491
175,293,34.778368664213176
175,294,36.17080770133877
175,295,35.44254247272843
175,296,38.08418861965278
175,297,41.67673768654277
175,298,42.25417947181048
175,299,44.855528005175486
175,300,43.95370206183767
175,301,42.8184767693436
175,302,45.451814623887024
175,303,46.17741037585729
175,304,49.68372607853208
175,305,50.256260292907506
175,306,53.45985707126525
175,307,55.170809956146215
175,308,58.540581253839235
175,309,59.8329522949767
175,310,63.61197704161806
175,311,64.97618184233728
175,312,68.67349321712913
175,313,71.35138586391002
175,314,72.3406587122884
175,315,73.63670437213786
175,316,77.14015538476994
175,317,78.71675917268247
175,318,82.42172267617417
176,1,107.98851940496859
176,2,108.731912916499
176,3,105.14841896865845
176,4,101.53717686418375
176,5,98.16222599827064
176,6,94.87229212128794
176,7,91.67315851084761
176,8,88.23821625682965
176,9,85.13961248255247
176,10,81.51010077938467
176,11,79.76144633277539
176,12,78.10444787752462
176,13,76.06605003705539
176,14,76.40380480078193
176,15,72.818892856331
176,16,70.86101254539632
176,17,67.47197888836641
176,18,66.46519475211832
176,19,64.73869221630291
176,20,64.01639056199818
176,21,65.39293068917664
176,22,65.43013624344346
176,23,68.20270289160997
176,24,68.05570059668868
176,25,65.39608722795407
176,26,67.12914883004707
176,27,69.63051840837187
176,28,70.83972046961247
176,29,70.58948014008803
176,30,71.51673055403296
176,31,68.03298821215053
176,32,64.45704794117141
176,33,61.08536839144309
176,34,57.62270961178282
176,35,55.23420827730706
176,36,52.08255692506534
176,37,50.04037519196354
176,38,49.022838977802635
176,39,48.358483204985674
176,40,45.93931642583711
176,41,45.95825676984497
176,42,42.554907336106005
176,43,41.280068631249726
176,44,39.35988366609502
176,45,41.43632547577744
176,46,39.7007553938544
176,47,42.046195462028244
176,48,42.292584472372816
176,49,38.61906258549284
176,50,35.93732704762484
176,51,34.103458564180244
176,52,30.838239411708635
176,53,30.355398500122217
176,54,26.775279583473218
176,55,27.973136485855996
176,56,24.961979895697286
176,57,22.464817237456696
176,58,21.356324192988918
176,59,21.28541855311051
176,60,17.561005919526433
176,61,17.02253920118423
176,62,19.475582111391706
176,63,17.921263210933326
176,64,14.498270003203503
176,65,16.474578949764446
176,66,16.33013026641638
176,67,18.709016034933736
176,68,21.513610772615856
176,69,21.41275422702851
176,70,21.999495090942673
176,71,25.58133103294864
176,72,24.660580445417498
176,73,23.561875771645067
176,74,25.632981464650015
176,75,27.420704620371087
176,76,29.39074621108118
176,77,31.031378574224092
176,78,33.29592653507596
176,79,32.06057800187396
176,80,28.891937386351703
176,81,29.617370187681168
176,82,26.942598264496528
176,83,28.197517991144515
176,84,27.797147870153243
176,85,27.17580668946917
176,86,23.88582104286401
176,87,20.81898482164976
176,88,17.27138333170698
176,89,16.935949922660427
176,90,13.596789006728438
176,91,10.065402172067824
176,92,10.076775644390281
176,93,8.92998576812134
176,94,10.348767643175028
176,95,12.211919801548254
176,96,13.898059781079924
176,97,17.43277231804806
176,98,17.170224125302585
176,99,20.967866638100894
176,100,21.22221612579966
176,101,18.97385396502068
176,102,20.898974823089905
176,103,24.112957132877302
176,104,23.82859065853304
176,105,22.73110856425451
176,106,25.514301834824536
176,107,27.943652432627097
176,108,27.256801609307537
176,109,28.301676731319294
176,110,26.643326554987105
176,111,23.597453181018807
176,112,25.0563715229704
176,113,22.429853199133273
176,114,23.41314048753432
176,115,21.620126444118334
176,116,21.71766811216819
176,117,22.04969332001366
176,118,18.9266077327273
176,119,19.580492850609488
176,120,16.75459973425688
176,121,18.9715283398014
176,122,18.249016279175166
176,123,15.057997398241483
176,124,14.875773564926725
176,125,14.119260219021688
176,126,13.814258446002103
176,127,11.461092368440198
176,128,12.313406430230081
176,129,12.44020571700742
176,130,15.578380640706657
176,131,14.336139967122548
176,132,14.49375985272328
176,133,17.79757947917409
176,134,19.600611659518773
176,135,23.089324410224684
176,136,23.78632226820409
176,137,20.806284537185334
176,138,17.03383463988926
176,139,15.358611610585605
176,140,12.592936723098541
176,141,12.875159673970659
176,142,15.877628600916852
176,143,15.087013442940684
176,144,11.552995179477692
176,145,11.186827806287022
176,146,8.581937955074576
176,147,9.79607572728313
176,148,10.447704142053567
176,149,13.50813871245476
176,150,16.92666170240805
176,151,19.85399206681565
176,152,18.975978296647128
176,153,17.429196683914334
176,154,14.43357854744426
176,155,16.337402270830108
176,156,15.807904524444504
176,157,15.434325368210848
176,158,17.831299865922514
176,159,18.7768016502973
176,160,20.974918047357146
176,161,21.71522951087189
176,162,24.87284238498844
176,163,26.21135954162135
176,164,29.79664802449242
176,165,30.453841814658126
176,166,32.403412178532186
176,167,29.75197436040046
176,168,26.462202638686644
176,169,23.157279496144273
176,170,20.1781242005257
176,171,16.75052193435311
176,172,13.685278524471187
176,173,10.289990660962474
176,174,6.74550934962219
176,175,3.798766840093131
176,177,3.8140266244063428
176,178,6.320103372972921
176,179,9.85382249486075
176,180,12.1350288734294
176,181,12.977897000521285
176,182,14.060171035154264
176,183,10.853470505442765
176,184,9.340036341554473
176,185,12.534240377299607
176,186,13.143945105540435
176,187,10.189662567756386
176,188,10.134207501224223
176,189,13.418334654896746
176,190,13.259707352026005
176,191,13.409279737316156
176,192,11.485731012430998
176,193,9.334702094660303
176,194,9.92703275567408
176,195,9.547540807632139
176,196,12.999109653401717
176,197,14.36295614303792
176,198,18.09529218956721
176,199,21.40680738631373
176,200,24.844037974235185
176,201,24.724812202038162
176,202,21.20451499585624
176,203,18.380335738447
176,204,14.924744978216566
176,205,13.377005026304067
176,206,10.242755732018407
176,207,9.761428425060421
176,208,6.7840029332330705
176,209,8.501894057436568
176,210,9.395371690334988
176,211,11.35419019508577
176,212,12.961972943442829
176,213,12.960298402097296
176,214,15.568709593593121
176,215,15.529044869236687
176,216,14.848066476366803
176,217,15.943449751209739
176,218,15.878127841650564
176,219,12.352246439787411
176,220,11.480190607769325
176,221,7.6702835312515685
176,222,6.028025890500434
176,223,4.495587980937285
176,224,6.592893057633111
176,225,9.113828095669438
176,226,11.493768641904762
176,227,14.73153331602821
176,228,17.319902451582795
176,229,20.982557478958345
176,230,22.842100177578615
176,231,26.588323652841222
176,232,29.14337972512397
176,233,29.717580547349378
176,234,26.435452685931036
176,235,23.679385267121834
176,236,19.907097824637553
176,237,18.505625269365733
176,238,14.951490443252682
176,239,14.443129477091873
176,240,11.693700116663065
176,241,12.159923274263413
176,242,8.720340441696289
176,243,4.928472749744037
176,244,6.42981707082047
176,245,6.522654077400009
176,246,10.220273423871237
176,247,13.123987660268266
176,248,16.06073259828361
176,249,18.606589129779678
176,250,19.925508561066344
176,251,21.453103426544413
176,252,25.077615786212203
176,253,26.011187792401646
176,254,29.400367163872346
176,255,31.586805142748748
176,256,33.83891258879457
176,257,34.73917523477221
176,258,31.63291233935145
176,259,30.16873532696387
176,260,28.572933022953475
176,261,30.25840293319116
176,262,29.557662247511775
176,263,32.42102983268106
176,264,33.490927251651996
176,265,36.654546697780034
176,266,37.45438883908606
176,267,38.096852653649705
176,268,41.717215648549605
176,269,43.825207659840096
176,270,45.57951261323447
176,271,45.76842722096035
176,272,44.862053819541956
176,273,43.768212548913596
176,274,42.27257902694918
176,275,39.27865663643756
176,276,38.431781951103204
176,277,36.07581571159868
176,278,39.36136878140211
176,279,40.12276640336572
176,280,42.24901499266395
176,281,45.26099294361491
176,282,48.268790745688186
176,283,48.99765331308314
176,284,52.80119580365023
176,285,52.70744218820192
176,286,51.64066781198054
176,287,49.76123931658315
176,288,47.37169832473984
176,289,46.36626400492001
176,290,43.79586275651171
176,291,40.45533689928368
176,292,39.370661314500445
176,293,36.38254865343858
176,294,37.91487079694883
176,295,37.34650245614015
176,296,40.1271077110437
176,297,43.77510060934439
176,298,44.1909489079397
176,299,46.766930072257665
176,300,45.94184056823497
176,301,44.594626475080574
176,302,47.149273059493815
176,303,47.65035055701006
176,304,51.103994388465814
176,305,51.48456449979466
176,306,54.79412492959295
176,307,56.71857641130839
176,308,60.09043364390814
176,309,61.56927008855644
176,310,65.33579590933687
176,311,66.72884087058843
176,312,70.3997566984247
176,313,73.1035669437051
176,314,73.99304828627865
176,315,75.12872864680888
176,316,78.60209978227441
176,317,80.03423326582545
176,318,83.70632500074701
177,1,108.77106315117607
177,2,109.51779934390336
177,3,105.9066881658481
177,4,102.31528365988528
177,5,98.87850676713407
177,6,95.65657824644205
177,7,92.37752183840641
177,8,88.98154158193164
177,9,85.82491111145028
177,10,82.21957906273558
177,11,80.4696820329952
177,12,78.67246736497296
177,13,76.60454265728883
177,14,76.798641256374
177,15,73.14990456977065
177,16,71.23382833150437
177,17,67.79509288185197
177,18,66.64156729046267
177,19,64.97680265223397
177,20,64.15150001083401
177,21,65.5707576505331
177,22,65.51081416896292
177,23,68.14344040077044
177,24,67.97808903129607
177,25,65.25268930926885
177,26,67.09196325092324
177,27,69.74908382430786
177,28,71.0568662908394
177,29,71.00872343843206
177,30,72.07632218747463
177,31,68.6743529517824
177,32,65.09137924121659
177,33,61.82516702189958
177,34,58.271525301136755
177,35,55.93887888125271
177,36,52.673095247616075
177,37,50.75890587806957
177,38,49.5272455962773
177,39,48.98818914607662
177,40,46.763745716898114
177,41,46.92614127931744
177,42,43.42057794769954
177,43,42.457166534520645
177,44,40.762181671924786
177,45,43.09978906201689
177,46,41.640737890032305
177,47,44.1026196530752
177,48,44.42765255050969
177,49,40.73409981770491
177,50,38.207963561195285
177,51,36.13272821085533
177,52,32.94312450409569
177,53,32.164623091203445
177,54,28.501225571855294
177,55,29.44852190499011
177,56,26.256311803520695
177,57,24.034580091692295
177,58,22.806986392496256
177,59,23.152616865320642
177,60,19.436443870417335
177,61,18.97285799950319
177,62,21.865951601076404
177,63,20.577225014660577
177,64,17.2846711730824
177,65,19.29247938203385
177,66,18.62235618464559
177,67,21.05571453617064
177,68,23.526388026870166
177,69,23.68670099224
177,70,24.70507765414888
177,71,28.217340610103257
177,72,27.316607732941694
177,73,26.58517409038516
177,74,28.767389042514314
177,75,30.265202051502524
177,76,32.10102084158353
177,77,33.430515630465656
177,78,35.48935555406998
177,79,33.948264822478954
177,80,30.724499713691497
177,81,31.10036413882214
177,82,28.14364187592671
177,83,29.092662648340777
177,84,28.206805134228734
177,85,27.689047063349363
177,86,24.696564858112087
177,87,21.4790908779746
177,88,18.182963548423427
177,89,17.97293262100438
177,90,15.07786158325745
177,91,11.312415720235638
177,92,10.266385061109851
177,93,9.544792818741728
177,94,10.446666130226518
177,95,12.921013084191422
177,96,14.072071976090054
177,97,17.833184959537263
177,98,17.860895787270508
177,99,21.65324737861212
177,100,22.296086447085724
177,101,20.57202664684412
177,102,22.394297922102492
177,103,25.574345334674664
177,104,25.722599229446704
177,105,24.9354847119374
177,106,27.47953113513636
177,107,29.953756641411985
177,108,29.671837963184938
177,109,30.750412689794537
177,110,29.4092008025042
177,111,26.52798283135819
177,112,28.28023552877541
177,113,25.861245297301924
177,114,27.033589398619224
177,115,25.37158431565776
177,116,25.482467558473584
177,117,25.808802062597128
177,118,22.6106291916729
177,119,23.10803930517573
177,120,20.10862981930304
177,121,21.996712963297515
177,122,20.89359517305907
177,123,17.838840946385332
177,124,17.753897770345173
177,125,17.4544568283674
177,126,17.13823667729204
177,127,14.351957579282917
177,128,14.71771097895978
177,129,14.001614679147732
177,130,16.59749577642904
177,131,15.112587854278637
177,132,16.14065314944147
177,133,19.55496194088356
177,134,21.87415430310594
177,135,25.217430349326154
177,136,25.55609554263514
177,137,22.666703524816914
177,138,18.93469655551916
177,139,17.813779962722165
177,140,15.356778846208206
177,141,15.87745585784948
177,142,19.16714303928129
177,143,18.578618558253737
177,144,15.186504171945142
177,145,14.938201594908497
177,146,12.121527166222238
177,147,13.069940574725143
177,148,12.903309560353664
177,149,15.444738973746567
177,150,19.104091444010287
177,151,21.596320481693812
177,152,20.1301728066033
177,153,18.81911961234325
177,154,16.18963558555366
177,155,18.259039458936996
177,156,17.740633223722845
177,157,18.03132220566154
177,158,20.500463703059822
177,159,21.869087157370846
177,160,24.096313565100598
177,161,25.064151082339638
177,162,28.104817516195602
177,163,29.44024834571572
177,164,33.09918332360183
177,165,33.76510807802036
177,166,35.53946986611712
177,167,32.80491207271912
177,168,29.375612465814434
177,169,26.247438740804263
177,170,23.122496165824074
177,171,19.875887587667602
177,172,16.746391659962793
177,173,13.52432029778508
177,174,9.786255503876722
177,175,6.512390108753533
177,176,3.8140266244063428
177,178,3.826289508482527
177,179,6.743238192745377
177,180,9.335270940578974
177,181,10.622402957492078
177,182,12.396985939545562
177,183,9.624309596908718
177,184,8.287735048029745
177,185,11.974057497775837
177,186,13.124692117068314
177,187,11.085349422868347
177,188,11.1619287887363
177,189,13.69944953858272
177,190,13.171855813787158
177,191,12.243091999893567
177,192,10.404156056899597
177,193,9.458700202044392
177,194,10.653803251148823
177,195,11.335601295925674
177,196,14.809542162055395
177,197,16.715571433526
177,198,20.299591067241433
177,199,23.763436196598647
177,200,26.98734131948068
177,201,26.56611915396071
177,202,22.87519937899173
177,203,19.87430840854141
177,204,16.262656553183735
177,205,14.226126680663866
177,206,10.586510488456476
177,207,9.074800543860013
177,208,5.341221849574271
177,209,5.357661429945413
177,210,5.884144169091546
177,211,7.556333373414301
177,212,9.438113679800695
177,213,9.76716797347664
177,214,12.857423401562565
177,215,13.454034353994308
177,216,13.598463461928894
177,217,15.380708615670686
177,218,14.880901557587256
177,219,11.107547944989301
177,220,9.168306830479635
177,221,5.65433069243316
177,222,4.995864370835387
177,223,5.77627922488934
177,224,7.602675545267454
177,225,11.068192142882873
177,226,13.516036769935777
177,227,17.103238672951523
177,228,19.799882460826932
177,229,23.552813989818546
177,230,25.62006459744379
177,231,29.296381698503435
177,232,32.070062061517866
177,233,32.61879123367618
177,234,29.198241155501744
177,235,26.587752221942274
177,236,22.871580812484755
177,237,21.29218510805204
177,238,17.809110159718298
177,239,16.819914952831745
177,240,13.843208265754399
177,241,13.717299572322235
177,242,10.36042117697364
177,243,7.138143593349335
177,244,9.673207764516992
177,245,10.309150502837964
177,246,13.952997512733786
177,247,16.81449331998052
177,248,19.838399581926343
177,249,22.27559484404989
177,250,23.364499308399417
177,251,24.676045245273418
177,252,28.21736256247743
177,253,28.838374591782337
177,254,32.090511836539804
177,255,33.9923655405949
177,256,36.14055834166716
177,257,36.82162891652458
177,258,33.7177681943195
177,259,31.906501582913194
177,260,30.08075393012855
177,261,31.420245360268552
177,262,30.384694657631258
177,263,33.239392494553684
177,264,34.23156570075955
177,265,37.59387779164371
177,266,38.6639764400035
177,267,39.63233780919856
177,268,43.33808028138132
177,269,45.684179951806364
177,270,47.380099315512524
177,271,47.624739063435285
177,272,46.532195534613294
177,273,45.46468184638575
177,274,43.69462095924649
177,275,40.59284482523217
177,276,39.407822449013146
177,277,36.87493698357862
177,278,40.05213508725539
177,279,41.151324659245816
177,280,43.48589175920198
177,281,46.38879999572742
177,282,49.528889316083934
177,283,50.27380349040496
177,284,54.05240031736832
177,285,53.721946196770546
177,286,52.5990933338236
177,287,50.491833373258864
177,288,48.01965128705919
177,289,46.74718001053113
177,290,44.27115943898705
177,291,40.91236059686406
177,292,39.82588917448997
177,293,37.067115204259196
177,294,38.935695307697706
177,295,38.72296221755627
177,296,41.71414986679186
177,297,45.30058123933154
177,298,45.424097627974
177,299,47.77891548016131
177,300,46.74301230869357
177,301,45.13409496116875
177,302,47.44939418097375
177,303,47.67082278100153
177,304,51.16940438056707
177,305,51.61137193274382
177,306,55.03979602126386
177,307,57.06371905262312
177,308,60.52544238308116
177,309,62.16968922407957
177,310,65.9397664661345
177,311,67.52047256578754
177,312,71.13074084335614
177,313,73.72135266527589
177,314,74.42262079155374
177,315,75.52236121733394
177,316,78.91447098488175
177,317,80.32969717728231
177,318,84.00578307901245
178,1,111.56676772683666
178,2,112.39630493508635
178,3,108.80350963573356
178,4,105.19352222316158
178,5,101.75225776900358
178,6,98.56856242557917
178,7,95.26888402774982
178,8,91.91771641578093
178,9,88.70708265505448
178,10,85.08254430694734
178,11,83.23446685853172
178,12,81.35431226754773
178,13,79.17743363130002
178,14,79.24752181444529
178,15,75.59052405325602
178,16,73.8040474366068
178,17,70.40544298632537
178,18,69.30450190552743
178,19,67.77688689918703
178,20,67.03537024935297
178,21,68.5773487055398
178,22,68.58909267749168
178,23,71.14233050759726
178,24,70.85940876240228
178,25,68.03707513765761
178,26,69.81684197711606
178,27,72.52581194437347
178,28,73.76089846493912
178,29,73.78439029366831
178,30,74.80087465947598
178,31,71.40283869519088
178,32,67.86746999634866
178,33,64.60972606120527
178,34,61.03291452560462
178,35,58.83536014236203
178,36,55.49457007753956
178,37,53.48358865468289
178,38,52.08993822125599
178,39,51.397874172284546
178,40,49.12494850722936
178,41,49.11223079242534
178,42,45.529177331272756
178,43,44.59487097268311
178,44,43.09541841701103
178,45,45.47767276428739
178,46,44.00939188375693
178,47,46.64045042382014
178,48,47.130378402453566
178,49,43.50339464747165
178,50,40.84076879947131
178,51,38.6483135664474
178,52,35.31878687181349
178,53,34.296401925633816
178,54,30.569047145569698
178,55,31.14084453507874
178,56,27.741408931848337
178,57,25.897086693072033
178,58,25.115467401417217
178,59,25.807366649822566
178,60,22.206943432430105
178,61,21.22295395056387
178,62,24.110522431466002
178,63,23.203344467856784
178,64,19.69725004763317
178,65,21.151547579626076
178,66,20.084058988009772
178,67,21.98328223909982
178,68,24.522275913845576
178,69,25.233798762087005
178,70,26.139639489162327
178,71,29.757996588687238
178,72,29.302474503891673
178,73,28.614241929058267
178,74,31.080074643338587
178,75,32.65381519120987
178,76,34.76459104603841
178,77,36.184302227880096
178,78,38.414547605407904
178,79,36.78909262445555
178,80,33.4193485514532
178,81,33.5798471808455
178,82,30.491321157792658
178,83,31.08678397667004
178,84,30.000980406262993
178,85,29.097208710760714
178,86,26.304443152459868
178,87,22.824661386517597
178,88,19.51829134289125
178,89,18.65792370028855
178,90,15.833485083782437
178,91,12.081692950748455
178,92,11.485962931963812
178,93,11.943045147399195
178,94,13.488025126025606
178,95,16.35984560532883
178,96,17.70229845186283
178,97,21.454602258751006
178,98,21.26627851548559
178,99,25.049844100853296
178,100,25.910123470463056
178,101,24.108466113237764
178,102,25.696475566496435
178,103,29.01407827268342
178,104,29.244268719111254
178,105,28.231851512220125
178,106,30.67505253236998
178,107,33.32069832422983
178,108,32.97452360409191
178,109,33.8253513655728
178,110,32.30901195506671
178,111,29.241527083913095
178,112,30.91056711690241
178,113,28.362751394344095
178,114,29.423289126811493
178,115,27.444141862382253
178,116,27.57210302410568
178,117,27.54323092555827
178,118,24.34249049113628
178,119,24.36842252827633
178,120,21.07357808396603
178,121,22.497083363144963
178,122,20.789506186425132
178,123,17.69253395184602
178,124,17.320224400859136
178,125,17.623168155358673
178,126,17.34181683887628
178,127,14.052625282288139
178,128,14.19201891030999
178,129,13.063610342688836
178,130,15.351414914119426
178,131,14.466886839901083
178,132,16.13843340891553
178,133,19.197829762679884
178,134,21.87747062006269
178,135,24.892637141102462
178,136,24.66322555668337
178,137,21.633883163523315
178,138,18.061960623081507
178,139,17.687041605714366
178,140,15.954781663508902
178,141,17.31503912798895
178,142,20.629105486963223
178,143,20.611644084502842
178,144,17.15547969545
178,145,16.319271272018657
178,146,12.94660538775663
178,147,13.512783798451398
178,148,12.330962284289845
178,149,14.385572247910437
178,150,18.05850581394055
178,151,20.090319729444396
178,152,18.347224750721246
178,153,17.677764441856226
178,154,15.706137809894065
178,155,18.376696750217494
178,156,18.578050421769714
178,157,19.314305252799638
178,158,22.249224680081937
178,159,23.84364517815728
178,160,26.4478908665877
178,161,27.58102514658608
178,162,30.834278649390665
178,163,32.381572006908144
178,164,35.953927649059544
178,165,36.73170878033691
178,166,38.706416778253875
178,167,36.054312142700276
178,168,32.72568790303201
178,169,29.462681702770325
178,170,26.423528498275836
178,171,23.053490737825264
178,172,19.90525799571201
178,173,16.59905452215616
178,174,12.98639161617811
178,175,9.761869537697963
178,176,6.320103372972921
178,177,3.826289508482527
178,179,3.789692262227587
178,180,5.90451855095794
178,181,7.618764712344151
178,182,8.894443287486983
178,183,6.069160968518965
178,184,5.732040430338313
178,185,9.505472075803418
178,186,10.318634357165887
178,187,9.142976164252302
178,188,10.092726175966494
178,189,12.03647636638276
178,190,12.197575708145875
178,191,10.952379313895216
178,192,10.333815068599522
178,193,10.346537556980843
178,194,12.64576627073413
178,195,13.980746977423616
178,196,17.674216079473933
178,197,19.821877440152225
178,198,23.46427071928292
178,199,26.995877045744855
178,200,30.2155067989329
178,201,30.02536385135092
178,202,26.372252035864847
178,203,23.230315363151888
178,204,19.73477282355426
178,205,17.39762546141206
178,206,13.817980433205463
178,207,11.634680378779755
178,208,7.877102172462326
178,209,7.023933900611202
178,210,5.151669520687254
178,211,6.685400814603971
178,212,7.864668945353019
178,213,9.37232205365969
178,214,12.421408664338442
178,215,12.599063049762329
178,216,13.461979821912848
178,217,14.878305668578692
178,218,13.456988415777428
178,219,9.739054489194135
178,220,7.801060984406067
178,221,4.86865179854658
178,222,6.7246600925923445
178,223,8.642478405688207
178,224,11.205706940728312
178,225,14.569501072195346
178,226,17.188742158509797
178,227,20.692289419861684
178,228,23.349764320529843
178,229,27.079216287294194
178,230,28.987915243445773
178,231,32.714616169687936
178,232,35.332450660945376
178,233,35.75813817836349
178,234,32.36958802458871
178,235,29.551170066980294
178,236,25.818323547014508
178,237,24.001065107316492
178,238,20.3497231309762
178,239,19.00853694160543
178,240,15.630595268905743
178,241,14.635157092718236
178,242,11.086002175451092
178,243,8.49335448045643
178,244,11.70212555165894
178,245,12.467907518358999
178,246,16.140687122238717
178,247,19.24151432080344
178,248,21.88910445552524
178,249,24.70935202093918
178,250,26.184951788657536
178,251,27.620167473288546
178,252,31.257706612576094
178,253,32.128617780842575
178,254,35.41297875433194
178,255,37.43630939334452
178,256,39.507017274514425
178,257,40.111590575461754
178,258,36.89439617559824
178,259,35.069901347621794
178,260,33.056402323612225
178,261,34.2174056639722
178,262,32.9317179321241
178,263,35.55340895239661
178,264,36.20894024687077
178,265,39.633564937318
178,266,40.55964428177475
178,267,41.67862533547646
178,268,45.36357475862627
178,269,47.770343434006776
178,270,49.67100124413926
178,271,50.14529221962608
178,272,49.19801192264046
178,273,48.33497807182304
178,274,46.563817591561374
178,275,43.346286164482464
178,276,42.10520200456725
178,277,39.38883096876658
178,278,42.41083736721427
178,279,43.53821110311695
178,280,46.02463829162627
178,281,49.02247474040194
178,282,52.25473177225342
178,283,53.18524237506834
178,284,56.95048605943338
178,285,56.65947242695984
178,286,55.67986459487264
178,287,53.50072495736109
178,288,50.893430758366044
178,289,49.48799307063509
178,290,46.899790334819386
178,291,43.65126234504349
178,292,42.77471568318695
178,293,40.01710592145464
178,294,41.92733008449179
178,295,41.76892057777095
178,296,44.79948663683493
178,297,48.420793453854884
178,298,48.48351612168544
178,299,50.84276733332598
178,300,49.888284541397745
178,301,48.16670170153474
178,302,50.43222546311997
178,303,50.505646590073944
178,304,53.945753780225274
178,305,54.23714397243836
178,306,57.72371999970497
178,307,59.8943162222594
178,308,63.33905535973629
178,309,65.10341487690117
178,310,68.85373274412889
178,311,70.43412544857135
178,312,74.02251935889771
178,313,76.63726189747544
178,314,77.27645114552048
178,315,78.25380318930797
178,316,81.62047752982052
178,317,82.91973013091425
178,318,86.56153765899845
179,1,112.24691973040346
179,2,113.1292121264177
179,3,109.53245287317309
179,4,105.93066069142031
179,5,102.44619791214464
179,6,99.34241300611284
179,7,95.9765636116812
179,8,92.68920922817676
179,9,89.40810228144852
179,10,85.79720763789679
179,11,83.89258652251257
179,12,81.86527586058307
179,13,79.61027428297183
179,14,79.50658363877318
179,15,75.8101297045018
179,16,74.13210860111063
179,17,70.73338383218926
179,18,69.56646793816965
179,19,68.1727029027361
179,20,67.42182257698843
179,21,69.07251140882066
179,22,69.07842672098005
179,23,71.47652622891883
179,24,71.09554749939052
179,25,68.17466035301175
179,26,69.97463504706617
179,27,72.80948036006225
179,28,74.06023557527169
179,29,74.26788413553834
179,30,75.34987486221999
179,31,72.02466238936115
179,32,68.52508569336709
179,33,65.36198515998963
179,34,61.72069713581745
179,35,59.65569819954923
179,36,56.20475402636825
179,37,54.24044688077767
179,38,52.60996808504502
179,39,51.93318529587344
179,40,49.79840500683772
179,41,49.81443081974803
179,42,46.1457915927591
179,43,45.47685652453659
179,44,44.25501157856061
179,45,46.85030723125427
179,46,45.61994036522595
179,47,48.4079418082997
179,48,49.04105968318458
179,49,45.450291462505774
179,50,42.87331058252712
179,51,40.439033324171156
179,52,37.14511988382962
179,53,35.79494163674208
179,54,32.02942758598578
179,55,32.25837315330727
179,56,28.712921144464097
179,57,27.253901016260578
179,58,26.562136695380513
179,59,27.692359688294168
179,60,24.22487800114521
179,61,23.123599800756875
179,62,26.27956838943078
179,63,25.734844598300196
179,64,22.319602189158918
179,65,23.62425805766902
179,66,22.07123427467661
179,67,23.858137497248922
179,68,26.044708376182168
179,69,27.08639879197856
179,70,28.32631900776034
179,71,31.84820883328037
179,72,31.535142651995304
179,73,31.2029595440228
179,74,33.84733247167623
179,75,35.15846169306457
179,76,37.244038668410234
179,77,38.417956984188145
179,78,40.542097586364214
179,79,38.633401654016886
179,80,35.18298746992076
179,81,34.97011381164872
179,82,31.656114586555688
179,83,31.860944038494065
179,84,30.34865990402929
179,85,29.392350422507466
179,86,26.972689776278692
179,87,23.393975065420904
179,88,20.41757418801289
179,89,19.52156874299803
179,90,17.24644916939051
179,91,13.655355107552937
179,92,12.487094856297754
179,93,13.567880383816194
179,94,14.960078429838228
179,95,18.210063685548526
179,96,19.38763603937571
179,97,23.105052482995347
179,98,22.886986776741594
179,99,26.559399769084976
179,100,27.827954072403077
179,101,26.336854980491566
179,102,27.653092447395377
179,103,30.991001140294113
179,104,31.606381941078563
179,105,30.67793026658529
179,106,32.83948758521456
179,107,35.61069807683984
179,108,35.56524095071822
179,109,36.28905624037051
179,110,34.97128897358638
179,111,31.985727493011925
179,112,33.90224009441975
179,113,31.541066430409117
179,114,32.81654952096806
179,115,30.934100981329347
179,116,31.22396558515329
179,117,31.25437990422494
179,118,28.098309100203483
179,119,28.093187682029093
179,120,24.755089004451822
179,121,26.030868351232435
179,122,24.092667730873533
179,123,21.042039857382036
179,124,20.504136590369782
179,125,20.962902898014843
179,126,20.45764501174358
179,127,16.95252106281165
179,128,16.521087465641276
179,129,14.663411422044767
179,130,16.16213455090111
179,131,15.158540897465816
179,132,17.560881247981918
179,133,20.511678482089298
179,134,23.594786001696452
179,135,26.350762823565304
179,136,25.749701122244904
179,137,22.94734159007057
179,138,19.594305210714094
179,139,19.774108263128838
179,140,18.415051077404705
179,141,19.972637964353563
179,142,23.46759645373331
179,143,23.742289334084607
179,144,20.459879857483394
179,145,19.796978947387682
179,146,16.40145800769976
179,147,17.08184092487107
179,148,15.595873162084317
179,149,17.319060083037286
179,150,20.919051819702805
179,151,22.555898179144265
179,152,20.525538961646685
179,153,20.290293276895202
179,154,18.76421461751733
179,155,21.57262234353461
179,156,21.902511473015217
179,157,22.910348633870047
179,158,25.87594416905393
179,159,27.584683460364626
179,160,30.181663686227875
179,161,31.323957327920223
179,162,34.53030298850315
179,163,36.00038306399342
179,164,39.605035147760205
179,165,40.29364589469834
179,166,42.15487270039032
179,167,39.39306404351112
179,168,36.001294094814064
179,169,32.810591510589745
179,170,29.63170982625373
179,171,26.398249047534787
179,172,23.115272139387464
179,173,19.988210345772412
179,174,16.301594711597318
179,175,13.170146296235984
179,176,9.85382249486075
179,177,6.743238192745377
179,178,3.789692262227587
179,180,3.8192152340100423
179,181,7.067556408368011
179,182,8.537714736662599
179,183,6.698849379529258
179,184,7.645467546642588
179,185,11.038028545828382
179,186,11.808808547643764
179,187,11.717127202535178
179,188,13.034297801650697
179,189,14.2301739044206
179,190,14.413716384764074
179,191,12.38514338576122
179,192,12.303284717205088
179,193,13.23600862976786
179,194,15.70541119717499
179,195,17.363010173437768
179,196,20.973209369330547
179,197,23.239784676423188
179,198,26.802806960401362
179,199,30.355694369363018
179,200,33.48847586060647
179,201,33.08467724559961
179,202,29.357241043203697
179,203,26.21485933419896
179,204,22.648931003505258
179,205,20.217104829339252
179,206,16.506291890048825
179,207,14.00243960299062
179,208,10.33571468366844
179,209,8.106145310591316
179,210,5.137033553537382
179,211,4.649128290930807
179,212,4.604319690977352
179,213,7.119555470606583
179,214,10.157344820202068
179,215,10.664572293156178
179,216,12.538734312856544
179,217,14.308908284039337
179,218,12.32044697316728
179,219,8.859975958953493
179,220,6.068005476082511
179,221,5.158965278374039
179,222,8.232807264743473
179,223,11.196214875990794
179,224,13.66876940209828
179,225,17.259565441284256
179,226,20.048068506032457
179,227,23.68925859702291
179,228,26.51221692589829
179,229,30.251654902170543
179,230,32.35204750714467
179,231,36.03477150712468
179,232,38.78006510183029
179,233,39.28510284792783
179,234,35.859655760492224
179,235,33.141707382684466
179,236,29.421742678550196
179,237,27.617091251847928
179,238,24.01021678329423
179,239,22.562082418331006
179,240,19.155288065278462
179,241,17.923638885538267
179,242,14.533865324318784
179,243,12.21371464764945
179,244,15.473684636021723
179,245,16.12665182059285
179,246,19.843162827431968
179,247,22.823373231580124
179,248,25.436799996900668
179,249,28.250072634360507
179,250,29.604595757694703
179,251,30.80990360975113
179,252,34.41175040130202
179,253,35.13065322662076
179,254,38.277648619918494
179,255,40.114614299847936
179,256,42.00690899522544
179,257,42.35740493060533
179,258,39.087557221773224
179,259,36.99239480202875
179,260,34.716997126916695
179,261,35.51092688441773
179,262,33.872386841763415
179,263,36.33702447113053
179,264,36.775623226150046
179,265,40.33622244033316
179,266,41.40747840223838
179,267,42.839470844521195
179,268,46.55587867224283
179,269,49.17130552121289
179,270,51.09342398038093
179,271,51.714055008121065
179,272,50.68668650357403
179,273,49.95672406539804
179,274,47.9771160440406
179,275,44.637068938684806
179,276,43.1214276110711
179,277,40.207010421444686
179,278,43.04005012901894
179,279,44.42534797737128
179,280,47.12549680224928
179,281,50.065182156334835
179,282,53.42838340323218
179,283,54.469663018350616
179,284,58.18905660577543
179,285,57.74262413540892
179,286,56.81741686422671
179,287,54.43921782657497
179,288,51.70395081153803
179,289,50.04115573882231
179,290,47.473616511086185
179,291,44.303584869378724
179,292,43.562902993058884
179,293,40.98931778681646
179,294,43.14498180019083
179,295,43.2843103415275
179,296,46.47940124493094
179,297,50.05212888643749
179,298,49.85134017611632
179,299,52.034749211384785
179,300,50.989928308399996
179,301,49.02295265151738
179,302,51.079699639657846
179,303,50.872049380647944
179,304,54.279739281128805
179,305,54.51610158646889
179,306,58.098157764644824
179,307,60.41653472058138
179,308,63.896467308872595
179,309,65.84578782687723
179,310,69.57168259144434
179,311,71.28165083796809
179,312,74.80053313495632
179,313,77.34130596946764
179,314,77.80598444271094
179,315,78.6783138654512
179,316,81.9631479976431
179,317,83.1773831132926
179,318,86.79278630133196
180,1,116.05872807575726
180,2,116.93262536386028
180,3,113.33163081905718
180,4,109.7337531827584
180,5,106.24590296827247
180,6,103.14104835845247
180,7,99.77309806699337
180,8,96.48118460952576
180,9,93.20489567414826
180,10,89.59860835756639
180,11,87.70435864208308
180,12,85.67376557714168
180,13,83.41968564059819
180,14,83.30191901409877
180,15,79.60089823001341
180,16,77.92918568159304
180,17,74.5251097397398
180,18,73.33352068806246
180,19,71.93225530628808
180,20,71.14278845564095
180,21,72.76422742669351
180,22,72.7131012383334
180,23,75.09880565547184
180,24,74.7565392056523
180,25,71.84670891734913
180,26,73.68738576191042
180,27,76.5467236227107
180,28,77.82676608492218
180,29,78.05542209147369
180,30,79.15639141586651
180,31,75.83667233148867
180,32,72.33307250201354
180,33,69.17336645962847
180,34,65.53114637146032
180,35,63.45082621889262
180,36,60.005597780200375
180,37,58.05485299453687
180,38,56.42610940073253
180,39,55.747324718603544
180,40,53.601889505110485
180,41,53.58234912725129
180,42,49.9102447754113
180,43,49.20650064652982
180,44,47.97492194223497
180,45,50.520497755553855
180,46,49.205789292235195
180,47,51.97971631603153
180,48,52.593312707734086
180,49,49.00049490306823
180,50,46.3538306858396
180,51,43.99886934493263
180,52,40.6514806375866
180,53,39.357357060911255
180,54,35.59248256330538
180,55,35.79742371809271
180,56,32.229080399929565
180,57,30.79836008751951
180,58,30.212090078756894
180,59,31.247718924196317
180,60,27.73773696222413
180,61,26.58429676175213
180,62,29.590793314174068
180,63,28.938754576018358
180,64,25.411730039699528
180,65,26.604928569183485
180,66,25.18411569090371
180,67,26.707839089439616
180,68,29.100267092803453
180,69,30.267956985480385
180,70,31.237165968073704
180,71,34.85503170439338
180,72,34.6857287929826
180,73,34.13256773800189
180,74,36.75635350850011
180,75,38.29170427180979
180,76,40.48213745496939
180,77,41.82475255544205
180,78,44.03238338155373
180,79,42.235233755007805
180,80,38.794019539297274
180,81,38.66653803186367
180,82,35.38916021304206
180,83,35.59607556199688
180,84,34.098261732606716
180,85,33.03390634429276
180,86,30.629898926637427
180,87,27.003391705585788
180,88,23.96515097983091
180,89,22.787570596302192
180,90,20.37690838139465
180,91,16.829917761678033
180,92,16.092298815409528
180,93,17.17995998717509
180,94,18.572744748339776
180,95,21.65670518896864
180,96,22.641452936630046
180,97,26.41284367691735
180,98,26.41386021131963
180,99,30.11504373873136
180,100,31.193202563149036
180,101,29.67055945571453
180,102,31.176892854213296
180,103,34.47082670909863
180,104,34.89864674845157
180,105,33.99097774322133
180,106,36.311418484185246
180,107,39.00064485376246
180,108,38.79302750374676
180,109,39.60765402472298
180,110,38.137581834771964
180,111,35.05264975050749
180,112,36.73220379299233
180,113,34.14357972115607
180,114,35.10483729198868
180,115,32.93416981338343
180,116,32.92044493724368
180,117,32.53846860638342
180,118,29.248578525806636
180,119,28.755537383168647
180,120,25.190484464461445
180,121,25.918321920285358
180,122,23.545922463397954
180,123,20.829255360691583
180,124,20.556992625264744
180,125,21.689484698288663
180,126,21.682090179066694
180,127,18.14150026582552
180,128,18.11762366784098
180,129,16.542819504252417
180,130,18.068259623745806
180,131,17.746257564658166
180,132,20.18878409339132
180,133,22.797147037294963
180,134,25.853148214772744
180,135,28.40637648917649
180,136,27.468535557756887
180,137,24.449300718108926
180,138,21.27125663365113
180,139,21.779825881554167
180,140,20.769159427225283
180,141,22.652284673973668
180,142,25.94902600635827
180,143,26.244295396816245
180,144,22.7762150744033
180,145,21.555604395419472
180,146,17.92752047476259
180,147,17.863453123994244
180,148,15.647661457236826
180,149,16.542819835698044
180,150,20.044095038711262
180,151,21.09639316230353
180,152,18.61505511021143
180,153,18.700668633824122
180,154,17.784596587401598
180,155,20.73006239055549
180,156,21.446441899081115
180,157,23.003280392864884
180,158,26.206994549323323
180,159,28.29583832196053
180,160,31.190828412036616
180,161,32.696598413948735
180,162,36.014185615035416
180,163,37.811103180088764
180,164,41.35478560305973
180,165,42.33498110440609
180,166,44.3858854339141
180,167,41.821321753433196
180,168,38.48158286537041
180,169,35.244875256208374
180,170,32.26090038826474
180,171,28.860616781918576
180,172,25.78427296883794
180,173,22.41380891609723
180,174,18.812785510052862
180,175,15.413148217596884
180,176,12.1350288734294
180,177,9.335270940578974
180,178,5.90451855095794
180,179,3.8192152340100423
180,181,3.781474316242891
180,182,5.301168729438837
180,183,5.147823356228916
180,184,6.3196184637876565
180,185,8.79389533900989
180,186,9.919580992500281
180,187,10.959475871577045
180,188,12.185675062625707
180,189,12.361834167039538
180,190,12.691297437143698
180,191,10.305719979268623
180,192,11.303038246083243
180,193,13.081178313019164
180,194,16.1837982150585
180,195,18.465516604319376
180,196,22.131338877406016
180,197,24.777116318060706
180,198,28.292350019853124
180,199,31.95913242815248
180,200,34.96151744539847
180,201,34.8328888822422
180,202,31.160548350415475
180,203,27.790806280262323
180,204,24.43534944398484
180,205,21.600611990565653
180,206,18.072034515665855
180,207,15.047975610807857
180,208,11.749743953187911
180,209,9.763542037530662
180,210,6.070683069041224
180,211,6.59687818193225
180,212,6.998210384590264
180,213,10.35080826532082
180,214,13.299699909919731
180,215,13.764856214665686
180,216,15.964452810128646
180,217,17.410383856615244
180,218,14.910062743079616
180,219,11.803659615666351
180,220,9.412989585481188
180,221,8.757110310875037
180,222,11.812611348257201
180,223,14.390835385977603
180,224,16.791185927906096
180,225,20.324217460698772
180,226,22.84068946580062
180,227,26.405139913399346
180,228,28.945798882126468
180,229,32.713550685438186
180,230,34.52146652767102
180,231,38.23653838753016
180,232,40.84270400073068
180,233,41.04262950064576
180,234,37.568996592353436
180,235,34.663521024283845
180,236,31.00152905920417
180,237,28.815179655350722
180,238,25.151693656861738
180,239,23.21804826826781
180,240,19.58482020368927
180,241,17.64878806069112
180,242,14.562373419401782
180,243,13.152322978901317
180,244,16.79339663630052
180,245,18.040182678312025
180,246,21.583327255531767
180,247,24.876581089274033
180,248,27.378864694130158
180,249,30.34472756680866
180,250,31.979794582499213
180,251,33.504827063517254
180,252,37.15130408730563
180,253,38.01574044773262
180,254,41.290534614548434
180,255,43.24922405968448
180,256,45.28740423957377
180,257,45.791506604228765
180,258,42.55501285964661
180,259,40.56965107048584
180,260,38.384568742667376
180,261,39.265883095297596
180,262,37.67192839751894
180,263,40.13067813586053
180,264,40.52871807876608
180,265,44.07890158327628
180,266,45.07446841400513
180,267,46.47368132236504
180,268,50.16703425570907
180,269,52.731642102242866
180,270,54.71817415201369
180,271,55.35540863357111
180,272,54.38533107964045
180,273,53.64161604292138
180,274,51.71560354450983
180,275,48.39508384158021
180,276,46.919870266065054
180,277,44.01703077191252
180,278,46.84969276111642
180,279,48.210898072866954
180,280,50.89786757322301
180,281,53.857837674003775
180,282,57.207843784962044
180,283,58.23499931824207
180,284,61.962986074707885
180,285,61.52940142473419
180,286,60.57452382818007
180,287,58.210722229245434
180,288,55.49908219123708
180,289,53.83850133201833
180,290,51.28779065151868
180,291,48.10808255349247
180,292,47.32948416496982
180,293,44.76477741144449
180,294,46.904900849611984
180,295,46.99256425158754
180,296,50.14753814847921
180,297,53.73198399549209
180,298,53.589088562238906
180,299,55.79063532716387
180,300,54.721315614667496
180,301,52.77438610202843
180,302,54.8161077397056
180,303,54.596790134956336
180,304,58.02294293386043
180,305,58.29187666936969
180,306,61.88206126010426
180,307,64.19157724231091
180,308,67.68406026527978
180,309,69.6277829085595
180,310,73.35768264942506
180,311,75.07884381322219
180,312,78.59897723789511
180,313,81.12755003461692
180,314,81.58187958807363
180,315,82.46616524730068
180,316,85.74084351479101
180,317,86.96007538643308
180,318,90.57531522855628
181,1,118.77784838901623
181,2,119.57831480064807
181,3,115.96138480662881
181,4,112.375709001497
181,5,108.89705167896292
181,6,105.74551115808539
181,7,102.403840108573
181,8,99.0618132945807
181,9,95.84016269715735
181,10,92.24494354208744
181,11,90.43348221399144
181,12,88.48445881637427
181,13,86.31276097120316
181,14,86.29598701087421
181,15,82.60022962631663
181,16,80.83106294170953
181,17,77.39376726650502
181,18,76.159358685438
181,19,74.63554030832364
181,20,73.75538634823815
181,21,75.24665117261623
181,22,75.08930272281427
181,23,77.54705816402296
181,24,77.34257429019205
181,25,74.52337618559291
181,26,76.44233245302259
181,27,79.27111784684597
181,28,80.6241283705793
181,29,80.7884954631304
181,30,81.92457648727309
181,31,78.58691057638526
181,32,75.03920960864686
181,33,71.85140377872138
181,34,68.23350544912972
181,35,66.02569942007091
181,36,62.651776523196375
181,37,60.7549698655792
181,38,59.271033352234106
181,39,58.66719962627789
181,40,56.49650683306019
181,41,56.52322619707187
181,42,52.898320457720075
181,43,52.07362070050057
181,44,50.659419590232595
181,45,53.07927202691289
181,46,51.61454513694273
181,47,54.24848661424901
181,48,54.718907257089064
181,49,51.081910706998656
181,50,48.40588244434095
181,51,46.256538922191126
181,52,42.90802632575587
181,53,41.86842565970384
181,54,38.13220423161428
181,55,38.57029306341711
181,56,35.08601611152244
181,57,33.41426517041966
181,58,32.716442606189766
181,59,33.41109752624072
181,60,29.783329951618395
181,61,28.813864292384704
181,62,31.612637985367872
181,63,30.605742922820752
181,64,27.043260443509908
181,65,28.371883134728392
181,66,27.35924527218603
181,67,28.877458619564216
181,68,31.554718220620142
181,69,32.53236542519418
181,70,33.18752201425042
181,71,36.891994762550574
181,72,36.636518276998984
181,73,35.733849735018595
181,74,38.15284546539517
181,75,39.96618788956801
181,76,42.14491343891636
181,77,43.690122919469445
181,78,45.929312633850046
181,79,44.36673434928036
181,80,41.02545349710561
181,81,41.17809906333565
181,82,38.04304847463955
181,83,38.50774789542049
181,84,37.20541692637001
181,85,36.21867809789036
181,86,33.62746853897138
181,87,30.051466356006628
181,88,26.843241028295
181,89,25.66248421302503
181,90,22.92912961083126
181,91,19.30922764655519
181,92,18.86928977387759
181,93,19.51192971468126
181,94,20.719309616441777
181,95,23.42741173979426
181,96,24.13792081724913
181,97,27.941333474879716
181,98,28.28194880237437
181,99,32.02146442329492
181,100,32.70978679791032
181,101,31.142737923485534
181,102,33.00519528993998
181,103,36.16807788726464
181,104,36.26473866102067
181,105,35.474226988217666
181,106,38.068246367126854
181,107,40.544997966697906
181,108,40.11683204468499
181,109,41.170206279692124
181,110,39.57008315722898
181,111,36.4535030389626
181,112,37.83350694107338
181,113,35.00918446068191
181,114,35.59101222091352
181,115,33.212614196400295
181,116,32.77369738699298
181,117,32.033093321675835
181,118,28.578312295599407
181,119,27.694258962764902
181,120,24.000245186800708
181,121,24.26991362896857
181,122,21.69742796721465
181,123,19.44346409091675
181,124,19.74958139781555
181,125,21.39518908719982
181,126,22.04598932101205
181,127,18.744792119865807
181,128,19.431555082772388
181,129,18.50029784683078
181,130,20.457672836890943
181,131,20.497449371470587
181,132,22.5737515431488
181,133,25.079613668560206
181,134,27.864968531670694
181,135,30.459184974197363
181,136,29.556513321718903
181,137,26.283213184752693
181,138,23.10288183323351
181,139,23.44953726839223
181,140,22.38417743713208
181,141,24.230552398403574
181,142,27.257846762852907
181,143,27.263776537816206
181,144,23.599403751320338
181,145,21.937751220408618
181,146,18.291826098357653
181,147,17.440564389695002
181,148,14.840721790808155
181,149,14.985900014541196
181,150,18.428550891482264
181,151,19.11501382269678
181,152,16.22090768524407
181,153,16.137814309836497
181,154,15.522606159255762
181,155,18.30048689834668
181,156,19.131583094287688
181,157,21.18188674324804
181,158,24.457751580347676
181,159,26.919452826815213
181,160,30.00489739563268
181,161,31.89664556363602
181,162,35.23509936989359
181,163,37.351452286082925
181,164,40.82853689087653
181,165,42.13782859847926
181,166,44.33808104169243
181,167,42.02056441135606
181,168,38.734980021797845
181,169,35.5206780263043
181,170,32.79622954235227
181,171,29.26362055683877
181,172,26.516685694938918
181,173,22.92045773624772
181,174,19.484321797893113
181,175,15.872094950017063
181,176,12.977897000521285
181,177,10.622402957492078
181,178,7.618764712344151
181,179,7.067556408368011
181,180,3.781474316242891
181,182,3.811927368598516
181,183,5.429213454758514
181,184,4.93632608891568
181,185,6.199612696835716
181,186,8.462129311144121
181,187,9.983844150906444
181,188,10.372770136724638
181,189,9.626219939732499
181,190,9.621787583438559
181,191,6.9596007652185365
181,192,8.81349743678928
181,193,11.219963437071753
181,194,14.714108350621819
181,195,17.51239446589466
181,196,21.095466326166115
181,197,24.07805966602462
181,198,27.460211048141566
181,199,31.194536349328384
181,200,34.01379561369169
181,201,34.17688429938957
181,202,30.613882134897814
181,203,27.057222515245886
181,204,23.996059336894852
181,205,20.827332073971395
181,206,17.624640174816445
181,207,14.27777332712408
181,208,11.580189904029586
181,209,10.32169262068377
181,210,6.909722239184322
181,211,8.871448120753763
181,212,10.323558139410478
181,213,13.671425633081732
181,214,16.878703378808968
181,215,17.47510826545771
181,216,19.485630931660797
181,217,20.832479496414205
181,218,18.396722219176652
181,219,15.219414682502139
181,220,12.981803933605255
181,221,11.679468423379703
181,222,14.209218950208232
181,223,16.112245852378944
181,224,18.188822908998237
181,225,21.5714692148175
181,226,23.629367492534218
181,227,27.04140148050605
181,228,29.180152338530128
181,229,32.93948796257244
181,230,34.394789524151314
181,231,38.09840576829842
181,232,40.5566588472447
181,233,40.40818888777166
181,234,36.8907762722252
181,235,33.849364351062974
181,236,30.307219473654204
181,237,27.751023838870044
181,238,24.12882968364265
181,239,21.73701518796982
181,240,18.01801289947175
181,241,15.540245664085525
181,242,12.960951027612346
181,243,12.554620278006873
181,244,16.368441253558252
181,245,18.317560547450345
181,246,21.555699878747504
181,247,25.112333421102157
181,248,27.623753377017938
181,249,30.575362646438865
181,250,32.38603284528058
181,251,34.275880381587676
181,252,37.90994642621463
181,253,38.856015465257954
181,254,42.27681175905815
181,255,44.351068389017726
181,256,46.6317528702331
181,257,47.41022043420502
181,258,44.289761664386404
181,259,42.50044508768559
181,260,40.566564480478156
181,261,41.70989576543489
181,262,40.35859263534105
181,263,42.969537098556394
181,264,43.543758460904726
181,265,47.03608086331226
181,266,47.99196631513388
181,267,49.20647309822067
181,268,52.886846059228844
181,269,55.31561186348285
181,270,57.26470361107169
181,271,57.76361820913506
181,272,56.80150668552382
181,273,55.902098699191434
181,274,54.087475392343755
181,275,50.87559592319568
181,276,49.53649993707109
181,277,46.779135077451905
181,278,49.74389634770083
181,279,51.00653943407629
181,280,53.5543227803182
181,281,56.50600603229568
181,282,59.76401059102502
181,283,60.649239247544145
181,284,64.40736405169274
181,285,64.00552991793633
181,286,62.92475455023373
181,287,60.6639076503752
181,288,58.08051224189033
181,289,56.5531319872862
181,290,54.07096289778282
181,291,50.79680298512782
181,292,49.83353230853006
181,293,47.23320290029527
181,294,49.28102696577575
181,295,49.21452656719779
181,296,52.26410064897455
181,297,55.85324805219246
181,298,55.871661314730545
181,299,58.13402691929328
181,300,57.01432647873086
181,301,55.207385194772485
181,302,57.31009102361846
181,303,57.224490575995425
181,304,60.717333775135415
181,305,61.11991995111722
181,306,64.67030525112192
181,307,66.85486163264615
181,308,70.36641472132828
181,309,72.1914072745506
181,310,75.94600965614292
181,311,77.64814898164607
181,312,81.20231302001767
181,313,83.72369828325616
181,314,84.24747247515883
181,315,85.2443636248709
181,316,88.54637641649866
181,317,89.86232097971428
181,318,93.50783608999137
182,1,120.21077264355762
182,2,121.10134942456456
182,3,117.52279021660091
182,4,113.90075475997563
182,5,110.45853548117856
182,6,107.30051600512343
182,7,103.98938679770644
182,8,100.66792095718093
182,9,97.42426191745015
182,10,93.78863319205432
182,11,91.87075391820922
182,12,89.92822060617132
182,13,87.6613029258355
182,14,87.61577833549649
182,15,83.95374355530478
182,16,82.2872691171162
182,17,78.92272364709456
182,18,77.84542369230665
182,19,76.42034475718499
182,20,75.7040434090924
182,21,77.30423721945851
182,22,77.30295131741589
182,23,79.7829293628951
182,24,79.45716117429622
182,25,76.57409394549012
182,26,78.35157614141941
182,27,81.12572735981448
182,28,82.33079457310953
182,29,82.42807977298025
182,30,83.41400687632522
182,31,80.0221874574961
182,32,76.52555275098835
182,33,73.27384290462793
182,34,69.6873005913524
182,35,67.58002922038783
182,36,64.19684941025646
182,37,62.11781087720749
182,38,60.60805412788812
182,39,59.77717538962719
182,40,57.44157295372978
182,41,57.220804741691836
182,42,53.58893187183365
182,43,52.61573511230419
182,44,51.26083145878265
182,45,53.57982792522478
182,46,51.9741767409675
182,47,54.70129836122836
182,48,55.291701376346595
182,49,51.73918550763454
182,50,48.87415599683259
182,51,46.73207426178838
182,52,43.24211419740571
182,53,42.12738489210104
182,54,38.40129323082703
182,55,38.63764659677998
182,56,35.10250547734343
182,57,33.62741304454242
182,58,33.34301748169412
182,59,34.14578435332792
182,60,30.633579000021182
182,61,29.23801432997915
182,62,31.837355233597474
182,63,31.076314924513163
182,64,27.369660680179635
182,65,28.21802485624874
182,66,27.089791238915513
182,67,28.11848578453047
182,68,30.913945466929288
182,69,32.21730173084797
182,70,32.60615695217616
182,71,36.355348134393
182,72,36.476266964495096
182,73,35.50222397203258
182,74,38.103529362512624
182,75,40.051704941162505
182,76,42.50891975026937
182,77,44.2431254577622
182,78,46.71985833459858
182,79,45.21384958461991
182,80,41.77318225501528
182,81,41.895321119696625
182,82,38.79238066443684
182,83,39.113582600183
182,84,37.91017828958476
182,85,36.55881270101599
182,86,33.989054052715154
182,87,30.31540590288868
182,88,27.0258755487322
182,89,25.33643364787631
182,90,22.566496759914934
182,91,19.201919516987118
182,92,19.412853557440172
182,93,20.567807675679592
182,94,22.370421411652078
182,95,25.22001699570236
182,96,26.402596736022264
182,97,30.187897310882484
182,98,30.14747172819083
182,99,33.935424088862725
182,100,34.68015005714381
182,101,32.78961895660511
182,102,34.460694897065146
182,103,37.79018357272366
182,104,37.80534499603552
182,105,36.66061271228523
182,106,39.23502716822056
182,107,41.87011751579265
182,108,41.23060113138341
182,109,42.0288630506401
182,110,40.16240455482362
182,111,36.84964096777435
182,112,38.06517406240961
182,113,35.12392975593377
182,114,35.588813373800846
182,115,32.96382394173989
182,116,32.62841064513852
182,117,31.657320208424018
182,118,28.36700539155093
182,119,27.21528957735549
182,120,23.475022366723742
182,121,23.501577176395564
182,122,20.598721124248527
182,123,18.268115660840987
182,124,18.118890162922465
182,125,20.07616979412364
182,126,20.676588162821044
182,127,17.28088683287174
182,128,17.87352327836794
182,129,16.98366183878271
182,130,18.75143124199728
182,131,19.456971403175782
182,132,21.57564845726587
182,133,23.608516739926394
182,134,26.381892731400928
182,135,28.656096620030166
182,136,27.414093923952823
182,137,24.0672891398445
182,138,21.174214020205422
182,139,21.975194904901954
182,140,21.490490095932635
182,141,23.839608143022662
182,142,26.69064491017894
182,143,27.125539339063394
182,144,23.533538277985492
182,145,21.501488392087992
182,146,17.7201489408382
182,147,16.739610597712037
182,148,13.662937466906095
182,149,13.44934808409547
182,150,16.550050341048802
182,151,16.88675314296527
182,152,14.132632169572569
182,153,14.863958123155786
182,154,14.879321691339205
182,155,18.14852823329019
182,156,19.68347528697083
182,157,21.599115661546584
182,158,25.14403827657053
182,159,27.42807583747763
182,160,30.715205516201543
182,161,32.49981882750388
182,162,36.023633303831765
182,163,38.21374562375015
182,164,41.555877685590296
182,165,42.86144837843134
182,166,45.27490673341077
182,167,43.02450420430097
182,168,39.90269596555009
182,169,36.50931923643495
182,170,33.88075301159435
182,171,30.248155062776977
182,172,27.473926989752936
182,173,23.889074885235228
182,174,20.644849117371127
182,175,17.29947467330712
182,176,14.060171035154264
182,177,12.396985939545562
182,178,8.894443287486983
182,179,8.537714736662599
182,180,5.301168729438837
182,181,3.811927368598516
182,183,3.8077057624540247
182,184,5.318777880452172
182,185,5.1995500155257055
182,186,5.837304785569964
182,187,8.437196808498038
182,188,9.906295246819871
182,189,8.908207312055422
182,190,10.351238055987517
182,191,8.797251066753983
182,192,11.31395725402937
182,193,13.155682049488641
182,194,16.79783630690132
182,195,19.29005582092603
182,196,22.986217104836417
182,197,25.74017330162827
182,198,29.245960323680848
182,199,32.903854571597854
182,200,35.878341803713724
182,201,36.30314993040647
182,202,32.827919450834
182,203,29.326082152270892
182,204,26.307487570278912
182,205,23.30250601242954
182,206,20.19037489027529
182,207,17.11612195407068
182,208,14.251325505165072
182,209,13.418437538729387
182,210,10.048242323049125
182,211,11.679301279674624
182,212,12.245148520734302
182,213,15.471266760713801
182,214,18.187047091651593
182,215,18.018029371068785
182,216,19.887682703941934
182,217,20.557515690106914
182,218,17.779987291206066
182,219,15.018098956464067
182,220,13.621165268194467
182,221,12.502204278721466
182,222,15.395315153898878
182,223,17.270584166126817
182,224,19.890031544127226
182,225,23.0427288453619
182,226,25.329396619259754
182,227,28.596921286032813
182,228,30.7732113531446
182,229,34.45864594298287
182,230,35.77950737390973
182,231,39.54097805204186
182,232,41.77848099751424
182,233,41.637228217238295
182,234,38.26257305467457
182,235,35.03623016493492
182,236,31.464123074906286
182,237,28.947687981947066
182,238,25.220212874833784
182,239,22.963996000611704
182,240,19.176432717189723
182,241,16.508179852705783
182,242,13.772155685553987
182,243,13.48054796967763
182,244,17.12338774998624
182,245,18.750015557138102
182,246,21.87783029918541
182,247,25.431287494778843
182,248,27.50867897247251
182,249,30.746530162241047
182,250,32.901735182061515
182,251,34.87846291697618
182,252,38.59225887820496
182,253,39.86950087860966
182,254,43.33610936184859
182,255,45.6288875722525
182,256,47.84312724647984
182,257,48.618559483282446
182,258,45.380416570103456
182,259,43.72857009987512
182,260,41.719442302657995
182,261,42.86805806394662
182,262,41.467470685970824
182,263,43.879865132050966
182,264,44.20490950198863
182,265,47.633533659763394
182,266,48.312773977800695
182,267,49.484907419463426
182,268,53.087811970939974
182,269,55.44056341614249
182,270,57.601933925565554
182,271,58.28804008068044
182,272,57.56273737418943
182,273,56.85103113562451
182,274,55.18007777292472
182,275,51.91440940920302
182,276,50.70771333883277
182,277,47.878609977468805
182,278,50.765849957730005
182,279,51.859750059615145
182,280,54.43048631237293
182,281,57.53231521353823
182,282,60.804220043627346
182,283,61.86590265525215
182,284,65.62627179733614
182,285,65.40559379904153
182,286,64.50847220907244
182,287,62.3096131353983
182,288,59.6333421242869
182,289,58.14048384944466
182,290,55.48209902674979
182,291,52.318367687060864
182,292,51.560115408839
182,293,48.8106811500579
182,294,50.71068660949658
182,295,50.50485536182115
182,296,53.4869254664748
182,297,57.14549602114133
182,298,57.26054824831758
182,299,59.6591189222553
182,300,58.75182248623698
182,301,56.98575581134936
182,302,59.202226813945806
182,303,59.15555881116241
182,304,62.56750626181334
182,305,62.77425319458133
182,306,66.30927566585443
182,307,68.58176094945931
182,308,72.02035835520313
182,309,73.86375407419062
182,310,77.60025920354025
182,311,79.17866668004433
182,312,82.75319574896207
182,313,85.3803279527798
182,314,85.96843012136938
182,315,86.8597845200326
182,316,90.19597618354145
182,317,91.40177353770449
182,318,95.01106383608108
183,1,116.89662561229746
183,2,117.80746751873473
183,3,114.24724203602838
183,4,110.6092961094408
183,5,107.19563511094273
183,6,104.01466797281319
183,7,100.73598116219864
183,8,97.40818594457093
183,9,94.17563167562459
183,10,90.5211948058317
183,11,88.57762072887628
183,12,86.68415622775157
183,13,84.40970275720801
183,14,84.41748237321833
183,15,80.7842981722198
183,16,79.11572525245863
183,17,75.78236949890001
183,18,74.79740930957988
183,19,73.37338038798877
183,20,72.74617870772813
183,21,74.3729444940282
183,22,74.47133173976376
183,23,77.01123960333766
183,24,76.64277045434326
183,25,73.761180726773
183,26,75.45133518317188
183,27,78.14821331253663
183,28,79.27502749013134
183,29,79.2791164407928
183,30,80.18004435637029
183,31,76.74720808802971
183,32,73.26337442371201
183,33,69.96289350835988
183,34,66.41023260782725
183,35,64.3128488002029
183,36,60.95852050973619
183,37,58.79545691247363
183,38,57.347275556917765
183,39,56.43645564493704
183,40,54.013914250801086
183,41,53.72672206918273
183,42,50.12373425454329
183,43,49.04660066486307
183,44,47.63817899668435
183,45,49.89557406882495
183,46,48.23541796530443
183,47,50.96061942345531
183,48,51.56680367069652
183,49,48.03541305105792
183,50,45.131178945200105
183,51,43.001193731060134
183,52,39.48843344109457
183,53,38.40077743413812
183,54,34.68794726807297
183,55,34.96967034146805
183,56,31.472550072245063
183,57,29.934636320499433
183,58,29.712672574013496
183,59,30.49327062962139
183,60,27.022993590888035
183,61,25.522766693514175
183,62,28.068588847389623
183,63,27.37484331678692
183,64,23.648437934245607
183,65,24.42367460537678
183,66,23.291130171289453
183,67,24.35384603063727
183,68,27.178922662222607
183,69,28.424026187933656
183,70,28.81258548524124
183,71,32.55945639018859
183,72,32.671253499365505
183,73,31.72837938670781
183,74,34.37598294990262
183,75,36.285038225753006
183,76,38.77849948075748
183,77,40.5269277561158
183,78,43.05857315274508
183,79,41.57203935804868
183,80,38.113998672615516
183,81,38.27206856340951
183,82,35.22617802107283
183,83,35.608402942573385
183,84,34.5624099178269
183,85,33.169148187213
183,86,30.483847176093832
183,87,26.836549416448992
183,88,23.45301085395008
183,89,21.743457032280592
183,90,18.85183535833127
183,91,15.491261460251426
183,92,15.944417770261353
183,93,17.15215518922718
183,94,19.246794026185906
183,95,22.117911509029287
183,96,23.6483970835537
183,97,27.37955918194674
183,98,27.055025872106786
183,99,30.85436291062722
183,100,31.632040066617535
183,101,29.55545273987298
183,102,31.092754091017902
183,103,34.50206612679298
183,104,34.51099717867104
183,105,33.192357896924314
183,106,35.72218632027072
183,107,38.43835664737594
183,108,37.75527025572987
183,109,38.42583392656205
183,110,36.51576084620286
183,111,33.172666127489244
183,112,34.440607351890655
183,113,31.564106532323372
183,114,32.17835630921642
183,115,29.645457174771455
183,116,29.555922212479008
183,117,28.830393590154234
183,118,25.655246487804824
183,119,24.840363704471805
183,120,21.221885193382242
183,121,21.755761184686477
183,122,19.183646666954314
183,123,16.346528982484234
183,124,15.776978796525176
183,125,17.212206874353726
183,126,17.418415378470595
183,127,13.906081412154379
183,128,14.321231961021141
183,129,13.412920007972975
183,130,15.439835820522203
183,131,15.984128901595339
183,132,17.908203199408803
183,133,20.087328038634173
183,134,22.809679149630135
183,135,25.257173449913285
183,136,24.27415652918775
183,137,20.92819841285677
183,138,17.8185320379481
183,139,18.37711288275882
183,140,17.737007309624012
183,141,20.057075957179322
183,142,22.969550555576564
183,143,23.48567143285886
183,144,19.96108824210933
183,145,18.102329376953655
183,146,14.313724873542943
183,147,13.836669267495683
183,148,11.151626638785052
183,149,11.887229911708854
183,150,15.218937263910298
183,151,16.32839941667926
183,152,14.223852350058436
183,153,14.641419845266807
183,154,13.93910504147375
183,155,17.317766259542136
183,156,18.681275789236896
183,157,19.98856512988818
183,158,23.48080429044191
183,159,25.364268236134638
183,160,28.50862165373317
183,161,29.95600443843202
183,162,33.49809384800953
183,163,35.47457909409728
183,164,38.832035765236704
183,165,39.92057012054195
183,166,42.293383465724574
183,167,39.92743549051593
183,168,36.830966947886246
183,169,33.374194267106255
183,170,30.65983974457319
183,171,27.05923356974259
183,172,24.1457149522145
183,173,20.664555204660072
183,174,17.44494544950166
183,175,14.338847834673611
183,176,10.853470505442765
183,177,9.624309596908718
183,178,6.069160968518965
183,179,6.698849379529258
183,180,5.147823356228916
183,181,5.429213454758514
183,182,3.8077057624540247
183,184,3.8039104535382045
183,185,5.610935303371525
183,186,5.215998664520749
183,187,6.217385581518428
183,188,8.430327303978023
183,189,8.98289570349242
183,190,10.65081470883641
183,191,9.7778757299816
183,192,11.276615094579132
183,193,12.094043745165065
183,194,15.405348741226017
183,195,17.289995492280493
183,196,21.084603059779262
183,197,23.463844870834585
183,198,27.112995480586704
183,199,30.67651951616273
183,200,33.85805966182315
183,201,34.20969394014867
183,202,30.723176377635948
183,203,27.395141060710255
183,204,24.226325875413462
183,205,21.573194554544344
183,206,18.355623371053753
183,207,15.753203530320649
183,208,12.495381705799913
183,209,11.999426430890745
183,210,9.0359156807131
183,211,10.684353905491509
183,212,11.08919334290237
183,213,13.678700683106415
183,214,16.25851852340078
183,215,15.70971286122338
183,216,17.03283995403036
183,217,17.506123807804457
183,218,15.051854031632528
183,219,12.089236178631092
183,220,11.116541056137903
183,221,9.442014331287124
183,222,12.180395113137346
183,223,13.90338382351651
183,224,16.814077864972766
183,225,19.81279092638793
183,226,22.317560174418205
183,227,25.54256627890654
183,228,27.897517046317247
183,229,31.54338018369687
183,230,32.99429831038251
183,231,36.77940633148048
183,232,39.024932437967344
183,233,39.11898141268394
183,234,35.82698040524725
183,235,32.642281007972
183,236,28.976147997193824
183,237,26.762281013498324
183,238,22.976191554609986
183,239,21.16957919337657
183,240,17.458792624711645
183,241,15.33935751359094
183,242,12.044434550965622
183,243,10.929041696966673
183,244,14.366928189386824
183,245,15.4929646971141
183,246,18.764021178216893
183,247,22.171720199869593
183,248,24.202221413757446
183,249,27.473305667706445
183,250,29.592090641107045
183,251,31.43010565488285
183,252,35.16452636532278
183,253,36.49971823826019
183,254,39.928571104892804
183,255,42.26177391868792
183,256,44.38967548354221
183,257,45.11785221981669
183,258,41.828327839043546
183,259,40.225015465073696
183,260,38.200971523602284
183,261,39.39297584566966
183,262,38.0492539849354
183,263,40.43408021821889
183,264,40.7627661388175
183,265,44.13160489772835
183,266,44.72547183544535
183,267,45.81347554322795
183,268,49.39798059601093
183,269,51.70269775678003
183,270,53.88103449164625
183,271,54.57585809788196
183,272,53.91185706902741
183,273,53.238263870892936
183,274,51.63874402967496
183,275,48.378879927969294
183,276,47.27136861612566
183,277,44.47149514821128
183,278,47.382475842468615
183,279,48.35665705146426
183,280,50.879364829317055
183,281,54.03191811590593
183,282,57.276998774117565
183,283,58.37737034632581
183,284,62.141360029220046
183,285,62.01817999477687
183,286,61.19275179168296
183,287,59.06477084019539
183,288,56.37938783705164
183,289,54.97464614991398
183,290,52.240605893091214
183,291,49.10585308351074
183,292,48.41046514891494
183,293,45.55381264405277
183,294,47.336746976281766
183,295,47.033559379500005
183,296,49.97032388211095
183,297,53.65439885955631
183,298,53.83479851551985
183,299,56.31470278191335
183,300,55.527987776960735
183,301,53.83501950285984
183,302,56.159361711044404
183,303,56.21715940660257
183,304,59.59096784306412
183,305,59.72142052385072
183,306,63.211884527938935
183,307,65.47489602101338
183,308,68.86456590987804
183,309,70.66264002825041
183,310,74.39326590497102
183,311,75.88216845913617
183,312,79.47977363092534
183,313,82.17134433469211
183,314,82.83949137429929
183,315,83.71634882053604
183,316,87.0936044542976
183,317,88.28346182518604
183,318,91.886629833513
184,1,116.81193232475864
184,2,117.60512264637754
184,3,114.01427593721037
184,4,110.40380793653357
184,5,106.9893459087005
184,6,103.75765934105871
184,7,100.4998995247623
184,8,97.10873610224714
184,9,93.94753137329563
184,10,90.32101469696657
184,11,88.51275464699856
184,12,86.71583281311254
184,13,84.57826151959863
184,14,84.72571628165728
184,15,81.08974301776189
184,16,79.26106372039436
184,17,75.86405001398066
184,18,74.78053566835025
184,19,73.17750061015542
184,20,72.40221081154245
184,21,73.84979480026225
184,22,73.79782035679729
184,23,76.42117225740276
184,24,76.23804008556293
184,25,73.48265941780946
184,26,75.29478188522715
184,27,77.96076302094994
184,28,79.21410331314443
184,29,79.15631523035556
184,30,80.14750114917486
184,31,76.7142602067805
184,32,73.16199442088254
184,33,69.85469629852948
184,34,66.32121109769645
184,35,64.04223010048887
184,36,60.77571956910981
184,37,58.74613127668116
184,38,57.48140456948372
184,39,56.75816959650884
184,40,54.386588204021
184,41,54.284431432280535
184,42,50.749266248848855
184,43,49.61707685251827
184,44,47.97187231518404
184,45,50.14856596829834
184,46,48.424021693813025
184,47,50.94264050508894
184,48,51.33361039540689
184,49,47.71610760880916
184,50,44.90523673883292
184,51,42.97840340793265
184,52,39.56721136992929
184,53,38.79551196945733
184,54,35.124679152350225
184,55,35.79892589982984
184,56,32.457689219562134
184,57,30.52263233411884
184,58,29.908481793877407
184,59,30.266209572278097
184,60,26.62903275688372
184,61,25.596095622985125
184,62,28.050272005917478
184,63,26.852049879299372
184,64,23.21725401213353
184,65,24.46963327656892
184,66,23.850193651286034
184,67,25.30427322846535
184,68,28.28645372385943
184,69,29.050105151759738
184,70,29.334456730851596
184,71,33.09709934422555
184,72,32.830922613918304
184,73,31.61708960716568
184,74,33.930316620883616
184,75,35.987074993075375
184,76,38.272650812650284
184,77,40.08321431870391
184,78,42.496236089670084
184,79,41.206793130657125
184,80,37.9154142733266
184,81,38.37965753275341
184,82,35.48059026158342
184,83,36.237826669210925
184,84,35.37545183686964
184,85,34.31135863731887
184,86,31.398436130955613
184,87,27.90781999027014
184,88,24.419904097867573
184,89,23.134484241251986
184,90,19.97128913945317
184,91,16.404304718447708
184,92,16.662924815627672
184,93,17.029597841975434
184,94,18.606636376896756
184,95,21.019764201259655
184,96,22.137605169703345
184,97,25.885639297784625
184,98,26.00037014769451
184,99,29.80754526680843
184,100,30.19179693655583
184,101,28.201239143443427
184,102,30.150547479797943
184,103,33.35364703764321
184,104,33.09659130039608
184,105,32.05556599048611
184,106,34.84002374284814
184,107,37.27628446442657
184,108,36.50640935564176
184,109,37.52709643534348
184,110,35.664245567728244
184,111,32.42841810191756
184,112,33.5412183608862
184,113,30.55522794638081
184,114,30.943141948813263
184,115,28.433691985551295
184,116,27.9508836070894
184,117,27.148127444423384
184,118,23.737177705153137
184,119,22.880151322749402
184,120,19.212221099936396
184,121,19.7035664634956
184,122,17.322435361803826
184,123,14.783132592850002
184,124,15.044314954565557
184,125,16.538168397467192
184,126,17.341870685556987
184,127,14.239060288656981
184,128,15.440629348479522
184,129,15.21391918834795
184,130,17.823923810785885
184,131,18.052027408490712
184,132,19.452482444163312
184,133,21.927070890306982
184,134,24.304828372631288
184,135,27.073379430186918
184,136,26.519894068418665
184,137,23.066253978611172
184,138,19.732351689844013
184,139,19.623517097971636
184,140,18.38053547541157
184,141,20.169961349072846
184,142,22.93158713206088
184,143,22.834383241010592
184,144,19.109086257742817
184,145,17.179526592264736
184,146,13.542090420543103
184,147,12.507353717900374
184,148,10.006684755540077
184,149,10.60507859312452
184,150,14.253759459420388
184,151,15.600016718354967
184,152,13.260911656381317
184,153,12.747658380651314
184,154,11.49483360367576
184,155,14.47207391980126
184,156,15.41375906914776
184,157,16.975208952279736
184,158,20.368698670632046
184,159,22.542426334515778
184,160,25.683647815392533
184,161,27.420148280060467
184,162,30.87672018798741
184,163,33.01402521088036
184,164,36.41080931773706
184,165,37.71689929863266
184,166,40.07271243003772
184,167,37.84282906944685
184,168,34.69821005284834
184,169,31.351835994358762
184,170,28.783921542547994
184,171,25.135637667109705
184,172,22.506671269460227
184,173,18.838063183181607
184,174,15.66039261040553
184,175,12.250170495418356
184,176,9.340036341554473
184,177,8.287735048029745
184,178,5.732040430338313
184,179,7.645467546642588
184,180,6.3196184637876565
184,181,4.93632608891568
184,182,5.318777880452172
184,183,3.8039104535382045
184,185,3.8030950872768625
184,186,5.674762416203652
184,187,5.525732170130589
184,188,5.8838795872854055
184,189,6.592239246353363
184,190,7.300570479869995
184,191,6.519558317934646
184,192,7.6012706998389
184,193,8.36318524007681
184,194,11.821606327585915
184,195,14.043043261534333
184,196,17.780552814681037
184,197,20.439473708855758
184,198,23.978040596546037
184,199,27.617913044843156
184,200,30.648698147337267
184,201,31.082461837915577
184,202,27.63334569171252
184,203,24.180097465267128
184,204,21.176215062835457
184,205,18.30109709644083
184,206,15.279792795432089
184,207,12.53012799953787
184,208,9.694771093377065
184,209,9.93783353653358
184,210,7.595580515134594
184,211,10.415563318020792
184,212,12.035462765641533
184,213,14.518350748824298
184,214,17.63996822263673
184,215,17.662418001272464
184,216,18.7483553126766
184,217,19.626271914993207
184,218,17.670869824862912
184,219,14.3042805781573
184,220,12.840192338283945
184,221,10.348273951646547
184,222,12.163486065767232
184,223,13.152522109162604
184,224,15.438031071760303
184,225,18.37193863764923
184,226,20.364206208043804
184,227,23.519131523289847
184,228,25.545306966335993
184,229,29.21907501976659
184,230,30.482544159733163
184,231,34.23767482652246
184,232,36.492732932147945
184,233,36.36434610678342
184,234,32.97247443340872
184,235,29.787773151774143
184,236,26.197361225353227
184,237,23.740343989223625
184,238,20.00865303526111
184,239,17.885731516420147
184,240,14.128101032353948
184,241,11.864238921992595
184,242,8.762668518630319
184,243,8.199167283249418
184,244,11.912940578078242
184,245,13.82526981038574
184,246,16.91713932462503
184,247,20.53286095454558
184,248,22.87787870068728
184,249,25.925406953278802
184,250,27.949397630917986
184,251,30.021337237790384
184,252,33.691653276744006
184,253,34.900983216401876
184,254,38.420855220644945
184,255,40.73478832580516
184,256,43.09940441871047
184,257,44.07022961121125
184,258,40.95213457051826
184,259,39.46594852757133
184,260,37.730790611057216
184,261,39.18703300146073
184,262,38.136288219175974
184,263,40.78898916340141
184,264,41.46285651569639
184,265,44.78833068512104
184,266,45.503498668072496
184,267,46.40601153664914
184,268,50.01610952313727
184,269,52.21835134598621
184,270,54.21335570820093
184,271,54.64755494363641
184,272,53.855259445543865
184,273,52.92210457834562
184,274,51.36451822396118
184,275,48.25106748845141
184,276,47.22811988001302
184,277,44.6321234772698
184,278,47.72908174619367
184,279,48.67176461189185
184,280,51.021126350835566
184,281,54.081992904637936
184,282,57.215054972491764
184,283,58.07837713368501
184,284,61.868956935162046
184,285,61.70043676652164
184,286,60.66829608608816
184,287,58.63066357719599
184,288,56.12416241609779
184,289,54.86395119119713
184,290,52.27792577309382
184,291,48.99465253931788
184,292,48.01783357346922
184,293,45.17789717602589
184,294,46.91783370620566
184,295,46.5180346622629
184,296,49.37716355016405
184,297,53.02803182698495
184,298,53.326874815499544
184,299,55.81042340133659
184,300,54.892759115093696
184,301,53.339900953300436
184,302,55.6985297840994
184,303,55.90675204118494
184,304,59.377829098317214
184,305,59.72589325507153
184,306,63.16749225002541
184,307,65.25048764617028
184,308,68.68218132405687
184,309,70.33445857238753
184,310,74.0970137214552
184,311,75.60586021666944
184,312,79.23275016696007
184,313,81.87931895403237
184,314,82.6097736531376
184,315,83.6541556967968
184,316,87.05462919538279
184,317,88.3994041239015
184,318,92.0514617388816
185,1,120.35225784582856
185,2,121.14163027876387
185,3,117.5585672365506
185,4,113.94290917471683
185,5,110.54829452011272
185,6,107.2926022577786
185,7,104.0612371304923
185,8,100.65452160419773
185,9,97.5150859735757
185,10,93.88238495068292
185,11,92.07694368328055
185,12,90.32115675877323
185,13,88.18681553334093
185,14,88.36461123843891
185,15,84.74439182631718
185,16,82.91425559820516
185,17,79.5304158021804
185,18,78.47892460773718
185,19,76.85708609751094
185,20,76.0895049221018
185,21,77.50770718235616
185,22,77.44566613437168
185,23,80.10286508043168
185,24,79.95050906902192
185,25,77.21742038231704
185,26,79.02520375792601
185,27,81.66428301045528
185,28,82.90434776534238
185,29,82.79944556578933
185,30,83.75512085171195
185,31,80.29790391288545
185,32,76.74737847595128
185,33,73.40817996823672
185,34,69.9017633571626
185,35,67.60226685015259
185,36,64.37064428885175
185,37,62.304759146841654
185,38,61.09403239556677
185,39,60.31864220236669
185,40,57.87580109750045
185,41,57.68772840454551
185,42,54.17569368326717
185,43,52.92887561345396
185,44,51.23170815153835
185,45,53.28971483838547
185,46,51.42040528902571
185,47,53.89574121674633
185,48,54.25916598836218
185,49,50.671824700575435
185,50,47.763287716604694
185,51,45.972358239169104
185,52,42.50874917662144
185,53,41.841137133307356
185,54,38.21178563881426
185,55,38.887119237781306
185,56,35.57253276701686
185,57,33.64965267602214
185,58,33.188573923341025
185,59,33.42339753919566
185,60,29.81602339052604
185,61,28.69220015266083
185,62,30.901029773635596
185,63,29.63177759747805
185,64,25.960511051947908
185,65,27.00998181600786
185,66,26.571799561717906
185,67,27.70768714276641
185,68,30.879119806816103
185,69,31.728499742011714
185,70,31.66812107295356
185,71,35.472848001369364
185,72,35.37592569396202
185,73,33.9051947190349
185,74,36.15566664569314
185,75,38.461492868380134
185,76,40.87032895067794
185,77,42.89666165183789
185,78,45.43021889989573
185,79,44.315763500582904
185,80,41.054917454457815
185,81,41.64851614703167
185,82,38.845346790889636
185,83,39.640009592912484
185,84,38.884932837613285
185,85,37.6855976606094
185,86,34.74019140376303
185,87,31.23541337022881
185,88,27.680852911611673
185,89,26.13551963805722
185,90,22.874716478691795
185,91,19.486274892519457
185,92,20.13908405164318
185,93,20.57521390158395
185,94,22.24384447509962
185,95,24.500332634649766
185,96,25.5828399842646
185,97,29.294537364198057
185,98,29.48149730238519
185,99,33.28458443301948
185,100,33.47118106136685
185,101,31.36584400582343
185,102,33.42905533641267
185,103,36.589161951639134
185,104,36.0974360753244
185,105,34.99354941099483
185,106,37.9146492093891
185,107,40.26521654097238
185,108,39.26041441172768
185,109,40.31349220557182
185,110,38.24645947980418
185,111,34.91948006805569
185,112,35.71291214840473
185,113,32.51523866634202
185,114,32.519828220521845
185,115,29.713335383080466
185,116,28.915112833533385
185,117,27.62608955344598
185,118,24.2056614539294
185,119,22.759092554281693
185,120,18.96370794837163
185,121,18.717146290075302
185,122,15.830333038557193
185,123,13.852246212748955
185,124,14.46636514216637
185,125,16.754717384730736
185,126,18.159811987649835
185,127,15.318593942227023
185,128,16.977166113772974
185,129,17.188169377941108
185,130,19.79298803499404
185,131,20.622842722036165
185,132,21.899539072560124
185,133,23.9607591722928
185,134,26.148856206458618
185,135,28.675826087114963
185,136,27.88877990289928
185,137,24.273619960350345
185,138,21.218632886561284
185,139,21.345371642673232
185,140,20.496514713980034
185,141,22.535948226644955
185,142,24.940965956800518
185,143,24.894756521972255
185,144,21.15570521185734
185,145,18.679698072025378
185,146,15.088140761852905
185,147,13.210235985230929
185,148,9.989058584498288
185,149,9.172910676952748
185,150,12.428366387431092
185,151,12.992795459743139
185,152,10.13738643144634
185,153,10.03638054706086
185,154,9.79409130575356
185,155,12.965831964113072
185,156,14.624099656837403
185,157,16.695825029075802
185,158,20.302174234936345
185,159,22.749494090041093
185,160,26.17676504215279
185,161,28.22044070972685
185,162,31.762999019810515
185,163,34.22324648389545
185,164,37.44888068115003
185,165,39.04369404449902
185,166,41.62744423304666
185,167,39.664185994448346
185,168,36.679860761399716
185,169,33.30101421046179
185,170,31.030548434754003
185,171,27.287988107356256
185,172,24.962477497619666
185,173,21.225050027998527
185,174,18.386878868906138
185,175,15.11846568070462
185,176,12.534240377299607
185,177,11.974057497775837
185,178,9.505472075803418
185,179,11.038028545828382
185,180,8.79389533900989
185,181,6.199612696835716
185,182,5.1995500155257055
185,183,5.610935303371525
185,184,3.8030950872768625
185,186,3.8102286567378187
185,187,5.338060852862182
185,188,5.254312465792161
185,189,3.7564508178153875
185,190,5.681905557669688
185,191,5.814225535866763
185,192,8.4127990028518
185,193,9.536411539104943
185,194,13.236267800807456
185,195,15.720646923928363
185,196,19.269745928862687
185,197,22.065687821713148
185,198,25.451897695549032
185,199,29.053804079724145
185,200,31.940220155124663
185,201,32.758736325222024
185,202,29.494999694555865
185,203,25.956623809369873
185,204,23.30381263265843
185,205,20.27289781618021
185,206,17.68376566455434
185,207,14.865281594053906
185,208,12.659902044140358
185,209,13.23852632452299
185,210,10.89589210504731
185,211,13.76159613917736
185,212,15.311985195201808
185,213,18.078305483300465
185,214,21.130600372484952
185,215,20.998794594645336
185,216,22.17015607874268
185,217,22.739560999170905
185,218,20.530211522448298
185,219,17.431584517933207
185,220,16.247420736435753
185,221,13.97058474927152
185,222,15.858568223086305
185,223,16.605054564322177
185,224,18.83755503386355
185,225,21.52016399093601
185,226,23.24790167948582
185,227,26.159080190911006
185,228,27.846818690620747
185,229,31.41777259256263
185,230,32.299290628352225
185,231,36.026274604336244
185,232,38.016823867719204
185,233,37.57440371322831
185,234,34.24991299628564
185,235,30.875853760787763
185,236,27.438580335623854
185,237,24.678616032482875
185,238,21.011505100750558
185,239,18.52926284456959
185,240,14.75970971016599
185,241,11.766845665954028
185,242,9.433010817549318
185,243,10.238763246506924
185,244,13.677849846964683
185,245,15.935273699705354
185,246,18.542324621942726
185,247,22.279096602986225
185,248,24.3083019458171
185,249,27.460489822222414
185,250,29.801726009907174
185,251,32.18633475649284
185,252,35.843360170425214
185,253,37.271884858694
185,254,40.89009853577897
185,255,43.372491881828275
185,256,45.86135775747537
185,257,47.009440997043654
185,258,43.933032395318385
185,259,42.6365498837301
185,260,41.022599031536544
185,261,42.606587414587445
185,262,41.64993934264032
185,263,44.27575954399828
185,264,44.90861979683088
185,265,48.17565748730359
185,266,48.742994501650195
185,267,49.538109009107146
185,268,53.09066649160661
185,269,55.17628162743065
185,270,57.254162622925335
185,271,57.703512692823416
185,272,57.03112563209801
185,273,56.099145011603
185,274,54.671473775067824
185,275,51.60271318560213
185,276,50.70317698096253
185,277,48.150844106612006
185,278,51.26265837225489
185,279,52.093346175731206
185,280,54.381897358648125
185,281,57.49461089872093
185,282,60.58012568926326
185,283,61.44059535636993
185,284,65.2393881859171
185,285,65.15957820744539
185,286,64.13250157261666
185,287,62.17303377993096
185,288,59.70069162991183
185,289,58.51132683957205
185,290,55.900124563227806
185,291,52.62192910121119
185,292,51.633507039406375
185,293,48.73847527340073
185,294,50.37633448286252
185,295,49.843239622531534
185,296,52.60369844318006
185,297,56.2727867616934
185,298,56.700219958731154
185,299,59.26096675372666
185,300,58.394156603394
185,301,56.92669444545224
185,302,59.34132526840685
185,303,59.613501931015705
185,304,63.08538088076904
185,305,63.42945312019674
185,306,66.84823179442063
185,307,68.90460412455643
185,308,72.31801216278782
185,309,73.92028366653055
185,310,77.68403682269197
185,311,79.13885524395086
185,312,82.78574323203311
185,313,85.46287119204747
185,314,86.24608871317022
185,315,87.30549477978612
185,316,90.72596357389769
185,317,92.07418019095871
185,318,95.72450080168582
186,1,120.22648720023892
186,2,121.1186226652524
186,3,117.57976892903406
186,4,113.92773782298651
186,5,110.57137139354533
186,6,107.3196368688264
186,7,104.1178023220081
186,8,100.74375172217742
186,9,97.57580125809062
186,10,93.90406897855979
186,11,91.9798000707248
186,12,90.22125421001786
186,13,87.98293819980354
186,14,88.1212169889392
186,15,84.5400970781095
186,16,82.82660878642204
186,17,79.52619550012844
186,18,78.64366339604223
186,19,77.14173417279713
186,20,76.55931532715843
186,21,78.10961666028427
186,22,78.230780405531
186,23,80.89691397272604
186,24,80.59505254505764
186,25,77.78664565547837
186,26,79.43181111349872
186,27,82.01224058826787
186,28,83.08688420529501
186,29,82.92046855080991
186,30,83.71621690800698
186,31,80.21178743830426
186,32,76.72526992164046
186,33,73.33185422832686
186,34,69.86018142848768
186,35,67.68765211503371
186,36,64.44231181678276
186,37,62.18976344022512
186,38,60.93667335632248
186,39,59.92813252690439
186,40,57.332967940014015
186,41,56.89909806303698
186,42,53.38776453650426
186,43,52.01553734280824
186,44,50.407079304018005
186,45,52.381301946431165
186,46,50.41072554465824
186,47,52.996539125488646
186,48,53.50708531218425
186,49,50.023370535974145
186,50,46.94825568935792
186,51,45.1254301326318
186,52,41.54056469016119
186,53,40.757270474892984
186,54,37.15486418881776
186,55,37.6031770170966
186,56,34.25853566933189
186,57,32.563690095332
186,58,32.52360421486935
186,59,32.92423271489409
186,60,29.48979390518896
186,61,27.920646992435657
186,62,29.94979862847254
186,63,29.018097244663547
186,64,25.249251597484303
186,65,25.772990053172094
186,66,25.152133967407284
186,67,25.802885376617873
186,68,29.025077601249333
186,69,30.199712160974382
186,70,29.936441981335182
186,71,33.746058374111634
186,72,34.0299725724884
186,73,32.579231834146746
186,74,35.05359131539964
186,75,37.40570821366624
186,76,40.079885400049385
186,77,42.229502332438855
186,78,44.97707065942283
186,79,43.86630532093651
186,80,40.50254968432488
186,81,41.009350115788926
186,82,38.232672727053895
186,83,38.852013279454674
186,84,38.18536040847229
186,85,36.64542449900513
186,86,33.75213989595523
186,87,30.19121853168143
186,88,26.613938876201694
186,89,24.616550483649654
186,90,21.389412795232573
186,91,18.336294166116947
186,92,19.584761824421054
186,93,20.547982842788947
186,94,22.789777936178982
186,95,25.2317623243208
186,96,26.8282195700934
186,97,30.478806003719455
186,98,30.20229769973484
186,99,34.0109897111342
186,100,34.356221757992024
186,101,31.961367053057263
186,102,33.72076270882739
186,103,37.0577810991608
186,104,36.5842252349206
186,105,35.101057370098374
186,106,37.90739160993882
186,107,40.46067146345732
186,108,39.317646807455105
186,109,40.04128165161169
186,110,37.758802651526814
186,111,34.264648811317386
186,112,34.98107101291519
186,113,31.760203507958742
186,114,31.781444453908545
186,115,28.816931159409123
186,116,28.304633631456714
186,117,26.94708810457746
186,118,23.80163212983274
186,119,22.287148419397568
186,120,18.554340465995114
186,121,18.32757533574833
186,122,15.25597958715525
186,123,12.887496587533146
186,124,12.601350052298656
186,125,15.001128633699762
186,126,16.096002502696273
186,127,13.096633439594015
186,128,14.52219717235135
186,129,14.763460960040842
186,130,17.18191043856505
186,131,18.587817538756344
186,132,19.840989663419673
186,133,21.44069477982545
186,134,23.600949133847287
186,135,25.82947218937892
186,136,24.779057205356615
186,137,21.130479282780755
186,138,18.338394172681074
186,139,18.880586699270424
186,140,18.621965555694967
186,141,21.15106453821472
186,142,23.41163558203576
186,143,23.886534468584294
186,144,20.325851759321996
186,145,17.63197881481203
186,146,13.954061047332717
186,147,12.277963427223042
186,148,8.714969122653647
186,149,7.938317396915892
186,150,10.804457593147564
186,151,11.32274308171737
186,152,9.099817245875759
186,153,10.07958406040596
186,154,10.304249205152642
186,155,13.986634384335352
186,156,16.22092204474797
186,157,17.744272317908514
186,158,21.490432426271393
186,159,23.491848962644813
186,160,26.97385546987073
186,161,28.688296432942455
186,162,32.37741230438872
186,163,34.743263551493015
186,164,37.844716128258916
186,165,39.28051450206039
186,166,42.00077990141959
186,167,40.01178414348461
186,168,37.18516804920585
186,169,33.63978203853439
186,170,31.38226234623013
186,171,27.623299509141034
186,172,25.174364482334017
186,173,21.58437987546972
186,174,18.937011307798787
186,175,16.0972196000996
186,176,13.143945105540435
186,177,13.124692117068314
186,178,10.318634357165887
186,179,11.808808547643764
186,180,9.919580992500281
186,181,8.462129311144121
186,182,5.837304785569964
186,183,5.215998664520749
186,184,5.674762416203652
186,185,3.8102286567378187
186,187,3.823166146518357
186,188,6.118944485968651
186,189,5.66110008696494
186,190,8.852962213570441
186,191,9.612032398673326
186,192,11.918703919574186
186,193,12.344001900219345
186,194,15.78372030184707
186,195,17.651247481776863
186,196,21.265005054162106
186,197,23.62549757381686
186,198,27.147927416089516
186,199,30.602413064367763
186,200,33.70215706194112
186,201,34.62937546787729
186,202,31.425764759195516
186,203,28.059547259138874
186,204,25.339402969828882
186,205,22.649018818746942
186,206,20.01934460331473
186,207,17.593326082568492
186,208,15.012700670475057
186,209,15.577150577307908
186,210,13.109209166524142
186,211,15.466636636480139
186,212,16.259929209706534
186,213,18.793577179236145
186,214,21.358672254117522
186,215,20.5501043647527
186,216,21.47790882123196
186,217,21.416344656082593
186,218,19.05870819935804
186,219,16.3944706810704
186,220,16.020556919125266
186,221,13.95674640121375
186,222,16.098794337101342
186,223,16.90132781728276
186,224,19.67820159606614
186,225,22.129348780158466
186,226,24.20399432822949
186,227,26.99094793318741
186,228,28.852225327421646
186,229,32.32085078909902
186,230,33.20829249214984
186,231,36.97129340450906
186,232,38.79453166467102
186,233,38.519580250312785
186,234,35.379678923793136
186,235,31.91432643048284
186,236,28.423452494838337
186,237,25.922347696175652
186,238,22.188011813581777
186,239,20.145561842624055
186,240,16.47428488021616
186,241,13.783245421084573
186,242,11.113125550121227
186,243,11.391419458735074
186,244,14.398041000169561
186,245,15.933213796787312
186,246,18.48521634956707
186,247,22.051735553187576
186,248,23.5985599590156
186,249,27.02900946877019
186,250,29.636797847736926
186,251,31.958182591039147
186,252,35.67715992406337
186,253,37.39980541121597
186,254,40.994580245264615
186,255,43.64375336723068
186,256,45.97852407003943
186,257,47.03708143190334
186,258,43.82478101521513
186,259,42.6188938903019
186,260,40.87971413125503
186,261,42.406802835533114
186,262,41.366814284009145
186,263,43.76251078161184
186,264,44.132323335655514
186,265,47.32595901132248
186,266,47.62993534646671
186,267,48.40353674350667
186,268,51.87123578550325
186,269,53.899614416825194
186,270,56.17940334795133
186,271,56.833217250075485
186,272,56.39001109728688
186,273,55.67679164340846
186,274,54.37057688195384
186,275,51.23804139260093
186,276,50.44828370895677
186,277,47.813904462221515
186,278,50.81946559614677
186,279,51.49357639102612
186,280,53.81698385036427
186,281,57.0679794796557
186,282,60.17433159066665
186,283,61.2338156575972
186,284,65.01952196564129
186,285,65.1135469830143
186,286,64.29792267129538
186,287,62.38525849620134
186,288,59.80274474585118
186,289,58.631346901160455
186,290,55.84079269769703
186,291,52.69813056090171
186,292,51.94989139392399
186,293,48.92195574305038
186,294,50.4233168422571
186,295,49.78659072551883
186,296,52.49468804225072
186,297,56.21976189447382
186,298,56.70493528780132
186,299,59.38127064161029
186,300,58.74088343197373
186,301,57.29129706658399
186,302,59.80483985211031
186,303,60.09641708311144
186,304,63.46659134261679
186,305,63.591155434747535
186,306,66.9903888623764
186,307,69.14926469889426
186,308,72.4782141208756
186,309,74.11507109935667
186,310,77.84981684676892
186,311,79.17989933266871
186,312,82.83602472615192
186,313,85.61834672670408
186,314,86.45584296824607
186,315,87.38950444652029
186,316,90.83777623116586
186,317,92.05987893852948
186,318,95.66563562016054
187,1,117.2554027276838
187,2,118.10908205519044
187,3,114.57508492340466
187,4,110.92421233384744
187,5,107.59695969780114
187,6,104.30193636694422
187,7,101.14375676980426
187,8,97.73637972162278
187,9,94.61693792582547
187,10,90.94514017820691
187,11,89.06434777905577
187,12,87.40137767356669
187,13,85.22497903611907
187,14,85.48039566946136
187,15,81.9306740050149
187,16,80.14135249414097
187,17,76.84581094199734
187,18,76.00485573833919
187,19,74.42088465338288
187,20,73.85244041436677
187,21,75.33786210138726
187,22,75.47978119075336
187,23,78.23664018896092
187,24,77.98468932994645
187,25,75.2441185749246
187,26,76.86282278910178
187,27,79.3511492246333
187,28,80.41119929172635
187,29,80.1273190244166
187,30,80.88449240016881
187,31,77.34629322020571
187,32,73.84509273052966
187,33,70.40735384684858
187,34,66.98561194007429
187,35,64.7388130357812
187,36,61.57345723146907
187,37,59.309072881275206
187,38,58.210459343549246
187,39,57.21646694655168
187,40,54.56618380445026
187,41,54.15453729795583
187,42,50.717523067102825
187,43,49.2128379316486
187,44,47.434344169643424
187,45,49.29094456691913
187,46,47.224584874249295
187,47,49.69524099270684
187,48,50.109900152277106
187,49,46.61263723390457
187,50,43.539373285843595
187,51,41.851630600168704
187,52,38.2984007341191
187,53,37.721529321580654
187,54,34.17593399268492
187,55,34.87213654064951
187,56,31.672857282068072
187,57,29.71976537257728
187,58,29.566959687543882
187,59,29.70099177956713
187,60,26.2567712554324
187,61,24.81270146872894
187,62,26.668621691187663
187,63,25.531187600591096
187,64,21.796802798042652
187,65,22.448781964476428
187,66,22.158032404409138
187,67,22.998525188949372
187,68,26.354728456535284
187,69,27.208229232468213
187,70,26.82794408616566
187,71,30.64320832094869
187,72,30.73733272143982
187,73,29.132873719236365
187,74,31.469119003396834
187,75,33.89591131801864
187,76,36.51629053924582
187,77,38.739692427559945
187,78,41.494343938055906
187,79,40.527754690449676
187,80,37.24606823764305
187,81,37.95979454170901
187,82,35.34347562011179
187,83,36.21396822818698
187,84,35.81225460078736
187,85,34.39354750598672
187,86,31.292172137376106
187,87,27.875176388168676
187,88,24.184948933821417
187,89,22.37698404039581
187,90,18.903143936856917
187,91,15.863967962738549
187,92,17.354171339911023
187,93,17.918291079708347
187,94,20.179796234979122
187,95,22.324627979336707
187,96,24.059285798196925
187,97,27.595443473369777
187,98,27.24819661369409
187,99,31.027986749356884
187,100,31.181230479366143
187,101,28.628818359510927
187,102,30.455898868860597
187,103,33.745318603188196
187,104,33.09836647183599
187,105,31.561960331077383
187,106,34.45992710059718
187,107,36.93643078919858
187,108,35.67155586109682
187,109,36.439112564996584
187,110,34.10599652294954
187,111,30.621634756192854
187,112,31.260691710831228
187,113,28.010851418078893
187,114,28.015173348071738
187,115,25.10100787694074
187,116,24.608420144964704
187,117,23.411756095316587
187,118,20.244449701678224
187,119,19.012673170836077
187,120,15.333795292555491
187,121,15.646076124919771
187,122,13.041806597925738
187,123,10.148657034263133
187,124,9.826335419859085
187,125,11.745413836970616
187,126,12.873867115074503
187,127,10.020201129162174
187,128,11.944551545445082
187,129,12.772933233945594
187,130,15.78673323463821
187,131,16.9082946105246
187,132,17.574743163975604
187,133,19.403963791401274
187,134,21.245116402276476
187,135,23.806004043223037
187,136,23.269099075415717
187,137,19.580506543096515
187,138,16.48182053328471
187,139,16.348867195615323
187,140,15.619389532726123
187,141,17.849422000966253
187,142,20.00029576627881
187,143,20.232997706542715
187,144,16.620477460498428
187,145,13.906061161727253
187,146,10.25405111198052
187,147,8.564864327566088
187,148,5.239255895352427
187,149,5.7515081111278965
187,150,9.229299873805758
187,151,10.986556533156424
187,152,9.607262512525708
187,153,9.520019303046016
187,154,8.458737704735958
187,155,12.065730240861129
187,156,13.953815422448752
187,157,14.865914200728582
187,158,18.537323132014873
187,159,20.230288738748257
187,160,23.598990662311866
187,161,25.11293955225072
187,162,28.807604869016707
187,163,31.064248601657663
187,164,34.186262553193316
187,165,35.53169631849498
187,166,38.23319131988046
187,167,36.21919629406972
187,168,33.41853286066495
187,169,29.850282439225836
187,170,27.624305743740447
187,171,23.859539713392362
187,172,21.468447666678255
187,173,17.899509937085874
187,174,15.445280454601763
187,175,12.881852434509105
187,176,10.189662567756386
187,177,11.085349422868347
187,178,9.142976164252302
187,179,11.717127202535178
187,180,10.959475871577045
187,181,9.983844150906444
187,182,8.437196808498038
187,183,6.217385581518428
187,184,5.525732170130589
187,185,5.338060852862182
187,186,3.823166146518357
187,188,3.7777085961745587
187,189,5.837867596410174
187,190,8.579818616432448
187,191,10.05535565001601
187,192,11.21007670772872
187,193,10.471236243966958
187,194,13.417286595384134
187,195,14.669580988454321
187,196,18.265411365272417
187,197,20.306277563491008
187,198,23.892021089807905
187,199,27.251559213896712
187,200,30.478591580920227
187,201,31.41670490974906
187,202,28.265837298526698
187,203,25.047883721042048
187,204,22.334621872823735
187,205,19.956979649892503
187,206,17.461465048753244
187,207,15.579304072378827
187,208,13.054635943184788
187,209,14.319070017029594
187,210,12.630166470096981
187,211,15.246715866785106
187,212,16.320643993252638
187,213,18.250483053294236
187,214,20.835278519117225
187,215,19.97751145807217
187,216,20.29244288801643
187,217,20.20382868287394
187,218,18.44117211255711
187,219,15.552001806758243
187,220,15.39103803968139
187,221,12.634711226355353
187,222,13.99837302115233
187,223,14.094218510534752
187,224,16.77510511906554
187,225,18.871654042035306
187,226,20.839525153387815
187,227,23.452885295967747
187,228,25.27185567341066
187,229,28.67666434100474
187,230,29.548805472288226
187,231,33.31628890012336
187,232,35.11471139555221
187,233,34.94727715466289
187,234,31.859095767069107
187,235,28.411572753656216
187,236,24.87282493555285
187,237,22.55674029030296
187,238,18.792190862120503
187,239,17.096486802776123
187,240,13.537478585042185
187,241,11.405194275908897
187,242,8.319706024412838
187,243,8.178668281714385
187,244,10.808821640253855
187,245,12.190369126631257
187,246,14.672816188843825
187,247,18.229150472368282
187,248,19.820833539685637
187,249,23.221854121403165
187,250,25.81435467791396
187,251,28.16388462031439
187,252,31.875069721968714
187,253,33.634145652619196
187,254,37.246501103579185
187,255,39.94953114331605
187,256,42.32376341190989
187,257,43.47363543512237
187,258,40.30620159524528
187,259,39.237940626545615
187,260,37.65105513303906
187,261,39.36256468491815
187,262,38.54202303999919
187,263,41.02562077492671
187,264,41.56394590167319
187,265,44.65627043027416
187,266,44.92267609708932
187,267,45.50711482250184
187,268,48.95469432847282
187,269,50.86967536914332
187,270,53.076153634554025
187,271,53.60794598592373
187,272,53.172166307366815
187,273,52.36944567131827
187,274,51.16940011434003
187,275,48.128144267486384
187,276,47.492235004584934
187,277,45.00189377504957
187,278,48.10969058951674
187,279,48.639786782800016
187,280,50.81772990460856
187,281,54.06791372799509
187,282,57.08166670296451
187,283,58.0600663442758
187,284,61.85486607473165
187,285,62.026594168508545
187,286,61.18212856522722
187,287,59.391414170664575
187,288,56.89629563353177
187,289,55.887389788589026
187,290,53.10421603056205
187,291,49.93067580069739
187,292,49.10994587853838
187,293,45.994499906216795
187,294,47.34349875239654
187,295,46.551637490082726
187,296,49.158274933249785
187,297,52.88501254971329
187,298,53.50254466937947
187,299,56.2590222903921
187,300,55.67806996137583
187,301,54.37764917422843
187,302,57.00594490404772
187,303,57.47099265918202
187,304,60.84002977042616
187,305,60.99607271509831
187,306,64.31896691869669
187,307,66.37583075931127
187,308,69.67010319998913
187,309,71.18850960556483
187,310,74.92592505172975
187,311,76.17661484366963
187,312,79.86360506520052
187,313,82.68166636470993
187,314,83.6242339473076
187,315,84.62358318784132
187,316,88.11644771776021
187,317,89.39619711000122
187,318,93.01478027605407
188,1,117.74974188315817
188,2,118.4853629389287
188,3,114.9201870292024
188,4,111.30164406923107
188,5,107.96976102824675
188,6,104.63362793182914
188,7,101.4910150186872
188,8,98.02726858694088
188,9,94.97663206882397
188,10,91.33931015108642
188,11,89.59559107672922
188,12,88.01549354493993
188,13,85.97363809413405
188,14,86.34963325129276
188,15,82.79434912777968
188,16,80.85548373414501
188,17,77.49671356006249
188,18,76.54350416782714
188,19,74.79219502351025
188,20,74.06606377236083
188,21,75.37396324234118
188,22,75.35341658732132
188,23,78.17385781123969
188,24,78.10613104836527
188,25,75.48846268834782
188,26,77.23751763881056
188,27,79.70914596559668
188,28,80.90410302696327
188,29,80.58181487582766
188,30,81.44258883418685
188,31,77.91787932463353
188,32,74.35370650247788
188,33,70.92612218480869
188,34,67.5208134192189
188,35,65.10379474687709
188,36,62.021910772681295
188,37,59.908328152140015
188,38,58.970551073649325
188,39,58.1752333153912
188,40,55.60240911147658
188,41,55.38626075320317
188,42,52.01365589944534
188,43,50.49415655559924
188,44,48.51397741403114
188,45,50.308517419038914
188,46,48.20972532352885
188,47,50.4729216492835
188,48,50.67325640398974
188,49,47.099593406437315
188,50,44.14569876980846
188,51,42.655377313177155
188,52,39.22978797337913
188,53,38.94548232310783
188,54,35.45604580234448
188,55,36.501548485782806
188,56,33.45147299812459
188,57,31.166508754264
188,58,30.62168977251754
188,59,30.368634310171426
188,60,26.792483641293146
188,61,25.843804429734693
188,62,27.62093441425912
188,63,25.989255528388696
188,64,22.41508200459136
188,65,23.562453114686704
188,66,23.749307112418204
188,67,24.975963154679786
188,68,28.39258600159411
188,69,28.794302806624035
188,70,28.35912233280867
188,71,32.14042096738011
188,72,31.85050539916292
188,73,30.004723526348517
188,74,31.966602020851017
188,75,34.518573884916265
188,76,36.89492502515723
188,77,39.153663939358616
188,78,41.758042197297335
188,79,40.979656268116564
188,80,37.88216006580122
188,81,38.868739645415246
188,82,36.386312173218506
188,83,37.57973807877212
188,84,37.29648367702432
188,85,36.20182158008013
188,86,32.94851463282896
188,87,29.684248498351433
188,88,25.968849425373797
188,89,24.58827843836178
188,90,20.98916057034767
188,91,17.794507400344738
188,92,18.944968812905735
188,93,18.78297855145687
188,94,20.472192509100925
188,95,22.14670331640363
188,96,23.404641540541764
188,97,26.906240561065953
188,98,27.03049473887893
188,99,30.772327936954678
188,100,30.53367095707927
188,101,28.120574087527288
188,102,30.35933874752122
188,103,33.401939938292415
188,104,32.49353063539844
188,105,31.28143713468805
188,106,34.41770647365918
188,107,36.58227432759632
188,108,35.24615763241271
188,109,36.38897507095792
188,110,34.133906171586254
188,111,30.798661142584326
188,112,31.26651063889397
188,113,27.921429631287115
188,114,27.64904314916454
188,115,24.77036522414766
188,116,23.773453766092263
188,117,22.42903190616358
188,118,18.968696567305415
188,119,17.58579757467759
188,120,13.812502711377372
188,121,13.913635322303593
188,122,11.47946614762869
188,123,9.203593624190464
188,124,10.288133297183009
188,125,12.30453703978546
188,126,14.189596877226494
188,127,12.007748281314251
188,128,14.525282572402505
188,129,15.740559383702658
188,130,19.013375515141007
188,131,19.760942699650176
188,132,20.125756540760776
188,133,22.220862338470955
188,134,23.790130579465362
188,135,26.58743429587805
188,136,26.396848753701512
188,137,22.711797889372434
188,138,19.50244101417126
188,139,18.82527780400458
188,140,17.53600561086002
188,141,19.151210377122844
188,142,21.110733200317835
188,143,20.665748150601548
188,144,16.91284858722965
188,145,14.175386188986415
188,146,10.913018927356768
188,147,8.434000967929308
188,148,5.608028469584852
188,149,5.4065819613526225
188,150,9.102320170207172
188,151,10.947892910547369
188,152,9.184407306500399
188,153,7.694315937016456
188,154,5.750037583488327
188,155,8.94647303023743
188,156,10.479299842457783
188,157,11.872747956527252
188,158,15.538824070739468
188,159,17.69640254925682
188,160,21.138384691804823
188,161,23.078833150197465
188,162,26.68105398733059
188,163,29.17662122251312
188,164,32.325753884966005
188,165,33.96097704964055
188,166,36.65450917751883
188,167,34.82392747568707
188,168,31.985712733851614
188,169,28.563849541607475
188,170,26.5436435793863
188,171,22.75112895376371
188,172,20.74796648381221
188,173,17.018598390442182
188,174,14.718183231269737
188,175,11.945365892333777
188,176,10.134207501224223
188,177,11.1619287887363
188,178,10.092726175966494
188,179,13.034297801650697
188,180,12.185675062625707
188,181,10.372770136724638
188,182,9.906295246819871
188,183,8.430327303978023
188,184,5.8838795872854055
188,185,5.254312465792161
188,186,6.118944485968651
188,187,3.7777085961745587
188,189,3.8049781343533318
188,190,5.517800787245532
188,191,7.888542737851528
188,192,8.586527579189095
188,193,7.448980016755651
188,194,10.39165794570833
188,195,11.99528172905394
188,196,15.429010098360125
188,197,17.81278088799148
188,198,21.223035215372516
188,199,24.66203489241367
188,200,27.682520935865867
188,201,28.767930398733018
188,202,25.69679053419776
188,203,22.33783953437337
188,204,19.903517581005204
188,205,17.28861602340711
188,206,15.183728498448069
188,207,13.268345462522495
188,208,11.508318187708507
188,209,13.462980217376405
188,210,12.405810433168757
188,211,15.640865401625168
188,212,17.49481983293315
188,213,19.452432766168513
188,214,22.451677846768685
188,215,22.120238155694295
188,216,22.428784459892945
188,217,22.773992728029917
188,218,21.28700397571267
188,219,18.075698580451533
188,220,17.370797814846267
188,221,14.246945274463119
188,222,14.995513365494746
188,223,14.531155885820267
188,224,16.475216972866985
188,225,18.444969653530748
188,226,19.788634626944674
188,227,22.263969281572386
188,228,23.65075517370444
188,229,27.05434784487269
188,230,27.665236912460834
188,231,31.381789968082213
188,232,33.165648437009914
188,233,32.69729284367281
188,234,29.494879277994567
188,235,26.02184110706507
188,236,22.599271951242464
188,237,19.922753210891717
188,238,16.228320395305794
188,239,14.03608775565398
188,240,10.375691513812264
188,241,7.795971899089472
188,242,5.146497772792097
188,243,6.507186401837887
188,244,9.19764505476813
188,245,11.646679873524759
188,246,13.735243007876159
188,247,17.505407734503752
188,248,19.4325143676664
188,249,22.524329679688417
188,250,25.00214362811662
188,251,27.62030536939166
188,252,31.228183419998153
188,253,32.83532386909747
188,254,36.529896832115966
188,255,39.1935872844534
188,256,41.81444929355524
188,257,43.211202621586246
188,258,40.24082239828025
188,259,39.28094962797242
188,260,37.98474941526812
188,261,39.924332007750884
188,262,39.366216238866414
188,263,42.09472967253506
188,264,42.951604142956064
188,265,46.011794887646346
188,266,46.42286859878477
188,267,46.86008001415462
188,268,50.328004946778165
188,269,52.15843216387248
188,270,54.17179427271051
188,271,54.447194928186434
188,272,53.86885760273362
188,273,52.80870703096419
188,274,51.6330140111752
188,275,48.740358983296126
188,276,48.160150458386404
188,277,45.86270233946334
188,278,49.127286172237916
188,279,49.65999478887103
188,280,51.68087948106194
188,281,54.819916240378255
188,282,57.72611909164912
188,283,58.465739632177396
188,284,62.27567723247725
188,285,62.380132353274114
188,286,61.32410594175745
188,287,59.60826969548864
188,288,57.291042859090645
188,289,56.40109661875709
188,290,53.78158403026803
188,291,50.47176001053215
188,292,49.376130147762495
188,293,46.31186565917009
188,294,47.641689300488736
188,295,46.784356945275746
188,296,49.317396233925614
188,297,52.99284387951139
188,298,53.706437109878294
188,299,56.439462992839225
188,300,55.70907847141567
188,301,54.53019454972741
188,302,57.161029276416606
188,303,57.74488640195566
188,304,61.20498544654866
188,305,61.58098370825387
188,306,64.86111416148259
188,307,66.74633862721
188,308,70.08499347124314
188,309,71.47223706993304
188,310,75.23528266111649
188,311,76.52279353416883
188,312,80.22737816248552
188,313,82.98474012031929
188,314,83.96839810559639
188,315,85.12911576078592
188,316,88.63146491318912
188,317,90.06076304422699
188,318,93.72391777226511
189,1,121.31499983272354
189,2,122.03952870674269
189,3,118.460256214526
189,4,114.85084749569948
189,5,111.49659050325307
189,6,108.17656055244778
189,7,105.00791983997172
189,8,101.54832610192754
189,9,98.48541187115696
189,10,94.85834572681837
189,11,93.1264748475555
189,12,91.50324592034171
189,13,89.45637094116785
189,14,89.78271825002045
189,15,86.20056625412481
189,16,84.27198218836692
189,17,80.88816571657112
189,18,79.86680086488109
189,19,78.12192617839615
189,20,77.32997726935228
189,21,78.62484936671567
189,22,78.52680529370956
189,23,81.29936170380083
189,24,81.26115822732758
189,25,78.63323746463077
189,26,80.45073858072814
189,27,82.99002627936709
189,28,84.24265079299042
189,29,83.99636577178656
189,30,84.91882626516662
189,31,81.4208806709536
189,32,77.84627603146397
189,33,74.45148508281348
189,34,71.01362665916216
189,35,68.59645996417736
189,36,65.48072144773091
189,37,63.4187377052936
189,38,62.414303480702635
189,39,61.66086557662818
189,40,59.14169203103522
189,41,58.951932214101916
189,42,55.537428585075105
189,43,54.09680009745411
189,44,52.18106314538324
189,45,54.0321012849777
189,46,51.96937598190868
189,47,54.25833932409836
189,48,54.46708648262659
189,49,50.88608727492472
189,50,47.943546375259366
189,51,46.42586100028097
189,52,42.9943682430982
189,53,42.64336471722566
189,54,39.12082810446118
189,55,40.064812827978336
189,56,36.929408215628904
189,57,34.75584966022618
189,58,34.22754446753176
189,59,34.07092528488003
189,60,30.466999034219473
189,61,29.51338359395687
189,62,31.37475195491571
189,63,29.778566009386584
189,64,26.19694649547983
189,65,27.308100721819457
189,66,27.3685346506367
189,67,28.47832502980361
189,68,31.870377978641486
189,69,32.43695623733635
189,70,32.00853376980946
189,71,35.803746239618526
189,72,35.604832982118566
189,73,33.764354261198314
189,74,35.73466359574757
189,75,38.314010099145925
189,76,40.69712564735533
189,77,42.95093116931062
189,78,45.53215643301247
189,79,44.72360220038695
189,80,41.613407345894025
189,81,42.53290365889927
189,82,39.968179037979034
189,83,41.05752903933365
189,84,40.61026123124318
189,85,39.481291208754875
189,86,36.33180436539139
189,87,32.97087041174322
189,88,29.2996279620446
189,89,27.813910054341648
189,90,24.316897665249677
189,91,21.060233037127844
189,92,22.030500287651428
189,93,22.047674110441232
189,94,23.612917533931363
189,95,25.408468448870174
189,96,26.40808602750062
189,97,29.987956945299402
189,98,30.321281713239728
189,99,34.07502053660459
189,100,33.85526005188553
189,101,31.60492920015841
189,102,33.915701824996745
189,103,36.91886883118304
189,104,36.04224158765787
189,105,34.95695731719904
189,106,38.104288924717885
189,107,40.225905171981985
189,108,38.92800830807583
189,109,40.14460049910118
189,110,37.9126819593695
189,111,34.591526312775
189,112,35.00987806528437
189,113,31.623837102665984
189,114,31.20844503896764
189,115,28.235840129735458
189,116,27.027825366995373
189,117,25.389804216757906
189,118,21.918166041571116
189,119,20.09837283666326
189,120,16.294894778742957
189,121,15.599308673189448
189,122,12.638160981662722
189,123,11.251064343163721
189,124,12.662231090331932
189,125,15.314850648064171
189,126,17.434804524642875
189,127,15.229549813938492
189,128,17.61928409352731
189,129,18.59631972343996
189,130,21.577492659414307
189,131,22.567208019039867
189,132,23.28602169951613
189,133,25.220178528333744
189,134,26.947551865687675
189,135,29.528515915105835
189,136,28.993169117305865
189,137,25.26381640592869
189,138,22.261046900500553
189,139,22.00406560486927
189,140,21.0318978678265
189,141,22.84896258331234
189,142,24.802273987484636
189,143,24.434899274551906
189,144,20.697888775838873
189,145,17.85935627243519
189,146,14.616473724938121
189,147,11.937278475027442
189,148,8.734624580051733
189,149,6.954022052351782
189,150,9.947605445375885
189,151,10.479715473943566
189,152,7.580175860934577
189,153,6.563079613950028
189,154,6.359674275154074
189,155,9.405321807936229
189,156,11.420024968758026
189,157,13.732282334338331
189,158,17.393235952877962
189,159,20.007111596470406
189,160,23.58283038669284
189,161,25.87990365950569
189,162,29.425210199767413
189,163,32.14566355271011
189,164,35.214151382050765
189,165,37.07779841203414
189,166,39.82504057335441
189,167,38.14572399983383
189,168,35.32795360909536
189,169,31.98442442209615
189,170,30.07265941523249
189,171,26.28991511528334
189,172,24.40651726573615
189,173,20.648834615039483
189,174,18.293157065721577
189,175,15.293656201913317
189,176,13.418334654896746
189,177,13.69944953858272
189,178,12.03647636638276
189,179,14.2301739044206
189,180,12.361834167039538
189,181,9.626219939732499
189,182,8.908207312055422
189,183,8.98289570349242
189,184,6.592239246353363
189,185,3.7564508178153875
189,186,5.66110008696494
189,187,5.837867596410174
189,188,3.8049781343533318
189,190,3.793724166521923
189,191,6.28349320206343
189,192,8.50783202391794
189,193,8.80546727406713
189,194,12.198868366731292
189,195,14.548480759770353
189,196,17.784009067960387
189,197,20.548088223579214
189,198,23.736474040078523
189,199,27.224646325199675
189,200,29.982935456366597
189,201,31.183884930771963
189,202,28.165767768383166
189,203,24.647308883437887
189,204,22.40815041309732
189,205,19.427695036480944
189,206,17.432041228597104
189,207,14.96900871632751
189,208,13.505685863623611
189,209,14.989163992303023
189,210,13.391817650161894
189,211,16.652506227073577
189,212,18.55888442910715
189,213,21.07612371285265
189,214,24.20937093523329
189,215,24.057557713602534
189,216,24.858246790829963
189,217,25.297926023729392
189,218,23.38381278886366
189,219,20.246239702248864
189,220,19.25823970302831
189,221,16.549116478353085
189,222,17.821020345371597
189,223,17.8131697407747
189,224,19.69692271246738
189,225,21.911489627996296
189,226,23.15398827264474
189,227,25.684544463975655
189,228,26.914346941376166
189,229,30.31917403745057
189,230,30.77812095851941
189,231,34.43478595494886
189,232,36.15992122329919
189,233,35.42741259112425
189,234,32.188531343837404
189,235,28.68522601121784
189,236,25.430052350917723
189,237,22.450418705130197
189,238,18.917504431771352
189,239,16.226540139770883
189,240,12.608158361718978
189,241,9.253644176105485
189,242,7.791890348192872
189,243,9.865096264086198
189,244,12.718185588178711
189,245,15.405424717211103
189,246,17.36511838046404
189,247,21.146997335528514
189,248,23.007307403092263
189,249,26.059393636380005
189,250,28.579018294525987
189,251,31.295118880457284
189,252,34.86434742392878
189,253,36.4402970436855
189,254,40.15167199115988
189,255,42.786172611481675
189,256,45.46827041864312
189,257,46.89731532359296
189,258,43.958758530960814
189,259,42.95281241856432
189,260,41.63615008944984
189,261,43.513956469237606
189,262,42.86655514125276
189,263,45.59575633515652
189,264,46.40338574217368
189,265,49.533547567674546
189,266,49.990767018211315
189,267,50.51777372997277
189,268,54.003254066457615
189,269,55.87930250739829
189,270,57.91395622002946
189,271,58.21407787199743
189,272,57.60987928750907
189,273,56.54335070683065
189,274,55.312543540646544
189,275,52.396704920018365
189,276,51.7288959491193
189,277,49.37621631921799
189,278,52.61256043289777
189,279,53.24461646303939
189,280,55.327986313930445
189,281,58.44640583665976
189,282,61.38819372453963
189,283,62.11836414360695
189,284,65.92881078526405
189,285,65.96395984620355
189,286,64.86262055733884
189,287,63.08381899969
189,288,60.75752460867473
189,289,59.78295071990461
189,290,57.20378956206115
189,291,53.87350926981576
189,292,52.747198458669665
189,293,49.76118759367972
189,294,51.195066010198445
189,295,50.42165393338482
189,296,52.99797143178947
189,297,56.65972299916282
189,298,57.318645529346924
189,299,59.99247590989906
189,300,59.17244615121603
189,301,57.923422979024714
189,302,60.46914955570224
189,303,60.95799372170625
189,304,64.45209446608357
189,305,64.87570431701221
189,306,68.20353132033918
189,307,70.11210033756045
189,308,73.49306044999167
189,309,74.9256961103384
189,310,78.69660122353258
189,311,80.05307655454749
189,312,83.7428224823597
189,313,86.45579960658594
189,314,87.37625916519458
189,315,88.54181289958748
189,316,92.01514477463874
189,317,93.45004619298392
189,318,97.11920304715044
190,1,120.75480616268655
190,2,121.37419153553924
190,3,117.75662934831728
190,4,114.1870440673819
190,5,110.80341480511241
190,6,107.47897423645257
190,7,104.29145343328899
190,8,100.80152889652561
190,9,97.77718027019394
190,10,94.19440427032774
190,11,92.58642415962122
190,12,90.98100025180854
190,13,89.04695039662438
190,14,89.42632907492693
190,15,85.81835968350568
190,16,83.7712579220437
190,17,80.3158393403092
190,18,79.13989033784235
190,19,77.27226368027871
190,20,76.30544756552808
190,21,77.4595628568875
190,22,77.18722317458321
190,23,79.95764558304134
190,24,80.0716426310835
190,25,77.53358986690972
190,26,79.49919550697535
190,27,82.07520022430732
190,28,83.48245158583138
190,29,83.28003981103618
190,30,84.35006956261228
190,31,80.9019769803668
190,32,77.27286423906523
190,33,73.93486462426586
190,34,70.48040273734404
190,35,67.93896582275411
190,36,64.85836819352855
190,37,62.98399285677876
190,38,62.044661707819735
190,39,61.520904329216705
190,40,59.15288128509486
190,41,59.20325046842903
190,42,55.812970883907916
190,43,54.48588981082172
190,44,52.47853541697171
190,45,54.39061201014394
190,46,52.43229424288434
190,47,54.59317581554004
190,48,54.650581057005596
190,49,50.98707203711263
190,50,48.22961407132446
190,51,46.76015019957165
190,52,43.476675413876144
190,53,43.253585577895514
190,54,39.74145365145915
190,55,40.91211938091177
190,56,37.84730839111608
190,57,35.463060900494035
190,58,34.533973321167245
190,59,34.196588099591885
190,60,30.48181770898266
190,61,29.982331407681077
190,62,31.97389830917117
190,63,30.068777565263467
190,64,26.65748136321878
190,65,28.255846124484886
190,66,28.49322143343503
190,67,30.046181402768408
190,68,33.346340543200085
190,69,33.586098251429405
190,70,33.36257270721325
190,71,37.10796954218453
190,72,36.5331465624186
190,73,34.703054328897075
190,74,36.43173710164933
190,75,38.92616188938655
190,76,41.017889790663546
190,77,43.1269787189788
190,78,45.474160189116255
190,79,44.67684707410434
190,80,41.700906943205354
190,81,42.713818398950494
190,82,40.16405656707119
190,83,41.436367132919486
190,84,40.941866757747306
190,85,40.154262273441326
190,86,36.96546118978933
190,87,33.712680678633376
190,88,30.105277259436217
190,89,29.06525308981491
190,90,25.586724129443848
190,91,22.12369790493306
190,92,22.571107018994358
190,93,22.06153273090139
190,94,23.030545225720818
190,95,24.536265459254498
190,96,25.00441475407627
190,97,28.553949131026698
190,98,29.344913772547763
190,99,33.0281198676659
190,100,32.61926773500867
190,101,30.674817225014433
190,102,33.26494911970452
190,103,36.04596600005914
190,104,35.14172923573624
190,105,34.44742575735751
190,106,37.677478812864365
190,107,39.568505110080835
190,108,38.4160666307138
190,109,39.9509600249715
190,110,37.95960357382113
190,111,34.84816149757409
190,112,35.350865507067276
190,113,32.048759750009545
190,114,31.655478911522604
190,115,28.923293841801488
190,116,27.489303955460073
190,117,26.026200466422942
190,118,22.36156614786721
190,119,20.77151981494727
190,120,17.08711945492366
190,121,16.567694352819647
190,122,14.135576290622568
190,123,13.116374747684805
190,124,15.11960160699632
190,125,17.36365522647149
190,126,19.54980970931545
190,127,17.499767994239402
190,128,19.926763751884188
190,129,20.818611349954153
190,130,23.913719971153096
190,131,24.391821928160482
190,132,25.091067907427895
190,133,27.415453570811213
190,134,29.15354030733517
190,135,32.00005603674469
190,136,31.730472749100617
190,137,28.062494614377336
190,138,24.83341131497385
190,139,24.214254788540117
190,140,22.727069422713644
190,141,24.042542516059864
190,142,26.102096973519956
190,143,25.243926236712223
190,144,21.445425886932746
190,145,18.96699760629106
190,146,15.96704450566063
190,147,13.396790071556161
190,148,10.941935571078938
190,149,9.738516137796505
190,150,12.765893483157136
190,151,13.524235908236324
190,152,10.64911643984689
190,153,8.645986340347996
190,154,7.545319989803229
190,155,9.298261006814398
190,156,10.149819344312732
190,157,12.972660056642631
190,158,16.270803781451697
190,159,19.289447774758486
190,160,22.67638052665679
190,161,25.250702963141133
190,162,28.569631072046104
190,163,31.318708053363736
190,164,34.50127484827322
190,165,36.47895177466596
190,166,39.03819327725632
190,167,37.379055907968855
190,168,34.41891738275942
190,169,31.291118251758476
190,170,29.384193564359464
190,171,25.69331846059625
190,172,23.981633418539374
190,173,20.190354360742624
190,174,17.758138342164685
190,175,14.515940527011638
190,176,13.259707352026005
190,177,13.171855813787158
190,178,12.197575708145875
190,179,14.413716384764074
190,180,12.691297437143698
190,181,9.621787583438559
190,182,10.351238055987517
190,183,10.65081470883641
190,184,7.300570479869995
190,185,5.681905557669688
190,186,8.852962213570441
190,187,8.579818616432448
190,188,5.517800787245532
190,189,3.793724166521923
190,191,3.7620941612791694
190,192,5.369521639945832
190,193,6.196941706176084
190,194,9.598306319064063
190,195,12.581486430791948
190,196,15.59228207600173
190,197,18.776337147140744
190,198,21.747965755162014
190,199,25.34647500573602
190,200,27.855946180329866
190,201,28.91615719684083
190,202,25.863757182179427
190,203,22.20844406022851
190,204,20.09815614023854
190,205,16.8154319483122
190,206,15.007905509467397
190,207,12.291629636854145
190,208,11.554387380426864
190,209,13.244613825518103
190,210,12.216432374729182
190,211,15.791536263361575
190,212,18.33310199961189
190,213,20.81380319983396
190,214,24.267374482670018
190,215,24.67939603253899
190,216,25.573845141257454
190,217,26.526388411179262
190,218,24.836256753692684
190,219,21.40427149906024
190,220,19.843038213300506
190,221,16.990636867765982
190,222,17.852603703429597
190,223,17.67864279423794
190,224,18.905257167491694
190,225,21.207616765345566
190,226,22.02054099537393
190,227,24.591772310314326
190,228,25.60345392749612
190,229,29.05689813827582
190,230,29.514112379996696
190,231,33.09145839451534
190,232,34.99126337209224
190,233,34.11917165848441
190,234,30.710797167092423
190,235,27.362804689159184
190,236,24.203344439282887
190,237,21.018211502882746
190,238,17.648079469494377
190,239,14.543426768632601
190,240,10.968821484466247
190,241,7.443774504828399
190,242,6.802151778487689
190,243,9.39424509372395
190,244,12.330112326686567
190,245,15.586662284297377
190,246,17.498819349913063
190,247,21.293478023665138
190,248,23.611086719710393
190,249,26.295581276350568
190,250,28.46642888294495
190,251,31.182649088938494
190,252,34.63865674063569
190,253,35.88836978491553
190,254,39.58162499620764
190,255,42.022145766536056
190,256,44.83687869912617
190,257,46.34747881990613
190,258,43.56968541249683
190,259,42.4930632225518
190,260,41.32631507202573
190,261,43.262168244775104
190,262,42.72696851323702
190,263,45.66384727376581
190,264,46.73530749614989
190,265,49.9023721255724
190,266,50.60449630599345
190,267,51.13189824248077
190,268,54.678970370333666
190,269,56.593911753759166
190,270,58.41525307033905
190,271,58.504476213959045
190,272,57.67822983919359
190,273,56.395334873415884
190,274,55.06116411551044
190,275,52.23316949046677
190,276,51.47981839505216
190,277,49.23882028699918
190,278,52.569211730267234
190,279,53.33100377570958
190,280,55.353608645763174
190,281,58.32198276163171
190,282,61.22028233558243
190,283,61.744895388072194
190,284,65.55363394291903
190,285,65.42741099729608
190,286,64.12087047774098
190,287,62.318522599552765
190,288,60.12065798886673
190,289,59.15504123787532
190,290,56.76268629049081
190,291,53.31557268184802
190,292,51.95304189987859
190,293,49.103391161244275
190,294,50.64151011509925
190,295,49.957116993536815
190,296,52.55919854098867
190,297,56.1459421226233
190,298,56.75784110081984
190,299,59.314718266323396
190,300,58.28456973209851
190,301,57.04380432417728
190,302,59.49730162953558
190,303,59.99078695954941
190,304,63.56821959214898
190,305,64.20663602684728
190,306,67.52970263041203
190,307,69.3181803532638
190,308,72.76519596397452
190,309,74.14434678948598
190,310,77.93312292988799
190,311,79.3972825598275
190,312,83.07266427464073
190,313,85.68179031772068
190,314,86.56126230588836
190,315,87.85475426431209
190,316,91.30016038041386
190,317,92.86200924777549
190,318,96.56923016750056
191,1,120.47308094159033
191,2,121.09714703463642
191,3,117.45492107806815
191,4,113.90210728283407
191,5,110.46306036590691
191,6,107.19951675405304
191,7,103.9405621116209
191,8,100.48581423281533
191,9,97.40894914202386
191,10,93.84641583933318
191,11,92.23591321906429
191,12,90.50984079187992
191,13,88.55204348013694
191,14,88.81187424107989
191,15,85.1521370656876
191,16,83.13840531607265
191,17,79.64322095856072
191,18,78.3474553464791
191,19,76.53278624846237
191,20,75.48574493874594
191,21,76.67866667976858
191,22,76.3339790351044
191,23,78.9847348792367
191,24,79.07745257081109
191,25,76.48707191073997
191,26,78.53372912776408
191,27,81.2339049804436
191,28,82.7199064652996
191,29,82.6856238953922
191,30,83.87272443331412
191,31,80.4939736160119
191,32,76.8592218418552
191,33,73.6090168307387
191,34,70.07897549154734
191,35,67.58442467229266
191,36,64.410553412107
191,37,62.63892984891034
191,38,61.531527120211194
191,39,61.1124197586212
191,40,58.90190493968784
191,41,59.077748960952725
191,42,55.60753816897265
191,43,54.526172957271804
191,44,52.683701541519035
191,45,54.818072626326604
191,46,53.08907072227164
191,47,55.358292213366475
191,48,55.484102355858916
191,49,51.77793688301007
191,50,49.14093289880696
191,51,47.44848707196278
191,52,44.20798888508718
191,53,43.75513403578396
191,54,40.15414205339382
191,55,41.17790590598651
191,56,37.983480773217224
191,57,35.741155955242704
191,58,34.68354859517434
191,59,34.62264485824618
191,60,30.85690710362819
191,61,30.42362152436474
191,62,32.784330918067624
191,63,31.033728360623144
191,64,27.62649880197218
191,65,29.374107396963623
191,66,29.250963701530473
191,67,30.997200947192184
191,68,34.06339163251931
191,69,34.421300217227156
191,70,34.59728516905663
191,71,38.32897553658137
191,72,37.693355428756675
191,73,36.18492754294638
191,74,38.052317670185346
191,75,40.27773762394177
191,76,42.263382315919436
191,77,44.10398922299425
191,78,46.29423627406458
191,79,45.22418451913053
191,80,42.179224375437656
191,81,42.93302662730912
191,82,40.16796418351916
191,83,41.24712076041586
191,84,40.42590579101332
191,85,39.74500474355414
191,86,36.74423581231701
191,87,33.414683569427815
191,88,29.963863421930863
191,89,29.07963369895177
191,90,25.842801412578908
191,91,22.189490937612277
191,92,22.071946194145433
191,93,21.68081855252423
191,94,22.39284314991313
191,95,24.18402013110583
191,96,24.393607230836462
191,97,28.055545755279653
191,98,28.987617468860453
191,99,32.671473423396534
191,100,32.5514930508539
191,101,30.931714914654624
191,102,33.436816280672424
191,103,36.23846101127092
191,104,35.68368543949296
191,105,35.18171891163993
191,106,38.24126078440487
191,107,40.21940878993842
191,108,39.409749557462135
191,109,40.95408070853155
191,110,39.22419635781135
191,111,36.20562658602689
191,112,37.062342329737135
191,113,33.953065009742396
191,114,33.906734287417756
191,115,31.390790299544967
191,116,30.189746548656707
191,117,29.034456293651473
191,118,25.347849252795555
191,119,24.070819534327004
191,120,20.41065472326135
191,121,20.179991501695422
191,122,17.8081854726968
191,123,16.49267207107485
191,124,18.104685983821142
191,125,20.106355007823154
191,126,21.829535297518504
191,127,19.344080433534973
191,128,21.239798621865095
191,129,21.494348257174646
191,130,24.283208033912555
191,131,24.43341537321746
191,132,25.614467887599456
191,133,28.173041026270127
191,134,30.298436482193793
191,135,33.17256203961099
191,136,32.75879302373842
191,137,29.2068035236618
191,138,25.889200956019398
191,139,25.481606931876673
191,140,23.933775844801083
191,141,25.250877577292293
191,142,27.719224120572044
191,143,26.94655361579856
191,144,23.12649036776898
191,145,21.05430840650867
191,146,17.852328216226354
191,147,15.875214783534798
191,148,13.469455080899404
191,149,12.772515866123152
191,150,16.031282313709163
191,151,16.684005805675728
191,152,13.569134050790355
191,153,12.141688553245597
191,154,11.214667851288967
191,155,12.981052292389
191,156,13.380291019567412
191,157,16.131789863665794
191,158,19.210313338146065
191,159,22.227933860726775
191,160,25.406717163046913
191,161,27.891807699562897
191,162,31.096186331367306
191,163,33.64742332011685
191,164,36.99049659616693
191,165,38.80787389269786
191,166,41.145402574378856
191,167,39.26982572708341
191,168,36.10973796914762
191,169,33.065507594914465
191,170,30.861256437143346
191,171,27.261399027007723
191,172,25.251343134432947
191,173,21.478804316782153
191,174,18.589231888383043
191,175,14.991667740925749
191,176,13.409279737316156
191,177,12.243091999893567
191,178,10.952379313895216
191,179,12.38514338576122
191,180,10.305719979268623
191,181,6.9596007652185365
191,182,8.797251066753983
191,183,9.7778757299816
191,184,6.519558317934646
191,185,5.814225535866763
191,186,9.612032398673326
191,187,10.05535565001601
191,188,7.888542737851528
191,189,6.28349320206343
191,190,3.7620941612791694
191,192,3.814584180867704
191,193,6.739336982821071
191,194,10.335391126416559
191,195,13.755279704639653
191,196,16.871534755789433
191,197,20.268196316292922
191,198,23.25779074890081
191,199,26.98010804266658
191,200,29.430239506464794
191,201,30.068603700270135
191,202,26.7966450228129
191,203,23.06631118948852
191,204,20.664104335526936
191,205,17.15708188366154
191,206,14.86488066007291
191,207,11.522144608451327
191,208,10.490874849053883
191,209,11.201488275838825
191,210,9.70558245716903
191,211,13.12559947022398
191,212,15.80678472420611
191,213,18.585191587110454
191,214,22.168650483353534
191,215,22.985958125164764
191,216,24.340457084495338
191,217,25.69460743617013
191,218,23.828440415112205
191,219,20.335272018439102
191,220,18.240315994590727
191,221,15.803922544978661
191,222,17.021458890952452
191,223,17.49602276677053
191,224,18.670271202448266
191,225,21.475090358802063
191,226,22.509232474569416
191,227,25.449550987627884
191,228,26.757730319650314
191,229,30.368554804358805
191,230,31.188133791638695
191,231,34.767657649660244
191,232,36.967982941756446
191,233,36.25912863680677
191,234,32.71337740890668
191,235,29.56675470564685
191,236,26.331515776529407
191,237,23.254755997870927
191,238,19.893957422060016
191,239,16.832016616766428
191,240,13.257846867155855
191,241,10.160491408271708
191,242,9.036748915186278
191,243,10.5966780604293
191,244,14.041453740727375
191,245,17.128415755398027
191,246,19.5483262540907
191,247,23.30063403219173
191,248,25.913266083666052
191,249,28.543168815136916
191,250,30.428068507944293
191,251,32.863245170225504
191,252,36.33674445635881
191,253,37.30585823344407
191,254,40.902744899898096
191,255,43.10757476361168
191,256,45.814813432953805
191,257,47.11266773617135
191,258,44.29545826633713
191,259,42.91546872680647
191,260,41.550223817245076
191,261,43.234226035751064
191,262,42.4596665866367
191,263,45.40267458705444
191,264,46.43845014378181
191,265,49.75396308597131
191,266,50.68132279338318
191,267,51.46190098643757
191,268,55.09704365360006
191,269,57.22207221742864
191,270,58.98399867972697
191,271,59.11086941199448
191,272,58.11375983568985
191,273,56.84789565370917
191,274,55.276720243184315
191,275,52.351825182105635
191,276,51.330618359071714
191,277,48.95682530707638
191,278,52.21194258979973
191,279,53.235645333062294
191,280,55.42271361506855
191,281,58.30548856803298
191,282,61.31686487549664
191,283,61.85659404440185
191,284,65.65125247056288
191,285,65.32700511987419
191,286,63.97815285808372
191,287,61.98679418036985
191,288,59.71958527014417
191,289,58.54512132353386
191,290,56.22905589804907
191,291,52.76959574406874
191,292,51.40824101456747
191,293,48.73091358562138
191,294,50.52690400100881
191,295,50.122606688422785
191,296,52.90996017403455
191,297,56.46087966572252
191,298,56.82768351193499
191,299,59.209283641955416
191,300,58.01382051161817
191,301,56.56268268963405
191,302,58.82829400435659
191,303,59.10338382471172
191,304,62.707894931269195
191,305,63.39312317937086
191,306,66.8048906008451
191,307,68.67176875841433
191,308,72.18888907194568
191,309,73.70548809265372
191,310,77.49637366792541
191,311,79.11815393426596
191,312,82.74238901333491
191,313,85.25635742913502
191,314,85.97563502643527
191,315,87.23667197295005
191,316,90.61207798896487
191,317,92.15909104916479
191,318,95.86819022537598
192,1,117.4425907359495
192,2,117.99512976948976
192,3,114.33732386552587
192,4,110.80777079683567
192,5,107.36810777063052
192,6,104.08619692349299
192,7,100.8382518686072
192,8,97.35619815612881
192,9,94.32265452522059
192,10,90.78671201402841
192,11,89.26353905658462
192,12,87.59213172052586
192,13,85.72769954934664
192,14,86.07309291943514
192,15,82.41941441886769
192,16,80.30543953618198
192,17,76.77805931781707
192,18,75.4208922406158
192,19,73.50267056311348
192,20,72.37279317867775
192,21,73.46231420505016
192,22,73.04324113735974
192,23,75.73641824074504
192,24,75.92765213997181
192,25,73.418864703763
192,26,75.52491409052634
192,27,78.1944373158802
192,28,79.75222083650496
192,29,79.68450793820537
192,30,80.93208752826722
192,31,77.57013857859734
192,32,73.90385643665081
192,33,70.67138141934154
192,34,67.16027956018581
192,35,64.56761120713561
192,36,61.45498628186733
192,37,59.79111243285694
192,38,58.79549749404167
192,39,58.52293029823284
192,40,56.389022764625246
192,41,56.72782034129092
192,42,53.321814056568904
192,43,52.26379361649901
192,44,50.301602053264666
192,45,52.424568831550545
192,46,50.74855236773788
192,47,52.88429956533176
192,48,52.882097857515156
192,49,49.133720495971886
192,50,46.64374952004135
192,51,45.026628126701844
192,52,41.926903823484786
192,53,41.63416673834716
192,54,38.095168964342484
192,55,39.36777898753226
192,56,36.32119319921051
192,57,33.84940355038263
192,58,32.46527221460902
192,59,32.18101450201948
192,60,28.381158296620505
192,61,28.34152555272649
192,62,30.71455717041648
192,63,28.708134257361667
192,64,25.506874347680963
192,65,27.643241149337857
192,66,27.75241948100914
192,67,29.882225418736315
192,68,32.85692572031461
192,69,32.84331781308142
192,70,33.157405973944044
192,71,36.79446691603311
192,72,35.81654920765413
192,73,34.321709524802735
192,74,35.96768283887303
192,75,38.09123766743472
192,76,39.82631828480901
192,77,41.54829632041083
192,78,43.55801745289012
192,79,42.53228384147332
192,80,39.625245618983264
192,81,40.50633688953623
192,82,37.83647227833741
192,83,39.13993198536563
192,84,38.41684728089174
192,85,38.03665761741127
192,86,34.945093849068954
192,87,31.805422091041695
192,88,28.411664567980456
192,89,27.96593140558539
192,90,24.728348892617834
192,91,21.039168463443207
192,92,20.60600026820385
192,93,19.624691369293128
192,94,19.850196444844425
192,95,21.264106162243838
192,96,21.152049329461082
192,97,24.728098218496118
192,98,25.923962717466313
192,99,29.524152842990617
192,100,29.22177052393313
192,101,27.763234459295305
192,102,30.44690801930675
192,103,33.070632510838706
192,104,32.47097852456524
192,105,32.21528272156202
192,106,35.31674988228251
192,107,37.12055030075483
192,108,36.4060467502195
192,109,38.1495619331553
192,110,36.60889050127115
192,111,33.779756296766706
192,112,34.722763466609685
192,113,31.745732623081068
192,114,31.807306509234085
192,115,29.576542572201017
192,116,28.35599589478021
192,117,27.533237813891024
192,118,23.796906667335083
192,119,22.975670791501884
192,120,19.53255804564743
192,121,19.841115706734517
192,122,18.1053500825024
192,123,16.658441334617176
192,124,18.438567537962353
192,125,19.837344645116385
192,126,21.44270739333834
192,127,19.19162860464507
192,128,21.128134641379802
192,129,21.47819544056522
192,130,24.467202044450513
192,131,24.11764785376583
192,132,25.015700549294984
192,133,27.89528276402562
192,134,29.872056461509597
192,135,33.021410754533285
192,136,33.017323356876794
192,137,29.56783019821776
192,138,26.040421781736136
192,139,25.13595141211602
192,140,23.07140096314498
192,141,23.84053272153542
192,142,26.327362135416603
192,143,25.138301625766395
192,144,21.369744435435898
192,145,19.731760185163917
192,146,16.872395419957897
192,147,15.220829796982285
192,148,13.664095744912414
192,149,13.763874456578131
192,150,17.195903035302713
192,151,18.5237887733265
192,152,15.866543567791041
192,153,13.766694040686312
192,154,11.817535692144142
192,155,12.934705019594597
192,156,12.294591120562893
192,157,14.680526305514245
192,158,17.338217869371142
192,159,20.276476619819007
192,160,23.134073582635573
192,161,25.54764947798529
192,162,28.559752406823282
192,163,30.943313451790836
192,164,34.39984102976359
192,165,36.130545228070304
192,166,38.26462887647605
192,167,36.311725135753136
192,168,33.04444624803539
192,169,30.152550915946453
192,170,27.895486573185842
192,171,24.4205664596211
192,172,22.503177309293246
192,173,18.80791211600348
192,174,15.932796478524134
192,175,12.330274618203369
192,176,11.485731012430998
192,177,10.404156056899597
192,178,10.333815068599522
192,179,12.303284717205088
192,180,11.303038246083243
192,181,8.81349743678928
192,182,11.31395725402937
192,183,11.276615094579132
192,184,7.6012706998389
192,185,8.4127990028518
192,186,11.918703919574186
192,187,11.21007670772872
192,188,8.586527579189095
192,189,8.50783202391794
192,190,5.369521639945832
192,191,3.814584180867704
192,193,3.790558053909154
192,194,6.95878482054979
192,195,10.550196188283417
192,196,13.559371473038464
192,197,17.05127576521673
192,198,19.978941060288864
192,199,23.740037102758457
192,200,26.160992531221275
192,201,26.566148047226186
192,202,23.212528156347894
192,203,19.478941242020053
192,204,17.00373576211884
192,205,13.44534468011925
192,206,11.14104266738766
192,207,7.768399116647343
192,208,7.329129426508138
192,209,8.73064689976181
192,210,8.52060645235083
192,211,12.195885530646747
192,212,15.385959875662186
192,213,17.60029762660292
192,214,21.31192093809964
192,215,22.43757325148222
192,216,23.46650372420732
192,217,25.128853356104
192,218,23.76976023839216
192,219,20.070131847087815
192,220,17.779994367154124
192,221,14.971202140778615
192,222,15.394447068593776
192,223,15.394208300832775
192,224,15.922711247477292
192,225,18.621812349912602
192,226,19.314349450836783
192,227,22.24279177841655
192,228,23.469805032733493
192,229,27.09844255052946
192,230,28.032455593858433
192,231,31.561794098997385
192,232,33.93733912569968
192,233,33.31466374520901
192,234,29.682647000978506
192,235,26.721693646646905
192,236,23.485769724430913
192,237,20.509837998732703
192,238,17.254729354139474
192,239,14.281328606444553
192,240,10.8874898160418
192,241,8.525935138943892
192,242,7.505431979779774
192,243,8.723129444833068
192,244,11.908448183156091
192,245,15.161203398285894
192,246,17.525739468163113
192,247,21.135752891685122
192,248,24.090137851057793
192,249,26.388757274385025
192,250,27.925557499879798
192,251,30.256264519677767
192,252,33.622571169806655
192,253,34.337437287789875
192,254,37.88182803112536
192,255,39.93867246309523
192,256,42.69920012971106
192,257,44.03903668363897
192,258,41.34343630866548
192,259,39.95154421043899
192,260,38.736458909053255
192,261,40.51261884994254
192,262,39.90724323719599
192,263,43.00732553366323
192,264,44.28923713950002
192,265,47.56208891806045
192,266,48.63472180188012
192,267,49.33533356563075
192,268,52.985054714927784
192,269,55.087744893250736
192,270,56.66561571738431
192,271,56.60843525067848
192,272,55.46738103123874
192,273,54.038354650192055
192,274,52.43953147355095
192,275,49.614700762933715
192,276,48.60276478717119
192,277,46.372858394217154
192,278,49.71820925712232
192,279,50.75756209958626
192,280,52.83608405819292
192,281,55.610771768004426
192,282,58.549033856804144
192,283,58.93117056077411
192,284,62.71787222098954
192,285,62.327743378608645
192,286,60.8533711932574
192,287,58.90128861180335
192,288,56.749697687843195
192,289,55.6573391273318
192,290,53.46116121683869
192,291,49.92853797163741
192,292,48.398703732524375
192,293,45.772474735884096
192,294,47.56343190175846
192,295,47.160993518550086
192,296,49.92300888507543
192,297,53.41590897545666
192,298,53.794266830056394
192,299,56.12922166934687
192,300,54.84002290994972
192,301,53.458675197997195
192,302,55.7207316652523
192,303,56.08218356788696
192,304,59.72536186889176
192,305,60.54385001912689
192,306,63.908444463394325
192,307,65.65683229972011
192,308,69.1883235912768
192,309,70.62008196094298
192,310,74.41671507946879
192,311,76.0608382094396
192,312,79.68554959585579
192,313,82.15650875393288
192,314,82.90096063241727
192,315,84.25904196132889
192,316,87.63779704078264
192,317,89.2788257109137
192,318,93.01094840646809
193,1,115.15832078642114
193,2,115.69773124078124
193,3,112.05863790634386
193,4,108.51775558146807
193,5,105.12426219653712
193,6,101.78942502639212
193,7,98.60252223335898
193,8,95.0879437193238
193,9,92.103636106619
193,10,88.55406085878653
193,11,87.04641756817459
193,12,85.48780232736752
193,13,83.6628939287088
193,14,84.13158213063035
193,15,80.52597756043451
193,16,78.36068184142391
193,17,74.86329499825833
193,18,73.60447303195646
193,19,71.62264020860049
193,20,70.55938931994177
193,21,71.60624096805846
193,22,71.25789963668245
193,23,74.06676283205991
193,24,74.2792858400701
193,25,71.82822653011142
193,26,73.85978797548151
193,27,76.4064225188272
193,28,77.90017231567009
193,29,77.6753641681493
193,30,78.82981952615727
193,31,75.41160909933315
193,32,71.74484802481655
193,33,68.44084539575297
193,34,64.99853750933707
193,35,62.34832710220139
193,36,59.327813609011784
193,37,57.59693443487727
193,38,56.77445844661792
193,39,56.450574530688016
193,40,54.20667273544428
193,41,54.49527185218655
193,42,51.17940957427091
193,43,49.929697054692106
193,44,47.79388343014648
193,45,49.74257278803606
193,46,47.91608489361166
193,47,49.93017119754218
193,48,49.841004373852805
193,49,46.10666997318831
193,50,43.57645890024701
193,51,42.139682594950806
193,52,39.05862778799001
193,53,38.99870813820508
193,54,35.55387678820683
193,55,37.04967945213656
193,56,34.17851601514199
193,57,31.49015064500007
193,58,30.068708445484244
193,59,29.47506257356543
193,60,25.700208465759676
193,61,25.771859690156713
193,62,27.870686629145013
193,63,25.641650446604277
193,64,22.5216518939343
193,65,24.744701286099257
193,66,25.23221443370317
193,67,27.43044124697791
193,68,30.512296369766297
193,69,30.217253791785417
193,70,30.327949466462762
193,71,33.922253021990116
193,72,32.81891957372708
193,73,31.123739925245903
193,74,32.59266584947997
193,75,34.839040069843925
193,76,36.5516215456394
193,77,38.41219264154856
193,78,40.479381301710575
193,79,39.65992614193306
193,80,36.844859378316215
193,81,37.971567657313656
193,82,35.51203802019842
193,83,37.06369231672092
193,84,36.664261257660435
193,85,36.32147326863427
193,86,33.03543885613249
193,87,30.05818956572703
193,88,26.57168306531245
193,89,26.22823337666714
193,90,22.81527601060235
193,91,19.28655785757494
193,92,19.175115116533593
193,93,17.804523764812668
193,94,18.079008382670345
193,95,19.08375524026797
193,96,19.178884779213064
193,97,22.627458214437254
193,98,23.710421559762803
193,99,27.294734728877124
193,100,26.71448414172173
193,101,24.988901103420968
193,102,27.778583180105528
193,103,30.359492709518175
193,104,29.48404021855721
193,105,29.121572866299935
193,106,32.36278863601412
193,107,34.076855163462106
193,108,33.14331481947977
193,109,34.921879078570505
193,110,33.26124421629726
193,111,30.42818024101452
193,112,31.200997668937646
193,113,28.165393511172123
193,114,28.116210366460386
193,115,25.911646967118564
193,116,24.630482130253498
193,117,23.897560239282296
193,118,20.162684557227937
193,119,19.56674302716484
193,120,16.268699344060526
193,121,16.995059160426585
193,122,15.766052642878098
193,123,14.1721653353373
193,124,16.073523893945477
193,125,17.03909958178976
193,126,18.72163243897677
193,127,16.894699977916133
193,128,19.137606092075284
193,129,19.9654553371801
193,130,23.26534640915988
193,131,22.848062691953864
193,132,23.201681931102627
193,133,26.093250752444753
193,134,27.702912630750795
193,135,30.992580293073342
193,136,31.348437862118672
193,137,27.91786345475418
193,138,24.335048846574413
193,139,22.97162448828654
193,140,20.628580387374864
193,141,21.06079933861737
193,142,23.291058945761733
193,143,21.827697910148355
193,144,18.09555372741319
193,145,16.491735115582244
193,146,13.991054566719606
193,147,12.327491235102782
193,148,11.509924964063519
193,149,12.18521991186683
193,150,15.569466985390822
193,151,17.535400659603795
193,152,15.526811981685073
193,153,12.935599194048168
193,154,10.115882261197928
193,155,10.88192631791608
193,156,9.7364711213815
193,157,11.48108292440658
193,158,14.06254240353747
193,159,16.755513507906148
193,160,19.551937595030967
193,161,21.832354740919303
193,162,24.88967377816726
193,163,27.237766184627105
193,164,30.69628176094816
193,165,32.39140467232594
193,166,34.57955284043908
193,167,32.65246001857062
193,168,29.445058387173805
193,169,26.493525324531504
193,170,24.338710661590948
193,171,20.812582229087152
193,172,19.06071404386091
193,173,15.346874356516546
193,174,12.773821728464222
193,175,9.440741557285497
193,176,9.334702094660303
193,177,9.458700202044392
193,178,10.346537556980843
193,179,13.23600862976786
193,180,13.081178313019164
193,181,11.219963437071753
193,182,13.155682049488641
193,183,12.094043745165065
193,184,8.36318524007681
193,185,9.536411539104943
193,186,12.344001900219345
193,187,10.471236243966958
193,188,7.448980016755651
193,189,8.80546727406713
193,190,6.196941706176084
193,191,6.739336982821071
193,192,3.790558053909154
193,194,3.7898685367826515
193,195,7.019515989253964
193,196,10.271288169287656
193,197,13.574681270029403
193,198,16.685368812409767
193,199,20.42507386343835
193,200,23.06654348208593
193,201,23.62044721597941
193,202,20.31131673058353
193,203,16.654577338637115
193,204,14.176657197226394
193,205,10.896485276964926
193,206,8.822018104088771
193,207,6.3783315390591655
193,208,6.25595541373783
193,209,9.112000238875794
193,210,9.854692973796132
193,211,13.524773568700926
193,212,16.59880963252076
193,213,18.192056491279082
193,214,21.738561925896803
193,215,22.5739460300909
193,216,22.984424064329087
193,217,24.425739104452923
193,218,23.516168220429616
193,219,19.80315341729141
193,220,17.949140565215895
193,221,14.619357268685572
193,222,14.27918119663824
193,223,13.403455424563784
193,224,13.694709038906995
193,225,15.881105446472247
193,226,16.31179484235538
193,227,18.991501131172132
193,228,20.075639651559207
193,229,23.656315756677774
193,230,24.480397002677357
193,231,28.058701320074803
193,232,30.349113141199773
193,233,29.78559969767674
193,234,26.20180653485682
193,235,23.16335911296528
193,236,19.84445842778646
193,237,16.95319043270427
193,238,13.578136284591451
193,239,10.805838302433651
193,240,7.31677473311999
193,241,5.594850765290265
193,242,4.327277155018325
193,243,5.715930277070312
193,244,8.36339815215765
193,245,11.840779494569516
193,246,13.909862141804293
193,247,17.491293571885553
193,248,20.476232348425263
193,249,22.671480997034983
193,250,24.22365790588176
193,251,26.661774162156178
193,252,30.010215736426552
193,253,30.832361656855507
193,254,34.43257550617714
193,255,36.619427079070725
193,256,39.44959343834008
193,257,40.932228185585245
193,258,38.277940096693136
193,259,37.10271409097985
193,260,36.07625810408399
193,261,38.08426501839919
193,262,37.73430025982027
193,263,40.87946670311563
193,264,42.28167702255093
193,265,45.410551183347536
193,266,46.35691188513611
193,267,46.82708855104154
193,268,50.41538396988442
193,269,52.35449135650948
193,270,53.90667856436701
193,271,53.75975293529739
193,272,52.699598396998894
193,273,51.21379893234243
193,274,49.787655360733915
193,275,47.06385980756898
193,276,46.273783378561944
193,277,44.19889756376782
193,278,47.63538617375045
193,279,48.458596733502056
193,280,50.368771024987794
193,281,53.181091298216074
193,282,56.00959723021683
193,283,56.34351914282457
193,284,60.14076333443887
193,285,59.897552644693235
193,286,58.43938719332725
193,287,56.65263992003212
193,288,54.57998722447703
193,289,53.69000778820202
193,290,51.45303481946341
193,291,47.91642263418827
193,292,46.353638083455955
193,293,43.58249375681621
193,294,45.14969795485689
193,295,44.51859240648508
193,296,47.1338839676198
193,297,50.64651771417049
193,298,51.218091661159036
193,299,53.689358318746685
193,300,52.528609542908676
193,301,51.34044828255022
193,302,53.77352092232561
193,303,54.35245364057234
193,304,57.9720900202139
193,305,58.768802649620135
193,306,62.04014390944002
193,307,63.696288423519846
193,308,67.16553469156197
193,309,68.46354522637394
193,310,72.25863714933718
193,311,73.7707136827761
193,312,77.43864256891956
193,313,79.98549687201557
193,314,80.87351129609331
193,315,82.27365878885061
193,316,85.7149241191451
193,317,87.3849524431781
193,318,91.1189256500007
194,1,112.87732144294738
194,2,113.32519312501317
194,3,109.67645244899862
194,4,106.16306722030015
194,5,102.7882233409398
194,6,99.41511415976687
194,7,96.26681734974544
194,8,92.71059235623883
194,9,89.80113678946768
194,10,86.28417913425213
194,11,84.89005521712124
194,12,83.43813258029239
194,13,81.7389135177135
194,14,82.34505342975275
194,15,78.76911805043093
194,16,76.47678709885443
194,17,72.9590871121901
194,18,71.6596931879928
194,19,69.53632492069013
194,20,68.3897685829185
194,21,69.28562581059964
194,22,68.85533961265605
194,23,71.74618227876029
194,24,72.09642310409849
194,25,69.77215852489206
194,26,71.8551127314931
194,27,74.32396828683247
194,28,75.88488728546636
194,29,75.57124259124119
194,30,76.76576391472317
194,31,73.35510071427689
194,32,69.65851161688398
194,33,66.35783582326738
194,34,62.97306885272412
194,35,60.18914123115666
194,36,57.288047546955184
194,37,55.66913253725582
194,38,55.045122633429514
194,39,54.87151718410227
194,40,52.68172846356067
194,41,53.124714801998174
194,42,49.931388842728985
194,43,48.63446715486812
194,44,46.30742055952177
194,45,48.14753751853014
194,46,46.307918663394396
194,47,48.09962773814346
194,48,47.81740550923427
194,49,44.06159343348985
194,50,41.68580725108897
194,51,40.45134528063162
194,52,37.55730149010882
194,53,37.792855452003586
194,54,34.49866200619654
194,55,36.33126734254008
194,56,33.721339849492495
194,57,30.75368765603269
194,58,28.99901688320754
194,59,28.004030767633125
194,60,24.272328484934707
194,61,24.84736260114251
194,62,26.75505828662859
194,63,24.144314719196664
194,64,21.38619009084171
194,65,24.004018371912988
194,66,24.925456497126866
194,67,27.437975060738676
194,68,30.433519068094
194,69,29.665429062250027
194,70,29.774876739108826
194,71,33.200923280168055
194,72,31.716741897414344
194,73,29.914988529223756
194,74,31.002383745801
194,75,33.22158948435595
194,76,34.63180022193866
194,77,36.44480753597918
194,78,38.324294336207814
194,79,37.69117488214484
194,80,35.11278136016052
194,81,36.50107652955323
194,82,34.273090153293445
194,83,36.15224089060214
194,84,35.984409022590306
194,85,35.96023638201071
194,86,32.56188317169037
194,87,29.888419969653906
194,88,26.50147485980404
194,89,26.605119281085013
194,90,23.224924724106128
194,91,19.882849831262817
194,92,19.617225748248526
194,93,17.565088531448897
194,94,17.271093541342626
194,95,17.528612966519233
194,96,17.225786810087044
194,97,20.37894724022172
194,98,21.797710856361107
194,99,25.186918029530315
194,100,24.188657824586315
194,101,22.58143854173881
194,102,25.661559039423512
194,103,27.932570776440983
194,104,26.814741457498346
194,105,26.744721075525455
194,106,30.110243507077783
194,107,31.508038088688515
194,108,30.546972173094165
194,109,32.61224378379085
194,110,31.103561152620856
194,111,28.519571619803926
194,112,29.218487028713113
194,113,26.296560543131395
194,114,26.19737162606515
194,115,24.30935025471003
194,116,22.857591685322266
194,117,22.419699013343166
194,118,18.712410467569462
194,119,18.59330562337958
194,120,15.773535875988237
194,121,16.967747266210882
194,122,16.571628291276564
194,123,15.190582669538607
194,124,17.311499718561052
194,125,17.666157202838473
194,126,19.330499053630042
194,127,18.053679127939546
194,128,20.397123600762548
194,129,21.47896760584874
194,130,24.908018788895923
194,131,24.14151304619869
194,132,24.055394673058604
194,133,27.09536285985279
194,134,28.377743642507046
194,135,31.855587458405626
194,136,32.641321635286126
194,137,29.348294155824828
194,138,25.708210754335045
194,139,23.837202159616787
194,140,21.056219995315555
194,141,20.810736323810687
194,142,22.79652024488865
194,143,20.772067479431684
194,144,17.260655792360843
194,145,16.140475843583275
194,146,14.399585615235956
194,147,13.031170136530712
194,148,13.267632447684521
194,149,14.378181360435581
194,150,17.470271291588023
194,151,19.809810009273793
194,152,18.25032625947608
194,153,15.245418052366105
194,154,11.955789425349055
194,155,11.72754469472768
194,156,9.424564382211512
194,157,10.420492609276405
194,158,12.120137116895574
194,159,14.643114064843639
194,160,16.95853662063865
194,161,19.22079552611417
194,162,21.99045868247077
194,163,24.22487519614932
194,164,27.747459703359688
194,165,29.446275275855754
194,166,31.455301516874034
194,167,29.563389943223054
194,168,26.30699052308676
194,169,23.570872976156625
194,170,21.539837104844498
194,171,18.191571917315475
194,172,16.84097290407465
194,173,13.34289265857361
194,174,11.256770533887954
194,175,8.51593990842157
194,176,9.92703275567408
194,177,10.653803251148823
194,178,12.64576627073413
194,179,15.70541119717499
194,180,16.1837982150585
194,181,14.714108350621819
194,182,16.79783630690132
194,183,15.405348741226017
194,184,11.821606327585915
194,185,13.236267800807456
194,186,15.78372030184707
194,187,13.417286595384134
194,188,10.39165794570833
194,189,12.198868366731292
194,190,9.598306319064063
194,191,10.335391126416559
194,192,6.95878482054979
194,193,3.7898685367826515
194,195,3.8069335324512523
194,196,6.616892552315946
194,197,10.108526309332518
194,198,13.053041752899569
194,199,16.818509927856795
194,200,19.394211566671448
194,201,19.84773806582642
194,202,16.540948895230603
194,203,12.869905524806855
194,204,10.52615057488036
194,205,7.258590182461306
194,206,5.910214426335706
194,207,4.852824471105694
194,208,6.53280176406473
194,209,10.096205781977426
194,210,12.01804446761933
194,211,15.412470377568743
194,212,18.621618376386095
194,213,19.609892080313085
194,214,23.067137695103018
194,215,24.074288398264432
194,216,24.07166126852768
194,217,25.656837363261488
194,218,25.27146042942768
194,219,21.548305729651837
194,220,19.731976128931265
194,221,16.23216793829711
194,222,15.008750180034163
194,223,13.35176756283946
194,224,12.656834600937444
194,225,14.221162551628508
194,226,13.851445124252686
194,227,16.202362614357373
194,228,16.88782407722858
194,229,20.393615569453697
194,230,21.14676175854763
194,231,24.633620758502843
194,232,27.020765281636244
194,233,26.43656531183938
194,234,22.778300489317004
194,235,19.921735773312964
194,236,16.69120666464585
194,237,13.853009533593085
194,238,10.755419717131335
194,239,8.120043200889594
194,240,5.428842828404491
194,241,5.751251618963759
194,242,5.7707887444722825
194,243,6.665402258970975
194,244,7.661879498473466
194,245,11.161378395167652
194,246,12.614482451967893
194,247,15.823095906481836
194,248,19.081904864834485
194,249,20.7391073218735
194,250,21.894285187967807
194,251,24.32680787087757
194,252,27.472689644075455
194,253,28.054001588725665
194,254,31.620501962516688
194,255,33.70222614208175
194,256,36.670420247875505
194,257,38.31948322512773
194,258,35.87215266730448
194,259,34.82603111080481
194,260,34.10526894148642
194,261,36.32309714445336
194,262,36.28783484636398
194,263,39.59724172157744
194,264,41.297337473454384
194,265,44.2972647817691
194,266,45.331541982958264
194,267,45.6127945333844
194,268,49.162557816598365
194,269,50.98558071345586
194,270,52.3296002272648
194,271,51.940555867403944
194,272,50.76891227928864
194,273,49.07010702488021
194,274,47.70627496544887
194,275,45.16371481964078
194,276,44.48873703623293
194,277,42.658825481832174
194,278,46.20840627971301
194,279,46.95663577946132
194,280,48.66194811066876
194,281,51.35462919497432
194,282,54.03794413221718
194,283,54.160997855265286
194,284,57.941641186403366
194,285,57.683260251070706
194,286,56.07680758954663
194,287,54.413169868051995
194,288,52.524622039989296
194,289,51.81229687015693
194,290,49.71644068294004
194,291,46.11032504062761
194,292,44.333874273924195
194,293,41.58978356191812
194,294,43.0470623041355
194,295,42.31353408033788
194,296,44.807606878355195
194,297,48.24299750142271
194,298,48.924385981568186
194,299,51.388648444052095
194,300,50.162482873964834
194,301,49.14619944301398
194,302,51.623728046575295
194,303,52.37989026121934
194,304,56.026337640102255
194,305,56.97767384453655
194,306,60.15049127473681
194,307,61.625642269148756
194,308,65.08234125009973
194,309,66.22493503680275
194,310,70.01823187249055
194,311,71.50702262574727
194,312,75.18471059885134
194,313,77.70052453363742
194,314,78.66638265811403
194,315,80.19684102862335
194,316,83.6553388925634
194,317,85.44352877932339
194,318,89.19874361415752
195,1,110.00058740979858
195,2,110.43883075090352
195,3,106.80995034022831
195,4,103.28891681443955
195,5,99.9576835203714
195,6,96.54234031899706
195,7,93.45078988145664
195,8,89.87109034226947
195,9,87.00764995056682
195,10,83.48298989344157
195,11,82.10435464526371
195,12,80.75654138583047
195,13,79.09835784288964
195,14,79.81790122150943
195,15,76.29428499457137
195,16,73.9571149055848
195,17,70.47554609745
195,18,69.2712026636835
195,19,67.09489125346501
195,20,66.01819882062514
195,21,66.87704753077884
195,22,66.52442878028208
195,23,69.51557266610003
195,24,69.87606467280031
195,25,67.60992991284022
195,26,69.61146129244125
195,27,71.95670910390298
195,28,73.45158897058803
195,29,72.99266497988037
195,30,74.09915268969985
195,31,70.64534204611718
195,32,66.95681826578692
195,33,63.600058013602165
195,34,60.289290926852765
195,35,57.45875541335793
195,36,54.656016268967115
195,37,52.98604854863426
195,38,52.5348259127847
195,39,52.327092739876306
195,40,50.05606229485913
195,41,50.47329765520802
195,42,47.391642035075705
195,43,45.933110048733205
195,44,43.443272660970635
195,45,45.114979015431295
195,46,43.164698046354125
195,47,44.81771102340799
195,48,44.44079114112037
195,49,40.70372918068555
195,50,38.33286892597345
195,51,37.27881256877132
195,52,34.4572161397016
195,53,34.94128340317614
195,54,31.791252439034576
195,55,33.86905963806159
195,56,31.504798741905198
195,57,28.33018987931508
195,58,26.485807650854046
195,59,25.139742827534185
195,60,21.50671646741149
195,61,22.30948871430435
195,62,23.89744661103169
195,63,21.03172844383933
195,64,18.521637369907452
195,65,21.30343530877393
195,66,22.64664920444779
195,67,25.282910002380635
195,68,28.250852225364355
195,69,27.118976392845433
195,70,27.0977602064167
195,71,30.384512521219197
195,72,28.692320937871663
195,73,26.751128872294334
195,74,27.59312465081323
195,75,29.854132228413683
195,76,31.158869278572602
195,77,33.04898375828012
195,78,34.93156379308088
195,79,34.496382421372715
195,80,32.05244743579745
195,81,33.686461269120265
195,82,31.709213324794636
195,83,33.84741872823775
195,84,34.01159419188035
195,85,34.08693044495563
195,86,30.551321111976524
195,87,28.144911204192994
195,88,24.792949649946895
195,89,25.120730129302697
195,90,21.732212949142983
195,91,18.734704182398996
195,92,18.689024826908334
195,93,16.214182847587534
195,94,15.841713706492444
195,95,15.482446602097287
195,96,15.383956631098181
195,97,18.215408326786406
195,98,19.482315718855645
195,99,22.747193028764578
195,100,21.439121231516783
195,101,19.574101100413664
195,102,22.74869079687169
195,103,24.915056918143943
195,104,23.51620499675236
195,105,23.373473002901132
195,106,26.85541519729222
195,107,28.131673278402488
195,108,26.98511594973799
195,109,29.10466875231338
195,110,27.543729872335017
195,111,25.033187415292
195,112,25.618054550649017
195,113,22.73469500745067
195,114,22.62850948047542
195,115,20.948825731681247
195,116,19.539582018679734
195,117,19.456758536961363
195,118,15.875830733953208
195,119,16.365696968748168
195,120,14.039642328307663
195,121,15.947619692445436
195,122,16.322546642991473
195,123,14.777027500310254
195,124,16.702167418831184
195,125,16.299968831591613
195,126,17.755907183943187
195,127,17.042816433968373
195,128,19.427666471511085
195,129,20.841333699377035
195,130,24.379215270642796
195,131,23.43174253342499
195,132,22.794149919257997
195,133,25.82346485193728
195,134,26.7031610330506
195,135,30.290050111140673
195,136,31.485600224788087
195,137,28.355907976085074
195,138,24.742749906422205
195,139,22.40044578675812
195,140,19.313760508639966
195,141,18.510509170962553
195,142,20.17395612203176
195,143,17.759587968218618
195,144,14.492340900990607
195,145,13.797678920976782
195,146,12.84697733973583
195,147,11.960672431742791
195,148,13.287334606731815
195,149,15.048571047561754
195,150,17.84658448727644
195,151,20.68570177595038
195,152,19.782174667030564
195,153,16.696151407856572
195,154,13.02944422874297
195,155,12.511148946989683
195,156,9.892418566791157
195,157,9.435282211301695
195,158,10.46391795696847
195,159,12.194873653186283
195,160,14.08059829003895
195,161,15.932716168923688
195,162,18.657888753116193
195,163,20.67071618171153
195,164,24.26495299130367
195,165,25.79437902274138
195,166,27.767647332738264
195,167,25.803452332844977
195,168,22.550191102113136
195,169,19.768566271514548
195,170,17.771816674962732
195,171,14.427689091528835
195,172,13.308384025266578
195,173,9.960588265599876
195,174,8.553314279139443
195,175,6.9114157152050115
195,176,9.547540807632139
195,177,11.335601295925674
195,178,13.980746977423616
195,179,17.363010173437768
195,180,18.465516604319376
195,181,17.51239446589466
195,182,19.29005582092603
195,183,17.289995492280493
195,184,14.043043261534333
195,185,15.720646923928363
195,186,17.651247481776863
195,187,14.669580988454321
195,188,11.99528172905394
195,189,14.548480759770353
195,190,12.581486430791948
195,191,13.755279704639653
195,192,10.550196188283417
195,193,7.019515989253964
195,194,3.8069335324512523
195,196,3.8069680171553433
195,197,6.626730240610533
195,198,9.979864419081679
195,199,13.690913567621562
195,200,16.64293285875339
195,201,17.100985427810205
195,202,13.812251238580934
195,203,10.41377777813593
195,204,7.971169210480157
195,205,5.7854042467527105
195,206,5.284927118437042
195,207,6.636328100558445
195,208,8.104245588398108
195,209,11.88253103106261
195,210,14.231451671630502
195,211,17.283627686684728
195,212,20.21279915995379
195,213,20.583125716233297
195,214,23.720953790434347
195,215,24.483314553676216
195,216,23.88763334765826
195,217,25.278405451507613
195,218,25.406057037585313
195,219,21.824464071614795
195,220,20.436728472278993
195,221,16.75157993475911
195,222,14.79271742623642
195,223,12.281863927155982
195,224,11.082222636622408
195,225,11.704154120842215
195,226,10.804121987408113
195,227,12.729888685589378
195,228,13.24997264889548
195,229,16.72915230614763
195,230,17.491030067596412
195,231,21.057052801602122
195,232,23.455523705010634
195,233,23.08718389420989
195,234,19.470485163149224
195,235,16.63006646008231
195,236,13.225150935310582
195,237,10.76290502927503
195,238,7.585748142927327
195,239,6.014523409305387
195,240,4.482090976112597
195,241,7.05509258582889
195,242,6.965891085851612
195,243,6.875988149113475
195,244,5.8529494974529515
195,245,8.868374781245786
195,246,9.659667283395542
195,247,12.478785133989454
195,248,15.879133980519399
195,249,17.209824943757138
195,250,18.17208241326529
195,251,20.613570183351836
195,252,23.703423388002665
195,253,24.309910586930012
195,254,27.905896395579557
195,255,30.07680509848715
195,256,33.093284826218735
195,257,34.859216740203536
195,258,32.46973087569751
195,259,31.630488536092763
195,260,31.121342820236826
195,261,33.5591468433475
195,262,33.802427817403554
195,263,37.14273884235617
195,264,38.982025849279836
195,265,41.809471363815184
195,266,42.747734817941065
195,267,42.80351400677457
195,268,46.27825338796495
195,269,47.94595251450492
195,270,49.22433983524567
195,271,48.727584805200074
195,272,47.60771379258205
195,273,45.8446522364579
195,274,44.63746886152679
195,275,42.212136027906816
195,276,41.75060941337773
195,277,40.10101130782866
195,278,43.72038854327063
195,279,44.2632887430317
195,280,45.78756424056268
195,281,48.48710734445503
195,282,51.05172324548648
195,283,51.117796214685164
195,284,54.895597194581356
195,285,54.76729475208216
195,286,53.17863822758041
195,287,51.67563907614125
195,288,49.872752815558805
195,289,49.36123766281716
195,290,47.24583203720433
195,291,43.654707635177424
195,292,41.849830835809776
195,293,38.98607907553011
195,294,40.21452611274568
195,295,39.26797650176748
195,296,41.612640921957336
195,297,45.04947211193593
195,298,45.90459130476413
195,299,48.48375993661454
195,300,47.38337457822925
195,301,46.558236585144385
195,302,49.18975594752895
195,303,50.15519023815931
195,304,53.758555448144044
195,305,54.68599722471492
195,306,57.753594006695344
195,307,59.13370408857633
195,308,62.5196851311487
195,309,63.53438976496695
195,310,67.31629203728428
195,311,68.68087517055967
195,312,72.38994885175559
195,313,74.9704372096784
195,314,76.06541399208541
195,315,77.62979192258264
195,316,81.13883662278727
195,317,82.94998741254862
195,318,86.69998831687725
196,1,109.10453671178071
196,2,109.42518246382865
196,3,105.78897115648236
196,4,102.30864918019279
196,5,99.00701665022306
196,6,95.54775970817619
196,7,92.51213171802424
196,8,88.88526704268493
196,9,86.12527083272313
196,10,82.65100729566207
196,11,81.42043197421089
196,12,80.21014503682288
196,13,78.71128553276002
196,14,79.59353439621852
196,15,76.11598389751595
196,16,73.6343339566835
196,17,70.13963152024056
196,18,68.88435049911297
196,19,66.53991200812038
196,20,65.35276800184296
196,21,66.00855847675402
196,22,65.53485623712852
196,23,68.61428480109336
196,24,69.15959986543771
196,25,67.06378207424697
196,26,69.13381790192292
196,27,71.38153299357873
196,28,72.96248365979179
196,29,72.39975512574371
196,30,73.55529196380148
196,31,70.12312254485286
196,32,66.41153140507822
196,33,63.072575990742855
196,34,59.85116897960548
196,35,56.86508432800653
196,36,54.231901807243304
196,37,52.71230756328555
196,38,52.50859549869435
196,39,52.47840869866027
196,40,50.2814910395278
196,41,50.86175890439519
196,42,47.94902395960587
196,43,46.43214984036588
196,44,43.73598995061561
196,45,45.23478491116483
196,46,43.250516383223385
196,47,44.60260694559271
196,48,43.977910341526716
196,49,40.25933943404659
196,50,38.082717552348775
196,51,37.33664126665309
196,52,34.770202123048456
196,53,35.62198113081699
196,54,32.7096826187938
196,55,35.114945244167316
196,56,33.068842801548485
196,57,29.68003654422195
196,58,27.55881924966055
196,59,25.76331034936707
196,60,22.324795275477385
196,61,23.640867552049688
196,62,24.890696103080845
196,63,21.65902582565207
196,64,19.695085987499734
196,65,22.717729594912534
196,66,24.505654001782062
196,67,27.28260671992968
196,68,30.14196400137025
196,69,28.583431683016578
196,70,28.46244743573111
196,71,31.503450682782812
196,72,29.469327500931605
196,73,27.36161002106867
196,74,27.68246321627416
196,75,29.954145446043928
196,76,30.889069722935076
196,77,32.76120920015088
196,78,34.40879380820699
196,79,34.2764779122697
196,80,32.18197562780442
196,81,34.13444907400729
196,82,32.48229008583911
196,83,34.94571048533325
196,84,35.35920107440914
196,85,35.736686403639425
196,86,32.1551507281537
196,87,30.08978345900814
196,88,26.908275530683987
196,89,27.573078280915954
196,90,24.293582052389546
196,91,21.568676720286685
196,92,21.445952790576897
196,93,18.582850853465477
196,94,17.71436070328207
196,95,16.56573508415623
196,96,15.943450947460576
196,97,18.16872122069904
196,98,19.85230337332275
196,99,22.710217005032717
196,100,20.820967596679274
196,101,19.180962031301217
196,102,22.6655037020281
196,103,24.3170008266231
196,104,22.525850849704256
196,105,22.793880564050212
196,106,26.400732603446183
196,107,27.173004900196517
196,108,25.91973728835435
196,109,28.418710744871028
196,110,27.020660180640952
196,111,24.875638834170367
196,112,25.20854040426633
196,113,22.46833166012463
196,114,22.1079302403509
196,115,20.785942601520073
196,116,19.008051517105507
196,117,19.09479510142497
196,118,15.707883840045868
196,119,16.521023379501816
196,120,14.909156385181934
196,121,16.87621871566416
196,122,17.93456120425935
196,123,16.94430242765147
196,124,19.157340647938128
196,125,18.51231384194652
196,126,20.098997425012854
196,127,19.931929609892553
196,128,22.42081763232778
196,129,24.04945913518126
196,130,27.608243029863758
196,131,26.53658711274731
196,132,25.58876073253822
196,133,28.58728883757701
196,134,29.136967536594778
196,135,32.76689915102011
196,136,34.25603070122001
196,137,31.2382747499751
196,138,27.694819474461006
196,139,25.062328563283874
196,140,21.811637160320608
196,141,20.50359080170321
196,142,21.72757633324973
196,143,18.818267007839626
196,144,16.030862344753125
196,145,15.702035631244799
196,146,15.532808403014071
196,147,14.662074889451189
196,148,16.397583546052807
196,149,17.992528272240683
196,150,20.389736266483748
196,151,23.22797997760418
196,152,22.53350517308589
196,153,19.17705199111234
196,154,15.517564773658973
196,155,14.157328228671908
196,156,10.87984087212649
196,157,9.928185709075562
196,158,9.502326689265567
196,159,10.952447518883172
196,160,12.011296529191782
196,161,13.998046790533058
196,162,16.18654714118409
196,163,18.190438400742128
196,164,21.759048773061206
196,165,23.463921064780653
196,166,25.257503297968167
196,167,23.521053028757134
196,168,20.314989322272247
196,169,17.938715625749154
196,170,16.396070792007137
196,171,13.470763763701164
196,172,13.292555835675323
196,173,10.670324151998685
196,174,10.399292373831157
196,175,9.845254724318233
196,176,12.999109653401717
196,177,14.809542162055395
196,178,17.674216079473933
196,179,20.973209369330547
196,180,22.131338877406016
196,181,21.095466326166115
196,182,22.986217104836417
196,183,21.084603059779262
196,184,17.780552814681037
196,185,19.269745928862687
196,186,21.265005054162106
196,187,18.265411365272417
196,188,15.429010098360125
196,189,17.784009067960387
196,190,15.59228207600173
196,191,16.871534755789433
196,192,13.559371473038464
196,193,10.271288169287656
196,194,6.616892552315946
196,195,3.8069680171553433
196,197,3.806892722313323
196,198,6.439911769911379
196,199,10.208900872511121
196,200,12.932508355364988
196,201,13.494023648790531
196,202,10.38491504065203
196,203,6.965938478493458
196,204,5.528885288383895
196,205,4.3278176887155695
196,206,6.391394043666179
196,207,8.85918211232648
196,208,11.239376474788257
196,209,14.878078933044312
196,210,17.584198074117925
196,211,20.5128599953686
196,212,23.543857922420422
196,213,23.68439582936944
196,214,26.753540632504425
196,215,27.668940050470745
196,216,26.883115778079656
196,217,28.346554565311003
196,218,28.757913424426302
196,219,25.229053483618888
196,220,23.83893711519781
196,221,20.195559581909567
196,222,17.903424680244594
196,223,15.09852391621687
196,224,13.196082047020383
196,225,12.987130660303654
196,226,10.95736074871592
196,227,11.928867803877415
196,228,11.408158862169552
196,229,14.521870817728477
196,230,14.861358870735682
196,231,18.199097835449564
196,232,20.59089281946024
196,233,19.976351476276196
196,234,16.263225775223923
196,235,13.650290764177978
196,236,10.592231468482568
196,237,8.062779793130112
196,238,5.937305486405919
196,239,4.947992066474748
196,240,6.0063698857921946
196,241,9.265151714687635
196,242,10.291947879677918
196,243,10.600554693537227
196,244,8.86547844989342
196,245,11.307625026708159
196,246,11.01137901050798
196,247,12.990214017980502
196,248,16.329730505941562
196,249,16.85421067415385
196,250,17.328381879731108
196,251,19.836462950111926
196,252,22.520606448223432
196,253,22.84949139577782
196,254,26.37526802323834
196,255,28.428974542646607
196,256,31.66404475550913
196,257,33.7126494587185
196,258,31.660736395984074
196,259,31.071102325520503
196,260,31.006690124067042
196,261,33.689313968189346
196,262,34.31951852067022
196,263,37.7902758419681
196,264,39.92725908724083
196,265,42.569811390949404
196,266,43.56873953645361
196,267,43.38968771329905
196,268,46.771744394655975
196,269,48.26085977797055
196,270,49.30427450706515
196,271,48.521891359128375
196,272,47.30400644384129
196,273,45.286622542885866
196,274,44.20047134171007
196,275,42.037116464369745
196,276,41.74370146174561
196,277,40.41352958120365
196,278,44.123648027534756
196,279,44.55949981633265
196,280,45.81488516877116
196,281,48.354515216491954
196,282,50.71181311183789
196,283,50.51043111299108
196,284,54.24421747382141
196,285,54.11042150588175
196,286,52.33721363900481
196,287,51.01151150165524
196,288,49.46140590780416
196,289,49.176411935533764
196,290,47.25344541425816
196,291,43.611598328729336
196,292,41.554776452230136
196,293,38.76040705231046
196,294,39.82329094712587
196,295,38.73113239061578
196,296,40.86755373649711
196,297,44.174215697574816
196,298,45.19419662732858
196,299,47.754819585260094
196,300,46.5784489456412
196,301,45.99057590278083
196,302,48.65306299464389
196,303,49.828020163546235
196,304,53.443540818230645
196,305,54.56238464313871
196,306,57.49345168138728
196,307,58.640083745620835
196,308,61.99571736983342
196,309,62.80758324487588
196,310,66.5717619626148
196,311,67.90083428111554
196,312,71.61014544449623
196,313,74.14170837292433
196,314,75.33056404154307
196,315,77.05592198325813
196,316,80.57392561750395
196,317,82.52678659187687
196,318,86.29308568494285
197,1,106.3890864654239
197,2,106.69568701811797
197,3,103.08449824298302
197,4,99.60082893040017
197,5,96.35153286887588
197,6,92.84913716865366
197,7,89.88157094510157
197,8,86.23278004900124
197,9,83.53134040009296
197,10,80.05659537830455
197,11,78.85058421648239
197,12,77.76179024834966
197,13,76.31642580724872
197,14,77.32496213068373
197,15,73.91503107835534
197,16,71.38735957491895
197,17,67.94265214951722
197,18,66.79373302001218
197,19,64.39362656848533
197,20,63.28323755964039
197,21,63.88788817098529
197,22,63.49619764736687
197,23,66.67795622667614
197,24,67.23935226168713
197,25,65.22022487776728
197,26,67.1967181387363
197,27,69.29922083771191
197,28,70.80629022461223
197,29,70.08265477771236
197,30,71.1398909803699
197,31,67.67053209714246
197,32,63.97856355963712
197,33,60.589225485126164
197,34,57.4670769307565
197,35,54.43436253874226
197,36,51.93300747579148
197,37,50.3713183045763
197,38,50.37422587511456
197,39,50.3136026709391
197,40,48.04326507089942
197,41,48.597096380456016
197,42,45.83860174759779
197,43,44.14904649631495
197,44,41.278873694626775
197,45,42.558850354198334
197,46,40.45552682527774
197,47,41.61292845801556
197,48,40.86027187709048
197,49,37.189467988974776
197,50,35.04949211376972
197,51,34.557692262997136
197,52,32.12821844960146
197,53,33.29239538269682
197,54,30.61321857797655
197,55,33.27464271829253
197,56,31.557031448448072
197,57,28.004363834052203
197,58,25.82022826847789
197,59,23.617805996011857
197,60,20.44059058593023
197,61,22.025463596688457
197,62,22.81256710457289
197,63,19.333945669015783
197,64,17.851487736524852
197,65,20.9457295417931
197,66,23.18394611950294
197,67,25.997652183882014
197,68,28.742114897921358
197,69,26.796018884043633
197,70,26.51184329797225
197,71,29.302092329728236
197,72,27.038802090948604
197,73,24.781997235690046
197,74,24.721667523613274
197,75,27.018830609697392
197,76,27.768503396569347
197,77,29.72104790165451
197,78,31.33468209186804
197,79,31.482319466972108
197,80,29.612813866332335
197,81,31.857351960982683
197,82,30.549725183035314
197,83,33.28054317598725
197,84,34.0627446781806
197,85,34.549983746787376
197,86,30.892202988027478
197,87,29.175304773392345
197,88,26.131802532227265
197,89,27.011069870160256
197,90,23.846588702152914
197,91,21.594827491118377
197,92,21.68713305008614
197,93,18.589546959240327
197,94,17.68122978428059
197,95,15.904910387971286
197,96,15.503967425880232
197,97,17.120466818130737
197,98,18.57706860666194
197,99,21.112594582019796
197,100,18.829692928032397
197,101,16.946157305489933
197,102,20.472821674426903
197,103,21.87287993362755
197,104,19.682295866546777
197,105,19.909376212504288
197,106,23.61907940248971
197,107,24.149731182485937
197,108,22.638646678809746
197,109,25.23673207290949
197,110,23.80286873823018
197,111,21.841846958641447
197,112,21.96438752353611
197,113,19.344092155817265
197,114,18.918509327830375
197,115,17.97299759921998
197,116,16.22601178046235
197,117,16.81315156760002
197,118,13.819308938430616
197,119,15.394180325368513
197,120,14.58565575476265
197,121,17.11411422629851
197,122,18.846357657789543
197,123,17.804711291361702
197,124,19.71784465628701
197,125,18.414869955798757
197,126,19.71885819198513
197,127,20.135264263404
197,128,22.54288773535863
197,129,24.41347144748312
197,130,27.94856744785167
197,131,26.755985240778614
197,132,25.31541983398726
197,133,28.193743790017475
197,134,28.308625717036822
197,135,31.952616608621653
197,136,33.82193918360597
197,137,31.029563331774764
197,138,27.616524298062
197,139,24.617383506721307
197,140,21.210515146113163
197,141,19.354337592484427
197,142,20.09105196713382
197,143,16.7995313856274
197,144,14.60081994111636
197,145,14.833476342007092
197,146,15.578942549452199
197,147,15.21399203281349
197,148,17.679057708852742
197,149,19.650351250439968
197,150,21.70606591339653
197,151,24.83506196314461
197,152,24.659058206329355
197,153,21.358808263065647
197,154,17.6090078377881
197,155,16.17328617635359
197,156,13.030641114631162
197,157,11.018950627437418
197,158,9.755823423817247
197,159,9.824059951095045
197,160,9.86233559262976
197,161,11.084435122899949
197,162,13.000340631111058
197,163,14.633513129845744
197,164,18.295863425647354
197,165,19.790036923789494
197,166,21.511490520840994
197,167,19.717555241993164
197,168,16.528288012208822
197,169,14.175865939930146
197,170,12.849219696665205
197,171,10.14359038521456
197,172,10.711890579474197
197,173,8.911748307470361
197,174,9.961540607838732
197,175,10.807901637837556
197,176,14.36295614303792
197,177,16.715571433526
197,178,19.821877440152225
197,179,23.239784676423188
197,180,24.777116318060706
197,181,24.07805966602462
197,182,25.74017330162827
197,183,23.463844870834585
197,184,20.439473708855758
197,185,22.065687821713148
197,186,23.62549757381686
197,187,20.306277563491008
197,188,17.81278088799148
197,189,20.548088223579214
197,190,18.776337147140744
197,191,20.268196316292922
197,192,17.05127576521673
197,193,13.574681270029403
197,194,10.108526309332518
197,195,6.626730240610533
197,196,3.806892722313323
197,198,3.7843133585535025
197,199,7.2318505548137395
197,200,10.556946816488079
197,201,11.160393112440223
197,202,8.321654366239562
197,203,5.957226443175536
197,204,5.272200960526944
197,205,6.6256783363823
197,206,8.862234636324974
197,207,11.98543015150313
197,208,13.93486681150552
197,209,17.491604336792058
197,210,20.31148823581498
197,211,22.973424031402175
197,212,25.733914345778114
197,213,25.427912807414152
197,214,28.165515430221507
197,215,28.847458499264132
197,216,27.578064896993897
197,217,28.821409698443116
197,218,29.66539953003371
197,219,26.35162298086632
197,220,25.35054599664784
197,221,21.69269009654585
197,222,18.966212658717176
197,223,15.679338885358899
197,224,13.497936202707121
197,225,12.194973639400752
197,226,9.488640223167947
197,227,9.312723929134894
197,228,8.063249986538208
197,229,10.920515599184707
197,230,11.11034947144728
197,231,14.545735523753779
197,232,16.94998440193552
197,233,16.612805512127384
197,234,12.953420130202286
197,235,10.434035394222581
197,236,7.186249239936562
197,237,5.647006905607684
197,238,4.4994351389848735
197,239,6.143605811940991
197,240,8.360452363136472
197,241,12.065754120990452
197,242,12.829861303104007
197,243,12.617614720762633
197,244,9.897659254256672
197,245,11.224125165242956
197,246,9.953822115669535
197,247,10.854100552957547
197,248,14.073493570542572
197,249,13.911777324091828
197,250,13.961710498801573
197,251,16.4587736676234
197,252,18.936116036825453
197,253,19.255464231325156
197,254,22.79390212190256
197,255,24.949603625365913
197,256,28.266050508820598
197,257,30.492389010435748
197,258,28.570746901838437
197,259,28.28253012625547
197,260,28.528802373184217
197,261,31.456281119052274
197,262,32.428528782434434
197,263,35.889185495076624
197,264,38.16740118474413
197,265,40.57717401401329
197,266,41.45903155442943
197,267,41.013111756224795
197,268,44.27445963641042
197,269,45.56327922392195
197,270,46.513016940405194
197,271,45.5933106719933
197,272,44.438757082836055
197,273,42.34005635985783
197,274,41.45620122586404
197,275,39.465178417308245
197,276,39.43457470039867
197,277,38.34394657035685
197,278,42.09898706965401
197,279,42.29257706492965
197,280,43.3151479249194
197,281,45.83644013359858
197,282,48.03132047139812
197,283,47.749584268363044
197,284,51.46073471318556
197,285,51.477385588899025
197,286,49.7223962111427
197,287,48.59792067326331
197,288,47.16833551071927
197,289,47.12329286602579
197,290,45.20212189516893
197,291,41.605917300074815
197,292,39.52223812435192
197,293,36.62388213568085
197,294,37.3969120228637
197,295,36.04943820314694
197,296,37.971437185247645
197,297,41.24987025670377
197,298,42.483385306025056
197,299,45.1625852034984
197,300,44.13471643348283
197,301,43.785352269672565
197,302,46.60513929053261
197,303,48.01546324342243
197,304,51.55987721368521
197,305,52.653521726413274
197,306,55.446775404828905
197,307,56.472820443714326
197,308,59.73416979356143
197,309,60.39174255404763
197,310,64.12981677058528
197,311,65.31473940766566
197,312,69.04909239401421
197,313,71.64413690718816
197,314,72.97582591931248
197,315,74.7395658285031
197,316,78.30435665763653
197,317,80.28186868075639
197,318,84.03462474378145
198,1,105.94101188893218
198,2,106.12131473832886
198,3,102.50640261989061
198,4,99.07340813013806
198,5,95.85852510673003
198,6,92.31923525889985
198,7,89.41387675949781
198,8,85.72444654882815
198,9,83.13815673683342
198,10,79.72828309749049
198,11,78.68461398884385
198,12,77.73812430861646
198,13,76.46447997625127
198,14,77.63249659427204
198,15,74.27850671939343
198,16,71.61091443056233
198,17,68.16290879192991
198,18,66.95572957354838
198,19,64.39087723835434
198,20,63.16012579728227
198,21,63.54462815546411
198,22,63.01563795725318
198,23,66.27118807064426
198,24,67.02971827027928
198,25,65.19759036560114
198,26,67.24634069401395
198,27,69.24673646919759
198,28,70.84630386255901
198,29,70.02703047238639
198,30,71.14085157860002
198,31,67.7126482341515
198,32,64.01165401361023
198,33,60.66354999313529
198,34,57.64885457939077
198,35,54.47058001445565
198,36,52.16157117879872
198,37,50.77850025500122
198,38,51.028952804192805
198,39,51.1595901478122
198,40,48.99407694565933
198,41,49.71589689665172
198,42,47.14516814524639
198,43,45.42908893953781
198,44,42.392766920114035
198,45,43.49229118575941
198,46,41.38769059831488
198,47,42.220192624766355
198,48,41.21300585871398
198,49,37.608850084281706
198,50,35.71439751863685
198,51,35.54803999985405
198,52,33.42464645266677
198,53,34.919542642335884
198,54,32.51118517308802
198,55,35.415038110062724
198,56,33.99495275302916
198,57,30.334501562991573
198,58,27.95056977374368
198,59,25.419647974338467
198,60,22.53456822911515
198,61,24.508007391668208
198,62,25.00053155587363
198,63,21.338768587627943
198,64,20.40291266540821
198,65,23.561057365742002
198,66,26.059566250500936
198,67,28.913495995928205
198,68,31.518691349255498
198,69,29.274429064845283
198,70,28.918854901524718
198,71,31.431707219040113
198,72,28.91187287720356
198,73,26.564553929403807
198,74,25.98934776648095
198,75,28.229952578965197
198,76,28.56824480824436
198,77,30.449509487851724
198,78,31.76756762914399
198,79,32.23148724153945
198,80,30.764800421462297
198,81,33.26904223013464
198,82,32.28709479065591
198,83,35.25778856539278
198,84,36.22589021101846
198,85,36.97904335052864
198,86,33.349388767407724
198,87,31.93036572059824
198,88,29.07856335400969
198,89,30.193451232517873
198,90,27.160904775859215
198,91,25.085587428093415
198,92,25.079616353972927
198,93,21.814622211839314
198,94,20.565174625777097
198,95,18.330953607689395
198,96,17.462593744249634
198,97,18.443640711337462
198,98,20.254598282590344
198,99,22.27834269714767
198,100,19.50306858137341
198,101,18.004434284854455
198,102,21.670707152441548
198,103,22.453505277816742
198,104,19.917073860684955
198,105,20.625285693907543
198,106,24.31871847648309
198,107,24.25650093881804
198,108,22.676448793645143
198,109,25.63908108471138
198,110,24.44058912215125
198,111,22.95622325687291
198,112,22.79585247471157
198,113,20.446805786183806
198,114,19.741910209397787
198,115,19.22553666359
198,116,17.155867416461273
198,117,17.849478613502285
198,118,15.278729593644421
198,119,16.971532311012343
198,120,16.798308137192066
198,121,19.12600027187862
198,122,21.24441283988369
198,123,20.685823335718826
198,124,22.817720909984494
198,125,21.49870038730153
198,126,22.923011964530602
198,127,23.639548939692233
198,128,26.10129270192473
198,129,28.066532532090225
198,130,31.586207725972873
198,131,30.33585894382183
198,132,28.75569098801248
198,133,31.58065209918772
198,134,31.481348799370842
198,135,35.10231072106905
198,136,37.145268093978814
198,137,34.4400973618983
198,138,31.105738920244907
198,139,27.98362656229891
198,140,24.554321064631747
198,141,22.444672376678966
198,142,22.83970630406426
198,143,19.316849145525875
198,144,17.602525991974055
198,145,18.00723503613006
198,146,19.106971360766103
198,147,18.64343334419657
198,148,21.145149763281527
198,149,22.884483378609723
198,150,24.678127963461385
198,151,27.698702889425952
198,152,27.593353974950542
198,153,24.129952714564347
198,154,20.483895842442923
198,155,18.534707039992572
198,156,15.119150596122994
198,157,13.10109136219319
198,158,10.828024829054364
198,159,10.555503733222832
198,160,9.398492882796571
198,161,10.60847363243895
198,162,11.460196144103357
198,163,12.975113442293951
198,164,16.467692453536504
198,165,18.19034671932251
198,166,19.616959161791286
198,167,18.20566363794992
198,168,15.198983431699052
198,169,13.591324535576653
198,170,13.050309204492242
198,171,11.251239210996328
198,172,12.81838800583819
198,173,11.908503735099773
198,174,13.43156835823471
198,175,14.486990663410989
198,176,18.09529218956721
198,177,20.299591067241433
198,178,23.46427071928292
198,179,26.802806960401362
198,180,28.292350019853124
198,181,27.460211048141566
198,182,29.245960323680848
198,183,27.112995480586704
198,184,23.978040596546037
198,185,25.451897695549032
198,186,27.147927416089516
198,187,23.892021089807905
198,188,21.223035215372516
198,189,23.736474040078523
198,190,21.747965755162014
198,191,23.25779074890081
198,192,19.978941060288864
198,193,16.685368812409767
198,194,13.053041752899569
198,195,9.979864419081679
198,196,6.439911769911379
198,197,3.7843133585535025
198,199,3.778201472105155
198,200,6.796050565433595
198,201,7.694959177934572
198,202,5.539857362121529
198,203,4.272701883136815
198,204,6.143735556555768
198,205,8.364613674661742
198,206,11.501402413031784
198,207,14.732018247157246
198,208,17.164095647921965
198,209,20.623038864274815
198,210,23.61201491409826
198,211,26.243562033530633
198,212,29.118497903645455
198,213,28.737953766779256
198,214,31.464955565145097
198,215,32.30203962010787
198,216,30.983531033842578
198,217,32.30951690354231
198,218,33.290433905190945
198,219,29.99687722409029
198,220,28.92401388288249
198,221,25.319681272661203
198,222,22.49576522066989
198,223,19.197568729809245
198,224,16.708471888924443
198,225,15.098608618508802
198,226,11.862834467643212
198,227,10.762237763717838
198,228,8.256306581967694
198,229,10.024161150304579
198,230,9.389086117394756
198,231,12.259673259853807
198,232,14.589401133259335
198,233,13.84973186987955
198,234,10.064078309229705
198,235,8.102732769586837
198,236,5.959389961323891
198,237,5.027663546032317
198,238,6.449539767874336
198,239,8.201222116423077
198,240,11.235801988469039
198,241,14.836672996089844
198,242,16.175931268535003
198,243,16.30149241590905
198,244,13.62138699388738
198,245,14.86096840165856
198,246,13.175557568120263
198,247,13.405631456442965
198,248,16.21774632888667
198,249,15.265093205579737
198,250,14.751357428435936
198,251,17.14731088686724
198,252,18.97768021309845
198,253,18.92515065730075
198,254,22.244477112034808
198,255,24.190121715613223
198,256,27.706807823031017
198,257,30.225824323392985
198,258,28.73677484118941
198,259,28.724988584821713
198,260,29.436845314199374
198,261,32.538848662776665
198,262,33.86254788348165
198,263,37.39582278596376
198,264,39.92559501857909
198,265,42.14039535955678
198,266,43.084137460425495
198,267,42.428459065483764
198,268,45.5658159757941
198,269,46.67057818307188
198,270,47.36994840063056
198,271,46.162933900112456
198,272,44.90947484862248
198,273,42.55944532482542
198,274,41.80558223533225
198,275,40.11307287917953
198,276,40.24226318167854
198,277,39.483332498809915
198,278,43.279266059859076
198,279,43.38107689827773
198,280,44.12722033689539
198,281,46.451641877315055
198,282,48.41402782841624
198,283,47.84762590582908
198,284,51.4815364264997
198,285,51.481010838230766
198,286,49.533921286916986
198,287,48.600152755224315
198,288,47.45069852524846
198,289,47.63071273968599
198,290,45.934000055052735
198,291,42.320398413531834
198,292,39.994955052749745
198,293,37.2223542875254
198,294,37.826482625183665
198,295,36.35724319285277
198,296,38.03190350703092
198,297,41.12422981180279
198,298,42.51527111336976
198,299,45.137639794213236
198,300,44.024506278708614
198,301,43.923544501238176
198,302,46.73632957651192
198,303,48.3409145353054
198,304,51.874369447479985
198,305,53.16638732832803
198,306,55.805464881884056
198,307,56.58317250150308
198,308,59.79937620632861
198,309,60.24466502819804
198,310,63.94613992383096
198,311,65.09773249431103
198,312,68.81409923010156
198,313,71.34056264150315
198,314,72.75808372039418
198,315,74.68624603929162
198,316,78.24435145213464
198,317,80.36527640475555
198,318,84.12495405829841
199,1,104.39024762548739
199,2,104.4893672736791
199,3,100.89601729758189
199,4,97.4943827239952
199,5,94.34283511104852
199,6,90.75733725230863
199,7,87.94294318287922
199,8,84.2222055112635
199,9,81.74996925363658
199,10,78.38472686823165
199,11,77.45230637251707
199,12,76.6758996041526
199,13,75.53834296770268
199,14,76.87949545322387
199,15,73.61473458369403
199,16,70.84876285566268
199,17,67.44799534290107
199,18,66.28965937644297
199,19,63.60591847794622
199,20,62.367862690110336
199,21,62.58992735020407
199,22,62.042168448565555
199,23,65.39763174158976
199,24,66.27624451838453
199,25,64.60960725685757
199,26,66.62488780479399
199,27,68.45928853831974
199,28,70.05177753188417
199,29,69.06782358770806
199,30,70.13754556829468
199,31,66.71750544848047
199,32,63.04139187830156
199,33,59.69438531479551
199,34,56.827440356746834
199,35,53.553285000721075
199,36,51.46196508070116
199,37,50.1546825768391
199,38,50.68461540935565
199,39,50.89111877489933
199,40,48.741947788593926
199,41,49.520879465020535
199,42,47.17647378030094
199,43,45.33502747203452
199,44,42.11813099350078
199,45,42.94473440398094
199,46,40.762816217391034
199,47,41.26213905814568
199,48,40.024794301316376
199,49,36.54009712194228
199,50,34.827192388724086
199,51,35.04339810800834
199,52,33.21114028998902
199,53,35.07843482493618
199,54,33.00723136132576
199,55,36.14684420306342
199,56,35.09793332368227
199,57,31.351819671310476
199,58,28.90358857928226
199,59,26.01440208924036
199,60,23.538282909698875
199,61,25.773150734670846
199,62,25.804993479513335
199,63,22.02395684134964
199,64,21.678100868564833
199,65,24.76496025087268
199,66,27.58944921857257
199,67,30.392196663481236
199,68,32.837506848194025
199,69,30.270126216144075
199,70,29.751740355684497
199,71,31.92072291054083
199,72,29.191415759360897
199,73,26.726003954597672
199,74,25.613510896297637
199,75,27.81492718136544
199,76,27.79360660013169
199,77,29.680208102122652
199,78,30.79231834326509
199,79,31.653232981514737
199,80,30.598926099888022
199,81,33.403890011443714
199,82,32.842114450830465
199,83,36.0538374260291
199,84,37.33592967632699
199,85,38.258054486619464
199,86,34.642869655015964
199,87,33.58210845400502
199,88,30.93096764295011
199,89,32.22214557938048
199,90,29.343665871676365
199,91,27.62137933620959
199,92,27.713859406199393
199,93,24.356097802087298
199,94,23.017675953091487
199,95,20.384149708897848
199,96,19.49145264397184
199,97,19.8110844900164
199,98,21.56392367465736
199,99,23.058726886434428
199,100,19.881293915288378
199,101,18.49541027715159
199,102,22.08318437155672
199,103,22.321381081498902
199,104,19.372395314641917
199,105,20.290666631850318
199,106,23.919989259831695
199,107,23.318986535798597
199,108,21.512478789885574
199,109,24.686925978199234
199,110,23.608274320881748
199,111,22.57692311914746
199,112,22.05227927093016
199,113,20.01609723767991
199,114,19.06150960914115
199,115,19.060402446613896
199,116,16.87899718748612
199,117,17.88232385857773
199,118,15.973072650082067
199,119,18.024206208731915
199,120,18.60601943826781
199,121,20.992014675012506
199,122,23.550714952460925
199,123,23.21752894536568
199,124,25.27510115547787
199,125,23.68737672144749
199,126,25.024463314104242
199,127,26.161687790113312
199,128,28.59391077270272
199,129,30.71865947957344
199,130,34.190684175242275
199,131,32.901929016759475
199,132,31.02170861471513
199,133,33.69684531967791
199,134,33.24937333615046
199,135,36.805802510386194
199,136,39.110848173806104
199,137,36.58453872026426
199,138,33.40476271676193
199,139,30.08853507367905
199,140,26.657260862578564
199,141,24.22779454861041
199,142,24.15241270736875
199,143,20.442662667969536
199,144,19.36031035037137
199,145,20.05216047266236
199,146,21.68915936671361
199,147,21.376626348021176
199,148,24.141837960649177
199,149,25.89952694705411
199,150,27.38072693870597
199,151,30.443131070102087
199,152,30.625576646841314
199,153,27.149126457126485
199,154,23.560734136714025
199,155,21.40319602373506
199,156,18.047227778346997
199,157,15.701120924584194
199,158,12.863564928271355
199,159,11.75341875115721
199,160,9.378548495332383
199,161,9.796170373562457
199,162,9.362604950287158
199,163,10.342741641188649
199,164,13.60566305622278
199,165,15.342384243518412
199,166,16.47857528134071
199,167,15.423298546592425
199,168,12.738067889030148
199,169,11.877105275979286
199,170,12.267826147277683
199,171,11.467176441370222
199,172,13.954494961593554
199,173,13.980514024067318
199,174,16.15370073802232
199,175,17.736798309613036
199,176,21.40680738631373
199,177,23.763436196598647
199,178,26.995877045744855
199,179,30.355694369363018
199,180,31.95913242815248
199,181,31.194536349328384
199,182,32.903854571597854
199,183,30.67651951616273
199,184,27.617913044843156
199,185,29.053804079724145
199,186,30.602413064367763
199,187,27.251559213896712
199,188,24.66203489241367
199,189,27.224646325199675
199,190,25.34647500573602
199,191,26.98010804266658
199,192,23.740037102758457
199,193,20.42507386343835
199,194,16.818509927856795
199,195,13.690913567621562
199,196,10.208900872511121
199,197,7.2318505548137395
199,198,3.778201472105155
199,200,3.7915175152229343
199,201,5.356517630273073
199,202,5.224483122565038
199,203,6.465389062057063
199,204,9.137390191102558
199,205,11.884903482720603
199,206,15.0765946234454
199,207,18.426216174401702
199,208,20.830556457406544
199,209,24.22843835664599
199,210,27.279984075648038
199,211,29.806706695188662
199,212,32.59707781986125
199,213,32.01308940337068
199,214,34.56961559888143
199,215,35.33480611065996
199,216,33.77381202363177
199,217,34.99021491028457
199,218,36.21912573172173
199,219,33.06313071022726
199,220,32.164285955001866
199,221,28.591121373291113
199,222,25.594881150872162
199,223,22.146709974841222
199,224,19.54036978472828
199,225,17.414316708836836
199,226,13.918563379589804
199,227,11.858537262889378
199,228,8.464645757519703
199,229,8.685227968035878
199,230,6.957438444962234
199,231,9.09575302724213
199,232,11.209313408584894
199,233,10.295867932967496
199,234,6.49915007160442
199,235,5.495553738057669
199,236,5.111604365375485
199,237,6.101939517691862
199,238,8.96861443780974
199,239,11.295060196515678
199,240,14.640908762552016
199,241,18.25905933060338
199,242,19.69600999780821
199,243,19.79340739854264
199,244,16.845224505449565
199,245,17.626313195377048
199,246,15.439741288625827
199,247,14.839213553154218
199,248,17.111899366478276
199,249,15.354122564141623
199,250,14.272208111597314
199,251,16.480343003352516
199,252,17.61071852456957
199,253,17.338087007277405
199,254,20.41055299242675
199,255,22.27431917174431
199,256,25.929987896613998
199,257,28.7507166827301
199,258,27.66112684658918
199,259,28.06016143036114
199,260,29.250303637139453
199,261,32.56131681915521
199,262,34.27892595728575
199,263,37.78379328494623
199,264,40.49430525893052
199,265,42.42801137528115
199,266,43.30163296856642
199,267,42.354729946035
199,268,45.306906394368866
199,269,46.152629993842424
199,270,46.65284981060893
199,271,45.201401439878445
199,272,43.96232814303771
199,273,41.434669833224234
199,274,40.92261082884728
199,275,39.542694214891746
199,276,39.9524877997843
199,277,39.545811384876835
199,278,43.349920966593125
199,279,43.22843878967768
199,280,43.65287097411767
199,281,45.84025944015442
199,282,47.53855021457
199,283,46.759598211042324
199,284,50.30707222010894
199,285,50.41309387204258
199,286,48.38487716906522
199,287,47.71680746084381
199,288,46.820499216021794
199,289,47.29356734299658
199,290,45.73185075648519
199,291,42.17792106288717
199,292,39.731159446607876
199,293,36.987879277046964
199,294,37.27930323874569
199,295,35.567279470153366
199,296,36.91025774265204
199,297,39.839475502279896
199,298,41.47608865789446
199,299,44.13335150892102
199,300,43.09358529706963
199,301,43.309307672230595
199,302,46.20515271094102
199,303,48.06800688200964
199,304,51.519076114925454
199,305,52.8913670139523
199,306,55.33379044781143
199,307,55.88559142280781
199,308,58.991574010801926
199,309,59.20429175047857
199,310,62.84909992881178
199,311,63.870695031921485
199,312,67.58130461226649
199,313,70.10714813616373
199,314,71.67193832300778
199,315,73.71276402711538
199,316,77.28970650488426
199,317,79.50054301548636
199,318,83.24408373394684
200,1,105.02436326038404
200,2,104.98800876384429
200,3,101.38825560131205
200,4,98.0515718539021
200,5,94.92579220603912
200,6,91.32420166755871
200,7,88.56068875820647
200,8,84.81346078947968
200,9,82.45442555366735
200,10,79.1719698325925
200,11,78.41228459494424
200,12,77.74857587591714
200,13,76.7817339686515
200,14,78.24367543214453
200,15,75.02478922774748
200,16,72.13532364957729
200,17,68.72584601838665
200,18,67.46990842189565
200,19,64.64078938441585
200,20,63.24909128836643
200,21,63.24750013302956
200,22,62.5199157899583
200,23,65.90279877112961
200,24,66.98882799826494
200,25,65.5057772526677
200,26,67.6251171474834
200,27,69.39448821671114
200,28,71.10873504610947
200,29,70.08480589910464
200,30,71.24882403292311
200,31,67.90201234116995
200,32,64.2258368411038
200,33,60.95999186730203
200,34,58.18713509182804
200,35,54.79500832127216
200,36,52.873769062847316
200,37,51.78068949345273
200,38,52.487086538678746
200,39,52.90115783280787
200,40,50.900591928576446
200,41,51.85505237282174
200,42,49.65385593198319
200,43,47.86359911393148
200,44,44.57290851074994
200,45,45.29911634288349
200,46,43.18334963164567
200,47,43.42815300874211
200,48,41.99434980297147
200,49,38.60189119021208
200,50,37.14582422791902
200,51,37.57475979350275
200,52,36.001213161238304
200,53,38.03419467956539
200,54,36.134220830261796
200,55,39.37540982474597
200,56,38.471445400001066
200,57,34.705233679461614
200,58,32.12249691205042
200,59,29.136205923464086
200,60,26.81878564237186
200,61,29.2471242432452
200,62,29.222312709578784
200,63,25.42304488267211
200,64,25.297394672637903
200,65,28.40834533960078
200,66,31.267499923070492
200,67,34.097611713865064
200,68,36.46825685704373
200,69,33.79823087634067
200,70,33.289356612201104
200,71,35.30804869047671
200,72,32.46314601808866
200,73,30.008892496446492
200,74,28.625521041195846
200,75,30.723847006961268
200,76,30.397144080783068
200,77,32.144209230701435
200,78,32.95911454366553
200,79,34.001138750057244
200,80,33.255260365916605
200,81,36.15337940263592
200,82,35.76245636298638
200,83,39.06907598590126
200,84,40.37812965255478
200,85,41.49625202352939
200,86,37.94300964080363
200,87,37.015417827265516
200,88,34.47457048794445
200,89,35.887798469706105
200,90,33.06547811229716
200,91,31.31421145674368
200,92,31.265086948359173
200,93,27.836160353293987
200,94,26.261727079729848
200,95,23.50167823653669
200,96,22.21542182151208
200,97,22.241721635600594
200,98,24.31920703433304
200,99,25.47959816448658
200,100,22.105059502390535
200,101,21.18081886943363
200,102,24.776128721290217
200,103,24.563614995775378
200,104,21.56215908719833
200,105,22.899308856901023
200,106,26.367227470583966
200,107,25.319011205203214
200,108,23.620508233898324
200,109,27.005397313069178
200,110,26.19702513307315
200,111,25.54093617583621
200,112,24.880344513451703
200,113,23.0881816995455
200,114,21.97120545352889
200,115,22.17059946714002
200,116,19.80463304786956
200,117,20.66574053701235
200,118,18.985582843390038
200,119,20.80714978495308
200,120,21.57037051503459
200,121,23.614123821971372
200,122,26.23731347500426
200,123,26.271866382525165
200,124,28.564852550444808
200,125,27.15269385894087
200,126,28.65765729461713
200,127,29.828782999899758
200,128,32.33411079086775
200,129,34.462754817588966
200,130,37.947297209088234
200,131,36.63838233360366
200,132,34.79815111795195
200,133,37.48696511544449
200,134,37.01539932740833
200,135,40.55758065982016
200,136,42.88494105409286
200,137,40.352183491362446
200,138,37.17936530321242
200,139,33.8698246699802
200,140,30.448070326766857
200,141,27.999205345012346
200,142,27.856814403872058
200,143,24.120781325557818
200,144,23.136512598016377
200,145,23.771488574279402
200,146,25.370905972147455
200,147,24.86394902534752
200,148,27.47827249456014
200,149,28.982011229526314
200,150,30.362197174105777
200,151,33.247210741293905
200,152,33.339726008737
200,153,29.742547211577897
200,154,26.28484619293019
200,155,23.797716550292794
200,156,20.287529869999993
200,157,18.245654546059583
200,158,15.066678045873735
200,159,14.20072010136176
200,160,11.545081398089348
200,161,12.198604530778475
200,162,10.82554267954889
200,163,11.648883845074135
200,164,14.212606189584022
200,165,16.194932321560874
200,166,16.88120228745447
200,167,16.436152086152127
200,168,14.229218842817446
200,169,14.265801540193017
200,170,15.183211953947248
200,171,14.942499714083661
200,172,17.58434566835025
200,173,17.736587275372653
200,174,19.79509199650934
200,175,21.180028838048603
200,176,24.844037974235185
200,177,26.98734131948068
200,178,30.2155067989329
200,179,33.48847586060647
200,180,34.96151744539847
200,181,34.01379561369169
200,182,35.878341803713724
200,183,33.85805966182315
200,184,30.648698147337267
200,185,31.940220155124663
200,186,33.70215706194112
200,187,30.478591580920227
200,188,27.682520935865867
200,189,29.982935456366597
200,190,27.855946180329866
200,191,29.430239506464794
200,192,26.160992531221275
200,193,23.06654348208593
200,194,19.394211566671448
200,195,16.64293285875339
200,196,12.932508355364988
200,197,10.556946816488079
200,198,6.796050565433595
200,199,3.7915175152229343
200,201,3.8209396827834365
200,202,6.011127974810302
200,203,8.083851906355626
200,204,11.550907702694595
200,205,14.11732005045744
200,206,17.649531068713284
200,207,20.877564464122475
200,208,23.647395587444848
200,209,26.967087127794343
200,210,30.103973813747846
200,211,32.6601825192801
200,212,35.605321573432235
200,213,35.08007053701529
200,214,37.720296059976775
200,215,38.6817304614301
200,216,37.22094094011741
200,217,38.576807934579044
200,218,39.79088434727234
200,219,36.57583419523099
200,220,35.505941321863915
200,221,31.966889321709747
200,222,28.999497895335058
200,223,25.64662307078778
200,224,22.890780653619885
200,225,20.871833911266364
200,226,17.264921837054814
200,227,15.168259985708687
200,228,11.655800916429605
200,229,11.16538674921124
200,230,9.033459667991414
200,231,9.743010055060308
200,232,11.376158768217339
200,233,9.717551494263919
200,234,6.39610872028906
200,235,6.929121405679986
200,236,8.241058851086244
200,237,8.94642431110774
200,238,12.157450464226358
200,239,13.933470602333882
200,240,17.417573196571592
200,241,20.82211581312669
200,242,22.654791305607468
200,243,23.054853717764832
200,244,20.30238852380547
200,245,21.319647052681127
200,246,19.15571291850239
200,247,18.56925413100327
200,248,20.666975344218617
200,249,18.695195891594395
200,250,17.431866469711927
200,251,19.445725207860775
200,252,20.046988579187826
200,253,19.427438039456398
200,254,22.102422286703284
200,255,23.60778259312213
200,256,27.318864724626884
200,257,30.3014655996939
200,258,29.630629762396467
200,259,30.170004946559832
200,260,31.660760307872597
200,261,34.993681783922824
200,262,36.892635193024425
200,263,40.43965837099286
200,264,43.31673804000615
200,265,45.140594893338175
200,266,46.113426564164115
200,267,45.07267395342043
200,268,47.93071553221816
200,269,48.666617750130534
200,270,48.946533267281936
200,271,47.266436886105616
200,272,45.91022690049836
200,273,43.178456715482056
200,274,42.7265619884644
200,275,41.599552446080935
200,276,42.063749327405
200,277,41.89759440517768
200,278,45.694753187648374
200,279,45.57544549141964
200,280,45.80904800943932
200,281,47.784108806549455
200,282,49.290107173654896
200,283,48.24816316727757
200,284,51.69235101893166
200,285,51.72031296456133
200,286,49.49361730652827
200,287,48.95949497815162
200,288,48.322591422960286
200,289,48.93659615083727
200,290,47.61782827823594
200,291,44.05869357431351
200,292,41.399482418499616
200,293,38.85463439704369
200,294,39.08285148048264
200,295,37.36941303974277
200,296,38.522583892115065
200,297,41.22664790571362
200,298,42.926912784928064
200,299,45.448917539651994
200,300,44.27042279206974
200,301,44.65746852375798
200,302,47.45951056257014
200,303,49.42475286199606
200,304,52.86562662334417
200,305,54.44736809084797
200,306,56.76371743943333
200,307,57.09225901419292
200,308,60.167090669994316
200,309,60.206568403373346
200,310,63.80174910170157
200,311,64.83656420653413
200,312,68.50044879399664
200,313,70.91586502495055
200,314,72.5150261791889
200,315,74.71392954300671
200,316,78.25363097787039
200,317,80.60469578498184
200,318,84.34975375772959
201,1,102.23001396351835
201,2,102.16690850790022
201,3,98.535622279652
201,4,95.21647588308507
201,5,92.04198694435594
201,6,88.47320393963014
201,7,85.65396005613249
201,8,81.91371310629586
201,9,79.53050789304586
201,10,76.27104734587452
201,11,75.55553467497514
201,12,74.83183000330708
201,13,73.90222278224854
201,14,75.33164976333326
201,15,72.0812309035215
201,16,69.15124777842729
201,17,65.69340585271279
201,18,64.3172222563811
201,19,61.453810826656586
201,20,59.95481567638889
201,21,59.914755103626746
201,22,59.096447610463265
201,23,62.438729493575586
201,24,63.56941145881233
201,25,62.10285537092357
201,26,64.30971352607774
201,27,66.13986655116773
201,28,67.95151183145072
201,29,67.02120619248582
201,30,68.30733825227371
201,31,65.01884508448984
201,32,61.315164307200305
201,33,58.124054558343325
201,34,55.3085112538883
201,35,51.87844110407244
201,36,49.937581332905104
201,37,49.0043859945185
201,38,49.68410695770785
201,39,50.285962038534024
201,40,48.46851309724919
201,41,49.636855884840244
201,42,47.451574654800176
201,43,45.87036288591775
201,44,42.635549174135576
201,45,43.520353397735654
201,46,41.65994834762954
201,47,41.894979385885556
201,48,40.43690039876931
201,49,36.993775778063025
201,50,35.79114283697142
201,51,36.077950955642336
201,52,34.69257141958746
201,53,36.64658878582299
201,54,34.78675916860799
201,55,38.061832892571346
201,56,37.22946751005881
201,57,33.476837961639056
201,58,30.609145878119712
201,59,27.66653487213613
201,60,25.431928235348224
201,61,28.19822125907777
201,62,28.394656107128494
201,63,24.64309331374327
201,64,24.776265937501545
201,65,28.136928109571077
201,66,30.81359446427818
201,67,33.9158573852031
201,68,35.996501067935654
201,69,33.221113065310696
201,70,33.11953335125314
201,71,35.00794120658704
201,72,31.93993882913333
201,73,29.85598886872968
201,74,28.493881115855125
201,75,30.17610628794793
201,76,29.5386770538245
201,77,30.875679617543916
201,78,31.355531681037192
201,79,32.18493000914702
201,80,31.54350771403575
201,81,34.320170347601284
201,82,33.902469543516865
201,83,37.222304662698036
201,84,38.41300885369165
201,85,39.822697455194806
201,86,36.405691758347935
201,87,35.65233672237385
201,88,33.361205675517
201,89,35.12650387629484
201,90,32.56117092367625
201,91,30.83424847739209
201,92,30.371761056479045
201,93,26.767137597803274
201,94,24.75393677060944
201,95,21.736292559302825
201,96,20.027425889960238
201,97,19.64175258226992
201,98,22.016456641678165
201,99,22.852336460098833
201,100,19.401535028528727
201,101,19.017411299546477
201,102,22.638834794109094
201,103,22.114552130267466
201,104,19.349871135948977
201,105,21.20236654548242
201,106,24.465649088017997
201,107,23.262207063460806
201,108,22.056584431358175
201,109,25.614663539133655
201,110,25.300974346244384
201,111,24.956603614424985
201,112,24.787093603787852
201,113,23.407281173219463
201,114,22.8849864529648
201,115,23.488718940534675
201,116,21.626311125614983
201,117,22.96453374575718
201,118,21.25275941726164
201,119,23.378943486709325
201,120,23.896350692705887
201,121,26.210443536415642
201,122,28.62808462480645
201,123,28.255617753149444
201,124,30.318973287572526
201,125,28.729511226168327
201,126,29.859724247351508
201,127,30.755217123777417
201,128,32.92689285448254
201,129,34.71677609096339
201,130,38.04562815999215
201,131,36.37915126745756
201,132,34.6693212777551
201,133,37.5674224017623
201,134,37.26677383878765
201,135,40.8958217471929
201,136,43.28522965326355
201,137,40.899861868347124
201,138,37.633842393352914
201,139,34.3080098644581
201,140,30.71411940276642
201,141,28.055987466520712
201,142,28.21028634086333
201,143,24.466672854489133
201,144,23.579323281759404
201,145,24.701222926237147
201,146,26.199884523736884
201,147,26.12520031770879
201,148,28.770233214754104
201,149,30.57935230197396
201,150,32.31398226685294
201,151,35.31182871039058
201,152,35.20482714734369
201,153,31.67591838958094
201,154,28.088527584206986
201,155,25.92673190836322
201,156,22.367890094760313
201,157,20.48494902453655
201,158,17.694772032782893
201,159,16.979522822964437
201,160,14.551343318329037
201,161,14.80571789633097
201,162,13.533082671306234
201,163,13.561444453353134
201,164,16.299305075040376
201,165,17.54939155471907
201,166,17.574838455931154
201,167,16.549152222248797
201,168,13.926213933613543
201,169,14.320507105715569
201,170,14.671698962565893
201,171,14.867152183647407
201,172,17.20740354906636
201,173,17.66505206112047
201,174,19.509150037645906
201,175,20.96567596937669
201,176,24.724812202038162
201,177,26.56611915396071
201,178,30.02536385135092
201,179,33.08467724559961
201,180,34.8328888822422
201,181,34.17688429938957
201,182,36.30314993040647
201,183,34.20969394014867
201,184,31.082461837915577
201,185,32.758736325222024
201,186,34.62937546787729
201,187,31.41670490974906
201,188,28.767930398733018
201,189,31.183884930771963
201,190,28.91615719684083
201,191,30.068603700270135
201,192,26.566148047226186
201,193,23.62044721597941
201,194,19.84773806582642
201,195,17.100985427810205
201,196,13.494023648790531
201,197,11.160393112440223
201,198,7.694959177934572
201,199,5.356517630273073
201,200,3.8209396827834365
201,202,3.8181601603104856
201,203,7.207756415049316
201,204,10.514668921701668
201,205,13.577577911883155
201,206,16.990395605697135
201,207,20.438074515270188
201,208,23.223570598828644
201,209,26.236785872951774
201,210,29.622085471553564
201,211,31.851484778586375
201,212,34.74538546188764
201,213,33.92649122001136
201,214,36.42618828612276
201,215,37.612794648685025
201,216,36.13065142901874
201,217,37.74183192734892
201,218,39.15630253497183
201,219,35.98005523570755
201,220,34.75397715940738
201,221,31.39828694270781
201,222,28.24103037249618
201,223,24.99032443867538
201,224,21.859986121562102
201,225,19.809465251426467
201,226,16.046965731149754
201,227,13.964242594806821
201,228,10.634304373731869
201,229,10.102329406379148
201,230,9.098370189582976
201,231,9.605713996786855
201,232,12.19059227377972
201,233,11.542606020367684
201,234,8.448301952356411
201,235,9.650969149444789
201,236,10.284992337284345
201,237,11.334223771567085
201,238,13.928161483185999
201,239,15.696193837246886
201,240,18.788100493967352
201,241,22.240214510909755
201,242,23.668051099696427
201,243,23.58766912536258
201,244,21.006884095366818
201,245,21.80142465027853
201,246,20.06647978522352
201,247,19.365649760956636
201,248,21.802746974636428
201,249,19.762183720581838
201,250,17.95895405562832
201,251,19.342779528415093
201,252,19.81524033206899
201,253,18.538083588168867
201,254,20.938589749386885
201,255,21.939241655116682
201,256,25.552885440770485
201,257,28.32836787764327
201,258,27.75688525118202
201,259,28.013306885350065
201,260,29.512663169096516
201,261,32.71080638603058
201,262,34.60914541417314
201,263,38.23760063109176
201,264,41.2660801341431
201,265,43.11228974232216
201,266,44.34500007375626
201,267,43.43602708478475
201,268,46.34202728477427
201,269,47.22692024848336
201,270,47.31752131963584
201,271,45.54247565946744
201,272,43.930787126243
201,273,41.093304031343955
201,274,40.4167587268551
201,275,39.310308162248596
201,276,39.58505385163444
201,277,39.47244885635615
201,278,43.255999986878365
201,279,43.32642800369649
201,280,43.58298515896232
201,281,45.389485335277215
201,282,46.91817761920675
201,283,45.76560188150601
201,284,49.19071440445913
201,285,49.008691174213084
201,286,46.65114797545911
201,287,46.00435514488253
201,288,45.41463488935261
201,289,45.958981224453694
201,290,44.80163583700472
201,291,41.195588054364286
201,292,38.394283706735926
201,293,36.03174569433755
201,294,36.422734939886126
201,295,34.93182019375717
201,296,36.208532838319016
201,297,38.824767631172264
201,298,40.32560752787447
201,299,42.66738066435886
201,300,41.283881533773524
201,301,41.58631614589804
201,302,44.25950270617997
201,303,46.163189875600374
201,304,49.64147237979035
201,305,51.35371605627772
201,306,53.68264463122032
201,307,53.973614732968144
201,308,57.10714620404548
201,309,57.18652048111435
201,310,60.793335899742935
201,311,61.96290211862893
201,312,65.59461868592753
201,313,67.9179992238007
201,314,69.41786139105463
201,315,71.65330647372566
201,316,75.15030218503337
201,317,77.54733746119832
201,318,81.3094654609543
202,1,102.53199847247812
202,2,102.57469917117287
202,3,98.92255417389664
202,4,95.55822187087597
202,5,92.31591366816964
202,6,88.79318938054844
202,7,85.87426863282198
202,8,82.1674142103287
202,9,79.64955147826645
202,10,76.32795454782021
202,11,75.47195546751277
202,12,74.56486498082651
202,13,73.47574718213934
202,14,74.72455105548715
202,15,71.37965276293684
202,16,68.55780988943552
202,17,65.0527305158258
202,18,63.648526996154644
202,19,60.9192631187549
202,20,59.45940011012757
202,21,59.621792562799335
202,22,58.86738361571348
202,23,62.117388274757005
202,24,63.087065589779115
202,25,61.42499841130539
202,26,63.64011612136649
202,27,65.6369720985604
202,28,67.4307705899823
202,29,66.6592217061129
202,30,67.97003044207129
202,31,64.65618670968811
202,32,60.923156273430536
202,33,57.7114851464938
202,34,54.73401277692105
202,35,51.40736187320584
202,36,49.226257435017864
202,37,48.186458013668606
202,38,48.583015223897284
202,39,49.09460787146691
202,40,47.246480179713174
202,41,48.36059229419109
202,42,45.951954068310776
202,43,44.48941684578753
202,44,41.41673552490296
202,45,42.57973521511159
202,46,40.80327430181177
202,47,41.375691436131135
202,48,40.15127239322051
202,49,36.5615951886404
202,50,35.17877497703912
202,51,35.07611654976372
202,52,33.423357013958906
202,53,35.03969286303582
202,54,32.87955169349187
202,55,35.975534772757435
202,56,34.84746103345614
202,57,31.149261397004615
202,58,28.27222984371278
202,59,25.609063396217213
202,60,23.033785652025713
202,61,25.683281621321726
202,62,26.28384198166306
202,63,22.609235194053724
202,64,22.359936609279323
202,65,25.851430938488676
202,66,28.25134874473185
202,67,31.46619618887404
202,68,33.596236682498684
202,69,31.036525448940317
202,70,31.155965005851563
202,71,33.295937051732686
202,72,30.34051798352481
202,73,28.420952450292614
202,74,27.51298329442043
202,75,29.167862720599803
202,76,28.817387115081978
202,77,30.116790449929663
202,78,30.787700579678752
202,79,31.209545885920612
202,80,30.16959384847094
202,81,32.67795919079191
202,82,31.88114994220068
202,83,35.01496721730892
202,84,35.94116431652265
202,85,37.25018518355049
202,86,33.825258177170205
202,87,32.8221524557139
202,88,30.423226885002435
202,89,32.14501900700857
202,90,29.53734826028199
202,91,27.592832463731213
202,92,26.961561512454143
202,93,23.363751442778888
202,94,21.299238082080464
202,95,18.459540322766923
202,96,16.68320808405156
202,97,16.7367573166387
202,98,19.213104474913305
202,99,20.48674660926006
202,100,17.32808379984641
202,101,16.845381051394227
202,102,20.60708159687505
202,103,20.575542719935704
202,104,18.17237326717733
202,105,19.869514867374583
202,106,23.231916234231555
202,107,22.563490792021472
202,108,21.585857199897305
202,109,24.97824749865348
202,110,24.585993920103185
202,111,23.8590396761418
202,112,24.103965927586493
202,113,22.51768379844602
202,114,22.344574622471097
202,115,22.66084204536721
202,116,21.029694315480363
202,117,22.345044592651465
202,118,20.189835023461733
202,119,22.25185338445689
202,120,22.23629059489313
202,121,24.659574625726584
202,122,26.7303448384109
202,123,26.01581615471412
202,124,27.971495096808752
202,125,26.452847400161144
202,126,27.465152804628712
202,127,28.002088331324774
202,128,30.051958184820684
202,129,31.62323280494271
202,130,34.92132821941391
202,131,33.17548088928747
202,132,31.69454247880858
202,133,34.7486303322982
202,134,34.73473608094854
202,135,38.432425456380194
202,136,40.65688263520765
202,137,38.20199631817027
202,138,34.813376585809564
202,139,31.613904388306917
202,140,27.973333688291657
202,141,25.460695474742252
202,142,26.026991954006863
202,143,22.405892121574276
202,144,21.137109320386468
202,145,22.26427492388692
202,146,23.408819074150223
202,147,23.447227044306665
202,148,25.95646755893375
202,149,27.90201331805524
202,150,29.94490611838232
202,151,32.97571287264949
202,152,32.6583486382072
202,153,29.217277234032146
202,154,25.557508277780542
202,155,23.725908132892386
202,156,20.201843941264308
202,157,18.518001198046388
202,158,16.258829984955977
202,159,15.953232423543929
202,160,14.22414745285937
202,161,14.73825008474775
202,162,14.426062215883803
202,163,14.777455932391632
202,164,18.036484970759016
202,165,19.16399659330285
202,166,19.528433501182356
202,167,17.925772247222152
202,168,14.769835292096744
202,169,14.328435484653882
202,170,13.732877251931216
202,171,13.227463956584478
202,172,14.877088117799701
202,173,14.865657106506749
202,174,16.252778667719422
202,175,17.46319918882064
202,176,21.20451499585624
202,177,22.87519937899173
202,178,26.372252035864847
202,179,29.357241043203697
202,180,31.160548350415475
202,181,30.613882134897814
202,182,32.827919450834
202,183,30.723176377635948
202,184,27.63334569171252
202,185,29.494999694555865
202,186,31.425764759195516
202,187,28.265837298526698
202,188,25.69679053419776
202,189,28.165767768383166
202,190,25.863757182179427
202,191,26.7966450228129
202,192,23.212528156347894
202,193,20.31131673058353
202,194,16.540948895230603
202,195,13.812251238580934
202,196,10.38491504065203
202,197,8.321654366239562
202,198,5.539857362121529
202,199,5.224483122565038
202,200,6.011127974810302
202,201,3.8181601603104856
202,203,3.7855795479356664
202,204,6.753378018506511
202,205,9.98297775891248
202,206,13.264441636798937
202,207,16.785761668934878
202,208,19.50941386671251
202,209,22.456864953293415
202,210,25.877707385849614
202,211,28.04970459437122
202,212,30.942756282641525
202,213,30.1412463618767
202,214,32.693603898803204
202,215,33.94832942875293
202,216,32.5921263248841
202,217,34.32182667526468
202,218,35.63796067776708
202,219,32.399340697178424
202,220,31.05289045003509
202,221,27.730862064139508
202,222,24.607879839531922
202,223,21.465599122466706
202,224,18.28501229409861
202,225,16.515025619439037
202,226,12.82294146952304
202,227,11.3452278247784
202,228,8.582687431645608
202,229,9.413199200089739
202,230,9.511566895978877
202,231,11.258130106423868
202,232,14.307508376323632
202,233,14.0618142409543
202,234,10.545056031854203
202,235,10.587346342171182
202,236,9.793263655548015
202,237,10.243895686583807
202,238,11.910656399037872
202,239,13.424474960736223
202,240,16.0701440824359
202,241,19.49515151314973
202,242,20.601639236149897
202,243,20.278032683619617
202,244,17.919421183320996
202,245,18.81559512477145
202,246,17.548591337962172
202,247,17.267612639188428
202,248,20.16067755876046
202,249,18.629030825752466
202,250,17.068312205557827
202,251,18.50031780147145
202,252,19.618672123233193
202,253,18.484514369756567
202,254,21.208837959577277
202,255,22.340081352885274
202,256,25.83008995046419
202,257,28.283602414295505
202,258,27.257721192508118
202,259,27.08358109207953
202,260,28.11920759844943
202,261,31.141876874732525
202,262,32.69083278936079
202,263,36.369089914498375
202,264,39.258814220841096
202,265,41.36477507245523
202,266,42.682520920584196
202,267,42.04843111514479
202,268,45.14396215237565
202,269,46.293911971698535
202,270,46.56876202591394
202,271,45.03316654958482
202,272,43.39515066148786
202,273,40.73716203918153
202,274,39.80420769280298
202,275,38.365390671942
202,276,38.36441022808978
202,277,37.908536138577034
202,278,41.702729308442365
202,279,41.98547294818181
202,280,42.55968319812168
202,281,44.51654036639483
202,282,46.32643658690407
202,283,45.40857368720648
202,284,48.94266834977154
202,285,48.66514852806362
202,286,46.41418834966014
202,287,45.48518117062729
202,288,44.609225661022926
202,289,44.86079588192311
202,290,43.54153223802863
202,291,39.86547649550859
202,292,37.191251950606876
202,293,34.76034720137443
202,294,35.45776343893644
202,295,34.197340350049295
202,296,35.83485238387423
202,297,38.65493522258058
202,298,39.90514413739787
202,299,42.24133937554713
202,300,40.807067386205134
202,301,40.778505538638655
202,302,43.40397836163218
202,303,45.0601969647346
202,304,48.62570805368059
202,305,50.23128883451627
202,306,52.76716684851857
202,307,53.30842878028023
202,308,56.55673128138919
202,309,56.88862307897588
202,310,60.56491787134493
202,311,61.857524770115376
202,312,65.50852539825891
202,313,67.85765049399134
202,314,69.21356388463622
202,315,71.31350138780299
202,316,74.80456256146994
202,317,77.09285221367493
202,318,80.87330370189353
203,1,105.1324918475008
203,2,105.25276606196864
203,3,101.59014137327988
203,4,98.1958870970374
203,5,94.91004738228816
203,6,91.42276350408595
203,7,88.43747862667945
203,8,84.75917645501754
203,9,82.14708676666888
203,10,78.78281092454425
203,11,77.81708060749568
203,12,76.7705670641805
203,13,75.54903909136716
203,14,76.6448865307076
203,15,73.22736484297567
203,16,70.50888868369428
203,17,66.97472823472705
203,18,65.55319799833292
203,19,62.944941453581876
203,20,61.51523355140113
203,21,61.833375169099604
203,22,61.11175075098182
203,23,64.27166843288109
203,24,65.12355338602805
203,25,63.30744933800009
203,26,65.53562237787796
203,27,67.6725982264399
203,28,69.45121519918591
203,29,68.81171640621459
203,30,70.13362092305512
203,31,66.80175207896468
203,32,63.056790202143205
203,33,59.82969385014208
203,34,56.73111662913037
203,35,53.50734194777105
203,36,51.133823146530084
203,37,49.985051261009176
203,38,50.125585965400596
203,39,50.516239496012396
203,40,48.60667450005567
203,41,49.60584050234416
203,42,46.98282983793047
203,43,45.58170941431229
203,44,42.66685059679367
203,45,44.03179921733764
203,46,42.24893616726264
203,47,43.124591191186475
203,48,42.11494594028652
203,49,38.439675511654016
203,50,36.81388245621547
203,51,36.4137180279366
203,52,34.439412840370224
203,53,35.733269668330095
203,54,33.25061817076959
203,55,36.103308424021535
203,56,34.59874519406913
203,57,30.99229722593596
203,58,28.269951664832288
203,59,25.95199439926476
203,60,22.97439420024242
203,61,25.258742918407606
203,62,26.23260342177753
203,63,22.675212875248697
203,64,21.797849845601988
203,65,25.25865744850182
203,66,27.386045336573957
203,67,30.55477907040351
203,68,32.91736725386006
203,69,30.708031156228753
203,70,30.852965398907745
203,71,33.34514660062194
203,72,30.661647112767373
203,73,28.731780358024032
203,74,28.29125842248822
203,75,30.121400664479566
203,76,30.194134213643416
203,77,31.626686680767612
203,78,32.59112233595178
203,79,32.725117160669235
203,80,31.278449008315494
203,81,33.53550314556349
203,82,32.34879608238951
203,83,35.23483288097612
203,84,35.87863311709351
203,85,36.93900511565936
203,86,33.472750846456165
203,87,32.06474769223834
203,88,29.404051098600522
203,89,30.846412481139886
203,90,28.023253887581966
203,91,25.708571963520004
203,92,25.063635658057752
203,93,21.6195864875019
203,94,19.73605729911228
203,95,17.41038997293765
203,96,15.710306099397815
203,97,16.611236151291727
203,98,19.090193389371123
203,99,20.987173235310674
203,100,18.29149368161751
203,101,17.557710064106477
203,102,21.351100306642575
203,103,21.932348302178927
203,104,19.858873393621174
203,105,21.178192249120787
203,106,24.644558466407176
203,107,24.514709088062812
203,108,23.566165067940823
203,109,26.702714913055598
203,110,26.032980624160125
203,111,24.80545809706147
203,112,25.187490578801487
203,113,23.18993675702404
203,114,23.006602540306343
203,115,22.752881406933824
203,116,21.031694419507097
203,117,21.919557094868047
203,118,19.24673225931456
203,119,20.86769972152186
203,120,20.26481290572708
203,121,22.4783363813357
203,122,24.16129797775573
203,123,23.396906613535634
203,124,25.499994384768982
203,125,24.33524780498176
203,126,25.548571525293394
203,127,25.743922886131383
203,128,27.908733235798856
203,129,29.39978003260868
203,130,32.776055267701736
203,131,31.17641636220229
203,132,29.982433666663663
203,133,33.11538343600783
203,134,33.39645847638434
203,135,37.11590719973231
203,136,39.054968994776985
203,137,36.38397854875184
203,138,32.88255973702677
203,139,29.90147023191492
203,140,26.337667779511303
203,141,24.219856821192714
203,142,25.139704591977416
203,143,21.72032816510885
203,144,19.852886621877765
203,145,20.54865028967793
203,146,21.169944083239294
203,147,20.916560788805217
203,148,23.085775281967848
203,149,24.86855242943227
203,150,27.105595736889573
203,151,30.0088975945062
203,152,29.430700724510086
203,153,25.991923953843266
203,154,22.367746557031342
203,155,20.639109551651206
203,156,17.09196066864584
203,157,15.826031011435362
203,158,14.025153320996658
203,159,14.456175164128727
203,160,13.610620842292759
203,161,14.839596063800009
203,162,15.420096612146034
203,163,16.488429090341423
203,164,19.94585372665866
203,165,21.363318479217522
203,166,22.233037336062935
203,167,20.558953316344446
203,168,17.287530986667587
203,169,16.10783402819037
203,170,15.022476718091676
203,171,13.556004868397697
203,172,14.490770066996475
203,173,13.523673277185297
203,174,14.232853329986337
203,175,14.771060511542665
203,176,18.380335738447
203,177,19.87430840854141
203,178,23.230315363151888
203,179,26.21485933419896
203,180,27.790806280262323
203,181,27.057222515245886
203,182,29.326082152270892
203,183,27.395141060710255
203,184,24.180097465267128
203,185,25.956623809369873
203,186,28.059547259138874
203,187,25.047883721042048
203,188,22.33783953437337
203,189,24.647308883437887
203,190,22.20844406022851
203,191,23.06631118948852
203,192,19.478941242020053
203,193,16.654577338637115
203,194,12.869905524806855
203,195,10.41377777813593
203,196,6.965938478493458
203,197,5.957226443175536
203,198,4.272701883136815
203,199,6.465389062057063
203,200,8.083851906355626
203,201,7.207756415049316
203,202,3.7855795479356664
203,204,3.8063615419288
203,205,6.37669249120438
203,206,9.901674758559794
203,207,13.247438480735767
203,208,16.151332526742454
203,209,19.218973092941066
203,210,22.544575928460194
203,211,24.927307227928342
203,212,27.970823457014998
203,213,27.491711879093994
203,214,30.29364556123295
203,215,31.6033357117896
203,216,30.541295088687352
203,217,32.336836381836626
203,218,33.3227739365805
203,219,29.922051787373793
203,220,28.394297121876615
203,221,25.005003728618274
203,222,22.139950064199514
203,223,19.17980721257048
203,224,16.20503246700487
203,225,15.068772705742418
203,226,11.732714787407195
203,227,11.289675809901178
203,228,9.353779967503725
203,229,11.402388905794878
203,230,11.725210849552425
203,231,14.185105750647244
203,232,17.068216171508563
203,233,16.57915873752155
203,234,12.833339512931698
203,235,11.779239681765848
203,236,10.041195890975025
203,237,9.199909912606884
203,238,9.870382521932344
203,239,10.567906699434461
203,240,12.826650974581085
203,241,16.063841854449304
203,242,17.21730550138624
203,243,17.09393568008319
203,244,15.10085651716452
203,245,16.552176533785982
203,246,15.718659015406946
203,247,16.235335116558776
203,248,19.44449938710691
203,249,18.61497302299821
203,250,17.70905947007464
203,251,19.527784100732
203,252,21.26822746052154
203,253,20.570292898708146
203,254,23.605950419822864
203,255,24.99544532948642
203,256,28.396966396972587
203,257,30.65638623673473
203,258,29.249438637021456
203,259,28.8005460089589
203,260,29.388914129610963
203,261,32.24186529355084
203,262,33.40691841543415
203,263,37.07933808552041
203,264,39.74523732742502
203,265,42.11134563042004
203,266,43.41872485038778
203,267,43.02020111307677
203,268,46.26828895324609
203,269,47.609026794124574
203,270,48.12430651208444
203,271,46.84155721048081
203,272,45.27156679171422
203,273,42.81023507305959
203,274,41.72808363753445
203,275,39.99982261573443
203,276,39.79164351576454
203,277,38.98832494492292
203,278,42.76915679569136
203,279,43.21087617247107
203,280,44.07795519462665
203,281,46.20646840945239
203,282,48.2497054239398
203,283,47.55851905208167
203,284,51.170725613474794
203,285,50.854601193886175
203,286,48.7158306586589
203,287,47.57482661497763
203,288,46.45450709561566
203,289,46.446899943964354
203,290,44.96264730060463
203,291,41.250267375993566
203,292,38.73459567404691
203,293,36.23856997678208
203,294,37.18455924288934
203,295,36.08836658779252
203,296,37.98488588637023
203,297,40.97134692722409
203,298,42.05546746256985
203,299,44.40417733564433
203,300,42.95963245669113
203,301,42.65833710024004
203,302,45.22800760934505
203,303,46.64734837831097
203,304,50.27626525035194
203,305,51.77425312462509
203,306,54.48937116369973
203,307,55.249744605100446
203,308,58.58188085761908
203,309,59.11755861738035
203,310,62.837751101043125
203,311,64.2145775272028
203,312,67.87455634086139
203,313,70.243142111164
203,314,71.48635320531139
203,315,73.47371198038485
203,316,76.95360493994143
203,317,79.14757796781501
203,318,82.9362422584548
204,1,104.54914198143274
204,2,104.7866075357013
204,3,101.11973901146598
204,4,97.6809837548835
204,5,94.3481874066996
204,6,90.9075991809147
204,7,87.84566572820128
204,8,84.21081257080124
204,9,81.47788130889604
204,10,78.05633399420573
204,11,76.94206132585708
204,12,75.736776342996
204,13,74.35604681061228
204,14,75.28429336909586
204,15,71.8012153844101
204,16,69.2089951736186
204,17,65.66290235759334
204,18,64.26330203051023
204,19,61.81084225061703
204,20,60.472277131439995
204,21,61.0047347348095
204,22,60.400137616779695
204,23,63.47248691159088
204,24,64.13399140445242
204,25,62.131263557037585
204,26,64.31137893649405
204,27,66.56950549920167
204,28,68.2832347776628
204,29,67.76721161340369
204,30,69.06843942968311
204,31,65.7130895348167
204,32,61.96899848013852
204,33,58.72336254037244
204,34,55.503541894908
204,35,52.41463888548715
204,36,49.839501499332556
204,37,48.561115716819266
204,38,48.442984855007644
204,39,48.706474390323336
204,40,46.75519308203787
204,41,47.66580487506743
204,42,44.86142196614227
204,43,43.56359286711337
204,44,40.830286754997836
204,45,42.428660784811406
204,46,40.738721933490424
204,47,41.9208778602459
204,48,41.14726607156846
204,49,37.39337023877482
204,50,35.62096995525314
204,51,34.85989821605821
204,52,32.66684113758215
204,53,33.613303392768266
204,54,30.887752593177364
204,55,33.52296708153621
204,56,31.763427250324575
204,57,28.265899059721953
204,58,25.593106977324762
204,59,23.618478421224253
204,60,20.382160103154508
204,61,22.474088539222034
204,62,23.845495091008942
204,63,20.4952802650005
204,64,19.2600674345677
204,65,22.77245117286697
204,66,24.548837241682207
204,67,27.804472279897563
204,68,30.137250198835766
204,69,28.15946836675934
204,70,28.560808785339127
204,71,31.227169753551973
204,72,28.687695262461585
204,73,27.00673814163413
204,74,27.022398547602243
204,75,28.732739775571282
204,76,29.061053114886285
204,77,30.409120195361357
204,78,31.536929503089898
204,79,31.287153035677715
204,80,29.484911869512747
204,81,31.43876172187649
204,82,29.91297882428255
204,83,32.57248538422417
204,84,32.9753155998857
204,85,33.909945758413926
204,86,30.47180416522383
204,87,28.849391559742532
204,88,26.12522538419592
204,89,27.533543856140987
204,90,24.734458282256806
204,91,22.26160569404675
204,92,21.431644561052234
204,93,18.014301395084235
204,94,16.124458604404683
204,95,14.075178780902704
204,96,12.494290942254722
204,97,13.99057167006163
204,98,16.33232706312958
204,99,18.689146891816037
204,100,16.48686135034337
204,101,15.579723370179616
204,102,19.282948602862525
204,103,20.394023027610114
204,104,18.77757607742478
204,105,19.810853159454037
204,106,23.21691515688771
204,107,23.629586658453253
204,108,22.915564946616772
204,109,25.756565942953987
204,110,25.043813012845813
204,111,23.50879287016053
204,112,24.322735896849725
204,113,22.26959083541814
204,114,22.530832900070532
204,115,22.113562966289873
204,116,20.83963924702564
204,117,21.829855583315158
204,118,18.935486274023887
204,119,20.579115115806665
204,120,19.483812052552167
204,121,21.89536999669974
204,122,23.177570890827088
204,123,21.88285825583892
204,124,23.649787382950006
204,125,22.44055055756414
204,126,23.336278738583722
204,127,23.127569379737672
204,128,25.0218062994876
204,129,26.21487872860498
204,130,29.491762594736343
204,131,27.755963004165896
204,132,26.779614022223
204,133,30.05445876366114
204,134,30.613161281310227
204,135,34.36756263410431
204,136,36.170373856100525
204,137,33.51277835865248
204,138,29.925032722062856
204,139,27.07690161804279
204,140,23.484372882998436
204,141,21.503117393370506
204,142,22.866535407405653
204,143,19.69355723722398
204,144,17.530206161249605
204,145,18.35332177119442
204,146,18.595736602864246
204,147,18.681037515488125
204,148,20.75050869925795
204,149,22.834201021104693
204,150,25.4131999841881
204,151,28.403501750288793
204,152,27.682651141551982
204,153,24.46851992535829
204,154,20.78115279379717
204,155,19.657481441250418
204,156,16.40329663965264
204,157,15.284434963420141
204,158,14.356524918427644
204,159,14.969154659081124
204,160,14.821235280435227
204,161,15.875818865222058
204,162,17.1389094510074
204,163,18.131720645355028
204,164,21.81481443751993
204,165,22.909961022984806
204,166,23.907683303704317
204,167,21.770133585983768
204,168,18.23983871946349
204,169,16.501200674703917
204,170,14.597139740232858
204,171,12.59734527341763
204,172,12.533306490450396
204,173,11.061402345459298
204,174,11.057229681062896
204,175,11.335889187863758
204,176,14.924744978216566
204,177,16.262656553183735
204,178,19.73477282355426
204,179,22.648931003505258
204,180,24.43534944398484
204,181,23.996059336894852
204,182,26.307487570278912
204,183,24.226325875413462
204,184,21.176215062835457
204,185,23.30381263265843
204,186,25.339402969828882
204,187,22.334621872823735
204,188,19.903517581005204
204,189,22.40815041309732
204,190,20.09815614023854
204,191,20.664104335526936
204,192,17.00373576211884
204,193,14.176657197226394
204,194,10.52615057488036
204,195,7.971169210480157
204,196,5.528885288383895
204,197,5.272200960526944
204,198,6.143735556555768
204,199,9.137390191102558
204,200,11.550907702694595
204,201,10.514668921701668
204,202,6.753378018506511
204,203,3.8063615419288
204,205,3.807304166777137
204,206,6.561104818062032
204,207,10.213852333960894
204,208,12.766211503737296
204,209,15.741015347814605
204,210,19.130552135198133
204,211,21.35803010201323
204,212,24.299858850782023
204,213,23.72267519344057
204,214,26.495075194970987
204,215,27.803874190129807
204,216,26.787752957210955
204,217,28.666602836918205
204,218,29.625590627936585
204,219,26.21565925119086
204,220,24.638249501596516
204,221,21.30010940139115
204,222,18.39922838134989
204,223,15.537462470362764
204,224,12.509669518132563
204,225,11.734752437136626
204,226,8.741179750042216
204,227,9.36374117574795
204,228,8.74347975895773
204,229,11.789217343654713
204,230,13.035191391760842
204,231,16.01728290855815
204,232,19.122573097460222
204,233,19.12376568843535
204,234,15.395348011353827
204,235,13.93401856915647
204,236,11.331502441536044
204,237,10.382080143197827
204,238,9.673797098753136
204,239,10.163860357132465
204,240,11.413241043881147
204,241,14.530079884165369
204,242,14.932765328301988
204,243,14.204744436537505
204,244,12.490459525681107
204,245,13.822947495094981
204,246,13.702852596054539
204,247,14.60441099524361
204,248,18.159111508969012
204,249,17.874362328272767
204,250,17.173525774874943
204,251,18.81437888825974
204,252,21.045738740921507
204,253,20.48019175724189
204,254,23.638625760022567
204,255,25.093094740723906
204,256,28.264455979847597
204,257,30.169807098269
204,258,28.36612068999446
204,259,27.54165728599336
204,260,27.660876772024704
204,261,30.288158563046608
204,262,31.095756730988597
204,263,34.74087365607266
204,264,37.22437272140677
204,265,39.797803521876446
204,266,41.14951500615081
204,267,41.00493346923751
204,268,44.39011268517163
204,269,45.96003244226863
204,270,46.64684325092895
204,271,45.60781163101047
204,272,44.04841789195375
204,273,41.799270385835975
204,274,40.51442316949894
204,275,38.49459594752476
204,276,38.05729969433272
204,277,36.936536946557126
204,278,40.678199402916576
204,279,41.283891127415174
204,280,42.43418789944571
204,281,44.70039475116165
204,282,46.982816737784084
204,283,46.53950573745196
204,284,50.222160528475435
204,285,49.85818932781848
204,286,47.87444124187057
204,287,46.50449114154696
204,288,45.11234808583575
204,289,44.85122555658803
204,290,43.19120259235416
204,291,39.47376619689778
204,292,37.15413487024379
204,293,34.58697964395615
204,294,35.76781301146068
204,295,34.87208290947423
204,296,37.05935705841031
204,297,40.204038220856766
204,298,41.066162095517186
204,299,43.41567581180854
204,300,41.99513272059319
204,301,41.40945239472047
204,302,43.94696400596651
204,303,45.14579762163632
204,304,48.80181474123046
204,305,50.140012293145546
204,306,53.018376562016606
204,307,54.01998053268712
204,308,57.41644599304681
204,309,58.178928873218354
204,310,61.9389098822369
204,311,63.38838927909156
204,312,67.05611131486279
204,313,69.4663710511826
204,314,70.59471283293148
204,315,72.42754311915954
204,316,75.9015837293172
204,317,77.9659810234201
204,318,81.75287385874336
205,1,107.67679094410795
205,2,107.95396257488258
205,3,104.27601600179955
205,4,100.82965713323148
205,5,97.46026895090627
205,6,94.0576198398293
205,7,90.94297575488223
205,8,87.33532790502828
205,9,84.54169490170861
205,10,81.1079019874462
205,11,79.93599597868217
205,12,78.6192563344404
205,13,77.15658326906113
205,14,77.9563352984538
205,15,74.4187793611311
205,16,71.9039286661286
205,17,68.33396033334171
205,18,66.88523280385131
205,19,64.52157208605692
205,20,63.166121036203215
205,21,63.78625183308875
205,22,63.15626772633418
205,23,66.13128168767409
205,24,66.73500197019106
205,25,64.63601390459131
205,26,66.85915325731654
205,27,69.23998855124121
205,28,70.97504076725004
205,29,70.59090921541721
205,30,71.93446467766007
205,31,68.5951263237045
205,32,64.84972397310536
205,33,61.62793082468496
205,34,58.32460786191005
205,35,55.317068811222484
205,36,52.61181819283574
205,37,51.30230664820212
205,38,50.9753033844068
205,39,51.18212357241774
205,40,49.233126583427904
205,41,50.07657903514354
205,42,47.11498163544716
205,43,45.914136725106964
205,44,43.34878859528239
205,45,45.10901608230018
205,46,43.44936401706435
205,47,44.846093903636216
205,48,44.22812757685012
205,49,40.447559575621305
205,50,38.5348160551764
205,51,37.557912853620024
205,52,35.15319983098805
205,53,35.8074808900454
205,54,32.84462769313378
205,55,35.20000103896695
205,56,33.10016745467414
205,57,29.777619046769065
205,58,27.305439465839758
205,59,25.729357971898832
205,60,22.242444739745828
205,61,23.90120135600607
205,62,25.61505177134993
205,63,22.50343549046795
205,64,20.70828592406639
205,65,24.04033628636174
205,66,25.452697421658417
205,67,28.5712733598989
205,68,31.0998269136382
205,69,29.535421228758846
205,70,29.954880414160105
205,71,32.9066867443458
205,72,30.67273480897278
205,73,29.01177126773681
205,74,29.41104205793528
205,75,31.242863537913365
205,76,31.885941713062497
205,77,33.30723798859696
205,78,34.60968071524405
205,79,34.15015104113789
205,80,32.078074660197885
205,81,33.77394045106582
205,82,31.925676360675872
205,83,34.2943341497201
205,84,34.380451926222655
205,85,35.08347177846304
205,86,31.68934749749731
205,87,29.67426543823556
205,88,26.744620965333496
205,89,27.812961090173758
205,90,24.838456550638483
205,91,21.93844668499995
205,92,21.052302010122258
205,93,17.971708203555384
205,94,16.348770372763244
205,95,15.11816723625119
205,96,13.633710797426003
205,97,15.888465963246405
205,98,18.17404446601518
205,99,20.93307309644828
205,100,19.22673054629402
205,101,18.29339159575904
205,102,21.831942139830325
205,103,23.3218384097215
205,104,22.011388314613775
205,105,22.808735145240373
205,106,26.167258811747658
205,107,26.902896547002975
205,108,26.24014633439018
205,109,28.876956574122744
205,110,27.993933347898157
205,111,26.135419130661504
205,112,26.993816954049375
205,113,24.65746293619777
205,114,24.825013492141597
205,115,23.911947148131603
205,116,22.512915682991498
205,117,22.9940558533921
205,118,19.715421317064607
205,119,20.734613145087387
205,120,19.011524454824674
205,121,20.9771981785847
205,122,21.705031075234945
205,123,20.45450951094449
205,124,22.434612058047787
205,125,21.786044232663837
205,126,22.961472292651656
205,127,22.301130014689573
205,128,24.315101667673407
205,129,25.35894957174915
205,130,28.676730389008167
205,131,27.15158611166994
205,132,26.596838831873402
205,133,29.911844819010483
205,134,30.824574744248025
205,135,34.537916773649535
205,136,35.97149767500533
205,137,33.08027698156417
205,138,29.40510900496221
205,139,26.90060992189695
205,140,23.504999623562345
205,141,22.087222196480866
205,142,23.80014671931228
205,143,20.972696687339344
205,144,18.245653800109785
205,145,18.4572254064292
205,146,17.958399832263016
205,147,17.5757899328357
205,148,19.017846991069163
205,149,20.75269975103676
205,150,23.563065635821733
205,151,26.280186839052107
205,152,25.150409105067148
205,153,21.95638223583807
205,154,18.423006097162556
205,155,17.44187214596978
205,156,14.25429466889849
205,157,13.95202320066229
205,158,13.709351230383582
205,159,15.225438114514732
205,160,15.936956180285595
205,161,17.639689921785116
205,162,19.391978581058282
205,163,20.907880980759646
205,164,24.56033920313809
205,165,25.947644781338088
205,166,27.239969452186394
205,167,25.21476683515714
205,168,21.74280440079675
205,169,19.729577438429686
205,170,17.748165464570526
205,171,15.248633929809728
205,172,14.635987061635536
205,173,12.282680796366627
205,174,11.272238731972518
205,175,10.274247929969679
205,176,13.377005026304067
205,177,14.226126680663866
205,178,17.39762546141206
205,179,20.217104829339252
205,180,21.600611990565653
205,181,20.827332073971395
205,182,23.30250601242954
205,183,21.573194554544344
205,184,18.30109709644083
205,185,20.27289781618021
205,186,22.649018818746942
205,187,19.956979649892503
205,188,17.28861602340711
205,189,19.427695036480944
205,190,16.8154319483122
205,191,17.15708188366154
205,192,13.44534468011925
205,193,10.896485276964926
205,194,7.258590182461306
205,195,5.7854042467527105
205,196,4.3278176887155695
205,197,6.6256783363823
205,198,8.364613674661742
205,199,11.884903482720603
205,200,14.11732005045744
205,201,13.577577911883155
205,202,9.98297775891248
205,203,6.37669249120438
205,204,3.807304166777137
205,206,3.803745299612951
205,207,6.873849792177053
205,208,9.958435618175084
205,209,13.044759547693348
205,210,16.286928972108107
205,211,18.83005296860245
205,212,22.035498395322932
205,213,21.968873641097144
205,214,25.088443818088717
205,215,26.539789428541557
205,216,25.99537310064481
205,217,27.987920555504754
205,218,28.477955004430864
205,219,24.876005457105933
205,220,22.98545314153514
205,221,19.63678931730685
205,222,17.22996500380346
205,223,14.842750528833896
205,224,12.300908939962483
205,225,12.628788110291158
205,226,10.556682062188813
205,227,12.150546218890655
205,228,12.109062292756969
205,229,15.367108149802888
205,230,16.42685011176411
205,231,19.52690917007116
205,232,22.424612598459504
205,233,22.10038571066024
205,234,18.313775208532878
205,235,16.38332991387648
205,236,13.590684475552973
205,237,11.667343792917528
205,238,10.082755873596708
205,239,9.160594278157596
205,240,9.421079948410673
205,241,11.88519774785652
205,242,12.37665581851464
205,243,12.062008339869793
205,244,11.231225537594549
205,245,13.42825624661273
205,246,13.966272853481914
205,247,15.784294265884753
205,248,19.40538757469073
205,249,19.78714046360465
205,250,19.691906243422874
205,251,21.60496390733273
205,252,24.153446948705966
205,253,23.87772098603036
205,254,27.14491949536288
205,255,28.705781135419695
205,256,31.806358864738847
205,257,33.58465553970238
205,258,31.591184764468803
205,259,30.578837447295378
205,260,30.371006746702214
205,261,32.787104499830285
205,262,33.24322425220362
205,263,36.83323885448514
205,264,39.095092828629916
205,265,41.88018725710092
205,266,43.2407233543864
205,267,43.31864405090442
205,268,46.80205669549918
205,269,48.52469200015401
205,270,49.38329274519804
205,271,48.535032241211674
205,272,47.014714685726176
205,273,44.909623018995084
205,274,43.504295987865184
205,275,41.29592328807938
205,276,40.669444655439754
205,277,39.28352830065892
205,278,42.963754157829214
205,279,43.73374065770806
205,280,45.1142666265234
205,281,47.46693780805836
205,282,49.910057797479844
205,283,49.6115037369548
205,284,53.32094723525211
205,285,52.89025502145039
205,286,50.962164788487534
205,287,49.42676694380317
205,288,47.880851019018756
205,289,47.39885142685103
205,290,45.665138392605016
205,291,41.94363298270205
205,292,39.73860482089851
205,293,37.206853472904854
205,294,38.60316747667019
205,295,37.87906818372351
205,296,40.23474877572059
205,297,43.4446954742321
205,298,44.157891862714834
205,299,46.45761890720033
205,300,44.9866575186135
205,301,44.18641541206039
205,302,46.612701846542535
205,303,47.588698572176035
205,304,51.282769563428815
205,305,52.57197414227049
205,306,55.58114010986565
205,307,56.73311604500733
205,308,60.193507231246706
205,309,61.11025609303126
205,310,64.88750436584708
205,311,66.4285504524174
205,312,70.07985124186253
205,313,72.46634004939234
205,314,73.48099847260458
205,315,75.24186282365748
205,316,78.68213506963718
205,317,80.68728907541042
205,318,84.47565626726784
206,1,107.65239332275925
206,2,108.04318115602486
206,3,104.36760612066449
206,4,100.8855025435808
206,5,97.47676725892978
206,6,94.12871561285172
206,7,90.94610167838488
206,8,87.39117567644578
206,9,84.48740980465806
206,10,81.009346549432
206,11,79.69583720400755
206,12,78.22410839500887
206,13,76.60720148291432
206,14,77.23155421829944
206,15,73.6398547135885
206,16,71.26501373302023
206,17,67.6983670934619
206,18,66.27440800620258
206,19,64.08067233283745
206,20,62.81858572520185
206,21,63.64575665541488
206,22,63.127208604715264
206,23,65.99614629000159
206,24,66.41151068926766
206,25,64.1365863201621
206,26,66.30569255700702
206,27,68.80170310283206
206,28,70.46803633951777
206,29,70.21436637910337
206,30,71.53484068553628
206,31,68.18921630719437
206,32,64.46384337689383
206,33,61.2439911175773
206,34,57.839182622148236
206,35,54.988665516843774
206,36,52.10137179825857
206,37,50.67417138587014
206,38,50.079005585718576
206,39,50.15109200522378
206,40,48.17638458829777
206,41,48.91363974542281
206,42,45.78168836985277
206,43,44.704094610172596
206,44,42.366143083080225
206,45,44.347660735423624
206,46,42.79531216374563
206,47,44.48915656524612
206,48,44.11402412996595
206,49,40.30668915477252
206,50,38.266814715190705
206,51,36.943776864323425
206,52,34.34089250423878
206,53,34.60308395980895
206,54,31.41471774997139
206,55,33.45613081843274
206,56,31.063104152948558
206,57,27.955889302089677
206,58,25.643637848765206
206,59,24.546536802118077
206,60,20.878488024370156
206,61,22.16433898161545
206,62,24.306005894748385
206,63,21.570488885666308
206,64,19.368179824828715
206,65,22.572885194581815
206,66,23.482693275629888
206,67,26.585693610277346
206,68,29.073592624376346
206,69,27.869884594353138
206,70,28.54388485826202
206,71,31.660064028762193
206,72,29.670908134606496
206,73,28.29345712565186
206,74,29.1704789914513
206,75,30.86772827661001
206,76,31.777061211945455
206,77,33.10600418170497
206,78,34.55758360316346
206,79,33.73274743779372
206,80,31.330837791211742
206,81,32.660074395937464
206,82,30.459957171391054
206,83,32.49904833644562
206,84,32.27641790014229
206,85,32.7849874031482
206,86,29.482625122441444
206,87,27.183399572324742
206,88,24.188419381592766
206,89,25.109322436606423
206,90,22.174418219248995
206,91,19.02721001040755
206,92,17.911025218099915
206,93,15.067067441684175
206,94,13.613657776011665
206,95,13.130542858405617
206,96,11.98542061160857
206,97,14.937416954496154
206,98,16.874220896989314
206,99,20.040397621798284
206,100,19.000893541926203
206,101,17.954283337486075
206,102,21.165629139163837
206,103,23.148720411018335
206,104,22.33574656771224
206,105,22.808676236572904
206,106,25.979597102233157
206,107,27.214570147646874
206,108,26.77047927086108
206,109,29.05184135353669
206,110,28.12776690910388
206,111,26.003535014289533
206,112,27.22294015870164
206,113,24.87344101879485
206,114,25.409471665055385
206,115,24.323744641078303
206,116,23.352838121450716
206,117,23.851516775294183
206,118,20.47675393694532
206,119,21.397594448480472
206,120,19.205049129811325
206,121,21.214270024657708
206,122,21.416238114326404
206,123,19.638684337171526
206,124,21.202710091746898
206,125,20.636913253769222
206,126,21.472481679966872
206,127,20.262020493207203
206,128,21.930908833514412
206,129,22.55862481578902
206,130,25.723077923098035
206,131,24.106528883596873
206,132,23.924213468275717
206,133,27.35736988640521
206,134,28.640785650792655
206,135,32.32831650467326
206,136,33.52431105667148
206,137,30.63358603267809
206,138,26.89115575082792
206,139,24.659067780597244
206,140,21.35890327450026
206,141,20.2815721899939
206,142,22.49185447219972
206,143,20.10924596770169
206,144,17.091341075567023
206,145,17.28608058128938
206,146,16.18082204542426
206,147,16.112773745236566
206,148,17.211215285986583
206,149,19.18156554827242
206,150,22.35813277581333
206,151,25.057955181914082
206,152,23.717925115286295
206,153,20.87930223696345
206,154,17.43485746787031
206,155,17.246416224124292
206,156,14.631881450171077
206,157,14.6321814616816
206,158,15.317197201567257
206,159,16.92252342925457
206,160,18.159572367000266
206,161,19.669731881337206
206,162,21.846393932330542
206,163,23.28052716229763
206,164,27.01726037785193
206,165,28.161271477069413
206,166,29.541221566997706
206,167,27.220526168935972
206,168,23.64969737262562
206,169,21.290026509854158
206,170,18.799106744054715
206,171,16.002427827692163
206,172,14.477660134292943
206,173,11.664125358198968
206,174,9.546910891446558
206,175,7.615197103217166
206,176,10.242755732018407
206,177,10.586510488456476
206,178,13.817980433205463
206,179,16.506291890048825
206,180,18.072034515665855
206,181,17.624640174816445
206,182,20.19037489027529
206,183,18.355623371053753
206,184,15.279792795432089
206,185,17.68376566455434
206,186,20.01934460331473
206,187,17.461465048753244
206,188,15.183728498448069
206,189,17.432041228597104
206,190,15.007905509467397
206,191,14.86488066007291
206,192,11.14104266738766
206,193,8.822018104088771
206,194,5.910214426335706
206,195,5.284927118437042
206,196,6.391394043666179
206,197,8.862234636324974
206,198,11.501402413031784
206,199,15.0765946234454
206,200,17.649531068713284
206,201,16.990395605697135
206,202,13.264441636798937
206,203,9.901674758559794
206,204,6.561104818062032
206,205,3.803745299612951
206,207,3.803610734706618
206,208,6.3297610928545565
206,209,9.342079595970048
206,210,12.654091559942822
206,211,15.08884981681564
206,212,18.24309651113696
206,213,18.204752532345022
206,214,21.385805014065834
206,215,22.864259831359675
206,216,22.5120510383252
206,217,24.617326643340927
206,218,24.946168098542785
206,219,21.2978174031564
206,220,19.25773257855517
206,221,15.982779045082088
206,222,13.728738049182915
206,223,11.74380154527928
206,224,9.497882924269886
206,225,10.815565563290505
206,226,9.858732176117806
206,227,12.501719103556955
206,228,13.553456030802865
206,229,17.175626847800217
206,230,18.738817840230077
206,231,22.068803884025968
206,232,25.053812348915084
206,233,25.049172268898285
206,234,21.31804331720054
206,235,19.201374528805125
206,236,16.019968399297014
206,237,14.177693784474917
206,238,11.777173785261773
206,239,10.673512608163124
206,240,9.582403289017849
206,241,11.370625747466287
206,242,10.766716130691972
206,243,9.670594652649688
206,244,9.70987931370001
206,245,11.82851129746506
206,246,13.371591904598098
206,247,15.630816721327719
206,248,19.348295091064664
206,249,20.30547122593918
206,250,20.46716746158105
206,251,22.176642378851408
206,252,25.06713938422117
206,253,24.93973608085914
206,254,28.22354282467152
206,255,29.814837088719663
206,256,32.65916960845447
206,257,34.095133930713835
206,258,31.7748053071557
206,259,30.43255957659189
206,260,29.75147473928093
206,261,31.866381205942208
206,262,31.906198547545564
206,263,35.392965743515255
206,264,37.39842700341277
206,265,40.387762730892234
206,266,41.77253349699914
206,267,42.12959887721414
206,268,45.7201256773337
206,269,47.66358583430231
206,270,48.70164535076172
206,271,48.114792818155536
206,272,46.628172103268895
206,273,44.75972436116488
206,274,43.17389520902425
206,275,40.69840243991069
206,276,39.84210772742641
206,277,38.13148486181145
206,278,41.715336105647886
206,279,42.65521442094971
206,280,44.32173391613625
206,281,46.793504669906156
206,282,49.45658736478694
206,283,49.40916361265924
206,284,53.15550023777223
206,285,52.680397229434185
206,286,50.919215811665865
206,287,49.17042286362994
206,288,47.367229829685364
206,289,46.62474363727725
206,290,44.728500777592416
206,291,41.047025446203335
206,292,39.07744265106272
206,293,36.51878959495511
206,294,38.138413826729916
206,295,37.62834547068139
206,296,40.23137897148532
206,297,43.55218220944237
206,298,44.04279687230642
206,299,46.31584159122236
206,300,44.88073417186408
206,301,43.80390540925802
206,302,46.16290887434455
206,303,46.89517643732435
206,304,50.58456021027236
206,305,51.70172742341983
206,306,54.85888834031147
206,307,56.24887606250227
206,308,59.752953132161515
206,309,60.892180375112254
206,310,64.68703527866788
206,311,66.29490412136333
206,312,69.93509724481814
206,313,72.34935509286873
206,314,73.24270703732324
206,315,74.8432174406827
206,316,78.26228570415651
206,317,80.13075343759225
206,318,83.90485063902355
207,1,110.50314980876684
207,2,110.94431274961396
207,3,107.2627863035405
207,4,103.77354351437103
207,5,100.33052320686377
207,6,97.02893652294692
207,7,93.79432655753334
207,8,90.27651629309099
207,9,87.30935684255722
207,10,83.82204031462034
207,11,82.4430974615476
207,12,80.85519932711134
207,13,79.1508583809707
207,14,79.63593137477402
207,15,75.99891440440057
207,16,73.71756397096115
207,17,70.14163175335152
207,18,68.68078502509857
207,19,66.59442713889824
207,20,65.33307099576604
207,21,66.25930943366085
207,22,65.73455122778515
207,23,68.49480296840058
207,24,68.83347166701718
207,25,66.45998545852524
207,26,68.65198495735338
207,27,71.26251471939453
207,28,72.93442057769417
207,29,72.81578853007292
207,30,74.16868634664151
207,31,70.8479712848295
207,32,67.13618525214882
207,33,63.95112366427857
207,34,60.47551493656172
207,35,57.72613211068534
207,36,54.72097228441916
207,37,53.265792802317975
207,38,52.46254985089537
207,39,52.47413914879397
207,40,50.5185046088637
207,41,51.186332968776114
207,42,47.92322884743591
207,43,46.96213145556504
207,44,44.81848252411326
207,45,46.95002651918484
207,46,45.45749123253651
207,47,47.347742564350014
207,48,47.12735575532837
207,49,43.32125034725333
207,50,41.18245960886132
207,51,39.65817632792661
207,52,36.901427260844216
207,53,36.87095377075671
207,54,33.5116096874684
207,55,35.23599930145418
207,56,32.552297916880754
207,57,29.702820580114206
207,58,27.634128023588264
207,59,26.953596347078836
207,60,23.193038136084798
207,61,24.04076009720465
207,62,26.45547906934591
207,63,24.043504339126223
207,64,21.456101607313766
207,65,24.367597242687616
207,66,24.845482958407064
207,67,27.731436418273745
207,68,30.30932269360882
207,69,29.55078722844857
207,70,30.275647460108175
207,71,33.58363800797261
207,72,31.90988257836897
207,73,30.62392777121317
207,74,31.836405630849807
207,75,33.57198572211372
207,76,34.72667939933528
207,77,36.073034129383025
207,78,37.64643763995644
207,79,36.6253504566779
207,80,34.013897232506174
207,81,35.06885289662711
207,82,32.59766538050548
207,83,34.306458678454206
207,84,33.76061052286554
207,85,34.03351094717597
207,86,30.862678155887462
207,87,28.227266881116304
207,88,25.136118676581308
207,89,25.69049139424349
207,90,22.714128934716804
207,91,19.233256796523055
207,92,18.043542460835603
207,93,15.801616097498647
207,94,14.761139577207661
207,95,15.183181707214292
207,96,14.257312466362558
207,97,17.57464520060029
207,98,19.332782661933976
207,99,22.68202388799697
207,100,22.082099760795224
207,101,21.06660884459104
207,102,24.032332782119003
207,103,26.26225896825505
207,104,25.71419866917304
207,105,26.01430144258815
207,106,29.070230302013364
207,107,30.550833212796277
207,108,30.17704021833392
207,109,32.26472984616721
207,110,31.24085245719186
207,111,28.903267817078202
207,112,30.178670192039274
207,113,27.678993811468633
207,114,28.184145291686765
207,115,26.75656026823516
207,116,25.77497903631508
207,117,25.897469390765142
207,118,22.34052538491619
207,119,22.72735785596938
207,120,20.030882299524077
207,121,21.555146247358827
207,122,21.095808537852474
207,123,19.302855016698196
207,124,20.89205761327184
207,125,20.91952072485038
207,126,21.896553528475323
207,127,20.159719802194555
207,128,21.77895444266872
207,129,22.10729681035327
207,130,25.166365041544502
207,131,23.781421418079866
207,132,24.128411994810865
207,133,27.527855938317515
207,134,29.198815842484176
207,135,32.761158518136675
207,136,33.535596733337414
207,137,30.480740396031678
207,138,26.724787716546004
207,139,24.96073694456671
207,140,21.993327946141925
207,141,21.54390384961527
207,142,24.053050771892494
207,143,22.117459832050947
207,144,18.767244669945406
207,145,18.436431864087883
207,146,16.57939197267408
207,147,16.136286638476353
207,148,16.378873391096047
207,149,17.931926712601566
207,150,21.352482088311735
207,151,23.669135257356942
207,152,21.84232184803682
207,153,19.23682233287136
207,154,16.160426897687483
207,155,16.414044907915784
207,156,14.26377991943578
207,157,15.142090328880819
207,158,16.53956584138745
207,159,18.71296895497592
207,160,20.522928586229813
207,161,22.370213459112822
207,162,24.82460785705868
207,163,26.54375496145169
207,164,30.235632335388885
207,165,31.53503814592039
207,166,33.09397091442727
207,167,30.82741695399968
207,168,27.297455247692913
207,169,24.78840762948656
207,170,22.26481078538161
207,171,19.25485584933327
207,172,17.425122378517734
207,173,14.238462581796421
207,174,11.499045114224552
207,175,8.482670580035148
207,176,9.761428425060421
207,177,9.074800543860013
207,178,11.634680378779755
207,179,14.00243960299062
207,180,15.047975610807857
207,181,14.27777332712408
207,182,17.11612195407068
207,183,15.753203530320649
207,184,12.53012799953787
207,185,14.865281594053906
207,186,17.593326082568492
207,187,15.579304072378827
207,188,13.268345462522495
207,189,14.96900871632751
207,190,12.291629636854145
207,191,11.522144608451327
207,192,7.768399116647343
207,193,6.3783315390591655
207,194,4.852824471105694
207,195,6.636328100558445
207,196,8.85918211232648
207,197,11.98543015150313
207,198,14.732018247157246
207,199,18.426216174401702
207,200,20.877564464122475
207,201,20.438074515270188
207,202,16.785761668934878
207,203,13.247438480735767
207,204,10.213852333960894
207,205,6.873849792177053
207,206,3.803610734706618
207,208,3.8238743260674175
207,209,6.657410271066907
207,210,9.621669963163777
207,211,12.430130239773932
207,212,15.861878387981585
207,213,16.498414565214862
207,214,20.014291774398302
207,215,21.63893884882669
207,216,21.88390077201346
207,217,24.08759109845007
207,218,23.862160773321
207,219,20.090987880799176
207,220,17.68396973062681
207,221,14.57786728263687
207,222,13.158778015052958
207,223,12.095119942841023
207,224,10.790078388255308
207,225,13.079062353625805
207,226,12.982107034622402
207,227,15.954411899386612
207,228,17.228855369850557
207,229,20.892989972480464
207,230,22.36323677216947
207,231,25.744414687402127
207,232,28.617351698615554
207,233,28.441865833993266
207,234,24.69817832656656
207,235,22.349790401558916
207,236,19.12542456288315
207,237,16.851353569955485
207,238,14.07733897444373
207,239,12.145197788576347
207,240,10.019317170570917
207,241,10.482465415037916
207,242,9.561552528663944
207,243,8.817917690095102
207,244,10.306129929788282
207,245,12.932529627377441
207,246,15.079646910452169
207,247,17.90605430124476
207,248,21.48660644832351
207,249,22.94299677329092
207,250,23.51334282415363
207,251,25.33531667579612
207,252,28.40614080734233
207,253,28.463783156653125
207,254,31.78590784757388
207,255,33.42841572884198
207,256,36.18488268265958
207,257,37.48509886155789
207,258,35.019730100564225
207,259,33.51509874878786
207,260,32.54957480981189
207,261,34.42669118087144
207,262,34.12903542354169
207,263,37.50279324317533
207,264,39.26054751709715
207,265,42.42263264389167
207,266,43.812357274153186
207,267,44.39704454989983
207,268,48.05279843868425
207,269,50.143292291846976
207,270,51.33357308990353
207,271,50.93706086557165
207,272,49.48730000677672
207,273,47.77143499899525
207,274,46.071638306193876
207,275,43.433461914172824
207,276,42.397116037637886
207,277,40.44743521775333
207,278,43.92629905715878
207,279,45.02416488323103
207,280,46.904772209523294
207,281,49.43847542226111
207,282,52.24519587634796
207,283,52.34401217521648
207,284,56.0975000693272
207,285,55.55777028372087
207,286,53.86765723674542
207,287,51.962996842543255
207,288,50.013459895478015
207,289,49.056720931021125
207,290,47.09790762237248
207,291,43.45071503010805
207,292,41.62050038801328
207,293,39.1214585211661
207,294,40.92817556472754
207,295,40.58989138063825
207,296,43.334168132757824
207,297,46.69391469512322
207,298,47.0319756075048
207,299,49.24207195909519
207,300,47.77342857363614
207,301,46.49415342779692
207,302,48.73191952925078
207,303,49.23922281660602
207,304,52.934968767356445
207,305,53.98363149253467
207,306,57.25367650909018
207,307,58.79487477076099
207,308,62.34431677450984
207,309,63.64008703583894
207,310,67.43848768710224
207,311,69.13127779033316
207,312,72.74438782188108
207,313,75.13312643874208
207,314,75.90737136855677
207,315,77.41996399594974
207,316,80.79658047102413
207,317,82.59038177292635
207,318,86.35493707552708
208,1,110.16756517272535
208,2,110.73761119528304
208,3,107.07973395442153
208,4,103.54698440481296
208,5,100.0967768415582
208,6,96.83289178942329
208,7,93.56766254593684
208,8,90.10131623574154
208,9,87.04501846746275
208,10,83.5066006682825
208,11,81.97022722229205
208,12,80.27682845485226
208,13,78.41415058206667
208,14,78.76112046819966
208,15,75.1065781864602
208,16,72.97993291212448
208,17,69.44957421201067
208,18,68.09690284701712
208,19,66.19011102355034
208,20,65.09531337676168
208,21,66.23424959591205
208,22,65.88957694980449
208,23,68.58411210293447
208,24,68.7113118202257
208,25,66.17792209033954
208,26,68.241152019465
208,27,70.89576009688815
208,28,72.43065402661054
208,29,72.36547294616064
208,30,73.61729204886609
208,31,70.26595352668659
208,32,66.60031144787719
208,33,63.38598195291876
208,34,59.859805607565214
208,35,57.283481753297295
208,36,54.14837615074724
208,37,52.51075396062348
208,38,51.50305362842083
208,39,51.29821368968429
208,40,49.243809446664166
208,41,49.715710485887286
208,42,46.330985429875426
208,43,45.39316379009516
208,44,43.44712932655529
208,45,45.69289378570776
208,46,44.22562978273054
208,47,46.37126481246465
208,48,46.38392393274259
208,49,42.606092435217974
208,50,40.30063973236105
208,51,38.524343458517976
208,52,35.57266952604419
208,53,35.214145085974444
208,54,31.70128752103508
208,55,33.09935658861366
208,56,30.177975978329503
208,57,27.58276358298362
208,58,25.830187804407565
208,59,25.585241393543892
208,60,21.785223938281984
208,61,22.118612159996616
208,62,24.776405767235058
208,63,22.796845650894685
208,64,19.868690018286784
208,65,22.458174592469135
208,66,22.468962890487525
208,67,25.186605035086128
208,68,27.741781822556938
208,69,27.371888109438324
208,70,28.2238674851553
208,71,31.64736318522996
208,72,30.29060212247993
208,73,29.22317809365545
208,74,30.856599281588935
208,75,32.51122260387962
208,76,33.96138801414672
208,77,35.302411696693596
208,78,37.081750265303235
208,79,35.81842236180816
208,80,32.928186877882126
208,81,33.68618159720121
208,82,30.97496679438046
208,83,32.359094224480714
208,84,31.626364107055387
208,85,31.587479406924587
208,86,28.497100616129227
208,87,25.59692143049039
208,88,22.418479182886376
208,89,22.673222543120463
208,90,19.72135453958761
208,91,16.08642165607173
208,92,14.89663150276468
208,93,13.176076307930296
208,94,12.76365024890948
208,95,14.068421498914775
208,96,13.92326113215533
208,97,17.58678718000595
208,98,18.69022085899176
208,99,22.299926502275866
208,100,22.252511677585904
208,101,20.95531937723844
208,102,23.490266480626037
208,103,26.151896357778398
208,104,25.921470819339532
208,105,25.782795249589785
208,106,28.65179646679205
208,107,30.569535437323346
208,108,30.250797375933118
208,109,31.936607454126435
208,110,30.777787574187265
208,111,28.18637022923211
208,112,29.67380075411266
208,113,27.166387278721352
208,114,27.939418110087882
208,115,26.362646689511593
208,116,25.80162482198158
208,117,25.959005383628938
208,118,22.47029404798938
208,119,22.833931754342487
208,120,19.890158687821447
208,121,21.516484864147884
208,122,20.675390628781983
208,123,18.336650474035917
208,124,19.321024930946287
208,125,19.33114298121317
208,126,19.87881971863315
208,127,17.66314080464535
208,128,18.872266964386338
208,129,18.807694864908502
208,130,21.69486524797679
208,131,20.313945907564605
208,132,20.979134315611113
208,133,24.384669281864912
208,134,26.348020523170945
208,135,29.819851594885765
208,136,30.370668009407517
208,137,27.345054069174445
208,138,23.58942130768675
208,139,22.119033931108806
208,140,19.35978333466428
208,141,19.327849686191094
208,142,22.18563606854806
208,143,20.77597813090711
208,144,17.30424662799397
208,145,16.923304414257036
208,146,14.55985135351525
208,147,14.53389947213126
208,148,14.473827430739087
208,149,16.360124185394376
208,150,19.99969867810633
208,151,22.350317962578504
208,152,20.53572446157557
208,153,18.443365269351272
208,154,15.538258149793318
208,155,16.661420928330642
208,156,15.266558876907514
208,157,16.036336004338096
208,158,18.050644725780177
208,159,19.98341507189314
208,160,22.077849879497883
208,161,23.61489780481363
208,162,26.383236998692723
208,163,27.989981470668152
208,164,31.699851214423767
208,165,32.76269311561449
208,166,34.43979435045744
208,167,31.963371626927103
208,168,28.44059153393135
208,169,25.63006742182891
208,170,22.80948550869681
208,171,19.621832555113162
208,172,17.178452337023348
208,173,13.823067179114076
208,174,10.453478810305528
208,175,6.864202498866811
208,176,6.7840029332330705
208,177,5.341221849574271
208,178,7.877102172462326
208,179,10.33571468366844
208,180,11.749743953187911
208,181,11.580189904029586
208,182,14.251325505165072
208,183,12.495381705799913
208,184,9.694771093377065
208,185,12.659902044140358
208,186,15.012700670475057
208,187,13.054635943184788
208,188,11.508318187708507
208,189,13.505685863623611
208,190,11.554387380426864
208,191,10.490874849053883
208,192,7.329129426508138
208,193,6.25595541373783
208,194,6.53280176406473
208,195,8.104245588398108
208,196,11.239376474788257
208,197,13.93486681150552
208,198,17.164095647921965
208,199,20.830556457406544
208,200,23.647395587444848
208,201,23.223570598828644
208,202,19.50941386671251
208,203,16.151332526742454
208,204,12.766211503737296
208,205,9.958435618175084
208,206,6.3297610928545565
208,207,3.8238743260674175
208,209,3.79398226538558
208,210,6.462621102434686
208,211,9.293926614776721
208,212,12.485542393249215
208,213,13.194911003006748
208,214,16.708101327531985
208,215,18.07955511464195
208,216,18.425438558733745
208,217,20.537402745978806
208,218,20.122432242870197
208,219,16.33542466974395
208,220,13.958229546781022
208,221,10.81152430642031
208,222,9.747890916591285
208,223,9.30584236994749
208,224,9.008000122737009
208,225,12.02919222907289
208,226,13.047685197647498
208,227,16.448738538835563
208,228,18.400399120808654
208,229,22.189179039915004
208,230,23.93840907421119
208,231,27.49350923725615
208,232,30.346785135472697
208,233,30.46114532593149
208,234,26.818650492450523
208,235,24.307133478482047
208,236,20.813238247458603
208,237,18.759688823134105
208,238,15.553160665143967
208,239,13.908675336730662
208,240,11.149802646673221
208,241,11.139728674167129
208,242,8.91687058512123
208,243,7.05290043536558
208,244,9.421341423032777
208,245,11.531441581374146
208,246,14.438344552801786
208,247,17.443768998143835
208,248,20.872534048958247
208,249,22.80232607527797
208,250,23.633879354184206
208,251,25.286238867248496
208,252,28.60259383586002
208,253,28.90054877743209
208,254,32.22738837836754
208,255,33.98536488744904
208,256,36.502806646536975
208,257,37.540161822073365
208,258,34.788003675774945
208,259,33.120044024222615
208,260,31.770250266018945
208,261,33.41234273757908
208,262,32.777853074501266
208,263,35.95921883142455
208,264,37.40269479441301
208,265,40.68014465620044
208,266,41.96445577511765
208,267,42.736404782528
208,268,46.43260701816294
208,269,48.65306542811005
208,270,50.05783688188737
208,271,49.93408930573977
208,272,48.61657770989662
208,273,47.167821895016
208,274,45.40993250276464
208,275,42.55673451102176
208,276,41.42318141427189
208,277,39.20426614669002
208,278,42.563799753401476
208,279,43.699070094110105
208,280,45.79531859010768
208,281,48.48357737785177
208,282,51.45152632788338
208,283,51.822685139822696
208,284,55.59643305013439
208,285,55.12039723588485
208,286,53.656576772166076
208,287,51.637367510512995
208,288,49.45397135572917
208,289,48.33246637866032
208,290,46.161435144216256
208,291,42.61626823376759
208,292,41.085730116951225
208,293,38.489280517820745
208,294,40.36577209045581
208,295,40.109718486192904
208,296,42.98931961568661
208,297,46.45512256710091
208,298,46.67981403661334
208,299,48.938607066445506
208,300,47.62348694223634
208,301,46.17303917554286
208,302,48.42467566399326
208,303,48.7806877473651
208,304,52.41282638063582
208,305,53.21970748090392
208,306,56.57950061606231
208,307,58.33801018007454
208,308,61.870084338468516
208,309,63.33317674264127
208,310,67.12825626530275
208,311,68.79797403911944
208,312,72.40998367764402
208,313,74.8746932362272
208,314,75.59808729279327
208,315,76.93608956131933
208,316,80.31434322571243
208,317,81.94985707897133
208,318,85.68237705015778
209,1,110.15273564133378
209,2,110.77456484832015
209,3,107.1072566977977
209,4,103.57997775495184
209,5,100.07941572611752
209,6,96.89426592636839
209,7,93.55453745501624
209,8,90.14863402810083
209,9,87.01439601472634
209,10,83.48500471837322
209,11,81.89090159782471
209,12,80.04247329546756
209,13,78.10076919157869
209,14,78.27484176909799
209,15,74.57038040918088
209,16,72.54186072940627
209,17,68.99818345979422
209,18,67.5674705853045
209,19,65.78808957528331
209,20,64.67571893518362
209,21,65.9301427412032
209,22,65.5777827483289
209,23,68.1177295235897
209,24,68.14471211910212
209,25,65.5034532278279
209,26,67.59791640782439
209,27,70.39044347247611
209,28,71.95069583722427
209,29,72.0764490642899
209,30,73.40471911171943
209,31,70.12200013871878
209,32,66.48090385918617
209,33,63.35750059803238
209,34,59.75044345187023
209,35,57.3002712482472
209,36,54.03571038208857
209,37,52.44603960885912
209,38,51.18901382867153
209,39,51.01207617152202
209,40,49.09813280574163
209,41,49.619082787448356
209,42,46.129299687255205
209,43,45.46493750510294
209,44,43.78889727428718
209,45,46.28050700123658
209,46,45.0657813592838
209,47,47.39407866118006
209,48,47.564284237581916
209,49,43.80323408869207
209,50,41.58016947425009
209,51,39.514406654458654
209,52,36.575508166952474
209,53,35.85701305839843
209,54,32.257393478243024
209,55,33.332092962983765
209,56,30.228096691611483
209,57,27.96200081401729
209,58,26.25759708722726
209,59,26.506680818182037
209,60,22.779893693845537
209,61,22.950256576616507
209,62,25.98921305886508
209,63,24.427122098080613
209,64,21.49721027702793
209,65,23.942507082746168
209,66,23.389083109762336
209,67,26.086923229033648
209,68,28.341273712275473
209,69,28.28841975021616
209,70,29.532244954110457
209,71,32.913430898629365
209,72,31.686194233324393
209,73,31.02140859233966
209,74,32.91089180832703
209,75,34.2660625253026
209,76,35.71161977566
209,77,36.77437148691673
209,78,38.449912180451314
209,79,36.84327459607601
209,80,33.82756735103076
209,81,34.17871648168032
209,82,31.18828682465539
209,83,32.1972623830868
209,84,31.028483127568947
209,85,30.98086026008349
209,86,28.19558473406397
209,87,25.159301859088846
209,88,22.219557426122517
209,89,22.496206073602284
209,90,19.941123100335165
209,91,16.230296802952683
209,92,14.415360669811438
209,93,13.231950050937114
209,94,12.731329018646509
209,95,14.714603771567814
209,96,14.483780876665692
209,97,18.220228025950785
209,98,19.22636106204074
209,99,22.792323971656213
209,100,23.301430751214
209,101,22.345087852658793
209,102,24.523067654515824
209,103,27.278903090012864
209,104,27.55120306371498
209,105,27.463697576337307
209,106,29.999911084147836
209,107,32.11828063238885
209,108,32.168512812627476
209,109,33.67580771660642
209,110,32.737725492344765
209,111,30.20056908493953
209,112,32.02633584840387
209,113,29.731850404823064
209,114,30.824657526350897
209,115,29.35130360939777
209,116,29.079091723448308
209,117,29.35313162391621
209,118,25.93660037206017
209,119,26.308163513496265
209,120,23.267690857147016
209,121,24.81586393949642
209,122,23.664025310106112
209,123,21.15561713121521
209,124,21.78337797986378
209,125,21.891159295049313
209,126,22.064557278666744
209,127,19.403122900530523
209,128,20.011092653282144
209,129,19.230352930425436
209,130,21.619544801912358
209,131,20.009273639952845
209,132,21.30432075970298
209,133,24.77888771863855
209,134,27.17667600585671
209,135,30.516862557695074
209,136,30.786387685898926
209,137,27.915249791344134
209,138,24.212065934679305
209,139,23.171036257337153
209,140,20.649158524992878
209,141,20.879270770779605
209,142,24.092140261784667
209,143,23.072074963805946
209,144,19.710960043468393
209,145,19.526180736250417
209,146,16.88651830428867
209,147,17.200645809556537
209,148,16.727021271397497
209,149,18.54899060851603
209,150,22.304301525750134
209,151,24.393777155511486
209,152,22.297661887825583
209,153,20.675491160074376
209,154,18.18161858133864
209,155,19.713367537219
209,156,18.64536534175889
209,157,19.65100537055079
209,158,21.80147357102911
209,159,23.752373194554302
209,160,25.842543109455878
209,161,27.274865279944922
209,162,30.010544951059227
209,163,31.45792045847804
209,164,35.19953580890123
209,165,36.086733340108026
209,166,37.61832005621961
209,167,34.96788332072494
209,168,31.37200200205214
209,169,28.616965645612414
209,170,25.5657393251953
209,171,22.538472598222956
209,172,19.785457623488313
209,173,16.64931064992337
209,174,13.040464700986595
209,175,9.587595310818719
209,176,8.501894057436568
209,177,5.357661429945413
209,178,7.023933900611202
209,179,8.106145310591316
209,180,9.763542037530662
209,181,10.32169262068377
209,182,13.418437538729387
209,183,11.999426430890745
209,184,9.93783353653358
209,185,13.23852632452299
209,186,15.577150577307908
209,187,14.319070017029594
209,188,13.462980217376405
209,189,14.989163992303023
209,190,13.244613825518103
209,191,11.201488275838825
209,192,8.73064689976181
209,193,9.112000238875794
209,194,10.096205781977426
209,195,11.88253103106261
209,196,14.878078933044312
209,197,17.491604336792058
209,198,20.623038864274815
209,199,24.22843835664599
209,200,26.967087127794343
209,201,26.236785872951774
209,202,22.456864953293415
209,203,19.218973092941066
209,204,15.741015347814605
209,205,13.044759547693348
209,206,9.342079595970048
209,207,6.657410271066907
209,208,3.79398226538558
209,210,3.7651500561453957
209,211,5.812327213186511
209,212,9.23937430579555
209,213,10.139915051171021
209,214,13.845176544636358
209,215,15.703039675884263
209,216,16.664153691889354
209,217,19.200515674995174
209,218,18.52637776044935
209,219,14.792824452112445
209,220,11.796292345004323
209,221,9.41381447133782
209,222,9.110962974927258
209,223,10.077489235638678
209,224,10.188362483701994
209,225,13.758240751323543
209,226,15.313696346894588
209,227,18.95699261854595
209,228,21.26304974688111
209,229,25.047636880100423
209,230,27.101229406345972
209,231,30.59939705540054
209,232,33.606962115783006
209,233,33.893677076508446
209,234,30.252947796028867
209,235,27.886749962397744
209,236,24.3958152031851
209,237,22.478050321179676
209,238,19.309376104029358
209,239,17.69269797666161
209,240,14.859750155673522
209,241,14.45627496081679
209,242,12.017307497764067
209,243,9.998572314811005
209,244,12.735661749460663
209,245,14.34975182367496
209,246,17.595325952702844
209,247,20.481531134861893
209,248,23.84892586602968
209,249,25.87297137473564
209,250,26.59039636534733
209,251,27.917317356231884
209,252,31.233731420564105
209,253,31.36975618297181
209,254,34.53015913841072
209,255,36.072392887010366
209,256,38.35774974556363
209,257,39.077069327124605
209,258,36.23060701851077
209,259,34.22399815303472
209,260,32.54431816032592
209,261,33.78831885001123
209,262,32.76398638099143
209,263,35.82795982031893
209,264,37.085727791338094
209,265,40.532369787753794
209,266,41.99470217462662
209,267,43.094101275350575
209,268,46.85378622913195
209,269,49.31031341933427
209,270,50.732695248794364
209,271,50.75642243754227
209,272,49.33610747630273
209,273,48.02211930443877
209,274,46.02040977702099
209,275,43.01504480631813
209,276,41.57279249337295
209,277,39.12932696212814
209,278,42.32540903935356
209,279,43.74433487117441
209,280,46.077138491180534
209,281,48.713153569435285
209,282,51.83556113272492
209,283,52.323287231232776
209,284,56.06342825587074
209,285,55.41317871367317
209,286,53.999631013907816
209,287,51.75404045006401
209,288,49.424022068528785
209,289,48.02386572077967
209,290,45.86869473856432
209,291,42.37643257194954
209,292,40.97392288234552
209,293,38.55821418244427
209,294,40.72196127834839
209,295,40.79842503933606
209,296,43.88502767325464
209,297,47.31576986471857
209,298,47.2445501399373
209,299,49.319761667101766
209,300,47.89782314339542
209,301,46.169664715532676
209,302,48.2083692747809
209,303,48.268630928366136
209,304,51.889397760798836
209,305,52.65166578841533
209,306,56.12530433682521
209,307,58.0407380291138
209,308,61.62508779034426
209,309,63.2864628543204
209,310,67.06809010635781
209,311,68.88234881843918
209,312,72.43010738462323
209,313,74.82033924748825
209,314,75.36202094244415
209,315,76.5986879828464
209,316,79.89962666264445
209,317,81.45725236090901
209,318,85.17232142524587
210,1,112.62494630372028
210,2,113.33822165388158
210,3,109.69040992743322
210,4,106.1389220216798
210,5,102.63441203197017
210,6,99.48517872910328
210,7,96.12453874714534
210,8,92.76316480468053
210,9,89.56922043015311
210,10,86.01301606569753
210,11,84.3083561199615
210,12,82.37554953075336
210,13,80.31436932968911
210,14,80.36381762677051
210,15,76.64980443205002
210,16,74.75626390940786
210,17,71.25501021664323
210,18,69.8927660745209
210,19,68.25917234080343
210,20,67.25143818790902
210,21,68.64635096559765
210,22,68.39054660426218
210,23,70.85611642629847
210,24,70.74640133716784
210,25,67.99663248106971
210,26,70.01391165898939
210,27,72.85340635433073
210,28,74.32475020312756
210,29,74.51375200819672
210,30,75.77644941779633
210,31,72.48718957683798
210,32,68.89292174789307
210,33,65.76514877525588
210,34,62.13101194992925
210,35,59.82195023552402
210,36,56.473468516039944
210,37,54.76050961921804
210,38,53.33804187767888
210,39,52.98579002937527
210,40,51.00092852435634
210,41,51.33342640382149
210,42,47.75458694650421
210,43,47.102829431269114
210,44,45.609916557308324
210,45,48.15187716365614
210,46,46.91569285672985
210,47,49.429185190739425
210,48,49.77310947195487
210,49,46.06296020249834
210,50,43.67971322355124
210,51,41.479531078605305
210,52,38.373244269018194
210,53,37.40935283977163
210,54,33.715652224879314
210,55,34.44460169864018
210,56,31.12218112771041
210,57,29.177150883241293
210,58,27.887784564124654
210,59,28.47818423208253
210,60,24.799894346087793
210,61,24.440845563641886
210,62,27.527752562950052
210,63,26.319246015549385
210,64,23.10835494923122
210,65,25.092973851451486
210,66,24.169753112516133
210,67,26.457030845691474
210,68,28.78163617837231
210,69,29.2124764950124
210,70,30.38136784236195
210,71,33.88674924378052
210,72,33.05895360572543
210,73,32.44255068145938
210,74,34.63608753356298
210,75,36.06451343546574
210,76,37.80256642499025
210,77,38.96546170835342
210,78,40.84211861452741
210,79,39.136664331465134
210,80,35.93780087198824
210,81,36.07998699595343
210,82,32.93765218716383
210,83,33.615439320579085
210,84,32.2657287132355
210,85,31.835737797096243
210,86,29.19968325560525
210,87,25.887580897382474
210,88,22.884963369362428
210,89,22.610592195760052
210,90,20.08009204011253
210,91,16.30711366120382
210,92,14.800880268007322
210,93,14.562149424998855
210,94,14.858946193658513
210,95,17.405290937531475
210,96,17.668168217161142
210,97,21.445410183419288
210,98,22.05885506085879
210,99,25.696768337318918
210,100,26.46747571980573
210,101,25.311018658822587
210,102,27.224497570451252
210,103,30.20648980855648
210,104,30.5656954999821
210,105,30.169810549875898
210,106,32.62365770062096
210,107,34.97609497713522
210,108,34.94491822949109
210,109,36.19385960425699
210,110,35.05594069363859
210,111,32.292112195630565
210,112,34.07816977910437
210,113,31.648182863862548
210,114,32.688426847757455
210,115,30.918249016833613
210,116,30.71961429927917
210,117,30.711050108202745
210,118,27.286076073331234
210,119,27.281313022573038
210,120,23.964359816039128
210,121,25.16379624196254
210,122,23.485449187071733
210,123,20.89091517455503
210,124,21.245132880158458
210,125,21.798215822089357
210,126,21.945857411175293
210,127,18.874145722301346
210,128,19.27734276611429
210,129,18.167601526462168
210,130,20.28790316687905
210,131,19.094048346259914
210,132,20.889909299051485
210,133,24.11563041908438
210,134,26.817715677168817
210,135,29.9013737824597
210,136,29.71079694231374
210,137,26.75173932493897
210,138,23.184687564503573
210,139,22.716045593014528
210,140,20.721862165427197
210,141,21.61692877650064
210,142,24.930891362395066
210,143,24.415535491039805
210,144,20.93810954060928
210,145,20.306696179195043
210,146,17.17332337517966
210,147,17.290671196849544
210,148,16.065263285388042
210,149,17.52868414302805
210,150,21.299170605023797
210,151,22.998892494434262
210,152,20.653114943526724
210,153,19.59880183435918
210,154,17.669212235278813
210,155,19.7772735870085
210,156,19.398324666153623
210,157,20.746297647305393
210,158,23.378054705942706
210,159,25.47601098746918
210,160,27.937187658913818
210,161,29.460443573409904
210,162,32.447157828531935
210,163,34.069626704091824
210,164,37.751052857440015
210,165,38.704478050659205
210,166,40.44641598061174
210,167,37.831453697226934
210,168,34.318321218659094
210,169,31.36702216809744
210,170,28.330964418132893
210,171,25.12496397962942
210,172,22.218089861087137
210,173,18.92223040692493
210,174,15.228016351841193
210,175,11.640401792174046
210,176,9.395371690334988
210,177,5.884144169091546
210,178,5.151669520687254
210,179,5.137033553537382
210,180,6.070683069041224
210,181,6.909722239184322
210,182,10.048242323049125
210,183,9.0359156807131
210,184,7.595580515134594
210,185,10.89589210504731
210,186,13.109209166524142
210,187,12.630166470096981
210,188,12.405810433168757
210,189,13.391817650161894
210,190,12.216432374729182
210,191,9.70558245716903
210,192,8.52060645235083
210,193,9.854692973796132
210,194,12.01804446761933
210,195,14.231451671630502
210,196,17.584198074117925
210,197,20.31148823581498
210,198,23.61201491409826
210,199,27.279984075648038
210,200,30.103973813747846
210,201,29.622085471553564
210,202,25.877707385849614
210,203,22.544575928460194
210,204,19.130552135198133
210,205,16.286928972108107
210,206,12.654091559942822
210,207,9.621669963163777
210,208,6.462621102434686
210,209,3.7651500561453957
210,211,3.734767953947223
210,212,7.0076514493790345
210,213,9.175553875841914
210,214,12.939558594795793
210,215,14.484101846024805
210,216,16.058108625987533
210,217,18.334368219331594
210,218,16.94788726240943
210,219,13.288217547726523
210,220,10.194927017019971
210,221,8.321776422546622
210,222,9.561356007656872
210,223,11.44402140272683
210,224,12.646718319416879
210,225,16.31718510653432
210,226,18.313344870566386
210,227,21.964661997255813
210,228,24.368294578229804
210,229,28.1702046317461
210,230,30.120122928729938
210,231,33.71489042317036
210,232,36.57540225493734
210,233,36.79876378761098
210,234,33.19759489805012
210,235,30.598960873668794
210,236,27.027603239938244
210,237,24.93647167123653
210,238,21.528301628666114
210,239,19.675748477553817
210,240,16.40832905758024
210,241,15.236891810435075
210,242,12.462626849238347
210,243,10.691484463373317
210,244,14.06059690685936
210,245,15.64648844391083
210,246,19.108453606134162
210,247,22.246713561709665
210,248,25.321762600803073
210,249,27.750105703806
210,250,28.847608369913576
210,251,30.275403223226217
210,252,33.74297553545434
210,253,34.15729025154174
210,254,37.37448895562407
210,255,39.07176451779877
210,256,41.26779724834102
210,257,41.89710074210433
210,258,38.89293226403595
210,259,36.8656470330251
210,260,34.966188290018145
210,261,36.0468776548932
210,262,34.76626760901378
210,263,37.609273313220534
210,264,38.53473123361912
210,265,42.05552424331887
210,266,43.370612444997164
210,267,44.61619617208641
210,268,48.3719461145178
210,269,50.89628082153459
210,270,52.53197855975799
210,271,52.791819045630035
210,272,51.523400214685786
210,273,50.423827130846746
210,274,48.42352000974625
210,275,45.28128466816206
210,276,43.79147985219472
210,277,41.147249716590885
210,278,44.20383686613147
210,279,45.63854828266454
210,280,48.13221760493544
210,281,50.88738758731261
210,282,54.11460007528474
210,283,54.80737707679427
210,284,58.54635815974034
210,285,57.95282130610676
210,286,56.70280007215444
210,287,54.38648738992581
210,288,51.90136050570476
210,289,50.37089961194236
210,290,48.073186262149505
210,291,44.690310056502106
210,292,43.52249397687555
210,293,41.06941331843936
210,294,43.26216895456675
210,295,43.374734612157134
210,296,46.511873110949786
210,297,50.00264750344494
210,298,49.878819022503166
210,299,51.983659286208464
210,300,50.670592060062816
210,301,48.829776782248146
210,302,50.844161677656174
210,303,50.7649277101701
210,304,54.32257837672552
210,305,54.90913743363149
210,306,58.445272702800324
210,307,60.52139395832134
210,308,64.08581297241864
210,309,65.87242170222426
210,310,69.6382326607734
210,311,71.44108815832622
210,312,74.97433883870687
210,313,77.40348926109918
210,314,77.89075707072179
210,315,78.99482114865533
210,316,82.27783684773513
210,317,83.71049003703192
210,318,87.39171098855772
211,1,111.09757840791015
211,2,111.87251190374786
211,3,108.22803004138727
211,4,104.67955164089202
211,5,101.14147848225619
211,6,98.06729112639246
211,7,94.65064213324243
211,8,91.3541506648151
211,9,88.09148803856988
211,10,84.5432249429257
211,11,82.77196906353606
211,12,80.70715657618562
211,13,78.56724333322359
211,14,78.46329779626959
211,15,74.72087534810714
211,16,72.93221037290101
211,17,69.4421626571195
211,18,68.04686344572514
211,19,66.55052878049561
211,20,65.57157814917453
211,21,67.09387610218927
211,22,66.88160502673345
211,23,69.210039827769
211,24,68.97458768518703
211,25,66.1226357132996
211,26,68.1214838460313
211,27,71.05681188403787
211,28,72.51220835263054
211,29,72.85324605846169
211,30,74.15199867876268
211,31,70.92439026397021
211,32,67.3722902458234
211,33,64.32698388238713
211,34,60.640081152378556
211,35,58.47247507500776
211,36,55.02212408037829
211,37,53.33210556648667
211,38,51.692572957534885
211,39,51.341424578740416
211,40,49.48116998418232
211,41,49.84509498758248
211,42,46.19980999518481
211,43,45.79793774145103
211,44,44.56418333844331
211,45,47.31247227537265
211,46,46.32888521293316
211,47,48.99374045764921
211,48,49.48739265368679
211,49,45.82329913144733
211,50,43.543717270973666
211,51,41.08657548064514
211,52,38.03830033861525
211,53,36.75397458030231
211,54,33.04141952880801
211,55,33.47865480770946
211,56,30.06559674964026
211,57,28.44695510941964
211,58,27.200799737810552
211,59,28.22807940999208
211,60,24.71624257758573
211,61,24.254026876089355
211,62,27.62249621761828
211,63,26.813594651487005
211,64,23.733293428967553
211,65,25.603261288539912
211,66,24.207053587297732
211,67,26.51096174934088
211,68,28.430476422050123
211,69,29.07264439299666
211,70,30.648342684111263
211,71,34.0128413891455
211,72,33.25361012670509
211,73,33.06350011459132
211,74,35.44200445419885
211,75,36.52240877684134
211,76,38.203932825671885
211,77,39.06686132047081
211,78,40.82058252240264
211,79,38.8032725959556
211,80,35.52572637004808
211,81,35.2858030873963
211,82,31.938845017930017
211,83,32.26636908371243
211,84,30.549308727653475
211,85,30.136778325139936
211,86,27.830977445945944
211,87,24.4993319118164
211,88,21.84182607996143
211,89,21.703260445377236
211,90,19.70553072699784
211,91,16.101974370903754
211,92,13.988728086998293
211,93,14.216841535141448
211,94,14.419265686789945
211,95,17.38549185034829
211,96,17.697458214019004
211,97,21.360182568986026
211,98,21.74418334660223
211,99,25.2435721228851
211,100,26.519118308984282
211,101,25.625551757909413
211,102,27.137265842843785
211,103,30.175319385295843
211,104,30.993274698293305
211,105,30.609586298367113
211,106,32.703483810171086
211,107,35.23525585102038
211,108,35.549431532633704
211,109,36.59210633341318
211,110,35.69217715135087
211,111,33.03796247117005
211,112,35.163879540816694
211,113,33.019547961294826
211,114,34.42767080830084
211,115,32.87944086215777
211,116,33.0346516886381
211,117,33.30238973656423
211,118,30.02600737323292
211,119,30.261723140209398
211,120,27.033653136043704
211,121,28.426072992986782
211,122,26.761224276169862
211,123,23.948456309644197
211,124,23.901831723586874
211,125,24.20788919567967
211,126,23.857502684911015
211,127,20.602546090265925
211,128,20.34478051995085
211,129,18.586033718425924
211,130,20.103514710396876
211,131,18.51335683833995
211,132,20.76657917117108
211,133,24.037391225128804
211,134,27.03541709965304
211,135,29.992780281770877
211,136,29.681977306641443
211,137,27.035209548992224
211,138,23.58349461840943
211,139,23.3769167248265
211,140,21.519195907282196
211,141,22.429124564997174
211,142,25.986291039525852
211,143,25.755966871214156
211,144,22.53396879615811
211,145,22.319717804991523
211,146,19.247812414993238
211,147,19.919537075425215
211,148,18.81273747947351
211,149,20.514709023972834
211,150,24.25168872776094
211,151,25.94512832641539
211,152,23.666939163908598
211,153,22.928505622789924
211,154,21.107850107513535
211,155,23.37687664633552
211,156,23.043364044272643
211,157,24.210034064653964
211,158,26.777352019112346
211,159,28.66620652909623
211,160,30.965836767595956
211,161,32.224748267793366
211,162,35.13417462882054
211,163,36.48228894001498
211,164,40.20435626185911
211,165,40.88408390341871
211,166,42.43631774114055
211,167,39.606562515190234
211,168,36.03538203841982
211,169,33.14886894555854
211,170,29.880481151056234
211,171,26.888486995942756
211,172,23.72076420056688
211,173,20.74269461516612
211,174,16.97518102643534
211,175,13.745397043912025
211,176,11.35419019508577
211,177,7.556333373414301
211,178,6.685400814603971
211,179,4.649128290930807
211,180,6.59687818193225
211,181,8.871448120753763
211,182,11.679301279674624
211,183,10.684353905491509
211,184,10.415563318020792
211,185,13.76159613917736
211,186,15.466636636480139
211,187,15.246715866785106
211,188,15.640865401625168
211,189,16.652506227073577
211,190,15.791536263361575
211,191,13.12559947022398
211,192,12.195885530646747
211,193,13.524773568700926
211,194,15.412470377568743
211,195,17.283627686684728
211,196,20.5128599953686
211,197,22.973424031402175
211,198,26.243562033530633
211,199,29.806706695188662
211,200,32.6601825192801
211,201,31.851484778586375
211,202,28.04970459437122
211,203,24.927307227928342
211,204,21.35803010201323
211,205,18.83005296860245
211,206,15.08884981681564
211,207,12.430130239773932
211,208,9.293926614776721
211,209,5.812327213186511
211,210,3.734767953947223
211,212,3.7154094405527487
211,213,5.958117534197439
211,214,9.72310972153411
211,215,11.778497313060441
211,216,13.87848359459017
211,217,16.57256684030595
211,218,15.162426654387765
211,219,11.781996775427146
211,220,8.174570113242437
211,221,7.651685791033701
211,222,9.33978667415909
211,223,12.131676544241778
211,224,13.431699453754474
211,225,17.239341243681118
211,226,19.612452468688126
211,227,23.383397878416524
211,228,26.127814600884395
211,229,29.88871880328198
211,230,32.17673128350732
211,231,35.712320793787256
211,232,38.73302994605571
211,233,39.233785052078524
211,234,35.66951268671296
211,235,33.25611880305484
211,236,29.658717834276917
211,237,27.858774424005546
211,238,24.511552903433383
211,239,22.9542321110885
211,240,19.815571513465827
211,241,18.870498517422366
211,242,15.95019555618195
211,243,13.750245188570862
211,244,16.87561801869429
211,245,17.861233859764383
211,246,21.486399588107663
211,247,24.33267953506127
211,248,27.374180192498322
211,249,29.762403017691053
211,250,30.64042040778238
211,251,31.676410320631927
211,252,35.09738070492144
211,253,35.336332534670305
211,254,38.351735061029956
211,255,39.8325592473037
211,256,41.761544683100006
211,257,42.06237699519823
211,258,38.98029733218639
211,259,36.66016447932338
211,260,34.46694416957084
211,261,35.16337106135512
211,262,33.54227489664996
211,263,36.22815770597505
211,264,36.97186041639885
211,265,40.60216030171178
211,266,42.071476485164936
211,267,43.60438014966795
211,268,47.38730157153999
211,269,50.1152041139277
211,270,51.74430723279104
211,271,52.13886909152346
211,272,50.78542730554168
211,273,49.83162710029195
211,274,47.6258003900997
211,275,44.3621266115702
211,276,42.61339123482617
211,277,39.78587606754166
211,278,42.660426778001764
211,279,44.32710548184463
211,280,47.01621974731316
211,281,49.712808999935675
211,282,53.06270150418866
211,283,53.878347782589685
211,284,57.56632789605221
211,285,56.838908177791886
211,286,55.67430017119878
211,287,53.173765568436984
211,288,50.5521067719698
211,289,48.78873627190527
211,290,46.49169992000714
211,291,43.200175026755005
211,292,42.19718905055409
211,293,39.90126726625903
211,294,42.31119205827059
211,295,42.71371048832548
211,296,46.01344189849741
211,297,49.454859130439864
211,298,49.06415479128402
211,299,51.00621536546288
211,300,49.64570750026548
211,301,47.57186277034816
211,302,49.40860854202907
211,303,49.07860207689527
211,304,52.58456686765924
211,305,53.08600536473116
211,306,56.69992366692797
211,307,58.922275034377385
211,308,62.50255090061542
211,309,64.46337311890315
211,310,68.19980354557484
211,311,70.10367964313133
211,312,73.57146255617758
211,313,75.94729554281754
211,314,76.28455318796554
211,315,77.27493717892146
211,316,80.48940013117912
211,317,81.83100619427215
211,318,85.48315867654578
212,1,110.4633249646541
212,2,111.3548063263949
212,3,107.74107281713634
212,4,104.16945147015312
212,5,100.62966531449015
212,6,97.6149156378185
212,7,94.17351998383545
212,8,90.9477614941612
212,9,87.61137550979483
212,10,84.04088837483546
212,11,82.13499747184333
212,12,79.96271609731119
212,13,77.68539235144452
212,14,77.42929740725289
212,15,73.68719384993962
212,16,72.06484265627797
212,17,68.63964943313265
212,18,67.33656508134128
212,19,66.03380304710643
212,20,65.20727920997612
212,21,66.92058106980592
212,22,66.86737078343339
212,23,69.09492541625639
212,24,68.65885427926847
212,25,65.67368800084752
212,26,67.54428838769412
212,27,70.51638421366384
212,28,71.84418523852489
212,29,72.26338496650948
212,30,73.47962719076965
212,31,70.26453081793613
212,32,66.78736561561757
212,33,63.76477083656191
212,34,60.05713445459596
212,35,58.08827388415242
212,36,54.54525229554469
212,37,52.73374568592531
212,38,50.88699611037659
212,39,50.36031891584919
212,40,48.480302109546855
212,41,48.68506672998408
212,42,44.969433750222784
212,43,44.67555972521351
212,44,43.71141275768894
212,45,46.571366481272555
212,46,45.70529440005218
212,47,48.57321922316332
212,48,49.28269030448876
212,49,45.71375211448377
212,50,43.38395374231558
212,51,40.70432942573752
212,52,37.5965267731877
212,53,35.97194227829371
212,54,32.235571061793564
212,55,32.26457125984842
212,56,28.71067807021265
212,57,27.52532201294705
212,58,26.631696167285828
212,59,28.12795164884645
212,60,24.835700775946744
212,61,23.94843591805574
212,62,27.43383411091667
212,63,27.138583681854538
212,64,24.04389697282697
212,65,25.50006522273084
212,66,23.59808027336353
212,67,25.619446327984342
212,68,27.25501613101871
212,69,28.309212085841978
212,70,30.085858433968184
212,71,33.3693116629532
212,72,32.913646592688735
212,73,33.04820227095274
212,74,35.714980752448525
212,75,36.589914578209935
212,76,38.41955358577607
212,77,39.162244785076766
212,78,40.98712109393749
212,79,38.74277499594432
212,80,35.31654710798644
212,81,34.72106680864813
212,82,31.210353838015525
212,83,31.112386566006037
212,84,29.134741845550867
212,85,28.439054412858532
212,86,26.43864404788675
212,87,22.980527738288714
212,88,20.551818266187528
212,89,20.151738890017494
212,90,18.60643417788046
212,91,15.285507026882454
212,92,13.10237478381514
212,93,14.236475665325
212,94,14.962725690609208
212,95,18.37389804500064
212,96,19.17413516270186
212,97,22.69752880818482
212,98,22.550553832684272
212,99,25.965842759584334
212,100,27.683006870265352
212,101,26.721183409207704
212,102,27.753372519719765
212,103,30.972575298177716
212,104,32.091472165184754
212,105,31.44017965602756
212,106,33.22746646276272
212,107,36.03164882429158
212,108,36.468330633393094
212,109,37.15458920751196
212,110,36.25924382207975
212,111,33.550065357979115
212,112,35.85812189161866
212,113,33.86631528596486
212,114,35.51453231885937
212,115,33.994760168726074
212,116,34.5055596713947
212,117,34.877186831683446
212,118,31.786652938199015
212,119,32.0879500824041
212,120,28.882488268024936
212,121,30.35168089676531
212,122,28.56518679976362
212,123,25.5025694813227
212,124,24.933402719781036
212,125,25.12333974699854
212,126,24.306454007337962
212,127,20.84092236037358
212,128,19.938521927250008
212,129,17.57944238362976
212,130,18.42983182822158
212,131,16.764853501525543
212,132,19.516887201307
212,133,22.601188412618757
212,134,25.88956074633593
212,135,28.578454121589143
212,136,27.995359761280053
212,137,25.615108602044355
212,138,22.391496540888884
212,139,22.63575062271999
212,140,21.188269994070218
212,141,22.410627725808453
212,142,26.101051143952578
212,143,26.37061289836937
212,144,23.373404447484855
212,145,23.287315611013405
212,146,20.16119896077203
212,147,21.24033845901884
212,148,20.05797515518045
212,149,21.902231017383503
212,150,25.51486830731016
212,151,27.14524473392263
212,152,25.032603291632412
212,153,24.767697052695397
212,154,23.17878936000403
212,155,25.800870302452996
212,156,25.80506630928929
212,157,26.79133967110796
212,158,29.505226062060625
212,159,31.166281529516922
212,160,33.48987504022294
212,161,34.49353931222353
212,162,37.48358859401381
212,163,38.67371797336695
212,164,42.364387960486695
212,165,42.82471928468182
212,166,44.37117140403631
212,167,41.40313541562584
212,168,37.884253555818965
212,169,34.91020487758723
212,170,31.510122747306145
212,171,28.590996255661956
212,172,25.180317952832862
212,173,22.411372906115545
212,174,18.673219135120565
212,175,15.792400871331953
212,176,12.961972943442829
212,177,9.438113679800695
212,178,7.864668945353019
212,179,4.604319690977352
212,180,6.998210384590264
212,181,10.323558139410478
212,182,12.245148520734302
212,183,11.08919334290237
212,184,12.035462765641533
212,185,15.311985195201808
212,186,16.259929209706534
212,187,16.320643993252638
212,188,17.49481983293315
212,189,18.55888442910715
212,190,18.33310199961189
212,191,15.80678472420611
212,192,15.385959875662186
212,193,16.59880963252076
212,194,18.621618376386095
212,195,20.21279915995379
212,196,23.543857922420422
212,197,25.733914345778114
212,198,29.118497903645455
212,199,32.59707781986125
212,200,35.605321573432235
212,201,34.74538546188764
212,202,30.942756282641525
212,203,27.970823457014998
212,204,24.299858850782023
212,205,22.035498395322932
212,206,18.24309651113696
212,207,15.861878387981585
212,208,12.485542393249215
212,209,9.23937430579555
212,210,7.0076514493790345
212,211,3.7154094405527487
212,213,3.7672152246228783
212,214,6.884638659682975
212,215,8.705736279673959
212,216,11.4313826144989
212,217,14.07921763853868
212,218,12.328419970146129
212,219,9.408746627358653
212,220,5.716222182081545
212,221,6.966971881364472
212,222,9.533963572374692
212,223,13.019183853542907
212,224,14.905511635553307
212,225,18.622424697550667
212,226,21.462480186192877
212,227,25.225624638088515
212,228,28.26019741158976
212,229,31.95964142877001
212,230,34.41754568719299
212,231,37.96903581845389
212,232,40.97649970364742
212,233,41.70121262329813
212,234,38.238006947422896
212,235,35.821978232037544
212,236,32.14965102424597
212,237,30.563475934861007
212,238,27.137613865470072
212,239,25.829138259375895
212,240,22.640827537598877
212,241,21.6945430562743
212,242,18.474594485789652
212,243,15.981664973794325
212,244,18.9953310394588
212,245,19.405635666057588
212,246,23.15424734703033
212,247,25.816747541563906
212,248,28.60290568445326
212,249,31.149769764273007
212,250,32.077075456638724
212,251,32.86327115069726
212,252,36.31707401296184
212,253,36.64679119543563
212,254,39.54025534441809
212,255,41.006950635177766
212,256,42.67063297804873
212,257,42.69735354846914
212,258,39.45932183090046
212,259,36.997605673252394
212,260,34.49633311488867
212,261,34.868996575011984
212,262,32.91077840093775
212,263,35.301601161700674
212,264,35.687529806695395
212,265,39.37721222553124
212,266,40.78019201078896
212,267,42.54199269659944
212,268,46.303120066797206
212,269,49.16332169904228
212,270,50.93910410956821
212,271,51.58510018212021
212,272,50.3277424210688
212,273,49.637034575324435
212,274,47.36115472784744
212,275,43.94995167869911
212,276,42.07934286059131
212,277,39.033543165877376
212,278,41.690453003384874
212,279,43.4313903065256
212,280,46.31206286122715
212,281,49.074114598839536
212,282,52.54256027104302
212,283,53.59687297105913
212,284,57.24336292306286
212,285,56.53821795230252
212,286,55.58746120488346
212,287,52.98017150114652
212,288,50.170900121240585
212,289,48.23648668728176
212,290,45.79989212746537
212,291,42.67736299135036
212,292,41.98445421705905
212,293,39.70292474714087
212,294,42.17687154578538
212,295,42.71640338941377
212,296,46.10269424664361
212,297,49.55532863742736
212,298,49.011775480949964
212,299,50.92003758396103
212,300,49.68692572538508
212,301,47.450967682576774
212,302,49.22623620521276
212,303,48.715445096597406
212,304,52.10673504433326
212,305,52.37786168038929
212,306,56.04419399924341
212,307,58.458933469678115
212,308,61.99382446310867
212,309,64.1160486807664
212,310,67.81180346299288
212,311,69.70758745810787
212,312,73.1339086608213
212,313,75.54274829212522
212,314,75.80089756591362
212,315,76.61504169094935
212,316,79.79604523265155
212,317,80.97786721915398
212,318,84.57813376404779
213,1,106.72570288318828
213,2,107.63204881061766
213,3,104.02289986372405
213,4,100.44909733644539
213,5,96.90804653133587
213,6,93.90563792108476
213,7,90.45862514325677
213,8,87.24717557052719
213,9,83.89734446039975
213,10,80.32535295250405
213,11,78.40218895305607
213,12,76.2138067081375
213,13,73.9267080103724
213,14,73.66264493837699
213,15,69.92034714385338
213,16,68.3049513354156
213,17,64.88551988168477
213,18,63.598542387472506
213,19,62.32337823175299
213,20,61.5379607812603
213,21,63.299398342618574
213,22,63.309555591836805
213,23,65.52701980077767
213,24,65.03316221831717
213,25,62.021952500903346
213,26,63.84992798746805
213,27,66.81259716758501
213,28,68.11093856636907
213,29,68.53388959383452
213,30,69.74000581784075
213,31,66.53186159365865
213,32,63.065843259722904
213,33,60.05758930321244
213,34,56.3435860540873
213,35,54.413850091745495
213,36,50.85041394439302
213,37,49.038503040297144
213,38,47.152139062008224
213,39,46.639454801637726
213,40,44.806909516320694
213,41,45.0695476057376
213,42,41.354560887926006
213,43,41.16011822885244
213,44,40.26056208945608
213,45,43.20759386512361
213,46,42.49391111352257
213,47,45.38333268362726
213,48,46.13081651650812
213,49,42.590346525052965
213,50,40.382542285962195
213,51,37.589676927204096
213,52,34.59194618336494
213,53,32.85991390428848
213,54,29.16530408659231
213,55,29.166659291976092
213,56,25.67575294458872
213,57,24.550079753897545
213,58,23.522255739557565
213,59,25.20287023746005
213,60,22.0751622121706
213,61,21.2966783670378
213,62,24.933282119889924
213,63,24.835033177661014
213,64,22.01773462595627
213,65,23.55037118393841
213,66,21.482904058878884
213,67,23.747867167346282
213,68,25.004690922501563
213,69,25.916294740449274
213,70,28.04040351960878
213,71,31.11542017102998
213,72,30.507440654682135
213,73,30.95861399137615
213,74,33.61564979079844
213,75,34.171700756873086
213,76,35.83679415676663
213,77,36.32191501765232
213,78,37.99976975022311
213,79,35.58830993095063
213,80,32.17662978411782
213,81,31.406193016573756
213,82,27.836768251595334
213,83,27.658545064708218
213,84,25.57093784807353
213,85,25.052572693004485
213,86,23.154357863779886
213,87,19.829433108551445
213,88,17.68529224074706
213,89,17.757794655609402
213,90,16.64574988876212
213,91,13.607344280223762
213,92,10.756929205040269
213,93,11.846065177529027
213,94,12.316753942164686
213,95,15.846888178118505
213,96,16.790667236569423
213,97,20.085164953309825
213,98,19.65462168396451
213,99,22.912233254908198
213,100,24.94378669601511
213,101,24.13247782824302
213,102,24.84372596508523
213,103,28.05541071629393
213,104,29.472482543600982
213,105,28.840220827842398
213,106,30.34637828227841
213,107,33.22850648130118
213,108,33.915639621326896
213,109,34.47221033532116
213,110,33.81404742441506
213,111,31.29095312891692
213,112,33.869688474959304
213,113,32.20140435019309
213,114,34.1841310922256
213,115,33.013743684869965
213,116,33.8358526784331
213,117,34.609356513558566
213,118,31.718540322804415
213,119,32.45691981997377
213,120,29.524634862689645
213,121,31.40923100766994
213,122,29.99136513570132
213,123,26.742269673832556
213,124,25.969091176071615
213,125,25.60813484940854
213,126,24.36711208387508
213,127,21.091954176517746
213,128,19.82036125473638
213,129,17.283028097846785
213,130,17.91640643202708
213,131,15.563447725669846
213,132,18.173950865061137
213,133,21.46047605798103
213,134,24.686348224822947
213,135,27.46780198941448
213,136,27.217845725534072
213,137,25.178499496762168
213,138,21.954774436264586
213,139,21.910031396662536
213,140,20.210501730318835
213,141,21.00302316463254
213,142,24.77600885117046
213,143,25.038016918155716
213,144,22.396284566062043
213,145,22.91418487151992
213,146,20.1879265340626
213,147,21.86349787123577
213,148,21.291717852198687
213,149,23.638452809245894
213,150,27.22229001122642
213,151,29.226641768407188
213,152,27.449179468799183
213,153,26.997529573440403
213,154,25.042517600260688
213,155,27.521025276822165
213,156,27.249167409302856
213,157,27.77998346743729
213,158,30.225239900496145
213,159,31.51587877046435
213,160,33.510857311606024
213,161,34.14569647060533
213,162,36.962623764018666
213,163,37.794083580609055
213,164,41.494864814456015
213,165,41.63932831505932
213,166,42.950856528553736
213,167,39.796530035310745
213,168,36.26346506985234
213,169,33.40783511493572
213,170,29.845688667852865
213,171,27.21607787456284
213,172,23.67499749277636
213,173,21.335758060424016
213,174,17.72189559432805
213,175,15.4046940521714
213,176,12.960298402097296
213,177,9.76716797347664
213,178,9.37232205365969
213,179,7.119555470606583
213,180,10.35080826532082
213,181,13.671425633081732
213,182,15.471266760713801
213,183,13.678700683106415
213,184,14.518350748824298
213,185,18.078305483300465
213,186,18.793577179236145
213,187,18.250483053294236
213,188,19.452432766168513
213,189,21.07612371285265
213,190,20.81380319983396
213,191,18.585191587110454
213,192,17.60029762660292
213,193,18.192056491279082
213,194,19.609892080313085
213,195,20.583125716233297
213,196,23.68439582936944
213,197,25.427912807414152
213,198,28.737953766779256
213,199,32.01308940337068
213,200,35.08007053701529
213,201,33.92649122001136
213,202,30.1412463618767
213,203,27.491711879093994
213,204,23.72267519344057
213,205,21.968873641097144
213,206,18.204752532345022
213,207,16.498414565214862
213,208,13.194911003006748
213,209,10.139915051171021
213,210,9.175553875841914
213,211,5.958117534197439
213,212,3.7672152246228783
213,214,3.8280617992674237
213,215,6.427493764032182
213,216,8.717314657331716
213,217,11.966969263613603
213,218,11.12396256826888
213,219,8.439853047456237
213,220,4.897716167410871
213,221,6.6247086570357565
213,222,8.142232895176098
213,223,11.71799524337829
213,224,13.330433156201128
213,225,16.860397384246774
213,226,19.885526552499957
213,227,23.60278939289025
213,228,26.882452678090115
213,229,30.454141047816044
213,230,33.205576081709175
213,231,36.64935473867042
213,232,39.775888339867066
213,233,40.815948266354376
213,234,37.4507752504882
213,235,35.2807979991677
213,236,31.63178050878204
213,237,30.46199792291673
213,238,27.195591220772055
213,239,26.366934556173103
213,240,23.49190208460216
213,241,23.129722743540228
213,242,19.832592717549808
213,243,16.835918761456973
213,244,19.292681037722527
213,245,19.11039902317602
213,246,22.813135134790766
213,247,25.028091093051614
213,248,27.832745709577665
213,249,30.140214831897275
213,250,30.7233957139707
213,251,31.10545572327533
213,252,34.43177642285357
213,253,34.559569239440584
213,254,37.24115248971797
213,255,38.51375831483881
213,256,39.9631908969013
213,257,39.76656172422065
213,258,36.51433610394322
213,259,33.888106720114436
213,260,31.251447564926796
213,261,31.431045672552557
213,262,29.355862910046152
213,263,31.715789024983213
213,264,32.12163608307594
213,265,35.83482222405802
213,266,37.3673806545928
213,267,39.2180024510635
213,268,42.992652762308346
213,269,45.93503013699112
213,270,47.6218745601583
213,271,48.262857643267544
213,272,46.922187823275664
213,273,46.26680526570348
213,274,43.89580141506681
213,275,40.45612684234263
213,276,38.48615267543275
213,277,35.40298115467687
213,278,38.016509805654984
213,279,39.83886687634813
213,280,42.76266710657069
213,281,45.47445724549814
213,282,48.97083796437305
213,283,50.052097123746236
213,284,53.671972810882025
213,285,52.92294275379021
213,286,52.01329191941184
213,287,49.35877492977722
213,288,46.506588058373794
213,289,44.52550130532139
213,290,42.08220094662954
213,291,38.988673666265335
213,292,38.36360557519618
213,293,36.12140234214966
213,294,38.658832673258544
213,295,39.32131179868541
213,296,42.770251605829095
213,297,46.18202396410811
213,298,45.52286700890665
213,299,47.36881595640226
213,300,46.14654870656209
213,301,43.84650725672657
213,302,45.596101711601456
213,303,45.048991461470585
213,304,48.41142251999319
213,305,48.63873452776988
213,306,52.309583799424786
213,307,54.75537093768692
213,308,58.28026212813916
213,309,60.43598011882273
213,310,64.12093123078341
213,311,66.02409000306474
213,312,69.43597566050528
213,313,71.84503095155061
213,314,72.08889440091355
213,315,72.8757124099365
213,316,76.05553503588001
213,317,77.22123349090246
213,318,80.81812898508701
214,1,104.6921571817096
214,2,105.70305427974712
214,3,102.12518817041376
214,4,98.53712746426018
214,5,94.99568737204406
214,6,92.05879167035322
214,7,88.5893564689622
214,8,85.45368739574354
214,9,82.03792462163524
214,10,78.45568624672227
214,11,76.41269390732131
214,12,74.11991934539579
214,13,71.71211014745482
214,14,71.30263652699303
214,15,67.56526183146151
214,16,66.1065602519868
214,17,62.75423764444893
214,18,61.551569399506334
214,19,60.46901487655521
214,20,59.83420240064343
214,21,61.78078641147227
214,22,61.953236505098495
214,23,64.06074132406172
214,24,63.36573180980968
214,25,60.233156344258695
214,26,61.92726410903355
214,27,64.91695330955305
214,28,66.09126289496699
214,29,66.5957103521384
214,30,67.72999174263614
214,31,64.55126607779565
214,32,61.168123593172346
214,33,58.20546613655263
214,34,54.480840023244085
214,35,52.759851274012675
214,36,49.11728892730766
214,37,47.215600870333795
214,38,45.119455421690255
214,39,44.46475069998173
214,40,42.66318990768988
214,41,42.81719272277133
214,42,39.055157595134716
214,43,39.036755844770525
214,44,38.442578527094575
214,45,41.52667472707553
214,46,41.01942031407171
214,47,44.081446427614075
214,48,45.03510887598444
214,49,41.623349341657246
214,50,39.4640203534092
214,51,36.437820447406835
214,52,33.48786750924456
214,53,31.398931840908748
214,54,27.76336186660234
214,55,27.345161435212816
214,56,23.809207584352468
214,57,23.18829375751935
214,58,22.44930228022733
214,59,24.63470985700913
214,60,21.897221796507992
214,61,20.824927529622176
214,62,24.5348619484699
214,63,24.992594290370615
214,64,22.399081598917956
214,65,23.563152220195764
214,66,21.024474401956965
214,67,23.08224016040329
214,68,23.81770290506343
214,69,25.022022936933407
214,70,27.47315046621541
214,71,30.30185853123471
214,72,29.89669331763375
214,73,30.790724374727656
214,74,33.64013718300698
214,75,33.8490517234718
214,76,35.52845867557885
214,77,35.76340537310796
214,78,37.397310461311314
214,79,34.72217276823335
214,80,31.237021717272153
214,81,30.043516373819703
214,82,26.33826178639916
214,83,25.68250525437171
214,84,23.269074163308137
214,85,22.580256339483046
214,86,21.127962546129428
214,87,17.841172035072912
214,88,16.234335694122514
214,89,16.334056753911792
214,90,16.03038936428117
214,91,13.661968620236399
214,92,10.66355307502201
214,93,12.466969453684523
214,94,13.191709951315842
214,95,16.8311616684927
214,96,18.134798073890842
214,97,21.03765775671143
214,98,20.070528202461666
214,99,23.031753071535995
214,100,25.531131564716834
214,101,24.78214781745493
214,102,24.911345019504417
214,103,28.179514752333326
214,104,29.970399010476314
214,105,29.154063197764803
214,106,30.223337763873896
214,107,33.317890080884766
214,108,34.22851288986093
214,109,34.41985155301617
214,110,33.902149382439966
214,111,31.47406618186508
214,112,34.29039221090504
214,113,32.926434149244685
214,114,35.215092094196855
214,115,34.238260027577155
214,116,35.44193697947649
214,117,36.44163826157692
214,118,33.798362193863646
214,119,34.73363667481989
214,120,31.952610203655546
214,121,34.004772981399945
214,122,32.645112522666615
214,123,29.22013990567847
214,124,28.046844768010306
214,125,27.41706272284794
214,126,25.7081500912514
214,127,22.459757392846896
214,128,20.59111271863466
214,129,17.604121796720857
214,130,17.47927542243355
214,131,14.804687489584055
214,132,17.679185589348602
214,133,20.751715866639067
214,134,24.11267534383237
214,135,26.621153669742792
214,136,26.29474320036053
214,137,24.72997767579071
214,138,21.81880278987062
214,139,22.032767318499655
214,140,20.634589826023404
214,141,21.451457747953075
214,142,25.242049208383335
214,143,25.89595274906018
214,144,23.66652700005952
214,145,24.50759392850208
214,146,21.9891663062575
214,147,24.093031473643382
214,148,23.686135646521723
214,149,26.22071097280999
214,150,29.653736728381983
214,151,31.7056829489378
214,152,30.157089145021295
214,153,29.947635319433324
214,154,28.050596586042648
214,155,30.669348586184057
214,156,30.515956981622026
214,157,30.802835052584044
214,158,33.226479290809046
214,159,34.23900920213836
214,160,36.11098526785479
214,161,36.43287916928335
214,162,39.205159278166136
214,163,39.77436144190693
214,164,43.42113972761143
214,165,43.27374183449503
214,166,44.46415132578466
214,167,41.15750867726535
214,168,37.69817359950256
214,169,34.874558068434034
214,170,31.206694145460126
214,171,28.812685350203736
214,172,25.134936149028295
214,173,23.197187842132493
214,174,19.796407362215866
214,175,18.000975945430802
214,176,15.568709593593121
214,177,12.857423401562565
214,178,12.421408664338442
214,179,10.157344820202068
214,180,13.299699909919731
214,181,16.878703378808968
214,182,18.187047091651593
214,183,16.25851852340078
214,184,17.63996822263673
214,185,21.130600372484952
214,186,21.358672254117522
214,187,20.835278519117225
214,188,22.451677846768685
214,189,24.20937093523329
214,190,24.267374482670018
214,191,22.168650483353534
214,192,21.31192093809964
214,193,21.738561925896803
214,194,23.067137695103018
214,195,23.720953790434347
214,196,26.753540632504425
214,197,28.165515430221507
214,198,31.464955565145097
214,199,34.56961559888143
214,200,37.720296059976775
214,201,36.42618828612276
214,202,32.693603898803204
214,203,30.29364556123295
214,204,26.495075194970987
214,205,25.088443818088717
214,206,21.385805014065834
214,207,20.014291774398302
214,208,16.708101327531985
214,209,13.845176544636358
214,210,12.939558594795793
214,211,9.72310972153411
214,212,6.884638659682975
214,213,3.8280617992674237
214,215,3.7811778872137074
214,216,6.48249018043081
214,217,9.930885745537848
214,218,9.45603789863163
214,219,7.999039988579737
214,220,5.693416697083945
214,221,8.638541755372403
214,222,9.98697084793378
214,223,13.550374557401035
214,224,15.295202615237574
214,225,18.439531788358586
214,226,21.7170617083047
214,227,25.281736630126918
214,228,28.779582165454904
214,229,32.18413148179821
214,230,35.13537293672735
214,231,38.49799846657016
214,232,41.63399981537916
214,233,42.95166928588922
214,234,39.72569039032011
214,235,37.6758528742467
214,236,34.030790551876635
214,237,33.16606312661254
214,238,29.95107348564512
214,239,29.437705328157065
214,240,26.664965454582905
214,241,26.465334384963374
214,242,23.03439066861286
214,243,19.826833755377653
214,244,21.98877829943192
214,245,21.26240003235772
214,246,24.90770222825916
214,247,26.76563947586941
214,248,29.32792386654363
214,249,31.60497637987244
214,250,32.06546802639834
214,251,32.070670595039616
214,252,35.3050452609409
214,253,35.40233705654282
214,254,37.84635619396442
214,255,38.99041809205393
214,256,40.10106413535411
214,257,39.563078135466284
214,258,36.216674881392414
214,259,33.413286326173385
214,260,30.472754843264184
214,261,30.234960676420815
214,262,27.797403532988096
214,263,29.81703863490559
214,264,29.87539182875998
214,265,33.63177168082192
214,266,35.17549685936807
214,267,37.29177914570524
214,268,41.02691849752912
214,269,44.1248733754318
214,270,45.88230037796249
214,271,46.74317769845757
214,272,45.44449253718925
214,273,45.0458369068172
214,274,42.56986108792789
214,275,39.0101455468255
214,276,36.87796965064505
214,277,33.5960966283792
214,278,35.946215801656805
214,279,37.886733418721306
214,280,40.996982479487485
214,281,43.714092773917315
214,282,47.31465086792413
214,283,48.614749178506386
214,284,52.16069043180537
214,285,51.399551720643196
214,286,50.70027190216232
214,287,47.932658759542676
214,288,44.907540737271205
214,289,42.746374066901076
214,290,40.197646572171855
214,291,37.302777079516325
214,292,37.00373563890641
214,293,34.83738827262014
214,294,37.45345785664437
214,295,38.31297901783273
214,296,41.84291090204077
214,297,45.208591679177516
214,298,44.34754083583159
214,299,46.104351398505244
214,300,44.99709742919531
214,301,42.525990353612144
214,302,44.17763671158655
214,303,43.436549217152695
214,304,46.65927922267829
214,305,46.65871004868833
214,306,50.36597333214012
214,307,52.99246357043536
214,308,56.4607694939177
214,309,58.77553641488616
214,310,62.40461871761262
214,311,64.3087662960309
214,312,67.66214595624486
214,313,70.08532730589873
214,314,70.24142498773347
214,315,70.85749363749655
214,316,73.99447605669404
214,317,75.00979225857421
214,318,78.55277699375331
215,1,104.71388832696938
215,2,105.8292933374693
215,3,102.30020367231904
215,4,98.66886487977708
215,5,95.17756554022183
215,6,92.2283829314327
215,7,88.80433386793159
215,8,85.69198259692637
215,9,82.2568690770853
215,10,78.62552568866161
215,11,76.45439446290774
215,12,74.18510733255218
215,13,71.666320221879
215,14,71.24126597985698
215,15,67.55389414066161
215,16,66.21493255442338
215,17,62.96165876394361
215,18,61.97861322946366
215,19,61.01395000022241
215,20,60.60501736916246
215,21,62.68088888969195
215,22,63.068029170044035
215,23,65.21850761935565
215,24,64.37303772443066
215,25,61.178711737319915
215,26,62.670063122009815
215,27,65.55966490169278
215,28,66.53191013384401
215,29,66.92477429164329
215,30,67.85515377096841
215,31,64.60240562171036
215,32,61.28611397991122
215,33,58.2349052954667
215,34,54.56137407717979
215,35,52.967803914560335
215,36,49.32879135187325
215,37,47.17673531246749
215,38,45.06852171654225
215,39,44.10010965310747
215,40,42.061551770166446
215,41,41.88498675427943
215,42,38.10298803009959
215,43,37.878203228515794
215,44,37.35942894733617
215,45,40.3371427763189
215,46,39.67317762020023
215,47,42.87624810674991
215,48,43.99377499773745
215,49,40.681069794282365
215,50,38.29803462453708
215,51,35.2331684057598
215,52,32.099010254188016
215,53,29.85502404171275
215,54,26.193546869226065
215,55,25.468033472849587
215,56,21.788015464049458
215,57,21.4737456393317
215,58,21.321017897422067
215,59,23.734522344474428
215,60,21.176554666868533
215,61,19.485801306330924
215,62,23.036838150430203
215,63,23.902185057940386
215,64,21.169890957342165
215,65,21.761409071894402
215,66,18.895347806169834
215,67,20.477622263460166
215,68,21.178376537959036
215,69,22.823742373456255
215,70,25.162444550529816
215,71,28.009680848045278
215,72,28.01866457216895
215,73,28.97598624298092
215,74,32.08349826678682
215,75,32.33683075811481
215,76,34.32397377418245
215,77,34.72511011809016
215,78,36.63852047089533
215,79,33.994252707163675
215,80,30.35949948775174
215,81,29.085813126256916
215,82,25.39394689727051
215,83,24.511970561802684
215,84,22.238887874686185
215,85,20.967173429298533
215,86,19.51660920404063
215,87,15.986139972232246
215,88,14.252403937747847
215,89,13.660339821904396
215,90,13.553701617359474
215,91,11.597014626670987
215,92,9.27343974696569
215,93,12.068619036183819
215,94,13.787743438047018
215,95,17.557422173312233
215,96,19.551667686803864
215,97,22.39683695673219
215,98,20.87907929997642
215,99,23.88386689628986
215,100,26.41876167200821
215,101,25.21540996444557
215,102,25.053501357193284
215,103,28.546411837547144
215,104,30.243237126414527
215,105,28.96112452470963
215,106,29.9609990492523
215,107,33.2812567171999
215,108,33.96374468352419
215,109,33.80482404250286
215,110,33.01116202064462
215,111,30.377746314834816
215,112,33.115401059137476
215,113,31.722547063986976
215,114,34.03363876617348
215,115,32.933679882068965
215,116,34.38156698872465
215,117,35.34168652491671
215,118,32.91060032664519
215,119,33.8131205397467
215,120,31.09831245075615
215,121,33.17518146476609
215,122,31.76678054125868
215,123,28.18189096089933
215,124,26.561418607513193
215,125,25.813979150662792
215,126,23.7614586320582
215,127,20.486627516076876
215,128,18.16074080970948
215,129,14.857056634466753
215,130,14.200261918554604
215,131,11.584676877458659
215,132,14.759155311874109
215,133,17.530454438767737
215,134,21.034543759547898
215,135,23.295493343935238
215,136,22.777336049617695
215,137,21.381944437663442
215,138,18.700506896241883
215,139,19.26340114002284
215,140,18.33639577516481
215,141,19.553378858566322
215,142,23.285633175162555
215,143,24.44561898859957
215,144,22.40665088183457
215,145,23.1634059063195
215,146,20.66628028189315
215,147,23.011657417288323
215,148,22.608367466725156
215,149,25.2515891918
215,150,28.445493217547874
215,151,30.513587324082568
215,152,29.295006483049676
215,153,29.400671231444658
215,154,27.65107727300371
215,155,30.516059210466494
215,156,30.71066865442369
215,157,30.769924126232283
215,158,33.349757506651265
215,159,34.12037328729272
215,160,36.085434048966945
215,161,36.20304898875951
215,162,39.12076153129821
215,163,39.664408122329334
215,164,43.20081274080675
215,165,42.95395328166477
215,166,44.30653120630316
215,167,41.0082671464457
215,168,37.71026393522195
215,169,34.702363677627794
215,170,31.081547207293834
215,171,28.623554506103993
215,172,24.854263242978096
215,173,22.999373782185614
215,174,19.783874191624967
215,175,18.295680684014215
215,176,15.529044869236687
215,177,13.454034353994308
215,178,12.599063049762329
215,179,10.664572293156178
215,180,13.764856214665686
215,181,17.47510826545771
215,182,18.018029371068785
215,183,15.70971286122338
215,184,17.662418001272464
215,185,20.998794594645336
215,186,20.5501043647527
215,187,19.97751145807217
215,188,22.120238155694295
215,189,24.057557713602534
215,190,24.67939603253899
215,191,22.985958125164764
215,192,22.43757325148222
215,193,22.5739460300909
215,194,24.074288398264432
215,195,24.483314553676216
215,196,27.668940050470745
215,197,28.847458499264132
215,198,32.30203962010787
215,199,35.33480611065996
215,200,38.6817304614301
215,201,37.612794648685025
215,202,33.94832942875293
215,203,31.6033357117896
215,204,27.803874190129807
215,205,26.539789428541557
215,206,22.864259831359675
215,207,21.63893884882669
215,208,18.07955511464195
215,209,15.703039675884263
215,210,14.484101846024805
215,211,11.778497313060441
215,212,8.705736279673959
215,213,6.427493764032182
215,214,3.7811778872137074
215,216,3.803682554926664
215,217,6.5005023624092635
215,218,5.761397796296428
215,219,5.221917046346039
215,220,4.841204766274933
215,221,8.212463462858771
215,222,9.934777783299408
215,223,13.43705638277113
215,224,15.874774649164651
215,225,18.700799947690342
215,226,22.2780159333161
215,227,25.676893226702006
215,228,29.2639222657458
215,229,32.58512597970371
215,230,35.456975570731196
215,231,38.879415809087305
215,232,41.82159057066269
215,233,43.23024964537342
215,234,40.152100961715405
215,235,37.95894415571742
215,236,34.25769592116539
215,237,33.51326863469083
215,238,30.195992363655886
215,239,29.886371303646623
215,240,27.060840977268395
215,241,26.838471116676043
215,242,23.197162545908125
215,243,19.879337216558
215,244,21.862633079087782
215,245,20.694208623327953
215,246,24.289457966368627
215,247,26.023305093501133
215,248,28.19352998910756
215,249,30.69221301548896
215,250,31.401808095502442
215,251,31.380096486649308
215,252,34.691020513994324
215,253,35.1205103516665
215,254,37.57950508184036
215,255,38.95135860424613
215,256,39.94098039696729
215,257,39.359016956109386
215,258,35.853014513113074
215,259,33.20570381179691
215,260,30.144516805615034
215,261,29.90237038399012
215,262,27.395158524308272
215,263,29.126573693656862
215,264,28.829780918316015
215,265,32.51832421507755
215,266,33.70264824771921
215,267,35.790383187509256
215,268,39.45867873483821
215,269,42.49947177804467
215,270,44.51606265634206
215,271,45.61467661244422
215,272,44.60035600747796
215,273,44.44700090970023
215,274,42.14899709970197
215,275,38.51290376717307
215,276,36.56620463819266
215,277,33.18904892139877
215,278,35.442302216590335
215,279,37.13853280710733
215,280,40.28376836468138
215,281,43.20625817218568
215,282,46.82604704890827
215,283,48.35736506082518
215,284,51.90572263429732
215,285,51.38768114699974
215,286,50.93422221039883
215,287,48.2683065903365
215,288,45.1313768958137
215,289,43.04930964965655
215,290,40.25338498300032
215,291,37.51855271103486
215,292,37.50878704264214
215,293,35.11865298480433
215,294,37.5011420091982
215,295,38.163768742877764
215,296,41.605055027244205
215,297,45.05872036006779
215,298,44.32378524506427
215,299,46.266213576653364
215,300,45.45989981177084
215,301,43.073161798571185
215,302,44.90029312395023
215,303,44.255176656612456
215,304,47.349596135245164
215,305,47.07845976395602
215,306,50.740300913767804
215,307,53.463212937159774
215,308,56.81952830010419
215,309,59.13670810453195
215,310,62.73698098827815
215,311,64.46603068626347
215,312,67.84688694129065
215,313,70.41007815190454
215,314,70.66645185283208
215,315,71.15559489637803
215,316,74.34253642932255
215,317,75.22573382728176
215,318,78.72287775699347
216,1,101.91155434185175
216,2,103.0415551080922
216,3,99.53237508808184
216,4,95.87634105498054
216,5,92.42569815864556
216,6,89.42823033333501
216,7,86.05439375634316
216,8,82.91738100176634
216,9,79.50624662527221
216,10,75.84309358947306
216,11,73.64565747559001
216,12,71.463966884438
216,13,68.94380752559371
216,14,68.61959747063702
216,15,64.97045721122016
216,16,63.6076883092677
216,17,60.390281761281024
216,18,59.54290025402952
216,19,58.554290012048476
216,20,58.265667188330674
216,21,60.356895570018345
216,22,60.87292005115396
216,23,63.13059771155473
216,24,62.25148573634869
216,25,59.07804400958824
216,26,60.45190290476395
216,27,63.21873746080676
216,28,64.08618087651915
216,29,64.32208142827567
216,30,65.12852682843494
216,31,61.80027154581332
216,32,58.48780364680858
216,33,55.34521853836295
216,34,51.718934145231984
216,35,50.11593945517849
216,36,46.523622834299076
216,37,44.23130489232078
216,38,42.23545978668883
216,39,41.133025852451574
216,40,38.927115174230394
216,41,38.63594035103125
216,42,34.87449797127167
216,43,34.45727044561069
216,44,33.83602420870172
216,45,36.72904716560337
216,46,35.96867599200367
216,47,39.18026285257937
216,48,40.321690912540504
216,49,37.0350694030432
216,50,34.58889880793035
216,51,31.526116451944755
216,52,28.34905448055855
216,53,26.104188200292473
216,54,22.431334009218233
216,55,21.735154635450918
216,56,18.04837911082879
216,57,17.68842952106429
216,58,17.671822337788775
216,59,20.182247363276232
216,60,17.800628601128476
216,61,15.89712874795662
216,62,19.414886899842955
216,63,20.524768850122385
216,64,17.959271784245665
216,65,18.37839905668721
216,66,15.373986365185269
216,67,17.049464850193413
216,68,17.548309484031
216,69,19.10668957078907
216,70,21.58682269620215
216,71,24.323728300037327
216,72,24.308786450606483
216,73,25.416968640702816
216,74,28.55869417962986
216,75,28.679716867829008
216,76,30.688655160353747
216,77,31.076969757331085
216,78,33.06416385531397
216,79,30.435523080176264
216,80,26.756628266830525
216,81,25.49723930994485
216,82,21.846697783156074
216,83,21.02245947042752
216,84,18.990235452651323
216,85,17.591479300800586
216,86,15.894951349788128
216,87,12.287864711359623
216,88,10.453741872912929
216,89,10.013749428956812
216,90,10.233803279365965
216,91,8.85087894821862
216,92,6.502902792960864
216,93,9.645018493486294
216,94,11.784056829078665
216,95,15.419135463890436
216,96,17.933041705349517
216,97,20.492443282053195
216,98,18.470944846984438
216,99,21.382287635616297
216,100,23.97569975335635
216,101,22.530230114867265
216,102,22.058613942361216
216,103,25.643575502703744
216,104,27.3492569325657
216,105,25.814378120939036
216,106,26.672791436298642
216,107,30.108818197909734
216,108,30.74217251892413
216,109,30.368946392913173
216,110,29.548007804968847
216,111,26.938806866800988
216,112,29.760074374379897
216,113,28.559078660382127
216,114,31.061360497791746
216,115,30.175657189115963
216,116,31.90618851882193
216,117,33.140087962447765
216,118,30.978806120458284
216,119,32.20449022324477
216,120,29.798653689503116
216,121,32.19489238725306
216,122,31.14217225199638
216,123,27.447001605676128
216,124,25.616684980409183
216,125,24.358886585049735
216,126,21.94184800282738
216,127,19.004979462454596
216,128,16.42850631222735
216,129,13.224779165696079
216,130,12.544552627476925
216,131,9.276425565448372
216,132,11.967209719667697
216,133,14.894575647610726
216,134,18.176586372470286
216,135,20.582725459724532
216,136,20.532683559774654
216,137,19.392548107973717
216,138,16.71036008156001
216,139,16.853291943697805
216,140,15.740858037930952
216,141,16.61305670482422
216,142,20.283425780121433
216,143,21.554003272907654
216,144,19.922435733647585
216,145,21.115599985685822
216,146,19.089352301809893
216,147,21.90608310981004
216,148,22.07807492883842
216,149,25.105408709612863
216,150,28.13491605018803
216,151,30.545217662291186
216,152,29.74887814834455
216,153,29.68438029984838
216,154,27.656086215307088
216,155,30.38651436554519
216,156,30.46596759236038
216,157,30.055933464891524
216,158,32.42871712502138
216,159,32.78826981662966
216,160,34.509538121521366
216,161,34.262601918542856
216,162,37.08065669607653
216,163,37.36333684070653
216,164,40.8123222982948
216,165,40.32176585663377
216,166,41.59865792544873
216,167,38.229911561069386
216,168,35.04396636048996
216,169,32.04899621942058
216,170,28.41602159330318
216,171,26.155223245274666
216,172,22.354145980342746
216,173,20.909097537321518
216,174,18.05110355183218
216,175,17.25430712706699
216,176,14.848066476366803
216,177,13.598463461928894
216,178,13.461979821912848
216,179,12.538734312856544
216,180,15.964452810128646
216,181,19.485630931660797
216,182,19.887682703941934
216,183,17.03283995403036
216,184,18.7483553126766
216,185,22.17015607874268
216,186,21.47790882123196
216,187,20.29244288801643
216,188,22.428784459892945
216,189,24.858246790829963
216,190,25.573845141257454
216,191,24.340457084495338
216,192,23.46650372420732
216,193,22.984424064329087
216,194,24.07166126852768
216,195,23.88763334765826
216,196,26.883115778079656
216,197,27.578064896993897
216,198,30.983531033842578
216,199,33.77381202363177
216,200,37.22094094011741
216,201,36.13065142901874
216,202,32.5921263248841
216,203,30.541295088687352
216,204,26.787752957210955
216,205,25.99537310064481
216,206,22.5120510383252
216,207,21.88390077201346
216,208,18.425438558733745
216,209,16.664153691889354
216,210,16.058108625987533
216,211,13.87848359459017
216,212,11.4313826144989
216,213,8.717314657331716
216,214,6.48249018043081
216,215,3.803682554926664
216,217,3.8190790388234515
216,218,5.448030594025942
216,219,5.360644993518527
216,220,6.5651173085458705
216,221,8.61445161910402
216,222,9.126732194677702
216,223,11.967065314111672
216,224,14.390640427010446
216,225,16.633906342698847
216,226,20.341125287961056
216,227,23.47298469101921
216,228,27.163823481084542
216,229,30.28473921976459
216,230,33.2349848277128
216,231,36.576034663586185
216,232,39.44506157470594
216,233,41.080876606006385
216,234,38.18443054956878
216,235,36.10758597709804
216,236,32.45746712070676
216,237,32.083077570028166
216,238,28.90710682114696
216,239,29.06400577693591
216,240,26.533246021612158
216,241,26.76506180138289
216,242,23.10658623724472
216,243,19.52330928399131
216,244,20.887074086570145
216,245,19.12279055460072
216,246,22.490862588363452
216,247,23.76912989784703
216,248,25.740001758660622
216,249,28.09205455539891
216,250,28.6591557165997
216,251,28.37346942286963
216,252,31.603648840313856
216,253,32.08294014646158
216,254,34.427522584229045
216,255,35.83125033550135
216,256,36.68166681636779
216,257,36.03119286042405
216,258,32.45999282671241
216,259,29.886886714981944
216,260,26.78157575981568
216,261,26.58658459672365
216,262,24.14126649709464
216,263,25.83031888630716
216,264,25.529318038780396
216,265,29.15979041465314
216,266,30.205263752985562
216,267,32.16964795332913
216,268,35.83838721466491
216,269,38.81571424032427
216,270,40.871583129015484
216,271,41.98307146265741
216,272,41.06597787610481
216,273,40.964436694386
216,274,38.78206953024761
216,275,35.14246546215674
216,276,33.35913567423735
216,277,30.01046089325128
216,278,32.33165413098793
216,279,33.82509166350291
216,280,36.90581304540577
216,281,39.933846434285286
216,282,43.52007626834951
216,283,45.10685467875175
216,284,48.677946377767505
216,285,48.32094616701533
216,286,47.96374578993287
216,287,45.4208845475532
216,288,42.27669500709252
216,289,40.352352691512934
216,290,37.42154679671138
216,291,34.71424518389058
216,292,34.79750036084822
216,293,32.211544260256524
216,294,34.39666168210974
216,295,34.891947124008816
216,296,38.262437167133946
216,297,41.76443238578363
216,298,41.148472335583826
216,299,43.2361497352842
216,300,42.61833691890626
216,301,40.3652993036521
216,302,42.38277371500316
216,303,41.93069853130135
216,304,44.977822472858044
216,305,44.60152758098787
216,306,48.19346601111844
216,307,50.88636619143034
216,308,54.17531673999023
216,309,56.404023024109996
216,310,60.00722931171568
216,311,61.59605414199862
216,312,65.0267799403858
216,313,67.69308710872173
216,314,68.08731800819633
216,315,68.57801074505785
216,316,71.83866215053969
216,317,72.71834682657264
216,318,76.21750225727294
217,1,102.30263333248267
217,2,103.53312449014605
217,3,100.08034750868187
217,4,96.387666877286
217,5,92.99830564641363
217,6,89.99048213663875
217,7,86.67560660620993
217,8,83.56678839728225
217,9,80.15106059505527
217,10,76.44937647945159
217,11,74.1329239616953
217,12,71.99297872663415
217,13,69.37422345482044
217,14,69.04611249975665
217,15,65.46695859005048
217,16,64.22666625514982
217,17,61.12682254865472
217,18,60.509363641781334
217,19,59.63603681506702
217,20,59.57221215551064
217,21,61.77089652854036
217,22,62.490953934705594
217,23,64.7869032660532
217,24,63.773661507716824
217,25,60.563228682445164
217,26,61.731393335867836
217,27,64.37829096541542
217,28,65.03992127043733
217,29,65.15160276869231
217,30,65.74335741264689
217,31,62.35091824739413
217,32,59.12259177395903
217,33,55.90142823100858
217,34,52.35712267609055
217,35,50.887430165955195
217,36,47.33690807259618
217,37,44.803979260457936
217,38,42.833701694531364
217,39,41.40989819495294
217,40,38.960260901539094
217,41,38.30115330919576
217,42,34.570595861095995
217,43,33.89416345350332
217,44,33.3408530265815
217,45,36.05366958502573
217,46,35.091228412518966
217,47,38.422444734860676
217,48,39.728789257984936
217,49,36.584713495549444
217,50,33.895674717412675
217,51,30.851020219719484
217,52,27.491406369935248
217,53,25.125679669916487
217,54,21.498096194799587
217,55,20.448298479020355
217,56,16.668731009449196
217,57,16.70704922490103
217,58,17.48288185835568
217,59,20.129534070229717
217,60,18.058975621508317
217,61,15.459367013849082
217,62,18.581273713320346
217,63,20.153724803600646
217,64,17.5051841732736
217,65,17.136296551673716
217,66,13.79396139742172
217,67,14.692128337137733
217,68,15.155031088576713
217,69,17.321641861490875
217,70,19.564815731796493
217,71,22.301986074285445
217,72,22.838378214417634
217,73,23.978805367863597
217,74,27.38804366917107
217,75,27.589435848618674
217,76,29.951702817838676
217,77,30.559836667821795
217,78,32.855856059950156
217,79,30.333756840186613
217,80,26.558764838998545
217,81,25.272486894905256
217,82,21.764627474588554
217,83,20.733496030072573
217,84,19.010627821213557
217,85,16.920122311746187
217,86,15.240761708921108
217,87,11.501334803954364
217,88,9.539416305254294
217,89,7.830715901982661
217,90,8.414011061736117
217,91,8.04270584380353
217,92,7.371377299851339
217,93,11.067238658989442
217,94,13.953595978804863
217,95,17.38256900843892
217,96,20.35811894881679
217,97,22.788718387593825
217,98,20.37935456669424
217,99,23.22485771860366
217,100,25.72149123627482
217,101,23.848427275071213
217,102,23.124858989862823
217,103,26.82947530420847
217,104,28.35375228419315
217,105,26.35191540046726
217,106,27.142448468139037
217,107,30.736594631280386
217,108,31.078149094847333
217,109,30.332761200388692
217,110,29.184695927247695
217,111,26.36951779344736
217,112,29.02010067849258
217,113,27.786322456782813
217,114,30.253276561970807
217,115,29.224698952738184
217,116,31.199993221128814
217,117,32.35877475213993
217,118,30.471892547634596
217,119,31.632487354320126
217,120,29.347529153056108
217,121,31.72178259586386
217,122,30.641854261653684
217,123,26.85871868543235
217,124,24.574235371713723
217,125,23.19379641285068
217,126,20.416736156747824
217,127,17.582665026973437
217,128,14.49821069360946
217,129,11.041048418611984
217,130,9.544254925069255
217,131,6.329688389422295
217,132,9.31323958802902
217,133,11.684933182032356
217,134,15.1226080684577
217,135,17.180366075601793
217,136,16.924761347473922
217,137,16.0562191473377
217,138,13.743683397232969
217,139,14.33008686802315
217,140,13.929248584309239
217,141,15.309599104920727
217,142,18.75416960354093
217,143,20.64386136426542
217,144,19.310141113549843
217,145,20.352327907289936
217,146,18.455810776130434
217,147,21.441728331485027
217,148,21.631666945861898
217,149,24.680474648436476
217,150,27.359605017146997
217,151,29.745849538833188
217,152,29.329773414963533
217,153,29.581906937399282
217,154,27.75067230490192
217,155,30.662984670387093
217,156,31.094124378688093
217,157,30.47067067859782
217,158,32.96075326328396
217,159,33.07274261890018
217,160,34.872344244890755
217,161,34.426662975196024
217,162,37.36418162296565
217,163,37.63360488807797
217,164,40.91981133651722
217,165,40.34515608788363
217,166,41.7973750726905
217,167,38.4910323861749
217,168,35.525780383142894
217,169,32.37464881558947
217,170,28.88022290619189
217,171,26.58846527774601
217,172,22.816776315364173
217,173,21.4993952718914
217,174,18.978878748497635
217,175,18.519473491329975
217,176,15.943449751209739
217,177,15.380708615670686
217,178,14.878305668578692
217,179,14.308908284039337
217,180,17.410383856615244
217,181,20.832479496414205
217,182,20.557515690106914
217,183,17.506123807804457
217,184,19.626271914993207
217,185,22.739560999170905
217,186,21.416344656082593
217,187,20.20382868287394
217,188,22.773992728029917
217,189,25.297926023729392
217,190,26.526388411179262
217,191,25.69460743617013
217,192,25.128853356104
217,193,24.425739104452923
217,194,25.656837363261488
217,195,25.278405451507613
217,196,28.346554565311003
217,197,28.821409698443116
217,198,32.30951690354231
217,199,34.99021491028457
217,200,38.576807934579044
217,201,37.74183192734892
217,202,34.32182667526468
217,203,32.336836381836626
217,204,28.666602836918205
217,205,27.987920555504754
217,206,24.617326643340927
217,207,24.08759109845007
217,208,20.537402745978806
217,209,19.200515674995174
217,210,18.334368219331594
217,211,16.57256684030595
217,212,14.07921763853868
217,213,11.966969263613603
217,214,9.930885745537848
217,215,6.5005023624092635
217,216,3.8190790388234515
217,218,3.79399869212848
217,219,5.629183957281187
217,220,8.585126449576347
217,221,10.24754227692148
217,222,10.970426513192866
217,223,13.31296673108938
217,224,16.19823951865957
217,225,17.982788952927326
217,226,21.783438236672126
217,227,24.62973917511707
217,228,28.28521107279055
217,229,31.25656623220837
217,230,34.04681607197718
217,231,37.40376493426353
217,232,40.02269542860477
217,233,41.71447191728145
217,234,39.002124705627175
217,235,36.792821192262146
217,236,33.14436370101313
217,237,32.88130257054261
217,238,29.660973977190544
217,239,30.001909328173692
217,240,27.47216760832427
217,241,27.66030548101781
217,242,23.914716597254927
217,243,20.386995007556727
217,244,21.511682077430592
217,245,19.365276229865348
217,246,22.525020442306765
217,247,23.62643056075511
217,248,25.080419350590958
217,249,27.64160866769809
217,250,28.4974762580759
217,251,28.211133884560287
217,252,31.473029820471314
217,253,32.33102093484627
217,254,34.67084504640149
217,255,36.32022428636421
217,256,37.04960939487745
217,257,36.38722792381956
217,258,32.69981642347229
217,259,30.372367341905726
217,260,27.228116640342545
217,261,27.07049131014596
217,262,24.64941238767912
217,263,25.97858737586948
217,264,25.290090941163598
217,265,28.748544838313098
217,266,29.32723511793721
217,267,31.1955096667223
217,268,34.74060220743858
217,269,37.60183440460323
217,270,39.94679510185606
217,271,41.31035654780897
217,272,40.732478661924084
217,273,40.892974491026706
217,274,38.949485307325546
217,275,35.28381507996138
217,276,33.75663652156462
217,277,30.381615471861647
217,278,32.56989743844071
217,279,33.74244027864674
217,280,36.80102548839933
217,281,40.02656314000169
217,282,43.585962863481875
217,283,45.39769040699173
217,284,48.9455599106745
217,285,48.85984852752598
217,286,48.75513286664286
217,287,46.35400017912777
217,288,43.13737693464149
217,289,41.33446719308521
217,290,38.18587428795033
217,291,35.67836632863899
217,292,36.04308227550042
217,293,33.26019027197522
217,294,35.14444515036143
217,295,35.395589036762004
217,296,38.609741664956715
217,297,42.171140794341284
217,298,41.71896548584115
217,299,43.99288584399549
217,300,43.69540161996715
217,301,41.57104271044128
217,302,43.753449201090504
217,303,43.41768536013258
217,304,46.31000319831728
217,305,45.67277296093699
217,306,49.17980139992441
217,307,51.93799859497309
217,308,55.08842453149922
217,309,57.29259824072474
217,310,60.84720488065744
217,311,62.240786591164
217,312,65.68747043762576
217,313,68.48850592264505
217,314,68.99296422972294
217,315,69.36052402769376
217,316,72.66293155734118
217,317,73.41106081264245
217,318,76.8525763139305
218,1,105.992834959889
218,2,107.23048202209259
218,3,103.77395778026766
218,4,100.08673658067062
218,5,96.68456738182023
218,6,93.69490902722208
218,7,90.36250719937478
218,8,87.26399707668024
218,9,83.83647753721041
218,10,80.14291107192491
218,11,77.8252906222656
218,12,75.64719060829967
218,13,73.01244882911462
218,14,72.6262101406381
218,15,69.03392154675156
218,16,67.82593055403264
218,17,64.71808104941789
218,18,64.05018829641739
218,19,63.19406033123354
218,20,63.07488627256844
218,21,65.26359207074852
218,22,65.91180587598984
218,23,68.16460696070703
218,24,67.1746280981223
218,25,63.949320817543516
218,26,65.17723563071178
218,27,67.8872897100195
218,28,68.5910671227883
218,29,68.7720288365378
218,30,69.40480348432507
218,31,66.0374058960998
218,32,62.81039887907219
218,33,59.616875715600266
218,34,56.0544281271357
218,35,54.58465689567239
218,36,51.014402773518405
218,37,48.52497016055356
218,38,46.510301414307065
218,39,45.11449836101907
218,40,42.70342997846853
218,41,42.033021757367926
218,42,38.29593788000871
218,43,37.645031867977885
218,44,37.11862394926849
218,45,39.80325125018725
218,46,38.7776065431515
218,47,42.10071400181353
218,48,43.38957201304047
218,49,40.22758115803773
218,50,37.4683122828399
218,51,34.49970084596473
218,52,31.07818005626495
218,53,28.78760103397027
218,54,25.153088496502473
218,55,24.105644681925753
218,56,20.323833025608057
218,57,20.330035332356697
218,58,21.098352222636684
218,59,23.554242391329915
218,60,21.230362207057976
218,61,18.67334457861392
218,62,21.718031893377155
218,63,23.01947527921249
218,64,20.03220055936635
218,65,19.678317162272243
218,66,16.539060426293165
218,67,17.135376572000276
218,68,18.066951207123118
218,69,20.412108508003985
218,70,22.257600539901542
218,71,25.217339883405025
218,72,25.930423876327925
218,73,26.749312842513014
218,74,30.182872828300702
218,75,30.692442530652322
218,76,33.19372487138165
218,77,34.00368607899385
218,78,36.387332698498376
218,79,33.96710561986425
218,80,30.19200672501253
218,81,29.0167581476571
218,82,25.526872875195227
218,83,24.52579483168936
218,84,22.745050284657964
218,85,20.625585900277294
218,86,19.026359268670102
218,87,15.285836901296976
218,88,13.15962235680707
218,89,11.083649909017492
218,90,10.88617144015599
218,91,9.702053756357358
218,92,9.36727532980007
218,93,13.045952942962957
218,94,15.961007780900458
218,95,19.600846678970367
218,96,22.335681824002304
218,97,25.14019715296209
218,98,23.097972186721304
218,99,26.177104544409882
218,100,28.506059837428282
218,101,26.62062106332713
218,102,26.255530448770276
218,103,29.97685562375463
218,104,31.324435697764375
218,105,29.398192105566594
218,106,30.455903153175097
218,107,33.97833755993384
218,108,34.17005602089102
218,109,33.59116291684263
218,110,32.26820796476695
218,111,29.279600197572893
218,112,31.698981708116673
218,113,30.127719905118564
218,114,32.28222296639978
218,115,30.872117515773954
218,116,32.55743839081318
218,117,33.311270339814776
218,118,31.193397872755096
218,119,31.914669934996322
218,120,29.298717079195253
218,121,31.288159972207982
218,122,29.77720529883463
218,123,26.06029065098083
218,124,23.801508052746733
218,125,22.99036455342897
218,126,20.53569062995492
218,127,17.281396898089497
218,128,14.343224588663151
218,129,10.651511176753095
218,130,9.033446457885454
218,131,7.032201841145854
218,132,10.741902347731012
218,133,12.75802140239467
218,134,16.486965236356763
218,135,18.301096248950504
218,136,17.3414134125621
218,137,16.02878948705323
218,138,13.736864381693847
218,139,15.025306652648563
218,140,15.074498817551396
218,141,17.116988145904074
218,142,20.57201200382984
218,143,22.501552110792623
218,144,20.69179942819607
218,145,21.077755013427016
218,146,18.61098814553336
218,147,21.109453367533632
218,148,20.62949080781578
218,149,23.280716252395194
218,150,25.990560999262907
218,151,28.00466135885112
218,152,27.324850986091334
218,153,27.91785073832097
218,154,26.478393079978574
218,155,29.650298033425408
218,156,30.407665650525363
218,157,30.186189524490295
218,158,32.99232863342823
218,159,33.45653656493975
218,160,35.60639264205759
218,161,35.513479640243126
218,162,38.65799531970236
218,163,39.272146365953176
218,164,42.59609037476576
218,165,42.31759864875698
218,166,43.98935116029984
218,167,40.81678697820303
218,168,37.80604980928179
218,169,34.52315830710515
218,170,31.106403141660586
218,171,28.49408570154162
218,172,24.748948045060946
218,173,22.927887031353524
218,174,20.09619318071955
218,175,18.995895482066423
218,176,15.878127841650564
218,177,14.880901557587256
218,178,13.456988415777428
218,179,12.32044697316728
218,180,14.910062743079616
218,181,18.396722219176652
218,182,17.779987291206066
218,183,15.051854031632528
218,184,17.670869824862912
218,185,20.530211522448298
218,186,19.05870819935804
218,187,18.44117211255711
218,188,21.28700397571267
218,189,23.38381278886366
218,190,24.836256753692684
218,191,23.828440415112205
218,192,23.76976023839216
218,193,23.516168220429616
218,194,25.27146042942768
218,195,25.406057037585313
218,196,28.757913424426302
218,197,29.66539953003371
218,198,33.290433905190945
218,199,36.21912573172173
218,200,39.79088434727234
218,201,39.15630253497183
218,202,35.63796067776708
218,203,33.3227739365805
218,204,29.625590627936585
218,205,28.477955004430864
218,206,24.946168098542785
218,207,23.862160773321
218,208,20.122432242870197
218,209,18.52637776044935
218,210,16.94788726240943
218,211,15.162426654387765
218,212,12.328419970146129
218,213,11.12396256826888
218,214,9.45603789863163
218,215,5.761397796296428
218,216,5.448030594025942
218,217,3.79399869212848
218,219,3.8027983428433143
218,220,7.030904628231166
218,221,9.324776710359691
218,222,11.321794436918138
218,223,14.203794845165831
218,224,17.44996885222277
218,225,19.736249385183616
218,226,23.504112620868884
218,227,26.574363147881012
218,228,30.10815360022471
218,229,33.28841667302772
218,230,35.88578419333585
218,231,39.3867742840796
218,232,41.96084845959977
218,233,43.378068988032425
218,234,40.52515727333709
218,235,38.071498311813556
218,236,34.34045855114449
218,237,33.67634714852409
218,238,30.240180820580576
218,239,30.14089790224995
218,240,27.262974832171032
218,241,26.92913258515902
218,242,23.127754026838943
218,243,19.89038027796514
218,244,21.586835400729093
218,245,19.933149452234083
218,246,23.302453977869956
218,247,24.922029447021572
218,248,26.41676281074061
218,249,29.28565514526865
218,250,30.49110496280618
218,251,30.603147024085278
218,252,34.025717958102476
218,253,35.03383551861788
218,254,37.585868598961575
218,255,39.375618778989086
218,256,40.303870837325356
218,257,39.811832413008204
218,258,36.13915496650152
218,259,33.8783133429726
218,260,30.824442613106566
218,261,30.770249079394755
218,262,28.38230388937731
218,263,29.75518486664754
218,264,29.04217454708664
218,265,32.50268558115044
218,266,33.03822374018093
218,267,34.905351160544626
218,268,38.4157809075277
218,269,41.23867172264478
218,270,43.651311373345884
218,271,45.04319828225297
218,272,44.50390433338179
218,273,44.64456467885488
218,274,42.7162293807172
218,275,39.0599054813283
218,276,37.51886416673293
218,277,34.13974137557071
218,278,36.31234979675579
218,279,37.52594871927222
218,280,40.59459461488866
218,281,43.8141766205644
218,282,47.37752783046826
218,283,49.17299687018778
218,284,52.72649392336652
218,285,52.61045568579195
218,286,52.46087075938204
218,287,50.02636970257652
218,288,46.817981219823245
218,289,44.958073903157
218,290,41.85598136641813
218,291,39.32219598421129
218,292,39.61793068909504
218,293,36.887954613794435
218,294,38.83403559893583
218,295,39.08508820439006
218,296,42.29873526308392
218,297,45.8756520052065
218,298,45.44188897402823
218,299,47.699100411317694
218,300,47.3239961090938
218,301,45.16425452333028
218,302,47.28328033229352
218,303,46.86957046456015
218,304,49.8009049654909
218,305,49.21269244269904
218,306,52.75834867929927
218,307,55.53496263174304
218,308,58.71801849084108
218,309,60.957260015727186
218,310,64.51587237406328
218,311,65.95720364108452
218,312,69.39051632083259
218,313,72.1593026424198
218,314,72.61070932211803
218,315,72.96913137801812
218,316,76.24068437493455
218,317,76.97419331433132
218,318,80.40828907803647
219,1,106.80494468855349
219,2,107.9172283664755
219,3,104.41239717237721
219,4,100.7447950578859
219,5,97.32203381370446
219,6,94.27077893785061
219,7,90.9384268178501
219,8,87.75776389130299
219,9,84.38727528698938
219,10,80.70804064809253
219,11,78.53201714552617
219,12,76.43601089614337
219,13,73.9397041550702
219,14,73.69409457872224
219,15,70.0687659851436
219,16,68.67159728787597
219,17,65.4587300028524
219,18,64.64654988437655
219,19,63.57843861729894
219,20,63.264444317118425
219,21,65.26677077082253
219,22,65.72590074823158
219,23,68.07462185887232
219,24,67.29298954301339
219,25,64.17740864438198
219,26,65.5812699799512
219,27,68.30325996010586
219,28,69.1774597496336
219,29,69.31600095542747
219,30,70.0773665362917
219,31,66.6934748537815
219,32,63.35703854349535
219,33,60.13616268936606
219,34,56.54845918588742
219,35,54.84545543478346
219,36,51.321517517081006
219,37,48.9757002638076
219,38,47.13751323701175
219,39,45.972244153411594
219,40,43.605069276524226
219,41,43.16859388078174
219,42,39.450325601613436
219,43,38.72578952565606
219,44,37.881410181118554
219,45,40.51865746740391
219,46,39.3757502639731
219,47,42.51079799815469
219,48,43.560379586386624
219,49,40.2196155733339
219,50,37.49037004296859
219,51,34.70481461182163
219,52,31.285280959422813
219,53,29.35404831253167
219,54,25.61404174452107
219,55,25.112174304136456
219,56,21.381518600470994
219,57,20.71426923462216
219,58,20.923469652949773
219,59,22.918415658651796
219,60,20.120945390900197
219,61,17.986406165631738
219,62,21.168698736480387
219,63,21.85052850868136
219,64,18.632204835812402
219,65,18.873721577693022
219,66,16.22316605556528
219,67,17.416988483838995
219,68,18.894496941098115
219,69,20.689709149693005
219,70,22.372017133017724
219,71,25.598051730640567
219,72,25.886420826467358
219,73,26.31145237237562
219,74,29.514617950855758
219,75,30.293569403691837
219,76,32.673554382834716
219,77,33.62628122325028
219,78,35.95893862889494
219,79,33.71406187195093
219,80,30.00611271910408
219,81,29.20914199462709
219,82,25.76050678622104
219,83,25.276905847806173
219,84,23.67548030471091
219,85,22.000236815123962
219,86,19.919535857256623
219,87,16.147527734347545
219,88,13.465529528568254
219,89,11.869319625156063
219,90,10.613859996948648
219,91,8.179507621222163
219,92,7.428726367211561
219,93,10.687499853180919
219,94,13.487943909499187
219,95,17.18712884161846
219,96,19.697545973735146
219,97,22.806668771920275
219,98,21.168667455228913
219,99,24.523939642667074
219,100,26.548301747747455
219,101,24.67601719896153
219,102,24.812079858568165
219,103,28.502493209696308
219,104,29.61457199138203
219,105,27.929336309204185
219,106,29.369653054754423
219,107,32.70725898233585
219,108,32.80235856584009
219,109,32.62490514157265
219,110,31.278963655275184
219,111,28.249083574096897
219,112,30.560918512021708
219,113,28.74108284312068
219,114,30.69952193047037
219,115,29.184630824024566
219,116,30.52855573733644
219,117,31.174208706757838
219,118,28.769893284613243
219,119,29.42027724869968
219,120,26.65003935849851
219,121,28.61315844690533
219,122,27.112753616367833
219,123,23.458419249929868
219,124,21.592116829822736
219,125,20.923171062314076
219,126,18.874962425631228
219,127,15.47562393819772
219,128,13.148680149162471
219,129,9.86127139754871
219,130,9.659701936411844
219,131,7.609255405227393
219,132,10.868862634992768
219,133,13.616377464497342
219,134,17.146721937566777
219,135,19.53501694853249
219,136,18.920743838053955
219,137,16.980715288543976
219,138,14.038358442425709
219,139,14.704043134935825
219,140,14.034638103307358
219,141,15.881413523833404
219,142,19.525619974216042
219,143,20.92992691725351
219,144,18.64706757203193
219,145,18.874405077110108
219,146,16.149322374342095
219,147,18.427475901306366
219,148,17.907348225438717
219,149,20.592941227919223
219,150,23.596744014881633
219,151,25.720577518880948
219,152,24.8065325582045
219,153,25.062047154748324
219,154,23.41332981755815
219,155,26.460639283837445
219,156,27.02411896003397
219,157,26.943607485713983
219,158,29.738684067904035
219,159,30.416256601598732
219,160,32.62535965918462
219,161,32.77554083322237
219,162,35.93692581154583
219,163,36.729230410043264
219,164,40.15865180626986
219,165,40.103744967990785
219,166,41.817961266138546
219,167,38.71852835459253
219,168,35.574615867638244
219,169,32.28384583402107
219,170,28.873927361525297
219,171,26.067288738726763
219,172,22.35308203232481
219,173,20.181069095642123
219,174,17.070313875955204
219,175,15.578642713293815
219,176,12.352246439787411
219,177,11.107547944989301
219,178,9.739054489194135
219,179,8.859975958953493
219,180,11.803659615666351
219,181,15.219414682502139
219,182,15.018098956464067
219,183,12.089236178631092
219,184,14.3042805781573
219,185,17.431584517933207
219,186,16.3944706810704
219,187,15.552001806758243
219,188,18.075698580451533
219,189,20.246239702248864
219,190,21.40427149906024
219,191,20.335272018439102
219,192,20.070131847087815
219,193,19.80315341729141
219,194,21.548305729651837
219,195,21.824464071614795
219,196,25.229053483618888
219,197,26.35162298086632
219,198,29.99687722409029
219,199,33.06313071022726
219,200,36.57583419523099
219,201,35.98005523570755
219,202,32.399340697178424
219,203,29.922051787373793
219,204,26.21565925119086
219,205,24.876005457105933
219,206,21.2978174031564
219,207,20.090987880799176
219,208,16.33542466974395
219,209,14.792824452112445
219,210,13.288217547726523
219,211,11.781996775427146
219,212,9.408746627358653
219,213,8.439853047456237
219,214,7.999039988579737
219,215,5.221917046346039
219,216,5.360644993518527
219,217,5.629183957281187
219,218,3.8027983428433143
219,220,3.7841516076000774
219,221,5.53027783129364
219,222,7.8782805781472325
219,223,11.024358494081943
219,224,14.332092088837161
219,225,16.98011532014801
219,226,20.648630008229127
219,227,23.912478992441702
219,228,27.345209431603976
219,229,30.698222679043834
219,230,33.21397124738868
219,231,36.78930062141926
219,232,39.43320818539027
219,233,40.657525030857144
219,234,37.65389915153674
219,235,35.14237772207508
219,236,31.381165816484927
219,237,30.50482374249156
219,238,27.019533664312224
219,239,26.719543728431557
219,240,23.77388928240394
219,241,23.41221003674966
219,242,19.634472030463627
219,243,16.379000174571544
219,244,18.292293611238897
219,245,16.992106622977975
219,246,20.54855063103919
219,247,22.49213034773291
219,248,24.358361056916838
219,249,27.220573208999237
219,250,28.43829609225687
219,251,28.834404216698445
219,252,32.35414850460651
219,253,33.28391506925908
219,254,36.04015211074118
219,255,37.87304844020842
219,256,39.108673066558865
219,257,38.893822594073626
219,258,35.3104081586585
219,259,33.10764483767514
219,260,30.296667766558173
219,261,30.590680178803684
219,262,28.494319582280685
219,263,30.313161055131435
219,264,30.07022256012473
219,265,33.57663150111323
219,266,34.291524065280335
219,267,35.948297646976
219,268,39.56216963138296
219,269,42.29479794317564
219,270,44.53240941803785
219,271,45.629882927475414
219,272,44.92711468022129
219,273,44.749184739464205
219,274,42.826149295022795
219,275,39.26719879875309
219,276,37.77864834230769
219,277,34.56706385434513
219,278,37.041977586885366
219,279,38.26473121270342
219,280,41.183108118242025
219,281,44.34380543289997
219,282,47.83530016423796
219,283,49.3678330799274
219,284,53.00646890246568
219,285,52.816703435230146
219,286,52.40672606110643
219,287,50.02209477913295
219,288,46.973853548782216
219,289,45.23122476656729
219,290,42.273202037475976
219,291,39.485879014288315
219,292,39.41787010018844
219,293,36.65998878025572
219,294,38.63794807883526
219,295,38.79404098242414
219,296,42.00282008562084
219,297,45.61699561412948
219,298,45.30581744306642
219,299,47.59474332446448
219,300,47.028744559647485
219,301,44.97167848327496
219,302,47.14268847936594
219,303,46.86770097846056
219,304,49.97760940080638
219,305,49.6639951722192
219,306,53.21486222321113
219,307,55.818918574115386
219,308,59.10205658199846
219,309,61.21044732415019
219,310,64.84267355941304
219,311,66.34187357892803
219,312,69.83162599694326
219,313,72.55564538307124
219,314,73.05885534486984
219,315,73.61021989756857
219,316,76.91775109854872
219,317,77.83161352492982
219,318,81.33998014449217
220,1,107.61037711161174
220,2,108.62385170958979
220,3,105.06868153743964
220,4,101.43894107305792
220,5,97.96414453185554
220,6,94.92096338040197
220,7,91.54087963616529
220,8,88.33310392424889
220,9,84.97671002576159
220,10,81.33876219251727
220,11,79.28130119323085
220,12,77.15767546601717
220,13,74.75966632596872
220,14,74.52266948477323
220,15,70.84163651148421
220,16,69.33276739836458
220,17,66.01895025751278
220,18,64.99493669188041
220,19,63.81301085506913
220,20,63.27928219078689
220,21,65.15820936166172
220,22,65.40465054984455
220,23,67.71767297356656
220,24,67.08447495573488
220,25,64.02258260569606
220,26,65.62669172157614
220,27,68.45307045040013
220,28,69.52368576557572
220,29,69.77177378364794
220,30,70.72979728087599
220,31,67.40876802123219
220,32,64.00025358772312
220,33,60.853762902814914
220,34,57.20614392622931
220,35,55.373669951420744
220,36,51.83435066911831
220,37,49.71514126579207
220,38,47.87927123159566
220,39,46.9994396826225
220,40,44.839963082233005
220,41,44.70436101821443
220,42,40.977078972327604
220,43,40.44325816070896
220,44,39.525238972460755
220,45,42.27706724613519
220,46,41.26532806288195
220,47,44.28027930042122
220,48,45.171252800132486
220,49,41.710951595662685
220,50,39.16833340597959
220,51,36.41552471997514
220,52,33.13769868426136
220,53,31.347301728635426
220,54,27.58690705011704
220,55,27.366793013330806
220,56,23.71104874938323
220,57,22.749656357444877
220,58,22.379250654745864
220,59,24.160220211361274
220,60,21.09092788658728
220,61,19.559880863289386
220,62,22.959148705037425
220,63,23.17916640188701
220,64,20.008938652200214
220,65,20.89565338203939
220,66,18.593278919346844
220,67,20.302954976565037
220,68,21.83185695910449
220,69,23.205082790199057
220,70,24.99393147941382
220,71,28.241407018275794
220,72,28.121854171556265
220,73,28.440922728933757
220,74,31.39460667184205
220,75,32.18547847669422
220,76,34.29203524240988
220,77,35.12473119618626
220,78,37.21810412579158
220,79,34.95045555159491
220,80,31.352722933015787
220,81,30.64407627334436
220,82,27.13792570039878
220,83,26.855535331520333
220,84,25.072517810606445
220,85,23.891265812331188
220,86,21.802146829045103
220,87,18.15524280658958
220,88,15.564160507016181
220,89,14.69334912297106
220,90,13.281383336621568
220,91,10.26849982255971
220,92,8.47099615886376
220,93,10.76876691809222
220,94,12.710250172736947
220,95,16.457267902377087
220,96,18.337620256018006
220,97,21.673713010499853
220,98,20.609071050973792
220,99,24.047414423310016
220,100,25.991179904358724
220,101,24.497615356594917
220,102,25.010480498662034
220,103,28.537987724910664
220,104,29.6896852649364
220,105,28.453900877298587
220,106,30.04355381393118
220,107,33.17439654019122
220,108,33.448469473727684
220,109,33.6551600511077
220,110,32.53642830266888
220,111,29.65850374421657
220,112,32.022456826014384
220,113,30.152779363833634
220,114,32.03084318272858
220,115,30.56136933236834
220,116,31.574621898009823
220,117,32.172095473189394
220,118,29.461860427630967
220,119,30.0447518477646
220,120,27.098682216083713
220,121,28.948228887790332
220,122,27.385372400378497
220,123,23.913575998356897
220,124,22.599484006911524
220,125,22.212020869728114
220,126,20.665468402761697
220,127,17.21902896739858
220,128,15.550997398615742
220,129,12.720514010659656
220,130,13.157973353528138
220,131,11.157253452300967
220,132,14.0637368595349
220,133,17.09475752552609
220,134,20.47347783253222
220,135,23.0782384421288
220,136,22.58004967641596
220,137,20.44700284729255
220,138,17.30713046708245
220,139,17.640237058216332
220,140,16.45089249845626
220,141,17.895805053034593
220,142,21.632688401185433
220,143,22.467002402264715
220,144,19.848837566088065
220,145,20.04124418961989
220,146,17.13666467613335
220,147,19.008103959590777
220,148,18.3015645768016
220,149,20.77600010206255
220,150,24.11765920269439
220,151,26.141257622581136
220,152,24.747316613691716
220,153,24.711088063616156
220,154,22.965712224639674
220,155,25.837365672458596
220,156,26.103843824289434
220,157,26.388844392819497
220,158,29.130170183333888
220,159,30.17482804698683
220,160,32.395697513815335
220,161,32.86021168896893
220,162,35.94194954132399
220,163,36.85760956881117
220,164,40.427336939301284
220,165,40.55250000094993
220,166,42.16616354540185
220,167,39.08063673467146
220,168,35.74616970238789
220,169,32.586343801822345
220,170,29.12374612933767
220,171,26.272770031039745
220,172,22.6197861479475
220,173,20.192594084952884
220,174,16.72413911706216
220,175,14.638053920636676
220,176,11.480190607769325
220,177,9.168306830479635
220,178,7.801060984406067
220,179,6.068005476082511
220,180,9.412989585481188
220,181,12.981803933605255
220,182,13.621165268194467
220,183,11.116541056137903
220,184,12.840192338283945
220,185,16.247420736435753
220,186,16.020556919125266
220,187,15.39103803968139
220,188,17.370797814846267
220,189,19.25823970302831
220,190,19.843038213300506
220,191,18.240315994590727
220,192,17.779994367154124
220,193,17.949140565215895
220,194,19.731976128931265
220,195,20.436728472278993
220,196,23.83893711519781
220,197,25.35054599664784
220,198,28.92401388288249
220,199,32.164285955001866
220,200,35.505941321863915
220,201,34.75397715940738
220,202,31.05289045003509
220,203,28.394297121876615
220,204,24.638249501596516
220,205,22.98545314153514
220,206,19.25773257855517
220,207,17.68396973062681
220,208,13.958229546781022
220,209,11.796292345004323
220,210,10.194927017019971
220,211,8.174570113242437
220,212,5.716222182081545
220,213,4.897716167410871
220,214,5.693416697083945
220,215,4.841204766274933
220,216,6.5651173085458705
220,217,8.585126449576347
220,218,7.030904628231166
220,219,3.7841516076000774
220,221,3.817067264812633
220,222,6.764220084964386
220,223,10.48750198601261
220,224,13.311171970471792
220,225,16.530599050969492
220,226,19.962860216777862
220,227,23.507626464236555
220,228,26.85359044255994
220,229,30.38056816559783
220,230,32.937279842661226
220,231,36.51671634267545
220,232,39.35422438292445
220,233,40.41623528298211
220,234,37.20911109313738
220,235,34.75799837494844
220,236,31.00410881923882
220,237,29.880601473022423
220,238,26.404670054442875
220,239,25.754339290230686
220,240,22.7158032498374
220,241,22.218119234962746
220,242,18.574859150358584
220,243,15.437157277674993
220,244,17.79880049065516
220,245,17.141432752927944
220,246,20.872281873017325
220,247,23.111334936200084
220,248,25.450082505768872
220,249,28.151992374674084
220,250,29.18960082987377
220,251,29.711503533113024
220,252,33.213631880102504
220,253,33.84907188245065
220,254,36.66234461759202
220,255,38.32132096387429
220,256,39.73527908706597
220,257,39.60936242688571
220,258,36.16039299673759
220,259,33.81285959724059
220,260,31.115606487214464
220,261,31.446489046226553
220,262,29.40273608912348
220,263,31.517315137604847
220,264,31.592507921226613
220,265,35.20455179386043
220,266,36.259719328305515
220,267,37.96375110146244
220,268,41.6644225867939
220,269,44.46485972251269
220,270,46.4768524640191
220,271,47.35531297860479
220,272,46.3854986213818
220,273,45.96611018316351
220,274,43.873162254944226
220,275,40.36780859403863
220,276,38.70085630125746
220,277,35.55359838576758
220,278,38.13976121768349
220,279,39.60091375657297
220,280,42.5067245733296
220,281,45.496070174738804
220,282,48.985754127124345
220,283,50.30225314563252
220,284,53.95723655540226
220,285,53.540065140303206
220,286,52.8883032606332
220,287,50.40350695028164
220,288,47.45258504546033
220,289,45.63004501306263
220,290,42.888100671730946
220,291,39.930329395471865
220,292,39.58038239975288
220,293,37.00725559501922
220,294,39.21382401110515
220,295,39.54140573124258
220,296,42.847594282098356
220,297,46.40385774364773
220,298,45.988075521818104
220,299,48.120449804583295
220,300,47.26254191920573
220,301,45.125465961829356
220,302,47.14531171866461
220,303,46.78308166086409
220,304,50.02992237917801
220,305,49.97254152571198
220,306,53.581238020165124
220,307,56.10247870718023
220,308,59.50335342958511
220,309,61.613712711757266
220,310,65.28406607944419
220,311,66.95368497289263
220,312,70.42641794727692
220,313,73.02222308224958
220,314,73.43024630948764
220,315,74.10369416786497
220,316,77.36802924082075
220,317,78.40701779780117
220,318,81.96360848453212
221,1,107.76289617642557
221,2,108.69016075681643
221,3,105.12220800741287
221,4,101.49261232227222
221,5,98.04726242441264
221,6,94.9166789060243
221,7,91.59238524342028
221,8,88.30356937574348
221,9,85.02622553191235
221,10,81.38224032128603
221,11,79.42024386709011
221,12,77.44855614430558
221,13,75.1626141222444
221,14,75.11820510947412
221,15,71.46118500868782
221,16,69.79940679283008
221,17,66.45229883253933
221,18,65.4354562517249
221,19,64.06840557025544
221,20,63.473529608490246
221,21,65.19287102491035
221,22,65.37337676603352
221,23,67.8482656281598
221,24,67.37401510150511
221,25,64.43631467394407
221,26,66.08608528620515
221,27,68.81022996074857
221,28,69.92676589567027
221,29,70.00574430841765
221,30,70.95155314537205
221,31,67.56403318960798
221,32,64.0895301087572
221,33,60.85357838393843
221,34,57.25401528440774
221,35,55.22977372023722
221,36,51.80236101847125
221,37,49.6909229098934
221,38,48.12011781688951
221,39,47.29959805054313
221,40,45.030124537116855
221,41,44.93536063584439
221,42,41.289689117388704
221,43,40.4900793710219
221,44,39.226630901220666
221,45,41.77200209747209
221,46,40.50400139451186
221,47,43.328625511162684
221,48,44.02199516934808
221,49,40.46977479588112
221,50,37.84986458122998
221,51,35.36586537787403
221,52,32.04284100364836
221,53,30.652119946936068
221,54,26.8846755104161
221,55,27.131033439601783
221,56,23.612423054122
221,57,22.100874344949137
221,58,21.494569142134534
221,59,22.72872321276565
221,60,19.36530501554231
221,61,18.059629326742233
221,62,21.26994227107758
221,63,20.97552095615568
221,64,17.62144117362407
221,65,18.82349778941426
221,66,17.08410746485077
221,67,19.052213744088313
221,68,21.080247359687405
221,69,22.027422703351274
221,70,23.45922238141338
221,71,26.89208697039309
221,72,26.540357158676617
221,73,26.421341024454588
221,74,29.166717570074763
221,75,30.280689064527145
221,76,32.38822325328047
221,77,33.49324236093796
221,78,35.67569400947621
221,79,33.71511442655271
221,80,30.201518320020156
221,81,29.951163618829764
221,82,26.661937964163325
221,83,26.897545101226154
221,84,25.57651597203131
221,85,24.55375623462327
221,86,21.971238402564023
221,87,18.405140610252875
221,88,15.314254882958359
221,89,14.550406524293983
221,90,12.279379227406501
221,91,8.68251767368804
221,92,7.347670780089544
221,93,8.781705838985147
221,94,10.855610319939043
221,95,14.342771733470391
221,96,16.274304306314527
221,97,19.80109964317303
221,98,18.9384362151335
221,99,22.59838004901514
221,100,24.067066192757633
221,101,22.30680101668537
221,102,23.24877013492349
221,103,26.757515360547035
221,104,27.489488436875902
221,105,26.261946902129853
221,106,28.237742578889094
221,107,31.20254877711208
221,108,31.179341934635765
221,109,31.630665031724273
221,110,30.32119109797399
221,111,27.3437261097865
221,112,29.4619872596887
221,113,27.34518255848391
221,114,28.981199955505602
221,115,27.392032258916167
221,116,28.16653477029208
221,117,28.676086022066023
221,118,25.84949475529468
221,119,26.427363951805653
221,120,23.484296384195176
221,121,25.412854799629496
221,122,24.02575838407211
221,123,20.583099224432654
221,124,19.51615293338963
221,125,19.054838442336763
221,126,17.791622649215576
221,127,14.476159178920534
221,128,13.42064987238227
221,129,11.316029511135293
221,130,12.833351161502312
221,131,11.012777869417688
221,132,13.115195241735247
221,133,16.42101735694435
221,134,19.41259899197225
221,135,22.390155685879257
221,136,22.269256409472344
221,137,19.752402065383993
221,138,16.257170168433227
221,139,15.96866679478561
221,140,14.260023757737319
221,141,15.49644379455145
221,142,19.164250460600172
221,143,19.60718076225868
221,144,16.690962460287732
221,145,16.72118257598196
221,146,13.775997334861117
221,147,15.538525061754976
221,148,15.07280850854572
221,149,17.74618108440888
221,150,21.18092243002736
221,151,23.473855399471148
221,152,22.19389150892685
221,153,21.76573619446573
221,154,19.694613680891454
221,155,22.389352403287123
221,156,22.498247772739727
221,157,22.646533117842672
221,158,25.334002607103308
221,159,26.365253465800816
221,160,28.601635783962887
221,161,29.145210741155676
221,162,32.2628025717307
221,163,33.305851539491385
221,164,36.8810512230661
221,165,37.162268622210185
221,166,38.88853313660944
221,167,35.92257155341223
221,168,32.59262922903413
221,169,29.367364606962134
221,170,26.017402608416017
221,171,22.982258813148153
221,172,19.4327828182068
221,173,16.738795176396206
221,174,13.202109607985845
221,175,10.937180111076291
221,176,7.6702835312515685
221,177,5.65433069243316
221,178,4.86865179854658
221,179,5.158965278374039
221,180,8.757110310875037
221,181,11.679468423379703
221,182,12.502204278721466
221,183,9.442014331287124
221,184,10.348273951646547
221,185,13.97058474927152
221,186,13.95674640121375
221,187,12.634711226355353
221,188,14.246945274463119
221,189,16.549116478353085
221,190,16.990636867765982
221,191,15.803922544978661
221,192,14.971202140778615
221,193,14.619357268685572
221,194,16.23216793829711
221,195,16.75157993475911
221,196,20.195559581909567
221,197,21.69269009654585
221,198,25.319681272661203
221,199,28.591121373291113
221,200,31.966889321709747
221,201,31.39828694270781
221,202,27.730862064139508
221,203,25.005003728618274
221,204,21.30010940139115
221,205,19.63678931730685
221,206,15.982779045082088
221,207,14.57786728263687
221,208,10.81152430642031
221,209,9.41381447133782
221,210,8.321776422546622
221,211,7.651685791033701
221,212,6.966971881364472
221,213,6.6247086570357565
221,214,8.638541755372403
221,215,8.212463462858771
221,216,8.61445161910402
221,217,10.24754227692148
221,218,9.324776710359691
221,219,5.53027783129364
221,220,3.817067264812633
221,222,3.7983099242556126
221,223,7.230847245332724
221,224,10.298937568727828
221,225,13.562701384688356
221,226,16.866930195475696
221,227,20.39901929960116
221,228,23.587295923195413
221,229,27.17573824137756
221,230,29.54895508334801
221,231,33.19080812151417
221,232,35.94823212194191
221,233,36.86908663302845
221,234,33.63818336199607
221,235,31.08918658441931
221,236,27.323932967575324
221,237,26.116946439156496
221,238,22.61061634205004
221,239,21.974755462627716
221,240,18.97301744437881
221,241,18.643884513934523
221,242,14.986699809408853
221,243,11.70365280350236
221,244,13.9853292729836
221,245,13.456328454258431
221,246,17.216074919530758
221,247,19.633886650839393
221,248,22.117857746458636
221,249,24.82564434662984
221,250,25.96852260874857
221,251,26.776845737865877
221,252,30.350449727167167
221,253,31.093182674096905
221,254,34.100485423567434
221,255,35.93946615840591
221,256,37.61754891667645
221,257,37.809324191023784
221,258,34.430134253443555
221,259,32.33962357948749
221,260,29.953665799496775
221,261,30.733673341198756
221,262,29.106407083480935
221,263,31.50239543191935
221,264,31.912470753376695
221,265,35.41127463905045
221,266,36.37593102620578
221,267,37.73355818988711
221,268,41.438396793798475
221,269,44.02519199425473
221,270,45.97713460272974
221,271,46.642178838061675
221,272,45.69789949560046
221,273,45.062014754629104
221,274,43.15622450793161
221,275,39.78838247443229
221,276,38.38514696358658
221,277,35.468993957254284
221,278,38.31881631520761
221,279,39.547490539674506
221,280,42.21654015207352
221,281,45.24294169232563
221,282,48.595197830197286
221,283,49.731308576648146
221,284,53.45550083594324
221,285,53.15039267016083
221,286,52.36362093043211
221,287,50.06843484227377
221,288,47.28431150307513
221,289,45.72633758446207
221,290,43.01663431815049
221,291,39.90770668190786
221,292,39.312977369208866
221,293,36.57003085947398
221,294,38.5696102205876
221,295,38.6003167201838
221,296,41.76123247713977
221,297,45.376046800881184
221,298,45.23347263451885
221,299,47.531271849120316
221,300,46.68549983991016
221,301,44.79758532369462
221,302,47.01360364345472
221,303,46.94127961017846
221,304,50.27591056314764
221,305,50.36159674632237
221,306,53.887099945679495
221,307,56.22113352896716
221,308,59.62471361340227
221,309,61.53191182973373
221,310,65.24715521149196
221,311,66.82591399618978
221,312,70.37627986841476
221,313,73.0187927982963
221,314,73.59115636904015
221,315,74.41864365343649
221,316,77.76241511924867
221,317,78.93304067936852
221,318,82.53520643105963
222,1,104.88622129115933
222,2,105.74346787332232
222,3,102.16307757292543
222,4,98.5419168485571
222,5,95.1101918692186
222,6,91.93028778891502
222,7,88.63665546817248
222,8,85.2985530973853
222,9,82.07471408159135
222,10,78.43703389720518
222,11,76.55564393087414
222,12,74.68176070349965
222,13,72.49274233582533
222,14,72.58762710816839
222,15,68.94601018473399
222,16,67.15897126507876
222,17,63.78195200814736
222,18,62.75158529042278
222,19,61.25142119758283
222,20,60.61051618470858
222,21,62.2237279415255
222,22,62.37248348237513
222,23,64.94991749112668
222,24,64.57352765148673
222,25,61.726257019682926
222,26,63.40217770721963
222,27,66.05031370608044
222,28,67.20694077304485
222,29,67.1794144976538
222,30,68.13947628424289
222,31,64.72472905388362
222,32,61.20399480679961
222,33,57.93108492430854
222,34,54.36119275811309
222,35,52.20569402988745
222,36,48.85487931212945
222,37,46.79082328044396
222,38,45.40039430959017
222,39,44.68544065767189
222,40,42.4104463410558
222,41,42.44727660048664
222,42,38.87732556761882
222,43,37.98828118833792
222,44,36.49883874312738
222,45,38.974818073370926
222,46,37.670818421731354
222,47,40.34140948687733
222,48,40.88513444172381
222,49,37.26504615944772
222,50,34.73493819862806
222,51,32.36484372917666
222,52,29.139611428634648
222,53,27.998683219447777
222,54,24.271479851703223
222,55,24.925369909383345
222,56,21.614845762530003
222,57,19.657247734195597
222,58,18.616651449565115
222,59,19.512821433590915
222,60,16.00336814950737
222,61,15.135049184121884
222,62,18.38309031549122
222,63,17.75994079275677
222,64,14.57651538169149
222,65,16.30091210373952
222,66,14.946781323446148
222,67,17.502856069065874
222,68,19.49048369773238
222,69,19.841019989276067
222,70,21.37863638522504
222,71,24.719671484580083
222,72,23.93178056126339
222,73,23.775282793710694
222,74,26.28060324209675
222,75,27.319881531451124
222,76,29.20215658836309
222,77,30.246999342117054
222,78,32.31459337794631
222,79,30.44065212043124
222,80,27.031002322086078
222,81,27.013535319739525
222,82,23.855349186126077
222,83,24.486635197583126
222,84,23.44872634725362
222,85,22.790161972668834
222,86,19.909437724323038
222,87,16.603751392223565
222,88,13.421212112472274
222,89,13.393811401178995
222,90,10.957048687889557
222,91,7.330976118726641
222,92,5.398031723616277
222,93,5.376038871648961
222,94,7.2552994010853595
222,95,10.606343671163597
222,96,12.716539522920293
222,97,16.19654851530503
222,98,15.296201114220397
222,99,19.013029079665053
222,100,20.33360195051347
222,101,18.525952505616704
222,102,19.5903218038147
222,103,23.0562953353436
222,104,23.722123297195772
222,105,22.59424375854214
222,106,24.650017328513695
222,107,27.520042118676916
222,108,27.528946559168652
222,109,28.126910900931215
222,110,26.94488817419635
222,111,24.10921010252268
222,112,26.330568027297605
222,113,24.358130169155732
222,114,26.149141434493234
222,115,24.879951140044902
222,116,25.725812431422444
222,117,26.60414875375424
222,118,23.86619012863126
222,119,24.909856581494946
222,120,22.29660746390764
222,121,24.66031845936745
222,122,23.825149241545567
222,123,20.39703284353687
222,124,19.50886513171899
222,125,18.455490950937243
222,126,17.094866127893624
222,127,14.308514044690012
222,128,13.491049097285124
222,129,11.962532966479161
222,130,13.903355434037575
222,131,11.525639567427831
222,132,12.686533034416586
222,133,16.351450693381533
222,134,18.871599378345714
222,135,22.201292065164452
222,136,22.72312409527198
222,137,20.34627709273399
222,138,16.71071271699476
222,139,15.577501843801665
222,140,13.092394229648336
222,141,13.423747253589362
222,142,17.09165923030366
222,143,17.03907803302512
222,144,14.275996379158478
222,145,14.965944589028942
222,146,12.63261998707802
222,147,14.839408020166614
222,148,15.280534541773315
222,149,18.38416009908001
222,150,21.7739124023088
222,151,24.494868439136305
222,152,23.507221855943257
222,153,22.558168616517026
222,154,19.954811294963868
222,155,22.186264082640072
222,156,21.773761700782572
222,157,21.445384473082292
222,158,23.707107300123422
222,159,24.413215971616854
222,160,26.269444568775587
222,161,26.551028757561294
222,162,29.46503736528088
222,163,30.25041244346758
222,164,33.86599248508849
222,165,33.9811016263542
222,166,35.52600645930955
222,167,32.46556936367998
222,168,29.08059734544595
222,169,25.95730321901501
222,170,22.50998727042997
222,171,19.63388299496489
222,172,16.03535358925482
222,173,13.582108800217654
222,174,10.084220643536165
222,175,8.371286111332104
222,176,6.028025890500434
222,177,4.995864370835387
222,178,6.7246600925923445
222,179,8.232807264743473
222,180,11.812611348257201
222,181,14.209218950208232
222,182,15.395315153898878
222,183,12.180395113137346
222,184,12.163486065767232
222,185,15.858568223086305
222,186,16.098794337101342
222,187,13.99837302115233
222,188,14.995513365494746
222,189,17.821020345371597
222,190,17.852603703429597
222,191,17.021458890952452
222,192,15.394447068593776
222,193,14.27918119663824
222,194,15.008750180034163
222,195,14.79271742623642
222,196,17.903424680244594
222,197,18.966212658717176
222,198,22.49576522066989
222,199,25.594881150872162
222,200,28.999497895335058
222,201,28.24103037249618
222,202,24.607879839531922
222,203,22.139950064199514
222,204,18.39922838134989
222,205,17.22996500380346
222,206,13.728738049182915
222,207,13.158778015052958
222,208,9.747890916591285
222,209,9.110962974927258
222,210,9.561356007656872
222,211,9.33978667415909
222,212,9.533963572374692
222,213,8.142232895176098
222,214,9.98697084793378
222,215,9.934777783299408
222,216,9.126732194677702
222,217,10.970426513192866
222,218,11.321794436918138
222,219,7.8782805781472325
222,220,6.764220084964386
222,221,3.7983099242556126
222,223,3.790745759415638
222,224,6.667297755690988
222,225,9.862341099847713
222,226,13.253870324020225
222,227,16.78567823666413
222,228,20.095729595832132
222,229,23.634372987092288
222,230,26.178350239888864
222,231,29.754269324863746
222,232,32.6138582959773
222,233,33.71019767863989
222,234,30.52109510348423
222,235,28.18118726330082
222,236,24.456462816398652
222,237,23.58697685231196
222,238,20.289129696028546
222,239,20.11612293322482
222,240,17.56235655424105
222,241,17.984633261809087
222,242,14.507406566482892
222,243,10.836546574217397
222,244,12.28068813772306
222,245,11.2946504497017
222,246,14.932775804129498
222,247,16.966758263827764
222,248,19.697133019614878
222,249,22.053130545400645
222,250,22.83333024227718
222,251,23.454366162113054
222,252,26.94691148706762
222,253,27.501120621070907
222,254,30.466446840761808
222,255,32.22639152516112
222,256,33.94499206591518
222,257,34.19579001849978
222,258,30.88129821887733
222,259,28.821154500926916
222,260,26.58905129050422
222,261,27.575991991466513
222,262,26.21218277440596
222,263,28.845232000554848
222,264,29.593120113329952
222,265,33.01765678269465
222,266,34.07643791866331
222,267,35.2435186107872
222,268,38.971811588953
222,269,41.47643763275245
222,270,43.25538736368207
222,271,43.70859510508783
222,272,42.660620080911535
222,273,41.844126884706405
222,274,39.9739001826413
222,275,36.70541066727188
222,276,35.40363770225804
222,277,32.66457673165074
222,278,35.69495446938608
222,279,36.83840976965576
222,280,39.346841190025486
222,281,42.32313474760474
222,282,45.58472083988087
222,283,46.56482479031587
222,284,50.31672761243917
222,285,50.022547588650376
222,286,49.12797236885848
222,287,46.93023431748289
222,288,44.26419531137732
222,289,42.87102278709242
222,290,40.22393450740916
222,291,37.008236234785755
222,292,36.236850549072635
222,293,33.424651761064425
222,294,35.334477045486935
222,295,35.258815537621345
222,296,38.37134554376829
222,297,41.982873039517976
222,298,41.93700184575462
222,299,44.28188798310106
222,300,43.41206071054788
222,301,41.662295404093214
222,302,43.98332019986487
222,303,44.099844151327396
222,304,47.48342415832676
222,305,47.681730889440445
222,306,51.140693916421704
222,307,53.33471492054638
222,308,56.740911899983224
222,309,58.516020932611
222,310,62.2549979425902
222,311,63.79716639635612
222,312,67.38523152707968
222,313,70.03646434796946
222,314,70.70301045077758
222,315,71.6429804927541
222,316,75.03169624516383
222,317,76.3071568183336
222,318,79.94282037717339
223,1,103.75289828360863
223,2,104.53895518420994
223,3,100.96049203861661
223,4,97.34084424945206
223,5,93.9532603109349
223,6,90.69402842742153
223,7,87.47051802684935
223,8,84.06625731284649
223,9,80.92683899279157
223,10,77.28799695017467
223,11,75.48969731374767
223,12,73.77866574918615
223,13,71.69751681062736
223,14,71.98694482146749
223,15,68.39427674243454
223,16,66.4757875068255
223,17,63.098212823870504
223,18,62.117878106357026
223,19,60.45924742734962
223,20,59.80601377027294
223,21,61.277698614913696
223,22,61.4121114096396
223,23,64.14788033097464
223,24,63.89613115164878
223,25,61.17759126340224
223,26,62.845242722090774
223,27,65.35327849452304
223,28,66.51229006223899
223,29,66.29374796801773
223,30,67.20465803950522
223,31,63.729784551332216
223,32,60.1718908765165
223,33,56.81657333188317
223,34,53.32735586480689
223,35,51.013236552708406
223,36,47.80496525737303
223,37,45.732519414783006
223,38,44.62968364966379
223,39,43.9491653786779
223,40,41.5668687278993
223,41,41.628147847061435
223,42,38.19335565700141
223,43,37.035361963798046
223,44,35.210695918165825
223,45,37.441314378862565
223,46,35.90293836615479
223,47,38.3508955791794
223,48,38.69557189334955
223,49,35.02107009971229
223,50,32.45079860655998
223,51,30.37809233657281
223,52,27.176109082822727
223,53,26.48347672371732
223,54,22.85892311284909
223,55,24.02082886141961
223,56,21.01526424763099
223,57,18.518305196928207
223,58,17.21097947590714
223,59,17.42489705922564
223,60,13.721360423687052
223,61,13.247616400223707
223,62,16.13934201048035
223,63,14.916731425282242
223,64,11.716053183134393
223,65,13.923611469163351
223,66,13.37257695913155
223,67,16.259236300345503
223,68,18.538959489595456
223,69,18.26954661448154
223,70,19.476238288857136
223,71,22.8360924829036
223,72,21.70890060462229
223,73,21.161474323606267
223,74,23.363402117588134
223,75,24.63780421284949
223,76,26.442250792734196
223,77,27.712395490224516
223,78,29.83454333389489
223,79,28.29214006311733
223,80,25.030717199013452
223,81,25.501672706824415
223,82,22.678590480338627
223,83,23.858125438389493
223,84,23.375736161676073
223,85,22.919823661707643
223,86,19.652567142609822
223,87,16.69238802616754
223,88,13.308135862450033
223,89,13.60804597598225
223,90,10.699443878142247
223,91,7.372099334011789
223,92,6.424026449503614
223,93,4.475621050897191
223,94,6.158608384297977
223,95,8.504912870241474
223,96,10.900355328392155
223,97,14.269726192473371
223,98,13.399175879563344
223,99,17.191849048449836
223,100,17.956416226194786
223,101,15.764919720149672
223,102,17.20354890398096
223,103,20.606496598134765
223,104,20.813956253058034
223,105,19.633873786017276
223,106,22.040814087488428
223,107,24.73067090673503
223,108,24.43629415405069
223,109,25.236580865223864
223,110,23.90258612103149
223,111,21.038959399931738
223,112,23.063889815598127
223,113,20.967844471286657
223,114,22.643798291069466
223,115,21.457228357770614
223,116,22.211669040207248
223,117,23.254861694666204
223,118,20.564568256908228
223,119,21.915056782174126
223,120,19.598329140425122
223,121,22.291501289175372
223,122,21.963473247149828
223,123,18.62044288944763
223,124,17.941658452846276
223,125,16.426919723299118
223,126,15.191799920007636
223,127,13.051787599825948
223,128,12.842486882753123
223,129,12.302469920139314
223,130,14.870832613479708
223,131,12.63848686184515
223,132,12.659944743100132
223,133,16.3359725910056
223,134,18.183916601687425
223,135,21.785848322407812
223,136,22.84347543968377
223,137,20.399823761017817
223,138,16.68768591581977
223,139,14.75698520006108
223,140,11.627491311936463
223,141,11.163141562682451
223,142,14.570342140277193
223,143,13.908506227478927
223,144,11.080172338388868
223,145,12.116055219446885
223,146,10.396261591705066
223,147,12.810827427136113
223,148,14.101013405746087
223,149,17.488097014797955
223,150,20.697276318832465
223,151,23.7776602951412
223,152,23.157632424643353
223,153,21.76161029961959
223,154,18.74142274283027
223,155,20.53143268539436
223,156,19.774176671182587
223,157,18.9291328889228
223,158,20.849314973607694
223,159,21.2172025196831
223,160,22.830907280349926
223,161,22.9239000789241
223,162,25.767762350193014
223,163,26.476058080355777
223,164,30.088371993942438
223,165,30.194510729669155
223,166,31.763258200969926
223,167,28.745321909560825
223,168,25.379440683234595
223,169,22.21187193291965
223,170,18.81882279845099
223,171,15.862824201499937
223,172,12.301440719137407
223,173,9.79762400497495
223,174,6.3645548437849495
223,175,5.427773781646727
223,176,4.495587980937285
223,177,5.77627922488934
223,178,8.642478405688207
223,179,11.196214875990794
223,180,14.390835385977603
223,181,16.112245852378944
223,182,17.270584166126817
223,183,13.90338382351651
223,184,13.152522109162604
223,185,16.605054564322177
223,186,16.90132781728276
223,187,14.094218510534752
223,188,14.531155885820267
223,189,17.8131697407747
223,190,17.67864279423794
223,191,17.49602276677053
223,192,15.394208300832775
223,193,13.403455424563784
223,194,13.35176756283946
223,195,12.281863927155982
223,196,15.09852391621687
223,197,15.679338885358899
223,198,19.197568729809245
223,199,22.146709974841222
223,200,25.64662307078778
223,201,24.99032443867538
223,202,21.465599122466706
223,203,19.17980721257048
223,204,15.537462470362764
223,205,14.842750528833896
223,206,11.74380154527928
223,207,12.095119942841023
223,208,9.30584236994749
223,209,10.077489235638678
223,210,11.44402140272683
223,211,12.131676544241778
223,212,13.019183853542907
223,213,11.71799524337829
223,214,13.550374557401035
223,215,13.43705638277113
223,216,11.967065314111672
223,217,13.31296673108938
223,218,14.203794845165831
223,219,11.024358494081943
223,220,10.48750198601261
223,221,7.230847245332724
223,222,3.790745759415638
223,224,3.8057095764863904
223,225,6.451376696932623
223,226,9.831942684799868
223,227,13.227317992807421
223,228,16.488417773810983
223,229,20.004197680140056
223,230,22.47129036907926
223,231,26.070518103823176
223,232,28.86720251329735
223,233,29.989432835236855
223,234,26.859215093863295
223,235,24.5385271713376
223,236,20.82416496526012
223,237,20.17806735303888
223,238,17.007150102868348
223,239,17.286924727181948
223,240,15.167594976743503
223,241,16.2650908279173
223,242,13.04301788896659
223,243,9.24186482823517
223,244,9.598445240271715
223,245,8.125903403360514
223,246,11.550002275291458
223,247,13.362108843187498
223,248,16.278220039906305
223,249,18.43321371644356
223,250,19.125184923294107
223,251,19.872414617759386
223,252,23.388223311139853
223,253,24.010726172800073
223,254,27.111507010493185
223,255,29.031145999795992
223,256,30.951153463310884
223,257,31.483405222195056
223,258,28.252712209628363
223,259,26.49028490801316
223,260,24.613864711029617
223,261,26.06207019613633
223,262,25.186345489320903
223,263,28.02929935955295
223,264,29.10483362010437
223,265,32.32410554717595
223,266,33.269261818048854
223,267,34.05628902364461
223,268,37.73527038649478
223,269,39.99857325031701
223,270,41.68307072160033
223,271,41.915599729853064
223,272,40.90519265719948
223,273,39.89314581221804
223,274,38.2412408046926
223,275,35.14791604769383
223,276,34.157225655956836
223,277,31.704832660090926
223,278,34.94937230600989
223,279,35.810564610242366
223,280,38.03745315742212
223,281,41.02850513272501
223,282,44.11760262052899
223,283,44.929238472094625
223,284,48.72000254705519
223,285,48.56852308428786
223,286,47.58284469394451
223,287,45.610724905324766
223,288,43.12259356134364
223,289,42.03211311875177
223,290,39.41547804256135
223,291,36.113693351511046
223,292,35.14908716144847
223,293,32.16573297985007
223,294,33.790181494122976
223,295,33.384239595803244
223,296,36.304068863003124
223,297,39.94822658185041
223,298,40.1889478900231
223,299,42.703232548352965
223,300,41.906241290075094
223,301,40.44478365937125
223,302,42.97597522273176
223,303,43.41075096343294
223,304,46.82027561922838
223,305,47.113266198346686
223,306,50.44433356239967
223,307,52.44466678826179
223,308,55.80830900726602
223,309,57.36711713397066
223,310,61.12394557297485
223,311,62.53949130875895
223,312,66.19095441560444
223,313,68.8988154739852
223,314,69.74356404438643
223,315,70.81272707440151
223,316,74.27556609152762
223,317,75.65834369988025
223,318,79.31927503453412
224,1,101.9354415860233
224,2,102.60215742589145
224,3,98.98898745901069
224,4,95.40667700798258
224,5,92.0052941394
224,6,88.71758018187974
224,7,85.49766091147903
224,8,82.0441570557253
224,9,78.9671345724412
224,10,75.37051486358317
224,11,73.72003341757596
224,12,72.08040169504902
224,13,70.14979444877066
224,14,70.55983775724684
224,15,66.96241236000475
224,16,64.87887972302181
224,17,61.4309195278635
224,18,60.31369815566696
224,19,58.476676713950965
224,20,57.64901079783198
224,21,58.94039053796345
224,22,58.91161332347549
224,23,61.706802569397226
224,24,61.63650271020772
224,25,59.04559794438061
224,26,60.850981040422056
224,27,63.34394918811521
224,28,64.65341427125
224,29,64.41136554618946
224,30,65.45256675220939
224,31,62.010386204840444
224,32,58.38636227615259
224,33,55.0658558522451
224,34,51.58808945233671
224,35,49.09109937691168
224,36,45.968161060865086
224,37,44.10359411433817
224,38,43.175354931022014
224,39,42.77584845374909
224,40,40.551004192655675
224,41,40.91489147527956
224,42,37.58982550469067
224,43,36.50148444727113
224,44,34.47474113889673
224,45,36.68654245054284
224,46,35.24159831186925
224,47,37.43685397739611
224,48,37.538880504275284
224,49,33.77818725133405
224,50,31.47778368856228
224,51,29.570418492998922
224,52,26.652750676736424
224,53,26.28915097599847
224,54,22.834518301252256
224,55,24.455327319253353
224,56,21.803224204488117
224,57,18.938770501408367
224,58,16.926178357994335
224,59,16.603071171392585
224,60,12.815785790273887
224,61,13.425499171996009
224,62,16.2190527663765
224,63,14.382420947118073
224,64,11.828282302464943
224,65,14.82481785402241
224,66,14.876748590005516
224,67,18.216347335883533
224,68,20.23884285471941
224,69,19.304415170709667
224,70,20.63976370831179
224,71,23.7187242603655
224,72,22.00059103076351
224,73,21.417650968243155
224,74,23.10620773749531
224,75,24.232942998142313
224,76,25.541254064907307
224,77,26.60817089561573
224,78,28.380673750174967
224,79,26.937002050057558
224,80,23.955943037008495
224,81,24.69354104836953
224,82,22.0677286523587
224,83,23.68146668384086
224,84,23.34608658100374
224,85,23.495449538684095
224,86,20.182052064354636
224,87,17.71652090335909
224,88,14.704024974243595
224,89,15.842950533375818
224,90,13.28549990580936
224,91,10.481011144033351
224,92,8.977183025071767
224,93,5.676048123673125
224,94,4.815026016562095
224,95,5.714725696146656
224,96,7.443678370251958
224,97,10.895083132274296
224,98,10.6671145998971
224,99,14.462501062448816
224,100,14.838851063494404
224,101,12.969687849470631
224,102,14.943438226373559
224,103,18.02020181143102
224,104,18.14262394166333
224,105,17.52876411520013
224,106,20.091811724640177
224,107,22.426220756767986
224,108,22.322584360314995
224,109,23.580527636384847
224,110,22.61624165114887
224,111,20.151120621403667
224,112,22.262225742077955
224,113,20.396861394448045
224,114,22.12356456784011
224,115,21.386768446119778
224,116,21.941489329383746
224,117,23.300392238506817
224,118,20.604847640264722
224,119,22.316399795659837
224,120,20.323116297592605
224,121,23.19209222768758
224,122,23.313070603801442
224,123,20.293567358627747
224,124,20.13339756884627
224,125,18.460776290288003
224,126,17.541844850432852
224,127,15.95068772137662
224,128,16.125507469699187
224,129,15.91762350986627
224,130,18.491046078684676
224,131,16.06276762660766
224,132,15.755976092428185
224,133,19.436982195481157
224,134,20.921358220661887
224,135,24.624259945412902
224,136,26.02961439457436
224,137,23.724971429495916
224,138,20.059281529458055
224,139,17.759755141237694
224,140,14.301975697312395
224,141,12.948713095250374
224,142,15.95229493510881
224,143,14.462131477104402
224,144,11.951499298794559
224,145,13.53233965595094
224,146,12.557279482812207
224,147,14.694872064360258
224,148,16.40300961502231
224,149,19.672823504104315
224,150,22.861066543191573
224,151,26.035729160390254
224,152,25.359383252747886
224,153,23.491814880334125
224,154,20.16606633158085
224,155,21.33831362991306
224,156,19.908501720402807
224,157,18.90786346282378
224,158,20.221361843989794
224,159,20.5104321984477
224,160,21.63364513952381
224,161,21.67837573489812
224,162,24.13888723486975
224,163,24.62744112524093
224,164,28.34026477231307
224,165,28.393635460746065
224,166,29.650575101588423
224,167,26.56821690805277
224,168,23.022528398025663
224,169,20.15788021226719
224,170,16.676533809233657
224,171,14.010437649572884
224,172,10.669768776018248
224,173,8.51885259525079
224,174,5.325254763772025
224,175,5.160684746822075
224,176,6.592893057633111
224,177,7.602675545267454
224,178,11.205706940728312
224,179,13.66876940209828
224,180,16.791185927906096
224,181,18.188822908998237
224,182,19.890031544127226
224,183,16.814077864972766
224,184,15.438031071760303
224,185,18.83755503386355
224,186,19.67820159606614
224,187,16.77510511906554
224,188,16.475216972866985
224,189,19.69692271246738
224,190,18.905257167491694
224,191,18.670271202448266
224,192,15.922711247477292
224,193,13.694709038906995
224,194,12.656834600937444
224,195,11.082222636622408
224,196,13.196082047020383
224,197,13.497936202707121
224,198,16.708471888924443
224,199,19.54036978472828
224,200,22.890780653619885
224,201,21.859986121562102
224,202,18.28501229409861
224,203,16.20503246700487
224,204,12.509669518132563
224,205,12.300908939962483
224,206,9.497882924269886
224,207,10.790078388255308
224,208,9.008000122737009
224,209,10.188362483701994
224,210,12.646718319416879
224,211,13.431699453754474
224,212,14.905511635553307
224,213,13.330433156201128
224,214,15.295202615237574
224,215,15.874774649164651
224,216,14.390640427010446
224,217,16.19823951865957
224,218,17.44996885222277
224,219,14.332092088837161
224,220,13.311171970471792
224,221,10.298937568727828
224,222,6.667297755690988
224,223,3.8057095764863904
224,225,3.8105355331652273
224,226,6.699114995138594
224,227,10.384034576931883
224,228,13.665539641701498
224,229,17.23690743049004
224,230,19.938087462904956
224,231,23.415305202447154
224,232,26.475181549032406
224,233,27.662719600451197
224,234,24.4454749828623
224,235,22.468572402674287
224,236,18.892350124650115
224,237,18.476276100449972
224,238,15.71562103563941
224,239,16.252779796921928
224,240,14.745091049340454
224,241,16.479309453317235
224,242,13.86092541636796
224,243,10.376638803760942
224,244,10.058044572724121
224,245,8.961641234727969
224,246,11.713021293976517
224,247,13.071196999158888
224,248,16.429386250555872
224,249,17.88108847077432
224,250,17.928001039629752
224,251,18.509898695948177
224,252,21.786757086565526
224,253,21.913006800015445
224,254,24.949235253772255
224,255,26.60514006663168
224,256,28.68271091587533
224,257,29.334738307945365
224,258,26.330622478707483
224,259,24.527021733556186
224,260,22.95767044934981
224,261,24.60880682663363
224,262,24.066346600514482
224,263,27.23681735095373
224,264,28.779094836621198
224,265,31.918441507761365
224,266,33.13924569130107
224,267,33.79151668322354
224,268,37.4764333658856
224,269,39.68763112411449
224,270,41.05337350308239
224,271,40.959713609001426
224,272,39.68902195380039
224,273,38.36520036043191
224,274,36.64851886046844
224,275,33.730631300896405
224,276,32.73084616888974
224,277,30.53683160492159
224,278,33.94937557874096
224,279,34.8739202118588
224,280,36.91472142512392
224,281,39.704959195380866
224,282,42.676389443291434
224,283,43.1970583180874
224,284,46.9894258104702
224,285,46.698676235080036
224,286,45.46293960556374
224,287,43.531744413424136
224,288,41.241728508582575
224,289,40.26561453993941
224,290,37.87926000772663
224,291,34.416149671211286
224,292,33.10578583145678
224,293,30.22666677313284
224,294,31.888936014365555
224,295,31.503270466432767
224,296,34.40214926365342
224,297,37.95838344707807
224,298,38.21528376747774
224,299,40.642005729948806
224,300,39.633239885241395
224,301,38.26850581033107
224,302,40.77650541757816
224,303,41.33259637138791
224,304,44.842062485812995
224,305,45.39689445696233
224,306,48.67415800064749
224,307,50.48058071725235
224,308,53.89809799368446
224,309,55.331089899206084
224,310,59.1128897700502
224,311,60.59740116395445
224,312,64.25379611115338
224,313,66.87726401465646
224,314,67.74062876324484
224,315,68.97774101729497
224,316,72.43888353050473
224,317,73.98186594462743
224,318,77.68721277565547
225,1,99.61678367797288
225,2,100.25074237424383
225,3,96.6556536037406
225,4,93.06807622915879
225,5,89.71977074609212
225,6,86.3695088951514
225,7,83.22325173702191
225,8,79.72794957129291
225,9,76.72059184362944
225,10,73.1179028979963
225,11,71.50922603439408
225,12,70.01762029553704
225,13,68.16051886158132
225,14,68.73700993685453
225,15,65.20618420257993
225,16,63.04050556717344
225,17,59.62926481255255
225,18,58.61832844170597
225,19,56.68309875443773
225,20,55.91824603869452
225,21,57.126672895400986
225,22,57.16490161156196
225,23,60.098121250761416
225,24,60.07902619908182
225,25,57.58993094202217
225,26,59.31386520509716
225,27,61.64296331476034
225,28,62.89096999736538
225,29,62.45317248466412
225,30,63.396472891285455
225,31,59.89653479960669
225,32,56.270003894493
225,33,52.87108365646617
225,34,49.49211566328435
225,35,46.90138173737497
225,36,43.922932964563316
225,37,42.00450274321883
225,38,41.34272890341558
225,39,40.918757851228136
225,40,38.57857872227508
225,41,38.92373499792737
225,42,35.76091100789512
225,43,34.42021307536215
225,44,32.11464376372679
225,45,34.078278524940934
225,46,32.44892046024668
225,47,34.438478120242436
225,48,34.38428347552565
225,49,30.609751476999016
225,50,28.301109069322607
225,51,26.659334113549615
225,52,23.827300338307904
225,53,23.883088945926445
225,54,20.634879481778672
225,55,22.7102875196946
225,56,20.481165217193674
225,57,17.2206840498306
225,58,14.981608145416992
225,59,13.938467180836899
225,60,10.18453683523994
225,61,11.391745377946334
225,62,13.637253016131112
225,63,11.243247964837273
225,64,9.166787358932806
225,65,12.630472094222752
225,66,13.469603130092704
225,67,17.003418074047627
225,68,18.96565139848227
225,69,17.388264191488382
225,70,18.52093986586059
225,71,21.375074149628333
225,72,19.27391557993379
225,73,18.48830892482217
225,74,19.808052187180724
225,75,20.96891347266185
225,76,22.105623252382035
225,77,23.28757073431818
225,78,25.07677296302369
225,79,23.924548476006024
225,80,21.12263074410891
225,81,22.30402095348656
225,82,20.090210476962486
225,83,22.19189876298399
225,84,22.434431301036774
225,85,22.76557426376438
225,86,19.23096489879345
225,87,17.283786329745613
225,88,14.405819650227926
225,89,15.897997162480216
225,90,13.417481959102815
225,91,11.455757961007725
225,92,10.62591028285269
225,93,7.039709722020793
225,94,6.118559987032343
225,95,4.825341532581006
225,96,7.092369875951793
225,97,9.580058927923291
225,98,8.958472834789577
225,99,12.528883062280077
225,100,12.33541042474775
225,101,9.868805015822662
225,102,12.071673169755783
225,103,15.078428079525745
225,104,14.768270539696672
225,105,13.98804101394504
225,106,16.80846878871978
225,107,19.017316206029435
225,108,18.661321511514195
225,109,20.016712911775965
225,110,18.99187660424509
225,111,16.620795280931635
225,112,18.68598357114008
225,113,16.963236777827955
225,114,18.819950860041878
225,115,18.485583537230625
225,116,19.219976380433547
225,117,21.031047664806533
225,118,18.700700773139484
225,119,20.953903311525973
225,120,19.561217483141583
225,121,22.805683809464742
225,122,23.518061300983156
225,123,20.620239893204403
225,124,20.42719703847954
225,125,18.188058484615304
225,126,17.132113598991268
225,127,16.32878462045712
225,128,16.648275208602623
225,129,16.99042840620008
225,130,19.6383602205883
225,131,17.22298250312329
225,132,16.08418912485623
225,133,19.555969468575665
225,134,20.381382054711967
225,135,24.150596599574822
225,136,26.06434730930024
225,137,23.972694235664495
225,138,20.471070972749256
225,139,17.626944794738897
225,140,13.89336922537951
225,141,11.625524225168544
225,142,14.037654695730057
225,143,11.951742874758372
225,144,10.09066909338899
225,145,12.460239320481634
225,146,12.602504332593199
225,147,15.016118711270044
225,148,17.475024899199063
225,149,20.90413198850765
225,150,23.715274120702745
225,151,27.14263493929115
225,152,26.923399729324206
225,153,24.865429022584138
225,154,21.345904642454776
225,155,22.12643022945162
225,156,20.47717468484429
225,157,18.81007660580936
225,158,19.571651458518293
225,159,19.191913028506562
225,160,19.76791489025533
225,161,19.257045158809262
225,162,21.458553301005587
225,163,21.548790898046338
225,164,25.20571628514715
225,165,24.982108455743585
225,166,26.11803135972791
225,167,22.937253197178773
225,168,19.42866832039074
225,169,16.5711486140129
225,170,12.99543660347289
225,171,10.553404398744892
225,172,7.150781918084469
225,173,5.939007579510327
225,174,4.365696969360877
225,175,6.702364371028791
225,176,9.113828095669438
225,177,11.068192142882873
225,178,14.569501072195346
225,179,17.259565441284256
225,180,20.324217460698772
225,181,21.5714692148175
225,182,23.0427288453619
225,183,19.81279092638793
225,184,18.37193863764923
225,185,21.52016399093601
225,186,22.129348780158466
225,187,18.871654042035306
225,188,18.444969653530748
225,189,21.911489627996296
225,190,21.207616765345566
225,191,21.475090358802063
225,192,18.621812349912602
225,193,15.881105446472247
225,194,14.221162551628508
225,195,11.704154120842215
225,196,12.987130660303654
225,197,12.194973639400752
225,198,15.098608618508802
225,199,17.414316708836836
225,200,20.871833911266364
225,201,19.809465251426467
225,202,16.515025619439037
225,203,15.068772705742418
225,204,11.734752437136626
225,205,12.628788110291158
225,206,10.815565563290505
225,207,13.079062353625805
225,208,12.02919222907289
225,209,13.758240751323543
225,210,16.31718510653432
225,211,17.239341243681118
225,212,18.622424697550667
225,213,16.860397384246774
225,214,18.439531788358586
225,215,18.700799947690342
225,216,16.633906342698847
225,217,17.982788952927326
225,218,19.736249385183616
225,219,16.98011532014801
225,220,16.530599050969492
225,221,13.562701384688356
225,222,9.862341099847713
225,223,6.451376696932623
225,224,3.8105355331652273
225,226,3.8060636823872844
225,227,7.018019934197464
225,228,10.578030440430021
225,229,13.927507645714554
225,230,16.788684747296212
225,231,20.19231156169661
225,232,23.218405278198436
225,233,24.698661410926245
225,234,21.697923433517918
225,235,19.951525343476984
225,236,16.502761733190425
225,237,16.774014119720118
225,238,14.479678786854274
225,239,15.890533031517096
225,240,15.178549547994072
225,241,17.59775519651668
225,242,15.385620276824135
225,243,12.144561924085915
225,244,10.579282771046499
225,245,8.687776681369499
225,246,10.373817594376042
225,247,10.679441655294925
225,248,13.987919368574227
225,249,14.881863346953764
225,250,14.480707198840054
225,251,14.811545011957655
225,252,18.01331906577332
225,253,18.11181755566286
225,254,21.17413967799638
225,255,22.94141452002277
225,256,25.09125306005394
225,257,25.91528625237697
225,258,22.960023440030145
225,259,21.443601684901573
225,260,20.206880757840175
225,261,22.27228046017855
225,262,22.221785973142502
225,263,25.48461171816353
225,264,27.284875657742685
225,265,30.154989711231906
225,266,31.237303958243846
225,267,31.529403279981075
225,268,35.12253537748901
225,269,37.10421037897965
225,270,38.36995473334478
225,271,38.09647121865787
225,272,36.882735228531516
225,273,35.4301214110319
225,274,33.93595583229677
225,275,31.1884689055881
225,276,30.516095375213027
225,277,28.612743357218065
225,278,32.162770601115305
225,279,32.77568162098329
225,280,34.536671223011446
225,281,37.34112750625955
225,282,40.14062017790307
225,283,40.55342797335936
225,284,44.35942878584982
225,285,44.242801618762314
225,286,42.99821127841334
225,287,41.29910192338721
225,288,39.15220907592262
225,289,38.479625990409154
225,290,36.08590002394351
225,291,32.621411550606396
225,292,31.227463275777378
225,293,28.165442214569858
225,294,29.482084705629664
225,295,28.76029704514919
225,296,31.453204413664704
225,297,35.033236103184294
225,298,35.55610619335503
225,299,38.1575950052632
225,300,37.304453534697544
225,301,36.22883657441181
225,302,38.95750998207692
225,303,39.82557886778346
225,304,43.28707633455405
225,305,43.8454940251942
225,306,46.97028625123342
225,307,48.619339134287046
225,308,51.950097027807466
225,309,53.190371061877386
225,310,56.964456979343744
225,311,58.29083862792753
225,312,61.9958135694875
225,313,64.69609982632134
225,314,65.73503637223104
225,315,67.04449903902417
225,316,70.57288462704365
225,317,72.17081752222147
225,318,75.87710123360034
226,1,99.30166319428038
226,2,99.80092270578434
226,3,96.18766222443446
226,4,92.64054098004256
226,5,89.31441906921678
226,6,85.908298541569
226,7,82.81339193745625
226,8,79.25413936920151
226,9,76.3555814704375
226,10,72.80221390782197
226,11,71.36469338264438
226,12,70.02230858195894
226,13,68.34743383323048
226,14,69.10854751125012
226,15,65.61751970598763
226,16,63.27439032035921
226,17,59.82971376422059
226,18,58.73721579052405
226,19,56.59071745092347
226,20,55.67191943564625
226,21,56.63871152410418
226,22,56.51351917140446
226,23,59.557494686642116
226,24,59.766138116594746
226,25,57.46701330480346
226,26,59.29898120169543
226,27,61.53720856732553
226,28,62.907073798541816
226,29,62.360172713496354
226,30,63.37916387752378
226,31,59.8969000261112
226,32,56.22412258815539
226,33,52.83666554004977
226,34,49.542785108100276
226,35,46.74136757992475
226,36,43.947875973091435
226,37,42.21960570473804
226,38,41.85650235105066
226,39,41.66805537231489
226,40,39.422934613107365
226,41,39.98103418619091
226,42,37.01994065877419
226,43,35.60639373006719
226,44,33.02560523159259
226,45,34.769946553573924
226,46,33.071712710649614
226,47,34.683192830972196
226,48,34.304202252175
226,49,30.506524937075426
226,50,28.414339566014846
226,51,27.18854201306877
226,52,24.668753751183637
226,53,25.25143642315454
226,54,22.331071099070172
226,55,24.83626873573205
226,56,23.029109499587236
226,57,19.532599202810086
226,58,16.961868650325826
226,59,15.184689427798382
226,60,11.754240225517727
226,61,13.750044339967191
226,62,15.342449083925437
226,63,12.273081248809808
226,64,11.008722264608918
226,65,14.703094728488585
226,66,16.248516912844988
226,67,19.752648396782018
226,68,21.716234712792996
226,69,19.666673784841112
226,70,20.49687654811078
226,71,23.093622181989996
226,72,20.585905103361554
226,73,19.43819157328261
226,74,20.048757041996506
226,75,21.3429410900295
226,76,22.02033580708859
226,77,23.24798745162235
226,78,24.759911325207135
226,79,24.031037546912128
226,80,21.694595135754525
226,81,23.3671395843231
226,82,21.616165633822007
226,83,24.160679166807757
226,84,24.71023570684504
226,85,25.41412584679486
226,86,21.87634917239869
226,87,20.358870697010378
226,88,17.719957542719158
226,89,19.402143445267512
226,90,16.95326090978523
226,91,15.154292262484981
226,92,14.425919983577323
226,93,10.794832853362394
226,94,9.236740098540919
226,95,6.715294851370503
226,96,7.290772167815481
226,97,8.95454416053464
226,98,9.410098973289903
226,99,12.410150813047013
226,100,11.090630264580719
226,101,8.823784889678612
226,102,11.955469560734839
226,103,14.204752509294734
226,104,13.191952191195943
226,105,13.080713670055184
226,106,16.316122205072286
226,107,17.824038383412624
226,108,17.280546474297743
226,109,19.28508131558385
226,110,18.427503081876242
226,111,16.474786643239888
226,112,18.167852811256335
226,113,16.480546978186172
226,114,17.9785389569232
226,115,17.9508179641735
226,116,18.20021183306989
226,117,20.135025896631795
226,118,17.826096386713573
226,119,20.29992952531916
226,120,19.30855461767827
226,121,22.58383139143317
226,122,23.75888734499701
226,123,21.31536289106988
226,124,21.668569665592123
226,125,19.438191206304843
226,126,18.905037227318477
226,127,18.624237350877312
226,128,19.48659910138436
226,129,20.279237428760755
226,130,23.127926397628332
226,131,20.88562206341399
226,132,19.51623061793604
226,133,22.832003924603274
226,134,23.29049136694324
226,135,27.064084450692473
226,136,29.176738210890814
226,137,27.03626229201349
226,138,23.58371244874852
226,139,20.518396084626666
226,140,16.728206873133914
226,141,14.151808486526512
226,142,15.855331595843344
226,143,13.021550262372143
226,144,11.459424246614688
226,145,13.738323200114346
226,146,14.441810388716357
226,147,16.287302037974836
226,148,18.997352596114496
226,149,22.17540105927674
226,150,24.815824941567726
226,151,28.272561863905295
226,152,28.095047829608347
226,153,25.619007343295657
226,154,21.9137134010886
226,155,22.035642662605213
226,156,19.840404603445908
226,157,17.95300098020616
226,158,18.002368002574148
226,159,17.456994646006
226,160,17.477387669438432
226,161,16.9541264395687
226,162,18.734820645768337
226,163,18.718855309366262
226,164,22.444300456888758
226,165,22.339982171108158
226,166,23.298064627412714
226,167,20.220990947465495
226,168,16.570129193818698
226,169,13.99836557165502
226,170,10.597356664019156
226,171,8.388177301811965
226,172,6.028163470943485
226,173,5.487314784637242
226,174,5.623915185718599
226,175,8.169821373906784
226,176,11.493768641904762
226,177,13.516036769935777
226,178,17.188742158509797
226,179,20.048068506032457
226,180,22.84068946580062
226,181,23.629367492534218
226,182,25.329396619259754
226,183,22.317560174418205
226,184,20.364206208043804
226,185,23.24790167948582
226,186,24.20399432822949
226,187,20.839525153387815
226,188,19.788634626944674
226,189,23.15398827264474
226,190,22.02054099537393
226,191,22.509232474569416
226,192,19.314349450836783
226,193,16.31179484235538
226,194,13.851445124252686
226,195,10.804121987408113
226,196,10.95736074871592
226,197,9.488640223167947
226,198,11.862834467643212
226,199,13.918563379589804
226,200,17.264921837054814
226,201,16.046965731149754
226,202,12.82294146952304
226,203,11.732714787407195
226,204,8.741179750042216
226,205,10.556682062188813
226,206,9.858732176117806
226,207,12.982107034622402
226,208,13.047685197647498
226,209,15.313696346894588
226,210,18.313344870566386
226,211,19.612452468688126
226,212,21.462480186192877
226,213,19.885526552499957
226,214,21.7170617083047
226,215,22.2780159333161
226,216,20.341125287961056
226,217,21.783438236672126
226,218,23.504112620868884
226,219,20.648630008229127
226,220,19.962860216777862
226,221,16.866930195475696
226,222,13.253870324020225
226,223,9.831942684799868
226,224,6.699114995138594
226,225,3.8060636823872844
226,227,3.7930034935253754
226,228,7.062567966606727
226,229,10.57355526991496
226,230,13.453091253658874
226,231,16.803646879452213
226,232,19.995750438668864
226,233,21.389763041670037
226,234,18.296048409904525
226,235,16.823807004637978
226,236,13.581680168471824
226,237,14.130857029575344
226,238,12.468729344346263
226,239,14.262188507441007
226,240,14.40086922390477
226,241,17.3781110457906
226,242,15.932539729729687
226,243,13.328258122269862
226,244,11.169116713625922
226,245,9.940064981998223
226,246,10.511748150670233
226,247,10.353779181923494
226,248,13.864559394757372
226,249,13.941197729118787
226,250,12.981594481604251
226,251,13.507094508255575
226,252,16.376130641971542
226,253,16.10488089037688
226,254,19.260935071797547
226,255,20.954388339396502
226,256,23.494117454734944
226,257,24.739290685441183
226,258,22.171200140935053
226,259,20.977744989347006
226,260,20.391432924179334
226,261,22.862890974099326
226,262,23.36957576564334
226,263,26.834438590855747
226,264,29.032148640515235
226,265,31.666417218485957
226,266,32.82339633123505
226,267,32.80921933786314
226,268,36.289538116402106
226,269,38.04198945012728
226,270,39.02857994225825
226,271,38.39334482743283
226,272,37.0493596365201
226,273,35.249426915087135
226,274,33.89464855624674
226,275,31.466545814392916
226,276,31.003659950301632
226,277,29.514348958796226
226,278,33.201756119883775
226,279,33.69157499321735
226,280,35.11458468077022
226,281,37.72733411998315
226,282,40.28409305144753
226,283,40.355171257051815
226,284,44.13824720852407
226,285,44.00187106758816
226,286,42.503722210106226
226,287,41.00001472363339
226,288,39.15708862773062
226,289,38.75262965218454
226,290,36.604876472591364
226,291,33.03828292340651
226,292,31.276161991827067
226,293,28.29062314900795
226,294,29.42181976211196
226,295,28.50172974479476
226,296,30.961383269841008
226,297,34.42292177130901
226,298,35.161673083631264
226,299,37.75915682600587
226,300,36.77690965711701
226,301,35.98063142416481
226,302,38.75694615602748
226,303,39.87729317264604
226,304,43.39170623686366
226,305,44.21071162964803
226,306,47.193580527936405
226,307,48.56621435249296
226,308,51.889303045900625
226,309,52.89788663611196
226,310,56.67335499456675
226,311,57.97793620648508
226,312,61.69802901913093
226,313,64.34275143719793
226,314,65.48427095603728
226,315,66.99113758027885
226,316,70.53555576316153
226,317,72.30681539139385
226,318,76.04321384336752
227,1,97.70243690283887
227,2,98.13771865062255
227,3,94.54432072848432
227,4,91.00902945540372
227,5,87.7466245284185
227,6,84.27493339365668
227,7,81.27145084498753
227,8,77.66627724570799
227,9,74.87042158482159
227,10,71.33522101963337
227,11,69.98430835053802
227,12,68.82434930571011
227,13,67.26831681961384
227,14,68.22443641427368
227,15,64.82114430842728
227,16,62.37341817106092
227,17,58.97487220469997
227,18,57.96926150990449
227,19,55.69365984524231
227,20,54.80118143591565
227,21,55.62191300274979
227,22,55.516711216852194
227,23,58.7000075291316
227,24,59.01343201214636
227,25,56.869050167311215
227,26,58.64171719688724
227,27,60.69383372471266
227,28,62.02855868999002
227,29,61.274234275303535
227,30,62.2127309833625
227,31,58.697609171046345
227,32,55.03334333758774
227,33,51.59517013910734
227,34,48.44370064710911
227,35,45.52276570735895
227,36,42.94447702510732
227,37,41.22948497018026
227,38,41.198284654225006
227,39,41.040675227247334
227,40,38.734227017734355
227,41,39.30773696092414
227,42,36.58875281529236
227,43,34.93677290232308
227,44,32.06733165859077
227,45,33.46735665399935
227,46,31.576900170476325
227,47,32.84325847749048
227,48,32.20996903369088
227,49,28.453273939185348
227,50,26.442325742213452
227,51,25.672501894461604
227,52,23.396160546768595
227,53,24.53484306003554
227,54,22.012071076584917
227,55,24.921003708064955
227,56,23.626147770802298
227,57,19.927776141637253
227,58,17.293638902566066
227,59,14.77944498613983
227,60,11.915385842176784
227,61,14.359188374715709
227,62,15.065977392405383
227,63,11.516957353251259
227,64,11.208867718012995
227,65,14.859154040493067
227,66,17.11296879401555
227,67,20.488504764869457
227,68,22.353255756626904
227,69,19.79076127690333
227,70,20.259376636461422
227,71,22.481873429246917
227,72,19.632796832443926
227,73,18.163762391581265
227,74,18.084983299757333
227,75,19.475932062436772
227,76,19.80060374785432
227,77,21.185682016571576
227,78,22.603475190289235
227,79,22.388586221685205
227,80,20.48118758185785
227,81,22.69308870549974
227,82,21.538487078132647
227,83,24.50450485846519
227,84,25.582079598256247
227,85,26.45126179631623
227,86,22.86725732554158
227,87,21.85832141834085
227,88,19.454183202807055
227,89,21.258535453061995
227,90,18.939094817202857
227,91,17.701074352366252
227,92,17.38392675684059
227,93,13.844165021638675
227,94,12.443465879226205
227,95,9.432083284058933
227,96,9.851615767386287
227,97,10.191209892985748
227,98,10.552007497560812
227,99,12.660838842447575
227,100,10.420628848828827
227,101,7.8316985179878005
227,102,11.226215146440563
227,103,12.807536733831535
227,104,10.884709831412524
227,105,10.885535252108534
227,106,14.473253209621838
227,107,15.422669907677815
227,108,14.41334456320342
227,109,16.786778558972134
227,110,15.90053422563484
227,111,14.304968608343746
227,112,15.619317406504845
227,113,14.130297857077492
227,114,15.483251896285063
227,115,16.00495229136884
227,116,16.199830726869504
227,117,18.555849320148816
227,118,16.733544523749394
227,119,19.66839528857295
227,120,19.39318488942893
227,121,22.841768900771257
227,122,24.575413433810645
227,123,22.430778665428633
227,124,22.871184368367846
227,125,20.327868877499927
227,126,19.870231868761664
227,127,20.28169259932786
227,128,21.334038134583285
227,129,22.54631803895368
227,130,25.42177956642303
227,131,23.30662733349415
227,132,21.43491255232703
227,133,24.450162540417146
227,134,24.344997705478043
227,135,28.046876895368296
227,136,30.512694166832954
227,137,28.537759708166945
227,138,25.297276823878633
227,139,21.929091980735624
227,140,18.152962615765528
227,141,15.11312391893068
227,142,15.964128996068563
227,143,12.619083930019807
227,144,11.931020131969145
227,145,14.478071424440342
227,146,16.0510475565192
227,147,17.808116077651658
227,148,20.930268893881927
227,149,24.045701642522992
227,150,26.29106686604414
227,151,29.85273648187819
227,152,30.02991589552694
227,153,27.3943652572484
227,154,23.628831467112015
227,155,23.32212455401753
227,156,20.94835594308414
227,157,18.550695457680686
227,158,17.914682981525345
227,159,16.686400498552747
227,160,15.93502525416028
227,161,14.794509977338405
227,162,16.041711332406067
227,163,15.510631963952699
227,164,19.158930971391783
227,165,18.805262661329643
227,166,19.57940996191067
227,167,16.455535434854816
227,168,12.78752179937524
227,169,10.353683039453264
227,170,6.997678723556013
227,171,5.465445607249105
227,172,4.638354460313277
227,173,6.150213968211632
227,174,8.22160253417544
227,175,11.299051843565973
227,176,14.73153331602821
227,177,17.103238672951523
227,178,20.692289419861684
227,179,23.68925859702291
227,180,26.405139913399346
227,181,27.04140148050605
227,182,28.596921286032813
227,183,25.54256627890654
227,184,23.519131523289847
227,185,26.159080190911006
227,186,26.99094793318741
227,187,23.452885295967747
227,188,22.263969281572386
227,189,25.684544463975655
227,190,24.591772310314326
227,191,25.449550987627884
227,192,22.24279177841655
227,193,18.991501131172132
227,194,16.202362614357373
227,195,12.729888685589378
227,196,11.928867803877415
227,197,9.312723929134894
227,198,10.762237763717838
227,199,11.858537262889378
227,200,15.168259985708687
227,201,13.964242594806821
227,202,11.3452278247784
227,203,11.289675809901178
227,204,9.36374117574795
227,205,12.150546218890655
227,206,12.501719103556955
227,207,15.954411899386612
227,208,16.448738538835563
227,209,18.95699261854595
227,210,21.964661997255813
227,211,23.383397878416524
227,212,25.225624638088515
227,213,23.60278939289025
227,214,25.281736630126918
227,215,25.676893226702006
227,216,23.47298469101921
227,217,24.62973917511707
227,218,26.574363147881012
227,219,23.912478992441702
227,220,23.507626464236555
227,221,20.39901929960116
227,222,16.78567823666413
227,223,13.227317992807421
227,224,10.384034576931883
227,225,7.018019934197464
227,226,3.7930034935253754
227,228,3.795811560991788
227,229,6.926099094942168
227,230,10.012817204816244
227,231,13.243617397034145
227,232,16.431742185675258
227,233,18.121260861703327
227,234,15.292644889875191
227,235,14.234281132078499
227,236,11.384725956701248
227,237,12.878209996303731
227,238,12.136090744279427
227,239,14.740104894880828
227,240,15.754054000762462
227,241,19.142025037958415
227,242,18.187939111340913
227,243,15.987943106143252
227,244,13.193194188045847
227,245,11.764053302483996
227,246,11.106758009152266
227,247,9.775974789513207
227,248,12.861232402796748
227,249,11.937776748009194
227,250,10.197285199588832
227,251,10.547799706773441
227,252,13.053253034692975
227,253,12.610434050217263
227,254,15.863781111515282
227,255,17.70323370048239
227,256,20.504314550419185
227,257,22.14007819968353
227,258,19.842538449909572
227,259,19.17820317261828
227,260,19.228017930833353
227,261,22.154191579014675
227,262,23.263859329333975
227,263,26.73172597465344
227,264,29.17563870977662
227,265,31.449112295627675
227,266,32.45392787545588
227,267,32.02176287936704
227,268,35.31745504882408
227,269,36.75149136056043
227,270,37.56782922016755
227,271,36.66921335339049
227,272,35.380178259084886
227,273,33.37638398689821
227,274,32.32560878543753
227,275,30.207467705345856
227,276,30.145736431125197
227,277,29.076196418087672
227,278,32.840225634177514
227,279,32.99001637263337
227,280,34.02907620806528
227,281,36.57133005201572
227,282,38.858533205394714
227,283,38.73038102117605
227,284,42.48265025214035
227,285,42.522074752035756
227,286,40.96203142959742
227,287,39.76145015432006
227,288,38.16252754057177
227,289,38.1234646152592
227,290,36.06007462673098
227,291,32.53206213985353
227,292,30.632546857862568
227,293,27.559128906452493
227,294,28.26014347151793
227,295,26.943695988726162
227,296,29.053648476224815
227,297,32.453225587068516
227,298,33.53417681019127
227,299,36.278145785310215
227,300,35.431913648471316
227,301,35.01386032250898
227,302,37.97584815391463
227,303,39.438721057130465
227,304,42.878629345648484
227,305,43.75437760747135
227,306,46.531036924843605
227,307,47.675370652402044
227,308,50.886857154641255
227,309,51.64447435795668
227,310,55.38827847276334
227,311,56.52552895701601
227,312,60.27717890128264
227,313,62.96985392711773
227,314,64.29954429771281
227,315,65.91576636930722
227,316,69.51192636623058
227,317,71.36767229847379
227,318,75.09754110206586
228,1,98.49237308680271
228,2,98.80920945352604
228,3,95.21980298293086
228,4,91.7254394232813
228,5,88.51321175787942
228,6,84.98554221710772
228,7,82.06409446309962
228,8,78.40777329240817
228,9,75.73811504246434
228,10,72.25701425851715
228,11,71.05941395574918
228,12,70.07294584397799
228,13,68.68348576559124
228,14,69.82169225197345
228,15,66.48876934238642
228,16,63.90647477791806
228,17,60.52058534648999
228,18,59.495535677191214
228,19,57.0502029704652
228,20,56.06156707051661
228,21,56.654581035434425
228,22,56.427267649145115
228,23,59.71346047258442
228,24,60.228534419070805
228,25,58.27821573659027
228,26,60.103472950580326
228,27,62.02729319439978
228,28,63.42881679648848
228,29,62.53573406493157
228,30,63.489811700706916
228,31,59.99205333153304
228,32,56.32390046684783
228,33,52.8964957288742
228,34,49.87799514464382
228,35,46.803058719437566
228,36,44.448174259434715
228,37,42.872197390418584
228,38,43.13402681540581
228,39,43.11449689083684
228,40,40.851469535452395
228,41,41.51362904853451
228,42,39.00727517433765
228,43,37.2309257156947
228,44,34.15412003504139
228,45,35.256142193298835
228,46,33.228538243994656
228,47,34.11731514453491
228,48,33.1918491365826
228,49,29.52659742154649
228,50,27.66970266382895
228,51,27.38589270547668
228,52,25.379337988814793
228,53,26.957710838003823
228,54,24.752260940892647
228,55,27.870064272262077
228,56,26.853077102368346
228,57,23.096335277634488
228,58,20.494402244489535
228,59,17.631829958363515
228,60,15.166056068283622
228,61,17.676780829121896
228,62,17.864199126226705
228,63,14.124637749510859
228,64,14.165113655198862
228,65,17.583315609217014
228,66,20.23203139287375
228,67,23.38983581476361
228,68,25.368751633250955
228,69,22.62646317534573
228,70,22.681667525318126
228,71,24.721445364615878
228,72,21.767572591562413
228,73,19.886885744895523
228,74,19.174767458264633
228,75,20.829150522536462
228,76,20.84968215795429
228,77,22.420696515843304
228,78,23.660093110628136
228,79,23.98671038299698
228,80,22.554254823045834
228,81,25.14479317621115
228,82,24.411467443480618
228,83,27.592079857537485
228,84,28.9019675397243
228,85,29.874758263703693
228,86,26.298260877742553
228,87,25.46596170980602
228,88,23.094716610432002
228,89,24.80419520826908
228,90,22.374986921975015
228,91,21.14406327712792
228,92,21.026178009310335
228,93,17.524744847427694
228,94,16.11140524978567
228,95,13.063253269743342
228,96,12.901534783344244
228,97,12.848796849149098
228,98,13.750520911328636
228,99,15.300470735373576
228,100,12.393898688019885
228,101,10.305630982078435
228,102,13.791434762235088
228,103,14.546502039588013
228,104,11.878637494746899
228,105,12.370103255962833
228,106,16.068734117427123
228,107,16.198837655546654
228,108,14.740976800171486
228,109,17.609734608127194
228,110,16.70202271649355
228,111,15.506592303102764
228,112,16.064831380892144
228,113,14.513255512894169
228,114,15.116362499111782
228,115,15.794254559746978
228,116,15.306128522751436
228,117,17.59060522210021
228,118,15.927572575440273
228,119,18.922446837864168
228,120,19.14091606596409
228,121,22.4591483833964
228,122,24.62015152422908
228,123,22.99842492204876
228,124,23.89210448732623
228,125,21.459167699864672
228,126,21.511933403404512
228,127,22.35326357100552
228,128,23.858999563703833
228,129,25.45627999037499
228,130,28.517463636513906
228,131,26.65205992733958
228,132,24.6297476757586
228,133,27.465910830608262
228,134,27.080590823550576
228,135,30.721716417789374
228,136,33.27203999821691
228,137,31.20372121644823
228,138,28.03746266028
228,139,24.57247794143996
228,140,20.881113289935136
228,141,17.86750037532998
228,142,18.151076812662478
228,143,14.495294715270656
228,144,13.982047961724957
228,145,16.08256209969154
228,146,17.974598461381696
228,147,19.155004292501282
228,148,22.363191567050432
228,149,25.15155999981441
228,150,27.107360061267048
228,151,30.61480780320236
228,152,30.905522784468555
228,153,27.980208334893906
228,154,24.18807971314578
228,155,23.284826983053524
228,156,20.573304713770543
228,157,17.969238558788327
228,158,16.57442373822299
228,159,15.058863181196221
228,160,13.59211404545724
228,161,12.374361752217855
228,162,13.00191548796246
228,163,12.386659021771221
228,164,16.062767976131134
228,165,15.993097426715622
228,166,16.719750563299023
228,167,13.930579063374962
228,168,10.236131508841599
228,169,8.208114579767797
228,170,5.9402582104099775
228,171,5.158694837815708
228,172,6.7846435307553525
228,173,8.270886399434382
228,174,10.862770888601244
228,175,13.664799291122636
228,176,17.319902451582795
228,177,19.799882460826932
228,178,23.349764320529843
228,179,26.51221692589829
228,180,28.945798882126468
228,181,29.180152338530128
228,182,30.7732113531446
228,183,27.897517046317247
228,184,25.545306966335993
228,185,27.846818690620747
228,186,28.852225327421646
228,187,25.27185567341066
228,188,23.65075517370444
228,189,26.914346941376166
228,190,25.60345392749612
228,191,26.757730319650314
228,192,23.469805032733493
228,193,20.075639651559207
228,194,16.88782407722858
228,195,13.24997264889548
228,196,11.408158862169552
228,197,8.063249986538208
228,198,8.256306581967694
228,199,8.464645757519703
228,200,11.655800916429605
228,201,10.634304373731869
228,202,8.582687431645608
228,203,9.353779967503725
228,204,8.74347975895773
228,205,12.109062292756969
228,206,13.553456030802865
228,207,17.228855369850557
228,208,18.400399120808654
228,209,21.26304974688111
228,210,24.368294578229804
228,211,26.127814600884395
228,212,28.26019741158976
228,213,26.882452678090115
228,214,28.779582165454904
228,215,29.2639222657458
228,216,27.163823481084542
228,217,28.28521107279055
228,218,30.10815360022471
228,219,27.345209431603976
228,220,26.85359044255994
228,221,23.587295923195413
228,222,20.095729595832132
228,223,16.488417773810983
228,224,13.665539641701498
228,225,10.578030440430021
228,226,7.062567966606727
228,227,3.795811560991788
228,229,3.8033277638964895
228,230,6.456292362670202
228,231,9.76740779550003
228,232,13.016815612312442
228,233,14.485534124308039
228,234,11.57158692889834
228,235,10.82351377924043
228,236,8.45706034973941
228,237,10.524225227371057
228,238,10.872387534811335
228,239,13.84917543340027
228,240,15.738824373155136
228,241,19.40913490850191
228,242,19.184073785118514
228,243,17.650963920523687
228,244,14.55997085503539
228,245,13.70008109231685
228,246,12.185375459968613
228,247,10.618453187563858
228,248,13.369564093556923
228,249,11.675630750266382
228,250,9.609467820731714
228,251,10.510040634790487
228,252,12.372600887463756
228,253,11.789450745614774
228,254,15.115728228454977
228,255,17.027496430456107
228,256,20.267750494781453
228,257,22.453142170869807
228,258,20.666243209106636
228,259,20.549479137643164
228,260,21.242722518566275
228,261,24.443010466877144
228,262,25.971426494491887
228,263,29.446096873649182
228,264,32.0726107250023
228,265,34.10024537655877
228,266,35.03200534180206
228,267,34.29522366770408
228,268,37.411104150644945
228,269,38.55404723763921
228,270,39.186203035770674
228,271,38.00529631328161
228,272,36.72729702176245
228,273,34.47038324900283
228,274,33.68365656076624
228,275,31.919461367628998
228,276,32.14209390342474
228,277,31.44854680166273
228,278,35.244154598108
228,279,35.19962605521706
228,280,35.90114502504252
228,281,38.28880776435241
228,282,40.2943141195583
228,283,39.882468762645125
228,284,43.563546133032624
228,285,43.673837474672574
228,286,41.939480404552974
228,287,41.00413375365601
228,288,39.71185559442318
228,289,39.96116407836207
228,290,38.09646492305717
228,291,34.573343995345866
228,292,32.440892034535565
228,293,29.4543609417075
228,294,29.87556132722913
228,295,28.29957618358669
228,296,30.043237488837217
228,297,33.27219135715706
228,298,34.64268352717316
228,299,37.40640098260455
228,300,36.53793348195969
228,301,36.449967497688306
228,302,39.45651811873693
228,303,41.16573162437503
228,304,44.58473952150176
228,305,45.638691687390256
228,306,48.23943738277854
228,307,49.120694054682495
228,308,52.26463852290251
228,309,52.771698482101094
228,310,56.47860044085997
228,311,57.52876911132262
228,312,61.28130242846467
228,313,63.94060383472996
228,314,65.40310538286695
228,315,67.18459300593892
228,316,70.7936814153635
228,317,72.78574456228003
228,318,76.51912988769914
229,1,96.5576253598357
229,2,96.80201292758154
229,3,93.23654190488845
229,4,89.76681560991797
229,5,86.62186947748349
229,6,83.04194923019158
229,7,80.21635399493539
229,8,76.52614469047575
229,9,73.97060073639715
229,10,70.52754477832245
229,11,69.4341737485717
229,12,68.63159219686464
229,13,67.37864703972168
229,14,68.70521906762323
229,15,65.47345172574244
229,16,62.792159536114575
229,17,59.466147570942084
229,18,58.51594423299957
229,19,55.95101255416912
229,20,54.979884603917775
229,21,55.412985997615046
229,22,55.19546592783959
229,23,58.59504101819004
229,24,59.218769938568606
229,25,57.440514900592746
229,26,59.205967519737435
229,27,60.93787754242975
229,28,62.31062742358615
229,29,61.22591033901875
229,30,62.112345254934795
229,31,58.613169498580596
229,32,54.97509434256189
229,33,51.53639549090602
229,34,48.686074230214
229,35,45.51160731369679
229,36,43.40440459622207
229,37,41.89248751904427
229,38,42.48256570839709
229,39,42.53033835222249
229,40,40.27469892267483
229,41,40.987222517394635
229,42,38.761237052431724
229,43,36.8267841954475
229,44,33.53506104307932
229,45,34.292789181436696
229,46,32.165397270287436
229,47,32.65007890120464
229,48,31.447507751590575
229,49,27.912668370958887
229,50,26.273312768654286
229,51,26.47889886948809
229,52,24.858880604371052
229,53,26.915295683133113
229,54,25.179215245463833
229,55,28.55685923321743
229,56,28.026790402427924
229,57,24.23715898196219
229,58,21.62893064647887
229,59,18.355360976492214
229,60,16.569527891008345
229,61,19.305926849773762
229,62,18.856572272342188
229,63,15.098931677609222
229,64,15.95282785892916
229,65,19.10464622444561
229,66,22.07700326055122
229,67,25.073870985359473
229,68,26.82166316318048
229,69,23.73590526397548
229,70,23.581888176573727
229,71,25.14431756387659
229,72,21.955935027449197
229,73,19.96569954935818
229,74,18.538038553057753
229,75,20.089159158089668
229,76,19.599770464518095
229,77,21.16612887871452
229,78,22.138706862343824
229,79,22.99795668655407
229,80,22.12597434997415
229,81,25.10290309117317
229,82,24.941467920692713
229,83,28.385354036684674
229,84,30.080652051312214
229,85,31.23370413257253
229,86,27.73441290159448
229,87,27.357045144921745
229,88,25.277721868819278
229,89,27.129500828423506
229,90,24.923404237166977
229,91,24.105495418983306
229,92,24.127470745831246
229,93,20.67189021139548
229,94,19.254858265214846
229,95,15.973600653727518
229,96,15.774698979297256
229,97,14.95822741746295
229,98,15.71692438091049
229,99,16.473800780772
229,100,13.139320638183975
229,101,11.299969953075609
229,102,14.43681226221905
229,103,14.359514125586141
229,104,11.046719919494683
229,105,11.819280224911495
229,106,15.377076275255108
229,107,14.716528056701202
229,108,12.865061708416365
229,109,16.079157789400785
229,110,15.357182078615688
229,111,14.859872848472147
229,112,14.945594029139091
229,113,13.932495168590304
229,114,14.323147049872192
229,115,15.732264063320857
229,116,15.250210907275557
229,117,17.89668041057213
229,118,16.935635903965856
229,119,20.204166398455033
229,120,21.076176644477673
229,121,24.399840022381895
229,122,26.93975257557601
229,123,25.566115996967234
229,124,26.443799008474677
229,125,23.821030864169526
229,126,23.839138731285704
229,127,25.104074125020663
229,128,26.599549458102178
229,129,28.362654918073385
229,130,31.33965859637778
229,131,29.4944059891012
229,132,27.18507013963087
229,133,29.78729558790316
229,134,29.01239273461337
229,135,32.521542404090084
229,136,35.330295368661396
229,137,33.4772432562758
229,138,30.524097285319556
229,139,26.91419993833095
229,140,23.31990821169033
229,141,20.065899443643325
229,142,19.766126260867047
229,143,16.028306980184695
229,144,16.27746987595247
229,145,18.51366258685279
229,146,20.870974598119044
229,147,22.055221644300687
229,148,25.437834201504657
229,149,28.166044167182047
229,150,29.820573381782477
229,151,33.348941887560386
229,152,33.891951309747334
229,153,30.92103223179489
229,154,27.167751141067892
229,155,26.012378209686716
229,156,23.26389921833373
229,157,20.40778116529375
229,158,18.514441978752096
229,159,16.466990128331762
229,160,14.20865455006938
229,161,12.296869444537256
229,162,11.86458024594533
229,163,10.259090057626358
229,164,13.6114527715789
229,165,13.06122052996907
229,166,13.267401204016583
229,167,10.415349599593407
229,168,6.677264762946902
229,169,5.634399741901595
229,170,4.7354500360149645
229,171,6.287106173197523
229,172,9.112500268911532
229,173,11.422894598982877
229,174,14.398717223606612
229,175,17.379350178458782
229,176,20.982557478958345
229,177,23.552813989818546
229,178,27.079216287294194
229,179,30.251654902170543
229,180,32.713550685438186
229,181,32.93948796257244
229,182,34.45864594298287
229,183,31.54338018369687
229,184,29.21907501976659
229,185,31.41777259256263
229,186,32.32085078909902
229,187,28.67666434100474
229,188,27.05434784487269
229,189,30.31917403745057
229,190,29.05689813827582
229,191,30.368554804358805
229,192,27.09844255052946
229,193,23.656315756677774
229,194,20.393615569453697
229,195,16.72915230614763
229,196,14.521870817728477
229,197,10.920515599184707
229,198,10.024161150304579
229,199,8.685227968035878
229,200,11.16538674921124
229,201,10.102329406379148
229,202,9.413199200089739
229,203,11.402388905794878
229,204,11.789217343654713
229,205,15.367108149802888
229,206,17.175626847800217
229,207,20.892989972480464
229,208,22.189179039915004
229,209,25.047636880100423
229,210,28.1702046317461
229,211,29.88871880328198
229,212,31.95964142877001
229,213,30.454141047816044
229,214,32.18413148179821
229,215,32.58512597970371
229,216,30.28473921976459
229,217,31.25656623220837
229,218,33.28841667302772
229,219,30.698222679043834
229,220,30.38056816559783
229,221,27.17573824137756
229,222,23.634372987092288
229,223,20.004197680140056
229,224,17.23690743049004
229,225,13.927507645714554
229,226,10.57355526991496
229,227,6.926099094942168
229,228,3.8033277638964895
229,230,3.805859509771393
229,231,6.383626545042754
229,232,9.772727676451176
229,233,11.849877540441174
229,234,9.58288608685702
229,235,9.93193457672782
229,236,8.813599293837818
229,237,11.851290775424946
229,238,13.174875092939251
229,239,16.459875741602197
229,240,18.80937283228429
229,241,22.562590490699737
229,242,22.591381840263583
229,243,21.22895458743158
229,244,17.960990164729115
229,245,16.929821004070867
229,246,14.930869209675901
229,247,12.69128496489664
229,248,14.655245468560668
229,249,12.062445273533145
229,250,9.188490243369644
229,251,9.561416844734511
229,252,10.290451075408404
229,253,9.204224898244581
229,254,12.317442081850137
229,255,14.20862379358981
229,256,17.701396316198608
229,257,20.305341330749762
229,258,19.006125500685094
229,259,19.473103893322165
229,260,20.825376706348507
229,261,24.289146318748248
229,262,26.32228340622649
229,263,29.71136466691906
229,264,32.530940578721555
229,265,34.18689217211146
229,266,35.01327163730401
229,267,33.91421617846098
229,268,36.791000672246085
229,269,37.61703135444269
229,270,38.01410326497715
229,271,36.54571502034708
229,272,35.2933592253707
229,273,32.82894716705666
229,274,32.34667749427422
229,275,30.96189851326505
229,276,31.551121587164232
229,277,31.29917645626908
229,278,35.08259721433358
229,279,34.74679541358945
229,280,35.05032897022676
229,281,37.284374409054266
229,282,38.977526522225176
229,283,38.33307236768729
229,284,41.925375329514864
229,285,42.18182211329116
229,286,40.377752327223085
229,287,39.75796644083231
229,288,38.7482047840786
229,289,39.3516451143043
229,290,37.630106261750136
229,291,34.201196470615905
229,292,31.953721873028343
229,293,28.990064444212923
229,294,28.99293855752471
229,295,27.086854870866997
229,296,28.41299483934125
229,297,31.472435274939503
229,298,33.15700449016219
229,299,35.9917833543709
229,300,35.24527170353989
229,301,35.540655904526616
229,302,38.6642034203698
229,303,40.68128550207687
229,304,43.98676730858152
229,305,45.10559157205628
229,306,47.47385113661704
229,307,48.108072820681066
229,308,51.117713090339905
229,309,51.366704965966775
229,310,55.01264538393128
229,311,55.90319429214089
229,312,59.657963570843194
229,313,62.335211548979586
229,314,63.96847946958992
229,315,65.85946469527187
229,316,69.49619415113989
229,317,71.5733355120683
229,318,75.28676151769703
230,1,98.74237589381546
230,2,98.92364835201971
230,3,95.38684259747197
230,4,91.94292810727393
230,5,88.86679969781177
230,6,85.24222767065605
230,7,82.51070362326479
230,8,78.79563066222006
230,9,76.34600753004298
230,10,72.93956278743998
230,11,71.92597041573977
230,12,71.27197755577251
230,13,70.10984540927362
230,14,71.56291631547776
230,15,68.40692460513677
230,16,65.67755238448275
230,17,62.4037098698696
230,18,61.51101645738434
230,19,58.8734591464662
230,20,57.90261087935378
230,21,58.20614453161767
230,22,57.954496326127156
230,23,61.42064386452937
230,24,62.14943517895259
230,25,60.49547234882416
230,26,62.24082243516324
230,27,63.85186334354166
230,28,65.20862109533977
230,29,63.99169307561505
230,30,64.81662795398154
230,31,61.316231541134094
230,32,57.71427721098234
230,33,54.266072387219126
230,34,51.545564045821294
230,35,48.32479333167526
230,36,46.38721073547299
230,37,44.887663947225185
230,38,45.657266685171855
230,39,45.67798873050769
230,40,43.36386663589207
230,41,43.99037684719059
230,42,41.89242405098809
230,43,39.784282756336864
230,44,36.388620241383386
230,45,36.86774936535376
230,46,34.526128285634975
230,47,34.78677574909348
230,48,33.44144155088855
230,49,30.070089070702846
230,50,28.387329811994025
230,51,28.963878160755193
230,52,27.389631993755007
230,53,29.677529984954283
230,54,28.084118984088814
230,55,31.48043528574638
230,56,31.01657445617763
230,57,27.234499615380088
230,58,24.875006062240583
230,59,21.526256319259772
230,60,19.82019976550246
230,61,22.267620733741445
230,62,21.499680828013094
230,63,17.724930965479274
230,64,18.420584561635323
230,65,21.26041881935958
230,66,24.483705496438905
230,67,27.177765722715957
230,68,29.178700986493233
230,69,26.12786407218103
230,70,25.492031092772095
230,71,27.050943254260496
230,72,24.03364122609151
230,73,21.59707710231285
230,74,19.85970140382785
230,75,21.840140112070717
230,76,21.44093296886398
230,77,23.369558691547173
230,78,24.446704719657713
230,79,25.731754120871283
230,80,25.05491632186174
230,81,28.21729563850329
230,82,28.254495797311204
230,83,31.724843928840144
230,84,33.56247550490803
230,85,34.56041468855764
230,86,31.00066326490405
230,87,30.557846370614435
230,88,28.315894086293756
230,89,29.875007598483837
230,90,27.44052040255958
230,91,26.581085742655
230,92,26.93805777418994
230,93,23.603682597846838
230,94,22.451606043261684
230,95,19.368963702295005
230,96,19.19149456283926
230,97,18.61722624487514
230,98,19.458908529520837
230,99,20.27829271229032
230,100,16.913655466311198
230,101,15.067199548843956
230,102,18.093954896232468
230,103,17.929587798548543
230,104,14.43484757053509
230,105,14.990599256694667
230,106,18.492977622097975
230,107,17.560470992628435
230,108,15.23403739459468
230,109,18.370731610405485
230,110,17.28221039662424
230,111,16.765792538413073
230,112,16.000848276017393
230,113,14.650719766800599
230,114,14.048072631193643
230,115,15.248039649296514
230,116,14.000081527178082
230,117,16.316442042152275
230,118,15.614737432427916
230,119,18.75676940131598
230,120,20.11950445735486
230,121,23.207932120114172
230,122,26.093972785206866
230,123,25.2215947063562
230,124,26.419231986429516
230,125,23.949049425607452
230,126,24.430489134003455
230,127,26.076423472769974
230,128,27.981916554247096
230,129,30.13090240630564
230,130,33.290814119586734
230,131,31.788709410186463
230,132,29.341958263501773
230,133,31.72641301542788
230,134,30.715015293713538
230,135,34.12652990367045
230,136,36.92878989515655
230,137,34.93831536691998
230,138,32.08609891717479
230,139,28.451043974853395
230,140,25.021133873462432
230,141,21.949952653670685
230,142,21.211136212251553
230,143,17.40284032457709
230,144,17.633484944760426
230,145,19.317206179153008
230,146,21.869729632982803
230,147,22.534801709467228
230,148,25.927418539412415
230,149,28.31584027224035
230,150,29.59305711244634
230,151,33.017474353891906
230,152,33.75511810343046
230,153,30.634870262928196
230,154,26.97821410112659
230,155,25.378304463337297
230,156,22.565124370312855
230,157,19.52585205549208
230,158,17.082608293366437
230,159,14.687784381825372
230,160,11.807077534717525
230,161,9.72756321031303
230,162,8.486787458676066
230,163,6.810521002823156
230,164,10.17778564272421
230,165,10.261316812877423
230,166,10.891535763821455
230,167,8.913087622267021
230,168,5.850835454006417
230,169,5.304181883700122
230,170,6.701956798714879
230,171,7.874445527597462
230,172,11.372264806678032
230,173,13.245831279004664
230,174,16.437084327642513
230,175,19.231691002420835
230,176,22.842100177578615
230,177,25.62006459744379
230,178,28.987915243445773
230,179,32.35204750714467
230,180,34.52146652767102
230,181,34.394789524151314
230,182,35.77950737390973
230,183,32.99429831038251
230,184,30.482544159733163
230,185,32.299290628352225
230,186,33.20829249214984
230,187,29.548805472288226
230,188,27.665236912460834
230,189,30.77812095851941
230,190,29.514112379996696
230,191,31.188133791638695
230,192,28.032455593858433
230,193,24.480397002677357
230,194,21.14676175854763
230,195,17.491030067596412
230,196,14.861358870735682
230,197,11.11034947144728
230,198,9.389086117394756
230,199,6.957438444962234
230,200,9.033459667991414
230,201,9.098370189582976
230,202,9.511566895978877
230,203,11.725210849552425
230,204,13.035191391760842
230,205,16.42685011176411
230,206,18.738817840230077
230,207,22.36323677216947
230,208,23.93840907421119
230,209,27.101229406345972
230,210,30.120122928729938
230,211,32.17673128350732
230,212,34.41754568719299
230,213,33.205576081709175
230,214,35.13537293672735
230,215,35.456975570731196
230,216,33.2349848277128
230,217,34.04681607197718
230,218,35.88578419333585
230,219,33.21397124738868
230,220,32.937279842661226
230,221,29.54895508334801
230,222,26.178350239888864
230,223,22.47129036907926
230,224,19.938087462904956
230,225,16.788684747296212
230,226,13.453091253658874
230,227,10.012817204816244
230,228,6.456292362670202
230,229,3.805859509771393
230,231,3.795381723466529
230,232,6.615679161216121
230,233,8.18340710783017
230,234,5.942341242172585
230,235,6.602397064389169
230,236,6.648596256456542
230,237,10.185841951918627
230,238,12.444012186044535
230,239,15.870624691183233
230,240,18.771051107054486
230,241,22.555115806519474
230,242,23.122381780710317
230,243,22.327747170198123
230,244,18.871027274752564
230,245,18.2009251270518
230,246,15.609942316806352
230,247,13.383577937164945
230,248,14.831877273877122
230,249,11.912318217028638
230,250,9.454937993171596
230,251,10.734223060406563
230,252,11.026327793329848
230,253,10.591821623333018
230,254,13.622998198652233
230,255,15.7996711565838
230,256,19.463959332870296
230,257,22.46809208745641
230,258,21.492216018572986
230,259,22.44002220814413
230,260,24.05650057786354
230,261,27.632076521039505
230,262,29.806404324162894
230,263,33.09764264879043
230,264,35.87088924148316
230,265,37.379544373001444
230,266,37.99543145878751
230,267,36.66698143428546
230,268,39.38026199014682
230,269,39.93464775068024
230,270,40.34338645421468
230,271,38.7862244640314
230,272,37.72213877462827
230,273,35.209592966000365
230,274,35.03661782013637
230,275,33.871144550780954
230,276,34.7190248553011
230,277,34.63325869774001
230,278,38.38859650767188
230,279,37.843409390749315
230,280,37.943928588940445
230,281,40.16000600429493
230,282,41.649676739810424
230,283,40.90411494175778
230,284,44.416867823640565
230,285,44.83592892994216
230,286,43.01508892735611
230,287,42.631936333876354
230,288,41.79645254173041
230,289,42.59699075434871
230,290,40.92147130632926
230,291,37.56401128131675
230,292,35.29643985734636
230,293,32.33990518129665
230,294,32.103986670777076
230,295,29.965540278016995
230,296,30.962833135512486
230,297,33.898681316083206
230,298,35.85160296911452
230,299,38.75270028286287
230,300,38.113709778579164
230,301,38.649238914438484
230,302,41.82063597431768
230,303,43.98781668700006
230,304,47.23201774021875
230,305,48.37983097735027
230,306,50.61856876598631
230,307,51.10752683920965
230,308,54.020407951583664
230,309,54.08765894040752
230,310,57.67703827213404
230,311,58.43150527092141
230,312,62.1809454754039
230,313,64.87187471165882
230,314,66.63656584934189
230,315,68.60462547236465
230,316,72.25634633097441
230,317,74.38655628480679
230,318,78.07860234510258
231,1,97.17324721571617
231,2,97.2451066390007
231,3,93.72561317574127
231,4,90.33152379169749
231,5,87.31662429552375
231,6,83.65489024278524
231,7,81.01577707708935
231,8,77.27240949500705
231,9,74.95663524790595
231,10,71.62150485659657
231,11,70.76154141684702
231,12,70.28681735281113
231,13,69.30140588443305
231,14,70.93514879307544
231,15,67.87875187409804
231,16,65.032202489266
231,17,61.80646375634923
231,18,60.92304806625913
231,19,58.14713844653205
231,20,57.124522733194546
231,21,57.21767972158728
231,22,56.89949317519423
231,23,60.44559489804755
231,24,61.33449235286146
231,25,59.88568510481271
231,26,61.62699803239835
231,27,63.06953866868228
231,28,64.45584709822631
231,29,63.092486895183264
231,30,63.912341964451706
231,31,60.458385263632174
231,32,56.89116904819413
231,33,53.49082329440255
231,34,50.944314379158605
231,35,47.61691316262877
231,36,45.94340558101093
231,37,44.606513147479966
231,38,45.677036975695266
231,39,45.852258831814815
231,40,43.64535900818194
231,41,44.402304681155655
231,42,42.579293207803744
231,43,40.432019502710645
231,44,36.90243541008582
231,45,37.11006400145037
231,46,34.79240653678845
231,47,34.636923265594156
231,48,33.00896434743543
231,49,29.831840406736838
231,50,28.498945113072125
231,51,29.493398592490976
231,52,28.361405505012648
231,53,30.97596197066976
231,54,29.783729223083647
231,55,33.333413369038006
231,56,33.236491647827265
231,57,29.478390472756452
231,58,27.045753768379605
231,59,23.511527697799494
231,60,22.270511539044954
231,61,24.92752849486217
231,62,23.872617984284986
231,63,20.201817967663803
231,64,21.39444824910501
231,65,24.10695640462614
231,66,27.415071597807113
231,67,30.050656659678133
231,68,31.817820820308572
231,69,28.559459177494762
231,70,27.89246083679106
231,71,29.051642022405243
231,72,25.87703115416568
231,73,23.512514911845177
231,74,21.269299872937985
231,75,22.99417296989171
231,76,22.067922438151477
231,77,23.801492221919016
231,78,24.463588635546017
231,79,26.152068644675058
231,80,26.023479047531783
231,81,29.385194434545244
231,82,29.842612331360353
231,83,33.46523634632055
231,84,35.50788605296374
231,85,36.729471073209766
231,86,33.292065296476665
231,87,33.18980149281487
231,88,31.206498554453002
231,89,32.94259157677752
231,90,30.704443162505626
231,91,30.04261347393195
231,92,30.335052409814736
231,93,26.95740815555953
231,94,25.630735309407836
231,95,22.34461015489383
231,96,21.943170138315555
231,97,20.862775741028436
231,98,21.79254417455297
231,99,22.036701400122222
231,100,18.450593343635227
231,101,17.06083650989892
231,102,19.83122958662035
231,103,18.980304501157654
231,104,15.32111233770645
231,105,16.28611038751123
231,106,19.397800717808835
231,107,17.748488209767906
231,108,15.405015593650763
231,109,18.726462549577562
231,110,18.032660225820823
231,111,18.23994988571721
231,112,17.207294897320438
231,113,16.477934331786948
231,114,15.757029544513479
231,115,17.48419423669938
231,116,16.270090512296555
231,117,18.660082324869737
231,118,18.474093892128003
231,119,21.60078707559723
231,120,23.31728366860841
231,121,26.274230205169804
231,122,29.338180127743303
231,123,28.677670190746714
231,124,29.91551859882429
231,125,27.410001425429048
231,126,27.877654556670624
231,127,29.68510993991188
231,128,31.54631987813576
231,129,33.71272124276577
231,130,36.79789599914308
231,131,35.23834139467176
231,132,32.69017527990956
231,133,34.98044576140635
231,134,33.78411070947889
231,135,37.09992192449868
231,136,40.05142712330813
231,137,38.218654042198416
231,138,35.486699146850114
231,139,31.797983940261094
231,140,28.41827278759616
231,141,25.221345795155166
231,142,24.2450528522871
231,143,20.48710184085637
231,144,21.0935751079838
231,145,22.864865204798885
231,146,25.55672317659769
231,147,26.215355452712913
231,148,29.62832083375431
231,149,31.941614349483523
231,150,33.076779379214024
231,151,36.45818179447484
231,152,37.275886499501404
231,153,34.1026072062927
231,154,30.493376815801646
231,155,28.700244461010765
231,156,25.812560805555897
231,157,22.78604532195169
231,158,20.041571972002707
231,159,17.544030787441475
231,160,14.252253199113225
231,161,12.032377662669207
231,162,9.663364986366787
231,163,7.033011287865718
231,164,9.261217273851189
231,165,8.86061276127542
231,166,8.373179121733468
231,167,6.947864736728303
231,168,4.876882080098685
231,169,6.746005575767732
231,170,9.135531694457793
231,171,11.23918141859819
231,172,14.776143181379847
231,173,16.94192029672789
231,174,20.14115115893992
231,175,22.955850765115827
231,176,26.588323652841222
231,177,29.296381698503435
231,178,32.714616169687936
231,179,36.03477150712468
231,180,38.23653838753016
231,181,38.09840576829842
231,182,39.54097805204186
231,183,36.77940633148048
231,184,34.23767482652246
231,185,36.026274604336244
231,186,36.97129340450906
231,187,33.31628890012336
231,188,31.381789968082213
231,189,34.43478595494886
231,190,33.09145839451534
231,191,34.767657649660244
231,192,31.561794098997385
231,193,28.058701320074803
231,194,24.633620758502843
231,195,21.057052801602122
231,196,18.199097835449564
231,197,14.545735523753779
231,198,12.259673259853807
231,199,9.09575302724213
231,200,9.743010055060308
231,201,9.605713996786855
231,202,11.258130106423868
231,203,14.185105750647244
231,204,16.01728290855815
231,205,19.52690917007116
231,206,22.068803884025968
231,207,25.744414687402127
231,208,27.49350923725615
231,209,30.59939705540054
231,210,33.71489042317036
231,211,35.712320793787256
231,212,37.96903581845389
231,213,36.64935473867042
231,214,38.49799846657016
231,215,38.879415809087305
231,216,36.576034663586185
231,217,37.40376493426353
231,218,39.3867742840796
231,219,36.78930062141926
231,220,36.51671634267545
231,221,33.19080812151417
231,222,29.754269324863746
231,223,26.070518103823176
231,224,23.415305202447154
231,225,20.19231156169661
231,226,16.803646879452213
231,227,13.243617397034145
231,228,9.76740779550003
231,229,6.383626545042754
231,230,3.795381723466529
231,232,3.8195440261589235
231,233,6.249685577921767
231,234,5.562493493698207
231,235,8.117287700553993
231,236,9.620709032665838
231,237,13.126137749614822
231,238,15.84715013648596
231,239,19.165084967438748
231,240,22.265969484395526
231,241,26.036488232528185
231,242,26.792177076390587
231,243,26.092287905416914
231,244,22.65010123808771
231,245,21.975234614895545
231,246,19.32058035737522
231,247,16.919468364024286
231,248,17.977202447755943
231,249,14.71197012520615
231,250,11.960570567534266
231,251,12.613941014145716
231,252,11.744678482712734
231,253,10.712359285283972
231,254,12.912087349661295
231,255,14.658176142933344
231,256,18.397769571516594
231,257,21.71305109281972
231,258,21.37511345013987
231,259,22.739908175456527
231,260,24.88321945589286
231,261,28.536352216577523
231,262,31.068543164312565
231,263,34.291196845347564
231,264,37.247252802315664
231,265,38.4564796167063
231,266,39.07458300409167
231,267,37.49624035713851
231,268,39.97815863740789
231,269,40.27399218187163
231,270,40.3864210457139
231,271,38.52114877702112
231,272,37.40537484614286
231,273,34.66482797983373
231,274,34.72265492358897
231,275,33.96222382867454
231,276,35.055416413876266
231,277,35.379340439322924
231,278,39.0800838657269
231,279,38.36735213320964
231,280,38.10951398258453
231,281,40.079725914578844
231,282,41.24643664581287
231,283,40.208382554616776
231,284,43.57766455696075
231,285,44.049313715395854
231,286,42.09372896990634
231,287,41.99567553643514
231,288,41.48709244588275
231,289,42.586378073705454
231,290,41.14323657445382
231,291,37.876013688304795
231,292,35.450505291530646
231,293,32.650306802521044
231,294,32.11929012813036
231,295,29.806100287664695
231,296,30.404808249478634
231,297,33.05486890539796
231,298,35.22875826180946
231,299,38.073902527725224
231,300,37.454006989727546
231,301,38.32881987878276
231,302,41.506095759511716
231,303,43.91324266819527
231,304,47.05313071343753
231,305,48.33595626048774
231,306,50.344302688625234
231,307,50.556717901879075
231,308,53.347649855033445
231,309,53.15577543448382
231,310,56.664062883440515
231,311,57.31214381860415
231,312,61.02725757908863
231,313,63.670643171704874
231,314,65.5637215455575
231,315,67.67312593227747
231,316,71.3168970060773
231,317,73.56383434904146
231,318,77.23405881351437
232,1,98.23330177995187
232,2,98.28137121586204
232,3,94.81713579201745
232,4,91.43862776993458
232,5,88.52040763857256
232,6,84.81666318879817
232,7,82.29828344221839
232,8,78.54926820884549
232,9,76.3400886352026
232,10,73.03287615016536
232,11,72.20891969055887
232,12,71.90095534778094
232,13,70.97696169059542
232,14,72.73978720615287
232,15,69.79219008606675
232,16,66.94117948930709
232,17,63.81755251801848
232,18,63.08024002250756
232,19,60.28610910181863
232,20,59.36492657071722
232,21,59.389720769973145
232,22,59.14604564626849
232,23,62.757526686578366
232,24,63.671465107134686
232,25,62.32386878109698
232,26,63.95033930316405
232,27,65.22105049700042
232,28,66.50346507663527
232,29,64.96253113278456
232,30,65.63691740710176
232,31,62.16743847122652
232,32,58.677551897860404
232,33,55.25045929173293
232,34,52.87215600411344
232,35,49.56248649081879
232,36,48.07621122738347
232,37,46.67357817196169
232,38,47.93262828576095
232,39,47.99443565038575
232,40,45.68050954057569
232,41,46.27794525955364
232,42,44.626474733352
232,43,42.25965813382522
232,44,38.639573038427876
232,45,38.50905210834213
232,46,35.96496090937751
232,47,35.57277304216304
232,48,33.83555535902211
232,49,30.899340319189005
232,50,29.51826065247146
232,51,30.899675100589544
232,52,29.85505550227336
232,53,32.70608639118024
232,54,31.746708145799637
232,55,35.30617504514153
232,56,35.384352066038545
232,57,31.678747916819297
232,58,29.530211334602598
232,59,25.91265928479644
232,60,24.900505406586294
232,61,27.30022549895199
232,62,25.844529541750855
232,63,22.277192021061904
232,64,23.524164485564018
232,65,25.850839703721185
232,66,29.361370451604614
232,67,31.661320825531554
232,68,33.51017804273343
232,69,30.23981442099456
232,70,29.150041204344916
232,71,30.13624253613835
232,72,27.134111962750747
232,73,24.471487870433137
232,74,21.90692346706644
232,75,23.88605189622244
232,76,23.011552746075484
232,77,25.04612593549333
232,78,25.82902395169642
232,79,27.93530008915147
232,80,28.01314362584887
232,81,31.541434929596523
232,82,32.27080719751585
232,83,35.91530025093588
232,84,38.184696968403316
232,85,39.24409676099858
232,86,35.78895190453281
232,87,35.75135093589134
232,88,33.731107334695515
232,89,35.24754969387672
232,90,32.94791016992829
232,91,32.459164332184606
232,92,33.090332906908365
232,93,29.87001810122855
232,94,28.838755885104085
232,95,25.676903489431965
232,96,25.520189289874157
232,97,24.525789341429732
232,98,25.24029603539727
232,99,25.476631805923642
232,100,21.953775963848788
232,101,20.3582086590023
232,102,22.87972474807459
232,103,22.027238178700323
232,104,18.263957484799512
232,105,18.830156442469118
232,106,21.79677295020758
232,107,20.034915103467736
232,108,17.275707300103228
232,109,20.27979170656629
232,110,19.25699872844781
232,111,19.52883057671126
232,112,17.7882521563501
232,113,17.03463973572947
232,114,15.610785303787562
232,115,17.35386608587381
232,116,15.831945433472304
232,117,18.013592078690678
232,118,18.444074154857514
232,119,21.46040897678514
232,120,23.70918492721458
232,121,26.46843250589191
232,122,29.806778215088176
232,123,29.486377422938673
232,124,30.759436259098635
232,125,28.26230727096991
232,126,28.90226133547636
232,127,31.092632937717497
232,128,33.126034883577674
232,129,35.579560834425166
232,130,38.698773452114274
232,131,37.40657778761908
232,132,34.64811041993757
232,133,36.6461274140609
232,134,35.133901082439785
232,135,38.269881228042806
232,136,41.2897530432907
232,137,39.492343074710796
232,138,36.97299219411066
232,139,33.26007353957285
232,140,30.098499803353718
232,141,26.992351747368193
232,142,25.546879238157683
232,143,21.88482063761965
232,144,22.74888671716939
232,145,24.234647204247842
232,146,27.176445069269846
232,147,27.613406004833543
232,148,31.069373111522385
232,149,33.180189140306624
232,150,33.908881254401265
232,151,37.20861377050815
232,152,38.321143837310046
232,153,35.16542824474254
232,154,31.711238766974034
232,155,29.71220748482922
232,156,26.98787834563376
232,157,23.781500038413046
232,158,20.797545476417824
232,159,17.92827514762889
232,160,14.322825924130797
232,161,11.779930003524731
232,162,8.602654726306072
232,163,5.418225352652265
232,164,6.149105344969945
232,165,5.862149407806699
232,166,5.512514379056099
232,167,5.890128493416923
232,168,6.047839645516184
232,169,8.140963038047476
232,170,11.461964216436007
232,171,13.480813627729969
232,172,17.232879233154627
232,173,19.36641491358655
232,174,22.76880753592927
232,175,25.61512364378815
232,176,29.14337972512397
232,177,32.070062061517866
232,178,35.332450660945376
232,179,38.78006510183029
232,180,40.84270400073068
232,181,40.5566588472447
232,182,41.77848099751424
232,183,39.024932437967344
232,184,36.492732932147945
232,185,38.016823867719204
232,186,38.79453166467102
232,187,35.11471139555221
232,188,33.165648437009914
232,189,36.15992122329919
232,190,34.99126337209224
232,191,36.967982941756446
232,192,33.93733912569968
232,193,30.349113141199773
232,194,27.020765281636244
232,195,23.455523705010634
232,196,20.59089281946024
232,197,16.94998440193552
232,198,14.589401133259335
232,199,11.209313408584894
232,200,11.376158768217339
232,201,12.19059227377972
232,202,14.307508376323632
232,203,17.068216171508563
232,204,19.122573097460222
232,205,22.424612598459504
232,206,25.053812348915084
232,207,28.617351698615554
232,208,30.346785135472697
232,209,33.606962115783006
232,210,36.57540225493734
232,211,38.73302994605571
232,212,40.97649970364742
232,213,39.775888339867066
232,214,41.63399981537916
232,215,41.82159057066269
232,216,39.44506157470594
232,217,40.02269542860477
232,218,41.96084845959977
232,219,39.43320818539027
232,220,39.35422438292445
232,221,35.94823212194191
232,222,32.6138582959773
232,223,28.86720251329735
232,224,26.475181549032406
232,225,23.218405278198436
232,226,19.995750438668864
232,227,16.431742185675258
232,228,13.016815612312442
232,229,9.772727676451176
232,230,6.615679161216121
232,231,3.8195440261589235
232,233,3.779591544183001
232,234,5.550280514980853
232,235,8.358790738652441
232,236,10.833921058999344
232,237,14.343447512203637
232,238,17.38755715956274
232,239,20.75555461471724
232,240,24.049350847272276
232,241,27.74105616267626
232,242,28.72301859321169
232,243,28.302142137164314
232,244,24.716491813433645
232,245,24.031653129332238
232,246,20.994163460776935
232,247,18.432650919583484
232,248,18.80965014215151
232,249,15.335917361895824
232,250,12.943857545993877
232,251,13.86091897033167
232,252,12.499439924778617
232,253,12.147091319443726
232,254,14.008680158049023
232,255,16.019112546953384
232,256,19.634784641045677
232,257,23.187276519472718
232,258,23.099402804954078
232,259,24.94798103288216
232,260,27.293172275776286
232,261,31.032024148755145
232,262,33.71724040106689
232,263,36.75987159382987
232,264,39.62793726386853
232,265,40.61143997132402
232,266,40.94886285711667
232,267,39.095180285139776
232,268,41.34861602624609
232,269,41.32031908969993
232,270,41.454845427040034
232,271,39.53584960872614
232,272,38.68912651832365
232,273,35.985060679695394
232,274,36.42054539494058
232,275,35.883308398062674
232,276,37.29930931686169
232,277,37.79827042189725
232,278,41.42542699136605
232,279,40.42193466250335
232,280,39.93192441720816
232,281,41.910910111819476
232,282,42.85029635410639
232,283,41.784170782075805
232,284,45.045394964709125
232,285,45.77049183347808
232,286,43.912328201558545
232,287,44.09349160730586
232,288,43.7214446810939
232,289,45.048767555823524
232,290,43.585145784539286
232,291,40.46486245470672
232,292,38.13735390750613
232,293,35.28561959000894
232,294,34.433355158628565
232,295,31.841268314288282
232,296,32.06922047724497
232,297,34.59503343362627
232,298,37.063092115465025
232,299,40.02102169376548
232,300,39.64361784860852
232,301,40.77808307001268
232,302,44.05052748408821
232,303,46.62772579891537
232,304,49.6354857592137
232,305,50.84052403533406
232,306,52.68421206358441
232,307,52.78069984875627
232,308,55.41317884083165
232,309,55.03709646519463
232,310,58.45809936756716
232,311,58.89288877064083
232,312,62.59703365841772
232,313,65.30074794641921
232,314,67.36254853314968
232,315,69.49366004964604
232,316,73.16152874568813
232,317,75.40865866951324
232,318,79.02999214921101
233,1,101.73770707157904
233,2,101.72941984114556
233,3,98.2612708136916
233,4,94.91102568932371
233,5,91.99945811573862
233,6,88.29197906736341
233,7,85.78756095722306
233,8,82.02846780077198
233,9,79.85695184197724
233,10,76.58007865046976
233,11,75.81430721328238
233,12,75.52114554376568
233,13,74.63629867007626
233,14,76.40563830147526
233,15,73.44578585305821
233,16,70.56695734625586
233,17,67.4160616347908
233,18,66.60819931348412
233,19,63.77264143963346
233,20,62.75802749738052
233,21,62.709653138273026
233,22,62.346959539164665
233,23,65.94580700567687
233,24,66.95238871105327
233,25,65.64116705369044
233,26,67.35756024968505
233,27,68.66652957078867
233,28,70.0251252332793
233,29,68.51705346123327
233,30,69.25176750430315
233,31,65.80695043473726
233,32,62.303291093700075
233,33,58.903701788371706
233,34,56.512739602623874
233,35,53.169969670114845
233,36,51.67321972993096
233,37,50.32694915788078
233,38,51.54643790955923
233,39,51.64764424630885
233,40,49.349969336960086
233,41,49.953316764025736
233,42,48.22880433230748
233,43,45.88274300017895
233,44,42.28998085415771
233,45,42.21035387406042
233,46,39.632887119752624
233,47,39.29498886716329
233,48,37.581370338412164
233,49,34.6458254118411
233,50,33.18749275232565
233,51,34.510475510517644
233,52,33.3165295059307
233,53,36.06720817039259
233,54,34.924671486176074
233,55,38.4091571251944
233,56,38.26349822455511
233,57,34.534416351019566
233,58,32.42361966191142
233,59,28.908408641713436
233,60,27.570482765450837
233,61,29.826662348167737
233,62,28.555399446613734
233,63,24.90656599459107
233,64,25.711622407169138
233,65,28.061526851796867
233,66,31.554048370863025
233,67,33.79561307509982
233,68,35.93329758709928
233,69,32.844736336985136
233,70,31.60792180935253
233,71,32.86634573683918
233,72,30.04229052025146
233,73,27.182133558936428
233,74,24.81535618986306
233,75,27.076736849253372
233,76,26.46734770431113
233,77,28.64316113257878
233,78,29.542178951317613
233,79,31.575135652012545
233,80,31.494300848100508
233,81,34.9597323382981
233,82,35.49425852381779
233,83,39.076125090529416
233,84,41.20435588832143
233,85,42.161240470901525
233,86,38.61833415613704
233,87,38.31039582789593
233,88,36.04695894220766
233,89,37.358355925564496
233,90,34.79143490743222
233,91,34.00130333274477
233,92,34.696751187582734
233,93,31.493184958093515
233,94,30.50913685748431
233,95,27.512451140142975
233,96,27.187284299092898
233,97,26.550018322221284
233,98,27.561697955401595
233,99,28.105979569340853
233,100,24.56934886894212
233,101,22.99717632220211
233,102,25.803632514048203
233,103,25.151385439241345
233,104,21.453340481910836
233,105,22.059935680658185
233,106,25.207061043167343
233,107,23.59200449761325
233,108,20.88996945697338
233,109,23.893244026850816
233,110,22.69388950317717
233,111,22.627283078491107
233,112,20.763373737326507
233,113,19.51568873761627
233,114,17.609840785047812
233,115,18.694441227301873
233,116,16.466964631804633
233,117,17.915924922730035
233,118,18.107244813073834
233,119,20.62795869960377
233,120,22.916413322861715
233,121,25.265132593155133
233,122,28.671301692375913
233,123,28.807920370719156
233,124,30.48481782469272
233,125,28.354940352382663
233,126,29.479277701857107
233,127,31.68114474094764
233,128,34.06131490778977
233,129,36.68216822012645
233,130,39.98890986103203
233,131,38.91758410603181
233,132,36.274706627972904
233,133,38.28514391032871
233,134,36.86461418380607
233,135,40.0181691885956
233,136,42.85929876037575
233,137,40.807008858932726
233,138,38.22076221477769
233,139,34.5992749586691
233,140,31.499700845796728
233,141,28.666769186003798
233,142,27.281442501260692
233,143,23.60334897164236
233,144,24.01666210774819
233,145,24.97554440182309
233,146,27.71848694636668
233,147,27.63507363018459
233,148,30.88417351889541
233,149,32.6154770322
233,150,33.17739333591427
233,151,36.274919273505446
233,152,37.33412103602217
233,153,34.032929610696186
233,154,30.710839059594853
233,155,28.339887678368935
233,156,25.518629082302745
233,157,22.463417176879897
233,158,19.140413471174934
233,159,16.448909545585856
233,160,12.676629284090723
233,161,10.828194520706264
233,162,7.183544609105232
233,163,5.467319656764922
233,164,5.718520334389387
233,165,7.547307338426945
233,166,8.194215632947275
233,167,9.487308065608937
233,168,9.573894018804912
233,169,10.892860117111201
233,170,14.006594637837027
233,171,15.244821374702543
233,172,18.962732595713433
233,173,20.48535746259215
233,174,23.717243345335994
233,175,26.190480159662126
233,176,29.717580547349378
233,177,32.61879123367618
233,178,35.75813817836349
233,179,39.28510284792783
233,180,41.04262950064576
233,181,40.40818888777166
233,182,41.637228217238295
233,183,39.11898141268394
233,184,36.36434610678342
233,185,37.57440371322831
233,186,38.519580250312785
233,187,34.94727715466289
233,188,32.69729284367281
233,189,35.42741259112425
233,190,34.11917165848441
233,191,36.25912863680677
233,192,33.31466374520901
233,193,29.78559969767674
233,194,26.43656531183938
233,195,23.08718389420989
233,196,19.976351476276196
233,197,16.612805512127384
233,198,13.84973186987955
233,199,10.295867932967496
233,200,9.717551494263919
233,201,11.542606020367684
233,202,14.0618142409543
233,203,16.57915873752155
233,204,19.12376568843535
233,205,22.10038571066024
233,206,25.049172268898285
233,207,28.441865833993266
233,208,30.46114532593149
233,209,33.893677076508446
233,210,36.79876378761098
233,211,39.233785052078524
233,212,41.70121262329813
233,213,40.815948266354376
233,214,42.95166928588922
233,215,43.23024964537342
233,216,41.080876606006385
233,217,41.71447191728145
233,218,43.378068988032425
233,219,40.657525030857144
233,220,40.41623528298211
233,221,36.86908663302845
233,222,33.71019767863989
233,223,29.989432835236855
233,224,27.662719600451197
233,225,24.698661410926245
233,226,21.389763041670037
233,227,18.121260861703327
233,228,14.485534124308039
233,229,11.849877540441174
233,230,8.18340710783017
233,231,6.249685577921767
233,232,3.779591544183001
233,234,3.800116283680616
233,235,6.764692515675547
233,236,10.174951191361425
233,237,13.105586374186988
233,238,16.587761268137385
233,239,19.61745925265819
233,240,23.172272979909813
233,241,26.725841863702943
233,242,28.182040096744867
233,243,28.265371844509414
233,244,24.767323397203395
233,245,24.604633699674842
233,246,21.456661411825323
233,247,19.37159655012353
233,248,19.81567566892292
233,249,16.660986647984323
233,250,14.95446125911216
233,251,16.589852140192825
233,252,15.720948426329015
233,253,15.701541222973919
233,254,17.758241460677123
233,255,19.76616223589168
233,256,23.397333374002244
233,257,26.941363130842845
233,258,26.808788616714427
233,259,28.537270556400713
233,260,30.75298748323028
233,261,34.466096189999014
233,262,37.01904006031883
233,263,40.1401110085095
233,264,42.96821535580028
233,265,44.087945741299976
233,266,44.43488616382299
233,267,42.650924024482954
233,268,44.959743993633886
233,269,44.95578654720095
233,270,45.16664853427877
233,271,43.28875627429031
233,272,42.46190982083917
233,273,39.76114122067043
233,274,40.16241016990299
233,275,39.577353968529025
233,276,40.90587853797093
233,277,41.30383334842272
233,278,44.96693670544308
233,279,44.048741679168934
233,280,43.63838606706047
233,281,45.63389983678092
233,282,46.60453873636142
233,283,45.51511841778286
233,284,48.77002488240277
233,285,49.443137838461666
233,286,47.51282123719684
233,287,47.660001491420594
233,288,47.30368689157895
233,289,48.56605424182423
233,290,47.13123664558353
233,291,43.94271656345845
233,292,41.54690623340844
233,293,38.736584735671876
233,294,38.02053300916496
233,295,35.51231512478687
233,296,35.80430139097515
233,297,38.31629578097579
233,298,40.745397403985734
233,299,43.648719630929484
233,300,43.16224827777082
233,301,44.243048036878236
233,302,47.44573600394729
233,303,49.96142534467063
233,304,53.03754521536762
233,305,54.32612018165607
233,306,56.213701111849275
233,307,56.29478527088683
233,308,58.96853714079562
233,309,58.58555671898469
233,310,62.008288552181405
233,311,62.48642350042908
233,312,66.17499195478484
233,313,68.82732764781159
233,314,70.86924609592647
233,315,73.05326310331658
233,316,76.70234426135742
233,317,78.99602454381846
233,318,82.62763880904562
234,1,102.65891335193868
234,2,102.69479962998037
234,3,99.17672215356374
234,4,95.80127672374714
234,5,92.79642013148828
234,6,89.12931589997609
234,7,86.50484239061107
234,8,82.7546254944794
234,9,80.46431575623396
234,10,77.14567338694539
234,11,76.31077221945479
234,12,75.83499226217971
234,13,74.84914300093669
234,14,76.4608416304743
234,15,73.38127015250622
234,16,70.54142742280276
234,17,67.2912892540757
234,18,66.35675174784366
234,19,63.57332840905367
234,20,62.47909231264122
234,21,62.53648414647354
234,22,62.11038255931609
234,23,65.63039719989445
234,24,66.58692320254636
234,25,65.1369761592783
234,26,66.96346020050808
234,27,68.46962880513036
234,28,69.91309336828607
234,29,68.59448059884801
234,30,69.45076343846158
234,31,66.00317099579456
234,32,62.425669394084906
234,33,59.03105042463495
234,34,56.45292613249013
234,35,53.12596473143389
234,36,51.39846263765827
234,37,50.051646986855715
234,38,51.0193393430291
234,39,51.15042768803169
234,40,48.888561589083906
234,41,49.550266424029104
234,42,47.585793676118826
234,43,45.40560117206439
234,44,41.92940059202403
234,45,42.18544708309113
234,46,39.730631320462294
234,47,39.715190119668485
234,48,38.17735794606854
234,49,35.00400464959115
234,50,33.420494294891704
234,51,34.33523620782757
234,52,32.8790107280796
234,53,35.33053349032437
234,54,33.83564051398716
234,55,37.2250885163654
234,56,36.753428149570894
234,57,32.98553734373241
234,58,30.745632385008097
234,59,27.404251169230314
234,60,25.65056186874564
234,61,27.918217836957403
234,62,27.07311824457985
234,63,23.31431758331347
234,64,23.73165409083225
234,65,26.362881201069058
234,66,29.677073386887756
234,67,32.12802092128531
234,68,34.40258143408797
234,69,31.470838667399
234,70,30.46368323231727
234,71,32.07337241756109
234,72,29.256944274046408
234,73,26.487672566205433
234,74,24.554911381451735
234,75,26.84853691793591
234,76,26.470509318002
234,77,28.583662146772244
234,78,29.592849788106033
234,79,31.20931528041634
234,80,30.757315207502643
234,81,34.02216080765572
234,82,34.16651720209827
234,83,37.645751450341336
234,84,39.494943206738576
234,85,40.434439295408026
234,86,36.837799591962785
234,87,36.262269979754414
234,88,33.8427636494758
234,89,35.14583406445037
234,90,32.44818185519294
234,91,31.347495135512027
234,92,31.867057669007917
234,93,28.599383266633076
234,94,27.51344828508333
234,95,24.611013660827997
234,96,24.12882457820059
234,97,23.788206803440126
234,98,25.030992558299758
234,99,25.903068537465145
234,100,22.433896664467298
234,101,20.86969032168791
234,102,23.99082313241776
234,103,23.64931514696898
234,104,20.12351195480272
234,105,20.83568570500321
234,106,24.237762057953212
234,107,22.976928147863724
234,108,20.532248414850347
234,109,23.66448830351861
234,110,22.46476671842793
234,111,22.010756291850836
234,112,20.601605202328372
234,113,18.991011923684372
234,114,17.375931501846452
234,115,18.058106499115752
234,116,15.744128636820971
234,117,17.076151646072525
234,118,16.503792160121982
234,119,18.9505791613165
234,120,20.731962789183097
234,121,23.142528907346335
234,122,26.327425873495528
234,123,26.315026770727652
234,124,28.13425704815922
234,125,26.15616683790509
234,126,27.37125762958483
234,127,29.25330231458457
234,128,31.678423865381017
234,129,34.16363767040311
234,130,37.54864560429151
234,131,36.40810742660499
234,132,33.9972589284037
234,133,36.24107361632085
234,134,35.13973866373878
234,135,38.45648806460374
234,136,41.12718897037417
234,137,38.894298192772766
234,138,36.0900438748046
234,139,32.543182938457804
234,140,29.30627253136881
234,141,26.57916595429414
234,142,25.610250640071744
234,143,21.85157381713234
234,144,21.771991185627776
234,145,22.65143070664601
234,146,25.08655945359795
234,147,24.92445278259189
234,148,28.057182113631715
234,149,29.80895678587031
234,150,30.66416725123935
234,151,33.775422742903665
234,152,34.562281516571055
234,153,31.186598185984
234,154,27.757956402072224
234,155,25.432662508616158
234,156,22.428163202400153
234,157,19.527480003426213
234,158,16.271708155556276
234,159,13.934239245919976
234,160,10.340636667827035
234,161,9.08121179992797
234,162,6.214938962870829
234,163,5.6994832200722945
234,164,7.936222360545906
234,165,9.850257004808569
234,166,10.845651846124358
234,167,10.939922378510126
234,168,9.640764349439962
234,169,10.069812603812045
234,170,12.401863442043839
234,171,13.002805965985056
234,172,16.504349367521034
234,173,17.61292481987322
234,174,20.60271774555923
234,175,22.84838335080087
234,176,26.435452685931036
234,177,29.198241155501744
234,178,32.36958802458871
234,179,35.859655760492224
234,180,37.568996592353436
234,181,36.8907762722252
234,182,38.26257305467457
234,183,35.82698040524725
234,184,32.97247443340872
234,185,34.24991299628564
234,186,35.379678923793136
234,187,31.859095767069107
234,188,29.494879277994567
234,189,32.188531343837404
234,190,30.710797167092423
234,191,32.71337740890668
234,192,29.682647000978506
234,193,26.20180653485682
234,194,22.778300489317004
234,195,19.470485163149224
234,196,16.263225775223923
234,197,12.953420130202286
234,198,10.064078309229705
234,199,6.49915007160442
234,200,6.39610872028906
234,201,8.448301952356411
234,202,10.545056031854203
234,203,12.833339512931698
234,204,15.395348011353827
234,205,18.313775208532878
234,206,21.31804331720054
234,207,24.69817832656656
234,208,26.818650492450523
234,209,30.252947796028867
234,210,33.19759489805012
234,211,35.66951268671296
234,212,38.238006947422896
234,213,37.4507752504882
234,214,39.72569039032011
234,215,40.152100961715405
234,216,38.18443054956878
234,217,39.002124705627175
234,218,40.52515727333709
234,219,37.65389915153674
234,220,37.20911109313738
234,221,33.63818336199607
234,222,30.52109510348423
234,223,26.859215093863295
234,224,24.4454749828623
234,225,21.697923433517918
234,226,18.296048409904525
234,227,15.292644889875191
234,228,11.57158692889834
234,229,9.58288608685702
234,230,5.942341242172585
234,231,5.562493493698207
234,232,5.550280514980853
234,233,3.800116283680616
234,235,3.811468662910067
234,236,7.006888753314227
234,237,9.797156193031007
234,238,13.29117178370307
234,239,16.222127320029095
234,240,19.766270804131576
234,241,23.36651287355146
234,242,24.825759495711832
234,243,24.91766726894521
234,244,21.543471714989938
234,245,21.652047715495993
234,246,18.724958657004635
234,247,17.04127512012716
234,248,18.097095557311594
234,249,15.312772988097564
234,250,13.764487580560635
234,251,15.730711878657544
234,252,15.633897022690045
234,253,15.539024841201233
234,254,18.115612870703938
234,255,20.148140656464182
234,256,23.874203555038335
234,257,27.19529445400557
234,258,26.678100169778336
234,259,27.937437096205333
234,260,29.801883866087685
234,261,33.41594166344675
234,262,35.69109944655347
234,263,38.97086681810547
234,264,41.769081934999605
234,265,43.19058121486447
234,266,43.722367660133536
234,267,42.23307996697596
234,268,44.79619720726164
234,269,45.10947764999608
234,270,45.44096615051772
234,271,43.721972993653104
234,272,42.74246745808515
234,273,40.09672426788168
234,274,40.15909385636415
234,275,39.26597550767811
234,276,40.26894133317315
234,277,40.37030311291221
234,278,44.108840023362525
234,279,43.47089403034006
234,280,43.3698897883634
234,281,45.45790476097646
234,282,46.71005794702105
234,283,45.7404267537876
234,284,49.12577861684914
234,285,49.59529301497816
234,286,47.62622766833698
234,287,47.46920851212999
234,288,46.90402428603393
234,289,47.88193019779878
234,290,46.383966468813455
234,291,43.045322383356
234,292,40.62317849121058
234,293,37.80719779077568
234,294,37.450080175872394
234,295,35.20873736625323
234,296,35.90049186554401
234,297,38.59997807153749
234,298,40.750546478167486
234,299,43.5884746180655
234,300,42.900582330689446
234,301,43.66709849286661
234,302,46.78120029801239
234,303,49.071488463422526
234,304,52.2971998020826
234,305,53.613969985077524
234,306,55.71455115212088
234,307,55.97512426071116
234,308,58.81783012067657
234,309,58.65807079038305
234,310,62.17578376145986
234,311,62.85540835942181
234,312,66.56447079184242
234,313,69.180927193324
234,314,71.05106940641424
234,315,73.18225965346802
234,316,76.8141513854641
234,317,79.07723327796796
234,318,82.75663484265408
235,1,105.04536658039336
235,2,105.18510332213552
235,3,101.66622950398789
235,4,98.24244316519955
235,5,95.20687635521355
235,6,91.5590906780491
235,7,88.88084862000925
235,8,85.15318256331156
235,9,82.76250584953549
235,10,79.37786700051622
235,11,78.39976352070018
235,12,77.80175253162099
235,13,76.6584300040957
235,14,78.13437630302472
235,15,74.99113828635171
235,16,72.26603434923383
235,17,69.00131346452505
235,18,68.10780824155027
235,19,65.45277257764529
235,20,64.44318163330418
235,21,64.68436456417662
235,22,64.34815284183598
235,23,67.81655602062837
235,24,68.6247386714317
235,25,67.0048936444597
235,26,68.79790845412663
235,27,70.41391468810333
235,28,71.79336333403324
235,29,70.5577481329489
235,30,71.36900902097611
235,31,67.86592088807335
235,32,64.27705655705923
235,33,60.82174559876446
235,34,58.128367538691705
235,35,54.90768900095309
235,36,52.98663052012375
235,37,51.45833287597634
235,38,52.19938967344009
235,39,52.13880731695276
235,40,49.73511304048445
235,41,50.20865009267646
235,42,48.037651812647816
235,43,45.820200547109934
235,44,42.45196766613407
235,45,42.84826125835599
235,46,40.29157678581221
235,47,40.59452619300583
235,48,39.290686599277414
235,49,36.0190266731571
235,50,34.09161719492772
235,51,34.746453516391234
235,52,32.904089672547286
235,53,35.10668911314263
235,54,33.31292407076625
235,55,36.513713693206256
235,56,35.72756767250156
235,57,32.00181356953005
235,58,29.99108704567847
235,59,26.860330830250177
235,60,24.76402296065719
235,61,26.64022841776401
235,62,25.946012700784042
235,63,22.215124768551796
235,64,22.074606143130396
235,65,24.584618292465464
235,66,27.833649534824463
235,67,30.1381970123775
235,68,32.71425002057642
235,69,30.061127366457484
235,70,28.890521262612594
235,71,30.854226749059105
235,72,28.33123094368712
235,73,25.382290953007658
235,74,23.87325225764813
235,75,26.508458482049544
235,76,26.666611152533886
235,77,29.05724051143161
235,78,30.483682481247335
235,79,31.873351403396384
235,80,30.990292118528792
235,81,34.10243608862304
235,82,33.9377186014448
235,83,37.24053011857315
235,84,38.95009395827613
235,85,39.58071755067878
235,86,35.88038500039054
235,87,34.960938052748425
235,88,32.257712107777984
235,89,33.222986389764955
235,90,30.27752722742383
235,91,29.00150352144621
235,92,29.75971832381174
235,93,26.680206789510763
235,94,25.951114322859983
235,95,23.421497508595348
235,96,23.250969042772894
235,97,23.48976914448927
235,98,24.569519987683407
235,99,25.974899969719445
235,100,22.78889404536245
235,101,20.802579146071057
235,102,23.991510841817057
235,103,24.25286116465855
235,104,20.874425791968488
235,105,21.107083515695464
235,106,24.736558077751265
235,107,24.04528112024343
235,108,21.49098409959801
235,109,24.346541328937022
235,110,22.697207152613345
235,111,21.605514923781353
235,112,20.17691467977609
235,113,17.939515527222994
235,114,16.079379407448016
235,115,16.006465854117128
235,116,13.306545752116929
235,117,14.144379383476274
235,118,13.106944244207215
235,119,15.337991954089206
235,120,16.983433039567416
235,121,19.351009552302433
235,122,22.51695332683874
235,123,22.559913921925233
235,124,24.482042380146343
235,125,22.668400964572914
235,126,24.13548482848681
235,127,26.015017586687755
235,128,28.650949223927434
235,129,31.275554686458893
235,130,34.77003017518994
235,131,33.87919430427171
235,132,31.531932677921024
235,133,33.71630936845543
235,134,32.69986940178516
235,135,36.01035178857989
235,136,38.49273599767537
235,137,36.065521890967126
235,138,33.23518121150615
235,139,29.79293348205583
235,140,26.665944048203986
235,141,24.24010575513802
235,142,23.329245216783463
235,143,19.655468061918484
235,144,19.169043886218066
235,145,19.59172187956319
235,146,21.898251442755143
235,147,21.446900031899258
235,148,24.501814670698238
235,149,26.12358210832761
235,150,26.895174562055786
235,151,29.97912652268545
235,152,30.80871644931679
235,153,27.45303583410754
235,154,24.063178121177437
235,155,21.738852486021432
235,156,18.858022193884977
235,157,15.826072233761035
235,158,12.609009278608617
235,159,10.133257646847927
235,160,6.577331838462602
235,161,5.713432592025422
235,162,3.9823789262222227
235,163,5.641515198812816
235,164,8.616385901842134
235,165,11.04916721639025
235,166,13.04244013822487
235,167,12.827974356511554
235,168,11.182636185901572
235,169,10.25168907116436
235,170,12.063144620223634
235,171,11.55942759591588
235,172,14.81050511767877
235,173,15.299968237747528
235,174,18.201332952784142
235,175,20.24779141708805
235,176,23.679385267121834
235,177,26.587752221942274
235,178,29.551170066980294
235,179,33.141707382684466
235,180,34.663521024283845
235,181,33.849364351062974
235,182,35.03623016493492
235,183,32.642281007972
235,184,29.787773151774143
235,185,30.875853760787763
235,186,31.91432643048284
235,187,28.411572753656216
235,188,26.02184110706507
235,189,28.68522601121784
235,190,27.362804689159184
235,191,29.56675470564685
235,192,26.721693646646905
235,193,23.16335911296528
235,194,19.921735773312964
235,195,16.63006646008231
235,196,13.650290764177978
235,197,10.434035394222581
235,198,8.102732769586837
235,199,5.495553738057669
235,200,6.929121405679986
235,201,9.650969149444789
235,202,10.587346342171182
235,203,11.779239681765848
235,204,13.93401856915647
235,205,16.38332991387648
235,206,19.201374528805125
235,207,22.349790401558916
235,208,24.307133478482047
235,209,27.886749962397744
235,210,30.598960873668794
235,211,33.25611880305484
235,212,35.821978232037544
235,213,35.2807979991677
235,214,37.6758528742467
235,215,37.95894415571742
235,216,36.10758597709804
235,217,36.792821192262146
235,218,38.071498311813556
235,219,35.14237772207508
235,220,34.75799837494844
235,221,31.08918658441931
235,222,28.18118726330082
235,223,24.5385271713376
235,224,22.468572402674287
235,225,19.951525343476984
235,226,16.823807004637978
235,227,14.234281132078499
235,228,10.82351377924043
235,229,9.93193457672782
235,230,6.602397064389169
235,231,8.117287700553993
235,232,8.358790738652441
235,233,6.764692515675547
235,234,3.811468662910067
235,236,3.7878167586846754
235,237,6.35357092954574
235,238,9.869653015803223
235,239,12.876875255775772
235,240,16.425801873842637
235,241,19.965352333206468
235,242,21.47721219711422
235,243,21.778871789530793
235,244,18.37214136699413
235,245,18.676468537716133
235,246,15.617287528344445
235,247,14.304835770504758
235,248,15.401646800139641
235,249,13.115949246761424
235,250,12.408169567239423
235,251,15.116664912549775
235,252,15.850151155662529
235,253,16.441516601915218
235,254,19.531201134226833
235,255,21.983958963126973
235,256,25.65011275917578
235,257,28.79884036060072
235,258,27.811991556523775
235,259,28.868655259088772
235,260,30.324855294351448
235,261,33.874947339959164
235,262,35.850502642795405
235,263,39.11050266330547
235,264,41.67781525100673
235,265,43.30771056630533
235,266,43.72739709137282
235,267,42.38976399297804
235,268,45.088761700307685
235,269,45.53708696150379
235,270,46.172512552148355
235,271,44.73869321876672
235,272,43.905583020157465
235,273,41.488712948625576
235,274,41.46351049127781
235,275,40.26635461886924
235,276,41.1491836308137
235,277,40.92061855319886
235,278,44.674266726609275
235,279,44.09616687362807
235,280,44.25941892013667
235,281,46.58660216852677
235,282,48.07072840040405
235,283,47.37156023174676
235,284,50.863176337267504
235,285,51.37027929545399
235,286,49.560312458510445
235,287,49.22565305396071
235,288,48.393952282240335
235,289,49.163983284910564
235,290,47.435618244906415
235,291,44.06498315188396
235,292,41.828233899646285
235,293,38.85190334028104
235,294,38.65878284571395
235,295,36.483103819588074
235,296,37.41555900828304
235,297,40.34381058163504
235,298,42.39237212369787
235,299,45.326881331811045
235,300,44.70201466511767
235,301,45.238283264829064
235,302,48.38199987409541
235,303,50.50114825988525
235,304,53.78361607398702
235,305,54.94257484124856
235,306,57.21218353705106
235,307,57.70338214349448
235,308,60.613913589801896
235,309,60.644684063645315
235,310,64.21735715813634
235,311,64.92903830195779
235,312,68.67385936377137
235,313,71.36248153696508
235,314,73.16568720442939
235,315,75.16526840825145
235,316,78.81702406044727
235,317,80.96422267476233
235,318,84.65106392446107
236,1,105.09239390445246
236,2,105.33932575432512
236,3,101.80177591731062
236,4,98.33116002053244
236,5,95.23234766252415
236,6,91.62644209547803
236,7,88.8546469205703
236,8,85.15842459703502
236,9,82.637908969463
236,10,79.1900978085695
236,11,78.07108795899077
236,12,77.30170209052841
236,13,76.00079340669635
236,14,77.3071416950249
236,15,74.07876458552099
236,16,71.46247119244471
236,17,68.16076675977015
236,18,67.25906119091484
236,19,64.73618462020895
236,20,63.78096733057953
236,21,64.21733973774433
236,22,63.95680814168379
236,23,67.34596019840406
236,24,67.99516922587905
236,25,66.1923972588828
236,26,67.9751092269354
236,27,69.73539863798365
236,28,71.08261669480463
236,29,69.98491947839274
236,30,70.80473024730017
236,31,67.2712148831788
236,32,63.658143516304804
236,33,60.175280305107755
236,34,57.33434675490599
236,35,54.217482791622174
236,36,52.07542754994942
236,37,50.425616399453084
236,38,50.90703407380935
236,39,50.73286900603958
236,40,48.27445133092129
236,41,48.66563742059355
236,42,46.282142444600666
236,43,44.146030660118946
236,44,40.925444450662035
236,45,41.57489057212949
236,46,39.072981717557056
236,47,39.720372287708415
236,48,38.656096409181664
236,49,35.23506821436369
236,50,33.09815156937243
236,51,33.37007675539227
236,52,31.227747043665147
236,53,33.11092327316828
236,54,31.014395115108137
236,55,34.04684788133961
236,56,32.97194909026961
236,57,29.28221086454788
236,58,27.331577847200574
236,59,24.43786154384618
236,60,22.015561887872405
236,61,23.690238679695234
236,62,23.304545947293523
236,63,19.603883086610722
236,64,19.02479290167239
236,65,21.63105982231709
236,66,24.70268290551382
236,67,27.0855432441411
236,68,29.780706301438094
236,69,27.32969393715677
236,70,26.30088724111223
236,71,28.566346359048623
236,72,26.17078034055209
236,73,23.31448235342586
236,74,22.303244654260318
236,75,24.97845452063155
236,76,25.488175286339207
236,77,27.891680153772153
236,78,29.55480593551148
236,79,30.56386425249415
236,80,29.27305320765809
236,81,32.15261512508935
236,82,31.644486157985625
236,83,34.77532474199967
236,84,36.283467599482606
236,85,36.757633985641384
236,86,33.01841035366839
236,87,31.849558834783966
236,88,28.99477397602934
236,89,29.846554076998103
236,90,26.79911968496205
236,91,25.3644955400063
236,92,26.12899835678464
236,93,23.115458433356544
236,94,22.54478740245788
236,95,20.255298385294168
236,96,20.318721472751097
236,97,20.9709420511837
236,98,21.90309862074231
236,99,23.718046271305095
236,100,20.83445620487062
236,101,18.578005140542334
236,102,21.816809097187146
236,103,22.58902458680775
236,104,19.484190127492884
236,105,19.432376001558396
236,106,23.196685280710277
236,107,23.04681441656214
236,108,20.646049383710604
236,109,23.312495614069523
236,110,21.510112726574924
236,111,19.9379378494169
236,112,18.91428505915784
236,113,16.335106966112807
236,114,14.856049719314193
236,115,14.35099950115732
236,116,11.893600389443682
236,117,12.77490574522796
236,118,10.99878464015001
236,119,13.36245119732675
236,120,14.423395204998153
236,121,17.12651436819987
236,122,20.02166431749468
236,123,19.623701415766625
236,124,21.409865319855314
236,125,19.547497478635783
236,126,20.911282109411285
236,127,22.544483922988153
236,128,25.133810537955522
236,129,27.656468670443505
236,130,31.172378083327246
236,131,30.257681577147654
236,132,28.03636872617274
236,133,30.341302693586464
236,134,29.54682201848504
236,135,32.95211118972996
236,136,35.30548762746453
236,137,32.78649964842999
236,138,29.825670727844166
236,139,26.440825162043218
236,140,23.240925024724334
236,141,20.92675825313505
236,142,20.33839282258094
236,143,16.691698714976663
236,144,15.793314448002196
236,145,16.183227822768814
236,146,18.308961795719142
236,147,17.97727341523102
236,148,21.069332670372326
236,149,22.915544273563523
236,150,23.97061693345578
236,151,27.192300471215646
236,152,27.90111942455338
236,153,24.62361704174058
236,154,21.085609547191044
236,155,19.114206752817132
236,156,16.299551572454746
236,157,13.183416153446178
236,158,10.491619438144383
236,159,8.153967572935002
236,160,5.519087982867694
236,161,4.989099265470277
236,162,5.883403296971171
236,163,7.629618812268758
236,164,11.17059740973997
236,165,13.04441839990768
236,166,15.187275610053527
236,167,14.138836691983405
236,168,11.773151272686043
236,169,9.752493332850603
236,170,10.441637512094868
236,171,8.89746944857296
236,172,11.6765269668282
236,173,11.692341708804383
236,174,14.486700353115044
236,175,16.506394961001686
236,176,19.907097824637553
236,177,22.871580812484755
236,178,25.818323547014508
236,179,29.421742678550196
236,180,31.00152905920417
236,181,30.307219473654204
236,182,31.464123074906286
236,183,28.976147997193824
236,184,26.197361225353227
236,185,27.438580335623854
236,186,28.423452494838337
236,187,24.87282493555285
236,188,22.599271951242464
236,189,25.430052350917723
236,190,24.203344439282887
236,191,26.331515776529407
236,192,23.485769724430913
236,193,19.84445842778646
236,194,16.69120666464585
236,195,13.225150935310582
236,196,10.592231468482568
236,197,7.186249239936562
236,198,5.959389961323891
236,199,5.111604365375485
236,200,8.241058851086244
236,201,10.284992337284345
236,202,9.793263655548015
236,203,10.041195890975025
236,204,11.331502441536044
236,205,13.590684475552973
236,206,16.019968399297014
236,207,19.12542456288315
236,208,20.813238247458603
236,209,24.3958152031851
236,210,27.027603239938244
236,211,29.658717834276917
236,212,32.14965102424597
236,213,31.63178050878204
236,214,34.030790551876635
236,215,34.25769592116539
236,216,32.45746712070676
236,217,33.14436370101313
236,218,34.34045855114449
236,219,31.381165816484927
236,220,31.00410881923882
236,221,27.323932967575324
236,222,24.456462816398652
236,223,20.82416496526012
236,224,18.892350124650115
236,225,16.502761733190425
236,226,13.581680168471824
236,227,11.384725956701248
236,228,8.45706034973941
236,229,8.813599293837818
236,230,6.648596256456542
236,231,9.620709032665838
236,232,10.833921058999344
236,233,10.174951191361425
236,234,7.006888753314227
236,235,3.7878167586846754
236,237,3.80262025631955
236,238,6.566586327688163
236,239,9.985824839517544
236,240,13.252279627449562
236,241,16.91510804177276
236,242,18.06283107372062
236,243,18.116034969131753
236,244,14.658374436223896
236,245,14.922299504315433
236,246,11.982586087569391
236,247,10.960514018078902
236,248,12.608525142453436
236,249,10.88331365115186
236,250,10.586321411788806
236,251,13.572236443114408
236,252,15.156961444551687
236,253,15.967120602291205
236,254,19.435109781898245
236,255,22.034823846638016
236,256,25.585376745945585
236,257,28.427086046550958
236,258,26.980170920778807
236,259,27.65966171717048
236,260,28.677352810004795
236,261,32.08810846806801
236,262,33.74722705346935
236,263,37.024722897955584
236,264,39.431809180562475
236,265,41.29375389921509
236,266,41.750032388107705
236,267,40.657729106745265
236,268,43.54056414380472
236,269,44.239846063058856
236,270,45.07871418626832
236,271,43.892894656969226
236,272,43.05461583018527
236,273,40.82389071310603
236,274,40.57108537498985
236,275,39.05301010806528
236,276,39.70590421084359
236,277,39.15305837348721
236,278,42.91291736668982
236,279,42.49920308659108
236,280,42.96063149978241
236,281,45.45305026495636
236,282,47.20412871568565
236,283,46.742961974111246
236,284,50.34154663154527
236,285,50.77773286181751
236,286,49.08367175679968
236,287,48.498743051729775
236,288,47.395638369477346
236,289,47.90916460398408
236,290,46.00701149248581
236,291,42.58976331495421
236,292,40.501747546655096
236,293,37.43446221122922
236,294,37.48670771308446
236,295,35.49346224077481
236,296,36.75474378716655
236,297,39.888106196571336
236,298,41.71686629996912
236,299,44.666353965815524
236,300,44.022237306113006
236,301,44.26974461178114
236,302,47.389609734837805
236,303,49.297670342767645
236,304,52.64345165459828
236,305,53.67869926834037
236,306,56.13153509194859
236,307,56.859252509192515
236,308,59.8659981114739
236,309,60.12923716598
236,310,63.76587265207246
236,311,64.58044358153016
236,312,68.3472291846622
236,313,71.0704800729813
236,314,72.74715099005306
236,315,74.61237309229051
236,316,78.26332815691791
236,317,80.30026200160772
236,318,84.00183814507393
237,1,108.38939369437354
237,2,108.64519245985157
237,3,105.08456317824786
237,4,101.6125795358164
237,5,98.47062560492924
237,6,94.89043999140893
237,7,92.06335579415021
237,8,88.3758519723253
237,9,85.80671041964982
237,10,82.35158493910214
237,11,81.20988869364864
237,12,80.34243840842797
237,13,78.99115617100749
237,14,80.19682716825959
237,15,76.90295924334754
237,16,74.31992619622041
237,17,70.96592434183258
237,18,69.97495563290659
237,19,67.48804337310408
237,20,66.46226167507628
237,21,66.9381542470709
237,22,66.5987204078898
237,23,69.9184757287948
237,24,70.56561061856789
237,25,68.69371198227256
237,26,70.56585670404417
237,27,72.45502137769175
237,28,73.86903304090254
237,29,72.8989262139344
237,30,73.79930168640675
237,31,70.28143034198149
237,32,66.6388836207757
237,33,63.17943922781955
237,34,60.241333457430144
237,35,57.14918751859005
237,36,54.879532597183136
237,37,53.24450851061961
237,38,53.545565036097365
237,39,53.37739803398572
237,40,50.94523779425697
237,41,51.33278477153438
237,42,48.784461915796875
237,43,46.759894752590945
237,44,43.66915179680515
237,45,44.51136702667518
237,46,42.064301363365736
237,47,42.91292761992577
237,48,41.97334285441101
237,49,38.486100550501476
237,50,36.253217961067435
237,51,36.28555461107496
237,52,33.94112255821301
237,53,35.543664172432045
237,54,33.171354489650994
237,55,35.99264091993103
237,56,34.56877970905778
237,57,30.965002207678456
237,58,29.085508580479818
237,59,26.511837916945286
237,60,23.717690395664544
237,61,25.12448547125532
237,62,25.156541296297167
237,63,21.574720141783743
237,64,20.381207615676626
237,65,22.974644514074907
237,66,25.740979846293563
237,67,28.076165208284543
237,68,31.023216672015106
237,69,28.93327106907091
237,70,27.94794081369989
237,71,30.558562176100885
237,72,28.416924360602962
237,73,25.5863363977381
237,74,25.00837312576883
237,75,27.780402965205173
237,76,28.569156806815357
237,77,30.979915606601395
237,78,32.749539606860665
237,79,33.504578945601764
237,80,31.943242495855134
237,81,34.59411395873901
237,82,33.741758981094534
237,83,36.667518860406545
237,84,37.876257366950504
237,85,38.20027185629573
237,86,34.4455236928997
237,87,32.89938752856516
237,88,29.804805952007865
237,89,30.39086400432008
237,90,27.10053858021152
237,91,25.219518408411677
237,92,25.954659463821915
237,93,23.094159364897237
237,94,22.635206849033175
237,95,20.79160181398353
237,96,20.72354954810612
237,97,21.95890787384047
237,98,23.12840707442888
237,99,25.354828861267652
237,100,22.719284031198274
237,101,20.551713849025
237,102,23.923745755470048
237,103,25.018804449390235
237,104,22.212156967626736
237,105,22.171765835177055
237,106,25.973736658924846
237,107,26.10523507256853
237,108,23.90862881221543
237,109,26.500455924697402
237,110,24.643141526584223
237,111,22.75424013787116
237,112,21.91233331719015
237,113,19.031809085607456
237,114,17.525811625582215
237,115,16.334462131833927
237,116,13.61854375621734
237,117,13.583196381253666
237,118,10.966885805798157
237,119,12.355114778570755
237,120,12.675537511056596
237,121,14.899431606429605
237,122,17.50858083988719
237,123,17.39960866237116
237,124,19.68362300131338
237,125,18.427640864383083
237,126,20.31476447012582
237,127,21.610606659982142
237,128,24.50073013993055
237,129,27.016687852430675
237,130,30.675899188061727
237,131,29.977806704835146
237,132,28.092910641022065
237,133,30.47950286576568
237,134,30.013919647790868
237,135,33.436942269279875
237,136,35.44693789705092
237,137,32.62843810165823
237,138,29.533283231858714
237,139,26.411279037703036
237,140,23.324162044201096
237,141,21.51331339515951
237,142,21.315802216843625
237,143,17.915380921043717
237,144,16.24425368351271
237,145,15.902323565951194
237,146,17.364836753305198
237,147,16.36195770299875
237,148,19.008363015497892
237,149,20.43982600778403
237,150,21.58240630801696
237,151,24.593042183918385
237,152,25.018437965305733
237,153,21.57318173144244
237,154,18.081943536596786
237,155,15.828586974981956
237,156,12.77692239785061
237,157,9.944796790803633
237,158,7.075012046512347
237,159,5.753830985338702
237,160,4.485493902871043
237,161,6.4947179025731385
237,162,8.362006624343007
237,163,11.00864725576348
237,164,14.23553970392733
237,165,16.533915315389088
237,166,18.831853912008963
237,167,17.933601881810382
237,168,15.534057729239192
237,169,13.384495798707643
237,170,13.552205286964073
237,171,11.278926324860857
237,172,13.194182558060552
237,173,12.073848176107514
237,174,14.093743037310716
237,175,15.289299688666608
237,176,18.505625269365733
237,177,21.29218510805204
237,178,24.001065107316492
237,179,27.617091251847928
237,180,28.815179655350722
237,181,27.751023838870044
237,182,28.947687981947066
237,183,26.762281013498324
237,184,23.740343989223625
237,185,24.678616032482875
237,186,25.922347696175652
237,187,22.55674029030296
237,188,19.922753210891717
237,189,22.450418705130197
237,190,21.018211502882746
237,191,23.254755997870927
237,192,20.509837998732703
237,193,16.95319043270427
237,194,13.853009533593085
237,195,10.76290502927503
237,196,8.062779793130112
237,197,5.647006905607684
237,198,5.027663546032317
237,199,6.101939517691862
237,200,8.94642431110774
237,201,11.334223771567085
237,202,10.243895686583807
237,203,9.199909912606884
237,204,10.382080143197827
237,205,11.667343792917528
237,206,14.177693784474917
237,207,16.851353569955485
237,208,18.759688823134105
237,209,22.478050321179676
237,210,24.93647167123653
237,211,27.858774424005546
237,212,30.563475934861007
237,213,30.46199792291673
237,214,33.16606312661254
237,215,33.51326863469083
237,216,32.083077570028166
237,217,32.88130257054261
237,218,33.67634714852409
237,219,30.50482374249156
237,220,29.880601473022423
237,221,26.116946439156496
237,222,23.58697685231196
237,223,20.17806735303888
237,224,18.476276100449972
237,225,16.774014119720118
237,226,14.130857029575344
237,227,12.878209996303731
237,228,10.524225227371057
237,229,11.851290775424946
237,230,10.185841951918627
237,231,13.126137749614822
237,232,14.343447512203637
237,233,13.105586374186988
237,234,9.797156193031007
237,235,6.35357092954574
237,236,3.80262025631955
237,238,3.8060524243376554
237,239,6.526575741961711
237,240,10.097298730902507
237,241,13.622894066284642
237,242,15.272677796792603
237,243,15.947737051654967
237,244,12.826909714664811
237,245,14.007638908533863
237,246,11.414274577972263
237,247,11.627852108470268
237,248,13.638639771430737
237,249,12.902715624418848
237,250,13.403604508473071
237,251,16.59752941792836
237,252,18.594257768499677
237,253,19.485491156324862
237,254,23.02799179337319
237,255,25.57543629408326
237,256,29.093867252240642
237,257,31.799863737120887
237,258,30.183599202612143
237,259,30.58055996432119
237,260,31.2972515737666
237,261,34.546422400830906
237,262,35.90489251391082
237,263,39.231382900517204
237,264,41.5122575176093
237,265,43.61087267567827
237,266,44.137304264345715
237,267,43.26885685098845
237,268,46.28407820526148
237,269,47.155710849418924
237,270,48.12600299722351
237,271,47.0824635500961
237,272,46.215950326205025
237,273,44.060620034014605
237,274,43.63817341866248
237,275,41.938377650385185
237,276,42.36975890804653
237,277,41.577574634445874
237,278,45.339114128549895
237,279,45.12275722748535
237,280,45.806069677740666
237,281,48.35772702321724
237,282,50.2695436390284
237,283,49.88988485437622
237,284,53.53238097560259
237,285,53.8537644629585
237,286,52.13839510007416
237,287,51.37834606576178
237,288,50.157783693215066
237,289,50.46481665516086
237,290,48.53109619802432
237,291,45.041493133133045
237,292,42.9627413837696
237,293,39.939018457724586
237,294,40.25185496152657
237,295,38.45862771406003
237,296,39.93039989648619
237,297,43.12621407347307
237,298,44.78832196727015
237,299,47.666244189396764
237,300,46.890898112243875
237,301,46.93160686564799
237,302,49.94451781202772
237,303,51.663775554138745
237,304,55.098847208266825
237,305,56.158502486888445
237,306,58.74854987591157
237,307,59.58677037951821
237,308,62.689341500160694
237,309,63.08260022613992
237,310,66.75701007346505
237,311,67.6904996453957
237,312,71.45121271559046
237,313,74.13305435987668
237,314,75.70102234098125
237,315,77.54158274464928
237,316,81.16624034224955
237,317,83.18777162351803
237,318,86.90977561273547
238,1,109.17843578788614
238,2,109.54261636600866
238,3,105.974750984348
238,4,102.4614320093194
238,5,99.27122681378229
238,6,95.7355260675653
238,7,92.83192719070004
238,8,89.18384100365134
238,9,86.49904945331363
238,10,82.99016421732337
238,11,81.70875134508512
238,12,80.68407524579119
238,13,79.1770072874929
238,14,80.21321467501413
238,15,76.85142726186412
238,16,74.39378947997335
238,17,71.02460282066946
238,18,70.04491986309331
238,19,67.70591462673583
238,20,66.7512070301984
238,21,67.42018409933884
238,22,67.16554680857627
238,23,70.39659243788701
238,24,70.88003807191076
238,25,68.83381235284006
238,26,70.67741998442021
238,27,72.69452461778543
238,28,74.05885120801665
238,29,73.21786038584666
238,30,74.10714324798985
238,31,70.56798853663709
238,32,66.92389070738221
238,33,63.44773203246855
238,34,60.388699942313906
238,35,57.42508684802023
238,36,54.95802083814567
238,37,53.19713138319459
238,38,53.23698233787373
238,39,52.93077023419615
238,40,50.442174977633286
238,41,50.71074522029776
238,42,47.96520197025954
238,43,46.02074926252511
238,44,43.118256165247026
238,45,44.1837195298436
238,46,41.78858231591525
238,47,42.96766884962724
238,48,42.27747520524733
238,49,38.71164689478954
238,50,36.2802348387958
238,51,35.952787761705146
238,52,33.3218778669247
238,53,34.55530144599652
238,54,31.89298185888785
238,55,34.44468078131158
238,56,32.68810851343202
238,57,29.217964393891176
238,58,27.519005971173947
238,59,25.323045428737178
238,60,22.228765509834773
238,61,23.24163954230627
238,62,23.639210995069256
238,63,20.278732523385465
238,64,18.490052586573032
238,65,21.00327871134797
238,66,23.436562362766175
238,67,25.725468623817076
238,68,28.83084497871517
238,69,27.096050195981455
238,70,26.222165440909812
238,71,29.149254596212547
238,72,27.281798306507664
238,73,24.586613458231685
238,74,24.580343128074784
238,75,27.365652774664703
238,76,28.539897138664234
238,77,30.95501532246063
238,78,32.95702895419633
238,79,33.350977750810614
238,80,31.39724200524935
238,81,33.748297951013804
238,82,32.53563884658118
238,83,35.19440881492276
238,84,36.154937024219606
238,85,36.23746015554723
238,86,32.48419929913565
238,87,30.610853678401565
238,88,27.327535598262802
238,89,27.65309610685616
238,90,24.216058122013216
238,91,22.087616437598598
238,92,22.901573496002783
238,93,20.271913646458728
238,94,20.1464920222175
238,95,18.821033971737947
238,96,19.086223842154563
238,97,20.891811081336055
238,98,21.835805377466112
238,99,24.510049622258776
238,100,22.340790291367025
238,101,19.961863285591942
238,102,23.214852772724495
238,103,24.8462049391429
238,104,22.428310459290973
238,105,22.05563005350264
238,106,25.837469520846145
238,107,26.508560877701342
238,108,24.485900455825266
238,109,26.771438058225776
238,110,24.769691415219423
238,111,22.438612643007062
238,112,21.956066890294505
238,113,18.82901211675445
238,114,17.674964480722256
238,115,15.987061977388345
238,116,13.650636551227388
238,117,13.394761386790513
238,118,10.102575199648076
238,119,11.140556221640358
238,120,10.431113054396182
238,121,12.841039583516974
238,122,14.936414344648323
238,123,14.327978016185511
238,124,16.53649170587513
238,125,15.432595457984522
238,126,17.34390448694356
238,127,18.25969112743542
238,128,21.182164860594526
238,129,23.60389877965108
238,130,27.303682768904938
238,131,26.70263345744844
238,132,25.037266397049383
238,133,27.495149301117973
238,134,27.320608189758197
238,135,30.77561818482423
238,136,32.543532925570844
238,137,29.577489228012237
238,138,26.36581064109303
238,139,23.423659176027783
238,140,20.386021035405918
238,141,18.943069012035163
238,142,19.165745473004815
238,143,16.060513618633145
238,144,13.752960032995416
238,145,13.020430102902552
238,146,13.971680903131016
238,147,12.845910140477644
238,148,15.380967030674956
238,149,16.965435159388104
238,150,18.436602006872135
238,151,21.548354209662694
238,152,21.813299407097492
238,153,18.466950630567077
238,154,14.825349538989514
238,155,13.038227066094258
238,156,10.177727684514142
238,157,7.326892571184417
238,158,5.802495070886725
238,159,5.488857051372917
238,160,6.553299338564714
238,161,8.488044918903606
238,162,11.316189440233453
238,163,13.808704938139215
238,164,17.161328554734723
238,165,19.13713964254216
238,166,21.55017776926317
238,167,20.22312546794844
238,168,17.552740015392864
238,169,14.82319879670997
238,170,14.134913161922636
238,171,11.055311497840265
238,172,11.895275855488523
238,173,9.804829505781315
238,174,11.201655936493319
238,175,11.968822900008764
238,176,14.951490443252682
238,177,17.809110159718298
238,178,20.3497231309762
238,179,24.01021678329423
238,180,25.151693656861738
238,181,24.12882968364265
238,182,25.220212874833784
238,183,22.976191554609986
238,184,20.00865303526111
238,185,21.011505100750558
238,186,22.188011813581777
238,187,18.792190862120503
238,188,16.228320395305794
238,189,18.917504431771352
238,190,17.648079469494377
238,191,19.893957422060016
238,192,17.254729354139474
238,193,13.578136284591451
238,194,10.755419717131335
238,195,7.585748142927327
238,196,5.937305486405919
238,197,4.4994351389848735
238,198,6.449539767874336
238,199,8.96861443780974
238,200,12.157450464226358
238,201,13.928161483185999
238,202,11.910656399037872
238,203,9.870382521932344
238,204,9.673797098753136
238,205,10.082755873596708
238,206,11.777173785261773
238,207,14.07733897444373
238,208,15.553160665143967
238,209,19.309376104029358
238,210,21.528301628666114
238,211,24.511552903433383
238,212,27.137613865470072
238,213,27.195591220772055
238,214,29.95107348564512
238,215,30.195992363655886
238,216,28.90710682114696
238,217,29.660973977190544
238,218,30.240180820580576
238,219,27.019533664312224
238,220,26.404670054442875
238,221,22.61061634205004
238,222,20.289129696028546
238,223,17.007150102868348
238,224,15.71562103563941
238,225,14.479678786854274
238,226,12.468729344346263
238,227,12.136090744279427
238,228,10.872387534811335
238,229,13.174875092939251
238,230,12.444012186044535
238,231,15.84715013648596
238,232,17.38755715956274
238,233,16.587761268137385
238,234,13.29117178370307
238,235,9.869653015803223
238,236,6.566586327688163
238,237,3.8060524243376554
238,239,3.8038963330298325
238,240,6.72184283373462
238,241,10.372800971644368
238,242,11.607721112633852
238,243,12.187636066057397
238,244,9.081541242214133
238,245,10.60402473084213
238,246,8.405390504388148
238,247,9.655968642708078
238,248,12.147520159020832
238,249,12.446745425309105
238,250,13.575024911979426
238,251,16.790889378354976
238,252,19.414765983941205
238,253,20.531086258082244
238,254,24.235321512104083
238,255,26.87084674938389
238,256,30.200766564950186
238,257,32.59574932252151
238,258,30.587947589266246
238,259,30.647396033510823
238,260,30.89983198774432
238,261,33.935969665861066
238,262,34.919510371994505
238,263,38.19163929608886
238,264,40.23467316405139
238,265,42.5559067690416
238,266,43.0750320621307
238,267,42.4619393653922
238,268,45.61960810512689
238,269,46.71410375688281
238,270,47.90901451757329
238,271,47.13874790249742
238,272,46.31570649111479
238,273,44.383005954156474
238,274,43.776381105176284
238,275,41.78140081034474
238,276,41.9972839564366
238,277,40.87209281439901
238,278,44.58806132916551
238,279,44.52257172668696
238,280,45.50024300145235
238,281,48.21021183860593
238,282,50.36305135783325
238,283,50.233516241440846
238,284,53.94806737433499
238,285,54.225323637070574
238,286,52.652046607995366
238,287,51.67027200829822
238,288,50.18925928682577
238,289,50.243509978795544
238,290,48.134533212874416
238,291,44.643145843248476
238,292,42.75833955300343
238,293,39.66881933721065
238,294,40.20718581730058
238,295,38.59774229797585
238,296,40.34591471296562
238,297,43.700864455812074
238,298,45.15800787029154
238,299,48.03894159177215
238,300,47.276327071892986
238,301,47.0437486525768
238,302,50.01463748579747
238,303,51.511411549397856
238,304,54.97781688199931
238,305,55.88996594258836
238,306,58.64474108075665
238,307,59.717502512378736
238,308,62.88843033087059
238,309,63.502380801701804
238,310,67.21736808396217
238,311,68.22902109974292
238,312,71.99733345169287
238,313,74.71316417319096
238,314,76.16388039294165
238,315,77.86046624419075
238,316,81.47623861992984
238,317,83.37536885838225
238,318,87.0974634537461
239,1,112.2487527179367
239,2,112.60710823462396
239,3,109.01317120017218
239,4,105.50758122846597
239,5,102.27215547050389
239,6,98.76659471438396
239,7,95.80745579321557
239,8,92.16903341027437
239,9,89.44498703250918
239,10,85.94164338921911
239,11,84.65961035385007
239,12,83.54264907199973
239,13,82.00792390118022
239,14,82.95096040003881
239,15,79.52974763169841
239,16,77.09220333001271
239,17,73.6709008695681
239,18,72.58304419833384
239,19,70.26722948431
239,20,69.22109466392128
239,21,69.90468087782155
239,22,69.55052743900502
239,23,72.70424875034381
239,24,73.20521909041904
239,25,71.11231537146203
239,26,73.05767009251136
239,27,75.19847534046502
239,28,76.647326992174
239,29,75.93976741637704
239,30,76.92901957904854
239,31,73.42353910934195
239,32,69.75321226626123
239,33,66.32159786551328
239,34,63.17946329167413
239,35,60.230098120805245
239,36,57.66226408622132
239,37,55.959713252353424
239,38,55.84318174022941
239,39,55.58820533852621
239,40,53.17212396439841
239,41,53.484225940214195
239,42,50.611582383313944
239,43,48.815075114163356
239,44,46.0431642924985
239,45,47.28952140296214
239,46,44.99421787154529
239,47,46.314124343602316
239,48,45.7051708492106
239,49,42.09156957647655
239,50,39.65096068395671
239,51,39.13006557370725
239,52,36.4008775717821
239,53,37.390417348631246
239,54,34.532877342876105
239,55,36.88220790327003
239,56,34.84432459161014
239,57,31.504091179957733
239,58,29.831801173460626
239,59,27.9521693146488
239,60,24.62507737584917
239,61,25.457398783238446
239,62,26.25713949885309
239,63,23.076667475897302
239,64,20.90240079974329
239,65,23.375879339998853
239,66,25.414893060391464
239,67,27.660134219774058
239,68,30.87915394735452
239,69,29.48602888007249
239,70,28.748540155778713
239,71,31.89118800223638
239,72,30.21262775188519
239,73,27.643062723260027
239,74,27.934408444725918
239,75,30.689405401230268
239,76,31.980579744938304
239,77,34.31592040456256
239,78,36.31343670217373
239,79,36.49260642149878
239,80,34.37502502402591
239,81,36.50411505652833
239,82,35.008139575229706
239,83,37.46175297045126
239,84,38.10805605700376
239,85,38.11071463312854
239,86,34.41761244117096
239,87,32.24083013892201
239,88,28.83125331130086
239,89,28.956409781727064
239,90,25.402690750653598
239,91,22.83750408539027
239,92,23.481898832329538
239,93,21.069865197767523
239,94,20.964619511457247
239,95,20.11596861871499
239,96,20.131919534618763
239,97,22.382190747016597
239,98,23.594746522849224
239,99,26.51324441947906
239,100,24.57911798623042
239,101,22.442425722448487
239,102,25.749679484355223
239,103,27.53308199945208
239,104,25.3937195336986
239,105,25.15479428502187
239,106,28.88798411641119
239,107,29.69566025298014
239,108,27.897694798868937
239,109,30.18117894811136
239,110,28.250942173770213
239,111,25.812275373707834
239,112,25.510606950488967
239,113,22.32078996749165
239,114,21.22239965259516
239,115,19.251276635905867
239,116,16.879303958833173
239,117,16.07633308399812
239,118,12.500245108983366
239,119,12.485967854902825
239,120,10.835703298582887
239,121,12.340198818117491
239,122,13.702612008755118
239,123,13.405323138854158
239,124,16.147507902198157
239,125,15.89357296153791
239,126,18.228267199336468
239,127,18.590358212496636
239,128,21.671587046180726
239,129,23.91214351077703
239,130,27.652743182623297
239,131,27.2291866055001
239,132,26.024890970614884
239,133,28.564631068494414
239,134,28.78582832715594
239,135,32.205505941616394
239,136,33.59050547619275
239,137,30.382813548094997
239,138,27.067990842328147
239,139,24.50353876210348
239,140,21.656336090860652
239,141,20.75457522935079
239,142,21.4118502894515
239,143,18.664193089215786
239,144,15.832897172391792
239,145,14.519744264516412
239,146,14.521064420550768
239,147,12.67753457205651
239,148,14.351106046043606
239,149,15.326895864615219
239,150,17.040994236195424
239,151,19.78546555997665
239,152,19.528875823535852
239,153,15.983759120544791
239,154,12.422552984191602
239,155,10.344934594774509
239,156,7.010561258084805
239,157,5.277421135246321
239,158,4.659126385147138
239,159,6.810724907855036
239,160,8.987490658124074
239,161,11.747991673869366
239,162,14.512964720338264
239,163,17.297114123258343
239,164,20.507618281479694
239,165,22.72578408115431
239,166,25.135191275494662
239,167,23.91027281365615
239,168,21.195529694156868
239,169,18.560882058237464
239,170,17.690298285401713
239,171,14.508080595160994
239,172,14.783866711188077
239,173,12.050479052075849
239,174,12.349081756518135
239,175,11.916427863069702
239,176,14.443129477091873
239,177,16.819914952831745
239,178,19.00853694160543
239,179,22.562082418331006
239,180,23.21804826826781
239,181,21.73701518796982
239,182,22.963996000611704
239,183,21.16957919337657
239,184,17.885731516420147
239,185,18.52926284456959
239,186,20.145561842624055
239,187,17.096486802776123
239,188,14.03608775565398
239,189,16.226540139770883
239,190,14.543426768632601
239,191,16.832016616766428
239,192,14.281328606444553
239,193,10.805838302433651
239,194,8.120043200889594
239,195,6.014523409305387
239,196,4.947992066474748
239,197,6.143605811940991
239,198,8.201222116423077
239,199,11.295060196515678
239,200,13.933470602333882
239,201,15.696193837246886
239,202,13.424474960736223
239,203,10.567906699434461
239,204,10.163860357132465
239,205,9.160594278157596
239,206,10.673512608163124
239,207,12.145197788576347
239,208,13.908675336730662
239,209,17.69269797666161
239,210,19.675748477553817
239,211,22.9542321110885
239,212,25.829138259375895
239,213,26.366934556173103
239,214,29.437705328157065
239,215,29.886371303646623
239,216,29.06400577693591
239,217,30.001909328173692
239,218,30.14089790224995
239,219,26.719543728431557
239,220,25.754339290230686
239,221,21.974755462627716
239,222,20.11612293322482
239,223,17.286924727181948
239,224,16.252779796921928
239,225,15.890533031517096
239,226,14.262188507441007
239,227,14.740104894880828
239,228,13.84917543340027
239,229,16.459875741602197
239,230,15.870624691183233
239,231,19.165084967438748
239,232,20.75555461471724
239,233,19.61745925265819
239,234,16.222127320029095
239,235,12.876875255775772
239,236,9.985824839517544
239,237,6.526575741961711
239,238,3.8038963330298325
239,240,3.7912523628104435
239,241,7.161341447753238
239,242,9.250043743397578
239,243,10.798764681451757
239,244,8.674642518187593
239,245,11.397169385236031
239,246,10.174050000401675
239,247,12.437458498808187
239,248,15.012317468627714
239,249,15.87973091548588
239,250,17.24159326653278
239,251,20.40351624872419
239,252,23.138714791663176
239,253,24.163918286342774
239,254,27.853168469863142
239,255,30.36586703514672
239,256,33.681142250656045
239,257,35.97193002723654
239,258,33.895863241775
239,259,33.71128008585563
239,260,33.74779747446654
239,261,36.60504636359752
239,262,37.32798082974273
239,263,40.635283283203215
239,264,42.58499074497668
239,265,45.105802611571235
239,266,45.737837723047384
239,267,45.343540959873636
239,268,48.60519041092748
239,269,49.86204341654444
239,270,51.11913542186245
239,271,50.437768123830544
239,272,49.543156574921326
239,273,47.643595071171276
239,274,46.86693025161064
239,275,44.74641669509434
239,276,44.7431014538761
239,277,43.43660622326491
239,278,47.13143983606068
239,279,47.27612319122334
239,280,48.435778392765705
239,281,51.14660593763882
239,282,53.42396580818384
239,283,53.32793987228149
239,284,57.06389327737828
239,285,57.20196610466131
239,286,55.57815901994545
239,287,54.43632428290677
239,288,52.88013308168948
239,289,52.745364045317864
239,290,50.658023937752645
239,291,47.10854486702034
239,292,45.20518284842857
239,293,42.21365790470487
239,294,42.99790592937975
239,295,41.597943750286156
239,296,43.51773534116455
239,297,46.886659715145676
239,298,48.17689672052236
239,299,50.95196915172274
239,300,50.035841003438854
239,301,49.61982032483187
239,302,52.45606193552005
239,303,53.769141382652364
239,304,57.31075345193575
239,305,58.27690460367698
239,306,61.1450213752775
239,307,62.29651610532535
239,308,65.5558013438789
239,309,66.28220638264557
239,310,70.02399760377607
239,311,71.16510088977726
239,312,74.91497490227279
239,313,77.56708042798785
239,314,78.90154135536474
239,315,80.58957455111528
239,316,84.16650027823748
239,317,86.06571359492051
239,318,89.80584061665836
240,1,113.42672752755834
240,2,113.87817763050175
240,3,110.27802057380366
240,4,106.7429091405259
240,5,103.4623048703599
240,6,100.00684211958216
240,7,96.97656453191702
240,8,93.38118713114699
240,9,90.55567481672439
240,10,87.01494600724874
240,11,85.6154976191693
240,12,84.34882211582543
240,13,82.67889880708634
240,14,83.45525198008141
240,15,79.97462913151973
240,16,77.6572709775353
240,17,74.22543628327956
240,18,73.13214041392068
240,19,70.95760126825714
240,20,69.96191142366082
240,21,70.8126646831804
240,22,70.51784482322317
240,23,73.5704036030371
240,24,73.92922094794056
240,25,71.68430141747125
240,26,73.61403099480822
240,27,75.87942269528253
240,28,77.29462696449339
240,29,76.72468086496396
240,30,77.719045255711
240,31,74.21341075638034
240,32,70.55073311673767
240,33,67.12732018218502
240,34,63.881462522347434
240,35,61.05909646897112
240,36,58.319878235870796
240,37,56.53190782945506
240,38,56.164349033687145
240,39,55.80378574393675
240,40,53.37257956379119
240,41,53.59233445467173
240,42,50.54866225076982
240,43,48.869723801412086
240,44,46.31032562343495
240,45,47.77056264511738
240,46,45.56549194085383
240,47,47.171210265447705
240,48,46.784751508202156
240,49,43.13118965553568
240,50,40.561983223333804
240,51,39.71582042693765
240,52,36.776396413726175
240,53,37.39112428633619
240,54,34.294957981838394
240,55,36.3272594328916
240,56,33.968173929952755
240,57,30.84394477715201
240,58,29.36806302470752
240,59,27.93412564356648
240,60,24.407784342985597
240,61,24.831296177994613
240,62,26.027245840320223
240,63,23.19020204208584
240,64,20.52721846567143
240,65,22.82013886656982
240,66,24.370995343042463
240,67,26.509409066366665
240,68,29.807214754688935
240,69,28.84373370565175
240,70,28.27606092795753
240,71,31.65830957127678
240,72,30.27813952841063
240,73,27.92895811181555
240,74,28.726402400912924
240,75,31.406069775583006
240,76,32.985112539466584
240,77,35.258530463019
240,78,37.402183988691206
240,79,37.24700541903705
240,80,34.81451217871407
240,81,36.611934752979124
240,82,34.77551795815298
240,83,36.911785623773945
240,84,37.25648672461527
240,85,37.02955471221774
240,86,33.41558180176817
240,87,30.91110171169269
240,88,27.374261496412505
240,89,27.205696649096772
240,90,23.576897576417863
240,91,20.702157915440576
240,92,21.338390769551168
240,93,19.31709519744564
240,94,19.55854303406189
240,95,19.390750974682774
240,96,19.6602133659528
240,97,22.418585240267422
240,98,23.436210798760047
240,99,26.690215707168758
240,100,25.25233417854012
240,101,23.068853340625047
240,102,26.168815404262425
240,103,28.360931986659573
240,104,26.63041373061619
240,105,26.171024837471776
240,106,29.77886123586346
240,107,31.010257733384393
240,108,29.420602425079636
240,109,31.431024405033355
240,110,29.45421970819812
240,111,26.731654162719536
240,112,26.758239696709968
240,113,23.49481921587357
240,114,22.726752731979637
240,115,20.475975781554915
240,116,18.52247175689053
240,117,17.594744358976783
240,118,13.833518949572102
240,119,13.39520496408052
240,120,10.763691223684983
240,121,12.001848648644048
240,122,12.336566083268565
240,123,11.469402522488993
240,124,14.106622010686745
240,125,14.336259323112605
240,126,16.647492238406013
240,127,16.34324823179086
240,128,19.365823369894198
240,129,21.350042513003103
240,130,25.059200945122026
240,131,24.775432655573507
240,132,23.97256247846008
240,133,26.563260261777536
240,134,27.18708395582371
240,135,30.56351509385704
240,136,31.595776692586664
240,137,28.24163359449908
240,138,24.835486664746007
240,139,22.632623215744974
240,140,19.979306419583725
240,141,19.630731620693478
240,142,20.78877081339725
240,143,18.543469530514027
240,144,15.215948928332995
240,145,13.492880252157775
240,146,12.539851733230169
240,147,10.423692500235926
240,148,11.415448557439012
240,149,12.3452211063753
240,150,14.608876495263006
240,151,17.283024442779507
240,152,16.615077462752822
240,153,13.214011483246171
240,154,9.544603732972817
240,155,8.304639290859596
240,156,5.536924928996526
240,157,5.156512155793536
240,158,6.989575483315939
240,159,9.48025216303721
240,160,12.27287439345048
240,161,14.762519536414853
240,162,17.850446855027634
240,163,20.504984031291333
240,164,23.78242710804514
240,165,25.787272346083085
240,166,28.234831948694843
240,167,26.73794570909372
240,168,23.873124254337437
240,169,20.959043492576637
240,170,19.565497773654208
240,171,16.06377910645126
240,172,15.448993388087196
240,173,12.091460263002269
240,174,11.329080810144793
240,175,9.89997111373579
240,176,11.693700116663065
240,177,13.843208265754399
240,178,15.630595268905743
240,179,19.155288065278462
240,180,19.58482020368927
240,181,18.01801289947175
240,182,19.176432717189723
240,183,17.458792624711645
240,184,14.128101032353948
240,185,14.75970971016599
240,186,16.47428488021616
240,187,13.537478585042185
240,188,10.375691513812264
240,189,12.608158361718978
240,190,10.968821484466247
240,191,13.257846867155855
240,192,10.8874898160418
240,193,7.31677473311999
240,194,5.428842828404491
240,195,4.482090976112597
240,196,6.0063698857921946
240,197,8.360452363136472
240,198,11.235801988469039
240,199,14.640908762552016
240,200,17.417573196571592
240,201,18.788100493967352
240,202,16.0701440824359
240,203,12.826650974581085
240,204,11.413241043881147
240,205,9.421079948410673
240,206,9.582403289017849
240,207,10.019317170570917
240,208,11.149802646673221
240,209,14.859750155673522
240,210,16.40832905758024
240,211,19.815571513465827
240,212,22.640827537598877
240,213,23.49190208460216
240,214,26.664965454582905
240,215,27.060840977268395
240,216,26.533246021612158
240,217,27.47216760832427
240,218,27.262974832171032
240,219,23.77388928240394
240,220,22.7158032498374
240,221,18.97301744437881
240,222,17.56235655424105
240,223,15.167594976743503
240,224,14.745091049340454
240,225,15.178549547994072
240,226,14.40086922390477
240,227,15.754054000762462
240,228,15.738824373155136
240,229,18.80937283228429
240,230,18.771051107054486
240,231,22.265969484395526
240,232,24.049350847272276
240,233,23.172272979909813
240,234,19.766270804131576
240,235,16.425801873842637
240,236,13.252279627449562
240,237,10.097298730902507
240,238,6.72184283373462
240,239,3.7912523628104435
240,241,3.7901476705088673
240,242,5.48866158003329
240,243,7.474955582277928
240,244,6.325890210673568
240,245,9.807618216334408
240,246,9.740339646702814
240,247,12.88663755331463
240,248,15.593869760360787
240,249,17.235624686179037
240,250,18.92578591444425
240,251,21.92799504333411
240,252,25.016143792419015
240,253,26.14292884488214
240,254,29.87046261649782
240,255,32.3869053307802
240,256,35.51691196450921
240,257,37.52370264246096
240,258,35.160984382336714
240,259,34.667774927634724
240,260,34.28881509429571
240,261,36.88524198790214
240,262,37.226716694547136
240,263,40.44752348868486
240,264,42.14920798721409
240,265,44.87611597237498
240,266,45.52411199971316
240,267,45.39993484917602
240,268,48.773018326249876
240,269,50.24304279088055
240,270,51.68458938187946
240,271,51.249563443113345
240,272,50.37895474697459
240,273,48.68173296142457
240,274,47.726341556160904
240,275,45.358126355292946
240,276,45.131333376456226
240,277,43.52245083315211
240,278,47.134977009456094
240,279,47.45067015305609
240,280,48.883830613560335
240,281,51.70341545130111
240,282,54.189874710041266
240,283,54.30824296241089
240,284,58.08552293342838
240,285,58.15954466947965
240,286,56.655227687914085
240,287,55.30595231280765
240,288,53.52680933753776
240,289,53.14361709772243
240,290,50.92704228768982
240,291,47.39664744215085
240,292,45.673852221690346
240,293,42.67696638028715
240,294,43.686288756585185
240,295,42.49218781297044
240,296,44.64906911682277
240,297,48.120289292846806
240,298,49.20154226332193
240,299,51.9389765117091
240,300,51.013684136735705
240,301,50.339497903745965
240,302,53.0953529414716
240,303,54.17632868879537
240,304,57.734014122483025
240,305,58.576002708216414
240,306,61.589822757267456
240,307,62.950912273580684
240,308,66.26854924778962
240,309,67.20052688091612
240,310,70.9666282537461
240,311,72.19331598532325
240,312,75.93356781298833
240,313,78.59528402976072
240,314,79.8042283199858
240,315,81.36105173891418
240,316,84.91318277622432
240,317,86.7008873333917
240,318,90.43479254852073
241,1,116.62935780150147
241,2,117.12682779144139
241,3,113.5221450054855
241,4,109.97529231261989
241,5,106.66852389327116
241,6,103.24360961738675
241,7,100.17303047509868
241,8,96.6025532910829
241,9,93.72374170482483
241,10,90.16784438417768
241,11,88.70808737009926
241,12,87.35086152832426
241,13,85.6027390040216
241,14,86.26951672821859
241,15,82.75085904363955
241,16,80.51073140439232
241,17,77.07055218764683
241,18,75.9571322751025
241,19,73.8665031868137
241,20,72.87716589392788
241,21,73.81024487095377
241,22,73.51462447474299
241,23,76.49298893708499
241,24,76.79014170209096
241,25,74.46146700569047
241,26,76.40664114527046
241,27,78.76252911157542
241,28,80.1761119731205
241,29,79.70484520981711
241,30,80.71545410950674
241,31,77.21819252605786
241,32,73.56205863979372
241,33,70.1531679371534
241,34,66.84680896065132
241,35,64.10078427819955
241,36,61.26188745641865
241,37,59.435877772162755
241,38,58.90389561543711
241,39,58.47853077492967
241,40,56.04225285911742
241,41,56.18591617240651
241,42,53.03064830026989
241,43,51.42575861655468
241,44,49.01981986129444
241,45,50.593692914556335
241,46,48.41953467093628
241,47,50.192671334207446
241,48,49.93883719637357
241,49,46.2871835662908
241,50,43.623088869477
241,51,42.612736791073004
241,52,39.53511574239662
241,53,39.90613554160309
241,54,36.667391994142754
241,55,38.4276992748326
241,56,35.82509719473194
241,57,32.92359168407158
241,58,31.66564371351027
241,59,30.567013502507617
241,60,26.957205086840812
241,61,27.02616332658734
241,62,28.44248877372617
241,63,25.89633796017189
241,64,22.923294058507626
241,65,24.9274032041611
241,66,26.089513767034113
241,67,27.969459519836647
241,68,31.363897395068634
241,69,30.81732963350159
241,70,30.25835323006808
241,71,33.8027112648119
241,72,32.736004254743236
241,73,30.46923329883247
241,74,31.5694475154778
241,75,34.27613523034265
241,76,36.07251700979505
241,77,38.36340028141222
241,78,40.61555859540586
241,79,40.30031108953797
241,80,37.68850473117859
241,81,39.268157304712155
241,82,37.21142872087315
241,83,39.08440669494077
241,84,39.18502694742172
241,85,38.736895437638985
241,86,35.22055608821132
241,87,32.43555523633676
241,88,28.807537045691213
241,89,28.275394166022373
241,90,24.600147550965634
241,91,21.491493816537865
241,92,22.177978790064373
241,93,20.665548905793163
241,94,21.215585219250944
241,95,21.632451356189943
241,96,21.97489208792761
241,97,25.04392095805221
241,98,26.007907280432622
241,99,29.437571628244303
241,100,28.301739241425867
241,101,26.164649938761077
241,102,29.12556496149085
241,103,31.519602203068683
241,104,30.00634972824223
241,105,29.44392970824617
241,106,32.96643440730625
241,107,34.39982683666561
241,108,32.88662809407699
241,109,34.74377544651996
241,110,32.6940308127116
241,111,29.80166615021225
241,112,29.886248289978212
241,113,26.5296578559496
241,114,25.75088876926507
241,115,23.20627836223831
241,116,21.30006114344636
241,117,19.954182463609794
241,118,16.178986881160526
241,119,14.992216985164347
241,120,11.778933531517039
241,121,12.026548751232495
241,122,11.233778065618445
241,123,10.568312949818285
241,124,13.430370064376042
241,125,14.616316251149826
241,126,17.198196088752614
241,127,16.38014658843895
241,128,19.447413212591346
241,129,21.251165784052656
241,130,24.873151733366285
241,131,24.955618057074222
241,132,24.591755972921735
241,133,27.048962215515584
241,134,27.988691338736306
241,135,31.18390362248938
241,136,31.772592218393225
241,137,28.230302064477005
241,138,24.881006209480496
241,139,23.186888771569574
241,140,20.96348916589854
241,141,21.267082772595675
241,142,22.660136244312557
241,143,20.907243558081394
241,144,17.34634319441396
241,145,15.095078543373603
241,146,13.327044032954676
241,147,10.598614367665856
241,148,10.262538390233104
241,149,10.23914261772841
241,150,12.707874146346892
241,151,14.835609670077618
241,152,13.574828886353385
241,153,10.15629682294611
241,154,6.787332391784614
241,155,5.97689966972413
241,156,4.204095485557513
241,157,6.169430788377875
241,158,9.082238390572039
241,159,12.101961954713753
241,160,15.323202919402302
241,161,18.016728621468637
241,162,21.21295688480834
241,163,24.042017457243833
241,164,27.193804691921642
241,165,29.31181954904956
241,166,31.879404429376226
241,167,30.442438723123633
241,168,27.620781706779564
241,169,24.636820975966586
241,170,23.175429410616243
241,171,19.58390055295722
241,172,18.64629303810306
241,173,15.075225349896911
241,174,13.703555475362506
241,175,11.47800258362864
241,176,12.159923274263413
241,177,13.717299572322235
241,178,14.635157092718236
241,179,17.923638885538267
241,180,17.64878806069112
241,181,15.540245664085525
241,182,16.508179852705783
241,183,15.33935751359094
241,184,11.864238921992595
241,185,11.766845665954028
241,186,13.783245421084573
241,187,11.405194275908897
241,188,7.795971899089472
241,189,9.253644176105485
241,190,7.443774504828399
241,191,10.160491408271708
241,192,8.525935138943892
241,193,5.594850765290265
241,194,5.751251618963759
241,195,7.05509258582889
241,196,9.265151714687635
241,197,12.065754120990452
241,198,14.836672996089844
241,199,18.25905933060338
241,200,20.82211581312669
241,201,22.240214510909755
241,202,19.49515151314973
241,203,16.063841854449304
241,204,14.530079884165369
241,205,11.88519774785652
241,206,11.370625747466287
241,207,10.482465415037916
241,208,11.139728674167129
241,209,14.45627496081679
241,210,15.236891810435075
241,211,18.870498517422366
241,212,21.6945430562743
241,213,23.129722743540228
241,214,26.465334384963374
241,215,26.838471116676043
241,216,26.76506180138289
241,217,27.66030548101781
241,218,26.92913258515902
241,219,23.41221003674966
241,220,22.218119234962746
241,221,18.643884513934523
241,222,17.984633261809087
241,223,16.2650908279173
241,224,16.479309453317235
241,225,17.59775519651668
241,226,17.3781110457906
241,227,19.142025037958415
241,228,19.40913490850191
241,229,22.562590490699737
241,230,22.555115806519474
241,231,26.036488232528185
241,232,27.74105616267626
241,233,26.725841863702943
241,234,23.36651287355146
241,235,19.965352333206468
241,236,16.91510804177276
241,237,13.622894066284642
241,238,10.372800971644368
241,239,7.161341447753238
241,240,3.7901476705088673
241,242,3.810581165874155
241,243,7.333393063963156
241,244,7.9105253892064615
241,245,11.623268023292395
241,246,12.241446600537614
241,247,15.751107835194652
241,248,18.19490969026724
241,249,20.285435207303067
241,250,22.28258721762205
241,251,25.29100963842218
241,252,28.500592924233253
241,253,29.74604587008141
241,254,33.48621681597777
241,255,36.027460019620335
241,256,39.08887645847973
241,257,40.98676581260788
241,258,38.499156355039126
241,259,37.867124683828166
241,260,37.257381729073266
241,261,39.67762476361282
241,262,39.75529194151089
241,263,42.890952853476804
241,264,44.38504814027067
241,265,47.25047013984244
241,266,47.877061188051655
241,267,47.92999060131691
241,268,51.35245288119276
241,269,52.932519783355815
241,270,54.5213571736292
241,271,54.25513914308724
241,272,53.432659561378124
241,273,51.86471432449775
241,274,50.82513384536077
241,275,48.31832374192921
241,276,47.9559842694702
241,277,46.15008877175363
241,278,49.68873312743435
241,279,50.11721617658722
241,280,51.72491612114271
241,281,54.61195294914999
241,282,57.21859750917309
241,283,57.462759257154964
241,284,61.25590471714106
241,285,61.291645102241915
241,286,59.84674740518854
241,287,58.375888901854594
241,288,56.47338224855741
241,289,55.9251438403483
241,290,53.64246125959796
241,291,50.129831549557316
241,292,48.513146259406646
241,293,45.542225012634184
241,294,46.69794924014782
241,295,45.62966605375665
241,296,47.90461201592113
241,297,51.42050100034163
241,298,52.39033870836933
241,299,55.09450315461834
241,300,54.1468204987313
241,301,53.31565115494521
241,302,55.99443209790415
241,303,56.90947295903884
241,304,60.48209544955354
241,305,61.26412888103773
241,306,64.3735888013928
241,307,65.86022298391997
241,308,69.21796587207614
241,309,70.27361250598499
241,310,74.05050729895166
241,311,75.33695873117955
241,312,79.06548873538068
241,313,81.71985947058842
241,314,82.84416938783218
241,315,84.32927029521869
241,316,87.85714554454498
241,317,89.58167722667002
241,318,93.31077647286267
242,1,114.91946881072869
242,2,115.51987329302746
242,3,111.92646253291525
242,4,108.34793069987697
242,5,105.0205322347768
242,6,101.6387982608253
242,7,98.52521490221719
242,8,95.00195455937086
242,9,92.03919024212381
242,10,88.44658478462229
242,11,86.86467575921041
242,12,85.3995152048415
242,13,83.52758449358161
242,14,84.06819403069082
242,15,80.52610785389864
242,16,78.40504684850777
242,17,74.98982075439159
242,18,73.93397256624687
242,19,71.98625647482812
242,20,71.10824895261871
242,21,72.21298381942853
242,22,72.04583432398691
242,23,74.9550623718589
242,24,75.08366012981921
242,25,72.62329066440435
242,26,74.48404939824934
242,27,76.89465300112425
242,28,78.21939253558584
242,29,77.82075126586649
242,30,78.78038363648658
242,31,75.27393610967592
242,32,71.64912297690832
242,33,68.23629695477156
242,34,64.8736149712786
242,35,62.26423807799079
242,36,59.30697857307705
242,37,57.36924975005271
242,38,56.65717236622294
242,39,56.10135746195582
242,40,53.62943627452265
242,41,53.66767714674412
242,42,50.41301793778661
242,43,48.87830768135653
242,44,46.64535693369627
242,45,48.36177879681818
242,46,46.273177812192415
242,47,48.26821546509593
242,48,48.20900096872183
242,49,44.55535472334332
242,50,41.805776841958846
242,51,40.53417724167237
242,52,37.325465774350825
242,53,37.404960170965104
242,54,34.03448927765352
242,55,35.553252872553074
242,56,32.77348772174216
242,57,30.053547942184235
242,58,28.973616309966985
242,59,28.218956315387455
242,60,24.560604600356914
242,61,24.300491389001632
242,62,25.970573823936395
242,63,23.756794317989893
242,64,20.515064421075806
242,65,22.354515963352107
242,66,23.122667688418865
242,67,24.961021362274042
242,68,28.306060951471146
242,69,28.031013666348016
242,70,27.67757248160433
242,71,31.320011216558495
242,72,30.44173331630096
242,73,28.442615541084443
242,74,29.92781804067662
242,75,32.467542725648066
242,76,34.44848033912881
242,77,36.637097803257284
242,78,38.99167390236942
242,79,38.40557701915514
242,80,35.56824714406412
242,81,36.87837062298541
242,82,34.61336006455787
242,83,36.24263945475956
242,84,36.18146336694578
242,85,35.55861773732598
242,86,32.119028793008916
242,87,29.17288769775062
242,88,25.513493441004062
242,89,24.82066820797342
242,90,21.169158749395905
242,91,17.951066821729423
242,92,18.677840008253117
242,93,17.489832452916655
242,94,18.422258091935674
242,95,19.33206053946956
242,96,20.108186751918478
242,97,23.411431510075406
242,98,23.98620524936159
242,99,27.5906934943968
242,100,26.88571935683798
242,101,24.623910948129
242,102,27.278907596141572
242,103,29.993455412322998
242,104,28.817906311079422
242,105,27.99174915498705
242,106,31.335566070158446
242,107,33.13289602793221
242,108,31.790885765474282
242,109,33.34786998823253
242,110,31.294600894117288
242,111,28.231322662153072
242,112,28.65359680975363
242,113,25.37506240510778
242,114,25.038744127950185
242,115,22.500514886557326
242,116,21.178649581121434
242,117,20.166681920140725
242,118,16.46601156538608
242,119,15.642793792587351
242,120,12.188666219937291
242,121,13.024436915589652
242,122,11.848259751814476
242,123,9.960958614061834
242,124,11.898100810102138
242,125,12.858301715570898
242,126,14.86496129717431
242,127,13.44207551322548
242,128,16.18874887209599
242,129,17.68674956333932
242,130,21.24657714105929
242,131,21.263999896990455
242,132,21.107687758154878
242,133,23.654483376814547
242,134,24.87056142572554
242,135,28.078149605899483
242,136,28.54117450600034
242,137,25.02424426933668
242,138,21.571078384689752
242,139,20.0372188410296
242,140,17.86020815866373
242,141,18.451249391099864
242,142,20.257425458703217
242,143,18.91155880899317
242,144,15.16128001083224
242,145,12.969184748945422
242,146,10.550558109577338
242,147,8.287588887065759
242,148,7.7013545047566865
242,149,8.627576294786031
242,150,11.843327769669827
242,151,14.315356017732025
242,152,13.040407723286686
242,153,10.309266369550146
242,154,6.893571806104757
242,155,8.013854156390797
242,156,7.5333824303777135
242,157,8.49250488060294
242,158,11.662080316993842
242,159,13.959420744001223
242,160,17.10290498148303
242,161,19.198142283908673
242,162,22.58344308632457
242,163,25.04877073155237
242,164,28.352434800653683
242,165,30.06154845498924
242,166,32.564903974294005
242,167,30.759410561107224
242,168,27.79749697306054
242,169,24.57930879717089
242,170,22.649007048988132
242,171,18.928189815409553
242,172,17.301142147547726
242,173,13.536347970346881
242,174,11.510494363449439
242,175,8.854215084314063
242,176,8.720340441696289
242,177,10.36042117697364
242,178,11.086002175451092
242,179,14.533865324318784
242,180,14.562373419401782
242,181,12.960951027612346
242,182,13.772155685553987
242,183,12.044434550965622
242,184,8.762668518630319
242,185,9.433010817549318
242,186,11.113125550121227
242,187,8.319706024412838
242,188,5.146497772792097
242,189,7.791890348192872
242,190,6.802151778487689
242,191,9.036748915186278
242,192,7.505431979779774
242,193,4.327277155018325
242,194,5.7707887444722825
242,195,6.965891085851612
242,196,10.291947879677918
242,197,12.829861303104007
242,198,16.175931268535003
242,199,19.69600999780821
242,200,22.654791305607468
242,201,23.668051099696427
242,202,20.601639236149897
242,203,17.21730550138624
242,204,14.932765328301988
242,205,12.37665581851464
242,206,10.766716130691972
242,207,9.561552528663944
242,208,8.91687058512123
242,209,12.017307497764067
242,210,12.462626849238347
242,211,15.95019555618195
242,212,18.474594485789652
242,213,19.832592717549808
242,214,23.03439066861286
242,215,23.197162545908125
242,216,23.10658623724472
242,217,23.914716597254927
242,218,23.127754026838943
242,219,19.634472030463627
242,220,18.574859150358584
242,221,14.986699809408853
242,222,14.507406566482892
242,223,13.04301788896659
242,224,13.86092541636796
242,225,15.385620276824135
242,226,15.932539729729687
242,227,18.187939111340913
242,228,19.184073785118514
242,229,22.591381840263583
242,230,23.122381780710317
242,231,26.792177076390587
242,232,28.72301859321169
242,233,28.182040096744867
242,234,24.825759495711832
242,235,21.47721219711422
242,236,18.06283107372062
242,237,15.272677796792603
242,238,11.607721112633852
242,239,9.250043743397578
242,240,5.48866158003329
242,241,3.810581165874155
242,243,3.822608997182404
242,244,5.652079749264169
242,245,9.17601654705326
242,246,10.812909374412499
242,247,14.574692519110767
242,248,17.116281159424766
242,249,19.633517214772166
242,250,21.683813402852845
242,251,24.390160045391738
242,252,27.836749099568042
242,253,29.135017843428272
242,254,32.8465742067569
242,255,35.37987938632889
242,256,38.2094549998493
242,257,39.81805263161215
242,258,37.08543689305645
242,259,36.22705042861911
242,260,35.28248260147807
242,261,37.4829054494476
242,262,37.286214809521994
242,263,40.29528948893413
242,264,41.57893032034875
242,265,44.54566424150561
242,266,45.15276731003768
242,267,45.39216684264073
242,268,48.8703601463633
242,269,50.6048384850112
242,270,52.32511051319321
242,271,52.264255884039585
242,272,51.481571617817615
242,273,50.11227370181707
242,274,48.95732330454901
242,275,46.26579164558304
242,276,45.76987019734233
242,277,43.75050194101616
242,278,47.19429990676219
242,279,47.702237557514295
242,280,49.499034645678016
242,281,52.47581460520316
242,282,55.229761641466794
242,283,55.678070156952586
242,284,59.48681790199934
242,285,59.517365553958065
242,286,58.230544705478
242,287,56.626271999545594
242,288,54.53433538366529
242,289,53.82623560281258
242,290,51.40709921137765
242,291,47.96273849678484
242,292,46.556883915356984
242,293,43.54708533909336
242,294,44.81024119000612
242,295,43.87179328955778
242,296,46.30595304471253
242,297,49.897989986845204
242,298,50.712917697297215
242,299,53.411485419429326
242,300,52.53730762378907
242,301,51.53146711348644
242,302,54.1873044400479
242,303,54.95612850818378
242,304,58.4881108774144
242,305,59.103444717150175
242,306,62.29292044557303
242,307,63.95386392262834
242,308,67.31426492731678
242,309,68.52538667425982
242,310,72.30303357898401
242,311,73.60929295434657
242,312,77.32735463704257
242,313,80.01984321285813
242,314,81.07089403634485
242,315,82.41693510258368
242,316,85.9333573627344
242,317,87.5363363126423
242,318,91.24265752072404
243,1,111.7141761215925
243,2,112.3753850153196
243,3,108.78804895375633
243,4,105.1930641208294
243,5,101.85034890346539
243,6,98.50072957356541
243,7,95.35731552627476
243,8,91.86707453584988
243,9,88.85124966057556
243,10,85.23989765251548
243,11,83.58748234046385
243,12,82.05401993917853
243,13,80.11473075168698
243,14,80.58360813141982
243,15,77.02893378164028
243,16,74.97164220583295
243,17,71.57105941219287
243,18,70.54848188100938
243,19,68.68663014766953
243,20,67.88245953811798
243,21,69.09742854249042
243,22,69.02478840177665
243,23,71.89094096602757
243,24,71.90555804537647
243,25,69.36689925129524
243,26,71.16537568014829
243,27,73.60047942574388
243,28,74.86839777379934
243,29,74.51343203095256
243,30,75.44722270170722
243,31,71.94197750921127
243,32,68.33696266734101
243,33,64.93059073850326
243,34,61.53335429879397
243,35,59.008845350735356
243,36,55.98029094259285
243,37,53.98776320130729
243,38,53.1701186087889
243,39,52.55963287129729
243,40,50.09181614126797
243,41,50.110616871316296
243,42,46.80492312420142
243,43,45.34693898207272
243,44,43.21757857472065
243,45,45.056979123719856
243,46,43.084427883191694
243,47,45.21323456461265
243,48,45.271035093313
243,49,41.60409318646281
243,50,38.86283865699504
243,51,37.3847416683986
243,52,34.14127790315178
243,53,34.02769436611033
243,54,30.579488786774206
243,55,32.00071928980472
243,56,29.148881506154485
243,57,26.485036201906734
243,58,25.400927291060604
243,59,24.860124176190286
243,60,21.16469726504539
243,61,20.80134168533138
243,62,22.722830469556982
243,63,20.712918506238687
243,64,17.36438203723824
243,65,19.27274221550042
243,66,19.76771025358429
243,67,21.812157613238014
243,68,24.999320738350754
243,69,24.761348197230998
243,70,24.725456460654765
243,71,28.369107912036238
243,72,27.464870097159046
243,73,25.77231240647188
243,74,27.49000181507064
243,75,29.77069118847192
243,76,31.767845188434606
243,77,33.77310640382829
243,78,36.116723797457304
243,79,35.296919170372355
243,80,32.328366465484464
243,81,33.444465366338726
243,82,31.044947813315922
243,83,32.559640434001075
243,84,32.41107166999119
243,85,31.783195331904768
243,86,28.376524042346063
243,87,25.4029255982328
243,88,21.768041449320478
243,89,21.195057938840336
243,90,17.611527689790236
243,91,14.307777601800995
243,92,14.888289076808054
243,93,13.684001778233897
243,94,14.78969150807611
243,95,15.962877023679184
243,96,17.10380528256313
243,97,20.50580777892875
243,98,20.751403040764632
243,99,24.444550109820955
243,100,24.068373624947633
243,101,21.74843086324278
243,102,24.153592569528122
243,103,27.075584573637318
243,104,26.204294891634877
243,105,25.23756840965703
243,106,28.40269061178818
243,107,30.45445368773807
243,108,29.331713272856405
243,109,30.68864025255772
243,110,28.753880773910325
243,111,25.66125061000318
243,112,26.477695286341238
243,113,23.41081685479712
243,114,23.60498501034318
243,115,21.333906186667285
243,116,20.613431838562075
243,117,20.20291774258114
243,118,16.69190091907821
243,119,16.60153563683498
243,120,13.388908305420847
243,121,15.045930858003302
243,122,14.153185116205147
243,123,11.45571798664678
243,124,12.332112100181472
243,125,12.418326451951339
243,126,13.469679657974346
243,127,11.63547187122815
243,128,13.800369115362827
243,129,14.908819157052026
243,130,18.416358787515776
243,131,17.993911488046564
243,132,17.871263677172365
243,133,20.706749577475424
243,134,22.10683771599265
243,135,25.466174025792792
243,136,26.063392503555818
243,137,22.722414515489668
243,138,19.094586734447358
243,139,17.424290041689382
243,140,14.95515688863225
243,141,15.416755138490364
243,142,17.666025842151637
243,143,16.480503581140074
243,144,12.684368625162087
243,145,11.095207895115953
243,146,8.434271862168156
243,147,7.576940812290236
243,148,7.7435938892480864
243,149,10.06510576089521
243,150,13.495007696493884
243,151,16.332191487894335
243,152,15.324222381313682
243,153,13.179505716343604
243,154,9.90213308267371
243,155,11.493415645988188
243,156,10.969742523660326
243,157,11.018621226252032
243,158,13.80985126689242
243,159,15.375777940445577
243,160,18.10650240870263
243,161,19.556155610242683
243,162,22.909098820090666
243,163,24.88783370952594
243,164,28.353723709680025
243,165,29.602784842418593
243,166,31.89975811225857
243,167,29.713922044275808
243,168,26.592334186769396
243,169,23.276435802178536
243,170,20.885379001646587
243,171,17.18967392283104
243,172,14.945960821977712
243,173,11.15669491978577
243,174,8.491973364597795
243,175,5.528086891120503
243,176,4.928472749744037
243,177,7.138143593349335
243,178,8.49335448045643
243,179,12.21371464764945
243,180,13.152322978901317
243,181,12.554620278006873
243,182,13.48054796967763
243,183,10.929041696966673
243,184,8.199167283249418
243,185,10.238763246506924
243,186,11.391419458735074
243,187,8.178668281714385
243,188,6.507186401837887
243,189,9.865096264086198
243,190,9.39424509372395
243,191,10.5966780604293
243,192,8.723129444833068
243,193,5.715930277070312
243,194,6.665402258970975
243,195,6.875988149113475
243,196,10.600554693537227
243,197,12.617614720762633
243,198,16.30149241590905
243,199,19.79340739854264
243,200,23.054853717764832
243,201,23.58766912536258
243,202,20.278032683619617
243,203,17.09393568008319
243,204,14.204744436537505
243,205,12.062008339869793
243,206,9.670594652649688
243,207,8.817917690095102
243,208,7.05290043536558
243,209,9.998572314811005
243,210,10.691484463373317
243,211,13.750245188570862
243,212,15.981664973794325
243,213,16.835918761456973
243,214,19.826833755377653
243,215,19.879337216558
243,216,19.52330928399131
243,217,20.386995007556727
243,218,19.89038027796514
243,219,16.379000174571544
243,220,15.437157277674993
243,221,11.70365280350236
243,222,10.836546574217397
243,223,9.24186482823517
243,224,10.376638803760942
243,225,12.144561924085915
243,226,13.328258122269862
243,227,15.987943106143252
243,228,17.650963920523687
243,229,21.22895458743158
243,230,22.327747170198123
243,231,26.092287905416914
243,232,28.302142137164314
243,233,28.265371844509414
243,234,24.91766726894521
243,235,21.778871789530793
243,236,18.116034969131753
243,237,15.947737051654967
243,238,12.187636066057397
243,239,10.798764681451757
243,240,7.474955582277928
243,241,7.333393063963156
243,242,3.822608997182404
243,244,3.823284615369514
243,245,6.55334678002213
243,246,9.276612692761178
243,247,12.92685402469075
243,248,15.73456355177607
243,249,18.347033126878717
243,250,20.152498448789448
243,251,22.434089406868875
243,252,26.00495668706112
243,253,27.19415261238841
243,254,30.81488860597411
243,255,33.246665130866646
243,256,35.86103631215018
243,257,37.2050684834609
243,258,34.31131481019819
243,259,33.2388761122106
243,260,32.05627301705881
243,261,34.09012024834164
243,262,33.727510148558146
243,263,36.68274086655037
243,264,37.89152455420395
243,265,40.9180443955108
243,266,41.5791009070827
243,267,41.94970461007271
243,268,45.47985829422501
243,269,47.34560491340371
243,270,49.08519894427624
243,271,49.12021139389486
243,272,48.3019950767643
243,273,47.040535164223634
243,274,45.76973747100388
243,275,42.96317301897904
243,276,42.35596292458923
243,277,40.217827648887976
243,278,43.60972817582465
243,279,44.1895835294762
243,280,46.100703409079415
243,281,49.10264033642812
243,282,51.94977674850711
243,283,52.51146238321894
243,284,56.32329420786999
243,285,56.32352787892491
243,286,55.13136185977981
243,287,53.43285845587653
243,288,51.225162328260254
243,289,50.41944217918582
243,290,47.93013064065784
243,291,44.52733796230619
243,292,43.24917634924756
243,293,40.225263731126056
243,294,41.56797307525829
243,295,40.74562911107779
243,296,43.305192524420086
243,297,46.93107836066214
243,298,47.609842273618725
243,299,50.28072413086561
243,300,49.44448248402085
243,301,48.321519081929445
243,302,50.959488657255875
243,303,51.64437719849297
243,304,55.14221278897717
243,305,55.65646147812584
243,306,58.88553383774409
243,307,60.646645759421716
243,308,64.00513631313964
243,309,65.31304713805713
243,310,69.08742228792819
243,311,70.41363134716642
243,312,74.11888791177529
243,313,76.82728617018525
243,314,77.82785866977483
243,315,79.08930062845235
243,316,82.59578798561803
243,317,84.12893050197857
243,318,87.82108415684988
244,1,109.67476530852083
244,2,110.29875419192552
244,3,106.73064849121276
244,4,103.13595721512786
244,5,99.84690086383486
244,6,96.4401995232202
244,7,93.37073871876568
244,8,89.8432091548662
244,9,86.89995540697797
244,10,83.28996589084852
244,11,81.68456923572315
244,12,80.29231124578028
244,13,78.42717980185877
244,14,79.04976787844765
244,15,75.55829732528181
244,16,73.42519440723999
244,17,70.05912428523712
244,18,69.12599702882655
244,19,67.17277341422778
244,20,66.41489380757503
244,21,67.54450818453323
244,22,67.5177745178087
244,23,70.50490218603301
244,24,70.5769596170796
244,25,68.13593603824262
244,26,69.87082267375405
244,27,72.16022864293149
244,28,73.37986582401378
244,29,72.85020025279849
244,30,73.69935089791564
244,31,70.14879183545443
244,32,66.54641025765994
244,33,63.078338271314216
244,34,59.77761170343271
244,35,57.17159152856424
244,36,54.280531454778
244,37,52.25286167984226
244,38,51.66736084703403
244,39,51.03964793870946
244,40,48.47822814563495
244,41,48.47403260036967
244,42,45.312500089360434
244,43,43.63708656352767
244,44,41.280016417507966
244,45,42.881737413289244
244,46,40.730493768574114
244,47,42.66134294825101
244,48,42.575381306525834
244,49,38.93169258779949
244,50,36.173236610708535
244,51,34.97064020803412
244,52,31.799590067431147
244,53,32.04341851519644
244,54,28.776723835863216
244,55,30.528853473271102
244,56,27.986949713823776
244,57,25.037446419695435
244,58,23.86827753657007
244,59,22.8390591899463
244,60,19.259549943943107
244,61,19.143890244027517
244,62,20.57619033246587
244,63,18.186391890958344
244,64,15.070309815371319
244,65,17.1380704402939
244,66,18.30026837019971
244,67,20.439439113028314
244,68,23.701684547091844
244,69,22.993143235460693
244,70,22.65088135390147
244,71,26.175057801542053
244,72,25.039248498103962
244,73,23.032314235822362
244,74,24.422635409869102
244,75,26.88614442406817
244,76,28.804908454408157
244,77,30.99394056363268
244,78,33.37653648588215
244,79,32.86434748024672
244,80,30.07798000653912
244,81,31.548875205768887
244,82,29.485248377332006
244,83,31.34535128531395
244,84,31.62416014242459
244,85,31.11269398786774
244,86,27.517944146206318
244,87,24.87064878503483
244,88,21.251291099539664
244,89,20.910336922553483
244,90,17.25807953136189
244,91,14.44812648839509
244,92,15.396928686336224
244,93,13.656461586747628
244,94,14.646539526934559
244,95,15.042796333027704
244,96,16.35083473508152
244,97,19.341886398404046
244,98,19.472501660293922
244,99,22.985230604573744
244,100,22.190981075417138
244,101,19.571124046849597
244,102,22.107227237086455
244,103,24.868692454492844
244,104,23.592307490722636
244,105,22.516788865021145
244,106,25.86770484318378
244,107,27.72816234763691
244,108,26.299748662200777
244,109,27.740444184188142
244,110,25.65633201103769
244,111,22.5936212689112
244,112,23.130791827679115
244,113,19.96976619572378
244,114,19.976585403801007
244,115,17.768735782802256
244,116,16.94274543688324
244,117,16.74060405994937
244,118,13.271815810492065
244,119,13.701239900312741
244,120,10.967581134601614
244,121,13.358396556969057
244,122,13.417075360615138
244,123,10.806360594720214
244,124,11.74899666262823
244,125,10.93035139081424
244,126,12.024528338849784
244,127,11.207468735506389
244,128,13.700266152918893
244,129,15.467392458469813
244,130,19.144165681948863
244,131,18.619708714557905
244,132,17.710384541359872
244,133,20.444212142615957
244,134,21.230033961098396
244,135,24.716324310548938
244,136,25.822702384189938
244,137,22.625141389816633
244,138,19.07899116836585
244,139,16.758294883536458
244,140,13.904398689604957
244,141,13.649393592875828
244,142,15.341901973503091
244,143,13.586875076183862
244,144,9.907441731867197
244,145,8.495941744929317
244,146,7.017073232414522
244,147,6.476363413175753
244,148,8.418946965927708
244,149,11.147501707021402
244,150,13.929675963700214
244,151,17.226189377172563
244,152,16.956433790401018
244,153,14.500245926586782
244,154,10.856447287719016
244,155,11.639976345591046
244,156,10.590713578423559
244,157,9.347299637366373
244,158,11.556989228598422
244,159,12.390562821890494
244,160,14.830865714907308
244,161,15.93948590238219
244,162,19.305657304201493
244,163,21.181000604667616
244,164,24.630368318882624
244,165,25.81902683175859
244,166,28.170301030846282
244,167,26.035214760073927
244,168,23.01421886550585
244,169,19.633801860899727
244,170,17.427819264909413
244,171,13.66811639247491
244,172,11.75937454008083
244,173,7.9958070432797035
244,174,6.325956819224401
244,175,5.044933746791146
244,176,6.42981707082047
244,177,9.673207764516992
244,178,11.70212555165894
244,179,15.473684636021723
244,180,16.79339663630052
244,181,16.368441253558252
244,182,17.12338774998624
244,183,14.366928189386824
244,184,11.912940578078242
244,185,13.677849846964683
244,186,14.398041000169561
244,187,10.808821640253855
244,188,9.19764505476813
244,189,12.718185588178711
244,190,12.330112326686567
244,191,14.041453740727375
244,192,11.908448183156091
244,193,8.36339815215765
244,194,7.661879498473466
244,195,5.8529494974529515
244,196,8.86547844989342
244,197,9.897659254256672
244,198,13.62138699388738
244,199,16.845224505449565
244,200,20.30238852380547
244,201,21.006884095366818
244,202,17.919421183320996
244,203,15.10085651716452
244,204,12.490459525681107
244,205,11.231225537594549
244,206,9.70987931370001
244,207,10.306129929788282
244,208,9.421341423032777
244,209,12.735661749460663
244,210,14.06059690685936
244,211,16.87561801869429
244,212,18.9953310394588
244,213,19.292681037722527
244,214,21.98877829943192
244,215,21.862633079087782
244,216,20.887074086570145
244,217,21.511682077430592
244,218,21.586835400729093
244,219,18.292293611238897
244,220,17.79880049065516
244,221,13.9853292729836
244,222,12.28068813772306
244,223,9.598445240271715
244,224,10.058044572724121
244,225,10.579282771046499
244,226,11.169116713625922
244,227,13.193194188045847
244,228,14.55997085503539
244,229,17.960990164729115
244,230,18.871027274752564
244,231,22.65010123808771
244,232,24.716491813433645
244,233,24.767323397203395
244,234,21.543471714989938
244,235,18.37214136699413
244,236,14.658374436223896
244,237,12.826909714664811
244,238,9.081541242214133
244,239,8.674642518187593
244,240,6.325890210673568
244,241,7.9105253892064615
244,242,5.652079749264169
244,243,3.823284615369514
244,245,3.8038953995029368
244,246,5.638786611938414
244,247,9.290568774968738
244,248,12.226932522892803
244,249,14.636034607879349
244,250,16.457025644710004
244,251,18.927365385108438
244,252,22.45613589819249
244,253,23.788389231101597
244,254,27.47672691646779
244,255,30.068442213595908
244,256,32.78848343758419
244,257,34.34433027967699
244,258,31.554993243600997
244,259,30.798269514884254
244,260,29.925036402199794
244,261,32.267454910952715
244,262,32.27852851625415
244,263,35.2841139796812
244,264,36.678102990482515
244,265,39.485115087249454
244,266,40.01121723974002
244,267,40.06982680910202
244,268,43.50107330457055
244,269,45.14173314955621
244,270,46.806794188189976
244,271,46.68860095368772
244,272,45.947575391442626
244,273,44.580811844191686
244,274,43.53156843791912
244,275,40.894894418547594
244,276,40.57251018254145
244,277,38.67914621582057
244,278,42.16878329331091
244,279,42.48583257637887
244,280,44.151194146504345
244,281,47.15612306433567
244,282,49.83677011768846
244,283,50.29691344777038
244,284,54.10327466465833
244,285,54.26040238764215
244,286,53.05627269947155
244,287,51.5709194399285
244,288,49.501519853318925
244,289,48.95487881909534
244,290,46.47135872786391
244,291,43.07406021806628
244,292,41.72312278785276
244,293,38.57320772432723
244,294,39.62706505328854
244,295,38.52141160871933
244,296,40.866701058159165
244,297,44.48378384602118
244,298,45.40552573472082
244,299,48.213973915033506
244,300,47.507411743581976
244,301,46.63826206719206
244,302,49.44765278191444
244,303,50.39133950699408
244,304,53.85021603885451
244,305,54.37756573308604
244,306,57.47247197310241
244,307,59.08861829375431
244,308,62.367694327914435
244,309,63.49752213879372
244,310,67.25768422875176
244,311,68.44053645058023
244,312,72.18251100969678
244,313,74.9524013629916
244,314,76.11169212198384
244,315,77.4442358647811
244,316,81.0072895540006
244,317,82.59487707313767
244,318,86.28624466210873
245,1,106.8308298274036
245,2,107.53261181320421
245,3,103.9971845286349
245,4,100.37317038592664
245,5,97.11233441450901
245,6,93.70791701691351
245,7,90.66030885444503
245,8,87.15767840724163
245,9,84.19080379203069
245,10,80.5483346087607
245,11,78.85152381081983
245,12,77.46463047573037
245,13,75.528395099484
245,14,76.14154368061304
245,15,72.68466293172631
245,16,70.6248758793771
245,17,67.32484960495928
245,18,66.53707893113844
245,19,64.67138738810026
245,20,64.08032915820809
245,21,65.3227065162934
245,22,65.47530265886961
245,23,68.47822838095732
245,24,68.4152778235987
245,25,65.92035179485566
245,26,67.50223995259508
245,27,69.72139077655106
245,28,70.79757545561984
245,29,70.19933797365954
245,30,70.91533943499878
245,31,67.3226792997405
245,32,63.76768276401856
245,33,60.25011179803129
245,34,56.980705326300395
245,35,54.47058567979218
245,36,51.57603058348138
245,37,49.39160156687755
245,38,48.802380525689294
245,39,48.00102437138494
245,40,45.31583864584141
245,41,45.1546729151437
245,42,42.01118830703727
245,43,40.2209816332533
245,44,37.87754389650694
245,45,39.42489759307181
245,46,37.2130622442623
245,47,39.23003101647272
245,48,39.253983554771146
245,49,35.6545014641765
245,50,32.77927417937758
245,51,31.514074925977773
245,52,28.25059332945955
245,53,28.44934716839712
245,54,25.196414837790112
245,55,26.928647719296325
245,56,24.455305059473254
245,57,21.494513489939024
245,58,20.529712148005956
245,59,19.52059908794592
245,60,16.056650867677156
245,61,15.652840889845354
245,62,16.92249941924484
245,63,14.697271502588164
245,64,11.435326721555484
245,65,13.343587232478594
245,66,14.601463237284017
245,67,16.76041024197845
245,68,20.011967992050906
245,69,19.221496095965197
245,70,18.854178363956084
245,71,22.378938344681554
245,72,21.29875117068493
245,73,19.366226199902577
245,74,20.963880500422736
245,75,23.361157882779438
245,76,25.451032963651933
245,77,27.676165751214914
245,78,30.22118771910601
245,79,29.663823928405172
245,80,26.774715909493015
245,81,28.21787630309922
245,82,26.215918046660637
245,83,28.064313391867223
245,84,28.54087257567455
245,85,27.894511613419315
245,86,24.237403525688784
245,87,21.70114262807359
245,88,18.076018474599802
245,89,17.728261335848206
245,90,14.081421657391868
245,91,11.729818228799491
245,92,13.14548781550243
245,93,11.452836183093416
245,94,12.951560084856913
245,95,13.315521882291455
245,96,15.37930203350946
245,97,18.114538717519387
245,98,17.56379767306788
245,99,21.01797381889413
245,100,20.435131711883635
245,101,17.43898092974083
245,102,19.56326841182317
245,103,22.544106530186465
245,104,21.35646603413003
245,105,19.818958812577492
245,106,23.029250386097264
245,107,25.158908612974653
245,108,23.672818333475206
245,109,24.75472424656061
245,110,22.532497630592346
245,111,19.30154591627709
245,112,20.00287913811711
245,113,16.9296299026483
245,114,17.352931730011257
245,115,15.300870258290638
245,116,15.20781849577223
245,117,15.59435258593794
245,118,12.62231680926364
245,119,13.793557654267477
245,120,11.627204504004903
245,121,14.641503972281722
245,122,15.035421048289374
245,123,11.974929987032802
245,124,11.845748452918627
245,125,9.920209818463196
245,126,9.899982080789018
245,127,9.374559827628921
245,128,11.371215828122601
245,129,13.242662572902185
245,130,16.852202718988195
245,131,16.107425438768168
245,132,14.674513978983985
245,133,17.39781619694745
245,134,17.926395573528463
245,135,21.517501935665337
245,136,22.952563192134686
245,137,20.00341014785129
245,138,16.48819204025572
245,139,13.755759311248815
245,140,10.575610345071386
245,141,9.91279741877244
245,142,11.64993928117838
245,143,9.996880940911641
245,144,6.262615434876023
245,145,5.583784815781236
245,146,4.85963786805709
245,147,6.414075336475469
245,148,9.319065463699049
245,149,12.746683850613092
245,150,15.198085112790634
245,151,18.75030005595538
245,152,18.99897973699624
245,153,16.993652621375055
245,154,13.555083990226406
245,155,14.639576024734914
245,156,13.912904707482733
245,157,12.040824612677088
245,158,13.875302490582344
245,159,13.730547910783729
245,160,15.677209981183998
245,161,15.880979941751853
245,162,19.203035530669524
245,163,20.541995406986565
245,164,23.947567663603696
245,165,24.62953455883331
245,166,26.908126857240223
245,167,24.498881573383837
245,168,21.544490724624616
245,169,17.974419718145455
245,170,15.489166377750523
245,171,11.778051752494173
245,172,9.299224530759314
245,173,5.8083170887798845
245,174,4.560458648222323
245,175,5.285675620178677
245,176,6.522654077400009
245,177,10.309150502837964
245,178,12.467907518358999
245,179,16.12665182059285
245,180,18.040182678312025
245,181,18.317560547450345
245,182,18.750015557138102
245,183,15.4929646971141
245,184,13.82526981038574
245,185,15.935273699705354
245,186,15.933213796787312
245,187,12.190369126631257
245,188,11.646679873524759
245,189,15.405424717211103
245,190,15.586662284297377
245,191,17.128415755398027
245,192,15.161203398285894
245,193,11.840779494569516
245,194,11.161378395167652
245,195,8.868374781245786
245,196,11.307625026708159
245,197,11.224125165242956
245,198,14.86096840165856
245,199,17.626313195377048
245,200,21.319647052681127
245,201,21.80142465027853
245,202,18.81559512477145
245,203,16.552176533785982
245,204,13.822947495094981
245,205,13.42825624661273
245,206,11.82851129746506
245,207,12.932529627377441
245,208,11.531441581374146
245,209,14.34975182367496
245,210,15.64648844391083
245,211,17.861233859764383
245,212,19.405635666057588
245,213,19.11039902317602
245,214,21.26240003235772
245,215,20.694208623327953
245,216,19.12279055460072
245,217,19.365276229865348
245,218,19.933149452234083
245,219,16.992106622977975
245,220,17.141432752927944
245,221,13.456328454258431
245,222,11.2946504497017
245,223,8.125903403360514
245,224,8.961641234727969
245,225,8.687776681369499
245,226,9.940064981998223
245,227,11.764053302483996
245,228,13.70008109231685
245,229,16.929821004070867
245,230,18.2009251270518
245,231,21.975234614895545
245,232,24.031653129332238
245,233,24.604633699674842
245,234,21.652047715495993
245,235,18.676468537716133
245,236,14.922299504315433
245,237,14.007638908533863
245,238,10.60402473084213
245,239,11.397169385236031
245,240,9.807618216334408
245,241,11.623268023292395
245,242,9.17601654705326
245,243,6.55334678002213
245,244,3.8038953995029368
245,246,3.776703726395641
245,247,6.846886764468877
245,248,9.684003485638245
245,249,12.343926232008588
245,250,14.163986063411599
245,251,16.273210662672984
245,252,19.954918521925954
245,253,21.48338116559498
245,254,25.100662070310584
245,255,27.791075935677817
245,256,30.27648263537779
245,257,31.656398860103828
245,258,28.69073447388674
245,259,27.963828582256358
245,260,26.956779283926817
245,261,29.28150596995618
245,262,29.28592348058117
245,263,32.14512693337906
245,264,33.42448087676638
245,265,36.14311537825724
245,266,36.504753127145065
245,267,36.5043952263778
245,268,39.90133978776784
245,269,41.515811603678124
245,270,43.27864716166542
245,271,43.27669686093018
245,272,42.66830642676078
245,273,41.4581780199913
245,274,40.48492609166682
245,275,37.79168739444611
245,276,37.574055092925974
245,277,35.648395114233736
245,278,39.08962816676638
245,279,39.25601901511314
245,280,40.922434670594775
245,281,44.032594380553284
245,282,46.728091989331666
245,283,47.34107596249214
245,284,51.14469194253559
245,285,51.43990021431951
245,286,50.41665339794786
245,287,48.97518345637657
245,288,46.81671786214872
245,289,46.315560842178144
245,290,43.68350984286507
245,291,40.39519771973484
245,292,39.247771524832054
245,293,35.95872707244265
245,294,36.866987582470294
245,295,35.66353602360809
245,296,37.983859209699396
245,297,41.66071116709885
245,298,42.61687544247917
245,299,45.52932231151029
245,300,45.033206099378674
245,301,44.192166306524754
245,302,47.1095714494395
245,303,48.10497077755165
245,304,51.46387222723667
245,305,51.80548766615496
245,306,54.86313755073879
245,307,56.5471213558637
245,308,59.747472802000324
245,309,60.89403508889394
245,310,64.63037994231617
245,311,65.70582760986956
245,312,69.45836578499726
245,313,72.31764594909853
245,314,73.53044058296842
245,315,74.76703925139854
245,316,78.35883733699212
245,317,79.85556906115143
245,318,83.51489548535987
246,1,106.57124179813894
246,2,107.2157576025462
246,3,103.70338211797174
246,4,100.08909471206559
246,5,96.89441043306326
246,6,93.42497988134699
246,7,90.46977753324008
246,8,86.92384476931541
246,9,84.05544462948973
246,10,80.42742977584909
246,11,78.8041152736381
246,12,77.58893399364011
246,13,75.75288556510374
246,14,76.54264450980156
246,15,73.16437923780876
246,16,71.01668935673266
246,17,67.75922742685161
246,18,67.05551523861531
246,19,65.0769844112266
246,20,64.50977242468885
246,21,65.62311538832566
246,22,65.78629295875152
246,23,68.914805589637
246,24,68.95028882192297
246,25,66.58754054698697
246,26,68.12309740577793
246,27,70.18193671250481
246,28,71.2244284271553
246,29,70.4359280196964
246,30,71.06879186803481
246,31,67.4388604202712
246,32,63.89359568748089
246,33,60.321417899226404
246,34,57.179156540288375
246,35,54.56950127968012
246,36,51.85771154304553
246,37,49.663464966310315
246,38,49.352385764869936
246,39,48.54805640035187
246,40,45.77524082768657
246,41,45.58088326185596
246,42,42.629512840454076
246,43,40.588629835011595
246,44,37.990415428225134
246,45,39.206099378522794
246,46,36.749630327044166
246,47,38.48277816288628
246,48,38.306594797632386
246,49,34.77336803754173
246,50,31.873279291550382
246,51,31.033303689292033
246,52,27.890854115767265
246,53,28.569130139679768
246,54,25.6136787781253
246,55,27.683937920620018
246,56,25.612138005462885
246,57,22.436723578753032
246,58,21.46325725770879
246,59,19.863395082400675
246,60,16.71406525699325
246,61,16.605770945392546
246,62,17.081323837837324
246,63,14.408542793399084
246,64,11.690675419015536
246,65,13.52375043031243
246,66,15.641147484763444
246,67,17.60147263272844
246,68,20.914754377644638
246,69,19.66132075927208
246,70,18.726813946643507
246,71,22.0341567293103
246,72,20.773746154191326
246,73,18.294840482634296
246,74,19.348150418094136
246,75,22.12752842630804
246,76,24.13939295010341
246,77,26.68766229230757
246,78,29.29011579491809
246,79,29.210297918104633
246,80,26.621028209778874
246,81,28.516534195570394
246,82,26.973786987184084
246,83,29.172554697364497
246,84,30.097936954228302
246,85,29.548167431999996
246,86,25.78586612197645
246,87,23.631274691215662
246,88,20.137345110631536
246,89,19.90431615701303
246,90,16.34933416593487
246,91,14.619174061120564
246,92,16.292557960482863
246,93,14.375979329687711
246,94,15.58754581930662
246,95,15.179853192283312
246,96,17.07574509500488
246,97,19.277609406216754
246,98,18.793732293963224
246,99,21.89820672186756
246,100,20.75438781745887
246,101,17.549131543970464
246,102,19.840726803353384
246,103,22.46694545301756
246,104,20.688999878058517
246,105,19.07976568010167
246,106,22.523465804398757
246,107,24.28338680297936
246,108,22.310854011562526
246,109,23.541083320019688
246,110,21.049851911683785
246,111,17.87422674989899
246,112,17.930307082238524
246,113,14.570794238886524
246,114,14.37629497541871
246,115,12.154272848881545
246,116,11.611781473466275
246,117,11.999443315685053
246,118,9.048791224685184
246,119,10.728444658201198
246,120,9.325839991379677
246,121,12.813462068640325
246,122,14.119581529607226
246,123,11.593711508195923
246,124,11.825386293647211
246,125,9.418255089296036
246,126,9.922906543887649
246,127,10.78448619746745
246,128,13.240345464614581
246,129,15.753303686981386
246,130,19.36261660761392
246,131,18.84410182563328
246,132,16.832963114061112
246,133,19.13201080294693
246,134,18.93429184883939
246,135,22.427582303187588
246,136,24.227801363894923
246,137,21.388393550107093
246,138,18.181872056548173
246,139,15.083522395152093
246,140,12.000423096057608
246,141,10.754345727921914
246,142,11.263293796367384
246,143,8.824742163700657
246,144,5.700280704182067
246,145,4.883766084195975
246,146,6.394138589150126
246,147,7.178375349621354
246,148,10.759325069120417
246,149,13.798475084778655
246,150,15.510992733522967
246,151,19.188063160680468
246,152,19.961710132379714
246,153,17.66135164353216
246,154,14.147871048782223
246,155,14.456536999770877
246,156,13.466224512609928
246,157,10.714060618700325
246,158,11.821394812216768
246,159,10.826248296261413
246,160,12.455221790230723
246,161,12.314678295587147
246,162,15.718236948621676
246,163,17.135250390959538
246,164,20.413106363886488
246,165,21.222515805596068
246,166,23.72613416939575
246,167,21.577065894747783
246,168,18.88219522694141
246,169,15.237954864144966
246,170,13.320957494155937
246,171,9.550289621202484
246,172,8.124397845063866
246,173,5.296437415505036
246,174,6.497917926724637
246,175,8.302233582087451
246,176,10.220273423871237
246,177,13.952997512733786
246,178,16.140687122238717
246,179,19.843162827431968
246,180,21.583327255531767
246,181,21.555699878747504
246,182,21.87783029918541
246,183,18.764021178216893
246,184,16.91713932462503
246,185,18.542324621942726
246,186,18.48521634956707
246,187,14.672816188843825
246,188,13.735243007876159
246,189,17.36511838046404
246,190,17.498819349913063
246,191,19.5483262540907
246,192,17.525739468163113
246,193,13.909862141804293
246,194,12.614482451967893
246,195,9.659667283395542
246,196,11.01137901050798
246,197,9.953822115669535
246,198,13.175557568120263
246,199,15.439741288625827
246,200,19.15571291850239
246,201,20.06647978522352
246,202,17.548591337962172
246,203,15.718659015406946
246,204,13.702852596054539
246,205,13.966272853481914
246,206,13.371591904598098
246,207,15.079646910452169
246,208,14.438344552801786
246,209,17.595325952702844
246,210,19.108453606134162
246,211,21.486399588107663
246,212,23.15424734703033
246,213,22.813135134790766
246,214,24.90770222825916
246,215,24.289457966368627
246,216,22.490862588363452
246,217,22.525020442306765
246,218,23.302453977869956
246,219,20.54855063103919
246,220,20.872281873017325
246,221,17.216074919530758
246,222,14.932775804129498
246,223,11.550002275291458
246,224,11.713021293976517
246,225,10.373817594376042
246,226,10.511748150670233
246,227,11.106758009152266
246,228,12.185375459968613
246,229,14.930869209675901
246,230,15.609942316806352
246,231,19.32058035737522
246,232,20.994163460776935
246,233,21.456661411825323
246,234,18.724958657004635
246,235,15.617287528344445
246,236,11.982586087569391
246,237,11.414274577972263
246,238,8.405390504388148
246,239,10.174050000401675
246,240,9.740339646702814
246,241,12.241446600537614
246,242,10.812909374412499
246,243,9.276612692761178
246,244,5.638786611938414
246,245,3.776703726395641
246,247,3.8102600949927963
246,248,6.621837979783907
246,249,9.091277798764013
246,250,11.28040152082753
246,251,13.963633542525372
246,252,17.528742236824932
246,253,19.382797391359535
246,254,23.115132673734823
246,255,26.06964193479986
246,256,28.756507273268763
246,257,30.498974515081937
246,258,27.74761751840717
246,259,27.510744933822657
246,260,26.969308648478528
246,261,29.66078794970605
246,262,30.12019643124252
246,263,32.991653211769076
246,264,34.449344879730866
246,265,36.88229190163103
246,266,37.05330481433541
246,267,36.665185703874656
246,268,39.89438513548323
246,269,41.18871174868206
246,270,42.87503617996695
246,271,42.68492033900326
246,272,42.20397637238864
246,273,40.85812618099201
246,274,40.1950310833645
246,275,37.75200960815583
246,276,37.89313378525598
246,277,36.28524497661259
246,278,39.802575008149454
246,279,39.6580585544527
246,280,41.00747551863934
246,281,44.097682603582264
246,282,46.562774039772336
246,283,47.03068526647633
246,284,50.806966343717434
246,285,51.28891496830312
246,286,50.23002338383821
246,287,49.0581850357874
246,288,47.09727608776045
246,289,46.900495444650865
246,290,44.314906244358355
246,291,41.04969119242266
246,292,39.796876952626
246,293,36.415728294432796
246,294,36.97367533119721
246,295,35.4212415604491
246,296,37.4261787805174
246,297,41.05694479856253
246,298,42.33318008706049
246,299,45.39048327410191
246,300,45.02739563759556
246,301,44.501753356463006
246,302,47.580733436317765
246,303,48.85800364211199
246,304,52.16917533461371
246,305,52.555094439159504
246,306,55.44822402389234
246,307,56.94432851398522
246,308,60.04905935588562
246,309,60.97464723869007
246,310,64.68326484658688
246,311,65.59624094423802
246,312,69.38043985628879
246,313,72.2921120168797
246,314,73.68279470135228
246,315,75.01525408443753
246,316,78.65874334623639
246,317,80.22759182512044
246,318,83.88135957497282
247,1,103.62407531790576
247,2,104.2603967068534
247,3,100.77607617067433
247,4,97.16010826313894
247,5,94.01832266066798
247,6,90.51387395637262
247,7,87.62594947800845
247,8,84.06705264077596
247,9,81.25409498203328
247,10,77.62824418322184
247,11,76.02198550504158
247,12,74.92264781225809
247,13,73.1347862825126
247,14,74.04325620397664
247,15,70.73785525782732
247,16,68.55516993366216
247,17,65.3578940196627
247,18,64.76928279466296
247,19,62.75231713943696
247,20,62.27573747164674
247,21,63.350547969525856
247,22,63.60859173132169
247,23,66.81980699684829
247,24,66.85617336789691
247,25,64.56757150859283
247,26,65.99719021490684
247,27,67.90786225581695
247,28,68.86581543932732
247,29,67.92209168310083
247,30,68.44895295043172
247,31,64.78743533041666
247,32,61.27363738190277
247,33,57.65706914896011
247,34,54.621689375217684
247,35,51.98869192912212
247,36,49.41193585209195
247,37,47.16415644433766
247,38,47.05621432789861
247,39,46.20540164037162
247,40,43.35344088203016
247,41,43.11565555829719
247,42,40.335746055796484
247,43,38.10384081199186
247,44,35.32547166641647
247,45,36.29767019814588
247,46,33.69889932921589
247,47,35.24594611097817
247,48,34.961591222607716
247,49,31.484265788871173
247,50,28.57770899421786
247,51,28.002280103647426
247,52,24.979947386670226
247,53,26.017554673128554
247,54,23.348816489736805
247,55,25.722455533858444
247,56,24.082211884009883
247,57,20.72657731494924
247,58,19.724351632928784
247,59,17.645397527821764
247,60,14.917091667967311
247,61,15.078065384085265
247,62,14.833644567624031
247,63,11.857761573089086
247,64,9.852829076230947
247,65,11.696774621004012
247,66,14.530328702589687
247,67,16.52703742778557
247,68,19.602155827950984
247,69,17.78670353171158
247,70,16.611296301604824
247,71,19.578090613953187
247,72,18.003458102073214
247,73,15.270173642798188
247,74,15.893384150355265
247,75,18.779419167261473
247,76,20.681623505196065
247,77,23.382504054866637
247,78,26.026289716006534
247,79,26.241696188741017
247,80,23.873346448957516
247,81,26.087214241430544
247,82,24.958583794804014
247,83,27.443170952519484
247,84,28.799929830602697
247,85,28.384807040831745
247,86,24.575854828349968
247,87,22.902375190160935
247,88,19.682561829989165
247,89,19.78152143935177
247,90,16.555152348144286
247,91,15.592165419455132
247,92,17.338690728032322
247,93,15.207697799489463
247,94,16.236909418989637
247,95,15.186334193351327
247,96,17.24881666156403
247,97,18.77658322002981
247,98,17.9650088326692
247,99,20.6327202417375
247,100,19.233143351702015
247,101,15.77196236281849
247,102,17.861883903005722
247,103,20.25678615997538
247,104,18.155265917486002
247,105,16.269117162773032
247,106,19.734872226988305
247,107,21.342598365646072
247,108,19.057960267938356
247,109,20.206559112910337
247,110,17.54620197754906
247,111,14.420878090045148
247,112,14.213931215200398
247,113,10.836287256691385
247,114,10.719906905820569
247,115,8.943553781366777
247,116,8.932836592352457
247,117,10.393141284888198
247,118,8.393911933295398
247,119,11.229141338280218
247,120,11.090205628717733
247,121,14.853068181827247
247,122,16.767811304963622
247,123,14.482080786749616
247,124,14.376691650473916
247,125,11.339903055287323
247,126,11.171032531634461
247,127,12.796211112260117
247,128,14.764227273901703
247,129,17.324421598523557
247,130,20.663022258107937
247,131,19.913477919667393
247,132,17.344793881414752
247,133,19.424368034887582
247,134,18.61635776675549
247,135,22.075494697841812
247,136,24.394731581609673
247,137,21.97866386098583
247,138,19.05787268378734
247,139,15.555467222885547
247,140,12.36356491011164
247,141,10.152115457090005
247,142,9.703247904455154
247,143,6.418965650136746
247,144,4.893776823903975
247,145,5.958377783527025
247,146,8.932828176135311
247,147,10.391933960316333
247,148,14.146246429921858
247,149,17.207448827963823
247,150,18.519493478968744
247,151,22.239142672932317
247,152,23.36122935550208
247,153,21.12319096154921
247,154,17.686729402267847
247,155,17.73429817277731
247,156,16.58111552041272
247,157,13.41684407150088
247,158,13.677321073021032
247,159,11.693904584504326
247,160,12.26061492784178
247,161,10.962774494135063
247,162,13.974649021244495
247,163,14.702255926244852
247,164,17.876629558861715
247,165,18.196801372640063
247,166,20.608640813871872
247,167,18.313854484566793
247,168,15.790812575830477
247,169,12.034048042664406
247,170,10.237715313278146
247,171,6.714661641326541
247,172,5.911605189767201
247,173,5.046162097268924
247,174,7.9796517722225335
247,175,10.909224624205551
247,176,13.123987660268266
247,177,16.81449331998052
247,178,19.24151432080344
247,179,22.823373231580124
247,180,24.876581089274033
247,181,25.112333421102157
247,182,25.431287494778843
247,183,22.171720199869593
247,184,20.53286095454558
247,185,22.279096602986225
247,186,22.051735553187576
247,187,18.229150472368282
247,188,17.505407734503752
247,189,21.146997335528514
247,190,21.293478023665138
247,191,23.30063403219173
247,192,21.135752891685122
247,193,17.491293571885553
247,194,15.823095906481836
247,195,12.478785133989454
247,196,12.990214017980502
247,197,10.854100552957547
247,198,13.405631456442965
247,199,14.839213553154218
247,200,18.56925413100327
247,201,19.365649760956636
247,202,17.267612639188428
247,203,16.235335116558776
247,204,14.60441099524361
247,205,15.784294265884753
247,206,15.630816721327719
247,207,17.90605430124476
247,208,17.443768998143835
247,209,20.481531134861893
247,210,22.246713561709665
247,211,24.33267953506127
247,212,25.816747541563906
247,213,25.028091093051614
247,214,26.76563947586941
247,215,26.023305093501133
247,216,23.76912989784703
247,217,23.62643056075511
247,218,24.922029447021572
247,219,22.49213034773291
247,220,23.111334936200084
247,221,19.633886650839393
247,222,16.966758263827764
247,223,13.362108843187498
247,224,13.071196999158888
247,225,10.679441655294925
247,226,10.353779181923494
247,227,9.775974789513207
247,228,10.618453187563858
247,229,12.69128496489664
247,230,13.383577937164945
247,231,16.919468364024286
247,232,18.432650919583484
247,233,19.37159655012353
247,234,17.04127512012716
247,235,14.304835770504758
247,236,10.960514018078902
247,237,11.627852108470268
247,238,9.655968642708078
247,239,12.437458498808187
247,240,12.88663755331463
247,241,15.751107835194652
247,242,14.574692519110767
247,243,12.92685402469075
247,244,9.290568774968738
247,245,6.846886764468877
247,246,3.8102600949927963
247,248,3.7893839920293253
247,249,5.525683033445915
247,250,7.586744127803058
247,251,10.26677541831472
247,252,13.83214405084648
247,253,15.93114176645771
247,254,19.64425926910226
247,255,22.766222514820175
247,256,25.41241255939935
247,257,27.261094160813744
247,258,24.584549981676247
247,259,24.683895296059063
247,260,24.430669383208066
247,261,27.35640189899181
247,262,28.173795154251597
247,263,30.986776939252792
247,264,32.576339489276116
247,265,34.73122075385899
247,266,34.75603727629119
247,267,34.06466339329357
247,268,37.1575423349579
247,269,38.233631649221806
247,270,39.835865226486334
247,271,39.52233392282964
247,272,39.13213512838467
247,273,37.739206575745754
247,274,37.298113995715596
247,275,35.02479222470161
247,276,35.454440305942796
247,277,34.09644172255293
247,278,37.6343802472199
247,279,37.21723918265446
247,280,38.32122915064363
247,281,41.40238527416378
247,282,43.701916719444874
247,283,44.117131838437636
247,284,47.861613298291246
247,285,48.50913088186671
247,286,47.50206543335067
247,287,46.53198882529539
247,288,44.680905647644174
247,289,44.72300941757091
247,290,42.13356852314012
247,291,38.94827600512002
247,292,37.71099234554586
247,293,34.23217459059793
247,294,34.47120820898637
247,295,32.65103144739586
247,296,34.426495230082864
247,297,38.03196211190244
247,298,39.518092005230606
247,299,42.69656339322002
247,300,42.515856754922794
247,301,42.22232452752902
247,302,45.4461509072979
247,303,46.943365537565526
247,304,50.15665188197071
247,305,50.4966491543816
247,306,53.24084014243701
247,307,54.623984676412995
247,308,57.619510484847055
247,309,58.39952858711938
247,310,62.070069754331485
247,311,62.8338223117524
247,312,66.63410029460641
247,313,69.60799355378106
247,314,71.13309496752866
247,315,72.48971148987134
247,316,76.1720806470946
247,317,77.75478299190182
247,318,81.38777719279943
248,1,103.80237485952807
248,2,104.49783263395655
248,3,101.0736082102786
248,4,97.43729889351795
248,5,94.37565052364995
248,6,90.84549007242231
248,7,88.04560706157389
248,8,84.50206458417644
248,9,81.72764707023478
248,10,78.08515863347527
248,11,76.41440223640438
248,12,75.41484148010898
248,13,73.5924150898422
248,14,74.56172939018076
248,15,71.34844230779187
248,16,69.23390756812296
248,17,66.15272465627454
248,18,65.7711827472921
248,19,63.816208265053724
248,20,63.52739690401727
248,21,64.64930542338051
248,22,65.078336288762
248,23,68.34126901257521
248,24,68.29407177299655
248,25,66.01881711904709
248,26,67.26945378779747
248,27,69.03194723464911
248,28,69.81465081074718
248,29,68.71312128266267
248,30,69.03958563345891
248,31,65.32738915342065
248,32,61.89812600832279
248,33,58.216799093282916
248,34,55.30696855618956
248,35,52.76254545986564
248,36,50.29514766316287
248,37,47.871928004281614
248,38,47.87918046398016
248,39,46.7981864496414
248,40,43.75897040086923
248,41,43.24572955669835
248,42,40.60325021603778
248,43,38.094596409711656
248,44,35.26865872717499
248,45,35.91683904893222
248,46,33.0414462233519
248,47,34.514703599036245
248,48,34.27146498384906
248,49,30.99655087951905
248,50,27.877192969918323
248,51,27.57403274499453
248,52,24.508507399290234
248,53,25.73574802789147
248,54,23.34215174018357
248,55,25.654834522235415
248,56,24.277227877818486
248,57,21.086951065359855
248,58,20.622307236437713
248,59,18.4754543569025
248,60,16.31593555994373
248,61,16.01137510408116
248,62,14.97058361918103
248,63,12.386106546091456
248,64,10.766642721111982
248,65,11.50404882145161
248,66,14.674304297095734
248,67,15.910220042029463
248,68,19.059625868028874
248,69,17.25951486180626
248,70,15.322121841791724
248,71,18.10362606553422
248,72,16.90774371963552
248,73,13.690703747751481
248,74,14.184736573941473
248,75,17.51670725524478
248,76,19.772759326393682
248,77,22.882770201019106
248,78,25.831647439057456
248,79,26.378556771040923
248,80,24.121857759302955
248,81,26.47845689238266
248,82,25.68845016586629
248,83,28.141102493237266
248,84,29.830172997573843
248,85,29.133153368265038
248,86,25.366331694521367
248,87,23.887917328212055
248,88,20.779219611515156
248,89,20.51871635548854
248,90,17.435272998759167
248,91,17.126596633458192
248,92,19.435546117160037
248,93,17.76535442097914
248,94,19.20499123458868
248,95,18.2629249430137
248,96,20.600123481844346
248,97,21.884542828668597
248,98,20.700822235995403
248,99,23.108364481168106
248,100,21.741000264512493
248,101,18.102737037664387
248,102,19.72587349908208
248,103,22.02962814818893
248,104,19.762050730552414
248,105,17.4029565888857
248,106,20.646156019668865
248,107,22.236201879884163
248,108,19.525284010730687
248,109,20.213161569415504
248,110,17.067386818885975
248,111,13.775837497461689
248,112,12.793862018619267
248,113,9.063507739175218
248,114,8.237117053102542
248,115,5.63444540257187
248,116,6.195325588736402
248,117,7.844434603374076
248,118,7.027406796340724
248,119,10.146745784788743
248,120,10.906167455226397
248,121,14.63952977152399
248,122,16.861163919532874
248,123,14.762082021246961
248,124,14.176587812908414
248,125,10.742080509654794
248,126,10.341022938295458
248,127,12.933864283547182
248,128,14.876488209985036
248,129,17.859948884844336
248,130,21.01351491693469
248,131,20.69943948658103
248,132,17.69077907593681
248,133,19.083797888940445
248,134,17.59200373091075
248,135,20.72365961623031
248,136,23.250558791437946
248,137,21.029207332880354
248,138,18.5947077678233
248,139,15.016144191440794
248,140,12.40471635578395
248,141,10.354610429513496
248,142,8.552151020366159
248,143,5.688674678106408
248,144,5.824802773330038
248,145,6.358503964853107
248,146,10.076712377827981
248,147,11.461191185872247
248,148,15.243207773884503
248,149,18.11158929672498
248,150,18.724313741894708
248,151,22.40717123675391
248,152,24.101038893606518
248,153,22.144599493758232
248,154,19.03512581709888
248,155,19.10990495388221
248,156,18.43684120261345
248,157,15.02937067141098
248,158,15.216748200507677
248,159,12.64697406889281
248,160,13.048552131970677
248,161,11.122583146679357
248,162,14.068127016237723
248,163,14.631699306664556
248,164,17.230827016548925
248,165,17.36912293165078
248,166,20.102948308766287
248,167,18.09767367618048
248,168,16.241322193631273
248,169,12.490121027417018
248,170,11.469948855163738
248,171,8.708657101275083
248,172,8.643552368015778
248,173,8.696925854173822
248,174,11.511823053166395
248,175,14.332396746699219
248,176,16.06073259828361
248,177,19.838399581926343
248,178,21.88910445552524
248,179,25.436799996900668
248,180,27.378864694130158
248,181,27.623753377017938
248,182,27.50867897247251
248,183,24.202221413757446
248,184,22.87787870068728
248,185,24.3083019458171
248,186,23.5985599590156
248,187,19.820833539685637
248,188,19.4325143676664
248,189,23.007307403092263
248,190,23.611086719710393
248,191,25.913266083666052
248,192,24.090137851057793
248,193,20.476232348425263
248,194,19.081904864834485
248,195,15.879133980519399
248,196,16.329730505941562
248,197,14.073493570542572
248,198,16.21774632888667
248,199,17.111899366478276
248,200,20.666975344218617
248,201,21.802746974636428
248,202,20.16067755876046
248,203,19.44449938710691
248,204,18.159111508969012
248,205,19.40538757469073
248,206,19.348295091064664
248,207,21.48660644832351
248,208,20.872534048958247
248,209,23.84892586602968
248,210,25.321762600803073
248,211,27.374180192498322
248,212,28.60290568445326
248,213,27.832745709577665
248,214,29.32792386654363
248,215,28.19352998910756
248,216,25.740001758660622
248,217,25.080419350590958
248,218,26.41676281074061
248,219,24.358361056916838
248,220,25.450082505768872
248,221,22.117857746458636
248,222,19.697133019614878
248,223,16.278220039906305
248,224,16.429386250555872
248,225,13.987919368574227
248,226,13.864559394757372
248,227,12.861232402796748
248,228,13.369564093556923
248,229,14.655245468560668
248,230,14.831877273877122
248,231,17.977202447755943
248,232,18.80965014215151
248,233,19.81567566892292
248,234,18.097095557311594
248,235,15.401646800139641
248,236,12.608525142453436
248,237,13.638639771430737
248,238,12.147520159020832
248,239,15.012317468627714
248,240,15.593869760360787
248,241,18.19490969026724
248,242,17.116281159424766
248,243,15.73456355177607
248,244,12.226932522892803
248,245,9.684003485638245
248,246,6.621837979783907
248,247,3.7893839920293253
248,249,3.8016044993117535
248,250,7.197713537161672
248,251,9.983985762647734
248,252,13.310440422100532
248,253,16.141335624781227
248,254,19.69999773123404
248,255,23.14269946807074
248,256,25.618562605036203
248,257,27.541817259702828
248,258,24.892762825215932
248,259,25.42914884693924
248,260,25.30502112354815
248,261,28.301820786196583
248,262,29.261952237263984
248,263,31.779786717604324
248,264,33.17142512470755
248,265,35.05198731623668
248,266,34.669032706660886
248,267,33.695406241489735
248,268,36.563457683496694
248,269,37.3467526664788
248,270,39.12212537604501
248,271,38.915608349253255
248,272,38.87898984580899
248,273,37.6627474449339
248,274,37.56487081653143
248,275,35.40007177890556
248,276,36.163184296141
248,277,34.917270579396785
248,278,38.3435266768815
248,279,37.5778887625419
248,280,38.51410760930858
248,281,41.70846525212712
248,282,43.87077215366666
248,283,44.41009284217856
248,284,48.09444779018611
248,285,49.03215236534952
248,286,48.233041716018676
248,287,47.47315424095013
248,288,45.63825516665856
248,289,45.86344429419931
248,290,43.145991278665804
248,291,40.148742741444714
248,292,39.11961059648105
248,293,35.51236433918174
248,294,35.40661768818356
248,295,33.29498360513651
248,296,34.78643116094842
248,297,38.37965423362687
248,298,40.1068907850741
248,299,43.457791590309704
248,300,43.59213224560518
248,301,43.49089032000906
248,302,46.8574445074279
248,303,48.49874622607131
248,304,51.56025176979751
248,305,51.71156003137474
248,306,54.32842783437982
248,307,55.698801703121944
248,308,58.540115226684534
248,309,59.2260229936874
248,310,62.8308124234454
248,311,63.376843251556195
248,312,67.18590014524631
248,313,70.27682163206417
248,314,71.94603252870245
248,315,73.23301311762043
248,316,76.9558591392262
248,317,78.45708650242422
248,318,82.03481208845591
249,1,101.55589698979784
249,2,102.15882397556604
249,3,98.73677505095287
249,4,95.13019474079474
249,5,92.10687632213474
249,6,88.53168113192031
249,7,85.79535977367354
249,8,82.2112967436638
249,9,79.53361282120436
249,10,75.93035018744584
249,11,74.38067927163415
249,12,73.52708805046983
249,13,71.84838573747234
249,14,72.98624666291094
249,15,69.83483741840027
249,16,67.5933117524424
249,17,64.5235889973449
249,18,64.14168415732024
249,19,62.04573629543621
249,20,61.70887366098268
249,21,62.66703478162325
249,22,63.04891372842865
249,23,66.40382680887895
249,24,66.48781672998504
249,25,64.36715043710736
249,26,65.62701884131076
249,27,67.26026274605033
249,28,68.0774328178701
249,29,66.8422204375748
249,30,67.17080979437804
249,31,63.46675656714269
249,32,60.03119394797492
249,33,56.350666362845786
249,34,53.55187288124988
249,35,50.877200793378634
249,36,48.59691808886629
249,37,46.28046725346142
249,38,46.5639103753524
249,39,45.62533429292796
249,40,42.63969310811094
249,41,42.274466251742965
249,42,39.850128227538214
249,43,37.25411884400238
249,44,34.18550156040873
249,45,34.594537713243575
249,46,31.660910620771734
249,47,32.76437175391859
249,48,32.23508138061669
249,49,28.987914938031565
249,50,26.0677123619591
249,51,26.181055123758235
249,52,23.46504996503424
249,53,25.19963798447037
249,54,23.187715382630635
249,55,25.914465577290322
249,56,25.014619239944764
249,57,21.613557250681286
249,58,20.788951735603003
249,59,18.077186031712284
249,60,16.32076024372365
249,61,16.730384266746583
249,62,15.220596313058074
249,63,12.187187298170851
249,64,11.683401391388928
249,65,12.834547403025134
249,66,16.39261329500543
249,67,17.90039551550028
249,68,20.606678717066305
249,69,18.201885891406388
249,70,16.330853462173543
249,71,18.519267322227005
249,72,16.726516736774567
249,73,13.369584190860706
249,74,12.840451049304468
249,75,16.166645465494565
249,76,17.87177541812506
249,77,21.0223214333168
249,78,23.74259134421484
249,79,24.71408871421277
249,80,22.912811148016903
249,81,25.681078298067153
249,82,25.351789186001454
249,83,28.180822543509485
249,84,30.181018331739374
249,85,29.86395974668251
249,86,26.114542902136936
249,87,25.1190819204788
249,88,22.33967815747095
249,89,22.606483704025102
249,90,19.84006359077708
249,91,19.73357600508248
249,92,21.66616876410645
249,93,19.555667721786648
249,94,20.422671404594862
249,95,18.79648109702514
249,96,20.782858549437034
249,97,21.460140982310715
249,98,20.44171417263123
249,99,22.350569874857364
249,100,20.50182324465679
249,101,16.966194984256784
249,102,18.691507601657882
249,103,20.432729039513973
249,104,17.70280835603546
249,105,15.538127641348037
249,106,18.872431154828302
249,107,19.922280638303288
249,108,16.902147939267333
249,109,17.906040331579693
249,110,14.817968810736765
249,111,12.024364598476282
249,112,10.494656966491341
249,113,6.881077043866881
249,114,5.5060126614834894
249,115,4.273620509206235
249,116,4.7220824881192005
249,117,7.832893680789818
249,118,7.955305359903103
249,119,11.680656361126367
249,120,13.232554970500034
249,121,16.905759696435346
249,122,19.583447934975514
249,123,17.90916710613384
249,124,17.71154230578844
249,125,14.405937323681353
249,126,14.124617307768869
249,127,16.692389484587334
249,128,18.47546672846621
249,129,21.27592904074645
249,130,24.30738770903309
249,131,23.671580042681253
249,132,20.567018554196913
249,133,22.02710381347546
249,134,20.329201032983704
249,135,23.40677332761011
249,136,26.22611944113847
249,137,24.294315662319857
249,138,21.966109646314816
249,139,18.280931574310692
249,140,15.533088764567989
249,141,12.90031900995701
249,142,10.874603520544804
249,143,7.516687240731912
249,144,8.676516601759193
249,145,9.998761083172221
249,146,13.619207644431139
249,147,14.90979731593283
249,148,18.705731572309784
249,149,21.466777719599666
249,150,22.0558504915405
249,151,25.699969357659484
249,152,27.35754142511042
249,153,25.13603776798048
249,154,21.893760849073825
249,155,21.47536289721999
249,156,20.29332691874724
249,157,16.697607287299405
249,158,16.027892680205735
249,159,12.95997825790988
249,160,12.229830008751902
249,161,9.423644439243695
249,162,11.58813408160223
249,163,11.423117753513043
249,164,13.95268486463923
249,165,13.73247969535143
249,166,16.34544324735953
249,167,14.323848338470787
249,168,12.659137982570222
249,169,8.994970052568771
249,170,8.671754368888017
249,171,6.799971745335923
249,172,8.246460777810988
249,173,9.605270820773537
249,174,13.09647634404298
249,175,16.304204298846766
249,176,18.606589129779678
249,177,22.27559484404989
249,178,24.70935202093918
249,179,28.250072634360507
249,180,30.34472756680866
249,181,30.575362646438865
249,182,30.746530162241047
249,183,27.473305667706445
249,184,25.925406953278802
249,185,27.460489822222414
249,186,27.02900946877019
249,187,23.221854121403165
249,188,22.524329679688417
249,189,26.059393636380005
249,190,26.295581276350568
249,191,28.543168815136916
249,192,26.388757274385025
249,193,22.671480997034983
249,194,20.7391073218735
249,195,17.209824943757138
249,196,16.85421067415385
249,197,13.911777324091828
249,198,15.265093205579737
249,199,15.354122564141623
249,200,18.695195891594395
249,201,19.762183720581838
249,202,18.629030825752466
249,203,18.61497302299821
249,204,17.874362328272767
249,205,19.78714046360465
249,206,20.30547122593918
249,207,22.94299677329092
249,208,22.80232607527797
249,209,25.87297137473564
249,210,27.750105703806
249,211,29.762403017691053
249,212,31.149769764273007
249,213,30.140214831897275
249,214,31.60497637987244
249,215,30.69221301548896
249,216,28.09205455539891
249,217,27.64160866769809
249,218,29.28565514526865
249,219,27.220573208999237
249,220,28.151992374674084
249,221,24.82564434662984
249,222,22.053130545400645
249,223,18.43321371644356
249,224,17.88108847077432
249,225,14.881863346953764
249,226,13.941197729118787
249,227,11.937776748009194
249,228,11.675630750266382
249,229,12.062445273533145
249,230,11.912318217028638
249,231,14.71197012520615
249,232,15.335917361895824
249,233,16.660986647984323
249,234,15.312772988097564
249,235,13.115949246761424
249,236,10.88331365115186
249,237,12.902715624418848
249,238,12.446745425309105
249,239,15.87973091548588
249,240,17.235624686179037
249,241,20.285435207303067
249,242,19.633517214772166
249,243,18.347033126878717
249,244,14.636034607879349
249,245,12.343926232008588
249,246,9.091277798764013
249,247,5.525683033445915
249,248,3.8016044993117535
249,250,3.777617177448507
249,251,7.06515700899031
249,252,9.992007193796304
249,253,12.915440881747994
249,254,16.475977739449906
249,255,20.008027166685224
249,256,22.661243729351085
249,257,24.900033871631663
249,258,22.57911784780233
249,259,23.512932716444137
249,260,23.920898861861055
249,261,27.2074869259702
249,262,28.63532069883937
249,263,31.241684738837236
249,264,32.95763332940178
249,265,34.573097567991816
249,266,34.23938137727198
249,267,32.95982900118698
249,268,35.686714544158576
249,269,36.23572382050236
249,270,37.726955374485684
249,271,37.19348337891459
249,272,37.082929694019455
249,273,35.613353371604404
249,274,35.70474725251618
249,275,33.84027984473204
249,276,34.85206896191599
249,277,33.9832015449799
249,278,37.48168117694782
249,279,36.5433770172409
249,280,37.14854191573853
249,281,40.1844522700991
249,282,42.1049929530439
249,283,42.39447832649823
249,284,46.03082648537497
249,285,47.024325402231064
249,286,46.099903331162096
249,287,45.55931992770041
249,288,43.96868943626949
249,289,44.46351073372062
249,290,41.9102371848348
249,291,38.90924627544606
249,292,37.68906317303702
249,293,34.112836565840794
249,294,33.74404220216323
249,295,31.403963316364415
249,296,32.61834997582956
249,297,36.09428975671016
249,298,38.04546129200594
249,299,41.42932399564357
249,300,41.58219684508848
249,301,41.75894134706959
249,302,45.20036699674036
249,303,47.08144280160216
249,304,50.106927495845945
249,305,50.38934928453628
249,306,52.84036002457273
249,307,53.98562537645785
249,308,56.7599104028471
249,309,57.23506520948485
249,310,60.81040412297545
249,311,61.275017701062104
249,312,65.08956472903972
249,313,68.16442551207334
249,314,69.95237344188278
249,315,71.37071774658381
249,316,75.11209236980321
249,317,76.72782276968499
249,318,80.31030398826293
250,1,98.33867181936075
250,2,98.87070354829997
250,3,95.42868283957085
250,4,91.84529982602005
250,5,88.81473931261448
250,6,85.22495628468405
250,7,82.49306007487793
250,8,78.882675599069
250,9,76.24566233149207
250,10,72.67095716944355
250,11,71.21428576959994
250,12,70.41616197015729
250,13,68.8414396541995
250,14,70.06930038355563
250,15,66.93215892871915
250,16,64.5854058529082
250,17,61.49102484130882
250,18,61.05212577316639
250,19,58.851020866227465
250,20,58.442095609978885
250,21,59.29214297648236
250,22,59.61876635360541
250,23,63.01562799374688
250,24,63.18964352359021
250,25,61.164640903461255
250,26,62.46393914544112
250,27,64.04626357271945
250,28,64.9283265925374
250,29,63.65292841589672
250,30,64.04329397524862
250,31,60.36329974353442
250,32,56.899302097068286
250,33,53.243181655356786
250,34,50.48012575763908
250,35,47.69737939277334
250,36,45.51240493635476
250,37,43.32461161721395
250,38,43.77122170565768
250,39,43.01335693050945
250,40,40.14226140994076
250,41,39.99702728094689
250,42,37.704786487062535
250,43,35.159911598666476
250,44,31.934030137190575
250,45,32.29994420931606
250,46,29.475805998443445
250,47,30.34149747892486
250,48,29.596590145328
250,49,26.275259675229183
250,50,23.626316152158697
250,51,23.91262220346752
250,52,21.53117019962127
250,53,23.582072384113925
250,54,21.822204187394092
250,55,24.90100479984125
250,56,24.359089038689497
250,57,20.773558390551553
250,58,19.472086611978597
250,59,16.32859310696154
250,60,14.894963070190524
250,61,16.072213170851434
250,62,14.41351366572781
250,63,11.011560641465714
250,64,11.545476062567529
250,65,13.276739073927924
250,66,16.918154947523682
250,67,18.895916367385393
250,68,21.08646988881353
250,69,18.17440064140904
250,70,16.77737814205913
250,71,18.479941805624097
250,72,16.014029299044047
250,73,12.974127004896216
250,74,11.726069923130737
250,75,14.583960412646851
250,76,15.58120808107428
250,77,18.481723307459067
250,78,20.857476072238942
250,79,21.99301219337778
250,80,20.53381768759855
250,81,23.562388185905423
250,82,23.5291315999339
250,83,26.666332666260775
250,84,28.832346173306682
250,85,28.95216198568893
250,86,25.262753936182143
250,87,24.702368677387245
250,88,22.286340564792418
250,89,23.164501454038213
250,90,20.764921863156648
250,91,20.795910358383555
250,92,22.225447294031124
250,93,19.711149041479576
250,94,19.988075389229117
250,95,17.760943204632934
250,96,19.441414453933312
250,97,19.492503760067823
250,98,18.554758092773117
250,99,19.96086471022382
250,100,17.78533503711782
250,101,14.406705270834715
250,102,16.155896588768176
250,103,17.40713051743538
250,104,14.393390883434218
250,105,12.465730296380059
250,106,15.865671140808162
250,107,16.507556796784893
250,108,13.413809281899704
250,109,14.811806288517722
250,110,12.054674880806244
250,111,9.873800531721335
250,112,8.530786582905964
250,113,5.793273264087203
250,114,5.515693913416675
250,115,6.737375638473622
250,116,7.5142300874364585
250,117,10.982975378696752
250,118,11.210225084843975
250,119,14.994155902551617
250,120,16.526199054229693
250,121,20.192841236524032
250,122,22.899113674790016
250,123,21.22094542003345
250,124,21.15065927717118
250,125,17.862175706705372
250,126,17.35076749546038
250,127,19.582644123973047
250,128,21.01577164126383
250,129,23.432299464822467
250,130,26.29984547476401
250,131,25.174988216622747
250,132,22.10448121626274
250,133,23.82319176880426
250,134,22.19271133748356
250,135,25.348188698051796
250,136,28.377540689577582
250,137,26.713698321594347
250,138,24.324439547767486
250,139,20.556275627868615
250,140,17.52660640999825
250,141,14.356200239049684
250,142,12.619509424778574
250,143,9.034254108284674
250,144,10.646568227740477
250,145,12.82133214516196
250,146,16.247507671101236
250,147,17.831368996271195
250,148,21.62392305953107
250,149,24.528731163703494
250,150,25.416340407000263
250,151,29.086686853979778
250,152,30.513783696430778
250,153,28.138123107792982
250,154,24.718440913269994
250,155,24.15858146753082
250,156,22.539105339428197
250,157,19.026420968408562
250,158,17.936184370252118
250,159,14.91364436036298
250,160,13.436357092279382
250,161,10.308761168365834
250,162,11.418042510016482
250,163,10.161785611891549
250,164,12.843501238335385
250,165,11.892364128820914
250,166,13.833360707631035
250,167,11.256420297272216
250,168,9.286199338700794
250,169,5.613824687502856
250,170,5.265027099428386
250,171,4.876416298330352
250,172,7.340506921813714
250,173,9.964109758834358
250,174,13.69305038384732
250,175,17.22111563569505
250,176,19.925508561066344
250,177,23.364499308399417
250,178,26.184951788657536
250,179,29.604595757694703
250,180,31.979794582499213
250,181,32.38603284528058
250,182,32.901735182061515
250,183,29.592090641107045
250,184,27.949397630917986
250,185,29.801726009907174
250,186,29.636797847736926
250,187,25.81435467791396
250,188,25.00214362811662
250,189,28.579018294525987
250,190,28.46642888294495
250,191,30.428068507944293
250,192,27.925557499879798
250,193,24.22365790588176
250,194,21.894285187967807
250,195,18.17208241326529
250,196,17.328381879731108
250,197,13.961710498801573
250,198,14.751357428435936
250,199,14.272208111597314
250,200,17.431866469711927
250,201,17.95895405562832
250,202,17.068312205557827
250,203,17.70905947007464
250,204,17.173525774874943
250,205,19.691906243422874
250,206,20.46716746158105
250,207,23.51334282415363
250,208,23.633879354184206
250,209,26.59039636534733
250,210,28.847608369913576
250,211,30.64042040778238
250,212,32.077075456638724
250,213,30.7233957139707
250,214,32.06546802639834
250,215,31.401808095502442
250,216,28.6591557165997
250,217,28.4974762580759
250,218,30.49110496280618
250,219,28.43829609225687
250,220,29.18960082987377
250,221,25.96852260874857
250,222,22.83333024227718
250,223,19.125184923294107
250,224,17.928001039629752
250,225,14.480707198840054
250,226,12.981594481604251
250,227,10.197285199588832
250,228,9.609467820731714
250,229,9.188490243369644
250,230,9.454937993171596
250,231,11.960570567534266
250,232,12.943857545993877
250,233,14.95446125911216
250,234,13.764487580560635
250,235,12.408169567239423
250,236,10.586321411788806
250,237,13.403604508473071
250,238,13.575024911979426
250,239,17.24159326653278
250,240,18.92578591444425
250,241,22.28258721762205
250,242,21.683813402852845
250,243,20.152498448789448
250,244,16.457025644710004
250,245,14.163986063411599
250,246,11.28040152082753
250,247,7.586744127803058
250,248,7.197713537161672
250,249,3.777617177448507
250,251,3.7919676023320794
250,252,6.59184821566952
250,253,9.201217382570361
250,254,12.841478067858302
250,255,16.307282469427378
250,256,19.085509273587405
250,257,21.454420703503096
250,258,19.330471697807777
250,259,20.396251711290095
250,260,21.177515422711682
250,261,24.647834276609654
250,262,26.41690340003591
250,263,29.15510054204969
250,264,31.198466475825334
250,265,32.66709765258033
250,266,32.537049493686524
250,267,31.135273240780084
250,268,33.83692464613539
250,269,34.35057163735278
250,270,35.52842100328318
250,271,34.70659589217587
250,272,34.373064862563204
250,273,32.657032728723244
250,274,32.73711700429553
250,275,31.054228327467232
250,276,32.13724901900044
250,277,31.53706143633075
250,278,35.1079483415233
250,279,34.15384856346353
250,280,34.5626689080909
250,281,37.42767691351725
250,282,39.22433287718114
250,283,39.29966024362888
250,284,42.923076394237384
250,285,43.84837328236657
250,286,42.78362696574189
250,287,42.32233832313624
250,288,40.89216892916508
250,289,41.52964629935974
250,290,39.1373593737175
250,291,36.097886304782364
250,292,34.697438827148744
250,293,31.184916019347536
250,294,30.707083527459314
250,295,28.297981985525634
250,296,29.418325436218403
250,297,32.819949915507706
250,298,34.826706918999676
250,299,38.174320307056504
250,300,38.257983204330046
250,301,38.5724509417735
250,302,42.0291272857623
250,303,44.044878970330856
250,304,47.065451552090416
250,305,47.47987880955556
250,306,49.8393169237557
250,307,50.83382128440372
250,308,53.600544967039944
250,309,53.96849674082997
250,310,57.5420754166007
250,311,58.024012091122806
250,312,61.83710153941265
250,313,64.86509906598481
250,314,66.68034178714294
250,315,68.1979299701158
250,316,71.93701461271947
250,317,73.64839786289583
250,318,77.24903689928284
251,1,94.60995700304032
251,2,95.17145289997376
251,3,91.73559441686848
251,4,88.1408870262002
251,5,85.11096027261408
251,6,81.52866147318439
251,7,78.79400733864068
251,8,75.19630793781309
251,9,72.5428345301482
251,10,68.95661861597533
251,11,67.46954331812994
251,12,66.67371364890317
251,13,65.08834851029222
251,14,66.33045197632413
251,15,63.215658037643735
251,16,60.87765958527753
251,17,57.814213957994426
251,18,57.43929108264408
251,19,55.266079930336346
251,20,54.94200900905813
251,21,55.839548190670556
251,22,56.27351419260176
251,23,59.674842861878496
251,24,59.777155957535314
251,25,57.747578514438004
251,26,58.9571797460195
251,27,60.48091772803206
251,28,61.29610077075499
251,29,59.98000575879959
251,30,60.31979101850049
251,31,56.62958009102032
251,32,53.18505699882613
251,33,49.515607874816524
251,34,46.78046413865011
251,35,44.02875866976534
251,36,41.87570941716565
251,37,39.64464730379619
251,38,40.15766141376008
251,39,39.378595099680865
251,40,36.50019781247053
251,41,36.379347616872366
251,42,34.18814585259274
251,43,31.612212562554507
251,44,28.311894412184046
251,45,28.62285042035729
251,46,25.844144908565497
251,47,26.65143872207569
251,48,25.88237999979192
251,49,22.51848701397322
251,50,19.939461660215272
251,51,20.267918070837595
251,52,18.070017361694216
251,53,20.338682644986413
251,54,18.870070812803807
251,55,22.16641826225489
251,56,22.038089428151373
251,57,18.43558237868874
251,58,16.996577317224258
251,59,13.570574065436444
251,60,12.827620663764316
251,61,14.367118044482751
251,62,12.290399647958447
251,63,9.0026025561096
251,64,10.74628582207514
251,65,12.434278316755963
251,66,16.027590086552454
251,67,18.154254013329126
251,68,19.725517642983096
251,69,16.407055521908465
251,70,15.381685881359195
251,71,16.500846169901177
251,72,13.546377581725034
251,73,10.940823183934585
251,74,9.198404727674104
251,75,11.470895695760717
251,76,12.020614702288377
251,77,14.76324117603165
251,78,17.06761179448878
251,79,18.262090011419165
251,80,16.98545829908117
251,81,20.18008731350827
251,82,20.48202390404532
251,83,23.786544167824953
251,84,26.2059456415179
251,85,26.551495193185957
251,86,22.99494979945978
251,87,22.938883695234008
251,88,20.995695217377712
251,89,22.30503300368915
251,90,20.447072126792253
251,91,20.96298993614975
251,92,22.14074666560019
251,93,19.60872418805194
251,94,19.681560356428065
251,95,17.202170038475856
251,96,18.986438795298728
251,97,18.43885176804203
251,98,17.08020842603079
251,99,17.92055653535874
251,100,15.865982631268801
251,101,12.516779964962446
251,102,13.622821097776802
251,103,14.6075477548137
251,104,11.638140946477254
251,105,9.306279985816442
251,106,12.424056078296593
251,107,13.070732617648144
251,108,9.872188399192027
251,109,11.029292206356336
251,110,8.312203840108937
251,111,6.51139175141115
251,112,5.680054239463627
251,113,4.552910138808733
251,114,6.3701234869142365
251,115,8.94401034704991
251,116,10.722979984264173
251,117,14.386286637069698
251,118,14.877684161550992
251,119,18.65245828640721
251,120,20.068582114722748
251,121,23.78719785607515
251,122,26.34153962483851
251,123,24.40515379869209
251,124,24.013000000290496
251,125,20.55303671078749
251,126,19.46684605068835
251,127,21.48552127644803
251,128,22.332718515358366
251,129,24.351873089300604
251,130,26.851569783730678
251,131,25.350462513936062
251,132,22.204239047813747
251,133,23.912569940423424
251,134,22.19738960300039
251,135,25.27336079568652
251,136,28.541951919400255
251,137,27.310933772061965
251,138,25.063855798139283
251,139,21.278151587903633
251,140,18.2367029161394
251,141,14.689882204418579
251,142,13.004666999600339
251,143,9.78065280426277
251,144,12.159373132369229
251,145,15.044484030639584
251,146,18.37694305676138
251,147,20.494014704226824
251,148,24.26174348967962
251,149,27.408582603348815
251,150,28.471314509775677
251,151,32.184393625936394
251,152,33.55384775098376
251,153,31.312262234957725
251,154,27.867516624523596
251,155,27.536662075046024
251,156,25.90046443781449
251,157,22.50174922751852
251,158,21.500122179581872
251,159,18.602753209556305
251,160,17.016730614634106
251,161,13.848047991883115
251,162,14.410847992552293
251,163,12.397273132897674
251,164,14.740948944710514
251,165,12.870866201898732
251,166,13.922731339640933
251,167,10.72915869044067
251,168,8.83122246006026
251,169,5.934104012192889
251,170,4.892831392347223
251,171,6.403864689744246
251,172,8.13897312738968
251,173,11.589855071655801
251,174,15.090694405217379
251,175,18.828484040689485
251,176,21.453103426544413
251,177,24.676045245273418
251,178,27.620167473288546
251,179,30.80990360975113
251,180,33.504827063517254
251,181,34.275880381587676
251,182,34.87846291697618
251,183,31.43010565488285
251,184,30.021337237790384
251,185,32.18633475649284
251,186,31.958182591039147
251,187,28.16388462031439
251,188,27.62030536939166
251,189,31.295118880457284
251,190,31.182649088938494
251,191,32.863245170225504
251,192,30.256264519677767
251,193,26.661774162156178
251,194,24.32680787087757
251,195,20.613570183351836
251,196,19.836462950111926
251,197,16.4587736676234
251,198,17.14731088686724
251,199,16.480343003352516
251,200,19.445725207860775
251,201,19.342779528415093
251,202,18.50031780147145
251,203,19.527784100732
251,204,18.81437888825974
251,205,21.60496390733273
251,206,22.176642378851408
251,207,25.33531667579612
251,208,25.286238867248496
251,209,27.917317356231884
251,210,30.275403223226217
251,211,31.676410320631927
251,212,32.86327115069726
251,213,31.10545572327533
251,214,32.070670595039616
251,215,31.380096486649308
251,216,28.37346942286963
251,217,28.211133884560287
251,218,30.603147024085278
251,219,28.834404216698445
251,220,29.711503533113024
251,221,26.776845737865877
251,222,23.454366162113054
251,223,19.872414617759386
251,224,18.509898695948177
251,225,14.811545011957655
251,226,13.507094508255575
251,227,10.547799706773441
251,228,10.510040634790487
251,229,9.561416844734511
251,230,10.734223060406563
251,231,12.613941014145716
251,232,13.86091897033167
251,233,16.589852140192825
251,234,15.730711878657544
251,235,15.116664912549775
251,236,13.572236443114408
251,237,16.59752941792836
251,238,16.790889378354976
251,239,20.40351624872419
251,240,21.92799504333411
251,241,25.29100963842218
251,242,24.390160045391738
251,243,22.434089406868875
251,244,18.927365385108438
251,245,16.273210662672984
251,246,13.963633542525372
251,247,10.26677541831472
251,248,9.983985762647734
251,249,7.06515700899031
251,250,3.7919676023320794
251,252,3.7674943505757463
251,253,6.331224211097234
251,254,9.751706441391558
251,255,13.209034310493042
251,256,15.673645940032225
251,257,17.838919085454183
251,258,15.606401300789441
251,259,16.789128269057088
251,260,17.707868458356913
251,261,21.250634069172396
251,262,23.24848304124411
251,263,25.898673708446356
251,264,28.053866012112866
251,265,29.321556141897204
251,266,29.20877496189222
251,267,27.687145409817866
251,268,30.341689922246633
251,269,30.83719856475481
251,270,31.883182347296263
251,271,30.98320361353541
251,272,30.593407856246927
251,273,28.867387393823623
251,274,28.968800647328997
251,275,27.334856606063557
251,276,28.53456078574146
251,277,28.08503878366812
251,278,31.62903437471788
251,279,30.55782408724222
251,280,30.851819488769266
251,281,33.68983971827079
251,282,35.44538943370313
251,283,35.536371267661174
251,284,39.15676080377111
251,285,40.12577636014913
251,286,39.13623555435763
251,287,38.71916037204846
251,288,37.289848825394124
251,289,38.01762122684159
251,290,35.61310233652771
251,291,32.660138721557914
251,292,31.340161181261262
251,293,27.787024218402518
251,294,27.127946207638413
251,295,24.617101032682207
251,296,25.682365089177612
251,297,29.10388520240769
251,298,31.13024831101044
251,299,34.5237932612992
251,300,34.73248869439641
251,301,35.11357698308001
251,302,38.632708461145
251,303,40.726459734109
251,304,43.65236487553183
251,305,43.99134417628014
251,306,46.27760836211641
251,307,47.259571060454824
251,308,49.968612701610034
251,309,50.32328377192414
251,310,53.87902950796965
251,311,54.31688067594761
251,312,58.13095472041503
251,313,61.190092364583485
251,314,63.026552428304406
251,315,64.50970095477865
251,316,68.25737726308124
251,317,69.94235843755445
251,318,73.5295078055743
252,1,92.26265210211679
252,2,92.75167432025408
252,3,89.33922227941501
252,4,85.77202496936171
252,5,82.8069235966155
252,6,79.17939684339393
252,7,76.53776226731758
252,8,72.91229848019015
252,9,70.37214448457841
252,10,66.82959170107596
252,11,65.44986628013919
252,12,64.83563865777667
252,13,63.39384643993548
252,14,64.82253214184813
252,15,61.81473990627996
252,16,59.378135285395764
252,17,56.38096139698773
252,18,56.07593032148503
252,19,53.79090786574473
252,20,53.48551535507512
252,21,54.226582376489105
252,22,54.67535212244452
252,23,58.16908150110604
252,24,58.37120966807861
252,25,56.516398473890305
252,26,57.66354613444674
252,27,58.994222630994955
252,28,59.781230061117434
252,29,58.28205812789258
252,30,58.55832684250109
252,31,54.879394430122034
252,32,51.47492061143427
252,33,47.80985058876441
252,34,45.257518154860634
252,35,42.41812073162282
252,36,40.5319459864229
252,37,38.388072595383996
252,38,39.24284378807968
252,39,38.5607779709244
252,40,35.73447769164563
252,41,35.70328660849655
252,42,33.848660458852244
252,43,31.15664806892749
252,44,27.647975553559203
252,45,27.564440097931335
252,46,24.723914000874895
252,47,25.011994699895446
252,48,23.89705564610735
252,49,20.70833039734487
252,50,18.452861383301393
252,51,19.427269073486496
252,52,17.84723416352316
252,53,20.66336047221315
252,54,19.842495669944167
252,55,23.34663422094233
252,56,23.784441438540014
252,57,20.28271424001217
252,58,18.762109248212035
252,59,15.10191011632452
252,60,15.10997083051557
252,61,16.969287348070633
252,62,14.554929708132482
252,63,11.636096105113907
252,64,14.031655638388358
252,65,15.49852315546041
252,66,19.0238019794061
252,67,21.005755927635594
252,68,22.16480392027527
252,69,18.61791798447119
252,70,17.59526574539999
252,71,17.989443043050382
252,72,14.824371738050043
252,73,12.465212177001435
252,74,9.697315558956392
252,75,11.412648163377867
252,76,10.952661853815314
252,77,13.570778125974613
252,78,15.444763326543452
252,79,17.32764645397035
252,80,16.840236794989874
252,81,20.38839339172638
252,82,21.338961665592905
252,83,24.849983730645924
252,84,27.57386715385504
252,85,28.20227240944274
252,86,24.85336793246169
252,87,25.289172424700215
252,88,23.74684227809648
252,89,25.28779658959001
252,90,23.73792917034146
252,91,24.460369587392027
252,92,25.497864777751264
252,93,22.897477566445733
252,94,22.68724331106692
252,95,19.91566133525824
252,96,21.366948118524746
252,97,20.24597693461889
252,98,19.01726186202657
252,99,19.16279037776704
252,100,16.809952351627082
252,101,13.954213655191237
252,102,14.766608561470854
252,103,14.843649755599023
252,104,11.549525172916606
252,105,9.659012328812254
252,106,12.205848499918055
252,107,11.885009426536875
252,108,8.206562441892743
252,109,9.577523669756989
252,110,7.243369877052188
252,111,7.1926608913037615
252,112,5.6124831759760285
252,113,6.415897562751022
252,114,7.6865258151795945
252,115,11.084443993769037
252,116,12.67527130558189
252,117,16.41347547600874
252,118,17.42483602412151
252,119,21.23309871473088
252,120,23.04646301441908
252,121,26.669238921710903
252,122,29.454483940029107
252,123,27.75235782901975
252,124,27.463491178822572
252,125,24.00889348152631
252,126,22.990019326487378
252,127,25.15752609855944
252,128,25.97229814151912
252,129,27.976084748199547
252,130,30.351625783257663
252,131,28.788872623569834
252,132,25.584883773022874
252,133,27.14572168389669
252,134,25.225515465679376
252,135,28.099682121229062
252,136,31.519842965715753
252,137,30.52898603080223
252,138,28.47300854277769
252,139,24.697521221169477
252,140,21.785315315427425
252,141,18.208226462619105
252,142,16.32350903339426
252,143,13.345759281428382
252,144,15.903008206543262
252,145,18.711190389969623
252,146,22.105792996287192
252,147,24.1159990927186
252,148,27.900791768496266
252,149,30.959352534839866
252,150,31.888413690548564
252,151,35.57375421911784
252,152,37.02626456544669
252,153,34.69726607043358
252,154,31.249488726049115
252,155,30.68129894993609
252,156,28.88749204062404
252,157,25.417338216193254
252,158,24.017945014195078
252,159,20.925586034332817
252,160,18.79570251165542
252,161,15.350739579294368
252,162,14.997464744974367
252,163,12.18184401143139
252,164,13.818465563295367
252,165,11.138766777853474
252,166,11.415190910425427
252,167,8.089521621420714
252,168,7.1212046216324545
252,169,5.817718533231284
252,170,6.457512590379539
252,171,9.287982312366188
252,172,11.535927826091356
252,173,15.080835628481651
252,174,18.59394741919303
252,175,22.318460170217367
252,176,25.077615786212203
252,177,28.21736256247743
252,178,31.257706612576094
252,179,34.41175040130202
252,180,37.15130408730563
252,181,37.90994642621463
252,182,38.59225887820496
252,183,35.16452636532278
252,184,33.691653276744006
252,185,35.843360170425214
252,186,35.67715992406337
252,187,31.875069721968714
252,188,31.228183419998153
252,189,34.86434742392878
252,190,34.63865674063569
252,191,36.33674445635881
252,192,33.622571169806655
252,193,30.010215736426552
252,194,27.472689644075455
252,195,23.703423388002665
252,196,22.520606448223432
252,197,18.936116036825453
252,198,18.97768021309845
252,199,17.61071852456957
252,200,20.046988579187826
252,201,19.81524033206899
252,202,19.618672123233193
252,203,21.26822746052154
252,204,21.045738740921507
252,205,24.153446948705966
252,206,25.06713938422117
252,207,28.40614080734233
252,208,28.60259383586002
252,209,31.233731420564105
252,210,33.74297553545434
252,211,35.09738070492144
252,212,36.31707401296184
252,213,34.43177642285357
252,214,35.3050452609409
252,215,34.691020513994324
252,216,31.603648840313856
252,217,31.473029820471314
252,218,34.025717958102476
252,219,32.35414850460651
252,220,33.213631880102504
252,221,30.350449727167167
252,222,26.94691148706762
252,223,23.388223311139853
252,224,21.786757086565526
252,225,18.01331906577332
252,226,16.376130641971542
252,227,13.053253034692975
252,228,12.372600887463756
252,229,10.290451075408404
252,230,11.026327793329848
252,231,11.744678482712734
252,232,12.499439924778617
252,233,15.720948426329015
252,234,15.633897022690045
252,235,15.850151155662529
252,236,15.156961444551687
252,237,18.594257768499677
252,238,19.414765983941205
252,239,23.138714791663176
252,240,25.016143792419015
252,241,28.500592924233253
252,242,27.836749099568042
252,243,26.00495668706112
252,244,22.45613589819249
252,245,19.954918521925954
252,246,17.528742236824932
252,247,13.83214405084648
252,248,13.310440422100532
252,249,9.992007193796304
252,250,6.59184821566952
252,251,3.7674943505757463
252,253,3.7831515684412063
252,254,6.669185429211588
252,255,10.393065508926371
252,256,12.924958473687752
252,257,15.52834560630335
252,258,13.905626718132716
252,259,15.827995324190628
252,260,17.496084045428216
252,261,21.208405776958884
252,262,23.714163057973636
252,263,26.238555630229055
252,264,28.609839996102846
252,265,29.450231066621544
252,266,29.281614395519796
252,267,27.378621503335687
252,268,29.722547427380004
252,269,29.85458112256512
252,270,30.57288037006123
252,271,29.316420450838002
252,272,28.93640177964542
252,273,26.977348715544398
252,274,27.424996610064575
252,275,26.244073993340486
252,276,27.83020259859484
252,277,27.885137116841157
252,278,31.366674796749646
252,279,30.012297191220537
252,280,29.84985424814141
252,281,32.47380366867872
252,282,33.87140203376208
252,283,33.70703537183104
252,284,37.21318415081
252,285,38.3310455732679
252,286,37.28347460159984
252,287,37.19381000967756
252,288,36.06566010295448
252,289,37.1518590920836
252,290,34.930857958437024
252,291,32.1058684935408
252,292,30.678716726705005
252,293,27.21263351108006
252,294,26.119315365384708
252,295,23.282089352520458
252,296,23.851863266236883
252,297,27.057945118960426
252,298,29.41258824540786
252,299,32.85668952977751
252,300,33.20520191508412
252,301,33.97218555205248
252,302,37.573527230819614
252,303,39.95315813767765
252,304,42.74216458878366
252,305,43.15038116892377
252,306,45.185779509779536
252,307,45.91101786419088
252,308,48.47152974635275
252,309,48.56712569750142
252,310,52.04771878063911
252,311,52.32634133904466
252,312,56.13122992730334
252,313,59.19878685446736
252,314,61.1959798917566
252,315,62.784403185838904
252,316,66.54869409332778
252,317,68.31776306442745
252,318,71.87964444219271
253,1,89.8779241475276
253,2,90.27256099840868
253,3,86.81247822009077
253,4,83.27772670684702
253,5,80.26641312468621
253,6,76.63890593287788
253,7,73.95760976666752
253,8,70.29981812861055
253,9,67.77986356907392
253,10,64.27466757418651
253,11,63.019194808386466
253,12,62.40844450948757
253,13,61.08645706676943
253,14,62.5686804435593
253,15,59.53297490993285
253,16,56.963104239772186
253,17,53.88676865565018
253,18,53.4200275379146
253,19,50.99755732705701
253,20,50.522135646673455
253,21,51.12552265191989
253,22,51.42976040858957
253,23,54.94500480031325
253,24,55.28250873519191
253,25,53.51992419770915
253,26,54.796220752388095
253,27,56.148748529492046
253,28,57.08904088899395
253,29,55.63031311737083
253,30,56.07058985685956
253,31,52.4461183517737
253,32,48.97349220318147
253,33,45.37320232031049
253,34,42.798408664084526
253,35,39.80074418241601
253,36,37.96733095763664
253,37,36.06563871245378
253,38,37.035918519857674
253,39,36.67028897986888
253,40,34.08753352482313
253,41,34.42857147818974
253,42,32.66274312651449
253,43,30.211583051453395
253,44,26.635883509054533
253,45,26.686766370595716
253,46,24.19792784679616
253,47,24.263287656372093
253,48,22.90826276682125
253,49,19.59771617652004
253,50,17.914368931057655
253,51,18.882303956514242
253,52,17.803221731988096
253,53,20.682410992065588
253,54,20.015599890978393
253,55,23.690441591111405
253,56,24.288422024958813
253,57,20.739070619678937
253,58,18.65043124939783
253,59,14.868058503007523
253,60,15.04073457025864
253,61,17.60120397682699
253,62,15.601070347738151
253,63,12.646429720479428
253,64,15.372417957287071
253,65,17.365287097751906
253,66,20.593125881342562
253,67,22.997884565478195
253,68,23.823902748619172
253,69,20.14906448026607
253,70,19.76802713420094
253,71,19.993076577055167
253,72,16.476632296080876
253,73,14.818474649783424
253,74,12.167205456548883
253,75,12.898898556714391
253,76,11.455571997932239
253,77,13.112797977466597
253,78,14.123569426744611
253,79,15.960046970861944
253,80,15.920421264584693
253,81,19.527809066072535
253,82,20.608795770782603
253,83,24.310155390655783
253,84,26.9552321262753
253,85,28.087811027243543
253,86,24.89282384720577
253,87,25.597231387783804
253,88,24.36208073811708
253,89,26.390576071391934
253,90,25.074667237858318
253,91,25.649991017951873
253,92,26.149142076844203
253,93,23.25147774929982
253,94,22.44583748837722
253,95,19.275983723070585
253,96,20.206322593431718
253,97,18.50115386063861
253,98,17.58131574507111
253,99,17.12689889262992
253,100,14.443704346316817
253,101,12.214653361484853
253,102,13.083516605682288
253,103,12.32019796918524
253,104,8.773438126244384
253,105,7.903892967017493
253,106,10.278315087036813
253,107,9.049752044772614
253,108,5.576269238131395
253,109,8.212219959465125
253,110,7.463198996600168
253,111,8.70192456007404
253,112,8.462296438142742
253,113,9.847557963744418
253,114,11.407148848460078
253,115,14.637395708889448
253,116,15.924236797746344
253,117,19.567314400267826
253,118,20.19020051663966
253,119,23.974014106844574
253,120,25.56368023448648
253,121,29.188637263325294
253,122,31.90684629008461
253,123,30.175155781626653
253,124,30.074519550396936
253,125,26.721054591518534
253,126,25.71805519343532
253,127,27.541977355887568
253,128,28.240229995013618
253,129,29.932994864004776
253,130,32.2532761383535
253,131,30.32765909812641
253,132,27.362868625200257
253,133,29.24440772457876
253,134,27.628239198394073
253,135,30.624541977717836
253,136,34.01783840568499
253,137,33.06567500957669
253,138,30.829306255751597
253,139,27.085787590498725
253,140,23.94534480585277
253,141,20.23425528793054
253,142,18.888310271071123
253,143,15.833178445281291
253,144,18.06014033768214
253,145,21.09206229303329
253,146,24.21058249576401
253,147,26.27787031941848
253,148,29.99257130324959
253,149,33.11291310309375
253,150,34.346176723997274
253,151,38.04428012360725
253,152,39.216420952198725
253,153,36.73771293721539
253,154,33.152199892168916
253,155,32.49717150475586
253,156,30.382613077313152
253,157,27.092656887788095
253,158,25.52641729083742
253,159,22.691765085240796
253,160,20.356072326998486
253,161,17.164876629227884
253,162,16.380221943053968
253,163,13.303957655576665
253,164,15.064910143845594
253,165,12.277484115962013
253,166,11.48083254004005
253,167,7.7182933507051565
253,168,6.163738209831236
253,169,6.40077852759349
253,170,6.590547478430827
253,171,10.226335028972484
253,172,12.401004860187754
253,173,16.087496353361544
253,174,19.372280826761365
253,175,23.029924265866143
253,176,26.011187792401646
253,177,28.838374591782337
253,178,32.128617780842575
253,179,35.13065322662076
253,180,38.01574044773262
253,181,38.856015465257954
253,182,39.86950087860966
253,183,36.49971823826019
253,184,34.900983216401876
253,185,37.271884858694
253,186,37.39980541121597
253,187,33.634145652619196
253,188,32.83532386909747
253,189,36.4402970436855
253,190,35.88836978491553
253,191,37.30585823344407
253,192,34.337437287789875
253,193,30.832361656855507
253,194,28.054001588725665
253,195,24.309910586930012
253,196,22.84949139577782
253,197,19.255464231325156
253,198,18.92515065730075
253,199,17.338087007277405
253,200,19.427438039456398
253,201,18.538083588168867
253,202,18.484514369756567
253,203,20.570292898708146
253,204,20.48019175724189
253,205,23.87772098603036
253,206,24.93973608085914
253,207,28.463783156653125
253,208,28.90054877743209
253,209,31.36975618297181
253,210,34.15729025154174
253,211,35.336332534670305
253,212,36.64679119543563
253,213,34.559569239440584
253,214,35.40233705654282
253,215,35.1205103516665
253,216,32.08294014646158
253,217,32.33102093484627
253,218,35.03383551861788
253,219,33.28391506925908
253,220,33.84907188245065
253,221,31.093182674096905
253,222,27.501120621070907
253,223,24.010726172800073
253,224,21.913006800015445
253,225,18.11181755566286
253,226,16.10488089037688
253,227,12.610434050217263
253,228,11.789450745614774
253,229,9.204224898244581
253,230,10.591821623333018
253,231,10.712359285283972
253,232,12.147091319443726
253,233,15.701541222973919
253,234,15.539024841201233
253,235,16.441516601915218
253,236,15.967120602291205
253,237,19.485491156324862
253,238,20.531086258082244
253,239,24.163918286342774
253,240,26.14292884488214
253,241,29.74604587008141
253,242,29.135017843428272
253,243,27.19415261238841
253,244,23.788389231101597
253,245,21.48338116559498
253,246,19.382797391359535
253,247,15.93114176645771
253,248,16.141335624781227
253,249,12.915440881747994
253,250,9.201217382570361
253,251,6.331224211097234
253,252,3.7831515684412063
253,254,3.798504114632976
253,255,7.112642187001653
253,256,10.109431138939
253,257,12.916250656664895
253,258,11.691610230035101
253,259,13.542597628849585
253,260,15.691050730042507
253,261,19.481376967517583
253,262,22.264512359757667
253,263,25.005760765144057
253,264,27.756247121971114
253,265,28.562336105952248
253,266,28.80583249682088
253,267,26.981611662243633
253,268,29.362524711203896
253,269,29.619713987459413
253,270,29.918211662501673
253,271,28.32547333569678
253,272,27.50087285490499
253,273,25.175447903690824
253,274,25.406138530586453
253,275,24.40623794606167
253,276,25.876892242819398
253,277,26.19228783285645
253,278,29.752663212713813
253,279,28.58139638222655
253,280,28.29213474401509
253,281,30.629352855010968
253,282,31.949268130651237
253,283,31.471605504624307
253,284,34.98024030503865
253,285,35.85936799063422
253,286,34.53940441963399
253,287,34.43128198779523
253,288,33.485193711369654
253,289,34.63738980500893
253,290,32.677822872651014
253,291,29.736793387258476
253,292,27.997891984365722
253,293,24.70788341526486
253,294,23.659625743083264
253,295,20.9161308571996
253,296,21.510369734930496
253,297,24.60207587648735
253,298,26.881928751114554
253,299,30.175840001831393
253,300,30.26988398372534
253,301,31.1061703795666
253,302,34.645937598609684
253,303,37.104215781206605
253,304,39.95582042692729
253,305,40.60144621091619
253,306,42.59629319784789
253,307,43.16407282299938
253,308,45.792413775201545
253,309,45.82210779860378
253,310,49.33343422101869
253,311,49.74302856064616
253,312,53.53946930131455
253,313,56.49798641053293
253,314,58.44871974062558
253,315,60.170729575784854
253,316,63.9103828581186
253,317,65.81187919626777
253,318,69.41606897541415
254,1,86.39187544715264
254,2,86.75396018773009
254,3,83.31145766669275
254,4,79.78990339581121
254,5,76.81996784957688
254,6,73.16901495001719
254,7,70.5463605341952
254,8,66.87847093359456
254,9,64.42621527828669
254,10,60.94788492927464
254,11,59.753883327172744
254,12,59.26863857523386
254,13,58.04648637974381
254,14,59.66387098768905
254,15,56.720798471663514
254,16,54.08862943659497
254,17,51.082421751195234
254,18,50.69836911885861
254,19,48.21668644931074
254,20,47.803434534618795
254,21,48.31963268474022
254,22,48.69895995239211
254,23,52.27243210961411
254,24,52.63620129044144
254,25,51.00148323917807
254,26,52.17706573864677
254,27,53.354859277168096
254,28,54.23741269849231
254,29,52.63137518397633
254,30,53.003399100295965
254,31,49.39184490656469
254,32,45.96516781268906
254,33,42.375432143503104
254,34,39.96066367052912
254,35,36.92244718457268
254,36,35.324614905291675
254,37,33.49272581355027
254,38,34.7614431032118
254,39,34.48109409982622
254,40,31.984803962730368
254,41,32.435253162229905
254,42,31.01312552548868
254,43,28.53081616975769
254,44,24.833319418718574
254,45,24.565433668500685
254,46,22.181288583040093
254,47,21.764417878020552
254,48,20.102151913436842
254,49,16.977285557239203
254,50,15.826793648920498
254,51,17.300895391892666
254,52,16.976256032739514
254,53,20.199551881138362
254,54,20.190742891048185
254,55,23.928048238598663
254,56,25.06821160177161
254,57,21.74760636258173
254,58,19.65908592947997
254,59,15.91425510287204
254,60,16.860830468723645
254,61,19.528205297925034
254,62,17.334705463052693
254,63,14.927156009279319
254,64,18.101431592232707
254,65,19.831804517992097
254,66,22.856788218119732
254,67,25.14726804708067
254,68,25.48215688432423
254,69,21.686073307534667
254,70,21.498119357135415
254,71,21.08788420052733
254,72,17.477866771008838
254,73,16.353538690069705
254,74,13.356875160475632
254,75,13.19619669408506
254,76,10.752756794028754
254,77,11.669941269552865
254,78,11.87563091251511
254,79,14.26736879203055
254,80,15.113388162688118
254,81,18.84874145937072
254,82,20.54885446142409
254,83,24.312996074289412
254,84,27.193388474636343
254,85,28.604248938085327
254,86,25.728229918983313
254,87,26.948425809251727
254,88,26.20034381813582
254,89,28.462555360576317
254,90,27.558101326538488
254,91,28.422007273447857
254,92,28.771302816142697
254,93,25.939540415221476
254,94,24.97961884048717
254,95,21.729897214459314
254,96,22.521282809841995
254,97,20.326157714024482
254,98,19.30981229168397
254,99,18.138934419069795
254,100,15.58847741675787
254,101,13.99630538658397
254,102,14.160297423657921
254,103,12.577455231947178
254,104,9.419949936988065
254,105,9.00972998888268
254,106,10.042573028899996
254,107,7.790904422107776
254,108,4.5751373833224545
254,109,6.978302743640113
254,110,7.565419829906361
254,111,10.219453387697795
254,112,10.15806774995439
254,113,12.519961877833033
254,114,14.221323257853742
254,115,17.73581678100626
254,116,19.217554270933565
254,117,22.900320985338514
254,118,23.785501691487177
254,119,27.5797068460445
254,120,29.285041115334618
254,121,32.89971372379586
254,122,35.654277217927394
254,123,33.91348579391744
254,124,33.71419446790572
254,125,30.293042745838942
254,126,29.117094223952307
254,127,30.940704079675573
254,128,31.411142063575447
254,129,32.94381445773799
254,130,35.031506286822754
254,131,32.96345420866326
254,132,29.984080890298586
254,133,31.744744482265478
254,134,30.022718467883802
254,135,32.83209879570327
254,136,36.345124578355254
254,137,35.699176964788144
254,138,33.64083505181108
254,139,29.94494034727295
254,140,26.921511905334096
254,141,23.164418726582465
254,142,21.764954379944825
254,143,19.010421726401187
254,144,21.483495924443222
254,145,24.63671556155472
254,146,27.758223949662277
254,147,29.956767445554238
254,148,33.66870256439441
254,149,36.838263982113
254,150,38.061164434097115
254,151,41.76603005045972
254,152,42.97013855072379
254,153,40.523293884596136
254,154,36.940385230370346
254,155,36.29252385373806
254,156,34.147444869888005
254,157,30.865285275054145
254,158,29.21756790494994
254,159,26.3496065040898
254,160,23.857394610969493
254,161,20.604754221715595
254,162,19.447526888677118
254,163,16.074864781029408
254,164,17.25062602387186
254,165,14.01334033784791
254,166,12.334583329571107
254,167,8.920146227784382
254,168,8.51877725229036
254,169,9.868110967026638
254,170,10.311681872352182
254,171,13.978881025401263
254,172,15.940059628715959
254,173,19.678630518677465
254,174,22.82205365184594
254,175,26.471486574836234
254,176,29.400367163872346
254,177,32.090511836539804
254,178,35.41297875433194
254,179,38.277648619918494
254,180,41.290534614548434
254,181,42.27681175905815
254,182,43.33610936184859
254,183,39.928571104892804
254,184,38.420855220644945
254,185,40.89009853577897
254,186,40.994580245264615
254,187,37.246501103579185
254,188,36.529896832115966
254,189,40.15167199115988
254,190,39.58162499620764
254,191,40.902744899898096
254,192,37.88182803112536
254,193,34.43257550617714
254,194,31.620501962516688
254,195,27.905896395579557
254,196,26.37526802323834
254,197,22.79390212190256
254,198,22.244477112034808
254,199,20.41055299242675
254,200,22.102422286703284
254,201,20.938589749386885
254,202,21.208837959577277
254,203,23.605950419822864
254,204,23.638625760022567
254,205,27.14491949536288
254,206,28.22354282467152
254,207,31.78590784757388
254,208,32.22738837836754
254,209,34.53015913841072
254,210,37.37448895562407
254,211,38.351735061029956
254,212,39.54025534441809
254,213,37.24115248971797
254,214,37.84635619396442
254,215,37.57950508184036
254,216,34.427522584229045
254,217,34.67084504640149
254,218,37.585868598961575
254,219,36.04015211074118
254,220,36.66234461759202
254,221,34.100485423567434
254,222,30.466446840761808
254,223,27.111507010493185
254,224,24.949235253772255
254,225,21.17413967799638
254,226,19.260935071797547
254,227,15.863781111515282
254,228,15.115728228454977
254,229,12.317442081850137
254,230,13.622998198652233
254,231,12.912087349661295
254,232,14.008680158049023
254,233,17.758241460677123
254,234,18.115612870703938
254,235,19.531201134226833
254,236,19.435109781898245
254,237,23.02799179337319
254,238,24.235321512104083
254,239,27.853168469863142
254,240,29.87046261649782
254,241,33.48621681597777
254,242,32.8465742067569
254,243,30.81488860597411
254,244,27.47672691646779
254,245,25.100662070310584
254,246,23.115132673734823
254,247,19.64425926910226
254,248,19.69999773123404
254,249,16.475977739449906
254,250,12.841478067858302
254,251,9.751706441391558
254,252,6.669185429211588
254,253,3.798504114632976
254,255,3.7897715182232017
254,256,6.581345792429794
254,257,9.75401635654784
254,258,9.348051352966612
254,259,11.931439373572248
254,260,14.777104989001195
254,261,18.510724202152822
254,262,21.713656242818196
254,263,24.209161097536164
254,264,27.113235567981206
254,265,27.472247378015535
254,266,27.71574935181447
254,267,25.61128563837415
254,268,27.680391821979487
254,269,27.676375500453652
254,270,27.59016557138356
254,271,25.657642099215845
254,272,24.74921472824564
254,273,22.20639132970933
254,274,22.70503537139277
254,275,22.158177277357986
254,276,23.971565888315187
254,277,24.794608345694716
254,278,28.206810701579617
254,279,26.791271233518508
254,280,26.0704933733043
254,281,28.153421724466423
254,282,29.144288349828894
254,283,28.446843511337182
254,284,31.842720239845924
254,285,32.83783418785596
254,286,31.508471774804132
254,287,31.684213874404808
254,288,30.993373034906135
254,289,32.47181996835075
254,290,30.686289665402313
254,291,27.941546920249092
254,292,26.187371872228546
254,293,23.02928595414463
254,294,21.525423609606747
254,295,18.506505081942784
254,296,18.603850948807953
254,297,21.46318600949975
254,298,24.003384167197336
254,299,27.324275476565624
254,300,27.59772818391654
254,301,28.784141198778993
254,302,32.386998139789284
254,303,35.09099778019856
254,304,37.75469757982395
254,305,38.40808167302064
254,306,40.15564097490361
254,307,40.516135532428706
254,308,42.99049028042472
254,309,42.82031955807182
254,310,46.25826750171347
254,311,46.53317415516754
254,312,50.31643615962087
254,313,53.29012042008749
254,314,55.3600402867703
254,315,57.13600046783855
254,316,60.88472981931559
254,317,62.82951969295654
254,318,66.40450689911495
255,1,83.30769973293299
255,2,83.58949360303332
255,3,80.11380906269882
255,4,76.6223969069707
255,5,73.6243325452623
255,6,69.97252704048786
255,7,67.33042360510709
255,8,63.63806414067009
255,9,61.217985968259484
255,10,57.78032229392731
255,11,56.70565714159285
255,12,56.25560385838226
255,13,55.163648677680655
255,14,56.86027738919555
255,15,53.928686301340996
255,16,51.17277535415538
255,17,48.13005244282551
255,18,47.638682019691906
255,19,45.02997343524757
255,20,44.4997206764848
255,21,44.87591488745389
255,22,45.168910021440745
255,23,48.774373755242785
255,24,49.249781527178605
255,25,47.734769271830885
255,26,48.97565051847871
255,27,50.11055330379375
255,28,51.09777966164279
255,29,49.48355144423489
255,30,49.97247651173388
255,31,46.42047778353472
255,32,42.95924124157461
255,33,39.44243620081452
255,34,37.07025321263465
255,35,33.893251217070045
255,36,32.43556187913133
255,37,30.86187752454728
255,38,32.3332881222466
255,39,32.36958651934516
255,40,30.156582053046375
255,41,30.972510380183177
255,42,29.773365265413567
255,43,27.5460686925793
255,44,23.846244058769052
255,45,23.60484572877389
255,46,21.669299017262826
255,47,20.913930168912135
255,48,18.991531560070072
255,49,15.959054350851032
255,50,15.646389831305592
255,51,17.166617008711306
255,52,17.54240005764426
255,53,20.72830216576202
255,54,21.04480331795367
255,55,24.772385109584985
255,56,26.160521736702133
255,57,22.99562744501063
255,58,20.606193917337418
255,59,17.025403095824267
255,60,18.275901380766044
255,61,21.271240727683608
255,62,19.381258174790084
255,63,17.234579201476784
255,64,20.551735181469525
255,65,22.446782383917537
255,66,25.160730474183566
255,67,27.631627669680636
255,68,27.61379665168337
255,69,23.805300487352607
255,70,24.07522782795553
255,71,23.430449342059664
255,72,19.717557664836686
255,73,19.170184331654337
255,74,16.341892793946467
255,75,15.483935852453625
255,76,12.453760122579414
255,77,12.221573622477809
255,78,11.227907176595197
255,79,13.546934440860609
255,80,15.091873256850052
255,81,18.65935325083784
255,82,20.606719580999716
255,83,24.38593018654161
255,84,27.198959196095196
255,85,29.054035992340616
255,86,26.482009672537835
255,87,28.033148600386856
255,88,27.677259745144337
255,89,30.28587561396797
255,90,29.681279464666176
255,91,30.534282176826746
255,92,30.487413509933972
255,93,27.55951177902424
255,94,26.19954835911194
255,95,22.786667081628266
255,96,23.17047468180908
255,97,20.469065620919178
255,98,19.65503547206991
255,99,17.795240402125494
255,100,15.265781992016565
255,101,14.570055844363765
255,102,14.421103327971156
255,103,11.942123847552892
255,104,9.323937441102515
255,105,10.023051759540127
255,106,10.046729575717842
255,107,6.718860538068208
255,108,5.351028842953426
255,109,7.802662598227965
255,110,9.898828269048675
255,111,13.025259274641577
255,112,13.568775986867696
255,113,16.119944782739974
255,114,17.990427755267987
255,115,21.470539239426707
255,116,22.899083096795717
255,117,26.55145841663159
255,118,27.271808115709998
255,119,31.04619943555339
255,120,32.61829157772399
255,121,36.23234367353431
255,122,38.92335709865551
255,123,37.13509951053107
255,124,36.993000861195
255,125,33.614835578250684
255,126,32.37965192495721
255,127,33.97841505914069
255,128,34.29098013648754
255,129,35.55977750496452
255,130,37.51406822542957
255,131,35.18443922094516
255,132,32.391846705175034
255,133,34.30076548110112
255,134,32.76522711167198
255,135,35.57709921389196
255,136,39.076455178299774
255,137,38.55110215463432
255,138,36.442402897760985
255,139,32.81248728488442
255,140,29.715729565773383
255,141,25.92067718038773
255,142,24.8356146368236
255,143,22.15745604406486
255,144,24.491594291630534
255,145,27.776772891477545
255,146,30.711306344383207
255,147,32.98889440832061
255,148,36.63264263208464
255,149,39.85495274056091
255,150,41.27069985756105
255,151,44.98010630917692
255,152,46.00923366541638
255,153,43.50477939598517
255,154,39.854844289383365
255,155,39.194802905278195
255,156,36.87833289175139
255,157,33.73998668107612
255,158,32.030190783990314
255,159,29.345269183594112
255,160,26.77626286910931
255,161,23.70346658597137
255,162,22.333508066742986
255,163,18.910691363184636
255,164,20.026860231841123
255,165,16.82030815690271
255,166,14.527859399149344
255,167,11.39784314939421
255,168,10.9890890594676
255,169,12.906270165469548
255,170,13.07358090531261
255,171,16.77496704310996
255,172,18.50360378831788
255,173,22.200511710606644
255,174,25.077920981459624
255,175,28.609801043005753
255,176,31.586805142748748
255,177,33.9923655405949
255,178,37.43630939334452
255,179,40.114614299847936
255,180,43.24922405968448
255,181,44.351068389017726
255,182,45.6288875722525
255,183,42.26177391868792
255,184,40.73478832580516
255,185,43.372491881828275
255,186,43.64375336723068
255,187,39.94953114331605
255,188,39.1935872844534
255,189,42.786172611481675
255,190,42.022145766536056
255,191,43.10757476361168
255,192,39.93867246309523
255,193,36.619427079070725
255,194,33.70222614208175
255,195,30.07680509848715
255,196,28.428974542646607
255,197,24.949603625365913
255,198,24.190121715613223
255,199,22.27431917174431
255,200,23.60778259312213
255,201,21.939241655116682
255,202,22.340081352885274
255,203,24.99544532948642
255,204,25.093094740723906
255,205,28.705781135419695
255,206,29.814837088719663
255,207,33.42841572884198
255,208,33.98536488744904
255,209,36.072392887010366
255,210,39.07176451779877
255,211,39.8325592473037
255,212,41.006950635177766
255,213,38.51375831483881
255,214,38.99041809205393
255,215,38.95135860424613
255,216,35.83125033550135
255,217,36.32022428636421
255,218,39.375618778989086
255,219,37.87304844020842
255,220,38.32132096387429
255,221,35.93946615840591
255,222,32.22639152516112
255,223,29.031145999795992
255,224,26.60514006663168
255,225,22.94141452002277
255,226,20.954388339396502
255,227,17.70323370048239
255,228,17.027496430456107
255,229,14.20862379358981
255,230,15.7996711565838
255,231,14.658176142933344
255,232,16.019112546953384
255,233,19.76616223589168
255,234,20.148140656464182
255,235,21.983958963126973
255,236,22.034823846638016
255,237,25.57543629408326
255,238,26.87084674938389
255,239,30.36586703514672
255,240,32.3869053307802
255,241,36.027460019620335
255,242,35.37987938632889
255,243,33.246665130866646
255,244,30.068442213595908
255,245,27.791075935677817
255,246,26.06964193479986
255,247,22.766222514820175
255,248,23.14269946807074
255,249,20.008027166685224
255,250,16.307282469427378
255,251,13.209034310493042
255,252,10.393065508926371
255,253,7.112642187001653
255,254,3.7897715182232017
255,256,3.7455974348720384
255,257,7.193865062264473
255,258,7.963216613406642
255,259,10.533706143903242
255,260,13.941650958467424
255,261,17.463385587300795
255,262,20.93481424477749
255,263,23.42045842797371
255,264,26.610297905996443
255,265,26.76945753638298
255,266,27.357087520153527
255,267,25.29141152655391
255,268,27.236737165166648
255,269,27.27079577090818
255,270,26.69160244223969
255,271,24.39066581049915
255,272,23.040670192680217
255,273,20.118627918798243
255,274,20.479365184563722
255,275,20.3074367036532
255,276,22.098807528122045
255,277,23.346623345173327
255,278,26.68514690314705
255,279,25.373434321205245
255,280,24.393816357773716
255,281,26.070637047766425
255,282,26.855966768579073
255,283,25.789470793105725
255,284,29.11709736094705
255,285,29.91665398650037
255,286,28.340132396126883
255,287,28.60187413747577
255,288,28.181583713259553
255,289,29.835759156362975
255,290,28.37463200375435
255,291,25.649264431657205
255,292,23.63701029946938
255,293,20.76612235065562
255,294,19.130893936063522
255,295,16.169265132285528
255,296,16.063685843238645
255,297,18.63942408096831
255,298,21.165067743181375
255,299,24.31131606032675
255,300,24.415573410142315
255,301,25.80439217269472
255,302,29.350292251358084
255,303,32.205664204771566
255,304,34.82767434976709
255,305,35.68206582752273
255,306,37.29065367040734
255,307,37.43881607501933
255,308,39.90804804220887
255,309,39.61668052481324
255,310,43.04945649698942
255,311,43.39716176747049
255,312,47.1610438879399
255,313,50.04206141677372
255,314,52.10285728658417
255,315,54.00069983843261
255,316,57.725695615601346
255,317,59.78784860435441
255,318,63.383571498801416
256,1,79.8578611927214
256,2,80.2075138253864
256,3,76.75288668973919
256,4,73.232933311272
256,5,70.24989375197941
256,6,66.602181007453
256,7,63.97029287337254
256,8,60.29988187243888
256,9,57.85372052471231
256,10,54.38607024948305
256,11,53.23671258294443
256,12,52.80588909575159
256,13,51.677663818204906
256,14,53.400491186690424
256,15,50.523421468356254
256,16,47.80817076362719
256,17,44.846157487295976
256,18,44.51095587596097
256,19,41.97586638427213
256,20,41.636690431603604
256,21,42.11145028896511
256,22,42.62527892617732
256,23,46.229641928591974
256,24,46.55852413163418
256,25,45.032229247329354
256,26,46.082342713712826
256,27,47.09459819476755
256,28,47.92786594073507
256,29,46.21716677624724
256,30,46.57238638572604
256,31,42.98793908452472
256,32,39.58031329255963
256,33,36.02338271559715
256,34,33.73825255110382
256,35,30.642055898584733
256,36,29.291234883153653
256,37,27.615104236982667
256,38,29.249730666482282
256,39,29.20832266329543
256,40,26.99036173909141
256,41,27.797945011755623
256,42,26.87540342108425
256,43,24.6153325224503
256,44,20.887941199270816
256,45,20.407798836551716
256,46,18.64743686751705
256,47,17.592839442493528
256,48,15.53266361383815
256,49,12.651251421994669
256,50,12.917328787763147
256,51,14.695407864205484
256,52,15.779246986228626
256,53,19.060083700122412
256,54,19.978012302246455
256,55,23.58965974467973
256,56,25.447645955961622
256,57,22.636511077230516
256,58,20.440699689513586
256,59,17.13359020962327
256,60,19.08109106721633
256,61,21.910201991669144
256,62,19.878272534290833
256,63,18.382741211824403
256,64,21.975131408777912
256,65,23.50450403683887
256,66,25.923052566880042
256,67,28.208967023988954
256,68,27.692891988102
256,69,23.900402378248426
256,70,24.401560567008524
256,71,23.22606102123259
256,72,19.589141719764488
256,73,19.646447004721704
256,74,16.881133767544878
256,75,15.227130794850162
256,76,11.695108774394416
256,77,10.506088044739025
256,78,8.591954528909902
256,79,11.20114767713361
256,80,13.529717367798538
256,81,16.95744913338597
256,82,19.43377107980977
256,83,23.088015352714798
256,84,26.091012196745577
256,85,28.075402328468975
256,86,25.87947061101969
256,87,27.890608875617076
256,88,28.020540241467668
256,89,30.751144418303518
256,90,30.59585446068855
256,91,31.809443151349587
256,92,31.70931238106179
256,93,29.012242642769113
256,94,27.729533824722356
256,95,24.473954968687554
256,96,25.038711777493354
256,97,22.153724943191424
256,98,20.9449616062675
256,99,18.676019742679856
256,100,16.73817542392059
256,101,16.285006272953858
256,102,15.281397642175703
256,103,12.653834746433873
256,104,11.002393029266953
256,105,11.357706043675162
256,106,10.07465356530628
256,107,6.855573874655546
256,108,6.676882219474193
256,109,7.440359065077905
256,110,10.357784420753985
256,111,13.971550388587387
256,112,14.871688177233448
256,113,17.957993354351824
256,114,20.184829207160764
256,115,23.7693121409749
256,116,25.59361451087792
256,117,29.323881718360326
256,118,30.197169144868308
256,119,33.99801537888565
256,120,35.540381351740464
256,121,39.21275566874804
256,122,41.81763544688467
256,123,39.85561044353844
256,124,39.44919077073975
256,125,35.96111524553619
256,126,34.41483835773066
256,127,35.95116234277279
256,128,35.92457077981578
256,129,36.973176282291064
256,130,38.61188199593266
256,131,36.16801220909584
256,132,33.37753407946481
256,133,35.11271977157329
256,134,33.51207497355185
256,135,36.10054553359111
256,136,39.6656515665242
256,137,39.487763747304676
256,138,37.59528740759088
256,139,34.07417730875821
256,140,31.158231754557118
256,141,27.38041180470756
256,142,26.290838627603446
256,143,24.01216013072354
256,144,26.605346769810634
256,145,30.049859926531013
256,146,32.95865340936754
256,147,35.4885607583186
256,148,39.112227475205344
256,149,42.45599558507473
256,150,43.8883115749915
256,151,47.61968211065566
256,152,48.69782773163537
256,153,46.34914891630624
256,154,42.734467112892375
256,155,42.27935349734049
256,156,40.09116697993309
256,157,36.953562175438094
256,158,35.41306267720022
256,159,32.71045123650749
256,160,30.255950085819876
256,161,27.10744663931173
256,162,25.85581080458334
256,163,22.414890260008736
256,164,23.371794110671754
256,165,19.991845743913114
256,166,17.669483261972974
256,167,14.732882493690495
256,168,14.605562877039103
256,169,16.28544726194577
256,170,16.19377376301378
256,171,19.753432212915154
256,172,21.074257445268294
256,173,24.8198158291807
256,174,27.52810663811359
256,175,31.078626315431723
256,176,33.83891258879457
256,177,36.14055834166716
256,178,39.507017274514425
256,179,42.00690899522544
256,180,45.28740423957377
256,181,46.6317528702331
256,182,47.84312724647984
256,183,44.38967548354221
256,184,43.09940441871047
256,185,45.86135775747537
256,186,45.97852407003943
256,187,42.32376341190989
256,188,41.81444929355524
256,189,45.46827041864312
256,190,44.83687869912617
256,191,45.814813432953805
256,192,42.69920012971106
256,193,39.44959343834008
256,194,36.670420247875505
256,195,33.093284826218735
256,196,31.66404475550913
256,197,28.266050508820598
256,198,27.706807823031017
256,199,25.929987896613998
256,200,27.318864724626884
256,201,25.552885440770485
256,202,25.83008995046419
256,203,28.396966396972587
256,204,28.264455979847597
256,205,31.806358864738847
256,206,32.65916960845447
256,207,36.18488268265958
256,208,36.502806646536975
256,209,38.35774974556363
256,210,41.26779724834102
256,211,41.761544683100006
256,212,42.67063297804873
256,213,39.9631908969013
256,214,40.10106413535411
256,215,39.94098039696729
256,216,36.68166681636779
256,217,37.04960939487745
256,218,40.303870837325356
256,219,39.108673066558865
256,220,39.73527908706597
256,221,37.61754891667645
256,222,33.94499206591518
256,223,30.951153463310884
256,224,28.68271091587533
256,225,25.09125306005394
256,226,23.494117454734944
256,227,20.504314550419185
256,228,20.267750494781453
256,229,17.701396316198608
256,230,19.463959332870296
256,231,18.397769571516594
256,232,19.634784641045677
256,233,23.397333374002244
256,234,23.874203555038335
256,235,25.65011275917578
256,236,25.585376745945585
256,237,29.093867252240642
256,238,30.200766564950186
256,239,33.681142250656045
256,240,35.51691196450921
256,241,39.08887645847973
256,242,38.2094549998493
256,243,35.86103631215018
256,244,32.78848343758419
256,245,30.27648263537779
256,246,28.756507273268763
256,247,25.41241255939935
256,248,25.618562605036203
256,249,22.661243729351085
256,250,19.085509273587405
256,251,15.673645940032225
256,252,12.924958473687752
256,253,10.109431138939
256,254,6.581345792429794
256,255,3.7455974348720384
256,257,3.7543920605285215
256,258,5.707345166496938
256,259,8.857503582926771
256,260,12.56032957504301
256,261,15.739245244238445
256,262,19.42681066031624
256,263,21.485162169117817
256,264,24.65022901130696
256,265,24.372649880485316
256,266,24.90008888490339
256,267,22.64845970261047
256,268,24.313969822993226
256,269,24.205526527180037
256,270,23.344770386104948
256,271,20.862982472434084
256,272,19.446076228994436
256,273,16.45520601665452
256,274,17.024328557766236
256,275,17.170456248824575
256,276,19.302135736766793
256,277,20.938179157115204
256,278,24.04063015984464
256,279,22.462998601005303
256,280,21.15537560166403
256,281,22.698014942543303
256,282,23.29083222473273
256,283,22.225744758080253
256,284,25.51969689965692
256,285,26.490613581061286
256,286,25.106107216881988
256,287,25.542040801263592
256,288,25.165603857407262
256,289,27.04473704802019
256,290,25.58255189579292
256,291,23.146161561167983
256,292,21.380056286648788
256,293,18.559124366853993
256,294,16.425315378619448
256,295,13.171147718689706
256,296,12.603708969506997
256,297,15.110585915669091
256,298,17.837071169204705
256,299,21.115353088773944
256,300,21.58039209879273
256,301,23.184644680861474
256,302,26.82919384448786
256,303,29.82184294163017
256,304,32.20258467852162
256,305,32.87167199054625
256,306,34.306735441987925
256,307,34.42806423933525
256,308,36.7491121048544
256,309,36.41172276667864
256,310,39.79657325141122
256,311,40.012943498826836
256,312,43.78632183973483
256,313,46.75397634940203
256,314,48.88100440236777
256,315,50.69788307812032
256,316,54.44624226141145
256,317,56.43788423402176
256,318,59.9996748961256
257,1,77.03728012460661
257,2,77.48411911574586
257,3,74.01908455960549
257,4,70.45878193520818
257,5,67.42562073551078
257,6,63.819281488806844
257,7,61.11011680152259
257,8,57.47546692476117
257,9,54.91370855068279
257,10,51.387908346290615
257,11,50.10813937689026
257,12,49.54701363914594
257,13,48.29906356411859
257,14,49.921859975946894
257,15,46.998658845596765
257,16,44.351872403289214
257,17,41.38406174955845
257,18,41.106778964136055
257,19,38.68892361321607
257,20,38.48900952653302
257,21,39.16422468845578
257,22,39.86619704416382
257,23,43.40869829547665
257,24,43.53795027257782
257,25,41.88082892981383
257,26,42.817029050917014
257,27,43.86314162973227
257,28,44.60418166021011
257,29,42.948554495950454
257,30,43.26773826262418
257,31,39.64513922783889
257,32,36.22447930823155
257,33,32.62371279591316
257,34,30.246380738480852
257,35,27.24317799695735
257,36,25.769283543415536
257,37,23.95989602978719
257,38,25.546889970139684
257,39,25.456078389954698
257,40,23.255109348787432
257,41,24.150044013089843
257,42,23.30655782624372
257,43,21.1757976285953
257,44,17.498168722937006
257,45,17.144137874800986
257,46,15.801993876886955
257,47,14.804696552604428
257,48,12.86323128849614
257,49,9.86952753937754
257,50,10.776182467208164
257,51,12.21816138280342
257,52,13.898479608932568
257,53,16.945051442586262
257,54,18.24867799186512
257,55,21.6677409731185
257,56,23.82785804537193
257,57,21.380220424630853
257,58,19.24548888329349
257,59,16.369441702782698
257,60,18.83649269137305
257,61,21.55712940743558
257,62,19.683483745933454
257,63,18.81453312515718
257,64,22.517277766199733
257,65,23.84575844365565
257,66,25.81518430256107
257,67,28.056515034610605
257,68,27.055489559529533
257,69,23.378261146402124
257,70,24.330388834292844
257,71,22.842493607419524
257,72,19.29704095157228
257,73,20.077291147562974
257,74,17.736939699146042
257,75,15.363549110230343
257,76,11.696898488261363
257,77,9.35615691102542
257,78,6.379814937908032
257,79,8.498592449965198
257,80,11.434973340644952
257,81,14.46675939240348
257,82,17.25077897080013
257,83,20.720440099646602
257,84,23.745161905297977
257,85,25.936020602052835
257,86,24.14089485449968
257,87,26.538494378154212
257,88,27.161082789335705
257,89,30.07723345173807
257,90,30.381550978182265
257,91,31.838411892439026
257,92,31.5419255678163
257,93,29.06107309957472
257,94,27.771620876432806
257,95,24.70927580524209
257,96,25.391353586653693
257,97,22.359843466441646
257,98,20.799562001518364
257,99,18.166631029079653
257,100,16.91882754594625
257,101,16.78401079864047
257,102,14.998136162138714
257,103,12.341253381343503
257,104,11.82043652930856
257,105,12.022966582161763
257,106,9.584491355021914
257,107,6.978356899837963
257,108,8.267587278890593
257,109,7.791637757131629
257,110,11.325461245867897
257,111,14.942804958563597
257,112,16.50524494474702
257,113,19.794073973855255
257,114,22.460042181453094
257,115,25.962574710789287
257,116,28.111392343885118
257,117,31.876028373434774
257,118,32.654717519706885
257,119,36.44580503768621
257,120,37.77051800783409
257,121,41.50586646983266
257,122,43.91343121039888
257,123,41.707301585692456
257,124,41.06328949155995
257,125,37.53214089306686
257,126,35.67971375108778
257,127,36.97933516078566
257,128,36.57863194116005
257,129,37.2865844640718
257,130,38.599472946707664
257,131,35.96253624130741
257,132,33.31689890187803
257,133,35.00835545792478
257,134,33.53732806399682
257,135,35.98365593853444
257,136,39.516042463752434
257,137,39.61824431380303
257,138,37.83891276106539
257,139,34.483366828796854
257,140,31.686049924844298
257,141,27.970073369048215
257,142,27.123677349557596
257,143,25.2246119276725
257,144,27.86945482518386
257,145,31.481436343614526
257,146,34.20957082536644
257,147,37.004390646375455
257,148,40.53438257449346
257,149,44.01443902482404
257,150,45.58978795946619
257,151,49.330029171607
257,152,50.33402920923213
257,153,48.1458374769248
257,154,44.55412355598337
257,155,44.36497926209135
257,156,42.28153697646672
257,157,39.24276737759222
257,158,37.9598034754127
257,159,35.381607673315166
257,160,33.152541834346316
257,161,30.0656073139805
257,162,29.085590493767207
257,163,25.760739319622143
257,164,26.89233955340094
257,165,23.53638569670111
257,166,21.358528663898507
257,167,18.32242804818384
257,168,17.929664057006768
257,169,19.229202117216005
257,170,18.592476264059005
257,171,21.90284771614665
257,172,22.66621332266798
257,173,26.357231777409595
257,174,28.745910501102927
257,175,32.223299283568615
257,176,34.73917523477221
257,177,36.82162891652458
257,178,40.111590575461754
257,179,42.35740493060533
257,180,45.791506604228765
257,181,47.41022043420502
257,182,48.618559483282446
257,183,45.11785221981669
257,184,44.07022961121125
257,185,47.009440997043654
257,186,47.03708143190334
257,187,43.47363543512237
257,188,43.211202621586246
257,189,46.89731532359296
257,190,46.34747881990613
257,191,47.11266773617135
257,192,44.03903668363897
257,193,40.932228185585245
257,194,38.31948322512773
257,195,34.859216740203536
257,196,33.7126494587185
257,197,30.492389010435748
257,198,30.225824323392985
257,199,28.7507166827301
257,200,30.3014655996939
257,201,28.32836787764327
257,202,28.283602414295505
257,203,30.65638623673473
257,204,30.169807098269
257,205,33.58465553970238
257,206,34.095133930713835
257,207,37.48509886155789
257,208,37.540161822073365
257,209,39.077069327124605
257,210,41.89710074210433
257,211,42.06237699519823
257,212,42.69735354846914
257,213,39.76656172422065
257,214,39.563078135466284
257,215,39.359016956109386
257,216,36.03119286042405
257,217,36.38722792381956
257,218,39.811832413008204
257,219,38.893822594073626
257,220,39.60936242688571
257,221,37.809324191023784
257,222,34.19579001849978
257,223,31.483405222195056
257,224,29.334738307945365
257,225,25.91528625237697
257,226,24.739290685441183
257,227,22.14007819968353
257,228,22.453142170869807
257,229,20.305341330749762
257,230,22.46809208745641
257,231,21.71305109281972
257,232,23.187276519472718
257,233,26.941363130842845
257,234,27.19529445400557
257,235,28.79884036060072
257,236,28.427086046550958
257,237,31.799863737120887
257,238,32.59574932252151
257,239,35.97193002723654
257,240,37.52370264246096
257,241,40.98676581260788
257,242,39.81805263161215
257,243,37.2050684834609
257,244,34.34433027967699
257,245,31.656398860103828
257,246,30.498974515081937
257,247,27.261094160813744
257,248,27.541817259702828
257,249,24.900033871631663
257,250,21.454420703503096
257,251,17.838919085454183
257,252,15.52834560630335
257,253,12.916250656664895
257,254,9.75401635654784
257,255,7.193865062264473
257,256,3.7543920605285215
257,258,3.783654281231532
257,259,6.5948989232281106
257,260,10.296080733308603
257,261,12.960793988143143
257,262,16.744504492383935
257,263,18.479748555974105
257,264,21.673819808070864
257,265,21.14796091843187
257,266,21.835917515189227
257,267,19.661928222109623
257,268,21.279628265671217
257,269,21.365612458415807
257,270,20.281633913372076
257,271,17.769543564214416
257,272,16.03355692311794
257,273,13.00651037970795
257,274,13.314587462507571
257,275,13.457628880132688
257,276,15.662883522964272
257,277,17.522313884080802
257,278,20.479506757489588
257,279,18.861124678662733
257,280,17.473790284038714
257,281,18.96362233748888
257,282,19.667104238174932
257,283,18.736896063952347
257,284,22.154984604128096
257,285,23.087203726282954
257,286,21.879771368896076
257,287,22.17900588474985
257,288,21.618704303196
257,289,23.49451656054369
257,290,21.947785741218762
257,291,19.66001221430973
257,292,18.132097845486445
257,293,15.29847182339798
257,294,12.878493381331564
257,295,9.48622122855728
257,296,8.939564402464704
257,297,11.725467176132016
257,298,14.305143566903773
257,299,17.70205410770447
257,300,18.374518374398317
257,301,19.90045807240116
257,302,23.621223583062697
257,303,26.592550594972934
257,304,28.85513060888314
257,305,29.342805073525025
257,306,30.789733674463317
257,307,31.04980309416846
257,308,33.37403250489701
257,309,33.19427515466521
257,310,36.61751710109011
257,311,36.87749503357198
257,312,40.67473830402104
257,313,43.69851335135557
257,314,45.74861917472718
257,315,47.43756318796148
257,316,51.19810552103129
257,317,53.09415317641242
257,318,56.66128204441157
258,1,79.17012057918083
258,2,79.74867219667945
258,3,76.28475953459042
258,4,72.67839260173155
258,5,69.59741776282058
258,6,66.04730134164855
258,7,63.25328409456572
258,8,59.673481285184984
258,9,56.96758548854585
258,10,53.370386841649
258,11,51.89037268865399
258,12,51.10900761549339
258,13,49.61992898522723
258,14,50.99881453759703
258,15,47.95480139280637
258,16,45.489506282707524
258,17,42.476124518744115
258,18,42.213196623926216
258,19,40.007677100918265
258,20,39.896105273540805
258,21,40.85773049121478
258,22,41.64215435803944
258,23,45.06612986266515
258,24,44.985921205907104
258,25,43.056627654198564
258,26,43.984154750641224
258,27,45.2472424732611
258,28,45.92775601100252
258,29,44.463535376007016
258,30,44.761967611443964
258,31,41.084042621963185
258,32,37.64391031382732
258,33,33.98207375053341
258,34,31.360140766473073
258,35,28.561381089336127
258,36,26.66022042639493
258,37,24.52432252436597
258,38,25.594519192692022
258,39,25.162651078972875
258,40,22.652990824256065
258,41,23.246355492987753
258,42,21.880867408590817
258,43,19.63272294550546
258,44,15.97192875961358
258,45,16.102471907067006
258,46,14.502493311812277
258,47,14.412322079722886
258,48,13.112737948198031
258,49,9.50108501801268
258,50,9.258748277668186
258,51,9.855785011919284
258,52,10.790619553194624
258,53,13.716334099068545
258,54,14.663463181670373
258,55,18.18251379542229
258,56,20.17268526529025
258,57,17.626294151753196
258,58,15.522538324052315
258,59,12.636349769835478
258,60,15.262240879443995
258,61,17.84722553100304
258,62,15.987643538473723
258,63,15.340537323885197
258,64,19.065297517453537
258,65,20.290764910137547
258,66,22.112849187687015
258,67,24.377247343533018
258,68,23.338181305104236
258,69,19.680015796193988
258,70,20.80650283143093
258,71,19.449336622944447
258,72,15.852440213648878
258,73,16.863445811382263
258,74,14.937972612160573
258,75,12.402358821382778
258,76,9.007354869680473
258,77,6.5282596207735795
258,78,4.2816965176460435
258,79,5.6893104474624865
258,80,7.947741637394362
258,81,11.261087673913615
258,82,13.851923402967296
258,83,17.440931401560725
258,84,20.524314814577668
258,85,22.516502095810136
258,86,20.535498426982386
258,87,22.8484959020073
258,88,23.424248071823975
258,89,26.306855092509576
258,90,26.666780090878827
258,91,28.227882974985057
258,92,28.00131225602834
258,93,25.67270775635155
258,94,24.6101498878128
258,95,21.754061626500857
258,96,22.829966110673578
258,97,20.054546778969467
258,98,18.045544409567132
258,99,15.709233120646227
258,100,14.855579705322251
258,101,14.220960314419338
258,102,12.022379516409254
258,103,10.009062734099984
258,104,9.80913221692128
258,105,9.157837599325122
258,106,6.2832940912052475
258,107,4.8888485013424035
258,108,6.355606511240267
258,109,4.881703784758122
258,110,8.617962550515042
258,111,11.951081542275672
258,112,14.112785115228313
258,113,17.327920482306958
258,114,20.3742399267411
258,115,23.681175261044352
258,116,26.082113196240382
258,117,29.83509966863372
258,118,30.463408683859736
258,119,34.21288189508208
258,120,35.31904026950723
258,121,39.09405147425262
258,122,41.315420768674535
258,123,38.91720257849459
258,124,38.08239138506322
258,125,34.534099679340116
258,126,32.496159378150864
258,127,33.660228768775724
258,128,33.085048759648906
258,129,33.676635789312456
258,130,34.895753176530405
258,131,32.24036518420541
258,132,29.608991491205092
258,133,31.29935941361105
258,134,29.907364075169646
258,135,32.38071403104844
258,136,35.87063690713869
258,137,35.98801061002033
258,138,34.20708500870913
258,139,30.91142196939203
258,140,28.157392324911946
258,141,24.483441672376046
258,142,23.775627651437627
258,143,22.08394849492424
258,144,24.74494928275279
258,145,28.432714661556457
258,146,31.054962758903972
258,147,34.01202867499645
258,148,37.47871200376056
258,149,41.03522391645798
258,150,42.66793208155234
258,151,46.40305089081069
258,152,47.39159521221877
258,153,45.35601203234688
258,154,41.81862510951239
258,155,41.87084738861911
258,156,39.96978153959926
258,157,36.97872556170495
258,158,35.99817450173041
258,159,33.50499601133099
258,160,31.594429008704545
258,161,28.565534929280304
258,162,28.047035121645944
258,163,24.974104146471348
258,164,26.469253531789537
258,165,23.271497975502907
258,166,21.633849739751586
258,167,18.265036867120426
258,168,17.3781577985206
258,169,17.93684141247124
258,170,16.727974282212767
258,171,19.68642991155745
258,172,19.979752671039734
258,173,23.615160156317664
258,174,25.84881835690176
258,175,29.32656606306019
258,176,31.63291233935145
258,177,33.7177681943195
258,178,36.89439617559824
258,179,39.087557221773224
258,180,42.55501285964661
258,181,44.289761664386404
258,182,45.380416570103456
258,183,41.828327839043546
258,184,40.95213457051826
258,185,43.933032395318385
258,186,43.82478101521513
258,187,40.30620159524528
258,188,40.24082239828025
258,189,43.958758530960814
258,190,43.56968541249683
258,191,44.29545826633713
258,192,41.34343630866548
258,193,38.277940096693136
258,194,35.87215266730448
258,195,32.46973087569751
258,196,31.660736395984074
258,197,28.570746901838437
258,198,28.73677484118941
258,199,27.66112684658918
258,200,29.630629762396467
258,201,27.75688525118202
258,202,27.257721192508118
258,203,29.249438637021456
258,204,28.36612068999446
258,205,31.591184764468803
258,206,31.7748053071557
258,207,35.019730100564225
258,208,34.788003675774945
258,209,36.23060701851077
258,210,38.89293226403595
258,211,38.98029733218639
258,212,39.45932183090046
258,213,36.51433610394322
258,214,36.216674881392414
258,215,35.853014513113074
258,216,32.45999282671241
258,217,32.69981642347229
258,218,36.13915496650152
258,219,35.3104081586585
258,220,36.16039299673759
258,221,34.430134253443555
258,222,30.88129821887733
258,223,28.252712209628363
258,224,26.330622478707483
258,225,22.960023440030145
258,226,22.171200140935053
258,227,19.842538449909572
258,228,20.666243209106636
258,229,19.006125500685094
258,230,21.492216018572986
258,231,21.37511345013987
258,232,23.099402804954078
258,233,26.808788616714427
258,234,26.678100169778336
258,235,27.811991556523775
258,236,26.980170920778807
258,237,30.183599202612143
258,238,30.587947589266246
258,239,33.895863241775
258,240,35.160984382336714
258,241,38.499156355039126
258,242,37.08543689305645
258,243,34.31131481019819
258,244,31.554993243600997
258,245,28.69073447388674
258,246,27.74761751840717
258,247,24.584549981676247
258,248,24.892762825215932
258,249,22.57911784780233
258,250,19.330471697807777
258,251,15.606401300789441
258,252,13.905626718132716
258,253,11.691610230035101
258,254,9.348051352966612
258,255,7.963216613406642
258,256,5.707345166496938
258,257,3.783654281231532
258,259,3.80759356292788
258,260,7.191909794979191
258,261,10.328645855974237
258,262,13.971645813115284
258,263,15.903365074025624
258,264,18.98980626885555
258,265,18.868761537375633
258,266,19.494599774535008
258,267,17.5518882842314
258,268,19.677498557689184
258,269,20.192823899157617
258,270,19.71361604429462
258,271,17.818493576407207
258,272,16.308859280659295
258,273,13.887310840961476
258,274,13.738275211247787
258,275,12.838065923690234
258,276,14.686224258727343
258,277,15.783286202926309
258,278,19.027408267641047
258,279,17.54910248530252
258,280,16.83304856816383
258,281,18.963254229468248
258,282,20.32168823645336
258,283,20.028803146200218
258,284,23.658342745820125
258,285,24.542586016484233
258,286,23.617350436609417
258,287,23.431233631168453
258,288,22.270539655899984
258,289,23.633283067144948
258,290,21.585551448492936
258,291,19.090521772472005
258,292,17.877654399578827
258,293,14.54012571745517
258,294,12.615905464373332
258,295,9.450962042878764
258,296,10.090747780532254
258,297,13.540716137923322
258,298,15.574800769083252
258,299,19.062916435002364
258,300,19.710188636432207
258,301,20.600609736583433
258,302,24.33984051541683
258,303,26.937547467077014
258,304,29.37246473931315
258,305,29.615089342729274
258,306,31.43041093542878
258,307,32.13165116104498
258,308,34.61996228820633
258,309,34.821699378112235
258,310,38.32847197538126
258,311,38.71159761632534
258,312,42.52589501916274
258,313,45.6052324804346
258,314,47.487080063428245
258,315,48.97057266447937
258,316,52.73170412049028
258,317,54.456497178694704
258,318,58.03536698154492
259,1,79.08693232145374
259,2,79.70939701769737
259,3,76.19447733288989
259,4,72.57903662798873
259,5,69.38811861361245
259,6,65.9157377642148
259,7,62.974068582398964
259,8,59.43027891014012
259,9,56.58100342212638
259,10,52.95707690086294
259,11,51.403194221041396
259,12,50.36344066074839
259,13,48.75284964058781
259,14,49.90430790419984
259,15,46.69627128654264
259,16,44.2810808449115
259,17,41.12435812599894
259,18,40.664661976614546
259,19,38.541964329778665
259,20,38.32399359164339
259,21,39.457073418234955
259,22,40.181068126901955
259,23,43.47943835525005
259,24,43.30088777646537
259,25,41.16844862149385
259,26,42.23332763808578
259,27,43.771543397037505
259,28,44.57133721811975
259,29,43.39400918089219
259,30,43.885805701305756
259,31,40.23977854962145
259,32,36.70644016352407
259,33,33.09788002012058
259,34,30.17950439604398
259,35,27.424451780545443
259,36,25.12079934644108
259,37,23.01498689138923
259,38,23.632152611764823
259,39,23.322333782860223
259,40,20.95344470239599
259,41,21.806946882659307
259,42,20.02310787161476
259,43,18.240006336574332
259,44,14.87181222977199
259,45,15.888784766454343
259,46,14.924319463538486
259,47,15.524715804086396
259,48,14.732413334946322
259,49,11.05819207820445
259,50,10.876128443384985
259,51,10.111848162419745
259,52,10.693942603989903
259,53,12.7089845105888
259,54,13.180560211124114
259,55,16.539588303470286
259,56,18.266768788297714
259,57,15.809604096423488
259,58,13.276651294241276
259,59,10.857258337631041
259,60,13.486029702677325
259,61,16.254581180498235
259,62,15.115375823148687
259,63,14.754217837500372
259,64,18.261176840116477
259,65,19.7172266120285
259,66,21.018119979349503
259,67,23.5748734119533
259,68,22.33396834306394
259,69,18.88512676544869
259,70,20.660636662362368
259,71,19.588991629841605
259,72,16.043215810155512
259,73,17.55845228408
259,74,16.387778176007473
259,75,13.757612655796056
259,76,10.985383376885826
259,77,8.261536653281356
259,78,6.400762868814771
259,79,5.1694046045701505
259,80,6.472759355196085
259,81,9.065089151938414
259,82,11.151136151250393
259,83,14.728923000784528
259,84,17.478840382262714
259,85,19.835507512609244
259,86,18.008785246432694
259,87,20.389148435407616
259,88,21.23775201216065
259,89,24.42399963077799
259,90,25.040611687101386
259,91,26.49938433803442
259,92,25.851617042489913
259,93,23.56390620034226
259,94,22.271901567856837
259,95,19.542067269621786
259,96,20.53888724375435
259,97,17.647878602673952
259,98,15.460314060550253
259,99,12.81114718204657
259,100,12.650781144613854
259,101,12.49699293284058
259,102,9.704387507289095
259,103,7.720869313432354
259,104,8.95310572812366
259,105,8.642053626046549
259,106,4.989677430387312
259,107,5.000152253335648
259,108,7.978996217584575
259,109,6.933811809215919
259,110,10.432676052378033
259,111,13.011556932774008
259,112,15.88941969645993
259,113,18.71687727489429
259,114,22.0376722948039
259,115,25.022021010432677
259,116,27.43783570613469
259,117,31.10334373272303
259,118,31.32226679840969
259,119,34.97701328967105
259,120,35.685931371918386
259,121,39.46823640129478
259,122,41.414651459273955
259,123,38.80761817415361
259,124,37.920977109774064
259,125,34.47948478743188
259,126,32.31462735398887
259,127,33.05620501236121
259,128,32.23768211338566
259,129,32.43844300427832
259,130,33.492002274088016
259,131,30.562377294308224
259,132,28.266162713237133
259,133,30.209117882554438
259,134,29.241032962591063
259,135,31.816582827338962
259,136,35.124368331552276
259,137,35.23695987265215
259,138,33.30600351653972
259,139,30.178726385014887
259,140,27.35114996523119
259,141,23.773939729518105
259,142,23.647950217026263
259,143,22.118136072124063
259,144,24.43474321017199
259,145,28.215646001170484
259,146,30.463553334431733
259,147,33.566474963001795
259,148,36.84884823593184
259,149,40.485858962355216
259,150,42.40120924730573
259,151,46.10758128588893
259,152,46.84365896876333
259,153,44.88297338889861
259,154,41.34237584353173
259,155,41.60842758830825
259,156,39.71034546731868
259,157,36.9568836895579
259,158,36.232880473191614
259,159,34.054683623606806
259,160,32.42433844855766
259,161,29.67666434459219
259,162,29.469215722876296
259,163,26.666873158802076
259,164,28.58002934210351
259,165,25.651874593766482
259,166,24.19042175262352
259,167,20.62102267064783
259,168,19.1245281666643
259,169,19.31954770023246
259,170,17.42769229166115
259,171,19.976509313295622
259,172,19.64909826756523
259,173,23.03549071641619
259,174,24.783533264513494
259,175,28.038255904719616
259,176,30.16873532696387
259,177,31.906501582913194
259,178,35.069901347621794
259,179,36.99239480202875
259,180,40.56965107048584
259,181,42.50044508768559
259,182,43.72857009987512
259,183,40.225015465073696
259,184,39.46594852757133
259,185,42.6365498837301
259,186,42.6188938903019
259,187,39.237940626545615
259,188,39.28094962797242
259,189,42.95281241856432
259,190,42.4930632225518
259,191,42.91546872680647
259,192,39.95154421043899
259,193,37.10271409097985
259,194,34.82603111080481
259,195,31.630488536092763
259,196,31.071102325520503
259,197,28.28253012625547
259,198,28.724988584821713
259,199,28.06016143036114
259,200,30.170004946559832
259,201,28.013306885350065
259,202,27.08358109207953
259,203,28.8005460089589
259,204,27.54165728599336
259,205,30.578837447295378
259,206,30.43255957659189
259,207,33.51509874878786
259,208,33.120044024222615
259,209,34.22399815303472
259,210,36.8656470330251
259,211,36.66016447932338
259,212,36.997605673252394
259,213,33.888106720114436
259,214,33.413286326173385
259,215,33.20570381179691
259,216,29.886886714981944
259,217,30.372367341905726
259,218,33.8783133429726
259,219,33.10764483767514
259,220,33.81285959724059
259,221,32.33962357948749
259,222,28.821154500926916
259,223,26.49028490801316
259,224,24.527021733556186
259,225,21.443601684901573
259,226,20.977744989347006
259,227,19.17820317261828
259,228,20.549479137643164
259,229,19.473103893322165
259,230,22.44002220814413
259,231,22.739908175456527
259,232,24.94798103288216
259,233,28.537270556400713
259,234,27.937437096205333
259,235,28.868655259088772
259,236,27.65966171717048
259,237,30.58055996432119
259,238,30.647396033510823
259,239,33.71128008585563
259,240,34.667774927634724
259,241,37.867124683828166
259,242,36.22705042861911
259,243,33.2388761122106
259,244,30.798269514884254
259,245,27.963828582256358
259,246,27.510744933822657
259,247,24.683895296059063
259,248,25.42914884693924
259,249,23.512932716444137
259,250,20.396251711290095
259,251,16.789128269057088
259,252,15.827995324190628
259,253,13.542597628849585
259,254,11.931439373572248
259,255,10.533706143903242
259,256,8.857503582926771
259,257,6.5948989232281106
259,258,3.80759356292788
259,260,3.816382954162224
259,261,6.970767526323188
259,262,10.596154671912425
259,263,12.963608325850128
259,264,16.329886469290656
259,265,16.687120350235777
259,266,17.926528176641646
259,267,16.669778929964107
259,268,19.268677581983102
259,269,20.481452408134547
259,270,20.07628953794248
259,271,18.51091454305845
259,272,16.558914020856818
259,273,14.347979826462966
259,274,13.177271398315082
259,275,11.489610080964347
259,276,12.41793917517484
259,277,12.995828052666925
259,278,16.5243573754814
259,279,15.690958848199806
259,280,15.639794847871983
259,281,17.833680763847752
259,282,19.769614558762864
259,283,19.678968205756558
259,284,23.449560360539255
259,285,23.857565429767927
259,286,22.86177200229725
259,287,22.074291607407297
259,288,20.50374633690037
259,289,21.34430979557646
259,290,19.1677943860948
259,291,16.324173047506584
259,292,15.054751028781823
259,293,11.526117948805311
259,294,10.359262253687964
259,295,8.036554385022578
259,296,10.079394220531139
259,297,13.715203657261876
259,298,14.841264223563783
259,299,18.05008447462703
259,300,18.27597759205837
259,301,18.51771249340513
259,302,22.144653326457163
259,303,24.398336508262755
259,304,27.06929070926876
259,305,27.34193419400351
259,306,29.504979762608105
259,307,30.498445630527538
259,308,33.25171580770878
259,309,33.816171166807365
259,310,37.44279173785679
259,311,38.1523727831211
259,312,41.952352241781036
259,313,44.93860368067826
259,314,46.54916923091189
259,315,47.95317650093405
259,316,51.669432950278804
259,317,53.354006006968426
259,318,56.98885517084439
260,1,79.88893613674416
260,2,80.6470056108576
260,3,77.13326737600094
260,4,73.48429991697255
260,5,70.235205051466
260,6,66.85120252469696
260,7,63.809723954241
260,8,60.34790911223857
260,9,57.34632294803967
260,10,53.673911248187146
260,11,51.92630372198639
260,12,50.63411077069847
260,13,48.789519999909935
260,14,49.6585326889954
260,15,46.33692142786668
260,16,44.126232245537146
260,17,40.942332082979426
260,18,40.480228640962
260,19,38.61751923771353
260,20,38.50310653353962
260,21,39.946614101518925
260,22,40.7810010524326
260,23,43.896085735244675
260,24,43.46467507726022
260,25,41.058140673212435
260,26,42.085668012007524
260,27,43.84172240944696
260,28,44.57468740041432
260,29,43.63742894850311
260,30,44.13353092350351
260,31,40.488433875967075
260,32,36.97392174103905
260,33,33.38529223203978
260,34,30.249285906928403
260,35,27.777186271192726
260,36,25.07651297169768
260,37,22.73774813042646
260,38,22.74587469818438
260,39,22.15697279309147
260,40,19.652732922152623
260,41,20.319414173602773
260,42,17.99452460928669
260,43,16.42097330637072
260,44,13.440559468275334
260,45,15.235597420206238
260,46,14.556146143830425
260,47,16.046380412494553
260,48,15.946390444803054
260,49,12.3230756504415
260,50,11.6392081015743
260,51,9.603517011290153
260,52,9.436043036158294
260,53,10.37195486150947
260,54,10.331551557831759
260,55,13.43576363884736
260,56,14.969280232984383
260,57,12.742872019613182
260,58,10.156867983328222
260,59,8.532618011298194
260,60,11.449236505797689
260,61,13.887620829485508
260,62,13.260522459755945
260,63,13.612925241932754
260,64,16.837508836607867
260,65,18.098948910846804
260,66,18.78124914550968
260,67,21.357841074740705
260,68,19.80019612999125
260,69,16.647080313289678
260,70,18.980291848943327
260,71,18.041289180405503
260,72,14.761326632871171
260,73,16.87067070606878
260,74,16.541758867859425
260,75,13.771466855313266
260,76,11.816829037818827
260,77,9.153667896050623
260,78,8.276075369463
260,79,5.331637063040207
260,80,4.5450330306486855
260,81,5.9863925642269304
260,82,7.4734873550263075
260,83,11.02876602905673
260,84,13.672542717103546
260,85,16.09454099119039
260,86,14.389330315157597
260,87,16.91791660560352
260,88,18.11112183338783
260,89,21.42867418152156
260,90,22.422797952229644
260,91,24.036705027726658
260,92,23.225067010915904
260,93,21.263530717044496
260,94,20.14931724612793
260,95,17.874336922022685
260,96,19.2393014633169
260,97,16.643522229270047
260,98,13.895809264717908
260,99,11.469588261293149
260,100,12.406342323598603
260,101,12.112934158189184
260,102,8.597534303443771
260,103,7.883746833257935
260,104,10.181735430260426
260,105,9.270550246119392
260,106,5.639307148047365
260,107,7.699816041944084
260,108,10.404702559004011
260,109,8.921079126150818
260,110,11.651493056135182
260,111,13.341054924243673
260,112,16.743398015382613
260,113,19.259081624636867
260,114,22.851687376917216
260,115,25.468824862023695
260,116,28.087182235178318
260,117,31.631627168407164
260,118,31.618609254070222
260,119,35.13540224541471
260,120,35.50140357320436
260,121,39.27084515491447
260,122,40.91122650875087
260,123,38.05374262206378
260,124,36.926251936191164
260,125,33.54362348348736
260,126,31.118463337154324
260,127,31.518183680320572
260,128,30.335971660338533
260,129,30.16144803432448
260,130,30.915016045302437
260,131,27.828159564689045
260,132,25.764063541549543
260,133,27.733946305728455
260,134,27.052942621261202
260,135,29.570121421418893
260,136,32.7181359926398
260,137,32.96561527542456
260,138,31.067412788689523
260,139,28.17533617610844
260,140,25.482539690280383
260,141,22.111988309702802
260,142,22.406851328573083
260,143,21.33198954007536
260,144,23.482373818897948
260,145,27.292992622992877
260,146,29.216393173162718
260,147,32.53115263450944
260,148,35.61594330399262
260,149,39.33454866354001
260,150,41.395593496303945
260,151,45.04989406339871
260,152,45.675995640999304
260,153,43.93750450935083
260,154,40.49264937902506
260,155,41.094429419566175
260,156,39.4038936457006
260,157,36.82327277181107
260,158,36.48643907203839
260,159,34.52336905630379
260,160,33.28634075211999
260,161,30.719756413852007
260,162,30.963389263098954
260,163,28.472078217769457
260,164,30.66848578245635
260,165,27.943411095734156
260,166,26.868836302367566
260,167,23.181375668724705
260,168,21.349361188118504
260,169,20.94641744702216
260,170,18.518625600151008
260,171,20.467246855587693
260,172,19.426094005288657
260,173,22.497523741338945
260,174,23.77427696216464
260,175,26.831876923986325
260,176,28.572933022953475
260,177,30.08075393012855
260,178,33.056402323612225
260,179,34.716997126916695
260,180,38.384568742667376
260,181,40.566564480478156
260,182,41.719442302657995
260,183,38.200971523602284
260,184,37.730790611057216
260,185,41.022599031536544
260,186,40.87971413125503
260,187,37.65105513303906
260,188,37.98474941526812
260,189,41.63615008944984
260,190,41.32631507202573
260,191,41.550223817245076
260,192,38.736458909053255
260,193,36.07625810408399
260,194,34.10526894148642
260,195,31.121342820236826
260,196,31.006690124067042
260,197,28.528802373184217
260,198,29.436845314199374
260,199,29.250303637139453
260,200,31.660760307872597
260,201,29.512663169096516
260,202,28.11920759844943
260,203,29.388914129610963
260,204,27.660876772024704
260,205,30.371006746702214
260,206,29.75147473928093
260,207,32.54957480981189
260,208,31.770250266018945
260,209,32.54431816032592
260,210,34.966188290018145
260,211,34.46694416957084
260,212,34.49633311488867
260,213,31.251447564926796
260,214,30.472754843264184
260,215,30.144516805615034
260,216,26.78157575981568
260,217,27.228116640342545
260,218,30.824442613106566
260,219,30.296667766558173
260,220,31.115606487214464
260,221,29.953665799496775
260,222,26.58905129050422
260,223,24.613864711029617
260,224,22.95767044934981
260,225,20.206880757840175
260,226,20.391432924179334
260,227,19.228017930833353
260,228,21.242722518566275
260,229,20.825376706348507
260,230,24.05650057786354
260,231,24.88321945589286
260,232,27.293172275776286
260,233,30.75298748323028
260,234,29.801883866087685
260,235,30.324855294351448
260,236,28.677352810004795
260,237,31.2972515737666
260,238,30.89983198774432
260,239,33.74779747446654
260,240,34.28881509429571
260,241,37.257381729073266
260,242,35.28248260147807
260,243,32.05627301705881
260,244,29.925036402199794
260,245,26.956779283926817
260,246,26.969308648478528
260,247,24.430669383208066
260,248,25.30502112354815
260,249,23.920898861861055
260,250,21.177515422711682
260,251,17.707868458356913
260,252,17.496084045428216
260,253,15.691050730042507
260,254,14.777104989001195
260,255,13.941650958467424
260,256,12.56032957504301
260,257,10.296080733308603
260,258,7.191909794979191
260,259,3.816382954162224
260,261,3.793275190793005
260,262,7.025618778712967
260,263,9.682134380674658
260,264,13.001183322065943
260,265,13.923344869611624
260,266,15.422021837230545
260,267,14.817655587880441
260,268,17.9103783045919
260,269,19.75121109600669
260,270,19.788102314192784
260,271,18.87614365075721
260,272,17.002150775682058
260,273,15.480076568889526
260,274,13.741724268865772
260,275,11.092811210404218
260,276,11.170788205904618
260,277,10.659953948894522
260,278,14.366850057938032
260,279,13.985111099107607
260,280,14.82537170029851
260,281,17.4267017788851
260,282,19.98475262046725
260,283,20.4829157633389
260,284,24.29359319010112
260,285,24.536589445578105
260,286,23.84384033345621
260,287,22.551365934902808
260,288,20.400733045295333
260,289,20.61185700972812
260,290,17.994802701808453
260,291,15.070230514793085
260,292,14.330942426123691
260,293,10.550568393148282
260,294,10.252344248652395
260,295,8.930799194162919
260,296,11.822711638989333
260,297,15.501690813807542
260,298,15.902352296637792
260,299,18.8981484286742
260,300,19.083625921014495
260,301,18.610344596416006
260,302,22.05945106890968
260,303,23.805263842419052
260,304,26.542403381082664
260,305,26.525832618314812
260,306,29.031941945733177
260,307,30.480268052312837
260,308,33.35625687067747
260,309,34.334509323296245
260,310,37.992241287694405
260,311,38.860549423216426
260,312,42.62152513378086
260,313,45.612329307789985
260,314,46.99878092383692
260,315,48.170536777364376
260,316,51.846042156017084
260,317,53.34282421974027
260,318,56.97116035081949
261,1,77.89896247041564
261,2,78.75816849921367
261,3,75.2431569554034
261,4,71.57734335894622
261,5,68.27428663038705
261,6,64.97924939447253
261,7,61.848512914719194
261,8,58.46674606976091
261,9,55.340338540152246
261,10,51.64393854380643
261,11,49.75603831836818
261,12,48.25490054895121
261,13,46.25151605256489
261,14,46.90861647402645
261,15,43.50850903190398
261,16,41.43802285786823
261,17,38.24094230511216
261,18,37.78084563653135
261,19,36.13432470419691
261,20,36.142100205327594
261,21,37.85316178991169
261,22,38.84509512855871
261,23,41.78904736252851
261,24,41.11109443579137
261,25,38.506612954314775
261,26,39.44529615603414
261,27,41.33039344400165
261,28,41.99067362488674
261,29,41.24187726217192
261,30,41.75415300042096
261,31,38.13987882547719
261,32,34.653697956592815
261,33,31.123840240408043
261,34,27.831283478527197
261,35,25.61449247220955
261,36,22.6284860047668
261,37,20.163075255543948
261,38,19.719491953772593
261,39,19.028380834119485
261,40,16.603657439081584
261,41,17.400093950610604
261,42,14.819092966637596
261,43,13.770933494534871
261,44,11.33331620707825
261,45,13.877249018998894
261,46,14.06081767616359
261,47,15.960924996637614
261,48,16.333184867942276
261,49,13.139296638343255
261,50,12.903319618899626
261,51,10.163068866438008
261,52,10.377213584369924
261,53,10.155534704638823
261,54,10.370227802930845
261,55,12.63900004005189
261,56,14.342618728867889
261,57,12.959931705674435
261,58,10.709948723849244
261,59,10.40889254312237
261,60,13.360560793164368
261,61,15.30405293339939
261,62,15.163239023686794
261,63,16.186730846490583
261,64,19.084631464230647
261,65,20.074056265347593
261,66,20.09736844529615
261,67,22.50847853706108
261,68,20.451909907819243
261,69,17.767571475057306
261,70,20.55630748335876
261,71,19.448780569771934
261,72,16.623610727625927
261,73,19.275472715048192
261,74,19.397533031803903
261,75,16.377787812601138
261,76,14.687449926443332
261,77,11.711068760949418
261,78,10.604947589026656
261,79,6.976998149523987
261,80,6.170472207850871
261,81,5.061775699288147
261,82,6.231044959533104
261,83,8.931708547035555
261,84,11.281380831943613
261,85,14.174055008525643
261,86,13.309044742440175
261,87,16.299260871495004
261,88,18.216983145797816
261,89,21.654524642303567
261,90,23.217945704730433
261,91,24.989674193214032
261,92,23.88989925887999
261,93,22.311479428818593
261,94,21.213995967369726
261,95,19.383286656961225
261,96,20.73596343584572
261,97,18.207316049269195
261,98,15.3417862210456
261,99,12.803526616728583
261,100,14.583262721753027
261,101,14.75229514753057
261,102,11.059276366273458
261,103,10.65559887621005
261,104,13.540701138940946
261,105,12.82196992279111
261,106,9.35144122093048
261,107,11.328409239879077
261,108,14.185354848180259
261,109,12.525856570461059
261,110,15.123702285347742
261,111,16.586174520011358
261,112,20.08538206589564
261,113,22.554155592391076
261,114,26.237204746596795
261,115,28.70374698755259
261,116,31.436269301170665
261,117,34.91285506502968
261,118,34.80090867565443
261,119,38.225111194214286
261,120,38.382394306174135
261,121,42.12233708850553
261,122,43.546198646147836
261,123,40.524672115764055
261,124,39.22633158432287
261,125,35.91497654651528
261,126,33.290324373736404
261,127,33.39228297433644
261,128,31.8561676940212
261,129,31.264971808301283
261,130,31.61409849283713
261,131,28.358403357857267
261,132,26.629849313970546
261,133,28.531478217236852
261,134,28.120416326059676
261,135,30.417561015394497
261,136,33.383633326927885
261,137,33.90658038309097
261,138,32.14731864810909
261,139,29.566500000087313
261,140,27.096167758057565
261,141,23.996434331017294
261,142,24.60730628251124
261,143,23.94546654331264
261,144,25.95739862157568
261,145,29.7381804978657
261,146,31.36935142735766
261,147,34.8182475522795
261,148,37.70353748353291
261,149,41.46215123436325
261,150,43.65149955659675
261,151,47.2425268540376
261,152,47.7485477497307
261,153,46.1836311306759
261,154,42.81931550111586
261,155,43.65159960911295
261,156,42.06591301628554
261,157,39.64893873177378
261,158,39.52635564332868
261,159,37.7262065620549
261,160,36.669464812807796
261,161,34.213199529639176
261,162,34.593342239440425
261,163,32.18720537341626
261,164,34.43841744961728
261,165,31.731934616153318
261,166,30.650245350178782
261,167,26.968939261759978
261,168,25.107364700654013
261,169,24.644472845181564
261,170,22.07078820813078
261,171,23.778352392208454
261,172,22.38615391211358
261,173,25.188043931384875
261,174,26.050997295749596
261,175,28.8475815680652
261,176,30.25840293319116
261,177,31.420245360268552
261,178,34.2174056639722
261,179,35.51092688441773
261,180,39.265883095297596
261,181,41.70989576543489
261,182,42.86805806394662
261,183,39.39297584566966
261,184,39.18703300146073
261,185,42.606587414587445
261,186,42.406802835533114
261,187,39.36256468491815
261,188,39.924332007750884
261,189,43.513956469237606
261,190,43.262168244775104
261,191,43.234226035751064
261,192,40.51261884994254
261,193,38.08426501839919
261,194,36.32309714445336
261,195,33.5591468433475
261,196,33.689313968189346
261,197,31.456281119052274
261,198,32.538848662776665
261,199,32.56131681915521
261,200,34.993681783922824
261,201,32.71080638603058
261,202,31.141876874732525
261,203,32.24186529355084
261,204,30.288158563046608
261,205,32.787104499830285
261,206,31.866381205942208
261,207,34.42669118087144
261,208,33.41234273757908
261,209,33.78831885001123
261,210,36.0468776548932
261,211,35.16337106135512
261,212,34.868996575011984
261,213,31.431045672552557
261,214,30.234960676420815
261,215,29.90237038399012
261,216,26.58658459672365
261,217,27.07049131014596
261,218,30.770249079394755
261,219,30.590680178803684
261,220,31.446489046226553
261,221,30.733673341198756
261,222,27.575991991466513
261,223,26.06207019613633
261,224,24.60880682663363
261,225,22.27228046017855
261,226,22.862890974099326
261,227,22.154191579014675
261,228,24.443010466877144
261,229,24.289146318748248
261,230,27.632076521039505
261,231,28.536352216577523
261,232,31.032024148755145
261,233,34.466096189999014
261,234,33.41594166344675
261,235,33.874947339959164
261,236,32.08810846806801
261,237,34.546422400830906
261,238,33.935969665861066
261,239,36.60504636359752
261,240,36.88524198790214
261,241,39.67762476361282
261,242,37.4829054494476
261,243,34.09012024834164
261,244,32.267454910952715
261,245,29.28150596995618
261,246,29.66078794970605
261,247,27.35640189899181
261,248,28.301820786196583
261,249,27.2074869259702
261,250,24.647834276609654
261,251,21.250634069172396
261,252,21.208405776958884
261,253,19.481376967517583
261,254,18.510724202152822
261,255,17.463385587300795
261,256,15.739245244238445
261,257,12.960793988143143
261,258,10.328645855974237
261,259,6.970767526323188
261,260,3.793275190793005
261,262,3.798630631296073
261,263,6.2068577618604115
261,264,9.818460525394535
261,265,10.832357924522684
261,266,12.984792481409746
261,267,13.087628445659417
261,268,16.29332267294704
261,269,18.675177509443095
261,270,18.636969469570303
261,271,18.076084401570174
261,272,15.949967822709556
261,273,14.927833009240357
261,274,12.500909274911212
261,275,9.239694555177902
261,276,8.305679427381579
261,277,7.066558977155623
261,278,10.835308769477502
261,279,11.003037857202473
261,280,12.500556593154155
261,281,15.105009626307947
261,282,18.11848205009331
261,283,19.009731643410458
261,284,22.758951050506365
261,285,22.74770816702623
261,286,22.322201998577132
261,287,20.605548156336006
261,288,18.007863548308276
261,289,17.751089292755076
261,290,14.854871710749372
261,291,12.011632027703277
261,292,11.90315427248001
261,293,8.1359745166582
261,294,8.462617010933526
261,295,8.363089602281521
261,296,11.81025559184107
261,297,15.199347227625953
261,298,14.76498685470256
261,299,17.39529430215327
261,300,17.596663905437392
261,301,16.556303595245137
261,302,19.807240144567704
261,303,21.17770520161136
261,304,23.81935663936953
261,305,23.526636792875003
261,306,26.22037510359005
261,307,27.99773819147505
261,308,30.92526567027761
261,309,32.233511674734444
261,310,35.88550453769908
261,311,36.899112725418
261,312,40.597864800399115
261,313,43.56413901101611
261,314,44.75187548876963
261,315,45.73417064386433
261,316,49.36193563274278
261,317,50.71831925964061
261,318,54.33577530090367
262,1,78.90558964699007
262,2,79.880007643601
262,3,76.37104966126367
262,4,72.69494230984309
262,5,69.33935721010222
262,6,66.15280802295705
262,7,62.93057050191555
262,8,59.6481249844179
262,9,56.39362467439184
262,10,52.68715683869272
262,11,50.64435340209873
262,12,48.89128810775132
262,13,46.68531583463292
262,14,47.03586361420162
262,15,43.539008048294725
262,16,41.690829284770324
262,17,38.487421377036604
262,18,37.98500776100375
262,19,36.618876858129426
262,20,36.69044484155374
262,21,38.672439455676624
262,22,39.72333125220086
262,23,42.43663753202807
262,24,41.53075269870501
262,25,38.68044064228236
262,26,39.603604171420045
262,27,41.71621727219754
262,28,42.337278439860775
262,29,41.87443875694861
262,30,42.427803438285714
262,31,38.88257155896706
262,32,35.460728981220086
262,33,32.046828344747986
262,34,28.596147866904207
262,35,26.713146632765802
262,36,23.415128547267102
262,37,20.879898785256678
262,38,19.739509038165316
262,39,18.836157393635766
262,40,16.487081668513518
262,41,17.11506106057099
262,42,13.96602564606276
262,43,13.49188666676491
262,44,11.969533373908638
262,45,15.160657988842813
262,46,15.71190899636521
262,47,18.187821687884767
262,48,19.034763515114417
262,49,16.09291723563659
262,50,15.58186832005621
262,51,12.303626671799417
262,52,11.90192563731053
262,53,10.411655689296522
262,54,9.943619685147445
262,55,11.243573000283547
262,56,12.46011270091277
262,57,11.753831447439646
262,58,9.787202874076831
262,59,10.829635345858195
262,60,13.440983127190634
262,61,14.795223232277081
262,62,15.35777611661334
262,63,16.925723352449282
262,64,19.276008476264543
262,65,20.06844289936013
262,66,19.382680457266932
262,67,21.719073431999252
262,68,19.391079491743596
262,69,17.29074105581024
262,70,20.536263608824218
262,71,19.668896318606663
262,72,17.331270074349245
262,73,20.30521342899789
262,74,21.099488522216937
262,75,18.199752228841994
262,76,17.16986380841779
262,77,14.507133317038418
262,78,13.961914595480618
262,79,10.193301224370236
262,80,8.43297566069561
262,81,5.754690330045483
262,82,4.814810572513158
262,83,6.163278368819359
262,84,7.761805063634105
262,85,11.019549332523308
262,86,10.728861193415597
262,87,13.84273953703442
262,88,16.275998647080556
262,89,19.766924667840136
262,90,21.77119566469323
262,91,23.597503784909485
262,92,22.244630135886975
262,93,21.10745994736159
262,94,20.17795608399101
262,95,18.957631866796962
262,96,20.508490728771203
262,97,18.388846056698856
262,98,15.284404816797572
262,99,13.19095476310269
262,100,15.782700899576826
262,101,15.953698363979495
262,102,12.228312254638258
262,103,12.709677694813873
262,104,15.930122999361359
262,105,15.045175150384805
262,106,12.03166040238103
262,107,14.540036273199568
262,108,17.249034220485118
262,109,15.582525003920411
262,110,17.69509377931483
262,111,18.51456927350869
262,112,22.194745985240193
262,113,24.31344835664236
262,114,28.076292729046713
262,115,30.18561821729886
262,116,32.985082106282455
262,117,36.294146079766485
262,118,35.94836198111514
262,119,39.192646110630065
262,120,39.01836981037751
262,121,42.687266716817824
262,122,43.79930096097313
262,123,40.58706682846727
262,124,39.109474350031874
262,125,35.9371613914287
262,126,33.13928692063789
262,127,32.85765935493377
262,128,30.985796188377417
262,129,29.963721470947302
262,130,29.960374009324333
262,131,26.561524043387408
262,132,25.229049185309478
262,133,27.14877164907173
262,134,27.136090923194256
262,135,29.318393867894315
262,136,32.006724226275
262,137,32.65294937267356
262,138,30.938169890653505
262,139,28.6986448177678
262,140,26.42828570221707
262,141,23.68002486823191
262,142,24.74285795428436
262,143,24.504213863960185
262,144,26.224875039709808
262,145,29.905473272976263
262,146,31.140911164574028
262,147,34.70166872018012
262,148,37.318593131154195
262,149,41.09142032625538
262,150,43.426846132880165
262,151,46.91796312664884
262,152,47.270739320245454
262,153,45.92500169622315
262,154,42.68703938673395
262,155,43.81819741146274
262,156,42.418080896012555
262,157,40.22154927528996
262,158,40.43781281824767
262,159,38.88212341125064
262,160,38.167119734778396
262,161,35.92259905444066
262,162,36.64167524265495
262,163,34.50769158463662
262,164,36.97054508572122
262,165,34.45476894358819
262,166,33.633742202440466
262,167,29.89125669828126
262,168,27.791800985947013
262,169,26.95618074936024
262,170,24.06088541471384
262,171,25.27138711935904
262,172,23.36027036664864
262,173,25.748773952489568
262,174,26.101796695770414
262,175,28.5722336635467
262,176,29.557662247511775
262,177,30.384694657631258
262,178,32.9317179321241
262,179,33.872386841763415
262,180,37.67192839751894
262,181,40.35859263534105
262,182,41.467470685970824
262,183,38.0492539849354
262,184,38.136288219175974
262,185,41.64993934264032
262,186,41.366814284009145
262,187,38.54202303999919
262,188,39.366216238866414
262,189,42.86655514125276
262,190,42.72696851323702
262,191,42.4596665866367
262,192,39.90724323719599
262,193,37.73430025982027
262,194,36.28783484636398
262,195,33.802427817403554
262,196,34.31951852067022
262,197,32.428528782434434
262,198,33.86254788348165
262,199,34.27892595728575
262,200,36.892635193024425
262,201,34.60914541417314
262,202,32.69083278936079
262,203,33.40691841543415
262,204,31.095756730988597
262,205,33.24322425220362
262,206,31.906198547545564
262,207,34.12903542354169
262,208,32.777853074501266
262,209,32.76398638099143
262,210,34.76626760901378
262,211,33.54227489664996
262,212,32.91077840093775
262,213,29.355862910046152
262,214,27.797403532988096
262,215,27.395158524308272
262,216,24.14126649709464
262,217,24.64941238767912
262,218,28.38230388937731
262,219,28.494319582280685
262,220,29.40273608912348
262,221,29.106407083480935
262,222,26.21218277440596
262,223,25.186345489320903
262,224,24.066346600514482
262,225,22.221785973142502
262,226,23.36957576564334
262,227,23.263859329333975
262,228,25.971426494491887
262,229,26.32228340622649
262,230,29.806404324162894
262,231,31.068543164312565
262,232,33.71724040106689
262,233,37.01904006031883
262,234,35.69109944655347
262,235,35.850502642795405
262,236,33.74722705346935
262,237,35.90489251391082
262,238,34.919510371994505
262,239,37.32798082974273
262,240,37.226716694547136
262,241,39.75529194151089
262,242,37.286214809521994
262,243,33.727510148558146
262,244,32.27852851625415
262,245,29.28592348058117
262,246,30.12019643124252
262,247,28.173795154251597
262,248,29.261952237263984
262,249,28.63532069883937
262,250,26.41690340003591
262,251,23.24848304124411
262,252,23.714163057973636
262,253,22.264512359757667
262,254,21.713656242818196
262,255,20.93481424477749
262,256,19.42681066031624
262,257,16.744504492383935
262,258,13.971645813115284
262,259,10.596154671912425
262,260,7.025618778712967
262,261,3.798630631296073
262,263,3.8034568765584953
262,264,7.167489141710564
262,265,9.306344431178882
262,266,11.9548128415487
262,267,13.13013177671098
262,268,16.6184528910386
262,269,19.56481907520927
262,270,19.914082572757316
262,271,19.97029164616459
262,272,17.992365686406153
262,273,17.565906162589467
262,274,14.854726336264392
262,275,11.23105985848478
262,276,9.314803870746024
262,277,6.51933924132594
262,278,9.942151555229383
262,279,11.02586600391967
262,280,13.523908256416975
262,281,16.20998632501619
262,282,19.64363180988006
262,283,20.978656703372252
262,284,24.580684170075866
262,285,24.341436486413485
262,286,24.15445952960526
262,287,21.996201761681107
262,288,18.96517398259651
262,289,17.968134531502358
262,290,14.794406073496368
262,291,12.08142912253901
262,292,12.615719901611152
262,293,9.30368297148679
262,294,10.66029953228252
262,295,11.491808740354754
262,296,15.026080885564017
262,297,18.163421511449194
262,298,17.176331896459413
262,299,19.371792686863504
262,300,19.432195009127273
262,301,17.729733949538502
262,302,20.54784965159684
262,303,21.259034541400755
262,304,23.901103007971464
262,305,23.340043127948128
262,306,26.35845760317083
262,307,28.56785275571538
262,308,31.580962610593744
262,309,33.291948604101485
262,310,36.91370760308897
262,311,38.11049708438843
262,312,41.70863908259973
262,313,44.61256699261539
262,314,45.53723485911724
262,315,46.29301861467025
262,316,49.83247538207643
262,317,51.00455272253507
262,318,54.59471297349858
263,1,76.79842958329962
263,2,77.9227541412389
263,3,74.47304615194099
263,4,70.76398200088592
263,5,67.44167804151725
263,6,64.31499491144695
263,7,61.105244469040265
263,8,57.91932912843305
263,9,54.59697032448925
263,10,50.85901214502709
263,11,48.615794559217356
263,12,46.781246602916994
263,13,44.386180624737136
263,14,44.60135868774272
263,15,41.148600815096366
263,16,39.533058947431485
263,17,36.48718256949121
263,18,36.265474824730816
263,19,35.2097099823852
263,20,35.644028784677296
263,21,37.899846257227814
263,22,39.286065075005276
263,23,41.86660739917612
263,24,40.650486523727565
263,25,37.68068464042726
263,26,38.27456021964488
263,27,40.29393907216819
263,28,40.61846018822675
263,29,40.1428774358178
263,30,40.45935495485552
263,31,36.89883157529049
263,32,33.63835761632458
263,33,30.224823425714217
263,34,26.835919828866427
263,35,25.378185040563345
263,36,22.046031735399925
263,37,19.146878364404674
263,38,17.7183761475048
263,39,16.2347214315873
263,40,13.604098688327548
263,41,13.795300237844891
263,42,10.426245955204953
263,43,10.110748075552765
263,44,9.305856697313532
263,45,12.875656155442602
263,46,13.991446327470053
263,47,16.793670440063615
263,48,18.127534771113073
263,49,15.75011718112382
263,50,15.423395538492809
263,51,11.89783913495277
263,52,11.941750800885975
263,53,9.807590379441441
263,54,10.240232104967141
263,55,10.562835273632828
263,56,12.457065569708886
263,57,12.801608725431475
263,58,11.881911423800219
263,59,13.369334438150096
263,60,16.300091484306957
263,61,17.027968814615484
263,62,17.284843948977922
263,63,19.400278098004534
263,64,21.7481668063911
263,65,21.97841086594354
263,66,21.010960454605176
263,67,22.813896023343652
263,68,19.99344670121737
263,69,18.25185381488185
263,70,21.492177905529644
263,71,20.12425401058001
263,72,18.284095050107897
263,73,21.634336557432356
263,74,22.552672341492343
263,75,19.346446937392
263,76,18.411733990251623
263,77,15.539162692691816
263,78,14.961232394442025
263,79,11.17515762705752
263,80,9.813663287005438
263,81,6.303254227024463
263,82,6.194972629404279
263,83,5.723740669652824
263,84,7.489857945035377
263,85,10.41843342706081
263,86,11.244905462246685
263,87,14.822108965558755
263,88,17.784006914433192
263,89,20.968482903766144
263,90,23.428165785825072
263,91,25.647470458073837
263,92,24.501079758490647
263,93,23.817983148315907
263,94,23.251075222479646
263,95,22.349887765490525
263,96,24.095146925426967
263,97,22.12270281444673
263,98,18.93642722342134
263,99,16.9794259396003
263,100,19.563838742335985
263,101,19.590457303116253
263,102,15.820180709801855
263,103,16.29165493269018
263,104,19.32803744117328
263,105,18.164405770086507
263,106,14.968791542315882
263,107,17.377825712134648
263,108,19.900780788542107
263,109,17.714095417492505
263,110,19.717029310234224
263,111,20.603769105990946
263,112,24.156677344314183
263,113,26.475788495506773
263,114,30.275860865293293
263,115,32.40984809999215
263,116,35.432534144334284
263,117,38.74748774255735
263,118,38.60380246781814
263,119,41.830290337669965
263,120,41.70985810920284
263,121,45.36954513894629
263,122,46.429588787906056
263,123,43.14195241289518
263,124,41.4225902671319
263,125,38.203360455727825
263,126,35.19462278017683
263,127,34.936708790143484
263,128,32.796324160195624
263,129,31.630702296477104
263,130,31.23511113219421
263,131,27.941895808345755
263,132,26.63572324329083
263,133,28.143801310607923
263,134,28.01886365503888
263,135,29.77798140828813
263,136,32.41833073785401
263,137,33.4879492872432
263,138,32.150470135645065
263,139,30.151412292652633
263,140,28.262689810492258
263,141,25.728253118105556
263,142,26.627938245404795
263,143,26.800625911629922
263,144,28.73356163822075
263,145,32.36199707691941
263,146,33.60752800934122
263,147,37.268465470113554
263,148,39.82877821486765
263,149,43.613409903888275
263,150,45.838792204883795
263,151,49.28981491808923
263,152,49.75852638679793
263,153,48.60678963379469
263,154,45.478782816859884
263,155,46.76240996864686
263,156,45.53952551966419
263,157,43.30120583296554
263,158,43.61889795518146
263,159,41.9708630423671
263,160,41.2994540963339
263,161,38.93347380398156
263,162,39.68160848913649
263,163,37.47783631341492
263,164,39.781207016945444
263,165,37.11654667682704
263,166,36.29138296992743
263,167,32.61557291175585
263,168,30.76765640001421
263,169,29.935541352485764
263,170,27.17648049691647
263,171,28.404168338994108
263,172,26.481163590970127
263,173,28.871633331555223
263,174,29.224490855677626
263,175,31.68080296574229
263,176,32.42102983268106
263,177,33.239392494553684
263,178,35.55340895239661
263,179,36.33702447113053
263,180,40.13067813586053
263,181,42.969537098556394
263,182,43.879865132050966
263,183,40.43408021821889
263,184,40.78898916340141
263,185,44.27575954399828
263,186,43.76251078161184
263,187,41.02562077492671
263,188,42.09472967253506
263,189,45.59575633515652
263,190,45.66384727376581
263,191,45.40267458705444
263,192,43.00732553366323
263,193,40.87946670311563
263,194,39.59724172157744
263,195,37.14273884235617
263,196,37.7902758419681
263,197,35.889185495076624
263,198,37.39582278596376
263,199,37.78379328494623
263,200,40.43965837099286
263,201,38.23760063109176
263,202,36.369089914498375
263,203,37.07933808552041
263,204,34.74087365607266
263,205,36.83323885448514
263,206,35.392965743515255
263,207,37.50279324317533
263,208,35.95921883142455
263,209,35.82795982031893
263,210,37.609273313220534
263,211,36.22815770597505
263,212,35.301601161700674
263,213,31.715789024983213
263,214,29.81703863490559
263,215,29.126573693656862
263,216,25.83031888630716
263,217,25.97858737586948
263,218,29.75518486664754
263,219,30.313161055131435
263,220,31.517315137604847
263,221,31.50239543191935
263,222,28.845232000554848
263,223,28.02929935955295
263,224,27.23681735095373
263,225,25.48461171816353
263,226,26.834438590855747
263,227,26.73172597465344
263,228,29.446096873649182
263,229,29.71136466691906
263,230,33.09764264879043
263,231,34.291196845347564
263,232,36.75987159382987
263,233,40.1401110085095
263,234,38.97086681810547
263,235,39.11050266330547
263,236,37.024722897955584
263,237,39.231382900517204
263,238,38.19163929608886
263,239,40.635283283203215
263,240,40.44752348868486
263,241,42.890952853476804
263,242,40.29528948893413
263,243,36.68274086655037
263,244,35.2841139796812
263,245,32.14512693337906
263,246,32.991653211769076
263,247,30.986776939252792
263,248,31.779786717604324
263,249,31.241684738837236
263,250,29.15510054204969
263,251,25.898673708446356
263,252,26.238555630229055
263,253,25.005760765144057
263,254,24.209161097536164
263,255,23.42045842797371
263,256,21.485162169117817
263,257,18.479748555974105
263,258,15.903365074025624
263,259,12.963608325850128
263,260,9.682134380674658
263,261,6.2068577618604115
263,262,3.8034568765584953
263,264,3.8016380047337495
263,265,5.574557423976593
263,266,8.587770709505818
263,267,10.34897551760319
263,268,13.721828216223434
263,269,16.997488923417684
263,270,17.456648733388626
263,271,18.023884868951342
263,272,16.275581482030766
263,273,16.609152211635813
263,274,13.910396589279632
263,275,10.112914144684495
263,276,8.075825014455202
263,277,4.602264944502101
263,278,7.121825595526655
263,279,8.130337760816136
263,280,11.216127091641255
263,281,14.116508639083602
263,282,17.76062038402252
263,283,19.690767146241416
263,284,23.08995472484603
263,285,23.042021863210667
263,286,23.429158787458253
263,287,21.273991058478845
263,288,17.963759409885817
263,289,16.84927169800557
263,290,13.27816063494021
263,291,11.421483501516871
263,292,13.065401153256127
263,293,10.177641022676267
263,294,11.045724225909314
263,295,12.062228081689515
263,296,15.247685165790118
263,297,18.05996891622993
263,298,16.811455946258143
263,299,18.876201271772324
263,300,19.467082090180742
263,301,17.70126882623005
263,302,20.376227564432916
263,303,20.911857527141443
263,304,23.075006171832005
263,305,21.932307453941018
263,306,24.851588519457184
263,307,27.323135146117774
263,308,30.103105854160418
263,309,31.979020937093004
263,310,35.46457952992055
263,311,36.51234153238286
263,312,40.03946921989805
263,313,43.044293909936904
263,314,43.94798701744205
263,315,44.4355050674514
263,316,47.95932542020614
263,317,48.89748597156716
263,318,52.402508796238884
264,1,77.26940563133273
264,2,78.56777507714223
264,3,75.18726397619534
264,4,71.45385255508965
264,5,68.16369992792512
264,6,65.12920517256204
264,7,61.92424502554631
264,8,58.865281395603155
264,9,55.46597309325082
264,10,51.71580933578609
264,11,49.2542834970084
264,12,47.28603331588703
264,13,44.65772466116903
264,14,44.6297673171584
264,15,41.217045797248474
264,16,39.93069421381082
264,17,37.065536086158815
264,18,37.07970110360086
264,19,36.39820210327473
264,20,37.12777065221191
264,21,39.650412588596645
264,22,41.26925805788998
264,23,43.656643994396305
264,24,42.15104160970537
264,25,39.02566320191405
264,26,39.362697009440545
264,27,41.37904934930885
264,28,41.44010090342343
264,29,41.05629782162664
264,30,41.16422461339322
264,31,37.6438713789267
264,32,34.59302583197693
264,33,31.256944267055168
264,34,27.947482689941783
264,35,26.968138586609935
264,36,23.61174139789326
264,37,20.481674107195637
264,38,18.640353655471024
264,39,16.553787615896947
264,40,13.746561844085402
264,41,13.121855199496892
264,42,9.404418963871693
264,43,9.256277444398801
264,44,9.637773090049661
264,45,13.264361023840673
264,46,14.505326769491987
264,47,17.763263314941703
264,48,19.59260461755484
264,49,17.63913345684364
264,50,17.01434109711764
264,51,13.30899708295123
264,52,13.02844742240172
264,53,10.046361389556656
264,54,10.520711024008724
264,55,9.481493475143996
264,56,11.415521581040272
264,57,12.879525877678955
264,58,12.987952931802443
264,59,15.167601285292617
264,60,18.030465107550842
264,61,17.984619750222627
264,62,18.280731046128956
264,63,20.94963135594086
264,64,22.973287824439783
264,65,22.661048188633306
264,66,21.20649550175039
264,67,22.48874756131494
264,68,19.28065336666694
264,69,18.171904325323656
264,70,21.483286818507242
264,71,19.96831345212422
264,72,18.81971448541237
264,73,22.4385489420503
264,74,23.795102292132476
264,75,20.603627894102623
264,76,20.187764894601465
264,77,17.579329964756138
264,78,17.473028123760933
264,79,13.824710181139492
264,80,12.166040959387159
264,81,8.373614046727536
264,82,7.800845624571541
264,83,5.4125952127095704
264,84,6.61593538482408
264,85,8.625320391240326
264,86,10.5454794805522
264,87,14.234906809050395
264,88,17.616659919729898
264,89,20.39763765520479
264,90,23.30407687097322
264,91,25.840405395256415
264,92,24.880574378932057
264,93,24.77167431378671
264,94,24.676474403001723
264,95,24.293619090148542
264,96,26.363480359292936
264,97,24.787473924198597
264,98,21.416263813658336
264,99,19.913255997668585
264,100,22.689779945312107
264,101,22.41355579587491
264,102,18.6690290713114
264,103,19.6000070179199
264,104,22.527241639332686
264,105,20.986039711190614
264,106,17.985293215796293
264,107,20.656497537138083
264,108,22.859391867819557
264,109,20.369305116554035
264,110,21.929231306561086
264,111,22.44377422144363
264,112,25.92457088523008
264,113,28.11937265327134
264,114,31.926972768670886
264,115,33.838561833535266
264,116,37.03499838420649
264,117,40.2255591685739
264,118,40.12713719739067
264,119,43.21671166620154
264,120,42.98511064707108
264,121,46.574696881162794
264,122,47.44155793598329
264,123,44.03020628117063
264,124,42.03292895582989
264,125,38.86315421969072
264,126,35.63835006603898
264,127,35.25265289447946
264,128,32.78749394727263
264,129,31.373406121978235
264,130,30.534843780367574
264,131,27.359988241130697
264,132,26.21924195398375
264,133,27.353415186565687
264,134,27.298742218237987
264,135,28.649389278574
264,136,31.090754884488707
264,137,32.51994895561662
264,138,31.524966099414556
264,139,29.88790550898064
264,140,28.432979449382774
264,141,26.276319965392958
264,142,27.21753907521062
264,143,27.9080625383741
264,144,29.847698612995345
264,145,33.32652788090067
264,146,34.405326319183786
264,147,38.15553442065173
264,148,40.538101765303416
264,149,44.30483453944606
264,150,46.459787810959604
264,151,49.81142082648433
264,152,50.336070419880684
264,153,49.459310113218365
264,154,46.50850347646263
264,155,48.0500143665815
264,156,47.09692932507231
264,157,44.916727397017816
264,158,45.490350132123
264,159,43.87551933119888
264,160,43.4336550974376
264,161,41.084995595195
264,162,42.06450170613177
264,163,39.99055505216746
264,164,42.285622856979565
264,165,39.652166400529104
264,166,39.04716813532568
264,167,35.39770414103065
264,168,33.601161314776206
264,169,32.50982643922401
264,170,29.705990839754456
264,171,30.657453147187578
264,172,28.500112263679682
264,173,30.67649454424373
264,174,30.83605316953751
264,175,33.1452325449052
264,176,33.490927251651996
264,177,34.23156570075955
264,178,36.20894024687077
264,179,36.775623226150046
264,180,40.52871807876608
264,181,43.543758460904726
264,182,44.20490950198863
264,183,40.7627661388175
264,184,41.46285651569639
264,185,44.90861979683088
264,186,44.132323335655514
264,187,41.56394590167319
264,188,42.951604142956064
264,189,46.40338574217368
264,190,46.73530749614989
264,191,46.43845014378181
264,192,44.28923713950002
264,193,42.28167702255093
264,194,41.297337473454384
264,195,38.982025849279836
264,196,39.92725908724083
264,197,38.16740118474413
264,198,39.92559501857909
264,199,40.49430525893052
264,200,43.31673804000615
264,201,41.2660801341431
264,202,39.258814220841096
264,203,39.74523732742502
264,204,37.22437272140677
264,205,39.095092828629916
264,206,37.39842700341277
264,207,39.26054751709715
264,208,37.40269479441301
264,209,37.085727791338094
264,210,38.53473123361912
264,211,36.97186041639885
264,212,35.687529806695395
264,213,32.12163608307594
264,214,29.87539182875998
264,215,28.829780918316015
264,216,25.529318038780396
264,217,25.290090941163598
264,218,29.04217454708664
264,219,30.07022256012473
264,220,31.592507921226613
264,221,31.912470753376695
264,222,29.593120113329952
264,223,29.10483362010437
264,224,28.779094836621198
264,225,27.284875657742685
264,226,29.032148640515235
264,227,29.17563870977662
264,228,32.0726107250023
264,229,32.530940578721555
264,230,35.87088924148316
264,231,37.247252802315664
264,232,39.62793726386853
264,233,42.96821535580028
264,234,41.769081934999605
264,235,41.67781525100673
264,236,39.431809180562475
264,237,41.5122575176093
264,238,40.23467316405139
264,239,42.58499074497668
264,240,42.14920798721409
264,241,44.38504814027067
264,242,41.57893032034875
264,243,37.89152455420395
264,244,36.678102990482515
264,245,33.42448087676638
264,246,34.449344879730866
264,247,32.576339489276116
264,248,33.17142512470755
264,249,32.95763332940178
264,250,31.198466475825334
264,251,28.053866012112866
264,252,28.609839996102846
264,253,27.756247121971114
264,254,27.113235567981206
264,255,26.610297905996443
264,256,24.65022901130696
264,257,21.673819808070864
264,258,18.98980626885555
264,259,16.329886469290656
264,260,13.001183322065943
264,261,9.818460525394535
264,262,7.167489141710564
264,263,3.8016380047337495
264,265,3.7961493898974386
264,266,6.510409667720621
264,267,9.413548079976863
264,268,12.711217925926897
264,269,16.349583608412125
264,270,17.37372013770593
264,271,18.71288339670996
264,272,17.517985809834403
264,273,18.59495097099052
264,274,16.15996755954603
264,275,12.445129904280437
264,276,10.611219892728336
264,277,7.1478869875357764
264,278,7.927092138357804
264,279,8.804136316177608
264,280,12.316960499106745
264,281,15.351508612978622
264,282,19.055979995534024
264,283,21.530150861289734
264,284,24.661434075667728
264,285,24.792249415708604
264,286,25.657795185772457
264,287,23.4837118360169
264,288,19.98589455611842
264,289,18.612800932026552
264,290,14.86588252005089
264,291,13.778421978916779
264,292,16.043476550056482
264,293,13.564810461980201
264,294,14.32099804837728
264,295,15.303270183242022
264,296,18.161263698732625
264,297,20.78219931161879
264,298,19.466813047488
264,299,21.38455784339501
264,300,22.27144003608887
264,301,20.385870449161633
264,302,22.77806921324961
264,303,22.955266641846872
264,304,24.757708142614753
264,305,23.119866154330918
264,306,26.01506964403169
264,307,28.79425009674949
264,308,31.36724785921722
264,309,33.46491549774364
264,310,36.78533829675625
264,311,37.732044773293254
264,312,41.138678004502495
264,313,44.194289333615366
264,314,44.999638125894286
264,315,45.17466994675282
264,316,48.6287049890426
264,317,49.278652401815556
264,318,52.66991974371983
265,1,74.2074757950388
265,2,75.55415559026068
265,3,72.22212833563118
265,4,68.46799738064571
265,5,65.2462041934679
265,6,62.189004754118244
265,7,59.062749956770055
265,8,56.022673036006005
265,9,52.65647638431553
265,10,48.88825296928741
265,11,46.35564593686753
265,12,44.500732311241386
265,13,41.8507466320849
265,14,41.93663052404985
265,15,38.64424661070555
265,16,37.403800399598374
265,17,34.70100419393164
265,18,35.019588364568925
265,19,34.421692094820884
265,20,35.44406551897906
265,21,38.011457608150735
265,22,39.89050590398024
265,23,42.31158343635682
265,24,40.69547678892848
265,25,37.65957092066172
265,26,37.70036792759479
265,27,39.44609961979493
265,28,39.25658710523316
265,29,38.64237082481443
265,30,38.49167375508894
265,31,34.910564734357884
265,32,31.978405096780804
265,33,28.569832751635442
265,34,25.4600405806138
265,35,24.68100526509935
265,36,21.555692366531915
265,37,18.142253354980465
265,38,16.564297874306035
265,39,14.014733391355627
265,40,10.787066282459733
265,41,9.64514050929144
265,42,6.10085614048209
265,43,5.467231361577991
265,44,6.4157299041524665
265,45,10.036402390951933
265,46,11.859348132329927
265,47,15.010656107556281
265,48,17.057352102611027
265,49,15.705140750405812
265,50,15.547445249499372
265,51,12.118299218061859
265,52,12.76771327344068
265,53,10.244872826262862
265,54,11.96772688668431
265,55,11.12940072824121
265,56,13.870828022374269
265,57,15.32221983835225
265,58,15.624055918630349
265,59,17.262909371786726
265,60,20.511728099385753
265,61,20.56895315804754
265,62,20.270214546786825
265,63,22.911577704879875
265,64,25.295400006255573
265,65,24.799108943624542
265,66,23.662590944392004
265,67,24.675635431808097
265,68,21.357228098856123
265,69,20.047607793635354
265,70,23.002715315184126
265,71,20.926957063101483
265,72,19.814840468405205
265,73,23.462701205590083
265,74,24.429842132645472
265,75,20.944457681613468
265,76,20.170411229948478
265,77,17.25279143820411
265,78,16.771141582927633
265,79,13.430018375713395
265,80,12.672507478135461
265,81,9.226177453654461
265,82,10.121136475343176
265,83,8.55401647799147
265,84,10.369794554902942
265,85,11.978225637961526
265,86,13.783195809501466
265,87,17.551601883727837
265,88,20.819791705988
265,89,23.438880977946067
265,90,26.28826417485807
265,91,28.99962384183083
265,92,28.276381926142385
265,93,28.07675127697457
265,94,27.989371352357413
265,95,27.350481689719345
265,96,29.37151796514625
265,97,27.548367218578324
265,98,24.238889381910003
265,99,22.438366918160337
265,100,24.876871374522043
265,101,24.61144129441828
265,102,20.809918431525173
265,103,21.2696183000582
265,104,23.96525704886733
265,105,22.413180022925438
265,106,19.106493293371955
265,107,21.361134932863173
265,108,23.496753201428103
265,109,20.70832513182888
265,110,22.44833342318637
265,111,23.41389755445713
265,112,26.650832918498022
265,113,29.21678054109667
265,114,32.978792776007815
265,115,35.15568804688467
265,116,38.45536324579626
265,117,41.76678374042535
265,118,41.97124696731488
265,119,45.1787353590712
265,120,45.21532697786031
265,121,48.85451180439151
265,122,49.90864322300114
265,123,46.57627580518081
265,124,44.54753526765732
265,125,41.244852296403515
265,126,38.00034821265508
265,127,37.89662479584522
265,128,35.493314233563375
265,129,34.28751294738727
265,130,33.454071396143654
265,131,30.441100724935282
265,132,29.041114808532996
265,133,29.90352017461505
265,134,29.474954375659784
265,135,30.596839964607806
265,136,33.20560426443715
265,137,34.84908204999542
265,138,34.08583025576391
265,139,32.36176527857097
265,140,31.002773592301857
265,141,28.722869259327233
265,142,29.25487311812737
265,143,29.914546741485278
265,144,32.183387762466545
265,145,35.71249928308626
265,146,37.06874874362414
265,147,40.81540264386295
265,148,43.353552068994006
265,149,47.12821499705165
265,150,49.12004895438556
265,151,52.52103653998124
265,152,53.22468286210092
265,153,52.31430900936582
265,154,49.3348815828389
265,155,50.76655507109629
265,156,49.78398124252575
265,157,47.42602804578462
265,158,47.8264779129481
265,159,45.986809662486074
265,160,45.33065287141383
265,161,42.75837447654947
265,162,43.51240075090508
265,163,41.20056815299349
265,164,43.2269529855934
265,165,40.35865901173764
265,166,39.55386357771685
265,167,36.02347608068655
265,168,34.57581765701558
265,169,33.755223751182164
265,170,31.2535655461976
265,171,32.53978709904366
265,172,30.6995844796088
265,173,33.15214022395324
265,174,33.63083124990876
265,175,36.15282418946623
265,176,36.654546697780034
265,177,37.59387779164371
265,178,39.633564937318
265,179,40.33622244033316
265,180,44.07890158327628
265,181,47.03608086331226
265,182,47.633533659763394
265,183,44.13160489772835
265,184,44.78833068512104
265,185,48.17565748730359
265,186,47.32595901132248
265,187,44.65627043027416
265,188,46.011794887646346
265,189,49.533547567674546
265,190,49.9023721255724
265,191,49.75396308597131
265,192,47.56208891806045
265,193,45.410551183347536
265,194,44.2972647817691
265,195,41.809471363815184
265,196,42.569811390949404
265,197,40.57717401401329
265,198,42.14039535955678
265,199,42.42801137528115
265,200,45.140594893338175
265,201,43.11228974232216
265,202,41.36477507245523
265,203,42.11134563042004
265,204,39.797803521876446
265,205,41.88018725710092
265,206,40.387762730892234
265,207,42.42263264389167
265,208,40.68014465620044
265,209,40.532369787753794
265,210,42.05552424331887
265,211,40.60216030171178
265,212,39.37721222553124
265,213,35.83482222405802
265,214,33.63177168082192
265,215,32.51832421507755
265,216,29.15979041465314
265,217,28.748544838313098
265,218,32.50268558115044
265,219,33.57663150111323
265,220,35.20455179386043
265,221,35.41127463905045
265,222,33.01765678269465
265,223,32.32410554717595
265,224,31.918441507761365
265,225,30.154989711231906
265,226,31.666417218485957
265,227,31.449112295627675
265,228,34.10024537655877
265,229,34.18689217211146
265,230,37.379544373001444
265,231,38.4564796167063
265,232,40.61143997132402
265,233,44.087945741299976
265,234,43.19058121486447
265,235,43.30771056630533
265,236,41.29375389921509
265,237,43.61087267567827
265,238,42.5559067690416
265,239,45.105802611571235
265,240,44.87611597237498
265,241,47.25047013984244
265,242,44.54566424150561
265,243,40.9180443955108
265,244,39.485115087249454
265,245,36.14311537825724
265,246,36.88229190163103
265,247,34.73122075385899
265,248,35.05198731623668
265,249,34.573097567991816
265,250,32.66709765258033
265,251,29.321556141897204
265,252,29.450231066621544
265,253,28.562336105952248
265,254,27.472247378015535
265,255,26.76945753638298
265,256,24.372649880485316
265,257,21.14796091843187
265,258,18.868761537375633
265,259,16.687120350235777
265,260,13.923344869611624
265,261,10.832357924522684
265,262,9.306344431178882
265,263,5.574557423976593
265,264,3.7961493898974386
265,266,3.8189872774392186
265,267,6.640723946648602
265,268,9.421732638023197
265,269,13.10033446230964
265,270,13.88179895631286
265,271,15.402849544262908
265,272,14.384080768442809
265,273,15.977030822032924
265,274,13.814447639089732
265,275,10.390643892296977
265,276,9.183497986821669
265,277,6.6794253695174755
265,278,6.284514526090679
265,279,5.862285710442718
265,280,9.254111338521108
265,281,12.412165816120869
265,282,15.991468136582974
265,283,18.80507600236349
265,284,21.751587423701142
265,285,22.231368894935112
265,286,23.51738329126145
265,287,21.66802013101612
265,288,18.257586562880924
265,289,17.32388631872301
265,290,13.511204544399112
265,291,13.20390192447981
265,292,15.905221468832043
265,293,13.635587288517053
265,294,13.52813980984253
265,295,14.259127673223292
265,296,16.53919247972105
265,297,18.79842728455931
265,298,17.53904142990557
265,299,19.490254604794142
265,300,20.94547745773708
265,301,19.439156739766002
265,302,21.919531550346086
265,303,22.389222734520466
265,304,23.732796615936476
265,305,21.77258655792354
265,306,24.28033030710183
265,307,26.961670817022238
265,308,29.22240057442617
265,309,31.173913666515393
265,310,34.365323021325196
265,311,35.031506525388764
265,312,38.430787783584044
265,313,41.62001901556393
265,314,42.596897233515755
265,315,42.68871658773335
265,316,46.19072707294756
265,317,46.76458624771369
265,318,50.09644812474207
266,1,74.90264244187512
266,2,76.34831211082117
266,3,73.1057534432338
266,4,69.32651543614664
266,5,66.21952729220399
266,6,63.14424503704701
266,7,60.14493764164958
266,8,57.147821465815646
266,9,53.8394715220739
266,10,50.0615722564098
266,11,47.42111456799674
266,12,45.71131261781163
266,13,42.99550144066014
266,14,43.1440454374017
266,15,40.03295736637703
266,16,38.95593141599991
266,17,36.495665004849926
266,18,37.15393986406898
266,19,36.678769148823
266,20,37.95799277294033
266,21,40.53433402431769
266,22,42.591588690903464
266,23,45.04850394594205
266,24,43.36163734535449
266,25,40.40105849681217
266,26,40.19360643316375
266,27,41.698675062825025
266,28,41.241028323603274
266,29,40.40163467481667
266,30,39.92193940837657
266,31,36.297399257922784
266,32,33.55920520710027
266,33,30.09203007134588
266,34,27.27573626616851
266,35,26.68238669247588
266,36,23.8622522113711
266,37,20.24211455440499
266,38,18.996024024574055
266,39,16.025234375232717
266,40,12.450253201184116
266,41,10.242633470161705
266,42,7.454039419545016
266,43,5.166216282458667
266,44,6.1119776896151405
266,45,8.765448684759496
266,46,10.001017188990069
266,47,13.526808239251203
266,48,15.981573805987951
266,49,15.03120120543088
266,50,14.416999723215124
266,51,11.147364585621215
266,52,11.681894461592837
266,53,9.087433827749372
266,54,11.472241003396888
266,55,10.240128679871074
266,56,13.498281045001532
266,57,15.272930806659533
266,58,16.336959403199838
266,59,17.85823891976028
266,60,21.28274476363479
266,61,20.88311781246744
266,62,20.04968309258557
266,63,22.968677300993363
266,64,25.37583485154685
266,65,24.35817460942257
266,66,23.294750231252852
266,67,23.76254259766261
266,68,20.286903340852735
266,69,19.111189341424293
266,70,21.687222548997575
266,71,19.171722606694534
266,72,18.53941693223728
266,73,22.24994644043694
266,74,23.26123743049914
266,75,19.742467394400673
266,76,19.282844227906377
266,77,16.667780637003286
266,78,16.685260830748547
266,79,13.82170294585276
266,80,13.068148119836218
266,81,10.033004034713706
266,82,11.395565051974684
266,83,9.918670957002353
266,84,12.27559849740608
266,85,12.849859417205986
266,86,14.471114930221443
266,87,18.175072754877284
266,88,21.287770675991705
266,89,23.45720618039709
266,90,26.319567413089576
266,91,29.360896962799348
266,92,29.124692650927205
266,93,29.13980934773577
266,94,29.472434701626756
266,95,28.921455768171313
266,96,31.26508852765123
266,97,29.630094256252676
266,98,26.15650419728952
266,99,24.63408209034754
266,100,26.84121476242164
266,101,26.101304825718024
266,102,22.342879286341187
266,103,22.9938651816961
266,104,25.27405329819778
266,105,23.25878780927742
266,106,20.086104629201785
266,107,22.409083628866746
266,108,24.020812805529815
266,109,20.83625967921614
266,110,22.126786278845444
266,111,22.966046123618767
266,112,25.90806684361287
266,113,28.53947311688773
266,114,32.21271375866608
266,115,34.358949668286435
266,116,37.83176704037036
266,117,41.10010739760354
266,118,41.58357887895954
266,119,44.75858366896946
266,120,44.96015035914277
266,121,48.56982252776734
266,122,49.672385792027264
266,123,46.36486131260472
266,124,44.143495320501124
266,125,40.75978243516582
266,126,37.403341719204505
266,127,37.5349320905154
266,128,35.0736249420916
266,129,34.038375467823975
266,130,33.08405541084558
266,131,30.37128950800906
266,132,28.697203843655213
266,133,29.101949673308955
266,134,28.29796731626501
266,135,29.05876712026799
266,136,31.761312977047027
266,137,33.68414229108415
266,138,33.28266780684892
266,139,31.615391101490708
266,140,30.57879498748678
266,141,28.412785444692357
266,142,28.560528651425336
266,143,29.51512407828004
266,144,32.06067487443618
266,145,35.48782381253152
266,146,37.01833698657295
266,147,40.77934045972054
266,148,43.36586188679839
266,149,47.1102674179601
266,150,48.8511100239943
266,151,52.230523049602226
266,152,53.182506862204086
266,153,52.40638159034248
266,154,49.530513055513715
266,155,51.01045902800963
266,156,50.22064809942488
266,157,47.71933649366632
266,158,48.158596583485824
266,159,46.13499973350323
266,160,45.50422117356386
266,161,42.777935633867756
266,162,43.58434105806747
266,163,41.26100664406771
266,164,43.08858084018133
266,165,40.14602529371587
266,166,39.50358985791542
266,167,36.10127916303205
266,168,34.92549767296236
266,169,33.98667781874997
266,170,31.689372290673063
266,171,32.94559784882628
266,172,31.2002687487842
266,173,33.70937759183606
266,174,34.39019723200537
266,175,37.04576339465331
266,176,37.45438883908606
266,177,38.6639764400035
266,178,40.55964428177475
266,179,41.40747840223838
266,180,45.07446841400513
266,181,47.99196631513388
266,182,48.312773977800695
266,183,44.72547183544535
266,184,45.503498668072496
266,185,48.742994501650195
266,186,47.62993534646671
266,187,44.92267609708932
266,188,46.42286859878477
266,189,49.990767018211315
266,190,50.60449630599345
266,191,50.68132279338318
266,192,48.63472180188012
266,193,46.35691188513611
266,194,45.331541982958264
266,195,42.747734817941065
266,196,43.56873953645361
266,197,41.45903155442943
266,198,43.084137460425495
266,199,43.30163296856642
266,200,46.113426564164115
266,201,44.34500007375626
266,202,42.682520920584196
266,203,43.41872485038778
266,204,41.14951500615081
266,205,43.2407233543864
266,206,41.77253349699914
266,207,43.812357274153186
266,208,41.96445577511765
266,209,41.99470217462662
266,210,43.370612444997164
266,211,42.071476485164936
266,212,40.78019201078896
266,213,37.3673806545928
266,214,35.17549685936807
266,215,33.70264824771921
266,216,30.205263752985562
266,217,29.32723511793721
266,218,33.03822374018093
266,219,34.291524065280335
266,220,36.259719328305515
266,221,36.37593102620578
266,222,34.07643791866331
266,223,33.269261818048854
266,224,33.13924569130107
266,225,31.237303958243846
266,226,32.82339633123505
266,227,32.45392787545588
266,228,35.03200534180206
266,229,35.01327163730401
266,230,37.99543145878751
266,231,39.07458300409167
266,232,40.94886285711667
266,233,44.43488616382299
266,234,43.722367660133536
266,235,43.72739709137282
266,236,41.750032388107705
266,237,44.137304264345715
266,238,43.0750320621307
266,239,45.737837723047384
266,240,45.52411199971316
266,241,47.877061188051655
266,242,45.15276731003768
266,243,41.5791009070827
266,244,40.01121723974002
266,245,36.504753127145065
266,246,37.05330481433541
266,247,34.75603727629119
266,248,34.669032706660886
266,249,34.23938137727198
266,250,32.537049493686524
266,251,29.20877496189222
266,252,29.281614395519796
266,253,28.80583249682088
266,254,27.71574935181447
266,255,27.357087520153527
266,256,24.90008888490339
266,257,21.835917515189227
266,258,19.494599774535008
266,259,17.926528176641646
266,260,15.422021837230545
266,261,12.984792481409746
266,262,11.9548128415487
266,263,8.587770709505818
266,264,6.510409667720621
266,265,3.8189872774392186
266,267,3.792597016218077
266,268,6.531050470443507
266,269,10.28447397622227
266,270,11.926597521642384
266,271,14.1523723325593
266,272,14.102061665648232
266,273,16.25374691284683
266,274,14.926822131073118
266,275,11.87969143290798
266,276,11.785750519632094
266,277,9.983052698358554
266,278,9.56313061028986
266,279,7.848588827864711
266,280,10.283744229065434
266,281,13.733241312674533
266,282,16.87027741170906
266,283,19.956174221860067
266,284,22.74681363903878
266,285,23.809693495554733
266,286,25.429191300805506
266,287,24.024286868679496
266,288,20.822742077641376
266,289,20.315319300001295
266,290,16.560614860494216
266,291,16.54669685022115
266,292,19.19232138308304
266,293,16.741887316221746
266,294,16.02307686773556
266,295,15.993964485794187
266,296,17.689622245076936
266,297,19.967229056998352
266,298,19.266995721380244
266,299,21.539874286500833
266,300,23.450039298989648
266,301,22.37322183275015
266,302,25.00621832363812
266,303,25.706494358376272
266,304,26.813776623767342
266,305,24.66689576350628
266,306,26.853769655545936
266,307,29.420312306561495
266,308,31.366207647813226
266,309,33.12302817753549
266,310,36.15368257061401
266,311,36.45596422056826
266,312,39.831411414094596
266,313,43.17657499841287
266,314,44.35301592148813
266,315,44.31734585699402
266,316,47.840130279672856
266,317,48.25984171943123
266,318,51.47326623391758
267,1,74.31879905442936
267,2,75.70188638841513
267,3,72.48681448646472
267,4,68.70314452765517
267,5,65.68567462514598
267,6,62.50361946530998
267,7,59.63310686389197
267,8,56.56239685875476
267,9,53.385747936905354
267,10,49.60707611484036
267,11,47.05633237041347
267,12,45.62820514710768
267,13,43.068207537715836
267,14,43.524657510301964
267,15,40.563133807691884
267,16,39.33662153039183
267,17,36.96302392449512
267,18,37.77702981359645
267,19,37.10546897796157
267,20,38.42881686862663
267,21,40.79687190984797
267,22,42.880707985727646
267,23,45.531689766444345
267,24,43.998687369445356
267,25,41.25757638520719
267,26,40.981412187182976
267,27,42.215503661961804
267,28,41.69560852147742
267,29,40.52308983987715
267,30,39.87932891808757
267,31,36.1671294043633
267,32,33.44201749466947
267,33,29.837169027777517
267,34,27.26782470378839
267,35,26.478885417387957
267,36,24.024578885446463
267,37,20.351288784055274
267,38,19.801472475687277
267,39,16.89175829685175
267,40,13.116804210722458
267,41,10.825789755266168
267,42,9.072734363480128
267,43,5.52037479874285
267,44,4.590069748331696
267,45,5.825647118265814
267,46,6.33305694116735
267,47,9.973286686976872
267,48,12.54829212942983
267,49,11.865632846295199
267,50,11.222381294628002
267,51,8.417996562481898
267,52,9.65262959395461
267,53,8.107764569554874
267,54,11.40913015774097
267,55,11.054749723087781
267,56,14.73180682555833
267,57,15.907215371797312
267,58,16.916524030539556
267,59,17.69908318528501
267,60,21.369449813015276
267,61,21.158431969551284
267,62,19.67959085770327
267,63,22.375525393882928
267,64,25.13507132752269
267,65,24.048293851812257
267,66,23.529213453109186
267,67,23.90513770499315
267,68,20.62300668360018
267,69,18.97333104074721
267,70,21.043019297559383
267,71,18.117869893491363
267,72,17.294381409886075
267,73,20.808015016477622
267,74,21.3234836207936
267,75,17.65594160857793
267,76,16.895818547091874
267,77,14.236649452691925
267,78,14.217006873876151
267,79,11.976294809108339
267,80,11.903404061524158
267,81,9.796971884567512
267,82,12.213036604879418
267,83,11.820520951442358
267,84,14.845776467936874
267,85,15.406577305520868
267,86,16.28380474267577
267,87,19.920817377211556
267,88,22.624587589604257
267,89,24.723932649757703
267,90,27.24072694333222
267,91,30.335263777568446
267,92,30.397025505329086
267,93,30.14856112823777
267,94,30.48783303098544
267,95,29.593401664470253
267,96,31.945240185733937
267,97,30.15358566478768
267,98,26.735807681464518
267,99,25.107496043111006
267,100,26.837922976641778
267,101,25.89910996730767
267,102,22.2309630908709
267,103,22.581251821197025
267,104,24.408662054628437
267,105,22.26449519689554
267,106,19.048834018155578
267,107,21.02840030221847
267,108,22.302451892061587
267,109,18.886767708580866
267,110,20.141648913299107
267,111,21.331359795990696
267,112,23.940820872068365
267,113,26.860633745372123
267,114,30.414195930122307
267,115,32.80480210773614
267,116,36.308559306753985
267,117,39.67321508624536
267,118,40.458934935230545
267,119,43.74677120003537
267,120,44.26389310845808
267,121,47.911983018914604
267,122,49.268630466444606
267,123,46.11424935228504
267,124,43.956870601003025
267,125,40.43349246568796
267,126,37.165732536912046
267,127,37.67729814883655
267,128,35.4569776631997
267,129,34.816414462548096
267,130,34.129677014297656
267,131,31.59129858293193
267,132,29.513098782971706
267,133,29.80067057999519
267,134,28.546778479048022
267,135,29.319783976186738
267,136,32.31024609597142
267,137,34.18549805946413
267,138,33.83686048750851
267,139,31.891044189337403
267,140,30.787392803694072
267,141,28.3857228193551
267,142,28.055656858464157
267,143,28.82519045801363
267,144,31.68992031674292
267,145,35.14945698857573
267,146,37.03505653485916
267,147,40.723636771137926
267,148,43.53123056408683
267,149,47.25968002405256
267,150,48.801011955902574
267,151,52.25389441805672
267,152,53.41386726515068
267,153,52.51495620216493
267,154,49.57857301694041
267,155,50.85539043355628
267,156,50.00453745184783
267,157,47.29024342280266
267,158,47.50377476561592
267,159,45.23284465784256
267,160,44.37408156883284
267,161,41.437503452512374
267,162,42.02561254992366
267,163,39.517310654714734
267,164,41.073247992871785
267,165,37.96628959559669
267,166,37.22472107908564
267,167,33.977361048260505
267,168,33.14495543179503
267,169,32.40397410590904
267,170,30.452825419804384
267,171,31.99591252507138
267,172,30.631368465316157
267,173,33.416591243565165
267,174,34.50443852870707
267,175,37.426882833000995
267,176,38.096852653649705
267,177,39.63233780919856
267,178,41.67862533547646
267,179,42.839470844521195
267,180,46.47368132236504
267,181,49.20647309822067
267,182,49.484907419463426
267,183,45.81347554322795
267,184,46.40601153664914
267,185,49.538109009107146
267,186,48.40353674350667
267,187,45.50711482250184
267,188,46.86008001415462
267,189,50.51777372997277
267,190,51.13189824248077
267,191,51.46190098643757
267,192,49.33533356563075
267,193,46.82708855104154
267,194,45.6127945333844
267,195,42.80351400677457
267,196,43.38968771329905
267,197,41.013111756224795
267,198,42.428459065483764
267,199,42.354729946035
267,200,45.07267395342043
267,201,43.43602708478475
267,202,42.04843111514479
267,203,43.02020111307677
267,204,41.00493346923751
267,205,43.31864405090442
267,206,42.12959887721414
267,207,44.39704454989983
267,208,42.736404782528
267,209,43.094101275350575
267,210,44.61619617208641
267,211,43.60438014966795
267,212,42.54199269659944
267,213,39.2180024510635
267,214,37.29177914570524
267,215,35.790383187509256
267,216,32.16964795332913
267,217,31.1955096667223
267,218,34.905351160544626
267,219,35.948297646976
267,220,37.96375110146244
267,221,37.73355818988711
267,222,35.2435186107872
267,223,34.05628902364461
267,224,33.79151668322354
267,225,31.529403279981075
267,226,32.80921933786314
267,227,32.02176287936704
267,228,34.29522366770408
267,229,33.91421617846098
267,230,36.66698143428546
267,231,37.49624035713851
267,232,39.095180285139776
267,233,42.650924024482954
267,234,42.23307996697596
267,235,42.38976399297804
267,236,40.657729106745265
267,237,43.26885685098845
267,238,42.4619393653922
267,239,45.343540959873636
267,240,45.39993484917602
267,241,47.92999060131691
267,242,45.39216684264073
267,243,41.94970461007271
267,244,40.06982680910202
267,245,36.5043952263778
267,246,36.665185703874656
267,247,34.06466339329357
267,248,33.695406241489735
267,249,32.95982900118698
267,250,31.135273240780084
267,251,27.687145409817866
267,252,27.378621503335687
267,253,26.981611662243633
267,254,25.61128563837415
267,255,25.29141152655391
267,256,22.64845970261047
267,257,19.661928222109623
267,258,17.5518882842314
267,259,16.669778929964107
267,260,14.817655587880441
267,261,13.087628445659417
267,262,13.13013177671098
267,263,10.34897551760319
267,264,9.413548079976863
267,265,6.640723946648602
267,266,3.792597016218077
267,268,3.8114014463738775
267,269,7.097935012180341
267,270,8.934067110912096
267,271,11.094649573883258
267,272,11.606067420333916
267,273,13.848294723466264
267,274,13.314407397261906
267,275,10.771209980571207
267,276,11.897162780166395
267,277,11.131357446798026
267,278,11.173722100459816
267,279,8.3347806347587
267,280,9.418892387742998
267,281,13.061007030359331
267,282,15.655527735293342
267,283,18.608193160100573
267,284,21.437138470761667
267,285,23.004869649740662
267,286,24.648921890329614
267,287,23.779432215749942
267,288,20.963504127457497
267,289,21.140826446740192
267,290,17.567444461859456
267,291,17.529935933773434
267,292,19.84172187112592
267,293,17.171479261292063
267,294,15.658732071493771
267,295,14.791479714080781
267,296,15.827259924719652
267,297,18.116810781730035
267,298,18.074968605751597
267,299,20.7680260152944
267,300,23.04478749793759
267,301,22.57917128667459
267,302,25.537183143376307
267,303,26.75960676539129
267,304,27.8061168154089
267,305,25.806544625620987
267,306,27.647823967608304
267,307,29.83397550730188
267,308,31.59533386725069
267,309,32.94692054671263
267,310,35.94063754287071
267,311,35.932488273554384
267,312,39.392431683483466
267,313,42.863402883353324
267,314,44.34779360248619
267,315,44.460548346134715
267,316,48.0740091640103
267,317,48.60288016373439
267,318,51.80188036421842
268,1,71.82167516518992
268,2,73.28901434323474
268,3,70.15962131364068
268,4,66.36729015495776
268,5,63.45533145940937
268,6,60.28435711607132
268,7,57.5307119280861
268,8,54.53104665068418
268,9,51.411802860997945
268,10,47.651551862263325
268,11,45.007358525614556
268,12,43.71544822992207
268,13,41.12544084586067
268,14,41.664020098818156
268,15,38.911078540598176
268,16,37.82961276303724
268,17,35.73448766123923
268,18,36.90593537209601
268,19,36.40271855987475
268,20,38.042515785095254
268,21,40.44550859323996
268,22,42.781663167953184
268,23,45.38856298540003
268,24,43.72675009157279
268,25,41.09762588099467
268,26,40.494533523389045
268,27,41.42666880242375
268,28,40.604130655968305
268,29,39.21355853264473
268,30,38.24155463079819
268,31,34.54470974788778
268,32,32.075729470168405
268,33,28.50940669050247
268,34,26.312997947665696
268,35,25.85850611325379
268,36,23.802320045043697
268,37,20.041854189885086
268,38,19.808206789766093
268,39,16.615265421918092
268,40,12.874936868210657
268,41,9.982093529580396
268,42,9.548391080629301
268,43,5.934692481007737
268,44,5.852219100176635
268,45,4.998740542872224
268,46,6.073171341882608
268,47,8.968131703563337
268,48,11.846568527834943
268,49,12.358886906836354
268,50,12.29958535769021
268,51,10.486423862137729
268,52,12.36951147337888
268,53,11.465730113351043
268,54,14.953434345219938
268,55,14.53754106257791
268,56,18.23719565351945
268,57,19.5109581635733
268,58,20.632614792976177
268,59,21.22190705958748
268,60,24.94179439288556
268,61,24.72502216677794
268,62,22.99777903523494
268,63,25.629986283185453
268,64,28.48455100202462
268,65,27.24571514479646
268,66,26.86325546174198
268,67,26.97241355857058
268,68,23.680816220082132
268,69,22.102442376947344
268,70,23.82073582767281
268,71,20.598751002097305
268,72,20.003354781968582
268,73,23.34865262220666
268,74,23.571673907055924
268,75,19.890447111511577
268,76,18.951113421318063
268,77,16.318903130804088
268,78,16.025395603109562
268,79,14.424816238699217
268,80,15.023988544645562
268,81,13.348710831224977
268,82,15.98297066605161
268,83,15.587665549291076
268,84,18.474037135446324
268,85,18.933761960353216
268,86,19.98183921185383
268,87,23.582311200479403
268,88,26.272273480612316
268,89,28.203117273646377
268,90,30.721383414054934
268,91,33.90723294234981
268,92,34.09952995003893
268,93,33.88132763925102
268,94,34.2532076707612
268,95,33.28982111535682
268,96,35.604065313052125
268,97,33.71145576961372
268,98,30.357849212925913
268,99,28.600973144815914
268,100,30.163700011171
268,101,29.264305058913276
268,102,25.643205791733855
268,103,25.730078505348487
268,104,27.374229884880382
268,105,25.284354317686265
268,106,22.017851102110313
268,107,23.6198944721097
268,108,24.757423729846735
268,109,21.25540577231038
268,110,22.5217641176579
268,111,23.965402818803796
268,112,26.22786493237583
268,113,29.327608539667008
268,114,32.727594815841044
268,115,35.24337586335705
268,116,38.78591219832601
268,117,42.16919330379037
268,118,43.20050194056664
268,119,46.51525242602818
268,120,47.220523254777646
268,121,50.85691033454657
268,122,52.31450774650972
268,123,49.22855914930304
268,124,47.022011496970244
268,125,43.44990824741536
268,126,40.17719255361145
268,127,40.86141408791683
268,128,38.65754849592647
268,129,38.11625869498294
268,130,37.357449573898
268,131,34.9730210228969
268,132,32.81204845316681
268,133,32.851304919881535
268,134,31.383389523177716
268,135,31.875991305359825
268,136,34.876145763728104
268,137,36.9519656254528
268,138,36.847600128779305
268,139,34.948445258094154
268,140,34.00883255547466
268,141,31.639720868075337
268,142,31.04738969476376
268,143,31.85552887063937
268,144,34.885752420948755
268,145,38.29676334541695
268,146,40.32018162272371
268,147,43.97608377628175
268,148,46.83527208153992
268,149,50.534431624615216
268,150,51.93095043944251
268,151,55.37626062708917
268,152,56.67284419700525
268,153,55.80202605614497
268,154,52.89350218143947
268,155,54.12218179046564
268,156,53.2963757593496
268,157,50.481362300347364
268,158,50.600782032525146
268,159,48.18458556454948
268,160,47.20087134945046
268,161,44.125234382374636
268,162,44.554256303066055
268,163,41.90424507188797
268,164,43.199395590146445
268,165,39.942687929682585
268,166,39.07159914176166
268,167,36.00782152033868
268,168,35.504099349947566
268,169,34.96874251096249
268,170,33.29197059370847
268,171,35.015241322658404
268,172,33.868091329541244
268,173,36.76204834356755
268,174,38.009199024889675
268,175,41.01038313248771
268,176,41.717215648549605
268,177,43.33808028138132
268,178,45.36357475862627
268,179,46.55587867224283
268,180,50.16703425570907
268,181,52.886846059228844
268,182,53.087811970939974
268,183,49.39798059601093
268,184,50.01610952313727
268,185,53.09066649160661
268,186,51.87123578550325
268,187,48.95469432847282
268,188,50.328004946778165
268,189,54.003254066457615
268,190,54.678970370333666
268,191,55.09704365360006
268,192,52.985054714927784
268,193,50.41538396988442
268,194,49.162557816598365
268,195,46.27825338796495
268,196,46.771744394655975
268,197,44.27445963641042
268,198,45.5658159757941
268,199,45.306906394368866
268,200,47.93071553221816
268,201,46.34202728477427
268,202,45.14396215237565
268,203,46.26828895324609
268,204,44.39011268517163
268,205,46.80205669549918
268,206,45.7201256773337
268,207,48.05279843868425
268,208,46.43260701816294
268,209,46.85378622913195
268,210,48.3719461145178
268,211,47.38730157153999
268,212,46.303120066797206
268,213,42.992652762308346
268,214,41.02691849752912
268,215,39.45867873483821
268,216,35.83838721466491
268,217,34.74060220743858
268,218,38.4157809075277
268,219,39.56216963138296
268,220,41.6644225867939
268,221,41.438396793798475
268,222,38.971811588953
268,223,37.73527038649478
268,224,37.4764333658856
268,225,35.12253537748901
268,226,36.289538116402106
268,227,35.31745504882408
268,228,37.411104150644945
268,229,36.791000672246085
268,230,39.38026199014682
268,231,39.97815863740789
268,232,41.34861602624609
268,233,44.959743993633886
268,234,44.79619720726164
268,235,45.088761700307685
268,236,43.54056414380472
268,237,46.28407820526148
268,238,45.61960810512689
268,239,48.60519041092748
268,240,48.773018326249876
268,241,51.35245288119276
268,242,48.8703601463633
268,243,45.47985829422501
268,244,43.50107330457055
268,245,39.90133978776784
268,246,39.89438513548323
268,247,37.1575423349579
268,248,36.563457683496694
268,249,35.686714544158576
268,250,33.83692464613539
268,251,30.341689922246633
268,252,29.722547427380004
268,253,29.362524711203896
268,254,27.680391821979487
268,255,27.236737165166648
268,256,24.313969822993226
268,257,21.279628265671217
268,258,19.677498557689184
268,259,19.268677581983102
268,260,17.9103783045919
268,261,16.29332267294704
268,262,16.6184528910386
268,263,13.721828216223434
268,264,12.711217925926897
268,265,9.421732638023197
268,266,6.531050470443507
268,267,3.8114014463738775
268,269,3.815264504045824
268,270,5.935504692093353
268,271,8.990764765809239
268,272,10.431074887366217
268,273,13.449937432338196
268,274,13.630002349939957
268,275,11.995684060769428
268,276,13.663418368213526
268,277,13.652487188179911
268,278,12.945672075147098
268,279,9.621730924593455
268,280,9.62571305347075
268,281,12.732042616589125
268,282,14.631740939326518
268,283,17.856008959862248
268,284,20.197434847789623
268,285,22.22555430156591
268,286,24.339747191677706
268,287,23.890994288844418
268,288,21.339354235664395
268,289,21.89010537208056
268,290,18.55641310307939
268,291,19.184973404729757
268,292,21.699540897428246
268,293,19.400127397764397
268,294,17.430508871850286
268,295,16.42116611076878
268,296,16.68853169146229
268,297,18.351878722268697
268,298,18.457395251009807
268,299,20.996654047095674
268,300,23.741762016169524
268,301,23.631818681574376
268,302,26.47517429026406
268,303,27.830592579856514
268,304,28.403591386737336
268,305,26.141455274114154
268,306,27.51893901523683
268,307,29.555416224123537
268,308,30.887011758574555
268,309,32.05799477371416
268,310,34.793253448234246
268,311,34.42705021519487
268,312,37.78400611337913
268,313,41.36016767946464
268,314,43.00244030389181
268,315,42.96411115485254
268,316,46.56281413649503
268,317,46.943055137871525
268,318,50.0094371083029
269,1,70.95477861270939
269,2,72.40871879552998
269,3,69.3530290895425
269,4,65.56814498736165
269,5,62.78961605605715
269,6,59.55499457323355
269,7,56.97297797963053
269,8,53.966124945092524
269,9,50.99902424649597
269,10,47.276419069042475
269,11,44.68362990377847
269,12,43.686197932793426
269,13,41.229302031696704
269,14,42.027662749136105
269,15,39.51120534054665
269,16,38.39980866926714
269,17,36.51661180792969
269,18,37.92678443433243
269,19,37.355565504118026
269,20,39.12385697108209
269,21,41.35770598213888
269,22,43.77943684143164
269,23,46.485513166578954
269,24,44.90342591261134
269,25,42.49756334752115
269,26,41.73310234744107
269,27,42.34567023453888
269,28,41.36677346282098
269,29,39.65726455034598
269,30,38.43239472956992
269,31,34.730799754075285
269,32,32.42768368860938
269,33,28.848776581672666
269,34,27.05388008886964
269,35,26.59682617950728
269,36,25.022966332411315
269,37,21.34077271851605
269,38,21.692489036007707
269,39,18.606244757632112
269,40,15.030153373266018
269,41,12.23046399787062
269,42,12.686366221564452
269,43,9.183324255141839
269,44,8.44225028876308
269,45,5.750630892259686
269,46,5.690612025808641
269,47,7.3038831063150385
269,48,10.20139550059395
269,49,11.700534090966975
269,50,11.856876132400282
269,51,11.220648345669476
269,52,13.511019310721144
269,53,13.519647279792277
269,54,17.214920030313237
269,55,17.194124979004933
269,56,20.95734389057014
269,57,21.93470497895294
269,58,23.074120772775196
269,59,23.190420542494184
269,60,26.958822827988737
269,61,26.81405181433987
269,62,24.651259378627575
269,63,27.06953409614665
269,64,30.09492537951965
269,65,28.75068889479302
269,66,28.75339935293879
269,67,28.68125305880157
269,68,25.580140723640998
269,69,23.808199461653086
269,70,25.01168138382938
269,71,21.525034408327045
269,72,20.960332571184736
269,73,23.965900579153352
269,74,23.73507907125992
269,75,20.120144844731392
269,76,18.98829576277292
269,77,16.567582920141643
269,78,16.225039799317106
269,79,15.501711178276862
269,80,16.664217673167435
269,81,15.751262325913185
269,82,18.763300859664856
269,83,18.828711600462505
269,84,21.940278880590093
269,85,22.316340730150202
269,86,23.03509327548048
269,87,26.528477784771965
269,88,28.947593048263013
269,89,30.7332003695034
269,90,33.01628198315694
269,91,36.24347205056596
269,92,36.68430340408615
269,93,36.341349359859365
269,94,36.75829116805867
269,95,35.59517501907936
269,96,37.90676087408475
269,97,35.93398269185644
269,98,32.66136529857419
269,99,30.864365620975505
269,100,32.05397934672363
269,101,31.018529465709932
269,102,27.55257633928835
269,103,27.40521106287413
269,104,28.630402694538862
269,105,26.491490681558577
269,106,23.318191790084235
269,107,24.525587926571074
269,108,25.291407724057713
269,109,21.708938603682583
269,110,22.84226746320439
269,111,24.541137850872435
269,112,26.333030451279946
269,113,29.61409354354665
269,114,32.78295697141313
269,115,35.46151488444497
269,116,38.99805155984204
269,117,42.402827998893365
269,118,43.744629817966775
269,119,47.10554058167349
269,120,48.098617967507636
269,121,51.721627152479286
269,122,53.37787876066496
269,123,50.44392725722621
269,124,48.26471466727751
269,125,44.6115716148561
269,126,41.42324038249508
269,127,42.42336098085486
269,128,40.39895208081479
269,129,40.15655721590104
269,130,39.54079708279587
269,131,37.355781513403734
269,132,34.93278691887244
269,133,34.79094874108859
269,134,32.97167237118776
269,135,33.34658819942403
269,136,36.493342403527635
269,137,38.593696512487085
269,138,38.62912641245233
269,139,36.598298570122516
269,140,35.708545450924554
269,141,33.252402131583764
269,142,32.25245720544418
269,143,32.96452458329247
269,144,36.224115209801866
269,145,39.5800242021604
269,146,41.867394068622986
269,147,45.42863572014147
269,148,48.42674968276364
269,149,52.07466758244396
269,150,53.25868801427895
269,151,56.72534989591681
269,152,58.220543143850584
269,153,57.294960911735735
269,154,54.38365912058544
269,155,55.45868552974996
269,156,54.62518681314588
269,157,51.642409565051295
269,158,51.58296812833634
269,159,48.95392103256968
269,160,47.78534430027691
269,161,44.534921145632836
269,162,44.758402988152945
269,163,41.96106112712386
269,164,42.930520400983326
269,165,39.536104147374125
269,166,38.57768048962511
269,167,35.76009640717812
269,168,35.65903621124374
269,169,35.329133852569925
269,170,34.03509245363427
269,171,35.971845267311025
269,172,35.17056235064696
269,173,38.23380276964457
269,174,39.78870990348896
269,175,42.96005677551205
269,176,43.825207659840096
269,177,45.684179951806364
269,178,47.770343434006776
269,179,49.17130552121289
269,180,52.731642102242866
269,181,55.31561186348285
269,182,55.44056341614249
269,183,51.70269775678003
269,184,52.21835134598621
269,185,55.17628162743065
269,186,53.899614416825194
269,187,50.86967536914332
269,188,52.15843216387248
269,189,55.87930250739829
269,190,56.593911753759166
269,191,57.22207221742864
269,192,55.087744893250736
269,193,52.35449135650948
269,194,50.98558071345586
269,195,47.94595251450492
269,196,48.26085977797055
269,197,45.56327922392195
269,198,46.67057818307188
269,199,46.152629993842424
269,200,48.666617750130534
269,201,47.22692024848336
269,202,46.293911971698535
269,203,47.609026794124574
269,204,45.96003244226863
269,205,48.52469200015401
269,206,47.66358583430231
269,207,50.143292291846976
269,208,48.65306542811005
269,209,49.31031341933427
269,210,50.89628082153459
269,211,50.1152041139277
269,212,49.16332169904228
269,213,45.93503013699112
269,214,44.1248733754318
269,215,42.49947177804467
269,216,38.81571424032427
269,217,37.60183440460323
269,218,41.23867172264478
269,219,42.29479794317564
269,220,44.46485972251269
269,221,44.02519199425473
269,222,41.47643763275245
269,223,39.99857325031701
269,224,39.68763112411449
269,225,37.10421037897965
269,226,38.04198945012728
269,227,36.75149136056043
269,228,38.55404723763921
269,229,37.61703135444269
269,230,39.93464775068024
269,231,40.27399218187163
269,232,41.32031908969993
269,233,44.95578654720095
269,234,45.10947764999608
269,235,45.53708696150379
269,236,44.239846063058856
269,237,47.155710849418924
269,238,46.71410375688281
269,239,49.86204341654444
269,240,50.24304279088055
269,241,52.932519783355815
269,242,50.6048384850112
269,243,47.34560491340371
269,244,45.14173314955621
269,245,41.515811603678124
269,246,41.18871174868206
269,247,38.233631649221806
269,248,37.3467526664788
269,249,36.23572382050236
269,250,34.35057163735278
269,251,30.83719856475481
269,252,29.85458112256512
269,253,29.619713987459413
269,254,27.676375500453652
269,255,27.27079577090818
269,256,24.205526527180037
269,257,21.365612458415807
269,258,20.192823899157617
269,259,20.481452408134547
269,260,19.75121109600669
269,261,18.675177509443095
269,262,19.56481907520927
269,263,16.997488923417684
269,264,16.349583608412125
269,265,13.10033446230964
269,266,10.28447397622227
269,267,7.097935012180341
269,268,3.815264504045824
269,270,3.805539803231415
269,271,7.180434829356173
269,272,9.883630409167635
269,273,13.058021923375836
269,274,14.282266738934059
269,275,13.543995304335647
269,276,15.956248791633092
269,277,16.606310321657595
269,278,16.031034249719003
269,279,12.413571454513011
269,280,11.354719394927683
269,281,13.97681308921639
269,282,14.956098267845043
269,283,17.95140679226604
269,284,19.981028450171898
269,285,22.55267755002115
269,286,24.79743740612633
269,287,24.93070319624138
269,288,22.83780489053689
269,289,23.933950672486983
269,290,20.899743398622007
269,291,21.65228197336138
269,292,23.932192288062954
269,293,21.663210255252533
269,294,19.17999935557643
269,295,17.608779644836673
269,296,17.071580744003978
269,297,18.392154110965595
269,298,19.1061666970116
269,299,21.79176774353003
269,300,24.866779867926894
269,301,25.302842743921193
269,302,28.25264147669023
269,303,29.957787837967704
269,304,30.339725210361706
269,305,28.140509970643457
269,306,29.10616081993764
269,307,30.78020759359937
269,308,31.790077241405115
269,309,32.56273130443583
269,310,35.114813635224884
269,311,34.35723198292092
269,312,37.68520801615146
269,313,41.361187060714656
269,314,43.29008976501732
269,315,43.299681857951484
269,316,46.923485024199586
269,317,47.315826018791455
269,318,50.28594625496609
270,1,67.69771314800838
270,2,69.05637234807861
270,3,65.96039520132078
270,4,62.183163799719445
270,5,59.38784986685965
270,6,56.10069229680711
270,7,53.52222462179138
270,8,50.45299617014042
270,9,47.53026477974301
270,10,43.811067624486626
270,11,41.32340175193639
270,12,40.44217390902776
270,13,38.1372183029381
270,14,39.14183158715173
270,15,36.663154882083795
270,16,35.36210908584533
270,17,33.47269271080802
270,18,34.89780569353988
270,19,34.18739239200798
270,20,35.9639164663145
270,21,38.07246372253919
270,22,40.52476813500523
270,23,43.28365150306201
270,24,41.77919102199444
270,25,39.53529529437446
270,26,38.73038529182923
270,27,39.180299051558215
270,28,38.218147086125434
270,29,36.35518459571601
270,30,35.134620170063656
270,31,31.408150455233276
270,32,29.074371346385426
270,33,25.463143398329823
270,34,23.82170340511969
270,35,23.29387053136388
270,36,22.022407566744402
270,37,18.453854126131695
270,38,19.293508901724834
270,39,16.46713886704671
270,40,13.17014565068715
270,41,10.904350277434839
270,42,12.230216474199906
270,43,9.161879840645046
270,44,8.19301777123954
270,45,4.785619075847321
270,46,6.143639860563164
270,47,6.046730685913322
270,48,8.526842762790325
270,49,10.757730397028041
270,50,12.126115947075398
270,51,11.99836058157062
270,52,15.036636532287462
270,53,15.482315928969848
270,54,19.20418700896263
270,55,19.594380557276594
270,56,23.35781998454392
270,57,24.03731543503594
270,58,24.6571191460591
270,59,24.506241624538184
270,60,28.3129197307189
270,61,28.637666144463143
270,62,26.55660374127248
270,63,28.645665867652454
270,64,31.887733976071843
270,65,30.920867600404115
270,66,31.107837962213367
270,67,31.39044373158683
270,68,28.390929529852745
270,69,26.337209534651763
270,70,27.651279769543915
270,71,24.271954069316852
270,72,23.234014605622136
270,73,26.109232126547113
270,74,25.490771674020607
270,75,21.790571893404813
270,76,20.041563339686558
270,77,17.195394802276013
270,78,16.017897772693637
270,79,15.483617431908067
270,80,17.375319947233873
270,81,16.657025907900078
270,82,19.936970206620124
270,83,20.301498735812125
270,84,23.35092673503928
270,85,24.28278652960698
270,86,25.014229166918778
270,87,28.630271917372998
270,88,31.095406547712084
270,89,33.195814444546116
270,90,35.401779078053494
270,91,38.448151375742064
270,92,38.63945112986809
270,93,38.011067806056126
270,94,38.0746419705802
270,95,36.63045175587101
270,96,38.630351987912995
270,97,36.33970525289728
270,98,33.286126909203055
270,99,31.10806882661531
270,100,32.14796662613207
270,101,31.488016556036758
270,102,28.044173851346486
270,103,27.39221508564642
270,104,28.663943388674795
270,105,26.95602400526654
270,106,23.566186355982435
270,107,24.271356666569538
270,108,25.341721184822283
270,109,21.994858935287084
270,110,23.654198071632077
270,111,25.828196369406548
270,112,27.630830202167825
270,113,31.103438473225136
270,114,34.25447217030417
270,115,37.17319188737928
270,116,40.56979275944762
270,117,44.0978084464212
270,118,45.42144499021501
270,119,48.904047470617485
270,120,49.979554119601396
270,121,53.66254870133807
270,122,55.45110840018283
270,123,52.58551156264719
270,124,50.597723337077035
270,125,46.91736663075224
270,126,43.853971819504174
270,127,44.869014420558464
270,128,42.98407987112567
270,129,42.77217550797766
270,130,42.32305608919051
270,131,39.96332434559625
270,132,37.570976142028414
270,133,37.69714596611052
270,134,35.95885301591728
270,135,36.57094916704001
270,136,39.77604365726586
270,137,41.71533875388724
270,138,41.5336732844776
270,139,39.341940225828665
270,140,38.18115710841005
270,141,35.505775384375106
270,142,34.56044201140737
270,143,34.926397283566715
270,144,38.160342253015386
270,145,41.640211864876086
270,146,43.995465326316484
270,147,47.52031174106718
270,148,50.614143465489256
270,149,54.291887352164665
270,150,55.575014829983054
270,151,59.110594296669134
270,152,60.5219330246375
270,153,59.41111056478322
270,154,56.366095899016344
270,155,57.27102529720047
270,156,56.21381598641043
270,157,53.21052932799397
270,158,52.940488185227046
270,159,50.2924828966149
270,160,48.89840290242412
270,161,45.61597190928696
270,162,45.56394876900256
270,163,42.57908719963434
270,164,43.4670172603216
270,165,39.96049759958001
270,166,38.6506979423945
270,167,35.881680025810034
270,168,35.873024780655435
270,169,35.92433101542158
270,170,34.750105919344264
270,171,36.98683349807884
270,172,36.393905882492
270,173,39.61301236544341
270,174,41.254332222691204
270,175,44.479616435925564
270,176,45.57951261323447
270,177,47.380099315512524
270,178,49.67100124413926
270,179,51.09342398038093
270,180,54.71817415201369
270,181,57.26470361107169
270,182,57.601933925565554
270,183,53.88103449164625
270,184,54.21335570820093
270,185,57.254162622925335
270,186,56.17940334795133
270,187,53.076153634554025
270,188,54.17179427271051
270,189,57.91395622002946
270,190,58.41525307033905
270,191,58.98399867972697
270,192,56.66561571738431
270,193,53.90667856436701
270,194,52.3296002272648
270,195,49.22433983524567
270,196,49.30427450706515
270,197,46.513016940405194
270,198,47.36994840063056
270,199,46.65284981060893
270,200,48.946533267281936
270,201,47.31752131963584
270,202,46.56876202591394
270,203,48.12430651208444
270,204,46.64684325092895
270,205,49.38329274519804
270,206,48.70164535076172
270,207,51.33357308990353
270,208,50.05783688188737
270,209,50.732695248794364
270,210,52.53197855975799
270,211,51.74430723279104
270,212,50.93910410956821
270,213,47.6218745601583
270,214,45.88230037796249
270,215,44.51606265634206
270,216,40.871583129015484
270,217,39.94679510185606
270,218,43.651311373345884
270,219,44.53240941803785
270,220,46.4768524640191
270,221,45.97713460272974
270,222,43.25538736368207
270,223,41.68307072160033
270,224,41.05337350308239
270,225,38.36995473334478
270,226,39.02857994225825
270,227,37.56782922016755
270,228,39.186203035770674
270,229,38.01410326497715
270,230,40.34338645421468
270,231,40.3864210457139
270,232,41.454845427040034
270,233,45.16664853427877
270,234,45.44096615051772
270,235,46.172512552148355
270,236,45.07871418626832
270,237,48.12600299722351
270,238,47.90901451757329
270,239,51.11913542186245
270,240,51.68458938187946
270,241,54.5213571736292
270,242,52.32511051319321
270,243,49.08519894427624
270,244,46.806794188189976
270,245,43.27864716166542
270,246,42.87503617996695
270,247,39.835865226486334
270,248,39.12212537604501
270,249,37.726955374485684
270,250,35.52842100328318
270,251,31.883182347296263
270,252,30.57288037006123
270,253,29.918211662501673
270,254,27.59016557138356
270,255,26.69160244223969
270,256,23.344770386104948
270,257,20.281633913372076
270,258,19.71361604429462
270,259,20.07628953794248
270,260,19.788102314192784
270,261,18.636969469570303
270,262,19.914082572757316
270,263,17.456648733388626
270,264,17.37372013770593
270,265,13.88179895631286
270,266,11.926597521642384
270,267,8.934067110912096
270,268,5.935504692093353
270,269,3.805539803231415
270,271,3.802692195501028
270,272,6.659791113474251
270,273,10.158502533261657
270,274,11.712882458379397
270,275,11.847980593214983
270,276,14.593843181858649
270,277,16.05826973099259
270,278,15.270338665978313
270,279,11.503433159657877
270,280,9.403114221978942
270,281,11.295451327783502
270,282,11.608193725290626
270,283,14.495675059785045
270,284,16.326397324450088
270,285,19.083462580398372
270,286,21.425724704262855
270,287,21.867906009138622
270,288,20.110901334332123
270,289,21.629429251878694
270,290,18.97105013986958
270,291,20.01201426095131
270,292,22.198129947984174
270,293,20.30624331933231
270,294,17.472068424651127
270,295,15.938955675271364
270,296,14.865763156870411
270,297,15.555602702768079
270,298,16.256931340855772
270,299,18.767253856237215
270,300,22.06882236658031
270,301,22.841126116728017
270,302,25.73258825489806
270,303,27.67306194482558
270,304,27.831168228290544
270,305,25.725231112777543
270,306,26.359826491707985
270,307,27.740946877909536
270,308,28.593386578813096
270,309,29.137594192139787
270,310,31.647078526676253
270,311,30.793263452894394
270,312,34.157461124347435
270,313,37.84695036736486
270,314,39.89074357339305
270,315,40.033948453912224
270,316,43.69833022040731
270,317,44.234031273069256
270,318,47.244369327016315
271,1,66.49133674639872
271,2,67.66268664248852
271,3,64.5035708398278
271,4,60.752455380802694
271,5,57.94316585959566
271,6,54.546579259694205
271,7,51.99188590447428
271,8,48.785198561958204
271,9,45.97248050310352
271,10,42.27229716632729
271,11,40.0326234989821
271,12,39.35909822630464
271,13,37.34239803359717
271,14,38.65671914645432
271,15,36.19130028116227
271,16,34.54292621531958
271,17,32.532483117730045
271,18,33.79667542647966
271,19,32.72163327837577
271,20,34.28948392847462
271,21,36.097181566613465
271,22,38.39868060904333
271,23,41.34401588489434
271,24,40.11026789924298
271,25,38.09547776487025
271,26,37.44397959081159
271,27,37.77967796132944
271,28,37.015830226096824
271,29,34.97082224281509
271,30,33.896946437899715
271,31,30.13256402939181
271,32,27.6292509637333
271,33,23.934139109547512
271,34,22.37666708026591
271,35,21.395782504659916
271,36,20.429869732566093
271,37,17.134445646125307
271,38,18.635353630649067
271,39,16.416257337516853
271,40,13.471455888425263
271,41,12.198715623463041
271,42,13.70606332185891
271,43,10.945405635290893
271,44,9.086103135859014
271,45,5.554712398041844
271,46,6.676816171890093
271,47,4.545007902470375
271,48,5.909083747914595
271,49,8.729247029838703
271,50,11.130599193213612
271,51,11.79615146266924
271,52,15.348464472390082
271,53,16.509115457314564
271,54,20.1665943089972
271,55,21.1863704645063
271,56,24.893395721149435
271,57,25.047674198620808
271,58,25.152792638285323
271,59,24.517871381910776
271,60,28.29075254738147
271,61,29.090727146773272
271,62,26.946094509002442
271,63,28.584002226612135
271,64,32.04653891280023
271,65,31.45093611577267
271,66,31.991134892796012
271,67,32.61545760415171
271,68,29.870798416352574
271,69,27.426642426106902
271,70,28.671308357982962
271,71,25.41976464832195
271,72,23.87102179419639
271,73,26.45486500909512
271,74,25.357251005251076
271,75,21.68237010631405
271,76,19.352273553204522
271,77,16.28489152054766
271,78,14.423791625311342
271,79,14.404934310621128
271,80,17.008236360019858
271,81,16.88121651097359
271,82,20.442943316095935
271,83,21.39692242911155
271,84,24.544620815151543
271,85,25.90278335127528
271,86,26.303342690022628
271,87,29.89947852577381
271,88,32.17819408663656
271,89,34.52045318839103
271,90,36.46660975903591
271,91,39.29769006749318
271,92,39.366528017486544
271,93,38.37741724171183
271,94,38.1363448888447
271,95,36.344571714249824
271,96,38.0624217993818
271,97,35.50794251504931
271,98,32.712203561789785
271,99,30.26420590961636
271,100,30.962656925935644
271,101,30.527663171819288
271,102,27.245248017204993
271,103,26.10948673579591
271,104,27.195458387289822
271,105,25.84795854757121
271,106,22.409336182192405
271,107,22.545251655415413
271,108,23.703298634222673
271,109,20.626168523785978
271,110,22.67125265211269
271,111,25.29431486926376
271,112,26.97564108147002
271,113,30.6064894962642
271,114,33.65930251250064
271,115,36.8139702987095
271,116,40.03000374109913
271,117,43.6595728608947
271,118,45.00622629948106
271,119,48.60113541800421
271,120,49.820451990366514
271,121,53.54337308563608
271,122,55.51758187763859
271,123,52.78609561430442
271,124,51.03567238525903
271,125,47.32297831438216
271,126,44.45210143254705
271,127,45.58321423139458
271,128,43.95151297334233
271,129,43.91632523067577
271,130,43.76699599529932
271,131,41.311477515256136
271,132,38.827971165595805
271,133,39.217865244977254
271,134,37.45266157056091
271,135,38.3679297050401
271,136,41.70740472696928
271,137,43.383474037717725
271,138,42.94714196131263
271,139,40.50173218744498
271,140,39.03639711258469
271,141,36.10396034795492
271,142,35.09440928468315
271,143,35.048797007460955
271,144,38.28822988230384
271,145,41.84874880255172
271,146,44.34824192215292
271,147,47.77347538860357
271,148,51.00400519390152
271,149,54.67609455119959
271,150,55.99373318404747
271,151,59.60112969974159
271,152,60.976944848536014
271,153,59.64088887123437
271,154,56.46290508222198
271,155,57.130820977238514
271,156,55.84844804541046
271,157,52.78732744925583
271,158,52.26020537454875
271,159,49.55408372782176
271,160,47.91042605108029
271,161,44.584053226634296
271,162,44.23877278405461
271,163,41.082541962095384
271,164,41.84759497872962
271,165,38.25477947826245
271,166,36.64268035887313
271,167,33.96861605319778
271,168,34.106040115455336
271,169,34.528718816633564
271,170,33.569212845444255
271,171,36.1083294891875
271,172,35.82564751121939
271,173,39.21512776622531
271,174,41.04518079555167
271,175,44.3696244668782
271,176,45.76842722096035
271,177,47.624739063435285
271,178,50.14529221962608
271,179,51.714055008121065
271,180,55.35540863357111
271,181,57.76361820913506
271,182,58.28804008068044
271,183,54.57585809788196
271,184,54.64755494363641
271,185,57.703512692823416
271,186,56.833217250075485
271,187,53.60794598592373
271,188,54.447194928186434
271,189,58.21407787199743
271,190,58.504476213959045
271,191,59.11086941199448
271,192,56.60843525067848
271,193,53.75975293529739
271,194,51.940555867403944
271,195,48.727584805200074
271,196,48.521891359128375
271,197,45.5933106719933
271,198,46.162933900112456
271,199,45.201401439878445
271,200,47.266436886105616
271,201,45.54247565946744
271,202,45.03316654958482
271,203,46.84155721048081
271,204,45.60781163101047
271,205,48.535032241211674
271,206,48.114792818155536
271,207,50.93706086557165
271,208,49.93408930573977
271,209,50.75642243754227
271,210,52.791819045630035
271,211,52.13886909152346
271,212,51.58510018212021
271,213,48.262857643267544
271,214,46.74317769845757
271,215,45.61467661244422
271,216,41.98307146265741
271,217,41.31035654780897
271,218,45.04319828225297
271,219,45.629882927475414
271,220,47.35531297860479
271,221,46.642178838061675
271,222,43.70859510508783
271,223,41.915599729853064
271,224,40.959713609001426
271,225,38.09647121865787
271,226,38.39334482743283
271,227,36.66921335339049
271,228,38.00529631328161
271,229,36.54571502034708
271,230,38.7862244640314
271,231,38.52114877702112
271,232,39.53584960872614
271,233,43.28875627429031
271,234,43.721972993653104
271,235,44.73869321876672
271,236,43.892894656969226
271,237,47.0824635500961
271,238,47.13874790249742
271,239,50.437768123830544
271,240,51.249563443113345
271,241,54.25513914308724
271,242,52.264255884039585
271,243,49.12021139389486
271,244,46.68860095368772
271,245,43.27669686093018
271,246,42.68492033900326
271,247,39.52233392282964
271,248,38.915608349253255
271,249,37.19348337891459
271,250,34.70659589217587
271,251,30.98320361353541
271,252,29.316420450838002
271,253,28.32547333569678
271,254,25.657642099215845
271,255,24.39066581049915
271,256,20.862982472434084
271,257,17.769543564214416
271,258,17.818493576407207
271,259,18.51091454305845
271,260,18.87614365075721
271,261,18.076084401570174
271,262,19.97029164616459
271,263,18.023884868951342
271,264,18.71288339670996
271,265,15.402849544262908
271,266,14.1523723325593
271,267,11.094649573883258
271,268,8.990764765809239
271,269,7.180434829356173
271,270,3.802692195501028
271,272,3.800458042372995
271,273,6.89960793531991
271,274,9.29668935903885
271,275,10.466203051547959
271,276,13.767805642340578
271,277,16.01035242932176
271,278,15.636021469001545
271,279,11.911175395866499
271,280,8.90371294538622
271,281,10.15666739110443
271,282,9.683479115833364
271,283,11.848063673368156
271,284,13.829148859539757
271,285,16.77604196611009
271,286,18.80898438745376
271,287,19.67759397522621
271,288,18.41464285908392
271,289,20.483186014843923
271,290,18.23730312250149
271,291,19.0864204685571
271,292,20.78442995374155
271,293,19.006825331415165
271,294,15.740901918507289
271,295,13.829610568763304
271,296,12.042092302905834
271,297,12.323737310640595
271,298,13.526219999414597
271,299,16.212201993100408
271,300,19.615894794481378
271,301,20.90826350915098
271,302,23.95449487841707
271,303,26.312086211145694
271,304,26.534290487669704
271,305,24.8234421051655
271,306,25.247949386521185
271,307,26.185320305764865
271,308,27.05869399119769
271,309,27.223044171771498
271,310,29.81941004608343
271,311,28.928674519370944
271,312,32.419780015511634
271,313,36.09101292880443
271,314,38.318562852683115
271,315,38.78945270670991
271,316,42.52462225954547
271,317,43.357402389277894
271,318,46.45935005168889
272,1,65.57866260328537
272,2,66.62548010463314
272,3,63.35130988270728
272,4,59.61384975474985
272,5,56.667088580062945
272,6,53.2541135519304
272,7,50.55116703794583
272,8,47.25220776713014
272,9,44.37182056021256
272,10,40.64837648334521
272,11,38.54383896345676
272,12,37.746452851031854
272,13,35.828684931136394
272,14,37.15382790724268
272,15,34.486084313990574
272,16,32.57883466130503
272,17,30.27579911380162
272,18,31.208845882706928
272,19,29.897949635469573
272,20,31.209123164557422
272,21,32.9503076330017
272,22,35.0939866786657
272,23,38.10266308678268
272,24,36.99015138881237
272,25,34.959951588741326
272,26,34.54771813230178
272,27,35.06087895188269
272,28,34.58287930659114
272,29,32.674337280094775
272,30,31.948139243913083
272,31,28.148939897997327
272,32,25.340492326834024
272,33,21.56728792500107
272,34,19.673921976043207
272,35,18.309267372628067
272,36,17.14688189864672
272,37,13.95504576399253
272,38,15.644082055300895
272,39,13.919538964388668
272,40,11.260321670272676
272,41,11.021645241456717
272,42,12.430732048177351
272,43,10.31340574678623
272,44,8.210722737738008
272,45,5.859003368953154
272,46,7.956066242328143
272,47,6.263976344486366
272,48,6.706235803102108
272,49,8.450353743941921
272,50,11.511202795450137
272,51,11.775301583524335
272,52,15.476263663238054
272,53,16.57482745314038
272,54,19.962507719046233
272,55,21.22075408221286
272,56,24.75955231256639
272,57,24.69599371252368
272,58,24.285694202763935
272,59,23.615890173502002
272,60,27.30164759220353
272,61,28.493155868333535
272,62,26.687051435585932
272,63,28.10009228721352
272,64,31.60398439333531
272,65,31.42673755451076
272,66,31.936221387397342
272,67,32.98313748807467
272,68,30.300359635052022
272,69,27.717007079495897
272,70,29.30204744561074
272,71,26.35046922953855
272,72,24.398114197011733
272,73,27.015706304223773
272,74,25.90664797965917
272,75,22.196521662093048
272,76,19.552247969616616
272,77,16.089542737508875
272,78,13.581980817800478
272,79,13.138980089765125
272,80,16.005799804096466
272,81,15.777854354808369
272,82,19.270685150432175
272,83,20.393626016322322
272,84,23.332788852625164
272,85,25.20468246106733
272,86,25.619211389779288
272,87,29.254640929651785
272,88,31.599300762066733
272,89,34.2657392597371
272,90,36.1900611027637
272,91,38.78494508580095
272,92,38.50766640468942
272,93,37.30754343168068
272,94,36.71948145107404
272,95,34.78157439732128
272,96,36.19889002241115
272,97,33.42974525860526
272,98,30.828550331995658
272,99,28.093187363669742
272,100,28.832488694288898
272,101,28.81601580290824
272,102,25.52772617436361
272,103,24.07434025908877
272,104,25.438784439792585
272,105,24.540891265595228
272,106,20.921890422345435
272,107,20.8417316737691
272,108,22.52680538210852
272,109,19.799928448185046
272,110,22.358094841387167
272,111,25.157806830606493
272,112,27.149089632268666
272,113,30.756718134583554
272,114,33.92681559597893
272,115,37.1367948791622
272,116,40.20860139577845
272,117,43.90376545131918
272,118,45.0002913174343
272,119,48.648664347176016
272,120,49.73604635206209
272,121,53.502767642752815
272,122,55.45579370731269
272,123,52.70344481626161
272,124,51.12541763259964
272,125,47.46034171291178
272,126,44.67586356137729
272,127,45.62811513491614
272,128,44.04897477787996
272,129,43.896429768465474
272,130,43.85923397856398
272,131,41.16466434442228
272,132,38.84946144674788
272,133,39.594166734320105
272,134,38.09889683894702
272,135,39.31741967346751
272,136,42.625429966368145
272,137,44.093946124032435
272,138,43.35899521863698
272,139,40.837070825657584
272,140,39.0931744285857
272,141,36.03166014818697
272,142,35.31646754715895
272,143,35.0112706115686
272,144,38.05068305035791
272,145,41.7240145739651
272,146,44.10881732241757
272,147,47.52929068605814
272,148,50.74655072522004
272,149,54.45535530208319
272,150,55.98872354735465
272,151,59.63226939085505
272,152,60.801396751833074
272,153,59.32858877313815
272,154,56.0428081313432
272,155,56.64653249131561
272,156,55.17331542233313
272,157,52.21758147529307
272,158,51.626057126124444
272,159,49.06443425257186
272,160,47.36595070679103
272,161,44.159966260083245
272,162,43.73751398035674
272,163,40.55891384331671
272,164,41.51377673660509
272,165,37.96916434868026
272,166,36.15761666871575
272,167,33.33672834870115
272,168,33.22188541420234
272,169,33.80620244825282
272,170,32.681510112174564
272,171,35.30927297660639
272,172,34.99114665750842
272,173,38.3803168478683
272,174,40.09171059453461
272,175,43.34121048759539
272,176,44.862053819541956
272,177,46.532195534613294
272,178,49.19801192264046
272,179,50.68668650357403
272,180,54.38533107964045
272,181,56.80150668552382
272,182,57.56273737418943
272,183,53.91185706902741
272,184,53.855259445543865
272,185,57.03112563209801
272,186,56.39001109728688
272,187,53.172166307366815
272,188,53.86885760273362
272,189,57.60987928750907
272,190,57.67822983919359
272,191,58.11375983568985
272,192,55.46738103123874
272,193,52.699598396998894
272,194,50.76891227928864
272,195,47.60771379258205
272,196,47.30400644384129
272,197,44.438757082836055
272,198,44.90947484862248
272,199,43.96232814303771
272,200,45.91022690049836
272,201,43.930787126243
272,202,43.39515066148786
272,203,45.27156679171422
272,204,44.04841789195375
272,205,47.014714685726176
272,206,46.628172103268895
272,207,49.48730000677672
272,208,48.61657770989662
272,209,49.33610747630273
272,210,51.523400214685786
272,211,50.78542730554168
272,212,50.3277424210688
272,213,46.922187823275664
272,214,45.44449253718925
272,215,44.60035600747796
272,216,41.06597787610481
272,217,40.732478661924084
272,218,44.50390433338179
272,219,44.92711468022129
272,220,46.3854986213818
272,221,45.69789949560046
272,222,42.660620080911535
272,223,40.90519265719948
272,224,39.68902195380039
272,225,36.882735228531516
272,226,37.0493596365201
272,227,35.380178259084886
272,228,36.72729702176245
272,229,35.2933592253707
272,230,37.72213877462827
272,231,37.40537484614286
272,232,38.68912651832365
272,233,42.46190982083917
272,234,42.74246745808515
272,235,43.905583020157465
272,236,43.05461583018527
272,237,46.215950326205025
272,238,46.31570649111479
272,239,49.543156574921326
272,240,50.37895474697459
272,241,53.432659561378124
272,242,51.481571617817615
272,243,48.3019950767643
272,244,45.947575391442626
272,245,42.66830642676078
272,246,42.20397637238864
272,247,39.13213512838467
272,248,38.87898984580899
272,249,37.082929694019455
272,250,34.373064862563204
272,251,30.593407856246927
272,252,28.93640177964542
272,253,27.50087285490499
272,254,24.74921472824564
272,255,23.040670192680217
272,256,19.446076228994436
272,257,16.03355692311794
272,258,16.308859280659295
272,259,16.558914020856818
272,260,17.002150775682058
272,261,15.949967822709556
272,262,17.992365686406153
272,263,16.275581482030766
272,264,17.517985809834403
272,265,14.384080768442809
272,266,14.102061665648232
272,267,11.606067420333916
272,268,10.431074887366217
272,269,9.883630409167635
272,270,6.659791113474251
272,271,3.800458042372995
272,273,3.798738079409018
272,274,5.6316554798585585
272,275,7.421156987828644
272,276,10.742147450869965
272,277,13.540092317869702
272,278,13.275206138676996
272,279,9.850015470746095
272,280,6.30847689593314
272,281,7.012297168465568
272,282,6.642304671635972
272,283,8.554382213690685
272,284,11.1608146552904
272,285,13.68053000714796
272,286,15.402724580003973
272,287,16.073421613038395
272,288,14.809429416812481
272,289,17.01409242341054
272,290,14.962263983817362
272,291,15.707089639080179
272,292,17.225208876693
272,293,15.693890836772033
272,294,12.331283691759925
272,295,10.723530547996715
272,296,8.96319787451473
272,297,8.995206928662279
272,298,9.7828953973369
272,299,12.485826283618243
272,300,15.833481747451815
272,301,17.135835734573593
272,302,20.232142836500067
272,303,22.701371577652893
272,304,23.05869985239269
272,305,21.60068193416315
272,306,22.137545607806736
272,307,23.009695926706556
272,308,24.182085345023967
272,309,24.41622341167197
272,310,27.272959036130246
272,311,26.73769562213291
272,312,30.364315523640016
272,313,33.932612927944085
272,314,36.03244129463197
272,315,36.71116837981568
272,316,40.485409325215265
272,317,41.53975922611211
272,318,44.802930165526504
273,1,66.22034742323042
273,2,67.05912316262445
273,3,63.706844204825224
273,4,60.01680952844415
273,5,57.0279467221738
273,6,53.532304879688354
273,7,50.81631601968162
273,8,47.382364909587885
273,9,44.60128433230371
273,10,40.92393510077431
273,11,39.116447159371894
273,12,38.446535378500506
273,13,36.81923863922144
273,14,38.349049750974785
273,15,35.627999571649006
273,16,33.3785595366222
273,17,30.858843505565957
273,18,31.43521091174862
273,19,29.692295702921708
273,20,30.58902013020038
273,21,31.97612633844814
273,22,33.791140493182326
273,23,37.01118567239053
273,24,36.26115789013379
273,25,34.4170905825216
273,26,34.344203941854886
273,27,34.90687957306768
273,28,34.789004013916404
273,29,32.85224226064927
273,30,32.45136808022149
273,31,28.67909706340673
273,32,25.626850765511985
273,33,21.85128638197656
273,34,19.86385502805845
273,35,17.821383593382446
273,36,16.76178254175771
273,37,14.080206732172492
273,38,16.197004148036903
273,39,15.298149808410855
273,40,13.096469453771723
273,41,13.725953894478762
273,42,14.704251439165493
273,43,12.853332327931648
273,44,10.16335491050627
273,45,8.501346364844034
273,46,9.752233187477946
273,47,7.640831684418224
273,48,6.645521299763049
273,49,7.476907241110744
273,50,11.100679086352974
273,51,11.846705107881213
273,52,15.585931345639016
273,53,17.2283014377545
273,54,20.303254943383365
273,55,22.131900442148673
273,56,25.46205826482661
273,57,24.856399519836813
273,58,23.919675124674708
273,59,22.786151953093405
273,60,26.306562926690052
273,61,27.960878975559222
273,62,26.189567932379486
273,63,27.113511995233203
273,64,30.73837196851541
273,65,30.970619391187324
273,66,31.788662650267522
273,67,33.19245640039727
273,68,30.81635344274127
273,69,27.91618210765977
273,70,29.459068725727263
273,71,26.767053892273314
273,72,24.35331562665887
273,73,26.6518625380009
273,74,25.194878787395588
273,75,21.630943501489778
273,76,18.55344292041513
273,77,14.99849738630919
273,78,11.874665905906937
273,79,11.855004155535369
273,80,15.224714077997998
273,81,15.63467036903087
273,82,19.174090419174178
273,83,20.88938671666352
273,84,23.84332457280154
273,85,26.04486867407156
273,86,26.051258163221107
273,87,29.54449856667432
273,88,31.624766484464534
273,89,34.489615603171536
273,90,36.11325878357317
273,91,38.43683263622264
273,92,38.02951627950188
273,93,36.47829830232248
273,94,35.590920615749965
273,95,33.33533587032179
273,96,34.454008380671254
273,97,31.471040436290757
273,98,29.168281255466304
273,99,26.22564996581049
273,100,26.603895536230294
273,101,26.820025265183038
273,102,23.767022013398485
273,103,21.857085015788247
273,104,23.04036520931887
273,105,22.56381368113706
273,106,18.989414693293405
273,107,18.340910316617876
273,108,20.18065805920857
273,109,17.88432852953486
273,110,20.81871330369106
273,111,23.93670754256025
273,112,25.873453521800688
273,113,29.506138076769687
273,114,32.58166718755297
273,115,35.933943631601714
273,116,38.7828061533794
273,117,42.533105234779555
273,118,43.558691764189426
273,119,47.275504965768924
273,120,48.43134866442183
273,121,52.21232714718384
273,122,54.29688707673332
273,123,51.671009723976525
273,124,50.34373609827236
273,125,46.693914895961804
273,126,44.12173493531654
273,127,45.13113493393033
273,128,43.80917825974951
273,129,43.81029311338392
273,130,44.07955242103597
273,131,41.30489493182651
273,132,38.94399953896331
273,133,39.97465286368766
273,134,38.515325656242936
273,135,40.05469378850279
273,136,43.44549808349994
273,137,44.61017317964577
273,138,43.593545890963526
273,139,40.85278721781784
273,140,38.807324147672276
273,141,35.53868518893237
273,142,34.83566635792221
273,143,34.12581770003566
273,144,37.07894362298758
273,145,40.79516880241975
273,146,43.25644401199339
273,147,46.55358665661032
273,148,49.86016426645613
273,149,53.541387672065085
273,150,55.134462837663115
273,151,58.82386707795266
273,152,59.91648454357487
273,153,58.232046964550804
273,154,54.8334003575436
273,155,55.22060697844599
273,156,53.53439807424812
273,157,50.571068668211
273,158,49.764754895161026
273,159,47.210283876222604
273,160,45.322810082983096
273,161,42.14468864596813
273,162,41.49506567206315
273,163,38.22072001193271
273,164,39.154845523971616
273,165,35.60945841634318
273,166,33.55726251953713
273,167,30.766879313289945
273,168,30.661900428299276
273,169,31.552463800950484
273,170,30.56250207014243
273,171,33.414139602427056
273,172,33.3525799265991
273,173,36.84007101220482
273,174,38.68028279618693
273,175,41.9745912514229
273,176,43.768212548913596
273,177,45.46468184638575
273,178,48.33497807182304
273,179,49.95672406539804
273,180,53.64161604292138
273,181,55.902098699191434
273,182,56.85103113562451
273,183,53.238263870892936
273,184,52.92210457834562
273,185,56.099145011603
273,186,55.67679164340846
273,187,52.36944567131827
273,188,52.80870703096419
273,189,56.54335070683065
273,190,56.395334873415884
273,191,56.84789565370917
273,192,54.038354650192055
273,193,51.21379893234243
273,194,49.07010702488021
273,195,45.8446522364579
273,196,45.286622542885866
273,197,42.34005635985783
273,198,42.55944532482542
273,199,41.434669833224234
273,200,43.178456715482056
273,201,41.093304031343955
273,202,40.73716203918153
273,203,42.81023507305959
273,204,41.799270385835975
273,205,44.909623018995084
273,206,44.75972436116488
273,207,47.77143499899525
273,208,47.167821895016
273,209,48.02211930443877
273,210,50.423827130846746
273,211,49.83162710029195
273,212,49.637034575324435
273,213,46.26680526570348
273,214,45.0458369068172
273,215,44.44700090970023
273,216,40.964436694386
273,217,40.892974491026706
273,218,44.64456467885488
273,219,44.749184739464205
273,220,45.96611018316351
273,221,45.062014754629104
273,222,41.844126884706405
273,223,39.89314581221804
273,224,38.36520036043191
273,225,35.4301214110319
273,226,35.249426915087135
273,227,33.37638398689821
273,228,34.47038324900283
273,229,32.82894716705666
273,230,35.209592966000365
273,231,34.66482797983373
273,232,35.985060679695394
273,233,39.76114122067043
273,234,40.09672426788168
273,235,41.488712948625576
273,236,40.82389071310603
273,237,44.060620034014605
273,238,44.383005954156474
273,239,47.643595071171276
273,240,48.68173296142457
273,241,51.86471432449775
273,242,50.11227370181707
273,243,47.040535164223634
273,244,44.580811844191686
273,245,41.4581780199913
273,246,40.85812618099201
273,247,37.739206575745754
273,248,37.6627474449339
273,249,35.613353371604404
273,250,32.657032728723244
273,251,28.867387393823623
273,252,26.977348715544398
273,253,25.175447903690824
273,254,22.20639132970933
273,255,20.118627918798243
273,256,16.45520601665452
273,257,13.00651037970795
273,258,13.887310840961476
273,259,14.347979826462966
273,260,15.480076568889526
273,261,14.927833009240357
273,262,17.565906162589467
273,263,16.609152211635813
273,264,18.59495097099052
273,265,15.977030822032924
273,266,16.25374691284683
273,267,13.848294723466264
273,268,13.449937432338196
273,269,13.058021923375836
273,270,10.158502533261657
273,271,6.89960793531991
273,272,3.798738079409018
273,274,3.823660083587118
273,275,6.795729402625758
273,276,10.346626129492009
273,277,13.635852540178245
273,278,14.152285705896592
273,279,11.244699743648766
273,280,7.827305813279907
273,281,8.06676910469779
273,282,7.478719289629419
273,283,7.68693342606832
273,284,10.858314210789132
273,285,12.99840265461341
273,286,13.817172744482995
273,287,14.704264010484527
273,288,13.928488153358149
273,289,16.516395417000727
273,290,14.889286896260359
273,291,14.984224753413072
273,292,15.678337903161003
273,293,14.114602284909074
273,294,10.40839942534422
273,295,8.230055711744123
273,296,5.590366786736122
273,297,5.462549644223535
273,298,7.222063315182492
273,299,10.487732480420112
273,300,13.590379670746339
273,301,15.390443929502833
273,302,18.75972604970816
273,303,21.640771923264534
273,304,22.354881057089084
273,305,21.51363617319518
273,306,22.089207939237756
273,307,22.562417974866733
273,308,24.004521577024605
273,309,23.950036459429967
273,310,27.008098789230488
273,311,26.66621598500257
273,312,30.40841064850017
273,313,33.84456751872224
273,314,36.007979005917456
273,315,37.066869604280896
273,316,40.872148135797254
273,317,42.255493298901726
273,318,45.631945272561424
274,1,66.53653692879992
274,2,67.37653012748372
274,3,63.94471881668527
274,4,60.25664662133013
274,5,57.12286337009866
274,6,53.70341752194415
274,7,50.799114268931035
274,8,47.37623063196065
274,9,44.433391186162886
274,10,40.72681295069554
274,11,38.887455652434724
274,12,37.89714070292439
274,13,36.16080595653424
274,14,37.440242243307644
274,15,34.461627564582486
274,16,32.181304831752456
274,17,29.38525794772816
274,18,29.633112481982504
274,19,27.885957380818766
274,20,28.580425353578974
274,21,30.141178280396577
274,22,31.841271385494515
274,23,34.98256443404634
274,24,34.17183375555543
274,25,32.09015487136966
274,26,32.24503979212439
274,27,33.1743153190857
274,28,33.284461199926774
274,29,31.70530928429096
274,30,31.63916490007836
274,31,27.881928816433874
274,32,24.6005055544921
274,33,20.84045334542762
274,34,18.309899362170313
274,35,16.127025815728377
274,36,14.387129755085347
274,37,11.638741685112667
274,38,13.321152344792155
274,39,12.716138558148382
274,40,10.691306464610895
274,41,12.067153359564436
274,42,12.549991593823425
274,43,11.416716281514086
274,44,9.000241961555965
274,45,8.853476595199961
274,46,10.857663665801455
274,47,10.001974137133635
274,48,9.637496139773962
274,49,9.297234010822526
274,50,12.423299462708435
274,51,12.088638618273903
274,52,15.501132828899898
274,53,16.550951491110876
274,54,19.262761303525348
274,55,20.957201847913858
274,56,24.060184979899443
274,57,23.53169255179715
274,58,22.315373506708116
274,59,21.515755914075854
274,60,24.925266371853606
274,61,26.699150692933088
274,62,25.41149252143954
274,63,26.40087780346756
274,64,29.880325746090826
274,65,30.340724735185635
274,66,30.857162217480084
274,67,32.52063039947832
274,68,30.06493426007498
274,69,27.28737954249916
274,70,29.269114128947415
274,71,26.862094820594063
274,72,24.359304505486833
274,73,26.891540875087152
274,74,25.80309442548365
274,75,22.209969440113493
274,76,19.281120663963765
274,77,15.521475633270823
274,78,12.367854460080297
274,79,11.260939195468888
274,80,14.24401760039766
274,81,14.049059929129916
274,82,17.222356779970234
274,83,18.752208328134856
274,84,21.34506346887213
274,85,23.90379575100294
274,86,24.120393015847814
274,87,27.641648947568147
274,88,29.912290706735973
274,89,32.99215150696518
274,90,34.75913631569018
274,91,36.938785657833556
274,92,36.19683320697082
274,93,34.65599344061523
274,94,33.569890285014765
274,95,31.409625165295548
274,96,32.37790529434971
274,97,29.342327204675797
274,98,27.069348471858152
274,99,23.977447790371347
274,100,24.724587825129714
274,101,25.29297019012644
274,102,22.09400640112141
274,103,20.207532870897516
274,104,21.95178817253131
274,105,21.734044664016185
274,106,17.997241139957165
274,107,17.636123930327297
274,108,20.06768356570428
274,109,17.994763952884796
274,110,21.16253408821044
274,111,24.06968092433289
274,112,26.464651710101453
274,113,29.911557216736014
274,114,33.19229517355486
274,115,36.39911718129198
274,116,39.215194302267435
274,117,42.947239648367926
274,118,43.650815978570186
274,119,47.32995218658507
274,120,48.206995807058014
274,121,52.000912714744736
274,122,53.907421166243985
274,123,51.15489316037872
274,124,49.852512238466794
274,125,46.29318084661537
274,126,43.684269155921065
274,127,44.38850585824791
274,128,42.946625809760036
274,129,42.679593840296604
274,130,42.87263061577502
274,131,39.88834901349758
274,132,37.802751053851225
274,133,39.07160637993514
274,134,37.957820119322996
274,135,39.64177632810513
274,136,42.889909721304065
274,137,43.98103493221324
274,138,42.79006150234854
274,139,40.14745706042018
274,140,37.99581172452378
274,141,34.77520049403192
274,142,34.47967746822216
274,143,33.77717194991959
274,144,36.4701668298726
274,145,40.247840994370144
274,146,42.45039665795835
274,147,45.81139981142762
274,148,48.98884207358799
274,149,52.71223780385511
274,150,54.535338440354195
274,151,58.20678156119695
274,152,59.077553005877306
274,153,57.40611864163259
274,154,53.98683256805093
274,155,54.485514492405
274,156,52.75349475535239
274,157,49.970659169341175
274,158,49.3024280751862
274,159,46.97861307567208
274,160,45.24358940782775
274,161,42.25970376511112
274,162,41.778176048443065
274,163,38.644968673351556
274,164,39.917791271398514
274,165,36.52812346145962
274,166,34.534859604196804
274,167,31.49542928408897
274,168,30.939386786354863
274,169,31.67418767425054
274,170,30.286384945327107
274,171,32.96441408934777
274,172,32.589840847539946
274,173,35.92184653865257
274,174,37.453578770086544
274,175,40.56826034117922
274,176,42.27257902694918
274,177,43.69462095924649
274,178,46.563817591561374
274,179,47.9771160440406
274,180,51.71560354450983
274,181,54.087475392343755
274,182,55.18007777292472
274,183,51.63874402967496
274,184,51.36451822396118
274,185,54.671473775067824
274,186,54.37057688195384
274,187,51.16940011434003
274,188,51.6330140111752
274,189,55.312543540646544
274,190,55.06116411551044
274,191,55.276720243184315
274,192,52.43953147355095
274,193,49.787655360733915
274,194,47.70627496544887
274,195,44.63746886152679
274,196,44.20047134171007
274,197,41.45620122586404
274,198,41.80558223533225
274,199,40.92261082884728
274,200,42.7265619884644
274,201,40.4167587268551
274,202,39.80420769280298
274,203,41.72808363753445
274,204,40.51442316949894
274,205,43.504295987865184
274,206,43.17389520902425
274,207,46.071638306193876
274,208,45.40993250276464
274,209,46.02040977702099
274,210,48.42352000974625
274,211,47.6258003900997
274,212,47.36115472784744
274,213,43.89580141506681
274,214,42.56986108792789
274,215,42.14899709970197
274,216,38.78206953024761
274,217,38.949485307325546
274,218,42.7162293807172
274,219,42.826149295022795
274,220,43.873162254944226
274,221,43.15622450793161
274,222,39.9739001826413
274,223,38.2412408046926
274,224,36.64851886046844
274,225,33.93595583229677
274,226,33.89464855624674
274,227,32.32560878543753
274,228,33.68365656076624
274,229,32.34667749427422
274,230,35.03661782013637
274,231,34.72265492358897
274,232,36.42054539494058
274,233,40.16241016990299
274,234,40.15909385636415
274,235,41.46351049127781
274,236,40.57108537498985
274,237,43.63817341866248
274,238,43.776381105176284
274,239,46.86693025161064
274,240,47.726341556160904
274,241,50.82513384536077
274,242,48.95732330454901
274,243,45.76973747100388
274,244,43.53156843791912
274,245,40.48492609166682
274,246,40.1950310833645
274,247,37.298113995715596
274,248,37.56487081653143
274,249,35.70474725251618
274,250,32.73711700429553
274,251,28.968800647328997
274,252,27.424996610064575
274,253,25.406138530586453
274,254,22.70503537139277
274,255,20.479365184563722
274,256,17.024328557766236
274,257,13.314587462507571
274,258,13.738275211247787
274,259,13.177271398315082
274,260,13.741724268865772
274,261,12.500909274911212
274,262,14.854726336264392
274,263,13.910396589279632
274,264,16.15996755954603
274,265,13.814447639089732
274,266,14.926822131073118
274,267,13.314407397261906
274,268,13.630002349939957
274,269,14.282266738934059
274,270,11.712882458379397
274,271,9.29668935903885
274,272,5.6316554798585585
274,273,3.823660083587118
274,275,3.808481731418305
274,276,6.814518705963635
274,277,10.393094943103508
274,278,10.960804510696425
274,279,8.67540186701209
274,280,5.680278279209806
274,281,5.7765609438932515
274,282,6.6380838403560505
274,283,7.036498405984064
274,284,10.76709191595972
274,285,11.86579384464755
274,286,12.381602038317945
274,287,12.33201951038352
274,288,10.91263209577047
274,289,13.111440528601388
274,290,11.299866408402014
274,291,11.166987418915847
274,292,11.97625479126656
274,293,10.536923032717114
274,294,6.964714519117366
274,295,5.819944184589786
274,296,4.751997925228323
274,297,5.225881973796816
274,298,4.973501694037146
274,299,8.237277498237344
274,300,10.962434405061053
274,301,12.119933515680252
274,302,15.559787854091768
274,303,18.23762323563595
274,304,19.22783222902926
274,305,18.453541088765682
274,306,19.489203176436448
274,307,20.310292081382535
274,308,22.217721632458773
274,309,22.632823682266213
274,310,25.95575847506846
274,311,26.131906975923204
274,312,29.903263456704593
274,313,33.197001368614266
274,314,35.02163559597825
274,315,36.06714375465084
274,316,39.84739536261783
274,317,41.26033624284803
274,318,44.75430819943633
275,1,69.32286712535728
275,2,70.25459389663483
275,3,66.81607557547913
275,4,63.112671113519845
275,5,59.92106249923123
275,6,56.58059627142465
275,7,53.58158195999674
275,8,50.22285096243687
275,9,47.15420282688651
275,10,43.420254251273036
275,11,41.43665112188141
275,12,40.18082176678693
275,13,38.21800296560808
275,14,39.17902808433724
275,15,36.03136378370725
275,16,33.94316659265983
275,17,31.04298870812708
275,18,31.163277673902325
275,19,29.61842995163949
275,20,30.252098989225136
275,21,32.058369195295924
275,22,33.6848196537898
275,23,36.68802469297273
275,24,35.74051025625437
275,25,33.359374147901775
275,26,33.64177557232963
275,27,34.91335086654863
275,28,35.07852082067004
275,29,33.822571227557034
275,30,33.86078265758059
275,31,30.12262693316637
275,32,26.81380365691976
275,33,23.104052573462262
275,34,20.22087663408161
275,35,18.253310986138846
275,36,15.850754232988873
275,37,12.845892877728751
275,38,13.477769288110943
275,39,12.44721394818964
275,40,9.863839055271857
275,41,10.952051458756799
275,42,10.305538860935286
275,43,9.1083901862155
275,44,6.494717614161866
275,45,7.793756411134982
275,46,9.80061617770826
275,47,10.323377615920299
275,48,10.687839528452502
275,49,9.375745047718695
275,50,11.54372424558144
275,51,10.091690886974664
275,52,13.033154574670121
275,53,13.498943887435983
275,54,15.979838834182042
275,55,17.512737699980608
275,56,20.500160404913423
275,57,20.10728986620026
275,58,18.942793634588114
275,59,18.52328556584909
275,60,21.955332400931646
275,61,23.540126794529762
275,62,22.505359614065547
275,63,23.77107982835261
275,64,27.082459185273528
275,65,27.478253358751715
275,66,27.700336132194376
275,67,29.393886682631905
275,68,26.833270598924347
275,69,24.216438798971236
275,70,26.48238635320329
275,71,24.236858358071757
275,72,21.82039557554705
275,73,24.615220539166042
275,74,23.98294331517399
275,75,20.352033933675724
275,76,17.813431419758608
275,77,14.038789960679697
275,78,11.389577386171071
275,79,9.209076902839117
275,80,11.490326747662337
275,81,10.649651629638718
275,82,13.626551219474658
275,83,14.983018799346228
275,84,17.5390476063316
275,85,20.117164681932415
275,86,20.403967638754924
275,87,23.95639607052915
275,88,26.35143844242643
275,89,29.453968957719216
275,90,31.36398290376575
275,91,33.58082988102387
275,92,32.77819823642779
275,93,31.409544225818756
275,94,30.44532299516346
275,95,28.527590532319284
275,96,29.702714203475203
275,97,26.866941465495884
275,98,24.331021516671182
275,99,21.423580193454626
275,100,22.59673439547298
275,101,23.016368647759354
275,102,19.576411992458176
275,103,18.169541016787008
275,104,20.294180721000046
275,105,19.787723795286016
275,106,15.982200835217887
275,107,16.361476983381646
275,108,18.928214565487234
275,109,16.667321891004473
275,110,19.667676704799373
275,111,22.167801724117226
275,112,24.92537559507347
275,113,28.177455151588823
275,114,31.655285419968482
275,115,34.64102911459004
275,116,37.55739574864851
275,117,41.22508818898225
275,118,41.73670648708628
275,119,45.33451720721898
275,120,45.98088426614904
275,121,49.766247434476526
275,122,51.47985635484136
275,123,48.58471478837821
275,124,47.16692570594423
275,125,43.661030981742506
275,126,40.93588006123518
275,127,41.43759324051889
275,128,39.830443074820394
275,129,39.37699213834432
275,130,39.44421674832481
275,131,36.396686501428576
275,132,34.4456688334513
275,133,35.75544596194095
275,134,34.827213790566105
275,135,36.53112802287474
275,136,39.67336109433268
275,137,40.771514462552034
275,138,39.55403874127171
275,139,37.03402871424677
275,140,34.934271711006424
275,141,31.833586469499952
275,142,31.779442087187842
275,143,31.27740304473484
275,144,33.846701265997325
275,145,37.625938906493865
275,146,39.637587473605656
275,147,43.09230845312583
275,148,46.14900593178534
275,149,49.903877317674436
275,150,51.817439792761824
275,151,55.451099942536636
275,152,56.242287867925704
275,153,54.69480036563406
275,154,51.33518601984393
275,155,52.02749690876934
275,156,50.42085038469213
275,157,47.74516949451622
275,158,47.31850400419119
275,159,45.134771932412384
275,160,43.656300270667074
275,161,40.7915874970235
275,162,40.63089893096092
275,163,37.706509754205925
275,164,39.26671321554322
275,165,36.027063951356396
275,166,34.345750093233335
275,167,31.07479082508916
275,168,30.159107050649286
275,169,30.473070648365322
275,170,28.707399642835533
275,171,31.071764264380196
275,172,30.3209143652118
275,173,33.48659830776684
275,174,34.778229581553674
275,175,37.782372073163856
275,176,39.27865663643756
275,177,40.59284482523217
275,178,43.346286164482464
275,179,44.637068938684806
275,180,48.39508384158021
275,181,50.87559592319568
275,182,51.91440940920302
275,183,48.378879927969294
275,184,48.25106748845141
275,185,51.60271318560213
275,186,51.23804139260093
275,187,48.128144267486384
275,188,48.740358983296126
275,189,52.396704920018365
275,190,52.23316949046677
275,191,52.351825182105635
275,192,49.614700762933715
275,193,47.06385980756898
275,194,45.16371481964078
275,195,42.212136027906816
275,196,42.037116464369745
275,197,39.465178417308245
275,198,40.11307287917953
275,199,39.542694214891746
275,200,41.599552446080935
275,201,39.310308162248596
275,202,38.365390671942
275,203,39.99982261573443
275,204,38.49459594752476
275,205,41.29592328807938
275,206,40.69840243991069
275,207,43.433461914172824
275,208,42.55673451102176
275,209,43.01504480631813
275,210,45.28128466816206
275,211,44.3621266115702
275,212,43.94995167869911
275,213,40.45612684234263
275,214,39.0101455468255
275,215,38.51290376717307
275,216,35.14246546215674
275,217,35.28381507996138
275,218,39.0599054813283
275,219,39.26719879875309
275,220,40.36780859403863
275,221,39.78838247443229
275,222,36.70541066727188
275,223,35.14791604769383
275,224,33.730631300896405
275,225,31.1884689055881
275,226,31.466545814392916
275,227,30.207467705345856
275,228,31.919461367628998
275,229,30.96189851326505
275,230,33.871144550780954
275,231,33.96222382867454
275,232,35.883308398062674
275,233,39.577353968529025
275,234,39.26597550767811
275,235,40.26635461886924
275,236,39.05301010806528
275,237,41.938377650385185
275,238,41.78140081034474
275,239,44.74641669509434
275,240,45.358126355292946
275,241,48.31832374192921
275,242,46.26579164558304
275,243,42.96317301897904
275,244,40.894894418547594
275,245,37.79168739444611
275,246,37.75200960815583
275,247,35.02479222470161
275,248,35.40007177890556
275,249,33.84027984473204
275,250,31.054228327467232
275,251,27.334856606063557
275,252,26.244073993340486
275,253,24.40623794606167
275,254,22.158177277357986
275,255,20.3074367036532
275,256,17.170456248824575
275,257,13.457628880132688
275,258,12.838065923690234
275,259,11.489610080964347
275,260,11.092811210404218
275,261,9.239694555177902
275,262,11.23105985848478
275,263,10.112914144684495
275,264,12.445129904280437
275,265,10.390643892296977
275,266,11.87969143290798
275,267,10.771209980571207
275,268,11.995684060769428
275,269,13.543995304335647
275,270,11.847980593214983
275,271,10.466203051547959
275,272,7.421156987828644
275,273,6.795729402625758
275,274,3.808481731418305
275,276,3.808620176412047
275,277,6.8659383607626046
275,278,8.035299313157777
275,279,5.8840162105892
275,280,4.395667036795724
275,281,6.442641834916596
275,282,8.99531804567342
275,283,10.263577304926951
275,284,13.925818836701009
275,285,14.600385820788098
275,286,15.098020807233997
275,287,14.197498374285512
275,288,11.900276209187934
275,289,13.048495718392948
275,290,10.355483261142396
275,291,9.607195327288512
275,292,10.832164838634219
275,293,8.586261440884543
275,294,5.6697263741488655
275,295,5.126170147027793
275,296,6.417203680760807
275,297,8.428024764381705
275,298,7.667878687993173
275,299,10.581896825066305
275,300,12.552630142870608
275,301,12.643476724000434
275,302,16.08346513603501
275,303,18.212822521163723
275,304,19.624666454928054
275,305,18.68125350218221
275,306,20.37498707608615
275,307,21.783666024613463
275,308,24.024039499962576
275,309,24.94244603246812
275,310,28.361452551019802
275,311,28.815775471652156
275,312,32.539549310388345
275,313,35.77413280251661
275,314,37.32727238439694
275,315,38.19705992215657
275,316,41.92812834295278
275,317,43.195758487582935
275,318,46.710523058285084
276,1,69.78804167901569
276,2,70.73754061041161
276,3,67.24730996156688
276,4,63.56013516808904
276,5,60.25415870786875
276,6,57.01586174837971
276,7,53.86263962821564
276,8,50.55638734622752
276,9,47.354524606990786
276,10,43.63025817068956
276,11,41.61149958323367
276,12,40.053112810750456
276,13,37.98299267752125
276,14,38.6556213892791
276,15,35.30447100113282
276,16,33.268203665145165
276,17,30.173990563171298
276,18,29.985317985450305
276,19,28.538039751680564
276,20,28.990665859292143
276,21,30.989137655496364
276,22,32.49889709152119
276,23,35.32800038429648
276,24,34.28149006907505
276,25,31.65280969694383
276,26,32.138655770916664
276,27,33.779341254924866
276,28,34.13550093629776
276,29,33.2781822325759
276,30,33.61078018775137
276,31,29.97381394921874
276,32,26.568907158416877
276,33,23.023149340857866
276,34,19.751669548999462
276,35,17.871126258139846
276,36,14.868658334535544
276,37,12.030030538331427
276,38,11.744395651676701
276,39,11.028030802800851
276,40,8.900513857131122
276,41,10.684769652977213
276,42,9.256611840333546
276,43,9.327550272011086
276,44,7.848212361179993
276,45,10.400371308485822
276,46,12.704167747801668
276,47,13.848084078661907
276,48,14.442428157239673
276,49,12.89130165592069
276,50,14.564927280026543
276,51,12.422442457248021
276,52,14.643080282216367
276,53,14.301831227330545
276,54,16.151150419362935
276,55,17.319303160055956
276,56,19.893086418742573
276,57,19.704440791176058
276,58,18.311288788632883
276,59,18.432508366024045
276,60,21.596001333883926
276,61,23.197557240853904
276,62,22.77651980745589
276,63,24.137406554762354
276,64,27.161022343841115
276,65,27.749963303711013
276,66,27.576914432609687
276,67,29.48081782639531
276,68,26.85143711799552
276,69,24.501273515336734
276,70,27.191417166913407
276,71,25.293431669330758
276,72,22.934021083140692
276,73,25.897612565404202
276,74,25.684291366837492
276,75,22.161557814286596
276,76,19.930566990945557
276,77,16.25766165719335
276,78,13.904184573386544
276,79,11.019554828626102
276,80,12.377790121047319
276,81,10.679496640265901
276,82,12.75455009132693
276,83,13.605018232525582
276,84,15.483360489287078
276,85,18.47146997924704
276,86,19.120829012145325
276,87,22.63843068570512
276,88,25.273400646425817
276,89,28.553674620075945
276,90,30.64902885124823
276,91,32.69683595214333
276,92,31.51798345232838
276,93,30.23849256892417
276,94,29.092657720390264
276,95,27.383291645600128
276,96,28.402976742421565
276,97,25.599780812972394
276,98,23.1049201474268
276,99,20.136122705833174
276,100,21.818573087003823
276,101,22.60986863428147
276,102,19.090368428422256
276,103,17.882015628008215
276,104,20.58688024606516
276,105,20.33510721470546
276,106,16.584975323064487
276,107,17.338158994745438
276,108,20.316098319800723
276,109,18.37279350601309
276,110,21.379393606798857
276,111,23.528168138312555
276,112,26.629902469645767
276,113,29.606469604777114
276,114,33.20752703655064
276,115,35.98198938901371
276,116,38.838974955620394
276,117,42.431736904968126
276,118,42.62306030228647
276,119,46.13331558852003
276,120,46.47919679760786
276,121,50.23972591404621
276,122,51.738151447886544
276,123,48.719654845032686
276,124,47.31198793107878
276,125,43.93745316911021
276,126,41.18030686516644
276,127,41.336395133505896
276,128,39.58236915795723
276,129,38.80966572748207
276,130,38.74608916074498
276,131,35.500281497473566
276,132,33.908044670645786
276,133,35.43468280331781
276,134,34.907755390806095
276,135,36.702925562365856
276,136,39.63181359684347
276,137,40.67386043184997
276,138,39.31344800308036
276,139,36.96662284558781
276,140,34.819924634384385
276,141,31.85731659319781
276,142,32.25340916066692
276,143,31.819368384304298
276,144,34.06545130906142
276,145,37.843329925684905
276,146,39.534168112729745
276,147,43.032622806865255
276,148,45.90532943919769
276,149,49.67639317156411
276,150,51.8152536308273
276,151,55.397479222266746
276,152,55.95443782173926
276,153,54.456984795256936
276,154,51.11351290880371
276,155,51.94611641716042
276,156,50.32857429208739
276,157,47.869793645233635
276,158,47.61657694458569
276,159,45.69376191754071
276,160,44.406627737454905
276,161,41.769665826014084
276,162,41.79660750702045
276,163,39.05704200065094
276,164,40.91335623870464
276,165,37.861200651580184
276,166,36.27115807395051
276,167,32.838705618916194
276,168,31.528364542743475
276,169,31.660810517663293
276,170,29.528027961713793
276,171,31.629395356747796
276,172,30.527740064299294
276,173,33.443327328571264
276,174,34.347456278282294
276,175,37.095725379463126
276,176,38.431781951103204
276,177,39.407822449013146
276,178,42.10520200456725
276,179,43.1214276110711
276,180,46.919870266065054
276,181,49.53649993707109
276,182,50.70771333883277
276,183,47.27136861612566
276,184,47.22811988001302
276,185,50.70317698096253
276,186,50.44828370895677
276,187,47.492235004584934
276,188,48.160150458386404
276,189,51.7288959491193
276,190,51.47981839505216
276,191,51.330618359071714
276,192,48.60276478717119
276,193,46.273783378561944
276,194,44.48873703623293
276,195,41.75060941337773
276,196,41.74370146174561
276,197,39.43457470039867
276,198,40.24226318167854
276,199,39.9524877997843
276,200,42.063749327405
276,201,39.58505385163444
276,202,38.36441022808978
276,203,39.79164351576454
276,204,38.05729969433272
276,205,40.669444655439754
276,206,39.84210772742641
276,207,42.397116037637886
276,208,41.42318141427189
276,209,41.57279249337295
276,210,43.79147985219472
276,211,42.61339123482617
276,212,42.07934286059131
276,213,38.48615267543275
276,214,36.87796965064505
276,215,36.56620463819266
276,216,33.35913567423735
276,217,33.75663652156462
276,218,37.51886416673293
276,219,37.77864834230769
276,220,38.70085630125746
276,221,38.38514696358658
276,222,35.40363770225804
276,223,34.157225655956836
276,224,32.73084616888974
276,225,30.516095375213027
276,226,31.003659950301632
276,227,30.145736431125197
276,228,32.14209390342474
276,229,31.551121587164232
276,230,34.7190248553011
276,231,35.055416413876266
276,232,37.29930931686169
276,233,40.90587853797093
276,234,40.26894133317315
276,235,41.1491836308137
276,236,39.70590421084359
276,237,42.36975890804653
276,238,41.9972839564366
276,239,44.7431014538761
276,240,45.131333376456226
276,241,47.9559842694702
276,242,45.76987019734233
276,243,42.35596292458923
276,244,40.57251018254145
276,245,37.574055092925974
276,246,37.89313378525598
276,247,35.454440305942796
276,248,36.163184296141
276,249,34.85206896191599
276,250,32.13724901900044
276,251,28.53456078574146
276,252,27.83020259859484
276,253,25.876892242819398
276,254,23.971565888315187
276,255,22.098807528122045
276,256,19.302135736766793
276,257,15.662883522964272
276,258,14.686224258727343
276,259,12.41793917517484
276,260,11.170788205904618
276,261,8.305679427381579
276,262,9.314803870746024
276,263,8.075825014455202
276,264,10.611219892728336
276,265,9.183497986821669
276,266,11.785750519632094
276,267,11.897162780166395
276,268,13.663418368213526
276,269,15.956248791633092
276,270,14.593843181858649
276,271,13.767805642340578
276,272,10.742147450869965
276,273,10.346626129492009
276,274,6.814518705963635
276,275,3.808620176412047
276,277,3.8229957425475667
276,278,5.190705811240804
276,279,5.039648762559302
276,280,5.724424731532224
276,281,7.222040651300994
276,282,10.551554095877771
276,283,11.858992449133922
276,284,15.339851316637159
276,285,15.147011653694532
276,286,15.425615769455337
276,287,13.595428583023523
276,288,10.617527412833644
276,289,10.70701018250108
276,290,7.582408842285223
276,291,6.283681738000327
276,292,8.07665353186839
276,293,6.001221405998703
276,294,4.718614651599941
276,295,6.560372524634008
276,296,9.109585913764692
276,297,10.885211707981076
276,298,8.95798012007524
276,299,10.878705237528667
276,300,11.991338009584442
276,301,10.945442337745073
276,302,14.082507438461475
276,303,15.628040397248654
276,304,17.350547045868662
276,305,16.41824546606266
276,306,18.683822799532173
276,307,20.532732484399578
276,308,23.157767534927377
276,309,24.571217569238254
276,310,28.10717364223074
276,311,29.020918951822406
276,312,32.66491395226093
276,313,35.71217250213827
276,314,36.8992143450135
276,315,37.69579836471885
276,316,41.340881283280886
276,317,42.58277242170544
276,318,46.16036782260213
277,1,72.52929008013929
277,2,73.57634118457891
277,3,70.09657268524882
277,4,66.40282126741019
277,5,63.06142690120372
277,6,59.911386712954474
277,7,56.69161883238043
277,8,53.468315074659834
277,9,50.16918571303706
277,10,46.44220374788307
277,11,44.29145545288633
277,12,42.513194243041966
277,13,40.246040397102
277,14,40.61326267346336
277,15,37.16321910910066
277,16,35.36117829268851
277,17,32.255462209034
277,18,31.995709183542278
277,19,30.80142095165437
277,20,31.23822707233859
277,21,33.44242241463203
277,22,34.90033798426911
277,23,37.53904702828402
277,24,36.34761689029878
277,25,33.47823057522368
277,26,34.031536472279335
277,27,35.94035837465191
277,28,36.3008070787171
277,29,35.73451411169723
277,30,36.115518683542135
277,31,32.54811949517765
277,32,29.212185931442626
277,33,25.788276986930804
277,34,22.37697000639636
277,35,20.800330153395073
277,36,17.494042150041853
277,37,14.654208789142334
277,38,13.467143841905255
277,39,12.365944585615162
277,40,10.071185828648838
277,41,11.249407432814245
277,42,8.600095107505682
277,43,8.985765621017151
277,44,8.17544098609144
277,45,11.599951058310184
277,46,13.626562793976785
277,47,15.654461689416237
277,48,16.687470266683338
277,49,14.774989537603213
277,50,15.576799341667321
277,51,12.66470518195318
277,52,13.98387156582455
277,53,12.7439901754302
277,54,14.013396438253816
277,55,14.702878861623253
277,56,16.94340381240708
277,57,17.08175648831972
277,58,15.838055096177717
277,59,16.639162187974375
277,60,19.657026430664267
277,61,20.91342684342547
277,62,20.913723072957648
277,63,22.61750254799163
277,64,25.30433536622276
277,65,25.781821219130425
277,66,25.17240659822476
277,67,27.060055227133663
277,68,24.3080759681827
277,69,22.29787709932819
277,70,25.30897808199724
277,71,23.665095614610433
277,72,21.55379096475801
277,73,24.742099930305407
277,74,25.0803654528389
277,75,21.665948440284815
277,76,20.002053921735644
277,77,16.60660764970186
277,78,14.992782517962546
277,79,11.511734641016405
277,80,11.647772630844342
277,81,8.990344293818792
277,82,10.142712579691674
277,83,10.318095461746113
277,84,11.814996438875838
277,85,14.892683133378899
277,86,15.826556788194901
277,87,19.349360335904503
277,88,22.21002292647561
277,89,25.4824969656508
277,90,27.802477557036877
277,91,29.880288482005582
277,92,28.597207586760746
277,93,27.60308663961781
277,94,26.630720038153868
277,95,25.31663813120194
277,96,26.5730155076891
277,97,24.098859829164965
277,98,21.33350700647569
277,99,18.71564095874038
277,100,20.945338565082025
277,101,21.558955138391724
277,102,17.887296699719304
277,103,17.386967053535642
277,104,20.419843021917067
277,105,19.865013096005036
277,106,16.299182052137997
277,107,17.82550513511707
277,108,20.746714932886707
277,109,18.732503602663922
277,110,21.364916759890377
277,111,22.950613704718844
277,112,26.324114879425313
277,113,28.99685963554995
277,114,32.72174171176277
277,115,35.19522045371754
277,116,38.12180340215203
277,117,41.58947555638039
277,118,41.572107437769475
277,119,44.946835616165295
277,120,45.02426921310231
277,121,48.73856392931526
277,122,49.99543162460452
277,123,46.82726982532499
277,124,45.28243577081473
277,125,42.00582127928907
277,126,39.12597761570864
277,127,39.01660027716867
277,128,37.048357003677424
277,129,36.011652574429284
277,130,35.7462801136155
277,131,32.43180372417494
277,132,31.074109249881705
277,133,32.626692230945025
277,134,32.37004926737912
277,135,34.13685931311042
277,136,36.87779849241878
277,137,37.9500826896415
277,138,36.58918666623368
277,139,34.454181766663254
277,140,32.42373508724604
277,141,29.685320036924036
277,142,30.397454795100057
277,143,30.243969847879473
277,144,32.28849789511881
277,145,36.005805722032775
277,146,37.425697901414225
277,147,41.0077073444847
277,148,43.696179043454485
277,149,47.4778679822821
277,150,49.71268664191194
277,151,53.22336956237264
277,152,53.68072808848267
277,153,52.35047166173811
277,154,49.10497298607078
277,155,50.170672260107295
277,156,48.71729673734097
277,157,46.40858154897213
277,158,46.4407158278731
277,159,44.69698327187359
277,160,43.711665511616815
277,161,41.236104933958984
277,162,41.605276321556374
277,163,39.12073726886836
277,164,41.23073956316855
277,165,38.36631619641511
277,166,37.103491033071926
277,167,33.52315157291448
277,168,31.90239489040999
277,169,31.600267689999278
277,170,29.116755380746937
277,171,30.80641188434477
277,172,29.27633948219033
277,173,31.917050167497592
277,174,32.485703219622806
277,175,35.038744987194875
277,176,36.07581571159868
277,177,36.87493698357862
277,178,39.38883096876658
277,179,40.207010421444686
277,180,44.01703077191252
277,181,46.779135077451905
277,182,47.878609977468805
277,183,44.47149514821128
277,184,44.6321234772698
277,185,48.150844106612006
277,186,47.813904462221515
277,187,45.00189377504957
277,188,45.86270233946334
277,189,49.37621631921799
277,190,49.23882028699918
277,191,48.95682530707638
277,192,46.372858394217154
277,193,44.19889756376782
277,194,42.658825481832174
277,195,40.10101130782866
277,196,40.41352958120365
277,197,38.34394657035685
277,198,39.483332498809915
277,199,39.545811384876835
277,200,41.89759440517768
277,201,39.47244885635615
277,202,37.908536138577034
277,203,38.98832494492292
277,204,36.936536946557126
277,205,39.28352830065892
277,206,38.13148486181145
277,207,40.44743521775333
277,208,39.20426614669002
277,209,39.12932696212814
277,210,41.147249716590885
277,211,39.78587606754166
277,212,39.033543165877376
277,213,35.40298115467687
277,214,33.5960966283792
277,215,33.18904892139877
277,216,30.01046089325128
277,217,30.381615471861647
277,218,34.13974137557071
277,219,34.56706385434513
277,220,35.55359838576758
277,221,35.468993957254284
277,222,32.66457673165074
277,223,31.704832660090926
277,224,30.53683160492159
277,225,28.612743357218065
277,226,29.514348958796226
277,227,29.076196418087672
277,228,31.44854680166273
277,229,31.29917645626908
277,230,34.63325869774001
277,231,35.379340439322924
277,232,37.79827042189725
277,233,41.30383334842272
277,234,40.37030311291221
277,235,40.92061855319886
277,236,39.15305837348721
277,237,41.577574634445874
277,238,40.87209281439901
277,239,43.43660622326491
277,240,43.52245083315211
277,241,46.15008877175363
277,242,43.75050194101616
277,243,40.217827648887976
277,244,38.67914621582057
277,245,35.648395114233736
277,246,36.28524497661259
277,247,34.09644172255293
277,248,34.917270579396785
277,249,33.9832015449799
277,250,31.53706143633075
277,251,28.08503878366812
277,252,27.885137116841157
277,253,26.19228783285645
277,254,24.794608345694716
277,255,23.346623345173327
277,256,20.938179157115204
277,257,17.522313884080802
277,258,15.783286202926309
277,259,12.995828052666925
277,260,10.659953948894522
277,261,7.066558977155623
277,262,6.51933924132594
277,263,4.602264944502101
277,264,7.1478869875357764
277,265,6.6794253695174755
277,266,9.983052698358554
277,267,11.131357446798026
277,268,13.652487188179911
277,269,16.606310321657595
277,270,16.05826973099259
277,271,16.01035242932176
277,272,13.540092317869702
277,273,13.635852540178245
277,274,10.393094943103508
277,275,6.8659383607626046
277,276,3.8229957425475667
277,278,3.807396828969653
277,279,5.285995696205922
277,280,7.957927133884134
277,281,10.137260073685146
277,282,13.794318440891661
277,283,15.50678088511603
277,284,18.848132880295676
277,285,18.54539734961934
277,286,18.90461829559539
277,287,16.69718969587871
277,288,13.378804061305967
277,289,12.4831243985078
277,290,8.939787141851186
277,291,7.273450586362069
277,292,9.371595022442573
277,293,6.974335974103653
277,294,7.460509873944992
277,295,9.30613925975277
277,296,12.353772042904033
277,297,14.561090364777199
277,298,12.74222841368979
277,299,14.462393164082663
277,300,15.146529142219476
277,301,13.419460106577215
277,302,16.148679957689673
277,303,16.95964088605368
277,304,18.92312734092483
277,305,17.810213345537047
277,306,20.550086680166633
277,307,22.858320162137908
277,308,25.623354302980463
277,309,27.412849889463693
277,310,30.925022263046106
277,311,32.00874688555748
277,312,35.557020703624396
277,313,38.5367009119023
277,314,39.48370586926384
277,315,40.08478239099287
277,316,43.64345973782297
277,317,44.71333901562993
277,318,48.265065773208136
278,1,69.8594967217
278,2,71.03795788335843
278,3,67.60071787283132
278,4,63.89012005588647
278,5,60.552373187852176
278,6,57.49336953991348
278,7,54.249852257630955
278,8,51.14113149175305
278,9,47.753975706943415
278,10,44.01636731385202
278,11,41.67996971291015
278,12,39.75333051176902
278,13,37.29914114603092
278,14,37.47981777202405
278,15,34.034647788962765
278,16,32.460322889013646
278,17,29.48235549566012
278,18,29.443359559122502
278,19,28.6050243601705
278,20,29.391278258928907
278,21,31.900178895827796
278,22,33.679203739263386
278,23,36.10320188215563
278,24,34.57620114229263
278,25,31.57323785598642
278,26,31.804984801061952
278,27,33.66480007577575
278,28,33.76023193683285
278,29,33.272694711622655
278,30,33.49078696422122
278,31,29.962220691679676
278,32,26.797056975971753
278,33,23.46707162259558
278,34,20.08242257249505
278,35,19.067921558753092
278,36,15.697248741094604
278,37,12.583493501674681
278,38,10.829992450726678
278,39,9.123491243975964
278,40,6.8264103290422
278,41,8.115553467130518
278,42,5.5312617853609725
278,43,7.307527802662193
278,44,8.057452431745412
278,45,11.456751598746218
278,46,14.28786748798076
278,47,16.271777749766294
278,48,17.63635680443635
278,49,16.478698354607406
278,50,17.599276742410748
278,51,14.79848198630835
278,52,16.423438941496578
278,53,14.8902502903016
278,54,16.529861714134515
278,55,16.556669115812024
278,56,18.966420931116154
278,57,19.720676193290352
278,58,18.946593798308484
278,59,20.05700883743814
278,60,23.125735624004975
278,61,24.075713431661942
278,62,24.048117057436556
278,63,26.023575058868143
278,64,28.6398141034923
278,65,28.84981011751282
278,66,28.01106132720858
278,67,29.59993831298322
278,68,26.576426904043853
278,69,24.88114574398725
278,70,27.89590934147926
278,71,26.00719557155823
278,72,24.255388200111582
278,73,27.62211779771767
278,74,28.04619374787624
278,75,24.506017545882006
278,76,22.909920144056475
278,77,19.4611401166487
278,78,17.79842952917526
278,79,14.539145008996362
278,80,14.884609150812466
278,81,12.029248246001764
278,82,13.165154156474497
278,83,12.499882454770622
278,84,13.586475421210434
278,85,16.352833959348295
278,86,17.998808558754334
278,87,21.613813924462516
278,88,24.775814940429676
278,89,27.86775101678064
278,90,30.481194730893137
278,91,32.722851888268885
278,92,31.451186814370224
278,93,30.73829281609075
278,94,29.897836510248283
278,95,28.804899731797857
278,96,30.091767176256756
278,97,27.68922705410197
278,98,24.92435379155896
278,99,22.357260128517545
278,100,24.68774663753077
278,101,25.342679643009806
278,102,21.660418181877617
278,103,21.185222358807977
278,104,24.199329615395968
278,105,23.59588628675788
278,106,19.997916974150183
278,107,21.438464643747704
278,108,24.289737968247117
278,109,22.092302389755663
278,110,24.660774541299702
278,111,26.26536825655864
278,112,29.552860239692606
278,113,32.309590003766324
278,114,36.04051564845342
278,115,38.511875509905046
278,116,41.54654756819697
278,117,45.0067481913401
278,118,45.07123700494763
278,119,48.422918557694864
278,120,48.49076857537754
278,121,52.191840246932195
278,122,53.38227262301808
278,123,50.15198456203175
278,124,48.46836327149458
278,125,45.196388377788445
278,126,42.192460290598405
278,127,42.02742954971128
278,128,39.868578345475065
278,129,38.66738633901533
278,130,38.113118009793226
278,131,34.84043011159782
278,132,33.61374923177102
278,133,34.93807622847627
278,134,34.700284750662
278,135,36.16916510603672
278,136,38.795637151793315
278,137,40.149407233630704
278,138,39.026504418240016
278,139,37.10618055500602
278,140,35.31735286445875
278,141,32.75207190799464
278,142,33.44788425685344
278,143,33.53796005454298
278,144,35.63675350209296
278,145,39.31302927218527
278,146,40.67097787419924
278,147,44.31081234537087
278,148,46.920407728140056
278,149,50.705644879579076
278,150,52.91995053556891
278,151,56.38923188208316
278,152,56.86394205488169
278,153,55.663157269756645
278,154,52.488298904229
278,155,53.66722052089913
278,156,52.30478027281468
278,157,50.01737253278494
278,158,50.12501453948957
278,159,48.37284905608724
278,160,47.422812441371164
278,161,44.90964516414103
278,162,45.287252974377616
278,163,42.76586075914218
278,164,44.79075165451368
278,165,41.846631930316306
278,166,40.53909991297704
278,167,37.01582037902596
278,168,35.52895286046978
278,169,35.26173037307112
278,170,32.83335819463011
278,171,34.51362491148624
278,172,32.93825420297161
278,173,35.5327771169061
278,174,36.01938865046213
278,175,38.49796804869426
278,176,39.36136878140211
278,177,40.05213508725539
278,178,42.41083736721427
278,179,43.04005012901894
278,180,46.84969276111642
278,181,49.74389634770083
278,182,50.765849957730005
278,183,47.382475842468615
278,184,47.72908174619367
278,185,51.26265837225489
278,186,50.81946559614677
278,187,48.10969058951674
278,188,49.127286172237916
278,189,52.61256043289777
278,190,52.569211730267234
278,191,52.21194258979973
278,192,49.71820925712232
278,193,47.63538617375045
278,194,46.20840627971301
278,195,43.72038854327063
278,196,44.123648027534756
278,197,42.09898706965401
278,198,43.279266059859076
278,199,43.349920966593125
278,200,45.694753187648374
278,201,43.255999986878365
278,202,41.702729308442365
278,203,42.76915679569136
278,204,40.678199402916576
278,205,42.963754157829214
278,206,41.715336105647886
278,207,43.92629905715878
278,208,42.563799753401476
278,209,42.32540903935356
278,210,44.20383686613147
278,211,42.660426778001764
278,212,41.690453003384874
278,213,38.016509805654984
278,214,35.946215801656805
278,215,35.442302216590335
278,216,32.33165413098793
278,217,32.56989743844071
278,218,36.31234979675579
278,219,37.041977586885366
278,220,38.13976121768349
278,221,38.31881631520761
278,222,35.69495446938608
278,223,34.94937230600989
278,224,33.94937557874096
278,225,32.162770601115305
278,226,33.201756119883775
278,227,32.840225634177514
278,228,35.244154598108
278,229,35.08259721433358
278,230,38.38859650767188
278,231,39.0800838657269
278,232,41.42542699136605
278,233,44.96693670544308
278,234,44.108840023362525
278,235,44.674266726609275
278,236,42.91291736668982
278,237,45.339114128549895
278,238,44.58806132916551
278,239,47.13143983606068
278,240,47.134977009456094
278,241,49.68873312743435
278,242,47.19429990676219
278,243,43.60972817582465
278,244,42.16878329331091
278,245,39.08962816676638
278,246,39.802575008149454
278,247,37.6343802472199
278,248,38.3435266768815
278,249,37.48168117694782
278,250,35.1079483415233
278,251,31.62903437471788
278,252,31.366674796749646
278,253,29.752663212713813
278,254,28.206810701579617
278,255,26.68514690314705
278,256,24.04063015984464
278,257,20.479506757489588
278,258,19.027408267641047
278,259,16.5243573754814
278,260,14.366850057938032
278,261,10.835308769477502
278,262,9.942151555229383
278,263,7.121825595526655
278,264,7.927092138357804
278,265,6.284514526090679
278,266,9.56313061028986
278,267,11.173722100459816
278,268,12.945672075147098
278,269,16.031034249719003
278,270,15.270338665978313
278,271,15.636021469001545
278,272,13.275206138676996
278,273,14.152285705896592
278,274,10.960804510696425
278,275,8.035299313157777
278,276,5.190705811240804
278,277,3.807396828969653
278,279,3.8094622676857024
278,280,7.002604486892494
278,281,8.588543469905037
278,282,12.401823545385843
278,283,14.701880427047456
278,284,17.567373230198836
278,285,17.216690898250658
278,286,18.196997216900673
278,287,15.87846342329182
278,288,12.288419403088817
278,289,11.056203495501984
278,290,7.240513190932099
278,291,7.29485157837042
278,292,10.544929716027278
278,293,9.366472338795477
278,294,9.60171410886526
278,295,11.706479324159515
278,296,14.110962821885009
278,297,15.573909335990573
278,298,13.277276271247997
278,299,14.368664505845718
278,300,15.444217176544258
278,301,13.54727615775119
278,302,15.747327283735181
278,303,16.169651793568583
278,304,17.474592300610716
278,305,15.687991036536593
278,306,18.315182576947894
278,307,20.957595563713298
278,308,23.479211202372703
278,309,25.539382009286808
278,310,28.877292026429593
278,311,29.916586991357054
278,312,33.33250967647403
278,313,36.33692175461203
278,314,37.16317743003461
278,315,37.48079755044761
278,316,40.9872054757212
278,317,41.83232416757827
278,318,45.31168690643822
279,1,69.24008733539826
279,2,70.44582172539357
279,3,67.06885960290411
279,4,63.32560478695829
279,5,60.10055371364641
279,6,56.95122708467031
279,7,53.851513171649145
279,8,50.70887553903389
279,9,47.41973288333594
279,10,43.64821777971086
279,11,41.276042733910536
279,12,39.61126110460687
279,13,37.191084673752364
279,14,37.621100563757494
279,15,34.371253807371126
279,16,32.79845666995538
279,17,30.032613505263658
279,18,30.372759015408935
279,19,29.496050750701603
279,20,30.538560003976208
279,21,32.93316438290148
279,22,34.89408229902736
279,23,37.48010239023605
279,24,35.986913367656875
279,25,33.1856587656009
279,26,33.159213163585356
279,27,34.64794617217361
279,28,34.48892185855157
279,29,33.60124642866514
279,30,33.46728447777997
279,31,29.802359840391077
279,32,26.74321732492874
279,33,23.20468319014552
279,34,20.15527264742133
279,35,19.143425110268037
279,36,16.24415202053095
279,37,12.736285056315227
279,38,11.876672872049866
279,39,9.58095283295726
279,40,6.220898699221323
279,41,6.405054817154132
279,42,4.553503404062553
279,43,4.429883178116233
279,44,4.530001855872796
279,45,7.685208745141951
279,46,10.727198088900103
279,47,12.61713944184942
279,48,14.165819408068483
279,49,13.398810373324663
279,50,14.669204123041437
279,51,12.165934460599626
279,52,14.335760491572886
279,53,13.245426565233403
279,54,15.642415237036579
279,55,15.882382886856215
279,56,18.85913899525267
279,57,19.54476649984875
279,58,19.102534888625808
279,59,19.816963116027583
279,60,23.23444230209518
279,61,24.08031518830119
279,62,23.453770475833128
279,63,25.48462101663616
279,64,28.369409178985464
279,65,28.30092460070788
279,66,27.762694939919157
279,67,29.077677067319225
279,68,26.01250554328345
279,69,24.110455398376672
279,70,26.77048103913469
279,71,24.46820036811543
279,72,22.769219038023813
279,73,26.106197145639072
279,74,26.258862399787848
279,75,22.564582845155627
279,76,20.82963164790324
279,77,17.319721208979598
279,78,15.625819917732638
279,79,12.766010122512965
279,80,13.644874204488154
279,81,11.207073387434766
279,82,13.300035868577888
279,83,13.075969020264926
279,84,15.049710203075813
279,85,17.338472289195842
279,86,18.667035814411307
279,87,22.419332280298057
279,88,25.421420627475218
279,89,28.323724277070188
279,90,30.83535406325425
279,91,33.32519435097909
279,92,32.45565100098804
279,93,31.712447171399536
279,94,31.105153575680642
279,95,29.849021441461005
279,96,31.358930985714025
279,97,28.932867668729102
279,98,26.035786457523045
279,99,23.515196677591753
279,100,25.464525924114753
279,101,25.73764439715012
279,102,22.022739269348673
279,103,21.44740246182949
279,104,24.03134433198646
279,105,23.103571025311354
279,106,19.40396287915685
279,107,20.682902103131347
279,108,23.172790567771575
279,109,20.596477679532253
279,110,23.069163293319164
279,111,24.897531616746793
279,112,27.918103354398262
279,113,30.920912112931727
279,114,34.579942923579914
279,115,37.21430828125683
279,116,40.36605687470931
279,117,43.891439370397435
279,118,44.26848725758802
279,119,47.69581023526032
279,120,48.03128110906832
279,121,51.763254034815105
279,122,53.13314633650326
279,123,49.98411511333011
279,124,48.22954032347186
279,125,44.81564320596412
279,126,41.78174048948222
279,127,41.938658924786985
279,128,39.85638930166507
279,129,38.93366431994834
279,130,38.44328784409746
279,131,35.37004503387055
279,132,33.77723246872236
279,133,34.82933102159103
279,134,34.181084847346604
279,135,35.49600517320502
279,136,38.333969254466815
279,137,39.82071127580916
279,138,38.8969620998744
279,139,36.842050654424185
279,140,35.155785740583035
279,141,32.48419074105524
279,142,32.75109998962275
279,143,32.874266028688034
279,144,35.31137802505646
279,145,38.9996053221357
279,146,40.65644291334822
279,147,44.29750477555376
279,148,47.07710002553899
279,149,50.86563902321422
279,150,52.85397599621759
279,151,56.372822636509206
279,152,57.094533980497786
279,153,55.887136359763254
279,154,52.71192634745489
279,155,53.80481945966849
279,156,52.495110064307035
279,157,49.99421269622319
279,158,49.98423618028867
279,159,47.97933668872735
279,160,46.89046602368084
279,161,44.15367677193827
279,162,44.412637595937895
279,163,41.74005923963762
279,164,43.50806733661768
279,165,40.392999748540895
279,166,39.059739047137185
279,167,35.665355625784855
279,168,34.51900408262254
279,169,34.34086376940382
279,170,32.19932773498386
279,171,34.076078260371524
279,172,32.75780826382607
279,173,35.583134928746915
279,174,36.417311501173614
279,175,39.151767141228824
279,176,40.12276640336572
279,177,41.151324659245816
279,178,43.53821110311695
279,179,44.42534797737128
279,180,48.210898072866954
279,181,51.00653943407629
279,182,51.859750059615145
279,183,48.35665705146426
279,184,48.67176461189185
279,185,52.093346175731206
279,186,51.49357639102612
279,187,48.639786782800016
279,188,49.65999478887103
279,189,53.24461646303939
279,190,53.33100377570958
279,191,53.235645333062294
279,192,50.75756209958626
279,193,48.458596733502056
279,194,46.95663577946132
279,195,44.2632887430317
279,196,44.55949981633265
279,197,42.29257706492965
279,198,43.38107689827773
279,199,43.22843878967768
279,200,45.57544549141964
279,201,43.32642800369649
279,202,41.98547294818181
279,203,43.21087617247107
279,204,41.283891127415174
279,205,43.73374065770806
279,206,42.65521442094971
279,207,45.02416488323103
279,208,43.699070094110105
279,209,43.74433487117441
279,210,45.63854828266454
279,211,44.32710548184463
279,212,43.4313903065256
279,213,39.83886687634813
279,214,37.886733418721306
279,215,37.13853280710733
279,216,33.82509166350291
279,217,33.74244027864674
279,218,37.52594871927222
279,219,38.26473121270342
279,220,39.60091375657297
279,221,39.547490539674506
279,222,36.83840976965576
279,223,35.810564610242366
279,224,34.8739202118588
279,225,32.77568162098329
279,226,33.69157499321735
279,227,32.99001637263337
279,228,35.19962605521706
279,229,34.74679541358945
279,230,37.843409390749315
279,231,38.36735213320964
279,232,40.42193466250335
279,233,44.048741679168934
279,234,43.47089403034006
279,235,44.09616687362807
279,236,42.49920308659108
279,237,45.12275722748535
279,238,44.52257172668696
279,239,47.27612319122334
279,240,47.45067015305609
279,241,50.11721617658722
279,242,47.702237557514295
279,243,44.1895835294762
279,244,42.48583257637887
279,245,39.25601901511314
279,246,39.6580585544527
279,247,37.21723918265446
279,248,37.5778887625419
279,249,36.5433770172409
279,250,34.15384856346353
279,251,30.55782408724222
279,252,30.012297191220537
279,253,28.58139638222655
279,254,26.791271233518508
279,255,25.373434321205245
279,256,22.462998601005303
279,257,18.861124678662733
279,258,17.54910248530252
279,259,15.690958848199806
279,260,13.985111099107607
279,261,11.003037857202473
279,262,11.02586600391967
279,263,8.130337760816136
279,264,8.804136316177608
279,265,5.862285710442718
279,266,7.848588827864711
279,267,8.3347806347587
279,268,9.621730924593455
279,269,12.413571454513011
279,270,11.503433159657877
279,271,11.911175395866499
279,272,9.850015470746095
279,273,11.244699743648766
279,274,8.67540186701209
279,275,5.8840162105892
279,276,5.039648762559302
279,277,5.285995696205922
279,278,3.8094622676857024
279,280,3.7749126232060903
279,281,6.598033678281647
279,282,10.270480023611649
279,283,12.985184836982752
279,284,15.944521170096035
279,285,16.40959670317821
279,286,17.772112810798717
279,287,16.186502225042286
279,288,12.996362518132637
279,289,12.824448071041756
279,290,9.237198392767011
279,291,9.629948224030166
279,292,12.483280054639344
279,293,10.809654180534615
279,294,9.666543321514839
279,295,10.610241612393127
279,296,12.27828747977335
279,297,13.773315254272982
279,298,12.153649600224073
279,299,13.919968971303389
279,300,15.803021948366903
279,301,14.78108564851541
279,302,17.421454044343943
279,303,18.481149141909423
279,304,19.484027601063147
279,305,17.60588206801183
279,306,19.657910084422358
279,307,21.942798224174563
279,308,24.079389822954106
279,309,25.726456757111904
279,310,28.957103393768744
279,311,29.526486085773666
279,312,33.027723304574074
279,313,36.261250471462986
279,314,37.44096046938432
279,315,37.76308971800118
279,316,41.36931222032543
279,317,42.18174977240967
279,318,45.59126527433807
280,1,66.92618287894804
280,2,68.05803989098898
280,3,64.69453400479853
280,4,60.949239120947006
280,5,57.79441557411487
280,6,54.545086381088915
280,7,51.55374339798911
280,8,48.33636207791542
280,9,45.16778601568096
280,10,41.39508446380461
280,11,39.12492674982939
280,12,37.74198410894706
280,13,35.50868918606699
280,14,36.28240286355746
280,15,33.198884764981685
280,16,31.43847090126115
280,17,28.778497598075642
280,18,29.310207795471115
280,19,28.231886366374603
280,20,29.37731792607732
280,21,31.55456268744743
280,22,33.6112273139345
280,23,36.37170955517624
280,24,35.00826266015661
280,25,32.48474629342402
280,26,32.31505952283616
280,27,33.45037764635359
280,28,33.19714055543816
280,29,31.93559627639301
280,30,31.630752864857186
280,31,27.878353220871887
280,32,24.830477937484055
280,33,21.142602050753762
280,34,18.39991194109467
280,35,17.204077658647623
280,36,14.84514000612859
280,37,11.276205169706394
280,38,11.55020884050959
280,39,9.488363036963044
280,40,6.288242240228053
280,41,6.7371333165154415
280,42,6.970655920963714
280,43,6.007659417626293
280,44,4.909537614481939
280,45,6.141464398688268
280,46,9.505284751346252
280,47,10.302842792315868
280,48,11.508295617423405
280,49,11.421710718543801
280,50,13.52139649554623
280,51,11.929469447011115
280,52,14.892264587756914
280,53,14.69718876512261
280,54,17.5514625348958
280,55,18.266562829939254
280,56,21.495057354579682
280,57,21.842305645500673
280,58,21.29413722036792
280,59,21.42317137755169
280,60,24.972038225180565
280,61,26.066157011234406
280,62,25.020176049897703
280,63,26.76824839645449
280,64,29.942716443727335
280,65,29.917834889456323
280,66,29.793679692117585
280,67,31.08323647258571
280,68,28.15412650403817
280,69,25.939109993701297
280,70,28.24543106810144
280,71,25.69443489155929
280,72,23.810190924736798
280,73,26.90540001528417
280,74,26.54510198801139
280,75,22.783310760601882
280,76,20.588938185217998
280,77,16.93438818024341
280,78,14.714436387502154
280,79,12.60684559379542
280,80,14.457838525275577
280,81,12.893142079966033
280,82,15.664766595994433
280,83,16.07508351985423
280,84,18.414754031408794
280,85,20.654551805441756
280,86,21.63226514942684
280,87,25.368149831512433
280,88,28.138181933827386
280,89,31.024569529479468
280,90,33.31323050211022
280,91,35.806394346650904
280,92,35.08840038555267
280,93,34.1082951363515
280,94,33.40983434364871
280,95,31.82754347505148
280,96,33.21060505130258
280,97,30.55498812979401
280,98,27.82765028920773
280,99,25.09166269332399
280,100,26.572683731280417
280,101,26.874222132536964
280,102,23.29436651957235
280,103,22.2319285515234
280,104,24.439976534772498
280,105,23.65377908631662
280,106,19.873150979973904
280,107,20.54258723831639
280,108,22.903022956864504
280,109,20.318424050675084
280,110,22.991573987460534
280,111,25.282308241430748
280,112,27.983036259863034
280,113,31.255961587087082
280,114,34.76815971362122
280,115,37.664160984337265
280,116,40.770873791646245
280,117,44.394753072273296
280,118,45.011410271580765
280,119,48.552054120843586
280,120,49.16270615798516
280,121,52.92902924272142
280,122,54.53084267945343
280,123,51.52707854322947
280,124,49.87310384601571
280,125,46.35834340056951
280,126,43.42899997586532
280,127,43.86693320772173
280,128,41.984789661649565
280,129,41.33747049348283
280,130,41.038680380804735
280,131,38.06010333366425
280,132,36.211842781281824
280,133,37.20543487531843
280,134,36.26387573190375
280,135,37.58455714683453
280,136,40.61090277922109
280,137,42.07438497592527
280,138,41.17857789078986
280,139,38.922155195393536
280,140,37.15682494039825
280,141,34.290737849576125
280,142,34.22103585859485
280,143,34.12095311877638
280,144,36.773670463408585
280,145,40.49800287742839
280,146,42.42820799511072
280,147,45.992890208363264
280,148,48.95125392906628
280,149,52.725665836360704
280,150,54.58460552757913
280,151,58.16734714746634
280,152,59.02290913037636
280,153,57.679393323028364
280,154,54.429544090708916
280,155,55.315432337847966
280,156,53.89081324484687
280,157,51.22710832465521
280,158,50.96633099201941
280,159,48.765944443662406
280,160,47.411833630935064
280,161,44.50383513394392
280,162,44.465589339222774
280,163,41.56904688618986
280,164,43.05766980681599
280,165,39.765236951811865
280,166,38.17869613116137
280,167,34.96581745741457
280,168,34.168585916484496
280,169,34.34557612797556
280,170,32.56273654924824
280,171,34.78326826676605
280,172,33.85673325872261
280,173,36.92794013221251
280,174,38.09085856803262
280,175,41.02363105289448
280,176,42.24901499266395
280,177,43.48589175920198
280,178,46.02463829162627
280,179,47.12549680224928
280,180,50.89786757322301
280,181,53.5543227803182
280,182,54.43048631237293
280,183,50.879364829317055
280,184,51.021126350835566
280,185,54.381897358648125
280,186,53.81698385036427
280,187,50.81772990460856
280,188,51.68087948106194
280,189,55.327986313930445
280,190,55.353608645763174
280,191,55.42271361506855
280,192,52.83608405819292
280,193,50.368771024987794
280,194,48.66194811066876
280,195,45.78756424056268
280,196,45.81488516877116
280,197,43.3151479249194
280,198,44.12722033689539
280,199,43.65287097411767
280,200,45.80904800943932
280,201,43.58298515896232
280,202,42.55968319812168
280,203,44.07795519462665
280,204,42.43418789944571
280,205,45.1142666265234
280,206,44.32173391613625
280,207,46.904772209523294
280,208,45.79531859010768
280,209,46.077138491180534
280,210,48.13221760493544
280,211,47.01621974731316
280,212,46.31206286122715
280,213,42.76266710657069
280,214,40.996982479487485
280,215,40.28376836468138
280,216,36.90581304540577
280,217,36.80102548839933
280,218,40.59459461488866
280,219,41.183108118242025
280,220,42.5067245733296
280,221,42.21654015207352
280,222,39.346841190025486
280,223,38.03745315742212
280,224,36.91472142512392
280,225,34.536671223011446
280,226,35.11458468077022
280,227,34.02907620806528
280,228,35.90114502504252
280,229,35.05032897022676
280,230,37.943928588940445
280,231,38.10951398258453
280,232,39.93192441720816
280,233,43.63838606706047
280,234,43.3698897883634
280,235,44.25941892013667
280,236,42.96063149978241
280,237,45.806069677740666
280,238,45.50024300145235
280,239,48.435778392765705
280,240,48.883830613560335
280,241,51.72491612114271
280,242,49.499034645678016
280,243,46.100703409079415
280,244,44.151194146504345
280,245,40.922434670594775
280,246,41.00747551863934
280,247,38.32122915064363
280,248,38.51410760930858
280,249,37.14854191573853
280,250,34.5626689080909
280,251,30.851819488769266
280,252,29.84985424814141
280,253,28.29213474401509
280,254,26.0704933733043
280,255,24.393816357773716
280,256,21.15537560166403
280,257,17.473790284038714
280,258,16.83304856816383
280,259,15.639794847871983
280,260,14.82537170029851
280,261,12.500556593154155
280,262,13.523908256416975
280,263,11.216127091641255
280,264,12.316960499106745
280,265,9.254111338521108
280,266,10.283744229065434
280,267,9.418892387742998
280,268,9.62571305347075
280,269,11.354719394927683
280,270,9.403114221978942
280,271,8.90371294538622
280,272,6.30847689593314
280,273,7.827305813279907
280,274,5.680278279209806
280,275,4.395667036795724
280,276,5.724424731532224
280,277,7.957927133884134
280,278,7.002604486892494
280,279,3.7749126232060903
280,281,3.7985547063014153
280,282,6.953525063891111
280,283,9.712840700970991
280,284,12.730608263397677
280,285,13.750440820704922
280,286,15.310329944533278
280,287,14.43427695884535
280,288,11.839502020206607
280,289,12.77007047304861
280,290,9.82909611461972
280,291,10.612426233021905
280,292,13.004403825341479
280,293,11.56275554518343
280,294,9.256310629609757
280,295,9.440440672225936
280,296,9.973431083521172
280,297,10.860272916511347
280,298,9.60868777271964
280,299,11.660870776411402
280,300,14.230584972701926
280,301,14.094638185685827
280,302,16.96749827077947
280,303,18.67073310580325
280,304,19.3508880487048
280,305,17.60764469079124
280,306,19.03544396879162
280,307,20.79054813323482
280,308,22.61452999228808
280,309,23.78302186843581
280,310,26.947550709983112
280,311,27.182285971862868
280,312,30.77272751654911
280,313,34.134025830686056
280,314,35.6320510621512
280,315,36.11128176395473
280,316,39.8071488768856
280,317,40.747694510947504
280,318,44.143993286995915
281,1,63.412889444422895
281,2,64.48562639007191
281,3,61.087628750693206
281,4,57.35498949869291
281,5,54.16427803862582
281,6,50.91125759021999
281,7,47.8858565499857
281,8,44.64621265781353
281,9,41.47308696387911
281,10,37.706061961215106
281,11,35.50397887253705
281,12,34.13949133283265
281,13,32.01630808350257
281,14,32.91539312470327
281,15,29.83846012878162
281,16,27.909812978644847
281,17,25.215373421528202
281,18,25.747753072198332
281,19,24.58783378561982
281,20,25.806296796914758
281,21,27.962307883974763
281,22,30.14056121134956
281,23,32.88775097405707
281,24,31.501442686800797
281,25,29.091604374687524
281,26,28.818351554877722
281,27,29.812115467586946
281,28,29.55371128947254
281,29,28.21128303134818
281,30,27.956496644086883
281,31,24.200477873177075
281,32,21.090876754036643
281,33,17.387627929708263
281,34,14.663439465189361
281,35,13.469317198919311
281,36,11.322312330153318
281,37,7.745010638857282
281,38,8.742791237887003
281,39,7.261466069793329
281,40,5.299123456540814
281,41,7.234323820028342
281,42,8.758853666542867
281,43,8.999773158252196
281,44,8.658117139951955
281,45,9.231820889047437
281,46,12.64435472242567
281,47,12.579519173574345
281,48,13.284989462149655
281,49,13.732403308016297
281,50,16.422143406527248
281,51,15.312906797188095
281,52,18.455874050401412
281,53,18.441327682894865
281,54,21.21005176021934
281,55,21.965775269231397
281,56,25.097313472147334
281,57,25.391660573230244
281,58,24.602741369079286
281,59,24.630371331599424
281,60,28.07296601287083
281,61,29.41337829927829
281,62,28.470580159385666
281,63,30.011575377664908
281,64,33.2353510105433
281,65,33.41195855289677
281,66,33.34612643984185
281,67,34.763473986596786
281,68,31.874620623609303
281,69,29.62028209635772
281,70,31.93844638832406
281,71,29.417347892548115
281,72,27.420714269508803
281,73,30.40783159065757
281,74,29.84544379226071
281,75,26.111430849780877
281,76,23.652255487620298
281,77,19.920874565010795
281,78,17.270748396460956
281,79,15.481605391471966
281,80,17.67712234846887
281,81,16.296899150047746
281,82,18.945684401670068
281,83,19.361397184033024
281,84,21.38102211901245
281,85,23.867927543314742
281,86,24.977471751882913
281,87,28.686990033215533
281,88,31.49323610342589
281,89,34.4974121970997
281,90,36.771085252664186
281,91,39.132278386024154
281,92,38.22465892098057
281,93,37.111809120128456
281,94,36.157581053004066
281,95,34.4372611291601
281,96,35.51217241878814
281,97,32.64008796906698
281,98,30.184830433953888
281,99,27.176503153819713
281,100,28.554029576144636
281,101,29.24811745897423
281,102,25.792005311138855
281,103,24.331323430337804
281,104,26.57468697519185
281,105,26.21861052856395
281,106,22.41205706481086
281,107,22.6204737383423
281,108,25.19506627609605
281,109,22.91934310047767
281,110,25.860592107120723
281,111,28.391987797262836
281,112,31.018446802677346
281,113,34.360491863852204
281,114,37.80441863875446
281,115,40.81843783142199
281,116,43.813399472616126
281,117,47.48388851572584
281,118,48.08785479401586
281,119,51.67851902545915
281,120,52.32894204782008
281,121,56.10919358320369
281,122,57.77270758846662
281,123,54.81703955916112
281,124,53.278824574990445
281,125,49.77576947047145
281,126,46.92457193015405
281,127,47.34458838523617
281,128,45.52265217295005
281,129,44.85143155813642
281,130,44.59126452073168
281,131,41.53180100216577
281,132,39.76902752374021
281,133,40.86879429633144
281,134,39.991948139484784
281,135,41.35822851836436
281,136,44.36744380529409
281,137,45.80063135715881
281,138,44.83700338253081
281,139,42.55517405709228
281,140,40.69059905873879
281,141,37.76071196033121
281,142,37.73504355304428
281,143,37.466003335585015
281,144,40.063466381056045
281,145,43.82137341380833
281,146,45.75156858266903
281,147,49.273116253776
281,148,52.250044711192004
281,149,56.0221028949407
281,150,57.948538466535155
281,151,61.550133550616735
281,152,62.332100652918164
281,153,60.890959462891416
281,154,57.5767424242405
281,155,58.36205026297032
281,156,56.79260170631831
281,157,54.15178948885325
281,158,53.75635148835341
281,159,51.57488220348688
281,160,50.075745773527174
281,161,47.1782550552393
281,162,46.93624593976091
281,163,43.928022859640706
281,164,45.33536243648362
281,165,41.99192044580109
281,166,40.137887554426676
281,167,37.01888499610707
281,168,36.3058190416888
281,169,36.78723392412116
281,170,35.117060704899735
281,171,37.514022045533785
281,172,36.731574908908534
281,173,39.846836050839684
281,174,41.01476618691703
281,175,43.916469839195805
281,176,45.26099294361491
281,177,46.38879999572742
281,178,49.02247474040194
281,179,50.065182156334835
281,180,53.857837674003775
281,181,56.50600603229568
281,182,57.53231521353823
281,183,54.03191811590593
281,184,54.081992904637936
281,185,57.49461089872093
281,186,57.0679794796557
281,187,54.06791372799509
281,188,54.819916240378255
281,189,58.44640583665976
281,190,58.32198276163171
281,191,58.30548856803298
281,192,55.610771768004426
281,193,53.181091298216074
281,194,51.35462919497432
281,195,48.48710734445503
281,196,48.354515216491954
281,197,45.83644013359858
281,198,46.451641877315055
281,199,45.84025944015442
281,200,47.784108806549455
281,201,45.389485335277215
281,202,44.51654036639483
281,203,46.20646840945239
281,204,44.70039475116165
281,205,47.46693780805836
281,206,46.793504669906156
281,207,49.43847542226111
281,208,48.48357737785177
281,209,48.713153569435285
281,210,50.88738758731261
281,211,49.712808999935675
281,212,49.074114598839536
281,213,45.47445724549814
281,214,43.714092773917315
281,215,43.20625817218568
281,216,39.933846434285286
281,217,40.02656314000169
281,218,43.8141766205644
281,219,44.34380543289997
281,220,45.496070174738804
281,221,45.24294169232563
281,222,42.32313474760474
281,223,41.02850513272501
281,224,39.704959195380866
281,225,37.34112750625955
281,226,37.72733411998315
281,227,36.57133005201572
281,228,38.28880776435241
281,229,37.284374409054266
281,230,40.16000600429493
281,231,40.079725914578844
281,232,41.910910111819476
281,233,45.63389983678092
281,234,45.45790476097646
281,235,46.58660216852677
281,236,45.45305026495636
281,237,48.35772702321724
281,238,48.21021183860593
281,239,51.14660593763882
281,240,51.70341545130111
281,241,54.61195294914999
281,242,52.47581460520316
281,243,49.10264033642812
281,244,47.15612306433567
281,245,44.032594380553284
281,246,44.097682603582264
281,247,41.40238527416378
281,248,41.70846525212712
281,249,40.1844522700991
281,250,37.42767691351725
281,251,33.68983971827079
281,252,32.47380366867872
281,253,30.629352855010968
281,254,28.153421724466423
281,255,26.070637047766425
281,256,22.698014942543303
281,257,18.96362233748888
281,258,18.963254229468248
281,259,17.833680763847752
281,260,17.4267017788851
281,261,15.105009626307947
281,262,16.20998632501619
281,263,14.116508639083602
281,264,15.351508612978622
281,265,12.412165816120869
281,266,13.733241312674533
281,267,13.061007030359331
281,268,12.732042616589125
281,269,13.97681308921639
281,270,11.295451327783502
281,271,10.15666739110443
281,272,7.012297168465568
281,273,8.06676910469779
281,274,5.7765609438932515
281,275,6.442641834916596
281,276,7.222040651300994
281,277,10.137260073685146
281,278,8.588543469905037
281,279,6.598033678281647
281,280,3.7985547063014153
281,282,3.8225852948610197
281,283,6.66158941410096
281,284,9.355323348491636
281,285,10.087124096662965
281,286,11.964228087585916
281,287,11.211838562420457
281,288,8.898867103333748
281,289,10.42763727452521
281,290,8.3335971415296
281,291,10.071583233031637
281,292,12.447003474593084
281,293,12.081514559872486
281,294,9.723291883702544
281,295,10.507409129715082
281,296,10.437549216415155
281,297,10.006143964855296
281,298,7.947377646767219
281,299,9.000608965942972
281,300,11.911838465947646
281,301,12.054746030617821
281,302,14.570217108776845
281,303,16.44242856272914
281,304,16.602324567832785
281,305,14.826010685670814
281,306,15.771789674996812
281,307,17.27374878947862
281,308,18.92974441496696
281,309,20.0059205481894
281,310,23.15297885028044
281,311,23.413323386533325
281,312,27.015145543012498
281,313,30.354112334340126
281,314,31.867774078639933
281,315,32.42246091600051
281,316,36.13864101185742
281,317,37.1847978999276
281,318,40.61915179851593
282,1,60.525725497590834
282,2,61.53732751371497
282,3,58.16247771710534
282,4,54.43154503416283
282,5,51.31900300482267
282,6,47.98148843728584
282,7,45.07377941256326
282,8,41.7809979971574
282,9,38.73582452130035
282,10,34.98212966572244
282,11,32.87992632216164
282,12,31.82741248378865
282,13,29.920387915823866
282,14,31.186930073004223
282,15,28.352241369140295
282,16,26.264674902100797
282,17,23.781750114867613
282,18,24.585610057156767
282,19,23.287381371264733
282,20,24.691833118485977
282,21,26.60888824850933
282,22,28.945104897034916
282,23,31.78944218185198
282,24,30.49624124477373
282,25,28.433675021762397
282,26,27.920654690549608
282,27,28.45595116352552
282,28,28.02883850780788
282,29,26.265941519435554
282,30,25.772199581774952
282,31,21.972524552473484
282,32,18.976045892915977
282,33,15.190558878223104
282,34,13.061339967326653
282,35,11.848438689992669
282,36,10.774558328919513
282,37,7.668953312230683
282,38,10.01420120219236
282,39,9.111744615183067
282,40,8.12879817528862
282,41,9.717090289514715
282,42,12.074084879713551
282,43,12.004389382763451
282,44,11.458877548072689
282,45,10.859451327959453
282,46,13.985420200884654
282,47,12.89222073973639
282,48,13.110612390131399
282,49,14.381287817141121
282,50,17.572538440712126
282,51,17.24155473909981
282,52,20.717651426058143
282,53,21.190452186715586
282,54,24.18369895937329
282,55,25.129850676485997
282,56,28.399481773016486
282,57,28.553638697306905
282,58,27.751774090663424
282,59,27.45122738952167
282,60,30.935876866686755
282,61,32.4003638103123
282,62,31.192653110135044
282,63,32.54673541848854
282,64,35.93020867900531
282,65,36.112532011572114
282,66,36.30572598945784
282,67,37.6656045768062
282,68,34.85486505079481
282,69,32.44724849051793
282,70,34.50443184041398
282,71,31.814562445307768
282,72,29.76408398014925
282,73,32.548760277030446
282,74,31.623520796796896
282,75,27.913992257188443
282,76,25.189494918468952
282,77,21.50439236506715
282,78,18.592076390132476
282,79,17.505822681155415
282,80,20.191262752774442
282,81,19.310544484889867
282,82,22.24035331744459
282,83,22.905738713333083
282,84,25.090880300755636
282,85,27.515815565615483
282,86,28.488595403391162
282,87,32.19190129579221
282,88,34.87864208852593
282,89,37.847570322838
282,90,39.99886227245026
282,91,42.371745879635824
282,92,41.56719403929751
282,93,40.32124878117708
282,94,39.313469144254526
282,95,37.39416498681166
282,96,38.361671989612546
282,97,35.3475789732151
282,98,33.048206736409135
282,99,29.923930690798848
282,100,30.95949161049352
282,101,31.68952252529575
282,102,28.387742458637494
282,103,26.608789197449152
282,104,28.52973953653629
282,105,28.309067093668915
282,106,24.545039929617424
282,107,24.269483001898585
282,108,26.668870584121816
282,109,24.473102105580587
282,110,27.478086491173354
282,111,30.303717216593512
282,112,32.621840693007464
282,113,36.12693541839985
282,114,39.404007394087515
282,115,42.59585190931787
282,116,45.53206108787305
282,117,49.252588194169846
282,118,50.053418220444655
282,119,53.712348992350286
282,120,54.57923452912422
282,121,58.368949108123495
282,122,60.20567436365656
282,123,57.36926814732533
282,124,55.902838044009535
282,125,52.336481700327795
282,126,49.56486923347743
282,127,50.18624796879551
282,128,48.49662867288877
282,129,48.00633444836983
282,130,47.84980018661636
282,131,44.865206918892106
282,132,42.9448870098847
282,133,43.97512139153258
282,134,42.897011425215865
282,135,44.22399478189826
282,136,47.343279388100385
282,137,48.79201483222749
282,138,47.88039601211402
282,139,45.48598777057376
282,140,43.59827586386143
282,141,40.562641761758485
282,142,40.2957446997036
282,143,39.888441662907475
282,144,42.6281975132442
282,145,46.386893667594386
282,146,48.504616711618965
282,147,51.959721176006205
282,148,55.05396885706337
282,149,58.80508029865782
282,150,60.62667658584247
282,151,64.26506462079413
282,152,65.14893871763812
282,153,63.61520501636331
282,154,60.25626503019832
282,155,60.88468589658263
282,156,59.2317950370097
282,157,56.476664323902206
282,158,55.883603198691965
282,159,53.5574145769077
282,160,51.84730200530623
282,161,48.82853685486146
282,162,48.32944974929413
282,163,45.15057187139864
282,164,46.288935999047105
282,165,42.818327364476765
282,166,40.73823553564081
282,167,37.8414306576736
282,168,37.457774136871734
282,169,38.25223069182575
282,170,36.90421834745467
282,171,39.54639357396597
282,172,39.0703198076207
282,173,42.33863578768943
282,174,43.73269520266063
282,175,46.75615319687324
282,176,48.268790745688186
282,177,49.528889316083934
282,178,52.25473177225342
282,179,53.42838340323218
282,180,57.207843784962044
282,181,59.76401059102502
282,182,60.804220043627346
282,183,57.276998774117565
282,184,57.215054972491764
282,185,60.58012568926326
282,186,60.17433159066665
282,187,57.08166670296451
282,188,57.72611909164912
282,189,61.38819372453963
282,190,61.22028233558243
282,191,61.31686487549664
282,192,58.549033856804144
282,193,56.00959723021683
282,194,54.03794413221718
282,195,51.05172324548648
282,196,50.71181311183789
282,197,48.03132047139812
282,198,48.41402782841624
282,199,47.53855021457
282,200,49.290107173654896
282,201,46.91817761920675
282,202,46.32643658690407
282,203,48.2497054239398
282,204,46.982816737784084
282,205,49.910057797479844
282,206,49.45658736478694
282,207,52.24519587634796
282,208,51.45152632788338
282,209,51.83556113272492
282,210,54.11460007528474
282,211,53.06270150418866
282,212,52.54256027104302
282,213,48.97083796437305
282,214,47.31465086792413
282,215,46.82604704890827
282,216,43.52007626834951
282,217,43.585962863481875
282,218,47.37752783046826
282,219,47.83530016423796
282,220,48.985754127124345
282,221,48.595197830197286
282,222,45.58472083988087
282,223,44.11760262052899
282,224,42.676389443291434
282,225,40.14062017790307
282,226,40.28409305144753
282,227,38.858533205394714
282,228,40.2943141195583
282,229,38.977526522225176
282,230,41.649676739810424
282,231,41.24643664581287
282,232,42.85029635410639
282,233,46.60453873636142
282,234,46.71005794702105
282,235,48.07072840040405
282,236,47.20412871568565
282,237,50.2695436390284
282,238,50.36305135783325
282,239,53.42396580818384
282,240,54.189874710041266
282,241,57.21859750917309
282,242,55.229761641466794
282,243,51.94977674850711
282,244,49.83677011768846
282,245,46.728091989331666
282,246,46.562774039772336
282,247,43.701916719444874
282,248,43.87077215366666
282,249,42.1049929530439
282,250,39.22433287718114
282,251,35.44538943370313
282,252,33.87140203376208
282,253,31.949268130651237
282,254,29.144288349828894
282,255,26.855966768579073
282,256,23.29083222473273
282,257,19.667104238174932
282,258,20.32168823645336
282,259,19.769614558762864
282,260,19.98475262046725
282,261,18.11848205009331
282,262,19.64363180988006
282,263,17.76062038402252
282,264,19.055979995534024
282,265,15.991468136582974
282,266,16.87027741170906
282,267,15.655527735293342
282,268,14.631740939326518
282,269,14.956098267845043
282,270,11.608193725290626
282,271,9.683479115833364
282,272,6.642304671635972
282,273,7.478719289629419
282,274,6.6380838403560505
282,275,8.99531804567342
282,276,10.551554095877771
282,277,13.794318440891661
282,278,12.401823545385843
282,279,10.270480023611649
282,280,6.953525063891111
282,281,3.8225852948610197
282,283,3.798177813283179
282,284,5.8767845672884125
282,285,7.639552307354422
282,286,10.09964383808011
282,287,10.538865161376975
282,288,9.464453595337092
282,289,12.003437563623416
282,290,10.971859721881506
282,291,12.919824439239266
282,292,14.768757001590055
282,293,14.763381567595184
282,294,11.9571412731549
282,295,12.168634727303274
282,296,10.907172876089195
282,297,9.25065279763249
282,298,7.722194141209048
282,299,8.345983683793504
282,300,11.909545502194872
282,301,13.051311332441387
282,302,15.363277368362969
282,303,17.67442744866675
282,304,17.30697955877121
282,305,15.688897330408917
282,306,15.733609680785277
282,307,16.507212162492426
282,308,17.57358245340437
282,309,18.02319528605252
282,310,20.954025431859442
282,311,20.756279366941275
282,312,24.401156049770137
282,313,27.870628901984052
282,314,29.72866261214669
282,315,30.408378657299018
282,316,34.180711694319356
282,317,35.327531289867416
282,318,38.705766209352014
283,1,59.58409835407109
283,2,60.372865604443945
283,3,56.929088611205536
283,4,53.25034932965117
283,5,50.11799124311316
283,6,46.68225164907452
283,7,43.79408294536209
283,8,40.35611546441947
283,9,37.45137664667379
283,10,33.75943488272715
283,11,32.012110980626694
283,12,31.2001512142874
283,13,29.70029021158119
283,14,31.304374942059223
283,15,28.531610464704684
283,16,26.031286225363903
283,17,23.414162437744725
283,18,23.91088866785907
283,19,22.088309829516394
283,20,23.118707407049044
283,21,24.577738678937557
283,22,26.670562588847258
283,23,29.759613496343544
283,24,28.85358212855727
283,25,27.125045938291038
283,26,26.863830698161188
283,27,27.266475268965536
283,28,27.16430728807025
283,29,25.22771448527482
283,30,25.018681288811248
283,31,21.278148338106824
283,32,18.073528772142627
283,33,14.322852750315244
283,34,12.36736814707129
283,35,10.255949244099892
283,36,9.861992285346572
283,37,7.88240710398892
283,38,11.131365794126461
283,39,11.462392660888886
283,40,11.22762253295317
283,41,13.336380210230203
283,42,15.388640523598818
283,43,15.335661236204478
283,44,14.25803335641286
283,45,13.592228534981016
283,46,16.22665141541348
283,47,14.574067570427127
283,48,14.02484085912338
283,49,15.125539175380341
283,50,18.651557564138315
283,51,18.778390952682965
283,52,22.334277715492853
283,53,23.244917488626083
283,54,26.079257022144663
283,55,27.441949304749013
283,56,30.59677864536718
283,57,30.34850430855163
283,58,29.15224603842456
283,59,28.472167413046147
283,60,31.805245128780033
283,61,33.64982366777881
283,62,32.44364984514016
283,63,33.38918593774927
283,64,36.873265645128996
283,65,37.37677766341472
283,66,37.841657711405404
283,67,39.456315899929194
283,68,36.8790505443999
283,69,34.21903383967386
283,70,36.19411490634664
283,71,33.64650731608216
283,72,31.272904491153447
283,73,33.78215217703467
283,74,32.52937020320068
283,75,28.952631180920108
283,76,25.89753170516549
283,77,22.21773222971509
283,78,18.9155660022022
283,79,18.23756447282561
283,80,21.277035655515544
283,81,20.888110547273413
283,82,23.85969444887861
283,83,24.96713256702991
283,84,27.15442672825783
283,85,29.834593464858678
283,86,30.507812917463614
283,87,34.105568130617904
283,88,36.58572354691881
283,89,39.706653481752866
283,90,41.61531101812734
283,91,43.768237875397126
283,92,42.85311755411236
283,93,41.30245314163445
283,94,40.01275389042014
283,95,37.80390430158771
283,96,38.4485816848868
283,97,35.21446647047578
283,98,33.25096129016563
283,99,29.91174746793413
283,100,30.59834859800656
283,101,31.610494781762796
283,102,28.567315134024454
283,103,26.341351056251938
283,104,28.079817346928156
283,105,28.299357086806342
283,106,24.629873171453546
283,107,23.794459215077097
283,108,26.289785736358375
283,109,24.52573413555818
283,110,27.78469167977256
283,111,30.878246478879454
283,112,33.06487806592047
283,113,36.59855267323358
283,114,39.73767222788697
283,115,43.067252981246696
283,116,45.793080691836245
283,117,49.553514974052376
283,118,50.33666852778341
283,119,54.054854063350525
283,120,55.02152173990466
283,121,58.814732353343395
283,122,60.79310168849526
283,123,58.09199303999131
283,124,56.85212635230333
283,125,53.294051717078254
283,126,50.71368967187106
283,127,51.4127891885338
283,128,49.95011825358373
283,129,49.60432517391938
283,130,49.699054383216875
283,131,46.65850558983378
283,132,44.688372559538166
283,133,45.925911694633704
283,134,44.83988985555429
283,135,46.39244871671992
283,136,49.59633654001999
283,137,50.82649374863687
283,138,49.7122199110131
283,139,47.13389163943265
283,140,45.01137580359817
283,141,41.803116984255745
283,142,41.50666731572277
283,143,40.76029930963205
283,144,43.44305883688734
283,145,47.22571248685839
283,146,49.42867540765488
283,147,52.76266274869841
283,148,55.94243722892261
283,149,59.6608239087348
283,150,61.51595656203712
283,151,65.1940126470597
283,152,66.02517407410873
283,153,64.29507802914992
283,154,60.835355202314865
283,155,61.24585217937753
283,156,59.38742467274523
283,157,56.6189333965172
283,158,55.796848143868196
283,159,53.462757938821284
283,160,51.54443756821406
283,161,48.54339390679614
283,162,47.77884699794806
283,163,44.49239018243371
283,164,45.531115829561244
283,165,42.05353267051623
283,166,39.702043913125536
283,167,36.93446903924202
283,168,36.645720175213604
283,169,37.79007737426055
283,170,36.636820471513516
283,171,39.49954992419947
283,172,39.29723410696955
283,173,42.651796438702796
283,174,44.17259939757541
283,175,47.23048165004662
283,176,48.99765331308314
283,177,50.27380349040496
283,178,53.18524237506834
283,179,54.469663018350616
283,180,58.23499931824207
283,181,60.649239247544145
283,182,61.86590265525215
283,183,58.37737034632581
283,184,58.07837713368501
283,185,61.44059535636993
283,186,61.2338156575972
283,187,58.0600663442758
283,188,58.465739632177396
283,189,62.11836414360695
283,190,61.744895388072194
283,191,61.85659404440185
283,192,58.93117056077411
283,193,56.34351914282457
283,194,54.160997855265286
283,195,51.117796214685164
283,196,50.51043111299108
283,197,47.749584268363044
283,198,47.84762590582908
283,199,46.759598211042324
283,200,48.24816316727757
283,201,45.76560188150601
283,202,45.40857368720648
283,203,47.55851905208167
283,204,46.53950573745196
283,205,49.6115037369548
283,206,49.40916361265924
283,207,52.34401217521648
283,208,51.822685139822696
283,209,52.323287231232776
283,210,54.80737707679427
283,211,53.878347782589685
283,212,53.59687297105913
283,213,50.052097123746236
283,214,48.614749178506386
283,215,48.35736506082518
283,216,45.10685467875175
283,217,45.39769040699173
283,218,49.17299687018778
283,219,49.3678330799274
283,220,50.30225314563252
283,221,49.731308576648146
283,222,46.56482479031587
283,223,44.929238472094625
283,224,43.1970583180874
283,225,40.55342797335936
283,226,40.355171257051815
283,227,38.73038102117605
283,228,39.882468762645125
283,229,38.33307236768729
283,230,40.90411494175778
283,231,40.208382554616776
283,232,41.784170782075805
283,233,45.51511841778286
283,234,45.7404267537876
283,235,47.37156023174676
283,236,46.742961974111246
283,237,49.88988485437622
283,238,50.233516241440846
283,239,53.32793987228149
283,240,54.30824296241089
283,241,57.462759257154964
283,242,55.678070156952586
283,243,52.51146238321894
283,244,50.29691344777038
283,245,47.34107596249214
283,246,47.03068526647633
283,247,44.117131838437636
283,248,44.41009284217856
283,249,42.39447832649823
283,250,39.29966024362888
283,251,35.536371267661174
283,252,33.70703537183104
283,253,31.471605504624307
283,254,28.446843511337182
283,255,25.789470793105725
283,256,22.225744758080253
283,257,18.736896063952347
283,258,20.028803146200218
283,259,19.678968205756558
283,260,20.4829157633389
283,261,19.009731643410458
283,262,20.978656703372252
283,263,19.690767146241416
283,264,21.530150861289734
283,265,18.80507600236349
283,266,19.956174221860067
283,267,18.608193160100573
283,268,17.856008959862248
283,269,17.95140679226604
283,270,14.495675059785045
283,271,11.848063673368156
283,272,8.554382213690685
283,273,7.68693342606832
283,274,7.036498405984064
283,275,10.263577304926951
283,276,11.858992449133922
283,277,15.50678088511603
283,278,14.701880427047456
283,279,12.985184836982752
283,280,9.712840700970991
283,281,6.66158941410096
283,282,3.798177813283179
283,284,3.812159286641564
283,285,5.332255335850608
283,286,6.98397076622708
283,287,8.370987490400914
283,288,8.589516757333461
283,289,11.970181715788225
283,290,11.906113237486796
283,291,13.394963581062186
283,292,14.349216830933605
283,293,14.74042518169383
283,294,11.755274375858617
283,295,11.854654648010381
283,296,10.004167513367006
283,297,7.239046666211711
283,298,5.726555417573714
283,299,5.733825625431429
283,300,9.499668578025915
283,301,11.593475566739079
283,302,13.930781027671598
283,303,16.821971538691926
283,304,16.521843297990763
283,305,15.659855978824337
283,306,15.344038302983465
283,307,15.311164905595604
283,308,16.428290240215333
283,309,16.27752282388481
283,310,19.353630925264294
283,311,19.224073436871457
283,312,22.99838373080903
283,313,26.351624068935447
283,314,28.38580192205365
283,315,29.514770319880512
283,316,33.3191820263782
283,317,34.84450860691825
283,318,38.3036830778881
284,1,55.820075259431796
284,2,56.62442267321661
284,3,53.20276053504055
284,4,49.515518567393016
284,5,46.418014171204696
284,6,42.973359117622884
284,7,40.132018291187876
284,8,36.71114933623693
284,9,33.83672230765466
284,10,30.145005082758228
284,11,28.389728554619637
284,12,27.736331269218546
284,13,26.351065346287964
284,14,28.175663592120024
284,15,25.62240928211407
284,16,23.080252777549163
284,17,20.73505393073656
284,18,21.571960354049054
284,19,19.851904448377475
284,20,21.25289178686693
284,21,22.671578156509185
284,22,25.088029674684627
284,23,28.051398913251603
284,24,27.019050337686792
284,25,25.543443322307663
284,26,24.88525622379785
284,27,24.8430469892328
284,28,24.45152031303778
284,29,22.20634303747387
284,30,21.72680438446757
284,31,17.999586498482575
284,32,15.01194032623717
284,33,11.321054446517909
284,34,10.164362318172437
284,35,8.603912341842284
284,36,9.530343943544736
284,37,8.330812313767144
284,38,11.916973826839078
284,39,12.453927725203908
284,40,12.963760121040357
284,41,14.962116566096874
284,42,17.61511669226263
284,43,17.847873564992724
284,44,17.261922393015787
284,45,16.325410980519457
284,46,19.068015945348073
284,47,17.184479856648014
284,48,16.671342970651356
284,49,18.310791242571923
284,50,21.89155889323363
284,51,22.190788170088542
284,52,25.810040868619165
284,53,26.66942208587502
284,54,29.61856555590423
284,55,30.809070454665182
284,56,34.03185558630862
284,57,33.94874073202369
284,58,32.86170996735716
284,59,32.24565591968068
284,60,35.60161417497189
284,61,37.395063728758316
284,62,36.15330235685255
284,63,37.14770927195031
284,64,40.64227244281934
284,65,41.07546784665565
284,66,41.51278816169281
284,67,43.0278789979314
284,68,40.368107109415035
284,69,37.781215882746416
284,70,39.711130924730384
284,71,37.043652678363834
284,72,34.78914321258318
284,73,37.30887643952754
284,74,36.001938888670864
284,75,32.41485582286637
284,76,29.357073370338465
284,77,25.73335121078509
284,78,22.458323206467757
284,79,21.94296791527991
284,80,24.99892541563479
284,81,24.536207308817747
284,82,27.491345797332947
284,83,28.405640814206112
284,84,30.49065030021095
284,85,33.11733156338937
284,86,33.98799858709394
284,87,37.63128240111147
284,88,40.20720522615501
284,89,43.29060162345004
284,90,45.28355138297052
284,91,47.48847596472829
284,92,46.56765963119172
284,93,45.064919343476966
284,94,43.76893148854762
284,95,41.57677271596052
284,96,42.16911001327455
284,97,38.901493013128274
284,98,36.9964085834043
284,99,33.61962661789601
284,100,34.29457654233182
284,101,35.37967322506273
284,102,32.36425016857997
284,103,30.08808369924095
284,104,31.784256609815067
284,105,32.054659667976125
284,106,28.40564027889236
284,107,27.469170916053407
284,108,29.895222486682
284,109,28.141888346630658
284,110,31.35974592131069
284,111,34.50252904924566
284,112,36.57177767433788
284,113,40.15778288848816
284,114,43.23313562493607
284,115,46.608270083892336
284,116,49.33738005295434
284,117,53.104278914800695
284,118,53.973162150752096
284,119,57.70376363056511
284,120,58.73392134353666
284,121,62.525686926955785
284,122,64.53808129982994
284,123,61.85261223498769
284,124,60.594032981968645
284,125,57.01894806581044
284,126,54.419082037688135
284,127,55.14689359897551
284,128,53.64931545662629
284,129,53.281427684507754
284,130,53.29805185944965
284,131,50.2719596563161
284,132,48.318828126319715
284,133,49.47157491517081
284,134,48.348570850443934
284,135,49.78219029034034
284,136,52.97151204113928
284,137,54.31480865757667
284,138,53.2970615323462
284,139,50.76441531575402
284,140,48.710551771137304
284,141,45.52796104022618
284,142,45.179155296226035
284,143,44.47421795955717
284,144,47.20271827919812
284,145,50.97859309516777
284,146,53.20584035705431
284,147,56.54429733476255
284,148,59.73117498763583
284,149,63.45002578601363
284,150,65.27987981014599
284,151,68.95848277628153
284,152,69.81582555117801
284,153,68.09262529027914
284,154,64.63433275391856
284,155,65.02869950439883
284,156,63.15717692118787
284,157,60.369340105527215
284,158,59.499405283835635
284,159,57.12743734950676
284,160,55.14310864676036
284,161,52.10383320791907
284,162,51.238242652255416
284,163,47.88776593610108
284,164,48.78837707757379
284,165,45.25970348961969
284,166,42.799299793349945
284,167,40.17464400420985
284,168,40.04717645856998
284,169,41.319699969354836
284,170,40.284370565748574
284,171,43.20737113277884
284,172,43.07002249384655
284,173,46.443647199117606
284,174,47.98237088431327
284,175,51.03886732941471
284,176,52.80119580365023
284,177,54.05240031736832
284,178,56.95048605943338
284,179,58.18905660577543
284,180,61.962986074707885
284,181,64.40736405169274
284,182,65.62627179733614
284,183,62.141360029220046
284,184,61.868956935162046
284,185,65.2393881859171
284,186,65.01952196564129
284,187,61.85486607473165
284,188,62.27567723247725
284,189,65.92881078526405
284,190,65.55363394291903
284,191,65.65125247056288
284,192,62.71787222098954
284,193,60.14076333443887
284,194,57.941641186403366
284,195,54.895597194581356
284,196,54.24421747382141
284,197,51.46073471318556
284,198,51.4815364264997
284,199,50.30707222010894
284,200,51.69235101893166
284,201,49.19071440445913
284,202,48.94266834977154
284,203,51.170725613474794
284,204,50.222160528475435
284,205,53.32094723525211
284,206,53.15550023777223
284,207,56.0975000693272
284,208,55.59643305013439
284,209,56.06342825587074
284,210,58.54635815974034
284,211,57.56632789605221
284,212,57.24336292306286
284,213,53.671972810882025
284,214,52.16069043180537
284,215,51.90572263429732
284,216,48.677946377767505
284,217,48.9455599106745
284,218,52.72649392336652
284,219,53.00646890246568
284,220,53.95723655540226
284,221,53.45550083594324
284,222,50.31672761243917
284,223,48.72000254705519
284,224,46.9894258104702
284,225,44.35942878584982
284,226,44.13824720852407
284,227,42.48265025214035
284,228,43.563546133032624
284,229,41.925375329514864
284,230,44.416867823640565
284,231,43.57766455696075
284,232,45.045394964709125
284,233,48.77002488240277
284,234,49.12577861684914
284,235,50.863176337267504
284,236,50.34154663154527
284,237,53.53238097560259
284,238,53.94806737433499
284,239,57.06389327737828
284,240,58.08552293342838
284,241,61.25590471714106
284,242,59.48681790199934
284,243,56.32329420786999
284,244,54.10327466465833
284,245,51.14469194253559
284,246,50.806966343717434
284,247,47.861613298291246
284,248,48.09444779018611
284,249,46.03082648537497
284,250,42.923076394237384
284,251,39.15676080377111
284,252,37.21318415081
284,253,34.98024030503865
284,254,31.842720239845924
284,255,29.11709736094705
284,256,25.51969689965692
284,257,22.154984604128096
284,258,23.658342745820125
284,259,23.449560360539255
284,260,24.29359319010112
284,261,22.758951050506365
284,262,24.580684170075866
284,263,23.08995472484603
284,264,24.661434075667728
284,265,21.751587423701142
284,266,22.74681363903878
284,267,21.437138470761667
284,268,20.197434847789623
284,269,19.981028450171898
284,270,16.326397324450088
284,271,13.829148859539757
284,272,11.1608146552904
284,273,10.858314210789132
284,274,10.76709191595972
284,275,13.925818836701009
284,276,15.339851316637159
284,277,18.848132880295676
284,278,17.567373230198836
284,279,15.944521170096035
284,280,12.730608263397677
284,281,9.355323348491636
284,282,5.8767845672884125
284,283,3.812159286641564
284,285,3.814043811532743
284,286,6.759660534297707
284,287,9.043930888767544
284,288,10.134122035748073
284,289,13.531330767225445
284,290,14.12567426682144
284,291,16.20652451420034
284,292,17.289512928856855
284,293,18.158494785725313
284,294,15.399805850542098
284,295,15.646743721515271
284,296,13.635984809629077
284,297,10.53295564540713
284,298,9.222829059250332
284,299,8.118343921443493
284,300,11.538141104512748
284,301,13.725225217703976
284,302,15.267193539958798
284,303,17.97834407389168
284,304,16.89479603836437
284,305,15.870529873915068
284,306,14.64678668739096
284,307,14.071531589379493
284,308,14.34419713529091
284,309,13.717884653270906
284,310,16.398264792826915
284,311,15.824294349748964
284,312,19.554127199914074
284,313,23.01908066455452
284,314,25.255650293408166
284,315,26.340069318053477
284,316,30.147639301374895
284,317,31.655561763556566
284,318,35.03473569526012
285,1,55.41821146370197
285,2,56.128149386066376
285,3,52.60294844305175
285,4,48.95669361254618
285,5,45.69939241914771
285,6,42.3221086799323
285,7,39.28284907866988
285,8,35.836039058978876
285,9,32.84290038748659
285,10,29.1701387494653
285,11,27.55314261687852
285,12,26.609408768860202
285,13,25.30026098381082
285,14,26.976067991149524
285,15,24.155080478283686
285,16,21.354582237974057
285,17,18.586599058779438
285,18,18.871874214981514
285,19,16.859046327457307
285,20,17.917969762493414
285,21,19.38312680677609
285,22,21.680743125240127
285,23,24.65854779691567
285,24,23.669752971761955
285,25,22.091174776692544
285,26,21.728307881253926
285,27,22.002851200002347
285,28,22.02174162373165
285,29,20.121532915571777
285,30,20.23251323132053
285,31,16.587565979902386
285,32,13.161372873057749
285,33,9.538911014649313
285,34,7.607761062024881
285,35,5.1332414386719405
285,36,6.123315486434152
285,37,6.136850829955831
285,38,9.926204757077143
285,39,11.588441806231426
285,40,13.009742953529928
285,41,15.773192859867285
285,42,18.084990004007274
285,43,18.971860931393895
285,44,18.596271374000672
285,45,18.37916215369405
285,46,21.312230866359908
285,47,19.825785201109078
285,48,19.33652426415762
285,49,20.408212859568767
285,50,23.90754040163901
285,51,23.831751736589684
285,52,27.265069080201815
285,53,27.891707199290988
285,54,30.527130538588903
285,55,31.698911929700344
285,56,34.6812966256621
285,57,34.56043691218942
285,58,33.19134644396139
285,59,32.70905957327345
285,60,35.871242057388784
285,61,37.84069835490993
285,62,36.952655074748904
285,63,37.84961566798268
285,64,41.23532149413584
285,65,41.92689154817107
285,66,42.22887334143241
285,67,43.989426586066834
285,68,41.35913641927444
285,69,38.813281998388405
285,70,40.999416191924624
285,71,38.573669739592425
285,72,36.18343555526039
285,73,38.754162955538554
285,74,37.58204354490591
285,75,34.02862990115875
285,76,30.965723857244054
285,77,27.25063286572043
285,78,23.8752304121634
285,79,22.981467331002264
285,80,25.84462767138769
285,81,25.172029602909546
285,82,27.78187172227402
285,83,28.61182189112699
285,84,30.317266478435936
285,85,33.22696369375565
285,86,34.19868464158978
285,87,37.76761162423538
285,88,40.4009359774197
285,89,43.65268754153508
285,90,45.667533692846725
285,91,47.66949073598542
285,92,46.45101626879783
285,93,44.877005059211356
285,94,43.333522493679276
285,95,41.1496672969637
285,96,41.472158750075735
285,97,38.125957207935755
285,98,36.433103682535105
285,99,32.92555237425654
285,100,33.735106767074974
285,101,35.19488175734275
285,102,32.246226503923666
285,103,29.868564981373723
285,104,31.843360522421435
285,105,32.45876479487174
285,106,28.822612333358663
285,107,27.874435124497207
285,108,30.652172031666794
285,109,29.205943408707416
285,110,32.61070191706501
285,111,35.68965306789647
285,112,37.99116278210892
285,113,41.453576012035214
285,114,44.60864950715618
285,115,47.92289240409233
285,116,50.548175235464534
285,117,54.30639775909809
285,118,54.932375655675585
285,119,58.64422529138212
285,120,59.49732796707284
285,121,63.286709605538924
285,122,65.20582251558184
285,123,62.480396317120636
285,124,61.325566981869535
285,125,57.83734336276859
285,126,55.285534407394934
285,127,55.80391788094319
285,128,54.29555002304261
285,129,53.76560884770153
285,130,53.79542757969162
285,131,50.60895925031011
285,132,48.875637208371586
285,133,50.260697023910794
285,134,49.40040567653559
285,135,50.995156231501674
285,136,54.08664406611739
285,137,55.30847659644001
285,138,54.104925287918775
285,139,51.607069323889085
285,140,49.41549379781722
285,141,46.238410885795524
285,142,46.174621575333624
285,143,45.3690994972235
285,144,47.87277041956296
285,145,51.67711290888629
285,146,53.72446901854829
285,147,57.050192219670876
285,148,60.14849149408371
285,149,63.87098107309385
285,150,65.88787729525586
285,151,69.55283777212404
285,152,70.20931527000265
285,153,68.43284339082354
285,154,64.9359441053566
285,155,65.33686105952994
285,156,63.35817275326745
285,157,60.72254584625509
285,158,59.875802733091895
285,159,57.68987356850795
285,160,55.748539403359196
285,161,52.87409738020928
285,162,52.03207488559021
285,163,48.75529893922764
285,164,49.85784953030802
285,165,46.44634252263424
285,166,43.93043368022642
285,167,41.19209919813212
285,168,40.791399318925414
285,169,42.0836422839398
285,170,40.85486796250188
285,171,43.71324599072807
285,172,43.45416339776668
285,173,46.71136787577258
285,174,48.045008861343526
285,175,50.940769083496335
285,176,52.70744218820192
285,177,53.721946196770546
285,178,56.65947242695984
285,179,57.74262413540892
285,180,61.52940142473419
285,181,64.00552991793633
285,182,65.40559379904153
285,183,62.01817999477687
285,184,61.70043676652164
285,185,65.15957820744539
285,186,65.1135469830143
285,187,62.026594168508545
285,188,62.380132353274114
285,189,65.96395984620355
285,190,65.42741099729608
285,191,65.32700511987419
285,192,62.327743378608645
285,193,59.897552644693235
285,194,57.683260251070706
285,195,54.76729475208216
285,196,54.11042150588175
285,197,51.477385588899025
285,198,51.481010838230766
285,199,50.41309387204258
285,200,51.72031296456133
285,201,49.008691174213084
285,202,48.66514852806362
285,203,50.854601193886175
285,204,49.85818932781848
285,205,52.89025502145039
285,206,52.680397229434185
285,207,55.55777028372087
285,208,55.12039723588485
285,209,55.41317871367317
285,210,57.95282130610676
285,211,56.838908177791886
285,212,56.53821795230252
285,213,52.92294275379021
285,214,51.399551720643196
285,215,51.38768114699974
285,216,48.32094616701533
285,217,48.85984852752598
285,218,52.61045568579195
285,219,52.816703435230146
285,220,53.540065140303206
285,221,53.15039267016083
285,222,50.022547588650376
285,223,48.56852308428786
285,224,46.698676235080036
285,225,44.242801618762314
285,226,44.00187106758816
285,227,42.522074752035756
285,228,43.673837474672574
285,229,42.18182211329116
285,230,44.83592892994216
285,231,44.049313715395854
285,232,45.77049183347808
285,233,49.443137838461666
285,234,49.59529301497816
285,235,51.37027929545399
285,236,50.77773286181751
285,237,53.8537644629585
285,238,54.225323637070574
285,239,57.20196610466131
285,240,58.15954466947965
285,241,61.291645102241915
285,242,59.517365553958065
285,243,56.32352787892491
285,244,54.26040238764215
285,245,51.43990021431951
285,246,51.28891496830312
285,247,48.50913088186671
285,248,49.03215236534952
285,249,47.024325402231064
285,250,43.84837328236657
285,251,40.12577636014913
285,252,38.3310455732679
285,253,35.85936799063422
285,254,32.83783418785596
285,255,29.91665398650037
285,256,26.490613581061286
285,257,23.087203726282954
285,258,24.542586016484233
285,259,23.857565429767927
285,260,24.536589445578105
285,261,22.74770816702623
285,262,24.341436486413485
285,263,23.042021863210667
285,264,24.792249415708604
285,265,22.231368894935112
285,266,23.809693495554733
285,267,23.004869649740662
285,268,22.22555430156591
285,269,22.55267755002115
285,270,19.083462580398372
285,271,16.77604196611009
285,272,13.68053000714796
285,273,12.99840265461341
285,274,11.86579384464755
285,275,14.600385820788098
285,276,15.147011653694532
285,277,18.54539734961934
285,278,17.216690898250658
285,279,16.40959670317821
285,280,13.750440820704922
285,281,10.087124096662965
285,282,7.639552307354422
285,283,5.332255335850608
285,284,3.814043811532743
285,286,3.8200057753055017
285,287,5.668519666715776
285,288,7.4256502611750825
285,289,10.862413002988124
285,290,12.350595047745207
285,291,14.509400990625634
285,292,15.368744166661795
285,293,16.977809356704675
285,294,14.811746866132331
285,295,15.871581706383195
285,296,14.494122562119873
285,297,11.453583846663069
285,298,9.095874527227085
285,299,6.517393878437552
285,300,9.154543802474837
285,301,11.059056287721992
285,302,11.963930535196264
285,303,14.605997297045349
285,304,13.335189125303197
285,305,12.682733059261135
285,306,11.338827493684523
285,307,10.519547212671853
285,308,11.28045896624807
285,309,10.9566987562353
285,310,14.138693261103798
285,311,14.393936299913891
285,312,18.183768234233526
285,313,21.369335950438064
285,314,23.238402055204826
285,315,24.517829598511145
285,316,28.308844707381233
285,317,30.033369793714066
285,318,33.583578869111605
286,1,56.82410357381409
286,2,57.30411186126566
286,3,53.6998997755882
286,4,50.138427207776296
286,5,46.828205283306914
286,6,43.41424420810153
286,7,40.34651394392928
286,8,36.790774199000815
286,9,33.921625513426356
286,10,30.37393538645186
286,11,29.156682211546936
286,12,28.300702243782172
286,13,27.34610677069673
286,14,29.117697628365125
286,15,26.250975485268704
286,16,23.14902805012209
286,17,20.12629575831619
286,18,19.751944824920518
286,19,17.142545000718158
286,20,17.38524665159433
286,21,18.308456169196365
286,22,20.027502758238985
286,23,23.316888051292022
286,24,22.86180315110658
286,25,21.49489462523852
286,26,21.747401362991376
286,27,22.238727665841225
286,28,22.875082963867843
286,29,21.14616770228543
286,30,21.83209960009851
286,31,18.437009924089583
286,32,14.831870245719982
286,33,11.646031695887972
286,34,9.613174423265532
286,35,6.031138491306255
286,36,6.806826333464868
286,37,7.962033481977228
286,38,11.480507665573422
286,39,13.823308261463964
286,40,15.235387462009477
286,41,18.31024112205059
286,42,20.077117473621485
286,43,20.92241357738923
286,44,20.101059112107492
286,45,20.127912494887163
286,46,22.76069993505678
286,47,21.224830264175843
286,48,20.35532687338133
286,49,20.912050617785898
286,50,24.42240359658235
286,51,24.432108655370737
286,52,27.749709030071074
286,53,28.590034703314053
286,54,30.94430309607491
286,55,32.44357212881953
286,56,35.22144471165696
286,57,34.74288148154955
286,58,32.98921320580335
286,59,32.264165802297285
286,60,35.19620764582082
286,61,37.488031274559965
286,62,36.73691594219305
286,63,37.28257892518665
286,64,40.65895524884039
286,65,41.68435391280117
286,66,42.14766148730392
286,67,44.190678640429695
286,68,41.79005073158785
286,69,39.07131934173273
286,70,41.27546802470176
286,71,39.09321052193153
286,72,36.41981688509248
286,73,38.783678071747985
286,74,37.46836009935022
286,75,34.07269195521423
286,76,30.847135978250982
286,77,27.172076719297802
286,78,23.6138977317225
286,79,22.816425518604945
286,80,25.739241085943405
286,81,25.363907295320843
286,82,27.847079744452376
286,83,29.01917014210121
286,84,30.64609022698704
286,85,33.79399682901638
286,86,34.48209642807966
286,87,37.89670754009134
286,88,40.32886627996892
286,89,43.727664687568165
286,90,45.519076619267004
286,91,47.26131888089686
286,92,45.88435760826929
286,93,44.05191257261486
286,94,42.23606608721174
286,95,39.84998602318746
286,96,39.85475069623855
286,97,36.36625214521085
286,98,35.003882338263686
286,99,31.360669028122214
286,100,31.938134206050425
286,101,33.69096155477747
286,102,31.001992154576232
286,103,28.327943859500895
286,104,30.241010518722096
286,105,31.273473110953308
286,106,27.788028719397822
286,107,26.500588163328693
286,108,29.432215535892954
286,109,28.4368192749132
286,110,32.01831830441611
286,111,35.18342242967677
286,112,37.48430105276343
286,113,40.85622494907204
286,114,43.92965322368899
286,115,47.26998839121002
286,116,49.68270608776971
286,117,53.43468857889426
286,118,53.925502245452414
286,119,57.64518154299027
286,120,58.48251551291803
286,121,62.25342141122565
286,122,64.22519741695777
286,123,61.595837880605785
286,124,60.65795279882297
286,125,57.22918835613955
286,126,54.85747403168424
286,127,55.35346615475436
286,128,54.034244863181605
286,129,53.57639196247255
286,130,53.831548760573305
286,131,50.56875384672203
286,132,48.86472579482801
286,133,50.497489321875534
286,134,49.72836355304325
286,135,51.576146396474854
286,136,54.69394618745437
286,137,55.66556067422847
286,138,54.222208171367804
286,139,51.59312348136903
286,140,49.17270209942811
286,141,45.88451436717735
286,142,45.910809677855255
286,143,44.8186559722036
286,144,47.16668568275005
286,145,50.97063671330564
286,146,52.999964332448535
286,147,56.20828233787747
286,148,59.323005938699
286,149,63.003208932817714
286,150,65.10545930578384
286,151,68.78086211540699
286,152,69.32124922775813
286,153,67.38214106948091
286,154,63.81096736304722
286,155,64.05252806672256
286,156,61.89761247053281
286,157,59.32385985784221
286,158,58.33582226967316
286,159,56.236062288410714
286,160,54.19336086869176
286,161,51.427192688162314
286,162,50.44362323517473
286,163,47.16921778062229
286,164,48.31669830217748
286,165,44.99896435782424
286,166,42.33527723349255
286,167,39.62897927229928
286,168,39.137191954287886
286,169,40.627103158021434
286,170,39.44140859350916
286,171,42.37995848355304
286,172,42.25843348471585
286,173,45.49933499329727
286,174,46.84154459779153
286,175,49.68907302969074
286,176,51.64066781198054
286,177,52.5990933338236
286,178,55.67986459487264
286,179,56.81741686422671
286,180,60.57452382818007
286,181,62.92475455023373
286,182,64.50847220907244
286,183,61.19275179168296
286,184,60.66829608608816
286,185,64.13250157261666
286,186,64.29792267129538
286,187,61.18212856522722
286,188,61.32410594175745
286,189,64.86262055733884
286,190,64.12087047774098
286,191,63.97815285808372
286,192,60.8533711932574
286,193,58.43938719332725
286,194,56.07680758954663
286,195,53.17863822758041
286,196,52.33721363900481
286,197,49.7223962111427
286,198,49.533921286916986
286,199,48.38487716906522
286,200,49.49361730652827
286,201,46.65114797545911
286,202,46.41418834966014
286,203,48.7158306586589
286,204,47.87444124187057
286,205,50.962164788487534
286,206,50.919215811665865
286,207,53.86765723674542
286,208,53.656576772166076
286,209,53.999631013907816
286,210,56.70280007215444
286,211,55.67430017119878
286,212,55.58746120488346
286,213,52.01329191941184
286,214,50.70027190216232
286,215,50.93422221039883
286,216,47.96374578993287
286,217,48.75513286664286
286,218,52.46087075938204
286,219,52.40672606110643
286,220,52.8883032606332
286,221,52.36362093043211
286,222,49.12797236885848
286,223,47.58284469394451
286,224,45.46293960556374
286,225,42.99821127841334
286,226,42.503722210106226
286,227,40.96203142959742
286,228,41.939480404552974
286,229,40.377752327223085
286,230,43.01508892735611
286,231,42.09372896990634
286,232,43.912328201558545
286,233,47.51282123719684
286,234,47.62622766833698
286,235,49.560312458510445
286,236,49.08367175679968
286,237,52.13839510007416
286,238,52.652046607995366
286,239,55.57815901994545
286,240,56.655227687914085
286,241,59.84674740518854
286,242,58.230544705478
286,243,55.13136185977981
286,244,53.05627269947155
286,245,50.41665339794786
286,246,50.23002338383821
286,247,47.50206543335067
286,248,48.233041716018676
286,249,46.099903331162096
286,250,42.78362696574189
286,251,39.13623555435763
286,252,37.28347460159984
286,253,34.53940441963399
286,254,31.508471774804132
286,255,28.340132396126883
286,256,25.106107216881988
286,257,21.879771368896076
286,258,23.617350436609417
286,259,22.86177200229725
286,260,23.84384033345621
286,261,22.322201998577132
286,262,24.15445952960526
286,263,23.429158787458253
286,264,25.657795185772457
286,265,23.51738329126145
286,266,25.429191300805506
286,267,24.648921890329614
286,268,24.339747191677706
286,269,24.79743740612633
286,270,21.425724704262855
286,271,18.80898438745376
286,272,15.402724580003973
286,273,13.817172744482995
286,274,12.381602038317945
286,275,15.098020807233997
286,276,15.425615769455337
286,277,18.90461829559539
286,278,18.196997216900673
286,279,17.772112810798717
286,280,15.310329944533278
286,281,11.964228087585916
286,282,10.09964383808011
286,283,6.98397076622708
286,284,6.759660534297707
286,285,3.8200057753055017
286,287,3.814321778166645
286,288,7.045206360566217
286,289,10.680109678868348
286,290,12.740497743329799
286,291,14.085526716459634
286,292,13.997513011208381
286,293,15.91158238199447
286,294,13.95221498566514
286,295,15.137477029745792
286,296,13.87442529020529
286,297,10.730895156818857
286,298,8.29353560593974
286,299,4.956123910396222
286,300,6.4396172478469085
286,301,9.06661119839926
286,302,9.96171093136024
286,303,13.16818306502633
286,304,12.462837871897575
286,305,12.91715578203142
286,306,11.885417995481177
286,307,10.487478452259811
286,308,11.9489753983861
286,309,11.317453451418782
286,310,14.7983162386778
286,311,15.594086350719902
286,312,19.346703470420884
286,313,22.152669836953454
286,314,23.92671547395887
286,315,25.686994583324125
286,316,29.40556044273342
286,317,31.506970240747854
286,318,35.149469245179816
287,1,58.55491233414664
287,2,59.11053474284348
287,3,55.47308906082085
287,4,51.916753616477074
287,5,48.493813854693826
287,6,45.21429210512508
287,7,41.97691946582622
287,8,38.517386313033235
287,9,35.460529662407474
287,10,31.90337108838121
287,11,30.534619765072506
287,12,29.23528581186713
287,13,28.00781715199356
287,14,29.335286428552607
287,15,26.147120783360236
287,16,23.177240869595664
287,17,19.831734625245343
287,18,19.050428483890997
287,19,16.597159408793978
287,20,16.60103171798149
287,21,17.979512073892742
287,22,19.565787951000978
287,23,22.67151696617643
287,24,22.00784952648319
287,25,20.129655140958242
287,26,20.694342810220498
287,27,21.818007791441563
287,28,22.691348229992403
287,29,21.55639841989502
287,30,22.581828800049454
287,31,19.247980546211803
287,32,15.487713531550327
287,33,12.420429912195095
287,34,9.42701595922248
287,35,5.956920264214918
287,36,4.5834030157458105
287,37,6.090996071717926
287,38,8.85706778896376
287,39,11.788960703153396
287,40,13.58356956806556
287,41,17.065358050719944
287,42,18.361700196158317
287,43,19.72496683887828
287,44,19.210660898206434
287,45,19.952686221211145
287,46,22.805956608650956
287,47,21.88334010619459
287,48,21.34532580277475
287,49,21.415698722832342
287,50,24.63857420648267
287,51,24.075876551378627
287,52,27.109593326843616
287,53,27.53174527732409
287,54,29.592996480030347
287,55,30.903280755450808
287,56,33.450465374525656
287,57,33.09232276290502
287,58,31.249664748339313
287,59,30.84207208515609
287,60,33.64008281137951
287,61,35.896503846868825
287,62,35.49816931013995
287,63,36.15542463724329
287,64,39.35136457183013
287,65,40.45780266820235
287,66,40.65232955260674
287,67,42.805581974159466
287,68,40.35147625348097
287,69,37.802291346874405
287,70,40.28141583903614
287,71,38.297466179980894
287,72,35.65716724706163
287,73,38.18924385249395
287,74,37.19512511151331
287,75,33.78748388510733
287,76,30.759088196183964
287,77,27.022919237469978
287,78,23.608597024912324
287,79,22.23272535493442
287,80,24.74605995984063
287,81,23.958717353611114
287,82,26.03975938151665
287,83,26.956199007852756
287,84,28.20705958040068
287,85,31.49809362858266
287,86,32.366032805873104
287,87,35.7183385871098
287,88,38.26895652233993
287,89,41.74058036976595
287,90,43.64839140340437
287,91,45.295639369319574
287,92,43.7016946023043
287,93,41.96318498335141
287,94,40.074963450464985
287,95,37.866006548098454
287,96,37.81684663393681
287,97,34.39676926806274
287,98,33.022808459973035
287,99,29.39160926212243
287,100,30.325490218719164
287,101,32.25189626784997
287,102,29.47453843384382
287,103,26.989598925893187
287,104,29.298150058544106
287,105,30.380574242444386
287,106,26.867702870491623
287,107,25.93344744441504
287,108,29.144992622740965
287,109,28.18786415778069
287,110,31.78463461374368
287,111,34.7083131469735
287,112,37.312812919465664
287,113,40.52600909847463
287,114,43.75709648219463
287,115,46.93763915682821
287,116,49.373232529649044
287,117,53.082360876700875
287,118,53.33744268066208
287,119,56.992955683330706
287,120,57.587878218995975
287,121,61.34841057538321
287,122,63.13571497019353
287,123,60.38804666413183
287,124,59.41835020456063
287,125,56.07755478248003
287,126,53.651680816844845
287,127,53.89988165147871
287,128,52.456371626829515
287,129,51.77491247214128
287,130,51.92597488707563
287,131,48.55180344427268
287,132,47.08377910591399
287,133,48.83864951249621
287,134,48.33148676687377
287,135,50.231237112864605
287,136,53.20280335072458
287,137,54.14328995841985
287,138,52.61710517867193
287,139,50.118739954404354
287,140,47.69026075145181
287,141,44.509894594833746
287,142,44.832841681419445
287,143,43.83089363440822
287,144,45.980124736671456
287,145,49.78652207924887
287,146,51.58623990203785
287,147,54.844744695733084
287,148,57.81838522684943
287,149,61.51467782790572
287,150,63.77291810225642
287,151,67.40601034635253
287,152,67.78538227511979
287,153,65.91620170208093
287,154,62.374689950372556
287,155,62.760159232030716
287,156,60.63999482671295
287,157,58.22363388435238
287,158,57.41573240415057
287,159,55.50583147525605
287,160,53.65627814318738
287,161,51.04490949356644
287,162,50.28287588821077
287,163,47.16815889040431
287,164,48.60047039502179
287,165,45.41161367862081
287,166,42.91065484639156
287,167,39.981748758293854
287,168,39.13565313761126
287,169,40.38035358492857
287,170,38.863070378566846
287,171,41.580503045702194
287,172,41.16016436084058
287,173,44.225475494786366
287,174,45.28916568706038
287,175,47.958972100256034
287,176,49.76123931658315
287,177,50.491833373258864
287,178,53.50072495736109
287,179,54.43921782657497
287,180,58.210722229245434
287,181,60.6639076503752
287,182,62.3096131353983
287,183,59.06477084019539
287,184,58.63066357719599
287,185,62.17303377993096
287,186,62.38525849620134
287,187,59.391414170664575
287,188,59.60826969548864
287,189,63.08381899969
287,190,62.318522599552765
287,191,61.98679418036985
287,192,58.90128861180335
287,193,56.65263992003212
287,194,54.413169868051995
287,195,51.67563907614125
287,196,51.01151150165524
287,197,48.59792067326331
287,198,48.600152755224315
287,199,47.71680746084381
287,200,48.95949497815162
287,201,46.00435514488253
287,202,45.48518117062729
287,203,47.57482661497763
287,204,46.50449114154696
287,205,49.42676694380317
287,206,49.17042286362994
287,207,51.962996842543255
287,208,51.637367510512995
287,209,51.75404045006401
287,210,54.38648738992581
287,211,53.173765568436984
287,212,52.98017150114652
287,213,49.35877492977722
287,214,47.932658759542676
287,215,48.2683065903365
287,216,45.4208845475532
287,217,46.35400017912777
287,218,50.02636970257652
287,219,50.02209477913295
287,220,50.40350695028164
287,221,50.06843484227377
287,222,46.93023431748289
287,223,45.610724905324766
287,224,43.531744413424136
287,225,41.29910192338721
287,226,41.00001472363339
287,227,39.76145015432006
287,228,41.00413375365601
287,229,39.75796644083231
287,230,42.631936333876354
287,231,41.99567553643514
287,232,44.09349160730586
287,233,47.660001491420594
287,234,47.46920851212999
287,235,49.22565305396071
287,236,48.498743051729775
287,237,51.37834606576178
287,238,51.67027200829822
287,239,54.43632428290677
287,240,55.30595231280765
287,241,58.375888901854594
287,242,56.626271999545594
287,243,53.43285845587653
287,244,51.5709194399285
287,245,48.97518345637657
287,246,49.0581850357874
287,247,46.53198882529539
287,248,47.47315424095013
287,249,45.55931992770041
287,250,42.32233832313624
287,251,38.71916037204846
287,252,37.19381000967756
287,253,34.43128198779523
287,254,31.684213874404808
287,255,28.60187413747577
287,256,25.542040801263592
287,257,22.17900588474985
287,258,23.431233631168453
287,259,22.074291607407297
287,260,22.551365934902808
287,261,20.605548156336006
287,262,21.996201761681107
287,263,21.273991058478845
287,264,23.4837118360169
287,265,21.66802013101612
287,266,24.024286868679496
287,267,23.779432215749942
287,268,23.890994288844418
287,269,24.93070319624138
287,270,21.867906009138622
287,271,19.67759397522621
287,272,16.073421613038395
287,273,14.704264010484527
287,274,12.33201951038352
287,275,14.197498374285512
287,276,13.595428583023523
287,277,16.69718969587871
287,278,15.87846342329182
287,279,16.186502225042286
287,280,14.43427695884535
287,281,11.211838562420457
287,282,10.538865161376975
287,283,8.370987490400914
287,284,9.043930888767544
287,285,5.668519666715776
287,286,3.814321778166645
287,288,3.781611542249665
287,289,7.081167754309933
287,290,9.638103426046493
287,291,11.000626224344703
287,292,11.040718831049132
287,293,13.514303884372323
287,294,12.323883910209704
287,295,14.398335695916723
287,296,14.115218677217443
287,297,11.739379387855443
287,298,8.394756105803884
287,299,4.66674068678392
287,300,4.756835978057176
287,301,5.911224856115757
287,302,6.4076919251663655
287,303,9.472346141720148
287,304,9.05133340124127
287,305,9.650360426375178
287,306,9.442930077364379
287,307,8.896631703819107
287,308,11.4097129683778
287,309,11.935555143350962
287,310,15.690693374574748
287,311,17.17972914982638
287,312,20.79580835323024
287,313,23.397753899769533
287,314,24.632112008217504
287,315,26.193360467704085
287,316,29.83488813506271
287,317,31.823231718872155
287,318,35.55538138069355
288,1,60.780263763575945
288,2,61.51381097699191
288,3,57.91103216758196
288,4,54.31035845260548
288,5,50.869172918795584
288,6,47.67869237513793
288,7,44.38272216514202
288,8,41.0357855228989
288,9,37.82626520931419
288,10,34.20254204388976
288,11,32.520386808507645
288,12,30.92145955789159
288,13,29.28465816403173
288,14,30.21217844485908
288,15,26.831329199887808
288,16,24.22268905617129
288,17,20.842684313513928
288,18,20.1755045439037
288,19,18.246278413817702
288,20,18.49296786354956
288,21,20.3953737112278
288,22,22.070253891636813
288,23,24.896690512686583
288,24,23.873758140161858
288,25,21.503895648175074
288,26,22.008754204946452
288,27,23.50497102683039
288,28,24.194517399157814
288,29,23.383511568600273
288,30,24.265396361282406
288,31,20.84748439814333
288,32,17.166133419797955
288,33,13.973517669735838
288,34,10.473516006479795
288,35,7.952682927547323
288,36,4.794088390026898
288,37,4.33017225199393
288,38,5.954276425459818
288,39,8.7783658550034
288,40,10.466211046373875
288,41,14.118802821011009
288,42,15.012930031505906
288,43,16.684319623394032
288,44,16.47670127637455
288,45,17.76103694032281
288,46,20.80927461772928
288,47,20.475853282290494
288,48,20.367408844223462
288,49,20.162214869931795
288,50,23.06582716353595
288,51,21.986184034811018
288,52,24.80163007071275
288,53,24.812271009835207
288,54,26.76461454019216
288,55,27.811834138652227
288,56,30.285072820002114
288,57,30.157524359161666
288,58,28.456104240637423
288,59,28.393085258846988
288,60,31.228287758753567
288,61,33.26640449439436
288,62,33.029554057319544
288,63,33.958080988179155
288,64,37.02516802696578
288,65,37.996582591947536
288,66,37.92876654493054
288,67,40.012796258274555
288,68,37.427100220408995
288,69,35.07243340344801
288,70,37.72810979439077
288,71,35.789744895223805
288,72,33.30850883707358
288,73,36.05452005990889
288,74,35.38666350130738
288,75,31.911063726241974
288,76,29.145349716538288
288,77,25.373754881128413
288,78,22.21617077999241
288,79,20.330260213793405
288,80,22.45997393925125
288,81,21.224901690884007
288,82,23.08141586417262
288,83,23.682232092027874
288,84,24.76859524031141
288,85,28.034992623003497
288,86,29.110219758538065
288,87,32.49745560274085
288,88,35.20735995319625
288,89,38.644072404989686
288,90,40.726431789746506
288,91,42.45835978231821
288,92,40.842404885738766
288,93,39.313495912363045
288,94,37.57359833798691
288,95,35.60765869305557
288,96,35.77678907382158
288,97,32.524289098712174
288,98,30.881027570601375
288,99,27.382968648404773
288,100,28.707760643673133
288,101,30.492626124586813
288,102,27.48165311840726
288,103,25.362272650345833
288,104,27.968572684108647
288,105,28.774681153892022
288,106,25.16805688805321
288,107,24.741930479269055
288,108,28.030199581088308
288,109,26.82456321349399
288,110,30.29945286010945
288,111,32.96464962669484
288,112,35.79442232938963
288,113,38.91831061822278
288,114,42.30755631804776
288,115,45.336997742396065
288,116,47.90992752469014
288,117,51.580199764594234
288,118,51.74246203700304
288,119,55.33835536121531
288,120,55.76995990249926
288,121,59.52888068675466
288,122,61.15469314558768
288,123,58.272270708560306
288,124,57.15176870194616
288,125,53.8388991401881
288,126,51.27851905952542
288,127,51.37883441416909
288,128,49.757132862519235
288,129,48.9062757291381
288,130,48.88641975725715
288,131,45.49078855199051
288,132,44.141088651951996
288,133,45.84998332688198
288,134,45.465333849953396
288,135,47.29020772861605
288,136,50.156305899059966
288,137,51.17944584042148
288,138,49.712095468611786
288,139,47.36001542069859
288,140,45.0465587003013
288,141,42.00074835842582
288,142,42.47396262421008
288,143,41.69630109532747
288,144,43.794825546344
288,145,47.5949624729391
288,146,49.252814704020516
288,147,52.60995776412157
288,148,55.48134616289362
288,149,59.20944076001362
288,150,61.509997673202605
288,151,65.10646621582063
288,152,65.45802769738945
288,153,63.73642669370427
288,154,60.26584623119685
288,155,60.848388714494
288,156,58.87750547928209
288,157,56.523195862741545
288,158,55.939375796643795
288,159,54.103825527753465
288,160,52.470842744451005
288,161,49.90398933470793
288,162,49.41514464240264
288,163,46.43428329676228
288,164,48.060508147832486
288,165,44.92406440247896
288,166,42.675859702587374
288,167,39.54895184391161
288,168,38.484919553349414
288,169,39.38816215453506
288,170,37.596610227603215
288,171,40.08506042432492
288,172,39.36268433026418
288,173,42.31235329970005
288,174,43.19137163236587
288,175,45.78384910862899
288,176,47.37169832473984
288,177,48.01965128705919
288,178,50.893430758366044
288,179,51.70395081153803
288,180,55.49908219123708
288,181,58.08051224189033
288,182,59.6333421242869
288,183,56.37938783705164
288,184,56.12416241609779
288,185,59.70069162991183
288,186,59.80274474585118
288,187,56.89629563353177
288,188,57.291042859090645
288,189,60.75752460867473
288,190,60.12065798886673
288,191,59.71958527014417
288,192,56.749697687843195
288,193,54.57998722447703
288,194,52.524622039989296
288,195,49.872752815558805
288,196,49.46140590780416
288,197,47.16833551071927
288,198,47.45069852524846
288,199,46.820499216021794
288,200,48.322591422960286
288,201,45.41463488935261
288,202,44.609225661022926
288,203,46.45450709561566
288,204,45.11234808583575
288,205,47.880851019018756
288,206,47.367229829685364
288,207,50.013459895478015
288,208,49.45397135572917
288,209,49.424022068528785
288,210,51.90136050570476
288,211,50.5521067719698
288,212,50.170900121240585
288,213,46.506588058373794
288,214,44.907540737271205
288,215,45.1313768958137
288,216,42.27669500709252
288,217,43.13737693464149
288,218,46.817981219823245
288,219,46.973853548782216
288,220,47.45258504546033
288,221,47.28431150307513
288,222,44.26419531137732
288,223,43.12259356134364
288,224,41.241728508582575
288,225,39.15220907592262
288,226,39.15708862773062
288,227,38.16252754057177
288,228,39.71185559442318
288,229,38.7482047840786
288,230,41.79645254173041
288,231,41.48709244588275
288,232,43.7214446810939
288,233,47.30368689157895
288,234,46.90402428603393
288,235,48.393952282240335
288,236,47.395638369477346
288,237,50.157783693215066
288,238,50.18925928682577
288,239,52.88013308168948
288,240,53.52680933753776
288,241,56.47338224855741
288,242,54.53433538366529
288,243,51.225162328260254
288,244,49.501519853318925
288,245,46.81671786214872
288,246,47.09727608776045
288,247,44.680905647644174
288,248,45.63825516665856
288,249,43.96868943626949
288,250,40.89216892916508
288,251,37.289848825394124
288,252,36.06566010295448
288,253,33.485193711369654
288,254,30.993373034906135
288,255,28.181583713259553
288,256,25.165603857407262
288,257,21.618704303196
288,258,22.270539655899984
288,259,20.50374633690037
288,260,20.400733045295333
288,261,18.007863548308276
288,262,18.96517398259651
288,263,17.963759409885817
288,264,19.98589455611842
288,265,18.257586562880924
288,266,20.822742077641376
288,267,20.963504127457497
288,268,21.339354235664395
288,269,22.83780489053689
288,270,20.110901334332123
288,271,18.41464285908392
288,272,14.809429416812481
288,273,13.928488153358149
288,274,10.91263209577047
288,275,11.900276209187934
288,276,10.617527412833644
288,277,13.378804061305967
288,278,12.288419403088817
288,279,12.996362518132637
288,280,11.839502020206607
288,281,8.898867103333748
288,282,9.464453595337092
288,283,8.589516757333461
288,284,10.134122035748073
288,285,7.4256502611750825
288,286,7.045206360566217
288,287,3.781611542249665
288,289,3.8113577184097402
288,290,5.864628536062441
288,291,7.640865204373487
288,292,8.617974108918386
288,293,11.017496552738173
288,294,10.243485224251845
288,295,12.87712265080977
288,296,13.37781989933131
288,297,11.856320019623745
288,298,8.09742374564286
288,299,5.3911849782201715
288,300,5.749255320981916
288,301,4.854038149093971
288,302,6.007814958170101
288,303,8.313726549587788
288,304,8.428353076926369
288,305,8.126191652175313
288,306,9.189470327697444
288,307,10.154810205584134
288,308,12.979688087465089
288,309,14.36692743867441
288,310,18.059054969235067
288,311,19.581952207586674
288,312,23.130630542137503
288,313,25.820905735419405
288,314,26.80349260706596
288,315,27.957926869302195
288,316,31.568693913015483
288,317,33.23111520689429
288,318,36.945823745495325
289,1,62.30938350718785
289,2,63.132694066285154
289,3,59.52456121029386
289,4,55.9413247231684
289,5,52.42307194674763
289,6,49.38394852800413
289,7,45.96389771556029
289,8,42.74713823054411
289,9,39.39685815108722
289,10,35.80712778215241
289,11,33.990678717220966
289,12,32.02176308257051
289,13,30.148861993239944
289,14,30.620899991024856
289,15,27.031922058163875
289,16,24.6821497740678
289,17,21.181298244801898
289,18,20.23419152975443
289,19,18.680862740421386
289,20,18.81496407394575
289,21,21.10005459708149
289,22,22.67104725287201
289,23,25.14280998729381
289,24,23.86524334992851
289,25,21.056762251435394
289,26,21.742116516196326
289,27,23.758020713813213
289,28,24.558702018283032
289,29,24.310399182231592
289,30,25.40578162250562
289,31,22.17314235765524
289,32,18.596581446893012
289,33,15.755437658618327
289,34,11.987752511120867
289,35,10.254158194700178
289,36,6.494635677004649
289,37,6.045822878725023
289,38,5.010110214462378
289,39,8.11844926945677
289,40,10.226867910462857
289,41,13.99398169384126
289,42,14.25726557879585
289,43,16.595832169015196
289,44,16.92973994512582
289,45,18.90759701425773
289,46,22.074021960734846
289,47,22.359890734392987
289,48,22.604265304518602
289,49,22.065603215396347
289,50,24.567736116404937
289,51,22.93541854268523
289,52,25.3472798944474
289,53,24.825728643770123
289,54,26.421751288716546
289,55,27.12736755393862
289,56,29.29961788971807
289,57,29.411451419021947
289,58,27.720835909682908
289,59,28.10341561292419
289,60,30.756176708451843
289,61,32.647479271960854
289,62,32.80746790112379
289,63,33.912000385246486
289,64,36.721128014431464
289,65,37.709153927221415
289,66,37.29679668417124
289,67,39.42663916521536
289,68,36.7637184159199
289,69,34.68309853777976
289,70,37.61082046899384
289,71,35.87983483481259
289,72,33.536575736955996
289,73,36.453231762916964
289,74,36.16133716556348
289,75,32.717842475128236
289,76,30.24868017162505
289,77,26.523855766796313
289,78,23.66142308430917
289,79,21.256729152640887
289,80,22.810992260727875
289,81,21.061929183917982
289,82,22.34761687588352
289,83,22.488549386011783
289,84,23.026240502630934
289,85,26.373326043350378
289,86,27.75272125793458
289,87,31.03983342767062
289,88,33.91379493370582
289,89,37.36869874992175
289,90,39.62063665865613
289,91,41.27154917301056
289,92,39.43501152322998
289,93,38.09134945073224
289,94,36.335456441191276
289,95,34.65449135522425
289,96,34.8115102120734
289,97,31.724367955089424
289,98,30.041044369379975
289,99,26.668019404267614
289,100,28.431171849508072
289,101,30.325000976192076
289,102,27.244328679089467
289,103,25.46643942516444
289,104,28.439460532350363
289,105,29.213655496296173
289,106,25.6663115680793
289,107,25.684343968606413
289,108,29.126505972183644
289,109,27.932653347075465
289,110,31.299340765882704
289,111,33.64073509212934
289,112,36.72752632225341
289,113,39.65115943936459
289,114,43.164649481392445
289,115,45.99062231344853
289,116,48.58993884842663
289,117,52.18215324772373
289,118,52.1191187105566
289,119,55.617193264657715
289,120,55.79157189127774
289,121,59.51586256550167
289,122,60.92539635027736
289,123,57.91735572779249
289,124,56.7341556089459
289,125,53.532153228776636
289,126,50.90135934469656
289,127,50.7254996344746
289,128,48.938983574791784
289,129,47.81833086825564
289,130,47.62875114029952
289,131,44.1388953970086
289,132,43.08195307304529
289,133,44.870845556276414
289,134,44.77990777551887
289,135,46.596661202862045
289,136,49.2634041336544
289,137,50.29430658643671
289,138,48.789223641425075
289,139,46.63481436637729
289,140,44.377604949408095
289,141,41.510572839137645
289,142,42.29879134884501
289,143,41.68134119198819
289,144,43.55982933343148
289,145,47.32247907278949
289,146,48.71032155809578
289,147,52.11599933317711
289,148,54.805074071638245
289,149,58.53447327112715
289,150,60.98149739656806
289,151,64.51017866085799
289,152,64.69963229561093
289,153,63.09043584610408
289,154,59.683750003047585
289,155,60.44544086651478
289,156,58.55019959806573
289,157,56.37414249532676
289,158,56.00653770028216
289,159,54.37380117113543
289,160,52.96745593179021
289,161,50.56821064409304
289,162,50.322610930152635
289,163,47.52836439858546
289,164,49.40516206183339
289,165,46.412255058585885
289,166,44.35388251784667
289,167,41.06135144628813
289,168,39.689457924576026
289,169,40.31649188177618
289,170,38.211836248663076
289,171,40.418584478867686
289,172,39.36321485501936
289,173,42.08038227636624
289,174,42.63184343639161
289,175,44.99927771538535
289,176,46.36626400492001
289,177,46.74718001053113
289,178,49.48799307063509
289,179,50.04115573882231
289,180,53.83850133201833
289,181,56.5531319872862
289,182,58.14048384944466
289,183,54.97464614991398
289,184,54.86395119119713
289,185,58.51132683957205
289,186,58.631346901160455
289,187,55.887389788589026
289,188,56.40109661875709
289,189,59.78295071990461
289,190,59.15504123787532
289,191,58.54512132353386
289,192,55.6573391273318
289,193,53.69000778820202
289,194,51.81229687015693
289,195,49.36123766281716
289,196,49.176411935533764
289,197,47.12329286602579
289,198,47.63071273968599
289,199,47.29356734299658
289,200,48.93659615083727
289,201,45.958981224453694
289,202,44.86079588192311
289,203,46.446899943964354
289,204,44.85122555658803
289,205,47.39885142685103
289,206,46.62474363727725
289,207,49.056720931021125
289,208,48.33246637866032
289,209,48.02386572077967
289,210,50.37089961194236
289,211,48.78873627190527
289,212,48.23648668728176
289,213,44.52550130532139
289,214,42.746374066901076
289,215,43.04930964965655
289,216,40.352352691512934
289,217,41.33446719308521
289,218,44.958073903157
289,219,45.23122476656729
289,220,45.63004501306263
289,221,45.72633758446207
289,222,42.87102278709242
289,223,42.03211311875177
289,224,40.26561453993941
289,225,38.479625990409154
289,226,38.75262965218454
289,227,38.1234646152592
289,228,39.96116407836207
289,229,39.3516451143043
289,230,42.59699075434871
289,231,42.586378073705454
289,232,45.048767555823524
289,233,48.56605424182423
289,234,47.88193019779878
289,235,49.163983284910564
289,236,47.90916460398408
289,237,50.46481665516086
289,238,50.243509978795544
289,239,52.745364045317864
289,240,53.14361709772243
289,241,55.9251438403483
289,242,53.82623560281258
289,243,50.41944217918582
289,244,48.95487881909534
289,245,46.315560842178144
289,246,46.900495444650865
289,247,44.72300941757091
289,248,45.86344429419931
289,249,44.46351073372062
289,250,41.52964629935974
289,251,38.01762122684159
289,252,37.1518590920836
289,253,34.63738980500893
289,254,32.47181996835075
289,255,29.835759156362975
289,256,27.04473704802019
289,257,23.49451656054369
289,258,23.633283067144948
289,259,21.34430979557646
289,260,20.61185700972812
289,261,17.751089292755076
289,262,17.968134531502358
289,263,16.84927169800557
289,264,18.612800932026552
289,265,17.32388631872301
289,266,20.315319300001295
289,267,21.140826446740192
289,268,21.89010537208056
289,269,23.933950672486983
289,270,21.629429251878694
289,271,20.483186014843923
289,272,17.01409242341054
289,273,16.516395417000727
289,274,13.111440528601388
289,275,13.048495718392948
289,276,10.70701018250108
289,277,12.4831243985078
289,278,11.056203495501984
289,279,12.824448071041756
289,280,12.77007047304861
289,281,10.42763727452521
289,282,12.003437563623416
289,283,11.970181715788225
289,284,13.531330767225445
289,285,10.862413002988124
289,286,10.680109678868348
289,287,7.081167754309933
289,288,3.8113577184097402
289,290,3.816845569561815
289,291,5.980555477687774
289,292,7.725591485438238
289,293,10.591082477321674
289,294,11.053184880212022
289,295,14.337684348753765
289,296,15.686188671673806
289,297,14.867291967828812
289,298,11.086884752186002
289,299,8.937766591967033
289,300,8.42565434553903
289,301,5.70691254282745
289,302,5.679944485652832
289,303,6.169499410333388
289,304,6.743227202584304
289,305,6.005111753131046
289,306,8.557524406983946
289,307,10.680424260595421
289,308,13.909140269035278
289,309,16.100869897927534
289,310,19.691798998302236
289,311,21.62430417961829
289,312,24.931360120220038
289,313,27.39942846784435
289,314,27.90223104659888
289,315,28.79431008226846
289,316,32.24563117046319
289,317,33.72367502517333
289,318,37.44108850904007
290,1,64.77979419267827
290,2,65.73995383444627
290,3,62.19063585103538
290,4,58.5529251568963
290,5,55.095157084108536
290,6,52.044739183537516
290,7,48.6823385941318
290,8,45.50192403615887
290,9,42.12412278936551
290,10,38.46297694945395
290,11,36.42800315025882
290,12,34.45860157860526
290,13,32.33619615778775
290,14,32.68872316185235
290,15,29.123779672734962
290,16,27.074346365517673
290,17,23.759435710366045
290,18,23.198325487976
290,19,21.96214565006465
290,20,22.3973750468325
290,21,24.79580668804618
290,22,26.46513463235999
290,23,28.90890393151295
290,24,27.513756303965305
290,25,24.60939953606613
290,26,25.092030238077115
290,27,27.05125846413826
290,28,27.550965369925972
290,29,27.206711045296778
290,30,27.94262118126412
290,31,24.557674399821423
290,32,21.116742168023453
290,33,18.014802005617305
290,34,14.326777481153119
290,35,12.9158035089389
290,36,9.220934927698027
290,37,7.136506971153779
290,38,5.370571522231481
290,39,6.608317288972984
290,40,7.523170689403183
290,41,11.084815384989977
290,42,10.753134488030092
290,43,13.082738529999052
290,44,13.529303058240195
290,45,15.893266908394125
290,46,19.056575654659376
290,47,19.81689717965558
290,48,20.402241674115885
290,49,19.672827415274035
290,50,21.83318917115729
290,51,19.85358216800221
290,52,22.090340766016666
290,53,21.301781093434837
290,54,22.91671102167475
290,55,23.44598941619538
290,56,25.681191104255273
290,57,25.969843368582108
290,58,24.51727454135935
290,59,25.110998503209107
290,60,27.906350968635845
290,61,29.538267743278578
290,62,29.65028257820451
290,63,31.017003261410824
290,64,33.783793038371805
290,65,34.546242075679395
290,66,34.00297150360601
290,67,35.9813484194315
290,68,33.207261130901685
290,69,31.23501364786247
290,70,34.198536405731275
290,71,32.41808305839418
290,72,30.236969124521462
290,73,33.29826699168999
290,74,33.21806339850718
290,75,29.72362375058005
290,76,27.48900197137561
290,77,23.798590835230375
290,78,21.23362928485384
290,79,18.527746359833174
290,80,19.786002120450636
290,81,17.724032678386628
290,82,18.98393922719963
290,83,18.92303549053256
290,84,19.58416502987728
290,85,22.80981206546593
290,86,24.27445036416934
290,87,27.664871196563787
290,88,30.63750221138509
290,89,34.00125656718676
290,90,36.36990907524972
290,91,38.20165020830628
290,92,36.52317193733053
290,93,35.36701707253629
290,94,33.87870611105143
290,95,32.370060524342705
290,96,32.883416485262934
290,97,29.981559419358423
290,98,27.933227632286076
290,99,24.75929958857617
290,100,26.74036860735606
290,101,28.272492078019496
290,102,24.9597892770262
290,103,23.5537982808275
290,104,26.598596189626967
290,105,26.95551771091832
290,106,23.335942089506453
290,107,23.793938067983596
290,108,27.112566480066043
290,109,25.591273598072174
290,110,28.759907309648188
290,111,30.901064926589335
290,112,34.07235022753339
290,113,36.96263708499271
290,114,40.56255079719673
290,115,43.28947154818541
290,116,46.036115061483656
290,117,49.59873950501128
290,118,49.57443506576279
290,119,53.03571075392876
290,120,53.174064521710086
290,121,56.90006944641812
290,122,58.24003374154042
290,123,55.152703270268674
290,124,53.80729614403968
290,125,50.577595530801084
290,126,47.82335981509281
290,127,47.64675686716596
290,128,45.738729769995054
290,129,44.58633283756713
290,130,44.28160146222856
290,131,40.84837803563431
290,132,39.74372848761906
290,133,41.39802866720421
290,134,41.267498899953424
290,135,42.98098561580326
290,136,45.63428371431321
290,137,46.76530236198764
290,138,45.37481708923269
290,139,43.29130131617897
290,140,41.17185963043151
290,141,38.38960862487069
290,142,39.15631584421705
290,143,38.752483579785306
290,144,40.7037118030176
290,145,44.45297816767281
290,146,45.832461350965644
290,147,49.32215788645747
290,148,51.99069481233209
290,149,55.74656389271605
290,150,58.12650111413702
290,151,61.64149095815669
290,152,61.92045273746619
290,153,60.441268386831574
290,154,57.1024479468938
290,155,58.00289415058989
290,156,56.2757762079455
290,157,54.05934405058963
290,158,53.84679018002235
290,159,52.171813384014115
290,160,50.910089757788306
290,161,48.465348061669815
290,162,48.4225813811924
290,163,45.704366058095516
290,164,47.64045409783744
290,165,44.64781949302897
290,166,42.82358385328295
290,167,39.43134456303376
290,168,38.00992909271454
290,169,38.35149018662543
290,170,36.12525241227561
290,171,38.17944864014838
290,172,36.95067309684814
290,173,39.64355852241204
290,174,40.17341927139677
290,175,42.58467702237682
290,176,43.79586275651171
290,177,44.27115943898705
290,178,46.899790334819386
290,179,47.473616511086185
290,180,51.28779065151868
290,181,54.07096289778282
290,182,55.48209902674979
290,183,52.240605893091214
290,184,52.27792577309382
290,185,55.900124563227806
290,186,55.84079269769703
290,187,53.10421603056205
290,188,53.78158403026803
290,189,57.20378956206115
290,190,56.76268629049081
290,191,56.22905589804907
290,192,53.46116121683869
290,193,51.45303481946341
290,194,49.71644068294004
290,195,47.24583203720433
290,196,47.25344541425816
290,197,45.20212189516893
290,198,45.934000055052735
290,199,45.73185075648519
290,200,47.61782827823594
290,201,44.80163583700472
290,202,43.54153223802863
290,203,44.96264730060463
290,204,43.19120259235416
290,205,45.665138392605016
290,206,44.728500777592416
290,207,47.09790762237248
290,208,46.161435144216256
290,209,45.86869473856432
290,210,48.073186262149505
290,211,46.49169992000714
290,212,45.79989212746537
290,213,42.08220094662954
290,214,40.197646572171855
290,215,40.25338498300032
290,216,37.42154679671138
290,217,38.18587428795033
290,218,41.85598136641813
290,219,42.273202037475976
290,220,42.888100671730946
290,221,43.01663431815049
290,222,40.22393450740916
290,223,39.41547804256135
290,224,37.87926000772663
290,225,36.08590002394351
290,226,36.604876472591364
290,227,36.06007462673098
290,228,38.09646492305717
290,229,37.630106261750136
290,230,40.92147130632926
290,231,41.14323657445382
290,232,43.585145784539286
290,233,47.13123664558353
290,234,46.383966468813455
290,235,47.435618244906415
290,236,46.00701149248581
290,237,48.53109619802432
290,238,48.134533212874416
290,239,50.658023937752645
290,240,50.92704228768982
290,241,53.64246125959796
290,242,51.40709921137765
290,243,47.93013064065784
290,244,46.47135872786391
290,245,43.68350984286507
290,246,44.314906244358355
290,247,42.13356852314012
290,248,43.145991278665804
290,249,41.9102371848348
290,250,39.1373593737175
290,251,35.61310233652771
290,252,34.930857958437024
290,253,32.677822872651014
290,254,30.686289665402313
290,255,28.37463200375435
290,256,25.58255189579292
290,257,21.947785741218762
290,258,21.585551448492936
290,259,19.1677943860948
290,260,17.994802701808453
290,261,14.854871710749372
290,262,14.794406073496368
290,263,13.27816063494021
290,264,14.86588252005089
290,265,13.511204544399112
290,266,16.560614860494216
290,267,17.567444461859456
290,268,18.55641310307939
290,269,20.899743398622007
290,270,18.97105013986958
290,271,18.23730312250149
290,272,14.962263983817362
290,273,14.889286896260359
290,274,11.299866408402014
290,275,10.355483261142396
290,276,7.582408842285223
290,277,8.939787141851186
290,278,7.240513190932099
290,279,9.237198392767011
290,280,9.82909611461972
290,281,8.3335971415296
290,282,10.971859721881506
290,283,11.906113237486796
290,284,14.12567426682144
290,285,12.350595047745207
290,286,12.740497743329799
290,287,9.638103426046493
290,288,5.864628536062441
290,289,3.816845569561815
290,291,3.8141678538154458
290,292,7.119265319095152
290,293,8.786653917592202
290,294,9.247364064240676
290,295,12.490814879347925
290,296,14.289263387224716
290,297,14.237793061309551
290,298,10.729642095663905
290,299,9.852948647143576
290,300,10.11969376780566
290,301,7.607877584423274
290,302,8.921012737771868
290,303,9.357465132050612
290,304,10.355209096584252
290,305,8.95858459085253
290,306,11.636300446947502
290,307,14.081254376125557
290,308,16.99304830509889
290,309,19.15945286812744
290,310,22.66501007061687
290,311,24.231767009100306
290,312,27.609158459062836
290,313,30.313964513738966
290,314,30.94648935585333
290,315,31.598575312645693
290,316,35.08609500817633
290,317,36.311725605296516
290,318,39.95089174671646
291,1,67.98502176267087
291,2,68.82633525549522
291,3,65.23603980335548
291,4,61.627406452938
291,5,58.15453478576637
291,6,55.04912331124242
291,7,51.692155989711104
291,8,48.42639863004625
291,9,45.124360776315775
291,10,41.49688092912178
291,11,39.64172864087852
291,12,37.76582173575041
291,13,35.80017036855642
291,14,36.24126557529574
291,15,32.66289633587329
291,16,30.46740020204677
291,17,27.044390333868243
291,18,26.195080822519223
291,19,24.64284173914837
291,20,24.61284753077989
291,21,26.679080975159888
291,22,27.90108547500224
291,23,30.51660451553187
291,24,29.49215117571258
291,25,26.684642983828507
291,26,27.599838053696097
291,27,29.71044695738137
291,28,30.533993723354826
291,29,30.222493042608875
291,30,31.168091102843558
291,31,27.807188397884698
291,32,24.24279397292479
291,33,21.127565015156563
291,34,17.45404988446851
291,35,15.475307703897837
291,36,11.914258398392711
291,37,10.26077345051442
291,38,9.111688481513927
291,39,10.218920572629543
291,40,10.249205805918308
291,41,13.371359253651619
291,42,12.197375165995608
291,43,13.940124093374166
291,44,13.621382718417621
291,45,16.269046665654994
291,46,18.904416842050235
291,47,19.822594140288274
291,48,20.184458021672647
291,49,18.773227178135546
291,50,20.648013087301155
291,51,18.54807155421254
291,52,20.44972900680332
291,53,19.78678325712441
291,54,20.96784288776348
291,55,21.87008522627489
291,56,23.81581074467457
291,57,23.684446160002448
291,58,21.82451926111883
291,59,22.253448790416844
291,60,24.825028903014744
291,61,26.719272312748256
291,62,27.017965314078427
291,63,28.117269249625878
291,64,30.825614419961013
291,65,31.875355597297933
291,66,31.43818873242636
291,67,33.6953766431144
291,68,31.167591254759824
291,69,29.04244843390522
291,70,32.05398816857402
291,71,30.57708431528621
291,72,28.14722375100513
291,73,31.04072157705205
291,74,30.961273018680238
291,75,27.64189636493949
291,76,25.40942745492117
291,77,21.8193770839358
291,78,19.304308561899365
291,79,16.43635519875401
291,80,17.469345093508252
291,81,15.60668475295711
291,82,16.598214628593507
291,83,16.97596153120829
291,84,17.607504770828886
291,85,21.09875636578816
291,86,22.1305040390885
291,87,25.340305589341515
291,88,28.07914320642095
291,89,31.58974160630074
291,90,33.729670329043
291,91,35.33546465731823
291,92,33.539222098111374
291,93,32.16522554513494
291,94,30.488006025911883
291,95,28.843697985364443
291,96,29.21134053626842
291,97,26.24458303375972
291,98,24.313923760926045
291,99,21.06357376268133
291,100,23.03528906711171
291,101,24.71543112223665
291,102,21.508238679273692
291,103,20.04088266608582
291,104,23.202492069774713
291,105,23.766474105571856
291,106,20.26995822916723
291,107,20.74829797311769
291,108,24.220639598331232
291,109,23.00744743494089
291,110,26.230666703933586
291,111,28.285304463957026
291,112,31.55419494732638
291,113,34.2842464734016
291,114,37.8674060984269
291,115,40.53137012479353
291,116,43.13728311224302
291,117,46.666690948676916
291,118,46.483579401490665
291,119,49.92366614242901
291,120,49.99065986403799
291,121,53.70101997477085
291,122,55.03750418139495
291,123,51.99196768969375
291,124,50.78853432291398
291,125,47.613913690390476
291,126,44.987073494776
291,127,44.765341958858784
291,128,43.00370869545772
291,129,41.91360132528067
291,130,41.82458197893146
291,131,38.32819167913933
291,132,37.23252878852766
291,133,39.125967406631446
291,134,39.091722982950515
291,135,41.06317402286625
291,136,43.73461812624739
291,137,44.60383212188266
291,138,42.98060552551331
291,139,40.77952627314346
291,140,38.45753996026952
291,141,35.59417236127179
291,142,36.485225437021825
291,143,35.877994533822566
291,144,37.66806240950939
291,145,41.4156432041822
291,146,42.74901600235683
291,147,46.16625609804424
291,148,48.83521049179199
291,149,52.56809785034096
291,150,55.019677837246036
291,151,58.54017277927761
291,152,58.732947062118335
291,153,57.15352672404438
291,154,53.769077851731005
291,155,54.5959658559941
291,156,52.78268154394259
291,157,50.62167214004392
291,158,50.380558421990685
291,159,48.796440528259346
291,160,47.55130139513973
291,161,45.21730130049132
291,162,45.201882036595215
291,163,42.57160069837612
291,164,44.65061066996449
291,165,41.788730577957836
291,166,40.01742994866535
291,167,36.550176981744244
291,168,34.91876773757983
291,169,35.21417618213804
291,170,32.877970457828184
291,171,34.8750905709259
291,172,33.629036759514165
291,173,36.26851893128506
291,174,36.758111699497746
291,175,39.13334687591393
291,176,40.45533689928368
291,177,40.91236059686406
291,178,43.65126234504349
291,179,44.303584869378724
291,180,48.10808255349247
291,181,50.79680298512782
291,182,52.318367687060864
291,183,49.10585308351074
291,184,48.99465253931788
291,185,52.62192910121119
291,186,52.69813056090171
291,187,49.93067580069739
291,188,50.47176001053215
291,189,53.87350926981576
291,190,53.31557268184802
291,191,52.76959574406874
291,192,49.92853797163741
291,193,47.91642263418827
291,194,46.11032504062761
291,195,43.654707635177424
291,196,43.611598328729336
291,197,41.605917300074815
291,198,42.320398413531834
291,199,42.17792106288717
291,200,44.05869357431351
291,201,41.195588054364286
291,202,39.86547649550859
291,203,41.250267375993566
291,204,39.47376619689778
291,205,41.94363298270205
291,206,41.047025446203335
291,207,43.45071503010805
291,208,42.61626823376759
291,209,42.37643257194954
291,210,44.690310056502106
291,211,43.200175026755005
291,212,42.67736299135036
291,213,38.988673666265335
291,214,37.302777079516325
291,215,37.51855271103486
291,216,34.71424518389058
291,217,35.67836632863899
291,218,39.32219598421129
291,219,39.485879014288315
291,220,39.930329395471865
291,221,39.90770668190786
291,222,37.008236234785755
291,223,36.113693351511046
291,224,34.416149671211286
291,225,32.621411550606396
291,226,33.03828292340651
291,227,32.53206213985353
291,228,34.573343995345866
291,229,34.201196470615905
291,230,37.56401128131675
291,231,37.876013688304795
291,232,40.46486245470672
291,233,43.94271656345845
291,234,43.045322383356
291,235,44.06498315188396
291,236,42.58976331495421
291,237,45.041493133133045
291,238,44.643145843248476
291,239,47.10854486702034
291,240,47.39664744215085
291,241,50.129831549557316
291,242,47.96273849678484
291,243,44.52733796230619
291,244,43.07406021806628
291,245,40.39519771973484
291,246,41.04969119242266
291,247,38.94827600512002
291,248,40.148742741444714
291,249,38.90924627544606
291,250,36.097886304782364
291,251,32.660138721557914
291,252,32.1058684935408
291,253,29.736793387258476
291,254,27.941546920249092
291,255,25.649264431657205
291,256,23.146161561167983
291,257,19.66001221430973
291,258,19.090521772472005
291,259,16.324173047506584
291,260,15.070230514793085
291,261,12.011632027703277
291,262,12.08142912253901
291,263,11.421483501516871
291,264,13.778421978916779
291,265,13.20390192447981
291,266,16.54669685022115
291,267,17.529935933773434
291,268,19.184973404729757
291,269,21.65228197336138
291,270,20.01201426095131
291,271,19.0864204685571
291,272,15.707089639080179
291,273,14.984224753413072
291,274,11.166987418915847
291,275,9.607195327288512
291,276,6.283681738000327
291,277,7.273450586362069
291,278,7.29485157837042
291,279,9.629948224030166
291,280,10.612426233021905
291,281,10.071583233031637
291,282,12.919824439239266
291,283,13.394963581062186
291,284,16.20652451420034
291,285,14.509400990625634
291,286,14.085526716459634
291,287,11.000626224344703
291,288,7.640865204373487
291,289,5.980555477687774
291,290,3.8141678538154458
291,292,3.794497072652283
291,293,5.241848251708263
291,294,6.815452378717935
291,295,10.488301891994825
291,296,13.043268670628825
291,297,13.715588711058652
291,298,10.495721589795691
291,299,10.304121976778235
291,300,9.742721672303471
291,301,6.908809594069366
291,302,9.018430069766634
291,303,9.733127414189031
291,304,11.94959856134438
291,305,11.578297872731715
291,306,14.501611853215325
291,307,16.591489914126832
291,308,19.801686227612958
291,309,21.727038967262555
291,310,25.38604114040555
291,311,27.06027224925383
291,312,30.520474503472563
291,313,33.13655803882869
291,314,33.80272624079811
291,315,34.70946884101023
291,316,38.19081060899361
291,317,39.604959620062
291,318,43.2948608728083
292,1,69.18029230374232
292,2,69.82491752450966
292,3,66.17688365207687
292,4,62.62610532016265
292,5,59.13533033705936
292,6,55.96321763055386
292,7,52.62055854914318
292,8,49.24676866495067
292,9,46.06920422189045
292,10,42.51635846783152
292,11,40.95595459261457
292,12,39.243352267045644
292,13,37.57844950147704
292,14,38.23723744972671
292,15,34.687636774984234
292,16,32.19891880133102
292,17,28.653011246948935
292,18,27.46489605074455
292,19,25.462430046469507
292,20,24.91667554910904
292,21,26.51681227067715
292,22,27.269997678668915
292,23,30.101078551196935
292,24,29.54301640550035
292,25,26.99530302572926
292,26,28.33468171091578
292,27,30.474275918061842
292,28,31.67949984049597
292,29,31.33159554055139
292,30,32.56282067487734
292,31,29.280215492842125
292,32,25.57813770573448
292,33,22.542387778925566
292,34,18.961852102610028
292,35,16.37472069096334
292,36,13.157110085989878
292,37,12.286503173642451
292,38,11.914351096792487
292,39,13.584801276142805
292,40,13.687502666409227
292,41,16.79081479672391
292,42,15.640233487954916
292,43,16.90649752430287
292,44,15.915372089062924
292,45,18.301379407528916
292,46,20.48078429816798
292,47,21.068245589141288
292,48,20.950232801517476
292,49,19.175626293081976
292,50,21.101533185245327
292,51,19.325895437500762
292,52,21.140365142192632
292,53,20.942745824133166
292,54,21.830445383567138
292,55,23.25158130078479
292,56,24.96889683648975
292,57,24.28118689504665
292,58,21.918952323896296
292,59,21.878750221947527
292,60,24.148076742956135
292,61,26.502971300152954
292,62,26.87853749186057
292,63,27.469976013000572
292,64,30.207823958735137
292,65,31.669847672939362
292,66,31.531620009599592
292,67,34.105682696923616
292,68,31.919815662823993
292,69,29.52931086091224
292,70,32.44310990579319
292,71,31.220817870481486
292,72,28.447761568608435
292,73,31.009349054782877
292,74,30.67587428538229
292,75,27.57415324824461
292,76,25.119061750345796
292,77,21.630985148573778
292,78,18.904816424490356
292,79,16.3217742017576
292,80,17.52368092301274
292,81,16.30703569816848
292,82,17.241139462030663
292,83,18.27838877856319
292,84,18.95669714787224
292,85,22.614626562595518
292,86,23.10610115078402
292,87,26.05228936466786
292,88,28.416962121073155
292,89,32.0693430369616
292,90,33.847913656659564
292,91,35.1326496150075
292,92,33.20305352099155
292,93,31.44466423405879
292,94,29.411994145827972
292,95,27.424777570303892
292,96,27.38057001722801
292,97,24.16069548827517
292,98,22.66183501970097
292,99,19.151463180063235
292,100,20.769975802722488
292,101,22.850103335856
292,102,19.985393379667585
292,103,18.042231597850716
292,104,21.134890304201704
292,105,22.24633031013608
292,106,18.947518167997675
292,107,18.95190952374304
292,108,22.61139646089404
292,109,21.95809360704048
292,110,25.380147921185703
292,111,27.573091973910753
292,112,30.774543297821296
292,113,33.417239313681236
292,114,36.87141998154637
292,115,39.59070248806665
292,116,41.946682655595914
292,117,45.47675444020202
292,118,45.182290788756816
292,119,48.64672473541952
292,120,48.74478559282998
292,121,52.44056653685124
292,122,53.879667466288545
292,123,50.9704895771216
292,124,50.029728529693166
292,125,46.903699284063926
292,126,44.50962119717674
292,127,44.32978329340415
292,128,42.84287430997189
292,129,41.91844165786235
292,130,42.1522323401253
292,131,38.615832231803864
292,132,37.48045152826441
292,133,39.638103148238294
292,134,39.62841984755332
292,135,41.88267485253913
292,136,44.61943127147319
292,137,45.18629818419468
292,138,43.30181380906435
292,139,40.903509798404926
292,140,38.30365846090716
292,141,35.274508985927504
292,142,36.193003942922644
292,143,35.20511934273767
292,144,36.84864478497249
292,145,40.595484024964435
292,146,41.96614198962119
292,147,45.22919334128068
292,148,47.95691574834643
292,149,51.63797276269793
292,150,54.150739882407976
292,151,57.695753027120396
292,152,57.79636367736275
292,153,56.00851533534068
292,154,52.52524671154182
292,155,53.13553249138464
292,156,51.108699647251086
292,157,48.978998918676496
292,158,48.542737024227925
292,159,47.017639664922
292,160,45.626480440365405
292,161,43.38526946761103
292,162,43.18914477950772
292,163,40.542475763315814
292,164,42.64968921977472
292,165,39.87829495008207
292,166,37.95059714774151
292,167,34.52476503829931
292,168,32.80568383677331
292,169,33.33496647217943
292,170,31.073747551365525
292,171,33.2025702224167
292,172,32.170633219839885
292,173,34.83564919376241
292,174,35.40133080144374
292,175,37.7707620213491
292,176,39.370661314500445
292,177,39.82588917448997
292,178,42.77471568318695
292,179,43.562902993058884
292,180,47.32948416496982
292,181,49.83353230853006
292,182,51.560115408839
292,183,48.41046514891494
292,184,48.01783357346922
292,185,51.633507039406375
292,186,51.94989139392399
292,187,49.10994587853838
292,188,49.376130147762495
292,189,52.747198458669665
292,190,51.95304189987859
292,191,51.40824101456747
292,192,48.398703732524375
292,193,46.353638083455955
292,194,44.333874273924195
292,195,41.849830835809776
292,196,41.554776452230136
292,197,39.52223812435192
292,198,39.994955052749745
292,199,39.731159446607876
292,200,41.399482418499616
292,201,38.394283706735926
292,202,37.191251950606876
292,203,38.73459567404691
292,204,37.15413487024379
292,205,39.73860482089851
292,206,39.07744265106272
292,207,41.62050038801328
292,208,41.085730116951225
292,209,40.97392288234552
292,210,43.52249397687555
292,211,42.19718905055409
292,212,41.98445421705905
292,213,38.36360557519618
292,214,37.00373563890641
292,215,37.50878704264214
292,216,34.79750036084822
292,217,36.04308227550042
292,218,39.61793068909504
292,219,39.41787010018844
292,220,39.58038239975288
292,221,39.312977369208866
292,222,36.236850549072635
292,223,35.14908716144847
292,224,33.10578583145678
292,225,31.227463275777378
292,226,31.276161991827067
292,227,30.632546857862568
292,228,32.440892034535565
292,229,31.953721873028343
292,230,35.29643985734636
292,231,35.450505291530646
292,232,38.13735390750613
292,233,41.54690623340844
292,234,40.62317849121058
292,235,41.828233899646285
292,236,40.501747546655096
292,237,42.9627413837696
292,238,42.75833955300343
292,239,45.20518284842857
292,240,45.673852221690346
292,241,48.513146259406646
292,242,46.556883915356984
292,243,43.24917634924756
292,244,41.72312278785276
292,245,39.247771524832054
292,246,39.796876952626
292,247,37.71099234554586
292,248,39.11961059648105
292,249,37.68906317303702
292,250,34.697438827148744
292,251,31.340161181261262
292,252,30.678716726705005
292,253,27.997891984365722
292,254,26.187371872228546
292,255,23.63701029946938
292,256,21.380056286648788
292,257,18.132097845486445
292,258,17.877654399578827
292,259,15.054751028781823
292,260,14.330942426123691
292,261,11.90315427248001
292,262,12.615719901611152
292,263,13.065401153256127
292,264,16.043476550056482
292,265,15.905221468832043
292,266,19.19232138308304
292,267,19.84172187112592
292,268,21.699540897428246
292,269,23.932192288062954
292,270,22.198129947984174
292,271,20.78442995374155
292,272,17.225208876693
292,273,15.678337903161003
292,274,11.97625479126656
292,275,10.832164838634219
292,276,8.07665353186839
292,277,9.371595022442573
292,278,10.544929716027278
292,279,12.483280054639344
292,280,13.004403825341479
292,281,12.447003474593084
292,282,14.768757001590055
292,283,14.349216830933605
292,284,17.289512928856855
292,285,15.368744166661795
292,286,13.997513011208381
292,287,11.040718831049132
292,288,8.617974108918386
292,289,7.725591485438238
292,290,7.119265319095152
292,291,3.794497072652283
292,293,3.81720523882031
292,294,6.11143898158435
292,295,9.812229130979619
292,296,12.479074106373494
292,297,13.199694026418495
292,298,10.239403422226799
292,299,10.039359091655319
292,300,8.344453316993661
292,301,5.569966548325305
292,302,8.120776716585077
292,303,9.48723580795091
292,304,12.458934162119512
292,305,13.201601186802325
292,306,15.948433949413854
292,307,17.40015654213917
292,308,20.817763065199703
292,309,22.369176653281716
292,310,26.14048340403064
292,311,27.963777501184605
292,312,31.467577248718825
292,313,33.91729531388349
292,314,34.6422348273835
292,315,35.92250283677099
292,316,39.393326193613525
292,317,41.11714851122686
292,318,44.873627488807024
293,1,71.75146791095646
293,2,72.45304687376947
293,3,68.84510260751973
293,4,65.25123877876601
293,5,61.82812489083602
293,6,58.59108336993078
293,7,55.33048944301459
293,8,51.931366680803585
293,9,48.78479920170413
293,10,45.17267484086367
293,11,43.514119374899785
293,12,41.911947809614276
293,13,40.14972206618519
293,14,40.85789953407224
293,15,37.36435818275692
293,16,34.98597568534461
293,17,31.5580330692431
293,18,30.653449344361544
293,19,28.737491049858086
293,20,28.398855439092415
293,21,29.996919655746712
293,22,30.832804445101953
293,23,33.748904092571564
293,24,33.1840641822179
293,25,30.655655733814182
293,26,31.84171742331215
293,27,33.84795833660634
293,28,34.85408861098478
293,29,34.3063833356079
293,30,35.265810837826365
293,31,31.830254808592375
293,32,28.17474345187758
293,33,24.898952180070374
293,34,21.417590370789995
293,35,18.883229032738942
293,36,15.768957477603948
293,37,14.172985585071302
293,38,13.889083355996155
293,39,14.647551666074458
293,40,13.726716580655387
293,41,16.198167613633945
293,42,14.569218474005307
293,43,15.116202529331588
293,44,13.553997854936862
293,45,16.027259220801795
293,46,17.731846599734077
293,47,18.59257530163276
293,48,18.53287551362108
293,49,16.309307249312763
293,50,17.83652867707908
293,51,15.900809467884033
293,52,17.493568522417963
293,53,17.400497084985812
293,54,18.213795354060935
293,55,19.88514266242921
293,56,21.647699173769535
293,57,20.751232160929458
293,58,18.37726112763088
293,59,18.18569613563176
293,60,20.61440025163684
293,61,22.942461320771137
293,62,23.149704718427117
293,63,23.778187889299666
293,64,26.60299191705361
293,65,27.979260795991603
293,66,27.945881348490296
293,67,30.492788677254403
293,68,28.363462029855185
293,69,25.851218158051136
293,70,28.691881146378645
293,71,27.477538684722898
293,72,24.65111373689791
293,73,27.19214815573498
293,74,26.89144965943348
293,75,23.802701012445482
293,76,21.438051118977615
293,77,18.008999366560666
293,78,15.491864064511319
293,79,12.701215574688424
293,80,13.730635705910652
293,81,12.649826060642674
293,82,13.731404457615316
293,83,15.175271257860826
293,84,16.307862666792428
293,85,19.867023351757883
293,86,19.998787647783505
293,87,22.984487921251507
293,88,25.21943354874561
293,89,28.839028442931795
293,90,30.528706436298208
293,91,31.93345876855797
293,92,30.229899488406605
293,93,28.459498195460167
293,94,26.62964334630697
293,95,24.59611986593671
293,96,24.89115460231441
293,97,21.750663766386964
293,98,19.89795838944881
293,99,16.48327914718604
293,100,18.10098853461929
293,101,19.773622174912248
293,102,16.688241848770808
293,103,14.920491122187768
293,104,18.00950631349407
293,105,18.77149609927817
293,106,15.36428020692353
293,107,15.676219209611387
293,108,19.25584162219574
293,109,18.395242955041407
293,110,21.720752801523027
293,111,23.82901165562827
293,112,27.07541017522004
293,113,29.714227917874066
293,114,33.214138256418586
293,115,35.910846970181694
293,116,38.35342074979176
293,117,41.890381483862996
293,118,41.668810208077076
293,119,45.14580213161549
293,120,45.297238942997986
293,121,49.016249549278534
293,122,50.48848543381194
293,123,47.56823010677977
293,124,46.55179395303387
293,125,43.359626148011
293,126,40.92435246524145
293,127,40.85856195233346
293,128,39.39410975519437
293,129,38.60056770721249
293,130,38.903505698721
293,131,35.44409275479044
293,132,34.11334287048397
293,133,36.21055160290368
293,134,36.060092706160496
293,135,38.34057822798243
293,136,41.16790628616273
293,137,41.70870142391188
293,138,39.848287271952465
293,139,37.36443835900013
293,140,34.77285846354506
293,141,31.687885689925853
293,142,32.48797884424941
293,143,31.533317749862892
293,144,33.29569116600954
293,145,37.064838207707695
293,146,38.546129172221214
293,147,41.849665720110885
293,148,44.65326651309589
293,149,48.35892541947319
293,150,50.770045370914225
293,151,54.342364943270184
293,152,54.57280031688169
293,153,52.81864449896267
293,154,49.34813664692371
293,155,49.985573327572716
293,156,48.054700369443204
293,157,45.81610170195148
293,158,45.424671202451805
293,159,43.79336596534378
293,160,42.449032019907925
293,161,40.12065816224112
293,162,40.03718300924608
293,163,37.41343812782782
293,164,39.54184523052986
293,165,36.75499727101691
293,166,35.01055222893404
293,167,31.503466051292648
293,168,29.763479479214432
293,169,30.08959621511331
293,170,27.776416227668765
293,171,29.867563487475888
293,172,28.800834011095265
293,173,31.553381034387954
293,174,32.251630410544195
293,175,34.778368664213176
293,176,36.38254865343858
293,177,37.067115204259196
293,178,40.01710592145464
293,179,40.98931778681646
293,180,44.76477741144449
293,181,47.23320290029527
293,182,48.8106811500579
293,183,45.55381264405277
293,184,45.17789717602589
293,185,48.73847527340073
293,186,48.92195574305038
293,187,45.994499906216795
293,188,46.31186565917009
293,189,49.76118759367972
293,190,49.103391161244275
293,191,48.73091358562138
293,192,45.772474735884096
293,193,43.58249375681621
293,194,41.58978356191812
293,195,38.98607907553011
293,196,38.76040705231046
293,197,36.62388213568085
293,198,37.2223542875254
293,199,36.987879277046964
293,200,38.85463439704369
293,201,36.03174569433755
293,202,34.76034720137443
293,203,36.23856997678208
293,204,34.58697964395615
293,205,37.206853472904854
293,206,36.51878959495511
293,207,39.1214585211661
293,208,38.489280517820745
293,209,38.55821418244427
293,210,41.06941331843936
293,211,39.90126726625903
293,212,39.70292474714087
293,213,36.12140234214966
293,214,34.83738827262014
293,215,35.11865298480433
293,216,32.211544260256524
293,217,33.26019027197522
293,218,36.887954613794435
293,219,36.65998878025572
293,220,37.00725559501922
293,221,36.57003085947398
293,222,33.424651761064425
293,223,32.16573297985007
293,224,30.22666677313284
293,225,28.165442214569858
293,226,28.29062314900795
293,227,27.559128906452493
293,228,29.4543609417075
293,229,28.990064444212923
293,230,32.33990518129665
293,231,32.650306802521044
293,232,35.28561959000894
293,233,38.736584735671876
293,234,37.80719779077568
293,235,38.85190334028104
293,236,37.43446221122922
293,237,39.939018457724586
293,238,39.66881933721065
293,239,42.21365790470487
293,240,42.67696638028715
293,241,45.542225012634184
293,242,43.54708533909336
293,243,40.225263731126056
293,244,38.57320772432723
293,245,35.95872707244265
293,246,36.415728294432796
293,247,34.23217459059793
293,248,35.51236433918174
293,249,34.112836565840794
293,250,31.184916019347536
293,251,27.787024218402518
293,252,27.21263351108006
293,253,24.70788341526486
293,254,23.02928595414463
293,255,20.76612235065562
293,256,18.559124366853993
293,257,15.29847182339798
293,258,14.54012571745517
293,259,11.526117948805311
293,260,10.550568393148282
293,261,8.1359745166582
293,262,9.30368297148679
293,263,10.177641022676267
293,264,13.564810461980201
293,265,13.635587288517053
293,266,16.741887316221746
293,267,17.171479261292063
293,268,19.400127397764397
293,269,21.663210255252533
293,270,20.30624331933231
293,271,19.006825331415165
293,272,15.693890836772033
293,273,14.114602284909074
293,274,10.536923032717114
293,275,8.586261440884543
293,276,6.001221405998703
293,277,6.974335974103653
293,278,9.366472338795477
293,279,10.809654180534615
293,280,11.56275554518343
293,281,12.081514559872486
293,282,14.763381567595184
293,283,14.74042518169383
293,284,18.158494785725313
293,285,16.977809356704675
293,286,15.91158238199447
293,287,13.514303884372323
293,288,11.017496552738173
293,289,10.591082477321674
293,290,8.786653917592202
293,291,5.241848251708263
293,292,3.81720523882031
293,294,3.8025233228728537
293,295,7.168240719473725
293,296,10.531893740586082
293,297,12.293827724496873
293,298,10.13244371416526
293,299,11.291609889983404
293,300,10.440118718389586
293,301,8.662197030085155
293,302,11.744056699953875
293,303,13.257192496416925
293,304,16.06849966462828
293,305,16.38901642477346
293,306,19.07524309354389
293,307,20.596863593647356
293,308,23.816193438179436
293,309,25.20767420731652
293,310,28.96171992211474
293,311,30.454832184461907
293,312,34.07035379478825
293,313,36.73378079518433
293,314,37.67677694725777
293,315,38.886607117446246
293,316,42.43774476706883
293,317,44.06001723842639
293,318,47.77847489494467
294,1,70.1469117219045
294,2,70.8478177651584
294,3,67.28322159406522
294,4,63.661241554523244
294,5,60.33378481540726
294,6,56.99931506387262
294,7,53.86628060885463
294,8,50.41479268764698
294,9,47.36529395692375
294,10,43.719494313071245
294,11,42.06375367067698
294,12,40.71992929516468
294,13,39.0308928701383
294,14,40.008335506460774
294,15,36.68088506919325
294,16,34.24333674166688
294,17,30.97728843522007
294,18,30.412033291343572
294,19,28.421333045043504
294,20,28.35123176635916
294,21,29.837670048664684
294,22,30.90392822760964
294,23,34.002499161788975
294,24,33.4559974000177
294,25,31.1404251065262
294,26,32.03770226716489
294,27,33.657541484716255
294,28,34.42802428139918
294,29,33.47661343138652
294,30,34.13940437546921
294,31,30.567993739463517
294,32,26.96108104561013
294,33,23.472730984567274
294,34,20.265507160650195
294,35,17.62112660095346
294,36,14.948753887861603
294,37,13.005009582388185
294,38,13.573307828332382
294,39,14.012867554674555
294,40,12.681191482157917
294,41,14.938539986094375
294,42,13.921556968415798
294,43,13.802540278807557
294,44,11.67201638527254
294,45,13.436765657271799
294,46,15.06698229471666
294,47,15.384017758635776
294,48,15.068685560940226
294,49,13.10115883711499
294,50,15.139699553665555
294,51,13.757683555970114
294,52,16.018651400604472
294,53,16.528000370363124
294,54,18.018809295130005
294,55,19.93647805559232
294,56,22.219743255658315
294,57,21.26711795783187
294,58,19.1713315501927
294,59,18.531458734874775
294,60,21.36989434385412
294,61,23.65268461245514
294,62,23.240490514393905
294,63,23.86342963704174
294,64,27.032171194061164
294,65,28.17606354274951
294,66,28.475025219058995
294,67,30.791491622089648
294,68,28.6167384049467
294,69,25.865961428628907
294,70,28.370421645827395
294,71,26.757700492552225
294,72,23.88547107340945
294,73,26.355414098313922
294,74,25.65784330392824
294,75,22.38922485754324
294,76,19.672757784400563
294,77,16.03669315028165
294,78,13.08143848753211
294,79,10.804428082604558
294,80,12.78369172480312
294,81,12.268824487939858
294,82,14.344814219132191
294,83,16.1239514144809
294,84,17.985649356021767
294,85,21.22901538805249
294,86,21.22017542529287
294,87,24.41295824557289
294,88,26.57087371612054
294,89,30.043538540373522
294,90,31.66475900875778
294,91,33.31788676985622
294,92,31.98897470572211
294,93,30.185869006336837
294,94,28.577703433185086
294,95,26.357898571137003
294,96,26.862362675418943
294,97,23.671136286556735
294,98,21.706089885937875
294,99,18.32360439842855
294,100,19.419478605019815
294,101,20.696650699242788
294,102,17.578795896723225
294,103,15.536794326756205
294,104,18.06910000672212
294,105,18.578287768828545
294,106,14.936639417169378
294,107,14.801974708102977
294,108,18.121671334745013
294,109,16.917350298102107
294,110,20.37369719003703
294,111,22.903564881400992
294,112,25.86301217558059
294,113,28.83616142901704
294,114,32.25864569152016
294,115,35.20530868247694
294,116,37.74398347078302
294,117,41.38949296026897
294,118,41.505725827587966
294,119,45.09670541618636
294,120,45.55612298551045
294,121,49.32243979007583
294,122,51.01208690307676
294,123,48.18862042036202
294,124,47.12816074096761
294,125,43.78019874403992
294,126,41.33013821392203
294,127,41.59879077433021
294,128,40.222063874691024
294,129,39.7002047099377
294,130,40.06353289326871
294,131,36.77101196712162
294,132,35.09243215670331
294,133,36.94532680660167
294,134,36.40442420400138
294,135,38.556443491119026
294,136,41.59518542789657
294,137,42.26294109668494
294,138,40.58042887866302
294,139,37.947794489594976
294,140,35.4279271905184
294,141,32.20073326928674
294,142,32.560730602024215
294,143,31.575035151810127
294,144,33.7014732256128
294,145,37.50939021843749
294,146,39.31942270700435
294,147,42.62169118775851
294,148,45.618222691704354
294,149,49.33342170445563
294,150,51.52644289761542
294,151,55.16192928565537
294,152,55.63378606604025
294,153,53.84561075243095
294,154,50.35357970823972
294,155,50.87097797164058
294,156,48.95436539661271
294,157,46.48223708882086
294,158,45.916186077715444
294,159,44.001597850762
294,160,42.44499173926334
294,161,39.85485262892649
294,162,39.55897368629534
294,163,36.700735818483
294,164,38.519903453689324
294,165,35.494512286679466
294,166,33.593329831437444
294,167,30.22794534830592
294,168,28.905135487144136
294,169,29.46725445488739
294,170,27.52266265854356
294,171,29.935139095799517
294,172,29.21713804451866
294,173,32.264841769501885
294,174,33.3621339563491
294,175,36.17080770133877
294,176,37.91487079694883
294,177,38.935695307697706
294,178,41.92733008449179
294,179,43.14498180019083
294,180,46.904900849611984
294,181,49.28102696577575
294,182,50.71068660949658
294,183,47.336746976281766
294,184,46.91783370620566
294,185,50.37633448286252
294,186,50.4233168422571
294,187,47.34349875239654
294,188,47.641689300488736
294,189,51.195066010198445
294,190,50.64151011509925
294,191,50.52690400100881
294,192,47.56343190175846
294,193,45.14969795485689
294,194,43.0470623041355
294,195,40.21452611274568
294,196,39.82329094712587
294,197,37.3969120228637
294,198,37.826482625183665
294,199,37.27930323874569
294,200,39.08285148048264
294,201,36.422734939886126
294,202,35.45776343893644
294,203,37.18455924288934
294,204,35.76781301146068
294,205,38.60316747667019
294,206,38.138413826729916
294,207,40.92817556472754
294,208,40.36577209045581
294,209,40.72196127834839
294,210,43.26216895456675
294,211,42.31119205827059
294,212,42.17687154578538
294,213,38.658832673258544
294,214,37.45345785664437
294,215,37.5011420091982
294,216,34.39666168210974
294,217,35.14444515036143
294,218,38.83403559893583
294,219,38.63794807883526
294,220,39.21382401110515
294,221,38.5696102205876
294,222,35.334477045486935
294,223,33.790181494122976
294,224,31.888936014365555
294,225,29.482084705629664
294,226,29.42181976211196
294,227,28.26014347151793
294,228,29.87556132722913
294,229,28.99293855752471
294,230,32.103986670777076
294,231,32.11929012813036
294,232,34.433355158628565
294,233,38.02053300916496
294,234,37.450080175872394
294,235,38.65878284571395
294,236,37.48670771308446
294,237,40.25185496152657
294,238,40.20718581730058
294,239,42.99790592937975
294,240,43.686288756585185
294,241,46.69794924014782
294,242,44.81024119000612
294,243,41.56797307525829
294,244,39.62706505328854
294,245,36.866987582470294
294,246,36.97367533119721
294,247,34.47120820898637
294,248,35.40661768818356
294,249,33.74404220216323
294,250,30.707083527459314
294,251,27.127946207638413
294,252,26.119315365384708
294,253,23.659625743083264
294,254,21.525423609606747
294,255,19.130893936063522
294,256,16.425315378619448
294,257,12.878493381331564
294,258,12.615905464373332
294,259,10.359262253687964
294,260,10.252344248652395
294,261,8.462617010933526
294,262,10.66029953228252
294,263,11.045724225909314
294,264,14.32099804837728
294,265,13.52813980984253
294,266,16.02307686773556
294,267,15.658732071493771
294,268,17.430508871850286
294,269,19.17999935557643
294,270,17.472068424651127
294,271,15.740901918507289
294,272,12.331283691759925
294,273,10.40839942534422
294,274,6.964714519117366
294,275,5.6697263741488655
294,276,4.718614651599941
294,277,7.460509873944992
294,278,9.60171410886526
294,279,9.666543321514839
294,280,9.256310629609757
294,281,9.723291883702544
294,282,11.9571412731549
294,283,11.755274375858617
294,284,15.399805850542098
294,285,14.811746866132331
294,286,13.95221498566514
294,287,12.323883910209704
294,288,10.243485224251845
294,289,11.053184880212022
294,290,9.247364064240676
294,291,6.815452378717935
294,292,6.11143898158435
294,293,3.8025233228728537
294,295,3.791399074475474
294,296,6.826179320855053
294,297,8.649182401080182
294,298,6.91362714733187
294,299,9.02897345115075
294,300,9.228542591051959
294,301,8.789469342692135
294,302,12.440152586941707
294,303,14.723512144221933
294,304,16.970816521384847
294,305,17.05279784875972
294,306,19.15076297650114
294,307,20.30928169267982
294,308,23.16461117542176
294,309,24.12712155441475
294,310,27.818320258685745
294,311,28.889839443153882
294,312,32.6157328139986
294,313,35.49312826055688
294,314,36.79092603621087
294,315,38.04709946721623
294,316,41.70987142168532
294,317,43.343837074460914
294,318,47.01830191229975
295,1,71.20192568485241
295,2,71.87993583018965
295,3,68.36338976112853
295,4,64.73019274927397
295,5,61.51108105904593
295,6,58.079741003588786
295,7,55.093470976464445
295,8,51.59021303936845
295,9,48.67212004184736
295,10,45.02319734332413
295,11,43.40617314564258
295,12,42.33094182766482
295,13,40.72448093617383
295,14,41.92837268681364
295,15,38.76483739870908
295,16,36.308763457198424
295,17,33.20633217153856
295,18,32.89505641618841
295,19,30.834429522575967
295,20,30.891879374159736
295,21,32.19114287700047
295,22,33.29947742549946
295,23,36.55214132893083
295,24,36.12416146277885
295,25,34.00999238939714
295,26,34.76825469552854
295,27,36.105851901724186
295,28,36.72743942678624
295,29,35.451764132458074
295,30,35.863138060371696
295,31,32.20702436346254
295,32,28.689926845895823
295,33,25.06587133976532
295,34,22.18833624239684
295,35,19.49043750572139
295,36,17.306924314393886
295,37,15.16529813729127
295,38,16.257751082927555
295,39,16.244692613263496
295,40,14.350554139531877
295,41,15.952162635480276
295,42,15.135457174677153
295,43,14.047397612654065
295,44,11.098677685748568
295,45,12.02210986645305
295,46,12.876249096201084
295,47,12.74243449796213
295,48,12.008684900287767
295,49,9.742921205432618
295,50,11.92343656915473
295,51,11.196785026382997
295,52,13.77769621481969
295,53,15.076073828812541
295,54,16.89157632604328
295,55,19.256517383333517
295,56,21.787867527736818
295,57,20.518573562490737
295,58,18.55414925500545
295,59,17.3279610574335
295,60,20.37845018042152
295,61,22.68233911088824
295,62,21.712094757003392
295,63,22.163961222540408
295,64,25.59713364035313
295,65,26.616868953408947
295,66,27.328207624037656
295,67,29.511808535871474
295,68,27.49122739088374
295,69,24.455075090308075
295,70,26.56271512069202
295,71,24.75744760581285
295,72,21.74820642631763
295,73,23.976329754529345
295,74,22.88664038722271
295,75,19.604985353712657
295,76,16.59622783778124
295,77,12.928456451105548
295,78,9.659968480870718
295,79,8.065050096500638
295,80,10.865022077227334
295,81,11.32750115263063
295,82,14.109329560269495
295,83,16.459131542391617
295,84,18.959720165574144
295,85,21.833576680579046
295,86,21.365949760414544
295,87,24.530174267369738
295,88,26.383322351811806
295,89,29.69342732597819
295,90,31.071629871119026
295,91,32.84739867913292
295,92,31.897753940412276
295,93,29.9880336788488
295,94,28.584884717979048
295,95,26.162999414624764
295,96,26.882378506537776
295,97,23.72342214746849
295,98,21.664642377888192
295,99,18.441537682825214
295,100,18.99369046686216
295,101,19.774961718506695
295,102,16.742384602253495
295,103,14.561120709640655
295,104,16.45282838149235
295,105,16.65824897733027
295,106,12.96796261553709
295,107,12.468922670294353
295,108,15.415513514894394
295,109,13.962928999215913
295,110,17.468095679933747
295,111,20.31594479215036
295,112,22.988499039906472
295,113,26.17299026178234
295,114,29.485114230156245
295,115,32.6092775864121
295,116,35.179501072779715
295,117,38.88840900379306
295,118,39.27214566845882
295,119,42.93980113711781
295,120,43.666927324150485
295,121,47.45394027327663
295,122,49.34221049241544
295,123,46.640345133337235
295,124,45.5881814329213
295,125,42.126311010618004
295,126,39.732489112492715
295,127,40.325556618498034
295,128,39.123472244701595
295,129,38.93028873830352
295,130,39.46951430282663
295,131,36.369215507127294
295,132,34.3409838273746
295,133,36.03730561428808
295,134,35.142151422604464
295,135,37.27952520066353
295,136,40.513317934268535
295,137,41.15649594748509
295,138,39.55317156753356
295,139,36.73015491028851
295,140,34.21343727311232
295,141,30.84106533012093
295,142,30.795408042603828
295,143,29.69724325788405
295,144,32.10219958527306
295,145,35.906517667473906
295,146,38.019195769400525
295,147,41.266057086400465
295,148,44.43926681918259
295,149,48.132557686280286
295,150,50.112727779059846
295,151,53.79577365812986
295,152,54.48593886398954
295,153,52.64338463005077
295,154,49.136788776858495
295,155,49.51845682146712
295,156,47.62037231570339
295,157,44.94067534472237
295,158,44.2218613948284
295,159,42.06457581897234
295,160,40.34715185692175
295,161,37.55141725219759
295,162,37.113653214293464
295,163,34.105722359050986
295,164,35.69563128907117
295,165,32.519167578563405
295,166,30.581897653977947
295,167,27.312596041247772
295,168,26.300683773778616
295,169,26.982491626501766
295,170,25.352732628065333
295,171,27.999862210742222
295,172,27.610747695920292
295,173,30.89654104518001
295,174,32.37777695796172
295,175,35.44254247272843
295,176,37.34650245614015
295,177,38.72296221755627
295,178,41.76892057777095
295,179,43.2843103415275
295,180,46.99256425158754
295,181,49.21452656719779
295,182,50.50485536182115
295,183,47.033559379500005
295,184,46.5180346622629
295,185,49.843239622531534
295,186,49.78659072551883
295,187,46.551637490082726
295,188,46.784356945275746
295,189,50.42165393338482
295,190,49.957116993536815
295,191,50.122606688422785
295,192,47.160993518550086
295,193,44.51859240648508
295,194,42.31353408033788
295,195,39.26797650176748
295,196,38.73113239061578
295,197,36.04943820314694
295,198,36.35724319285277
295,199,35.567279470153366
295,200,37.36941303974277
295,201,34.93182019375717
295,202,34.197340350049295
295,203,36.08836658779252
295,204,34.87208290947423
295,205,37.87906818372351
295,206,37.62834547068139
295,207,40.58989138063825
295,208,40.109718486192904
295,209,40.79842503933606
295,210,43.374734612157134
295,211,42.71371048832548
295,212,42.71640338941377
295,213,39.32131179868541
295,214,38.31297901783273
295,215,38.163768742877764
295,216,34.891947124008816
295,217,35.395589036762004
295,218,39.08508820439006
295,219,38.79404098242414
295,220,39.54140573124258
295,221,38.6003167201838
295,222,35.258815537621345
295,223,33.384239595803244
295,224,31.503270466432767
295,225,28.76029704514919
295,226,28.50172974479476
295,227,26.943695988726162
295,228,28.29957618358669
295,229,27.086854870866997
295,230,29.965540278016995
295,231,29.806100287664695
295,232,31.841268314288282
295,233,35.51231512478687
295,234,35.20873736625323
295,235,36.483103819588074
295,236,35.49346224077481
295,237,38.45862771406003
295,238,38.59774229797585
295,239,41.597943750286156
295,240,42.49218781297044
295,241,45.62966605375665
295,242,43.87179328955778
295,243,40.74562911107779
295,244,38.52141160871933
295,245,35.66353602360809
295,246,35.4212415604491
295,247,32.65103144739586
295,248,33.29498360513651
295,249,31.403963316364415
295,250,28.297981985525634
295,251,24.617101032682207
295,252,23.282089352520458
295,253,20.9161308571996
295,254,18.506505081942784
295,255,16.169265132285528
295,256,13.171147718689706
295,257,9.48622122855728
295,258,9.450962042878764
295,259,8.036554385022578
295,260,8.930799194162919
295,261,8.363089602281521
295,262,11.491808740354754
295,263,12.062228081689515
295,264,15.303270183242022
295,265,14.259127673223292
295,266,15.993964485794187
295,267,14.791479714080781
295,268,16.42116611076878
295,269,17.608779644836673
295,270,15.938955675271364
295,271,13.829610568763304
295,272,10.723530547996715
295,273,8.230055711744123
295,274,5.819944184589786
295,275,5.126170147027793
295,276,6.560372524634008
295,277,9.30613925975277
295,278,11.706479324159515
295,279,10.610241612393127
295,280,9.440440672225936
295,281,10.507409129715082
295,282,12.168634727303274
295,283,11.854654648010381
295,284,15.646743721515271
295,285,15.871581706383195
295,286,15.137477029745792
295,287,14.398335695916723
295,288,12.87712265080977
295,289,14.337684348753765
295,290,12.490814879347925
295,291,10.488301891994825
295,292,9.812229130979619
295,293,7.168240719473725
295,294,3.791399074475474
295,296,3.7928476046374864
295,297,6.902527555299798
295,298,7.009482445788367
295,299,10.270267827635625
295,300,11.196681498603919
295,301,11.807769682901652
295,302,15.59172990717097
295,303,18.215326742118567
295,304,20.26238875468056
295,305,20.274309099638245
295,306,22.009615772463334
295,307,22.870211745446596
295,308,25.41654190714418
295,309,25.960309075365743
295,310,29.54650562884719
295,311,30.2132325400798
295,312,34.00666537078527
295,313,37.04134239627034
295,314,38.65957542957514
295,315,39.982569417172016
295,316,43.715068401109434
295,317,45.36475842856199
295,318,48.98357320894751
296,1,69.21043945042847
296,2,69.83897689472744
296,3,66.36587038405386
296,4,62.73918699898722
296,5,59.62334110125485
296,6,56.1103228726431
296,7,53.26827249174111
296,8,49.72307522965443
296,9,46.951867760882614
296,10,43.329583978317885
296,11,41.805575329712916
296,12,41.02924282059971
296,13,39.59475736589988
296,14,41.09239397766456
296,15,38.140964455960585
296,16,35.59594213406611
296,17,32.68178522437462
296,18,32.61799626394804
296,19,30.454055911949474
296,20,30.673974240964228
296,21,31.764302400950722
296,22,33.00398824077469
296,23,36.38204411326169
296,24,36.041716083713474
296,25,34.20922566860868
296,26,34.75219264787245
296,27,35.705213707619265
296,28,36.16733935348119
296,29,34.52880405038651
296,30,34.7147411363452
296,31,31.032838423113702
296,32,27.63148759959878
296,33,23.95847332810344
296,34,21.51136101244348
296,35,18.752233838933098
296,36,17.244286158850603
296,37,15.187014341171228
296,38,17.05306913054782
296,39,17.020270977759886
296,40,15.189202467156331
296,41,16.619560824758416
296,42,16.59235546484757
296,43,15.158975812184998
296,44,12.075988949216871
296,45,11.823319567924075
296,46,12.497891197934843
296,47,11.244831995095366
296,48,9.842671089717028
296,49,8.377610291104965
296,50,11.452073037413312
296,51,11.857004842641398
296,52,15.024273393725904
296,53,16.887324614778898
296,54,19.183829787133973
296,55,21.60799144632981
296,56,24.431876599495524
296,57,23.168945689909588
296,58,21.45216257099187
296,59,19.9187377913492
296,60,23.071724423324927
296,61,25.325882272126197
296,62,23.91068196002247
296,63,24.248582104785985
296,64,27.860267249879545
296,65,28.723359247137623
296,66,29.730073322731272
296,67,31.702265691906707
296,68,29.71648139236728
296,69,26.55341621442523
296,70,28.277806492834994
296,71,26.164919766591023
296,72,23.193508390459666
296,73,25.200960226434002
296,74,23.652922860087937
296,75,20.358168386502026
296,76,17.020304659678448
296,77,13.410478705115628
296,78,9.7693791219546
296,79,9.523630735813086
296,80,12.99740025954152
296,81,13.958523784805514
296,82,17.156893500678223
296,83,19.5286583138014
296,84,22.283869837395017
296,85,24.930393524754138
296,86,24.438736921378165
296,87,27.64856804544658
296,88,29.40809875621981
296,89,32.56626377566401
296,90,33.84834266125479
296,91,35.73296284736383
296,92,35.02214083144922
296,93,33.06730343692742
296,94,31.755085567587248
296,95,29.194208171269903
296,96,29.913159626718613
296,97,26.710941143565744
296,98,24.769419011938336
296,99,21.586971505640676
296,100,21.694458525959497
296,101,22.312596076559018
296,102,19.510855055254346
296,103,17.11324829133038
296,104,18.372617932687273
296,105,18.53846669829905
296,106,15.006720513741078
296,107,13.874144031082267
296,108,16.295035107204335
296,109,14.75412765867502
296,110,18.2218142681185
296,111,21.454096053091202
296,112,23.645685691312735
296,113,27.081701240601372
296,114,30.17307606534141
296,115,33.520187661910235
296,116,36.07175140828807
296,117,39.83541208686934
296,118,40.528342868687446
296,119,44.26658240527718
296,120,45.288116398227864
296,121,49.0740659284338
296,122,51.16880042906879
296,123,48.61114024901401
296,124,47.58913763024867
296,125,44.040144277633374
296,126,41.709932841694105
296,127,42.587039471577974
296,128,41.513521540153015
296,129,41.55346507829708
296,130,42.16141719338403
296,131,39.213676135024464
296,132,36.96149746900909
296,133,38.46592652232282
296,134,37.26885633819887
296,135,39.28011309935339
296,136,42.651956482948925
296,137,43.3755486691869
296,138,41.91588963057771
296,139,38.991460487507474
296,140,36.53936231312251
296,141,33.09102555774205
296,142,32.66845074554566
296,143,31.494698994330648
296,144,34.140583314476935
296,145,37.90801991330662
296,146,40.27479594577657
296,147,43.44514920821231
296,148,46.75399723178861
296,149,50.40874981125147
296,150,52.202513514711825
296,151,55.91498645384719
296,152,56.78148005546425
296,153,54.87759696522566
296,154,51.35743702427548
296,155,51.57924133069313
296,156,49.648791376275334
296,157,46.803196834421215
296,158,45.87339032624589
296,159,43.49624439236706
296,160,41.541895436834295
296,161,38.55352443502902
296,162,37.825161333747516
296,163,34.59732354607345
296,164,35.80776989557028
296,165,32.429339131724994
296,166,30.247015006004403
296,167,27.25964436310568
296,168,26.758713071961232
296,169,27.802218029806028
296,170,26.651803431578564
296,171,29.589393543738886
296,172,29.60021567243084
296,173,33.06817199504023
296,174,34.8595482785747
296,175,38.08418861965278
296,176,40.1271077110437
296,177,41.71414986679186
296,178,44.79948663683493
296,179,46.47940124493094
296,180,50.14753814847921
296,181,52.26410064897455
296,182,53.4869254664748
296,183,49.97032388211095
296,184,49.37716355016405
296,185,52.60369844318006
296,186,52.49468804225072
296,187,49.158274933249785
296,188,49.317396233925614
296,189,52.99797143178947
296,190,52.55919854098867
296,191,52.90996017403455
296,192,49.92300888507543
296,193,47.1338839676198
296,194,44.807606878355195
296,195,41.612640921957336
296,196,40.86755373649711
296,197,37.971437185247645
296,198,38.03190350703092
296,199,36.91025774265204
296,200,38.522583892115065
296,201,36.208532838319016
296,202,35.83485238387423
296,203,37.98488588637023
296,204,37.05935705841031
296,205,40.23474877572059
296,206,40.23137897148532
296,207,43.334168132757824
296,208,42.98931961568661
296,209,43.88502767325464
296,210,46.511873110949786
296,211,46.01344189849741
296,212,46.10269424664361
296,213,42.770251605829095
296,214,41.84291090204077
296,215,41.605055027244205
296,216,38.262437167133946
296,217,38.609741664956715
296,218,42.29873526308392
296,219,42.00282008562084
296,220,42.847594282098356
296,221,41.76123247713977
296,222,38.37134554376829
296,223,36.304068863003124
296,224,34.40214926365342
296,225,31.453204413664704
296,226,30.961383269841008
296,227,29.053648476224815
296,228,30.043237488837217
296,229,28.41299483934125
296,230,30.962833135512486
296,231,30.404808249478634
296,232,32.06922047724497
296,233,35.80430139097515
296,234,35.90049186554401
296,235,37.41555900828304
296,236,36.75474378716655
296,237,39.93039989648619
296,238,40.34591471296562
296,239,43.51773534116455
296,240,44.64906911682277
296,241,47.90461201592113
296,242,46.30595304471253
296,243,43.305192524420086
296,244,40.866701058159165
296,245,37.983859209699396
296,246,37.4261787805174
296,247,34.426495230082864
296,248,34.78643116094842
296,249,32.61834997582956
296,250,29.418325436218403
296,251,25.682365089177612
296,252,23.851863266236883
296,253,21.510369734930496
296,254,18.603850948807953
296,255,16.063685843238645
296,256,12.603708969506997
296,257,8.939564402464704
296,258,10.090747780532254
296,259,10.079394220531139
296,260,11.822711638989333
296,261,11.81025559184107
296,262,15.026080885564017
296,263,15.247685165790118
296,264,18.161263698732625
296,265,16.53919247972105
296,266,17.689622245076936
296,267,15.827259924719652
296,268,16.68853169146229
296,269,17.071580744003978
296,270,14.865763156870411
296,271,12.042092302905834
296,272,8.96319787451473
296,273,5.590366786736122
296,274,4.751997925228323
296,275,6.417203680760807
296,276,9.109585913764692
296,277,12.353772042904033
296,278,14.110962821885009
296,279,12.27828747977335
296,280,9.973431083521172
296,281,10.437549216415155
296,282,10.907172876089195
296,283,10.004167513367006
296,284,13.635984809629077
296,285,14.494122562119873
296,286,13.87442529020529
296,287,14.115218677217443
296,288,13.37781989933131
296,289,15.686188671673806
296,290,14.289263387224716
296,291,13.043268670628825
296,292,12.479074106373494
296,293,10.531893740586082
296,294,6.826179320855053
296,295,3.7928476046374864
296,297,3.786784799937579
296,298,5.781329264226556
296,299,9.516341274659315
296,300,11.270403869632013
296,301,12.972672365298001
296,302,16.710458797182284
296,303,19.7689414039109
296,304,21.336609661689135
296,305,21.316189292718757
296,306,22.44067478051285
296,307,22.822931649539985
296,308,24.94893019987407
296,309,24.986473099375896
296,310,28.403033876619485
296,311,28.666749172446668
296,312,32.48069908390879
296,313,35.62368298380944
296,314,37.5639977919497
296,315,38.98731822123629
296,316,42.766261671325275
296,317,44.477652963198935
296,318,48.02946053390136
297,1,65.67572206861736
297,2,66.23882368005387
297,3,62.761510697488426
297,4,59.15381664715027
297,5,56.05807487492532
297,6,52.5150959765824
297,7,49.713762077456835
297,8,46.13910143581056
297,9,43.44150144486803
297,10,39.85410646763546
297,11,38.4502521508125
297,12,37.83522699845562
297,13,36.58963611367924
297,14,38.29892693447553
297,15,35.47790673946645
297,16,32.78818657444157
297,17,29.9604832710997
297,18,29.96705305600611
297,19,27.675361938284237
297,20,27.958173050604334
297,21,28.880654867778084
297,22,30.226048202712853
297,23,33.655433428000336
297,24,33.37108868599849
297,25,31.776080829975744
297,26,32.18275812693372
297,27,32.86195587202719
297,28,33.28214958163105
297,29,31.438606311922854
297,30,31.588961018249847
297,31,27.94880838452562
297,32,24.589059642682397
297,33,20.969287413328388
297,34,18.8309035578818
297,35,15.946501642302724
297,36,15.05264131449226
297,37,13.409510062690718
297,38,15.97554217677169
297,39,16.363527747771823
297,40,15.151182021335766
297,41,16.94004363938877
297,42,17.670126721486785
297,43,16.632640137268762
297,44,14.0389782950053
297,45,13.387046410761911
297,46,14.599959240167335
297,47,12.719948798610579
297,48,11.13938684604837
297,49,10.866436282188348
297,50,14.379813700139604
297,51,15.095036303009296
297,52,18.486521041078703
297,53,20.261899030425468
297,54,22.74048682475583
297,55,24.965588693693395
297,56,27.89368227213206
297,57,26.810524013966038
297,58,25.13820803138669
297,59,23.687995997973335
297,60,26.81375506068209
297,61,29.092270414484428
297,62,27.690286891447116
297,63,28.012820126819584
297,64,31.63235297644976
297,65,32.499749063536136
297,66,33.49681197091202
297,67,35.4216320143812
297,68,33.35671543932158
297,69,30.244787218288376
297,70,31.93997906226981
297,71,29.701771768225594
297,72,26.818293450357935
297,73,28.80948135803812
297,74,27.13175452567607
297,75,23.84289827156166
297,76,20.429877750299596
297,77,16.890180549810157
297,78,13.22471461793836
297,79,13.250842221309428
297,80,16.734486029458015
297,81,17.47319964483598
297,82,20.636377514810654
297,83,22.747491237381354
297,84,25.340395872380775
297,85,28.07758379106897
297,86,27.854133278138562
297,87,31.150186254365714
297,88,33.04071377566874
297,89,36.22269325533371
297,90,37.58210218627522
297,91,39.46376526672296
297,92,38.6735823895934
297,93,36.703233652461115
297,94,35.27633975877661
297,95,32.67195486491804
297,96,33.19334813562854
297,97,29.8652809454096
297,98,28.12384663276271
297,99,24.789877994229535
297,100,24.834368061940896
297,101,25.72185492217604
297,102,23.037868924907162
297,103,20.43476737867601
297,104,21.649982159089014
297,105,22.088664683243806
297,106,18.641484501798352
297,107,17.202895249755723
297,108,19.582512308506473
297,109,18.23898754455684
297,110,21.699474333013278
297,111,25.047522906271684
297,112,27.052542922443283
297,113,30.549903972942648
297,114,33.51763879551166
297,115,36.95079747405013
297,116,39.433239889283904
297,117,43.208724972797086
297,118,43.978899879204924
297,119,47.73980140350972
297,120,48.84668912616495
297,121,52.624625900073724
297,122,54.7860840607667
297,123,52.283565807064555
297,124,51.3111831920979
297,125,47.758485521088744
297,126,45.460018223893925
297,127,46.36525368471332
297,128,45.29961856158212
297,129,45.32264566161778
297,130,45.89001213364531
297,131,42.91921313189509
297,132,40.70471317903974
297,133,42.17841616742674
297,134,40.96422728084558
297,135,42.896871101399476
297,136,46.26886943986652
297,137,47.07283148405024
297,138,45.663204313619325
297,139,42.757800217666436
297,140,40.32431355539283
297,141,36.87519527688678
297,142,36.41645939038423
297,143,35.21215706233169
297,144,37.86915925822737
297,145,41.628786422862355
297,146,44.019953044940536
297,147,47.15884652153605
297,148,50.48250343530807
297,149,54.12495280066493
297,150,55.91562072508672
297,151,59.633325994601535
297,152,60.49434928156114
297,153,58.54233419487401
297,154,54.99715456804405
297,155,55.14035588950564
297,156,53.12786312153201
297,157,50.27674010511745
297,158,49.22684579258125
297,159,46.825152937663574
297,160,44.73452224462191
297,161,41.72552653258091
297,162,40.78913009761411
297,163,37.45316649731105
297,164,38.471690270007066
297,165,35.029686385332816
297,166,32.59708365888426
297,167,29.82966298068298
297,168,29.558836639705103
297,169,30.898760130911345
297,170,29.95327930819051
297,171,33.018522656154786
297,172,33.17483246288324
297,173,36.661986354372424
297,174,38.474249575789976
297,175,41.67673768654277
297,176,43.77510060934439
297,177,45.30058123933154
297,178,48.420793453854884
297,179,50.05212888643749
297,180,53.73198399549209
297,181,55.85324805219246
297,182,57.14549602114133
297,183,53.65439885955631
297,184,53.02803182698495
297,185,56.2727867616934
297,186,56.21976189447382
297,187,52.88501254971329
297,188,52.99284387951139
297,189,56.65972299916282
297,190,56.1459421226233
297,191,56.46087966572252
297,192,53.41590897545666
297,193,50.64651771417049
297,194,48.24299750142271
297,195,45.04947211193593
297,196,44.174215697574816
297,197,41.24987025670377
297,198,41.12422981180279
297,199,39.839475502279896
297,200,41.22664790571362
297,201,38.824767631172264
297,202,38.65493522258058
297,203,40.97134692722409
297,204,40.204038220856766
297,205,43.4446954742321
297,206,43.55218220944237
297,207,46.69391469512322
297,208,46.45512256710091
297,209,47.31576986471857
297,210,50.00264750344494
297,211,49.454859130439864
297,212,49.55532863742736
297,213,46.18202396410811
297,214,45.208591679177516
297,215,45.05872036006779
297,216,41.76443238578363
297,217,42.171140794341284
297,218,45.8756520052065
297,219,45.61699561412948
297,220,46.40385774364773
297,221,45.376046800881184
297,222,41.982873039517976
297,223,39.94822658185041
297,224,37.95838344707807
297,225,35.033236103184294
297,226,34.42292177130901
297,227,32.453225587068516
297,228,33.27219135715706
297,229,31.472435274939503
297,230,33.898681316083206
297,231,33.05486890539796
297,232,34.59503343362627
297,233,38.31629578097579
297,234,38.59997807153749
297,235,40.34381058163504
297,236,39.888106196571336
297,237,43.12621407347307
297,238,43.700864455812074
297,239,46.886659715145676
297,240,48.120289292846806
297,241,51.42050100034163
297,242,49.897989986845204
297,243,46.93107836066214
297,244,44.48378384602118
297,245,41.66071116709885
297,246,41.05694479856253
297,247,38.03196211190244
297,248,38.37965423362687
297,249,36.09428975671016
297,250,32.819949915507706
297,251,29.10388520240769
297,252,27.057945118960426
297,253,24.60207587648735
297,254,21.46318600949975
297,255,18.63942408096831
297,256,15.110585915669091
297,257,11.725467176132016
297,258,13.540716137923322
297,259,13.715203657261876
297,260,15.501690813807542
297,261,15.199347227625953
297,262,18.163421511449194
297,263,18.05996891622993
297,264,20.78219931161879
297,265,18.79842728455931
297,266,19.967229056998352
297,267,18.116810781730035
297,268,18.351878722268697
297,269,18.392154110965595
297,270,15.555602702768079
297,271,12.323737310640595
297,272,8.995206928662279
297,273,5.462549644223535
297,274,5.225881973796816
297,275,8.428024764381705
297,276,10.885211707981076
297,277,14.561090364777199
297,278,15.573909335990573
297,279,13.773315254272982
297,280,10.860272916511347
297,281,10.006143964855296
297,282,9.25065279763249
297,283,7.239046666211711
297,284,10.53295564540713
297,285,11.453583846663069
297,286,10.730895156818857
297,287,11.739379387855443
297,288,11.856320019623745
297,289,14.867291967828812
297,290,14.237793061309551
297,291,13.715588711058652
297,292,13.199694026418495
297,293,12.293827724496873
297,294,8.649182401080182
297,295,6.902527555299798
297,296,3.786784799937579
297,298,3.7959580246569047
297,299,7.106183425272566
297,300,9.477860695526235
297,301,12.036988954031814
297,302,15.48017999038707
297,303,18.84638787195488
297,304,19.902685752038263
297,305,19.970450287790932
297,306,20.50662188098638
297,307,20.398127230787082
297,308,22.211881574758667
297,309,21.866549502362837
297,310,25.171740210721033
297,311,25.278762815475154
297,312,29.086747113837585
297,313,32.22285077026538
297,314,34.31445875099418
297,315,35.85985926264831
297,316,39.64342902949875
297,317,41.46369449427747
297,318,44.99253960477541
298,1,64.31314148846634
298,2,64.93055202514863
298,3,61.40048585797384
298,4,57.78261293078845
298,5,54.563522559668854
298,6,51.11506591952751
298,7,48.142268331034884
298,8,44.61595532560101
298,9,41.74164077911343
298,10,38.11628145015266
298,11,36.61649381771212
298,12,35.694027029626504
298,13,34.314901157364254
298,14,35.79494604999309
298,15,32.78302024524208
298,16,30.10293512483228
298,17,27.08854726443492
298,18,26.89756773066615
298,19,24.67712376837673
298,20,24.921149861606867
298,21,26.10399825324508
298,22,27.51510160282125
298,23,30.816153412105386
298,24,30.346741435706136
298,25,28.522855564653824
298,26,28.993343343965154
298,27,29.926684506576734
298,28,30.44397670130009
298,29,28.890058582762126
298,30,29.26151369867972
298,31,25.635439000513944
298,32,22.122346307358242
298,33,18.526429987975824
298,34,15.957852265385394
298,35,13.03277111789474
298,36,11.619866398733729
298,37,10.037070447818659
298,38,12.468156544341221
298,39,13.30518961085424
298,40,12.650465063345385
298,41,15.091785703742772
298,42,15.809936332074559
298,43,15.571935421010977
298,44,13.621420271073772
298,45,13.773398950072183
298,46,15.782350636621905
298,47,14.567764828405345
298,48,13.62557907717055
298,49,13.258339319112528
298,50,16.543756834774
298,51,16.453412849863863
298,52,19.677281260746764
298,53,20.809165369585187
298,54,23.118504120130165
298,55,24.99214236254812
298,56,27.795258820500717
298,57,27.002693504251063
298,58,25.26060346902954
298,59,24.2813177205903
298,60,27.346949878065498
298,61,29.587836076639462
298,62,28.60775854904917
298,63,29.148392094165125
298,64,32.60152260288089
298,65,33.53400764440583
298,66,34.1580447891358
298,67,36.17975294962518
298,68,33.922990543422515
298,69,31.03795611680281
298,70,33.11504780817608
298,71,30.990631336237577
298,72,28.20459445854409
298,73,30.501920239051035
298,74,29.210711908647106
298,75,25.822531476679096
298,76,22.63499069246751
298,77,18.93776342811528
298,78,15.416524975040446
298,79,14.537175962225305
298,80,17.566611372833496
298,81,17.563746749240796
298,82,20.343325733800015
298,83,22.0196212016629
298,84,24.179501317998504
298,85,27.164252883999605
298,86,27.34330064523225
298,87,30.714562841634905
298,88,32.8969782974689
298,89,36.21301033685543
298,90,37.822860292762876
298,91,39.65684458323406
298,92,38.570045760617035
298,93,36.72203053893059
298,94,35.16643272553691
298,95,32.74820303962725
298,96,33.155250729835
298,97,29.8084592248146
298,98,28.068189431750557
298,99,24.610083672472346
298,100,25.122442960192107
298,101,26.35628002292329
298,102,23.493780091776582
298,103,21.012630232746396
298,104,22.813585441132957
298,105,23.40795747838267
298,106,19.82030446230686
298,107,18.779427975873325
298,108,21.6090741988002
298,109,20.31326545248034
298,110,23.83872445214928
298,111,26.939692394977378
298,112,29.311083699442356
298,113,32.67483399965978
298,114,35.83145080761569
298,115,39.119246547268716
298,116,41.642883369923396
298,117,45.39181490787608
298,118,45.92456431405454
298,119,49.63706617386844
298,120,50.492499678391496
298,121,54.27713614916645
298,122,56.24943809529689
298,123,53.601062239358725
298,124,52.57730643383288
298,125,49.098600948208535
298,126,46.70012760125385
298,127,47.317250845763375
298,128,46.05580724931705
298,129,45.77533741370337
298,130,46.155981699726944
298,131,43.01425952389559
298,132,41.08289129268054
298,133,42.66656854157106
298,134,41.74500572076858
298,135,43.672791982446306
298,136,46.88828744049307
298,137,47.75419315843167
298,138,46.29915301713157
298,139,43.563474015852265
298,140,41.14273893506062
298,141,37.80697685871701
298,142,37.69555691084794
298,143,36.62920811391777
298,144,39.0898695689144
298,145,42.89016880869111
298,146,45.026890516264416
298,147,48.258905211818735
298,148,51.437024236485186
298,149,55.12499755251527
298,150,57.10723958004433
298,151,60.79474387591458
298,152,61.47479560339517
298,153,59.59420768181538
298,154,56.06124886655113
298,155,56.360958290379145
298,156,54.35542935656675
298,157,51.67382256729997
298,158,50.792971327124
298,159,48.5940770006957
298,160,46.67181267617987
298,161,43.82207806405709
298,162,43.06344793283191
298,163,39.85947994637478
298,164,41.135611785695716
298,165,37.811414024322374
298,166,35.4594705162922
298,167,32.518186473947274
298,168,31.90389755405571
298,169,33.06323955994362
298,170,31.763413638560483
298,171,34.6251026111938
298,172,34.444016798900954
298,173,37.7594201104168
298,174,39.24487278944951
298,175,42.25417947181048
298,176,44.1909489079397
298,177,45.424097627974
298,178,48.48351612168544
298,179,49.85134017611632
298,180,53.589088562238906
298,181,55.871661314730545
298,182,57.26054824831758
298,183,53.83479851551985
298,184,53.326874815499544
298,185,56.700219958731154
298,186,56.70493528780132
298,187,53.50254466937947
298,188,53.706437109878294
298,189,57.318645529346924
298,190,56.75784110081984
298,191,56.82768351193499
298,192,53.794266830056394
298,193,51.218091661159036
298,194,48.924385981568186
298,195,45.90459130476413
298,196,45.19419662732858
298,197,42.483385306025056
298,198,42.51527111336976
298,199,41.47608865789446
298,200,42.926912784928064
298,201,40.32560752787447
298,202,39.90514413739787
298,203,42.05546746256985
298,204,41.066162095517186
298,205,44.157891862714834
298,206,44.04279687230642
298,207,47.0319756075048
298,208,46.67981403661334
298,209,47.2445501399373
298,210,49.878819022503166
298,211,49.06415479128402
298,212,49.011775480949964
298,213,45.52286700890665
298,214,44.34754083583159
298,215,44.32378524506427
298,216,41.148472335583826
298,217,41.71896548584115
298,218,45.44188897402823
298,219,45.30581744306642
298,220,45.988075521818104
298,221,45.23347263451885
298,222,41.93700184575462
298,223,40.1889478900231
298,224,38.21528376747774
298,225,35.55610619335503
298,226,35.161673083631264
298,227,33.53417681019127
298,228,34.64268352717316
298,229,33.15700449016219
298,230,35.85160296911452
298,231,35.22875826180946
298,232,37.063092115465025
298,233,40.745397403985734
298,234,40.750546478167486
298,235,42.39237212369787
298,236,41.71686629996912
298,237,44.78832196727015
298,238,45.15800787029154
298,239,48.17689672052236
298,240,49.20154226332193
298,241,52.39033870836933
298,242,50.712917697297215
298,243,47.609842273618725
298,244,45.40552573472082
298,245,42.61687544247917
298,246,42.33318008706049
298,247,39.518092005230606
298,248,40.1068907850741
298,249,38.04546129200594
298,250,34.826706918999676
298,251,31.13024831101044
298,252,29.41258824540786
298,253,26.881928751114554
298,254,24.003384167197336
298,255,21.165067743181375
298,256,17.837071169204705
298,257,14.305143566903773
298,258,15.574800769083252
298,259,14.841264223563783
298,260,15.902352296637792
298,261,14.76498685470256
298,262,17.176331896459413
298,263,16.811455946258143
298,264,19.466813047488
298,265,17.53904142990557
298,266,19.266995721380244
298,267,18.074968605751597
298,268,18.457395251009807
298,269,19.1061666970116
298,270,16.256931340855772
298,271,13.526219999414597
298,272,9.7828953973369
298,273,7.222063315182492
298,274,4.973501694037146
298,275,7.667878687993173
298,276,8.95798012007524
298,277,12.74222841368979
298,278,13.277276271247997
298,279,12.153649600224073
298,280,9.60868777271964
298,281,7.947377646767219
298,282,7.722194141209048
298,283,5.726555417573714
298,284,9.222829059250332
298,285,9.095874527227085
298,286,8.29353560593974
298,287,8.394756105803884
298,288,8.09742374564286
298,289,11.086884752186002
298,290,10.729642095663905
298,291,10.495721589795691
298,292,10.239403422226799
298,293,10.13244371416526
298,294,6.91362714733187
298,295,7.009482445788367
298,296,5.781329264226556
298,297,3.7959580246569047
298,299,3.7904765425554205
298,300,6.382555530383132
298,301,8.551037987637482
298,302,11.935230080421963
298,303,15.184458046612747
298,304,16.186068343778683
298,305,16.215553690500503
298,306,16.937758265220246
298,307,17.08529754040875
298,308,19.199665424048767
298,309,19.299740984315907
298,310,22.79537543264833
298,311,23.321361007510298
298,312,27.127127622266492
298,313,30.17009407095391
298,314,31.951062468135994
298,315,33.40031207254893
298,316,37.15837531462803
298,317,38.94317036186447
298,318,42.548251305423946
299,1,61.54522149145778
299,2,62.109837833519286
299,3,58.526679094622395
299,4,54.93754017745007
299,5,51.63412841156537
299,6,48.236355273988835
299,7,45.161281314064766
299,8,41.63881677145024
299,9,38.7105399201314
299,10,35.11531213206639
299,11,33.710095982770575
299,12,32.68005263954513
299,13,31.41197740282961
299,14,32.88761082433081
299,15,29.82175340617534
299,16,26.978160941904147
299,17,23.834955516520058
299,18,23.409665472176293
299,19,21.040735191421746
299,20,21.15856562309043
299,21,22.330271605771426
299,22,23.77118215359627
299,23,27.0406884563884
299,24,26.55991670550093
299,25,24.780739941929404
299,26,25.305743251772796
299,27,26.268366376417625
299,28,26.946984083661103
299,29,25.5077596015766
299,30,26.14539125868116
299,31,22.62502773029533
299,32,18.991903511322167
299,33,15.562880963075415
299,34,12.876046581637656
299,35,9.637105257327157
299,36,8.364715977482026
299,37,7.770770196598842
299,38,10.614225400767276
299,39,12.411886769943528
299,40,12.873985727981118
299,41,15.90755517783625
299,42,16.95876886239244
299,43,17.48056156909812
299,44,16.19409999798079
299,45,16.598988277196113
299,46,19.03297013692861
299,47,17.88547970184832
299,48,17.08440683930885
299,49,16.980907364983032
299,50,20.27189579999533
299,51,20.006185107922622
299,52,23.157439095117972
299,53,23.989985967904197
299,54,26.18537408594557
299,55,27.8312963091194
299,56,30.522488483994177
299,57,29.896996010717984
299,58,28.068047301747896
299,59,27.314522860577952
299,60,30.244152029207644
299,61,32.538010551615066
299,62,31.823092148500454
299,63,32.37358739846785
299,64,35.723249368282296
299,65,36.76973224413013
299,66,37.227795831181574
299,67,39.33361021277905
299,68,37.003983492123176
299,69,34.245641645937475
299,70,36.49718574777999
299,71,34.4421043321343
299,72,31.695748535360824
299,73,34.07328178600024
299,74,32.87986709778029
299,75,29.498639741685402
299,76,26.352463181482758
299,77,22.646139248278573
299,78,19.144428027174676
299,79,18.07427473205318
299,80,20.887958999146573
299,81,20.54715577976245
299,82,23.011294286428036
299,83,24.37318559198062
299,84,26.125638999404362
299,85,29.2903212377508
299,86,29.765507439323862
299,87,33.13345178020528
299,88,35.471982351008144
299,89,38.88029989276428
299,90,40.60463080598807
299,91,42.33512523792627
299,92,41.00616868537842
299,93,39.16915654118337
299,94,37.424863110661455
299,95,35.058497230310294
299,96,35.21398940645913
299,97,31.790568199073157
299,98,30.260946970903234
299,99,26.676736846335743
299,100,27.336688494553847
299,101,28.941543410401177
299,102,26.148074537162465
299,103,23.59209307025267
299,104,25.612541005972588
299,105,26.504931772047087
299,106,22.964204380078517
299,107,21.891750942052077
299,108,24.917691133813246
299,109,23.845825768136812
299,110,27.430127561981582
299,111,30.480125343150704
299,112,32.93576974042447
299,113,36.23392607618404
299,114,39.40218638824543
299,115,42.659299629655564
299,116,45.11568719284986
299,117,48.851135050163926
299,118,49.261130393948996
299,119,52.95625003400541
299,120,53.71144515349197
299,121,57.48618694761503
299,122,59.396567189328145
299,123,56.721506292024834
299,124,55.74877816758687
299,125,52.33067882127286
299,126,49.94146920331054
299,127,50.40504944025417
299,128,49.08669762223137
299,129,48.64313470276351
299,130,48.94673074887879
299,131,45.69220562571741
299,132,43.96006009070573
299,133,45.640279621678594
299,134,44.8997899319569
299,135,46.834082355450875
299,136,49.9527283583129
299,137,50.835447097834425
299,138,49.33053162478502
299,139,46.68017884147139
299,140,44.2310121615116
299,141,40.944088958332884
299,142,41.02295179451102
299,143,39.94766779019911
299,144,42.263234823724346
299,145,46.07032696071035
299,146,48.06857801454877
299,147,51.299171128963955
299,148,54.39884699508504
299,149,58.08811385854223
299,150,60.19599385535234
299,151,63.86552268293475
299,152,64.40818122626976
299,153,62.507401531410174
299,154,58.95642809252421
299,155,59.265191013169584
299,156,57.18037691156445
299,157,54.612710832514644
299,158,53.73109967499172
299,159,51.657711630384775
299,160,49.736153651676666
299,161,46.99379695999348
299,162,46.19206681169051
299,163,43.01005829356392
299,164,44.33641696796988
299,165,41.07062779818576
299,166,38.606406674245754
299,167,35.69649719394394
299,168,34.996232732441364
299,169,36.251228609809225
299,170,34.88344978408454
299,171,37.712729387836845
299,172,37.46161653951751
299,173,40.6776684592707
299,174,41.991089069815025
299,175,44.855528005175486
299,176,46.766930072257665
299,177,47.77891548016131
299,178,50.84276733332598
299,179,52.034749211384785
299,180,55.79063532716387
299,181,58.13402691929328
299,182,59.6591189222553
299,183,56.31470278191335
299,184,55.81042340133659
299,185,59.26096675372666
299,186,59.38127064161029
299,187,56.2590222903921
299,188,56.439462992839225
299,189,59.99247590989906
299,190,59.314718266323396
299,191,59.209283641955416
299,192,56.12922166934687
299,193,53.689358318746685
299,194,51.388648444052095
299,195,48.48375993661454
299,196,47.754819585260094
299,197,45.1625852034984
299,198,45.137639794213236
299,199,44.13335150892102
299,200,45.448917539651994
299,201,42.66738066435886
299,202,42.24133937554713
299,203,44.40417733564433
299,204,43.41567581180854
299,205,46.45761890720033
299,206,46.31584159122236
299,207,49.24207195909519
299,208,48.938607066445506
299,209,49.319761667101766
299,210,51.983659286208464
299,211,51.00621536546288
299,212,50.92003758396103
299,213,47.36881595640226
299,214,46.104351398505244
299,215,46.266213576653364
299,216,43.2361497352842
299,217,43.99288584399549
299,218,47.699100411317694
299,219,47.59474332446448
299,220,48.120449804583295
299,221,47.531271849120316
299,222,44.28188798310106
299,223,42.703232548352965
299,224,40.642005729948806
299,225,38.1575950052632
299,226,37.75915682600587
299,227,36.278145785310215
299,228,37.40640098260455
299,229,35.9917833543709
299,230,38.75270028286287
299,231,38.073902527725224
299,232,40.02102169376548
299,233,43.648719630929484
299,234,43.5884746180655
299,235,45.326881331811045
299,236,44.666353965815524
299,237,47.666244189396764
299,238,48.03894159177215
299,239,50.95196915172274
299,240,51.9389765117091
299,241,55.09450315461834
299,242,53.411485419429326
299,243,50.28072413086561
299,244,48.213973915033506
299,245,45.52932231151029
299,246,45.39048327410191
299,247,42.69656339322002
299,248,43.457791590309704
299,249,41.42932399564357
299,250,38.174320307056504
299,251,34.5237932612992
299,252,32.85668952977751
299,253,30.175840001831393
299,254,27.324275476565624
299,255,24.31131606032675
299,256,21.115353088773944
299,257,17.70205410770447
299,258,19.062916435002364
299,259,18.05008447462703
299,260,18.8981484286742
299,261,17.39529430215327
299,262,19.371792686863504
299,263,18.876201271772324
299,264,21.38455784339501
299,265,19.490254604794142
299,266,21.539874286500833
299,267,20.7680260152944
299,268,20.996654047095674
299,269,21.79176774353003
299,270,18.767253856237215
299,271,16.212201993100408
299,272,12.485826283618243
299,273,10.487732480420112
299,274,8.237277498237344
299,275,10.581896825066305
299,276,10.878705237528667
299,277,14.462393164082663
299,278,14.368664505845718
299,279,13.919968971303389
299,280,11.660870776411402
299,281,9.000608965942972
299,282,8.345983683793504
299,283,5.733825625431429
299,284,8.118343921443493
299,285,6.517393878437552
299,286,4.956123910396222
299,287,4.66674068678392
299,288,5.3911849782201715
299,289,8.937766591967033
299,290,9.852948647143576
299,291,10.304121976778235
299,292,10.039359091655319
299,293,11.291609889983404
299,294,9.02897345115075
299,295,10.270267827635625
299,296,9.516341274659315
299,297,7.106183425272566
299,298,3.7904765425554205
299,300,3.776934653043171
299,301,6.388804892881703
299,302,9.059300296866503
299,303,12.462479246673013
299,304,13.007903365549302
299,305,13.321371858232373
299,306,13.668467453662354
299,307,13.468311491793674
299,308,15.677619434472632
299,309,15.805928399042386
299,310,19.408014644915653
299,311,20.273298469748305
299,312,24.040983973775138
299,313,26.915435963928278
299,314,28.529128923126404
299,315,30.080554138225196
299,316,33.80114645176973
299,317,35.71211885382859
299,318,39.37418372704292
300,1,62.77286247868211
300,2,63.197066330584576
300,3,59.53998858240025
300,4,56.025330991169604
300,5,52.62776006203361
300,6,49.28207043718709
300,7,46.10498981146198
300,8,42.5647358826342
300,9,39.64333311677213
300,10,36.15092905993059
300,11,34.97061127645944
300,12,33.81126182147972
300,13,32.703447778117194
300,14,34.07633625606825
300,15,30.88038821569983
300,16,27.87853112314949
300,17,24.48662620382227
300,18,23.471480634182154
300,19,20.81529070921127
300,20,20.280649905785058
300,21,21.210238672601303
300,22,22.128368582873026
300,23,25.450585586756794
300,24,25.28314122462702
300,25,23.50788709204729
300,26,24.58358532952859
300,27,25.910387897005688
300,28,27.096986266325594
300,29,26.023067636318498
300,30,27.180745475175147
300,31,23.891814875114594
300,32,20.135342548863257
300,33,17.078562404173812
300,34,14.176330242903811
300,35,10.657041668746505
300,36,9.060426068343544
300,37,9.541777362060246
300,38,11.689624976683428
300,39,14.18998495751504
300,40,15.057974685902094
300,41,18.395245068667958
300,42,18.935320092239778
300,43,19.79209876844076
300,44,18.517457562991826
300,45,19.43032839664369
300,46,21.734166355082337
300,47,20.86263030888183
300,48,19.990095043902407
300,49,19.34116155772771
300,50,22.388363560096334
300,51,21.89913462345866
300,52,24.717004450082985
300,53,25.449271642613077
300,54,27.1985248741961
300,55,28.95286367134091
300,56,31.29703415935879
300,57,30.467554507015294
300,58,28.264670845413722
300,59,27.50735059591815
300,60,30.096952855423424
300,61,32.64888965185521
300,62,32.2903812311905
300,63,32.58372237922169
300,64,35.7840468781675
300,65,37.175221567701364
300,66,37.60257026605888
300,67,40.00015180815127
300,68,37.84203373157012
300,69,35.075143348494485
300,70,37.48582325354125
300,71,35.76142561922393
300,72,32.83860838911969
300,73,35.111614438157766
300,74,33.98621598191624
300,75,30.777659906709044
300,76,27.649397911987077
300,77,24.022904130821477
300,78,20.535095444234322
300,79,19.257161977103767
300,80,21.78914935753243
300,81,21.45426514824087
300,82,23.47921130109003
300,83,24.9272880194886
300,84,26.31025697736828
300,85,29.731443829995698
300,86,30.103096519900262
300,87,33.26343736520909
300,88,35.493324135362265
300,89,39.0532207901458
300,90,40.65393897740439
300,91,42.082210392201745
300,92,40.46641445952318
300,93,38.45996682710699
300,94,36.405346226741464
300,95,33.966382019792924
300,96,33.748755068935566
300,97,30.224771139160744
300,98,29.052607702574704
300,99,25.342792658616293
300,100,25.99224397361775
300,101,28.03424507212967
300,102,25.479947089260403
300,103,22.751024419895188
300,104,24.949324517887998
300,105,26.312458574840587
300,106,22.959454195057205
300,107,21.766434458701042
300,108,25.0782142755609
300,109,24.50138362878692
300,110,28.20179638209623
300,111,31.154331357298105
300,112,33.7483505678182
300,113,36.84525668254586
300,114,39.99797892244494
300,115,43.17085485981977
300,116,45.43014963084093
300,117,49.118477184723204
300,118,49.27197673236888
300,119,52.925061527599524
300,120,53.525630437926125
300,121,57.26643028865872
300,122,59.11393903623655
300,123,56.46433848147175
300,124,55.67278336121534
300,125,52.37182102569383
300,126,50.11978185312795
300,127,50.410798755157394
300,128,49.185816146719205
300,129,48.66316380136875
300,130,49.08803755526684
300,131,45.70956943256212
300,132,44.167586056442225
300,133,46.12312309469282
300,134,45.625061383068235
300,135,47.77897311670352
300,136,50.811318186574354
300,137,51.47545661668643
300,138,49.73147701665122
300,139,47.06654349506867
300,140,44.42896325635957
300,141,41.13011213350862
300,142,41.468915024810634
300,143,40.198267069572395
300,144,42.237741049020244
300,145,46.027684930256136
300,146,47.86069734200231
300,147,51.00283784281471
300,148,54.02137257037566
300,149,57.67244780235789
300,150,59.948497557228315
300,151,63.59366811095105
300,152,63.93152825483327
300,153,61.92726045070397
300,154,58.33156536815405
300,155,58.57596064766096
300,156,56.34505568033337
300,157,53.93735554328972
300,158,53.02484261763801
300,159,51.15104033916079
300,160,49.24361257907603
300,161,46.70346769217745
300,162,45.88385044212492
300,163,42.80234977295759
300,164,44.31325792200726
300,165,41.22234238316473
300,166,38.70523446551113
300,167,35.73863246952406
300,168,34.7638548787955
300,169,36.0791348043834
300,170,34.57506910689
300,171,37.33864499111637
300,172,37.04551536113575
300,173,40.12135136938239
300,174,41.26137355216119
300,175,43.95370206183767
300,176,45.94184056823497
300,177,46.74301230869357
300,178,49.888284541397745
300,179,50.989928308399996
300,180,54.721315614667496
300,181,57.01432647873086
300,182,58.75182248623698
300,183,55.527987776960735
300,184,54.892759115093696
300,185,58.394156603394
300,186,58.74088343197373
300,187,55.67806996137583
300,188,55.70907847141567
300,189,59.17244615121603
300,190,58.28456973209851
300,191,58.01382051161817
300,192,54.84002290994972
300,193,52.528609542908676
300,194,50.162482873964834
300,195,47.38337457822925
300,196,46.5784489456412
300,197,44.13471643348283
300,198,44.024506278708614
300,199,43.09358529706963
300,200,44.27042279206974
300,201,41.283881533773524
300,202,40.807067386205134
300,203,42.95963245669113
300,204,41.99513272059319
300,205,44.9866575186135
300,206,44.88073417186408
300,207,47.77342857363614
300,208,47.62348694223634
300,209,47.89782314339542
300,210,50.670592060062816
300,211,49.64570750026548
300,212,49.68692572538508
300,213,46.14654870656209
300,214,44.99709742919531
300,215,45.45989981177084
300,216,42.61833691890626
300,217,43.69540161996715
300,218,47.3239961090938
300,219,47.028744559647485
300,220,47.26254191920573
300,221,46.68549983991016
300,222,43.41206071054788
300,223,41.906241290075094
300,224,39.633239885241395
300,225,37.304453534697544
300,226,36.77690965711701
300,227,35.431913648471316
300,228,36.53793348195969
300,229,35.24527170353989
300,230,38.113709778579164
300,231,37.454006989727546
300,232,39.64361784860852
300,233,43.16224827777082
300,234,42.900582330689446
300,235,44.70201466511767
300,236,44.022237306113006
300,237,46.890898112243875
300,238,47.276327071892986
300,239,50.035841003438854
300,240,51.013684136735705
300,241,54.1468204987313
300,242,52.53730762378907
300,243,49.44448248402085
300,244,47.507411743581976
300,245,45.033206099378674
300,246,45.02739563759556
300,247,42.515856754922794
300,248,43.59213224560518
300,249,41.58219684508848
300,250,38.257983204330046
300,251,34.73248869439641
300,252,33.20520191508412
300,253,30.26988398372534
300,254,27.59772818391654
300,255,24.415573410142315
300,256,21.58039209879273
300,257,18.374518374398317
300,258,19.710188636432207
300,259,18.27597759205837
300,260,19.083625921014495
300,261,17.596663905437392
300,262,19.432195009127273
300,263,19.467082090180742
300,264,22.27144003608887
300,265,20.94547745773708
300,266,23.450039298989648
300,267,23.04478749793759
300,268,23.741762016169524
300,269,24.866779867926894
300,270,22.06882236658031
300,271,19.615894794481378
300,272,15.833481747451815
300,273,13.590379670746339
300,274,10.962434405061053
300,275,12.552630142870608
300,276,11.991338009584442
300,277,15.146529142219476
300,278,15.444217176544258
300,279,15.803021948366903
300,280,14.230584972701926
300,281,11.911838465947646
300,282,11.909545502194872
300,283,9.499668578025915
300,284,11.538141104512748
300,285,9.154543802474837
300,286,6.4396172478469085
300,287,4.756835978057176
300,288,5.749255320981916
300,289,8.42565434553903
300,290,10.11969376780566
300,291,9.742721672303471
300,292,8.344453316993661
300,293,10.440118718389586
300,294,9.228542591051959
300,295,11.196681498603919
300,296,11.270403869632013
300,297,9.477860695526235
300,298,6.382555530383132
300,299,3.776934653043171
300,301,3.7971271137338016
300,302,6.406859401064902
300,303,10.123703605345193
300,304,11.389311560564773
300,305,12.698965526274085
300,306,13.472281720494054
300,307,13.137369157734652
300,308,15.942072350136796
300,309,16.257296986960984
300,310,20.0015850569471
300,311,21.459546951351022
300,312,25.094881827394477
300,313,27.59358900302752
300,314,28.889290175436606
300,315,30.675690951065306
300,316,34.27767827365344
300,317,36.40703792704697
300,318,40.15457294519744
301,1,64.09416862820383
301,2,64.62010970670646
301,3,60.947831163891344
301,4,57.43060852576062
301,5,53.94309782990669
301,6,50.730464008558315
301,7,47.41182932395698
301,8,43.98111031297352
301,9,40.88712647055773
301,10,37.38442076811283
301,11,36.03330017634843
301,12,34.49830476093866
301,13,33.13516685134734
301,14,34.103959737843276
301,15,30.682334636311325
301,16,27.875375468052876
301,17,24.316829220441573
301,18,23.05397948766764
301,19,20.68340868658167
301,20,20.06272022150126
301,21,21.422717337743936
301,22,22.296255875084753
301,23,25.32018253048045
301,24,24.88592214916282
301,25,22.660600483240408
301,26,23.918284623549628
301,27,25.741428381692945
301,28,27.030684886546744
301,29,26.45020156543563
301,30,27.80109971647533
301,31,24.592125945204074
301,32,20.820950526972076
301,33,17.91701761731163
301,34,14.535910048629582
301,35,11.489608910289698
301,36,8.809112515667767
301,37,9.181213047934303
301,38,10.082604465827883
301,39,12.83272131611988
301,40,13.982950154073928
301,41,17.54198331132459
301,42,17.58467041435737
301,43,18.999552996059673
301,44,18.174589379759432
301,45,19.785800934712828
301,46,22.315511608577925
301,47,22.080722508719344
301,48,21.62613006727197
301,49,20.656164600147417
301,50,23.3322178475008
301,51,22.22439896619744
301,52,24.690802961873842
301,53,24.891296968231234
301,54,26.322226637017174
301,55,27.777671591724445
301,56,29.86187930562574
301,57,29.242803740552976
301,58,27.01356884271679
301,59,26.69427414040792
301,60,29.137884774522906
301,61,31.57272074651297
301,62,31.611240538344877
301,63,32.09715179604078
301,64,35.06437351907613
301,65,36.48060585401575
301,66,36.56415093799437
301,67,39.02662210610778
301,68,36.77634945426837
301,69,34.25348877477969
301,70,36.95840897079776
301,71,35.422627729795025
301,72,32.61685172547906
301,73,35.096986007831624
301,74,34.362981879238475
301,75,31.145340483075913
301,76,28.307296365797896
301,77,24.67009905881167
301,78,21.459857108925167
301,79,19.547512702236425
301,80,21.51969406334211
301,81,20.636065155230362
301,82,22.14677190143383
301,83,23.206819787855192
301,84,24.115912484861745
301,85,27.66488466869088
301,86,28.29780099502711
301,87,31.39193843662157
301,88,33.790739690594954
301,89,37.401832329029276
301,90,39.173843667736605
301,91,40.53030898788145
301,92,38.68516534104385
301,93,36.83944216633298
301,94,34.74604099119311
301,95,32.5662694714727
301,96,32.334503355145536
301,97,28.934545999900475
301,98,27.699264612042157
301,99,24.050353552044207
301,100,25.193507387363947
301,101,27.382115411407867
301,102,24.699144801564994
301,103,22.299771876948977
301,104,24.96295938043294
301,105,26.287603100499272
301,106,22.930340347792367
301,107,22.25117273277862
301,108,25.783110216125575
301,109,25.170823224328103
301,110,28.788605675350986
301,111,31.416883665041603
301,112,34.3158056876158
301,113,37.22769908698406
301,114,40.54071790271026
301,115,43.51398422957056
301,116,45.82354543429455
301,117,49.44666316485952
301,118,49.36837236718993
301,119,52.934183391469865
301,120,53.269348080129994
301,121,56.98957290672592
301,122,58.61931874271552
301,123,55.828626086077165
301,124,54.96553516256326
301,125,51.76186231426152
301,126,49.424080423558735
301,127,49.438279001265606
301,128,48.04128730964879
301,129,47.250118644629914
301,130,47.514194217733134
301,131,44.02612026840921
301,132,42.75831590188734
301,133,44.805295141202066
301,134,44.59121170927256
301,135,46.74927038264123
301,136,49.60292728867403
301,137,50.27630159099254
301,138,48.48657853996688
301,139,46.00197454830085
301,140,43.40528173187781
301,141,40.26385138588646
301,142,40.923737142242224
301,143,39.815151582597665
301,144,41.645610421601766
301,145,45.42155873025863
301,146,46.98974977166844
301,147,50.19987706423744
301,148,53.047482526921684
301,149,56.715978968647335
301,150,59.14739841463124
301,151,62.7363018895128
301,152,62.91379488668637
301,153,61.01907848172577
301,154,57.47649104008358
301,155,57.908691658259414
301,156,55.75169445985549
301,157,53.5171421161474
301,158,52.83188062785645
301,159,51.160892383273854
301,160,49.49105867089103
301,161,47.11450711733768
301,162,46.56260807371584
301,163,43.67219502893675
301,164,45.46252271552999
301,165,42.51242143881403
301,166,40.210052165990184
301,167,37.04077859471926
301,168,35.7195484266019
301,169,36.720105642374016
301,170,34.855417693467366
301,171,37.33030333297916
301,172,36.67214069386531
301,173,39.52865328916594
301,174,40.336511227001715
301,175,42.8184767693436
301,176,44.594626475080574
301,177,45.13409496116875
301,178,48.16670170153474
301,179,49.02295265151738
301,180,52.77438610202843
301,181,55.207385194772485
301,182,56.98575581134936
301,183,53.83501950285984
301,184,53.339900953300436
301,185,56.92669444545224
301,186,57.29129706658399
301,187,54.37764917422843
301,188,54.53019454972741
301,189,57.923422979024714
301,190,57.04380432417728
301,191,56.56268268963405
301,192,53.458675197997195
301,193,51.34044828255022
301,194,49.14619944301398
301,195,46.558236585144385
301,196,45.99057590278083
301,197,43.785352269672565
301,198,43.923544501238176
301,199,43.309307672230595
301,200,44.65746852375798
301,201,41.58631614589804
301,202,40.778505538638655
301,203,42.65833710024004
301,204,41.40945239472047
301,205,44.18641541206039
301,206,43.80390540925802
301,207,46.49415342779692
301,208,46.17303917554286
301,209,46.169664715532676
301,210,48.829776782248146
301,211,47.57186277034816
301,212,47.450967682576774
301,213,43.84650725672657
301,214,42.525990353612144
301,215,43.073161798571185
301,216,40.3652993036521
301,217,41.57104271044128
301,218,45.16425452333028
301,219,44.97167848327496
301,220,45.125465961829356
301,221,44.79758532369462
301,222,41.662295404093214
301,223,40.44478365937125
301,224,38.26850581033107
301,225,36.22883657441181
301,226,35.98063142416481
301,227,35.01386032250898
301,228,36.449967497688306
301,229,35.540655904526616
301,230,38.649238914438484
301,231,38.32881987878276
301,232,40.77808307001268
301,233,44.243048036878236
301,234,43.66709849286661
301,235,45.238283264829064
301,236,44.26974461178114
301,237,46.93160686564799
301,238,47.0437486525768
301,239,49.61982032483187
301,240,50.339497903745965
301,241,53.31565115494521
301,242,51.53146711348644
301,243,48.321519081929445
301,244,46.63826206719206
301,245,44.192166306524754
301,246,44.501753356463006
301,247,42.22232452752902
301,248,43.49089032000906
301,249,41.75894134706959
301,250,38.5724509417735
301,251,35.11357698308001
301,252,33.97218555205248
301,253,31.1061703795666
301,254,28.784141198778993
301,255,25.80439217269472
301,256,23.184644680861474
301,257,19.90045807240116
301,258,20.600609736583433
301,259,18.51771249340513
301,260,18.610344596416006
301,261,16.556303595245137
301,262,17.729733949538502
301,263,17.70126882623005
301,264,20.385870449161633
301,265,19.439156739766002
301,266,22.37322183275015
301,267,22.57917128667459
301,268,23.631818681574376
301,269,25.302842743921193
301,270,22.841126116728017
301,271,20.90826350915098
301,272,17.135835734573593
301,273,15.390443929502833
301,274,12.119933515680252
301,275,12.643476724000434
301,276,10.945442337745073
301,277,13.419460106577215
301,278,13.54727615775119
301,279,14.78108564851541
301,280,14.094638185685827
301,281,12.054746030617821
301,282,13.051311332441387
301,283,11.593475566739079
301,284,13.725225217703976
301,285,11.059056287721992
301,286,9.06661119839926
301,287,5.911224856115757
301,288,4.854038149093971
301,289,5.70691254282745
301,290,7.607877584423274
301,291,6.908809594069366
301,292,5.569966548325305
301,293,8.662197030085155
301,294,8.789469342692135
301,295,11.807769682901652
301,296,12.972672365298001
301,297,12.036988954031814
301,298,8.551037987637482
301,299,6.388804892881703
301,300,3.7971271137338016
301,302,3.8047462514548136
301,303,6.996337289052794
301,304,9.038650509326963
301,305,10.398073588454857
301,306,12.136361097818975
301,307,12.689554337493142
301,308,16.01764698447317
301,309,17.166364695131737
301,310,20.963587741415783
301,311,22.844713546719998
301,312,26.341955076175886
301,313,28.70200104915696
301,314,29.556492822631952
301,315,31.095381596830677
301,316,34.59940960443103
301,317,36.56423250647919
301,318,40.34590282403879
302,1,62.26789744820219
302,2,62.75793689119814
302,3,59.04954689616478
302,4,55.59020620265769
302,5,52.018410457264935
302,6,48.92577687382935
302,7,45.494747858306425
302,8,42.13946604375187
302,9,38.98591716363706
302,10,35.578229995722275
302,11,34.31739614232053
302,12,32.57568465821761
302,13,31.29053914972284
302,14,32.094098059405546
302,15,28.599728333428544
302,16,25.73579900004853
302,17,22.044816439330685
302,18,20.344166128447537
302,19,17.929865923106565
302,20,16.97524630663245
302,21,18.42813337586843
302,22,19.188900778063864
302,23,22.011688080212696
302,24,21.515140726522624
302,25,19.174762362093315
302,26,20.68254984023104
302,27,22.784337269215385
302,28,24.362441670544513
302,29,24.16979819813288
302,30,25.909245818448106
302,31,22.987245736649946
302,32,19.253849118445462
302,33,16.855291455150883
302,34,13.45076096699225
302,35,10.677237164977363
302,36,8.074644854654204
302,37,9.726838752149112
302,38,10.160142880905306
302,39,13.591766747328926
302,40,15.606481533747624
302,41,19.353565499735925
302,42,19.56689738055764
302,43,21.508324294872214
302,44,21.175373441034562
302,45,22.90114285962106
302,46,25.67038024917211
302,47,25.4873680661008
302,48,25.134283245276634
302,49,24.34129514362226
302,50,27.0358633156584
302,51,25.81891025655314
302,52,28.22547366932924
302,53,28.186844267672456
302,54,29.514341897900533
302,55,30.73318368765132
302,56,32.67807215071085
302,57,32.239330441059096
302,58,30.007555190034005
302,59,29.919135922537105
302,60,32.21390333895896
302,61,34.61721058459421
302,62,34.889854047988216
302,63,35.415798015935174
302,64,38.24426454508565
302,65,39.719751380134056
302,66,39.62619792612076
302,67,42.12559939677138
302,68,39.819690470419104
302,69,37.455751713597465
302,70,40.29758172616613
302,71,38.83063044727508
302,72,36.099497303019284
302,73,38.65059619636786
302,74,38.03109306711152
302,75,34.820889754635864
302,76,32.04935043936258
302,77,28.4157250951681
302,78,25.247104416487513
302,79,23.24024788032146
302,80,25.043822198983708
302,81,23.91505490566833
302,82,25.14018438749633
302,83,25.871967800898457
302,84,26.368172478522638
302,85,29.96774895951076
302,86,30.872730541973947
302,87,33.89454436799803
302,88,36.40845547979198
302,89,40.042889627681504
302,90,41.91817215491633
302,91,43.1697879203376
302,92,41.11334945923028
302,93,39.33660098811587
302,94,37.118984451748254
302,95,35.07083989902176
302,96,34.63426847948271
302,97,31.272900160226385
302,98,30.231698335009327
302,99,26.60696488488949
302,100,27.904462527877218
302,101,30.331365764840996
302,102,27.7441562342894
302,103,25.41058942750221
302,104,28.20059242773601
302,105,29.67933837806911
302,106,26.408689179175557
302,107,25.775486424252605
302,108,29.373797638727012
302,109,28.87156481125487
302,110,32.480976585170446
302,111,35.02908488893742
302,112,37.99284139132139
302,113,40.83236927458123
302,114,44.15845473377382
302,115,47.07294597590064
302,116,49.33569475841307
302,117,52.92521152548206
302,118,52.7237858618574
302,119,56.24643078525905
302,120,56.46032679979579
302,121,60.151754537619894
302,122,61.68744002209046
302,123,58.86421762575424
302,124,58.03224948932045
302,125,54.90897162769996
302,126,52.57478081363837
302,127,52.42349185625096
302,128,50.958827905754504
302,129,49.99577587589741
302,130,50.162606521983264
302,131,46.59657559742318
302,132,45.54807203385834
302,133,47.66186800983391
302,134,47.633278341705484
302,135,49.77478263848698
302,136,52.50548051808238
302,137,53.19605858447918
302,138,51.37636080114331
302,139,49.00946285985331
302,140,46.42320740534964
302,141,43.373701720403695
302,142,44.21373891693138
302,143,43.138243832358484
302,144,44.82056663577026
302,145,48.57033595175213
302,146,49.977133929937935
302,147,53.17599962564666
302,148,55.91222989283738
302,149,59.56292492711285
302,150,62.11119718537223
302,151,65.6586304627653
302,152,65.69267163843102
302,153,63.81100038384412
302,154,60.28238872334316
302,155,60.75342616634586
302,156,58.55672752584158
302,157,56.45871278005228
302,158,55.81535449879983
302,159,54.28664369333809
302,160,52.66432809600516
302,161,50.4072779194991
302,162,49.864679322699985
302,163,47.03230187494255
302,164,48.88559578980896
302,165,46.006227165579254
302,166,43.66109725874224
302,167,40.509125501345245
302,168,39.103202458596414
302,169,40.12450541787056
302,170,38.18614323971366
302,171,40.5750604627076
302,172,39.82037445869467
302,173,42.53835097018659
302,174,43.15009358174973
302,175,45.451814623887024
302,176,47.149273059493815
302,177,47.44939418097375
302,178,50.43222546311997
302,179,51.079699639657846
302,180,54.8161077397056
302,181,57.31009102361846
302,182,59.202226813945806
302,183,56.159361711044404
302,184,55.6985297840994
302,185,59.34132526840685
302,186,59.80483985211031
302,187,57.00594490404772
302,188,57.161029276416606
302,189,60.46914955570224
302,190,59.49730162953558
302,191,58.82829400435659
302,192,55.7207316652523
302,193,53.77352092232561
302,194,51.623728046575295
302,195,49.18975594752895
302,196,48.65306299464389
302,197,46.60513929053261
302,198,46.73632957651192
302,199,46.20515271094102
302,200,47.45951056257014
302,201,44.25950270617997
302,202,43.40397836163218
302,203,45.22800760934505
302,204,43.94696400596651
302,205,46.612701846542535
302,206,46.16290887434455
302,207,48.73191952925078
302,208,48.42467566399326
302,209,48.2083692747809
302,210,50.844161677656174
302,211,49.40860854202907
302,212,49.22623620521276
302,213,45.596101711601456
302,214,44.17763671158655
302,215,44.90029312395023
302,216,42.38277371500316
302,217,43.753449201090504
302,218,47.28328033229352
302,219,47.14268847936594
302,220,47.14531171866461
302,221,47.01360364345472
302,222,43.98332019986487
302,223,42.97597522273176
302,224,40.77650541757816
302,225,38.95750998207692
302,226,38.75694615602748
302,227,37.97584815391463
302,228,39.45651811873693
302,229,38.6642034203698
302,230,41.82063597431768
302,231,41.506095759511716
302,232,44.05052748408821
302,233,47.44573600394729
302,234,46.78120029801239
302,235,48.38199987409541
302,236,47.389609734837805
302,237,49.94451781202772
302,238,50.01463748579747
302,239,52.45606193552005
302,240,53.0953529414716
302,241,55.99443209790415
302,242,54.1873044400479
302,243,50.959488657255875
302,244,49.44765278191444
302,245,47.1095714494395
302,246,47.580733436317765
302,247,45.4461509072979
302,248,46.8574445074279
302,249,45.20036699674036
302,250,42.0291272857623
302,251,38.632708461145
302,252,37.573527230819614
302,253,34.645937598609684
302,254,32.386998139789284
302,255,29.350292251358084
302,256,26.82919384448786
302,257,23.621223583062697
302,258,24.33984051541683
302,259,22.144653326457163
302,260,22.05945106890968
302,261,19.807240144567704
302,262,20.54784965159684
302,263,20.376227564432916
302,264,22.77806921324961
302,265,21.919531550346086
302,266,25.00621832363812
302,267,25.537183143376307
302,268,26.47517429026406
302,269,28.25264147669023
302,270,25.73258825489806
302,271,23.95449487841707
302,272,20.232142836500067
302,273,18.75972604970816
302,274,15.559787854091768
302,275,16.08346513603501
302,276,14.082507438461475
302,277,16.148679957689673
302,278,15.747327283735181
302,279,17.421454044343943
302,280,16.96749827077947
302,281,14.570217108776845
302,282,15.363277368362969
302,283,13.930781027671598
302,284,15.267193539958798
302,285,11.963930535196264
302,286,9.96171093136024
302,287,6.4076919251663655
302,288,6.007814958170101
302,289,5.679944485652832
302,290,8.921012737771868
302,291,9.018430069766634
302,292,8.120776716585077
302,293,11.744056699953875
302,294,12.440152586941707
302,295,15.59172990717097
302,296,16.710458797182284
302,297,15.48017999038707
302,298,11.935230080421963
302,299,9.059300296866503
302,300,6.406859401064902
302,301,3.8047462514548136
302,303,3.7978804888671975
302,304,5.7129232060876705
302,305,8.078024650434994
302,306,9.774830931744495
302,307,10.229529702345065
302,308,13.872045381970153
302,309,15.399848723768764
302,310,19.118561245133584
302,311,21.51338341552542
302,312,24.74854878159125
302,313,26.757229932676637
302,314,27.2134576008938
302,315,28.773537327671857
302,316,32.122826602772946
302,317,34.16182316088975
302,318,37.970652221445214
303,1,62.683988104523145
303,2,63.261570326715535
303,3,59.55508972361341
303,4,56.12598798847449
303,5,52.4816323533015
303,6,49.5629051578177
303,7,46.01210539880098
303,8,42.81278000211529
303,9,39.52630797017962
303,10,36.17885595016131
303,11,34.799754270377086
303,12,32.700880304450656
303,13,31.22862283466262
303,14,31.604275556207497
303,15,27.9576341417621
303,16,25.335411793962212
303,17,21.57790920081908
303,18,19.584334079132805
303,19,17.58633966131781
303,20,16.55148497411142
303,21,18.434042721493046
303,22,19.16069212977383
303,23,21.47871679196224
303,24,20.645445405926125
303,25,17.861592183872652
303,26,19.531879226226458
303,27,22.132648059717045
303,28,23.81326523319968
303,29,24.196229691315775
303,30,26.14665864297098
303,31,23.46960899190117
303,32,19.905966994940655
303,33,17.91540959781342
303,34,14.393126476797114
303,35,12.425053986593714
303,36,9.511495533316769
303,37,11.173610010880452
303,38,10.373102501280984
303,39,13.856920340481448
303,40,16.282622900306933
303,41,20.02112958999582
303,42,19.973505140140247
303,43,22.438920307461007
303,44,22.628393618037798
303,45,24.757490758133876
303,46,27.707128144100814
303,47,27.926269913535418
303,48,27.874119648833087
303,49,27.002917489305045
303,50,29.461322081836826
303,51,27.853267462914378
303,52,29.997516247024304
303,53,29.51130592850855
303,54,30.598428734740835
303,55,31.460212962956312
303,56,33.159370647954844
303,57,32.99375354834193
303,58,30.834389081779122
303,59,31.16352057798794
303,60,33.30007612772127
303,61,35.53013559474098
303,62,36.138346395761495
303,63,36.84842253831639
303,64,39.43885945274693
303,65,40.89274460934154
303,66,40.47374021827035
303,67,42.97036024512208
303,68,40.57141452328951
303,69,38.48626401544715
303,70,41.549220506909904
303,71,40.21947233186205
303,72,37.654835149793676
303,73,40.368625787808156
303,74,40.06549436075582
303,75,36.85949494128935
303,76,34.33407992506531
303,77,30.72722782512516
303,78,27.788181147268155
303,79,25.414782156789393
303,80,26.788878533288944
303,81,25.220826486586798
303,82,25.9835515781479
303,83,26.24846646722996
303,84,26.220083888005714
303,85,29.821652071261433
303,86,31.05571503831919
303,87,33.96860441599389
303,88,36.64504369629943
303,89,40.26061229777672
303,90,42.31291182251345
303,91,43.49521085009031
303,92,41.23028517733612
303,93,39.65789159448128
303,94,37.43222972905533
303,95,35.68317353686747
303,96,35.21356943339388
303,97,32.03555859489103
303,98,30.99137094414538
303,99,27.521100566140085
303,100,29.214184562304183
303,101,31.730161929875667
303,102,29.10219665736153
303,103,27.097123550103962
303,104,30.171509336810768
303,105,31.594722710286668
303,106,28.38105049718935
303,107,28.121971792324807
303,108,31.802197466640674
303,109,31.260051639127745
303,110,34.75965607328155
303,111,37.045589288907195
303,112,40.20042343708127
303,113,42.88950660905327
303,114,46.314893725519624
303,115,49.05939111184354
303,116,51.35581239220931
303,117,54.87476808418553
303,118,54.491396980457466
303,119,57.921965657507485
303,120,57.9092049252553
303,121,61.56204211996713
303,122,62.895799939936886
303,123,59.95961516327499
303,124,59.06277029709415
303,125,56.04625108817109
303,126,53.641503423403904
303,127,53.235004614284016
303,128,51.604497105960334
303,129,50.37665700195475
303,130,50.354828250859484
303,131,46.71492459732597
303,132,45.959216866114666
303,133,48.11494015145227
303,134,48.3510278036776
303,135,50.441343210829196
303,136,52.97378441838594
303,137,53.70597736239578
303,138,51.884737430267165
303,139,49.72706929516148
303,140,47.2241053179097
303,141,44.36070290873273
303,142,45.47146170888148
303,143,44.565492792760494
303,144,46.05850946370355
303,145,49.76191918563229
303,146,50.91531466550075
303,147,54.154340763626635
303,148,56.708372786237014
303,149,60.35177402191979
303,150,63.03273481817363
303,151,66.50777128235225
303,152,66.38662974413018
303,153,64.61984527257688
303,154,61.161089052130166
303,155,61.801467631894305
303,156,59.67762006834909
303,157,57.7542649287909
303,158,57.30797861072478
303,159,55.96625604749083
303,160,54.544524851284855
303,161,52.435265625028165
303,162,52.09530583137631
303,163,49.419449516237464
303,164,51.461649796522146
303,165,48.69283557338009
303,166,46.495371431571776
303,167,43.23005832077792
303,168,41.601067291190375
303,169,42.3980575694874
303,170,40.21273007138727
303,171,42.35330562243047
303,172,41.308767803924354
303,173,43.8050708956024
303,174,44.10662177408324
303,175,46.17741037585729
303,176,47.65035055701006
303,177,47.67082278100153
303,178,50.505646590073944
303,179,50.872049380647944
303,180,54.596790134956336
303,181,57.224490575995425
303,182,59.15555881116241
303,183,56.21715940660257
303,184,55.90675204118494
303,185,59.613501931015705
303,186,60.09641708311144
303,187,57.47099265918202
303,188,57.74488640195566
303,189,60.95799372170625
303,190,59.99078695954941
303,191,59.10338382471172
303,192,56.08218356788696
303,193,54.35245364057234
303,194,52.37989026121934
303,195,50.15519023815931
303,196,49.828020163546235
303,197,48.01546324342243
303,198,48.3409145353054
303,199,48.06800688200964
303,200,49.42475286199606
303,201,46.163189875600374
303,202,45.0601969647346
303,203,46.64734837831097
303,204,45.14579762163632
303,205,47.588698572176035
303,206,46.89517643732435
303,207,49.23922281660602
303,208,48.7806877473651
303,209,48.268630928366136
303,210,50.7649277101701
303,211,49.07860207689527
303,212,48.715445096597406
303,213,45.048991461470585
303,214,43.436549217152695
303,215,44.255176656612456
303,216,41.93069853130135
303,217,43.41768536013258
303,218,46.86957046456015
303,219,46.86770097846056
303,220,46.78308166086409
303,221,46.94127961017846
303,222,44.099844151327396
303,223,43.41075096343294
303,224,41.33259637138791
303,225,39.82557886778346
303,226,39.87729317264604
303,227,39.438721057130465
303,228,41.16573162437503
303,229,40.68128550207687
303,230,43.98781668700006
303,231,43.91324266819527
303,232,46.62772579891537
303,233,49.96142534467063
303,234,49.071488463422526
303,235,50.50114825988525
303,236,49.297670342767645
303,237,51.663775554138745
303,238,51.511411549397856
303,239,53.769141382652364
303,240,54.17632868879537
303,241,56.90947295903884
303,242,54.95612850818378
303,243,51.64437719849297
303,244,50.39133950699408
303,245,48.10497077755165
303,246,48.85800364211199
303,247,46.943365537565526
303,248,48.49874622607131
303,249,47.08144280160216
303,250,44.044878970330856
303,251,40.726459734109
303,252,39.95315813767765
303,253,37.104215781206605
303,254,35.09099778019856
303,255,32.205664204771566
303,256,29.82184294163017
303,257,26.592550594972934
303,258,26.937547467077014
303,259,24.398336508262755
303,260,23.805263842419052
303,261,21.17770520161136
303,262,21.259034541400755
303,263,20.911857527141443
303,264,22.955266641846872
303,265,22.389222734520466
303,266,25.706494358376272
303,267,26.75960676539129
303,268,27.830592579856514
303,269,29.957787837967704
303,270,27.67306194482558
303,271,26.312086211145694
303,272,22.701371577652893
303,273,21.640771923264534
303,274,18.23762323563595
303,275,18.212822521163723
303,276,15.628040397248654
303,277,16.95964088605368
303,278,16.169651793568583
303,279,18.481149141909423
303,280,18.67073310580325
303,281,16.44242856272914
303,282,17.67442744866675
303,283,16.821971538691926
303,284,17.97834407389168
303,285,14.605997297045349
303,286,13.16818306502633
303,287,9.472346141720148
303,288,8.313726549587788
303,289,6.169499410333388
303,290,9.357465132050612
303,291,9.733127414189031
303,292,9.48723580795091
303,293,13.257192496416925
303,294,14.723512144221933
303,295,18.215326742118567
303,296,19.7689414039109
303,297,18.84638787195488
303,298,15.184458046612747
303,299,12.462479246673013
303,300,10.123703605345193
303,301,6.996337289052794
303,302,3.7978804888671975
303,304,3.8094329973169714
303,305,6.479696869972904
303,306,9.075562642096317
303,307,10.421189664512296
303,308,14.210203019246602
303,309,16.47636678686033
303,310,19.971983458395822
303,311,22.727441857877253
303,312,25.66354039661091
303,313,27.41643666018328
303,314,27.36557578882136
303,315,28.64559962391218
303,316,31.79380088529958
303,317,33.65308909141159
303,318,37.44072886395345
304,1,59.08161724212625
304,2,59.729313411805606
304,3,56.0413708303892
304,4,52.60029044578264
304,5,48.94712008174115
304,6,46.08646828220301
304,7,42.50525425485382
304,8,39.37812504885371
304,9,36.02096797301988
304,10,32.67043951165687
304,11,31.204857009102923
304,12,28.99972578103328
304,13,27.489120279673376
304,14,27.81922515651322
304,15,24.176348122099537
304,16,21.549985337652576
304,17,17.788653827481156
304,18,15.812183537360848
304,19,13.97521320317786
304,20,13.289841095590226
304,21,15.610485695292903
304,22,16.89002184751129
304,23,18.996415925317418
304,24,17.71528963491477
304,25,14.787719838690148
304,26,16.061513177215126
304,27,18.584258998745483
304,28,20.09577753464314
304,29,20.540999001700545
304,30,22.492903158952316
304,31,19.918977934134897
304,32,16.46308577069148
304,33,14.791526567132237
304,34,11.396523699410377
304,35,10.063313227227333
304,36,7.555969556740136
304,37,9.9789291580657
304,38,9.295238523108477
304,39,13.035876976369412
304,40,16.09739396009727
304,41,19.819071304134987
304,42,20.397115980326596
304,43,23.06284472780982
304,44,23.62720712398484
304,45,25.47181521933683
304,46,28.68972920766944
304,47,28.717770222078165
304,48,28.752478473093973
304,49,28.367719803460677
304,50,31.048780124298517
304,51,29.57197648349015
304,52,31.971572681347684
304,53,31.457587451261052
304,54,32.858927622247315
304,55,33.52627483403741
304,56,35.45455392026982
304,57,35.539432122570176
304,58,33.62836537086154
304,59,34.02689148948359
304,60,36.37363371618753
304,61,38.455976825484534
304,62,38.89509944760418
304,63,39.7832795942672
304,64,42.467840183449056
304,65,43.72450935582039
304,66,43.26432895957464
304,67,45.575171919242976
304,68,42.99796168337089
304,69,40.976673839207336
304,70,43.997093284814206
304,71,42.42871737399795
304,72,40.00424525466907
304,73,42.832173391156815
304,74,42.48522839587606
304,75,39.136569983829474
304,76,36.56290330475129
304,77,32.862277251310125
304,78,29.84604054621716
304,79,27.59540544077609
304,80,29.17009604052205
304,81,27.50227461764086
304,82,28.500021264057914
304,83,28.554070907330953
304,84,28.61463673052448
304,85,32.06634752694027
304,86,33.55856020280578
304,87,36.63199068433944
304,88,39.47530589293504
304,89,43.0105611252809
304,90,45.22224427319627
304,91,46.58668992358777
304,92,44.42069898994979
304,93,42.98001562790045
304,94,40.888931040735166
304,95,39.196989338328905
304,96,38.858004715143075
304,97,35.69389635626895
304,98,34.52107865914833
304,99,31.06171738927184
304,100,32.747411208650924
304,101,35.134980655416
304,102,32.38226853009324
304,103,30.38106974891416
304,104,33.37644641131616
304,105,34.64395683433253
304,106,31.28941260307003
304,107,30.99500462522293
304,108,34.58306823246236
304,109,33.810732136351874
304,110,37.30991347491862
304,111,39.70630468341083
304,112,42.78669973916035
304,113,45.6287506015869
304,114,49.07027985863364
304,115,51.89834430519804
304,116,54.304688142392045
304,117,57.87225784955968
304,118,57.63226769767031
304,119,61.10383559785573
304,120,61.174835970925116
304,121,64.85621666399737
304,122,66.22209103290702
304,123,63.25919660752506
304,124,62.260585910265135
304,125,59.179282365777425
304,126,56.67774341624701
304,127,56.332365092916824
304,128,54.603443633670885
304,129,53.35145141751362
304,130,53.18694855090331
304,131,49.58682615676199
304,132,48.79122814228936
304,133,50.77565998085886
304,134,50.91404111086502
304,135,52.826279079403044
304,136,55.37172105214115
304,137,56.297933861281784
304,138,54.64471832903343
304,139,52.54396665281487
304,140,50.170019219027836
304,141,47.32895212516363
304,142,48.32224582504345
304,143,47.5404317888311
304,144,49.18591120144613
304,145,52.91617772041365
304,146,54.139737939788155
304,147,57.44274033715353
304,148,60.02674575834506
304,149,63.70038261044975
304,150,66.32146155262731
304,151,69.80986534079318
304,152,69.7687258358813
304,153,68.05983702324247
304,154,64.6177476236172
304,155,65.29492393784473
304,156,63.21957002475597
304,157,61.228053486193915
304,158,60.77527532435223
304,159,59.33643076238891
304,160,57.868354909071705
304,161,55.64773168143509
304,162,55.25379453588742
304,163,52.47835968513758
304,164,54.38621740151866
304,165,51.492866129947785
304,166,49.22131715154028
304,167,46.025429653159655
304,168,44.584906552198305
304,169,45.450878033855524
304,170,43.36922550357607
304,171,45.59657500710116
304,172,44.59319126359557
304,173,47.17390608529045
304,174,47.546071571213716
304,175,49.68372607853208
304,176,51.103994388465814
304,177,51.16940438056707
304,178,53.945753780225274
304,179,54.279739281128805
304,180,58.02294293386043
304,181,60.717333775135415
304,182,62.56750626181334
304,183,59.59096784306412
304,184,59.377829098317214
304,185,63.08538088076904
304,186,63.46659134261679
304,187,60.84002977042616
304,188,61.20498544654866
304,189,64.45209446608357
304,190,63.56821959214898
304,191,62.707894931269195
304,192,59.72536186889176
304,193,57.9720900202139
304,194,56.026337640102255
304,195,53.758555448144044
304,196,53.443540818230645
304,197,51.55987721368521
304,198,51.874369447479985
304,199,51.519076114925454
304,200,52.86562662334417
304,201,49.64147237979035
304,202,48.62570805368059
304,203,50.27626525035194
304,204,48.80181474123046
304,205,51.282769563428815
304,206,50.58456021027236
304,207,52.934968767356445
304,208,52.41282638063582
304,209,51.889397760798836
304,210,54.32257837672552
304,211,52.58456686765924
304,212,52.10673504433326
304,213,48.41142251999319
304,214,46.65927922267829
304,215,47.349596135245164
304,216,44.977822472858044
304,217,46.31000319831728
304,218,49.8009049654909
304,219,49.97760940080638
304,220,50.02992237917801
304,221,50.27591056314764
304,222,47.48342415832676
304,223,46.82027561922838
304,224,44.842062485812995
304,225,43.28707633455405
304,226,43.39170623686366
304,227,42.878629345648484
304,228,44.58473952150176
304,229,43.98676730858152
304,230,47.23201774021875
304,231,47.05313071343753
304,232,49.6354857592137
304,233,53.03754521536762
304,234,52.2971998020826
304,235,53.78361607398702
304,236,52.64345165459828
304,237,55.098847208266825
304,238,54.97781688199931
304,239,57.31075345193575
304,240,57.734014122483025
304,241,60.48209544955354
304,242,58.4881108774144
304,243,55.14221278897717
304,244,53.85021603885451
304,245,51.46387222723667
304,246,52.16917533461371
304,247,50.15665188197071
304,248,51.56025176979751
304,249,50.106927495845945
304,250,47.065451552090416
304,251,43.65236487553183
304,252,42.74216458878366
304,253,39.95582042692729
304,254,37.75469757982395
304,255,34.82767434976709
304,256,32.20258467852162
304,257,28.85513060888314
304,258,29.37246473931315
304,259,27.06929070926876
304,260,26.542403381082664
304,261,23.81935663936953
304,262,23.901103007971464
304,263,23.075006171832005
304,264,24.757708142614753
304,265,23.732796615936476
304,266,26.813776623767342
304,267,27.8061168154089
304,268,28.403591386737336
304,269,30.339725210361706
304,270,27.831168228290544
304,271,26.534290487669704
304,272,23.05869985239269
304,273,22.354881057089084
304,274,19.22783222902926
304,275,19.624666454928054
304,276,17.350547045868662
304,277,18.92312734092483
304,278,17.474592300610716
304,279,19.484027601063147
304,280,19.3508880487048
304,281,16.602324567832785
304,282,17.30697955877121
304,283,16.521843297990763
304,284,16.89479603836437
304,285,13.335189125303197
304,286,12.462837871897575
304,287,9.05133340124127
304,288,8.428353076926369
304,289,6.743227202584304
304,290,10.355209096584252
304,291,11.94959856134438
304,292,12.458934162119512
304,293,16.06849966462828
304,294,16.970816521384847
304,295,20.26238875468056
304,296,21.336609661689135
304,297,19.902685752038263
304,298,16.186068343778683
304,299,13.007903365549302
304,300,11.389311560564773
304,301,9.038650509326963
304,302,5.7129232060876705
304,303,3.8094329973169714
304,305,3.791902144937909
304,306,5.522512278014804
304,307,7.000308542713438
304,308,10.718344094419296
304,309,13.36572489666659
304,310,16.675873380548158
304,311,19.55284480746347
304,312,22.30984945398462
304,313,24.007681633480924
304,314,23.823159949154842
304,315,24.945228871709638
304,316,28.08654742752202
304,317,29.872552297788157
304,318,33.65431803769478
305,1,58.32767827872058
305,2,59.20801320361116
305,3,55.59485281285113
305,4,52.07192608742369
305,5,48.46072894264647
305,6,45.64705895258956
305,7,42.07850402424174
305,8,39.06273497505226
305,9,35.5704857667269
305,10,32.10168712086817
305,11,30.23758739215669
305,12,27.859151260556988
305,13,25.922257844970254
305,14,26.00441483441977
305,15,22.281460410394097
305,16,20.0330078764468
305,17,16.4166335773503
305,18,15.076433367498787
305,19,14.003752254883226
305,20,14.316251952185914
305,21,17.215508294192016
305,22,19.132343285369416
305,23,20.9616061437716
305,24,19.099599012878084
305,25,15.926555375296752
305,26,16.389650627494955
305,27,18.732813956058955
305,28,19.56963062035311
305,29,19.95719883789999
305,30,21.41271248247304
305,31,18.642992185433766
305,32,15.348402460861253
305,33,13.465884368435088
305,34,9.87819316444298
305,35,9.563155077461902
305,36,6.59596785410548
305,37,8.122770004041065
305,38,6.498482988895739
305,39,10.014794658701403
305,40,13.422059277179603
305,41,16.98850156790433
305,42,17.81451304845354
305,43,20.74077315707091
305,44,21.80477664017095
305,45,23.655898104096686
305,46,27.104335080355106
305,47,27.326643388734475
305,48,27.69766557205003
305,49,27.580701308041167
305,50,30.18526122520601
305,51,28.54883625686476
305,52,30.981362019708367
305,53,30.208167642184094
305,54,31.809806043701855
305,55,32.13662541642006
305,56,34.220279442794514
305,57,34.668891403890356
305,58,33.12335427051448
305,59,33.78116205955893
305,60,36.34740641520566
305,61,38.11255466090824
305,62,38.44795868838927
305,63,39.67837906913579
305,64,42.36337386216805
305,65,43.305180638772065
305,66,42.66593122752859
305,67,44.71629557838964
305,68,41.9140166420812
305,69,40.079263210662795
305,70,43.11598267396934
305,71,41.35511927808188
305,72,39.19365501501177
305,73,42.22606392697227
305,74,42.04413068386897
305,75,38.55859506184091
305,76,36.149894061962826
305,77,32.41149966769993
305,78,29.561359149602843
305,79,27.172115920058143
305,80,28.64863561684482
305,81,26.663772300218522
305,82,27.725856116499653
305,83,27.405128504416687
305,84,27.489960828824454
305,85,30.720551351440992
305,86,32.53042873806249
305,87,35.757453826254576
305,88,38.81860112087025
305,89,42.21390251112084
305,90,44.6604292281334
305,91,46.28280654967527
305,92,44.27165349419372
305,93,43.10176320426716
305,94,41.299268162041436
305,95,39.816301058275876
305,96,39.8256416232353
305,97,36.808797635351056
305,98,35.27293903439099
305,99,31.952206271560737
305,100,33.86056000401024
305,101,35.938432912739486
305,102,32.915632273981
305,103,31.197289927141043
305,104,34.253176796238094
305,105,35.12421213735696
305,106,31.614939370995554
305,107,31.63357668053574
305,108,35.106727664301374
305,109,33.93522095307033
305,110,37.289680483562464
305,111,39.59315027822121
305,112,42.70361713395049
305,113,45.616350484612184
305,114,49.149385330240044
305,115,51.9432409196023
305,116,54.55250229798664
305,117,58.1270031070401
305,118,58.00051093108969
305,119,61.46432215509426
305,120,61.53739611434471
305,121,65.23948094781738
305,122,66.544682282538
305,123,63.47845053890839
305,124,62.26207118260788
305,125,59.126073796091504
305,126,56.44380684328857
305,127,56.103634166221205
305,128,54.178779478234716
305,129,52.83941272227393
305,130,52.44208204669955
305,131,48.908434963301055
305,132,48.10094962922987
305,133,49.85342517776294
305,134,49.93206621157635
305,135,51.60904062525945
305,136,54.110456269131106
305,137,55.27410874029296
305,138,53.84554966098777
305,139,51.88424735059135
305,140,49.732394298530494
305,141,47.006703354493496
305,142,47.93730632980539
305,143,47.435428247634654
305,144,49.220165014483584
305,145,52.95375675944903
305,146,54.184224130398036
305,147,57.60884661607322
305,148,60.172104716692715
305,149,63.890948437100015
305,150,66.43409631800272
305,151,69.9114064570733
305,152,69.98071326679423
305,153,68.4392926347311
305,154,65.07227472355785
305,155,65.91668688269877
305,156,64.02183055159527
305,157,61.96791526743403
305,158,61.66264587625633
305,159,60.13997418279804
305,160,58.77703266993672
305,161,56.45089092259795
305,162,56.203431288763575
305,163,53.42458402321281
305,164,55.30963523580447
305,165,52.32620107186624
305,166,50.19255652433065
305,167,46.94095059864067
305,168,45.56640090503891
305,169,46.24105322804184
305,170,44.102651940448546
305,171,46.253525592317835
305,172,45.1064867386179
305,173,47.70470385831571
305,174,48.06615629167692
305,175,50.256260292907506
305,176,51.48456449979466
305,177,51.61137193274382
305,178,54.23714397243836
305,179,54.51610158646889
305,180,58.29187666936969
305,181,61.11991995111722
305,182,62.77425319458133
305,183,59.72142052385072
305,184,59.72589325507153
305,185,63.42945312019674
305,186,63.591155434747535
305,187,60.99607271509831
305,188,61.58098370825387
305,189,64.87570431701221
305,190,64.20663602684728
305,191,63.39312317937086
305,192,60.54385001912689
305,193,58.768802649620135
305,194,56.97767384453655
305,195,54.68599722471492
305,196,54.56238464313871
305,197,52.653521726413274
305,198,53.16638732832803
305,199,52.8913670139523
305,200,54.44736809084797
305,201,51.35371605627772
305,202,50.23128883451627
305,203,51.77425312462509
305,204,50.140012293145546
305,205,52.57197414227049
305,206,51.70172742341983
305,207,53.98363149253467
305,208,53.21970748090392
305,209,52.65166578841533
305,210,54.90913743363149
305,211,53.08600536473116
305,212,52.37786168038929
305,213,48.63873452776988
305,214,46.65871004868833
305,215,47.07845976395602
305,216,44.60152758098787
305,217,45.67277296093699
305,218,49.21269244269904
305,219,49.6639951722192
305,220,49.97254152571198
305,221,50.36159674632237
305,222,47.681730889440445
305,223,47.113266198346686
305,224,45.39689445696233
305,225,43.8454940251942
305,226,44.21071162964803
305,227,43.75437760747135
305,228,45.638691687390256
305,229,45.10559157205628
305,230,48.37983097735027
305,231,48.33595626048774
305,232,50.84052403533406
305,233,54.32612018165607
305,234,53.613969985077524
305,235,54.94257484124856
305,236,53.67869926834037
305,237,56.158502486888445
305,238,55.88996594258836
305,239,58.27690460367698
305,240,58.576002708216414
305,241,61.26412888103773
305,242,59.103444717150175
305,243,55.65646147812584
305,244,54.37756573308604
305,245,51.80548766615496
305,246,52.555094439159504
305,247,50.4966491543816
305,248,51.71156003137474
305,249,50.38934928453628
305,250,47.47987880955556
305,251,43.99134417628014
305,252,43.15038116892377
305,253,40.60144621091619
305,254,38.40808167302064
305,255,35.68206582752273
305,256,32.87167199054625
305,257,29.342805073525025
305,258,29.615089342729274
305,259,27.34193419400351
305,260,26.525832618314812
305,261,23.526636792875003
305,262,23.340043127948128
305,263,21.932307453941018
305,264,23.119866154330918
305,265,21.77258655792354
305,266,24.66689576350628
305,267,25.806544625620987
305,268,26.141455274114154
305,269,28.140509970643457
305,270,25.725231112777543
305,271,24.8234421051655
305,272,21.60068193416315
305,273,21.51363617319518
305,274,18.453541088765682
305,275,18.68125350218221
305,276,16.41824546606266
305,277,17.810213345537047
305,278,15.687991036536593
305,279,17.60588206801183
305,280,17.60764469079124
305,281,14.826010685670814
305,282,15.688897330408917
305,283,15.659855978824337
305,284,15.870529873915068
305,285,12.682733059261135
305,286,12.91715578203142
305,287,9.650360426375178
305,288,8.126191652175313
305,289,6.005111753131046
305,290,8.95858459085253
305,291,11.578297872731715
305,292,13.201601186802325
305,293,16.38901642477346
305,294,17.05279784875972
305,295,20.274309099638245
305,296,21.316189292718757
305,297,19.970450287790932
305,298,16.215553690500503
305,299,13.321371858232373
305,300,12.698965526274085
305,301,10.398073588454857
305,302,8.078024650434994
305,303,6.479696869972904
305,304,3.791902144937909
305,306,3.81333404690865
305,307,7.093908150760712
305,308,10.228459240940776
305,309,13.387029682370105
305,310,16.507035215287036
305,311,19.03056495080927
305,312,21.782784583831223
305,313,23.79367142113826
305,314,23.6408971729602
305,315,24.240613803679086
305,316,27.449744789312895
305,317,28.811545201719458
305,318,32.522180399026695
306,1,54.59555001693902
306,2,55.44844364901716
306,3,51.832051655450044
306,4,48.30190661340598
306,5,44.70005141729588
306,6,41.85662717161435
306,7,38.302556698432
306,8,35.26612982324891
306,9,31.78325873282968
306,10,28.30317864957814
306,11,26.481425937627822
306,12,24.184934322685795
306,13,22.394925665401786
306,14,22.72853215600987
306,15,19.097171306108716
306,16,16.57656834626288
306,17,12.92108698273297
306,18,11.702598402636676
306,19,10.507408792315461
306,20,11.312873710134479
306,21,14.357826164499631
306,22,16.78017623708673
306,23,18.589226792853054
306,24,16.544333486655617
306,25,13.629073726863119
306,26,13.561448514050383
306,27,15.45578973565134
306,28,16.101885563362714
306,29,16.23369119570003
306,30,17.676358729770207
306,31,14.92065204262185
306,32,11.607180762717922
306,33,10.02449400673538
306,34,6.743199604620893
306,35,7.132686542895825
306,36,5.590218833567089
306,37,8.186818086852973
306,38,7.880901215169124
306,39,11.26213850912833
306,40,14.856282559994034
306,41,18.26873212509941
306,42,19.77888143055528
306,43,22.503362966851387
306,44,23.54034406537669
306,45,24.88466723224326
306,46,28.388575295555434
306,47,28.18185235259325
306,48,28.409018653580198
306,49,28.73805877856984
306,50,31.633178790147895
306,51,30.35356934273883
306,52,33.081649227159495
306,53,32.551984766751055
306,54,34.444841988223004
306,55,34.84629822549508
306,56,37.15781842296219
306,57,37.59472072506072
306,58,36.11853023323157
306,59,36.587799392144625
306,60,39.297818640814455
306,61,41.10504719223656
306,62,41.20321003863113
306,63,42.395352185252236
306,64,45.2394875943675
306,65,46.122055062076456
306,66,45.63441680158989
306,67,47.600863570304924
306,68,44.763743706699074
306,69,42.825690983821815
306,70,45.715399342923625
306,71,43.75584429056749
306,72,41.58533909775902
306,73,44.570480715064164
306,74,44.17059567202711
306,75,40.62256277155819
306,76,38.03995376538389
306,77,34.257337166109394
306,78,31.232623217543992
306,79,29.174961225331355
306,80,30.99925035833709
306,81,29.223065270311395
306,82,30.61986380498988
306,83,30.426129847809108
306,84,30.76920533288043
306,85,33.91995981015566
306,86,35.70276398187543
306,87,39.03374603148631
306,88,42.086721927734956
306,89,45.455566354802485
306,90,47.884532415518564
306,91,49.596434026583026
306,92,47.69566588726776
306,93,46.466562646269644
306,94,44.674941669200884
306,95,43.05693371435774
306,96,43.05333214258626
306,97,39.92846750968711
306,98,38.42964797335228
306,99,35.016816451683766
306,100,36.69976596249082
306,101,38.75400284413575
306,102,35.753650999311404
306,103,33.83065260237369
306,104,36.68527088665913
306,105,37.58208291109191
306,106,34.013285612165554
306,107,33.75935984615528
306,108,37.132430893409065
306,109,35.91986483569016
306,110,39.33424163436853
306,111,41.85143433199631
306,112,44.79117668464203
306,113,47.86148704503114
306,114,51.32327701670348
306,115,54.260664375251515
306,116,56.87908399649289
306,117,60.51320329392663
306,118,60.549375676224415
306,119,64.08197764162728
306,120,64.31803117728418
306,121,68.04852249510806
306,122,69.480839433845
306,123,66.4736955124061
306,124,65.26795749179578
306,125,62.05598934680986
306,126,59.38122362879256
306,127,59.19322421274811
306,128,57.315550118089845
306,129,56.08907972167328
306,130,55.718169108261165
306,131,52.23344488786199
306,132,51.285358336279025
306,133,52.94267672188736
306,134,52.849418368684695
306,135,54.45585784348168
306,136,57.054066764462014
306,137,58.29682893221468
306,138,56.94968762198517
306,139,54.916158563859206
306,140,52.77723016652065
306,141,49.96820232421197
306,142,50.70921032834021
306,143,50.158685023029506
306,144,52.09686621338614
306,145,55.862103358416675
306,146,57.24656328255838
306,147,60.664911232070686
306,148,63.32857016469493
306,149,67.0577668686786
306,150,69.52073064405884
306,151,73.03885801160187
306,152,73.20209137355283
306,153,71.61071091152868
306,154,68.20744805903699
306,155,68.96023841507495
306,156,67.01773445187933
306,157,64.86050077900526
306,158,64.42210139786351
306,159,62.77281901645656
306,160,61.256357228781816
306,161,58.81526876481933
306,162,58.39004396457663
306,163,55.46984072891735
306,164,57.160588374407496
306,165,54.061792846447666
306,166,51.76385204135662
306,167,48.655534959927905
306,168,47.519889247478694
306,169,48.40502807950125
306,170,46.4790044172926
306,171,48.81783095418843
306,172,47.868178526913205
306,173,50.60915207839561
306,174,51.14883209671788
306,175,53.45985707126525
306,176,54.79412492959295
306,177,55.03979602126386
306,178,57.72371999970497
306,179,58.098157764644824
306,180,61.88206126010426
306,181,64.67030525112192
306,182,66.30927566585443
306,183,63.211884527938935
306,184,63.16749225002541
306,185,66.84823179442063
306,186,66.9903888623764
306,187,64.31896691869669
306,188,64.86111416148259
306,189,68.20353132033918
306,190,67.52970263041203
306,191,66.8048906008451
306,192,63.908444463394325
306,193,62.04014390944002
306,194,60.15049127473681
306,195,57.753594006695344
306,196,57.49345168138728
306,197,55.446775404828905
306,198,55.805464881884056
306,199,55.33379044781143
306,200,56.76371743943333
306,201,53.68264463122032
306,202,52.76716684851857
306,203,54.48937116369973
306,204,53.018376562016606
306,205,55.58114010986565
306,206,54.85888834031147
306,207,57.25367650909018
306,208,56.57950061606231
306,209,56.12530433682521
306,210,58.445272702800324
306,211,56.69992366692797
306,212,56.04419399924341
306,213,52.309583799424786
306,214,50.36597333214012
306,215,50.740300913767804
306,216,48.19346601111844
306,217,49.17980139992441
306,218,52.75834867929927
306,219,53.21486222321113
306,220,53.581238020165124
306,221,53.887099945679495
306,222,51.140693916421704
306,223,50.44433356239967
306,224,48.67415800064749
306,225,46.97028625123342
306,226,47.193580527936405
306,227,46.531036924843605
306,228,48.23943738277854
306,229,47.47385113661704
306,230,50.61856876598631
306,231,50.344302688625234
306,232,52.68421206358441
306,233,56.213701111849275
306,234,55.71455115212088
306,235,57.21218353705106
306,236,56.13153509194859
306,237,58.74854987591157
306,238,58.64474108075665
306,239,61.1450213752775
306,240,61.589822757267456
306,241,64.3735888013928
306,242,62.29292044557303
306,243,58.88553383774409
306,244,57.47247197310241
306,245,54.86313755073879
306,246,55.44822402389234
306,247,53.24084014243701
306,248,54.32842783437982
306,249,52.84036002457273
306,250,49.8393169237557
306,251,46.27760836211641
306,252,45.185779509779536
306,253,42.59629319784789
306,254,40.15564097490361
306,255,37.29065367040734
306,256,34.306735441987925
306,257,30.789733674463317
306,258,31.43041093542878
306,259,29.504979762608105
306,260,29.031941945733177
306,261,26.22037510359005
306,262,26.35845760317083
306,263,24.851588519457184
306,264,26.01506964403169
306,265,24.28033030710183
306,266,26.853769655545936
306,267,27.647823967608304
306,268,27.51893901523683
306,269,29.10616081993764
306,270,26.359826491707985
306,271,25.247949386521185
306,272,22.137545607806736
306,273,22.089207939237756
306,274,19.489203176436448
306,275,20.37498707608615
306,276,18.683822799532173
306,277,20.550086680166633
306,278,18.315182576947894
306,279,19.657910084422358
306,280,19.03544396879162
306,281,15.771789674996812
306,282,15.733609680785277
306,283,15.344038302983465
306,284,14.64678668739096
306,285,11.338827493684523
306,286,11.885417995481177
306,287,9.442930077364379
306,288,9.189470327697444
306,289,8.557524406983946
306,290,11.636300446947502
306,291,14.501611853215325
306,292,15.948433949413854
306,293,19.07524309354389
306,294,19.15076297650114
306,295,22.009615772463334
306,296,22.44067478051285
306,297,20.50662188098638
306,298,16.937758265220246
306,299,13.668467453662354
306,300,13.472281720494054
306,301,12.136361097818975
306,302,9.774830931744495
306,303,9.075562642096317
306,304,5.522512278014804
306,305,3.81333404690865
306,307,3.8062386255060336
306,308,6.461100155334412
306,309,9.801349212181787
306,310,12.75250172192531
306,311,15.320079657627646
306,312,17.98378307877194
306,313,19.99747387383815
306,314,19.93393487024075
306,315,20.589501634147247
306,316,23.896883211049218
306,317,25.37059184704725
306,318,29.11313516139648
307,1,52.40492957933611
307,2,53.056683497124695
307,3,49.38509645132056
307,4,45.89270972417716
307,5,42.28882077720075
307,6,39.332767880335226
307,7,35.813734284624246
307,8,32.626008154651856
307,9,29.282443408733677
307,10,25.850813590704714
307,11,24.401184456545078
307,12,22.436313865211762
307,13,21.172766162405523
307,14,22.041276830020067
307,15,18.664919487311238
307,16,15.595139659457203
307,17,11.917458778243304
307,18,10.4136470936424
307,19,8.156776967812707
307,20,8.613645607005045
307,21,11.194608660474367
307,22,13.72285505036256
307,23,15.901617818317428
307,24,14.234298852846448
307,25,11.95130523376035
307,26,11.976979742750709
307,27,13.366375459275977
307,28,14.356343745097591
307,29,14.054993571226436
307,30,15.815480568548114
307,31,13.157613112140218
307,32,9.62271823268179
307,33,8.381051721616316
307,34,5.855907226584575
307,35,5.532770268381251
307,36,6.016769120388571
307,37,9.570571418219656
307,38,10.59295213205279
307,39,13.99342361473581
307,40,17.352829162308623
307,41,20.760978591907953
307,42,22.5215983936727
307,43,24.89128786686079
307,44,25.53540910913639
307,45,26.49169956253439
307,46,29.846250318245872
307,47,29.177871923607196
307,48,29.05851494791317
307,49,29.55117043958974
307,50,32.70588384817084
307,51,31.82204291695102
307,52,34.75687839857768
307,53,34.60098480325107
307,54,36.60641755184585
307,55,37.3018617506366
307,56,39.71442978968661
307,57,39.89889578103017
307,58,38.26024602394674
307,59,38.40169790272581
307,60,41.112100672120384
307,61,43.14112168980995
307,62,43.08169200602872
307,63,44.03164627400406
307,64,47.01759352245655
307,65,48.033249793576616
307,66,47.800909337163446
307,67,49.855617289601604
307,68,47.13755203273804
307,69,44.97986229961544
307,70,47.72334937651189
307,71,45.71837905256309
307,72,43.369253839891044
307,73,46.176330295493024
307,74,45.48451350991429
307,75,41.97907135559558
307,76,39.155629328178705
307,77,35.376193488828505
307,78,32.123657619854924
307,79,30.43447972223011
307,80,32.596762129322045
307,81,31.19556679313872
307,82,32.839178902539324
307,83,32.9965874998095
307,84,33.57115913425457
307,85,36.80275032459164
307,86,38.34363498517991
307,87,41.68172300609002
307,88,44.58704442967231
307,89,48.021221085439315
307,90,50.27996675838873
307,91,51.92404070229078
307,92,50.050509425906824
307,93,48.6019530496102
307,94,46.669392814597764
307,95,44.80370526841639
307,96,44.61994904801947
307,97,41.32609269830681
307,98,40.03872275927585
307,99,36.482412449343535
307,100,37.83224482484185
307,101,40.001362362967015
307,102,37.171876672608576
307,103,34.927366271859746
307,104,37.55084080244606
307,105,38.67240714490661
307,106,35.152344064865076
307,107,34.49383487028799
307,108,37.820905080375795
307,109,36.80363456346125
307,110,40.33778907260496
307,111,43.085554151386255
307,112,45.85012289711699
307,113,49.00708143311207
307,114,52.343122581407236
307,115,55.421876474942884
307,116,57.923443914671005
307,117,61.60082382606947
307,118,61.720519289114364
307,119,65.31629574393644
307,120,65.70557896695409
307,121,69.44704299101444
307,122,71.03713540446591
307,123,68.15139470063842
307,124,67.0859680415732
307,125,63.8346870239029
307,126,61.27979341798177
307,127,61.23924381168529
307,128,59.53269601174868
307,129,58.47927837343809
307,130,58.29039453212347
307,131,54.81260973191801
307,132,53.72347418064752
307,133,55.44001674634516
307,134,55.217829131453186
307,135,56.920928322330454
307,136,59.64657371063525
307,137,60.79897451329296
307,138,59.37907727440123
307,139,57.180361847009756
307,140,54.912337163614296
307,141,51.95240705697315
307,142,52.55181638717059
307,143,51.7861164370083
307,144,53.78345950477624
307,145,57.572160207052455
307,146,59.102323124103144
307,147,62.440004122406634
307,148,65.21560415763497
307,149,68.92640827874767
307,150,71.3507030251984
307,151,74.91507261187428
307,152,75.11166652364325
307,153,73.37247124387231
307,154,69.89220298054248
307,155,70.457865523403
307,156,68.37293013550918
307,157,66.14791394857748
307,158,65.5012581391129
307,159,63.777398645781204
307,160,62.062978234341124
307,161,59.577156547653786
307,162,58.91184402364053
307,163,55.873840813305435
307,164,57.399603160434076
307,165,54.25786963249221
307,166,51.74896163899335
307,167,48.8065476001924
307,168,47.84989748162658
307,169,49.021337794651636
307,170,47.324056667584536
307,171,49.86888383614707
307,172,49.184089549124025
307,173,52.046020239157734
307,174,52.76691849384028
307,175,55.170809956146215
307,176,56.71857641130839
307,177,57.06371905262312
307,178,59.8943162222594
307,179,60.41653472058138
307,180,64.19157724231091
307,181,66.85486163264615
307,182,68.58176094945931
307,183,65.47489602101338
307,184,65.25048764617028
307,185,68.90460412455643
307,186,69.14926469889426
307,187,66.37583075931127
307,188,66.74633862721
307,189,70.11210033756045
307,190,69.3181803532638
307,191,68.67176875841433
307,192,65.65683229972011
307,193,63.696288423519846
307,194,61.625642269148756
307,195,59.13370408857633
307,196,58.640083745620835
307,197,56.472820443714326
307,198,56.58317250150308
307,199,55.88559142280781
307,200,57.09225901419292
307,201,53.973614732968144
307,202,53.30842878028023
307,203,55.249744605100446
307,204,54.01998053268712
307,205,56.73311604500733
307,206,56.24887606250227
307,207,58.79487477076099
307,208,58.33801018007454
307,209,58.0407380291138
307,210,60.52139395832134
307,211,58.922275034377385
307,212,58.458933469678115
307,213,54.75537093768692
307,214,52.99246357043536
307,215,53.463212937159774
307,216,50.88636619143034
307,217,51.93799859497309
307,218,55.53496263174304
307,219,55.818918574115386
307,220,56.10247870718023
307,221,56.22113352896716
307,222,53.33471492054638
307,223,52.44466678826179
307,224,50.48058071725235
307,225,48.619339134287046
307,226,48.56621435249296
307,227,47.675370652402044
307,228,49.120694054682495
307,229,48.108072820681066
307,230,51.10752683920965
307,231,50.556717901879075
307,232,52.78069984875627
307,233,56.29478527088683
307,234,55.97512426071116
307,235,57.70338214349448
307,236,56.859252509192515
307,237,59.58677037951821
307,238,59.717502512378736
307,239,62.29651610532535
307,240,62.950912273580684
307,241,65.86022298391997
307,242,63.95386392262834
307,243,60.646645759421716
307,244,59.08861829375431
307,245,56.5471213558637
307,246,56.94432851398522
307,247,54.623984676412995
307,248,55.698801703121944
307,249,53.98562537645785
307,250,50.83382128440372
307,251,47.259571060454824
307,252,45.91101786419088
307,253,43.16407282299938
307,254,40.516135532428706
307,255,37.43881607501933
307,256,34.42806423933525
307,257,31.04980309416846
307,258,32.13165116104498
307,259,30.498445630527538
307,260,30.480268052312837
307,261,27.99773819147505
307,262,28.56785275571538
307,263,27.323135146117774
307,264,28.79425009674949
307,265,26.961670817022238
307,266,29.420312306561495
307,267,29.83397550730188
307,268,29.555416224123537
307,269,30.78020759359937
307,270,27.740946877909536
307,271,26.185320305764865
307,272,23.009695926706556
307,273,22.562417974866733
307,274,20.310292081382535
307,275,21.783666024613463
307,276,20.532732484399578
307,277,22.858320162137908
307,278,20.957595563713298
307,279,21.942798224174563
307,280,20.79054813323482
307,281,17.27374878947862
307,282,16.507212162492426
307,283,15.311164905595604
307,284,14.071531589379493
307,285,10.519547212671853
307,286,10.487478452259811
307,287,8.896631703819107
307,288,10.154810205584134
307,289,10.680424260595421
307,290,14.081254376125557
307,291,16.591489914126832
307,292,17.40015654213917
307,293,20.596863593647356
307,294,20.30928169267982
307,295,22.870211745446596
307,296,22.822931649539985
307,297,20.398127230787082
307,298,17.08529754040875
307,299,13.468311491793674
307,300,13.137369157734652
307,301,12.689554337493142
307,302,10.229529702345065
307,303,10.421189664512296
307,304,7.000308542713438
307,305,7.093908150760712
307,306,3.8062386255060336
307,308,3.7977361648035086
307,309,6.507661867117476
307,310,9.732674600165062
307,311,12.585289132026846
307,312,15.324871877411223
307,313,17.20387749653567
307,314,17.395050954830086
307,315,18.62944075789181
307,316,22.030896368045784
307,317,23.97059026856458
307,318,27.773067427402378
308,1,48.70758022142866
308,2,49.41631131760135
308,3,45.76950006815562
308,4,42.24280242899462
308,5,38.66241834835968
308,6,35.69992198804037
308,7,32.197890060801576
308,8,29.036294375440374
308,9,25.649170764505943
308,10,22.163515072134587
308,11,20.62489229602642
308,12,18.710573924857602
308,13,17.527262147013154
308,14,18.65632096076578
308,15,15.480128767104986
308,16,12.206063766462153
308,17,8.703882719944003
308,18,7.812687889840273
308,19,5.727398232031246
308,20,7.602262812991457
308,21,10.286298704493039
308,22,13.549479339068316
308,23,15.392462771755458
308,24,13.37651943754276
308,25,11.600728023077426
308,26,10.554456890866474
308,27,10.979333161709592
308,28,11.329043275453111
308,29,10.51567682410735
308,30,12.057474973339481
308,31,9.398656872377062
308,32,5.939173955729691
308,33,5.644502439716951
308,34,4.877316615578447
308,35,6.291444112463325
308,36,8.32541074233308
308,37,11.436570999047907
308,38,12.788358291560147
308,39,15.652872452355322
308,40,19.010221317390048
308,41,22.077660778735943
308,42,24.323498198879964
308,43,26.590739289543723
308,44,27.385803656818464
308,45,27.956761738448282
308,46,31.356860480303975
308,47,30.441170130727144
308,48,30.331152626414493
308,49,31.259188293341005
308,50,34.54549931205482
308,51,33.87882877990667
308,52,36.989659118619144
308,53,36.90793354467275
308,54,39.15385893412205
308,55,39.76804626931662
308,56,42.36120277242373
308,57,42.66768364217506
308,58,41.20688773950255
308,59,41.319234469567924
308,60,44.1757026886342
308,61,46.11591408675145
308,62,45.8706522624001
308,63,46.905983078129374
308,64,49.982074441355145
308,65,50.84781601364942
308,66,50.65324841557523
308,67,52.552847089407145
308,68,49.742566614455086
308,69,47.59535400321738
308,70,50.23084690796926
308,71,48.03088175164686
308,72,45.785603414438086
308,73,48.61267891172013
308,74,47.827298171096025
308,75,44.256632038649116
308,76,41.39149462694092
308,77,37.6104731444081
308,78,34.336007580234096
308,79,32.85621196617745
308,80,35.1846049357138
308,81,33.82411804056881
308,82,35.67320489579517
308,83,35.77206073715398
308,84,36.49022933776937
308,85,39.57827906553994
308,86,41.21147275763256
308,87,44.647559864615225
308,88,47.61459064384094
308,89,50.97239463475972
308,90,53.297150368433265
308,91,55.08072795201051
308,92,53.3278524704068
308,93,51.937239413522796
308,94,50.10582147079273
308,95,48.2314419832387
308,96,48.14376619712148
308,97,44.83911356628657
308,98,43.47149536457949
308,99,39.91713436808122
308,100,41.19590744408083
308,101,43.24848141985733
308,102,40.36538386473028
308,103,38.09776864022627
308,104,40.59366593460772
308,105,41.600366283406636
308,106,38.02162083940509
308,107,37.28971688491442
308,108,40.478093273313945
308,109,39.312783635825916
308,110,42.80646765527041
308,111,45.65158594139542
308,112,48.28495354391859
308,113,51.559740170585314
308,114,54.85677048646294
308,115,58.0143082407251
308,116,60.58048361301711
308,117,64.29050641154856
308,118,64.56584410666339
308,119,68.19852710304735
308,120,68.70372656116726
308,121,72.46422874552253
308,122,74.12083114289739
308,123,71.246710280131
308,124,70.11731286905565
308,125,66.80181598105558
308,126,64.19610894132869
308,127,64.25990478016055
308,128,62.52004403145793
308,129,61.51052342012089
308,130,61.25510512861181
308,131,57.838568051651706
308,132,56.66129959166903
308,133,58.228672646800746
308,134,57.872358023707804
308,135,59.43495215069919
308,136,62.20062257320134
308,137,63.49195888771949
308,138,62.211928893340264
308,139,60.021548776309004
308,140,57.84649550545928
308,141,54.880791483581355
308,142,55.32976077772347
308,143,54.62953727982158
308,144,56.77038126178472
308,145,60.570482646291175
308,146,62.20221177486241
308,147,65.56940989456817
308,148,68.39998397655111
308,149,72.12718867878775
308,150,74.46780939214096
308,151,78.051426836617
308,152,78.34838143133175
308,153,76.63298161070381
308,154,73.15724061243742
308,155,73.71411292213146
308,156,71.6571172431689
308,157,69.34544822507006
308,158,68.65416583454677
308,159,66.81842649943107
308,160,65.03218831392293
308,161,62.43751428550802
308,162,61.69105745864412
308,163,58.55987345903046
308,164,59.924608858396354
308,165,56.68153969990005
308,166,54.105372126810636
308,167,51.27407222649164
308,168,50.52258854180714
308,169,51.779114771325396
308,170,50.22315955477838
308,171,52.86125374822904
308,172,52.26659883336275
308,173,55.21860383077781
308,174,56.049204643811194
308,175,58.540581253839235
308,176,60.09043364390814
308,177,60.52544238308116
308,178,63.33905535973629
308,179,63.896467308872595
308,180,67.68406026527978
308,181,70.36641472132828
308,182,72.02035835520313
308,183,68.86456590987804
308,184,68.68218132405687
308,185,72.31801216278782
308,186,72.4782141208756
308,187,69.67010319998913
308,188,70.08499347124314
308,189,73.49306044999167
308,190,72.76519596397452
308,191,72.18888907194568
308,192,69.1883235912768
308,193,67.16553469156197
308,194,65.08234125009973
308,195,62.5196851311487
308,196,61.99571736983342
308,197,59.73416979356143
308,198,59.79937620632861
308,199,58.991574010801926
308,200,60.167090669994316
308,201,57.10714620404548
308,202,56.55673128138919
308,203,58.58188085761908
308,204,57.41644599304681
308,205,60.193507231246706
308,206,59.752953132161515
308,207,62.34431677450984
308,208,61.870084338468516
308,209,61.62508779034426
308,210,64.08581297241864
308,211,62.50255090061542
308,212,61.99382446310867
308,213,58.28026212813916
308,214,56.4607694939177
308,215,56.81952830010419
308,216,54.17531673999023
308,217,55.08842453149922
308,218,58.71801849084108
308,219,59.10205658199846
308,220,59.50335342958511
308,221,59.62471361340227
308,222,56.740911899983224
308,223,55.80830900726602
308,224,53.89809799368446
308,225,51.950097027807466
308,226,51.889303045900625
308,227,50.886857154641255
308,228,52.26463852290251
308,229,51.117713090339905
308,230,54.020407951583664
308,231,53.347649855033445
308,232,55.41317884083165
308,233,58.96853714079562
308,234,58.81783012067657
308,235,60.613913589801896
308,236,59.8659981114739
308,237,62.689341500160694
308,238,62.88843033087059
308,239,65.5558013438789
308,240,66.26854924778962
308,241,69.21796587207614
308,242,67.31426492731678
308,243,64.00513631313964
308,244,62.367694327914435
308,245,59.747472802000324
308,246,60.04905935588562
308,247,57.619510484847055
308,248,58.540115226684534
308,249,56.7599104028471
308,250,53.600544967039944
308,251,49.968612701610034
308,252,48.47152974635275
308,253,45.792413775201545
308,254,42.99049028042472
308,255,39.90804804220887
308,256,36.7491121048544
308,257,33.37403250489701
308,258,34.61996228820633
308,259,33.25171580770878
308,260,33.35625687067747
308,261,30.92526567027761
308,262,31.580962610593744
308,263,30.103105854160418
308,264,31.36724785921722
308,265,29.22240057442617
308,266,31.366207647813226
308,267,31.59533386725069
308,268,30.887011758574555
308,269,31.790077241405115
308,270,28.593386578813096
308,271,27.05869399119769
308,272,24.182085345023967
308,273,24.004521577024605
308,274,22.217721632458773
308,275,24.024039499962576
308,276,23.157767534927377
308,277,25.623354302980463
308,278,23.479211202372703
308,279,24.079389822954106
308,280,22.61452999228808
308,281,18.92974441496696
308,282,17.57358245340437
308,283,16.428290240215333
308,284,14.34419713529091
308,285,11.28045896624807
308,286,11.9489753983861
308,287,11.4097129683778
308,288,12.979688087465089
308,289,13.909140269035278
308,290,16.99304830509889
308,291,19.801686227612958
308,292,20.817763065199703
308,293,23.816193438179436
308,294,23.16461117542176
308,295,25.41654190714418
308,296,24.94893019987407
308,297,22.211881574758667
308,298,19.199665424048767
308,299,15.677619434472632
308,300,15.942072350136796
308,301,16.01764698447317
308,302,13.872045381970153
308,303,14.210203019246602
308,304,10.718344094419296
308,305,10.228459240940776
308,306,6.461100155334412
308,307,3.7977361648035086
308,309,3.802116744062827
308,310,6.2952494913700185
308,311,9.13327746096994
308,312,11.667000533225083
308,313,13.661090592705765
308,314,14.004114201486905
308,315,15.119560770117165
308,316,18.65614945311449
308,317,20.57708926118825
308,318,24.357339276609316
309,1,46.969446029840675
309,2,47.496854611123794
309,3,43.82620925118056
309,4,40.30744207842267
309,5,36.79422212173396
309,6,33.638068175964634
309,7,30.268492024060624
309,8,26.897996271541103
309,9,23.73172804446304
309,10,20.249650728053457
309,11,19.10609136728788
309,12,17.834574053367355
309,13,17.27844843573744
309,14,19.135306561493145
309,15,16.48973951241135
309,16,12.903518359988817
309,17,10.01689362581239
309,18,9.537079163841353
309,19,6.829462477107023
309,20,8.32000335026952
309,21,9.719865116912224
309,22,12.952786005466988
309,23,15.206326620305683
309,24,13.826181529432871
309,25,13.056093108806609
309,26,12.023414301903324
309,27,11.442161812636854
309,28,11.78345677024911
309,29,9.93919268478026
309,30,11.30809745771595
309,31,8.679163513658832
309,32,5.304839830231709
309,33,5.285706835038437
309,34,6.266408738542817
309,35,6.724156185432218
309,36,9.979429262477279
309,37,13.047992401612222
309,38,15.224760661793821
309,39,17.94632590557999
309,40,20.951215049508914
309,41,23.906895270021955
309,42,26.35861204672564
309,43,28.22152627030634
309,44,28.646472848990722
309,45,28.790625336956623
309,46,31.987171394898414
309,47,30.628795801232997
309,48,30.213456503883453
309,49,31.359297219766994
309,50,34.841818087400604
309,51,34.58662156930672
309,52,37.88470205022841
309,53,38.166489035749194
309,54,40.56509787315548
309,55,41.43534765957144
309,56,44.16800817351307
309,57,44.26474408009972
309,58,42.73427480052889
309,59,42.53607892791531
309,60,45.44203077924192
309,61,47.52460677436342
309,62,47.054062350009175
309,63,47.90424017727564
309,64,51.12810016273696
309,65,52.04074080199599
309,66,52.1039333769147
309,67,54.01806419933336
309,68,51.30767169657329
309,69,48.95944541828849
309,70,51.40229855407534
309,71,49.11308562672456
309,72,46.74802071556515
309,73,49.39885743378148
309,74,48.3294314849851
309,75,44.80478813707112
309,76,41.74713589267364
309,77,38.013434507277836
309,78,34.59033370942348
309,79,33.5090142092709
309,80,36.14593452083377
309,81,35.14534081854813
309,82,37.27270279515453
309,83,37.685183342628775
309,84,38.693830396848426
309,85,41.79324214806831
309,86,43.194825827995366
309,87,46.66412020784975
309,88,49.493055810695246
309,89,52.86756269500936
309,90,55.03885662294942
309,91,56.822916522545505
309,92,55.18072890251871
309,93,53.61887458600296
309,94,51.74133763849492
309,95,49.64943967784891
309,96,49.49785406167672
309,97,46.071608891388145
309,98,44.809049648144615
309,99,41.170648223978255
309,100,42.130575360346775
309,101,44.16461073924219
309,102,41.40577020139109
309,103,38.89962233411233
309,104,41.11855514658239
309,105,42.21983887715076
309,106,38.688305236306064
309,107,37.61975109825264
309,108,40.66633165766544
309,109,39.60123212378911
309,110,43.136922595850955
309,111,46.18504986716794
309,112,48.59928766932988
309,113,51.968917855406616
309,114,55.124296403402965
309,115,58.41442620545964
309,116,60.89868465728106
309,117,64.64214720442325
309,118,65.06024723011573
309,119,68.74991182859154
309,120,69.44352085772852
309,121,73.21169979409613
309,122,75.03700696678355
309,123,72.28478600163895
309,124,71.25008441726375
309,125,67.8753963554766
309,126,65.36422024271052
309,127,65.61916508613396
309,128,64.03489431258384
309,129,63.22609328214867
309,130,63.13036081798065
309,131,59.762127894529236
309,132,58.39576514527229
309,133,59.95421315881804
309,134,59.413760337556845
309,135,61.022981869433345
309,136,63.92886888167758
309,137,65.16859286753412
309,138,63.87219136937146
309,139,61.523777791121255
309,140,59.27159792870402
309,141,56.17206556491821
309,142,56.420395366302536
309,143,55.558679366248725
309,144,57.810832223987056
309,145,61.62106980557235
309,146,63.433128586671145
309,147,66.73234032277026
309,148,69.68943183709561
309,149,73.39957955663029
309,150,75.64767933528182
309,151,79.27690033971993
309,152,79.6672268356413
309,153,77.83571701571579
309,154,74.30311833566907
309,155,74.69090495326238
309,156,72.54202768782582
309,157,70.12189448697318
309,158,69.23872998109265
309,159,67.28011908413517
309,160,65.30676207583457
309,161,62.62646310471305
309,162,61.6605014986544
309,163,58.40918057648527
309,164,59.564041193852496
309,165,56.25850573894156
309,166,53.516124283221025
309,167,50.87608817367928
309,168,50.3631120656116
309,169,51.86352874229551
309,170,50.56632217250371
309,171,53.39766010742421
309,172,53.06911369972877
309,173,56.15850744033663
309,174,57.20894269715935
309,175,59.8329522949767
309,176,61.56927008855644
309,177,62.16968922407957
309,178,65.10341487690117
309,179,65.84578782687723
309,180,69.6277829085595
309,181,72.1914072745506
309,182,73.86375407419062
309,183,70.66264002825041
309,184,70.33445857238753
309,185,73.92028366653055
309,186,74.11507109935667
309,187,71.18850960556483
309,188,71.47223706993304
309,189,74.9256961103384
309,190,74.14434678948598
309,191,73.70548809265372
309,192,70.62008196094298
309,193,68.46354522637394
309,194,66.22493503680275
309,195,63.53438976496695
309,196,62.80758324487588
309,197,60.39174255404763
309,198,60.24466502819804
309,199,59.20429175047857
309,200,60.206568403373346
309,201,57.18652048111435
309,202,56.88862307897588
309,203,59.11755861738035
309,204,58.178928873218354
309,205,61.11025609303126
309,206,60.892180375112254
309,207,63.64008703583894
309,208,63.33317674264127
309,209,63.2864628543204
309,210,65.87242170222426
309,211,64.46337311890315
309,212,64.1160486807664
309,213,60.43598011882273
309,214,58.77553641488616
309,215,59.13670810453195
309,216,56.404023024109996
309,217,57.29259824072474
309,218,60.957260015727186
309,219,61.21044732415019
309,220,61.613712711757266
309,221,61.53191182973373
309,222,58.516020932611
309,223,57.36711713397066
309,224,55.331089899206084
309,225,53.190371061877386
309,226,52.89788663611196
309,227,51.64447435795668
309,228,52.771698482101094
309,229,51.366704965966775
309,230,54.08765894040752
309,231,53.15577543448382
309,232,55.03709646519463
309,233,58.58555671898469
309,234,58.65807079038305
309,235,60.644684063645315
309,236,60.12923716598
309,237,63.08260022613992
309,238,63.502380801701804
309,239,66.28220638264557
309,240,67.20052688091612
309,241,70.27361250598499
309,242,68.52538667425982
309,243,65.31304713805713
309,244,63.49752213879372
309,245,60.89403508889394
309,246,60.97464723869007
309,247,58.39952858711938
309,248,59.2260229936874
309,249,57.23506520948485
309,250,53.96849674082997
309,251,50.32328377192414
309,252,48.56712569750142
309,253,45.82210779860378
309,254,42.82031955807182
309,255,39.61668052481324
309,256,36.41172276667864
309,257,33.19427515466521
309,258,34.821699378112235
309,259,33.816171166807365
309,260,34.334509323296245
309,261,32.233511674734444
309,262,33.291948604101485
309,263,31.979020937093004
309,264,33.46491549774364
309,265,31.173913666515393
309,266,33.12302817753549
309,267,32.94692054671263
309,268,32.05799477371416
309,269,32.56273130443583
309,270,29.137594192139787
309,271,27.223044171771498
309,272,24.41622341167197
309,273,23.950036459429967
309,274,22.632823682266213
309,275,24.94244603246812
309,276,24.571217569238254
309,277,27.412849889463693
309,278,25.539382009286808
309,279,25.726456757111904
309,280,23.78302186843581
309,281,20.0059205481894
309,282,18.02319528605252
309,283,16.27752282388481
309,284,13.717884653270906
309,285,10.9566987562353
309,286,11.317453451418782
309,287,11.935555143350962
309,288,14.36692743867441
309,289,16.100869897927534
309,290,19.15945286812744
309,291,21.727038967262555
309,292,22.369176653281716
309,293,25.20767420731652
309,294,24.12712155441475
309,295,25.960309075365743
309,296,24.986473099375896
309,297,21.866549502362837
309,298,19.299740984315907
309,299,15.805928399042386
309,300,16.257296986960984
309,301,17.166364695131737
309,302,15.399848723768764
309,303,16.47636678686033
309,304,13.36572489666659
309,305,13.387029682370105
309,306,9.801349212181787
309,307,6.507661867117476
309,308,3.802116744062827
309,310,3.798975369186408
309,311,6.389040705830179
309,312,9.361062455686099
309,313,11.55580747230842
309,314,12.741151499105781
309,315,14.534970400142958
309,316,18.177245665364328
309,317,20.498175472146347
309,318,24.19786397435317
310,1,43.190407819714366
310,2,43.72552255020817
310,3,40.05646682278798
310,4,36.53716475737966
310,5,33.01171837161167
310,6,29.88544946498162
310,7,26.49042012605069
310,8,23.155033759748406
310,9,19.94731301564794
310,10,16.475020457362998
310,11,15.422127650747692
310,12,14.268359355325003
310,13,14.125512922355217
310,14,16.33158812504197
310,15,14.161432589173124
310,16,10.435222746103918
310,17,8.32447082629358
310,18,8.426809720209807
310,19,6.371670117883444
310,20,8.601373225593221
310,21,9.646536052072396
310,22,13.204906277517459
310,23,14.811090324539295
310,24,13.212272517672666
310,25,13.119149046217487
310,26,11.286035874338326
310,27,9.54975190589822
310,28,9.255025423985735
310,29,6.663592546255608
310,30,7.9879134105790515
310,31,6.087007718853068
310,32,4.182191192735673
310,33,6.510536446669502
310,34,8.953802471277609
310,35,10.275912138439896
310,36,13.545619621090886
310,37,16.376599521525204
310,38,18.400994594359485
310,39,20.849443433773242
310,40,23.893437415194352
310,41,26.605434279833517
310,42,29.286629990867624
310,43,31.162656655999072
310,44,31.753197392241216
310,45,31.710376365134916
310,46,34.925819140841256
310,47,33.45213946915643
310,48,33.06405894615173
310,49,34.47199185723551
310,50,37.99580322533697
310,51,37.8455495743278
310,52,41.210471930738436
310,53,41.488643670834364
310,54,43.993421134982356
310,55,44.76942493735916
310,56,47.57091059945262
310,57,47.77347488304218
310,58,46.34412895776861
310,59,46.172374446791125
310,60,49.13121712968697
310,61,51.15773089544278
310,62,50.625081305190484
310,63,51.530045838040095
310,64,54.77923481112594
310,65,55.61556058533972
310,66,55.667012370811136
310,67,57.4937637355941
310,68,54.71929414013492
310,69,52.41260156025136
310,70,54.813565639728296
310,71,52.42378301765964
310,72,50.140393744160704
310,73,52.809861790853155
310,74,51.704956258728515
310,75,48.15335025811638
310,76,45.091674497539614
310,77,41.37412061094391
310,78,37.963127012324094
310,79,36.98218062790866
310,80,39.66714258347439
310,81,38.64806719815505
310,82,40.82718223950807
310,83,41.14682511459256
310,84,42.15211012364705
310,85,45.17189573733541
310,86,46.67837557825977
310,87,50.184864459799044
310,88,53.07132340896065
310,89,56.403044157575934
310,90,58.63465253173453
310,91,60.48028506252644
310,92,58.866000224867875
310,93,57.35214341418406
310,94,55.507281846946206
310,95,53.43496277138248
310,96,53.29614446400046
310,97,49.8701130516643
310,98,48.60083124464112
310,99,44.96637607691561
310,100,45.91423075746981
310,101,47.92870894895877
310,102,45.158539068049535
310,103,42.649918122627646
310,104,44.820405018620406
310,105,45.88800646413375
310,106,42.34344333536948
310,107,41.24279838139433
310,108,44.218679704441875
310,109,43.09713489655302
310,110,46.59997063981677
310,111,49.68571223374027
310,112,52.02679025294205
310,113,55.44844021502161
310,114,58.57428074306918
310,115,61.90018021987245
310,116,64.40909317431641
310,117,68.16345835942472
310,118,68.65627698501366
310,119,72.35967195842049
310,120,73.1047857247905
310,121,76.87785488038357
310,122,78.72885925942855
310,123,75.9802695261937
310,124,74.91480774841583
310,125,71.51685676231162
310,126,68.97703715729445
310,127,69.26375221033122
310,128,67.6459523753335
310,129,66.82844817360167
310,130,66.67024731679764
310,131,63.324467138579344
310,132,61.951502064081275
310,133,63.430824786907415
310,134,62.84615101891173
310,135,64.36108717976116
310,136,67.2625959719475
310,137,68.59440852505391
310,138,67.38125272990435
310,139,65.0639417302997
310,140,62.87176144007455
310,141,59.78768703128799
310,142,59.97988827732959
310,143,59.162622810007676
310,144,61.471522745170546
310,145,65.28271298093865
310,146,67.12526202134426
310,147,70.43884037539966
310,148,73.40782830288171
310,149,77.1239843425848
310,150,79.34404348706424
310,151,82.97698592690834
310,152,83.39989356414908
310,153,81.5833380891296
310,154,78.0550472336439
310,155,78.44112900864504
310,156,76.29713484498518
310,157,73.85132824921753
310,158,72.94297076105714
310,159,70.94350278851661
310,160,68.92959313668474
310,161,66.20738718137243
310,162,65.18445852833946
310,163,61.88744857277746
310,164,62.944470882741015
310,165,59.59573642886029
310,166,56.8009214235461
310,167,54.24943558473479
310,168,53.85232460039863
310,169,55.41405327332951
310,170,54.19432329652792
310,171,57.06604953366623
310,172,56.777006096150906
310,173,59.8933731492825
310,174,60.97180266817451
310,175,63.61197704161806
310,176,65.33579590933687
310,177,65.9397664661345
310,178,68.85373274412889
310,179,69.57168259144434
310,180,73.35768264942506
310,181,75.94600965614292
310,182,77.60025920354025
310,183,74.39326590497102
310,184,74.0970137214552
310,185,77.68403682269197
310,186,77.84981684676892
310,187,74.92592505172975
310,188,75.23528266111649
310,189,78.69660122353258
310,190,77.93312292988799
310,191,77.49637366792541
310,192,74.41671507946879
310,193,72.25863714933718
310,194,70.01823187249055
310,195,67.31629203728428
310,196,66.5717619626148
310,197,64.12981677058528
310,198,63.94613992383096
310,199,62.84909992881178
310,200,63.80174910170157
310,201,60.793335899742935
310,202,60.56491787134493
310,203,62.837751101043125
310,204,61.9389098822369
310,205,64.88750436584708
310,206,64.68703527866788
310,207,67.43848768710224
310,208,67.12825626530275
310,209,67.06809010635781
310,210,69.6382326607734
310,211,68.19980354557484
310,212,67.81180346299288
310,213,64.12093123078341
310,214,62.40461871761262
310,215,62.73698098827815
310,216,60.00722931171568
310,217,60.84720488065744
310,218,64.51587237406328
310,219,64.84267355941304
310,220,65.28406607944419
310,221,65.24715521149196
310,222,62.2549979425902
310,223,61.12394557297485
310,224,59.1128897700502
310,225,56.964456979343744
310,226,56.67335499456675
310,227,55.38827847276334
310,228,56.47860044085997
310,229,55.01264538393128
310,230,57.67703827213404
310,231,56.664062883440515
310,232,58.45809936756716
310,233,62.008288552181405
310,234,62.17578376145986
310,235,64.21735715813634
310,236,63.76587265207246
310,237,66.75701007346505
310,238,67.21736808396217
310,239,70.02399760377607
310,240,70.9666282537461
310,241,74.05050729895166
310,242,72.30303357898401
310,243,69.08742228792819
310,244,67.25768422875176
310,245,64.63037994231617
310,246,64.68326484658688
310,247,62.070069754331485
310,248,62.8308124234454
310,249,60.81040412297545
310,250,57.5420754166007
310,251,53.87902950796965
310,252,52.04771878063911
310,253,49.33343422101869
310,254,46.25826750171347
310,255,43.04945649698942
310,256,39.79657325141122
310,257,36.61751710109011
310,258,38.32847197538126
310,259,37.44279173785679
310,260,37.992241287694405
310,261,35.88550453769908
310,262,36.91370760308897
310,263,35.46457952992055
310,264,36.78533829675625
310,265,34.365323021325196
310,266,36.15368257061401
310,267,35.94063754287071
310,268,34.793253448234246
310,269,35.114813635224884
310,270,31.647078526676253
310,271,29.81941004608343
310,272,27.272959036130246
310,273,27.008098789230488
310,274,25.95575847506846
310,275,28.361452551019802
310,276,28.10717364223074
310,277,30.925022263046106
310,278,28.877292026429593
310,279,28.957103393768744
310,280,26.947550709983112
310,281,23.15297885028044
310,282,20.954025431859442
310,283,19.353630925264294
310,284,16.398264792826915
310,285,14.138693261103798
310,286,14.7983162386778
310,287,15.690693374574748
310,288,18.059054969235067
310,289,19.691798998302236
310,290,22.66501007061687
310,291,25.38604114040555
310,292,26.14048340403064
310,293,28.96171992211474
310,294,27.818320258685745
310,295,29.54650562884719
310,296,28.403033876619485
310,297,25.171740210721033
310,298,22.79537543264833
310,299,19.408014644915653
310,300,20.0015850569471
310,301,20.963587741415783
310,302,19.118561245133584
310,303,19.971983458395822
310,304,16.675873380548158
310,305,16.507035215287036
310,306,12.75250172192531
310,307,9.732674600165062
310,308,6.2952494913700185
310,309,3.798975369186408
310,311,3.804625667230656
310,312,5.778538308515595
310,313,7.783980445870232
310,314,9.162782222315172
310,315,11.060413579743704
310,316,14.715783778319624
310,317,17.163130441166338
310,318,20.78313856895313
311,1,41.39335295567819
311,2,42.011645351252774
311,3,38.42289476156646
311,4,34.81368348631804
311,5,31.446967880071906
311,6,28.155412813366357
311,7,24.97929491063646
311,8,21.57462170272778
311,9,18.489555019039305
311,10,14.85110026333462
311,11,13.614440321749168
311,12,13.136504504769423
311,13,13.123959186723075
311,14,15.922441452491467
311,15,14.35351289725895
311,16,10.967478773466306
311,17,9.92126493109663
311,18,11.22389237803911
311,19,9.941062172936602
311,20,12.38409554666743
311,21,13.149449405490598
311,22,16.560253285709845
311,23,18.17247005034532
311,24,16.69974571142655
311,25,16.811813351335598
311,26,14.69014519710608
311,27,12.47399203632825
311,28,11.316274958704824
311,29,7.877987333037695
311,30,7.4442910617805085
311,31,5.243686448950261
311,32,4.7016575889236725
311,33,6.666633609808169
311,34,10.113441691947529
311,35,11.635889543300967
311,36,15.194433785487291
311,37,17.441819058385665
311,38,19.81004036532028
311,39,21.7506839855273
311,40,24.45795738430994
311,41,26.79356535289102
311,42,29.794642091157183
311,43,31.347852701685856
311,44,31.880076295001825
311,45,31.401420489381152
311,46,34.502789893702484
311,47,32.75958982022602
311,48,32.3374439202096
311,49,34.12661155059864
311,50,37.71364083324562
311,51,37.840367845244224
311,52,41.348059089555775
311,53,41.79113311746416
311,54,44.532853904290775
311,55,45.32047946468242
311,56,48.31767124507487
311,57,48.55386483945212
311,58,47.30387180149333
311,59,47.02102378448526
311,60,50.13842326216709
311,61,52.07398751167102
311,62,51.27741716449232
311,63,52.236811057687966
311,64,55.59518174743304
311,65,56.25804004000279
311,66,56.423080290841504
311,67,58.07619499205818
311,68,55.26564002331513
311,69,52.916609909741986
311,70,55.12979881253984
311,71,52.54560508032537
311,72,50.3539564915233
311,73,52.97886177697778
311,74,51.741799285938505
311,75,48.168977208942195
311,76,45.08174616152197
311,77,41.425915112808546
311,78,38.04534722582742
311,79,37.337052130979124
311,80,40.191206763188625
311,81,39.31267247352288
311,82,41.74992481093168
311,83,42.129479692064024
311,84,43.40414983840605
311,85,46.26401169105491
311,86,47.72853708877133
311,87,51.325739378519586
311,88,54.19843039040326
311,89,57.432429483835946
311,90,59.6616126943206
311,91,61.66767348995648
311,92,60.26197735350886
311,93,58.77604870011702
311,94,57.082436354103734
311,95,54.962340305681884
311,96,54.99428716600956
311,97,51.56617168878931
311,98,50.15697881564434
311,99,46.548644001792866
311,100,47.37760979920638
311,101,49.17442808601656
311,102,46.349206632645654
311,103,43.83719866277386
311,104,45.81464381289627
311,105,46.695065580980845
311,106,43.118315405687845
311,107,41.95499559505351
311,108,44.71419578767234
311,109,43.41830788396936
311,110,46.82384804595571
311,111,49.99502637184319
311,112,52.146557154212545
311,113,55.67678337306533
311,114,58.72470645366102
311,115,62.123999709523524
311,116,64.69610825295379
311,117,68.46910775043227
311,118,69.16759973858812
311,119,72.90302364678345
311,120,73.81291489789719
311,121,77.59786685839049
311,122,79.54962402183394
311,123,76.84142585728164
311,124,75.70739310537043
311,125,72.22806476655461
311,126,69.65509110697232
311,127,70.11755338653427
311,128,68.51237795967035
311,129,67.82315947723347
311,130,67.65581616917243
311,131,64.41656566073716
311,132,62.86761417228732
311,133,64.1735715503848
311,134,63.37925377734653
311,135,64.76554056575098
311,136,67.75147549065863
311,137,69.19201174752445
311,138,68.12536766863468
311,139,65.76927536651628
311,140,63.669611044290654
311,141,60.558830709895666
311,142,60.526455190807155
311,143,59.762011516742284
311,144,62.25377765133607
311,145,66.06029968913904
311,146,68.0613937426806
311,147,71.38879167124654
311,148,74.44805077862958
311,149,78.17189435345043
311,150,80.24714867716654
311,151,83.90493573212329
311,152,84.4921371292537
311,153,82.6960112563488
311,154,79.17777261781482
311,155,79.53484915569253
311,156,77.44570585590911
311,157,74.8640757981649
311,158,73.89972974638174
311,159,71.73765613629584
311,160,69.64689126995148
311,161,66.7824100097027
311,162,65.68670209816348
311,163,62.29920960745072
311,164,63.16053829378322
311,165,59.707160319997186
311,166,56.894333011171675
311,167,54.47193237955992
311,168,54.319478246551704
311,169,55.935330014766556
311,170,54.895573266887574
311,171,57.86259886460827
311,172,57.70071194262822
311,173,60.93476806589882
311,174,62.19173448963089
311,175,64.97618184233728
311,176,66.72884087058843
311,177,67.52047256578754
311,178,70.43412544857135
311,179,71.28165083796809
311,180,75.07884381322219
311,181,77.64814898164607
311,182,79.17866668004433
311,183,75.88216845913617
311,184,75.60586021666944
311,185,79.13885524395086
311,186,79.17989933266871
311,187,76.17661484366963
311,188,76.52279353416883
311,189,80.05307655454749
311,190,79.3972825598275
311,191,79.11815393426596
311,192,76.0608382094396
311,193,73.7707136827761
311,194,71.50702262574727
311,195,68.68087517055967
311,196,67.90083428111554
311,197,65.31473940766566
311,198,65.09773249431103
311,199,63.870695031921485
311,200,64.83656420653413
311,201,61.96290211862893
311,202,61.857524770115376
311,203,64.2145775272028
311,204,63.38838927909156
311,205,66.4285504524174
311,206,66.29490412136333
311,207,69.13127779033316
311,208,68.79797403911944
311,209,68.88234881843918
311,210,71.44108815832622
311,211,70.10367964313133
311,212,69.70758745810787
311,213,66.02409000306474
311,214,64.3087662960309
311,215,64.46603068626347
311,216,61.59605414199862
311,217,62.240786591164
311,218,65.95720364108452
311,219,66.34187357892803
311,220,66.95368497289263
311,221,66.82591399618978
311,222,63.79716639635612
311,223,62.53949130875895
311,224,60.59740116395445
311,225,58.29083862792753
311,226,57.97793620648508
311,227,56.52552895701601
311,228,57.52876911132262
311,229,55.90319429214089
311,230,58.43150527092141
311,231,57.31214381860415
311,232,58.89288877064083
311,233,62.48642350042908
311,234,62.85540835942181
311,235,64.92903830195779
311,236,64.58044358153016
311,237,67.6904996453957
311,238,68.22902109974292
311,239,71.16510088977726
311,240,72.19331598532325
311,241,75.33695873117955
311,242,73.60929295434657
311,243,70.41363134716642
311,244,68.44053645058023
311,245,65.70582760986956
311,246,65.59624094423802
311,247,62.8338223117524
311,248,63.376843251556195
311,249,61.275017701062104
311,250,58.024012091122806
311,251,54.31688067594761
311,252,52.32634133904466
311,253,49.74302856064616
311,254,46.53317415516754
311,255,43.39716176747049
311,256,40.012943498826836
311,257,36.87749503357198
311,258,38.71159761632534
311,259,38.1523727831211
311,260,38.860549423216426
311,261,36.899112725418
311,262,38.11049708438843
311,263,36.51234153238286
311,264,37.732044773293254
311,265,35.031506525388764
311,266,36.45596422056826
311,267,35.932488273554384
311,268,34.42705021519487
311,269,34.35723198292092
311,270,30.793263452894394
311,271,28.928674519370944
311,272,26.73769562213291
311,273,26.66621598500257
311,274,26.131906975923204
311,275,28.815775471652156
311,276,29.020918951822406
311,277,32.00874688555748
311,278,29.916586991357054
311,279,29.526486085773666
311,280,27.182285971862868
311,281,23.413323386533325
311,282,20.756279366941275
311,283,19.224073436871457
311,284,15.824294349748964
311,285,14.393936299913891
311,286,15.594086350719902
311,287,17.17972914982638
311,288,19.581952207586674
311,289,21.62430417961829
311,290,24.231767009100306
311,291,27.06027224925383
311,292,27.963777501184605
311,293,30.454832184461907
311,294,28.889839443153882
311,295,30.2132325400798
311,296,28.666749172446668
311,297,25.278762815475154
311,298,23.321361007510298
311,299,20.273298469748305
311,300,21.459546951351022
311,301,22.844713546719998
311,302,21.51338341552542
311,303,22.727441857877253
311,304,19.55284480746347
311,305,19.03056495080927
311,306,15.320079657627646
311,307,12.585289132026846
311,308,9.13327746096994
311,309,6.389040705830179
311,310,3.804625667230656
311,312,3.8145891409972825
311,313,7.212117665786453
311,314,9.85259270955728
311,315,11.390716597178042
311,316,15.064316202674481
311,317,17.22111282894957
311,318,20.547437955135557
312,1,37.769931230221935
312,2,38.390101302882705
312,3,34.78422494618989
312,4,31.187241435696258
312,5,27.764254132375072
312,6,24.549903096401998
312,7,21.284806252851933
312,8,17.94955452560943
312,9,14.756470580546655
312,10,11.12323482484151
312,11,10.036832684583468
312,12,9.741236886686318
312,13,10.470517766432769
312,14,13.622975731633575
312,15,12.77144892851328
312,16,9.555310384194778
312,17,9.660977446621528
312,18,11.209164481103263
312,19,10.647402748647709
312,20,13.188241997115297
312,21,13.688685754543188
312,22,17.09011214816832
312,23,18.012502426291768
312,24,16.404325593118934
312,25,17.03720472650396
312,26,14.458909281809206
312,27,11.475473806864969
312,28,9.773559368048288
312,29,5.991516450890185
312,30,5.1096461928317325
312,31,5.155212631766548
312,32,6.875075296730621
312,33,9.882848428158544
312,34,13.34888098418913
312,35,15.193021705861248
312,36,18.608423993917416
312,37,20.92442361307711
312,38,23.016805957743948
312,39,24.915683191677275
312,40,27.750637960677295
312,41,29.985815005207638
312,42,33.04358037380776
312,43,34.7173588465102
312,44,35.42311497404389
312,45,34.94236433340671
312,46,38.0820435725173
312,47,36.35091855081716
312,48,35.97824436826915
312,49,37.856218597178554
312,50,41.43417511094331
312,51,41.550734133215514
312,52,45.05391496397443
312,53,45.426816020135554
312,54,48.1768390839029
312,55,48.86440289368708
312,56,51.85201670243708
312,57,52.18152186184659
312,58,50.969256627808356
312,59,50.75645412674773
312,60,53.8673842300887
312,61,55.77562847025103
312,62,55.0142255623753
312,63,56.011849376279876
312,64,59.35220453626279
312,65,59.997019629396284
312,66,60.10650066235586
312,67,61.730039946653974
312,68,58.87007795364104
312,69,56.583334902226156
312,70,58.81990514614102
312,71,56.20937397448312
312,72,54.07352289540613
312,73,56.731305541677294
312,74,55.51418881555642
312,75,51.9288167085835
312,76,48.85955975433425
312,77,45.206803477307815
312,78,41.841790593073824
312,79,41.12131419555327
312,80,43.9460449210295
312,81,42.99493167373663
312,82,45.380357199461635
312,83,45.64692924498815
312,84,46.81961000319483
312,85,49.6548244137017
312,86,51.23453246200274
312,87,54.832486260218566
312,88,57.76556686185521
312,89,60.98809614869313
312,90,63.27873329710618
312,91,65.29167963248918
312,92,63.84295842846294
312,93,62.39839845640779
312,94,60.687864192706876
312,95,58.606977720951086
312,96,58.59739931671924
312,97,55.17158321974188
312,98,53.79814909655774
312,99,50.18504993039868
312,100,51.05198924007816
312,101,52.90403281812955
312,102,50.08271428187004
312,103,47.57607246819597
312,104,49.58212394666554
312,105,50.49097149889334
312,106,46.914071748523774
312,107,45.75356170245023
312,108,48.52212473784523
312,109,47.23181660743771
312,110,50.63182854932731
312,111,53.79886128074401
312,112,55.94642276805405
312,113,59.482950647564486
312,114,62.5280641979689
312,115,65.93046505586852
312,116,68.50651557652861
312,117,72.28013587010423
312,118,72.98183373201472
312,119,76.71701071365011
312,120,77.61947919753466
312,121,81.40422872862443
312,122,83.34419970139624
312,123,80.62366498996126
312,124,79.4781389077153
312,125,76.00440569766752
312,126,73.41199278604776
312,127,73.84405078465993
312,128,72.19810771626366
312,129,71.45422003543642
312,130,71.22437480397367
312,131,67.97336677165053
312,132,66.48018578039948
312,133,67.76396185112296
312,134,66.999302372873
312,135,68.33133608392976
312,136,71.2788021255821
312,137,72.77592451047767
312,138,71.74603906109091
312,139,69.43876535986817
312,140,67.37138670062096
312,141,64.28962094918596
312,142,64.28129959080124
312,143,63.548035468547056
312,144,66.0309932040936
312,145,69.83821144321337
312,146,71.81255149203669
312,147,75.15102786549649
312,148,78.18930606316049
312,149,81.91686250263002
312,150,84.01220400555498
312,151,87.66402184005383
312,152,88.22971677642975
312,153,86.44571421788467
312,154,82.93037341849966
312,155,83.30007077121553
312,156,81.20146825160488
312,157,78.64057528878904
312,158,77.67523251512816
312,159,75.52855484936111
312,160,73.42895839191378
312,161,70.57262541301561
312,162,69.45216194390837
312,163,66.05553452450685
312,164,66.88979756779091
312,165,63.43415810190404
312,166,60.585939123341824
312,167,58.20504621995819
312,168,58.07665428234729
312,169,59.724170533302
312,170,58.69236491538139
312,171,61.6595212368506
312,172,61.48605084894585
312,173,64.70327549668437
312,174,65.92316474688543
312,175,68.67349321712913
312,176,70.3997566984247
312,177,71.13074084335614
312,178,74.02251935889771
312,179,74.80053313495632
312,180,78.59897723789511
312,181,81.20231302001767
312,182,82.75319574896207
312,183,79.47977363092534
312,184,79.23275016696007
312,185,82.78574323203311
312,186,82.83602472615192
312,187,79.86360506520052
312,188,80.22737816248552
312,189,83.7428224823597
312,190,83.07266427464073
312,191,82.74238901333491
312,192,79.68554959585579
312,193,77.43864256891956
312,194,75.18471059885134
312,195,72.38994885175559
312,196,71.61014544449623
312,197,69.04909239401421
312,198,68.81409923010156
312,199,67.58130461226649
312,200,68.50044879399664
312,201,65.59461868592753
312,202,65.50852539825891
312,203,67.87455634086139
312,204,67.05611131486279
312,205,70.07985124186253
312,206,69.93509724481814
312,207,72.74438782188108
312,208,72.40998367764402
312,209,72.43010738462323
312,210,74.97433883870687
312,211,73.57146255617758
312,212,73.1339086608213
312,213,69.43597566050528
312,214,67.66214595624486
312,215,67.84688694129065
312,216,65.0267799403858
312,217,65.68747043762576
312,218,69.39051632083259
312,219,69.83162599694326
312,220,70.42641794727692
312,221,70.37627986841476
312,222,67.38523152707968
312,223,66.19095441560444
312,224,64.25379611115338
312,225,61.9958135694875
312,226,61.69802901913093
312,227,60.27717890128264
312,228,61.28130242846467
312,229,59.657963570843194
312,230,62.1809454754039
312,231,61.02725757908863
312,232,62.59703365841772
312,233,66.17499195478484
312,234,66.56447079184242
312,235,68.67385936377137
312,236,68.3472291846622
312,237,71.45121271559046
312,238,71.99733345169287
312,239,74.91497490227279
312,240,75.93356781298833
312,241,79.06548873538068
312,242,77.32735463704257
312,243,74.11888791177529
312,244,72.18251100969678
312,245,69.45836578499726
312,246,69.38043985628879
312,247,66.63410029460641
312,248,67.18590014524631
312,249,65.08956472903972
312,250,61.83710153941265
312,251,58.13095472041503
312,252,56.13122992730334
312,253,53.53946930131455
312,254,50.31643615962087
312,255,47.1610438879399
312,256,43.78632183973483
312,257,40.67473830402104
312,258,42.52589501916274
312,259,41.952352241781036
312,260,42.62152513378086
312,261,40.597864800399115
312,262,41.70863908259973
312,263,40.03946921989805
312,264,41.138678004502495
312,265,38.430787783584044
312,266,39.831411414094596
312,267,39.392431683483466
312,268,37.78400611337913
312,269,37.68520801615146
312,270,34.157461124347435
312,271,32.419780015511634
312,272,30.364315523640016
312,273,30.40841064850017
312,274,29.903263456704593
312,275,32.539549310388345
312,276,32.66491395226093
312,277,35.557020703624396
312,278,33.33250967647403
312,279,33.027723304574074
312,280,30.77272751654911
312,281,27.015145543012498
312,282,24.401156049770137
312,283,22.99838373080903
312,284,19.554127199914074
312,285,18.183768234233526
312,286,19.346703470420884
312,287,20.79580835323024
312,288,23.130630542137503
312,289,24.931360120220038
312,290,27.609158459062836
312,291,30.520474503472563
312,292,31.467577248718825
312,293,34.07035379478825
312,294,32.6157328139986
312,295,34.00666537078527
312,296,32.48069908390879
312,297,29.086747113837585
312,298,27.127127622266492
312,299,24.040983973775138
312,300,25.094881827394477
312,301,26.341955076175886
312,302,24.74854878159125
312,303,25.66354039661091
312,304,22.30984945398462
312,305,21.782784583831223
312,306,17.98378307877194
312,307,15.324871877411223
312,308,11.667000533225083
312,309,9.361062455686099
312,310,5.778538308515595
312,311,3.8145891409972825
312,313,3.7809748158472476
312,314,6.832945560287098
312,315,8.295922630643162
312,316,11.74377952019411
312,317,14.01865251290845
312,318,17.173845226723266
313,1,35.56780622324926
313,2,36.00490092466996
313,3,32.31287564827165
313,4,28.83330226934109
313,5,25.275345629771994
313,6,22.19054905899595
313,7,18.747308430570662
313,8,15.439596122097027
313,9,12.234938700778523
313,10,8.949605141395972
313,11,8.799868255585293
313,12,8.589099334205082
313,13,10.407902678978916
313,14,13.460929275860286
313,15,13.098622060158682
313,16,10.01557292478288
313,17,10.575205026846579
313,18,11.455766601087616
313,19,11.029998382050987
313,20,13.054040088062964
313,21,12.982423693739614
313,22,16.098862846257703
313,23,16.386005477874487
313,24,14.91998796626223
313,25,16.241566720590356
313,26,13.638732800113205
313,27,10.119545325402116
313,28,8.692090343529463
313,29,5.4511286196126365
313,30,5.844588385812441
313,31,7.791220650855869
313,32,9.73704480926245
313,33,13.095460826024729
313,34,16.254768706348102
313,35,17.967020124443632
313,36,21.268973519639367
313,37,23.90155820880256
313,38,25.80092220411808
313,39,27.93751606667463
313,40,30.9528172217009
313,41,33.32330749233134
313,42,36.26921428659582
313,43,38.10004472830258
313,44,38.83897556962718
313,45,38.496260042708705
313,46,41.66146988263564
313,47,39.963361292524304
313,48,39.54278644559594
313,49,41.311691455624256
313,50,44.90186609734816
313,51,44.973480628737086
313,52,48.439674595297305
313,53,48.779055248034055
313,54,51.42908843357398
313,55,52.12478751227394
313,56,55.021566038647855
313,57,55.32324989579869
313,58,53.99792871330256
313,59,53.80308673570806
313,60,56.81783565081783
313,61,58.812369633747835
313,62,58.17303503305006
313,63,59.096773341476236
313,64,62.399516612855386
313,65,63.16213153520478
313,66,63.246707563729494
313,67,64.96895645846068
313,68,62.1346335770577
313,69,59.85150841697108
313,70,62.16013836132349
313,71,59.63012093762128
313,72,57.43269983111612
313,73,60.07862160524001
313,74,58.86300272425502
313,75,55.303197783339805
313,76,52.200304738798536
313,77,48.53289469647759
313,78,45.116890360969855
313,79,44.350044521142586
313,80,47.14210138189843
313,81,46.17007323433502
313,82,48.44018077772005
313,83,48.6908771574427
313,84,49.70938767536737
313,85,52.63367158431372
313,86,54.24357003071091
313,87,57.78994656794562
313,88,60.725646425372034
313,89,64.00857932249501
313,90,66.28982715228454
313,91,68.19857537783803
313,92,66.6185715763438
313,93,65.12725894516265
313,94,63.28986062636342
313,95,61.197805666483035
313,96,61.022768261049194
313,97,57.566983071825334
313,98,56.35055828441574
313,99,52.69878677086898
313,100,53.56076890485967
313,101,55.58215827430942
313,102,52.848663786344595
313,103,50.27592826896001
313,104,52.32641889330927
313,105,53.40561534825822
313,106,49.874563300201196
313,107,48.6466358154025
313,108,51.50264329930612
313,109,50.36545953760493
313,110,53.83109024066542
313,111,57.005267284262985
313,112,59.19292365705439
313,113,62.69172378799303
313,114,65.73090261886004
313,115,69.13136729217352
313,116,71.63490927210687
313,117,75.40481429093725
313,118,76.02294987533563
313,119,79.75382419750022
313,120,80.60880371055995
313,121,84.38486897901
313,122,86.30925161794873
313,123,83.59970625024577
313,124,82.52842533427301
313,125,79.0945754307783
313,126,76.54688269038373
313,127,76.90725666330442
313,128,75.28050660097131
313,129,74.48266651274199
313,130,74.2710182809982
313,131,70.9581109102719
313,132,69.55794060311983
313,133,70.93895531616879
313,134,70.27164469535742
313,135,71.66792163211335
313,136,74.58024824214596
313,137,76.02520005049986
313,138,74.91687852611129
313,139,72.61530376537479
313,140,70.48246282957373
313,141,67.39415395536871
313,142,67.48166072150343
313,143,66.67847558063447
313,144,69.07040732056686
313,145,72.88122591981623
313,146,74.79292495533522
313,147,78.1025222791906
313,148,81.1080697141784
313,149,84.8240616204586
313,150,86.99743112784977
313,151,90.64266520336244
313,152,91.11417003355211
313,153,89.28279826775704
313,154,85.74421022083993
313,155,86.07955378725926
313,156,83.90411510991966
313,157,81.41344525674586
313,158,80.41471677189936
313,159,78.34632309545817
313,160,76.22478622521683
313,161,73.44235073209683
313,162,72.27186791346085
313,163,68.88999433602777
313,164,69.75403513081321
313,165,66.34939807474986
313,166,63.430736246169175
313,167,61.072600657866325
313,168,60.88946238227328
313,169,62.609589223404484
313,170,61.560843924126935
313,171,64.52878838033516
313,172,64.35818990557722
313,173,67.52891847098395
313,174,68.6792631733993
313,175,71.35138586391002
313,176,73.1035669437051
313,177,73.72135266527589
313,178,76.63726189747544
313,179,77.34130596946764
313,180,81.12755003461692
313,181,83.72369828325616
313,182,85.3803279527798
313,183,82.17134433469211
313,184,81.87931895403237
313,185,85.46287119204747
313,186,85.61834672670408
313,187,82.68166636470993
313,188,82.98474012031929
313,189,86.45579960658594
313,190,85.68179031772068
313,191,85.25635742913502
313,192,82.15650875393288
313,193,79.98549687201557
313,194,77.70052453363742
313,195,74.9704372096784
313,196,74.14170837292433
313,197,71.64413690718816
313,198,71.34056264150315
313,199,70.10714813616373
313,200,70.91586502495055
313,201,67.9179992238007
313,202,67.85765049399134
313,203,70.243142111164
313,204,69.4663710511826
313,205,72.46634004939234
313,206,72.34935509286873
313,207,75.13312643874208
313,208,74.8746932362272
313,209,74.82033924748825
313,210,77.40348926109918
313,211,75.94729554281754
313,212,75.54274829212522
313,213,71.84503095155061
313,214,70.08532730589873
313,215,70.41007815190454
313,216,67.69308710872173
313,217,68.48850592264505
313,218,72.1593026424198
313,219,72.55564538307124
313,220,73.02222308224958
313,221,73.0187927982963
313,222,70.03646434796946
313,223,68.8988154739852
313,224,66.87726401465646
313,225,64.69609982632134
313,226,64.34275143719793
313,227,62.96985392711773
313,228,63.94060383472996
313,229,62.335211548979586
313,230,64.87187471165882
313,231,63.670643171704874
313,232,65.30074794641921
313,233,68.82732764781159
313,234,69.180927193324
313,235,71.36248153696508
313,236,71.0704800729813
313,237,74.13305435987668
313,238,74.71316417319096
313,239,77.56708042798785
313,240,78.59528402976072
313,241,81.71985947058842
313,242,80.01984321285813
313,243,76.82728617018525
313,244,74.9524013629916
313,245,72.31764594909853
313,246,72.2921120168797
313,247,69.60799355378106
313,248,70.27682163206417
313,249,68.16442551207334
313,250,64.86509906598481
313,251,61.190092364583485
313,252,59.19878685446736
313,253,56.49798641053293
313,254,53.29012042008749
313,255,50.04206141677372
313,256,46.75397634940203
313,257,43.69851335135557
313,258,45.6052324804346
313,259,44.93860368067826
313,260,45.612329307789985
313,261,43.56413901101611
313,262,44.61256699261539
313,263,43.044293909936904
313,264,44.194289333615366
313,265,41.62001901556393
313,266,43.17657499841287
313,267,42.863402883353324
313,268,41.36016767946464
313,269,41.361187060714656
313,270,37.84695036736486
313,271,36.09101292880443
313,272,33.932612927944085
313,273,33.84456751872224
313,274,33.197001368614266
313,275,35.77413280251661
313,276,35.71217250213827
313,277,38.5367009119023
313,278,36.33692175461203
313,279,36.261250471462986
313,280,34.134025830686056
313,281,30.354112334340126
313,282,27.870628901984052
313,283,26.351624068935447
313,284,23.01908066455452
313,285,21.369335950438064
313,286,22.152669836953454
313,287,23.397753899769533
313,288,25.820905735419405
313,289,27.39942846784435
313,290,30.313964513738966
313,291,33.13655803882869
313,292,33.91729531388349
313,293,36.73378079518433
313,294,35.49312826055688
313,295,37.04134239627034
313,296,35.62368298380944
313,297,32.22285077026538
313,298,30.17009407095391
313,299,26.915435963928278
313,300,27.59358900302752
313,301,28.70200104915696
313,302,26.757229932676637
313,303,27.41643666018328
313,304,24.007681633480924
313,305,23.79367142113826
313,306,19.99747387383815
313,307,17.20387749653567
313,308,13.661090592705765
313,309,11.55580747230842
313,310,7.783980445870232
313,311,7.212117665786453
313,312,3.7809748158472476
313,314,3.795825735049653
313,315,6.2729879453800885
313,316,9.117027180579703
313,317,12.05123318604955
313,318,15.103130823437326
314,1,35.49471871118634
314,2,35.97849773934542
314,3,32.269696688714255
314,4,28.908183208578144
314,5,25.201506397028037
314,6,22.505095852177682
314,7,18.820171864239022
314,8,15.923736553118285
314,9,12.531819409712723
314,10,9.753417303112496
314,11,9.567235710799554
314,12,8.193174264519195
314,13,9.914558236779605
314,14,12.159243715635764
314,15,11.68315850437242
314,16,8.774506927821397
314,17,9.476702017296876
314,18,9.744367655609919
314,19,9.990990342265723
314,20,11.883909701367406
314,21,12.065225189432045
314,22,15.126422383905776
314,23,14.589677938905831
314,24,12.65837404740886
314,25,14.068152697273273
314,26,11.189768203348038
314,27,7.419878649656906
314,28,5.954680520922052
314,29,4.203500153477667
314,30,6.13649973220507
314,31,8.956421495781136
314,32,10.933431004160209
314,33,14.608750686712673
314,34,17.316148880063754
314,35,19.24590980554983
314,36,22.160034038108552
314,37,24.97020230707671
314,38,26.40242581060322
314,39,28.69034665886897
314,40,31.96310836429223
314,41,34.44789199722962
314,42,37.22537699194257
314,43,39.36863079687415
314,44,40.334208709729154
314,45,40.303950396379555
314,46,43.615452677093515
314,47,42.17577540004137
314,48,41.89228601692447
314,49,43.479059306489944
314,50,46.990629151532836
314,51,46.79862382339126
314,52,50.145125860884775
314,53,50.253411134038416
314,54,52.75092934942328
314,55,53.29994383619909
314,56,56.050828011867274
314,57,56.46029458623257
314,58,55.10020564286104
314,59,55.100022879530236
314,60,58.0193230493339
314,61,59.98887927284707
314,62,59.56972434817137
314,63,60.55432501624352
314,64,63.7433745562236
314,65,64.56022046550892
314,66,64.4686969329159
314,67,66.24990562208694
314,68,63.37116558699293
314,69,61.2144289429339
314,70,63.691840936425955
314,71,61.268743687819075
314,72,59.09932306804889
314,73,61.84912395255515
314,74,60.80581348899505
314,75,57.22523452755715
314,76,54.20360547932178
314,77,50.48266875348534
314,78,47.100203016872356
314,79,46.07431079101142
314,80,48.680104186236974
314,81,47.49087628630256
314,82,49.526300868684785
314,83,49.58482498561131
314,84,50.32667760027227
314,85,53.29292505654613
314,86,55.060389233123516
314,87,58.54405209072152
314,88,61.561208548546624
314,89,64.87079328065016
314,90,67.23903165539507
314,91,69.07196216088042
314,92,67.33075750054533
314,93,65.91432857421984
314,94,64.01580536126569
314,95,62.050299182568644
314,96,61.79379523631366
314,97,58.391055496677005
314,98,57.22656607974876
314,99,53.59791282188713
314,100,54.64228343525612
314,101,56.797592942032246
314,102,54.05136678010927
314,103,51.56667744813702
314,104,53.813865038090626
314,105,54.96006704591019
314,106,51.42482980341613
314,107,50.3400492238013
314,108,53.35214807989259
314,109,52.257553113270596
314,110,55.75760783731568
314,111,58.824513203610316
314,112,61.18071288843425
314,113,64.60405923705743
314,114,67.7361567617191
314,115,71.05892198106467
314,116,73.56855261352544
314,117,77.32150483611312
314,118,77.78771441721
314,119,81.48351584264232
314,120,82.18201116133261
314,121,85.95002648554842
314,122,87.7532890328455
314,123,84.97040287565062
314,124,83.89059831448488
314,125,80.52262263444184
314,126,77.94494309583851
314,127,78.1312371645568
314,128,76.41850395988659
314,129,75.45386610297263
314,130,75.15226775191013
314,131,71.76834083602151
314,132,70.55552434952187
314,133,72.00890934458533
314,134,71.52687584975803
314,135,72.93691823115613
314,136,75.73334301539249
314,137,77.17564710201356
314,138,76.0238012624005
314,139,73.82852739389229
314,140,71.69899321196115
314,141,68.69013850686137
314,142,68.9705865572378
314,143,68.2183197520773
314,144,70.47790761431229
314,145,74.28712139162147
314,146,76.0396811671364
314,147,79.37267716219533
314,148,82.27302553907566
314,149,85.99171438604033
314,150,88.28270621538798
314,151,91.89349721639742
314,152,92.23439204050113
314,153,90.44530485036174
314,154,86.92683832264753
314,155,87.3483117869971
314,156,85.17617135779055
314,157,82.80627200637312
314,158,81.90788898452128
314,159,79.97430428615085
314,160,77.95601549597816
314,161,75.27758982917115
314,162,74.21188768056837
314,163,70.91000577121963
314,164,71.93639221862391
314,165,68.59749743069199
314,166,65.72609067616528
314,167,63.248473739143954
314,168,62.872591646737064
314,169,64.495794523165
314,170,63.269997583441395
314,171,66.12456876259533
314,172,65.79042453315631
314,173,68.8453345125882
314,174,69.80862808168035
314,175,72.3406587122884
314,176,73.99304828627865
314,177,74.42262079155374
314,178,77.27645114552048
314,179,77.80598444271094
314,180,81.58187958807363
314,181,84.24747247515883
314,182,85.96843012136938
314,183,82.83949137429929
314,184,82.6097736531376
314,185,86.24608871317022
314,186,86.45584296824607
314,187,83.6242339473076
314,188,83.96839810559639
314,189,87.37625916519458
314,190,86.56126230588836
314,191,85.97563502643527
314,192,82.90096063241727
314,193,80.87351129609331
314,194,78.66638265811403
314,195,76.06541399208541
314,196,75.33056404154307
314,197,72.97582591931248
314,198,72.75808372039418
314,199,71.67193832300778
314,200,72.5150261791889
314,201,69.41786139105463
314,202,69.21356388463622
314,203,71.48635320531139
314,204,70.59471283293148
314,205,73.48099847260458
314,206,73.24270703732324
314,207,75.90737136855677
314,208,75.59808729279327
314,209,75.36202094244415
314,210,77.89075707072179
314,211,76.28455318796554
314,212,75.80089756591362
314,213,72.08889440091355
314,214,70.24142498773347
314,215,70.66645185283208
314,216,68.08731800819633
314,217,68.99296422972294
314,218,72.61070932211803
314,219,73.05885534486984
314,220,73.43024630948764
314,221,73.59115636904015
314,222,70.70301045077758
314,223,69.74356404438643
314,224,67.74062876324484
314,225,65.73503637223104
314,226,65.48427095603728
314,227,64.29954429771281
314,228,65.40310538286695
314,229,63.96847946958992
314,230,66.63656584934189
314,231,65.5637215455575
314,232,67.36254853314968
314,233,70.86924609592647
314,234,71.05106940641424
314,235,73.16568720442939
314,236,72.74715099005306
314,237,75.70102234098125
314,238,76.16388039294165
314,239,78.90154135536474
314,240,79.8042283199858
314,241,82.84416938783218
314,242,81.07089403634485
314,243,77.82785866977483
314,244,76.11169212198384
314,245,73.53044058296842
314,246,73.68279470135228
314,247,71.13309496752866
314,248,71.94603252870245
314,249,69.95237344188278
314,250,66.68034178714294
314,251,63.026552428304406
314,252,61.1959798917566
314,253,58.44871974062558
314,254,55.3600402867703
314,255,52.10285728658417
314,256,48.88100440236777
314,257,45.74861917472718
314,258,47.487080063428245
314,259,46.54916923091189
314,260,46.99878092383692
314,261,44.75187548876963
314,262,45.53723485911724
314,263,43.94798701744205
314,264,44.999638125894286
314,265,42.596897233515755
314,266,44.35301592148813
314,267,44.34779360248619
314,268,43.00244030389181
314,269,43.29008976501732
314,270,39.89074357339305
314,271,38.318562852683115
314,272,36.03244129463197
314,273,36.007979005917456
314,274,35.02163559597825
314,275,37.32727238439694
314,276,36.8992143450135
314,277,39.48370586926384
314,278,37.16317743003461
314,279,37.44096046938432
314,280,35.6320510621512
314,281,31.867774078639933
314,282,29.72866261214669
314,283,28.38580192205365
314,284,25.255650293408166
314,285,23.238402055204826
314,286,23.92671547395887
314,287,24.632112008217504
314,288,26.80349260706596
314,289,27.90223104659888
314,290,30.94648935585333
314,291,33.80272624079811
314,292,34.6422348273835
314,293,37.67677694725777
314,294,36.79092603621087
314,295,38.65957542957514
314,296,37.5639977919497
314,297,34.31445875099418
314,298,31.951062468135994
314,299,28.529128923126404
314,300,28.889290175436606
314,301,29.556492822631952
314,302,27.2134576008938
314,303,27.36557578882136
314,304,23.823159949154842
314,305,23.6408971729602
314,306,19.93393487024075
314,307,17.395050954830086
314,308,14.004114201486905
314,309,12.741151499105781
314,310,9.162782222315172
314,311,9.85259270955728
314,312,6.832945560287098
314,313,3.795825735049653
314,315,3.79261352118957
314,316,6.277595480798341
314,317,9.649737066096383
314,318,12.964331979550474
315,1,34.35317379343776
315,2,35.209556724667415
315,3,31.62191612867328
315,4,28.191407251179104
315,5,24.508306132524467
315,6,22.090410412427232
315,7,18.366866735405974
315,8,15.955276201817119
315,9,12.258803755433389
315,10,9.479026881122566
315,11,8.157017353431833
315,12,5.49662374125849
315,13,6.669899822014033
315,14,8.488386429187425
315,15,8.454270697910438
315,16,6.369640364474761
315,17,8.432279174608563
315,18,9.673131110350816
315,19,11.261765806539099
315,20,13.830944134309071
315,21,14.817272929207496
315,22,18.057073785932253
315,23,17.211246175041694
315,24,14.680397477665123
315,25,15.46285245362662
315,26,12.023246192786711
315,27,8.54062684870198
315,28,5.56872884658395
315,29,4.663753488714816
315,30,5.044472619171374
315,31,8.675944978601962
315,32,11.4801968662102
315,33,15.268787055700415
315,34,18.008457387190678
315,35,20.53935985886505
315,36,23.19183976721513
315,37,25.669641891460532
315,38,26.749113254251053
315,39,28.69737032028371
315,40,31.996730809258842
315,41,34.226272102457244
315,42,37.09058622238295
315,43,39.362472240943475
315,44,40.654009558736725
315,45,40.65713537818222
315,46,44.08111785920483
315,47,42.820656041140246
315,48,42.7810743854332
315,49,44.48713380709802
315,50,47.900393051107294
315,51,47.553829811170566
315,52,50.85336138972966
315,53,50.74420003083459
315,54,53.288948774350494
315,55,53.58182027689153
315,56,56.34870158832779
315,57,57.007863614102774
315,58,55.85805168407648
315,59,56.07119624845478
315,60,59.06627610607127
315,61,60.834351494949885
315,62,60.432384017403116
315,63,61.63768214729054
315,64,64.77436146277743
315,65,65.41350742375135
315,66,65.15038883618716
315,67,66.77486449207848
315,68,63.75719540999944
315,69,61.778010899008336
315,70,64.30058449169876
315,71,61.8013802160209
315,72,59.82744124504313
315,73,62.72083697418811
315,74,61.841727258647516
315,75,58.18824161651009
315,76,55.31161738694069
315,77,51.57619709306997
315,78,48.32363931926183
315,79,47.15074101266969
315,80,49.624055572826805
315,81,48.20912434958438
315,82,50.18244428285836
315,83,49.974423585078384
315,84,50.62523023053179
315,85,53.43686660699302
315,86,55.42199049709978
315,87,58.93767901974719
315,88,62.08917455863645
315,89,65.29944234610213
315,90,67.83086522060748
315,91,69.78742224207386
315,92,68.08651119656888
315,93,66.86547834709516
315,94,65.11595594648045
315,95,63.32280514626635
315,96,63.233967319426455
315,97,59.93034381984257
315,98,58.58248735094728
315,99,55.03502200833141
315,100,56.279223273845744
315,101,58.319853498020045
315,102,55.41944656610674
315,103,53.12400458319248
315,104,55.48737928916544
315,105,56.434709388421965
315,106,52.818789523156404
315,107,51.96435153336275
315,108,54.96775442352893
315,109,53.659476401960454
315,110,57.072248343984
315,111,60.03457437821109
315,112,62.45684232130083
315,113,65.88871978761438
315,114,69.10358344904627
315,115,72.36947456523932
315,116,75.01125604374514
315,117,78.7575566417491
315,118,79.24443226084573
315,119,82.91863173035767
315,120,83.55985792536546
315,121,87.3359314111196
315,122,89.05087752277961
315,123,86.17297360793646
315,124,84.94426267312319
315,125,81.5701743918925
315,126,78.86724369879128
315,127,78.99348467718798
315,128,77.12556708046203
315,129,76.0461950526933
315,130,75.55909495358578
315,131,72.21031079556879
315,132,71.06497711940698
315,133,72.38303896104547
315,134,71.92728376569406
315,135,73.17024773962655
315,136,75.87808031447759
315,137,77.47782331946446
315,138,76.47126328009674
315,139,74.41783230805224
315,140,72.44453846566262
315,141,69.5501510818844
315,142,69.85689469178575
315,143,69.30386803671733
315,144,71.59790419086252
315,145,75.39989013539746
315,146,77.09442203671065
315,147,80.50961249063693
315,148,83.35219930715316
315,149,87.0971016536793
315,150,89.37649301912333
315,151,92.96192198438699
315,152,93.32926768756657
315,153,91.67284452150399
315,154,88.21519424198316
315,155,88.78299485729005
315,156,86.73386631075466
315,157,84.36859261227347
315,158,83.60836155580333
315,159,81.67030055927485
315,160,79.7623579273001
315,161,77.05276297717624
315,162,76.12627156801207
315,163,72.8522226179504
315,164,73.92765032895724
315,165,70.55277655591802
315,166,67.7936555945035
315,167,65.23033862031123
315,168,64.81933200075726
315,169,66.28114931540053
315,170,64.94989048324226
315,171,67.71196848183558
315,172,67.22577218799785
315,173,70.2446980046629
315,174,71.1280836152283
315,175,73.63670437213786
315,176,75.12872864680888
315,177,75.52236121733394
315,178,78.25380318930797
315,179,78.6783138654512
315,180,82.46616524730068
315,181,85.2443636248709
315,182,86.8597845200326
315,183,83.71634882053604
315,184,83.6541556967968
315,185,87.30549477978612
315,186,87.38950444652029
315,187,84.62358318784132
315,188,85.12911576078592
315,189,88.54181289958748
315,190,87.85475426431209
315,191,87.23667197295005
315,192,84.25904196132889
315,193,82.27365878885061
315,194,80.19684102862335
315,195,77.62979192258264
315,196,77.05592198325813
315,197,74.7395658285031
315,198,74.68624603929162
315,199,73.71276402711538
315,200,74.71392954300671
315,201,71.65330647372566
315,202,71.31350138780299
315,203,73.47371198038485
315,204,72.42754311915954
315,205,75.24186282365748
315,206,74.8432174406827
315,207,77.41996399594974
315,208,76.93608956131933
315,209,76.5986879828464
315,210,78.99482114865533
315,211,77.27493717892146
315,212,76.61504169094935
315,213,72.8757124099365
315,214,70.85749363749655
315,215,71.15559489637803
315,216,68.57801074505785
315,217,69.36052402769376
315,218,72.96913137801812
315,219,73.61021989756857
315,220,74.10369416786497
315,221,74.41864365343649
315,222,71.6429804927541
315,223,70.81272707440151
315,224,68.97774101729497
315,225,67.04449903902417
315,226,66.99113758027885
315,227,65.91576636930722
315,228,67.18459300593892
315,229,65.85946469527187
315,230,68.60462547236465
315,231,67.67312593227747
315,232,69.49366004964604
315,233,73.05326310331658
315,234,73.18225965346802
315,235,75.16526840825145
315,236,74.61237309229051
315,237,77.54158274464928
315,238,77.86046624419075
315,239,80.58957455111528
315,240,81.36105173891418
315,241,84.32927029521869
315,242,82.41693510258368
315,243,79.08930062845235
315,244,77.4442358647811
315,245,74.76703925139854
315,246,75.01525408443753
315,247,72.48971148987134
315,248,73.23301311762043
315,249,71.37071774658381
315,250,68.1979299701158
315,251,64.50970095477865
315,252,62.784403185838904
315,253,60.170729575784854
315,254,57.13600046783855
315,255,54.00069983843261
315,256,50.69788307812032
315,257,47.43756318796148
315,258,48.97057266447937
315,259,47.95317650093405
315,260,48.170536777364376
315,261,45.73417064386433
315,262,46.29301861467025
315,263,44.4355050674514
315,264,45.17466994675282
315,265,42.68871658773335
315,266,44.31734585699402
315,267,44.460548346134715
315,268,42.96411115485254
315,269,43.299681857951484
315,270,40.033948453912224
315,271,38.78945270670991
315,272,36.71116837981568
315,273,37.066869604280896
315,274,36.06714375465084
315,275,38.19705992215657
315,276,37.69579836471885
315,277,40.08478239099287
315,278,37.48079755044761
315,279,37.76308971800118
315,280,36.11128176395473
315,281,32.42246091600051
315,282,30.408378657299018
315,283,29.514770319880512
315,284,26.340069318053477
315,285,24.517829598511145
315,286,25.686994583324125
315,287,26.193360467704085
315,288,27.957926869302195
315,289,28.79431008226846
315,290,31.598575312645693
315,291,34.70946884101023
315,292,35.92250283677099
315,293,38.886607117446246
315,294,38.04709946721623
315,295,39.982569417172016
315,296,38.98731822123629
315,297,35.85985926264831
315,298,33.40031207254893
315,299,30.080554138225196
315,300,30.675690951065306
315,301,31.095381596830677
315,302,28.773537327671857
315,303,28.64559962391218
315,304,24.945228871709638
315,305,24.240613803679086
315,306,20.589501634147247
315,307,18.62944075789181
315,308,15.119560770117165
315,309,14.534970400142958
315,310,11.060413579743704
315,311,11.390716597178042
315,312,8.295922630643162
315,313,6.2729879453800885
315,314,3.79261352118957
315,316,3.808860517579575
315,317,6.275529780288469
315,318,9.849546153326155
316,1,31.786805404315928
316,2,32.646664890044285
316,3,29.091094497317098
316,4,25.813784047196048
316,5,22.08569816282382
316,6,20.086729831926878
316,7,16.303258632750776
316,8,14.47018868438125
316,9,10.939405805942366
316,10,9.20979200848914
316,11,8.533684927294358
316,12,6.084748559180396
316,13,8.011735679585046
316,14,9.031201702726365
316,15,10.066257855362792
316,16,9.176839151748482
316,17,11.602032376320116
316,18,12.48933874322677
316,19,14.30515710876074
316,20,16.456040038817367
316,21,17.15524782747051
316,22,20.004836250410747
316,23,18.53247423586073
316,24,16.091291923448118
316,25,17.239950891606767
316,26,13.895364301425412
316,27,10.525065551576258
316,28,8.053160576822783
316,29,8.296331061457225
316,30,8.679102746307763
316,31,12.401769265106799
316,32,15.272728972121529
316,33,19.06060841886087
316,34,21.72122362586305
316,35,24.250885350549535
316,36,26.81187271175538
316,37,29.32905366513004
316,38,30.24573800038985
316,39,32.18766384635908
316,40,35.5404261008746
316,41,37.72924337353332
316,42,40.563168447568145
316,43,42.92538730870441
316,44,44.316463134238184
316,45,44.363246713419336
316,46,47.81216484837796
316,47,46.585039585618894
316,48,46.57139911178663
316,49,48.28797683047165
316,50,51.69055506861318
316,51,51.308653315456645
316,52,54.584103594994055
316,53,54.40967617702857
316,54,56.921612784268426
316,55,57.14330552572957
316,56,59.86555502773916
316,57,60.58480388313817
316,58,59.439055393072785
316,59,59.71595695569951
316,60,62.677184635576666
316,61,64.43506751562518
316,62,64.0981897081556
316,63,65.32090914405622
316,64,68.42372131294384
316,65,69.07473194330565
316,66,68.75281241988036
316,67,70.37868502430523
316,68,67.33522020781254
316,69,65.41277786950923
316,70,67.9767425018215
316,71,65.49089515271744
316,72,63.54548711359578
316,73,66.46565517503569
316,74,65.61980699237695
316,75,61.96227897429896
316,76,59.10095799811693
316,77,55.360950395397495
316,78,52.11345597458372
316,79,50.905285655455074
316,80,53.337859462939356
316,81,51.864083560455825
316,82,53.7633233999543
316,83,53.47165452732686
316,84,54.00915051392538
316,85,56.810620742989066
316,86,58.877030814998434
316,87,62.36544783996405
316,88,65.55378659859689
316,89,68.76053394214095
316,90,71.33381365565955
316,91,73.26575437123618
316,92,71.50194971026569
316,93,70.31333882759458
316,94,68.53265388328809
316,95,66.78304081903542
316,96,66.63736201204762
316,97,63.34678022656137
316,98,62.05032675605213
316,99,58.507588712706315
316,100,59.79129241083608
316,101,61.89754989515993
316,102,59.014915933249064
316,103,56.72786454662357
316,104,59.1312488658702
316,105,60.12364543636174
316,106,56.51739281900482
316,107,55.67101513828017
316,108,58.70623545373315
316,109,57.4270872641436
316,110,60.84873971345309
316,111,63.796143586370725
316,112,66.24141988478003
316,113,69.66139152945588
316,114,72.8855851045094
316,115,76.14189818490044
316,116,78.77690803145246
316,117,82.5201128721397
316,118,82.97552109040018
316,119,86.64266153361224
316,120,87.24900292990927
316,121,91.02094171684475
316,122,92.7064505635829
316,123,89.81225191593234
316,124,88.58533035163764
316,125,85.23248579674794
316,126,82.52102375750589
316,127,82.59283955824405
316,128,80.69159058606736
316,129,79.54784481692732
316,130,79.01164977989936
316,131,75.64350941878452
316,132,74.57458519888603
316,133,75.9003424056807
316,134,75.50353423736553
316,135,76.72241496577006
316,136,79.37997458766766
316,137,81.00458428332654
316,138,80.00519172621368
316,139,78.0012851660741
316,140,76.04200565575921
316,141,73.17919960054074
316,142,73.5394815262928
316,143,73.00288173693632
316,144,75.25924702607419
316,145,79.05852766782382
316,146,80.70357994594136
316,147,84.12209939835851
316,148,86.92853587755764
316,149,90.67126183605
316,150,92.99026256463276
316,151,96.56289050808984
316,152,96.88284659916583
316,153,95.23660746832854
316,154,91.78394409007818
316,155,92.36893094043813
316,156,90.30634053115247
316,157,87.98344782780245
316,158,87.23457840793247
316,159,85.33745020340235
316,160,83.43775279231501
316,161,80.75857249167949
316,162,79.8265370233785
316,163,76.56081984784485
316,164,77.64734945485158
316,165,74.28654452795215
316,166,71.50421331742245
316,167,68.95106849605965
316,168,68.52140875320737
316,169,69.99763222362947
316,170,68.64595911449939
316,171,71.39163149023396
316,172,70.87737811704602
316,173,73.86144390903155
316,174,74.68613392260497
316,175,77.14015538476994
316,176,78.60209978227441
316,177,78.91447098488175
316,178,81.62047752982052
316,179,81.9631479976431
316,180,85.74084351479101
316,181,88.54637641649866
316,182,90.19597618354145
316,183,87.0936044542976
316,184,87.05462919538279
316,185,90.72596357389769
316,186,90.83777623116586
316,187,88.11644771776021
316,188,88.63146491318912
316,189,92.01514477463874
316,190,91.30016038041386
316,191,90.61207798896487
316,192,87.63779704078264
316,193,85.7149241191451
316,194,83.6553388925634
316,195,81.13883662278727
316,196,80.57392561750395
316,197,78.30435665763653
316,198,78.24435145213464
316,199,77.28970650488426
316,200,78.25363097787039
316,201,75.15030218503337
316,202,74.80456256146994
316,203,76.95360493994143
316,204,75.9015837293172
316,205,78.68213506963718
316,206,78.26228570415651
316,207,80.79658047102413
316,208,80.31434322571243
316,209,79.89962666264445
316,210,82.27783684773513
316,211,80.48940013117912
316,212,79.79604523265155
316,213,76.05553503588001
316,214,73.99447605669404
316,215,74.34253642932255
316,216,71.83866215053969
316,217,72.66293155734118
316,218,76.24068437493455
316,219,76.91775109854872
316,220,77.36802924082075
316,221,77.76241511924867
316,222,75.03169624516383
316,223,74.27556609152762
316,224,72.43888353050473
316,225,70.57288462704365
316,226,70.53555576316153
316,227,69.51192636623058
316,228,70.7936814153635
316,229,69.49619415113989
316,230,72.25634633097441
316,231,71.3168970060773
316,232,73.16152874568813
316,233,76.70234426135742
316,234,76.8141513854641
316,235,78.81702406044727
316,236,78.26332815691791
316,237,81.16624034224955
316,238,81.47623861992984
316,239,84.16650027823748
316,240,84.91318277622432
316,241,87.85714554454498
316,242,85.9333573627344
316,243,82.59578798561803
316,244,81.0072895540006
316,245,78.35883733699212
316,246,78.65874334623639
316,247,76.1720806470946
316,248,76.9558591392262
316,249,75.11209236980321
316,250,71.93701461271947
316,251,68.25737726308124
316,252,66.54869409332778
316,253,63.9103828581186
316,254,60.88472981931559
316,255,57.725695615601346
316,256,54.44624226141145
316,257,51.19810552103129
316,258,52.73170412049028
316,259,51.669432950278804
316,260,51.846042156017084
316,261,49.36193563274278
316,262,49.83247538207643
316,263,47.95932542020614
316,264,48.6287049890426
316,265,46.19072707294756
316,266,47.840130279672856
316,267,48.0740091640103
316,268,46.56281413649503
316,269,46.923485024199586
316,270,43.69833022040731
316,271,42.52462225954547
316,272,40.485409325215265
316,273,40.872148135797254
316,274,39.84739536261783
316,275,41.92812834295278
316,276,41.340881283280886
316,277,43.64345973782297
316,278,40.9872054757212
316,279,41.36931222032543
316,280,39.8071488768856
316,281,36.13864101185742
316,282,34.180711694319356
316,283,33.3191820263782
316,284,30.147639301374895
316,285,28.308844707381233
316,286,29.40556044273342
316,287,29.83488813506271
316,288,31.568693913015483
316,289,32.24563117046319
316,290,35.08609500817633
316,291,38.19081060899361
316,292,39.393326193613525
316,293,42.43774476706883
316,294,41.70987142168532
316,295,43.715068401109434
316,296,42.766261671325275
316,297,39.64342902949875
316,298,37.15837531462803
316,299,33.80114645176973
316,300,34.27767827365344
316,301,34.59940960443103
316,302,32.122826602772946
316,303,31.79380088529958
316,304,28.08654742752202
316,305,27.449744789312895
316,306,23.896883211049218
316,307,22.030896368045784
316,308,18.65614945311449
316,309,18.177245665364328
316,310,14.715783778319624
316,311,15.064316202674481
316,312,11.74377952019411
316,313,9.117027180579703
316,314,6.277595480798341
316,315,3.808860517579575
316,317,3.818366772931345
316,318,6.8937620959267845
317,1,30.884853090572992
317,2,32.15913959557174
317,3,28.8063362317482
317,4,25.516170494391513
317,5,21.935167170410523
317,6,20.317698377393516
317,7,16.705439636302827
317,8,15.527632235736071
317,9,12.056345710075783
317,10,10.617035302152388
317,11,9.020395115097312
317,12,5.999911436755481
317,13,6.863471679710506
317,14,6.650628295727039
317,15,8.750680000140742
317,16,9.390635297767963
317,17,12.564087383819055
317,18,14.096505696053049
317,19,16.602405285710123
317,20,19.143482527534374
317,21,20.332081861961647
317,22,23.324298639700032
317,23,21.78299533468234
317,24,19.020761778335952
317,25,19.672966809731243
317,26,16.101157396052006
317,27,13.155191147434671
317,28,10.152388962198726
317,29,10.635293372947135
317,30,10.056480302622226
317,31,13.670837686396846
317,32,16.87603082943541
317,33,20.547360204050747
317,34,23.18335201479662
317,35,26.098745500977813
317,36,28.446637667540493
317,37,30.634558086405086
317,38,31.27569254594513
317,39,32.86909899479779
317,40,36.1710363269899
317,41,38.080760612317434
317,42,40.97853171783083
317,43,43.40762092983562
317,44,45.06945955185512
317,45,45.11524380996433
317,46,48.627028233931355
317,47,47.54748690010165
317,48,47.74277264923789
317,49,49.57636352401382
317,50,52.878850544939155
317,51,52.38382450234214
317,52,55.61068181306155
317,53,55.2567071364282
317,54,57.81558255542285
317,55,57.80732657779785
317,56,60.54575248400612
317,57,61.48939614726407
317,58,60.54994206636178
317,59,61.00580499076128
317,60,64.03649948271983
317,61,65.60256970249415
317,62,65.26133198274499
317,63,66.68077358035295
317,64,69.73699035604707
317,65,70.21320710288882
317,66,69.74673198104807
317,67,71.21154852971493
317,68,68.04906061038211
317,69,66.29137105318873
317,70,68.87246557010138
317,71,66.31150620511652
317,72,64.55643725270012
317,73,67.5916117772323
317,74,66.88486937826659
317,75,63.17332773741578
317,76,60.44855314448893
317,77,56.715298295555144
317,78,53.596566608248814
317,79,52.28686990301971
317,80,54.60540216119122
317,81,52.95239231955992
317,82,54.80667026461211
317,83,54.28496674909302
317,84,54.75906469960043
317,85,57.393442801523044
317,86,59.64311127293083
317,87,63.152544246274445
317,88,66.44921745722723
317,89,69.54688639237142
317,90,72.2604117922499
317,91,74.31242000020508
317,92,72.60715735241125
317,93,71.60002864003528
317,94,69.969852180097
317,95,68.3734387609584
317,96,68.39080299249858
317,97,65.19387422144598
317,98,63.728025579226724
317,99,60.26740024627027
317,100,61.71119228027802
317,101,63.69517508394371
317,102,60.68133642255333
317,103,58.564036964186776
317,104,61.04632393850189
317,105,61.84943960249573
317,106,58.18135517580862
317,107,57.53096832786256
317,108,60.53419441958076
317,109,59.06110865518474
317,110,62.38871013795827
317,111,65.24178222967612
317,112,67.7240307356888
317,113,71.15115737138578
317,114,74.43560649366901
317,115,77.64013672008366
317,116,80.39364213894717
317,117,84.1262108307056
317,118,84.61617654844954
317,119,88.26115596809234
317,120,88.82848804950694
317,121,92.60366690090672
317,122,94.21515554294601
317,123,91.2417649709293
317,124,89.87524592227811
317,125,86.51569391626839
317,126,83.69253698970016
317,127,83.72399374755042
317,128,81.68608558475748
317,129,80.45054573808368
317,130,79.74442163618338
317,131,76.42633960630516
317,132,75.407736911531
317,133,76.59148394426981
317,134,76.20298115234662
317,135,77.25380004007272
317,136,79.82834738323817
317,137,81.60362299552705
317,138,80.75299966207855
317,139,78.88120855788279
317,140,77.07691501315438
317,141,74.32285812521452
317,142,74.68790260089743
317,143,74.33614411271233
317,144,76.63311294932197
317,145,80.41773168228526
317,146,82.02020716624503
317,147,85.50827144423583
317,148,88.2651572476252
317,149,92.02668115296069
317,150,94.31947488230462
317,151,97.86604021912257
317,152,98.22387121840097
317,153,96.70298939087775
317,154,93.3110311459285
317,155,94.02588629886077
317,156,92.08184853441048
317,157,89.75421765558504
317,158,89.12595058329781
317,159,87.21330040728311
317,160,85.40829860965442
317,161,82.69276572004735
317,162,81.87995643818073
317,163,78.63555007352046
317,164,79.74874932230425
317,165,76.35217842851668
317,166,73.67104172449498
317,167,71.05620166787445
317,168,70.61528645221922
317,169,71.95190895129882
317,170,70.52405340516837
317,171,73.19089011948346
317,172,72.55324512067352
317,173,75.50927253785248
317,174,76.27597592977459
317,175,78.71675917268247
317,176,80.03423326582545
317,177,80.32969717728231
317,178,82.91973013091425
317,179,83.1773831132926
317,180,86.96007538643308
317,181,89.86232097971428
317,182,91.40177353770449
317,183,88.28346182518604
317,184,88.3994041239015
317,185,92.07418019095871
317,186,92.05987893852948
317,187,89.39619711000122
317,188,90.06076304422699
317,189,93.45004619298392
317,190,92.86200924777549
317,191,92.15909104916479
317,192,89.2788257109137
317,193,87.3849524431781
317,194,85.44352877932339
317,195,82.94998741254862
317,196,82.52678659187687
317,197,80.28186868075639
317,198,80.36527640475555
317,199,79.50054301548636
317,200,80.60469578498184
317,201,77.54733746119832
317,202,77.09285221367493
317,203,79.14757796781501
317,204,77.9659810234201
317,205,80.68728907541042
317,206,80.13075343759225
317,207,82.59038177292635
317,208,81.94985707897133
317,209,81.45725236090901
317,210,83.71049003703192
317,211,81.83100619427215
317,212,80.97786721915398
317,213,77.22123349090246
317,214,75.00979225857421
317,215,75.22573382728176
317,216,72.71834682657264
317,217,73.41106081264245
317,218,76.97419331433132
317,219,77.83161352492982
317,220,78.40701779780117
317,221,78.93304067936852
317,222,76.3071568183336
317,223,75.65834369988025
317,224,73.98186594462743
317,225,72.17081752222147
317,226,72.30681539139385
317,227,71.36767229847379
317,228,72.78574456228003
317,229,71.5733355120683
317,230,74.38655628480679
317,231,73.56383434904146
317,232,75.40865866951324
317,233,78.99602454381846
317,234,79.07723327796796
317,235,80.96422267476233
317,236,80.30026200160772
317,237,83.18777162351803
317,238,83.37536885838225
317,239,86.06571359492051
317,240,86.7008873333917
317,241,89.58167722667002
317,242,87.5363363126423
317,243,84.12893050197857
317,244,82.59487707313767
317,245,79.85556906115143
317,246,80.22759182512044
317,247,77.75478299190182
317,248,78.45708650242422
317,249,76.72782276968499
317,250,73.64839786289583
317,251,69.94235843755445
317,252,68.31776306442745
317,253,65.81187919626777
317,254,62.82951969295654
317,255,59.78784860435441
317,256,56.43788423402176
317,257,53.09415317641242
317,258,54.456497178694704
317,259,53.354006006968426
317,260,53.34282421974027
317,261,50.71831925964061
317,262,51.00455272253507
317,263,48.89748597156716
317,264,49.278652401815556
317,265,46.76458624771369
317,266,48.25984171943123
317,267,48.60288016373439
317,268,46.943055137871525
317,269,47.315826018791455
317,270,44.234031273069256
317,271,43.357402389277894
317,272,41.53975922611211
317,273,42.255493298901726
317,274,41.26033624284803
317,275,43.195758487582935
317,276,42.58277242170544
317,277,44.71333901562993
317,278,41.83232416757827
317,279,42.18174977240967
317,280,40.747694510947504
317,281,37.1847978999276
317,282,35.327531289867416
317,283,34.84450860691825
317,284,31.655561763556566
317,285,30.033369793714066
317,286,31.506970240747854
317,287,31.823231718872155
317,288,33.23111520689429
317,289,33.72367502517333
317,290,36.311725605296516
317,291,39.604959620062
317,292,41.11714851122686
317,293,44.06001723842639
317,294,43.343837074460914
317,295,45.36475842856199
317,296,44.477652963198935
317,297,41.46369449427747
317,298,38.94317036186447
317,299,35.71211885382859
317,300,36.40703792704697
317,301,36.56423250647919
317,302,34.16182316088975
317,303,33.65308909141159
317,304,29.872552297788157
317,305,28.811545201719458
317,306,25.37059184704725
317,307,23.97059026856458
317,308,20.57708926118825
317,309,20.498175472146347
317,310,17.163130441166338
317,311,17.22111282894957
317,312,14.01865251290845
317,313,12.05123318604955
317,314,9.649737066096383
317,315,6.275529780288469
317,316,3.818366772931345
317,318,3.81922669804022
318,1,27.845607391169175
318,2,29.324367431248454
318,3,26.14070392593282
318,4,22.972108376325338
318,5,19.539082345593123
318,6,18.446815324384286
318,7,15.08745577904966
318,8,14.77320158199653
318,9,11.803303788785314
318,10,11.412816722843903
318,11,10.159595725793247
318,12,8.082111460279068
318,13,9.221029563570553
318,14,8.683069745845147
318,15,11.62126338978364
318,16,12.912247494348486
318,17,16.260043137251397
318,18,17.877626626212926
318,19,20.412914247612125
318,20,22.87590847549769
318,21,23.909608306016942
318,22,26.753128342713783
318,23,25.02223461640341
318,24,22.39049396905229
318,25,23.202629338012642
318,26,19.702030000656315
318,27,16.79820008003764
318,28,13.939238535822488
318,29,14.350844312867473
318,30,13.458438197070457
318,31,17.070000532794698
318,32,20.447221769575926
318,33,24.071708719252836
318,34,26.812214099229358
318,35,29.78480571453869
318,36,32.15836918689639
318,37,34.2416166086299
318,38,34.855235077980936
318,39,36.29257185053465
318,40,39.5284125882212
318,41,41.27086962507098
318,42,44.236100636657966
318,43,46.63560205491011
318,44,48.38134507540138
318,45,48.33555273938269
318,46,51.8311974049665
318,47,50.725892111575575
318,48,50.96170425622492
318,49,52.91963242072371
318,50,56.211424586859685
318,51,55.755162079949265
318,52,58.99634288138712
318,53,58.62007968700216
318,54,61.23362563283819
318,55,61.14535404876124
318,56,63.915180512875395
318,57,64.94457820644894
318,58,64.09435364558082
318,59,64.58540987660284
318,60,67.65437543630067
318,61,69.15726485457864
318,62,68.77687167563809
318,63,70.25591657163132
318,64,73.3173893203617
318,65,73.71901405136487
318,66,73.22517137136484
318,67,74.60819906915151
318,68,71.3977740336992
318,69,69.69361324394971
318,70,72.2450464337086
318,71,69.62081902208092
318,72,67.9470749737853
318,73,71.00380803037459
318,74,70.30186260375555
318,75,66.57462279196005
318,76,63.87607954345153
318,77,60.16131377522432
318,78,57.07539923954718
318,79,55.804901374846075
318,80,58.12887299971853
318,81,56.45230233223392
318,82,58.327964014540534
318,83,57.73644966803378
318,84,58.20944935072485
318,85,60.76195248349102
318,86,63.07977410808514
318,87,66.60260178665119
318,88,69.93684863345956
318,89,72.98324956105157
318,90,75.74751858218477
318,91,77.8550693248917
318,92,76.1837582743908
318,93,75.23525046467824
318,94,73.65406922876116
318,95,72.09212031336453
318,96,72.14936385628896
318,97,68.96779193263357
318,98,67.4660698733625
318,99,64.02117482894072
318,100,65.47914561810896
318,101,67.42697841131003
318,102,64.38511704268795
318,103,62.29182075068924
318,104,64.758325907852
318,105,65.50993696625144
318,106,61.826025480700174
318,107,61.18917582650084
318,108,64.1489372397878
318,109,62.615343948487116
318,110,65.90641001962666
318,111,68.76062042630508
318,112,71.20589270720296
318,113,74.65930464196401
318,114,77.93509968362137
318,115,81.14768953989893
318,116,83.93659921384693
318,117,87.67164677945951
318,118,88.2130408724947
318,119,91.86099765645056
318,120,92.45235253631837
318,121,96.23051822997994
318,122,97.84323703636407
318,123,94.8574467736906
318,124,93.44477471679329
318,125,90.07095825769161
318,126,87.21132733494164
318,127,87.2564497780133
318,128,85.17601130227015
318,129,83.92280005323002
318,130,83.1503792839046
318,131,79.86328837420339
318,132,78.84766050032275
318,133,79.95487158294806
318,134,79.53946737422964
318,135,80.50030078045769
318,136,83.0510907901308
318,137,84.90675322659449
318,138,84.1370984151539
318,139,82.31018466252216
318,140,80.57248603934886
318,141,77.84919451065204
318,142,78.17933889570172
318,143,77.88621629446489
318,144,80.22340967042268
318,145,84.00359523586349
318,146,85.61747525745729
318,147,89.1254284310975
318,148,91.88013602802103
318,149,95.64743992421691
318,150,97.91517761281499
318,151,101.45764148216955
318,152,101.84511713117104
318,153,100.35946441035401
318,154,96.9831014260794
318,155,97.72246294278841
318,156,95.80599716458558
318,157,93.4600683154926
318,158,92.84042650873361
318,159,90.89864426493176
318,160,89.08835597018862
318,161,86.34009303385508
318,162,85.5185633778934
318,163,82.25258201741238
318,164,83.31550794970325
318,165,79.88895472507953
318,166,77.2015603303934
318,167,74.62363371455552
318,168,74.24353830720176
318,169,75.58635171972018
318,170,74.1878456829935
318,171,76.86348867324261
318,172,76.22735035385685
318,173,79.19529854599999
318,174,79.97108909033975
318,175,82.42172267617417
318,176,83.70632500074701
318,177,84.00578307901245
318,178,86.56153765899845
318,179,86.79278630133196
318,180,90.57531522855628
318,181,93.50783608999137
318,182,95.01106383608108
318,183,91.886629833513
318,184,92.0514617388816
318,185,95.72450080168582
318,186,95.66563562016054
318,187,93.01478027605407
318,188,93.72391777226511
318,189,97.11920304715044
318,190,96.56923016750056
318,191,95.86819022537598
318,192,93.01094840646809
318,193,91.1189256500007
318,194,89.19874361415752
318,195,86.69998831687725
318,196,86.29308568494285
318,197,84.03462474378145
318,198,84.12495405829841
318,199,83.24408373394684
318,200,84.34975375772959
318,201,81.3094654609543
318,202,80.87330370189353
318,203,82.9362422584548
318,204,81.75287385874336
318,205,84.47565626726784
318,206,83.90485063902355
318,207,86.35493707552708
318,208,85.68237705015778
318,209,85.17232142524587
318,210,87.39171098855772
318,211,85.48315867654578
318,212,84.57813376404779
318,213,80.81812898508701
318,214,78.55277699375331
318,215,78.72287775699347
318,216,76.21750225727294
318,217,76.8525763139305
318,218,80.40828907803647
318,219,81.33998014449217
318,220,81.96360848453212
318,221,82.53520643105963
318,222,79.94282037717339
318,223,79.31927503453412
318,224,77.68721277565547
318,225,75.87710123360034
318,226,76.04321384336752
318,227,75.09754110206586
318,228,76.51912988769914
318,229,75.28676151769703
318,230,78.07860234510258
318,231,77.23405881351437
318,232,79.02999214921101
318,233,82.62763880904562
318,234,82.75663484265408
318,235,84.65106392446107
318,236,84.00183814507393
318,237,86.90977561273547
318,238,87.0974634537461
318,239,89.80584061665836
318,240,90.43479254852073
318,241,93.31077647286267
318,242,91.24265752072404
318,243,87.82108415684988
318,244,86.28624466210873
318,245,83.51489548535987
318,246,83.88135957497282
318,247,81.38777719279943
318,248,82.03481208845591
318,249,80.31030398826293
318,250,77.24903689928284
318,251,73.5295078055743
318,252,71.87964444219271
318,253,69.41606897541415
318,254,66.40450689911495
318,255,63.383571498801416
318,256,59.9996748961256
318,257,56.66128204441157
318,258,58.03536698154492
318,259,56.98885517084439
318,260,56.97116035081949
318,261,54.33577530090367
318,262,54.59471297349858
318,263,52.402508796238884
318,264,52.66991974371983
318,265,50.09644812474207
318,266,51.47326623391758
318,267,51.80188036421842
318,268,50.0094371083029
318,269,50.28594625496609
318,270,47.244369327016315
318,271,46.45935005168889
318,272,44.802930165526504
318,273,45.631945272561424
318,274,44.75430819943633
318,275,46.710523058285084
318,276,46.16036782260213
318,277,48.265065773208136
318,278,45.31168690643822
318,279,45.59126527433807
318,280,44.143993286995915
318,281,40.61915179851593
318,282,38.705766209352014
318,283,38.3036830778881
318,284,35.03473569526012
318,285,33.583578869111605
318,286,35.149469245179816
318,287,35.55538138069355
318,288,36.945823745495325
318,289,37.44108850904007
318,290,39.95089174671646
318,291,43.2948608728083
318,292,44.873627488807024
318,293,47.77847489494467
318,294,47.01830191229975
318,295,48.98357320894751
318,296,48.02946053390136
318,297,44.99253960477541
318,298,42.548251305423946
318,299,39.37418372704292
318,300,40.15457294519744
318,301,40.34590282403879
318,302,37.970652221445214
318,303,37.44072886395345
318,304,33.65431803769478
318,305,32.522180399026695
318,306,29.11313516139648
318,307,27.773067427402378
318,308,24.357339276609316
318,309,24.19786397435317
318,310,20.78313856895313
318,311,20.547437955135557
318,312,17.173845226723266
318,313,15.103130823437326
318,314,12.964331979550474
318,315,9.849546153326155
318,316,6.8937620959267845
318,317,3.81922669804022
