1,2,3.8874223150136986
1,3,6.935938095917015
1,4,7.04531657511346
1,5,7.564814136795993
1,6,7.338711332977176
1,7,9.383774574180816
1,8,12.517382379638082
1,9,14.630997031622666
1,10,12.588802480734087
1,11,10.16971185018774
1,12,7.447338134945
1,13,9.049341696386161
1,14,9.850925239739505
1,15,13.173985626331087
1,16,15.084697224371448
1,17,17.729951689361933
1,18,16.72100601283797
1,19,14.21622215807212
1,20,11.434429142306612
1,21,8.624429333179599
1,22,10.672986921879055
1,23,11.201499356974606
1,24,13.582590452025983
1,25,15.915299276501539
1,26,17.985954402469524
1,27,21.78796382060533
1,28,23.159249769760226
1,29,20.096033591839454
1,30,19.697449320828124
1,31,17.89950500044937
1,32,15.25806088702546
1,33,12.808128063922442
1,34,15.171149812179625
1,35,16.724265056559894
1,36,20.340877022437716
1,37,22.6830945422941
1,38,24.971243304320765
1,39,28.405980129606654
1,40,29.824452605115283
2,1,3.8874223150136986
2,3,3.880959108849571
2,4,5.6005117966532945
2,5,7.5958513901729345
2,6,9.157500378173129
2,7,11.5794383723854
2,8,14.015809030468642
2,9,16.34255325046683
2,10,14.754975566966712
2,11,12.608712945175059
2,12,10.673879080740587
2,13,12.633167207297447
2,14,13.59971429621789
2,15,17.01846044728545
2,16,18.734487567793778
2,17,21.526437861185627
2,18,20.478371141309278
2,19,17.796259113309667
2,20,15.075409979052543
2,21,12.47296755949748
2,22,14.429555966425072
2,23,14.526108612921739
2,24,16.678561988686614
2,25,18.6171828564278
2,26,20.21835143599609
2,27,24.011915180383216
2,28,25.302915533877535
2,29,22.3609817090019
2,30,22.371977587401908
2,31,20.714649488063646
2,32,18.35036429624628
2,33,15.468366348125503
2,34,17.640186725609585
2,35,18.66321897996167
2,36,22.334742563202127
2,37,24.535830876712232
2,38,27.19880295619242
2,39,30.408459997316445
2,40,32.146032503407035
3,1,6.935938095917015
3,2,3.880959108849571
3,4,3.849829451776182
3,5,6.0726594518435615
3,6,9.092457534684055
3,7,11.532305420323702
3,8,13.044387400365807
3,9,15.642958738129739
3,10,14.870493438049479
3,11,13.55034215297842
3,12,12.41194667649092
3,13,15.155882531662579
3,14,16.65102212220013
3,15,19.89225697370739
3,16,22.00700029330006
3,17,24.515818260116948
3,18,23.213373260629968
3,19,20.85066360160869
3,20,17.766069821932987
3,21,15.036253154957574
3,22,16.385535784153817
3,23,15.769085678941144
3,24,17.834394957755762
3,25,19.05246406842971
3,26,20.283294843292918
3,27,23.910962205683674
3,28,24.83445872498464
3,29,21.960500684196642
3,30,22.34408720137684
3,31,20.855330766819247
3,32,18.977118959546186
3,33,15.630337018437926
3,34,17.49911246094267
3,35,17.83228652148068
3,36,21.450895620313275
3,37,23.513391233978705
3,38,26.551714499766
3,39,29.4625298791503
3,40,31.5897887362361
4,1,7.04531657511346
4,2,5.6005117966532945
4,3,3.849829451776182
4,5,3.857167807021701
4,6,6.686411708191998
4,7,9.972048888091802
4,8,11.644460430252149
4,9,14.870577846742997
4,10,14.545275588253515
4,11,13.762271079530535
4,12,12.148131893430802
4,13,14.990969441749703
4,14,16.163833720796003
4,15,18.94235538622884
4,16,21.220478795676513
4,17,23.31321368646964
4,18,21.46996519107529
4,19,19.35463233721725
4,20,15.971837198648679
4,21,13.639520213046413
4,22,14.953710031794403
4,23,14.588029209923501
4,24,17.263743258426377
4,25,18.291087777242044
4,26,20.04197687526116
4,27,23.543398036881847
4,28,23.997404305379117
4,29,20.762934153996316
4,30,20.6474543907658
4,31,18.66886707017829
4,32,16.60905462688809
4,33,13.392114186824838
4,34,15.787046488529896
4,35,15.719422507554585
4,36,19.474910799673342
4,37,21.983294877525978
4,38,24.993772307051362
4,39,27.961320640762878
4,40,30.19028972272278
5,1,7.564814136795993
5,2,7.5958513901729345
5,3,6.0726594518435615
5,4,3.857167807021701
5,6,3.8401919807381453
5,7,6.475043361982441
5,8,7.792198216893456
5,9,11.105731639613209
5,10,11.143594650024765
5,11,11.046888584327268
5,12,9.999458869117648
5,13,13.38670336935402
5,14,15.191144897738337
5,15,17.65888432306045
5,16,20.497355902186577
5,17,22.180870034649747
5,18,20.39630678759611
5,19,18.891202581980572
5,20,15.270128828324141
5,21,12.501248997496427
5,22,12.843089181050884
5,23,11.729754654232677
5,24,14.253460305584426
5,25,14.811579083347874
5,26,16.516386800592464
5,27,19.895705734609223
5,28,20.188570249941524
5,29,16.94958087523867
5,30,16.97107959054039
5,31,15.230913549307212
5,32,13.59562722880564
5,33,10.07680589016572
5,34,12.109652980642828
5,35,12.007371527156161
5,36,15.725087500744694
5,37,18.148747246191608
5,38,21.166680089129553
5,39,24.127821885048856
5,40,26.352711702570655
6,1,7.338711332977176
6,2,9.157500378173129
6,3,9.092457534684055
6,4,6.686411708191998
6,5,3.8401919807381453
6,7,3.899265578832348
6,8,6.60059826912642
6,9,9.833273287182058
6,10,9.481760985765717
6,11,9.434511177381923
6,12,7.73480064442012
6,13,10.881714285113386
6,14,12.490355940070199
6,15,14.457130031039883
6,16,17.515275806411076
6,17,18.814270160874
6,18,16.899340347190336
6,19,15.790262502192146
6,20,12.061043363531223
6,21,9.339411813443297
6,22,9.313864036956021
6,23,8.484929491177056
6,24,11.539699061508346
6,25,12.363130176286631
6,26,14.767803596133122
6,27,18.118754379449687
6,28,18.393915541635653
6,29,14.88136745876822
6,30,14.240063986448577
6,31,12.096034399141
6,32,9.997238597517114
6,33,6.764899988511586
6,34,9.456761163259037
6,35,9.97011099950682
6,36,13.767829752526744
6,37,16.53740615772121
6,38,19.107551276386147
6,39,22.387998670507613
6,40,24.26713500548794
7,1,9.383774574180816
7,2,11.5794383723854
7,3,11.532305420323702
7,4,9.972048888091802
7,5,6.475043361982441
7,6,3.899265578832348
7,8,3.7443247868389213
7,9,6.201583648622149
7,10,5.795564447653922
7,11,6.683922322194885
7,12,6.233786393447854
7,13,9.749614017522292
7,14,12.235332762648843
7,15,13.856191736082119
7,16,17.393419076405955
7,17,18.336425325751737
7,18,16.884324414933996
7,19,16.44183869946161
7,20,12.890183920889399
7,21,9.697477857113293
7,22,8.169487644849504
7,23,5.847026014318334
7,24,8.269785228770225
7,25,8.56472310218021
7,26,10.898497612802197
7,27,14.221612198064836
7,28,14.620172976262623
7,29,11.208695136485154
7,30,10.913502494525332
7,31,9.467967146994262
7,32,8.165011089467782
7,33,4.58581555921618
7,34,6.090715680413743
7,35,7.4520916815142115
7,36,10.97652187610409
7,37,13.363437793473759
7,38,15.774632126133625
7,39,19.136786006040936
7,40,20.813650310494836
8,1,12.517382379638082
8,2,14.015809030468642
8,3,13.044387400365807
8,4,11.644460430252149
8,5,7.792198216893456
8,6,6.60059826912642
8,7,3.7443247868389213
8,9,3.812549099454637
8,10,5.747352097963295
8,11,8.283021168039578
8,12,9.286680832309166
8,13,12.899888354781137
8,14,15.7203482782941
8,15,17.157834518439213
8,16,20.83361625374837
8,17,21.524165148399888
8,18,20.10052085449718
8,19,19.990425182490643
8,20,16.446458813674713
8,21,13.344447416750961
8,22,11.35513973536534
8,23,8.33512470213012
8,24,9.670288878595953
8,25,8.438328148468717
8,26,9.836228708609674
8,27,12.671638461047525
8,28,12.477547772510826
8,29,9.252965192142431
8,30,9.86604575857437
8,31,9.27336471016168
8,32,9.440558896363315
8,33,5.790896140574108
8,34,5.3310515427276055
8,35,5.3738101408605505
8,36,8.60263046730695
8,37,10.565226940124766
8,38,13.521880336422651
8,39,16.50840325281406
8,40,18.632840169555184
9,1,14.630997031622666
9,2,16.34255325046683
9,3,15.642958738129739
9,4,14.870577846742997
9,5,11.105731639613209
9,6,9.833273287182058
9,7,6.201583648622149
9,8,3.812549099454637
9,10,3.7475685108042724
9,11,7.3851343868196
9,12,9.718997647891838
9,13,12.986135226595218
9,14,16.27383606599252
9,15,17.480536643943154
9,16,21.284088138064472
9,17,21.791945536951648
9,18,20.930719253219515
9,19,21.197553026232494
9,20,17.98436572613946
9,21,14.688942921283788
9,22,12.021657007110154
9,23,8.331042072546593
9,24,8.063553548689438
9,25,5.8283367321315565
9,26,6.227562627175563
9,27,8.995916790779075
9,28,9.214144017207971
9,29,6.534251885516519
9,30,8.280200332492582
9,31,9.168293866819187
9,32,10.293007460580112
9,33,7.470764409299678
9,34,4.99161646669334
9,35,6.260819149362919
9,36,8.04130507836181
9,37,8.797729011474882
9,38,11.401320575391898
9,39,14.370248878627088
9,40,16.123266170582397
10,1,12.588802480734087
10,2,14.754975566966712
10,3,14.870493438049479
10,4,14.545275588253515
10,5,11.143594650024765
10,6,9.481760985765717
10,7,5.795564447653922
10,8,5.747352097963295
10,9,3.7475685108042724
10,11,3.782869563606859
10,12,6.614801540423829
10,13,9.620139041900734
10,14,13.15055819892696
10,15,14.594071052892094
10,16,18.29503372921917
10,17,19.11393385003344
10,18,18.72443557231016
10,19,18.768296774577692
10,20,15.853620436053145
10,21,12.29492130367479
10,22,9.703278064278614
10,23,6.016004522307885
10,24,5.133585840507491
10,25,4.541478479664687
10,26,5.577577722808881
10,27,9.298451160355024
10,28,10.786989352599619
10,29,8.38013625027925
10,30,9.51455496172248
10,31,10.130488645852878
10,32,10.28761984270848
10,33,7.823871258592411
10,34,6.220078999421092
10,35,8.904716730286319
10,36,10.933602415915523
10,37,11.802794810869054
10,38,13.694246428189192
10,39,16.952873051472892
10,40,18.055508762703464
11,1,10.16971185018774
11,2,12.608712945175059
11,3,13.55034215297842
11,4,13.762271079530535
11,5,11.046888584327268
11,6,9.434511177381923
11,7,6.683922322194885
11,8,8.283021168039578
11,9,7.3851343868196
11,10,3.782869563606859
11,12,3.8218100252874367
11,13,6.5851787349285615
11,14,10.328676465229815
11,15,12.413588778657097
11,16,15.80017294982722
11,17,17.2291744736354
11,18,17.248300734906284
11,19,16.734036608084768
11,20,14.128370386306155
11,21,10.334030537880354
11,22,8.49639498948797
11,23,5.748736822571499
11,24,5.076011844878243
11,25,6.903163295007604
11,26,8.157416367427995
11,27,11.99917558851273
11,28,14.101191895796978
11,29,11.866665282741913
11,30,12.498835617156
11,31,12.574433299802081
11,32,11.708045468580478
11,33,9.49304191457814
11,34,9.11624336764474
11,35,12.024954436154413
11,36,14.424996929034684
11,37,15.523685646607804
11,38,17.192827111102872
11,39,20.554677498897888
11,40,21.37120864052051
12,1,7.447338134945
12,2,10.673879080740587
12,3,12.41194667649092
12,4,12.148131893430802
12,5,9.999458869117648
12,6,7.73480064442012
12,7,6.233786393447854
12,8,9.286680832309166
12,9,9.718997647891838
12,10,6.614801540423829
12,11,3.8218100252874367
12,13,3.8737074185774607
12,14,7.107156435304783
12,15,9.558043079637716
12,16,12.811271464554785
12,17,14.523774972545043
12,18,14.213804018483025
12,19,13.255855429186967
12,20,10.545997377974054
12,21,6.689518839390873
12,22,5.7760147008214435
12,23,4.704203099791174
12,24,6.196331519146958
12,25,8.979437380389472
12,26,11.28684375740064
12,27,15.017760914690655
12,28,16.77758002629763
12,29,14.007531360466718
12,30,13.667378833024745
12,31,12.685794695546821
12,32,10.694215134182949
12,33,8.80092823335951
12,34,9.917117271481606
12,35,12.752440145739047
12,36,15.6664177340826
12,37,17.501343232925528
12,38,19.107936439376626
12,39,22.698674240756283
12,40,23.516292389493938
13,1,9.049341696386161
13,2,12.633167207297447
13,3,15.155882531662579
13,4,14.990969441749703
13,5,13.38670336935402
13,6,10.881714285113386
13,7,9.749614017522292
13,8,12.899888354781137
13,9,12.986135226595218
13,10,9.620139041900734
13,11,6.5851787349285615
13,12,3.8737074185774607
13,14,3.821409010760893
13,15,6.379675950224182
13,16,9.346360492280544
13,17,11.339869112366518
13,18,11.78379635475788
13,19,10.762365058194199
13,20,8.991338796670512
13,21,5.593917536892844
13,22,5.2901643668307745
13,23,6.163833016464814
13,24,7.079792107257683
13,25,10.701780659218379
13,26,13.17819852417638
13,27,16.646461756137388
13,28,18.74810929749729
13,29,16.205223714262413
13,30,15.410244911807968
13,31,14.369455228848146
13,32,12.011319428258394
13,33,11.24695402689911
13,34,12.461795072837074
13,35,15.663057960039465
13,36,18.287662370257273
13,37,20.095011862796962
13,38,21.132717343281644
13,39,24.838657689990594
13,40,25.14094872814664
14,1,9.850925239739505
14,2,13.59971429621789
14,3,16.65102212220013
14,4,16.163833720796003
14,5,15.191144897738337
14,6,12.490355940070199
14,7,12.235332762648843
14,8,15.7203482782941
14,9,16.27383606599252
14,10,13.15055819892696
14,11,10.328676465229815
14,12,7.107156435304783
14,13,3.821409010760893
14,15,3.776203520344044
14,16,5.893082316881962
14,17,8.475609977408478
14,18,8.951932294124628
14,19,7.282704731866946
14,20,6.363520067501512
14,21,4.286873086893629
14,22,5.916944244562073
14,23,8.617369956138756
14,24,10.19084900591838
14,25,13.812248692359468
14,26,16.635374644731023
14,27,19.925062593076525
14,28,21.83879943537716
14,29,19.117641981477515
14,30,17.731084836865897
14,31,16.11372326861031
14,32,13.147761432696695
14,33,13.075685034153398
14,34,14.972784836922461
14,35,18.010805930223732
14,36,20.723750987168355
14,37,22.885904809808935
14,38,23.730854346390206
14,39,27.526507627977875
14,40,27.701755350344904
15,1,13.173985626331087
15,2,17.01846044728545
15,3,19.89225697370739
15,4,18.94235538622884
15,5,17.65888432306045
15,6,14.457130031039883
15,7,13.856191736082119
15,8,17.157834518439213
15,9,17.480536643943154
15,10,14.594071052892094
15,11,12.413588778657097
15,12,9.558043079637716
15,13,6.379675950224182
15,14,3.776203520344044
15,16,3.9043357297820145
15,17,5.01190964988039
15,18,5.844019461780874
15,19,5.656750380807592
15,20,5.804290713401224
15,21,5.505221248644423
15,22,5.969982168584044
15,23,9.218923048846435
15,24,10.655669353734526
15,25,14.089435687828894
15,26,17.233266711769385
15,27,20.057955204831607
15,28,21.758259177452075
15,29,19.08743360566453
15,30,17.126849498225944
15,31,15.391676633099179
15,32,12.412192697119556
15,33,13.441767850737879
15,34,15.24246546311823
15,35,18.38285930602739
15,36,20.674269106031616
15,37,22.887104101714765
15,38,23.18617954809128
15,39,27.00938221174454
15,40,26.811359618520545
16,1,15.084697224371448
16,2,18.734487567793778
16,3,22.00700029330006
16,4,21.220478795676513
16,5,20.497355902186577
16,6,17.515275806411076
16,7,17.393419076405955
16,8,20.83361625374837
16,9,21.284088138064472
16,10,18.29503372921917
16,11,15.80017294982722
16,12,12.811271464554785
16,13,9.346360492280544
16,14,5.893082316881962
16,15,3.9043357297820145
16,17,3.834267343759379
16,18,5.906687737483673
16,19,4.742870376306851
16,20,7.147669854688955
16,21,8.213575575682116
16,22,9.714776938209878
16,23,13.070951420289628
16,24,14.400810768638369
16,25,17.915523179567202
16,26,20.936616176410656
16,27,23.72888748907374
16,28,25.555364616342228
16,29,22.964877769974674
16,30,20.946461351975646
16,31,19.12218720527921
16,32,16.015004896529934
16,33,17.134604536181524
16,34,19.116449502066697
16,35,22.176403464947683
16,36,24.517010732615656
16,37,26.77494485534079
16,38,26.989068102210517
16,39,30.804696804637654
16,40,30.46840187005044
17,1,17.729951689361933
17,2,21.526437861185627
17,3,24.515818260116948
17,4,23.31321368646964
17,5,22.180870034649747
17,6,18.814270160874
17,7,18.336425325751737
17,8,21.524165148399888
17,9,21.791945536951648
17,10,19.11393385003344
17,11,17.2291744736354
17,12,14.523774972545043
17,13,11.339869112366518
17,14,8.475609977408478
17,15,5.01190964988039
17,16,3.834267343759379
17,18,3.913109120603617
17,19,5.590681274802079
17,20,8.050932173827043
17,21,9.733500932643592
17,22,10.194233672471812
17,23,13.505650197519637
17,24,14.735775843869762
17,25,17.86586679085567
17,26,21.080247399348416
17,27,23.41665102227735
17,28,24.936495455074255
17,29,22.41427082391253
17,30,19.95820191337241
17,31,18.094330197611157
17,32,15.174771780941125
17,33,17.111913490435427
17,34,18.91550134405768
17,35,21.939496195926104
17,36,23.851703778541463
17,37,26.11239904665962
17,38,25.865152713762516
17,39,29.624363125933044
17,40,29.000354595050652
18,1,16.72100601283797
18,2,20.478371141309278
18,3,23.213373260629968
18,4,21.46996519107529
18,5,20.39630678759611
18,6,16.899340347190336
18,7,16.884324414933996
18,8,20.10052085449718
18,9,20.930719253219515
18,10,18.72443557231016
18,11,17.248300734906284
18,12,14.213804018483025
18,13,11.78379635475788
18,14,8.951932294124628
18,15,5.844019461780874
18,16,5.906687737483673
18,17,3.913109120603617
18,19,3.9010340503042524
18,20,5.633474783995489
18,21,8.375298025820962
18,22,9.138727391889223
18,23,12.763543665409323
18,24,14.871772906042573
18,25,17.660980261234744
18,26,21.206790333094126
18,27,23.61605814255442
18,28,24.61873863652499
18,29,21.681315919119967
18,30,18.88968543751231
18,31,16.403390394813048
18,32,13.115055371016542
18,33,15.208488108947737
18,34,17.563993812754568
18,35,20.132173483503177
18,36,22.233132045123334
18,37,24.906179746536317
18,38,24.89253686129018
18,39,28.657866163761415
18,40,28.400304554508203
19,1,14.21622215807212
19,2,17.796259113309667
19,3,20.85066360160869
19,4,19.35463233721725
19,5,18.891202581980572
19,6,15.790262502192146
19,7,16.44183869946161
19,8,19.990425182490643
19,9,21.197553026232494
19,10,18.768296774577692
19,11,16.734036608084768
19,12,13.255855429186967
19,13,10.762365058194199
19,14,7.282704731866946
19,15,5.656750380807592
19,16,4.742870376306851
19,17,5.590681274802079
19,18,3.9010340503042524
19,20,3.8262437140274326
19,21,6.931023333781727
19,22,9.265559698057658
19,23,13.089337416995503
19,24,15.499060432862429
19,25,18.630283352317104
19,26,22.053212646484663
19,27,24.920119549951444
19,28,26.14663587410956
19,29,23.069382828439384
19,30,20.644075514392487
19,31,18.078481884327694
19,32,14.513350420695772
19,33,15.732844791626084
19,34,18.454000724423366
19,35,20.94012497962536
19,36,23.547907076173573
19,37,26.315331133639855
19,38,26.796714805352362
19,39,30.617287634119037
19,40,30.682614207383576
20,1,11.434429142306612
20,2,15.075409979052543
20,3,17.766069821932987
20,4,15.971837198648679
20,5,15.270128828324141
20,6,12.061043363531223
20,7,12.890183920889399
20,8,16.446458813674713
20,9,17.98436572613946
20,10,15.853620436053145
20,11,14.128370386306155
20,12,10.545997377974054
20,13,8.991338796670512
20,14,6.363520067501512
20,15,5.804290713401224
20,16,7.147669854688955
20,17,8.050932173827043
20,18,5.633474783995489
20,19,3.8262437140274326
20,21,3.8658394855906084
20,22,6.526387025758331
20,23,10.260858910910633
20,24,13.251384700367119
20,25,16.1074346162173
20,26,19.603469730870383
20,27,22.61945987424094
20,28,23.59455852510309
20,29,20.285911201991038
20,30,17.96257089748594
20,31,15.199020238755018
20,32,11.500223403313353
20,33,12.264372545860843
20,34,15.266535286801405
20,35,17.50793284533592
20,36,20.357224186468457
20,37,23.270273801282112
20,38,24.112825051507457
20,39,27.915321028631226
20,40,28.35507334243103
21,1,8.624429333179599
21,2,12.47296755949748
21,3,15.036253154957574
21,4,13.639520213046413
21,5,12.501248997496427
21,6,9.339411813443297
21,7,9.697477857113293
21,8,13.344447416750961
21,9,14.688942921283788
21,10,12.29492130367479
21,11,10.334030537880354
21,12,6.689518839390873
21,13,5.593917536892844
21,14,4.286873086893629
21,15,5.505221248644423
21,16,8.213575575682116
21,17,9.733500932643592
21,18,8.375298025820962
21,19,6.931023333781727
21,20,3.8658394855906084
21,22,3.842599332533196
21,23,7.129184515782337
21,24,10.110385237620992
21,25,13.10150072803141
21,26,16.377068496281478
21,27,19.656424385936422
21,28,20.879165617532735
21,29,17.652720681905233
21,30,15.875806123892126
21,31,13.55016659141312
21,32,10.142087736542221
21,33,9.984606158593177
21,34,12.680080280291039
21,35,15.188763323202954
21,36,18.190892486664573
21,37,20.847247647406988
21,38,21.976227994149642
21,39,25.77344910487233
21,40,26.362687387892013
22,1,10.672986921879055
22,2,14.429555966425072
22,3,16.385535784153817
22,4,14.953710031794403
22,5,12.843089181050884
22,6,9.313864036956021
22,7,8.169487644849504
22,8,11.35513973536534
22,9,12.021657007110154
22,10,9.703278064278614
22,11,8.49639498948797
22,12,5.7760147008214435
22,13,5.2901643668307745
22,14,5.916944244562073
22,15,5.969982168584044
22,16,9.714776938209878
22,17,10.194233672471812
22,18,9.138727391889223
22,19,9.265559698057658
22,20,6.526387025758331
22,21,3.842599332533196
22,23,3.8374319214683004
22,24,6.813008591300591
22,25,9.598396028285324
22,26,13.082306070195346
22,27,16.12346056616507
22,28,17.265151366905943
22,29,14.118165600916226
22,30,12.256503194516833
22,31,10.259540242188347
22,32,7.247035948615967
22,33,7.529077959686569
22,34,9.552035090345575
22,35,12.517556253974766
22,36,15.10031957379046
22,37,17.538556866346052
22,38,18.381902758945113
22,39,22.204034908202075
22,40,22.616802171620535
23,1,11.201499356974606
23,2,14.526108612921739
23,3,15.769085678941144
23,4,14.588029209923501
23,5,11.729754654232677
23,6,8.484929491177056
23,7,5.847026014318334
23,8,8.33512470213012
23,9,8.331042072546593
23,10,6.016004522307885
23,11,5.748736822571499
23,12,4.704203099791174
23,13,6.163833016464814
23,14,8.617369956138756
23,15,9.218923048846435
23,16,13.070951420289628
23,17,13.505650197519637
23,18,12.763543665409323
23,19,13.089337416995503
23,20,10.260858910910633
23,21,7.129184515782337
23,22,3.8374319214683004
23,24,3.8006598682795008
23,25,6.022510715722653
23,26,9.432737273051593
23,27,12.625068318880988
23,28,13.789196169290975
23,29,10.689857008420859
23,30,9.495275767770732
23,31,8.306105045976329
23,32,6.479951442170657
23,33,5.636449397861527
23,34,6.435660221266158
23,35,9.784009654514206
23,36,12.222506640191353
23,37,14.277509843467989
23,38,15.367630877439682
23,39,19.12565538915333
23,40,19.728094751734076
24,1,13.582590452025983
24,2,16.678561988686614
24,3,17.834394957755762
24,4,17.263743258426377
24,5,14.253460305584426
24,6,11.539699061508346
24,7,8.269785228770225
24,8,9.670288878595953
24,9,8.063553548689438
24,10,5.133585840507491
24,11,5.076011844878243
24,12,6.196331519146958
24,13,7.079792107257683
24,14,10.19084900591838
24,15,10.655669353734526
24,16,14.400810768638369
24,17,14.735775843869762
24,18,14.871772906042573
24,19,15.499060432862429
24,20,13.251384700367119
24,21,10.110385237620992
24,22,6.813008591300591
24,23,3.8006598682795008
24,25,3.779517081312
24,26,6.608083337507939
24,27,9.772366929350504
24,28,11.746023575696716
24,29,9.47674091727189
24,30,9.153399961292433
24,31,9.491917604066348
24,32,8.98192247322726
24,33,8.401616606950085
24,34,7.393090610369932
24,35,11.088235291282103
24,36,12.659456147414655
24,37,13.758047371325377
24,38,14.406743864530942
24,39,18.03329585264168
24,40,18.179914932271956
25,1,15.915299276501539
25,2,18.6171828564278
25,3,19.05246406842971
25,4,18.291087777242044
25,5,14.811579083347874
25,6,12.363130176286631
25,7,8.56472310218021
25,8,8.438328148468717
25,9,5.8283367321315565
25,10,4.541478479664687
25,11,6.903163295007604
25,12,8.979437380389472
25,13,10.701780659218379
25,14,13.812248692359468
25,15,14.089435687828894
25,16,17.915523179567202
25,17,17.86586679085567
25,18,17.660980261234744
25,19,18.630283352317104
25,20,16.1074346162173
25,21,13.10150072803141
25,22,9.598396028285324
25,23,6.022510715722653
25,24,3.779517081312
25,26,3.7865713883457373
25,27,6.609864390103465
25,28,8.065165847142355
25,29,5.76952951487453
25,30,6.269794347070173
25,31,7.8158309035273446
25,32,8.847613944187273
25,33,8.059979292221765
25,34,5.4077113513660775
25,35,8.838196044922991
25,36,9.608845498232622
25,37,10.1605551963171
25,38,10.845617897758132
25,39,14.374403015094424
25,40,14.732081297976194
26,1,17.985954402469524
26,2,20.21835143599609
26,3,20.283294843292918
26,4,20.04197687526116
26,5,16.516386800592464
26,6,14.767803596133122
26,7,10.898497612802197
26,8,9.836228708609674
26,9,6.227562627175563
26,10,5.577577722808881
26,11,8.157416367427995
26,12,11.28684375740064
26,13,13.17819852417638
26,14,16.635374644731023
26,15,17.233266711769385
26,16,20.936616176410656
26,17,21.080247399348416
26,18,21.206790333094126
26,19,22.053212646484663
26,20,19.603469730870383
26,21,16.377068496281478
26,22,13.082306070195346
26,23,9.432737273051593
26,24,6.608083337507939
26,25,3.7865713883457373
26,27,3.8556921930971493
26,28,6.429045827052351
26,29,5.886211141923328
26,30,8.24955588553684
26,31,10.787950932095717
26,32,12.419317749374521
26,33,11.218011961867541
26,34,8.06008437994658
26,35,10.688351070763664
26,36,10.756062254797042
26,37,10.018163316354997
26,38,10.754193779829905
26,39,13.663006238494773
26,40,13.991043929056802
27,1,21.78796382060533
27,2,24.011915180383216
27,3,23.910962205683674
27,4,23.543398036881847
27,5,19.895705734609223
27,6,18.118754379449687
27,7,14.221612198064836
27,8,12.671638461047525
27,9,8.995916790779075
27,10,9.298451160355024
27,11,11.99917558851273
27,12,15.017760914690655
27,13,16.646461756137388
27,14,19.925062593076525
27,15,20.057955204831607
27,16,23.72888748907374
27,17,23.41665102227735
27,18,23.61605814255442
27,19,24.920119549951444
27,20,22.61945987424094
27,21,19.656424385936422
27,22,16.12346056616507
27,23,12.625068318880988
27,24,9.772366929350504
27,25,6.609864390103465
27,26,3.8556921930971493
27,28,3.795952904372629
27,29,5.655538133640313
27,30,8.49349460433233
27,31,11.922810443130029
27,32,14.380835697511973
27,33,13.771039511518225
27,34,10.183691453177948
27,35,12.232363810865555
27,36,11.031197980103023
27,37,9.17208165782509
27,38,8.866263934130545
27,39,11.168541976842947
27,40,10.92090844703298
28,1,23.159249769760226
28,2,25.302915533877535
28,3,24.83445872498464
28,4,23.997404305379117
28,5,20.188570249941524
28,6,18.393915541635653
28,7,14.620172976262623
28,8,12.477547772510826
28,9,9.214144017207971
28,10,10.786989352599619
28,11,14.101191895796978
28,12,16.77758002629763
28,13,18.74810929749729
28,14,21.83879943537716
28,15,21.758259177452075
28,16,25.555364616342228
28,17,24.936495455074255
28,18,24.61873863652499
28,19,26.14663587410956
28,20,23.59455852510309
28,21,20.879165617532735
28,22,17.265151366905943
28,23,13.789196169290975
28,24,11.746023575696716
28,25,8.065165847142355
28,26,6.429045827052351
28,27,3.795952904372629
28,29,3.857246145151226
28,30,6.973815376338992
28,31,10.684776421454
28,32,13.864504515289022
28,33,13.410628199057932
28,34,9.613668467373719
28,35,10.650629359192692
28,36,8.441614111045808
28,37,5.883007566606793
28,38,5.270223801837128
28,39,7.443544594869118
28,40,7.790012098380916
29,1,20.096033591839454
29,2,22.3609817090019
29,3,21.960500684196642
29,4,20.762934153996316
29,5,16.94958087523867
29,6,14.88136745876822
29,7,11.208695136485154
29,8,9.252965192142431
29,9,6.534251885516519
29,10,8.38013625027925
29,11,11.866665282741913
29,12,14.007531360466718
29,13,16.205223714262413
29,14,19.117641981477515
29,15,19.08743360566453
29,16,22.964877769974674
29,17,22.41427082391253
29,18,21.681315919119967
29,19,23.069382828439384
29,20,20.285911201991038
29,21,17.652720681905233
29,22,14.118165600916226
29,23,10.689857008420859
29,24,9.47674091727189
29,25,5.76952951487453
29,26,5.886211141923328
29,27,5.655538133640313
29,28,3.857246145151226
29,30,3.802562314113049
29,31,7.131830513199806
29,32,10.218496226965794
29,33,9.604545855802504
29,34,5.819897367164206
29,35,7.017940250977272
29,36,5.44304708168604
29,37,4.60689019659141
29,38,5.3501095554960045
29,39,8.749800852038058
29,40,9.816606369944973
30,1,19.697449320828124
30,2,22.371977587401908
30,3,22.34408720137684
30,4,20.6474543907658
30,5,16.97107959054039
30,6,14.240063986448577
30,7,10.913502494525332
30,8,9.86604575857437
30,9,8.280200332492582
30,10,9.51455496172248
30,11,12.498835617156
30,12,13.667378833024745
30,13,15.410244911807968
30,14,17.731084836865897
30,15,17.126849498225944
30,16,20.946461351975646
30,17,19.95820191337241
30,18,18.88968543751231
30,19,20.644075514392487
30,20,17.96257089748594
30,21,15.875806123892126
30,22,12.256503194516833
30,23,9.495275767770732
30,24,9.153399961292433
30,25,6.269794347070173
30,26,8.24955588553684
30,27,8.49349460433233
30,28,6.973815376338992
30,29,3.802562314113049
30,31,3.8135099296084634
30,32,7.2420479453927875
30,33,7.897100487366408
30,34,4.8740438903666865
30,35,6.437343536707391
30,36,5.196774612181484
30,37,6.3611417863600535
30,38,6.174841931433158
30,39,10.007459359703812
30,40,10.655341718328202
31,1,17.89950500044937
31,2,20.714649488063646
31,3,20.855330766819247
31,4,18.66886707017829
31,5,15.230913549307212
31,6,12.096034399141
31,7,9.467967146994262
31,8,9.27336471016168
31,9,9.168293866819187
31,10,10.130488645852878
31,11,12.574433299802081
31,12,12.685794695546821
31,13,14.369455228848146
31,14,16.11372326861031
31,15,15.391676633099179
31,16,19.12218720527921
31,17,18.094330197611157
31,18,16.403390394813048
31,19,18.078481884327694
31,20,15.199020238755018
31,21,13.55016659141312
31,22,10.259540242188347
31,23,8.306105045976329
31,24,9.491917604066348
31,25,7.8158309035273446
31,26,10.787950932095717
31,27,11.922810443130029
31,28,10.684776421454
31,29,7.131830513199806
31,30,3.8135099296084634
31,32,3.812161862559773
31,33,5.3459046140048265
31,34,4.290707984179053
31,35,5.540839669363158
31,36,6.01103313423614
31,37,8.81955426055106
31,38,9.276166439483573
31,39,12.936482231470537
31,40,13.878093722981443
32,1,15.25806088702546
32,2,18.35036429624628
32,3,18.977118959546186
32,4,16.60905462688809
32,5,13.59562722880564
32,6,9.997238597517114
32,7,8.165011089467782
32,8,9.440558896363315
32,9,10.293007460580112
32,10,10.28761984270848
32,11,11.708045468580478
32,12,10.694215134182949
32,13,12.011319428258394
32,14,13.147761432696695
32,15,12.412192697119556
32,16,16.015004896529934
32,17,15.174771780941125
32,18,13.115055371016542
32,19,14.513350420695772
32,20,11.500223403313353
32,21,10.142087736542221
32,22,7.247035948615967
32,23,6.479951442170657
32,24,8.98192247322726
32,25,8.847613944187273
32,26,12.419317749374521
32,27,14.380835697511973
32,28,13.864504515289022
32,29,10.218496226965794
32,30,7.2420479453927875
32,31,3.812161862559773
32,33,3.8373745597299838
32,34,5.564798714709661
32,35,7.3090480415088015
32,36,9.23730160788994
32,37,12.316914403657057
32,38,13.05338668668508
32,39,16.73797943425027
32,40,17.59716717295545
33,1,12.808128063922442
33,2,15.468366348125503
33,3,15.630337018437926
33,4,13.392114186824838
33,5,10.07680589016572
33,6,6.764899988511586
33,7,4.58581555921618
33,8,5.790896140574108
33,9,7.470764409299678
33,10,7.823871258592411
33,11,9.49304191457814
33,12,8.80092823335951
33,13,11.24695402689911
33,14,13.075685034153398
33,15,13.441767850737879
33,16,17.134604536181524
33,17,17.111913490435427
33,18,15.208488108947737
33,19,15.732844791626084
33,20,12.264372545860843
33,21,9.984606158593177
33,22,7.529077959686569
33,23,5.636449397861527
33,24,8.401616606950085
33,25,8.059979292221765
33,26,11.218011961867541
33,27,13.771039511518225
33,28,13.410628199057932
33,29,9.604545855802504
33,30,7.897100487366408
33,31,5.3459046140048265
33,32,3.8373745597299838
33,34,3.8151969983682474
33,35,5.262268124995327
33,36,8.445889236682191
33,37,11.516538522203737
33,38,13.2943705175679
33,39,16.85348499506719
33,40,18.313272950177662
34,1,15.171149812179625
34,2,17.640186725609585
34,3,17.49911246094267
34,4,15.787046488529896
34,5,12.109652980642828
34,6,9.456761163259037
34,7,6.090715680413743
34,8,5.3310515427276055
34,9,4.99161646669334
34,10,6.220078999421092
34,11,9.11624336764474
34,12,9.917117271481606
34,13,12.461795072837074
34,14,14.972784836922461
34,15,15.24246546311823
34,16,19.116449502066697
34,17,18.91550134405768
34,18,17.563993812754568
34,19,18.454000724423366
34,20,15.266535286801405
34,21,12.680080280291039
34,22,9.552035090345575
34,23,6.435660221266158
34,24,7.393090610369932
34,25,5.4077113513660775
34,26,8.06008437994658
34,27,10.183691453177948
34,28,9.613668467373719
34,29,5.819897367164206
34,30,4.8740438903666865
34,31,4.290707984179053
34,32,5.564798714709661
34,33,3.8151969983682474
34,35,3.7547397977401773
34,36,5.83738193520735
34,37,8.195766591313475
34,38,9.945284628247574
34,39,13.528587554733154
34,40,14.943800759371904
35,1,16.724265056559894
35,2,18.66321897996167
35,3,17.83228652148068
35,4,15.719422507554585
35,5,12.007371527156161
35,6,9.97011099950682
35,7,7.4520916815142115
35,8,5.3738101408605505
35,9,6.260819149362919
35,10,8.904716730286319
35,11,12.024954436154413
35,12,12.752440145739047
35,13,15.663057960039465
35,14,18.010805930223732
35,15,18.38285930602739
35,16,22.176403464947683
35,17,21.939496195926104
35,18,20.132173483503177
35,19,20.94012497962536
35,20,17.50793284533592
35,21,15.188763323202954
35,22,12.517556253974766
35,23,9.784009654514206
35,24,11.088235291282103
35,25,8.838196044922991
35,26,10.688351070763664
35,27,12.232363810865555
35,28,10.650629359192692
35,29,7.017940250977272
35,30,6.437343536707391
35,31,5.540839669363158
35,32,7.3090480415088015
35,33,5.262268124995327
35,34,3.7547397977401773
35,36,3.8275369681590523
35,37,7.018901801234266
35,38,9.655604683879188
35,39,12.694209258232329
35,40,14.94193461009245
36,1,20.340877022437716
36,2,22.334742563202127
36,3,21.450895620313275
36,4,19.474910799673342
36,5,15.725087500744694
36,6,13.767829752526744
36,7,10.97652187610409
36,8,8.60263046730695
36,9,8.04130507836181
36,10,10.933602415915523
36,11,14.424996929034684
36,12,15.6664177340826
36,13,18.287662370257273
36,14,20.723750987168355
36,15,20.674269106031616
36,16,24.517010732615656
36,17,23.851703778541463
36,18,22.233132045123334
36,19,23.547907076173573
36,20,20.357224186468457
36,21,18.190892486664573
36,22,15.10031957379046
36,23,12.222506640191353
36,24,12.659456147414655
36,25,9.608845498232622
36,26,10.756062254797042
36,27,11.031197980103023
36,28,8.441614111045808
36,29,5.44304708168604
36,30,5.196774612181484
36,31,6.01103313423614
36,32,9.23730160788994
36,33,8.445889236682191
36,34,5.83738193520735
36,35,3.8275369681590523
36,37,3.730904566852902
36,38,6.129866834903156
36,39,8.963801017810196
36,40,11.370950544411494
37,1,22.6830945422941
37,2,24.535830876712232
37,3,23.513391233978705
37,4,21.983294877525978
37,5,18.148747246191608
37,6,16.53740615772121
37,7,13.363437793473759
37,8,10.565226940124766
37,9,8.797729011474882
37,10,11.802794810869054
37,11,15.523685646607804
37,12,17.501343232925528
37,13,20.095011862796962
37,14,22.885904809808935
37,15,22.887104101714765
37,16,26.77494485534079
37,17,26.11239904665962
37,18,24.906179746536317
37,19,26.315331133639855
37,20,23.270273801282112
37,21,20.847247647406988
37,22,17.538556866346052
37,23,14.277509843467989
37,24,13.758047371325377
37,25,10.1605551963171
37,26,10.018163316354997
37,27,9.17208165782509
37,28,5.883007566606793
37,29,4.60689019659141
37,30,6.3611417863600535
37,31,8.81955426055106
37,32,12.316914403657057
37,33,11.516538522203737
37,34,8.195766591313475
37,35,7.018901801234266
37,36,3.730904566852902
37,38,3.8089982393397253
37,39,5.983580783256478
37,40,8.702728775428923
38,1,24.971243304320765
38,2,27.19880295619242
38,3,26.551714499766
38,4,24.993772307051362
38,5,21.166680089129553
38,6,19.107551276386147
38,7,15.774632126133625
38,8,13.521880336422651
38,9,11.401320575391898
38,10,13.694246428189192
38,11,17.192827111102872
38,12,19.107936439376626
38,13,21.132717343281644
38,14,23.730854346390206
38,15,23.18617954809128
38,16,26.989068102210517
38,17,25.865152713762516
38,18,24.89253686129018
38,19,26.796714805352362
38,20,24.112825051507457
38,21,21.976227994149642
38,22,18.381902758945113
38,23,15.367630877439682
38,24,14.406743864530942
38,25,10.845617897758132
38,26,10.754193779829905
38,27,8.866263934130545
38,28,5.270223801837128
38,29,5.3501095554960045
38,30,6.174841931433158
38,31,9.276166439483573
38,32,13.05338668668508
38,33,13.2943705175679
38,34,9.945284628247574
38,35,9.655604683879188
38,36,6.129866834903156
38,37,3.8089982393397253
38,39,3.8385098528846564
38,40,5.29072829686
39,1,28.405980129606654
39,2,30.408459997316445
39,3,29.4625298791503
39,4,27.961320640762878
39,5,24.127821885048856
39,6,22.387998670507613
39,7,19.136786006040936
39,8,16.50840325281406
39,9,14.370248878627088
39,10,16.952873051472892
39,11,20.554677498897888
39,12,22.698674240756283
39,13,24.838657689990594
39,14,27.526507627977875
39,15,27.00938221174454
39,16,30.804696804637654
39,17,29.624363125933044
39,18,28.657866163761415
39,19,30.617287634119037
39,20,27.915321028631226
39,21,25.77344910487233
39,22,22.204034908202075
39,23,19.12565538915333
39,24,18.03329585264168
39,25,14.374403015094424
39,26,13.663006238494773
39,27,11.168541976842947
39,28,7.443544594869118
39,29,8.749800852038058
39,30,10.007459359703812
39,31,12.936482231470537
39,32,16.73797943425027
39,33,16.85348499506719
39,34,13.528587554733154
39,35,12.694209258232329
39,36,8.963801017810196
39,37,5.983580783256478
39,38,3.8385098528846564
39,40,3.840496680627516
40,1,29.824452605115283
40,2,32.146032503407035
40,3,31.5897887362361
40,4,30.19028972272278
40,5,26.352711702570655
40,6,24.26713500548794
40,7,20.813650310494836
40,8,18.632840169555184
40,9,16.123266170582397
40,10,18.055508762703464
40,11,21.37120864052051
40,12,23.516292389493938
40,13,25.14094872814664
40,14,27.701755350344904
40,15,26.811359618520545
40,16,30.46840187005044
40,17,29.000354595050652
40,18,28.400304554508203
40,19,30.682614207383576
40,20,28.35507334243103
40,21,26.362687387892013
40,22,22.616802171620535
40,23,19.728094751734076
40,24,18.179914932271956
40,25,14.732081297976194
40,26,13.991043929056802
40,27,10.92090844703298
40,28,7.790012098380916
40,29,9.816606369944973
40,30,10.655341718328202
40,31,13.878093722981443
40,32,17.59716717295545
40,33,18.313272950177662
40,34,14.943800759371904
40,35,14.94193461009245
40,36,11.370950544411494
40,37,8.702728775428923
40,38,5.29072829686
40,39,3.840496680627516
