1,2,3.8024845731504464
1,3,6.48710568132418
1,4,8.732788739870141
1,5,8.465061450133193
1,6,8.385045306651467
1,7,11.459538455897642
1,8,12.996763244556096
1,9,13.269612373985666
1,10,13.73693649496474
1,11,16.408177995346424
1,12,19.597722059169374
1,13,22.024775708822638
1,14,22.86084929646966
1,15,21.409687924129354
1,16,23.855453170363013
1,17,23.6929954441617
1,18,25.29481948006941
1,19,26.472533630295633
1,20,26.478843835221344
1,21,23.18353814299367
1,22,23.725498674843447
1,23,23.14930409202097
1,24,22.167914568606754
1,25,24.260039618252474
1,26,21.62681449670113
1,27,21.812780040407294
1,28,18.493923715659616
1,29,18.9413621862856
1,30,18.50346342031094
1,31,19.24825229291167
1,32,19.987136337490217
1,33,20.309575310564416
1,34,22.14543723511812
1,35,21.271744566620153
1,36,24.36486510950269
1,37,23.151338842532496
1,38,23.707736887748602
1,39,21.075340369533244
1,40,18.689477385446605
1,41,16.547006468808462
1,42,14.43738243092889
1,43,11.411055881531917
1,44,12.602735242550704
1,45,12.607370952129614
1,46,12.612080209394305
1,47,13.39239419530114
1,48,16.293090874791922
1,49,18.932469551364086
1,50,22.326610966397798
1,51,23.619483922045756
1,52,23.828055910291162
1,53,25.006504973562407
1,54,22.300640404624325
1,55,19.395047686310875
1,56,17.79205118730921
1,57,14.828939640846734
1,58,16.2117313632295
1,59,15.098850207780304
1,60,11.502879548919433
1,61,9.706674111345562
1,62,9.723097905924023
1,63,9.29376336194075
1,64,7.016471899768973
1,65,8.195063654647798
1,66,9.55892434229697
1,67,11.779060472907872
1,68,15.531024920218078
1,69,16.52427965595047
1,70,20.2414544446141
1,71,22.26456366703077
1,72,25.035929870204356
1,73,25.457442848524046
1,74,24.95521637973247
1,75,22.10821104286112
1,76,20.650921910684076
1,77,17.220314782244518
1,78,16.564586867882973
1,79,14.147216950575158
1,80,14.06902496561006
1,81,13.933772072635351
1,82,15.271177864526281
1,83,17.98935839631443
1,84,19.782554013048408
1,85,23.361593952787654
1,86,26.09220599691533
1,87,25.838964702933417
1,88,22.759527989177695
1,89,21.602432373554983
1,90,19.061812796511596
1,91,18.14131219419376
1,92,17.10409075295156
1,93,17.31309225201507
1,94,18.131484469847535
1,95,21.59526508957651
1,96,24.915559759336148
1,97,23.915816372374625
1,98,21.345618918109725
1,99,22.49747927154161
1,100,22.61715028186072
1,101,23.803721972525697
1,102,25.172519372637588
1,103,24.095630823024003
1,104,25.83425565272484
1,105,24.836421642255267
1,106,27.652614302988223
1,107,27.78162010197208
1,108,27.076532108926916
2,1,3.8024845731504464
2,3,3.8000066743974243
2,4,5.334605179066163
2,5,6.331319986793409
2,6,7.125294592714742
2,7,9.268403028913035
2,8,10.780257033643744
2,9,12.081126731532464
2,10,13.232490357328567
2,11,15.635619819215462
2,12,19.119389270335947
2,13,21.447659753390067
2,14,22.664780747512125
2,15,21.31079376135196
2,16,23.890874189279632
2,17,23.9613196979938
2,18,25.182808748600976
2,19,26.73246995293315
2,20,27.26062438636561
2,21,24.229072334846375
2,22,24.84125102358011
2,23,24.677425813416487
2,24,23.559066214520886
2,25,25.79507689042369
2,26,23.54267854535215
2,27,23.974251051274724
2,28,20.519005936309863
2,29,20.590899377217355
2,30,19.46950748507357
2,31,19.977044263159957
2,32,20.027561411089312
2,33,20.14272533626544
2,34,21.44310356813711
2,35,20.360703166932517
2,36,23.35580501937295
2,37,21.83445366414499
2,38,21.84008440604374
2,39,19.192702053677642
2,40,16.497754423708564
2,41,14.042542324729755
2,42,12.641264326790477
2,43,10.36468114312112
2,44,12.390413938041096
2,45,13.43551791182239
2,46,14.058190229572318
2,47,15.691076903678656
2,48,18.90353046981375
2,49,21.703265487217738
2,50,25.26608325460489
2,51,26.492742530586813
2,52,26.294736868276708
2,53,27.501065594111402
2,54,25.026132485511514
2,55,22.02767214954523
2,56,20.856383770661353
2,57,17.977742022706572
2,58,19.53268558491431
2,59,18.35667734489451
2,60,14.644036213262968
2,61,12.181612008426539
2,62,11.657567278691051
2,63,10.010832936340329
2,64,6.876981816434346
2,65,6.679574441831627
2,66,8.975835104351633
2,67,10.16567052210009
2,68,13.698845010838234
2,69,13.916390492125398
2,70,17.722392691861607
2,71,19.823741905961153
2,72,22.78909483503041
2,73,23.706576868189497
2,74,23.558305299635904
2,75,20.50089324283171
2,76,19.470705540045895
2,77,16.302409954980817
2,78,16.302664784552913
2,79,14.668837503691867
2,80,15.2708811403003
2,81,15.99290190169524
2,82,17.86380799829258
2,83,20.74234855806632
2,84,22.91765764671081
2,85,26.459192690235867
2,86,29.09035729469459
2,87,28.640372453739893
2,88,25.466641004526622
2,89,23.92328909913845
2,90,21.00929261985054
2,91,19.875486760707798
2,92,18.15485489820341
2,93,17.999267157723498
2,94,19.05322490169824
2,95,22.507650738472858
2,96,25.740944049231327
2,97,24.429243559323606
2,98,22.25394400077985
2,99,23.519901145957
2,100,24.131435221575426
2,101,25.430615010989982
2,102,27.220988526249815
2,103,26.319737789357596
2,104,28.326820149394194
2,105,27.467516780069257
2,106,30.401423136521604
2,107,30.74614914949631
2,108,30.29854107724475
3,1,6.48710568132418
3,2,3.8000066743974243
3,4,3.8234503379928975
3,5,5.59988806351303
3,6,5.028889178135389
3,7,6.0994416907582965
3,8,8.576863097434257
3,9,10.058825809176131
3,10,12.1945515040665
3,11,14.942205736409818
3,12,18.226831718367702
3,13,20.933881986810864
3,14,22.746287714873397
3,15,21.991680455535754
3,16,24.970604483646106
3,17,25.586515246233606
3,18,26.943061298209678
3,19,28.88813330156196
3,20,29.653732459851007
3,21,26.832256036327475
3,22,27.80654008009271
3,23,27.904200397644065
3,24,27.023343401346615
3,25,29.41289855979705
3,26,27.197329221547697
3,27,27.43622894287485
3,28,23.903126644874508
3,29,23.704765972336737
3,30,22.46250374515909
3,31,22.500360505094818
3,32,22.189473103477383
3,33,21.71795350979387
3,34,22.499444295105526
3,35,20.808735509985613
3,36,23.36120504599237
3,37,21.280127057642517
3,38,20.865290829349373
3,39,17.801508168112388
3,40,15.482894517601464
3,41,12.92759955410648
3,42,11.668897755143565
3,43,10.15623586129023
3,44,13.07536062423478
3,45,14.151729773534749
3,46,15.679982392927748
3,47,17.561727319861195
3,48,21.016236747269442
3,49,23.45491238416242
3,50,27.05485900320137
3,51,27.80363748863064
3,52,27.332124185903336
3,53,28.112962320686467
3,54,25.62511814862671
3,55,22.912785446485717
3,56,21.94850538242503
3,57,19.558827171615917
3,58,21.66330315705361
3,59,21.022690259284087
3,60,17.447916476900296
3,61,15.091240613070127
3,62,15.118394006275294
3,63,13.300817503590816
3,64,10.412158319985403
3,65,9.21712308694328
3,66,10.922919481240086
3,67,10.984071744950588
3,68,14.040806718792485
3,69,13.816349976286379
3,70,17.478578434678667
3,71,18.98308703350784
3,72,22.318370007923868
3,73,23.507340728458633
3,74,23.95414223873909
3,75,21.134261952799253
3,76,20.76128168649276
3,77,18.023645547599006
3,78,18.690868943519334
3,79,17.27625613525937
3,80,18.382415501070433
3,81,19.03417476542176
3,82,21.06331515269781
3,83,23.65376683566471
3,84,25.69092586464796
3,85,29.339254118396028
3,86,31.79413611875233
3,87,31.086325575207393
3,88,27.721905165346456
3,89,25.94266634683369
3,90,23.064391469420872
3,91,21.372462172305248
3,92,19.391422547765096
3,93,18.485822556602304
3,94,19.009470726249155
3,95,22.142227296241643
3,96,25.505633380828822
3,97,24.452703273153105
3,98,22.75034230070395
3,99,24.54854213550477
3,100,25.608930369918554
3,101,27.362189277647293
3,102,29.373906749551455
3,103,28.85781473872492
3,104,31.08234667166933
3,105,30.496254913708256
3,106,33.54733579511534
3,107,33.965113062653415
3,108,33.285267493643325
4,1,8.732788739870141
4,2,5.334605179066163
4,3,3.8234503379928975
4,5,3.795709704519085
4,6,5.586967062605517
4,7,5.605685737438562
4,8,6.5304047495845055
4,9,9.16540238652393
4,10,11.22103244676311
4,11,13.17414025501107
4,12,16.712740770807514
4,13,18.982023987574635
4,14,20.860194263824315
4,15,20.022423822052613
4,16,22.93644591266124
4,17,23.665415175449663
4,18,24.663216980229425
4,19,26.877540314712505
4,20,28.075342479460417
4,21,25.567942382115096
4,22,26.66265159500634
4,23,27.21088079236746
4,24,26.39359941759025
4,25,29.01809558705281
4,26,27.24495327491279
4,27,27.501290924752976
4,28,23.848085212907204
4,29,23.17541872418672
4,30,21.362499444744483
4,31,21.091241921242393
4,32,20.19567213811768
4,33,19.551651108029517
4,34,19.89705257046722
4,35,18.18147682705568
4,36,20.69467093645347
4,37,18.588529832193487
4,38,17.86592408525709
4,39,15.069552342124407
4,40,12.33326504082631
4,41,9.611890437345181
4,42,9.101387488698096
4,43,8.399585855717106
4,44,11.578377275471327
4,45,13.628131089391616
4,46,15.358881947538142
4,47,17.922539325259734
4,48,21.515266295887745
4,49,24.188152619555662
4,50,27.9206271281424
4,51,28.778470084761253
4,52,27.90683757354904
4,53,28.964756370709683
4,54,26.885261499231405
4,55,23.91660387490944
4,56,23.47046862263884
4,57,20.977169756534252
4,58,23.04624647983349
4,59,22.24770702071631
4,60,18.60152125293442
4,61,15.644475850078944
4,62,15.4063335111948
4,63,12.74957106103171
4,64,10.022802901352767
4,65,7.585258536241913
4,66,9.3382126944171
4,67,8.347912705572355
4,68,10.933457267077397
4,69,10.175442921120872
4,70,13.832053009830155
4,71,15.510151282108755
4,72,18.82501330422066
4,73,20.275647509135823
4,74,20.8524930968079
4,75,17.911877261660923
4,76,17.844372917913294
4,77,15.446380573189748
4,78,16.676751542799472
4,79,15.976684603093922
4,80,17.693052950801054
4,81,19.023826406281408
4,82,21.575943253308644
4,83,24.202477645102462
4,84,26.681597589016725
4,85,30.254699123430704
4,86,32.51696413068955
4,87,31.5599457233093
4,88,28.15098227424226
4,89,25.998886742734076
4,90,22.78482099533069
4,91,21.064675262622636
4,92,18.535598997217367
4,93,17.5648247636495
4,94,18.599726439844417
4,95,21.772618984409718
4,96,24.826082329682468
4,97,23.299616053222298
4,98,21.869627721601997
4,99,23.51861277744478
4,100,24.92844212210526
4,101,26.65101366935118
4,102,29.031241950479956
4,103,28.6842936415494
4,104,31.180722996021593
4,105,30.81505624474839
4,106,34.024855328311816
4,107,34.796701668861395
4,108,34.41188061796143
5,1,8.465061450133193
5,2,6.331319986793409
5,3,5.59988806351303
5,4,3.795709704519085
5,6,3.799680653525643
5,7,5.4733589320669
5,8,4.984360780572108
5,9,6.523526819137324
5,10,7.722581247441613
5,11,9.743941472868684
5,12,13.309164948300769
5,13,15.632610425078513
5,14,17.363661761218353
5,15,16.596095094129307
5,16,19.6468985015909
5,17,20.553171304748894
5,18,21.922870041024176
5,19,24.2072495506909
5,20,25.30044123210903
5,21,22.86805848538184
5,22,24.3439816260656
5,23,25.087916626080425
5,24,24.74692696060408
5,25,27.651255012999865
5,26,25.922932302028972
5,27,25.69114000914615
5,28,21.9429127098454
5,29,20.89915922027515
5,30,19.177216224932675
5,31,18.463788390555795
5,32,17.63385925566411
5,33,16.639857350408814
5,34,17.09974606840374
5,35,15.230621871199686
5,36,17.771200587188535
5,37,15.821907915828618
5,38,15.705865903677207
5,39,12.902244055867135
5,40,10.463920343431255
5,41,8.221735049951878
5,42,6.374928461729385
5,43,4.746508244863347
5,44,7.967260227875968
5,45,9.910966209615118
5,46,11.960513984728781
5,47,14.740496482422582
5,48,18.441681208435195
5,49,20.97178357585272
5,50,24.73593927784583
5,51,25.460104114838675
5,52,24.366972610716907
5,53,25.46989093364529
5,54,23.601891818936
5,55,20.56301015152969
5,56,20.468832298439086
5,57,18.118123629608146
5,58,20.408936698784036
5,59,19.939332402524386
5,60,16.479974279444765
5,61,13.440992439422885
5,62,13.937235600910343
5,63,11.283390323087895
5,64,9.572581659669938
5,65,6.772190746732184
5,66,6.866968051538392
5,67,5.8591362978578925
5,68,8.720644750720764
5,69,9.231584248123362
5,70,12.750323719654602
5,71,14.176070448679935
5,72,17.292345705182253
5,73,18.118470006329492
5,74,18.47688430297947
5,75,15.851470683920853
5,76,15.672636682700738
5,77,13.263187708897409
5,78,14.562592764124593
5,79,13.560750365768728
5,80,15.625124482184857
5,81,16.71793034152157
5,82,19.52471994829376
5,83,21.754858185177795
5,84,24.256056312851104
5,85,27.856577549317233
5,86,29.831447201990244
5,87,28.57996572755827
5,88,25.05537805945058
5,89,22.69340577846296
5,90,19.49461591928541
5,91,17.51308923904633
5,92,14.909883458166961
5,93,13.786316267787655
5,94,14.836996155479655
5,95,18.07258924133543
5,96,21.095296242325908
5,97,19.573522988458706
5,98,18.088356540768604
5,99,19.830253213763395
5,100,21.334518514620292
5,101,23.260096111881005
5,102,25.73920000835858
5,103,25.678931267806263
5,104,28.374353359959485
5,105,28.34690044891562
5,106,31.723013774960602
5,107,32.747710969119375
5,108,32.22546441961043
6,1,8.385045306651467
6,2,7.125294592714742
6,3,5.028889178135389
6,4,5.586967062605517
6,5,3.799680653525643
6,7,3.8114332610448667
6,8,5.367054343524736
6,9,5.325220772971717
6,10,7.399934702211236
6,11,10.552497702791154
6,12,13.516350458803768
6,13,16.529864173240234
6,14,18.56837731880642
6,15,18.354258438497098
6,16,21.668566535694843
6,17,22.830836107600216
6,18,24.637273653371057
6,19,26.88696564495296
6,20,27.7016725161224
6,21,25.159069128880027
6,22,26.77385207065432
6,23,27.288523130512964
6,24,27.09720058933559
6,25,29.911814130186233
6,26,27.838228886525396
6,27,27.405879210522656
6,28,23.725705636433503
6,29,22.90965083392727
6,30,21.673593863180777
6,31,20.93530648773095
6,32,20.461294621180947
6,33,19.258625694945685
6,34,19.78757558994877
6,35,17.581214532927675
6,36,19.754253826958912
6,37,17.504283871663297
6,38,17.45611697158298
6,39,14.167240711705047
6,40,12.575864684108806
6,41,10.586012114145579
6,42,8.226935194792746
6,43,6.594908045828745
6,44,9.763855394856154
6,45,10.465337737986507
6,46,12.911336084836677
6,47,15.120349855093295
6,48,18.800486489859875
6,49,20.819557663603387
6,50,24.466584829209392
6,51,24.743140938179288
6,52,23.780402118783066
6,53,24.344857426759585
6,54,22.161022887574145
6,55,19.544947382863903
6,56,19.217118711350455
6,57,17.336789958593577
6,58,20.049364856149804
6,59,20.121025940891613
6,60,16.869947070142775
6,61,14.46545695470296
6,62,15.58084493323157
6,63,13.652942852341335
6,64,11.953928794348807
6,65,9.956422524356938
6,66,9.795199527495962
6,67,9.28242579124554
6,68,11.920849750785738
6,69,12.566549458457663
6,70,15.820046344881137
6,71,16.60461558042947
6,72,19.890194382133068
6,73,20.574839908401444
6,74,21.187876425503198
6,75,18.949304523718517
6,76,18.913781131683933
6,77,16.55658473311759
6,78,17.67633981866694
6,79,16.143637246964825
6,80,17.88948191450688
6,81,18.267632424887402
6,82,20.696298781185796
6,83,22.641141236310936
6,84,24.658068179880956
6,85,28.37759339903964
6,86,30.345280429111522
6,87,29.09898165174756
6,88,25.49492123106638
6,89,23.304075782566475
6,90,20.492839786279184
6,91,18.160486127599867
6,92,15.981429772302828
6,93,14.3878497017453
6,94,14.468500215140203
6,95,17.379792745337824
6,96,20.76460855521834
6,97,19.918395751440176
6,98,18.532425853657198
6,99,20.780515895069634
6,100,22.244607774466534
6,101,24.50408525074056
6,102,26.770662181596194
6,103,26.851906957328588
6,104,29.452293917187625
6,105,29.459403785036354
6,106,32.78488911851811
6,107,33.5983921480554
6,108,32.66168982540521
7,1,11.459538455897642
7,2,9.268403028913035
7,3,6.0994416907582965
7,4,5.605685737438562
7,5,5.4733589320669
7,6,3.8114332610448667
7,8,3.8148542944255404
7,9,5.391653848309751
7,10,8.793347947614402
7,11,11.44607789902269
7,12,14.222840017631135
7,13,17.20738917431864
7,14,19.80363941626055
7,15,19.986369216000366
7,16,23.430637186826335
7,17,24.926919214640613
7,18,26.46955894032976
7,19,29.044478880389565
7,20,30.24281909024621
7,21,27.95401443968138
7,22,29.642310637610606
7,23,30.39984730178047
7,24,30.13592657918067
7,25,32.99199836374921
7,26,31.09054888109153
7,27,30.80680267881946
7,28,27.088484878520475
7,29,26.12151074773367
7,30,24.54413749997623
7,31,23.62686771217616
7,32,22.65903253236479
7,33,21.178262137501648
7,34,21.0844222033505
7,35,18.518372114617986
7,36,20.24744777442092
7,37,17.47534462078383
7,38,16.635754727618128
7,39,13.121593506910921
7,40,11.692853646286949
7,41,9.507637053159122
7,42,8.24600155672818
7,43,8.363024392321678
7,44,12.070118754017464
7,45,13.380888363167223
7,46,16.173417353359202
7,47,18.678630364130473
7,48,22.406699787321028
7,49,24.37592429558771
7,50,28.027201903055243
7,51,28.132104792730217
7,52,26.924491447786316
7,53,27.314192355765204
7,54,25.278276267976434
7,55,22.8241995205936
7,56,22.710643698791237
7,57,21.030482673748025
7,58,23.828636892652337
7,59,23.913348394976705
7,60,20.62438879572831
7,61,18.072297348475125
7,62,18.89569025823477
7,63,16.58511083559554
7,64,14.54068380839929
7,65,12.035484319191186
7,66,12.279623866170958
7,67,10.709346201169708
7,68,12.507374182649627
7,69,12.158397037731689
7,70,15.112653973956572
7,71,15.438643939379531
7,72,19.045988835174246
7,73,20.302059841518393
7,74,21.547925439462364
7,75,19.37829237225759
7,76,20.008458109343152
7,77,18.150533661571252
7,78,19.850340268446274
7,79,18.89279045964753
7,80,20.959568716708137
7,81,21.70811957699803
7,82,24.289553003299552
7,83,26.306545543676684
7,84,28.423482974068776
7,85,32.129990897366
7,86,34.05010228936033
7,87,32.6996044303992
7,88,29.05788220519589
7,89,26.68623506306633
7,90,23.76855743552134
7,91,21.27316822337209
7,92,18.7418236407868
7,93,16.73899938206842
7,94,16.71697527403741
7,95,19.247725920291593
7,96,22.473855411188364
7,97,21.58502730364531
7,98,20.773390748437222
7,99,23.218739232768538
7,100,25.087765763787072
7,101,27.485940779110376
7,102,29.990696447923973
7,103,30.237556229845346
7,104,32.970138716459886
7,105,33.06033477045545
7,106,36.42648372250181
7,107,37.30545031133058
7,108,36.44005936942013
8,1,12.996763244556096
8,2,10.780257033643744
8,3,8.576863097434257
8,4,6.5304047495845055
8,5,4.984360780572108
8,6,5.367054343524736
8,7,3.8148542944255404
8,9,3.8224883315905136
8,10,6.658453886720313
8,11,8.335343101976395
8,12,11.317686741057187
8,13,13.912080169888227
8,14,16.57782109107282
8,15,16.81880089307894
8,16,20.268887904486952
8,17,21.993514747938015
8,18,23.403495542809747
8,19,26.22918192416338
8,20,27.727929026242684
8,21,25.78198258249063
8,22,27.725758303593445
8,23,28.913186366163334
8,24,28.914726595663854
8,25,32.02569598229126
8,26,30.49261874064785
8,27,30.021968790597832
8,28,26.235179454242047
8,29,24.772643402620346
8,30,22.83829426929791
8,31,21.47440753100063
8,32,20.063171414344545
8,33,18.22753228590489
8,34,17.723861418331442
8,35,14.97782177766715
8,36,16.562593788129096
8,37,13.746730025486096
8,38,12.88027314496161
8,39,9.471494435317043
8,40,7.917518668635369
8,41,5.935956178836405
8,42,4.615211060033169
8,43,5.945109011947752
8,44,9.714410932539902
8,45,11.732459097923668
8,46,14.775279177933973
8,47,17.816607302814877
8,48,21.587864132662677
8,49,23.64623858688576
8,50,27.35860041634916
8,51,27.514751355308334
8,52,25.896461545600076
8,53,26.559255473588166
8,54,24.99760205166866
8,55,22.318623701509246
8,56,22.773699556367873
8,57,21.070328203103955
8,58,23.845870287312753
8,59,23.914261456798968
8,60,20.705519272991754
8,61,17.77476871944981
8,62,18.66362811487678
8,63,15.902520953166388
8,64,14.45308691957508
8,65,11.279367496688858
8,66,10.762216556232719
8,67,8.296822783289146
8,68,9.256359754635039
8,69,9.084336406287493
8,70,11.69251279908064
8,71,11.807769596309338
8,72,15.343016233036753
8,73,16.497491392653817
8,74,17.8392162181026
8,75,15.839824711139972
8,76,16.80036922386908
8,77,15.39613175673117
8,78,17.598251543587185
8,79,17.117868121536386
8,80,19.730810260521167
8,81,20.846763568253113
8,82,23.84771393443835
8,83,25.696190634886857
8,84,28.128636846016963
8,85,31.740547615637542
8,86,33.37637718990974
8,87,31.72343302427197
8,88,28.0462962002674
8,89,25.318279383798338
8,90,22.19274066363338
8,91,19.596424773166714
8,92,16.615220095777154
8,93,14.45050491060217
8,94,14.87258190303978
8,95,17.398225545775862
8,96,20.263568894710904
8,97,18.934730409829022
8,98,18.410777941650935
8,99,20.76129289413012
8,100,22.97934220668907
8,101,25.423405107554995
8,102,28.247637729185126
8,103,28.7613136617447
8,104,31.761412256679158
8,105,32.16573685211399
8,106,35.68823583116972
8,107,36.936923799830254
8,108,36.257521312408954
9,1,13.269612373985666
9,2,12.081126731532464
9,3,10.058825809176131
9,4,9.16540238652393
9,5,6.523526819137324
9,6,5.325220772971717
9,7,5.391653848309751
9,8,3.8224883315905136
9,10,3.7945903670875185
9,11,6.6341668249263845
9,12,8.963684480325135
9,13,12.222292630529243
9,14,14.921497675155651
9,15,15.623304071628237
9,16,19.285254813500686
9,17,21.25277423047824
9,18,23.228513995295305
9,19,25.984350986043527
9,20,27.162769479790352
9,21,25.204390229822128
9,22,27.451806302280126
9,23,28.5912374776478
9,24,28.992352818730716
9,25,32.18705753528758
9,26,30.4904671382107
9,27,29.589066684793693
9,28,25.842622251995728
9,29,24.30199485874949
9,30,22.779470260408893
9,31,21.157530988441863
9,32,20.105503468123644
9,33,17.980313599191234
9,34,17.714496988506163
9,35,14.76372562934532
9,36,16.108044199729235
9,37,13.374577658049695
9,38,13.308842984341052
9,39,9.763252855344248
9,40,9.360398863270552
9,41,8.359432079624622
9,42,5.49024027768255
9,43,5.6639665344565575
9,44,8.824266812786183
9,45,9.71384250635736
9,46,13.193035362667292
9,47,15.93807445006501
9,48,19.645970247995955
9,49,21.21943221938259
9,50,24.814268323926942
9,51,24.579805218978212
9,52,22.853660342601458
9,53,23.205374446194853
9,54,21.675664795111768
9,55,19.247675320899386
9,56,19.906405670190143
9,57,18.676445640959976
9,58,21.792341601695128
9,59,22.412079759953304
9,60,19.562057988905263
9,61,17.032019812632893
9,62,18.67645420562547
9,63,16.412640625228068
9,64,15.56726485549353
9,65,12.803836759187494
9,66,11.36082391673322
9,67,9.575325716403531
9,68,10.66595146229293
9,69,11.65623324480299
9,70,13.919522232502164
9,71,13.577021704514054
9,72,16.777489622193823
9,73,17.171260455463262
9,74,18.33723544945408
9,75,16.88464897620932
9,76,17.666581156019788
9,77,16.231526738712272
9,78,18.178123617403536
9,79,17.14181717686759
9,80,19.678635243836602
9,81,20.188251851081883
9,82,23.06574648631301
9,83,24.430072552942164
9,84,26.555910572307738
9,85,30.191003058601428
9,86,31.58880244630381
9,87,29.740947642303915
9,88,25.98281284011322
9,89,23.236952296995465
9,90,20.430485853027747
9,91,17.450621284894915
9,92,14.758754474237834
9,93,12.12978413464054
9,94,11.789215758031409
9,95,14.076393356344227
9,96,17.177741635490246
9,97,16.358206335223347
9,98,15.877109050346332
9,99,18.64730953275961
9,100,20.885319668891544
9,101,23.670588524663746
9,102,26.389537692281394
9,103,27.196317686473634
9,104,30.2394194652235
9,105,30.89930472224694
9,106,34.46494064448227
9,107,35.75479888531108
9,108,34.75247178269343
10,1,13.73693649496474
10,2,13.232490357328567
10,3,12.1945515040665
10,4,11.22103244676311
10,5,7.722581247441613
10,6,7.399934702211236
10,7,8.793347947614402
10,8,6.658453886720313
10,9,3.7945903670875185
10,11,3.787788630710354
10,12,6.193552380760395
10,13,9.386309073698937
10,14,11.60245193575618
10,15,12.22203248800669
10,16,15.89549602030496
10,17,17.910752165968045
10,18,20.196200399241366
10,19,22.879270032116867
10,20,23.907528822185387
10,21,22.0657609283908
10,22,24.57007306149172
10,23,25.86942115124832
10,24,26.65653365208397
10,25,30.003877898147536
10,26,28.453555845929113
10,27,27.192741475531363
10,28,23.488756546565767
10,29,21.632828905380784
10,30,20.21436190252763
10,31,18.253455925329085
10,32,17.32854881400262
10,33,14.997256594574111
10,34,14.969204631083045
10,35,12.119802120899847
10,36,13.60396788482894
10,37,11.442278642978144
10,38,12.42000145393291
10,39,9.467297079824544
10,40,9.297928824303925
10,41,9.09326440530915
10,42,5.389823327191521
10,43,4.403581532007475
10,44,6.050169863798781
10,45,6.460361175412103
10,46,10.18368135262149
10,47,13.07637377370577
10,48,16.688453049322202
10,49,18.1645426726293
10,50,21.73958439665963
10,51,21.534770289201578
10,52,19.568557522810934
10,53,20.198487041505246
10,54,19.025493352239646
10,55,16.37834306174737
10,56,17.505108285973378
10,57,16.328843538232352
10,58,19.41425409494557
10,59,20.193980110930266
10,60,17.65765587335646
10,61,15.146745197752818
10,62,17.219789486116028
10,63,15.108240101632243
10,64,15.163416902141103
10,65,12.54440472830067
10,66,10.053074755060695
10,67,8.698967363942058
10,68,9.602991557870764
10,69,11.767396893318075
10,70,13.71278520237317
10,71,13.477964859722647
10,72,16.068649691257864
10,73,15.651733776099139
10,74,16.263832565177676
10,75,15.145408434219824
10,76,15.581794869365924
10,77,14.194440883865848
10,78,15.984290267415147
10,79,14.777328419370793
10,80,17.46970143886159
10,81,17.81149695687272
10,82,20.83205651477
10,83,21.8048443768818
10,84,23.994339381065352
10,85,27.519961103224468
10,86,28.624159728766205
10,87,26.537377718755167
10,88,22.764823430876312
10,89,19.82445426574623
10,90,17.03741185543605
10,91,13.904836853499766
10,92,11.13346676937463
10,93,8.34386231417635
10,94,8.228192344368297
10,95,10.843175832201783
10,96,13.855241211311533
10,97,12.814192014225863
10,98,12.109458864263646
10,99,14.85963348277273
10,100,17.153681106894613
10,101,20.03445954933816
10,102,22.833363565147717
10,103,23.867279470966434
10,104,27.050213651199396
10,105,27.997929734038472
10,106,31.648821709422123
10,107,33.18978533519807
10,108,32.199499683515114
11,1,16.408177995346424
11,2,15.635619819215462
11,3,14.942205736409818
11,4,13.17414025501107
11,5,9.743941472868684
11,6,10.552497702791154
11,7,11.44607789902269
11,8,8.335343101976395
11,9,6.6341668249263845
11,10,3.787788630710354
11,12,3.7984055117766635
11,13,6.004372786446981
11,14,8.374516071703123
11,15,9.19851779252488
11,16,12.941628409244128
11,17,15.367491833489984
11,18,17.4626168012534
11,19,20.485152315137547
11,20,21.928707433115118
11,21,20.60492964403402
11,22,23.38266521565959
11,23,25.196109637150236
11,24,26.24441484674718
11,25,29.79358452059158
11,26,28.701561696193732
11,27,27.32141411027289
11,28,23.644558878451956
11,29,21.269052544257924
11,30,19.42640388062566
11,31,16.936280449305343
11,32,15.405622194686462
11,33,12.542295240599271
11,34,11.850097383261703
11,35,8.646634768736513
11,36,9.83313522401342
11,37,7.738937216186117
11,38,9.208098340283271
11,39,6.9776159596544485
11,40,7.185175957254891
11,41,8.070171337515411
11,42,4.902972419053573
11,43,5.378909528051265
11,44,5.698795794671988
11,45,7.1825425962753355
11,46,10.627930829127225
11,47,13.977520587081944
11,48,17.371478164359228
11,49,18.930918438363886
11,50,22.433714322760224
11,51,22.344231092927675
11,52,19.935846627271623
11,53,20.9274863617261
11,54,20.402146445161755
11,55,17.60971087804871
11,56,19.316713244231707
11,57,18.124364697185392
11,58,20.947703052845398
11,59,21.58478789755693
11,60,19.209343538618455
11,61,16.40990755343351
11,62,18.297665330597184
11,63,15.817161928265342
11,64,16.372860057096993
11,65,13.389987200579295
11,66,10.458557945915288
11,67,8.422337092228714
11,68,7.859478098560966
11,69,10.444516360852967
11,70,11.480496996940618
11,71,10.916705020870333
11,72,12.957669725700596
11,73,12.090679687988537
11,74,12.709119679600942
11,75,12.059130726539795
11,76,12.920279992769904
11,77,12.32102747664467
11,78,14.683391739783039
11,79,14.20160669280543
11,80,17.421988338772668
11,81,18.238727812892865
11,82,21.60442314479619
11,83,22.40862927884161
11,84,24.919187176336038
11,85,28.23119219063406
11,86,29.015678030280743
11,87,26.640226911124895
11,88,22.938614960766458
11,89,19.631632268147847
11,90,16.644664658979906
11,91,13.547200175074153
11,92,10.184245821849759
11,93,7.250743379853289
11,94,8.123982779466312
11,95,10.455298181875673
11,96,12.616403272079195
11,97,10.741897146852686
11,98,10.614158575003806
11,99,13.115287758148364
11,100,15.94789105072585
11,101,18.814575588511527
11,102,22.014145022537324
11,103,23.36082198135508
11,104,26.804726167082997
11,105,28.08143754706889
11,106,31.83204454241187
11,107,33.74996423422042
11,108,33.02601481687873
12,1,19.597722059169374
12,2,19.119389270335947
12,3,18.226831718367702
12,4,16.712740770807514
12,5,13.309164948300769
12,6,13.516350458803768
12,7,14.222840017631135
12,8,11.317686741057187
12,9,8.963684480325135
12,10,6.193552380760395
12,11,3.7984055117766635
12,13,3.814197710182896
12,14,6.8580237627092995
12,15,9.167413976010566
12,16,12.898850891033353
12,17,15.92637300881674
12,18,18.358032199991833
12,19,21.45632774004434
12,20,22.833794369285147
12,21,21.914966656373736
12,22,25.05287223158296
12,23,27.045245244654684
12,24,28.520890361176228
12,25,32.14542278889833
12,26,31.12742180368343
12,27,29.38434346618695
12,28,25.84405285490978
12,29,23.257658764742146
12,30,21.640851900348377
12,31,18.771894286413847
12,32,17.289506582499357
12,33,14.00422143302157
12,34,12.983689046550786
12,35,9.563796694156105
12,36,9.452000258146882
12,37,7.400484542691373
12,38,9.471541957961088
12,39,7.748844050551202
12,40,9.5238657392984
12,41,11.071065532975265
12,42,8.383835615559605
12,43,9.062217404801963
12,44,8.799741913005422
12,45,9.13497142854854
12,46,12.519594814490425
12,47,15.434497721569382
12,48,18.455863852731344
12,49,19.345309893447624
12,50,22.52997399299615
12,51,21.899819500034663
12,52,19.051050005396046
12,53,19.669716754637967
12,54,19.65525960304005
12,55,17.320658742762618
12,56,19.59637108170672
12,57,19.0951794790376
12,58,22.11640320620273
12,59,23.27346252747329
12,60,21.36615855555904
12,61,18.944813218915034
12,62,21.237952646343818
12,63,19.058434006350513
12,64,19.91402031239404
12,65,17.091396839117994
12,66,13.964831669839748
12,67,12.143447364781526
12,68,11.180170297798393
12,69,13.703669997194694
12,70,14.009064552909075
12,71,12.62443226599521
12,72,14.112001000889366
12,73,12.618895646201665
12,74,13.46930390267516
12,75,13.865909889812686
12,76,15.045188221398366
12,77,15.031626909404313
12,78,17.368444810245357
12,79,16.8537649716539
12,80,20.038045746591376
12,81,20.50552169757289
12,82,23.757573633525677
12,83,24.019143579853324
12,84,26.26881093236495
12,85,29.441801048919174
12,86,29.797011592945484
12,87,27.078228840689604
12,88,23.398747060993607
12,89,19.948025676100713
12,90,17.40547344623543
12,91,13.9471639469872
12,92,10.922405141953018
12,93,7.3456418302309165
12,94,7.082415925742469
12,95,8.065620960074892
12,96,9.726928478408329
12,97,8.255485198445783
12,98,9.299954256691864
12,99,12.37319593871991
12,100,15.630763627569465
12,101,18.91205426663651
12,102,22.150057330695237
12,103,24.049121665213008
12,104,27.6090193540791
12,105,29.31318240813795
12,106,33.08550338598777
12,107,35.180376365708675
12,108,34.24617004188891
13,1,22.024775708822638
13,2,21.447659753390067
13,3,20.933881986810864
13,4,18.982023987574635
13,5,15.632610425078513
13,6,16.529864173240234
13,7,17.20738917431864
13,8,13.912080169888227
13,9,12.222292630529243
13,10,9.386309073698937
13,11,6.004372786446981
13,12,3.814197710182896
13,14,3.8065279788368156
13,15,6.762504027632374
13,16,10.166791581020934
13,17,13.59887510833234
13,18,15.789963131634586
13,19,19.107605915436572
13,20,20.832028538766416
13,21,20.5049903180241
13,22,23.83413702070476
13,23,26.265090349102472
13,24,27.9878136726568
13,25,31.724082264938936
13,26,31.147737084178672
13,27,29.303457783543745
13,28,25.88714789513271
13,29,22.89721317442971
13,30,20.991318763004514
13,31,17.72811759613687
13,32,15.794790102234906
13,33,12.155994517972214
13,34,10.487080592819868
13,35,7.074310556171401
13,36,6.041716711232611
13,37,4.911305856358302
13,38,8.093842858301267
13,39,8.052568069200879
13,40,9.878585791375594
13,41,12.064984074873218
13,42,10.130332937681585
13,43,11.099583424502693
13,44,10.001313483169438
13,45,10.84678179039949
13,46,13.553076812926768
13,47,16.59652886140097
13,48,19.260617309498308
13,49,20.2379314718963
13,50,23.253609311135683
13,51,22.8422558389673
13,52,19.72535959999993
13,53,20.783894952104962
13,54,21.346044402371653
13,55,18.88017780887159
13,56,21.50595487852999
13,57,20.896295356237545
13,58,23.550192934329523
13,59,24.504543329043784
13,60,22.779358835437304
13,61,20.203685985080376
13,62,22.288044007822045
13,63,19.945979987209125
13,64,21.231737258906783
13,65,18.33071372286555
13,66,15.017696091750926
13,67,13.078148483296898
13,68,11.2400191356021
13,69,13.927599571117256
13,70,13.364041161777239
13,71,11.873206193849908
13,72,12.323834540142622
13,73,10.014068795424457
13,74,10.570477278587065
13,75,11.806613549598536
13,76,13.228786707545028
13,77,14.05339714501644
13,78,16.62829902246468
13,79,16.735714697273327
13,80,20.16476993838287
13,81,20.982973860881806
13,82,24.41402578825366
13,83,24.50845670002104
13,84,27.002296553135437
13,85,29.90296435201846
13,86,29.95679707789642
13,87,27.032354117485276
13,88,23.534208390724213
13,89,19.862206249252296
13,90,17.251092853532693
13,91,14.105122467048139
13,92,10.876617167994153
13,93,7.907782716634374
13,94,8.772294411734913
13,95,9.39220309394076
13,96,9.654010884465979
13,97,7.034963300843229
13,98,8.777030837879865
13,99,11.111522939104328
13,100,14.73526168647519
13,101,17.804193317953683
13,102,21.32509855185094
13,103,23.47093307066128
13,104,27.18620845951838
13,105,29.168216592743075
13,106,32.96233499789329
13,107,35.38737925683511
13,108,34.73297778735021
14,1,22.86084929646966
14,2,22.664780747512125
14,3,22.746287714873397
14,4,20.860194263824315
14,5,17.363661761218353
14,6,18.56837731880642
14,7,19.80363941626055
14,8,16.57782109107282
14,9,14.921497675155651
14,10,11.60245193575618
14,11,8.374516071703123
14,12,6.8580237627092995
14,13,3.8065279788368156
14,15,3.7995195813795917
14,16,6.7309605342562335
14,17,10.302115914073058
14,18,12.807040289369409
14,19,15.93100726787503
14,20,17.498787810554575
14,21,17.485253963022014
14,22,21.000869696236258
14,23,23.614956436249553
14,24,25.68282571420097
14,25,29.450070123174516
14,26,29.124627884993924
14,27,27.03135516761701
14,28,23.82916051522872
14,29,20.583117421223648
14,30,18.793036250142794
14,31,15.265986484453947
14,32,13.49127035806251
14,33,9.803439525664045
14,34,8.531621709345327
14,35,6.180534558920111
14,36,5.59397494688642
14,37,6.868251822746694
14,38,10.60308226025195
14,39,11.297850464747155
14,40,12.40195035476853
14,41,14.47064667153779
14,42,12.460163611251264
14,43,12.634839010974392
14,44,10.403291796661092
14,45,10.874369905232959
14,46,12.630094331273229
14,47,15.398798783131936
14,48,17.52151209695048
14,49,18.456379150314284
14,50,21.236483718869813
14,51,21.092738298179814
14,52,17.890015294357962
14,53,19.476772630405108
14,54,20.470163895525825
14,55,17.838655688950933
14,56,20.70844325317506
14,57,20.029910306685636
14,58,22.26144199599182
14,59,23.127495739014133
14,60,21.79175826617815
14,61,19.368315247328503
14,62,21.49573653945142
14,63,19.42586498476488
14,64,21.345631426206825
14,65,18.82210001220212
14,66,15.212089447959766
14,67,13.943125473015535
14,68,12.232804204422663
14,69,15.422588609812866
14,70,14.822585234159396
14,71,13.988594312283492
14,72,13.70757800922045
14,73,10.690842636020495
14,74,9.926749009548232
14,75,11.511861764287438
14,76,12.1447378746077
14,77,13.095144323236957
14,78,15.192308007016171
14,79,15.322935267971385
14,80,18.631231122351053
14,81,19.37448350457637
14,82,22.759236347109372
14,83,22.49770637888217
14,84,25.049095277378424
14,85,27.654209086689335
14,86,27.404725471080067
14,87,24.332357390037128
14,88,21.029448047866346
14,89,17.26268001521033
14,90,14.759562257749355
14,91,11.964518537040718
14,92,8.955953535367994
14,93,6.967970346871747
14,94,8.75937466994604
14,95,9.462317776120663
14,96,8.848740445014899
14,97,5.2408633151735025
14,98,6.605213247548595
14,99,7.960794068069235
14,100,11.675456065181972
14,101,14.549500657658594
14,102,18.171423135175058
14,103,20.509376528288275
14,104,24.284682615437205
14,105,26.515727548387034
14,106,30.283738065488016
14,107,32.94778954341479
14,108,32.44620980886774
15,1,21.409687924129354
15,2,21.31079376135196
15,3,21.991680455535754
15,4,20.022423822052613
15,5,16.596095094129307
15,6,18.354258438497098
15,7,19.986369216000366
15,8,16.81880089307894
15,9,15.623304071628237
15,10,12.22203248800669
15,11,9.19851779252488
15,12,9.167413976010566
15,13,6.762504027632374
15,14,3.7995195813795917
15,16,3.799653805917741
15,17,6.8702725145216
15,18,9.424005066646666
15,19,12.465859447996058
15,20,14.07186077960133
15,21,13.914067516622298
15,22,17.34111846224048
15,23,20.040742793498282
15,24,22.045204977673343
15,25,25.828119861025257
15,26,25.680898371591272
15,27,23.689489067612968
15,28,20.515338466281253
15,29,17.1479998877152
15,30,15.148992507082792
15,31,11.56718426340097
15,32,9.708720727503161
15,33,6.060951976726744
15,34,5.554283667363293
15,35,4.637141052600919
15,36,6.178182374547858
15,37,8.364964384392767
15,38,11.906512523530184
15,39,12.726892771275606
15,40,12.705771765838879
15,41,14.385663575239617
15,42,12.46010579588178
15,43,12.006782959014194
15,44,9.045971653327733
15,45,9.905489044003419
15,46,10.690214952347551
15,47,13.569787930219631
15,48,15.537947852023908
15,49,17.056618463200476
15,50,19.947667342051858
15,51,20.482682008841117
15,52,17.645453057243973
15,53,19.865388627844663
15,54,20.670076312752563
15,55,17.578042876283885
15,56,20.140171221682447
15,57,18.870327799104285
15,58,20.597109267492037
15,59,20.942504948414054
15,60,19.551578615965585
15,61,16.94960640531893
15,62,18.74438148069316
15,63,16.667506042329812
15,64,18.95564542468451
15,65,16.698492092993913
15,66,13.053968728446739
15,67,12.308116115444545
15,68,10.825015972508965
15,69,14.333129273586595
15,70,14.030087740399347
15,71,14.17787739562662
15,72,13.732406771624818
15,73,10.777633798172017
15,74,8.826018208050264
15,75,9.695098844701805
15,76,9.274565954604771
15,77,9.963479100839374
15,78,11.696438155608348
15,79,12.018390207998403
15,80,15.34294054367663
15,81,16.39868220310284
15,82,19.88969909938115
15,83,19.80592641353725
15,84,22.67430589036691
15,85,25.17070614919467
15,86,25.072850096702414
15,87,22.1940902921042
15,88,19.008785866264578
15,89,15.27779984949396
15,90,12.350999608186102
15,91,10.244144282654362
15,92,7.002081143944458
15,93,6.631217911352333
15,94,9.747849806201124
15,95,11.488825133301225
15,96,11.26901486118335
15,97,7.5689178319262655
15,98,7.026466092171796
15,99,6.814100173699576
15,100,9.970166550942544
15,101,12.177276426159036
15,102,15.91081332982109
15,103,17.844635266886613
15,104,21.604997199172704
15,105,23.65005192632935
15,106,27.409437654467123
15,107,30.127720194770323
15,108,29.946231431955862
16,1,23.855453170363013
16,2,23.890874189279632
16,3,24.970604483646106
16,4,22.93644591266124
16,5,19.6468985015909
16,6,21.668566535694843
16,7,23.430637186826335
16,8,20.268887904486952
16,9,19.285254813500686
16,10,15.89549602030496
16,11,12.941628409244128
16,12,12.898850891033353
16,13,10.166791581020934
16,14,6.7309605342562335
16,15,3.799653805917741
16,17,3.8027506985728676
16,18,6.368712766532134
16,19,9.274093519559802
16,20,11.060779504322921
16,21,11.734041522119458
16,22,15.290014024760934
16,23,18.392603678437784
16,24,20.73057835424447
16,25,24.49456600681579
16,26,24.843278569938885
16,27,22.71552511322125
16,28,19.90600242944348
16,29,16.24450125171947
16,30,14.200947125816636
16,31,10.40019879473676
16,32,8.48986967091282
16,33,5.298296702453899
16,34,5.248854984377533
16,35,6.64070058596263
16,36,7.907259911435536
16,37,11.074645551635024
16,38,14.52936245824093
16,39,15.9607165981915
16,40,15.72673016960399
16,41,17.408815955066373
16,42,15.830515731623159
16,43,15.259158441446305
16,44,12.036581446101508
16,45,12.807629162990027
16,46,12.630740637280507
16,47,15.027999064370913
16,48,16.2577383993107
16,49,17.787076356205674
16,50,20.271150526555967
16,51,21.174753338292
16,52,18.4153833719055
16,53,21.0788303822347
16,54,22.272101178084856
16,55,19.173663731371214
16,56,21.79894671722631
16,57,20.44112551940657
16,58,21.58945371393919
16,59,21.669158010258354
16,60,20.65902507779248
16,61,18.215844302020926
16,62,19.733400701789552
16,63,17.877821961572863
16,64,20.603535036166857
16,65,18.69191826352626
16,66,15.177028630909108
