1,2,3.815633105882082
1,3,6.41186621397301
1,4,10.00001202033547
1,5,12.879552810636547
1,6,14.917050517775436
1,7,18.068700538990964
1,8,20.382097216883654
1,9,22.898108641451117
1,10,22.699156775768373
1,11,25.712002751215568
1,12,26.677620456285013
1,13,27.44603153598053
1,14,29.969770433967174
1,15,31.24772812397333
1,16,29.037219724692562
1,17,30.364936760143184
1,18,31.348921041480903
1,19,30.5386490725724
1,20,33.04251438667639
1,21,32.13470675768033
1,22,31.74350993376266
1,23,28.08091609450131
1,24,27.32612972582419
1,25,25.14295464975746
1,26,24.34747469750942
1,27,23.57641960920446
1,28,22.66902894634762
1,29,22.16531802426775
1,30,20.33385081127867
1,31,22.372083503089197
1,32,19.630699212727933
1,33,18.57918460414222
1,34,15.67789530032811
1,35,12.932178936816534
1,36,10.18689687092774
1,37,10.535522885738681
1,38,11.199593479305115
1,39,14.877238782494548
1,40,16.912699095727806
1,41,19.373147004981554
1,42,22.023469870678536
1,43,25.657837568593386
1,44,28.199544000784396
1,45,31.989526219806233
1,46,32.51325615685401
1,47,31.121271129391722
1,48,32.48090950141028
1,49,30.213050565725613
1,50,27.32690845980678
1,51,27.537603796862694
1,52,25.418258631079713
1,53,27.48491783616526
1,54,26.82609709651939
1,55,23.245673156646806
1,56,20.192850316180348
1,57,19.75632846151581
1,58,16.828176114013143
1,59,14.751664150649207
1,60,11.300726397317357
1,61,12.86551588583839
1,62,10.710741582384232
1,63,12.834290876822577
1,64,11.620084731630934
1,65,14.98327597759627
1,66,16.49603720337959
1,67,20.00979702654817
1,68,21.85690445951714
1,69,22.758725234780975
1,70,20.174822933092944
1,71,20.561296130589476
1,72,18.609403518575885
1,73,20.048330188696806
1,74,19.723742179985624
1,75,21.77281540757373
1,76,23.255476483744516
1,77,25.983178361836156
1,78,28.686159932780953
1,79,31.19809801782102
1,80,34.73525982311504
1,81,36.71605799178246
1,82,35.628329336468084
1,83,32.22841300297708
1,84,29.994032229967917
1,85,26.795456079697782
1,86,24.82796074814465
1,87,22.113002977258468
1,88,20.579242002456095
1,89,21.27633582542883
1,90,24.12333589874665
1,91,27.46763891131854
1,92,26.435372480057737
1,93,24.970002694265855
1,94,26.785724899773857
1,95,28.5477063085082
1,96,30.473090809543667
1,97,33.10470812798868
1,98,32.942472044840706
1,99,35.56205509586271
1,100,35.063833145947896
1,101,38.28442148550024
1,102,38.948759589476936
1,103,39.81612951681979
1,104,36.517119555669645
1,105,34.75732990186627
2,1,3.815633105882082
2,3,3.806188295007777
2,4,6.831936581938306
2,5,9.676835239182186
2,6,12.304024460305685
2,7,15.19459515151879
2,8,17.938563258099983
2,9,20.48715857797586
2,10,20.479229333666538
2,11,23.71329855472498
2,12,24.828700421949517
2,13,26.07921363847886
2,14,28.562021446592883
2,15,29.57292126352953
2,16,27.32025822778653
2,17,28.93309022217687
2,18,29.893037737783544
2,19,29.44506935434698
2,20,32.109013789405964
2,21,30.986506229872546
2,22,30.2112176341563
2,23,26.50976311341269
2,24,25.662982880861993
2,25,23.764459217301976
2,26,22.72640090794695
2,27,22.26099750242792
2,28,21.093892491070203
2,29,20.794019977054603
2,30,18.746771741538733
2,31,20.76509946058645
2,32,18.049642344457087
2,33,17.64019697333502
2,34,14.47483305890261
2,35,12.092377538081552
2,36,9.645217895871273
2,37,8.652835128266794
2,38,8.753726426928148
2,39,12.452569230834714
2,40,13.905895823011367
2,41,16.57686865068384
2,42,19.10857870301659
2,43,22.794552782747527
2,44,25.06351799155394
2,45,28.833800146601664
2,46,29.12667563911624
2,47,27.696772083158923
2,48,28.8799663197715
2,49,26.573956105619857
2,50,23.8139006052299
2,51,24.089374290826058
2,52,22.2141129717817
2,53,24.560901618656438
2,54,24.28791256326274
2,55,20.888914918264632
2,56,17.93753884397081
2,57,18.1577763498523
2,58,15.47570940008022
2,59,12.873633812432043
2,60,9.705084495120806
2,61,11.445565397629316
2,62,9.721945973514467
2,63,12.061542852767104
2,64,11.914284932621475
2,65,15.203452748120766
2,66,16.38318626737113
2,67,19.90029138257963
2,68,21.12709374646141
2,69,21.802484257399673
2,70,19.59164713292018
2,71,19.837141055089134
2,72,17.73283176661683
2,73,19.07788810158015
2,74,18.266381993408164
2,75,20.275073093838213
2,76,21.28771384070666
2,77,24.005404480849432
2,78,26.38810727745364
2,79,28.733164048221667
2,80,32.36142031008706
2,81,34.16590612614739
2,82,32.91419957425879
2,83,29.40457261404052
2,84,27.141136051914035
2,85,24.12846792929381
2,86,21.902842081440287
2,87,19.360611414748924
2,88,17.618698972860102
2,89,17.946742218639574
2,90,20.73962497468019
2,91,24.20936307331
2,92,23.47744478170999
2,93,21.94259772148823
2,94,23.998817122215627
2,95,25.72834879112995
2,96,27.894760662091848
2,97,30.459712298259753
2,98,30.50372873128384
2,99,33.195247213182675
2,100,32.90286386291061
2,101,36.225375832147826
2,102,36.903802125633554
2,103,38.08407676904437
2,104,34.90487528776817
2,105,33.28604549253944
3,1,6.41186621397301
3,2,3.806188295007777
3,4,3.7829628021293384
3,5,6.602669344313522
3,6,8.746939473095145
3,7,11.694900255219457
3,8,14.242760625609796
3,9,16.915598794568197
3,10,17.157959245728165
3,11,20.508935572191607
3,12,21.97818933308295
3,13,23.286865935885547
3,14,26.027931917206626
3,15,27.254972323872742
3,16,25.354768925720016
3,17,27.34132633267748
3,18,28.710136388511348
3,19,28.661191675096887
3,20,31.63773699847552
3,21,30.785860135156447
3,22,29.66323452950602
3,23,25.895391619733743
3,24,24.530535170223057
3,25,22.41754007513903
3,26,20.837161637968258
3,27,20.0194778894926
3,28,18.36085895447968
3,29,17.688696255480757
3,30,15.312501497409139
3,31,17.093121588833206
3,32,14.287549850041092
3,33,14.026297238889315
3,34,10.837854668874275
3,35,8.64253030213778
3,36,6.565709476919042
3,37,5.085709287040111
3,38,6.096259898887524
3,39,9.866541273509528
3,40,11.665614594382204
3,41,14.801406235497083
3,42,17.787871438167688
3,43,21.556645046915673
3,44,23.7567113084774
3,45,27.519409937635732
3,46,27.613743698406633
3,47,25.775699177056307
3,48,27.04291510286855
3,49,25.14258501709671
3,50,22.37109143427268
3,51,23.22751098107343
3,52,21.533029189221725
3,53,24.021875177129186
3,54,23.96902975318279
3,55,20.787066046820318
3,56,17.569946292031826
3,57,18.174820274997064
3,58,15.228922157895033
3,59,12.982507977562296
3,60,9.698900852194223
3,61,10.222957148819932
3,62,7.883907861984098
3,63,9.372355841562312
3,64,9.629084645051716
3,65,12.4763490888521
3,66,13.224407152149398
3,67,16.71149678639228
3,68,17.646338492963277
3,69,18.421708255978633
3,70,16.548928596784737
3,71,17.13730027149909
3,72,15.459915257994272
3,73,17.32316047190883
3,74,16.84315034975436
3,75,19.36981183491047
3,76,20.514293663840323
3,77,23.59410102400176
3,78,25.650416268092872
3,79,28.20067934148609
3,80,31.777217247578786
3,81,33.21983168326727
3,82,31.602268242795002
3,83,27.9984675885481
3,84,25.369589149956205
3,85,22.277131199109668
3,86,19.764312521480026
3,87,16.865023256271325
3,88,14.751225624734332
3,89,15.160600033470171
3,90,17.836654394099117
3,91,21.131982325955036
3,92,20.190162824450912
3,93,18.968012225146577
3,94,21.13679987551841
3,95,23.240152485200806
3,96,25.596381234149813
3,97,28.43763192294532
3,98,28.849977492394103
3,99,31.826529010107425
3,100,31.930005925384382
3,101,35.42624645948788
3,102,36.464601450536136
3,103,37.732252765472985
3,104,34.478590006893654
3,105,33.25423349992145
4,1,10.00001202033547
4,2,6.831936581938306
4,3,3.7829628021293384
4,5,3.7906352546733366
4,6,6.568158870593541
4,7,8.668708929000228
4,8,11.731645597681997
4,9,14.652750516520856
4,10,15.486643874734073
4,11,19.114631652981366
4,12,20.991570513714343
4,13,22.790547427836167
4,14,25.585444112801373
4,15,26.64979074549417
4,16,24.939092189172857
4,17,27.328287560791768
4,18,28.81150460520458
4,19,29.237326148642868
4,20,32.39199201683162
4,21,31.44965077205721
4,22,29.8948098121552
4,23,26.16102536817802
4,24,24.560660598487065
4,25,22.70293420561492
4,26,20.70066217789095
4,27,20.026929563668862
4,28,17.881714283860333
4,29,17.16193815896745
4,30,14.370869209663558
4,31,15.716263786251268
4,32,12.859019948835762
4,33,13.299601476863506
4,34,9.919623081642188
4,35,8.88573618901258
4,36,7.93598191490733
4,37,5.231979212756098
4,38,6.068889977495458
4,39,9.127544825517132
4,40,10.059473962297144
4,41,13.634114062517774
4,42,16.539028448891703
4,43,20.272611965913576
4,44,21.997542495634185
4,45,25.653342102034767
4,46,25.30074241919282
4,47,23.20059240846053
4,48,24.17027337032296
4,49,22.435124192519723
4,50,19.954546198734693
4,51,21.170342988425084
4,52,19.992670972740715
4,53,22.854637749018377
4,54,23.360966782626583
4,55,20.57512518122292
4,56,17.55226660637776
4,57,18.91241679629182
4,58,16.30607440877515
4,59,13.876490157063216
4,60,11.248924292496943
4,61,11.413994570175213
4,62,9.57856173621443
4,63,10.461918085797448
4,64,11.586976379514008
4,65,13.733608974053778
4,66,13.722239436722907
4,67,17.0131289227558
4,68,17.22219831646027
4,69,17.960659439718185
4,70,16.80188609195074
4,71,17.520364727274607
4,72,16.090165469888888
4,73,18.02490694235622
4,74,17.281689576944753
4,75,19.842502735525247
4,76,20.515638433554408
4,77,23.591142096414256
4,78,25.131218291753367
4,79,27.497552192573707
4,80,31.089248984039045
4,81,32.18482759375143
4,82,30.256175966755226
4,83,26.534851047002512
4,84,23.74481721251251
4,85,20.92768923205731
4,86,17.964708274518426
4,87,15.172829925245644
4,88,12.474685140128281
4,89,12.171593807493162
4,90,14.480989674072086
4,91,17.85008886554559
4,92,17.30100901967504
4,93,16.35015680750322
4,94,18.979616667020508
4,95,21.278440358606474
4,96,24.029739213777606
4,97,26.89325640660496
4,98,27.727955159337075
4,99,30.859953538935088
4,100,31.340269820665743
4,101,34.94917220052986
4,102,36.1009359195348
4,103,37.69248569910766
4,104,34.58148904361722
4,105,33.6225189701696
5,1,12.879552810636547
5,2,9.676835239182186
5,3,6.602669344313522
5,4,3.7906352546733366
5,6,3.781322018841462
5,7,5.860967746688263
5,8,9.116250786393156
5,9,11.531248604254278
5,10,12.171690884968365
5,11,15.818415972350998
5,12,17.67565773318899
5,13,19.81159107460415
5,14,22.475482446469776
5,15,23.34276275824251
5,16,21.71479041399561
5,17,24.32704381464254
5,18,25.911506970967924
5,19,26.694298682840927
5,20,29.995533273453614
5,21,29.11348431641453
5,22,27.23987219000105
5,23,23.559806932318928
5,24,21.69917350798479
5,25,19.9848583590339
5,26,17.70791785103498
5,27,17.21889512534283
5,28,14.913001317103937
5,29,14.514928899446994
5,30,11.865465317268383
5,31,13.44933571757654
5,32,11.22755399296315
5,33,12.69859681243589
5,34,9.98890695347817
5,35,9.138874670021462
5,36,8.852063200081677
5,37,5.196875844934242
5,38,4.58991835070694
5,39,6.226371220798931
5,40,6.624464300371736
5,41,10.371747648031388
5,42,13.406615689309131
5,43,17.071750162333494
5,44,18.735254656167168
5,45,22.345979230120495
5,46,21.991983270690483
5,47,19.7415399969217
5,48,20.953987100799495
5,49,19.491124814428538
5,50,16.850731487958942
5,51,18.4365521212918
5,52,17.284422011381224
5,53,20.109322899280574
5,54,20.767389956678045
5,55,18.292131494948524
5,56,15.27342086417836
5,57,17.077497540683787
5,58,14.678662967990743
5,59,12.55288084591499
5,60,10.579895957016273
5,61,10.028767946081024
5,62,8.979287836249565
5,63,9.598931507558131
5,64,11.871907530985537
5,65,13.657469943713187
5,66,13.725936740489393
5,67,16.44615668517662
5,68,15.904532459731886
5,69,15.994316097019558
5,70,15.168668526939282
5,71,15.48725237476392
5,72,14.013322112790629
5,73,15.7710382081115
5,74,14.81859095514086
5,75,17.417677128665186
5,76,17.87824776799192
5,77,21.04590562286434
5,78,22.225713537794448
5,79,24.644692815986254
5,80,28.147436655453227
5,81,28.98356090975288
5,82,26.85856931836963
5,83,23.12163815544607
5,84,20.178429670814644
5,85,17.39605875749374
5,86,14.303912215506472
5,87,11.479041460263623
5,88,8.689906198764891
5,89,8.593827303737925
5,90,11.272946415081078
5,91,14.593870755407892
5,92,13.858119924074023
5,93,12.628007498835906
5,94,15.210516493636064
5,95,17.505498972299982
5,96,20.326587682161506
5,97,23.228063156127817
5,98,24.239459663686013
5,99,27.479118176565333
5,100,28.20547810067546
5,101,31.885168349871496
5,102,33.235211215427704
5,103,34.93573118415444
5,104,31.86729991294779
5,105,31.209964389802003
6,1,14.917050517775436
6,2,12.304024460305685
6,3,8.746939473095145
6,4,6.568158870593541
6,5,3.781322018841462
6,7,3.7919910627996267
6,8,5.853659474515399
6,9,8.2281953925437
6,10,8.99604856434731
6,11,12.683920497018368
6,12,14.936106274049738
6,13,16.885021478460057
6,14,19.866489968429917
6,15,21.143830980639358
6,16,20.034263939640887
6,17,22.902417404444282
6,18,24.973181424533156
6,19,26.0180035557533
6,20,29.52954738137634
6,21,29.094474666221945
6,22,27.08337447364558
6,23,23.446147699610844
6,24,21.0668882056794
6,25,18.978702486534438
6,26,16.206807860563448
6,27,15.094169766912083
6,28,12.270188840929785
6,29,11.269328493900177
6,30,8.27388098790115
6,31,9.668435883137375
6,32,7.6261504847958035
6,33,9.596381428539548
6,34,7.665183904586888
6,35,7.213195259713398
6,36,7.9769136806780185
6,37,4.876552826714962
6,38,5.366969523612598
6,39,5.52626123136303
6,40,6.967840197437825
6,41,10.521690153567338
6,42,13.997493425383334
6,43,17.452416991418776
6,44,19.22819710312384
6,45,22.700131074893655
6,46,22.384098387116175
6,47,19.75449644302917
6,48,21.30290760004021
6,49,20.477367711776136
6,50,17.76788315213763
6,51,19.900991560330635
6,52,18.72901446213116
6,53,21.27821797846236
6,54,21.8139661776997
6,55,19.54765188931682
6,56,16.321142652214164
6,57,17.988886643627655
6,58,15.327902615152963
6,59,14.063158416465068
6,60,12.052363035124
6,61,10.251003997405302
6,62,8.809891262377146
6,63,7.964859929649055
6,64,10.572497237871652
6,65,11.429055130612257
6,66,11.137121889525476
6,67,13.35459693162591
6,68,12.360934442935008
6,69,12.37763792843405
6,70,11.98288526351177
6,71,12.67580947471309
6,72,11.93887641248284
6,73,14.283016902948848
6,74,14.060909864280712
6,75,17.16878005280925
6,76,18.063739233307412
6,77,21.53253296451879
6,78,22.513721648436373
6,79,25.241774536272633
6,80,28.52022087174129
6,81,29.04266019923895
6,82,26.650867529558287
6,83,22.99149174187607
6,84,19.693040545252597
6,85,16.730861935013127
6,86,13.649064882043099
6,87,10.248167107689993
6,88,7.28116251062734
6,89,8.10591921546452
6,90,10.584859222570818
6,91,13.239918222190958
6,92,11.679700482763488
6,93,10.930461058204797
6,94,13.273683924027203
6,95,16.083338767411874
6,96,18.862384790358252
6,97,22.129904996463416
6,98,23.4216975516928
6,99,26.896916334901498
6,100,27.94145516498139
6,101,31.69151667302503
6,102,33.43915405580052
6,103,35.00191495305102
6,104,31.814696701808955
6,105,31.538102975090737
7,1,18.068700538990964
7,2,15.19459515151879
7,3,11.694900255219457
7,4,8.668708929000228
7,5,5.860967746688263
7,6,3.7919910627996267
7,8,3.8196930402664524
7,9,6.696502846136117
7,10,8.844777000273739
7,11,12.619471089860085
7,12,15.435895971205936
7,13,17.841182851463252
7,14,20.795943163236277
7,15,21.90371305820806
7,16,21.159038763196005
7,17,24.375325978974498
7,18,26.53697302535502
7,19,28.025803884794257
7,20,31.61484939027482
7,21,31.125129049744785
7,22,28.76066176573498
7,23,25.277035908502757
7,24,22.73743233460313
7,25,20.980055173756647
7,26,17.90331954698793
7,27,16.943954914263156
7,28,13.733883866114228
7,29,12.615091998436377
7,30,9.377845370954308
7,31,9.596838461353608
7,32,7.792702673627214
7,33,10.470852200457871
7,34,8.816218312681945
7,35,9.847855664520303
7,36,11.2087193053003
7,37,8.439543911008677
7,38,8.910071382201162
7,39,8.382134875111506
7,40,8.400357648235307
7,41,11.790204544849155
7,42,14.806996189375367
7,43,17.929092009260305
7,44,19.0125756338817
7,45,22.184243458674818
7,46,21.273549149841237
7,47,18.257639607230104
7,48,19.381859359903324
7,49,18.97176317850789
7,50,16.785410489227125
7,51,19.4005644861899
7,52,18.93216245822295
7,53,21.763240759526553
7,54,22.877810857909225
7,55,21.11896003031443
7,56,18.268800185354785
7,57,20.47149113676147
7,58,18.225298455882346
7,59,16.85186967781734
7,60,15.329944968381232
7,61,13.656431018617598
7,62,12.563944076526294
7,63,11.508908131792868
7,64,14.032556638861717
7,65,14.29319670191525
7,66,13.220751521501114
7,67,15.018376204944795
7,68,13.314525109476087
7,69,13.428397686408177
7,70,14.04303351758198
7,71,14.96598446684494
7,72,14.692955240896357
7,73,16.944806842646774
7,74,16.564185347980896
7,75,19.49000978382753
7,76,19.905044125837826
7,77,23.200889206266098
7,78,23.60687533256122
7,79,26.054431771941566
7,80,29.240746759569124
7,81,29.33834606001121
7,82,26.609246171698782
7,83,22.922344649574082
7,84,19.48661385082634
7,85,17.023639123346197
7,86,13.514658382964168
7,87,10.510471603711256
7,88,6.82850774405566
7,89,6.239354418809287
7,90,7.55867393001977
7,91,10.047616540515138
7,92,8.992784467725867
7,93,9.144714646000313
7,94,12.209781471908775
7,95,15.353961360331757
7,96,18.593980946755007
7,97,21.837092364381814
7,98,23.676795647039423
7,99,27.263037820064802
7,100,28.73963228628094
7,101,32.5279232874931
7,102,34.384731832284295
7,103,36.24231149835353
7,104,33.25364995417581
7,105,33.25040611575344
8,1,20.382097216883654
8,2,17.938563258099983
8,3,14.242760625609796
8,4,11.731645597681997
8,5,9.116250786393156
8,6,5.853659474515399
8,7,3.8196930402664524
8,9,3.7985578929892654
8,10,6.7935780366186735
8,11,10.262695921083626
8,12,13.594904015259852
8,13,15.689663510175965
8,14,18.92234873486173
8,15,20.470359098119
8,16,20.36757043712738
8,17,23.756708396936297
8,18,26.35690530068654
8,19,28.0652270921217
8,20,31.782179645675676
8,21,31.725557395069774
8,22,29.287755653561447
8,23,25.920911658425304
8,24,22.97305553698736
8,25,20.921980620138132
8,26,17.49412166062068
8,27,15.934535799099708
8,28,12.325273549449369
8,29,10.473834476934556
8,30,7.036019270273627
8,31,6.18029569853588
8,32,5.0827665286617965
8,33,8.512258650457639
8,34,8.297780253970387
8,35,9.886378838061525
8,36,11.966172147434703
8,37,10.064617869621113
8,38,11.016641066002341
8,39,9.847304577237479
8,40,10.541182871797952
8,41,13.371846073317947
8,42,16.52674991317702
8,43,19.31952814846984
8,44,20.484303378265974
8,45,23.42005978565323
8,46,22.591674995540757
8,47,19.32517193105163
8,48,20.745023000771088
8,49,20.9555059016667
8,50,18.77829551828608
8,51,21.728193504215017
8,52,21.20274324211986
8,53,23.699379904532858
8,54,24.64310573062786
8,55,23.062101684174504
8,56,20.10444820023946
8,57,22.089004025884282
8,58,19.685454459894313
8,59,18.976089840393723
8,60,17.412832699861386
8,61,15.021049822778602
8,62,13.729363775682707
8,63,11.700756775079709
8,64,14.138082525437436
8,65,13.420088639480564
8,66,11.909662411568942
8,67,12.836312733800566
8,68,10.45309302725909
8,69,10.521822199900322
8,70,11.981119306696726
8,71,13.358044730671732
8,72,14.008628257255832
8,73,16.655360138912187
8,74,16.979705166001505
8,75,20.196691405773873
8,76,20.987364119240166
8,77,24.443876272967433
8,78,24.687150729427685
8,79,27.365789262589328
8,80,30.284881617688086
8,81,30.09291180392091
8,82,27.164113126008886
8,83,23.654914008814423
8,84,19.989731895675504
8,85,17.47334713949575
8,86,14.213754547161676
8,87,10.970356428009536
8,88,7.757105448560957
8,89,8.189994389480667
8,90,8.86460101842526
8,91,10.002063735830932
8,92,7.841337485334162
8,93,8.96284053013027
8,94,11.444201246843452
8,95,15.031650645929794
8,96,18.075609532289004
8,97,21.597156098138132
8,98,23.689134875413004
8,99,27.422951048066704
8,100,29.18166835050569
8,101,32.96913886594108
8,102,35.18001664592965
8,103,36.87262580788028
8,104,33.80621736244453
8,105,34.15124314860566
9,1,22.898108641451117
9,2,20.48715857797586
9,3,16.915598794568197
9,4,14.652750516520856
9,5,11.531248604254278
9,6,8.2281953925437
9,7,6.696502846136117
9,8,3.7985578929892654
9,10,3.796046261421726
9,11,6.813713085554231
9,12,10.33388769118026
9,13,12.694024093819689
9,14,15.745860635750494
9,15,17.201902137491757
9,16,17.485839138629057
9,17,21.0475066841201
9,18,23.837261800201553
9,19,25.885434831303115
9,20,29.657130222181177
9,21,29.81975475705519
9,22,27.181484283252345
9,23,24.037618503413473
9,24,20.817193469110094
9,25,18.87603094379992
9,26,15.225508834949562
9,27,13.699366303486054
9,28,9.99595533704912
9,29,8.493648599307202
9,30,6.019788283810907
9,31,5.457846102106216
9,32,6.78258749021745
9,33,10.567900762641814
9,34,11.335312702027334
9,35,12.368305185495725
9,36,14.344949701940367
9,37,12.412796212045611
9,38,12.594106447965554
9,39,10.315537178430018
9,40,10.72614646546457
9,41,12.603478225811507
9,42,15.510259772675942
9,43,17.778706011992202
9,44,18.919897444931653
9,45,21.56455010199331
9,46,20.929334123949566
9,47,17.608673870521503
9,48,19.478872519279978
9,49,20.17719686628416
9,50,17.901328802514044
9,51,21.075856461817384
9,52,20.478176362302083
9,53,22.56256552206832
9,54,23.425365609161634
9,55,22.237925436211086
9,56,19.447689486091573
9,57,21.476658454514606
9,58,19.35856635409751
9,59,19.221299494262414
9,60,18.205821781676818
9,61,15.41708297460103
9,62,14.802288830266228
9,63,12.721649374267937
9,64,15.617786031331327
9,65,14.688590895294185
9,66,13.656555535364156
9,67,13.699041848497542
9,68,10.656868757975595
9,69,9.49117268356731
9,70,11.43756425304813
9,71,12.166267810950144
9,72,13.046676296286028
9,73,15.334588275008992
9,74,15.750435505717336
9,75,18.837295470860955
9,76,19.576427405094126
9,77,22.97176178276458
9,78,22.85406871589232
9,79,25.599196256048245
9,80,28.220244022118393
9,81,27.726952084902127
9,82,24.652510454905677
9,83,21.34439091874137
9,84,17.57381659405367
9,85,15.162991575866092
9,86,12.22476029755053
9,87,9.1566622062597
9,88,6.858809598338089
9,89,8.28250382587544
9,90,8.959982654495995
9,91,9.05230152395111
9,92,5.755585486167514
9,93,6.825471803214196
9,94,8.416200641608254
9,95,12.139466507566697
9,96,14.972742401955259
9,97,18.59604658181307
9,98,20.878016172429298
9,99,24.669818509402333
9,100,26.69119328959927
9,101,30.440762438046814
9,102,32.91166980372408
9,103,34.557700350100966
9,104,31.545734193956996
9,105,32.25216118012908
10,1,22.699156775768373
10,2,20.479229333666538
10,3,17.157959245728165
10,4,15.486643874734073
10,5,12.171690884968365
10,6,8.99604856434731
10,7,8.844777000273739
10,8,6.7935780366186735
10,9,3.796046261421726
10,11,3.8021348596973534
10,12,6.816013518574816
10,13,9.29287737837619
10,14,12.235376473134476
10,15,13.686863704896611
10,16,13.838670774548806
10,17,17.33503058589005
10,18,20.206124230464805
10,19,22.21715744487591
10,20,26.003277570626064
10,21,26.33941790493865
10,22,23.77323349146113
10,23,20.67044668739706
10,24,17.323817030988423
10,25,15.231336768857766
10,26,11.529777297592947
10,27,9.95196614989526
10,28,6.298711560245688
10,29,5.601524185018234
10,30,4.697344218956756
10,31,6.250492448708128
10,32,8.425705765405986
10,33,11.904717967436332
10,34,12.925566980622326
10,35,12.889607264495014
10,36,14.422986467417557
10,37,12.488355891301223
10,38,11.932678703937642
10,39,8.906328979493226
10,40,9.650873093726531
10,41,10.622038489139673
10,42,13.577674442460387
10,43,15.652971885694994
10,44,17.330073006075505
10,45,20.02608626238701
10,46,20.04225523181124
10,47,17.082589925951044
10,48,19.584939749025583
10,49,20.16451650907361
10,50,17.40571966620272
10,51,20.328478115086295
10,52,19.16616989388057
10,53,20.72687817262645
10,54,21.108508512058922
10,55,19.90131560603676
10,56,17.04067419242085
10,57,18.769454451904952
10,58,16.71342490251886
10,59,17.180318923865467
10,60,16.49299486919834
10,61,13.361277480586331
10,62,13.349263433025357
10,63,11.456916862202798
10,64,14.743525659924156
10,65,14.062416829695522
10,66,13.970961234827193
10,67,13.71721794612371
10,68,10.843026473845711
10,69,8.489131473098697
10,70,9.772171826915882
10,71,9.428735462508637
10,72,10.033465267414678
10,73,11.936955426866888
10,74,12.48615610670471
10,75,15.565653718425775
10,76,16.567301741969693
10,77,20.033031991950004
10,78,20.038026679163842
10,79,23.04882549323666
10,80,25.534529741318796
10,81,25.175481716856027
10,82,22.28331961483663
10,83,19.117976063485298
10,84,15.390718581568306
10,85,12.579961965641733
10,86,10.277235310452875
10,87,6.989000093267321
10,88,6.255030105842289
10,89,9.176948735388562
10,90,10.895131455301817
10,91,11.147053954483631
10,92,7.594429997342674
10,93,6.925652409255477
10,94,6.9122525243564885
10,95,10.195633773356017
10,96,12.402849720638198
10,97,16.141580369463146
10,98,18.04077024760565
10,99,21.80373750037084
10,100,23.654206774724738
10,101,27.371737612432643
10,102,29.935245016106293
10,103,31.34480360526886
10,104,28.217543493277166
10,105,28.985558889094406
11,1,25.712002751215568
11,2,23.71329855472498
11,3,20.508935572191607
11,4,19.114631652981366
11,5,15.818415972350998
11,6,12.683920497018368
11,7,12.619471089860085
11,8,10.262695921083626
11,9,6.813713085554231
11,10,3.8021348596973534
11,12,3.8072379963429737
11,13,6.222133997644759
11,14,9.018327665992478
11,15,10.731173998740848
11,16,11.737727850612616
11,17,15.302994745526963
11,18,18.535960613331135
11,19,20.849118476369032
11,20,24.636540081428834
11,21,25.410590969161305
11,22,22.773236123515876
11,23,20.031948912892396
11,24,16.390841880575394
11,25,14.288776968214185
11,26,10.500850779523118
11,27,8.671771852836663
11,28,5.416057584138801
11,29,5.324933111150015
11,30,6.629031531596903
11,31,7.926409318093745
11,32,11.078564939463954
11,33,14.290130300891754
11,34,15.977923153474608
11,35,15.801624782521248
11,36,17.325219218617033
11,37,15.750880912764847
11,38,15.052803367387245
11,39,11.782574819403765
11,40,12.529332939857056
11,41,12.533838007635373
11,42,15.008740148341282
11,43,16.362511489081058
11,44,18.07684926293583
11,45,20.325271760508098
11,46,20.677012001507446
11,47,17.87311291000654
11,48,20.73906519202996
11,49,21.74961696275594
11,50,19.009315118780467
11,51,21.94096643431348
11,52,20.661102005792586
11,53,21.64515498305377
11,54,21.75727323761113
11,55,20.918033178534245
11,56,18.278314706753896
11,57,19.736970135003425
11,58,17.938390290281536
11,59,19.083785628794473
11,60,18.754628090885692
11,61,15.38605835910612
11,62,15.733154213239457
11,63,13.735459523301504
11,64,16.900754081502495
11,65,15.865924484184802
11,66,16.03353602443592
11,67,14.962079023837093
11,68,11.866075015334557
11,69,8.678371627639295
11,70,10.278271211420732
11,71,9.31828898647044
11,72,10.472316107836196
11,73,11.875803151747421
11,74,12.884577546394077
11,75,15.694982455218248
11,76,16.86043472064412
11,77,20.156268005618465
11,78,19.882122527058748
11,79,22.988558830207293
11,80,25.013627863316657
11,81,24.362250723620075
11,82,21.433843091539718
11,83,18.707385450650985
11,84,15.065957757710605
11,85,12.448590992028679
11,86,11.11881600020212
11,87,8.589123894124679
11,88,9.239663290337552
11,89,12.282847321574256
11,90,13.7232957992597
11,91,13.20002966534374
11,92,9.457377406147717
11,93,8.826511996809584
11,94,7.109981311442231
11,95,9.749371008934038
11,96,10.995571306989762
11,97,14.75317878899756
11,98,16.686028088397062
11,99,20.40033405857892
11,100,22.471867620203525
11,101,26.043285980982823
11,102,28.939074414302613
11,103,30.12561890392611
11,104,27.02375564108157
11,105,28.215733823510956
12,1,26.677620456285013
12,2,24.828700421949517
12,3,21.97818933308295
12,4,20.991570513714343
12,5,17.67565773318899
12,6,14.936106274049738
12,7,15.435895971205936
12,8,13.594904015259852
12,9,10.33388769118026
12,10,6.816013518574816
12,11,3.8072379963429737
12,13,3.8011633032206333
12,14,5.566340718430738
12,15,7.034700267703289
12,16,8.084950251521692
12,17,11.588410491795194
12,18,14.94649512924093
12,19,17.34674617603539
12,20,21.105055014159426
12,21,22.102748611121832
12,22,19.505294355717908
12,23,16.995298750313495
12,24,13.23850591738501
12,25,11.172062066630016
12,26,7.5217796492734985
12,27,6.033550806329823
12,28,4.335245770380165
12,29,6.391496305192391
12,30,9.10697281094488
12,31,11.222054136925134
12,32,14.243246439475122
12,33,17.162683529100583
12,34,18.77079389093086
12,35,17.956637304514928
12,36,19.03582937859042
12,37,17.445885246279097
12,38,16.14968422620688
12,39,12.625426294516936
12,40,13.309331428181569
12,41,12.273604651072581
12,42,14.269997102119936
12,43,15.072843515911472
12,44,17.162762809614836
12,45,19.227875327949647
12,46,20.242641714187524
12,47,17.97420019972164
12,48,21.27296744192003
12,49,22.175184393913813
12,50,19.180461178901346
12,51,21.73994074763322
12,52,20.028572017026818
12,53,20.356273532326842
12,54,19.973542635151798
12,55,19.306722744642403
12,56,16.874428096249726
12,57,17.9718660609691
12,58,16.534661884772
12,59,18.30329651045074
12,60,18.493889333166386
12,61,15.131353220455287
12,62,16.188061316430403
12,63,14.690584772922495
12,64,17.94431439323186
12,65,17.282489938858358
12,66,18.180363072583525
12,67,17.041265451746817
12,68,14.36676625730588
12,69,10.766056492765161
12,70,11.436176214171466
12,71,9.244804196742951
12,72,9.761161340056015
12,73,10.036247108114544
12,74,11.020449602957159
12,75,13.34756383942908
12,76,14.642700078084102
12,77,17.746934629666097
12,78,17.46646215533616
12,79,20.729695958679514
12,80,22.451279733354745
12,81,21.881044259214505
12,82,19.221715946011436
12,83,16.8541421893152
12,84,13.527107534629131
12,85,10.800711329493724
12,86,10.676369714300458
12,87,8.841720184900257
12,88,10.864147435313269
12,89,14.279446031986014
12,90,16.17521178297871
12,91,15.809048823329803
12,92,12.31380243289032
12,93,10.76668680489575
12,94,8.004871059425302
12,95,9.199141186742224
12,96,9.132237270430847
12,97,12.677789018772
12,98,14.036519632281392
12,99,17.57739849508573
12,100,19.470451957372457
12,101,22.919575262066132
12,102,25.931995879542924
12,103,26.85407362629142
12,104,23.6972186042815
12,105,25.050599653482454
13,1,27.44603153598053
13,2,26.07921363847886
13,3,23.286865935885547
13,4,22.790547427836167
13,5,19.81159107460415
13,6,16.885021478460057
13,7,17.841182851463252
13,8,15.689663510175965
13,9,12.694024093819689
13,10,9.29287737837619
13,11,6.222133997644759
13,12,3.8011633032206333
13,14,3.8274017014584554
13,15,7.11744945722992
13,16,8.829672542589085
13,17,11.549226393134036
13,18,15.238146406357375
13,19,17.234120065153867
13,20,20.880214213891218
13,21,22.460627043034116
13,22,20.31056374445031
13,23,17.966760992321134
13,24,14.232059394409989
13,25,11.562748157860533
13,26,8.431177045774696
13,27,5.713800123199097
13,28,5.12650591882043
13,29,6.316557098582383
13,30,9.883084120402893
13,31,11.94792238421885
13,32,15.128519847730448
13,33,17.445630850668664
13,34,19.5551633191553
13,35,18.47760868128635
13,36,19.534230480177214
13,37,18.625777600206987
13,38,17.703059491966105
13,39,14.533526657961191
13,40,15.976149161545555
13,41,15.055926001160213
13,42,17.245243483527645
13,43,18.10088477412978
13,44,20.503604735989946
13,45,22.552583369085227
13,46,23.828728343395404
13,47,21.705284827228997
13,48,25.05303346262252
13,49,25.89872291326491
13,50,22.807972395828546
13,51,25.192811564402092
13,52,23.207086612421655
13,53,23.284637783774876
13,54,22.439657331940218
13,55,21.527141795300412
13,56,18.918226344175324
13,57,19.319818454657938
13,58,17.57171829305223
13,59,19.836225352042813
13,60,19.70493151805786
13,61,16.093692483355397
13,62,16.82452984136549
13,63,14.95986215608172
13,64,17.708321533666666
13,65,16.64252290311131
13,66,17.822438312095166
13,67,16.108498429283422
13,68,13.762786778358938
13,69,9.954302562075737
13,70,10.302729825860318
13,71,7.929337705409488
13,72,9.303801476121276
13,73,9.763238385390327
13,74,11.875356869388064
13,75,14.324442758474774
13,76,16.35911112951809
13,77,19.47239331535242
13,78,19.604855130350913
13,79,23.064417742549367
13,80,24.565825559139046
13,81,24.173740168679558
13,82,21.82228986601509
13,83,19.785465767406457
13,84,16.73425641032423
13,85,13.927063393285462
13,86,14.203965037211299
13,87,12.185706511086977
13,88,14.044221081911568
13,89,17.584650731356056
13,90,19.565545890364582
13,91,19.227403502559856
13,92,15.574601515364092
13,93,14.362859234350168
13,94,11.781270342146549
13,95,12.880388455740883
13,96,12.259805737503166
13,97,15.484062422631284
13,98,16.340952247576066
13,99,19.559072709368987
13,100,21.142465395378604
13,101,24.342500063452256
13,102,27.450660496309947
13,103,27.878485023070333
13,104,24.562396165738388
13,105,25.94578308570522
14,1,29.969770433967174
14,2,28.562021446592883
14,3,26.027931917206626
14,4,25.585444112801373
14,5,22.475482446469776
14,6,19.866489968429917
14,7,20.795943163236277
14,8,18.92234873486173
14,9,15.745860635750494
14,10,12.235376473134476
14,11,9.018327665992478
14,12,5.566340718430738
14,13,3.8274017014584554
14,15,3.7998589771005262
14,16,6.403279239130727
14,17,8.705137514632748
14,18,12.482606538121972
14,19,14.815843866959195
14,20,18.30552340218907
14,21,20.148437866989955
14,22,17.926195213532665
14,23,16.142197645172303
14,24,12.439099309355408
14,25,10.336113668024177
14,26,7.958241044273155
14,27,6.626353019210994
14,28,7.76518247326548
14,29,9.939670044945514
14,30,13.486418337091084
14,31,15.648451920769666
14,32,18.813050577652625
14,33,21.21789131658923
14,34,23.17651245218706
14,35,21.92897776596722
14,36,22.750333623185156
14,37,21.623125223889705
14,38,20.219529240258385
14,39,16.852090442484524
14,40,17.822427609246837
14,41,16.12685136153292
14,42,17.59148068846114
14,43,17.692775188852885
14,44,20.050331903826837
14,45,21.640256382368833
14,46,23.33961301479098
14,47,21.669291533214796
14,48,25.243425446670607
14,49,26.19353259649632
14,50,23.126868000152154
14,51,25.268128747813773
14,52,23.16954180414851
14,53,22.651654063947834
14,54,21.551630334404
14,55,21.099065979590033
14,56,18.986881461570057
14,57,19.24681152109405
14,58,18.142099406912383
14,59,20.764146787776156
14,60,21.25357751961092
14,61,17.895739151462244
14,62,19.259049410971148
14,63,17.913921751016105
14,64,20.757940071798682
14,65,20.02322490338091
14,66,21.476958694065182
14,67,19.818397533068033
14,68,17.577377779268996
14,69,13.768201205755297
14,70,13.871295529641586
14,71,11.050886126773403
14,72,11.63639683482001
14,73,10.858616372118446
14,74,12.44084401071142
14,75,13.95505149752816
14,76,15.70498345295923
14,77,18.29144130668196
14,78,18.101985984038617
14,79,21.447382626491564
14,80,22.440089805765712
14,81,21.89488702610975
14,82,19.76747343338331
14,83,18.297834464370265
14,84,15.730301749912876
14,85,13.35278694846025
14,86,14.61440091266663
14,87,13.51086907891886
14,88,16.100499626986338
14,89,19.61483259765699
14,90,21.621868827696474
14,91,21.13210945826294
14,92,17.703991143598273
14,93,16.078491290973705
14,94,12.884227044989434
14,95,12.890178646090614
14,96,11.164754224613576
14,97,13.740289442635756
14,98,14.140759145666804
14,99,16.979003391704328
14,100,18.546617445139255
14,101,21.474996535479082
14,102,24.761784750366207
14,103,24.98278868223091
14,104,21.78947459265785
14,105,23.54469627943174
15,1,31.24772812397333
15,2,29.57292126352953
15,3,27.254972323872742
15,4,26.64979074549417
15,5,23.34276275824251
15,6,21.143830980639358
15,7,21.90371305820806
15,8,20.470359098119
15,9,17.201902137491757
15,10,13.686863704896611
15,11,10.731173998740848
15,12,7.034700267703289
15,13,7.11744945722992
15,14,3.7998589771005262
15,16,3.8290948340647213
15,17,6.316654332538195
15,18,9.808644070818179
15,19,12.792728106148024
15,20,16.195276070045033
15,21,17.786021947439053
15,22,15.1718186859696
15,23,13.808207733667036
15,24,10.190965640549903
15,25,9.206228797470777
15,26,7.448715486716807
15,27,8.016813797571674
15,28,9.651369814341574
15,29,12.573131516002018
15,30,15.829607044630114
15,31,18.14923967167174
15,32,21.165922289222426
15,33,23.868681489003194
15,34,25.446149633649345
15,35,24.153351879215254
15,36,24.78113506869543
15,37,23.177114288654995
15,38,21.238122554886345
15,39,17.654420876154866
15,40,17.90268046366234
15,41,15.537392813688855
15,42,16.18362644493392
15,43,15.535256373398031
15,44,17.679354105329626
15,45,18.839713679318354
15,46,20.841636911324855
15,47,19.614860882327072
15,48,23.322123100814146
15,49,24.303978636080657
15,50,21.324911137628252
15,51,23.238056238027834
15,52,21.167849203052015
15,53,20.214557985594947
15,54,19.114918669537765
15,55,19.223264782320538
15,56,17.706049622654447
15,57,18.214459963083335
15,58,17.865425099890206
15,59,20.457731290153255
15,60,21.61780097148763
15,61,18.661987622315117
15,62,20.645515724372395
15,63,19.884047417278968
15,64,23.02808468743556
15,65,22.75397202543411
15,66,24.29830429357288
15,67,22.992594114021475
15,68,20.68667884359926
15,69,16.909018320100724
15,70,16.93183466071351
15,71,13.876986356396399
15,72,13.61692585521699
15,73,11.986800099777552
15,74,12.481963807686045
15,75,13.04378179393747
15,76,14.025337279993725
15,77,16.043637390532844
15,78,15.305528388127522
15,79,18.408961232501138
15,80,19.06571888436185
15,81,18.310268033780215
15,82,16.252409986633193
15,83,15.154648833262145
15,84,13.015239282443318
15,85,11.177989035533676
15,86,13.247139938244878
15,87,13.15429060164511
15,88,16.315532725189748
15,89,19.63703482487177
15,90,21.640643600455984
15,91,21.122329016153067
15,92,18.08886460123842
15,93,15.967770630723795
15,94,12.408205208366601
15,95,11.30862819627879
15,96,8.687310322416025
15,97,10.565729452496798
15,98,10.627791082546366
15,99,13.284131616158083
15,100,15.006580138346784
15,101,17.884880847245427
15,102,21.270387575239617
15,103,21.647281421958397
15,104,18.651507174882685
15,105,20.701943766597463
16,1,29.037219724692562
16,2,27.32025822778653
16,3,25.354768925720016
16,4,24.939092189172857
16,5,21.71479041399561
16,6,20.034263939640887
16,7,21.159038763196005
16,8,20.36757043712738
16,9,17.485839138629057
16,10,13.838670774548806
16,11,11.737727850612616
16,12,8.084950251521692
16,13,8.829672542589085
16,14,6.403279239130727
16,15,3.8290948340647213
16,17,3.802953743516194
16,18,6.947876694498168
16,19,9.832520437291267
16,20,13.449637912268548
16,21,14.56316841872724
16,22,11.887395831706456
16,23,10.118929371861933
16,24,6.41541515799482
16,25,5.743318327786776
16,26,4.707546248331106
16,27,6.955034540641614
16,28,9.374873408909734
16,29,12.93529399740557
16,30,15.965045364377588
16,31,18.836324520298703
16,32,21.357555017934192
16,33,24.0095816877179
16,34,25.072959139523952
16,35,23.394398143923983
16,36,23.612573900900003
16,37,21.74665165873102
16,38,19.335462013108515
16,39,15.82534578285213
16,40,15.86014292760387
16,41,13.032161427236321
16,42,13.343422550212939
16,43,12.64951437496418
16,44,15.258650410959117
16,45,16.739144741503665
16,46,19.150364931006315
16,47,18.348847326326375
16,48,22.126373577816445
16,49,22.557395562111935
16,50,19.307744989747306
16,51,20.754676439183903
16,52,18.290548682959706
16,53,17.106069594631144
16,54,15.64096889025709
16,55,15.592827318711953
16,56,14.178207270855712
16,57,14.56195898337422
16,58,14.569326166817364
16,59,17.23297304212145
16,60,18.791828233277375
16,61,16.20966945635845
16,62,18.709547124184265
16,63,18.6194949555647
16,64,21.888330070411328
16,65,22.245912074068176
16,66,24.15114953072571
16,67,23.39369843133867
16,68,21.429345054436762
16,69,17.788815750199362
16,70,17.165246811907743
16,71,13.746785177060659
16,72,12.445168806990583
16,73,9.998618796273368
16,74,9.601385544735075
16,75,9.490305365810224
16,76,10.29574424750574
16,77,12.271675215349015
16,78,11.85301633552464
16,79,15.192692164490534
16,80,16.162836266310773
16,81,15.990688498669616
16,82,14.315469169639737
16,83,12.971803168473585
16,84,11.114873937329733
16,85,8.858234247904816
16,86,11.440884700117213
16,87,11.63612882208926
16,88,15.17053509651452
16,89,18.52334659383914
16,90,20.993908555139047
16,91,21.07708906579397
16,92,18.33268137436864
16,93,15.572192646565693
16,94,12.290514208561685
16,95,10.718852455407383
16,96,8.10553014781529
16,97,9.68043582285968
16,98,8.765691215582416
16,99,11.371531599859598
16,100,12.440221297635501
16,101,15.57354031056065
16,102,18.644970277334043
16,103,19.086523513661227
16,104,15.854241849805133
16,105,17.491004549606586
17,1,30.364936760143184
17,2,28.93309022217687
17,3,27.34132633267748
17,4,27.328287560791768
17,5,24.32704381464254
