1,2,3.8057847569633805
1,3,6.57925502215021
1,4,9.464010472630525
1,5,11.900861369141142
1,6,10.244855186881558
1,7,11.58523960994062
1,8,11.011236535651648
1,9,14.217177600022662
1,10,16.74729175505385
1,11,16.860030346252486
1,12,19.68941229328107
1,13,21.041963935415115
1,14,23.464322590581414
1,15,23.297682072395045
1,16,26.03317888125739
1,17,27.0876678432852
1,18,27.045546686109788
1,19,30.04973643415327
1,20,32.084764696963596
1,21,30.558758594732534
1,22,31.95960860242605
1,23,33.63895496846107
1,24,32.92067490152591
1,25,35.76544077813218
1,26,35.56326237406079
1,27,35.21160838222822
1,28,31.55684668575578
1,29,30.18809043551598
1,30,27.26591258506288
1,31,25.811904389904754
1,32,23.851699058044186
1,33,22.738238265049688
1,34,21.703979730083862
1,35,19.944779629630446
1,36,21.3119529398758
1,37,18.636350267919802
1,38,15.928874091899395
1,39,14.153954569035555
1,40,11.61557762697235
1,41,9.466811551215914
1,42,12.177746086113936
1,43,14.541240120115335
1,44,17.7161598712226
1,45,20.886437881874567
1,46,23.278314577495756
1,47,26.555309377171078
1,48,30.1700437938814
1,49,32.8356310992538
1,50,36.617001470872005
1,51,37.25609120914945
1,52,35.55261483352708
1,53,36.633113905802844
1,54,35.20036533100457
1,55,32.245777646018894
1,56,32.882681093962624
1,57,30.783685879481734
1,58,32.94677120294291
1,59,32.07012389923662
1,60,28.55020695802633
1,61,25.085043228339202
1,62,24.41209094999455
1,63,20.793304240368972
1,64,18.592335848585275
1,65,15.7307064682808
1,66,16.288569578650403
1,67,13.464147063778826
1,68,13.334931080115368
1,69,10.229310086961139
1,70,11.262159789482743
1,71,11.710252748681159
1,72,15.047670917821698
1,73,18.366560874824007
1,74,20.170990002163478
1,75,17.58062791611245
1,76,18.831513815630405
1,77,18.15738976288242
1,78,20.639458738547706
1,79,21.73482113887683
1,80,24.851594489920043
1,81,27.24457239470208
1,82,30.44611974392215
1,83,33.12128147422275
1,84,36.28052463335712
1,85,39.557674152202914
1,86,41.17213802934505
1,87,39.66072828703552
1,88,36.29918596646052
1,89,33.647035144225825
1,90,30.14103142425517
1,91,28.26887283574849
1,92,24.89138882071135
1,93,23.331396793398575
1,94,24.618967277087712
1,95,26.806882036851857
1,96,29.007669553692498
1,97,27.540456825091074
1,98,27.280912026783437
1,99,28.86128293245053
1,100,31.25134608448466
1,101,32.938149662195805
1,102,36.04656385675593
1,103,36.070672283320484
1,104,38.969433578820485
1,105,38.7639176970564
1,106,42.108452516925084
1,107,43.645462738040194
2,1,3.8057847569633805
2,3,3.79280065678994
2,4,6.782804198175194
2,5,8.564293033021382
2,6,6.564380565532701
2,7,8.384235391977986
2,8,8.489069989482957
2,9,11.79469836127832
2,10,14.801818743349811
2,11,15.694212081016099
2,12,18.49696755377885
2,13,20.484143080081505
2,14,23.126413515134015
2,15,23.178114215442264
2,16,26.217117628569405
2,17,27.37855958409896
2,18,27.85510101667445
2,19,30.786313776266585
2,20,32.48213945794509
2,21,30.690409537899694
2,22,32.23528500195395
2,23,33.68345299179377
2,24,33.072227883800046
2,25,35.926108461254195
2,26,35.33828874152922
2,27,34.81638276443731
2,28,31.106587298128037
2,29,29.923725997468413
2,30,27.336686163682938
2,31,25.933242127985817
2,32,24.386860563519328
2,33,23.142254052808415
2,34,22.429571737946738
2,35,20.390957820138528
2,36,21.812367123359923
2,37,18.912188654948647
2,38,16.531833459205227
2,39,13.97452137629311
2,40,11.788008472497987
2,41,9.493749839401145
2,42,11.142281935476598
2,43,13.087796380121125
2,44,16.65994640776732
2,45,19.359914971825503
2,46,21.982325480830514
2,47,25.04803404209392
2,48,28.753989531479657
2,49,31.195261040504214
2,50,34.96183171029366
2,51,35.40879870885339
2,52,33.82904493382843
2,53,34.6052696172982
2,54,32.926282742241746
2,55,30.18463339910892
2,56,30.63459808678138
2,57,28.726337984262557
2,58,31.106730459681852
2,59,30.486895671133325
2,60,27.000189877212385
2,61,23.739057114507652
2,62,23.395624128543552
2,63,20.009481342087522
2,64,17.3709760877079
2,65,14.303492991185843
2,66,15.493811258100733
2,67,13.004197062673562
2,68,13.61072882639472
2,69,11.314906295783826
2,70,12.924425132612981
2,71,13.090819037690036
2,72,16.766304146234194
2,73,19.70636392495369
2,74,21.447572021285723
2,75,18.993200270188684
2,76,19.968621952186034
2,77,18.893653936753484
2,78,21.103443040795288
2,79,21.5936558214787
2,80,24.478956434061647
2,81,26.422251021046044
2,82,29.46126672880529
2,83,32.04163744174992
2,84,34.96743810842481
2,85,38.40842138668091
2,86,40.073893355496
2,87,38.56401728747888
2,88,35.092474589141766
2,89,32.54051722164987
2,90,29.217401471773062
2,91,27.131955859277646
2,92,23.95614340108129
2,93,22.14131498744826
2,94,22.950743275304106
2,95,25.143687524846914
2,96,27.676165508658638
2,97,26.628749283041106
2,98,26.213337322621992
2,99,28.131122021172683
2,100,30.440251157145646
2,101,32.37664122535873
2,102,35.33218452245295
2,103,35.40829328236214
2,104,38.27883305709665
2,105,38.05982342070269
2,106,41.47089977883821
2,107,42.89682825136568
3,1,6.57925502215021
3,2,3.79280065678994
3,4,3.793911478787158
3,5,6.408790321047975
3,6,5.982174794304037
3,7,9.144828672950164
3,8,10.613450823468986
3,9,13.911471237418201
3,10,17.167995044760495
3,11,18.64543360031008
3,12,21.43231120010498
3,13,23.739116458375953
3,14,26.40805323181352
3,15,26.428946678857027
3,16,29.495172466894275
3,17,30.50527923925024
3,18,31.108917192610882
3,19,33.8723289629807
3,20,35.351839565101095
3,21,33.29824051379926
3,22,34.65282246215235
3,23,35.78312196253069
3,24,34.93408035982501
3,25,37.56645316199421
3,26,36.70740394388609
3,27,36.38634231383893
3,28,32.73856610852352
3,29,31.939751180079273
3,30,29.58172609967383
3,31,28.517591507030865
3,32,27.29279079029386
3,33,26.283301061639293
3,34,25.858078242866807
3,35,23.901922238368396
3,36,25.43172698657023
3,37,22.512665875354944
3,38,20.212223034233467
3,39,17.46416904803642
3,40,15.431519756772843
3,41,13.082694229192914
3,42,14.230620113146548
3,43,15.592822324168836
3,44,19.25598098078378
3,45,21.58157243835651
3,46,24.09230874257381
3,47,26.833350829289984
3,48,30.515152369055876
3,49,32.912302512878604
3,50,36.63721854148714
3,51,37.105227711050304
3,52,35.79868656918623
3,53,36.38031990059425
3,54,34.377856553718715
3,55,31.803057575245443
3,56,31.867639358822267
3,57,29.956527629129425
3,58,32.30604286705421
3,59,31.64557409567056
3,60,28.096298042303484
3,61,25.1007151010762
3,62,24.598274562499242
3,63,21.470011984951793
3,64,18.39137418548561
3,65,15.704019517611519
3,66,17.630381939631558
3,67,15.722846874666482
3,68,16.894856724315346
3,69,14.731694986017182
3,70,16.62271580281279
3,71,16.8814193292835
3,72,20.555093335461027
3,73,23.48815228440936
3,74,25.15887145428754
3,75,22.60904614768153
3,76,23.332362125944893
3,77,21.916567963096494
3,78,23.74989914906636
3,79,23.84554802706625
3,80,26.381915448489853
3,81,28.123046144761595
3,82,30.863762517201327
3,83,33.593708428494566
3,84,36.305269399453245
3,85,39.81333782803088
3,86,41.720048136617784
3,87,40.43194594577985
3,88,36.98691456427559
3,89,34.68147703185411
3,90,31.470776276642546
3,91,29.462377782009817
3,92,26.533941881196245
3,93,24.76846141676339
3,94,25.31032057214034
3,95,27.579643986827776
3,96,30.36566130677216
3,97,29.572236369595718
3,98,28.950010599938174
3,99,30.95489447786674
3,100,33.05845118795699
3,101,34.982287130037605
3,102,37.73720634150998
3,103,37.622616898722676
3,104,40.309995381847614
3,105,39.84125178535135
3,106,43.16468984110862
3,107,44.312915772114074
4,1,9.464010472630525
4,2,6.782804198175194
4,3,3.793911478787158
4,5,3.801641141791771
4,6,5.686628169697897
4,7,8.85510068745011
4,8,11.435775520815842
4,9,14.82956701678292
4,10,17.85405226811252
4,11,19.826107373786222
4,12,22.853791314322255
4,13,25.333925424269683
4,14,27.739724123203654
4,15,27.440776911104415
4,16,30.401904291810887
4,17,31.060889161372916
4,18,31.83971209552084
4,19,34.29046916337497
4,20,35.42422381779037
4,21,33.02955793318106
4,22,34.12518944252166
4,23,34.86302341214932
4,24,33.782244200488385
4,25,36.17435671252519
4,26,35.025075747272496
4,27,34.88862656288117
4,28,31.342888961590056
4,29,30.96697278932124
4,30,28.90756639595537
4,31,28.279552011312873
4,32,27.518830653746576
4,33,26.89679295189551
4,34,26.996827619502596
4,35,25.33820022289278
4,36,27.273316701457706
4,37,24.599334036307337
4,38,22.710826622897187
4,39,19.85054749292197
4,40,17.569199478009043
4,41,14.980057770471362
4,42,15.491190028224034
4,43,15.9650302009842
4,44,19.489077559646855
4,45,21.448661601809583
4,46,23.5992572917949
4,47,25.945872375398675
4,48,29.5135219716113
4,49,31.965719914960072
4,50,35.622382722745826
4,51,36.28466097942346
4,52,35.3540592282236
4,53,35.9352656430576
4,54,33.627629771381535
4,55,31.08224349165027
4,56,30.705235897516047
4,57,28.62533000486582
4,58,30.77486588239898
4,59,29.94997539112656
4,60,26.353753447369005
4,61,23.635101658254268
4,62,22.916231220404672
4,63,20.11034528491057
4,64,16.709581788998896
4,65,14.5607441092185
4,66,17.159662066591665
4,67,16.045120496227362
4,68,17.966788412606554
4,69,16.156525794963052
4,70,18.68063806198967
4,71,19.45614850448892
4,72,23.080822762387868
4,73,25.786300344062404
4,74,27.028334984169597
4,75,24.238032384461114
4,76,24.397055274093045
4,77,22.4370994883269
4,78,23.699521448404425
4,79,23.28425557578789
4,80,25.370087541525905
4,81,26.890079213356536
4,82,29.290523009016617
4,83,32.17786210035765
4,84,34.68649882532447
4,85,38.20191411086321
4,86,40.36676262710114
4,87,39.37090287994086
4,88,36.02847271982316
4,89,34.05191107791419
4,90,30.948091492372
4,91,29.191394041682884
4,92,26.597102347394998
4,93,25.14379796514542
4,94,25.655212478183618
4,95,28.22974605368135
4,96,31.28284806698115
4,97,30.552488179557233
4,98,29.480496106818396
4,99,31.36243779219101
4,100,33.08823333947936
4,101,34.84759490709278
4,102,37.321602747144986
4,103,36.90524221074084
4,104,39.336381838646275
4,105,38.56656949955918
4,106,41.75927930832583
4,107,42.616470775758465
5,1,11.900861369141142
5,2,8.564293033021382
5,3,6.408790321047975
5,4,3.801641141791771
5,6,3.8225894280083264
5,7,6.635529020709843
5,8,10.013426924637594
5,9,12.967811859678331
5,10,15.925085073188173
5,11,18.473491113760243
5,12,21.381197254137327
5,13,24.215387028298814
5,14,26.595144793417433
5,15,26.39971075845853
5,16,29.486086965751372
5,17,30.190229888323397
5,18,31.405723314227483
5,19,33.7384330327452
5,20,34.54979655689418
5,21,31.990883498708307
5,22,33.24040602110447
5,23,33.8030262605636
5,24,32.93174416234292
5,25,35.361536726055135
5,26,33.90443197545683
5,27,33.51251536229079
5,28,29.96764933785559
5,29,29.699129904125364
5,30,27.995163787932867
5,31,27.374624674518248
5,32,26.99279375584314
5,33,26.265456054040847
5,34,26.657000174289625
5,35,24.88407623952077
5,36,26.873738817864226
5,37,24.228581008960585
5,38,22.789827322929714
5,39,19.59311448641675
5,40,17.592919489165375
5,41,15.121514052454174
5,42,14.686164314212451
5,43,14.512886771785743
5,44,18.00667665659254
5,45,19.377068256196353
5,46,21.578337851590394
5,47,23.62437008477588
5,48,27.168304705861683
5,49,29.363433175232355
5,50,32.94102150248307
5,51,33.44034406099528
5,52,32.64728761024367
5,53,32.99757554793059
5,54,30.51155310071479
5,55,28.16786561220729
5,56,27.62203752463089
5,57,25.73776268552253
5,58,28.04694627838752
5,59,27.503801043840017
5,60,24.044895219557866
5,61,21.595208436508177
5,62,21.308546209351267
5,63,18.859699401622716
5,64,15.28567185336241
5,65,13.083419613609017
5,66,16.05940147327806
5,67,15.412452107661418
5,68,17.789636277702236
5,69,16.758642753150397
5,70,19.52274865951424
5,71,20.196232102719577
5,72,23.86363312778072
5,73,26.151678558140837
5,74,27.211358921538597
5,75,24.59181535565053
5,76,24.499069040916822
5,77,22.308529140925543
5,78,23.306129089378615
5,79,22.38416770759351
5,80,24.202040525776948
5,81,25.228939600841027
5,82,27.447562443945046
5,83,30.129997063915116
5,84,32.393084537575625
5,85,36.007377798529596
5,86,38.139817740688116
5,87,37.12172941985072
5,88,33.72726346575903
5,89,31.86654283326465
5,90,28.998496416252607
5,91,27.11345452321982
5,92,24.80631761983649
5,93,23.253638496204864
5,94,23.377473774526543
5,95,25.955645715699145
5,96,29.224900989965064
5,97,28.816969639848825
5,98,27.55756886558801
5,99,29.623532745922518
5,100,31.19889397062807
5,101,33.12185051582392
5,102,35.41212452832883
5,103,35.06682045315119
5,104,37.4560456330536
5,105,36.73675274083568
5,106,39.97401164420061
5,107,40.78338425516032
6,1,10.244855186881558
6,2,6.564380565532701
6,3,5.982174794304037
6,4,5.686628169697897
6,5,3.8225894280083264
6,7,3.7861523240021344
6,8,6.5771831836659675
6,9,9.484248058108806
6,10,12.722498107996865
6,11,15.111539879837437
6,12,17.856305012651127
6,13,20.718713795040344
6,14,23.31069393726408
6,15,23.4282663696108
6,16,26.692095267685787
6,17,27.75467463426547
6,18,29.032983509503676
6,19,31.61803236146318
6,20,32.61882675294278
6,21,30.330283685155962
6,22,31.943873389737675
6,23,32.866737463938854
6,24,32.368400643080605
6,25,35.10923523970339
6,26,33.85739397506222
6,27,33.117848076114925
6,28,29.44332467636449
6,29,28.71533023109027
6,30,26.831572510997834
6,31,25.726013202078338
6,32,25.04967940422445
6,33,23.87145687391895
6,34,23.931142089732244
6,35,21.823998203360723
6,36,23.535304015507077
6,37,20.715287535237035
6,38,19.24968498289838
6,39,15.927520658800688
6,40,14.213231647549549
6,41,11.965892047631836
6,42,11.425128006284162
6,43,11.761814989370736
6,44,15.475672363779788
6,45,17.028087723291666
6,46,19.678042499501405
6,47,22.099028968864907
6,48,25.788182836054034
6,49,27.85862477494421
6,50,31.50847691808816
6,51,31.763956803985984
6,52,30.590303243349044
6,53,30.92336791100565
6,54,28.73498213463391
6,55,26.353939920529353
6,56,26.289165844324163
6,57,24.62320362034243
6,58,27.2150087197196
6,59,26.95294767254076
6,60,23.596900016051
6,61,20.873907774062854
6,62,21.03577259567979
6,63,18.319605087056615
6,64,15.083165232942024
6,65,12.124628510593766
6,66,14.47793171645029
6,67,13.189368607000931
6,68,15.14286145264512
6,69,14.321292220987983
6,70,16.763296727874955
6,71,17.017084183456895
6,72,20.73474369595442
6,73,22.907955586214594
6,74,24.17477771816691
6,75,21.845324332223452
6,76,22.08787136605327
6,77,20.264496943684954
6,78,21.705027039195155
6,79,21.069848555429857
6,80,23.292632547281983
6,81,24.371319860544148
6,82,26.94552770846209
6,83,29.357299535892288
6,84,31.79167591114665
6,85,35.4306451067523
6,86,37.23894544626529
6,87,35.86844126615055
6,88,32.331717930955236
6,89,30.13027342931223
6,90,27.211106860827158
6,91,24.995336283279233
6,92,22.418409917835298
6,93,20.49995418681319
6,94,20.552480373273593
6,95,22.906435863149383
6,96,26.030884173521137
6,97,25.636366403772477
6,98,24.69692669809405
6,99,26.954503879172464
6,100,28.859630965940255
6,101,31.022209450224874
6,102,33.55106895183568
6,103,33.56224243531058
6,104,36.23224161022624
6,105,35.88399250396464
6,106,39.29913028112474
6,107,40.44627934846601
7,1,11.58523960994062
7,2,8.384235391977986
7,3,9.144828672950164
7,4,8.85510068745011
7,5,6.635529020709843
7,6,3.7861523240021344
7,8,3.7786837307870074
7,9,6.546166731177236
7,10,9.295118138864902
7,11,11.934789802775375
7,12,14.850631892270396
7,13,17.744482656615595
7,14,20.09699803810901
7,15,20.096595743318993
7,16,23.358707141390163
7,17,24.398304169545742
7,18,25.933632257741714
7,19,28.43241188636398
7,20,29.267565441303486
7,21,26.96312130705553
7,22,28.744324590035205
7,23,29.70733101646505
7,24,29.473742622867157
7,25,32.35970514479465
7,26,31.095375655496824
7,27,30.076565438521154
7,28,26.369538908891037
7,29,25.48021811903176
7,30,23.711961123789038
7,31,22.468309920847442
7,32,21.963755234379544
7,33,20.693041580892288
7,34,20.989202516953593
7,35,18.929394636297992
7,36,20.833908111901096
7,37,18.27393099883075
7,38,17.398567275913518
7,39,14.058345023974667
7,40,12.305480548843247
7,41,10.183916529271473
7,42,8.646832375229108
7,43,8.26728762903971
7,44,11.898630087376064
7,45,13.255636610612822
7,46,15.95771978969128
7,47,18.422008231739376
7,48,22.138672882909148
7,49,24.176323655034416
7,50,27.847786668337204
7,51,28.103978160717812
7,52,26.87566686117665
7,53,27.33264455192544
7,54,25.240584420233965
7,55,22.726083302820832
7,56,22.807906779788894
7,57,21.127728002754065
7,58,23.784468816773426
7,59,23.647048959472777
7,60,20.389703181081927
7,61,17.59765164502428
7,62,18.143356747587543
7,63,15.491809203135976
7,64,12.52230098663519
7,65,9.22496364742416
7,66,11.357337234679154
7,67,10.292170538043539
7,68,12.555582952329715
7,69,12.587309297770059
7,70,15.26168929473183
7,71,15.710520132764902
7,72,19.230389433049805
7,73,20.897311361807006
7,74,21.788644690034676
7,75,19.561585630749132
7,76,19.501487205323556
7,77,17.541005439721115
7,78,18.837860218989213
7,79,17.988056972044532
7,80,20.200022199272727
7,81,21.08741359853544
7,82,23.758133283273253
7,83,25.968491628602386
7,84,28.437047957910337
7,85,32.08009500198909
7,86,33.73319116701942
7,87,32.23598874262572
7,88,28.660438023577772
7,89,26.3901652679646
7,90,23.502353363505577
7,91,21.2229397158736
7,92,18.69596051275045
7,93,16.811316891025538
7,94,16.9183270494364
7,95,19.462624567763598
7,96,22.650358138046947
7,97,22.189511345725457
7,98,21.04785801867625
7,99,23.272000016362963
7,100,25.109123750058053
7,101,27.312939394508767
7,102,29.82465273184886
7,103,29.928133763380856
7,104,32.66600678128348
7,105,32.47193483135796
7,106,35.9614529039755
7,107,37.256103715754335
8,1,11.011236535651648
8,2,8.489069989482957
8,3,10.613450823468986
8,4,11.435775520815842
8,5,10.013426924637594
8,6,6.5771831836659675
8,7,3.7786837307870074
8,9,3.770183533618714
8,10,6.568083344544233
8,11,8.548679379730208
8,12,11.488787071105873
8,13,14.206410997439542
8,14,16.734185207920916
8,15,16.989449700229066
8,16,20.387241147348035
8,17,21.792952143422927
8,18,23.26393302060426
8,19,26.046600783760326
8,20,27.173591535151512
8,21,25.24768173866315
8,22,27.358201472111634
8,23,28.758588195752743
8,24,28.87081978808008
8,25,32.03054736846463
8,26,31.103665185805134
8,27,29.81809625949761
8,28,26.04813881744492
8,29,24.631084253460543
8,30,22.58171911954486
8,31,20.802049041890275
8,32,19.853068654523607
8,33,18.101035249413385
8,34,17.949121049797093
8,35,15.565357113745439
8,36,17.21204517710841
8,37,14.528332080242722
8,38,13.678343900199879
8,39,10.326756225982846
8,40,8.727545822313253
8,41,6.968742111710099
8,42,5.137959861759092
8,43,5.8403458610659875
8,44,9.637220745596652
8,45,11.535417999268747
8,46,14.652052723505406
8,47,17.63425618425768
8,48,21.401342233390405
8,49,23.39627043179611
8,50,27.111841288380035
8,51,27.21974081830082
8,52,25.542197434554986
8,53,26.155179459611677
8,54,24.5336187016175
8,55,21.87862214771062
8,56,22.57596080450204
8,57,21.04281668809833
8,58,23.811827251580237
8,59,23.828078807291426
8,60,20.732955788697033
8,61,17.63902099976223
8,62,18.48158692734721
8,63,15.553775855364895
8,64,13.295776386178993
8,65,9.553226222882108
8,66,10.378753546496263
8,67,8.330143599120868
8,68,9.753950325011298
8,69,10.124642389771722
8,70,12.311775777551926
8,71,12.391122082659285
8,72,15.83036241830566
8,73,17.31638136064285
8,74,18.363473675944576
8,75,16.437268980174846
8,76,16.766350345970295
8,77,15.330127426771844
8,78,17.185859936106507
8,79,16.858972331770318
8,80,19.555330713769433
8,81,20.65509165865854
8,82,23.711949489497997
8,83,25.65404042691913
8,84,28.364702644500184
8,85,31.919546647883205
8,86,33.21977445867851
8,87,31.38289226621565
8,88,27.73739798140654
8,89,25.080597193174878
8,90,22.07045646183979
8,91,19.53320723460016
8,92,16.59214924950706
8,93,14.380800569818494
8,94,14.705295208488721
8,95,17.03367155758781
8,96,19.912931681450882
8,97,19.225420632073437
8,98,18.483682231218985
8,99,20.777197579131236
8,100,23.019138100368888
8,101,25.376155256364193
8,102,28.198454616380772
8,103,28.650028416433383
8,104,31.670459282134104
8,105,31.854195318239675
8,106,35.46735696463739
8,107,37.120577585853674
9,1,14.217177600022662
9,2,11.79469836127832
9,3,13.911471237418201
9,4,14.82956701678292
9,5,12.967811859678331
9,6,9.484248058108806
9,7,6.546166731177236
9,8,3.770183533618714
9,10,3.7955823996470004
9,11,6.4040580831239415
9,12,8.559298020024453
9,13,11.827443051322314
9,14,14.596243166378352
9,15,15.472004394259397
9,16,19.110718895867493
9,17,20.95766583520606
9,18,22.86413880438163
9,19,25.6937719666032
9,20,26.682040194994233
9,21,24.95266622299352
9,22,27.462934229993362
9,23,28.980628937877796
9,24,29.56280196876927
9,25,32.876469491177986
9,26,31.894353882492815
9,27,30.188201249040866
9,28,26.46394720909018
9,29,24.806407114230606
9,30,23.009852883100766
9,31,20.870162360304626
9,32,20.026524881941384
9,33,17.7752384749603
9,34,17.52049038768849
9,35,14.725086421163647
9,36,15.910953616896316
9,37,13.164558371580474
9,38,12.927538219950291
9,39,9.355113426830101
9,40,9.018834771257199
9,41,8.396216955289514
9,42,5.474918426636758
9,43,5.906017781198721
9,44,9.02456364406401
9,45,10.105574095011598
9,46,13.700351837369698
9,47,16.599809442699694
9,48,20.29183585221813
9,49,21.779248785594046
9,50,25.377773233292142
9,51,25.02865922568436
9,52,23.069767019947932
9,53,23.38643946795101
9,54,21.974666320462433
9,55,19.574416397615128
9,56,20.672494093997987
9,57,19.68617570439546
9,58,22.798893584387997
9,59,23.37193271976851
9,60,20.687009440289366
9,61,17.824874337038437
9,62,19.392552417333157
9,63,16.840004737085163
9,64,15.036504628870597
9,65,11.354474722902722
9,66,11.600491409848932
9,67,9.74796939868573
9,68,10.694462173116861
9,69,12.049897061915654
9,70,13.633796845676274
9,71,13.075616625631406
9,72,16.17092128110762
9,73,16.978243685136494
9,74,18.040799584636545
9,75,16.799806221310657
9,76,17.25593373852222
9,77,16.165915655467156
9,78,18.050031299346045
9,79,17.58633671893385
9,80,20.195813720591325
9,81,20.82228432881179
9,82,23.859581395648817
9,83,25.27582907086367
9,84,27.813837560668645
9,85,31.3698233155114
9,86,32.31571107448143
9,87,30.164190056979614
9,88,26.415998427844457
9,89,23.579817297891637
9,90,20.869109490758337
9,91,17.877293141378903
9,92,15.04450780594239
9,93,12.219002890207188
9,94,11.839092641914762
9,95,13.733601990185749
9,96,16.6536829946407
9,97,16.416896025651052
9,98,15.955310676366112
9,99,18.709387246740786
9,100,21.162515200539705
9,101,23.9246414532774
9,102,26.754808622447772
9,103,27.643425204736115
9,104,30.821078205070748
9,105,31.387902958756367
9,106,35.103124307517355
9,107,36.95517481183331
10,1,16.74729175505385
10,2,14.801818743349811
10,3,17.167995044760495
10,4,17.85405226811252
10,5,15.925085073188173
10,6,12.722498107996865
10,7,9.295118138864902
10,8,6.568083344544233
10,9,3.7955823996470004
10,11,3.7839301292246326
10,12,6.1371743246668755
10,13,9.267569993914476
10,14,11.488023227453434
10,15,12.202487014059335
10,16,15.816773924232733
10,17,17.678516119604268
10,18,19.91966601871924
10,19,22.611149513454194
10,20,23.406279902604023
10,21,21.76216074262978
10,22,24.494863942832055
10,23,26.106917851998332
10,24,27.042992840451653
10,25,30.475675398764704
10,26,29.567729488125238
10,27,27.556779089510712
10,28,23.89621174925397
10,29,21.983247851199927
10,30,20.341536967522913
10,31,17.974980488284807
10,32,17.315666807448178
10,33,14.894104735826264
10,34,14.932170994129232
10,35,12.278922093879057
10,36,13.696364328754997
10,37,11.598494352641179
10,38,12.445352001691447
10,39,9.459905144971401
10,40,9.21548924546487
10,41,9.15486418397295
10,42,5.460868850665342
10,43,4.535141052569338
10,44,6.188708657504885
10,45,6.759283990703725
10,46,10.509318294009587
10,47,13.520711135836468
10,48,17.109490035618833
10,49,18.50797258844188
10,50,22.086134429315713
10,51,21.744261867118833
10,52,19.61627433487496
10,53,20.207071760290816
10,54,19.092720227212936
10,55,16.46514412221126
10,56,17.94033549513193
10,57,16.988707961557605
10,58,20.07233839224716
10,59,20.799100049800202
10,60,18.414618608368446
10,61,15.58073855511461
10,62,17.59579342804188
10,63,15.309280485512721
10,64,14.269497102968888
10,65,10.854306350843343
10,66,10.181775024917124
10,67,8.791889088556777
10,68,9.618841521295684
10,69,12.08509422426764
10,70,13.619503019992171
10,71,13.394214024706681
10,72,15.835985223759039
10,73,15.834761568267348
10,74,16.255651152698917
10,75,15.292966338200364
10,76,15.327144847482803
10,77,14.247760206418931
10,78,15.898839454311322
10,79,15.300118428342836
10,80,17.829676090353423
10,81,18.217466458170776
10,82,21.3302306579846
10,83,22.384973794884086
10,84,24.96251684303124
10,85,28.417596686562653
10,86,29.101640062631137
10,87,26.763895230089535
10,88,23.00774100269775
10,89,20.017884070832327
10,90,17.356407981560764
10,91,14.227978064280526
10,92,11.37533953285704
10,93,8.429278363630692
10,94,8.240642817250963
10,95,10.494182619532149
10,96,13.438649910001024
10,97,12.958549432424379
10,98,12.211600759686112
10,99,14.937176402436732
10,100,17.390153298197458
10,101,20.230042822914488
10,102,23.089676096788583
10,103,24.158563731782376
10,104,27.43797041474263
10,105,28.250220691140115
10,106,32.01304129801265
10,107,34.06577543586064
11,1,16.860030346252486
11,2,15.694212081016099
11,3,18.64543360031008
11,4,19.826107373786222
11,5,18.473491113760243
11,6,15.111539879837437
11,7,11.934789802775375
11,8,8.548679379730208
11,9,6.4040580831239415
11,10,3.7839301292246326
11,12,3.8011861271697494
11,13,5.917882792114757
11,14,8.275814091128677
11,15,9.216945606992473
11,16,12.945513797770339
11,17,15.226885599144246
11,18,17.1868054805394
11,19,20.213039665647543
11,20,21.459791559645144
11,21,20.342884241089855
11,22,23.288823235785152
11,23,25.388206351971984
11,24,26.5471518546195
11,25,30.154283727444867
11,26,29.705181730242966
11,27,27.615609889800297
11,28,23.992181620655774
11,29,21.580392566001354
11,30,19.542782999744244
11,31,16.676932561081575
11,32,15.370847046292015
11,33,12.44359578474254
11,34,11.799679734173605
11,35,8.767740458682898
11,36,9.926881738140064
11,37,7.90436567450261
11,38,9.223358125656103
11,39,6.938488850005057
11,40,6.999266016914707
11,41,7.927710599479347
11,42,4.8958984445458915
11,43,5.484050774677583
11,44,5.87646161257098
11,45,7.538595516752824
11,46,10.959345953024775
11,47,14.410223153221946
11,48,17.77145620012945
11,49,19.288033824815052
11,50,22.797274230389295
11,51,22.526371328368544
11,52,19.99557997890488
11,53,20.989391259837884
11,54,20.512792091759263
11,55,17.703559596801263
11,56,19.710017678420378
11,57,18.71167122789372
11,58,21.53264956456923
11,59,22.11164886650464
11,60,19.864776691820296
11,61,16.782587252158
11,62,18.644041531433277
11,63,16.100826469434345
11,64,15.740153441201285
11,65,12.404622845920452
11,66,10.605464761696767
11,67,8.449420909664772
11,68,7.78655705149574
11,69,10.598996450523376
11,70,11.302635299870527
11,71,10.861019161259334
11,72,12.715483737398559
11,73,12.258254558976763
11,74,12.660498754064228
11,75,12.132852118626271
11,76,12.605905228233878
11,77,12.328689173650183
11,78,14.578103201142351
11,79,14.78478597193448
11,80,17.765384200314056
11,81,18.59783202143752
11,82,22.022216967525036
11,83,22.93407451810552
11,84,25.80264424158959
11,85,29.021497783796434
11,86,29.40653546965326
11,87,26.8421119668997
11,88,23.17833680463481
11,89,19.84733609229669
11,90,16.98675819946587
11,91,13.891178375569751
11,92,10.481546533187545
11,93,7.501145911218283
11,94,8.342183282527115
11,95,10.1589619644945
11,96,12.22930089119836
11,97,10.947154219894157
11,98,10.849097800930679
11,99,13.304671275176458
11,100,16.266725910865393
11,101,19.039171339025657
11,102,22.281397225696317
11,103,23.609298757056088
11,104,27.10741754009629
11,105,28.218337998942182
11,106,31.99463710864151
11,107,34.36114586334379
12,1,19.68941229328107
12,2,18.49696755377885
12,3,21.43231120010498
12,4,22.853791314322255
12,5,21.381197254137327
12,6,17.856305012651127
12,7,14.850631892270396
12,8,11.488787071105873
12,9,8.559298020024453
12,10,6.1371743246668755
12,11,3.8011861271697494
12,13,3.818251375051233
12,14,6.98142167810138
12,15,9.392181372909434
12,16,13.141592081327428
12,17,16.074626142753328
12,18,18.25644540763216
12,19,21.337159052783917
12,20,22.574378967812777
12,21,21.8974344127925
12,22,25.16724176509636
12,23,27.426796383932317
12,24,28.986813188337223
12,25,32.66316262778767
12,26,32.257507331223074
12,27,29.870838314376837
12,28,26.38945939228391
12,29,23.77674652107865
12,30,21.95315851261245
12,31,18.813212952908426
12,32,17.480879830035654
12,33,14.132359554750085
12,34,13.052270743759404
12,35,9.650670740958482
12,36,9.481797790186667
12,37,7.423701703146296
12,38,9.356872901476848
12,39,7.481938326991786
12,40,9.207080945556545
12,41,10.884427355356848
12,42,8.370747149237824
12,43,9.169987534997075
12,44,9.046757376352323
12,45,9.654639929216408
12,46,12.981868426577844
12,47,16.070978014504806
12,48,19.086296256536258
12,49,19.958955488307655
12,50,23.169261707697224
12,51,22.33154933046786
12,52,19.376939993814084
12,53,20.00335190246578
12,54,20.018958951278737
12,55,17.65819323523048
12,56,20.182716466942377
12,57,19.857297894917707
12,58,22.879907482704542
12,59,23.960806010278567
12,60,22.16508120367295
12,61,19.399348772472376
12,62,21.662217815443032
12,63,19.424946212899986
12,64,19.24804741759781
12,65,16.014957244134816
12,66,14.192477513530038
12,67,12.191128104873107
12,68,11.104526237265892
12,69,13.826918552039531
12,70,13.762554402934537
12,71,12.502530878952133
12,72,13.808696802490788
12,73,12.693567197370637
12,74,13.383165259262553
12,75,13.898532532726762
12,76,14.812091668863697
12,77,15.170015288186104
12,78,17.457535548929602
12,79,17.733421123915964
12,80,20.55299556486519
12,81,21.040761591600116
12,82,24.3416554997136
12,83,24.740831951042104
12,84,27.392503391465624
12,85,30.49689851165482
12,86,30.46330276718989
12,87,27.570781256566605
12,88,23.917749417789423
12,89,20.4148774819829
12,90,18.016077498267194
12,91,14.560190951977146
12,92,11.47322414258984
12,93,7.934800777712997
12,94,7.701954269939188
12,95,8.025614034927676
12,96,9.492022949030432
12,97,8.788646315344607
12,98,9.83858726932349
12,99,12.859432114937947
12,100,16.2100470149819
12,101,19.390024843295734
12,102,22.64235674241871
12,103,24.521948743657997
12,104,28.144357691265867
12,105,29.685881180506296
12,106,33.481417807473846
12,107,36.048253469464996
13,1,21.041963935415115
13,2,20.484143080081505
13,3,23.739116458375953
13,4,25.333925424269683
13,5,24.215387028298814
13,6,20.718713795040344
13,7,17.744482656615595
13,8,14.206410997439542
13,9,11.827443051322314
13,10,9.267569993914476
13,11,5.917882792114757
13,12,3.818251375051233
13,14,3.804011486385759
13,15,6.849107942136313
13,16,10.344236462415054
13,17,13.686163855881762
13,18,15.567372793805163
13,19,18.831090291384346
13,20,20.429406239279334
13,21,20.337041517403776
13,22,23.742094286656542
13,23,26.39607469043666
13,24,28.185048750487034
13,25,31.94981098906536
13,26,31.96189119195751
13,27,29.508183475570448
13,28,26.163952765863826
13,29,23.16215779016613
13,30,21.10802000666627
13,31,17.631238510743668
13,32,15.832633418210898
13,33,12.162793219139958
13,34,10.448919247367071
13,35,6.97218094144771
13,36,6.014260416574126
13,37,4.952426195797831
13,38,8.102249089013561
13,39,7.921177673123398
13,40,9.608996723709627
13,41,11.793617404801966
13,42,10.065990554072416
13,43,11.098994778552283
13,44,10.065354815823564
13,45,11.109382892818806
13,46,13.747625118978368
13,47,16.939136954352634
13,48,19.58403192623669
13,49,20.562078669974113
13,50,23.6059955562277
13,51,22.944873803846836
13,52,19.758597870587625
13,53,20.87007497403038
13,54,21.457032391509657
13,55,18.92617833776313
13,56,21.76993936144718
13,57,21.316261881236397
13,58,23.97452585708097
13,59,24.86868714857654
13,60,23.25535475365721
13,61,20.39292162585589
13,62,22.501668789058616
13,63,20.218613955213634
13,64,20.652918178081485
13,65,17.66903515030724
13,66,15.1370048715763
13,67,13.013623786266393
13,68,11.053571166573704
13,69,13.890743551361354
13,70,13.128781298163448
13,71,11.937247250746163
13,72,12.165939546664765
13,73,10.146923698577426
13,74,10.449538617895339
13,75,11.754191436191395
13,76,12.920074687174244
13,77,14.08130831357898
13,78,16.59948645198608
13,79,17.487316952467186
13,80,20.470301915643216
13,81,21.251306645070922
13,82,24.695425491814117
13,83,24.92072792482162
13,84,27.770880620377845
13,85,30.582146028463146
13,86,30.261787859070264
13,87,27.21882239118577
13,88,23.762270229186715
13,89,20.06106342466181
13,90,17.593076325442592
13,91,14.416894191476416
13,92,11.157566292538384
13,93,8.261800306857966
13,94,9.149977262151536
13,95,9.15700058570409
13,96,9.267566829646194
13,97,7.334605781430909
13,98,9.13010207879341
13,99,11.436478925462872
13,100,15.104583923892246
13,101,18.041086137528108
13,102,21.5530109316619
13,103,23.635040485665957
13,104,27.37349134189916
13,105,29.179410302320886
13,106,32.91544049259374
13,107,35.74907620943948
14,1,23.464322590581414
14,2,23.126413515134015
14,3,26.40805323181352
14,4,27.739724123203654
14,5,26.595144793417433
14,6,23.31069393726408
14,7,20.09699803810901
14,8,16.734185207920916
14,9,14.596243166378352
14,10,11.488023227453434
14,11,8.275814091128677
14,12,6.98142167810138
14,13,3.804011486385759
14,15,3.798687292955377
14,16,6.848151382451202
14,17,10.384975426223086
14,18,12.519833747435209
14,19,15.57713194917019
14,20,17.0671869247553
14,21,17.31765556363347
14,22,20.872911409198284
14,23,23.687257075529914
14,24,25.795407597363557
14,25,29.580771222325293
14,26,29.802577638803886
14,27,27.17293392119787
14,28,24.047815169063917
14,29,20.7964666666161
14,30,18.868433862350876
14,31,15.227060746069181
14,32,13.526583768044148
14,33,9.796645882482325
14,34,8.386425404900592
14,35,5.871717360573328
14,36,5.463343931240594
14,37,6.8325060059108775
14,38,10.534913331404825
14,39,11.131709897923743
14,40,12.059458903610139
14,41,14.016147906283171
14,42,12.274567826843048
14,43,12.54486249246572
14,44,10.366491175702132
14,45,11.055421497731833
14,46,12.740419521038978
14,47,15.680200763404816
14,48,17.7977435378652
14,49,18.769104814907625
14,50,21.587219496761424
14,51,21.160832412617847
14,52,17.92303736772195
14,53,19.579480718757342
14,54,20.58938487853758
14,55,17.872254090286877
14,56,20.909263362123905
14,57,20.351118562809923
14,58,22.59847140227418
14,59,23.40161784053891
14,60,22.145591311677137
14,61,19.44261699900216
14,62,21.60676368940157
14,63,19.652722398782362
14,64,20.77118812600106
14,65,18.30071873276848
14,66,15.2860289377223
14,67,13.76788785935138
14,68,11.847498981916603
14,69,15.086729734917421
14,70,14.460815736793204
14,71,14.009142780581469
14,72,13.51205046419065
14,73,10.770567833459012
14,74,9.753520735296028
14,75,11.361583996556133
14,76,11.803387187642915
14,77,13.107461053380014
14,78,15.181990243566137
14,79,16.13651093444384
14,80,18.879585179385852
14,81,19.572252817093208
14,82,22.951258524255966
14,83,22.841797805403257
14,84,25.730409808997923
14,85,28.246335014577873
14,86,27.64847921283625
14,87,24.50292236638473
14,88,21.250048430022286
14,89,17.46738871994825
14,90,15.085227878924746
14,91,12.23642284987419
14,92,9.182150575296127
14,93,7.27810680221838
14,94,9.100485317176984
14,95,9.28513863945492
14,96,8.636769424092599
14,97,5.40739162538595
14,98,7.000152674654853
14,99,8.346181229050275
14,100,12.079161520135695
14,101,14.788851092152951
14,102,18.397493007094226
14,103,20.63374974529958
14,104,24.411970597944286
14,105,26.45429417512606
14,106,30.11692113637687
14,107,33.144226679658686
15,1,23.297682072395045
15,2,23.178114215442264
15,3,26.428946678857027
15,4,27.440776911104415
15,5,26.39971075845853
15,6,23.4282663696108
15,7,20.096595743318993
15,8,16.989449700229066
15,9,15.472004394259397
15,10,12.202487014059335
15,11,9.216945606992473
15,12,9.392181372909434
15,13,6.849107942136313
15,14,3.798687292955377
15,16,3.7963062322045436
15,17,6.848182968805163
15,18,9.133038397814133
15,19,12.10161417752511
15,20,13.583692124577809
15,21,13.691979168180145
15,22,17.169201865315166
15,23,20.059165160763357
15,24,22.112948015867982
15,25,25.905858456584085
15,26,26.28928150701408
15,27,23.751923681621378
15,28,20.660236023760774
15,29,17.29473185934674
15,30,15.206963451175211
15,31,11.509784475681716
15,32,9.781986702071302
15,33,6.109491008852722
15,34,5.524953533789944
15,35,4.601457979674913
15,36,6.38980620877731
15,37,8.591956770156651
15,38,12.02183980470204
15,39,12.752674593790802
15,40,12.547031475823523
15,41,13.980229744479889
15,42,12.330849623940466
15,43,11.968010150586789
15,44,9.035013907350416
15,45,10.01432843343553
15,46,10.748552293852041
15,47,13.728605131366285
15,48,15.666398994117639
15,49,17.200241505794466
15,50,20.103470333078565
15,51,20.3382145088626
15,52,17.47102644550142
15,53,19.748635427870873
15,54,20.591511677888445
15,55,17.43290018115253
15,56,20.168343238036105
15,57,19.024832117672926
15,58,20.779253751652085
15,59,21.09332962368172
15,60,19.77888920975212
15,61,16.97438512837201
15,62,18.84120577457445
15,63,16.9572303885201
15,64,18.591690277318243
15,65,16.604598811763786
15,66,13.202291645104866
15,67,12.205958378740704
15,68,10.495274152144459
15,69,13.958616984823923
15,70,13.828904559030002
15,71,14.384104424333174
15,72,13.751694178627023
15,73,11.121525685741823
15,74,8.953939872884348
15,75,9.790579694449333
15,76,9.13284550195033
15,77,10.129129500685472
15,78,11.785729572745684
15,79,12.864569763360175
15,80,15.571336884279047
15,81,16.525652912330575
15,82,19.986077005466278
15,83,20.032525855396216
15,84,23.165731245014268
15,85,25.55068059802119
15,86,25.10441583576317
15,87,22.165664036897272
15,88,19.04887926536891
15,89,15.344116877060758
15,90,12.531744850419384
15,91,10.339315466330387
15,92,7.0960549392940875
15,93,6.770478784736724
15,94,9.8732116691866
15,95,11.18720881709379
15,96,11.02526961261446
15,97,7.428391165612558
15,98,7.206278171454525
15,99,7.01751155730826
15,100,10.244168299191838
15,101,12.287877219949575
15,102,16.024810037645434
15,103,17.84001422183728
15,104,21.575664366417147
15,105,23.425349623799736
15,106,27.041413665024827
15,107,30.066361932689748
16,1,26.03317888125739
16,2,26.217117628569405
16,3,29.495172466894275
16,4,30.401904291810887
16,5,29.486086965751372
16,6,26.692095267685787
16,7,23.358707141390163
16,8,20.387241147348035
16,9,19.110718895867493
16,10,15.816773924232733
16,11,12.945513797770339
16,12,13.141592081327428
16,13,10.344236462415054
16,14,6.848151382451202
16,15,3.7963062322045436
16,17,3.7962267621629078
16,18,6.094545599002022
16,19,8.791978710588566
16,20,10.440991496816684
16,21,11.352583064885193
16,22,14.887408429021992
16,23,18.10219778934162
16,24,20.47045169223375
16,25,24.224848335729572
16,26,25.024628370484812
16,27,22.42056256573372
16,28,19.699752225788206
16,29,16.053431620115063
16,30,14.015605011684329
16,31,10.257922689737457
16,32,8.48806001348814
16,33,5.36687201328824
16,34,5.366595861928999
16,35,6.698787844788487
16,36,8.325932279016005
16,37,11.436112768390458
16,38,14.809625561489415
16,39,16.09708855011151
16,40,15.655486492066863
16,41,16.990973428541768
16,42,15.669300784517684
16,43,15.122185678237443
16,44,11.877358064995459
16,45,12.674373688649961
16,46,12.375537459483466
16,47,14.815045272969286
16,48,15.987110205257867
16,49,17.56567191951097
16,50,20.062575137183504
16,51,20.661200391454027
16,52,17.93597504861304
16,53,20.69814591543376
16,54,21.913481714008167
16,55,18.726082889706394
16,56,21.45827768509594
16,57,20.180627536479914
16,58,21.339050265202268
16,59,21.395243527663634
16,60,20.454141368271188
16,61,17.88566915385727
16,62,19.521108501481514
16,63,17.97712703756333
16,64,20.228950049604872
16,65,18.809482412632594
16,66,15.181828264578078
16,67,14.642766113342315
16,68,12.930387642005169
16,69,16.186547826989713
16,70,15.949425047611301
16,71,16.90885391225491
16,72,15.640555058120343
16,73,12.680475568425312
16,74,9.652721458626349
16,75,10.710287774962868
16,76,9.429100704295566
16,77,10.722135478508838
16,78,11.746321366343672
16,79,13.1248435104022
16,80,15.439821468744467
