1,2,3.8528981688998782
1,3,5.609336423355558
1,4,5.7651237484252755
1,5,8.799910917687834
1,6,10.597279756020988
1,7,10.17478507215618
1,8,11.692843440847826
1,9,14.224173640337026
1,10,15.314308884976883
1,11,15.689403493344166
1,12,17.809014182442052
1,13,19.915926647380655
1,14,20.72557489081387
1,15,21.60800030782672
1,16,24.055496213387432
1,17,25.68618420065857
1,18,26.652112242070586
1,19,30.340261739939873
1,20,31.321705292714107
1,21,30.31738067091315
1,22,32.94424022364843
1,23,32.9619502730031
1,24,30.475455814185416
1,25,32.08881135470304
1,26,35.46327794064891
1,27,35.45412018700792
1,28,35.060376035877034
1,29,34.644285164207254
1,30,32.46467098177723
1,31,32.49150609731909
1,32,30.935475182425836
1,33,28.67022906868219
1,34,28.027507257530488
1,35,24.686216122870853
1,36,23.978348044276025
1,37,20.479890286003496
1,38,19.942741306421507
1,39,21.89789605124081
1,40,19.82054616074211
1,41,22.581605787674217
1,42,25.365986570433407
1,43,23.78397741700655
1,44,23.616370198151774
1,45,27.203010176140808
1,46,28.445499847643863
1,47,26.962626884791923
1,48,27.89609044494167
1,49,31.48616290103314
1,50,31.470447077215038
1,51,32.9064362685135
1,52,32.42428509844676
1,53,31.100984943049106
1,54,28.323375917855543
1,55,26.708765880912775
1,56,24.833345050114627
1,57,24.181372595034137
1,58,20.542018546828004
1,59,19.965506940808552
1,60,21.707514007833094
1,61,19.40644974859857
1,62,16.268172024327004
1,63,18.047628556966824
1,64,18.94098553557766
1,65,15.381399267990718
1,66,15.585178090304488
1,67,19.218550934336502
1,68,37.74661867854385
1,69,37.11188106004891
1,70,35.665635094890234
1,71,34.10306859427923
1,72,33.34270350108906
1,73,30.013550315847183
1,74,29.585012915257014
1,75,29.872798664886524
1,76,27.72118245442039
1,77,24.72559955044843
1,78,25.286325279735458
1,79,25.563103580127294
1,80,22.410306239176162
1,81,20.520639095350404
1,82,21.785541176150623
1,83,20.904124862030113
1,84,17.237032600935457
1,85,16.84940823568114
1,86,18.38547724070343
1,87,16.080547259791196
1,88,13.003637488181662
1,89,14.944136302141082
1,90,15.794222716296966
1,91,12.247638608218521
1,92,13.120438455417199
1,93,10.218489078334299
1,94,12.460852690642616
2,1,3.8528981688998782
2,3,3.839502216869655
2,4,5.506286705540958
2,5,7.089590754028199
2,6,8.502685309365198
2,7,9.436398505573106
2,8,11.220121239918653
2,9,12.789566640291252
2,10,14.096128657298904
2,11,15.353758918979882
2,12,17.146951554452723
2,13,18.751628952348316
2,14,20.12253896807959
2,15,21.39151585678663
2,16,23.363721220681914
2,17,24.849510687452362
2,18,26.330474914458012
2,19,29.9671969114143
2,20,31.254323073532476
2,21,29.970311029732486
2,22,32.26229711051137
2,23,31.857407544344746
2,24,29.154319855580866
2,25,30.579003470764334
2,26,34.05585226867555
2,27,33.75728167956048
2,28,33.087859053744594
2,29,32.35200671108096
2,30,29.89993915741005
2,31,29.61326765193798
2,32,28.056711533879273
2,33,25.552891546161135
2,34,24.786093348157262
2,35,21.56767813584603
2,36,20.65564022368012
2,37,17.030334761824943
2,38,16.273942808987673
2,39,18.438543562373418
2,40,16.521947871555145
2,41,19.21344825055111
2,42,22.057841890819056
2,43,20.808810605254017
2,44,20.774222529086174
2,45,24.210926885020456
2,46,25.633711106694495
2,47,24.514415190962815
2,48,25.44773469624741
2,49,28.979200245044584
2,50,29.308426669657816
2,51,30.962406173341435
2,52,30.887019884974684
2,53,29.734576433685334
2,54,27.225101123451847
2,55,25.71449491163739
2,56,23.381036519945496
2,57,22.816494552355284
2,58,19.42708404584297
2,59,18.318217113870492
2,60,19.686331557806895
2,61,17.62511747592514
2,62,14.365246947625922
2,63,15.466839829071697
2,64,16.333425776254817
2,65,12.805227944407624
2,66,12.382879691358918
2,67,15.911250077724569
2,68,34.54745210167991
2,69,34.149391891438256
2,70,32.950289766040825
2,71,31.66209700914359
2,72,31.23833467643461
2,73,28.00199913578759
2,74,27.901281425223573
2,75,27.91320766291948
2,76,25.450492061549394
2,77,22.779106703058666
2,78,23.55745566370534
2,79,23.388485138502006
2,80,20.053736552494605
2,81,18.702536646198467
2,82,19.936886548847788
2,83,18.498313647983796
2,84,14.885875066425907
2,85,15.153918383432542
2,86,16.312046954649123
2,87,13.46151332426354
2,88,10.983387545195571
2,89,13.394406248717878
2,90,13.58943521885119
2,91,9.88472491146102
2,92,9.926640780024439
2,93,6.820341865390472
2,94,8.692129708695575
3,1,5.609336423355558
3,2,3.839502216869655
3,4,3.8531643078975177
3,5,5.781113698426488
3,6,5.6939297309777395
3,7,6.02419797371675
3,8,8.660006787841551
3,9,10.15592036714775
3,10,10.726315423951409
3,11,12.14114208994995
3,12,14.36310067833999
3,13,15.652629617417777
3,14,16.734260835145978
3,15,18.342350501344445
3,16,20.43603154059229
3,17,21.581836743195215
3,18,22.974986734483213
3,19,26.53046277446349
3,20,28.015038656538916
3,21,26.931533217629894
3,22,29.295647463003487
3,23,28.832790811640063
3,24,26.34982329126973
3,25,28.100745564792703
3,26,31.42101625907643
3,27,30.993290823293574
3,28,30.62350128171337
3,29,29.896292461223922
3,30,27.658979975350515
3,31,27.501159950849573
3,32,25.679227629819167
3,33,23.392741623251933
3,34,22.635739311434758
3,35,19.200288306142017
3,36,18.63961168805816
3,37,15.310442130875602
3,38,15.206685418444383
3,39,16.935636538370236
3,40,15.194927597024082
3,41,18.39163645483345
3,42,20.73754052202994
3,43,19.02801944853725
3,44,19.463304714148215
3,45,23.019048329673566
3,46,23.906673457071257
3,47,22.73157810121057
3,48,24.17212489865445
3,49,27.527267325380414
3,50,27.538754338550685
3,51,29.44741321917086
3,52,29.314085680228818
3,53,27.7716917177409
3,54,25.464984298262625
3,55,23.52462481962172
3,56,21.29098529657324
3,57,21.283160349542946
3,58,17.87882315231538
3,59,16.393469727386353
3,60,18.325388451127182
3,61,16.84554788622678
3,62,13.213307926875212
3,63,14.291942719927503
3,64,16.035648776702494
3,65,12.998059369011703
3,66,12.176960173594518
3,67,15.883032113761308
3,68,32.6103635747571
3,69,31.87227849824317
3,70,30.53112064034452
3,71,28.940788756149967
3,72,28.410926965361927
3,73,25.28061606244593
3,74,24.8336840061761
3,75,24.751472068818188
3,76,22.56640839010832
3,77,19.767387989004458
3,78,20.18636883262993
3,79,20.144054895152788
3,80,17.020969576126745
3,81,15.295416927767366
3,82,16.399159775661893
3,83,15.314010531536628
3,84,11.667077520675194
3,85,11.523376191014123
3,86,13.038051942218926
3,87,10.639028519704183
3,88,7.672612028896222
3,89,10.29291872380301
3,90,11.255779538022939
3,91,8.003703299889688
3,92,8.347191876195224
3,93,5.394400835810804
3,94,8.45850335144183
4,1,5.7651237484252755
4,2,5.506286705540958
4,3,3.8531643078975177
4,5,3.8474028392640123
4,6,5.616281572702076
4,7,5.000022313840376
4,8,6.012207628345205
4,9,8.50790997218323
4,10,9.861454378695443
4,11,10.269343720029669
4,12,12.117995078007057
4,13,14.223254121706445
4,14,15.292886136210813
4,15,16.159875001151093
4,16,18.38530368990045
4,17,20.09337976127094
4,18,21.29983602690866
4,19,25.023826163921733
4,20,26.040537813425825
4,21,24.808152789273773
4,22,27.294198680176713
4,23,27.235714937631336
4,24,24.7113923763887
4,25,26.35507630982793
4,26,29.704558967529138
4,27,29.723066398969237
4,28,29.40527083891727
4,29,29.131353972477985
4,30,27.15111290923743
4,31,27.487537817000412
4,32,26.035079773478877
4,33,24.152659700059047
4,34,23.98133231444552
4,35,20.699445861496553
4,36,20.746156976925214
4,37,17.53073522074371
4,38,17.039543130435334
4,39,18.14352730711467
4,40,15.723854039768806
4,41,18.714007621526434
4,42,21.14395142274351
4,43,19.020634860001664
4,44,18.882373263636456
4,45,22.619059164860957
4,46,23.458611480195973
4,47,21.71532192414933
4,48,22.90994852989741
4,49,26.40376921385678
4,50,26.091670631780204
4,51,27.619082232082405
4,52,27.08019905304723
4,53,25.546563646362298
4,54,22.90493090876378
4,55,21.09418683612126
4,56,19.21233121604397
4,57,18.85932338049912
4,58,15.22258704394115
4,59,14.430143536350602
4,60,16.55448107850366
4,61,14.669241274441653
4,62,11.262553943255456
4,63,13.293047231234643
4,64,14.878017254382241
4,65,11.856186232953641
4,66,12.127084609900436
4,67,15.938297834604723
4,68,33.17366148161477
4,69,32.242118115218226
4,70,30.504110907461392
4,71,28.77622655984237
4,72,27.79180742917744
4,73,24.39617850551583
4,74,23.945922179103125
4,75,24.458421427468775
4,76,22.366853722832563
4,77,19.21225688983221
4,78,19.974129314042617
4,79,20.59313088394465
4,80,17.39840979581107
4,81,15.405191215721594
4,82,17.24804690400296
4,83,16.71536784424027
4,84,12.903040199397562
4,85,12.915969463349573
4,86,15.264549254933314
4,87,13.215602321813938
4,88,10.22449947070836
4,89,13.129734849331959
4,90,14.647949391476637
4,91,11.684570221298456
4,92,11.62880051484393
4,93,8.253077635421782
4,94,10.469259726479914
5,1,8.799910917687834
5,2,7.089590754028199
5,3,5.781113698426488
5,4,3.8474028392640123
5,6,3.849488976312961
5,7,5.538523061532396
5,8,5.2856342478148735
5,9,6.20501530527213
5,10,8.718786908874177
5,11,9.86100660125394
5,12,10.628176276796506
5,13,12.471149491981643
5,14,14.438632557810605
5,15,15.292261949944368
5,16,16.788899219476136
5,17,18.69076882181702
5,18,20.50069633118089
5,19,24.198538352858854
5,20,25.27902741464608
5,21,23.554302614892602
5,22,25.614781941385413
5,23,25.25749507308053
5,24,22.39257919424986
5,25,23.659519232307144
5,26,27.17785339935759
5,27,27.130661057169068
5,28,26.456070915515898
5,29,26.084665338532005
5,30,23.918041396950187
5,31,24.220093048699503
5,32,23.056907260340207
5,33,21.18124435100389
5,34,21.3330388296668
5,35,18.345881913748624
5,36,18.662237458262222
5,37,15.456962078344905
5,38,14.427638597062332
5,39,15.147862237453998
5,40,12.33716139364612
5,41,15.113942568703896
5,42,17.650759133190512
5,43,15.581502826214745
5,44,15.159348300308855
5,45,18.883951846552083
5,46,19.913702601423243
5,47,18.204284827446582
5,48,19.221084332532804
5,49,22.764538158268675
5,50,22.675666896863937
5,51,24.220092668047144
5,52,23.94393869431787
5,53,22.672557911942864
5,54,20.165951685054633
5,55,18.64336387852591
5,56,16.33412768812591
5,57,15.823493814322557
5,58,12.413146938072341
5,59,11.314158921594942
5,60,13.01119072561733
5,61,11.172728840486107
5,62,7.670220797942803
5,63,9.502961850003564
5,64,11.06407797035015
5,65,8.21955171372529
5,66,8.550233950872766
5,67,12.327416393934628
5,68,29.959362651684526
5,69,29.179035416881163
5,70,27.456058533243844
5,71,25.9941709643662
5,72,25.12682474811321
5,73,21.651218827281642
5,74,21.68966221016153
5,75,22.265622837652057
5,76,19.79388498567877
5,77,16.842960902524705
5,78,18.21684961673887
5,79,18.69340354716896
5,80,15.185533826098744
5,81,13.83343156710756
5,82,16.18328952566669
5,83,15.288432376413514
5,84,11.493161447993423
5,85,12.61463809533439
5,86,14.975760768818244
5,87,12.556548576736573
5,88,10.462840562447466
5,89,14.013969833286593
5,90,15.114085962410831
5,91,12.385737018848085
5,92,11.113604433753675
5,93,7.503729587729691
5,94,8.494207100397208
6,1,10.597279756020988
6,2,8.502685309365198
6,3,5.6939297309777395
6,4,5.616281572702076
6,5,3.849488976312961
6,7,3.8287668022502963
6,8,5.409967882848853
6,9,4.938543164379917
6,10,6.060168644071374
6,11,8.419051547885966
6,12,9.763969731954091
6,13,10.534578499858402
6,14,12.408285327708937
6,15,14.158652605401237
6,16,15.571153840536656
6,17,16.74635037285743
6,18,18.720158806674636
6,19,22.235521183174143
6,20,23.83481639762992
6,21,22.329643125143175
6,22,24.316965318099054
6,23,23.575507077107027
6,24,20.90666889883751
6,25,22.53777116681731
6,26,25.896083014807132
6,27,25.39700390854962
6,28,24.93678627641429
6,29,24.24018577599683
6,30,22.081042327196958
6,31,22.163628384135826
6,32,20.51792350878192
6,33,18.58812632415979
6,34,18.43278477726479
6,35,15.18073575551042
6,36,15.566465544331228
6,37,12.628078990492362
6,38,12.383982514553965
6,39,12.954451429556226
6,40,10.782206153352986
6,41,14.184557952885253
6,42,16.104861913423285
6,43,13.851918381551695
6,44,14.364412677000123
6,45,18.019940816625876
6,46,18.533926468046943
6,47,17.204014112319555
6,48,18.919419276111146
6,49,22.137135558705275
6,50,21.986234786240722
6,51,24.058802985962817
6,52,24.05040029105942
6,53,22.415525037001085
6,54,20.40918427073803
6,55,18.3855879775607
6,56,15.9021463012755
6,57,16.272296600569124
6,58,13.16778697762492
6,59,11.071563696240311
6,60,13.18802307484009
6,61,12.450371829579918
6,62,8.626741624453988
6,63,9.414432561572212
6,64,12.025858623971809
6,65,9.974322505268356
6,66,8.935818040862603
6,67,12.532920972225135
6,68,27.697479636784195
6,69,26.739364462355603
6,70,25.14149374362403
6,71,23.50664053124403
6,72,22.857290790475087
6,73,19.64573218960635
6,74,19.403408359516586
6,75,19.49080006975148
6,76,17.147277666214094
6,77,14.304090518859761
6,78,15.204935111893716
6,79,15.361559603406931
6,80,11.981578458495662
6,81,10.513896954944256
6,82,12.49989296694657
6,83,11.542423023835683
6,84,7.716462446102816
6,85,8.840508093899842
6,86,11.203070193763395
6,87,9.011676138024328
6,88,7.093033039024311
6,89,10.813698903421663
6,90,12.109044086114965
6,91,10.045196289365528
6,92,8.721056305489222
6,93,5.885806986377494
6,94,7.676108155750708
7,1,10.17478507215618
7,2,9.436398505573106
7,3,6.02419797371675
7,4,5.000022313840376
7,5,5.538523061532396
7,6,3.8287668022502963
7,8,3.845931251716902
7,9,5.524328524856626
7,10,5.222548547310117
7,11,6.135324162514437
7,12,8.718594476278025
7,13,10.054320528130148
7,14,10.780106661765428
7,15,12.371227988042634
7,16,14.626306873458942
7,17,15.727677760177503
7,18,16.972313966691697
7,19,20.570702366094416
7,20,21.991326342196537
7,21,20.966637172902065
7,22,23.44853249324264
7,23,23.172315659431355
7,24,20.936027808288646
7,25,23.026574124340282
7,26,26.14072651712301
7,27,25.887771648942994
7,28,25.951589110815966
7,29,25.622556203854447
7,30,23.931215768361497
7,31,24.403012639386457
7,32,22.616234635116648
7,33,21.084466507364617
7,34,20.979044049304473
7,35,17.566474602926224
7,36,18.183138778549722
7,37,15.582622079941897
7,38,15.883873624407013
7,39,16.274380664222804
7,40,14.245472744763063
7,41,17.70450919773409
7,42,19.32461781408458
7,43,16.6658432582909
7,44,17.243195137636963
7,45,20.963353610950996
7,46,21.03033431208799
7,47,19.322350304828134
7,48,21.246976821621786
7,49,24.371042743591847
7,50,23.68090672341487
7,51,25.623373754286416
7,52,25.130440201626193
7,53,23.07577501998079
7,54,20.890381221778497
7,55,18.454395312514905
7,56,16.64442236769453
7,57,17.249935749816732
7,58,13.85046371852805
7,59,12.295338784927944
7,60,15.147757430965296
7,61,14.388614684658902
7,62,10.714141644911567
7,63,12.323118566673136
7,64,15.0472349826493
7,65,13.027775847183582
7,66,12.582344081748355
7,67,16.194380370689604
7,68,30.203217042417286
7,69,28.851031912879716
7,70,26.9650000191192
7,71,24.870333474054853
7,72,23.789810618179384
7,73,20.59512940741094
7,74,19.688239097983345
7,75,20.031444749269635
7,76,18.326835791303452
7,77,15.045606355156663
7,78,15.314269738251868
7,79,16.13775027185949
7,80,13.30090678444856
7,81,10.779957542284205
7,82,12.592713184454448
7,83,12.685867494396035
7,84,9.038102570690581
7,85,8.622662890952503
7,86,11.65465412952202
7,87,10.524733770538822
7,88,7.579622390329775
7,89,10.581590659811035
7,90,12.917116480696201
7,91,11.093581648059667
7,92,11.010566573593335
7,93,8.567006175730404
7,94,11.175352072816484
8,1,11.692843440847826
8,2,11.220121239918653
8,3,8.660006787841551
8,4,6.012207628345205
8,5,5.2856342478148735
8,6,5.409967882848853
8,7,3.845931251716902
8,9,3.8195030943030392
8,10,5.452850535826621
8,11,4.890184150567228
8,12,6.121390029952713
8,13,8.639320033807419
8,14,9.81178933612062
8,15,10.30862471883596
8,16,12.395006262017175
8,17,14.340285703517338
8,18,15.639078674194142
8,19,19.41364600966969
8,20,20.297283767231768
8,21,18.853885032787268
8,22,21.295511475114683
8,23,21.36095707861835
8,24,18.922922186328012
8,25,20.727193300484824
8,26,23.948926554660993
8,27,24.17264297270425
8,28,24.138330421101
8,29,24.264452215718556
8,30,22.78085040890566
8,31,23.73814380552059
8,32,22.48035210231004
8,33,21.354650755753962
8,34,21.90985391128642
8,35,18.855164249378287
8,36,19.995345372020644
8,37,17.483208415433875
8,38,17.196079637975743
8,39,17.0035315299227
8,40,14.308987077135551
8,41,17.337379946946708
8,42,19.044655938301673
8,43,16.097547848995653
8,44,15.956342799386723
8,45,19.7598124349202
8,46,19.8512487753921
8,47,17.570849051579398
8,48,19.145900759991807
8,49,22.39343835051931
8,50,21.43811475093981
8,51,22.9635303881961
8,52,22.120562572889977
8,53,20.15823324954455
8,54,17.63719135721137
8,55,15.420876026791495
8,56,13.87386301164554
8,57,14.061160398440126
8,58,10.452828573939552
8,59,9.635419710204205
8,60,12.63410093276542
8,61,11.56877750188713
8,62,8.28238054241692
8,63,10.826699919944526
8,64,13.318799393383976
8,65,11.624130466822521
8,66,12.183058247727981
8,67,15.634270078167255
8,68,30.039522888527937
8,69,28.602679905123903
8,70,26.36047995240785
8,71,24.27498111910464
8,72,22.776956635447007
8,73,19.281641514058247
8,74,18.600308330361866
8,75,19.642411436758984
8,76,17.895225486018187
8,77,14.380302353304716
8,78,15.333933131114335
8,79,16.775221341473735
8,80,13.827022969426105
8,81,11.478299415523104
8,82,14.193017862665545
8,83,14.576623027508049
8,84,11.054421831461525
8,85,11.353564329007012
8,86,14.682385723920696
8,87,13.538970752721408
8,88,11.103449518833619
8,89,14.291946508431355
8,90,16.51862685945476
8,91,14.630947668310425
8,92,13.975066015070553
8,93,11.080872625983044
8,94,12.759884244781862
9,1,14.224173640337026
9,2,12.789566640291252
9,3,10.15592036714775
9,4,8.50790997218323
9,5,6.20501530527213
9,6,4.938543164379917
9,7,5.524328524856626
9,8,3.8195030943030392
9,10,3.8355487729501236
9,11,5.367813237558515
9,12,5.123532157376409
9,13,6.2975753763750815
9,14,8.755606381658303
9,15,9.87559931161628
9,16,10.883146585904834
9,17,12.580138829041156
9,18,14.729810249310674
9,19,18.324021852412404
9,20,19.604875110241107
9,21,17.752227501737313
9,22,19.651378976407564
9,23,19.1256399833569
9,24,16.38642968613584
9,25,18.011063434986692
9,26,21.36066271282811
9,27,21.234158411926032
9,28,20.93703968611301
9,29,20.772319195352356
9,30,19.095330664700377
9,31,19.935874937216372
9,32,18.71470011689989
9,33,17.626986040812845
9,34,18.40168655640923
9,35,15.564307334589062
9,36,17.066956945501694
9,37,14.844683900218694
9,38,14.484921248777916
9,39,13.721272984719736
9,40,11.028779703016072
9,41,14.08120217211966
9,42,15.444357612498624
9,43,12.349557661196496
9,44,12.448522184290425
9,45,16.205782521916245
9,46,16.125857854730285
9,47,14.029450905080383
9,48,15.892923406015203
9,49,19.005905494931074
9,50,18.21592574302497
9,51,20.101001302180276
9,52,19.70488088406947
9,53,17.790760745078984
9,54,15.740765289116638
9,55,13.514681855818429
9,56,11.292652497218869
9,57,11.946927535312879
9,58,8.856857442731304
9,59,6.800390751032745
9,60,9.783899680857743
9,61,9.637914052282811
9,62,6.180857786548991
9,63,7.829826737793643
9,64,10.989202431940384
9,65,10.162216687972533
9,66,10.10337091141852
9,67,13.142096918569948
9,68,26.22842238498261
9,69,24.827574233982446
9,70,22.640751952250326
9,71,20.706399966279463
9,72,19.427301788988377
9,73,15.941427111883048
9,74,15.63234259592813
9,75,16.489652349449287
9,76,14.38365913551906
9,77,11.058717222207045
9,78,12.505413142375435
9,79,13.678399425676346
9,80,10.47101347027067
9,81,8.755064239277669
9,82,11.91919678553657
9,83,11.985009658427648
9,84,8.703083806343287
9,85,10.090810009341325
9,86,13.279402313894069
9,87,12.058191126855881
9,88,10.64173371075724
9,89,14.137098143288297
9,90,15.98015002181304
9,91,14.575352658007029
9,92,13.113037425021338
9,93,10.637445850574693
9,94,11.587990730285249
10,1,15.314308884976883
10,2,14.096128657298904
10,3,10.726315423951409
10,4,9.861454378695443
10,5,8.718786908874177
10,6,6.060168644071374
10,7,5.222548547310117
10,8,5.452850535826621
10,9,3.8355487729501236
10,11,3.8265748401412902
10,12,5.501290729436971
10,13,5.177414534721375
10,14,6.438052789298091
10,15,8.826337099899325
10,16,10.33057096458746
10,17,10.933018388798894
10,18,12.776851474073373
10,19,16.217115192225098
10,20,18.01246653840178
10,21,16.76310027665871
10,22,18.898468151654022
10,23,18.23783376048666
10,24,16.06178862631255
10,25,18.368848391763574
10,26,21.32673687395908
10,27,20.843870093594372
10,28,21.105455030916687
10,29,20.786955087296977
10,30,19.40254156898095
10,31,20.167846939262812
10,32,18.34618834279869
10,33,17.41054270272343
10,34,17.812541140236572
10,35,14.66011571512704
10,36,16.269149164661087
10,37,14.540456726144159
10,38,15.17028459589384
10,39,14.374629849801998
10,40,12.553792134379314
10,41,16.006744746326135
10,42,16.709196748934367
10,43,13.473809999782905
10,44,14.523636037152368
10,45,18.049309675945242
10,46,17.319574928920975
10,47,15.552470717307935
10,48,18.07770750590707
10,49,20.744436333110617
10,50,19.685933989763328
10,51,21.953346082876077
10,52,21.57864762225256
10,53,19.162008058175864
10,54,17.562963743668103
10,55,14.70668943312765
10,56,12.853681121594771
10,57,14.421295220810913
10,58,11.68412709516169
10,59,9.323520036129409
10,60,12.62453983816189
10,61,13.177245956481396
10,62,9.863978298202243
10,63,10.827978004758895
10,64,14.349044400436721
10,65,13.660908043217624
10,66,12.909635327248685
10,67,15.846723691317525
10,68,26.235452879702155
10,69,24.484917755723572
10,70,22.328449856727524
10,71,19.96411098115006
10,72,18.700325122973002
10,73,15.600135432586178
10,74,14.490153410230747
10,75,14.891535382179281
10,76,13.413271295762634
10,77,9.967534074075335
10,78,10.23662782487283
10,79,11.526912581954152
10,80,8.94578199615784
10,81,6.109906218114687
10,82,8.826601886656356
10,83,9.700943325409224
10,84,6.748333951251597
10,85,7.056758858395328
10,86,10.661429091290522
10,87,10.47311766028333
10,88,8.941671982740399
10,89,11.86310473223285
10,90,14.297792764564974
10,91,13.650942706430502
10,92,12.82139062819783
10,93,11.211207456867955
10,94,12.990897295311775
11,1,15.689403493344166
11,2,15.353758918979882
11,3,12.14114208994995
11,4,10.269343720029669
11,5,9.86100660125394
11,6,8.419051547885966
11,7,6.135324162514437
11,8,4.890184150567228
11,9,5.367813237558515
11,10,3.8265748401412902
11,12,3.8298641848994035
11,13,5.483854147287047
11,14,5.171415265680531
11,15,6.262661290812072
11,16,8.901042123306954
11,17,10.134153182155545
11,18,11.034606777248596
11,19,14.757282404756124
11,20,15.910693141934168
11,21,14.903439597136673
11,22,17.591674693215495
11,23,17.720922311659372
11,24,15.878631127867228
11,25,18.371416179588195
11,26,21.13794295582731
11,27,21.258146374896146
11,28,21.901678552640302
11,29,22.216723955554126
11,30,21.338537414985773
11,31,22.648730621757206
11,32,21.11349531851758
11,33,20.617631108885202
11,34,21.33180874301705
11,35,18.310878009875818
11,36,20.06949431882423
11,37,18.353657122855818
11,38,18.833676087673872
11,39,17.974815030887637
11,40,15.822258429385572
11,41,19.023054519822654
11,42,19.819624751547327
11,43,16.381343589959886
11,44,16.90193230528545
11,45,20.476599741150768
11,46,19.63135888387286
11,47,17.28709159859342
11,48,19.574588911558386
11,49,22.26570727953427
11,50,20.68967879336173
11,51,22.490169007720706
11,52,21.4683073422546
11,53,18.81320892798442
11,54,16.8048273626967
11,55,13.776985198036709
11,56,12.85248097420462
11,57,14.222246439773903
11,58,11.189880251681304
11,59,9.985468537896777
11,60,13.683516967503143
11,61,13.838316367025557
11,62,10.963825565970172
11,63,12.949223123340259
11,64,16.131613015980797
11,65,15.341242953401379
11,66,15.43367553320594
11,67,18.484197716265392
11,68,29.07316494988391
11,69,27.076688054763164
11,70,24.554729495058005
11,71,21.922605601091554
11,72,20.062895483238812
11,73,16.84676918169204
11,74,15.334082127630213
11,75,16.47085269631117
11,76,15.562224403808779
11,77,11.800974970525727
11,78,11.95206468016388
11,79,14.133462735723501
11,80,12.06338815534488
11,81,8.898749938405075
11,82,11.57894089109894
11,83,13.178395308352163
11,84,10.4710198323078
11,85,10.01699645321063
11,86,13.799257978003201
11,87,13.937824231441766
11,88,11.806702763829254
11,89,14.34887005533005
11,90,17.222824485701388
11,91,16.348717984975032
11,92,16.000061855487477
11,93,13.995170364094234
11,94,15.956916824266061
12,1,17.809014182442052
12,2,17.146951554452723
12,3,14.36310067833999
12,4,12.117995078007057
12,5,10.628176276796506
12,6,9.763969731954091
12,7,8.718594476278025
12,8,6.121390029952713
12,9,5.123532157376409
12,10,5.501290729436971
12,11,3.8298641848994035
12,13,3.808933273071565
12,14,5.295562398356152
12,15,4.94918498294804
12,16,6.290542641000014
12,17,8.643056170562572
12,18,10.2841419947543
12,19,14.009050069657036
12,20,14.782441973578317
12,21,12.930258092435391
12,22,15.19108398975327
12,23,15.325728314388233
12,24,13.020813821246586
12,25,15.098013975861466
12,26,18.08717451077641
12,27,18.52883375919973
12,28,18.906965668270708
12,29,19.543259303210046
12,30,18.787976836706612
12,31,20.49788013709806
12,32,19.524772078157106
12,33,19.414614546675203
12,34,20.772470470075923
12,35,18.238533926478976
12,36,20.448270042079532
12,37,18.886888760114974
12,38,18.844931294436602
12,39,17.39387142450129
12,40,14.835737700469384
12,41,17.523866449697515
12,42,18.19895694998267
12,43,14.582175269806836
12,44,14.549514535658195
12,45,18.018545604533106
12,46,17.099702082009276
12,47,14.319267415770312
12,48,16.388912110198866
12,49,19.050966320007927
12,50,17.268664295822035
12,51,18.827822312075206
12,52,17.671624394445246
12,53,15.083963506007903
12,54,12.988202819409693
12,55,10.065035181934082
12,56,9.140142024755315
12,57,10.488287125855384
12,58,7.69241080224139
12,59,6.753898759713113
12,60,10.566093842326003
12,61,11.066199495417116
12,62,8.930177895487754
12,63,11.066150181488897
12,64,14.109137123108342
12,65,14.06191833603684
12,66,14.621687404849185
12,67,17.196258471065416
12,68,27.2787655889769
12,69,25.27616115339132
12,70,22.489506251701382
12,71,20.000856231732
12,72,17.861235981189836
12,73,14.352986436784759
12,74,13.332304590757705
12,75,15.124920623568505
12,76,13.981585435204478
12,77,10.211369136851731
12,78,11.420415148184896
12,79,13.925401322412055
12,80,11.709575442929182
12,81,9.351062166779387
12,82,12.802377156589264
12,83,14.208020364952453
12,84,11.759792865912921
12,85,12.375732534128518
12,86,16.015772274461963
12,87,15.841319818294176
12,88,14.339965454447814
12,89,17.2774236356037
12,90,19.759551726013285
12,91,18.82248280760628
12,92,17.781645265476143
12,93,15.562901299965016
12,94,16.698200786622092
13,1,19.915926647380655
13,2,18.751628952348316
13,3,15.652629617417777
13,4,14.223254121706445
13,5,12.471149491981643
13,6,10.534578499858402
13,7,10.054320528130148
13,8,8.639320033807419
13,9,6.2975753763750815
13,10,5.177414534721375
13,11,5.483854147287047
13,12,3.808933273071565
13,14,3.8200477369252086
13,15,5.583938917570645
13,16,5.519078718633562
13,17,6.3456746854380714
13,18,8.980460247099103
13,19,12.314626288545114
13,20,13.953296212377177
13,21,12.122810441071751
13,22,13.885376539155928
13,23,13.182944910274829
13,24,10.94311516860085
13,25,13.397396216118333
13,26,16.232062272236295
13,27,15.998160608612597
13,28,16.522713632298498
13,29,16.746564475662442
13,30,16.03278552986077
13,31,17.614553696196786
13,32,16.297584101997423
13,33,16.41722470886937
13,34,17.79267007641407
13,35,15.38719299995052
13,36,17.975889372084197
13,37,17.024074778224126
13,38,17.445622315203412
13,39,15.541438728032347
13,40,13.605013100598939
13,41,16.39976708898356
13,42,16.336728414327027
13,43,12.582649129095556
13,44,13.38845121283447
13,45,16.54123364004162
13,46,15.010120085518132
13,47,12.679839651782265
13,48,15.469991950309064
13,49,17.63665616082915
13,50,15.858310738127559
13,51,18.0551452602057
13,52,17.422652635056384
13,53,14.594551874649154
13,54,13.42837796761616
13,55,10.174826616260782
13,56,8.77369817014366
13,57,11.257274044136393
13,58,9.466659684860284
13,59,7.174669288054106
13,60,10.765906391786451
13,61,12.405149827412087
13,62,10.275880004682719
13,63,11.151623171324752
13,64,14.703589126447122
13,65,15.23248058380388
13,66,14.960806842436996
13,67,17.110581531225996
13,68,24.236705235330703
13,69,22.025020495398856
13,70,19.282366317005938
13,71,16.605716568071013
13,72,14.633369648846429
13,73,11.363014658086596
13,74,10.062106393462535
13,75,11.444106836926998
13,76,10.441752646789316
13,77,6.614485375214866
13,78,7.626403752697491
13,79,10.233674878161034
13,80,8.41593678269559
13,81,6.158331401512013
13,82,9.757488571181458
13,83,11.447066535095232
13,84,9.815879352468615
13,85,10.708156181286602
13,86,14.120615261179793
13,87,14.443331883063141
13,88,13.714389792625868
13,89,16.416707601532448
13,90,18.77702763646771
13,91,18.525692314077816
13,92,17.280998427709825
13,93,15.776343981455893
13,94,16.79679134586917
14,1,20.72557489081387
14,2,20.12253896807959
14,3,16.734260835145978
14,4,15.292886136210813
14,5,14.438632557810605
14,6,12.408285327708937
14,7,10.780106661765428
14,8,9.81178933612062
14,9,8.755606381658303
14,10,6.438052789298091
14,11,5.171415265680531
14,12,5.295562398356152
14,13,3.8200477369252086
14,15,3.8308609065339336
14,16,5.561589404389607
14,17,5.25324049865111
14,18,6.349162970025106
14,19,9.876214257502186
14,20,11.619450194977937
14,21,10.762324552114448
14,22,13.289524951908703
14,23,13.16662041910891
14,24,11.95120235097209
14,25,15.061657933791652
14,26,17.267763481797736
14,27,17.170528304229485
14,28,18.451670046130985
14,29,18.94429703699487
14,30,18.763006008988953
14,31,20.471731464067783
14,32,18.866041648978698
14,33,19.203235559315623
14,34,20.301059852513756
14,35,17.70419927393066
14,36,20.200795883765466
14,37,19.427963709041997
14,38,20.353506332962894
14,39,18.68222203823767
14,40,17.057434699252827
14,41,20.050134845161132
14,42,19.874008870822585
14,43,16.147156850603373
14,44,17.179233583174366
14,45,20.247675589556962
14,46,18.46737758103291
14,47,16.187772258707376
14,48,19.058502875107
14,49,20.995534747138105
14,50,18.87290438000271
14,51,20.946181836307968
14,52,19.93369859429147
14,53,16.726201521278412
14,54,15.592599368525697
14,55,11.982755092380664
14,56,11.623310126157802
14,57,14.18823910584778
14,58,12.287574353045166
14,59,10.696677414421407
14,60,14.40439354409461
14,61,15.782489423504972
14,62,13.579002365045886
14,63,14.811900931204079
14,64,18.325258142931627
14,65,18.505956818463407
14,66,18.27275216594795
14,67,20.687837719693185
14,68,26.907798352699086
14,69,24.379988475324552
14,70,21.564247166926997
14,71,18.469622697525768
14,72,16.224117843205256
14,73,13.431187488887849
14,74,11.114219312865176
14,75,12.47082206929562
14,76,12.553301197791109
14,77,8.865186596190137
14,78,8.294918252724944
14,79,11.428585700340044
14,80,10.603073011383493
14,81,7.4207936570771045
14,82,10.05224083541891
14,83,12.709769457433248
14,84,11.386036314848948
14,85,10.978183980110732
14,86,14.571394362406773
14,87,15.681514186211361
14,88,14.466220933774208
14,89,16.504459432779854
14,90,19.43405309683062
14,91,19.461046962635344
14,92,18.92428668529483
14,93,17.624329120067692
14,94,19.295805124600818
15,1,21.60800030782672
15,2,21.39151585678663
15,3,18.342350501344445
15,4,16.159875001151093
15,5,15.292261949944368
15,6,14.158652605401237
15,7,12.371227988042634
15,8,10.30862471883596
15,9,9.87559931161628
15,10,8.826337099899325
15,11,6.262661290812072
15,12,4.94918498294804
15,13,5.583938917570645
15,14,3.8308609065339336
15,16,3.825690107253745
15,17,5.6681552182901624
15,18,5.802773372054021
15,19,9.596096958997526
15,20,10.016090620639474
15,21,8.740870574501873
15,22,11.697307500852563
15,23,12.572818615619534
15,24,11.38178358504308
15,25,14.218413869406008
15,26,16.377525198867097
15,27,17.13500985637349
15,28,18.463918971148466
15,29,19.66391403394806
15,30,19.83166231093187
15,31,22.04949820191995
15,32,21.019147602938187
15,33,21.64066992803471
15,34,23.166684554552106
15,35,20.802337021891496
15,36,23.3928835656574
15,37,22.413511898719
15,38,22.868779007410517
15,39,21.095597834893947
15,40,18.95365073040696
15,41,21.58161255400741
15,42,21.64060683561366
15,43,17.836185415715423
15,44,18.122849297789244
15,45,21.198344808505805
15,46,19.539012832055647
15,47,16.675266210063462
15,48,19.048575555965716
15,49,21.056337273616734
15,50,18.545333757302018
15,51,19.97896521955852
15,52,18.32676458665097
15,53,15.068761181897766
15,54,13.459100615432956
15,55,9.897469530248909
15,56,10.566913899314702
15,57,12.696812895020209
15,58,10.825122104405429
15,59,10.454318076273397
15,60,14.150882819985542
15,61,15.185367085051592
15,62,13.640098533805448
15,63,15.575079204717788
15,64,18.648880254053115
15,65,18.925393225371977
15,66,19.444418386461365
15,67,21.819103563714815
15,68,28.842943484872045
15,69,26.290935466066006
15,70,23.163115909006628
15,71,20.129194567627508
15,72,17.381202929387175
15,73,14.348904452178687
15,74,12.281257353145705
15,75,14.565439299401042
15,76,14.6902549845551
15,77,11.019093934775324
15,78,11.246873289603851
15,79,14.642294120714961
15,80,13.657792632017012
15,81,10.894136750059312
15,82,13.818871607626761
15,83,16.282076533144842
15,84,14.65905030032084
15,85,14.477759983554725
15,86,18.168783330583796
15,87,18.93261898569105
15,88,17.43536040504287
15,89,19.707844082707037
15,90,22.65398378577723
15,91,22.2530711327062
15,92,21.64755341525675
15,93,19.82637377886587
15,94,21.290553175178367
16,1,24.055496213387432
16,2,23.363721220681914
16,3,20.43603154059229
16,4,18.38530368990045
16,5,16.788899219476136
16,6,15.571153840536656
16,7,14.626306873458942
16,8,12.395006262017175
16,9,10.883146585904834
16,10,10.33057096458746
16,11,8.901042123306954
16,12,6.290542641000014
16,13,5.519078718633562
16,14,5.561589404389607
16,15,3.825690107253745
16,17,3.86276631794034
16,18,5.814200179043977
16,19,8.921998287490737
16,20,9.44597049220693
16,21,6.942078980516748
16,22,8.914705118321942
16,23,9.301692357013108
16,24,7.638517392911002
16,25,10.396762770017116
16,26,12.65350330223443
16,27,13.461446111193744
16,28,14.70175806657315
16,29,16.1199428045707
16,30,16.566367780931788
16,31,19.124426900049805
16,32,18.499875967278825
16,33,19.607430556530794
16,34,21.638034629486643
16,35,19.80774570417491
16,36,22.804377584542976
16,37,22.199365296594113
16,38,22.454188221574224
16,39,20.129998809483222
16,40,18.045728121177667
16,41,20.211302727784922
16,42,19.822065304247324
16,43,15.984968183151889
16,44,16.17159608222547
16,45,18.830344517956895
16,46,16.806263631476867
16,47,13.844395592404917
16,48,16.296369717207913
16,49,17.881665987108708
16,50,15.109227717389668
16,51,16.599528737801364
16,52,15.061080703789766
16,53,11.631247043026555
16,54,10.632919066982303
16,55,6.858692651754851
16,56,7.697669196891774
16,57,10.521954292515728
16,58,9.768382498602351
16,59,9.152933482089221
16,60,12.409565259788623
16,61,14.245912100668013
16,62,13.392389800178984
16,63,14.761773129724048
16,64,17.77095515834053
16,65,18.819372136319696
16,66,19.279544367346542
16,67,21.05871424276523
16,68,26.030253860666065
16,69,23.38673610917353
16,70,20.0555512614952
16,71,17.08614136413877
16,72,14.092906208038924
16,73,10.997086278740992
16,74,9.230363105216465
16,75,12.108225658324015
16,76,12.248136344354819
16,77,8.92394559461455
16,78,9.941168826189353
16,79,13.460280117804839
16,80,12.699262962422582
16,81,10.85271263612441
16,82,14.071972239485659
16,83,16.3346853050332
16,84,15.216115600540954
16,85,15.805948820165744
16,86,19.235256291771606
16,87,19.895308472419035
16,88,19.063725760787804
16,89,21.54773911947388
16,90,24.140251108879603
16,91,23.91875121863935
16,92,22.776674187377882
16,93,21.092900910473325
16,94,21.97712883472612
17,1,25.68618420065857
17,2,24.849510687452362
17,3,21.581836743195215
17,4,20.09337976127094
17,5,18.69076882181702
17,6,16.74635037285743
17,7,15.727677760177503
17,8,14.340285703517338
17,9,12.580138829041156
17,10,10.933018388798894
17,11,10.134153182155545
17,12,8.643056170562572
17,13,6.3456746854380714
17,14,5.25324049865111
17,15,5.6681552182901624
17,16,3.86276631794034
17,18,3.837791109441901
17,19,6.28149743122986
17,20,8.278671416322505
17,21,6.7326405664229245
17,22,8.44564267059391
17,23,7.964938173077976
17,24,7.379602630737457
17,25,10.952839343053865
17,26,12.495606739023206
17,27,12.454852310114875
17,28,14.345751745291361
17,29,15.358733206761872
17,30,16.101925813468284
17,31,18.464085427273822
17,32,17.306752778545
17,33,18.670936888408296
17,34,20.4674045787443
17,35,18.67436282431281
17,36,21.821518419713833
17,37,21.771406670551926
17,38,22.626485466794065
17,39,20.189530634114107
17,40,18.783527508014792
17,41,21.164790145300888
17,42,20.21731273269735
17,43,16.426874890879446
17,44,17.44092738209673
17,45,19.810502804654732
17,46,17.272080624670956
17,47,14.931776002419332
17,48,17.968318383753044
17,49,19.051668888796943
17,50,16.32655228789009
17,51,18.37579502743378
17,52,17.29935669982474
17,53,13.713269472370138
17,54,13.600093158763379
17,55,9.844323657960759
17,56,10.304651460320832
17,57,13.660731851195493
17,58,13.156590806880176
17,59,11.723256351827565
17,60,14.870908922916138
17,61,17.151580994845485
17,62,15.920927029192534
17,63,16.657600515510307
17,64,20.030298012207112
17,65,21.129158586282383
17,66,20.958895904658206
17,67,22.652845351308894
17,68,24.953328161609484
17,69,21.98703274761396
17,70,18.74375344612241
17,71,15.36678846193271
17,72,12.449209800247727
17,73,10.090679146952757
17,74,7.185087320568592
17,75,9.568870458638639
17,76,10.702300355908646
17,77,7.736440051084086
17,78,7.415545664508575
17,79,11.233782395118851
17,80,11.527368089195276
17,81,9.591419435256732
17,82,12.097404013583873
17,83,14.911722916574746
17,84,14.61999963932275
17,85,14.833885142650766
17,86,17.977259379913388
17,87,19.31130006988553
17,88,18.83672424016064
17,89,20.81258169008391
17,90,23.480396973622707
17,91,23.870263419299366
17,92,22.915335251045047
17,93,21.83411575063279
17,94,22.951772811136955
18,1,26.652112242070586
18,2,26.330474914458012
18,3,22.974986734483213
18,4,21.29983602690866
18,5,20.50069633118089
18,6,18.720158806674636
18,7,16.972313966691697
18,8,15.639078674194142
18,9,14.729810249310674
18,10,12.776851474073373
18,11,11.034606777248596
18,12,10.2841419947543
18,13,8.980460247099103
18,14,6.349162970025106
18,15,5.802773372054021
18,16,5.814200179043977
18,17,3.837791109441901
18,19,3.8274874102435708
18,20,5.395202944610181
18,21,5.552877448675769
18,22,8.533755350176593
18,23,9.391143129085483
18,24,10.004632219175996
18,25,13.612209149483165
18,26,14.504095510050531
18,27,14.931076763106985
18,28,17.325322085794834
18,29,18.680908888300657
18,30,19.75338672762452
18,31,22.191781520253546
18,32,20.952974803798988
18,33,22.328862014759334
18,34,23.92227624598756
18,35,21.930922032769836
18,36,24.912570345227415
18,37,24.781162337399405
18,38,25.82527899368711
18,39,23.635563891106184
18,40,22.194334650644105
18,41,24.744322755036958
18,42,23.957667223262384
18,43,20.155742380204217
18,44,21.088351330668413
18,45,23.574178438265573
18,46,21.089959998351283
18,47,18.637173492625905
18,48,21.50680442209351
18,49,22.61824273670127
18,50,19.692570177674547
18,51,21.393969175800027
18,52,19.852267471220504
18,53,16.142742605302637
18,54,15.760410092930767
18,55,12.00989351378577
18,56,13.288293669674244
18,57,16.293326159277683
18,58,15.474526678911415
18,59,14.664720051074728
18,60,18.028972914426852
18,61,19.88495715508135
18,62,18.571856556420176
18,63,19.799426043750035
18,64,23.109316954311986
18,65,23.864048207175845
18,66,23.90998639358017
18,67,25.91195339240441
18,68,28.555534333763273
18,69,25.45302549741062
18,70,22.190706681773438
18,71,18.6669408968001
18,72,15.615929578255338
18,73,13.641953191215231
18,74,10.458076957573976
18,75,12.686775107178281
18,76,14.323606324771502
18,77,11.441616818957657
18,78,10.418384911327133
18,79,14.217156850946257
18,80,14.773981709469124
18,81,12.253181406331949
18,82,14.232437645260715
18,83,17.462403290368602
18,84,17.059028681970187
18,85,16.50219470249316
18,86,19.775800652468376
18,87,21.456220910651183
