1,2,3.8593619255163985
1,3,6.865066396449908
1,4,8.744861327302527
1,5,7.248202780097339
1,6,7.32412173868837
1,7,10.690221608690978
1,8,11.885066746030503
1,9,11.504784846092072
1,10,13.314805344896985
1,11,15.888673421488049
1,12,16.61592668414439
1,13,16.794288500910106
1,14,19.299235006542062
1,15,21.330851065761042
1,16,21.76772125872521
1,17,22.730686417370244
1,18,25.062560031435076
1,19,26.748092377592858
1,20,27.332870569407607
1,21,28.660567195682134
1,22,30.668885190217548
1,23,32.48948704660789
1,24,32.71859759344233
1,25,35.739404353701225
1,26,38.84139093993325
1,27,41.058105220832275
1,28,39.37743521211287
1,29,42.22050886954125
1,30,39.90122069880764
1,31,37.84563650945253
1,32,40.18843985184821
1,33,40.41281582363602
1,34,36.70969021633518
1,35,36.35258004507193
1,36,38.534979524273155
1,37,35.95361914578261
1,38,34.10647678489537
1,39,30.35089343690214
1,40,28.842847629866196
1,41,26.023552634250898
1,42,23.44515935312849
1,43,24.663869041351955
1,44,21.217428249972556
1,45,18.19405320369916
1,46,15.283605319627087
1,47,12.938886413023837
1,48,12.132824819132141
1,49,15.053518739585142
1,50,17.25694617728393
1,51,17.0713918742156
1,52,20.035875367308176
1,53,22.0835384776527
1,54,21.263262695509464
1,55,22.063410880572764
1,56,25.38392430815599
1,57,26.492662002601254
1,58,25.88600708312765
1,59,29.369169482048314
1,60,30.936615164303777
1,61,29.10400463293491
1,62,30.36500414355657
1,63,33.8871996745575
1,64,33.87134670675828
1,65,32.55209122651204
1,66,35.54344029698498
1,67,37.78037016634403
1,68,37.312633826919864
1,69,36.23271336337956
1,70,34.91488129730705
1,71,34.970464061604844
1,72,32.030102125233284
1,73,29.28664566950867
1,74,28.51317135401867
1,75,29.303751807118342
1,76,31.860082407588738
1,77,30.673868899804944
1,78,30.63207946264174
1,79,28.346335513494296
1,80,26.293846945749234
1,81,25.562358133404324
1,82,25.21760731843639
1,83,22.291868514995564
1,84,20.694862341218762
1,85,21.158507480656716
1,86,19.75935317740544
1,87,16.452369573028577
1,88,16.60615869273269
1,89,17.59313668062686
1,90,14.466618246435953
1,91,12.009358235596252
1,92,14.263839358730896
1,93,14.069469453291191
1,94,17.787405946328235
1,95,16.579983754288367
1,96,17.94481273600025
1,97,20.924563371729455
1,98,20.962817476042552
1,99,23.943585429464555
1,100,23.42923848954121
1,101,25.20263126884732
1,102,27.04533877850424
1,103,28.483060756963432
1,104,32.22257671473716
1,105,32.519465229349194
1,106,32.12259555993853
1,107,31.29291286118625
1,108,32.147611178566464
1,109,30.121495890281032
1,110,29.430232238121985
1,111,28.185999380749504
1,112,26.112143992780396
1,113,24.368102205424876
1,114,24.062893690716617
1,115,22.28279161706637
1,116,19.63751230768187
1,117,19.176888326963155
1,118,18.64934596228059
1,119,16.232603488908936
1,120,14.0531393098352
1,121,14.388348292304387
1,122,13.516600963508647
1,123,10.195766024556177
1,124,9.34830556853402
1,125,10.824757553310851
1,126,8.443902319139204
1,127,5.2961087441294135
1,128,7.566837466854773
2,1,3.8593619255163985
2,3,3.7271774388549486
2,4,5.592012992610295
2,5,5.765583095206869
2,6,6.44704537662404
2,7,8.721666385599939
2,8,10.218894403116195
2,9,11.063968476979582
2,10,12.570052484682366
2,11,14.529589967056443
2,12,15.877511863294805
2,13,16.66776602056284
2,14,18.68866700079117
2,15,20.463484629454076
2,16,21.538926898903668
2,17,22.67523861530311
2,18,24.498230914528587
2,19,26.29522379743539
2,20,27.392459322478256
2,21,28.595531324146908
2,22,30.216248151675785
2,23,32.29240609308747
2,24,32.93355303943294
2,25,35.84246728164075
2,26,39.135010414610775
2,27,41.04680976972647
2,28,39.19925550465138
2,29,42.003276970493445
2,30,39.70025046370155
2,31,37.959963603172085
2,32,40.543586370963496
2,33,40.56984452002514
2,34,36.834279068562594
2,35,36.8699559405369
2,36,39.065869946506574
2,37,36.38674636333913
2,38,34.818830201403806
2,39,31.08412296091536
2,40,29.82160099212805
2,41,27.348209591676984
2,42,25.035184595014588
2,43,26.699778616991757
2,44,23.509616874451552
2,45,20.244474805545565
2,46,17.811790474911735
2,47,15.18121053646352
2,48,13.453312576993577
2,49,16.209339135621512
2,50,18.61020478312734
2,51,17.751416022093704
2,52,20.523460251567208
2,53,22.895903633756767
2,54,21.6443735139003
2,55,21.905250392795512
2,56,25.445409248107076
2,57,26.61211352344757
2,58,25.484861921627996
2,59,28.787769311790775
2,60,30.729842616684607
2,61,28.82803669118006
2,62,29.62637651515419
2,63,33.27502973739909
2,64,33.50887143476883
2,65,31.88690741443844
2,66,34.63109417481904
2,67,37.121863473001255
2,68,36.68446397182155
2,69,35.26069781705052
2,70,33.96324942378403
2,71,33.72417795486655
2,72,31.010771797935035
2,73,28.029827781435536
2,74,26.804532294699968
2,75,27.497394660169082
2,76,30.205634740229033
2,77,29.32416487757522
2,78,29.01804696193873
2,79,26.428974385829996
2,80,24.721969749730526
2,81,24.279088062387046
2,82,23.517685664585525
2,83,20.39126185313136
2,84,19.392008138422415
2,85,19.911595207316132
2,86,17.94538011266029
2,87,14.820132573934856
2,88,15.77632049349972
2,89,16.51024667732673
2,90,13.012327879113517
2,91,11.378407857545909
2,92,14.281489886622033
2,93,13.670909300167176
2,94,17.265719531507248
2,95,16.67460429329774
2,96,18.787163246112236
2,97,21.38623729473146
2,98,21.95991274856226
2,99,24.87346941483223
2,100,24.567296398799147
2,101,26.783483873502362
2,102,28.570647693345744
2,103,30.296428091179575
2,104,34.018931653334505
2,105,34.21787135703681
2,106,33.43222285867306
2,107,32.47854511898951
2,108,33.00750424479624
2,109,30.614912658569196
2,110,30.155355214414637
2,111,29.347575529184713
2,112,27.024343585813146
2,113,24.97255929641553
2,114,25.14744406879548
2,115,23.685281664490915
2,116,20.621187094440753
2,117,20.070019581850882
2,118,20.237832334410644
2,119,17.903484370015452
2,120,15.15825186116927
2,121,15.860793657788921
2,122,15.804776985089672
2,123,12.443984371146767
2,124,11.044114263049245
2,125,13.326115863677837
2,126,11.670988718511698
2,127,8.191130057538063
2,128,10.449864856592615
3,1,6.865066396449908
3,2,3.7271774388549486
3,4,3.77771745882354
3,5,5.5387623910519865
3,6,5.035453399974684
3,7,5.923464843308263
3,8,8.399828850728301
3,9,9.769374113477891
3,10,10.339896877921085
3,11,12.064406718516013
3,12,14.160828785106284
3,13,14.983633964275706
3,14,16.37526442489062
3,15,18.242581573239
3,16,19.854561302495124
3,17,20.758962156887193
3,18,22.1950909276639
3,19,24.304453672227606
3,20,25.652524144245035
3,21,26.523089434081793
3,22,27.95529741315789
3,23,30.33862096852379
3,24,31.163070507992852
3,25,33.849112947863745
3,26,37.289364017208456
3,27,38.950644472130534
3,28,37.14064931919221
3,29,40.03569999403292
3,30,37.910978356648656
3,31,36.351592650441546
3,32,39.17324929514142
3,33,39.24709499207033
3,34,35.54564557293854
3,35,35.83205517206844
3,36,38.22202973577319
3,37,35.66397776895616
3,38,34.44683376299479
3,39,30.82395782533113
3,40,29.987411292042076
3,41,27.72254518261587
3,42,25.836235944702352
3,43,27.887061311058183
3,44,24.910259686486725
3,45,21.372383828579128
3,46,19.308153919260132
3,47,16.990779983442287
3,48,14.875338558546156
3,49,17.880245235123486
3,50,19.870758111733448
3,51,18.36950354974219
3,52,21.30315450426722
3,53,23.485804505118868
3,54,21.65313626420811
3,55,21.852818614308237
3,56,25.5639399789293
3,57,26.346961584488326
3,58,24.771671881733347
3,59,28.01250648604457
3,60,30.003772119549506
3,61,27.786186270444553
3,62,28.294370276912105
3,63,32.03132220172079
3,64,32.16870143313432
3,65,30.196700635437498
3,66,32.871369098701926
3,67,35.38162588582048
3,68,34.73066988554371
3,69,33.09606726387129
3,70,31.590710597278328
3,71,31.041041660013853
3,72,28.374331416030632
3,73,25.39760689508961
3,74,23.90657544081113
3,75,24.84906596253117
3,76,27.806084922103924
3,77,27.31351942497599
3,78,27.15789593875523
3,79,24.287193706434696
3,80,22.583022047406377
3,81,22.65315378857078
3,82,21.938567026644975
3,83,18.491555231249837
3,84,17.83854716258022
3,85,18.92825132980587
3,86,16.85827575864292
3,87,13.639926744570145
3,88,15.347066717795334
3,89,16.524568780721044
3,90,13.127180419716428
3,91,11.81003564591333
3,92,15.300093034853354
3,93,15.126867998384103
3,94,18.611410590755476
3,95,18.73860777354259
3,96,21.10652861266778
3,97,23.26656676898469
3,98,23.82745940440934
3,99,26.393310762140537
3,100,25.818659808895795
3,101,28.160165725547643
3,102,29.564373668900156
3,103,31.21189406903093
3,104,34.86488498029713
3,105,34.70779471028947
3,106,33.575494650522785
3,107,32.26969436424028
3,108,32.37611264028766
3,109,29.686010867314796
3,110,29.139458399544708
3,111,28.78147549107398
3,112,26.519245953677547
3,113,24.03619360988742
3,114,24.391676550522575
3,115,23.472201272455834
3,116,20.231595443435193
3,117,19.20961516199571
3,118,19.899937154624592
3,119,18.04604202786739
3,120,14.78450872593846
3,121,15.335699176261459
3,122,16.15564611035927
3,123,13.204894887793012
3,124,10.985372106231223
3,125,13.69797216749351
3,126,13.069797465641326
3,127,9.480815957902406
3,128,11.59556106629479
4,1,8.744861327302527
4,2,5.592012992610295
4,3,3.77771745882354
4,5,3.8415449404382267
4,6,5.484400707338682
4,7,5.067998764704219
4,8,5.960068491523068
4,9,8.515491441345773
4,10,9.800092883953262
4,11,10.442915993367818
4,12,12.227687711704451
4,13,13.941221146444851
4,14,15.398495662293623
4,15,16.520684977483313
4,16,18.239698410408106
4,17,19.757112224342357
4,18,20.907452605110482
4,19,22.59192069186727
4,20,24.317585453241875
4,21,25.516669345912163
4,22,26.570519646975928
4,23,28.78383414430159
4,24,29.96685819996266
4,25,32.78248927924652
4,26,36.22262766353815
4,27,37.76969368710991
4,28,35.64801080773214
4,29,38.30081792825645
4,30,35.97857336178875
4,31,34.641087279142255
4,32,37.45609456440896
4,33,37.20387814399633
4,34,33.47608362191316
4,35,34.00573196915547
4,36,36.17866821497595
4,37,33.430631102867004
4,38,32.28403417061195
4,39,28.672688138084354
4,40,27.863481109463294
4,41,25.938941062702128
4,42,24.198113754971846
4,43,26.550655146424937
4,44,23.898442022361607
4,45,20.323829262164576
4,46,18.81944683826659
4,47,16.191794975043198
4,48,13.389736296455759
4,49,15.997716046037747
4,50,18.072695236216184
4,51,16.15774072721921
4,52,18.737615798515588
4,53,21.177503585389875
4,54,19.22047495127823
4,55,18.931894751980526
4,56,22.67129281095355
4,57,23.646774611807086
4,58,21.86400768846453
4,59,24.924165919546024
4,60,27.185598932485068
4,61,25.16180840799548
4,62,25.430512698734926
4,63,29.16606887926627
4,64,29.630883929593995
4,65,27.7021789936335
4,66,30.15863412691149
4,67,32.877898329590344
4,68,32.512001744429035
4,69,30.76677495738333
4,70,29.59162751150112
4,71,29.176642126734965
4,72,26.783633360918202
4,73,23.53605770848805
4,74,21.98007437655414
4,75,22.41315658917203
4,76,25.15171335882372
4,77,24.50727620393844
4,78,24.010657211138025
4,79,21.20122391385506
4,80,19.77683651015879
4,81,19.626619963693987
4,82,18.581084965193206
4,83,15.2714865559464
4,84,14.848391564201707
4,85,15.598487652074088
4,86,13.257651088838255
4,87,10.273699494806333
4,88,12.255523067347495
4,89,13.120031218756804
4,90,9.687299652094925
4,91,9.028729756546495
4,92,12.692106250463691
4,93,12.419643825835143
4,94,15.652257740000293
4,95,16.358519793483005
4,96,19.075554012741193
4,97,20.769155786571414
4,98,21.601665095038012
4,99,23.98984932854212
4,100,23.5934164999532
4,101,26.26332894043884
4,102,27.67288670337674
4,103,29.64319750297399
4,104,33.23786887924501
4,105,33.163051693141725
4,106,31.785635125975524
4,107,30.6192020925795
4,108,30.66712872572939
4,109,27.83848546214611
4,110,27.74559358583475
4,111,27.547379884067244
4,112,24.920384272454793
4,113,22.542626406539537
4,114,23.43753512153326
4,115,22.439553556373067
4,116,18.915419237994044
4,117,18.381206713368545
4,118,19.57850187256536
4,119,17.42672070053824
4,120,14.156911918572613
4,121,15.590053859920475
4,122,16.639308006697828
4,123,13.487219667544355
4,124,11.891966659602494
4,125,15.225279356767162
4,126,14.589081281144587
4,127,11.459908741950917
4,128,14.302772379477247
5,1,7.248202780097339
5,2,5.765583095206869
5,3,5.5387623910519865
5,4,3.8415449404382267
5,6,3.8169752834791795
5,7,5.373839455859232
5,8,4.957547381330617
5,9,6.054143831912388
5,10,8.525392339169755
5,11,9.770367071239034
5,12,10.478387410095833
5,13,11.88718007024038
5,14,14.158934638503135
5,15,15.343817719105262
5,16,16.29575471447941
5,17,17.956281130249806
5,18,19.665746088566454
5,19,21.049770976429308
5,20,22.356516999124263
5,21,23.894358202032535
5,22,25.26843695117168
5,23,27.126815111777162
5,24,28.010656710468126
5,25,31.060693358786953
5,26,34.328644121959705
5,27,36.18571220768359
5,28,34.09283321197254
5,29,36.712543079312795
5,30,34.26328484245888
5,31,32.6394912006522
5,32,35.21954057244887
5,33,35.05143537647896
5,34,31.300756272407725
5,35,31.505554843037494
5,36,33.61472656093011
5,37,30.865194458990477
5,38,29.445292682711123
5,39,25.75140495817056
5,40,24.718761534292145
5,41,22.550225121502343
5,42,20.630579686941413
5,43,22.842259900220277
5,44,20.100958502897903
5,45,16.536923244978475
5,46,14.979859036827703
5,47,12.415572805795124
5,48,9.730628960331114
5,49,12.663017726310352
5,50,14.536484523316144
5,51,12.878097714279646
5,52,15.767196803634649
5,53,17.996202226053065
5,54,16.29195002236335
5,55,16.48443410279486
5,56,20.13948490293748
5,57,21.085543364580737
5,58,19.781374476079282
5,59,23.09838475812337
5,60,25.03266229167843
5,61,23.095893543514947
5,62,23.864979485502325
5,63,27.509496693813645
5,64,27.78635743799961
5,65,26.213220301490587
5,66,28.94041391012536
5,67,31.450385762017838
5,68,31.1529581954119
5,69,29.778250116940157
5,70,28.700420621957598
5,71,28.728924980868275
5,72,26.126404390061555
5,73,23.036035803051252
5,74,22.081507866671938
5,75,22.451168506212078
5,76,24.905635085524807
5,77,23.764458111573006
5,78,23.51914080824449
5,79,21.15007236736522
5,80,19.283753569092116
5,81,18.620621944496246
5,82,18.07520478399537
5,83,15.069331529945352
5,84,13.727836188868283
5,85,14.323459407363302
5,86,12.747740880774234
5,87,9.339235266035587
5,88,10.203029811601297
5,89,11.537831973957672
5,90,8.456258936279761
5,91,6.401963861410862
5,92,9.90722221811302
5,93,10.367276793944352
5,94,13.92458836476288
5,95,14.34105368976234
5,96,16.5297379533069
5,97,18.362873835581496
5,98,18.681003142687707
5,99,21.02126259788058
5,100,20.353919112309697
5,101,22.803749306174442
5,102,24.203676249482143
5,103,26.049612078944993
5,104,29.687171941945422
5,105,29.6795244189695
5,106,28.513595939589738
5,107,27.47218752244492
5,108,27.805968727094243
5,109,25.242999743048564
5,110,25.090870442848143
5,111,24.519327845738765
5,112,21.918111176251035
5,113,19.827499094797673
5,114,20.502270036537492
5,115,19.138716712799557
5,116,15.73589200738932
5,117,15.502696090717064
5,118,16.360769083869823
5,119,13.898352770845456
5,120,10.89632432377337
5,121,12.622386727366203
5,122,13.272232023391828
5,123,9.927175815270045
5,124,8.977694364486494
5,125,12.435458328874596
5,126,11.605066296474114
5,127,9.056409337523663
5,128,12.477023388500752
6,1,7.32412173868837
6,2,6.44704537662404
6,3,5.035453399974684
6,4,5.484400707338682
6,5,3.8169752834791795
6,7,3.8091710816859825
6,8,5.561381946047937
6,9,5.1562069125873
6,10,6.1913294533729335
6,11,8.677555070818965
6,12,10.04887846261928
6,13,10.346903857066117
6,14,12.314234868355836
6,15,14.366790943239446
6,16,15.40225189933419
6,17,16.273525367574894
6,18,18.161123026218867
6,19,20.115051202543896
6,20,21.101520329131656
6,21,22.169390008299125
6,22,23.878019313478934
6,23,26.017368796501543
6,24,26.593960715493598
6,25,29.429799094562412
6,26,32.753754847250036
6,27,34.636669603364965
6,28,32.87525483137791
6,29,35.78438829693371
6,30,33.62535873727796
6,31,31.833744742635528
6,32,34.52815254502625
6,33,34.749739637266195
6,34,31.06021183518649
6,35,31.122200987587643
6,36,33.58295603113131
6,37,31.1473794174916
6,38,29.88546450103168
6,39,26.29413315740247
6,40,25.566036585053205
6,41,23.188023934677865
6,42,21.4975447480519
6,43,23.65273477149563
6,44,20.79198494520078
6,45,17.10986726659649
6,46,15.312002505615062
6,47,13.547490499204057
6,48,11.549751639207196
6,49,15.035142668106145
6,50,16.254365445151883
6,51,14.607882012270439
6,52,17.984423625904622
6,53,19.595400536320213
6,54,17.602400394002384
6,55,18.40748901149516
6,56,22.0544094061332
6,57,22.40154326226394
6,58,21.07669020070617
6,59,24.548742889275804
6,60,26.11197673404238
6,61,23.74038698745949
6,62,24.656295618839437
6,63,28.31641015561513
6,64,28.108443655551905
6,65,26.322824502205126
6,66,29.29297558359322
6,67,31.525859212207315
6,68,30.795672694474973
6,69,29.496256612887514
6,70,27.968119290351492
6,71,27.79713502571546
6,72,24.887365689414793
6,73,22.115732063477118
6,74,21.256553011700326
6,75,22.280743708812526
6,76,25.037319076054086
6,77,24.191714731303797
6,78,24.507876802137698
6,79,22.003664305893093
6,80,19.71250061959144
6,81,19.561014774885795
6,82,19.56511758095723
6,83,16.25996859070069
6,84,14.746046571898889
6,85,16.189989051104078
6,86,15.04103150164316
6,87,11.3373530965792
6,88,12.370366923732607
6,89,14.495972927650104
6,90,11.821781464911107
6,91,9.436771527005053
6,92,12.842034970547184
6,93,13.899568662016724
6,94,17.476032824866685
6,95,17.823006201013584
6,96,19.647581136976658
6,97,21.56450492964591
6,98,21.43239635407594
6,99,23.559726542106727
6,100,22.392983171599443
6,101,24.471565461178596
6,102,25.476665836788094
6,103,26.835174539171074
6,104,30.43396922510566
6,105,30.04095256469908
6,106,28.897160179265974
6,107,27.446178047273467
6,108,27.55612715190529
6,109,24.98092587543351
6,110,24.26806383257197
6,111,23.807847726173588
6,112,21.675551468488045
6,113,19.194998997642852
6,114,19.38724302222658
6,115,18.49884220818257
6,116,15.333559988861287
6,117,14.206223432683352
6,118,14.893355486774562
6,119,13.1598956144532
6,120,9.787180073024086
6,121,10.447617934948514
6,122,11.58115617734926
6,123,8.877700157578152
6,124,6.573059344096893
6,125,9.956178279598769
6,126,10.05024799950106
6,127,7.26942777240719
6,128,10.228604928867034
7,1,10.690221608690978
7,2,8.721666385599939
7,3,5.923464843308263
7,4,5.067998764704219
7,5,5.373839455859232
7,6,3.8091710816859825
7,8,3.815178318144987
7,9,5.329946461852095
7,10,5.016369932922872
7,11,6.1566832548169
7,12,8.671602321736323
7,13,9.680508662015002
7,14,10.669151177284519
7,15,12.36608592442501
7,16,14.272137832369712
7,17,15.222264544066709
7,18,16.37212320474451
7,19,18.4945998421496
7,20,20.059165261419977
7,21,20.89094619591583
7,22,22.116269867466563
7,23,24.557686835937222
7,24,25.58368172010343
7,25,28.21509997096768
7,26,31.716637648059173
7,27,33.22884709030679
7,28,31.32855873811454
7,29,34.20332861577775
7,30,32.133206897713315
7,31,30.697569138606184
7,32,33.65669351374128
7,33,33.725420994042985
7,34,30.0651648264057
7,35,30.56172101549986
7,36,33.080504019268616
7,37,30.65691329489473
7,38,29.80392458338453
7,39,26.359606161223894
7,40,26.055403530308393
7,41,24.119579496616243
7,42,22.898276979718776
7,43,25.485533263287277
7,44,23.008186451616886
7,45,19.215360556366893
7,46,18.014780453854836
7,47,16.270944167335493
7,48,13.711855677147573
7,49,16.9078669016046
7,50,17.96980566959166
7,51,15.630633900253606
7,52,18.762739998480857
7,53,20.40111217908298
7,54,17.85438386477277
7,55,18.209073008755865
7,56,21.975000029446367
7,57,22.111135874182253
7,58,20.179603881037977
7,59,23.412644404860174
7,60,25.228952360854354
7,61,22.66890369758683
7,62,23.06534810852093
7,63,26.81813337230565
7,64,26.740462419733408
7,65,24.566639629176326
7,66,27.294184252265968
7,67,29.705326627700774
7,68,28.909597598044282
7,69,27.260656036081034
7,70,25.67705577986706
7,71,25.166864223479926
7,72,22.480039044056593
7,73,19.50612347243298
7,74,18.193423780290644
7,75,19.24328001987494
7,76,22.220909948506012
7,77,21.788970477337443
7,78,22.032567479033865
7,79,19.19120608301887
7,80,17.11266922972272
7,81,17.490397557797234
7,82,17.290536551103344
7,83,13.678714421808758
7,84,12.81833857402752
7,85,14.716707919933773
7,86,13.251258681633267
7,87,9.733451482748553
7,88,11.825252648628704
7,89,14.035878905096192
7,90,11.520102007897194
7,91,10.088085149659666
7,92,13.852658699129845
7,93,14.901462559579619
7,94,18.114414289743777
7,95,19.195693134489243
7,96,21.452471957456392
7,97,22.849890473668374
7,98,23.003067661500907
7,99,24.823914609822758
7,100,23.673696395183047
7,101,26.04433883538449
7,102,26.78961650846365
7,103,28.285602529497993
7,104,31.755636451009277
7,105,31.13450015749378
7,106,29.55066804523953
7,107,27.874945555752404
7,108,27.5241777812746
7,109,24.562137896759815
7,110,24.043356237044435
7,111,24.173181944111526
7,112,21.91000697753502
7,113,19.05697494378774
7,114,19.784058724808723
7,115,19.444004771052516
7,116,16.00906288320305
7,117,14.690511911994902
7,118,16.23248858732522
7,119,14.886735123737706
7,120,11.199615141408493
7,121,12.14354275845021
7,122,14.144965118287177
7,123,11.871533704206874
7,124,9.473503218673788
7,125,13.000340551774249
7,126,13.665286664552687
7,127,10.993963616643548
7,128,13.667661332384476
8,1,11.885066746030503
8,2,10.218894403116195
8,3,8.399828850728301
8,4,5.960068491523068
8,5,4.957547381330617
8,6,5.561381946047937
8,7,3.815178318144987
8,9,3.8709577362564302
8,10,5.581135544629239
8,11,5.1776127732856985
8,12,6.296353016905902
8,13,8.523479011497278
8,14,10.127014390092299
8,15,10.786172869859396
8,16,12.353320126533326
8,17,14.197464176944491
8,18,15.324771242801242
8,19,16.72071642082556
8,20,18.502336920353038
8,21,19.926735009403785
8,22,20.89071105785724
8,23,22.92186312937366
8,24,24.187890015238107
8,25,27.096324610917765
8,26,30.491992857191736
8,27,32.05348952365893
8,28,29.82660468979872
8,29,32.413904453033474
8,30,30.044360240484313
8,31,28.69365239066208
8,32,31.51650260589093
8,33,31.265879050528515
8,34,27.547149487640233
8,35,28.136933554012657
8,36,30.38095850444493
8,37,27.72909565480041
8,38,26.79692118438483
8,39,23.304673716241517
8,40,22.911324260134773
8,41,21.227887228449713
8,42,20.08571596889838
8,43,22.90518952201359
8,44,20.747030749435286
8,45,16.985350255075026
8,46,16.374871798301275
8,47,14.429748705314903
8,48,11.34897864898727
8,49,14.155192234196187
8,50,15.105979128959676
8,51,12.402700724390455
8,52,15.282759098262593
8,53,17.052355851761742
8,54,14.440104113729058
8,55,14.491829466245967
8,56,18.27914572270351
8,57,18.592678309066773
8,58,16.63910157221447
8,59,19.846995223363393
8,60,21.815076025865288
8,61,19.499472043796526
8,62,19.897701209320832
8,63,23.640121539696224
8,64,23.841732632503906
8,65,21.90456231030377
8,66,24.55054589298671
8,67,27.10699188693531
8,68,26.68042251856105
8,69,25.10432472332513
8,70,23.96224338721016
8,71,23.8623279082
8,72,21.38489533134521
8,73,18.179883443976426
8,74,17.14766284835564
8,75,17.519032920608524
8,76,20.071240287270797
8,77,19.155180139728696
8,78,19.13527112339684
8,79,16.599753937154155
8,80,14.56829239012861
8,81,14.35726549255761
8,82,14.068234334025718
8,83,10.733167898565387
8,84,9.516100547859857
8,85,11.034138999730697
8,86,9.74987787828576
8,87,6.066052650710647
8,88,8.02823747093938
8,89,10.371313413674043
8,90,8.28634122871725
8,91,6.976962819212636
8,92,10.679352167675596
8,93,12.091387435384778
8,94,15.019592624736422
8,95,16.547562943238837
8,96,18.8150563105487
8,97,19.768173312142164
8,98,19.936507512468022
8,99,21.506357217432818
8,100,20.406331212840662
8,101,22.993835188123157
8,102,23.733674032997268
8,103,25.505887942121372
8,104,28.92786678334729
8,105,28.443596783361624
8,106,26.715602073358674
8,107,25.26697820654224
8,108,25.014269654992546
8,109,22.033157179937508
8,110,22.008619322978436
8,111,22.103955070780827
8,112,19.432637576617207
8,113,16.85921834029268
8,114,18.102266641240917
8,115,17.465183045096367
8,116,13.778568912468659
8,117,13.235785229275585
8,118,15.153573094653906
8,119,13.334966721920894
8,120,9.890301541456328
8,121,11.977311567159278
8,122,13.874783478749231
8,123,11.416024809796772
8,124,10.119902424602012
8,125,13.967915837820666
8,126,14.35841472556793
8,127,12.318087937250079
8,128,15.592077830272672
9,1,11.504784846092072
9,2,11.063968476979582
9,3,9.769374113477891
9,4,8.515491441345773
9,5,6.054143831912388
9,6,5.1562069125873
9,7,5.329946461852095
9,8,3.8709577362564302
9,10,3.7949192028742593
9,11,5.344656430184608
9,12,5.158429521916833
9,13,5.842189819133599
9,14,8.475466427673618
9,15,9.90362995640617
9,16,10.485585882435819
9,17,11.931589911750493
9,18,13.899301138742118
9,19,15.349478407058395
9,20,16.397330255717193
9,21,17.895438465651925
9,22,19.4634566414661
9,23,21.29153971552502
9,24,22.01236466398861
9,25,25.045455951105346
9,26,28.303951760763916
9,27,30.215409780656582
9,28,28.2387985062355
9,29,30.984462280435167
9,30,28.674310177776572
9,31,26.90189687802002
9,32,29.55427570534374
9,33,29.65203283792665
9,34,25.9459806481542
9,35,26.084347617458025
9,36,28.500532386366277
9,37,26.051473341385712
9,38,24.92336606921129
9,39,21.40287567345797
9,40,20.970732325389875
9,41,18.871438107490707
9,42,17.705109546257184
9,43,20.348405849172135
9,44,18.042151909128233
9,45,14.212879534142614
9,46,13.484426680527273
9,47,12.236808180993888
9,48,9.82800395981608
9,49,13.18999118014874
9,50,13.434110930003145
9,51,11.050970725026747
9,52,14.549505886480638
9,53,15.623163534068976
9,54,13.112310724300716
9,55,14.174407444585537
9,56,17.7745344134207
9,57,17.650543401770037
9,58,16.26186912254933
9,59,19.803817914377586
9,60,21.143691516119365
9,61,18.64976442012549
9,62,19.708908799882348
9,63,23.317094723131508
9,64,22.99106210561575
9,65,21.314654781774315
9,66,24.3903977838336
9,67,26.524271017748717
9,68,25.885443768591966
9,69,24.76165431350765
9,70,23.427653560593438
9,71,23.65590710807631
9,72,20.772625262745116
9,73,18.0031127140051
9,74,17.693138260739957
9,75,18.438007063977114
9,76,20.8406367227005
9,77,19.62821097377658
9,78,20.225586408545897
9,79,18.12117329291883
9,80,15.445132609110416
9,81,15.029944041381475
9,82,15.632533539585932
9,83,12.633873967502746
9,84,10.38300190089482
9,85,12.188288755208209
9,86,12.025888717983015
9,87,8.242679279158923
9,88,8.730838548804877
9,89,11.823946007032097
9,90,10.368710258794495
9,91,7.760424497311137
9,92,10.823267399979414
9,93,13.084963908838498
9,94,16.197177671686532
9,95,17.282425404537694
9,96,18.833313780971626
9,97,19.98988571567392
9,98,19.43216581534516
9,99,20.826007972915786
9,100,19.16692990586799
9,101,21.259118303713844
9,102,21.72860979858156
9,103,23.04508527107519
9,104,26.48950631837282
9,105,25.823269642612978
9,106,24.32988915240106
9,107,22.731369621851286
9,108,22.63802259666208
9,109,19.928621208083186
9,110,19.438197994734193
9,111,19.193889884886108
9,112,16.852755652064644
9,113,14.286009159832613
9,114,14.947737476388875
9,115,14.238948078963707
9,116,10.768821521867626
9,117,9.87612206235031
9,118,11.425450296132261
9,119,9.775300868631641
9,120,6.161727597951478
9,121,8.125067652207214
9,122,10.142749792282245
9,123,8.133438068724391
9,124,6.895601434209023
9,125,10.718405949627648
9,126,11.607076146684605
9,127,10.32524770476515
9,128,13.575665639893876
10,1,13.314805344896985
10,2,12.570052484682366
10,3,10.339896877921085
10,4,9.800092883953262
10,5,8.525392339169755
10,6,6.1913294533729335
10,7,5.016369932922872
10,8,5.581135544629239
10,9,3.7949192028742593
10,11,3.8170470889299346
10,12,5.640201992604311
10,13,5.046368994207584
10,14,6.163903435045398
10,15,8.650170236434287
10,16,10.046787082140938
10,17,10.442562768313204
10,18,12.068801475797535
10,19,14.371044387332878
10,20,15.452513778155136
10,21,16.19159591753078
10,22,17.813440381517005
10,23,20.184657744383454
10,24,20.87027963811656
10,25,23.512186329612348
10,26,26.955556111561755
10,27,28.643486260691223
10,28,26.93379544116598
10,29,29.95930763794203
10,30,28.020687930289395
10,31,26.32302107572186
10,32,29.253692017448444
10,33,29.644442876688437
10,34,26.052536078849272
10,35,26.329039095039782
10,36,29.1007243002739
10,37,26.987692927840023
10,38,26.27152506286541
10,39,23.001646906377314
10,40,23.081490217359317
10,41,21.097524318341307
10,42,20.371507523121302
10,43,23.06810692844226
10,44,20.865411115299246
10,45,17.052939393915334
10,46,16.321678378400613
10,47,15.583406670381192
10,48,13.506749834217585
10,49,16.93243220725289
10,50,16.905425428547034
10,51,14.422502540023501
10,52,17.916476524101384
10,53,18.62047424058546
10,54,15.751769758808937
10,55,16.923052916769777
10,56,20.46008427163953
10,57,19.794795414718493
10,58,18.06007296676092
10,59,21.46487833198037
10,60,22.63454310098399
10,61,19.6936457660627
10,62,20.508575742920744
10,63,24.124664698179448
10,64,23.441141008437953
10,65,21.31351873062664
10,66,24.417635494858498
10,67,26.38307386670658
10,68,25.268508911785872
10,69,23.985709515367645
10,70,22.141545779411754
10,71,21.91008488217702
10,72,18.837751544309032
10,73,16.29807230620907
10,74,15.786923363158799
10,75,17.26921117105415
10,76,20.111358948230276
10,77,19.51013789263369
10,78,20.563856543195254
10,79,18.134831996281946
10,80,15.27851152967067
10,81,15.754164862475935
10,82,16.642347971740165
10,83,13.290219487216138
10,84,11.508020363859865
10,85,14.174236808692564
10,86,13.994527781074906
10,87,10.392188627832768
10,88,11.672160120461525
10,89,14.903092929018428
10,90,13.477562411565167
10,91,11.347267547335123
10,92,14.539632241083186
10,93,16.704729302703935
10,94,19.75529563842831
10,95,20.98288964173027
10,96,22.623060634099126
10,97,23.73234310948995
10,98,23.154523563423087
10,99,24.377044542247354
10,100,22.513090632811036
10,101,24.450817306079173
10,102,24.547044349595783
10,103,25.527348556410388
10,104,28.817796600004385
10,105,27.73162203607932
10,106,26.05606147640254
10,107,23.987732750373414
10,108,23.401034483786212
10,109,20.48392484438962
10,110,19.53499463276982
10,111,19.80080406437384
10,112,17.930829491858848
10,113,14.78591643868252
10,114,15.24121313567414
10,115,15.44167769425451
10,116,12.26145532353637
10,117,10.234148506722502
10,118,12.086212849129883
10,119,11.600150005479586
10,120,7.838785164183162
10,121,8.39271858273814
10,122,11.33256180492921
10,123,10.27539088294448
10,124,7.847459074985502
10,125,11.230333488695637
10,126,13.070486615571598
10,127,11.571299467054681
10,128,14.097490826304046
11,1,15.888673421488049
11,2,14.529589967056443
11,3,12.064406718516013
11,4,10.442915993367818
11,5,9.770367071239034
11,6,8.677555070818965
11,7,6.1566832548169
11,8,5.1776127732856985
11,9,5.344656430184608
11,10,3.8170470889299346
11,12,3.8449426543859766
11,13,5.416083755542601
11,14,5.374032932865301
11,15,6.255741410500604
11,16,8.69347209433764
11,17,9.908116403737482
11,18,10.501204031185928
11,19,12.463566885674386
11,20,14.412453401396146
11,21,15.3112807955833
11,22,16.15886904626512
11,23,18.584864188044197
11,24,19.939003623005146
11,25,22.5418705813086
11,26,26.08304806468559
11,27,27.41541410113898
11,28,25.335674843529308
11,29,28.129736062301422
11,30,26.07592237325106
11,31,24.81093311222862
11,32,27.912770721240744
11,33,27.928220103635404
11,34,24.330628496264882
11,35,25.11157162851015
11,36,27.73686119067142
11,37,25.48572748712781
11,38,25.10934768475616
11,39,21.973770299389617
11,40,22.368637771177905
11,41,20.965396547077788
11,42,20.653609664094112
11,43,23.758383522410472
11,44,22.03138479385184
11,45,18.25118056235516
11,46,18.194805561421433
11,47,17.214198964749187
11,48,14.541967039134693
11,49,17.441059509553153
11,50,17.36104035671373
11,51,14.27948600516478
11,52,17.278149550185834
11,53,18.0966620779681
11,54,14.80443608331579
11,55,15.339848206430677
11,56,18.89922283533099
11,57,18.159250246842586
11,58,15.827517218434215
11,59,18.9298878395947
11,60,20.437426479507813
11,61,17.471922446984095
11,62,17.726364092811416
11,63,21.433754631705195
11,64,21.068786802893886
11,65,18.668431369206264
11,66,21.471813318155288
11,67,23.734681017158763
11,68,22.79419270162254
11,69,21.166709336599244
11,70,19.546735462417256
11,71,19.21312018033036
11,72,16.515040364983854
11,73,13.51686709434161
11,74,12.661410465819506
11,75,13.747395492853407
11,76,16.612370994111057
11,77,16.155432244381753
11,78,17.012767316788622
11,79,14.401850657877256
11,80,11.708134655413945
11,81,12.483023892959931
11,82,13.199801566647455
11,83,9.715145836851995
11,84,8.407421252680617
11,85,11.462082063402804
11,86,11.241722465518384
11,87,8.094684694251631
11,88,10.103164231737923
11,89,13.295488829011726
11,90,12.365913555005616
11,91,11.153360396196701
11,92,14.32135765611403
11,93,16.46723895486439
11,94,19.020056317293317
11,95,20.915576107650736
11,96,22.873753922120134
11,97,23.408284801668902
11,98,23.120608175420653
11,99,24.011313739176963
11,100,22.281705916921176
11,101,24.567103771586442
11,102,24.511670026806684
11,103,25.7953121633974
11,104,28.92659908506658
11,105,27.787040719336606
11,106,25.67128420249155
11,107,23.595548389463875
11,108,22.660631478830535
11,109,19.37691866522533
11,110,18.986816002978895
11,111,19.79465256986977
11,112,17.547066947424568
11,113,14.300766403224156
11,114,15.652200989203225
11,115,16.11734468410491
11,116,12.648845752876152
11,117,11.13372083815231
11,118,13.84979143592568
11,119,13.289186470870757
11,120,9.757268590283168
11,121,11.223429979064356
11,122,14.256601893601253
11,123,13.098318715294726
11,124,11.298115339985998
11,125,14.8320372110609
11,126,16.445551299918254
11,127,14.924347492196802
11,128,17.703326006852137
12,1,16.61592668414439
12,2,15.877511863294805
12,3,14.160828785106284
12,4,12.227687711704451
12,5,10.478387410095833
12,6,10.04887846261928
12,7,8.671602321736323
12,8,6.296353016905902
12,9,5.158429521916833
12,10,5.640201992604311
12,11,3.8449426543859766
12,13,3.7869449697182733
12,14,5.52310032153261
12,15,5.194641846805561
12,16,6.077288021948859
12,17,8.42402870120754
12,18,9.660179173196795
12,19,10.591571986587105
12,20,12.279851205882427
12,21,14.020960678786315
12,22,14.98978820548163
12,23,16.73303825181889
12,24,17.987107140909124
12,25,21.014989520497803
12,26,24.331099540872952
12,27,25.96836314044562
12,28,23.690598824463173
12,29,26.264174691711034
12,30,23.89058775381733
12,31,22.418748280203836
12,32,25.255633032992634
12,33,25.137010354217722
12,34,21.44555350055463
12,35,22.02798005815624
12,36,24.470485075779948
12,37,22.0665356831288
12,38,21.463294118821725
12,39,18.226050761405606
12,40,18.527546582252167
12,41,17.166999746533218
12,42,16.993054665390307
12,43,20.229366359413618
12,44,18.802475367744833
12,45,15.122346072500747
12,46,15.655121982334876
12,47,14.942026536000945
12,48,12.331197639350169
12,49,14.940765171118239
12,50,14.285232045700479
12,51,11.06090653411649
12,52,14.0389918348369
12,53,14.466293754798334
12,54,11.087686786932895
12,55,11.984691405946997
12,56,15.408685373267826
12,57,14.502499333177834
12,58,12.48594441887441
12,59,15.83784430220205
12,60,17.084249448104366
12,61,14.223881670353064
12,62,14.984246052377188
12,63,18.62493761118722
12,64,18.21606240214133
12,65,16.28014642008894
12,66,19.32384256095546
12,67,21.477215374810175
12,68,20.83465181443526
12,69,19.62021321095865
12,70,18.41227117630343
12,71,18.81638041685067
12,72,16.121519410693566
12,73,13.22495607458772
12,74,13.286803262214985
12,75,13.74738909713097
12,76,15.901020546539327
12,77,14.604018085847036
12,78,15.576871070039761
12,79,13.703588753187892
12,80,10.641055789421694
12,81,10.43141939091154
12,82,11.761263782443638
12,83,9.035283474087567
12,84,6.362256483250848
12,85,9.22862537455629
12,86,10.13859596483504
12,87,7.121872042966001
12,88,7.75403554161633
12,89,11.438694620516435
12,90,11.422526527886653
12,91,9.821275193361862
12,92,12.220871478505881
12,93,15.02012447113919
12,94,17.291286523128946
12,95,19.262311946309502
12,96,20.790852375773046
12,97,21.021710528719588
12,98,20.349342309018486
12,99,20.858797961158324
12,100,18.860269196052936
12,101,21.038423304149752
12,102,20.78755452552547
12,103,22.07296919808191
12,104,25.152032068877915
12,105,24.042792008805396
12,106,21.902240082753305
12,107,19.96485388757198
12,108,19.229807686273627
12,109,16.057291846080467
12,110,15.95251222231028
12,111,16.515428906122555
12,112,13.972629611522004
12,113,10.992187756998662
12,114,12.671944659153974
12,115,12.803279325802023
12,116,9.18208067546552
12,117,8.405096804395555
12,118,11.406528869305488
12,119,10.567671657986894
12,120,7.562122082418547
12,121,9.980096698909424
12,122,12.777359735920516
12,123,11.831238315968378
12,124,11.099366879045641
12,125,14.568520490060852
12,126,16.038405284722394
12,127,15.285841609269948
12,128,18.385726945563924
13,1,16.794288500910106
13,2,16.66776602056284
13,3,14.983633964275706
13,4,13.941221146444851
13,5,11.88718007024038
13,6,10.346903857066117
13,7,9.680508662015002
13,8,8.523479011497278
13,9,5.842189819133599
13,10,5.046368994207584
13,11,5.416083755542601
13,12,3.7869449697182733
13,14,3.7516994155501853
13,15,5.593779528916311
13,16,5.3690264182873735
13,17,6.102761517747512
13,18,8.488128132477733
13,19,10.119357339050673
13,20,10.754784309091882
13,21,12.084357897947504
13,22,13.91440901592062
13,23,15.759205556055031
13,24,16.282413957266186
13,25,19.2361252555474
13,26,22.518760323848266
13,27,24.44405493439498
13,28,22.62829115429019
13,29,25.549642818021614
13,30,23.473447830253193
13,31,21.559904561678373
13,32,24.347557924081784
13,33,24.79626083454027
13,34,21.2093742421379
13,35,21.322530526676303
13,36,24.13932928758908
13,37,22.15504744449325
13,38,21.51631106863345
13,39,18.404033859788978
13,40,18.84360086510601
13,41,17.045996451560914
13,42,16.96221689319494
13,43,19.898701554351067
13,44,18.29747626316612
13,45,14.655596823325991
13,46,14.918482409234983
13,47,15.019172597099525
13,48,13.243262864570823
13,49,16.29684789662477
13,50,15.173439689819975
13,51,12.498971696108187
13,52,15.910221506824639
13,53,15.673207620255326
13,54,12.535068329741815
13,55,14.357900313261519
13,56,17.461658508222946
13,57,16.0645949232864
13,58,14.610853864388474
13,59,18.0676339279209
13,60,18.612748242807605
13,61,15.486566902645611
13,62,16.78539870331893
13,63,20.172435501883974
13,64,19.061583549899797
13,65,17.220007597024235
13,66,20.634182710128137
13,67,22.229868342337408
13,68,21.106441752443363
13,69,20.294064114911755
13,70,18.592426139496194
13,71,19.032416233165794
13,72,15.82182988645684
13,73,13.63257397839951
13,74,14.251521646471845
13,75,15.504984645629495
13,76,17.731390693135996
13,77,16.578474029149486
13,78,18.224000291384353
13,79,16.553713882209557
13,80,13.132306905969651
13,81,13.216419334320653
13,82,15.126930745125843
13,83,12.557576235209096
13,84,9.814577511718594
13,85,12.713135501982693
13,86,13.89851972336546
13,87,10.779672421236022
13,88,10.931893535003473
13,89,14.711047065092515
13,90,14.544391377762995
13,91,12.25739545009033
13,92,14.479172892928657
13,93,17.499691864262942
13,94,20.055886168520583
13,95,21.55957861910745
13,96,22.652153126752328
13,97,23.216575924993986
13,98,22.057800913257267
13,99,22.53247079126489
13,100,20.09988958233924
13,101,21.70702088609354
13,102,21.144474576890236
13,103,21.797424229474736
13,104,24.82954205950543
13,105,23.38367423204999
13,106,21.48969483943253
13,107,19.182394834065125
13,108,18.410795167422375
13,109,15.503034272489572
13,110,14.496756986585185
13,111,14.901852557258422
13,112,13.098646481640223
13,113,9.787625367144651
13,114,10.46440751272816
13,115,11.099757115429682
13,116,8.038924177939567
13,117,5.805922945992923
13,118,8.663298722565786
13,119,8.872363188960641
13,120,5.847319063852598
13,121,7.098534066403418
13,122,10.470301797516631
13,123,10.549949405368205
13,124,9.44809110209994
13,125,12.346455345385621
13,126,14.564435635115796
13,127,14.307037815002081
13,128,16.93507193325639
14,1,19.299235006542062
14,2,18.68866700079117
14,3,16.37526442489062
14,4,15.398495662293623
14,5,14.158934638503135
14,6,12.314234868355836
14,7,10.669151177284519
14,8,10.127014390092299
14,9,8.475466427673618
14,10,6.163903435045398
14,11,5.374032932865301
14,12,5.52310032153261
14,13,3.7516994155501853
14,15,3.821874459191304
