1,2,3.8634736167299004
1,3,6.679714733756496
1,4,10.504211837161122
1,5,12.520909213347954
1,6,14.571789299676471
1,7,17.817961650184383
1,8,18.085233225170636
1,9,21.421734722305438
1,10,24.239061413376287
1,11,27.883489755509384
1,12,31.37530226095098
1,13,32.46260933242552
1,14,33.564610903226345
1,15,36.985770099020094
1,16,35.818305747542496
1,17,33.87493017691878
1,18,35.88114055382524
1,19,34.71569302156842
1,20,30.917163406976712
1,21,28.82628813349344
1,22,25.99722654452209
1,23,22.39454836986076
1,24,18.900813017614425
1,25,15.945027837361186
1,26,12.205436853875996
1,27,9.773490178097601
1,28,7.203505282548068
1,29,9.158512014518132
1,30,12.290879714907357
1,31,14.155492128427012
1,32,17.773271958717775
1,33,20.28410074987808
1,34,23.618218825679246
1,35,26.614187957348918
1,36,29.503332067338324
1,37,32.841674418620926
1,38,34.6590012415096
1,39,32.688339670776166
1,40,33.82213473164105
1,41,32.01079786742916
1,42,31.81425277389686
1,43,32.54912547934054
1,44,31.277534255675114
1,45,33.9782131522686
1,46,35.25164998172033
1,47,36.1128628624578
1,48,32.921528011696
1,49,29.51323485131159
1,50,25.799343842151266
1,51,24.84340370013464
1,52,21.558088841417398
1,53,22.98384885371939
1,54,20.233765962878905
1,55,16.75034013909546
1,56,14.882036666560627
1,57,11.32225286143252
1,58,9.660127057785978
1,59,13.167213815605182
1,60,16.11017587642987
1,61,19.66409281386726
1,62,22.59317299966069
1,63,25.88171816066195
1,64,27.840344932039564
1,65,30.66726836558941
1,66,34.131207987740524
1,67,37.11677402798331
1,68,40.34054899064594
1,69,39.618273494134606
1,70,42.43412666160659
1,71,42.82755156122093
1,72,42.14772981654263
1,73,38.381760366197035
1,74,38.358407982917534
1,75,36.57117653250222
1,76,33.38893380613084
1,77,30.20683156510826
1,78,27.24409128017851
1,79,23.859638915636868
1,80,21.468888643779835
1,81,17.760946958965366
1,82,16.338812101954225
1,83,13.579759533049012
1,84,13.394996451187358
1,85,11.505154650606107
1,86,14.162051268727621
1,87,16.808230541898887
1,88,17.98954901135217
1,89,21.57548041782962
1,90,23.76345376089101
1,91,27.394259629327653
1,92,29.868604394559668
1,93,33.64767498805092
1,94,34.66057825841624
1,95,38.10743736792798
1,96,38.72262379473355
1,97,41.14821271273988
1,98,43.49004903427403
1,99,42.35845904823078
1,100,39.044771011225556
1,101,38.98323828971798
1,102,40.80667144482637
2,1,3.8634736167299004
2,3,3.8461946839061905
2,4,7.34909679330243
2,5,9.716648487926353
2,6,12.453391080409125
2,7,15.814165463998801
2,8,16.840737469715524
2,9,20.105832087817376
2,10,22.488658078792458
2,11,26.265637820500675
2,12,29.619120149491135
2,13,30.871715163551052
2,14,32.37624863544428
2,15,35.93701257570818
2,16,34.978358301521375
2,17,32.72337662190945
2,18,34.38589388641805
2,19,32.97421666639875
2,20,29.21564637138662
2,21,26.93786014792325
2,22,24.471601424539287
2,23,20.789363960311732
2,24,17.621471295823202
2,25,14.214520148319131
2,26,10.788890671346413
2,27,7.559027479145212
2,28,4.757419069404966
2,29,6.471969553706693
2,30,9.882875549416767
2,31,11.130974707663121
2,32,14.594179331409908
2,33,17.30531878194853
2,34,20.432136069407882
2,35,23.569122613877184
2,36,26.335563129400906
2,37,29.807557859840774
2,38,31.571163455462596
2,39,29.387543950904846
2,40,30.440868929173593
2,41,28.61981611913462
2,42,28.667523384550453
2,43,29.4239194839907
2,44,28.435294258041935
2,45,31.327630556362905
2,46,32.91860210895707
2,47,33.73501030681527
2,48,30.44447599785468
2,49,27.10885864988683
2,50,23.507956923416344
2,51,23.032798523069726
2,52,20.08445511070828
2,53,22.090870423344533
2,54,19.845684321829825
2,55,16.43191412499967
2,56,15.368862033380784
2,57,12.032184768306248
2,58,9.433273855359426
2,59,12.762403410959937
2,60,15.045085980459382
2,61,18.682197049955384
2,62,21.184688201435062
2,63,24.160121663715916
2,64,25.681540585398388
2,65,28.70603145153585
2,66,32.00698034224195
2,67,35.08372848188263
2,68,38.328828102682614
2,69,37.40538419339759
2,70,40.13504573841539
2,71,40.42988191572055
2,72,39.50117284640452
2,73,35.80386978684896
2,74,35.86207188487664
2,75,33.92377518780076
2,76,30.679177855924916
2,77,27.49290132479273
2,78,24.358960464784413
2,79,21.017178620800273
2,80,18.306345811393516
2,81,14.636259125336585
2,82,12.7834449112056
2,83,9.855041181104493
2,84,9.553304001475595
2,85,7.792086272889277
2,86,10.626461770166364
2,87,13.40516993049636
2,88,15.05194975893033
2,89,18.672217248077896
2,90,21.23161219395759
2,91,24.84629380002031
2,92,27.5884477109604
2,93,31.351177121017802
2,94,32.45811996375166
2,95,36.00748574864654
2,96,36.706951996642886
2,97,39.37144332416421
2,98,41.695919277965736
2,99,40.852159449669266
2,100,37.67695686970836
2,101,37.884194095035134
2,102,40.00758472994532
3,1,6.679714733756496
3,2,3.8461946839061905
3,4,3.8564254696736158
3,5,6.590050142636365
3,6,9.086451783595795
3,7,12.690682856644198
3,8,13.853458980299301
3,9,17.274288656416257
3,10,19.574737458099364
3,11,23.372924553949357
3,12,26.783547188771074
3,13,28.384302414206818
3,14,29.985228257760223
3,15,33.66006087080456
3,16,33.05144430731567
3,17,30.813436149804854
3,18,32.22253525061637
3,19,30.980598617212873
3,20,27.22180802707424
3,21,24.600236083674965
3,22,22.248778230593253
3,23,18.472660945232647
3,24,15.455303344727204
3,25,11.973801217550546
3,26,8.73178635247091
3,27,5.8089573829178525
3,28,5.13109604107053
3,29,7.433658225729981
3,30,9.882987994406637
3,31,9.868291980090953
3,32,13.339031045298025
3,33,15.510685599359148
3,34,18.368285436738432
3,35,21.20565639806322
3,36,23.7045403104377
3,37,27.107594566565382
3,38,28.592643431236997
3,39,26.461354861267186
3,40,27.85616600360562
3,41,26.399612528177677
3,42,26.586018783724665
3,43,27.78082933770496
3,44,27.026033891286662
3,45,30.150639523393096
3,46,31.88407750675644
3,47,32.28771298080635
3,48,28.792227581099297
3,49,25.72481770631436
3,50,22.124599872449146
3,51,22.039480081936308
3,52,19.25000837522998
3,53,21.488604599539407
3,54,19.448733004196807
3,55,16.481788222197657
3,56,15.624724190392332
3,57,12.916547626637794
3,58,9.518020893694814
3,59,11.936565804179635
3,60,14.030342337137597
3,61,17.32689484393976
3,62,19.747479422740163
3,63,22.429747143779494
3,64,23.79467064595046
3,65,27.09083632915223
3,66,30.229636782192536
3,67,33.53325493394445
3,68,36.57775109425318
3,69,35.34201717976235
3,70,37.84120464247439
3,71,37.84683480755055
3,72,36.99448700226209
3,73,33.33132812189684
3,74,33.098272134385276
3,75,30.95483903216843
3,76,27.578432562834763
3,77,24.585658013733333
3,78,21.340495426040853
3,79,18.213620853294053
3,80,15.500579107093186
3,81,12.044459846606753
3,82,10.550123149351498
3,83,8.466681687697713
3,84,8.771345224872215
3,85,5.943966762138255
3,86,7.693666325233579
3,87,10.225607519271314
3,88,11.562044169017007
3,89,15.266610925306107
3,90,17.80978596509857
3,91,21.525506462817987
3,92,24.37921469274394
3,93,28.192396609330952
3,94,29.578191833390054
3,95,33.20352380286482
3,96,34.19826608473861
3,97,36.98354522971626
3,98,39.518501867507666
3,99,38.87949231283256
3,100,35.89265212040106
3,101,35.99894724732061
3,102,38.17372742002223
4,1,10.504211837161122
4,2,7.34909679330243
4,3,3.8564254696736158
4,5,3.8466163064436336
4,6,6.724572309865768
4,7,10.268415471389714
4,8,12.22951436768747
4,9,15.428384659262067
4,10,17.18829667054793
4,11,21.008772243917036
4,12,24.263652529900423
4,13,26.14172144270084
4,14,28.077950190530956
4,15,31.855675990547397
4,16,31.579499252142256
4,17,29.15485600513124
4,18,30.15614316863721
4,19,28.83899550487557
4,20,25.175596709571607
4,21,22.275913777225103
4,22,20.340123646369154
4,23,16.587602639465704
4,24,14.116329948717917
4,25,10.493051573435489
4,26,8.227143496417698
4,27,5.69764859916017
4,28,6.778676454428535
4,29,8.410270431245214
4,30,9.765235723326823
4,31,8.250105956137228
4,32,11.216953615614914
4,33,12.971246227775184
4,34,15.36851914171084
4,35,18.04204767854502
4,36,20.25543411939706
4,37,23.683465484051546
4,38,24.97600217084065
4,39,22.7489445829506
4,40,24.27974369893897
4,41,23.047374549135913
4,42,23.467418585813018
4,43,24.945011844134438
4,44,24.530345307894915
4,45,27.875572413047053
4,46,29.872662533585476
4,47,29.99328974219545
4,48,26.357723556982204
4,49,23.561267504767432
4,50,20.13372409103563
4,51,20.637920793142815
4,52,18.30558186727236
4,53,20.978605339073393
4,54,19.494791931599337
4,55,16.9919397877334
4,56,16.806049914663294
4,57,14.734653328299306
4,58,10.95010076003642
4,59,12.40835760746089
4,60,13.658542248923723
4,61,16.559831148717777
4,62,18.472034421674586
4,63,20.63982497821532
4,64,21.542293999032577
4,65,25.07041293164925
4,66,27.944342522562437
4,67,31.394269297889885
4,68,34.306230362661815
4,69,32.773428695054356
4,70,35.06845569219015
4,71,34.8558990023746
4,72,33.877787360146456
4,73,30.30333410790243
4,74,29.97601454489353
4,75,27.634344119166844
4,76,24.167544853620434
4,77,21.295448188207416
4,78,17.886939942800506
4,79,14.968065362557258
4,80,12.036564022575543
4,81,8.890759696958924
4,82,7.442593969304542
4,83,6.419037541591442
4,84,7.440211991786009
4,85,4.5142869098204645
4,86,4.330152849020129
4,87,6.393585650439827
4,88,7.900464767520466
4,89,11.641530181438453
4,90,14.481867595272282
4,91,18.183843043425767
4,92,21.281656707099618
4,93,25.06546918741047
4,94,26.64516851268653
4,95,30.351738247350074
4,96,31.54659704631422
4,97,34.54102136358673
4,98,37.14625872780412
4,99,36.82117762916528
4,100,34.062706392654846
4,101,34.31154665293176
4,102,36.70279693780469
5,1,12.520909213347954
5,2,9.716648487926353
5,3,6.590050142636365
5,4,3.8466163064436336
5,6,3.820181723948892
5,7,6.795258286901461
5,8,9.22898962796335
5,9,12.01303436194115
5,10,13.583305802230077
5,11,17.425511369920336
5,12,20.620747619986272
5,13,22.35900290524095
5,14,24.342042667726723
5,15,28.11305030885241
5,16,27.82798870027928
5,17,25.337915369269478
5,18,26.318022115254006
5,19,25.008796232091523
5,20,21.33608489174951
5,21,18.45156673086457
5,22,16.513439710008683
5,23,12.777755636272339
5,24,10.498109786185266
5,25,6.846459187708162
5,26,5.486844437371402
5,27,4.198319991074155
5,28,7.16133620911641
5,29,8.621224188519527
5,30,8.351488917798081
5,31,6.177554906781532
5,32,9.056542504308604
5,33,9.971173929835865
5,34,12.563923648993294
5,35,14.95797292417188
5,36,17.4197237911892
5,37,20.67671304621398
5,38,22.22260602639118
5,39,20.372013490430263
5,40,21.859915059512698
5,41,20.59786516299655
5,42,20.586312890840436
5,43,22.186601571996064
5,44,21.524809642292603
5,45,24.804596137196583
5,46,26.622938411162206
5,47,26.558414087149416
5,48,22.902106718371183
5,49,20.173757998886558
5,50,16.68282267483749
5,51,17.202063379414053
5,52,14.958913583131618
5,53,17.692255500025787
5,54,16.495315467053633
5,55,14.466121762585868
5,56,14.758784026192009
5,57,13.461288904024483
5,58,9.605223155690659
5,59,9.983249410013958
5,60,10.551820106928758
5,61,13.095645098475906
5,62,14.807660499117
5,63,16.85317447813193
5,64,17.82014433013519
5,65,21.360494213435455
5,66,24.25305732020591
5,67,27.736024239395633
5,68,30.58998160532993
5,69,29.088324288676542
5,70,31.428343915817106
5,71,31.307751845385212
5,72,30.470030929185565
5,73,26.821916746110013
5,74,26.518091242545886
5,75,24.376045245681283
5,76,21.0427972311879
5,77,18.002364362320098
5,78,14.825164584639742
5,79,11.666855770782533
5,80,9.241725754524026
5,81,5.915268761285126
5,82,6.0904782955851955
5,83,6.644765116080145
5,84,9.32888593502944
5,85,7.618623018202082
5,86,6.191512194497331
5,87,5.846796110922951
5,88,5.831893583330067
5,89,9.15205495859468
5,90,11.55793977761355
5,91,15.133187671747976
5,92,17.979534860357752
5,93,21.743385593260694
5,94,23.08818123743481
5,95,26.74758727563306
5,96,27.819782351271577
5,97,30.756506335528265
5,98,33.34310290485426
5,99,32.978116184185254
5,100,30.222203904974034
5,101,30.48741120604695
5,102,32.93003578476158
6,1,14.571789299676471
6,2,12.453391080409125
6,3,9.086451783595795
6,4,6.724572309865768
6,5,3.820181723948892
6,7,3.80001994423649
6,8,5.679913512174816
6,9,8.780066922552486
6,10,10.743451559197766
6,11,14.50823338491783
6,12,17.96121841793661
6,13,19.978088583331875
6,14,21.68989810400748
6,15,25.48482436721755
6,16,25.46406071552994
6,17,23.28386329179215
6,18,24.257026067596343
6,19,23.442408209320284
6,20,19.769304675933274
6,21,16.647374536808783
6,22,14.476750409245554
6,23,10.755989780767335
6,24,8.478792393828977
6,25,5.7090063362547685
6,26,5.222558601732291
6,27,6.470024636032446
6,28,10.059371269705258
6,29,11.925757535592298
6,30,11.1485124700481
6,31,9.066518962447306
6,32,11.51483138811875
6,33,11.22637699609985
6,34,13.468272641490296
6,35,14.978382093553405
6,36,17.166872453083773
6,37,19.977361276438742
6,38,21.258610389912352
6,39,19.9177085138829
6,40,21.86578226958738
6,41,21.1010837709813
6,42,20.85562375918999
6,43,22.919790807051136
6,44,22.18521045861589
6,45,25.40406433981778
6,46,26.974684257414427
6,47,26.427972786449054
6,48,22.711883472356142
6,49,20.344449938761986
6,50,16.868504777816327
6,51,17.32928863862541
6,52,15.070552011197604
6,53,17.408701324741532
6,54,16.137356621409502
6,55,14.801284938684296
6,56,14.832006610168683
6,57,14.288229364448332
6,58,10.61594285313666
6,59,9.765438015534013
6,60,10.40716144260984
6,61,12.036922780445343
6,62,13.945466131134719
6,63,15.80321005001868
6,64,17.046515115590818
6,65,20.629313175490612
6,66,23.427285795591754
6,67,27.048478044257994
6,68,29.579816483580597
6,69,27.919902509203467
6,70,30.049111817760835
6,71,29.696100882763837
6,72,29.26653915581406
6,73,25.61107133168089
6,74,24.84758472427164
6,75,22.692158588264256
6,76,19.341543993317224
6,77,16.58526788315226
6,78,13.67002754390903
6,79,10.893896590314917
6,80,9.471232450041004
6,81,7.154632726532438
6,82,8.888524890074832
6,83,10.322369597147187
6,84,13.008391288517245
6,85,10.929126200321825
6,86,8.852492838827715
6,87,7.523880152141889
6,88,5.362197349714954
6,89,7.9864588803227745
6,90,9.32274105026295
6,91,12.992518869918447
6,92,15.523190031445322
6,93,19.37248327312211
6,94,20.91552308026001
6,95,24.536112304045666
6,96,25.86824561843014
6,97,28.686273102317976
6,98,31.542033572295022
6,99,31.1445456490329
6,100,28.508257484094464
6,101,28.39269082681337
6,102,30.63505044523972
7,1,17.817961650184383
7,2,15.814165463998801
7,3,12.690682856644198
7,4,10.268415471389714
7,5,6.795258286901461
7,6,3.80001994423649
7,8,3.8396351772737307
7,9,5.511479692188629
7,10,6.969634085454262
7,11,10.77072562983575
7,12,14.179389744764812
7,13,16.200005753712617
7,14,18.00825973667665
7,15,21.830990464298093
7,16,21.971501817098694
7,17,19.74519839813688
7,18,20.552702675410153
7,19,19.863634903791027
7,20,16.249283252311688
7,21,13.001663542228977
7,22,10.931376233515108
7,23,7.359139519671943
7,24,5.95981385498589
7,25,4.560601865689179
7,26,6.541566074563587
7,27,8.933708644624602
7,28,12.734375237978412
7,29,14.220607647483924
7,30,12.46282044696268
7,31,10.162385992015114
7,32,11.741374390468476
7,33,10.222878859978467
7,34,12.072061667861243
7,35,12.756629125522092
7,36,14.915444592902041
7,37,17.282920988513162
7,38,18.688381901099163
7,39,17.91435844783643
7,40,19.882363281050868
7,41,19.29345759731654
7,42,18.616606390189983
7,43,20.913397982657724
7,44,20.031599077461998
7,45,23.11764817697333
7,46,24.48143410950536
7,47,23.56881872009707
7,48,19.862453831131955
7,49,17.827905356706065
7,50,14.513878969396952
7,51,15.128282315829091
7,52,13.27404408501019
7,53,15.521593431720412
7,54,14.796074071242852
7,55,14.354460387336864
7,56,14.937834942524303
7,57,15.336551143747117
7,58,12.086248275212403
7,59,10.05168264329476
7,60,9.600207998805374
7,61,10.042414194720509
7,62,11.396014058669534
7,63,12.72363374388673
7,64,13.939221391431103
7,65,17.51940812766823
7,66,20.170531441514587
7,67,23.85112203454516
7,68,26.177023980516456
7,69,24.442504532793535
7,70,26.49803757841822
7,71,26.133078936027406
7,72,25.917697971711053
7,73,22.23900623595246
7,74,21.364346715950376
7,75,19.402857641271076
7,76,16.23596030059722
7,77,13.461613945766205
7,78,11.033982903618648
7,79,8.405262825237413
7,80,8.337120924901956
7,81,7.127076409472285
7,82,10.199948270047233
7,83,12.492299829373493
7,84,15.681978229339293
7,85,14.176219189508998
7,86,11.745972106420151
7,87,9.392774611140062
7,88,6.219585132913915
7,89,6.909254502503437
7,90,6.823331033402659
7,91,10.049874163141467
7,92,12.100474047471174
7,93,15.902931104821612
7,94,17.25569580894832
7,95,20.82257390280247
7,96,22.134998043668187
7,97,24.91484791272946
7,98,27.826109801240936
7,99,27.470041462715233
7,100,24.942569808631337
7,101,24.800348270867648
7,102,27.113015185566226
8,1,18.085233225170636
8,2,16.840737469715524
8,3,13.853458980299301
8,4,12.22951436768747
8,5,9.22898962796335
8,6,5.679913512174816
8,7,3.8396351772737307
8,9,3.874698236339346
8,10,7.1510173740621985
8,11,10.403372514979695
8,12,14.190413076051826
8,13,16.11449979640251
8,14,17.1211450095745
8,15,20.808512518909975
8,16,20.890217981976118
8,17,19.26788951397099
8,18,20.516881467215267
8,19,20.47360278298627
8,20,16.867668772741013
8,21,13.855887950970436
8,22,11.078125682667677
8,23,7.822486591991316
8,24,5.67810514820223
8,25,5.9736589824514645
8,26,7.122863866230999
8,27,10.394252677707108
8,28,14.123932804450437
8,29,16.105755858882944
8,30,14.581019969734244
8,31,13.04735779277633
8,32,15.077208068610476
8,33,13.636014531742802
8,34,15.656357396641955
8,35,16.032989128658198
8,36,18.107074107041015
8,37,20.039035578523553
8,38,21.304130040341356
8,39,20.973632568551785
8,40,23.115405602950432
8,41,22.709573402342286
8,42,21.764539146180333
8,43,24.087992916160257
8,44,22.913229141086983
8,45,25.720702028305517
8,46,26.647739952788903
8,47,25.603576140086187
8,48,22.065092982551857
8,49,20.124102258053114
8,50,16.764313039996704
8,51,16.73027917249553
8,52,14.449688539603242
8,53,15.840200271450911
8,54,14.507902232192794
8,55,14.384734546461765
8,56,14.198554215017724
8,57,14.990861313372648
8,58,12.185605877093694
8,59,9.640848822351552
8,60,10.04267333969257
8,61,9.928809990553313
8,62,12.067083964304427
8,63,13.750958889445748
8,64,15.698214561246726
8,65,18.91343891799298
8,66,21.663153754419422
8,67,25.239102369555486
8,68,27.340973607709948
8,69,25.777450501063647
8,70,27.779907202984575
8,71,27.403889251377606
8,72,27.697374832871372
8,73,24.03373102780288
8,74,22.840204622438808
8,75,21.12670644733235
8,76,18.18067176566726
8,77,15.754491321559282
8,78,13.887407411469633
8,79,11.672710998767629
8,80,12.116520292911973
8,81,10.868357717386973
8,82,13.724378466321442
8,83,15.535147335586382
8,84,18.535190594584662
8,85,16.564030982820277
8,86,14.47918193004332
8,87,12.649450755789148
8,88,9.477919400036054
8,89,10.194253903163977
8,90,9.203394177611864
8,91,12.021346743737208
8,92,13.241202355603187
8,93,16.897646263229
8,94,18.187450460134126
8,95,21.48262762983174
8,96,22.821924724382704
8,97,25.190118076210073
8,98,28.264874935927455
8,99,27.562366777627986
8,100,24.962233611618664
8,101,24.24862324228044
8,102,26.089186043186896
9,1,21.421734722305438
9,2,20.105832087817376
9,3,17.274288656416257
9,4,15.428384659262067
9,5,12.01303436194115
9,6,8.780066922552486
9,7,5.511479692188629
9,8,3.874698236339346
9,10,3.8432910215848572
9,11,6.721021882901743
9,12,10.495468488834723
9,13,12.27564336779894
9,14,13.280020300567156
9,15,17.00756095417991
9,16,17.245162514069264
9,17,15.601165753826223
9,18,16.718762134628047
9,19,16.89895164103974
9,20,13.422007705866028
9,21,10.428726965776288
9,22,7.661359998299039
9,23,5.135928131091915
9,24,4.829494684573789
9,25,7.104553526452354
9,26,9.67376112683358
9,27,13.10039866969482
9,28,16.85504135093537
9,29,18.442830541832254
9,30,16.22996899452278
9,31,14.582265472955353
9,32,15.86567299086817
9,33,13.591126359746777
9,34,15.153367605318238
9,35,14.725442135404991
9,36,16.68366816933565
9,37,18.007096638065896
9,38,19.4180224976311
9,39,19.729999917750725
9,40,21.745413325135985
9,41,21.472562143765487
9,42,20.069070510746936
9,43,22.49258181402311
9,44,21.144401230774413
9,45,23.68169357308518
9,46,24.313569975749
9,47,22.91260783511433
9,48,19.514090116796552
9,49,17.994954803832677
9,50,14.972649783839453
9,51,15.001624505321086
9,52,13.279300631848164
9,53,14.396968813348545
9,54,13.767531408630315
9,55,14.633097341962609
9,56,15.08289591514671
9,57,16.68510844341139
9,58,14.357490118799095
9,59,11.133617737202483
9,60,10.38455325552133
9,61,8.856174960027841
9,62,10.139470429729558
9,63,11.076519691682781
9,64,13.052598819806239
9,65,16.031502174854598
9,66,18.56609238268786
9,67,22.109305546857097
9,68,23.946745657118917
9,69,22.375288186701827
9,70,24.30675394417388
9,71,23.981253523092178
9,72,24.558886027708947
9,73,20.919555917614314
9,74,19.64596023139483
9,75,18.303453866699012
9,76,15.762898854292331
9,77,13.441548650692807
9,78,12.436061573287887
9,79,10.662967553311706
9,80,12.31964710834905
9,81,11.930231529457421
9,82,15.388240118453206
9,83,17.694677272565905
9,84,21.03763636150302
9,85,19.544120857413965
9,86,17.233137031408376
9,87,14.814253328274319
9,88,11.380445873240399
9,89,10.84764247347365
9,90,8.697235432875758
9,91,10.37313698646456
9,92,10.58484758040366
9,93,13.93588317893853
9,94,14.812663597560611
9,95,17.919871626258786
9,96,19.144311919569788
9,97,21.38100646895134
9,98,24.49173066472382
9,99,23.780745670597312
9,100,21.286492793077702
9,101,20.51160971982093
9,102,22.421193724043608
10,1,24.239061413376287
10,2,22.488658078792458
10,3,19.574737458099364
10,4,17.18829667054793
10,5,13.583305802230077
10,6,10.743451559197766
10,7,6.969634085454262
10,8,7.1510173740621985
10,9,3.8432910215848572
10,11,3.8442770272740305
10,12,7.279088435650255
10,13,9.494028940642686
10,14,11.374289147057212
10,15,15.232820882036561
10,16,15.949964051591802
10,17,13.856885240805296
10,18,14.186882729640335
10,19,14.164123549355134
10,20,10.931337684203003
10,21,7.443249244563612
10,22,5.900351278115374
10,23,4.568469864583579
10,24,6.771089336918633
10,25,8.887007514641088
10,26,12.199963820874611
10,27,15.204597336971714
10,28,18.950245620925163
10,29,20.08819091392419
10,30,17.47302879666214
10,31,15.299325502081263
10,32,15.66545050002437
10,33,12.683286342902594
10,34,13.362221116872528
10,35,12.087341610396454
10,36,13.637217349701494
10,37,14.498587924576396
10,38,15.906383047245303
10,39,16.61535135153153
10,40,18.577704194375805
10,41,18.558506684380784
10,42,17.038112547128883
10,43,19.718629443621527
10,44,18.604025077782925
10,45,21.14347338577716
10,46,21.904771083417586
10,47,20.099218399254923
10,48,16.661126114617755
10,49,15.707048854077929
10,50,13.231866810807766
10,51,14.009046341953976
10,52,13.2776760844493
10,53,14.76817539448564
10,54,15.126888291257119
10,55,16.405739768058247
10,56,17.60006466277243
10,57,19.33783843350808
10,58,16.975862299658274
10,59,13.78990636262097
10,60,12.10317772201837
10,61,10.111012781158822
10,62,9.93397148976091
10,63,9.496446354241847
10,64,10.567776945700004
10,65,13.661986977267635
10,66,15.688576587896288
10,67,19.363279454991012
10,68,20.97875752089229
10,69,19.05630092924697
10,70,20.781300564537005
10,71,20.287825351996855
10,72,20.78748310112522
10,73,17.189275676537335
10,74,15.835372448319594
10,75,14.478501344602451
10,76,12.06413460649204
10,77,9.81123498324554
10,78,9.416680809977924
10,79,8.367551479434674
10,80,11.008079905513192
10,81,11.753207875536543
10,82,15.52729972411285
10,83,18.41971289448697
10,84,21.905547635228153
10,85,20.87691157159445
10,86,18.181356275065266
10,87,15.159558762534392
10,88,11.660819836841402
10,89,9.914828980308377
10,90,6.993386722309765
10,91,7.388123180154657
10,92,7.021451982531344
10,93,10.287648543544755
10,94,11.091158485703755
10,95,14.366724408943274
10,96,15.744687565816315
10,97,18.310309509700712
10,98,21.467090519382737
10,99,21.18888530449463
10,100,19.02566757391416
10,101,18.61489076681787
10,102,20.951681544279122
11,1,27.883489755509384
11,2,26.265637820500675
11,3,23.372924553949357
11,4,21.008772243917036
11,5,17.425511369920336
11,6,14.50823338491783
11,7,10.77072562983575
11,8,10.403372514979695
11,9,6.721021882901743
11,10,3.8442770272740305
11,12,3.8456206417250756
11,13,6.5084837661476245
11,14,8.168129260041896
11,15,11.954841521973977
11,16,13.307548721430718
11,17,11.597928692976375
11,18,11.467917702707984
11,19,12.250817370841055
11,20,9.689992385871756
11,21,6.571220975546846
11,22,6.006439938917506
11,23,6.984686515572569
11,24,9.791148918705636
11,25,12.492756456846662
11,26,15.822791895324364
11,27,18.961667201862177
11,28,22.684725622264235
11,29,23.78104799470823
11,30,21.004042315808753
11,31,18.91754419995177
11,32,18.977853731925425
11,33,15.703361516578312
11,34,15.883523166482695
11,35,13.846644173385465
11,36,14.816902796072524
11,37,14.67906438451473
11,38,15.829554651178666
11,39,17.386243014748207
11,40,19.336610871728254
11,41,19.725401143244735
11,42,17.90537168638945
11,43,20.70169147865405
11,44,19.563528984484186
11,45,21.682871604989423
11,46,22.057388592731687
11,47,19.733650244476625
11,48,16.662117958840017
11,49,16.47796173328773
11,50,14.68808791241041
11,51,15.44809689197265
11,52,15.274158210459674
11,53,16.19645565805998
11,54,16.954262177664386
11,55,18.888946782325984
11,56,20.154792954869706
11,57,22.330316436026237
11,58,20.317388375432984
11,59,16.8783914694393
11,60,15.028778809949337
11,61,12.333862147640192
11,62,11.588516185570011
11,63,10.240470943637018
11,64,11.076250610161509
11,65,13.434792850851986
11,66,14.81008692994074
11,67,18.281748104802755
11,68,19.24895284206451
11,69,17.20617733775778
11,70,18.533572189651125
11,71,17.84773498019346
11,72,18.961182915781873
11,73,15.604390936186848
11,74,13.77793436068678
11,75,12.926079714814252
11,76,11.283399942731789
11,77,9.920829993358236
11,78,10.856167943340033
11,79,10.874960544456124
11,80,14.071664792079918
11,81,15.313974387924358
11,82,19.129581567465802
11,83,22.142509891028837
11,84,25.653555847132477
11,85,24.681784141154264
11,86,21.88971822660635
11,87,18.73631019125704
11,88,15.186432092853362
11,89,12.96428004377283
11,90,9.518117263957333
11,91,8.418896418093754
11,92,6.1429719279891755
11,93,8.242365274787945
11,94,8.59645287367484
11,95,11.381589963663684
11,96,12.933932048238189
11,97,15.207049283022922
11,98,18.60888757062801
11,99,18.40102294295301
11,100,16.631503772152723
11,101,15.870241242641598
11,102,18.079394634487052
12,1,31.37530226095098
12,2,29.619120149491135
12,3,26.783547188771074
12,4,24.263652529900423
12,5,20.620747619986272
12,6,17.96121841793661
12,7,14.179389744764812
12,8,14.190413076051826
12,9,10.495468488834723
12,10,7.279088435650255
12,11,3.8456206417250756
12,13,3.8999799603031704
12,14,6.424565210365757
12,15,9.818419994074443
12,16,11.834634118544352
12,17,10.011087149714351
12,18,8.742125705131217
12,19,9.82385583239341
12,20,8.329434220115541
12,21,5.906958405580647
12,22,7.296088879157036
12,23,9.602364854863861
12,24,12.964711148022866
12,25,15.664517753708175
12,26,19.213788671896136
12,27,22.20014909128148
12,28,25.841872335894056
12,29,26.66268149366879
12,30,23.629564860150627
12,31,21.457271130517064
12,32,20.946740509932
12,33,17.364788491052508
12,34,16.90651529966761
12,35,14.18290298726544
12,36,14.602049646585701
12,37,13.499000848263742
12,38,14.593965941869508
12,39,16.89863396609996
12,40,18.54053681357388
12,41,19.18820597171476
12,42,17.08297569155004
12,43,19.88710969447957
12,44,18.842591393084067
12,45,20.558198363409204
12,46,20.716223588491886
12,47,17.904381323913196
12,48,15.230297896323155
12,49,15.910125727325001
12,50,15.006671026292311
12,51,16.088517307020403
12,52,16.749519727054803
12,53,17.547920041018983
12,54,18.977547854490798
12,55,21.303834627940237
12,56,22.965047604978977
12,57,25.35371713258757
12,58,23.517041025675503
12,59,20.04124576276303
12,60,17.752719546454156
12,61,14.768060038912127
12,62,13.16984140020067
12,63,10.791304510686375
12,64,10.775833066611689
12,65,12.391109342811058
12,66,12.834384804696311
12,67,16.066193625872927
12,68,16.42229077582271
12,69,14.124516419833798
12,70,15.053284083641296
12,71,14.234146235343175
12,72,15.721981361365296
12,73,12.617461871327594
12,74,10.557375991934265
12,75,10.395578650485344
12,76,9.824393468265361
12,77,9.222116664511727
12,78,11.438376829394342
12,79,12.29342245002551
12,80,15.925211792706232
12,81,17.723282079070174
12,82,21.543378001603607
12,83,24.754563771000672
12,84,28.324155696497446
12,85,27.68368826506855
12,86,24.79177467128894
12,87,21.419562745120768
12,88,18.018382401281155
12,89,15.308030967970675
12,90,11.818195735633472
12,91,9.529119373842345
12,92,6.098609683308378
12,93,6.200325971618711
12,94,5.33768723567429
12,95,7.617418039523234
12,96,9.244707875116683
12,97,11.575207337823121
12,98,15.094635166116847
12,99,15.285512788562405
12,100,14.076683396082803
12,101,13.530281750092641
12,102,16.018297726555332
13,1,32.46260933242552
13,2,30.871715163551052
13,3,28.384302414206818
13,4,26.14172144270084
13,5,22.35900290524095
13,6,19.978088583331875
13,7,16.200005753712617
13,8,16.11449979640251
13,9,12.27564336779894
13,10,9.494028940642686
13,11,6.5084837661476245
13,12,3.8999799603031704
13,14,3.8641891963652015
13,15,7.000744865854832
13,16,8.462065154771663
13,17,6.227491737912323
13,18,5.005918696869254
13,19,6.487918251736246
13,20,5.50993814403619
13,21,5.037808310410034
13,22,6.685015970622112
13,23,10.114439481017794
13,24,13.605016374498089
13,25,16.664183240176143
13,26,20.29560263671639
13,27,23.338125048325015
13,28,26.78686482625228
13,29,27.403855030745262
13,30,24.086196600344092
13,31,22.357349838744653
13,32,21.711820372551866
13,33,18.129904880861215
13,34,17.917069126415672
13,35,15.299073628980603
13,36,16.19999721928617
13,37,14.931906332535407
13,38,16.681360886567205
13,39,19.116897477398055
13,40,20.09983367908514
13,41,20.239694079824567
13,42,17.527377075602626
13,43,19.76051606444248
13,44,18.12201147606174
13,45,19.177131427187835
13,46,18.6522339118069
13,47,15.878587051679343
13,48,13.767321996534768
13,49,14.573978611280051
13,50,14.047410399766642
13,51,14.58566560083436
13,52,15.596904462787023
13,53,15.788718941916157
13,54,17.65901064375501
13,55,20.49292681926612
13,56,22.430056396731207
13,57,25.213832477720555
13,58,23.900541940848857
13,59,20.27805012548839
13,60,17.643703001295247
13,61,14.230237656405555
13,62,12.120618791879313
13,63,9.373469788543819
13,64,9.674835661741021
13,65,10.123763041491657
13,66,10.495131044375043
13,67,13.279236394493331
13,68,13.542233759283333
13,69,11.922042453587444
13,70,13.373958185278084
13,71,13.471207757702059
13,72,15.2668740673004
13,73,12.179494961978982
13,74,10.9682549484765
13,75,12.025378859216376
13,76,12.307214868024069
13,77,11.302513108436397
13,78,13.84958163844969
13,79,14.186570214295289
13,80,17.884979624925666
13,81,19.353870161483265
13,82,23.16110991138078
13,83,26.161219318850435
13,84,29.893172928311913
13,85,29.542901644024592
13,86,26.949668780482035
13,87,23.701217915874643
13,88,20.50312226441475
13,89,18.038095822819226
13,90,14.867142478604569
13,91,12.784126564090233
13,92,9.601847104416578
13,93,9.224997647404582
13,94,6.772560172804162
13,95,7.686950918412895
13,96,7.592347024163731
13,97,9.15319746849103
13,98,12.332795918099059
13,99,11.894997524122392
13,100,10.29234751048189
13,101,9.820112005340581
13,102,12.579173952836861
14,1,33.564610903226345
14,2,32.37624863544428
14,3,29.985228257760223
14,4,28.077950190530956
14,5,24.342042667726723
14,6,21.68989810400748
14,7,18.00825973667665
14,8,17.1211450095745
14,9,13.280020300567156
14,10,11.374289147057212
14,11,8.168129260041896
14,12,6.424565210365757
14,13,3.8641891963652015
14,15,3.8607205635697355
14,16,5.593327055463535
14,17,5.2224522320386715
14,18,5.48010136796049
14,19,8.480251507058915
14,20,7.933303330413194
14,21,8.29111113228468
14,22,8.488618515797762
14,23,11.85432843538392
14,24,14.770284034009437
14,25,18.26948631847912
14,26,21.60934136050478
14,27,24.962429597283467
14,28,28.40205724199351
14,29,29.26370478880629
14,30,26.04512168612841
14,31,24.691148331975988
14,32,24.47043672837432
14,33,21.07924303762595
14,34,21.293270840425848
14,35,18.926751839911674
14,36,19.978302997046654
14,37,18.766954432737634
14,38,20.349763828363848
14,39,22.823261130350225
14,40,23.938302177139192
14,41,24.08236563962418
14,42,21.329491559289647
14,43,23.420567002762773
14,44,21.534443253403094
14,45,22.31238811947238
14,46,21.333414928262588
14,47,18.71965256291955
14,48,16.99338927826264
14,49,17.610037367225978
14,50,16.87668897017814
14,51,16.692769270775727
14,52,17.21407529216141
14,53,16.597385767376483
14,54,18.042528921414668
14,55,21.182806015851682
14,56,22.69343553413059
14,57,25.78433823258396
14,58,24.85925586227636
14,59,21.050147426685847
14,60,18.798340427330572
14,61,15.12048710837741
14,62,13.602396140240574
14,63,11.552449400102029
14,64,12.7542379946563
14,65,12.711971924796382
14,66,13.288813828527937
14,67,15.486262413869973
14,68,15.405615478839696
14,69,14.407283916534213
14,70,15.70117523303269
14,71,15.925377059926564
14,72,18.27033920265355
14,73,15.524567736330273
14,74,14.166822406094564
14,75,15.422657226781343
14,76,15.78591854083975
14,77,14.995013759476697
14,78,17.320787733256687
14,79,17.436133284643073
14,80,20.980922901005354
14,81,22.061396535205475
14,82,25.881651547380535
14,83,28.660706503882743
14,84,32.39584834602229
14,85,31.779804893680772
14,86,29.332951658963204
14,87,26.28406853085939
14,88,22.939848884359975
14,89,20.781589483141456
14,90,17.4891380331485
14,91,15.753812443353736
14,92,12.509413223304284
14,93,12.157582199605462
14,94,10.032720138963295
14,95,10.113987108654003
14,96,9.805936508860636
14,97,9.947514734523388
14,98,13.026707031941806
14,99,11.749515850471175
14,100,10.078044634024447
14,101,8.195315829237817
14,102,9.978287897169318
15,1,36.985770099020094
15,2,35.93701257570818
15,3,33.66006087080456
15,4,31.855675990547397
15,5,28.11305030885241
15,6,25.48482436721755
15,7,21.830990464298093
15,8,20.808512518909975
15,9,17.00756095417991
15,10,15.232820882036561
15,11,11.954841521973977
15,12,9.818419994074443
15,13,7.000744865854832
15,14,3.8607205635697355
15,16,3.83164709149064
15,17,5.597520400638114
15,18,5.682069232179528
15,19,9.465551626159925
15,20,10.230252868737228
15,21,11.562103031346917
15,22,12.01639761310905
15,23,15.511287429357955
15,24,18.31967043271819
15,25,21.898900742739862
15,26,25.175312063427818
15,27,28.557925089737612
15,28,31.91176774384039
15,29,32.722116182420685
15,30,29.427977255427724
15,31,28.25165394059376
15,32,27.941154138351916
15,33,24.54227392314373
15,34,24.67669852533668
15,35,22.188342510587226
15,36,23.100776944415987
15,37,21.508816075593387
15,38,23.03460807354205
15,39,25.807439956188716
15,40,26.712008641519102
15,41,26.89949883817771
15,42,23.96768852769623
15,43,25.832525733961464
15,44,23.832863469218307
15,45,24.08569924387833
15,46,22.621106701598197
15,47,19.914517198116556
15,48,18.871007534677208
15,49,19.873742961445632
15,50,19.61001643868633
15,51,19.203635012955722
15,52,19.959958858065526
15,53,18.865558875919767
15,54,20.45631932938738
15,55,23.870665443504834
15,56,25.37349171431662
15,57,28.684105251464338
15,58,28.09067801567697
15,59,24.24704996260273
15,60,21.9867733515124
15,61,18.19858300988731
15,62,16.57846398979866
15,63,14.460440633170244
15,64,15.54656900566948
15,65,14.674185280761431
15,66,14.687087134027484
15,67,16.044746847495766
15,68,15.226688414764535
15,69,14.754467852878344
15,70,15.698358440141252
15,71,16.193228104785586
15,72,19.065540343189024
15,73,16.8845589550305
15,74,15.659977406458493
15,75,17.566368486067482
15,76,18.57535474197101
15,77,18.149910924430472
15,78,20.79539431354329
15,79,21.075589781616475
15,80,24.684305378759078
15,81,25.799582141746438
15,82,29.603452271659894
15,83,32.3437349867705
15,84,36.109751263756095
15,85,35.56306447700622
15,86,33.166302085517565
15,87,30.120537040569417
15,88,26.795783176814005
15,89,24.590158901041093
15,90,21.26538216903072
15,91,19.32309306380351
15,92,15.880318199018884
15,93,14.888397742855416
15,94,12.380692414974018
15,95,11.283246531329068
15,96,10.280923546250081
15,97,8.923394878251333
15,98,11.517703880897207
15,99,9.692307628811161
15,100,8.629213735446697
15,101,5.702576401911619
15,102,6.617972702049135
16,1,35.818305747542496
16,2,34.978358301521375
16,3,33.05144430731567
16,4,31.579499252142256
16,5,27.82798870027928
16,6,25.46406071552994
16,7,21.971501817098694
16,8,20.890217981976118
16,9,17.245162514069264
16,10,15.949964051591802
16,11,13.307548721430718
16,12,11.834634118544352
16,13,8.462065154771663
16,14,5.593327055463535
16,15,3.83164709149064
16,17,3.8740447604902544
16,18,6.293238010776611
16,19,9.278677899583716
16,20,9.712311026127649
16,21,11.849187403341583
16,22,11.656931935160724
16,23,15.134759595644814
16,24,17.607898568053187
16,25,21.24943429016136
16,26,24.37274769422619
16,27,27.720279758792252
16,28,30.82746422626862
16,29,31.53071879304213
16,30,28.168855459793477
16,31,27.45878597968286
16,32,27.270802216751846
16,33,24.105668225212888
16,34,24.687886902920017
16,35,22.619965458969247
16,36,24.093588956188125
16,37,22.87915590178469
16,38,24.90859933896499
16,39,27.394909878228763
16,40,27.99167515455443
16,41,27.659452654618526
16,42,24.47343586520097
16,43,25.885169058660534
16,44,23.413026387295755
16,45,23.369146463470997
16,46,21.49592354359775
16,47,19.30192186664719
16,48,18.498161289696153
16,49,19.01349659194744
16,50,18.59252828743699
16,51,17.50832695492478
16,52,18.0985666823751
16,53,16.41446474110787
16,54,18.026291381409287
16,55,21.657456095218667
16,56,23.20937416173151
16,57,26.721663788622426
16,58,26.59050373914235
16,59,22.776860758987922
16,60,20.46486836548827
16,61,16.61902598616932
16,62,15.03765172465176
16,63,13.35089157896857
16,64,15.039201028791423
16,65,13.673365608766382
16,66,14.271638795266753
16,67,15.268660413916828
16,68,14.989519999006104
16,69,15.372157215027235
16,70,17.070574616608038
16,71,18.297160290436192
16,72,20.828522927631347
16,73,18.40216857269685
16,74,17.86002137835565
16,75,19.85820492023987
16,76,20.677658770772997
16,77,19.611405310712914
16,78,22.001578767346167
16,79,21.6625775141098
16,80,25.094271036838357
16,81,25.738830773860464
16,82,29.431437313799254
16,83,31.85692128704217
16,84,35.67217118372184
16,85,35.27446369436726
16,86,33.21888352566708
16,87,30.405408423389563
16,88,27.276667574094898
16,89,25.446118995135958
16,90,22.43829800599262
16,91,20.934637001773577
16,92,17.860430290067562
16,93,17.39928932190488
16,94,14.716873242133786
16,95,14.010129561443604
16,96,12.330973375685073
16,97,10.924995802808606
16,98,12.663496968774059
16,99,9.897608244152861
16,100,7.582108695826838
16,101,4.502507959360488
16,102,5.207546924128933
17,1,33.87493017691878
17,2,32.72337662190945
17,3,30.813436149804854
17,4,29.15485600513124
17,5,25.337915369269478
17,6,23.28386329179215
17,7,19.74519839813688
17,8,19.26788951397099
17,9,15.601165753826223
17,10,13.856885240805296
17,11,11.597928692976375
17,12,10.011087149714351
17,13,6.227491737912323
17,14,5.2224522320386715
17,15,5.597520400638114
17,16,3.8740447604902544
17,18,3.892556864703198
17,19,5.785789242743114
17,20,5.92545347398908
17,21,8.55879966577343
17,22,8.913114162515061
17,23,12.605509950242203
17,24,15.478398552122542
17,25,18.861393394799396
17,26,22.23177469881199
17,27,25.335169857213906
17,28,28.394632432445214
17,29,28.84376422321596
17,30,25.330341064434343
17,31,24.462097203619077
17,32,23.95088042376569
17,33,20.704044508429625
17,34,21.14089398956883
17,35,19.07637407214776
17,36,20.68650212607304
17,37,19.59356143135096
17,38,21.947136821208268
17,39,24.266700731142194
17,40,24.605264315781582
17,41,24.038766297653964
17,42,20.764284493334802
17,43,22.059419202337025
17,44,19.543229640275147
17,45,19.57388450257647
17,46,17.867795913576046
17,47,15.68578326564277
17,48,14.681513486794902
17,49,15.153117048259853
17,50,14.861645550370945
17,51,14.041931000067637
17,52,15.073837157293179
17,53,13.883578317324117
17,54,16.041340083735804
17,55,19.557550901773475
