1,2,3.944816565890596
1,3,6.771259510400564
1,4,6.471489901394939
1,5,8.502267243262686
1,6,9.224473420248033
1,7,12.597484601008507
1,8,15.14973744462664
1,9,17.613798663927543
1,10,20.31369680867632
1,11,19.06657005873682
1,12,20.85382886822664
1,13,21.34769085231598
1,14,21.704046103808704
1,15,19.205561808279615
1,16,19.611849656083848
1,17,17.17894904046863
1,18,18.624492179991694
1,19,18.567930696299914
1,20,18.575983186333755
1,21,21.662611835034774
1,22,22.639493620151914
1,23,45.84127395207433
1,24,48.83149263143263
1,25,49.11339925731474
1,26,47.85452271074491
1,27,50.95632096342061
1,28,53.60880887510247
1,29,52.872024832131366
1,30,55.39988707557428
1,31,52.450186441880135
1,32,50.68560757028972
1,33,47.22506022045904
1,34,44.96546851701915
1,35,41.28157411140536
1,36,38.867160443522216
1,37,35.3414622742231
1,38,32.525806628804624
1,39,29.185965481584702
1,40,25.9832612403551
1,41,22.906374530466575
1,42,20.58473342873241
1,43,22.714318061864926
1,44,23.213288090994755
1,45,25.99004222190001
1,46,25.611949219261913
1,47,29.36249741913936
1,48,32.05654086337935
1,49,35.776744386295924
1,50,37.65242923769929
1,51,41.478914184218205
1,52,43.86203781623754
1,53,47.582080676162654
1,54,49.947872673901756
1,55,52.64921889860473
1,56,53.37166751826513
1,57,56.14797200463563
1,58,56.49155602709139
1,59,58.447182415743825
1,60,61.94699562393684
1,61,63.594786407343655
1,62,65.07920033395071
1,63,61.56597099856615
1,64,62.07691069375724
1,65,59.92178578962694
1,66,61.80756403931536
1,67,60.56093950852245
1,68,61.92739662578032
1,69,58.79989640693886
1,70,55.135472935792045
1,71,52.10219197020158
1,72,49.10371823040923
1,73,45.4199382141258
1,74,44.355735393181895
1,75,41.002642243877894
1,76,38.261855988329174
1,77,35.406847937159384
1,78,32.35203174364347
1,79,28.816460587210376
1,80,25.96003052390296
1,81,22.165607678954366
1,82,20.920576782428142
1,83,17.385676091950852
1,84,17.730978477258915
1,85,16.390574294690303
1,86,13.74989317311406
1,87,13.18336639342855
1,88,10.104385384197268
1,89,10.386596014338917
1,90,11.416110119102521
1,91,13.803455701505694
1,92,16.70507351806003
1,93,20.234846744597984
1,94,23.469105571145594
1,95,26.46452555690184
1,96,30.026305245716284
1,97,31.994343546610853
1,98,35.647056136558724
1,99,36.5526016507125
1,100,39.992270354907674
1,101,40.418754809397804
1,102,44.09271590997939
1,103,47.338611936480795
1,104,50.26129066964131
1,105,53.82976581562943
1,106,55.09771865501556
1,107,58.37355052535592
1,108,57.74187738346228
2,1,3.944816565890596
2,3,3.85538708951526
2,4,5.838652453211742
2,5,8.496009710256102
2,6,10.620559899978893
2,7,14.397116658304306
2,8,17.159247868262884
2,9,20.125867219954216
2,10,22.391689140825886
2,11,21.13145406586117
2,12,22.333460861918915
2,13,22.5213539943874
2,14,23.398351602800467
2,15,21.132884044242704
2,16,21.955046625434246
2,17,19.894068197441886
2,18,21.272505078287118
2,19,21.53776653819946
2,20,21.207322971302098
2,21,24.328035276392985
2,22,25.40610091429998
2,23,46.77242625605989
2,24,49.57357557338289
2,25,49.868963122902294
2,26,48.3283913045255
2,27,51.33001954382175
2,28,54.162909032737275
2,29,53.41504059844092
2,30,55.82358822339261
2,31,52.74038633234457
2,32,50.91437860840182
2,33,47.34836931547449
2,34,44.92800698079315
2,35,41.33590848419218
2,36,38.64337373959708
2,37,35.15102762373164
2,38,32.24548183132836
2,39,28.831942940539733
2,40,25.52930798793812
2,41,22.485327916865057
2,42,20.277788398908367
2,43,22.90878890379465
2,44,24.00602374697097
2,45,26.780724343106964
2,46,25.88763080766918
2,47,29.608994906416786
2,48,32.380636620268355
2,49,36.04885905412922
2,50,37.77905686572246
2,51,41.6253324266895
2,52,43.73851866556101
2,53,47.51840547816342
2,54,49.73352550547322
2,55,52.37167367814146
2,56,53.082216809022015
2,57,56.03574260864246
2,58,56.60842307311708
2,59,58.59673454829387
2,60,62.197923985421106
2,61,63.9789849566737
2,62,65.26838376577487
2,63,61.67068105676891
2,64,62.00205733924983
2,65,59.77220890741465
2,66,61.71920717138685
2,67,60.38528520820663
2,68,61.93510892434288
2,69,58.948399943780586
2,70,55.21285593524635
2,71,52.22100724233265
2,72,49.29058299413206
2,73,45.677441089593735
2,74,44.92862968902249
2,75,41.55069645533323
2,76,39.07523915235564
2,77,36.237825248187825
2,78,33.339552221182636
2,79,29.943287945538717
2,80,26.84224137753849
2,81,23.068729601611835
2,82,21.22077440525971
2,83,17.509642649004398
2,84,17.242625992823843
2,85,15.126309316414886
2,86,12.204639806220916
2,87,12.385329363270134
2,88,10.23420997775307
2,89,11.84103605961835
2,90,12.817716317517245
2,91,14.222127603794744
2,92,17.506593986114126
2,93,20.93679551799897
2,94,24.446625775657296
2,95,27.06588235782538
2,96,30.70070705820941
2,97,32.35876687830457
2,98,35.996628524277256
2,99,36.88908081920075
2,100,40.330109958648436
2,101,41.03397064313413
2,102,44.6054986476893
2,103,47.73585466385461
2,104,50.80093529632882
2,105,54.274006911098596
2,106,55.52301148025577
2,107,58.74117204252503
2,108,57.90659157660854
3,1,6.771259510400564
3,2,3.85538708951526
3,4,3.8387979067660645
3,5,6.834815780021747
3,6,10.090465419957653
3,7,13.816854440330527
3,8,16.990186605835977
3,9,20.29685643648719
3,10,21.97565761585382
3,11,20.375238037741095
3,12,21.011480230135344
3,13,20.749512429287638
3,14,21.940658293126873
3,15,19.851406728567895
3,16,21.034324142277146
3,17,19.483403895938228
3,18,20.849682997246514
3,19,21.695600419700565
3,20,21.275609603472994
3,21,24.593090759344467
3,22,26.14588129874855
3,23,45.206156971822224
3,24,47.83155445504799
3,25,47.95554716306602
3,26,46.21543496788494
3,27,49.232507184430574
3,28,52.11677292974559
3,29,51.21511559657985
3,30,53.453879104108594
3,31,50.246735303387865
3,32,48.51345890270439
3,33,44.91049490536683
3,34,42.52040931093617
3,35,39.02903429203881
3,36,36.195870037003665
3,37,32.837302006630885
3,38,29.737875925799607
3,39,26.435965949957026
3,40,22.969897997620038
3,41,20.216994058054315
3,42,17.78362484578181
3,43,20.573677525308838
3,44,22.15801655557319
3,45,24.981822563204158
3,46,23.886578451204684
3,47,27.59443699760571
3,48,30.196733340735435
3,49,33.8586051664808
3,50,35.310760086906484
3,51,39.13462188665953
3,52,41.05085240682723
3,53,44.82848421553097
3,54,47.054697294884164
3,55,49.55152530389849
3,56,50.12888942328704
3,57,53.18774679190363
3,58,53.94438496124775
3,59,56.05173452156866
3,60,59.69971205050702
3,61,61.64244968187381
3,62,62.869328281523046
3,63,59.24345850749909
3,64,59.38953385825516
3,65,57.03175212920966
3,66,58.91120045722291
3,67,57.44379265188663
3,68,59.03426836883188
3,69,56.153213832892355
3,70,52.376223149546504
3,71,49.48259866500954
3,72,46.53151269947955
3,73,43.000044227901874
3,74,42.427991603604944
3,75,38.995639008148814
3,76,36.70591510405346
3,77,33.825096696791974
3,78,31.135628004767867
3,79,27.85444968228977
3,80,24.680383487610865
3,81,20.966773470400813
3,82,18.685092321304225
3,83,14.993347758787525
3,84,14.1432050155213
3,85,11.625859901185335
3,86,8.624375678427498
3,87,9.523070236044994
3,88,8.175800812047422
3,89,10.82298258502738
3,90,11.385644602471956
3,91,11.808258612843245
3,92,15.309084362549225
3,93,18.502017465946345
3,94,22.180970208622682
3,95,24.484644643041932
3,96,28.151714973637592
3,97,29.644342239414257
3,98,33.27321908154468
3,99,34.28901983613178
3,100,37.77655468744398
3,101,38.759779416917254
3,102,42.27238391154589
3,103,45.252179243928104
3,104,48.34335166700256
3,105,51.71743118200952
3,106,52.85182101012169
3,107,55.981383540050025
3,108,54.97684545391289
4,1,6.471489901394939
4,2,5.838652453211742
4,3,3.8387979067660645
4,5,3.9014376023671615
4,6,6.948923221174415
4,7,10.429270839875663
4,8,13.878123478243639
4,9,17.0708386585837
4,10,18.67423212996943
4,11,16.78731934724844
4,12,17.57328009984633
4,13,17.303577347573
4,14,18.2403179063491
4,15,16.040791553458334
4,16,17.218452232042807
4,17,15.783615111111695
4,18,17.36776535039457
4,19,18.51871233441437
4,20,18.48352746643259
4,21,22.017055593067443
4,22,23.93139169670032
4,23,43.25464014718826
4,24,45.970709007117
4,25,45.908835462375606
4,26,44.337598789616045
4,27,47.51606891607187
4,28,50.22418859121292
4,29,49.178898754623795
4,30,51.41292280277232
4,31,48.243853775147876
4,32,46.68341243413578
4,33,43.16811905762201
4,34,41.012475128165676
4,35,37.48043002566481
4,36,34.86337530758445
4,37,31.570276206520376
4,38,28.37517299978091
4,39,25.256626078620688
4,40,21.7245739626699
4,41,19.180104955007092
4,42,16.289569948698777
4,43,18.55948480762894
4,44,19.839667815781063
4,45,22.78628733345028
4,46,22.194002764911957
4,47,25.98198326559554
4,48,28.331168369305985
4,49,32.09551203661266
4,50,33.47049184068956
4,51,37.271771550812545
4,52,39.363955217220294
4,53,43.076766254231686
4,54,45.52849605665114
4,55,47.97260855721555
4,56,48.42441808921584
4,57,51.36700918794579
4,58,52.01209510916687
4,59,54.2083983725645
4,60,57.780344620816976
4,61,59.7163757797371
4,62,61.14095074736368
4,63,57.58833657570712
4,64,57.784951487583214
4,65,55.38870380471509
4,66,57.12005171898367
4,67,55.620965816191806
4,68,57.0076903042839
4,69,54.03946446411125
4,70,50.29984903493118
4,71,47.446659686549054
4,72,44.35878253584034
4,73,40.79801546070843
4,74,39.9661908576031
4,75,36.4734953780531
4,76,33.98100852439081
4,77,30.971869356320497
4,78,28.264929879481038
4,79,24.83960801155612
4,80,21.896308699523978
4,81,18.10540515544781
4,82,16.16819437281574
4,83,12.62602192421501
4,84,12.010145119243287
4,85,10.291145114719855
4,86,7.6292882627212535
4,87,8.04154364294804
4,88,5.637705464591904
4,89,7.786995089134742
4,90,7.696581925159519
4,91,8.591108162328844
4,92,12.121036444234257
4,93,15.330939802088174
4,94,18.961155008408557
4,95,21.562216097696773
4,96,25.253846457753404
4,97,27.076232581121
4,98,30.776089091920156
4,99,31.98380069219159
4,100,35.56023390838262
4,101,36.46760950206137
4,102,40.0881935168058
4,103,43.084827027886355
4,104,46.020713196838294
4,105,49.43676103097521
4,106,50.47019943711052
4,107,53.591851388889275
4,108,52.670806819150116
5,1,8.502267243262686
5,2,8.496009710256102
5,3,6.834815780021747
5,4,3.9014376023671615
5,6,3.88964658490804
5,7,7.2815157165931135
5,8,10.568393697780957
5,9,14.068347545381972
5,10,15.30567737986545
5,11,13.732878524424494
5,12,14.231714431211534
5,13,14.206636990546997
5,14,15.576689432404637
5,15,13.962772199854872
5,16,15.822210336033072
5,17,15.01220998135926
5,18,17.33506206745951
5,19,19.005687339274907
5,20,19.693587731713915
5,21,23.419238382633676
5,22,25.645692071255667
5,23,44.86041971255055
5,24,47.56309461367363
5,25,47.2165858453179
5,26,45.70550166945575
5,27,49.0312568179188
5,28,51.584113877859835
5,29,50.287518722949756
5,30,52.370650159911385
5,31,49.15425862241731
5,32,47.86988331366661
5,33,44.436654017065095
5,34,42.542188473875555
5,35,39.0816104545013
5,36,36.569009525747575
5,37,33.46778905591295
5,38,30.092163706135928
5,39,27.260263181050544
5,40,23.62669456295828
5,41,21.518929811162337
5,42,18.221390269461025
5,43,20.032088528719786
5,44,21.262673214332544
5,45,24.293758337680874
5,46,24.103440515049904
5,47,27.87347943819114
5,48,29.8352535642552
5,49,33.641017217665464
5,50,34.70551459551208
5,51,38.422122569964756
5,52,40.49046831301881
5,53,44.10497788777401
5,54,46.77226417213094
5,55,49.006152519268845
5,56,49.17046792990427
5,57,52.09748422068552
5,58,52.8161867668338
5,59,55.21431022775085
5,60,58.73112267645034
5,61,60.78856041211756
5,62,62.35979710563316
5,63,58.869604955989594
5,64,58.952829366947874
5,65,56.40483251104955
5,66,57.902263597203415
5,67,56.2143995889026
5,68,57.40119683894923
5,69,54.467638579251705
5,70,50.74321791574503
5,71,48.07423114681662
5,72,44.8075742997987
5,73,41.330738130113204
5,74,40.34022669130712
5,75,36.72733760066937
5,76,34.142150904044655
5,77,30.887898387221572
5,78,28.425215987208247
5,79,24.90937707232964
5,80,22.384471875658093
5,81,18.6429076830091
5,82,16.895196569242657
5,83,13.801115294220994
5,84,12.67789275700017
5,85,11.2700703709957
5,86,9.036771480338382
5,87,10.244085591479207
5,88,7.915238077923647
5,89,9.38231747287771
5,90,7.582341935555539
5,91,8.584459141823574
5,92,12.212078850830135
5,93,14.839118218713084
5,94,18.489086916253957
5,95,21.25303704451228
5,96,24.974892494453183
5,97,27.165540009701722
5,98,30.918704860571086
5,99,32.55530340580126
5,100,36.2575548736084
5,101,37.31758232732056
5,102,40.98706846554958
5,103,43.845343866480995
5,104,46.587479813466885
5,105,49.93884087084119
5,106,50.69683767565591
5,107,53.678446807374954
5,108,52.64540971048286
6,1,9.224473420248033
6,2,10.620559899978893
6,3,10.090465419957653
6,4,6.948923221174415
6,5,3.88964658490804
6,7,3.852165848918057
6,8,6.950227349069597
6,9,10.290282602474134
6,10,11.937241592545876
6,11,10.667218734478363
6,12,11.850154143577743
6,13,12.517830811127242
6,14,13.49508684228848
6,15,11.973515382424065
6,16,13.797231312370528
6,17,12.965703123508481
6,18,15.845182268940125
6,19,17.496032031613318
6,20,18.877255899912864
6,21,22.60652052365161
6,22,24.848048736139493
6,23,45.541517779734384
6,24,48.39696773945657
6,25,47.955241625096846
6,26,46.71378930303418
6,27,50.157039610748285
6,28,52.501263447956035
6,29,51.140910121416695
6,30,53.273622383503344
6,31,50.16798821595972
6,32,49.02736105584973
6,33,45.72194347443481
6,34,44.04485425168228
6,35,40.5427703320593
6,36,38.302177430641265
6,37,35.23789973038475
6,38,31.92046445398329
6,39,29.235708028563266
6,40,25.704102267414264
6,41,23.670644180806093
6,42,20.272922886549566
6,43,21.521519280544062
6,44,22.182939590342507
6,45,25.20241323720038
6,46,25.57005718894156
6,47,29.321455281603797
6,48,31.100371007405087
6,49,34.93389466978064
6,50,36.0295600669296
6,51,39.681583285922436
6,52,41.962097342167596
6,53,45.47888276718658
6,54,48.325109699382686
6,55,50.54078322383558
6,56,50.62486838728054
6,57,53.38703909073879
6,58,53.932626180156845
6,59,56.36049741537827
6,60,59.76394612763913
6,61,61.740923688462686
6,62,63.520734490803335
6,63,60.12865401896609
6,64,60.328310538155975
6,65,57.80308795753503
6,66,59.170645113520315
6,67,57.49859187647156
6,68,58.4579519405447
6,69,55.42443038895142
6,70,51.77894171683525
6,71,49.147003769858884
6,72,45.773493703675285
6,73,42.27975116388173
6,74,40.95607570379085
6,75,37.34074263768552
6,76,34.489553491814235
6,77,31.14324970057745
6,78,28.644381144123837
6,79,24.984587669399495
6,80,22.890709680218322
6,81,19.20300297504186
6,82,18.14588141278343
6,83,15.438011587127624
6,84,14.816385607375196
6,85,14.213995371949926
6,86,12.381780278380644
6,87,12.989139784180376
6,88,10.040138218248307
6,89,10.072072371813107
6,90,7.674241547878178
6,91,9.865606302067713
6,92,12.878384980129104
6,93,15.288166742541213
6,94,18.5638965828247
6,95,21.745564458447863
6,96,25.356499933596336
6,97,27.964876284899137
6,98,31.71483559560176
6,99,33.50123770413953
6,100,37.219056182137614
6,101,38.07574516844617
6,102,41.83451259088922
6,103,44.736636857808456
6,104,47.27590359683996
6,105,50.67767659318593
6,106,51.35100124580089
6,107,54.32244901949897
6,108,53.42869890335406
7,1,12.597484601008507
7,2,14.397116658304306
7,3,13.816854440330527
7,4,10.429270839875663
7,5,7.2815157165931135
7,6,3.852165848918057
7,8,3.8351800156943474
7,9,6.9934914546071125
7,10,8.264455475861752
7,11,6.836292725815152
7,12,8.366323459195486
7,13,9.49477717384345
7,14,10.188682292670059
7,15,9.107436258967416
7,16,11.291106263415452
7,17,11.15097215506333
7,18,14.563221813402247
7,19,16.64968868604251
7,20,18.689187860817526
7,21,22.406297708717723
7,22,24.942837585900566
7,23,45.24176915968806
7,24,48.122913617127686
7,25,47.44503462837656
7,26,46.38500553914345
7,27,49.95311742705581
7,28,52.07246054998963
7,29,50.53181352674537
7,30,52.58545231005159
7,31,49.53904101952003
7,32,48.64641075683434
7,33,45.49196519944846
7,34,44.11313761611532
7,35,40.67050903818121
7,36,38.680819920601415
7,37,35.80144275380837
7,38,32.463914994506915
7,39,30.094928945275754
7,40,26.648871388587214
7,41,24.984990771779323
7,42,21.40730188983515
7,43,22.02710361387264
7,44,22.355495649575385
7,45,25.31084197660562
7,46,26.192773566103153
7,47,29.822416756867813
7,48,31.21428514657724
7,49,35.01577145266553
7,50,35.92226640713783
7,51,39.43632904575719
7,52,41.80505658563847
7,53,45.17151742504705
7,54,48.22050974703144
7,55,50.29686107167948
7,56,50.18788797479979
7,57,52.811846317399095
7,58,53.28018740083701
7,59,55.8170937281284
7,60,59.10364735058205
7,61,61.09353539021712
7,62,63.06616190334364
7,63,59.78493416741212
7,64,59.98917487175773
7,65,57.41212296805625
7,66,58.57074523815387
7,67,56.830478536265154
7,68,57.54366233996704
7,69,54.47932369211016
7,70,50.91576696914083
7,71,48.41478395688705
7,72,44.91782842322191
7,73,41.48991558073873
7,74,39.90526381390941
7,75,36.27468346985211
7,76,33.270045460854
7,77,29.80829681121469
7,78,27.475178376879935
7,79,23.794804537850034
7,80,22.242792230120912
7,81,18.79348839287895
7,82,18.28259410891812
7,83,16.224954543143493
7,84,15.739109227930136
7,85,15.900238698028723
7,86,14.67030255563627
7,87,15.094211513874162
7,88,12.240051244717046
7,89,11.500575556764513
7,90,8.355140431571256
7,91,10.610748871510365
7,92,12.82193094875151
7,93,14.536334321644045
7,94,17.356158418685727
7,95,20.717062767397625
7,96,24.144187402999776
7,97,27.111358773960212
7,98,30.80014047537322
7,99,32.85379579755558
7,100,36.5857184915838
7,101,37.40205894881507
7,102,41.18773972797276
7,103,44.004843476624714
7,104,46.30149268237439
7,105,49.669851929185754
7,106,50.1535299169683
7,107,53.03496495472381
7,108,52.188667324860525
8,1,15.14973744462664
8,2,17.159247868262884
8,3,16.990186605835977
8,4,13.878123478243639
8,5,10.568393697780957
8,6,6.950227349069597
8,7,3.8351800156943474
8,9,3.849698106174188
8,10,5.334548783285596
8,11,5.791575666954685
8,12,7.6879178942724264
8,13,9.897318141369526
8,14,10.586896901125709
8,15,10.469806830491772
8,16,12.712560656169208
8,17,12.909480565930325
8,18,16.612695025760782
8,19,18.588912208065487
8,20,21.118603492947184
8,21,24.677501302463835
8,22,27.112347130482437
8,23,48.060546170453385
8,24,50.987157676275565
8,25,50.189643601949264
8,26,49.279805080363516
8,27,52.91269502221669
8,28,54.87651065725295
8,29,53.23636171635647
8,30,55.23951465356106
8,31,52.247881598295166
8,32,51.52298188806386
8,33,48.47483351909253
8,34,47.27167845343636
8,35,43.86738466061216
8,36,42.016276408323584
8,37,39.224491937635605
8,38,35.897552391526546
8,39,33.65760065162245
8,40,30.25722549915551
8,41,28.692851080468262
8,42,25.09397333445141
8,43,25.50039866392298
8,44,25.62806909862092
8,45,28.51610386021541
8,46,29.649452374729577
8,47,33.21279427559828
8,48,34.4361901446589
8,49,38.20198627104826
8,50,39.01787053609487
8,51,42.434970002347356
8,52,44.84150952641479
8,53,48.10343786753785
8,54,51.266125889162936
8,55,53.239665471759636
8,56,52.98508943189552
8,57,55.523865274135204
8,58,55.95516827770868
8,59,58.56589537543355
8,60,61.762110197223286
8,61,63.75196083119877
8,62,65.85688318542304
8,63,62.656799312178904
8,64,62.8626956907921
8,65,60.249754851765026
8,66,61.25508399676468
8,67,59.44805219417108
8,68,59.97848751900463
8,69,56.91639037426675
8,70,53.42230145281405
8,71,51.04194605200006
8,72,47.46388212910702
8,73,44.10960166657919
8,74,42.34387667077768
8,75,38.721765216998044
8,76,35.62171613446911
8,77,32.096385714177124
8,78,29.92159037892338
8,79,26.269557509839593
8,80,25.122869794465615
8,81,21.86669152416141
8,82,21.650006670986837
8,83,19.85570460604706
8,84,19.344272517487436
8,85,19.55645116297939
8,86,18.35656802552754
8,87,18.924885361425275
8,88,16.047621237908768
8,89,15.095715182059426
8,90,12.023936180383197
8,91,14.30128373111815
8,92,16.21225559480539
8,93,17.508967675859434
8,94,19.957834289456052
8,95,23.35333670208732
8,96,26.590408307069453
8,97,29.77965973096385
8,98,33.388513028126575
8,99,35.63113541153387
8,100,39.349953614782905
8,101,40.12703111220283
8,102,43.91418316842208
8,103,46.66260498402135
8,104,48.7681343896065
8,105,52.094724196502995
8,106,52.41227852580488
8,107,55.192782750349764
8,108,54.35479075055178
9,1,17.613798663927543
9,2,20.125867219954216
9,3,20.29685643648719
9,4,17.0708386585837
9,5,14.068347545381972
9,6,10.290282602474134
9,7,6.9934914546071125
9,8,3.849698106174188
9,10,3.8879151179044813
9,11,5.388862837878686
9,12,8.338276309227863
9,13,11.003149070438084
9,14,10.660401084362844
9,15,10.727273482349654
9,16,12.32767540239784
9,17,12.583645664923433
9,18,16.34096485081279
9,19,18.110405553801517
9,20,21.1338084431878
9,21,24.419839332934753
9,22,26.77775164264702
9,23,48.392929395090384
9,24,51.42813889360117
9,25,50.57118195152147
9,26,49.939848187162916
9,27,53.62776769987682
9,28,55.37370511158966
9,29,53.717657721762514
9,30,55.769799754774986
9,31,52.93581403296984
9,32,52.32750442173033
9,33,49.43799221940037
9,34,48.43555736758386
9,35,45.033024848474334
9,36,43.46366246893216
9,37,40.73534945599327
9,38,37.5471075039648
9,39,35.460243983524286
9,40,32.241531828953015
9,41,30.74701853356475
9,42,27.21632854593991
9,43,27.19631285922245
9,44,26.83879632934139
9,45,29.5769301357164
9,46,31.13104295343386
9,47,34.56794978737576
9,48,35.622125948397056
9,49,39.31831203824518
9,50,40.18262402364228
9,51,43.482361457843886
9,52,46.06591906543814
9,53,49.197987871413844
9,54,52.47033228308091
9,55,54.438341031207734
9,56,54.15622721286364
9,57,56.49697956454463
9,58,56.72689020217827
9,59,59.30899509906594
9,60,62.36538540437698
9,61,64.23484820147067
9,62,66.52056583702884
9,63,63.439769682290866
9,64,63.7832228804935
9,65,61.24146318450253
9,66,62.14275181358179
9,67,60.405797082654765
9,68,60.7275632155878
9,69,57.57908060720873
9,70,54.204018965938715
9,71,51.85528140001124
9,72,48.24611768524095
9,73,44.9104321648141
9,74,42.85535818819806
9,75,39.32689786911077
9,76,36.04028760490277
9,77,32.5670180411538
9,78,30.393636382300485
9,79,26.771047352183018
9,80,26.06283410910937
9,81,23.05539803408669
9,82,23.426765573718193
9,83,21.99097394015924
9,84,21.920700759517015
9,85,22.598705336731836
9,86,21.591353827740548
9,87,21.733009114014845
9,88,18.685359211658596
9,89,17.07856546206134
9,90,14.195715669525384
9,91,16.788242184441074
9,92,18.052799089045976
9,93,19.10104224077579
9,94,20.960660482387997
9,95,24.500652284179033
9,96,27.448642187440033
9,97,30.86121174520211
9,98,34.340393131708865
9,99,36.59747111304458
9,100,40.22514545967361
9,101,40.756701246210106
9,102,44.55449622916825
9,103,47.32348534355873
9,104,49.21704086732377
9,105,52.563803450212156
9,106,52.839115379296395
9,107,55.60572559577331
9,108,54.95494782642793
10,1,20.31369680867632
10,2,22.391689140825886
10,3,21.97565761585382
10,4,18.67423212996943
10,5,15.30567737986545
10,6,11.937241592545876
10,7,8.264455475861752
10,8,5.334548783285596
10,9,3.8879151179044813
10,11,3.891840350610384
10,12,5.4684562941697745
10,13,8.462031335389161
10,14,8.64254277452016
10,15,10.046420262867072
10,16,12.450506905464165
10,17,13.82031859558506
10,18,17.599311390372062
10,19,19.976660757615733
10,20,23.02142243741094
10,21,26.37048725802138
10,22,29.087463266355517
10,23,48.58751739715581
10,24,51.462724287777704
10,25,50.33112036834263
10,26,49.624055434518226
10,27,53.36824652315568
10,28,55.026723767529404
10,29,53.13144462007752
10,30,54.95669747307509
10,31,52.05183011756789
10,32,51.69226064705411
10,33,48.877689812004505
10,34,48.08039057683667
10,35,44.834522309564925
10,36,43.28994979042998
10,37,40.80510904012695
10,38,37.48839203735291
10,39,35.68816217266528
10,40,32.444106528560134
10,41,31.370431942838323
10,42,27.6737087939791
10,43,27.443047245307294
10,44,27.30336151297415
10,45,30.000109946308488
10,46,31.623779736750993
10,47,34.936623015681064
10,48,35.63706163811843
10,49,39.26197082603584
10,50,39.756497034270005
10,51,42.91574281796436
10,52,45.334433652413715
10,53,48.34337565763956
10,54,51.722793155805675
10,55,53.44758371162426
10,56,52.899972829316454
10,57,55.25193677701671
10,58,55.628674017733864
10,59,58.389322419508495
10,60,61.40617042159922
10,61,63.43758457751062
10,62,65.76414612628264
10,63,62.733608719461486
10,64,62.89300143984063
10,65,60.201956385077
10,66,60.89574096168008
10,67,58.97281206148694
10,68,59.168804472035546
10,69,56.1330850277112
10,70,52.785360332443354
10,71,50.651656674919515
10,72,46.95401802716826
10,73,43.77887461566047
10,74,41.73940545929564
10,75,38.1648922661533
10,76,34.98990184104702
10,77,31.40210485209041
10,78,29.61952839496262
10,79,26.15228520813923
10,80,25.777023082558042
10,81,23.040205643032923
10,82,23.354157502881158
10,83,22.349951004156367
10,84,21.868160413793056
10,85,22.695860977628875
10,86,22.061574038564714
10,87,22.57225402153165
10,88,19.98396768424722
10,89,18.701564401680315
10,90,15.343151377853314
10,91,17.20520382848354
10,92,18.248555214368807
10,93,18.557758989772537
10,94,20.217471782011398
10,95,23.48405008604488
10,96,26.276169554943063
10,97,29.76568310553442
10,98,33.1494300455949
10,99,35.725268001221224
10,100,39.37501756601251
10,101,40.15600460979414
10,102,43.88000126829262
10,103,46.419893651881495
10,104,48.16195848058328
10,105,51.36104711397047
10,106,51.36804880268815
10,107,53.95132391150542
10,108,53.1334885969971
11,1,19.06657005873682
11,2,21.13145406586117
11,3,20.375238037741095
11,4,16.78731934724844
11,5,13.732878524424494
11,6,10.667218734478363
11,7,6.836292725815152
11,8,5.791575666954685
11,9,5.388862837878686
11,10,3.891840350610384
11,12,3.7715106021278753
11,13,5.992208406993299
11,14,5.306094971915482
11,15,6.166896297087304
11,16,8.794855278312298
11,17,10.504903637040002
11,18,14.217644054830913
11,19,16.950931005448616
11,20,19.84688291564223
11,21,23.27069805343157
11,22,26.234972400777185
11,23,44.76539815540681
11,24,47.618937009271946
11,25,46.507863974674436
11,26,45.766071517425054
11,27,49.501620062960946
11,28,51.19615431685327
11,29,49.33560125964639
11,30,51.20098516248202
11,31,48.29150792099761
11,32,47.866909034304896
11,33,45.031176642198524
11,34,44.20966526900797
11,35,40.951674730083376
11,36,39.43342266839961
11,37,36.95912611214973
11,38,33.6709805315506
11,39,31.926527984460193
11,40,28.748480625478805
11,41,27.77711117925946
11,42,24.093570968820003
11,43,23.678062135411512
11,44,23.480790477051144
11,45,26.1520508276235
11,46,27.83307441914306
11,47,31.098967067793723
11,48,31.75406968279028
11,49,35.37315433443587
11,50,35.891897429122984
11,51,39.06729045535622
11,52,41.5248294347146
11,53,44.55720356488758
11,54,47.91739011104384
11,55,49.70484681149493
11,56,49.245210946612396
11,57,51.59019473066295
11,58,51.925440664412065
11,59,54.637229834156486
11,60,57.6823348704467
11,61,59.69108013167881
11,62,61.98377939048313
11,63,58.92929730329994
11,64,59.123840035262496
11,65,56.47233963984983
11,66,57.24019839922942
11,67,55.38940313510253
11,68,55.653543648453585
11,69,52.57262203490728
11,70,49.19982802512626
11,71,46.977880332070725
11,72,43.31207119384656
11,73,40.07499803024206
11,74,38.058357122738045
11,75,34.48156049067762
11,76,31.291995287100942
11,77,27.724619619187415
11,78,25.830752523384756
11,79,22.322780551715972
11,80,21.889047588806516
11,81,19.170873532238563
11,82,19.607899614174528
11,83,18.80042145662009
11,84,18.54274374380084
11,85,19.776803127073602
11,86,19.438768539034868
11,87,19.603115963916725
11,88,17.156400341231546
11,89,15.697372818015223
11,90,12.252730922414445
11,91,13.961016376934705
11,92,14.593973043206146
11,93,14.800657842027798
11,94,16.378498495608476
11,95,19.725768336690575
11,96,22.55778101908813
11,97,26.033249048655218
11,98,29.449272493058
11,99,31.932846000848134
11,100,35.582367098246856
11,101,36.33113126520004
11,102,40.07089788324891
11,103,42.662792896261614
11,104,44.479412614162484
11,105,47.7273454531911
11,106,47.84896816202746
11,107,50.524644903983415
11,108,49.767567526303125
12,1,20.85382886822664
12,2,22.333460861918915
12,3,21.011480230135344
12,4,17.57328009984633
12,5,14.231714431211534
12,6,11.850154143577743
12,7,8.366323459195486
12,8,7.6879178942724264
12,9,8.338276309227863
12,10,5.4684562941697745
12,11,3.7715106021278753
12,13,3.034292168905216
12,14,4.654909226208573
12,15,7.181100448554039
12,16,10.667471689252755
12,17,13.069089341568926
12,18,16.542943702025674
12,19,19.667745612154395
12,20,22.289260435565648
12,21,25.798026468790162
12,22,28.98192668839995
12,23,45.37295986084767
12,24,48.01577288850602
12,25,46.69446104352491
12,26,45.744125705711944
12,27,49.48664164161792
12,28,51.20738664432045
12,29,49.1436885691464
12,30,50.767723727344745
12,31,47.71818938779017
12,32,47.46627652057633
12,33,44.62718590184508
12,34,43.893811247926024
12,35,40.79619900161214
12,36,39.15893724519708
12,37,36.89291534505872
12,38,33.434089147902256
12,39,31.892081766322683
12,40,28.625159758737933
12,41,28.02274441836068
12,42,24.20566820608759
12,43,23.827700369396343
12,44,24.101488114049587
12,45,26.766846599917073
12,46,28.26387023721974
12,47,31.442819229722282
12,48,31.853736838443023
12,49,35.412110425529384
12,50,35.552486292525046
12,51,38.63915304115606
12,52,40.83226826435425
12,53,43.80632710445939
12,54,47.19888311746059
12,55,48.754013035471615
12,56,48.05551065733403
12,57,50.5142125993961
12,58,51.096033418808425
12,59,53.98441504309475
12,60,57.05896651969031
12,61,59.27473699633015
12,62,61.50696918136425
12,63,58.443392777929354
12,64,58.39596705091324
12,65,55.572485872142835
12,66,56.19865687375086
12,67,54.13601151774922
12,68,54.39101906005255
12,69,51.46881274522685
12,70,48.06431729887001
12,71,46.03731404781358
12,72,42.31217584074834
12,73,39.23162716626725
12,74,37.39626986402718
12,75,33.740325025284754
12,76,30.784800452932778
12,77,27.10131347463124
12,78,25.621160653086086
12,79,22.304158719505313
12,80,21.96574822896254
12,81,19.439459903229174
12,82,19.47621918773449
12,83,18.928880394201965
12,84,18.008132477947566
12,85,19.115337244259194
12,86,19.066862002027076
12,87,19.813100564499003
12,88,17.95939246679011
12,89,17.16241470496756
12,90,13.418550324754309
12,91,14.14483393479663
12,92,14.867963282310706
12,93,14.396721432048667
12,94,16.061075525009215
12,95,18.94898035623344
12,96,21.74985801226898
12,97,25.142750237361817
12,98,28.511270536341218
12,99,31.293320919314674
12,100,34.99310923079001
12,101,36.11084195516067
12,102,39.75338289067822
12,103,42.105022825307124
12,104,43.88351124947505
12,105,46.96977786581345
12,106,46.85638114454073
12,107,49.357147016772245
12,108,48.337701759984505
13,1,21.34769085231598
13,2,22.5213539943874
13,3,20.749512429287638
13,4,17.303577347573
13,5,14.206636990546997
13,6,12.517830811127242
13,7,9.49477717384345
13,8,9.897318141369526
13,9,11.003149070438084
13,10,8.462031335389161
13,11,5.992208406993299
13,12,3.034292168905216
13,14,3.7943987684494456
13,15,6.470551589820417
13,16,10.218724691542565
13,17,13.013168953513457
13,18,16.105871580375016
13,19,19.535333403542946
13,20,21.835644517430925
13,21,25.35947734183247
13,22,28.749234134047594
13,23,43.3076100889887
13,24,45.82085950716775
13,25,44.41831320638101
13,26,43.333855148905265
13,27,47.06316772722487
13,28,48.82630164319804
13,29,46.69409807536194
13,30,48.22545675167232
13,31,45.10317921267392
13,32,44.88494761906328
13,33,42.02817871740432
13,34,41.315762585067304
13,35,38.2971537985824
13,36,36.61454405360345
13,37,34.46894543666144
13,38,30.95197767209564
13,39,29.563421721281983
13,40,26.315325376259892
13,41,25.99535966631128
13,42,22.155277878209137
13,43,21.66587184260567
13,44,22.16816662971347
13,45,24.781713186058226
13,46,26.19650897836829
13,47,29.27151386005583
13,48,29.521380924461457
13,49,33.02823409235444
13,50,32.987725603195
13,51,36.036148711449805
13,52,38.1126501446027
13,53,41.07495402832152
13,54,44.46172218238568
13,55,45.94661449932028
13,56,45.19616399163114
13,57,47.71145611818999
13,58,48.39023114094297
13,59,51.326884279340156
13,60,54.43766890020416
13,61,56.73748255152884
13,62,58.90844998323561
13,63,55.82243804770101
13,64,55.680008996390875
13,65,52.80196278936158
13,66,53.416721881040445
13,67,51.3027336336623
13,68,51.61050268490469
13,69,48.737376081675265
13,70,45.29721197523013
13,71,43.302089662996984
13,72,39.5763732991294
13,73,36.53242029627759
13,74,34.82245066831089
13,75,31.129675932822963
13,76,28.30546080314677
13,77,24.5908821583532
13,78,23.26148795474762
13,79,20.051366595505538
13,80,19.707611947129767
13,81,17.34114482419371
13,82,17.22027103775952
13,83,16.999098117536533
13,84,15.873873491085636
13,85,17.222852076444273
13,86,17.58426981962059
13,87,18.367877845459436
13,88,17.007045318399904
13,89,16.47204541153143
13,90,12.696117190636318
13,91,12.658119576468025
13,92,13.061483766362718
13,93,12.056101511603332
13,94,13.688182450558198
13,95,16.303908611699175
13,96,19.112864988324297
13,97,22.419084792757545
13,98,25.78155747909692
13,99,28.645073171880547
13,100,32.364200099475006
13,101,33.65502957486262
13,102,37.247897519339524
13,103,39.510766530184384
13,104,41.32994020064063
13,105,44.36626823056893
13,106,44.223532679488784
13,107,46.704269382151935
13,108,45.595044626119886
14,1,21.704046103808704
14,2,23.398351602800467
14,3,21.940658293126873
14,4,18.2403179063491
14,5,15.576689432404637
14,6,13.49508684228848
14,7,10.188682292670059
14,8,10.586896901125709
14,9,10.660401084362844
14,10,8.64254277452016
14,11,5.306094971915482
14,12,4.654909226208573
14,13,3.7943987684494456
14,15,3.7528082854994063
14,16,7.026076188538596
14,17,10.265992484284249
14,18,13.25474893036638
14,19,16.72662219248607
14,20,19.313262429953145
14,21,22.632288587225148
14,22,26.078061032053945
14,23,41.03394554570504
14,24,43.69414592037972
14,25,42.31799285333983
14,26,41.511504186123744
14,27,45.28566365126723
14,28,46.88436317423545
14,29,44.82396992799292
14,30,46.50683726431364
14,31,43.55817510593233
14,32,43.336743542671485
14,33,40.598683517367796
14,34,40.00960345062948
14,35,36.92656078678631
14,36,35.54250188887524
14,37,33.38356072051959
14,38,30.06946736189008
14,39,28.774511334039858
14,40,25.76732104577042
14,41,25.428536036565124
14,42,21.728584041193827
14,43,20.742105962016982
14,44,20.612413648109516
14,45,23.07660916736626
14,46,24.95645918751263
14,47,27.91858973350182
14,48,28.07388307682395
14,49,31.539915847450487
14,50,31.689116414140027
14,51,34.67976775579792
14,52,37.032068701436756
14,53,39.91998998264663
14,54,43.377134527442394
14,55,44.98272654191525
14,56,44.35420484916485
14,57,46.65483801907696
14,58,47.04777329032441
14,59,49.86978745571245
14,60,52.87528280175392
14,61,54.992846322115014
14,62,57.31450976109275
14,63,54.31166088402048
14,64,54.38971745423799
14,65,51.65574147349342
14,66,52.28217798143477
14,67,50.34946276472544
14,68,50.52840596364823
14,69,47.49318167212023
14,70,44.14682850975456
14,71,42.04874379980748
14,72,38.33406666660383
14,73,35.2041470990667
14,74,33.182890782116644
14,75,29.588798542916006
14,76,26.487126989664755
14,77,22.852852994341916
14,78,21.29571414229887
14,79,17.994934748269706
14,80,18.01577302081662
14,81,15.844201469911708
14,82,16.520631897258077
14,83,16.65205580527226
14,84,16.36024744678196
14,85,18.3402214341812
14,86,18.828266553605147
14,87,18.8311744314133
14,88,17.17370752087561
14,89,15.842010318980565
14,90,12.346229555517235
14,91,12.867919919055181
14,92,12.397403653509226
14,93,11.342292550057161
14,94,12.200872918603249
14,95,15.21476497847307
14,96,17.76689517321023
14,97,21.32844532074129
14,98,24.610724295326794
14,99,27.31858487410793
14,100,30.94389713191664
14,101,31.86941528427629
14,102,35.52556273570524
14,103,37.92874399629986
14,104,39.63023436762095
14,105,42.77920332514071
14,106,42.757693641932974
14,107,45.35375074650805
14,108,44.539606308158554
15,1,19.205561808279615
15,2,21.132884044242704
15,3,19.851406728567895
15,4,16.040791553458334
15,5,13.962772199854872
15,6,11.973515382424065
15,7,9.107436258967416
15,8,10.469806830491772
15,9,10.727273482349654
15,10,10.046420262867072
15,11,6.166896297087304
15,12,7.181100448554039
15,13,6.470551589820417
15,14,3.7528082854994063
15,16,3.7995501084493153
15,17,6.723787082585393
15,18,9.692951020859457
15,19,13.169008548957368
15,20,15.627063013659052
15,21,19.031370388666062
15,22,22.453916567015494
15,23,38.66919749004597
15,24,41.48047866995929
15,25,40.373168436355506
15,26,39.606743219468996
15,27,43.33807244091581
15,28,45.05412804727876
15,29,43.23755255835673
15,30,45.16732761592463
15,31,42.27483009123668
15,32,41.767063968045505
15,33,38.92896411449779
15,34,38.117359478541395
15,35,34.85443436578228
15,36,33.45034337684559
15,37,31.041053316987885
15,38,27.84051399190901
15,39,26.286275655774915
15,40,23.315109719880525
15,41,22.640305107407716
15,42,19.04990767488342
15,43,18.089055427559103
15,44,17.67013389102535
15,45,20.220796848447094
15,46,22.12038721203199
15,47,25.220669056100366
15,48,25.70040410286489
15,49,29.2769287133134
15,50,29.818447415402808
15,51,32.984812382627396
15,52,35.536582914733245
15,53,38.57410769142374
15,54,41.92123199956727
15,55,43.805798671503226
15,56,43.49011507591249
15,57,45.78065989850302
15,58,46.01099650886713
15,59,48.63572193471298
15,60,51.70293001390513
15,61,53.6598895991131
15,62,55.92248691087675
15,63,52.85051153396902
15,64,53.11981410752548
15,65,50.546097539132376
15,66,51.41692762383597
15,67,49.7032572219392
15,68,50.047718776108006
15,69,46.88167689246414
15,70,43.49289738226573
15,71,41.12842417188427
15,72,37.52132265012774
15,73,34.186440347997454
15,74,32.167789605626226
15,75,28.612974308894202
15,76,25.378128970412405
15,77,21.875177323641324
15,78,19.77417693809999
15,79,16.206266406535693
15,80,15.770529689062368
15,81,13.220459238397266
15,82,14.122445097991518
15,83,13.985154953967866
15,84,14.35393862752276
15,85,16.556174986665557
15,86,16.93783036595128
15,87,16.30247232396543
15,88,14.362270498311135
15,89,12.548418814246562
15,90,9.354204338587358
15,91,10.395999737323157
15,92,9.627081967039093
15,93,9.336338835967382
15,94,10.406087401814855
15,95,13.935423026469358
15,96,16.74282813322648
15,97,20.211649797585707
15,98,23.638849428928552
15,99,25.940674854768904
15,100,29.562351278642545
15,101,30.216782244273393
15,102,33.97846457015362
15,103,36.65435874118545
15,104,38.56317318605033
15,105,41.89113741746793
15,106,42.205022762360194
15,107,45.03278679094895
15,108,44.41502344767742
16,1,19.611849656083848
16,2,21.955046625434246
16,3,21.034324142277146
16,4,17.218452232042807
16,5,15.822210336033072
16,6,13.797231312370528
16,7,11.291106263415452
16,8,12.712560656169208
16,9,12.32767540239784
16,10,12.450506905464165
16,11,8.794855278312298
16,12,10.667471689252755
16,13,10.218724691542565
16,14,7.026076188538596
16,15,3.7995501084493153
16,17,3.8271394353006913
16,18,6.315858030787715
16,19,9.813770972774037
16,20,12.53238682504324
16,21,15.688649822093359
16,22,19.146905310078086
16,23,36.26784268636523
16,24,39.260554193474384
16,25,38.306034348070995
16,26,37.81091460024783
16,27,41.53046256117223
16,28,43.141066839602544
16,29,41.50664093425539
16,30,43.6563381645747
16,31,40.96104014336358
16,32,40.33409521931438
16,33,37.58516393509975
16,34,36.794843459869504
16,35,33.43918634994029
16,36,32.31028806718702
16,37,29.821509960935746
16,38,26.916683642300622
16,39,25.372774061008098
16,40,22.723825517506114
16,41,21.911105391553253
16,42,18.65182816457468
16,43,17.279498825009256
16,44,16.09115072536371
16,45,18.428959513971066
16,46,20.74508554457221
16,47,23.714446316362125
16,48,24.24458374644146
16,49,27.758783856482676
16,50,28.637504719258146
16,51,31.773653269605013
16,52,34.60944400516443
16,53,37.60521585293411
16,54,40.92796596180765
16,55,43.00733748118805
16,56,42.920202539655705
16,57,45.009003568461495
16,58,44.93544526235032
16,59,47.36215455840054
16,60,50.34555768455522
16,61,52.071600009107506
16,62,54.42324737172544
16,63,51.40985430913749
16,64,51.939245858734544
16,65,49.56687160010018
16,66,50.53919422064833
16,67,49.07296423966269
16,68,49.37646939531326
16,69,46.05279975393993
16,70,42.75565660984323
16,71,40.22299007604815
16,72,36.713936258647195
16,73,33.27038970529157
16,74,31.02019328190969
16,75,27.638554713427038
