1,2,3.906649069022397
1,3,6.759034997704949
1,4,10.112997172961238
1,5,12.437664075366301
1,6,15.967160866523203
1,7,16.932805763635123
1,8,15.292400320808193
1,9,15.539030274087317
1,10,15.322166727076759
1,11,16.700806424730313
1,12,15.195064453000699
1,13,16.87369711569486
1,14,15.911538881269204
1,15,17.805542795738496
1,16,19.40219132983735
1,17,19.69838870376916
1,18,23.30025681218683
1,19,25.29472668953813
1,20,27.665755016883956
1,21,44.372348043666676
1,22,45.112126169950926
1,23,43.7504947361382
1,24,46.79066232853021
1,25,49.53488557479076
1,26,48.819838763411155
1,27,51.32323119767951
1,28,48.33001006934693
1,29,46.55766002570438
1,30,43.05890833524342
1,31,40.84975896342479
1,32,37.22792499227548
1,33,34.73841408232188
1,34,31.38340579860954
1,35,28.264494102907122
1,36,25.113515782187616
1,37,21.58789825584717
1,38,19.01840499545988
1,39,16.132970848334487
1,40,18.300853967768354
1,41,19.53677291774829
1,42,22.505637019569864
1,43,21.900943814424362
1,44,25.703217606528675
1,45,28.027544980706327
1,46,31.7692819959608
1,47,33.387264806242584
1,48,37.22079168208106
1,49,39.633501687498466
1,50,43.383118130283805
1,51,45.75088592922089
1,52,48.436924335960384
1,53,49.209945672666905
1,54,51.96929394707097
1,55,52.36044689615184
1,56,54.31728812948876
1,57,57.85138234678076
1,58,59.525326306373096
1,59,60.93637143936934
1,60,57.410250288097814
1,61,57.865262516449086
1,62,55.702178696905506
1,63,57.624098846320734
1,64,56.35248625682117
1,65,57.85275349339831
1,66,54.78046455224501
1,67,51.086216759558745
1,68,47.99208199190747
1,69,45.03210617860026
1,70,41.272592137085496
1,71,40.077867851155524
1,72,36.51415514248148
1,73,33.84558092382808
1,74,30.767510526830826
1,75,28.02108934809651
1,76,24.565434580947844
1,77,21.6558914617283
1,78,17.885261099561795
1,79,15.903804535149726
1,80,12.485683002418922
1,81,11.318893107253178
1,82,9.33348137101324
1,83,6.6980581925757585
1,84,8.023349881687666
1,85,6.2905454150098326
1,86,8.820247322411737
1,87,7.905300379082109
1,88,8.130511595829413
1,89,11.919011318240806
1,90,14.885298904387446
1,91,18.586650412364815
1,92,21.168607095495627
1,93,24.90536368025734
1,94,26.945365290065027
1,95,30.709195920892306
1,96,31.99803724924193
1,97,35.59261619710972
1,98,36.315397754226
1,99,39.945535656299874
1,100,43.21043260923787
1,101,46.20307535729734
1,102,49.816172754889124
1,103,51.123440952671785
1,104,54.48361773178836
1,105,53.761216130059985
2,1,3.906649069022397
2,3,3.834116829885839
2,4,7.175375196097998
2,5,9.050591283031547
2,6,12.642409139051487
2,7,13.198406861107518
2,8,11.687666755701335
2,9,11.756869792867981
2,10,11.79237650115785
2,11,13.398624340439534
2,12,12.433217412463867
2,13,14.591842529219116
2,14,14.178513199381943
2,15,16.739650485500434
2,16,18.785066497472336
2,17,19.7954895899148
2,18,23.561236812108874
2,19,25.919536126882846
2,20,28.456532499034306
2,21,45.38021515513464
2,22,45.8562153988623
2,23,44.65743862772721
2,24,47.87689229500381
2,25,50.42494032089171
2,26,49.49205047324613
2,27,51.922789350438585
2,28,48.93102385227366
2,29,47.41442079349873
2,30,44.0138230418473
2,31,42.08706591550502
2,32,38.48525326925076
2,33,36.187617438207816
2,34,32.9893138839761
2,35,29.748016115488834
2,36,26.884486332496998
2,37,23.30770411413674
2,38,21.132769648020837
2,39,17.851756509025584
2,40,19.41134337534504
2,41,20.3851484260759
2,42,23.42495975946224
2,43,23.373368956071907
2,44,27.16013755370594
2,45,29.09723135623503
2,46,32.89250165822883
2,47,34.29553372344107
2,48,38.051254939596305
2,49,40.54778168211345
2,50,44.20748016431795
2,51,46.82410710475044
2,52,49.36390467307361
2,53,49.902214245475356
2,54,52.58962807637555
2,55,52.9541262420096
2,56,55.068753842731766
2,57,58.527023928756854
2,58,60.25144010257217
2,59,61.87031378749889
2,60,58.425203094679524
2,61,58.85499160659994
2,62,56.588749874956115
2,63,58.29739177457168
2,64,56.89989372313547
2,65,58.16530061529371
2,66,55.056074850774344
2,67,51.39087217683429
2,68,48.42272165872353
2,69,45.27832312645108
2,70,41.547083555174574
2,71,40.08370663683387
2,72,36.414578755892784
2,73,33.55020550401864
2,74,30.25472295023102
2,75,27.647622859943546
2,76,24.058996194912215
2,77,21.611950666597206
2,78,17.867780402957976
2,79,16.30858300942518
2,80,13.393049571171773
2,81,12.063171552965203
2,82,10.820418550001067
2,83,8.909783826988171
2,84,10.352248912616703
2,85,8.355829002395286
2,86,9.789260709420581
2,87,7.373340143315338
2,88,7.95548065324174
2,89,11.576358826613948
2,90,13.996965301936111
2,91,17.614430198369572
2,92,20.528958940104367
2,93,24.303715284587238
2,94,26.793973775707514
2,95,30.602019243759806
2,96,32.255891622427356
2,97,35.95454591163552
2,98,36.693639312264835
2,99,40.41462430744059
2,100,43.62086322583169
2,101,46.40456053314095
2,102,50.01613903544071
2,103,51.105850010188874
2,104,54.39069478251523
2,105,53.659164620677615
3,1,6.759034997704949
3,2,3.834116829885839
3,4,3.7748683695702345
3,5,5.723163917861801
3,6,9.221642343272155
3,7,10.523872438476307
3,8,9.40275784980842
3,9,10.520566539037867
3,10,11.425951918744643
3,11,12.405928518817724
3,12,11.373682089470385
3,13,13.133494381154117
3,14,12.343129326235761
3,15,15.296790430900096
3,16,17.064951307957244
3,17,18.64471387522204
3,18,22.37152367542413
3,19,24.67287904193546
3,20,27.553918490379942
3,21,46.06649416695467
3,22,46.56496070142564
3,23,45.67035787546488
3,24,48.93757256652689
3,25,51.30384737584055
3,26,50.42917128916154
3,27,52.98626284350652
3,28,50.155917756032785
3,29,48.67959756469197
3,30,45.40688936471281
3,31,43.62330645542177
3,32,39.957376978142484
3,33,37.93470614763544
3,34,34.72092918323024
3,35,31.637457068799396
3,36,28.823579950859674
3,37,25.425963325726766
3,38,23.200110097979586
3,39,19.980612269658895
3,40,21.064251266849897
3,41,21.381262931873195
3,42,24.363370251090874
3,43,24.796837503609677
3,44,28.54647792786031
3,45,30.440810458443707
3,46,34.23044217934494
3,47,35.808004088238405
3,48,39.506378747352485
3,49,42.235710015607935
3,50,45.80984833062597
3,51,48.51677726859403
3,52,51.12455225813047
3,53,51.698062844889
3,54,54.20105206667406
3,55,54.33585140801169
3,56,56.37934296883249
3,57,59.726542158433965
3,58,61.289304265056565
3,59,63.074165469697434
3,60,59.7222233555759
3,61,60.3417835565618
3,62,58.18095498165077
3,63,59.85179921570757
3,64,58.56228087988434
3,65,59.664967801684526
3,66,56.429121040637234
3,67,52.85381944901141
3,68,49.85292865213662
3,69,46.688300090535975
3,70,42.92169463842378
3,71,41.16967987506142
3,72,37.55762296391897
3,73,34.44157823851177
3,74,31.165459055261817
3,75,28.399469499819368
3,76,24.683076308373096
3,77,22.54622194981588
3,78,18.841725786655225
3,79,18.002334735809292
3,80,15.299529241218433
3,81,14.677047018148047
3,82,14.084171292443505
3,83,12.29573270186572
3,84,12.939431349483675
3,85,10.098597418683786
3,86,10.155339620117765
3,87,7.626211710148704
3,88,9.694399979276737
3,89,12.747175650624593
3,90,15.228426105836412
3,91,18.45857333292457
3,92,21.798423983911785
3,93,25.465106444828013
3,94,28.253348028753358
3,95,32.02181535737371
3,96,33.646937219207494
3,97,37.29411270839359
3,98,37.71944780217101
3,99,41.4998920743542
3,100,44.802723850651084
3,101,47.434504079534406
3,102,51.12019516765768
3,103,52.240882163902306
3,104,55.57203898628717
3,105,55.04980774756813
4,1,10.112997172961238
4,2,7.175375196097998
4,3,3.7748683695702345
4,5,3.7820442898647886
4,6,6.258065442388271
4,7,8.03477717342141
4,8,6.5806844309729735
4,9,8.851752905650716
4,10,10.245670949445316
4,11,10.24801645429817
4,12,9.060631459651821
4,13,10.388105864831882
4,14,9.592818221581847
4,15,12.94394113279786
4,16,14.776141971841827
4,17,16.98770065986851
4,18,20.650222879913784
4,19,23.14190165341311
4,20,26.147206478323618
4,21,45.22332452297987
4,22,45.60282607319491
4,23,44.99063180853745
4,24,48.34666969087546
4,25,50.48271539124737
4,26,49.55695337711562
4,27,52.1565868324091
4,28,49.46478575745469
4,29,48.13038991367103
4,30,45.01977679699109
4,31,43.482162323552465
4,32,39.81730528348883
4,33,38.11028421991774
4,34,35.005012252820116
4,35,32.029434073668405
4,36,29.444899787755926
4,37,26.234480869323143
4,38,24.233574479078342
4,39,20.975312769321885
4,40,21.400439784725993
4,41,21.13663809540686
4,42,24.004634106373633
4,43,25.01438315339889
4,44,28.632002176997258
4,45,30.267872646251014
4,46,34.01031508440605
4,47,35.5983622839644
4,48,39.1746266771267
4,49,42.08957968021028
4,50,45.528593950964485
4,51,48.382871891933526
4,52,50.97026313823153
4,53,51.48818866879613
4,54,53.79625755795441
4,55,53.73555333227682
4,56,55.771026139691934
4,57,58.988101661350086
4,58,60.446458219304965
4,59,62.42848214504703
4,60,59.1947816781169
4,61,59.94170259797441
4,62,57.83328060847482
4,63,59.38788314411422
4,64,58.153531422995066
4,65,59.042986764812426
4,66,55.70705793451867
4,67,52.23512507814799
4,68,49.265254061358384
4,69,46.05091958317024
4,70,42.29582609410594
4,71,40.24852489864991
4,72,36.69221077440326
4,73,33.3615374152877
4,74,30.096619556901754
4,75,27.292317870135516
4,76,23.528481566137124
4,77,21.844409174827053
4,78,18.338889554472104
4,79,18.245972509965416
4,80,16.058321753314708
4,81,15.991451507015515
4,82,16.23577319013837
4,83,14.906766610000297
4,84,14.92999688702329
4,85,11.849325355333836
4,86,10.69681845310038
4,87,7.898601401790881
4,88,10.621274277816818
4,89,12.751711671998173
4,90,14.913705198866067
4,91,17.596808129127098
4,92,21.23677703782709
4,93,24.70721563874075
4,94,27.78939483275618
4,95,31.464210082815775
4,96,33.14075765110852
4,97,36.728980115533794
4,98,36.914720362690275
4,99,40.729538822046415
4,100,44.052065433095905
4,101,46.4755903527367
4,102,50.19159164618917
4,103,51.265857274622746
4,104,54.596447235472816
4,105,54.252844204312254
5,1,12.437664075366301
5,2,9.050591283031547
5,3,5.723163917861801
5,4,3.7820442898647886
5,6,3.766278639327667
5,7,5.3451464322625535
5,8,5.878103377656931
5,9,7.898125264384133
5,10,10.163872752176056
5,11,10.728004554945628
5,12,10.801821083893959
5,13,12.553619464711467
5,14,12.359034437745064
5,15,15.967348832124145
5,16,17.812644989664918
5,17,20.360486260767633
5,18,23.929680142686138
5,19,26.3996659463638
5,20,29.51617481019258
5,21,48.68453662800236
5,22,48.94027065315503
5,23,48.37258301635294
5,24,51.78842017199863
5,25,53.84758845694692
5,26,52.80652206424196
5,27,55.33020305687601
5,28,52.61841663762533
5,29,51.42436432684163
5,30,48.34956400185501
5,31,46.91631954996716
5,32,43.291315638931266
5,33,41.59378583972488
5,34,38.55837657525242
5,35,35.50208149396432
5,36,32.99586694103694
5,37,29.711073961295916
5,38,27.804393227977855
5,39,24.447344358613513
5,40,24.884913629786716
5,41,24.708524266350814
5,42,27.57451494678574
5,43,28.645592598324875
5,44,32.24980395485133
5,45,33.752154594005994
5,46,37.4914340589905
5,47,38.92775914214141
5,48,42.45710230216849
5,49,45.3285148487422
5,50,48.728029423712556
5,51,51.675439660242546
5,52,54.1515714014591
5,53,54.51359080304009
5,54,56.83162422518265
5,55,56.82416873456464
5,56,58.963629434684435
5,57,62.149266804022645
5,58,63.66235917880843
5,59,65.72204114674372
5,60,62.522204703943736
5,61,63.20985268848262
5,62,61.02108306372913
5,63,62.45318967700706
5,64,61.10551090008931
5,65,61.88426523391355
5,66,58.57809869989376
5,67,55.11590015187084
5,68,52.258281904058094
5,69,48.94586470569166
5,70,45.24885922649476
5,71,43.11814822490805
5,72,39.5084193265232
5,73,36.14663986612721
5,74,32.76504337274287
5,75,30.161165105539396
5,76,26.421488449038073
5,77,25.0093183016023
5,78,21.604488869701278
5,79,21.48599547938693
5,80,19.432792793617296
5,81,18.962273889973854
5,82,18.962832705983462
5,83,17.586933639889775
5,84,18.163604570838647
5,85,15.275771797443458
5,86,14.435812109473142
5,87,11.520441629102603
5,88,13.82447573621629
5,89,16.00746235297972
5,90,17.701612625331528
5,91,20.299821723817814
5,92,23.912619526263864
5,93,27.347346270373766
5,94,30.59306006883769
5,95,34.253122807031616
5,96,36.165448356743426
5,97,39.797053378585524
5,98,40.071132622763514
5,99,43.893193055787485
5,100,47.13344995233609
5,101,49.441631174399966
5,102,53.114528486293594
5,103,54.01825102638342
5,104,57.25747013601075
5,105,56.84009755627944
6,1,15.967160866523203
6,2,12.642409139051487
6,3,9.221642343272155
6,4,6.258065442388271
6,5,3.766278639327667
6,7,3.831248246594794
6,8,5.424028912809453
6,9,8.380752445667476
6,10,11.084325344028636
6,11,10.728561898331712
6,12,11.055271403868034
6,13,12.21368170320732
6,14,12.153928425068463
6,15,15.821725602889687
6,16,17.504278581157344
6,17,20.5581236500569
6,18,23.88365704896225
6,19,26.38557594880609
6,20,29.594171199437813
6,21,49.20831397812412
6,22,49.35981965280544
6,23,49.06646554554228
6,24,52.53733564544119
6,25,54.368309911754906
6,26,53.290136223399585
6,27,55.83910633265476
6,28,53.27475529826222
6,29,52.221491783529395
6,30,49.31503562587912
6,31,48.107348462212855
6,32,44.50835481942887
6,33,43.09102027902686
6,34,40.16341004013488
6,35,37.226703412344946
6,36,34.91281756867669
6,37,31.804280085567406
6,38,30.057588470774792
6,39,26.7300614245254
6,40,26.710571326047752
6,41,26.091599985728376
6,42,28.800327788685866
6,43,30.302318300856047
6,44,33.754194362167986
6,45,35.03932940434769
6,46,38.693714057176855
6,47,40.1290193843053
6,48,43.51869596704666
6,49,46.528200979505
6,50,49.78425987028867
6,51,52.8451161208166
6,52,55.28732245964772
6,53,55.590668746030104
6,54,57.72217777552239
6,55,57.53808208561161
6,56,59.66212822746286
6,57,62.708911150666346
6,58,64.11485073816415
6,59,66.354271304516
6,60,63.27934002780428
6,61,64.08305368620643
6,62,61.950329627865415
6,63,63.2647878512789
6,64,61.9666108156706
6,65,62.53692407983544
6,66,59.15588706314781
6,67,55.80938189016561
6,68,53.00542910279877
6,69,49.66302536649846
6,70,46.009701245315966
6,71,43.62004932919898
6,72,40.096045948369714
6,73,36.57526235896862
6,74,33.245252351781474
6,75,30.67379407634132
6,76,26.97963372611687
6,77,26.02040943281595
6,78,22.884181519521974
6,79,23.32827297654056
6,80,21.666135255008953
6,81,21.55366519713038
6,82,22.018507025526066
6,83,20.86679799016202
6,84,21.096031946352085
6,85,18.0821888714792
6,86,16.61422704537035
6,87,13.789011506265535
6,88,16.335838968380493
6,89,17.881851136999224
6,90,19.25187419706286
6,91,21.297384185323747
6,92,25.034607459888445
6,93,28.211159738385998
6,94,31.66187866842827
6,95,35.18217713887364
6,96,37.13188337510086
6,97,40.67142271882142
6,98,40.728450025499086
6,99,44.54344466283547
6,100,47.77130147557454
6,101,49.85977639249753
6,102,53.53298782795751
6,103,54.373360255901176
6,104,57.583943264153994
6,105,57.329995459164515
7,1,16.932805763635123
7,2,13.198406861107518
7,3,10.523872438476307
7,4,8.03477717342141
7,5,5.3451464322625535
7,6,3.831248246594794
7,8,3.8962716875544787
7,9,5.498728986884682
7,10,8.4889884796824
7,11,8.693598347736089
7,12,10.305410277504903
7,13,12.30858363320072
7,14,13.377522196580298
7,15,17.154972179120215
7,16,19.46678354917278
7,17,22.5190692428855
7,18,25.935076301730472
7,19,28.762766344445136
7,20,31.730539146467603
7,21,49.85594429911176
7,22,49.73203406720635
7,23,49.331392220365636
7,24,52.902254049581856
7,25,54.6907961989362
7,26,53.35611234326939
7,27,55.701686713867566
7,28,53.02037170287814
7,29,52.19178101719317
7,30,49.297597787897246
7,31,48.24501280933898
7,32,44.755302891779706
7,33,43.29945330435906
7,34,40.55428656156357
7,35,37.434196372287055
7,36,35.35045856879361
7,37,32.12949297968925
7,38,30.732529499249736
7,39,27.17917201308462
7,40,27.054327609762076
7,41,26.72455249884571
7,42,29.45463343132932
7,43,30.987239264713512
7,44,34.39043801249939
7,45,35.362824525707076
7,46,39.00679447627099
7,47,40.08561113031756
7,48,43.39991512525333
7,49,46.258697812778784
7,50,49.4626285814413
7,51,52.65480506928052
7,52,54.87945556703843
7,53,54.92348204299497
7,54,57.119679138580736
7,55,57.10585765312987
7,56,59.43185540237565
7,57,62.48001409289438
7,58,64.07080919059011
7,59,66.3575075550151
7,60,63.29703132224617
7,61,63.90598982916071
7,62,61.59483510576649
7,63,62.722249872232254
7,64,61.21560898405842
7,65,61.683105038170055
7,66,58.398071571081324
7,67,55.03301540000719
7,68,52.40972672907157
7,69,48.935312652479666
7,70,45.38551169138757
7,71,42.99788293967634
7,72,39.37714529806512
7,73,35.92901632359166
7,74,32.43611977996688
7,75,30.21241780548749
7,76,26.612482197729992
7,77,25.925308536045538
7,78,22.95118214375082
7,79,23.267348280657906
7,80,21.95791278459239
7,81,21.3838103263448
7,82,21.9383706763585
7,83,21.134579330658415
7,84,21.794060479341468
7,85,19.253934813084403
7,86,18.15857342641362
7,87,14.8258544892383
7,88,16.621013404486146
7,89,18.007380970331585
7,90,18.670104614734704
7,91,20.62232016807616
7,92,24.174228454328425
7,93,27.297059365561317
7,94,30.858426993576327
7,95,34.34604665188677
7,96,36.63074853188353
7,97,40.24369603476533
7,98,40.573605223162254
7,99,44.372727614177606
7,100,47.42123307507362
7,101,49.40598676938008
7,102,52.97720695871363
7,103,53.55897792939739
7,104,56.62291914285563
7,105,56.18336854435202
8,1,15.292400320808193
8,2,11.687666755701335
8,3,9.40275784980842
8,4,6.5806844309729735
8,5,5.878103377656931
8,6,5.424028912809453
8,7,3.8962716875544787
8,9,3.7817939652235513
8,10,6.038687829426854
8,11,5.335294031723166
8,12,6.420230438810213
8,13,8.650427324608644
8,14,10.10507696820696
8,15,13.84926886510094
8,16,16.561306723030594
8,17,19.456372849981282
8,18,22.94844275120286
8,19,26.000429634038312
8,20,28.736637332300333
8,21,46.06929077298868
8,22,45.91540724691966
8,23,45.46685947782861
8,24,49.043924541854366
8,25,50.85225040464611
8,26,49.50373316160231
8,27,51.843822898693055
8,28,49.146603451233574
8,29,48.30226706568566
8,30,45.40224577733667
8,31,44.36318691995879
8,32,40.88664839690736
8,33,39.46363567426021
8,34,36.766654316864795
8,35,33.65784558675543
8,36,31.67290614487674
8,37,28.5154321705381
8,38,27.28011460048311
8,39,23.71146314479277
8,40,23.363444538458133
8,41,22.98599824346449
8,42,25.68702955217945
8,43,27.302526095706355
8,44,30.64522506799272
8,45,31.520497069469663
8,46,35.14978819788978
8,47,36.199803571422905
8,48,39.50492187232605
8,49,42.37434111513088
8,50,45.57475998548509
8,51,48.76483718610102
8,52,51.00191494413353
8,53,51.079037256045986
8,54,53.26588825530009
8,55,53.24137475594627
8,56,55.554663011229145
8,57,58.61992422306263
8,58,60.22359525146724
8,59,62.48526731679778
8,60,59.41230269564653
8,61,60.01514107868832
8,62,57.71194212424612
8,63,58.86546511470434
8,64,57.390588575582846
8,65,57.89595014287944
8,66,54.59770490058848
8,67,51.22158914170499
8,68,48.56078018203491
8,69,45.10864270488388
8,70,41.535807825603634
8,71,39.173149366311776
8,72,35.55322233656922
8,73,32.110695827030106
8,74,28.632456659137297
8,75,26.35213367477279
8,76,22.73569924105712
8,77,22.035334739770903
8,78,19.107175196952962
8,79,19.56052178884603
8,80,18.48412252305497
8,81,18.127909247509255
8,82,19.13362245430649
8,83,18.660382455986483
8,84,18.967138350843864
8,85,16.57819837710928
8,86,15.27723024042346
8,87,11.809360071195139
8,88,13.435158718601336
8,89,14.385818328896608
8,90,14.910825547386247
8,91,16.759634038871557
8,92,20.358026053048892
8,93,23.48078931088142
8,94,27.02922014418303
8,95,30.521279006213963
8,96,32.75397739818743
8,97,36.36202708407376
8,98,36.69201697042038
8,99,40.49355301404154
8,100,43.55278429813117
8,101,45.57875104541811
8,102,49.16445682244003
8,103,49.80298038185229
8,104,52.90924058216356
8,105,52.4932631098076
9,1,15.539030274087317
9,2,11.756869792867981
9,3,10.520566539037867
9,4,8.851752905650716
9,5,7.898125264384133
9,6,8.380752445667476
9,7,5.498728986884682
9,8,3.7817939652235513
9,10,3.020990606865219
9,11,4.636551953828911
9,12,7.340549829937877
9,13,10.552717210593821
9,14,12.736640726553048
9,15,16.29111439793599
9,16,19.390993602920666
9,17,21.9993118400803
9,18,25.57726659830717
9,19,28.7854136304808
9,20,31.284744599594845
9,21,47.04351882328592
9,22,46.69235064007767
9,23,46.01343394431102
9,24,49.63664669086579
9,25,51.50930677649114
9,26,49.94885227615714
9,27,52.07612761005148
9,28,49.20555340053795
9,29,48.507421134392764
9,30,45.54780884859825
9,31,44.546270518456915
9,32,41.18046715680131
9,33,39.58538140023804
9,34,37.026151650262015
9,35,33.704367273054615
9,36,31.860609671606845
9,37,28.53589408542053
9,38,27.5739210924922
9,39,23.828451278390926
9,40,23.62742517319706
9,41,23.77499258437315
9,42,26.524894331708868
9,43,27.920267643284685
9,44,31.25011379951566
9,45,31.930648964574694
9,46,35.55778015072016
9,47,36.25575248131182
9,48,39.537113296194036
9,49,42.17121551023552
9,50,45.38018425350889
9,51,48.625314056926904
9,52,50.66156593181558
9,53,50.51540809160314
9,54,52.85560220969396
9,55,53.08577068127026
9,56,55.59164647368261
9,57,58.71757260262615
9,58,60.541389240037425
9,59,62.75224488482898
9,60,59.64016641448835
9,61,60.00139693633157
9,62,57.507306928174195
9,63,58.53825747829808
9,64,56.83995283573489
9,65,57.350205746037425
9,66,54.191907744171225
9,67,50.74840849384188
9,68,48.24606164523568
9,69,44.69250480329876
9,70,41.21562283256389
9,71,39.002148378431514
9,72,35.26294670050303
9,73,32.004453936254464
9,74,28.3635522593174
9,75,26.45324349446418
9,76,22.96761233642397
9,77,22.317113493540738
9,78,19.480322506720338
9,79,19.4747468692842
9,80,18.59033754916839
9,81,17.53793448533762
9,82,18.364798189297673
9,83,18.169351745927806
9,84,19.103059860930262
9,85,17.33241401589929
9,86,16.73792271405141
9,87,12.983776491171252
9,88,13.591174607609966
9,89,14.661238822891715
9,90,14.52865661957383
9,91,16.541382338425784
9,92,19.775961390505707
9,93,22.94344751724908
9,94,26.457338234975648
9,95,29.962023951134167
9,96,32.50407696859461
9,97,36.208268640841844
9,98,36.91706044109737
9,99,40.680318931961935
9,100,43.55502229363619
9,101,45.58185005445467
9,102,49.05330500613278
9,103,49.46955598637773
9,104,52.43661362965201
9,105,51.754674404768124
10,1,15.322166727076759
10,2,11.79237650115785
10,3,11.425951918744643
10,4,10.245670949445316
10,5,10.163872752176056
10,6,11.084325344028636
10,7,8.4889884796824
10,8,6.038687829426854
10,9,3.020990606865219
10,11,3.7772228439701707
10,12,6.610550179368346
10,13,10.21503731681487
10,14,12.851460125678242
10,15,16.06068085527579
10,16,19.478078562908273
10,17,21.7594846772987
10,18,25.34620474431753
10,19,28.709246023871128
10,20,30.91317605967862
10,21,45.247209275033896
10,22,44.78164696056838
10,23,43.950573262991405
10,24,47.587935512783474
10,25,49.505632438227664
10,26,47.83633294753211
10,27,49.84807439120255
10,28,46.88292086573322
10,29,46.24554543878318
10,30,43.25580009391915
10,31,42.28088681112311
10,32,38.99238442702164
10,33,37.331977848011135
10,34,34.88887577313871
10,35,31.477155972313618
10,36,29.790533345780617
10,37,26.444485490443025
10,38,25.76127411050971
10,39,21.95194049694012
10,40,21.67248851656067
10,41,22.087707110694808
10,42,24.805918167851623
10,43,26.117689497777953
10,44,29.366505420601882
10,45,29.870456134020113
10,46,33.4643686089138
10,47,33.951389091031224
10,48,37.2037646443724
10,49,39.71143175952594
10,50,42.917882548333864
10,51,46.18008093163702
10,52,48.12048556918007
10,53,47.88624932075709
10,54,50.29871954818707
10,55,50.652934411570456
10,56,53.24160078437977
10,57,56.407184953910935
10,58,58.34660437019705
10,59,60.50764244408701
10,60,57.37021771576881
10,61,57.60567545068071
10,62,55.02522657534842
10,63,56.015250102707014
10,64,54.22905311777367
10,65,54.77303207880631
10,66,51.68096124424977
10,67,48.197851184533114
10,68,45.75189853595396
10,69,42.1700842140524
10,70,38.73314173305581
10,71,36.62937663723059
10,72,32.8386016310739
10,73,29.703211340306062
10,74,26.00338540203058
10,75,24.27215956435465
10,76,20.886029712248952
10,77,20.251502063310085
10,78,17.548901045485216
10,79,17.361615176323493
10,80,16.799535904432854
10,81,15.513355278882466
10,82,16.585153220531815
10,83,16.825112149457674
10,84,17.819380481215504
10,85,16.56627205004188
10,86,16.233991294489282
10,87,12.437280927600774
10,88,12.24836006446079
10,89,12.982026660518661
10,90,12.283718694896931
10,91,14.283292155632127
10,92,17.26755415867062
10,93,20.442729541994584
10,94,23.89749620465954
10,95,27.400597247648363
10,96,30.063294725578952
10,97,33.80309085285073
10,98,34.71513211485456
10,99,38.444491640334036
10,100,41.22261182343842
10,101,43.27914976490471
10,102,46.69454725297338
10,103,47.03991203057724
10,104,49.96265654775048
10,105,49.16055176054899
11,1,16.700806424730313
11,2,13.398624340439534
11,3,12.405928518817724
11,4,10.24801645429817
11,5,10.728004554945628
11,6,10.728561898331712
11,7,8.693598347736089
11,8,5.335294031723166
11,9,4.636551953828911
11,10,3.7772228439701707
11,12,3.8045165493134836
11,13,6.985888864279364
11,14,10.094904976613265
11,15,13.201916989054538
11,16,16.68537112429578
11,17,19.23057237980279
11,18,22.63393561976878
11,19,26.105148835436257
11,20,28.26559076185581
11,21,42.915716943455756
11,22,42.42484738926739
11,23,41.86221418068884
11,24,45.53207735817545
11,25,47.2655411286673
11,26,45.6396154206369
11,27,47.755654325559654
11,28,44.96033931898178
11,29,44.36122876911387
11,30,41.51969004868808
11,31,40.712514831255774
11,32,37.40525375176214
11,33,36.0571934007612
11,34,33.67154818847351
11,35,30.458630208542935
11,36,28.927172584053988
11,37,25.848725304924987
11,38,25.265676125760045
11,39,21.582069812377608
11,40,20.730866834572865
11,41,20.532430766558125
11,42,23.077440852476062
11,43,24.87254870169559
11,44,27.96005951972072
11,45,28.306911525131376
11,46,31.824375686385252
11,47,32.438121674819755
11,48,35.584948190716304
11,49,38.31142636031511
11,50,41.40068182742625
11,51,44.728423006774776
11,52,46.73794035127194
11,53,46.57659064130048
11,54,48.772873920135574
11,55,48.875458044240446
11,56,51.36691603431001
11,57,54.41621143093948
11,58,56.19542601651454
11,59,58.498907544613
11,60,55.46075830686136
11,61,55.880486240760185
11,62,53.4263444298843
11,63,54.39599682086953
11,64,52.76263455068177
11,65,53.168417210788725
11,66,49.946278293913416
11,67,46.57034167433065
11,68,44.07114301555649
11,69,40.517895059363454
11,70,37.0537387376778
11,71,34.688309017545436
11,72,31.006419418108955
11,73,27.651428616947328
11,74,24.052659424159923
11,75,22.149833139365178
11,76,18.71853520606897
11,77,18.466737904352463
11,78,16.00759126516988
11,79,16.620033866525052
11,80,16.45916128163625
11,81,15.990899311105979
11,82,17.747055872894617
11,83,18.134573295304843
11,84,18.33789988989829
11,85,16.77421337743843
11,86,15.611200553545713
11,87,12.029114960125389
11,88,12.405328024256596
11,89,12.244171058134015
11,90,11.441875335593812
11,91,12.69040957334234
11,92,16.003230303893154
11,93,18.917343141429033
11,94,22.575848258733764
11,95,25.95930658263898
11,96,28.488619902050807
11,97,32.11482122836636
11,98,32.69602759818256
11,99,36.44574464069242
11,100,39.3021863230856
11,101,41.215769318582275
11,102,44.69542372007831
11,103,45.12121491227034
11,104,48.1136462603567
11,105,47.567755659232276
12,1,15.195064453000699
12,2,12.433217412463867
12,3,11.373682089470385
12,4,9.060631459651821
12,5,10.801821083893959
12,6,11.055271403868034
12,7,10.305410277504903
12,8,6.420230438810213
12,9,7.340549829937877
12,10,6.610550179368346
12,11,3.8045165493134836
12,13,3.6767090630152346
12,14,6.5969020591268475
12,15,9.550388193149939
12,16,13.09925011471798
12,17,15.474216227099292
12,18,18.92717455251215
12,19,22.39368822153575
12,20,24.534178522195194
12,21,39.90912991833209
12,22,39.644682442226916
12,23,39.13297212803964
12,24,42.73910921317863
12,25,44.54207297566727
12,26,43.13263300442783
12,27,45.44249661275359
12,28,42.72779400740391
12,29,41.90002488557136
12,30,39.02149809680788
12,31,38.06919218537971
12,32,34.64328157395742
12,33,33.3416674475244
12,34,30.799359953876394
12,35,27.734312249799235
12,36,26.04877998230499
12,37,23.095178404897652
12,38,22.32165878894009
12,39,18.78663064682227
12,40,17.793435864841467
12,41,17.244191669298953
12,42,19.804000717827435
12,43,21.68948980764156
12,44,24.819964564830705
12,45,25.387282507487903
12,46,28.951415275082077
12,47,29.893910184907938
12,48,33.13836691058607
12,49,36.03587131713758
12,50,39.19352421949347
12,51,42.41015821475947
12,52,44.64230995002825
12,53,44.75027573622193
12,54,46.89004365036902
12,55,46.83051941119846
12,56,49.134940215879126
12,57,52.209417878108276
12,58,53.83875967116032
12,59,56.08474734817582
12,60,53.01097854411645
12,61,53.60116810005138
12,62,51.30643775733379
12,63,52.47248851998445
12,64,51.04957053650694
12,65,51.58407647227973
12,66,48.258825918409464
12,67,44.88151019892007
12,68,42.17402312349271
12,69,38.75257768811606
12,70,35.15394499190175
12,71,32.8006131745929
12,72,29.19380565752864
12,73,25.748352415417248
12,74,22.305526301522402
12,75,19.942668141215137
12,76,16.316876366714695
12,77,15.72600305459859
12,78,13.04626133853413
12,79,13.994012453619744
12,80,13.723019516248547
12,81,13.977553485295038
12,82,16.085303958752245
12,83,16.445034919621694
12,84,15.931056916354494
12,85,14.126280100650204
12,86,12.427588299775053
12,87,9.15763058984943
12,88,9.99236644788563
12,89,9.370927649686656
12,90,9.217010162390174
12,91,10.493923111205156
12,92,14.191424018587046
12,93,17.217357294124685
12,94,20.77166255802192
12,95,24.22700115238044
12,96,26.378528319034494
12,97,29.95973506995035
12,98,30.279036727013693
12,99,34.078421243694336
12,100,37.13588089004115
12,101,39.196373790593924
12,102,42.79809618190211
12,103,43.5146273774376
12,104,46.68315347065124
12,105,46.325118053292336
13,1,16.87369711569486
13,2,14.591842529219116
13,3,13.133494381154117
13,4,10.388105864831882
13,5,12.553619464711467
13,6,12.21368170320732
13,7,12.30858363320072
13,8,8.650427324608644
13,9,10.552717210593821
13,10,10.21503731681487
13,11,6.985888864279364
13,12,3.6767090630152346
13,14,3.8094240748178394
13,15,6.337905263209469
13,16,9.886225473871015
13,17,12.543381668385821
13,18,15.76800920816271
13,19,19.292944755335206
13,20,21.433360953479653
13,21,37.66335822612158
13,22,37.50286312060138
13,23,37.275137892063036
13,24,40.85049663092677
13,25,42.50963952895351
13,26,41.25960049565079
13,27,43.74359040149854
13,28,41.23918073779295
13,29,40.341840772767796
13,30,37.6013376550815
13,31,36.730305059925136
13,32,33.26328526460386
13,33,32.271428819498105
13,34,29.728299469192535
13,35,26.969891214288218
13,36,25.357775958438673
13,37,22.770206490405645
13,38,21.97229588260463
13,39,18.768616113963994
13,40,17.292289962556556
13,41,15.96821937978693
13,42,18.26970171149467
13,43,20.604535952863507
13,44,23.53856771706728
13,45,24.091326370272753
13,46,27.54402555001283
13,47,28.764932948839082
13,48,31.91622750772852
13,49,35.04891545365074
13,50,38.10300996868762
13,51,41.29103312605585
13,52,43.66551491716125
13,53,43.95275036764133
13,54,45.870206194121295
13,55,45.524436284798824
13,56,47.643862086918304
13,57,50.6105592009394
13,58,52.02053151026619
13,59,54.35571365231033
13,60,51.36593865022969
13,61,52.191731014023055
13,62,50.08972363237825
13,63,51.31845762808293
13,64,50.12257277744255
13,65,50.591328190645626
13,66,47.1349561678297
13,67,43.8751389145653
13,68,41.05544562892583
13,69,37.751613042507685
13,70,34.11335259617469
13,71,31.56407643397629
13,72,28.152113259039844
13,73,24.531852348235418
13,74,21.357673799814187
13,75,18.670887996396296
13,76,15.04717558927143
13,77,14.682865126040067
13,78,12.297759326777852
13,79,14.108662443573632
13,80,14.089084760714108
13,81,15.270872409087291
13,82,17.75551019121734
13,83,18.111676362436636
13,84,16.82922682004485
13,85,14.741449640899805
13,86,12.19456042701456
13,87,9.751440004496333
13,88,11.261118470304455
13,89,9.872564835643594
13,90,10.081103125566369
13,91,10.48216325875491
13,92,14.28631302093172
13,93,16.916702638530563
13,94,20.42892495823584
13,95,23.692157012764604
13,96,25.48784884939584
13,97,28.871384168499393
13,98,28.74921336372213
13,99,32.54094558694087
13,100,35.73286518251778
13,101,37.711129638955654
13,102,41.39377263992601
13,103,42.30160479384277
13,104,45.57828751774977
13,105,45.51877068337013
14,1,15.911538881269204
14,2,14.178513199381943
14,3,12.343129326235761
14,4,9.592818221581847
14,5,12.359034437745064
14,6,12.153928425068463
14,7,13.377522196580298
14,8,10.10507696820696
14,9,12.736640726553048
14,10,12.851460125678242
14,11,10.094904976613265
14,12,6.5969020591268475
14,13,3.8094240748178394
14,15,3.7858027040388205
14,16,6.6858512912683095
14,17,9.53859759828494
14,18,12.92887070855006
14,19,16.194822782391686
14,20,18.715032828963665
14,21,37.118709998470756
14,22,37.339061135447515
14,23,37.20330261632103
14,24,40.63247744711113
14,25,42.383120026481535
14,26,41.46889137202735
14,27,44.193516345356535
14,28,41.82047156482615
14,29,40.61975206368879
14,30,37.84428635469933
14,31,36.7346678973331
14,32,33.13000946379351
14,33,32.140077701280575
14,34,29.338792336300173
14,35,26.816453410916544
14,36,24.857652747817394
14,37,22.40591035549052
14,38,21.098831038403933
14,39,18.221100692311005
14,40,16.97643813544287
14,41,15.260123256181993
14,42,17.558959050877153
14,43,19.785726881494554
14,44,22.822084427877765
14,45,23.869027207492916
14,46,27.34049133254616
14,47,29.047117051113645
14,48,32.30459674642266
14,49,35.58353856487627
14,50,38.711653791973426
14,51,41.69688146296651
14,52,44.33289155788871
14,53,44.94080595259005
14,54,46.805298251453145
14,55,46.28996132887825
14,56,48.15790681288816
14,57,51.13579069012977
14,58,52.33695999567252
14,59,54.579142279963364
14,60,51.55757508743135
14,61,52.59510688842751
14,62,50.70329740290007
14,63,52.16905935465511
14,64,51.21328278943183
14,65,51.83576034020871
14,66,48.302608117656504
14,67,45.06603952902812
14,68,42.040888197789144
14,69,38.93085338937892
14,70,35.19299114038307
14,71,32.72212480189433
14,72,29.46720966921544
14,73,25.852673010997105
14,74,22.966099867843862
14,75,19.86291226456698
14,76,16.21357540985494
14,77,15.300228907948512
14,78,12.641435920699365
14,79,14.477129224790414
14,80,13.834955303883437
14,81,15.599667969005429
14,82,17.834440153575553
14,83,17.756348147706905
14,84,15.952196013359353
14,85,13.30704920918387
14,86,10.12168830778504
14,87,8.557560617481112
14,88,11.094020129830604
14,89,10.071064101731524
14,90,11.539830421064787
14,91,12.279333444698942
14,92,16.068678043965892
14,93,18.729160449265724
14,94,21.912511434342104
14,95,25.17072638216966
14,96,26.478597068968238
14,97,29.73581687564373
14,98,29.2929835492927
14,99,33.07373067138137
14,100,36.474821003343635
14,101,38.608588298769824
14,102,42.38823574114816
14,103,43.61084110088328
14,104,47.03738707237296
14,105,47.16209362144169
15,1,17.805542795738496
15,2,16.739650485500434
15,3,15.296790430900096
15,4,12.94394113279786
15,5,15.967348832124145
15,6,15.821725602889687
15,7,17.154972179120215
15,8,13.84926886510094
15,9,16.29111439793599
15,10,16.06068085527579
15,11,13.201916989054538
15,12,9.550388193149939
15,13,6.337905263209469
15,14,3.7858027040388205
15,16,3.8452771409514477
15,17,6.266304543828269
15,18,9.453634931611303
15,19,12.961060883982059
15,20,15.172197411769892
15,21,33.63439783884219
15,22,33.981567800654005
15,23,33.984031152098225
15,24,37.34617738599817
15,25,39.05007490564442
15,26,38.298489239311344
15,27,41.15627729034207
15,28,38.92968377972106
15,29,37.60973817685886
15,30,34.91899298441075
15,31,33.82186463504923
15,32,30.207928365812897
15,33,29.453880636006463
15,34,26.684262669042646
15,35,24.478159289795002
15,36,22.648701045931453
15,37,20.63608670026361
15,38,19.44861084299967
15,39,17.03863561230319
15,40,15.301170948482058
15,41,12.90193178296414
15,42,14.819068373035815
15,43,17.38573114445219
15,44,20.128440635740812
15,45,21.154463154048653
15,46,24.47201582739163
15,47,26.421240441409537
15,48,29.59027308992058
15,49,33.01153293604361
15,50,36.06054200043144
15,51,38.95347669342208
15,52,41.717891810459804
15,53,42.51988595620167
15,54,44.230862111744756
15,55,43.51868039951115
15,56,45.20675419891228
15,57,48.13138875978638
15,58,49.17640104705585
15,59,51.41338212380323
15,60,48.428394071108194
15,61,49.62821196664918
15,62,47.90117961770631
15,63,49.46788181783181
15,64,48.71700682109096
15,65,49.369427423221005
15,66,45.764784778128394
15,67,42.61067911947743
15,68,39.46985709819245
15,69,36.52385458350634
15,70,32.765179188137814
15,71,30.268739348553286
15,72,27.2282110068285
15,73,23.61066686927781
15,74,21.082639674957083
15,75,17.712338569489233
15,76,14.245574279227391
15,77,13.345545610436133
15,78,11.164801438777225
15,79,13.650550315773458
15,80,13.446626263182093
15,81,15.982113047478315
15,82,18.607011360286293
15,83,18.783707931612774
15,84,16.30859608218771
15,85,13.958368138997717
15,86,10.429313682928845
15,87,10.075295853147967
15,88,12.270164942694318
15,89,10.39211342173336
15,90,11.874669735316237
15,91,11.85092157595722
15,92,15.293583554091377
15,93,17.50259317846371
15,94,20.36902996293236
15,95,23.385430806124706
15,96,24.252047988761607
15,97,27.28007713736006
15,98,26.494963456621203
15,99,30.21944604515583
15,100,33.72451361432922
15,101,35.87211799485793
15,102,39.69844994290106
15,103,41.14088521659954
15,104,44.6662779632218
15,105,45.005057951556964
16,1,19.40219132983735
16,2,18.785066497472336
16,3,17.064951307957244
16,4,14.776141971841827
16,5,17.812644989664918
16,6,17.504278581157344
16,7,19.46678354917278
16,8,16.561306723030594
16,9,19.390993602920666
16,10,19.478078562908273
16,11,16.68537112429578
16,12,13.09925011471798
16,13,9.886225473871015
16,14,6.6858512912683095
16,15,3.8452771409514477
16,17,3.817947103456425
16,18,6.52989388829004
16,19,9.639472971978007
16,20,12.35601571774215
16,21,33.26412357159717
16,22,33.96558307594924
16,23,34.2163900709307
16,24,37.38548104507608
16,25,39.039038975118665
16,26,38.6403787466818
16,27,41.72185712447916
16,28,39.742766672803
16,29,38.19928506233792
16,30,35.61581615932851
16,31,34.41669577007154
16,32,30.768281532133827
16,33,30.206357394431702
16,34,27.329677685646306
16,35,25.54526687469051
16,36,23.571424475667
16,37,21.939860516041335
16,38,20.42076342885557
16,39,18.576419157710994
16,40,16.956264741060917
16,41,14.120270705382946
16,42,15.647242560876746
16,43,18.165935655076133
16,44,20.69324346861429
16,45,22.047040279708728
16,46,25.157774726370445
16,47,27.542013908408947
16,48,30.63193360427138
16,49,34.18608598573704
16,50,37.163977899590435
16,51,39.8496563767836
16,52,42.81961253491941
16,53,43.908557341240986
16,54,45.44771277095166
16,55,44.482737847354805
16,56,45.878247530331265
16,57,48.712488896907594
16,58,49.4758740270669
16,59,51.67914370409468
16,60,48.75242409572807
16,61,50.218197125844085
16,62,48.75742745963479
16,63,50.494633824598566
16,64,50.02383004221619
16,65,50.72870738995276
16,66,47.050704722997466
16,67,44.01713686455269
16,68,40.73974150860343
16,69,38.03013570617297
16,70,34.272065320980516
16,71,31.78531756909418
16,72,29.035553844463514
16,73,25.470726939186065
16,74,23.357884438229625
16,75,19.805077395216898
16,76,16.627515527048573
16,77,15.602691479213261
16,78,13.667981248351222
16,79,16.15674389981721
16,80,15.656388403796525
16,81,18.547419630198693
16,82,20.927902126251137
16,83,20.80082597521603
16,84,17.965240208082147
16,85,15.341247123776448
16,86,11.535163732905596
16,87,12.190927960231573
16,88,14.829174243936238
16,89,13.274306378854886
16,90,15.239565410045365
16,91,15.211674597352255
16,92,18.3981145512139
16,93,20.35275341238234
16,94,22.876111490347178
16,95,25.67099398994087
16,96,26.050427971888304
16,97,28.784742270402557
16,98,27.5741303111924
16,99,31.166596685363253
16,100,34.79756979388686
16,101,36.951523234792624
16,102,40.81286654180676
16,103,42.52925647125813
16,104,46.149337695539295
16,105,46.74713585001364
17,1,19.69838870376916
17,2,19.7954895899148
17,3,18.64471387522204
17,4,16.98770065986851
17,5,20.360486260767633
17,6,20.5581236500569
17,7,22.5190692428855
17,8,19.456372849981282
17,9,21.9993118400803
17,10,21.7594846772987
17,11,19.23057237980279
17,12,15.474216227099292
17,13,12.543381668385821
17,14,9.53859759828494
17,15,6.266304543828269
17,16,3.817947103456425
