1,2,3.8699546166255656
1,3,6.088659552885494
1,4,9.171257213584008
1,5,11.4995759821122
1,6,15.141164672305798
1,7,17.448514932723075
1,8,20.890594007036473
1,9,23.514595872833283
1,10,26.969079035776595
1,11,28.155814921994658
1,12,27.2933762125391
1,13,31.023303980062916
1,14,31.354473944737602
1,15,27.799676396148794
1,16,28.26591425019297
1,17,24.948864581324095
1,18,24.42092360042829
1,19,24.947228305032688
1,20,22.18526349267126
1,21,19.53149162491597
1,22,15.84137194591359
1,23,14.328926398050275
1,24,11.925863086711713
1,25,10.243570198408062
1,26,12.069933677257277
1,27,10.177742213451715
1,28,12.745653541961525
1,29,10.48608009265021
1,30,12.016899532803805
1,31,10.290971863487089
1,32,7.694668824900337
1,33,7.39713815399226
1,34,8.75316409905033
1,35,11.161581511085855
1,36,14.843823159407508
1,37,18.105315678648136
1,38,21.597231270012994
1,39,25.013979566790102
1,40,28.679082925740282
1,41,30.418639810095094
1,42,34.11791632095712
1,43,35.865408653547476
1,44,33.694951671078535
1,45,32.82387482164341
1,46,29.275211339395106
1,47,29.138110007331182
1,48,25.552543079772775
1,49,25.036317107806255
1,50,21.56827099210759
1,51,18.013249496392632
1,52,15.13754364238115
1,53,12.301479284602655
1,54,12.86597858889233
1,55,12.462552794919388
1,56,11.78922853639511
1,57,14.094737756928222
1,58,15.30721550017773
1,59,16.498789613652768
1,60,13.071804916218346
1,61,11.564123636298016
1,62,10.824477393721876
1,63,12.651469107941695
1,64,12.002203937223724
1,65,15.206937818891863
1,66,16.088427617303214
1,67,19.386708093331105
1,68,21.713470912236
1,69,23.799299231676322
1,70,26.13780930149054
1,71,29.602167107634592
1,72,31.643606411296002
1,73,30.03787453516835
1,74,31.0413205937566
1,75,27.442023166707052
1,76,24.73632533102778
1,77,21.184312695691233
1,78,18.125692265248322
1,79,14.416661281227455
1,80,11.591630348953299
1,81,7.907106806995595
1,82,6.529144628013503
1,83,7.625053950824975
1,84,11.30478360999971
1,85,11.660009913934498
1,86,14.406251560163842
1,87,16.428774663724067
1,88,18.220626008196994
1,89,19.576284748677377
1,90,22.480117942745284
1,91,24.365825140286578
1,92,25.751867982521286
1,93,29.51865813052145
2,1,3.8699546166255656
2,3,3.828646138058397
2,4,6.0046421594322235
2,5,7.782720544908453
2,6,11.478115331312317
2,7,13.670602335963228
2,8,17.047974304055
2,9,19.676040228659293
2,10,23.10583701304688
2,11,24.36284583266577
2,12,23.56778228540082
2,13,27.342211835084566
2,14,27.756192274049724
2,15,24.28786932833047
2,16,24.838616292083564
2,17,21.4731109696131
2,18,20.897206777425563
2,19,21.2321381032363
2,20,18.5335670301049
2,21,16.109155843800522
2,22,12.5209909390668
2,23,10.931311119220249
2,24,9.13868491787857
2,25,7.470496957615305
2,26,10.142801632081522
2,27,9.253857869840681
2,28,12.536223924927139
2,29,11.421409024593125
2,30,13.167326095984947
2,31,10.685178852407196
2,32,7.659722361427802
2,33,5.48496051339931
2,34,5.8019308254033115
2,35,7.5253480727562305
2,36,11.296946117345945
2,37,14.494907396282231
2,38,17.988434527977116
2,39,21.393935298049456
2,40,25.111463006350156
2,41,27.00098698507784
2,42,30.64889277563308
2,43,32.54239798820257
2,44,30.442216134113917
2,45,29.36713680948786
2,46,25.73841210489025
2,47,25.420396405597128
2,48,21.783766309663413
2,49,21.232615148626135
2,50,17.733964515364026
2,51,14.160107798670381
2,52,11.301987611066528
2,53,8.68177435300199
2,54,9.73812027986565
2,55,10.255102480101343
2,56,10.578955179139195
2,57,12.634352843666342
2,58,14.538086094814282
2,59,15.105375873297247
2,60,11.500049223925252
2,61,11.173595239185744
2,62,10.89532193925195
2,63,11.598843007021042
2,64,10.757131886774845
2,65,13.261018951687868
2,66,13.427047127267212
2,67,16.916436716857223
2,68,19.004619837216424
2,69,21.465570205032897
2,70,23.593856505720524
2,71,27.045224034529323
2,72,28.773508758000574
2,73,26.997234127741038
2,74,27.728064437326896
2,75,24.045923437538413
2,76,21.48478363718911
2,77,17.96967922738158
2,78,15.137952527177818
2,79,11.5345670502497
2,80,9.12072590497951
2,81,6.034430423408816
2,82,4.830870802830328
2,83,5.087862834539236
2,84,8.19638173019158
2,85,8.849442863578714
2,86,11.024924637544961
2,87,13.252505311839352
2,88,15.31356187517091
2,89,16.55985801545907
2,90,19.665198370291673
2,91,21.643490928596716
2,92,23.44449852928558
2,93,27.118916503981158
3,1,6.088659552885494
3,2,3.828646138058397
3,4,3.8433517237145884
3,5,7.098148400864264
3,6,10.766171648117288
3,7,12.435370103443008
3,8,16.102019166045658
3,9,18.635886021988718
3,10,22.29781004636932
3,11,23.351935165938023
3,12,21.988266539883092
3,13,25.617991033678965
3,14,26.196608546303267
3,15,22.642648604784906
3,16,22.67793806737176
3,17,19.260000436145877
3,18,18.609358467140066
3,19,19.490594350620555
3,20,16.839362918497148
3,21,14.074517770018673
3,22,10.312508917671645
3,23,8.50237712618112
3,24,5.8615884601018085
3,25,5.079760502493733
3,26,7.884035898450168
3,27,7.9968175168002675
3,28,11.628298707152082
3,29,10.915889729318987
3,30,13.608425083172703
3,31,11.760028981033065
3,32,9.701711064289343
3,33,7.140554256444942
3,34,8.115585908201107
3,35,8.941950522115928
3,36,12.609669558303814
3,37,15.570826506316669
3,38,18.91419594729706
3,39,22.247554398136888
3,40,26.044339707895016
3,41,28.234521462150827
3,42,31.74264709191975
3,43,33.86671352027002
3,44,31.798847877983363
3,45,30.28859926867663
3,46,26.552110001101134
3,47,25.802906501079377
3,48,22.0208286202261
3,49,21.32615175373613
3,50,17.601392538192947
3,51,14.108616240332728
3,52,10.821488751808207
3,53,8.382502591486723
3,54,10.546853781148393
3,55,11.175470304346511
3,56,12.432281485497
3,57,15.005314817331497
3,58,17.460864813131707
3,59,18.13842072568353
3,60,14.6949719822116
3,61,14.72273733528593
3,62,14.71054501059627
3,63,15.227357397783438
3,64,14.148670764688921
3,65,16.260058732701143
3,66,15.99732878099458
3,67,19.61194821611629
3,68,21.42695806159186
3,69,24.17722698633655
3,70,25.991811060845727
3,71,29.447003229404114
3,72,30.821057343474532
3,73,28.745210347588763
3,74,29.006949550923977
3,75,25.24103648591245
3,76,23.081618869680096
3,77,19.64073778873361
3,78,17.29852527576494
3,79,13.929452781532879
3,80,12.120094570373212
3,81,9.570869467530523
3,82,7.917409757032806
3,83,6.203490261799302
3,84,8.747689070343748
3,85,10.81159652416855
3,86,12.393545268129369
3,87,14.10476918741049
3,88,16.88634269781782
3,89,18.415535905381198
3,90,21.810930714643106
3,91,23.98353451560543
3,92,26.174277288639917
3,93,29.732260191835767
4,1,9.171257213584008
4,2,6.0046421594322235
4,3,3.8433517237145884
4,5,3.8213952887860123
4,6,7.132134279322093
4,7,9.024486935237686
4,8,12.787409956331352
4,9,15.657792818616384
4,10,19.238006212729463
4,11,20.663027148973846
4,12,19.21199327854361
4,13,22.9062081722649
4,14,23.89914370119745
4,15,20.57122889054259
4,16,20.45836753775932
4,17,16.821773252909942
4,18,15.646265528141619
4,19,16.17185746371923
4,20,13.251424172205878
4,21,10.412554087501826
4,22,6.683640678330176
4,23,5.650557390976787
4,24,4.547868732343373
4,25,5.604199247840528
4,26,9.27535173737809
4,27,10.641290204412131
4,28,14.442662744691239
4,29,14.388199118521117
4,30,17.023252943058132
4,31,14.816511795293676
4,32,12.471361361501868
4,33,9.192603150110672
4,34,8.698155494705274
4,35,7.767566845108098
4,36,11.002611871871718
4,37,13.277077985191355
4,38,16.63285798439448
4,39,19.656675291108545
4,40,23.462769592541022
4,41,25.621873315717757
4,42,29.06460585642146
4,43,31.16943698926342
4,44,28.998616649112044
4,45,27.232497056479033
4,46,23.506859283313513
4,47,22.701630352361203
4,48,18.928181601921477
4,49,18.565739089604897
4,50,14.905952149446858
4,51,11.31039107789183
4,52,8.422630561239714
4,53,7.308761661198364
4,54,10.45308715508087
4,55,12.303584825154608
4,56,14.256868376765482
4,57,16.23843005007231
4,58,18.90601697364788
4,59,18.851525735184218
4,60,15.348319813079632
4,61,16.16892979369009
4,62,16.001938550541375
4,63,15.592588121948852
4,64,13.983783928963287
4,65,15.309152570284303
4,66,14.64243330387078
4,67,18.35965268548562
4,68,20.109412464073998
4,69,23.254328269791273
4,70,24.996357629212284
4,71,28.23484126918595
4,72,29.210744413301086
4,73,27.15349372708518
4,74,27.092007492862543
4,75,23.26393247852274
4,76,21.22064701302624
4,77,18.086908972998316
4,78,16.02917306317844
4,79,13.178636029997989
4,80,11.743845739422746
4,81,10.099422101893762
4,82,8.230557756409045
4,83,5.2285853252819985
4,84,6.0789076188410185
4,85,9.062580118112178
4,86,9.971213237480566
4,87,11.115800785593983
4,88,14.337591896667536
4,89,16.12711210632752
4,90,19.743632533852022
4,91,22.229128300670308
4,92,24.82287049941729
4,93,28.244737232257815
5,1,11.4995759821122
5,2,7.782720544908453
5,3,7.098148400864264
5,4,3.8213952887860123
5,6,3.8109689281612624
5,7,6.122871860986275
5,8,9.624863796737307
5,9,12.729786288635445
5,10,16.087546462784875
5,11,17.863755465517826
5,12,16.868014395600717
5,13,20.706933977496853
5,14,21.787269635494138
5,15,18.720580806634526
5,16,19.014669284869804
5,17,15.376848219160236
5,18,14.075337890210754
5,19,13.81212062234626
5,20,10.882621583830726
5,21,8.761345122258506
5,22,5.7383511840446335
5,23,5.276133072177096
5,24,6.616391115813613
5,25,7.2853406736050665
5,26,11.040598602638264
5,27,12.698694593625474
5,28,16.44251275209012
5,29,16.897749594834337
5,30,19.057672336946215
5,31,16.28202214172496
5,32,13.574448682132028
5,33,9.93096708972061
5,34,8.032496561013009
5,35,5.489565202418385
5,36,7.931439183406798
5,37,9.651074863818199
5,38,13.020279367960311
5,39,15.90343567591525
5,40,19.702730580397887
5,41,21.824526202908665
5,42,25.258806690561492
5,43,27.364480863538038
5,44,25.2313592545168
5,45,23.442230746676206
5,46,19.701404256716952
5,47,18.934045129678573
5,48,15.18159965228344
5,49,14.997931027847098
5,50,11.477436801528533
5,51,7.735926248855201
5,52,5.5221487636457915
5,53,5.871881996463307
5,54,9.125385541910736
5,55,12.002363317026099
5,56,14.27591639721389
5,57,15.453629574210357
5,58,18.1776962598413
5,59,17.406113413830813
5,60,14.051187378340723
5,61,15.690030097489094
5,62,15.661724817851082
5,63,14.367435594537767
5,64,12.745924339850419
5,65,13.152995213804653
5,66,11.842794297316926
5,67,15.45190874703241
5,68,16.97915125260178
5,69,20.345944904624787
5,70,21.97095957311415
5,71,25.040610216006932
5,72,25.775049286835838
5,73,23.760404102314553
5,74,23.590784044283495
5,75,19.754057964720765
5,76,17.71812288151912
5,77,14.807707105365532
5,78,12.989931220794501
5,79,10.694970608317128
5,80,9.90303341320123
5,81,9.527518908494226
5,82,8.445693000225644
5,83,5.88401790977934
5,84,4.360570154915956
5,85,7.0137614228132
5,86,6.665870272053891
5,87,8.024647510497413
5,88,11.2378888368976
5,89,12.745439238699193
5,90,16.382018438504563
5,91,18.888800368563036
5,92,21.734978778193245
5,93,25.00029276398922
6,1,15.141164672305798
6,2,11.478115331312317
6,3,10.766171648117288
6,4,7.132134279322093
6,5,3.8109689281612624
6,7,3.818545548571968
6,8,6.826665165742096
6,9,10.441211788041546
6,10,13.429213724756869
6,11,15.77764270941172
6,12,14.818697347149762
6,13,18.6196618687283
6,14,20.19946894940254
6,15,17.59484507479114
6,16,17.770783837706258
6,17,14.102973872114283
6,18,12.162722852701235
6,19,11.100645589558063
6,20,7.8584517922884185
6,21,6.2541886812832015
6,22,4.802659017456469
6,23,6.2035780679421855
6,24,9.022499967148352
6,25,10.430275345982727
6,26,13.986806714687885
6,27,16.120088070665325
6,28,19.811230587819754
6,29,20.557300751226922
6,30,22.70987936473607
6,31,19.845051635000782
6,32,17.12667002854516
6,33,13.429931786147094
6,34,11.05894968460054
6,35,7.674240596992854
6,36,8.514323193830869
6,37,8.629818760897225
6,38,11.622887179737837
6,39,13.814682887182297
6,40,17.49448207160709
6,41,19.51869790500458
6,42,22.80272389657483
6,43,24.860107808530127
6,44,22.628559413291143
6,45,20.504012149773438
6,46,16.8168532123559
6,47,15.98016305683726
6,48,12.31620555167904
6,49,12.732136504963277
6,50,9.594954733543354
6,51,6.110457856763739
6,52,5.77195903628456
6,53,8.147222386486591
6,54,11.346476583661886
6,55,14.749773211402152
6,56,17.288359160628982
6,57,17.963803140586453
6,58,20.67723939006419
6,59,19.333522583085415
6,60,16.213290000903058
6,61,18.353355275081565
6,62,18.212607844949105
6,63,16.257881900315947
6,64,14.34107155442233
6,65,13.797948286197531
6,66,12.073572431930595
6,67,15.395724122071302
6,68,16.687604019961444
6,69,20.342460028116793
6,70,21.79043691414849
6,71,24.479904381024276
6,72,24.69867327782174
6,73,22.7679963378823
6,74,22.192175401854293
6,75,18.407761016987063
6,76,16.62467244135042
6,77,14.354744294800422
6,78,13.128654907577255
6,79,11.858506019658712
6,80,11.681853109647172
6,81,12.221728229410296
6,82,11.221415905135338
6,83,8.607274874290407
6,84,5.474420943752179
6,85,7.987342625924404
6,86,6.256228459866864
6,87,6.236888323387399
6,88,9.778772958991171
6,89,11.445978750076833
6,90,15.131450819439818
6,91,17.91213896492209
6,92,21.15733918465763
6,93,24.12414442570099
7,1,17.448514932723075
7,2,13.670602335963228
7,3,12.435370103443008
7,4,9.024486935237686
7,5,6.122871860986275
7,6,3.818545548571968
7,8,3.8182662986638984
7,9,7.011151852292095
7,10,10.381965992222836
7,11,12.319390947830396
7,12,11.090063790093033
7,13,14.90303266125324
7,14,16.434209062711965
7,15,13.830370129054696
7,16,13.984737458066874
7,17,10.372054044733163
7,18,8.68530847329199
7,19,7.771785402346992
7,20,5.250245860221578
7,21,4.98557072769361
7,22,4.911604738796665
7,23,5.346621430296244
7,24,9.042820710530698
7,25,10.461064391236018
7,26,13.40824126308619
7,27,16.16089189986622
7,28,19.618643231203095
7,29,21.05261897941001
7,30,23.229407699399125
7,31,20.44703750390781
7,32,18.22711921749102
7,33,14.4294866519918
7,34,12.422387100992445
7,35,9.09278170145194
7,36,9.071898713257518
7,37,8.879008791942702
7,38,10.86749042516568
7,39,12.96786005392316
7,40,16.51978669775774
7,41,19.109172902496013
7,42,22.03427728102661
7,43,24.55420764749599
7,44,22.781661284156677
7,45,20.280799293311187
7,46,16.517314239967348
7,47,14.831822445672675
7,48,11.076489918883432
7,49,10.692605425841391
7,50,7.336755832558675
7,51,4.81957524916375
7,52,4.604157448755147
7,53,7.8689134829748
7,54,11.13328147431076
7,55,14.584353278141402
7,56,17.71682753510992
7,57,18.456731139783827
7,58,21.59194112916411
7,59,20.33389840141629
7,60,17.66278957689959
7,61,20.167315672050986
7,62,20.65608327890074
7,63,18.713289661812443
7,64,17.339934077853222
7,65,16.569378581049722
7,66,14.189760605214412
7,67,17.085139543480015
7,68,17.575625629153716
7,69,21.20236434740991
7,70,21.990958048685737
7,71,24.67920751382734
7,72,24.508319563051305
7,73,22.118278734720718
7,74,20.9990638570432
7,75,17.29895034748514
7,76,16.278477516541724
7,77,14.190572779935804
7,78,13.904391353087652
7,79,13.056762686929456
7,80,13.83578575307139
7,81,14.742079537636288
7,82,14.29647128427419
7,83,11.830223289608432
7,84,9.134919228183442
7,85,11.345797182054001
7,86,8.914450034035166
7,87,9.370231508433346
7,88,12.49572742262557
7,89,13.365460019483137
7,90,16.726750511730373
7,91,19.050297186948875
7,92,22.495324346347388
7,93,25.122455475748968
8,1,20.890594007036473
8,2,17.047974304055
8,3,16.102019166045658
8,4,12.787409956331352
8,5,9.624863796737307
8,6,6.826665165742096
8,7,3.8182662986638984
8,9,3.8179754405953
8,10,6.673799057649087
8,11,9.124208750016347
8,12,8.482776023054793
8,13,12.24747142743163
8,14,13.970494213590358
8,15,12.02226807171322
8,16,12.587004708797549
8,17,9.475029730129705
8,18,7.89843839491569
8,19,5.577726891272882
8,20,4.488419680253841
8,21,6.770877045990839
8,22,8.324379761581405
8,23,8.85723955543919
8,24,12.60804081892482
8,25,13.734857910132021
8,26,16.305425966366958
8,27,19.135639674643922
8,28,22.363457710075032
8,29,24.146395495223473
8,30,26.067889450010064
8,31,23.122648061485894
8,32,20.955084263895667
8,33,17.213411840306783
8,34,14.907543491635954
8,35,11.376402288298072
8,36,10.053662890349363
8,37,8.567647005111862
8,38,9.238082762230421
8,39,10.499979746038628
8,40,13.694411467853406
8,41,16.474799110889926
8,42,19.039128847468326
8,43,21.763649649739698
8,44,20.29455983103331
8,45,17.497703512889224
8,46,13.810028605641337
8,47,11.586166066301743
8,48,7.98421853832075
8,49,7.533501057855236
8,50,4.917231646222024
8,51,4.584216446761314
8,52,6.581799776693608
8,53,10.331593085294978
8,54,12.878851595503978
8,55,16.501859335686703
8,56,19.74418185969694
8,57,19.9482223269601
8,58,23.059413083247982
8,59,21.38183101473812
8,60,19.192577840594023
8,61,22.15773535427101
8,62,22.860842535883382
8,63,20.490660440330238
8,64,19.336198074084322
8,65,17.878296177575766
8,66,14.999837673356218
8,67,17.2353729726848
8,68,17.065070488522135
8,69,20.683502704384026
8,70,20.9742999559184
8,71,23.296412129179398
8,72,22.577636004479096
8,73,20.093789993731782
8,74,18.468322815661278
8,75,14.982867004470318
8,76,14.598944258677472
8,77,13.268103848047222
8,78,13.929792191665204
8,79,14.089376174095698
8,80,15.63263431145036
8,81,17.277911691687727
8,82,17.299003928466504
8,83,15.177341565161626
8,84,12.119215558686335
8,85,13.651659388178564
8,86,10.453786717960497
8,87,10.702855644332587
8,88,13.119859161178141
8,89,13.29663500245994
8,90,16.1565257679718
8,91,18.173592881225776
8,92,21.833121728994126
8,93,23.978596289684408
9,1,23.514595872833283
9,2,19.676040228659293
9,3,18.635886021988718
9,4,15.657792818616384
9,5,12.729786288635445
9,6,10.441211788041546
9,7,7.011151852292095
9,8,3.8179754405953
9,10,3.837819713705691
9,11,5.360953854657446
9,12,5.139154989005802
9,13,8.90250439593908
9,14,10.294370015052959
9,15,8.662045914223762
9,16,9.79154850632282
9,17,7.493734638128785
9,18,7.144361908245481
9,19,4.952137528976366
9,20,6.530524899449229
9,21,9.568444428421277
9,22,11.322079426050093
9,23,11.087855013039153
9,24,14.67622099663361
9,25,15.43103196006671
9,26,17.306745612865416
9,27,20.3069480291111
9,28,23.139972389173092
9,29,25.43602104934342
9,30,27.178000919248273
9,31,24.298974202721453
9,32,22.54759830691863
9,33,18.936827114130075
9,34,16.91064088165782
9,35,13.692679225206843
9,36,11.853974225019623
9,37,10.339031042623402
9,38,9.683606476822023
9,39,10.567372532270939
9,40,13.174527572981141
9,41,16.451936807961378
9,42,18.455815643531547
9,43,21.62339699820008
9,44,20.797195355201037
9,45,17.854111292922394
9,46,14.356484000150369
9,47,11.32379838852202
9,48,8.234874217405409
9,49,6.393018075074618
9,50,4.6775232580278825
9,51,6.720755112761225
9,52,8.5094030327847
9,53,11.917514211139416
9,54,13.88367909618138
9,55,17.240588881873336
9,56,20.715221099008737
9,57,20.803624682288167
9,58,24.090748348037263
9,59,22.473633086875832
9,60,20.818851998698246
9,61,24.012659065638932
9,62,25.20878368581866
9,63,22.869197525644612
9,64,22.194567250982967
9,65,20.61427619199376
9,66,17.377760091901273
9,67,19.112471788137412
9,68,18.205048010946836
9,69,21.55761111635178
9,70,21.153162131541933
9,71,23.366102513662206
9,72,22.27705733083181
9,73,19.38593478036298
9,74,17.217638987152124
9,75,14.080843588942733
9,76,14.661933096318716
9,77,13.711981822925454
9,78,15.258804260434957
9,79,15.820588983593879
9,80,18.001721997071325
9,81,19.89551570253904
9,82,20.359707248995544
9,83,18.462894805313514
9,84,15.648814587058451
9,85,16.946580362010963
9,86,13.577069512213983
9,87,14.254739225299327
9,88,16.2690247978384
9,89,15.789502242095761
9,90,18.135163623236803
9,91,19.533054536988526
9,92,23.161172337952355
9,93,24.895345265612878
10,1,26.969079035776595
10,2,23.10583701304688
10,3,22.29781004636932
10,4,19.238006212729463
10,5,16.087546462784875
10,6,13.429213724756869
10,7,10.381965992222836
10,8,6.673799057649087
10,9,3.837819713705691
10,11,3.8586429009122574
10,12,5.507271426388972
10,13,8.084648935087465
10,14,9.71023681346677
10,15,9.540862903409256
10,16,10.994047395683486
10,17,9.783449335408267
10,18,9.469275612076332
10,19,6.53841701809578
10,20,8.853206346173046
10,21,12.414073381895825
10,22,14.68602904875391
10,23,14.842036643690818
10,24,18.482232181247436
10,25,19.21004706114249
10,26,21.04998668131288
10,27,23.97779064155639
10,28,26.708750799044413
10,29,29.082147432973457
10,30,30.64753627736206
10,31,27.649979073141857
10,32,25.829455744037535
10,33,22.292216034600678
10,34,20.002966863393375
10,35,16.67575366971291
10,36,14.266942915173093
10,37,11.957634764865668
10,38,10.240631751628925
10,39,9.74920690712806
10,40,11.361058263153389
10,41,14.581444342465273
10,42,15.939845260615263
10,43,19.215977014158664
10,44,18.775011058932357
10,45,15.591327481504871
10,46,12.520170964259663
10,47,8.975597252846468
10,48,6.98809746310346
10,49,5.413210140313663
10,50,6.269603117315958
10,51,9.34736794352117
10,52,11.911839794086553
10,53,15.38422313374529
10,54,16.93283866547703
10,55,20.317649667121845
10,56,23.667226343184815
10,57,23.308536283122166
10,58,26.399881965496185
10,59,24.415381869666003
10,60,23.11257600361292
10,61,26.541649854251506
10,62,27.735510377726875
10,63,25.069836747906468
10,64,24.44424204828807
10,65,22.372382271348464
10,66,18.98189327870604
10,67,20.114139740158393
10,68,18.758609155630534
10,69,21.94787803622483
10,70,21.142598022334035
10,71,22.806738318329003
10,72,21.12009259619103
10,73,18.330361788574134
10,74,15.624221847849459
10,75,13.04246094453133
10,76,14.347925955241834
10,77,14.396814416391841
10,78,16.587503436441818
10,79,17.917977762857895
10,80,20.40055457345866
10,81,22.718631624934098
10,82,23.356433123571335
10,83,21.624540919367313
10,84,18.528227105808547
10,85,19.4498956982607
10,86,15.810164522802554
10,87,16.15744944114331
10,88,17.578439499837636
10,89,16.69121984659719
10,90,18.433976373912945
10,91,19.522698764654137
10,92,23.190649846557108
10,93,24.37084261195194
11,1,28.155814921994658
11,2,24.36284583266577
11,3,23.351935165938023
11,4,20.663027148973846
11,5,17.863755465517826
11,6,15.77764270941172
11,7,12.319390947830396
11,8,9.124208750016347
11,9,5.360953854657446
11,10,3.8586429009122574
11,12,3.8875442521283525
11,13,5.662762721333382
11,14,6.115445562142101
11,15,6.286235454062804
11,16,8.505943670955114
11,17,8.484590873968532
11,18,9.649744748311507
11,19,8.042961453937503
11,20,11.109189689130028
11,21,14.472384181448191
11,22,16.441609407367025
11,23,15.852152749395314
11,24,19.187354106171398
11,25,19.591380104935112
11,26,20.761727707005107
11,27,23.772094899681537
11,28,26.088925041686778
11,29,28.868420686816716
11,30,30.32201777310567
11,31,27.525772029438354
11,32,26.19340732985042
11,33,22.828138696185437
11,34,21.0109823972634
11,35,18.114647893236693
11,36,15.78298050806491
11,37,14.103383806675655
11,38,12.12767502824173
11,39,12.116795124572626
11,40,13.429477496263486
11,41,16.970885623563138
11,42,17.965794602398127
11,43,21.54041198198719
11,44,21.617811842800904
11,45,18.60456184127398
11,46,15.694288919558192
11,47,11.999717473218178
11,48,10.28914559144802
11,49,7.607552267492183
11,50,8.090169959105262
11,51,11.354219127847992
11,52,13.108113474966764
11,53,16.048245550644875
11,54,17.250002753284225
11,55,20.179577175081217
11,56,23.688717430313904
11,57,23.491402679793907
11,58,26.783866841523363
11,59,25.14078353081727
11,60,24.180562957285428
11,61,27.599843955483436
11,62,29.241175939911894
11,63,26.852104750557533
11,64,26.63243391898404
11,65,24.80460498492152
11,66,21.277916422888044
11,67,22.32540963562662
11,68,20.604434208474125
11,69,23.497958010827666
11,70,22.222013959922
11,71,24.0406892196201
11,72,22.361196009756316
11,73,19.144237661628058
11,74,16.228842480714388
11,75,13.997874718547646
11,76,15.891264788224364
11,77,15.741661218689119
11,78,18.2355671759569
11,79,19.382240925444936
11,80,22.13952569500536
11,81,24.352097032000298
11,82,25.243300960439058
11,83,23.60120763564885
11,84,20.885831425007087
11,85,21.878673525303302
11,86,18.33827765671478
11,87,19.204825297224133
11,88,20.72726954273352
11,89,19.615279489187753
11,90,21.25593348258257
11,91,21.916295236014395
11,92,25.40388591168358
11,93,26.476991925895867
12,1,27.2933762125391
12,2,23.56778228540082
12,3,21.988266539883092
12,4,19.21199327854361
12,5,16.868014395600717
12,6,14.818697347149762
12,7,11.090063790093033
12,8,8.482776023054793
12,9,5.139154989005802
12,10,5.507271426388972
12,11,3.8875442521283525
12,13,3.905761298861582
12,14,5.838378886954401
12,15,5.1148282537272385
12,16,5.532201423231582
12,17,5.018240561417983
12,18,6.08908380107507
12,19,5.485514829902663
12,20,9.02569537276804
12,21,12.193358792756035
12,22,14.375990910383958
12,23,13.916585290546244
12,24,17.187236375062785
12,25,18.16071519414939
12,26,19.24373958855727
12,27,22.599346284468208
12,28,25.021798702447835
12,29,27.756086938271913
12,30,29.64249361504715
12,31,27.1495660320863
12,32,25.971717082034324
12,33,22.479796155063095
12,34,21.030273589288885
12,35,18.171377486716747
12,36,16.558696131716886
12,37,15.335670572328103
12,38,14.237834370512594
12,39,14.704438031557487
12,40,16.543651475127664
12,41,19.95308671405743
12,42,21.215114035122955
12,43,24.61401642793142
12,44,24.280831466030524
12,45,21.070750415481996
12,46,18.00471259965833
12,47,14.479743829709962
12,48,12.276376183424837
12,49,10.155220345109328
12,50,9.424083326997069
12,51,11.701982865603181
12,52,12.712170550218408
12,53,15.568491331389726
12,54,17.476394538577182
12,55,20.312356281629555
12,56,24.013394900721995
12,57,24.407309347224395
12,58,27.908479582644762
12,59,26.605911351766046
12,60,25.20150687573422
12,61,28.338810219153647
12,62,29.807695766290887
12,63,27.68501895190008
12,64,27.144344679635218
12,65,25.701738745380343
12,66,22.434334708455392
12,67,24.055889014333466
12,68,22.83645106651479
12,69,25.975120942632316
12,70,25.086482974726252
12,71,27.160949803336706
12,72,25.721361692911135
12,73,22.560651099770556
12,74,19.85208170739062
12,75,17.3114428577336
12,76,18.70949080840525
12,77,18.03774402360142
12,78,19.96736923858368
12,79,20.49289343168061
12,80,22.782445960073307
12,81,24.468243178165274
12,82,24.860753283554086
12,83,22.738256609721045
12,84,20.168559093269334
12,85,21.82778515880542
12,86,18.61097299818725
12,87,19.173943970631925
12,88,21.337840711124773
12,89,20.880415146171877
12,90,23.064755763393737
12,91,24.22148961713031
12,92,27.810522245010507
12,93,29.241152862113278
13,1,31.023303980062916
13,2,27.342211835084566
13,3,25.617991033678965
13,4,22.9062081722649
13,5,20.706933977496853
13,6,18.6196618687283
13,7,14.90303266125324
13,8,12.24747142743163
13,9,8.90250439593908
13,10,8.084648935087465
13,11,5.662762721333382
13,12,3.905761298861582
13,14,3.8607188026054935
13,15,5.649351607039245
13,16,5.390320704699803
13,17,7.122413323557571
13,18,8.534813048814472
13,19,8.406707385007781
13,20,12.229930976354753
13,21,15.436888383155805
13,22,17.867068558855053
13,23,17.470277578515045
13,24,20.58146292096765
13,25,21.62037755339537
13,26,22.35028924976873
13,27,25.78088441569041
13,28,27.946549528924045
13,29,30.8840458508429
13,30,32.76588652322091
13,31,30.43586578674131
13,32,29.501121165134517
13,33,26.096698597926146
13,34,24.798908777552562
13,35,22.030928276114963
13,36,20.333714804121932
13,37,18.997963399817916
13,38,17.521410204510317
13,39,17.531105854799566
13,40,18.75408843518067
13,41,22.10041789439141
13,42,22.76855849630974
13,43,26.2303818931177
13,44,26.272877885617095
13,45,22.933376009079133
13,46,20.28314385429285
13,47,16.561937889103817
13,48,15.0641797808159
13,49,13.007303283595787
13,50,12.984120254711257
13,51,15.543508195230533
13,52,16.57717590410925
13,53,19.2914793002644
13,54,21.048532709846835
13,55,23.666946414050834
13,56,27.39509281881379
13,57,27.781912008483005
13,58,31.30504537153262
13,59,30.035685507082096
13,60,28.844833350701204
13,61,32.02862899846768
13,62,33.61705699775322
13,63,31.486688242592674
13,64,31.01228948377389
13,65,29.48147312848052
13,66,26.14849116406201
13,67,27.566260746949936
13,68,26.097378052812992
13,69,29.083503963308797
13,70,27.862208295300256
13,71,29.69094975583476
13,72,27.9192879561801
13,73,24.70479665730183
13,74,21.636204951243887
13,75,19.61935560849074
13,76,21.533021528387483
13,77,21.235986019977442
13,78,23.471679551511812
13,79,24.18958289032144
13,80,26.610138516255034
13,81,28.34004922219567
13,82,28.75195408656957
13,83,26.579337617178094
13,84,24.01125310410124
13,85,25.71135657334648
13,86,22.45598947012607
13,87,22.8895293269545
13,88,24.96589645509671
13,89,24.415755760284622
13,90,26.379185710905624
13,91,27.347662656885326
13,92,30.914242605278773
13,93,32.03442340769547
14,1,31.354473944737602
14,2,27.756192274049724
14,3,26.196608546303267
14,4,23.89914370119745
14,5,21.787269635494138
14,6,20.19946894940254
14,7,16.434209062711965
14,8,13.970494213590358
14,9,10.294370015052959
14,10,9.71023681346677
14,11,6.115445562142101
14,12,5.838378886954401
14,13,3.8607188026054935
14,15,3.8475660654765123
14,16,5.577224347701373
14,17,8.288804482100714
14,18,10.935839873192966
14,19,11.230619132373631
14,20,14.827661982248044
14,21,17.8125857401073
14,22,19.678639067584864
14,23,18.577639135639238
14,24,21.37351961180597
14,25,21.79333658106471
14,26,22.013607744027013
14,27,25.240935815674785
14,28,26.978413953371806
14,29,30.206493089152147
14,30,31.759841299629596
14,31,29.493574956398856
14,32,28.89761368756585
14,33,25.756765205584223
14,34,24.710017658488265
14,35,22.333270555675078
14,36,20.492404050678413
14,37,19.512549485294777
14,38,17.72314661126213
14,39,18.0447014499641
14,40,19.12269417315789
14,41,22.706162595828694
14,42,23.275379912019904
14,43,26.959991383161242
14,44,27.393126312526423
14,45,24.350409821529535
14,46,21.669024530242947
14,47,17.894910781328427
14,48,16.40130236220492
14,49,13.5958042382981
14,50,13.570192684005987
14,51,16.379531265152103
14,52,17.096901854425358
14,53,19.3274082741344
14,54,20.48337144226699
14,55,22.68684656667423
14,56,26.359849613072182
14,57,26.666992292656488
14,58,30.20391780246219
14,59,29.133429962786344
14,60,28.35972172600437
14,61,31.56829476700413
14,62,33.55828348131391
14,63,31.591944644250198
14,64,31.57943441741764
14,65,30.140494807903778
14,66,26.651130041251722
14,67,27.83543742474499
14,68,26.00559521721362
14,69,28.667730108335974
14,70,27.069807253366093
14,71,29.004325476715334
14,72,27.33365876914245
14,73,23.84603964502922
14,74,20.8029887748607
14,75,19.047624904390393
14,76,21.28368036649016
14,77,20.884148825602008
14,78,23.372395818772155
14,79,24.091163772004816
14,80,26.82081062039795
14,81,28.63428154855542
14,82,29.467844218291713
14,83,27.643173962601885
14,84,25.364963980499283
14,85,26.77653991009055
14,86,23.511046856616947
14,87,24.528737446261722
14,88,26.415128966220866
14,89,25.448198179448298
14,90,27.192726400748963
14,91,27.70261293337971
14,92,31.057618824056483
14,93,32.077399583067525
15,1,27.799676396148794
15,2,24.28786932833047
15,3,22.642648604784906
15,4,20.57122889054259
15,5,18.720580806634526
15,6,17.59484507479114
15,7,13.830370129054696
15,8,12.02226807171322
15,9,8.662045914223762
15,10,9.540862903409256
15,11,6.286235454062804
15,12,5.1148282537272385
15,13,5.649351607039245
15,14,3.8475660654765123
15,16,3.8786004462572876
15,17,5.688305498817514
15,18,9.042313343811253
15,19,10.02789813287274
15,20,13.105767862309467
15,21,15.57398243961453
15,22,16.878735098682977
15,23,15.307457595120608
15,24,17.857074605387098
15,25,18.10009392940198
15,26,18.182979853898576
15,27,21.414621910789474
15,28,23.162779664311728
15,29,26.37505223302577
15,30,27.99473583696447
15,31,25.803731304395647
15,32,25.3014731920843
15,33,22.190115577241016
15,34,21.404537358683477
15,35,19.2676778305066
15,36,17.811017276120964
15,37,17.4089438222198
15,38,16.171087317678445
15,39,17.269283131208578
15,40,19.03469004777365
15,41,22.737556143818775
15,42,23.906740992471857
15,43,27.563124109845553
15,44,27.652760426464607
15,45,24.76054520083902
15,46,21.65727416845352
15,47,18.09605734453471
15,48,15.863853309903266
15,49,12.838147727857438
15,50,11.777686307605652
15,51,14.010838139161681
15,52,14.056184056977276
15,53,15.918845818810611
15,54,17.15877624608557
15,55,19.208151352075586
15,56,22.94388941657681
15,57,23.559195900386317
15,58,27.213980850611108
15,59,26.42629362544346
15,60,25.461912928036792
15,61,28.478883994992206
15,62,30.504348469156678
15,63,28.800757273199995
15,64,28.83481757820636
15,65,27.744242126156887
15,66,24.379749669644166
15,67,25.891127032892992
15,68,24.336756085332304
15,69,27.083584606199853
15,70,25.789220608156363
15,71,28.14573658828147
15,72,26.951202598687562
15,73,23.39623459548913
15,74,20.793160208339607
15,75,18.50445556660359
15,76,20.208208435045297
15,77,19.156388759470577
15,78,21.233265969924616
15,79,21.453586488666684
15,80,23.995992338128186
15,81,25.519195970440343
15,82,26.319706330571634
15,83,24.516723709749154
15,84,22.55248352808673
15,85,24.07721260550638
15,86,21.062466441526258
15,87,22.37883820035695
15,88,24.50704607016161
15,89,23.7077270752828
15,90,25.766173710198487
15,91,26.432232994102797
15,92,29.741274451331275
15,93,31.16870086689696
16,1,28.26591425019297
16,2,24.838616292083564
16,3,22.67793806737176
16,4,20.45836753775932
16,5,19.014669284869804
16,6,17.770783837706258
16,7,13.984737458066874
16,8,12.587004708797549
16,9,9.79154850632282
16,10,10.994047395683486
16,11,8.505943670955114
16,12,5.532201423231582
16,13,5.390320704699803
16,14,5.577224347701373
16,15,3.8786004462572876
16,17,3.8318760364428894
16,18,7.077495917390493
16,19,9.167670788934092
16,20,12.299296563884699
16,21,14.478709547185703
16,22,16.08266168487987
16,23,14.884062317967716
16,24,17.32961543623309
16,25,18.280634659762807
16,26,18.360233737519508
16,27,21.906912783937013
16,28,23.79352132659846
16,29,26.863278393939844
16,30,28.937029001679875
16,31,27.041542141008275
16,32,26.59709172932111
16,33,23.365701754131923
16,34,22.79869245643786
16,35,20.591357597146413
16,36,19.659184910316426
16,37,19.329418747429134
16,38,18.60641804735897
16,39,19.67303696691496
16,40,21.63669802628163
16,41,25.192559661336695
16,42,26.432601980831674
16,43,29.9435622613373
16,44,29.728290105147952
16,45,26.57900848810725
16,46,23.469464210351802
16,47,19.95598564598074
16,48,17.609515552702934
16,49,15.15253931178081
16,50,13.770372949559803
16,51,15.412192045354388
16,52,15.148364459102424
16,53,17.044137318967337
16,54,18.956492925505646
16,55,21.006879110679158
16,56,24.82283511288187
16,57,25.86839179566347
16,58,29.609444384559623
16,59,28.97368368775501
16,60,27.60397312365704
16,61,30.400823387965357
16,62,32.15407748096051
16,63,30.576262811871974
16,64,30.226453114154133
16,65,29.33901021588211
16,66,26.209129099239952
16,67,28.108120010421082
16,68,26.948771493215535
16,69,29.94005638777852
16,70,28.959086883028103
16,71,31.35205200672196
16,72,30.164049811846795
16,73,26.739392734461457
16,74,24.130237394677902
16,75,21.670561420521487
16,76,23.10330932004458
16,77,21.929154098390285
16,78,23.641048208995418
16,79,23.542919296523024
16,80,25.657309812869897
16,81,26.78480998271447
16,82,27.064681215840988
16,83,24.79669026551504
16,84,22.871354369782324
16,85,24.95054865012575
16,86,22.18375349642037
16,87,23.038436946235656
16,88,25.601081686859708
16,89,25.34495137099396
16,90,27.753944488791777
16,91,28.85494750019192
16,92,32.3091878659042
16,93,33.91873752759816
17,1,24.948864581324095
17,2,21.4731109696131
17,3,19.260000436145877
17,4,16.821773252909942
17,5,15.376848219160236
17,6,14.102973872114283
17,7,10.372054044733163
17,8,9.475029730129705
17,9,7.493734638128785
17,10,9.783449335408267
17,11,8.484590873968532
17,12,5.018240561417983
17,13,7.122413323557571
17,14,8.288804482100714
17,15,5.688305498817514
17,16,3.8318760364428894
17,18,3.843481941483473
17,19,6.465612399229323
17,20,8.926298791849636
17,21,10.764480161605453
17,22,12.251213532212084
17,23,11.204249891757842
17,24,13.879345948831547
17,25,15.156968550533998
17,26,15.76959021196038
17,27,19.395286133707582
17,28,21.726871811800493
17,29,24.466426533684004
17,30,26.740066899938803
17,31,24.715507661676394
17,32,23.940035051120123
17,33,20.521753634319175
17,34,19.81329631402977
17,35,17.441978200658525
17,36,16.839603767164803
17,37,16.641151577454234
17,38,16.531077482185836
17,39,17.916092580772865
17,40,20.38593056189465
17,41,23.810767715247426
17,42,25.523851241336327
17,43,28.843020342422868
17,44,28.181905112428623
17,45,25.07976055883115
17,46,21.724519088364506
17,47,18.518097869474342
17,48,15.684407940021964
17,49,13.59580121713636
17,50,11.521293446895136
17,51,12.44088590924277
17,52,11.948016206386843
17,53,14.012576272980375
17,54,16.41801193252213
17,55,18.764582199613134
17,56,22.571426233766214
17,57,23.7388752832253
17,58,27.451413161144444
17,59,26.770253714171485
17,60,25.01277227764247
17,61,27.687195982045694
17,62,29.152008693563463
17,63,27.583414473635315
17,64,26.96649770764112
17,65,26.21141986499208
17,66,23.283484160663154
17,67,25.501434620820884
17,68,24.762991370341453
17,69,27.97090625640282
17,70,27.44508108904441
17,71,29.993674509630036
17,72,29.06980385061804
17,73,25.83140215744842
17,74,23.54662640103825
17,75,20.642744027597022
17,76,21.485454027651446
17,77,19.994759418268288
17,78,21.236650836111025
17,79,20.85366207400069
17,80,22.624497587166818
17,81,23.56088075409389
17,82,23.573687887001274
17,83,21.141077126222097
17,84,19.188753128553078
17,85,21.46023315571056
17,86,18.865857488637268
17,87,19.585468153703374
17,88,22.374612916336318
17,89,22.458178091984763
17,90,25.165438332822248
17,91,26.618243179894243
17,92,30.12030293743463
17,93,32.03832759182919
18,1,24.42092360042829
18,2,20.897206777425563
18,3,18.609358467140066
18,4,15.646265528141619
18,5,14.075337890210754
18,6,12.162722852701235
18,7,8.68530847329199
18,8,7.89843839491569
18,9,7.144361908245481
18,10,9.469275612076332
18,11,9.649744748311507
18,12,6.08908380107507
18,13,8.534813048814472
18,14,10.935839873192966
18,15,9.042313343811253
18,16,7.077495917390493
18,17,3.843481941483473
18,19,3.825229345934194
18,20,5.759266651833443
18,21,7.669191894216649
18,22,9.988637148959604
18,23,10.132320304524121
18,24,13.230956671846789
18,25,15.281139798444748
18,26,16.65488593383136
18,27,20.290756242698794
18,28,23.086165474013185
18,29,25.36080532148742
18,30,27.890838764294834
18,31,25.765100099627332
18,32,24.545423709911965
18,33,20.91593763391971
18,34,19.8537652945504
18,35,17.07054898184488
18,36,16.669617930137225
18,37,16.09937520723899
18,38,16.431663598899412
18,39,17.533787023679583
18,40,20.146070263091293
18,41,23.22671705257593
18,42,25.0990213716783
18,43,28.113142291096374
18,44,27.02272579668263
18,45,23.77000529486102
18,46,20.453126745648678
18,47,17.537070228375576
18,48,14.657558417787437
18,49,13.490981987714754
18,50,11.405036878875562
18,51,11.74838985487399
18,52,11.65371434795816
18,53,14.240934980981356
18,54,17.212453526810133
18,55,19.97665849786892
18,56,23.665721925665817
18,57,24.800601939252537
18,58,28.370099808729236
18,59,27.443615213849448
18,60,25.284801771492546
18,61,27.889042299654854
18,62,28.862635725533508
18,63,27.116065213456604
18,64,25.983697360751552
18,65,25.143458920752604
18,66,22.470670781442667
18,67,24.914893227589612
18,68,24.605767153532675
18,69,28.074625779614685
18,70,27.958225057362355
18,71,30.3700304117482
18,72,29.4073409341511
18,73,26.496536410532407
18,74,24.287775153633092
18,75,21.20360672194596
18,76,21.652566901567354
18,77,20.2807333143434
18,78,21.17852929757811
18,79,20.802417954687694
18,80,22.158241175639798
18,81,22.99252617092969
18,82,22.511781962743942
18,83,19.711715507137622
18,84,17.41405035666628
18,85,20.000483699382738
18,86,17.50817908495701
18,87,17.516487187671473
18,88,20.526215575783212
18,89,21.12509664371717
18,90,24.054258151816036
18,91,25.98032764201213
18,92,29.61945803616374
18,93,31.64687231628497
19,1,24.947228305032688
19,2,21.2321381032363
19,3,19.490594350620555
19,4,16.17185746371923
19,5,13.81212062234626
19,6,11.100645589558063
19,7,7.771785402346992
19,8,5.577726891272882
19,9,4.952137528976366
19,10,6.53841701809578
19,11,8.042961453937503
19,12,5.485514829902663
19,13,8.406707385007781
19,14,11.230619132373631
19,15,10.02789813287274
