1,2,3.8723728509568427
1,3,6.702238969661726
1,4,9.863606104871598
1,5,11.86574570690785
1,6,13.02189180246779
1,7,16.122777583158626
1,8,19.056526199071026
1,9,22.04087751078796
1,10,24.910714170857066
1,11,27.84783108313037
1,12,29.756661425519138
1,13,29.349069901296676
1,14,33.18924745980102
1,15,33.80604901647997
1,16,30.607244894777867
1,17,31.556686171780754
1,18,28.1044193740533
1,19,27.234340306299192
1,20,26.68439038462733
1,21,23.78002110660867
1,22,21.402324047836284
1,23,18.05870607277355
1,24,17.06102736826503
1,25,15.382617426167291
1,26,13.492529117182904
1,27,14.901061615817305
1,28,12.320347885771278
1,29,12.657740469378087
1,30,12.191526239356874
1,31,14.185838370232448
1,32,13.169048060641712
1,33,10.170704671465227
1,34,10.005415818444732
1,35,9.695124244993266
1,36,11.729923660043122
1,37,14.79091469595343
1,38,17.65221001504236
1,39,21.172321983182385
1,40,24.075531505106134
1,41,27.53825402744016
1,42,28.61305471387661
1,43,32.38572652056085
1,44,33.30319853023718
1,45,30.680160882168195
1,46,30.677579991760272
1,47,27.343059049593876
1,48,27.784950954250778
1,49,24.719624564101924
1,50,25.280736234921086
1,51,22.243766292098883
1,52,18.711062329921102
1,53,16.74926491277599
1,54,14.465803374721133
1,55,14.539200200983757
1,56,14.794282313827038
1,57,13.393922034954013
1,58,14.372297732598083
1,59,14.242434141030792
1,60,14.897901674648582
1,61,11.358804244616827
1,62,9.466018172263832
1,63,7.245172861438031
1,64,8.722728756508921
1,65,7.514656406325251
1,66,11.280468002968627
1,67,13.39472703499789
1,68,16.338326920555797
1,69,19.447494886521962
1,70,20.88459007773723
1,71,23.85286922957847
1,72,27.21068259268167
1,73,28.97155712244653
1,74,27.759961164489663
1,75,29.747575556062646
1,76,26.629350582470536
1,77,23.419115107798493
1,78,20.10971772459577
1,79,16.471395909600933
1,80,13.145469456600107
1,81,9.488042357232926
1,82,5.914112710474243
1,83,5.180713916127486
1,84,8.440919998699163
1,85,11.557862835968157
1,86,10.21664444918026
1,87,13.491006157315335
1,88,15.784869096034273
1,89,16.235306372393893
1,90,17.162689738420447
1,91,19.34653784543298
1,92,21.717600703772337
1,93,22.034512478015728
1,94,24.386504616067864
2,1,3.8723728509568427
2,3,3.870864093142186
2,4,6.457079172366168
2,5,9.216420197947631
2,6,11.202130990470728
2,7,14.705110729620685
2,8,17.265765651267134
2,9,20.58727618819972
2,10,23.337483697988027
2,11,26.593199786939635
2,12,28.190117348608972
2,13,27.39717660683477
2,14,31.17012686901741
2,15,31.800582042471515
2,16,28.42432211702444
2,17,29.083650712053917
2,18,25.64476802866228
2,19,24.90300953028137
2,20,24.829446353271717
2,21,22.04447857109091
2,22,19.365714527751088
2,23,15.7897839047895
2,24,14.383310993855615
2,25,12.153141250600653
2,26,10.188124225724989
2,27,11.203552581703233
2,28,8.676073006287373
2,29,9.201674854357
2,30,9.54438080503125
2,31,11.697901239520803
2,32,10.306925382201111
2,33,7.921349398737403
2,34,7.598796164834102
2,35,8.370502195960146
2,36,10.6749621615968
2,37,14.225658972015363
2,38,17.40608448196987
2,39,20.942978336960817
2,40,24.108321909126165
2,41,27.762114478604218
2,42,29.291800890557788
2,43,33.03216613325269
2,44,34.36211898720415
2,45,31.832706827092032
2,46,31.39275571283782
2,47,27.843294334374253
2,48,27.757384375573878
2,49,24.400276417996444
2,50,24.57509567563316
2,51,21.19123066107267
2,52,17.605436658417077
2,53,15.008674347305107
2,54,12.31344431999462
2,55,12.799109786415194
2,56,12.791306579161784
2,57,11.90188255357121
2,58,13.832437346780486
2,59,14.62052084964551
2,60,15.68907031072311
2,61,12.141002036696921
2,62,10.715471109275647
2,63,9.766778889313882
2,64,11.124213033627305
2,65,10.098721368580087
2,66,13.49562280737897
2,67,14.773952403709698
2,68,18.056177173287807
2,69,20.820216759407007
2,70,22.66995588660812
2,71,25.2626596803066
2,72,28.761640128425327
2,73,30.225973569902
2,74,28.561845171149596
2,75,30.147672657930997
2,76,26.78663228728277
2,77,23.911521529566418
2,78,20.423495342850607
2,79,17.0968431331206
2,80,13.477237205667064
2,81,10.294340851331231
2,82,6.498161477667682
2,83,5.296681383652685
2,84,7.329326537773749
2,85,10.906250797419283
2,86,10.70257311672241
2,87,13.53709683074666
2,88,15.916913680644807
2,89,17.217518010887396
2,90,18.313669133270245
2,91,20.966862795066394
2,92,23.443318146079577
2,93,24.23739315186551
2,94,26.417981422875254
3,1,6.702238969661726
3,2,3.870864093142186
3,4,3.8443193853319215
3,5,5.765240093457231
3,6,7.535598155189237
3,7,11.184702451257131
3,8,13.485434312113746
3,9,16.852286042606156
3,10,19.540403831375116
3,11,22.87434145113884
3,12,24.402104979444108
3,13,23.533648109390956
3,14,27.30134726064463
3,15,27.973338808546774
3,16,24.622709711305916
3,17,25.25944266477544
3,18,21.801541505075495
3,19,21.083332580080818
3,20,21.032754553447024
3,21,18.373586206731492
3,22,15.790640372210117
3,23,12.285546490635987
3,24,10.65542966680588
3,25,8.787144177864947
3,26,6.882757526940338
3,27,8.878739038290652
3,28,7.4414130182282685
3,29,9.537653800336681
3,30,11.168691851891195
3,31,12.593791041288076
3,32,10.069813091356645
3,33,7.739664405965952
3,34,5.619992238546465
3,35,5.831794076507723
3,36,7.457093979679222
3,37,11.195106991739253
3,38,14.359705529926075
3,39,17.890525703785986
3,40,21.109640585488446
3,41,24.851919795557333
3,42,26.663150746613514
3,43,30.331901057007922
3,44,31.966271511804365
3,45,29.52599490006818
3,46,28.738026080641443
3,47,25.065715705621187
3,48,24.621851376821574
3,49,21.12533191548048
3,50,21.127273467688237
3,51,17.61623274223336
3,52,14.018728685340491
3,53,11.23975834219649
3,54,8.64626899751708
3,55,9.773331436337665
3,56,10.497476536702127
3,57,10.734137105030337
3,58,12.76853300815684
3,59,14.447553741525326
3,60,15.007941064250232
3,61,11.381661134570527
3,62,11.195384140157318
3,63,11.058639474428816
3,64,11.353674772285867
3,65,10.220934698899791
3,66,12.836244273998831
3,67,13.19458920488304
3,68,16.73267073127874
3,69,19.18364082817227
3,70,21.54846260188042
3,71,23.83181946887382
3,72,27.293658419394447
3,73,28.335814306452537
3,74,26.378825284688432
3,75,27.57547056893898
3,76,24.03718162454488
3,77,21.40702010175691
3,78,17.94736531952041
3,79,14.951117754048711
3,80,11.391334202658465
3,81,8.821388638528862
3,82,5.676909791316874
3,83,4.455917061720489
3,84,5.1105423364987255
3,85,8.192665985245696
3,86,8.678776148337603
3,87,10.804430427887718
3,88,13.277943942870301
3,89,15.172011805118684
3,90,16.28495908462122
3,91,19.30435147996469
3,92,21.888122373791013
3,93,23.240259378991645
3,94,25.347463680430867
4,1,9.863606104871598
4,2,6.457079172366168
4,3,3.8443193853319215
4,5,3.8442204028845848
4,6,7.241888599987678
4,7,10.746484289491617
4,8,12.67420485194356
4,9,16.37255511816969
4,10,19.066061000797227
4,11,22.63154978473831
4,12,23.976399623675785
4,13,22.515870959206445
4,14,26.13010651347443
4,15,27.085666016965153
4,16,23.67906544374009
4,17,23.74463546487445
4,18,20.203788968224487
4,19,19.2985466082472
4,20,19.75879459305845
4,21,17.065470297087792
4,22,13.994660343053463
4,23,10.252450064835308
4,24,8.621050479202665
4,25,5.887807946092379
4,26,5.1601468224241165
4,27,6.72064775112529
4,28,6.5542369333930495
4,29,8.90194974937824
4,30,11.543423080972815
4,31,13.243522152169206
4,32,10.64646065096239
4,33,9.625389587504811
4,34,7.528126314577173
4,35,8.513424086274807
4,36,9.36964264553163
4,37,13.054972678584287
4,38,15.95120126013579
4,39,19.403978077152065
4,40,22.546922826718067
4,41,26.34571137793224
4,42,28.394659818820905
4,43,31.91180097347384
4,44,33.80813977030962
4,45,31.328872479679823
4,46,30.118498482863412
4,47,26.392543897414555
4,48,25.541137437907338
4,49,21.92071057776136
4,50,21.790423376801627
4,51,18.083710340126277
4,52,14.51109877385596
4,53,11.337286656289017
4,54,8.963928955886086
4,55,11.107354270151948
4,56,11.836496230127818
4,57,12.8435864195277
4,58,15.454141844726424
4,59,17.630711571240504
4,60,18.319631297401
4,61,14.841362782301147
4,62,14.865133996661752
4,63,14.885662963497994
4,64,15.118521490987769
4,65,13.693096181917491
4,66,16.0255905660393
4,67,16.10952598985641
4,68,19.79588219790312
4,69,22.09363475669357
4,70,24.761420184957515
4,71,26.849317816497788
4,72,30.246189059548435
4,73,30.95438759476159
4,74,28.778760572083502
4,75,29.55691394832697
4,76,25.855669531090115
4,77,23.546379046559537
4,78,20.207958422989584
4,79,17.60289990186242
4,80,14.23798435910891
4,81,12.154083222132469
4,82,9.387504556212473
4,83,7.49264550901862
4,84,6.0664953456514565
4,85,8.91991405033737
4,86,10.830239548791353
4,87,12.55179383793494
4,88,14.37706970835172
4,89,16.961821062407
4,90,18.52685210208253
4,91,21.865912260734554
4,92,24.652486202969712
4,93,26.363242273331146
4,94,28.512089695360256
5,1,11.86574570690785
5,2,9.216420197947631
5,3,5.765240093457231
5,4,3.8442204028845848
5,6,3.818719126039896
5,7,7.007590767406138
5,8,9.042416402269325
5,9,12.755231506414495
5,10,15.674037341177284
5,11,19.157229248891138
5,12,20.75024318204234
5,13,19.262069355506043
5,14,22.91034250740472
5,15,24.135712729253257
5,16,20.951185095677335
5,17,20.990439582709236
5,18,17.291968007072043
5,19,16.022479763541728
5,20,16.153081941235243
5,21,13.30500534427724
5,22,10.319414392578038
5,23,6.64794974846909
5,24,5.5317775534731775
5,25,4.413173009804482
5,26,5.35217599583582
5,27,8.345541218552594
5,28,9.423187870061023
5,29,12.398854849947769
5,30,15.205804913190253
5,31,16.494129922035935
5,32,13.431962212576474
5,33,12.096893798021416
5,34,9.034516154247592
5,35,8.65344506196058
5,36,7.83201058116735
5,37,11.092739528332217
5,38,13.368659862694445
5,39,16.80245681115566
5,40,19.673346390315366
5,41,23.44980053665681
5,42,25.526679405994084
5,43,28.905409019726555
5,44,30.92458940448447
5,45,28.411128591809803
5,46,26.92536176368738
5,47,23.207169250122337
5,48,22.195251447964036
5,49,18.590372376759245
5,50,18.63989802732124
5,51,14.99516356535079
5,52,11.372260618488184
5,53,8.509204383195176
5,54,7.301005994418495
5,55,10.406657303476337
5,56,12.282550729956748
5,57,14.10953074870731
5,58,16.20106226890244
5,59,18.666859367182166
5,60,18.611757656764784
5,61,15.137000849103194
5,62,16.03874453664672
5,63,16.118517565657523
5,64,15.41900629552283
5,65,13.648384911383754
5,66,15.128764642752074
5,67,14.64687200978716
5,68,18.412925683995464
5,69,20.550972421732823
5,70,23.627036038938343
5,71,25.57783585034667
5,72,28.743969780585967
5,73,29.025026642806072
5,74,26.81935520209375
5,75,27.272933593692112
5,76,23.48798153755055
5,77,21.3188981990022
5,78,18.28598598085871
5,79,16.018323245545155
5,80,13.162674005534319
5,81,11.642105950904195
5,82,9.857973647907615
5,83,7.881627767086693
5,84,5.082514883845423
5,85,6.287954951095924
5,86,9.087168727839412
5,87,10.049369080468056
5,88,11.369533064990286
5,89,14.426182333676795
5,90,16.212554596713243
5,91,19.790773437887967
5,92,22.751449637409433
5,93,24.918763329623904
5,94,27.157517802832267
6,1,13.02189180246779
6,2,11.202130990470728
6,3,7.535598155189237
6,4,7.241888599987678
6,5,3.818719126039896
6,7,3.7573605614211174
6,8,6.155915000896469
6,9,9.560564337824044
6,10,12.642148166446786
6,11,15.903667083062174
6,12,17.809894820204118
6,13,16.785171311311494
6,14,20.56620686507106
6,15,21.75229218139356
6,16,18.810644201727445
6,17,19.302328920676768
6,18,15.621401596648367
6,19,14.312779745196845
6,20,13.723718735674433
6,21,10.923078060961915
6,22,8.735042783160663
6,23,5.895439935491927
6,24,5.229428621191364
6,25,6.555013640789301
6,26,7.166250652647389
6,27,10.826490265602878
6,28,11.982450773587521
6,29,15.293177824233403
6,30,17.906137550945466
6,31,18.70180821488785
6,32,15.33183602841381
6,33,13.422546620147033
6,34,9.811537641873127
6,35,8.014317749590342
6,36,5.559015602953205
6,37,8.041434396709755
6,38,9.755962512435191
6,39,13.19582210042514
6,40,15.912027649257615
6,41,19.673193078602218
6,42,21.738617789088362
6,43,25.09257924940917
6,44,27.156095436459523
6,45,24.703698246976835
6,46,23.16501439089054
6,47,19.422576584637195
6,48,18.406693629541397
6,49,14.81257638552827
6,50,15.018496844723213
6,51,11.503247359057008
6,52,7.761743393851337
6,53,5.551017964879293
6,54,5.795237552709135
6,55,9.079353308342679
6,56,11.961481547927585
6,57,14.164444212429082
6,58,15.468006449940544
6,59,17.987709501014805
6,60,17.17888581670932
6,61,13.864928849197874
6,62,15.58879345613676
6,63,15.844006981828688
6,64,14.302421778901996
6,65,12.591704428321746
6,66,13.136267086461899
6,67,11.946532597857315
6,68,15.604156548764898
6,69,17.491449424025777
6,70,20.826075358998303
6,71,22.62422833730918
6,72,25.60008001413543
6,73,25.613147997428957
6,74,23.423869542757927
6,75,23.748796512169413
6,76,19.95780556456711
6,77,17.808511497470967
6,78,15.009505751615501
6,79,13.011358684460053
6,80,10.719903281363521
6,81,9.919800774641136
6,82,9.417583267918912
6,83,8.177789786383903
6,84,5.648986295133008
6,85,4.37475456173649
6,86,7.013912502381666
6,87,6.749719161043951
6,88,8.132397599883971
6,89,11.364587759152952
6,90,12.926298411703932
6,91,16.57211310788091
6,92,19.50895850908797
6,93,21.983716126539438
6,94,24.178380368986602
7,1,16.122777583158626
7,2,14.705110729620685
7,3,11.184702451257131
7,4,10.746484289491617
7,5,7.007590767406138
7,6,3.7573605614211174
7,8,3.8344246480366153
7,9,6.66183933239772
7,10,10.222354639009433
7,11,13.125959216240949
7,12,15.520259836015693
7,13,14.516421966370352
7,14,18.225782246717877
7,15,19.835410687427594
7,16,17.36732778682572
7,17,17.779812707858177
7,18,14.060541588908388
7,19,12.158733860726546
7,20,10.83186167676525
7,21,7.721560349582238
7,22,6.2010051884475565
7,23,4.890714595823199
7,24,6.056154117378157
7,25,8.894229154789487
7,26,10.354609972439894
7,27,13.96978516689589
7,28,15.563792462740015
7,29,18.949109097762168
7,30,21.650753981026142
7,31,22.38851759710602
7,32,18.930598172728082
7,33,17.026783290710675
7,34,13.31983988407351
7,35,11.10498854708375
7,36,7.820070384626639
7,37,8.799963646965466
7,38,8.965850503278078
7,39,12.043832303649982
7,40,14.059155519130135
7,41,17.647780549484324
7,42,19.63211956187909
7,43,22.72430249146905
7,44,24.886449032455864
7,45,22.35909899947036
7,46,20.446491832215223
7,47,16.78936628408296
7,48,15.598566586758997
7,49,12.137326886499306
7,50,12.816824577215062
7,51,9.685026972765568
7,52,6.221838852180338
7,53,5.766474694788927
7,54,8.047624431867105
7,55,11.34881348143782
7,56,14.706438850893877
7,57,17.224444267727858
7,58,18.08996313745945
7,59,20.620627914564437
7,60,19.251492939249857
7,61,16.17036541346869
7,62,18.364786555243903
7,63,18.524188689289726
7,64,16.38436654141927
7,65,14.429058181454627
7,66,14.054343872446282
7,67,12.426012808840618
7,68,15.822016062223872
7,69,17.448554330691984
7,70,21.09109401497119
7,71,22.711037459734936
7,72,25.281570702833427
7,73,24.772998708045634
7,74,22.668727082704176
7,75,22.58199256942059
7,76,18.808146291141174
7,77,16.90160222865186
7,78,14.759705802724541
7,79,13.36863128409837
7,80,12.073523734219599
7,81,11.928563574657792
7,82,12.264585434079864
7,83,11.01594071520091
7,84,8.248662789839406
7,85,5.2923780449787
7,86,8.067552225013559
7,87,6.586512363972268
7,88,6.361498028961891
7,89,10.084945379197249
7,90,11.959044009793997
7,91,15.69941366918379
7,92,18.77897609957487
7,93,21.71463393764865
7,94,24.001962627743215
8,1,19.056526199071026
8,2,17.265765651267134
8,3,13.485434312113746
8,4,12.67420485194356
8,5,9.042416402269325
8,6,6.155915000896469
8,7,3.8344246480366153
8,9,3.789122432306462
8,10,6.8586142607887055
8,11,10.215925860828277
8,12,12.110834236712186
8,13,10.829793229120245
8,14,14.57210048284607
8,15,16.10031001985407
8,16,13.576052992228998
8,17,13.964123444894746
8,18,10.290810098450795
8,19,8.706951826935635
8,20,7.6505624381831225
8,21,5.4439446721795095
8,22,4.926339463124295
8,23,5.2052764109057295
8,24,5.431682077257548
8,25,9.133946940948592
8,26,10.690044328955
8,27,14.091081203780892
8,28,16.3351924333152
8,29,20.005356071355816
8,30,23.02340913302473
8,31,23.261664873080008
8,32,19.564917349314676
8,33,18.105980928925707
8,34,14.331857716683789
8,35,12.436711925624387
8,36,9.178651056237776
8,37,9.306355143267835
8,38,9.136097008704606
8,39,11.272520175069696
8,40,13.2843529457684
8,41,16.742246529868208
8,42,19.294767366079387
8,43,22.122661727004107
8,44,24.771340266521264
8,45,22.682598966796547
8,46,20.351311038905795
8,47,16.667733541962882
8,48,14.648902596249824
8,49,11.041494011207373
8,50,10.815103038550626
8,51,7.480912961268165
8,52,4.959661559693292
8,53,4.5805353020628745
8,54,7.789656859707657
8,55,11.092642307471825
8,56,14.476360384312821
8,57,17.598319671753544
8,58,18.514912929489906
8,59,21.50482500538303
8,60,20.15075588880776
8,61,17.55664503222809
8,62,20.122746206689452
8,63,20.911124702843377
8,64,18.819843296980068
8,65,17.416897565126643
8,66,16.838317077888266
8,67,14.552251934634805
8,68,17.532700135056306
8,69,18.407018799975813
8,70,22.146273176826387
8,71,23.15375640285758
8,72,25.645319402900714
8,73,24.756253091286723
8,74,22.22452476040496
8,75,21.557953748234198
8,76,17.746794138331747
8,77,16.579514023567622
8,78,14.655060504647636
8,79,14.167675590823139
8,80,13.24973734352532
8,81,14.030608873485134
8,82,14.759868361996903
8,83,14.109527027026514
8,84,11.574764457599873
8,85,8.992549256688704
8,86,11.359926540902904
8,87,9.044054937697842
8,88,9.16814038671825
8,89,12.707204582458171
8,90,13.87696285643077
8,91,17.3998295670246
8,92,20.047286914300123
8,93,23.23982507223653
8,94,25.07179224345888
9,1,22.04087751078796
9,2,20.58727618819972
9,3,16.852286042606156
9,4,16.37255511816969
9,5,12.755231506414495
9,6,9.560564337824044
9,7,6.66183933239772
9,8,3.789122432306462
9,10,3.772576146629993
9,11,6.557574588034146
9,12,8.99733883033899
9,13,8.330798483036297
9,14,12.011271417604089
9,15,13.637965065140072
9,16,11.793764708887743
9,17,12.615344185729109
9,18,9.404108503241497
9,19,7.870260131231324
9,20,5.461463261342628
9,21,4.557675704751433
9,22,6.612770532328859
9,23,8.495688197994157
9,24,9.061231125787506
9,25,12.81650774271077
9,26,14.172175124419644
9,27,17.52867350508684
9,28,19.778085264622618
9,29,23.514660722793703
9,30,26.461509156125913
9,31,26.44626134311532
9,32,22.672157021964868
9,33,21.079684492991518
9,34,17.2804662790138
9,35,15.013497801605167
9,36,11.470874840604433
9,37,10.344636561942611
9,38,8.816697238166073
9,39,9.79188459846338
9,40,10.945170867122952
9,41,14.005700122307909
9,42,16.67771270333325
9,43,19.147744827733007
9,44,22.03732953997593
9,45,20.202372471984535
9,46,17.52002629949787
9,47,13.974384428575856
9,48,11.461924692496714
9,49,8.041625096102415
9,50,7.787310090679258
9,51,5.2914649436415715
9,52,4.760994367687913
9,53,6.689246336041959
9,54,10.449779128555166
9,55,13.092019412704971
9,56,16.65774582823453
9,57,19.873261976538604
9,58,20.24177826017816
9,59,23.176737730385174
9,60,21.335044857997758
9,61,19.178953123758898
9,62,22.173624190215573
9,63,23.090352446291632
9,64,20.584446873887565
9,65,19.355643154763833
9,66,18.069374391846633
9,67,15.295947028945273
9,68,17.670147648902322
9,69,17.946410021867205
9,70,21.782230149418393
9,71,22.36633825032262
9,72,24.425134664344068
9,73,23.009176739256763
9,74,20.465265305316308
9,75,19.291268396486466
9,76,15.628836339266615
9,77,15.004043533456809
9,78,13.877849267273824
9,79,14.274204328412655
9,80,14.349312241462828
9,81,15.83821260935075
9,82,17.29464573903201
9,83,17.014893434625012
9,84,14.74220290355556
9,85,11.648085835650177
9,86,13.406092585495935
9,87,10.326918889347594
9,88,9.910985163205291
9,89,12.971349783705797
9,90,13.664053934071838
9,91,16.82286874462664
9,92,19.16222396491801
9,93,22.672433388236445
9,94,24.280361539715262
10,1,24.910714170857066
10,2,23.337483697988027
10,3,19.540403831375116
10,4,19.066061000797227
10,5,15.674037341177284
10,6,12.642148166446786
10,7,10.222354639009433
10,8,6.8586142607887055
10,9,3.772576146629993
10,11,3.8435445476782983
10,12,5.303187594890037
10,13,5.137920072472247
10,14,8.846273255348088
10,15,10.010836429907759
10,16,8.402307273421982
10,17,9.811891040276423
10,18,7.379500022357394
10,19,7.10462945304577
10,20,5.035072807660699
10,21,6.721274163767123
10,22,9.364433599497941
10,23,11.506835520017635
10,24,11.376492278612206
10,25,15.011852978580967
10,26,16.054932572623425
10,27,19.105715742251466
10,28,21.554142009691017
10,29,25.379237361554218
10,30,28.395472750575223
10,31,27.927444976911445
10,32,24.069783023775884
10,33,22.731691516096124
10,34,19.04163092821789
10,35,16.9719811299495
10,36,13.679366845207229
10,37,11.962166834235703
10,38,10.287856171782462
10,39,9.92947110405442
10,40,10.795418475705269
10,41,13.316927570436286
10,42,16.488236132453757
10,43,18.552618997501252
10,44,21.862415598372866
10,45,20.64012625391666
10,46,17.741733120043865
10,47,14.411312458092004
10,48,11.185685031018906
10,49,8.145902524224978
10,50,6.418924995149494
10,51,4.794176893967762
10,52,6.634718198489382
10,53,8.512731539457898
10,54,12.038412128757042
10,55,14.072689410413465
10,56,17.402040354628568
10,57,20.853943394659645
10,58,21.056560369055358
10,59,24.18943024822963
10,60,22.315823692070865
10,61,20.718207662864682
10,62,23.958693025160578
10,63,25.344661567559456
10,64,22.878214918235223
10,65,22.130327664669615
10,66,20.698703240332055
10,67,17.53618204149768
10,68,19.400776856390866
10,69,18.952537226175618
10,70,22.671713702791905
10,71,22.613748154840486
10,72,24.48953822052395
10,73,22.72810627979103
10,74,19.83855841264566
10,75,18.06292447166155
10,76,14.593412784465041
10,77,14.897796935234586
10,78,14.190136323219487
10,79,15.47269423520713
10,80,15.959590367355995
10,81,18.08931810690928
10,82,19.854266610990994
10,83,20.05180004761589
10,84,18.049309882168682
10,85,15.13917621121553
10,86,16.586614402987554
10,87,13.228909445102
10,88,13.237870040109263
10,89,15.91265296922252
10,90,15.933963914922078
10,91,18.65372326826303
10,92,20.415420195715797
10,93,23.98954016557459
10,94,25.074041837978545
11,1,27.84783108313037
11,2,26.593199786939635
11,3,22.87434145113884
11,4,22.63154978473831
11,5,19.157229248891138
11,6,15.903667083062174
11,7,13.125959216240949
11,8,10.215925860828277
11,9,6.557574588034146
11,10,3.8435445476782983
11,12,3.844747279170187
11,13,5.625472577422277
11,14,8.14569409547795
11,15,9.335645638434436
11,16,9.241944211424542
11,17,11.00047585792753
11,18,9.639379933100471
11,19,9.350336399968294
11,20,6.557949462096192
11,21,8.84670925681017
11,22,12.191646977211004
11,23,14.786735538167928
11,24,15.083990082825297
11,25,18.777973100630764
11,26,19.80671191102871
11,27,22.91614590476715
11,28,25.26604364206905
11,29,29.088536827182562
11,30,32.004006536135456
11,31,31.473767083178817
11,32,27.61757383649961
11,33,26.094391136273625
11,34,22.408304148989494
11,35,20.042893168090114
11,36,16.60410683836788
11,37,14.327806880155876
11,38,11.824519849672905
11,39,10.46437054932118
11,40,9.970636863426083
11,41,11.498006472145363
11,42,14.54712602702818
11,43,15.967170565763219
11,44,19.455362365251908
11,45,18.57982772331773
11,46,15.364777360114854
11,47,12.513645530655289
11,48,8.855362543868063
11,49,6.916902580021931
11,50,5.4094489409582085
11,51,6.351323230413658
11,52,9.206517062827384
11,53,11.89474483131191
11,54,15.505721328268253
11,55,17.18303309785346
11,56,20.565346224894018
11,57,23.893678448722177
11,58,23.65072773953812
11,59,26.569462872390506
11,60,24.298685022206108
11,61,23.008276481582204
11,62,26.458912577139795
11,63,27.785702071560372
11,64,25.00159240745864
11,65,24.286315599542377
11,66,22.33818115100609
11,67,19.01191565094611
11,68,20.302104838527807
11,69,19.41142657277674
11,70,23.0504761003854
11,71,22.648383136510724
11,72,23.955274817864158
11,73,21.66163121040173
11,74,18.95967006185383
11,75,16.661225499413437
11,76,13.64888734911352
11,77,14.565701822234129
11,78,14.851687895052441
11,79,16.75897245565658
11,80,18.0170275840635
11,81,20.43169770662594
11,82,22.614033418828942
11,83,22.929908301663293
11,84,21.0440273801959
11,85,17.806605359550463
11,86,18.89930037467986
11,87,15.302569951270035
11,88,14.834313378799886
11,89,16.939678097491896
11,90,16.648631367176908
11,91,18.848528298646364
11,92,20.25594059381016
11,93,23.989227532495722
11,94,24.881068680044145
12,1,29.756661425519138
12,2,28.190117348608972
12,3,24.402104979444108
12,4,23.976399623675785
12,5,20.75024318204234
12,6,17.809894820204118
12,7,15.520259836015693
12,8,12.110834236712186
12,9,8.99733883033899
12,10,5.303187594890037
12,11,3.844747279170187
12,13,3.8830864019574975
12,14,5.646599138875805
12,15,5.677910836040117
12,16,5.8922407782842745
12,17,8.271338288816702
12,18,8.124428227352938
12,19,9.29523869464468
12,20,7.913850473584465
12,21,11.065759671679169
12,22,14.094557777023073
12,23,16.540808308055166
12,24,16.180456858202028
12,25,19.641761706347268
12,26,20.46232417142966
12,27,23.172037026832985
12,28,25.733032135035085
12,29,29.567997235163368
12,30,32.59204788897963
12,31,31.694108399944888
12,32,27.82617369677724
12,33,26.705860256884264
12,34,23.195284538203953
12,35,21.25802005742445
12,36,18.203144747975923
12,37,15.966715111878832
12,38,14.020824003688816
12,39,12.29797369576201
12,40,12.277458962913084
12,41,13.525045903579258
12,42,16.935151679971202
12,43,18.122287581700313
12,44,21.83049271772507
12,45,21.463101350014767
12,46,18.337800289394632
12,47,15.660658711936934
12,48,11.891101204516955
12,49,10.142308672266818
12,50,7.4912351828086265
12,51,8.121949847214347
12,52,11.263403091231302
12,53,13.183309462920501
12,54,16.347614225440747
12,55,17.68928508770702
12,56,20.65089246157168
12,57,24.163541290510675
12,58,24.060543537698877
12,59,27.229848463932317
12,60,25.235628886172883
12,61,24.30399314641392
12,62,27.766703338147813
12,63,29.52386854721914
12,64,27.013393361593916
12,65,26.669557894930293
12,66,24.958814244209904
12,67,21.493508164345844
12,68,22.68780405134871
12,69,21.441435320818385
12,70,24.89672517843844
12,71,24.05261614805499
12,72,25.444352893047554
12,73,23.13742994192506
12,74,20.048563581972147
12,75,17.409751695133345
12,76,14.623628000950198
12,77,16.2044459694367
12,78,16.34924614102973
12,79,18.58891721994522
12,80,19.67123894291345
12,81,22.34539683753099
12,82,24.453647250584854
12,83,25.033399250176835
12,84,23.24638272855774
12,85,20.35384897310032
12,86,21.507011077639287
12,87,17.935353807447513
12,88,18.012588759005215
12,89,20.226628490122213
12,90,19.672662341246884
12,91,21.774517181258012
12,92,22.840816952103662
12,93,26.441371886448024
12,94,26.91381780733774
13,1,29.349069901296676
13,2,27.39717660683477
13,3,23.533648109390956
13,4,22.515870959206445
13,5,19.262069355506043
13,6,16.785171311311494
13,7,14.516421966370352
13,8,10.829793229120245
13,9,8.330798483036297
13,10,5.137920072472247
13,11,5.625472577422277
13,12,3.8830864019574975
13,14,3.861678058471065
13,15,5.6944685613682395
13,16,4.977085122129192
13,17,5.478292486816197
13,18,4.660351303431251
13,19,5.685900341742556
13,20,5.405471287395786
13,21,9.021702404826394
13,22,11.752161915615462
13,23,14.409164321684187
13,24,14.189746104041035
13,25,17.613113191715154
13,26,18.98354800996664
13,27,21.44758014659449
13,28,24.3883997164463
13,29,28.183690889989013
13,30,31.472570069382957
13,31,30.802313660424083
13,32,26.956734250884015
13,33,26.206246144597127
13,34,22.687315419929735
13,35,21.1615101972369
13,36,18.20220907902118
13,37,16.69640323173328
13,38,15.281728838515482
13,39,14.447381243572126
13,40,14.946412500347853
13,41,16.720166408822276
13,42,20.007888389365334
13,43,21.38637022346151
13,44,24.973491692251077
13,45,24.20300096196192
13,46,20.967458190183507
13,47,18.120608531378167
13,48,14.479785708594253
13,49,12.27645998214311
13,50,10.143075491166869
13,51,9.50374700929939
13,52,11.61831166520001
13,53,12.724970458725867
13,54,15.755322891533803
13,55,17.734043741012464
13,56,20.575506143896373
13,57,24.264135140141725
13,58,24.76357341665875
13,59,28.152285230228536
13,60,26.544631585755734
13,61,25.19339349103304
13,62,28.387057552523757
13,63,30.020668650781644
13,64,27.757118869775887
13,65,27.09935395062089
13,66,25.80465383254447
13,67,22.625630249755925
13,68,24.387807127722855
13,69,23.649858378042868
13,70,27.255992360442956
13,71,26.78349966850369
13,72,28.47300838693411
13,73,26.401365787094857
13,74,23.321632690698642
13,75,20.948938147347825
13,76,17.898115347441657
13,77,19.001636395995792
13,78,18.592446460077138
13,79,20.252551340027303
13,80,20.69838430937253
13,81,22.908142818641863
13,82,24.46825223919872
13,83,24.582784347120853
13,84,22.352987856911017
13,85,19.689223767509148
13,86,21.49166846159726
13,87,18.27845849562427
13,88,18.167375623942014
13,89,20.942011781330184
13,90,21.013127334351616
13,91,23.600056707798043
13,92,25.143357884041016
13,93,28.749292816442047
13,94,29.55676407810441
14,1,33.18924745980102
14,2,31.17012686901741
14,3,27.30134726064463
14,4,26.13010651347443
14,5,22.91034250740472
14,6,20.56620686507106
14,7,18.225782246717877
14,8,14.57210048284607
14,9,12.011271417604089
14,10,8.846273255348088
14,11,8.14569409547795
14,12,5.646599138875805
14,13,3.861678058471065
14,15,3.8769432577871603
14,16,5.644091692340553
14,17,5.23209311001433
14,18,6.713488120238092
14,19,7.976878535476085
14,20,8.188499865438185
14,21,12.046328258562111
14,22,14.87074527861932
14,23,17.776898295575172
14,24,17.686116828741184
14,25,20.99792084047889
14,26,22.487673534313707
14,27,24.703901376554573
14,28,27.798487874088018
14,29,31.553205206312835
14,30,34.922560520914665
14,31,34.14783161169676
14,32,30.329879026839958
14,33,29.78323184733988
14,34,26.344450405106706
14,35,24.941035208179482
14,36,22.043152933553202
14,37,20.45323829452976
14,38,18.89986886068477
14,39,17.692774853694686
14,40,17.744500474420292
14,41,18.91432559151123
14,42,22.11747684485569
14,43,22.92685221087895
14,44,26.61867386205321
14,45,26.19177474187135
14,46,22.766701954866086
14,47,20.36879444022901
14,48,16.58716353147144
14,49,15.057362750795683
14,50,12.945323374077812
14,51,13.020334798339448
14,52,15.414442417201208
14,53,16.562917587153603
14,54,19.485410510480243
14,55,21.345001828082264
14,56,24.002535009000756
14,57,27.728659309512746
14,58,28.218076017478126
14,59,31.644519203170976
14,60,30.03423791233638
14,61,28.87174657758215
14,62,32.110922478245165
14,63,33.829824259614995
14,64,31.549992222845276
14,65,30.926250836772976
14,66,29.534624685504294
14,67,26.29643594543983
14,68,27.871133585298615
14,69,26.898166228139935
14,70,30.42465827589351
14,71,29.669171228903146
14,72,31.088704493482833
14,73,28.726554391867353
14,74,25.6537648671177
14,75,22.883018036309664
14,76,20.240123852295877
14,77,21.82842944700545
14,78,21.801390833911018
14,79,23.76067638498221
14,80,24.398614865980587
14,81,26.71997203240562
14,82,28.32172763845112
14,83,28.425821287859797
14,84,26.12337603313889
14,85,23.444060452156968
14,86,25.29800303992119
14,87,22.053556616079916
14,88,21.760516653434834
14,89,24.43992925456933
14,90,24.464250675370398
14,91,26.864608757950087
14,92,28.220586998901396
14,93,31.874997761520973
14,94,32.501001990333876
15,1,33.80604901647997
15,2,31.800582042471515
15,3,27.973338808546774
15,4,27.085666016965153
15,5,24.135712729253257
15,6,21.75229218139356
15,7,19.835410687427594
15,8,16.10031001985407
15,9,13.637965065140072
15,10,10.010836429907759
15,11,9.335645638434436
15,12,5.677910836040117
15,13,5.6944685613682395
15,14,3.8769432577871603
15,16,3.8856601732419187
15,17,5.524571075752894
15,18,8.078332411280329
15,19,10.599237771338396
15,20,11.017327263897503
15,21,14.71195783303521
15,22,17.336710938052757
15,23,19.778443405526
15,24,19.023751011252966
15,25,22.099965546790187
15,26,22.992157945030062
15,27,25.03789938823772
15,28,27.969464173214337
15,29,31.70998129096561
15,30,34.94203442928466
15,31,33.74847865656333
15,32,29.957294110554134
15,33,29.49064668883567
15,34,26.247010671125363
15,35,24.952657696756532
15,36,22.347744032057435
15,37,20.465364513190238
15,38,19.10597604247704
15,39,17.398911348354833
15,40,17.654597667508757
15,41,18.605914137227906
15,42,22.076033749976386
15,43,22.869469762473173
15,44,26.685287719221893
15,45,26.702024317982296
15,46,23.523048009645656
15,47,21.125497700618716
15,48,17.304729765468498
15,49,15.80713924909695
15,50,12.962476375750946
15,51,13.226326579201594
15,52,16.064408748514893
15,53,17.08362759281652
15,54,19.65668696695624
15,55,20.875139484566883
15,56,23.211934898957015
15,57,26.887144056296286
15,58,27.1660958402334
15,59,30.605718798635063
15,60,29.05553153960398
15,61,28.364927889663193
15,62,31.692141281713848
15,63,33.786011674126
15,64,31.62259978867706
15,65,31.468528933632857
15,66,30.076382729158155
15,67,26.62356835492
15,68,27.87446405380664
15,69,26.469890958725593
15,70,29.75391782559964
15,71,28.57809524632922
15,72,30.000506613299006
15,73,27.67186533798214
15,74,24.35313584968027
15,75,21.434747095766724
15,76,19.048935313834154
15,77,21.09612687095174
15,78,21.096396562081466
15,79,23.42531015386193
15,80,24.181536444346662
15,81,26.87002726012177
15,82,28.684044001352316
15,83,29.27551960434522
15,84,27.37522696414091
15,85,24.861772317705046
15,86,26.33106621382986
15,87,22.941452237689138
15,88,23.222272318312346
15,89,25.680231590485825
15,90,25.176599163687808
15,91,27.30457738616842
15,92,28.218245826632955
15,93,31.71506410251029
15,94,31.898579584109704
16,1,30.607244894777867
16,2,28.42432211702444
16,3,24.622709711305916
16,4,23.67906544374009
16,5,20.951185095677335
16,6,18.810644201727445
16,7,17.36732778682572
16,8,13.576052992228998
16,9,11.793764708887743
16,10,8.402307273421982
16,11,9.241944211424542
16,12,5.8922407782842745
16,13,4.977085122129192
16,14,5.644091692340553
16,15,3.8856601732419187
16,17,3.877185945314758
16,18,5.574644929119216
16,19,8.900914886666401
16,20,9.9817921904065
16,21,13.222791498066623
16,22,15.237340965263003
16,23,17.138467533849568
16,24,15.865513306748216
16,25,18.691963678741466
16,26,19.372966620857856
16,27,21.27895500821182
16,28,24.20573198853436
16,29,27.91853221917536
16,30,31.157748524263255
16,31,29.925851805566055
16,32,26.1530800617046
16,33,25.83140226453742
16,34,22.674819892186253
16,35,21.65258084023461
16,36,19.317183749863812
16,37,17.77323623269974
16,38,17.01522955733781
16,39,15.794432896650964
16,40,16.863907925470247
16,41,18.524724231529543
16,42,22.169649032920187
16,43,23.58340790294354
16,44,27.313496423073932
16,45,27.020512475379924
16,46,24.065665880528016
16,47,21.18989838147607
16,48,17.529519936097795
16,49,15.274793130635718
16,50,12.20704447090599
16,51,11.393327448144968
16,52,13.724101003493658
16,53,14.06453976197159
16,54,16.259250444421003
16,55,17.470882220710315
16,56,19.62537184923744
16,57,23.35351562881385
16,58,23.91169614364239
16,59,27.482382843917232
16,60,26.236280666339002
16,61,25.419211393917355
16,62,28.579438456470477
16,63,30.76531638942014
16,64,28.86757357294693
16,65,28.80054695858905
16,66,27.76610200435677
16,67,24.423592790883507
16,68,25.9668248693073
16,69,24.810205378453386
16,70,28.11280521441227
16,71,27.17525037603408
16,72,29.046734593213692
16,73,27.149486874106824
16,74,23.674778090511843
16,75,21.20805708480108
16,76,18.383246522247887
16,77,19.974255449820244
16,78,19.30688766517943
16,79,21.260055995314065
16,80,21.52638970176858
16,81,24.064253142611587
16,82,25.620356462721837
16,83,26.25663392291946
16,84,24.44422078026903
16,85,22.26534083160426
16,86,23.79701099334456
16,87,20.610009186791824
16,88,21.322077204268012
16,89,23.99170334069909
16,90,23.555446526188522
16,91,25.942107702290652
16,92,27.031943315692672
16,93,30.393079215221917
16,94,30.685862200789053
17,1,31.556686171780754
17,2,29.083650712053917
17,3,25.25944266477544
17,4,23.74463546487445
17,5,20.990439582709236
17,6,19.302328920676768
17,7,17.779812707858177
17,8,13.964123444894746
17,9,12.615344185729109
17,10,9.811891040276423
17,11,11.00047585792753
17,12,8.271338288816702
17,13,5.478292486816197
17,14,5.23209311001433
17,15,5.524571075752894
17,16,3.877185945314758
17,18,3.880782649822039
17,19,7.149735210719727
17,20,9.40713541546246
17,21,12.70040241681032
17,22,14.387908609328028
17,23,16.515182866554596
17,24,15.5603036160897
17,25,18.272625212313084
17,26,19.584231735011283
17,27,21.19532483113282
17,28,24.48993735320629
17,29,28.109515304003235
17,30,31.594733883778794
17,31,30.640463372029547
17,32,26.93483755411212
17,33,26.952116014707602
17,34,23.80598095371438
17,35,23.103773950264845
17,36,20.796025140387627
17,37,19.817292291807057
17,38,19.243757614969834
17,39,18.575955161846437
17,40,19.660643420691063
17,41,21.502121531658915
17,42,24.997948541527407
17,43,26.38009551272395
17,44,30.059574484073956
17,45,29.483689836212875
17,46,26.322433506002977
17,47,23.448941309533904
17,48,19.794590883874058
17,49,17.466708397640378
17,50,14.896577246342034
17,51,13.71443263754292
17,52,15.39994207278424
17,53,15.30913921678887
17,54,17.419279496192136
17,55,19.22722543249078
17,56,21.294138346844925
17,57,25.101617044947144
17,58,26.144395281606165
17,59,29.82329093892244
17,60,28.822537736384493
17,61,27.629456445989934
17,62,30.561806782352043
17,63,32.546966285297444
17,64,30.786343793806232
17,65,30.368858855623227
17,66,29.583615833511995
17,67,26.493193257912534
17,68,28.428967651335654
17,69,27.66031146944486
17,70,31.113339110452152
17,71,30.467600548432607
17,72,32.42607108967919
17,73,30.55760852443174
17,74,27.179498385929218
17,75,24.783349544930957
17,76,21.828270572394022
17,77,23.13560911011612
17,78,22.29456213593131
17,79,23.860442700642032
17,80,23.76617826593712
17,81,25.886164472118057
17,82,27.001173724228405
17,83,27.152087224194187
17,84,24.907895499978306
17,85,22.875942381564656
17,86,24.954443093447846
17,87,22.069623076747984
17,88,22.424862536728494
17,89,25.457360430915227
17,90,25.552911250375228
17,91,28.257556285319303
17,92,29.72502963955777
17,93,33.16292260654984
17,94,33.75930983814218
18,1,28.1044193740533
18,2,25.64476802866228
18,3,21.801541505075495
18,4,20.203788968224487
18,5,17.291968007072043
18,6,15.621401596648367
18,7,14.060541588908388
18,8,10.290810098450795
18,9,9.404108503241497
18,10,7.379500022357394
18,11,9.639379933100471
18,12,8.124428227352938
18,13,4.660351303431251
18,14,6.713488120238092
18,15,8.078332411280329
18,16,5.574644929119216
18,17,3.880782649822039
18,19,3.8631469805478127
18,20,6.5427948123767985
18,21,9.257154834066938
18,22,10.59636622051277
18,23,12.636391341127208
18,24,11.834231406176361
18,25,14.752868131310098
18,26,16.349933360780522
18,27,18.256729027224033
18,28,21.546531445017145
18,29,25.21734233836006
18,30,28.726298838216838
18,31,28.102081489465796
18,32,24.35732470973329
18,33,24.177193174506037
18,34,20.867662430232617
18,35,20.065326133252913
18,36,17.618833426277277
18,37,16.989367900640122
18,38,16.574586852314653
18,39,16.550149117406683
18,40,17.926047727021015
18,41,20.278533744977565
18,42,23.64081815645461
18,43,25.42533158803164
18,44,28.916408910798275
18,45,27.892787308156517
18,46,24.82479180183689
18,47,21.67529310156869
18,48,18.26766188241376
18,49,15.492823346676646
18,50,13.35146461227216
18,51,11.449288322605344
18,52,12.400915389073916
18,53,12.066024925960567
18,54,14.320881478643816
18,55,16.623041893601147
18,56,18.973850761297548
18,57,22.765306516508286
18,58,23.962883906681462
18,59,27.592429991625878
18,60,26.59873845083627
18,61,24.999657107401955
18,62,27.805585483441412
18,63,29.518718035447762
18,64,27.754029119694206
18,65,27.066442083857236
18,66,26.422169098742465
18,67,23.547619476418404
18,68,25.81119503059732
18,69,25.47436670928159
18,70,29.061735371284865
18,71,28.85502492112981
18,72,31.013738244162244
18,73,29.381881469182115
18,74,26.149299732632134
18,75,24.153968469185894
18,76,20.840292542225267
18,77,21.538224195118485
18,78,20.35821688838919
18,79,21.434241681367293
18,80,21.050892628816385
18,81,22.826567150914443
18,82,23.726642652488803
18,83,23.603177969538766
18,84,21.190117599578674
18,85,19.170230803272506
18,86,21.45288903407762
18,87,18.767916494790303
18,88,19.02568055512267
18,89,22.252886798509213
