1,2,3.88510188615073
1,3,6.766339003664565
1,4,9.83533869289383
1,5,11.956138848331669
1,6,13.113658383914938
1,7,16.192582350352392
1,8,19.18906599398742
1,9,22.134057423039494
1,10,25.193473181921572
1,11,28.10112793491427
1,12,30.04487730684589
1,13,29.620241675349295
1,14,33.46642627475633
1,15,34.05090080945849
1,16,30.81568178895952
1,17,31.815614585605275
1,18,28.348869286077427
1,19,27.3980184562332
1,20,26.91536524173639
1,21,23.97612653696524
1,22,21.408543079775807
1,23,17.997258848698696
1,24,17.118437342743505
1,25,15.351002581160005
1,26,13.473077529605776
1,27,14.772271536282103
1,28,12.135219711483195
1,29,12.288792886015445
1,30,11.662335687278517
1,31,13.755527597886188
1,32,12.91964565661729
1,33,10.08705709556358
1,34,9.956167740711905
1,35,9.706857771796276
1,36,11.734408576712259
1,37,14.81868270818287
1,38,17.6732815934585
1,39,21.197341255116918
1,40,24.11208408547797
1,41,27.574323567685376
1,42,28.68540167908761
1,43,32.46872679568763
1,44,33.358568931941235
1,45,30.843674536590175
1,46,30.876553832796336
1,47,27.590379378562762
1,48,27.833445940013384
1,49,24.80334792246704
1,50,25.31125001539973
1,51,22.310339006560316
1,52,18.76221997929856
1,53,16.74264840944571
1,54,14.463645889711684
1,55,14.534977678778054
1,56,14.751913659292017
1,57,13.274473751923388
1,58,14.393639159566229
1,59,14.392549380758876
1,60,15.00765081071604
1,61,11.485952749126291
1,62,9.551116817880365
1,63,7.345559955451192
1,64,8.800165844789436
1,65,7.595687189139607
1,66,11.356764656920873
1,67,13.44855772202413
1,68,16.387951185187283
1,69,19.472290791937784
1,70,20.89957688439406
1,71,23.852946583292365
1,72,27.214395542901926
1,73,29.00139698083235
1,74,27.777619063122167
1,75,29.774814491539825
1,76,26.660877588094763
1,77,23.447421615585164
1,78,20.112790964658124
1,79,16.48590302435705
1,80,13.154013297738011
1,81,9.505771648874642
1,82,5.923760278584535
1,83,5.109319389565627
1,84,8.299889282227145
1,85,11.417804083865438
1,86,10.243659715010816
1,87,13.505637273460257
1,88,15.574200417142386
1,89,16.301699612890754
1,90,17.236292385894053
1,91,19.443142954366703
1,92,21.76908752939446
1,93,22.076551895106572
1,94,24.409144472870018
1,95,24.45893303567296
2,1,3.88510188615073
2,3,3.881117782159014
2,4,6.482453388910119
2,5,9.332922294752668
2,6,11.265473976472936
2,7,14.78740018025957
2,8,17.391502179726437
2,9,20.629513012177082
2,10,23.519775312300613
2,11,26.74521057292452
2,12,28.348527504117204
2,13,27.583815829737883
2,14,31.36691244366338
2,15,31.904286006107323
2,16,28.483429156544705
2,17,29.249124315417298
2,18,25.824008972607803
2,19,25.073872751724732
2,20,25.068422711181327
2,21,22.22918692849113
2,22,19.383938943897455
2,23,15.807110941531553
2,24,14.424601228758595
2,25,12.126208388805663
2,26,10.088016906874634
2,27,10.992780387583299
2,28,8.370541049589821
2,29,8.762974056647355
2,30,8.981215924389911
2,31,11.149987230014078
2,32,9.848324514361153
2,33,7.624739976698571
2,34,7.330108622443244
2,35,8.180528908991809
2,36,10.53205940656428
2,37,14.082169781912926
2,38,17.286046248832143
2,39,20.80731470010426
2,40,24.002552678718697
2,41,27.649381955177954
2,42,29.23202661611158
2,43,32.98991512140911
2,44,34.301322100118846
2,45,31.906891686951173
2,46,31.517744428177366
2,47,28.008624077768243
2,48,27.71340499038908
2,49,24.380996022792715
2,50,24.475396451855723
2,51,21.123081241636918
2,52,17.52479995052378
2,53,14.882677073586198
2,54,12.162990701140592
2,55,12.57810158422558
2,56,12.507733803187973
2,57,11.53835425902533
2,58,13.5873061769653
2,59,14.509816486513202
2,60,15.534367683688954
2,61,11.998861187676303
2,62,10.578728656953999
2,63,9.69799508890333
2,64,11.037957475162845
2,65,10.101903185986405
2,66,13.480153942993288
2,67,14.70018757956218
2,68,17.952820882788476
2,69,20.656893330146247
2,70,22.477220458211452
2,71,25.0318063475495
2,72,28.549081444628502
2,73,30.050041691425392
2,74,28.356969239222376
2,75,29.961645940409237
2,76,26.613558586769834
2,77,23.746710518810243
2,78,20.22355050922764
2,79,16.92029235353454
2,80,13.285917539081982
2,81,10.144337704026379
2,82,6.36507441913765
2,83,5.314698490090187
2,84,7.254086652543235
2,85,10.799369268441616
2,86,10.701521224648715
2,87,13.485087281223809
2,88,15.703937236545352
2,89,17.259351179031615
2,90,18.30835872307879
2,91,20.958891720311602
2,92,23.356309506554677
2,93,24.12874087263295
2,94,26.254336905815524
2,95,26.505033224063798
3,1,6.766339003664565
3,2,3.881117782159014
3,4,3.8423263138636656
3,5,5.848219212493963
3,6,7.574187791992887
3,7,11.236841173902263
3,8,13.594849599526988
3,9,16.87786293524617
3,10,19.71767005894281
3,11,23.022168857002303
3,12,24.564200592163765
3,13,23.71429439599182
3,14,27.491987830881882
3,15,28.083849445361672
3,16,24.688045642221915
3,17,25.418714640628288
3,18,21.969337426274233
3,19,21.229769596596853
3,20,21.246571567560224
3,21,18.507805109877676
3,22,15.734287653964275
3,23,12.255680947146168
3,24,10.67200542186126
3,25,8.731035476519885
3,26,6.784153570716464
3,27,8.706890663496056
3,28,7.220841542813869
3,29,9.25857380709315
3,30,10.827692307486965
3,31,12.280026840662126
3,32,9.777204488054254
3,33,7.6197380773249055
3,34,5.451934215284514
3,35,5.704335970918183
3,36,7.333242269540084
3,37,11.077773431958697
3,38,14.256248797537033
3,39,17.77859233267472
3,40,21.02075155088927
3,41,24.757572839979595
3,42,26.62279629709139
3,43,30.309548197577698
3,44,31.928305418944387
3,45,29.611320013136833
3,46,28.870126683898082
3,47,25.23554749750217
3,48,24.581386338098568
3,49,21.10425537178972
3,50,21.03858885789398
3,51,17.555723890648242
3,52,13.932340906726186
3,53,11.115416332457313
3,54,8.51230050942434
3,55,9.608007064019572
3,56,10.32059943109983
3,57,10.530017952444176
3,58,12.674040668166473
3,59,14.48194107119063
3,60,14.9653794370951
3,61,11.346180404823873
3,62,11.200868461338553
3,63,11.089850815190447
3,64,11.338920230809975
3,65,10.261223622681667
3,66,12.841063342637575
3,67,13.151207276107938
3,68,16.671008278264008
3,69,19.069572236666577
3,70,21.415496412833086
3,71,23.663284931868287
3,72,27.139869365816327
3,73,28.208704622576057
3,74,26.22197293955714
3,75,27.43117275254344
3,76,23.897846842934054
3,77,21.277048443450834
3,78,17.789914523067022
3,79,14.819760169880219
3,80,11.253745532523007
3,81,8.730342123414067
3,82,5.639675252286134
3,83,4.5946559241351
3,84,5.0912782073965195
3,85,8.116116566982345
3,86,8.679725735502098
3,87,10.760072836155452
3,88,13.074749558436695
3,89,15.203871277748005
3,90,16.292830447768782
3,91,19.31333724059668
3,92,21.83540878656061
3,93,23.174610221123185
3,94,25.238129061695677
3,95,25.950822688940363
4,1,9.83533869289383
4,2,6.482453388910119
4,3,3.8423263138636656
4,5,3.868453829037877
4,6,7.238286991995785
4,7,10.817277048826488
4,8,12.848607320663737
4,9,16.479717702954204
4,10,19.282112174959046
4,11,22.819120340435322
4,12,24.16965306638498
4,13,22.730993813137836
4,14,26.365504377243905
4,15,27.222402625133814
4,16,23.75588761517154
4,17,23.92042615728921
4,18,20.391248759062037
4,19,19.502581299047538
4,20,20.061950876226238
4,21,17.222047836441067
4,22,13.97277514492419
4,23,10.273219056604095
4,24,8.648782247776083
4,25,5.864018896262817
4,26,5.127120642754979
4,27,6.602954180661238
4,28,6.411856743533079
4,29,8.715192510603995
4,30,11.329215037380703
4,31,13.06683599371518
4,32,10.448810695567929
4,33,9.639673295796658
4,34,7.497332271320068
4,35,8.473995828409226
4,36,9.278924552928547
4,37,12.966244356635482
4,38,15.856671766286704
4,39,19.312703474024993
4,40,22.46622794895818
4,41,26.260730802439788
4,42,28.360534305804173
4,43,31.9028748544401
4,44,33.78491803105151
4,45,31.41150587752194
4,46,30.252092175341907
4,47,26.55526700689948
4,48,25.500051108736194
4,49,21.891596837090912
4,50,21.723395313268224
4,51,18.046775953549083
4,52,14.430802435887593
4,53,11.243283520967692
4,54,8.897043163212055
4,55,11.034354755769355
4,56,11.785658755896222
4,57,12.784126330980309
4,58,15.461612926333682
4,59,17.739909874105056
4,60,18.33368129963577
4,61,14.846109260417583
4,62,14.912049025113232
4,63,14.913246210610396
4,64,15.087023321633982
4,65,13.67297241478851
4,66,15.97480868141698
4,67,16.040726539599678
4,68,19.723455486974988
4,69,21.98955850756879
4,70,24.640187653310132
4,71,26.70395615296881
4,72,30.111532401242695
4,73,30.84590839191286
4,74,28.647513217681272
4,75,29.44105852821318
4,76,25.740772923671575
4,77,23.434861804494297
4,78,20.078935617166746
4,79,17.49108706241074
4,80,14.131681627628911
4,81,12.067353619738986
4,82,9.341425166123093
4,83,7.533955852777555
4,84,5.928845574817243
4,85,8.727549307305802
4,86,10.740281953773497
4,87,12.476467079584221
4,88,14.112554228800146
4,89,16.931077046532298
4,90,18.50040047398066
4,91,21.847516423902352
4,92,24.591271408369032
4,93,26.28879898286304
4,94,28.40771429947503
4,95,29.375570629870975
5,1,11.956138848331669
5,2,9.332922294752668
5,3,5.848219212493963
5,4,3.868453829037877
5,6,3.8159771835217837
5,7,7.089287172369334
5,8,9.189675541755236
5,9,12.87612304742948
5,10,15.879253322080944
5,11,19.338992786029177
5,12,20.918852142712655
5,13,19.42023810228752
5,14,23.085109857066076
5,15,24.227082278843444
5,16,20.966701239578256
5,17,21.066611714935533
5,18,17.375165178321872
5,19,16.117165974922127
5,20,16.40032805059537
5,21,13.426389525784312
5,22,10.240738009225817
5,23,6.578721981503116
5,24,5.482930071760044
5,25,4.284648825813822
5,26,5.297942840666763
5,27,8.240303508499288
5,28,9.33049965895901
5,29,12.267417080979499
5,30,15.037728270426394
5,31,16.37943198384709
5,32,13.298472406099341
5,33,12.152544503549581
5,34,9.061664594235168
5,35,8.677056122338417
5,36,7.786141916687215
5,37,11.034956760030362
5,38,13.295767051333021
5,39,16.721681942188397
5,40,19.604590697185888
5,41,23.37982884366508
5,42,25.527013803612675
5,43,28.93171846482284
5,44,30.955962913293874
5,45,28.54476513144965
5,46,27.097168324204063
5,47,23.397680223439302
5,48,22.162647784026305
5,49,18.559201341825457
5,50,18.563420874323487
5,51,14.94977322389822
5,52,11.300341249957038
5,53,8.406206930034843
5,54,7.245164567757855
5,55,10.364637318534232
5,56,12.276331157689953
5,57,14.103889606326804
5,58,16.27056730114827
5,59,18.831587785932367
5,60,18.6839738272772
5,61,15.221791529420676
5,62,16.159487821563022
5,63,16.22523480289219
5,64,15.472107066686434
5,65,13.726212512628354
5,66,15.160923776073057
5,67,14.64696393004197
5,68,18.41191108644035
5,69,20.510258833110054
5,70,23.5771701490213
5,71,25.491146515046243
5,72,28.66949707356341
5,73,28.967925944420397
5,74,26.726677337120385
5,75,27.181200812081375
5,76,23.38826193388725
5,77,21.23767171720295
5,78,18.19018931728161
5,79,15.953825016670852
5,80,13.111343767651737
5,81,11.631182457324012
5,82,9.91686996021814
5,83,8.072213521419739
5,84,5.205522500326201
5,85,6.240017227195058
5,86,9.083433551373945
5,87,10.033016116547403
5,88,11.182934283626054
5,89,14.458285497802597
5,90,16.24713958358829
5,91,19.837373241107
5,92,22.759947661583727
5,93,24.925466439917276
5,94,27.12842022298263
5,95,28.5729108070193
6,1,13.113658383914938
6,2,11.265473976472936
6,3,7.574187791992887
6,4,7.238286991995785
6,5,3.8159771835217837
6,7,3.7808341055057935
6,8,6.2364578513436735
6,9,9.64724607021946
6,10,12.86627642677416
6,11,16.09686978056506
6,12,18.007967092084037
6,13,16.954021396072232
6,14,20.747028273576593
6,15,21.887792591110433
6,16,18.877961133496015
6,17,19.403262589896126
6,18,15.714120912842889
6,19,14.35402589133581
6,20,13.895145724595105
6,21,11.010993036042926
6,22,8.576244674466158
6,23,5.7101132280069935
6,24,5.198942315494278
6,25,6.471542914931394
6,26,7.146851770537976
6,27,10.784637569419015
6,28,11.928055613532687
6,29,15.186250217953145
6,30,17.730823100081874
6,31,18.606328055779006
6,32,15.246047056845384
6,33,13.46623035558014
6,34,9.8467550164526
6,35,8.043617228480107
6,36,5.529591884786822
6,37,7.990864532227613
6,38,9.684408527234782
6,39,13.115705884682564
6,40,15.845031823246146
6,41,19.606532446143067
6,42,21.741887535486168
6,43,25.122049466834177
6,44,27.188991031090506
6,45,24.834717287311936
6,46,23.335002293848063
6,47,19.61375341387326
6,48,18.377194926937417
6,49,14.786303792959277
6,50,14.946395527819583
6,51,11.46947665199983
6,52,7.712004752638731
6,53,5.4656894965564815
6,54,5.775517913542279
6,55,9.068601520586606
6,56,11.989582033374727
6,57,14.17183986921446
6,58,15.554092731350003
6,59,18.144770086531928
6,60,17.24767299071842
6,61,13.956566635327553
6,62,15.696097201986458
6,63,15.926712092781903
6,64,14.343189883686609
6,65,12.662903612917317
6,66,13.163504851883392
6,67,11.947478972401491
6,68,15.602988073519384
6,69,17.45434538381523
6,70,20.779338158854113
6,71,22.542406151931797
6,72,25.530419280152742
6,73,25.561728085513792
6,74,23.338753659634506
6,75,23.66582996587637
6,76,19.86416056782264
6,77,17.730845802466728
6,78,14.917944065964702
6,79,12.948633509530268
6,80,10.673250278339896
6,81,9.913498146257448
6,82,9.48412851162566
6,83,8.378740025636743
6,84,5.899742663910252
6,85,4.559676901050229
6,86,7.0483194126260384
6,87,6.753752115477778
6,88,8.021688464590596
6,89,11.405353612258292
6,90,12.965573419046507
6,91,16.6161662365684
6,92,19.518759329799774
6,93,21.990545848773774
6,94,24.151652343177652
6,95,25.922100789897527
7,1,16.192582350352392
7,2,14.78740018025957
7,3,11.236841173902263
7,4,10.817277048826488
7,5,7.089287172369334
7,6,3.7808341055057935
7,8,3.8515986908470823
7,9,6.795820351326089
7,10,10.442027240062624
7,11,13.296439602376573
7,12,15.690424113726396
7,13,14.660829115456462
7,14,18.393421856449187
7,15,19.96493522098008
7,16,17.417338311095744
7,17,17.85382439158823
7,18,14.1212271107508
7,19,12.158721208533478
7,20,10.980961735650332
7,21,7.863126160576072
7,22,6.153204556742451
7,23,4.788713179421436
7,24,6.14349238597009
7,25,8.948878889736916
7,26,10.411539691571495
7,27,14.026879014250914
7,28,15.57210498614999
7,29,18.904729032255954
7,30,21.51030104178472
7,31,22.32523363763333
7,32,18.87786753526594
7,33,17.055003127541987
7,34,13.339941772904073
7,35,11.073202586050664
7,36,7.718694445012751
7,37,8.62570189732038
7,38,8.730784303235417
7,39,11.799537842728403
7,40,13.826837146381852
7,41,17.42460552096514
7,42,19.487976432295135
7,43,22.62244863443337
7,44,24.797899118124278
7,45,22.35930918478145
7,46,20.494830613290326
7,47,16.840035015357053
7,48,15.433965194935363
7,49,11.962181491737866
7,50,12.615589244888067
7,51,9.54597607533448
7,52,6.098867031105629
7,53,5.674677904265067
7,54,8.03490260451519
7,55,11.299350977570105
7,56,14.713814970052171
7,57,17.192683512737098
7,58,18.09870421918077
7,59,20.67142700150167
7,60,19.193434003068344
7,61,16.154591720377827
7,62,18.36980323367411
7,63,18.50527342081746
7,64,16.305661835190122
7,65,14.396100102289916
7,66,13.946829583458145
7,67,12.272334642527747
7,68,15.662308321289759
7,69,17.252818053829756
7,70,20.89011217016677
7,71,22.471840650578137
7,72,25.05235324791475
7,73,24.562802255200822
7,74,22.42633843302705
7,75,22.346582180424974
7,76,18.55679536658159
7,77,16.6593404234545
7,78,14.510794642550243
7,79,13.147863348154157
7,80,11.894941545783
7,81,11.806262395199171
7,82,12.257755472358037
7,83,11.170566026518749
7,84,8.545764407450541
7,85,5.569237331811132
7,86,8.018881274306214
7,87,6.462223424414537
7,88,6.23993078001589
7,89,9.996855295737996
7,90,11.838604236414756
7,91,15.581896733267046
7,92,18.63140336515304
7,93,21.569777096924724
7,94,23.819623857716287
7,95,26.086229302096783
8,1,19.18906599398742
8,2,17.391502179726437
8,3,13.594849599526988
8,4,12.848607320663737
8,5,9.189675541755236
8,6,6.2364578513436735
8,7,3.8515986908470823
8,9,3.7583204842005724
8,10,6.964350127490294
8,11,10.248303945553104
8,12,12.180886062980836
8,13,10.927122701976717
8,14,14.695433979896139
8,15,16.173477686273923
8,16,13.589578779557248
8,17,14.043538831707407
8,18,10.373922658765517
8,19,8.738594825932545
8,20,7.7456740175123375
8,21,5.427479812158649
8,22,4.739224513701914
8,23,5.299925181383413
8,24,5.667318654109635
8,25,9.341215771072104
8,26,10.881711290329973
8,27,14.317508984020018
8,28,16.504383052843483
8,29,20.14536759696852
8,30,23.06732925827392
8,31,23.378662521709902
8,32,19.66771679964308
8,33,18.244413480029205
8,34,14.4611694731503
8,35,12.490315009770804
8,36,9.17135763854753
8,37,9.16392313119171
8,38,8.887240129514984
8,39,10.967079954187549
8,40,12.964479496733825
8,41,16.416338075242127
8,42,19.0458144806233
8,43,21.90687793288508
8,44,24.56877013532494
8,45,22.570637601447167
8,46,20.286585967546635
8,47,16.60366323044746
8,48,14.384202169597302
8,49,10.753620640934017
8,50,10.50627856063112
8,51,7.224823434903577
8,52,4.71873663775658
8,53,4.572254444452879
8,54,7.887342254813068
8,55,11.123338524837829
8,56,14.583667551240397
8,57,17.677507963178506
8,58,18.587877976382956
8,59,21.595774361921624
8,60,20.112347278515042
8,61,17.559763787913674
8,62,20.181060505344945
8,63,20.94149543125912
8,64,18.77847253594198
8,65,17.421952508063587
8,66,16.750479979274402
8,67,14.414669281451072
8,68,17.358826967794517
8,69,18.175032061124348
8,70,21.905206058878424
8,71,22.861731926479738
8,72,25.348658368206706
8,73,24.460072334226005
8,74,21.896516443962977
8,75,21.22483777194119
8,76,17.400915904824302
8,77,16.26268103143949
8,78,14.367614163211167
8,79,13.94554992325519
8,80,13.11081168950658
8,81,13.970491587108585
8,82,14.823470106220798
8,83,14.333426811935539
8,84,11.911969573794234
8,85,9.313076141443918
8,86,11.373466557021708
8,87,8.981399309258013
8,88,9.1746006261735
8,89,12.61135575164432
8,90,13.738200064289417
8,91,17.234480115304287
8,92,19.844729870930408
8,93,23.043622337136927
8,94,24.832342447375403
8,95,27.226575991473545
9,1,22.134057423039494
9,2,20.629513012177082
9,3,16.87786293524617
9,4,16.479717702954204
9,5,12.87612304742948
9,6,9.64724607021946
9,7,6.795820351326089
9,8,3.7583204842005724
9,10,3.801339025082376
9,11,6.574441042968941
9,12,8.981829530784793
9,13,8.379392125166373
9,14,12.104649507270212
9,15,13.631156804022819
9,16,11.679740998682417
9,17,12.600877581653634
9,18,9.406201578500834
9,19,7.8998878947524895
9,20,5.572924087412622
9,21,4.80276951207158
9,22,6.691255329018676
9,23,8.687215423650446
9,24,9.222699597171369
9,25,12.940123000038245
9,26,14.217333413253208
9,27,17.61021183707152
9,28,19.798669216659928
9,29,23.516933854553272
9,30,26.35880665037978
9,31,26.384922873098358
9,32,22.597297862133846
9,33,21.024697798554417
9,34,17.234697628083058
9,35,14.92046389136685
9,36,11.380298258875674
9,37,10.099108785783567
9,38,8.513656419060606
9,39,9.341179943916977
9,40,10.53841848953798
9,41,13.605409744407451
9,42,16.415327929951914
9,43,18.937555166707185
9,44,21.868279909969605
9,45,20.160548891681323
9,46,17.549235481442185
9,47,13.9783956487468
9,48,11.25277013486596
9,49,7.75793939548492
9,50,7.330552110647447
9,51,4.824944069653447
9,52,4.514361746166518
9,53,6.612405171603022
9,54,10.384700203161424
9,55,12.916070222937227
9,56,16.53107979708246
9,57,19.72590982401171
9,58,20.0805621039726
9,59,23.032025214257978
9,60,21.084698116201892
9,61,19.01370335975021
9,62,22.067623411617934
9,63,23.00781116690562
9,64,20.46519203038605
9,65,19.35018935698841
9,66,17.996836347041178
9,67,15.148733112204008
9,68,17.45499415760058
9,69,17.62566867793389
9,70,21.433874494049462
9,71,21.92663152411246
9,72,24.00087735416663
9,73,22.59497804896284
9,74,19.97856248605766
9,75,18.790529861197108
9,76,15.103436755174835
9,77,14.549506525467296
9,78,13.438344229966805
9,79,13.943551770555077
9,80,14.097568272318247
9,81,15.708517435642353
9,82,17.290998163951322
9,83,17.225736310766518
9,84,15.132053853115897
9,85,12.11966289994442
9,86,13.506847701040115
9,87,10.349182223317854
9,88,10.245424016889679
9,89,13.0417381277254
9,90,13.597239608001583
9,91,16.688662220549894
9,92,18.944721267992033
9,93,22.44433528603819
9,94,23.961670952862267
9,95,26.683506799670358
10,1,25.193473181921572
10,2,23.519775312300613
10,3,19.71767005894281
10,4,19.282112174959046
10,5,15.879253322080944
10,6,12.86627642677416
10,7,10.442027240062624
10,8,6.964350127490294
10,9,3.801339025082376
10,11,3.8373884583427236
10,12,5.251784963529468
10,13,5.110041403481436
10,14,8.823034147009087
10,15,9.943433513251621
10,16,8.272715618827458
10,17,9.738822967695851
10,18,7.3445786289335615
10,19,7.049823204923148
10,20,4.91377793290449
10,21,6.709706752562562
10,22,9.29460906342691
10,23,11.70724800302158
10,24,11.593804843957235
10,25,15.208497292111776
10,26,16.24272227188176
10,27,19.324966052231293
10,28,21.74870168817373
10,29,25.56423013949078
10,30,28.501351604511367
10,31,28.097374093271718
10,32,24.219289402013324
10,33,22.90161409852746
10,34,19.229667017052083
10,35,17.149756400892112
10,36,13.891833958964488
10,37,12.096892524154796
10,38,10.418212709820363
10,39,9.91449891452134
10,40,10.762181723548627
10,41,13.21447394760263
10,42,16.48923262565969
10,43,18.554687355290756
10,44,21.89822362323264
10,45,20.79775882082953
10,46,17.948641878362128
10,47,14.625139226424372
10,48,11.23856609080098
10,49,8.203472682478985
10,50,6.3233564232795105
10,51,4.807208809149445
10,52,6.807211814422236
10,53,8.75696160240684
10,54,12.234550050142602
10,55,14.200353093266251
10,56,17.54998184218988
10,57,20.995830281549367
10,58,21.2009947522009
10,59,24.33911642570459
10,60,22.38649837441088
10,61,20.85178534667109
10,62,24.1408251819329
10,63,25.531378745412365
10,64,23.047120882507237
10,65,22.37716576948851
10,66,20.90393090621592
10,67,17.71228967932856
10,68,19.51969383954342
10,69,18.983480897649546
10,70,22.660081465972866
10,71,22.51092474446639
10,72,24.384252632820886
10,73,22.61374242123868
10,74,19.660144595102068
10,75,17.841583909999702
10,76,14.379835735269953
10,77,14.799726504278448
10,78,14.145019110156039
10,79,15.527863411057503
10,80,16.070234848686876
10,81,18.27113910346544
10,82,20.102076856340435
10,83,20.451493943318187
10,84,18.55949992102298
10,85,15.74524876422752
10,86,16.909512809050582
10,87,13.530927553820963
10,88,13.785231132918502
10,89,16.21046403582734
10,90,16.168126092384647
10,91,18.815854804167696
10,92,20.51176816751796
10,93,24.06807283832556
10,94,25.07241905436785
10,95,27.822879225383854
11,1,28.10112793491427
11,2,26.74521057292452
11,3,23.022168857002303
11,4,22.819120340435322
11,5,19.338992786029177
11,6,16.09686978056506
11,7,13.296439602376573
11,8,10.248303945553104
11,9,6.574441042968941
11,10,3.8373884583427236
11,12,3.831648135708092
11,13,5.607096892336633
11,14,8.129587080385129
11,15,9.351293161521008
11,16,9.21276103470946
11,17,10.961876488353626
11,18,9.619585740377167
11,19,9.257660076586795
11,20,6.323993717229159
11,21,8.8464451310062
11,22,12.168854172859728
11,23,14.947137372093936
11,24,15.278244732271538
11,25,18.95487907587484
11,26,19.972553106089425
11,27,23.120711290144747
11,28,25.437081717686404
11,29,29.244944809719772
11,30,32.07073001610792
11,31,31.614176107942622
11,32,27.74871717907558
11,33,26.22752021263946
11,34,22.563506454989962
11,35,20.184499058403166
11,36,16.783870564857185
11,37,14.44221003366448
11,38,11.948449994163722
11,39,10.453633660539902
11,40,9.94264783958853
11,41,11.386391421672165
11,42,14.54292033727658
11,43,15.96673544257445
11,44,19.49573115437186
11,45,18.732003044621862
11,46,15.575290095894172
11,47,12.712806567856529
11,48,8.953442088189739
11,49,7.016678390082221
11,50,5.3549842398778456
11,51,6.411423055532689
11,52,9.390345661950448
11,53,12.111558226691724
11,54,15.676499712380203
11,55,17.29245728182087
11,56,20.693685992237224
11,57,24.00425567586463
11,58,23.762084867015915
11,59,26.669538880207828
11,60,24.32544726207647
11,61,23.106018953111388
11,62,26.5930888825158
11,63,27.924031159770347
11,64,25.12874741436874
11,65,24.495815855762785
11,66,22.511313166003596
11,67,19.1600316207601
11,68,20.394855313591123
11,69,19.42309467618666
11,70,23.01513411226354
11,71,22.521691391885724
11,72,23.82436960010515
11,73,21.522384157254503
11,74,18.758028282058806
11,75,16.412254123681265
11,76,13.413610148248644
11,77,14.45505004779146
11,78,14.79995034229198
11,79,16.795294442970405
11,80,18.10168240136334
11,81,20.579479942851634
11,82,22.825260017631745
11,83,23.29042433706999
11,84,21.53538657039776
11,85,18.39883761679221
11,86,19.198435845690774
11,87,15.57925314403061
11,88,15.41923945077913
11,89,17.226989235574646
11,90,16.86513420347355
11,91,18.98888865766309
11,92,20.335187448812473
11,93,24.045838717641562
11,94,24.855498311756907
11,95,27.9035997397711
12,1,30.04487730684589
12,2,28.348527504117204
12,3,24.564200592163765
12,4,24.16965306638498
12,5,20.918852142712655
12,6,18.007967092084037
12,7,15.690424113726396
12,8,12.180886062980836
12,9,8.981829530784793
12,10,5.251784963529468
12,11,3.831648135708092
12,13,3.8866940277549613
12,14,5.605298100581232
12,15,5.691160025470781
12,16,5.907919887236535
12,17,8.268819744289686
12,18,8.154927132494853
12,19,9.263669633729307
12,20,7.711522085464292
12,21,10.967210102994398
12,22,13.974490720742075
12,23,16.70210846796948
12,24,16.365194965232664
12,25,19.8200836762784
12,26,20.65619707810929
12,27,23.415439238598484
12,28,25.961354972713345
12,29,29.798043407290805
12,30,32.75336166274782
12,31,31.9413133947744
12,32,28.046230532048764
12,33,26.917805031520526
12,34,23.424918903318435
12,35,21.483503430749536
12,36,18.466766515236493
12,37,16.19917272500744
12,38,14.279939957418229
12,39,12.497194381527258
12,40,12.467604991136522
12,41,13.641176927130427
12,42,17.10151427470678
12,43,18.279985706850912
12,44,21.999166267030283
12,45,21.722215902289587
12,46,18.646283973536782
12,47,15.96601313209881
12,48,12.149156534592526
12,49,10.391307252961315
12,50,7.718819407201166
12,51,8.341405029320578
12,52,11.490001441596968
12,53,13.466093372314173
12,54,16.588493687463973
12,55,17.905881800416232
12,56,20.887432671467874
12,57,24.399653880951366
12,58,24.302095852694332
12,59,27.455974574317647
12,60,25.402867421946777
12,61,24.505674852813016
12,62,28.010275652276018
12,63,29.75626910024979
12,64,27.23934483360627
12,65,26.94988128231703
12,66,25.216178608819718
12,67,21.74802136126286
12,68,22.90965932491709
12,69,21.610189474021023
12,70,25.018222806469836
12,71,24.10557817585478
12,72,25.495048732692975
12,73,23.18440633504468
12,74,20.049719143577295
12,75,17.381476885649906
12,76,14.625442618891162
12,77,16.300502041896042
12,78,16.49172384338836
12,79,18.783136797172222
12,80,19.888398586874413
12,81,22.594247791477784
12,82,24.733613863829436
12,83,25.43083932317157
12,84,23.728024659990677
12,85,20.93884513065704
12,86,21.84465034047724
12,87,18.268985144473696
12,88,18.592731237153192
12,89,20.556543365554546
12,90,19.98101036267294
12,91,22.025180446237695
12,92,23.05658964669169
12,93,26.63097871978615
12,94,27.043271867041593
12,95,29.87476177581637
13,1,29.620241675349295
13,2,27.583815829737883
13,3,23.71429439599182
13,4,22.730993813137836
13,5,19.42023810228752
13,6,16.954021396072232
13,7,14.660829115456462
13,8,10.927122701976717
13,9,8.379392125166373
13,10,5.110041403481436
13,11,5.607096892336633
13,12,3.8866940277549613
13,14,3.865280459010697
13,15,5.714348131899249
13,16,4.968417037710892
13,17,5.45322826862898
13,18,4.673810013919244
13,19,5.672042975677294
13,20,5.262174327312348
13,21,8.835976647218041
13,22,11.598640950183182
13,23,14.58450705403047
13,24,14.385949433092195
13,25,17.832711615303985
13,26,19.233926546769144
13,27,21.76573761580079
13,28,24.684241755854984
13,29,28.488331328077816
13,30,31.71501678484494
13,31,31.142191295824865
13,32,27.2487896934093
13,33,26.494716773542482
13,34,22.972987996780695
13,35,21.41315355577829
13,36,18.45256222772096
13,37,16.899848231011802
13,38,15.459323930962192
13,39,14.56513208868743
13,40,15.013896671336255
13,41,16.72217682090947
13,42,20.05817571128946
13,43,21.433397465855116
13,44,25.037137581740968
13,45,24.33708935243035
13,46,21.13636005204888
13,47,18.28358509897996
13,48,14.550638342247504
13,49,12.341780370258176
13,50,10.225825858721556
13,51,9.640280551558847
13,52,11.775515394743003
13,53,13.002650526318591
13,54,16.03406400369191
13,55,18.002362884545263
13,56,20.89640866222472
13,57,24.583469592149573
13,58,25.074884541009084
13,59,28.449996289230178
13,60,26.753637269316975
13,61,25.417079534012768
13,62,28.662508304037036
13,63,30.259887624600797
13,64,27.960795892262137
13,65,27.332090888192308
13,66,25.989156079623275
13,67,22.807144677500172
13,68,24.540606918403352
13,69,23.760340817596184
13,70,27.334630547113452
13,71,26.80977077622166
13,72,28.486829747368862
13,73,26.402974064288966
13,74,23.294209934249256
13,75,20.896445922027585
13,76,17.862670940222074
13,77,19.036862086517193
13,78,18.68904019781067
13,79,20.398857881752743
13,80,20.890265486697537
13,81,23.12634913250968
13,82,24.733762181896118
13,83,24.955237714039708
13,84,22.784647451684325
13,85,20.173705245272163
13,86,21.74352109989887
13,87,18.527113471557286
13,88,18.581422136883976
13,89,21.141626558909916
13,90,21.207289669844698
13,91,23.746686064776537
13,92,25.26829183744419
13,93,28.863470296824808
13,94,29.62947036205748
13,95,32.40134410504517
14,1,33.46642627475633
14,2,31.36691244366338
14,3,27.491987830881882
14,4,26.365504377243905
14,5,23.085109857066076
14,6,20.747028273576593
14,7,18.393421856449187
14,8,14.695433979896139
14,9,12.104649507270212
14,10,8.823034147009087
14,11,8.129587080385129
14,12,5.605298100581232
14,13,3.865280459010697
14,15,3.8743178658854074
14,16,5.638305325490274
14,17,5.20753732108004
14,18,6.75313517307124
14,19,8.05531519703087
14,20,8.14159241254873
14,21,11.931908810701001
14,22,14.808139920868397
14,23,18.00533171118851
14,24,17.905249437788196
14,25,21.248778665537692
14,26,22.75657906214688
14,27,25.052254126307645
14,28,28.120701576912726
14,29,31.895420404159744
14,30,35.20457985297009
14,31,34.52502205137662
14,32,30.646442060365473
14,33,30.082208373772485
14,34,26.63783571945119
14,35,25.194839652528835
14,36,22.295545122682388
14,37,20.656455680954593
14,38,19.081886256819455
14,39,17.8196534890648
14,40,17.826231900046725
14,41,18.929850130544903
14,42,22.172485286668692
14,43,22.978750775544967
14,44,26.68880280986131
14,45,26.322889776786806
14,46,22.934371985589955
14,47,20.51947878001343
14,48,16.685312331171716
14,49,15.141940021400476
14,50,13.058239770779403
14,51,13.165899509292162
14,52,15.57841117878577
14,53,16.84235256549124
14,54,19.76797799069015
14,55,21.614290073145877
14,56,24.32846701799145
14,57,28.057588190497366
14,58,28.52587178356771
14,59,31.931203878981336
14,60,30.23185344829864
14,61,29.085706800412474
14,62,32.38180821204784
14,63,34.06636545706732
14,64,31.750504572827204
14,65,31.15953684855866
14,66,29.718552672940447
14,67,26.47710183184655
14,68,28.020608193056894
14,69,27.005313993890194
14,70,30.49600260943949
14,71,29.6872793949231
14,72,31.09293664331206
14,73,28.71883052384002
14,74,25.620036708472593
14,75,22.826909683984155
14,76,20.20833221622245
14,77,21.86626586698212
14,78,21.901347305946874
14,79,23.90668867622154
14,80,24.589560235019803
14,81,26.93810754969582
14,82,28.589513716496068
14,83,28.805782097329573
14,84,26.566812695484153
14,85,23.93695695382749
14,86,25.55529716538832
14,87,22.306872158998758
14,88,22.195636807670546
14,89,24.647136162699724
14,90,24.660349163046824
14,91,27.00905655165931
14,92,28.343070439582693
14,93,31.98340161081094
14,94,32.56522301514126
14,95,35.4202592644516
15,1,34.05090080945849
15,2,31.904286006107323
15,3,28.083849445361672
15,4,27.222402625133814
15,5,24.227082278843444
15,6,21.887792591110433
15,7,19.96493522098008
15,8,16.173477686273923
15,9,13.631156804022819
15,10,9.943433513251621
15,11,9.351293161521008
15,12,5.691160025470781
15,13,5.714348131899249
15,14,3.8743178658854074
15,16,3.890733317096752
15,17,5.516471274888314
15,18,8.10569209697978
15,19,10.640328030740466
15,20,10.915869300114034
15,21,14.545557592967906
15,22,17.14585491370709
15,23,19.91751719992984
15,24,19.140740408742886
15,25,22.226132470380236
15,26,23.14963095163639
15,27,25.259490171852825
15,28,28.190787613435695
15,29,31.956685612570972
15,30,35.14576577219674
15,31,34.04868794829901
15,32,30.198435820537867
15,33,29.71535075279222
15,34,26.47766595835883
15,35,25.180790564206198
15,36,22.60340825849116
15,37,20.71282828846813
15,38,19.383802673283252
15,39,17.67155761105798
15,40,17.930496401125694
15,41,18.850062412909647
15,42,22.34688607233694
15,43,23.149968174776024
15,44,26.962830338400895
15,45,27.033860476096965
15,46,23.89663793829471
15,47,21.47481081371111
15,48,17.62880078445571
15,49,16.080474511582548
15,50,13.258512330580615
15,51,13.455153006415664
15,52,16.24546047433495
15,53,17.338422814130173
15,54,19.885583811779966
15,55,21.11502621892002
15,56,23.484879261901835
15,57,27.181201225174004
15,58,27.464262675810748
15,59,30.888294359795406
15,60,29.287785342559136
15,61,28.589841896985753
15,62,31.967870474521497
15,63,34.034579300027005
15,64,31.86417452017603
15,65,31.73837777513019
15,66,30.33381551704542
15,67,26.89273689548958
15,68,28.137320304394873
15,69,26.70889979474155
15,70,29.955885969443905
15,71,28.74230981771372
15,72,30.17461812349041
15,73,27.852688327223216
15,74,24.50124321597244
15,75,21.58246862402626
15,76,19.211194662215412
15,77,21.30423271831005
15,78,21.329322116347292
15,79,23.675779511529235
15,80,24.43358405535881
15,81,27.12832878637574
15,82,28.94943729231569
15,83,29.63388090155639
15,84,27.774288102830468
15,85,25.357805053012488
15,86,26.62337818023445
15,87,23.2457224228838
15,88,23.724973739370263
15,89,25.981881448090746
15,90,25.491862626082312
15,91,27.5867751528536
15,92,28.494232130666063
15,93,31.967159975938088
15,94,32.11651529690052
15,95,34.75320773516526
16,1,30.81568178895952
16,2,28.483429156544705
16,3,24.688045642221915
16,4,23.75588761517154
16,5,20.966701239578256
16,6,18.877961133496015
16,7,17.417338311095744
16,8,13.589578779557248
16,9,11.679740998682417
16,10,8.272715618827458
16,11,9.21276103470946
16,12,5.907919887236535
16,13,4.968417037710892
16,14,5.638305325490274
16,15,3.890733317096752
16,17,3.9013908287777914
16,18,5.580139886866443
16,19,8.884060148313768
16,20,9.825187221579409
16,21,12.923825152574231
16,22,14.87519810817274
16,23,17.17552521240969
16,24,15.895565229103934
16,25,18.74237967806964
16,26,19.488381262923152
16,27,21.464275901160796
16,28,24.407370969430303
16,29,28.149920275916713
16,30,31.3600977436022
16,31,30.238625687143525
16,32,26.40127731662824
16,33,26.068287972216954
16,34,22.906710547021103
16,35,21.88106528282932
16,36,19.557917662268903
16,37,18.019631539893147
16,38,17.279249311184586
16,39,16.074541526386493
16,40,17.12896705481565
16,41,18.760469044239606
16,42,22.425141127577053
16,43,23.843251977597745
16,44,27.562441094989154
16,45,27.32372479087402
16,46,24.401592018827078
16,47,21.517800495332843
16,48,17.79358447162183
16,49,15.5007670498487
16,50,12.474489170160592
16,51,11.59767667037016
16,52,13.84523930185254
16,53,14.281399150486841
16,54,16.471699729101537
16,55,17.731228022745096
16,56,19.933552154171572
16,57,23.69064951720528
16,58,24.264186488282974
16,59,27.826261625060912
16,60,26.525219294903714
16,61,25.670145130831447
16,62,28.883763520722216
16,63,31.02455967578078
16,64,29.112563396318603
16,65,29.048565634623046
16,66,28.002452835797197
16,67,24.680404402347886
16,68,26.23068913104469
16,69,25.064318917487995
16,70,28.340909831363767
16,71,27.382535789358695
16,72,29.261635414662496
16,73,27.36677244929133
16,74,23.86859420135885
16,75,21.403542570241825
16,76,18.584500315465586
16,77,20.205205326825407
16,78,19.56532753040973
16,79,21.526075062290314
16,80,21.791243535735692
16,81,24.31909505800994
16,82,25.86844917694509
16,83,26.57153209216138
16,84,24.761739590008812
16,85,22.672516723969082
16,86,24.036123579250855
16,87,20.868610931062573
16,88,21.718130613454758
16,89,24.233615329764337
16,90,23.838732455294412
16,91,26.2060293118851
16,92,27.302872804769784
16,93,30.647940989393472
16,94,30.925087309112577
16,95,33.328214239831546
17,1,31.815614585605275
17,2,29.249124315417298
17,3,25.418714640628288
17,4,23.92042615728921
17,5,21.066611714935533
17,6,19.403262589896126
17,7,17.85382439158823
17,8,14.043538831707407
17,9,12.600877581653634
17,10,9.738822967695851
17,11,10.961876488353626
17,12,8.268819744289686
17,13,5.45322826862898
17,14,5.20753732108004
17,15,5.516471274888314
17,16,3.9013908287777914
17,18,3.8917859988946906
17,19,7.174166394762571
17,20,9.322733510876704
17,21,12.372524743337225
17,22,14.062516707671564
17,23,16.615693936321307
17,24,15.668076534669163
17,25,18.44400761511705
17,26,19.84069584243827
17,27,21.550111923186993
17,28,24.848043207567972
17,29,28.50558102784789
17,30,31.964381644113903
17,31,31.134301022467554
17,32,27.34274718662275
17,33,27.342655871998286
17,34,24.16649428164874
17,35,23.41880101651162
17,36,21.0777294252184
17,37,20.07900483485837
17,38,19.467888308516063
17,39,18.79773049107199
17,40,19.824015702474288
17,41,21.62180575061079
17,42,25.135505799320857
17,43,26.51367909798594
17,44,30.191651825291405
17,45,29.658294434408475
17,46,26.517780166360097
17,47,23.641812341892635
17,48,19.90630502342636
17,49,17.561284498948922
17,50,15.06472251397757
17,51,13.88380620002506
17,52,15.516211693673117
17,53,15.574859596087924
17,54,17.733375965636053
17,55,19.59715585320346
17,56,21.753559581475404
17,57,25.58513427589823
17,58,26.61681655394692
17,59,30.2837582124423
17,60,29.188006087858422
17,61,27.950349514144374
17,62,30.948404325111817
17,63,32.864590024048574
17,64,31.055255382844276
17,65,30.6190443295967
17,66,29.790087269824298
17,67,26.716594242027345
17,68,28.653694601050237
17,69,27.87635744333421
17,70,31.314838731958943
17,71,30.651794939040478
17,72,32.59831962343853
17,73,30.714302148937854
17,74,27.32613235645758
17,75,24.919129979565227
17,76,21.96895982116157
17,77,23.30807097891715
17,78,22.52329326471237
17,79,24.107987036461548
17,80,24.046128147629027
17,81,26.158835112214767
17,82,27.293004346523855
17,83,27.50149411792225
17,84,25.239640801836437
17,85,23.240087094736335
17,86,25.16235317874954
17,87,22.29402874860025
17,88,22.720580350119324
17,89,25.613947504832606
17,90,25.759052786880037
17,91,28.443733198287127
17,92,29.923376547975874
17,93,33.35984617528974
17,94,33.95032178727171
17,95,36.427485497865234
18,1,28.348869286077427
18,2,25.824008972607803
18,3,21.969337426274233
18,4,20.391248759062037
18,5,17.375165178321872
18,6,15.714120912842889
18,7,14.1212271107508
18,8,10.373922658765517
18,9,9.406201578500834
18,10,7.3445786289335615
18,11,9.619585740377167
18,12,8.154927132494853
18,13,4.673810013919244
18,14,6.75313517307124
18,15,8.10569209697978
18,16,5.580139886866443
18,17,3.8917859988946906
18,19,3.8577736671112124
18,20,6.490718195788817
18,21,8.888042885354986
18,22,10.228866833732871
18,23,12.727924577013606
18,24,11.957232798117536
18,25,14.945979617712021
18,26,16.626908889676443
18,27,18.625642765016714
18,28,21.903314292364463
18,29,25.596443940209316
18,30,29.065652124506904
18,31,28.560651330801917
18,32,24.74244655645343
18,33,24.5618944662309
18,34,21.223457966344565
18,35,20.364767096037582
18,36,17.873474514910026
18,37,17.20725472489585
18,38,16.73279104045687
18,39,16.68718535317082
18,40,17.994008748076663
18,41,20.29938475699629
18,42,23.69194804206665
18,43,25.475020378865658
18,44,28.96997361093952
18,45,27.997492919654512
18,46,24.951905574094006
18,47,21.80506843441953
18,48,18.280389039236074
18,49,15.497662794555541
18,50,13.42070687993247
18,51,11.558311227390224
18,52,12.479426487751011
18,53,12.318899644568495
18,54,14.636810549752191
18,55,16.97709440255705
18,56,19.418549122511138
18,57,23.218330158717777
18,58,24.402996214251203
18,59,28.025243603386294
18,60,26.922974082317424
18,61,25.29327851466808
18,62,28.162042571487582
18,63,29.805296273203563
18,64,27.98198615254026
18,65,27.27838137181372
18,66,26.57761160676984
18,67,23.713122558474595
18,68,25.970498194142642
18,69,25.617079764586002
18,70,29.19098154881516
18,71,28.959984676498262
18,72,31.10240398950139
18,73,29.453672632820197
18,74,26.208991372391132
