1,2,3.8277479514893376
1,3,6.097999712679201
1,4,9.81139878979938
1,5,12.192476923794883
1,6,15.960499234467388
1,7,18.433882545628045
1,8,20.988294327503347
1,9,20.67521971051196
1,10,24.48815499980051
1,11,26.951945355595267
1,12,30.735080309579434
1,13,32.71742565487259
1,14,36.45527842660305
1,15,37.98440690002138
1,16,38.773390411124744
1,17,36.330853168853416
1,18,33.28241851448796
1,19,29.65261123802936
1,20,26.421024679479203
1,21,23.225771719840022
1,22,19.920440728081207
1,23,16.228948109030622
1,24,13.973669223484174
1,25,11.136533884843358
1,26,9.970852198118362
1,27,12.686540426064147
1,28,13.279076641812141
1,29,17.032225973256274
1,30,18.510487435233888
1,31,17.4583695340335
1,32,18.131184724275197
1,33,19.811951743467922
1,34,20.41863805160737
1,35,16.748163874923428
1,36,16.236214384257803
1,37,17.10298530140768
1,38,17.771215029488168
1,39,19.50908451711505
1,40,21.228986827753562
1,41,23.378445899449304
1,42,25.446798153855884
1,43,26.759615297742116
1,44,26.799916823499192
1,45,28.305936707039574
1,46,26.485107374440126
1,47,26.428643750193945
1,48,24.455165151474173
1,49,23.337146229521363
1,50,22.227931844967827
1,51,21.599523536951445
1,52,21.26666422469789
1,53,23.438916734835466
1,54,26.00166753639844
1,55,26.359611134630008
1,56,28.262705587887098
1,57,30.278326783693277
1,58,32.948868782116904
1,59,30.90496283623705
1,60,30.171962540462495
1,61,31.81274458862391
1,62,35.40754468407726
1,63,35.00956158139694
1,64,32.65759948705322
1,65,34.58775567120081
1,66,35.40376917450179
1,67,33.57469952976394
1,68,29.82751781978024
1,69,27.967618969717137
1,70,24.678727855019442
1,71,25.126209386898058
1,72,24.27222164170038
1,73,24.72718794931338
1,74,21.84427167462142
1,75,19.32917580083812
1,76,19.626878988965906
1,77,18.716485599978217
1,78,15.432316995565664
1,79,17.51479047923767
1,80,18.313115257217973
1,81,21.561462035500572
1,82,23.873224290655912
1,83,27.5091546814227
1,84,30.039827835476125
1,85,33.663280923227745
1,86,36.61000877369438
1,87,34.68362454447836
1,88,36.39055982505499
1,89,36.454161100980514
1,90,34.84909937025593
1,91,31.72394827360572
1,92,30.966890495592843
1,93,28.228909225558073
1,94,24.58395158610151
1,95,22.643123316284147
1,96,19.30603583501599
1,97,17.23384771827372
1,98,15.25721513411755
1,99,13.25194067115237
1,100,12.365894796205145
1,101,11.44319350946204
1,102,9.91546718132415
1,103,7.532566419028407
1,104,9.115155673600112
1,105,9.57679195029909
1,106,12.776923674577887
1,107,14.657079702302346
1,108,18.317522902638395
1,109,20.94123117748777
1,110,24.47290530126012
1,111,27.44398938355137
1,112,30.907174520543634
1,113,33.94014318714826
1,114,37.12448563750128
1,115,40.31544327331357
1,116,44.04766982959795
1,117,46.474028179624625
1,118,47.57393157957098
1,119,44.08040348866294
1,120,43.30531572671904
1,121,46.636992983799765
1,122,45.95877536178367
1,123,42.508064994925206
1,124,44.22386023408253
1,125,46.79702885648001
1,126,44.716520475897056
2,1,3.8277479514893376
2,3,3.7818948141700703
2,4,6.854361489490268
2,5,9.906114165651912
2,6,13.571398559114462
2,7,16.331972165560213
2,8,18.84800184342809
2,9,18.60682067503203
2,10,22.34160347642046
2,11,24.458650494858578
2,12,28.259650847685588
2,13,29.940105918265388
2,14,33.61097768335362
2,15,34.98070015104064
2,16,35.561816259304855
2,17,33.14673343421776
2,18,29.97971327723319
2,19,26.432746609854096
2,20,23.132590826810585
2,21,20.05187491861284
2,22,16.73472648744594
2,23,13.01072738508934
2,24,10.8322629606413
2,25,7.747396626601195
2,26,7.222299735026132
2,27,10.063878236889577
2,28,11.578485626886632
2,29,15.264093785943745
2,30,16.10831357264374
2,31,14.535246279194425
2,32,15.246287852726624
2,33,16.50854645148417
2,34,17.35551260255947
2,35,13.788954087128111
2,36,12.75978307048652
2,37,13.520375306002862
2,38,14.02260749198832
2,39,15.945785823943519
2,40,17.758597923706123
2,41,20.180928428277678
2,42,22.483104435388707
2,43,24.12147501947473
2,44,24.054656884003805
2,45,25.21966850650123
2,46,23.17740477526346
2,47,22.908753760055735
2,48,20.780894065935854
2,49,19.700609740731906
2,50,18.50255397849196
2,51,18.08028827429153
2,52,17.892319676681804
2,53,19.89235668551814
2,54,22.396303490457484
2,55,22.62875845949429
2,56,24.600255421814467
2,57,26.53110107066608
2,58,29.288887793288346
2,59,27.380629517048845
2,60,26.603861385642585
2,61,28.409142567495426
2,62,31.95300641824612
2,63,31.628042434272977
2,64,29.1385934541553
2,65,30.945412097858178
2,66,31.676928041808875
2,67,29.928901770591708
2,68,26.156660367603997
2,69,24.203417044831937
2,70,20.897130786626402
2,71,21.42525098216561
2,72,20.562788765100155
2,73,21.224825359439876
2,74,18.398972813701644
2,75,15.756981059534464
2,76,16.390167157921326
2,77,15.703915855275914
2,78,12.191447967786292
2,79,14.119418188903373
2,80,14.650035705269426
2,81,18.014653181982535
2,82,20.282522823907836
2,83,23.953272888374805
2,84,26.539610644342655
2,85,30.157066768204132
2,86,33.19724411999705
2,87,31.433572259305862
2,88,33.23537435565307
2,89,33.54143003132935
2,90,31.88823167373677
2,91,28.673290171772596
2,92,28.223603444687395
2,93,25.674702192082908
2,94,22.105755432427888
2,95,19.780643269082038
2,96,16.393640528232
2,97,13.92825488909513
2,98,11.94241747392344
2,99,9.606602344829916
2,100,8.981314697927125
2,101,8.141556900796859
2,102,7.649400763350755
2,103,5.204252784608154
2,104,6.297318571022788
2,105,6.8544819217732424
2,106,10.032047497594233
2,107,12.212368717178204
2,108,15.979076835456329
2,109,18.439155870417498
2,110,22.12568713711365
2,111,24.83353602127086
2,112,28.439537676347918
2,113,31.25671284806858
2,114,34.542298378317504
2,115,37.58974956752473
2,116,41.343594754960165
2,117,43.81463606819869
2,118,44.70526708954711
2,119,41.144003180829245
2,120,40.5731930052032
2,121,43.88962549012622
2,122,43.023180601780474
2,123,39.64739249331329
2,124,41.56670887788003
2,125,44.03068152555097
2,126,41.79475151998637
3,1,6.097999712679201
3,2,3.7818948141700703
3,4,3.7746207251801454
3,5,6.298885113211517
3,6,10.017356463719512
3,7,12.822769309312713
3,8,15.205877822523375
3,9,14.94640114381796
3,10,18.71770583440448
3,11,20.973445557607498
3,12,24.772922487519164
3,13,26.64993736410957
3,14,30.378623231892696
3,15,31.931433085466185
3,16,32.718471403578064
3,17,30.25657312270363
3,18,27.262953730696633
3,19,23.60071228227572
3,20,20.441555353480197
3,21,17.166028910136042
3,22,13.93227180628449
3,23,10.245071162723663
3,24,8.414476171663873
3,25,6.4192347838717545
3,26,7.233602346409806
3,27,10.83659514162123
3,28,12.998705418005091
3,29,16.60391556804405
3,30,17.34387133791154
3,31,15.714678279195292
3,32,17.008259219449258
3,33,17.790644230720012
3,34,19.180125151255407
3,35,15.897781064356783
3,36,14.018751823712396
3,37,14.207593108359186
3,38,13.662175803303157
3,39,15.150276938765217
3,40,16.182034246672888
3,41,18.42202499557143
3,42,20.288370186044844
3,43,22.02856941159291
3,44,22.494866049711934
3,45,23.62833488048403
3,46,21.941149284331676
3,47,21.432898816969143
3,48,19.718806702692014
3,49,19.314035189126244
3,50,18.497932139577664
3,51,18.833979743139096
3,52,19.174360487830082
3,53,20.716215742000667
3,54,22.994414664440992
3,55,22.639437145933005
3,56,24.493432995760266
3,57,25.94246233043129
3,58,28.742448442345943
3,59,26.813374420649147
3,60,25.536581761017562
3,61,27.072092637479273
3,62,30.501372558001677
3,63,29.75961578765362
3,64,27.302402422585626
3,65,29.44278997590451
3,66,30.130969007105087
3,67,28.013368514166967
3,68,24.342500798444792
3,69,22.698091672875588
3,70,19.545062491702087
3,71,20.062458295219336
3,72,19.8612380461101
3,73,20.46388489284985
3,74,17.230058133626475
3,75,15.178350190285927
3,76,16.30799915734281
3,77,14.963063922108896
3,78,11.367193950225916
3,79,12.458066719405037
3,80,13.002107819047053
3,81,15.927417985602665
3,82,18.166185942520517
3,83,21.73118932234431
3,84,24.191101492006275
3,85,27.793618666981832
3,86,30.666796579536737
3,87,28.698933284946744
3,88,30.504028268858534
3,89,30.64861822846183
3,90,29.24419842022864
3,91,25.97855086985548
3,92,25.241081704315512
3,93,22.744070571034243
3,94,19.220406783819904
3,95,17.126342105057788
3,96,14.04130752378879
3,97,11.874154719359023
3,98,10.800839904615849
3,99,9.286709183825472
3,100,10.149726471943902
3,101,10.08636424082075
3,102,10.759423518305224
3,103,8.176152114991506
3,104,7.569794138112147
3,105,6.0893218190869405
3,106,8.059582952875948
3,107,9.262621962837507
3,108,12.923494254468164
3,109,15.154960214241976
3,110,18.7943492648489
3,111,21.56544095845861
3,112,25.077328502700695
3,113,28.003541842252083
3,114,31.18138871235641
3,115,34.3459459088462
3,116,38.07494713946989
3,117,40.58763576558212
3,118,41.64366308187421
3,119,38.16792246780805
3,120,37.51377513392131
3,121,40.91125781317842
3,122,40.25007146254718
3,123,36.888227426384404
3,124,38.74044394719359
3,125,41.37863641558633
3,126,39.336825559901364
4,1,9.81139878979938
4,2,6.854361489490268
4,3,3.7746207251801454
4,5,3.783001412904569
4,6,6.97804483389319
4,7,10.215007602229232
4,8,12.305591570852979
4,9,12.066036472960796
4,10,15.69569974396268
4,11,17.628428806370383
4,12,21.42965363334119
4,13,23.09704889632072
4,14,26.78619589368052
4,15,28.262672151392426
4,16,28.971161917906425
4,17,26.53054544922723
4,18,23.52212654881203
4,19,19.871214161279656
4,20,16.74412493248613
4,21,13.436833226346511
4,22,10.284518477038581
4,23,6.556134678205894
4,24,5.484799686239567
4,25,4.7811608022255845
4,26,7.49087787807821
4,27,10.915204538598108
4,28,13.899824541884554
4,29,17.112040501418743
4,30,17.21571837642969
4,31,15.182333382254113
4,32,16.68973719032365
4,33,16.760832660669752
4,34,18.550368431512155
4,35,15.703351583310019
4,36,13.03451672352913
4,37,12.67635604650334
4,38,11.221148081321276
4,39,12.472749974727721
4,40,12.986808499173057
4,41,15.348321088480235
4,42,17.151244691959857
4,43,19.26616436374352
4,44,19.931284220927534
4,45,20.693213378354805
4,46,19.034269385333612
4,47,18.176762961963068
4,48,16.6176873104413
4,49,16.715410316317477
4,50,16.123782717438523
4,51,17.129956746165117
4,52,17.93738362846258
4,53,19.013836484090938
4,54,20.998987776567045
4,55,20.161086624774114
4,56,21.941571254868563
4,57,23.000624543741793
4,58,25.85851719661878
4,59,24.049048687022314
4,60,22.44732428848793
4,61,23.952941304038525
4,62,27.247514364768136
4,63,26.340600414297967
4,64,23.790158598942345
4,65,26.008472361585273
4,66,26.61074487185621
4,67,24.359836648038844
4,68,20.735010541239927
4,69,19.226876366509075
4,70,16.20709480927551
4,71,16.855498903120232
4,72,17.115474707746177
4,73,17.935461513742254
4,74,14.582429389673736
4,75,12.870969864485149
4,76,14.692330310473203
4,77,13.264433551859508
4,78,9.605066813901669
4,79,9.657891928805451
4,80,9.725486199986173
4,81,12.38757362976691
4,82,14.486663215890868
4,83,18.027125076311275
4,84,20.435349710580866
4,85,24.035382697935233
4,86,26.893379194129697
4,87,24.953708539737526
4,88,26.83607712618918
4,89,27.120167860052685
4,90,25.796548822269056
4,91,22.426881726681174
4,92,21.84150826915564
4,93,19.578699081591488
4,94,16.201329396861688
4,95,13.844347860984314
4,96,10.972500929899597
4,97,8.602075488349934
4,98,8.401259372455726
4,99,7.422278607491042
4,100,9.610775628312236
4,101,10.198205842157433
4,102,12.106568051456179
4,103,9.864939578548494
4,104,8.167947720178503
4,105,5.810630564591736
4,106,6.039242325138444
4,107,6.603479130498841
4,108,10.115300464179048
4,109,11.9244419013717
4,110,15.673924718836009
4,111,18.172767189413804
4,112,21.773008216667936
4,113,24.53153592284361
4,114,27.758137497251354
4,115,30.834783628612584
4,116,34.57177518581753
4,117,37.13262371333027
4,118,38.07514633702702
4,119,34.57763550790117
4,120,34.064445213655596
4,121,37.47901132344795
4,122,36.745751546057846
4,123,33.460023143663214
4,124,35.45913597089778
4,125,38.07546241208603
4,126,35.99325439658697
5,1,12.192476923794883
5,2,9.906114165651912
5,3,6.298885113211517
5,4,3.783001412904569
5,6,3.7776517174590674
5,7,6.659143611867234
5,8,8.952970108602106
5,9,9.235142224361388
5,10,12.914449272795778
5,11,14.994992713298107
5,12,18.794364674573735
5,13,20.77280008947586
5,14,24.54613875664543
5,15,26.42049159684533
5,16,27.333691559000187
5,17,24.693980800602368
5,18,21.92677238434852
5,19,18.169383793186924
5,20,15.21126888630001
5,21,11.85020307713486
5,22,8.793023791141714
5,23,5.759875626868907
5,24,5.136674976560391
5,25,6.608346619588682
5,26,9.192894294413275
5,27,12.638013039656816
5,28,15.528793280478762
5,29,18.537714712439172
5,30,18.857341409938634
5,31,17.22024121205706
5,32,19.285908386911743
5,33,19.318001692734338
5,34,21.53962400445147
5,35,18.97726632401999
5,36,16.10163610979343
5,37,15.719575870406564
5,38,13.654080372029362
5,39,14.585375107731798
5,40,14.182946524907626
5,41,16.2624546964528
5,42,17.39308717975154
5,43,19.633753884409707
5,44,20.959844614950093
5,45,21.578423779855676
5,46,20.344412632049004
5,47,19.101433167320067
5,48,17.992715526548785
5,49,18.796397418783265
5,50,18.380780082384494
5,51,19.93506481030781
5,52,20.856368188887977
5,53,21.434682648287165
5,54,23.35216176181242
5,55,22.160616611576035
5,56,23.935056822347075
5,57,24.45183821815298
5,58,27.37805198964624
5,59,25.727755663295483
5,60,23.64360733852715
5,61,24.896277715181352
5,62,27.924713994574095
5,63,26.527491779708416
5,64,23.97276628932401
5,65,26.47494228679485
5,66,26.84160199336203
5,67,24.167847948508438
5,68,20.780388734441583
5,69,19.55584078453094
5,70,16.756901026000865
5,71,17.018560362306985
5,72,17.9397380532398
5,73,18.31708583401837
5,74,14.650194192156663
5,75,13.897113401203878
5,76,15.715409163447628
5,77,13.488074069412301
5,78,10.381787103234752
5,79,9.638392460968364
5,80,10.275721821956068
5,81,11.970009166519096
5,82,14.207929893692613
5,83,17.324490830463557
5,84,19.665637166080316
5,85,23.080337868617463
5,86,25.74244183069687
5,87,23.65306425455171
5,88,25.66916433088647
5,89,25.80880547264695
5,90,24.975436180651442
5,91,21.523462560361438
5,92,20.534290797733632
5,93,18.52400460358011
5,94,15.396471459749973
5,95,13.508354421833113
5,96,11.473893873320975
5,97,9.752349742124427
5,98,10.856448995420864
5,99,10.588827850923872
5,100,13.218027646348961
5,101,13.699039960311074
5,102,15.685168529179254
5,103,13.555527680204214
5,104,11.890913537394276
5,105,9.12357115774255
5,106,8.216770363508223
5,107,6.837634497319134
5,108,9.437975110638577
5,109,10.331872155282094
5,110,13.859996382079656
5,111,16.30001524966201
5,112,19.660446484094333
5,113,22.531009518928727
5,114,25.483964340121513
5,115,28.760791288641933
5,116,32.42197833107459
5,117,35.128933735029094
5,118,36.31112841183681
5,119,32.981172991868306
5,120,32.4287477454433
5,121,35.97847281976105
5,122,35.55289059423987
5,123,32.362195769918735
5,124,34.293962008238054
5,125,37.1508025318005
5,126,35.35287394183853
6,1,15.960499234467388
6,2,13.571398559114462
6,3,10.017356463719512
6,4,6.97804483389319
6,5,3.7776517174590674
6,7,3.820496813032077
6,8,5.354416430132265
6,9,6.093371250085024
6,10,9.490584191706168
6,11,11.301746394443738
6,12,15.092420326146685
6,13,17.08285583639684
6,14,20.86700168023432
6,15,22.891457889098522
6,16,23.89610571159349
6,17,21.20698362451644
6,18,18.634675225359416
6,19,14.84636982173219
6,20,12.172773668259996
6,21,8.773364826126317
6,22,6.284981651112817
6,23,4.73964880257439
6,24,6.0263331370271995
6,25,9.00290047758847
6,26,11.98850374692908
6,27,14.992812175538077
6,28,18.115934181069633
6,29,20.715824491463806
6,30,20.686819482192906
6,31,18.979521000461194
6,32,21.225572090477915
6,33,20.765285906430744
6,34,23.267103724669198
6,35,21.133611929573906
6,36,17.865692719008972
6,37,17.09534343291378
6,38,14.327933392028596
6,39,14.750341548056136
6,40,13.423631050123555
6,41,15.207634382170992
6,42,15.769997871630085
6,43,18.270658329646306
6,44,20.082052764077257
6,45,20.33203786037986
6,46,19.448872945055584
6,47,17.805729303591566
6,48,17.203345927738635
6,49,18.73946944623174
6,50,18.673999250766116
6,51,20.85922829674853
6,52,22.150468639140527
6,53,22.226786309799788
6,54,23.784751474761997
6,55,22.084838551370748
6,56,23.67682323469912
6,57,23.603322683267773
6,58,26.487333785160804
6,59,25.01141116483119
6,60,22.474837956582277
6,61,23.479238071259214
6,62,26.1877598592453
6,63,24.392814867592048
6,64,21.8526111755857
6,65,24.563124081888745
6,66,24.767865977581476
6,67,21.773114065156886
6,68,18.67029676083197
6,69,17.858541659656513
6,70,15.504421125008216
6,71,15.726784149800398
6,72,17.418606155309202
6,73,17.79279416936296
6,74,14.103516142217321
6,75,14.206249181528982
6,76,16.45564055843204
6,77,14.022806828885331
6,78,11.49503859065671
6,79,9.50831396807374
6,80,9.808658223647342
6,81,10.275073608722264
6,82,12.168098956302122
6,83,14.8157198016358
6,84,16.91512174315853
6,85,20.159445392693968
6,86,22.61116142882956
6,87,20.42612543940428
6,88,22.53091143212129
6,89,22.669615256952625
6,90,22.20174234904099
6,91,18.683466428061458
6,92,17.569891213557224
6,93,15.976105685753758
6,94,13.283509155386236
6,95,11.613821542646509
6,96,10.586285785701758
6,97,9.463963551816347
6,98,11.783535997576784
6,99,12.284976341489841
6,100,15.495256508533387
6,101,16.309735163111117
6,102,18.775376492628236
6,103,16.798841084468634
6,104,14.731952713938842
6,105,11.73099845885611
6,106,9.70523663823771
6,107,7.1483944539884625
6,108,8.247433868581163
6,109,7.761398261179196
6,110,11.00729561827015
6,111,13.050908262507436
6,112,16.28784939376108
6,113,19.05911847947776
6,114,21.88699249909957
6,115,25.193262506363727
6,116,28.814011076787093
6,117,31.61673220830687
6,118,32.84006542964235
6,119,29.594154632643427
6,120,29.117326469316588
6,121,32.73374038653224
6,122,32.4255859792437
6,123,29.359539131651424
6,124,31.346441180282955
6,125,34.297692012178935
6,126,32.64187515868394
7,1,18.433882545628045
7,2,16.331972165560213
7,3,12.822769309312713
7,4,10.215007602229232
7,5,6.659143611867234
7,6,3.820496813032077
7,8,3.8372729210830743
7,9,6.739958859073149
7,10,9.25458944408948
7,11,10.615760567797107
7,12,14.129174688424028
7,13,16.230436735189855
7,14,19.94981112253775
7,15,22.467891992874684
7,16,23.43858246809557
7,17,20.408918107222465
7,18,18.073554771605558
7,19,14.424838804482949
7,20,11.949496069676616
7,21,9.28387456264977
7,22,7.228328154905485
7,23,7.314940644403181
7,24,7.919372362749568
7,25,11.254387148871167
7,26,13.65136044460095
7,27,16.343803581091613
7,28,19.1733059714986
7,29,21.425044710225848
7,30,21.616292264340522
7,31,20.419923722865853
7,32,23.12434032633795
7,33,22.827626853661613
7,34,25.685135916424606
7,35,23.802846969353915
7,36,20.575930001929695
7,37,20.152352128390444
7,38,17.33290452667299
7,39,17.953515317668327
7,40,16.38829122504516
7,41,18.150510184138103
7,42,18.371695784253056
7,43,21.002134443929364
7,44,23.113486795487052
7,45,23.07025419041796
7,46,22.315581633590952
7,47,20.27202366135961
7,48,19.757455151953803
7,49,21.601952741682133
7,50,21.325696878698285
7,51,23.719178131025963
7,52,24.785390679592098
7,53,24.430367267356182
7,54,26.12021356133616
7,55,24.402408370881453
7,56,26.186151078669926
7,57,25.735677254433956
7,58,28.756996184343723
7,59,27.62671125510525
7,60,24.86032220497665
7,61,25.86092884452791
7,62,28.22721636023942
7,63,26.1471463641827
7,64,23.503546871965558
7,65,26.191851499173286
7,66,25.951706908131662
7,67,22.728727407852002
7,68,19.958457921763397
7,69,19.158181155835567
7,70,16.95826316579287
7,71,16.47045957624873
7,72,18.459998976336095
7,73,18.153425354042636
7,74,14.442790107372923
7,75,15.414595897010429
7,76,17.249342678110335
7,77,14.23754247001501
7,78,12.590193200655062
7,79,10.480098038943321
7,80,11.65425630453946
7,81,11.294034880837147
7,82,13.471009741550873
7,83,15.35391500971333
7,84,17.532172064746156
7,85,20.311342660245256
7,86,22.632288737007674
7,87,20.613477788631208
7,88,23.022285895712212
7,89,23.246330364998716
7,90,23.390412253106245
7,91,19.83950747395078
7,92,18.571814425003737
7,93,17.570153765235293
7,94,15.450163363397781
7,95,14.166812081771774
7,96,13.850634282224972
7,97,12.875609357870378
7,98,15.432041083423606
7,99,15.711686868040902
7,100,18.84114318438929
7,101,19.22010239103219
7,102,21.655667270984193
7,103,19.959006162213218
7,104,18.242606560627493
7,105,15.39824954270416
7,106,13.524765842423207
7,107,10.84281782979104
7,108,11.31613251867774
7,109,9.839314117735695
7,110,12.264063047330565
7,111,13.680188799282464
7,112,16.377226824795393
7,113,18.9458424465181
7,114,21.271392120466693
7,115,24.681821430168473
7,116,28.111876426946267
7,117,31.16466789492802
7,118,32.53477147906878
7,119,29.532058699590245
7,120,29.216823670072497
7,121,32.9375584849881
7,122,32.88188000117448
7,123,30.070967879664128
7,124,32.085076483728784
7,125,35.1856160565664
7,126,33.76859749925389
8,1,20.988294327503347
8,2,18.84800184342809
8,3,15.205877822523375
8,4,12.305591570852979
8,5,8.952970108602106
8,6,5.354416430132265
8,7,3.8372729210830743
8,9,3.785543721940724
8,10,5.466583169948281
8,11,7.072394505707325
8,12,10.585789732310298
8,13,13.064823425367003
8,14,16.835257341679142
8,15,19.390371803047096
8,16,20.79325403916447
8,17,18.031348343559436
8,18,16.16417333916273
8,19,12.5308254322669
8,20,10.910114070483285
8,21,8.132903688862244
8,22,7.680835127438898
8,23,8.677403186097854
8,24,10.623446891782736
8,25,14.05575671277259
8,26,16.905882703424783
8,27,19.627122996034473
8,28,22.671935445004298
8,29,24.92249447019098
8,30,24.825993461809674
8,31,23.304572489939122
8,32,25.774085751780756
8,33,25.032445126246383
8,34,27.761990445344107
8,35,25.972661853590857
8,36,22.511108576791173
8,37,21.491246885686035
8,38,18.27490226284052
8,39,18.1220709509916
8,40,15.839491045286705
8,41,16.88318624912402
8,42,16.36688205209522
8,43,18.80962496846379
8,44,21.371023976787665
8,45,21.327769831045245
8,46,21.1562151817858
8,47,19.197603425978823
8,48,19.408946048154785
8,49,21.723505516167293
8,50,22.072908593722698
8,51,24.7800600113341
8,52,26.356732990630157
8,53,25.960184883902564
8,54,27.152404771450744
8,55,24.96341469185233
8,56,26.274608160752063
8,57,25.46910745109354
8,58,28.17018218149574
8,59,26.905004553765625
8,60,23.838850239129723
8,61,24.32369935339099
8,62,26.469330343744353
8,63,24.01701789064855
8,64,21.7239584096977
8,65,24.747012553922456
8,66,24.719931968659687
8,67,21.25539673189883
8,68,18.85128577096853
8,69,18.78952567110192
8,70,17.25027754873633
8,71,17.268635880177214
8,72,19.818427304848473
8,73,19.9564998852982
8,74,16.448689237457895
8,75,17.594091982064455
8,76,19.93121630863578
8,77,17.208578877195038
8,78,15.529436838040926
8,79,12.83661192750185
8,80,13.056514652901539
8,81,11.934833274417729
8,82,13.085270085431771
8,83,14.530777228413733
8,84,15.951906076343661
8,85,18.609629158778343
8,86,20.430450543351455
8,87,18.002695969491697
8,88,20.1063298888721
8,89,19.969987626176245
8,90,20.337276809539514
8,91,16.968621585868892
8,92,15.289650626616558
8,93,14.444359684164917
8,94,12.757929144816314
8,95,12.155372278112813
8,96,12.759023163407026
8,97,12.773250600160042
8,98,15.87688786670358
8,99,17.014691440786542
8,100,20.47136499430857
8,101,21.458772602621423
8,102,24.081965998370972
8,103,22.112968676534134
8,104,19.852392877182275
8,105,16.647675859479335
8,106,14.039216481704402
8,107,10.725864634920475
8,108,9.877184187590979
8,109,7.45970714355741
8,110,9.012272957377427
8,111,10.265513219992263
8,112,12.692119436582976
8,113,15.42212124414285
8,114,17.69640830125432
8,115,21.206093853397654
8,116,24.64375725511946
8,117,27.593344964019053
8,118,29.127767596987898
8,119,26.19309013090156
8,120,25.669974532112636
8,121,29.396208649879746
8,122,29.53586116815031
8,123,26.709423256563436
8,124,28.56413069794957
8,125,31.77470292735188
8,126,30.575517338641305
9,1,20.67521971051196
9,2,18.60682067503203
9,3,14.94640114381796
9,4,12.066036472960796
9,5,9.235142224361388
9,6,6.093371250085024
9,7,6.739958859073149
9,8,3.785543721940724
9,10,3.822744822188553
9,11,6.898612255499879
9,12,10.406619487754272
9,13,13.178881929050723
9,14,16.94036314998497
9,15,19.075355083218845
9,16,20.91006739950686
9,17,18.697528269582747
9,18,17.03612728824039
9,19,13.404190622703641
9,20,12.212863153710332
9,21,8.89439883278372
9,22,8.970327517183375
9,23,9.265370027338369
9,24,11.850475404016032
9,25,14.855370315756174
9,26,18.01903077939292
9,27,21.016294441040582
9,28,24.202910014940652
9,29,26.756783758390057
9,30,26.54855562336082
9,31,24.638534189654454
9,32,26.683199299232538
9,33,25.733859482588926
9,34,28.075050758560998
9,35,26.07067590458634
9,36,22.581282157533973
9,37,21.03042482376573
9,38,17.77285691248894
9,39,16.943295401564402
9,40,14.426183574598552
9,41,14.774159842522245
9,42,13.83376542307122
9,43,15.782850015877491
9,44,18.541280142495843
9,45,18.97261895692088
9,46,19.24349738965292
9,47,17.85102212328932
9,48,18.536745262054577
9,49,20.81534364326517
9,50,21.73305731938476
9,51,24.343068083960144
9,52,26.32817312115033
9,53,26.322862357136326
9,54,27.178652277080882
9,55,24.800547342866686
9,56,25.648270272773868
9,57,24.99517981082139
9,58,27.33093386850352
9,59,25.618465124798426
9,60,22.5880895110394
9,61,22.632806291763004
9,62,24.956644507922356
9,63,22.47065325189831
9,64,20.6214965111002
9,65,23.929221953995626
9,66,24.479822568845496
9,67,21.075247262065503
9,68,18.660478295956487
9,69,19.072509921725064
9,70,17.79827497085215
9,71,18.593277120748837
9,72,21.114227917717354
9,73,21.871089453578517
9,74,18.445938346180984
9,75,19.042892391759455
9,76,21.743740624385648
9,77,19.4283485735191
9,78,17.186973372128325
9,79,14.537633965322
9,80,13.907710962759767
9,81,13.09485111867876
9,82,13.46597561402772
9,83,15.247374843743875
9,84,16.066281022282787
9,85,18.997845118597752
9,86,20.523968926774717
9,87,17.621266124868065
9,88,19.096914563321924
9,89,18.429527384127336
9,90,18.382966509404447
9,91,15.282117782851751
9,92,13.17714953955732
9,93,11.612289292627395
9,94,9.559132205575196
9,95,9.579338540979485
9,96,10.343406105427318
9,97,11.303845741171747
9,98,14.38591104852706
9,99,16.25178841137871
9,100,19.771935051862187
9,101,21.363764340914443
9,102,23.901241040221684
9,103,21.512784474656286
9,104,18.788120649551207
9,105,15.27885280079315
9,106,12.236372338128445
9,107,8.55487261977534
9,108,6.8011964827432765
9,109,4.517355865807881
9,110,5.98442022831813
9,111,8.366296053591881
9,112,11.034727476248781
9,113,14.295670582242364
9,114,16.932510583720333
9,115,20.455950028597346
9,116,24.019481374205686
9,117,26.599086761796364
9,118,28.23597038402339
9,119,25.191380633724094
9,120,24.230465359296897
9,121,27.856298746497014
9,122,28.021448489228963
9,123,24.904160518075194
9,124,26.48129491198543
9,125,29.707872406223363
9,126,28.544205121477514
10,1,24.48815499980051
10,2,22.34160347642046
10,3,18.71770583440448
10,4,15.69569974396268
10,5,12.914449272795778
10,6,9.490584191706168
10,7,9.25458944408948
10,8,5.466583169948281
10,9,3.822744822188553
10,11,3.8171811766918373
10,12,6.7956090064190775
10,13,9.934265681063977
10,14,13.578926507610047
10,15,15.886756525566247
10,16,18.07690227118727
10,17,16.068118597082325
10,18,15.056366625008684
10,19,11.791885722757332
10,20,11.689867275719523
10,21,9.151943369362531
10,22,10.601351835665312
10,23,11.98351339579261
10,24,14.888943939266682
10,25,18.1489487450025
10,26,21.398790035790903
10,27,24.16692804183044
10,28,27.435724563589186
10,29,29.752101961773157
10,30,29.33141861103658
10,31,27.390495989917547
10,32,29.467913094698233
10,33,28.216621746456564
10,34,30.651362220878763
10,35,28.943792000756
10,36,25.30544406939826
10,37,23.542579407799927
10,38,20.025240457640223
10,39,18.825334166505215
10,40,15.768584030409283
10,41,15.576544161828476
10,42,13.888156710991089
10,43,15.760371445485738
10,44,18.929235450616748
10,45,19.004353030867094
10,46,19.783924160231823
10,47,18.2059709822492
10,48,19.48150498455539
10,49,22.243084989856968
10,50,23.46742024350408
10,51,26.410977924206154
10,52,28.627740089281424
10,53,28.30370868593435
10,54,28.81311582293975
10,55,26.090493147033555
10,56,26.662647998245678
10,57,25.496914304639507
10,58,27.60326140756178
10,59,26.067145671117476
10,60,22.725479027750644
10,61,22.36328179454902
10,62,24.19477515330763
10,63,21.278976794359988
10,64,19.71343198158288
10,65,23.179485222346234
10,66,23.635863760117175
10,67,20.01099814091947
10,68,18.208798653871675
10,69,19.235959558281547
10,70,18.64262547599419
10,71,19.46073926792388
10,72,22.456818323841826
10,73,23.24139145751291
10,74,20.077705573168174
10,75,21.165736115504927
10,76,24.019790780735715
10,77,21.738571025637064
10,78,19.900365270682506
10,79,16.836832907656024
10,80,15.97868817082567
10,81,14.333173620637892
10,82,14.011641164546985
10,83,14.900752013092223
10,84,14.99126161581437
10,85,17.414979908261177
10,86,18.33927981162844
10,87,15.223929109988447
10,88,16.51801519181484
10,89,15.600990124700907
10,90,16.162229367628992
10,91,13.300573879180659
10,92,10.802097800512454
10,93,10.055667837688473
10,94,9.257423550136743
10,95,10.105435102037548
10,96,12.081214631788473
10,97,13.578638408264805
10,98,17.008933601219557
10,99,19.17622115015435
10,100,22.835122965125123
10,101,24.57130658958131
10,102,27.32025367987786
10,103,25.03195624207569
10,104,22.164688159862504
10,105,18.68796890522155
10,106,15.386135996776108
10,107,11.741290872111785
10,108,9.140903726928107
10,109,5.848869999445277
10,110,4.798238266258224
10,111,5.845940092689179
10,112,7.664634576316618
10,113,10.911688540954495
10,114,13.255994411278408
10,115,16.871817048773462
10,116,20.35360902970536
10,117,22.96974323284573
10,118,24.754194796660208
10,119,21.88195999880745
10,120,20.88204436461237
10,121,24.560201172084966
10,122,24.975944949795192
10,123,22.032334339632275
10,124,23.54870715650194
10,125,26.906763512493004
10,126,26.030880895106737
11,1,26.951945355595267
11,2,24.458650494858578
11,3,20.973445557607498
11,4,17.628428806370383
11,5,14.994992713298107
11,6,11.301746394443738
11,7,10.615760567797107
11,8,7.072394505707325
11,9,6.898612255499879
11,10,3.8171811766918373
11,12,3.8128367268211183
11,13,6.334847625627226
11,14,10.099948973600492
11,15,12.55898108938127
11,16,14.493437617955626
11,17,12.300909975807198
11,18,11.447815707680807
11,19,8.44591955924135
11,20,9.14851838279393
11,21,7.715775047721305
11,22,10.24657460282158
11,23,12.694163763274467
11,24,15.785142327450716
11,25,19.298298281598015
11,26,22.625003188401905
11,27,24.949739899334315
11,28,28.333994193369506
11,29,30.25422409778994
11,30,29.48628080211851
11,31,27.527151445216347
11,32,29.665918922207698
11,33,28.107760244158854
11,34,30.73250746269323
11,35,29.47489019358502
11,36,25.707910905413936
11,37,23.943405337679074
11,38,20.230790519934708
11,39,19.04899166353526
11,40,15.740665769255685
11,41,15.652782952364463
11,42,13.93662962671967
11,43,16.29498570649936
11,44,19.36395236081071
11,45,18.684809363518465
11,46,19.38960764527749
11,47,17.27060168787629
11,48,18.68147467427207
11,49,21.82686865461949
11,50,23.02018176072196
11,51,26.294215802623842
11,52,28.54630105884039
11,53,27.7477508719065
11,54,28.03423646612648
11,55,25.108542891349035
11,56,25.66225003996331
11,57,24.0060568194215
11,58,26.11975083552485
11,59,25.02666073982547
11,60,21.47246299739403
11,61,21.172263512620155
11,62,22.52751922414441
11,63,19.439253059698952
11,64,17.699422991493975
11,65,21.02077481520654
11,66,21.069977630705356
11,67,17.31000202940663
11,68,15.962911193125164
11,69,17.232605088717857
11,70,17.146117413038617
11,71,17.775945939659152
11,72,21.140659972839646
11,73,21.876556891471402
11,74,19.075162192449266
11,75,20.673602124586058
11,76,23.619021047107623
11,77,21.485539134675452
11,78,20.162252393939788
11,79,16.704301593816147
11,80,15.704463191280972
11,81,13.259759675354005
11,82,12.493234772366906
11,83,12.461628197210072
11,84,12.217151384878447
11,85,14.157167738152198
11,86,14.918209247611474
11,87,11.999466639728455
11,88,13.73171452689981
11,89,13.362820551266834
11,90,14.451378301145283
11,91,11.419118548329017
11,92,9.512631461792086
11,93,10.111754897389206
11,94,10.340525744138402
11,95,10.712347322908592
11,96,13.254265481744596
11,97,14.477809732107064
11,98,18.187573209733063
11,99,20.25344714294342
11,100,24.00952823899649
11,101,25.662614659085456
11,102,28.74114752658038
11,103,26.82671745060473
11,104,23.990599033126646
11,105,20.76935601114081
11,106,17.394632899861563
11,107,14.048796338747389
11,108,11.474263637888743
11,109,7.7150896979350945
11,110,6.350232807426366
11,111,4.833262497348223
11,112,6.206881159034428
11,113,8.42547018586389
11,114,10.7055607466417
11,115,14.149819528165382
11,116,17.64789989884836
11,117,20.576470874466786
11,118,22.05734894390623
11,119,19.16529994219898
11,120,18.69474740378492
11,121,22.444725344151763
11,122,22.681706159775604
11,123,20.06032658428285
11,124,21.991361902916164
11,125,25.229945722220062
11,126,24.25718500881471
12,1,30.735080309579434
12,2,28.259650847685588
12,3,24.772922487519164
12,4,21.42965363334119
12,5,18.794364674573735
12,6,15.092420326146685
12,7,14.129174688424028
12,8,10.585789732310298
12,9,10.406619487754272
12,10,6.7956090064190775
12,11,3.8128367268211183
12,13,3.7866034941701465
12,14,7.022141041084412
12,15,9.863185156598917
12,16,12.339663178737156
12,17,10.587809682885625
12,18,10.958401083694415
12,19,9.061620486661795
12,20,11.070328537702792
12,21,10.691304303208241
12,22,13.664406093867926
12,23,16.374521011637423
12,24,19.480764988912505
12,25,23.030772488887393
12,26,26.34887757601797
12,27,28.555988768043395
12,28,31.939992070641328
12,29,33.709190811374576
12,30,32.83426707345359
12,31,30.891387044445324
12,32,33.02461070201833
12,33,31.2887511385889
12,34,33.93016406464361
12,35,32.87237207424457
12,36,29.062154109693267
12,37,27.172055460844582
12,38,23.3868330204409
12,39,21.96349320787668
12,40,18.437409956774598
12,41,17.902874837502374
12,42,15.684310565074284
12,43,17.729035223054964
12,44,20.979942841040504
12,45,20.060026950811032
12,46,21.213866609221107
12,47,19.090021266785428
12,48,20.947753117095523
12,49,24.335849138829463
12,50,25.751223893239768
12,51,29.17964624797977
12,52,31.57261402643575
12,53,30.570789293571668
12,54,30.57294620226878
12,55,27.43647064722567
12,56,27.722266916084244
12,57,25.666027683990656
12,58,27.47710741231007
12,59,26.568834553724457
12,60,22.861218623728753
12,61,22.153222109840346
12,62,22.92741314394926
12,63,19.495691142180384
12,64,18.196669441083152
12,65,21.51270236515235
12,66,21.453534683702827
12,67,17.641000992031554
12,68,17.10800756596038
12,69,18.924583912969887
12,70,19.46647743584461
12,71,20.082590256954592
12,72,23.674858581681715
12,73,24.39737273355689
12,74,21.904626563968396
12,75,23.78757452780879
12,76,26.7458660232993
12,77,24.669727210129736
12,78,23.624550525682746
12,79,20.05461425523188
12,80,18.976060603653863
12,81,16.17341480999925
12,82,14.946150876082852
12,83,14.06740908568634
12,84,13.00000156612673
12,85,14.02905355623137
12,86,13.83852716447331
12,87,10.840503610344369
12,88,12.194635370055872
12,89,11.524331774725008
12,90,13.529721893565114
12,91,11.162774434862435
12,92,9.08947101917146
12,93,10.804284976497689
12,94,12.209117139547025
12,95,13.197346967150075
12,96,16.238517453641105
12,97,17.77771302881321
12,98,21.52163304203946
12,99,23.75606844633349
12,100,27.530399132027338
12,101,29.276079453172446
12,102,32.43008338271825
12,103,30.538945105909185
12,104,27.619550745926958
12,105,24.396530026079414
12,106,20.91988312147756
12,107,17.586323991372325
12,108,14.697852692216927
12,109,10.988207749960175
12,110,8.632761444737532
12,111,5.966035322621374
12,112,4.800143240872436
12,113,5.8677639494517155
12,114,7.206879420836041
12,115,10.762186284945892
12,116,14.080771284017166
12,117,17.113048681226203
12,118,18.79206144349979
12,119,16.213170970186447
12,120,15.757694387454007
12,121,19.528477150605077
12,122,20.12387389254271
12,123,17.85278588294456
12,124,19.668276264298978
12,125,23.003971334740523
12,126,22.441539509103162
13,1,32.71742565487259
13,2,29.940105918265388
13,3,26.64993736410957
13,4,23.09704889632072
13,5,20.77280008947586
13,6,17.08285583639684
13,7,16.230436735189855
13,8,13.064823425367003
13,9,13.178881929050723
13,10,9.934265681063977
13,11,6.334847625627226
13,12,3.7866034941701465
13,14,3.8131546629029116
13,15,6.584585465973958
13,16,8.619841258445904
13,17,6.85944932431781
13,18,7.7487057018657595
13,19,6.9228977585302545
13,20,9.964266037234754
13,21,10.781604879788848
13,22,14.254748612330523
13,23,17.414206843541287
13,24,20.609261586028392
13,25,24.15073158886188
13,26,27.525000278201322
13,27,29.33277598082477
13,28,32.80872492929408
13,29,34.2519859005668
13,30,33.00966920766869
13,31,30.973223936833218
13,32,33.00442098092381
13,33,30.954635481630085
13,34,33.630274660247956
13,35,32.98887476636492
13,36,29.14056533628431
13,37,27.201748171134753
13,38,23.368816950106204
13,39,21.91924647831183
13,40,18.33828383747103
13,41,17.8595490441925
13,42,15.785382464915457
13,43,18.13942936307896
13,44,21.078333799258008
13,45,19.495433699460346
13,46,20.5251395463254
13,47,18.04820237359449
13,48,20.006804743081844
13,49,23.602674475019985
13,50,25.031543577296063
13,51,28.64971576087254
13,52,31.09253515634309
13,53,29.733674082163457
13,54,29.438020946853577
13,55,26.152730451034557
13,56,26.320421360968528
13,57,23.85430793184418
13,58,25.549568148758613
13,59,25.06523069784253
13,60,21.28638355057349
13,61,20.63257410789284
13,62,20.893358379138842
13,63,17.429760482737883
13,64,16.043139560454378
13,65,19.06939289865775
13,66,18.653231031725113
13,67,14.866200826915778
13,68,14.96246973627657
13,69,17.071078751504388
13,70,18.21106557853012
13,71,18.80360009864813
13,72,22.56459323446027
13,73,23.39516076082251
13,74,21.40152377660645
13,75,23.522614635346997
13,76,26.561151824596642
13,77,24.823100602335458
13,78,24.125645613199094
13,79,20.37240682894477
13,80,19.03375420457649
13,81,15.799700726293866
13,82,14.059817334857238
13,83,12.302083540234936
13,84,10.653973373973749
13,85,10.891789367564561
13,86,10.295516926732772
13,87,7.625799415785993
13,88,9.467631774579115
13,89,9.729963096577231
13,90,12.122952940076098
13,91,9.807486511832037
13,92,8.942507379581018
13,93,11.66532508206541
13,94,13.590303784291914
13,95,14.037976158403518
13,96,17.251526227506925
13,97,18.551186242674422
13,98,22.327452957420874
13,99,24.485395089475396
13,100,28.239666287445473
13,101,29.9752039904379
13,102,33.36592880853464
13,103,31.79116048911333
13,104,28.88031521448135
13,105,25.928391362916784
13,106,22.438886472887674
13,107,19.451995847043882
13,108,16.664397482751518
13,109,12.950527205861508
13,110,10.868024144635449
13,111,7.38800675117614
13,112,6.280629967532165
13,113,4.96227971273697
13,114,6.182460134170556
13,115,8.839888015632622
13,116,12.178241719039185
13,117,15.467770404211889
13,118,16.50369263746398
13,119,13.771570313284423
13,120,14.116045670810408
13,121,17.8240611916199
13,122,17.97598973273427
13,123,16.095069061961045
13,124,18.453105900038967
13,125,21.458961413448588
13,126,20.636978997221163
14,1,36.45527842660305
14,2,33.61097768335362
14,3,30.378623231892696
14,4,26.78619589368052
14,5,24.54613875664543
14,6,20.86700168023432
14,7,19.94981112253775
14,8,16.835257341679142
14,9,16.94036314998497
14,10,13.578926507610047
14,11,10.099948973600492
14,12,7.022141041084412
14,13,3.8131546629029116
14,15,3.7516625361687703
14,16,6.130052868521881
14,17,5.550953969451101
14,18,8.219760963004305
14,19,9.091781506556172
14,20,12.661275947575737
14,21,14.116651795192324
14,22,17.699074007484153
14,23,20.974108497819206
14,24,24.170015911417046
14,25,27.689741289412883
14,26,31.060903225175057
14,27,32.68895689614158
14,28,36.174178506104354
14,29,37.429040714919644
14,30,36.01304754092309
14,31,33.96430002651648
14,32,35.92633182277515
14,33,33.68035983192193
14,34,36.333181968048116
14,35,35.951731678650695
14,36,32.104461924093094
14,37,30.083179150643865
14,38,26.256806915449378
14,39,24.66764765468563
14,40,21.04245035254508
14,41,20.312827959973344
