1,2,3.783556086171939
1,3,6.493393805154786
1,4,9.537866203718105
1,5,12.348171430600873
1,6,15.97642176810376
1,7,18.036999854559514
1,8,21.756261252024906
1,9,23.766600880068715
1,10,26.904379686740636
1,11,25.68578391256319
1,12,27.02628729270362
1,13,30.528839827496814
1,14,31.768611184767217
1,15,34.41855495490423
1,16,33.55394215826403
1,17,34.09776309688401
1,18,34.81940650073932
1,19,35.16122605644697
1,20,37.95249366663933
1,21,36.989066885336754
1,22,38.342625060232926
1,23,35.64585746648759
1,24,35.27416385765813
1,25,31.61624678425054
1,26,30.743865833523785
1,27,28.404905383611815
1,28,28.189235065255613
1,29,28.949324699120396
1,30,29.4536018643025
1,31,33.23712023982873
1,32,34.30828515773617
1,33,37.68809300809073
1,34,36.88668582341727
1,35,33.698113799959955
1,36,32.06398049785414
1,37,29.693994530408347
1,38,31.93802100140416
1,39,32.046639895764734
1,40,33.490906559720464
1,41,34.23921183897405
1,42,32.47886001884697
1,43,34.38972635046083
1,44,31.417915403996815
1,45,31.60069164332811
1,46,31.46408997324212
1,47,31.38070948797476
1,48,29.24533348590234
1,49,25.868861554317327
1,50,27.148635501864927
1,51,26.24064726435938
1,52,23.707021468679155
1,53,23.345325233008598
1,54,23.796820917997884
1,55,25.60734559499388
1,56,22.7341201661828
1,57,20.510060152355337
1,58,23.567079512939998
1,59,24.132622199191356
1,60,20.653928360183286
1,61,20.971643660649768
1,62,24.681292436403734
1,63,26.08244338246904
2,1,3.783556086171939
2,3,3.8072631980635534
2,4,6.538677970105366
2,5,8.817035938934339
2,6,12.54483326333138
2,7,14.580587527407824
2,8,18.220367718936725
2,9,20.462521557151064
2,10,23.44209565228992
2,11,22.20760197399053
2,12,23.795893999781878
2,13,27.196561439306326
2,14,28.353504465186344
2,15,31.117874050754203
2,16,30.40978385090309
2,17,30.887378832805748
2,18,31.79915127972735
2,19,32.01620873845786
2,20,34.86671905042996
2,21,34.1340078900027
2,22,35.70633551139854
2,23,33.22595642248472
2,24,32.9816644615273
2,25,29.336694186072698
2,26,28.530024708394222
2,27,25.94611479945299
2,28,25.639224026382436
2,29,26.107304586015495
2,30,26.60044946573303
2,31,30.365021083366834
2,32,31.307263394619408
2,33,34.7984022780805
2,34,34.26362894860483
2,35,31.07844669320237
2,36,29.63375418584127
2,37,27.24852163208312
2,38,29.504980434094925
2,39,29.682993999995652
2,40,30.908923012476762
2,41,31.685336397398974
2,42,29.751916722499914
2,43,31.656611244168992
2,44,28.71917721530793
2,45,28.62497923658594
2,46,28.21671404935531
2,47,28.079531233370528
2,48,25.805855310595845
2,49,22.424337988446688
2,50,23.902757221814237
2,51,23.222801343359848
2,52,20.998461890488528
2,53,21.042380290278643
2,54,21.816733834980752
2,55,23.62991675792987
2,56,20.986846431187818
2,57,18.322389036757578
2,58,21.067267251769163
2,59,21.934881559605188
2,60,18.485671827637216
2,61,18.24495261802421
2,62,21.931494038440455
2,63,23.704326573078966
3,1,6.493393805154786
3,2,3.8072631980635534
3,4,3.8060058731382003
3,5,6.359663334467413
3,6,9.805722934174222
3,7,12.43608021717593
3,8,16.13849817102516
3,9,18.344172283330508
3,10,21.42518089693085
3,11,20.76377276777252
3,12,22.38050318859556
3,13,25.606610877909663
3,14,27.14032005904083
3,15,30.16387376376995
3,16,29.900873099141332
3,17,30.658875169898373
3,18,32.008059301474624
3,19,32.295958768057176
3,20,35.35334503782186
3,21,35.016701726006815
3,22,36.76345350106035
3,23,34.51510872035843
3,24,34.178408134381435
3,25,30.49996651425793
3,26,29.442960686449847
3,27,26.516537710392104
3,28,25.708791444400116
3,29,25.656631497402156
3,30,25.64620639052051
3,31,29.321604268627397
3,32,29.830407487173975
3,33,33.36829177756876
3,34,33.011490073030664
3,35,29.627638054501915
3,36,28.592476111231257
3,37,26.58372708341767
3,38,29.18811035798914
3,39,29.821580787166887
3,40,31.125758209352366
3,41,32.259909420384396
3,42,30.392532101549826
3,43,32.51398881169889
3,44,29.805200890003196
3,45,29.451174663102343
3,46,28.576398464050893
3,47,28.078389001187087
3,48,25.395462359763393
3,49,21.85039513221024
3,50,23.236250345068505
3,51,23.147598914362245
3,52,21.194735122292006
3,53,21.865541205461163
3,54,22.463528761238447
3,55,23.781336964104774
3,56,21.02072214833026
3,57,18.301681959877396
3,58,20.59882140275108
3,59,21.138998618446212
3,60,17.51444372876678
3,61,16.993358688495775
3,62,20.457398261551933
3,63,22.119558000720872
4,1,9.537866203718105
4,2,6.538677970105366
4,3,3.8060058731382003
4,5,3.762076237084049
4,6,6.723354530607795
4,7,8.942459190764174
4,8,12.73532575895053
4,9,14.663508887102983
4,10,17.884270411284355
4,11,17.336286072443176
4,12,18.755242508344896
4,13,21.990580415544827
4,14,23.714076259435597
4,15,26.753199043386473
4,16,26.63991463829788
4,17,27.659067335756507
4,18,29.22889582168394
4,19,29.73920945134902
4,20,32.98345149984075
4,21,32.8822710244011
4,22,34.611010703420206
4,23,32.49153945778982
4,24,31.961510506276724
4,25,28.265078877156622
4,26,26.953905342332845
4,27,23.811371456143085
4,28,22.649811035316134
4,29,22.322287195955713
4,30,22.06610127722614
4,31,25.696816967504297
4,32,26.09774550395317
4,33,29.62556469441166
4,34,29.30735528615892
4,35,25.888679136805376
4,36,24.98389670020086
4,37,23.118936312989916
4,38,25.866821655949437
4,39,26.75684339888003
4,40,28.13266394058031
4,41,29.540210723212233
4,42,27.834185574075224
4,43,30.199985558684922
4,44,27.77823329383796
4,45,27.425298590584504
4,46,26.33224041197565
4,47,25.430802296484423
4,48,22.549301460360088
4,49,18.880095297526044
4,50,19.973493829005115
4,51,20.1622336177833
4,52,18.316421707612065
4,53,19.41752857440133
4,54,19.86217626988947
4,55,20.836572888043527
4,56,18.139639822889286
4,57,15.333914489145997
4,58,17.283304017156496
4,59,17.733921445774
4,60,14.125136489249682
4,61,13.36223899905553
4,62,16.731690754978587
4,63,18.44139484055368
5,1,12.348171430600873
5,2,8.817035938934339
5,3,6.359663334467413
5,4,3.762076237084049
5,6,3.7838692245597993
5,7,6.415412490002264
5,8,9.91873297810684
5,9,12.529351529463915
5,10,15.30358124833957
5,11,14.803997634572617
5,12,16.816958546550207
5,13,19.75337695431929
5,14,21.263802143925393
5,15,24.50410303102593
5,16,24.655409678747745
5,17,25.452773141210812
5,18,27.257179847755985
5,19,27.45813593424423
5,20,30.669800530034326
5,21,30.860015842525158
5,22,32.90379120855509
5,23,31.116513546117794
5,24,30.87372141810018
5,25,27.322866739192246
5,26,26.260276940958086
5,27,22.93768999885818
5,28,21.78796479644816
5,29,21.032165391115818
5,30,20.815573468175394
5,31,24.326549499902992
5,32,24.497401197612337
5,33,28.178034130052282
5,34,28.31750081401519
5,35,24.9815293175971
5,36,24.3985040132168
5,37,22.533199018105854
5,38,25.164344203104307
5,39,26.049958067618007
5,40,27.003380716575837
5,41,28.31538380970974
5,42,26.31805241202492
5,43,28.513226465475952
5,44,26.11391337697423
5,45,25.308325902868393
5,46,23.836738931768835
5,47,22.989337503496298
5,48,19.94834666075484
5,49,16.388671087937396
5,50,17.946456521623606
5,51,18.541359086193086
5,52,17.356064312254194
5,53,18.964644644835662
5,54,19.936953482147196
5,55,20.966997484476373
5,56,18.790249233411696
5,57,15.547209801357848
5,58,16.860351293945623
5,59,17.82405882789389
5,60,14.553158215870639
5,61,12.80642356799617
5,62,15.894467752831982
5,63,18.202462769276305
6,1,15.97642176810376
6,2,12.54483326333138
6,3,9.805722934174222
6,4,6.723354530607795
6,5,3.7838692245597993
6,7,3.8026776575875356
6,8,6.86771622233527
6,9,9.454691587436187
6,10,12.137530688952227
6,11,12.338022460723147
6,12,14.39154173667496
6,13,16.966062077203112
6,14,18.80604892431294
6,15,22.249848398184632
6,16,22.904827131725444
6,17,23.974763786639425
6,18,26.222561027852173
6,19,26.5148276622002
6,20,29.87856739180327
6,21,30.511199545432657
6,22,32.67328605843533
6,23,31.20684674083066
6,24,30.879002608341942
6,25,27.435302922177765
6,26,26.186845682669215
6,27,22.625126733156897
6,28,21.008783450388723
6,29,19.627532245421087
6,30,18.90571294536691
6,31,22.169472736854175
6,32,21.863365266123726
6,33,25.56432262326226
6,34,26.00703929106544
6,35,22.606075714966032
6,36,22.524378311099188
6,37,21.07143714070596
6,38,23.892072973624824
6,39,25.190323248232193
6,40,26.08613328674402
6,41,27.713305489492576
6,42,25.83483704103629
6,43,28.190259192044422
6,44,26.168401897368803
6,45,25.13080140100284
6,46,23.197129025714624
6,47,21.903751617735935
6,48,18.515257640293257
6,49,14.968603970253806
6,50,16.319963505342585
6,51,17.646963581501932
6,52,17.000091009651683
6,53,19.272392754477025
6,54,20.134249658402656
6,55,20.638411302181566
6,56,18.709696984207184
6,57,15.514560344083728
6,58,15.99308390248469
6,59,16.787609143171718
6,60,13.805715640220734
6,61,11.442612060701222
6,62,13.88091574862395
6,63,16.26457739116913
7,1,18.036999854559514
7,2,14.580587527407824
7,3,12.43608021717593
7,4,8.942459190764174
7,5,6.415412490002264
7,6,3.8026776575875356
7,8,3.8252203484950895
7,9,6.155814987092231
7,10,8.990046147252519
7,11,8.769508462911402
7,12,10.64984757951775
7,13,13.416875958558586
7,14,15.240077804866168
7,15,18.586764383919462
7,16,19.186803457799126
7,17,20.437996735367093
7,18,22.762393715459726
7,19,23.304412350041847
7,20,26.7982555862539
7,21,27.537026569414515
7,22,29.584781241007448
7,23,28.202455250828034
7,24,27.705182861584056
7,25,24.315705981837727
7,26,22.920826594286524
7,27,19.265894019238935
7,28,17.455004750044555
7,29,15.881625396449875
7,30,15.152916403237516
7,31,18.42242165642946
7,32,18.261029149831227
7,33,21.98517556996436
7,34,22.441193607691716
7,35,19.159419211548865
7,36,19.02131537523703
7,37,17.492721004129006
7,38,20.235847775375994
7,39,21.59334759103271
7,40,22.446762795144394
7,41,24.21667278027202
7,42,22.492130225935
7,43,25.027169219378234
7,44,23.300578053456025
7,45,22.384832953170104
7,46,20.404894533526484
7,47,18.73102910463661
7,48,15.282519624447058
7,49,11.639656141601922
7,50,12.62848365359098
7,51,14.132399349660101
7,52,13.699324698566295
7,53,16.34009271680494
7,54,17.19278985731781
7,55,17.50230050745669
7,56,15.980814802227375
7,57,12.715460087001304
7,58,12.636003255681088
7,59,13.715469408869936
7,60,11.21130511855569
7,61,8.252033637750877
7,62,10.478879008512127
7,63,13.2938631479898
8,1,21.756261252024906
8,2,18.220367718936725
8,3,16.13849817102516
8,4,12.73532575895053
8,5,9.91873297810684
8,6,6.86771622233527
8,7,3.8252203484950895
8,9,3.7856389723274515
8,10,5.432557020698864
8,11,5.76678631288842
8,12,8.234062132599094
8,13,10.284873039335677
8,14,12.082336947985512
8,15,15.656179711267491
8,16,16.795675319886183
8,17,18.079159287960895
8,18,20.8288680559855
8,19,21.27558263890883
8,20,24.79930905878563
8,21,26.01162679928333
8,22,28.246594348448657
8,23,27.314017560392156
8,24,26.92035479936657
8,25,23.813334275913412
8,26,22.500411576974383
8,27,18.752331177028854
8,28,16.740019872597586
8,29,14.47430457946286
8,30,13.502744926229674
8,31,16.330675775511782
8,32,15.728250799371722
8,33,19.512909142523185
8,34,20.52326752242148
8,35,17.448008412342183
8,36,17.842849677059693
8,37,16.60211313085311
8,38,19.17016790342427
8,39,20.703544054769537
8,40,21.16102989254457
8,41,23.0210000881756
8,42,21.271405949072378
8,43,23.750038025822796
8,44,22.410657097022174
8,45,21.13662779973378
8,46,18.671564106375296
8,47,16.658672237905648
8,48,12.958820905970938
8,49,9.647241099047601
8,50,10.64629783682543
8,51,13.014614029819393
8,52,13.583097958285016
8,53,16.791013106246222
8,54,17.85729890445268
8,55,17.87504318502922
8,56,17.052282086995177
8,57,13.882612451021545
8,58,12.759740094386837
8,59,14.10732985237342
8,60,12.497663302525325
8,61,8.908689928212366
8,62,9.858391882058724
8,63,13.053490619122167
9,1,23.766600880068715
9,2,20.462521557151064
9,3,18.344172283330508
9,4,14.663508887102983
9,5,12.529351529463915
9,6,9.454691587436187
9,7,6.155814987092231
9,8,3.7856389723274515
9,10,3.805489614617453
9,11,5.164794578257593
9,12,5.796886448521924
9,13,7.9038320912176285
9,14,10.629937325312616
9,15,13.990149259953009
9,16,15.368091157103223
9,17,17.384841407368324
9,18,20.312296530589688
9,19,21.362320602383136
9,20,25.054362780790317
9,21,26.40068684471523
9,22,28.312252194605854
9,23,27.402494665293133
9,24,26.551023044279816
9,25,23.486801336087872
9,26,21.676666308867514
9,27,17.896477307182945
9,28,15.258258331103152
9,29,12.611779263765952
9,30,10.814124015718694
9,31,13.439631483098646
9,32,12.551627416056615
9,33,16.255878110759145
9,34,17.126124892851486
9,35,13.892359532599906
9,36,14.578399304637733
9,37,13.86475196259917
9,38,16.75074013700443
9,39,18.833862492586306
9,40,19.664488040401416
9,41,22.047403093061874
9,42,20.877707979230102
9,43,23.748909493634333
9,44,22.934947453439527
9,45,22.028663784042067
9,46,19.634870465418047
9,47,17.001638745903502
9,48,13.342038953743927
9,49,10.186144443035705
9,50,9.779185912380777
9,51,12.519211386807356
9,52,13.041370136205272
9,53,16.48317801173231
9,54,16.89085584679698
9,55,16.141470292926968
9,56,15.433485079842265
9,57,12.840784966541301
9,58,10.98685022477831
9,59,11.706268782883582
9,60,10.680335467017272
9,61,7.149533856873224
9,62,6.827967554312781
9,63,9.784926104916005
10,1,26.904379686740636
10,2,23.44209565228992
10,3,21.42518089693085
10,4,17.884270411284355
10,5,15.30358124833957
10,6,12.137530688952227
10,7,8.990046147252519
10,8,5.432557020698864
10,9,3.805489614617453
10,11,3.832448055280779
10,12,5.223417105405074
10,13,5.458106226015916
10,14,7.896488407990369
10,15,11.534533623721101
10,16,13.588671469976072
10,17,15.416560736227135
10,18,18.73044561778456
10,19,19.509397057363174
10,20,23.102454598875216
10,21,24.91815499934929
10,22,27.068113718866478
10,23,26.66248890422029
10,24,26.06586041487223
10,25,23.380464443820724
10,26,21.86625214665972
10,27,18.155420465348282
10,28,15.633412005789246
10,29,12.448232519215622
10,30,10.733714916204097
10,31,12.583496531227668
10,32,11.190261378896883
10,33,14.900167888435933
10,34,16.565799321332516
10,35,13.845110472031953
10,36,15.07216843595014
10,37,14.559185975608276
10,38,16.924792369288674
10,39,18.93315681910561
10,40,19.13882007724877
10,41,21.393934770734905
10,42,20.081993936720785
10,43,22.699348923518183
10,44,22.21100231392252
10,45,20.874498280482218
10,46,18.036470075362427
10,47,15.23507409271223
10,48,11.51023315086137
10,49,9.158770708054789
10,50,8.948088425712264
10,51,12.388765354387653
10,52,13.97834716248971
10,53,17.669184980674412
10,54,18.492839508614907
10,55,17.768896021197683
10,56,17.792142382505247
10,57,15.237022499694604
10,58,12.798702455641497
10,59,13.991374306078049
10,60,13.743488473917381
10,61,10.12115185654016
10,62,8.957485629353839
10,63,11.996868472418354
11,1,25.68578391256319
11,2,22.20760197399053
11,3,20.76377276777252
11,4,17.336286072443176
11,5,14.803997634572617
11,6,12.338022460723147
11,7,8.769508462911402
11,8,5.76678631288842
11,9,5.164794578257593
11,10,3.832448055280779
11,12,3.820224846023944
11,13,5.519483735067668
11,14,6.489780413275852
11,15,9.943084245499179
11,16,11.101110380213681
11,17,12.552364772862708
11,18,15.557470972934565
11,19,16.31732771880613
11,20,19.968406749139945
11,21,21.484786358130453
11,22,23.587720538788496
11,23,23.01059365327355
11,24,22.499495464859926
11,25,19.750580881238086
11,26,18.449927974282964
11,27,14.749211265870164
11,28,12.63713527708942
11,29,9.777035762734709
11,30,9.140353144259931
11,31,11.55209860755206
11,32,11.315668746549152
11,33,15.08929339275246
11,34,16.424015503634205
11,35,14.026442718194314
11,36,14.374313811928051
11,37,12.960196489078806
11,38,14.846153805140544
11,39,16.25531656848755
11,40,16.199137409977666
11,41,18.127689708567395
11,42,16.557259842886165
11,43,19.141519625465573
11,44,18.472337609113552
11,45,17.27133449945489
11,46,14.668527267501458
11,47,11.926959584748944
11,48,8.226908978195645
11,49,5.4383455361608535
11,50,5.50388172931269
11,51,8.758708533401155
11,52,10.58406393189788
11,53,14.260018287156566
11,54,15.541513210925709
11,55,15.348406332406695
11,56,15.761158143596889
11,57,12.902649001246763
11,58,10.56454359464861
11,59,12.68664806898246
11,60,12.665614722888842
11,61,8.949824833737429
11,62,8.46063990661945
11,63,12.123646201161593
12,1,27.02628729270362
12,2,23.795893999781878
12,3,22.38050318859556
12,4,18.755242508344896
12,5,16.816958546550207
12,6,14.39154173667496
12,7,10.64984757951775
12,8,8.234062132599094
12,9,5.796886448521924
12,10,5.223417105405074
12,11,3.820224846023944
12,13,3.8258851670797513
12,14,6.012007089604521
12,15,8.687560446371032
12,16,9.76795059849099
12,17,12.262791541752478
12,18,15.221523081609783
12,19,16.831029926338307
12,20,20.60092837345687
12,21,22.05450937833179
12,22,23.6421970563588
12,23,22.941179268035082
12,24,21.828748901336304
12,25,19.082626343644677
12,26,17.151420937090325
12,27,13.479303794977849
12,28,10.613056624639968
12,29,7.34381111619465
12,30,5.645615726701949
12,31,8.126730540277036
12,32,8.040098408351385
12,33,11.807214659494884
12,34,12.759574143371621
12,35,10.260164190467403
12,36,10.596318482695727
12,37,9.527214466888307
12,38,11.736459992382741
12,39,13.763242051029241
12,40,14.27130197691874
12,41,16.849623292246665
12,42,16.074856663307003
12,43,19.15222705235624
12,44,19.033147759416668
12,45,18.466714410951106
12,46,16.253177013523604
12,47,12.99016646830305
12,48,9.779838642908137
12,49,7.429225262657733
12,50,5.169534997923433
12,51,8.376612392801192
12,52,9.821897969957437
12,53,13.55160274183373
12,54,14.010075282920713
12,55,12.989964721209477
12,56,13.638360494490012
12,57,11.503869452682368
12,58,8.397562742606315
12,59,9.99410101224614
12,60,10.858173140123336
12,61,7.611174345343507
12,62,5.734540637531631
12,63,9.109925550307127
13,1,30.528839827496814
13,2,27.196561439306326
13,3,25.606610877909663
13,4,21.990580415544827
13,5,19.75337695431929
13,6,16.966062077203112
13,7,13.416875958558586
13,8,10.284873039335677
13,9,7.9038320912176285
13,10,5.458106226015916
13,11,5.519483735067668
13,12,3.8258851670797513
13,14,3.816877591586063
13,15,6.67290609151486
13,16,9.150750440024092
13,17,11.729324308897302
13,18,15.208047166785327
13,19,16.656346096156522
13,20,20.2728510087725
13,21,22.318267514111444
13,22,24.063999361719542
13,23,23.950861820237453
13,24,22.998908753287775
13,25,20.73955516503486
13,26,19.012628307167585
13,27,15.57843439666561
13,28,12.788695094739317
13,29,9.071796166339796
13,30,7.097490739525214
13,31,7.756605081859621
13,32,6.344767196669043
13,33,10.001574427212185
13,34,12.040218197360971
13,35,10.150093203988272
13,36,11.550588981359425
13,37,11.333946377866303
13,38,13.025283039847702
13,39,15.205056603261852
13,40,15.163918292173973
13,41,17.741747319177325
13,42,17.061213104029452
13,43,19.874712835433282
13,44,20.258311876148262
13,45,19.303558729993274
13,46,16.65117900328153
13,47,13.15501511987782
13,48,10.079941736294746
13,49,8.966515289897064
13,50,6.966322649240254
13,51,10.606737471250517
13,52,12.870255223649554
13,53,16.58932502917395
13,54,17.164705905665144
13,55,15.940969818122845
13,56,17.003888127287873
13,57,15.163438040586506
13,58,11.818016087365034
13,59,13.157799795923623
13,60,14.395151733963523
13,61,11.289608790443552
13,62,8.829796881522869
13,63,11.49885307701164
14,1,31.768611184767217
14,2,28.353504465186344
14,3,27.14032005904083
14,4,23.714076259435597
14,5,21.263802143925393
14,6,18.80604892431294
14,7,15.240077804866168
14,8,12.082336947985512
14,9,10.629937325312616
14,10,7.896488407990369
14,11,6.489780413275852
14,12,6.012007089604521
14,13,3.816877591586063
14,15,3.7815330373186486
14,16,6.395368460478887
14,17,8.294228121764617
14,18,11.963778010795991
14,19,13.098943478786682
14,20,16.61961129159694
14,21,18.88848541447107
14,22,20.81163330407535
14,23,21.063031791059952
14,24,20.46580951033249
14,25,18.58648581437072
14,26,17.405071571564932
14,27,14.23417710335189
14,28,12.142530258007206
14,29,8.616155264036543
14,30,8.149370162716066
14,31,8.389504498760399
14,32,8.014929260516979
14,33,11.119008271304988
14,34,13.378492650766884
14,35,12.38713370596269
14,36,13.242060493206736
14,37,12.379922828018096
14,38,13.022196408024207
14,39,14.39294288968376
14,40,13.42588647611061
14,41,15.445156989227282
14,42,14.404026049866639
14,43,16.832698734808307
14,44,17.421851081493855
14,45,16.19816782740552
14,46,13.404224311709104
14,47,9.825004486455708
14,48,7.16072189761015
14,49,7.427234354655731
14,50,5.846233454275298
14,51,9.28761765854027
14,52,12.430663745223768
14,53,15.981250724734105
14,54,17.199538973873054
14,55,16.525954363325184
14,56,18.21202176079122
14,57,16.20470912971173
14,58,12.954426827953283
14,59,15.094101319003025
14,60,16.562153686983372
14,61,13.437839919319723
14,62,11.509985283098251
14,63,14.46183647515024
15,1,34.41855495490423
15,2,31.117874050754203
15,3,30.16387376376995
15,4,26.753199043386473
15,5,24.50410303102593
15,6,22.249848398184632
15,7,18.586764383919462
15,8,15.656179711267491
15,9,13.990149259953009
15,10,11.534533623721101
15,11,9.943084245499179
15,12,8.687560446371032
15,13,6.67290609151486
15,14,3.7815330373186486
15,16,3.7877868057664785
15,17,6.2473761965561545
15,18,9.80407110594688
15,19,11.552397135233262
15,20,14.882340891452058
15,21,17.27197238494539
15,22,18.7739505123336
15,23,19.323697278743047
15,24,18.49790465912759
15,25,17.142488990265534
15,26,15.969337473450398
15,27,13.342759765471063
15,28,11.47150097293269
15,29,8.2158784818693
15,30,8.341170181994423
15,31,7.278539718183537
15,32,7.728070151897233
15,33,9.79242215557957
15,34,12.061749153973963
15,35,12.166698446854797
15,36,12.757460031404886
15,37,11.965707679808759
15,38,11.5808300280622
15,39,12.650615279318622
15,40,11.175141666664702
15,41,13.202893339493345
15,42,12.747777300020696
15,43,15.141419330200224
15,44,16.522799814101035
15,45,15.696952153635332
15,46,13.328597929053725
15,47,9.552006159313025
15,48,8.281604099555228
15,49,9.617587593948691
15,50,7.397869555308151
15,51,9.823855981785256
15,52,13.10213225989799
15,53,16.247890228510165
15,54,17.31747119702179
15,55,16.48293840511636
15,56,18.83510099801299
15,57,17.36815853673178
15,58,13.949734531177274
15,59,16.09824021216592
15,60,18.253053487575077
15,61,15.618964848983756
15,62,13.432198976259873
15,63,15.927450489833861
16,1,33.55394215826403
16,2,30.40978385090309
16,3,29.900873099141332
16,4,26.63991463829788
16,5,24.655409678747745
16,6,22.904827131725444
16,7,19.186803457799126
16,8,16.795675319886183
16,9,15.368091157103223
16,10,13.588671469976072
16,11,11.101110380213681
16,12,9.76795059849099
16,13,9.150750440024092
16,14,6.395368460478887
16,15,3.7877868057664785
16,17,3.8063864186412824
16,18,6.637609712949277
16,19,9.195117916561
16,20,12.653746346586326
16,21,14.478751224336568
16,22,15.578305104903663
16,23,15.814446850068105
16,24,14.768585546475034
16,25,13.41617285474548
16,26,12.3071976815494
16,27,9.965929750342045
16,28,8.68923665475138
16,29,6.306222342826883
16,30,8.057417046027997
16,31,7.591544440793413
16,32,9.650743841666522
16,33,11.429371737199794
16,34,12.701680658113638
16,35,13.055374928540788
16,36,12.52596454653887
16,37,10.827224495167332
16,38,9.536189626939306
16,39,9.639440757235063
16,40,7.625999408198062
16,41,9.433273758424077
16,42,9.10737273818906
16,43,11.777199477039112
16,44,13.356153748922198
16,45,13.164486142125766
16,46,11.553494317672085
16,47,7.817618717052815
16,48,7.646917709248234
16,49,9.195924282974712
16,50,6.712416473346079
16,51,7.63419198445436
16,52,10.867239702901857
16,53,13.500880837332474
16,54,14.741208236471058
16,55,14.303508440455525
16,56,17.117189547319107
16,57,15.803088238007748
16,58,12.670732092364819
16,59,15.280812547281421
16,60,17.660459230876747
16,61,15.42748064534554
16,62,13.755027208245536
16,63,16.28187394919822
17,1,34.09776309688401
17,2,30.887378832805748
17,3,30.658875169898373
17,4,27.659067335756507
17,5,25.452773141210812
17,6,23.974763786639425
17,7,20.437996735367093
17,8,18.079159287960895
17,9,17.384841407368324
17,10,15.416560736227135
17,11,12.552364772862708
17,12,12.262791541752478
17,13,11.729324308897302
17,14,8.294228121764617
17,15,6.2473761965561545
17,16,3.8063864186412824
17,18,3.80302937369547
17,19,5.469201368331896
17,20,8.961726906161921
17,21,11.045006992527856
17,22,12.65813802051806
17,23,13.381592471301925
17,24,13.171692727776014
17,25,12.313042997488695
17,26,12.329745864026536
17,27,10.503898398758755
17,28,10.545891112400923
17,29,9.06336106468389
17,30,11.469252365034707
17,31,11.391988026473742
17,32,13.283820197329705
17,33,15.050683436782661
17,34,16.455539387039963
17,35,16.84496568455481
17,36,16.186181386429244
17,37,14.123061102426322
17,38,12.534656008207927
17,39,11.658232643983212
17,40,8.730772525810677
17,41,8.934548831229794
17,42,7.421067189438419
17,43,9.09009226731848
17,44,10.69553709642097
17,45,9.961102995499054
17,46,8.290023669209576
17,47,4.862216639097072
17,48,6.35191593154435
17,49,9.187141697320818
17,50,8.160674054635798
17,51,8.329467511789302
17,52,11.893451420185592
17,53,14.069390567542447
17,54,16.11205261689075
17,55,16.485292601627194
17,56,19.34297502111065
17,57,17.64906358061816
17,58,15.015582090045445
17,59,18.088741535438146
17,60,20.122865744680198
17,61,17.714030197802405
17,62,16.626069414562284
17,63,19.499889412404922
18,1,34.81940650073932
18,2,31.79915127972735
18,3,32.008059301474624
18,4,29.22889582168394
18,5,27.257179847755985
18,6,26.222561027852173
18,7,22.762393715459726
18,8,20.8288680559855
18,9,20.312296530589688
18,10,18.73044561778456
18,11,15.557470972934565
18,12,15.221523081609783
18,13,15.208047166785327
18,14,11.963778010795991
18,15,9.80407110594688
18,16,6.637609712949277
18,17,3.80302937369547
18,19,3.8131593781438293
18,20,6.754743430469922
18,21,7.9668247539418
18,22,9.00201759096633
18,23,9.719719302097758
18,24,9.621735234062614
18,25,9.399996870917482
18,26,10.201974528453169
18,27,9.471411699232481
18,28,10.758455769450231
18,29,10.600928095989904
18,30,13.69217053919962
18,31,13.750964015435354
18,32,16.239360776101154
18,33,17.66000480911049
18,34,18.522195279549305
18,35,19.206636797416557
18,36,17.93401097089858
18,37,15.462017230163491
18,38,13.174869578968677
18,39,11.21654338091209
18,40,7.673417156198746
18,41,6.312708616812581
18,42,4.490918961145062
18,43,5.5422976063698
18,44,7.961134580053057
18,45,8.138983086043355
18,46,7.979299831844468
18,47,5.891380036469045
18,48,8.76213165964597
18,49,11.463902223122933
18,50,10.627260219211633
18,51,9.419911762913854
18,52,12.382285146847204
18,53,13.571346208754829
18,54,15.80929833907123
18,55,16.681430415629137
18,56,19.847231222472608
18,57,18.39905010113916
18,58,16.24925723486881
18,59,19.487701681702497
18,60,21.622092441137724
18,61,19.635562607045525
18,62,18.93005020554113
18,63,21.669169564810673
19,1,35.16122605644697
19,2,32.01620873845786
19,3,32.295958768057176
19,4,29.73920945134902
19,5,27.45813593424423
19,6,26.5148276622002
19,7,23.304412350041847
19,8,21.27558263890883
19,9,21.362320602383136
19,10,19.509397057363174
19,11,16.31732771880613
19,12,16.831029926338307
19,13,16.656346096156522
19,14,13.098943478786682
19,15,11.552397135233262
19,16,9.195117916561
19,17,5.469201368331896
19,18,3.8131593781438293
19,20,3.793165804550004
19,21,5.913803145177653
19,22,8.449135643635977
19,23,9.92182886545077
19,24,11.202640967583312
19,25,11.28563066916696
19,26,12.958322491257755
19,27,12.206761882375092
19,28,13.776769570818129
19,29,13.44089869419437
19,30,16.41844538300617
19,31,16.706712033811947
19,32,18.745493370029337
19,33,20.450778145232025
19,34,21.715073958404076
19,35,22.165326939842668
19,36,21.158223051216137
19,37,18.661927501390263
19,38,16.71688520513124
19,39,14.823829493302874
19,40,11.380511501768423
19,41,9.578888652361393
19,42,6.759202391407594
19,43,5.8205741359302
19,44,7.3130337637101075
19,45,5.868447603422281
19,46,5.2223738183620725
19,47,4.69354555993295
19,48,8.398548174201864
19,49,11.715887358737948
19,50,12.087364428106055
19,51,11.145431178841656
19,52,14.313585351455142
19,53,15.49998267456548
19,54,18.294485277793644
19,55,19.605591735533213
19,56,22.487553977046517
19,57,20.55870871810386
19,58,18.665531314170934
19,59,22.119010659170566
19,60,23.817014807955132
19,61,21.471158134917257
19,62,21.081934002524633
19,63,24.16841475102579
20,1,37.95249366663933
20,2,34.86671905042996
20,3,35.35334503782186
20,4,32.98345149984075
20,5,30.669800530034326
20,6,29.87856739180327
20,7,26.7982555862539
20,8,24.79930905878563
20,9,25.054362780790317
20,10,23.102454598875216
20,11,19.968406749139945
20,12,20.60092837345687
20,13,20.2728510087725
20,14,16.61961129159694
20,15,14.882340891452058
20,16,12.653746346586326
20,17,8.961726906161921
20,18,6.754743430469922
20,19,3.793165804550004
20,21,3.8019951805995738
20,22,6.7428171596566076
20,23,9.422928762513163
20,24,11.609180883629254
20,25,12.749257952849002
20,26,15.114978654766437
20,27,15.112133891299083
20,28,17.10363568738995
20,29,17.066402066757266
20,30,20.09275399375461
20,31,20.157257331921
20,32,22.185786795749944
20,33,23.608091848250734
20,34,24.91423825889648
20,35,25.648738918669
20,36,24.618033706873376
20,37,22.147289804143156
20,38,19.909973920962198
20,39,17.697459033835486
20,40,14.058286717718651
20,41,11.574053903958418
20,42,9.040320103820235
20,43,6.510639958762063
20,44,8.247902466690824
20,45,6.7974216922932476
20,46,7.186152213533677
20,47,8.14885057501844
20,48,11.885279861451249
20,49,15.277654532244899
20,50,15.8704871511824
20,51,14.776056168362286
20,52,17.72787506544401
20,53,18.47143317529792
20,54,21.348153276256205
20,55,22.85003950173936
20,56,25.837285251665918
20,57,23.993918382481926
20,58,22.273278609225958
20,59,25.744993502450377
20,60,27.4644277876121
20,61,25.18998062697462
20,62,24.86394535561881
20,63,27.91701876988731
21,1,36.989066885336754
21,2,34.1340078900027
21,3,35.016701726006815
21,4,32.8822710244011
21,5,30.860015842525158
21,6,30.511199545432657
21,7,27.537026569414515
21,8,26.01162679928333
21,9,26.40068684471523
21,10,24.91815499934929
21,11,21.484786358130453
21,12,22.05450937833179
21,13,22.318267514111444
21,14,18.88848541447107
21,15,17.27197238494539
21,16,14.478751224336568
21,17,11.045006992527856
21,18,7.9668247539418
21,19,5.913803145177653
21,20,3.8019951805995738
21,22,3.7871964388088672
21,23,6.145341771621407
21,24,9.096883064419396
21,25,10.581381684137444
21,26,13.627423157885703
21,27,14.309046582826989
21,28,17.007964887964395
21,29,17.785887284440328
21,30,21.197203714495323
21,31,21.657062974312602
21,32,24.124856663375525
21,33,25.602965634283418
21,34,26.425354732757718
21,35,27.071280557137282
21,36,25.53991710625033
21,37,22.697833872717396
21,38,20.292410929168675
21,39,17.537995876947623
21,40,14.054242072814999
21,41,10.876159747692869
21,42,8.223134854561755
21,43,4.636110699299573
21,44,5.928345409445337
21,45,5.793141488547995
21,46,8.127894465693329
21,47,9.76707260453463
21,48,13.541866709856672
21,49,16.41634567582096
21,50,17.024589696103675
21,51,15.115688230389338
21,52,17.42457824071394
21,53,17.387600178786492
21,54,20.37340559575552
21,55,22.33041805376953
21,56,25.306931153269193
21,57,23.578595594014192
21,58,22.371611291012066
21,59,25.933763032793347
21,60,27.560257240852124
21,61,25.634707667748625
21,62,25.72460898242385
21,63,28.71525055281143
22,1,38.342625060232926
22,2,35.70633551139854
22,3,36.76345350106035
22,4,34.611010703420206
22,5,32.90379120855509
22,6,32.67328605843533
22,7,29.584781241007448
22,8,28.246594348448657
22,9,28.312252194605854
22,10,27.068113718866478
22,11,23.587720538788496
22,12,23.6421970563588
22,13,24.063999361719542
22,14,20.81163330407535
22,15,18.7739505123336
22,16,15.578305104903663
22,17,12.65813802051806
22,18,9.00201759096633
22,19,8.449135643635977
22,20,6.7428171596566076
22,21,3.7871964388088672
22,23,3.811771564130685
22,24,6.554700322642022
22,25,9.214010546745303
22,26,12.401866249821131
22,27,14.043741419179446
22,28,17.027796835202018
22,29,18.380811003674115
22,30,21.913298822308157
22,31,22.189840437423396
22,32,25.027608438909617
22,33,26.119240231469767
22,34,26.50897309930781
22,35,27.47869221808964
22,36,25.60298882327629
22,37,22.740626995718618
22,38,19.900402936714485
22,39,16.746128086000265
22,40,13.342483686212395
22,41,9.717420433410153
22,42,8.183843520261902
22,43,4.683051597912544
22,44,7.027442997784409
22,45,8.657374666337827
22,46,11.40343500878091
22,47,12.412419712508855
22,48,16.0797839357605
22,49,18.666555547413548
22,50,18.659992143230788
22,51,16.340760399244356
22,52,18.158692667690968
22,53,17.565229088445356
22,54,20.139145218530736
22,55,22.017508640719225
22,56,25.234455333714273
22,57,24.016553525278148
22,58,22.917048349349017
22,59,26.2998682552285
22,60,28.22884244956502
22,61,26.747066339578865
22,62,26.760427155345102
22,63,29.420739328515822
23,1,35.64585746648759
23,2,33.22595642248472
23,3,34.51510872035843
23,4,32.49153945778982
23,5,31.116513546117794
23,6,31.20684674083066
23,7,28.202455250828034
23,8,27.314017560392156
23,9,27.402494665293133
23,10,26.66248890422029
23,11,23.01059365327355
23,12,22.941179268035082
23,13,23.950861820237453
23,14,21.063031791059952
23,15,19.323697278743047
23,16,15.814446850068105
23,17,13.381592471301925
23,18,9.719719302097758
23,19,9.92182886545077
23,20,9.422928762513163
23,21,6.145341771621407
23,22,3.811771564130685
23,24,3.8160917515569412
23,25,6.145125163860431
23,26,9.749961256117555
23,27,11.826304344279242
23,28,15.254513069266572
23,29,17.275910902275783
23,30,20.996387622369195
23,31,21.76600424039274
23,32,24.90429277629313
23,33,26.18800960146134
23,34,26.11699678400018
23,35,26.798666857827747
23,36,24.50511061169654
23,37,21.334715387722905
23,38,18.593078204708682
23,39,15.157023909034983
23,40,12.267256113609347
23,41,8.524458606278479
23,42,7.050151906565017
23,43,4.361420716022849
23,44,5.528386865254302
23,45,8.621803746004629
23,46,11.93866582910793
23,47,12.841594923568978
23,48,16.137018947675685
23,49,18.052122355492454
23,50,17.928781513665047
23,51,15.020889791022778
23,52,16.106922807692452
23,53,14.861993220582669
23,54,17.389885038254313
23,55,19.612553442382737
23,56,22.691626723622367
23,57,21.59706314677027
23,58,20.97258095410723
23,59,24.336155757923308
23,60,26.1216020656296
23,61,24.997388881104026
23,62,25.379330794583158
23,63,27.927547075838195
24,1,35.27416385765813
24,2,32.9816644615273
24,3,34.178408134381435
24,4,31.961510506276724
24,5,30.87372141810018
24,6,30.879002608341942
24,7,27.705182861584056
24,8,26.92035479936657
24,9,26.551023044279816
24,10,26.06586041487223
24,11,22.499495464859926
24,12,21.828748901336304
24,13,22.998908753287775
24,14,20.46580951033249
24,15,18.49790465912759
24,16,14.768585546475034
24,17,13.171692727776014
24,18,9.621735234062614
24,19,11.202640967583312
24,20,11.609180883629254
24,21,9.096883064419396
24,22,6.554700322642022
24,23,3.8160917515569412
24,25,3.8311257370937803
24,26,6.7632346275118165
24,27,9.600558342012325
24,28,12.962663596126967
24,29,15.409651257174387
24,30,19.071734229438697
24,31,19.73340531022792
24,32,23.14635122366727
24,33,24.16098101363244
24,34,23.640900729823485
24,35,24.471757694698397
24,36,21.8993770200525
24,37,18.77375659781382
24,38,15.782868196389712
24,39,12.145231069749734
24,40,9.62444499198163
24,41,5.969287879765048
24,42,6.1649456342979025
24,43,5.60699243593381
24,44,7.412975103856392
24,45,10.904392799916645
24,46,13.754801922803091
24,47,13.66524640611092
24,48,16.52153532448554
24,49,18.0162430801933
24,50,17.130440315328165
24,51,14.056895967714105
24,52,14.675330409474013
24,53,13.205556283021599
24,54,15.064466850129897
24,55,16.936279370634605
24,56,20.23151247587334
24,57,19.68377258390527
24,58,18.985764345024794
24,59,22.054080098891138
24,60,24.172303907867153
24,61,23.462334120455797
24,62,23.64435063188265
24,63,25.80449184151322
25,1,31.61624678425054
25,2,29.336694186072698
25,3,30.49996651425793
25,4,28.265078877156622
25,5,27.322866739192246
25,6,27.435302922177765
25,7,24.315705981837727
25,8,23.813334275913412
25,9,23.486801336087872
25,10,23.380464443820724
25,11,19.750580881238086
25,12,19.082626343644677
25,13,20.73955516503486
25,14,18.58648581437072
25,15,17.142488990265534
25,16,13.41617285474548
25,17,12.313042997488695
25,18,9.399996870917482
25,19,11.28563066916696
25,20,12.749257952849002
25,21,10.581381684137444
25,22,9.214010546745303
25,23,6.145125163860431
25,24,3.8311257370937803
25,26,3.801789490975615
25,27,6.289379028672886
25,28,9.962360133050955
25,29,12.774379088092042
25,30,16.50992686673266
25,31,17.781369455018524
25,32,21.24231816500763
25,33,22.671181671311196
25,34,21.972735607471165
25,35,22.282857906891067
25,36,19.540600298216706
25,37,16.12989964680325
25,38,13.592309704324911
25,39,10.04371132825674
25,40,8.188584969464557
25,41,5.349074931753038
25,42,4.976973332452797
25,43,6.262827166621865
25,44,6.675445799681985
25,45,10.273547250554575
25,46,12.829754349831678
25,47,12.394120451308417
25,48,14.60481681606448
25,49,15.409235717020232
25,50,14.476248835294683
25,51,11.057932166104326
25,52,11.120742913977129
25,53,9.395243514780844
25,54,11.42003062515307
25,55,13.61757539180913
25,56,16.70949683434487
25,57,15.982092613145204
25,58,15.556170719496224
25,59,18.71270908963889
25,60,20.597607259812257
25,61,19.977297039179803
25,62,20.46783596180638
25,63,22.680767890967434
26,1,30.743865833523785
26,2,28.530024708394222
26,3,29.442960686449847
26,4,26.953905342332845
26,5,26.260276940958086
26,6,26.186845682669215
26,7,22.920826594286524
26,8,22.500411576974383
26,9,21.676666308867514
26,10,21.86625214665972
26,11,18.449927974282964
26,12,17.151420937090325
26,13,19.012628307167585
26,14,17.405071571564932
26,15,15.969337473450398
26,16,12.3071976815494
26,17,12.329745864026536
26,18,10.201974528453169
26,19,12.958322491257755
26,20,15.114978654766437
26,21,13.627423157885703
26,22,12.401866249821131
26,23,9.749961256117555
26,24,6.7632346275118165
26,25,3.801789490975615
26,27,3.784132003853399
26,28,7.019292709949725
26,29,10.318145205339002
26,30,13.840167485614623
26,31,15.166399693980258
26,32,18.808724200001226
26,33,20.109334497430634
26,34,18.966729829864907
26,35,19.212933929691943
26,36,16.208197008673693
26,37,12.796837353001822
26,38,10.234978704076712
26,39,6.644974045888317
26,40,5.944779185775371
26,41,4.916972531935695
26,42,6.218933106204953
26,43,9.02179499894891
26,44,9.706204105075896
26,45,12.847222316887457
26,46,14.65026130268051
26,47,13.28584318102489
26,48,14.715720249750534
26,49,14.914050527830844
26,50,13.160104135784687
26,51,9.820170322682756
26,52,9.243730400477508
26,53,7.602442287976192
26,54,8.571241609537632
26,55,10.188256535578168
26,56,13.535507896189669
26,57,13.361318341446134
26,58,12.735226705271446
26,59,15.543136951905105
26,60,17.772816550044105
26,61,17.54635160365208
26,62,17.793252206673408
26,63,19.60354573535195
27,1,28.404905383611815
27,2,25.94611479945299
27,3,26.516537710392104
27,4,23.811371456143085
27,5,22.93768999885818
27,6,22.625126733156897
27,7,19.265894019238935
27,8,18.752331177028854
27,9,17.896477307182945
27,10,18.155420465348282
27,11,14.749211265870164
27,12,13.479303794977849
27,13,15.57843439666561
27,14,14.23417710335189
27,15,13.342759765471063
27,16,9.965929750342045
27,17,10.503898398758755
27,18,9.471411699232481
27,19,12.206761882375092
27,20,15.112133891299083
27,21,14.309046582826989
27,22,14.043741419179446
27,23,11.826304344279242
27,24,9.600558342012325
27,25,6.289379028672886
27,26,3.784132003853399
27,28,3.7935706096269945
27,29,6.998794569279724
27,30,10.612931608739451
27,31,12.502845483090198
27,32,15.960898004953279
27,33,17.782078204753553
27,34,16.877114970300486
27,35,16.56917537160492
27,36,13.774469156221873
27,37,10.173343462669296
27,38,8.377626361619669
27,39,5.692786607141063
27,40,5.486996395888607
27,41,6.114824404346782
27,42,6.28653451421293
27,43,9.815535292072276
27,44,9.968329644253915
27,45,12.25643523757229
27,46,13.189310115254193
27,47,11.25983698791346
27,48,11.861301389417115
27,49,11.51820788727881
27,50,9.578746618479208
27,51,6.221738420606952
27,52,5.660797849714986
