1,2,3.8216592901610245
1,3,6.3092885838085815
1,4,9.046858890925474
1,5,12.253734683340689
1,6,15.957940987204555
1,7,17.79173544621972
1,8,17.503149293254367
1,9,19.76512098982995
1,10,18.997443699254017
1,11,21.941792043510112
1,12,22.579668781865223
1,13,24.70704687215634
1,14,25.754874345186273
1,15,27.54656321924921
1,16,29.808910624416097
1,17,31.906030264255268
1,18,34.82263422494626
1,19,35.3934906049054
1,20,39.04745254203521
1,21,38.144051389245696
1,22,39.552825434406905
1,23,40.651695206347554
1,24,39.105867269585865
1,25,35.514375554988284
1,26,32.670499909760245
1,27,33.24794217762198
1,28,30.96725469790282
1,29,29.818977632096733
1,30,27.509109226473836
1,31,24.68511043688957
1,32,23.371995026452286
1,33,20.990160394254456
1,34,20.860530481526006
1,35,17.690068192649573
1,36,17.56992196864758
1,37,14.119705754466448
1,38,16.246250837395742
1,39,18.47447030247181
1,40,16.09018947068192
1,41,18.715685244745703
1,42,19.291595216381527
1,43,22.7785088762001
1,44,23.391888111974772
1,45,26.286711000828138
1,46,27.16692804043532
1,47,30.165929782982236
1,48,30.95560403867549
1,49,33.6806640342687
1,50,35.890398745516066
1,51,38.56200060665302
1,52,40.76018136440768
1,53,38.03935268599963
1,54,34.7841948219523
1,55,35.00004076853555
1,56,32.575665784980046
1,57,30.704635302113854
1,58,28.50138990348112
1,59,25.709092257646994
1,60,23.695610329539463
1,61,20.43531512471448
1,62,18.35581094018328
1,63,14.527771176424231
1,64,13.037765802209895
1,65,9.272377643265743
1,66,8.07064118100563
1,67,11.69221265632416
1,68,15.177157013635632
1,69,18.642033981628366
1,70,21.981869933654217
1,71,25.57882157363953
1,72,28.286403343606704
1,73,30.06008749568234
1,74,33.27217435514802
1,75,34.70393487807812
1,76,32.95954387813308
1,77,31.69265707402761
1,78,28.719440921108365
1,79,24.905685044664825
1,80,22.22186712834921
1,81,18.651626209761485
1,82,15.650200923670734
1,83,11.99588255637094
1,84,9.95731239172995
1,85,9.008728957665438
1,86,8.603260326927485
1,87,7.06097407238273
1,88,8.80215524310244
1,89,9.294004982398869
1,90,12.468947840703574
1,91,13.41967171320013
1,92,14.248009741592018
1,93,16.147523945016662
1,94,17.930524547029687
1,95,21.346904264478717
1,96,24.24025873346513
1,97,27.60840391503424
1,98,30.509960574918324
1,99,33.436733066996574
1,100,35.97140639916082
1,101,39.331618276382834
1,102,40.95866543529267
1,103,39.28775897274091
1,104,35.50549329932044
1,105,32.6506726518078
1,106,29.064820399461993
1,107,26.571755155414216
1,108,23.27357333063801
1,109,21.68203074651315
1,110,19.347165431992096
1,111,18.793359409064713
1,112,17.50433799938309
1,113,16.805083183598956
1,114,20.041596418718964
1,115,19.98384457590868
2,1,3.8216592901610245
2,3,3.9057600527602605
2,4,6.063004018554258
2,5,9.50312223965008
2,6,13.027509849297212
2,7,14.446388846750617
2,8,13.829831736721472
2,9,16.02502211271192
2,10,15.334485695133623
2,11,18.373197928618143
2,12,19.283331483027926
2,13,21.705604186799686
2,14,23.044152444089942
2,15,25.19121687553114
2,16,27.527057562990137
2,17,29.945612445078368
2,18,32.92850012653789
2,19,33.822635623575344
2,20,37.43585705899271
2,21,36.57652551797981
2,22,37.73063519142034
2,23,38.73227283557257
2,24,36.893751926929184
2,25,33.43045443004697
2,26,30.5316867565645
2,27,30.75458570906906
2,28,28.25177504355793
2,29,26.858481506965376
2,30,24.30903968839497
2,31,21.452844646493656
2,32,19.923815387224792
2,33,17.59507564405667
2,34,17.414950166628024
2,35,14.425932083515391
2,36,14.642015966511238
2,37,11.527763505431615
2,38,14.135899815516984
2,39,16.457898500676343
2,40,14.160369659191756
2,41,16.31784722446049
2,42,16.500071203573466
2,43,19.803879962948052
2,44,20.321065456594898
2,45,23.166808532144966
2,46,24.19844750328195
2,47,27.1047768591127
2,48,28.18975500773471
2,49,30.816701778503248
2,50,33.23263682299126
2,51,35.73067079615919
2,52,38.11278608330328
2,53,35.568170101993935
2,54,32.25198872561485
2,55,32.17000603066468
2,56,29.59645109761167
2,57,27.891254371268463
2,58,25.63376711715524
2,59,23.10607746079059
2,60,21.234057806675963
2,61,18.300900329839564
2,62,16.63265292910007
2,63,12.885811469597593
2,64,12.423845236546983
2,65,9.023704026852258
2,66,6.861070944493407
2,67,10.376186703914719
2,68,13.487307911695927
2,69,17.184860836412348
2,70,20.211110641556413
2,71,23.671980870054174
2,72,26.025773385844616
2,73,27.625362947094107
2,74,30.72349126788202
2,75,32.47899613373195
2,76,30.874969976673686
2,77,29.970148758819413
2,78,27.183145147093498
2,79,23.370283855657977
2,80,20.313194729244355
2,81,17.009005111431428
2,82,13.694858956827483
2,83,10.10085206443414
2,84,7.209373085836858
2,85,6.507898296424531
2,86,6.010211837820741
2,87,4.849747674953189
2,88,5.383989582254469
2,89,5.541921880005687
2,90,8.901225205615692
2,91,10.170949593237335
2,92,11.254358331137713
2,93,13.76672792998491
2,94,15.94842940417147
2,95,19.561437428273376
2,96,22.338925050561702
2,97,25.89858605666739
2,98,28.548616268940552
2,99,31.701145996008826
2,100,34.026798610154444
2,101,37.496164145352715
2,102,39.0221214961401
2,103,37.277214366372355
2,104,33.44130782745546
2,105,30.680769276669146
2,106,27.212184757049023
2,107,24.577149626796455
2,108,21.19022799336232
2,109,19.123179732575387
2,110,16.596994593892614
2,111,15.559673008743111
2,112,13.99704172772215
2,113,13.03410222418654
2,114,16.247775470030845
2,115,16.350126790042836
3,1,6.3092885838085815
3,2,3.9057600527602605
3,4,3.8022309523609144
3,5,6.231004876545874
3,6,9.99469446385496
3,7,12.137671406479429
3,8,12.329155229430324
3,9,15.237787075090715
3,10,15.492095281878811
3,11,18.91972458243052
3,12,20.51955149969112
3,13,23.38130441067647
3,14,24.97002846024974
3,15,27.500999306132634
3,16,29.729000546635135
3,17,32.362271879788906
3,18,35.238413783097016
3,19,36.22599734192024
3,20,39.85700859382779
3,21,39.21471320843774
3,22,40.280342874123434
3,23,41.31982385552484
3,24,39.24752662316602
3,25,35.897935216645195
3,26,33.00050982786467
3,27,32.85432154294208
3,28,30.1860057278975
3,29,28.39692715797094
3,30,25.475533518745852
3,31,22.430836685140218
3,32,20.292564356393125
3,33,17.624820816256488
3,34,16.603275526085234
3,35,13.397156313438476
3,36,12.790669848498863
3,37,9.544281382839886
3,38,11.510148693169828
3,39,14.447201315507527
3,40,12.979216660578073
3,41,15.405886029889789
3,42,16.121640300534615
3,43,19.44599494653112
3,44,20.540764321696127
3,45,23.646029427226562
3,46,25.228162785936508
3,47,28.169013327313234
3,48,29.70773540985566
3,49,32.33689280063359
3,50,34.879785015214985
3,51,37.0640023807712
3,52,39.54248141089818
3,53,37.08986153842552
3,54,33.607388220003564
3,55,33.319728210839166
3,56,30.428375124777762
3,57,28.639261421962942
3,58,26.003593326969295
3,59,23.54777786456803
3,60,21.312004059278244
3,61,18.63445423372581
3,62,16.689893818581663
3,63,13.026160322168417
3,64,13.005845847558897
3,65,9.897373783517345
3,66,8.750871491460089
3,67,12.213504048956276
3,68,14.669575622297394
3,69,18.460362212710724
3,70,21.097995657833348
3,71,24.573881596510784
3,72,26.74736451929449
3,73,27.83545272638837
3,74,31.044658805970755
3,75,32.952793586945134
3,76,31.780496535922087
3,77,31.22697492748289
3,78,28.774315497712735
3,79,24.99679041393613
3,80,21.887562840411565
3,81,18.935890757593334
3,82,15.785762556878186
3,83,12.590694753110274
3,84,9.511369404259126
3,85,9.552029286454829
3,86,8.504831376839551
3,87,6.271147808959174
3,88,4.826097509519152
3,89,6.47502778060207
3,90,9.718258216616556
3,91,11.939278460307948
3,92,13.185005239530467
3,93,16.232843619556025
3,94,18.392887747903355
3,95,21.964050638084217
3,96,24.351541950022174
3,97,27.90819473178142
3,98,30.22059022315885
3,99,33.38275981672385
3,100,35.36636909691378
3,101,38.76417636121432
3,102,40.478383467448666
3,103,39.05535347670456
3,104,35.21112841549719
3,105,32.72188725222634
3,106,29.445379554824147
3,107,26.92884369266952
3,108,23.642544511094655
3,109,21.21931796742971
3,110,18.716912784561796
3,111,17.045866602010356
3,112,14.953817294440489
3,113,12.99186988994448
3,114,15.61001260741069
3,115,15.47676419567434
4,1,9.046858890925474
4,2,6.063004018554258
4,3,3.8022309523609144
4,5,3.807242665374037
4,6,7.085153459662562
4,7,8.804732476195504
4,8,9.226710022795627
4,9,12.255535184437425
4,10,12.907697826826514
4,11,16.565588141403683
4,12,18.550769520119783
4,13,21.528670142768632
4,14,22.98521780844541
4,15,25.76487517805051
4,16,27.705771517707085
4,17,30.436136082543953
4,18,33.121066227896314
4,19,34.145076428851915
4,20,37.77806579294821
4,21,37.40915864260717
4,22,38.45621160093077
4,23,39.65523633968474
4,24,37.43996969048894
4,25,34.16001655370505
4,26,31.33179078872565
4,27,30.90377264806568
4,28,28.290250263317244
4,29,26.155063215101993
4,30,23.072092295678722
4,31,19.79461719249331
4,32,17.357368870063056
4,33,14.378133988665532
4,34,13.055692827040296
4,35,9.693335458425599
4,36,9.03032320183467
4,37,5.915060594986479
4,38,8.453369866854954
4,39,11.13240560736965
4,40,9.673726521138535
4,41,11.773631831411144
4,42,12.492361802029693
4,43,15.797019384501846
4,44,17.15698870996254
4,45,20.425781608220895
4,46,22.334298665169506
4,47,25.390112748007038
4,48,27.15228534559204
4,49,29.901973375016336
4,50,32.37922681182649
4,51,34.338534665256645
4,52,36.77084535867109
4,53,34.3216505264706
4,54,30.727363693293267
4,55,30.408478631835912
4,56,27.34987436023818
4,57,25.424441449243233
4,58,22.597414678022886
4,59,20.164923206109588
4,60,17.81537488496666
4,61,15.36824375516049
4,62,13.580697772746875
4,63,10.191120846576604
4,64,11.094224903224493
4,65,8.860675056055674
4,66,7.78522005887812
4,67,10.518053319016532
4,68,12.161763003877729
4,69,15.909106929963768
4,70,18.13974621395801
4,71,21.508196925941206
4,72,23.491578141450518
4,73,24.33222345269298
4,74,27.557680944620543
4,75,29.547645569848154
4,76,28.595916456049327
4,77,28.30351606282328
4,78,26.121136463103685
4,79,22.429433724732807
4,80,19.26697344367537
4,81,16.71681695820294
4,82,13.796532917302448
4,83,11.22473177780615
4,84,8.392313475617145
4,85,9.806228467184937
4,86,9.784770424074038
4,87,8.782206126651326
4,88,5.99077271854503
4,89,5.962327444276001
4,90,9.271789023534248
4,91,11.112085335503403
4,92,11.631017059735465
4,93,14.827588322274053
4,94,16.68471173911934
4,95,20.08298549437056
4,96,22.032164527036073
4,97,25.53605780456211
4,98,27.53639982905829
4,99,30.6937937228979
4,100,32.41269019629134
4,101,35.76269247878181
4,102,37.56801101909232
4,103,36.39325499254279
4,104,32.57018166571163
4,105,30.338506027921273
4,106,27.272639876652118
4,107,24.963718446064355
4,108,21.901196976968524
4,109,19.32020508324791
4,110,17.191961103601827
4,111,15.368381753808967
4,112,13.541971006590956
4,113,11.184491205195942
4,114,13.763028653104572
4,115,14.44007970275867
5,1,12.253734683340689
5,2,9.50312223965008
5,3,6.231004876545874
5,4,3.807242665374037
5,6,3.820571590952128
5,7,6.705949741055753
5,8,8.397011986005698
5,9,12.037580732545862
5,10,13.750904966461539
5,11,17.520461402575723
5,12,20.08587560465897
5,13,23.3709351939159
5,14,25.063269225242248
5,15,28.132880700110025
5,16,29.97531284670846
5,17,32.885602631126794
5,18,35.461625374451565
5,19,36.61499158905781
5,20,40.198643046405955
5,21,40.00164921350827
5,22,40.907399957899585
5,23,42.08834784898045
5,24,39.65248078346295
5,25,36.539875076166865
5,26,33.744185272565765
5,27,32.959919531980745
5,28,30.208798543981015
5,29,27.752440287484433
5,30,24.386064613922905
5,31,21.078443482386085
5,32,18.12919018413664
5,33,15.025884075901278
5,34,12.79923243584116
5,35,9.584681370550392
5,36,7.8730829149074815
5,37,5.36788169344861
5,38,6.577352022870018
5,39,9.991050818207142
5,40,9.932238385707718
5,41,11.89606567757963
5,42,13.04935479840962
5,43,16.033699875917133
5,44,17.90620424955482
5,45,21.246809707362686
5,46,23.63549368314821
5,47,26.584548628788575
5,48,28.77081908665126
5,49,31.420955606612274
5,50,34.01238189382534
5,51,35.62301418507542
5,52,38.14960082969543
5,53,35.867693434799236
5,54,32.187337901701426
5,55,31.613954294580175
5,56,28.302266373080734
5,57,26.402563657253243
5,58,23.29308303593749
5,59,21.11077953606887
5,60,18.557329230027786
5,61,16.63111976770763
5,62,14.834032278545935
5,63,11.976219719602796
5,64,13.362777258534347
5,65,11.707098939958808
5,66,11.290954264269793
5,67,13.658026759850667
5,68,14.600050858792475
5,69,18.141462468019157
5,70,19.82756234619447
5,71,23.00818823363059
5,72,24.658389081536512
5,73,24.927675811004804
5,74,28.136958992571085
5,75,30.310205246941592
5,76,29.82052549230592
5,77,29.93402430271691
5,78,28.136070983555328
5,79,24.595729325943132
5,80,21.44875392576593
5,81,19.361709196754987
5,82,16.687809530540605
5,83,14.563572704607353
5,84,11.781673804310218
5,85,13.21982185737132
5,86,12.749711313994593
5,87,11.3077181887515
5,88,7.960325634825361
5,89,8.784551045208662
5,90,11.248144075300582
5,91,13.624218792572018
5,92,14.332916110686083
5,93,17.75510259871985
5,94,19.60076510859431
5,95,22.860735156383882
5,96,24.435052597445907
5,97,27.864310890452337
5,98,29.48387316000572
5,99,32.62530494133671
5,100,33.97033986787353
5,101,37.2220290704843
5,102,39.138368271837166
5,103,38.235008801947345
5,104,34.458927184001425
5,105,32.511457923017865
5,106,29.68931006818686
5,107,27.49068598407469
5,108,24.56700940319094
5,109,21.719975546742447
5,110,19.642715468486006
5,111,17.324245648698266
5,112,15.114157082959526
5,113,12.00672698901821
5,114,13.638955506312143
5,115,14.101854918507833
6,1,15.957940987204555
6,2,13.027509849297212
6,3,9.99469446385496
6,4,7.085153459662562
6,5,3.820571590952128
6,7,3.7962667335747073
6,8,6.844034498523572
6,9,10.566981673094725
6,10,13.189516363778099
6,11,16.89580632967433
6,12,19.949148187793615
6,13,23.37506773309342
6,14,25.112212727315598
6,15,28.439456065132912
6,16,30.040187126700175
6,17,33.09258094065194
6,18,35.47453801227176
6,19,36.765459988274735
6,20,40.255501435811645
6,21,40.296473430156674
6,22,41.052555078128044
6,23,42.27060324057379
6,24,39.62194479569112
6,25,36.710226485286285
6,26,34.01138511359599
6,27,32.83565575247189
6,28,30.062378324811796
6,29,27.25189766324738
6,30,23.688737716836393
6,31,20.35259858190731
6,32,16.99572709624953
6,33,13.82570759240507
6,34,10.85628282838558
6,35,8.113305843965904
6,36,5.798784492883904
6,37,5.252521764956813
6,38,5.575000670490511
6,39,8.635599417788281
6,40,9.689104927224072
6,41,10.765412835482541
6,42,11.922194756915179
6,43,14.333573789842006
6,44,16.586166529701156
6,45,19.895411618950174
6,46,22.720423380177333
6,47,25.552626474235428
6,48,28.1167392698382
6,49,30.692123110312377
6,50,33.300314708155106
6,51,34.5240297614504
6,52,37.079523369507406
6,53,34.97055486460169
6,54,31.237903439677428
6,55,30.4415782982219
6,56,26.925411055901012
6,57,25.056932363554445
6,58,21.745258126813305
6,59,19.902569750924496
6,60,17.33359020173044
6,61,16.116367748582896
6,62,14.71648074600563
6,63,12.695332054350976
6,64,14.882349153088912
6,65,14.098989131628148
6,66,13.814201555227886
6,67,15.434306563148569
6,68,15.477533572214012
6,69,18.645931061348552
6,70,19.627739087646695
6,71,22.44105623345338
6,72,23.621564250604074
6,73,23.349600970432547
6,74,26.43386887963018
6,75,28.813504993540068
6,76,28.756197360924197
6,77,29.332631196907005
6,78,27.979168648334674
6,79,24.685729150259956
6,80,21.562055130520893
6,81,20.105925764058583
6,82,17.785676176990126
6,83,16.362012190895975
6,84,13.880577799388506
6,85,15.769584645465587
6,86,15.558722433052283
6,87,14.556272420076246
6,88,10.87233269423975
6,89,11.198190793681002
6,90,12.946528595114827
6,91,15.15029106292576
6,92,15.556016404893935
6,93,18.98948666387037
6,94,20.638609612936353
6,95,23.616413620263902
6,96,24.684454429114457
6,97,27.97310786347566
6,98,29.119793466883596
6,99,32.23230680281839
6,100,33.15652097129473
6,101,36.30321757916539
6,102,38.265589733054426
6,103,37.62810993126612
6,104,33.942437427150715
6,105,32.34431651985009
6,106,29.856420145091132
6,107,27.85436378707525
6,108,25.201272313592558
6,109,22.161896286888968
6,110,20.38577266262844
6,111,17.78025852372476
6,112,15.643406051734537
6,113,12.144623319826618
6,114,12.949845868581118
6,115,13.865708432208809
7,1,17.79173544621972
7,2,14.446388846750617
7,3,12.137671406479429
7,4,8.804732476195504
7,5,6.705949741055753
7,6,3.7962667335747073
7,8,3.7731213365524514
7,9,7.154896512631862
7,10,10.229405162241886
7,11,13.771625771812115
7,12,17.069656668207454
7,13,20.523429134432465
7,14,22.305259888696032
7,15,25.79375394032891
7,16,27.28466267501694
7,17,30.47509918213482
7,18,32.79776627703702
7,19,34.31443037962422
7,20,37.674070060655815
7,21,37.765553860980496
7,22,38.31604051212242
7,23,39.471322048211974
7,24,36.66433644741083
7,25,33.926045395365236
7,26,31.295105029608706
7,27,29.844136205486446
7,28,27.043314256508467
7,29,24.04869715707233
7,30,20.398740241379574
7,31,17.117012110208247
7,32,13.585191571653269
7,33,10.557210536478177
7,34,7.3677536004806505
7,35,5.457495596145352
7,36,4.491813480941299
7,37,6.1677541497562896
7,38,7.572920814461914
7,39,9.27828492702828
7,40,9.983824762521301
7,41,9.63656042109379
7,42,9.753273538880466
7,43,11.461159336091919
7,44,13.471967950916044
7,45,16.56063744830829
7,46,19.498950177698898
7,47,22.157487527320765
7,48,24.928303794556935
7,49,27.37738014697856
7,50,30.04795910540963
7,51,31.08825004785418
7,52,33.728271674700565
7,53,31.797838551065404
7,54,28.103780605980205
7,55,27.071975796629996
7,56,23.502752211936798
7,57,21.8430086928144
7,58,18.599705434367525
7,59,17.191612169607847
7,60,15.046450139810153
7,61,14.477006131348611
7,62,13.968897731662702
7,63,12.596995935778464
7,64,15.527164531427614
7,65,15.282495395131525
7,66,14.425256262159063
7,67,15.273623919113984
7,68,14.702459857773773
7,69,17.558679931023327
7,70,18.0396472752838
7,71,20.430846034610116
7,72,21.11785042348084
7,73,20.72887719372164
7,74,23.544648582127582
7,75,26.221401140731693
7,76,26.22144095317599
7,77,27.116670131138374
7,78,25.97113057157481
7,79,22.874561324268125
7,80,19.60600936558745
7,81,18.65355309324886
7,82,16.468291342864102
7,83,15.661928319165325
7,84,13.428759736000602
7,85,15.610695155300078
7,86,15.829253673419299
7,87,15.677349326567212
7,88,11.849692631121924
7,89,11.24692224319513
7,90,12.223517785736984
7,91,13.919240378887482
7,92,14.005531934076648
7,93,17.359200464217047
7,94,18.95807841624834
7,95,21.718471026299007
7,96,22.505905252433465
7,97,25.75906748525696
7,98,26.603491273861135
7,99,29.82263907730741
7,100,30.55575795307423
7,101,33.75726279991328
7,102,35.531535664095365
7,103,34.788247394782125
7,104,31.14906241280848
7,105,29.6901780342992
7,106,27.427606854364335
7,107,25.4493796297519
7,108,22.964595196295107
7,109,19.747063363521054
7,110,18.187819568318567
7,111,15.414238034457933
7,112,13.52936057386374
7,113,10.02531210274063
7,114,10.457620034270448
7,115,12.221206865711123
8,1,17.503149293254367
8,2,13.829831736721472
8,3,12.329155229430324
8,4,9.226710022795627
8,5,8.397011986005698
8,6,6.844034498523572
8,7,3.7731213365524514
8,9,3.783690402013502
8,10,6.632904754628962
8,11,10.171231259928335
8,12,13.452586105050136
8,13,17.00517969940548
8,14,19.06285051583079
8,15,22.601592713961118
8,16,24.348094840113372
8,17,27.687096643821327
8,18,30.227805268416475
8,19,32.01668893097424
8,20,35.276645270884856
8,21,35.11185547984027
8,22,35.44319977363681
8,23,36.371384338145745
8,24,33.49170127427862
8,25,30.814896943945072
8,26,28.12341956570096
8,27,26.63909641501886
8,28,23.670800495124194
8,29,20.793900427888566
8,30,17.12628925006703
8,31,14.025244165036407
8,32,10.635210733728988
8,33,8.130335736286101
8,34,5.896728015161482
8,35,5.085928018969003
8,36,6.658685949174441
8,37,8.126534000842089
8,38,10.649358457353594
8,39,12.022918317133906
8,40,11.697393160112618
8,41,10.77654378404804
8,42,9.549557872992608
8,43,10.83290317410892
8,44,11.786864548960079
8,45,14.439269026932653
8,46,16.971482063079694
8,47,19.396294212859452
8,48,22.124366221095517
8,49,24.366797412076984
8,50,27.249778763349155
8,51,28.447585314315717
8,52,31.28091942681063
8,53,29.499025411878577
8,54,25.939012213853626
8,55,24.68792093734542
8,56,21.267804805171263
8,57,20.024082257513744
8,58,17.184655714344963
8,59,16.13688504829182
8,60,14.708769393251709
8,61,14.266962059752958
8,62,14.502253587385129
8,63,13.08223143556071
8,64,16.133549946536334
8,65,15.715851584148098
8,66,13.968404779766377
8,67,14.543358749103465
8,68,14.119147552590318
8,69,16.974750296729614
8,70,17.539937903328916
8,71,19.727386748183726
8,72,20.190870767657913
8,73,20.229069414008713
8,74,22.737124844216186
8,75,25.643735606963606
8,76,25.268045124291486
8,77,26.139028211569876
8,78,24.799492072918916
8,79,21.704737889656112
8,80,18.13837498918646
8,81,17.1906753631486
8,82,14.684776795830658
8,83,13.947583390212895
8,84,11.575785370084038
8,85,13.494716944908072
8,86,13.825438944862253
8,87,14.415635069711332
8,88,10.718537726284294
8,89,9.451439212036377
8,90,9.506595055947754
8,91,10.88734297781009
8,92,11.163778989896352
8,93,14.600907745436267
8,94,16.58387026740757
8,95,19.441662865641497
8,96,20.471653678984545
8,97,23.89742091935419
8,98,24.83588124814046
8,99,28.29250022362588
8,100,29.21049354554617
8,101,32.62016548415168
8,102,34.03757798727246
8,103,32.78179523863083
8,104,29.094799666869434
8,105,27.41086216275702
8,106,25.083355679799272
8,107,22.800769107242314
8,108,20.151488250743437
8,109,16.710675444108816
8,110,14.896068568930373
8,111,11.867957566961783
8,112,9.893074286803339
8,113,6.43380553805749
8,114,7.052053746859875
8,115,9.43601480181265
9,1,19.76512098982995
9,2,16.02502211271192
9,3,15.237787075090715
9,4,12.255535184437425
9,5,12.037580732545862
9,6,10.566981673094725
9,7,7.154896512631862
9,8,3.783690402013502
9,10,3.8151949814353108
9,11,6.7753528686875555
9,12,10.330765309010658
9,13,13.877012983004256
9,14,16.05394197015029
9,15,19.733052469643592
9,16,21.433844364238894
9,17,24.925193462255116
9,18,27.460843517430927
9,19,29.540807148986364
9,20,32.61348660947962
9,21,32.40692613057924
9,22,32.47251108038366
9,23,33.265188567455674
9,24,30.228439555175953
9,25,27.750009999536058
9,26,25.125916456995384
9,27,23.366441428495015
9,28,20.33287474291396
9,29,17.32126278102349
9,30,13.572335498533736
9,31,10.659674957173387
9,32,7.197114056809156
9,33,5.587176255696838
9,34,4.607220052446389
9,35,6.141741164324615
9,36,9.076757124713659
9,37,11.100325206951219
9,38,13.843666262393361
9,39,14.50487339119897
9,40,13.800800475468124
9,41,11.971558405683155
9,42,9.587164966762346
9,43,9.712369714555486
9,44,9.594318102345753
9,45,11.530704649963663
9,46,13.873282171930066
9,47,15.951800053100047
9,48,18.846064717270647
9,49,20.860129131063967
9,50,23.87360856788289
9,51,24.964198721648668
9,52,27.9384400381846
9,53,26.38774149552265
9,54,22.956758149313565
9,55,21.400529862347366
9,56,18.04086794417099
9,57,17.237310897785324
9,58,14.777768528882765
9,59,14.406465382003995
9,60,13.84807641429139
9,61,14.07566315527389
9,62,15.278452147017568
9,63,14.462289091831899
9,64,17.78075721300148
9,65,17.72335734377413
9,66,15.546660812020786
9,67,15.38848037396811
9,68,14.538942554524903
9,69,16.878861861666188
9,70,17.00409837542106
9,71,18.60988370393373
9,72,18.509546009499424
9,73,18.647073619534172
9,74,20.68368757472266
9,75,23.867860552504972
9,76,23.381296112213153
9,77,24.496155212004055
9,78,23.29744380105401
9,79,20.486131288977013
9,80,16.829745584060444
9,81,16.425945959564093
9,82,14.127130085141342
9,83,14.092959785349413
9,84,12.22491893405122
9,85,14.13053744039384
9,86,14.89288835892342
9,87,16.297934232008746
9,88,12.961062792410294
9,89,10.996081136946767
9,90,10.093800472400119
9,91,10.47620791633623
9,92,10.351802860815015
9,93,13.356280764103106
9,94,15.28345582873754
9,95,17.80104339230875
9,96,18.60173129235736
9,97,21.95571621894434
9,98,22.624287975368162
9,99,26.205560442146734
9,100,27.015016285589677
9,101,30.50516181234109
9,102,31.59951611166531
9,103,30.05799582638129
9,104,26.434358120650078
9,105,24.811970403227306
9,106,22.715486679949024
9,107,20.38606307567456
9,108,17.92124931171165
9,109,14.310426894841603
9,110,12.747351895987922
9,111,9.595157653388505
9,112,8.222458456596188
9,113,5.598909401412964
9,114,5.723943999520561
9,115,9.252774748963358
10,1,18.997443699254017
10,2,15.334485695133623
10,3,15.492095281878811
10,4,12.907697826826514
10,5,13.750904966461539
10,6,13.189516363778099
10,7,10.229405162241886
10,8,6.632904754628962
10,9,3.8151949814353108
10,11,3.8094582274093676
10,12,6.841643289972651
10,13,10.377669530080109
10,14,12.64637822633786
10,15,16.243820451030714
10,16,18.246776430108937
10,17,21.7598553034411
10,18,24.552702448793116
10,19,26.736653039841944
10,20,29.78973646931047
10,21,29.29259742125554
10,22,29.32122349238015
10,23,29.995643415705686
10,24,27.056871752797537
10,25,24.451617304662946
10,26,21.724654027745647
10,27,20.20208876134155
10,28,17.11358333767949
10,29,14.420198358544468
10,30,10.859146893138908
10,31,8.029784558168382
10,32,5.4870226232809385
10,33,5.037790708624185
10,34,6.609637321566477
10,35,7.912603455961708
10,36,11.422501692232684
10,37,12.759641824959473
10,38,16.056560612002862
10,39,16.579187430587545
10,40,15.02469136620618
10,41,13.235711592129174
10,42,10.263616906829823
10,43,10.442910001336543
10,44,9.078679147691927
10,45,10.439044002789974
10,46,11.831327978172922
10,47,13.85248443833198
10,48,16.29723935110515
10,49,18.29384462641242
10,50,21.377606702734024
10,51,22.915755408161147
10,52,25.929806852893748
10,53,24.312968944614948
10,54,21.041159016975925
10,55,19.583515597703546
10,56,16.595700683566463
10,57,16.05597591196776
10,58,14.217572016018446
10,59,13.85155570882357
10,60,13.934280706835771
10,61,13.858809549181531
10,62,15.44933524595288
10,63,14.49622730464545
10,64,17.55065595618896
10,65,17.35581013173479
10,66,14.584362136959308
10,67,14.081181964191877
10,68,13.519995493514548
10,69,15.734943417793936
10,70,16.176861220348474
10,71,17.700242861250818
10,72,17.71003663150999
10,73,18.576330740910645
10,74,20.418748942759738
10,75,23.497492483765765
10,76,22.427372697327485
10,77,23.198684641258556
10,78,21.618509628538376
10,79,18.76401751422743
10,80,14.95221352600223
10,81,14.357806685072445
10,82,11.81795539564136
10,83,11.900850170912706
10,84,10.329568461396642
10,85,11.975989153444333
10,86,13.21276620037214
10,87,15.424751039584079
10,88,12.730596262952462
10,89,10.033421831214811
10,90,8.607183933429594
10,91,7.774307416899379
10,92,7.333332501463971
10,93,10.031494559653602
10,94,12.247899819037286
10,95,14.843879073528596
10,96,16.054692741146916
10,97,19.57143816752498
10,98,20.575290563906687
10,99,24.313435036439355
10,100,25.522855149034353
10,101,29.191496950673713
10,102,29.988172770600556
10,103,27.92164853855798
10,104,24.226034971173544
10,105,22.221012402063714
10,106,19.891495432353917
10,107,17.229279823444724
10,108,14.51968624482197
10,109,10.800880467103369
10,110,8.979818399050194
10,111,5.807638620936739
10,112,5.20042570937092
10,113,4.406155588631718
10,114,6.074023107758221
10,115,9.67713488089433
11,1,21.941792043510112
11,2,18.373197928618143
11,3,18.91972458243052
11,4,16.565588141403683
11,5,17.520461402575723
11,6,16.89580632967433
11,7,13.771625771812115
11,8,10.171231259928335
11,9,6.7753528686875555
11,10,3.8094582274093676
11,12,3.749485760145187
11,13,7.325233497809088
11,14,10.080336997985329
11,15,13.780022503663673
11,16,15.903838927982683
11,17,19.60758388391752
11,18,22.47875347810834
11,19,25.07610414210135
11,20,27.8252256722958
11,21,27.144168807640657
11,22,26.76142356972688
11,23,27.13509949240256
11,24,23.99253741227027
11,25,21.675635407266206
11,26,19.00990920054242
11,27,17.156824348980233
11,28,13.852665767582371
11,29,11.148156021650466
11,30,7.536958479815657
11,31,5.611554251241393
11,32,4.389335795413658
11,33,6.555536849450857
11,34,9.13937855790909
11,35,11.281635479433389
11,36,14.930863679480936
11,37,16.48616119751394
11,38,19.760547174026996
11,39,20.028269600241266
11,40,18.397520139180433
11,41,16.234931638081633
11,42,12.853527596235399
11,43,12.14334715378119
11,44,9.723857147074488
11,45,9.617689225660332
11,46,10.09178663235527
11,47,11.233268434161145
11,48,13.709679445492869
11,49,15.171109501518593
11,50,18.533986089332014
11,51,20.03305005484767
11,52,23.279183256403982
11,53,22.04447550684965
11,54,19.098538244233396
11,55,17.207022084197224
11,56,14.555268199493483
11,57,14.843464263777443
11,58,13.839163656009058
11,59,14.337146029145687
11,60,15.377261663505237
11,61,15.842890934034285
11,62,18.047165576377544
11,63,17.502058287325564
11,64,20.534281187588004
11,65,20.495067143314127
11,66,17.516288430637115
11,67,16.60170385909675
11,68,15.875945691523574
11,69,17.51770069145704
11,70,17.611286211765396
11,71,18.471459843738277
11,72,17.901960017021086
11,73,18.933211013542074
11,74,20.11339276838005
11,75,23.37018131011773
11,76,22.12477582106577
11,77,23.07899412799241
11,78,21.628507606215255
11,79,19.197785335174032
11,80,15.498091124209287
11,81,15.441097940686625
11,82,13.25475767198652
11,83,13.888485372782657
11,84,12.83642748374964
11,85,14.046348806443717
11,86,15.370828615395265
11,87,18.031249372215864
11,88,15.760296263178663
11,89,13.01996510126856
11,90,10.917989349861942
11,91,9.376824164436917
11,92,8.861508345121267
11,93,10.490868466784729
11,94,12.588406857784017
11,95,14.61293246300626
11,96,15.646958796898144
11,97,18.952580285791313
11,98,19.688230416760458
11,99,23.502086777746094
11,100,24.642948302747456
11,101,28.357886660840453
11,102,28.680725420259726
11,103,26.140013179971586
11,104,22.581340848337735
11,105,20.573264802988163
11,106,18.534447213529536
11,107,15.733915303131472
11,108,13.267227095634235
11,109,9.47470204707901
11,110,7.952598816666489
11,111,4.994604589491858
11,112,5.742867815598582
11,113,6.849038140180607
11,114,7.487081612536819
11,115,10.974485629752012
12,1,22.579668781865223
12,2,19.283331483027926
12,3,20.51955149969112
12,4,18.550769520119783
12,5,20.08587560465897
12,6,19.949148187793615
12,7,17.069656668207454
12,8,13.452586105050136
12,9,10.330765309010658
12,10,6.841643289972651
12,11,3.749485760145187
12,13,3.778329181117009
12,14,7.021379046828223
12,15,10.500537576344737
12,16,13.087958512336648
12,17,16.787632185650743
12,18,19.951383178606026
12,19,22.71702675007487
12,20,25.33279924952428
12,21,24.276095426990718
12,22,23.761435448117158
12,23,23.920536670376624
12,24,20.87510639225806
12,25,18.47674089352559
12,26,15.7074734195672
12,27,14.120713876239359
12,28,10.707484349765096
12,29,8.653974837557314
12,30,5.796547250853173
12,31,5.157509604202935
12,32,6.478346665706142
12,33,9.101299888392601
12,34,12.317365354253202
12,35,14.14279693612025
12,36,17.87934997277004
12,37,19.03542245585453
12,38,22.53245650187281
12,39,22.70708213870322
12,40,20.605867503572856
12,41,18.55049608800366
12,42,15.039587889839144
12,43,14.404540796783506
12,44,11.389745087875616
12,45,10.568554861985858
12,46,9.625021886884936
12,47,10.25825187410703
12,48,11.85959483215599
12,49,13.058314233688401
12,50,16.45947556391909
12,51,18.476205546832766
12,52,21.711591239885628
12,53,20.503415891291738
12,54,17.92316315972524
12,55,16.163502842800852
12,56,14.214510005661483
12,57,14.918907457501525
12,58,14.756129460211277
12,59,15.312093175313109
12,60,16.8754520653374
12,61,17.122278488977887
12,62,19.51929396313727
12,63,18.94828556585311
12,64,21.621078124859945
12,65,21.50557401195304
12,66,18.232528434474954
12,67,17.040040648575335
12,68,16.577789724657773
12,69,17.890785348947087
12,70,18.197689319967534
12,71,18.835007805408942
12,72,18.325822194766953
12,73,19.96726524611914
12,74,20.846103206167136
12,75,23.875124572007437
12,76,22.104989250012757
12,77,22.7060475419208
12,78,20.955191241127828
12,79,18.68431243585929
12,80,15.12287882337081
12,81,15.001882334233658
12,82,12.913166814654957
12,83,13.731288970591967
12,84,13.220857452114073
12,85,13.963106990969589
12,86,15.607391519782363
12,87,18.79198236845938
12,88,17.212559670828057
12,89,14.214617991403815
12,90,11.954794530117415
12,91,9.471224624297331
12,92,8.698380669425436
12,93,9.102436197743726
12,94,11.188360468860992
12,95,12.897002814451254
12,96,14.28999970222621
12,97,17.523141345848114
12,98,18.542232876579796
12,99,22.384920516341847
12,100,23.898702135406168
12,101,27.69564228481809
12,102,27.634507271689323
12,103,24.504618559320313
12,104,20.986573485581637
12,105,18.590075157316488
12,106,16.412265875916187
12,107,13.256286879238145
12,108,10.668689891321907
12,109,7.0203610975355355
12,110,5.479622042042257
12,111,3.8293976009062587
12,112,6.402980171159899
12,113,9.13580362337877
12,114,10.344199081734837
12,115,13.278104596404782
13,1,24.70704687215634
13,2,21.705604186799686
13,3,23.38130441067647
13,4,21.528670142768632
13,5,23.3709351939159
13,6,23.37506773309342
13,7,20.523429134432465
13,8,17.00517969940548
13,9,13.877012983004256
13,10,10.377669530080109
13,11,7.325233497809088
13,12,3.778329181117009
13,14,3.827858675740874
13,15,6.976902239466325
13,16,9.784432535153686
13,17,13.46847073520651
13,18,16.76589334820865
13,19,19.749019715518923
13,20,22.131877469386055
13,21,20.83452002085205
13,22,20.13960794765425
13,23,20.17385202449588
13,24,17.171625183204608
13,25,14.756374201661263
13,26,11.980586455703593
13,27,10.48668701793773
13,28,7.10125365577943
13,29,5.767790452534498
13,30,4.575819472653377
13,31,5.73656173608746
13,32,8.736587201632725
13,33,11.638672583464956
13,34,15.234170332975985
13,35,17.08671855746049
13,36,20.882167250024274
13,37,21.974041667157547
13,38,25.53266439157144
13,39,25.397603332013766
13,40,23.009217220490264
13,41,20.830183162224216
13,42,17.19777988187421
13,43,16.31922575619563
13,44,12.856179651707757
13,45,11.233701794694257
13,46,8.990081054853444
13,47,8.87000337603788
13,48,9.384845916092102
13,49,10.250709315161165
13,50,13.541323427825713
13,51,15.99196336745987
13,52,19.12644096051042
13,53,17.989928575973895
13,54,15.862515690905905
13,55,14.245899558089087
13,56,13.124450411226485
13,57,14.292437961056107
13,58,15.053170293191624
13,59,15.8673290301832
13,60,18.035431168920717
13,61,18.3768955588893
13,62,21.090920336834376
13,63,20.821765614361613
13,64,23.276923554279342
13,65,23.375067317994564
13,66,20.079883601597587
13,67,18.42637372379299
13,68,17.862299508963755
13,69,18.552792332474564
13,70,18.727614091421813
13,71,18.863347381525298
13,72,18.180010396605773
13,73,20.254016379736623
13,74,20.669754570196876
13,75,23.454426083111173
13,76,21.281651557019032
13,77,21.677194137030718
13,78,19.861982306248144
13,79,18.029433750880322
13,80,14.869877550627931
13,81,15.103163077075605
13,82,13.603490773179852
13,83,14.953861033590005
13,84,15.22193665657504
13,85,15.872329235634604
13,86,17.8916179060362
13,87,21.36774515101513
13,88,20.221775229396652
13,89,17.03054486771153
13,90,14.95726106296318
13,91,11.953488115138004
13,92,10.658060916659462
13,93,9.643645139718227
13,94,10.948648278413506
13,95,11.726604606147294
13,96,12.985508704559628
13,97,15.809965091137926
13,98,16.822970750746236
13,99,20.569313348395536
13,100,22.27761158910597
13,101,26.060067088813543
13,102,25.572439755693956
13,103,21.931142712528867
13,104,18.562009361147243
13,105,15.959417844252988
13,106,13.924045399948321
13,107,10.66773426760732
13,108,8.51692641112007
13,109,5.706465645240698
13,110,5.6451675078363746
13,111,6.426696177059441
13,112,9.67052478711419
13,113,12.763915995208157
13,114,14.089906908567945
13,115,16.86963286869652
14,1,25.754874345186273
14,2,23.044152444089942
14,3,24.97002846024974
14,4,22.98521780844541
14,5,25.063269225242248
14,6,25.112212727315598
14,7,22.305259888696032
14,8,19.06285051583079
14,9,16.05394197015029
14,10,12.64637822633786
14,11,10.080336997985329
14,12,7.021379046828223
14,13,3.827858675740874
14,15,3.790208863204784
14,16,6.093042605192468
14,17,9.778300994262633
14,18,13.038308462272166
14,19,15.932082476410327
14,20,18.406467667744547
14,21,17.255236740042452
14,22,16.867511121464826
14,23,17.377216642516096
14,24,14.637207047736121
14,25,11.821294039122149
14,26,9.085894934819933
14,27,7.942512887200688
14,28,5.610113111320629
14,29,4.705786442169607
14,30,5.3984370517480915
14,31,6.3919194253396965
14,32,10.023547925534618
14,33,12.595666295261452
14,34,16.42944053194342
14,35,18.15468349487296
14,36,21.918666844946703
14,37,22.98388372223237
14,38,26.518384472979566
14,39,25.909426417048824
14,40,23.24830082930165
14,41,20.926531809723635
14,42,17.287751097980344
14,43,16.276000487123902
14,44,12.623964949249793
14,45,10.671509815040919
14,46,7.524174281757066
14,47,7.562866952041458
14,48,6.691410897511224
14,49,8.288443346951984
14,50,10.859192588451917
14,51,13.81860634662857
14,52,16.503810086889818
14,53,14.9313555604769
14,54,12.891949566783643
14,55,11.944201660738715
14,56,11.414441165194127
14,57,12.379725841501344
14,58,13.757363231820802
14,59,14.474632463477604
14,60,17.052022948956555
14,61,17.433763630085558
14,62,20.415227752786684
14,63,20.5971505761419
14,64,22.885983233064962
14,65,23.427020312737486
14,66,20.362143460478695
14,67,18.103460452708006
14,68,17.178675812270473
14,69,17.121394281859526
14,70,17.05837988459818
14,71,16.727077218239707
14,72,16.022305445758455
14,73,18.540076402216695
14,74,18.735358810652677
14,75,21.1178525498607
14,76,18.56149301902768
14,77,18.664979921253
14,78,16.786611669735805
14,79,15.347311240225508
14,80,12.675546361547964
14,81,13.411843518743447
14,82,12.79054679704574
14,83,14.902426107300316
14,84,16.098075109849983
14,85,17.193707707268747
14,86,19.785398861843163
14,87,23.357673076333604
14,88,22.349204033731574
14,89,18.85776245861966
14,90,17.400953342884048
14,91,14.037975368062401
14,92,11.846744498167014
14,93,9.740295447022957
14,94,9.683053449327033
14,95,9.253614755974453
14,96,10.008778943279056
14,97,12.409493901306007
14,98,13.443196428914513
14,99,17.091690883871664
14,100,19.022043082211226
14,101,22.791881440036065
14,102,22.185544078768956
14,103,18.396389186492733
14,104,14.99992451146726
14,105,12.208425718200354
14,106,10.169193235763567
14,107,7.010776458792612
14,108,5.67215614138924
14,109,4.351339621568236
14,110,6.6769196911346524
14,111,8.912771715275955
14,112,12.603360050186744
14,113,15.539446413315089
14,114,17.23953871328126
14,115,20.236392701850225
15,1,27.54656321924921
15,2,25.19121687553114
15,3,27.500999306132634
15,4,25.76487517805051
15,5,28.132880700110025
15,6,28.439456065132912
15,7,25.79375394032891
15,8,22.601592713961118
15,9,19.733052469643592
15,10,16.243820451030714
15,11,13.780022503663673
15,12,10.500537576344737
15,13,6.976902239466325
15,14,3.790208863204784
15,16,3.760512062340507
15,17,6.843761719074422
15,18,10.496314028531568
15,19,13.462845180777677
15,20,15.685838815690023
15,21,14.025761900420939
15,22,13.621445756522878
15,23,14.065263566613442
15,24,11.747822858662751
15,25,8.531784804151583
15,26,5.63313705912415
15,27,5.802212928549358
15,28,5.004181757644121
15,29,6.429686460568458
15,30,8.697829390634295
15,31,10.089300817227128
15,32,13.749118193225828
15,33,16.137489192916394
15,34,19.9876131764841
15,35,21.490322343793363
15,36,25.181443350194762
15,37,26.001099447739893
15,38,29.57611953288149
15,39,28.867886342077707
15,40,25.96389369089457
15,41,23.78737204265362
15,42,20.27164726399149
15,43,19.387866219452757
15,44,15.771610478928912
15,45,13.7448108474866
15,46,10.225932258120473
15,47,9.855135991265783
15,48,7.482307371036412
15,49,8.518948121824808
15,50,10.120375424456089
15,51,13.679427954919351
15,52,15.850596449792185
15,53,14.238175925711879
15,54,12.97250734007007
15,55,12.65608533514362
15,56,13.181070693402821
15,57,14.254895738752573
15,58,16.208843935657963
15,59,16.812270656867582
15,60,19.53535961487613
15,61,19.719435113269917
15,62,22.6582441497479
15,63,22.884312530279175
15,64,24.774699748578232
15,65,25.331894041729832
15,66,22.28808329447838
15,67,19.860319763845524
15,68,19.12022476585587
15,69,18.649585137163264
15,70,18.71860082298688
15,71,18.136885421489033
15,72,17.581840599187164
