1,2,3.820472077616164
1,3,6.366297357510971
1,4,9.137974886789227
1,5,12.356912527629637
1,6,16.092146664150473
1,7,17.908022427623134
1,8,17.520047809762247
1,9,19.741211614237624
1,10,18.92625714438948
1,11,21.876173545517346
1,12,22.531090022914963
1,13,24.601126896456048
1,14,25.641171857009283
1,15,27.40485569493179
1,16,29.682849337867697
1,17,31.75822818745679
1,18,34.72742283836169
1,19,35.99380000963594
1,20,39.14980672594018
1,21,39.62722229960664
1,22,38.660275836798476
1,23,40.25615788339212
1,24,38.68577802454327
1,25,35.3288008097389
1,26,32.499647865301895
1,27,33.101422767109476
1,28,30.867933435324577
1,29,29.738519389597194
1,30,27.44025139539296
1,31,24.611190746192392
1,32,23.342657311922878
1,33,21.01779368521994
1,34,20.886130151146926
1,35,17.72974892512588
1,36,17.67061621885117
1,37,14.26846010420754
1,38,16.37917980951164
1,39,18.648192692432485
1,40,16.260080780122394
1,41,18.830582435866525
1,42,19.324921773175138
1,43,22.78951181508707
1,44,23.418878469474333
1,45,26.281280823862257
1,46,27.046597596185247
1,47,30.069555080264685
1,48,30.80952257257382
1,49,33.54626784010231
1,50,35.768304626107934
1,51,38.438907703587105
1,52,40.71684404862179
1,53,38.13489230684386
1,54,34.63637076815155
1,55,34.938048927896105
1,56,32.48282369122021
1,57,30.538997448245674
1,58,28.41437646011705
1,59,25.695820393451903
1,60,23.714239790583786
1,61,20.443107363383877
1,62,18.410833665004105
1,63,14.591197808523935
1,64,13.088175657492032
1,65,9.322107613746796
1,66,8.06129535923579
1,67,11.671471760544716
1,68,15.170867050470438
1,69,18.619446322198158
1,70,21.958635483209243
1,71,25.539931617386607
1,72,28.263663343980344
1,73,29.947694842779995
1,74,33.46397760248755
1,75,35.49017092276503
1,76,33.64089671485228
1,77,31.68711126637614
1,78,28.63394649580823
1,79,24.824283700039235
1,80,22.15180533222365
1,81,18.58128483999411
1,82,15.583195794142231
1,83,11.938120548925244
1,84,9.885848879964474
1,85,8.895064255153494
1,86,8.506847194949058
1,87,7.035745252390316
1,88,8.79436431106734
1,89,9.278754470019349
1,90,12.4489253270536
1,91,13.350664700416102
1,92,14.174618319028767
1,93,16.03758050794835
1,94,17.822186970999056
1,95,21.250195170438854
1,96,24.145957704935327
1,97,27.505586600532283
1,98,30.396170736075604
1,99,33.41379797843015
1,100,36.19816222273645
1,101,40.33185387087096
1,102,38.79707192785723
1,103,35.199858804048525
1,104,32.73060795245097
1,105,28.985321123252646
1,106,26.449789670052738
1,107,23.14964393592374
1,108,21.576542162463685
1,109,19.24863238944815
1,110,18.71636523276234
1,111,17.455878703893582
1,112,16.784394600738
1,113,20.028408698390834
1,114,19.747510395671508
1,115,22.935996062725824
2,1,3.820472077616164
2,3,3.8816341570948723
2,4,6.080549450379252
2,5,9.523397208968213
2,6,13.08080897139284
2,7,14.50579207617453
2,8,13.821278159660709
2,9,15.998509589773048
2,10,15.292583686821288
2,11,18.350282101957045
2,12,19.300897583750444
2,13,21.68701039557759
2,14,23.015209111284612
2,15,25.153974406075058
2,16,27.499171048938823
2,17,29.902523498959305
2,18,32.93557925584166
2,19,34.54639653306905
2,20,37.80640797858796
2,21,37.97464156144458
2,22,37.04125196665556
2,23,38.3540108963187
2,24,36.5738868155388
2,25,33.36118651569952
2,26,30.474047891755347
2,27,30.709431811188797
2,28,28.24867899691758
2,29,26.858644798791474
2,30,24.307460567137248
2,31,21.43186934298562
2,32,19.92589832392924
2,33,17.63698392279033
2,34,17.426697416671864
2,35,14.437091918832595
2,36,14.683943488573275
2,37,11.61434018431625
2,38,14.16660202530276
2,39,16.541204990370215
2,40,14.26578675373904
2,41,16.387088020636355
2,42,16.518106211479704
2,43,19.808099222865426
2,44,20.360239941875086
2,45,23.201768502543196
2,46,24.137074461872423
2,47,27.068242212088204
2,48,28.119596709803297
2,49,30.761506122239915
2,50,33.183237631841145
2,51,35.6738082617567
2,52,38.140794472076955
2,53,35.747522954649064
2,54,32.189372412404666
2,55,32.17284227281749
2,56,29.549158010019145
2,57,27.769970952086958
2,58,25.571654766873202
2,59,23.11455682853247
2,60,21.253999719451585
2,61,18.304782980592034
2,62,16.663538561740307
2,63,12.915094450996559
2,64,12.433038528720196
2,65,9.018668726766169
2,66,6.869259604946075
2,67,10.386175266736064
2,68,13.49642752651216
2,69,17.18583998008475
2,70,20.202771507949535
2,71,23.658949560268308
2,72,26.036202544505663
2,73,27.523753235831347
2,74,30.98292296503455
2,75,33.268929925775026
2,76,31.6383775766996
2,77,30.03721107377767
2,78,27.149879241809145
2,79,23.338465759467002
2,80,20.292733227506083
2,81,17.00069997868773
2,82,13.688939643243629
2,83,10.117020793571596
2,84,7.203861043100177
2,85,6.485256836052346
2,86,5.993527174213685
2,87,4.836479242651634
2,88,5.380541879781234
2,89,5.54887132528502
2,90,8.92749482674181
2,91,10.174396805761495
2,92,11.245524647927786
2,93,13.742162452095311
2,94,15.927331432523411
2,95,19.551642571208077
2,96,22.31855084698432
2,97,25.872294439196224
2,98,28.48718009336163
2,99,31.709137047019553
2,100,34.28017832575991
2,101,38.519776790448205
2,102,36.845461422722884
2,103,33.1426521240583
2,104,30.870010517528907
2,105,27.219690878375992
2,106,24.55013552429647
2,107,21.167244211648594
2,108,19.10702553721767
2,109,16.58774307875323
2,110,15.553371689305862
2,111,14.008850630716081
2,112,13.040464764304838
2,113,16.24690203937876
2,114,16.097364748975217
2,115,19.40154142320277
3,1,6.366297357510971
3,2,3.8816341570948723
3,4,3.797232313582981
3,5,6.252525196977979
3,6,10.028630325551658
3,7,12.175083327852946
3,8,12.30655026069345
3,9,15.206772507970326
3,10,15.439914342510393
3,11,18.883504524240415
3,12,20.52338158714314
3,13,23.35229794844465
3,14,24.90635249525553
3,15,27.432424417829772
3,16,29.65754229943904
3,17,32.269716736699905
3,18,35.19889993692719
3,19,36.9841701738955
3,20,40.38954960960285
3,21,40.440334074321505
3,22,39.683342342303824
3,23,40.82264822829696
3,24,38.89702076458357
3,25,35.7975747685992
3,26,32.91135106870632
3,27,32.779939586880275
3,28,30.162105002233766
3,29,28.372132841074922
3,30,25.453738470406925
3,31,22.377622335964833
3,32,20.261863005715256
3,33,17.616535120499563
3,34,16.570519242292995
3,35,13.349188685564636
3,36,12.767506751400777
3,37,9.593032812282987
3,38,11.476524816794234
3,39,14.437769782350303
3,40,12.972016167162863
3,41,15.3743714928981
3,42,16.058970008161253
3,43,19.376738553119164
3,44,20.50645126420698
3,45,23.63305246792428
3,46,25.123750393856188
3,47,28.094239300466214
3,48,29.595189464031638
3,49,32.24720029979996
3,50,34.77338786286321
3,51,36.95362512525309
3,52,39.526578445014515
3,53,37.23350763801663
3,54,33.549751454354876
3,55,33.265883744892086
3,56,30.327371441260183
3,57,28.468641450305725
3,58,25.87797061186521
3,59,23.47849554674756
3,60,21.235941922265603
3,61,18.53392596317193
3,62,16.60429471592075
3,63,12.923596458880683
3,64,12.870015872684757
3,65,9.754461515953622
3,66,8.658405575518445
3,67,12.11021992154641
3,68,14.564187228593218
3,69,18.347948043392137
3,70,20.981188937186765
3,71,24.461121861632098
3,72,26.67293245856631
3,73,27.63789458955611
3,74,31.198418594781945
3,75,33.77836245546626
3,76,32.55317556414472
3,77,31.2135778719585
3,78,28.648688886682194
3,79,24.86860362238423
3,80,21.77787474446047
3,81,18.838078253713434
3,82,15.693625047370196
3,83,12.54589569718361
3,84,9.460503253345227
3,85,9.513902182359658
3,86,8.514486637066417
3,87,6.29490670393116
3,88,4.824165032858244
3,89,6.463248004337412
3,90,9.771843537933659
3,91,11.94497326108648
3,92,13.135612654548506
3,93,16.157024961171516
3,94,18.307008338100097
3,95,21.884143937613928
3,96,24.258369702872375
3,97,27.80244210403654
3,98,30.074913247010166
3,99,33.291855147463416
3,100,35.54235929485655
3,101,40.06155343420066
3,102,38.52464408321318
3,103,34.8003249072309
3,104,32.86256028026491
3,105,29.38230493820494
3,106,26.842753535908496
3,107,23.57184892051703
3,108,21.162252142131408
3,109,18.6802098784516
3,110,17.027908831623247
3,111,14.98341619904112
3,112,13.02091693269676
3,113,15.646442822638898
3,114,15.097184367829842
3,115,18.049077671117917
4,1,9.137974886789227
4,2,6.080549450379252
4,3,3.797232313582981
4,5,3.8091845882908
4,6,7.133327671093116
4,7,8.836341739998462
4,8,9.177144677558022
4,9,12.196972563035128
4,10,12.814134340831517
4,11,16.48751969896811
4,12,18.510993284400655
4,13,21.463176140223226
4,14,22.890653961241906
4,15,25.671968517739558
4,16,27.61447074986531
4,17,30.330712168251203
4,18,33.08445154263904
4,19,35.00528789233039
4,20,38.55051952606948
4,21,38.518235779015555
4,22,38.02745623879189
4,23,39.06569426426625
4,24,37.077980011514704
4,25,34.041581191365616
4,26,31.21987396387672
4,27,30.800020757733584
4,28,28.231590106126266
4,29,26.0950832412939
4,30,23.016199735895277
4,31,19.712614836048814
4,32,17.297049787774597
4,33,14.343601447651713
4,34,13.00557559737212
4,35,9.636849339370634
4,36,9.01833774642304
4,37,5.987737147141158
4,38,8.458739483418935
4,39,11.16233018170996
4,40,9.704342160535509
4,41,11.761492763936706
4,42,12.433768977677929
4,43,15.723344104842797
4,44,17.104825772966635
4,45,20.391812650912406
4,46,22.210364780560262
4,47,25.28811273488941
4,48,27.015529908551546
4,49,29.779402210152256
4,50,32.23710983280473
4,51,34.194006126271184
4,52,36.74176381379484
4,53,34.46694516363196
4,54,30.70701191407928
4,55,30.325781419577314
4,56,27.22778286207139
4,57,25.250005839882384
4,58,22.465407904533578
4,59,20.09757668439911
4,60,17.747467133420177
4,61,15.283714691335504
4,62,13.526595801439791
4,63,10.117712411147206
4,64,11.009008776296012
4,65,8.779156697739497
4,66,7.746993548332518
4,67,10.443837846605426
4,68,12.07763362345537
4,69,15.821653789693777
4,70,18.042711353060376
4,71,21.41272150295519
4,72,23.428048205119893
4,73,24.140870504741287
4,74,27.707641934440307
4,75,30.423940700320795
4,76,29.42898991253159
4,77,28.322623651309762
4,78,26.015168742205574
4,79,22.319694319421146
4,80,19.166307043423224
4,81,16.635277322306024
4,82,13.705253970811974
4,83,11.20119008460139
4,84,8.34940674067727
4,85,9.764902568075257
4,86,9.77124147207286
4,87,8.764533942309757
4,88,5.980890813063417
4,89,5.948525549214563
4,90,9.29035109807423
4,91,11.085213837038365
4,92,11.553930845524258
4,93,14.726118269791904
4,94,16.59208260177777
4,95,20.000226695996183
4,96,21.942852871298296
4,97,25.437342245910546
4,98,27.38999932036501
4,99,30.597601312529246
4,100,32.595430150796325
4,101,37.27380795799982
4,102,35.84089267259042
4,103,32.12852165866279
4,104,30.487339738734732
4,105,27.20132820528432
4,106,24.86382702121319
4,107,21.8175750967046
4,108,19.237690200712187
4,109,17.117995774520075
4,110,15.309766406108686
4,111,13.531665486087494
4,112,11.184455428949546
4,113,13.73610722281594
4,114,13.905723154260349
4,115,17.04985003550177
5,1,12.356912527629637
5,2,9.523397208968213
5,3,6.252525196977979
5,4,3.8091845882908
5,6,3.8332539075468905
5,7,6.716634785569375
5,8,8.363759062825167
5,9,12.014645141040337
5,10,13.69868317888046
5,11,17.47558995527082
5,12,20.079615408005782
5,13,23.34605929212557
5,14,24.990740848582565
5,15,28.06621972386979
5,16,29.90030548314051
5,17,32.79206156038835
5,18,35.43697306294967
5,19,37.53580349994463
5,20,41.16038722964984
5,21,40.9694160996852
5,22,40.613491134027754
5,23,41.440335905904575
5,24,39.315199614588415
5,25,36.447637184600566
5,26,33.65792271374583
5,27,32.88273877319823
5,28,30.18143393122147
5,29,27.719613155761124
5,30,24.359757007202603
5,31,21.016630786221956
5,32,18.08327443431954
5,33,14.984815576613542
5,34,12.73725854330798
5,35,9.496595817334208
5,36,7.789275264226095
5,37,5.39867837709417
5,38,6.48133482046753
5,39,9.905138583533976
5,40,9.84859614490281
5,41,11.798403891725245
5,42,12.948991085957363
5,43,15.926009132398262
5,44,17.82600495662274
5,45,21.216022960343505
5,46,23.526617996218103
5,47,26.497814222279157
5,48,28.649821851340242
5,49,31.318721407577872
5,50,33.87047619166539
5,51,35.47964597918283
5,52,38.1293506698149
5,53,36.02982428438751
5,54,32.22357310213356
5,55,31.530594529953383
5,56,28.178937506810474
5,57,26.234969392342176
5,58,23.149259072018786
5,59,21.017114327507567
5,60,18.438977581675342
5,61,16.493138252213843
5,62,14.707144480512897
5,63,11.823766635192293
5,64,13.197027081693678
5,65,11.56664730460329
5,66,11.232608880325635
5,67,13.553842656384685
5,68,14.473004599331507
5,69,18.00710506012129
5,70,19.680935132048734
5,71,22.87066592246839
5,72,24.564849992182204
5,73,24.691100275457003
5,74,28.23702313716651
5,75,31.23954156593615
5,76,30.697451821450066
5,77,29.93344328621826
5,78,28.000108807537778
5,79,24.454578275399186
5,80,21.324999436376036
5,81,19.261598137308585
5,82,16.58662065326047
5,83,14.545029320083
5,84,11.760725994321165
5,85,13.208130277077325
5,86,12.77570884304282
5,87,11.31914767231011
5,88,7.972081668070476
5,89,8.795215498517353
5,90,11.315282644747018
5,91,13.642491066872058
5,92,14.280185359401889
5,93,17.671202565936255
5,94,19.51375887585175
5,95,22.775884129213896
5,96,24.33834671111361
5,97,27.751715285255266
5,98,29.314777085989988
5,99,32.48697446087429
5,100,34.12148769005477
5,101,38.98134776364904
5,102,37.65223753467176
5,103,33.963840612200876
5,104,32.67078825385643
5,105,29.6115291341967
5,106,27.396145880178953
5,107,24.4986825948535
5,108,21.65840377294866
5,109,19.59927555107186
5,110,17.304738581930334
5,111,15.159091386094957
5,112,12.063600764758272
5,113,13.678707219053123
5,114,13.47040097293631
5,115,16.033041487006514
6,1,16.092146664150473
6,2,13.08080897139284
6,3,10.028630325551658
6,4,7.133327671093116
6,5,3.8332539075468905
6,7,3.816019283374491
6,8,6.837884738905255
6,9,10.584427351121432
6,10,13.181261846087121
6,11,16.879830143827913
6,12,19.97217968815018
6,13,23.397604026101334
6,14,25.09683514769554
6,15,28.439745328008687
6,16,30.040593318186964
6,17,33.0827908526571
6,18,35.54786937307949
6,19,37.85184069068308
6,20,41.54772580674463
6,21,41.16078324836934
6,22,41.01217253595376
6,23,41.602032983749204
6,24,39.35801756643763
6,25,36.69318145915425
6,26,33.994269387056846
6,27,32.82037380136797
6,28,30.085274609858878
6,29,27.26932609102102
6,30,23.71025594364747
6,31,20.3473268928212
6,32,16.999362827978324
6,33,13.838524391827406
6,34,10.850478008249834
6,35,8.10429386575436
6,36,5.790387188498351
6,37,5.392661393884216
6,38,5.5655429952508575
6,39,8.625579900607633
6,40,9.705559378159982
6,41,10.763320002981212
6,42,11.924397135047712
6,43,14.310758898123057
6,44,16.571271302400486
6,45,19.93940438343948
6,46,22.693389133937423
6,47,25.52866675504783
6,48,28.067852360074433
6,49,30.647368950995503
6,50,33.21217716382889
6,51,34.433912181939284
6,52,37.13551041439633
6,53,35.23027411737589
6,54,31.420003909522034
6,55,30.423463843495586
6,56,26.86969147086731
6,57,24.989016759289278
6,58,21.69218541211882
6,59,19.909271561431236
6,60,17.316445873948858
6,61,16.092996132456957
6,62,14.711884461759265
6,63,12.664518519551503
6,64,14.841007633516519
6,65,14.074338406274808
6,66,13.861294681658368
6,67,15.443694588380021
6,68,15.47037499754209
6,69,18.63369759480881
6,70,19.599425684264755
6,71,22.4199801520717
6,72,23.63893159725205
6,73,23.212116322172545
6,74,26.625867129053198
6,75,29.887208587349527
6,76,29.798069642791724
6,77,29.469436728006578
6,78,27.962406938889774
6,79,24.663099266655962
6,80,21.54956289283224
6,81,20.121250000246505
6,82,17.783753054775264
6,83,16.439092123117543
6,84,13.937051016503828
6,85,15.802933921213983
6,86,15.594229771669825
6,87,14.550040416516213
6,88,10.876545768654585
6,89,11.236709767886946
6,90,13.012044096243827
6,91,15.198304217742058
6,92,15.560459560738087
6,93,18.972133133160078
6,94,20.64078084802157
6,95,23.62555487041212
6,96,24.691564707408393
6,97,27.968574879019258
6,98,29.047360809357514
6,99,32.17677683504778
6,100,33.3962911726814
6,101,38.3711741572741
6,102,37.12513769874345
6,103,33.494856022589055
6,104,32.61275201265051
6,105,29.868449672405355
6,106,27.843907699000745
6,107,25.214631486410543
6,108,22.169584726928953
6,109,20.392732793235776
6,110,17.7977121702687
6,111,15.707277489396796
6,112,12.216204826772543
6,113,12.967038817787143
6,114,13.079223545755756
6,115,15.224807537399052
7,1,17.908022427623134
7,2,14.50579207617453
7,3,12.175083327852946
7,4,8.836341739998462
7,5,6.716634785569375
7,6,3.816019283374491
7,8,3.770839615758874
7,9,7.16937954228278
7,10,10.219413627481684
7,11,13.744173344071001
7,12,17.07836518084976
7,13,20.539321857921756
7,14,22.282053712127382
7,15,25.791998912575874
7,16,27.283882886134453
7,17,30.467373034014795
7,18,32.87465678124817
7,19,35.39400775251339
7,20,39.07432483284483
7,21,38.453623761628116
7,22,38.36485500281592
7,23,38.73519237973448
7,24,36.396982987936596
7,25,33.909463429940175
7,26,31.27610071548486
7,27,29.82301848706637
7,28,27.05632765080695
7,29,24.055253027778985
7,30,20.4093553629209
7,31,17.10316661937929
7,32,13.577220476333887
7,33,10.558527511259573
7,34,7.351819590033186
7,35,5.45301338577802
7,36,4.499202367931715
7,37,6.266211170304618
7,38,7.580471830739815
7,39,9.286333164118737
7,40,10.019439567598376
7,41,9.647076654195576
7,42,9.767183184427077
7,43,11.443789803962265
7,44,13.447972789082236
7,45,16.60660069143625
7,46,19.475257619596295
7,47,22.125702752523615
7,48,24.87660555085854
7,49,27.32356966686171
7,50,29.94696594763299
7,51,30.986121656147144
7,52,33.775732654125186
7,53,32.05823354093369
7,54,28.29671634113909
7,55,27.050793393795825
7,56,23.43890111667139
7,57,21.77976586777502
7,58,18.54989722363818
7,59,17.208509784450552
7,60,15.046528436566994
7,61,14.469871905403535
7,62,13.98621296699356
7,63,12.590394619767132
7,64,15.515458169179485
7,65,15.279374827638755
7,66,14.487214963261792
7,67,15.303144597921708
7,68,14.716301504749891
7,69,17.568396279803352
7,70,18.029856607931894
7,71,20.4283500227729
7,72,21.15302701030633
7,73,20.61029105691084
7,74,23.80810763148879
7,75,27.215956582075727
7,76,27.269346501539143
7,77,27.292772244889964
7,78,25.969392304431626
7,79,22.868503819271716
7,80,19.606527614516235
7,81,18.687683182039496
7,82,16.47779865534991
7,83,15.745392912072345
7,84,13.495591588826354
7,85,15.651593691674533
7,86,15.869947631895883
7,87,15.67506215460296
7,88,11.886399365028943
7,89,11.294967085635047
7,90,12.286174260804838
7,91,13.965710620561653
7,92,14.009665747869834
7,93,17.342716750376315
7,94,18.968677612084655
7,95,21.734437122762266
7,96,22.521525335386762
7,97,25.766999788945867
7,98,26.529707838188358
7,99,29.747753102159592
7,100,30.76776948327461
7,101,35.667847325722455
7,102,34.28841593797797
7,103,30.657971605224947
7,104,29.974740576423482
7,105,27.44216122900109
7,106,25.441535441035686
7,107,22.98179579743399
7,108,19.754524018089537
7,109,18.189076457342008
7,110,15.42451912204516
7,111,13.587373504057965
7,112,10.098917261874364
7,113,10.445543673334447
7,114,11.450497871652932
7,115,13.754752585393865
8,1,17.520047809762247
8,2,13.821278159660709
8,3,12.30655026069345
8,4,9.177144677558022
8,5,8.363759062825167
8,6,6.837884738905255
8,7,3.770839615758874
8,9,3.8049135026326004
8,10,6.631682341603245
8,11,10.154190781498684
8,12,13.465151185192752
8,13,17.026169153281856
8,14,19.040946451550713
8,15,22.600147087729997
8,16,24.352908814577173
8,17,27.6825740806573
8,18,30.29973998313861
8,19,32.9805643772941
8,20,36.54701455797082
8,21,35.72212194308425
8,22,35.40080046964062
8,23,35.63305305764478
8,24,33.215564089732155
8,25,30.80285994047997
8,26,28.107458016449314
8,27,26.62899680249824
8,28,23.693637975457303
8,29,20.816531443459038
8,30,17.152785957526245
8,31,14.021838839734876
8,32,10.643990032343709
8,33,8.151661481426922
8,34,5.90084892445213
8,35,5.070180656606483
8,36,6.6562675668349085
8,37,8.153718793899428
8,38,10.620396197343647
8,39,12.021529893798538
8,40,11.71719217906483
8,41,10.785416668521696
8,42,9.561734651199558
8,43,10.841252851371022
8,44,11.78805762055211
8,45,14.523701042432027
8,46,16.970544619355636
8,47,19.387820013760123
8,48,22.0918783271275
8,49,24.335873763427315
8,50,27.17635085724271
8,51,28.381113593868463
8,52,31.34397557516452
8,53,29.767668815346244
8,54,26.093038215563947
8,55,24.71091205893271
8,56,21.23252332800919
8,57,19.975903065727785
8,58,17.159901230740843
8,59,16.1740800320895
8,60,14.733513164651134
8,61,14.257013720276607
8,62,14.50532470732189
8,63,13.051292411200206
8,64,16.08912323034857
8,65,15.659811277938855
8,66,13.970614398244393
8,67,14.535077064623271
8,68,14.109546193413415
8,69,16.971187809335266
8,70,17.528426069621478
8,71,19.73418908178883
8,72,20.248270855838577
8,73,20.15199366047276
8,74,23.13620431987944
8,75,26.482131367032895
8,76,26.26216002796922
8,77,26.33886644775528
8,78,24.79722556033595
8,79,21.69472585895358
8,80,18.133257671124188
8,81,17.2094489159687
8,82,14.670989713977416
8,83,13.977579317374227
8,84,11.592622797544303
8,85,13.484994936216392
8,86,13.816356150448701
8,87,14.35951425725236
8,88,10.728320074222355
8,89,9.44269259190377
8,90,9.525958194528421
8,91,10.897506335528634
8,92,11.134755679461248
8,93,14.561292521628069
8,94,16.57647437693975
8,95,19.444742882893333
8,96,20.479794227520173
8,97,23.907151987023013
8,98,24.762901628720783
8,99,28.209283818653407
8,100,29.39978465334136
8,101,34.045554097284274
8,102,32.316999015210115
8,103,28.588882762900393
8,104,27.709090435227033
8,105,25.101602795191123
8,106,22.793238305197075
8,107,20.160625176935937
8,108,16.714998885193737
8,109,14.886203229787691
8,110,11.867780686519161
8,111,9.937451327599385
8,112,6.497860399610818
8,113,7.036747081256795
8,114,8.795081610568506
8,115,11.690250349231192
9,1,19.741211614237624
9,2,15.998509589773048
9,3,15.206772507970326
9,4,12.196972563035128
9,5,12.014645141040337
9,6,10.584427351121432
9,7,7.16937954228278
9,8,3.8049135026326004
9,10,3.785451631119833
9,11,6.717359929498382
9,12,10.294410986298608
9,13,13.86243508967157
9,14,15.998307938010557
9,15,19.703410229125275
9,16,21.417567006052362
9,17,24.902846707293453
9,18,27.515433322468173
9,19,30.428581974578034
9,20,33.907273837195
9,21,32.804408604411144
9,22,32.460500114828434
9,23,32.44385043986063
9,24,29.924102069077954
9,25,27.71613339994849
9,26,25.084077019258917
9,27,23.330979279461726
9,28,20.32344614230914
9,29,17.316156284427187
9,30,13.57136507111667
9,31,10.630983968667307
9,32,7.184997855731144
9,33,5.599154627680734
9,34,4.630522627449125
9,35,6.1488917872643825
9,36,9.10288531347975
9,37,11.111617762083604
9,38,13.839916597016147
9,39,14.533208683531326
9,40,13.84108511728888
9,41,12.004402762211921
9,42,9.618225873154689
9,43,9.752152933242213
9,44,9.601492910857678
9,45,11.632004725813486
9,46,13.875545900059633
9,47,15.931623262315608
9,48,18.802391972021542
9,49,20.81091382954942
9,50,23.78288341569767
9,51,24.888201309258108
9,52,27.987436615816407
9,53,26.646352255894193
9,54,23.090685980742972
9,55,21.429715833705824
9,56,18.00380191092267
9,57,17.197712835712608
9,58,14.771619169280854
9,59,14.464525757801587
9,60,13.906891496885391
9,61,14.08594454750589
9,62,15.301982486907841
9,63,14.450692902956842
9,64,17.754806551674
9,65,17.673855205390538
9,66,15.538070188916954
9,67,15.378525112107498
9,68,14.537164725900908
9,69,16.8877989954279
9,70,17.010865833982585
9,71,18.63858576426691
9,72,18.592949349902327
9,73,18.61698525075952
9,74,21.20294100910086
9,75,24.552173271422987
9,76,24.33270766103246
9,77,24.73356517538535
9,78,23.30385836998135
9,79,20.484653114997247
9,80,16.827509457574834
9,81,16.44489710814086
9,82,14.10200067399671
9,83,14.091122109803328
9,84,12.214695937929953
9,85,14.091544320115396
9,86,14.854678603766894
9,87,16.223551952467485
9,88,12.97588685274126
9,89,10.96691137666345
9,90,10.06771346126812
9,91,10.438881027866625
9,92,10.284917461186119
9,93,13.28474468425028
9,94,15.257042291932194
9,95,17.787017660551243
9,96,18.601064626812565
9,97,21.966024835902665
9,98,22.54324215857887
9,99,26.096362512961463
9,100,27.16349867865412
9,101,31.574757282662464
9,102,29.604562835902442
9,103,25.877965557740335
9,104,25.112147686787505
9,105,22.720723335621003
9,106,20.36084510456088
9,107,17.907027905463796
9,108,14.287012333518955
9,109,12.694881767729129
9,110,9.545702347546701
9,111,8.210625274647093
9,112,5.611517303883398
9,113,5.633918153847971
9,114,8.825972155527433
9,115,11.745291011119548
10,1,18.92625714438948
10,2,15.292583686821288
10,3,15.439914342510393
10,4,12.814134340831517
10,5,13.69868317888046
10,6,13.181261846087121
10,7,10.219413627481684
10,8,6.631682341603245
10,9,3.785451631119833
10,11,3.8192329660133435
10,12,6.861065104463062
10,13,10.398256589652549
10,14,12.611879230983602
10,15,16.23155715024333
10,16,18.2396849810167
10,17,21.74125694776131
10,18,24.5929463671215
10,19,27.49831063488428
10,20,30.868472053759902
10,21,29.751945652111292
10,22,29.174840051052538
10,23,29.240295008854474
10,24,26.760006098036975
10,25,24.430809601915232
10,26,21.700231110499562
10,27,20.188106498387523
10,28,17.135634722151543
10,29,14.444203818342961
10,30,10.887139476709512
10,31,8.013598990290252
10,32,5.486487127146793
10,33,5.040854807840651
10,34,6.587420280265791
10,35,7.8705689186785985
10,36,11.399052945444351
10,37,12.706430487214654
10,38,16.000805099006065
10,39,16.558633755019205
10,40,15.018661790070478
10,41,13.217431521419421
10,42,10.23433725061789
10,43,10.433931103761745
10,44,9.073365649226488
10,45,10.523749350152185
10,46,11.822001100518142
10,47,13.839870095304967
10,48,16.25954213421975
10,49,18.26502618464731
10,50,21.313547066863666
10,51,22.863857949348905
10,52,25.972085954530147
10,53,24.543598714690166
10,54,21.07227882995295
10,55,19.627042509667028
10,56,16.556256915772153
10,57,15.972815364697967
10,58,14.173453343975499
10,59,13.865625678639699
10,60,13.949986648119216
10,61,13.818503894679429
10,62,15.418380186940098
10,63,14.443124360550778
10,64,17.486087161796505
10,65,17.268484438633426
10,66,14.536274127321779
10,67,14.03756593377447
10,68,13.478571478210979
10,69,15.702935675465985
10,70,16.139205832144974
10,71,17.68617030018516
10,72,17.75115448144027
10,73,18.515351799955056
10,74,20.956069575246534
10,75,23.963108020214534
10,76,23.225709506232718
10,77,23.390985214475442
10,78,21.58543498830299
10,79,18.725174745339455
10,80,14.915546237319225
10,81,14.344187088766047
10,82,11.768796920122886
10,83,11.857642604023637
10,84,10.296830736969541
10,85,11.941580518135758
10,86,13.193474752169983
10,87,15.37065758213604
10,88,12.776397531107795
10,89,10.012061943537784
10,90,8.608854343181887
10,91,7.755240107985611
10,92,7.263290986507824
10,93,9.960845611296495
10,94,12.210694893329343
10,95,14.815996893699172
10,96,16.02891929203024
10,97,19.559581580370175
10,98,20.46945324246351
10,99,24.17957379427786
10,100,25.62203268753149
10,101,29.729951913790035
10,102,27.48012719880642
10,103,23.67190691879758
10,104,22.504701267278094
10,105,19.89132972445627
10,106,17.20507134487517
10,107,14.50701266246285
10,108,10.787908317957235
10,109,8.947506391028334
10,110,5.7927809094113325
10,111,5.241849412982575
10,112,4.463823168223059
10,113,6.044625265921923
10,114,9.622226252656544
10,115,13.009578494216433
11,1,21.876173545517346
11,2,18.350282101957045
11,3,18.883504524240415
11,4,16.48751969896811
11,5,17.47558995527082
11,6,16.879830143827913
11,7,13.744173344071001
11,8,10.154190781498684
11,9,6.717359929498382
11,10,3.8192329660133435
11,12,3.7641067770654804
11,13,7.377635459497784
11,14,10.082527970724534
11,15,13.815901314889391
11,16,15.94973259988566
11,17,19.646637162034157
11,18,22.56396585498777
11,19,25.750004817141804
11,20,28.908945475930732
11,21,27.398282267944452
11,22,26.658681417480764
11,23,26.356488381696774
11,24,23.717743636763693
11,25,21.702424770797627
11,26,19.031838117651898
11,27,17.18208252729842
11,28,13.901629336870073
11,29,11.19892919216491
11,30,7.58220359966414
11,31,5.617056651249118
11,32,4.385625373475951
11,33,6.564785218034742
11,34,9.117492038565635
11,35,11.258048187914792
11,36,14.91687442496492
11,37,16.443682468312375
11,38,19.716287541270265
11,39,20.02484414501412
11,40,18.420442681603593
11,41,16.24555511127886
11,42,12.858401221284623
11,43,12.167645585556398
11,44,9.751798313188118
11,45,9.74571001683071
11,46,10.144238400185065
11,47,11.25350353465365
11,48,13.721947915584895
11,49,15.17673761584055
11,50,18.510963699609608
11,51,20.018361303576345
11,52,23.341833069399424
11,53,22.30030249929433
11,54,19.1189849371448
11,55,17.30964049990184
11,56,14.549273757214479
11,57,14.804019469530179
11,58,13.841279419881083
11,59,14.400443945421536
11,60,15.445334762933683
11,61,15.85741031299438
11,62,18.065434090404743
11,63,17.500628444292396
11,64,20.525515746714895
11,65,20.4552281199243
11,66,17.509125256273407
11,67,16.615176558232932
11,68,15.895975875362055
11,69,17.553009227974893
11,70,17.638911407428182
11,71,18.523894488200398
11,72,18.00422954644839
11,73,18.94539173407406
11,74,20.789726053792307
11,75,23.64276028225667
11,76,22.86078888569676
11,77,23.352652586818525
11,78,21.66317724419977
11,79,19.23051951957691
11,80,15.530423776400747
11,81,15.497122052783132
11,82,13.272126484429785
11,83,13.882954804264175
11,84,12.837960799336663
11,85,14.039481322943267
11,86,15.363755727704673
11,87,17.98775577181128
11,88,15.81489372099536
11,89,13.00901460231448
11,90,10.901816383773722
11,91,9.363467923493815
11,92,8.836801609701
11,93,10.480609290115178
11,94,12.61872035256765
11,95,14.651040934257773
11,96,15.685594922176943
11,97,19.012989664083747
11,98,19.636477094065913
11,99,23.398217417108654
11,100,24.730725367589322
11,101,28.387299291781602
11,102,25.785641133971257
11,103,22.033784714474557
11,104,20.921247530049733
11,105,18.597283898407092
11,106,15.774777784450896
11,107,13.31572316706475
11,108,9.521660802784053
11,109,7.961388038663703
11,110,4.991947075117028
11,111,5.7382824272756165
11,112,6.836024131348634
11,113,7.386618792236877
11,114,11.115602241332196
11,115,14.040705763896929
12,1,22.531090022914963
12,2,19.300897583750444
12,3,20.52338158714314
12,4,18.510993284400655
12,5,20.079615408005782
12,6,19.97217968815018
12,7,17.07836518084976
12,8,13.465151185192752
12,9,10.294410986298608
12,10,6.861065104463062
12,11,3.7641067770654804
12,13,3.8045531015770235
12,14,7.00454718384656
12,15,10.519507190552021
12,16,13.114295404798291
12,17,16.80881426609947
12,18,19.995926483235213
12,19,23.18789517135181
12,20,26.123891407630108
12,21,24.516665581578494
12,22,23.45341995202571
12,23,23.16133776092349
12,24,20.54659133104081
12,25,18.472142124485917
12,26,15.704186152280418
12,27,14.112489650297812
12,28,10.7203431576023
12,29,8.663580777480274
12,30,5.783259239768887
12,31,5.125262258989259
12,32,6.460970597094509
12,33,9.121848751098913
12,34,12.312835216511756
12,35,14.147254360914316
12,36,17.896517848710754
12,37,19.01944129004676
12,38,22.52211789866986
12,39,22.73911894784477
12,40,20.665269796080576
12,41,18.589944336176764
12,42,15.060408869250741
12,43,14.434964259812674
12,44,11.428382010162656
12,45,10.65729743067328
12,46,9.643863933585973
12,47,10.237179836193482
12,48,11.839441843515573
12,49,13.025994497000253
12,50,16.422864164177117
12,51,18.4405270568392
12,52,21.719992079913567
12,53,20.687622860339324
12,54,17.790942460329088
12,55,16.248546232334373
12,56,14.179405242415003
12,57,14.83564730422316
12,58,14.738097800316176
12,59,15.36533136626771
12,60,16.953442363847515
12,61,17.15577068977816
12,62,19.56294727755441
12,63,18.98627601840254
12,64,21.655886719817886
12,65,21.509145608100482
12,66,18.258665807814005
12,67,17.090602726706866
12,68,16.630308069165725
12,69,17.95185003095011
12,70,18.243009741652333
12,71,18.893581790963587
12,72,18.417293317958826
12,73,19.987728587872713
12,74,21.536324494261066
12,75,23.92734658633948
12,76,22.667313553360284
12,77,22.960978465455486
12,78,20.986381737675845
12,79,18.72465192305317
12,80,15.165109879550632
12,81,15.07651417386798
12,82,12.962530006397284
12,83,13.740716882743982
12,84,13.253138854063861
12,85,13.998386850003358
12,86,15.645223671833607
12,87,18.80208056565993
12,88,17.321709100591466
12,89,14.24965190154987
12,90,11.97589083433317
12,91,9.490999745426999
12,92,8.716679495791865
12,93,9.133393070849985
12,94,11.245189998193055
12,95,12.947962128572998
12,96,14.32578853095358
12,97,17.582063882199886
12,98,18.480900616225192
12,99,22.27097390434078
12,100,23.93555055694396
12,101,27.088354888322343
12,102,24.171003844316886
12,103,20.444369190430788
12,104,18.904469596399466
12,105,16.471252369419172
12,106,13.297763802417691
12,107,10.72112693644727
12,108,7.082373466781807
12,109,5.5150757965457515
12,110,3.853925099934616
12,111,6.408759079156153
12,112,9.142352511933328
12,113,10.279874231076255
12,114,13.625164660172114
12,115,16.568041340927902
13,1,24.601126896456048
13,2,21.68701039557759
13,3,23.35229794844465
13,4,21.463176140223226
13,5,23.34605929212557
13,6,23.397604026101334
13,7,20.539321857921756
13,8,17.026169153281856
13,9,13.86243508967157
13,10,10.398256589652549
13,11,7.377635459497784
13,12,3.8045531015770235
13,14,3.7756180884437844
13,15,6.956626392035335
13,16,9.778464280951855
13,17,13.453591908634735
13,18,16.760934394869736
13,19,20.010358763500356
13,20,22.7232639697036
13,21,20.963755225672944
13,22,19.734028348650977
13,23,19.4070654074758
13,24,16.820607843726204
13,25,14.723445125081605
13,26,11.946504248467559
13,27,10.462121743345188
13,28,7.1067056086490545
13,29,5.786053583822088
13,30,4.5829373123839785
13,31,5.72840843850831
13,32,8.7458325171322
13,33,11.660500550075435
13,34,15.240814322173655
13,35,17.088587748176067
13,36,20.89461167706366
13,37,21.926962964839678
13,38,25.509300781441258
13,39,25.418548077780663
13,40,23.045309877287703
13,41,20.853657928832458
13,42,17.201437591162797
13,43,16.34679645040054
13,44,12.89848864377803
13,45,11.304027477802109
13,46,9.004025395288537
13,47,8.864207640482192
13,48,9.3638387609905
13,49,10.229836197670277
13,50,13.52568179161895
13,51,15.986923204103588
13,52,19.124003195437837
13,53,18.126589041046916
13,54,15.607445416070515
13,55,14.352861983890016
13,56,13.109854536560972
13,57,14.19971952949997
13,58,15.037126742458582
13,59,15.901358291213837
13,60,18.099555462845558
13,61,18.38538974268932
13,62,21.103806448401393
13,63,20.830727264351253
13,64,23.27765619306224
13,65,23.34049116047704
13,66,20.057270721451104
13,67,18.42930617639669
13,68,17.874307882822194
13,69,18.573474183929875
13,70,18.742502325012723
13,71,18.89527805008266
13,72,18.247990030968786
13,73,20.287681816864183
13,74,21.37955950123316
13,75,23.263167077782
13,76,21.643843765561012
13,77,21.89384310231576
13,78,19.854102687148995
13,79,18.030221663887115
13,80,14.871634435421779
13,81,15.125179089413006
13,82,13.602735410564021
13,83,14.898517276110192
13,84,15.206171654189713
13,85,15.869332519442764
13,86,17.900972083031142
13,87,21.3592103790756
13,88,20.3171851779231
13,89,17.046695151078286
13,90,14.96456820914721
13,91,11.943335367436816
13,92,10.643176871087
13,93,9.627140977847485
13,94,10.948731808595646
13,95,11.719385079995213
13,96,12.970432131618054
13,97,15.828637432342017
13,98,16.73245383563204
13,99,20.416908882916495
13,100,22.244868066879473
13,101,24.816826419585936
13,102,21.625231226384034
13,103,18.01905636020161
13,104,16.222763209992333
13,105,13.94286203047799
13,106,10.667454442072739
13,107,8.51260702130012
13,108,5.715436826235223
13,109,5.623739901425482
13,110,6.427043738983875
13,111,9.667272989002061
13,112,12.776071503609327
13,113,14.056798525717314
13,114,17.300327473515946
13,115,20.160015017491038
14,1,25.641171857009283
14,2,23.015209111284612
14,3,24.90635249525553
14,4,22.890653961241906
14,5,24.990740848582565
14,6,25.09683514769554
14,7,22.282053712127382
14,8,19.040946451550713
14,9,15.998307938010557
14,10,12.611879230983602
14,11,10.082527970724534
14,12,7.00454718384656
14,13,3.7756180884437844
14,15,3.82638424737931
14,16,6.1355588860982095
14,17,9.816484017656212
14,18,13.08729946721789
14,19,16.288260762931202
14,20,19.127611341867517
14,21,17.56771870149747
14,22,16.64004513803562
14,23,16.69827702178331
14,24,14.364807930103403
14,25,11.83125573295573
14,26,9.096972839264645
14,27,7.9393967942807295
14,28,5.629965782546774
14,29,4.704427866098088
14,30,5.363194144698788
14,31,6.363332005317689
14,32,9.998100273877947
14,33,12.581314171124511
14,34,16.40081176061904
14,35,18.127874420283327
14,36,21.90023011045897
14,37,22.88790576201678
14,38,26.46546625762116
14,39,25.908289890930863
14,40,23.263662267575047
14,41,20.930796609739012
14,42,17.268312636458493
14,43,16.27809644364525
14,44,12.650131625293023
14,45,10.680162985895496
14,46,7.501977601591784
14,47,7.534508254100247
14,48,6.668088041285612
14,49,8.260956151856425
14,50,10.870986634301552
14,51,13.82430256189224
14,52,16.519912892486545
14,53,15.072302547380565
14,54,12.583083835731573
14,55,12.040170387492653
14,56,11.396238600920759
14,57,12.265513182123758
14,58,13.724183290826494
14,59,14.493759483859018
14,60,17.106609944082784
14,61,17.44134510036352
14,62,20.42358870547631
14,63,20.604499137986725
14,64,22.894227625110126
14,65,23.396320584831397
14,66,20.336632550011387
14,67,18.110344199559176
14,68,17.195063565032534
14,69,17.15638268555593
14,70,17.086520921168972
14,71,16.77303857897728
14,72,16.088462896443044
14,73,18.582865215529342
14,74,19.413892405262064
14,75,20.79294259585143
14,76,18.802035801391185
14,77,18.8931440268222
14,78,16.810356939874428
14,79,15.379473524323817
14,80,12.699627914782386
14,81,13.452605461040442
14,82,12.800905282277437
14,83,14.851738784329092
14,84,16.075210258824296
14,85,17.192421162804415
14,86,19.78549631077919
14,87,23.336402699133572
14,88,22.419202944068786
14,89,18.865151491409513
14,90,17.390286665684467
14,91,14.014186112248387
14,92,11.830022054484386
14,93,9.734001521363563
14,94,9.70571284468836
14,95,9.282650645602448
14,96,10.028384499475084
14,97,12.471525881631045
14,98,13.390178637904805
14,99,16.97948809587873
14,100,19.006300488958424
14,101,21.345616119921104
14,102,18.134249388395194
14,103,14.535446030184888
14,104,12.506989935849814
14,105,10.238571343572584
14,106,7.066843917290633
14,107,5.719093620829522
14,108,4.3659574151300165
14,109,6.644384952758386
14,110,8.887509739758348
14,111,12.56999147379862
14,112,15.520977628746957
14,113,17.149513719993138
14,114,20.541534507922297
14,115,23.57090215206728
15,1,27.40485569493179
15,2,25.153974406075058
15,3,27.432424417829772
15,4,25.671968517739558
15,5,28.06621972386979
15,6,28.439745328008687
15,7,25.791998912575874
15,8,22.600147087729997
15,9,19.703410229125275
15,10,16.23155715024333
15,11,13.815901314889391
15,12,10.519507190552021
15,13,6.956626392035335
15,14,3.82638424737931
15,16,3.7763361689060164
15,17,6.8483396155494685
15,18,10.480034881718993
15,19,13.479996088380014
15,20,15.958478742441251
15,21,14.419245931727145
15,22,13.125627495713164
15,23,13.50220185387901
15,24,11.469671661562568
15,25,8.509952801167648
15,26,5.616266587855122
15,27,5.793452621642624
15,28,5.035764542409882
15,29,6.4527117882104355
15,30,8.701938559798174
15,31,10.097412709026655
15,32,13.756491254174941
15,33,16.14644626165068
15,34,19.982167636043375
15,35,21.478743339076125
15,36,25.176155998718862
15,37,25.90524457882636
15,38,29.52988751289622
15,39,28.875244459839287
15,40,25.980681684342777
15,41,23.797609852662205
15,42,20.257386084732993
15,43,19.4013245002811
15,44,15.816473672731776
15,45,13.75252111607099
15,46,10.210532246748299
15,47,9.857135241847148
15,48,7.47628222811155
15,49,8.522748264100173
15,50,10.187758516203465
15,51,13.731576032445846
15,52,15.856315167663018
15,53,14.302747949738892
15,54,12.51390847843068
15,55,12.766023952582445
15,56,13.192821660518973
15,57,14.146860145872663
15,58,16.186650060059126
15,59,16.825136897294538
15,60,19.58862733848503
15,61,19.722703632730877
15,62,22.658721663024938
15,63,22.888097455243244
15,64,24.774415971325976
15,65,25.291038504076003
15,66,22.244539265375806
15,67,19.849882793026367
15,68,19.12331961566307
15,69,18.666255164536544
15,70,18.734579900236096
15,71,18.16767945968416
15,72,17.628434077478847
15,73,20.538436601209
