1,2,3.7979225618544996
1,3,5.603254621322612
1,4,8.26347430404298
1,5,8.369636600752415
1,6,12.146454042531808
1,7,13.896098793735506
1,8,17.128756052931294
1,9,18.616888940985945
1,10,21.130173858077555
1,11,24.76717972436924
1,12,27.139392132463428
1,13,24.95202136923087
1,14,27.530311475335452
1,15,27.51993098876586
1,16,29.28787789247909
1,17,26.418581704814255
1,18,23.755700755201975
1,19,22.921185496956227
1,20,20.365467068927817
1,21,18.58765265975086
1,22,15.46813882413297
1,23,15.784182740308408
1,24,13.005498567969246
1,25,14.665735726317282
1,26,13.827760147553807
1,27,12.284897276171364
1,28,10.166568573903074
1,29,7.017358274140213
1,30,9.796798153830487
1,31,13.56968677566247
1,32,14.71754465278504
1,33,15.106534853990734
1,34,13.572243576071212
1,35,15.592770422347451
1,36,14.758060082849562
1,37,17.851473692236823
1,38,18.078473589165366
1,39,21.479495978106947
1,40,24.199379491468285
1,41,23.73202134482002
1,42,20.00114364176958
1,43,18.9658680918571
1,44,16.157575186974434
1,45,17.39750660120312
1,46,15.959661557638498
1,47,18.712589882492054
1,48,20.08359500441875
1,49,20.11527249736844
1,50,23.252430945768157
1,51,25.11917219304419
1,52,28.139712552246195
1,53,27.802951111669298
1,54,24.253981520897412
1,55,25.661053722882382
1,56,28.678571551873382
1,57,26.74313566149336
1,58,24.764164381740883
1,59,28.10093822944246
1,60,29.910569850095705
1,61,27.487274983027362
1,62,28.216009667953262
1,63,31.962197611774666
2,1,3.7979225618544996
2,3,3.7948004753114226
2,4,7.190113341328248
2,5,9.00246105356822
2,6,12.364053736661033
2,7,13.735695744741227
2,8,17.115908248173668
2,9,18.80425363852014
2,10,21.805504978801963
2,11,25.362989310739277
2,12,28.072284359212865
2,13,26.128054807991553
2,14,28.797499335971533
2,15,28.803394920910716
2,16,30.96809794388651
2,17,28.334032997767025
2,18,25.549926192187183
2,19,25.013473507787268
2,20,22.13067025104599
2,21,19.815603128324643
2,22,16.447910339497035
2,23,15.857831505771252
2,24,12.548224975441844
2,25,13.236474388482971
2,26,11.527496583974374
2,27,9.474982833908768
2,28,6.788452351829264
2,29,4.134379237911958
2,30,7.184701619220994
2,31,10.644143239477957
2,32,12.555125852492251
2,33,13.661578544803902
2,34,13.032980245279907
2,35,15.807278830793125
2,36,15.870179640473275
2,37,19.34689491513964
2,38,20.233768456941466
2,39,23.70942309874998
2,40,26.69691369547401
2,41,26.51240733404232
2,42,22.88393847671589
2,43,21.540439266788034
2,44,18.368977565447913
2,45,18.94206584075487
2,46,16.81655716083883
2,47,19.05875952890388
2,48,19.712773334901218
2,49,19.448274066727908
2,50,22.20038129956426
2,51,24.54292852548794
2,52,27.636385387976773
2,53,27.818438789397895
2,54,24.346830827276488
2,55,25.437051684398792
2,56,28.762781346387953
2,57,27.298278601653067
2,58,25.20156255245494
2,59,28.316018329087505
2,60,30.530101525421326
2,61,28.421325472186414
2,62,28.86300248494314
2,63,32.68299900562819
3,1,5.603254621322612
3,2,3.7948004753114226
3,4,3.8111146585097524
3,5,6.202964879584936
3,6,9.0967919104558
3,7,10.050865431571255
3,8,13.518767834813177
3,9,15.497177157241094
3,10,18.65421116188866
3,11,22.248802997646116
3,12,25.18261090467325
3,13,23.588055948685042
3,14,26.526050536568896
3,15,26.931046298429507
3,16,29.227718341647527
3,17,26.55492859207636
3,18,24.030500604640007
3,19,24.036846918684404
3,20,21.299962794293823
3,21,18.715423281115665
3,22,15.69257425353853
3,23,14.921159903075099
3,24,11.949887931547352
3,25,12.739230631161938
3,26,10.877423089853973
3,27,9.896636169222273
3,28,8.01275237563095
3,29,4.812843138809562
3,30,5.547007769962108
3,31,9.112944981470898
3,32,10.358316083577913
3,33,11.847800168686502
3,34,10.896609596173596
3,35,13.864591770459306
3,36,14.054787518008839
3,37,17.667709128796023
3,38,18.946961551654844
3,39,22.18949064690052
3,40,25.472761722923124
3,41,25.201479699158543
3,42,21.784175903281167
3,43,19.872943214400255
3,44,16.55205753632159
3,45,16.555131713440943
3,46,14.11982674681628
3,47,16.355732118543262
3,48,16.824130639154944
3,49,17.071923786281978
3,50,19.644220198517868
3,51,21.824915353850958
3,52,25.15809677597206
3,53,25.332194100800532
3,54,22.070759494332044
3,55,23.498440731661926
3,56,26.824609696228805
3,57,25.463801461469604
3,58,23.78188894808396
3,59,27.016799825751747
3,60,29.149429233289624
3,61,27.36161813797776
3,62,28.148926247147404
3,63,31.88595389705876
4,1,8.26347430404298
4,2,7.190113341328248
4,3,3.8111146585097524
4,5,3.8207987667037706
4,6,5.689392876960708
4,7,7.092329049473755
4,8,10.14818800458201
4,9,11.84578713423712
4,10,15.135465261340267
4,11,18.626455976314134
4,12,21.64971894944593
4,13,20.201675420734098
4,14,23.206414987441363
4,15,23.77079189950576
4,16,26.26033181060904
4,17,23.73149862743488
4,18,21.306599431799736
4,19,21.77552668589494
4,20,19.068334176229182
4,21,16.187931757505787
4,22,13.511423353139788
4,23,12.50130090289703
4,24,10.056606740865204
4,25,11.062160592312893
4,26,9.61491139282943
4,27,10.03622130339968
4,28,9.54861928049309
4,29,6.323758535943528
4,30,4.795748027995063
4,31,7.983343326444013
4,32,7.815013847823983
4,33,9.041124108098039
4,34,7.643059068526731
4,35,10.67095635993637
4,36,11.194733455494049
4,37,14.89255185155882
4,38,16.70008446187574
4,39,19.770656377908736
4,40,23.289588939789805
4,41,23.24946518794474
4,42,20.112957658855816
4,43,17.83117113626646
4,44,14.27390032774421
4,45,13.604699757476812
4,46,10.760184182337849
4,47,12.720450165828542
4,48,13.044073810282056
4,49,13.531568609794798
4,50,16.08809651176192
4,51,18.101824011237504
4,52,21.508840805007306
4,53,21.659908081276704
4,54,18.513744913857064
4,55,20.116811007436507
4,56,23.41578393644019
4,57,22.16465151664701
4,58,20.757031892330325
4,59,24.024718996115944
4,60,26.108355936996723
4,61,24.609807567665346
4,62,25.61130309792803
4,63,29.24788766312942
5,1,8.369636600752415
5,2,9.00246105356822
5,3,6.202964879584936
5,4,3.8207987667037706
5,6,3.8087753865663783
5,7,6.3548978941572445
5,8,8.960696148203281
5,9,10.258931449213424
5,10,12.92681233201809
5,11,16.591870066348413
5,12,19.275489720284394
5,13,17.581273829251117
5,14,20.604697723866447
5,15,21.284481105296646
5,16,23.423819175335623
5,17,20.61430868262147
5,18,18.378825575501264
5,19,18.806346630778325
5,20,16.480884014486534
5,21,14.027628643374387
5,22,11.832346711962172
5,23,11.852541467065077
5,24,10.295779298769054
5,25,12.444074256529541
5,26,12.08264806505438
5,27,12.877692589801985
5,28,12.623369387861338
5,29,8.97864886202645
5,30,8.195411185812988
5,31,11.38931077030706
5,32,10.365890773859006
5,33,10.42335656020916
5,34,7.642956619234034
5,35,9.415914137834086
5,36,8.699255732141149
5,37,12.097344541281416
5,38,13.455390852039242
5,39,16.394551415800805
5,40,19.855686406232167
5,41,19.56942205775384
5,42,16.428751988978817
5,43,14.093467344895554
5,44,10.645483461913734
5,45,10.381815741956986
5,46,8.174332531871142
5,47,10.991418431008846
5,48,12.381831692795998
5,49,13.416008518890306
5,50,16.433981355407028
5,51,17.711077152865403
5,52,21.032472331784422
5,53,20.505213119418816
5,54,17.30910988978988
5,55,19.41359360781657
5,56,22.315608910392058
5,57,20.5223589265845
5,58,19.396321390934613
5,59,22.96131216585967
5,60,24.551723534007944
5,61,22.816847157206986
5,62,24.26147931137774
5,63,27.78211239064092
6,1,12.146454042531808
6,2,12.364053736661033
6,3,9.0967919104558
6,4,5.689392876960708
6,5,3.8087753865663783
6,7,3.7552189373208433
6,8,5.3082018665059
6,9,6.567423904875898
6,10,9.559789952932901
6,11,13.200259024085543
6,12,16.202068480073496
6,13,15.008226663694858
6,14,18.30351934001302
6,15,19.44750515338779
6,16,21.81632768989536
6,17,19.166113393309445
6,18,17.295287627023523
6,19,18.48933295759886
6,20,16.40259443388759
6,21,13.682025684242884
6,22,12.239665322406895
6,23,11.918601265758323
6,24,11.181976106351913
6,25,13.09353987128279
6,26,12.857181675116003
6,27,14.528814950342623
6,28,14.902788856903262
6,29,11.640786820766378
6,30,9.659037558095843
6,31,11.8779890218731
6,32,9.828088547541375
6,33,9.851528140517884
6,34,6.880893792342166
6,35,8.288029729417543
6,36,8.03678289883462
6,37,11.20826477883523
6,38,13.263569987457934
6,39,15.663602551659835
6,40,19.388781115589158
6,41,19.22866250101825
6,42,16.624543451407728
6,43,13.690500259585027
6,44,10.211152211884066
6,45,8.643318018180484
6,46,5.722495776393088
6,47,8.19523184494794
6,48,9.298047004987957
6,49,11.1503297628939
6,50,13.815694246426572
6,51,14.71059620507929
6,52,18.23198157947689
6,53,17.69395668709381
6,54,14.869519564286056
6,55,17.342725548990042
6,56,20.147627864265253
6,57,18.59453166701736
6,58,18.046406802298122
6,59,21.576726694396836
6,60,23.060856631503025
6,61,21.837270478462433
6,62,23.585034098358225
6,63,26.893588000832736
7,1,13.896098793735506
7,2,13.735695744741227
7,3,10.050865431571255
7,4,7.092329049473755
7,5,6.3548978941572445
7,6,3.7552189373208433
7,8,3.8407594681114112
7,9,7.063464089814049
7,10,10.163615443752105
7,11,13.751487084930613
7,12,17.128303797599717
7,13,16.720663560206482
7,14,20.30471549349387
7,15,21.96463453393695
7,16,24.293513430589176
7,17,21.59308329845077
7,18,20.179873052121845
7,19,21.69129797273142
7,20,19.876910545964325
7,21,17.21095050723055
7,22,15.95419853827667
7,23,15.414364419840751
7,24,14.50552883372733
7,25,15.880068088758218
7,26,14.949124371166679
7,27,16.418030450283613
7,28,16.366146106049193
7,29,13.398571829723073
7,30,11.091617029088342
7,31,12.852900858307574
7,32,11.13840720864671
7,33,12.192595072095475
7,34,9.929154394610194
7,35,11.628935808871802
7,36,11.575780056860312
7,37,14.441275592570499
7,38,16.420403822301072
7,39,18.390265345321023
7,40,22.10328769996861
7,41,21.555489193867377
7,42,19.176800568514757
7,43,15.905983524667974
7,44,12.854061872691627
7,45,11.027232367029075
7,46,8.368946989160737
7,47,10.442701058496791
7,48,10.803043788287967
7,49,13.25495243984832
7,50,15.152247775837523
7,51,15.971627623942599
7,52,19.735028963238722
7,53,19.3959068443924
7,54,17.08804852009308
7,55,19.720343587267696
7,56,22.484196391472086
7,57,21.214204068605127
7,58,21.060900585117672
7,59,24.48171610451886
7,60,25.93025925104414
7,61,25.022744714219993
7,62,26.888771042188647
7,63,30.07983681526054
8,1,17.128756052931294
8,2,17.115908248173668
8,3,13.518767834813177
8,4,10.14818800458201
8,5,8.960696148203281
8,6,5.3082018665059
8,7,3.8407594681114112
8,9,3.7848611534211023
8,10,6.779220073438794
8,11,10.127169111482027
8,12,13.669609510597644
8,13,13.758519027464526
8,14,17.434800622580866
8,15,19.47031085671508
8,16,21.881742274249312
8,17,19.415104220160757
8,18,18.39902942760681
8,19,20.502101195225134
8,20,19.01551473142034
8,21,16.370111588958306
8,22,15.898403382240016
8,23,15.38735302672292
8,24,15.359890793737032
8,25,16.822009639736635
8,26,16.44564694089606
8,27,18.58759765164759
8,28,19.166397957210126
8,29,16.299984068001315
8,30,13.640857951424033
8,31,14.833807574363345
8,32,12.270645873640168
8,33,12.679223120489613
8,34,10.27343228618269
8,35,11.028509183263473
8,36,11.094117004701612
8,37,13.29997269978438
8,38,15.648675822609817
8,39,17.022738389193197
8,40,20.78432534799399
8,41,20.44967584240666
8,42,18.650103454231004
8,43,15.11200411958379
8,44,12.282270260800486
8,45,9.537100128186834
8,46,6.94738154931522
8,47,8.194325238020323
8,48,8.429246886955823
8,49,11.672033176419466
8,50,13.193325129143236
8,51,13.250785207750356
8,52,16.98325379712325
8,53,16.409466951673668
8,54,14.588663827339365
8,55,17.571571945500835
8,56,19.99260648486779
8,57,18.845490143351018
8,58,19.29212757061324
8,59,22.613656039464175
8,60,23.789628462846586
8,61,23.299852707804764
8,62,25.464002820670064
8,63,28.360006273276536
9,1,18.616888940985945
9,2,18.80425363852014
9,3,15.497177157241094
9,4,11.84578713423712
9,5,10.258931449213424
9,6,6.567423904875898
9,7,7.063464089814049
9,8,3.7848611534211023
9,10,3.808666975095404
9,11,6.970060593095168
9,12,10.44348085876835
9,13,10.320627715495386
9,14,13.886178451693624
9,15,15.86958174680359
9,16,18.47011913733459
9,17,16.315041702637302
9,18,15.300640416272419
9,19,17.746273658166118
9,20,16.35877850380156
9,21,13.701028297278045
9,22,13.8852844784541
9,23,13.479370781407388
9,24,14.336014629816427
9,25,16.03913728853604
9,26,16.46003408567561
9,27,19.125964171894186
9,28,20.34055104154308
9,29,17.49716716274843
9,30,14.822600965452958
9,31,15.804001037346996
9,32,12.609751671769603
9,33,11.958905579626991
9,34,9.315417306577336
9,35,8.894577961403698
9,36,9.093148574263282
9,37,10.675167946816673
9,38,13.462346558640846
9,39,14.55043383413452
9,40,18.33214631526109
9,41,18.52958792120043
9,42,17.110196308265177
9,43,13.68061985737526
9,44,10.853638814295955
9,45,7.418285740346627
9,46,4.812192669139224
9,47,4.828211255981483
9,48,5.540251408445258
9,49,9.156801346068347
9,50,10.853843423281473
9,51,10.207034748754303
9,52,13.73358449815311
9,53,12.781947047419573
9,54,11.00121029858116
9,55,14.225977760251535
9,56,16.3810168213248
9,57,15.172073142301324
9,58,15.908835757715439
9,59,19.18945774909065
9,60,20.17671439159009
9,61,19.879494055093296
9,62,22.19812372003516
9,63,24.910582204649177
10,1,21.130173858077555
10,2,21.805504978801963
10,3,18.65421116188866
10,4,15.135465261340267
10,5,12.92681233201809
10,6,9.559789952932901
10,7,10.163615443752105
10,8,6.779220073438794
10,9,3.808666975095404
10,11,3.852664301523106
10,12,6.966201368872856
10,13,7.226797078862856
10,14,10.98749298979767
10,15,13.57641044889049
10,16,15.779245530473313
10,17,13.585655968155802
10,18,13.33941119923707
10,19,16.24787821813766
10,20,15.648747391042924
10,21,13.658836538196114
10,22,14.815178085317857
10,23,15.11647681125052
10,24,16.684162444135822
10,25,18.784046252415827
10,26,19.701519489013396
10,27,22.44325978478679
10,28,23.731534495176742
10,29,20.72019989061153
10,30,18.314526582591835
10,31,19.44865993747757
10,32,16.160821454498176
10,33,15.01798884614174
10,34,12.122330882097469
10,35,10.604066319539543
10,36,9.944329636359058
10,37,10.135827085760772
10,38,12.508634669964191
10,39,12.605658674454782
10,40,16.15822000517944
10,41,16.27228446946795
10,42,15.565087133701173
10,43,12.05042254427532
10,44,10.081022425143052
10,45,6.43614737539129
10,46,5.842293304494807
10,47,5.667295943812791
10,48,7.459255902283765
10,49,11.067350761980194
10,50,12.652694787529645
10,51,10.843786823699784
10,52,13.75186794714817
10,53,11.84628554247552
10,54,10.67363429236932
10,55,14.390422610970647
10,56,15.682770112772381
10,57,14.058795039942321
10,58,15.569963987672498
10,59,18.836884408792972
10,60,19.095082687881682
10,61,18.921075801240043
10,62,21.751761378198974
10,63,24.0531054111957
11,1,24.76717972436924
11,2,25.362989310739277
11,3,22.248802997646116
11,4,18.626455976314134
11,5,16.591870066348413
11,6,13.200259024085543
11,7,13.751487084930613
11,8,10.127169111482027
11,9,6.970060593095168
11,10,3.852664301523106
11,12,3.8412465768828215
11,13,5.744422429060098
11,14,9.056010516389794
11,15,12.12973128632667
11,16,14.382647034958904
11,17,12.933422777087978
11,18,13.328503398370403
11,19,16.77639970376656
11,20,16.600691899269215
11,21,14.850719448484059
11,22,16.68085714745867
11,23,16.881302126503694
11,24,18.9888877454575
11,25,20.896153359578626
11,26,22.100511165460976
11,27,25.153396899972478
11,28,26.79946085327271
11,29,23.979853709354828
11,30,21.397631895940822
11,31,22.115149833697927
11,32,18.56952982686052
11,33,17.150599394074284
11,34,14.649970928148406
11,35,12.673199237658704
11,36,12.393447523352856
11,37,11.75011094764982
11,38,14.194447360355692
11,39,13.527138615939048
11,40,16.685076990537905
11,41,17.222183166978514
11,42,17.286022951570157
11,43,14.05246653387588
11,44,12.669664966153901
11,45,9.09283266231337
11,46,9.01544208052777
11,47,7.486345275979562
11,48,8.546641094248498
11,49,11.895861823380036
11,50,12.700581298481142
11,51,9.87955573283523
11,52,12.044110109439824
11,53,9.695669737343135
11,54,9.751552209027512
11,55,13.509722731785413
11,56,14.016271701214043
11,57,12.745498489536287
11,58,15.094279782239967
11,59,17.885226489215295
11,60,17.722388264399026
11,61,18.21928186494034
11,62,21.23916465448457
11,63,23.019900670933158
12,1,27.139392132463428
12,2,28.072284359212865
12,3,25.18261090467325
12,4,21.64971894944593
12,5,19.275489720284394
12,6,16.202068480073496
12,7,17.128303797599717
12,8,13.669609510597644
12,9,10.44348085876835
12,10,6.966201368872856
12,11,3.8412465768828215
12,13,3.831155459690968
12,14,6.199882055896754
12,15,9.806138323013295
12,16,11.477059500523909
12,17,10.434024930092658
12,18,11.708459663754025
12,19,15.426267275019919
12,20,16.022977492078073
12,21,15.040124615465476
12,22,17.60312527927909
12,23,18.337325773767336
12,24,20.94943547434952
12,25,23.132902371438966
12,26,24.795556124355905
12,27,27.888051695792825
12,28,29.661664471261908
12,29,26.75197741384398
12,30,24.425281539377064
12,31,25.286211758035375
12,32,21.693121277010604
12,33,19.82555683502459
12,34,17.19854547887225
12,35,14.576862595425592
12,36,13.825866544542277
12,37,12.108217337635997
12,38,13.983587712899109
12,39,12.383955685816133
12,40,14.912055086935828
12,41,15.691754297359022
12,42,16.56052156724068
12,43,13.786362015223977
12,44,13.270197445547232
12,45,10.233014111295512
12,46,11.285214203022333
12,47,9.830179195251606
12,48,11.436480663759273
12,49,14.197390518886047
12,50,15.102126147912262
12,51,11.817982947146435
12,52,12.934456730390414
12,53,9.73571869232731
12,54,10.371356867036654
12,55,14.028803316784634
12,56,13.505502507525602
12,57,11.811257111865451
12,58,14.776799675062746
12,59,17.320412344635823
12,60,16.339207375759102
12,61,16.95306906197573
12,62,20.338608783853577
12,63,21.59613242278449
13,1,24.95202136923087
13,2,26.128054807991553
13,3,23.588055948685042
13,4,20.201675420734098
13,5,17.581273829251117
13,6,15.008226663694858
13,7,16.720663560206482
13,8,13.758519027464526
13,9,10.320627715495386
13,10,7.226797078862856
13,11,5.744422429060098
13,12,3.831155459690968
13,14,3.8111874722425387
13,15,6.885490139353942
13,16,8.750048673478426
13,17,7.271636218125827
13,18,7.958745061659535
13,19,11.642565549516968
13,20,12.219786830492744
13,21,11.506347367420288
13,22,14.34421498877608
13,23,15.556940323507495
13,24,18.41122688080565
13,25,20.947899777403578
13,26,23.00562376058165
13,27,25.987517664168887
13,28,27.81344042069568
13,29,24.819924460162277
13,30,22.874997887608583
13,31,24.044386096171515
13,32,20.540229247898242
13,33,18.204600049276085
13,34,15.317575996091815
13,35,12.195681896039968
13,36,10.985979652326959
13,37,8.66362704397908
13,38,10.413532026737359
13,39,8.88129964660137
13,40,11.57085953301241
13,41,12.841869785451358
13,42,13.490225213576723
13,43,11.11049783578155
13,44,10.49392329691482
13,45,7.855440479748011
13,46,9.479150636437387
13,47,8.288101575805817
13,48,10.832453071530358
13,49,12.984726041650209
13,50,14.728805824432303
13,51,11.85513840005933
13,52,12.87589794138705
13,53,9.423777565473486
13,54,8.873194931993474
13,55,12.499302700157884
13,56,12.075392100631955
13,57,9.495048642595581
13,58,12.046573826378854
13,59,14.985183919204383
13,60,13.934891767267912
13,61,13.875750288391819
13,62,17.35391367732319
13,63,18.86868412956059
14,1,27.530311475335452
14,2,28.797499335971533
14,3,26.526050536568896
14,4,23.206414987441363
14,5,20.604697723866447
14,6,18.30351934001302
14,7,20.30471549349387
14,8,17.434800622580866
14,9,13.886178451693624
14,10,10.98749298979767
14,11,9.056010516389794
14,12,6.199882055896754
14,13,3.8111874722425387
14,15,3.8243674477924587
14,16,5.471661316133897
14,17,5.5686104856379695
14,18,6.8651807484156055
14,19,10.657063293389413
14,20,11.846073826593814
14,21,11.878441255611198
14,22,15.299381754405013
14,23,16.715096002683865
14,24,20.01049337350657
14,25,22.54510712107575
14,26,25.034670822272506
14,27,28.101985555522802
14,28,30.191979880840826
14,29,27.32018693713385
14,30,25.530515044124723
14,31,26.598221526470418
14,32,23.052725719247466
14,33,20.317217943853937
14,34,17.664478186649287
14,35,14.182106458781844
14,36,13.083300709080127
14,37,10.089521674937652
14,38,11.382698053052025
14,39,9.270609717255242
14,40,10.930952102338479
14,41,13.029401011733047
14,42,14.349118820973622
14,43,12.87179604087217
14,44,12.777538900248183
14,45,10.827756092626482
14,46,12.624956577472776
14,47,11.113045037682028
14,48,13.428695338025555
14,49,14.806222253348695
14,50,16.40151105885918
14,51,13.329908899224185
14,52,13.261996662999666
14,53,9.454018038539028
14,54,9.452001446624598
14,55,12.390157266433778
14,56,10.875367512701231
14,57,8.014364252305311
14,58,11.077560219915306
14,59,13.430879867535843
14,60,11.520550008672885
14,61,11.71307392220266
14,62,15.424331550539774
14,63,16.295858802920744
15,1,27.51993098876586
15,2,28.803394920910716
15,3,26.931046298429507
15,4,23.77079189950576
15,5,21.284481105296646
15,6,19.44750515338779
15,7,21.96463453393695
15,8,19.47031085671508
15,9,15.86958174680359
15,10,13.57641044889049
15,11,12.12973128632667
15,12,9.806138323013295
15,13,6.885490139353942
15,14,3.8243674477924587
15,16,3.84823086448596
15,17,5.477742689362141
15,18,5.306533821746202
15,19,8.574786097847696
15,20,9.63071726291667
15,21,10.113981706708502
15,22,13.818589719312692
15,23,15.394512078376733
15,24,18.988851755230467
15,25,21.537983890619437
15,26,24.459845292291167
15,27,27.49035798075735
15,28,29.81205428006115
15,29,27.115008686453297
15,30,25.60463758807745
15,31,26.651605878454955
15,32,23.20812102215584
15,33,20.044218804389576
15,34,17.623457580331156
15,35,13.891274761507736
15,36,12.9607539835763
15,37,9.693735654906835
15,38,10.840198681147442
15,39,9.164368225569167
15,40,10.28523095724663
15,41,13.317224770185888
15,42,14.431933612106329
15,43,13.79626109238572
15,44,13.515498525851338
15,45,12.15977887759205
15,46,13.793403987765556
15,47,12.159875003340284
15,48,14.45959531045445
15,49,14.863430542104084
15,50,16.733378361187068
15,51,14.080249070762283
15,52,13.425826977598547
15,53,9.85432955070276
15,54,9.258471888437754
15,55,11.257617325214087
15,56,9.38785666084499
15,57,5.934814123491739
15,58,8.55165096745688
15,59,10.64563760748732
15,60,8.308447412712054
15,61,8.080488758318834
15,62,11.888139798751723
15,63,12.652774965679432
16,1,29.28787789247909
16,2,30.96809794388651
16,3,29.227718341647527
16,4,26.26033181060904
16,5,23.423819175335623
16,6,21.81632768989536
16,7,24.293513430589176
16,8,21.881742274249312
16,9,18.47011913733459
16,10,15.779245530473313
16,11,14.382647034958904
16,12,11.477059500523909
16,13,8.750048673478426
16,14,5.471661316133897
16,15,3.84823086448596
16,17,3.8547453121854325
16,18,5.644726519278859
16,19,8.244466168990135
16,20,10.692387305806145
16,21,12.333198657114325
16,22,16.126509041583883
16,23,18.2952785996361
16,24,21.81312978619184
16,25,24.648667192863055
16,26,27.61407268445257
16,27,30.44255702638678
16,28,32.54842475224196
16,29,29.654582740572465
16,30,28.437540535895742
16,31,29.804376306140824
16,32,26.47657854595163
16,33,23.341577283250306
16,34,20.64552766484642
16,35,16.87967846264977
16,36,15.279951337183647
16,37,11.631436083906138
16,38,11.543065238934203
16,39,8.86577030378636
16,40,8.556612114242299
16,41,11.57733810399523
16,42,13.580986705128925
16,43,13.605238448425876
16,44,14.363262896852476
16,45,13.75606213168208
16,46,16.138945276007973
16,47,15.164133236273393
16,48,17.83462676692105
16,49,18.491856609900122
16,50,20.492997199886638
16,51,17.77793741767367
16,52,17.156164943514085
16,53,13.48805206302414
16,54,13.065973516222842
16,55,15.068595157858935
16,56,12.992355402205508
16,57,9.626922172307108
16,58,11.903117417089824
16,59,13.7455436027885
16,60,10.82517804326133
16,61,10.103102903298137
16,62,13.93238788864742
16,63,14.129419932192642
17,1,26.418581704814255
17,2,28.334032997767025
17,3,26.55492859207636
17,4,23.73149862743488
17,5,20.61430868262147
17,6,19.166113393309445
17,7,21.59308329845077
17,8,19.415104220160757
17,9,16.315041702637302
17,10,13.585655968155802
17,11,12.933422777087978
17,12,10.434024930092658
17,13,7.271636218125827
17,14,5.5686104856379695
17,15,5.477742689362141
17,16,3.8547453121854325
17,18,3.8197327737463818
17,19,6.672869914992024
17,20,9.363127937822508
17,21,11.07371466818484
17,22,14.630179834892056
17,23,17.18127542238185
17,24,20.36980876367889
17,25,23.505006754310994
17,26,26.22527599439248
17,27,28.81794868178748
17,28,30.559440357246768
17,29,27.413833745378707
17,30,26.365041487938285
17,31,28.103161971081843
17,32,24.935488614168204
17,33,22.03283210466735
17,34,18.91974400021561
17,35,15.284241958817478
17,36,13.007853928488373
17,37,9.310235231603007
17,38,8.597525818952285
17,39,5.385316831120675
17,40,5.595787203322597
17,41,8.126713507327402
17,42,10.02343782315314
17,43,9.809767227039957
17,44,10.917512975704543
17,45,10.717958302840522
17,46,13.623573167858181
17,47,13.463484274824253
17,48,16.655892926111083
17,49,17.784378096051267
17,50,20.20971368869512
17,51,17.73658643993816
17,52,17.953383185872166
17,53,14.32522083336804
17,54,13.249801595592853
17,55,15.872568958967005
17,56,14.641271203501109
17,57,10.998621926953241
17,58,12.822639517525749
17,59,15.50258612491762
17,60,13.268216727541152
17,61,11.897663522817771
17,62,15.679464068961066
17,63,16.660879952156904
18,1,23.755700755201975
18,2,25.549926192187183
18,3,24.030500604640007
18,4,21.306599431799736
18,5,18.378825575501264
18,6,17.295287627023523
18,7,20.179873052121845
18,8,18.39902942760681
18,9,15.300640416272419
18,10,13.33941119923707
18,11,13.328503398370403
18,12,11.708459663754025
18,13,7.958745061659535
18,14,6.8651807484156055
18,15,5.306533821746202
18,16,5.644726519278859
18,17,3.8197327737463818
18,19,3.8267417993303714
18,20,5.640460373322733
18,21,7.3770419580229465
18,22,11.00588552311953
18,23,13.688029628775965
18,24,16.944289955079213
18,25,20.12327561418286
18,26,23.036246079118353
18,27,25.560427653568098
18,28,27.423756012616344
18,29,24.41308659643461
18,30,23.534535499775394
18,31,25.276823473434455
18,32,22.239368025183634
18,33,19.1077630280544
18,34,16.107993061962322
18,35,12.383814215339754
18,36,10.205869695972916
18,37,6.429695428911413
18,38,6.0293729006587125
18,39,4.352277437388489
18,40,5.725758444528016
18,41,8.942294185627809
18,42,9.43802763541316
18,43,9.459611581126442
18,44,9.47662132609246
18,45,9.484805610721633
18,46,11.903947849585109
18,47,11.706227801303
18,48,14.94468871157533
18,49,15.43844474672569
18,50,18.253982769050722
18,51,16.34812678107852
18,52,16.677946184749313
18,53,13.44691352429266
18,54,11.487205818633877
18,55,13.719129080785866
18,56,13.077077649819678
18,57,9.229912347381234
18,58,10.035851788357347
18,59,13.08387278261811
18,60,11.471875591626398
18,61,9.367697538114074
18,62,12.894119438022177
18,63,14.564404010882352
19,1,22.921185496956227
19,2,25.013473507787268
19,3,24.036846918684404
19,4,21.77552668589494
19,5,18.806346630778325
19,6,18.48933295759886
19,7,21.69129797273142
19,8,20.502101195225134
19,9,17.746273658166118
19,10,16.24787821813766
19,11,16.77639970376656
19,12,15.426267275019919
19,13,11.642565549516968
19,14,10.657063293389413
19,15,8.574786097847696
19,16,8.244466168990135
19,17,6.672869914992024
19,18,3.8267417993303714
19,20,3.835750476554571
19,21,7.258775047645976
19,22,10.424918729525583
19,23,13.72813066086913
19,24,16.758082668773003
19,25,20.152287160831836
19,26,23.25218248459572
19,27,25.381255784518583
19,28,27.092351004915454
19,29,24.103329433095237
19,30,23.81845302758216
19,31,25.867799775017275
19,32,23.207016757808027
19,33,19.95814070016343
19,34,16.990020473137076
19,35,13.440747323114996
19,36,10.953069733704828
19,37,7.509429722029174
19,38,5.65962488832049
19,39,5.110140025307364
19,40,5.019605435006376
19,41,8.564576240100022
19,42,8.441185686089902
19,43,9.852288934687419
19,44,10.067646393316073
19,45,11.290051673561504
19,46,13.688490773291376
19,47,14.061934994950267
19,48,17.380123016927325
19,49,17.393199015237055
19,50,20.557912819763455
19,51,19.17180619814224
19,52,19.521527232201137
19,53,16.60097162646534
19,54,14.203768872792741
19,55,15.877132613106673
19,56,15.50217175184834
19,57,11.69768918186406
19,58,11.396194470221657
19,59,14.287980749247634
19,60,12.865932135386808
19,61,9.800484073176188
19,62,12.71680670374039
19,63,14.592039223342221
20,1,20.365467068927817
20,2,22.13067025104599
20,3,21.299962794293823
20,4,19.068334176229182
20,5,16.480884014486534
20,6,16.40259443388759
20,7,19.876910545964325
20,8,19.01551473142034
20,9,16.35877850380156
20,10,15.648747391042924
20,11,16.600691899269215
20,12,16.022977492078073
20,13,12.219786830492744
20,14,11.846073826593814
20,15,9.63071726291667
20,16,10.692387305806145
20,17,9.363127937822508
20,18,5.640460373322733
20,19,3.835750476554571
20,21,3.8280801937370867
20,22,6.750010148619856
20,23,10.06092667168707
20,24,13.098237269822835
20,25,16.44396505259425
20,26,19.656062720744824
20,27,21.77836027121108
20,28,23.660390625388942
20,29,20.870127249587554
20,30,20.607645921149537
20,31,22.536087757086662
20,32,19.996294573045763
20,33,16.617049457744418
20,34,13.89623728871224
20,35,10.471795347951982
20,36,8.45325603646123
20,37,5.7753890895068185
20,38,5.238724864095577
20,39,6.969791223349899
20,40,8.38499214115796
20,41,11.36398902477383
20,42,10.079361421139822
20,43,10.869362314046574
20,44,9.694477079060384
20,45,10.610579799598936
20,46,12.070661233744193
20,47,12.276294331057224
20,48,15.315711111816888
20,49,14.734073124256552
20,50,18.116405218393034
20,51,17.35027513920986
20,52,17.90444743665609
20,53,15.56024902393466
20,54,12.541111469139413
20,55,13.781470487075628
20,56,14.19947260756587
20,57,10.703965723520316
20,58,9.311042490454486
20,59,12.496884614443628
20,60,12.11895677995387
20,61,8.84031747357019
20,62,11.060675995095679
20,63,13.801009786506038
21,1,18.58765265975086
21,2,19.815603128324643
21,3,18.715423281115665
21,4,16.187931757505787
21,5,14.027628643374387
21,6,13.682025684242884
21,7,17.21095050723055
21,8,16.370111588958306
21,9,13.701028297278045
21,10,13.658836538196114
21,11,14.850719448484059
21,12,15.040124615465476
21,13,11.506347367420288
21,14,11.878441255611198
21,15,10.113981706708502
21,16,12.333198657114325
21,17,11.07371466818484
21,18,7.3770419580229465
21,19,7.258775047645976
21,20,3.8280801937370867
21,22,3.8138014249655483
21,23,6.528401263064518
21,24,9.81827163951085
21,25,13.016917944193631
21,26,16.18084176565353
21,27,18.596238591083864
21,28,20.72262921374745
21,29,18.07886412498558
21,30,17.390878632893347
21,31,19.020027728297038
21,32,16.324374930991624
21,33,12.877573841701732
21,34,10.307094899848146
21,35,6.829083480899084
21,36,5.7012686037292
21,37,4.257274105447588
21,38,6.1764875882455685
21,39,8.711092518892226
21,40,11.253259657494041
21,41,13.791749191518058
21,42,12.098666691195927
21,43,11.779504848939071
21,44,9.420775601001571
21,45,9.309957169176394
21,46,9.6125356248659
21,47,9.333869139245047
21,48,11.993925045540847
21,49,11.071126724527874
21,50,14.573867023355048
21,51,14.246300560628361
21,52,15.159045719062012
21,53,13.350997346492798
21,54,9.867046887504552
21,55,11.03237024528453
21,56,12.340033723066323
21,57,9.356280369010824
21,58,7.453928962080521
21,59,11.069870489406199
21,60,11.74588076750226
21,61,9.123604192104901
21,62,10.919870550473911
21,63,14.198920415544666
22,1,15.46813882413297
22,2,16.447910339497035
22,3,15.69257425353853
22,4,13.511423353139788
22,5,11.832346711962172
22,6,12.239665322406895
22,7,15.95419853827667
22,8,15.898403382240016
22,9,13.8852844784541
22,10,14.815178085317857
22,11,16.68085714745867
22,12,17.60312527927909
22,13,14.34421498877608
22,14,15.299381754405013
22,15,13.818589719312692
22,16,16.126509041583883
22,17,14.630179834892056
22,18,11.00588552311953
22,19,10.424918729525583
22,20,6.750010148619856
22,21,3.8138014249655483
22,23,3.832393775289424
22,24,6.3575584875157105
22,25,9.832107201326341
22,26,12.954567251515693
22,27,15.043645974466415
22,28,17.09289537850905
22,29,14.556443804975451
22,30,14.204023190872908
22,31,16.011251108078042
22,32,13.783731339998242
22,33,10.420470377045177
22,34,8.083203097359233
22,35,5.652730847415737
22,36,5.252414939722552
22,37,6.310779010929943
22,38,8.108207022663912
22,39,11.46152205570202
22,40,14.147949615734028
22,41,16.161642242966085
22,42,13.715698130659087
22,43,13.2827584405606
22,44,10.275709397756263
22,45,10.41630221438402
22,46,9.726511528844876
22,47,9.972739794090865
22,48,12.135667764794892
22,49,10.734045151203954
22,50,14.467234614713238
22,51,15.113946349031252
22,52,16.527541487414602
22,53,15.466228703044
22,54,11.68402935478742
22,55,12.42026558371987
22,56,14.605062065914739
22,57,12.264843319179187
22,58,9.740117069534879
22,59,13.081553579699005
22,60,14.596215987224038
22,61,12.052395206566768
22,62,12.918396177417975
22,63,16.580660821363697
23,1,15.784182740308408
23,2,15.857831505771252
23,3,14.921159903075099
23,4,12.50130090289703
23,5,11.852541467065077
23,6,11.918601265758323
23,7,15.414364419840751
23,8,15.38735302672292
23,9,13.479370781407388
23,10,15.11647681125052
23,11,16.881302126503694
23,12,18.337325773767336
23,13,15.556940323507495
23,14,16.715096002683865
23,15,15.394512078376733
23,16,18.2952785996361
23,17,17.18127542238185
23,18,13.688029628775965
23,19,13.72813066086913
23,20,10.06092667168707
23,21,6.528401263064518
23,22,3.832393775289424
23,24,3.7970497776494745
23,25,6.5112594513070094
23,26,9.846132368302873
23,27,12.474450836778352
23,28,15.10952749480015
23,29,13.132513865204938
23,30,12.15422408064266
23,31,13.206463356749456
23,32,10.822303241617485
23,33,7.1691836535258275
23,34,5.964572418195746
23,35,4.608530244009794
23,36,6.7194710260167465
23,37,8.772797077467848
23,38,11.445398979622844
23,39,14.58823551300891
23,40,17.52901576733865
23,41,19.565164443421775
23,42,17.208351048661424
23,43,16.2721940130926
23,44,12.902119777438202
23,45,12.135024561071003
23,46,10.284268729439104
23,47,9.63994384351381
23,48,10.58675790245861
23,49,8.255227785367314
23,50,11.783788107756145
23,51,13.234943957535823
23,52,14.753005277143686
23,53,14.581696956196508
23,54,10.790035093543032
23,55,10.825762866328223
23,56,13.781054930580046
23,57,12.4064607775459
23,58,9.5978441270248
23,59,12.49731369629236
23,60,14.89819326306874
23,61,13.098466434444727
23,62,13.338726952506256
23,63,17.109043922539207
24,1,13.005498567969246
24,2,12.548224975441844
24,3,11.949887931547352
24,4,10.056606740865204
24,5,10.295779298769054
24,6,11.181976106351913
24,7,14.50552883372733
24,8,15.359890793737032
24,9,14.336014629816427
24,10,16.684162444135822
24,11,18.9888877454575
24,12,20.94943547434952
24,13,18.41122688080565
24,14,20.01049337350657
24,15,18.988851755230467
24,16,21.81312978619184
24,17,20.36980876367889
24,18,16.944289955079213
24,19,16.758082668773003
24,20,13.098237269822835
24,21,9.81827163951085
24,22,6.3575584875157105
24,23,3.7970497776494745
24,25,3.77998002493905
24,26,6.661451289831899
24,27,8.815931131845153
24,28,11.334042246958628
24,29,9.524973813905989
24,30,8.869229789117759
24,31,10.166823936855621
24,32,8.622168019955888
24,33,5.625923479746556
24,34,5.283606378961716
24,35,6.384618266987459
24,36,8.421673188125922
24,37,11.392226592766805
24,38,13.72144629862892
24,39,17.181564848832444
24,40,20.220981647120826
24,41,21.79821207382642
24,42,18.987419615855288
24,43,17.92770110274837
24,44,14.326803879579476
24,45,13.808326681207948
24,46,11.458288043748558
24,47,11.504084136176852
24,48,11.995464441679985
24,49,9.821303896729331
24,50,13.100031508548787
24,51,15.289582294641065
24,52,17.29509108550685
24,53,17.574185845449815
24,54,13.85688371579309
24,55,13.898836347139508
24,56,17.180019951900107
24,57,16.068885000140096
24,58,13.318959709475083
24,59,16.01871286048267
24,60,18.625987546595994
24,61,16.82866322617656
24,62,16.793850938806724
24,63,20.619482458276533
25,1,14.665735726317282
25,2,13.236474388482971
25,3,12.739230631161938
25,4,11.062160592312893
25,5,12.444074256529541
25,6,13.09353987128279
25,7,15.880068088758218
25,8,16.822009639736635
25,9,16.03913728853604
25,10,18.784046252415827
25,11,20.896153359578626
25,12,23.132902371438966
25,13,20.947899777403578
25,14,22.54510712107575
25,15,21.537983890619437
25,16,24.648667192863055
25,17,23.505006754310994
25,18,20.12327561418286
25,19,20.152287160831836
25,20,16.44396505259425
25,21,13.016917944193631
25,22,9.832107201326341
25,23,6.5112594513070094
25,24,3.77998002493905
25,26,3.829876622304929
25,27,6.616325422057615
25,28,9.999903814282876
25,29,9.447400903134449
25,30,8.265857761860003
25,31,8.185508177048733
25,32,7.13153838140984
25,33,4.703800357497228
25,34,6.850698644666089
25,35,8.919012540021322
25,36,11.721242083461064
25,37,14.726611062188898
25,38,17.34700461939354
25,39,20.686180820628998
25,40,23.778510477685984
25,41,25.45161195563222
25,42,22.715879588720757
25,43,21.49602417395447
25,44,17.815920888535036
25,45,16.890667440564314
25,46,14.082435695127238
25,47,13.555892380101245
25,48,12.995021770347392
25,49,10.245204672151225
25,50,12.690684606786702
25,51,15.626310649631733
25,52,17.533613033392854
25,53,18.60785105516008
25,54,15.18147789705587
25,55,14.551630524985988
25,56,18.15168933677904
25,57,17.811832088058562
25,58,14.977039864240961
25,59,17.059649911066167
25,60,20.17660341992608
25,61,18.86790180689833
25,62,18.307384518018267
25,63,22.057824923897126
26,1,13.827760147553807
26,2,11.527496583974374
26,3,10.877423089853973
26,4,9.61491139282943
26,5,12.08264806505438
26,6,12.857181675116003
26,7,14.949124371166679
26,8,16.44564694089606
26,9,16.46003408567561
26,10,19.701519489013396
26,11,22.100511165460976
26,12,24.795556124355905
26,13,23.00562376058165
26,14,25.034670822272506
26,15,24.459845292291167
26,16,27.61407268445257
26,17,26.22527599439248
26,18,23.036246079118353
26,19,23.25218248459572
26,20,19.656062720744824
26,21,16.18084176565353
26,22,12.954567251515693
26,23,9.846132368302873
26,24,6.661451289831899
26,25,3.829876622304929
26,27,3.7743581421921175
26,28,7.200837747826609
26,29,7.423576896744843
26,30,5.625736661883015
26,31,4.626795045856561
26,32,5.039340314519833
26,33,5.081584301278427
26,34,7.892853500130834
26,35,11.064873831071159
26,36,13.795948736395923
26,37,17.216106540217353
26,38,19.839443308426546
26,39,23.191296056460146
26,40,26.488251861361157
26,41,27.77704643158623
26,42,24.87930527566184
26,43,23.310774991600923
26,44,19.51905911143684
26,45,18.449826801014375
26,46,15.263972002259733
26,47,15.036977170682983
26,48,13.987149821295084
26,49,11.78218245504098
26,50,13.669616847839283
26,51,16.978488826240866
26,52,19.351040645370432
26,53,20.741391781224518
26,54,17.53260970577492
26,55,17.179473344671294
26,56,20.94470512512668
26,57,20.8076717954841
26,58,18.299078303733644
26,59,20.418877247462483
26,60,23.5637291261694
26,61,22.44557676385319
26,62,22.02631701597471
26,63,25.736641053315807
27,1,12.284897276171364
27,2,9.474982833908768
27,3,9.896636169222273
27,4,10.03622130339968
27,5,12.877692589801985
27,6,14.528814950342623
27,7,16.418030450283613
27,8,18.58759765164759
27,9,19.125964171894186
27,10,22.44325978478679
27,11,25.153396899972478
27,12,27.888051695792825
27,13,25.987517664168887
27,14,28.101985555522802
27,15,27.49035798075735
27,16,30.44255702638678
27,17,28.81794868178748
27,18,25.560427653568098
27,19,25.381255784518583
27,20,21.77836027121108
27,21,18.596238591083864
27,22,15.043645974466415
27,23,12.474450836778352
27,24,8.815931131845153
27,25,6.616325422057615
27,26,3.7743581421921175
27,28,3.814646984234386
27,29,5.4979046932472
27,30,5.50303370331187
27,31,5.39285919565334
27,32,7.783448084006832
27,33,8.608874787919449
27,34,10.71611117302548
27,35,13.937041211293142
27,36,16.08041285214858
27,37,19.59909607713206
27,38,21.75847225684669
27,39,25.30774044379838
27,40,28.478504522468224
27,41,29.512881326682088
27,42,26.32179199416675
27,43,24.961802198219434
27,44,21.249622548681362
27,45,20.687020001150906
27,46,17.688559807544976
27,47,18.061531362201055
27,48,17.337225249400046
27,49,15.411350773663049
27,50,17.388426575199755
27,51,20.659972927674765
