2,3,3.800840965438567
2,4,5.2533346992614645
2,5,4.535917077115962
2,6,6.125555649960542
2,7,8.444819213168024
2,8,9.777369197109389
2,9,10.451257751691884
2,10,12.689268933722712
2,11,14.215824086394894
2,12,16.845456662740713
2,13,19.317192594102906
2,14,17.2568706976991
2,15,18.82682448726714
2,16,15.827067422757027
2,17,16.600568556963726
2,18,16.175016639567772
2,19,19.66834307367722
2,20,21.032089750633382
2,21,21.57444057100977
2,22,17.999479531981013
2,23,16.876966310555314
2,24,19.75979230620152
2,25,18.69590542434704
2,26,15.260291502930476
2,27,17.190996334308004
2,28,19.503913858674522
2,29,16.940944172876737
2,30,16.594468821518156
2,31,20.386333416546528
2,32,23.344048784624732
2,33,22.89045292405361
2,34,26.016520392534435
2,35,26.543402886664293
2,36,27.469389002288683
2,37,24.306600490401415
2,38,21.96450009503956
2,39,24.26303338878616
2,40,23.828515485340084
2,41,20.02794197942964
2,42,20.246972780514803
2,43,22.763259720617494
2,44,20.864599442278315
2,45,17.755142513857532
2,46,19.948226247411398
2,47,21.251690070816995
2,48,23.647147421440263
2,49,24.779577656351396
2,50,24.88123517181287
2,51,23.668922884712742
2,52,20.07077862822538
2,53,16.665126532473046
2,54,15.691335141802309
2,55,12.450944615822278
2,56,14.22349094633398
2,57,15.324702431502871
2,58,11.97318249262081
2,59,10.536971336515178
2,60,14.114655852486056
2,61,14.140793142157046
2,62,11.008688775765092
2,63,12.313923710740827
2,64,15.788054537518303
2,65,15.21467813651668
2,66,13.773033470393063
2,67,14.504376139616205
2,68,12.359289756304156
2,69,11.02883401805989
3,2,3.800840965438567
3,4,3.8059939562319745
3,5,5.246657236852124
3,6,5.20343055733542
3,7,6.1505982262071575
3,8,8.69932696901088
3,9,10.023519291856255
3,10,11.226972355721436
3,11,12.387886665404814
3,12,15.565882843859047
3,13,17.764798917724093
3,14,15.784132794320092
3,15,16.711317400005278
3,16,13.430823046574597
3,17,13.670441830024567
3,18,13.219646891679234
3,19,16.73857424072655
3,20,18.14758518033662
3,21,19.19091427458637
3,22,15.805326260047387
3,23,14.390528480239098
3,24,17.597365567428593
3,25,17.13631119812079
3,26,13.750483047876635
3,27,15.562068316843371
3,28,18.370926343683664
3,29,16.44356366321811
3,30,15.884011707992702
3,31,19.539164455473724
3,32,22.04901575973326
3,33,21.023943561588897
3,34,23.836458148530873
3,35,24.037295284851634
3,36,24.69582314772903
3,37,21.61750267124366
3,38,19.18194974668516
3,39,21.13643702397136
3,40,20.611975676292506
3,41,16.853024636727085
3,42,16.855033961808033
3,43,19.179565209259017
3,44,17.297010100694393
3,45,14.060900561750374
3,46,16.192943713739542
3,47,17.453853812307454
3,48,19.88004663471766
3,49,21.028615339423688
3,50,21.265437780814963
3,51,20.186467747277984
3,52,16.654985232116957
3,53,13.110369737215605
3,54,12.259048380781431
3,55,9.13609004692698
3,56,10.803565660552803
3,57,11.576259814215872
3,58,8.17323062197929
3,59,7.019446618808149
3,60,10.684284217159412
3,61,10.662346299011311
3,62,7.962127399931276
3,63,9.796082777945983
3,64,13.025378695022438
3,65,12.733992899813146
3,66,12.159882525900674
3,67,13.310008987653134
3,68,10.668811393853845
3,69,10.417326749947634
4,2,5.2533346992614645
4,3,3.8059939562319745
4,5,3.8053716069789663
4,6,5.523573549422245
4,7,5.055694264390991
4,8,6.200780148435785
4,9,8.635602793685031
4,10,10.360413629984278
4,11,10.560373197261375
4,12,13.645224484975323
4,13,15.377977109813123
4,14,12.875325804071366
4,15,13.968502918405573
4,16,10.765248743315354
4,17,11.934748517769668
4,18,12.323835697556312
4,19,16.064764715025554
4,20,18.164085685543498
4,21,18.918122287876578
4,22,15.344485753789076
4,23,14.823820490564971
4,24,18.239174010907917
4,25,17.39668487805516
4,26,14.496158900013596
4,27,17.032479289781715
4,28,19.518771285062687
4,29,17.685540475998376
4,30,17.882493839687857
4,31,21.507548897948997
4,32,23.940787044866298
4,33,22.945579142438206
4,34,25.580744529508344
4,35,25.34775186462832
4,36,26.2927779573622
4,37,23.55932283211377
4,38,20.69058498606
4,39,22.385032917439702
4,40,22.354980641326964
4,41,18.706238681508378
4,42,17.966993924485458
4,43,20.35378733163895
4,44,19.00547983745235
4,45,15.43933001061017
4,46,16.7694371936532
4,47,18.095605595468008
4,48,19.884144576404193
4,49,21.138040036353747
4,50,20.72004673474182
4,51,19.767770044290586
4,52,16.016622863018437
4,53,12.811554834540965
4,54,11.148098190445113
4,55,7.8367446024245675
4,56,10.252694366055065
4,57,11.938501597059762
4,58,9.084732681720794
4,59,8.342382190821947
4,60,12.128277822528862
4,61,12.873387799878055
4,62,10.933774308472634
4,63,12.531484707527127
4,64,15.752926842651357
4,65,16.005505555220424
4,66,15.74992856966249
4,67,17.08523373967165
4,68,14.34265056829348
4,69,14.066562572945566
5,2,4.535917077115962
5,3,5.246657236852124
5,4,3.8053716069789663
5,6,3.816039243606105
5,7,5.545534672229925
5,8,5.521800667420744
5,9,6.380221402436845
5,10,9.129302215919482
5,11,10.288915176550951
5,12,12.623062842425092
5,13,15.043126204853404
5,14,13.010381448733142
5,15,15.010023114589742
5,16,12.473909501722208
5,17,13.614043140239245
5,18,13.343018566508764
5,19,16.820039947402663
5,20,18.57559113048957
5,21,18.631158344733738
5,22,14.87858706502493
5,23,14.604691529255197
5,24,17.555282115896485
5,25,16.023050781453797
5,26,13.090201916905388
5,27,15.836796466752828
5,28,17.764934646925344
5,29,15.418645114861807
5,30,16.027353845438196
5,31,19.727605976847883
5,32,22.516401200973856
5,33,22.11079026517566
5,34,25.049985151855125
5,35,25.13479861091374
5,36,26.5201456726884
5,37,23.768383480030728
5,38,20.908578632216713
5,39,23.112734542852213
5,40,23.377982018410524
5,41,19.668548150207634
5,42,19.194125153681583
5,43,22.055066223539914
5,44,20.882478879445383
5,45,17.551774148460147
5,46,19.065005216206718
5,47,20.885939537519732
5,48,22.757448515990973
5,49,23.55145270625539
5,50,23.021379063362794
5,51,21.530865194638352
5,52,17.81469048049843
5,53,14.885140754001243
5,54,13.815036382823394
5,55,11.003972480189162
5,56,13.802150931339762
5,57,15.034317860331674
5,58,11.786180491252953
5,59,11.518765946793813
5,60,15.314630586737966
5,61,15.391945985276994
5,62,13.033669898587403
5,63,15.029060908442645
5,64,18.226010758699033
5,65,17.774309921864475
5,66,17.07974435713246
5,67,17.66915832236857
5,68,14.843796855164756
5,69,13.618418403709057
6,2,6.125555649960542
6,3,5.20343055733542
6,4,5.523573549422245
6,5,3.816039243606105
6,7,3.8114133016306573
6,8,5.5585024128032625
6,9,5.215148260587931
6,10,6.657244777632009
6,11,8.789526433960582
6,12,11.322486296509242
6,13,14.18692494082028
6,14,12.956130839578488
6,15,14.68715014336074
6,16,12.264450585596974
6,17,12.321668250340117
6,18,11.07001793214863
6,19,14.251614738568307
6,20,15.462987673216453
6,21,15.597275248391442
6,22,11.967433239405766
6,23,11.158452496792396
6,24,14.002701817205343
6,25,12.73979884684689
6,26,9.540885403968668
6,27,12.09438516419199
6,28,14.270552277125063
6,29,12.194434501422485
6,30,12.58976366198015
6,31,16.22963375407424
6,32,18.85253291882897
6,33,18.312874558825563
6,34,21.24153402342601
6,35,21.403598010948485
6,36,22.8006665736635
6,37,20.030372906795765
6,38,17.211778433038887
6,39,19.601446793180052
6,40,19.923633339313138
6,41,16.224570469783444
6,42,15.9613232929033
6,43,19.0481173000485
6,44,17.99119990312417
6,45,14.933528357421551
6,46,16.676306394566403
6,47,18.91935398697653
6,48,21.027237969838136
6,49,21.344884132094883
6,50,21.06570785311981
6,51,19.17592725624141
6,52,15.653899378123644
6,53,12.761211265426954
6,54,12.64145652333066
6,55,10.516638677052565
6,56,13.42044229864131
6,57,13.672425382107877
6,58,10.099597043028053
6,59,10.780693576839218
6,60,14.328771641208958
6,61,13.556856901155378
6,62,11.420791521434923
6,63,14.2074821428492
6,64,16.877086313938676
6,65,15.905408156332392
6,66,15.62957143498033
6,67,15.76332810248284
6,68,12.497784673327306
6,69,11.40052884092374
7,2,8.444819213168024
7,3,6.1505982262071575
7,4,5.055694264390991
7,5,5.545534672229925
7,6,3.8114133016306573
7,8,3.811626067661742
7,9,5.5648137077536175
7,10,5.713723698362723
7,11,6.253032931425844
7,12,9.5986769778976
7,13,11.734540572057684
7,14,10.207489705392879
7,15,11.299232001557401
7,16,8.615511688897014
7,17,8.603137219361496
7,18,7.888510613472283
7,19,11.43517372705185
7,20,13.334801863034643
7,21,13.880520900606404
7,22,10.300937567423848
7,23,9.912524443549092
7,24,13.350030736033395
7,25,12.57630849066851
7,26,9.982247016420795
7,27,12.801087850866265
7,28,15.236243412300153
7,29,14.001723466832342
7,30,14.581200307376111
7,31,17.90723366420739
7,32,19.954384977287102
7,33,18.827334384046043
7,34,21.242779923639183
7,35,20.745260778481928
7,36,22.002095168610538
7,37,19.575523538220573
7,38,16.396452877182877
7,39,18.15765661295766
7,40,18.703114038763555
7,41,15.175185678970662
7,42,14.097853009355386
7,43,16.98693197456913
7,44,16.327975042212866
7,45,12.935871986456867
7,46,13.977053712893474
7,47,16.22659637886809
7,48,17.898781616478043
7,49,18.3019900846808
7,50,17.68550573584412
7,51,16.01238091496896
7,52,12.332975264885679
7,53,9.52784412253387
7,54,9.034028144277931
7,55,7.220455086747375
7,56,10.577414306403277
7,57,10.98070280830477
7,58,7.891208574332558
7,59,9.323567184438174
7,60,12.720397252044783
7,61,12.422265345390164
7,62,11.268494125677382
7,63,14.06495691976975
7,64,16.468384539241825
7,65,16.15083429475305
7,66,16.65766907600948
7,67,17.358614784991566
7,68,13.92830909701136
7,69,13.781098236099258
8,2,9.777369197109389
8,3,8.69932696901088
8,4,6.200780148435785
8,5,5.521800667420744
8,6,5.5585024128032625
8,7,3.811626067661742
8,9,3.8130610172209503
8,10,5.5258847312434325
8,11,5.096895668943828
8,12,7.570541894116087
8,13,9.58210437972845
8,14,7.644111372304833
8,15,9.787740260919803
8,16,7.89759408426991
8,17,9.159817744486265
8,18,9.175542097162575
8,19,12.493531182711864
8,20,14.840556092908162
8,21,14.592720724932988
8,22,10.860301642669887
8,23,11.713427049232495
8,24,14.823463325762557
8,25,13.234810161695632
8,26,11.31285593248085
8,27,14.731063973182472
8,28,16.421269322657157
8,29,14.987698520278474
8,30,16.396116041455926
8,31,19.652088293951042
8,32,21.81619008385415
8,33,21.09036015095404
8,34,23.484711294893444
8,35,22.825855756680635
8,36,24.51546100552152
8,37,22.39159059760435
8,38,19.004682785379384
8,39,20.75239316362899
8,40,21.77498977459161
8,41,18.406648514406672
8,42,16.97918794699455
8,43,19.97524797003729
8,44,19.7343525959304
8,45,16.325714665787096
8,46,16.834982552945974
8,47,19.150329284113745
8,48,20.29931410387951
8,49,20.643505155193115
8,50,19.400217755569365
8,51,17.673489435362402
8,52,13.979667932518844
8,53,11.877848740961273
8,54,10.858249796584234
8,55,9.234589323820343
8,56,12.897068331066517
8,57,13.940248896794403
8,58,11.311278039652533
8,59,12.52243510313043
8,60,15.995826521547082
8,61,16.092590025407365
8,62,14.919410697037788
8,63,17.450705435517683
8,64,20.07103981565708
8,65,19.875198755547398
8,66,20.159393559556694
8,67,20.797825187955876
8,68,17.435530543016718
8,69,16.825796211339263
9,2,10.451257751691884
9,3,10.023519291856255
9,4,8.635602793685031
9,5,6.380221402436845
9,6,5.215148260587931
9,7,5.5648137077536175
9,8,3.8130610172209503
9,10,3.818963815011742
9,11,5.750885521196829
9,12,6.870771216852602
9,13,10.087862532563333
9,14,9.443020487088937
9,15,12.124156654333241
9,16,10.975533607942344
9,17,11.483618815632997
9,18,10.329920832135915
9,19,12.993704179437637
9,20,14.560749129674612
9,21,13.586105459692867
9,22,9.81233249442155
9,23,10.697297485159448
9,24,13.099164553922952
9,25,10.800623462613316
9,26,8.8770174283906
9,27,12.446233207407472
9,28,13.525869789996126
9,29,11.734842791808095
9,30,13.618107468911283
9,31,16.79698256443099
9,32,19.188935495610945
9,33,19.015601564835144
9,34,21.666579320728655
9,35,21.379303990168054
9,36,23.47191929446847
9,37,21.340792870902668
9,38,18.071705628114827
9,39,20.363437205398196
9,40,21.61311972637692
9,41,18.265595806371977
9,42,17.268319583547758
9,43,20.672889377124456
9,44,20.536799808329704
9,45,17.523878751362126
9,46,18.385226515392603
9,47,21.125750851850384
9,48,22.535238371117757
9,49,22.368759824920254
9,50,21.281824346058585
9,51,18.984081099860813
9,52,15.553296751531725
9,53,13.689567551091873
9,54,13.585627213504369
9,55,12.350963495170587
9,56,15.95088269334475
9,57,16.363301091460926
9,58,13.322217931110867
9,59,14.786681578908388
9,60,18.235462573112546
9,61,17.61537521854589
9,62,16.12314293655944
9,63,19.043178997134298
9,64,21.527213130861295
9,65,20.657188742491602
9,66,20.702897849676976
9,67,20.65389909800195
9,68,17.215150652287782
9,69,15.980393579881113
10,2,12.689268933722712
10,3,11.226972355721436
10,4,10.360413629984278
10,5,9.129302215919482
10,6,6.657244777632009
10,7,5.713723698362723
10,8,5.5258847312434325
10,9,3.818963815011742
10,11,3.831369363742611
10,12,5.384690920649022
10,13,8.70267729513686
10,14,9.075004780034112
10,15,10.9917413734624
10,16,10.125896729294679
10,17,9.423561383887703
10,18,7.319155347189064
10,19,9.476158299342654
10,20,10.774009457658622
10,21,9.840371184417895
10,22,6.0466864358120915
10,23,7.057209725867711
10,24,9.585746884133572
10,25,7.710967019748661
10,26,6.2214293394351365
10,27,9.90175669200448
10,28,11.235864210841106
10,29,10.459802174619428
10,30,12.29914691935407
10,31,15.053659058415192
10,32,16.848381074403616
10,33,16.22923329615604
10,34,18.51452661459918
10,35,17.876129787070564
10,36,20.000122956586374
10,37,18.143899664576246
10,38,14.691394879812954
10,39,16.816647659682232
10,40,18.38099674842678
10,41,15.276676578001775
10,42,13.995742435986754
10,43,17.516816948972348
10,44,17.83434311817156
10,45,15.090467318668876
10,46,15.678102848697373
10,47,18.79336041846039
10,48,20.104741046032412
10,49,19.44971573337777
10,50,18.38038160915805
10,51,15.73175836981388
10,52,12.565656498866572
10,53,11.148488977227553
10,54,11.909309407280919
10,55,11.678861200267859
10,56,15.244165379710534
10,57,14.903407359748797
10,58,12.127597377120747
10,59,14.484067881343352
10,60,17.462824235047524
10,61,16.415605906030155
10,62,15.604745947118248
10,63,18.917404270968586
10,64,20.8209392925575
10,65,19.86058240335655
10,66,20.53418964568984
10,67,20.391306879431788
10,68,16.70612535939267
10,69,16.029129951949574
11,2,14.215824086394894
11,3,12.387886665404814
11,4,10.560373197261375
11,5,10.288915176550951
11,6,8.789526433960582
11,7,6.253032931425844
11,8,5.096895668943828
11,9,5.750885521196829
11,10,3.831369363742611
11,12,3.787701482207009
11,13,5.6775025217880986
11,14,5.549394140658053
11,15,7.162134714627663
11,16,6.70822724438909
11,17,6.489453816971078
11,18,5.655182096844923
11,19,8.1087758801604
11,20,10.641688481621301
11,21,10.016589534902192
11,22,6.539222051165461
11,23,8.547456365133018
11,24,11.449992191256971
11,25,10.111507093757972
11,26,9.483278314684883
11,27,12.995580294077392
11,28,14.410618891003153
11,29,14.118981634765854
11,30,15.941085374066105
11,31,18.515413451956178
11,32,19.92378396095239
11,33,18.89198506172748
11,34,20.680467028771265
11,35,19.40812259052465
11,36,21.362639106899557
11,37,19.885805765777718
11,38,16.199749404821066
11,39,17.565004257690795
11,40,19.319084930664125
11,41,16.463824576452794
11,42,14.37011099004104
11,43,17.510668324662532
11,44,18.20725259064813
11,45,15.17293110434661
11,46,14.900139247592849
11,47,17.831899080718387
11,48,18.482394011831122
11,49,18.015338465763342
11,50,16.331110072547887
11,51,14.028288665919126
11,52,10.705123243348188
11,53,9.8257501423934
11,54,9.864373497168762
11,55,10.135465105657504
11,56,13.8701796798654
11,57,13.999422630037483
11,58,11.990009325461365
11,59,14.481823768560606
11,60,17.296119054905205
11,61,16.912933855020462
11,62,16.683000814232052
11,63,19.70660529714385
11,64,21.591367043060334
11,65,21.273141214500733
11,66,22.298448145269145
11,67,22.700152625019093
11,68,19.030472246804827
11,69,18.85131027224725
12,2,16.845456662740713
12,3,15.565882843859047
12,4,13.645224484975323
12,5,12.623062842425092
12,6,11.322486296509242
12,7,9.5986769778976
12,8,7.570541894116087
12,9,6.870771216852602
12,10,5.384690920649022
12,11,3.787701482207009
12,13,3.8284044031668385
12,14,5.660618214585191
12,15,8.2238031094546
12,16,9.314714659768239
12,17,9.388461398414297
12,18,8.47852932533914
12,19,9.636230937257295
12,20,11.75865325804279
12,21,9.905398548776443
12,22,6.92806691587291
12,23,10.031274428557035
12,24,11.90467503106952
12,25,9.71959445649027
12,26,10.225790221067431
12,27,13.88155954202286
12,28,14.303337373169162
12,29,14.138239787970052
12,30,16.716648847799274
12,31,18.89896641724807
12,32,20.212987047795725
12,33,19.666708046210857
12,34,21.337814356606007
12,35,20.00328576796706
12,36,22.48203505630693
12,37,21.405523093218132
12,38,17.71168138174737
12,39,19.192582190722685
12,40,21.453745276633907
12,41,18.886008572412845
12,42,16.777538406108793
12,43,20.065519357018886
12,44,21.1665255424573
12,45,18.423183921334584
12,46,17.964466297938085
12,47,21.100215366443386
12,48,21.491471926648444
12,49,20.62987984913011
12,50,18.613681647813696
12,51,15.996136624910363
12,52,13.16894615079499
12,53,13.05788944929532
12,54,13.316838531807942
12,55,13.833476375195307
12,56,17.572742856486265
12,57,17.684628546347884
12,58,15.725565137082755
12,59,18.234211938473184
12,60,21.068330309953883
12,61,20.54277925181066
12,62,20.225730216079267
12,63,23.341800547812387
12,64,25.225203375089773
12,65,24.683064854181083
12,66,25.591137641949537
12,67,25.672964656860373
12,68,21.97339100240139
12,69,21.406096974095384
13,2,19.317192594102906
13,3,17.764798917724093
13,4,15.377977109813123
13,5,15.043126204853404
13,6,14.18692494082028
13,7,11.734540572057684
13,8,9.58210437972845
13,9,10.087862532563333
13,10,8.70267729513686
13,11,5.6775025217880986
13,12,3.8284044031668385
13,14,3.8096676752291607
13,15,5.6341281508904135
13,16,8.15649659341669
13,17,8.675558287765918
13,18,9.004308922761316
13,19,9.721994766366128
13,20,12.559167261335423
13,21,11.033593956747174
13,22,8.892654764694772
13,23,12.248014490376553
13,24,14.22705697235868
13,25,12.637447607523534
13,26,13.525927501271651
13,27,16.989871307072885
13,28,17.54110767401544
13,29,17.767331564360326
13,30,20.24067966015521
13,31,22.27082554722572
13,32,23.236784871934688
13,33,22.347326266636863
13,34,23.564582152296595
13,35,21.709540987028024
13,36,24.018768743375862
13,37,23.329846288582672
13,38,19.537989651921308
13,39,20.352571774605856
13,40,22.779747961378014
13,41,20.531590139811403
13,42,17.853282216753552
13,43,20.71803801092066
13,44,22.19360454397615
13,45,19.391413892141784
13,46,18.19834663401138
13,47,21.108530813814426
13,48,20.821166646186967
13,49,20.023528347672347
13,50,17.4242521746553
13,51,15.187615993068325
13,52,12.626912835568497
13,53,13.27561628972494
13,54,13.057182870119513
13,55,14.13395077091658
13,56,17.704131993878974
13,57,18.095120217712118
13,58,16.87124667192038
13,59,19.448580242221162
13,60,21.998909831151266
13,61,21.926307905366
13,62,22.097780009071304
13,63,24.990129137188234
13,64,26.75943822155644
13,65,26.67694259971087
13,66,27.89050864920075
13,67,28.337474979988382
13,68,24.643917455403148
13,69,24.45786507037502
14,2,17.2568706976991
14,3,15.784132794320092
14,4,12.875325804071366
14,5,13.010381448733142
14,6,12.956130839578488
14,7,10.207489705392879
14,8,7.644111372304833
14,9,9.443020487088937
14,10,9.075004780034112
14,11,5.549394140658053
14,12,5.660618214585191
14,13,3.8096676752291607
14,15,3.801962515552982
14,16,5.565957323129236
14,17,7.663724985512668
14,18,9.215614569910278
14,19,11.149996540043201
14,20,14.445844982217036
14,21,13.680968865704683
14,22,10.98452278531654
14,23,13.659511196587768
14,24,16.331472672655686
14,25,14.881735036052136
14,26,14.861363162809651
14,27,18.428207236477647
14,28,19.497304671018956
14,29,19.20084392690916
14,30,21.336002203165712
14,31,23.85014765229602
14,32,25.178102233504973
14,33,24.166513058228475
14,34,25.660304706483988
14,35,23.974404361232743
14,36,25.936513134428672
14,37,24.84203520658398
14,38,21.070519483147244
14,39,21.86747754760587
14,40,23.803150959192635
14,41,21.222264982784544
14,42,18.605400959666234
14,43,21.25473727984323
14,44,22.239054533333228
14,45,19.01539223439503
14,46,17.94027227454963
14,47,20.376004370699974
14,48,20.12921763667014
14,49,20.041246843325368
14,50,17.52213889349806
14,51,15.927104871343298
14,52,12.837238549488655
14,53,12.745472811318416
14,54,11.492073204909858
14,55,11.863687236307635
14,56,15.425513481635825
14,57,16.539765253015634
14,58,15.395376705319821
14,59,17.430228186152803
14,60,20.15520779027944
14,61,20.650064725676614
14,62,20.658090103122902
14,63,23.15351773026437
14,64,25.244973065990973
14,65,25.548855972369925
14,66,26.58418088024091
14,67,27.431434602368153
14,68,23.88857287366066
14,69,23.781114658448274
15,2,18.82682448726714
15,3,16.711317400005278
15,4,13.968502918405573
15,5,15.010023114589742
15,6,14.68715014336074
15,7,11.299232001557401
15,8,9.787740260919803
15,9,12.124156654333241
15,10,10.9917413734624
15,11,7.162134714627663
15,12,8.2238031094546
15,13,5.6341281508904135
15,14,3.801962515552982
15,16,3.8138004174698046
15,17,5.569338447626558
15,18,8.238933707201989
15,19,9.865899132668785
15,20,13.569867442165927
15,21,13.603456051789998
15,22,11.517826840591065
15,23,13.898036755539723
15,24,16.785646165587885
15,25,16.16483267421976
15,26,16.236540958839274
15,27,19.446267259695844
15,28,20.939914988598957
15,29,21.129383030721225
15,30,22.880208682923975
15,31,25.246147595475595
15,32,26.17656159088605
15,33,24.639829540350995
15,34,25.71594577924601
15,35,23.633336631992748
15,36,25.194726168891123
15,37,24.32989420825009
15,38,20.57692036741765
15,39,20.72526086844578
15,40,22.592895088165683
15,41,20.330897574357653
15,42,17.291208813663363
15,43,19.418425284070718
15,44,20.65022425886415
15,45,17.486645107519514
15,46,15.77449354901279
15,47,17.93567277778631
15,48,17.159794120228483
15,49,17.170040707746583
15,50,14.356573925044902
15,51,13.257184993252693
15,52,10.394163532951879
15,53,10.883560739859096
15,54,9.379394134534211
15,55,10.66186863233892
15,56,13.766489360798813
15,57,14.779418436181832
15,58,14.490816867399365
15,59,16.76951860219862
15,60,18.92251271885465
15,61,19.67121445925044
15,62,20.350799411052378
15,63,22.685754614244917
15,64,24.394270107002924
15,65,25.094005127169225
15,66,26.598263328971512
15,67,27.766977965322845
15,68,24.26179085383275
15,69,24.74162919278284
16,2,15.827067422757027
16,3,13.430823046574597
16,4,10.765248743315354
16,5,12.473909501722208
16,6,12.264450585596974
16,7,8.615511688897014
16,8,7.89759408426991
16,9,10.975533607942344
16,10,10.125896729294679
16,11,6.70822724438909
16,12,9.314714659768239
16,13,8.15649659341669
16,14,5.565957323129236
16,15,3.8138004174698046
16,17,3.819279640469525
16,18,7.056825929247197
16,19,9.88631562259715
16,20,13.50583922879659
16,21,14.253351372327467
16,22,11.680280714949502
16,23,13.107684293321235
16,24,16.523594757289512
16,25,16.191996740431602
16,26,15.405377422753464
16,27,18.446994872295924
16,28,20.505079781610746
16,29,20.37651709028001
16,30,21.6047523560982
16,31,24.298634795913106
16,32,25.47093595769002
16,33,23.773296419017615
16,34,25.128004407004912
16,35,23.35471757688322
16,36,24.544168908435033
16,37,23.19059016386321
16,38,19.575509745898817
16,39,19.86627114603035
16,40,21.145616068172888
16,41,18.533543597107496
16,42,15.789559240386886
16,43,17.809674979352923
16,44,18.415555467629886
16,45,14.943711885806126
16,46,13.671793319654531
16,47,15.515821267644412
16,48,15.250141611519885
16,49,15.84491790602969
16,50,13.644341567867054
16,51,12.881255537946975
16,52,9.42034507532996
16,53,8.650636434879553
16,54,6.3596662173428316
16,55,6.931567811107634
16,56,10.149767292594646
16,57,11.489856708303854
16,58,11.092726035382931
16,59,13.070003993949816
16,60,15.32352366937523
16,61,16.315267859217258
16,62,16.890267455417963
16,63,19.020163260311886
16,64,20.863092920782744
16,65,21.743023276704477
16,66,23.173121910636734
16,67,24.59109537624558
16,68,21.228788211465616
16,69,21.901825758039884
17,2,16.600568556963726
17,3,13.670441830024567
17,4,11.934748517769668
17,5,13.614043140239245
17,6,12.321668250340117
17,7,8.603137219361496
17,8,9.159817744486265
17,9,11.483618815632997
17,10,9.423561383887703
17,11,6.489453816971078
17,12,9.388461398414297
17,13,8.675558287765918
17,14,7.663724985512668
17,15,5.569338447626558
17,16,3.819279640469525
17,18,3.806845805210616
17,19,6.443037878538067
17,20,10.023388732993112
17,21,11.38406282157578
17,22,9.295372896504706
17,23,10.280834360142485
17,24,13.696312810627877
17,25,14.08721100420519
17,26,13.493132508977652
17,27,16.081158101451038
17,28,18.373764428565227
17,29,18.81287826022056
17,30,19.75273205327822
17,31,22.116144162949546
17,32,22.863295643328247
17,33,20.815221734895243
17,34,21.85754401525809
17,35,19.897752156125264
17,36,20.909115278548857
17,37,19.713514285290135
17,38,16.112139002393555
17,39,16.14063302906245
17,40,17.51508541006339
17,41,15.133950101298982
17,42,12.154070202745157
17,43,14.178750047812938
17,44,15.130390993899026
17,45,11.9173730637738
17,46,10.383871580120717
17,47,12.751800392943222
17,48,12.613440423031813
17,49,12.60813322853557
17,50,10.587930921313058
17,51,9.318388599776139
17,52,5.726548473295408
17,53,5.331581601559243
17,54,4.497809512464312
17,55,6.77309226667795
17,56,9.72159321412552
17,57,9.738529815130054
17,58,9.5237800238905
17,59,12.411966843933522
17,60,14.155541147930037
17,61,14.484838031765658
17,62,15.597234278976014
17,63,18.137994022671705
17,64,19.39617057105442
17,65,20.024727437858836
17,66,21.90787863681247
17,67,23.1177372042965
17,68,19.63990101022769
17,69,20.66877649997712
18,2,16.175016639567772
18,3,13.219646891679234
18,4,12.323835697556312
18,5,13.343018566508764
18,6,11.07001793214863
18,7,7.888510613472283
18,8,9.175542097162575
18,9,10.329920832135915
18,10,7.319155347189064
18,11,5.655182096844923
18,12,8.47852932533914
18,13,9.004308922761316
18,14,9.215614569910278
18,15,8.238933707201989
18,16,7.056825929247197
18,17,3.806845805210616
18,19,3.8002379509001143
18,20,6.757321936306053
18,21,8.181772755774439
18,22,5.995345747069054
18,23,6.4922683377728205
18,24,9.937807933887779
18,25,10.624547770695465
18,26,10.077895637579136
18,27,12.422379487932934
18,28,14.76156670708682
18,29,15.506622869838464
18,30,16.354881017845134
18,31,18.490525842537753
18,32,19.08767466944002
18,33,17.03733550222703
18,34,18.135662464140914
18,35,16.325754225642317
18,36,17.543390360881176
18,37,16.26675880691487
18,38,12.582091283830707
18,39,13.050872190700552
18,40,14.657407074235968
18,41,12.17347312177466
18,42,9.401822225319062
18,43,12.151764943183318
18,44,13.240959642245302
18,45,10.401712706157806
18,46,9.499283734772167
18,47,12.679768360425863
18,48,13.263765391105691
18,49,12.447759002407652
18,50,11.076113799442357
18,51,8.675217538735724
18,52,5.278038308749486
18,53,4.71742775063579
18,54,6.342020989842719
18,55,8.376837702066098
18,56,11.306698656284974
18,57,10.224932087745486
18,58,9.15369163782332
18,59,12.583698781782793
18,60,14.349932477932827
18,61,13.668150874012666
18,62,14.622912645178673
18,63,17.73388153598309
18,64,18.733196280753972
18,65,18.666685075367432
18,66,20.577568715710008
18,67,21.242517724070545
18,68,17.594539953763455
18,69,18.490612205388235
19,2,19.66834307367722
19,3,16.73857424072655
19,4,16.064764715025554
19,5,16.820039947402663
19,6,14.251614738568307
19,7,11.43517372705185
19,8,12.493531182711864
19,9,12.993704179437637
19,10,9.476158299342654
19,11,8.1087758801604
19,12,9.636230937257295
19,13,9.721994766366128
19,14,11.149996540043201
19,15,9.865899132668785
19,16,9.88631562259715
19,17,6.443037878538067
19,18,3.8002379509001143
19,20,3.804983658049896
19,21,5.529954723698809
19,22,5.286609556543291
19,23,6.269142951285681
19,24,8.617248839707546
19,25,10.004989120750624
19,26,10.6741065964962
19,27,12.457921528051124
19,28,14.368210135085182
19,29,15.993234249649499
19,30,16.980155783042772
19,31,18.39177711838483
19,32,18.269217403791632
19,33,16.00528027394291
19,34,16.38900523126401
19,35,13.982483978067233
19,36,15.37365094686704
19,37,14.871068488537949
19,38,11.142083591357913
19,39,11.035894754680742
19,40,13.439432204323618
19,41,11.79930448576209
19,42,8.581463543010248
19,43,11.24497679288584
19,44,13.341756514391957
19,45,11.388321936593599
19,46,9.861085672809859
19,47,13.39149298483423
19,48,13.520064329350138
19,49,11.676396077252909
19,50,10.063581726214029
19,51,6.767794615920739
19,52,4.889653209636952
19,53,6.583799837132057
19,54,9.10101402598705
19,55,11.836920554936517
19,56,14.326814530405107
19,57,12.671067714738886
19,58,12.113396529663751
19,59,15.784730778580247
19,60,17.031491091737482
19,61,15.951231531873386
19,62,17.330362930317403
19,63,20.572080684265583
19,64,21.053417115638567
19,65,20.779015754243233
19,66,23.006574024192222
19,67,23.38068407327416
19,68,19.72938671502344
19,69,20.733824262199533
20,2,21.032089750633382
20,3,18.14758518033662
20,4,18.164085685543498
20,5,18.57559113048957
20,6,15.462987673216453
20,7,13.334801863034643
20,8,14.840556092908162
20,9,14.560749129674612
20,10,10.774009457658622
20,11,10.641688481621301
20,12,11.75865325804279
20,13,12.559167261335423
20,14,14.445844982217036
20,15,13.569867442165927
20,16,13.50583922879659
20,17,10.023388732993112
20,18,6.757321936306053
20,19,3.804983658049896
20,21,3.8086610731970327
20,22,5.428671913027938
20,23,5.031779906204194
20,24,5.9747621292067645
20,25,8.525258698169308
20,26,9.648637714568268
20,27,10.375212204349813
20,28,12.18067838657057
20,29,14.510351196860865
20,30,15.181140826284391
20,31,15.94020770098887
20,32,15.236656657231528
20,33,12.740729412335783
20,34,12.730927580419902
20,35,10.186026212349262
20,36,11.745987278548975
20,37,11.52048195120699
20,38,7.83597903655477
20,39,7.883217189349836
20,40,10.817095907949442
20,41,9.67069247711002
20,42,6.904780593192013
20,43,9.918833329901357
20,44,12.32720061258622
20,45,11.342808591896171
20,46,10.395966357603603
20,47,14.17191852752816
20,48,14.791069367225223
20,49,12.289288712501277
20,50,11.54354621182598
20,51,7.817483077031352
20,52,7.280846231223037
20,53,8.678048488704857
20,54,11.951667389316018
20,55,14.498369002517018
20,56,16.690063908672954
20,57,14.368092895812634
20,58,13.548414146973645
20,59,17.308378271210096
20,60,18.274946223175792
20,61,16.445156245177465
20,62,17.82882947782735
20,63,21.312281014502066
20,64,21.36051080016291
20,65,20.530873806168938
20,66,22.8542834649181
20,67,22.72850449948999
20,68,19.138878362172907
20,69,20.149907029818184
21,2,21.57444057100977
21,3,19.19091427458637
21,4,18.918122287876578
21,5,18.631158344733738
21,6,15.597275248391442
21,7,13.880520900606404
21,8,14.592720724932988
21,9,13.586105459692867
21,10,9.840371184417895
21,11,10.016589534902192
21,12,9.905398548776443
21,13,11.033593956747174
21,14,13.680968865704683
21,15,13.603456051789998
21,16,14.253351372327467
21,17,11.38406282157578
21,18,8.181772755774439
21,19,5.529954723698809
21,20,3.8086610731970327
21,22,3.8074752419132225
21,23,5.443098651880404
21,24,4.982538789838816
21,25,6.171269431101496
21,26,8.596444450963173
21,27,9.888386405651149
21,28,10.538406585955746
21,29,12.961172439500919
21,30,14.509135788589866
21,31,15.055292624478351
21,32,14.489011512945233
21,33,12.823769169437321
21,34,13.068201510998396
21,35,10.784125170638156
21,36,13.352549551948321
21,37,13.341524737265635
21,38,9.772156774596155
21,39,10.650994561824577
21,40,13.844811394496253
21,41,12.615455526621558
21,42,10.424510365731127
21,43,13.632099519955199
21,44,15.878776129759812
21,45,14.757497876840949
21,46,14.041784193794557
21,47,17.815252701618974
21,48,18.339982961099768
21,49,15.918097281940954
21,50,14.72646774006745
21,51,10.994004257524377
21,52,10.19392410760527
21,53,11.510078581917972
21,54,14.272607126314767
21,55,16.448978701449548
21,56,19.180175130271703
21,57,17.305624079689903
21,58,16.002744833090215
21,59,19.604247538917217
21,60,21.101298892722888
21,61,19.30506705426181
21,62,20.14299117575341
21,63,23.755499854495106
21,64,24.19109400562721
21,65,23.102081025097874
21,66,25.017955659994687
21,67,24.56858051822703
21,68,20.881354755622976
21,69,21.244815638273085
22,2,17.999479531981013
22,3,15.805326260047387
22,4,15.344485753789076
22,5,14.87858706502493
22,6,11.967433239405766
22,7,10.300937567423848
22,8,10.860301642669887
22,9,9.81233249442155
22,10,6.0466864358120915
22,11,6.539222051165461
22,12,6.92806691587291
22,13,8.892654764694772
22,14,10.98452278531654
22,15,11.517826840591065
22,16,11.680280714949502
22,17,9.295372896504706
22,18,5.995345747069054
22,19,5.286609556543291
22,20,5.428671913027938
22,21,3.8074752419132225
22,23,3.808977248245257
22,24,5.414418869652758
22,25,5.081142467859915
22,26,6.278868887878745
22,27,8.816554635112789
22,28,9.917341820052322
22,29,11.275683180751772
22,30,13.007548356895988
22,31,14.468602114627148
22,32,14.86955482126462
22,33,13.546847088984007
22,34,14.753477040040325
22,35,13.18618521186729
22,36,15.556280727483863
22,37,14.646414864850533
22,38,10.929208539508066
22,39,12.443963750460608
22,40,14.955199100799893
22,41,12.78787257995995
22,42,10.8152636893135
22,43,14.345795350752446
22,44,15.837543353641369
22,45,13.947433370134013
22,46,13.701334208759366
22,47,17.36003295950121
22,48,18.206140507205486
22,49,16.484149784281236
22,50,15.281549854230487
22,51,11.899616844663019
22,52,9.84997259520598
22,53,10.093423025029503
22,54,12.297500001603458
22,55,13.800571958103488
22,56,16.90777944764385
22,57,15.513465565623466
22,58,13.667653826473195
22,59,17.006122255132045
22,60,19.032244586715535
22,61,17.47934032788739
22,62,17.804328661687983
22,63,21.384770195563927
22,64,22.337115745414675
22,65,21.31062407416028
22,66,22.851084751221613
22,67,22.54034691604212
22,68,18.771243292082097
22,69,18.833835041916537
23,2,16.876966310555314
23,3,14.390528480239098
23,4,14.823820490564971
23,5,14.604691529255197
23,6,11.158452496792396
23,7,9.912524443549092
23,8,11.713427049232495
23,9,10.697297485159448
23,10,7.057209725867711
23,11,8.547456365133018
23,12,10.031274428557035
23,13,12.248014490376553
23,14,13.659511196587768
23,15,13.898036755539723
23,16,13.107684293321235
23,17,10.280834360142485
23,18,6.4922683377728205
23,19,6.269142951285681
23,20,5.031779906204194
23,21,5.443098651880404
23,22,3.808977248245257
23,24,3.810775750886523
23,25,5.349243861102601
23,26,4.87732178618679
23,27,6.232650870901981
23,28,8.5978568681644
23,29,10.079039786173581
23,30,10.724883582126179
23,31,12.260076899331711
23,32,12.613412254794026
23,33,10.767608697191685
23,34,12.255675107470822
23,35,11.137282501299136
23,36,13.017064692482261
23,37,11.45803149195676
23,38,7.8078654548824105
23,39,9.867700014509959
23,40,11.821503393488937
23,41,9.29319921155565
23,42,8.010668338754293
23,43,11.784498348038827
23,44,12.793559996277455
23,45,11.212026222797594
23,46,11.768433878728917
23,47,15.43705635350694
23,48,16.97170974460539
23,49,15.275395260159836
23,50,14.968222572937243
23,51,11.670144304015352
23,52,9.71168205073911
23,53,9.107711983577694
23,54,11.951587350358503
23,55,13.236084399319767
23,56,15.857593038886995
23,57,13.846769011202344
23,58,11.742077812958454
23,59,15.11894379146285
23,60,16.8370587476493
23,61,14.719050533048865
23,62,15.063573042784812
23,63,18.78090317375772
23,64,19.39830664464592
23,65,18.048457191470252
23,66,19.709654323573425
23,67,19.22374070951152
23,68,15.502373403417606
23,69,15.864646118605679
24,2,19.75979230620152
24,3,17.597365567428593
24,4,18.239174010907917
24,5,17.555282115896485
24,6,14.002701817205343
24,7,13.350030736033395
24,8,14.823463325762557
24,9,13.099164553922952
24,10,9.585746884133572
24,11,11.449992191256971
24,12,11.90467503106952
24,13,14.22705697235868
24,14,16.331472672655686
24,15,16.785646165587885
24,16,16.523594757289512
24,17,13.696312810627877
24,18,9.937807933887779
24,19,8.617248839707546
24,20,5.9747621292067645
24,21,4.982538789838816
24,22,5.414418869652758
24,23,3.810775750886523
24,25,3.8072549899640067
24,26,5.293019777885641
24,27,5.123981244630146
24,28,6.236026762473898
24,29,8.972279693822642
24,30,9.853723615724121
24,31,10.233716322722396
24,32,9.822862871588672
24,33,8.245933326143392
24,34,9.442596177168062
24,35,8.440442007419545
24,36,11.147590895682056
24,37,10.146222197293417
24,38,6.878988193115163
24,39,9.437274242241388
24,40,11.965680133116226
24,41,10.245396765541878
24,42,9.593065160536332
24,43,13.228042681559652
24,44,14.61537067224128
24,45,13.882720752764147
24,46,14.459289998886014
24,47,18.198680336175222
24,48,19.68431699254216
24,49,17.45711140967409
24,50,17.257944554498145
24,51,13.649681406885172
24,52,12.532780437595864
24,53,12.554067203025657
24,54,15.613439600988746
24,55,17.043844578705798
24,56,19.586891570064278
24,57,17.358168408799894
24,58,15.316573416505744
24,59,18.645697148935202
24,60,20.196486561009266
24,61,17.719995931622694
24,62,18.014156178436018
24,63,21.801667051387366
24,64,22.14720244112204
24,65,20.365851674988757
24,66,21.964907645610914
24,67,20.93178528697171
24,68,17.363005356102683
24,69,17.43649686603665
25,2,18.69590542434704
25,3,17.13631119812079
25,4,17.39668487805516
25,5,16.023050781453797
25,6,12.73979884684689
25,7,12.57630849066851
25,8,13.234810161695632
25,9,10.800623462613316
25,10,7.710967019748661
25,11,10.111507093757972
25,12,9.71959445649027
25,13,12.637447607523534
25,14,14.881735036052136
25,15,16.16483267421976
25,16,16.191996740431602
25,17,14.08721100420519
25,18,10.624547770695465
25,19,10.004989120750624
25,20,8.525258698169308
25,21,6.171269431101496
25,22,5.081142467859915
25,23,5.349243861102601
25,24,3.8072549899640067
25,26,3.809580157775391
25,27,5.567034972537163
25,28,5.11537351069052
25,29,6.940930647290002
25,30,9.206394986207373
25,31,10.071860353656305
25,32,10.65686367726165
25,33,10.378636167999355
25,34,12.22275530029887
25,35,11.736110826514489
25,36,14.74226644247902
25,37,13.623668123993554
25,38,10.548113925832405
25,39,13.230676184177158
25,40,15.629295092414967
25,41,13.525097074630953
25,42,12.86001035803962
25,43,16.60929796896477
25,44,17.730686709684328
25,45,16.44587457686319
25,46,17.08229743743301
25,47,20.77823317752658
25,48,22.18636668439104
25,49,20.27754015711593
25,50,19.64074764229631
25,51,16.092825521789678
25,52,14.398150508770563
25,53,14.182933556477792
25,54,16.61228798429815
25,55,17.538106628937978
25,56,20.56836087946326
25,57,18.938997894441847
25,58,16.474523449835615
25,59,19.497639675439494
25,60,21.65190858467152
25,61,19.467444337783444
25,62,19.160950613229236
25,63,22.92331972588998
25,64,23.843540182659325
25,65,22.034294620574418
25,66,23.11013732039183
25,67,21.98490702721971
25,68,18.36500009798229
25,69,17.71332524072128
26,2,15.260291502930476
26,3,13.750483047876635
26,4,14.496158900013596
26,5,13.090201916905388
26,6,9.540885403968668
26,7,9.982247016420795
26,8,11.31285593248085
26,9,8.8770174283906
26,10,6.2214293394351365
26,11,9.483278314684883
26,12,10.225790221067431
26,13,13.525927501271651
26,14,14.861363162809651
26,15,16.236540958839274
26,16,15.405377422753464
26,17,13.493132508977652
26,18,10.077895637579136
26,19,10.6741065964962
26,20,9.648637714568268
26,21,8.596444450963173
26,22,6.278868887878745
26,23,4.87732178618679
26,24,5.293019777885641
26,25,3.809580157775391
26,27,3.8069166096259144
26,28,5.329281888487698
26,29,5.453569601256841
26,30,6.88531804325221
26,31,9.046743649944645
26,32,10.631025346645886
26,33,10.239655583636496
26,34,12.890670150510465
26,35,13.03366303231256
26,36,15.397419352922531
26,37,13.363751963216401
26,38,10.429470037102824
26,39,13.499385403369313
26,40,15.052080616697914
26,41,12.226880821545636
26,42,12.136019363156873
26,43,15.933277063482409
26,44,16.243834384182353
26,45,14.64091174080991
26,46,15.976520977225528
26,47,19.424779890196426
26,48,21.33325666204464
26,49,19.94043325740903
26,50,19.715611269319105
26,51,16.508451929786936
26,52,14.254847312649364
