1,2,3.840647990667553
1,3,6.282177786339842
1,4,9.75237834606921
1,5,12.13621789855264
1,6,13.058333867396993
1,7,13.858162752714922
1,8,16.59105887141296
1,9,16.215763095008807
1,10,15.590330882831042
1,11,15.78095006083561
1,12,19.536847770110796
1,13,21.863215379899625
1,14,19.12358848786493
1,15,20.003937748418814
1,16,19.383795750340308
1,17,17.50134414027995
1,18,20.046485810558146
1,19,20.47763781000145
1,20,20.336036996103385
1,21,23.685152086982676
1,22,24.783412076566538
1,23,26.148825234965972
1,24,29.60076997110541
1,25,28.96926761144112
1,26,28.07018691021111
1,27,26.574985708814804
1,28,29.467361545255958
1,29,28.146178535883443
1,30,24.947906133479798
1,31,25.21905072632629
1,32,26.54428209280539
1,33,25.377166341507113
1,34,21.91720747291806
1,35,20.992681309923636
1,36,24.155162882342303
1,37,24.799024966249835
1,38,25.114624613677808
1,39,28.611816453223945
1,40,28.804164307030224
1,41,32.03218432302683
1,42,33.07349830082281
1,43,33.25683972112178
1,44,36.837132836830534
1,45,38.02829750274273
1,46,39.018849956692115
1,47,37.99777609657002
1,48,34.25183685985008
1,49,31.13876904334374
1,50,27.43253722268349
1,51,25.966851505068664
1,52,22.691338170195507
1,53,20.960434833421047
1,54,20.35970044837967
1,55,21.08391670888324
1,56,23.752859826308487
1,57,26.922058416472193
1,58,29.05707008041586
1,59,29.62153010814794
1,60,29.75087094176778
1,61,33.34339520894197
1,62,34.87977770278053
1,63,35.67605131984193
1,64,39.27759156663825
1,65,41.1599155009964
1,66,43.41110895192798
1,67,45.467969163970515
1,68,44.1314301903955
1,69,44.84116556389089
1,70,42.706424246009334
1,71,42.00438708585347
1,72,39.51899090979227
1,73,39.56690424394423
1,74,36.487935497253844
1,75,35.23332372019998
1,76,32.97731845598258
1,77,30.03210839642955
1,78,31.063564225745324
1,79,32.49483975846966
1,80,36.06822520416927
1,81,36.90995534769261
1,82,39.63992953524521
1,83,41.837499818648155
1,84,44.61420711351743
1,85,48.26338645245083
1,86,50.19100499517524
1,87,51.01178996937485
1,88,48.46600685871092
1,89,45.11314757978225
1,90,41.66725618079417
1,91,40.824240179178695
1,92,37.18677843861661
1,93,34.53336640165807
1,94,35.40783093675211
1,95,39.204754373162004
1,96,39.86084060042098
1,97,41.97188180978313
1,98,44.70111788125202
1,99,47.15824904761189
2,1,3.840647990667553
2,3,3.823504315080409
2,4,6.449562301896274
2,5,9.242115956555494
2,6,11.00769828809892
2,7,12.094843994066236
2,8,14.308921300799913
2,9,13.331604691315814
2,10,12.164420566631149
2,11,12.052191365728456
2,12,15.76558797958958
2,13,18.04401520323749
2,14,15.374733066224309
2,15,16.421073940957246
2,16,15.908548172797042
2,17,14.17853603383494
2,18,16.75698596654273
2,19,17.540295541679548
2,20,17.377648071228553
2,21,20.80409001767414
2,22,22.334379573708755
2,23,23.92236203179264
2,24,27.202652833351753
2,25,26.195033019457327
2,26,25.00685472850817
2,27,23.24701437719328
2,28,25.978699078380465
2,29,24.532675780280528
2,30,21.316709031875586
2,31,21.736481106479076
2,32,23.030926457715022
2,33,22.12810671056356
2,34,18.84120598418798
2,35,18.16060075111819
2,36,21.170373466162793
2,37,21.744931874762408
2,38,21.791952237168633
2,39,25.28843308591493
2,40,25.64511751553004
2,41,28.941830100295984
2,42,30.24176121957679
2,43,30.525135941932703
2,44,34.173835277912104
2,45,35.64780007876736
2,46,36.78658801625639
2,47,35.544618634824694
2,48,31.750921849079834
2,49,28.79292720280952
2,50,25.09241615871873
2,51,24.073337580078334
2,52,20.72656352377554
2,53,18.6638055872499
2,54,17.603147108359174
2,55,17.86559114114722
2,56,20.605375299266566
2,57,23.57801553917195
2,58,25.95269238246747
2,59,26.825769982554004
2,60,27.244039965392364
2,61,30.906760983753742
2,62,32.73192757900285
2,63,33.75940484211366
2,64,37.38026100610698
2,65,39.536930511751656
2,66,41.78817884740861
2,67,44.098338021082675
2,68,42.87005619484374
2,69,43.49152865014894
2,70,41.22026072787544
2,71,40.78516812191601
2,72,38.17733997560967
2,73,37.890872080895065
2,74,34.62426360472914
2,75,33.284136193396144
2,76,30.75497005171976
2,77,28.0878748514477
2,78,29.372856506846542
2,79,30.76949805227408
2,80,34.434771008763796
2,81,35.627229130188866
2,82,38.41880971409023
2,83,40.884411611562705
2,84,43.71777911832485
2,85,47.36477471697329
2,86,49.53447096876786
2,87,50.49252109430731
2,88,47.82019018238919
2,89,44.5927979960041
2,90,41.02781924533143
2,91,40.142561917003235
2,92,36.435923000810014
2,93,33.896229981786355
2,94,34.44633106328199
2,95,38.2526084000365
2,96,38.57208933227833
2,97,40.818959058287795
2,98,43.74333335795717
2,99,46.36943532933209
3,1,6.282177786339842
3,2,3.823504315080409
3,4,3.816128320840027
3,5,5.974968945625753
3,6,7.618313237967196
3,7,9.502389778368938
3,8,12.067554399927218
3,9,10.769161840261571
3,10,10.268577982853643
3,11,10.352106363951787
3,12,14.15434846324517
3,13,16.77560166264594
3,14,14.303809912442137
3,15,14.528774073089156
3,16,13.375939817461196
3,17,11.34021131460058
3,18,14.088435060608733
3,19,14.882420448855155
3,20,15.406216487050814
3,21,19.06594486200689
3,22,20.627580885228234
3,23,22.7065343232801
3,24,26.045952596417024
3,25,24.91854393816625
3,26,23.967101113884286
3,27,21.99992437677297
3,28,24.580473476597476
3,29,22.853221345959156
3,30,19.42472224750075
3,31,19.26879917244708
3,32,20.4669330269504
3,33,19.128517787838234
3,34,15.642449310407908
3,35,14.790851509587865
3,36,18.025165872608515
3,37,18.971935413801447
3,38,19.52115835472051
3,39,23.177107438369386
3,40,23.853656245029704
3,41,27.344216348874795
3,42,28.836716333909646
3,43,29.57243993374941
3,44,33.326327331956776
3,45,34.794028126546905
3,46,36.297797780327635
3,47,35.21984773066058
3,48,31.416054315424194
3,49,28.36082010325988
3,50,24.58399216604883
3,51,23.636311896892845
3,52,20.027055327394073
3,53,17.45061399889395
3,54,16.728936004494265
3,55,17.01699032857178
3,56,20.2360232421738
3,57,23.034017356381028
3,58,25.620236563683186
3,59,26.478827921748323
3,60,27.358568943532514
3,61,31.122206817236183
3,62,32.919486933297
3,63,34.3428661302077
3,64,38.06042501249167
3,65,40.28159587283031
3,66,42.768018511867034
3,67,45.200729530201
3,68,43.77572580744159
3,69,44.073934982731714
3,70,41.54035321227855
3,71,41.027476181877844
3,72,38.16285452990089
3,73,37.65954235466472
3,74,34.374717877509944
3,75,32.64049912266964
3,76,29.92727883702373
3,77,27.348838454429476
3,78,29.076852001450337
3,79,30.86735043308397
3,80,34.616335604811866
3,81,36.04126759370645
3,82,39.0789330363718
3,83,41.69616765211994
3,84,44.73442737521528
3,85,48.28090771494773
3,86,50.48981886609431
3,87,51.711576353635245
3,88,49.15005671585941
3,89,46.06483172966206
3,90,42.519638530102526
3,91,41.900908617487964
3,92,38.13331163186932
3,93,35.42957851817379
3,94,35.636807788262196
3,95,39.46493897774465
3,96,39.74256345969144
3,97,42.255073624244176
3,98,45.16266085941863
3,99,47.983236354956105
4,1,9.75237834606921
4,2,6.449562301896274
4,3,3.816128320840027
4,5,3.78970126955217
4,6,7.1086259284533435
4,7,9.596780708960255
4,8,11.25503286092937
4,9,8.846061626094643
4,10,7.61309055759612
4,11,6.856882829846274
4,12,10.568844376011521
4,13,13.098701650571114
4,14,10.696716827000602
4,15,10.75787859169386
4,16,9.649487203307448
4,17,7.969692863012343
4,18,11.049516612603817
4,19,12.587254457157757
4,20,13.413777808899708
4,21,17.16183370141446
4,22,19.30522632444562
4,23,21.739406032918787
4,24,24.789668205002695
4,25,23.162622900260498
4,26,21.87973877261386
4,27,19.479056573484527
4,28,21.698756601471725
4,29,19.643435416112062
4,30,16.085383374644096
4,31,15.898788154890102
4,32,16.866332342964817
4,33,15.730575257309455
4,34,12.421571792584999
4,35,12.105189798907237
4,36,15.214385020491852
4,37,16.301929718820883
4,38,16.628981274246776
4,39,20.327505923555417
4,40,21.396499968725113
4,41,25.008596369697635
4,42,26.901357446055837
4,43,27.863920888948115
4,44,31.672860063071937
4,45,33.471527185537546
4,46,35.19131102570902
4,47,33.887116110336365
4,48,30.080813924174787
4,49,27.25888312983097
4,50,23.56820624462161
4,51,23.192491003543008
4,52,19.588583570200093
4,53,16.603162019984655
4,54,15.380572951221746
4,55,14.947078111703808
4,56,18.28288125114543
4,57,20.65149413056933
4,58,23.59037542282495
4,59,24.85848725097265
4,60,26.159939845229186
4,61,29.94174099657452
4,62,32.04732421543371
4,63,33.74479254996326
4,64,37.433431047737045
4,65,39.92897063452881
4,66,42.39653144565384
4,67,45.07530736690927
4,68,43.77026551852769
4,69,43.95673426490362
4,70,41.28861043084787
4,71,41.052045089440895
4,72,38.07223343967191
4,73,37.19630325512577
4,74,33.750282496569874
4,75,31.890899061902456
4,76,28.875155308643258
4,77,26.692890103180954
4,78,28.735886058534273
4,79,30.499791978048375
4,80,34.289430796215214
4,81,36.08166949842516
4,82,39.157140519137045
4,83,42.0203245549989
4,84,45.09106685671001
4,85,48.59843321102323
4,86,51.02763966668521
4,87,52.38052104291884
4,88,49.719456272700214
4,89,46.78296311820137
4,90,43.15979224736144
4,91,42.50593594271403
4,92,38.71973180844618
4,93,36.16486161051892
4,94,36.04975129089138
4,95,39.8327974362037
4,96,39.76585597657395
4,97,42.390641480583284
4,98,45.46322426126672
4,99,48.42444772594436
5,1,12.13621789855264
5,2,9.242115956555494
5,3,5.974968945625753
5,4,3.78970126955217
5,6,3.826912283570723
5,7,6.665433839131602
5,8,8.181387388880974
5,9,5.646468728347527
5,10,5.859570173125233
5,11,6.565152109558364
5,12,9.965223346122029
5,13,13.177789460521335
5,14,11.711737303136115
5,15,11.063251927536175
5,16,8.686140367168564
5,17,5.781110791252363
5,18,8.316146086485825
5,19,9.292703110776893
5,20,10.643011094147928
5,21,14.460424265849365
5,22,16.405735231761035
5,23,19.15918750065626
5,24,22.2584991168038
5,25,20.712030499020127
5,26,19.862653742001182
5,27,17.564644392945677
5,28,19.831122048234928
5,29,17.838624775522394
5,30,14.306877319106523
5,31,13.633820627100052
5,32,15.020795759938744
5,33,13.570611303591624
5,34,10.170163673843772
5,35,8.941600634765452
5,36,12.055602174954094
5,37,13.11780039214198
5,38,13.980174457645818
5,39,17.728910543937886
5,40,18.811111560531533
5,41,22.483146272717356
5,42,24.334865029682895
5,43,25.628826477161365
5,44,29.46281810990172
5,45,31.11161915275141
5,46,33.09354122723053
5,47,32.05092459099458
5,48,28.296370805679558
5,49,25.347074854243605
5,50,21.64539719275065
5,51,21.22789939539337
5,52,17.49945738964611
5,53,14.198044742524326
5,54,13.524763057674651
5,55,13.465016164986723
5,56,17.135662940081748
5,57,19.45942743295908
5,58,22.313868323645398
5,59,23.30179097594598
5,60,24.905329319979785
5,61,28.70209165185028
5,62,30.618104157102437
5,63,32.626859014192206
5,64,36.37434372302157
5,65,38.82285282321776
5,66,41.52681179094986
5,67,44.24269847003884
5,68,42.707241676988424
5,69,42.578468539968064
5,70,39.70052329339756
5,71,39.34293317314326
5,72,36.16996289413275
5,73,35.1616702039303
5,74,31.77683433086944
5,75,29.59786057596797
5,76,26.526618349040092
5,77,24.38399740900224
5,78,26.75051084309317
5,79,28.869524845921195
5,80,32.66867384785588
5,81,34.59899094549833
5,82,37.874149749717674
5,83,40.81947277911281
5,84,44.06439152691167
5,85,47.44293419385213
5,86,49.865196354632815
5,87,51.4641415600973
5,88,48.95183465956981
5,89,46.17303656018296
5,90,42.61681360792483
5,91,42.27461634150217
5,92,38.46714286191452
5,93,35.741394976619276
5,94,35.306972894145616
5,95,39.06886301993174
5,96,39.03001526920854
5,97,41.894901569692735
5,98,44.87787851957631
5,99,48.00312365612545
6,1,13.058333867396993
6,2,11.00769828809892
6,3,7.618313237967196
6,4,7.1086259284533435
6,5,3.826912283570723
6,7,3.7984601987276103
6,8,6.454210456277744
6,9,5.5386414548043765
6,10,7.826414238571265
6,11,9.787338340610264
6,12,12.817709796857782
6,13,16.317285511179577
6,14,15.299031675830683
6,15,14.365129327901938
6,16,11.429588493387811
6,17,7.985984418348164
6,18,9.367750451495084
6,19,8.900506345324155
6,20,10.458258539853471
6,21,14.058368837742213
6,22,15.189684905796081
6,23,17.949211646000574
6,24,21.30503266480978
6,25,20.27837464289939
6,26,20.14390438970904
6,27,18.336849489878663
6,28,20.84354520858867
6,29,19.19574801637561
6,30,15.921513463771202
6,31,14.865212576176827
6,32,16.654060872124894
6,33,14.803024866111162
6,34,11.405096976204668
6,35,8.978013247836204
6,36,11.988343921131454
6,37,12.893771017979477
6,38,14.487984292523961
6,39,18.086846181000737
6,40,18.845683884473694
6,41,22.39663776504669
6,42,23.86266654642868
6,43,25.302278857102273
6,44,29.077636796357865
6,45,30.30692988551035
6,46,32.37924705854402
6,47,31.77452563256113
6,48,28.104224508137243
6,49,24.881246900205554
6,50,21.14772978283244
6,51,20.232636031509195
6,52,16.414990663879315
6,53,13.184017230402837
6,54,13.566319559294284
6,55,14.435030665750865
6,56,18.17617110929601
6,57,20.712292261013594
6,58,23.18474507772497
6,59,23.601640248117782
6,60,25.15532354852538
6,61,28.913125036626383
6,62,30.407787262778072
6,63,32.501503673886305
6,64,36.30440258749165
6,65,38.49931637216318
6,66,41.43061972396792
6,67,43.99709077281872
6,68,42.15986286054313
6,69,41.80481110351475
6,70,38.82736204984851
6,71,38.141368523282466
6,72,34.86681496822631
6,73,34.01079034045463
6,74,30.829265918328616
6,75,28.42608755899847
6,76,25.5582436576808
6,77,23.15690224601668
6,78,25.600522751204235
6,79,28.094447163937634
6,80,31.849364645991013
6,81,33.633360066847324
6,82,37.06718226190027
6,83,39.90220734292701
6,84,43.285292859596815
6,85,46.55706203732313
6,86,48.805727904220234
6,87,50.547606662269516
6,88,48.257589982150236
6,89,45.5311111817868
6,90,42.106075681847464
6,91,42.08525291601067
6,92,38.285870629546835
6,93,35.30510019234376
6,94,34.796388248174885
6,95,38.55399838127652
6,96,38.789248457277125
6,97,41.789717788299626
6,98,44.561602226681615
6,99,47.73295891534725
7,1,13.858162752714922
7,2,12.094843994066236
7,3,9.502389778368938
7,4,9.596780708960255
7,5,6.665433839131602
7,6,3.7984601987276103
7,8,3.836125299641171
7,9,5.428143157918687
7,10,8.294249420930479
7,11,11.33098779601773
7,12,14.153249606371645
7,13,17.903100230754696
7,14,17.3538771621603
7,15,16.93278687143337
7,16,13.955038856560293
7,17,10.232700296594606
7,18,10.409223745903498
7,19,8.645943137091125
7,20,9.087752415481472
7,21,12.22603586333276
7,22,12.61321758400516
7,23,14.946047573726549
7,24,18.51505052304408
7,25,18.017807244591065
7,26,18.325901750462158
7,27,17.17941461995911
7,28,20.135164162136196
7,29,19.167424168794728
7,30,16.382243702416613
7,31,15.809418665399802
7,32,18.287672608783357
7,33,16.889890203677563
7,34,13.936411116764322
7,35,10.963074305345577
7,36,13.118795804488498
7,37,12.983347171420627
7,38,14.339376104409128
7,39,17.577122965871247
7,40,17.579780711960243
7,41,20.822247062734423
7,42,21.743573172500525
7,43,22.91307524987798
7,44,26.591203928505312
7,45,27.500354559086936
7,46,29.412965972828054
7,47,29.04397480237533
7,48,25.42429000896899
7,49,22.010753738346974
7,50,18.258661530695576
7,51,16.929131086490163
7,52,13.122240955475693
7,53,10.206018875885853
7,54,11.295097239375382
7,55,13.071326178252093
7,56,16.59784115190159
7,57,19.487719051487197
7,58,21.44504004822023
7,59,21.32614049008715
7,60,22.60738347867828
7,61,26.299573048228904
7,62,27.471288639733356
7,63,29.500320960794173
7,64,33.318433981375435
7,65,35.32228548029396
7,66,38.35470341516633
7,67,40.80121219827613
7,68,38.815172656241046
7,69,38.394144650856504
7,70,35.424211403999486
7,71,34.584891938250045
7,72,31.324602904907305
7,73,30.630415002344538
7,74,27.56277095668316
7,75,25.202802480609165
7,76,22.562912109593565
7,77,19.893350942609587
7,78,22.18976209473344
7,79,24.785977301767076
7,80,28.500372121211814
7,81,30.145774719698895
7,82,33.620245416887485
7,83,36.38134556769879
7,84,39.80889287705845
7,85,43.036577570454284
7,86,45.209300237178084
7,87,47.000186186880306
7,88,44.80538304439307
7,89,42.11826091272942
7,90,38.76385814836014
7,91,38.92414153075396
7,92,35.14524077266378
7,93,32.04425036723902
7,94,31.470944898381063
7,95,35.210397970482795
7,96,35.598293893665364
7,97,38.657127940341866
7,98,41.301053421030915
7,99,44.491722635685576
8,1,16.59105887141296
8,2,14.308921300799913
8,3,12.067554399927218
8,4,11.25503286092937
8,5,8.181387388880974
8,6,6.454210456277744
8,7,3.836125299641171
8,9,3.8542078290590296
8,10,6.924744480779506
8,11,10.596748027997293
8,12,12.629869359444125
8,13,16.462939536355833
8,14,16.70058776406715
8,15,16.513223230347617
8,16,13.445950589132233
8,17,9.725284399643332
8,18,8.578784151808499
8,19,5.987438569985641
8,20,5.48926948325628
8,21,8.40491229033472
8,22,8.95158154647713
8,23,11.501862587536921
8,24,14.91839753868529
8,25,14.211856675183917
8,26,14.553929708793374
8,27,13.557922088579941
8,28,16.611709520999153
8,29,16.009710605295673
8,30,13.651978439982942
8,31,13.476571712924015
8,32,16.490285119556955
8,33,15.719122207665675
8,34,13.448565355307291
8,35,10.364849771420063
8,36,11.476821656804347
8,37,10.349839801223833
8,38,11.236312574565085
8,39,14.187064425012645
8,40,13.859296701880378
8,41,17.023475855173967
8,42,17.93980087402705
8,43,19.15109992326805
8,44,22.862360866187103
8,45,23.923752936963638
8,46,25.956311302190954
8,47,25.48965418373208
8,48,21.87845389209094
8,49,18.562256838748016
8,50,14.864831944038883
8,51,13.977143890947685
8,52,10.193215664544953
8,53,6.815971213953887
8,54,7.932663361189189
8,55,9.842352663761794
8,56,13.332941734258728
8,57,16.082020955295523
8,58,17.92381868700806
8,59,17.759223814694128
8,60,19.318407321887623
8,61,22.988322762793004
8,62,24.26054314574552
8,63,26.544651795325198
8,64,30.338377393924514
8,65,32.50679852089023
8,66,35.574396485396655
8,67,38.19533153427103
8,68,36.25784598483851
8,69,35.69628972772073
8,70,32.60318253679474
8,71,31.997244917036394
8,72,28.643257536521592
8,73,27.629742936764497
8,74,24.43380964875587
8,75,21.98053684309761
8,76,19.114213358604783
8,77,16.728807779960896
8,78,19.30438963489679
8,79,21.904188208348955
8,80,25.63604194190027
8,81,27.606580456208462
8,82,31.120685337316516
8,83,34.09711605492063
8,84,37.56001229123092
8,85,40.71895057923711
8,86,43.08333234975491
8,87,45.01702857976728
8,88,42.76575293211491
8,89,40.26296925999544
8,90,36.87832971444287
8,91,37.09608998743188
8,92,33.33331668896389
8,93,30.351427061895215
8,94,29.40040580813452
8,95,33.057315090690494
8,96,33.16439651634331
8,97,36.36139840261686
8,98,39.092383533791285
8,99,42.42510208725046
9,1,16.215763095008807
9,2,13.331604691315814
9,3,10.769161840261571
9,4,8.846061626094643
9,5,5.646468728347527
9,6,5.5386414548043765
9,7,5.428143157918687
9,8,3.8542078290590296
9,10,3.8151705611516094
9,11,7.114408809728228
9,12,9.13051965570208
9,13,12.94943763623808
9,14,13.098742132403101
9,15,12.681357837607699
9,16,9.600868196807824
9,17,5.911956314444412
9,18,5.251329480662986
9,19,4.275980424216065
9,20,5.13254158351188
9,21,8.913066706840635
9,22,10.847023739750849
9,23,13.831784679344846
9,24,16.7941506106017
9,25,15.235037605937794
9,26,14.761454799774485
9,27,12.80187139876892
9,28,15.356012180991815
9,29,13.966592389186207
9,30,10.995889620527363
9,31,10.622902197160052
9,32,13.251020711662736
9,33,12.488547221300031
9,34,10.086066576100155
9,35,7.6063876773037045
9,36,9.163735373161431
9,37,8.745087394797903
9,38,9.440347027793186
9,39,12.955234718731854
9,40,13.539541371748447
9,41,17.122906491820228
9,42,18.802213183419937
9,43,20.24816739241606
9,44,24.07481875880049
9,45,25.660109055430013
9,46,27.83110548473808
9,47,26.93792573212301
9,48,23.26192723029075
9,49,20.29986858355431
9,50,16.69003939445089
9,51,16.53874736249713
9,52,12.881378554634749
9,53,9.236227677414709
9,54,8.887989838505137
9,55,9.246423716383633
9,56,13.067068011295937
9,57,15.336577148197398
9,58,17.892939649770327
9,59,18.528476723493874
9,60,20.46043868460712
9,61,24.19698603402863
9,62,25.975124566734888
9,63,28.33830446175885
9,64,32.07878234993321
9,65,34.555743008706145
9,66,37.44557363038756
9,67,40.26974927070647
9,68,38.59529915079133
9,69,38.14746173652857
9,70,35.068010574703464
9,71,34.78074854872533
9,72,31.44984095083997
9,73,30.16585318385088
9,74,26.777723369473886
9,75,24.373631920556075
9,76,21.18170022843425
9,77,19.265287137018145
9,78,21.966467375516675
9,79,24.29079398708578
9,80,28.055742565827813
9,81,30.267930381237495
9,82,33.67719406429193
9,83,36.79878780076975
9,84,40.16969659620046
9,85,43.38524424402823
9,86,45.919826238428065
9,87,47.78816438862197
9,88,45.361947709500804
9,89,42.85014121463912
9,90,39.35144141319348
9,91,39.30342597045916
9,92,35.52437251401286
9,93,32.77115493219585
9,94,31.82923051210648
9,95,35.47956984724231
9,96,35.2823911055534
9,97,38.403531266874126
9,98,41.34484081776394
9,99,44.67400122797666
10,1,15.590330882831042
10,2,12.164420566631149
10,3,10.268577982853643
10,4,7.61309055759612
10,5,5.859570173125233
10,6,7.826414238571265
10,7,8.294249420930479
10,8,6.924744480779506
10,9,3.8151705611516094
10,11,3.8147100377794074
10,12,6.13433636118098
10,13,9.876388302208637
10,14,9.868107839503825
10,15,10.296811115533421
10,16,8.075856735747944
10,17,5.279102360852723
10,18,5.485630786739471
10,19,6.493747688019718
10,20,6.291391778428328
10,21,9.855978533548303
10,22,12.578516010764849
10,23,15.188288165715925
10,24,17.79978934524575
10,25,15.767701195009227
10,26,14.374064376117017
10,27,11.936485106627957
10,28,14.345504019042115
10,29,12.749262205709565
10,30,9.599041013613313
10,31,10.194692744753318
10,32,12.533240296387724
10,33,12.54621689202081
10,34,10.424175784668975
10,35,9.272130136190814
10,36,10.697040718544038
10,37,10.235773467858042
10,38,9.65939032054266
10,39,13.13957491865917
10,40,13.863959836309046
10,41,17.422661546838924
10,42,19.394411391417798
10,43,20.47167991587597
10,44,24.29887647608646
10,45,26.302448127629713
10,46,28.241846496734436
10,47,26.85436273910931
10,48,23.09978869322377
10,49,20.467650422231916
10,50,16.94213362901623
10,51,17.29633277789612
10,52,13.888808121552772
10,53,10.528916838895912
10,54,8.739039986521322
10,55,7.799171336579689
10,56,11.454353724634721
10,57,13.606884897325157
10,58,16.559525836266186
10,59,17.83883904147819
10,60,19.6854391273929
10,61,23.44395529018411
10,62,25.669137436225917
10,63,27.844146034156214
10,64,31.50492536619248
10,65,34.220457237897456
10,66,36.83331805920988
10,67,39.780015636040964
10,68,38.44371917330234
10,69,38.28905641859199
10,70,35.376890735254236
10,71,35.43219250608638
10,72,32.28047106214663
10,73,30.9162734636849
10,74,27.34764544428082
10,75,25.31214201221658
10,76,22.011083354926456
10,77,20.34044627089276
10,78,22.782446224957596
10,79,24.595245730916773
10,80,28.367102945812086
10,81,30.659296363312233
10,82,33.84427436300832
10,83,37.035821561784175
10,84,40.22319461641387
10,85,43.556786998767585
10,86,46.24915532843155
10,87,47.92748874818915
10,88,45.26882188500303
10,89,42.6892612570138
10,90,39.06490028856288
10,91,38.6634260501694
10,92,34.892153420416854
10,93,32.425076388264074
10,94,31.60592429417723
10,95,35.24674229591505
10,96,34.78140605000125
10,97,37.72087270000127
10,98,40.87057757881639
10,99,44.121836436569694
11,1,15.78095006083561
11,2,12.052191365728456
11,3,10.352106363951787
11,4,6.856882829846274
11,5,6.565152109558364
11,6,9.787338340610264
11,7,11.33098779601773
11,8,10.596748027997293
11,9,7.114408809728228
11,10,3.8147100377794074
11,12,3.821256428604027
11,13,6.95354451356356
11,14,6.154668753109913
11,15,6.859315729577941
11,16,5.686312031333285
11,17,4.715826617285782
11,18,6.572769868892608
11,19,9.183751871465494
11,20,9.596694515838688
11,21,12.90201007999736
11,22,16.011539479551438
11,23,18.643848244929213
11,24,20.95683721666022
11,25,18.536650140989547
11,26,16.589121536444363
11,27,13.613876949460568
11,28,15.318545114708558
11,29,13.055691119019
11,30,9.565445914341568
11,31,10.182169474864802
11,32,11.47168967433809
11,33,11.682841340830393
11,34,9.646099625830118
11,35,9.957761311998807
11,36,11.654952621000374
11,37,11.969718255395858
11,38,11.11738109451496
11,39,14.56837546817581
11,40,15.93528899887865
11,41,19.517812292634932
11,42,21.91856196619067
11,43,23.01636525915384
11,44,26.793267899419984
11,45,29.124036373842575
11,46,31.04538066107145
11,47,29.33648913890238
11,48,25.61402985051831
11,49,23.3112516666247
11,50,19.958121246115674
11,51,20.654698907863622
11,52,17.41637667253981
11,53,14.170613740873469
11,54,11.916839365520893
11,55,10.048052300004278
11,56,13.24667022101865
11,57,14.796313264265521
11,58,18.170478063775946
11,59,20.06915809920253
11,60,21.98409635062399
11,61,25.660398978660385
11,62,28.224703903119757
11,63,30.31083577374793
11,64,33.8602630668438
11,65,36.759890098633534
11,66,39.151848977206555
11,67,42.196472016972116
11,68,41.11571580345624
11,69,41.13079176607965
11,70,38.3127571209903
11,71,38.59008885815473
11,72,35.527902978287884
11,73,34.06071282403021
11,74,30.409701278118558
11,75,28.51260295094263
11,76,25.11112405904093
11,77,23.701621323244503
11,78,26.082414066409964
11,79,27.627494963924025
11,80,31.359657317765425
11,81,33.72180230084579
11,82,36.757215481306154
11,83,39.98454150612388
11,84,43.041721585157184
11,85,46.431347125127026
11,86,49.21809304744579
11,87,50.77231727908856
11,88,47.96856199789747
11,89,45.34597957700632
11,90,41.65123799183127
11,91,40.98043599304436
11,92,37.23882874451119
11,93,34.99380681205118
11,94,34.29410128527154
11,95,37.90327075577913
11,96,37.24149369814239
11,97,40.02452317578512
11,98,43.31687910098914
11,99,46.49045515852501
12,1,19.536847770110796
12,2,15.76558797958958
12,3,14.15434846324517
12,4,10.568844376011521
12,5,9.965223346122029
12,6,12.817709796857782
12,7,14.153249606371645
12,8,12.629869359444125
12,9,9.13051965570208
12,10,6.13433636118098
12,11,3.821256428604027
12,13,3.83544193413555
12,14,5.226897697367012
12,15,5.940300939698837
12,16,5.311910265301338
12,17,5.938898204330354
12,18,6.35291965969307
12,19,9.522058788092506
12,20,9.923733909070274
12,21,12.497501946757058
12,22,16.082424772690384
12,23,18.805921483673416
12,24,20.507719246830803
12,25,17.561275687303922
12,26,15.187288088385003
12,27,11.736662203266919
12,28,12.633904513878003
12,29,9.929770624587608
12,30,6.479549596128836
12,31,7.6544246256658335
12,32,8.720801536477698
12,33,10.032816011862698
12,34,9.277277596015098
12,35,10.316439970431317
12,36,10.896277224594252
12,37,10.91916834811361
12,38,9.271752237128347
12,39,12.302226622849169
12,40,14.14253084274961
12,41,17.622590402184088
12,42,20.46889958484262
12,43,21.756197923655332
12,44,25.426632791630002
12,45,28.11306749936588
12,46,30.20032203908245
12,47,28.24719268604039
12,48,24.672921826058317
12,49,22.813656391082855
12,50,19.826044486366303
12,51,21.197321973351613
12,52,18.31810948952797
12,53,15.082072937066092
12,54,12.459832964547731
12,55,9.681481829952816
12,56,12.410331296116633
12,57,12.975953179566721
12,58,16.66095311943358
12,59,19.05045465490218
12,60,21.40762764469347
12,61,24.89451206485549
12,62,27.731258810791246
12,63,30.053635023874985
12,64,33.44574710498773
12,65,36.57395824334305
12,66,38.88451625612807
12,67,42.1319459807013
12,68,41.204768415166754
12,69,41.10375135024263
12,70,38.212380783247916
12,71,38.79563489941653
12,72,35.70591364467395
12,73,33.87340270274627
12,74,30.157963816968163
12,75,28.225958810002286
12,76,24.625413288010062
12,77,23.79373087691507
12,78,26.37019487852694
12,79,27.775319744935715
12,80,31.39274935462047
12,81,34.07603439865589
12,82,37.05146643480047
12,83,40.457143022293124
12,84,43.47690382741528
12,85,46.7615211892426
12,86,49.733561688512815
12,87,51.396514292152176
12,88,48.53354888328237
12,89,46.11235268778033
12,90,42.41333303275344
12,91,41.729243778225076
12,92,38.06122975353062
12,93,36.02897602911037
12,94,35.01534444160269
12,95,38.47057986275279
12,96,37.45838068426815
12,97,40.29627020739437
12,98,43.68886379699384
12,99,46.953112358764514
13,1,21.863215379899625
13,2,18.04401520323749
13,3,16.77560166264594
13,4,13.098701650571114
13,5,13.177789460521335
13,6,16.317285511179577
13,7,17.903100230754696
13,8,16.462939536355833
13,9,12.94943763623808
13,10,9.876388302208637
13,11,6.95354451356356
13,12,3.83544193413555
13,14,3.81468043918761
13,15,5.276643953696436
13,16,6.831186909699787
13,17,9.041418246609839
13,18,9.702475681930201
13,19,13.06981497086387
13,20,13.475743924049437
13,21,15.611853754081396
13,22,19.343426129439337
13,23,21.934794193930305
13,24,23.242751983988196
13,25,20.015907237242992
13,26,17.209509494846582
13,27,13.579079402922275
13,28,13.602485100710668
13,29,10.605711570838846
13,30,7.793449285086782
13,31,9.21508715226212
13,32,9.002530207165687
13,33,11.028845364416917
13,34,11.087648772842085
13,35,13.093944768307589
13,36,13.402124345484223
13,37,13.661489498144665
13,38,11.683675262252795
13,39,14.08271804319019
13,40,16.236302790480693
13,41,19.420687381805575
13,42,22.539613155607384
13,43,23.753017163800113
13,44,27.234154559104947
13,45,30.2301106233797
13,46,32.259757584428414
13,47,29.984252868052284
13,48,26.557182331994454
13,49,25.1345748116993
13,50,22.453025454366976
13,51,24.196931767120912
13,52,21.587334273359012
13,53,18.535279393921115
13,54,15.624047606182389
13,55,12.396101175921943
13,56,14.372087980277607
13,57,14.160530410258096
13,58,17.96868285312466
13,59,20.87000583247611
13,60,23.269931521058602
13,61,26.5282898530345
13,62,29.659745894962263
13,63,31.914478770836222
13,64,35.109456035200104
13,65,38.42175348007892
13,66,40.485354125237436
13,67,43.84732884366984
13,68,43.202434461454324
13,69,43.22403532523485
13,70,40.429727913269446
13,71,41.297904469537094
13,72,38.318387899194235
13,73,36.327689661971654
13,74,32.569200004938025
13,75,30.81200901992292
13,76,27.16360290911661
13,77,26.679327576498206
13,78,29.17395279473238
13,79,30.277187400181294
13,80,33.77650822746963
13,81,36.57177536104241
13,82,39.364516068005344
13,83,42.825499324239026
13,84,45.69426772496366
13,85,48.974434702905135
13,86,52.075187833220895
13,87,53.65302953747733
13,88,50.65599900688209
13,89,48.28236114301032
13,90,44.547017770964295
13,91,43.63860514998211
13,92,40.0547475918834
13,93,38.29900785648599
13,94,37.28623048860036
13,95,40.63014451691556
13,96,39.34716526628232
13,97,42.04031124413549
13,98,45.558437511146415
13,99,48.76325712439775
14,1,19.12358848786493
14,2,15.374733066224309
14,3,14.303809912442137
14,4,10.696716827000602
14,5,11.711737303136115
14,6,15.299031675830683
14,7,17.3538771621603
14,8,16.70058776406715
14,9,13.098742132403101
14,10,9.868107839503825
14,11,6.154668753109913
14,12,5.226897697367012
14,13,3.81468043918761
14,15,3.8004082191698365
14,16,6.503847409234547
14,17,8.836039013362173
14,18,10.860146506472372
14,19,14.291041428851958
14,20,14.896002937729389
14,21,17.638102386505828
14,22,21.158457183679722
14,23,23.731752709819467
14,24,25.494152569997578
14,25,22.561417966610186
14,26,19.923721233514772
14,27,16.479391741292993
14,28,17.02852999252803
14,29,14.167336116749333
14,30,11.026780300957673
14,31,11.88883990773154
14,32,11.462935942531537
14,33,12.46600221110563
14,34,11.48796534022807
14,35,13.60091864965619
14,36,14.906192963844077
14,37,15.720662379887768
14,38,14.329464317948
14,39,17.199774602288766
14,40,19.20118699989511
14,41,22.54859408843263
14,42,25.453714577546414
14,43,26.52510568997371
14,44,30.10843598195826
14,45,32.923774988057865
14,46,34.80594369170855
14,47,32.6126826342384
14,48,29.048464938571456
14,49,27.34222026428985
14,50,24.374915128249718
14,51,25.660905339730274
14,52,22.77348494388161
14,53,19.704579395420506
14,54,16.92875218748338
14,55,14.136959557399672
14,56,16.41839618425308
14,57,16.888172454228783
14,58,20.588686759086784
14,59,23.2901467262112
14,60,25.324996868641694
14,61,28.732321534408793
14,62,31.766840209065766
14,63,33.76615434268489
14,64,37.05863718850104
14,65,40.2479064436686
14,66,42.27910631128319
14,67,45.49945560643767
14,68,44.83924282738592
14,69,45.05377355133328
14,70,42.36870514111215
14,71,43.05809598656361
14,72,40.13675911840411
14,73,38.43007407768195
14,74,34.68096119244364
14,75,33.0015145647032
14,76,29.468788704948373
14,77,28.560662310839476
14,78,30.876131051995365
14,79,32.00247349851984
14,80,35.60168949763076
14,81,38.13999999461937
14,82,40.92348097137938
14,83,44.240095215029605
14,84,47.08145806455732
14,85,50.49080072825299
14,86,53.46771438465306
14,87,54.87971331228895
14,88,51.861743284265884
14,89,49.276037013930356
14,90,45.50866317183734
14,91,44.47174010493874
14,92,40.83811621607032
14,93,39.00049871016468
14,94,38.33822415876274
14,95,41.8100310970243
14,96,40.75598586981993
14,97,43.316578881088354
14,98,46.81347730579589
14,99,49.89036930309822
15,1,20.003937748418814
15,2,16.421073940957246
15,3,14.528774073089156
15,4,10.75787859169386
15,5,11.063251927536175
15,6,14.365129327901938
15,7,16.93278687143337
15,8,16.513223230347617
15,9,12.681357837607699
15,10,10.296811115533421
15,11,6.859315729577941
15,12,5.940300939698837
15,13,5.276643953696436
15,14,3.8004082191698365
15,16,3.814782557957803
15,17,7.243401644927637
15,18,9.654487213466453
15,19,13.39062279583684
15,20,14.950542070346659
15,21,17.864983645686532
15,22,21.304442748483904
15,23,24.315775102222414
15,24,26.16225446210053
15,25,23.216557720548547
15,26,20.96352132664496
15,27,17.386217324180777
15,28,17.682356094694274
15,29,14.372008634070546
15,30,10.884712555896076
15,31,10.483118610574957
15,32,9.277203384806695
15,33,9.463168164897898
15,34,8.383405423377157
15,35,11.151116015571427
15,36,12.670451807594782
15,37,14.300055305963085
15,38,13.682465008461547
15,39,16.7518205457649
15,40,19.277840041905254
15,41,22.829767166251223
15,42,25.92001652408512
15,43,27.487534561160228
15,44,31.135233801972714
15,45,33.85028754040357
15,46,36.06049378266927
15,47,34.11542841990997
15,48,30.577898185837533
15,49,28.726211834897512
15,50,25.692181888766193
15,51,26.869180714466392
15,52,23.77025169894136
15,53,20.36021871246052
15,54,18.085456467385125
15,55,15.57098948967342
15,56,18.310521919789892
15,57,18.68037698514655
15,58,22.44068786536035
15,59,24.961624343722853
15,60,27.31534176887263
15,61,30.78103855809268
15,62,33.661665946726934
15,63,35.92841823204583
15,64,39.30479230366586
15,65,42.44470656890323
15,66,44.68697097392724
15,67,47.91964710060056
15,68,47.04479050727333
15,69,47.008348461940294
15,70,44.13353365838426
15,71,44.65587789541317
15,72,41.54141477439583
15,73,39.74779627886873
15,74,36.05062688257434
15,75,34.01985389018279
15,76,30.4013964282123
15,77,29.50090845353831
15,78,32.14230801651437
15,79,33.64209340927281
15,80,37.28818298469273
15,81,39.90355265704355
15,82,42.88747897432716
15,83,46.24175777082323
15,84,49.24668689496352
15,85,52.581215110159604
15,86,55.509069346817206
15,87,57.09795696252515
15,88,54.21081287405745
15,89,51.68033747885915
15,90,47.95553331126512
15,91,47.141957173076506
15,92,43.45937828364586
15,93,41.422778186458864
15,94,40.62479018179696
15,95,44.13621661298429
15,96,43.184276812412485
15,97,45.92161983288673
15,98,49.3401622450235
15,99,52.521987781353836
16,1,19.383795750340308
16,2,15.908548172797042
16,3,13.375939817461196
16,4,9.649487203307448
16,5,8.686140367168564
16,6,11.429588493387811
16,7,13.955038856560293
16,8,13.445950589132233
16,9,9.600868196807824
16,10,8.075856735747944
16,11,5.686312031333285
16,12,5.311910265301338
16,13,6.831186909699787
16,14,6.503847409234547
16,15,3.814782557957803
16,17,3.7987160426438145
16,18,6.279771077690464
16,19,9.980688359761038
16,20,12.105346672153072
16,21,15.186747603956043
16,22,18.40707968701211
16,23,21.663689018340506
16,24,23.68961083423674
16,25,20.934474309145696
16,26,19.177778201119505
16,27,15.750724889366126
16,28,16.367663631581866
16,29,13.140416121520614
16,30,9.359190677357377
16,31,8.120188393838367
16,32,7.642563642023192
16,33,6.946199987940768
16,34,5.045382166061115
16,35,7.366361550871895
16,36,9.129508450213297
16,37,10.994300925469174
16,38,11.049290120816996
16,39,14.462832899653886
16,40,16.988213987958634
16,41,20.71530850916064
16,42,23.682311271445275
16,43,25.520765168726918
16,44,29.250325711004656
16,45,31.713223291370987
16,46,34.1099339417108
16,47,32.4944583691634
16,48,28.941149728453905
16,49,26.820751499111896
16,50,23.66974143222361
16,51,24.618909336384487
16,52,21.361708124979145
16,53,17.74980070839604
16,54,15.990345441542715
16,55,13.963298507569851
16,56,17.169509003152278
16,57,17.81993281526007
16,58,21.442917692301556
16,59,23.541716402906943
16,60,26.033449446121203
16,61,29.589846260689658
16,62,32.19278558305081
16,63,34.65096181426656
16,64,38.144810102733835
16,65,41.14256175522536
16,66,43.637279023019886
16,67,46.81157528884391
16,68,45.658733590147634
16,69,45.38561815678401
16,70,42.356268422551786
16,71,42.64900070707236
16,72,39.384954864806296
16,73,37.61347738304048
16,74,34.00088004124554
16,75,31.70297588810956
16,76,28.10174229189273
16,77,27.070215558887345
16,78,29.915519357597645
16,79,31.76049678222451
16,80,35.44501292875869
16,81,38.05270132195965
16,82,41.22670472259087
16,83,44.57194428826224
16,84,47.74059215230779
16,85,50.99810836954423
16,86,53.833859229156054
16,87,55.59303017023359
16,88,52.87162203438536
16,89,50.397596430615835
16,90,46.74215714848928
16,91,46.21643844204698
16,92,42.48792521349803
16,93,40.211529113083195
16,94,39.271085044533386
16,95,42.81950064336278
16,96,42.0463283049961
16,97,44.97489967673165
16,98,48.26126821700979
16,99,51.547832019923895
17,1,17.50134414027995
17,2,14.17853603383494
17,3,11.34021131460058
17,4,7.969692863012343
17,5,5.781110791252363
17,6,7.985984418348164
17,7,10.232700296594606
17,8,9.725284399643332
17,9,5.911956314444412
17,10,5.279102360852723
17,11,4.715826617285782
17,12,5.938898204330354
17,13,9.041418246609839
17,14,8.836039013362173
17,15,7.243401644927637
17,16,3.7987160426438145
17,18,3.82536462645725
17,19,6.879618969774734
17,20,9.141562842444527
17,21,12.600209460494002
17,22,15.44784773551252
17,23,18.72070937911974
17,24,21.111793229496943
17,25,18.75381820204307
17,26,17.482047544018926
17,27,14.471302018365094
17,28,15.840618613043992
17,29,13.169972559509544
17,30,9.412996265126468
17,31,8.200074716500659
17,32,9.245286147555545
17,33,8.143223128215192
17,34,5.378513070562239
17,35,5.3524026063031425
17,36,7.695305405683065
17,37,9.129477291651282
17,38,9.707325902369718
17,39,13.462161366054822
17,40,15.438731390540022
17,41,19.25125254738897
17,42,21.815261480393428
17,43,23.604927858942133
17,44,27.416527844468373
17,45,29.546814743402287
17,46,31.912750307896168
17,47,30.596320182289706
17,48,26.972604527674434
17,49,24.501290003815594
17,50,21.14546337378723
17,51,21.681060935952306
17,52,18.237772562492797
17,53,14.557895462792047
17,54,13.28377674317781
17,55,11.997733666950216
17,56,15.601517030263164
17,57,16.882627393193022
17,58,20.20337373615723
17,59,21.776091753844177
17,60,24.11297986290572
17,61,27.77930106383949
17,62,30.07221237695382
17,63,32.522749278750126
17,64,36.13734395311952
17,65,38.93482881029478
17,66,41.60792593381745
17,67,44.6479810357996
17,68,43.267719211172
17,69,42.90919384200094
17,70,39.83898857387135
17,71,39.87894043499547
17,72,36.56418889569757
17,73,34.97710304690499
17,74,31.448885901825022
17,75,29.058539006778282
17,76,25.585296284078947
17,77,24.216321701604237
17,78,27.054406345743708
17,79,29.127750028805355
17,80,32.86162439909024
17,81,35.32008563181785
17,82,38.61060643678851
17,83,41.868981444665884
17,84,45.1356750919696
17,85,48.37953633361142
17,86,51.084953457796345
17,87,52.897066059884125
17,88,50.303009220199755
17,89,47.80203718891734
17,90,44.205475987811646
17,91,43.87593728686098
17,92,40.11165952700666
17,93,37.622083304777945
17,94,36.69375247591529
17,95,40.30056264293811
17,96,39.77241477183143
17,97,42.79040658968265
17,98,45.940541772858964
17,99,49.250251917614534
18,1,20.046485810558146
18,2,16.75698596654273
18,3,14.088435060608733
18,4,11.049516612603817
18,5,8.316146086485825
18,6,9.367750451495084
18,7,10.409223745903498
18,8,8.578784151808499
18,9,5.251329480662986
18,10,5.485630786739471
18,11,6.572769868892608
18,12,6.35291965969307
18,13,9.702475681930201
18,14,10.860146506472372
