1,2,3.816683904458551
1,3,6.0506210592399015
1,4,8.05136434365722
1,5,9.576630961254532
1,6,11.99374785123676
1,7,10.636552880059202
1,8,9.808793030576087
1,9,9.92670605030787
1,10,13.737539152272147
1,11,15.9905714704884
1,12,13.855022763971489
1,13,14.491910867197436
1,14,13.153546383519982
1,15,11.445601561268242
1,16,14.040631764929199
1,17,14.80215113716934
1,18,15.15928486117332
1,19,18.80168788497731
1,20,20.242144056579797
1,21,22.45897414938454
1,22,25.7461451364406
1,23,24.33053260176635
1,24,23.178578880521115
1,25,21.50595053983573
1,26,23.964750710634682
1,27,22.461018235831826
1,28,19.149062913600517
1,29,19.22904886785136
1,30,20.58224660488272
1,31,19.157994565253137
1,32,15.771996977283326
1,33,15.038685345585478
1,34,18.286994618834477
1,35,18.99695802969572
1,36,19.258151238035033
1,37,22.82569916527174
1,38,23.23239082684995
1,39,26.700063710080975
1,40,28.188150447066693
1,41,29.30095898162805
1,42,33.05036455689549
1,43,34.57134499159265
1,44,35.974918858563846
1,45,35.04052975987822
1,46,31.23855536693588
1,47,28.254239279786443
1,48,24.490243305794355
1,49,23.331325098979484
1,50,19.599248973776188
1,51,16.90940982264385
1,52,16.385612034551272
1,53,16.629440544042247
1,54,19.948175856874556
1,55,22.871837217748517
1,56,25.467089681864717
1,57,26.24417001150849
1,58,27.581538598523277
1,59,31.38050578955191
1,60,33.18975284125201
1,61,34.93588126141024
1,62,38.72202940600427
1,63,41.308421817154816
1,64,41.70910798190169
1,65,38.511901762141015
1,66,37.39163307922547
1,67,34.362239843471315
1,68,32.43967860429413
1,69,29.701603355306947
1,70,27.231820054767656
1,71,28.742270759631793
1,72,31.209312664734085
1,73,34.79002387605909
1,74,36.049746625952174
1,75,39.51061453178992
2,1,3.816683904458551
2,3,3.8155341934677414
2,4,7.294616236826783
2,5,9.679820528102193
2,6,11.313133068270938
2,7,8.835058048616569
2,8,7.293985656416748
2,9,6.50078700166577
2,10,10.26435680190148
2,11,12.383448496146606
2,12,10.318199001599098
2,13,10.716710756867291
2,14,9.399101451931731
2,15,8.076218150353466
2,16,11.03929732292929
2,17,12.561342405212864
2,18,13.34173615894255
2,19,17.087044584304763
2,20,19.05041790847866
2,21,21.685082517849636
2,22,24.669719823204343
2,23,22.776383081597412
2,24,21.38408893049265
2,25,19.232106001845146
2,26,21.279360288137752
2,27,19.386298984612186
2,28,15.897358661086097
2,29,15.86598192701507
2,30,16.958204148911218
2,31,15.675876766499204
2,32,12.45819024146251
2,33,12.278770823623466
2,34,15.426507731504733
2,35,16.376639184960677
2,36,16.408419940798506
2,37,20.021189898272613
2,38,20.896862597603082
2,39,24.501479874139537
2,40,26.408236295553664
2,41,27.808722464002166
2,42,31.615530849932053
2,43,33.42053361383695
2,44,35.119121935942715
2,45,34.022157062586764
2,46,30.225654246109375
2,47,27.45791365876443
2,48,23.814446418607677
2,49,23.187333669722783
2,50,19.41970648792504
2,51,16.288954692169362
2,52,15.376266287244452
2,53,14.935691808131288
2,54,18.406580161231886
2,55,20.883347727156803
2,56,23.81209824996499
2,57,25.01782448254057
2,58,26.81358629698631
2,59,30.614810411180866
2,60,32.706666379176305
2,61,34.79072240251668
2,62,38.51189251494976
2,63,41.33730805330296
2,64,41.973714865222966
2,65,38.711641549926114
2,66,37.22944350306357
2,67,34.01505355894628
2,68,31.878386681495524
2,69,28.83506710077416
2,70,26.755309248462638
2,71,28.64486041558533
2,72,31.10671438013581
2,73,34.81023830701392
2,74,36.445625957089646
2,75,39.92415140526339
3,1,6.0506210592399015
3,2,3.8155341934677414
3,4,3.8598319176881892
3,5,6.72723596457618
3,6,8.292494644839968
3,7,5.723647464407426
3,8,5.670021970870224
3,9,6.339181223122635
3,10,9.675190889384849
3,11,12.56250585029556
3,12,11.483684653808647
3,13,11.014014249928085
3,14,8.434099658038203
3,15,5.81118607219537
3,16,8.324501278988846
3,17,9.304708478474012
3,18,10.639683066221373
3,19,14.42662764136109
3,20,16.084184616839664
3,21,18.996800119767748
3,22,22.01892033797526
3,23,20.24987368984602
3,24,19.34520803566555
3,25,17.414691966053326
3,26,19.554996162875067
3,27,17.73363357333687
3,28,14.26144506791019
3,29,13.68961334259515
3,30,15.142535389678024
3,31,13.482675055460044
3,32,10.101439457457229
3,33,9.034564451479946
3,34,12.239770505496658
3,35,13.170688204499886
3,36,13.794292972328023
3,37,17.521117522539743
3,38,18.333766293049596
3,39,21.990591824270684
3,40,23.79125953841704
3,41,25.491425359041298
3,42,29.315243416956324
3,43,30.915634391366183
3,44,32.83216881786885
3,45,32.02551967792432
3,46,28.29853951738534
3,47,25.381987704588436
3,48,21.760327438753325
3,49,21.052470877064934
3,50,17.26141178851146
3,51,13.85928770960586
3,52,13.568387743497295
3,53,13.57417575121794
3,54,17.331633720163797
3,55,19.751231682137952
3,56,22.454235638813348
3,57,23.398269031120297
3,58,25.4154663796006
3,59,29.129283061593995
3,60,31.021481159893707
3,61,33.313526222070465
3,62,37.02128714376993
3,63,39.80922243692297
3,64,39.91396642049936
3,65,36.49890786421002
3,66,34.905400032342435
3,67,31.77024335269498
3,68,29.36031462361829
3,69,26.31372688361871
3,70,24.21632005030144
3,71,26.413464231681733
3,72,29.1542848725387
3,73,32.86955007040612
3,74,34.648586643126116
3,75,38.24602926502927
4,1,8.05136434365722
4,2,7.294616236826783
4,3,3.8598319176881892
4,5,3.825401398242038
4,6,6.403736722372788
4,7,5.392224008800933
4,8,7.593532236425427
4,9,9.5354366344946
4,10,12.350953953868002
4,11,15.608958036722603
4,12,15.033700820446084
4,13,14.161321020909494
4,14,10.996626341498235
4,15,7.703290837282354
4,16,9.068945167975688
4,17,8.60664788884244
4,18,10.20461341329778
4,19,13.740925339436297
4,20,14.517854925507073
4,21,17.407493582386007
4,22,20.670550063557943
4,23,19.43532294239061
4,24,19.27384322882215
4,25,17.953393993504136
4,26,20.378231248129627
4,27,18.91222685936684
4,28,15.706161522603695
4,29,14.691312433185239
4,30,16.502098766929063
4,31,14.413303234464795
4,32,10.985473554607276
4,33,8.641672381693688
4,34,11.781355150173162
4,35,12.524783974648347
4,36,14.02494594356487
4,37,17.67394826386924
4,38,18.07929436356408
4,39,21.608931591026863
4,40,22.96779791216048
4,41,24.79036026713956
4,42,28.551386139774465
4,43,29.709579666255358
4,44,31.661128568517235
4,45,31.296291603624766
4,46,27.674200458078772
4,47,24.472085113514783
4,48,20.835177130828537
4,49,19.645938860943033
4,50,15.907895579194188
4,51,12.592869766230068
4,52,13.380091627802429
4,53,14.332866761507297
4,54,18.126700121293734
4,55,20.70947467574784
4,56,22.928509443268478
4,57,23.309751729366262
4,58,25.227809007395596
4,59,28.80802077214859
4,60,30.281275636623395
4,61,32.55689212868557
4,62,36.27280768651236
4,63,38.8481080426517
4,64,38.193689071893445
4,65,34.6545569441496
4,66,33.194106915685296
4,67,30.29783555729638
4,68,27.729515586010024
4,69,24.922674085259406
4,70,22.530778253890126
4,71,24.80685852919209
4,72,27.863687414781282
4,73,31.484601243640004
4,74,33.155848110431464
4,75,36.86257366799819
5,1,9.576630961254532
5,2,9.679820528102193
5,3,6.72723596457618
5,4,3.825401398242038
5,6,3.856405723849052
5,7,5.3908337395003745
5,8,8.31352326289683
5,9,11.334326025096626
5,10,13.919654058606417
5,11,17.52452324473012
5,12,17.37905329497376
5,13,16.991328508948335
5,14,13.831884260924813
5,15,10.189527921741748
5,16,10.368173680634559
5,17,8.596566444592519
5,18,9.023405037076556
5,19,12.107449929893763
5,20,12.192478434592699
5,21,14.56393222464747
5,22,18.08916085317266
5,23,17.39767044493426
5,24,17.603012506755796
5,25,17.002508814432854
5,26,19.937052175510857
5,27,19.181038046027115
5,28,16.487811390550227
5,29,15.95387194218414
5,30,18.433571908861175
5,31,16.761986581995302
5,32,13.74919500462966
5,33,10.844175525566598
5,34,13.182233845089447
5,35,12.87112967318609
5,36,14.271929057098323
5,37,17.55589763849683
5,38,17.14576322588443
5,39,20.353651561561936
5,40,21.136720778261434
5,41,22.610537926296015
5,42,26.274008488752106
5,43,27.13584565429844
5,44,28.83203637347341
5,45,28.653360717954833
5,46,25.068667274662577
5,47,21.666653968001917
5,48,17.968218276981744
5,49,16.348515696817117
5,50,12.660775270111108
5,51,9.721479928357164
5,52,11.16906827361387
5,53,13.039146783339314
5,54,16.592764451229574
5,55,19.536764584892442
5,56,21.227056752729865
5,57,21.05891482364351
5,58,22.623409948926103
5,59,26.1250833147415
5,60,27.2964192163917
5,61,29.397135534715456
5,62,33.13549378702889
5,63,35.54406612025547
5,64,34.65846267991275
5,65,31.138254197265095
5,66,29.866819174351292
5,67,27.093913458640024
5,68,24.668168073210005
5,69,22.115537504623536
5,70,19.41297387086456
5,71,21.44695600910879
5,72,24.552555943083842
5,73,28.095054765607454
5,74,29.597936901535483
5,75,33.319598637984825
6,1,11.99374785123676
6,2,11.313133068270938
6,3,8.292494644839968
6,4,6.403736722372788
6,5,3.856405723849052
6,7,3.8366302459798143
6,8,7.09093645184055
6,9,10.752960690188804
6,10,12.481466122931852
6,11,16.286538445881583
6,12,16.936822995572673
6,13,16.744035741042616
6,14,13.555791036645163
6,15,9.78135772011981
6,16,8.625421036163258
6,17,6.0170294752022215
6,18,5.438347602467649
6,19,8.283662880957639
6,20,8.558108668455587
6,21,11.095724848440907
6,22,14.468925862225438
6,23,13.570742661176432
6,24,13.779419301910703
6,25,13.37590048721391
6,26,16.45080932891072
6,27,16.0972953673455
6,28,13.867693977138941
6,29,13.736004852613247
6,30,16.76191396724932
6,31,15.718534693643873
6,32,13.397354991321881
6,33,10.372045586833355
6,34,11.678069325441683
6,35,10.362306385210776
6,36,11.331135301321012
6,37,14.28144634254811
6,38,13.486570113882154
6,39,16.58901832230518
6,40,17.3447104210716
6,41,18.803606282377476
6,42,22.500670199469525
6,43,23.520784666294347
6,44,25.31938076290186
6,45,25.01938550966068
6,46,21.42718702155253
6,47,18.125098141952428
6,48,14.487435365424568
6,49,13.313645372199185
6,50,9.611852106218398
6,51,6.224794045774996
6,52,7.719537926577639
6,53,9.767412167480192
6,54,13.243297563563052
6,55,16.048774958421685
6,56,17.57131822609879
6,57,17.390312083478648
6,58,19.188317479478865
6,59,22.652981320239984
6,60,23.960229007534963
6,61,26.302608783240615
6,62,29.984562310611288
6,63,32.56577665256324
6,64,31.975207016308477
6,65,28.451642935560287
6,66,26.876978288454385
6,67,23.914226022008155
6,68,21.404238935692327
6,69,18.617480599663583
6,70,16.192783229885173
6,71,18.47709224405761
6,72,21.515613917086718
6,73,25.160948843644213
6,74,26.992222350946463
6,75,30.695605410605072
7,1,10.636552880059202
7,2,8.835058048616569
7,3,5.723647464407426
7,4,5.392224008800933
7,5,5.3908337395003745
7,6,3.8366302459798143
7,8,3.8324723239102094
7,9,7.183377564446978
7,10,8.912148158884536
7,11,12.664402337232422
7,12,13.258809925592157
7,13,12.912938327412924
7,14,9.756264724512198
7,15,6.03396480859352
7,16,5.354269810049056
7,17,4.3378163872011095
7,18,5.032376876410074
7,19,8.773021045007322
7,20,10.415556001025147
7,21,13.471327702409633
7,22,16.35564885443074
7,23,14.596433661041546
7,24,14.03398371996513
7,25,12.568001792283722
7,26,15.101276620423189
7,27,13.966083009202578
7,28,11.125549082306595
7,29,10.872956107755726
7,30,13.565660470096436
7,31,12.574305334710157
7,32,10.163588661190717
7,33,7.800624261549474
7,34,9.510595838840949
7,35,8.8897657938708
7,36,9.423711984514318
7,37,12.893097234128762
7,38,13.053569905084988
7,39,16.591145824220145
7,40,18.152119956975763
7,41,19.901731138351515
7,42,23.716285861903195
7,43,25.243555935452846
7,44,27.275914787045433
7,45,26.58714362175009
7,46,22.929693609431645
7,47,19.995756241134064
7,48,16.482526463993146
7,49,16.041161006035466
7,50,12.36706314048513
7,51,8.681812179374191
7,52,8.700693270821825
7,53,9.19359328341172
7,54,13.028207246370659
7,55,15.396296060144243
7,56,17.670507746115483
7,57,18.307451243966604
7,58,20.542444250939653
7,59,24.121344774061452
7,60,25.91507147001392
7,61,28.454924093077985
7,62,32.086138534327254
7,63,34.9265252745658
7,64,34.9078628766408
7,65,31.43831552933501
7,66,29.60206847558777
7,67,26.417635044563244
7,68,23.854536584278375
7,69,20.711685612095085
7,70,18.799125806645804
7,71,21.27315598267831
7,72,24.082110776424916
7,73,27.824651181255113
7,74,29.88947911580328
7,75,33.51140779497295
8,1,9.808793030576087
8,2,7.293985656416748
8,3,5.670021970870224
8,4,7.593532236425427
8,5,8.31352326289683
8,6,7.09093645184055
8,7,3.8324723239102094
8,9,3.8180005226920724
8,10,5.924216467978542
8,11,9.563067920358323
8,12,9.972567126240742
8,13,10.440783237704759
8,14,8.118208509635831
8,15,5.311393101919185
8,16,5.579319868212992
8,17,6.62938517708199
8,18,6.517004782398623
8,19,10.107140550856224
8,20,12.677402432028318
8,21,15.459772544707983
8,22,17.994927164923723
8,23,15.717112602233303
8,24,14.193212908984375
8,25,12.008182875504662
8,26,14.247971209632732
8,27,12.804770698843797
8,28,9.729770654017326
8,29,10.379223858339758
8,30,12.781269644709688
8,31,12.507331006276965
8,32,10.379877080965104
8,33,9.378812888153302
8,34,11.014402243281758
8,35,10.547607134487599
8,36,9.801911941620656
8,37,13.165356754509725
8,38,13.702627355788568
8,39,17.24830914549461
8,40,19.235547619385795
8,41,20.705234920371996
8,42,24.52142128933552
8,43,26.517459183577074
8,44,28.418065277383526
8,45,27.225278224554906
8,46,23.480256930395836
8,47,20.91520168415979
8,48,17.481408597122783
8,49,17.560805305407463
8,50,13.969732681273262
8,51,10.521716903539257
8,52,9.073364801510706
8,53,8.168630026851085
8,54,11.891718527100306
8,55,14.116692546264112
8,56,16.974029546141022
8,57,18.272516178672706
8,58,20.530060868655568
8,59,24.237033344940226
8,60,26.483696241030373
8,61,28.972285975249775
8,62,32.57372045532522
8,63,35.61368752341591
8,64,36.441799352058496
8,65,33.15447429253354
8,66,31.239649179261484
8,67,27.842254595883613
8,68,25.548364341548567
8,69,22.23611591241389
8,70,20.649108163757553
8,71,22.89802340156884
8,72,25.28135213255197
8,73,29.069450373109948
8,74,31.187150719491
8,75,34.64998948732739
9,1,9.92670605030787
9,2,6.50078700166577
9,3,6.339181223122635
9,4,9.5354366344946
9,5,11.334326025096626
9,6,10.752960690188804
9,7,7.183377564446978
9,8,3.8180005226920724
9,10,3.8112601205724346
9,11,6.58371356776776
9,12,6.230655635863135
9,13,6.997536352283671
9,14,5.671155187790608
9,15,4.780541146206822
9,16,6.673605674862479
9,17,9.284672779842941
9,18,9.829956085835288
9,19,13.190823037028505
9,20,16.11343130159694
9,21,18.991812124045456
9,22,21.24717659191084
9,23,18.608948872900047
9,24,16.641398380964752
9,25,13.817039521487152
9,26,15.281083410943918
9,27,13.109546678568037
9,28,9.641626249607615
9,29,10.27654852103219
9,30,11.668066715440915
9,31,11.591074282922573
9,32,9.587143699647521
9,33,10.04832345848887
9,34,11.91019096977059
9,35,12.281259205531903
9,36,11.171905496980973
9,37,14.488300396377477
9,38,15.794059827534078
9,39,19.378657138991752
9,40,21.83110248643144
9,41,23.39350694465497
9,42,27.167137145501762
9,43,29.464131449269807
9,44,31.44480493195572
9,45,29.987727017775608
9,46,26.27295411636316
9,47,24.011705815756557
9,48,20.73805707610259
9,49,21.125635421979545
9,50,17.621799865073935
9,51,14.2349287383688
9,52,12.386974628338004
9,53,10.620208007560162
9,54,13.961390200174778
9,55,15.622933612025406
9,56,18.951612485669333
9,57,20.817227213817674
9,58,23.208179786696036
9,59,26.89931843773056
9,60,29.435421752677957
9,61,31.95453511737431
9,62,35.4841724765995
9,63,38.65595235760312
9,64,39.89769634278253
9,65,36.67892692508177
9,66,34.66395494549342
9,67,31.173806219204533
9,68,28.913859970844612
9,69,25.475521335573273
9,70,24.157283034726994
9,71,26.422138285518784
9,72,28.62849026385
9,73,32.42000726191015
9,74,34.60659572945423
9,75,37.98177381580513
10,1,13.737539152272147
10,2,10.26435680190148
10,3,9.675190889384849
10,4,12.350953953868002
10,5,13.919654058606417
10,6,12.481466122931852
10,7,8.912148158884536
10,8,5.924216467978542
10,9,3.8112601205724346
10,11,3.8228730084572087
10,12,5.75645918064807
10,13,6.33713707186112
10,14,5.535469689258524
10,15,5.782276901471204
10,16,6.13633509464293
10,17,9.295115858657804
10,18,9.826479631833775
10,19,12.480715450530608
10,20,15.882114698348849
10,21,18.851581467490888
10,22,20.492568153533902
10,23,17.380981746029516
10,24,15.085336209777134
10,25,11.734351800562148
10,26,12.405748464309887
10,27,9.785976041676085
10,28,6.302366964323658
10,29,7.4834083653266745
10,30,8.82952806734853
10,31,9.856855874657517
10,32,9.156319814540511
10,33,10.226233618986619
10,34,10.925098040041213
10,35,11.01330618868606
10,36,9.035667198035549
10,37,11.89739909631082
10,38,13.736531657708124
10,39,17.215036584715953
10,40,20.109589553596106
10,41,21.851208408779016
10,42,25.522535646795177
10,43,28.132801981936748
10,44,30.334650364300813
10,45,28.674144430631873
10,46,25.102011419242643
10,47,23.258847546013666
10,48,20.366107587564535
10,49,21.40939037244261
10,50,18.231902727561778
10,51,14.871257512482607
10,52,12.654341246010885
10,53,10.05865412403496
10,54,12.965080169648813
10,55,13.714946546157107
10,56,17.284151971408043
10,57,19.634995625840055
10,58,22.435508256072517
10,59,25.94110712112145
10,60,28.72851468969252
10,61,31.519542831184413
10,62,34.86416871311376
10,63,38.223555214910796
10,64,39.781613944714856
10,65,36.60897265614818
10,66,34.26624030585688
10,67,30.66151130139743
10,68,28.313899899366778
10,69,24.67124248372844
10,70,23.919943392314842
10,71,26.42039982950231
10,72,28.447233174475173
10,73,32.22430860576674
10,74,34.73824665872787
10,75,38.01479932815109
11,1,15.9905714704884
11,2,12.383448496146606
11,3,12.56250585029556
11,4,15.608958036722603
11,5,17.52452324473012
11,6,16.286538445881583
11,7,12.664402337232422
11,8,9.563067920358323
11,9,6.58371356776776
11,10,3.8228730084572087
11,12,3.8069269953814597
11,13,5.019169462431311
11,14,6.550044310251216
11,15,8.610862598465046
11,16,9.443371947241944
11,17,12.86946749294995
11,18,13.506965096334458
11,19,15.839930622692886
11,20,19.387137785635275
11,21,22.294687661872754
11,22,23.624531063024744
11,23,20.282743713938544
11,24,17.658128057464264
11,25,14.006962538964837
11,26,13.811786645203545
11,27,10.775755901275353
11,28,7.756701926296248
11,29,9.018852585353331
11,30,8.979871145062384
11,31,10.664434393095016
11,32,10.703110712688792
11,33,12.817962847873398
11,34,13.336161092285288
11,35,13.845485765513672
11,36,11.612131659076608
11,37,13.897131400737903
11,38,16.207593879879038
11,39,19.43873405279423
11,40,22.636006032114956
11,41,24.350648032926692
11,42,27.865110634117148
11,43,30.750208672792184
11,44,32.98042814919874
11,45,31.052116824865408
11,46,27.59244902960083
11,47,26.115688452587875
11,48,23.45910123806405
11,49,24.80228761288779
11,50,21.769328918807695
11,51,18.531039445317727
11,52,16.05362071938534
11,53,13.045436740721613
11,54,15.35368017807641
11,55,15.462477149671978
11,56,19.242456128140674
11,57,22.047190903454027
11,58,24.90548733290397
11,59,28.291983512857453
11,60,31.3306782666887
11,61,34.13942306032639
11,62,37.35075389680144
11,63,40.83227097976651
11,64,42.85244127569553
11,65,39.78451179185714
11,66,37.32668185064638
11,67,33.64907523355672
11,68,31.383859156112948
11,69,27.66987663944826
11,70,27.219926495116475
11,71,29.692502113762178
11,72,31.49391530619353
11,73,35.23140588025095
11,74,37.83174754048018
11,75,40.98207131079443
12,1,13.855022763971489
12,2,10.318199001599098
12,3,11.483684653808647
12,4,15.033700820446084
12,5,17.37905329497376
12,6,16.936822995572673
12,7,13.258809925592157
12,8,9.972567126240742
12,9,6.230655635863135
12,10,5.75645918064807
12,11,3.8069269953814597
12,13,3.797549468777892
12,14,6.4740363774996466
12,15,8.918884742008867
12,16,11.055860246192074
12,17,14.492315582361279
12,18,15.297328586125593
12,19,18.167500116826325
12,20,21.49316277088381
12,21,24.392487009868066
12,22,26.14910633728993
12,23,23.047567108610956
12,24,20.527200513228376
12,25,17.075690649721285
12,26,17.335377831299326
12,27,14.453781108659484
12,28,11.23161439887736
12,29,12.00853131327163
12,30,11.666875787407474
12,31,12.385503978064595
12,32,11.456033487818518
12,33,13.713936664083178
12,34,15.177036325422856
12,35,16.190701272549447
12,36,14.516198329746148
12,37,17.233042223605864
12,38,19.36050703737782
12,39,22.736198190750187
12,40,25.741348464606208
12,41,27.347914051426365
12,42,30.952788437024946
12,43,33.6985352363348
12,44,35.77589741494084
12,45,33.90616569789086
12,46,30.32242763393325
12,47,28.598302665150882
12,48,25.66201017001841
12,49,26.58199538982598
12,50,23.292868758036345
12,51,20.022891923596948
12,52,17.689807441087826
12,53,15.054854665665365
12,54,17.619288481075365
12,55,18.30965303067577
12,56,22.059560652910516
12,57,24.666423753000323
12,58,27.233224858810765
12,59,30.782165437495834
12,60,33.73270266690759
12,61,36.321934295016696
12,62,39.667483812233925
12,63,43.04964274654417
12,64,44.99408027177853
12,65,41.91139500676284
12,66,39.68716538548909
12,67,36.055312260948945
12,68,33.871918167286154
12,69,30.26254025176031
12,70,29.431057126563466
12,71,31.723571126590983
12,72,33.61136196380914
12,73,37.37478963910673
12,74,39.728211425528336
12,75,42.92887812240888
13,1,14.491910867197436
13,2,10.716710756867291
13,3,11.014014249928085
13,4,14.161321020909494
13,5,16.991328508948335
13,6,16.744035741042616
13,7,12.912938327412924
13,8,10.440783237704759
13,9,6.997536352283671
13,10,6.33713707186112
13,11,5.019169462431311
13,12,3.797549468777892
13,14,3.8308580443656557
13,15,7.377999215318196
13,16,9.837683526343596
13,17,13.543362950896826
13,18,15.257077523186538
13,19,18.19723219578922
13,20,21.312000522925075
13,21,24.592414765781367
13,22,26.363228973145706
13,23,23.283339548180802
13,24,21.213980822394618
13,25,17.763366645852283
13,26,17.80180445350106
13,27,14.511011865525532
13,28,10.96555342776004
13,29,10.49496250918587
13,30,9.365180329895553
13,31,9.328913348145312
13,32,8.373543360751128
13,33,11.270018486783849
13,34,12.839689657421069
13,35,14.619191453272661
13,36,13.605536486436202
13,37,16.540581078215975
13,38,19.115196240523762
13,39,22.652393859555513
13,40,25.770089739069615
13,41,27.845642799411127
13,42,31.48957640261439
13,43,34.07638577048763
13,44,36.458181617845305
13,45,34.873493057097086
13,46,31.351548382006783
13,47,29.48727866885725
13,48,26.553506850195326
13,49,27.366301363394705
13,50,24.004622088479614
13,51,20.45408693070212
13,52,18.66653711069528
13,53,16.346381834545394
13,54,19.27094611752548
13,55,19.832121311741822
13,56,23.48429165909893
13,57,25.940274023912586
13,58,28.771424963972944
13,59,32.26740208628742
13,60,35.05366892853741
13,61,37.845298817913864
13,62,41.20099554183503
13,63,44.550507413253264
13,64,45.93793470764907
13,65,42.68225943414987
13,66,40.361069673848306
13,67,36.81141037755492
13,68,34.309592570778435
13,69,30.665228406507463
13,70,29.82925807382537
13,71,32.45340206265832
13,72,34.64848667539725
13,73,38.43717210594089
13,74,40.897845496242255
13,75,44.235335201107226
14,1,13.153546383519982
14,2,9.399101451931731
14,3,8.434099658038203
14,4,10.996626341498235
14,5,13.831884260924813
14,6,13.555791036645163
14,7,9.756264724512198
14,8,8.118208509635831
14,9,5.671155187790608
14,10,5.535469689258524
14,11,6.550044310251216
14,12,6.4740363774996466
14,13,3.8308580443656557
14,15,3.8200351651276425
14,16,6.5235917503192065
14,17,10.138409993072376
14,18,12.368807560029131
14,19,15.464578468266533
14,20,18.26236867609105
14,21,21.72072188110944
14,22,23.677182707237513
14,23,20.825736441124786
14,24,19.253639969787958
14,25,16.111972847708355
14,26,16.57867775635008
14,27,13.463648272181997
14,28,9.656665841433025
14,29,8.408597849420207
14,30,8.048870018439882
14,31,7.018214485767662
14,32,5.075332471148873
14,33,7.499553109850946
14,34,9.418089749419119
14,35,11.373491089668748
14,36,11.036839304337768
14,37,14.402782220142472
14,38,16.81231058477092
14,39,20.514922666094872
14,40,23.420198021879862
14,41,25.700851609878647
14,42,29.420946867273507
14,43,31.71797768674348
14,44,34.196080138444685
14,45,32.93976060623854
14,46,29.411415405317307
14,47,27.264336310754405
14,48,24.22838744458803
14,49,24.779993757647233
14,50,21.353483511476362
14,51,17.65687893371013
14,52,16.409220205465928
14,53,14.635003695105942
14,54,17.962232878383315
14,55,18.82445428022576
14,56,22.209792928351103
14,57,24.254485895791664
14,58,27.126878447344467
14,59,30.624602879608098
14,60,33.13551932158487
14,61,35.98789337912948
14,62,39.40685867722555
14,63,42.63753175834905
14,64,43.4474829361966
14,65,40.06233280322727
14,66,37.78486020478824
14,67,34.35142232002703
14,68,31.66828489573689
14,69,28.09689583008894
14,70,27.069002339896468
14,71,29.842898740398578
14,72,32.30907065357901
14,73,36.09857282785339
14,74,38.539820595475504
14,75,42.00064414211309
15,1,11.445601561268242
15,2,8.076218150353466
15,3,5.81118607219537
15,4,7.703290837282354
15,5,10.189527921741748
15,6,9.78135772011981
15,7,6.03396480859352
15,8,5.311393101919185
15,9,4.780541146206822
15,10,5.782276901471204
15,11,8.610862598465046
15,12,8.918884742008867
15,13,7.377999215318196
15,14,3.8200351651276425
15,16,3.7844080854951456
15,17,6.801069028742837
15,18,9.147986400335794
15,19,12.53716279621357
15,20,14.986759383532068
15,21,18.440084938045942
15,22,20.71030446444217
15,23,18.198475467382405
15,24,17.035098006206454
15,25,14.38819892969991
15,26,15.608068117306978
15,27,13.088892188000766
15,28,9.369984767737998
15,29,8.172588880761536
15,30,9.331397833375792
15,31,7.96556262918403
15,32,5.239267322848853
15,33,5.344574680420202
15,34,7.745434393619849
15,35,9.12584423797534
15,36,9.338580705763299
15,37,13.07103530439403
15,38,14.835490095178685
15,39,18.620135725965472
15,40,21.11631964383324
15,41,23.334063112884785
15,42,27.126495398834592
15,43,29.1276972753988
15,44,31.516178977369055
15,45,30.5139928306777
15,46,26.933642514897674
15,47,24.475636899204787
15,48,21.267337045993692
15,49,21.47502247315712
15,50,17.9592720375889
15,51,14.212457542709899
15,52,13.423034701938489
15,53,12.330098852289051
15,54,15.983085921662049
15,55,17.372731989735414
15,56,20.415613686063793
15,57,21.969254920718676
15,58,24.689579507084385
15,59,28.226094280455136
15,60,30.463565110179918
15,61,33.24529577346716
15,62,36.74908662980412
15,63,39.835367646153536
15,64,40.240384184789015
15,65,36.79116739230534
15,66,34.654601906132584
15,67,31.323291120846584
15,68,28.61339623791121
15,69,25.17311909246429
15,70,23.839390109351374
15,71,26.582986644517053
15,72,29.22895227613207
15,73,33.00893473251294
15,74,35.3338951989126
15,75,38.8776853514115
16,1,14.040631764929199
16,2,11.03929732292929
16,3,8.324501278988846
16,4,9.068945167975688
16,5,10.368173680634559
16,6,8.625421036163258
16,7,5.354269810049056
16,8,5.579319868212992
16,9,6.673605674862479
16,10,6.13633509464293
16,11,9.443371947241944
16,12,11.055860246192074
16,13,9.837683526343596
16,14,6.5235917503192065
16,15,3.7844080854951456
16,17,3.7821983811447675
16,18,6.300920572654232
16,19,9.200240804047203
16,20,11.809158587488094
16,21,15.383034778877589
16,22,17.328084388894737
16,23,14.680918440068382
16,24,13.714609411796065
16,25,11.203262580648607
16,26,12.462881147418997
16,27,10.26007869165315
16,28,6.921182902970782
16,29,5.70522981579552
16,30,8.224891658508028
16,31,7.601519531493921
16,32,6.23726523560842
16,33,5.086283649871636
16,34,5.599401125968354
16,35,5.6858561563565555
16,36,5.690059062133102
16,37,9.483254026598095
16,38,11.118773901845522
16,39,14.909303040015415
16,40,17.41919618867714
16,41,19.797872753964228
16,42,23.558979799315832
16,43,25.56050910498881
16,44,28.09464023843805
16,45,27.159984529605044
16,46,23.680387344682963
16,47,21.316478369727093
16,48,18.320699857478846
16,49,18.85014063083232
16,50,15.595317777848502
16,51,11.848345188028825
16,52,11.159741671020527
16,53,10.094217961470083
16,54,13.627259888187139
16,55,14.720100795529635
16,56,17.506398179993745
16,57,18.95417953257095
16,58,21.904277196380004
16,59,25.279140772131743
16,60,27.471914720350295
16,61,30.447636896851016
16,62,33.8482767915564
16,63,36.973301587012955
16,64,37.30479094770188
16,65,33.84120658725478
16,66,31.50762904390514
16,67,28.158846964662356
16,68,25.32588183521066
16,69,21.801536581777214
16,70,20.745288403545178
16,71,23.70769896200972
16,72,26.349615968749266
16,73,30.104983686405443
16,74,32.64416797718686
16,75,36.16705507503102
17,1,14.80215113716934
17,2,12.561342405212864
17,3,9.304708478474012
17,4,8.60664788884244
17,5,8.596566444592519
17,6,6.0170294752022215
17,7,4.3378163872011095
17,8,6.62938517708199
17,9,9.284672779842941
17,10,9.295115858657804
17,11,12.86946749294995
17,12,14.492315582361279
17,13,13.543362950896826
17,14,10.138409993072376
17,15,6.801069028742837
17,16,3.7821983811447675
17,18,3.791549682131682
17,19,6.545568622780821
17,20,8.391689373708623
17,21,12.068269715878241
17,22,14.305129567127942
17,23,12.175640894997187
17,24,12.032251272271662
17,25,10.509423032269316
17,26,12.534599383397952
17,27,11.344471056128622
17,28,8.918996193910985
17,29,7.983856618381594
17,30,11.111085808571035
17,31,10.353075302319045
17,32,9.001482151745508
17,33,6.262856297642598
17,34,6.194293839296646
17,35,4.628046736073647
17,36,5.767059606502472
17,37,9.180807250799884
17,38,9.663878031561044
17,39,13.303835607250734
17,40,15.16466789733324
17,41,17.53036223799302
17,42,21.294092710341804
17,43,22.87960525046125
17,44,25.372651399484152
17,45,24.811403574002345
17,46,21.368200991669802
17,47,18.673183512843597
17,48,15.597364859856155
17,49,15.763024482153005
17,50,12.561709995352384
17,51,8.814141773424856
17,52,9.122098432164204
17,53,9.276024535763376
17,54,12.795848859321012
17,55,14.299107971233193
17,56,16.398103721483363
17,57,17.12492325816821
17,58,19.911651230138393
17,59,23.193802962427807
17,60,24.995939428656943
17,61,27.942716915024683
17,62,31.374671606467874
17,63,34.323568310211854
17,64,34.10903411428083
17,65,30.555766432665372
17,66,28.31786838483516
17,67,25.115418295100845
17,68,22.176792578797528
17,69,18.815107320527677
17,70,17.46973477525986
17,71,20.510222247796378
17,72,23.397902609179905
17,73,27.10619592666951
17,74,29.578451164296894
17,75,33.187379670535094
18,1,15.15928486117332
18,2,13.34173615894255
18,3,10.639683066221373
18,4,10.20461341329778
18,5,9.023405037076556
18,6,5.438347602467649
18,7,5.032376876410074
18,8,6.517004782398623
18,9,9.829956085835288
18,10,9.826479631833775
18,11,13.506965096334458
18,12,15.297328586125593
18,13,15.257077523186538
18,14,12.368807560029131
18,15,9.147986400335794
18,16,6.300920572654232
18,17,3.791549682131682
18,19,3.7922226728424513
18,20,6.287215315695147
18,21,9.408868333244355
18,22,11.750903079992508
18,23,9.627212095285627
18,24,9.117284557943835
18,25,8.110695024491333
18,26,11.025742502622274
18,27,10.857141767518257
18,28,9.207259134984557
18,29,9.775420512120466
18,30,13.355060739534963
18,31,13.428493926861977
18,32,12.344359779315607
18,33,9.96959205781729
18,34,9.681513433283056
18,35,7.132719421740779
18,36,6.650804936906897
18,37,9.188567552373307
18,38,8.403000588082353
18,39,11.733519874405623
18,40,13.186232239011163
18,41,14.914046057545521
18,42,18.73716978237684
18,43,20.424177167377625
18,44,22.58124881030606
18,45,21.797757511754995
18,46,18.202065443346534
18,47,15.46315106945265
18,48,12.220012958638508
18,49,12.55625481867647
18,50,9.349635536684168
18,51,5.690425968358699
18,52,5.365695234382113
18,53,5.918594890360366
18,54,9.35769306491439
18,55,11.360016570950089
18,56,13.193541024688992
18,57,13.713876247419062
18,58,16.30355390250827
18,59,19.708458919535353
18,60,21.591507926172014
18,61,24.433370024925118
18,62,27.920995344837188
18,63,30.91241531030011
18,64,31.13909835680822
18,65,27.70899336778919
18,66,25.52141017975749
18,67,22.179263063569806
18,68,19.536077787147768
18,69,16.153327399547372
18,70,14.752063140382718
18,71,17.50544328135363
18,72,20.154583806316367
18,73,23.919815784371657
18,74,26.368765812675132
18,75,29.911109798109923
19,1,18.80168788497731
19,2,17.087044584304763
19,3,14.42662764136109
19,4,13.740925339436297
19,5,12.107449929893763
19,6,8.283662880957639
19,7,8.773021045007322
19,8,10.107140550856224
19,9,13.190823037028505
19,10,12.480715450530608
19,11,15.839930622692886
19,12,18.167500116826325
19,13,18.19723219578922
19,14,15.464578468266533
19,15,12.53716279621357
19,16,9.200240804047203
19,17,6.545568622780821
19,18,3.7922226728424513
19,20,3.8039146988031853
19,21,6.654724812645575
19,22,8.239430462700316
19,23,5.859057533916244
19,24,5.983659461613539
19,25,6.209033557078525
19,26,9.330153158244618
19,27,10.31633912943211
19,28,10.027635569770325
19,29,10.94249038844103
19,30,14.755660046142435
19,31,15.358746304579562
19,32,15.019223303399421
19,33,12.633547667498817
19,34,11.309554323398627
19,35,7.841311970295658
19,36,6.9361240194822305
19,37,7.844179034284137
19,38,5.6391943167934215
19,39,8.386762475557237
19,40,9.435328472455105
19,41,11.202282582780565
19,42,15.01113856249392
19,43,16.703044460455306
19,44,19.009181830067615
19,45,18.290863401272365
19,46,14.822657822965159
19,47,12.219376443975348
19,48,9.389721551906087
19,49,10.43377117982623
19,50,8.098018440084381
19,51,5.385357790617897
19,52,5.360747979911409
19,53,6.225064375976413
19,54,8.338897578994588
19,55,9.738702379294738
19,56,10.70842467814938
19,57,10.809013426951296
19,58,13.674950280800978
19,59,16.767233409150844
19,60,18.56454685156034
19,61,21.664498002866353
19,62,24.986676434016463
19,63,28.030199375337794
19,64,28.24962855214617
19,65,24.839629586894155
19,66,22.372981609797034
19,67,18.974458368406715
19,68,16.204577727016684
19,69,12.660839115999481
19,70,11.764273857891254
19,71,14.804622651260145
19,72,17.353959217485937
19,73,21.06241342090467
19,74,23.813567141037947
19,75,27.282560379075964
20,1,20.242144056579797
20,2,19.05041790847866
20,3,16.084184616839664
20,4,14.517854925507073
20,5,12.192478434592699
20,6,8.558108668455587
20,7,10.415556001025147
20,8,12.677402432028318
20,9,16.11343130159694
20,10,15.882114698348849
20,11,19.387137785635275
20,12,21.49316277088381
20,13,21.312000522925075
20,14,18.26236867609105
20,15,14.986759383532068
20,16,11.809158587488094
20,17,8.391689373708623
20,18,6.287215315695147
20,19,3.8039146988031853
20,21,3.8590615881823633
20,22,6.296950242267149
20,23,5.8057496918625375
20,24,7.920664700761265
20,25,9.491754130203796
20,26,12.50520880462457
20,27,13.789996077614386
20,28,13.608280646046996
20,29,13.967866240512128
20,30,17.67846977242958
20,31,17.77168818097382
20,32,17.178875608096764
20,33,14.186650837541956
20,34,12.940874941273314
20,35,9.554583901549123
20,36,9.88070337331922
20,37,10.514260625362708
20,38,7.840237403382242
20,39,9.571188645422012
20,40,9.238362991816016
20,41,10.905120749555891
20,42,14.439939532756757
20,43,15.255427547279222
20,44,17.505608854251197
20,45,17.528264579256245
20,46,14.295580550746296
20,47,11.161115328250084
20,48,8.371954965046942
20,49,8.456278116364924
20,50,6.5614521724027295
20,51,4.7651679782603615
20,52,7.000059750792426
20,53,9.309832466670706
20,54,10.988314905829391
20,55,12.623906863497801
20,56,12.622387539386725
20,57,11.558807732545375
20,58,13.865403413448625
20,59,16.599560566077994
20,60,17.62643245908842
20,61,20.60806692199343
20,62,23.92456048508867
20,63,26.633011913294293
20,64,25.860804618548553
20,65,22.268194407899404
20,66,19.970931386388198
20,67,16.884992445915945
20,68,13.857561952977049
20,69,10.705725292721919
20,70,9.142788343083135
20,71,12.430780188195245
20,72,15.508195590773887
20,73,19.08205409446582
20,74,21.688013397692675
20,75,25.304757145355634
21,1,22.45897414938454
21,2,21.685082517849636
21,3,18.996800119767748
21,4,17.407493582386007
21,5,14.56393222464747
21,6,11.095724848440907
21,7,13.471327702409633
21,8,15.459772544707983
21,9,18.991812124045456
21,10,18.851581467490888
21,11,22.294687661872754
21,12,24.392487009868066
21,13,24.592414765781367
21,14,21.72072188110944
21,15,18.440084938045942
21,16,15.383034778877589
21,17,12.068269715878241
21,18,9.408868333244355
21,19,6.654724812645575
21,20,3.8590615881823633
21,22,3.80910863890621
21,23,5.4884351392413695
21,24,8.158223701198963
21,25,10.96014372036957
21,26,14.15172450331538
21,27,16.21250004027496
21,28,16.5687670558598
21,29,17.421480235551837
21,30,21.201622799882198
21,31,21.53232590175141
21,32,20.958473652899677
21,33,17.98461183101591
21,34,16.78935479942744
21,35,13.333228510090672
21,36,13.271325057041587
21,37,13.29995894341258
21,38,9.965970555105411
21,39,10.450488494842054
21,40,8.77902330612483
21,41,9.18837333264518
21,42,12.337697795363455
21,43,12.642852650286295
21,44,14.361281371090792
21,45,14.617883755450515
21,46,11.464384697476715
21,47,7.952129975352499
21,48,5.25042642847702
21,49,5.017372762542693
21,50,4.752899655314907
21,51,5.614977952036529
21,52,7.839333473218591
21,53,10.65597296462067
21,54,11.215654233675112
21,55,12.98352382452285
21,56,11.902208906473676
21,57,9.736107843972858
21,58,11.267922799578608
21,59,13.679270694394962
21,60,14.202370586913679
21,61,17.02833759057308
21,62,20.354570063355705
21,63,22.915144133973705
21,64,22.059138689366005
21,65,18.5015771273005
21,66,16.300766817228528
21,67,13.213153011858376
21,68,10.409174117894887
21,69,7.558670776852647
21,70,5.421383658528677
21,71,8.573691733808102
21,72,11.69870676613196
21,73,15.252514142814597
21,74,17.832302295075685
21,75,21.45126527275564
22,1,25.7461451364406
22,2,24.669719823204343
22,3,22.01892033797526
22,4,20.670550063557943
22,5,18.08916085317266
22,6,14.468925862225438
22,7,16.35564885443074
22,8,17.994927164923723
22,9,21.24717659191084
22,10,20.492568153533902
22,11,23.624531063024744
22,12,26.14910633728993
22,13,26.363228973145706
22,14,23.677182707237513
22,15,20.71030446444217
22,16,17.328084388894737
22,17,14.305129567127942
22,18,11.750903079992508
22,19,8.239430462700316
22,20,6.296950242267149
22,21,3.80910863890621
22,23,3.82637765638117
22,24,7.2622677884332445
22,25,10.73016555666811
22,26,13.294136948909975
22,27,15.958066299094416
22,28,17.162298458943816
22,29,18.222718545216157
22,30,21.959855704988165
22,31,22.767096140644306
22,32,22.798112208182435
22,33,20.09330577384672
22,34,18.26402205074169
22,35,14.548368708594548
22,36,14.034819334694484
22,37,12.992296808609922
22,38,9.281608942755167
22,39,8.356610385537984
22,40,5.656587500004795
22,41,5.699465852128688
22,42,8.647410519573661
22,43,9.059660283505695
22,44,11.222191893502576
22,45,11.469321288799016
22,46,8.642521167700838
22,47,5.753027646621437
22,48,4.973790375780908
22,49,6.707091434354933
22,50,7.93887399401501
22,51,9.00053640453743
22,52,10.229419814935065
22,53,12.159656815705473
22,54,11.760827302423058
22,55,12.485611316028834
22,56,10.60715581221343
22,57,8.161519760183689
22,58,10.02312847317501
22,59,11.664574718870357
22,60,12.194698141506407
22,61,15.490319172173297
22,62,18.42788055284258
22,63,21.166637613966675
22,64,20.630424619602753
22,65,17.21145344828887
22,66,14.408057055884523
22,67,11.135983673500442
22,68,8.052661809221075
22,69,4.514209566118642
22,70,4.557027499357344
22,71,8.092486500234882
22,72,10.572602875723407
22,73,13.89342300488506
22,74,17.032871428239915
22,75,20.37928705663381
23,1,24.33053260176635
23,2,22.776383081597412
23,3,20.24987368984602
23,4,19.43532294239061
23,5,17.39767044493426
23,6,13.570742661176432
23,7,14.596433661041546
23,8,15.717112602233303
23,9,18.608948872900047
23,10,17.380981746029516
23,11,20.282743713938544
23,12,23.047567108610956
23,13,23.283339548180802
23,14,20.825736441124786
23,15,18.198475467382405
23,16,14.680918440068382
23,17,12.175640894997187
23,18,9.627212095285627
23,19,5.859057533916244
23,20,5.8057496918625375
23,21,5.4884351392413695
23,22,3.82637765638117
23,24,3.8672047288761027
23,25,7.060711354942024
23,26,9.485588112218934
23,27,12.160297685284748
23,28,13.583392548608055
23,29,14.91497757124529
23,30,18.6365832534811
23,31,19.83129270116599
23,32,20.190409681198727
23,33,17.919525692106422
23,34,15.856799747203247
23,35,12.058053382249305
23,36,10.836581944863621
23,37,9.50217904185933
23,38,5.719235061583068
23,39,5.1903086841272135
23,40,4.144601714580138
