1,2,3.8494428637961255
1,3,6.5957680579144276
1,4,10.273228486528456
1,5,13.035061802838982
1,6,16.7184991077653
1,7,19.897838258070784
1,8,21.325855067489236
1,9,24.80855892757557
1,10,26.794767575850198
1,11,30.591698190154258
1,12,32.06960849497858
1,13,34.89173100237837
1,14,38.53447808956105
1,15,38.57589937073446
1,16,35.41588722645823
1,17,32.534546733389504
1,18,29.140509444066847
1,19,26.71435425579871
1,20,23.111944589157606
1,21,20.357703164073648
1,22,16.951084433347987
1,23,14.231464168213869
1,24,10.764877918803933
1,25,8.058823621031996
1,26,7.385495711811911
1,27,6.121519191567766
1,28,9.610728790731836
1,29,12.665628241726468
1,30,13.584178700089778
1,31,17.138932209972598
1,32,18.133429453439092
1,33,16.28575448649144
1,34,17.639668140459182
1,35,17.874235206833834
1,36,19.463898998783364
1,37,21.05647759130001
1,38,21.65841862608087
1,39,24.183450555529348
1,40,23.961593527282364
1,41,27.10515214331046
1,42,27.344545163055834
1,43,25.541743224102113
1,44,26.271890011528434
1,45,24.272716966950938
1,46,25.91867423942834
1,47,25.014998735736757
1,48,26.097691082101814
1,49,24.821724645030343
1,50,23.077554404012922
1,51,22.674200359995325
1,52,21.69744205631892
1,53,21.69749722957426
1,54,21.434887906250005
1,55,20.00282981257298
1,56,22.171801381795927
1,57,24.96900102543574
1,58,26.111021113881115
1,59,24.862404363894495
1,60,26.675663907190494
1,61,27.886874111442275
1,62,28.60831932393872
1,63,31.616076190250798
1,64,31.05076066489651
1,65,28.121784133478755
1,66,27.985933491478807
1,67,25.45856883731666
1,68,24.5921053093116
1,69,21.68130216015356
1,70,21.680185530000628
1,71,18.791574829338593
1,72,15.198454306258386
1,73,16.732879039806225
1,74,19.189552051074365
1,75,22.416559792631784
1,76,23.22483218249528
1,77,26.90125501723604
1,78,28.34303818768788
1,79,32.16540481472476
1,80,35.012087093713454
1,81,34.191188847050086
1,82,36.66974098458132
1,83,36.90827224671719
1,84,35.84281683937383
1,85,32.285605005042754
1,86,31.038120085205485
1,87,27.864539626573194
1,88,24.085012447790774
1,89,22.364491348352665
1,90,18.753461319322025
1,91,16.761631075379565
1,92,15.034831203251949
1,93,13.417365020414325
1,94,13.220953896445835
1,95,12.544924546391622
1,96,15.442565112758798
1,97,16.464854763501478
1,98,16.078193306015997
1,99,14.202788073146802
1,100,11.905702949442503
1,101,11.955977584979319
1,102,8.907366866340872
1,103,9.936278520412078
1,104,9.525809951292182
1,105,12.188745665431883
1,106,13.386544963677222
1,107,15.38902165210473
1,108,18.492092376683374
1,109,21.28616946029592
1,110,24.783098857822285
1,111,27.267748372928615
1,112,30.877922998481697
1,113,33.890141921577666
1,114,37.330193698610515
2,1,3.8494428637961255
2,3,3.8206156150793857
2,4,6.9143778655569905
2,5,10.192705808310368
2,6,13.652042407705697
2,7,17.130636580629577
2,8,18.806797302072262
2,9,22.064328377066452
2,10,23.75529052491718
2,11,27.508407324358195
2,12,28.73154914289103
2,13,31.504012926874815
2,14,35.13397745800052
2,15,35.00985957283604
2,16,31.818248440733193
2,17,28.9372399164015
2,18,25.62986386995932
2,19,23.247182279280246
2,20,19.752768256673576
2,21,17.09083258120885
2,22,13.518619496671942
2,23,11.15689510242334
2,24,7.609753136600746
2,25,5.898053553930884
2,26,5.664267628222544
2,27,6.612981535899579
2,28,9.383317862413449
2,29,11.657045639834301
2,30,11.846891409540657
2,31,14.960372796730386
2,32,15.50226785587102
2,33,13.142059051410106
2,34,14.144588659621414
2,35,14.093884115928976
2,36,15.686412520859436
2,37,17.286057475411646
2,38,18.10165186822381
2,39,20.8053528187039
2,40,20.939576494550803
2,41,24.294076809512788
2,42,24.934236458852606
2,43,23.2780320056988
2,44,23.600419390376178
2,45,21.26228420086963
2,46,22.59672661323846
2,47,21.46688060537636
2,48,22.380907672178225
2,49,21.015365046594777
2,50,19.32724538621372
2,51,18.98337609891852
2,52,18.260368663189507
2,53,18.441756062118944
2,54,18.614761456845372
2,55,17.438291915674963
2,56,19.55479677846445
2,57,22.109878657576886
2,58,22.895439510712006
2,59,21.37356604648813
2,60,23.115542746544612
2,61,24.164181538738745
2,62,24.812873721536036
2,63,27.78441166302405
2,64,27.20503661785559
2,65,24.281299037624233
2,66,24.215812132751694
2,67,21.805445854493573
2,68,21.170848410214457
2,69,18.453220001656117
2,70,18.842448867055538
2,71,16.30314896355996
2,72,12.555228043914722
2,73,13.644943178324027
2,74,15.723527008141698
2,75,18.954536320694064
2,76,19.531773758080977
2,77,23.21355857042833
2,78,24.591231642699928
2,79,28.410885757069586
2,80,31.24838764747328
2,81,30.537564349038874
2,82,33.1124653336638
2,83,33.532701909202835
2,84,32.48669990429571
2,85,28.854681192981687
2,86,27.80711254243354
2,87,24.752824619446873
2,88,21.009562702689184
2,89,18.968877335969893
2,90,15.331273978803836
2,91,13.070096175876063
2,92,11.297585815047478
2,93,9.62557378243629
2,94,9.859183747131498
2,95,9.735369971949707
2,96,13.034335584787252
2,97,14.64364335198331
2,98,14.894950653234917
2,99,13.523954078386732
2,100,11.518033014456513
2,101,10.501689837341702
2,102,6.88494424659946
2,103,7.062806154411921
2,104,5.959661123647229
2,105,8.882450133844525
2,106,10.222062191125973
2,107,12.822451302731517
2,108,15.505981106290433
2,109,18.20256736284164
2,110,21.819552401833615
2,111,24.04984284065433
2,112,27.747590129597693
2,113,30.58851732829775
2,114,34.114434812164454
3,1,6.5957680579144276
3,2,3.8206156150793857
3,4,3.8216665316953717
3,5,6.541211510814221
3,6,10.137187940949143
3,7,13.438681530225661
3,8,15.08707772440765
3,9,18.40764418995501
3,10,20.230760356545144
3,11,24.022070833433805
3,12,25.48347211490875
3,13,28.32577908039761
3,14,31.959931758689365
3,15,32.0985854049407
3,16,28.966782660924327
3,17,26.109156502709876
3,18,22.635891188661578
3,19,20.298286321171364
3,20,16.670090558419044
3,21,14.190039586402513
3,22,10.7753605066334
3,23,8.570221876194474
3,24,5.841559272395784
3,25,5.508313037644618
3,26,7.4821817923929
3,27,9.336881856192793
3,28,12.110255068904648
3,29,13.60608071239162
3,30,13.924866420461326
3,31,16.546190688222403
3,32,16.990064843975425
3,33,14.090965695884227
3,34,14.562464000328566
3,35,13.5053796114727
3,36,14.769197379396513
3,37,15.575769066810619
3,38,16.418612554785224
3,39,18.786758153887302
3,40,18.90820338584846
3,41,22.21590336449268
3,42,23.077008089879453
3,43,21.95635480917637
3,44,22.351034310578783
3,45,19.993940173242944
3,46,21.338205836791808
3,47,20.385442916295244
3,48,20.846668515763618
3,49,19.76480760426125
3,50,18.69301724965601
3,51,18.6129042323988
3,52,18.573895655686947
3,53,18.764765388399397
3,54,19.413530447316862
3,55,18.07738087922472
3,56,19.564986793490167
3,57,22.140288336629876
3,58,22.452524933927755
3,59,20.740109038673868
3,60,22.72227284425097
3,61,23.443952939237406
3,62,23.867506231137085
3,63,26.539293437854194
3,64,25.498246708583604
3,65,22.541799776526545
3,66,22.521731392000266
3,67,20.081616208831708
3,68,19.64719960375588
3,69,17.332079883735172
3,70,17.54969880099628
3,71,15.510434384583611
3,72,11.718532328420517
3,73,11.870068806896965
3,74,13.916972281647775
3,75,16.67953812312605
3,76,17.28369829381651
3,77,20.7978911989974
3,78,22.192747321487204
3,79,26.000229528059684
3,80,28.904396899834435
3,81,27.940716009468673
3,82,30.43271046818239
3,83,30.620476950805724
3,84,29.816098165173976
3,85,26.204244374534863
3,86,24.85092752653017
3,87,21.88536736983846
3,88,18.20026259392764
3,89,16.322643691284586
3,90,12.951299837239347
3,91,10.87331411941012
3,92,10.180909189827998
3,93,9.267424689509845
3,94,10.908654602095327
3,95,11.59430881709994
3,96,15.21392157147602
3,97,17.13763107235721
3,98,17.720104702771245
3,99,16.831774414157234
3,100,15.050199939402258
3,101,13.601698180715998
3,102,9.85244911302719
3,103,8.820435183475608
3,104,6.001935554874208
3,105,7.548689260329842
3,106,7.468077864682214
3,107,9.767892927827019
3,108,12.452530968194475
3,109,14.897953192534525
3,110,18.504171695374694
3,111,20.821765900192695
3,112,24.436390549358556
3,113,27.41863149478526
3,114,30.83736192901251
4,1,10.273228486528456
4,2,6.9143778655569905
4,3,3.8216665316953717
4,5,3.812014103126869
4,6,6.803105932117548
4,7,10.470097219491848
4,8,12.508368097952511
4,9,15.457072168795147
4,10,16.88798667989954
4,11,20.632363774725672
4,12,21.860586602803185
4,13,24.64771196216378
4,14,28.28194025425476
4,15,28.318159689906743
4,16,25.185282561848002
4,17,22.30804836107637
4,18,18.872043718599507
4,19,16.57094358077917
4,20,13.01917612306148
4,21,10.749708940180001
4,22,7.202901367879664
4,23,5.907718376509026
4,24,4.406706816648952
4,25,6.604652494723217
4,26,9.06341503974537
4,27,11.937915176560043
4,28,13.972127849383055
4,29,14.587442112756543
4,30,14.365936882765734
4,31,16.19983073748715
4,32,16.190450062749257
4,33,12.832104181773456
4,34,12.662981110685473
4,35,10.790583974291627
4,36,11.866689780905034
4,37,12.219314794674089
4,38,13.429123073634726
4,39,15.840962271263763
4,40,16.454600202839224
4,41,19.930289632873556
4,42,21.337709228579396
4,43,20.612180220356056
4,44,20.553512683132606
4,45,17.851983238692878
4,46,18.756697034002517
4,47,17.589785803497435
4,48,17.589323163768054
4,49,16.49985516315868
4,50,15.80118308913725
4,51,15.869706462808404
4,52,16.414329876683745
4,53,16.754665658286246
4,54,17.99098897459416
4,55,16.900243170749334
4,56,18.00362774413932
4,57,20.24291374910036
4,58,19.997541798185473
4,59,17.971995425433548
4,60,19.953135066306288
4,61,20.369122808970786
4,62,20.661654268472862
4,63,23.12028373201276
4,64,21.892039679614303
4,65,18.91443626578454
4,66,18.959599052480982
4,67,16.64470390064541
4,68,16.567852596373015
4,69,14.728162200593676
4,70,15.311851856763322
4,71,13.996952594300465
4,72,10.365033263551986
4,73,9.40915688170434
4,74,10.792241843893368
4,75,13.249539876764986
4,76,13.581823601940977
4,77,17.025154144660473
4,78,18.38820547264589
4,79,22.193148470364015
4,80,25.139080371657062
4,81,24.23008798702741
4,82,26.827412922043465
4,83,27.155582100247663
4,84,26.493042880830956
4,85,22.80073226377951
4,86,21.579267212914502
4,87,18.847240429978367
4,88,15.29549299206574
4,89,13.039842120946238
4,90,9.8676986921376
4,91,7.429806130777337
4,92,7.567401235193631
4,93,7.171256495967741
4,94,9.972939633107861
4,95,11.423084782163112
4,96,15.074617795922443
4,97,17.38617083956069
4,98,18.496810583186825
4,99,18.170350432092988
4,100,16.772782200814802
4,101,14.699583985169417
4,102,11.113346922228821
4,103,9.267730777555192
4,104,5.684927464138371
4,105,6.077351590039546
4,106,5.005827468090778
4,107,7.952027776977262
4,108,9.693893748347085
4,109,11.71556679455148
4,110,15.464003425345236
4,111,17.42744848350236
4,112,21.110198561843895
4,113,23.92175901639206
4,114,27.396879903989177
5,1,13.035061802838982
5,2,10.192705808310368
5,3,6.541211510814221
5,4,3.812014103126869
5,6,3.836636621710162
5,7,7.000168234435329
5,8,9.30182296993178
5,9,12.31623004312746
5,10,13.898040095972762
5,11,17.71965983152211
5,12,19.353796741576897
5,13,22.142524476570884
5,14,25.801874992998922
5,15,26.232013551007764
5,16,23.29461153185911
5,17,20.401992975610472
5,18,16.76676207906583
5,19,14.427374685231511
5,20,10.676299708287342
5,21,8.659723239729866
5,22,5.997477265552948
5,23,5.195931905209324
5,24,6.1239264683180785
5,25,8.639790967412768
5,26,11.902473395383504
5,27,14.703853493269099
5,28,16.866124406803824
5,29,17.096799918426743
5,30,17.26591120749623
5,31,18.813401219121594
5,32,18.986797679692632
5,33,15.602626495211243
5,34,15.267529867089214
5,35,12.753327907595347
5,36,13.510663226128951
5,37,12.845978417984817
5,38,14.112815708367439
5,39,15.89994630550132
5,40,16.50047269875804
5,41,19.724350219841174
5,42,21.344759316403398
5,43,21.2953528846562
5,44,21.365091520287166
5,45,18.79500270220517
5,46,19.640683191804854
5,47,18.696332461967994
5,48,18.07171500720817
5,49,17.303203987376477
5,50,17.316338019559048
5,51,17.496385894860044
5,52,18.560385086290424
5,53,18.680675009227183
5,54,20.08300763500672
5,55,18.70558178054176
5,56,19.071045345380366
5,57,21.365549217827624
5,58,20.780543405093123
5,59,18.82991575318804
5,60,21.113160812954437
5,61,21.29525368284477
5,62,21.514585582843896
5,63,23.466263608035757
5,64,21.748605004162542
5,65,18.750861805230976
5,66,18.67743507854287
5,67,16.28298830016772
5,68,16.269044207958927
5,69,14.955670142029355
5,70,15.04925487577513
5,71,14.325130054455038
5,72,11.137230173871139
5,73,9.254182715478505
5,74,10.627997562185673
5,75,12.135860388288657
5,76,12.760175138236777
5,77,15.795066433426781
5,78,17.317508388397393
5,79,21.000048580670022
5,80,24.062128027505633
5,81,22.87419688734111
5,82,25.366748131448247
5,83,25.37319928076887
5,84,25.14696815243482
5,85,21.539335875005936
5,86,19.867678189209446
5,87,17.410141149859616
5,88,14.134208910488786
5,89,12.235780338473198
5,90,9.92870697059638
5,91,8.08928275973811
5,92,9.801953309661391
5,93,10.065207498831757
5,94,13.348663454981523
5,95,14.845353485130646
5,96,18.501768387843878
5,97,20.705510983148017
5,98,21.808091670176285
5,99,21.753264894749268
5,100,20.45249711146796
5,101,18.468893038243927
5,102,14.911506450992578
5,103,13.002540563671818
5,104,9.3169855629647
5,105,8.631432615761343
5,106,5.808165025024025
5,107,7.280912356301518
5,108,8.529148215632633
5,109,9.614378476814922
5,110,13.237965849609479
5,111,15.22801681934273
5,112,18.69653548992326
5,113,21.69522562339421
5,114,24.949534478609824
6,1,16.7184991077653
6,2,13.652042407705697
6,3,10.137187940949143
6,4,6.803105932117548
6,5,3.836636621710162
6,7,3.8920334462216872
6,8,6.683639332528242
6,9,8.999993288767994
6,10,10.179296777337111
6,11,13.973713292303993
6,12,15.5224571813941
6,13,18.37341925991679
6,14,22.000931160293042
6,15,22.498886161031763
6,16,19.559750918068342
6,17,16.763509429825515
6,18,13.05886092417106
6,19,10.989768636570956
6,20,7.352603644986072
6,21,6.45788416649042
6,22,4.862813918165327
6,23,6.47588269421401
6,24,8.796974542739592
6,25,11.97816185907447
6,26,15.101797635825879
6,27,18.206740423466623
6,28,20.016759172252794
6,29,19.823105966012044
6,30,19.610080259235882
6,31,20.54257674786885
6,32,20.292432485491325
6,33,16.732550475702723
6,34,15.733658511301318
6,35,12.538112083548661
6,36,12.655643369067862
6,37,11.010691534644714
6,38,12.36870622644126
6,39,13.683151454114306
6,40,14.66073786952011
6,41,17.76040196496094
6,42,19.881301776289938
6,43,20.405729216520538
6,44,20.142499597327856
6,45,17.48443482841836
6,46,17.936431777292697
6,47,17.047509061695663
6,48,15.823675881942071
6,49,15.39940939260047
6,50,16.169856228384067
6,51,16.717672625673163
6,52,18.49710511170576
6,53,18.850845998025004
6,54,20.805972953794505
6,55,19.75888536507626
6,56,19.694811500390287
6,57,21.511791887059317
6,58,20.26648103088
6,59,18.005141341496778
6,60,20.139985986039914
6,61,19.79085550115226
6,62,19.609191163979034
6,63,21.142291127210928
6,64,18.997016622736638
6,65,16.180529350394067
6,66,16.341311268730646
6,67,14.339071943973863
6,68,14.970234456086954
6,69,14.570245004002873
6,70,15.004950842148222
6,71,15.254630865925867
6,72,12.654527645806018
6,73,9.741273107566371
6,74,9.899797707273851
6,75,10.250116652138592
6,76,10.300443217266215
6,77,12.78183128207941
6,78,14.070918822179586
6,79,17.613779699107905
6,80,20.634026436348766
6,81,19.291626915890358
6,82,21.752435202398747
6,83,21.729114674692926
6,84,21.741635690502903
6,85,18.149467713192095
6,86,16.435121491069157
6,87,14.342632121493544
6,88,11.457132620164824
6,89,9.489756591821234
6,90,8.216530670411897
6,91,6.977272707012984
6,92,9.97007899083273
6,93,11.089210992127873
6,94,14.785355827316854
6,95,16.793453434797435
6,96,20.217895721871447
6,97,22.67910271502045
6,98,24.132430121377766
6,99,24.352675331668163
6,100,23.24260375616292
6,101,20.88186661466402
6,102,17.511778733780965
6,103,15.154031023148198
6,104,11.477623867316394
6,105,9.856574615734065
6,106,6.504265712094606
6,107,7.240849356698752
6,108,6.675485867800129
6,109,6.425041921356989
6,110,10.001596116163395
6,111,11.580202315064374
6,112,15.02873517118885
6,113,17.93246887986325
6,114,21.181408929726594
7,1,19.897838258070784
7,2,17.130636580629577
7,3,13.438681530225661
7,4,10.470097219491848
7,5,7.000168234435329
7,6,3.8920334462216872
7,8,3.843942985736563
7,9,5.717742109213059
7,10,7.260791709200873
7,11,11.070934650081165
7,12,13.309276606264696
7,13,16.210532772605884
7,14,19.73519738543093
7,15,20.820589025849223
7,16,18.16502463588431
7,17,15.602459836832443
7,18,11.800748052949691
7,19,10.157131352401656
7,20,6.937767510561995
7,21,7.411569403553013
7,22,7.7327403369770344
7,23,9.47093978825639
7,24,12.289058372039918
7,25,15.250776293016594
7,26,18.623127303424383
7,27,21.582034340489233
7,28,23.533807450373274
7,29,23.236238515645706
7,30,23.247815241011462
7,31,24.068303583914197
7,32,23.901087335202032
7,33,20.385329456696205
7,34,19.283398660151253
7,35,15.888327318706626
7,36,15.656265208749112
7,37,13.32344013633487
7,38,14.375079789397224
7,39,14.802664284641496
7,40,15.568787153677864
7,41,18.09722754395323
7,42,20.293784514494124
7,43,21.497346845467945
7,44,21.4192279153156
7,45,19.106364062745822
7,46,19.564451563731406
7,47,19.063090017414876
7,48,17.408453196999176
7,49,17.475637775694363
7,50,18.870315278769755
7,51,19.598708259722347
7,52,21.711133928953
7,53,21.990512312745587
7,54,24.032434027593933
7,55,22.869217132168075
7,56,22.32833572291655
7,57,24.07891166855985
7,58,22.561146447897077
7,59,20.398499966372853
7,60,22.59381797013412
7,61,21.958154655025908
7,62,21.54341702426517
7,63,22.53663985850062
7,64,19.91197091848478
7,65,17.376349842795676
7,66,17.56735327052963
7,67,15.803362511415438
7,68,16.60758615596773
7,69,16.812672758512285
7,70,16.87451326211186
7,71,17.62361716326703
7,72,15.512288080204248
7,73,12.336007477688769
7,74,12.325459629086675
7,75,11.544138527110645
7,76,11.645313580291532
7,77,13.135915948464199
7,78,14.271325535749135
7,79,17.35117454485798
7,80,20.258864259215482
7,81,18.4994803739766
7,82,20.626951578926864
7,83,20.10185004456184
7,84,20.62754101617423
7,85,17.33730656829458
7,86,15.048011602558695
7,87,13.443805389773443
7,88,11.27033303506079
7,89,10.22479259005579
7,90,10.284894449834605
7,91,10.084482101546419
7,92,13.473507629907866
7,93,14.888784029744428
7,94,18.621877779556616
7,95,20.655318553139153
7,96,24.058622848050273
7,97,26.48217628643841
7,98,27.916090080097412
7,99,28.20427143145769
7,100,27.08201092559327
7,101,24.762533937056133
7,102,21.354896667823752
7,103,18.937964934419746
7,104,15.225796988593673
7,105,13.252193282388582
7,106,9.604174619046386
7,107,8.921065124804885
7,108,7.730338262173977
7,109,5.845918485770672
7,110,8.343425801751838
7,111,9.84793597013021
7,112,12.72032428467001
7,113,15.856578461111747
7,114,18.710894029876876
8,1,21.325855067489236
8,2,18.806797302072262
8,3,15.08707772440765
8,4,12.508368097952511
8,5,9.30182296993178
8,6,6.683639332528242
8,7,3.843942985736563
8,9,3.8127559430611035
8,10,7.145744816206633
8,11,10.541498207699993
8,12,13.38809876768759
8,13,16.727705692775125
8,14,19.86459784871378
8,15,21.40147539387867
8,16,18.639646915771547
8,17,16.752028176743273
8,18,13.013071001746175
8,19,12.419046134464793
8,20,9.883163118734654
8,21,11.097621976127757
8,22,11.153394401296588
8,23,12.873545634904504
8,24,15.19011366154675
8,25,17.899180473303137
8,26,21.195463062152527
8,27,23.89804288017517
8,28,26.162306119603652
8,29,26.259032290619874
8,30,26.196743138910797
8,31,27.218292538027512
8,32,26.83329878543122
8,33,23.184079871716115
8,34,21.747348995328657
8,35,18.274645498685636
8,36,17.37118480604163
8,37,14.65761901628997
8,38,14.749543063862008
8,39,14.28592254239401
8,40,14.245671808924863
8,41,16.138639645666817
8,42,17.994513268527648
8,43,19.61370494324411
8,44,19.998830311112098
8,45,18.28674167806887
8,46,19.248303690078657
8,47,19.508756155521606
8,48,18.134764421071694
8,49,18.965113848963693
8,50,20.74660916326903
8,51,22.042453924197098
8,52,24.375136524578895
8,53,25.066998797546407
8,54,27.28899974456074
8,55,26.33508782917108
8,56,26.00206366407291
8,57,27.658749425833946
8,58,26.020873680288425
8,59,23.607973257184046
8,60,25.477137046806266
8,61,24.446540097619714
8,62,23.302320213523604
8,63,24.331965869273553
8,64,21.368204344612973
8,65,19.3715006328758
8,66,20.151266518444924
8,67,18.887020767316326
8,68,20.095370137718923
8,69,20.45777632843922
8,70,20.69127219329354
8,71,21.3740850610935
8,72,19.06585273405552
8,73,16.011946888872995
8,74,15.873136981080691
8,75,15.028350518219499
8,76,14.526560568832622
8,77,15.539956454702452
8,78,15.867663321970609
8,79,18.596200160395597
8,80,20.97274302224973
8,81,18.592967028144557
8,82,20.064494098243713
8,83,18.886949157180513
8,84,19.242270654249968
8,85,16.337695914265844
8,86,13.450233910602464
8,87,11.565231061416844
8,88,9.608375600846157
8,89,9.940990464368236
8,90,10.568227748759815
8,91,11.653497189205535
8,92,15.039092138520228
8,93,17.11378711030524
8,94,20.72693829071801
8,95,23.10355070980463
8,96,26.448550537171208
8,97,29.1306460250796
8,98,30.605377009564695
8,99,30.529070686179892
8,100,29.14904610968579
8,101,26.70115838982094
8,102,23.180867276877883
8,103,20.424500793805294
8,104,16.717831639026432
8,105,14.11153497147715
8,106,10.348424918987645
8,107,8.235622075357359
8,108,6.962644615687956
8,109,5.071204884928217
8,110,6.235115346069918
8,111,8.802885562757474
8,112,11.216071605014852
8,113,14.830346023999354
8,114,17.447486435966795
9,1,24.80855892757557
9,2,22.064328377066452
9,3,18.40764418995501
9,4,15.457072168795147
9,5,12.31623004312746
9,6,8.999993288767994
9,7,5.717742109213059
9,8,3.8127559430611035
9,10,3.837085375857836
9,11,6.805600187080926
9,12,9.900612794218118
9,13,13.272413254407013
9,14,16.22489321410389
9,15,18.01565360007977
9,16,15.439700276766823
9,17,13.903711289643931
9,18,10.391733439762703
9,19,10.615239000085108
9,20,9.17730375412844
9,21,11.565062841155548
9,22,12.57372708490378
9,23,14.994878375103296
9,24,17.767898939161924
9,25,20.817566813616793
9,26,24.064167726628522
9,27,27.0171320332761
9,28,28.9983875415431
9,29,28.750928996896867
9,30,28.477138125964963
9,31,29.06266589076436
9,32,28.462020439728242
9,33,24.82527606210944
9,34,23.09146840661737
9,35,19.393511113129517
9,36,18.201038642443923
9,37,14.991388382134124
9,38,15.164188574594471
9,39,14.166648564733157
9,40,14.557581053524842
9,41,16.047840730371835
9,42,18.392071257247302
9,43,20.549531302886304
9,44,20.524288069961944
9,45,18.813307442666634
9,46,19.249196267408756
9,47,19.51775620353554
9,48,17.578533135721386
9,49,18.688888384867333
9,50,21.01682602279977
9,51,22.45455219608236
9,52,25.184484282354838
9,53,25.936202166922065
9,54,28.438569728755137
9,55,27.688085373702506
9,56,27.019426287070186
9,57,28.293373985745117
9,58,26.22144303848409
9,59,23.735390241422788
9,60,25.439566026521348
9,61,24.037219539937322
9,62,22.651682993734507
9,63,23.12640201670064
9,64,19.839857080562975
9,65,18.21911047109129
9,66,19.131968368573695
9,67,18.35308953160851
9,68,19.976309792658206
9,69,21.031813386190162
9,70,21.433860322441518
9,71,22.743838984849205
9,72,20.905865801922435
9,73,17.473815996796446
9,74,16.66674309441276
9,75,14.976793610238989
9,76,14.09640884455572
9,77,14.142091163961025
9,78,14.091275745389494
9,79,16.24210109277365
9,80,18.39342681135383
9,81,15.812367295129357
9,82,17.07877981050571
9,83,15.73195299616355
9,84,16.613472720290456
9,85,13.950652115953643
9,86,10.924261903800904
9,87,10.030985835773514
9,88,9.316665824136354
9,89,9.89755734775453
9,90,11.7697261796742
9,91,13.132112794338555
9,92,16.818663705439903
9,93,19.07309954920529
9,94,22.78334251451031
9,95,25.31193254978584
9,96,28.472450896113326
9,97,31.22181128821142
9,98,32.9008805201952
9,99,33.09130559589534
9,100,31.90331408951427
9,101,29.267268938474178
9,102,25.918759284259057
9,103,23.044980286346043
9,104,19.4360099149795
9,105,16.687099636221
9,106,13.111838076319641
9,107,11.265325089362571
9,108,8.915940117469972
9,109,5.6454185138264705
9,110,4.8830056143544605
9,111,6.137892884137495
9,112,7.847144589573288
9,113,11.380239783805942
9,114,13.79022437553816
10,1,26.794767575850198
10,2,23.75529052491718
10,3,20.230760356545144
10,4,16.88798667989954
10,5,13.898040095972762
10,6,10.179296777337111
10,7,7.260791709200873
10,8,7.145744816206633
10,9,3.837085375857836
10,11,3.8330983781992116
10,12,6.414904675249801
10,13,9.591639412925552
10,14,12.792460680111644
10,15,14.395609116062746
10,16,11.991535475426534
10,17,10.256391963470591
10,18,6.87423544598657
10,19,7.4953052804862015
10,20,7.268195936352356
10,21,10.520632058511698
10,22,12.408927521404946
10,23,15.365675415305992
10,24,18.541810120085486
10,25,21.91652490831507
10,26,25.04694863103631
10,27,28.298547141946027
10,28,29.85320185710728
10,29,29.141897776531696
10,30,28.66690403856427
10,31,28.747909945472593
10,32,28.02367727977988
10,33,24.51602899217293
10,34,22.67892709172194
10,35,18.90266509328495
10,36,17.791057493348532
10,37,14.435942205789996
10,38,15.207341649417794
10,39,14.359462657663778
10,40,15.615055382737891
10,41,17.228850204951375
10,42,20.120750982330684
10,43,22.327511618943653
10,44,21.677056834814444
10,45,19.592020982210215
10,46,19.266007162466142
10,47,19.04973433014426
10,48,16.473106867237824
10,49,17.360176424239384
10,50,19.936902783009305
10,51,21.195565160350917
10,52,24.143897070138348
10,53,24.767353009330836
10,54,27.427288565332596
10,55,26.82593189051859
10,56,25.802688639314855
10,57,26.70014702533328
10,58,24.28430346646674
10,59,21.85421851593172
10,60,23.50167506177378
10,61,21.951299186612463
10,62,20.743858258900104
10,63,20.66860589694235
10,64,17.30666904243826
10,65,15.758066535789524
10,66,16.48726452559086
10,67,16.002568160635494
10,68,17.87142689428996
10,69,19.531330124553694
10,70,20.09877847649212
10,71,22.000252835011807
10,72,20.705816828545686
10,73,17.001955642349863
10,74,15.570380864138773
10,75,13.141710157004267
10,76,12.084314936530967
10,77,11.294645023033848
10,78,11.280447829102302
10,79,13.04378999634045
10,80,15.357324161744637
10,81,13.072640372386836
10,82,14.71744361862392
10,83,13.864123597060287
10,84,15.31980646015182
10,85,12.578195186825715
10,86,10.156590210307137
10,87,10.40388696473194
10,88,10.457477005119044
10,89,10.230508149283487
10,90,12.645984033907089
10,91,13.5741565106063
10,92,17.361840030375824
10,93,19.428459595558007
10,94,23.18251760034231
10,95,25.66208531585848
10,96,28.623299331325715
10,97,31.29304498828355
10,98,33.13320600543066
10,99,33.72233495698969
10,100,32.83693895169227
10,101,30.104741485797298
10,102,27.004127298407383
10,103,24.21003736919181
10,104,20.746191194070374
10,105,18.200259220872127
10,106,14.902971764576842
10,107,13.838421690833549
10,108,10.938438361636496
10,109,7.19024631468186
10,110,6.404727820285322
10,111,5.137314765303319
10,112,6.494946277255772
10,113,9.15917622694382
10,114,11.664012907395396
11,1,30.591698190154258
11,2,27.508407324358195
11,3,24.022070833433805
11,4,20.632363774725672
11,5,17.71965983152211
11,6,13.973713292303993
11,7,11.070934650081165
11,8,10.541498207699993
11,9,6.805600187080926
11,10,3.8330983781992116
11,12,3.840443043023689
11,13,6.870115440742665
11,14,9.482087234352987
11,15,11.699676391757697
11,16,9.787929982127281
11,17,9.04697573222904
11,18,6.830780301250867
11,19,8.86627122816214
11,20,10.070099923072506
11,21,13.642645919839744
11,22,15.857357927377267
11,23,18.967018893048667
11,24,22.216565581639163
11,25,25.65750545969951
11,26,28.73373998171145
11,27,32.049339613861584
11,28,33.49047238474058
11,29,32.63705105954986
11,30,32.03690428421393
11,31,31.860734910843874
11,32,30.971093454098646
11,33,27.52809642305375
11,34,25.483994136335458
11,35,21.68055412143668
11,36,20.304474339852185
11,37,16.747990261490507
11,38,17.332771788835323
11,39,15.951056529730051
11,40,17.27334851448425
11,41,18.2797205011791
11,42,21.315008664056865
11,43,23.94193742117829
11,44,23.10497875834547
11,45,21.260679936737155
11,46,20.620767321972355
11,47,20.583648630422882
11,48,17.717538045090354
11,49,18.950001594340712
11,50,21.925053350750158
11,51,23.342118779469654
11,52,26.5360733879295
11,53,27.25088670936693
11,54,30.081102137172284
11,55,29.66859693979891
11,56,28.436919247289246
11,57,28.998658018025743
11,58,26.27399517757412
11,59,23.84491205458453
11,60,25.229377636750502
11,61,23.3295325392981
11,62,21.812819300557607
11,63,21.15276818953933
11,64,17.552314422858284
11,65,16.662062731057958
11,66,17.573301388286108
11,67,17.70375185749849
11,68,19.875781509964966
11,69,22.04597679133839
11,70,22.71446170695876
11,71,24.988587251577293
11,72,24.0173958035127
11,73,20.236513911339536
11,74,18.460505492255752
11,75,15.582915133871628
11,76,14.254194525875452
11,77,12.467017700638122
11,78,11.841046835529939
11,79,12.456114141195075
11,80,14.132163242009907
11,81,11.579887959491737
11,82,12.633843139554044
11,83,11.427735010859514
11,84,13.665343517054493
11,85,11.649200868779227
11,86,9.330880335560707
11,87,10.915103539383407
11,88,12.217208589161414
11,89,12.477937040202104
11,90,15.496440306903567
11,91,16.72894731361607
11,92,20.48001852118512
11,93,22.68639932805867
11,94,26.38045456118256
11,95,28.961333603180957
11,96,31.746204592050148
11,97,34.46431166234287
11,98,36.425484993359646
11,99,37.125878535609154
11,100,36.325475486023144
11,101,33.48012979099727
11,102,30.494646647887425
11,103,27.609910514542467
11,104,24.251879670575903
11,105,21.576873679406315
11,106,18.424572814425776
11,107,17.230628070301385
11,108,14.096122205680244
11,109,10.344571888517812
11,110,8.43132094876911
11,111,5.961609307112873
11,112,4.897746758368922
11,113,6.499697690494625
11,114,8.241994283136027
12,1,32.06960849497858
12,2,28.73154914289103
12,3,25.48347211490875
12,4,21.860586602803185
12,5,19.353796741576897
12,6,15.5224571813941
12,7,13.309276606264696
12,8,13.38809876768759
12,9,9.900612794218118
12,10,6.414904675249801
12,11,3.840443043023689
12,13,3.8283972198850598
12,14,6.698755705402104
12,15,8.136214718973983
12,16,5.968855516557745
12,17,5.54210404988055
12,18,4.588995055102568
12,19,7.805652631145948
12,20,10.294901110737511
12,21,14.094901348460311
12,22,16.42741610586376
12,23,19.89459966957806
12,24,23.130990030502684
12,25,26.780793078732557
12,26,29.570635661568918
12,27,33.0914590377203
12,28,34.14241037372987
12,29,33.01619617063387
12,30,32.06997624636155
12,31,31.454213603201854
12,32,30.275501159080367
12,33,26.978336221735642
12,34,24.713677370679825
12,35,20.97614770473946
12,36,19.49401302005069
12,37,15.958660480610146
12,38,16.827575929620348
12,39,15.56659574331003
12,40,17.54973883657803
12,41,18.644028940268733
12,42,22.057034183887257
12,43,24.56911225690458
12,44,23.147696941145025
12,45,21.038405202802785
12,46,19.722137960522637
12,47,19.31722161787369
12,48,16.052337349642045
12,49,17.200085390381048
12,50,20.385449638385154
12,51,21.801209986483986
12,52,25.187300100105357
12,53,26.004438609988465
12,54,29.04333255308523
12,55,28.99487187122892
12,56,27.687573969454252
12,57,27.750189845001742
12,58,24.693865752282708
12,59,22.181036356722327
12,60,23.204998083472454
12,61,21.01052462536572
12,62,19.384365756094713
12,63,18.22977035736272
12,64,14.599151792770682
12,65,14.144642162670271
12,66,15.196851626807653
12,67,15.994913877336511
12,68,18.59179517631434
12,69,21.25327564193482
12,70,22.35785531802883
12,71,25.000691572731128
12,72,24.355770968545208
12,73,20.521736283637686
12,74,18.131718448252332
12,75,14.961587325128152
12,76,13.123188633710752
12,77,10.494130681146856
12,78,9.317125428258416
12,79,9.07066598947441
12,80,10.55522439398995
12,81,8.349610996403525
12,82,9.86232316236778
12,83,9.620718274920307
12,84,12.140464266528326
12,85,10.111795842459033
12,86,9.049052598583174
12,87,11.397756946072002
12,88,13.094203898772173
12,89,12.73258938682545
12,90,15.976717882088984
12,91,17.005692011532734
12,92,20.577348162161254
12,93,22.72751461310267
12,94,26.272766517131938
12,95,28.89926285426235
12,96,31.358413030168645
12,97,34.08611002653801
12,98,36.240063490576716
12,99,37.181048544342055
12,100,36.61833742927259
12,101,33.62361839155472
12,102,30.94126759580776
12,103,28.064129407099422
12,104,24.976723634970075
12,105,22.41217955104622
12,106,19.680980915370764
12,107,19.04854176032943
12,108,15.582546540318804
12,109,11.945334485594572
12,110,10.323778558183871
12,111,6.840824002702506
12,112,5.834198500633654
12,113,5.155096013031915
12,114,7.272558279897177
13,1,34.89173100237837
13,2,31.504012926874815
13,3,28.32577908039761
13,4,24.64771196216378
13,5,22.142524476570884
13,6,18.37341925991679
13,7,16.210532772605884
13,8,16.727705692775125
13,9,13.272413254407013
13,10,9.591639412925552
13,11,6.870115440742665
13,12,3.8283972198850598
13,14,3.8178651802889703
13,15,5.227195096720753
13,16,4.948820398679905
13,17,4.89585135983013
13,18,6.208068376145961
13,19,8.953055948393944
13,20,12.183591786378454
13,21,15.784563556199721
13,22,18.59088088492378
13,23,21.985956367060965
13,24,25.40099207429783
13,25,29.06327221691972
13,26,31.807725482780867
13,27,35.413711249392335
13,28,36.20311362917828
13,29,34.73152378236907
13,30,33.79998046848142
13,31,32.840730489494945
13,32,31.734582144603873
13,33,28.689061258676894
13,34,26.566219891957523
13,35,22.982467369514726
13,36,21.797836202543724
13,37,18.492232109520135
13,38,19.770851850672845
13,39,18.758931693732926
13,40,21.031239481090136
13,41,22.12830986748294
13,42,25.63134142822471
13,43,28.12219657600931
13,44,26.476959755883897
13,45,24.244258753230614
13,46,22.54685269821783
13,47,21.787731792393423
13,48,18.249154398603206
13,49,19.008010708131135
13,50,22.110892512890082
13,51,23.153448057570067
13,52,26.491727448402237
13,53,27.012412127793663
13,54,29.975795546100564
13,55,29.91758368017127
13,56,28.21449146841399
13,57,27.999523781796608
13,58,24.778918366095418
13,59,22.60979850344391
13,60,23.638262360433572
13,61,21.507381797814688
13,62,20.34700429378219
13,63,18.51331147831732
13,64,15.143686178239667
13,65,14.855645743005722
13,66,15.368522426616265
13,67,16.368537770280536
13,68,18.825273987603985
13,69,21.893478066247518
13,70,22.872944152904804
13,71,25.90659750770205
13,72,25.8090098659259
13,73,22.006940846388055
13,74,19.46542985149302
13,75,15.91470670235733
13,76,14.418244411817776
13,77,11.178101142211434
13,78,10.410213660200323
13,79,9.0961577405419
13,80,10.42004572201288
13,81,9.230030779517213
13,82,10.798420016662835
13,83,11.156694398635404
13,84,14.204710016219577
13,85,12.684695188567064
13,86,12.30550757474597
13,87,15.005415637487301
13,88,16.803055816953513
13,89,16.144706222021682
13,90,19.260539790027615
13,91,19.878502951051292
13,92,23.327843342521497
13,93,25.14403658853677
13,94,28.619661786332124
13,95,31.026837085041368
13,96,33.345198713427195
13,97,35.860649253794804
13,98,38.02563214785962
13,99,39.288037000550204
13,100,38.95426721830894
13,101,36.02911611357427
13,102,33.518598179296475
13,103,30.832754594185282
13,104,27.843606626073328
13,105,25.53948454361784
13,106,22.910829379885357
13,107,22.560073738173642
13,108,19.141602093981046
13,109,15.513348716297681
13,110,14.130835998858734
13,111,10.64082285892489
13,112,9.381704469914004
13,113,7.627269841599282
13,114,8.37870351421085
14,1,38.53447808956105
14,2,35.13397745800052
14,3,31.959931758689365
14,4,28.28194025425476
14,5,25.801874992998922
14,6,22.000931160293042
14,7,19.73519738543093
14,8,19.86459784871378
14,9,16.22489321410389
14,10,12.792460680111644
14,11,9.482087234352987
14,12,6.698755705402104
14,13,3.8178651802889703
14,15,3.8584286823063567
14,16,5.596280891775534
14,17,7.572667093409211
14,18,9.710925950216124
14,19,12.694885974305476
14,20,15.976554323071776
14,21,19.594589683858832
14,22,22.344235149551512
14,23,25.782023980232342
14,24,29.159699577972212
14,25,32.83896777905425
14,26,35.54868308586018
14,27,39.16469027063015
14,28,39.933539352409646
14,29,38.45193992956094
14,30,37.41817269376921
14,31,36.34473832937718
14,32,35.08919299851438
14,33,32.08673321464396
14,34,29.800181468209544
14,35,26.25221836316117
14,36,24.823601931979805
14,37,21.454469894252423
14,38,22.42295086600589
14,39,21.01723345644122
14,40,23.15927575132611
14,41,23.751529727872754
14,42,27.21667653505158
14,43,29.962104013493953
14,44,28.239479141152348
14,45,26.2978534172862
14,46,24.47719374814214
14,47,23.972657965852747
14,48,20.45562458386544
14,49,21.54382057880194
14,50,24.839874571908382
14,51,26.068236177377937
14,52,29.516172310832456
14,53,30.182865677040677
14,54,33.244702169204885
14,55,33.36493619566401
14,56,31.62802067504027
14,57,31.17695363344609
14,58,27.813016347593287
14,59,25.6471781138323
14,60,26.36445146821824
14,61,23.975430422382452
14,62,22.469109320029574
14,63,20.265399239511964
14,64,16.91639099754611
14,65,17.348743809122283
14,66,18.109528935767454
14,67,19.55965210316231
14,68,22.144737166334068
14,69,25.378413285080516
14,70,26.4413765853248
14,71,29.5759499583732
14,72,29.56639099214146
14,73,25.774431877022106
14,74,23.131364862452564
14,75,19.566498875538933
14,76,17.908264804265226
14,77,14.460918578204733
14,78,13.19587530296099
14,79,10.985149913153403
14,80,11.074373447853294
14,81,9.88420195711224
14,82,10.343106086180484
14,83,10.504370441494608
14,84,14.043776142338162
14,85,13.541652304576317
14,86,13.493383695221246
14,87,16.767820342836487
14,88,19.168395086692428
14,89,18.927311017369547
14,90,22.296908752928697
14,91,23.218883087362524
14,92,26.611831301092877
14,93,28.592957369684743
14,94,31.989840265257595
14,95,34.5061997501334
14,96,36.68595435840093
14,97,39.269247919311
14,98,41.51730162632463
14,99,42.782884176713424
14,100,42.46560347945898
14,101,39.44542108259089
14,102,37.00113686551267
14,103,34.21175146937127
14,104,31.29249437695237
14,105,28.838231155381315
14,106,26.273554345477176
14,107,25.730623738469525
14,108,22.21260855604491
14,109,18.62077719724359
14,110,16.727703201959574
14,111,13.176782225702143
14,112,11.033564000083107
14,113,8.267073377016299
14,114,7.433585102683217
15,1,38.57589937073446
15,2,35.00985957283604
15,3,32.0985854049407
15,4,28.318159689906743
15,5,26.232013551007764
15,6,22.498886161031763
15,7,20.820589025849223
15,8,21.40147539387867
15,9,18.01565360007977
15,10,14.395609116062746
15,11,11.699676391757697
15,12,8.136214718973983
15,13,5.227195096720753
15,14,3.8584286823063567
15,16,3.8643593250289663
15,17,6.149428263758839
15,18,9.481528314525226
15,19,12.3834645067947
15,20,16.0376511738894
15,21,19.49923908657819
15,22,22.117423502393702
15,23,25.68736848885096
15,24,28.923268832591905
15,25,32.68497625790694
15,26,35.08917917579847
15,27,38.81658998994124
15,28,39.239749779571426
15,29,37.56851201650729
15,30,36.24635024072126
15,31,34.83313023146542
15,32,33.35660901960092
15,33,30.55702900359115
15,34,28.1774326504866
15,35,24.8343093375883
15,36,23.449959927473543
15,37,20.34553964800253
15,38,21.597061524997454
15,39,20.541701253420666
15,40,23.15453494698229
15,41,24.016953636945676
15,42,27.683256972904026
15,43,30.121464871052073
15,44,27.969063346154993
15,45,25.740221882958046
15,46,23.432383867928447
15,47,22.497932585269808
15,48,18.827864566999754
15,49,19.61963932525776
15,50,22.84589122909829
15,51,23.95206293064541
15,52,27.41040283289408
15,53,28.13198900406683
15,54,31.28568265122913
15,55,31.730873242696727
15,56,30.028591162471496
15,57,29.155802044268146
15,58,25.60825790313791
15,59,23.42386011041853
15,60,23.784316759095034
15,61,21.249451415991583
15,62,19.816182737078428
15,63,17.218250168959347
15,64,14.14730915790658
15,65,14.937273777272539
15,66,15.699692844574637
15,67,17.679417927651823
15,68,20.493916284968382
15,69,23.963437367812237
15,70,25.414014020280742
15,71,28.7029886979434
15,72,28.902920990130184
15,73,25.20495549419979
15,74,22.182681746628646
15,75,18.655680832677824
15,76,16.70644776901174
15,77,12.964095399600918
15,78,11.471025051029088
15,79,8.502040641220363
15,80,8.271972410589795
15,81,8.332544216742575
15,82,9.558930631211773
15,83,11.112325776149811
15,84,14.163247564159251
15,85,13.405134867313663
15,86,14.346242797648987
