1,2,3.841983527092681
1,3,6.73065545569591
1,4,10.347787729379958
1,5,13.058117118717604
1,6,16.712150856748277
1,7,19.766181866052786
1,8,21.238957453814386
1,9,24.687068843773943
1,10,26.86835174443257
1,11,30.6432866836723
1,12,32.065933346833525
1,13,35.0700755642719
1,14,38.63903245855472
1,15,38.64095504121063
1,16,35.57991981239089
1,17,32.938287667311094
1,18,29.41777655028273
1,19,26.91597961640835
1,20,23.300227293667934
1,21,20.48799834938468
1,22,17.179703385007006
1,23,14.342349041870962
1,24,10.783669918468332
1,25,8.277327545709772
1,26,7.375653329854659
1,27,6.422569551849391
1,28,10.054834955037881
1,29,13.159668357429736
1,30,13.92106315800424
1,31,17.590056660219297
1,32,18.192581325529833
1,33,16.587290375967495
1,34,17.96638523808605
1,35,17.97459216342287
1,36,19.696663755441023
1,37,21.18201901520823
1,38,21.909813030883132
1,39,24.28566174637451
1,40,24.21343469595865
1,41,27.624332406935647
1,42,29.11881410465334
1,43,27.51914655640849
1,44,26.338592758262557
1,45,24.684632902246122
1,46,26.22039204456535
1,47,25.15601953586069
1,48,26.418050090381637
1,49,25.66149645874182
1,50,23.469865245666018
1,51,23.113581913946962
1,52,22.01515304930457
1,53,20.921131657713147
1,54,22.005275763291944
1,55,20.841219660853103
1,56,22.303510757515983
1,57,25.321498845138223
1,58,27.208023337370257
1,59,25.00620634401353
1,60,27.200691124608902
1,61,27.579522174444346
1,62,29.819556896156286
1,63,31.94344016551664
1,64,31.490230796986644
1,65,28.812908034650402
1,66,28.71724089452407
1,67,26.111709927835836
1,68,25.119089092710702
1,69,22.0211259836096
1,70,21.36309578599481
1,71,18.416481512190277
1,72,15.33831002577636
1,73,17.771445117143507
1,74,19.611560993074743
1,75,22.826056520834932
1,76,23.852082024454543
1,77,27.423586199082827
1,78,28.854941509172402
1,79,32.664065199260335
1,80,35.53316621768908
1,81,33.651607735226655
1,82,36.38765468079312
1,83,36.96710935537436
1,84,35.72042097716923
1,85,32.488859400304584
1,86,31.14894703884436
1,87,27.89215050872801
1,88,24.105916334553505
1,89,22.50183390934841
1,90,18.993556042625507
1,91,16.98054785173774
1,92,15.245952830282368
1,93,13.501954200082874
1,94,13.333705468485745
1,95,12.488234306202814
1,96,15.59332589906529
1,97,16.54055055533123
1,98,16.145845224403075
1,99,14.424558322389696
1,100,12.063571381852512
1,101,12.089290398486579
1,102,9.061328902186716
1,103,10.159867094158875
1,104,9.524342215331243
1,105,12.242799145416198
1,106,13.471374072362094
1,107,15.649056099039619
1,108,18.701404701902675
1,109,21.32904778027636
1,110,24.625258715799546
1,111,27.32616006175605
1,112,30.893359535112612
1,113,33.828927389998015
1,114,37.15925550624404
1,115,39.589656537845244
2,1,3.841983527092681
2,3,3.8066956656197286
2,4,6.862920585336912
2,5,10.006074136789863
2,6,13.472827264079973
2,7,16.814743867063328
2,8,18.55598193377207
2,9,21.7753609079374
2,10,23.674475847228432
2,11,27.416560447796158
2,12,28.612725063419393
2,13,31.56328038942254
2,14,35.13527733044303
2,15,34.99237946849945
2,16,31.948533836573063
2,17,29.24627936559728
2,18,25.786893962223377
2,19,23.289562319465052
2,20,19.75020539497507
2,21,16.983896134718652
2,22,13.535071251879298
2,23,10.907560420699458
2,24,7.3024180262083105
2,25,5.679521785470778
2,26,5.33167852386116
2,27,6.564370279331142
2,28,9.666725683659848
2,29,11.918143216469169
2,30,12.046650268247637
2,31,15.367331792936758
2,32,15.575903597650703
2,33,13.466129190527525
2,34,14.61639787726271
2,35,14.29155381717754
2,36,16.08604883503487
2,37,17.525450511906865
2,38,18.532281973867658
2,39,21.06078965874578
2,40,21.37699190761719
2,41,24.94446304792007
2,42,26.798029648966562
2,43,25.476345300044734
2,44,23.979097075627777
2,45,21.93207758249123
2,46,23.14433116951496
2,47,21.827469935437488
2,48,22.849960826277623
2,49,21.9763994788713
2,50,19.839109749632414
2,51,19.491336531276122
2,52,18.62431362738064
2,53,17.598405416009335
2,54,19.073037936130458
2,55,18.135920678577037
2,56,19.322362883708003
2,57,22.24219562619533
2,58,23.843117594791813
2,59,21.445772914936455
2,60,23.57995910615494
2,61,23.91012420271874
2,62,26.240654706997645
2,63,28.18040862955372
2,64,27.711356514392918
2,65,24.985895136327585
2,66,24.883599103741066
2,67,22.318624643246455
2,68,21.46419773697825
2,69,18.518234351019597
2,70,18.209309864916158
2,71,15.605611824424397
2,72,12.241704869696507
2,73,14.403195934816715
2,74,15.943626554618486
2,75,19.172170634722722
2,76,20.062336805349496
2,77,23.630116681836753
2,78,25.06703520406456
2,79,28.88170006767922
2,80,31.795089205595616
2,81,30.02377419852013
2,82,32.86913771046259
2,83,33.63214366755516
2,84,32.46665731675338
2,85,29.119528662415096
2,86,27.941119193938732
2,87,24.829135375050157
2,88,21.08084075913691
2,89,19.150504702150695
2,90,15.676119372066433
2,91,13.349781299708566
2,92,11.691417883928048
2,93,9.838968212942259
2,94,10.210013197615636
2,95,9.856548832366187
2,96,13.342898194446537
2,97,14.812808829331143
2,98,15.05173695365209
2,99,13.953637016105656
2,100,11.844660799303137
2,101,10.87233587775692
2,102,7.341697776183594
2,103,7.71686167038993
2,104,6.22923252548036
2,105,9.097979409154757
2,106,10.303818060645638
2,107,13.02468401224136
2,108,15.667013572265795
2,109,18.16899162437809
2,110,21.618145960267547
2,111,24.069312730042515
2,112,27.725974233003495
2,113,30.50052910936401
2,114,33.909541028760835
2,115,36.180873455693224
3,1,6.73065545569591
3,2,3.8066956656197286
3,4,3.8273846856387337
3,5,6.381977028084094
3,6,9.983874493011049
3,7,13.136041359478993
3,8,14.826011866559377
3,9,18.11303340245434
3,10,20.155598715676685
3,11,23.930678748570024
3,12,25.364765800688698
3,13,28.378334042656146
3,14,31.943708866262995
3,15,32.0597563322756
3,16,29.02692674427513
3,17,26.428888033377188
3,18,22.830149516412387
3,19,20.39803492697067
3,20,16.726834970237356
3,21,14.156578949268688
3,22,10.888710248705388
3,23,8.486116879760901
3,24,5.713238877207412
3,25,5.5163056871975105
3,26,7.39525833286097
3,27,9.6113791844181
3,28,12.589154012960966
3,29,14.140884884128205
3,30,14.241655405674706
3,31,17.109462029387707
3,32,17.09807505734679
3,33,14.399659617266659
3,34,15.036792025337046
3,35,13.731367157814606
3,36,15.176201884054187
3,37,15.822968802365896
3,38,16.78320849943837
3,39,18.895697766335996
3,40,19.174943655449884
3,41,22.659340098811395
3,42,24.72660153741498
3,43,23.861254223699174
3,44,22.56118608765026
3,45,20.43913857500896
3,46,21.724701048545736
3,47,20.581706324030527
3,48,21.21644861201852
3,49,20.658964556548813
3,50,19.076754127865254
3,51,19.045690541905365
3,52,18.839444327073966
3,53,17.841135437719636
3,54,19.86995060124564
3,55,18.94258507064332
3,56,19.39886293006292
3,57,22.38370639143738
3,58,23.560119195634744
3,59,20.900000889522495
3,60,23.023943608170644
3,61,23.222125498966758
3,62,25.700475854641958
3,63,26.890445363098898
3,64,25.98721294444435
3,65,23.13164549972853
3,66,23.183866178286433
3,67,20.590138249251574
3,68,20.08574471812884
3,69,17.42016019128635
3,70,17.30549987962268
3,71,15.195077463755153
3,72,11.498648059343987
3,73,12.746896183643859
3,74,14.251815405414387
3,75,17.004494300531526
3,76,17.82508481612567
3,77,21.261999208289783
3,78,22.67126358193755
3,79,26.45017142608771
3,80,29.325033632600704
3,81,27.34852630529619
3,82,30.07155211676545
3,83,30.637483456187137
3,84,29.683407498978877
3,85,26.41103443346075
3,86,24.92852608680991
3,87,21.87575740893977
3,88,18.141165455121723
3,89,16.412387492748355
3,90,13.217774959294108
3,91,11.141804247688963
3,92,10.525246437104165
3,93,9.49359871144402
3,94,11.229468412148009
3,95,11.778526868562954
3,96,15.45257878821725
3,97,17.328350692877716
3,98,17.959868605028685
3,99,17.281812487347047
3,100,15.32003505883959
3,101,13.832473328764712
3,102,10.137135544374273
3,103,9.274774739271786
3,104,6.266270322916097
3,105,7.648269167576934
3,106,7.47801936750705
3,107,9.876436247640168
3,108,12.542891704007948
3,109,14.801110759008814
3,110,18.24922308332442
3,111,20.783526817394552
3,112,24.354992499407558
3,113,27.27495629805018
3,114,30.570270808337607
3,115,32.98705796390005
4,1,10.347787729379958
4,2,6.862920585336912
4,3,3.8273846856387337
4,5,3.8017601745209912
4,6,6.721032712353684
4,7,10.289775999797305
4,8,12.27090589996952
4,9,15.169094695553458
4,10,16.85559781556888
4,11,20.57635780232456
4,12,21.765244228186802
4,13,24.76199210721627
4,14,28.31415170628002
4,15,28.308338364236555
4,16,25.26431282996593
4,17,22.645721543091714
4,18,19.08793946085876
4,19,16.737397218800744
4,20,13.139205398149318
4,21,10.821408935375452
4,22,7.364578646607854
4,23,5.862522449647921
4,24,4.383476798464352
4,25,6.698833583570463
4,26,9.010895527621038
4,27,12.144050950652474
4,28,14.40458632197889
4,29,15.096645246899186
4,30,14.575014246084697
4,31,16.733677262035414
4,32,16.20092640856311
4,33,12.985062699429148
4,34,13.014174777827161
4,35,10.940637662078135
4,36,12.16702173783979
4,37,12.377147886072231
4,38,13.638059875453239
4,39,15.761717720202327
4,40,16.51434525763492
4,41,20.090617061165755
4,42,22.57408584015075
4,43,22.126760512372098
4,44,20.549585095340863
4,45,18.0243765892345
4,46,18.922029414340596
4,47,17.574697179442612
4,48,17.80856990871038
4,49,17.256775631984297
4,50,15.993206908600786
4,51,16.158198711825893
4,52,16.510422829412473
4,53,15.739851805387602
4,54,18.309920966565752
4,55,17.756954814408807
4,56,17.710286052089405
4,57,20.431290793344157
4,58,21.085066721024834
4,59,18.13824911351966
4,60,20.06982456942205
4,61,20.096134501465755
4,62,22.636213996400183
4,63,23.387742087937077
4,64,22.324397167886904
4,65,19.420485182076423
4,66,19.580625349700384
4,67,17.11009149469012
4,68,16.99239870434685
4,69,14.754967365771027
4,70,15.257195016165051
4,71,13.910542824905065
4,72,10.075663657468205
4,73,10.354618169007814
4,74,11.180032269036689
4,75,13.681006546364776
4,76,14.161022223438987
4,77,17.511482487771637
4,78,18.84935526777132
4,79,22.624257515009653
4,80,25.512943440200715
4,81,23.59465391992883
4,82,26.404134325438463
4,83,27.13404169251026
4,84,26.293101860693785
4,85,22.916242669316205
4,86,21.57651852629638
4,87,18.725357993620474
4,88,15.087722400698109
4,89,12.987921766781477
4,90,9.991012061676138
4,91,7.6010103701828164
4,92,7.7522774660178
4,93,7.285212633892661
4,94,10.13508673701488
4,95,11.53648598283801
4,96,15.115412797330379
4,97,17.44405183292731
4,98,18.654824430482144
4,99,18.50243395516465
4,100,16.846398716305593
4,101,14.68506022270026
4,102,11.151804446315698
4,103,9.444720731410335
4,104,5.74857445130524
4,105,5.838693240824105
4,106,4.714891351296974
4,107,7.773291339609983
4,108,9.560811972272337
4,109,11.532940658764037
4,110,15.154210903980633
4,111,17.364469512650437
4,112,21.027989048604457
4,113,23.77057095108383
4,114,27.14614462236738
4,115,29.406022654842456
5,1,13.058117118717604
5,2,10.006074136789863
5,3,6.381977028084094
5,4,3.8017601745209912
5,6,3.794426253172851
5,7,6.833294549656123
5,8,9.126262475882909
5,9,12.09089615576255
5,10,13.925092390247947
5,11,17.72833936160832
5,12,19.327320376467895
5,13,22.286200609649036
5,14,25.87701226101268
5,15,26.270772239301134
5,16,23.378185275189416
5,17,20.831325291933382
5,18,17.086418918230724
5,19,14.677357906579543
5,20,10.89718240753572
5,21,8.773909019244071
5,22,6.276080521489249
5,23,5.300936666293496
5,24,6.123593585886387
5,25,8.585693547227848
5,26,11.778497323778598
5,27,14.905195601387714
5,28,17.237107933263527
5,29,17.60864561173392
5,30,17.455935682946482
5,31,19.3442797934476
5,32,18.989505915429195
5,33,15.729374293648394
5,34,15.647889769503376
5,35,12.972096884110872
5,36,13.913530178937688
5,37,13.1598868304462
5,38,14.42968506943104
5,39,15.853746810733236
5,40,16.582949345242074
5,41,19.868924234342565
5,42,22.559164318892797
5,43,22.699439386997195
5,44,21.449992084921423
5,45,18.958750747381075
5,46,19.85471041901351
5,47,18.705854054369365
5,48,18.339307075198334
5,49,18.06972254803684
5,50,17.46050860842477
5,51,17.734116321179304
5,52,18.563043293827906
5,53,17.597646518774145
5,54,20.338603304178292
5,55,19.545783493328933
5,56,18.782459567911395
5,57,21.596876476673412
5,58,21.96746836574224
5,59,19.04929675000251
5,60,21.079329461236526
5,61,21.180003415558843
5,62,23.91111566421663
5,63,23.784098979655646
5,64,22.295510612820866
5,65,19.199694523527803
5,66,19.33565798767895
5,67,16.74476498776536
5,68,16.847421028202394
5,69,14.925955684525702
5,70,15.308771858161988
5,71,14.448479150865039
5,72,10.814566932558863
5,73,10.002975896815904
5,74,11.03605776136172
5,75,12.602870127832768
5,76,13.28691429780305
5,77,16.369725422525434
5,78,17.859298367640214
5,79,21.49044703248748
5,80,24.378879138422604
5,81,22.290839170626732
5,82,24.941802869303928
5,83,25.42216499695873
5,84,25.012783604115878
5,85,21.779029792740218
5,86,19.984558983367858
5,87,17.378905411508224
5,88,13.931504582128884
5,89,12.216705180909834
5,90,10.107130294190426
5,91,8.340554948229524
5,92,10.021192790237677
5,93,10.222176598385694
5,94,13.524242776063247
5,95,14.976950123094221
5,96,18.54058411612429
5,97,20.77387535721721
5,98,21.974787801945332
5,99,22.078367062932795
5,100,20.517032597843823
5,101,18.441608429808568
5,102,14.9396590027181
5,103,13.17057315547608
5,104,9.411495883946863
5,105,8.470729436529808
5,106,5.562928004156579
5,107,7.084176027577559
5,108,8.42252563716179
5,109,9.407013426411945
5,110,13.007599052740598
5,111,15.206053353744215
5,112,18.661279465516714
5,113,21.60765202856555
5,114,24.742580905842207
5,115,27.190120462473992
6,1,16.712150856748277
6,2,13.472827264079973
6,3,9.983874493011049
6,4,6.721032712353684
6,5,3.794426253172851
6,7,3.836850207624098
6,8,6.604860529774161
6,9,8.825693426941239
6,10,10.254399825793168
6,11,14.030924697370462
6,12,15.534193111832474
6,13,18.53208141846143
6,14,22.096647157276223
6,15,22.53432891931066
6,16,19.64116659995107
6,17,17.18035606597958
6,18,13.40132311779751
6,19,11.217539074824321
6,20,7.494893011798805
6,21,6.362671535858006
6,22,4.845172726666985
6,23,6.24914943388229
6,24,8.633047234639461
6,25,11.775403996939051
6,26,14.865282312768812
6,27,18.264430793809872
6,28,20.228122607654026
6,29,20.117790235353294
6,30,19.587583836035595
6,31,20.879248472846115
6,32,20.133402540509483
6,33,16.655706816188424
6,34,15.978367683399359
6,35,12.686523513409242
6,36,13.053361383070078
6,37,11.393038127489628
6,38,12.757210328605346
6,39,13.697316291769164
6,40,14.826725272929071
6,41,17.9145097979104
6,42,20.979152429546915
6,43,21.70222216774421
6,44,20.380439706342354
6,45,17.675458707594622
6,46,18.202735409856757
6,47,17.06327895962175
6,48,16.094173123611622
6,49,16.07511446779651
6,50,16.169938082756232
6,51,16.77812808919323
6,52,18.3004611439632
6,53,17.637669196000044
6,54,20.768407059119887
6,55,20.33163233164488
6,56,19.027449145934806
6,57,21.449426321892982
6,58,21.181121744159977
6,59,18.073118612893904
6,60,19.76718562415747
6,61,19.619218562158007
6,62,22.313552871246397
6,63,21.394309886195018
6,64,19.531918146126923
6,65,16.43988491112325
6,66,16.80863384931772
6,67,14.502356023014821
6,68,15.26706996046719
6,69,14.152564717236517
6,70,15.179364797158717
6,71,15.27705952864728
6,72,11.988533938886968
6,73,9.974771753081665
6,74,10.024637498230836
6,75,10.5488215589775
6,76,10.65749283520286
6,77,13.279041961550824
6,78,14.589802190504493
6,79,18.082169992698912
6,80,20.897602833392227
6,81,18.750159148356843
6,82,21.368642210509062
6,83,21.882238733001277
6,84,21.73213042237634
6,85,18.501411986862
6,86,16.674581012226618
6,87,14.436992259473703
6,88,11.33028869758763
6,89,9.513370582919158
6,90,8.443480648489528
6,91,7.198413409579882
6,92,10.132987147084354
6,93,11.153948634679308
6,94,14.883223655593593
6,95,16.847439009851783
6,96,20.11773279578669
6,97,22.604472282463547
6,98,24.170542283890207
6,99,24.5754245659557
6,100,23.196267410953453
6,101,20.753926698793435
6,102,17.45442229154691
6,103,15.260517716729325
6,104,11.564933397401651
6,105,9.723017118505696
6,106,6.295664276937153
6,107,6.998496843411225
6,108,6.525584433943353
6,109,6.220512618998509
6,110,9.899043549524364
6,111,11.646268645775496
6,112,15.099726895647787
6,113,17.93315542509486
6,114,21.06692762600699
6,115,23.43873020879474
7,1,19.766181866052786
7,2,16.814743867063328
7,3,13.136041359478993
7,4,10.289775999797305
7,5,6.833294549656123
7,6,3.836850207624098
7,8,3.822628470622641
7,9,5.67042178505659
7,10,7.495848395948992
7,11,11.286618020357992
7,12,13.489024890464792
7,13,16.474590645127407
7,14,19.94422617895779
7,15,20.970376901213978
7,16,18.271371716990192
7,17,16.161564700780854
7,18,12.342101112430122
7,19,10.549592622680606
7,20,7.210692216226933
7,21,7.357022268687993
7,22,7.731403014141663
7,23,9.336516429014782
7,24,12.104756455083677
7,25,14.957541221061803
7,26,18.312586997768776
7,27,21.590936427434272
7,28,23.68374662263356
7,29,23.51993587761358
7,30,23.20618375441663
7,31,24.401002808466355
7,32,23.73813649240997
7,33,20.28858164791691
7,34,19.509964174775682
7,35,16.041439031190347
7,36,16.050452094217615
7,37,13.743403906673233
7,38,14.746224076417732
7,39,14.778940335538566
7,40,15.645190063984842
7,41,18.140219306138345
7,42,21.216572932634175
7,43,22.50546376128039
7,44,21.62693097821496
7,45,19.182090623264767
7,46,19.79236408082369
7,47,19.04565968614619
7,48,17.675806822735655
7,49,18.095596666416625
7,50,18.82584477264752
7,51,19.628755553762367
7,52,21.479958405972994
7,53,20.809024109063508
7,54,23.976246307178506
7,55,23.44081974287634
7,56,21.720359305917782
7,57,24.08298404106215
7,58,23.544859662302596
7,59,20.542094630207284
7,60,22.13210665221033
7,61,21.92492847520874
7,62,24.575650508031018
7,63,22.845370602408817
7,64,20.535847895329155
7,65,17.53448870490719
7,66,18.039725743393426
7,67,15.940154670008905
7,68,17.031648890539135
7,69,16.402121440721217
7,70,17.337895788538656
7,71,17.82060864595118
7,72,14.894789690968267
7,73,12.382363820693545
7,74,12.4495104873107
7,75,11.862486790014142
7,76,11.907804447067218
7,77,13.717253357377325
7,78,14.865802260482905
7,79,17.89947018613163
7,80,20.461062715132023
7,81,18.06479068210442
7,82,20.274290103576977
7,83,20.343447690718016
7,84,20.679754385298082
7,85,17.81987407395627
7,86,15.42287937957559
7,87,13.607259663915409
7,88,11.089592187797656
7,89,10.220321214808195
7,90,10.400849273971415
7,91,10.21256937382471
7,92,13.551927616812264
7,93,14.907682178549852
7,94,18.6732059352046
7,95,20.672315006073436
7,96,23.92189622783627
7,97,26.38522874563491
7,98,27.927870094871885
7,99,28.373116256782946
7,100,26.969994728550187
7,101,24.56735479685735
7,102,21.217564027152413
7,103,18.94750188658662
7,104,15.22598719503352
7,105,13.048712514594067
7,106,9.342575115614906
7,107,8.556741000619594
7,108,7.523705769859606
7,109,5.57412108576777
7,110,8.34223862293278
7,111,9.969858704857467
7,112,12.865069872242817
7,113,15.963113673181027
7,114,18.68124784815759
7,115,21.338018075877834
8,1,21.238957453814386
8,2,18.55598193377207
8,3,14.826011866559377
8,4,12.27090589996952
8,5,9.126262475882909
8,6,6.604860529774161
8,7,3.822628470622641
8,9,3.8324178339393926
8,10,7.272291599252469
8,11,10.6575811196317
8,12,13.422783001946746
8,13,16.786349735944007
8,14,19.839749597092716
8,15,21.265560118908613
8,16,18.3493894308932
8,17,16.97458512448068
8,18,13.356388177035306
8,19,12.59634307650095
8,20,9.868825553720637
8,21,10.895699396955012
8,22,10.99125444687858
8,23,12.702322297938515
8,24,14.975356081453905
8,25,17.66833426124914
8,26,20.89082626851072
8,27,23.966240096909484
8,28,26.34805974055107
8,29,26.54137474855073
8,30,26.09660306723948
8,31,27.453169987553178
8,32,26.528249082668747
8,33,22.92821438399947
8,34,21.737598905036535
8,35,18.200514510161046
8,36,17.504399248141404
8,37,14.778239438015275
8,38,14.82024453705366
8,39,13.968071013760062
8,40,14.032467131660212
8,41,15.963552874369492
8,42,18.743465572623574
8,43,20.2869451989341
8,44,19.972318281842433
8,45,18.05557297393244
8,46,19.17198470951461
8,47,19.17003544400264
8,48,18.0715487283464
8,49,19.256102436951917
8,50,20.444304106464546
8,51,21.846152741198637
8,52,23.99024603678696
8,53,23.75894011083134
8,54,27.07844124474931
8,55,26.80440907146235
8,56,25.249408826247077
8,57,27.46788335588031
8,58,26.738342553796212
8,59,23.53353102966847
8,60,24.72482789580146
8,61,24.025494001423553
8,62,26.271525161269775
8,63,24.298317890796895
8,64,21.567120230419242
8,65,19.04503728887227
8,66,20.203316332251454
8,67,18.648952052991227
8,68,20.217202177004037
8,69,19.869039847723734
8,70,21.045930306855727
8,71,21.502420307345396
8,72,18.41763814596536
8,73,16.058456056145836
8,74,15.836845109170774
8,75,15.171091242779
8,76,14.552889588629673
8,77,15.788570154651543
8,78,16.10993490061712
8,79,18.799450338186716
8,80,20.770659168638854
8,81,17.840663345837587
8,82,19.431432735866515
8,83,18.82255648038704
8,84,18.960540954492153
8,85,16.5574938871507
8,86,13.606698686316403
8,87,11.516477078306261
8,88,9.192978072798956
8,89,9.691885717893621
8,90,10.37349149547947
8,91,11.505110787945087
8,92,14.86527173662857
8,93,16.92551756500936
8,94,20.620938964227115
8,95,22.981812666979387
8,96,26.147069904999185
8,97,28.888176199801332
8,98,30.503280473620414
8,99,30.596713728071133
8,100,28.95199574934745
8,101,26.39987541518861
8,102,22.938761687964963
8,103,20.281088647733434
8,104,16.631055314719426
8,105,13.83551373092393
8,106,10.07531458671073
8,107,7.823089058025721
8,108,6.700946741350624
8,109,4.7641490414231775
8,110,6.064180173337102
8,111,8.67377353177977
8,112,11.117980469169527
8,113,14.670922590550939
8,114,17.175653563445735
8,115,20.27934726280514
9,1,24.687068843773943
9,2,21.7753609079374
9,3,18.11303340245434
9,4,15.169094695553458
9,5,12.09089615576255
9,6,8.825693426941239
9,7,5.67042178505659
9,8,3.8324178339393926
9,10,3.8125507705264545
9,11,6.863061313867733
9,12,9.847835486803783
9,13,13.198272973850546
9,14,16.1051768237385
9,15,17.750069213892157
9,16,14.974699056027628
9,17,13.935867321415914
9,18,10.570527926258361
9,19,10.561714553717438
9,20,8.864728736231735
9,21,11.114388199468406
9,22,12.186341725083198
9,23,14.638851859324673
9,24,17.44438788379343
9,25,20.47153286206556
9,26,23.666597266822134
9,27,26.9672516341358
9,28,29.050319679595145
9,29,28.858570826838537
9,30,28.207899409107647
9,31,29.12217229633191
9,32,28.00910338330553
9,33,24.398399183254995
9,34,22.939429608937758
9,35,19.203535849658316
9,36,18.229630351691405
9,37,15.033837004536045
9,38,15.175606454287937
9,39,13.817215087510876
9,40,14.348155811465665
9,41,15.783653699058457
9,42,18.86001078045002
9,43,21.011745221059765
9,44,20.596715133799037
9,45,18.544715944672898
9,46,19.137218666205282
9,47,19.112033101080748
9,48,17.39666506748006
9,49,18.743710367657314
9,50,20.51604486944102
9,51,22.03948307803367
9,52,24.587771223072647
9,53,24.515188891602143
9,54,27.9671533894353
9,55,27.90399527317523
9,56,25.969572579544714
9,57,27.829946131274678
9,58,26.626958183304943
9,59,23.46503208553431
9,60,24.34866245694933
9,61,23.522985081868732
9,62,25.665300916985775
9,63,22.92174191998252
9,64,19.89801991130338
9,65,17.56052723417466
9,66,18.86330780922952
9,67,17.74232413995527
9,68,19.776542541952875
9,69,20.124847679475117
9,70,21.6491912459409
9,71,22.74508558603006
9,72,20.035433207535934
9,73,17.132573437702113
9,74,16.34906710132776
9,75,14.827648316654598
9,76,13.773547401926193
9,77,14.10673651908611
9,78,14.103266273722722
9,79,16.245513430806895
9,80,17.95164594256962
9,81,15.007990372830708
9,82,16.36947102134373
9,83,15.704991825416355
9,84,16.40283534442691
9,85,14.19705039500808
9,86,11.145919441193874
9,87,10.036530153742417
9,88,8.893030496277154
9,89,9.549649184596456
9,90,11.509336974694941
9,91,12.874306017280263
9,92,16.567263809188066
9,93,18.801863502172043
9,94,22.59424213161243
9,95,25.114877549435167
9,96,28.055322424870784
9,97,30.859778612145096
9,98,32.68975045709272
9,99,33.072877920853315
9,100,31.619576573729027
9,101,28.883078193033047
9,102,25.611968062543635
9,103,22.85499862065532
9,104,19.31327892970143
9,105,16.38689318881709
9,106,12.807445291398569
9,107,10.839157856605436
9,108,8.549023157422013
9,109,5.2188551545902975
9,110,4.823107985004613
9,111,5.908106666501248
9,112,7.764452165774681
9,113,11.220383787656552
9,114,13.545434995010071
9,115,16.614751649874545
10,1,26.86835174443257
10,2,23.674475847228432
10,3,20.155598715676685
10,4,16.85559781556888
10,5,13.925092390247947
10,6,10.254399825793168
10,7,7.495848395948992
10,8,7.272291599252469
10,9,3.8125507705264545
10,11,3.815091613024491
10,12,6.349597622268424
10,13,9.524034687342663
10,14,12.680636929486996
10,15,14.176624258695357
10,16,11.633393011551396
10,17,10.394807431376405
10,18,7.1481856718486405
10,19,7.5545269803946296
10,20,7.097711903763459
10,21,10.265735544056568
10,22,12.227477506657003
10,23,15.201670496296591
10,24,18.458086907797384
10,25,21.765575700985398
10,26,24.87662978287554
10,27,28.409235267814545
10,28,30.078319938670887
10,29,29.41100970409147
10,30,28.58925999086513
10,31,29.01050085604216
10,32,27.81347058282467
10,33,24.310813259424542
10,34,22.78048049861267
10,35,18.985718656265867
10,36,18.07284603422878
10,37,14.75366601518731
10,38,15.454599698363062
10,39,14.22048093839746
10,40,15.58506759349979
10,41,16.970419011103292
10,42,20.388622434836005
10,43,22.783410680152443
10,44,21.939507210842113
10,45,19.502099366023963
10,46,19.350973709737513
10,47,18.881035271601153
10,48,16.49628358982346
10,49,17.548258239959175
10,50,19.611971207371067
10,51,20.95312489987388
10,52,23.716304542300684
10,53,23.64084810484737
10,54,27.106082696924176
10,55,27.178254287501588
10,56,24.878608449896863
10,57,26.387800016107715
10,58,24.80294416236397
10,59,21.80192661309794
10,60,22.514251143248632
10,61,21.78678892417618
10,62,23.987065016636986
10,63,20.65908951538427
10,64,17.61385202883195
10,65,15.236692507336093
10,66,16.347802758220205
10,67,15.480366307965756
10,68,17.78270614936387
10,69,18.744244260742445
10,70,20.54074285688672
10,71,22.245556792945994
10,72,20.007708563994793
10,73,16.668303851182944
10,74,15.39411313598255
10,75,13.108643396674147
10,76,11.821977648448513
10,77,11.37182141429256
10,78,11.431899531224024
10,79,13.16667912001343
10,80,14.988997328056996
10,81,12.439534011930796
10,82,14.062595187068794
10,83,13.96083185497974
10,84,15.290708225597042
10,85,12.949012718972932
10,86,10.460458199333056
10,87,10.51004785028639
10,88,10.201895563651185
10,89,10.06975411793873
10,90,12.64530413551489
10,91,13.584519472949204
10,92,17.38929658097584
10,93,19.447568697149624
10,94,23.25641841671764
10,95,25.747579172185777
10,96,28.45986763396918
10,97,31.186408108195653
10,98,33.17658482004857
10,99,33.95463554665034
10,100,32.78514811168257
10,101,29.957688932312994
10,102,26.944082898353205
10,103,24.279777098561514
10,104,20.86819089187099
10,105,18.116646478957893
10,106,14.790926862819175
10,107,13.550700164501928
10,108,10.672653499412315
10,109,6.932891448760549
10,110,6.524952787927349
10,111,5.067647519134066
10,112,6.535072612302441
10,113,9.10073360028283
10,114,11.472978482951659
10,115,14.010261328169259
11,1,30.6432866836723
11,2,27.416560447796158
11,3,23.930678748570024
11,4,20.57635780232456
11,5,17.72833936160832
11,6,14.030924697370462
11,7,11.286618020357992
11,8,10.6575811196317
11,9,6.863061313867733
11,10,3.815091613024491
11,12,3.803158836446991
11,13,6.707984839186263
11,14,9.300982222534042
11,15,11.38864359440382
11,16,9.22216024153412
11,17,9.017370703570643
11,18,6.998105535522073
11,19,8.851236579101144
11,20,9.859587816560902
11,21,13.384598592989283
11,22,15.638582946835514
11,23,18.778779961661115
11,24,22.11482142879867
11,25,25.486643377704976
11,26,28.545148952059392
11,27,32.12681870478365
11,28,33.67938844289394
11,29,32.85667125616275
11,30,31.907657551602536
11,31,32.068448729735024
11,32,30.722140312461185
11,33,27.264115219810776
11,34,25.51887577297519
11,35,21.722641047566626
11,36,20.5205632692441
11,37,17.004477348947315
11,38,17.500837074407155
11,39,15.767147130170327
11,40,17.16919755187989
11,41,17.869669765821676
11,42,21.222317658587862
11,43,24.070908762818185
11,44,23.344898125551538
11,45,21.069221592735985
11,46,20.626262988154508
11,47,20.355221376743398
11,48,17.647468951179594
11,49,18.954759469700647
11,50,21.50627129429948
11,51,23.008063356849537
11,52,26.039495979852724
11,53,26.170150280788157
11,54,29.66080453181023
11,55,29.92705460697932
11,56,27.429904863790195
11,57,28.593101543290064
11,58,26.625856300339464
11,59,23.74782989752269
11,60,24.07884239283542
11,61,23.164624693417586
11,62,25.078104940347032
11,63,21.04976747407553
11,64,17.750236767074323
11,65,15.89920838167507
11,66,17.220638210763642
11,67,16.9952154195773
11,68,19.64680350120998
11,69,21.178084412882573
11,70,23.17185637102973
11,71,25.250272100438536
11,72,23.29275217403824
11,73,19.78735956007469
11,74,18.209862870095485
11,75,15.46507920464784
11,76,13.853886232911538
11,77,12.369851584869227
11,78,11.813918012151092
11,79,12.413130044339772
11,80,13.499416230504517
11,81,11.010358542355018
11,82,11.914078372123262
11,83,11.543148902666577
11,84,13.674956041182684
11,85,12.005213628727004
11,86,9.639390138282954
11,87,11.007087638041293
11,88,11.95990105667038
11,89,12.28004771940741
11,90,15.426856857281612
11,91,16.67760824892106
11,92,20.451672002152637
11,93,22.66650384845983
11,94,26.41611007616673
11,95,29.022012068860985
11,96,31.533655149090656
11,97,34.3145104903009
11,98,36.43342245624287
11,99,37.32094846030875
11,100,36.23028943699004
11,101,33.289831862260286
11,102,30.395471847749885
11,103,27.634052880539954
11,104,24.344849097914803
11,105,21.46960771619229
11,106,18.295597282485087
11,107,16.913621091932352
11,108,13.80568266011712
11,109,10.139636019966648
11,110,8.596607671023126
11,111,5.876970594473428
11,112,4.989704065732118
11,113,6.483728358372179
11,114,8.096001539728071
11,115,10.558752430573064
12,1,32.065933346833525
12,2,28.612725063419393
12,3,25.364765800688698
12,4,21.765244228186802
12,5,19.327320376467895
12,6,15.534193111832474
12,7,13.489024890464792
12,8,13.422783001946746
12,9,9.847835486803783
12,10,6.349597622268424
12,11,3.803158836446991
12,13,3.832543988303234
12,14,6.695207368632041
12,15,7.905518067856679
12,16,5.533469171308386
12,17,5.398471161575397
12,18,4.572190000928287
12,19,7.667545032209862
12,20,9.974851295228829
12,21,13.77611925289431
12,22,16.10552019635999
12,23,19.587375561315906
12,24,22.965660074481683
12,25,26.549531410825583
12,26,29.330508144047524
12,27,33.051853603344696
12,28,34.226743987914844
12,29,33.091705872414884
12,30,31.82298431399614
12,31,31.546235812108844
12,32,29.960676838754214
12,33,26.624232927352043
12,34,24.671551728099946
12,35,20.971795010416706
12,36,19.651693897446012
12,37,16.176040877882986
12,38,16.966302420914896
12,39,15.419133125105454
12,40,17.479428239406598
12,41,18.197325347191974
12,42,21.749473883006466
12,43,24.619412822173455
12,44,23.432664512622928
12,45,20.862137690610876
12,46,19.740568510415002
12,47,19.11430254240673
12,48,15.968153004034864
12,49,17.068610533665115
12,50,19.892921962463664
12,51,21.374985362227566
12,52,24.610608289293108
12,53,24.984342830469078
12,54,28.476657827973607
12,55,29.082677382463324
12,56,26.492627728675412
12,57,27.167035913222076
12,58,24.793457512263586
12,59,22.005418319048477
12,60,21.91069983902819
12,61,20.8649574066101
12,62,22.58289093579361
12,63,18.09886870780639
12,64,14.799657138781415
12,65,13.249948497412591
12,66,14.64903951406274
12,67,15.067899129009527
12,68,18.093994737753142
12,69,20.23426615261059
12,70,22.64656589483327
12,71,25.152989207909886
12,72,23.515625202735126
12,73,19.903726886889437
12,74,17.739377748435697
12,75,14.715410545339994
12,76,12.586332985506228
12,77,10.203137074864983
12,78,9.158786709326963
12,79,8.970657031640252
12,80,9.936346255309205
12,81,7.979445590961706
12,82,9.308468759922437
12,83,10.002391157313685
12,84,12.414639000999555
12,85,10.53053649704177
12,86,9.375320821873368
12,87,11.507252681728465
12,88,12.886481117485644
12,89,12.52514486642473
12,90,15.89004989730225
12,91,16.904037562294747
12,92,20.511279455065438
12,93,22.667259196473434
12,94,26.26040762098434
12,95,28.92270700897148
12,96,31.08255789028358
12,97,33.866843276423204
12,98,36.178867459188076
12,99,37.31101744578447
12,100,36.4497068806986
12,101,33.371974895067055
12,102,30.788316014335585
12,103,28.04479031604041
12,104,25.026204024634406
12,105,22.262245241504758
12,106,19.49866865397793
12,107,18.662699628205033
12,108,15.204153867023598
12,109,11.721784152893509
12,110,10.462135619157891
12,111,6.866660962871438
12,112,6.148169377854865
12,113,5.464865511224978
12,114,7.489052127929678
12,115,8.621976411599004
13,1,35.0700755642719
13,2,31.56328038942254
13,3,28.378334042656146
13,4,24.76199210721627
13,5,22.286200609649036
13,6,18.53208141846143
13,7,16.474590645127407
13,8,16.786349735944007
13,9,13.198272973850546
13,10,9.524034687342663
13,11,6.707984839186263
13,12,3.832543988303234
13,14,3.8317055898091934
13,15,5.2355707823255795
13,16,4.967457029964087
13,17,5.155242858090529
13,18,6.336736100671005
13,19,9.059340971868034
13,20,12.138370437092817
13,21,15.738120593198257
13,22,18.534792035147923
13,23,21.928023026418145
13,24,25.485388954186764
13,25,29.037132537129594
13,26,31.816557480635442
13,27,35.586579249710596
13,28,36.518585489535056
13,29,35.06384478195522
13,30,33.84773224455272
13,31,33.24797008444247
13,32,31.77801761718777
13,33,28.670483650979257
13,34,26.875278486391586
13,35,23.31755669380346
13,36,22.25613708478382
13,37,18.99467506103343
13,38,20.137125194121506
13,39,18.798293085833436
13,40,21.07855210634142
13,41,21.705479227337047
13,42,25.235881279286446
13,43,28.18020884893528
13,44,26.884183542712144
13,45,24.232456688865852
13,46,22.768882700202475
13,47,21.873223670875518
13,48,18.449657616235072
13,49,19.13640495097821
13,50,21.93896376611256
13,51,23.05412763935035
13,52,26.229675500856846
13,53,26.4325251040962
13,54,29.73161967668549
13,55,30.28162647906009
13,56,27.380206073584127
13,57,27.78658301116459
13,58,25.19730477493392
13,59,22.836462952500728
13,60,22.692821873713886
13,61,21.948130527260524
13,62,23.69707140203776
13,63,18.78001386983526
13,64,15.785567251586974
13,65,14.391780338539181
13,66,15.214831109492527
13,67,15.824752192312243
13,68,18.70014461103248
13,69,21.22514023901908
13,70,23.54342103038232
13,71,26.41369534209636
13,72,25.275835481722247
13,73,21.52752347012219
13,74,19.357173085690643
13,75,15.915134408916462
13,76,14.120348279860375
13,77,11.205800939489642
13,78,10.570116026080488
13,79,9.313198925774369
13,80,10.031936800377505
13,81,9.372529506684065
13,82,10.432074353093629
13,83,11.568970870133406
13,84,14.584421995734608
13,85,13.138757939408903
13,86,12.583252387276104
13,87,15.126724702767705
13,88,16.670013349159785
13,89,16.096161661707615
13,90,19.375478448342214
13,91,20.031977240771607
13,92,23.54221749151278
13,93,25.39678162750723
13,94,28.910041030586637
13,95,31.37717064426356
13,96,33.41128795168525
13,97,35.99549787203578
13,98,38.307671965517095
13,99,39.73393151188741
13,100,39.07827795596279
13,101,36.06953719858
13,102,33.64172141280338
13,103,31.081296352555583
13,104,28.119495009552537
13,105,25.577626377734674
13,106,22.8747470804513
13,107,22.27005199210308
13,108,18.855983522193583
13,109,15.346808969267359
13,110,14.274808108296096
13,111,10.697594178951578
13,112,9.565162589927457
13,113,7.907105792210992
13,114,8.536539756432479
13,115,8.276568734377866
14,1,38.63903245855472
14,2,35.13527733044303
14,3,31.943708866262995
14,4,28.31415170628002
14,5,25.87701226101268
14,6,22.096647157276223
14,7,19.94422617895779
14,8,19.839749597092716
14,9,16.1051768237385
14,10,12.680636929486996
14,11,9.300982222534042
14,12,6.695207368632041
14,13,3.8317055898091934
14,15,3.8472041365544687
14,16,5.34243804490921
14,17,7.533812071880749
14,18,9.726617334317742
14,19,12.774340010547679
14,20,15.896064123544376
14,21,19.540754510546304
14,22,22.235904411960313
14,23,25.690966294407385
14,24,29.198934581705448
14,25,32.782929462480226
14,26,35.51897858452457
14,27,39.29362270687854
14,28,40.21787830982401
14,29,38.75871477003769
14,30,37.42428775615333
14,31,36.71736129309373
14,32,35.09199097589063
14,33,31.999974993108047
14,34,30.001956814735085
14,35,26.491605760010263
14,36,25.138235225359505
14,37,21.793025341612477
14,38,22.587712912846868
14,39,20.86494152488893
14,40,22.97460010376551
14,41,23.037482261019793
14,42,26.345293947533044
14,43,29.558777624876576
14,44,28.42660892023827
14,45,26.03453728815779
14,46,24.468006984722905
14,47,23.874492876214102
14,48,20.455866871374965
14,49,21.44996974214863
14,50,24.546839653023234
14,51,25.881540802516977
14,52,29.20658353120512
14,53,29.656443348485045
14,54,32.95774906695476
14,55,33.70119664996495
14,56,30.800287721479485
14,57,30.951572801844197
14,58,28.138979844782934
14,59,25.861498080456663
14,60,25.34937295160602
14,61,24.35011855232818
14,62,25.67883441823934
14,63,20.405300125635385
14,64,17.330124298395912
14,65,16.679569498592727
14,66,17.794065177287273
14,67,18.941088818270533
14,68,21.964539206918698
14,69,24.721361375085554
14,70,27.14986232292048
14,71,30.1197338242978
14,72,29.035350960101542
14,73,25.297032272132405
14,74,23.000403051697358
14,75,19.566484487312245
14,76,17.575340728287717
14,77,14.375053884468372
14,78,13.150983858085539
14,79,10.965854922670921
14,80,10.378321694581865
14,81,10.05911294623045
14,82,9.868239150367083
14,83,10.70346433906944
14,84,14.239896201409378
14,85,13.727194353099335
14,86,13.519995073691254
14,87,16.682482788136166
14,88,18.87941908466127
14,89,18.727420047437874
14,90,22.23800411456181
14,91,23.23347813355545
14,92,26.686083645355527
14,93,28.74062812280571
14,94,32.18345728000587
14,95,34.78510166704435
14,96,36.66516841513802
14,97,39.338119234376784
14,98,41.745691257264646
14,99,43.156129806494654
14,100,42.5027341159164
14,101,39.390158360416926
14,102,37.02413328884343
14,103,34.33539729489905
14,104,31.465541769695907
14,105,28.763935004847752
14,106,26.138722479077778
14,107,25.31542221329792
14,108,21.80872284949603
14,109,18.382008729595398
14,110,16.747700900610372
14,111,13.0816266005232
14,112,11.03567702259277
14,113,8.371155155448788
14,114,7.523459828431943
14,115,5.881559348094118
15,1,38.64095504121063
15,2,34.99237946849945
15,3,32.0597563322756
15,4,28.308338364236555
15,5,26.270772239301134
15,6,22.53432891931066
15,7,20.970376901213978
15,8,21.265560118908613
15,9,17.750069213892157
15,10,14.176624258695357
15,11,11.38864359440382
15,12,7.905518067856679
15,13,5.2355707823255795
15,14,3.8472041365544687
15,16,3.8376662645847084
15,17,5.872769416470949
15,18,9.250985239246853
15,19,12.360191911210679
15,20,15.879004503680939
15,21,19.42406537883612
15,22,21.941024069569675
15,23,25.527963008781015
15,24,28.9315169870529
15,25,32.616357892162206
15,26,35.05093665890406
15,27,38.88035292990836
15,28,39.47879152539075
15,29,37.80739113804299
15,30,36.19968461684311
15,31,35.155383402482556
15,32,33.34025968964394
15,33,30.419128907246918
15,34,28.30601848732888
15,35,25.0099090839957
15,36,23.648224183146567
15,37,20.551322293631873
15,38,21.612697177730052
15,39,20.26196301662584
15,40,22.84313792451373
15,41,23.12890675578727
15,42,26.56544027377434
15,43,29.58177149112517
15,44,28.00591984016579
15,45,25.35024921123749
15,46,23.27517636683898
15,47,22.297434434189658
15,48,18.690884857938766
15,49,19.340846663645493
15,50,22.45944556943079
15,51,23.69085068385312
15,52,27.058385882076976
15,53,27.7196150638837
15,54,30.94316875535715
15,55,31.99255579960114
15,56,29.144832656642567
15,57,28.86692654955933
15,58,25.781544937472166
15,59,23.622708024981236
15,60,22.726865761906183
15,61,21.642272144225323
15,62,22.75628121899749
15,63,17.29384823147664
15,64,14.476150041242713
15,65,14.195227523543366
15,66,15.255906334215993
15,67,16.968374456200014
15,68,20.153475924630715
15,69,23.282985611329842
15,70,26.020429098110974
15,71,29.2089038638623
15,72,28.34917056557583
15,73,24.68536544482843
