1,2,3.8128952883027263
1,3,6.467488295128816
1,4,10.097428535729597
1,5,13.468330158349092
1,6,14.471012466778268
1,7,18.172413683898277
1,8,20.11317077067253
1,9,22.792849238992275
1,10,24.91086096054464
1,11,28.671443612715166
1,12,31.194381607676252
1,13,34.98163036777598
1,14,37.99090656272706
1,15,37.83021341620198
1,16,34.37127880804986
1,17,35.27947341559372
1,18,31.6808046375372
1,19,28.50876852868295
1,20,25.011996652336485
1,21,21.87796478900035
1,22,19.18805669655637
1,23,15.592222543374302
1,24,13.871856896885237
1,25,10.433270724982163
1,26,10.45869638812992
1,27,8.222156089255032
1,28,9.614104104857866
1,29,11.248222847616034
1,30,13.399492230176152
1,31,17.076686494884704
1,32,18.61311001629168
1,33,18.665934212887464
1,34,19.41056960423434
1,35,15.833116865016045
1,36,14.70981699430786
1,37,15.428668082851479
1,38,15.778786689866688
1,39,17.350501145459866
1,40,18.833411937885685
1,41,20.082529031574307
1,42,23.011375831403992
1,43,24.537716993710173
1,44,22.968397010282175
1,45,24.04058596421772
1,46,22.539579552413876
1,47,24.360126769627367
1,48,22.683410836807415
1,49,21.07624223262047
1,50,20.438776357737776
1,51,20.82622184549544
1,52,19.835807557974036
1,53,21.513516249279686
1,54,24.674067470710337
1,55,24.445790671732563
1,56,25.595381272825094
1,57,25.003722485884502
1,58,25.885840248257484
1,59,27.288065095709648
1,60,29.573570029810412
1,61,33.017720717340005
1,62,32.36375326173017
1,63,29.668725145402583
1,64,31.712449737554273
1,65,30.82584114370501
1,66,27.040671784253384
1,67,25.29329121048321
1,68,22.589878268684238
1,69,23.157044401951055
1,70,21.933800205934382
1,71,22.832742224980752
1,72,20.23432446595897
1,73,17.24230651303733
1,74,16.350210792121693
1,75,16.557081718404515
1,76,13.738743310651975
1,77,16.587871498078414
1,78,16.654819339985963
1,79,19.319176746008385
1,80,21.781284705617118
1,81,25.473622392195892
1,82,28.4344990433172
1,83,32.05305023802625
1,84,33.40301136434656
1,85,35.2643788841062
1,86,32.0840292031602
1,87,30.50232804320176
1,88,33.69958153871101
1,89,33.52836619134972
1,90,29.743058836459625
1,91,28.87097417522908
1,92,26.09550708663127
1,93,22.354977808010343
1,94,20.398448270610672
1,95,16.984264344026958
1,96,14.967280653192692
1,97,12.821281225357817
1,98,11.218783905896512
1,99,10.82979602607269
1,100,10.156700132123778
1,101,11.444183715543367
1,102,9.58290195122866
1,103,6.3076962100101035
1,104,7.066361747415008
1,105,7.028443984790958
1,106,10.209079243894719
1,107,12.419525762504023
1,108,16.093084707577063
1,109,18.942265085665525
1,110,22.577819473439032
1,111,25.50074006978169
1,112,28.767146122267764
1,113,32.343448909565375
1,114,34.64141340981534
2,1,3.8128952883027263
2,3,3.79983424097851
2,4,6.918735124427545
2,5,10.527686080571561
2,6,11.578898553778307
2,7,15.23489446040663
2,8,17.54828419213463
2,9,19.918391620485504
2,10,21.701443185237668
2,11,25.449926962640145
2,12,27.805533262754356
2,13,31.59800596137721
2,14,34.53220813936169
2,15,34.244848799812544
2,16,30.752791678728595
2,17,31.595262080002172
2,18,27.997595437449927
2,19,24.885070909574146
2,20,21.327860827934142
2,21,18.315234138602605
2,22,15.528447180002543
2,23,11.88451873142793
2,24,10.111499272125652
2,25,6.713307728026907
2,26,7.451540477516794
2,27,6.046370604450148
2,28,7.211622349497654
2,29,9.90257765087263
2,30,11.72145177043218
2,31,15.355053532729265
2,32,16.644179960550225
2,33,16.256446400149894
2,34,17.545259616963275
2,35,14.305799944419189
2,36,12.500947562842326
2,37,13.221915142773181
2,38,12.996602148240955
2,39,14.752395885497974
2,40,15.973729296872161
2,41,17.637466382765506
2,42,20.56386162800591
2,43,22.52746849946799
2,44,21.281982285912267
2,45,22.02193905175717
2,46,20.28491539803072
2,47,21.659544524016884
2,48,19.79194059877573
2,49,18.414889898340068
2,50,17.71098730458139
2,51,18.60336784909817
2,52,17.6329214158005
2,53,19.85246593882339
2,54,22.75995542186809
2,55,22.052597336919128
2,56,23.030903574599414
2,57,22.17482105603473
2,58,23.2357156077085
2,59,24.488520727801735
2,60,26.939817631808427
2,61,30.23775204213512
2,62,29.50193799481677
2,63,26.611819143061812
2,64,28.56132921353417
2,65,27.432830941856334
2,66,23.668992188302
2,67,21.833943968734374
2,68,19.01571077374643
2,69,19.553556601786887
2,70,18.59776808676754
2,71,19.517099842629733
2,72,16.735182783139713
2,73,13.874448052097591
2,74,13.382492954747697
2,75,13.328383841384314
2,76,10.204844341588913
2,77,12.843215873160439
2,78,12.946667313718802
2,79,15.561229223381746
2,80,18.164409781954454
2,81,21.80612509804834
2,82,24.873918898555534
2,83,28.480611427404913
2,84,29.90601685895658
2,85,31.894155036887945
2,86,28.824001016479464
2,87,27.23724633111063
2,88,30.525814629283147
2,89,30.597843780541922
2,90,26.85458644538518
2,91,26.025646556081554
2,92,23.514676974723553
2,93,19.8806045719357
2,94,17.639611928445458
2,95,14.417066692453657
2,96,11.94861262395598
2,97,10.293669846955533
2,98,8.437253959426783
2,99,9.015165558896946
2,100,8.438900137674235
2,101,10.841582938664278
2,102,10.227601916095704
2,103,6.696481464606147
2,104,6.317286687425674
2,105,5.365325317713143
2,106,7.883046895734331
2,107,9.807491485014934
2,108,13.603610956858176
2,109,16.051072013479548
2,110,19.803811889471078
2,111,22.462682062438137
2,112,25.829142433037855
2,113,29.28835549034838
2,114,31.588290450656928
3,1,6.467488295128816
3,2,3.79983424097851
3,4,3.8058030862519727
3,5,7.018084146453684
3,6,8.497522875527546
3,7,12.283423892923372
3,8,14.79311564099993
3,9,17.43092683804073
3,10,19.290229083666738
3,11,23.08831895351021
3,12,25.67694941720327
3,13,29.47406229141052
3,14,32.59930152452686
3,15,32.18595987692239
3,16,28.85892479827749
3,17,30.069529811865387
3,18,26.646853761054327
3,19,23.384338031848905
3,20,19.814821058949583
3,21,16.822625841599983
3,22,13.691618988151987
3,23,10.462977613078005
3,24,8.378917787934737
3,25,5.62965168536709
3,26,5.522382949594507
3,27,5.945251776630886
3,28,8.42746702504156
3,29,11.699810692379538
3,30,13.877458747037544
3,31,17.171524960080095
3,32,18.67455842183314
3,33,18.184887687093582
3,34,20.055528119330692
3,35,17.138170815746378
3,36,14.978840878841078
3,37,15.667565531097015
3,38,14.676632810567574
3,39,16.178053291639632
3,40,16.58406276594854
3,41,18.182375073645524
3,42,20.62718680377795
3,43,22.651127366247728
3,44,22.0252946546821
3,45,22.945881345355186
3,46,21.459533613612333
3,47,22.344938212586495
3,48,20.661347702774858
3,49,19.89702133654692
3,50,19.383791742237534
3,51,20.869368117521805
3,52,19.964020777511724
3,53,22.58923457555351
3,54,25.25850024305399
3,55,24.09257910944947
3,56,24.852819293139444
3,57,23.597414001301228
3,58,24.693334702439234
3,59,25.505832663433296
3,60,27.894240247196066
3,61,30.935386138206905
3,62,29.7993797351918
3,63,26.828295288252068
3,64,28.904897750571784
3,65,27.40281554685074
3,66,23.6940498502119
3,67,22.003138675740754
3,68,19.077864274276127
3,69,19.519882706920594
3,70,19.226414119139548
3,71,19.83608526827777
3,72,16.570800724374916
3,73,14.39300633864915
3,74,14.123746882035578
3,75,13.023612585371081
3,76,9.85271815246841
3,77,12.068094446182029
3,78,12.754949863597599
3,79,14.668026386375384
3,80,17.601422187558438
3,81,21.071292384362287
3,82,24.22368240826855
3,83,27.62940031271522
3,84,28.75469214883145
3,85,31.07821589208147
3,86,28.26861608338974
3,87,26.273603501279467
3,88,29.404802693515077
3,89,29.80927471994073
3,90,26.123983150485074
3,91,24.835938231172914
3,92,22.339244395485895
3,93,18.833443628649373
3,94,16.970148833458087
3,95,14.278599084173246
3,96,12.040559494941283
3,97,11.5593219652038
3,98,10.31500439942844
3,99,11.944761444184062
3,100,11.49889300202969
3,101,14.234439254008928
3,102,13.959159548272599
3,103,10.489755846967567
3,104,9.703896550484172
3,105,7.576411280881063
3,106,8.523163800215201
3,107,8.877099693974028
3,108,12.398539078479367
3,109,14.333014412857752
3,110,18.0293649949192
3,111,20.75937622495562
3,112,23.883240642590263
3,113,27.284592766498932
3,114,29.250736364846052
4,1,10.097428535729597
4,2,6.918735124427545
4,3,3.8058030862519727
4,5,3.7985179091767525
4,6,5.061762348150539
4,7,8.743625782401582
4,8,11.64298292473702
4,9,14.014688307477483
4,10,15.630043913333962
4,11,19.419332053338312
4,12,21.98854783058878
4,13,25.77922889647814
4,14,28.93176242312227
4,15,28.458191146391485
4,16,25.187767787967992
4,17,26.54628945532739
4,18,23.225839342113357
4,19,19.903140733559788
4,20,16.367207720097326
4,21,13.431581057918207
4,22,10.167787258761402
4,23,7.352600838885478
4,24,5.570857024666372
4,25,4.6308263806199665
4,26,5.48844597360502
4,27,7.920626891659178
4,28,9.907569135782746
4,29,13.6111916271436
4,30,15.2943535532677
4,31,18.25096741729289
4,32,19.393148222607618
4,33,18.38334040711619
4,34,20.690554994693926
4,35,18.293582233070822
4,36,15.571633614200673
4,37,15.937236912832345
4,38,14.116848385407387
4,39,15.304971019903677
4,40,14.946894773292732
4,41,16.63916946057946
4,42,18.683725314597936
4,43,20.968582206918114
4,44,20.91435501692386
4,45,21.688363719420924
4,46,20.28276897017284
4,47,20.586962274767476
4,48,19.027324324931516
4,49,18.87488616024716
4,50,18.613214935687807
4,51,20.729717670021333
4,52,20.100288192009128
4,53,23.16300865407638
4,54,25.397271923713955
4,55,23.78843277689867
4,56,24.152447292267468
4,57,22.442612480374148
4,58,23.509011592045795
4,59,23.880890411871178
4,60,26.21605553078829
4,61,28.96887555219131
4,62,27.5478639507981
4,63,24.499292268078566
4,64,26.615362412452676
4,65,24.83101777179488
4,66,21.222524477589264
4,67,19.7226038532711
4,68,16.867538119456785
4,69,17.44395750350499
4,70,17.847806302945756
4,71,18.50087236793814
4,72,14.974723964191417
4,73,13.378956671921442
4,74,13.879754449300302
4,75,12.173526496120076
4,76,8.832724070349451
4,77,9.95174132964237
4,78,10.682251699787098
4,79,11.802377341461677
4,80,14.821232604767737
4,81,18.100730997594233
4,82,21.240411563934476
4,83,24.47705828341265
4,84,25.429818260979363
4,85,27.950699938487173
4,86,25.353642033416133
4,87,23.15049742911033
4,88,26.214362606471248
4,89,26.908955984069937
4,90,23.326613769269507
4,91,21.860778150091445
4,92,19.607365903267713
4,93,16.346647751899983
4,94,14.540435936919668
4,95,12.479769221228624
4,96,10.298132521187336
4,97,11.036623427143875
4,98,10.374849698497767
4,99,13.007962920359695
4,100,13.029420517538163
4,101,16.305004545996496
4,102,16.653687352624562
4,103,13.224956605619633
4,104,11.710028534263818
4,105,8.971705299883274
4,106,8.287119638870983
4,107,7.206417177524285
4,108,10.185089367478612
4,109,11.322720120182233
4,110,14.97287519109519
4,111,17.478064418376064
4,112,20.534921934467572
4,113,23.810843076532134
4,114,25.667440998573962
5,1,13.468330158349092
5,2,10.527686080571561
5,3,7.018084146453684
5,4,3.7985179091767525
5,6,3.8035683975298578
5,7,6.799055200457386
5,8,10.13128571392579
5,9,12.531480189001257
5,10,13.919149470841433
5,11,17.61532702019413
5,12,20.325711914595487
5,13,24.033784184379183
5,14,27.323803021486192
5,15,26.60106100507351
5,16,23.58310140527495
5,17,25.313220734187198
5,18,22.298869236520012
5,19,18.978710641404486
5,20,15.563391022199962
5,21,13.019846442920649
5,22,9.52283157441414
5,23,8.00776641644134
5,24,6.23711488985469
5,25,7.01385478151954
5,26,6.776738482692533
5,27,10.120887895404836
5,28,12.411643211880744
5,29,16.058210101573042
5,30,17.880809362651956
5,31,20.411172810736183
5,32,21.701959847773605
5,33,20.7213683574744
5,34,23.416520466096962
5,35,21.32129194850095
5,36,18.549270876449114
5,37,19.018729292485627
5,38,16.86983341990723
5,39,17.922029826993064
5,40,16.971441680390978
5,41,18.617451024905844
5,42,20.11291555267393
5,43,22.446315927516856
5,44,22.975952234998907
5,45,23.760288301615997
5,46,22.53029421970359
5,47,22.310206486811058
5,48,20.890032630403397
5,49,21.225179842226815
5,50,21.00715656022032
5,51,23.469744670516487
5,52,22.805446031857876
5,53,26.076180586660502
5,54,28.105241888747937
5,55,26.129072747366692
5,56,26.374295549684366
5,57,24.44055713707997
5,58,25.60304711232879
5,59,25.625515615705584
5,60,27.904771639633683
5,61,30.3137716328923
5,62,28.588381360300435
5,63,25.49281213636616
5,64,27.573191549562356
5,65,25.395615680731336
5,66,22.021313139752078
5,67,20.64611489357889
5,68,17.78607084352808
5,69,18.099825210901376
5,70,19.12678274077246
5,71,19.35230393453826
5,72,15.598372609718824
5,73,14.903196209582322
5,74,15.495052022194313
5,75,12.972890314693524
5,76,10.243690317492817
5,77,10.614037810136644
5,78,12.019014708347964
5,79,12.175348972235023
5,80,15.35511868737842
5,81,18.129741655216204
5,82,21.272342048526134
5,83,24.154386794127742
5,84,24.808298919941667
5,85,27.69092324425244
5,86,25.50439182928681
5,87,22.962596955590342
5,88,25.793738715830578
5,89,26.935595256315437
5,90,23.56641593129038
5,91,21.690465006348997
5,92,19.687015479443733
5,93,16.847421173417754
5,94,15.504996534372905
5,95,14.290459300790504
5,96,12.479064374907937
5,97,14.053107857529387
5,98,13.656849323875269
5,99,16.5346541406608
5,100,16.42988583182422
5,101,19.717172409600103
5,102,20.27008378928267
5,103,16.93077624019995
5,104,15.497208457448174
5,105,12.674723833565047
5,106,11.465253416634958
5,107,9.374216833015002
5,108,11.310702305790223
5,109,11.346334025997107
5,110,14.556767254803363
5,111,16.820604267208335
5,112,19.451556702697324
5,113,22.471391245013702
5,114,23.837175373709236
6,1,14.471012466778268
6,2,11.578898553778307
6,3,8.497522875527546
6,4,5.061762348150539
6,5,3.8035683975298578
6,7,3.800568564586714
6,8,6.7015287249056135
6,9,9.249382992673189
6,10,11.221512128889676
6,11,14.998742602586088
6,12,17.95455182342882
6,13,21.684900432926835
6,14,25.075394882203067
6,15,24.818735558277975
6,16,21.81664963332238
6,17,23.714540286789536
6,18,20.712395001162353
6,19,17.124464714661663
6,20,14.024225458735256
6,21,10.964509616095258
6,22,8.172908873909524
6,23,7.168154001037708
6,24,7.337621472509022
6,25,8.765409366807079
6,26,9.826833150360338
6,27,12.839814859783417
6,28,14.697742884115689
6,29,18.46795600178542
6,30,19.850656832936433
6,31,22.594372408322652
6,32,23.37816259732126
6,33,21.861046181683204
6,34,24.310644443524986
6,35,22.315637590213296
6,36,19.1676494556655
6,37,18.873706069203354
6,38,16.230235594578975
6,39,16.47074921273143
6,40,14.916539617756346
6,41,15.978708490426245
6,42,17.027114335950007
6,43,19.11936481969557
6,44,19.951360078937128
6,45,21.002135231485912
6,46,20.230932499112203
6,47,19.98570967429622
6,48,19.130041103905597
6,49,19.962680852242872
6,50,20.4211600999717
6,51,23.138608088300813
6,52,23.0962014949858
6,53,26.420372597198657
6,54,28.146805295783853
6,55,26.295458809882348
6,56,26.019551416799274
6,57,23.674641735970173
6,58,24.308302398361864
6,59,23.880829211570187
6,60,25.754741587341066
6,61,28.08407326345231
6,62,26.065607059191375
6,63,23.23895265817299
6,64,25.690268256160525
6,65,23.74709552127452
6,66,20.360686072674635
6,67,19.60124486766877
6,68,17.289023851962483
6,69,18.367436446574306
6,70,19.720259944410767
6,71,20.583790052547247
6,72,16.975150410417566
6,73,16.089527838993387
6,74,17.408027691858717
6,75,15.29791041686844
6,76,12.143220656863711
6,77,11.739478643948647
6,78,12.031214507247958
6,79,11.514799238510674
6,80,14.001350049012462
6,81,16.844302999283286
6,82,19.546845632474316
6,83,22.319722858060974
6,84,22.589818372311566
6,85,25.293327057588787
6,86,23.00563432204921
6,87,20.258112210641176
6,88,22.898938169442463
6,89,23.806151114648795
6,90,20.39414678670243
6,91,18.321480089092955
6,92,16.088150613064204
6,93,13.225378209962246
6,94,12.283582285999413
6,95,11.416435790453821
6,96,10.4290238774098
6,97,12.57302392903042
6,98,13.21840426882914
6,99,16.508591708620568
6,100,17.261836813755455
6,101,20.78429319711875
6,102,21.187492865275313
6,103,17.64868118048962
6,104,15.461686669275284
6,105,12.101200515691026
6,106,9.892685631411078
6,107,6.847488348738999
6,108,7.891876053337109
6,109,7.8129580729419725
6,110,10.962626213718249
6,111,13.566855703053497
6,112,16.18594746809203
6,113,19.43882602801202
6,114,21.030932033526827
7,1,18.172413683898277
7,2,15.23489446040663
7,3,12.283423892923372
7,4,8.743625782401582
7,5,6.799055200457386
7,6,3.800568564586714
7,8,3.81031132531833
7,9,5.764644732548218
7,10,7.700722549160519
7,11,11.398692117097369
7,12,14.55923999330907
7,13,18.208684657106033
7,14,21.721739081230556
7,15,21.57479490811606
7,16,18.797248954066475
7,17,21.06031863068387
7,18,18.37661214392981
7,19,14.714428717729113
7,20,12.118931980346744
7,21,9.312473602803305
7,22,7.341484129622494
7,23,8.157515829896736
7,24,9.430305293055387
7,25,11.830883870900774
7,26,13.089633901086383
7,27,16.360631677653284
7,28,17.965716697789762
7,29,21.758149127660705
7,30,22.850675445384635
7,31,25.365324683121127
7,32,25.860524893282967
7,33,24.011536553587025
7,34,26.583259277353115
7,35,24.964916957084714
7,36,21.58850210702113
7,37,20.9693791994069
7,38,17.881986705693606
7,39,17.61262002349745
7,40,15.317573006752005
7,41,16.056973749500905
7,42,16.302943012389957
7,43,18.349842681987976
7,44,19.88356895543721
7,45,20.89221704547792
7,46,20.469846497449836
7,47,19.668024848938995
7,48,19.249568269603756
7,49,20.76012154543516
7,50,21.598585974059233
7,51,24.693056518773176
7,52,24.985428994983568
7,53,28.475055348160147
7,54,29.791312713133205
7,55,27.717469623429754
7,56,27.01956804944447
7,57,24.290521593458177
7,58,24.698240501291796
7,59,23.716266012552577
7,60,25.285333954505386
7,61,27.189592782760144
7,62,24.787630672207666
7,63,22.118742583414292
7,64,24.67006422188173
7,65,22.562366147222164
7,66,19.490117810634192
7,67,19.254689020173156
7,68,17.407898018296553
7,69,18.73828297603578
7,70,20.73492533125322
7,71,21.691266174549806
7,72,18.177222451851364
7,73,17.840539762310737
7,74,19.665002739311184
7,75,17.39071492336945
7,76,14.506824197080652
7,77,13.175961650620634
7,78,13.206018048690584
7,79,11.558800732674896
7,80,13.453552433483239
7,81,15.697184918175063
7,82,17.979447237661805
7,83,20.283915176248104
7,84,20.052573548560463
7,85,22.91277271614567
7,86,20.980412498762597
7,87,17.88432432330767
7,88,20.17207090840125
7,89,21.373470366544456
7,90,18.22571528801343
7,91,15.76038800374084
7,92,13.848432711738658
7,93,11.651653798773344
7,94,11.36116804980735
7,95,11.715790354389844
7,96,11.481978465166595
7,97,14.413686324473003
7,98,15.611862990617977
7,99,19.18545942584809
7,100,20.252312218919297
7,101,23.914144502264634
7,102,24.52924260003724
7,103,21.037318354248395
7,104,18.560149131169258
7,105,15.116787162238852
7,106,12.297112351892947
7,107,8.724027488451476
7,108,8.046240855468326
7,109,6.284752243549916
7,110,8.456050784775515
7,111,10.707329477961341
7,112,12.885260783220522
7,113,15.96946532112058
7,114,17.32976800148643
8,1,20.11317077067253
8,2,17.54828419213463
8,3,14.79311564099993
8,4,11.64298292473702
8,5,10.13128571392579
8,6,6.7015287249056135
8,7,3.81031132531833
8,9,3.805060491753387
8,10,7.235214715973335
8,11,10.450891126137844
8,12,14.029156480789853
8,13,17.427225495029937
8,14,21.079914989045424
8,15,21.519260533615206
8,16,19.060050571436218
8,17,21.63252145472784
8,18,19.237039725077487
8,19,15.492298806997248
8,20,13.644506162788101
8,21,10.750700756655636
8,22,10.00084998771944
8,23,11.08407875725657
8,24,12.920092563807843
8,25,15.089987961731838
8,26,16.490253202209317
8,27,19.516084222615394
8,28,21.1743782752044
8,29,24.966278772605158
8,30,26.007495646341663
8,31,28.7003929814954
8,32,29.028245634461364
8,33,26.983774643347033
8,34,29.306470362064776
8,35,27.648523190102377
8,36,24.174394214959122
8,37,23.08259040702139
8,38,19.847381108517094
8,39,18.896331045951793
8,40,16.195752182793637
8,41,16.051280320023935
8,42,15.542742259974531
8,43,16.917638103649683
8,44,18.885225714371185
8,45,20.38468074548178
8,46,20.663325815510333
8,47,19.942104474304546
8,48,20.243322442136886
8,49,22.143224696123053
8,50,23.544970214893794
8,51,26.675856893274283
8,52,27.401900838358053
8,53,30.80594838064109
8,54,31.957692332563454
8,55,30.083252535717456
8,56,29.034289678577096
8,57,26.060673392539194
8,58,25.947183133724963
8,59,24.54388527540548
8,60,25.567604550411016
8,61,27.314550275468648
8,62,24.560687581227185
8,63,22.365518853863353
8,64,25.291616561425588
8,65,23.50004860424048
8,66,20.58281460141785
8,67,21.00598982203586
8,68,19.725424703651143
8,69,21.53499710798636
8,70,23.640689597224668
8,71,24.93297166266302
8,72,21.560937707288314
8,73,21.07012324479288
8,74,23.093401772830997
8,75,21.03383896381127
8,76,17.993319635399086
8,77,16.589848656804435
8,78,16.073953772394546
8,79,14.182284761087086
8,80,15.294332877485312
8,81,17.350214596165372
8,82,18.97195431466731
8,83,20.918882758225017
8,84,20.0618504093957
8,85,22.662034957848107
8,86,20.779283884932152
8,87,17.39774403902766
8,88,19.129454929421286
8,89,20.023675075428155
8,90,16.996442112101047
8,91,14.031966981354865
8,92,11.728899199151584
8,93,9.84571345215409
8,94,10.806490505909514
8,95,11.773063109434371
8,96,12.72882259556175
8,97,15.723248689042098
8,98,17.650513392303214
8,99,21.22327143327701
8,100,22.76830790608948
8,101,26.41729157136435
8,102,26.72693436109969
8,103,23.119923297572058
8,104,20.31841160833385
8,105,16.64927858766732
8,106,13.490284253793703
8,107,9.688853488270738
8,108,7.687337294883314
8,109,5.804786991434834
8,110,6.533002862678196
8,111,9.35581846539537
8,112,10.854162784648443
8,113,14.159089587771422
8,114,15.483646315913875
9,1,22.792849238992275
9,2,19.918391620485504
9,3,17.43092683804073
9,4,14.014688307477483
9,5,12.531480189001257
9,6,9.249382992673189
9,7,5.764644732548218
9,8,3.805060491753387
9,10,3.7991262691748733
9,11,6.802771352240786
9,12,10.32957746440249
9,13,13.72211029909904
9,14,17.334673498959877
9,15,17.94926576454691
9,16,15.52504693937281
9,17,18.16245196279363
9,18,15.971012822870653
9,19,12.285916569016821
9,20,11.096511038216265
9,21,8.685282784406436
9,22,9.175479290207036
9,23,11.338519507873189
9,24,13.891617015982895
9,25,16.67318838761994
9,26,18.516863575911163
9,27,21.694246197979083
9,28,22.857398173577113
9,29,26.641476344018763
9,30,27.230010144354395
9,31,29.66961159179486
9,32,29.59940866147207
9,33,27.20668735334544
9,34,29.58742016902134
9,35,28.380143589027025
9,36,24.732383149143896
9,37,23.390738180509643
9,38,19.854311326380824
9,39,18.5933739242513
9,40,15.415289622263595
9,41,15.236429255039324
9,42,14.13330302393138
9,43,15.742963631124782
9,44,18.231866600398185
9,45,19.295218776885466
9,46,19.64284555573346
9,47,18.305480582035447
9,48,18.865007090042376
9,49,21.283701412359868
9,50,22.916802745394076
9,51,26.322847357587808
9,52,27.328274814614247
9,53,30.842402374068076
9,54,31.553579343361154
9,55,29.481841880837578
9,56,28.061648319529194
9,57,24.821020891231694
9,58,24.559654044502572
9,59,22.733009453460003
9,60,23.550827655890703
9,61,24.87411008160121
9,62,21.909429122168113
9,63,19.81618552411967
9,64,22.693286353932248
9,65,20.80054631794367
9,66,18.244093578726932
9,67,19.112581852096852
9,68,18.34628688926954
9,69,20.392484158073614
9,70,22.930683595418998
9,71,24.396545559021952
9,72,21.29618854649688
9,73,21.166369235773974
9,74,23.66802524266229
9,75,21.699150942068922
9,76,18.87499342877433
9,77,16.757722132550803
9,78,15.877501585249727
9,79,13.254065251019968
9,80,13.620161828588538
9,81,15.033449510951225
9,82,16.15003280346836
9,83,17.682139567034522
9,84,16.50226968843473
9,85,19.147309271042733
9,86,17.548194481510873
9,87,14.009129169681502
9,88,15.545586842999496
9,89,16.753002546059047
9,90,14.000639237764295
9,91,10.928922008818258
9,92,9.366109373835233
9,93,8.508706237636048
9,94,9.620527314510655
9,95,11.719053390917342
9,96,12.911676794891356
9,97,16.397952397756786
9,98,18.52811837103438
9,99,22.268698509342585
9,100,24.02326775460427
9,101,27.78797290089145
9,102,28.481624768452427
9,103,25.04798905532479
9,104,22.04659178619805
9,105,18.54162690626151
9,106,15.06393689148463
9,107,11.374388380014523
9,108,8.68886925897319
9,109,5.392211854068315
9,110,4.353107733896691
9,111,5.984688317926535
9,112,7.298222571183709
9,113,10.498673448658385
9,114,12.045505854490854
10,1,24.91086096054464
10,2,21.701443185237668
10,3,19.290229083666738
10,4,15.630043913333962
10,5,13.919149470841433
10,6,11.221512128889676
10,7,7.700722549160519
10,8,7.235214715973335
10,9,3.7991262691748733
10,11,3.802664036095072
10,12,6.947619773617105
10,13,10.563644175761988
10,14,14.105472651103783
10,15,14.363905103054623
10,16,11.83072876611864
10,17,14.534206003718966
10,18,12.522548094478106
10,19,8.986891483871721
10,20,8.27832476727813
10,21,7.0292742694156924
10,22,8.274238967103951
10,23,11.441718927194803
10,24,14.134242466538732
10,25,17.454254867301486
10,26,19.407509672634244
10,27,22.785503019022446
10,28,23.56284822908873
10,29,27.269456047381222
10,30,27.540030059544595
10,31,29.58405183311719
10,32,29.295496398823474
10,33,26.755998354949647
10,34,29.35543749618887
10,35,28.60302807377005
10,36,24.91866961976847
10,37,23.68601630260355
10,38,20.02923319890095
10,39,18.932841194019986
10,40,15.627384287767645
10,41,15.959292360189426
10,42,14.775743614773276
10,43,16.911454832364953
10,44,19.556596970311315
10,45,19.941977953498398
10,46,19.938618099405215
10,47,17.93533514042897
10,48,18.280542639576034
10,49,20.95347142823718
10,50,22.415227664976825
10,51,26.03467657413521
10,52,27.00136010703069
10,53,30.647138486246025
10,54,31.03455300879482
10,55,28.627081215699203
10,56,27.08001384925828
10,57,23.750753109175893
10,58,23.705147176412936
10,59,21.70928798462282
10,60,22.656307648244304
10,61,23.558599413586467
10,62,20.59917829035775
10,63,18.319769105858196
10,64,20.811517248541506
10,65,18.50423144251869
10,66,16.365223949910632
10,67,17.280010948306664
10,68,16.718252609016584
10,69,18.595777140758344
10,70,21.568328825999412
10,71,22.891812928032497
10,72,20.021161356280025
10,73,20.471955928310983
10,74,23.23425715855712
10,75,21.179010731257478
10,76,18.80921305373055
10,77,16.09353296111528
10,78,15.307659575845442
10,79,12.065008846733063
10,80,12.088960229698918
10,81,12.637421652410476
10,82,13.58009246924137
10,83,14.704145534310108
10,84,13.484565627731438
10,85,16.518583573653874
10,86,15.406564888983768
10,87,11.870521770756374
10,88,13.462326991028815
10,89,15.416032983211146
10,90,13.092427123858501
10,91,10.367652453156284
10,92,10.14648547293516
10,93,10.18041834753017
10,94,10.609088889543195
10,95,13.186044924862527
10,96,13.878593901391278
10,97,17.618279473946966
10,98,19.452038677457242
10,99,23.255037149349864
10,100,24.855172715210465
10,101,28.666593635145226
10,102,29.827198827954806
10,103,26.616353528126023
10,104,23.69615526218827
10,105,20.46465191669301
10,106,17.01071574379953
10,107,13.577685241689796
10,108,11.157585038047968
10,109,7.39328594913566
10,110,6.1691541452834855
10,111,5.297430225881714
10,112,6.418962241362965
10,113,8.689276740789397
10,114,10.140001581129454
11,1,28.671443612715166
11,2,25.449926962640145
11,3,23.08831895351021
11,4,19.419332053338312
11,5,17.61532702019413
11,6,14.998742602586088
11,7,11.398692117097369
11,8,10.450891126137844
11,9,6.802771352240786
11,10,3.802664036095072
11,12,3.7967226343327516
11,13,6.989468298873243
11,14,10.685552427647671
11,15,11.301195363719575
11,16,9.37952305529519
11,17,12.558792658323545
11,18,11.440523226432244
11,19,8.556064753928487
11,20,9.439697857146548
11,21,9.420620499190548
11,22,11.433101512875798
11,23,14.857044753919842
11,24,17.633059933161388
11,25,21.074621713366547
11,26,23.047171943395725
11,27,26.46690212336529
11,28,27.113072245115145
11,29,30.770612137615178
11,30,30.859155555391887
11,31,32.7206224054633
11,32,32.22967983549862
11,33,29.529919896031053
11,34,32.12419676585615
11,35,31.66260220655595
11,36,27.944952347175043
11,37,26.558370196110218
11,38,22.817469947558276
11,39,21.468964105612237
11,40,17.95287529362956
11,41,18.02238124746468
11,42,16.22321569355352
11,43,18.10698399253853
11,44,21.17308052286905
11,45,21.37427735544254
11,46,21.64805628042679
11,47,19.229508494982866
11,48,19.956358811323113
11,49,23.006381327725656
11,50,24.66517862596558
11,51,28.385516680785905
11,52,29.56601201875635
11,53,33.2093081846718
11,54,33.24668624811948
11,55,30.739592358196674
11,56,28.890740110155342
11,57,25.39982444058434
11,58,25.151885910054197
11,59,22.732431623454083
11,60,23.28628283942753
11,61,23.587792957696234
11,62,20.369473139821228
11,63,18.489377916532458
11,64,20.839516521012424
11,65,18.511569549009955
11,66,17.078737942620126
11,67,18.5269556002439
11,68,18.561297081415912
11,69,20.491617393472676
11,70,23.757796988656096
11,71,25.099008917481186
11,72,22.52703360189917
11,73,23.301302397460745
11,74,26.248228937357613
11,75,24.219196134697647
11,76,22.100466788848042
11,77,19.108168851412636
11,78,18.22143109308127
11,79,14.691319146947526
11,80,14.048536161021797
11,81,13.653619996423386
11,82,13.696955512819653
11,83,13.80861232735507
11,84,11.754997524944365
11,85,14.8032637202557
11,86,14.482341967181634
11,87,10.822737901180304
11,88,11.470941055616008
11,89,13.948128977729262
11,90,12.498872590466654
11,91,9.695596394666643
11,92,10.61611136676703
11,93,11.918049374338649
11,94,12.827914411497503
11,95,15.950810956617355
11,96,16.958159413265662
11,97,20.748178652026436
11,98,22.72577724795578
11,99,26.515892835900626
11,100,28.23004141427942
11,101,32.04106525429905
11,102,33.324916382244545
11,103,30.19080420283309
11,104,27.186084190959544
11,105,24.011495440712288
11,106,20.46627945869665
11,107,17.109532845187896
11,108,14.378771894192221
11,109,10.61770858935716
11,110,8.350766728745596
11,111,6.0000908965597075
11,112,5.006155315406965
11,113,5.614603098030016
11,114,6.563425894942171
12,1,31.194381607676252
12,2,27.805533262754356
12,3,25.67694941720327
12,4,21.98854783058878
12,5,20.325711914595487
12,6,17.95455182342882
12,7,14.55923999330907
12,8,14.029156480789853
12,9,10.32957746440249
12,10,6.947619773617105
12,11,3.7967226343327516
12,13,3.801051676536824
12,14,7.1671048792600285
12,15,7.772445858890204
12,16,5.795370690188225
12,17,9.036674872427934
12,18,8.592177660713455
12,19,6.680435701442606
12,20,8.981517765648796
12,21,10.280063383744226
12,22,12.901077820969281
12,23,16.52467368631877
12,24,19.40693624850673
12,25,23.01132008463797
12,26,25.176399983225327
12,27,28.568899243655526
12,28,28.807477988087033
12,29,32.322407167923004
12,30,32.037576449076774
12,31,33.582094295280285
12,32,32.772802305812284
12,33,29.891217601523024
12,34,32.49113802022775
12,35,32.47153022658978
12,36,28.773587516628123
12,37,27.33623539535162
12,38,23.586530133905466
12,39,22.22287515101913
12,40,18.703560202337606
12,41,18.98306185783606
12,42,17.068359506312433
12,43,19.171863418245437
12,44,22.279726129291646
12,45,21.903986888434147
12,46,21.998962271692083
12,47,19.083549688977534
12,48,19.797800524340182
12,49,23.05554868614315
12,50,24.684271069330126
12,51,28.47287717640573
12,52,29.765753214311925
12,53,33.39521323881602
12,54,33.03177194981305
12,55,30.355991990914667
12,56,28.278631548153836
12,57,24.734259350255762
12,58,24.497885875680552
12,59,21.853962891612895
12,60,22.30954224804582
12,61,22.063390255153983
12,62,18.893265996074206
12,63,17.113775131052257
12,64,19.008406451446646
12,65,16.506256230429273
12,66,15.80143837210095
12,67,17.52414328197673
12,68,18.086470549979857
12,69,19.973089441542683
12,70,23.47845889508728
12,71,24.84150406308137
12,72,22.720193839503555
12,73,23.840299660187025
12,74,27.018681711142793
12,75,25.16516828345891
12,76,23.400435241463576
12,77,20.05250997115714
12,78,19.01995513342004
12,79,15.273612503642473
12,80,14.005106146378548
12,81,12.610036390845998
12,82,11.915206556187446
12,83,11.127795392807384
12,84,8.702566462986342
12,85,11.940618264898164
12,86,12.401095996800622
12,87,9.0933890317818
12,88,9.384065587624352
12,89,12.582347535115357
12,90,11.942566881053295
12,91,9.993954250431758
12,92,12.100181757290198
12,93,13.966958044580485
12,94,14.431115393536189
12,95,17.75549480277989
12,96,18.56745621039345
12,97,22.355818864023764
12,98,24.21270096970797
12,99,27.929290611227827
12,100,29.646037306286342
12,101,33.41741123443068
12,102,35.02776138144909
12,103,32.12855722739614
12,104,29.130088406020555
12,105,26.22053832250031
12,106,22.69960218460397
12,107,19.643749343761908
12,108,17.00928921760927
12,109,13.26447262619514
12,110,11.059341920883348
12,111,7.7895594256148
12,112,6.731834134545601
12,113,5.423556585110593
12,114,6.370135687575223
13,1,34.98163036777598
13,2,31.59800596137721
13,3,29.47406229141052
13,4,25.77922889647814
13,5,24.033784184379183
13,6,21.684900432926835
13,7,18.208684657106033
13,8,17.427225495029937
13,9,13.72211029909904
13,10,10.563644175761988
13,11,6.989468298873243
13,12,3.801051676536824
13,14,3.8036658485260655
13,15,5.346914890306336
13,16,5.330616822224598
13,17,8.62395299493515
13,18,9.714177181362414
13,19,9.18058495448375
13,20,12.176953189565348
13,21,13.8897689958202
13,22,16.619018165868603
13,23,20.26145289293244
13,24,23.12540674167707
13,25,26.761423088304618
13,26,28.89866867245368
13,27,32.31543831142276
13,28,32.497521352124686
13,29,35.96733736135021
13,30,35.5763250733144
13,31,36.97907229304116
13,32,36.04118534689984
13,33,33.084422086817064
13,34,35.6544975203835
13,35,35.84500665924655
13,36,32.16342374383718
13,37,30.644582336710034
13,38,26.89966624787462
13,39,25.39837666383586
13,40,21.840122934483137
13,41,21.924762665448952
13,42,19.67240737964413
13,43,21.480682987424238
13,44,24.784070003532577
13,45,24.2919500890088
13,46,24.598572821738976
13,47,21.48657279038271
13,48,22.459158728107422
13,49,25.881288860585222
13,50,27.609031134446493
13,51,31.39354022397268
13,52,32.81968363787519
13,53,36.39868601839442
13,54,35.76535109638522
13,55,33.04806770119051
13,56,30.772519964755297
13,57,27.19144151893217
13,58,26.803323811969022
13,59,23.89941975470798
13,60,23.99340451644504
13,61,23.173321096757896
13,62,19.92177811034424
13,63,18.645750301942595
13,64,20.249690120541818
13,65,17.876913879935824
13,66,17.911135084218685
13,67,19.954066131614585
13,68,20.93243720867475
13,69,22.75858682744138
13,70,26.367339132516275
13,71,27.691179376036324
13,72,25.83185504544532
13,73,27.156947962128527
13,74,30.396439102471078
13,75,28.56645816901074
13,76,26.984263743995314
13,77,23.53972141383189
13,78,22.496856909894632
13,79,18.717858539013047
13,80,17.162506351347457
13,81,15.24274266511579
13,82,13.863261160988156
13,83,12.050435333445227
13,84,8.931070873219825
13,85,11.704805783422009
13,86,13.219316011739167
13,87,10.385414494845003
13,88,9.376206575752024
13,89,12.870182197167997
13,90,13.335073657573554
13,91,11.707529868913507
13,92,14.401770411271182
13,93,16.869755444849726
13,94,17.62048991847512
13,95,21.11914844982587
13,96,22.11032248151192
13,97,25.86851525095064
13,98,27.79731612785304
13,99,31.473859632763375
13,100,33.24747947811676
13,101,36.99596523431718
13,102,38.67671210483129
13,103,35.83090974678358
13,104,32.791431558489855
13,105,29.91355890437917
13,106,26.354486377892716
13,107,23.326154064882523
13,108,20.541906400273987
13,109,16.848585951944994
13,110,14.29535785738671
13,111,10.883500378803474
13,112,8.9124398057178
13,113,5.9494380948843535
13,114,5.534387203251675
14,1,37.99090656272706
14,2,34.53220813936169
14,3,32.59930152452686
14,4,28.93176242312227
14,5,27.323803021486192
14,6,25.075394882203067
14,7,21.721739081230556
14,8,21.079914989045424
14,9,17.334673498959877
14,10,14.105472651103783
14,11,10.685552427647671
14,12,7.1671048792600285
14,13,3.8036658485260655
14,15,3.796394324439874
14,16,5.406069640447908
14,17,7.440794626998654
14,18,9.78813098360962
14,19,10.635198041957024
14,20,14.156875692165368
14,21,16.394723117423332
14,22,19.35247147901941
14,23,22.96193341185715
14,24,25.869904823577652
14,25,29.53227989304212
14,26,31.80338019087183
14,27,35.15310356244429
14,28,35.04359124521178
14,29,38.379387214407636
14,30,37.69839409304814
14,31,38.864021137727676
14,32,37.65849629175709
14,33,34.57691874455383
14,34,37.06774160517668
14,35,37.6091345500082
14,36,33.988856430502295
14,37,32.40142044938217
14,38,28.721997639859907
14,39,27.176214201022987
14,40,23.703229187784338
14,41,23.843459672590594
14,42,21.519671902796137
14,43,23.330193134418643
14,44,26.595696404316598
14,45,25.702629593073404
14,46,25.944679672892317
14,47,22.568182506324707
14,48,23.591826158850143
14,49,27.093503643429052
14,50,28.816344828781823
14,51,32.55483693197652
14,52,34.10458558288958
14,53,37.58923717642213
14,54,36.59433045351951
14,55,33.82164403067724
14,56,31.34554261584258
14,57,27.79631270212785
14,58,27.342561970752705
14,59,24.281069623712643
14,60,24.160692350950278
14,61,22.765482078027617
14,62,19.67683738027957
14,63,18.74697518633079
14,64,19.822718496220272
14,65,17.550910058123264
14,66,18.388245777404904
14,67,20.648183866845763
14,68,22.10285100791705
14,69,23.869495997092045
14,70,27.522829621626403
14,71,28.876311649905695
14,72,27.452434028159587
14,73,28.961536252664704
14,74,32.326295526697514
14,75,30.69637146111288
14,76,29.360269451249447
14,77,25.75703905352262
14,78,24.584122189226314
14,79,20.819947313821412
14,80,18.860001770160913
14,81,16.349931115617935
14,82,14.324330670858114
14,83,11.61534621553297
14,84,8.339279807041931
14,85,10.47820411412115
14,86,12.989166111985025
14,87,11.07131504379336
14,88,9.445604717673307
14,89,13.082447105418142
14,90,14.443700031038912
14,91,13.663153412741172
14,92,16.875822696957403
14,93,19.60371176872915
14,94,20.131580399560598
14,95,23.6738575287838
14,96,24.593908528577845
14,97,28.26199150042787
14,98,30.13190106723373
14,99,33.69441931698802
14,100,35.4978270555536
14,101,39.17303498914049
14,102,41.06021240202302
14,103,38.40601484435136
14,104,35.36556370232555
14,105,32.69010304134044
14,106,29.163991663457548
14,107,26.361405087595323
14,108,23.61960080421333
14,109,20.011428059820616
14,110,17.494913616475444
14,111,13.86163043501939
14,112,12.04774223560599
14,113,8.800640413514552
14,114,8.472650352985564
15,1,37.83021341620198
15,2,34.244848799812544
15,3,32.18595987692239
15,4,28.458191146391485
15,5,26.60106100507351
15,6,24.818735558277975
15,7,21.57479490811606
15,8,21.519260533615206
15,9,17.94926576454691
15,10,14.363905103054623
15,11,11.301195363719575
15,12,7.772445858890204
15,13,5.346914890306336
15,14,3.796394324439874
15,16,3.7957520742865034
15,17,6.0173792388654155
15,18,8.870050617701512
15,19,10.24390603463487
15,20,13.45666377248851
15,21,16.26191108539269
15,22,18.752813436004274
15,23,22.47337430827163
15,24,24.994146255886072
15,25,28.757000247105243
15,26,30.770768544350272
15,27,34.21124554796265
15,28,34.07662517447029
15,29,37.30672922894916
15,30,36.6696431638701
15,31,37.550322474167665
15,32,36.487625665761776
15,33,33.59833272429614
15,34,36.346871940116216
15,35,37.002458600276164
15,36,33.50074295972338
15,37,32.308407987786936
15,38,28.734714221513936
15,39,27.670107974059533
15,40,24.410754450631714
15,41,25.10538681079977
15,42,23.249370442441325
15,43,25.485904558742945
15,44,28.534599645154874
15,45,27.478416997293213
15,46,27.248115920197264
15,47,23.800651466166727
15,48,24.24230622771071
15,49,27.493289952254617
15,50,28.743391568589562
15,51,32.489856213246796
15,52,33.65760119430869
15,53,37.22530023769496
15,54,36.31794782919219
15,55,33.28058774540224
15,56,31.096203664111833
15,57,27.741429894022637
15,58,27.804888658978594
15,59,25.078120815254724
15,60,25.491020291930752
15,61,24.23928742907296
15,62,21.479672513642704
15,63,19.997721386618032
15,64,20.638880624038343
15,65,17.823246867401394
15,66,18.6530663381436
15,67,20.30465893405634
15,68,21.347277498699324
15,69,22.545278590883754
15,70,26.313256458821822
15,71,27.212244539336293
15,72,25.831509833326184
15,73,27.772199187140394
15,74,30.967460513203022
15,75,29.12169788687305
15,76,28.194716645485073
15,77,24.542655709081
15,78,23.847898417329105
15,79,20.081672429942095
15,80,18.554193894174656
15,81,15.776742001254645
15,82,14.321879581166568
15,83,11.737595277722383
15,84,9.384687606670404
15,85,12.203995174462667
