1,2,3.8005645179577496
1,3,6.75794293707018
1,4,10.46015962326781
1,5,12.106555929901429
1,6,15.440796635600663
1,7,17.549085703424247
1,8,20.179251526486205
1,9,21.709431110289124
1,10,25.45202658725104
1,11,27.57110344516508
1,12,31.309085736727575
1,13,33.75203633990451
1,14,33.89882778714004
1,15,30.376236116561213
1,16,31.379665544677252
1,17,27.780898739572628
1,18,24.522073118035802
1,19,20.938376935680264
1,20,17.992847332309108
1,21,15.401427593040147
1,22,11.680021074310037
1,23,9.991579508284808
1,24,6.5715695087979995
1,25,7.3865715664439024
1,26,6.391200721760912
1,27,7.090954526785515
1,28,10.093171124438372
1,29,11.730228124177923
1,30,15.501633429699904
1,31,16.73614195809149
1,32,16.231651882850507
1,33,17.02732671537388
1,34,13.528060270316479
1,35,11.774218268974822
1,36,12.318769644508958
1,37,12.147625804708813
1,38,13.87964499093689
1,39,15.234906796439464
1,40,17.442928631317816
1,41,19.953969728261843
1,42,21.5895727878995
1,43,21.344302155239166
1,44,21.80985915517771
1,45,19.55219123173522
1,46,20.647171918941037
1,47,19.15453238288886
1,48,18.005008797835192
1,49,17.481889018138762
1,50,17.56364765254717
1,51,16.919452279433727
1,52,19.130058419981967
1,53,21.979240067253482
1,54,21.148153357561576
1,55,22.585392476978296
1,56,21.83373982342621
1,57,23.249283774845207
1,58,24.062003257295324
1,59,26.45889786206523
1,60,29.898079942139542
1,61,29.155751752188884
1,62,26.213563948670203
1,63,27.753966805829887
1,64,26.833024918554987
1,65,23.033328775824206
1,66,21.478665974614856
1,67,18.738992224969998
1,68,19.58639598815823
1,69,18.17366003910985
1,70,19.56594649832135
1,71,16.908315605313575
1,72,13.772738928508476
1,73,13.352914006394295
1,74,13.60498915502893
1,75,10.324376647691295
1,76,12.376200780427858
1,77,12.7635302713288
1,78,15.376274747478895
1,79,18.070416724433247
1,80,21.65784801858681
1,81,24.185693227518843
1,82,27.75747355346801
1,83,29.986672138482277
1,84,31.46843451587127
1,85,28.488784657373273
1,86,27.40558839359657
1,87,30.57135882649671
1,88,30.375291975208118
1,89,26.844677500378413
1,90,25.594654793285628
1,91,23.25312256121079
1,92,19.758836306424936
1,93,17.404973433043743
1,94,13.842257844498695
1,95,11.237856347055232
1,96,9.410658232427672
1,97,7.76435551256995
1,98,7.98191946220254
1,99,8.297135205599343
1,100,11.034320906488956
1,101,10.459917731089739
1,102,6.78688071971893
1,103,5.5571383673716355
1,104,4.259840129929372
1,105,7.242172816201843
1,106,9.596096959233854
1,107,13.399660630566157
1,108,16.141609572104294
1,109,19.923309301231026
1,110,22.379523611445887
2,1,3.8005645179577496
2,3,3.7845427944988286
2,4,7.186227460914141
2,5,8.980985393118681
2,6,12.595055864701752
2,7,14.828316800492697
2,8,17.744315158563335
2,9,19.490008363202882
2,10,23.27186361290285
2,11,25.767439056327575
2,12,29.555420882153406
2,13,32.2709092421038
2,14,32.29455890124125
2,15,28.92876610660916
2,16,30.334924526697584
2,17,26.925664994633465
2,18,23.509842975511035
2,19,19.894587672898705
2,20,16.888127299148483
2,21,13.957537995016402
2,22,10.593148924588041
2,23,8.673755266089808
2,24,5.6841144147850216
2,25,5.5651273230702065
2,26,6.394987286092661
2,27,8.49173603998769
2,28,11.809246059548194
2,29,13.979475473338676
2,30,17.581864352857227
2,31,19.009402377760797
2,32,18.5933521953936
2,33,19.944388924568972
2,34,16.647995299387723
2,35,14.589447243143926
2,36,15.115496830809398
2,37,14.19822271693457
2,38,15.633600662425161
2,39,16.146855368633542
2,40,18.18302503231214
2,41,20.123140325408073
2,42,21.692032200031985
2,43,22.09716201816697
2,44,22.909328307917114
2,45,20.978495714386042
2,46,21.659757728754855
2,47,20.501000498535504
2,48,19.98600833806993
2,49,19.656304831051308
2,50,20.307370971708828
2,51,19.659134340233084
2,52,22.230809701950616
2,53,24.859048655198258
2,54,23.591753470754618
2,55,24.93194120753558
2,56,23.73985103903675
2,57,25.11784593394317
2,58,25.459014651081933
2,59,27.749216492014977
2,60,30.98827605788625
2,61,29.819106302790097
2,62,26.82835947147199
2,63,28.572782895748894
2,64,27.231044094169953
2,65,23.499739331399205
2,66,22.12649477886001
2,67,19.358356013175282
2,68,20.228008858548947
2,69,19.39967179870478
2,70,20.5452301758915
2,71,17.39848124228007
2,72,14.770243167320018
2,73,14.506800934341356
2,74,13.730709231200334
2,75,10.397428546268557
2,76,12.117876019879569
2,77,13.084659583543276
2,78,14.973995523835603
2,79,17.944504962875815
2,80,21.41411665474155
2,81,23.984974238548006
2,82,27.325816055731927
2,83,29.25222445989202
2,84,31.125691944814957
2,85,28.311379123143183
2,86,26.744383196475958
2,87,29.754285165699105
2,88,29.958201213640656
2,89,26.38294909236008
2,90,24.64853656277708
2,91,22.281052475008515
2,92,18.9093796028238
2,93,16.8976240744191
2,94,13.66127109462621
2,95,11.498613233250065
2,96,10.85369548349077
2,97,9.948733291704745
2,98,11.221489773948456
2,99,11.716768034553958
2,100,14.71855010429175
2,101,14.242575605928812
2,102,10.535942665100652
2,103,8.98532738313595
2,104,6.366141559078368
2,105,7.768637679349558
2,106,8.555670278783488
2,107,12.139293330450666
2,108,14.443447642767266
2,109,18.22533554723149
2,110,20.867781563639188
3,1,6.75794293707018
3,2,3.7845427944988286
3,4,3.7909029149472304
3,5,5.6944715340224485
3,6,9.094481711497885
3,7,11.758149591801542
3,8,14.415358921593253
3,9,15.911396128108318
3,10,19.672208387624757
3,11,22.22156280070939
3,12,25.999486386192892
3,13,28.757634327415115
3,14,28.665799153284475
3,15,25.352492379637134
3,16,26.911454016081066
3,17,23.619867905115463
3,18,20.16786852868133
3,19,16.55799320565051
3,20,13.630088033687272
3,21,10.508473633813356
3,22,7.515573570701543
3,23,5.791847598737375
3,24,4.370170299136777
3,25,5.196231196091646
3,26,7.906743077259237
3,27,9.554116543040546
3,28,13.216998514043171
3,29,15.024760025942541
3,30,18.397218591274726
3,31,19.45112135266818
3,32,18.714744769240802
3,33,20.671627581003214
3,34,17.813922367260442
3,35,15.1855676240234
3,36,15.486099098335094
3,37,13.760906893927322
3,38,14.979119269151605
3,39,14.740867774388681
3,40,16.852586101022048
3,41,18.410415626051396
3,42,20.280878684329664
3,43,21.219752657928364
3,44,21.95398855888008
3,45,20.116088778713625
3,46,20.183145847878105
3,47,19.172797005747373
3,48,19.27602369581469
3,49,19.072623695953936
3,50,20.39889428650954
3,51,19.849694337463877
3,52,22.87727719328617
3,53,25.072582783655246
3,54,23.273037175526333
3,55,24.405160665180283
3,56,22.737702600955956
3,57,24.107092575852715
3,58,24.02195867490538
3,59,26.297205233473615
3,60,29.274352255352486
3,61,27.817607196889043
3,62,24.723948563854872
3,63,26.507122656902432
3,64,24.794669365512085
3,65,21.185069787452484
3,66,19.945808416048497
3,67,17.247019573993967
3,68,18.23865689868355
3,69,18.067710454344443
3,70,19.21991394328165
3,71,15.838745412751216
3,72,13.624508185530347
3,73,14.027151431426992
3,74,12.579210194324059
3,75,9.144105997752954
3,76,9.895083500356915
3,77,11.02870997106602
3,78,12.17444060741178
3,79,15.265530811551892
3,80,18.551751334112975
3,81,21.152482288944494
3,82,24.30615036455914
3,83,26.092392346716803
3,84,28.223475247550105
3,85,25.620428124642718
3,86,23.785612753568547
3,87,26.77350547998811
3,88,27.313698636337477
3,89,23.830585341321964
3,90,21.910702234104793
3,91,19.831723056804808
3,92,16.772319404735942
3,93,14.701362599873995
3,94,11.993391692462172
3,95,9.939123043853611
3,96,10.577358155685683
3,97,10.124166870249487
3,98,12.468411041943547
3,99,13.378846180546287
3,100,16.838835239273365
3,101,16.954820816901304
3,102,13.40582336526138
3,103,11.287538413579012
3,104,8.12914216131147
3,105,7.841879504306732
3,106,7.150469707267841
3,107,10.193305537561484
3,108,11.693168363895898
3,109,15.408526212018538
3,110,17.81216364024878
4,1,10.46015962326781
4,2,7.186227460914141
4,3,3.7909029149472304
4,5,3.786805481417304
4,6,6.76828193026856
4,7,9.993388011874284
4,8,12.529557166513012
4,9,13.848420321796713
4,10,17.489710967858485
4,11,20.357182213668178
4,12,24.079354569652494
4,13,27.014049538693772
4,14,26.637720065129354
4,15,23.521961616107987
4,16,25.430602466909015
4,17,22.44668023889284
4,18,19.019946655392012
4,19,15.500683212299567
4,20,12.923569474712242
4,21,9.515617640934867
4,22,7.745654053097941
4,23,6.08430189746026
4,24,6.527998203581461
4,25,6.472108655696728
4,26,10.088335504546352
4,27,11.987369407061205
4,28,15.456863461698802
4,29,17.382045931833616
4,30,20.398155636555842
4,31,21.491572312206642
4,32,20.857211646221494
4,33,23.257561528942023
4,34,20.697846781252913
4,35,17.971816825398545
4,36,18.37685491562854
4,37,16.289350347460616
4,38,17.382863710998162
4,39,16.51819090447703
4,40,18.532579170982515
4,41,19.537041239800747
4,42,21.4835174356065
4,43,22.990305716160467
4,44,23.79094664167564
4,45,22.16131985230489
4,46,21.688087380573453
4,47,20.861536643350597
4,48,21.478570547375252
4,49,21.278335976785907
4,50,23.016872898903664
4,51,22.365343744954142
4,52,25.625632399541033
4,53,27.573468003084738
4,54,25.387350389572955
4,55,26.481746235602216
4,56,24.509595263154097
4,57,25.93336201880665
4,58,25.481038058352162
4,59,27.70877216938341
4,60,30.365862680600713
4,61,28.59223952266039
4,62,25.44442124946367
4,63,27.22706434059234
4,64,25.058497141098943
4,65,21.695551194090935
4,66,20.55983812345024
4,67,17.903811207174808
4,68,18.72566439658451
4,69,19.156809504741158
4,70,19.940184578544272
4,71,16.29979995290253
4,72,14.870586278891013
4,73,15.415528117629334
4,74,13.11340017741344
4,75,10.2374570425949
4,76,10.348666572166943
4,77,12.070161056183641
4,78,12.249545568864104
4,79,15.459131196797765
4,80,18.280666410409207
4,81,20.929701592695906
4,82,23.707126377970063
4,83,25.208335915550443
4,84,27.759365385177695
4,85,25.514119819823417
4,86,23.251414982939657
4,87,26.07651972554848
4,88,27.13096754267264
4,89,23.79924610913285
4,90,21.510459867516484
4,91,19.73434212045259
4,92,17.144044918373687
4,93,15.373168676095322
4,94,13.44466077008709
4,95,11.860717854202644
4,96,13.432266865773396
4,97,13.226728298131698
4,98,15.895669321422947
4,99,16.7084743198927
4,100,20.294264878984787
4,101,20.640387740439554
4,102,17.137700036025326
4,103,15.053432604025678
4,104,11.818455671702264
4,105,10.910594965795054
4,106,9.081570051939229
4,107,11.053170051888186
4,108,11.375871757396157
4,109,14.7086902754915
4,110,16.899441157600776
5,1,12.106555929901429
5,2,8.980985393118681
5,3,5.6944715340224485
5,4,3.786805481417304
5,6,3.801843439474331
5,7,6.370935701026141
5,8,9.300295730117162
5,9,11.316579863333388
5,10,15.026007236059112
5,11,18.046266082101738
5,12,21.81436650919392
5,13,24.95584893143795
5,14,25.000736670993582
5,15,22.074217066903266
5,16,24.27491502021727
5,17,21.400185121065096
5,18,17.757419382677725
5,19,14.596688318671472
5,20,11.567592100956004
5,21,8.92299428307921
5,22,7.863621948802834
5,23,8.035599895140443
5,24,9.133621932850874
5,25,9.94867591438194
5,26,13.305993509147706
5,27,14.92772705504809
5,28,18.592755507383206
5,29,20.192705456653943
5,30,23.352654760782638
5,31,24.05964183422331
5,32,22.939639963784806
5,33,25.24234841225131
5,34,22.736582749603198
5,35,19.679030340097285
5,36,19.36877787436456
5,37,16.773897644509468
5,38,17.030284149207016
5,39,15.481298913177987
5,40,16.81524511890646
5,41,17.19429463201192
5,42,18.775377663488417
5,43,20.683003563101757
5,44,21.884070265984892
5,45,20.794446139073084
5,46,20.30718165976023
5,47,20.13900554020374
5,48,21.265453375505103
5,49,21.721285340558367
5,50,23.789535247461146
5,51,23.720793465312852
5,52,27.041271648740796
5,53,28.714630522139505
5,54,26.505579332992042
5,55,27.081571724219113
5,56,24.737066743819906
5,57,25.637944769625282
5,58,24.7021212855345
5,59,26.47840123992467
5,60,29.020678827216784
5,61,26.896806891142823
5,62,24.042294719832153
5,63,26.253324036941514
5,64,24.15555478632862
5,65,20.89796995316368
5,66,20.4272377514757
5,67,18.34930543087746
5,68,19.838996137302548
5,69,20.70333089552032
5,70,21.991394803755156
5,71,18.542586363644897
5,72,16.93813484732859
5,73,18.117086106002876
5,74,16.07216645875223
5,75,12.944429343085538
5,76,12.205001662417217
5,77,12.975256667149507
5,78,12.375590843240587
5,79,14.917931074845606
5,80,17.764196986612273
5,81,19.8446977656479
5,82,22.398131895432414
5,83,23.446740414378855
5,84,25.97614415744267
5,85,23.60875951078464
5,86,21.093828606177773
5,87,23.600598794805155
5,88,24.627856742150495
5,89,21.20066671785151
5,90,18.601458461032248
5,91,16.578817268602517
5,92,14.045455677197792
5,93,12.86586453066906
5,94,11.364835457119803
5,95,10.83653122108523
5,96,13.005510832351353
5,97,13.869417668789142
5,98,16.947267899250505
5,99,18.502768577825375
5,100,22.033084546310853
5,101,22.113705125497233
5,102,18.554356636491057
5,103,15.865803423736516
5,104,12.220766300192922
5,105,10.266156633051446
5,106,7.323503288576779
5,107,8.206011491803864
5,108,8.156991800910042
5,109,11.342463335511741
5,110,13.90555128831748
6,1,15.440796635600663
6,2,12.595055864701752
6,3,9.094481711497885
6,4,6.76828193026856
6,5,3.801843439474331
6,7,3.7907033722956727
6,8,5.798166737023474
6,9,7.627356618778484
6,10,11.274006614346252
6,11,14.43005650735872
6,12,18.160103645089514
6,13,21.411002033087193
6,14,21.484996202814862
6,15,18.750334213111934
6,16,21.232923663651707
6,17,18.641380825126237
6,18,15.004636707723911
6,19,12.264063579895355
6,20,9.48972532300539
6,21,7.542347431253991
6,22,8.191557849254776
6,23,9.502642914495746
6,24,11.739049247361045
6,25,12.983737226861034
6,26,16.50336256268861
6,27,17.705895423738962
6,28,21.37212762627264
6,29,22.5984242413713
6,30,25.536314513569003
6,31,25.856810764282283
6,32,24.430933724382985
6,33,27.001682441939558
6,34,24.880372249066273
6,35,21.550282088684412
6,36,20.939955571218157
6,37,17.885408272451254
6,38,17.713815610501626
6,39,15.45799151470149
6,40,16.487448719451834
6,41,16.1974102908131
6,42,17.88234850269406
6,43,20.326631451909837
6,44,21.467460713434477
6,45,20.68400115196708
6,46,19.626174943325335
6,47,19.828223765897036
6,48,21.579674335085027
6,49,22.29646014644506
6,50,24.848742809998146
6,51,25.011303205391275
6,52,28.525636689912588
6,53,29.75781470395468
6,54,27.228469504729112
6,55,27.464781776411034
6,56,24.724340779223283
6,57,25.41441832168053
6,58,23.98315158929351
6,59,25.523214209990712
6,60,27.673362806657103
6,61,25.216715710988048
6,62,22.467119198672233
6,63,24.7702149976503
6,64,22.390355155025862
6,65,19.48414365719314
6,66,19.444591725307863
6,67,17.83014616852056
6,68,19.55845346848262
6,69,21.092434540689887
6,70,22.470237237838656
6,71,19.164200662403754
6,72,17.988223377276217
6,73,19.7251184349112
6,74,17.510271369777364
6,75,14.671399055496977
6,76,12.994744277011446
6,77,13.421813102378312
6,78,11.729228697700455
6,79,13.714313079277975
6,80,16.036895314580956
6,81,17.761736602454906
6,82,19.858766255669778
6,83,20.505828751417887
6,84,23.277562520602885
6,85,21.19356399317767
6,86,18.329700720479803
6,87,20.604392747329626
6,88,22.018543241352823
6,89,18.796778667056465
6,90,15.941872909274824
6,91,14.361403867016685
6,92,12.54770853443096
6,93,11.700263145583802
6,94,11.367495718276405
6,95,11.509141065801272
6,96,14.493690091830615
6,97,15.76881782239861
6,98,19.218510979972503
6,99,21.046361877637167
6,100,24.674687661550468
6,101,25.032247921513008
6,102,21.62661961265807
6,103,18.696175436269268
6,104,15.068728812483561
6,105,12.478436781457068
6,106,9.044940969759292
6,107,8.371731358265857
6,108,6.560254380495192
6,109,8.863921606586796
6,110,10.94411493459393
7,1,17.549085703424247
7,2,14.828316800492697
7,3,11.758149591801542
7,4,9.993388011874284
7,5,6.370935701026141
7,6,3.7907033722956727
7,8,3.8041085203334695
7,9,7.218111117348453
7,10,10.479141293462796
7,11,13.722699131117512
7,12,17.334096074412162
7,13,20.797498752966803
7,14,21.439266761285698
7,15,19.08460847070502
7,16,21.830542163557258
7,17,19.483805151041658
7,18,15.81333793603746
7,19,13.74984325216442
7,20,10.79455489544673
7,21,10.068260214460826
7,22,10.92604687058879
7,23,12.846989816732533
7,24,14.837347228361512
7,25,16.214982587621986
7,26,19.544273004135093
7,27,20.77408163780675
7,28,24.524233254333435
7,29,25.67196202549111
7,30,28.761344589275886
7,31,28.92605659220375
7,32,27.241624840899455
7,33,29.604938393925245
7,34,27.438491243398964
7,35,24.007080153813632
7,36,22.90948224189987
7,37,19.67673518238453
7,38,18.808070912448553
7,39,16.127536858453965
7,40,16.276861169929028
7,41,15.217530478890064
7,42,16.20761547664973
7,43,19.055677801212653
7,44,20.718517679164943
7,45,20.61529467101936
7,46,19.708844684644557
7,47,20.614992003924478
7,48,22.696276416266517
7,49,23.98337570693923
7,50,26.634288591221036
7,51,27.259383393427555
7,52,30.693323722849136
7,53,31.777642394992114
7,54,29.369122712144936
7,55,29.192721500302245
7,56,26.256648457288424
7,57,26.420983739213355
7,58,24.603938020423836
7,59,25.59788214853579
7,60,27.617090394220263
7,61,24.839500164196554
7,62,22.547783894904793
7,63,25.27977418062311
7,64,23.118812658595058
7,65,20.413794878767415
7,66,21.03500643018299
7,67,19.990599659215246
7,68,22.185468453393007
7,69,23.864797663586238
7,70,25.58453582960843
7,71,22.46499300461552
7,72,21.078906810047695
7,73,23.03527770689666
7,74,21.06757602530355
7,75,18.052232172280476
7,76,16.24060231616707
7,77,16.054658197079284
7,78,14.1159916276041
7,79,15.31752546948336
7,80,17.55148136911227
7,81,18.543797783669994
7,82,20.297979597477042
7,83,20.349032824995863
7,84,22.975622771069926
7,85,20.768689132092177
7,86,17.68979169620522
7,87,19.403035606606878
7,88,20.71060364828446
7,89,17.426742000811604
7,90,14.16593681319318
7,91,12.175610639986276
7,92,10.582686971575932
7,93,10.90329630211208
7,94,11.194882511562882
7,95,12.533900798294894
7,96,15.584452512698277
7,97,17.609114570031515
7,98,21.090081664381778
7,99,23.35781764098021
7,100,26.81910607622738
7,101,26.84156207026849
7,102,23.42149208634303
7,103,20.19837669138242
7,104,16.46469001223557
7,105,13.428621950038467
7,106,9.644944518129059
7,107,7.642770290704016
7,108,5.305739262541398
7,109,6.521683981824005
7,110,9.27001228755234
8,1,20.179251526486205
8,2,17.744315158563335
8,3,14.415358921593253
8,4,12.529557166513012
8,5,9.300295730117162
8,6,5.798166737023474
8,7,3.8041085203334695
8,9,3.79733436901535
8,10,6.769384291745701
8,11,9.956288408068545
8,12,13.536890208007346
8,13,17.02271156861493
8,14,17.773036437197078
8,15,15.582129851813912
8,16,18.478624679190716
8,17,16.426605741280106
8,18,12.900587294910334
8,19,11.526352912697186
8,20,9.153379381854363
8,21,9.539242398358782
8,22,11.571102704359479
8,23,14.109193446037374
8,24,16.777118263735495
8,25,18.553225300594363
8,26,21.952308685519696
8,27,22.723996768966042
8,28,26.43926935270704
8,29,27.184391018662694
8,30,30.03337203071024
8,31,29.80596886652022
8,32,27.853279043829115
8,33,30.424339848219585
8,34,28.668271330994635
8,35,25.05432813149052
8,36,23.758444215810187
8,37,20.241223732613157
8,38,19.11729743912612
8,39,15.976306350151486
8,40,15.963635336467197
8,41,14.393633905331873
8,42,15.665331411931493
8,43,18.857284192705738
8,44,20.194500748603996
8,45,20.254152977295227
8,46,18.735946310411343
8,47,19.878062354709318
8,48,22.455480028873946
8,49,23.879833051544253
8,50,26.90934947064536
8,51,27.696442974613007
8,52,31.254864778209885
8,53,31.901715095347512
8,54,29.225242055752364
8,55,28.75378496869085
8,56,25.526529385443755
8,57,25.530537660639236
8,58,23.3137661500161
8,59,24.11343012845502
8,60,25.692712096797994
8,61,22.67955679789042
8,62,20.498174210280812
8,63,23.20498293564908
8,64,20.818463570921153
8,65,18.55682879587009
8,66,19.572602875800715
8,67,19.03414109622676
8,68,21.38527761363609
8,69,23.587496853939804
8,70,25.3857609636533
8,71,22.5334337200169
8,72,21.50383368715437
8,73,23.906345788401534
8,74,21.934406942565783
8,75,19.20462960385817
8,76,16.73441359646208
8,77,16.21414269764515
8,78,13.521732114156343
8,79,14.013629417076043
8,80,15.580978792369013
8,81,16.109843291743704
8,82,17.343515610216176
8,83,17.00447710770198
8,84,19.80749799337028
8,85,17.936746600620488
8,86,14.58613886681125
8,87,16.085883955545956
8,88,17.801754035999178
8,89,14.842999469877505
8,90,11.46323083579192
8,91,10.307808746360509
8,92,9.859751698435623
8,93,10.292103058073824
8,94,11.781012761017864
8,95,13.350675085146174
8,96,16.86701065837543
8,97,18.983035986403394
8,98,22.675251631519824
8,99,25.0742607902956
8,100,28.603583796283463
8,101,28.986457984082588
8,102,25.77972009386975
8,103,22.448590651524288
8,104,18.874194754041795
8,105,15.570732190412956
8,106,11.893844721758432
8,107,9.29909741911667
8,108,5.742734900447188
8,109,5.008324841470094
8,110,6.361092657882922
9,1,21.709431110289124
9,2,19.490008363202882
9,3,15.911396128108318
9,4,13.848420321796713
9,5,11.316579863333388
9,6,7.627356618778484
9,7,7.218111117348453
9,8,3.79733436901535
9,10,3.790094105517779
9,11,6.832235112009499
9,12,10.54255172455629
9,13,13.881154625532865
9,14,14.25681490539125
9,15,11.901519886123895
9,16,14.840864934087582
9,17,12.951963291733666
9,18,9.604635311389346
9,19,8.666750826005604
9,20,7.390719176775609
9,21,8.425357599845485
9,22,11.478519939477554
9,23,14.17211586171252
9,24,17.417642838649225
9,25,19.40809324384452
9,26,22.849829870786824
9,27,23.196800592353817
9,28,26.763022608329056
9,29,27.17158129609153
9,30,29.6737044359734
9,31,29.163008707680476
9,32,27.122501213949246
9,33,29.973435468463844
9,34,28.64519102622568
9,35,24.97249200873281
9,36,23.776930140030338
9,37,20.16285423853586
9,38,19.21336765683652
9,39,15.974040286390549
9,40,16.342125363524982
9,41,14.860211779619354
9,42,16.775636340893744
9,43,19.910902165879
9,44,20.61778949099603
9,45,20.39948473339765
9,46,18.239613364129035
9,47,19.140264804579655
9,48,21.956269930095754
9,49,23.153034055687527
9,50,26.44792851154157
9,51,27.115504813065872
9,52,30.796621200343118
9,53,31.106616508112392
9,54,28.12348967909287
9,55,27.612307098307316
9,56,24.24603430465877
9,57,24.41862303720176
9,58,22.07083275208999
9,59,23.02793439385119
9,60,24.231832049528794
9,61,21.22891949969421
9,62,18.860112460031655
9,63,21.206506238736825
9,64,18.42021445993176
9,65,16.544233451322526
9,66,17.53915598392404
9,67,17.20803516253471
9,68,19.400946007663173
9,69,22.04793263547511
9,70,23.698582206416706
9,71,21.072159582549087
9,72,20.554229153292887
9,73,23.227222144176462
9,74,21.16969705381593
9,75,18.8970587680208
9,76,15.931025532994342
9,77,15.404332593847299
9,78,12.134840214284685
9,79,12.26516211309602
9,80,13.029440984629938
9,81,13.529006710861509
9,82,14.36974456509333
9,83,14.031462877216745
9,84,17.185701869131112
9,85,15.82929856165155
9,86,12.368679142916706
9,87,14.079530531881261
9,88,16.32580577615808
9,89,13.854594921176162
9,90,10.854902947200145
9,91,10.955853940312645
9,92,11.313867181059017
9,93,11.038733701631513
9,94,13.041112762382832
9,95,14.114173272947248
9,96,17.86623547796575
9,97,19.635866391095586
9,98,23.41631364272705
9,99,25.667144054221335
9,100,29.291842459993127
9,101,30.147800717602703
9,102,27.157081954904907
9,103,23.921693286321023
9,104,20.573173032129215
9,105,17.330873994580344
9,106,13.960750256246518
9,107,11.632854272365686
9,108,7.914405866213435
9,109,6.8841366321285715
9,110,6.016070165275857
10,1,25.45202658725104
10,2,23.27186361290285
10,3,19.672208387624757
10,4,17.489710967858485
10,5,15.026007236059112
10,6,11.274006614346252
10,7,10.479141293462796
10,8,6.769384291745701
10,9,3.790094105517779
10,11,3.79320082699527
10,12,7.101232692554464
10,13,10.691286764444492
10,14,11.170097279941768
10,15,9.540713177603196
10,16,12.945818229509525
10,17,11.969950914804839
10,18,9.37199979994929
10,19,9.884921462160587
10,20,9.814903148454299
10,21,11.520878693259862
10,22,14.889589392595509
10,23,17.616027376128642
10,24,21.011662555669854
10,25,22.99687972244359
10,26,26.46328578163085
10,27,26.692809604011632
10,28,30.17956822268494
10,29,30.425143682197152
10,30,32.73364196952254
10,31,32.02236536852854
10,32,29.87415882106137
10,33,32.82252345413095
10,34,31.767497850241636
10,35,28.05991900956968
10,36,26.763112402733103
10,37,23.07564624927653
10,38,21.935520543524497
10,39,18.507070585234676
10,40,18.57422952241658
10,41,16.62694857087651
10,42,18.389458083914864
10,43,21.72941185822888
10,44,22.309504506661956
10,45,22.39814932646203
10,46,19.87731948108104
10,47,21.048982024969398
10,48,24.183102195220673
10,49,25.494748394470026
10,50,28.981318843799464
10,51,29.76612597956955
10,52,33.45912250129018
10,53,33.4361871130402
10,54,30.304650341919213
10,55,29.545486227116573
10,56,26.010401117271844
10,57,25.984084288488724
10,58,23.28931953535688
10,59,23.91332679648263
10,60,24.545256515200737
10,61,21.309573670663966
10,62,19.29528285959963
10,63,21.540808444635662
10,64,18.597212825978918
10,65,17.45964214613679
10,66,18.867170824406468
10,67,19.075249682855812
10,68,21.239411913207263
10,69,24.25441992623853
10,70,25.841114506379395
10,71,23.485291654727405
10,72,23.32395534074922
10,73,26.162049284341006
10,74,24.073150094810686
10,75,22.101384112435767
10,76,18.917371981178338
10,77,18.289781507922648
10,78,14.730943456671652
10,79,14.225166172852754
10,80,14.06250187461902
10,81,13.857071801974348
10,82,13.659551151336508
10,83,12.452926374876563
10,84,15.848546892234092
10,85,15.209983611869234
10,86,11.48648235584285
10,87,12.414079957570921
10,88,15.306994328895295
10,89,13.592049819174143
10,90,10.670428061644966
10,91,11.799345803602337
10,92,13.256035201305597
10,93,13.438579950124964
10,94,16.03940412364602
10,95,17.3463886884425
10,96,21.148265819664786
10,97,22.98769913417943
10,98,26.78358350708773
10,99,29.07887093256075
10,100,32.68407322046203
10,101,33.66719287092519
10,102,30.776237016500563
10,103,27.506036098334917
10,104,24.22594886759651
10,105,20.90130102223884
10,106,17.570320463113887
10,107,14.969562434769715
10,108,11.168381907492703
10,109,9.125740146780755
10,110,6.990114176425898
11,1,27.57110344516508
11,2,25.767439056327575
11,3,22.22156280070939
11,4,20.357182213668178
11,5,18.046266082101738
11,6,14.43005650735872
11,7,13.722699131117512
11,8,9.956288408068545
11,9,6.832235112009499
11,10,3.79320082699527
11,12,3.806411573989104
11,13,7.093481359461709
11,14,8.131146834731073
11,15,6.637823387894781
11,16,9.90523391081042
11,17,9.43067861769873
11,18,7.627549625858531
11,19,9.576376928721105
11,20,10.444701857253005
11,21,13.02998348320023
11,22,16.533061203652963
11,23,19.55016877118781
11,24,23.075244349296412
11,25,25.41440939954094
11,26,28.70467023622284
11,27,28.490861317594128
11,28,31.877019391194573
11,29,31.695585831471682
11,30,33.79728017248542
11,31,32.6768306188441
11,32,30.259765674627477
11,33,33.19800113062821
11,34,32.53072488999507
11,35,28.78051909475716
11,36,27.255618595265453
11,37,23.518435591983277
11,38,22.149647648415772
11,39,18.619743528372315
11,40,18.523228529842743
11,41,16.40747138218848
11,42,18.345225967680232
11,43,21.5838779844115
11,44,21.716896964583903
11,45,21.90464174118023
11,46,18.980601288447588
11,47,20.30458714316998
11,48,23.707985792872588
11,49,25.146225153290356
11,50,28.809643188459983
11,51,29.81209151057396
11,52,33.45065058370643
11,53,32.994857145986586
11,54,29.775187276920455
11,55,28.674847085433864
11,56,25.003821696553803
11,57,24.738807620599403
11,58,21.763855148119966
11,59,22.122111781201973
11,60,22.235689039852463
11,61,18.935079263883974
11,62,17.185781052292512
11,63,19.248075380948286
11,64,16.27965319104144
11,65,15.842328301915872
11,66,17.696049833741863
11,67,18.584864788525035
11,68,20.88716289208426
11,69,24.176041973188862
11,70,25.929046426873715
11,71,24.058379750237247
11,72,24.04021228274866
11,73,27.19327751409398
11,74,25.40460761316984
11,75,23.630107221994265
11,76,20.14016282422683
11,77,19.05344676748423
11,78,15.313986878658932
11,79,13.942391442230317
11,80,12.961076992329303
11,81,11.925210303680245
11,82,10.863819508996817
11,83,9.041793536487164
11,84,12.49566169030355
11,85,12.42423175212992
11,86,8.7395493761111
11,87,9.325836713191624
11,88,12.631973700273948
11,89,11.701035335140093
11,90,9.513665423704015
11,91,11.799975148226212
11,92,14.011937871801003
11,93,14.048034993687239
11,94,17.131511127440028
11,95,18.469120289407517
11,96,22.25702089580539
11,97,24.12889687706272
11,98,27.89521435437286
11,99,30.303069062830623
11,100,33.8061044993816
11,101,35.02642360955373
11,102,32.41102829458767
11,103,29.103085085634735
11,104,26.076488383837965
11,105,22.67683771902582
11,106,19.642728723021836
11,107,16.94341192140738
11,108,13.260739018259207
11,109,10.881305746268659
11,110,7.6403991491346
12,1,31.309085736727575
12,2,29.555420882153406
12,3,25.999486386192892
12,4,24.079354569652494
12,5,21.81436650919392
12,6,18.160103645089514
12,7,17.334096074412162
12,8,13.536890208007346
12,9,10.54255172455629
12,10,7.101232692554464
12,11,3.806411573989104
12,13,3.8032834021305395
12,14,5.5245648310963285
12,15,5.893078414965614
12,16,9.049114691107482
12,17,10.011682569991965
12,18,9.609639960950421
12,19,12.406392834670093
12,20,13.866111285729051
12,21,16.58060669341681
12,22,20.145873077231144
12,23,23.135611137394772
12,24,26.72493868576768
12,25,29.0683006617603
12,26,32.351131421987624
12,27,32.02661519359214
12,28,35.32836888111299
12,29,34.995584409878724
12,30,36.91731728193896
12,31,35.61936365826942
12,32,33.12943882788353
12,33,36.10433064925273
12,34,35.6880326151942
12,35,31.953308368537876
12,36,30.368028874390625
12,37,26.646889515556165
12,38,25.17817914619872
12,39,21.633941443904774
12,40,21.351194937758912
12,41,19.03074556297837
12,42,20.796743636969122
12,43,24.02409343116856
12,44,23.989384641035848
12,45,24.39062248550441
12,46,21.26733851502358
12,47,22.731015079536782
12,48,26.27352020643328
12,49,27.757021313738257
12,50,31.502202837497162
12,51,32.58832245957728
12,52,36.17802308240315
12,53,35.42071051946117
12,54,32.12682567992631
12,55,30.819632575157204
12,56,27.097312413300436
12,57,26.663292114101818
12,58,23.484692458211622
12,59,23.521878373272056
12,60,23.028128977598886
12,61,19.67693352066077
12,62,18.402240426213545
12,63,20.18924073654529
12,64,17.256985182682048
12,65,17.626188822413003
12,66,19.73058982950902
12,67,21.04719116351337
12,68,23.23353716014281
12,69,26.716255280943567
12,70,28.39014262196627
12,71,26.810930304737763
12,72,27.057153822668063
12,73,30.29496184168313
12,74,28.535320084455474
12,75,26.999181589225277
12,76,23.41536276188811
12,77,22.276763745611674
12,78,18.493266311280962
12,79,16.777932426061533
12,80,15.150777617088531
12,81,13.55495541591543
12,82,11.436531540593329
12,83,8.672432581293682
12,84,11.968495232979402
12,85,12.926904960264023
12,86,9.600784109551098
12,87,9.001784995165535
12,88,12.753842963913437
12,89,12.932005546538258
12,90,11.35283789786391
12,91,14.241898151923403
12,92,16.9908813714641
12,93,17.251883789443248
12,94,20.547076691691565
12,95,21.962617291477123
12,96,25.709744638306002
12,97,27.586244208324803
12,98,31.317204205478927
12,99,33.73399657295043
12,100,37.19081013637309
12,101,38.5241976538203
12,102,36.0169606203245
12,103,32.70594046029483
12,104,29.759952726598655
12,105,26.33623116033289
12,106,23.362174043331258
12,107,20.566506026899603
12,108,16.91523232661508
12,109,14.253932843401817
12,110,10.839306032077669
13,1,33.75203633990451
13,2,32.2709092421038
13,3,28.757634327415115
13,4,27.014049538693772
13,5,24.95584893143795
13,6,21.411002033087193
13,7,20.797498752966803
13,8,17.02271156861493
13,9,13.881154625532865
13,10,10.691286764444492
13,11,7.093481359461709
13,12,3.8032834021305395
13,14,3.8202733594647778
13,15,5.460529276535183
13,16,7.274147348954413
13,17,9.35888379228499
13,18,10.341689019463894
13,19,13.799839989722964
13,20,15.869718299400734
13,21,18.83591502108974
13,22,22.38749185344625
13,23,25.416539483206787
13,24,29.06228510938711
13,25,31.58966963814309
13,26,34.72050868753158
13,27,34.055526717014274
13,28,37.19979750565285
13,29,36.53093591037618
13,30,38.19550883344047
13,31,36.58485525676859
13,32,33.958586843417706
13,33,36.92465385776693
13,34,36.88490185659498
13,35,33.20321332392107
13,36,31.550171435008803
13,37,27.910769302947234
13,38,26.415816405433766
13,39,22.984037603991062
13,40,22.727001939637322
13,41,20.513232073838218
13,42,22.433413010991643
13,43,25.392151586449657
13,44,24.898362806157053
13,45,25.251160928474537
13,46,21.866776518591223
13,47,23.25825722075996
13,48,26.854928583055617
13,49,28.287448844732257
13,50,32.08648647515619
13,51,33.248786721980224
13,52,36.73729972715023
13,53,35.599615093273464
13,54,32.24729334701433
13,55,30.725212650686213
13,56,27.012515055440304
13,57,26.47565264672002
13,58,23.20911136600414
13,59,23.082375404988817
13,60,22.011130257905293
13,61,18.840072201966777
13,62,17.870124614861517
13,63,19.164511289248658
13,64,16.301623863878234
13,65,17.484711954768077
13,66,19.743497101087822
13,67,21.538972373332584
13,68,23.61732119361204
13,69,27.239859938912293
13,70,28.9111907356139
13,71,27.79542827458445
13,72,28.25576544098289
13,73,31.643140232762953
13,74,30.109932593628894
13,75,28.842639554412493
13,76,25.122577830690005
13,77,23.774280033933145
13,78,20.024328191029298
13,79,17.85181827905294
13,80,15.564234102099004
13,81,13.464757384009713
13,82,10.478593288883198
13,83,7.269256738335395
13,84,10.143308659287213
13,85,12.160912973606226
13,86,9.663486149932536
13,87,8.647657988957295
13,88,12.386427901844952
13,89,13.58305154759324
13,90,13.028907544432714
13,91,16.41748485365112
13,92,19.36716797266405
13,93,19.366438607775606
13,94,22.756843816922146
13,95,24.008580163034615
13,96,27.642453148332567
13,97,29.39394553912385
13,98,33.02208297343576
13,99,35.41245188910943
13,100,38.76218671926764
13,101,40.33539623578231
13,102,38.0804567789319
13,103,34.82690187299299
13,104,32.123138604236814
13,105,28.74992315227326
13,106,26.048820395500535
13,107,23.347626745608512
13,108,19.856374002596308
13,109,17.274055220304735
13,110,13.61790167626757
14,1,33.89882778714004
14,2,32.29455890124125
14,3,28.665799153284475
14,4,26.637720065129354
14,5,25.000736670993582
14,6,21.484996202814862
14,7,21.439266761285698
14,8,17.773036437197078
14,9,14.25681490539125
14,10,11.170097279941768
14,11,8.131146834731073
14,12,5.5245648310963285
14,13,3.8202733594647778
14,15,3.8144726084268936
14,16,5.899177519590344
14,17,8.718618051193648
14,18,10.235558068998008
14,19,13.452313894953619
14,20,16.120309705800945
14,21,18.573818307536254
14,22,22.287336515245773
14,23,24.915893786135033
14,24,28.682976157287218
14,25,30.967612935304096
14,26,34.15662466833652
14,27,33.50934730328398
14,28,36.47360650522893
14,29,35.869244778984815
14,30,37.274837512792594
14,31,35.78170628379419
14,32,33.41788394334796
14,33,36.621933211648646
14,34,36.69583590452488
14,35,33.127570431657354
14,36,31.880803143490386
14,37,28.363541548173348
14,38,27.35818024975474
14,39,24.145221833545364
14,40,24.450817479910643
14,41,22.66282107363852
14,42,24.946375869563123
14,43,27.81774061484285
14,44,27.164152254951116
14,45,27.05638230327684
14,46,23.563319790665517
14,47,24.41034878224101
14,48,27.79983456038624
14,49,28.74967439622864
14,50,32.51569193764446
14,51,33.26007645075617
14,52,36.83050860990683
14,53,35.761452839343534
14,54,32.22142294607144
14,55,31.067728316210435
14,56,27.486980468565566
14,57,27.46189181167984
14,58,24.502711115940357
14,59,24.905628058771573
14,60,23.949417303224422
14,61,21.086365995810464
14,62,19.600698992157348
14,63,20.39775907204247
14,64,17.111108969897046
14,65,18.228675101532463
14,66,19.846845593055097
14,67,21.22279503977141
14,68,22.74317389398254
14,69,26.466210150563718
14,70,27.666024474306308
14,71,26.522650289075138
14,72,27.46940869249972
14,73,30.677836611369592
14,74,28.881828505082055
14,75,28.036839943508056
14,76,24.365791350308456
14,77,23.50054032819731
14,78,19.74938682104652
14,79,18.024371031418763
14,80,15.409167421770613
14,81,14.05472738094685
14,82,11.215348098724354
14,83,8.96996248234029
14,84,12.222743649608399
14,85,14.416891720030806
14,86,12.050710568735203
14,87,11.929613716188065
14,88,15.595877813755433
14,89,16.483131793472406
14,90,15.797029146223199
14,91,18.948274470670516
14,92,21.483387469632262
14,93,21.037617677620236
14,94,24.108634222260026
14,95,24.856707268089455
14,96,28.510958208409683
14,97,29.834080897228958
14,98,33.43447867497568
14,99,35.48204547462687
14,100,38.94050794142694
14,101,40.7345726614446
14,102,38.45947275127936
14,103,35.40883891712613
14,104,32.719733353394524
14,105,29.563899937337375
14,106,26.885744923734855
14,107,24.55030212435741
14,108,21.00489717821945
14,109,18.891754828540197
14,110,15.428563566363364
15,1,30.376236116561213
15,2,28.92876610660916
15,3,25.352492379637134
15,4,23.521961616107987
15,5,22.074217066903266
15,6,18.750334213111934
15,7,19.08460847070502
15,8,15.582129851813912
15,9,11.901519886123895
15,10,9.540713177603196
15,11,6.637823387894781
15,12,5.893078414965614
15,13,5.460529276535183
15,14,3.8144726084268936
15,16,3.8066277201233563
15,17,5.300710035294109
15,18,6.521460749838059
15,19,9.707833755227487
15,20,12.593912072310975
15,21,15.060164195843878
15,22,18.724811810797313
15,23,21.370128957675306
15,24,25.130416705110008
15,25,27.544396124104825
15,26,30.622983802628067
15,27,29.833595813284962
15,28,32.77455235037067
15,29,32.09637288702655
15,30,33.52460721769069
15,31,32.01415919539708
15,32,29.633239800234918
15,33,32.83495908346696
15,34,32.88315505448098
15,35,29.321133676537325
15,36,28.12914871808817
15,37,24.645103760688936
15,38,23.79712087094957
15,39,20.70505360837396
15,40,21.33156207008282
15,41,19.91236682691896
15,42,22.544807061405635
15,43,25.228337681410615
15,44,24.418178667259703
15,45,23.966004580204874
15,46,20.466963878034715
15,47,21.022303708910776
15,48,24.299248337368038
15,49,25.106861179060676
15,50,28.851181911435074
15,51,29.5131817815621
15,52,33.11365670349747
15,53,32.153997833330834
15,54,28.607627303434484
15,55,27.585994585915
15,56,24.030837237337874
15,57,24.20883613237088
15,58,21.4297662666012
15,59,22.20314577005076
15,60,21.64872053659204
15,61,18.92831698613713
15,62,16.924349666262675
15,63,17.713602777174987
15,64,14.218828098815411
15,65,14.895499441312532
15,66,16.27353180337612
15,67,17.470322585334827
15,68,19.041371152127105
15,69,22.73577650853118
15,70,24.029736960701698
15,71,22.845788257958542
15,72,23.686444620470528
15,73,26.93834344332145
15,74,25.25008328292226
15,75,24.35797524767583
15,76,20.64934235940945
15,77,19.712882210905764
15,78,15.980108136854279
15,79,14.283293090822879
15,80,11.67803303027251
15,81,10.674806281510781
15,82,8.363725044496583
15,83,7.076273165138567
15,84,10.766240380557507
15,85,12.339465581703527
15,86,9.929589065457979
15,87,10.977856709703602
15,88,14.37498299176368
15,89,14.647878511740949
15,90,14.017846357708
15,91,16.956971200672275
15,92,19.054321392064118
15,93,18.1082413400606
15,94,20.956499724540198
15,95,21.399911010376833
15,96,25.001372949957037
15,97,26.163762168792648
15,98,29.72859052848259
15,99,31.71635319671487
15,100,35.16949220096848
15,101,37.027747506821925
15,102,34.81116686313489
15,103,31.83024807298783
15,104,29.245892770683554
15,105,26.197823480684896
15,106,23.70155188534681
15,107,21.626046840239457
15,108,18.24141029837967
15,109,16.58477445029818
15,110,13.201169685381354
16,1,31.379665544677252
16,2,30.334924526697584
16,3,26.911454016081066
16,4,25.430602466909015
16,5,24.27491502021727
16,6,21.232923663651707
16,7,21.830542163557258
16,8,18.478624679190716
16,9,14.840864934087582
16,10,12.945818229509525
16,11,9.90523391081042
16,12,9.049114691107482
16,13,7.274147348954413
16,14,5.899177519590344
16,15,3.8066277201233563
16,17,3.8185525464050634
16,18,7.040449463656682
16,19,10.469025989913208
16,20,13.791674447299858
16,21,16.40793429116688
16,22,19.82084144785238
16,23,22.44587312198794
16,24,26.14172995635234
16,25,28.782265449827467
16,26,31.570874762178402
16,27,30.338639939027352
16,28,33.04340475935259
16,29,31.944838031296477
16,30,33.068000865868534
16,31,31.19399147793638
16,32,28.672172755447324
