1,2,3.823223486449536
1,3,6.909551566110645
1,4,10.599338721506303
1,5,12.09603655916195
1,6,15.39694810140966
1,7,17.43787505003551
1,8,20.072495636080898
1,9,21.613847126566352
1,10,25.34104562669731
1,11,27.481662808195768
1,12,31.240298996107775
1,13,33.83821477244186
1,14,34.15252681994068
1,15,30.626255889807084
1,16,31.549692758272926
1,17,27.879956233214106
1,18,24.820724261233273
1,19,21.16889531938382
1,20,18.23718662125208
1,21,15.60010092166538
1,22,11.878542195793703
1,23,10.148497861265243
1,24,6.8423360320181725
1,25,7.5243228256347505
1,26,6.179479128171806
1,27,6.749775730995229
1,28,9.696611098300648
1,29,11.668225293591806
1,30,15.220360682372117
1,31,16.641021247736965
1,32,16.2464292370447
1,33,17.257467611433643
1,34,13.822964659756085
1,35,12.0221572428619
1,36,12.634941858353752
1,37,12.51402301647027
1,38,14.130013846995498
1,39,15.537121439912243
1,40,17.705424981941796
1,41,20.20982799681678
1,42,22.112094328751578
1,43,21.70822416495463
1,44,21.199118402009812
1,45,19.511706907271098
1,46,21.073716688246748
1,47,19.362103719962537
1,48,17.778074863494233
1,49,17.620616489496353
1,50,17.886506959742924
1,51,17.162103318621266
1,52,19.346598048149247
1,53,22.234667507963756
1,54,21.521666422062204
1,55,22.894740497241653
1,56,22.351530382950607
1,57,23.47691756266314
1,58,24.701252240312925
1,59,26.95400601242645
1,60,30.419350719314053
1,61,29.6813814384594
1,62,26.65850514069292
1,63,28.260428358435142
1,64,27.33636414072743
1,65,23.5436379825691
1,66,21.74389639914736
1,67,18.851066721468673
1,68,19.462376657044913
1,69,18.299122553603393
1,70,19.814895611155613
1,71,16.816692713989926
1,72,14.081509344125978
1,73,13.406117859154076
1,74,13.62756798433975
1,75,10.474972064047575
1,76,12.781319101250372
1,77,13.171509962511974
1,78,15.617646857848513
1,79,18.406171820621505
1,80,21.966076965402145
1,81,24.959029793724376
1,82,28.318010204578734
1,83,30.12003257290321
1,84,31.773645561718904
1,85,28.864957704235778
1,86,27.44420312365954
1,87,30.55805445238785
1,88,30.86452447272187
1,89,27.344119111544433
1,90,26.122839858942008
1,91,23.775140098005004
1,92,20.260157569291778
1,93,17.921956944177374
1,94,14.410155113792134
1,95,11.66977133663695
1,96,10.013094903188943
1,97,8.213726905142211
1,98,8.351879460095246
1,99,8.708349407847974
1,100,11.314148308194518
1,101,10.602963271667383
1,102,6.857985555131343
1,103,5.746164145658849
1,104,4.595733125447113
1,105,7.5752894844551335
1,106,9.92059194756642
1,107,13.704494703422172
1,108,16.363194128972737
1,109,20.145486126819886
1,110,22.413890849501836
1,111,31.74529690211354
1,112,35.12433190441892
1,113,37.92011884426377
2,1,3.823223486449536
2,3,3.7974426428787327
2,4,7.145399628977839
2,5,8.9017591277321
2,6,12.475946483974287
2,7,14.758591484582134
2,8,17.616992782099985
2,9,19.254286709842948
2,10,23.035861949824618
2,11,25.464334062476635
2,12,29.22705618436888
2,13,32.07115284590099
2,14,32.20585373634397
2,15,28.82874272115856
2,16,30.131102772451896
2,17,26.617911738358963
2,18,23.40284891995594
2,19,19.719123700405333
2,20,16.814421699874103
2,21,13.806973803118456
2,22,10.419443979843221
2,23,8.346561254057384
2,24,5.624828654262903
2,25,5.503278290153393
2,26,6.025193172552409
2,27,8.07609332494113
2,28,11.39708138261253
2,29,13.7492901894803
2,30,16.889132596275765
2,31,18.569232176256584
2,32,18.220152530491916
2,33,19.844680583863184
2,34,16.6789597177354
2,35,14.521579058723278
2,36,15.149694464634159
2,37,14.27078079163161
2,38,15.674830489849922
2,39,16.244406657882248
2,40,18.281642345597028
2,41,20.236848021016744
2,42,22.20326362804535
2,43,22.452490575865447
2,44,22.38376296180644
2,45,20.7886135061061
2,46,21.862530112233028
2,47,20.396538995804423
2,48,19.439128804394993
2,49,19.43312204275744
2,50,20.309547128132518
2,51,19.555978193008393
2,52,22.15075687107353
2,53,24.794548757982803
2,54,23.590546298246032
2,55,24.88754614710307
2,56,23.88347658554842
2,57,25.0288136821145
2,58,25.79285084157503
2,59,27.976162931031112
2,60,31.232343530300437
2,61,30.085069624825493
2,62,26.986144953839467
2,63,28.733880242824707
2,64,27.37385989448157
2,65,23.62594949810381
2,66,21.96161145011266
2,67,18.9837419805893
2,68,19.506581696386455
2,69,18.945817326901643
2,70,20.092350836778493
2,71,16.671171218524165
2,72,14.601841008591347
2,73,14.126287103507975
2,74,13.300801093443251
2,75,10.03567779354634
2,76,12.019820604485176
2,77,13.05963580167068
2,78,14.840080758248854
2,79,17.947386725567732
2,80,21.28014535127384
2,81,24.379805878038063
2,82,27.467746232136165
2,83,29.031764993543728
2,84,31.082551359245326
2,85,28.39992344572039
2,86,26.528490116747303
2,87,29.470619593178593
2,88,30.2028705719955
2,89,26.7199847299007
2,90,25.05023525121301
2,91,22.720011727160127
2,92,19.330450234529145
2,93,17.305971221786606
2,94,14.213471233967505
2,95,11.7524902605378
2,96,11.307365332664483
2,97,10.116240376049225
2,98,11.370050097495573
2,99,11.90995268506346
2,100,14.886371696608851
2,101,14.41786313539956
2,102,10.681112484369208
2,103,9.17048430457121
2,104,6.727186413879802
2,105,8.16783745839997
2,106,8.999778292331815
2,107,12.59131146741787
2,108,14.61554966939806
2,109,18.360835270425422
2,110,20.796704974642942
2,111,29.487271311616436
2,112,33.00079227194285
2,113,35.64245442704164
3,1,6.909551566110645
3,2,3.7974426428787327
3,4,3.7947984799001246
3,5,5.607418669920991
3,6,8.949819342462666
3,7,11.646632704568212
3,8,14.232802479469804
3,9,15.617909542692807
3,10,19.37889675394015
3,11,21.810771388085367
3,12,25.55589740700881
3,13,28.452736437228516
3,14,28.508357754155423
3,15,25.187862069579367
3,16,26.648318574367973
3,17,23.230941942782266
3,18,19.951061596298725
3,19,16.29149139950583
3,20,13.454587452605997
3,21,10.292753941038608
3,22,7.253982570146634
3,23,5.425249814069406
3,24,4.492110818762282
3,25,5.457048101354084
3,26,7.940615180569234
3,27,9.562810209591179
3,28,13.227333766656225
3,29,15.084773491060865
3,30,17.838859498004087
3,31,19.179508006465436
3,32,18.41872523049783
3,33,20.55774425171753
3,34,17.861101646350292
3,35,15.12231734793029
3,36,15.460512222283779
3,37,13.754136541896706
3,38,14.918755391128775
3,39,14.703687116405153
3,40,16.75867387021782
3,41,18.312534650017053
3,42,20.57089413426502
3,43,21.322478373449883
3,44,21.40515638406893
3,45,19.710039119334816
3,46,20.186275828673026
3,47,18.88479119858941
3,48,18.564709211438117
3,49,18.73939648991679
3,50,20.299871847876464
3,51,19.720319453788054
3,52,22.767564262450083
3,53,24.961232407421697
3,54,23.234126162604248
3,55,24.278630121855265
3,56,22.76495505743055
3,57,23.875497331851808
3,58,24.183521238618013
3,59,26.319956570624562
3,60,29.327235569265536
3,61,27.885809053428964
3,62,24.714467681639228
3,63,26.51491127492443
3,64,24.817316402599996
3,65,21.16410170151626
3,66,19.674583602421116
3,67,16.779684228067012
3,68,17.431654414192327
3,69,17.561986195638674
3,70,18.662810964731477
3,71,15.092579017359796
3,72,13.510061557677012
3,73,13.793268475581016
3,74,12.369295996595186
3,75,8.901704269554006
3,76,9.836208656396149
3,77,10.98281143239311
3,78,12.003164923634108
3,79,15.201115020700751
3,80,18.307492675849396
3,81,21.41570685888447
3,82,24.29694066085948
3,83,25.737482339325393
3,84,28.01741231117232
3,85,25.54156085924764
3,86,23.424514355437918
3,87,26.306291320871022
3,88,27.33945123297946
3,89,23.97999172724438
3,90,22.13871722112073
3,91,20.06318934661252
3,92,16.950069628084478
3,93,14.92063286269031
3,94,12.363339435423851
3,95,10.023737351502094
3,96,10.824436427003235
3,97,10.168786946060795
3,98,12.51688529781066
3,99,13.536710307000556
3,100,16.97194866364698
3,101,17.047222570208202
3,102,13.445039645323325
3,103,11.251686215245952
3,104,8.293612475839435
3,105,8.063550957154062
3,106,7.435469807557718
3,107,10.428049590732913
3,108,11.690603703480992
3,109,15.351184467048533
3,110,17.588370746518827
3,111,25.922117477304457
3,112,29.489944114382194
3,113,32.021100412345255
4,1,10.599338721506303
4,2,7.145399628977839
4,3,3.7947984799001246
4,5,3.7864273636925647
4,6,6.755010999835849
4,7,10.032872133989795
4,8,12.482166786585006
4,9,13.631781169750738
4,10,17.289861048564706
4,11,19.916970509917924
4,12,23.561832347462843
4,13,26.650222960944298
4,14,26.40721437777019
4,15,23.299558557052606
4,16,25.12763673779432
4,17,21.989635118031114
4,18,18.704367482022132
4,19,15.163254138012066
4,20,12.720892694300089
4,21,9.279798561816976
4,22,7.499965512156222
4,23,5.739976867061626
4,24,6.702875970021781
4,25,6.805386038807805
4,26,10.252965413318393
4,27,12.224502479742506
4,28,15.710728464808975
4,29,17.613104644181274
4,30,19.87535473077144
4,31,21.313711975853423
4,32,20.623481364847983
4,33,23.186667672955146
4,34,20.802858290878554
4,35,17.970663403666492
4,36,18.397377768140863
4,37,16.33120301391434
4,38,17.375061094837395
4,39,16.51149018239665
4,40,18.425503394771173
4,41,19.3999616935232
4,42,21.743345686806002
4,43,23.061335734923222
4,44,23.413280612155027
4,45,21.74776699409745
4,46,21.662065929008918
4,47,20.5483308989188
4,48,20.768681924648536
4,49,20.947204682020228
4,50,22.92332243381674
4,51,22.26685217074708
4,52,25.544978381627633
4,53,27.485976079403994
4,54,25.365804257390895
4,55,26.363795921953823
4,56,24.518623673886445
4,57,25.695314952949715
4,58,25.604130746958447
4,59,27.685405902719797
4,60,30.375666519942616
4,61,28.611535088502162
4,62,25.403932195509014
4,63,27.19530028884992
4,64,25.048999192620375
4,65,21.619685003969256
4,66,20.263368750877554
4,67,17.417294428501418
4,68,17.848569029400668
4,69,18.594094617734015
4,70,19.22139684594147
4,71,15.49624031917531
4,72,14.79899306586968
4,73,15.275005711618915
4,74,13.008468367454311
4,75,10.053633108531592
4,76,10.268891716431796
4,77,12.025771758078458
4,78,12.121273299377156
4,79,15.420939580835743
4,80,17.972292803922205
4,81,21.105505952088727
4,82,23.578702492355127
4,83,24.787961613673232
4,84,27.47519030685153
4,85,25.384475260884333
4,86,22.866716782430064
4,87,25.526538615863473
4,88,27.06022570848665
4,89,23.913449895601104
4,90,21.708751765625028
4,91,19.90730265517866
4,92,17.225738405958815
4,93,15.556469649162974
4,94,13.806966173071578
4,95,11.935635775629445
4,96,13.652019825122673
4,97,13.291283912693947
4,98,15.96907758024465
4,99,16.90643783118914
4,100,20.468369122687918
4,101,20.7607443510689
4,102,17.193723691013396
4,103,15.013028760769842
4,104,11.967885393314983
4,105,11.119187745208313
4,106,9.364541972212425
4,107,11.326659142510984
4,108,11.350030174839732
4,109,14.582309309116964
4,110,16.681391945781385
4,111,23.846930318913856
4,112,27.541118475812564
4,113,29.79052699475532
5,1,12.09603655916195
5,2,8.9017591277321
5,3,5.607418669920991
5,4,3.7864273636925647
5,6,3.8001587016249263
5,7,6.423135836773086
5,8,9.313425026714178
5,9,11.218383578271773
5,10,14.968722463049819
5,11,17.942229311496448
5,12,21.634928877552248
5,13,24.893443004370912
5,14,25.077106071027877
5,15,22.133577679699137
5,16,24.2439983570317
5,17,21.198584948284093
5,18,17.61790404849992
5,19,14.409571086716548
5,20,11.478448952446207
5,21,8.817974781667866
5,22,7.651556077306125
5,23,7.764923833548457
5,24,9.284626666588697
5,25,10.22827357436896
5,26,13.32978171693982
5,27,15.003791969203146
5,28,18.67975175313082
5,29,20.32406783853837
5,30,22.823116590272548
5,31,23.879871572675054
5,32,22.71340829572032
5,33,25.08044935284306
5,34,22.727134984473842
5,35,19.583279015710257
5,36,19.28672145500997
5,37,16.720967263267703
5,38,16.92349666746496
5,39,15.414914833989258
5,40,16.621381310875897
5,41,16.995380681112326
5,42,18.98991551645138
5,43,20.70744559331774
5,44,21.57801541900704
5,45,20.40821251961732
5,46,20.30037403816693
5,47,19.843179230902194
5,48,20.567193435742336
5,49,21.418072323231495
5,50,23.66769173886574
5,51,23.604402913112505
5,52,26.920691103273622
5,53,28.6104218914285
5,54,26.50772460229868
5,55,26.986752796417623
5,56,24.790355605382384
5,57,25.427996795453307
5,58,24.88727021327152
5,59,26.500466567898012
5,60,29.101194457013907
5,61,26.997138946077317
5,62,24.087711364940947
5,63,26.31612745449717
5,64,24.29575203353276
5,65,20.91890292729186
5,66,20.223377801584675
5,67,17.929494101470716
5,68,19.07125117979694
5,69,20.244917638026386
5,70,21.354214816246557
5,71,17.825414912935166
5,72,16.90747823354298
5,73,17.987307187303053
5,74,16.047840981818307
5,75,12.8111175082312
5,76,12.263383994640012
5,77,13.065981386479471
5,78,12.36199444310008
5,79,15.016091960899136
5,80,17.577845589294093
5,81,20.230167174488745
5,82,22.438925437355582
5,83,23.144772421773546
5,84,25.815006947038185
5,85,23.60038714597067
5,86,20.849484408414654
5,87,23.18425272199393
5,88,24.665886829419453
5,89,21.411654929363838
5,90,18.889255326068096
5,91,16.795518178458643
5,92,14.107804923442082
5,93,13.03756922925818
5,94,11.700560619418768
5,95,10.83925521539424
5,96,13.088209008787326
5,97,13.798998840598513
5,98,16.867367846528385
5,99,18.5454988830415
5,100,22.03696220933412
5,101,22.02546258789519
5,102,18.426783240315487
5,103,15.672509699840537
5,104,12.155613341048776
5,105,10.300078406079214
5,106,7.475194359673705
5,107,8.539629923911594
5,108,8.199535850127395
5,109,11.301386639647637
5,110,13.852625822759908
5,111,21.203717474255015
5,112,24.816709088865693
5,113,27.308026001665755
6,1,15.39694810140966
6,2,12.475946483974287
6,3,8.949819342462666
6,4,6.755010999835849
6,5,3.8001587016249263
6,7,3.7933972893498433
6,8,5.769336547566732
6,9,7.510430416558149
6,10,11.216060529857756
6,11,14.326719313663942
6,12,17.974390578475482
6,13,21.33189874386571
6,14,21.599172919762697
6,15,18.83209685911975
6,16,21.211921065596737
6,17,18.41119423648623
6,18,14.755397319202121
6,19,11.975598003979359
6,20,9.244882026736656
6,21,7.3590543158624495
6,22,7.886588030583662
6,23,9.259950915295134
6,24,11.837099089906863
6,25,13.254145004247153
6,26,16.569582238259542
6,27,17.833662230996218
6,28,21.53648514112139
6,29,22.76646922995229
6,30,25.020722734310013
6,31,25.69735183700276
6,32,24.170179185733268
6,33,26.712252743042605
6,34,24.75640650312589
6,35,21.34013183510483
6,36,20.698931747449702
6,37,17.65352161794479
6,38,17.413671491554172
6,39,15.16227158760636
6,40,16.014117939133488
6,41,15.693379871177779
6,42,17.77370741347399
6,43,20.023895229740663
6,44,21.110017749654418
6,45,20.04977206936017
6,46,19.343682798237325
6,47,19.296285640925685
6,48,20.699287480041356
6,49,21.832492818833202
6,50,24.549255271002433
6,51,24.77481788478064
6,52,28.276911956369172
6,53,29.51507835484851
6,54,27.10531653943144
6,55,27.212750847736608
6,56,24.58940750185097
6,57,25.00196126047119
6,58,23.926471162584413
6,59,25.27846552014414
6,60,27.50763655012729
6,61,25.064902067959643
6,62,22.28896425823473
6,63,24.627686447622743
6,64,22.375946162261
6,65,19.299139637870493
6,66,19.09156223364774
6,67,17.288423157324367
6,68,18.719899663028666
6,69,20.56210752501258
6,70,21.72535213658079
6,71,18.436553170342265
6,72,17.91541213803293
6,73,19.61095409147282
6,74,17.581777513663067
6,75,14.563977109447896
6,76,13.031521065320323
6,77,13.429280914293226
6,78,11.6412580246916
6,79,13.698458142697838
6,80,15.707937632105192
6,81,17.9865924469469
6,82,19.729551775793016
6,83,20.054464061350778
6,84,22.93067324864371
6,85,20.98129108016752
6,86,17.92458647181895
6,87,19.990249806579158
6,88,21.795012170512482
6,89,18.762084016707984
6,90,15.99096152258405
6,91,14.266481313264935
6,92,12.2162196925512
6,93,11.526848361922374
6,94,11.341859983030144
6,95,11.23087625513524
6,96,14.289087669000613
6,97,15.508015094497372
6,98,18.96842158771113
6,99,20.94692851696401
6,100,24.537889259813564
6,101,24.787744527513848
6,102,21.352618789180216
6,103,18.31285755984586
6,104,14.834228164746529
6,105,12.282395528739844
6,106,8.859807122398836
6,107,8.259255129571738
6,108,6.231291612480618
6,109,8.493715578981876
6,110,10.705757335089778
6,111,17.42632408873268
6,112,21.066247023170252
6,113,23.511272956848543
7,1,17.43787505003551
7,2,14.758591484582134
7,3,11.646632704568212
7,4,10.032872133989795
7,5,6.423135836773086
7,6,3.7933972893498433
7,8,3.810151416561224
7,9,7.191980364903716
7,10,10.526611768310111
7,11,13.982718320021583
7,12,17.487295276508597
7,13,20.96132264679689
7,14,21.774279974608678
7,15,19.34403950578177
7,16,21.955276086043764
7,17,19.387777460857333
7,18,15.623798837016194
7,19,13.502675057042419
7,20,10.566559075275597
7,21,9.929771344427524
7,22,10.628000647885475
7,23,12.605218311750516
7,24,14.92608726256781
7,25,16.49853589662825
7,26,19.547660503066467
7,27,20.776413145407673
7,28,24.54689168265379
7,29,25.721502237814075
7,30,28.19985302135179
7,31,28.69459310376
7,32,26.914550676783524
7,33,29.196851615901092
7,34,27.193726132255545
7,35,23.682418762262955
7,36,22.534641395935633
7,37,19.302224731800724
7,38,18.336034333159475
7,39,15.67365257035934
7,40,15.606701865648787
7,41,14.513921505534313
7,42,15.918226974980907
7,43,18.610679213314175
7,44,20.329459784181726
7,45,19.93755428896277
7,46,19.33330764693891
7,47,20.008275207084786
7,48,21.761345216227166
7,49,23.46546554159053
7,50,26.240994014223403
7,51,26.937896192853803
7,52,30.345967159199937
7,53,31.437254491459434
7,54,29.17122022654968
7,55,28.859927437192887
7,56,26.053079713168195
7,57,25.926227478529604
7,58,24.48332134763024
7,59,25.27548380696148
7,60,27.387622977391374
7,61,24.63381287206699
7,62,22.317827866634488
7,63,25.089198009224493
7,64,23.105557690316306
7,65,20.190816955785465
7,66,20.648809282040528
7,67,19.413667586590147
7,68,21.35712886704553
7,69,23.335931456875517
7,70,24.84359416131844
7,71,21.73373153190811
7,72,20.961441502307185
7,73,22.865583312585606
7,74,21.110294945710386
7,75,17.922079148548914
7,76,16.288322255663495
7,77,16.07412339209645
7,78,14.014043528986157
7,79,15.294378740922493
7,80,17.21983172541919
7,81,18.831325252469885
7,82,20.203166429578186
7,83,19.883637695517972
7,84,22.614965241937572
7,85,20.54374558195981
7,86,17.31281469963063
7,87,18.82050510905261
7,88,20.476203226275928
7,89,17.362941028049498
7,90,14.179677378889751
7,91,11.988539588725722
7,92,10.067679693774119
7,93,10.563211712471254
7,94,11.024098677979074
7,95,12.14276089996287
7,96,15.23562022912018
7,97,17.229244982118026
7,98,20.71283180812093
7,99,23.140575455352838
7,100,26.547572374941325
7,101,26.45363274862811
7,102,23.04764986590657
7,103,19.74408978630839
7,104,16.109161045657878
7,105,13.101035704722852
7,106,9.333264497820677
7,107,7.527087546202207
7,108,4.967331894957606
7,109,6.150548193062508
7,110,9.177852579299469
7,111,15.797533728856795
7,112,19.22420467701607
7,113,21.98554499059923
8,1,20.072495636080898
8,2,17.616992782099985
8,3,14.232802479469804
8,4,12.482166786585006
8,5,9.313425026714178
8,6,5.769336547566732
8,7,3.810151416561224
8,9,3.7985235823295613
8,10,6.824588073822871
8,11,10.272392154570014
8,12,13.730838024716773
8,13,17.19935578368813
8,14,18.1699006147779
8,15,15.878284028713182
8,16,18.61069632629056
8,17,16.30903463373105
8,18,12.614978922094767
8,19,11.185898713770351
8,20,8.794214086668223
8,21,9.335008048128376
8,22,11.229603707029531
8,23,13.849396973194121
8,24,16.776103696374197
8,25,18.73736471974937
8,26,21.92993635431477
8,27,22.727753345442174
8,28,26.47423321045154
8,29,27.221718556328202
8,30,29.42806295977947
8,31,29.54635271850735
8,32,27.46975857198139
8,33,29.8932957165732
8,34,28.31995942446906
8,35,24.640017224536187
8,36,23.289272023944285
8,37,19.76802065510369
8,38,18.576019643396158
8,39,15.421365960158932
8,40,15.188169308911524
8,41,13.555494781234243
8,42,15.214530321670372
8,43,18.247621510005512
8,44,19.904005150494957
8,45,19.448069013552182
8,46,18.176345496102595
8,47,19.12191157966021
8,48,21.432997138178077
8,49,23.25267221462427
8,50,26.390490414513195
8,51,27.276952870388367
8,52,30.807309188136955
8,53,31.452349872946595
8,54,28.914609350317818
8,55,28.29848892969989
8,56,25.169238382690985
8,57,24.898499253928044
8,58,23.005305227961074
8,59,23.6001452736489
8,60,25.284619997276256
8,61,22.28752303644981
8,62,20.097561122794065
8,63,22.8486822004703
8,64,20.66595540405686
8,65,18.15331444327658
8,66,19.055028782938777
8,67,18.351027241023786
8,68,20.484243164730323
8,69,22.96833552678928
8,70,24.509711640124788
8,71,21.74419498734772
8,72,21.297329629026834
8,73,23.681096168590532
8,74,21.956592039088463
8,75,19.028767598987233
8,76,16.70053598138414
8,77,16.132923796742244
8,78,13.331722263736616
8,79,13.873981613213266
8,80,15.113807710576053
8,81,16.229451485310474
8,82,17.09493716798088
8,83,16.423965727001075
8,84,19.302952780078108
8,85,17.54985511061384
8,86,14.087016131500505
8,87,15.35783784657186
8,88,17.363777037126923
8,89,14.58674096488474
8,90,11.280368799794816
8,91,9.858500104092464
8,92,9.06194317435293
8,93,9.712272670246218
8,94,11.38790508842512
8,95,12.832496318227589
8,96,16.381326493772953
8,97,18.509817293214432
8,98,22.210641209688827
8,99,24.753417359412296
8,100,28.238695628482038
8,101,28.51422591339324
8,102,25.324288115647317
8,103,21.893169461730842
8,104,18.477394668151636
8,105,15.190957167530463
8,106,11.48591838550617
8,107,8.85654008471413
8,108,5.154148849909139
8,109,4.216037583888946
8,110,6.062670535664427
8,111,12.183512290430063
8,112,15.652634794870558
8,113,18.421206060542318
9,1,21.613847126566352
9,2,19.254286709842948
9,3,15.617909542692807
9,4,13.631781169750738
9,5,11.218383578271773
9,6,7.510430416558149
9,7,7.191980364903716
9,8,3.7985235823295613
9,10,3.8051083291557304
9,11,6.926791843141629
9,12,10.549650428758627
9,13,13.964266734334041
9,14,14.61720916267947
9,15,12.176287579861055
9,16,14.958624285137788
9,17,12.793846184276266
9,18,9.227763609991877
9,19,8.235581616965181
9,20,6.957635562056675
9,21,8.149504221219962
9,22,11.126360086700743
9,23,13.875071805616592
9,24,17.303740182118684
9,25,19.42554734320345
9,26,22.776708666818653
9,27,23.22907041308265
9,28,26.84399208866572
9,29,27.245290495820203
9,30,29.04293078581708
9,31,28.925601468163347
9,32,26.754847177985045
9,33,29.437848311712674
9,34,28.29936674641653
9,35,24.579157570314216
9,36,23.363586031571455
9,37,19.760400375923574
9,38,18.820670805589618
9,39,15.559790281585872
9,40,15.765579627110448
9,41,14.240408585876986
9,42,16.490860708161847
9,43,19.424739988767175
9,44,20.59606440815104
9,45,19.667642726739047
9,46,17.735659264054867
9,47,18.435611999833675
9,48,21.015960034361473
9,49,22.555365825072965
9,50,25.956479468626494
9,51,26.718302568757156
9,52,30.380276289878307
9,53,30.696070647711455
9,54,27.829443626263256
9,55,27.19294415093424
9,56,23.894544625224235
9,57,23.84572189647786
9,58,21.771196535746867
9,59,22.55400463189891
9,60,23.868152996372668
9,61,20.87419101056078
9,62,18.49575877197789
9,63,20.870558977350225
9,64,18.25990769041733
9,65,16.11187700146196
9,66,17.015232856964154
9,67,16.519956379291155
9,68,18.47352046485671
9,69,21.381179270028884
9,70,22.701855172798396
9,71,20.23367584071341
9,72,20.29640299296082
9,73,22.968682202385548
9,74,21.146589766592033
9,75,18.663269767351895
9,76,15.795398753822344
9,77,15.247922823410443
9,78,11.910972059190705
9,79,12.099641584211076
9,80,12.502365985577901
9,81,13.528295269639223
9,82,14.03998665720178
9,83,13.47515383371731
9,84,16.696583677058065
9,85,15.457571474031802
9,86,11.893077471171665
9,87,13.351671742636311
9,88,15.88030565115545
9,89,13.629729123630858
9,90,10.709076693373953
9,91,10.57688481739303
9,92,10.658873265848715
9,93,10.562016230156283
9,94,12.683042486203721
9,95,13.645641864013616
9,96,17.42125141870015
9,97,19.1970399297782
9,98,22.988122020063727
9,99,25.340292806380983
9,100,28.94562367266648
9,101,29.705050710555778
9,102,26.699206604360125
9,103,23.349515930270503
9,104,20.219385270472245
9,105,17.011818656374192
9,106,13.580994246646307
9,107,11.093128537629802
9,108,7.367789539271068
9,109,6.196515819772239
9,110,5.569688050114292
9,111,10.37293453549343
9,112,14.005228561844472
9,113,16.413313440474774
10,1,25.34104562669731
10,2,23.035861949824618
10,3,19.37889675394015
10,4,17.289861048564706
10,5,14.968722463049819
10,6,11.216060529857756
10,7,10.526611768310111
10,8,6.824588073822871
10,9,3.8051083291557304
10,11,3.7945150538091283
10,12,7.001573688570223
10,13,10.615977668261534
10,14,11.458216730648585
10,15,9.651760115830836
10,16,12.864840059643218
10,17,11.55611730456671
10,18,8.605225035915986
10,19,9.215830796389323
10,20,9.230991087200815
10,21,11.166323388839167
10,22,14.489018280429564
10,23,17.289314697945077
10,24,20.846466912589918
10,25,22.98820300519322
10,26,26.381663534020195
10,27,26.70005196913183
10,28,30.24240196798639
10,29,30.43973510749443
10,30,32.02207305058869
10,31,31.689631499819164
10,32,29.37872938918713
10,33,32.11496976505377
10,34,31.28152314343336
10,35,27.53330184143051
10,36,26.200127454668998
10,37,22.518459148121348
10,38,21.39397372695774
10,39,17.925751127941204
10,40,17.82950137099096
10,41,15.821518368910013
10,42,17.88081190003896
10,43,21.035206472199143
10,44,22.270971809160407
10,45,21.488639077293033
10,46,19.09738880550705
10,47,20.115264786545733
10,48,23.085739435867797
10,49,24.70604045590202
10,50,28.28749268546504
10,51,29.194379007002787
10,52,32.863964470777745
10,53,32.81881849599019
10,54,29.792760633272827
10,55,28.888353717011775
10,56,25.38247805372195
10,57,25.15230142794235
10,58,22.654474525473553
10,59,23.100099829163955
10,60,23.822560546818565
10,61,20.578619864247205
10,62,18.579246228242038
10,63,20.84257440287207
10,64,18.08201315522367
10,65,16.672262127289606
10,66,18.077493248612377
10,67,18.193781244581313
10,68,20.15802162651399
10,69,23.414766552127162
10,70,24.64019854476378
10,71,22.541231478600263
10,72,22.927511617051753
10,73,25.810461940732978
10,74,23.98831904881077
10,75,21.80130345852089
10,76,18.660850821384955
10,77,17.97856065981512
10,78,14.352820403155572
10,79,13.822531612228337
10,80,13.242659201138535
10,81,13.407315037496524
10,82,12.855829434908113
10,83,11.481814022663086
10,84,14.935448561819898
10,85,14.435580954549817
10,86,10.673975156469602
10,87,11.286069048673884
10,88,14.406531020416187
10,89,12.97578657741693
10,90,10.122949588045673
10,91,11.103365943894094
10,92,12.397652450135594
10,93,12.7560250771893
10,94,15.51438470614325
10,95,16.764130489486853
10,96,20.573025900092652
10,97,22.44040771887356
10,98,26.245638264260677
10,99,28.639942664440532
10,100,32.22349752630839
10,101,33.12941454036258
10,102,30.24670957966164
10,103,26.858053899161874
10,104,23.826294202183693
10,105,20.527214358531786
10,106,17.148501154351134
10,107,14.35989962041673
10,108,10.61784379303905
10,109,8.393218570587099
10,110,6.367274371639455
10,111,6.86333033304963
10,112,10.51294635187785
10,113,12.703354184539798
11,1,27.481662808195768
11,2,25.464334062476635
11,3,21.810771388085367
11,4,19.916970509917924
11,5,17.942229311496448
11,6,14.326719313663942
11,7,13.982718320021583
11,8,10.272392154570014
11,9,6.926791843141629
11,10,3.7945150538091283
11,12,3.7889825752454285
11,13,7.0385181364842575
11,14,8.087937798267065
11,15,6.205161511829684
11,16,9.345936398476562
11,17,8.582355494435703
11,18,6.474807473165085
11,19,8.607789912441474
11,20,9.885447847655366
11,21,12.48659641207959
11,22,16.04247931450266
11,23,18.97733115905991
11,24,22.647327477089277
11,25,25.036860081514195
11,26,28.340321313122534
11,27,28.237323274802804
11,28,31.62521665231515
11,29,31.40572835636439
11,30,32.69620396774732
11,31,31.994958364385635
11,32,29.4865638321045
11,33,32.246235818858246
11,34,31.85475205871248
11,35,28.120703622967795
11,36,26.712488310896227
11,37,23.031962775320913
11,38,21.906240350432693
11,39,18.422129819121693
11,40,18.424429083558334
11,41,16.452795927606044
11,42,18.751777733156892
11,43,21.707133261480166
11,44,22.551636766980533
11,45,21.551287106966225
11,46,18.65296252032146
11,47,19.65318092174448
11,48,22.87985639454654
11,49,24.39973144501343
11,50,28.12917604908731
11,51,29.12379070694507
11,52,32.76793344820891
11,53,32.30041227913413
11,54,29.106019316680058
11,55,27.98107843307066
11,56,24.3437889323479
11,57,24.085419483904325
11,58,21.33051511637635
11,59,21.700381719980136
11,60,21.901693947682563
11,61,18.682744854580328
11,62,16.80780866741801
11,63,18.690546310767914
11,64,15.743860616630071
11,65,15.046013166587937
11,66,16.756100596897546
11,67,17.46807279800233
11,68,19.427626243756265
11,69,22.956252290870545
11,70,24.169555792623463
11,71,22.603164343307483
11,72,23.229326682154657
11,73,26.395840564141114
11,74,24.78728245775452
11,75,22.944366088325964
11,76,19.47089976945696
11,77,18.49368922110012
11,78,14.692118988678857
11,79,13.412542541576457
11,80,11.866810203940757
11,81,11.265984192306842
11,82,9.865900788217271
11,83,8.184119356532445
11,84,11.840225315798907
11,85,12.075785177286196
11,86,8.520778008196643
11,87,8.99221521724975
11,88,12.501702787795006
11,89,11.939880647704335
11,90,9.983807939528347
11,91,12.136916397787443
11,92,14.059342823135735
11,93,14.009296892755037
11,94,17.041289312172676
11,95,18.14921596521735
11,96,21.91583132258373
11,97,23.661056209823304
11,98,27.42116365455675
11,99,29.773837151279047
11,100,33.30532323539074
11,101,34.54412747039999
11,102,31.931898555760814
11,103,28.575399953792786
11,104,25.853296957547215
11,105,22.569144843149758
11,106,19.492804412509496
11,107,16.69113487930845
11,108,13.19655302994577
11,109,10.969660001161245
11,110,7.891266664281765
11,111,6.658330631615127
11,112,9.592520637882547
11,113,11.384458083914373
12,1,31.240298996107775
12,2,29.22705618436888
12,3,25.55589740700881
12,4,23.561832347462843
12,5,21.634928877552248
12,6,17.974390578475482
12,7,17.487295276508597
12,8,13.730838024716773
12,9,10.549650428758627
12,10,7.001573688570223
12,11,3.7889825752454285
12,13,3.7882740968754476
12,14,5.264480765199739
12,15,5.248867030277299
12,16,8.469705881779296
12,17,9.297502219852861
12,18,8.68642268057167
12,19,11.633084246817667
12,20,13.438040238106934
12,21,16.092347138968115
12,22,19.707382018646843
12,23,22.57566309916087
12,24,26.2864078835603
12,25,28.634221215786805
12,26,31.96702694704645
12,27,31.80106072719811
12,28,35.10998485552068
12,29,34.76058329796027
12,30,35.85845919011276
12,31,35.01786712049953
12,32,32.459080666974344
12,33,35.24234595846622
12,34,35.093645514357256
12,35,31.392474732313243
12,36,29.95454950690766
12,37,26.296815301302033
12,38,25.107704751707107
12,39,21.605724796252098
12,40,21.442152323939773
12,41,19.2620055717872
12,42,21.332378642939357
12,43,24.323011071831104
12,44,25.167129187347886
12,45,24.28036599750842
12,46,21.144490189345426
12,47,22.30225392776444
12,48,25.69186036879496
12,49,27.193931291565935
12,50,30.97750147357614
12,51,32.03384660212079
12,52,35.634330541066525
12,53,34.88374349358746
12,54,31.599880776504957
12,55,30.303032932115205
12,56,26.60002125591463
12,57,26.236117711679185
12,58,23.23570545271143
12,59,23.322864625349904
12,60,22.923897226275326
12,61,19.650879883174518
12,62,18.249171245085257
12,63,19.82742044216151
12,64,16.887765282945608
12,65,17.002520376476454
12,66,18.975987402273315
12,67,20.105146269690128
12,68,21.926143957752743
12,69,25.599523525739226
12,70,26.65983361984173
12,71,25.41763924589064
12,72,26.299486443555107
12,73,29.535132222148025
12,74,27.921397852421073
12,75,26.329590098273556
12,76,22.76607370082196
12,77,21.788793321391978
12,78,17.97461920756185
12,79,16.388710505160482
12,80,14.240752492180638
12,81,12.95717185862267
12,82,10.497815371525233
12,83,8.013042210025853
12,84,11.489433371387795
12,85,12.80289058930312
12,86,9.709268269195437
12,87,9.001741022651192
12,88,12.803365461832557
12,89,13.329964396939905
12,90,11.860273534548067
12,91,14.600462180539724
12,92,17.081326875662388
12,93,17.288226036865332
12,94,20.518583609015526
12,95,21.73465616988886
12,96,25.459479346599345
12,97,27.210914959061714
12,98,30.93794373410271
12,99,33.27220063847959
12,100,36.771490284138196
12,101,38.12018930478402
12,102,35.596685706778864
12,103,32.243677458324946
12,104,29.586798557900682
12,105,26.28058642080616
12,106,23.23028429014915
12,107,20.326736524759944
12,108,16.84179591994858
12,109,14.311548240525182
12,110,11.096099378396419
12,111,5.983765893755525
12,112,7.730116547296717
12,113,8.592452682936976
13,1,33.83821477244186
13,2,32.07115284590099
13,3,28.452736437228516
13,4,26.650222960944298
13,5,24.893443004370912
13,6,21.33189874386571
13,7,20.96132264679689
13,8,17.19935578368813
13,9,13.964266734334041
13,10,10.615977668261534
13,11,7.0385181364842575
13,12,3.7882740968754476
13,14,3.779064799592824
13,15,5.112460986130853
13,16,6.895914430963654
13,17,8.97573255468683
13,18,9.803214660285136
13,19,13.369747112720624
13,20,15.666109185485196
13,21,18.580860301136095
13,22,22.15907164555366
13,23,25.084890858210805
13,24,28.78116132696468
13,25,31.30225064880095
13,26,34.51326821874645
13,27,34.02400250845264
13,28,37.18707999736898
13,29,36.5019381178659
13,30,37.378601773181394
13,31,36.21886491387432
13,32,33.50916009064195
13,33,36.223038273121084
13,34,36.44582616923314
13,35,32.81274210121827
13,36,31.29177463990853
13,37,27.714738625889932
13,38,26.49582364068304
13,39,23.084573387579486
13,40,22.92617828178473
13,41,20.81794846714433
13,42,22.919431800623162
13,43,25.661913171309156
13,44,26.197261295304394
13,45,25.224191971409805
13,46,21.804962795080108
13,47,22.971429427090804
13,48,26.473046853664368
13,49,27.898467211900158
13,50,31.70432833600748
13,51,32.867424931995366
13,52,36.356948877324626
13,53,35.22096847745659
13,54,31.881419681096446
13,55,30.358046993671906
13,56,26.63393119551449
13,57,26.180505333854445
13,58,23.007273486603214
13,59,22.916877227622145
13,60,21.927073999391823
13,61,18.81463444716257
13,62,17.77733983360371
13,63,18.871016895151826
13,64,16.018927433300824
13,65,16.982600683186128
13,66,19.193231866792598
13,67,20.860633163026055
13,68,22.638947589759034
13,69,26.38328263569475
13,70,27.449188746030114
13,71,26.71419276497704
13,72,27.70881905839914
13,73,31.107439409026192
13,74,29.738013093603897
13,75,28.40007113458577
13,76,24.69337877624827
13,77,23.47397678491445
13,78,19.72014835386054
13,79,17.63388998474214
13,80,14.920014886024354
13,81,12.911465558109466
13,82,9.63959706928525
13,83,6.873314473699738
13,84,9.747600644706933
13,85,12.09127318943766
13,86,9.920062703777004
13,87,8.795776123658683
13,88,12.372665849561256
13,89,13.8893323880232
13,90,13.393131266546881
13,91,16.67240272043448
13,92,19.436453964371623
13,93,19.426031596726673
13,94,22.738776211509435
13,95,23.887359795031184
13,96,27.4775615975658
13,97,29.15510956628552
13,98,32.77727043992055
13,99,35.083542716100375
13,100,38.47516793483895
13,101,40.04955262661339
13,102,37.7734821385656
13,103,34.460821230438015
13,104,32.06049832696625
13,105,28.78275610580782
13,106,25.975838783170374
13,107,23.074159155451273
13,108,19.811149267162225
13,109,17.318004460559436
13,110,13.79951758924872
13,111,8.83066465230894
13,112,9.144540079819516
13,113,9.26865620308766
14,1,34.15252681994068
14,2,32.20585373634397
14,3,28.508357754155423
14,4,26.40721437777019
14,5,25.077106071027877
14,6,21.599172919762697
14,7,21.774279974608678
14,8,18.1699006147779
14,9,14.61720916267947
14,10,11.458216730648585
14,11,8.087937798267065
14,12,5.264480765199739
14,13,3.779064799592824
14,15,3.806718956158241
14,16,5.947705805373618
14,17,8.690469431838812
14,18,10.076286790871823
14,19,13.370758009324092
14,20,16.219932894281005
14,21,18.58016493987837
14,22,22.307178887749465
14,23,24.80957069262973
14,24,28.58575233127359
14,25,30.823122555474388
14,26,34.14762938573526
14,27,33.751313443406836
14,28,36.759958417410296
14,29,36.139304905417205
14,30,36.707068722821234
14,31,35.71304708155288
14,32,33.26908235251761
14,33,36.24572715563044
14,34,36.558652475256544
14,35,33.04093175846864
14,36,31.932607848094893
14,37,28.491029435320062
14,38,27.75380976687686
14,39,24.549888429782413
14,40,24.906711099107536
14,41,23.174614873953054
14,42,25.59855612347571
14,43,28.25350723379262
14,44,28.57548503413114
14,45,27.22152969910867
14,46,23.783551919859516
14,47,24.423153461377307
14,48,27.687355470143487
14,49,28.653455368894168
14,50,32.437231513037496
14,51,33.18504533176136
14,52,36.755819632076566
14,53,35.70807889693375
14,54,32.182049727430574
14,55,31.036629759132705
14,56,27.443274918386187
14,57,27.499205300808185
14,58,24.62251669589703
14,59,25.041590135358394
14,60,24.172457588570015
14,61,21.352777372888717
14,62,19.847580243449247
14,63,20.479527492832872
14,64,17.208556238873655
14,65,18.10794951032573
14,66,19.678582248320783
14,67,20.913118332752774
14,68,22.083759967222065
14,69,25.886293917392255
14,70,26.431123218301895
14,71,25.721603041660252
14,72,27.209229567665624
14,73,30.424569231886764
14,74,28.761933575892694
14,75,27.828500621489077
14,76,24.15711078139828
14,77,23.445021701359497
14,78,19.76284429644238
14,79,18.149483003350543
14,80,15.153644189657669
14,81,13.811742263817518
14,82,10.793195298131446
14,83,9.173697837174604
14,84,12.272269497250525
14,85,14.684587142419765
14,86,12.57129151588422
14,87,12.208747749469195
14,88,15.76813238885395
14,89,16.98084666249479
14,90,16.32989588972545
14,91,19.340263472238412
14,92,21.698189151126915
14,93,21.3312288726434
14,94,24.326532751516442
14,95,24.98185466508886
14,96,28.598005033387103
14,97,29.857505362321834
14,98,33.44946797315273
14,99,35.418232788793325
14,100,38.92195774168342
14,101,40.69285608495329
14,102,38.35904009270888
14,103,35.231337997233624
14,104,32.854430562295676
14,105,29.795919369450342
14,106,27.005104711948388
14,107,24.450647433456478
14,108,21.102564853269477
14,109,19.02810040159403
14,110,15.735846320881706
14,111,10.756628287155449
14,112,11.63269751372212
14,113,10.929482607388904
15,1,30.626255889807084
15,2,28.82874272115856
15,3,25.187862069579367
15,4,23.299558557052606
15,5,22.133577679699137
15,6,18.83209685911975
15,7,19.34403950578177
15,8,15.878284028713182
15,9,12.176287579861055
15,10,9.651760115830836
15,11,6.205161511829684
15,12,5.248867030277299
15,13,5.112460986130853
15,14,3.806718956158241
15,16,3.8088173322524943
15,17,5.2088132500585145
15,18,6.366028656094174
15,19,9.649094369006187
15,20,12.693048047259715
15,21,15.07840658246349
15,22,18.75352471502929
15,23,21.292469254429403
15,24,25.035706330011962
15,25,27.41011572347637
15,26,30.63367112744985
15,27,30.09110487781802
15,28,33.08071588712271
15,29,32.38894901178227
15,30,33.004325237771134
15,31,31.978505179520358
15,32,29.505078032993193
15,33,32.47364640304033
15,34,32.75314652972616
15,35,29.235683141025
15,36,28.166770995145534
15,37,24.756728139545675
15,38,24.16257844140107
15,39,21.073590941324582
15,40,21.73011844301137
15,41,20.348607247659377
15,42,23.099946021076246
15,43,25.544167562286404
15,44,25.627705683948093
15,45,24.00747529166219
15,46,20.61245878356311
15,47,20.972350390483353
15,48,24.116237608215517
15,49,24.976759706320994
15,50,28.750316048635185
15,51,29.4347759981473
15,52,33.03294611563803
15,53,32.09174653120677
15,54,28.57045888217424
15,55,27.536292366853008
15,56,23.970753119272945
15,57,24.190765071327927
15,58,21.504649332049357
15,59,22.26301485860161
15,60,21.7942771713907
15,61,19.108105282697302
15,62,17.103341854501707
15,63,17.757622809877063
15,64,14.294135255199642
15,65,14.751237546887262
15,66,16.087716349870256
15,67,17.155834748212932
15,68,18.392498110788917
15,69,22.18487200905845
15,70,22.866610212738706
15,71,22.097200482921558
15,72,23.456381181996914
15,73,26.722369732185857
15,74,25.181379712051424
15,75,24.185436011097813
15,76,20.47368116676913
15,77,19.6610538340564
15,78,15.996198414047994
15,79,14.396241072558446
15,80,11.411621629177192
15,81,10.419506465583474
15,82,7.932285146591982
15,83,7.226774984436859
15,84,10.75409877946711
15,85,12.522705079732985
15,86,10.29996054590694
15,87,11.046741235438173
15,88,14.446468870484402
15,89,15.035861437779944
15,90,14.463158379716575
15,91,17.265837184981095
15,92,19.20238622877589
15,93,18.35082090360409
15,94,21.11142863683383
15,95,21.487985974554313
15,96,25.048109462210725
15,97,26.16601136735164
15,98,29.723037558326133
15,99,31.64384625837289
