1,2,3.7979708637022638
1,3,6.246021008307559
1,4,9.763775897125631
1,5,13.352593441637348
1,6,14.109739959227142
1,7,17.645644618811673
1,8,19.308040726434545
1,9,22.0694591749458
1,10,24.23586525504999
1,11,27.927878641828237
1,12,30.297214782355983
1,13,34.04619944447264
1,14,36.19546952379505
1,15,36.78318194499823
1,16,33.236737414168296
1,17,33.385030474892694
1,18,30.464868787702407
1,19,27.59471237609361
1,20,24.204482342668978
1,21,21.13326800020694
1,22,18.544978323721978
1,23,14.94829088930883
1,24,13.568982439901768
1,25,10.208547346986691
1,26,10.683694308764888
1,27,8.728396438352327
1,28,9.7474428410943
1,29,10.957938508645407
1,30,13.058055141473018
1,31,16.760688861066402
1,32,18.54909196737622
1,33,18.120191180874976
1,34,18.95115075490159
1,35,15.358282975392806
1,36,14.14377070346685
1,37,14.656206001227027
1,38,14.883742614293531
1,39,16.00480067841041
1,40,17.66956880630182
1,41,18.977635737790834
1,42,21.882417852490313
1,43,23.570636711661123
1,44,21.90221232176379
1,45,23.029497750162985
1,46,21.28044844086346
1,47,23.045510080864428
1,48,21.594875315388705
1,49,19.83489073274146
1,50,19.655566374077836
1,51,19.759122978170307
1,52,19.420805794270557
1,53,21.025736307463095
1,54,24.03422741156296
1,55,23.988800558003582
1,56,24.603819724293107
1,57,23.974918230043578
1,58,25.007643751187945
1,59,26.18899456576845
1,60,28.426522246108785
1,61,31.862735480668373
1,62,31.229578218975643
1,63,28.494780347638844
1,64,30.43451922614948
1,65,29.811010150267098
1,66,26.006529275927548
1,67,24.391149853310175
1,68,21.72144710351396
1,69,22.73982211010752
1,70,21.470807930909274
1,71,22.56083858653445
1,72,19.95791736796926
1,73,16.86471494766316
1,74,15.877661888724154
1,75,16.312890690737
1,76,13.402683129880103
1,77,16.136446174304435
1,78,15.915230596371194
1,79,18.52712029832223
1,80,20.86538042721014
1,81,24.569993556184183
1,82,27.371960279677676
1,83,31.033569842075128
1,84,32.30471087906884
1,85,34.208614216933825
1,86,31.066293785888867
1,87,29.34963217989552
1,88,32.297504786013995
1,89,32.34241417649564
1,90,28.563763893434825
1,91,27.685646141723574
1,92,25.03683183001584
1,93,21.288101665712297
1,94,19.367639500416573
1,95,15.834026392390596
1,96,13.854988169860466
1,97,11.521487005207634
1,98,10.179595703959745
1,99,9.657736778794236
1,100,10.118898688615916
1,101,11.712796917252094
1,102,9.213632665002528
1,103,5.736253979651018
1,104,5.6007651106863126
1,105,5.7203542323900205
1,106,9.110664073448493
1,107,11.545315701276293
1,108,15.238577553484632
1,109,18.300188252892834
1,110,21.86183561395801
1,111,24.481915655865194
1,112,27.875333671661284
1,113,31.372798381725836
1,114,33.371710799733016
1,115,36.68271670460204
2,1,3.7979708637022638
2,3,3.812903143717199
2,4,6.77768042261769
2,5,10.41856885470777
2,6,11.60590256523163
2,7,15.098909875290778
2,8,17.259182324736265
2,9,19.68620808914723
2,10,21.44388985187742
2,11,25.11840194007688
2,12,27.28574372183336
2,13,31.010652771317528
2,14,33.062406281610194
2,15,33.47974919416236
2,16,29.865751332447918
2,17,29.859035306142392
2,18,27.014806448003743
2,19,24.30460774243845
2,20,20.80031638437129
2,21,17.937139098501817
2,22,15.157006795593446
2,23,11.501365766667634
2,24,9.878844348543801
2,25,6.449018676452414
2,26,7.461692818698296
2,27,6.1318313219202425
2,28,6.8047504794559135
2,29,9.071683773504228
2,30,11.04201712658049
2,31,14.687939870852759
2,32,16.352527462091064
2,33,15.690936967116205
2,34,17.15765804730571
2,35,13.873990145587848
2,36,12.103841885277156
2,37,12.735720651251334
2,38,12.455570757736172
2,39,13.980617618455923
2,40,15.424406487254451
2,41,17.275200218661908
2,42,20.202096187428026
2,43,22.38733234893753
2,44,21.10180447193982
2,45,21.842166158555255
2,46,19.78826390558466
2,47,21.00517730093829
2,48,19.249278511927116
2,49,17.660958440594456
2,50,17.22463494450905
2,51,17.787578486261918
2,52,17.228309527607365
2,53,19.3575229304115
2,54,22.20124430693649
2,55,21.628805849418434
2,56,22.320101827459737
2,57,21.503461867401214
2,58,22.81644140388784
2,59,23.90342327479163
2,60,26.385977690858187
2,61,29.659714102967
2,62,28.96186315427703
2,63,25.977391348381094
2,64,27.7736007651024
2,65,26.825938771850883
2,66,23.030753922662907
2,67,21.22095550374565
2,68,18.35177344530669
2,69,19.19494205452113
2,70,18.13396298434327
2,71,19.119088487893315
2,72,16.330293166380635
2,73,13.393686211200464
2,74,12.65124212130009
2,75,12.808083152685183
2,76,9.699876122457566
2,77,12.361059875663031
2,78,12.364277660309398
2,79,14.990760933497185
2,80,17.587168951154784
2,81,21.2018621386741
2,82,24.196918548903486
2,83,27.86059567124649
2,84,29.229419770954628
2,85,31.32444169593875
2,86,28.321919958341855
2,87,26.60919132728244
2,88,29.681686501465734
2,89,30.038145212170107
2,90,26.34304787165504
2,91,25.47258307151708
2,92,23.161284530949445
2,93,19.574461008144524
2,94,17.304848024352456
2,95,13.990257404992468
2,96,11.434158924401666
2,97,9.589799202376774
2,98,7.764215106749164
2,99,8.284266242474024
2,100,8.92827846632932
2,101,11.558448021401803
2,102,10.214738562364728
2,103,6.467938553680523
2,104,5.20713697936022
2,105,4.565455471061494
2,106,7.593794285444344
2,107,9.624791441688695
2,108,13.427376834724916
2,109,16.007425618038877
2,110,19.72988100788683
2,111,21.988668865906334
2,112,25.445058492630906
2,113,28.791188479456643
2,114,30.747760452094756
2,115,33.91594534285299
3,1,6.246021008307559
3,2,3.812903143717199
3,4,3.785570195752737
3,5,7.149513959280611
3,6,8.498682341702624
3,7,12.221347622016438
3,8,14.559273239295726
3,9,17.2670639637993
3,10,19.144518818103393
3,11,22.90851009008218
3,12,25.357639383706612
3,13,29.12650950479794
3,14,31.481270311845417
3,15,31.690165749704057
3,16,28.158189334550872
3,17,28.471151886275262
3,18,25.90278156935574
3,19,23.15333113898024
3,20,19.60528213018188
3,21,16.69380806825918
3,22,13.578370708071597
3,23,10.349422101136312
3,24,8.39076534051867
3,25,5.60634285137338
3,26,5.694857987643043
3,27,6.109938551780881
3,28,8.206004816859528
3,29,11.20101152857559
3,30,13.597519840648166
3,31,16.935656920995804
3,32,18.792480889517503
3,33,18.12449743347395
3,34,20.10436442408684
3,35,17.074409104201226
3,36,15.014313041609372
3,37,15.48483456731812
3,38,14.434236012429515
3,39,15.646361287566116
3,40,16.23911660721456
3,41,17.921000607881943
3,42,20.328812100875698
3,43,22.47778252791055
3,44,21.783423697892623
3,45,22.811441224562564
3,46,21.082756044278256
3,47,21.907515808283993
3,48,20.413445600578655
3,49,19.449540150573178
3,50,19.22026626204727
3,51,20.373711405790594
3,52,19.82910502624031
3,53,22.344935969358893
3,54,24.977698257075197
3,55,23.96102478413949
3,56,24.540603659769697
3,57,23.308675392639785
3,58,24.561958900540326
3,59,25.169896766569746
3,60,27.535995882447427
3,61,30.57103974347561
3,62,29.435191921083256
3,63,26.425303403009487
3,64,28.44440956301368
3,65,27.14423419611724
3,66,23.385428372001204
3,67,21.765499636841515
3,68,18.848806100862674
3,69,19.608718351023157
3,70,19.2064148953247
3,71,19.90585188741673
3,72,16.62836053812255
3,73,14.342528153223357
3,74,13.87205115767009
3,75,12.962249692980873
3,76,9.803149999268507
3,77,12.041241761520357
3,78,12.616940557245048
3,79,14.47248533419468
3,80,17.3717354189441
3,81,20.802259775449794
3,82,23.866275536115005
3,83,27.35525579110966
3,84,28.335124798047456
3,85,30.727206029758115
3,86,27.999676628019913
3,87,25.857225938927513
3,88,28.689721371760086
3,89,29.36371731922231
3,90,25.728973506338743
3,91,24.349644208063868
3,92,21.98594987486161
3,93,18.511713677049872
3,94,16.686963185806277
3,95,13.865075170804753
3,96,11.695397720510895
3,97,11.048514653235529
3,98,9.973062636394962
3,99,11.524340987027497
3,100,12.43986476886757
3,101,15.271413262021822
3,102,13.983455018938233
3,103,10.25148426861935
3,104,8.707312592462642
3,105,6.642759598960763
3,106,8.155092902983235
3,107,8.60318044449251
3,108,12.143049508097661
3,109,14.301287148421695
3,110,17.991520347485263
3,111,20.378189966941417
3,112,23.56732344984246
3,113,26.953981960981693
3,114,28.53946269008763
3,115,31.63539277394057
4,1,9.763775897125631
4,2,6.77768042261769
4,3,3.785570195752737
4,5,3.7660982511148915
4,6,5.199815462917246
4,7,8.782823780908611
4,8,11.569134576096738
4,9,13.96129536046298
4,10,15.553605805650959
4,11,19.307141611594044
4,12,21.721796235756155
4,13,25.480759742357247
4,14,27.888180395730252
4,15,27.993391174193253
4,16,24.486449769820915
4,17,24.91839120888359
4,18,22.475740016416037
4,19,19.743689186811086
4,20,16.196091612373362
4,21,13.35390452512766
4,22,10.07526456169335
4,23,7.252567170000463
4,24,5.457560270788072
4,25,4.421613074996706
4,26,5.364681230430416
4,27,7.814234484842967
4,28,9.390194675189992
4,29,12.996869119484101
4,30,14.930950796493777
4,31,17.95226466366844
4,32,19.43950350751097
4,33,18.3576999524303
4,34,20.80845191353513
4,35,18.27729080624342
4,36,15.674008970690611
4,37,15.780858463250551
4,38,13.911771272848258
4,39,14.906924497227887
4,40,14.73013201340195
4,41,16.528245009538644
4,42,18.544190188656206
4,43,20.948403049070837
4,44,20.842149036849253
4,45,21.717838672692725
4,46,20.061744572120002
4,47,20.298820474545746
4,48,18.8986556480957
4,49,18.533989855650375
4,50,18.458036690694147
4,51,20.267285112664414
4,52,19.85772230919381
4,53,22.83972420530411
4,54,25.05845470276664
4,55,23.540968523995797
4,56,23.8900948669013
4,57,22.21726925258941
4,58,23.431407937806043
4,59,23.60794788936683
4,60,25.938127972091582
4,61,28.683336949682676
4,62,27.259741176077913
4,63,24.172978127787673
4,64,26.2522704639363
4,65,24.637833759818804
4,66,20.97461815961574
4,67,19.518704665955617
4,68,16.67534695619455
4,69,17.496860819643242
4,70,17.77926742648094
4,71,18.497100209769723
4,72,14.955458809153669
4,73,13.225440189985083
4,74,13.543952524293083
4,75,12.021183674207458
4,76,8.695836091715737
4,77,9.87122332124448
4,78,10.572627994693375
4,79,11.630044706262382
4,80,14.646343205439962
4,81,17.85341358091883
4,82,20.935182296680093
4,83,24.274827167917998
4,84,25.065405514846947
4,85,27.656218175507007
4,86,25.162658687325738
4,87,22.82469076633588
4,88,25.577175083794796
4,89,26.56329408903224
4,90,23.06191758521228
4,91,21.485785169007446
4,92,19.395649817800297
4,93,16.207073406975724
4,94,14.399396795702234
4,95,12.209117194176523
4,96,10.098327326662515
4,97,10.696095435494689
4,98,10.163823764411985
4,99,12.759101567902553
4,100,14.149175994703805
4,101,17.46853653476545
4,102,16.78911851871986
4,103,13.085512539574852
4,104,10.872609713693313
4,105,8.198495014071922
4,106,8.110899043542647
4,107,7.085207988230804
4,108,10.053346030784764
4,109,11.40769303641536
4,110,15.08829405862892
4,111,17.193979109094368
4,112,20.289175642958178
4,113,23.56077225358794
4,114,25.01821676049664
4,115,28.014344762825786
5,1,13.352593441637348
5,2,10.41856885470777
5,3,7.149513959280611
5,4,3.7660982511148915
5,6,3.7804520869793103
5,7,6.776735213476682
5,8,10.179668483782624
5,9,12.348452430079067
5,10,13.55529629118603
5,11,17.244121546954734
5,12,19.734710293208096
5,13,23.4294279095193
5,14,26.033190171200204
5,15,25.76574099842609
5,16,22.35199381820649
5,17,22.983122423693242
5,18,20.982083033186566
5,19,18.467011994815607
5,20,14.959629940795196
5,21,12.518349264999529
5,22,8.9666742238723
5,23,7.449570743310153
5,24,5.519481402236626
5,25,6.490376741747063
5,26,6.421543776647794
5,27,9.901298374319062
5,28,11.695403579216224
5,29,15.38912372421831
5,30,17.362387744083048
5,31,19.93567500415878
5,32,21.456821089874776
5,33,20.42837644971529
5,34,23.27499482644522
5,35,21.07665678996248
5,36,18.40089283538452
5,37,18.554452280530683
5,38,16.314978559891568
5,39,17.243897582701113
5,40,16.441478021616952
5,41,18.23240823888974
5,42,19.70930260061168
5,43,22.18677846969594
5,44,22.681582599348378
5,45,23.52196207819055
5,46,22.025022407827638
5,47,21.710671362609865
5,48,20.41117051500933
5,49,20.549835961823185
5,50,20.44262613819414
5,51,22.648442774554685
5,52,22.117248805298676
5,53,25.34621881992791
5,54,27.339752607669347
5,55,25.39699711656881
5,56,25.74849784621827
5,57,23.8377168342107
5,58,25.123391608583738
5,59,24.94183497824617
5,60,27.230429250545306
5,61,29.61718785244608
5,62,27.885666675838117
5,63,24.751650876585465
5,64,26.81859750397379
5,65,24.773804336574727
5,66,21.33265163565404
5,67,19.97548462401712
5,68,17.153913910007507
5,69,17.660529832059044
5,70,18.587406628749847
5,71,18.894179454142556
5,72,15.123686596257354
5,73,14.313768108113257
5,74,14.870035067831195
5,75,12.501139543483728
5,76,9.778432631752692
5,77,10.109209537837485
5,78,11.516321598461287
5,79,11.563200201142196
5,80,14.75786488078623
5,81,17.414353501221807
5,82,20.538155938929776
5,83,23.563404063396725
5,84,24.030274230213436
5,85,26.965967110863282
5,86,24.906216591824993
5,87,22.27331217933774
5,88,24.780487911484574
5,89,26.243338347759416
5,90,22.99528048504541
5,91,21.024852007561528
5,92,19.242746613363522
5,93,16.527739854358202
5,94,15.094729220926954
5,95,13.783629697281688
5,96,12.022519478905416
5,97,13.520214314530106
5,98,13.21041287393677
5,99,16.116319777849682
5,100,17.41576030219841
5,101,20.828037401990375
5,102,20.36573726999385
5,103,16.72494044585938
5,104,14.575034440718184
5,105,11.86267517110979
5,106,11.178172942251276
5,107,9.111404511236422
5,108,10.991867532211728
5,109,11.157020852962784
5,110,14.48417497210634
5,111,16.25357835217688
5,112,18.92427855246283
5,113,21.99222900229064
5,114,22.962606640988803
5,115,25.70283923521569
6,1,14.109739959227142
6,2,11.60590256523163
6,3,8.498682341702624
6,4,5.199815462917246
6,5,3.7804520869793103
6,7,3.799686352100208
6,8,6.626723694993717
6,9,9.236908763413862
6,10,11.207682063001217
6,11,14.984192395244758
6,12,17.858197151243505
6,13,21.61993276963098
6,14,24.427459351540367
6,15,24.58546733903743
6,16,21.367545578419367
6,17,22.494069417877558
6,18,20.310961166465756
6,19,17.34030229284731
6,20,14.21203333345586
6,21,11.196152961516427
6,22,8.380085744887412
6,23,7.428763262840598
6,24,7.424678217249641
6,25,8.79711707579533
6,26,9.725039505190136
6,27,12.80625481942322
6,28,14.344978021178827
6,29,18.058403413370822
6,30,19.745298800979825
6,31,22.58640428525713
6,32,23.73768829968347
6,33,22.234488872316142
6,34,24.8418249839754
6,35,22.664965460445714
6,36,19.6451385044317
6,37,19.071697974483808
6,38,16.40130598234933
6,39,16.475098559476486
6,40,15.059434162757187
6,41,16.158811404282797
6,42,17.128947117199374
6,43,19.253729478349165
6,44,20.03914987464535
6,45,21.2548719251845
6,46,20.28577975583054
6,47,20.060267426358326
6,48,19.401140273757278
6,49,20.038825441878494
6,50,20.628893963422136
6,51,23.09396854281649
6,52,23.178648719338216
6,53,26.455860465457956
6,54,28.171588839466672
6,55,26.343850787806343
6,56,26.15624922787043
6,57,23.842730566220215
6,58,24.565613433811414
6,59,23.923997273774056
6,60,25.765791162176573
6,61,28.08835884518014
6,62,26.036110749219034
6,63,23.21902309800991
6,64,25.711395978847516
6,65,23.91888756335667
6,66,20.510229990309035
6,67,19.81291278048216
6,68,17.549367569243554
6,69,18.778775950598867
6,70,20.026090378056278
6,71,20.926595565859902
6,72,17.289233515529453
6,73,16.249728199069732
6,74,17.398634957629284
6,75,15.446579342708382
6,76,12.315962614537344
6,77,12.00173282338539
6,78,12.344851613962799
6,79,11.74133350898803
6,80,14.212826262752701
6,81,16.92576898391282
6,82,19.561370951153293
6,83,22.44293921283956
6,84,22.484022310058318
6,85,25.215982742958445
6,86,23.098054238978012
6,87,20.19959215326337
6,88,22.41684586213149
6,89,23.644149721165196
6,90,20.330885091894466
6,91,18.095014940113057
6,92,15.980765239001428
6,93,13.22131248057265
6,94,12.354081368995708
6,95,11.399631995215604
6,96,10.622683118218985
6,97,12.7041370537553
6,98,13.475417128184967
6,99,16.668574482455508
6,100,18.683228826808804
6,101,22.15470864294228
6,102,21.513070962697174
6,103,17.763372150376693
6,104,15.033197119798169
6,105,11.697367162969659
6,106,9.958186925409017
6,107,6.91287864261971
6,108,7.872638888768425
6,109,7.982435373487189
6,110,11.1735319960484
6,111,13.432808189949919
6,112,16.03656146307468
6,113,19.368159760437532
6,114,20.473451615771925
6,115,23.507957043020163
7,1,17.645644618811673
7,2,15.098909875290778
7,3,12.221347622016438
7,4,8.782823780908611
7,5,6.776735213476682
7,6,3.799686352100208
7,8,3.7927789540976082
7,9,5.659983648674432
7,10,7.591326254273163
7,11,11.323660066478249
7,12,14.400221831351521
7,13,18.12443122036781
7,14,21.1186980123958
7,15,21.338919478039134
7,16,18.338998959839312
7,17,19.90569446618163
7,18,17.91326446749582
7,19,14.862816548885206
7,20,12.214025478341195
7,21,9.345993578730491
7,22,7.38323026624748
7,23,8.174574398661537
7,24,9.348244761517519
7,25,11.730079912457537
7,26,12.96831247090205
7,27,16.28280631040661
7,28,17.480581265687597
7,29,21.26444455904812
7,30,22.607455083808166
7,31,25.257187497299842
7,32,26.053660927493063
7,33,24.22223773340366
7,34,26.942783775908826
7,35,25.137441707996256
7,36,21.850960665739912
7,37,20.881292622913936
7,38,17.75154450139501
7,39,17.340385884474944
7,40,15.147605173945792
7,41,15.89817192913588
7,42,16.079653672705156
7,43,18.13382444551526
7,44,19.618574219903163
7,45,20.784022155799214
7,46,20.183167828981446
7,47,19.447106147290498
7,48,19.222442011343873
7,49,20.553532648689526
7,50,21.48772159648862
7,51,24.38360533866431
7,52,24.75895027219119
7,53,28.22886904889836
7,54,29.51539256049501
7,55,27.429473890625516
7,56,26.88566266871541
7,57,24.17398977896307
7,58,24.606965950712013
7,59,23.410855621291677
7,60,24.936035377682707
7,61,26.84963082937252
7,62,24.41408181518193
7,63,21.78460800112614
7,64,24.43463641101288
7,65,22.48821231375011
7,66,19.391927412042037
7,67,19.232081513977256
7,68,17.481504560250695
7,69,18.947247174815146
7,70,20.83737668076592
7,71,21.88783124435076
7,72,18.365016147948584
7,73,17.803492394816036
7,74,19.544295574256363
7,75,17.490825376818
7,76,14.564781380993695
7,77,13.291282428567527
7,78,13.312081256710186
7,79,11.600466365068211
7,80,13.438298046953447
7,81,15.564882656709491
7,82,17.77201575340415
7,83,20.227602020258598
7,84,19.764016938856862
7,85,22.583932308902984
7,86,20.81445938272655
7,87,17.60577418195416
7,88,19.446215399267633
7,89,20.94059112855501
7,90,17.893039888346422
7,91,15.28333870284728
7,92,13.47777335156816
7,93,11.394130686171016
7,94,11.109900992122904
7,95,11.387296319332647
7,96,11.391372853261025
7,97,14.311189209989
7,98,15.648777733418255
7,99,19.15871209692592
7,100,21.47533591583786
7,101,25.084801428680105
7,102,24.700197983918855
7,103,21.011091400967814
7,104,18.000036856497413
7,105,14.572172691759414
7,106,12.11747947552121
7,107,8.524503240279227
7,108,7.708945932485687
7,109,6.079404449746705
7,110,8.439648230557216
7,111,10.365131838760062
7,112,12.558644868355955
7,113,15.803302273122904
7,114,16.71812044531307
7,115,19.747926901534854
8,1,19.308040726434545
8,2,17.259182324736265
8,3,14.559273239295726
8,4,11.569134576096738
8,5,10.179668483782624
8,6,6.626723694993717
8,7,3.7927789540976082
8,9,3.8041532683164605
8,10,7.260727293512814
8,11,10.558097620457161
8,12,14.059185786750616
8,13,17.635336687313163
8,14,20.83342914360318
8,15,21.537774521719452
8,16,18.956000215904574
8,17,21.048940259302324
8,18,19.017269596083246
8,19,15.6779718194227
8,20,13.75495681495229
8,21,10.69445104962777
8,22,9.950087619019339
8,23,10.932163699662759
8,24,12.734155040820818
8,25,14.853171319049318
8,26,16.288120856347117
8,27,19.338397107598837
8,28,20.546890024837204
8,29,24.270095708157186
8,30,25.534313833870662
8,31,28.380942373091564
8,32,29.01014986573795
8,33,26.940170417057548
8,34,29.402947179305215
8,35,27.562696921617256
8,36,24.155054710873678
8,37,22.710806937188316
8,38,19.446285192379957
8,39,18.31588689537942
8,40,15.706962685228682
8,41,15.542709608743671
8,42,14.975217987070932
8,43,16.33845958876506
8,44,18.20301995063489
8,45,19.85878986418695
8,46,19.962856126194716
8,47,19.403495131402586
8,48,19.915498886041437
8,49,21.637946693036948
8,50,23.15603794223893
8,51,26.115877235083204
8,52,26.962100560764462
8,53,30.356621548682988
8,54,31.452956846197242
8,55,29.55328998552668
8,56,28.593601200917075
8,57,25.634847226208283
8,58,25.519797089567433
8,59,23.916091022214346
8,60,24.88667651950419
8,61,26.676557656182112
8,62,23.92031623772598
8,63,21.783631061203593
8,64,24.829077057006124
8,65,23.235451977223892
8,66,20.317360195475317
8,67,20.817784860696268
8,68,19.633274256744837
8,69,21.5859169101784
8,70,23.571805017389693
8,71,24.99274487998699
8,72,21.6260396153899
8,73,20.85661064564774
8,74,22.792419640920826
8,75,21.01423058306442
8,76,17.895991778541767
8,77,16.55109003205837
8,78,15.964459008479258
8,79,14.05801009006879
8,80,15.08611106247263
8,81,17.083269243107484
8,82,18.612303952576575
8,83,20.747173947384827
8,84,19.745008231812466
8,85,22.212464165188866
8,86,20.472361116682876
8,87,17.023295620820814
8,88,18.30132923567584
8,89,19.441206615936633
8,90,16.439473078577066
8,91,13.420371745031353
8,92,11.11854503931643
8,93,9.246929168401037
8,94,10.221748699097478
8,95,11.129817088539442
8,96,12.360693191469846
8,97,15.409644518368982
8,98,17.486385647577304
8,99,20.945041301504297
8,100,23.659836806433468
8,101,27.178724254805353
8,102,26.569640370461386
8,103,22.882088805387216
8,104,19.635968381358374
8,105,15.975591938581012
8,106,13.021007575491483
8,107,9.227880498493601
8,108,7.057660593789535
8,109,5.2317077487991686
8,110,6.232344533808526
8,111,8.971340681009703
8,112,10.658019487974663
8,113,14.194720176774359
8,114,15.152432327775946
8,115,18.49580048126802
9,1,22.0694591749458
9,2,19.68620808914723
9,3,17.2670639637993
9,4,13.96129536046298
9,5,12.348452430079067
9,6,9.236908763413862
9,7,5.659983648674432
9,8,3.8041532683164605
9,10,3.791137550731872
9,11,6.846749871494265
9,12,10.32809245876697
9,13,13.878491736878035
9,14,17.06632809147632
9,15,17.920692950900587
9,16,15.488087142154292
9,17,17.81337770463347
9,18,15.871985241788503
9,19,12.548623557029574
9,20,11.273561643844555
9,21,8.703965494616257
9,22,9.14383674518117
9,23,11.267873418180317
9,24,13.720390351729357
9,25,16.49122925475966
9,26,18.30118100976595
9,27,21.531353379776867
9,28,22.256484352633944
9,29,26.01785465736941
9,30,26.855165644633445
9,31,29.442369257608966
9,32,29.677006661899423
9,33,27.32569782616108
9,34,29.896555204090227
9,35,28.50174236764917
9,36,24.91139896510567
9,37,23.23442707616084
9,38,19.67527067848786
9,39,18.353345225837025
9,40,15.244074237201733
9,41,15.075148180488602
9,42,13.9264878674657
9,43,15.512697973389628
9,44,17.95338331487931
9,45,19.140944325619746
9,46,19.31961354056089
9,47,18.10907576699537
9,48,18.81943607791849
9,49,21.077965526281538
9,50,22.72041768360232
9,51,26.010694553337558
9,52,27.017011961589635
9,53,30.5561486385241
9,54,31.222342251628117
9,55,29.057232294563878
9,56,27.844850940376045
9,57,24.6223418255617
9,58,24.358350329659352
9,59,22.342890814698585
9,60,23.128470627156844
9,61,24.471076944907786
9,62,21.484869109809914
9,63,19.45065449497391
9,64,22.460999084673375
9,65,20.696284011138363
9,66,18.1642964836796
9,67,19.0821989316993
9,68,18.401152584472804
9,69,20.480339901521248
9,70,22.941267557141014
9,71,24.48735593931142
9,72,21.37230018151112
9,73,21.003811145485013
9,74,23.43346841641797
9,75,21.69215841380781
9,76,18.810848266388856
9,77,16.730825218805336
9,78,15.881454196461544
9,79,13.22282306255346
9,80,13.556244428461868
9,81,14.854021883697829
9,82,15.90764371979087
9,83,17.607303070134872
9,84,16.25738886859309
9,85,18.790628621091205
9,86,17.393291129314832
9,87,13.785518547201736
9,88,14.827557769360416
9,89,16.340867035867927
9,90,13.68429893056551
9,91,10.499810101911622
9,92,9.039542365313391
9,93,8.347450310802339
9,94,9.385882737632501
9,95,11.467288496133609
9,96,12.85612726418552
9,97,16.400183926691962
9,98,18.608949619799674
9,99,22.28081524855028
9,100,25.106477980829286
9,101,28.759870496642577
9,102,28.586169968227356
9,103,25.03379294686733
9,104,21.632311158145267
9,105,18.138348498485303
9,106,14.915266898125285
9,107,11.230301648213581
9,108,8.443218520025464
9,109,5.070620310916323
9,110,4.313906911647246
9,111,5.723722639411824
9,112,7.0947043105664775
9,113,10.50435595811391
9,114,11.598898354281975
9,115,14.9826522452719
10,1,24.23586525504999
10,2,21.44388985187742
10,3,19.144518818103393
10,4,15.553605805650959
10,5,13.55529629118603
10,6,11.207682063001217
10,7,7.591326254273163
10,8,7.260727293512814
10,9,3.791137550731872
10,11,3.787955959335389
10,12,6.926476372469
10,13,10.610642805812516
10,14,13.743078077965311
10,15,14.294541971959807
10,16,11.744966592546813
10,17,14.117565475439271
10,18,12.458302380810014
10,19,9.448874779081493
10,20,8.602170861251667
10,21,7.1766605457791055
10,22,8.303324677410385
10,23,11.44233937613499
10,24,13.971509878009117
10,25,17.292665136792873
10,26,19.1668784168218
10,27,22.597269319229586
10,28,22.964819799313236
10,29,26.71847385593407
10,30,27.259653156121754
10,31,29.460536873089104
10,32,29.459479009679065
10,33,27.040707094696522
10,34,29.844044437921482
10,35,28.87662824719125
10,36,25.253045067199906
10,37,23.678145391064135
10,38,20.005703821683714
10,39,18.949921604074603
10,40,15.71710829139407
10,41,16.05857778593789
10,42,14.866211240290943
10,43,16.94115108151983
10,44,19.577215351236024
10,45,20.10226561557478
10,46,19.9586273883168
10,47,18.060512644364355
10,48,18.50123417709638
10,49,21.00569359508693
10,50,22.383885272357507
10,51,25.903626014066948
10,52,26.756562612403055
10,53,30.437045858037315
10,54,30.8125556702679
10,55,28.28752701231715
10,56,27.103629610170355
10,57,23.805874762733186
10,58,23.741804364728676
10,59,21.580614123432863
10,60,22.50834577170463
10,61,23.422344945396457
10,62,20.41959103644299
10,63,18.20983105515038
10,64,20.863529838449562
10,65,18.63661395367885
10,66,16.498253548994683
10,67,17.432013239231157
10,68,16.95290111573104
10,69,18.77222193914594
10,70,21.6792189968591
10,71,23.05234129350892
10,72,20.146539561144685
10,73,20.375826049645006
10,74,23.09247113304119
10,75,21.21660628050522
10,76,18.790798756043188
10,77,16.118121448022816
10,78,15.443475418099831
10,79,12.178352211449765
10,80,12.234540300398395
10,81,12.636575607185357
10,82,13.566617080293128
10,83,14.859709150988596
10,84,13.389143066396691
10,85,16.34132531504528
10,86,15.457277115451582
10,87,11.865495515934397
10,88,12.939318759557153
10,89,15.211892983341347
10,90,13.081354959472144
10,91,10.165408880707536
10,92,10.109324948159644
10,93,10.346735520985298
10,94,10.662757669719872
10,95,13.167799410736217
10,96,14.012468186870658
10,97,17.75372139008207
10,98,19.635354746089444
10,99,23.42657106683789
10,100,26.078400356423003
10,101,29.840515073300647
10,102,30.110603593251742
10,103,26.68618316911744
10,104,23.341163532552
10,105,20.11838996630344
10,106,17.007926300059076
10,107,13.551373302300739
10,108,11.055422892192038
10,109,7.295688324330062
10,110,6.387463542878749
10,111,5.242461010400182
10,112,6.111169658736162
10,113,8.586329706154746
10,114,9.5100062807049
10,115,12.504988936559332
11,1,27.927878641828237
11,2,25.11840194007688
11,3,22.90851009008218
11,4,19.307141611594044
11,5,17.244121546954734
11,6,14.984192395244758
11,7,11.323660066478249
11,8,10.558097620457161
11,9,6.846749871494265
11,10,3.787955959335389
11,12,3.783649678678871
11,13,7.108951355922072
11,14,10.520133835966128
11,15,11.279354872763605
11,16,9.432979492880428
11,17,12.487439435309117
11,18,11.401927039310065
11,19,8.911844213141126
11,20,9.583322136060016
11,21,9.35181067646829
11,22,11.324373904502965
11,23,14.737042723008852
11,24,17.382401260777485
11,25,20.83538272066787
11,26,22.755194293950538
11,27,26.215519985159993
11,28,26.417735783203504
11,29,30.132913296046173
11,30,30.46087766963695
11,31,32.47970359026486
11,32,32.232384879540966
11,33,29.66488008787966
11,34,32.4660315686657
11,35,31.8019710078455
11,36,28.12644938273654
11,37,26.383830800749347
11,38,22.62766621580778
11,39,21.36327823000696
11,40,17.893184267294284
11,41,17.975722840568178
11,42,16.18993313054858
11,43,18.010138826315814
11,44,21.078145266585395
11,45,21.37535057274677
11,46,21.52335112365843
11,47,19.215269870603365
11,48,19.99279952315435
11,49,22.903116348143417
11,50,24.424668472755933
11,51,28.092786781485174
11,52,29.106589438541896
11,53,32.80138422459781
11,54,32.811065564262655
11,55,30.14720456787941
11,56,28.722406549922525
11,57,25.257198934138707
11,58,24.95435460734406
11,59,22.385322107097863
11,60,22.92534691194827
11,61,23.235111821844548
11,62,19.973594496128815
11,63,18.179926031707353
11,64,20.726925591751296
11,65,18.43862938507033
11,66,17.017108883294927
11,67,18.475263027568634
11,68,18.61459181818853
11,69,20.441217556119234
11,70,23.668638976697295
11,71,25.073513743740463
11,72,22.484446856044492
11,73,23.038790297656153
11,74,25.985517955573673
11,75,24.150241433789443
11,76,21.971177797043048
11,77,18.99117924880795
11,78,18.196461024115376
11,79,14.638454695503825
11,80,14.000502746455052
11,81,13.450595699309256
11,82,13.493034920971489
11,83,13.794512387374654
11,84,11.507027970993278
11,85,14.41366673352565
11,86,14.337733697524664
11,87,10.690676080431118
11,88,10.822746336893285
11,89,13.610864502269706
11,90,12.38952223668069
11,91,9.45056774343109
11,92,10.559466744261876
11,93,12.054736017210475
11,94,12.773394818073145
11,95,15.852100220771058
11,96,16.974993455477772
11,97,20.787857355450154
11,98,22.795338240668972
11,99,26.59029096452234
11,100,29.306152078979984
11,101,33.07360756020224
11,102,33.520625344273256
11,103,30.184900315805862
11,104,26.779258562100555
11,105,23.624440998421314
11,106,20.39565016728445
11,107,17.032360002065577
11,108,14.239872918357067
11,109,10.439430964075534
11,110,8.44666643764649
11,111,5.947607137516781
11,112,4.609117805621641
11,113,5.488223825862308
11,114,5.935227176402372
11,115,8.79965644647941
12,1,30.297214782355983
12,2,27.28574372183336
12,3,25.357639383706612
12,4,21.721796235756155
12,5,19.734710293208096
12,6,17.858197151243505
12,7,14.400221831351521
12,8,14.059185786750616
12,9,10.32809245876697
12,10,6.926476372469
12,11,3.783649678678871
12,13,3.7909137412450096
12,14,6.852986829819032
12,15,7.765375698366872
12,16,6.061531361365707
12,17,9.316619849410092
12,18,8.58945594030463
12,19,6.919785515710296
12,20,8.938303831262507
12,21,10.057226139668728
12,22,12.634600221469958
12,23,16.25443524567567
12,24,18.999681901266378
12,25,22.617157100631015
12,26,24.724741061788414
12,27,28.142842072258087
12,28,27.930650655410407
12,29,31.52693283524888
12,30,31.47260440605661
12,31,33.17161863868409
12,32,32.57754093083119
12,33,29.87583959698927
12,34,32.70053582254486
12,35,32.4763087444987
12,36,28.80939459932118
12,37,27.02808800637217
12,38,23.274432599220404
12,39,22.090987557848372
12,40,18.61620647245808
12,41,18.93978027080145
12,42,17.108099865887727
12,43,19.166438578755024
12,44,22.2815314277067
12,45,21.979245046681672
12,46,21.942863788649067
12,47,19.119971129438024
12,48,19.79388824375702
12,49,22.911782005937454
12,50,24.307385544572067
12,51,28.07908177070289
12,52,29.104935632385946
12,53,32.80051064685035
12,54,32.425380488762315
12,55,29.556493178484608
12,56,28.02319044482077
12,57,24.51827336924338
12,58,24.2257577207248
12,59,21.484333807030197
12,60,21.97115184115831
12,61,21.748454441243286
12,62,18.549238490186585
12,63,16.829610388349117
12,64,18.929185431099796
12,65,16.39459057099495
12,66,15.670329028637727
12,67,17.35065623220908
12,68,17.999055423402783
12,69,19.69709077216316
12,70,23.191047524149727
12,71,24.598563173543262
12,72,22.457991862648214
12,73,23.37890371813779
12,74,26.58383094231531
12,75,24.90513086851106
12,76,23.085473279116208
12,77,19.73211384873327
12,78,18.829050966335625
12,79,15.063217961766771
12,80,13.839543765705008
12,81,12.287423273223204
12,82,11.66980910055474
12,83,11.10772129201871
12,84,8.478510699017443
12,85,11.612114433296114
12,86,12.292323513726414
12,87,9.067774182371714
12,88,8.99123667550993
12,89,12.43531551006922
12,90,12.047272064581582
12,91,9.977547130598667
12,92,12.23217501016421
12,93,14.21519006453044
12,94,14.41623199047223
12,95,17.656927496886684
12,96,18.51366937053971
12,97,22.303746776868987
12,98,24.15280500342202
12,99,27.914584408760494
12,100,30.54749840049481
12,101,34.312213156858625
12,102,35.141861915530086
12,103,32.004640827619895
12,104,28.623857557513453
12,105,25.74275129621836
12,106,22.567708930667077
12,107,19.50411594774773
12,108,16.843377252940062
12,109,13.086219759408971
12,110,11.191732850665666
12,111,7.8442628629881215
12,112,6.502497017982905
12,113,5.239208194913369
12,114,5.912821261324156
12,115,7.643193977488057
13,1,34.04619944447264
13,2,31.010652771317528
13,3,29.12650950479794
13,4,25.480759742357247
13,5,23.4294279095193
13,6,21.61993276963098
13,7,18.12443122036781
13,8,17.635336687313163
13,9,13.878491736878035
13,10,10.610642805812516
13,11,7.108951355922072
13,12,3.7909137412450096
13,14,3.7695274225200777
13,15,5.070590360819787
13,16,5.42353183874125
13,17,9.00829270273235
13,18,9.379661383584073
13,19,8.99638265861302
13,20,11.827425138664909
13,21,13.507426379252124
13,22,16.218738583560928
13,23,19.863946642416572
13,24,22.580589430050477
13,25,26.243154563854468
13,26,28.334837467258104
13,27,31.765819805838344
13,28,31.446899751002455
13,29,34.987203963257464
13,30,34.779413463266856
13,31,36.2946152044899
13,32,35.52000885389363
13,33,32.75877790622593
13,34,35.56510330438843
13,35,35.5996873812506
13,36,31.951305110462837
13,37,30.10977844450618
13,38,26.378271921186176
13,39,25.126706121106338
13,40,21.622533233089264
13,41,21.816627809694882
13,42,19.70672274896215
13,43,21.52986772396927
13,44,24.818270928859192
13,45,24.308211800696366
13,46,24.43977362696799
13,47,21.382945255584115
13,48,22.224453206228148
13,49,25.518745272284022
13,50,26.931652230374493
13,51,30.730770948078593
13,52,31.82350010312372
13,53,35.47638101710908
13,54,34.80179431625206
13,55,31.83911479116442
13,56,30.17029822639156
13,57,26.64136548735495
13,58,26.208478976113227
13,59,23.24555016396392
13,60,23.415242234784376
13,61,22.58942472940403
13,62,19.35109352485663
13,63,18.10808118293641
13,64,19.864223015014346
13,65,17.359797259980517
13,66,17.43883564557069
13,67,19.403487136389447
13,68,20.492753442633305
13,69,22.054030747486447
13,70,25.685439591166947
13,71,27.033728857087702
13,72,25.210999385126215
13,73,26.390265278172613
13,74,29.688308702524772
13,75,28.043306191339816
13,76,26.456421387299706
13,77,22.970994025232155
13,78,22.065801654315536
13,79,18.268123874631694
13,80,16.72839376201055
13,81,14.57105871238982
13,82,13.259518292782447
13,83,11.591639637355179
13,84,8.341047049475703
13,85,11.023880754704031
13,86,12.829545604742991
13,87,10.22291231429216
13,88,9.050862884808186
13,89,12.749326319214882
13,90,13.474149581267726
13,91,11.871738421648923
13,92,14.716217746674483
13,93,17.244727135256547
13,94,17.621357199078272
13,95,21.02944205348219
13,96,21.980657586531805
13,97,25.739966050844906
13,98,27.60302222553339
13,99,31.324720295974004
13,100,33.94739528521912
13,101,37.69027611216208
13,102,38.66605937234149
13,103,35.610071053567516
13,104,32.223437582141045
13,105,29.412965474530733
13,106,26.2091239650197
13,107,23.210376032492693
13,108,20.452289222830025
13,109,16.728016152912872
13,110,14.524843525252718
13,111,11.057173363117386
13,112,8.98667242834547
13,113,6.123994356101639
13,114,5.792800029711553
13,115,5.639607833260406
14,1,36.19546952379505
14,2,33.062406281610194
14,3,31.481270311845417
14,4,27.888180395730252
14,5,26.033190171200204
14,6,24.427459351540367
14,7,21.1186980123958
14,8,20.83342914360318
14,9,17.06632809147632
14,10,13.743078077965311
14,11,10.520133835966128
14,12,6.852986829819032
14,13,3.7695274225200777
14,15,3.8047830941374996
14,16,5.384100490771359
14,17,7.906203691410669
14,18,8.665213605718789
14,19,9.412339963756457
14,20,12.884355766889444
14,21,15.167583722901162
14,22,18.16185840456897
14,23,21.719233220561758
14,24,24.51694137734151
14,25,28.175693102177934
14,26,30.466169179023115
14,27,33.76732903478681
14,28,33.07534561787686
14,29,36.45591380010564
14,30,35.884957904300215
14,31,37.1459701494099
14,32,36.02816292558223
14,33,33.14523307590731
14,34,35.85575687656836
14,35,36.28102205878363
14,36,32.68971148049375
14,37,30.784146569685763
14,38,27.148631321169745
14,39,25.93116376133753
14,40,22.538875063369847
14,41,22.867171086400056
14,42,20.802044797782564
14,43,22.73750659003637
14,44,25.929941774124515
14,45,24.91425037526795
14,46,24.902686619169412
14,47,21.537566207405305
14,48,22.307780790896736
14,49,25.679598665363482
14,50,27.002804697625162
14,51,30.78062358014891
14,52,31.935258770399816
14,53,35.4887923055882
14,54,34.43731631104629
14,55,31.3963733086131
14,56,29.595358842679417
14,57,26.113116502624504
14,58,25.623571674672572
14,59,22.574982829323126
14,60,22.619620395328315
14,61,21.262139187578082
14,62,18.254568112206897
14,63,17.24759485004285
14,64,18.43306374552959
14,65,15.9250545812935
14,66,16.80831315302962
14,67,18.95913777748419
14,68,20.560305190373
14,69,22.039551088538804
14,70,25.7179366354847
14,71,27.136130324129503
14,72,25.811004384770307
14,73,27.15616053196401
14,74,30.621821300517126
14,75,29.245158267805827
14,76,27.907716572880442
14,77,24.24149176810309
14,78,23.153830708705225
14,79,19.41218512335809
14,80,17.407991252016696
14,81,14.633896491562446
14,82,12.661861943540375
14,83,10.057915517819216
14,84,6.801577728922205
14,85,9.00107833544097
14,86,11.69713270003743
14,87,10.142963263751637
14,88,8.87129608339819
14,89,12.57591230421168
14,90,14.043120040242535
14,91,13.420547625836093
14,92,16.75903472180615
14,93,19.42786877049323
14,94,19.409254032359343
14,95,22.807533684127844
14,96,23.58176383982561
14,97,27.208860452701035
14,98,28.96227788132845
14,99,32.568083205336805
14,100,35.126647583444516
14,101,38.799024814597104
14,102,40.087161590749986
14,103,37.250968148870996
14,104,33.89950230329326
14,105,31.351199450499276
14,106,28.208268585855393
14,107,25.51080800178846
14,108,22.866862639852904
14,109,19.2807828205636
14,110,17.210827954134768
14,111,13.510707687867098
14,112,11.85887250317359
14,113,8.789138749413631
14,114,9.105066950716024
14,115,8.277705637846495
15,1,36.78318194499823
15,2,33.47974919416236
15,3,31.690165749704057
15,4,27.993391174193253
15,5,25.76574099842609
15,6,24.58546733903743
15,7,21.338919478039134
15,8,21.537774521719452
15,9,17.920692950900587
15,10,14.294541971959807
15,11,11.279354872763605
15,12,7.765375698366872
15,13,5.070590360819787
15,14,3.8047830941374996
15,16,3.8028284483255055
15,17,6.300932215862621
15,18,8.595933260154904
15,19,10.241755489594501
15,20,13.175602910834007
15,21,15.915889932166378
15,22,18.33004752751099
15,23,22.03104062654568
15,24,24.36448923618378
15,25,28.13538256496774
15,26,30.0657510678501
15,27,33.501219488772804
15,28,32.93030988131306
15,29,36.2970409314371
15,30,35.870920270838404
15,31,36.887915463677714
15,32,35.96690035943321
15,33,33.35882970874044
15,34,36.33533395115099
15,35,36.78390748069185
15,36,33.31950356449327
15,37,31.80701285249652
15,38,28.25324337174758
15,39,27.497395521343833
15,40,24.293539219585004
15,41,25.06728394127747
15,42,23.367095476569503
15,43,25.579300214406643
15,44,28.645977742995797
15,45,27.652525906298585
15,46,27.300006770162216
15,47,23.918447137749666
15,48,24.196472882048425
15,49,27.301744531994025
15,50,28.177450646208758
15,51,31.93058916989721
15,52,32.65935310563256
15,53,36.29268639425067
15,54,35.41018310414258
15,55,32.141386954807636
15,56,30.741073903678995
15,57,27.456852974777444
15,58,27.45944172447043
15,59,24.731379774982283
15,60,25.240939155466293
15,61,24.04596085083086
15,62,21.27727552718068
15,63,19.817004657776828
15,64,20.68129751387109
15,65,17.70431165171383
15,66,18.43344560644757
15,67,19.94693279085787
15,68,21.050680006926694
15,69,21.91075533263237
15,70,25.696660242869264
15,71,26.587560642072383
15,72,25.205582774030482
15,73,27.014735495390827
15,74,30.28491999960159
