1,2,3.808595315145055
1,3,5.961123129073474
1,4,9.644654772539552
1,5,11.606289735198029
1,6,15.122758418607539
1,7,18.190432773764954
1,8,19.702470095501816
1,9,23.466039713928172
1,10,26.37784831617392
1,11,30.135150549660608
1,12,31.13025226485829
1,13,30.840637864882478
1,14,32.66505873375206
1,15,35.7822970086534
1,16,35.59734897860255
1,17,38.86072857231356
1,18,41.288807723259126
1,19,44.2776104587889
1,20,42.536088092259426
1,21,41.00837276027146
1,22,43.09956376443656
1,23,44.478986115940984
1,24,44.65541897249582
1,25,41.05106492191635
1,26,37.99581158690871
1,27,35.38761559707315
1,28,35.93935536424365
1,29,34.90651643617638
1,30,34.000142761490025
1,31,35.58482163275621
1,32,38.90825740745894
1,33,42.284563012339824
1,34,43.08688424959664
1,35,40.03164894786671
1,36,37.92502977955289
1,37,34.202259664068016
1,38,33.24279335384626
1,39,35.14204977067672
1,40,35.72232220885128
1,41,37.978224313595454
1,42,39.497781633181894
1,43,40.378043885214964
1,44,41.9140284729046
1,45,44.19363213072132
1,46,45.12972287315092
1,47,45.85755593712239
1,48,48.71839732848689
1,49,50.37229625660106
1,50,49.9938505308198
1,51,53.68808886887418
1,52,54.86309472944388
1,53,53.08329144572031
1,54,54.70356409865464
1,55,58.2640194962179
1,56,58.03723950447832
1,57,59.87491931651298
1,58,58.07913017593992
1,59,56.325662742596336
1,60,54.137771217962936
1,61,52.893537695084945
1,62,49.637724273938325
1,63,48.480287318334284
1,64,49.44979608127512
1,65,47.66307736472189
1,66,44.49958290879653
1,67,44.74535325290654
1,68,44.59372095947599
1,69,42.23540895306474
1,70,39.88404762509247
1,71,40.588562703197624
1,72,39.72934124546477
1,73,36.58211952784221
1,74,37.38426786629056
1,75,35.91096135408284
1,76,37.96745274555397
1,77,35.114773306559954
1,78,37.72819105485546
1,79,39.83696726348591
1,80,43.204871106997395
1,81,46.226603567401824
1,82,48.88638768662878
1,83,52.11076216527808
1,84,55.08205749276916
1,85,56.89336116898917
1,86,54.162848250457365
1,87,54.265589562186484
1,88,58.05191183729782
1,89,58.15010215792921
1,90,55.811793948954914
1,91,57.89606941299162
1,92,61.16949878160134
1,93,62.42241569346361
1,94,59.447474742443305
1,95,60.528438270355124
1,96,63.99883749480651
1,97,62.58469144228905
1,98,60.32310671511227
1,99,63.28157737874815
1,100,65.30650300936367
1,101,62.621968560717086
1,102,62.74464253450816
1,103,59.95961561738807
1,104,59.777799287269126
1,105,57.43800720518817
1,106,54.19896142386781
1,107,54.02313899024264
1,108,50.6293293718601
1,109,51.80541599665584
1,110,55.10181989576395
1,111,55.73410883280624
1,112,57.055256064713205
1,113,53.45028952890603
1,114,52.30019920985721
1,115,52.81939357523802
1,116,55.79026845969101
1,117,55.288107816436366
1,118,55.99632738755931
1,119,55.87397394653386
1,120,52.795438182612685
1,121,49.74233486984731
1,122,48.388793400157105
1,123,48.33860888564472
1,124,48.02427543774289
1,125,51.47703265976175
1,126,51.66700063706353
1,127,50.17901360423386
1,128,49.86537011111107
1,129,49.959687579038665
2,1,3.808595315145055
2,3,3.804867590523707
2,4,6.963895708161991
2,5,8.492446981704651
2,6,12.20414145791524
2,7,15.029499537812333
2,8,16.818329492780773
2,9,20.570028565798275
2,10,23.60951804157257
2,11,27.320724842738574
2,12,28.45515960150634
2,13,28.22696066154808
2,14,30.29148340973974
2,15,33.25196267524786
2,16,33.02877461432484
2,17,36.13249010796312
2,18,38.73313916388523
2,19,41.629707485307506
2,20,39.94572937007538
2,21,38.659107198208225
2,22,40.961351452805594
2,23,42.219008871550294
2,24,42.49662718761429
2,25,38.84835846885412
2,26,35.77438516449641
2,27,33.02269370346545
2,28,33.26604843482914
2,29,32.05478703439155
2,30,30.888211489635548
2,31,32.31702080578025
2,32,35.71369084357998
2,33,39.04202269133391
2,34,39.71400494894141
2,35,36.57818094331098
2,36,34.50890750202637
2,37,30.778633928065805
2,38,29.95963086397925
2,39,32.05172314504942
2,40,32.57783915684998
2,41,34.660801951694005
2,42,36.28901083165649
2,43,37.33009174727939
2,44,38.75406197842158
2,45,40.94603471765006
2,46,42.032307932282826
2,47,42.86632008161451
2,48,45.604240210823114
2,49,47.34613016171422
2,50,47.13806157493762
2,51,50.82866979013482
2,52,51.94617717016097
2,53,50.31558373766926
2,54,52.039929059202684
2,55,55.53357692146606
2,56,55.37981644433975
2,57,57.09078681015907
2,58,55.356525225178856
2,59,53.76859589167319
2,60,51.492933501898435
2,61,50.10375405768552
2,62,46.9284047287665
2,63,45.83592840069947
2,64,46.623937868503795
2,65,44.725400170015504
2,66,41.68195848678319
2,67,41.914717630298185
2,68,41.550005572179735
2,69,39.161500386536005
2,70,36.98645174957657
2,71,37.745055786051246
2,72,37.13093245449071
2,73,34.05010177890685
2,74,34.99796350309056
2,75,33.62388481250435
2,76,35.44194609127766
2,77,32.40424118798149
2,78,34.81627764465367
2,79,36.88587836692321
2,80,40.356166065956984
2,81,43.26356204612804
2,82,46.012153805200924
2,83,49.27646217344918
2,84,52.1365183524195
2,85,54.08113611149737
2,86,51.390554200951826
2,87,51.322649825168895
2,88,55.11843729450387
2,89,55.354633316937935
2,90,52.94547028472586
2,91,54.88923331266997
2,92,58.24185569947049
2,93,59.50791495906577
2,94,56.466867997389286
2,95,57.411520578543445
2,96,60.90020093929171
2,97,59.53732563182555
2,98,57.16484861640435
2,99,60.04451485178073
2,100,62.13280839683922
2,101,59.4477080750786
2,102,59.445054161199316
2,103,56.626286982502165
2,104,56.42102825882386
2,105,54.154050145237335
2,106,50.84700180545745
2,107,50.59820053510549
2,108,47.25016906946368
2,109,48.56039692089138
2,110,51.83967225507412
2,111,52.59196609360949
2,112,53.843039642634295
2,113,50.20428391171431
2,114,49.202826587427985
2,115,49.83830335211783
2,116,52.91518289812086
2,117,52.59371988676486
2,118,53.38222657552255
2,119,53.108327387436304
2,120,50.075046888383625
2,121,46.98523731361017
2,122,45.7529491876153
2,123,45.62264897108325
2,124,45.38171913782026
2,125,48.9101870181281
2,126,49.212432267433826
2,127,47.817554488431895
2,128,47.73865472699291
2,129,47.88339310980805
3,1,5.961123129073474
3,2,3.804867590523707
3,4,3.7893864601372926
3,5,6.008103078296154
3,6,9.399571143057939
3,7,12.730881986647145
3,8,14.715846421081809
3,9,18.33369292599043
3,10,21.562066806032952
3,11,25.238915027820816
3,12,26.697095165587598
3,13,26.926828305601482
3,14,29.22052152232245
3,15,32.33046138455271
3,16,32.53083162091302
3,17,35.62030911373342
3,18,38.40235507047541
3,19,41.077816901166855
3,20,39.1066332379889
3,21,37.940206665800275
3,22,40.13878888733614
3,23,41.09456699761959
3,24,41.06989696786146
3,25,37.345051794300964
3,26,34.50331025455312
3,27,31.537959334893326
3,28,31.73510764344814
3,29,30.281430589755
3,30,29.278713446929782
3,31,30.731266870849627
3,32,34.19078859844775
3,33,37.401906735669236
3,34,38.363918638578916
3,35,35.19462502283198
3,36,33.418765094161024
3,37,29.647886746266465
3,38,29.134067930168122
3,39,31.36000677165245
3,40,32.295875046475864
3,41,34.21747186385757
3,42,35.559136393016644
3,43,36.86399324785296
3,44,38.52322896542649
3,45,40.44051738681688
3,46,41.36834412716401
3,47,42.5004020563754
3,48,45.24495067073501
3,49,46.77281078305596
3,50,46.73045109630744
3,51,50.488516620047704
3,52,51.337576377710825
3,53,49.63314786186696
3,54,51.57153298547879
3,55,54.994374241252764
3,56,54.618742131779335
3,57,56.18596674931497
3,58,54.252529628568496
3,59,52.63376549615931
3,60,50.18524805058682
3,61,48.95899237952973
3,62,45.89504603242652
3,63,44.53246262729881
3,64,45.2049867133671
3,65,43.533811895732356
3,66,40.46141167980195
3,67,40.37090242858982
3,68,40.07754387228617
3,69,37.96715816478997
3,70,35.70641345952033
3,71,36.099766605701234
3,72,35.33358848228001
3,73,32.06431959491445
3,74,32.67139936680428
3,75,30.990856688763117
3,76,32.77691290494774
3,77,29.890716317807634
3,78,32.47874572353512
3,79,34.81696362464733
3,80,38.19137457914048
3,81,41.24873465588171
3,82,44.100558181417654
3,83,47.22199791182657
3,84,50.167039024200974
3,85,52.14984524793837
3,86,49.610198486598144
3,87,49.677449072603835
3,88,53.46776268747965
3,89,53.80500062792376
3,90,51.58077335421579
3,91,53.551647414966546
3,92,56.89580304780158
3,93,58.376647006583624
3,94,55.45220380042601
3,95,56.32749823251442
3,96,59.89915545661489
3,97,58.741243893534254
3,98,56.39615673277182
3,99,59.213698838142676
3,100,61.460590597000994
3,101,58.94779728175737
3,102,58.89223484976847
3,103,55.9164130022868
3,104,55.46452117087453
3,105,53.05515943769442
3,106,49.76342995907736
3,107,49.324475884454436
3,108,45.87762584868411
3,109,47.16449455409415
3,110,50.314928845091295
3,111,50.873559519293465
3,112,51.9836906240941
3,113,48.32155141821443
3,114,47.198564283241765
3,115,47.598620893498804
3,116,50.62031710782302
3,117,50.21131583173522
3,118,50.79147356262639
3,119,50.496462189485364
3,120,47.34548025351338
3,121,44.37930188227951
3,122,43.236236392170376
3,123,43.358973065989794
3,124,43.330124139611215
3,125,46.86656599746179
3,126,47.360357990399216
3,127,46.175220130277
3,128,46.02634605169397
3,129,46.44643719046666
4,1,9.644654772539552
4,2,6.963895708161991
4,3,3.7893864601372926
4,5,3.8163183184363736
4,6,6.672002007427403
4,7,10.14772646789856
4,8,12.801108108051043
4,9,16.122962286924547
4,10,19.641103161190447
4,11,23.155453481163057
4,12,25.042207059227408
4,13,25.68954405871585
4,14,28.353032038944296
4,15,31.349466097259636
4,16,31.769147652847405
4,17,34.63974021545683
4,18,37.67263866057363
4,19,40.099442168812544
4,20,38.033519243293796
4,21,37.195131466102524
4,22,39.50862632785766
4,23,40.150539674820465
4,24,40.022283233259174
4,25,36.23848333354032
4,26,33.57174674974362
4,27,30.3545155724584
4,28,30.184903285760726
4,29,28.35120972763259
4,30,27.16296333584259
4,31,28.402345657672182
4,32,31.985370826751605
4,33,35.01275959135998
4,34,36.014588700410094
4,35,32.7168980310041
4,36,31.23873070006366
4,37,27.46486386910691
4,38,27.381520451336595
4,39,29.912823350253234
4,40,31.017404265251397
4,41,32.595995812771
4,42,33.887981431933945
4,43,35.53755725286225
4,44,37.17818986121241
4,45,38.81164768823136
4,46,39.82218594980675
4,47,41.24316217813203
4,48,43.82651504877085
4,49,45.324693724459934
4,50,45.56783984670335
4,51,49.33438610712507
4,52,49.964166345261674
4,53,48.3874839941677
4,54,50.54596671364688
4,55,53.840797929783946
4,56,53.413507990720156
4,57,54.75447852578584
4,58,52.76983526534213
4,59,51.309732359931346
4,60,48.67064277652647
4,61,47.40559282631368
4,62,44.51876279955047
4,63,43.05556439744277
4,64,43.44740600748882
4,65,41.81817020358018
4,66,38.88395231365019
4,67,38.54982235314511
4,68,38.060286291246285
4,69,36.13013530247778
4,70,34.03925610855503
4,71,34.221473937231195
4,72,33.622176068317984
4,73,30.309996084363416
4,74,30.780181607052377
4,75,28.942794617363464
4,76,30.402857320378626
4,77,27.464963529512843
4,78,29.94353488821294
4,79,32.46648183410968
4,80,35.86230837125075
4,81,38.89150623818478
4,82,41.92239257215647
4,83,44.959430749847634
4,84,47.83118178541788
4,85,49.992834930887284
4,86,47.62489103454479
4,87,47.59973149650955
4,88,51.38183848118256
4,89,51.94560891118649
4,90,49.782530434305066
4,91,51.604568274255385
4,92,55.02017582269783
4,93,56.65271101090517
4,94,53.74092494795774
4,95,54.410706142309515
4,96,58.044232683209856
4,97,57.0760794622029
4,98,54.62727399461704
4,99,57.300839961002275
4,100,59.711205472136285
4,101,57.30530157972946
4,102,57.06560377899028
4,103,53.96671503223468
4,104,53.33324441032356
4,105,50.93487131375983
4,106,47.57704627611149
4,107,46.904877532823335
4,108,43.46407675830451
4,109,44.91096463678354
4,110,47.93039096475123
4,111,48.4935749864688
4,112,49.39474305008164
4,113,45.676707503914244
4,114,44.65367988315813
4,115,44.99423893713319
4,116,48.08955720303804
4,117,47.81774552607006
4,118,48.296607981378614
4,119,47.80025940377791
4,120,44.593042027453244
4,121,41.71807002903575
4,122,40.814358007925
4,123,41.07346235457902
4,124,41.307311460972926
4,125,44.91377008678097
4,126,45.67098161354883
4,127,44.740718441427234
4,128,44.77103268383921
4,129,45.42672278985044
5,1,11.606289735198029
5,2,8.492446981704651
5,3,6.008103078296154
5,4,3.8163183184363736
5,6,3.76265352552764
5,7,6.769296071215845
5,8,9.18462275297703
5,9,12.663324574786037
5,10,16.089285937940183
5,11,19.65783631863305
5,12,21.397761754293
5,13,21.93249743691089
5,14,24.621084608218137
5,15,27.562143636878027
5,16,27.977348800508906
5,17,30.829982194783693
5,18,33.88207753174874
5,19,36.285732574138514
5,20,34.229023961170064
5,21,33.42590924585829
5,22,35.796942329894335
5,23,36.43863441851138
5,24,36.40507476753368
5,25,32.630848037574474
5,26,29.90536679236575
5,27,26.69575042321993
5,28,26.481972218526867
5,29,24.730787848441405
5,30,23.535709781530116
5,31,24.86646808261089
5,32,28.3938850986112
5,33,31.51891326815491
5,34,32.51144446342346
5,35,29.30266265256927
5,36,27.688251480246223
5,37,23.91247974112135
5,38,23.684603068966922
5,39,26.139119704325434
5,40,27.312637874741423
5,41,28.960790232470064
5,42,30.168932913976768
5,43,31.773307288462426
5,44,33.492474730014365
5,45,35.13393249039836
5,46,36.06788024082428
5,47,37.476912875914245
5,48,40.10407203299506
5,49,41.55597819439894
5,50,41.77139475925391
5,51,45.54477689336295
5,52,46.172106555336285
5,53,44.575953418588625
5,54,46.73139455310815
5,55,50.02742681985376
5,56,49.60391864403453
5,57,50.96373996745229
5,58,49.00239942468725
5,59,47.54982070577586
5,60,44.94157712137638
5,61,43.643302852020646
5,62,40.73163597769249
5,63,39.31858915313179
5,64,39.746977738527384
5,65,38.07476963031614
5,66,35.12455062264499
5,67,34.87756288605293
5,68,34.40823860964501
5,69,32.407636015361064
5,70,30.28854031069191
5,71,30.573538916217302
5,72,30.030429322686572
5,73,26.80313131178852
5,74,27.501448762339606
5,75,25.92431161930415
5,76,27.404624605031717
5,77,24.324771086391284
5,78,26.717528054775734
5,79,29.055512793525672
5,80,32.50149240662895
5,81,35.476744505875985
5,82,38.42925875715045
5,83,41.550149434954854
5,84,44.4082608842047
5,85,46.51779185121819
5,86,44.062808881094384
5,87,44.009596008241836
5,88,47.799600306477316
5,89,48.30004900905786
5,90,46.08379692654353
5,91,47.93273202882299
5,92,51.336049132664996
5,93,52.91674171222639
5,94,49.99597930746635
5,95,50.723082099619674
5,96,54.34056163502714
5,97,53.330582700851934
5,98,50.92092970700647
5,99,53.64288647127329
5,100,56.014584375807345
5,101,53.60997772639117
5,102,53.442631151152725
5,103,50.362357235331395
5,104,49.765410908307146
5,105,47.3331509548889
5,106,44.016027242007304
5,107,43.460119952978424
5,108,39.99901769423957
5,109,41.350889038120926
5,110,44.43975844913906
5,111,45.01907418093018
5,112,46.050616025623896
5,113,42.36709804137389
5,114,41.31651686307154
5,115,41.77566216849711
5,116,44.87693802710103
5,117,44.62608730491622
5,118,45.281820150628
5,119,44.854122988080455
5,120,41.76267237845925
5,121,38.747356557832404
5,122,37.71479869038654
5,123,37.77484102540816
5,124,37.86267400938548
5,125,41.472446129951365
5,126,42.14183306953668
5,127,41.13998647303677
5,128,41.25469870170743
5,129,41.83533618133417
6,1,15.122758418607539
6,2,12.20414145791524
6,3,9.399571143057939
6,4,6.672002007427403
6,5,3.76265352552764
6,7,3.800074532318063
6,8,6.51469422767289
6,9,9.51988086523344
6,10,13.133655110869338
6,11,16.551246471789746
6,12,18.65769579414861
6,13,19.704453325868784
6,14,22.658175698018788
6,15,25.598341030936126
6,16,26.42940968718143
6,17,29.142729328013434
6,18,32.36212669606622
6,19,34.474084723583445
6,20,32.185900549345135
6,21,31.598412770542087
6,22,33.907319303161806
6,23,34.20865110768484
6,24,33.94331906589483
6,25,30.134617996982602
6,26,27.66863808320867
6,27,24.254779330317074
6,28,23.864553033129994
6,29,21.837300734123463
6,30,20.763695009345078
6,31,22.087060738798762
6,32,25.62885004027992
6,33,28.614701012658944
6,34,29.871840726556567
6,35,26.68654114341232
6,36,25.376201340306622
6,37,21.63843440085702
6,38,21.74738828257201
6,39,24.298201974195084
6,40,25.887275512036183
6,41,27.30800284989111
6,42,28.179777764302806
6,43,30.0469255745851
6,44,31.97222423205617
6,45,33.292692376784395
6,46,34.05830769669184
6,47,35.76182050050595
6,48,38.347240401055544
6,49,39.576533736745525
6,50,39.97776392757363
6,51,43.7743479644238
6,52,44.12851094115543
6,53,42.505193675089586
6,54,44.86490576830904
6,55,48.05085802978454
6,56,47.44298735885016
6,57,48.63548814132789
6,58,46.5234819308897
6,59,45.09665714141148
6,60,42.330896708692805
6,61,41.14968161275961
6,62,38.384866727445036
6,63,36.75662441534214
6,64,37.029576998749036
6,65,35.55427670810863
6,66,32.63467591770881
6,67,32.08725891725753
6,68,31.643855108670795
6,69,29.923512830746393
6,70,27.784704843055867
6,71,27.7294563676474
6,72,27.13298201840793
6,73,23.800696720414933
6,74,24.259131494579144
6,75,22.504374179840468
6,76,23.845872207002426
6,77,20.822266232438345
6,78,23.29012786341781
6,79,25.823048024067507
6,80,29.194273817098058
6,81,32.25413419384167
6,82,35.29085084088525
6,83,38.29699228784782
6,84,41.19252414215667
6,85,43.346558171210816
6,86,41.02692701797822
6,87,41.050276974439626
6,88,44.821870650855324
6,89,45.42824631553943
6,90,43.364116555518514
6,91,45.20368629527998
6,92,48.59558760314463
6,93,50.35429941579365
6,94,47.541434498928254
6,95,48.188903041400806
6,96,51.86291378445206
6,97,51.0456341432801
6,98,48.66758596814646
6,99,51.31606601928216
6,100,53.820437959692946
6,101,51.59072959509468
6,102,51.37744057569857
6,103,48.17073255793432
6,104,47.352612510985516
6,105,44.80110612392905
6,106,41.52286473774267
6,107,40.81408457321373
6,108,37.28024138456388
6,109,38.591747951203075
6,110,41.55739186107083
6,111,41.977861101102086
6,112,42.90208835801309
6,113,39.215273226159425
6,114,38.07244037409408
6,115,38.37262544551625
6,116,41.4423401009376
6,117,41.16480652605917
6,118,41.70988418209634
6,119,41.247336749262
6,120,38.104578503558315
6,121,35.14799385423814
6,122,34.192505696325576
6,123,34.404909763356784
6,124,34.67319887444751
6,125,38.29570023362368
6,126,39.14999172314638
6,127,38.36151283771399
6,128,38.50992399660445
6,129,39.33801502612248
7,1,18.190432773764954
7,2,15.029499537812333
7,3,12.730881986647145
7,4,10.14772646789856
7,5,6.769296071215845
7,6,3.800074532318063
7,8,3.7694684124670563
7,9,6.315036027655449
7,10,9.989744557011278
7,11,13.278563082291662
7,12,15.464142618685115
7,13,16.577236744313826
7,14,19.761851886549266
7,15,22.45233003626188
7,16,23.308781347520128
7,17,25.809203758447314
7,18,29.160045943933905
7,19,31.121422258326223
7,20,28.875677116290394
7,21,28.537859192835793
7,22,31.010368736615305
7,23,31.18160915598762
7,24,31.047626761393076
7,25,27.257040902385835
7,26,24.80015518194575
7,27,21.303466923349927
7,28,20.566665738851565
7,29,18.403270148834935
7,30,17.0882389452155
7,31,18.335264521729624
7,32,21.903004265205816
7,33,24.90609225281141
7,34,26.088285283591503
7,35,22.910517236049746
7,36,21.580062200113044
7,37,17.848126044216073
7,38,18.057217650875252
7,39,20.71895479656265
7,40,22.39679322480023
7,41,23.663350442181184
7,42,24.479644432166566
7,43,26.477903858276367
7,44,28.398129345337427
7,45,29.59408339675401
7,46,30.384926963912477
7,47,32.19256067554622
7,48,34.7006199835235
7,49,35.925031990223744
7,50,36.44779491456834
7,51,40.22930039664885
7,52,40.51317704414886
7,53,38.984639041954075
7,54,41.42217738632829
7,55,44.53974701483551
7,56,43.97277863425995
7,57,45.07549005568851
7,58,43.01849880636041
7,59,41.72096017166251
7,60,38.9139707532476
7,61,37.61559450585902
7,62,34.91700541393305
7,63,33.36253846060219
7,64,33.50699411752487
7,65,31.937960001962804
7,66,29.116339671997718
7,67,28.591586347372445
7,68,27.99283626070693
7,69,26.236151955172964
7,70,24.23050502671652
7,71,24.253639248609176
7,72,23.918287097045255
7,73,20.740936110741963
7,74,21.49396811191568
7,75,20.0727187203808
7,76,21.159681854842013
7,77,17.871271507989132
7,78,20.046307966509367
7,79,22.39904875747306
7,80,25.88591415479004
7,81,28.805679484849215
7,82,31.8554246687248
7,83,34.943386206429736
7,84,37.7414448970472
7,85,39.95565638776832
7,86,37.613314802188604
7,87,37.49264305432802
7,88,41.27145955173161
7,89,41.936896976991704
7,90,39.79662489509711
7,91,41.55092656607571
7,92,44.985118812678046
7,93,46.72430715131671
7,94,43.871356262255226
7,95,44.458656769229805
7,96,48.13401009193019
7,97,47.336328259638975
7,98,44.91748644349809
7,99,47.53824670604284
7,100,50.06421981044403
7,101,47.85241370288748
7,102,47.60440335048806
7,103,44.381729612794736
7,104,43.554948508450046
7,105,41.01975456167754
7,106,37.728776687337366
7,107,37.03925436222987
7,108,33.514616094221594
7,109,34.84970468977487
7,110,37.84404301691674
7,111,38.35233626450527
7,112,39.316272837553896
7,113,35.62935710117984
7,114,34.57136053569809
7,115,35.0428186705269
7,116,38.19245871995348
7,117,38.06748498985001
7,118,38.802602955148686
7,119,38.27819226931469
7,120,35.26899179251236
7,121,32.18730573575648
7,122,31.23659195157361
7,123,31.234730052996337
7,124,31.46022176645629
7,125,35.130559033859456
7,126,36.0121061336675
7,127,35.25920775964017
7,128,35.64925734906754
7,129,36.466538705025506
8,1,19.702470095501816
8,2,16.818329492780773
8,3,14.715846421081809
8,4,12.801108108051043
8,5,9.18462275297703
8,6,6.51469422767289
8,7,3.7694684124670563
8,9,3.8163019312933013
8,10,6.916584399484296
8,11,10.555026601354736
8,12,12.250702283018907
8,13,13.198825414492045
8,14,16.23873379444058
8,15,19.1427275203501
8,16,20.195287635746983
8,17,22.894678262621795
8,18,26.132057905522203
8,19,28.12023515496081
8,20,25.719649726683667
8,21,25.171524659597452
8,22,27.491224680423308
8,23,27.722348620368905
8,24,27.54810026655357
8,25,23.75244602528068
8,26,21.236195838829254
8,27,17.807594109222983
8,28,17.41134833052734
8,29,15.61745933794495
8,30,14.80653529656857
8,31,16.537892636438666
8,32,19.83312124824076
8,33,23.051176596625854
8,34,24.464935024483502
8,35,21.625992916878413
8,36,20.06125101131707
8,37,16.422203023665457
8,38,16.147304594345428
8,39,18.338614676815464
8,40,20.33493923447383
8,41,21.937787181344806
8,42,22.36050605923802
8,43,24.101924727342897
8,44,26.367259891001407
8,45,27.62874965305809
8,46,28.042999001060657
8,47,29.761402846122802
8,48,32.50044750824392
8,49,33.487571764363594
8,50,33.79355419791104
8,51,37.61531576068174
8,52,37.901739215302584
8,53,36.14116699750958
8,54,38.51303640610131
8,55,41.703152276382056
8,56,41.00476779872804
8,57,42.25385399621781
8,58,40.11016186405416
8,59,38.618456981756815
8,60,35.91003615375053
8,61,34.76502467349136
8,62,31.937747908977254
8,63,30.310550642589778
8,64,30.72526942421122
8,65,29.27648687527092
8,66,26.243461577138035
8,67,25.811651881894424
8,68,25.56844767061151
8,69,23.790816648196177
8,70,21.4395471040833
8,71,21.485009122286716
8,72,20.850896201493565
8,73,17.645667496309
8,74,18.570213832405166
8,75,17.445344809381663
8,76,18.941316735741793
8,77,15.707460668422122
8,78,18.074432716347296
8,79,20.161480384622898
8,80,23.561242155560883
8,81,26.578276078821272
8,82,29.38552996150542
8,83,32.539483919328035
8,84,35.47666419886137
8,85,37.444527442461776
8,86,34.933644776097346
8,87,35.01113947164598
8,88,38.794171743336996
8,89,39.21022926815419
8,90,37.1035950717508
8,91,39.08396844004536
8,92,42.404845930354995
8,93,44.09487741741223
8,94,41.326561472584245
8,95,42.15442528309607
8,96,45.79946754417191
8,97,44.91944331581392
8,98,42.69881744827752
8,99,45.47322261385376
8,100,47.895010701103836
8,101,45.72330861131153
8,102,45.72287929011714
8,103,42.54667247532885
8,104,41.760249076252975
8,105,39.06077387352557
8,106,35.93825246300305
8,107,35.50228283186295
8,108,31.889975221198327
8,109,32.86993928386581
8,110,35.96540636904481
8,111,36.30461583048613
8,112,37.54324559521547
8,113,33.973865701175654
8,114,32.65173406539625
8,115,33.12136122272307
8,116,36.12315095095563
8,117,35.78649469616301
8,118,36.673019390436366
8,119,36.44918530193851
8,120,33.56378633667275
8,121,30.33037847784899
8,122,29.011006066937796
8,123,28.81802670880599
8,124,28.73184187796283
8,125,32.32948999252863
8,126,32.968846891904484
8,127,32.02366231799289
8,128,32.26503691926007
8,129,32.97456578640027
9,1,23.466039713928172
9,2,20.570028565798275
9,3,18.33369292599043
9,4,16.122962286924547
9,5,12.663324574786037
9,6,9.51988086523344
9,7,6.315036027655449
9,8,3.8163019312933013
9,10,3.796826092748375
9,11,7.039657729384376
9,12,9.39855861870049
9,13,11.201014853128335
9,14,14.615499838523442
9,15,17.273463976614682
9,16,18.8295429359688
9,17,21.174436688598757
9,18,24.58970974976165
9,19,26.142973366502456
9,20,23.53045635358022
9,21,23.365895612422065
9,22,25.65421337606336
9,23,25.429418332416464
9,24,25.054704138902895
9,25,21.26394131330611
9,26,19.112547026362197
9,27,15.440708632523936
9,28,14.605362381009956
9,29,12.357733138562315
9,30,11.655246725433088
9,31,13.380881293254829
9,32,16.63973437116886
9,33,19.687459874946097
9,34,21.399675330518992
9,35,18.65901791948209
9,36,17.47906646175528
9,37,14.022992636337131
9,38,14.223380923733172
9,39,16.46678747458427
9,40,18.95497483726306
9,41,20.170178761151732
9,42,20.133951970810315
9,43,22.202999432383784
9,44,24.654367159501305
9,45,25.477824189411866
9,46,25.699269466846513
9,47,27.76956870931338
9,48,30.393148586310765
9,49,31.127228544546263
9,50,31.68446648816118
9,51,35.48830417195373
9,52,35.45598167523366
9,53,33.721176822441265
9,54,36.32720139030878
9,55,39.352781863204186
9,56,38.48674415791665
9,57,39.51595644315411
9,58,37.24549312207526
9,59,35.8451160448301
9,60,32.954561380647604
9,61,31.88695576563379
9,62,29.26588117595633
9,63,27.437191756132368
9,64,27.61314576442073
9,65,26.353609755502767
9,66,23.41679550862386
9,67,22.63652397122188
9,68,22.360908227686878
9,69,20.920319146413778
9,70,18.61817015374794
9,71,18.260955930717508
9,72,17.691921914654085
9,73,14.443251745050278
9,74,15.244857842801459
9,75,14.142493595931857
9,76,15.313567472019479
9,77,11.963126139369294
9,78,14.275813581714587
9,79,16.492704689213678
9,80,19.870963211893784
9,81,22.93113705454933
9,82,25.838686291498128
9,83,28.911170631444964
9,84,31.8509974438484
9,85,33.8937526752232
9,86,31.515080684092663
9,87,31.6117573194873
9,88,35.37884136544476
9,89,35.93408841345892
9,90,33.95829487336479
9,91,35.888497898382006
9,92,39.21227563779994
9,93,41.07717240922817
9,94,38.4093765643824
9,95,39.12517342230626
9,96,42.820891420014846
9,97,42.14915027499809
9,98,39.95003224261324
9,99,42.62666064318058
9,100,45.18408152148896
9,101,43.20337944362645
9,102,43.139672921139166
9,103,39.84394842203203
9,104,38.83022364961293
9,105,36.021944045467066
9,106,32.95029337893673
9,107,32.366347168849764
9,108,28.691849952824604
9,109,29.621480989326706
9,110,32.590986415481844
9,111,32.79327864768797
9,112,33.94178223083601
9,113,30.374023302591443
9,114,28.978917092216534
9,115,29.35671523528513
9,116,32.36297350414193
9,117,32.0659759772051
9,118,32.932946175200264
9,119,32.649911271488065
9,120,29.77925374304533
9,121,26.535194975738
9,122,25.28393645653267
9,123,25.14161150503335
9,124,25.230649825649554
9,125,28.87183677654539
9,126,29.729641741820334
9,127,29.041789691857403
9,128,29.44059028011448
9,129,30.416350839910223
10,1,26.37784831617392
10,2,23.60951804157257
10,3,21.562066806032952
10,4,19.641103161190447
10,5,16.089285937940183
10,6,13.133655110869338
10,7,9.989744557011278
10,8,6.916584399484296
10,9,3.796826092748375
10,11,3.7770245635904405
10,12,5.634149384663724
10,13,7.787615360744543
10,14,11.241392156862117
10,15,13.86088424110062
10,16,15.82999423707726
10,17,18.113746571545
10,18,21.471932306610164
10,19,22.834463950218627
10,20,20.0273841883919
10,21,19.880989461984
10,22,22.054634647627168
10,23,21.68717902080333
10,24,21.266567698646103
10,25,17.48225597892628
10,26,15.410796651167889
10,27,11.68900318462728
10,28,10.902336701761325
10,29,8.89624551383861
10,30,8.900906234943601
10,31,11.162695408795843
10,32,13.938854416034284
10,33,17.118178708817357
10,34,19.099847902728193
10,35,16.839954198738514
10,36,15.561550922362144
10,37,12.480253624290517
10,38,12.32875842602081
10,39,13.971591014952674
10,40,16.913200723209005
10,41,18.238934611582167
10,42,17.62480076093981
10,43,19.532860960043593
10,44,22.33296180741721
10,45,23.032807276971397
10,46,22.827166003224697
10,47,24.92527875880377
10,48,27.681671127120868
10,49,28.111555378916698
10,50,28.569208620147652
10,51,32.37722953115892
10,52,32.240409159690316
10,53,30.333406709193337
10,54,32.9586200783812
10,55,35.97562858779862
10,56,34.9631285371197
10,57,36.04031636737155
10,58,33.6811470769177
10,59,32.16928480659478
10,60,29.31218331191801
10,61,28.370024245838152
10,62,25.708167224391882
10,63,23.77965194905357
10,64,24.11395861456415
10,65,22.998344997207983
10,66,19.917760010492447
10,67,19.141554569082693
10,68,19.18498120753642
10,69,17.826902266633557
10,70,15.22445245794327
10,71,14.784094500541055
10,72,14.004816136138672
10,73,10.788530355075686
10,74,11.966266268630951
10,75,11.515452473433717
10,76,12.89575847625103
10,77,9.57376611191619
10,78,11.827801238823564
10,79,13.574520616772865
10,80,16.851955182981843
10,81,19.935970040183413
10,82,22.59436710118943
10,83,25.740242502476367
10,84,28.76772584603557
10,85,30.603013621319544
10,86,28.081951685876895
10,87,28.32137388149134
10,88,32.08340508464524
10,89,32.45216068516649
10,90,30.511998661717186
10,91,32.612169326649834
10,92,35.83879309438964
10,93,37.68705128738432
10,94,35.111569683687726
10,95,36.00259912153467
10,96,39.67139725010425
10,97,38.979366710748565
10,98,36.95992243308977
10,99,39.73448122733108
10,100,42.22525349440066
10,101,40.33599409847754
10,102,40.46861228147919
10,103,37.20176401839139
10,104,36.17860012595733
10,105,33.21599768488663
10,106,30.33264293256488
10,107,29.96973541865545
10,108,26.23991530570463
10,109,26.804813610852733
10,110,29.83379095763052
10,111,29.873903389073714
10,112,31.278517493482468
10,113,27.854193942602976
10,114,26.22699773009228
10,115,26.652747047870374
10,116,29.526374233552104
10,117,29.096530567573627
10,118,30.185062325821644
10,119,30.156549863203118
10,120,27.495595168938554
10,121,24.08340702698904
10,122,22.482164246862848
10,123,22.04802323682175
10,124,21.825811410669967
10,125,25.417962566851635
10,126,26.09407335322202
10,127,25.292849552378414
10,128,25.692196077588346
10,129,26.627329342219987
11,1,30.135150549660608
11,2,27.320724842738574
11,3,25.238915027820816
11,4,23.155453481163057
11,5,19.65783631863305
11,6,16.551246471789746
11,7,13.278563082291662
11,8,10.555026601354736
11,9,7.039657729384376
11,10,3.7770245635904405
11,12,3.737001190259331
11,13,7.173978173670745
11,14,10.627792034087747
11,15,12.551429801640262
11,16,15.052358382458765
11,17,16.72273958545438
11,18,20.16112068219625
11,19,20.937797187975878
11,20,17.948513604995934
11,21,18.33084899365612
11,22,20.434300783383843
11,23,19.50297052664474
11,24,18.904846245110605
11,25,15.234730494040521
11,26,13.727835322161727
11,27,9.892479826044005
11,28,8.314659747819842
11,29,5.591797248713095
11,30,6.161633832316969
11,31,8.491003259195644
11,32,10.849870904490793
11,33,13.785302337931174
11,34,16.1655664746036
11,35,14.255841230233512
11,36,13.46472649283469
11,37,10.992579546827217
11,38,11.33596627945458
11,39,12.731073833008283
11,40,16.118440477705978
11,41,16.938167950635258
11,42,15.69362561251996
11,43,17.887795571724688
11,44,20.845998199735195
11,45,21.009044249994474
11,46,20.517846866354933
11,47,22.98041125900158
11,48,25.56432656837057
11,49,25.671171092879902
11,50,26.39975801256324
11,51,30.13594436745083
11,52,29.643581957851953
11,53,27.78015646452924
11,54,30.64340702314337
11,55,33.45014771002
11,56,32.267965894680856
11,57,33.09923058767812
11,58,30.62305214521334
11,59,29.234589512280014
11,60,26.19002129810311
11,61,25.32047200472911
11,62,22.917678939245647
11,63,20.78450976058652
11,64,20.830534600150443
11,65,19.94206824585873
11,66,17.0096734125022
11,67,15.814078405612193
11,68,15.850233546809992
11,69,14.95017660890646
11,70,12.43205161792886
11,71,11.42981407727526
11,72,10.806236127386061
11,73,7.690132376370086
11,74,8.990788872413624
11,75,9.096538846924306
11,76,9.855291355624036
11,77,6.380899587803913
11,78,8.218575037733101
11,79,9.812944344088004
11,80,13.082955353346557
11,81,16.178459176038093
11,82,18.89674232215907
11,83,22.00282202861532
11,84,25.023024714328486
11,85,26.91716187899966
11,86,24.500125376117293
11,87,24.74188538553364
11,88,28.48839087932911
11,89,28.98738244354892
11,90,27.170217768375572
11,91,29.218934977086153
11,92,32.439406035287455
11,93,34.45267887977961
11,94,31.989136000402738
11,95,32.776270765100975
11,96,36.48105995482749
11,97,35.99841939530262
11,98,34.02644890110846
11,99,36.70066205718525
11,100,39.307935990485575
11,101,37.629445412814206
11,102,37.721108395308164
11,103,34.35897405977711
11,104,33.114308478295726
11,105,30.03349838439187
11,106,27.253232375948397
11,107,26.791631623461214
11,108,23.015520102973053
11,109,23.44190504829448
11,110,26.34573711444701
11,111,26.231546776234925
11,112,27.60819003950115
11,113,24.225448466820684
11,114,22.491485007557145
11,115,22.887144340158358
11,116,25.761851094052137
11,117,25.399145816779917
11,118,26.58068548585949
11,119,26.52304286575916
11,120,23.983534742875133
11,121,20.491724463764356
11,122,18.883441862795365
11,123,18.341524751859033
11,124,18.227823567618223
11,125,21.878684896795324
11,126,22.77147629618366
11,127,22.252853991721267
11,128,22.914854122879568
11,129,24.1171843680466
12,1,31.13025226485829
12,2,28.45515960150634
12,3,26.697095165587598
12,4,25.042207059227408
12,5,21.397761754293
12,6,18.65769579414861
12,7,15.464142618685115
12,8,12.250702283018907
12,9,9.39855861870049
12,10,5.634149384663724
12,11,3.737001190259331
12,13,3.788990775940275
12,14,6.957862793733466
12,15,8.997633887755116
12,16,11.733334443460434
12,17,13.649054886326349
12,18,16.869187918319156
12,19,17.802787639528887
12,20,14.716874528871985
12,21,14.757081507336483
12,22,16.824288664591247
12,23,16.160574180230526
12,24,15.82238071382005
12,25,12.102929188982534
12,26,10.166731201350048
12,27,6.37428441306959
12,28,5.317981544485848
12,29,4.281505455865897
12,30,6.114371425449114
12,31,9.03505398029115
12,32,10.437428158558964
12,33,13.711320622786134
12,34,15.962485831710405
12,35,14.703351275208844
12,36,13.279768503567768
12,37,11.245889144343181
12,38,10.477635559887535
12,39,10.775121227078401
12,40,14.313252897485917
12,41,15.68389804063955
12,42,14.076705882813544
12,43,15.62474055378597
12,44,18.911859298603954
12,45,19.35880564852516
12,46,18.44021004453345
12,47,20.556342407845843
12,48,23.46162623851316
12,49,23.403541381450015
12,50,23.72055087710718
12,51,27.497850303803514
12,52,27.19890156921578
12,53,25.0654924486683
12,54,27.723374928223365
12,55,30.702561856741873
12,56,29.509322850720157
12,57,30.648415995820027
12,58,28.206981808507297
12,59,26.57841866249202
12,60,23.788516804826337
12,61,22.964105952513798
12,62,20.237152126533935
12,63,18.22631909724344
12,64,18.813616601104435
12,65,17.858491538526444
12,66,14.569497962898692
12,67,13.916896987067906
12,68,14.491273266390948
12,69,13.225376245419362
12,70,10.127687534687661
12,71,9.695017959717347
12,72,8.698222034484678
12,73,5.971687123362746
12,74,8.510990002850322
12,75,9.890788060903429
12,76,11.229609465149155
12,77,8.449356341081183
12,78,9.777733638510362
12,79,10.070430864713263
12,80,13.018213356045937
12,81,15.8725089839832
12,82,17.976289850485546
12,83,21.29160351420637
12,84,24.352614619495125
12,85,25.843597988791362
12,86,23.045269700195508
12,87,23.419269829088933
12,88,27.158033899433594
12,89,27.22048517698218
12,90,25.26106051885076
12,91,27.594709909950335
12,92,30.677293309137422
12,93,32.444023529278745
12,94,29.97836206830701
12,95,31.136959445560336
12,96,34.738078309728266
12,97,33.98702570950925
12,98,32.23505746876528
12,99,35.15142048062291
12,100,37.512441549067916
12,101,35.75040371956282
12,102,36.17903919769366
12,103,32.9965132390059
12,104,32.00621449842417
12,105,28.855590198254745
12,106,26.29781667122068
12,107,26.345497608085317
12,108,22.620708218964314
12,109,22.577447254310915
12,110,25.709115778641152
12,111,25.568936836854526
12,112,27.42365695113874
12,113,24.295630019889032
12,114,22.393184239628983
12,115,23.037724523349656
12,116,25.68965877930315
12,117,25.151658901757365
12,118,26.718342166628073
12,119,27.0607228997311
12,120,24.88871054596961
12,121,21.245340734880287
12,122,19.109682095372452
12,123,17.982804258984327
12,124,17.099566567076163
12,125,20.57806686481041
12,126,20.884796365712774
12,127,19.842705244594065
12,128,20.410219726342945
12,129,21.191885719186452
13,1,30.840637864882478
13,2,28.22696066154808
13,3,26.926828305601482
13,4,25.68954405871585
13,5,21.93249743691089
13,6,19.704453325868784
13,7,16.577236744313826
13,8,13.198825414492045
13,9,11.201014853128335
13,10,7.787615360744543
13,11,7.173978173670745
13,12,3.788990775940275
13,14,3.755470375275802
13,15,6.131384867818898
13,16,8.35162676775723
13,17,10.869825205295806
13,18,13.917481196122486
13,19,15.455586166172782
13,20,12.674798050144174
13,21,12.170366344849228
13,22,14.565444323387819
13,23,14.684641727562907
13,24,15.097884565139791
13,25,11.528678452497767
13,26,8.607127075484286
13,27,5.542578601731974
13,28,5.4094486729642615
13,29,6.440278541576721
13,30,7.63438644438061
13,31,10.47555726023038
13,32,11.445140831573497
13,33,15.01566712442911
13,34,16.63659228274772
13,35,15.654458280950594
13,36,13.39961267357972
13,37,11.494834085432137
13,38,9.481026439657963
13,39,8.84499428697
13,40,12.066857331196093
13,41,14.205597840571755
13,42,12.808857932606369
13,43,13.550659145870977
13,44,16.89815041387774
13,45,17.968434570063607
13,46,17.017347283328338
13,47,18.52889398980041
13,48,21.748559166286316
13,49,21.89687870203712
13,50,21.728229749014922
13,51,25.55696286381917
13,52,25.72832007123612
13,53,23.49097039775909
13,54,25.785018099728553
13,55,29.025036748619407
13,56,28.09637372400512
13,57,29.619622477574342
13,58,27.448762661217394
13,59,25.71275495138209
13,60,23.32046299420536
13,61,22.27153155118661
13,62,19.140422063571062
13,63,17.659885981997686
13,64,18.76425614299566
13,65,17.3664747681416
13,66,13.89801254777395
13,67,14.245629562668704
13,68,14.928253319639957
13,69,12.881356429871781
13,70,9.631630023339527
13,71,10.525540172478859
13,72,9.797590624612326
13,73,8.159475386592673
13,74,11.332568392830373
13,75,13.226522131025362
13,76,14.759985799459471
13,77,12.16204966986708
13,78,13.066544087375599
13,79,12.573388647551202
13,80,15.36848944828759
13,81,17.719348557030052
13,82,19.318889298736817
13,83,22.83797846804225
13,84,25.722947214353862
13,85,26.94683736290449
13,86,23.802246703813505
13,87,24.038700321144557
13,88,27.738109848560903
13,89,27.437351287027383
13,90,25.151919608204622
13,91,27.592339019615384
13,92,30.608513598275294
13,93,31.966322546696567
13,94,29.33752869259862
13,95,30.792622864713714
13,96,34.25001865350071
13,97,33.09766173329922
13,98,31.417258189929303
13,99,34.56462131068667
13,100,36.6258824017829
13,101,34.60224978355898
13,102,35.28330369477262
13,103,32.34709893519726
13,104,31.780685220790424
13,105,28.75879275077504
13,106,26.276848569456707
13,107,26.824064539776383
13,108,23.259651229253706
13,109,23.04397184539229
13,110,26.451900175912044
13,111,26.573379276332737
13,112,28.801079669992106
13,113,25.8489194399587
13,114,24.091206005873264
13,115,25.13979251345865
13,116,27.708924236580224
13,117,27.21556026389494
13,118,29.134799647250286
13,119,29.650345382894947
13,120,27.78525858075715
13,121,24.069314458294684
13,122,21.724136383394807
13,123,20.095051076660486
13,124,18.598445810550963
13,125,21.84621202742614
13,126,21.553293621501847
13,127,19.906148854066775
13,128,20.484162552924563
13,129,20.56879963783758
14,1,32.66505873375206
14,2,30.29148340973974
14,3,29.22052152232245
14,4,28.353032038944296
14,5,24.621084608218137
14,6,22.658175698018788
14,7,19.761851886549266
14,8,16.23873379444058
14,9,14.615499838523442
14,10,11.241392156862117
14,11,10.627792034087747
14,12,6.957862793733466
