1,2,3.811222347560185
1,3,5.359791453156325
1,4,5.53155469979304
1,5,6.952062049391313
1,6,9.076531204739506
1,7,10.40263669686776
1,8,11.37483000053902
1,9,13.184760773098102
1,10,15.213462079540959
1,11,16.093567213186667
1,12,17.410388710302428
1,13,18.946789989887556
1,14,20.85252162476734
1,15,22.292169943224277
1,16,23.517814891873428
1,17,24.974463403795742
1,18,26.70724780619496
1,19,28.527071477066308
1,20,29.424406240547462
1,21,30.694919302716983
1,22,32.512860780281784
1,23,34.20603731377563
1,24,35.06078535111272
1,25,36.6527501476957
1,26,38.31388440972508
1,27,42.07661080946097
1,28,43.99387754173149
1,29,46.953986942200274
1,30,45.46263307831656
1,31,42.01914145356893
1,32,42.467254142055666
1,33,42.24679415257607
1,34,38.521184369432206
1,35,38.141283914225866
1,36,40.3172476642813
1,37,38.171966113934864
1,38,36.6031888280498
1,39,32.87909735824291
1,40,31.566367618002232
1,41,29.36111727843499
1,42,26.945361859844066
1,43,28.34275809764697
1,44,25.04182076806744
1,45,21.913402812340404
1,46,19.570228954158413
1,47,16.328476012157324
1,48,14.654906621176796
1,49,17.034046525192853
1,50,19.8726019626419
1,51,19.183494195901023
1,52,21.645504573403205
1,53,24.244385585336357
1,54,23.276404622862326
1,55,23.193079918207236
1,56,26.676633158677525
1,57,27.975092336560373
1,58,26.71457026813213
1,59,29.851009958725683
1,60,32.27943512621382
1,61,30.309939225960427
1,62,30.93936104683963
1,63,34.53573798016923
1,64,35.33045687063214
1,65,34.109589453379144
1,66,36.153945646554234
1,67,39.33501780392244
1,68,39.04399750506058
1,69,39.032208885903685
1,70,41.62662656727994
1,71,42.169152791109134
1,72,40.28528015074667
1,73,37.466327266637734
1,74,35.59215162670685
1,75,31.9821808826527
1,76,31.684336493723546
1,77,30.564547825634424
1,78,30.061258991520035
1,79,27.588396865635215
1,80,25.981534838769416
1,81,25.32869644915642
1,82,24.17695106518818
1,83,21.50659809021945
1,84,20.66535592870471
1,85,20.76501920389184
1,86,18.317425584808877
1,87,15.67466412057328
1,88,16.610914211795542
1,89,16.426672078159566
1,90,12.808192520750987
1,91,12.160711942405678
1,92,14.81438770162929
1,93,15.148193239296603
1,94,15.776562147493692
1,95,21.328365531991448
1,96,23.330520670810095
1,97,26.281375760268993
1,98,25.96180137060612
1,99,28.447174935988265
1,100,30.179323318607167
1,101,32.097299216764355
1,102,35.867692252691896
1,103,35.9008973187732
1,104,35.23927206761322
1,105,34.32528126475692
1,106,34.86003243738092
1,107,32.536110373814246
1,108,32.07761557068692
1,109,31.27956277231761
1,110,29.03604036618564
1,111,26.98120775855244
1,112,26.98297804897223
1,113,25.664567945709027
1,114,22.53530818895496
1,115,22.20825737835316
1,116,22.40093767953001
1,117,19.93677249437423
1,118,17.178304792876993
1,119,18.29956159895868
1,120,18.387971442160097
1,121,14.788993563257254
1,122,13.584252420016247
1,123,15.734384964751401
1,124,14.29446840880785
1,125,10.697240659741919
1,126,12.627628781803534
2,1,3.811222347560185
2,3,3.8064405671557515
2,4,5.528739945187002
2,5,5.3734931066827025
2,6,6.411192857617501
2,7,8.905703237852244
2,8,10.170480534231459
2,9,10.942360055053589
2,10,12.962797120278315
2,11,14.616179025011741
2,12,15.654014510152304
2,13,16.575865760036002
2,14,18.79299783965769
2,15,20.60361263857258
2,16,21.401898393672727
2,17,22.608505987280846
2,18,24.741483191418222
2,19,26.545407031046345
2,20,27.023964105837475
2,21,28.305120748162956
2,22,30.43492873906441
2,23,31.953336889888124
2,24,32.5190055604907
2,25,34.27909640446468
2,26,36.12184681715038
2,27,39.82938079702654
2,28,41.87381450879644
2,29,44.77502143494199
2,30,43.400190729350484
2,31,39.85080389961982
2,32,40.12931842804866
2,33,40.14496561809198
2,34,36.44736886594149
2,35,35.765612322696434
2,36,37.97037338367217
2,37,36.051662583595494
2,38,34.39588008860784
2,39,30.706865334977472
2,40,29.413059754862786
2,41,26.93024914444207
2,42,24.540831407453137
2,43,25.77292046061376
2,44,22.36090133333242
2,45,19.144175868328613
2,46,16.67685147408219
2,47,13.79937538053406
2,48,12.636104906981048
2,49,15.57590107077877
2,50,17.93288204905882
2,51,17.440993957247272
2,52,20.340237645019617
2,53,22.48661263058726
2,54,21.51781258730882
2,55,22.02927840967865
2,56,25.493080954418314
2,57,26.441572267093044
2,58,25.452199197453147
2,59,28.844938118757064
2,60,30.908724332438016
2,61,28.757503304938126
2,62,29.76657792340761
2,63,33.33627494948453
2,64,33.75345997418145
2,65,32.603871053239715
2,66,34.969555054839645
2,67,37.9504167695573
2,68,37.442432923983446
2,69,37.669075254303856
2,70,40.18623081687954
2,71,40.826591821164016
2,72,38.70107158703731
2,73,35.88850842878941
2,74,34.35128743491491
2,75,30.774260864920098
2,76,30.875845533158834
2,77,29.60616146909537
2,78,29.530456066132636
2,79,27.2593735506432
2,80,25.18705361759021
2,81,24.475681296979143
2,82,23.893257003336956
2,83,21.125370686667132
2,84,19.730246680822873
2,85,20.20987814184087
2,86,18.356481334119586
2,87,15.20382747001583
2,88,15.719137996665623
2,89,16.314442401737008
2,90,13.01577765923058
2,91,11.352001452061545
2,92,14.01579554439651
2,93,15.29957555442889
2,94,16.220129165461568
2,95,21.09977316659358
2,96,22.53955732177684
2,97,25.227812973863077
2,98,24.465906620603647
2,99,26.588002023868217
2,100,28.065603483160587
2,101,29.640808089068344
2,102,33.41172718992857
2,103,33.266461769992915
2,104,32.752475695288645
2,105,31.70474653079907
2,106,32.30133320684043
2,107,30.142953235083375
2,108,29.39133239406726
2,109,28.41733809177659
2,110,26.44572919685384
2,111,24.409128809392048
2,112,24.02491762343819
2,113,22.68736055987997
2,114,19.80810813691877
2,115,19.312364739713452
2,116,19.122028965603825
2,117,16.801450050944773
2,118,14.143635257917063
2,119,14.897014949317748
2,120,14.778987319773856
2,121,11.26546891227104
2,122,10.018559171737033
2,123,11.971465479271501
2,124,10.507789148341063
2,125,6.898091215093927
2,126,9.104819875209202
3,1,5.359791453156325
3,2,3.8064405671557515
3,4,3.810792078878198
3,5,5.488866762651033
3,6,5.1320447370575115
3,7,6.38427414060928
3,8,8.82641342990452
3,9,10.073930959451738
3,10,11.081015852561679
3,11,12.648126999809218
3,12,14.521200819249486
3,13,15.28902568835591
3,14,16.840832361597798
3,15,18.92921588040322
3,16,20.232425270468784
3,17,21.04917126389266
3,18,22.869747122202792
3,19,25.10397542877406
3,20,25.731576554058396
3,21,26.572033987386188
3,22,28.65436453232835
3,23,30.54857756063805
3,24,31.053844063609205
3,25,32.45296483710943
3,26,34.433616121993154
3,27,38.158553685394644
3,28,40.3702520475554
3,29,43.46800203553431
3,30,42.31332115646524
3,31,38.76027848164301
3,32,39.36179505065196
3,33,39.529325864108486
3,34,35.769065293248836
3,35,35.25301577942739
3,36,37.75939065743275
3,37,35.99569007515622
3,38,34.70509556332883
3,39,31.126551871187264
3,40,30.282386726104992
3,41,27.954134247315526
3,42,25.993611432006485
3,43,27.56479203228152
3,44,24.316939878175898
3,45,20.828548088415534
3,46,18.77870367611849
3,47,16.144559220044844
3,48,14.643820766245097
3,49,17.838070827586037
3,50,19.845943944116772
3,51,18.731206102758765
3,52,21.815527961713947
3,53,23.771505341158473
3,54,22.21825051940015
3,55,22.71231484901561
3,56,26.366931694367413
3,57,26.93862915329724
3,58,25.518952105098588
3,59,28.870767854564377
3,60,30.94114418880967
3,61,28.459589383491704
3,62,29.1860007490724
3,63,32.87761605464075
3,64,33.21722829712771
3,65,31.664759720305085
3,66,33.989427288949074
3,67,37.06647223268039
3,68,36.30552832333596
3,69,36.22486982989761
3,70,38.50870061460689
3,71,38.83211269679102
3,72,36.64143770379033
3,73,34.05632938577621
3,74,32.439794945248714
3,75,28.999691709304646
3,76,29.245641051740588
3,77,28.406737452011523
3,78,28.516384472441977
3,79,25.927033687184675
3,80,23.807728546396653
3,81,23.66381281566096
3,82,23.093575279333677
3,83,19.93392988073174
3,84,18.94366828179828
3,85,20.00896701587539
3,86,18.0299716047452
3,87,14.742956468331725
3,88,16.055981403045468
3,89,17.04044906277916
3,90,13.608241698025433
3,91,12.467592403492764
3,92,15.746688855626896
3,93,17.043802103560314
3,94,18.587013735005076
3,95,23.570388427764243
3,96,25.094019931493264
3,97,27.519751407261243
3,98,26.455271157222487
3,99,28.625205874443086
3,100,29.724632767876567
3,101,31.191573724640946
3,102,34.89016867427012
3,103,34.37287746397552
3,104,33.53367832231679
3,105,32.099454771439234
3,106,32.25449124138388
3,107,29.79132886906919
3,108,28.860814146258008
3,109,28.338758812367093
3,110,26.514233178472658
3,111,24.01894615036278
3,112,23.671874079738746
3,113,22.929295628837814
3,114,19.95615105730956
3,115,18.833470727974486
3,116,19.059425958511525
3,117,17.312841238895913
3,118,14.09628638674974
3,119,14.492303041316633
3,120,15.271348027074321
3,121,12.189106489519755
3,122,9.828289929818993
3,123,11.943528958725356
3,124,11.662598229340164
3,125,7.9322388734974
3,126,8.915733260878921
4,1,5.53155469979304
4,2,5.528739945187002
4,3,3.810792078878198
4,5,3.8092331884230775
4,6,5.4266787708720665
4,7,5.178531738602223
4,8,6.383253913293469
4,9,8.846810906507628
4,10,10.32484316171649
4,11,10.778845365953401
4,12,12.613372584507847
4,13,14.267918725724728
4,14,15.703770120829082
4,15,17.12301599694325
4,16,18.74699199741826
4,17,20.084873271369037
4,18,21.50368751609497
4,19,23.528071928671206
4,20,24.65446137066725
4,21,25.709919113304668
4,22,27.361248421589977
4,23,29.292164740811156
4,24,30.248379796357785
4,25,31.60056021355434
4,26,33.22584301822405
4,27,37.00847058936332
4,28,38.96378580888859
4,29,42.0497853283608
4,30,40.68146126398862
4,31,37.26117337579269
4,32,37.99345357752561
4,33,37.8469068869003
4,34,34.06777700473085
4,35,33.897816556562155
4,36,36.33857015928762
4,37,34.30714222600636
4,38,33.144850981993166
4,39,29.547209796690737
4,40,28.781244580452547
4,41,26.835914183066777
4,42,25.016145954196144
4,43,26.985426243817045
4,44,24.006903899767366
4,45,20.47996420252962
4,46,18.90639005975783
4,47,15.907650210436339
4,48,13.58872990066411
4,49,16.413721484246167
4,50,18.609713060041198
4,51,16.990959579766415
4,52,19.756772002955834
4,53,22.018012001547916
4,54,20.27801140751959
4,55,20.23824394370617
4,56,23.955873034695806
4,57,24.726640892961143
4,58,23.00498588448794
4,59,26.14571805382559
4,60,28.51435588272796
4,61,26.18721444853713
4,62,26.58542750523277
4,63,30.294590071846937
4,64,30.977279263934197
4,65,29.411344005963475
4,66,31.45351518859065
4,67,34.6907961516951
4,68,34.19093007755747
4,69,33.97313102047982
4,70,36.42341185138902
4,71,36.81056696735506
4,72,34.908043784502134
4,73,32.186059300828816
4,74,30.273474992713716
4,75,26.732672821130215
4,76,26.58011100218066
4,77,25.72418565842454
4,78,25.48355470469551
4,79,22.824661400267686
4,80,21.032959597399593
4,81,20.8204921254663
4,82,19.861058908034728
4,83,16.803102201423332
4,84,16.150987274124304
4,85,16.93712530206183
4,86,14.601617532400374
4,87,11.584707489241929
4,88,13.309643301767439
4,89,13.931927906614366
4,90,10.343225436421413
4,91,9.989637420362873
4,92,13.529150399071336
4,93,14.355111038864948
4,94,16.26764992604966
4,95,21.487526876688264
4,96,23.371557268230763
4,97,25.744210793240967
4,98,24.822186874105505
4,99,27.35913619056764
4,100,28.499863478540952
4,101,30.320172073666644
4,102,33.97799544479895
4,103,33.539957575296405
4,104,32.40476861605548
4,105,31.076828751860244
4,106,31.11838541684032
4,107,28.455191365669855
4,108,27.961739424935097
4,109,27.664058697707215
4,110,25.442927721380997
4,111,22.95648848149942
4,112,23.215688426348358
4,113,22.474699403521107
4,114,19.12652685818799
4,115,18.3475046667393
4,116,19.22993996228751
4,117,17.210865841241727
4,118,13.879492388433224
4,119,15.157617966770696
4,120,16.29577864795082
4,121,13.062879879953742
4,122,11.138927405690932
4,123,14.077886893609211
4,124,13.90608156466067
4,125,10.446394155772158
4,126,12.114754328172369
5,1,6.952062049391313
5,2,5.3734931066827025
5,3,5.488866762651033
5,4,3.8092331884230775
5,6,3.810809242189979
5,7,5.387875566873753
5,8,5.059717246536724
5,9,6.330229012540683
5,10,8.952318960596399
5,11,9.854715828845379
5,12,10.595169891802074
5,13,12.17273746014421
5,14,14.40862528337442
5,15,15.683823381958893
5,16,16.627641186491864
5,17,18.269218563973148
5,18,20.13302057314643
5,19,21.72151821210509
5,20,22.576172274475184
5,21,24.06566467151908
5,22,25.848817432235254
5,23,27.362291548482922
5,24,28.31037971705247
5,25,30.05329404915116
5,26,31.584237113281922
5,27,35.33441378851956
5,28,37.17236266102011
5,29,40.0661174074265
5,30,38.552608016421324
5,31,35.09352832641703
5,32,35.51585417159109
5,33,35.33463155101103
5,34,31.604454211102748
5,35,31.211262291850353
5,36,33.45926109664537
5,37,31.39804436668535
5,38,29.984508236006697
5,39,26.323997625987953
5,40,25.342916951099134
5,41,23.250197122895102
5,42,21.294986949785383
5,43,23.188801108420634
5,44,20.20093746694976
5,45,16.6884812151451
5,46,15.170771862725662
5,47,12.175585801288317
5,48,9.8579589881021
5,49,12.890807958237103
5,50,14.904556108642016
5,51,13.46886007044514
5,52,16.419415509294858
5,53,18.53242652437645
5,54,17.01630148889749
5,55,17.30871698465483
5,56,20.94347190851453
5,57,21.713756689925777
5,58,20.388170693625124
5,59,23.72677080407796
5,60,25.880150439567785
5,61,23.664076049897886
5,62,24.48562482375911
5,63,28.095813687543156
5,64,28.62591317419769
5,65,27.402737666184333
5,66,29.66171708995688
5,67,32.71006233328682
5,68,32.29898942707429
5,69,32.46902605586281
5,70,35.086557177430876
5,71,35.82699248523026
5,72,33.87158528898047
5,73,30.930373535185097
5,74,29.278878744505622
5,75,25.634150191370196
5,76,25.6022042185325
5,77,24.260500009503577
5,78,24.163503282255107
5,79,21.94917838413665
5,80,19.85873503777426
5,81,19.109764530980893
5,82,18.580612408294154
5,83,15.813900670402651
5,84,14.363270203817669
5,85,14.976502034408144
5,86,13.26553845631995
5,87,9.920984200590675
5,88,10.699513874384577
5,89,11.749608602745859
5,90,8.590429078063542
5,91,7.023078146745112
5,92,10.42715583727845
5,93,11.997608087370867
5,94,14.041365804140755
5,95,18.66456221874533
5,96,20.172646618818625
5,97,22.398977481104083
5,98,21.292711408955963
5,99,23.68361954366603
5,100,24.810863136708313
5,101,26.582494080903142
5,102,30.265543893036643
5,103,29.911704998140046
5,104,28.927624506710934
5,105,27.755470776601744
5,106,28.063705715503602
5,107,25.632479371307245
5,108,25.204263676613436
5,109,24.57752364852993
5,110,22.287231669237038
5,111,20.094842764856214
5,112,20.3018269884043
5,113,19.180314385434595
5,114,15.866499231634275
5,115,15.508469731596657
5,116,16.188906442716856
5,117,13.794429227795261
5,118,10.742820166909995
5,119,12.490062643300636
5,120,13.256318572057193
5,121,9.839667338601991
5,122,8.702553414023736
5,123,12.003274581657488
5,124,11.554835497674286
5,125,8.637187868014296
5,126,11.216812084447195
6,1,9.076531204739506
6,2,6.411192857617501
6,3,5.1320447370575115
6,4,5.4266787708720665
6,5,3.810809242189979
6,7,3.8078753988272034
6,8,5.441055325363837
6,9,5.188285452887683
6,10,6.579676304172448
6,11,8.751492211571662
6,12,9.955341091404993
6,13,10.379930082138994
6,14,12.44174871001953
6,15,14.545970036134213
6,16,15.383694465132955
6,17,16.295668856796233
6,18,18.432380296703222
6,19,20.413161661945328
6,20,20.84294403496788
6,21,21.94333263624076
6,22,24.111444479468826
6,23,25.746392199439697
6,24,26.257371440492488
6,25,27.90207567917605
6,26,29.80422740617243
6,27,33.510421315643796
6,28,35.65518626266361
6,29,38.6462560664049
6,30,37.44853185967148
6,31,33.860790088303396
6,32,34.33237362300627
6,33,34.550745067303275
6,34,30.81319797872922
6,35,30.177762807389904
6,36,32.68025764365877
6,37,31.00657264007356
6,38,29.741880443036955
6,39,26.220380520560035
6,40,25.550097312362848
6,41,23.227247352274706
6,42,21.566648069829874
6,43,23.37355687683064
6,44,20.352986081642573
6,45,16.674421880985705
6,46,15.201357252697177
6,47,12.951420742505702
6,48,11.333790685683491
6,49,14.878906660363484
6,50,16.13943854299258
6,51,14.700537550493035
6,52,18.10404434455405
6,53,19.559178169930323
6,54,17.74029717445094
6,55,18.679691115339452
6,56,22.304048471821726
6,57,22.45972935009448
6,58,21.170094752321475
6,59,24.685638279115768
6,60,26.434639559139942
6,61,23.812190027025654
6,62,24.829135712618488
6,63,28.462477776409035
6,64,28.526257013830616
6,65,27.079957615146185
6,66,29.639571976104293
6,67,32.53346922588238
6,68,31.690018279385605
6,69,31.86968144077833
6,70,34.20029706164954
6,71,34.768412541308415
6,72,32.487098299877104
6,73,29.760680644683614
6,74,28.417858891176216
6,75,24.945797081165402
6,76,25.46551072825906
6,77,24.344609858139503
6,78,24.823949311198866
6,79,22.577507514731582
6,80,20.020100671785293
6,81,19.696321786419553
6,82,19.748735724189366
6,83,16.65031724917897
6,84,15.009656451163945
6,85,16.45842836695384
6,86,15.272726967676459
6,87,11.580297697891465
6,88,12.464032955668458
6,89,14.392387181891955
6,90,11.652880382194017
6,91,9.739499852605697
6,92,13.046170310628614
6,93,15.217824162615802
6,94,17.429645833489076
6,95,21.51879883728005
6,96,22.56381530284994
6,97,24.450449778072375
6,98,22.84540906333729
6,99,24.81320813670662
6,100,25.480385790571898
6,101,26.76366721206198
6,102,30.37863367422189
6,103,29.616395764315733
6,104,28.64263819978263
6,105,27.06231957997009
6,106,27.145022402859986
6,107,24.70670858780794
6,108,23.743112947353527
6,109,23.22299605118535
6,110,21.425751130580075
6,111,18.9007215686528
6,112,18.570160568843857
6,113,17.89748621668278
6,114,14.89591556282181
6,115,13.719063525875557
6,116,14.148826940514835
6,117,12.47737436052447
6,118,9.067605750482894
6,119,9.81318120588199
6,120,11.075064024825991
6,121,8.215287158517105
6,122,5.81047874913982
6,123,9.020751360337094
6,124,9.544894513192625
6,125,6.774429710616068
6,126,8.504766467713848
7,1,10.40263669686776
7,2,8.905703237852244
7,3,6.38427414060928
7,4,5.178531738602223
7,5,5.387875566873753
7,6,3.8078753988272034
7,8,3.8063556093093958
7,9,5.425945647327924
7,10,5.418366950396681
7,11,6.326867055513736
7,12,8.775023570367265
7,13,9.75087245322258
7,14,10.764291314198715
7,15,12.68592769502338
7,16,14.410357021592029
7,17,15.25740324946482
7,18,16.69194747901601
7,19,19.017370862141004
7,20,19.990843587174474
7,21,20.748975429344615
7,22,22.540533590863678
7,23,24.613876315037295
7,24,25.381878451245978
7,25,26.598404853121895
7,26,28.394858166882127
7,27,32.15721160461603
7,28,34.29399878057566
7,29,37.47211056143745
7,30,36.3456664047088
7,31,32.856090186909505
7,32,33.73523551419924
7,33,33.8786551675536
7,34,30.084227596876705
7,35,29.858604765705774
7,36,32.58117906383998
7,37,30.873511305012354
7,38,30.035736210031406
7,39,26.636289617207954
7,40,26.405565890450806
7,41,24.50952295531539
7,42,23.291962061062247
7,43,25.544839591090227
7,44,22.849524907239882
7,45,19.089893967092177
7,46,18.166218925819305
7,47,15.873990078519794
7,48,13.648587388214443
7,49,16.904504341038997
7,50,18.108858338386156
7,51,15.961447355909392
7,52,19.14392821966591
7,53,20.662266832512877
7,54,18.290788451348902
7,55,18.78421694620613
7,56,22.543360195925803
7,57,22.53269584950384
7,58,20.642524933490545
7,59,23.915688137477503
7,60,25.880481638841278
7,61,23.084355655027807
7,62,23.564399707706315
7,63,27.3112968097451
7,64,27.555311263249184
7,65,25.700201187543296
7,66,28.0006162241058
7,67,31.10467773495388
7,68,30.200164105421976
7,69,29.96138712603262
7,70,32.17179276999295
7,71,32.45094438168879
7,72,30.302162325081056
7,73,27.7159779010745
7,74,26.063526431776417
7,75,22.655035748438006
7,76,23.038805529487114
7,77,22.373506998670173
7,78,22.785277323967435
7,79,20.15025175102954
7,80,17.78209152037065
7,81,18.03995978900929
7,82,17.816301763472122
7,83,14.380417851945175
7,84,13.470566710033848
7,85,15.32592914955207
7,86,13.789010751604884
7,87,10.270420733582453
7,88,12.254803351102586
7,89,14.166964798693588
7,90,11.354105540058717
7,91,10.559996383388972
7,92,14.259788946348534
7,93,15.949402607773827
7,94,18.625919499079902
7,95,22.964901033254982
7,96,24.339042454787425
7,97,26.05951011733438
7,98,24.42698828902124
7,99,26.654482441208316
7,100,27.10673718476733
7,101,28.534345672415267
7,102,32.025436698322515
7,103,31.053520975410805
7,104,29.64212882385878
7,105,27.832788818660994
7,106,27.44419655538356
7,107,24.605689592170165
7,108,23.78882777526533
7,109,23.86612770961634
7,110,21.96285577457395
7,111,19.050080662045467
7,112,19.199829889248868
7,113,19.110514197738176
7,114,15.866202931571028
7,115,14.36057185581079
7,116,15.652234626841404
7,117,14.407620828946241
7,118,10.6784460916162
7,119,11.610953067313227
7,120,13.761223819949194
7,121,11.379999282476112
7,122,8.743437487839271
7,123,11.961663815302739
7,124,13.131888775675312
7,125,10.425178524259453
7,126,11.470738454865206
8,1,11.37483000053902
8,2,10.170480534231459
8,3,8.82641342990452
8,4,6.383253913293469
8,5,5.059717246536724
8,6,5.441055325363837
8,7,3.8063556093093958
8,9,3.8065877876216527
8,10,5.60532205335023
8,11,5.026452075028687
8,12,6.278392196569257
8,13,8.523484167515218
8,14,10.088715848902549
8,15,10.9618699303196
8,16,12.515504416770963
8,17,14.25347417877485
8,18,15.577930996773755
8,19,17.290152803418973
8,20,18.607500576357047
8,21,19.94490290668626
8,22,21.36718126321395
8,23,23.144998276401576
8,24,24.37477774384389
8,25,25.840711601447275
8,26,27.195686886013537
8,27,30.98448341322721
8,28,32.77081800901312
8,29,35.79112850297942
8,30,34.33443936094235
8,31,30.947479459791488
8,32,31.719020490836968
8,33,31.509519941652073
8,34,27.72360305910685
8,35,27.684994207005243
8,36,30.187535459682845
8,37,28.170784003236946
8,38,27.261554110436162
8,39,23.785018830870904
8,40,23.46202062918444
8,41,21.851529502311582
8,42,20.67313701617786
8,43,23.214791478211975
8,44,20.78991107332007
8,45,17.098445112266507
8,46,16.65355062984422
8,47,14.143963820842911
8,48,11.302538415618672
8,49,14.15755324009393
8,50,15.344467802237931
8,51,12.803581701323955
8,52,15.734903372168286
8,53,17.438611602658863
8,54,15.008288001609587
8,55,15.151750654295876
8,56,18.938285487704732
8,57,19.13787995190184
8,58,17.182993606298485
8,59,20.403315698516955
8,60,22.557462760761137
8,61,19.998076788483957
8,62,20.437704960486563
8,63,24.165081063655673
8,64,24.679296926364504
8,65,23.066974755879833
8,66,25.233982152794226
8,67,28.391679301736144
8,68,27.841014017877875
8,69,27.74988941724145
8,70,30.27695348328804
8,71,30.888068447677462
8,72,29.00719759265275
8,73,26.108668938520086
8,74,24.32481093189437
8,75,20.70773076810896
8,76,20.720162629129252
8,77,19.641423344929095
8,78,19.75629861568449
8,79,17.355971176935448
8,80,15.106677535736713
8,81,14.845444496847364
8,82,14.501918262477062
8,83,11.339352276047313
8,84,10.143095431679518
8,85,11.630132658794745
8,86,10.17409612091544
8,87,6.54197638393981
8,88,8.497109965556241
8,89,10.483218291422077
8,90,8.015889192541579
8,91,7.407447218151741
8,92,11.100699724184802
8,93,12.758463275958135
8,94,15.80263422314906
8,95,19.839885187651348
8,96,21.286707783987172
8,97,22.84533526470855
8,98,21.26107184668824
8,99,23.72343514529831
8,100,24.225015907374036
8,101,25.95986550806187
8,102,29.417797188829166
8,103,28.614975966956163
8,104,27.048671569012193
8,105,25.483296451456667
8,106,25.198544980151144
8,107,22.335153897182487
8,108,22.034837569735835
8,109,22.07450610323485
8,110,19.70887449790419
8,111,17.04706776538727
8,112,17.804677832350905
8,113,17.410258398225587
8,114,13.833245416269335
8,115,13.064099387187674
8,116,14.842629952452723
8,117,13.074486779176079
8,118,9.595084872600498
8,119,11.720593592526713
8,120,13.739631253624855
8,121,11.221755192168587
8,122,9.699984209859634
8,123,13.41122697935581
8,124,14.212168812430175
8,125,11.941036865741015
8,126,13.874258452423081
9,1,13.184760773098102
9,2,10.942360055053589
9,3,10.073930959451738
9,4,8.846810906507628
9,5,6.330229012540683
9,6,5.188285452887683
9,7,5.425945647327924
9,8,3.8065877876216527
9,10,3.8053315332654267
9,11,5.25960613005177
9,12,4.971083096019111
9,13,5.86375843325514
9,14,8.536517629875734
9,15,9.95829666586705
9,16,10.464860641949207
9,17,11.993940588626025
9,18,14.121011717835566
9,19,15.62828303636844
9,20,16.266495289839632
9,21,17.816094811532725
9,22,19.70540096576773
9,23,21.106928521537302
9,24,21.985636367730066
9,25,23.815912419889145
9,26,25.36208379265797
9,27,29.087130367014858
9,28,30.98555523555406
9,29,33.87904157516477
9,30,32.50032688303537
9,31,28.967451457533098
9,32,29.434972086423773
9,33,29.486146139947557
9,34,25.737776219441475
9,35,25.257206879820313
9,36,27.74542331501347
9,37,25.974926783133903
9,38,24.87742247216081
9,39,21.41106666693212
9,40,21.060919310237228
9,41,19.088963661731633
9,42,17.968002785302915
9,43,20.355705842430318
9,44,17.90091246873777
9,45,14.120131721732845
9,46,13.83219392122088
9,47,11.950745356908444
9,48,9.724484384246006
9,49,13.015038708919224
9,50,13.423778127281075
9,51,11.135350318188056
9,52,14.576124253082652
9,53,15.593436802082394
9,54,13.210731515945804
9,55,14.284929689845796
9,56,17.905492160208
9,57,17.656293503588262
9,58,16.228322932443668
9,59,19.77997369945163
9,60,21.376673610287224
9,61,18.65146423418884
9,62,19.737065077421693
9,63,23.341291277214363
9,64,23.338806103171006
9,65,21.952803290866626
9,66,24.57362293095382
9,67,27.399859207960027
9,68,26.630141144735802
9,69,26.96260459754941
9,70,29.442488187835927
9,71,30.281929193639797
9,72,28.113458050573247
9,73,25.1631299179963
9,74,23.897810320110793
9,75,20.340237800596324
9,76,20.894912311636016
9,77,19.476260462256583
9,78,20.15888617389906
9,79,18.261571698560264
9,80,15.425262654346172
9,81,14.880259894378936
9,82,15.455630613150287
9,83,12.55163599992927
9,84,10.325206748161236
9,85,12.16735632361414
9,86,11.861517855427559
9,87,8.07258696544662
9,88,8.647878710712355
9,89,11.554490759501775
9,90,9.940550317263549
9,91,7.958166644839278
9,92,11.031205672591685
9,93,13.664648149513594
9,94,16.634564310158183
9,95,19.762239573127307
9,96,20.53266290594627
9,97,21.74910982689684
9,98,19.683291279808223
9,99,21.66794379280589
9,100,21.849161317119417
9,101,23.178735171747245
9,102,26.629363561675543
9,103,25.63585177743322
9,104,24.25288696476889
9,105,22.553259303863303
9,106,22.408548146537896
9,107,19.787909863106496
9,108,19.134922421933208
9,109,18.86854105496845
9,110,16.775956307327498
9,111,14.15229841495058
9,112,14.431218310884859
9,113,13.941103773803645
9,114,10.554015588126838
9,115,9.593609534999633
9,116,11.071317195738338
9,117,9.416950958717303
9,118,5.819870299889612
9,119,8.03481941965449
9,120,10.151446473389246
9,121,8.095282353773674
9,122,6.878499503291443
9,123,10.6323266205124
9,124,11.7837676087842
9,125,10.398657413905964
9,126,12.381963451517237
10,1,15.213462079540959
10,2,12.962797120278315
10,3,11.081015852561679
10,4,10.32484316171649
10,5,8.952318960596399
10,6,6.579676304172448
10,7,5.418366950396681
10,8,5.60532205335023
10,9,3.8053315332654267
10,11,3.8001355298630295
10,12,5.302432405000706
10,13,4.60531376759466
10,14,5.8795462484319305
10,15,8.43541792068921
10,16,9.55063969986175
10,17,9.990952786110038
10,18,11.914161109729607
10,19,14.192323721369714
10,20,14.74306997727917
10,21,15.551146742775211
10,22,17.618744841341623
10,23,19.494634735421897
10,24,20.070654750660065
10,25,21.478151164576705
10,26,23.364413444313893
10,27,27.089717549787174
10,28,29.308625205568106
10,29,32.43190111345396
10,30,31.428403854403918
10,31,27.844283187878393
10,32,28.647782836483543
10,33,29.053117130649433
10,34,25.288953325546455
10,35,24.852043304195657
10,36,27.726645346734514
10,37,26.338363270961985
10,38,25.686611363932368
10,39,22.5056868577002
10,40,22.727597210739273
10,41,20.864852657399968
10,42,20.279985123621817
10,43,22.732932471900163
10,44,20.467549670405827
10,45,16.686160534840297
10,46,16.613717367848597
10,47,15.252328489188974
10,48,13.372065879181402
10,49,16.685440957003717
10,50,16.71942420392863
10,51,14.284483206019157
10,52,17.70336704419129
10,53,18.27228509191767
10,54,15.468581102660714
10,55,16.71135691436195
10,56,20.25089383941278
10,57,19.41581355017885
10,58,17.675382542507318
10,59,21.09489028196307
10,60,22.437816199762665
10,61,19.279088578935763
10,62,20.14410986548408
10,63,23.776222324858686
10,64,23.449112653346603
10,65,21.56507738544776
10,66,24.270049971343553
10,67,27.061380047484704
10,68,25.820484295045933
10,69,25.863049491911987
10,70,27.952478243543105
10,71,28.410133346170035
10,72,25.993218432067142
10,73,23.371752106278585
10,74,22.221309444852942
10,75,18.916507347021913
10,76,19.959439340015653
10,77,19.119636739595578
10,78,20.30569101678244
10,79,18.146125603388615
10,80,15.055032441070914
10,81,15.392282618103568
10,82,16.27929917616406
10,83,12.970245175856597
10,84,11.24831821319829
10,85,13.97825707655704
10,86,13.788220617691278
10,87,10.193007001669608
10,88,11.519106020940601
10,89,14.595502676017476
10,90,13.018202232879437
10,91,11.588869564700364
10,92,14.72410921437458
10,93,17.222185095479464
10,94,20.317988905499913
10,95,23.43985820968045
10,96,24.141848791499598
10,97,25.120126736174864
10,98,22.80093190416222
10,99,24.569820328157753
10,100,24.307804670061014
10,101,25.28283984093322
10,102,28.537851669856963
10,103,27.088407513478955
10,104,25.48235270136231
10,105,23.281785137746265
10,106,22.59414992672345
10,107,19.72958873089709
10,108,18.607617373126843
10,109,18.903908338696656
10,110,17.32476077440781
10,111,14.12786414696084
10,112,14.142005918393506
10,113,14.627230570608436
10,114,11.625635700355412
10,115,9.453924372970738
10,116,11.257867147988392
10,117,10.882786550071707
10,118,7.161881017822474
10,119,7.948427521561208
10,120,11.091148117682875
10,121,10.029678173342386
10,122,7.702016862430774
10,123,10.872490687884785
10,124,13.0776238473715
10,125,11.797754411106231
10,126,12.675496477125128
11,1,16.093567213186667
11,2,14.616179025011741
11,3,12.648126999809218
11,4,10.778845365953401
11,5,9.854715828845379
11,6,8.751492211571662
11,7,6.326867055513736
11,8,5.026452075028687
11,9,5.25960613005177
11,10,3.8001355298630295
11,12,3.7996180096580616
11,13,5.421306755142839
11,14,5.437239689822423
11,15,6.447739921057585
11,16,8.756629798935316
11,17,9.973625482439362
11,18,10.797611418114812
11,19,12.95958062119937
11,20,14.478631329888866
11,21,15.37496142096867
11,22,16.65935646275914
11,23,18.786739197666872
11,24,20.01885017313078
11,25,21.146365533561006
11,26,22.554402368479987
11,27,26.351281616746732
11,28,28.279968740655914
11,29,31.468679293048858
11,30,30.270214368631223
11,31,26.876694845883645
11,32,27.99677753090408
11,33,28.028896030982168
11,34,24.22469565991285
11,35,24.355072996083393
11,36,27.227779324679815
11,37,25.54297760340808
11,38,25.205136682280163
11,39,22.081110793876245
11,40,22.549223602782753
11,41,21.26816597027005
11,42,20.957873100524203
11,43,23.844989551388228
11,44,21.932197687220114
11,45,18.230697858569826
11,46,18.59749510799284
11,47,16.883268000912448
11,48,14.30026473422392
11,49,17.079687309999667
11,50,17.27763914248302
11,51,14.23322278507833
11,52,17.15471831982323
11,53,18.007229191748397
11,54,14.837013411885426
11,55,15.321119767319901
11,56,18.934282049943928
11,57,18.200646987684202
11,58,15.84116753112141
11,59,18.929133193552715
11,60,20.67387267072436
11,61,17.574061762949505
11,62,17.805700897249853
11,63,21.552843003964238
11,64,21.672615537076485
11,65,19.552385426651064
11,66,21.851007550632538
11,67,24.941780375549722
11,68,23.944149736577995
11,69,23.63614999725913
11,70,25.870182892056295
11,71,26.26702115829772
11,72,24.21490755779008
11,73,21.486356865032118
11,74,19.83039024861782
11,75,16.375881589973446
11,76,16.929953147695382
11,77,16.285530172165934
11,78,17.13515897371734
11,79,14.671143774612
11,80,11.855670407602062
11,81,12.507143913011456
11,82,12.980408781552331
11,83,9.453985189347186
11,84,8.420501200775393
11,85,11.363274080032252
11,86,10.916903737977854
11,87,7.734583564176766
11,88,9.983980231843244
11,89,12.843909157125529
11,90,11.512328132395268
11,91,11.133045768924017
11,92,14.33953552532626
11,93,16.264229900313268
11,94,19.698538953401695
11,95,22.92662194326505
11,96,24.00081864766027
11,97,24.871187683009666
11,98,22.71928598741111
11,99,24.881238977835196
11,100,24.622125584793743
11,101,25.98111712406016
11,102,29.1209119688963
11,103,27.72719885468775
11,104,25.711370470925363
11,105,23.586602438320288
11,106,22.616305873707095
11,107,19.401020796012517
11,108,18.880899192732908
11,109,19.65575360019243
11,110,17.620169296849916
11,111,14.380741703793811
11,112,15.344143850230761
11,113,15.979740354345665
11,114,12.628007146912912
11,115,10.990372997790162
11,116,13.634198537660671
11,117,13.023562720347545
11,118,9.567282199471656
11,119,11.231158840663223
11,120,14.297405312086665
11,121,13.008399979154674
11,122,11.165152775411356
11,123,14.558563508022216
11,124,16.446984563595286
11,125,14.87127296033617
11,126,16.053017435779086
12,1,17.410388710302428
12,2,15.654014510152304
12,3,14.521200819249486
12,4,12.613372584507847
12,5,10.595169891802074
12,6,9.955341091404993
12,7,8.775023570367265
12,8,6.278392196569257
12,9,4.971083096019111
12,10,5.302432405000706
12,11,3.7996180096580616
12,13,3.812005633919458
12,14,5.658156281825356
12,15,5.423207165613989
12,16,6.314087369960306
12,17,8.680555525633482
12,18,10.079547442794816
12,19,11.204209724251621
12,20,12.569033596835641
12,21,14.3433338389884
12,22,15.587767032992911
12,23,17.03846093839198
12,24,18.498065274372898
12,25,20.192937989895334
12,26,21.27709118307438
12,27,25.03972364357803
12,28,26.6827942814298
12,29,29.602787653725834
12,30,28.102974201482066
12,31,24.69407067914496
12,32,25.447174769918103
12,33,25.288883570778296
12,34,21.495912617886656
12,35,21.480688811833133
12,36,24.105629508226638
12,37,22.24332059562154
12,38,21.659617961392154
12,39,18.421369485198234
12,40,18.766646741781603
12,41,17.539200200685286
12,42,17.328360940257447
12,43,20.369683865312393
12,44,18.734008817732906
12,45,15.158261204727092
12,46,16.06848194008656
12,47,14.623423672566073
12,48,12.043989737034726
12,49,14.505315732320165
12,50,14.164331833633224
12,51,10.949674133350877
12,52,13.839269125674479
12,53,14.356881421398166
12,54,11.10374242527215
12,55,11.900513467796083
12,56,15.41762447320521
12,57,14.554877828808111
12,58,12.487461331409577
12,59,15.832431970838272
12,60,17.38257159253018
12,61,14.383041425826097
12,62,15.11614584811048
12,63,18.787883113556884
12,64,18.82191581979403
12,65,17.168128927633354
12,66,19.696464849106277
12,67,22.608130000665714
12,68,21.851509210471022
12,69,22.055539717798986
12,70,24.613968136044402
12,71,25.545854850287434
12,72,23.57434613135734
12,73,20.478860685900557
12,74,19.094298128951817
12,75,15.470077515845002
12,76,16.00072277001061
12,77,14.550587632922243
12,78,15.485324704868999
12,79,13.742535407807072
12,80,10.628947853437811
12,81,10.297610728264932
12,82,11.430402114932326
12,83,8.594737249309846
12,84,6.133094472106849
12,85,9.002425945075917
12,86,9.664706254272268
12,87,6.549377062644425
12,88,7.505297378019988
12,89,10.985368497781202
12,90,10.654148542495506
12,91,9.703793937360185
12,92,12.202658195961067
12,93,14.565360836131491
12,94,18.089991375024415
12,95,20.444448529122976
12,96,21.147132461058373
12,97,21.65369449730186
12,98,19.272662177152004
12,99,21.324559641460194
12,100,20.912290345999434
12,101,22.303913051329086
12,102,25.402982367193044
12,103,24.072070446068626
12,104,22.038539624344665
12,105,20.0831411930108
12,106,19.342104763662412
12,107,16.260884558696613
12,108,16.068000300119934
12,109,16.55998813762149
12,110,14.184752040084815
12,111,11.230848177842523
12,112,12.593152467472775
12,113,12.836374135000897
12,114,9.285704059339137
12,115,8.408437343498589
12,116,11.374365135691088
12,117,10.408994153313909
12,118,7.557922456187138
12,119,10.155508886003542
12,120,12.89137787811356
12,121,11.852956199357886
12,122,11.106547592835293
12,123,14.57207350559749
12,124,16.175497461240393
12,125,15.250540957285434
12,126,17.008931742597913
13,1,18.946789989887556
13,2,16.575865760036002
13,3,15.28902568835591
13,4,14.267918725724728
13,5,12.17273746014421
13,6,10.379930082138994
13,7,9.75087245322258
13,8,8.523484167515218
13,9,5.86375843325514
13,10,4.60531376759466
13,11,5.421306755142839
13,12,3.812005633919458
13,14,3.8154396954833434
13,15,5.564866869648971
13,16,5.219035035605888
13,17,6.144411755057614
13,18,8.668115872396031
13,19,10.198564238418417
13,20,10.506290423716175
13,21,11.972535026910418
13,22,14.014605968193564
13,23,15.386062191083678
13,24,16.141981934910408
13,25,17.974733532465564
13,26,19.587660577360314
13,27,23.28804072593548
13,28,25.316418527085535
13,29,28.26714530847046
13,30,27.1264219852919
13,31,23.514664080214814
13,32,24.144760939143705
13,33,24.53876649853934
13,34,20.793778453776763
13,35,20.262455276031798
13,36,23.124287749352607
13,37,21.808087181963867
13,38,21.255960960012832
13,39,18.223002996677657
13,40,18.803705619044806
13,41,17.17296729509091
13,42,17.219221181209626
13,43,19.968866825936782
13,44,18.30706560154382
13,45,14.721973312494232
13,46,15.660739308089859
13,47,14.999539194904665
13,48,13.26981412501837
13,49,16.12795116185895
13,50,15.195457496838506
13,51,12.49487024235577
13,52,15.744587932259382
13,53,15.505825122444485
13,54,12.37880442442694
13,55,14.13230853581713
13,56,17.308587838592814
13,57,15.831805534027767
13,58,14.287272839955845
13,59,17.739971200974715
13,60,18.566308289026075
13,61,15.247204140921887
13,62,16.509464009610646
13,63,19.961302194421844
13,64,19.260173750048363
13,65,17.55987440999338
13,66,20.560796582647452
13,67,23.06954182606928
13,68,21.77619674794527
13,69,22.212545058061373
13,70,24.41420487109867
13,71,25.274282159757306
13,72,22.83295359672363
13,73,19.966100309287928
13,74,19.21468291692043
13,75,15.918166197138653
13,76,17.297262097228327
13,77,15.998856921564538
13,78,17.686116310421372
13,79,16.216939543149472
13,80,12.68943544406645
13,81,12.69660645322302
13,82,14.544212424009558
13,83,11.833065678328072
13,84,9.302842695039443
13,85,12.362310955792587
13,86,13.432356511619485
13,87,10.31056526540811
13,88,10.732651934638271
13,89,14.39462108950457
13,90,14.02211551554421
13,91,12.39805789896946
13,92,14.70031703512383
13,93,17.55194413248907
13,94,20.862879628907418
13,95,22.849015062574207
13,96,23.051985077292684
13,97,23.342857454696333
13,98,20.565756452498984
13,99,22.024091294071045
13,100,21.186890393631217
13,101,21.938384327876964
13,102,24.935710738343186
13,103,23.19446958321679
13,104,21.324293432340742
13,105,18.933402264269887
13,106,18.046987364716312
13,107,15.13007471422511
13,108,14.085474300356625
13,109,14.557137964063843
13,110,12.939978186085172
13,111,9.596300324242483
13,112,10.00804694050821
13,113,10.874797535920848
13,114,7.947634544627273
13,115,5.65324853679188
13,116,8.572683210898072
13,117,8.749350351844214
13,118,5.958082732874544
13,119,7.448762295225631
13,120,10.753811016727667
13,121,10.749397950253499
13,122,9.735434355822422
13,123,12.604855199047758
13,124,14.886603402702088
13,125,14.608163659009996
13,126,15.7993493207334
14,1,20.85252162476734
14,2,18.79299783965769
14,3,16.840832361597798
14,4,15.703770120829082
14,5,14.40862528337442
14,6,12.44174871001953
14,7,10.764291314198715
14,8,10.088715848902549
14,9,8.536517629875734
14,10,5.8795462484319305
14,11,5.437239689822423
14,12,5.658156281825356
14,13,3.8154396954833434
14,15,3.807607667265609
14,16,5.3756514859198505
14,17,4.869788728672216
14,18,6.063247576435434
14,19,8.763454173457289
14,20,9.651848917704385
14,21,10.07564798884212
14,22,11.818856351615192
14,23,14.00783171885284
14,24,14.812648997381267
14,25,15.90555785675216
14,26,17.640471155957815
14,27,21.39490236209666
14,28,23.623683395604324
14,29,26.874225074001032
14,30,26.04256761725755
14,31,22.510196112559324
14,32,23.710155216495835
14,33,24.262844927241083
14,34,20.52749983216523
14,35,20.403779213359794
14,36,23.624160923703307
14,37,22.548445394153216
14,38,22.62466724168519
14,39,19.969156999132046
14,40,21.143029294182764
14,41,19.941623804271323
