1,2,3.802770654997692
1,3,5.48605814327159
1,4,5.329755696653597
1,5,6.472422507745808
1,6,8.978602655586894
1,7,10.528962189823792
1,8,10.940775788182991
1,9,12.691236647468987
1,10,14.766191590080105
1,11,15.729430615763775
1,12,16.967604833988837
1,13,18.650944531444242
1,14,20.38262286393002
1,15,21.034431001278623
1,16,22.715688529297267
1,17,24.89324594168436
1,18,26.05778813584868
1,19,26.904152188566837
1,20,28.864407961682772
1,21,30.96795990533191
1,22,31.408033778222517
1,23,32.374228124646116
1,24,34.62877083956271
1,25,36.457462318219854
1,26,36.88635950237156
1,27,38.3431185446156
1,28,40.479501000372984
1,29,44.11273050724485
1,30,46.77967666802843
1,31,49.49610498958499
1,32,49.0374723630874
1,33,45.27557615154661
1,34,44.23672410914732
1,35,46.44897410134299
1,36,44.01407368075
1,37,40.97394351614255
1,38,42.7453306574469
1,39,41.339091737536414
1,40,39.40187714064891
1,41,35.86043404624537
1,42,34.58726613965411
1,43,32.00630635860614
1,44,29.508071959856785
1,45,30.55034301835308
1,46,27.04745598944643
1,47,23.885867109496818
1,48,21.09991935987643
1,49,18.706039586845506
1,50,18.04260521647387
1,51,20.979081415910322
1,52,23.310496921540032
1,53,22.98911083297037
1,54,25.917228469957934
1,55,28.054930100584315
1,56,27.11711286623403
1,57,27.517528435564927
1,58,31.00391155889898
1,59,31.964070021187915
1,60,30.907046957106154
1,61,34.21744629514395
1,62,36.448893478562404
1,63,34.25294017962866
1,64,34.94938332549299
1,65,38.68893404149384
1,66,38.97750090686083
1,67,37.38646824090337
1,68,39.60804468064552
1,69,42.612829669467295
1,70,42.25341186782676
1,71,42.36720894760886
1,72,44.76307673902459
1,73,44.983087236986776
1,74,42.806895375586535
1,75,40.16679634796947
1,76,38.54799342721356
1,77,35.096302359453155
1,78,35.28471576120721
1,79,34.370268077211335
1,80,34.330059161164264
1,81,31.706374996308814
1,82,29.76713646012152
1,83,29.476221946245186
1,84,28.689221921871518
1,85,25.73324055783418
1,86,24.673489072237125
1,87,25.41092712090456
1,88,23.208949852554653
1,89,20.178553965692508
1,90,21.205087362008918
1,91,21.544293541448006
1,92,17.99853255744835
1,93,16.847820647008728
1,94,19.674449923358587
1,95,19.698821390502737
1,96,27.55902026113308
1,97,30.36708945428276
1,98,29.730785098264064
1,99,31.262040278457317
1,100,33.272077498349255
1,101,34.677013016182485
1,102,38.453038926457126
1,103,38.269603191139346
1,104,38.07092658060857
1,105,36.93813247291284
1,106,37.381953135447155
1,107,35.022668172898754
1,108,34.09797659137262
1,109,33.34337071620672
1,110,31.531588072960044
1,111,29.33216320536893
1,112,28.675306608146283
1,113,27.571993169963385
1,114,24.806145242439484
1,115,23.991140830828794
1,116,23.66404460315757
1,117,21.645858333140005
1,118,18.94885472683053
1,119,18.94687982482946
1,120,18.67856757335145
1,121,15.489517838492874
1,122,13.815990898504861
1,123,14.919744024830122
1,124,13.476160772424976
1,125,9.843403369362127
1,126,10.682327328443455
2,1,3.802770654997692
2,3,3.8087123734332287
2,4,5.357650328471981
2,5,4.89303852002692
2,6,6.1869965396401865
2,7,8.787973997920657
2,8,9.753917229009344
2,9,10.512231516422442
2,10,12.431797066246144
2,11,14.205717414063619
2,12,15.388644507009356
2,13,16.393724661775895
2,14,18.438306278723452
2,15,19.583600144141624
2,16,20.93032230904297
2,17,22.799113458743065
2,18,24.391901756941465
2,19,25.423304585121564
2,20,26.975484475473152
2,21,29.130192035538933
2,22,29.98730031078286
2,23,30.90137843288696
2,24,32.84117095932041
2,25,34.873986723016394
2,26,35.59813195101735
2,27,36.86006740352661
2,28,38.80661027486602
2,29,42.52691219865702
2,30,45.10169354712512
2,31,47.93468624317657
2,32,47.347669163142676
2,33,43.58862662664211
2,34,42.781818635744905
2,35,44.90068438186688
2,36,42.264647631966454
2,37,39.41292550450125
2,38,41.43149198669822
2,39,39.9616055202351
2,40,38.29774134584132
2,41,34.76255407425285
2,42,33.73184733437665
2,43,31.47478987732386
2,44,29.211161062672787
2,45,30.69322423523489
2,46,27.4134140931814
2,47,24.03884415341004
2,48,21.686690407917215
2,49,18.956258159770545
2,50,17.53881430893965
2,51,20.3861082667633
2,52,22.839113897118718
2,53,21.959626270049743
2,54,24.7529771423136
2,55,27.085035643632963
2,56,25.795699539548252
2,57,25.817715924604414
2,58,29.427134035387894
2,59,30.413047047080507
2,60,28.974279568803077
2,61,32.115298614950994
2,62,34.5680180309605
2,63,32.36715837422838
2,64,32.70614866211241
2,65,36.47977981896126
2,66,37.01407278176754
2,67,35.27075429650176
2,68,37.24348080076583
2,69,40.4168427887224
2,70,40.157686034273205
2,71,40.03365990804216
2,72,42.449097703850704
2,73,42.57479701356627
2,74,40.60169956838696
2,75,37.95278550955957
2,76,36.069118119981226
2,77,32.6089266699578
2,78,32.54908644536006
2,79,31.817025810802654
2,80,31.57306045042386
2,81,28.769812110346756
2,82,27.089390211626807
2,83,26.989070283767393
2,84,25.903853730727715
2,85,22.883675846285218
2,86,22.244706874395906
2,87,22.95721421776003
2,88,20.440934866355917
2,89,17.63083073020102
2,90,19.16703351077049
2,91,19.331682435852915
2,92,15.615751261118653
2,93,15.133620681789196
2,94,18.27972465051422
2,95,18.00888687155534
2,96,26.742893662073918
2,97,29.515515737542973
2,98,29.015676336710687
2,99,30.938272813798935
2,100,32.88306136959937
2,101,34.545773446386974
2,102,38.30573489021099
2,103,38.048323250055574
2,104,37.493930129464914
2,105,36.28236487548121
2,106,36.46332280886914
2,107,33.830079598720054
2,108,33.13892745548375
2,109,32.72660960076637
2,110,30.66516049158713
2,111,28.282849686387927
2,112,28.061303262542694
2,113,27.17588638258055
2,114,24.076454995900438
2,115,23.259010142192626
2,116,23.54067232068528
2,117,21.49991799853599
2,118,18.433792866037603
2,119,18.904815789987897
2,120,19.251269505695863
2,121,15.944491415035278
2,122,14.019063814839448
2,123,15.91430495182569
2,124,15.068586309937533
2,125,11.277398612648726
2,126,12.278585848713021
3,1,5.48605814327159
3,2,3.8087123734332287
3,4,3.8064608176412333
3,5,5.323361029229899
3,6,5.241653735546104
3,7,6.468479283329444
3,8,8.618051124704573
3,9,10.051977120660075
3,10,10.901832047093425
3,11,12.471035049602182
3,12,14.524324294025408
3,13,15.439212053296194
3,14,16.790813106762005
3,15,18.264711492354078
3,16,20.149545689842594
3,17,21.63429467559492
3,18,22.88373909314074
3,19,24.381341809143898
3,20,26.099882717095337
3,21,27.821326182700993
3,22,28.700574398299064
3,23,30.058275046824082
3,24,31.895983226672215
3,25,33.61772698983357
3,26,34.54543625034684
3,27,36.11460070125939
3,28,37.82810916371242
3,29,41.540725627508515
3,30,43.906959782522236
3,31,46.55298150605819
3,32,45.74275696727421
3,33,42.03517193607275
3,34,41.017700548270376
3,35,42.92899043584482
3,36,40.26548168412962
3,37,37.432818278324014
3,38,39.268950945294776
3,39,37.55477157885937
3,40,35.73712786032138
3,41,32.101701050536526
3,42,30.82216294689654
3,43,28.602847030994067
3,44,26.15512279672677
3,45,27.59404374392816
3,46,24.35580039916489
3,47,21.085576640313864
3,48,18.738991182709285
3,49,15.7191551198699
3,50,14.170458673010994
3,51,16.790271221889117
3,52,19.45339594782918
3,53,18.765345264348355
3,54,21.38323496969601
3,55,23.879551883095647
3,56,22.88101894778574
3,57,22.80142437823361
3,58,26.294461014429316
3,59,27.536590207231647
3,60,26.329371306447165
3,61,29.454990327152917
3,62,31.937686849817286
3,63,29.995171936422448
3,64,30.503229475494788
3,65,34.213607744974425
3,66,34.83229050742989
3,67,33.402553585247354
3,68,35.388491936888194
3,69,38.476145472654785
3,70,38.467282264968496
3,71,38.600738846623
3,72,41.25366864020779
3,73,41.70579326413216
3,74,39.82391622336049
3,75,36.92983038580066
3,76,35.10031308826243
3,77,31.491242656350437
3,78,31.281300146335926
3,79,30.147630488259615
3,80,29.749765872266757
3,81,27.23954728081437
3,82,25.575244863364993
3,83,24.986870966522282
3,84,23.898175341590644
3,85,21.210816503514497
3,86,20.230073129952668
3,87,20.511023193046864
3,88,18.125638485782503
3,89,15.35848493725155
3,90,16.36575138841254
3,91,16.291740739155756
3,92,12.677706070799688
3,93,11.925950223190407
3,94,14.791632102513413
3,95,14.472007879096946
3,96,23.006419801612292
3,97,25.86183004697713
3,98,25.503954977088284
3,99,27.475828440845483
3,100,29.60347414127644
3,101,31.43704272609717
3,102,35.211506726489525
3,103,35.19185709790801
3,104,34.72789739956715
3,105,33.796337951943514
3,106,34.22869130654413
3,107,31.732979787779342
3,108,31.320968707477522
3,109,30.671712299539
3,110,28.38058611054613
3,111,26.321016205642394
3,112,26.292633551028057
3,113,25.011331401547434
3,114,21.84425974599776
3,115,21.56750276642564
3,116,21.84124014394879
3,117,19.33700125905685
3,118,16.55804643698614
3,119,17.623435697336053
3,120,17.61736272562363
3,121,14.000929011874831
3,122,12.870188675150372
3,123,15.229671690147471
3,124,13.935553362304773
3,125,10.394794931796651
3,126,12.523380365227295
4,1,5.329755696653597
4,2,5.357650328471981
4,3,3.8064608176412333
4,5,3.805704249944286
4,6,5.683109763239284
4,7,5.6242824048539894
4,8,6.287254550994678
4,9,8.842399496630042
4,10,10.25487991453752
4,11,10.740711525678918
4,12,12.558255941227957
4,13,14.34319134550931
4,14,15.523995558871531
4,15,16.27113653327028
4,16,18.387978140774308
4,17,20.338953666452333
4,18,21.19293080161707
4,19,22.343908133601694
4,20,24.46618248104767
4,21,26.246970419286892
4,22,26.671968288081302
4,23,27.974362913370634
4,24,30.15938965921903
4,25,31.746356919919997
4,26,32.331752183607975
4,27,34.02711090104307
4,28,35.97572720020069
4,29,39.60155427008409
4,30,42.1158642290039
4,31,44.701796978887714
4,32,44.1105306322113
4,33,40.378773083497144
4,34,39.21310894285138
4,35,41.327285807459326
4,36,38.901551431207146
4,37,35.84983661813195
4,38,37.54127408235752
4,39,36.06070119756983
4,40,34.093655416915624
4,41,30.537577335300618
4,42,29.279388780152665
4,43,26.756317442446505
4,44,24.35177268950064
4,45,25.61679158881381
4,46,22.244896476922918
4,47,18.915436558247567
4,48,16.4368522029071
4,49,13.936158995814266
4,50,12.991799996931947
4,51,16.16611826308597
4,52,18.26130275080328
4,53,17.760375282379645
4,54,20.824305469193806
4,55,22.820370662477988
4,56,21.818996706704272
4,57,22.37002591730365
4,58,25.851187934679704
4,59,26.698583358611504
4,60,25.752294560604497
4,61,29.145129737650883
4,62,31.253186767634336
4,63,29.077491109760835
4,64,29.95049645624623
4,65,33.65102565911887
4,66,33.857012605103186
4,67,32.42245528512708
4,68,34.74637142847519
4,69,37.64054002064459
4,70,37.354217535687944
4,71,37.68060449724423
4,72,40.210435428170385
4,73,40.69192399489879
4,74,38.53114180172946
4,75,35.70954919356669
4,76,34.22101683949448
4,77,30.6807313181309
4,78,30.914558862686885
4,79,29.700421644273433
4,80,29.76624672984117
4,81,27.409831083012318
4,82,25.26949767095302
4,83,24.692515568908533
4,84,24.182113494957573
4,85,21.371064017587152
4,86,19.887921229320856
4,87,20.638771125805683
4,88,18.832083175288474
4,89,15.562045916847675
4,90,16.22975539608748
4,91,16.956272580421977
4,92,13.661160902194553
4,93,11.96161378322522
4,94,14.878826934663293
4,95,15.504303847218234
4,96,23.091986611537425
4,97,25.630846065060116
4,98,24.748558181492122
4,99,26.316271122870138
4,100,28.16717263423332
4,101,29.60587010354662
4,102,33.37310197723806
4,103,33.13029630515735
4,104,32.81811353816548
4,105,31.7089346749505
4,106,32.18010631733296
4,107,29.844130656508206
4,108,29.073584547645666
4,109,28.268612147244923
4,110,26.311518294736377
4,111,24.216187694009356
4,112,23.733017762285325
4,113,22.495417551289403
4,114,19.6100048561289
4,115,19.048241739032175
4,116,18.896807410649043
4,117,16.627338395070137
4,118,13.920569711567337
4,119,14.453853243933578
4,120,14.270363016616276
4,121,10.804483939224662
4,122,9.467093676414684
4,123,11.505089949500595
4,124,10.224025612160338
4,125,6.607814974162
4,126,8.833396887150577
5,1,6.472422507745808
5,2,4.89303852002692
5,3,5.323361029229899
5,4,3.805704249944286
5,6,3.810010042480789
5,7,5.589216320436178
5,8,5.104157439306065
5,9,6.230437711729698
5,10,8.713018549293201
5,11,9.852575769197827
5,12,10.698120199490702
5,13,12.230183467364721
5,14,14.241867959404019
5,15,14.935444597473193
5,16,16.354104380768685
5,17,18.50714595998697
5,18,19.9019738604934
5,19,20.720817678972477
5,20,22.479621724284982
5,21,24.673144543109526
5,22,25.304354098645
5,23,26.185811200138932
5,24,28.291207274898856
5,25,30.256726633461568
5,26,30.830704033185604
5,27,32.15693290780752
5,28,34.198732761061905
5,29,37.87803565018731
5,30,40.5230515459257
5,31,43.33279641573625
5,32,42.87894730110577
5,33,39.1025170319416
5,34,38.25783639522263
5,35,40.52197999938501
5,36,38.02626095321578
5,37,35.05431043467901
5,38,37.06369960075868
5,39,35.80992385919653
5,40,34.1783230992891
5,41,30.75763055839361
5,42,29.957644521441896
5,43,27.63982755564443
5,44,25.672581731180177
5,45,27.337100215428066
5,46,24.17460428257997
5,47,20.602499184109362
5,48,18.61288864358214
5,49,16.272081628902352
5,50,14.8488534761741
5,51,18.179311963105462
5,52,19.99960114308556
5,53,18.829130653463356
5,54,22.008517579110187
5,55,23.865954981661183
5,56,22.277474757010907
5,57,22.761584058421906
5,58,26.433955450321417
5,59,26.945303181199154
5,60,25.54530036748126
5,61,28.8875569746897
5,62,31.02863282090335
5,63,28.555957148389286
5,64,29.103562346528534
5,65,32.87991664129539
5,66,33.082789171677874
5,67,31.261480176941433
5,68,33.485033725584735
5,69,36.5202571584023
5,70,36.02271131786601
5,71,36.01796594373343
5,72,38.34184950135321
5,73,38.514751517399056
5,74,36.34984698332306
5,75,33.7248116451126
5,76,32.0973788478538
5,77,28.67921055591665
5,78,28.991033409842892
5,79,28.20228242579641
5,80,28.397510841343077
5,81,25.72652420069323
5,82,23.591512415665015
5,83,23.56626173780714
5,84,23.0296227824139
5,85,19.84738301851736
5,86,18.801002600505466
5,87,20.063387968131956
5,88,18.10253100519067
5,89,14.787703778659598
5,90,16.25523866204829
5,91,17.301169071890065
5,92,13.88617100181822
5,93,12.769336503662865
5,94,16.220837861503036
5,95,16.892535114208872
5,96,25.11896650697524
5,97,27.423958450990934
5,98,26.38533975904908
5,99,28.142338925773473
5,100,29.66001120053362
5,101,31.05762524406649
5,102,34.75680956256682
5,103,34.168263270563244
5,104,33.490859058568475
5,105,32.01808347496828
5,106,32.03853474859197
5,107,29.395088688669933
5,108,28.49529565449916
5,109,28.17107031192224
5,110,26.293570473498196
5,111,23.748655525526363
5,112,23.380996360863712
5,113,22.735282974290378
5,114,19.705406280480602
5,115,18.57489715963304
5,116,18.926075963482138
5,117,17.185905121928915
5,118,13.914570280591049
5,119,14.219517709908684
5,120,14.998667164375114
5,121,11.953871133169407
5,122,9.541158181881855
5,123,11.794831261054666
5,124,11.718411940377791
5,125,8.08043055693849
5,126,9.039450982581883
6,1,8.978602655586894
6,2,6.1869965396401865
6,3,5.241653735546104
6,4,5.683109763239284
6,5,3.810010042480789
6,7,3.805822432717376
6,8,5.404644722262829
6,9,5.181223793855519
6,10,6.304960527966647
6,11,8.653390637237653
6,12,10.108333028165037
6,13,10.515842079691264
6,14,12.4430645273184
6,15,14.0634516911334
6,16,15.42397156360389
6,17,16.874251872299073
6,18,18.567857406408088
6,19,19.940472030005203
6,20,21.306760828883093
6,21,23.255816812528
6,22,24.390814462391905
6,23,25.50515482444598
6,24,27.171411062846566
6,25,29.157381650736145
6,26,30.189509328364398
6,27,31.493684705711626
6,28,33.17028370352803
6,29,36.93063008270639
6,30,39.337249305481485
6,31,42.14767403362061
6,32,41.409199671191836
6,33,37.67321589190965
6,34,36.94014239284751
6,35,38.95806124258426
6,36,36.2224825476549
6,37,33.47525655610122
6,38,35.623023054656464
6,39,34.12649327027669
6,40,32.679295187954224
6,41,29.200144299468946
6,42,28.47223014737138
6,43,26.532815077293392
6,44,24.673757064956426
6,45,26.699642630038106
6,46,23.80645922380694
6,47,20.188048632067208
6,48,18.626975170464533
6,49,15.829353469135352
6,50,13.596625926431733
6,51,16.55375113138341
6,52,18.634630180036265
6,53,17.014379153560373
6,54,19.86557749065228
6,55,22.059556841764863
6,56,20.30542324694215
6,57,20.253522685111946
6,58,23.977174748167815
6,59,24.72064118947053
6,60,23.03800967795282
6,61,26.168306304564066
6,62,28.605386285205466
6,63,26.31763179411208
6,64,26.556063439688355
6,65,30.34042357552661
6,66,30.899404989224013
6,67,29.119507961766192
6,68,31.057366005056327
6,69,34.242164998820236
6,70,34.03709408968231
6,71,33.92844620154712
6,72,36.437998605839205
6,73,36.71208410466193
6,74,34.8421351475973
6,75,32.04827377405516
6,76,30.13627305903478
6,77,26.598358284542574
6,78,26.492369162952432
6,79,25.648779589689294
6,80,25.47001131452623
6,81,22.751042910995647
6,82,20.954387328149213
6,83,20.822930500207864
6,84,19.879551025180124
6,85,16.81250644636362
6,86,16.078625247606464
6,87,17.00028679666437
6,88,14.681625143601812
6,89,11.640707033341503
6,90,13.464124104665252
6,91,14.12078915234038
6,92,10.550769144131056
6,93,10.17620429370606
6,94,13.794592246527573
6,95,14.065923354963186
6,96,22.99334621102071
6,97,25.32607198754176
6,98,24.576136350653055
6,99,26.754432315113668
6,100,28.35410313447903
6,101,30.128417059355687
6,102,33.80030590884084
6,103,33.333666030351594
6,104,32.38401769946681
6,105,31.048102425571244
6,106,30.979794481275768
6,107,28.151868101283135
6,108,27.70612112747798
6,109,27.57560103653018
6,110,25.284995890389926
6,111,22.791575884197368
6,112,23.03728614431307
6,113,22.343019441109398
6,114,18.95016707066234
6,115,18.231077806203196
6,116,19.211727527668007
6,117,17.15623405661149
6,118,13.801349587642077
6,119,15.034618699528682
6,120,16.102183173696993
6,121,12.877506030582555
6,122,10.988896403041151
6,123,14.029370977518736
6,124,14.023233167099233
6,125,10.694310118038985
6,126,12.30597938979776
7,1,10.528962189823792
7,2,8.787973997920657
7,3,6.468479283329444
7,4,5.6242824048539894
7,5,5.589216320436178
7,6,3.805822432717376
7,8,3.805351390526959
7,9,5.420076646517698
7,10,5.019919266350355
7,11,6.091975113331493
7,12,8.704927929490964
7,13,9.604266846416005
7,14,10.418058000376407
7,15,11.9846157633334
7,16,14.166534716427197
7,17,15.452050642632704
7,18,16.466721121934672
7,19,18.165922848534397
7,20,19.97444340769871
7,21,21.469097142950055
7,22,22.344839489001632
7,23,23.9093220195175
7,24,25.67671749651332
7,25,27.244486008328966
7,26,28.28483743315213
7,27,29.984254399128343
7,28,31.559510858745124
7,29,35.25598237658979
7,30,37.539120795538366
7,31,40.1254894087323
7,32,39.29234147156178
7,33,35.58950964360229
7,34,34.54974914341707
7,35,36.48244718344969
7,36,33.8553668023071
7,37,30.985417038490326
7,38,32.86674644383743
7,39,31.25397125808665
7,40,29.555576111841052
7,41,25.998949320356914
7,42,25.037027874297614
7,43,22.956267841709575
7,44,20.95442007880486
7,45,22.90752093972584
7,46,20.009731105005223
7,47,16.40387828396008
7,48,14.909027267387142
7,49,12.109117288809085
7,50,9.879167995686092
7,51,13.03239108491622
7,52,14.92496176489351
7,53,13.484259902452344
7,54,16.50918684162581
7,55,18.56600901996487
7,56,17.052357309128524
7,57,17.311862489014654
7,58,20.95366260037819
7,59,21.70452479380394
7,60,20.41983698465961
7,61,23.735943924682417
7,62,25.97375627090447
7,63,23.794356453434748
7,64,24.456150792008003
7,65,28.1793382446491
7,66,28.56564509191011
7,67,27.11090002403331
7,68,29.282994431172508
7,69,32.25913953938864
7,70,32.141354450974085
7,71,32.422515303876864
7,72,35.09868311278
7,73,35.723705848366144
7,74,33.779460993298024
7,75,30.784554480671897
7,76,29.150110594371085
7,77,25.511628924422244
7,78,25.53347449006184
7,79,24.201569862277044
7,80,24.163942737635402
7,81,21.884455585819147
7,82,19.790207687367648
7,83,19.10673411735479
7,84,18.571565009888236
7,85,15.82622420506708
7,86,14.302126560108972
7,87,15.064510718766527
7,88,13.35830714876031
7,89,9.966374678470642
7,90,10.85915678288236
7,91,11.921855193522399
7,92,8.762187152287481
7,93,7.2060423724993745
7,94,10.723153173507974
7,95,11.730286037802218
7,96,19.8297447319973
7,97,22.01158797997297
7,98,21.046986952659136
7,99,23.06821706523342
7,100,24.6623212332913
7,101,26.39296227903242
7,102,30.088516247501065
7,103,29.71024679004712
7,104,28.911972094510272
7,105,27.73942223960466
7,106,27.941627909081575
7,107,25.33072448468355
7,108,24.968334584895146
7,109,24.506829012507303
7,110,22.145274187926297
7,111,19.950876828875714
7,112,20.158962861529538
7,113,19.07479740705239
7,114,15.710583221192811
7,115,15.42873982630557
7,116,16.22146285292456
7,117,13.780794144536472
7,118,10.70864740555936
7,119,12.438857874676248
7,120,13.134028961463507
7,121,9.735312316728068
7,122,8.672293215900837
7,123,12.093767028550772
7,124,11.838612337954961
7,125,9.11173808368315
7,126,11.581373068176735
8,1,10.940775788182991
8,2,9.753917229009344
8,3,8.618051124704573
8,4,6.287254550994678
8,5,5.104157439306065
8,6,5.404644722262829
8,7,3.805351390526959
8,9,3.808717553316532
8,10,5.4091069415074315
8,11,4.998751300416805
8,12,6.275617348943994
8,13,8.451551267825915
8,14,9.713306024136921
8,15,10.108982714299488
8,16,12.111652842420726
8,17,14.229671233646433
8,18,15.127186621241021
8,19,16.106705376398192
8,20,18.19916584560153
8,21,20.088455861426613
8,22,20.530616591123806
8,23,21.725390314219414
8,24,23.890340379371565
8,25,25.56986766068905
8,26,26.175453071227118
8,27,27.77889304411883
8,28,29.719971726742692
8,29,33.36137514326484
8,30,35.91723248419019
8,31,38.58826810253604
8,32,38.097332900694845
8,33,34.33570414697894
8,34,33.33137693472184
8,35,35.59402955649966
8,36,33.19691918129956
8,37,30.130476583964285
8,38,32.038724169557234
8,39,30.836255306056465
8,40,29.16772836745881
8,41,25.80065995010239
8,42,25.124731035996554
8,43,22.813211286716726
8,44,21.110298352815352
8,45,23.012650692370023
8,46,20.084644591559584
8,47,16.364567374108503
8,48,14.963094895355631
8,49,12.975899178951787
8,50,11.416840839566179
8,51,15.019320168168944
8,52,16.129759603089514
8,53,14.656630052969666
8,54,18.109202430954916
8,55,19.49806300238413
8,56,17.705777470228707
8,57,18.629299635960354
8,58,22.264667531784635
8,59,22.39897698337849
8,60,21.161362722119563
8,61,24.675199744626084
8,62,26.507624804529566
8,63,23.91505282059156
8,64,24.768415163353854
8,65,28.4929044419986
8,66,28.426205764993142
8,67,26.723518992950922
8,68,29.190421211126818
8,69,32.034391798554
8,70,31.473654483115297
8,71,31.744970354193697
8,72,34.138440463824566
8,73,34.576192177101696
8,74,32.314672560147145
8,75,29.54426125978526
8,76,28.198237943491122
8,77,24.736088642266296
8,78,25.30514304012695
8,79,24.19732969888519
8,80,24.73516565715408
8,81,22.425507709547542
8,82,19.86329492044008
8,83,19.592622743416754
8,84,19.655693117497353
8,85,16.59695483444284
8,86,14.87807614126728
8,87,16.47637328263398
8,88,15.304938776961977
8,89,11.600323096937542
8,90,12.585213463117682
8,91,14.520218066949374
8,92,11.793977935457455
8,93,9.88842784707186
8,94,13.314060429342568
8,95,14.988367233918682
8,96,22.22978555416402
8,97,24.013520645351008
8,98,22.50472094767101
8,99,24.13557870143714
8,100,25.269463100072198
8,101,26.513518027727645
8,102,30.139884244290812
8,103,29.34174092735289
8,104,28.539910223442956
8,105,26.95786888686025
8,106,26.93996237945546
8,107,24.335314527097328
8,108,23.434237260246906
8,109,23.083304867064662
8,110,21.20231603136849
8,111,18.662917110511493
8,112,18.336387312242074
8,113,17.70784183551261
8,114,14.633471509239284
8,115,13.521602245910298
8,116,14.083259167642852
8,117,12.349347797189486
8,118,8.911685840680235
8,119,9.67382636012894
8,120,10.898141733185664
8,121,8.059227035130622
8,122,5.729900904785785
8,123,9.065461641553622
8,124,9.749561965195392
8,125,7.21229225106304
8,126,8.832678659912114
9,1,12.691236647468987
9,2,10.512231516422442
9,3,10.051977120660075
9,4,8.842399496630042
9,5,6.230437711729698
9,6,5.181223793855519
9,7,5.420076646517698
9,8,3.808717553316532
9,10,3.8018692225120994
9,11,5.386726264961301
9,12,5.253351530851849
9,13,6.049111009431543
9,14,8.598508623059773
9,15,9.54364764182263
9,16,10.455939284395809
9,17,12.39623141956806
9,18,14.194404619609411
9,19,15.086137943912096
9,20,16.464042247703205
9,21,18.7154170725141
9,22,19.700204148838687
9,23,20.524490140452837
9,24,22.335679993965222
9,25,24.461367747698926
9,26,25.307998384885998
9,27,26.475963897926054
9,28,28.31742756848467
9,29,32.058026682517095
9,30,34.62299732139161
9,31,37.52766784208307
9,32,37.02700846469104
9,33,33.249333660280534
9,34,32.64722335068469
9,35,34.91882645150168
9,36,32.325379238066645
9,37,29.483488463423214
9,38,31.781983718345135
9,39,30.678083606198456
9,40,29.453617613465862
9,41,26.223087370294653
9,42,26.01827856558521
9,43,24.139020734830844
9,44,22.889073508799317
9,45,25.234467391961587
9,46,22.645958735840452
9,47,18.855390386745356
9,48,17.99405055107525
9,49,15.917695223601037
9,50,13.736460858709295
9,51,17.041642093590518
9,52,18.132088158635344
9,53,15.958601273491775
9,54,19.179180780630176
9,55,20.631421416330888
9,56,18.270094855634316
9,57,18.77477361232489
9,58,22.542204108560302
9,59,22.506164816507017
9,60,20.66564389919071
9,61,23.9545453877084
9,62,25.981353370994135
9,63,23.219314475716764
9,64,23.53342071195851
9,65,27.32287061565811
9,66,27.463495108140766
9,67,25.376422044285828
9,68,27.559754744797992
9,69,30.637177051719803
9,70,30.0200673378507
9,71,29.86906976152054
9,72,32.14338684768387
9,73,32.29558251462978
9,74,30.1898081400539
9,75,27.540573478524415
9,76,25.8672609804435
9,77,22.46404792264037
9,78,22.883666886723528
9,79,22.233613220123573
9,80,22.69845384432893
9,81,20.003774043886214
9,82,17.637200133045035
9,83,17.960968762258265
9,84,17.758734222543033
9,85,14.342581862120209
9,86,13.353450682190347
9,87,15.33239147329025
9,88,13.821278978695737
9,89,10.335623612592642
9,90,12.397633719136294
9,91,14.32495894949861
9,92,11.545821839660773
9,93,10.738322366651255
9,94,14.462132558040842
9,95,15.78822115113537
9,96,23.77066907637253
9,97,25.417411847998103
9,98,24.015837699869163
9,99,25.998907902075764
9,100,26.92621728918431
9,101,28.325063192177023
9,102,31.833797366573524
9,103,30.833625516147215
9,104,29.5875875291159
9,105,27.772638150673366
9,106,27.27522735775464
9,107,24.289763200482476
9,108,23.518886537452193
9,109,23.771234429951374
9,110,21.780463339276043
9,111,18.857227691930575
9,112,19.00776386902624
9,113,18.97085001669805
9,114,15.670662113819962
9,115,14.234917477336007
9,116,15.646485568108574
9,117,14.35803491727649
9,118,10.615352477373166
9,119,11.553095196612658
9,120,13.666000832110992
9,121,11.322374539530669
9,122,8.730721358041672
9,123,11.963919444070383
9,124,13.295585311149436
9,125,10.773205161728795
9,126,11.6482529346493
10,1,14.766191590080105
10,2,12.431797066246144
10,3,10.901832047093425
10,4,10.25487991453752
10,5,8.713018549293201
10,6,6.304960527966647
10,7,5.019919266350355
10,8,5.4091069415074315
10,9,3.8018692225120994
10,11,3.8032790017854405
10,12,5.552067142534152
10,13,4.861205309090651
10,14,6.213043959148629
10,15,8.48457797968905
10,16,9.968749019834398
10,17,10.816054774847554
10,18,12.461103662137962
10,19,14.25973858350857
10,20,15.50547056561102
10,21,17.123514635678724
10,22,18.477993425744923
10,23,19.873853115922937
10,24,21.279159165618978
10,25,23.119937804678358
10,26,24.440476386476742
10,27,25.857239467794493
10,28,27.252539083432005
10,29,31.020005007368493
10,30,33.25961231375422
10,31,36.00943123720351
10,32,35.16039355422219
10,33,31.443372481641187
10,34,30.73937098340325
10,35,32.703807839058676
10,36,29.9328047688244
10,37,27.231090580009777
10,38,29.488916706278523
10,39,28.049902415461435
10,40,26.83613903936503
10,41,23.48629935841415
10,42,23.197578245035473
10,43,21.61442062816237
10,44,20.39006591129251
10,45,23.004639128457203
10,46,20.69436275564068
10,47,16.95491117640962
10,48,16.546526951661257
10,49,14.170087108282544
10,50,11.357432514548071
10,51,14.25421493005455
10,52,15.390999406770161
10,53,12.842893285594231
10,54,15.797782215999145
10,55,17.472540680105304
10,56,15.052779247366493
10,57,15.184004280649043
10,58,18.978887372816867
10,59,19.174543396780273
10,60,17.26147294329367
10,61,20.481197612218356
10,62,22.710102926684094
10,63,20.197093010065878
10,64,20.46462097505623
10,65,24.257992174481796
10,66,24.666758048069337
10,67,22.838996749339895
10,68,24.888758888847004
10,69,28.00265593460682
10,70,27.757087766273155
10,71,27.765727125697534
10,72,30.357849100721662
10,73,30.853523004701923
10,74,29.005437199395082
10,75,26.04282981453344
10,76,24.254112524901423
10,77,20.637908498014706
10,78,20.676299005434636
10,79,19.605706654339603
10,80,19.752814355543656
10,81,17.285326025391097
10,82,15.057645134205895
10,83,14.853563794210201
10,84,14.483849642004046
10,85,11.351773649113781
10,86,10.095600914213971
10,87,11.677567044532962
10,88,10.212468460623885
10,89,6.6090106148933465
10,90,8.650912226038677
10,91,10.612359279792694
10,92,8.140704515270562
10,93,7.532059200455478
10,94,11.208309691356838
10,95,12.61367422341682
10,96,20.533462507138083
10,97,22.07967864291779
10,98,20.834199819288678
10,99,23.110669847627978
10,100,24.109113699066736
10,101,25.836390856275642
10,102,29.3190146914623
10,103,28.512326179105646
10,104,27.117829196342868
10,105,25.560922600984803
10,106,25.168337591700336
10,107,22.145999388628777
10,108,21.91018887742511
10,109,22.120159214521664
10,110,19.66263573856794
10,111,17.01323968419448
10,112,17.78691176245386
10,113,17.423925810893365
10,114,13.804703268022445
10,115,13.147973050110654
10,116,15.032240613325353
10,117,13.2121220428751
10,118,9.735328798486314
10,119,11.872011432473261
10,120,13.819997722503038
10,121,11.334203609823458
10,122,9.868675357557846
10,123,13.574618022407074
10,124,14.547909212562882
10,125,12.446757043603766
10,126,14.172237731097196
11,1,15.729430615763775
11,2,14.205717414063619
11,3,12.471035049602182
11,4,10.740711525678918
11,5,9.852575769197827
11,6,8.653390637237653
11,7,6.091975113331493
11,8,4.998751300416805
11,9,5.386726264961301
11,10,3.8032790017854405
11,12,3.801361681343807
11,13,5.246333004579192
11,14,4.954659733679104
11,15,5.931357481357726
11,16,8.581348662646665
11,17,9.942714371374665
11,18,10.50480718451601
11,19,12.153107412788478
11,20,14.22249571648151
11,21,15.597329563578
11,22,16.26760055451119
11,23,17.92787180042184
11,24,19.78206990034916
11,25,21.220794648116474
11,26,22.20703278404181
11,27,24.009875523261623
11,28,25.584687371167426
11,29,29.242786307501817
11,30,31.55895415537716
11,31,34.12833846450634
11,32,33.426294954075864
11,33,29.696290939862553
11,34,28.66022073297145
11,35,30.776171782105177
11,36,28.292901836096256
11,37,25.29173595190911
11,38,27.25553801045881
11,39,25.967053531588807
11,40,24.44977942846118
11,41,21.114695941519543
11,42,20.720725163086126
11,43,18.75902660538889
11,44,17.544957168799087
11,45,20.014275538681837
11,46,17.65298465326394
11,47,13.860397433500122
11,48,13.611159928819896
11,49,11.862968041650761
11,50,9.647378911601606
11,51,12.94664464335301
11,52,13.314718955479481
11,53,11.026250638491755
11,54,14.478261919309736
11,55,15.498447642402818
11,56,13.203090110292178
11,57,14.253010293382054
11,58,17.890848192202228
11,59,17.67978003727884
11,60,16.330857520786488
11,61,19.89088143346127
11,62,21.589744747623914
11,63,18.924666079211068
11,64,19.85235612101849
11,65,23.548918243452317
11,66,23.435693236689726
11,67,21.819001237665535
11,68,24.341788050555596
11,69,27.11448847611632
11,70,26.653888800371302
11,71,27.08880796115865
11,72,29.646891442365014
11,73,30.36972216459775
11,74,28.218642065667783
11,75,25.222477594940084
11,76,23.956835304964507
11,77,20.39936924566711
11,78,20.973226317261265
11,79,19.54245761476013
11,80,20.236401597622912
11,81,18.277719343138433
11,82,15.470251562272525
11,83,14.918337585408018
11,84,15.444228464880082
11,85,12.627728755960902
11,86,10.330570554655285
11,87,12.233002977431925
11,88,11.893899026005778
11,89,8.099282677456317
11,90,8.721977970685106
11,91,11.5624696979837
11,92,9.904528123565337
11,93,7.877360593304517
11,94,11.00754410187105
11,95,13.415059247251008
11,96,19.745511724200107
11,97,20.924398743496685
11,98,19.120069753170238
11,99,20.917656716761574
11,100,21.630881717127348
11,101,22.967501866926643
11,102,26.454308567657456
11,103,25.477401812544485
11,104,24.284003993050987
11,105,22.625258567768764
11,106,22.413874494140483
11,107,19.64447185387919
11,108,19.08206567129232
11,109,18.95237468305442
11,110,16.745963576865684
11,111,14.162020702283995
11,112,14.465167580597944
11,113,13.949831926961554
11,114,10.492343194406876
11,115,9.71627246706771
11,116,11.28325423116109
11,117,9.492140482163979
11,118,5.937902853149643
11,119,8.242921055256678
11,120,10.220551258830561
11,121,8.1531592268299
11,122,7.074130501392301
11,123,10.803265196335824
11,124,12.043888975120856
11,125,10.816133977889367
11,126,12.631276842239094
12,1,16.967604833988837
12,2,15.388644507009356
12,3,14.524324294025408
12,4,12.558255941227957
12,5,10.698120199490702
12,6,10.108333028165037
12,7,8.704927929490964
12,8,6.275617348943994
12,9,5.253351530851849
12,10,5.552067142534152
12,11,3.801361681343807
12,13,3.8016958884433403
12,14,5.209151245616545
12,15,4.509018365717316
12,16,5.8434862830578185
12,17,8.364598449231739
12,18,9.474366651851753
12,19,10.03833760656231
12,20,11.962565912018553
12,21,14.10828080420146
12,22,14.645919041753915
12,23,15.588198271990416
12,24,17.67744632418825
12,25,19.563683491003083
12,26,20.222489222463796
12,27,21.62324321043784
12,28,23.545834635098895
12,29,27.2195071000581
12,30,29.836103216382718
12,31,32.64676726858816
12,32,32.29311500379007
12,33,28.50122714117096
12,34,27.771805677842096
12,35,30.223358752422765
12,36,27.862864842002676
12,37,24.83156063253324
12,38,27.06102464815577
12,39,26.264298674305422
12,40,25.078638627382354
12,41,22.080676163852278
12,42,22.250306161925675
12,43,20.377695291974142
12,44,19.710936887694988
12,45,22.258115265629982
12,46,20.08119356327129
12,47,16.33040268661347
12,48,16.31259476637372
12,49,15.128849976220888
12,50,13.268587725302572
12,51,16.578756413580205
12,52,16.53930091073944
12,53,14.101386783587548
12,54,17.53220748302608
12,55,18.067588903703886
12,56,15.355778354469193
12,57,16.641432871625383
12,58,20.199651741866184
12,59,19.387255517068894
12,60,17.751863302528
12,61,21.228705590390938
12,62,22.645113515051296
12,63,19.53847095639383
12,64,20.27237159242418
12,65,23.94250941343814
12,66,23.52307144884929
12,67,21.416167612082546
12,68,24.020078151772058
12,69,26.78653266154735
12,70,25.84121590953901
12,71,25.982107681033142
12,72,28.158155873795323
12,73,28.497284416450338
12,74,26.111854207658023
12,75,23.437141897199933
12,76,22.26945713841541
12,77,18.96131776199383
12,78,20.021864810598988
12,79,19.155017559028984
12,80,20.360203387779098
12,81,18.157432726148016
12,82,15.077860446743287
12,83,15.383894792318282
12,84,16.270787397886263
12,85,13.048120192191147
12,86,11.21160605063441
12,87,13.99248096077413
12,88,13.80992348928844
12,89,10.232822785358128
12,90,11.556129472797856
12,91,14.610912668333373
12,92,13.024452463767767
12,93,11.520882383341181
12,94,14.666085252526992
12,95,17.008526834976074
12,96,23.269913661102212
12,97,24.168506531026644
12,98,22.11182857305102
12,99,23.737198193176354
12,100,23.987953739261386
12,101,24.95883631107114
12,102,28.255869750937784
12,103,26.812080899643256
12,104,25.389052484087873
12,105,23.22074855862533
12,106,22.48168495306894
12,107,19.510448503480866
12,108,18.444813542461752
12,109,18.85830095297109
12,110,17.160606850292528
12,111,13.990080736769624
12,112,13.997017605221586
12,113,14.455931659102191
12,114,11.37443798325087
12,115,9.345161868693774
12,116,11.223317744341585
12,117,10.708190114633371
12,118,6.975181477914568
12,119,7.890345993766043
12,120,10.94468003094085
12,121,9.876918860448082
12,122,7.638472507861751
12,123,10.75326464318461
12,124,13.040742300584169
12,125,11.935292738400522
12,126,12.625692364725067
13,1,18.650944531444242
13,2,16.393724661775895
13,3,15.439212053296194
13,4,14.34319134550931
13,5,12.230183467364721
13,6,10.515842079691264
13,7,9.604266846416005
13,8,8.451551267825915
13,9,6.049111009431543
13,10,4.861205309090651
13,11,5.246333004579192
13,12,3.8016958884433403
13,14,3.8010964661209683
13,15,5.428394527159106
13,16,5.440731699885576
13,17,6.441536749206463
13,18,8.783303040672783
13,19,10.062701124357881
13,20,10.862678938323125
13,21,12.926580189793299
13,22,14.441878606413184
13,23,15.405187103945886
13,24,16.724128866048193
13,25,18.894084531053704
13,26,20.18498191757245
13,27,21.28570342947114
13,28,22.75007048727605
13,29,26.543257459961193
13,30,28.91980207813806
13,31,31.85221585529164
13,32,31.220279008768
13,33,27.462442474976832
13,34,27.067047673431833
13,35,29.274392889899627
13,36,26.57195432207339
13,37,23.893161501021975
13,38,26.465462409914913
13,39,25.483900530643016
13,40,24.717333847761996
13,41,21.757900164402898
13,42,22.227012664018115
13,43,20.94815704974025
13,44,20.567066181633013
13,45,23.53058330057515
13,46,21.717359434723928
13,47,18.021273190243033
13,48,18.41157064287602
13,49,16.805823181053082
13,50,14.226562973719732
13,51,17.01572666234123
13,52,17.19531718174073
13,53,14.152482705689307
13,54,17.084692017491985
13,55,17.922801716580494
13,56,14.804817588113822
13,57,15.344183978588983
13,58,18.981071104622156
13,59,18.26668418379245
13,60,15.994595338028992
13,61,19.148625502727388
13,62,20.94730942066531
13,63,17.899461200751887
13,64,17.9944694515613
13,65,21.749147203028983
13,66,21.791177265732042
13,67,19.475099591479722
13,68,21.650836544431737
13,69,24.72638852908354
13,70,24.029083252169702
13,71,23.82003759735502
13,72,26.12967541677914
13,73,26.408711561687735
13,74,24.396309335195124
13,75,21.60261419882059
13,76,19.92951518920824
13,77,16.471781827307378
13,78,17.037741974704872
13,79,16.377625013008196
13,80,17.239506807782007
13,81,14.722022315118451
13,82,11.932200825769906
13,83,12.57786118657229
13,84,13.034621812388501
13,85,9.564115678868657
13,86,8.426504977628817
13,87,11.391360116435063
13,88,10.935694929758561
13,89,7.783857204998744
13,90,10.037671451738108
13,91,12.885583410368104
13,92,11.52239699319928
13,93,11.075690875446119
13,94,14.235930963929805
13,95,16.14612042798146
13,96,22.96100219362224
13,97,23.80045287896259
13,98,22.062238384314952
13,99,24.171256977277867
13,100,24.42622043471157
13,101,25.793171718857757
13,102,28.98115253061298
13,103,27.60198029658057
13,104,25.762727202170666
13,105,23.6602046236743
13,106,22.617354657595598
13,107,19.29818458711121
13,108,18.813845410014974
13,109,19.718524796472973
13,110,17.576370461562487
13,111,14.366128094944601
13,112,15.316062918763203
13,113,15.943100942231931
13,114,12.545618741636654
13,115,11.044976516493096
13,116,13.735633847527781
13,117,13.030031830636
13,118,9.563376058745847
13,119,11.286319762131166
13,120,14.273651760891104
13,121,12.982220983853866
13,122,11.16682451411069
13,123,14.484662024626509
13,124,16.5047466085107
13,125,15.081421514424749
13,126,16.013684785035835
14,1,20.38262286393002
14,2,18.438306278723452
14,3,16.790813106762005
14,4,15.523995558871531
14,5,14.241867959404019
14,6,12.4430645273184
14,7,10.418058000376407
14,8,9.713306024136921
14,9,8.598508623059773
14,10,6.213043959148629
14,11,4.954659733679104
14,12,5.209151245616545
14,13,3.8010964661209683
14,15,3.8114502100723207
14,16,5.657767635292944
14,17,5.392869795401966
14,18,6.331386767791583
14,19,8.754230746081785
14,20,10.113757211146204
14,21,11.126786159710031
14,22,12.501842176407628
14,23,14.337583948759717
14,24,15.571700420734501
14,25,17.079120496589184
14,26,18.606473732515518
14,27,20.271145438248027
14,28,21.414787471753232
14,29,25.137563288107895
14,30,27.244631576615497
14,31,29.8819972362432
14,32,29.011061482049374
14,33,25.294129840228397
14,34,24.527781283243343
14,35,26.54536151723823
14,36,23.864993761278495
14,37,21.077027251191492
14,38,23.397911817256567
14,39,22.173563829612846
14,40,21.187106869550945
14,41,18.096008137007342
14,42,18.443669832560644
14,43,17.226815311759346
