1,2,3.8036509354301713
1,3,6.64716957179013
1,4,8.09213036226348
1,5,6.383710581598025
1,6,7.676238367635415
1,7,10.709854504508296
1,8,11.23666741181247
1,9,11.285278798114872
1,10,13.65524647687185
1,11,16.014445783375745
1,12,16.185641643158366
1,13,17.30098124247588
1,14,19.441528103707494
1,15,21.255320923448455
1,16,22.060390191287578
1,17,23.51676905800857
1,18,25.397987899139967
1,19,26.73280859470335
1,20,28.353814693920945
1,21,29.693477723844982
1,22,31.115533159566493
1,23,32.61708644804123
1,24,34.35553661286256
1,25,35.710045134269315
1,26,37.26580752351721
1,27,38.59167163582281
1,28,42.37788061281986
1,29,44.09442293844072
1,30,47.025744731294836
1,31,45.47756450197456
1,32,42.080865814274674
1,33,42.74433348765895
1,34,42.088526708147384
1,35,38.34524068454806
1,36,38.22641652269962
1,37,40.20311837900331
1,38,37.70581314446759
1,39,36.03937710414515
1,40,32.3235857041571
1,41,30.98886258210667
1,42,29.128927239495304
1,43,26.663435543647907
1,44,28.397725235104748
1,45,25.507805463490868
1,46,22.31987437643847
1,47,20.402082390543974
1,48,16.872522719044525
1,49,14.5728435307226
1,50,16.453063910401777
1,51,19.534091968066427
1,52,18.55497073932669
1,53,20.610318123141273
1,54,23.61714259818097
1,55,22.59528514537493
1,56,21.78078753154304
1,57,25.190928322582728
1,58,26.95059951646095
1,59,25.44180059344769
1,60,28.21361001209223
1,61,31.044950065024118
1,62,29.455286133177857
1,63,29.71472834470493
1,64,33.26498917795041
1,65,34.41006071312274
1,66,33.223976207673445
1,67,34.79552567181095
1,68,38.08562799241748
1,69,38.27449315063483
1,70,38.031235433022076
1,71,40.81043707343008
1,72,41.34097286964088
1,73,40.0240499873985
1,74,37.05692343022706
1,75,34.84142910639033
1,76,31.16470433912797
1,77,30.470207525507575
1,78,29.360818603506196
1,79,28.432005924456153
1,80,25.958476797717232
1,81,24.81207007120468
1,82,24.00218663460451
1,83,22.325935245387573
1,84,20.00044530140638
1,85,19.53097280697336
1,86,19.168289316968806
1,87,16.33541959099142
1,88,14.244797373890256
1,89,15.366669121599402
1,90,14.525623790038455
1,91,10.828809644967341
1,92,11.098427676014808
1,93,13.819481052433346
1,94,12.195889100999064
1,95,20.233562152089256
1,96,20.980062717949174
1,97,24.410939681125377
1,98,24.92448349858133
1,99,27.65441754542985
1,100,29.650976525074316
1,101,31.867290423617867
1,102,35.58889924946209
1,103,36.06116791028552
1,104,35.14062664958209
1,105,34.50762318947071
1,106,34.94378890037617
1,107,32.403851508445165
1,108,32.42150949741415
1,109,31.747724246412083
1,110,29.19243898202477
1,111,27.294743429979732
1,112,27.743577866684532
1,113,26.372511021730205
1,114,22.976449697673434
1,115,23.05457714612993
1,116,23.62994282794097
1,117,20.824381476416626
1,118,18.137865655723356
1,119,19.876958038449427
1,120,20.089188388121304
1,121,16.38220159767657
1,122,15.628662165535632
1,123,18.41956478011147
1,124,17.057365645310096
1,125,13.627612738117776
1,126,15.872043525219624
2,1,3.8036509354301713
2,3,3.810902415377349
2,4,5.247239646877082
2,5,5.476155829154799
2,6,7.1813724061201984
2,7,9.058132186950182
2,8,10.127963285598966
2,9,11.345567751514462
2,10,13.206275816252134
2,11,15.03486724046478
2,12,15.935174652871867
2,13,17.443558116870665
2,14,18.91979115990472
2,15,20.668187661769924
2,16,22.114885184003295
2,17,23.51409152224482
2,18,24.884952697555665
2,19,26.469174562771627
2,20,28.43108729775058
2,21,29.410499782763473
2,22,30.541782332844257
2,23,32.396618205580154
2,24,34.24166624113821
2,25,35.21433826400997
2,26,36.709508940796155
2,27,38.386160719204035
2,28,42.15685835280358
2,29,44.1569616626589
2,30,47.17349255769493
2,31,45.89240279732511
2,32,42.366393687055435
2,33,43.03524482342663
2,34,42.71520307517834
2,35,38.939626140132575
2,36,38.56381805394557
2,37,40.70801883220588
2,38,38.49335246840235
2,39,36.81963304838244
2,40,33.16664745473651
2,41,31.942015224451037
2,42,29.746547371450394
2,43,27.27383925596067
2,44,28.809870638330864
2,45,25.653604320277662
2,46,22.35084630837213
2,47,20.11121096126275
2,48,16.942880636107667
2,49,15.236963543098177
2,50,17.728945078233984
2,51,20.482043794105188
2,52,19.686518973869934
2,53,22.25915302826505
2,54,24.885072009723313
2,55,23.733458584860667
2,56,23.474201872125125
2,57,27.012038128437517
2,58,28.388271312384713
2,59,26.94364040573331
2,60,29.990533061814478
2,61,32.5515201258697
2,62,30.62028678598683
2,63,31.102113217153985
2,64,34.74316153350559
2,65,35.52168120502606
2,66,34.17150677643129
2,67,36.037350621120225
2,68,39.252879268671
2,69,39.09209193243711
2,70,38.86380526383549
2,71,41.440188259972636
2,72,41.821151326035235
2,73,40.196349821802364
2,74,37.38470460865829
2,75,35.38928359498758
2,76,31.790150981519396
2,77,31.522394701931056
2,78,30.573773259484316
2,79,30.07914090490487
2,80,27.49922563464853
2,81,25.940439813694503
2,82,25.40821606569884
2,83,24.149251610620556
2,84,21.437402009123165
2,85,20.748471869777383
2,86,20.997629026261237
2,87,18.45568583236861
2,88,15.781245510410892
2,89,16.971160266799462
2,90,16.89489967873066
2,91,13.218987271512445
2,92,12.752104156551628
2,93,15.789644335836993
2,94,14.883331308116613
2,95,22.812793704891092
2,96,23.037793843065504
2,97,26.341008810656003
2,98,26.476824666646007
2,99,28.867620534572385
2,100,30.65627949670381
2,101,32.49292475132636
2,102,36.26864126619317
2,103,36.49495752099586
2,104,35.70405603516646
2,105,34.81777599919115
2,106,35.2177788916337
2,107,32.72453740744084
2,108,32.29617821612883
2,109,31.568043214099006
2,110,29.384378099885804
2,111,27.279789571488124
2,112,27.247169243159572
2,113,26.06206505505584
2,114,22.885040968799164
2,115,22.463892810976073
2,116,22.683935947477135
2,117,20.224423512351475
2,118,17.372734980858464
2,119,18.413324668730954
2,120,18.625163520374745
2,121,15.047008045324192
2,122,13.726786298926985
2,123,16.04736743571239
2,124,14.775181393633423
2,125,11.106587553770492
2,126,12.77668669282857
3,1,6.64716957179013
3,2,3.810902415377349
3,4,3.8062902564324625
3,5,5.512483737157629
3,6,5.512679911173771
3,7,6.495920176929987
3,8,8.841688840531816
3,9,10.251648305174399
3,10,11.05144139001334
3,11,12.908261929948486
3,12,14.600824187762042
3,13,15.787950641671408
3,14,16.659024789832653
3,15,18.770691529634032
3,16,20.565006314315248
3,17,21.505567225959254
3,18,22.658287149194884
3,19,24.672466425292903
3,20,26.592019175009302
3,21,27.145712333883523
3,22,28.33354716738575
3,23,30.502847560855205
3,24,32.14586201847117
3,25,32.838233876197116
3,26,34.532119931075904
3,27,36.379749051863804
3,28,40.09448540935296
3,29,42.19884488748553
3,30,45.134870762696245
3,31,43.956762580335536
3,32,40.341958233860844
3,33,40.81821207021239
3,34,40.719542764565624
3,35,36.96897947116813
3,36,36.28112782954527
3,37,38.402613978677444
3,38,36.3860039174157
3,39,34.58102499078512
3,40,30.98124867946962
3,41,29.736465326857672
3,42,27.251179684553414
3,43,24.741525364742706
3,44,26.083396592571873
3,45,22.77766007811439
3,46,19.443412063699178
3,47,17.04044454982405
3,48,14.213543215537818
3,49,13.047034796287074
3,50,15.994629191683755
3,51,18.34029234960812
3,52,17.80710825309577
3,53,20.779414660911815
3,54,22.998546497261305
3,55,21.900215867034806
3,56,22.220560809721206
3,57,25.748653215687952
3,58,26.8200044186844
3,59,25.664174004860286
3,60,28.98165279541525
3,61,31.193165501829178
3,62,29.098582466557062
3,63,29.982528020649514
3,64,33.59661352010984
3,65,34.00968758960841
3,66,32.76026834481511
3,67,34.960407879163206
3,68,37.976092474420064
3,69,37.62146104105258
3,70,37.65424379641259
3,71,40.18680953898567
3,72,40.70113159392788
3,73,38.82377975209419
3,74,35.9864798271411
3,75,34.327627450435436
3,76,30.740970686732453
3,77,30.864237669124662
3,78,29.7322689128885
3,79,29.64807952387416
3,80,27.28851254316655
3,81,25.26675584099992
3,82,24.616956454944123
3,83,23.917328849806772
3,84,21.148051822959633
3,85,19.87025086791279
3,86,20.45047310506405
3,87,18.49867728404639
3,88,15.326565808716708
3,89,16.041858781870488
3,90,16.681021204431698
3,91,13.336099394542893
3,92,11.857005675881462
3,93,14.88417300615843
3,94,14.843742062223448
3,95,22.37078092705428
3,96,21.968681920782068
3,97,25.032513281628987
3,98,24.76208807017976
3,99,26.79750277375674
3,100,28.386299582006888
3,101,29.898343341609827
3,102,33.687219026195116
3,103,33.765720297445974
3,104,33.14658935013729
3,105,32.17421189115479
3,106,32.69413590897206
3,107,30.391620935917853
3,108,29.697230602106554
3,109,28.749012021564596
3,110,26.8244325947199
3,111,24.775814517484942
3,112,24.359586580177517
3,113,23.108611239952108
3,114,20.181256900982955
3,115,19.632677854919223
3,116,19.45019574918262
3,117,17.09839238720882
3,118,14.381728130527607
3,119,15.075152579427968
3,120,15.037391726787465
3,121,11.520231717914461
3,122,10.210475800425298
3,123,12.331737239470916
3,124,10.967934835722806
3,125,7.303982589441363
3,126,9.273911038588908
4,1,8.09213036226348
4,2,5.247239646877082
4,3,3.8062902564324625
4,5,3.813685555021794
4,6,5.4872999239502
4,7,4.95641096226973
4,8,6.111495159197008
4,9,8.66191580407666
4,10,9.896633067000051
4,11,10.765381476658595
4,12,12.314587243362897
4,13,14.290657270511998
4,14,15.033776227018246
4,15,16.497856511354456
4,16,18.556337501044062
4,17,19.978672078665763
4,18,20.76321252398616
4,19,22.464513118386378
4,20,24.78099180687775
4,21,25.47027212924698
4,22,26.236996814367643
4,23,28.34953714470971
4,24,30.34269862093973
4,25,30.990080698800067
4,26,32.341065593541266
4,27,34.30695416986
4,28,38.04116191857937
4,29,40.301967466091284
4,30,43.42078347540917
4,31,42.44783942526919
4,32,38.82898835906853
4,33,39.61499720094174
4,34,39.655074602353444
4,35,35.86708188704724
4,36,35.337058607423444
4,37,37.76322167351896
4,38,35.907348776967645
4,39,34.455013576089414
4,40,30.98143159896491
4,41,30.19181200547715
4,42,27.845726859209275
4,43,25.76201359631669
4,44,27.457683271104177
4,45,24.31820543226667
4,46,20.736047601527844
4,47,18.779356842411506
4,48,16.204791922675792
4,49,14.717774977109066
4,50,17.98500172245866
4,51,19.913014231189276
4,52,18.754295650226172
4,53,21.889484151192278
4,54,23.882220149773158
4,55,22.201821937261307
4,56,22.532584757035977
4,57,26.23764639030171
4,58,26.922824062961514
4,59,25.342358251119002
4,60,28.622932081297296
4,61,30.821774307309358
4,62,28.400793468020584
4,63,29.019124483482315
4,64,32.74154709079474
4,65,33.06864733530942
4,66,31.431404952426455
4,67,33.59467326141023
4,68,36.705719776492344
4,69,36.09995624212811
4,70,35.83851648640732
4,71,38.143180514606044
4,72,38.36040223769602
4,73,36.42376157839621
4,74,33.80056332442316
4,75,32.0734257578562
4,76,28.615700596068017
4,77,28.878432638613273
4,78,28.1588751871371
4,79,28.266668827673605
4,80,25.614254097332385
4,81,23.527986578251415
4,82,23.426031681380366
4,83,22.779366617924122
4,84,19.624017821389398
4,85,18.71841922969106
4,86,19.878946254215656
4,87,17.848334045677795
4,88,14.551766826908503
4,89,16.024868458594764
4,90,17.093122470245376
4,91,13.702534463170952
4,92,12.725043964725858
4,93,16.243346606943977
4,94,16.49840414362669
4,95,24.464159683488543
4,96,24.11366167793539
4,97,26.9581402191969
4,98,26.347067342828996
4,99,28.453105308880822
4,100,29.64292802348504
4,101,31.03498119370126
4,102,34.762948478175325
4,103,34.46625354328536
4,104,33.514776267399085
4,105,32.14999345120214
4,106,32.23498332481329
4,107,29.646459856252054
4,108,28.7669707884437
4,109,28.26201891932642
4,110,26.47143258570276
4,111,23.97446958600865
4,112,23.617912013464128
4,113,22.954760653838996
4,114,19.937311928443464
4,115,18.795617286210046
4,116,19.064574301559144
4,117,17.254959308092413
4,118,13.987320714825055
4,119,14.395582497226657
4,120,15.280653145437823
4,121,12.190578437016173
4,122,9.824524648281729
4,123,12.153142304642584
4,124,11.966422181329705
4,125,8.234543483381456
4,126,9.085087392999938
5,1,6.383710581598025
5,2,5.476155829154799
5,3,5.512483737157629
5,4,3.813685555021794
5,6,3.805994176769012
5,7,5.305551321631314
5,8,4.938520281796496
5,9,6.172692633185339
5,10,8.61294341360207
5,11,10.087275917861996
5,12,10.537050922744672
5,13,12.375811191186939
5,14,14.032219284409877
5,15,15.436563050293461
5,16,16.79165527321598
5,17,18.489227731459597
5,18,19.831938649109603
5,19,21.15350417336806
5,20,23.217645952491747
5,21,24.400157040561886
5,22,25.412989822039513
5,23,27.10101340208683
5,24,29.095229109101435
5,25,30.194538832030965
5,26,31.531392555183707
5,27,33.12942052355915
5,28,36.91756761849798
5,29,38.91558759808338
5,30,42.01362830024955
5,31,40.80144350001039
5,32,37.29618443297133
5,33,38.179846503472476
5,34,37.897636916325624
5,35,34.097657699553466
5,36,33.89811446044508
5,37,36.26442952227291
5,38,34.142270184240566
5,39,32.809663189904235
5,40,29.27611687135262
5,41,28.535208316055094
5,42,26.56624456059914
5,43,24.62658921939291
5,44,26.700102023876596
5,45,23.86490285988123
5,46,20.24285047463599
5,47,18.766304258533065
5,48,15.802764665263135
5,49,13.497711542569537
5,50,16.455207880494555
5,51,18.544053390319156
5,52,16.891656218306586
5,53,19.691131994537294
5,54,21.98223598192244
5,55,20.15007092590538
5,56,19.950487398802654
5,57,23.68524315851379
5,58,24.586655330040465
5,59,22.74695987877587
5,60,25.811137292058316
5,61,28.296621840016
5,62,26.062943747620526
5,63,26.373955669688947
5,64,30.099487958053086
5,65,30.770849188214743
5,66,29.155222203423662
5,67,31.033921257731446
5,68,34.28674466649886
5,69,33.95990846821303
5,70,33.59362214020547
5,71,36.074439096599654
5,72,36.3777774293368
5,73,34.744653101576816
5,74,31.976027692776622
5,75,29.967728105941323
5,76,26.405278603669778
5,77,26.26149024658479
5,78,25.47914915157839
5,79,25.22767234886937
5,80,22.540240694300685
5,81,20.780109613870533
5,82,20.56606084567022
5,83,19.533372370385152
5,84,16.50706743757113
5,85,15.900885146391582
5,86,16.736051870797297
5,87,14.367145665888978
5,88,11.337701203685391
5,89,13.162100551248992
5,90,13.859823992223548
5,91,10.328872882689767
5,92,10.088619219250864
5,93,13.767353762290659
5,94,13.750610736959146
5,95,22.069921703315572
5,96,22.119515015469158
5,97,24.980141604502453
5,98,24.529448605778047
5,99,27.012972452466485
5,100,28.250540057607402
5,101,30.00076824650995
5,102,33.68493572528784
5,103,33.50132135664875
5,104,32.275486412670475
5,105,31.029314438964395
5,106,31.00110864709419
5,107,28.229080761694217
5,108,27.792805599561223
5,109,27.49571315101239
5,110,25.292826148782986
5,111,22.83948033631122
5,112,23.08722848272179
5,113,22.383026050789873
5,114,19.003201413908496
5,115,18.264207443856748
5,116,19.152197093732003
5,117,17.027730527272535
5,118,13.696765105534451
5,119,15.028827809417422
5,120,16.18130525090643
5,121,12.942426628815314
5,122,11.112180154984298
5,123,14.211626532473927
5,124,14.090105034105513
5,125,10.60370658519188
5,126,12.2044553127482
6,1,7.676238367635415
6,2,7.1813724061201984
6,3,5.512679911173771
6,4,5.4872999239502
6,5,3.805994176769012
6,7,3.79981426576166
6,8,5.380381753107682
6,9,5.091431710291895
6,10,6.1974852136286716
6,11,8.808676168356936
6,12,9.843383781607168
6,13,10.574945321221028
6,14,12.072628752427704
6,15,14.308365993848817
6,16,15.543746358507448
6,17,16.529324532187673
6,18,18.151250146040727
6,19,19.959175504593205
6,20,21.60021084628902
6,21,22.487690765543952
6,22,23.940917505242716
6,23,25.79018853228861
6,24,27.360065966095135
6,25,28.421515315249973
6,26,30.160350154028343
6,27,31.685866932820772
6,28,35.43254772351806
6,29,37.318775932474935
6,30,40.220899478045375
6,31,38.87780303950838
6,32,35.33579075557931
6,33,35.89620585299037
6,34,35.60065971634599
6,35,31.833799421717625
6,36,31.38883133441636
6,37,33.541166543479726
6,38,31.390259797754197
6,39,29.789256858433177
6,40,26.194192662874958
6,41,25.219074168844667
6,42,23.079134461311785
6,43,20.973546439901956
6,44,22.93670486736405
6,45,20.066777002041203
6,46,16.466207652402595
6,47,15.004166729770063
6,48,12.038145454663093
6,49,9.786558396205123
6,50,12.947534911640114
6,51,14.873246653556627
6,52,13.449719732951447
6,53,16.453757246287353
6,54,18.6040972510909
6,55,17.022812824839107
6,56,17.177131413382792
6,57,20.842740403775757
6,58,21.743315572814566
6,59,20.32154054868507
6,60,23.605912283095748
6,61,25.8676560084469
6,62,23.7352741445039
6,63,24.494264500652974
6,64,28.126797183627534
6,65,28.62743299222026
6,66,27.360107632790115
6,67,29.48227044601801
6,68,32.53020590196753
6,69,32.28271289351717
6,70,32.319861292837906
6,71,34.970882754125626
6,72,35.63398611300167
6,73,33.91839299113629
6,74,30.930222010822426
6,75,29.1991857387714
6,76,25.537994063022772
6,77,25.54835966222743
6,78,24.273969854910924
6,79,24.188826738631153
6,80,21.950805080209662
6,81,19.875462644375403
6,82,19.10981157889107
6,83,18.51724209683224
6,84,15.80060298443992
6,85,14.364665953618514
6,86,15.040144908995785
6,87,13.315234211864555
6,88,9.93501829413405
6,89,10.769240956614185
6,90,11.893300972033323
6,91,8.794323879265768
6,92,7.293578324610595
6,93,10.848935493819672
6,94,11.539614943178826
6,95,19.379582667597347
6,96,18.98050504014085
6,97,21.701867572332223
6,98,21.07127128007953
6,99,23.387664166523283
6,100,24.63119267127655
6,101,26.32198692816402
6,102,30.036266532573936
6,103,29.942879516784178
6,104,28.89209610690486
6,105,27.81415794764209
6,106,28.074164378960134
6,107,25.54411921602012
6,108,25.165368680700315
6,109,24.514401879335292
6,110,22.265302967422077
6,111,20.119761663620196
6,112,20.2693967442172
6,113,19.1641496429513
6,114,15.837822630703629
6,115,15.507601003968276
6,116,16.12967953005003
6,117,13.636089979413988
6,118,10.607856016575935
6,119,12.357016705027158
6,120,13.075083340889137
6,121,9.655248965478478
6,122,8.622928368103537
6,123,12.024494424261826
6,124,11.608709913734817
6,125,8.6136969016277
6,126,11.131251612775634
7,1,10.709854504508296
7,2,9.058132186950182
7,3,6.495920176929987
7,4,4.95641096226973
7,5,5.305551321631314
7,6,3.79981426576166
7,8,3.8104492008013766
7,9,5.504966153504432
7,10,5.222147217597433
7,11,6.440914324402569
7,12,8.661295932758025
7,13,9.95722435201261
7,14,10.335570890959254
7,15,12.336018781035149
7,16,14.412121766146521
7,17,15.352590608557117
7,18,16.22882064527439
7,19,18.272520054711475
7,20,20.336498183510418
7,21,20.814445222634017
7,22,21.856890302950205
7,23,24.073120193514498
7,24,25.793549062697096
7,25,26.43174070002716
7,26,28.04531660543521
7,27,29.942017709290525
7,28,33.65196948073625
7,29,35.84384446600661
7,30,38.848364744096386
7,31,37.83280159788306
7,32,34.18209685190071
7,33,34.81914038715423
7,34,34.915828063213006
7,35,31.147464503336515
7,36,30.478294051309298
7,37,32.879927636297644
7,38,31.10870792569285
7,39,29.653562841808363
7,40,26.24452013080934
7,41,25.602123608999108
7,42,23.227645462822583
7,43,21.3930424710123
7,44,23.284277248643562
7,45,20.335930495189146
7,46,16.61292920896465
7,47,15.183134404295377
7,48,12.973930361598429
7,49,11.439954242592131
7,50,15.058980183091924
7,51,16.25870002812106
7,52,14.83006842194979
7,53,18.250246214309954
7,54,19.761312960924183
7,55,17.859259843227246
7,56,18.64321469746202
7,57,22.329380299655423
7,58,22.62075384445236
7,59,21.18097936451585
7,60,24.64336723621191
7,61,26.52508985280228
7,62,23.9643962595191
7,63,24.890567721593623
7,64,28.55930166171843
7,65,28.60931556997504
7,66,27.089761574902706
7,67,29.504930315467092
7,68,32.43017233700998
7,69,31.742856443632327
7,70,31.754235899923856
7,71,34.11769103513604
7,72,34.59237798157517
7,73,32.544286146251935
7,74,29.771322111815795
7,75,28.322197912117215
7,76,24.826965159855497
7,77,25.372708867671328
7,78,24.359355454556024
7,79,24.834974746817924
7,80,22.526203620693472
7,81,19.999896464881356
7,82,19.687602088478133
7,83,19.655968503371774
7,84,16.580175236149344
7,85,15.005297803677598
7,86,16.526676391589998
7,87,15.278192663440871
7,88,11.580243382976038
7,89,12.594382205358848
7,90,14.560358457086481
7,91,11.86708332537529
7,92,10.129092667341007
7,93,13.594979205245785
7,94,14.924065677951242
7,95,22.360522743740894
7,96,21.522318780866147
7,97,23.898860883011267
7,98,22.750530489044177
7,99,24.67508797960241
7,100,25.464842713042028
7,101,26.668769522925377
7,102,30.331995010378137
7,103,29.812304659367395
7,104,28.753008523472477
7,105,27.261115872490358
7,106,27.304808352377556
7,107,24.761620200782993
7,108,23.8427192539134
7,109,23.308845929433335
7,110,21.552100993291532
7,111,19.048599564863558
7,112,18.682719653000998
7,113,18.057952607314427
7,114,15.032810727952603
7,115,13.854466896204816
7,116,14.28187399260982
7,117,12.5303943616902
7,118,9.103045993419805
7,119,9.843402808580777
7,120,11.139010281527849
7,121,8.284793414948822
7,122,5.91428563786719
7,123,9.198046314895242
7,124,9.757501234273912
7,125,6.858210591573588
7,126,8.452291498115908
8,1,11.23666741181247
8,2,10.127963285598966
8,3,8.841688840531816
8,4,6.111495159197008
8,5,4.938520281796496
8,6,5.380381753107682
8,7,3.8104492008013766
8,9,3.8055676720115326
8,10,5.480761284040756
8,11,5.467331162168456
8,12,6.245926850998825
8,13,8.729324077434024
8,14,9.767534133809521
8,15,10.732719634569781
8,16,12.575827460849567
8,17,14.40145056003843
8,18,15.26305109565372
8,19,16.579231113821336
8,20,18.947340637862418
8,21,19.981303338651532
8,22,20.6981415335464
8,23,22.516603273181975
8,24,24.656043403908804
8,25,25.576501093455327
8,26,26.775608883016858
8,27,28.540649417326424
8,28,32.31271227393877
8,29,34.48697468651094
8,30,37.6737963364665
8,31,36.699348824941076
8,32,33.135132212711646
8,33,34.16526650670421
8,34,34.16081446734843
8,35,30.358221686755314
8,36,30.101810835127324
8,37,32.74129550064439
8,38,30.9326154992472
8,39,29.898740490924375
8,40,26.588860925312403
8,41,26.370188663949847
8,42,24.419579818649904
8,43,23.02976549591517
8,44,25.370516528902193
8,45,22.769830002732434
8,46,18.978163348497276
8,47,18.10990181023724
8,48,15.828493819138465
8,49,13.660768916719631
8,50,17.047746613008588
8,51,18.171839476557242
8,52,16.02886231306472
8,53,19.18303902560997
8,54,20.757706609791526
8,55,18.324195854697525
8,56,18.64900566976023
8,57,22.44217015052419
8,58,22.594176070650498
8,59,20.56313200088468
8,60,23.766223517264716
8,61,25.870014056552876
8,62,23.167626888811586
8,63,23.551569028151324
8,64,27.320517515013385
8,65,27.5728709980251
8,66,25.66505376088574
8,67,27.796577149844435
8,68,30.94171182132178
8,69,30.21498046689943
8,70,29.811237726647306
8,71,32.06159814204245
8,72,32.25522793640391
8,73,30.372311431234355
8,74,27.73325556200656
8,75,25.962796179469137
8,76,22.521078811368717
8,77,22.88790632025021
8,78,22.312054127519946
8,79,22.6841832899755
8,80,19.996378592894153
8,81,17.682528127440236
8,82,17.929453908314212
8,83,17.605644846022418
8,84,14.197736083737977
8,85,13.362594847279336
8,86,15.233188579922965
8,87,13.617070946316506
8,88,10.131218504861797
8,89,12.22815286627343
8,90,14.149882823009335
8,91,11.407180360573607
8,92,10.800684125093824
8,93,14.534536187463758
8,94,15.643628588334696
8,95,23.50071139830021
8,96,23.073687427554674
8,97,25.361539916703283
8,98,24.19598874376227
8,99,26.423588735359125
8,100,27.003543459310816
8,101,28.366636154465912
8,102,31.914674246168897
8,103,31.211811177486407
8,104,29.71893338900778
8,105,28.002297544999912
8,106,27.572938747456536
8,107,24.643355134547537
8,108,23.875532685864478
8,109,23.934642323811907
8,110,22.036962849622014
8,111,19.16448252039292
8,112,19.31312343649507
8,113,19.24189088381804
8,114,15.968747017760515
8,115,14.53087640126054
8,116,15.834581514491193
8,117,14.450519210662751
8,118,10.727532662076362
8,119,11.745563738579818
8,120,13.882528737316902
8,121,11.47452326337209
8,122,8.946794109062884
8,123,12.227612096966428
8,124,13.382917547174852
8,125,10.560824124517763
8,126,11.52911115745292
9,1,11.285278798114872
9,2,11.345567751514462
9,3,10.251648305174399
9,4,8.66191580407666
9,5,6.172692633185339
9,6,5.091431710291895
9,7,5.504966153504432
9,8,3.8055676720115326
9,10,3.8031956433375695
9,11,5.6390732489953495
9,12,5.071639425127674
9,13,6.262187339284342
9,14,8.533522066122568
9,15,10.07268358832471
9,16,10.855370257798276
9,17,12.479549037526604
9,18,14.228422133473765
9,19,15.456163195147365
9,20,17.202581492054723
9,21,18.577585442741977
9,22,19.87908068904585
9,23,21.344050783225274
9,24,23.17397132954563
9,25,24.538177104084394
9,26,25.999155858619783
9,27,27.329565065769486
9,28,31.119055592598748
9,29,32.947979462563595
9,30,35.97887794210164
9,31,34.67171858927384
9,32,31.194711928179323
9,33,32.101189831195235
9,34,31.756082158797955
9,35,27.954117825093004
9,36,27.87220793912341
9,37,30.304273381553713
9,38,28.19668591079764
9,39,27.1017622546369
9,40,23.683602873805086
9,41,23.366749276631605
9,42,21.70122948856628
9,43,20.373187989974657
9,44,22.992522598749932
9,45,20.698566534411388
9,46,16.964573527862534
9,47,16.59247143306123
9,48,14.082558266024645
9,49,11.296368332199576
9,50,14.338898728252854
9,51,15.409287794178221
9,52,12.864332771423044
9,53,15.75851193646352
9,54,17.504651048733358
9,55,15.022221881933788
9,56,15.00386473403891
9,57,18.810188697809487
9,58,19.164827177803257
9,59,17.090988253338928
9,60,20.24106351325184
9,61,22.520765191222736
9,62,20.062870924261496
9,63,20.41758823291581
9,64,24.16297904669807
9,65,24.672978575265272
9,66,23.018285229059927
9,67,25.023055574921372
9,68,28.19962115661365
9,69,27.82465750483143
9,70,27.58778448669216
9,71,30.151195471842588
9,72,30.682193558789795
9,73,29.062767819576752
9,74,26.118368987280615
9,75,24.23498663996175
9,76,20.595930381399427
9,77,20.612957090705255
9,78,19.602647837347572
9,79,19.693790842531424
9,80,17.26031083066299
9,81,15.055495731912972
9,82,14.765105815467212
9,83,14.32653044490452
9,84,11.213989908851092
9,85,10.062381703837637
9,86,11.558109959189164
9,87,10.042271687851416
9,88,6.420175324990573
9,89,8.457841111812177
9,90,10.462937342495913
9,91,8.08141982507306
9,92,7.627148270418342
9,93,11.275458447901048
9,94,12.617939238499599
9,95,20.264559325728136
9,96,19.95564863780442
9,97,22.11775429177914
9,98,20.993824767600422
9,99,23.463650322821362
9,100,24.08203077358197
9,101,25.748360976663953
9,102,29.254403226890986
9,103,28.730113812527563
9,104,27.09053278693668
9,105,25.61163097745652
9,106,25.264351849503356
9,107,22.30708480492283
9,108,22.051261887865497
9,109,22.079793408034135
9,110,19.724030144173533
9,111,17.113732607561772
9,112,17.85114750497495
9,113,17.46568683342377
9,114,13.875170905699097
9,115,13.18293970091934
9,116,14.93654213093614
9,117,13.040281543684111
9,118,9.597161902682785
9,119,11.790544684842645
9,120,13.751082739046012
9,121,11.25179072069948
9,122,9.846793987650711
9,123,13.576624307805918
9,124,14.402033166785818
9,125,12.010333108699081
9,126,13.869184279031069
10,1,13.65524647687185
10,2,13.206275816252134
10,3,11.05144139001334
10,4,9.896633067000051
10,5,8.61294341360207
10,6,6.1974852136286716
10,7,5.222147217597433
10,8,5.480761284040756
10,9,3.8031956433375695
10,11,3.8018848120998214
10,12,5.30599058058762
10,13,5.000948585972179
10,14,5.901279713595484
10,15,8.56217570273325
10,16,9.886272627758146
10,17,10.464280371052677
10,18,12.004585433130455
10,19,14.051885727574938
10,20,15.604704690737933
10,21,16.300910335177164
10,22,17.83241232494352
10,23,19.76725603032915
10,24,21.221434314260954
10,25,22.232836461820266
10,26,24.06123771931684
10,27,25.586587559322815
10,28,29.308319197161268
10,29,31.238699223266792
10,30,34.13510866908586
10,31,32.91573683907421
10,32,29.314577078985028
10,33,29.91819290403126
10,34,29.83601465864178
10,35,26.059329616876074
10,36,25.532379765035234
10,37,27.91176969675118
10,38,26.031830226662294
10,39,24.72343451907617
10,40,21.34698166588489
10,41,20.993726352557918
10,42,18.946996974859847
10,43,17.6258054295281
10,44,20.084618926488456
10,45,17.711167837111017
10,46,13.91694329532379
10,47,13.677665192299356
10,48,11.780500093749515
10,49,9.630492453778587
10,50,13.06615976489778
10,51,13.397169137878809
10,52,11.125609887507885
10,53,14.529791261771333
10,54,15.619342834779752
10,55,13.194151366080426
10,56,14.111907556913325
10,57,17.797172577619435
10,58,17.712714487358554
10,59,16.14945974912944
10,60,19.659310821881295
10,61,21.395145796718598
10,62,18.75314694305059
10,63,19.76169153976653
10,64,23.399152063718784
10,65,23.39375021908579
10,66,21.96158273581675
10,67,24.440550932623594
10,68,27.290808305233128
10,69,26.695580580669255
10,70,26.882009114335986
10,71,29.413685942953137
10,72,30.18357214587486
10,73,28.25077543001638
10,74,25.240833988561647
10,75,23.870615364764433
10,76,20.282977296104576
10,77,20.85354337856474
10,78,19.50663822445626
10,79,20.169133115747254
10,80,18.227878019122
10,81,15.430829490924829
10,82,14.838790115399181
10,83,15.318044114240264
10,84,12.473300413102383
10,85,10.274362394961612
10,86,12.134200424153928
10,87,11.766553431899563
10,88,7.971257613962663
10,89,8.61098204481936
10,90,11.524535076459074
10,91,9.97690392266691
10,92,8.132456419096401
10,93,11.230373008280157
10,94,13.519942212791834
10,95,20.210146202750785
10,96,19.194207234550333
10,97,20.98406424662181
10,98,19.354956525646166
10,99,21.35489431640982
10,100,21.675002123374266
10,101,22.93876133709048
10,102,26.455434607089728
10,103,25.739847408083666
10,104,24.286628192584157
10,105,22.693419092163275
10,106,22.521081921859505
10,107,19.811230723299857
10,108,19.2150151963868
10,109,18.914135411540475
10,110,16.835120075139592
10,111,14.273746480211576
10,112,14.522029360431349
10,113,14.0225363094236
10,114,10.61604051978975
10,115,9.738880292627174
10,116,11.177505380027696
10,117,9.37688585051853
10,118,5.816365378897327
10,119,8.11216842509225
10,120,10.146167518889248
10,121,8.10371632524113
10,122,7.005150915720649
10,123,10.735756987972385
10,124,11.894892960701718
10,125,10.345440284897116
10,126,12.28671048939825
11,1,16.014445783375745
11,2,15.03486724046478
11,3,12.908261929948486
11,4,10.765381476658595
11,5,10.087275917861996
11,6,8.808676168356936
11,7,6.440914324402569
11,8,5.467331162168456
11,9,5.6390732489953495
11,10,3.8018848120998214
11,12,3.803640180566195
11,13,5.270356729709468
11,14,4.578108556507803
11,15,5.906177562060958
11,16,8.412416484622037
11,17,9.568555999654675
11,18,10.005625799556825
11,19,11.87634546651887
11,20,14.19305244317281
11,21,14.748912955019188
11,22,15.543669528892849
11,23,17.67961115217726
11,24,19.59007967849202
11,25,20.28714173239796
11,26,21.710817963582077
11,27,23.585634513146637
11,28,27.31265355287821
11,29,29.570449676269668
11,30,32.68633182872316
11,31,31.843712058782106
11,32,28.189852859423222
11,33,29.1141699594938
11,34,29.3888951560805
11,35,25.619938686756583
11,36,25.108897188521713
11,37,27.87520499861957
11,38,26.390572551562062
11,39,25.497081725910352
11,40,22.43501214646046
11,41,22.648031506219702
11,42,20.663194077333255
11,43,19.852217237572656
11,44,22.357140468199386
11,45,20.123153764380817
11,46,16.365622420716488
11,47,16.31237652543922
11,48,14.979970542829559
11,49,13.23444453708615
11,50,16.707074035468004
11,51,16.645794353259383
11,52,14.26710534794965
11,53,17.64829481333878
11,54,18.258064816841454
11,55,15.428829734195117
11,56,16.574010206114426
11,57,20.173711336247916
11,58,19.49641838139196
11,59,17.632719960777052
11,60,21.0328942943085
11,61,22.49715743700171
11,62,19.408753130591865
11,63,20.22716880349139
11,64,23.887990388109802
11,65,23.545740960137778
11,66,21.624433933674272
11,67,24.206861209613997
11,68,27.03227642087028
11,69,25.953670403524782
11,70,25.856113924031376
11,71,27.99777501600416
11,72,28.393937629747594
11,73,26.197288679583515
11,74,23.508591219816722
11,75,22.26343587845529
11,76,18.91766260705093
11,77,19.97609514761011
11,78,19.20590405551535
11,79,20.373961307260284
11,80,18.1738667700838
11,81,15.104506607351267
11,82,15.381481956500998
11,83,16.208943700395402
11,84,12.94392697690392
11,85,11.223059664048249
11,86,13.964937527716746
11,87,13.730106827414106
11,88,10.14229059796619
11,89,11.49968274152659
11,90,14.59778673832054
11,91,13.109870519401305
11,92,11.788908244537208
11,93,14.901207702299308
11,94,17.158954744536437
11,95,23.856014022045315
11,96,22.796436806774654
11,97,24.352558479552716
11,98,22.430508473203588
11,99,24.21440987377283
11,100,24.08421958982024
11,101,24.96826415053313
11,102,28.312294277870507
11,103,27.12563447955351
11,104,25.466360350643352
11,105,23.3622173019672
11,106,22.68411535460232
11,107,19.768066674183164
11,108,18.658926433438662
11,109,18.882005586096422
11,110,17.3252068938196
11,111,14.183607981866443
11,112,14.146415185412474
11,113,14.612258257805786
11,114,11.60363914081777
11,115,9.503463603518222
11,116,11.270933150540548
11,117,10.741666458140953
11,118,7.011065191967609
11,119,7.884542307765171
11,120,10.98550391017279
11,121,9.920573360212538
11,122,7.659920436340471
11,123,10.791456855711619
11,124,13.00327614281807
11,125,11.586854117615273
11,126,12.395870564160454
12,1,16.185641643158366
12,2,15.935174652871867
12,3,14.600824187762042
12,4,12.314587243362897
12,5,10.537050922744672
12,6,9.843383781607168
12,7,8.661295932758025
12,8,6.245926850998825
12,9,5.071639425127674
12,10,5.30599058058762
12,11,3.803640180566195
12,13,3.801009552613288
12,14,5.414207750763322
12,15,5.3651780724621805
12,16,6.394380015127642
12,17,8.778961468932518
12,18,9.934266813375764
12,19,10.67149639890031
12,20,12.907296984811246
12,21,14.429916721261614
12,22,15.253206610503874
12,23,16.617858307916038
12,24,18.80194012323829
12,25,20.13253544368415
12,26,21.254743646085227
12,27,22.670956147292237
12,28,26.471912952370765
12,29,28.470968049372612
12,30,31.67405398475862
12,31,30.64249799402468
12,32,27.14740379753715
12,33,28.39452643678058
12,34,28.31467107051758
12,35,24.51870334025869
12,36,24.570124848387962
12,37,27.399994227813366
12,38,25.658014632512696
12,39,25.117433666795634
12,40,22.084430350352434
12,41,22.56617355062655
12,42,21.166566085349345
12,43,20.687080191787228
12,44,23.624614828703162
12,45,21.79152781490054
12,46,18.09862455542207
12,47,18.50275998660293
12,48,16.81439571678806
12,49,14.35437231898315
12,50,17.374861547464818
12,51,17.43896527328418
12,52,14.433256302404729
12,53,17.298649767425204
12,54,18.157691299700197
12,55,14.956380297023651
12,56,15.358045010961423
12,57,18.99273633401792
12,58,18.39207602183674
12,59,15.916347503711966
12,60,18.961924749570542
12,61,20.80268701959509
12,62,17.773014700225787
12,63,17.945917392562702
12,64,21.708395682032346
12,65,21.796378409127428
12,66,19.621827928375996
12,67,21.78451274562651
12,68,24.902056070603084
12,69,24.041737445241164
12,70,23.580327623350996
12,71,25.830077763407406
12,72,26.132767344397365
12,73,24.307838448934792
12,74,21.547834931759116
12,75,19.807545071106894
12,76,16.335205717684797
12,77,16.921355808290926
12,78,16.373938069329633
12,79,17.223728030357847
12,80,14.712191116696701
12,81,11.914314006446459
12,82,12.552444609842004
12,83,12.979195435029927
12,84,9.472925073753238
12,85,8.472605821090013
12,86,11.434260869418448
12,87,10.943172272763253
12,88,7.797692441862457
12,89,10.083789326162982
12,90,12.966601511927474
12,91,11.724983564597157
12,92,11.4537595975052
12,93,14.549007291848252
12,94,16.527965458604914
12,95,23.367691058471305
12,96,22.787760507238822
12,97,24.291989266870434
12,98,22.52742413071193
12,99,24.721874417273266
12,100,24.564181618308744
12,101,25.81807802218346
12,102,29.03434435857484
12,103,27.896180486510936
12,104,25.824377167279067
12,105,23.75422383042864
12,106,22.733316729364617
12,107,19.457238914649057
12,108,18.903491023603063
12,109,19.653437885661162
12,110,17.65326549297971
12,111,14.440128178724583
12,112,15.345061419886983
12,113,16.005487822656125
12,114,12.672996304747178
12,115,11.074179187203894
12,116,13.686164802213035
12,117,12.974171877025562
12,118,9.523384982263568
12,119,11.222413910742722
12,120,14.25528560015942
12,121,13.00455370592761
12,122,11.197384191010979
12,123,14.527050128154686
12,124,16.470852076148493
12,125,14.762242556152577
12,126,15.819802963422125
13,1,17.30098124247588
13,2,17.443558116870665
13,3,15.787950641671408
13,4,14.290657270511998
13,5,12.375811191186939
13,6,10.574945321221028
13,7,9.95722435201261
13,8,8.729324077434024
13,9,6.262187339284342
13,10,5.000948585972179
13,11,5.270356729709468
13,12,3.801009552613288
13,14,3.8099046471555953
13,15,5.5726275559842815
13,16,5.257394225899759
13,17,6.269953564056702
13,18,8.594800867000174
13,19,9.897841880920563
13,20,11.102610841032632
13,21,12.518930562690148
13,22,14.234616280461166
13,23,15.543902240802979
13,24,17.058244460965668
13,25,18.622068963335707
13,26,20.306794892614924
13,27,21.39232693500779
13,28,25.151400920976357
13,29,26.85385585227276
13,30,29.793307155608623
13,31,28.46207618515056
13,32,24.95901555819134
13,33,25.84639508620638
13,34,25.57769912734564
13,35,21.77158647343489
13,36,21.690720908104367
13,37,24.266435608150445
13,38,22.335353485806717
13,39,21.564876972162754
13,40,18.412777284472256
13,41,18.781058409182826
13,42,17.449173459832107
13,43,17.08365920279204
13,44,20.18162435002944
13,45,18.647102448981165
13,46,15.091607691085965
13,47,16.05636790943853
13,48,14.608254146523443
13,49,12.129387488125177
13,50,14.82855695258973
13,51,14.361278353900419
13,52,11.16676241981937
13,53,13.96100129508635
13,54,14.499462386464772
13,55,11.211874447416294
13,56,11.901204114039432
13,57,15.455818296910484
13,58,14.723824721062824
13,59,12.510800148945394
13,60,15.81082552392761
13,61,17.472726730341513
13,62,14.535904463534019
13,63,15.18537588379467
13,64,18.887377215169156
13,65,18.8963091590682
13,66,17.17270252926623
13,67,19.56497706571075
13,68,22.4995303463063
13,69,21.883541740845768
13,70,21.929547652613177
13,71,24.513135126183123
13,72,25.35438195098364
13,73,23.602127237801778
13,74,20.471747539382026
13,75,18.992336529498907
13,76,15.351942886549956
13,77,15.92719870152217
13,78,14.575773578429494
13,79,15.517562070387786
13,80,13.714222577116285
13,81,10.62016384755444
13,82,10.27569083974376
13,83,11.339724594719867
13,84,8.533857825928456
13,85,6.112038259356547
13,86,9.027065352372825
13,87,9.636042667611347
13,88,6.546356048525125
13,89,7.566290473051105
13,90,11.050670294409848
13,91,10.798092207074403
13,92,9.96603874785418
13,93,12.349580009920706
13,94,14.953398799119574
13,95,20.822168266839213
13,96,19.950892926792932
13,97,21.083857978477813
13,98,19.070074221781784
13,99,21.183347471169203
13,100,20.869411622421215
13,101,22.16714435142337
13,102,25.336808479583457
13,103,24.26635725611583
13,104,22.165016728594626
13,105,20.266000867299454
13,106,19.45059860114323
13,107,16.283441467596965
13,108,16.07978240581393
13,109,16.571971955256092
13,110,14.225108686552336
13,111,11.300218887786247
13,112,12.612085927752805
13,113,12.88185703792644
13,114,9.348637579312694
13,115,8.515721565835538
13,116,11.449005746103087
13,117,10.400743090088296
13,118,7.5746614506249275
13,119,10.209069579227855
13,120,12.888948515455578
13,121,11.921270771720145
13,122,11.207450601950873
13,123,14.588836519715263
13,124,16.26641179894957
13,125,15.187630969357805
13,126,16.846682676021317
14,1,19.441528103707494
14,2,18.91979115990472
14,3,16.659024789832653
14,4,15.033776227018246
14,5,14.032219284409877
14,6,12.072628752427704
14,7,10.335570890959254
14,8,9.767534133809521
14,9,8.533522066122568
14,10,5.901279713595484
14,11,4.578108556507803
14,12,5.414207750763322
14,13,3.8099046471555953
14,15,3.809434557456198
14,16,5.510201069495759
14,17,5.24359032061342
14,18,6.118296882852945
14,19,8.586698699628744
14,20,10.192853288764566
14,21,10.517205915499655
14,22,11.957104282947773
14,23,14.072005998714321
14,24,15.490250690098387
14,25,16.351932014330302
14,26,18.189136634597133
14,27,19.802672587794746
14,28,23.496313006350835
14,29,25.567467699610372
14,30,28.51788849431154
14,31,27.550485049695656
14,32,23.87480156608717
14,33,24.63093459840978
14,34,24.906973233416654
14,35,21.152839364545006
14,36,20.54391155250082
14,37,23.302562727826093
14,38,21.895455165883913
14,39,21.108044673320126
14,40,18.213293161977983
14,41,18.798341597617345
14,42,17.02614495976193
