1,2,3.8921527067024635
1,3,7.405622876402796
1,4,10.62323166000061
1,5,13.687593275999214
1,6,16.045262335525507
1,7,14.003268239228778
1,8,16.668379324610832
1,9,16.85340970970068
1,10,16.372015652162833
1,11,13.647969971953058
1,12,11.417666942488825
1,13,7.678326911190324
1,14,6.827311681172194
1,15,9.724370677868931
1,16,10.464279801514108
1,17,13.464275115090613
1,18,16.166583148513975
1,19,18.047072727270198
1,20,21.554927986980776
1,21,23.025122759471817
1,22,26.35005608766444
1,23,26.416945688026896
1,24,27.603299785366556
1,25,29.259601951513687
1,26,26.45148518401196
1,27,28.563155630305737
1,28,25.96211303429441
1,29,23.92638366380639
1,30,21.315510017813434
1,31,20.948568266330756
1,32,17.598848576079703
1,33,17.58604438533806
1,34,16.28785591797302
1,35,18.309426904855847
1,36,21.544825978344214
1,37,20.44849565740566
1,38,17.58249117779524
1,39,19.38595991294233
1,40,21.05512454985337
1,41,20.093999277298842
1,42,16.290713726926338
1,43,14.47492120845561
1,44,12.603666610865366
1,45,14.513460503093231
1,46,14.214105076852743
1,47,16.31205118728175
1,48,17.79209567721547
1,49,18.722570095449484
1,50,21.418968962846876
1,51,20.896133321707765
1,52,18.533861724332
1,53,15.455172591568717
1,54,14.020242654871003
1,55,12.086837939858416
1,56,9.892809416545932
1,57,11.977401786684709
1,58,12.534109677015286
1,59,15.783069913518737
1,60,16.9265793367044
1,61,17.93296883518666
1,62,16.591120804236635
1,63,14.437627257180882
1,64,16.142474805857983
1,65,14.547100153625415
1,66,17.992366728309904
1,67,18.37298465517796
1,68,15.021913052284587
1,69,12.38737558536947
1,70,10.13946901445451
1,71,9.955781088046567
1,72,10.52493289310293
1,73,10.780355279434641
1,74,13.502494514779235
1,75,13.63438133899829
1,76,17.14363025087753
1,77,18.323562339476652
1,78,22.00327991823393
1,79,24.95335669149555
1,80,27.651003703886936
1,81,30.728686844880897
1,82,33.32908815637553
1,83,32.52266435219394
1,84,28.778003046422036
1,85,26.38685902448264
1,86,22.696440346016413
1,87,19.764542748553637
1,88,16.79871743487906
1,89,13.272761166789365
1,90,11.202030060944217
1,91,7.528536184250969
1,92,6.236107019242161
1,93,5.022214692141459
1,94,6.522176732532318
1,95,9.360999029194762
1,96,10.470412961290311
1,97,13.872594230692886
1,98,13.935343744033565
1,99,10.008679321180562
1,100,8.295960758598317
1,101,11.71718409510413
1,102,13.256765386786281
1,103,16.74985355868147
1,104,19.9999835986002
1,105,22.734101008365606
2,1,3.8921527067024635
2,3,3.851131294748319
2,4,6.832832842822956
2,5,9.81491932780327
2,6,12.297425443384457
2,7,10.640505849804239
2,8,13.680330263427189
2,9,14.46974435105226
2,10,14.746408404998709
2,11,11.923069408637387
2,12,10.719566167909482
2,13,6.978906662039857
2,14,8.148481100021762
2,15,11.79112757413508
2,16,13.29390734562993
2,17,16.636086171584488
2,18,19.413087781613083
2,19,21.60850920805575
2,20,25.158362228924915
2,21,26.799707933353243
2,22,30.058593592173334
2,23,29.98372517267901
2,24,31.214065720254887
2,25,32.67695912148616
2,26,29.712149555155804
2,27,31.714903035881477
2,28,29.055641180099496
2,29,26.720257702515294
2,30,24.041592200665978
2,31,23.219969746518224
2,32,19.672295841060834
2,33,19.15217434164208
2,34,17.508501265589675
2,35,19.729248587928264
2,36,22.54243996238244
2,37,21.083575317037685
2,38,17.924603196820517
2,39,19.75600427013629
2,40,20.72989414018141
2,41,19.09353300160552
2,42,15.382951117962579
2,43,12.830602454974805
2,44,11.677214480135094
2,45,14.214692820893118
2,46,14.915860381963206
2,47,17.095593782957778
2,48,19.28483644058504
2,49,20.30082056626673
2,50,23.363700743760326
2,51,23.253173051865346
2,52,21.259506566141386
2,53,17.90117585299365
2,54,15.898255894087203
2,55,13.213635407380123
2,56,10.425810631596603
2,57,11.265161007570997
2,58,10.735623899083153
2,59,14.026268192729809
2,60,14.39340128194954
2,61,14.853463825264653
2,62,13.09659559585285
2,63,10.963643984041765
2,64,12.647207635880132
2,65,11.287405310001429
2,66,14.947073556691125
2,67,15.523342620210611
2,68,12.603719450900037
2,69,9.968461147199282
2,70,8.761292751308387
2,71,9.25738239944437
2,72,11.202879387184742
2,73,11.840084215864215
2,74,15.227193401011606
2,75,15.774259442640483
2,76,19.46636862029017
2,77,21.021828031237067
2,78,24.622924191763705
2,79,27.734490098809662
2,80,30.17961291625038
2,81,33.36691932765832
2,82,35.86359905974225
2,83,35.08318375888134
2,84,31.319478201566877
2,85,29.173439953928806
2,86,25.430426758031107
2,87,22.707591309104032
2,88,19.518667081857963
2,89,16.230596319808825
2,90,13.673915133466368
2,91,10.002904839917017
2,92,7.86216054757372
2,93,4.767337514973837
2,94,4.430702647074831
2,95,5.962238705819988
2,96,6.901946384804243
2,97,10.208858253951526
2,98,10.499370432651068
2,99,13.206266405645964
2,100,11.9248976097628
2,101,15.435305216739694
2,102,16.75415319192704
2,103,20.35413038176303
2,104,23.433440055316566
2,105,26.19932723202491
3,1,7.405622876402796
3,2,3.851131294748319
3,4,3.8194288778664958
3,5,6.6774840927432395
3,6,8.756264349137439
3,7,6.884074918699621
3,8,9.954323035344869
3,9,11.068173871873913
3,10,11.965914845057325
3,11,9.31698827473102
3,12,9.313603235676387
3,13,6.355294087843492
3,14,9.127205299774355
3,15,12.930040802947182
3,16,14.993510305602669
3,17,18.602468249187794
3,18,21.378961170407024
3,19,23.99662514678548
3,20,27.586867374016393
3,21,29.55986105960619
3,22,32.657881793493516
3,23,32.2950425086914
3,24,33.6453289993861
3,25,34.77999881983136
3,26,31.584352445286864
3,27,33.37209788991502
3,28,30.651756388361697
3,29,27.95943467504892
3,30,25.267749704645222
3,31,23.970427300553098
3,32,20.342386226368664
3,33,19.441019868336667
3,34,17.73449972469568
3,35,20.288879101833142
3,36,22.672295256577
3,37,21.180244667214236
3,38,17.702659736877983
3,39,19.186557431781463
3,40,19.519122881059406
3,41,17.37450851411594
3,42,13.896320994165416
3,43,10.708572534171168
3,44,10.053538265686528
3,45,12.821125883006273
3,46,14.403241328515488
3,47,16.466983705285323
3,48,19.270837686337085
3,49,20.366283388471757
3,50,23.705031663716433
3,51,24.092551683923997
3,52,22.53872405526002
3,53,18.988854228162232
3,54,16.442694662070377
3,55,13.200958209010764
3,56,10.121764166170452
3,57,9.597807529787957
3,58,8.064250804408893
3,59,11.289554882516141
3,60,11.078342198321641
3,61,11.107464948864651
3,62,9.39549909536046
3,63,7.811591512615258
3,64,10.180310033016445
3,65,9.926497798887368
3,66,13.634322022644442
3,67,13.874135900773604
3,68,11.59987659714543
3,69,9.75553035952034
3,70,9.493482597150466
3,71,9.734915414855989
3,72,12.483844353801034
3,73,12.773492734380506
3,74,16.46861408947522
3,75,17.011894462272963
3,76,20.68309002615938
3,77,22.439639475155705
3,78,25.861428403380465
3,79,29.048482216275588
3,80,31.12397609730811
3,81,34.447148779244614
3,82,36.868983015268704
3,83,36.218454784081324
3,84,32.44884552507136
3,85,30.67857880619632
3,86,26.967849764250168
3,87,24.624766373929592
3,88,21.4053933288094
3,89,18.494711915135472
3,90,15.869516688780134
3,91,12.307637362793935
3,92,10.412512062919104
3,93,6.64828366231271
3,94,6.010169967835386
3,95,5.107796126202262
3,96,6.20661842944333
3,97,8.6669691948454
3,98,8.90966221365328
3,99,15.717248048407862
3,100,14.692780839789712
3,101,18.201543267528326
3,102,19.22371088657471
3,103,22.964656321479872
3,104,25.74996545088623
3,105,28.66777652173012
4,1,10.62323166000061
4,2,6.832832842822956
4,3,3.8194288778664958
4,5,3.8320539904137942
4,6,5.6085550131537865
4,7,5.135659074157624
4,8,8.905368005277387
4,9,11.288492764369423
4,10,12.92740553290846
4,11,10.202446971565884
4,12,11.195791370636833
4,13,8.936508752263155
4,14,12.19225643767607
4,15,16.001009584992254
4,16,18.445760940440785
4,17,22.001015355182965
4,18,24.95684360265796
4,19,27.53983428431615
4,20,31.18901484469256
4,21,33.07274431761776
4,22,36.2473382453485
4,23,35.802738606375456
4,24,36.98390861353852
4,25,38.041871498143784
4,26,34.85587550991542
4,27,36.73898747199097
4,28,34.13466152055489
4,29,31.374043318849836
4,30,28.808495811611895
4,31,27.460704069872236
4,32,23.87339665934355
4,33,22.92552840257012
4,34,21.21366392506515
4,35,23.802714883446264
4,36,25.952615675099086
4,37,24.29770673045868
4,38,20.796579141328582
4,39,22.21785604164476
4,40,22.072940290273568
4,41,19.48497877805679
4,42,16.347317060880172
4,43,12.778103250927392
4,44,12.786444861505469
4,45,15.55496131168241
4,46,17.54744926542913
4,47,19.308646885116907
4,48,22.340687323580635
4,49,23.177739210511394
4,50,26.703930040944414
4,51,27.108212657675892
4,52,25.842722003684027
4,53,22.175870013428884
4,54,19.652782555609143
4,55,16.181466757200564
4,56,13.344671443667067
4,57,12.05360684652894
4,58,9.933611146837807
4,59,12.83658032857712
4,60,11.603419560547415
4,61,10.350555826772155
4,62,7.9616130554302815
4,63,7.093627597341287
4,64,9.021429095755853
4,65,9.175647203867038
4,66,12.841939659392766
4,67,13.693845281226961
4,68,12.37410302263716
4,69,10.600046919089818
4,70,11.625943817254614
4,71,12.620707086035335
4,72,15.786089249937516
4,73,16.36245759243502
4,74,20.13126330399139
4,75,20.771839151239007
4,76,24.42741116764266
4,77,26.180339314455825
4,78,29.559384157158252
4,79,32.71260817682909
4,80,34.669271800307634
4,81,38.05711776098129
4,82,40.49433483748134
4,83,39.90086065836469
4,84,36.13309997087678
4,85,34.446914665756815
4,86,30.748959914971834
4,87,28.441617962264438
4,88,25.205038291790068
4,89,22.289204109730246
4,90,19.577866546671324
4,91,16.048430202551696
4,92,13.848151320058813
4,93,10.10713505242345
4,94,8.341616825068874
4,95,5.7921754288003875
4,96,4.92217610951931
4,97,5.6637771438975735
4,98,5.6015545486018645
4,99,18.61273873796461
4,100,18.04139056808844
4,101,21.68752472204801
4,102,22.933504158640954
4,103,26.672870232523834
4,104,29.51295697546873
4,105,32.45160102079506
5,1,13.687593275999214
5,2,9.81491932780327
5,3,6.6774840927432395
5,4,3.8320539904137942
5,6,3.82034573983034
5,7,5.519090568559761
5,8,8.783462870196853
5,9,11.482614090094048
5,10,14.099097258804564
5,11,12.179850072683472
5,12,13.972232720114178
5,13,12.165942155236758
5,14,15.527682758445446
5,15,19.288904212321853
5,16,21.552109862449733
5,17,25.20649902682624
5,18,27.929390339261065
5,19,30.639798853031248
5,20,34.19947755675029
5,21,36.2069163939639
5,22,39.27841568365794
5,23,38.924317212856394
5,24,40.306504747221375
5,25,41.36307130395771
5,26,38.101469101817294
5,27,39.791685359762376
5,28,37.02433672174702
5,29,34.15916791636432
5,30,31.412100433903145
5,31,29.74318361938943
5,32,26.06034772455741
5,33,24.626008420635
5,34,22.531688652033548
5,35,24.90586186005227
5,36,26.58325395621186
5,37,24.568852365077216
5,38,21.18019692362597
5,39,22.738365391489392
5,40,21.9830968711714
5,41,18.931852316129877
5,42,16.265876758833237
5,43,12.590628669215558
5,44,13.687589656053357
5,45,16.811490753078733
5,46,19.396087563089512
5,47,21.41453342731682
5,48,24.696886167966472
5,49,25.870163896924037
5,50,29.361533655666285
5,51,30.110355714347047
5,52,28.844847487147977
5,53,25.240753450604686
5,54,22.42319429997726
5,55,18.931584379251174
5,56,15.79603812231806
5,57,14.032590382661576
5,58,11.07325566817243
5,59,13.033161620337516
5,60,10.752859297789824
5,61,8.942168844619976
5,62,5.573415921702433
5,63,4.647622615414421
5,64,5.874323509649051
5,65,7.03930996559665
5,66,10.19084109753796
5,67,11.034213207573934
5,68,10.722614558000416
5,69,9.740459479173389
5,70,11.809744874067817
5,71,13.132893811993874
5,72,16.74845600551573
5,73,17.68341329425268
5,74,21.547042175039245
5,75,22.653987099674257
5,76,26.321573081583402
5,77,28.449201071394743
5,78,31.72755671678914
5,79,35.045237616027734
5,80,36.89767170387039
5,81,40.21117066301853
5,82,42.413427326585236
5,83,41.71381133204086
5,84,38.015864438264835
5,85,36.453502148283086
5,86,32.737912972289344
5,87,30.538452209290902
5,88,27.12396919752228
5,89,24.438054018807772
5,90,21.419527993704335
5,91,18.183092066726655
5,92,15.703644744651994
5,93,11.996214035717722
5,94,9.785986377748007
5,95,6.19262397534708
5,96,5.753366865120667
5,97,5.171703015791051
5,98,6.72141125579643
5,99,22.217125731213095
5,100,21.345846806956427
5,101,24.852659611741768
5,102,25.74256891276502
5,103,29.452212683348964
5,104,32.145558526532994
5,105,34.94351200329629
6,1,16.045262335525507
6,2,12.297425443384457
6,3,8.756264349137439
6,4,5.6085550131537865
6,5,3.82034573983034
6,7,3.8645528151986097
6,8,6.4210202771474725
6,9,9.930668936891923
6,10,12.740145294351533
6,11,11.019226177933561
6,12,13.572770915887538
6,13,12.728840952110765
6,14,16.466278631113337
6,15,20.041828993949895
6,16,22.757223952031165
6,17,26.39653489720878
6,18,29.27444768652896
6,19,32.1607703297664
6,20,35.80017160974482
6,21,37.949506864628646
6,22,40.96727015460157
6,23,40.27598048892737
6,24,41.55438803631004
6,25,42.29714102690005
6,26,38.92921979909047
6,27,40.58319810075527
6,28,37.95725476994374
6,29,34.89738726457789
6,30,32.37380133081472
6,31,30.58969750283894
6,32,27.053229979350245
6,33,25.742904220397612
6,34,24.014270546095187
6,35,26.740352189174907
6,36,28.301213317220302
6,37,26.606210342646012
6,38,23.021676978165218
6,39,24.025554804506438
6,40,23.02883383768377
6,41,19.898764224038217
6,42,17.539982922913943
6,43,13.73714959568418
6,44,14.632111096387478
6,45,17.216500723739852
6,46,19.982563682877917
6,47,21.44599489646816
6,48,24.92449592990712
6,49,25.78057523292815
6,50,29.440402429424335
6,51,30.338737804087497
6,52,29.546205054031066
6,53,25.836280203387627
6,54,22.95964954069878
6,55,19.259023844049345
6,56,16.53083992203849
6,57,14.066409939971715
6,58,11.12230626004508
6,59,12.875280314921529
6,60,10.357522012938544
6,61,7.46250421485365
6,62,5.021395019783465
6,63,6.69880305714802
6,64,8.57141893570459
6,65,10.603969009834787
6,66,13.31823137248997
6,67,13.817725828556311
6,68,13.980434168751207
6,69,13.448046019248528
6,70,15.335686885540728
6,71,16.155175913892823
6,72,19.660669784483773
6,73,20.038071044380253
6,74,23.84413859032242
6,75,24.52927839190204
6,76,28.039309883107837
6,77,29.958519549818945
6,78,33.085702915519775
6,79,36.26004603573236
6,80,37.804358184108146
6,81,41.26577394584252
6,82,43.5665790282288
6,83,43.10302086285732
6,84,39.3951703473724
6,85,38.111894444880015
6,86,34.50132518324566
6,87,32.57228551612491
6,88,29.34257817065172
6,89,26.793545408196294
6,90,24.04460185694401
6,91,20.716376547774882
6,92,18.67519825956503
6,93,14.85485925822793
6,94,13.15900180358559
6,95,9.814896880084572
6,96,9.050059031916396
6,97,7.497529331046434
6,98,7.4031182273011735
6,99,23.487714674506506
6,100,23.073473511779806
6,101,26.658511253853256
6,102,27.653059913205375
6,103,31.450501187784436
6,104,34.01914084214861
6,105,37.0399588018444
7,1,14.003268239228778
7,2,10.640505849804239
7,3,6.884074918699621
7,4,5.135659074157624
7,5,5.519090568559761
7,6,3.8645528151986097
7,8,3.820406809646507
7,9,6.852652754757374
7,10,9.126050386611213
7,11,7.200897822483624
7,12,9.820927751619392
7,13,9.397487938458251
7,14,13.226990697470915
7,15,16.614308589820613
7,16,19.42187485590052
7,17,23.05888774349167
7,18,25.9113870055728
7,19,28.934324555462975
7,20,32.570461421530894
7,21,34.87562507317616
7,22,37.78506852229119
7,23,36.913487738843315
7,24,38.23805302689106
7,25,38.82187483153397
7,26,35.38083838397762
7,27,36.945339780773246
7,28,34.341205506049015
7,29,31.20899914329985
7,30,28.764559325757727
7,31,26.966362765185966
7,32,23.513640075457264
7,33,22.3788865104098
7,34,20.971094222023893
7,35,23.964053758655535
7,36,25.689377511329955
7,37,24.39651140655313
7,38,20.648768614195557
7,39,21.286608790716784
7,40,20.600494814565284
7,41,17.81201970998506
7,42,15.221085839480835
7,43,11.473602935853354
7,44,11.598284650957144
7,45,13.787075975777846
7,46,16.397888825640532
7,47,17.6548139601943
7,48,21.1330598594653
7,49,21.9396189783723
7,50,25.60846356343729
7,51,26.57785756476694
7,52,25.901714779234087
7,53,22.196613588995934
7,54,19.258007407386764
7,55,15.524885764513098
7,56,12.951825510922653
7,57,10.314239848024704
7,58,7.642855231291009
7,59,9.899635355472785
7,60,8.264912772450666
7,61,6.156236849672273
7,62,5.300091931665142
7,63,7.032848414908998
7,64,10.150281497245738
7,65,12.04634138644333
7,66,15.131270540678395
7,67,14.992871987574388
7,68,14.34299095261931
7,69,13.821229389236589
7,70,14.7581207242077
7,71,14.752146833582335
7,72,17.88753049975643
7,73,17.619603823514698
7,74,21.29139848014157
7,75,21.540598119698068
7,76,24.916542033629398
7,77,26.63897029870532
7,78,29.685870240130235
7,79,32.75919440620775
7,80,34.19308591829057
7,81,37.715353452271934
7,82,40.105405923173414
7,83,39.7721811219794
7,84,36.0480842878282
7,85,34.87967639769227
7,86,31.34791022187645
7,87,29.589176134321878
7,88,26.549485626760813
7,89,24.120713184880003
7,90,21.693277664670752
7,91,18.326275907723705
7,92,16.874953104665742
7,93,13.063481424008714
7,94,12.32581077980435
7,95,9.750130777308833
7,96,9.821943682027479
7,97,9.589033874742338
7,98,8.928343806736372
7,99,20.610873501415096
7,100,20.244994338877717
7,101,23.745127982981696
7,102,24.654720278617923
7,103,28.48293340980949
7,104,30.90410161045539
7,105,34.065218706859994
8,1,16.668379324610832
8,2,13.680330263427189
8,3,9.954323035344869
8,4,8.905368005277387
8,5,8.783462870196853
8,6,6.4210202771474725
8,7,3.820406809646507
8,9,3.8894955920142134
8,10,6.803408079043295
8,11,6.388933223452765
8,12,9.969129546826174
8,13,10.891334588539074
8,14,14.627116435594171
8,15,17.502316096743776
8,16,20.35208404411654
8,17,23.939618849448305
8,18,26.59157471052475
8,19,29.88106813043134
8,20,33.429573545315094
8,21,36.027557513528826
8,22,38.693152498069914
8,23,37.54845725198103
8,24,39.01191197827297
8,25,39.261671609641326
8,26,35.6650818959036
8,27,36.936440959600525
8,28,34.32783412768241
8,29,30.96574255451178
8,30,28.616911141606842
8,31,26.48882207295712
8,32,23.212871398074682
8,33,21.933361043763608
8,34,20.7873574075736
8,35,23.977220955319368
8,36,25.3413047454046
8,37,24.371570862145795
8,38,20.56108603769627
8,39,20.565943763702823
8,40,19.503609518151126
8,41,16.711715637017438
8,42,14.691331249530755
8,43,11.169715201749272
8,44,11.32714079028242
8,45,12.821558362675908
8,46,15.784360419831556
8,47,16.62832925385739
8,48,20.329046695479025
8,49,21.173851047122064
8,50,24.817825617883177
8,51,26.244103627595646
8,52,25.9767328032552
8,53,22.37458415265368
8,54,19.19350922843328
8,55,15.490149381147225
8,56,13.249902225641558
8,57,9.850707002772456
8,58,7.129299591094269
8,59,8.276441489211154
8,60,6.602446119545938
8,61,4.158492862337318
8,62,5.865254344686406
8,63,8.839116620878867
8,64,12.243449521693105
8,65,14.835273321132178
8,66,17.49177039195883
8,67,16.664153858556865
8,68,16.31757354637183
8,69,16.514219657248862
8,70,17.24035729625537
8,71,16.580824773541448
8,72,19.51301128975765
8,73,18.67317244786244
8,74,22.121277543967633
8,75,22.094834616499597
8,76,25.16527752646631
8,77,26.851373426324862
8,78,29.58420148145853
8,79,32.564532403522996
8,80,33.58968772613291
8,81,37.15355477428903
8,82,39.46012030217225
8,83,39.31130529266348
8,84,35.66782526842393
8,85,34.90117878594373
8,86,31.543541848304322
8,87,30.220331487434397
8,88,27.374542594977566
8,89,25.360934790914683
8,90,23.18539702879868
8,91,20.053312587558136
8,92,19.13558885820414
8,93,15.463847470065588
8,94,15.346556668990784
8,95,12.961370284669474
8,96,13.525776026276938
8,97,13.237147325599532
8,98,12.530328418966942
8,99,22.31762713198044
8,100,21.997098538525893
8,101,25.27196918414367
8,102,25.867607373415133
8,103,29.673265391456717
8,104,31.736678427343158
8,105,34.994278250141946
9,1,16.85340970970068
9,2,14.46974435105226
9,3,11.068173871873913
9,4,11.288492764369423
9,5,11.482614090094048
9,6,9.930668936891923
9,7,6.852652754757374
9,8,3.8894955920142134
9,10,3.875348926523571
9,11,5.546018769803141
9,12,8.997333309745061
9,13,10.656305478775023
9,14,13.91074306564253
9,15,16.229640419367527
9,16,18.76471783012648
9,17,22.28688719045384
9,18,24.569827166415923
9,19,28.0698810624906
9,20,31.452463442440465
9,21,34.322627954956346
9,22,36.71436152028643
9,23,35.45648934426055
9,24,37.16946711567266
9,25,37.24404557457503
9,26,33.536885069135174
9,27,34.4814705719678
9,28,31.7582332073082
9,29,28.269711849175305
9,30,25.870976653347437
9,31,23.45959309444678
9,32,20.289246934719937
9,33,18.836184434168967
9,34,17.88798199010399
9,35,21.196057264616726
9,36,22.36345019626488
9,37,21.767963420799383
9,38,17.94385672288446
9,39,17.42085814679817
9,40,16.350093212890126
9,41,13.87454340058083
9,42,12.098417640531519
9,43,9.08422962458025
9,44,8.820702308152015
9,45,9.608628820197152
9,46,12.781304184696632
9,47,13.557676496117473
9,48,17.364570025051236
9,49,18.5546340657512
9,50,22.01819176980182
9,51,23.861727233477524
9,52,23.68248102407924
9,53,20.29659761900075
9,54,16.858054141633076
9,55,13.384634700981659
9,56,11.261530524934834
9,57,7.534605520576993
9,58,5.031699526236725
9,59,5.073956642370161
9,60,4.786202069411385
9,61,4.779657763502827
9,62,7.8186611929814624
9,63,10.217395973485853
9,64,13.916640940477143
9,65,16.526751472924218
9,66,19.041106181763276
9,67,17.513896781703075
9,68,16.789737363946198
9,69,17.417476118187704
9,70,17.454513018211035
9,71,15.95308425510629
9,72,18.405782340611793
9,73,16.930100810490483
9,74,20.040656694910147
9,75,19.749624023949757
9,76,22.514514369177697
9,77,24.209067897919105
9,78,26.678471403073345
9,79,29.62531086256301
9,80,30.408188052547626
9,81,33.93992635830574
9,82,36.135817351819014
9,83,36.06369401597522
9,84,32.49320461546297
9,85,31.994330363987057
9,86,28.78196832066891
9,87,27.81548812162087
9,88,25.160100342168093
9,89,23.572431821011595
9,90,21.692151293141023
9,91,18.897405764680514
9,92,18.62802015848364
9,93,15.302081171091007
9,94,16.07234257119526
9,95,14.340197803793602
9,96,15.737170566365846
9,97,16.18866187091751
9,98,15.736893483632159
9,99,21.733160781606507
9,100,21.146639016469532
9,101,24.049085395706122
9,102,24.183367016806482
9,103,27.895713308557387
9,104,29.587429116501493
9,105,32.84835149169291
10,1,16.372015652162833
10,2,14.746408404998709
10,3,11.965914845057325
10,4,12.92740553290846
10,5,14.099097258804564
10,6,12.740145294351533
10,7,9.126050386611213
10,8,6.803408079043295
10,9,3.875348926523571
10,11,3.8236899100597137
10,12,6.558600133223717
10,13,9.338575697729611
10,14,11.998082131961448
10,15,13.610689492838336
10,16,16.27459651671521
10,17,19.5597081743771
10,18,21.860184685402142
10,19,25.406499143132546
10,20,28.767451980571217
10,21,31.709670081654586
10,22,33.99833468895715
10,23,32.467498358034426
10,24,34.08449835019944
10,25,33.92970409238511
10,26,30.19287174368817
10,27,31.11789486385607
10,28,28.555077860036487
10,29,25.01235948889145
10,30,22.885689482412804
10,31,20.606621462333944
10,32,17.705486391123408
10,33,16.796380199969192
10,34,16.586289319863653
10,35,20.204706905439288
10,36,21.696656326734104
10,37,21.7180509387476
10,38,17.878390090464343
10,39,16.840662557360428
10,40,16.450312398680065
10,41,14.774473354184552
10,42,12.790800115407793
10,43,10.430877489393307
10,44,8.700796559055854
10,45,8.072579495778937
10,46,10.456773480265575
10,47,10.37727044930481
10,48,14.10442032274967
10,49,14.92883469021902
10,50,18.4625014002217
10,51,20.298327062456607
10,52,20.43772474777206
10,53,17.089387687370106
10,54,13.763317639410163
10,55,10.376802406116559
10,56,9.151456563676025
10,57,5.393693764341361
10,58,5.186613091441013
10,59,6.016674419434243
10,60,7.828608507599158
10,61,8.630991787716242
10,62,11.348632780051451
10,63,13.22352027547014
10,64,17.013076363270407
10,65,19.150549090904004
10,66,21.964798143794088
10,67,20.48706604418585
10,68,19.197646677375772
10,69,19.464041459649003
10,70,18.83963683512326
10,71,16.89551176493102
10,72,18.705975620197204
10,73,16.58561183710843
10,74,19.28359582215215
10,75,18.264822594236364
10,76,20.706933380860598
10,77,21.90396702777527
10,78,24.23433788493496
10,79,26.910961212879958
10,80,27.539638763902058
10,81,31.186114487933068
10,82,33.601449208583155
10,83,33.759867279688265
10,84,30.169494171687795
10,85,29.78687186083217
10,86,26.737649422973465
10,87,25.96811957083703
10,88,23.69679126473687
10,89,22.219834627441585
10,90,20.91098402853016
10,91,18.154927688957272
10,92,18.58471130848114
10,93,15.610257083396093
10,94,17.074165158462502
10,95,16.081970268548968
10,96,17.46687989611786
10,97,18.324318165172627
10,98,17.381446370939578
10,99,19.482436127577454
10,100,19.20882746652999
10,101,21.912663301588548
10,102,22.11061180545855
10,103,25.751884530935303
10,104,27.288728390519413
10,105,30.725076221585446
11,1,13.647969971953058
11,2,11.923069408637387
11,3,9.31698827473102
11,4,10.202446971565884
11,5,12.179850072683472
11,6,11.019226177933561
11,7,7.200897822483624
11,8,6.388933223452765
11,9,5.546018769803141
11,10,3.8236899100597137
11,12,3.821546910562982
11,13,6.264083480786702
11,14,9.4330700249526
11,15,11.65320970169403
11,16,14.77946891298754
11,17,18.151560130996554
11,18,20.951255519004963
11,19,24.23616206816854
11,20,27.816861836635752
11,21,30.434097126880225
11,22,33.054017560811964
11,23,31.647619784708585
11,24,32.95893094805256
11,25,33.05172926221069
11,26,29.46054721226491
11,27,30.83452533014861
11,28,28.415637932855063
11,29,25.09127991336489
11,30,23.03412771936848
11,31,21.265606950370643
11,32,18.231412993701802
11,33,17.77134181126337
11,34,17.48727040544602
11,35,21.061533481654344
11,36,23.08010467355294
11,37,22.8675878752498
11,38,18.99424136509457
11,39,18.55296059267941
11,40,18.62052063670341
11,41,16.89566338273126
11,42,14.240238850492474
11,43,11.42015362598223
11,44,9.416100351205362
11,45,9.561267874363253
11,46,11.296681563737167
11,47,11.37535638300017
11,48,14.783633275846121
11,49,15.132683525378505
11,50,18.891762016127835
11,51,20.026141389121953
11,52,19.91792938325404
11,53,16.257856404555955
11,54,13.309890297948055
11,55,9.560910834025243
11,56,8.24394381280496
11,57,5.1034338126696595
11,58,5.248783384283012
11,59,8.050938819544914
11,60,9.314092768145962
11,61,9.378314205557832
11,62,10.971734070330974
11,63,12.416067153633698
11,64,16.08629228628276
11,65,17.666864171541665
11,66,20.89580972482143
11,67,20.051050240490927
11,68,18.490806905804842
11,69,18.027047234634125
11,70,17.45245615040689
11,71,16.01426123341861
11,72,17.95503689697693
11,73,16.216276123559517
11,74,19.1815344042003
11,75,18.189282626985314
11,76,20.97745469821797
11,77,21.99439144720069
11,78,24.711152125926038
11,79,27.38095672794652
11,80,28.423530143032995
11,81,32.116450608894574
11,82,34.76350561272681
11,83,34.83418071475207
11,84,31.11865385230227
11,85,30.311993906114772
11,86,27.088602705172555
11,87,25.84431544438336
11,88,23.452936545953982
11,89,21.42521261977542
11,90,20.00514543347119
11,91,16.809305661582048
11,92,16.899342552971135
11,93,13.733836573512862
11,94,14.884283526700521
11,95,13.985653638302649
11,96,14.81946726694437
11,97,15.705628189324555
11,98,14.336375937379994
11,99,16.92506138259651
11,100,16.99043909729404
11,101,20.103005083564863
11,102,20.89414143171672
11,103,24.653805527882596
11,104,26.648705459995202
11,105,30.137946347657195
12,1,11.417666942488825
12,2,10.719566167909482
12,3,9.313603235676387
12,4,11.195791370636833
12,5,13.972232720114178
12,6,13.572770915887538
12,7,9.820927751619392
12,8,9.969129546826174
12,9,8.997333309745061
12,10,6.558600133223717
12,11,3.821546910562982
12,13,3.848700985395051
12,14,5.999853862485899
12,15,7.89570092506872
12,16,11.214183897371685
12,17,14.486455164025294
12,18,17.480213417041508
12,19,20.63803019232495
12,20,24.27996840535424
12,21,26.785813209168104
12,22,29.486745714683547
12,23,28.077300341591343
12,24,29.268966163341805
12,25,29.458891295649586
12,26,25.93866227270272
12,27,27.50993009968836
12,28,25.176010524213613
12,29,22.014781809694043
12,30,20.061200526166385
12,31,18.723112626782264
12,32,15.77518517884278
12,33,15.938154417467262
12,34,16.05643371368546
12,35,19.64079881036445
12,36,22.16227452939811
12,37,22.231103856188174
12,38,18.486159507099426
12,39,18.118522507880616
12,40,18.973314204203007
12,41,17.860251451639165
12,42,14.8082135169888
12,43,12.502694021154948
12,44,9.600059487393011
12,45,9.277925370425864
12,46,9.710074239618828
12,47,9.576354425672125
12,48,12.425063563678373
12,49,12.46472635280557
12,50,16.228902609864203
12,51,16.881896966048124
12,52,16.56014805623135
12,53,12.79881602954066
12,54,10.17400945719783
12,55,6.420043180852328
12,56,5.810647239428214
12,57,4.423429969257598
12,58,6.681404452792265
12,59,9.94929375608741
12,60,12.001860414658129
12,61,12.690128634821937
12,62,13.785959390555291
12,63,14.38355473279726
12,64,17.88622597942522
12,65,18.7676376689695
12,66,22.21778457975643
12,67,21.52875791861427
12,68,19.350120342910305
12,69,18.402458579486467
12,70,17.156824441469727
12,71,15.518301377205459
12,72,16.799768836124258
12,73,14.788216846723722
12,74,17.41482567298114
12,75,15.951338302613507
12,76,18.651686686109304
12,77,19.25304284497483
12,78,22.10644083869737
12,79,24.62979470022765
12,80,25.914006765242714
12,81,29.62281367680678
12,82,32.47738999114763
12,83,32.56223372115561
12,84,28.79228714108532
12,85,27.755432186369823
12,86,24.54577124526307
12,87,23.14244745143975
12,88,20.966874579504235
12,89,18.772341411667867
12,90,17.772594649077732
12,91,14.53916335278504
12,92,15.137687728961435
12,93,12.486314238436083
12,94,14.244015588262833
12,95,14.307027097768058
12,96,15.206374679531276
12,97,16.74732757342299
12,98,15.273268750907027
12,99,13.215265508641844
12,100,13.46648130605615
12,101,16.539776846096984
12,102,17.581014196895506
12,103,21.308197395437343
12,104,23.41921642419424
12,105,26.987147388392653
13,1,7.678326911190324
13,2,6.978906662039857
13,3,6.355294087843492
13,4,8.936508752263155
13,5,12.165942155236758
13,6,12.728840952110765
13,7,9.397487938458251
13,8,10.891334588539074
13,9,10.656305478775023
13,10,9.338575697729611
13,11,6.264083480786702
13,12,3.848700985395051
13,14,3.861564955613935
13,15,7.31797217190256
13,16,10.270088649381366
13,17,13.784687470091674
13,18,16.904737492033043
13,19,19.75679236886453
13,20,23.47840924976426
13,21,25.68071940551427
13,22,28.65523066754355
13,23,27.706296879661203
13,24,28.88260595470891
13,25,29.571091385945472
13,26,26.239693322312053
13,27,28.05703479135265
13,28,25.600053387516343
13,29,22.75706175353636
13,30,20.513693603495764
13,31,19.46391051544198
13,32,16.213868309602393
13,33,16.25192742704071
13,34,15.773026850113125
13,35,18.98468641696419
13,36,21.78494447014911
13,37,21.377856900398147
13,38,17.753757884561185
13,39,18.186106720458454
13,40,19.254433346476887
13,41,18.014531095608632
13,42,14.525235378098676
13,43,12.062581584831179
13,44,9.435566130430612
13,45,10.299022021828648
13,46,10.641379576943878
13,47,11.580664323875554
13,48,14.068683623727066
13,49,14.47542558843834
13,50,17.983188747607862
13,51,18.188348288072067
13,52,17.104646786435627
13,53,13.355238621295042
13,54,10.998294820762077
13,55,7.551828753853533
13,56,5.734025291934326
13,57,5.893971044842824
13,58,7.1936934145433895
13,59,10.935214638948592
13,60,12.521185163832039
13,61,13.20886573407906
13,62,13.256557649480731
13,63,12.902437816524007
13,64,16.000559096575863
13,65,16.184655683142566
13,66,19.789478566661085
13,67,19.486101379571288
13,68,16.960244358974947
13,69,15.468705650971748
13,70,14.08726215659455
13,71,12.884172316319452
13,72,14.24580454369284
13,73,12.866988431201259
13,74,15.799943927749421
13,75,14.857115382182823
13,76,18.015944713661856
13,77,18.88909666938613
13,78,22.13312443717084
13,79,24.88692824373504
13,80,26.687443747608537
13,81,30.24458616176974
13,82,33.04269097850696
13,83,32.816545652821546
13,84,28.99620574160449
13,85,27.485892913227342
13,86,24.032653315477123
13,87,22.083946920282422
13,88,19.55048003373886
13,89,16.857914415764785
13,90,15.425794759755755
13,91,11.868252336128347
13,92,11.904675538336445
13,93,9.163926221182631
13,94,10.760442751151817
13,95,11.280153228030866
13,96,12.167904614862838
13,97,14.253322975729699
13,98,13.119912514552537
13,99,11.464616309390948
13,100,11.259079799635954
13,101,14.720405134585295
13,102,16.014124339972486
13,103,19.827549649167356
13,104,22.38059807456558
13,105,25.759659149924026
14,1,6.827311681172194
14,2,8.148481100021762
14,3,9.127205299774355
14,4,12.19225643767607
14,5,15.527682758445446
14,6,16.466278631113337
14,7,13.226990697470915
14,8,14.627116435594171
14,9,13.91074306564253
14,10,11.998082131961448
14,11,9.4330700249526
14,12,5.999853862485899
14,13,3.861564955613935
14,15,3.8486986262491647
14,16,6.615530956630466
14,17,10.027257229848983
14,18,13.282647758850203
14,19,15.97191154083862
14,20,19.726689494979546
14,21,21.84709839977059
14,22,24.867377154168913
14,23,23.957204518068423
14,24,25.091587324778907
14,25,25.91690777938102
14,26,22.67485739665051
14,27,24.62719844981319
14,28,22.219020992486755
14,29,19.619090127153164
14,30,17.4570162087253
14,31,16.91236024157114
14,32,13.864675484144113
14,33,14.581525191827264
14,34,14.577726274602457
14,35,17.629607824516828
14,36,20.856868794060162
14,37,20.83187990244576
14,38,17.51388671456096
14,39,17.919006971244237
14,40,19.722928321677657
14,41,19.180142129532996
14,42,15.609673301677832
14,43,13.933445584762095
14,44,10.770300459151912
14,45,10.965358276062261
14,46,9.940997258145961
14,47,10.726438213026317
14,48,12.255230907615278
14,49,12.499482008944536
14,50,15.656725203739407
14,51,15.343730015834838
14,52,13.845972892476876
14,53,10.192241795935868
14,54,8.456587180499406
14,55,5.901212548838785
14,56,5.229896736655132
14,57,7.5369091420132746
14,58,9.917529777813357
14,59,13.30078925039685
14,60,15.503963351403243
14,61,16.71879870713193
14,62,16.80701916101715
14,63,16.02752779741201
14,64,18.912320396053243
14,65,18.61337543773144
14,66,22.16770319312101
14,67,21.826426484148342
14,68,18.83929726134608
14,69,17.137171559068722
14,70,15.011681682999146
14,71,13.461228514414268
14,72,13.790941600761334
14,73,12.030228354031424
14,74,14.265371486915654
14,75,12.739035961383689
14,76,15.642150848917751
14,77,16.017419638091926
14,78,19.34905690702481
14,79,21.91636322731777
14,80,23.96910430159336
14,81,27.46376539916705
14,82,30.413414962682587
14,83,30.190333693539845
14,84,26.36867500330349
14,85,24.637172915187342
14,86,21.252280081101198
14,87,19.16971634577842
14,88,16.954620817300555
14,89,14.159710538083367
14,90,13.388733741190666
14,91,10.021166829155597
14,92,10.991379485858003
14,93,9.421694132907817
14,94,11.838597975559354
14,95,13.443540901051787
14,96,14.534626469682316
14,97,17.102774659138216
14,98,16.064044347830105
14,99,7.887353829385152
14,100,7.600182174945144
14,101,10.971214833245984
14,102,12.496625537645206
14,103,16.252527113725975
14,104,18.89823777396224
14,105,22.336400829007353
15,1,9.724370677868931
15,2,11.79112757413508
15,3,12.930040802947182
15,4,16.001009584992254
15,5,19.288904212321853
15,6,20.041828993949895
15,7,16.614308589820613
15,8,17.502316096743776
15,9,16.229640419367527
15,10,13.610689492838336
15,11,11.65320970169403
15,12,7.89570092506872
15,13,7.31797217190256
15,14,3.8486986262491647
15,16,3.8255389824422377
15,17,6.7382373358125465
15,18,10.137654204727458
15,19,12.92748497903108
15,20,16.66892925912251
15,21,18.95871834241393
15,22,21.80705776923011
15,23,20.557582881422995
15,24,21.66257810946516
15,25,22.25537442436083
15,26,18.934770744258707
15,27,20.87981057712019
15,28,18.60588590748004
15,29,16.027087381877916
15,30,14.1935145700736
15,31,14.078082565014098
15,32,11.561578146396446
15,33,13.198043847356674
15,34,14.137584691470767
15,35,17.196584184681964
15,36,20.586941174708546
15,37,21.230293504297414
15,38,18.18128669664181
15,39,18.05767600689964
15,40,20.36598166136538
15,41,20.497515304610733
15,42,17.162387905516837
15,43,16.168435822062225
15,44,12.590383892242794
15,45,11.693766665200796
15,46,9.458325771989088
15,47,9.33175719635469
15,48,9.74226467392656
15,49,9.453172108488882
15,50,12.30849302620272
15,51,11.60371826907295
15,52,10.13091699879016
15,53,6.450375375368139
15,54,5.536447714939863
15,55,4.500492010763915
15,56,6.199637889896151
15,57,9.146957197870563
15,58,12.365156731133858
15,59,15.267481153015746
15,60,18.047843901512955
15,61,19.605800229071363
15,62,20.14702748228203
15,63,19.521789696640017
15,64,22.509556641272322
15,65,22.264546037405292
15,66,25.728344945496605
15,67,25.156692484391545
15,68,22.04415105224853
15,69,20.50680079870998
15,70,18.01536546168097
15,71,16.01970511060283
15,72,15.569097922451924
15,73,13.16976006390027
15,74,14.45746209419502
15,75,12.009337695844785
15,76,14.153906108514066
15,77,13.697146950133394
15,78,16.794275840311123
15,79,18.949760188630517
15,80,20.914256191201012
15,81,24.45591318098867
15,82,27.621535822541176
15,83,27.625438243107634
15,84,23.84474806261545
15,85,22.22169751313356
15,86,19.120128330613696
15,87,17.341875196803045
15,88,15.81659882957669
15,89,13.421837046498503
15,90,13.712034815641136
15,91,11.030369719013292
15,92,13.057924805021992
15,93,12.363489721081327
15,94,15.221716663971533
15,95,17.128728144521954
15,96,18.3437221150959
15,97,20.939135232160165
15,98,19.773229189819766
15,99,6.342151042649991
15,100,6.547870444654338
15,101,9.028514172825748
15,102,10.534637438962902
15,103,14.048972536536873
15,104,16.385323410580078
15,105,20.03329017177577
16,1,10.464279801514108
16,2,13.29390734562993
16,3,14.993510305602669
16,4,18.445760940440785
16,5,21.552109862449733
16,6,22.757223952031165
16,7,19.42187485590052
16,8,20.35208404411654
16,9,18.76471783012648
16,10,16.27459651671521
16,11,14.77946891298754
16,12,11.214183897371685
16,13,10.270088649381366
16,14,6.615530956630466
16,15,3.8255389824422377
16,17,3.7632044760332852
16,18,6.668112997492557
16,19,9.568658051585544
16,20,13.244309910753621
16,21,15.698861986540805
16,22,18.45738915605205
16,23,17.519919764731327
16,24,19.016756785013694
16,25,19.938133869510438
16,26,16.680538513193195
16,27,18.462219425851785
16,28,15.87837519167602
16,29,13.602674221874643
16,30,11.396439935591841
16,31,11.668212251716183
16,32,9.255460682482312
16,33,11.265016432032382
16,34,12.36861447557453
16,35,14.913229687697434
16,36,18.547626123502358
16,37,19.424747418061877
16,38,16.873147568831914
16,39,16.89272729104866
16,40,19.75516925871458
16,41,20.46738731855187
16,42,17.22361278426118
16,43,16.979499471104766
16,44,13.438613018458963
16,45,12.457763150719382
16,46,9.517538140127467
16,47,9.956610028318508
16,48,9.301401683326988
16,49,9.748769846478137
16,50,11.563355100227284
16,51,10.676555440994612
16,52,8.071989490921856
16,53,5.269449222883833
16,54,5.174268852441477
16,55,6.3330388091286
16,56,7.67408009305342
16,57,11.314382887779939
16,58,14.421819644492741
16,59,16.87156639565804
16,60,19.873627015921855
16,61,21.926829616980537
16,62,22.369528393610643
16,63,21.281996191148025
16,64,24.04158424854854
16,65,23.509742317462724
16,66,26.749256314108642
16,67,25.984874298219182
16,68,22.57503301059683
16,69,21.121527041333927
16,70,18.108519154673004
16,71,15.792053941142791
16,72,14.433259239460485
16,73,11.835689764375797
16,74,12.189085338122647
16,75,9.367648692289704
16,76,11.104951962715063
16,77,10.34784872032211
16,78,13.607462533871631
16,79,15.817869603726956
16,80,18.203047331640516
16,81,21.53624807780893
16,82,24.64146138199192
16,83,24.4530763032057
16,84,20.688930350762963
16,85,18.76530751707005
16,86,15.638095755657135
16,87,13.684582017512797
16,88,12.41089971994216
16,89,10.157322403422826
16,90,11.213509495307738
16,91,9.346231756040376
16,92,12.222031126816766
16,93,12.649441193302755
16,94,15.97089131108174
16,95,18.485398309030998
16,96,20.151144964444423
16,97,23.154997565973993
16,98,22.445913747167154
16,99,6.283648711442065
16,100,4.876610042649881
16,101,5.957882584264328
16,102,6.7959592744936215
16,103,10.290805809763695
16,104,12.594324622197972
16,105,16.21724889448079
17,1,13.464275115090613
17,2,16.636086171584488
17,3,18.602468249187794
17,4,22.001015355182965
17,5,25.20649902682624
17,6,26.39653489720878
17,7,23.05888774349167
