1,2,3.962339797005292
1,3,7.32386993974
1,4,10.926552694124599
1,5,14.15716218140524
1,6,17.682394954325922
1,7,20.260855028287814
1,8,22.90070680410263
1,9,20.676480347635668
1,10,22.824573658574202
1,11,22.0867752119357
1,12,21.092852477347993
1,13,19.163636485141915
1,14,16.38596682571076
1,15,13.378126401868975
1,16,10.798298557858303
1,17,11.336211398790903
1,18,9.45456617240218
1,19,11.017761182203897
1,20,12.142476971854828
1,21,13.11933444127557
1,22,15.73218435533479
1,23,16.80595132691652
1,24,19.84248659549629
1,25,20.941018574233556
1,26,22.269268919685917
1,27,24.3872632490659
1,28,21.795817376791362
1,29,24.048760567717746
1,30,21.666089171563627
1,31,20.60143928847974
1,32,17.827613283276794
1,33,18.040841870543822
1,34,15.176300409330953
1,35,15.5124556918577
1,36,14.369916764196025
1,37,15.172005443796818
1,38,18.7973346611568
1,39,18.11799503823563
1,40,16.341991902025285
1,41,18.388690018980082
1,42,21.04647078741329
1,43,21.2153617045902
1,44,17.719866193459954
1,45,17.49187294605862
1,46,15.374502514917635
1,47,16.53457655665733
1,48,14.973863914394215
1,49,17.323958225121576
1,50,17.467997335676067
1,51,18.93286499792042
1,52,20.42294103797554
1,53,19.59912797045772
1,54,16.21967413376025
1,55,14.493017003980087
1,56,13.926533341497887
1,57,13.91900624016267
1,58,12.530434419932476
1,59,15.864477529338005
1,60,17.171548290195336
1,61,19.62210793767624
1,62,21.53164680075904
1,63,23.486998322377737
1,64,22.492639529441714
1,65,19.941196632617583
1,66,21.338791278645903
1,67,19.355791452731758
1,68,22.14776492815828
1,69,22.01559765360554
1,70,18.227884594481875
1,71,16.07221695998858
1,72,12.664442615832519
1,73,11.436827769070131
1,74,9.446393521707424
1,75,9.487597557970805
1,76,10.095546740437113
1,77,10.177181686263218
1,78,12.974415613993134
1,79,13.933121515011315
1,80,17.579536359396165
1,81,20.517489799643354
1,82,23.674887664775337
1,83,26.21802876436373
1,84,28.536166752638476
1,85,27.31573789610797
1,86,23.796250728739338
1,87,20.898306607700516
1,88,17.264074525494216
1,89,13.829649168294337
1,90,11.162148855198003
1,91,7.327098802366114
1,92,6.211824757658796
1,93,4.565879667748612
1,94,5.858913002762916
1,95,8.695364367245176
1,96,11.321305681781288
1,97,15.006351901943255
1,98,16.90691235117664
1,99,20.58927259909521
1,100,21.1760790539979
1,101,10.18832635316527
1,102,6.584525642147562
1,103,7.344762585774495
1,104,7.677518625210147
1,105,10.307973944245218
1,106,13.686354975904253
1,107,15.708331379517396
2,1,3.962339797005292
2,3,3.9156902984652895
2,4,7.371162451549472
2,5,10.93837284114641
2,6,14.203108487148981
2,7,16.879743213362804
2,8,19.612511887496797
2,9,17.700746386733606
2,10,20.26599442221463
2,11,20.116218835915877
2,12,19.530831491549808
2,13,17.153936581679858
2,14,14.69801806735964
2,15,11.184758990325307
2,16,9.399635520208632
2,17,11.16721555546902
2,18,10.604020920973594
2,19,12.924900870558556
2,20,14.908808826325968
2,21,16.19042826092497
2,22,19.144190176180615
2,23,20.157691547358926
2,24,23.392903053908935
2,25,24.233611701344156
2,26,25.263505415033162
2,27,27.19379179117455
2,28,24.51565314279729
2,29,26.932252862384352
2,30,24.665540339178975
2,31,23.294248321716605
2,32,20.61656415299515
2,33,20.534219572382675
2,34,17.366215376712358
2,35,17.425618401532596
2,36,16.009213387522614
2,37,17.305362072481554
2,38,20.72241025453007
2,39,19.616571217691277
2,40,17.327943732130034
2,41,19.49558776403211
2,42,21.59227967122914
2,43,21.06546744374559
2,44,17.365374257109444
2,45,16.31466167344481
2,46,14.502592332899317
2,47,16.26395202287314
2,48,15.424044966949731
2,49,17.78608716638679
2,50,18.65005281496611
2,51,19.877532004992403
2,52,21.998164059485482
2,53,21.251568904510428
2,54,18.29197111073259
2,55,15.867246283532765
2,56,14.87819749200396
2,57,13.86081870575207
2,58,11.940022903446064
2,59,14.689537710120614
2,60,15.461530607519089
2,61,18.313018052365905
2,62,19.68753142066256
2,63,21.122446959739747
2,64,19.72983969949142
2,65,17.140673424245826
2,66,18.397060123415688
2,67,16.26724499286664
2,68,19.322607843093344
2,69,19.62296295940974
2,70,16.00929718291944
2,71,13.373396200368843
2,72,10.454897320154656
2,73,10.153390771024835
2,74,9.501837281460885
2,75,10.193664706172028
2,76,12.096721685893218
2,77,12.5244458002114
2,78,15.813907031315114
2,79,17.006283688146404
2,80,20.75443109403139
2,81,23.76278197691401
2,82,26.694269495940162
2,83,29.480075044051993
2,84,31.87166276481571
2,85,30.75990703769524
2,86,27.157282145019263
2,87,24.468704840398246
2,88,20.779394660776536
2,89,17.494050065115193
2,90,14.579286349248541
2,91,10.82112844907275
2,92,8.81911850753252
2,93,5.803376865360947
2,94,4.749985198506262
2,95,6.232060238888638
2,96,8.054710975091966
2,97,11.665428244593008
2,98,13.146815229558278
2,99,16.78197486888475
2,100,17.340435289626463
2,101,10.338631503977245
2,102,7.524320041054576
2,103,9.859297106051809
2,104,11.01342253473974
2,105,14.00610356797465
2,106,17.429031397388155
2,107,19.631364643869794
3,1,7.32386993974
3,2,3.9156902984652895
3,4,3.8736610699018463
3,5,7.369858020478038
3,6,10.633704954633496
3,7,13.63761445314154
3,8,16.049621945704423
3,9,13.996908224690852
3,10,16.640047324317838
3,11,16.782680713435727
3,12,16.3022563918114
3,13,13.622802836844484
3,14,11.406431368134816
3,15,7.668961471314663
3,16,6.79595028479726
3,17,9.64058469476096
3,18,10.40008976376458
3,19,13.414175760684367
3,20,16.03626208923871
3,21,17.897399557223096
3,22,21.226584874830106
3,23,22.57569236136449
3,24,25.83275580269663
3,25,26.175323291579485
3,26,27.113843316281933
3,27,28.604915082459183
3,28,25.66434318362439
3,29,28.030838422598578
3,30,25.78188039909926
3,31,23.947528652027476
3,32,21.380899350042146
3,33,20.920384161854884
3,34,17.563343160847754
3,35,17.49581991072471
3,36,16.173472900612985
3,37,18.17779284306403
3,38,21.411261651512323
3,39,20.32255916666667
3,40,17.44008064319888
3,41,19.245191479245825
3,42,20.884791446915283
3,43,19.893728611074195
3,44,16.096307679914776
3,45,14.321255513739796
3,46,12.447970006940633
3,47,14.359887664591987
3,48,14.063592838009352
3,49,16.19844345428952
3,50,17.700001011270192
3,51,18.687904639809986
3,52,21.3720959168798
3,53,20.86883649122313
3,54,18.454422622228687
3,55,15.415195691329453
3,56,13.928517527980254
3,57,11.999291658823507
3,58,9.782249078216177
3,59,11.88503083124685
3,60,12.435602631785683
3,61,15.66499638499623
3,62,16.821978356098622
3,63,17.864084042451807
3,64,16.530810155306344
3,65,14.339622270776935
3,66,16.02218849717339
3,67,14.378764001792318
3,68,17.8486636386843
3,69,18.153368130607408
3,70,14.851573647852844
3,71,12.264414996136813
3,72,9.975732081729042
3,73,9.840091670601808
3,74,10.402578299899679
3,75,10.64339074275699
3,76,13.372996688728268
3,77,13.51929227798113
3,78,17.029426579493975
3,79,18.25926010388618
3,80,22.023773242175036
3,81,25.03783895079773
3,82,27.596327885387463
3,83,30.696004760047934
3,84,33.21633326278197
3,85,32.354637328791256
3,86,28.64373078397159
3,87,26.334468292006953
3,88,22.649812214271616
3,89,19.73473841166665
3,90,16.75463784619541
3,91,13.232136204613603
3,92,11.132687607937772
3,93,7.438409169400436
3,94,6.1045010139716345
3,95,4.89718915353654
3,96,6.381902464746274
3,97,9.252901478016106
3,98,10.43621088797949
3,99,13.846527378506906
3,100,14.001635074738985
3,101,10.188059096850626
3,102,8.292798740567806
3,103,11.576005804652317
3,104,13.003525971502073
3,105,16.46852157086491
3,106,19.73603031172981
3,107,22.36812867492257
4,1,10.926552694124599
4,2,7.371162451549472
4,3,3.8736610699018463
4,5,3.8540111882989327
4,6,6.842711977054819
4,7,9.801842958806247
4,8,12.316329287138387
4,9,10.652628778403594
4,10,13.68874111162142
4,11,14.467708534648303
4,12,14.730153628111326
4,13,11.908487636443025
4,14,10.702106102495346
4,15,6.952799047567526
4,16,8.090594088505249
4,17,11.691562182071062
4,18,13.23676506760455
4,19,16.57624947188273
4,20,19.315868787306837
4,21,21.475326693189714
4,22,24.875413142733333
4,23,26.372322532641828
4,24,29.583706505288795
4,25,29.80025837457421
4,26,30.76235709282929
4,27,32.06837798617306
4,28,28.99918394028772
4,29,31.25633232911181
4,30,28.93691138116052
4,31,26.801406795276765
4,32,24.1923203424161
4,33,23.30099734707405
4,34,19.751172500017052
4,35,19.20452641064552
4,36,17.565254009884704
4,37,19.777684301999724
4,38,22.60064454474591
4,39,21.15693351609821
4,40,17.985547450661443
4,41,19.805331248900988
4,42,20.748219257245772
4,43,19.08357185072511
4,44,15.377172970518092
4,45,12.8418908479903
4,46,11.671812160969893
4,47,14.195397842414295
4,48,14.881105657955333
4,49,17.065793323080033
4,50,19.265953751757124
4,51,20.290529019432416
4,52,23.354289420497903
4,53,23.22581204043647
4,54,21.196981936946372
4,55,17.862360145244995
4,56,15.84847820499261
4,57,13.17319575024131
4,58,10.39764299345023
4,59,11.247456856075818
4,60,10.730881338952061
4,61,14.03352911699153
4,62,14.408262762500833
4,63,14.869221688563341
4,64,13.117544009708915
4,65,10.970823838060742
4,66,12.634516812261511
4,67,11.246484501689599
4,68,14.947771197647562
4,69,15.44043437203364
4,70,12.591301841399632
4,71,9.993848742067504
4,72,8.756433030507953
4,73,9.409379626676218
4,74,11.303163418417123
4,75,11.898142941047787
4,76,15.273873687599488
4,77,15.807103654899194
4,78,19.483463830308445
4,79,21.059064812160823
4,80,24.772674493253902
4,81,27.908206064981076
4,82,30.21058292187668
4,83,33.421746373783755
4,84,35.84912203174058
4,85,35.02354438283458
4,86,31.302206636793574
4,87,29.242616075487447
4,88,25.538257041753138
4,89,22.79445183864853
4,90,19.597024872506125
4,91,16.308089834948305
4,92,13.758316110682927
4,93,10.074842967235481
4,94,7.9201737094441045
4,95,4.860535432436764
4,96,4.438811665615977
4,97,5.9482176864929155
4,98,6.875625400432033
4,99,10.166606629497778
4,100,10.498696088186197
4,101,13.250730865406032
4,102,11.863461060383658
4,103,15.286120422540836
4,104,16.55554070657192
4,105,20.126161797085622
4,106,23.238173095583118
4,107,25.906142590132422
5,1,14.15716218140524
5,2,10.93837284114641
5,3,7.369858020478038
5,4,3.8540111882989327
5,6,3.8215130657937837
5,7,6.6627972214971445
5,8,8.76628618589144
5,9,6.892265519473381
5,10,9.96107591301054
5,11,11.068031333179539
5,12,11.956081243030331
5,13,9.305528213647982
5,14,9.307429483408626
5,15,6.344682798524305
5,16,9.090515996099928
5,17,12.86040735647698
5,18,14.939209934719896
5,19,18.547832942012903
5,20,21.295634674759217
5,21,23.88579352747177
5,22,27.36529245866949
5,23,29.209167070875274
5,24,32.26745863955781
5,25,32.2226419573487
5,26,33.32939097627865
5,27,34.31608000018916
5,28,31.028492512830486
5,29,33.03410783472376
5,30,30.5913514008444
5,31,28.077789875657594
5,32,25.451071099447525
5,33,24.077917102995933
5,34,20.4352043366934
5,35,19.495582175146005
5,36,17.786894830979293
5,37,20.329802355408383
5,38,22.721497726599825
5,39,21.232486989458167
5,40,17.751807669476637
5,41,19.230079293122177
5,42,19.527201380003657
5,43,17.368626705098162
5,44,13.891378362876287
5,45,10.713449846671336
5,46,10.046694102963496
5,47,12.809026314446857
5,48,14.37501052330855
5,49,16.453453986722803
5,50,19.268589817481523
5,51,20.36818671128194
5,52,23.71201015531205
5,53,24.077261841521523
5,54,22.489461563373712
5,55,18.95711111905613
5,56,16.40491800415422
5,57,13.184957263259829
5,58,10.104222166958653
5,59,9.587920194229692
5,60,8.06047415276828
5,61,11.298491472688402
5,62,11.092460363152677
5,63,11.121720726458113
5,64,9.413774823904753
5,65,7.816239913540149
5,66,10.172723161097604
5,67,9.914118924575657
5,68,13.689941676850642
5,69,13.796681001551446
5,70,11.575003570782869
5,71,9.795397972066722
5,72,9.468246206032562
5,73,9.92757772350532
5,74,12.575736056505205
5,75,12.815383219169536
5,76,16.498463274025664
5,77,17.036687718004004
5,78,20.689854087753606
5,79,22.4752854380232
5,80,26.04172819585775
5,81,29.22692436543813
5,82,31.15661141922239
5,83,34.49721985877534
5,84,36.84297711524352
5,85,36.14783682362059
5,86,32.43250483168717
5,87,30.755448734005657
5,88,27.112265058815122
5,89,24.722136302109067
5,90,21.46003098027611
5,91,18.557714413992432
5,92,15.935082462200148
5,93,12.365086780593735
5,94,10.448012109978086
5,95,6.705032549284956
5,96,6.02725414003358
5,97,5.104201988878268
5,98,6.187942884144807
5,99,8.632772758999883
5,100,8.913052862995299
5,101,15.739046484360124
5,102,14.623996580039087
5,103,18.059806037597227
5,104,19.034395634002525
5,105,22.756706311518663
5,106,25.573823782589635
5,107,28.398769199529447
6,1,17.682394954325922
6,2,14.203108487148981
6,3,10.633704954633496
6,4,6.842711977054819
6,5,3.8215130657937837
6,7,3.8241100564985104
6,8,5.6241933792642795
6,9,5.1330740000558865
6,10,8.90517910945115
6,11,11.283792347026813
6,12,12.9167551660006
6,13,10.18528544828113
6,14,11.188755842660626
6,15,8.92839182209686
6,16,12.163604060760534
6,17,15.937101243492696
6,18,18.39189393457461
6,19,21.948685301006723
6,20,24.87869192068993
6,21,27.43599858487189
6,22,30.976829311941547
6,23,32.72869533209435
6,24,35.87403053677026
6,25,35.747966669348635
6,26,36.6874404715899
6,27,37.59231061811002
6,28,34.329458010158596
6,29,36.405125098467465
6,30,34.07563407274376
6,31,31.494317780449478
6,32,28.995084932625826
6,33,27.570127073630655
6,34,23.96828459408
6,35,22.977308435117124
6,36,21.262059460807762
6,37,23.840043360001232
6,38,25.99767507951392
6,39,24.343347513382774
6,40,20.841128917809524
6,41,22.25674120127633
6,42,22.07347347715916
6,43,19.47694432225413
6,44,16.339912408031836
6,45,12.774350240511755
6,46,12.774890933315357
6,47,15.542473586886237
6,48,17.518011044294653
6,49,19.29952485407792
6,50,22.341415565036314
6,51,23.180987989558563
6,52,26.7121730108625
6,53,27.091564422721817
6,54,25.797616328841155
6,55,22.14505739079868
6,56,19.62053985310368
6,57,16.17164676224484
6,58,13.328540918370688
6,59,12.042669527301836
6,60,9.925512580594976
6,61,12.841002075682347
6,62,11.612679272479186
6,63,10.361035566711
6,64,7.9800825441666445
6,65,7.1006224540260945
6,66,9.025036465189443
6,67,9.243402965572672
6,68,12.941060400309967
6,69,13.605194085509618
6,70,12.352429773560601
6,71,10.649214300964255
6,72,11.600949368489653
6,73,12.820310766945427
6,74,15.8804111977157
6,75,16.401005982779754
6,76,20.158819245055735
6,77,20.795315297850305
6,78,24.43193486203753
6,79,26.216352833511664
6,80,29.745245835038357
6,81,32.890592829492235
6,82,34.699383975302034
6,83,38.10350376419113
6,84,40.46313583737611
6,85,39.826536929363456
6,86,36.11599717445968
6,87,34.52474162534919
6,88,30.898228667812692
6,89,28.540473599107273
6,90,25.25995859787904
6,91,22.355686430961004
6,92,19.646863997705523
6,93,16.110380111432576
6,94,13.894326553302141
6,95,10.171941401501485
6,96,8.385972460136873
6,97,5.824199323539454
6,98,4.9395109201575895
6,99,5.652008259489914
6,100,5.612523503544174
6,101,18.62856097698484
6,102,17.964089278923236
6,103,21.547025659543905
6,104,22.747521696395957
6,105,26.4689950071196
6,106,29.342694922146457
6,107,32.186181048761185
7,1,20.260855028287814
7,2,16.879743213362804
7,3,13.63761445314154
7,4,9.801842958806247
7,5,6.6627972214971445
7,6,3.8241100564985104
7,8,3.832534311518049
7,9,5.526254837370218
7,10,8.8043526768332
7,11,11.499988178588206
7,12,14.108376309962134
7,13,12.178181052024597
7,14,13.9742350854996
7,15,12.157080169139789
7,16,15.489110489272841
7,17,19.221243560819744
7,18,21.484892193583782
7,19,25.13921991447177
7,20,27.8328507818366
7,21,30.513707778419057
7,22,33.96081091173329
7,23,35.82455209996985
7,24,38.85452278128196
7,25,38.84938545688264
7,26,39.9896949496052
7,27,40.923865010879084
7,28,37.58829143519175
7,29,39.496446840784785
7,30,36.979876421898716
7,31,34.28567041182898
7,32,31.598056605377387
7,33,29.856448721688505
7,34,26.142581693274078
7,35,24.665312853791917
7,36,22.562944052676038
7,37,24.91946270574805
7,38,26.609855076519324
7,39,24.5888336701618
7,40,21.20563901156829
7,41,22.76846904354338
7,42,21.97786718502146
7,43,18.913953020641536
7,44,16.248029101935956
7,45,12.575944291192856
7,46,13.667690638587091
7,47,16.800770933916723
7,48,19.36415015705595
7,49,21.407958565421392
7,50,24.697549181049407
7,51,25.873190706893617
7,52,29.371072792725943
7,53,30.09212334904053
7,54,28.789531222787616
7,55,25.20111206485519
7,56,22.381283782327092
7,57,18.923904347882196
7,58,15.775228703601748
7,59,14.026855751897736
7,60,11.067076886167904
7,61,13.04584964060276
7,62,10.77262648259095
7,63,8.971823634273546
7,64,5.605597803324456
7,65,4.649217687048309
7,66,5.875873896791576
7,67,7.127685786350679
7,68,10.31891671468163
7,69,10.931810832282093
7,70,10.675814399740297
7,71,9.765399312031283
7,72,11.74638341744075
7,73,13.301455117910404
7,74,16.80656823628959
7,75,17.68724474353632
7,76,21.540969281586214
7,77,22.650725113889123
7,78,26.30029453352281
7,79,28.461043045381906
7,80,31.903073653066784
7,81,35.20711376167887
7,82,36.915729502926254
7,83,40.240923876305075
7,84,42.360176701029
7,85,41.61176890401741
7,86,37.97850319707228
7,87,36.515802277196755
7,88,32.88844072150132
7,89,30.596066272024725
7,90,27.139094108787212
7,91,24.465662407805148
7,92,21.448250656937002
7,93,18.207579606072084
7,94,15.71014667353354
7,95,12.014428541589876
7,96,9.802007652366928
7,97,6.203190868040809
7,98,5.753988410932778
7,99,5.172473448889624
7,100,6.733509813985583
7,101,22.22277639432049
7,102,21.262130744036927
7,103,24.69467489110532
7,104,25.534313795631846
7,105,29.218565660076145
7,106,31.941924977081232
7,107,34.633247982973415
8,1,22.90070680410263
8,2,19.612511887496797
8,3,16.049621945704423
8,4,12.316329287138387
8,5,8.76628618589144
8,6,5.6241933792642795
8,7,3.832534311518049
8,9,3.8634971882408164
8,10,6.419305526553378
8,11,9.924187116296753
8,12,12.745977920942899
8,13,11.027820980557838
8,14,13.598556592803684
8,15,12.753241026822078
8,16,16.470108382510816
8,17,20.019809696790738
8,18,22.716147891242816
8,19,26.359651359950032
8,20,29.213215265124383
8,21,32.08214689554708
8,22,35.6442345531646
8,23,37.67514619803411
8,24,40.67004984432456
8,25,40.32693457103589
8,26,41.39277893583996
8,27,42.00060058034369
8,28,38.56903996307984
8,29,40.37948789023822
8,30,37.95933801505586
8,31,35.05443398363946
8,32,32.585468799436185
8,33,30.716141272463354
8,34,27.149031978961155
8,35,25.77878435761009
8,36,24.03449532748657
8,37,26.743313661394076
8,38,28.304268849434628
8,39,26.59322665728818
8,40,23.019209170708926
8,41,24.026147045509894
8,42,22.98181284596649
8,43,19.856916477219272
8,44,17.50053402655302
8,45,13.692424155895633
8,46,14.600916037142603
8,47,17.199788783356148
8,48,19.953969050180586
8,49,21.453795066548974
8,50,24.942165345794724
8,51,25.804391165382643
8,52,29.470665597683357
8,53,30.345111381942093
8,54,29.522107215770408
8,55,25.82308155561231
8,56,22.94559643298755
8,57,19.280448685913086
8,58,16.527363666847478
8,59,14.067198541513768
8,60,11.108872364391637
8,61,12.85937662002222
8,62,10.332512714356621
8,63,7.4409087561370795
8,64,4.992330737870826
8,65,6.665133359848153
8,66,8.555614908381113
8,67,10.696962044803962
8,68,13.45999579926382
8,69,13.706188730281767
8,70,13.914226356243798
8,71,13.476926438554598
8,72,15.277627230916966
8,73,16.332615567940504
8,74,19.719617721611318
8,75,20.04068809674557
8,76,23.835736006673425
8,77,24.53045577562406
8,78,28.01938557724864
8,79,29.982642733958563
8,80,33.285717462243376
8,81,36.43133907814786
8,82,37.826995526390014
8,83,41.29554518804137
8,84,43.5080086381663
8,85,42.9999250904045
8,86,39.36304251913103
8,87,38.181969572578986
8,88,34.66933136172242
8,89,32.662914951257086
8,90,29.360670568290537
8,91,26.836159914441502
8,92,24.08368280722175
8,93,20.75804312599909
8,94,18.697512044905192
8,95,14.889777226514374
8,96,13.19372992475682
8,97,9.840555998035198
8,98,9.086539867279575
8,99,7.544540303475251
8,100,7.469144862669356
8,101,23.509368710396686
8,102,23.006543616362112
8,103,26.53326008025961
8,104,27.476784813262217
8,105,31.262297754345415
8,106,33.86130983148626
8,107,36.787260344807784
9,1,20.676480347635668
9,2,17.700746386733606
9,3,13.996908224690852
9,4,10.652628778403594
9,5,6.892265519473381
9,6,5.1330740000558865
9,7,5.526254837370218
9,8,3.8634971882408164
9,10,3.823543663221707
9,11,6.854422203720833
9,12,9.134913944689702
9,13,7.206828769801882
9,14,9.843026487738625
9,15,9.420279844482243
9,16,13.231447891336288
9,17,16.596711108631848
9,18,19.379694325654967
9,19,23.01936551129115
9,20,25.8568570564079
9,21,28.865632689307507
9,22,32.45146281940466
9,23,34.65487161999087
9,24,37.55078951363786
9,25,37.019612015344045
9,26,38.14386131528636
9,27,38.58404471379871
9,28,35.0780517820393
9,29,36.778120663624556
9,30,34.35876884148658
9,31,31.37359337766261
9,32,28.98531544238068
9,33,27.10164256682856
9,34,23.622749247853854
9,35,22.43008171712931
9,36,21.009332397638182
9,37,23.98970693314197
9,38,25.716022999603563
9,39,24.40790961360113
9,40,20.669293034044717
9,41,21.30780393902405
9,42,20.578274289382673
9,43,17.810602879345527
9,44,15.214090163308382
9,45,11.459102729753674
9,46,11.589054491165003
9,47,13.786697553563819
9,48,16.382169354630598
9,49,17.671703076897682
9,50,21.158238737575907
9,51,21.96396089727859
9,52,25.64136771738857
9,53,26.582652482108102
9,54,25.879508000060554
9,55,22.181754993972216
9,56,19.24878870656184
9,57,15.551044177751441
9,58,12.956509515951614
9,59,10.322771409560351
9,60,7.6447075630376995
9,61,9.903094893392966
9,62,8.265912533599861
9,63,6.1589348917407944
9,64,5.306544309933867
9,65,7.031583134996691
9,66,10.16079183619629
9,67,12.107700351358817
9,68,15.2777602548072
9,69,14.930737618077382
9,70,14.30374320375161
9,71,13.871952471458162
9,72,14.720122816745606
9,73,14.955463788310798
9,74,17.9638472246381
9,75,17.64117097313794
9,76,21.301011621610577
9,77,21.556278126802997
9,78,24.910956504492898
9,79,26.675276416422868
9,80,29.90407790980375
9,81,32.93968641494301
9,82,34.22574967796973
9,83,37.755742651775634
9,84,40.061728624664234
9,85,39.688653632558825
9,86,36.03422851865902
9,87,34.963664012182306
9,88,31.530856975875537
9,89,29.7100576859635
9,90,26.579079391733526
9,91,24.17343164580791
9,92,21.742903692805122
9,93,18.375135954534507
9,94,16.89962789155842
9,95,13.100383490791032
9,96,12.354025951888747
9,97,9.770705768890547
9,98,9.836309162991613
9,99,9.597790972356197
9,100,8.95590261251372
9,101,20.607037866983898
9,102,20.16688605066788
9,103,23.620148753948655
9,104,24.488634722613206
9,105,28.314898949963844
9,106,30.770116345864704
9,107,33.85077292579344
10,1,22.824573658574202
10,2,20.26599442221463
10,3,16.640047324317838
10,4,13.68874111162142
10,5,9.96107591301054
10,6,8.90517910945115
10,7,8.8043526768332
10,8,6.419305526553378
10,9,3.823543663221707
10,11,3.889136239072478
10,12,6.814925343454591
10,13,6.395688121167776
10,14,9.990131342589473
10,15,10.913972153681117
10,16,14.63502813618798
10,17,17.498920771340554
10,18,20.303171784714426
10,19,23.8924009302062
10,20,26.537862936541224
10,21,29.820905562482483
10,22,33.36088037008986
10,23,35.878139718696694
10,24,38.5396546938589
10,25,37.74869800283832
10,26,39.04129890447422
10,27,39.16014865440663
10,28,35.507043714546946
10,29,36.87961702472039
10,30,34.386102202270884
10,31,31.143503793036828
10,32,28.842515582139463
10,33,26.6258686661199
10,34,23.314414816809034
10,35,21.970894893095398
10,36,20.80865803658625
10,37,23.987980927709597
10,38,25.35000137541157
10,39,24.357231874580652
10,40,20.56166022349309
10,41,20.568512625512227
10,42,19.462967886568943
10,43,16.71871198863597
10,44,14.685959026326811
10,45,11.150272733427508
10,46,11.314976785172322
10,47,12.820400608310669
10,48,15.766637066307027
10,49,16.64725994610698
10,50,20.353858915646118
10,51,21.19220331813215
10,52,24.84858393907187
10,53,26.2440999554779
10,54,25.95173753561233
10,55,22.35179043933744
10,56,19.1819255835584
10,57,15.522673769123308
10,58,13.254249273079909
10,59,9.85855872186752
10,60,7.1295970764496435
10,61,8.272730502416158
10,62,6.5974331640190815
10,63,4.159039905662219
10,64,5.87459948221816
10,65,8.847965998391981
10,66,12.273165433841822
10,67,14.895305870462177
10,68,17.671093337672175
10,69,16.642657887544864
10,70,16.283979077986604
10,71,16.574894861790646
10,72,17.20406189516827
10,73,16.778246909439797
10,74,19.574925673165552
10,75,18.678505390236623
10,76,22.112925933994376
10,77,22.09502995609242
10,78,25.14192480985727
10,79,26.873367038078854
10,80,29.808819134434692
10,81,32.72902566409596
10,82,33.60826055183021
10,83,37.17414554821729
10,84,39.39401822823426
10,85,39.20941593073915
10,86,35.64413009892976
10,87,34.977053650570106
10,88,31.73821054617223
10,89,30.34359051790277
10,90,27.376377895668792
10,91,25.39361695425405
10,92,23.214628429171412
10,93,20.08497259044041
10,94,19.143319381535733
10,95,15.480680642867188
10,96,15.367705437146244
10,97,12.981916125519575
10,98,13.54324739794034
10,99,13.258180521569466
10,100,12.56428842670746
10,101,22.286163929518228
10,102,21.90948354254347
10,103,25.146626007186125
10,104,25.706105807732552
10,105,29.519576217879933
10,106,31.61606193679372
10,107,34.805552902549316
11,1,22.0867752119357
11,2,20.116218835915877
11,3,16.782680713435727
11,4,14.467708534648303
11,5,11.068031333179539
11,6,11.283792347026813
11,7,11.499988178588206
11,8,9.924187116296753
11,9,6.854422203720833
11,10,3.889136239072478
11,12,3.876840666296744
11,13,5.541038327693017
11,14,9.003987052413565
11,15,10.66739238197377
11,16,13.908088759801101
11,17,16.225663056524827
11,18,18.703096867990496
11,19,22.223968039506953
11,20,24.50642568093922
11,21,28.004136657808647
11,22,31.40789042122883
11,23,34.21223166121757
11,24,36.59696405086409
11,25,35.701648513837036
11,26,37.26054620760448
11,27,37.22057759322839
11,28,33.454978525808286
11,29,34.500832274439446
11,30,31.84248591048372
11,31,28.450785041401158
11,32,26.092863610235025
11,33,23.594293020496604
11,34,20.37819098545981
11,35,18.86213363940352
11,36,17.89705841244718
11,37,21.198052890915363
11,38,22.364314716779194
11,39,21.741933367971946
11,40,17.934633033602164
11,41,17.415014391426865
11,42,16.306343917088938
11,43,13.900647317062095
11,44,12.103463293241184
11,45,9.072603606823547
11,46,8.809830272743282
11,47,9.606385084984362
11,48,12.759233417697462
11,49,13.568333000109318
11,50,17.379988260907496
11,51,18.556485421533566
11,52,22.03774542634209
11,53,23.849125798385195
11,54,23.643047596535457
11,55,20.256872860378618
11,56,16.831084182872395
11,57,13.409963957445862
11,58,11.258666280893761
11,59,7.535520531532956
11,60,5.029459981011341
11,61,5.07020314412699
11,62,4.791702900011449
11,63,4.791951023447404
11,64,7.833495361027939
11,65,10.2337798225406
11,66,13.953330458722213
11,67,16.552293397408835
11,68,19.217280790127422
11,69,17.530229947977766
11,70,16.765170795436116
11,71,17.482614595084545
11,72,17.422333126670267
11,73,16.13526894690681
11,74,18.452352098089776
11,75,16.921524311051048
11,76,20.017543204640525
11,77,19.73451966911019
11,78,22.475230844388353
11,79,24.214156343874322
11,80,26.901013982894636
11,81,29.77273012095405
11,82,30.413605866895907
11,83,33.94453079056993
11,84,36.053938912701554
11,85,35.94831621833467
11,86,32.46043399175349
11,87,32.061539061383506
11,88,28.98255487319438
11,89,27.93420966034261
11,90,25.135402966900248
11,91,23.58153173390293
11,92,21.698588135358175
11,93,18.90651637072668
11,94,18.613264593144155
11,95,15.292165035745766
11,96,16.076699339759426
11,97,14.349594032893288
11,98,15.742636807350072
11,99,16.19862820081566
11,100,15.762030876497315
11,101,21.675672403290466
11,102,21.052821396809563
11,103,23.91892584856748
11,104,24.02169702148768
11,105,27.747285507825797
11,106,29.468598064724265
11,107,32.672692059473036
12,1,21.092852477347993
12,2,19.530831491549808
12,3,16.3022563918114
12,4,14.730153628111326
12,5,11.956081243030331
12,6,12.9167551660006
12,7,14.108376309962134
12,8,12.745977920942899
12,9,9.134913944689702
12,10,6.814925343454591
12,11,3.876840666296744
12,13,3.82350104243104
12,14,6.558855229069641
12,15,9.342906445702555
12,16,11.996259389760663
12,17,13.614621855458225
12,18,16.202976045056516
12,19,19.4871635762227
12,20,21.79610870649395
12,21,25.347104091365996
12,22,28.76286726777256
12,23,31.66361651513509
12,24,33.96179036696382
12,25,32.775710421054164
12,26,34.26075122136192
12,27,33.97418168773917
12,28,30.185957102714355
12,29,31.16004288315914
12,30,28.637144961904408
12,31,25.18383641874399
12,32,23.09551951610688
12,33,20.723513051913613
12,34,17.786752526769718
12,35,16.80905748194335
12,36,16.580657562683804
12,37,20.197335446974016
12,38,21.68458728561597
12,39,21.680756266674347
12,40,17.854863760566808
12,41,16.816655311659183
12,42,16.39483247730033
12,43,14.803960990126686
12,44,12.792511837167577
12,45,10.418919260558877
12,46,8.68674554134882
12,47,8.060495761169676
12,48,10.426162456301366
12,49,10.386251243755336
12,50,14.115426526119116
12,51,14.926069435563361
12,52,18.476722384236556
12,53,20.27852017807767
12,54,20.39461786943741
12,55,17.041384190149383
12,56,13.735738114479918
12,57,10.40005950476003
12,58,9.141701018619269
12,59,5.384822463126931
12,60,5.184383252056993
12,61,6.004831707725448
12,62,7.831705001025258
12,63,8.644187543196413
12,64,11.363877892662327
12,65,13.232967672441298
12,66,17.03691982829316
12,67,19.149964076349832
12,68,22.108800960460815
12,69,20.49024252538999
12,70,19.163587685508265
12,71,19.513482394575874
12,72,18.80016716444431
12,73,17.05275743740858
12,74,18.736591999591482
12,75,16.568274953644902
12,76,19.251220033062012
12,77,18.239087241455184
12,78,20.658044475144177
12,79,21.90156913699249
12,80,24.450063660023602
12,81,27.045926642456333
12,82,27.535431695778517
12,83,31.18112385493649
12,84,33.51446004044546
12,85,33.64478123720558
12,86,30.132848931650518
12,87,29.84019164706658
12,88,26.915063307361265
12,89,26.10034948965177
12,90,23.662242331225364
12,91,22.21838812656234
12,92,20.904497847939474
12,93,18.149442113872276
12,94,18.553656569934734
12,95,15.586823130530153
12,96,17.057663701050874
12,97,16.074068234317256
12,98,17.457788672723193
12,99,18.32054911397043
12,100,17.40126821225678
12,101,19.391512851236456
12,102,19.091937018935802
12,103,21.776508124134754
12,104,21.950834370899777
12,105,25.617542354094493
12,106,27.187398029554654
12,107,30.58402433137204
13,1,19.163636485141915
13,2,17.153936581679858
13,3,13.622802836844484
13,4,11.908487636443025
13,5,9.305528213647982
13,6,10.18528544828113
13,7,12.178181052024597
13,8,11.027820980557838
13,9,7.206828769801882
13,10,6.395688121167776
13,11,5.541038327693017
13,12,3.82350104243104
13,14,3.8333476498284123
13,15,6.2756237294310475
13,16,9.442766871511834
13,17,11.656007146041375
13,18,14.723014714103433
13,19,18.097712500353776
13,20,20.902079327638848
13,21,24.186563832228657
13,22,27.789648765092704
13,23,30.353708716871623
13,24,32.986541855676826
13,25,31.900337383655394
13,26,33.057091040570675
13,27,32.9839047086664
13,28,29.33588656056249
13,29,30.759143512762304
13,30,28.456922245539168
13,31,25.255390652643666
13,32,23.249398962711414
13,33,21.386700297151066
13,34,18.33764904987702
13,35,17.811362678622245
13,36,17.51150126504059
13,37,21.081752392794566
13,38,23.095495279368755
13,39,22.864907698284554
13,40,18.99935621609374
13,41,18.555424837790547
13,42,18.587580791628156
13,43,16.920773144424835
13,44,14.245501288037444
13,45,11.41554302684593
13,46,9.412524758206976
13,47,9.558753317862228
13,48,11.27884648649628
13,49,11.396437155056981
13,50,14.808737290481895
13,51,15.151563417967887
13,52,18.920066511412468
13,53,20.02148039552829
13,54,19.893224767713185
13,55,16.231305027061243
13,56,13.304163009130765
13,57,9.591643385773153
13,58,8.246213250984956
13,59,5.105000871215966
13,60,5.254773887668713
13,61,8.048805437011326
13,62,9.31785606853817
13,63,9.386690749201081
13,64,10.983453581090457
13,65,12.418704478153042
13,66,16.096460219423733
13,67,17.67032656759208
13,68,21.014854294655695
13,69,20.019158824368965
13,70,18.453351154266095
13,71,18.069504728045384
13,72,17.415716842788694
13,73,16.18843567535127
13,74,18.0106362997613
13,75,16.228610296291006
13,76,19.18132258478544
13,77,18.19457072614296
13,78,20.96209719023788
13,79,22.024408479871738
13,80,24.934833183779777
13,81,27.546884941405587
13,82,28.445967715620434
13,83,32.144393392764634
13,84,34.71330295123375
13,85,34.75422653834496
13,86,31.106634521415256
13,87,30.384906607190896
13,88,27.25874876682958
13,89,25.999951803301023
13,90,23.46533874561502
13,91,21.462412715164366
13,92,20.034743100265498
13,93,16.835132421887383
13,94,16.89395921643038
13,95,13.738604284647257
13,96,14.873812148906893
13,97,13.976046644049594
13,98,14.80488992121583
13,99,15.689186524104857
13,100,14.346442203826957
13,101,16.85339223924614
13,102,16.874160851104858
13,103,19.972788800566896
13,104,20.740022249624655
13,105,24.52258154536387
13,106,26.5563307821879
13,107,29.9987254630729
14,1,16.38596682571076
14,2,14.69801806735964
14,3,11.406431368134816
14,4,10.702106102495346
14,5,9.307429483408626
14,6,11.188755842660626
14,7,13.9742350854996
14,8,13.598556592803684
14,9,9.843026487738625
14,10,9.990131342589473
14,11,9.003987052413565
14,12,6.558855229069641
14,13,3.8333476498284123
14,15,3.856636890828158
14,16,6.010640193215946
14,17,7.888983982574378
14,18,11.149317947500558
14,19,14.42368150317108
14,20,17.42438539457457
14,21,20.581554204716692
14,22,24.242970056974254
14,23,26.70336730596301
14,24,29.418269035995106
14,25,28.300751760689277
14,26,29.33186236188423
14,27,29.326380625471536
14,28,25.73928646435674
14,29,27.35280808529375
14,30,25.174059560159122
14,31,22.15125457748554
14,32,20.25546457337509
14,33,18.821525355237124
14,34,15.87803644253626
14,35,15.979687192246775
14,36,16.086545353254966
14,37,19.669683086267703
14,38,22.18617006393617
14,39,22.24520613973951
14,40,18.50215484088582
14,41,18.12762191804867
14,42,18.9536521232918
14,43,17.890626061590805
14,44,14.820562307062692
14,45,12.513721896026844
14,46,9.607969944093028
14,47,9.27457659374253
14,48,9.690001772854016
14,49,9.58642795946473
14,50,12.438858060104732
14,51,12.475746192995938
14,52,16.244295403521217
14,53,16.865551679052704
14,54,16.525576148025856
14,55,12.764084345006664
14,56,10.164252621524811
14,57,6.434379640928175
14,58,5.810386826333095
14,59,4.423865481592479
14,60,6.699253664255113
14,61,9.957391728245168
14,62,12.018514018238887
14,63,12.711662076807443
14,64,13.810752839698404
14,65,14.394978075724326
14,66,17.89644142315447
14,67,18.75331984958801
14,68,22.307042502721703
14,69,21.494955157308304
14,70,19.321336054109533
14,71,18.441221049350787
14,72,17.130534266511553
14,73,15.675395674245431
14,74,16.857608609991768
14,75,14.812814082500552
14,76,17.42656682091728
14,77,15.963812047111956
14,78,18.644897882384413
14,79,19.287463028521575
14,80,22.314433071253067
14,81,24.794006130669224
14,82,25.935437469744794
14,83,29.65460053895114
14,84,32.43763332860178
14,85,32.49449040190166
14,86,28.782413585376833
14,87,27.821421470939754
14,88,24.685978266544755
14,89,23.308585659622665
14,90,20.99400639629823
14,91,18.81749270298417
14,92,17.80944975771249
14,93,14.567888071413456
14,94,15.13360397897831
14,95,12.495539143522755
14,96,14.22587967953187
14,97,14.293561949844339
14,98,15.187979122476094
14,99,16.725279026417027
14,100,15.284292309594283
14,101,13.124464230464124
14,102,13.332375307645071
14,103,16.401794250734255
14,104,17.424817341076302
14,105,21.178312416898603
14,106,23.329705041419007
14,107,26.85809518613149
15,1,13.378126401868975
15,2,11.184758990325307
15,3,7.668961471314663
15,4,6.952799047567526
15,5,6.344682798524305
15,6,8.92839182209686
15,7,12.157080169139789
15,8,12.753241026822078
15,9,9.420279844482243
15,10,10.913972153681117
15,11,10.66739238197377
15,12,9.342906445702555
15,13,6.2756237294310475
15,14,3.856636890828158
15,16,3.847380791182793
15,17,7.271197268969947
15,18,10.210522420782448
15,19,13.727582312062841
15,20,16.83815725946493
15,21,19.676014475721637
15,22,23.355079885591135
15,23,25.478870515121965
15,24,28.447067986081848
15,25,27.784231768222824
15,26,28.756960549400926
15,27,29.25175035988514
15,28,25.832519139200954
15,29,27.77234735477984
15,30,25.55275168027597
15,31,22.87885163898063
15,32,20.700529001897632
15,33,19.56324616393317
15,34,16.3200203731429
15,35,16.308087930488156
15,36,15.821074895505136
15,37,19.02631420268954
15,38,21.825933639952307
15,39,21.41596188635911
15,40,17.7889889970495
15,41,18.215714484525847
15,42,19.253600018528104
15,43,18.033431757085786
15,44,14.533831524441409
15,45,12.077246794092298
15,46,9.445148558008677
15,47,10.297437043113861
15,48,10.624476635912218
15,49,11.584825089198574
15,50,14.080467531714007
15,51,14.492171729923742
15,52,18.000729174679574
15,53,18.179413343276725
15,54,17.068315014992994
15,55,13.329850548689292
15,56,10.983223084663578
15,57,7.549310960335034
15,58,5.730954438845382
15,59,5.898204015082204
15,60,7.211758985966024
15,61,10.950551728852584
15,62,12.541767198968198
15,63,13.232035615959614
15,64,13.2802717322763
15,65,12.908197336832282
15,66,15.995798161212784
15,67,16.15056471691322
15,68,19.839762353523625
15,69,19.427124159359018
15,70,16.92698844377556
15,71,15.49282249524418
15,72,14.057527422635589
15,73,13.035642197139559
15,74,14.313188773598029
15,75,12.905894291718479
15,76,15.827261673100459
15,77,14.883731630956348
15,78,18.025503290878806
15,79,18.934451970453754
15,80,22.327745555245684
15,81,25.066246202573957
15,82,26.723163324451537
15,83,30.295927474585596
15,84,33.023098022620474
15,85,32.7614319815159
15,86,28.991661519525824
15,87,27.558736730920096
15,88,24.16201895142062
15,89,22.23264351844877
15,90,19.60257191054968
15,91,16.919447595643533
15,92,15.479721799003649
15,93,11.911305256837483
15,94,11.909874673727565
15,95,9.184666425956449
15,96,10.73428030172787
15,97,11.2552188906345
15,98,12.136123043862405
15,99,14.214726286492573
15,100,13.120861211847123
15,101,11.420576626782973
15,102,11.137132492798177
15,103,14.573192603110037
15,104,15.839580519157
15,105,19.663792396812248
15,106,22.257409431109597
15,107,25.577650672214617
16,1,10.798298557858303
16,2,9.399635520208632
16,3,6.79595028479726
16,4,8.090594088505249
16,5,9.090515996099928
16,6,12.163604060760534
16,7,15.489110489272841
16,8,16.470108382510816
16,9,13.231447891336288
16,10,14.63502813618798
16,11,13.908088759801101
16,12,11.996259389760663
16,13,9.442766871511834
16,14,6.010640193215946
16,15,3.847380791182793
16,17,3.810537501760092
16,18,6.572266859165934
16,19,9.989825734968662
16,20,13.229521034709908
16,21,15.903317851314345
16,22,19.6094157347078
16,23,21.661460327648925
16,24,24.672331611017725
16,25,24.02278230655142
16,26,24.950404175425625
16,27,25.561459509546502
16,28,22.211215610680807
16,29,24.295571374458568
16,30,22.157240949367957
16,31,19.739266585112812
16,32,17.638984155272045
16,33,17.00168108185587
16,34,13.971934561508023
16,35,14.63566794436209
16,36,14.61570185578582
16,37,17.661890189071773
16,38,20.885036200061574
16,39,20.856903468480876
16,40,17.529089103286893
16,41,17.932352607206415
16,42,19.708746969288278
16,43,19.174799343934694
16,44,15.593526204350457
16,45,13.925508483691292
16,46,10.76171266562295
16,47,10.950804704181774
16,48,9.92505124680623
16,49,10.732866089054927
16,50,12.276061089367131
16,51,12.54210930074337
16,52,15.693666193827589
16,53,15.364330452771556
16,54,13.831826018726899
16,55,10.19781956217876
16,56,8.463934316751775
16,57,5.896801526292737
16,58,5.222375559900657
16,59,7.532490808337426
16,60,9.916227574401102
16,61,13.296713633405558
16,62,15.501319007485074
16,63,16.720106775142295
16,64,16.803833143997235
16,65,16.000713935303764
16,66,18.86775116110594
16,67,18.516315608298438
16,68,22.147165815420184
16,69,21.73080475733081
16,70,18.771021015503194
16,71,17.112615486443566
16,72,14.952662005332042
16,73,13.531822505779779
16,74,13.815417337484286
16,75,12.049359855433117
16,76,14.282428882509295
16,77,12.762992910599463
16,78,15.658431649738773
16,79,16.074366760846612
16,80,19.5310239044548
16,81,22.10708257663815
