1,2,3.803132052347642
1,3,6.834169831714041
1,4,10.254393943072394
1,5,12.988814347780394
1,6,15.810000713575242
1,7,18.374917391673794
1,8,20.880935447232634
1,9,21.50761521954269
1,10,24.94738812897151
1,11,26.588594320048074
1,12,28.3651887784464
1,13,29.512150121215832
1,14,29.69255406528805
1,15,31.69107507214956
1,16,32.37292760637022
1,17,32.120083644092446
1,18,32.514706287500715
1,19,29.164186579244653
1,20,28.038178922088996
1,21,26.374284411991596
1,22,25.016275486786842
1,23,24.386711610342854
1,24,22.558296841372353
1,25,22.009271045995806
1,26,19.679250017709137
1,27,21.126003914633483
1,28,18.734995326301338
1,29,17.502847244034758
1,30,13.820814045236544
1,31,12.795768020472117
1,32,10.583109771389287
1,33,9.514323252916723
1,34,9.503838437045518
1,35,13.234630985507623
1,36,14.77033650072953
1,37,17.284100343729413
1,38,19.871269070194128
1,39,23.443454232349197
1,40,26.26017658943746
1,41,27.30361661210572
1,42,24.976734904341775
1,43,22.429193524922322
1,44,19.97951507527208
1,45,20.86304317112813
1,46,18.23638908151287
1,47,15.201382561799491
1,48,11.77448191292153
1,49,13.4796812790943
1,50,11.751571269892425
1,51,13.665734973952832
1,52,13.616174994181351
1,53,17.000322205349562
1,54,19.47680257100439
1,55,22.35331089633083
1,56,21.072247753909227
1,57,21.66935399199254
1,58,19.599341622570158
1,59,21.292052979763508
1,60,20.616078192816833
1,61,22.8923997241476
1,62,23.531123963276293
1,63,26.16891242463872
1,64,27.719505528209186
1,65,30.594233675434786
1,66,34.043169379907106
1,67,30.725791636585836
1,68,28.430200283495573
1,69,25.245360087354612
1,70,23.023333302849114
1,71,20.39867986304924
1,72,18.856817534768023
1,73,19.196407605243383
1,74,21.605634404254157
1,75,24.841025241534485
1,76,24.255730830172407
1,77,22.691788433893546
1,78,24.45884059845628
1,79,26.698563794039988
1,80,28.614261114368485
1,81,30.9915502193216
1,82,31.943425804795197
1,83,34.28803794318736
2,1,3.803132052347642
2,3,3.80843782130375
2,4,7.000400366724886
2,5,9.312543751320678
2,6,12.298645249898655
2,7,14.649779309705293
2,8,17.129626980272505
2,9,17.7921378480666
2,10,21.23931331507056
2,11,23.036729699351483
2,12,24.915871999477265
2,13,26.280968703064442
2,14,26.637859449638018
2,15,28.894941813382975
2,16,29.881115524949944
2,17,29.985277086440018
2,18,30.666326871879523
2,19,27.14051384558829
2,20,25.617847425600576
2,21,23.763055000997944
2,22,22.03641576726391
2,23,21.225684144936384
2,24,19.11646057829598
2,25,18.43355438806081
2,26,15.953783019645334
2,27,17.35225826684284
2,28,15.052285714845356
2,29,14.120129483087092
2,30,10.465529006006513
2,31,9.362741303556254
2,32,7.359133261865153
2,33,5.746227364166822
2,34,6.1641492665775415
2,35,9.953707609802464
2,36,11.797667162172823
2,37,14.592971070997551
2,38,17.504932382722007
2,39,21.19031582029528
2,40,24.012775318538587
2,41,25.983760622511504
2,42,23.3101306223822
2,43,20.962150022838006
2,44,18.283984681995516
2,45,19.436210514304943
2,46,16.557538353897154
2,47,14.100190157299291
2,48,10.353719669196849
2,49,11.046657962247012
2,50,8.815603395147456
2,51,10.316432670493015
2,52,10.660818294873533
2,53,13.852157807015699
2,54,16.005721444739603
2,55,19.06138086125866
2,56,17.947853269430034
2,57,18.437834788566743
2,58,16.547498461325805
2,59,18.551487844410705
2,60,17.989000006693434
2,61,20.634052857153268
2,62,21.399747958905575
2,63,24.34127090880463
2,64,25.719891743715454
2,65,28.80188632464796
2,66,31.696277296644556
2,67,28.307473483631323
2,68,25.727859430577855
2,69,22.48495293954214
2,70,20.06572347925591
2,71,17.20349773243283
2,72,15.47414638150488
2,73,16.038338817022957
2,74,18.503350913315042
2,75,21.568943555341704
2,76,20.73688350634222
2,77,19.292343314316966
2,78,21.00791680856659
2,79,23.476223276464193
2,80,25.487520670770945
2,81,28.10026910796357
2,82,29.265584496418562
2,83,31.85782514561605
3,1,6.834169831714041
3,2,3.80843782130375
3,4,3.7960467301966743
3,5,6.591000408490706
3,6,9.088050737211885
3,7,11.981264771013581
3,8,14.622527026077895
3,9,15.880867271862547
3,10,19.5437996963574
3,11,21.593695183778802
3,12,23.94952595388089
3,13,25.502720667088496
3,14,25.7598733853901
3,15,28.317565436090394
3,16,29.439784488307257
3,17,29.94268005299289
3,18,30.492615293924462
3,19,26.89296990880108
3,20,25.123512253729096
3,21,23.465201364732952
3,22,21.379751404417803
3,23,20.756756764756293
3,24,18.23691828431082
3,25,17.620858942327782
3,26,14.730777222498796
3,27,15.639530664498196
3,28,13.258555390320474
3,29,12.788184669223742
3,30,9.074177338651637
3,31,9.090619253764439
3,32,8.177280627100798
3,33,5.211032274860189
3,34,5.424282232229187
3,35,8.576160642874193
3,36,9.51658922279913
3,37,12.880072678196893
3,38,15.527813802463864
3,39,19.325926360214897
3,40,21.76643020176398
3,41,24.911138798704464
3,42,22.2384742308743
3,43,20.434505762042203
3,44,18.06372160063451
3,45,19.892136409296786
3,46,17.269864545825914
3,47,15.336478762463647
3,48,11.555085631036034
3,49,11.481372022257096
3,50,9.500377141677268
3,51,10.573177122603667
3,52,11.760269166807278
3,53,14.333417178216083
3,54,15.62716622985075
3,55,19.06959781584711
3,56,18.364050803798143
3,57,18.491331700540677
3,58,16.72832659072386
3,59,18.81540009620411
3,60,17.890136337045764
3,61,20.616514100065327
3,62,20.958002968106314
3,63,23.88493706864171
3,64,24.718718673007647
3,65,27.705314632144372
3,66,29.86243132242718
3,67,26.303574171750185
3,68,23.56931948696083
3,69,20.590140797971134
3,70,17.75699458222318
3,71,15.126718628830387
3,72,12.836193365493905
3,73,12.798625057539171
3,74,14.955560618424101
3,75,18.068564583797254
3,76,17.589594842378162
3,77,16.3427825810218
3,78,18.521217837133836
3,79,20.96716055146136
3,80,23.375430361965517
3,81,26.11137386279438
3,82,27.680202785709735
3,83,30.47943737012993
4,1,10.254393943072394
4,2,7.000400366724886
4,3,3.7960467301966743
4,5,3.7943717761521922
4,6,6.497121292673186
4,7,9.289451029830332
4,8,11.443408207522566
4,9,12.74136264223469
4,10,16.505532730359786
4,11,18.479568390193794
4,12,21.13975629380864
4,13,22.666812277071294
4,14,22.76680017302495
4,15,25.48703849521774
4,16,26.701486085736295
4,17,27.52772494866959
4,18,28.065369305125063
4,19,24.420186988650954
4,20,22.420270370629275
4,21,20.909910691001954
4,22,18.603141724047575
4,23,18.234454524157623
4,24,15.574609107599088
4,25,15.332686642972854
4,26,12.476812377099986
4,27,13.439339648502548
4,28,11.659864012191521
4,29,12.273374039785587
4,30,9.103993356437547
4,31,9.240052568446961
4,32,9.008540306886589
4,33,5.261975306059021
4,34,4.3187403350942155
4,35,5.847583420674833
4,36,6.077711110054788
4,37,9.726283218781196
4,38,12.355805718186616
4,39,16.155420347772512
4,40,18.467574438836017
4,41,22.477866502300643
4,42,19.640182443020112
4,43,18.24757531537119
4,44,16.00949749374519
4,45,18.29164614890837
4,46,15.886584821809286
4,47,14.682992257294147
4,48,11.154553571303284
4,49,10.155310944294705
4,50,8.74037030988081
4,51,9.638870254447022
4,52,11.890289091079254
4,53,13.978225620748221
4,54,14.533046865754471
4,55,18.01084998796931
4,56,17.307957358459486
4,57,16.79975532957102
4,58,14.971057293947608
4,59,16.90228004222135
4,60,15.642791807485583
4,61,18.384733967340225
4,62,18.46477167490734
4,63,21.431801006987385
4,64,21.89927893142708
4,65,24.90601932116262
4,66,26.50452542135194
4,67,22.89584362635617
4,68,20.011575284525282
4,69,17.122502201884927
4,70,14.109440936890147
4,71,11.54715089020262
4,72,9.084036639399002
4,73,9.086516343454244
4,74,11.537845419380487
4,75,14.698268061035352
4,76,14.061414213688328
4,77,12.586386628399339
4,78,14.807082240731065
4,79,17.202185153408514
4,80,19.718870457059925
4,81,22.523561446895272
4,82,24.292611284019408
4,83,27.23667889133271
5,1,12.988814347780394
5,2,9.312543751320678
5,3,6.591000408490706
5,4,3.7943717761521922
5,6,3.8043999257984633
5,7,5.673476559128095
5,8,8.033369672347575
5,9,9.583913024957637
5,10,13.281421892532197
5,11,15.694828441817348
5,12,18.378271456514742
5,13,20.36688692722917
5,14,20.942042624747945
5,15,23.992560208057
5,16,25.699576454925975
5,17,26.938703720786933
5,18,27.994051507198908
5,19,24.24361270920744
5,20,21.74940477322652
5,21,19.85478115972829
5,22,17.037953417602882
5,23,16.150495342082447
5,24,13.022555057119044
5,25,12.264702959723403
5,26,9.06425519149281
5,27,9.672079332289547
5,28,8.035155051416508
5,29,9.281664390972015
5,30,6.884478445287244
5,31,7.227598563050783
5,32,8.071048115499853
5,33,4.967024131068214
5,34,5.588818999879178
5,35,5.624857437423507
5,36,6.60730768199046
5,37,10.078248024912307
5,38,13.041155154230642
5,39,16.641009307287476
5,40,18.87348697827982
5,41,23.771843224422224
5,42,20.608472021017057
5,43,19.41806023370854
5,44,16.926345320954578
5,45,19.10961025779922
5,46,16.4544860357316
5,47,15.975306859588153
5,48,12.682012128779052
5,49,10.573318800629538
5,50,8.60912552610142
5,51,8.036629374765264
5,52,10.416536925626481
5,53,11.575174513513938
5,54,11.376006458332695
5,55,14.956150643160825
5,56,14.730086753521421
5,57,14.293913969521792
5,58,13.13627668986126
5,59,15.586494227985517
5,60,14.869389403860927
5,61,18.053283953914143
5,62,18.535042311691168
5,63,21.81677064946755
5,64,22.191414681213633
5,65,25.41846682963594
5,66,26.297629374819824
5,67,22.732872775743115
5,68,19.46750084639916
5,69,16.547428169676042
5,70,13.358333339928045
5,71,10.331880311498487
5,72,7.443210519956144
5,73,8.135705476797693
5,74,10.372520164343776
5,75,12.841974613912475
5,76,11.560914704309823
5,77,10.64156678701721
5,78,12.660800931263307
5,79,15.646748311750601
5,80,18.253045013422664
5,81,21.461459240785494
5,82,23.48249582906521
5,83,26.72131486417676
6,1,15.810000713575242
6,2,12.298645249898655
6,3,9.088050737211885
6,4,6.497121292673186
6,5,3.8043999257984633
6,7,3.815443838145807
6,8,6.95716150083576
6,9,9.85284057355104
6,10,13.334880793251154
6,11,16.253006062998075
6,12,19.274366299144177
6,13,21.63512327071825
6,14,22.343485896422134
6,15,25.677027876418336
6,16,27.61968850743849
6,17,29.250421323167092
6,18,30.305662230114002
6,19,26.58740456592378
6,20,23.871290316185824
6,21,22.096273991683788
6,22,18.963724217739685
6,23,18.036298478296025
6,24,14.557858196506782
6,25,13.493161783126462
6,26,9.96420963512687
6,27,9.139362971836258
6,28,7.218802051088595
6,29,8.755835032884988
6,30,7.218451298005905
6,31,9.127656334179253
6,32,10.83694059995246
6,33,8.336356873363073
6,34,9.342164981155662
6,35,8.93091011325398
6,36,8.806099637438212
6,37,12.221584290661108
6,38,14.558429521445078
6,39,17.94372114415357
6,40,19.53293922158184
6,41,25.62722437893334
6,42,22.57813987296816
6,43,21.924525554652497
6,44,19.771198079819982
6,45,22.251765368227385
6,46,19.811790490795982
6,47,19.583810333434673
6,48,16.384755466096458
6,49,14.15632469346521
6,50,12.297689823184424
6,51,11.176798230736248
6,52,13.242523539411385
6,53,13.553721970408558
6,54,12.438181229145814
6,55,16.116062442543676
6,56,16.668429112825343
6,57,16.31523164208159
6,58,15.755816718277337
6,59,18.321346712056435
6,60,17.62924041442338
6,61,20.784106089418525
6,62,21.021339787084063
6,63,24.191011681080347
6,64,24.067082586526837
6,65,27.117458765601395
6,66,27.043231580558942
6,67,23.40310121135789
6,68,19.97190862401771
6,69,17.55775669840229
6,70,13.987403578180778
6,71,11.478229386946333
6,72,7.882531923881747
6,73,7.3694142110041465
6,74,8.207276934360687
6,75,10.127285451172988
6,76,9.39931594708946
6,77,9.644321873195194
6,78,12.345661398841006
6,79,15.422182474584114
6,80,18.535908349586364
6,81,21.92613537677379
6,82,24.44171076042454
6,83,27.884550649276175
7,1,18.374917391673794
7,2,14.649779309705293
7,3,11.981264771013581
7,4,9.289451029830332
7,5,5.673476559128095
7,6,3.815443838145807
7,8,3.785813709416887
7,9,6.89581960608132
7,10,9.978091897569458
7,11,13.2455033883912
7,12,16.16419305707056
7,13,18.883743755720108
7,14,20.03166481029764
7,15,23.557356214351383
7,16,25.903470902670346
7,17,27.84760236234605
7,18,29.37955424550997
7,19,25.651934210423537
7,20,22.5766515398534
7,21,20.493518651176416
7,22,17.041219468691693
7,23,15.677754595627404
7,24,11.96669336871364
7,25,10.503453955927982
7,26,6.984648218111184
7,27,5.575916579119626
7,28,4.750699887494142
7,29,7.720091304419615
7,30,7.8051533027922
7,31,9.119732667728366
7,32,11.302174342884785
7,33,9.617803197784985
7,34,10.853788685567185
7,35,9.5622408143432
7,36,10.056843809880393
7,37,12.743328051226332
7,38,15.282753083921929
7,39,18.288793286489458
7,40,19.922809378307743
7,41,26.29021350384571
7,42,22.98073498343985
7,43,22.40570708782294
7,44,20.046613044823538
7,45,22.30021476560307
7,46,19.75243639434677
7,47,20.15214656065244
7,48,17.316977824627756
7,49,14.414097221495615
7,50,12.519354903713637
7,51,10.52699635063984
7,52,12.628514814829614
7,53,11.9920808771557
7,54,9.981394636487499
7,55,13.395043769567243
7,56,14.309700741317995
7,57,13.84242800907974
7,58,13.951528554144444
7,59,16.73021366686993
7,60,16.54027138485981
7,61,19.895432256400134
7,62,20.515271414123273
7,63,23.872778981935404
7,64,23.770852550058617
7,65,26.996043369647975
7,66,26.45223663766549
7,67,23.002551682558742
7,68,19.353690307380273
7,69,16.905272109840144
7,70,13.543167990445694
7,71,10.745268630758472
7,72,7.5467899867923
7,73,8.271857750184354
7,74,9.095404175929495
7,75,9.865875890509866
7,76,7.892049270964438
7,77,8.672126829729837
7,78,10.557934839686794
7,79,14.111935910531395
7,80,16.99852491189185
7,81,20.645733163512528
7,82,23.212758373953097
7,83,26.81492267777232
8,1,20.880935447232634
8,2,17.129626980272505
8,3,14.622527026077895
8,4,11.443408207522566
8,5,8.033369672347575
8,6,6.95716150083576
8,7,3.785813709416887
8,9,3.794426071062646
8,10,6.672430607282586
8,11,9.823481310748834
8,12,13.039250658761468
8,13,15.705505140170022
8,14,16.782099645686955
8,15,20.422715448983425
8,16,22.9173921934969
8,17,25.17325649617207
8,18,26.827254128352177
8,19,23.183546565148255
8,20,19.89736840883232
8,21,17.915316051651132
8,22,14.306744350883356
8,23,13.154988270289008
8,24,9.49849912734477
8,25,8.716092586652449
8,26,6.162344079171569
8,27,5.4431936378927395
8,28,7.019809438919162
8,29,10.63842374552627
8,30,11.188693093180694
8,31,11.67579077930365
8,32,13.572030673324615
8,33,11.868160465242292
8,34,12.296978692456161
8,35,9.880478510110425
8,36,10.081501046776498
8,37,11.736863144316995
8,38,14.005885701502054
8,39,16.455373739169843
8,40,17.96662401985065
8,41,24.638944102445254
8,42,21.233630062063558
8,43,20.988144043886514
8,44,18.779502171338716
8,45,21.068935439578865
8,46,18.832247124247125
8,47,19.92711093402128
8,48,17.658089320236016
8,49,14.333737156297454
8,50,13.183080461985453
8,51,11.293231268677282
8,52,13.943487931271621
8,53,13.037698279942614
8,54,10.587042044137524
8,55,13.30662236837808
8,56,13.923891277907714
8,57,12.591014927878096
8,58,12.745614404096338
8,59,15.078485263967496
8,60,14.778192771721493
8,61,17.945006464416593
8,62,18.490096356960148
8,63,21.778794412221774
8,64,21.44698242731831
8,65,24.663444674960953
8,66,23.594247957473584
8,67,20.326632723505508
8,68,16.58381118681333
8,69,14.270914764223964
8,70,11.172755598722455
8,71,8.543791813308442
8,72,6.1109809540347895
8,73,7.819463607159613
8,74,8.906795175660662
8,75,9.019106363800367
8,76,5.848972224921319
8,77,6.326323024216669
8,78,7.240084107342462
8,79,10.981154835618161
8,80,13.659149744177165
8,81,17.406221840254542
8,82,20.04434198595756
8,83,23.73286505878353
9,1,21.50761521954269
9,2,17.7921378480666
9,3,15.880867271862547
9,4,12.74136264223469
9,5,9.583913024957637
9,6,9.85284057355104
9,7,6.89581960608132
9,8,3.794426071062646
9,10,3.798432749392772
9,11,6.429605484976336
9,12,9.50637184264229
9,13,12.036340301845367
9,14,13.253062408920908
9,15,16.869842275889766
9,16,19.498549140078936
9,17,21.761853344446966
9,18,23.75698976201732
9,19,20.119472977482932
9,20,16.688688953647095
9,21,14.425841799660569
9,22,10.728866055286439
9,23,9.388964132238907
9,24,5.772796201042197
9,25,5.7381620024927
9,26,4.731786580196059
9,27,6.112788903807633
9,28,8.809513970985794
9,29,12.397415501256296
9,30,12.975363997559626
9,31,12.3336303786992
9,32,13.745426781393151
9,33,12.36738866387356
9,34,12.332056520220656
9,35,9.3585988780628
9,36,10.231556892361196
9,37,10.823265773104305
9,38,13.361070125063723
9,39,15.418212211445569
9,40,17.376629889402505
9,41,23.220982389022353
9,42,19.61162033143978
9,43,19.158188742726963
9,44,16.713158948860624
9,45,18.61130117354313
9,46,16.379113563327557
9,47,18.016937994182836
9,48,16.30837379851181
9,49,12.648625230147525
9,50,11.977924564946376
9,51,10.13054720191854
9,52,13.061074095482008
9,53,12.129605804901015
9,54,9.856873158108058
9,55,11.80182486529694
9,56,11.695220312354335
9,57,9.590376187621764
9,58,9.666175967033267
9,59,11.71073388949904
9,60,11.676000201019388
9,61,14.869119268951362
9,62,15.82574177896175
9,63,19.251874486983905
9,64,19.24254055790248
9,65,22.667765428247176
9,66,21.961857851570954
9,67,18.980209392398848
9,68,15.309711791537643
9,69,12.610758686470227
9,70,10.28131251922047
9,71,7.237295356874838
9,72,6.561930212252848
9,73,9.622758657996473
9,74,11.58382672372448
9,75,11.866133483567623
9,76,8.285381278703888
9,77,7.4731952453121675
9,78,6.451033661695493
9,79,10.137171781933862
9,80,11.87281490748097
9,81,15.567301181431965
9,82,17.74832120036238
9,83,21.3612121767459
10,1,24.94738812897151
10,2,21.23931331507056
10,3,19.5437996963574
10,4,16.505532730359786
10,5,13.281421892532197
10,6,13.334880793251154
10,7,9.978091897569458
10,8,6.672430607282586
10,9,3.798432749392772
10,11,3.791468208142478
10,12,6.589145689276381
10,13,9.71543273642057
10,14,11.636464711736622
10,15,15.38328160785754
10,16,18.50589624680631
10,17,21.165645785402425
10,18,23.666655378261215
10,19,20.233958882440504
10,20,16.540768380257365
10,21,14.096610752097872
10,22,10.301834607372362
10,23,8.50934327344095
10,24,5.421000776172588
10,25,5.407382934398361
10,26,6.367918355469861
10,27,7.366716190685875
10,28,10.91685003495385
10,29,14.525119083056543
10,30,15.827752881968202
10,31,15.026523642211997
10,32,16.528679200307458
10,33,15.695567123166784
10,34,15.804949982779421
10,35,12.798426174706167
10,36,13.765074976079196
10,37,13.746559737794438
10,38,15.974086727334752
10,39,17.37667604990273
10,40,19.12748022621844
10,41,24.916541238709303
10,42,21.291069188440872
10,43,21.023795411760148
10,44,18.644462141946132
10,45,20.18715558473177
10,46,18.120868533129638
10,47,20.279055280515028
10,48,19.05252124432984
10,49,15.2596882071458
10,50,14.753946140837018
10,51,12.613686278138205
10,52,15.1364984156288
10,53,13.512710538779029
10,54,10.767402484803053
10,55,11.583611680541786
10,56,11.727375942310529
10,57,9.353762863739172
10,58,10.383731493970396
10,59,12.116105730106696
10,60,12.702655581219963
10,61,15.634926559463535
10,62,16.89832498544088
10,63,20.20373560853899
10,64,20.150546552779815
10,65,23.526347697629834
10,66,22.227231568590337
10,67,19.688803724649635
10,68,16.10246446537747
10,69,13.759198485186772
10,70,12.17566223028601
10,71,9.730659401025143
10,72,9.908894959427228
10,73,12.872021183723348
10,74,14.412718491681893
10,75,13.903644753579183
10,76,10.091272665116998
10,77,9.800044973388806
10,78,7.6268039049121334
10,79,10.853003576427012
10,80,11.781326621523705
10,81,15.394257620934091
10,82,17.460862262284184
10,83,21.06380280643232
11,1,26.588594320048074
11,2,23.036729699351483
11,3,21.593695183778802
11,4,18.479568390193794
11,5,15.694828441817348
11,6,16.253006062998075
11,7,13.2455033883912
11,8,9.823481310748834
11,9,6.429605484976336
11,10,3.791468208142478
11,12,3.7940933185537644
11,13,6.162221064341815
11,14,7.921388575364155
11,15,11.684683828898203
11,16,14.917087384784026
11,17,17.765297400215978
11,18,20.44102284685369
11,19,17.190338412289588
11,20,13.411576435931341
11,21,11.072715227868597
11,22,7.434644868600828
11,23,6.243088580964835
11,24,4.838817539311713
11,25,6.877540662092305
11,26,9.13911416960955
11,27,10.95860918153999
11,28,14.424906760968678
11,29,17.93088882443895
11,30,18.929106218189826
11,31,17.663519065367
11,32,18.70057416163655
11,33,17.76656725025118
11,34,17.242842180969458
11,35,13.902533951743887
11,36,14.75106546799109
11,37,13.725618842881778
11,38,15.591277908680949
11,39,16.277598644461925
11,40,18.104319664184576
11,41,23.151406605682276
11,42,19.548910645108815
11,43,19.398185641599415
11,44,17.20264311438347
11,45,18.474429869145066
11,46,16.870140404367934
11,47,19.596517333998907
11,48,19.08286488498369
11,49,15.337901064845827
11,50,15.650529660197046
11,51,14.10417433443669
11,52,16.84719696333404
11,53,15.585782421721344
11,54,13.362386065274448
11,55,13.532912810911123
11,56,12.818648189553228
11,57,9.624150600446525
11,58,10.102052188568928
11,59,10.651126842079032
11,60,11.068999125429901
11,61,13.389343032051988
11,62,14.681168661140982
11,63,17.758733883945872
11,64,17.742218935949264
11,65,21.077181238387933
11,66,19.829086885200205
11,67,17.728822654472186
11,68,14.444071517336337
11,69,12.16403186938478
11,70,11.6516151972559
11,71,9.745292368119664
11,72,11.267862951629539
11,73,14.525149106797926
11,74,16.443871475242794
11,75,16.10959335804517
11,76,12.365447253153622
11,77,11.222650659809736
11,78,8.022513973575023
11,79,10.202056516212284
11,80,9.861425177316452
11,81,13.0519336245913
11,82,14.600579868434611
11,83,18.03281943328178
12,1,28.3651887784464
12,2,24.915871999477265
12,3,23.94952595388089
12,4,21.13975629380864
12,5,18.378271456514742
12,6,19.274366299144177
12,7,16.16419305707056
12,8,13.039250658761468
12,9,9.50637184264229
12,10,6.589145689276381
12,11,3.7940933185537644
12,13,3.8165217094605866
12,14,7.126028525974961
12,15,10.388052210940739
12,16,14.005977617017598
12,17,16.77424947783107
12,18,20.14412965275241
12,19,17.140190407050486
12,20,13.413143394806152
12,21,10.58486255531342
12,22,7.51890785863498
12,23,5.420126518536122
12,24,5.81804862507534
12,25,7.517004353429412
12,26,10.819243121943828
12,27,12.933027464448829
12,28,16.484679970900807
12,29,19.69594364360843
12,30,20.93064216996783
12,31,19.18888111990246
12,32,20.029097110483008
12,33,19.67972561088148
12,34,19.321088619746746
12,35,16.23413862751307
12,36,17.638220564299875
12,37,16.40727082914583
12,38,18.44559681186107
12,39,18.93261922634683
12,40,20.987618955404567
12,41,25.020689522929313
12,42,21.412081574465017
12,43,20.940997822683656
12,44,18.53731248539111
12,45,19.081982327744704
12,46,17.413099777326735
12,47,20.386508712844257
12,48,20.309982973898197
12,49,16.62372191563497
12,50,16.919772235062027
12,51,15.229985597238564
12,52,17.474584239966536
12,53,15.949747688653606
12,54,13.97151060891989
12,55,13.094507451803977
12,56,12.069154499706043
12,57,8.844460325545741
12,58,9.95935579777849
12,59,10.139783222738535
12,60,11.549649303791341
12,61,13.623026994815458
12,62,15.613598321811864
12,63,18.624385332325247
12,64,19.11341055396138
12,65,22.477441462074097
12,66,21.653974113554014
12,67,20.03046540382958
12,68,17.10109455354118
12,69,14.789652470387672
12,70,14.887792867609772
12,71,12.916091921435209
12,72,14.68594454585729
12,73,18.113028434813906
12,74,20.1680603501986
12,75,19.842460748997183
12,76,16.067153436630495
12,77,14.988700596512068
12,78,11.764157992880504
12,79,13.617688149767055
12,80,12.56069122952986
12,81,15.181978911855813
12,82,15.99491475841259
12,83,19.01344264416387
13,1,29.512150121215832
13,2,26.280968703064442
13,3,25.502720667088496
13,4,22.666812277071294
13,5,20.36688692722917
13,6,21.63512327071825
13,7,18.883743755720108
13,8,15.705505140170022
13,9,12.036340301845367
13,10,9.71543273642057
13,11,6.162221064341815
13,12,3.8165217094605866
13,14,3.803555911244674
13,15,6.6274999700040516
13,16,10.319144124375224
13,17,13.174853308542348
13,18,16.712030985531257
13,19,13.984973987230642
13,20,10.36928279487108
13,21,7.801015865408763
13,22,5.76294184268494
13,23,5.278595075003068
13,24,7.651033134329115
13,25,10.382812462660377
13,26,13.715667911971545
13,27,16.25131775010747
13,28,19.629959986139404
13,29,22.80182059403909
13,30,23.62393666494417
13,31,21.61832320446871
13,32,22.040286030003365
13,33,21.460328237779205
13,34,20.51356143499764
13,35,17.283664419172315
13,36,18.482871156643977
13,37,16.508342274790873
13,38,18.138293266889445
13,39,17.999933992847456
13,40,20.120823509758086
13,41,23.07000921485721
13,42,19.61005331486798
13,43,19.195131861064475
13,44,17.075692132995258
13,45,17.279368229213794
13,46,16.217254379669438
13,47,19.60184148017445
13,48,20.220011699978695
13,49,16.814998010044796
13,50,17.88336733347915
13,51,16.906038055052694
13,52,19.366823284922912
13,53,18.40163721177708
13,54,16.968360714785497
13,55,16.051979117799593
13,56,14.323683620028595
13,57,10.748623163999781
13,58,10.844224430004278
13,59,9.60766053497082
13,60,10.546183350318026
13,61,11.609069209953985
13,62,13.539298805432194
13,63,16.130084971903017
13,64,16.761153665304803
13,65,19.986113747565206
13,66,19.553864462439943
13,67,18.42814587316032
13,68,16.028710201154638
13,69,13.844323382120207
13,70,14.906325421898439
13,71,13.479548919838173
13,72,16.048359982358622
13,73,19.538812202377553
13,74,21.89771272545149
13,75,21.86179892866596
13,76,18.236570570832434
13,77,16.525507834977155
13,78,13.00128751922453
13,79,13.946247081737418
13,80,11.921565660118764
13,81,13.716224018528754
13,82,13.689326667248546
13,83,16.255001447497644
14,1,29.69255406528805
14,2,26.637859449638018
14,3,25.7598733853901
14,4,22.76680017302495
14,5,20.942042624747945
14,6,22.343485896422134
14,7,20.03166481029764
14,8,16.782099645686955
14,9,13.253062408920908
14,10,11.636464711736622
14,11,7.921388575364155
14,12,7.126028525974961
14,13,3.803555911244674
14,15,3.8056482562869967
14,16,7.131134156404371
14,17,10.313023981805884
14,18,13.366031955177542
14,19,10.726047122435306
14,20,7.101611864274131
14,21,5.631274017675796
14,22,4.744437636789682
14,23,6.768732158209581
14,24,9.36574015364465
14,25,12.78834012174451
14,26,15.685188750359528
14,27,18.360612255118255
14,28,21.523372194310287
14,29,24.77862020842973
14,30,25.130969275076303
14,31,23.180882812392444
14,32,23.353545487247537
14,33,22.24809807551834
14,34,20.673098439785182
14,35,17.23437585912099
14,36,17.860247725480647
14,37,15.24678645669041
14,38,16.226665455164884
14,39,15.435821483520902
14,40,17.44199432768235
14,41,19.8001743962527
14,42,16.525517176057612
14,43,16.459204605493092
14,44,14.888199503510105
14,45,15.272852352289458
14,46,15.003436203753536
14,47,18.605791422450313
14,48,19.641963404465116
14,49,16.55415444499289
14,50,18.361762808098494
14,51,18.11960898060699
14,52,21.00310431917277
14,53,20.624310263479
14,54,19.462939456777068
14,55,19.02549948777268
14,56,16.99489598849429
14,57,13.214456946173295
14,58,12.272637331075728
14,59,10.142644239374448
14,60,9.772627670563663
14,61,9.728056195452496
14,62,10.883179825262506
14,63,12.951739624657808
14,64,13.30719190931158
14,65,16.357062692026744
14,66,16.059695952121412
14,67,15.216284361194884
14,68,13.273758919041628
14,69,11.337544562043957
14,70,13.23599521577479
14,71,12.590869605507727
14,72,15.769248537702875
14,73,19.088947636906774
14,74,21.605463751454607
14,75,21.848397027213956
14,76,18.514904233985398
14,77,16.219382441881862
14,78,12.60784878722498
14,79,12.582956221678954
14,80,9.83018307797888
14,81,10.820111901948355
14,82,10.176243725161672
14,83,12.530719433295332
15,1,31.69107507214956
15,2,28.894941813382975
15,3,28.317565436090394
15,4,25.48703849521774
15,5,23.992560208057
15,6,25.677027876418336
15,7,23.557356214351383
15,8,20.422715448983425
15,9,16.869842275889766
15,10,15.38328160785754
15,11,11.684683828898203
15,12,10.388052210940739
15,13,6.6274999700040516
15,14,3.8056482562869967
15,16,3.811423891117354
15,17,7.103397634603828
15,18,10.646813769851539
15,19,8.755924943893174
15,20,5.956824074050969
15,21,5.5680439994850355
15,22,7.058044393035026
15,23,9.38137832122528
15,24,12.590444220788344
15,25,16.008522106399635
15,26,19.040916777379465
15,27,21.92661422284423
15,28,24.997128254068347
15,29,28.116296465081636
15,30,28.29467386266129
15,31,26.087584421556777
15,32,25.950184956390256
15,33,24.905515096604834
15,34,23.06963429022606
15,35,19.78593745303229
15,36,20.43547243984468
15,37,17.452882200451942
15,38,18.13777922830706
15,39,16.859679614686808
15,40,18.88577460417629
15,41,19.617795763059164
15,42,16.694341548732005
15,43,16.542891709602014
15,44,15.31943262161011
15,45,15.034481629010074
15,46,15.41799951498948
15,47,19.196368621831223
15,48,20.90227206646445
15,49,18.256775217666366
15,50,20.475785184692967
15,51,20.64417957046092
15,52,23.403010012164728
15,53,23.295294118316253
15,54,22.51678807744045
15,55,21.822008760675473
15,56,19.42286223478978
15,57,15.700949192846666
15,58,14.459812764774655
15,59,11.595403543768676
15,60,11.134143806939127
15,61,9.867345162847847
15,62,10.967897057409765
15,63,12.186032159230674
15,64,12.935158376263791
15,65,15.600739237944108
15,66,16.07960041594369
15,67,15.996460740525553
15,68,14.886424568193531
15,69,13.24702202466582
15,70,15.811091383326806
15,71,15.492000258400765
15,72,18.923218269823348
15,73,22.200747951218695
15,74,24.87477762559885
15,75,25.304535033611042
15,76,22.09802375753464
15,77,19.581360981344343
15,78,16.038464180480712
15,79,15.537107710829613
15,80,12.353445102265129
15,81,12.27665914062046
15,82,10.437865423844846
15,83,11.657903055055426
16,1,32.37292760637022
16,2,29.881115524949944
16,3,29.439784488307257
16,4,26.701486085736295
16,5,25.699576454925975
16,6,27.61968850743849
16,7,25.903470902670346
16,8,22.9173921934969
16,9,19.498549140078936
16,10,18.50589624680631
16,11,14.917087384784026
16,12,14.005977617017598
16,13,10.319144124375224
16,14,7.131134156404371
16,15,3.811423891117354
16,17,3.7974374308271455
16,18,6.966497728398368
16,19,5.867941462615577
16,20,4.662545577391694
16,21,6.365909590587533
16,22,9.207688724364077
16,23,12.155885347042616
16,24,15.385529517898997
16,25,18.97592080691175
16,26,21.77493193852909
16,27,24.8253202300691
16,28,27.656947653736186
16,29,30.686840621237028
16,30,30.477192634974838
16,31,28.187770121934996
16,32,27.742542556485155
16,33,26.455467281703967
16,34,24.18408629976997
16,35,21.012209193443248
16,36,21.385955150852666
16,37,18.019450988426833
16,38,18.206466811903777
16,39,16.425327727979372
16,40,18.419137573245365
16,41,17.511482210642086
16,42,15.040072315144617
16,43,14.95895635810242
16,44,14.36208020947403
16,45,13.784769928235887
16,46,15.063459488208023
16,47,18.820678734148977
16,48,21.057673056196553
16,49,18.971998270079386
16,50,21.712391446759007
16,51,22.49156089439306
16,52,25.356865109099427
16,53,25.732934406583283
16,54,25.315627399674007
16,55,24.824513406040555
16,56,22.135327874161955
16,57,18.427507527446863
16,58,16.589470844647405
16,59,13.245630482153278
16,60,12.058087677391832
16,61,9.61095242681498
16,62,9.954115411551806
16,63,10.0377809412695
16,64,10.981433946853722
16,65,13.170065557902278
16,66,14.727151180047683
16,67,15.190768651331064
16,68,14.929664402753904
16,69,13.566828790967774
16,70,16.693809010486316
16,71,16.851595380596816
16,72,20.522698373105158
16,73,23.60603153403769
16,74,26.445342852461838
16,75,27.21424251243182
16,76,24.28743540312006
16,77,21.396960990495277
16,78,18.06953447381227
16,79,17.02336352478288
16,80,13.647292597459447
16,81,12.648627513305085
16,82,9.839091676738255
16,83,9.882298619846445
17,1,32.120083644092446
17,2,29.985277086440018
17,3,29.94268005299289
17,4,27.52772494866959
17,5,26.938703720786933
17,6,29.250421323167092
17,7,27.84760236234605
17,8,25.17325649617207
17,9,21.761853344446966
17,10,21.165645785402425
17,11,17.765297400215978
17,12,16.77424947783107
17,13,13.174853308542348
17,14,10.313023981805884
17,15,7.103397634603828
17,16,3.7974374308271455
17,18,4.625548431957707
17,19,4.507338914530155
17,20,5.655550678704059
17,21,7.519931328107581
17,22,11.143253126233459
17,23,13.981861957786611
17,24,17.372978617317436
17,25,20.896541717344917
17,26,23.618911927353235
17,27,26.940116303693163
17,28,29.49759254938104
17,29,32.265748247206886
17,30,31.735741093755887
17,31,29.177500618922828
17,32,28.350211140552478
17,33,27.134596267439576
17,34,24.657063259042776
17,35,21.841028089987
17,36,22.398772498658683
17,37,18.944394472620072
17,38,19.176523851778317
17,39,17.46886297863484
17,40,19.780900583296056
17,41,17.072618443599314
17,42,14.920370019313895
17,43,14.242958329169136
17,44,13.731380590344454
17,45,12.317669635336083
17,46,14.08105188578017
17,47,17.674088902678324
17,48,20.453360441275194
17,49,18.96346852043494
17,50,21.976035909784915
17,51,23.22003577239029
17,52,25.915266373934593
17,53,26.721837216924474
17,54,26.82416011512574
17,55,26.322530576394374
17,56,23.26429136543604
17,57,19.737144053055985
17,58,17.483955680031933
17,59,13.795196062945609
17,60,12.521825007765091
17,61,9.368698074944065
17,62,9.814306573172471
17,63,9.248438135728131
17,64,11.186389614633427
17,65,13.138380323609207
17,66,16.389891524431548
17,67,16.950031624592896
17,68,17.088641940213208
17,69,15.49061903648444
17,70,18.650434101887413
17,71,18.654043655876364
17,72,22.339437789405586
17,73,25.420313229042907
17,74,28.529034899283786
17,75,29.693074079320887
17,76,26.86659738077132
17,77,23.746171072649126
17,78,20.68878740073738
17,79,19.723048102678835
17,80,16.55132499934903
17,81,15.425468533229726
17,82,12.329993582919613
17,83,11.667534181319576
18,1,32.514706287500715
18,2,30.666326871879523
18,3,30.492615293924462
18,4,28.065369305125063
18,5,27.994051507198908
18,6,30.305662230114002
18,7,29.37955424550997
18,8,26.827254128352177
18,9,23.75698976201732
18,10,23.666655378261215
18,11,20.44102284685369
18,12,20.14412965275241
18,13,16.712030985531257
18,14,13.366031955177542
18,15,10.646813769851539
18,16,6.966497728398368
18,17,4.625548431957707
18,19,3.7973240982710834
18,20,7.1519095360350855
18,21,10.324002718288584
18,22,13.77717937438265
18,23,17.126289979341248
18,24,20.090640176652443
18,25,23.766942326032453
18,26,26.03415849654363
18,27,29.292079099724432
18,28,31.5872703854985
18,29,34.354725484944694
18,30,33.42429166922593
18,31,31.06342520732356
18,32,30.09205686382065
18,33,28.40409627340903
18,34,25.47628386464359
18,35,22.723670880250534
18,36,22.659179324380606
18,37,18.953900477338564
18,38,18.390684128285837
18,39,16.114120259095262
18,40,18.087011686650623
18,41,13.740034340822579
18,42,12.420626341026768
18,43,12.234086119997583
18,44,12.933649687934118
18,45,11.914515854617402
18,46,14.72019035906607
18,47,17.929172462898293
18,48,20.8849770319206
18,49,19.974541314819625
18,50,23.401311521253973
18,51,25.193521807150567
18,52,28.14756482324544
18,53,29.374283150534193
18,54,29.58671072929583
18,55,29.55837478331469
18,56,26.49028945040056
18,57,22.939317224294577
18,58,20.239447838824226
18,59,16.579848235920977
18,60,14.394893700537628
18,61,10.745866913949051
18,62,9.600727201039895
18,63,7.275172887936583
18,64,8.814739792166119
18,65,9.715658596959067
18,66,14.193104563449399
18,67,15.16940883458351
18,68,16.218503740205474
18,69,15.158112439420595
18,70,18.63843456885946
18,71,19.34005846398617
18,72,23.077057537773715
18,73,25.709705819708343
18,74,28.794940400741154
18,75,30.239680522675936
18,76,27.856978377998335
18,77,24.449501215396822
18,78,21.743866704644883
18,79,20.171055375723302
18,80,17.06383971589893
18,81,15.192620372301073
18,82,11.709971154254086
18,83,10.006117192996124
19,1,29.164186579244653
19,2,27.14051384558829
19,3,26.89296990880108
19,4,24.420186988650954
19,5,24.24361270920744
19,6,26.58740456592378
19,7,25.651934210423537
19,8,23.183546565148255
19,9,20.119472977482932
19,10,20.233958882440504
19,11,17.190338412289588
19,12,17.140190407050486
19,13,13.984973987230642
19,14,10.726047122435306
19,15,8.755924943893174
19,16,5.867941462615577
19,17,4.507338914530155
19,18,3.7973240982710834
19,20,3.7998184892839086
19,21,6.980098054386155
19,22,10.308265522098107
19,23,13.735069316966543
19,24,16.517277996511783
19,25,20.190093858400232
19,26,22.325324867797182
19,27,25.608556239779034
19,28,27.82678776090049
19,29,30.57003196740991
19,30,29.630603258423744
19,31,27.29665942728729
19,32,26.38433342046824
19,33,24.677122772416894
19,34,21.8154366082508
19,35,18.994927145641505
19,36,19.065934406653568
19,37,15.42426655652416
19,38,15.24074488241732
19,39,13.402676261892019
19,40,15.853001793147493
19,41,12.706086132908787
19,42,10.444366981001878
19,43,9.833182212927529
19,44,9.814502296586273
19,45,9.08554143317509
19,46,11.491139674913983
19,47,14.909749319726917
19,48,17.58633277291563
19,49,16.37738724188647
19,50,19.744047420985847
19,51,21.4684036942523
19,52,24.50548339892402
19,53,25.73070502482686
19,54,25.922106927531495
19,55,26.06490732685977
19,56,23.04034169381222
19,57,19.476744136660162
19,58,16.659891880240778
19,59,13.093056139176953
19,60,10.676393349701756
19,61,7.084431748453382
19,62,6.023882322095161
19,63,4.751980479561033
19,64,6.967105889313259
19,65,9.312838310674875
19,66,13.614406252206425
19,67,13.661281039761715
19,68,13.9346569095632
19,69,12.206560440032781
19,70,15.433269208531895
19,71,15.769359327368186
19,72,19.47972365682025
19,73,22.256576335826356
19,74,25.447781241717173
19,75,26.972025115928243
19,76,24.493646861349497
19,77,21.075541219203576
19,78,18.435324005300178
19,79,17.225622882956692
19,80,14.393432385911204
19,81,13.188837374085187
19,82,10.22774966082897
19,83,9.783643696200077
20,1,28.038178922088996
20,2,25.617847425600576
20,3,25.123512253729096
20,4,22.420270370629275
20,5,21.74940477322652
20,6,23.871290316185824
20,7,22.5766515398534
20,8,19.89736840883232
20,9,16.688688953647095
20,10,16.540768380257365
20,11,13.411576435931341
20,12,13.413143394806152
20,13,10.36928279487108
20,14,7.101611864274131
20,15,5.956824074050969
20,16,4.662545577391694
20,17,5.655550678704059
20,18,7.1519095360350855
20,19,3.7998184892839086
20,21,3.793540788837509
20,22,6.713603599647468
20,23,10.286042430643244
20,24,13.022436421298167
20,25,16.7547383166132
20,26,19.020701925839095
20,27,22.202877157865576
20,28,24.644500705176927
20,29,27.55342751684984
20,30,26.926991082124157
20,31,24.701845391183934
20,32,24.103187170536643
20,33,22.49017541066423
20,34,19.942218054021424
20,35,16.814730498730743
20,36,17.047191700783074
20,37,13.580739406746076
20,38,13.855215971489159
20,39,12.4089528942156
20,40,14.947377634115268
20,41,14.127427039071794
20,42,11.151337073308067
20,43,10.689054101000023
20,44,9.813022088867982
20,45,9.736760397089622
20,46,11.02459906241933
20,47,14.710561728816936
20,48,16.774155633083048
20,49,14.8000335856601
20,50,17.800261686120283
20,51,19.002616735571515
20,52,22.122957887064956
20,53,22.950874692425515
20,54,22.77870336082813
20,55,22.881791585862725
20,56,20.088303500396385
20,57,16.385004383053282
20,58,13.867551114729283
20,59,10.532804737757159
20,60,8.308472399746572
20,61,5.560073326889489
20,62,5.3525919145644245
20,63,6.280365576958727
20,64,7.695729277222633
20,65,10.825235924628586
20,66,13.436938539609262
20,67,12.891366939093546
20,68,12.218584268952627
20,69,10.07941959169829
20,70,13.044782964277038
20,71,13.034058322925455
20,72,16.75253206441749
20,73,19.77867763614411
20,74,22.876073408179145
20,75,24.115760588978638
20,76,21.37493407797307
20,77,18.15317762173027
20,78,15.238702074079207
20,79,14.370821619595686
20,80,11.53912692928964
20,81,11.0604393327554
20,82,8.761107378192381
20,83,9.672802424592627
21,1,26.374284411991596
21,2,23.763055000997944
21,3,23.465201364732952
21,4,20.909910691001954
21,5,19.85478115972829
21,6,22.096273991683788
21,7,20.493518651176416
21,8,17.915316051651132
21,9,14.425841799660569
21,10,14.096610752097872
21,11,11.072715227868597
21,12,10.58486255531342
21,13,7.801015865408763
21,14,5.631274017675796
21,15,5.5680439994850355
21,16,6.365909590587533
21,17,7.519931328107581
21,18,10.324002718288584
21,19,6.980098054386155
21,20,3.793540788837509
21,22,3.804628092848152
21,23,6.815631306799501
21,24,9.952320414704179
21,25,13.532359585902187
21,26,16.109895734119597
21,27,19.46344469438689
