1,2,3.790232160186892
1,3,6.8007000175627175
1,4,9.70462259503677
1,5,12.399299590643968
1,6,15.22391063934998
1,7,17.871384105660695
1,8,18.30149920217289
1,9,21.67440214074206
1,10,23.219817670739463
1,11,24.886225610356288
1,12,27.008098236074918
1,13,28.165450472019863
1,14,26.394773742568898
1,15,28.67949351852521
1,16,29.607038499299858
1,17,29.72490079411142
1,18,31.285016218478592
1,19,31.659587685331765
1,20,29.84964119932032
1,21,26.228966830013476
1,22,25.27107439500934
1,23,23.374198574316843
1,24,21.898936671401323
1,25,21.494390027582664
1,26,19.79529322039274
1,27,19.435684399501504
1,28,16.881080375946983
1,29,18.510573215947716
1,30,15.930235453880776
1,31,15.24561826887729
1,32,11.691596102272825
1,33,10.579834843173444
1,34,8.454910664826338
1,35,6.524451077962746
1,36,6.46188722129465
1,37,10.17317859789232
1,38,11.77203751314103
1,39,14.476309251627608
1,40,16.89830939249083
1,41,20.59428651349128
1,42,22.311302130470246
1,43,25.89794148961137
1,44,25.713032292186714
1,45,24.147035116972738
1,46,24.359696205545006
1,47,22.403761838677294
1,48,20.025055877971855
1,49,20.13965258802111
1,50,19.115128037478172
1,51,22.29758472533611
1,52,22.614825016544245
1,53,19.62227971353234
1,54,17.085820817338327
1,55,18.503826447223794
1,56,16.078170615458706
1,57,13.81228129551081
1,58,10.046349135793493
1,59,10.77421782133847
1,60,8.710433536970326
1,61,10.857824432195304
1,62,12.075640712524466
1,63,14.24861480076769
1,64,14.124643603563024
1,65,17.47052557878518
1,66,18.937695569060267
1,67,19.933448710848648
1,68,17.925635122836887
1,69,18.649016671077717
1,70,16.928632300344912
1,71,18.63587118375481
1,72,17.808021058442616
1,73,20.105468814160925
1,74,20.590795980294725
1,75,23.287510617854295
1,76,24.96459355391221
1,77,27.353517948265175
1,78,31.075599080173383
1,79,32.53817155876664
1,80,30.61540979109638
1,81,26.951143043775705
1,82,24.66872153118851
1,83,21.96148716878013
1,84,19.382513611255014
1,85,16.992654097679637
1,86,15.049026999850941
1,87,15.174136852254192
1,88,18.010093139513312
1,89,21.37057093359496
1,90,20.17255103066724
1,91,19.49856624894877
1,92,21.511022757109334
1,93,23.403829907627447
1,94,25.89913261673532
1,95,28.347084554641228
1,96,28.604213745411613
1,97,31.466949977622615
1,98,31.79156825334134
1,99,35.28023616253684
1,100,35.70856981722535
2,1,3.790232160186892
2,3,3.7975695661214446
2,4,6.79112920175675
2,5,8.883776774459914
2,6,12.047928218672471
2,7,14.934768541667104
2,8,15.929851341278168
2,9,19.53256863509861
2,10,21.48769414135287
2,11,23.46441117120212
2,12,25.798285288420487
2,13,26.88043681566593
2,14,25.40683397501135
2,15,28.07214743838995
2,16,29.268346156875523
2,17,29.864699905973865
2,18,31.784214867570224
2,19,32.048329025692055
2,20,29.84553791063629
2,21,26.311051018703733
2,22,24.93688783035251
2,23,23.118016963073188
2,24,21.17506141796839
2,25,20.698570053469467
2,26,18.484611886681513
2,27,17.91593251462881
2,28,14.983194806152198
2,29,16.15432492418413
2,30,13.42167667028194
2,31,13.130003353335766
2,32,9.456313882401515
2,33,9.474219374289824
2,34,8.272461838762402
2,35,5.448813745733872
2,36,5.87994351663297
2,37,8.909606446043068
2,38,9.887385208595514
2,39,13.226042368317442
2,40,15.786548708146809
2,41,19.40361229578143
2,42,20.7297783964586
2,43,24.17790934233458
2,44,23.6226999140578
2,45,21.66298090069159
2,46,21.73085896085731
2,47,20.176659621978228
2,48,17.9338054189719
2,49,18.642099141598056
2,50,18.08755412556832
2,51,21.471324824730086
2,52,22.253867507860022
2,53,19.70508155604732
2,54,17.278964047948097
2,55,19.279708903297674
2,56,16.987831691930857
2,57,15.443845409511258
2,58,11.664420959726861
2,59,11.482990920318398
2,60,9.333736215297474
2,61,10.617964709354775
2,62,12.554632855402708
2,63,14.079899885938314
2,64,13.349995664629654
2,65,16.265572565204746
2,66,17.180664494285978
2,67,18.386492744968375
2,68,16.976805898129097
2,69,17.971677099236874
2,70,16.56055038883797
2,71,18.545837519702115
2,72,17.72543592871817
2,73,20.224183590366618
2,74,20.52681002075833
2,75,23.355742709547126
2,76,24.501573349765795
2,77,26.857505073562503
2,78,30.506574490859617
2,79,31.557265640925568
2,80,29.27717155980268
2,81,25.51465033553783
2,82,22.931525919023255
2,83,20.386133078311808
2,84,17.377532394628208
2,85,14.915827816011578
2,86,12.37555784505879
2,87,12.012578273544209
2,88,14.551855720356377
2,89,17.87000756448973
2,90,16.852817173969225
2,91,16.518785096872687
2,92,18.91285215899437
2,93,21.104566624222695
2,94,23.95149080297889
2,95,26.548881357928177
2,96,27.271562670866302
2,97,30.36441504711172
2,98,31.127064792823123
2,99,34.72637054387695
2,100,35.55489874512509
3,1,6.8007000175627175
3,2,3.7975695661214446
3,4,3.8182763837276767
3,5,6.282633418564451
3,6,9.256850702477463
3,7,11.675976779738594
3,8,12.53330486794681
3,9,16.148139591740957
3,10,18.075053315575666
3,11,20.339479953713894
3,12,22.591441236264526
3,13,23.484132444478455
3,14,22.101975374142693
3,15,24.952023903601603
3,16,26.286944748214083
3,17,27.216868240142194
3,18,29.397164312506998
3,19,29.603555877509145
3,20,27.131587608172225
3,21,23.68558219867977
3,22,22.007279284158507
3,23,20.286270168567928
3,24,18.104087788177292
3,25,17.765685661713253
3,26,15.407666087208606
3,27,15.114678793254424
3,28,12.320244414021078
3,29,13.710150147274739
3,30,11.540655405262761
3,31,12.312224550585364
3,32,9.169396445683006
3,33,9.47984877961727
3,34,8.8689010507235
3,35,5.181928267561721
3,36,4.478288231874375
3,37,5.997775658572289
3,38,6.374586066525071
3,39,9.978571996950928
3,40,12.72114007755172
3,41,16.270072300443875
3,42,17.583511091420164
3,43,21.024236903997124
3,44,20.557529322803187
3,45,18.395604872011862
3,46,18.829462390071694
3,47,17.601311895479743
3,48,15.050711564343016
3,49,16.238300956091557
3,50,15.601225831504154
3,51,18.88217390443316
3,52,19.746142198845405
3,53,17.523046221947272
3,54,15.075284538541403
3,55,17.422380590404206
3,56,15.289282782475693
3,57,14.555043855482237
3,58,11.056421838830955
3,59,10.055747972329538
3,60,8.496499649675684
3,61,9.427332064163904
3,62,12.303566801215538
3,63,13.796945939850499
3,64,13.378667319364705
3,65,15.605742121317434
3,66,15.712386511300112
3,67,16.41802481217202
3,68,15.18152895126582
3,69,15.824600003523576
3,70,14.301034214623163
3,71,16.157550304446126
3,72,15.178727339713522
3,73,17.71854323115877
3,74,17.912463175205836
3,75,20.86686519788272
3,76,21.66044292798415
3,77,24.108573512729155
3,78,27.650874762846044
3,79,28.4337012246628
3,80,25.96446114525364
3,81,22.190114027826645
3,82,19.409921887309
3,83,16.851662084644435
3,84,13.725549439705551
3,85,11.195842105815116
3,86,8.58903918953491
3,87,8.463486152043185
3,88,11.381714202124291
3,89,14.638884170994542
3,90,13.42044520439981
3,91,12.805340272109037
3,92,15.126829193008469
3,93,17.325214292327775
3,94,20.228190184680784
3,95,22.894762340951274
3,96,23.80087062741173
3,97,27.01806476854939
3,98,28.03155155077573
3,99,31.699905025188365
3,100,32.78930972373653
4,1,9.70462259503677
4,2,6.79112920175675
4,3,3.8182763837276767
4,5,3.798523747563671
4,6,5.725927537679262
4,7,8.201042988103309
4,8,9.278729360019298
4,9,12.975981896789
4,10,15.34968221877589
4,11,17.457024734893082
4,12,20.08433580086907
4,13,21.310856593086548
4,14,20.478881379294
4,15,23.61338428966744
4,16,25.449350501257765
4,17,26.632351567952206
4,18,29.193979860947408
4,19,29.700158190199073
4,20,27.063781724450596
4,21,23.645399910410088
4,22,21.43658479914697
4,23,19.37379668935459
4,24,16.63810308349317
4,25,15.710261033535556
4,26,12.821452796544158
4,27,11.952143413681386
4,28,8.827296411772146
4,29,9.915947928861122
4,30,7.901018614659105
4,31,9.309698237062966
4,32,6.9386870772093845
4,33,7.684533993798517
4,34,8.122737683885212
4,35,5.061359884476538
4,36,5.658179753292633
4,37,5.482815978345528
4,38,6.458556435573631
4,39,9.974703676592963
4,40,13.261307522991956
4,41,16.626528278806084
4,42,18.056277358446792
4,43,21.3982820843154
4,44,21.02315206329206
4,45,18.399283727876533
4,46,19.25565008876161
4,47,18.7313804375061
4,48,15.999560761785915
4,49,17.86456273230446
4,50,17.139418766275107
4,51,20.116918400814228
4,52,20.84417814737003
4,53,18.873801227575097
4,54,16.149489248156964
4,55,18.346656717781087
4,56,15.936506934036311
4,57,15.908134232867644
4,58,12.687128093001922
4,59,10.528262983195024
4,60,8.607701942581913
4,61,7.975589887868161
4,62,11.056183616858625
4,63,11.786549339807094
4,64,11.210008256158916
4,65,12.713437356383496
4,66,12.260075011412386
4,67,12.937390108841042
4,68,12.196756014018614
4,69,13.200868861740918
4,70,12.370212085389275
4,71,14.774882938152976
4,72,14.476924690999386
4,73,17.484954276129514
4,74,18.152086127098553
4,75,21.44434025096874
4,76,22.021297055987304
4,77,24.76300644726122
4,78,28.09499351037596
4,79,28.52210278986603
4,80,25.789765698093987
4,81,22.082848599843125
4,82,18.8828369264243
4,83,16.100220110444717
4,84,12.93700856000943
4,85,9.753848851550314
4,86,6.708766395869833
4,87,7.46361452405622
4,88,10.288024867922402
4,89,12.854560209380951
4,90,10.875572587641365
4,91,10.850598508274484
4,92,12.942092658634174
4,93,15.712307948655475
4,94,18.653082041957614
4,95,21.739138174426024
4,96,23.001549253663807
4,97,26.472772864900953
4,98,27.834372196551012
4,99,31.606158481644393
4,100,32.97118281686264
5,1,12.399299590643968
5,2,8.883776774459914
5,3,6.282633418564451
5,4,3.798523747563671
5,6,3.8094368737386493
5,7,7.062405471573788
5,8,9.58313325459823
5,9,13.316805373923215
5,10,16.245847401614554
5,11,18.60076849984744
5,12,21.407679928505374
5,13,22.508551476182507
5,14,22.086721586903835
5,15,25.494145957530037
5,16,27.50209706899028
5,17,29.082307013884233
5,18,31.838356812383758
5,19,32.18419174787892
5,20,29.286217749246877
5,21,26.073833723079034
5,22,23.63631911961783
5,23,21.797844244541935
5,24,18.78829626926389
5,25,17.83471406475685
5,26,14.554788674215681
5,27,13.346160433586675
5,28,9.96109950235276
5,29,9.735989973467783
5,30,7.49887079213818
5,31,9.25448359205149
5,32,7.3496142792168815
5,33,9.653811886165375
5,34,10.862917927101071
5,35,8.378212937724863
5,36,9.359075883592535
5,37,8.857992285963931
5,38,8.648537133922218
5,39,12.169567430921752
5,40,15.046787072149442
5,41,17.99026645181549
5,42,18.743765208116688
5,43,21.687769884230256
5,44,20.739683867895362
5,45,17.694083591948562
5,46,18.147419295931165
5,47,18.201433401218203
5,48,15.983122451619675
5,49,18.387411342657124
5,50,18.373635320686986
5,51,21.449849228374784
5,52,22.69775169183382
5,53,21.220309790901815
5,54,18.868860174894213
5,55,21.41347913873757
5,56,19.291211184624874
5,57,19.47775825344052
5,58,16.32223114485742
5,59,14.20851883003589
5,60,12.38505108467841
5,61,11.339671102239336
5,62,14.17465197932217
5,63,14.126900858305417
5,64,12.742706724213404
5,65,13.636796797130662
5,66,12.61980712272742
5,67,13.804551156889064
5,68,14.073575225005252
5,69,15.483453613607944
5,70,15.19139889758798
5,71,17.665871392860424
5,72,17.394233347206008
5,73,20.299667074132238
5,74,20.68073134842456
5,75,23.83473860414259
5,76,23.888060561335283
5,77,26.392188238026705
5,78,29.567953661231716
5,79,29.57554092791491
5,80,26.53667017932545
5,81,22.844729339380734
5,82,19.46517123700371
5,83,17.15121894272701
5,84,13.62662523081256
5,85,10.78533855090198
5,86,7.056026665490958
5,87,6.404265805854789
5,88,7.931855074851014
5,89,10.171601723364619
5,90,8.652026507962656
5,91,9.72044035795062
5,92,12.521857843619214
5,93,15.680153721514507
5,94,19.032957404205433
5,95,22.159935426756164
5,96,23.977767410282684
5,97,27.570059111371357
5,98,29.34957114704142
5,99,33.11496692295493
5,100,34.822166347161335
6,1,15.22391063934998
6,2,12.047928218672471
6,3,9.256850702477463
6,4,5.725927537679262
6,5,3.8094368737386493
6,7,3.7790715538704367
6,8,6.802290915472714
6,9,10.293914455466773
6,10,13.622750758766063
6,11,15.730020945096308
6,12,18.813936317706336
6,13,20.207358181574005
6,14,20.357686727035144
6,15,23.921950079844258
6,16,26.350087267309565
6,17,28.117398273227142
6,18,31.163005185544556
6,19,31.787975442050605
6,20,28.81398939430756
6,21,25.696887358717955
6,22,22.854872470570996
6,23,20.769206325412306
6,24,17.386808341764354
6,25,15.934766219920785
6,26,12.32427407849954
6,27,10.598387600048746
6,28,7.225412882451854
6,29,6.2977634142443
6,30,4.987919448589244
6,31,8.003057924244784
6,32,7.790375515958654
6,33,9.920077681418983
6,34,11.724580548365124
6,35,9.963323298495204
6,36,11.10788019638755
6,37,9.661704421519271
6,38,9.853924991507341
6,39,12.700457120930377
6,40,15.794173373434614
6,41,18.441776074449084
6,42,19.39797225140198
6,43,22.20199302263944
6,44,21.536338405918823
6,45,18.264869219002556
6,46,19.280241007852915
6,47,19.882357474545973
6,48,17.444845957788296
6,49,20.205869676686277
6,50,19.915232180681986
6,51,22.572906135421842
6,52,23.548958197363486
6,53,22.264072245511443
6,54,19.721102697333297
6,55,22.01613900617875
6,56,19.7585339748884
6,57,20.518715999175154
6,58,17.71997827500162
6,59,14.927425052110092
6,60,13.177899318603503
6,61,11.208251319746962
6,62,13.95291109658609
6,63,13.309807815953807
6,64,12.097436115235276
6,65,11.919633060685259
6,66,9.99570726193286
6,67,10.859241279084275
6,68,11.82410419179594
6,69,13.384324640495716
6,70,13.794769166484164
6,71,16.509900284945008
6,72,16.830650779181095
6,73,19.960477083607543
6,74,20.74838899970696
6,75,24.098119557251103
6,76,24.011118064564485
6,77,26.758635806150554
6,78,29.681387737056394
6,79,29.40742410951656
6,80,26.230643889015248
6,81,22.72210712637644
6,82,19.086063771295102
6,83,16.609699597087232
6,84,13.38368174775204
6,85,10.206167835806195
6,86,6.864589235052851
6,87,7.530485410048901
6,88,8.758871425391286
6,89,9.686944053132402
6,90,6.995939526561416
6,91,8.750613881518776
6,92,10.83313125230582
6,93,14.412288316130939
6,94,17.566104452729828
6,95,21.0152985297771
6,96,23.068770606090105
6,97,26.79912900965185
6,98,28.82732672102432
6,99,32.62060377707762
6,100,34.52447713144962
7,1,17.871384105660695
7,2,14.934768541667104
7,3,11.675976779738594
7,4,8.201042988103309
7,5,7.062405471573788
7,6,3.7790715538704367
7,8,3.7830341424727063
7,9,6.8724845475003775
7,10,10.322778218734978
7,11,12.666436529134385
7,12,15.643296984867783
7,13,16.892948831199266
7,14,17.398221989090995
7,15,21.08734955148632
7,16,23.733425269675422
7,17,25.798538078657522
7,18,29.06412124981745
7,19,29.72969834561074
7,20,26.616024662337907
7,21,23.727833455817024
7,22,20.587119185542463
7,23,18.594278084849474
7,24,15.011735808526439
7,25,13.580641456196243
7,26,9.914474978621316
7,27,8.545778250808837
7,28,6.176202202002392
7,29,5.661689110215723
7,30,6.746357464456367
7,31,10.444249185003029
7,32,11.020574651872154
7,33,12.471090692832336
7,34,14.153046890862502
7,35,12.36984020427627
7,36,12.781546282305085
7,37,10.281429701445415
7,38,10.095022153639938
7,39,11.95739739349748
7,40,14.837879524718998
7,41,16.96645080719924
7,42,17.982156246637285
7,43,20.55995558981385
7,44,20.22561809686919
7,45,16.908960208741608
7,46,18.54545659882744
7,47,19.560383132782334
7,48,16.917415485029405
7,49,19.931019367399923
7,50,19.411413897525
7,51,21.57258866932257
7,52,22.376707975065397
7,53,21.47936549202695
7,54,19.03497742810618
7,55,21.264199057670634
7,56,19.25737180316907
7,57,20.697170580435838
7,58,18.45668285942951
7,59,15.324527307538123
7,60,14.291993813403971
7,61,12.228917931769997
7,62,15.193100888527278
7,63,14.679182526789655
7,64,14.176288000243659
7,65,13.291418518102065
7,66,10.561183451833896
7,67,10.220345873898543
7,68,11.409775011227474
7,69,12.254274029933656
7,70,12.746315173505668
7,71,15.080222201295397
7,72,15.48261432496029
7,73,18.45641543095677
7,74,19.283824420217716
7,75,22.604738387035145
7,76,22.2007155510916
7,77,25.0211569102217
7,78,27.64735666304383
7,79,27.08024913972937
7,80,23.80898410085684
7,81,20.518657365415567
7,82,16.75384038987776
7,83,14.306832398290249
7,84,11.467070161694263
7,85,8.409121991904485
7,86,6.0548297519386045
7,87,7.787009701640925
7,88,8.945002439116681
7,89,8.864944479980737
7,90,5.229058506677698
7,91,6.702079520370058
7,92,7.774577165919245
7,93,11.50567813942423
7,94,14.438778194929906
7,95,18.03707060525129
7,96,20.284129752335627
7,97,24.07023582008783
7,98,26.33540197444885
7,99,30.099344244770943
7,100,32.21845107649525
8,1,18.30149920217289
8,2,15.929851341278168
8,3,12.53330486794681
8,4,9.278729360019298
8,5,9.58313325459823
8,6,6.802290915472714
8,7,3.7830341424727063
8,9,3.7762723579750013
8,10,6.82340066546257
8,11,9.219971565466187
8,12,12.068815585751906
8,13,13.440376074999682
8,14,13.879723259897881
8,15,17.51033095972345
8,16,20.270927779236178
8,17,22.247473587002457
8,18,25.576172975489865
8,19,26.453748254468568
8,20,23.44062041840586
8,21,20.5380898575122
8,22,17.273783616790553
8,23,15.061833890941525
8,24,11.391727596671462
8,25,9.823168170503731
8,26,6.189353130526161
8,27,5.52883810263114
8,28,4.657336571536291
8,29,6.209973593592418
8,30,8.426196121932662
8,31,12.02938085468337
8,32,12.71106128942061
8,33,13.08580465830383
8,34,14.341430077021423
8,35,12.62602523153121
8,36,12.39006012055282
8,37,9.223652207923312
8,38,9.450981908463534
8,39,10.231870281179775
8,40,13.208121557522158
8,41,15.215398184390734
8,42,16.857760517567204
8,43,19.5891786792781
8,44,19.96121716165489
8,45,17.016559585099053
8,46,19.29433038717939
8,47,20.075757925146355
8,48,16.97053417655381
8,49,19.709589479723597
8,50,18.52118225104404
8,51,20.206687800873574
8,52,20.441448063054423
8,53,19.474545569771717
8,54,16.830910308338538
8,55,18.666625078521708
8,56,16.649091348951977
8,57,18.55852931454494
8,58,16.8616784774043
8,59,13.439394969428095
8,60,13.032077540645906
8,61,11.036101516579771
8,62,14.11068562389829
8,63,14.09427585729422
8,64,14.57695083493589
8,65,13.622734525840658
8,66,10.908169752173446
8,67,9.271087070671694
8,68,9.684121228013835
8,69,9.483795246311624
8,70,9.691126841469671
8,71,11.679364427735038
8,72,12.286677547971118
8,73,15.279439986876463
8,74,16.468546842489864
8,75,19.9106225191305
8,76,19.696358576361742
8,77,22.801017486463003
8,78,25.325049912883006
8,79,24.899944530717676
8,80,21.831040406527062
8,81,18.69916264383343
8,82,15.001427396493582
8,83,12.083311671865692
8,84,9.986391375080007
8,85,6.674532788502703
8,86,6.068713359837668
8,87,9.218265330281195
8,88,11.233180894704233
8,89,11.324989249319632
8,90,7.639410925383502
8,91,7.389156388573194
8,92,6.717534673843542
8,93,9.949749239427721
8,94,12.181945663294185
8,95,15.903229963846384
8,96,17.752639205625385
8,97,21.499734593706812
8,98,23.58040662408098
8,99,27.348727984112017
8,100,29.340871973105333
9,1,21.67440214074206
9,2,19.53256863509861
9,3,16.148139591740957
9,4,12.975981896789
9,5,13.316805373923215
9,6,10.293914455466773
9,7,6.8724845475003775
9,8,3.7762723579750013
9,10,3.780106408316671
9,11,6.001381087957512
9,12,8.892320078053402
9,13,10.47803689910519
9,14,11.749409835784077
9,15,15.398139172712101
9,16,18.565984251011425
9,17,20.76243789989221
9,18,24.32773462696251
9,19,25.441480037878264
9,20,22.43117830294123
9,21,19.848673621793957
9,22,16.275503898363134
9,23,14.026787178581893
9,24,10.239915103260389
9,25,8.353931639885609
9,26,5.1450606545925694
9,27,5.077270295899608
9,28,6.53866799045634
9,29,7.948111871951593
9,30,11.128325077472798
9,31,14.673384106069474
9,32,15.94068652976597
9,33,16.013631806798603
9,34,17.273421482526913
9,35,15.907269977674199
9,36,15.52494194022462
9,37,12.154358419657768
9,38,12.407202779359874
9,39,12.216898583226632
9,40,14.74791418341278
9,41,16.090352345519655
9,42,17.860560370783123
9,43,20.24149724319978
9,44,21.03862034800638
9,45,18.255620514044068
9,46,20.993342702990756
9,47,22.074866550333102
9,48,18.93481900438304
9,49,21.692335432162302
9,50,20.262684365694696
9,51,21.342591667950437
9,52,21.224366750266125
9,53,20.583926740167325
9,54,18.044029382543965
9,55,19.486606267766444
9,56,17.674430485628733
9,57,20.12858189235316
9,58,19.032534881904247
9,59,15.467770928319803
9,60,15.506483031141892
9,61,13.389770686110205
9,62,16.112257310864138
9,63,15.972909074452518
9,64,16.88741947354867
9,65,15.33039432548694
9,66,12.257734318914519
9,67,9.703400904882542
9,68,10.352126651039312
9,69,9.417469377286219
9,70,10.071959237804226
9,71,11.494129872450342
9,72,12.564603619155868
9,73,15.266510717419669
9,74,16.73128037354137
9,75,20.05594897548016
9,76,19.651822251077444
9,77,22.843149233431067
9,78,24.933134205542697
9,79,24.237112871503058
9,80,21.218430568631216
9,81,18.544838183869103
9,82,14.940953048270698
9,83,12.135429664369566
9,84,11.08096444546742
9,85,8.502115087893815
9,86,9.21323470342187
9,87,12.388592106186932
9,88,14.068784772853416
9,89,13.448125871977066
9,90,9.810291158194932
9,91,9.360131143364285
9,92,7.149654020579249
9,93,9.681959424651714
9,94,10.907372761206862
9,95,14.692203458029113
9,96,16.56982969027732
9,97,20.242316765330322
9,98,22.48780933149092
9,99,26.137778834191575
9,100,28.283593921441412
10,1,23.219817670739463
10,2,21.48769414135287
10,3,18.075053315575666
10,4,15.34968221877589
10,5,16.245847401614554
10,6,13.622750758766063
10,7,10.322778218734978
10,8,6.82340066546257
10,9,3.780106408316671
10,11,3.7837047831847093
10,12,5.450838070346065
10,13,6.777923228721103
10,14,8.123350166528565
10,15,11.708782663174283
10,16,15.015122203015533
10,17,17.283854974727642
10,18,20.939938501310575
10,19,22.166751429488144
10,20,19.223108110263947
10,21,16.851824445398275
10,22,13.156455753902058
10,23,10.965754538104807
10,24,7.315205102088903
10,25,5.834192906906087
10,26,4.323090167221674
10,27,6.446740663702148
10,28,9.172373531647208
10,29,11.345463054371361
10,30,14.467899879794755
10,31,17.830247466623064
10,32,18.892397811423155
10,33,18.42949279203105
10,34,19.26278237807172
10,35,17.813176736430236
10,36,16.810692367524744
10,37,13.214042265690768
10,38,13.39494159898152
10,39,12.101705500882979
10,40,14.100818320491204
10,41,14.906504704802988
10,42,17.061938359475093
10,43,19.320078211955966
10,44,20.767230495266325
10,45,18.495682199290567
10,46,21.675889768753603
10,47,22.57996558165322
10,48,19.25051349875535
10,49,21.672227386446618
10,50,19.770738086381265
10,51,20.219736233120013
10,52,19.581148857391675
10,53,19.121341125747662
10,54,16.716294446968632
10,55,17.739759846418504
10,56,16.29469314190229
10,57,19.254346385403483
10,58,18.88664108978024
10,59,15.43863959669676
10,60,16.279852180614064
10,61,14.660482076808671
10,62,17.33644846545562
10,63,17.755414320202913
10,64,19.309856853614914
10,65,17.92517975856927
10,66,15.135956390332321
10,67,12.050038640779773
10,68,11.872027663972597
10,69,9.738613211807367
10,70,9.670280635801385
10,71,9.864159521107256
10,72,10.819873121920356
10,73,12.967625466653445
10,74,14.575188310388883
10,75,17.719670127513783
10,76,17.32430744007432
10,77,20.628092105568946
10,78,22.433313922616694
10,79,21.793319945444654
10,80,19.06111212901258
10,81,16.768632306140944
10,82,13.513175377701659
10,83,10.625621399657192
10,84,10.804998465327573
10,85,8.986582463983458
10,86,11.039413109725297
10,87,14.44897277780393
10,88,16.42960102423717
10,89,15.967560691017479
10,90,12.641048976335608
10,91,11.235322993442113
10,92,8.12673704825772
10,93,9.182185230176517
10,94,9.073458394266394
10,95,12.613481480432055
10,96,13.954214604464502
10,97,17.431385081871827
10,98,19.50637168777192
10,99,23.06488170454825
10,100,25.137079416779837
11,1,24.886225610356288
11,2,23.46441117120212
11,3,20.339479953713894
11,4,17.457024734893082
11,5,18.60076849984744
11,6,15.730020945096308
11,7,12.666436529134385
11,8,9.219971565466187
11,9,6.001381087957512
11,10,3.7837047831847093
11,12,3.8091879999617473
11,13,7.026750540222083
11,14,9.130841404635774
11,15,12.021821535504722
11,16,15.646534276688318
11,17,17.46246791929648
11,18,21.115785015274696
11,19,22.930146605325568
11,20,20.401609468800785
11,21,18.080594694494756
11,22,14.462056237305017
11,23,11.727415820830318
11,24,8.434673214179151
11,25,5.700607915816133
11,26,5.184337369062867
11,27,6.347978279693927
11,28,9.926225897225246
11,29,12.009127679773945
11,30,15.413593434132574
11,31,18.402376894591033
11,32,19.965181089392168
11,33,19.075587255848447
11,34,19.953699307168463
11,35,19.174809619143417
11,36,18.545415752645887
11,37,15.254877717192622
11,38,16.185360254257844
11,39,14.942104990768694
11,40,17.160949140235644
11,41,18.09047131597928
11,42,20.53085265155672
11,43,22.817964879734106
11,44,24.450488406362073
11,45,22.26460892821838
11,46,25.45656755532798
11,47,26.293649868505778
11,48,22.896490252880444
11,49,25.16520105927254
11,50,23.028898500890964
11,51,23.351464635743977
11,52,22.30337462244875
11,53,21.574066087786846
11,54,18.90106531784765
11,55,19.259464434201796
11,56,17.468053645795827
11,57,20.41125782158216
11,58,20.256703365241172
11,59,16.648492948684748
11,60,17.25616311713532
11,61,15.222061294049578
11,62,17.205321733088578
11,63,17.3230018127453
11,64,19.23606920198054
11,65,17.44974552161586
11,66,14.766993884178818
11,67,11.191028531355526
11,68,10.956225551884167
11,69,8.5929841798166
11,70,9.4647235824043
11,71,9.809589126859464
11,72,11.884981218297831
11,73,14.167527036839294
11,74,16.487178943728534
11,75,19.6752133659748
11,76,19.712645691126752
11,77,23.17663097606579
11,78,24.81528692072228
11,79,24.322152450247582
11,80,21.888172994957138
11,81,19.89553851538758
11,82,16.891503642140332
11,83,13.942380668419794
11,84,14.412525793678089
11,85,12.371232785790703
11,86,14.17919740239104
11,87,17.720615411032355
11,88,19.780153725005178
11,89,19.263600974600767
11,90,15.738724886884398
11,91,14.776643948474302
11,92,11.828241233203721
11,93,12.892897369561181
11,94,12.309756116635146
11,95,15.56249287270873
11,96,16.48705042464125
11,97,19.642546699915354
11,98,21.419615457123946
11,99,24.792999699168714
11,100,26.62778423241414
12,1,27.008098236074918
12,2,25.798285288420487
12,3,22.591441236264526
12,4,20.08433580086907
12,5,21.407679928505374
12,6,18.813936317706336
12,7,15.643296984867783
12,8,12.068815585751906
12,9,8.892320078053402
12,10,5.450838070346065
12,11,3.8091879999617473
12,13,3.77246162382814
12,14,6.333821259106834
12,15,8.709633803952318
12,16,12.47134789883127
12,17,14.460361078011308
12,18,18.197784399619128
12,19,20.04508110308438
12,20,17.593374070262456
12,21,15.731416310898924
12,22,12.124948935786584
12,23,9.82739163553151
12,24,7.347379898606771
12,25,5.966867424985699
12,26,7.448662672719963
12,27,9.755737697004625
12,28,13.322991562892167
12,29,15.665609645641547
12,30,18.95799623107824
12,31,21.97797166019898
12,32,23.268700800251963
12,33,22.211325691838127
12,34,22.78320410971638
12,35,21.75131794146104
12,36,20.581439214247897
12,37,17.145443690410605
12,38,17.71718222297579
12,39,15.706228405516745
12,40,17.224236638171217
12,41,17.49174386353828
12,42,20.028172897564016
12,43,22.008405697696084
12,44,24.12488641114339
12,45,22.414684790672613
12,46,25.897398613621338
12,47,26.66412643017512
12,48,23.25279499887435
12,49,25.25060222548306
12,50,22.858020532829176
12,51,22.56287587098366
12,52,21.144127772270345
12,53,20.763826799270753
12,54,18.46126250639688
12,55,18.50136242286835
12,56,17.309980332608607
12,57,20.654679636497715
12,58,21.164873366241014
12,59,17.866597302845975
12,60,19.18048134335881
12,61,17.720114656649965
12,62,19.781712327742287
12,63,20.378952878329578
12,64,22.579001031095164
12,65,21.023476691559924
12,66,18.49864428260208
12,67,14.88815352808297
12,68,14.233935607280626
12,69,11.309033964031645
12,70,11.280500357890896
12,71,10.282846585035218
12,72,11.806400001295344
12,73,13.130467505859507
12,74,15.300656585014755
12,75,18.03331834800779
12,76,17.925868717938343
12,77,21.29625976463547
12,78,22.504995111013443
12,79,21.97365857473635
12,80,19.88034449109539
12,81,18.42099211541523
12,82,15.932765100868316
12,83,13.295541320717154
12,84,14.75723884412451
12,85,13.560207578621256
12,86,16.132424534773183
12,87,19.640493518606604
12,88,21.752591636600457
12,89,21.25637523650875
12,90,18.03079923132464
12,91,16.451304060343993
12,92,13.054799011198165
12,93,13.007063255920668
12,94,11.328461893548091
12,95,13.932499379715642
12,96,14.290515312736465
12,97,17.031780750940374
12,98,18.642875161516596
12,99,21.791769231159908
12,100,23.600462800864456
13,1,28.165450472019863
13,2,26.88043681566593
13,3,23.484132444478455
13,4,21.310856593086548
13,5,22.508551476182507
13,6,20.207358181574005
13,7,16.892948831199266
13,8,13.440376074999682
13,9,10.47803689910519
13,10,6.777923228721103
13,11,7.026750540222083
13,12,3.77246162382814
13,14,3.8186456389900565
13,15,6.338648946928569
13,16,9.969884726299014
13,17,12.696790238967694
13,18,16.502479123890605
13,19,17.831736207523278
13,20,15.057807448986111
13,21,13.732020043204876
13,22,10.0856992956545
13,23,8.938354233067082
13,24,7.191172925490252
13,25,7.758209428428432
13,26,9.509970809547006
13,27,12.44085368606296
13,28,15.653739813598657
13,29,18.03744036862183
13,30,21.179208411250556
13,31,24.42198958642871
13,32,25.356391914262336
13,33,24.495436626448228
13,34,24.91828816365335
13,35,23.3883820219962
13,36,21.72830571075301
13,37,18.096071047305973
13,38,17.94901484507431
13,39,15.425428205323422
13,40,16.11823666742217
13,41,15.600988051310377
13,42,17.88503419393545
13,43,19.423218642935947
13,44,21.80683911455255
13,45,20.473449369541004
13,46,24.144864494164477
13,47,24.973033711671707
13,48,21.7021047884595
13,49,23.586421981919703
13,50,21.225408869529772
13,51,20.439700118707442
13,52,19.039450516342164
13,53,19.263036835862934
13,54,17.566231499315045
13,55,17.839211506928628
13,56,17.42369439422302
13,57,21.014693399823358
13,58,21.83773706000648
13,59,18.90031942711781
13,60,20.74098914301684
13,61,19.811779748832837
13,62,22.26998372071895
13,63,23.209923061673045
13,64,25.32355243234152
13,65,24.018855528603897
13,66,21.43105212491698
13,67,17.99914790443255
13,68,17.310866462379913
13,69,14.312140530047692
13,70,13.542404478314095
13,71,11.845710053535836
13,72,12.237251118255264
13,73,12.604002389049306
13,74,13.980283244410295
13,75,16.145500660286945
13,76,15.44586728374378
13,77,18.52672212911308
13,78,19.355346314535414
13,79,18.545472043891397
13,80,16.511944667025123
13,81,15.462798798854422
13,82,13.3686665180881
13,83,11.322261632760652
13,84,13.531247948111776
13,85,13.338057013944814
13,86,16.440974554829154
13,87,19.669562670407412
13,88,21.617530247844932
13,89,21.068153884728495
13,90,18.29432448192781
13,91,16.16561614587013
13,92,12.501523881018489
13,93,11.383682140454372
13,94,8.813868157017533
13,95,10.754302540599912
13,96,10.9078369472844
13,97,13.4744919567202
13,98,15.305799718199944
13,99,18.376498391194737
13,100,20.467370455954985
14,1,26.394773742568898
14,2,25.40683397501135
14,3,22.101975374142693
14,4,20.478881379294
14,5,22.086721586903835
14,6,20.357686727035144
14,7,17.398221989090995
14,8,13.879723259897881
14,9,11.749409835784077
14,10,8.123350166528565
14,11,9.130841404635774
14,12,6.333821259106834
14,13,3.8186456389900565
14,15,3.80234571560571
14,16,6.968929516906406
14,17,9.713686721435197
14,18,13.46005614659968
14,19,14.517740509296758
14,20,11.618839272603731
14,21,9.994039079019299
14,22,6.291811691275061
14,23,5.568205790294458
14,24,4.825444271194242
14,25,7.183062289693272
14,26,9.647216009237637
14,27,13.209283716769864
14,28,16.119704980191628
14,29,19.013405322900937
14,30,21.704487934597427
14,31,24.822188310600747
14,32,25.202909835350873
14,33,24.109564074937595
14,34,24.119553074443218
14,35,22.281229911128953
14,36,20.104456960786507
14,37,16.556838447041446
14,38,16.23516294462808
14,39,13.184588231001163
14,40,13.400527036477078
14,41,12.74273984506428
14,42,15.421256793073571
14,43,17.19893366160056
14,44,19.942740207927184
14,45,19.08099880060054
14,46,22.763859228695807
14,47,23.077949558286633
14,48,19.670552936973703
14,49,21.07107127788801
14,50,18.360853191098215
14,51,17.333546032133235
14,52,15.568513573312034
14,53,15.716845857917724
14,54,14.178469917205554
14,55,14.323565888530121
14,56,14.354287048608102
14,57,18.057760857594364
14,58,19.25838666378487
14,59,16.7418297450835
14,60,19.13697131285548
14,61,18.896259107024996
14,62,21.534549331568122
14,63,23.07208014276515
14,64,25.37572908564188
14,65,24.6365164561705
14,66,22.428958728446116
14,67,19.145403046476932
14,68,17.823386543158044
14,69,14.531236232947878
14,70,12.773573507805358
14,71,10.277038508540151
14,72,9.68068979299264
14,73,9.248594472104804
14,74,10.335718726875877
14,75,12.358249263462339
14,76,11.883535387798128
14,77,15.140946615110087
14,78,16.2230999281782
14,79,15.940793687125456
14,80,14.23360470963213
14,81,13.034526883493951
14,82,11.355258214501506
14,83,9.086582724694964
14,84,11.862282927342113
14,85,12.098198998945511
14,86,15.625273760282012
14,87,18.815504595011046
14,88,21.151341324188394
14,89,21.20385867590624
14,90,18.670149367807387
14,91,15.948297035346359
14,92,12.56163690626507
14,93,10.877989662011945
14,94,8.210472718460867
14,95,9.613018834282565
14,96,8.707353442492797
14,97,11.17034104411387
14,98,12.43224919749676
14,99,15.73340047474164
14,100,17.506062981485968
15,1,28.67949351852521
15,2,28.07214743838995
15,3,24.952023903601603
15,4,23.61338428966744
15,5,25.494145957530037
15,6,23.921950079844258
15,7,21.08734955148632
15,8,17.51033095972345
15,9,15.398139172712101
15,10,11.708782663174283
15,11,12.021821535504722
15,12,8.709633803952318
15,13,6.338648946928569
15,14,3.80234571560571
15,16,3.796312314319132
15,17,6.432861061660701
15,18,10.216464134403305
15,19,11.60425637134332
15,20,9.215317488896037
15,21,8.320986576155263
15,22,5.433948608231956
15,23,5.679885404618838
15,24,7.151999336653328
15,25,9.630169094926488
15,26,12.771375603223543
15,27,16.317228372293627
15,28,19.382168255639446
15,29,22.44040107989997
15,30,25.08618300523986
15,31,28.03168139343963
15,32,28.33738684262958
15,33,26.928056608734426
15,34,26.68324794800286
15,35,24.955978305241715
15,36,22.580067503512346
15,37,19.255914945229577
15,38,19.08349780235461
15,39,15.7455288614592
15,40,15.527446632129696
15,41,14.534767203822577
15,42,17.33485521666563
15,43,18.870731046280557
15,44,22.021880644524035
15,45,21.699868467838694
15,46,25.411008579362765
15,47,25.461504204688246
15,48,22.09990128906919
15,49,23.0127534161919
15,50,20.0087146190875
15,51,18.423594778130052
15,52,16.052279541081205
15,53,16.27481073391895
15,54,15.080862751932687
15,55,14.443240115876502
15,56,14.979638892495922
15,57,18.74672340284134
15,58,20.613302742697492
15,59,18.499366982628963
15,60,21.242526644607924
15,61,21.327824413924155
15,62,23.6880439597495
15,63,25.49312067348289
15,64,28.109685674240843
15,65,27.49305269691694
15,66,25.51745499227808
15,67,22.110259970395045
15,68,20.460323270146045
15,69,16.910003567874583
15,70,14.950201373309318
15,71,11.850705785217553
15,72,11.155249063765384
15,73,9.681773852044044
15,74,10.762622496515727
15,75,11.952425933913691
15,76,11.840925869429425
15,77,14.878373258408388
15,78,15.424718997316864
15,79,15.518370503734403
15,80,14.688952584896974
15,81,14.249239890949685
15,82,13.512190692583493
15,83,11.698492194590413
15,84,14.897060486518821
15,85,15.414276700009488
15,86,19.035577227211725
15,87,22.193062552572663
15,88,24.64995177157369
15,89,24.845606352178947
15,90,22.410323188218577
15,91,19.5621917706753
15,92,16.246300435934902
15,93,14.24482583414175
15,94,11.23846568495842
15,95,11.608458061987976
15,96,9.587400467059602
15,97,10.807944929821561
15,98,11.102561367546969
15,99,13.892030152067804
15,100,15.174129096376227
16,1,29.607038499299858
16,2,29.268346156875523
16,3,26.286944748214083
16,4,25.449350501257765
16,5,27.50209706899028
16,6,26.350087267309565
16,7,23.733425269675422
16,8,20.270927779236178
16,9,18.565984251011425
16,10,15.015122203015533
16,11,15.646534276688318
16,12,12.47134789883127
16,13,9.969884726299014
16,14,6.968929516906406
16,15,3.796312314319132
16,17,3.7918985225041806
16,18,7.154860522515637
16,19,7.934883544211113
16,20,5.5880108249885145
16,21,5.692506691633855
16,22,4.488939959751968
16,23,6.7028818059218755
16,24,9.480913965178264
16,25,12.547324326985342
16,26,15.736141116216409
16,27,19.416637008684166
16,28,22.230306148826788
16,29,25.452549057997707
16,30,27.822037340936717
16,31,30.682766320891115
16,32,30.616340613585443
16,33,29.104659855220802
16,34,28.55927743811304
16,35,26.610772248603975
16,36,23.850729109088302
16,37,20.73765570142432
16,38,20.305751310945833
16,39,16.672370250833694
16,40,15.721563981053109
16,41,14.259640934880197
16,42,17.01618890021408
16,43,18.309952740167592
16,44,21.799417682345485
16,45,22.12504564687317
16,46,25.761177090762473
16,47,25.433797467054937
16,48,22.204539535045402
16,49,22.539123437983655
16,50,19.34755899988025
16,51,17.20861627446085
16,52,14.406321270162147
16,53,14.907051625857573
16,54,14.407882594265494
16,55,13.45575373142573
16,56,14.872323041014456
16,57,18.54305218221255
16,58,20.91325709053323
16,59,19.439052815201023
16,60,22.6051043638026
16,61,23.27416331102488
16,62,25.677049183074004
16,63,27.87256138360577
16,64,30.573283948836753
16,65,30.313194548117146
16,66,28.557232019747662
16,67,25.274125751018072
16,68,23.34704894741999
16,69,19.738622931262302
16,70,17.293440810163656
16,71,13.828132821173769
16,72,12.340976067198996
16,73,9.759604610862032
16,74,9.963934612194608
16,75,9.960261327941645
16,76,9.95117211030093
16,77,12.567954188595793
16,78,12.747519798609407
16,79,13.399356034757146
16,80,13.446287638845025
16,81,13.536631687964734
16,82,13.79049937600217
16,83,12.525358229759897
16,84,16.05249820226387
16,85,17.13457369549164
16,86,20.88411285170879
16,87,23.782703383600676
16,88,26.322103549700213
16,89,26.822734682271207
16,90,24.72111432627659
16,91,21.541832386579458
16,92,18.47782526245386
16,93,16.015372669506267
16,94,12.965689740758908
16,95,12.380803475433087
16,96,9.360603750700191
16,97,9.385237451785123
16,98,8.461919176131575
16,99,10.90040071064327
16,100,11.640039448882074
17,1,29.72490079411142
17,2,29.864699905973865
17,3,27.216868240142194
17,4,26.632351567952206
17,5,29.082307013884233
17,6,28.117398273227142
17,7,25.798538078657522
17,8,22.247473587002457
17,9,20.76243789989221
17,10,17.283854974727642
17,11,17.46246791929648
17,12,14.460361078011308
17,13,12.696790238967694
17,14,9.713686721435197
17,15,6.432861061660701
17,16,3.7918985225041806
17,18,3.807368492666666
17,19,6.053390801437747
17,20,5.588031911774959
17,21,5.418594172344478
17,22,6.034220156363329
17,23,7.401283874197466
17,24,10.912788003592887
17,25,13.666355327525093
17,26,17.19420429458349
17,27,20.763937270053937
17,28,23.582392838741676
17,29,27.035772308763907
17,30,29.213415202946816
17,31,31.756194241872056
17,32,31.564150329099903
17,33,29.647142845026124
17,34,28.80763554876594
17,35,27.102197201268602
17,36,24.295238923039147
17,37,21.56855805515677
17,38,21.600121011287435
17,39,17.98904771865063
17,40,17.213864451688416
17,41,16.216294570370323
17,42,19.301514083327536
17,43,20.900167838545055
17,44,24.437127736899704
17,45,24.909240062914453
17,46,28.404345809559192
17,47,27.68108584346661
17,48,24.352306537162157
17,49,24.277497375717665
17,50,20.793230326153154
17,51,18.70417974310956
17,52,15.4259661626112
17,53,15.274275475905705
17,54,14.588701744445391
17,55,12.680753867348448
17,56,14.0998680697705
17,57,17.53274501076179
17,58,20.389139444468153
17,59,19.27857989251603
17,60,22.577061825923305
17,61,23.525493311063165
17,62,25.54537062571765
17,63,28.014172799554533
17,64,31.010287481022175
17,65,30.999182586638838
17,66,29.6424350009482
17,67,26.356362230225834
17,68,23.99653707644956
17,69,20.268436584834536
17,70,17.6280723364588
17,71,13.902796433285468
17,72,12.55942140334056
17,73,9.66058569659171
17,74,10.408307356507661
17,75,10.186127677756508
17,76,11.398316212561568
17,77,13.984119306119926
17,78,14.35412016144694
17,79,15.792995744737578
17,80,16.372464006969906
17,81,16.36226114731062
17,82,16.760951930075823
17,83,15.168772276211252
17,84,18.46208479997461
17,85,19.18280107909214
17,86,22.806355255424837
17,87,25.82038378428258
