1,2,3.7965446894103194
1,3,6.311133966079378
1,4,9.766313200404753
1,5,12.688822187712821
1,6,14.274336725782927
1,7,11.394380668227877
1,8,10.858500902972093
1,9,14.661159400404014
1,10,15.26742353711793
1,11,13.14527060973086
1,12,14.931705862903792
1,13,18.302002629793346
1,14,18.00720448032599
1,15,17.474003308179284
1,16,20.545211333867005
1,17,19.774144156143567
1,18,21.87808043510765
1,19,25.062741320428742
1,20,24.310380579121723
1,21,27.25899084857753
1,22,28.104089233950933
1,23,24.702344232382853
1,24,23.86310056234205
1,25,20.320347861548438
1,26,20.07539423015758
1,27,20.749392615540156
1,28,17.436549644695408
1,29,15.401977787928885
1,30,17.38800988284528
1,31,16.842913860709682
1,32,13.019700969994833
1,33,13.544631893277728
1,34,15.943328070585718
1,35,14.670845795607349
1,36,11.161748006738064
1,37,10.7105727983708
1,38,8.171105050539348
1,39,5.811365768396872
1,40,5.575864858868683
1,41,6.57726352325751
1,42,9.415114668630356
1,43,12.81122399032928
1,44,16.341614092392494
1,45,19.620779224859955
1,46,22.444201809645026
1,47,26.056563975702108
1,48,27.206430632957563
1,49,25.012700137037744
1,50,22.404559165548697
1,51,18.67054375706849
1,52,16.363890017441395
1,53,13.152970061131395
1,54,10.009653172794826
1,55,9.374155874063947
1,56,13.207323732282802
1,57,14.186005349780343
1,58,16.47542295506588
1,59,19.222853827283487
1,60,20.653198313083195
1,61,24.223824107298384
1,62,24.492255035111278
1,63,21.654913539587636
1,64,20.082521143064366
1,65,21.436687487485052
1,66,20.084981889699144
1,67,23.624371194272847
1,68,24.290887867087765
1,69,24.965198565624977
1,70,28.739947617609477
1,71,30.443136434653518
1,72,27.28558269921542
1,73,27.079295079055807
1,74,24.083804153364845
1,75,25.06933045025033
1,76,22.09767385912092
1,77,23.142637601453213
1,78,19.729893888231537
1,79,18.487722924063863
1,80,16.073590727218075
1,81,13.78108475000627
1,82,13.069043694712992
1,83,11.525071488890838
1,84,8.57538368173193
1,85,7.780306512897955
1,86,5.379095225000665
1,87,8.907065164754984
1,88,10.17643879811388
1,89,13.776106201678719
1,90,14.791869817368386
1,91,13.588846422102401
1,92,15.527737453884273
1,93,18.43813330092873
1,94,18.76538480517766
1,95,18.44640129950932
1,96,21.308443157063493
1,97,23.466525324625003
1,98,23.001004700307593
1,99,23.865205309421054
1,100,26.836260421727857
1,101,28.587015844629075
1,102,31.068072572061666
1,103,28.870069647626515
1,104,26.464183469294383
1,105,23.57709263943133
1,106,25.513062169994587
1,107,23.404369846986185
1,108,20.732343370501024
1,109,22.65188344545207
1,110,20.489087206466955
1,111,21.257769436164594
1,112,24.921733951408278
1,113,25.20124772553259
1,114,23.389740457634453
1,115,23.039925899375152
1,116,26.171400674510405
1,117,29.101593555606545
1,118,27.329549055161465
1,119,26.858833601441873
1,120,23.470386803280366
1,121,24.13087769171454
1,122,23.03591225421843
1,123,19.343664007732475
1,124,19.725979989797406
1,125,22.110114174018022
1,126,21.877835303376326
1,127,19.216274133818512
2,1,3.7965446894103194
2,3,3.807271918277888
2,4,6.65485828637942
2,5,9.557919603214728
2,6,11.77149052197339
2,7,9.645656782624357
2,8,9.112934151542909
2,9,12.771004686957207
2,10,14.072646524584904
2,11,12.717636570404636
2,12,14.158418829735822
2,13,17.418243592681975
2,14,17.857788030255268
2,15,17.660751863929935
2,16,20.27528297821189
2,17,18.96252166417862
2,18,20.578495040065146
2,19,23.735832023901903
2,20,23.437126514386627
2,21,26.312506467376107
2,22,26.666241022691068
2,23,23.074452048514043
2,24,21.966074128891947
2,25,18.42404585566587
2,26,17.59381916108833
2,27,18.474874810328984
2,28,15.551671147847768
2,29,12.957694667888141
2,30,14.584094686350621
2,31,14.606920368808415
2,32,10.854770214578192
2,33,10.54412257513005
2,34,13.207451737291795
2,35,12.721258922247618
2,36,9.24831014552879
2,37,7.701738623963379
2,38,5.373028990156535
2,39,4.34382488124777
2,40,6.412911571437417
2,41,8.055668878469543
2,42,9.494978237682583
2,43,13.275177922390977
2,44,16.304247533448912
2,45,19.91820954100991
2,46,22.39011404247223
2,47,26.017771581035127
2,48,27.498104329925024
2,49,25.755793050920204
2,50,23.1288857279008
2,51,19.35454169354341
2,52,16.625515575017488
2,53,13.951982503417842
2,54,10.658591141712161
2,55,8.84923910962772
2,56,12.484740460871958
2,57,13.836077955460933
2,58,16.696567150858442
2,59,19.638952337730608
2,60,21.679570998000834
2,61,24.982308936718248
2,62,25.245419882598085
2,63,22.601517909723597
2,64,21.599237416798793
2,65,23.37637681370358
2,66,22.112998031090235
2,67,25.792474153626575
2,68,26.106629637519013
2,69,26.335906793902254
2,70,30.02817295830535
2,71,31.640542021248535
2,72,28.483371912964053
2,73,28.353031677191588
2,74,25.57278524220946
2,75,26.237980028852547
2,76,23.43428834773678
2,77,25.010771093882603
2,78,21.8536436241525
2,79,20.874731783048457
2,80,18.09983272995946
2,81,16.390713002374714
2,82,15.690000617302639
2,83,13.402727901172778
2,84,10.966046046993842
2,85,10.746661111647628
2,86,8.196593908252252
2,87,11.048325597348907
2,88,11.381401452608541
2,89,15.185119620099464
2,90,16.432331575463426
2,91,14.529389003005525
2,92,15.902035360777715
2,93,19.27033316535118
2,94,19.549086057803166
2,95,18.47289621246615
2,96,21.32773581484993
2,97,23.790247514961376
2,98,22.933471011123785
2,99,23.29660091241593
2,100,26.536318404663035
2,101,28.245074558326106
2,102,30.335301382250318
2,103,27.92229308675983
2,104,25.391863901093423
2,105,22.200590767083543
2,106,24.06945941106251
2,107,22.43808508432802
2,108,19.377624079092765
2,109,20.946550095420974
2,110,18.313839161622305
2,111,19.032404328298092
2,112,22.729679618618384
2,113,22.69044458667918
2,114,20.526157760393676
2,115,20.264954888881036
2,116,23.620463657138274
2,117,26.317719593146705
2,118,24.270314847193518
2,119,23.76308762096968
2,120,20.55087826409713
2,121,21.240353750661086
2,122,19.78932286402438
2,123,16.20100633456463
2,124,16.922748734441427
2,125,19.071436115410886
2,126,19.04727590579124
2,127,16.801576735033386
3,1,6.311133966079378
3,2,3.807271918277888
3,4,3.7942593604915262
3,5,6.444235357020582
3,6,8.104594585324005
3,7,5.895952062985385
3,8,5.595196607216859
3,9,9.177780891468213
3,10,10.395719365976964
3,11,9.53261669564572
3,12,11.15501232285613
3,13,14.078586630446557
3,14,14.710650307777879
3,15,15.018611299066844
3,16,17.451278159387552
3,17,16.208010193738627
3,18,17.432998335762598
3,19,20.775688720909613
3,20,20.852432088329397
3,21,23.95124643759546
3,22,24.096187551606313
3,23,20.573534837446932
3,24,19.050823883439406
3,25,15.35629381198334
3,26,14.74374896576664
3,27,16.174123706292754
3,28,13.341895040951048
3,29,10.495069748451623
3,30,12.776583086779723
3,31,13.402045836683037
3,32,9.889125312284065
3,33,9.791843360785709
3,34,13.172540702122065
3,35,13.170374985542766
3,36,10.410815519699918
3,37,8.496215354419817
3,38,5.242487165784066
3,39,6.559953655674927
3,40,8.077464043939173
3,41,10.874929413120212
3,42,12.130313069771937
3,43,15.826476580699405
3,44,18.723015896647222
3,45,22.391418900365235
3,46,24.48033127102644
3,47,28.21139829995094
3,48,29.482623070579255
3,49,27.982899171946293
3,50,25.048235582337036
3,51,21.371691783107046
3,52,18.247592315587333
3,53,15.580473469658461
3,54,11.96197736886185
3,55,9.297013483524706
3,56,12.436836573160827
3,57,14.743420161630343
3,58,17.340675078453582
3,59,20.709056385569742
3,60,23.03212004097505
3,61,26.19233944093638
3,62,25.938730241111173
3,63,23.08348849684082
3,64,22.484188469716422
3,65,24.705943881475918
3,66,23.984887739727718
3,67,27.773969379961414
3,68,28.35795963821913
3,69,28.286999745236983
3,70,31.879160138703728
3,71,33.10741743799074
3,72,29.74217135381442
3,73,29.18446405659696
3,74,26.2563095940295
3,75,26.37796154280683
3,76,23.3904162380698
3,77,25.25566686840484
3,78,22.38665559747259
3,79,22.044761204613337
3,80,19.51672061039746
3,81,18.14173640058438
3,82,16.690462703551965
3,83,14.31610620832428
3,84,12.694774469676108
3,85,11.811192085073252
3,86,8.696456549996046
3,87,10.367451075972012
3,88,10.346016575176526
3,89,13.909968182064654
3,90,15.86546576377227
3,91,14.022257764541951
3,92,14.475100260005261
3,93,18.0318253904869
3,94,18.901076699046726
3,95,17.475810037178224
3,96,19.841462361082563
3,97,22.745578095894523
3,98,22.151201407834975
3,99,21.989770695637763
3,100,25.10007858449078
3,101,27.181864038939036
3,102,29.15077981507468
3,103,26.983563690096723
3,104,24.0779448074755
3,105,20.97835637853719
3,106,23.30402249188171
3,107,22.04426644706054
3,108,19.09289165737174
3,109,20.958388242568596
3,110,18.20778188933276
3,111,18.16425220204938
3,112,21.968998643763236
3,113,22.25732785589226
3,114,19.759064591804645
3,115,18.84885281648957
3,116,22.101991431169644
3,117,24.567555151231854
3,118,22.369212174425755
3,119,21.379801646776915
3,120,18.028340302863832
3,121,18.24234501404591
3,122,17.020025346989023
3,123,13.417489934017537
3,124,13.572486019089839
3,125,15.808127229300457
3,126,15.643611322654499
3,127,13.148749699563776
4,1,9.766313200404753
4,2,6.65485828637942
4,3,3.7942593604915262
4,5,3.786686256977914
4,6,5.716172442194187
4,7,5.16744923088271
4,8,6.122220569469544
4,9,8.560733394772125
4,10,10.122706359009682
4,11,10.665468250773179
4,12,12.140288579598126
4,13,14.35622670259375
4,14,15.562374623200983
4,15,16.547539851315324
4,16,18.468021474715698
4,17,16.97293548263793
4,18,17.379851064640825
4,19,20.721306519570692
4,20,21.47233848250002
4,21,24.547936752931705
4,22,24.112928767620236
4,23,20.554487020411283
4,24,18.493286881132832
4,25,14.841755113167784
4,26,13.653121979821183
4,27,15.722323978543894
4,28,13.621787689206942
4,29,10.14367972229979
4,30,12.08732108314652
4,31,13.760679947193985
4,32,10.833430200589287
4,33,9.684032324064434
4,34,13.29773120839739
4,35,14.340532661350375
4,36,12.042989884495213
4,37,9.158989966629646
4,38,6.895377897141239
4,39,9.325047973665075
4,40,11.558498651965627
4,41,14.222961789477928
4,42,14.915587184783167
4,43,18.63615708752753
4,44,21.138904233030836
4,45,24.91344282111346
4,46,26.751756073575592
4,47,30.408499168753956
4,48,31.915630284123925
4,49,30.720994351563117
4,50,27.836875362986245
4,51,24.20141296106647
4,52,20.92486925105264
4,53,18.647142438828247
4,54,15.1232512640829
4,55,12.039022732115896
4,56,14.645152122270249
4,57,17.167665340533542
4,58,19.97687141402893
4,59,23.389155634553934
4,60,26.027629919671448
4,61,28.973785634617222
4,62,28.67326992678397
4,63,25.953545668951534
4,64,25.70245261521684
4,65,28.117613360153655
4,66,27.44804442808223
4,67,31.266771054796013
4,68,31.679075549236906
4,69,31.402309548999472
4,70,34.919681618505216
4,71,36.07948425237393
4,72,32.73513432593582
4,73,32.185036080908205
4,74,29.383319930120216
4,75,29.248626071518363
4,76,26.356689895403363
4,77,28.487552951084
4,78,25.804362225014177
4,79,25.632426139897806
4,80,23.022220642768005
4,81,21.837019183423315
4,82,20.37397846564848
4,83,17.841446591526786
4,84,16.388956753001548
4,85,15.584674719076316
4,86,12.393523459063326
4,87,13.708313683221228
4,88,13.470490734419984
4,89,16.781158960268034
4,90,19.001542082209248
4,91,16.98920374868563
4,92,16.84957079976394
4,93,20.539547207518794
4,94,21.553738701824454
4,95,19.642462631706366
4,96,21.726634402884212
4,97,24.893911974173125
4,98,24.145183132208075
4,99,23.448639037156976
4,100,26.620130043376292
4,101,28.757195496431525
4,102,30.334773975017985
4,103,28.115126833591457
4,104,25.049930362839685
4,105,21.80945870208713
4,106,24.137807679034395
4,107,23.452390567350097
4,108,20.29978513051616
4,109,21.806895193985653
4,110,18.65365623551858
4,111,18.34286349513681
4,112,22.057839501289394
4,113,22.037328828304396
4,114,19.053892291067264
4,115,18.058207421991924
4,116,21.461352029907054
4,117,23.431250241012766
4,118,20.775917938377443
4,119,19.41977292182237
4,120,16.357627176414955
4,121,16.147963254065218
4,122,14.410749381258503
4,123,11.156136416151844
4,124,11.248256568923587
4,125,12.812682454840322
4,126,12.456096728404141
4,127,10.487888369574014
5,1,12.688822187712821
5,2,9.557919603214728
5,3,6.444235357020582
5,4,3.786686256977914
5,6,3.8243208192176086
5,7,5.555825994731332
5,8,5.402800420199122
5,9,6.261263143775116
5,10,8.868408737973501
5,11,10.171045515101081
5,12,10.660636240132476
5,13,12.443183856806339
5,14,14.485851230965084
5,15,15.539311837310393
5,16,16.72910007406222
5,17,14.76624167145102
5,18,14.628157347781228
5,19,17.76546480734763
5,20,18.912757216994983
5,21,21.833295420925502
5,22,21.001602161807156
5,23,17.44661606220911
5,24,15.162605740748614
5,25,11.664850781259743
5,26,10.099749531186731
5,27,12.481332055881449
5,28,10.939223635882838
5,29,7.247835642221033
5,30,9.16618653665843
5,31,11.513261962558426
5,32,9.405327694027129
5,33,8.20087889551035
5,34,11.924667350668662
5,35,13.498865678935163
5,36,12.177832730824994
5,37,9.424379129189463
5,38,7.529681303013458
5,39,10.972960246643725
5,40,13.105513890839447
5,41,16.165001771028766
5,42,16.257861071942518
5,43,19.732228676726194
5,44,21.832497331613727
5,45,25.58670715905935
5,46,26.92332245039911
5,47,30.5615528526257
5,48,31.96664443473896
5,49,31.172661439942775
5,50,28.132863463080678
5,51,24.689095871829537
5,52,21.14192917758854
5,53,19.2607966438066
5,54,15.8512552690953
5,55,12.315777334792587
5,56,14.01446893072965
5,57,16.97612974554982
5,58,19.648167943602232
5,59,23.1793129112784
5,60,26.165544382760537
5,61,28.77692346665498
5,62,28.186234671740056
5,63,25.58338786349811
5,64,25.883590093910218
5,65,28.687369654492468
5,66,28.38750592053206
5,67,32.261185261448986
5,68,32.63780353879243
5,69,31.92245945521531
5,70,35.24898594792175
5,71,36.08296008444588
5,72,32.689495553867786
5,73,31.962464888227256
5,74,29.310923868001392
5,75,28.7299157270814
5,76,26.00205505558502
5,77,28.537348999451094
5,78,26.25032999220221
5,79,26.513050942010675
5,80,23.884680647788286
5,81,23.264277060268174
5,82,21.60010848779759
5,83,18.73680609971047
5,84,17.983917617462065
5,85,17.40418419179884
5,86,14.511587793985443
5,87,15.128766391171823
5,88,14.032820633246963
5,89,16.9880239886901
5,90,19.22725232406922
5,91,16.89609844428761
5,92,16.063743901356116
5,93,19.814627817593014
5,94,20.86914629231352
5,95,18.426718433149205
5,96,20.170254587640677
5,97,23.524513907001246
5,98,22.64283258604657
5,99,21.41713078595223
5,100,24.578241611954365
5,101,26.751575014501157
5,102,27.984631725905665
5,103,25.828354080789016
5,104,22.615298740622578
5,105,19.392077816479436
5,106,21.84208356184922
5,107,21.65724154973672
5,108,18.569015723040053
5,109,20.04537947657808
5,110,16.837666193243003
5,111,15.929482430258776
5,112,19.53995319495093
5,113,19.689101024730018
5,114,16.506621692134935
5,115,15.048234261761626
5,116,18.32154504851517
5,117,20.049266855038205
5,118,17.32687022531617
5,119,15.752133160019211
5,120,12.663408704349957
5,121,12.365819774891309
5,122,10.760747365685443
5,123,7.416289411920712
5,124,7.624812969052785
5,125,9.519608591359667
5,126,9.952908300194686
5,127,8.320582567655643
6,1,14.274336725782927
6,2,11.77149052197339
6,3,8.104594585324005
6,4,5.716172442194187
6,5,3.8243208192176086
6,7,3.803901542843008
6,8,5.35870584404794
6,9,4.829419244886012
6,10,6.120097467494536
6,11,8.541786310173896
6,12,9.689248112205068
6,13,10.47911981079728
6,14,12.244424927642502
6,15,14.13755656053633
6,16,15.299351865573833
6,17,13.98878977794535
6,18,13.377043715095375
6,19,16.820823927073388
6,20,18.317201378382904
6,21,21.571263108550994
6,22,20.742939126340875
6,23,17.53722022687047
6,24,14.761112991134912
6,25,11.14798650554264
6,26,10.513291717634628
6,27,13.566012051632129
6,28,12.086870842787294
6,29,8.894282280680034
6,30,11.576518497152962
6,31,13.96790006949326
6,32,12.123340658063244
6,33,11.65070103602451
6,34,15.382327986652893
6,35,16.719638909386536
6,36,15.496455259284545
6,37,13.060227994071564
6,38,10.609828898708145
6,39,13.748274788930807
6,40,15.20067824168536
6,41,18.527429662126888
6,42,19.1538322340473
6,43,22.6248632809066
6,44,24.98063303703601
6,45,28.678319827454658
6,46,30.04826169290303
6,47,33.75753614449478
6,48,34.912987601814336
6,49,34.00837838421944
6,50,30.800675125959177
6,51,27.392893902270252
6,52,23.824552862131487
6,53,21.640213835194956
6,54,18.070536474975402
6,55,14.644102197256064
6,56,16.268101312611005
6,57,19.565886184711562
6,58,21.7970707462229
6,59,25.497727561939335
6,60,28.334217379493055
6,61,31.00585829845116
6,62,30.049589785911465
6,63,27.17979510959763
6,64,27.449569545631324
6,65,30.315085521030756
6,66,30.31831264144365
6,67,34.178855274611756
6,68,34.91823520314062
6,69,34.28150520503912
6,70,37.60359613151683
6,71,38.239399671044374
6,72,34.70126780057559
6,73,33.61041131790385
6,74,30.719667272525353
6,75,29.876361750303516
6,76,26.89694316578489
6,77,29.324942126500435
6,78,27.15175754971233
6,79,27.760272348476477
6,80,25.532315781052823
6,81,24.794579056993452
6,82,22.626573706602695
6,83,20.150327907443035
6,84,19.626457755939107
6,85,18.359010180562617
6,86,15.175666270317558
6,87,15.069004203725445
6,88,14.311860691942876
6,89,16.69641985506363
6,90,19.519577127372955
6,91,17.761887958342403
6,92,16.365818178062497
6,93,19.894908788717032
6,94,21.61056547545472
6,95,19.357852930315776
6,96,20.504254417611516
6,97,24.0959214812447
6,98,23.762801858984165
6,99,22.318587999584103
6,100,25.08735288463313
6,101,27.679357729642728
6,102,28.999155624299465
6,103,27.26841884931183
6,104,23.791430421011384
6,105,20.93726806917822
6,106,23.813449863805037
6,107,23.69668489016392
6,108,20.974923042211874
6,109,22.82895054094078
6,110,19.84521766618007
6,111,18.419879954256842
6,112,21.96809657834229
6,113,22.525708165759486
6,114,19.336209221361212
6,115,17.31460245135702
6,116,20.199073772876602
6,117,21.658866950380826
6,118,18.947524022013237
6,119,16.737291394671264
6,120,13.608449039192324
6,121,12.288571891085613
6,122,11.296182255171702
6,123,8.463470080897228
6,124,6.766891758978861
6,125,8.471917609789053
6,126,7.8323437331788615
6,127,5.107987908308072
7,1,11.394380668227877
7,2,9.645656782624357
7,3,5.895952062985385
7,4,5.16744923088271
7,5,5.555825994731332
7,6,3.803901542843008
7,8,3.829870663542523
7,9,5.477965606962873
7,10,5.353336690709339
7,11,6.352437759338009
7,12,8.69955495930972
7,13,10.208464466268259
7,14,10.886298585525807
7,15,12.552221395698787
7,16,14.601298261116973
7,17,13.897645684624031
7,18,14.179761421106516
7,19,17.852910018217223
7,20,18.681180740962546
7,21,22.156993460035782
7,22,21.974484096388334
7,23,18.81175919325512
7,24,16.472061291348925
7,25,12.655016452970917
7,26,12.752237627665473
7,27,15.271402357735138
7,28,12.91378676462052
7,29,10.121883624598889
7,30,13.27569435958515
7,31,14.805955428572918
7,32,12.218930879499377
7,33,12.435733704852085
7,34,16.20433153502212
7,35,16.74894007957111
7,36,14.943274288884018
7,37,12.949463698969636
7,38,9.744267203514832
7,39,12.082805626231512
7,40,12.891226281022618
7,41,16.21790774340048
7,42,17.51124154591979
7,43,21.018430747048633
7,44,23.809741717024785
7,45,27.431985505721205
7,46,29.155268639848778
7,47,32.94222360838497
7,48,33.92531664117183
7,49,32.6368873981127
7,50,29.410041755362297
7,51,25.916366285719516
7,52,22.53296146923017
7,53,19.88010607441486
7,54,16.172405741274194
7,55,13.151980902155305
7,56,15.363351887638574
7,57,18.523960911988247
7,58,20.554688135927027
7,59,24.254985147633676
7,60,26.71817554959447
7,61,29.682413342531063
7,62,28.760033857646913
7,63,25.656470345021436
7,64,25.46888141024444
7,65,28.079733077301274
7,66,28.012462423992233
7,67,31.818601400841807
7,68,32.80296127743188
7,69,32.49912411499472
7,70,35.943472898303924
7,71,36.69857273475931
7,72,33.11883223477203
7,73,31.979871313836504
7,74,28.856485137142755
7,75,28.281716514500587
7,76,25.06482882459951
7,77,27.118099048152235
7,78,24.687874283814416
7,79,25.146082410186704
7,80,23.135262509686324
7,81,22.02569999069888
7,82,19.72743264734841
7,83,17.64212849079047
7,84,16.892924529704324
7,85,15.173164045516499
7,86,11.787577034700256
7,87,11.675126879702866
7,88,11.553720898459098
7,89,14.050113990398483
7,90,17.016275307271165
7,91,15.713106610082015
7,92,14.749646694455333
7,93,18.161751850185162
7,94,20.024734881823054
7,95,18.358307438414506
7,96,19.695021373885414
7,97,23.13968844345533
7,98,23.130048227385128
7,99,22.219392494126186
7,100,24.885370612652064
7,101,27.557316884251858
7,102,29.347539143267873
7,103,27.706220154983207
7,104,24.308890989520958
7,105,21.578694767195348
7,106,24.531435481432748
7,107,23.8234874422797
7,108,21.246306165402007
7,109,23.453117490916824
7,110,20.72726274096854
7,111,19.610473615913467
7,112,23.3376648818641
7,113,24.09616679419219
7,114,21.23521334878384
7,115,19.37101997881101
7,116,22.244907825099265
7,117,24.170015496011917
7,118,21.77289990364964
7,119,19.869467095626238
7,120,16.474213264351114
7,121,15.514496741750115
7,122,14.83046923809927
7,123,11.645485737651509
7,124,10.154557896051779
7,125,12.22909124654884
7,126,11.321674403320227
7,127,8.077245781953081
8,1,10.858500902972093
8,2,9.112934151542909
8,3,5.595196607216859
8,4,6.122220569469544
8,5,5.402800420199122
8,6,5.35870584404794
8,7,3.829870663542523
8,9,3.8028683752539374
8,10,5.500714004672941
8,11,5.111932509023453
8,12,6.029233749986568
8,13,8.618360818165158
8,14,9.908768060828093
8,15,10.528619885792311
8,16,12.382297027875175
8,17,11.077284239175833
8,18,11.94453229459826
8,19,15.422759269270335
8,20,15.803948874687743
8,21,19.112751940188023
8,22,19.141130315421915
8,23,15.82319111317855
8,24,13.996416577230013
8,25,10.194469823101644
8,26,10.3900104114442
8,27,12.252236947545851
8,28,9.444310742195658
8,29,7.015677917425701
8,30,10.443507993724031
8,31,11.3843017169223
8,32,8.810359449059131
8,33,9.829862483262511
8,34,13.441081590591208
8,35,13.580151766933431
8,36,12.205135803088087
8,37,10.905299499744066
8,38,7.497730237590711
8,39,10.150898701266282
8,40,10.63382690201517
8,41,14.287855782039008
8,42,15.15701091956701
8,43,18.400891438159565
8,44,21.010443338573165
8,45,24.551251502189448
8,46,26.010820409094375
8,47,29.8089444178933
8,48,30.62099550473805
8,49,29.49630363194443
8,50,26.15667159580798
8,51,22.790021201460483
8,52,19.277705731290723
8,53,16.809142867630133
8,54,13.194709528923736
8,55,9.963762198532963
8,56,11.736030064847592
8,57,15.097009092188598
8,58,16.984500862977338
8,59,20.73545977404775
8,60,23.346332938648178
8,61,26.156053936090963
8,62,25.139200904437473
8,63,22.11428327107419
8,64,22.197051533528104
8,65,25.026971977505912
8,66,25.14868566056273
8,67,28.993597516503147
8,68,29.91535921384305
8,69,29.328872803432333
8,70,32.66245203633709
8,71,33.25869623195449
8,72,29.666452310425527
8,73,28.501819100600624
8,74,25.500504236840115
8,75,24.806188238862056
8,76,21.739576184403983
8,77,24.053935811102644
8,78,21.804789031606028
8,79,22.422466628149227
8,80,20.274871824728518
8,81,19.648605958650123
8,82,17.37465490616849
8,83,14.873252914454923
8,84,14.66491723479418
8,85,13.46010050487339
8,86,10.678532251105079
8,87,10.33189006285482
8,88,9.069791769674852
8,89,11.720260554791468
8,90,14.285198472415154
8,91,12.469873625304622
8,92,11.430100696685566
8,93,15.041227127456551
8,94,16.592951249412707
8,95,14.685363133318633
8,96,16.215771951950128
8,97,19.6057784890233
8,98,19.389267219570513
8,99,18.529159748539143
8,100,21.33608388414908
8,101,23.87012937300246
8,102,25.689423711437144
8,103,23.973655081804942
8,104,20.646483092166328
8,105,17.897732990730663
8,106,20.84719741053424
8,107,20.024905877714342
8,108,17.542340622495303
8,109,19.93806402725485
8,110,17.45344817841708
8,111,16.253413189596145
8,112,20.003199477296466
8,113,21.043280001004618
8,114,18.49355093823225
8,115,16.55497735684404
8,116,19.286067370457822
8,117,21.58026172281281
8,118,19.590364684350014
8,119,18.12499327842696
8,120,14.482495670925566
8,121,14.24845107528557
8,122,14.01854413627084
8,123,10.40952588046518
8,124,9.634553574043935
8,125,12.636570830758714
8,126,12.858214108887402
8,127,9.87546277162284
9,1,14.661159400404014
9,2,12.771004686957207
9,3,9.177780891468213
9,4,8.560733394772125
9,5,6.261263143775116
9,6,4.829419244886012
9,7,5.477965606962873
9,8,3.8028683752539374
9,10,3.8269447167067603
9,11,5.483998689825614
9,12,5.143414594652191
9,13,6.188560821034994
9,14,8.602660140158035
9,15,9.887627537501698
9,16,10.691008693462082
9,17,9.175943282155766
9,18,8.975381313950058
9,19,12.521738425168154
9,20,13.629390006818085
9,21,16.989065798186296
9,22,16.551315742130203
9,23,13.42949667008534
9,24,11.002424666227943
9,25,7.184283968430081
9,26,7.8006498073918245
9,27,10.40403636643923
9,28,8.370756966220664
9,29,6.29163725002632
9,30,9.89586736777933
9,31,11.494199525482992
9,32,10.087682665891952
9,33,11.081716841158599
9,34,14.551668010392003
9,35,15.174548449629505
9,36,14.629151340908408
9,37,13.303535525218425
9,38,10.428646210709854
9,39,13.54476387627778
9,40,14.05922735997141
9,41,17.789183265890635
9,42,18.314678839873945
9,43,21.35480584307892
9,44,23.646076614609836
9,45,27.12384361370242
9,46,28.176589038567254
9,47,31.92217880760736
9,48,32.612818391011764
9,49,31.81463035013156
9,50,28.361014557000267
9,51,25.20944561126664
9,52,21.547609072441563
9,53,19.4149082077897
9,54,15.997445686557896
9,55,12.621186499062237
9,56,13.453252084035205
9,57,17.132079292253696
9,58,18.720980475935104
9,59,22.522589239791415
9,60,25.347762939690266
9,61,27.826769666152586
9,62,26.440653177610166
9,63,23.48950714663469
9,64,24.073601855807777
9,65,27.206723281704328
9,66,27.71791799009743
9,67,31.545311921255518
9,68,32.52046222233992
9,69,31.610082076038456
9,70,34.74589364511408
9,71,34.99908906317988
9,72,31.35993332813825
9,73,29.92728457213262
9,74,27.02377162320936
9,75,25.809161293824936
9,76,22.854634911130862
9,77,25.468266590968216
9,78,23.678593959931714
9,79,24.78547182970776
9,80,22.804621987469254
9,81,22.586581328166275
9,82,20.074194784952535
9,83,17.54024233109778
9,84,17.894225979092113
9,85,16.695190997396704
9,86,14.113004817919977
9,87,13.09437188186325
9,88,11.406212879866178
9,89,13.191812386161654
9,90,15.937087637143923
9,91,14.167490210371408
9,92,12.138296248843085
9,93,15.541943438283127
9,94,17.429663853311496
9,95,15.088199515037221
9,96,15.857729747660377
9,97,19.53354339108108
9,98,19.44438401007347
9,99,17.887213856549213
9,100,20.44644593914789
9,101,23.215486267681754
9,102,24.680186955828056
9,103,23.247406058009947
9,104,19.65901622931366
9,105,17.15148536216099
9,106,20.382978360547927
9,107,20.149966950940726
9,108,17.931322675449998
9,109,20.34605409310724
9,110,17.923114240245596
9,111,15.97547174280982
9,112,19.486965458335526
9,113,20.803285552109283
9,114,18.094615105984243
9,115,15.526953671678534
9,116,17.868877061594294
9,117,19.731697587286785
9,118,17.712684357296457
9,119,15.742973992110079
9,120,12.121086716412506
9,121,11.253973847537798
9,122,11.669015888976304
9,123,8.470655369608068
9,124,6.7266775435577655
9,125,10.036801724327523
9,126,10.57101300883733
9,127,7.629814394578717
10,1,15.26742353711793
10,2,14.072646524584904
10,3,10.395719365976964
10,4,10.122706359009682
10,5,8.868408737973501
10,6,6.120097467494536
10,7,5.353336690709339
10,8,5.500714004672941
10,9,3.8269447167067603
10,11,3.8123459822503474
10,12,5.502727268923921
10,13,5.283699853608731
10,14,6.1917678875275755
10,15,8.65910459818155
10,16,10.058131480132419
10,17,9.959886486282254
10,18,9.801432597381334
10,19,13.588980803478865
10,20,14.620245548056024
10,21,18.307656862833216
10,22,18.233426092460768
10,23,15.61607405973305
10,24,13.109326803373325
10,25,9.52098735222764
10,26,11.070246582122559
10,27,13.715857270303967
10,28,11.564672772222687
10,29,10.019680300870773
10,30,13.701153198323352
10,31,15.043882942482606
10,32,13.387136741217422
10,33,14.605323087457666
10,34,18.140951213416365
10,35,18.441426936741067
10,36,17.52899645883313
10,37,16.281122611635876
10,38,12.990443370239694
10,39,15.53225935716684
10,40,15.482356544205231
10,41,19.203975102454415
10,42,20.394305177817852
10,43,23.475799251393905
10,44,26.131506993955917
10,45,29.538893816362243
10,46,30.835715952259555
10,47,34.636041878667065
10,48,35.131520416922946
10,49,34.04648811264415
10,50,30.53057817844604
10,51,27.360165335904146
10,52,23.848505322489498
10,53,21.297614700076522
10,54,17.769633186509353
10,55,14.795865170032096
10,56,15.976539655057275
10,57,19.618437684217774
10,58,20.85017786802709
10,59,24.676280985745507
10,60,27.14281958441197
10,61,29.813580423205902
10,62,28.2345869270857
10,63,25.00086686350977
10,64,25.26098918595388
10,65,28.224270256708444
10,66,28.87613482163753
10,67,32.621128493683386
10,68,33.971631419289785
10,69,33.34179017773092
10,70,36.53410747434546
10,71,36.742625256468386
10,72,33.01544711333938
10,73,31.319438746168572
10,74,28.12963455256108
10,75,26.89798578527205
10,76,23.638097189016676
10,77,25.877648667884397
10,78,24.04278211011841
10,79,25.302791399108376
10,80,23.78496013084197
10,81,23.22203713256989
10,82,20.31047809782866
10,83,18.395821364917097
10,84,18.710213390950596
10,85,16.763082495802802
10,86,13.930624605140753
10,87,12.309381791810194
10,88,11.42887225292293
10,89,12.573047549521249
10,90,15.914032524087451
10,91,15.033094317538753
10,92,12.87536824944614
10,93,15.824007686902066
10,94,18.369415195879743
10,95,16.6453870994637
10,96,16.97178261560177
10,97,20.655540952247414
10,98,21.224023097033243
10,99,19.844779437888405
10,100,21.93380305447012
10,101,25.035638057853852
10,102,26.78787008348761
10,103,25.750092162189016
10,104,22.098440404808752
10,105,19.988177341150138
10,106,23.426088644317293
10,107,22.958660770146142
10,108,21.052125509109633
10,109,23.739912502184296
10,110,21.510667914296494
10,111,19.548848556137212
10,112,23.029857140539118
10,113,24.529660296005673
10,114,21.899019581375246
10,115,19.24352295107187
10,116,21.38061387574706
10,117,23.158565350472106
10,118,21.20306752157529
10,119,18.958942956887856
10,120,15.444641324160578
10,121,13.99869105127577
10,122,14.642899003732788
10,123,11.850371635876291
10,124,9.287201060958413
10,125,11.970908555443746
10,126,11.413577069824196
10,127,7.751890422494361
11,1,13.14527060973086
11,2,12.717636570404636
11,3,9.53261669564572
11,4,10.665468250773179
11,5,10.171045515101081
11,6,8.541786310173896
11,7,6.352437759338009
11,8,5.111932509023453
11,9,5.483998689825614
11,10,3.8123459822503474
11,12,3.8055208222761903
11,13,5.58723249797316
11,14,5.182901023644404
11,15,6.256775193095109
11,16,8.829052242109627
11,17,9.089621434150374
11,18,10.385412884450902
11,19,14.041434875639915
11,20,14.04640723741464
11,21,17.7465779937659
11,22,18.41245459859605
11,23,15.774306395850921
11,24,14.080660027394904
11,25,10.542132618006539
11,26,12.41002282034935
11,27,14.168637870151807
11,28,11.1931000067856
11,29,10.265825889292834
11,30,14.080376045043804
11,31,14.464123654090786
11,32,12.359533886455917
11,33,14.332949274175132
11,34,17.65823475044008
11,35,17.169671584640525
11,36,16.06145318949626
11,37,15.523281121527958
11,38,11.882296087813048
11,39,13.722309609356499
11,40,12.855271682770033
11,41,16.583951908001204
11,42,18.089786151661063
11,43,20.945013885041853
11,44,23.810439531154163
11,45,27.042407771767607
11,46,28.482791040044162
11,47,32.304333443668476
11,48,32.56425823364286
11,49,31.242738045007783
11,50,27.6893806190153
11,51,24.56115551583589
11,52,21.214289431689718
11,53,18.39754569759931
11,54,14.923778303203724
11,55,12.411477927354044
11,56,13.74455579237569
11,57,17.235824431942884
11,58,18.119278048552236
11,59,21.899683422656583
11,60,24.060552376091614
11,61,26.88547931239652
11,62,25.294971850204686
11,63,21.903881708414765
11,64,21.87837396888983
11,65,24.71114317594304
11,66,25.42090372282701
11,67,29.108730774526
11,68,30.64401863896776
11,69,30.162334926619934
11,70,33.3809547708178
11,71,33.61289568016881
11,72,29.862668601776107
11,73,28.115665681184783
11,74,24.78386440655121
11,75,23.7426273943845
11,76,20.335141898979703
11,77,22.349797027917283
11,78,20.37976970376035
11,79,21.62076880654503
11,80,20.28154155154822
11,81,19.66903120954463
11,82,16.61230278022188
11,83,14.917126198806985
11,84,15.425007486309893
11,85,13.317973698462586
11,86,10.814417179641756
11,87,8.736373625176624
11,88,7.754063789631617
11,89,8.834055213057251
11,90,12.22672537338874
11,91,11.645388173539455
11,92,9.807224222147196
11,93,12.689871830145146
11,94,15.269114035183428
11,95,14.069012851259798
11,96,14.668898781692596
11,97,18.134665345367655
11,98,18.918091829133523
11,99,18.125689373460666
11,100,20.17621205620426
11,101,23.22950040584265
11,102,25.426959719216455
11,103,24.41211450643529
11,104,20.942264678297516
11,105,18.957973850093946
11,106,22.365728419004395
11,107,21.31509330224302
11,108,19.62428052629122
11,109,22.628424559145532
11,110,20.764401818730065
11,111,19.099900384431145
11,112,22.659396575953238
11,113,24.374448753794958
11,114,22.1710369930613
11,115,19.727696488089723
11,116,21.81086080792408
11,117,24.114592089477906
11,118,22.56403506676958
11,119,20.83717847904411
11,120,17.10901302205238
11,121,16.38778995658884
11,122,17.13309965718676
11,123,13.899108487569748
11,124,12.08476386203987
11,125,15.191041284409529
11,126,14.971347074683177
11,127,11.374030884057168
12,1,14.931705862903792
12,2,14.158418829735822
12,3,11.15501232285613
12,4,12.140288579598126
12,5,10.660636240132476
12,6,9.689248112205068
12,7,8.69955495930972
12,8,6.029233749986568
12,9,5.143414594652191
12,10,5.502727268923921
12,11,3.8055208222761903
12,13,3.8574298065517465
12,14,5.4530908897106745
12,15,5.0732558730708295
12,16,6.381947652523143
12,17,5.523939696268526
12,18,7.257350275177666
12,19,10.695033305463332
12,20,10.49222635016478
12,21,14.094798423772739
12,22,14.768934059731663
12,23,12.07510941683043
12,24,10.750298704643733
12,25,7.4388797509567235
12,26,9.760663762450028
12,27,10.958409177024857
12,28,7.977110015757707
12,29,8.090294515530726
12,30,11.830587422912354
12,31,11.87038455867085
12,32,10.558290980726506
12,33,13.062734121952948
12,34,15.985891995672313
12,35,15.427369142240885
12,36,15.152702297603318
12,37,15.10226712336236
12,38,11.85162820111511
12,39,14.086534068779287
12,40,13.226857193556496
12,41,17.055963706749196
12,42,17.883771617916164
12,43,20.36892378938728
12,44,22.805015538409695
12,45,25.912046587754013
12,46,26.876920441268464
12,47,30.633890974228468
12,48,30.736936784600363
12,49,29.782709474401134
12,50,26.12389377182173
12,51,23.249772026691303
12,52,19.74112103931777
12,53,17.3975801712575
12,54,14.24245434772786
12,55,11.545491907730932
12,56,11.811750671798285
12,57,15.55192919742045
12,58,16.14698421547041
12,59,19.94530950452137
12,60,22.39688290984984
12,61,24.847028413217497
12,62,23.00884694666854
12,63,19.795433853829515
12,64,20.376327543040855
12,65,23.58608770759224
12,66,24.622690131631337
12,67,28.31818270715461
12,68,29.72209610013262
12,69,28.78208964750865
12,70,31.77553057561462
12,71,31.705404994432097
12,72,27.952389094107232
12,73,26.09619683471055
12,74,22.999925428523724
12,75,21.548991242045595
12,76,18.415849588548184
12,77,20.93464918340007
12,78,19.432523107950963
12,79,21.040607509194587
12,80,19.58098738997749
12,81,19.69024805786367
12,82,16.71905060460995
12,83,14.537343281506518
12,84,15.782788523770773
12,85,14.393708775602933
12,86,12.623366322637361
12,87,10.497847726866143
12,88,8.101502273870057
12,89,8.776004083770454
12,90,11.540265985875669
12,91,10.281462430815914
12,92,7.607284171198475
12,93,10.653930198152997
12,94,13.032480086515923
12,95,11.195212812646044
12,96,11.52323131508282
12,97,15.181086196706847
12,98,15.769378972983363
12,99,14.587422793078785
12,100,16.693878729557323
12,101,19.745199012889852
12,102,21.76293507114416
12,103,20.7964337567629
12,104,17.248964262936486
12,105,15.389390868591342
12,106,18.92675517474902
12,107,18.09873959888828
12,108,16.66637019152917
12,109,19.799431505069496
12,110,18.224600681917035
12,111,16.155981265817175
12,112,19.525999710435972
12,113,21.58997480487143
12,114,19.63967932757175
12,115,16.925328847679253
12,116,18.61841221427698
12,117,21.01658786415677
12,118,19.862443927523255
12,119,18.376060772545348
12,120,14.607731366229597
12,121,14.33212692198618
12,122,15.65270786824828
12,123,12.486663610883275
12,124,11.088385542708403
12,125,14.686884950878843
12,126,15.3844866854159
12,127,12.249196033149286
13,1,18.302002629793346
13,2,17.418243592681975
13,3,14.078586630446557
13,4,14.35622670259375
13,5,12.443183856806339
13,6,10.47911981079728
13,7,10.208464466268259
13,8,8.618360818165158
13,9,6.188560821034994
13,10,5.283699853608731
13,11,5.58723249797316
13,12,3.8574298065517465
13,14,3.8273655545912764
13,15,5.359842885629283
13,16,5.091282007985778
13,17,5.298305772715926
13,18,5.2780640254344
13,19,8.95515604978907
13,20,9.668627277915784
13,21,13.457723160702422
13,22,13.77870388157716
13,23,11.735597806259154
13,24,9.738446550429792
13,25,6.914416536961152
13,26,10.034637624470319
13,27,11.858187412684543
13,28,9.881068193706641
13,29,10.184757533300779
13,30,13.768006215278344
13,31,14.393630863411433
13,32,13.727160063553542
13,33,15.892415497224523
13,34,18.84077291891801
13,35,18.69648699254225
13,36,18.68866478671253
13,37,18.338971206970214
13,38,15.23025612522833
13,39,17.73333333306415
13,40,17.031769715929467
13,41,20.864681147364514
13,42,21.70790153077648
13,43,24.19875694540581
13,44,26.543915429812213
13,45,29.623334931250447
13,46,30.41643413744203
13,47,34.128291250941004
13,48,34.1383166465957
13,49,33.33027782030091
13,50,29.626803159633383
13,51,26.89022770534499
13,52,23.367808019602563
13,53,21.145401899687023
13,54,18.07140416498516
13,55,15.354979896097161
13,56,15.35238477460695
13,57,19.144541639634788
13,58,19.542420098946923
13,59,23.28648240092438
13,60,25.74019657354542
13,61,27.98285566790776
13,62,25.848404910568206
13,63,22.672558469332337
13,64,23.48715416967196
13,65,26.773060529175783
13,66,28.080438514741644
13,67,31.694888341873863
13,68,33.23890167063376
13,69,32.19749806501543
13,70,35.05080982384427
13,71,34.72631962526572
13,72,30.95590299737831
13,73,28.83163258989372
13,74,25.76146834852368
13,75,23.914097035960683
13,76,20.837259192019097
13,77,23.36165627146862
13,78,22.234842207134538
13,79,24.198154426113103
13,80,23.036904446811423
13,81,23.216910274562945
13,82,20.038026579433485
13,83,18.127118255335922
13,84,19.49778761682009
13,85,17.844253506577736
13,86,15.927522866566783
13,87,13.467385480569087
13,88,11.498406760172863
13,89,11.339469580838498
13,90,14.335621778029013
13,91,13.578278208332025
13,92,10.391412717398692
13,93,12.685423861666033
13,94,15.527199607205867
13,95,13.685113980554528
13,96,13.01765386159934
13,97,16.774291872310332
13,98,17.755856049838417
13,99,16.00355865052418
13,100,17.532835742174225
13,101,20.89990992825481
13,102,22.627021814638052
13,103,22.131784855624748
13,104,18.399768685262533
13,105,16.995768967787406
13,106,20.731104247437383
13,107,20.395337524711255
13,108,19.268834811424988
13,109,22.349742832097494
13,110,20.81395451320169
13,111,18.256049245810022
13,112,21.33827163399123
13,113,23.567102482665252
13,114,21.4700543393855
13,115,18.323327537616162
13,116,19.606089588417515
13,117,21.47563695419495
13,118,20.29470268209546
13,119,18.259635272743523
13,120,14.728525770816265
13,121,13.618387776086964
13,122,15.519565550649201
13,123,13.031272871356759
13,124,10.701711892323631
13,125,13.9690880218602
13,126,14.436609524496273
13,127,11.351829423313315
14,1,18.00720448032599
14,2,17.857788030255268
14,3,14.710650307777879
14,4,15.562374623200983
14,5,14.485851230965084
14,6,12.244424927642502
14,7,10.886298585525807
14,8,9.908768060828093
14,9,8.602660140158035
14,10,6.1917678875275755
14,11,5.182901023644404
14,12,5.4530908897106745
14,13,3.8273655545912764
14,15,3.81738329076711
14,16,5.467094319682112
14,17,7.642373872353064
14,18,8.559421520215524
14,19,11.85473751807524
14,20,11.853152247478539
14,21,15.669495531326366
14,22,16.643651082639828
14,23,14.961936496358858
14,24,13.353074056743084
14,25,10.692246096135397
14,26,13.759601225914029
