1,2,3.79979868622636
1,3,6.079315762749973
1,4,9.545427921100005
1,5,12.310731796984912
1,6,14.029278171792008
1,7,11.237455438030063
1,8,10.661600095274343
1,9,14.477736557919417
1,10,15.05164335007199
1,11,12.90083875049655
1,12,14.675292810614936
1,13,17.955537345809365
1,14,17.62572865657957
1,15,17.237854282030188
1,16,20.38306753588032
1,17,19.762712789221474
1,18,21.87738897365702
1,19,24.98433151762067
1,20,24.35395900018707
1,21,27.345736449420183
1,22,28.07158328236703
1,23,24.734217047180994
1,24,23.58601192268765
1,25,20.123815005041916
1,26,19.995712779522457
1,27,20.33448584253427
1,28,17.15322077874375
1,29,15.170896999074614
1,30,17.281048523366763
1,31,16.610553455534916
1,32,12.744580553674313
1,33,13.430890650798672
1,34,15.969783443871188
1,35,14.593017063312596
1,36,11.073309345659636
1,37,10.653837727413203
1,38,8.05442929103149
1,39,5.81380057160777
1,40,5.495853373335658
1,41,6.75092306763186
1,42,9.515505938479853
1,43,12.965802299972928
1,44,16.43504281337686
1,45,19.80684310040669
1,46,22.3684510868407
1,47,26.156697610820785
1,48,27.560314153804363
1,49,25.46260273719942
1,50,22.813084310302415
1,51,19.042147786855093
1,52,16.603749781739374
1,53,13.364438191871125
1,54,10.031454341406205
1,55,9.378226379789643
1,56,13.253182331392576
1,57,14.508903795172763
1,58,16.839268916777655
1,59,19.627305080073256
1,60,20.7264766589055
1,61,24.408883548359288
1,62,24.83104609359928
1,63,21.889458726042687
1,64,20.32161241523346
1,65,21.710729219142703
1,66,20.334244967446395
1,67,23.734369930741423
1,68,24.1574977669269
1,69,25.33043980689409
1,70,27.511888629289707
1,71,24.341276891027515
1,72,25.055561459935433
1,73,22.000018597889486
1,74,23.09762488877259
1,75,19.834682532335602
1,76,18.696835118079466
1,77,16.25702638702692
1,78,13.98865798701199
1,79,13.19115149397514
1,80,11.728073067807028
1,81,8.730573912729186
1,82,7.835198325550424
1,83,5.033855026704045
1,84,8.471855273828986
1,85,9.782875740445009
1,86,13.389584917792234
1,87,14.542683487240485
1,88,13.409341381719859
1,89,15.356563909857886
1,90,18.248331288046117
1,91,18.676585674719018
1,92,18.483344664686022
1,93,21.24570867340011
1,94,23.378937124933287
1,95,23.038074106926356
1,96,23.88944626392262
1,97,26.773621638193113
1,98,28.426989702468564
1,99,31.069191983210782
1,100,28.868578030295485
1,101,26.480946667884112
1,102,23.545987089026077
1,103,25.50159100454574
1,104,23.595818403448874
1,105,20.98750621949394
1,106,22.999691006640187
1,107,20.763111385708115
1,108,21.125347230609798
1,109,24.838190648442083
1,110,25.20061438379815
1,111,23.031846806070103
1,112,22.734697265006794
1,113,25.926690778914598
1,114,28.87729406555845
1,115,27.075273392482114
1,116,26.71309654373998
1,117,23.30077655818602
1,118,23.66878509664398
1,119,22.598904769465918
1,120,18.96571897444514
1,121,19.319070247670773
1,122,21.78027909247073
1,123,21.16816457279257
1,124,18.976425039994332
1,125,20.28055829490268
2,1,3.79979868622636
2,3,3.8224909305965022
2,4,6.743097222081231
2,5,9.418889088495593
2,6,11.833957240459636
2,7,9.873814553576082
2,8,9.209607905541173
2,9,12.871495475904402
2,10,14.204190109643147
2,11,12.815942409931974
2,12,14.160908163481523
2,13,17.354586353913103
2,14,17.792351164591164
2,15,17.63747689091727
2,16,20.323799253263353
2,17,19.146582372589364
2,18,20.809657252820386
2,19,23.860214987810956
2,20,23.676164302585214
2,21,26.594208005832748
2,22,26.82278803094102
2,23,23.26325608492978
2,24,21.883696278904033
2,25,18.443283123405333
2,26,17.68295346181692
2,27,18.16242886182262
2,28,15.404802178486369
2,29,12.867607927245752
2,30,14.558155525457403
2,31,14.35723655678938
2,32,10.578292948186434
2,33,10.382527235654436
2,34,13.1269311297336
2,35,12.485625568190107
2,36,8.903089954506015
2,37,7.4529451072408754
2,38,5.302644041749342
2,39,4.178539745839807
2,40,6.286139055844442
2,41,7.916255797263613
2,42,9.212564017380876
2,43,13.011363848665665
2,44,15.949396604189195
2,45,19.631923631222698
2,46,21.887783084034357
2,47,25.54178422242189
2,48,27.40344650649762
2,49,25.738615973209793
2,50,23.12597235571016
2,51,19.366538486272642
2,52,16.56563857965895
2,53,13.861722903248253
2,54,10.433259965844215
2,55,8.72287407027202
2,56,12.404842201750268
2,57,13.917708463346486
2,58,16.829030400725205
2,59,19.739926019556687
2,60,21.45936960199361
2,61,24.92441013268979
2,62,25.37771586218826
2,63,22.666139378385036
2,64,21.641116829255008
2,65,23.40801030247043
2,66,22.0573494197821
2,67,25.58982148078295
2,68,25.564637641346348
2,69,26.353821957539093
2,70,28.635638126399908
2,71,25.696268531339783
2,72,26.131989472003355
2,73,23.284524826972834
2,74,24.8973560777725
2,75,21.87855493768816
2,76,20.911388834849284
2,77,18.047012397452082
2,78,16.365007902176846
2,79,15.672495772740996
2,80,13.421945773753473
2,81,10.855436424904559
2,82,10.769030969237887
2,83,8.093269767838365
2,84,10.896842885905043
2,85,11.148822240389846
2,86,14.959717475242384
2,87,16.252677758749737
2,88,14.366019461896819
2,89,15.843448880017535
2,90,19.203516819623932
2,91,19.469295076012337
2,92,18.52357779821819
2,93,21.341638056275116
2,94,23.758722953695177
2,95,22.978706840761806
2,96,23.375595001373647
2,97,26.56707139416991
2,98,28.145816524471172
2,99,30.40779976620897
2,100,27.888227856630458
2,101,25.430329118299234
2,102,22.182732441103614
2,103,23.987288423176143
2,104,22.524928921392142
2,105,19.50950309412904
2,106,21.142067146477974
2,107,18.458318574594035
2,108,18.848584535422923
2,109,22.58722732481575
2,110,22.57157003106833
2,111,20.09135513017253
2,112,19.969930724283746
2,113,23.400008945359733
2,114,26.16235773930089
2,115,24.103569354301374
2,116,23.738295984252183
2,117,20.519677923595893
2,118,20.965542525524118
2,119,19.50219303935277
2,120,16.009344014045205
2,121,16.776493560381425
2,122,18.975692164670235
2,123,18.555712235233557
2,124,16.854947152126503
2,125,18.77427635885009
3,1,6.079315762749973
3,2,3.8224909305965022
3,4,3.7810405912850933
3,5,6.271186952823626
3,6,8.145593476509786
3,7,6.101780488565195
3,8,5.677951141047891
3,9,9.299853808097758
3,10,10.5222213111435
3,11,9.637115608627973
3,12,11.2088995051101
3,13,14.050561561777366
3,14,14.657434842962566
3,15,15.02262568954173
3,16,17.549026393906487
3,17,16.500595331041822
3,18,17.75450367528675
3,19,21.022615320604643
3,20,21.20588997326247
3,21,24.371038380821076
3,22,24.40095034097814
3,23,20.854775023150843
3,24,19.054931534900646
3,25,15.43012702485859
3,26,14.869202707553303
3,27,15.947906886183837
3,28,13.286650039970487
3,29,10.43913437074252
3,30,12.779685912126618
3,31,13.284988888592322
3,32,9.704588163675279
3,33,9.68902857282424
3,34,13.146540203607739
3,35,13.04334300767823
3,36,10.119599130315887
3,37,8.190064488128586
3,38,5.169602878106644
3,39,6.45941887425203
3,40,7.974941473896716
3,41,10.784996443134075
3,42,11.90225256802231
3,43,15.634989509433106
3,44,18.406509926495378
3,45,22.17792729814885
3,46,24.002709453591812
3,47,27.60998015928347
3,48,29.42852686913722
3,49,28.0302395605895
3,50,25.11219059844784
3,51,21.473404379855012
3,52,18.282314692988315
3,53,15.577293950886824
3,54,11.872588804515527
3,55,9.21990715697129
3,56,12.456824403817894
3,57,14.902717879463214
3,58,17.538622708210234
3,59,20.873766161746786
3,60,22.892354783790513
3,61,26.22979625293572
3,62,26.159130141753828
3,63,23.25002861994883
3,64,22.632717644549285
3,65,24.836069349995686
3,66,24.013458034941312
3,67,27.698799118364196
3,68,27.916288636247927
3,69,28.373282710786125
3,70,29.543810761531347
3,71,26.48157273366345
3,72,26.388522645756403
3,73,23.36161472759674
3,74,25.25412936063616
3,75,22.561558515329267
3,76,22.214393822713006
3,77,19.580660231509786
3,78,18.225652686319727
3,79,16.781260303277012
3,80,14.444045789591122
3,81,12.651448367975846
3,82,11.905920421150746
3,83,8.729137921848302
3,84,10.300238848951611
3,85,10.189140479024926
3,86,13.723338300086008
3,87,15.760080002431712
3,88,13.967907812967375
3,89,14.524034335876383
3,90,18.08675983610988
3,91,18.934710953807063
3,92,17.649005002855567
3,93,19.960584265215576
3,94,22.83108782275099
3,95,22.330603192353006
3,96,22.203059165178963
3,97,25.26969774656186
3,98,27.248616773921725
3,99,29.418612372430346
3,100,27.04631176956336
3,101,24.20503356266957
3,102,21.021968926115466
3,103,23.28862446776236
3,104,22.225999875077374
3,105,19.29977376995111
3,106,21.225396608247372
3,107,18.425849077795
3,108,18.04356002854565
3,109,21.85930141293281
3,110,22.14048293578305
3,111,19.379379929523566
3,112,18.607567360970425
3,113,21.934608458126323
3,114,24.419959868577667
3,115,22.19624010595941
3,116,21.351747676983713
3,117,18.034047065319903
3,118,17.98838486389664
3,119,16.779579189584634
3,120,13.22915632174787
3,121,13.415955161846254
3,122,15.71427030967727
3,123,15.179149822132866
3,124,13.174393057877577
3,125,14.997359484772865
4,1,9.545427921100005
4,2,6.743097222081231
4,3,3.7810405912850933
4,5,3.827165757684742
4,6,5.69187467693159
4,7,5.147649981496531
4,8,6.083404076218996
4,9,8.63653078701908
4,10,10.094427988576918
4,11,10.629714197211626
4,12,12.151006600048
4,13,14.256890003311698
4,14,15.381810826284207
4,15,16.438797921452746
4,16,18.487197099448963
4,17,17.279373238345432
4,18,17.722673554984397
4,19,21.038866372509403
4,20,21.886750085663174
4,21,25.09136076860661
4,22,24.57213862750848
4,23,20.94403822774299
4,24,18.60257432068235
4,25,14.974318895717046
4,26,13.870341142407822
4,27,15.663475300544611
4,28,13.734778533259032
4,29,10.233138378614251
4,30,12.31586606259636
4,31,13.864946337764277
4,32,10.87976777124271
4,33,9.827035055511173
4,34,13.539207117824606
4,35,14.456830105464343
4,36,11.950994255551937
4,37,9.060278774322956
4,38,7.0976383178061395
4,39,9.405583519063349
4,40,11.555123192427422
4,41,14.22844606249087
4,42,14.832691729306948
4,43,18.567079639962035
4,44,20.956133335226387
4,45,24.81081582851083
4,46,26.410586420479955
4,47,29.850617349436195
4,48,31.956548177697144
4,49,30.848739116487216
4,50,27.98533764671475
4,51,24.418146303386514
4,52,21.090771834804215
4,53,18.732669980100958
4,54,15.11508114473038
4,55,12.061735413706943
4,56,14.77289501274586
4,57,17.436687428483182
4,58,20.24239640362752
4,59,23.625771926134934
4,60,25.9681217158648
4,61,29.127925577713057
4,62,28.975497700003853
4,63,26.183223779072144
4,64,25.898834343544213
4,65,28.288604878315642
4,66,27.527940068638937
4,67,31.243347809931546
4,68,31.29438120687274
4,69,31.575160854786127
4,70,32.62976101691282
4,71,29.671482825982782
4,72,29.321016779282225
4,73,26.371552216387315
4,74,28.507436054879438
4,75,26.003692601095594
4,76,25.822997011913817
4,77,23.123837336981865
4,78,21.940126421819148
4,79,20.4567974270907
4,80,17.979687801663452
4,81,16.360095957113224
4,82,15.65371191884337
4,83,12.383199424699713
4,84,13.578753289426555
4,85,13.28806805834499
4,86,16.52934439924993
4,87,18.873795528082514
4,88,16.959607487124877
4,89,16.916473574262636
4,90,20.616714970063395
4,91,21.62673132163826
4,92,19.877213995992914
4,93,21.888468907795602
4,94,25.050357026155933
4,95,24.438071253202843
4,96,23.787121336973115
4,97,26.90929311414016
4,98,28.992443373510156
4,99,30.816009408441385
4,100,28.319959730733476
4,101,25.308924239338765
4,102,22.00069229603801
4,103,24.279159360389034
4,104,23.77767919014844
4,105,20.658322997220793
4,106,22.266752730174435
4,107,19.091868808778646
4,108,18.43287547873838
4,109,22.15881745738195
4,110,22.122877797382234
4,111,18.918377386490878
4,112,18.05181935864587
4,113,21.51028582639254
4,114,23.499612698961464
4,115,20.82109944339016
4,116,19.537464377992833
4,117,16.53594593737978
4,118,15.996473940854644
4,119,14.325401649703942
4,120,11.150579486331125
4,121,11.155337017172217
4,122,12.770619896962897
4,123,11.89713834164536
4,124,10.457659730681264
4,125,12.750436406871527
5,1,12.310731796984912
5,2,9.418889088495593
5,3,6.271186952823626
5,4,3.827165757684742
5,6,3.8355669757527218
5,7,5.528026053825041
5,8,5.165646700677929
5,9,6.195130708809462
5,10,8.778972062724524
5,11,10.013486898507411
5,12,10.485882192002368
5,13,12.22235196416862
5,14,14.206981583243365
5,15,15.21523891010079
5,16,16.552357034445784
5,17,14.868093314058912
5,18,14.825932875653862
5,19,17.94736446035338
5,20,19.16580770860202
5,21,22.238927018160535
5,22,21.344163720810606
5,23,17.680980832289375
5,24,15.163617504539477
5,25,11.676650603531032
5,26,10.193331661272232
5,27,12.263990558177783
5,28,10.861745685392975
5,29,7.117450521536325
5,30,9.166128863380193
5,31,11.393928670125062
5,32,9.193579042730468
5,33,8.070210084878335
5,34,11.866086518130158
5,35,13.329396314654955
5,36,11.776725860532991
5,37,8.995807639685713
5,38,7.384108287135585
5,39,10.776215321463688
5,40,12.860521880830488
5,41,15.912498269926152
5,42,15.866919774019825
5,43,19.3426251821085
5,44,21.28890758602988
5,45,25.138798443606962
5,46,26.19820261790176
5,47,29.44884499042988
5,48,31.604321224671427
5,49,30.91420016946022
5,50,27.898470087731017
5,51,24.56527296064261
5,52,20.97334333999694
5,53,19.009894954960135
5,54,15.550086852786919
5,55,12.001137962746178
5,56,13.804741641670708
5,57,16.87326522365135
5,58,19.53011893164035
5,59,23.026273218133102
5,60,25.75915067536072
5,61,28.60636144213072
5,62,28.147368209895458
5,63,25.48640708482997
5,64,25.760973935558468
5,65,28.539501614152602
5,66,28.14585718486116
5,67,31.95206338180941
5,68,31.924216228396734
5,69,31.740343551937475
5,70,32.09817133997555
5,71,29.306673212387718
5,72,28.52326074160306
5,73,25.7527629091995
5,74,28.29364887846478
5,75,26.200649220133197
5,76,26.4332012174785
5,77,23.68893483746104
5,78,23.098750347242795
5,79,21.40363201720884
5,80,18.55772110052723
5,81,17.656092747044408
5,82,17.24165539599169
5,83,14.361942494869893
5,84,14.87937434484991
5,85,13.651983665795392
5,86,16.534951791610613
5,87,18.864784801508886
5,88,16.60159154561645
5,89,15.885665223841727
5,90,19.67826813873553
5,91,20.676513058216297
5,92,18.380635969094268
5,93,20.086468846106474
5,94,23.447888316520793
5,95,22.68562326076004
5,96,21.52833262346485
5,97,24.670753143505575
5,98,26.798621902696212
5,99,28.30126535243266
5,100,25.775965161827486
5,101,22.63151979364622
5,102,19.32193381589701
5,103,21.699358179367607
5,104,21.676960859276566
5,105,18.598773019394354
5,106,20.18572167464027
5,107,16.972621547018917
5,108,15.757572858001774
5,109,19.36752252497346
5,110,19.480184694239934
5,111,16.163493318928737
5,112,14.850542694207514
5,113,18.17950431549303
5,114,19.947445445037282
5,115,17.225818675700204
5,116,15.792415250041726
5,117,12.754141034975284
5,118,12.198839935561649
5,119,10.684257907947014
5,120,7.36483829849102
5,121,7.579974719768141
5,122,9.56651195756502
5,123,9.584115410442534
5,124,8.28029624959286
5,125,11.254741856014187
6,1,14.029278171792008
6,2,11.833957240459636
6,3,8.145593476509786
6,4,5.69187467693159
6,5,3.8355669757527218
6,7,3.791650241351334
6,8,5.218125599111901
6,9,4.8405789570337445
6,10,6.110086943612238
6,11,8.53589994928204
6,12,9.699276841616056
6,13,10.403200895030801
6,14,12.120836189874844
6,15,14.019612304500441
6,16,15.29314493348218
6,17,14.288137913526494
6,18,13.713720040625923
6,19,17.159182516887064
6,20,18.70470996025265
6,21,22.0905597804438
6,22,21.19798904465526
6,23,17.80866325250711
6,24,14.81194965463089
6,25,11.182086040579309
6,26,10.532674119365044
6,27,13.395018592054384
6,28,12.08976602028921
6,29,8.787518907355018
6,30,11.511150040898185
6,31,13.952507672665227
6,32,12.026658427308996
6,33,11.570516118710708
6,34,15.335400218610893
6,35,16.640282595263468
6,36,15.216535096836294
6,37,12.712598739325873
6,38,10.570813490021989
6,39,13.697690801173353
6,40,15.113668468475757
6,41,18.45651849276989
6,42,18.925300602122984
6,43,22.415239728548745
6,44,24.589825348908462
6,45,28.405833206201763
6,46,29.451671696396836
6,47,32.75546604010961
6,48,34.706661716753395
6,49,33.946034312785486
6,50,30.759743082809017
6,51,27.453412574429752
6,52,23.827144329429643
6,53,21.598379120132552
6,54,18.009539883022764
6,55,14.516838798982292
6,56,16.24195815259169
6,57,19.632119962910608
6,58,21.86269532945225
6,59,25.529809150804468
6,60,28.129826214824504
6,61,31.003057643444883
6,62,30.18707163698887
6,63,27.288939169729655
6,64,27.56436133985516
6,65,30.414645672386204
6,66,30.315799045932106
6,67,34.13419506828757
6,68,34.457218280885904
6,69,34.295246411001365
6,70,33.903859519954636
6,71,30.9178928541813
6,72,29.880188000276398
6,73,26.88118974772942
6,74,29.330727289617123
6,75,27.38887960602404
6,76,27.96677049125141
6,77,25.602102090685676
6,78,24.903891021927027
6,79,22.733864144582633
6,80,20.25755176723213
6,81,19.56719528969135
6,82,18.470846167190604
6,83,15.326604270934721
6,84,15.10629215391015
6,85,14.21180360062058
6,86,16.490531439672967
6,87,19.408357619692296
6,88,17.721616587696857
6,89,16.422061314796498
6,90,19.995238501072823
6,91,21.6400853942549
6,92,19.511489638567607
6,93,20.597185690348027
6,94,24.190187671021746
6,95,23.963153673855363
6,96,22.562281594711035
6,97,25.318277030495988
6,98,27.86725164924797
6,99,29.448308634998114
6,100,27.28101197741134
6,101,23.860458489143433
6,102,20.886310978175317
6,103,23.698668139011282
6,104,23.803728958614574
6,105,21.07109785282695
6,106,22.99621302798082
6,107,19.98930815697876
6,108,18.248737616649944
6,109,21.74530829610491
6,110,22.23845263845486
6,111,18.949158072230023
6,112,17.05881192657413
6,113,19.985605712651214
6,114,21.393674585103785
6,115,18.653281953681255
6,116,16.56458662469787
6,117,13.572972712158188
6,118,11.987745966502985
6,119,11.13746474577805
6,120,8.26049074751721
6,121,6.524916047835901
6,122,8.375365078334989
6,123,7.471959608358553
6,124,5.049782199491629
6,125,7.504461482785303
7,1,11.237455438030063
7,2,9.873814553576082
7,3,6.101780488565195
7,4,5.147649981496531
7,5,5.528026053825041
7,6,3.791650241351334
7,8,3.8116255558118457
7,9,5.581488354595935
7,10,5.350176357062113
7,11,6.3884199022069685
7,12,8.79855415720639
7,13,10.165035044058195
7,14,10.764066235164515
7,15,12.551046217314838
7,16,14.698590230404868
7,17,14.303709509940692
7,18,14.57147570613638
7,19,18.229305526332777
7,20,19.120389529724783
7,21,22.689283764253098
7,22,22.429442037029624
7,23,19.14160963262474
7,24,16.543636020915933
7,25,12.733759951472669
7,26,12.85939709747245
7,27,15.16904794593059
7,28,12.982337399800839
7,29,10.122079829148719
7,30,13.323584169080302
7,31,14.91226403408669
7,32,12.239129501230252
7,33,12.506905809574132
7,34,16.3188755479359
7,35,16.824660392936604
7,36,14.84521114073685
7,37,12.785085417762511
7,38,9.83190261611357
7,39,12.175633168063328
7,40,12.924787452496986
7,41,16.30281154562285
7,42,17.469600150826405
7,43,21.02204377446432
7,44,23.659215596272883
7,45,27.414034178634363
7,46,28.810518250229965
7,47,32.3257339723495
7,48,34.00714581767973
7,49,32.858355483075705
7,50,29.63586681241237
7,51,26.20019985767905
7,52,22.743956633903533
7,53,20.054241193532068
7,54,16.315503607222404
7,55,13.21955828820635
7,56,15.54547840811885
7,57,18.82346690110174
7,58,20.864846914366908
7,59,24.544423489070997
7,60,26.73492242966252
7,61,29.870719382628714
7,62,29.103552879392968
7,63,25.964502165585845
7,64,25.783110800935958
7,65,28.38180348102815
7,66,28.217394195167937
7,67,31.97484340503341
7,68,32.58287339862891
7,69,32.73835031742501
7,70,32.431761392129225
7,71,29.215160301704437
7,72,28.438945873290983
7,73,25.19405024329108
7,74,27.270562415756213
7,75,25.07822470163693
7,76,25.53047213766551
7,77,23.40352095828475
7,78,22.319105267796875
7,79,20.02369358276827
7,80,17.966153746031157
7,81,17.03804349034126
7,82,15.440962804997355
7,83,12.076949462690779
7,84,11.80007173563863
7,85,11.579591147201905
7,86,13.943796958130223
7,87,17.031704951343702
7,88,15.830556438182736
7,89,14.937605125902056
7,90,18.36052360856701
7,91,20.198827664253123
7,92,18.672273205540844
7,93,19.91184746391785
7,94,23.33691039355825
7,95,23.450736861249077
7,96,22.564266979548574
7,97,25.182545625982957
7,98,27.80016249352925
7,99,29.830504929577007
7,100,27.852290989014477
7,101,24.495916860680467
7,102,21.655287361589426
7,103,24.57809931049073
7,104,24.110674562699444
7,105,21.543090200009512
7,106,23.815741770152016
7,107,21.05589359557591
7,108,19.583739142106875
7,109,23.26186552210862
7,110,23.994484328958546
7,111,20.975510701318886
7,112,19.21575782605569
7,113,22.127653347343635
7,114,23.98118028109464
7,115,21.550862243405444
7,116,19.768818611931174
7,117,16.490859239662388
7,118,15.239985802422842
7,119,14.685218823614207
7,120,11.470487742269587
7,121,9.910489471885803
7,122,12.113137447151482
7,123,10.948330335709551
7,124,8.032252901148144
7,125,9.073019278072985
8,1,10.661600095274343
8,2,9.209607905541173
8,3,5.677951141047891
8,4,6.083404076218996
8,5,5.165646700677929
8,6,5.218125599111901
8,7,3.8116255558118457
8,9,3.819534129014658
8,10,5.4364624275967275
8,11,5.101157054949931
8,12,6.0738479245995185
8,13,8.49854539771009
8,14,9.73188414998138
8,15,10.441729214212604
8,16,12.429972728237164
8,17,11.426755073885678
8,18,12.265864085473611
8,19,15.71607306432964
8,20,16.22069215048765
8,21,19.625493568148233
8,22,19.535702204715786
8,23,16.148143956611698
8,24,14.018423486574497
8,25,10.252476980667284
8,26,10.492041206124872
8,27,12.114942047681065
8,28,9.488487926042938
8,29,6.984498525574343
8,30,10.431022835423743
8,31,11.48551737155262
8,32,8.823311312507137
8,33,9.865339371162719
8,34,13.496856872037151
8,35,13.64168856621133
8,36,12.094628787601449
8,37,10.692650594066007
8,38,7.478655985167775
8,39,10.189522712046266
8,40,10.663589367955327
8,41,14.334578844180447
8,42,15.073032688333543
8,43,18.373998952531576
8,44,20.81862121320866
8,45,24.511896351833037
8,46,25.62879140995382
8,47,29.089239173274695
8,48,30.671290855217062
8,49,29.682550000833356
8,50,26.351215774550873
8,51,23.054065023034717
8,52,19.477644713627615
8,53,16.961496548657603
8,54,13.33941094664108
8,55,10.016774612336357
8,56,11.92641329956999
8,57,15.380570975305869
8,58,17.278563712629047
8,59,21.0042799162795
8,60,23.34828915326348
8,61,26.346212892346234
8,62,25.482677570688494
8,63,22.42044939766809
8,64,22.49622321457784
8,65,25.302327454268724
8,66,25.319485029946883
8,67,29.134171240605102
8,68,29.663250000945713
8,69,29.53782696344106
8,70,28.966971336898194
8,71,25.86782463015709
8,72,24.974075225633086
8,73,21.873458581605593
8,74,24.199917420678815
8,75,22.179449649409765
8,76,22.778320099617588
8,77,20.516185002708752
8,78,19.90292094254454
8,79,17.59833045955984
8,80,15.138958588465782
8,81,14.736634568965735
8,82,13.6525180528123
8,83,10.90218331616231
8,84,10.418156060798752
8,85,9.065069667141577
8,86,11.58085990018052
8,87,14.282844477049409
8,88,12.580828493685331
8,89,11.61134420340728
8,90,15.238365887860848
8,91,16.772095015192388
8,92,15.009630790614693
8,93,16.44310577120347
8,94,19.825740666664775
8,95,19.7324263827664
8,96,18.890398500998465
8,97,21.649257777521346
8,98,24.127293503160825
8,99,26.168868261939302
8,100,24.140204001621864
8,101,20.85565839978227
8,102,17.99180440129794
8,103,20.908562555882938
8,104,20.327954066477194
8,105,17.847098689966995
8,106,20.293795430503966
8,107,17.760761931010713
8,108,16.214011611697348
8,109,19.91232244805997
8,110,20.924268554885735
8,111,18.205581222796862
8,112,16.360428594247683
8,113,19.14338653638847
8,114,21.35951787284126
8,115,19.319579688505566
8,116,18.020806852150564
8,117,14.450651537476627
8,118,13.944303457677979
8,119,13.77417379024868
8,120,10.130552059726751
8,121,9.356190195010775
8,122,12.436336974131052
8,123,12.434630170125885
8,124,9.610373927299898
8,125,11.159107815906617
9,1,14.477736557919417
9,2,12.871495475904402
9,3,9.299853808097758
9,4,8.63653078701908
9,5,6.195130708809462
9,6,4.8405789570337445
9,7,5.581488354595935
9,8,3.819534129014658
9,10,3.832688371366843
9,11,5.515909489342349
9,12,5.15795359538299
9,13,6.050146215392845
9,14,8.448690717907981
9,15,9.71258199286495
9,16,10.640210444888984
9,17,9.45894855523638
9,18,9.258189254082541
9,19,12.792187208114976
9,20,13.984978407398415
9,21,17.456952221511795
9,22,16.9220536454135
9,23,13.646751270610645
9,24,10.966815405150891
9,25,7.155241865509395
9,26,7.767344036349518
9,27,10.196555149159819
9,28,8.337345170545039
9,29,6.148537047748244
9,30,9.721466605685507
9,31,11.525436812848353
9,32,10.0354562554206
9,33,11.034118669296404
9,34,14.46759258471698
9,35,15.124989941094212
9,36,14.421747452064892
9,37,13.008940773785202
9,38,10.357528919666038
9,39,13.532398374580904
9,40,14.034609090335119
9,41,17.772277895060117
9,42,18.13271849696007
9,43,21.206392490763047
9,44,23.29370620026881
9,45,26.92667721461738
9,46,27.595180927765572
9,47,30.852211348057146
9,48,32.43581632759879
9,49,31.802145528044985
9,50,28.357825933921834
9,51,25.314366598617372
9,52,21.592095331954813
9,53,19.42358876950894
9,54,16.04261075911163
9,55,12.543720208504809
9,56,13.48136723809901
9,57,17.22201645228133
9,58,18.798641946725418
9,59,22.57404702373909
9,60,25.18283910896433
9,61,27.85177785899821
9,62,26.594735808102744
9,63,23.628766424889186
9,64,24.228898522145517
9,65,27.3459417483844
9,66,27.75646672374635
9,67,31.588555934839285
9,68,32.138797111997484
9,69,31.644138684708707
9,70,30.223291664882918
9,71,27.2530392656685
9,72,25.852501393865634
9,73,22.887432550616822
9,74,25.51914517962669
9,75,23.984633431913906
9,76,25.05755176721005
9,77,22.938313627731812
9,78,22.762742240343858
9,79,20.219877873458238
9,80,17.68828013437018
9,81,17.878105743608472
9,82,16.846849387785134
9,83,14.364938145265462
9,84,13.23759644382427
9,85,11.405438442129281
9,86,13.034698445152738
9,87,15.875821195935007
9,88,14.193819045685675
9,89,12.236009174149304
9,90,15.684786217316825
9,91,17.499311382096767
9,92,15.273772956043857
9,93,15.963957917944875
9,94,19.647243843058607
9,95,19.66433696795891
9,96,18.13265512798071
9,97,20.67344596644647
9,98,23.404259341889368
9,99,25.11119894139162
9,100,23.2408175067731
9,101,19.696898933232372
9,102,17.047874756758475
9,103,20.240322390718518
9,104,20.256400027975758
9,105,18.018116108213338
9,106,20.48623055611389
9,107,18.034999950021568
9,108,15.767146021830108
9,109,19.18399289625132
9,110,20.45481425872228
9,111,17.684986863409005
9,112,15.199024069680185
9,113,17.565129006484415
9,114,19.313003987799988
9,115,17.256458242687163
9,116,15.489824058311003
9,117,11.973350885495151
9,118,10.894815577073606
9,119,11.440818055177168
9,120,8.136957593604063
9,121,6.434719558177738
9,122,9.87617300350509
9,123,10.392855451581646
9,124,7.360903620131266
9,125,8.933569316489217
10,1,15.05164335007199
10,2,14.204190109643147
10,3,10.5222213111435
10,4,10.094427988576918
10,5,8.778972062724524
10,6,6.110086943612238
10,7,5.350176357062113
10,8,5.4364624275967275
10,9,3.832688371366843
10,11,3.854700288986689
10,12,5.606899924925993
10,13,5.265938660295977
10,14,6.100327637605479
10,15,8.643095512979205
10,16,10.145504592381283
10,17,10.373601798750778
10,18,10.183011026021777
10,19,13.974636414192908
10,20,15.021677329134402
10,21,18.78037268599596
10,22,18.640506336383357
10,23,15.825707273177146
10,24,13.108159463265956
10,25,9.492817942375964
10,26,11.021211619066596
10,27,13.543852275473805
10,28,11.52281045952004
10,29,9.880403511077816
10,30,13.52769590227151
10,31,15.082328676004645
10,32,13.313482565327542
10,33,14.552632970961636
10,34,18.065118628612566
10,35,18.389694833707594
10,36,17.325681995947583
10,37,15.987284631823133
10,38,12.897444986325148
10,39,15.505205392271684
10,40,15.423074886591651
10,41,19.197489893722448
10,42,20.23635511149405
10,43,23.37613790300002
10,44,25.841041151978065
10,45,29.420289132436988
10,46,30.320632556507974
10,47,33.71188956008955
10,48,35.05360623835668
10,49,34.14541749177692
10,50,30.62595827856617
10,51,27.52638360985687
10,52,23.937364140068656
10,53,21.368622922562583
10,54,17.874365938527585
10,55,14.746661711641696
10,56,16.052541614951142
10,57,19.765448692828212
10,58,21.00591085139505
10,59,24.817109290732443
10,60,27.055188980221025
10,61,29.881039320604152
10,62,28.449735599369273
10,63,25.213911776841844
10,64,25.503258006157875
10,65,28.457222521141173
10,66,29.00116354704512
10,67,32.76398288884719
10,68,33.708059037903766
10,69,33.45064471711972
10,70,31.62961680791483
10,71,28.403560908036372
10,72,27.002535297974777
10,73,23.74372190481636
10,74,26.011340207440536
10,75,24.451282025894674
10,76,25.680939615267405
10,77,24.014016479338505
10,78,23.490141846712923
10,79,20.584091729416393
10,80,18.661705799229036
10,81,18.78970107870954
10,82,16.99463664582916
10,83,14.26934925962472
10,84,12.536572830238805
10,85,11.520253806944366
10,86,12.501820684706647
10,87,15.931701723860433
10,88,15.140336074693087
10,89,13.051300125936473
10,90,16.03711143964654
10,91,18.50817622669443
10,92,16.895802577348352
10,93,17.13408229831919
10,94,20.79727414590588
10,95,21.466192340778793
10,96,20.10554523810778
10,97,22.17042892605852
10,98,25.226538850591254
10,99,27.220129989219085
10,100,25.753745532705153
10,101,22.13301160947495
10,102,19.86902445095152
10,103,23.29296615436464
10,104,23.090485211796526
10,105,21.16403535831234
10,106,23.89594140583339
10,107,21.635140664050837
10,108,19.346700986230182
10,109,22.719949047592642
10,110,24.186510878667306
10,111,21.497560838440425
10,112,18.9203768437473
10,113,21.0698451990758
10,114,22.70150265803164
10,115,20.71764487521137
10,116,18.664722737200147
10,117,15.28981174786823
10,118,13.647257476389473
10,119,14.463710347327902
10,120,11.53770409673033
10,121,8.967917449546688
10,122,11.832013210975349
10,123,11.363013075771688
10,124,7.61949540853717
10,125,7.3990972946623845
11,1,12.90083875049655
11,2,12.815942409931974
11,3,9.637115608627973
11,4,10.629714197211626
11,5,10.013486898507411
11,6,8.53589994928204
11,7,6.3884199022069685
11,8,5.101157054949931
11,9,5.515909489342349
11,10,3.854700288986689
11,12,3.883569622400049
11,13,5.535873504021406
11,14,5.028994147067284
11,15,6.251609046501595
11,16,8.943380844700712
11,17,9.47770166931863
11,18,10.713412853412073
11,19,14.348180097258442
11,20,14.395415357257361
11,21,18.126228946495473
11,22,18.710405590809163
11,23,15.964581779783638
11,24,14.038263928684941
11,25,10.51741723477404
11,26,12.413296578529769
11,27,13.972367095878164
11,28,11.09102952756833
11,29,10.127439667142513
11,30,13.906124158311908
11,31,14.47771390648982
11,32,12.248940070329638
11,33,14.279954011398656
11,34,17.57565750843223
11,35,17.100733520972142
11,36,15.872406582532106
11,37,15.255205176862146
11,38,11.727665240752565
11,39,13.656762067135793
11,40,12.750379207981858
11,41,16.548603194370365
11,42,17.925570365272506
11,43,20.858050691953956
11,44,23.551769789557397
11,45,26.971282170308854
11,46,28.00946829749752
11,47,31.507409737480543
11,48,32.55318093737529
11,49,31.3996137311004
11,50,27.83046639596089
11,51,24.7402454376784
11,52,21.30862373463394
11,53,18.47839953809021
11,54,15.047976824586451
11,55,12.364386500339819
11,56,13.841247628726949
11,57,17.405977116097116
11,58,18.312417225382248
11,59,22.086422424356922
11,60,23.99198776629151
11,61,26.951453589353253
11,62,25.526113641336714
11,63,22.128792739737012
11,64,22.125192001561523
11,65,24.94432450922937
11,66,25.54442686864016
11,67,29.255038094731674
11,68,30.4092579390241
11,69,30.280982630705797
11,70,28.4066475324896
11,71,25.041215019526227
11,72,23.833076762533906
11,73,20.420718282505312
11,74,22.46094478014285
11,75,20.766813411590043
11,76,21.986820274344105
11,77,20.510923172072857
11,78,19.925804867380755
11,79,16.871086152312312
11,80,15.189790647576373
11,81,15.497859418426431
11,82,13.512424253031615
11,83,11.133203417926863
11,84,8.937668789019192
11,85,7.8394467452088845
11,86,8.718421048202408
11,87,12.21515595851472
11,88,11.746175844531331
11,89,9.966299480381748
11,90,12.8589339005403
11,91,15.39367290861045
11,92,14.321228237900202
11,93,14.820843574522819
11,94,18.24115322800752
11,95,19.12937338143492
11,96,18.349241269174065
11,97,20.352308716977983
11,98,23.33795880005924
11,99,25.75386699661321
11,100,24.420288439292747
11,101,20.976808072446207
11,102,18.844346046080837
11,103,22.259847001678082
11,104,21.467403204644675
11,105,19.76841814328715
11,106,22.810550950089045
11,107,20.906098432478124
11,108,18.908295312663462
11,109,22.371715870573336
11,110,24.088531843532927
11,111,21.784716306456186
11,112,19.40680614085719
11,113,21.508783519080676
11,114,23.684092872716604
11,115,22.112747842675617
11,116,20.617877005550397
11,117,16.975878015870368
11,118,16.07963291693123
11,119,16.941901613951842
11,120,13.590611876672234
11,121,11.819123961594816
11,122,15.074548388441118
11,123,14.878978460423179
11,124,11.271903523383715
11,125,11.16824221032799
12,1,14.675292810614936
12,2,14.160908163481523
12,3,11.2088995051101
12,4,12.151006600048
12,5,10.485882192002368
12,6,9.699276841616056
12,7,8.79855415720639
12,8,6.0738479245995185
12,9,5.15795359538299
12,10,5.606899924925993
12,11,3.883569622400049
12,13,3.7887980790600113
12,14,5.372673538935246
12,15,4.8845909635160085
12,16,6.400835928708356
12,17,5.834488602193193
12,18,7.508651413372157
12,19,10.911126756360098
12,20,10.7965415583647
12,21,14.434095123507857
12,22,14.988755590199116
12,23,12.195077613328131
12,24,10.634853979342557
12,25,7.364617846298237
12,26,9.706168440538963
12,27,10.685192186380085
12,28,7.7621997332382655
12,29,7.871882096637594
12,30,11.515077798832593
12,31,11.803060083211347
12,32,10.377167895766432
12,33,12.920843109105643
12,34,15.756536694378347
12,35,15.249074096304122
12,36,14.876842300462792
12,37,14.750017447965046
12,38,11.598004270652035
12,39,13.941390712600688
12,40,13.080284360296393
12,41,16.930209100002763
12,42,17.601613560360462
12,43,20.145810993696564
12,44,22.379446256722357
12,45,25.68113743535351
12,46,26.216085680452313
12,47,29.508303203354963
12,48,30.516271477149985
12,49,29.737479254348287
12,50,26.068654010746936
12,51,23.269121696718447
12,52,19.68774528066128
12,53,17.32668290324218
12,54,14.259845738014068
12,55,11.376082003365083
12,56,11.769287372256873
12,57,15.542632527407795
12,58,16.142172365018247
12,59,19.932155692143784
12,60,22.168601617252072
12,61,24.775193359329602
12,62,23.08530516117933
12,63,19.873985471507137
12,64,20.475402689493336
12,65,23.666435667804517
12,66,24.59041193925749
12,67,28.33978516341792
12,68,29.327627071006525
12,69,28.725408598293573
12,70,26.270790587819008
12,71,23.148752757893448
12,72,21.541353555367554
12,73,18.411042264561296
12,74,20.949328237136516
12,75,19.71841542236127
12,76,21.279519534857215
12,77,19.66976941764286
12,78,19.81597220887241
12,79,16.810910937581614
12,80,14.626269686898674
12,81,15.696879399524633
12,82,14.462162709367503
12,83,12.850869363332032
12,84,10.657289191907735
12,85,8.128380403929505
12,86,8.614638028705022
12,87,11.449352684153883
12,88,10.280447215931357
12,89,7.673667509935789
12,90,10.771165075973771
12,91,13.060219046980729
12,92,11.334257505041844
12,93,11.591620567930523
12,94,15.227123864367913
12,95,15.899182243683388
12,96,14.733590129410135
12,97,16.822257059590264
12,98,19.80680469347131
12,99,22.037778099754224
12,100,20.698576776701298
12,101,17.182143709975602
12,102,15.146650021109311
12,103,18.687438748396936
12,104,18.1120530927246
12,105,16.649409847341094
12,106,19.81410052260028
12,107,18.201374153198145
12,108,15.83263998533841
12,109,19.08593095716368
12,110,21.14819114952879
12,111,19.152873657915006
12,112,16.491629691491607
12,113,18.197233560405753
12,114,20.46117093955631
12,115,19.292072034051625
12,116,18.105218820113006
12,117,14.39090283596251
12,118,14.021978646678713
12,119,15.416883789444062
12,120,12.124419842165713
12,121,10.868805540529328
12,122,14.566060696834878
12,123,15.348442078094179
12,124,12.065356314033654
12,125,12.590690814323636
13,1,17.955537345809365
13,2,17.354586353913103
13,3,14.050561561777366
13,4,14.256890003311698
13,5,12.22235196416862
13,6,10.403200895030801
13,7,10.165035044058195
13,8,8.49854539771009
13,9,6.050146215392845
13,10,5.265938660295977
13,11,5.535873504021406
13,12,3.7887980790600113
13,14,3.817250424517061
13,15,5.1954103442768345
13,16,5.1330695535998165
13,17,5.6438099263332395
13,18,5.5973404985515245
13,19,9.303752573404106
13,20,10.015949457274525
13,21,13.849969851277843
13,22,14.084976660295116
13,23,11.792006454129652
13,24,9.619992366240679
13,25,6.731399475179139
13,26,9.82628210455468
13,27,11.573374847019611
13,28,9.641521400892291
13,29,9.877460749473597
13,30,13.344513243470335
13,31,14.2844407660993
13,32,13.4921456788583
13,33,15.661614319938755
13,34,18.517591725129137
13,35,18.4460242687791
13,36,18.321655721310858
13,37,17.877574628676076
13,38,14.909050885811695
13,39,17.510906861231458
13,40,16.808296255671525
13,41,20.669429021024655
13,42,21.347864211654365
13,43,23.899676984428535
13,44,26.02912502003793
13,45,29.308877410532634
13,46,29.65903893628321
13,47,32.83176899864685
13,48,33.81530938156364
13,49,33.20178691792835
13,50,29.49050010673761
13,51,26.83650623533478
13,52,23.240438573266285
13,53,21.00817800598262
13,54,18.026239128982873
13,55,15.10896129057877
13,56,15.229910453573021
13,57,19.042274353350354
13,58,19.444477030098028
13,59,23.183205427177768
13,60,25.45788638479919
13,61,27.851806217366516
13,62,25.857867664417725
13,63,22.702585592321732
13,64,23.551617615556466
13,65,26.824182837250365
13,66,28.00955752735329
13,67,31.70475402225604
13,68,32.816005749063876
13,69,32.07595370751688
13,70,28.938965942879513
13,71,25.87396590868535
13,72,23.900104258641104
13,73,20.843327491085464
13,74,23.39177732215295
13,75,22.54084753263105
13,76,24.43662510712603
13,77,23.09973633234184
13,78,23.319917504893734
13,79,20.128570344313452
13,80,18.183682925972963
13,81,19.374500769395567
13,82,17.887999743855772
13,83,16.1314451534067
13,84,13.62313581839704
13,85,11.515865952051941
13,86,11.21499024634384
13,87,14.257890383122087
13,88,13.563302569942984
13,89,10.446022542871976
13,90,12.83616290302524
13,91,15.548566353480687
13,92,13.780342345735322
13,93,13.070704339019699
13,94,16.819805984913074
13,95,17.861420817932267
13,96,16.1288107724162
13,97,17.682135293777588
13,98,21.002442261004713
13,99,22.961601242102578
13,100,21.970005204755886
13,101,18.256577457066317
13,102,16.64649970897895
13,103,20.389883463553495
13,104,20.316487916138104
13,105,19.134744936276793
13,106,22.242115690945973
13,107,20.673704568783222
13,108,17.840884869223053
13,109,20.774392513400453
13,110,22.976120322243197
13,111,20.904125892280597
13,112,17.809826299194526
13,113,19.089055598433298
13,114,20.77196838313915
13,115,19.57520174297298
13,116,17.835502757722164
13,117,14.403129233109764
13,118,13.246465721893964
13,119,15.269666476502877
13,120,12.593357328668633
13,121,10.398977881560656
13,122,13.805218743969563
13,123,14.52622325850973
13,124,11.110435196769426
13,125,10.85765241435686
14,1,17.62572865657957
14,2,17.792351164591164
14,3,14.657434842962566
14,4,15.381810826284207
14,5,14.206981583243365
14,6,12.120836189874844
14,7,10.764066235164515
14,8,9.73188414998138
14,9,8.448690717907981
14,10,6.100327637605479
14,11,5.028994147067284
14,12,5.372673538935246
14,13,3.817250424517061
14,15,3.8658823547670402
14,16,5.658261818498927
14,17,7.967539633719461
14,18,8.804046643278241
14,19,12.165849647084842
14,20,12.135677483918082
14,21,15.958911337415584
14,22,16.871592116977276
14,23,14.97873700956169
14,24,13.211296825740359
14,25,10.505635797444686
14,26,13.55949257686586
14,27,15.110614762143818
14,28,12.713128414670456
14,29,12.899111944543217
14,30,16.54941034952913
14,31,17.09760724356974
14,32,15.723537266310258
14,33,18.11863608915196
14,34,21.097267166209047
14,35,20.569542873544076
14,36,19.978084102730644
14,37,19.701461551925952
14,38,16.31681476272432
14,39,18.297498312320755
14,40,16.987825350815566
14,41,20.765215095307322
14,42,22.081754562603347
14,43,24.630152059746603
14,44,27.151811087155483
14,45,30.33436475312409
14,46,30.99527360572185
14,47,34.32979742043676
14,48,35.03558568634542
14,49,34.05734078469147
14,50,30.32139802330698
14,51,27.59840774847232
14,52,24.221519714957758
14,53,21.56964856135317
