1,2,3.814421179487057
1,3,6.166730949003634
1,4,9.656686957071027
1,5,12.4754627468172
1,6,14.226201059379662
1,7,11.439068832521865
1,8,10.72538210934673
1,9,14.52214765887943
1,10,15.10668504088959
1,11,13.07370594365408
1,12,14.724156140811552
1,13,17.970157486888553
1,14,17.821547067460692
1,15,17.259961790803953
1,16,20.30773853124796
1,17,19.44058548364673
1,18,21.750641238562743
1,19,24.819225650916323
1,20,23.919756427135887
1,21,26.80426750544931
1,22,27.74390171053965
1,23,24.489806863311575
1,24,23.606773459014214
1,25,20.073932336415222
1,26,20.032437632805408
1,27,20.333096682183278
1,28,17.05472737926761
1,29,15.130860682541375
1,30,17.216254741961723
1,31,16.609155153089034
1,32,12.812655542172331
1,33,13.441861418385153
1,34,15.92569948381254
1,35,14.52965978909327
1,36,11.008706211510754
1,37,10.732589183601302
1,38,8.087322268840774
1,39,5.693155311088391
1,40,5.371275894623514
1,41,6.52179983610989
1,42,9.331984379918495
1,43,12.796642321562707
1,44,16.226315919512547
1,45,19.533020987484125
1,46,22.265535889765896
1,47,25.896704071895698
1,48,27.040829836658702
1,49,24.96552127540085
1,50,22.489839295880937
1,51,18.737731288663195
1,52,16.274531747407803
1,53,13.014562654318862
1,54,9.713823501504852
1,55,9.107487132169966
1,56,12.930404159847555
1,57,13.991844491175183
1,58,16.267189268383312
1,59,19.031509978199153
1,60,20.255685326339236
1,61,23.909968082221983
1,62,24.32020786792865
1,63,21.419590768957885
1,64,19.984711348091484
1,65,21.47291384467218
1,66,20.093458888130876
1,67,23.0602318285046
1,68,24.927376109280843
1,69,27.10880350258448
1,70,27.218241765525207
1,71,23.983708617155646
1,72,24.705054637372506
1,73,21.64584152537351
1,74,22.79215626473516
1,75,19.587815694593555
1,76,18.4263240952932
1,77,16.0531792192759
1,78,13.77075552293094
1,79,12.907987035683972
1,80,11.44952889089778
1,81,8.581402975221064
1,82,7.686578185331369
1,83,5.086439727736659
1,84,8.44047558830028
1,85,9.665803544235864
1,86,13.308099591174129
1,87,14.361592645378286
1,88,13.06736617170913
1,89,15.05955630280095
1,90,17.939828855698426
1,91,18.236799295336226
1,92,17.991826211719967
1,93,20.807527708981826
1,94,22.91189823187308
1,95,22.391362992161266
1,96,23.411109877256308
1,97,26.31344203807929
1,98,27.775801948142895
1,99,30.456935013254313
1,100,28.252556196761812
1,101,26.09408824171332
1,102,23.28747929321648
1,103,25.44502405743445
1,104,23.634048713228474
1,105,20.853682263268222
1,106,22.862195396786458
1,107,20.60087754903901
1,108,20.97219270832386
1,109,24.676647145618272
1,110,25.00395409926215
1,111,23.090396554354054
1,112,22.893052083045834
1,113,25.920077907699493
1,114,28.876788817957326
1,115,27.273420692348573
1,116,26.80421798672808
1,117,23.26991599197176
1,118,23.79938573090067
1,119,22.8193137207516
1,120,19.088385262020772
1,121,19.383683443778843
1,122,22.01210355626864
1,123,21.631737819723543
1,124,19.15522450481818
1,125,20.724866647075526
1,126,20.351655385784767
2,1,3.814421179487057
2,3,3.7915769946876865
2,4,6.6740880590848635
2,5,9.475726570027565
2,6,11.881749271451067
2,7,9.892645024052847
2,8,9.21801881830047
2,9,12.827164691539638
2,10,14.128543880394679
2,11,12.927069948350534
2,12,14.212695591585884
2,13,17.33393421216825
2,14,17.93996828224119
2,15,17.70527956525569
2,16,20.279373519831413
2,17,18.874405914761002
2,18,20.703367322284393
2,19,23.719392578483912
2,20,23.292434510546638
2,21,26.110623321931005
2,22,26.554816682573392
2,23,23.062952598192947
2,24,21.921018847664076
2,25,18.39794426814245
2,26,17.736864002496958
2,27,18.241215163889443
2,28,15.389665468306848
2,29,12.865291568333468
2,30,14.54087843622862
2,31,14.480051682384369
2,32,10.775097014552612
2,33,10.50682555491258
2,34,13.231326257428105
2,35,12.619864869838597
2,36,9.089494669615712
2,37,7.685787189239957
2,38,5.349158806234214
2,39,4.198157468143479
2,40,6.337978525494323
2,41,7.976208794830196
2,42,9.346610706828134
2,43,13.131831300975955
2,44,16.02159103575864
2,45,19.654175142321584
2,46,22.054928366710303
2,47,25.588543002257172
2,48,27.14715402571854
2,49,25.505320496693315
2,50,23.140211333278042
2,51,19.338898159353068
2,52,16.518543663108552
2,53,13.808294009913793
2,54,10.388397409016587
2,55,8.656165860009665
2,56,12.318401773648205
2,57,13.677958409300441
2,58,16.554068535746275
2,59,19.432170540562392
2,60,21.285362579068536
2,61,24.704459320812504
2,62,25.149190186380107
2,63,22.4836198523448
2,64,21.607926533851522
2,65,23.467005718343955
2,66,22.09405772748878
2,67,25.338244088450015
2,68,26.835689234900578
2,69,28.788687085361854
2,70,28.628547763547985
2,71,25.604599296716707
2,72,26.035589512396356
2,73,23.16478590168846
2,74,24.8210933872018
2,75,21.89062907132653
2,76,20.909549052987472
2,77,18.127070060372247
2,78,16.40795609369459
2,79,15.650683863843504
2,80,13.441722977710272
2,81,10.9873993470949
2,82,10.8013902963878
2,83,8.21465636932734
2,84,10.909080364183119
2,85,11.143395936992182
2,86,14.973426988910603
2,87,16.271035179438478
2,88,14.278984646974175
2,89,15.720457414796076
2,90,19.06587056769404
2,91,19.26010605775828
2,92,18.24211434548976
2,93,21.067803567330973
2,94,23.4776764315517
2,95,22.535164990112957
2,96,23.065095311749804
2,97,26.27262189524001
2,98,27.704569171773674
2,99,30.015649474360554
2,100,27.50277332459338
2,101,25.250294003086903
2,102,22.089735487111795
2,103,24.088003419880724
2,104,22.738146011233226
2,105,19.57277761162702
2,106,21.1884234550903
2,107,18.46795644625882
2,108,18.838564723405074
2,109,22.561392129916253
2,110,22.522965503482176
2,111,20.278852540776402
2,112,20.2323759002647
2,113,23.522782235614216
2,114,26.295668097361904
2,115,24.38077763773563
2,116,23.866003028332397
2,117,20.496595371019186
2,118,21.074521871836783
2,119,19.696808394470576
2,120,16.094194475686166
2,121,16.77941876723846
2,122,19.157124703427854
2,123,18.905371765932287
2,124,16.881679705193044
2,125,18.990218673711528
2,126,19.004510338177283
3,1,6.166730949003634
3,2,3.7915769946876865
3,4,3.779323000197416
3,5,6.368790053059185
3,6,8.225975008113611
3,7,6.141273399549929
3,8,5.743692366726185
3,9,9.284832000465837
3,10,10.474492336470341
3,11,9.773018536690776
3,12,11.267751173023429
3,13,14.031556830376779
3,14,14.829904956646986
3,15,15.109066517020432
3,16,17.50209986539018
3,17,16.204174720137477
3,18,17.643338232346764
3,19,20.868212325569672
3,20,20.807150745932084
3,21,23.878016477317757
3,22,24.089477000501077
3,23,20.642126382652922
3,24,19.077065349170446
3,25,15.389290914676266
3,26,14.930260909132166
3,27,16.010982265175027
3,28,13.243583519064643
3,29,10.448001555134624
3,30,12.762441898185486
3,31,13.36276408522318
3,32,9.884456209481806
3,33,9.794863234963396
3,34,13.222910928781232
3,35,13.156081372455661
3,36,10.294373069315327
3,37,8.473185126892272
3,38,5.248079491366777
3,39,6.4487622671361065
3,40,8.052504932415694
3,41,10.836925024363905
3,42,12.047235962826985
3,43,15.745889613426282
3,44,18.45199015124456
3,45,22.144343441265157
3,46,24.150222653081073
3,47,27.74637410928622
3,48,29.160637824050355
3,49,27.803972279753125
3,50,25.139999633131172
3,51,21.43040231121622
3,52,18.223715634064902
3,53,15.512961555430927
3,54,11.820125123271024
3,55,9.146013468003863
3,56,12.3419364495853
3,57,14.65022550850124
3,58,17.265700816133347
3,59,20.568780335025235
3,60,22.699789222052683
3,61,25.98306074072111
3,62,25.9131979619058
3,63,23.05976245734889
3,64,22.58294425703963
3,65,24.876113267452084
3,66,24.03019176989269
3,67,27.398382150615
3,68,29.102261385885065
3,69,30.103007431262082
3,70,29.496164354775416
3,71,26.36596553777728
3,72,26.264161918157324
3,73,23.216767450095027
3,74,25.15608952294507
3,75,22.563795536817675
3,76,22.20430223500156
3,77,19.638560879307793
3,78,18.2374290969335
3,79,16.752979785292002
3,80,14.455411379172899
3,81,12.796568856896506
3,82,11.978597024593892
3,83,8.863115093384117
3,84,10.34639357513232
3,85,10.194989769646591
3,86,13.733772686622443
3,87,15.769615514509836
3,88,13.878772569497324
3,89,14.401529452377789
3,90,17.942579836834337
3,91,18.726934599778907
3,92,17.360997256058038
3,93,19.677600363586855
3,94,22.545311909770902
3,95,21.87961104782827
3,96,21.8786235727051
3,97,24.978859321937353
3,98,26.836518574341078
3,99,29.05400827415575
3,100,26.699375183778447
3,101,24.033108820502935
3,102,20.92369999093106
3,103,23.321438313573736
3,104,22.400714423880704
3,105,19.319391493663993
3,106,21.192815450696514
3,107,18.408833766090776
3,108,18.024732841850568
3,109,21.827806314632173
3,110,22.097746195759264
3,111,19.496890418939927
3,112,18.814868871126926
3,113,22.027956110406866
3,114,24.502014556265866
3,115,22.46730354064847
3,116,21.485240573156123
3,117,18.026806774966754
3,118,18.11317757881913
3,119,16.954194465700983
3,120,13.320187793531762
3,121,13.433206032375036
3,122,15.876133351350076
3,123,15.53235507334855
3,124,13.233417397351117
3,125,15.26169086973809
3,126,15.219740744618253
4,1,9.656686957071027
4,2,6.6740880590848635
4,3,3.779323000197416
4,5,3.8292577989402004
4,6,5.829430948512292
4,7,5.292820985009526
4,8,6.251412525040212
4,9,8.653501929526557
4,10,10.124204970094771
4,11,10.824198680962363
4,12,12.244378005854673
4,13,14.275636859918349
4,14,15.623650175864178
4,15,16.59403551850398
4,16,18.483681332813077
4,17,17.00308307328851
4,18,17.638356268172778
4,19,20.87723464693374
4,20,21.48964924376097
4,21,24.580725854473396
4,22,24.217289943870327
4,23,20.689414079965918
4,24,18.58643238429921
4,25,14.931594625442285
4,26,13.912473759192771
4,27,15.685984886823794
4,28,13.650542562611951
4,29,10.208691859374703
4,30,12.197170896488549
4,31,13.839508727981206
4,32,10.958425728926178
4,33,9.83388432582874
4,34,13.497032384737212
4,35,14.462174700178426
4,36,12.049958212526459
4,37,9.232794553940384
4,38,6.992399431187336
4,39,9.299170666527598
4,40,11.575623653066339
4,41,14.229072175728142
4,42,14.908212093077958
4,43,18.597743267283505
4,44,20.91087452367739
4,45,24.699101195045976
4,46,26.45496388032523
4,47,29.906835755535404
4,48,31.590892460632134
4,49,30.529658539743036
4,50,27.970045799447593
4,51,24.298541480607117
4,52,20.96518777190187
4,53,18.62344342214283
4,54,15.022043141661845
4,55,11.94458373094625
4,56,14.629145546996666
4,57,17.147384453118633
4,58,19.95757663887511
4,59,23.283387215703097
4,60,25.73874537609828
4,61,28.830757828429487
4,62,28.702841324862074
4,63,25.986257864388634
4,64,25.844264596144196
4,65,28.31578109507125
4,66,27.511281986243137
4,67,30.962933581059996
4,68,32.51812000458559
4,69,33.35925956694073
4,70,32.56088315062025
4,71,29.54195803431509
4,72,29.189276393837186
4,73,26.228052677318075
4,74,28.413861316471678
4,75,26.01773353622149
4,76,25.812152619449083
4,77,23.164124013861482
4,78,21.93813744150114
4,79,20.43803008357126
4,80,17.99372398879339
4,81,16.488751579726525
4,82,15.738299326759984
4,83,12.53874660074295
4,84,13.671481679661618
4,85,13.327034298551549
4,86,16.576311594648757
4,87,18.91527624564355
4,88,16.90642355676971
4,89,16.83656063398974
4,90,20.50792605845094
4,91,21.447591612994856
4,92,19.609798873568966
4,93,21.627176047237462
4,94,24.775789829730055
4,95,23.982297353128995
4,96,23.449180492230592
4,97,26.623354061141608
4,98,28.595327587968363
4,99,30.467753751586315
4,100,27.98809558622024
4,101,25.147584528218346
4,102,21.865592292087936
4,103,24.20266490858377
4,104,23.851584331342746
4,105,20.591742533501513
4,106,22.108166367805705
4,107,18.96430192593291
4,108,18.32630653081697
4,109,22.021592197523063
4,110,21.979491412614777
4,111,18.910924183878045
4,112,18.14537266823936
4,113,21.539141166453675
4,114,23.544835575938457
4,115,21.044304955932425
4,116,19.646921863149146
4,117,16.470284471181625
4,118,16.107958146198477
4,119,14.430423665867368
4,120,11.164454130587783
4,121,11.191822175712598
4,122,12.975221913912568
4,123,12.306796243237704
4,124,10.559297202370722
4,125,13.000962398355558
4,126,13.73185707171645
5,1,12.4754627468172
5,2,9.475726570027565
5,3,6.368790053059185
5,4,3.8292577989402004
5,6,3.840138297914615
5,7,5.532433211344186
5,8,5.3977220574050735
5,9,6.237552896432754
5,10,8.809174714986097
5,11,10.268135974365697
5,12,10.679679095271945
5,13,12.323532344227946
5,14,14.503977070977074
5,15,15.504259566785885
5,16,16.65759020400299
5,17,14.715612288175198
5,18,14.82115272753636
5,19,17.844215540875197
5,20,18.858422534091623
5,21,21.807853090973232
5,22,21.050461721906714
5,23,17.48768687002973
5,24,15.186798405576344
5,25,11.688973820852432
5,26,10.278971185248496
5,27,12.361460772233896
5,28,10.883308431279314
5,29,7.20251427708504
5,30,9.132695533483313
5,31,11.458614887825993
5,32,9.379420903945967
5,33,8.17565777182795
5,34,11.93329242735119
5,35,13.475065941666667
5,36,12.024336909272028
5,37,9.299066413502153
5,38,7.43693115768256
5,39,10.82123576015035
5,40,13.013637861649965
5,41,16.07264052010659
5,42,16.13293353223515
5,43,19.549610916078706
5,44,21.410297354767902
5,45,25.173273675458333
5,46,26.40752165421412
5,47,29.780276838731076
5,48,31.417818185632473
5,49,30.790347790739936
5,50,28.10265894752431
5,51,24.6211265025731
5,52,21.031380165801476
5,53,19.08874362101857
5,54,15.64001046057205
5,55,12.070778196026199
5,56,13.848419953369012
5,57,16.792708865176124
5,58,19.466085885040624
5,59,22.89186628043598
5,60,25.718645037857556
5,61,28.483715997500198
5,62,28.06059432514522
5,63,25.48839997267012
5,64,25.90361756540217
5,65,28.753888220576233
5,66,28.299317563131655
5,67,31.923955481593495
5,68,33.36714387889151
5,69,33.403480952269604
5,70,32.20026529739226
5,71,29.35216619141198
5,72,28.563397508972134
5,73,25.78087858663753
5,74,28.36836841762926
5,75,26.404113489675144
5,76,26.608722871657346
5,77,23.902268268261267
5,78,23.25482741618727
5,79,21.576630003859638
5,80,18.76625891090509
5,81,17.95281863340704
5,82,17.47546230605808
5,83,14.619030149453444
5,84,15.09769361343264
5,85,13.844862300257768
5,86,16.73062967272732
5,87,19.094514521654503
5,88,16.76731917185563
5,89,15.999860209530517
5,90,19.747162402736777
5,91,20.69810117555028
5,92,18.308643807194404
5,93,19.990080323585097
5,94,23.337241919534087
5,95,22.40469012376769
5,96,21.335950678834532
5,97,24.52929383016646
5,98,26.57908378518407
5,99,28.1248035657919
5,100,25.628731637817776
5,101,22.628102029856002
5,102,19.318459849828937
5,103,21.702317418163574
5,104,21.855307694681432
5,105,18.65311502506583
5,106,20.113192652523857
5,107,16.965202524101475
5,108,15.767312491343572
5,109,19.338319778732938
5,110,19.454561496341277
5,111,16.18859482278614
5,112,14.978350067371396
5,113,18.271364294612283
5,114,20.022245701257145
5,115,17.472158920417712
5,116,15.900173145269923
5,117,12.709828618375825
5,118,12.291483718190381
5,119,10.756286422956874
5,120,7.371035870301396
5,121,7.579549604352103
5,122,9.684077414267437
5,123,9.86930771622236
5,124,8.305745415926609
5,125,11.417844752706173
5,126,11.853586332920393
6,1,14.226201059379662
6,2,11.881749271451067
6,3,8.225975008113611
6,4,5.829430948512292
6,5,3.840138297914615
6,7,3.7962511430655757
6,8,5.381866253587705
6,9,4.78916071381761
6,10,6.069887388668611
6,11,8.648054432690625
6,12,9.70758852689334
6,13,10.304121657522625
6,14,12.275980376424005
6,15,14.129010724838183
6,16,15.198814547138472
6,17,13.920775288130903
6,18,13.507056938677806
6,19,16.865282729115627
6,20,18.22146095081061
6,21,21.51190680527565
6,22,20.691740529946166
6,23,17.460996944475514
6,24,14.645785952308213
6,25,11.028725203973348
6,26,10.472003544944686
6,27,13.317842280417448
6,28,11.921930716364015
6,29,8.739265760696819
6,30,11.396202648516812
6,31,13.872447849028724
6,32,12.08942811660983
6,33,11.595252010305737
6,34,15.33503062410636
6,35,16.705892344762496
6,36,15.39276839262077
6,37,12.994799987172039
6,38,10.617910653184445
6,39,13.717527179033155
6,40,15.241883077951673
6,41,18.57720691382222
6,42,19.143376874523348
6,43,22.572459599215836
6,44,24.654855206470966
6,45,28.366375417964164
6,46,29.59929270621199
6,47,33.05980405288386
6,48,34.456877779033555
6,49,33.77260218858967
6,50,30.87477053825433
6,51,27.438306975959232
6,52,23.801906273559545
6,53,21.586072673507765
6,54,18.012222365811155
6,55,14.4912833164311
6,56,16.144550292548338
6,57,19.44170604476484
6,58,21.6733875337268
6,59,25.292298546698007
6,60,27.975307625511594
6,61,30.7653489231246
6,62,29.965065897482155
6,63,27.148263932217265
6,64,27.561964024067432
6,65,30.499797132762733
6,66,30.374686670844714
6,67,33.91718794513292
6,68,35.67525453185698
6,69,35.23100044514901
6,70,33.845931877224594
6,71,30.819686371519502
6,72,29.754981086200644
6,73,26.745560298600896
6,74,29.252799234930777
6,75,27.446848574868767
6,76,28.023128387549143
6,77,25.70090671969269
6,78,24.96087769512044
6,79,22.785400514465724
6,80,20.3378358219514
6,81,19.79149247573526
6,82,18.652778189833686
6,83,15.524325976888578
6,84,15.248833252142152
6,85,14.2812249468484
6,86,16.53081042459321
6,87,19.464997456647808
6,88,17.713958756953893
6,89,16.359047069352442
6,90,19.88700873616125
6,91,21.49909194556286
6,92,19.273428320028586
6,93,20.32563572412695
6,94,23.920618033208694
6,95,23.536946358239366
6,96,22.21183884000926
6,97,25.026588178195396
6,98,27.524973246450326
6,99,29.1433973107002
6,100,27.02188493830434
6,101,23.703215644612253
6,102,20.742749586803527
6,103,23.533307961005548
6,104,23.845088371417496
6,105,20.986905525565298
6,106,22.79151862054465
6,107,19.894325371744344
6,108,18.1592688725442
6,109,21.62996628756784
6,110,22.1538954184305
6,111,18.85246903038192
6,112,17.031139349896804
6,113,19.933779648563526
6,114,21.291946978819624
6,115,18.79344978328696
6,116,16.588613010179678
6,117,13.45835348036549
6,118,11.991453491669251
6,119,11.069110295398186
6,120,8.169336791374255
6,121,6.412349160844423
6,122,8.325865276980048
6,123,7.687124844210853
6,124,5.0487681535880125
6,125,7.685480657890804
6,126,8.230318418265355
7,1,11.439068832521865
7,2,9.892645024052847
7,3,6.141273399549929
7,4,5.292820985009526
7,5,5.532433211344186
7,6,3.7962511430655757
7,8,3.8306330946184888
7,9,5.422094679503634
7,10,5.1798013371162765
7,11,6.3659156624316395
7,12,8.646519898369
7,13,9.909185316687621
7,14,10.798046277668996
7,15,12.478005472717966
7,16,14.442048368177304
7,17,13.765467490391003
7,18,14.22550551150991
7,19,17.83907095912533
7,20,18.516951319391197
7,21,22.017228729301895
7,22,21.840487515796397
7,23,18.721414681308058
7,24,16.3153239373551
7,25,12.484792082043812
7,26,12.723159204533578
7,27,15.004411952526599
7,28,12.705688155134672
7,29,9.972276105589183
7,30,13.158724676503827
7,31,14.77506030076789
7,32,12.24673717041205
7,33,12.477143433761903
7,34,16.270009155660073
7,35,16.830503675464392
7,36,14.94932826425982
7,37,13.032412166570191
7,38,9.872170340847477
7,39,12.164445847949338
7,40,13.02602540201253
7,41,16.376612505033908
7,42,17.620892407883762
7,43,21.122324474283133
7,44,23.666240576936
7,45,27.312578422932916
7,46,28.903773383697928
7,47,32.5240967572267
7,48,33.695309354213165
7,49,32.62505731216696
7,50,29.638265970082983
7,51,26.119099215558446
7,52,22.636684344023877
7,53,19.950826801333935
7,54,16.23090448990476
7,55,13.096810293315169
7,56,15.315825645665932
7,57,18.509410679493534
7,58,20.530131535567584
7,59,24.189711630860355
7,60,26.47412581588837
7,61,29.53691316586159
7,62,28.759357425301886
7,63,25.68466983117887
7,64,25.64718779334867
7,65,28.352982583638777
7,66,28.195496810571164
7,67,31.572060443519753
7,68,33.59476677993014
7,69,33.4074077625598
7,70,32.25348969315531
7,71,28.999873691648467
7,72,28.182834813071274
7,73,24.92528074494898
7,74,27.070423223322393
7,75,25.005376181824168
7,76,25.477284196215415
7,77,23.404372808448795
7,78,22.294725563778613
7,79,19.959500442951725
7,80,17.9224258036094
7,81,17.187558061138642
7,82,15.563094415638746
7,83,12.223883341275979
7,84,11.863390674729319
7,85,11.523330813501147
7,86,13.843861652043204
7,87,16.92834400917425
7,88,15.639429378689506
7,89,14.68582047751379
7,90,18.08268492286539
7,91,19.887365166851385
7,92,18.259108721157467
7,93,19.475147378889694
7,94,22.920826634368
7,95,22.880240675269267
7,96,22.080598880419885
7,97,24.753679587993922
7,98,27.30364760075892
7,99,29.36545448105697
7,100,27.428007135556932
7,101,24.17886728170741
7,102,21.398614698355306
7,103,24.36272746663051
7,104,24.099115588364654
7,105,21.38114792696749
7,106,23.567854859202143
7,107,20.900418052437743
7,108,19.420920836642356
7,109,23.090537573329797
7,110,23.845213176264767
7,111,20.856793878856216
7,112,19.163349399762502
7,113,22.003957528697278
7,114,23.797290450320542
7,115,21.635261196054117
7,116,19.73727927483867
7,117,16.337586955463433
7,118,15.201654901204762
7,119,14.623779838450067
7,120,11.380716934890483
7,121,9.758229535093784
7,122,12.032618512563737
7,123,11.139738650188885
7,124,8.009052564850785
7,125,9.333383588926893
7,126,9.226521128865631
8,1,10.72538210934673
8,2,9.21801881830047
8,3,5.743692366726185
8,4,6.251412525040212
8,5,5.3977220574050735
8,6,5.381866253587705
8,7,3.8306330946184888
8,9,3.7983645599158686
8,10,5.407804847645503
8,11,5.202929794056391
8,12,5.999612502920244
8,13,8.413678256106515
8,14,9.865335399422115
8,15,10.459448783649226
8,16,12.267195551209161
8,17,10.962477101620435
8,18,12.032577508065131
8,19,15.426656045559128
8,20,15.665751547931919
8,21,18.98505437841015
8,22,19.04818088104037
8,23,15.802971161721713
8,24,13.920794673997282
8,25,10.109889997768716
8,26,10.470765926597066
8,27,12.029566795115215
8,28,9.258689252481224
8,29,6.903299748189494
8,30,10.369874178706011
8,31,11.384468207251
8,32,8.83432408818542
8,33,9.864441167691423
8,34,13.480747629063636
8,35,13.646935854843559
8,36,12.165921585269293
8,37,10.946531527104547
8,38,7.574315064065145
8,39,10.156671635507402
8,40,10.689542793424977
8,41,14.354847361770311
8,42,15.196978458057716
8,43,18.43176359677458
8,44,20.78575192095568
8,45,24.345559922132082
8,46,25.688862501581426
8,47,29.317645402140666
8,48,30.329507065142323
8,49,29.418115055186817
8,50,26.320817709236806
8,51,22.922937451863802
8,52,19.328996214705345
8,53,16.809572731632993
8,54,13.207873891925049
8,55,9.863974050739884
8,56,11.664385607949907
8,57,15.0405103344358
8,58,16.914581777025894
8,59,20.615941067394946
8,60,23.036177534756998
8,61,25.960409385801206
8,62,25.09542501539004
8,63,22.101718573798863
8,64,22.317005162181413
8,65,25.21833620278574
8,66,25.224000178962022
8,67,28.728124099945163
8,68,30.634924484731187
8,69,30.041426719710138
8,70,28.73899997406289
8,71,25.600148970270716
8,72,24.67928297695324
8,73,21.567282199556622
8,74,23.954908717642695
8,75,22.070556201086486
8,76,22.673662868934663
8,77,20.452340507924436
8,78,19.80574777215947
8,79,17.505346367617868
8,80,15.058226758473962
8,81,14.825515259910942
8,82,13.708931640045533
8,83,10.976223346324316
8,84,10.450757309357833
8,85,8.988711955764538
8,86,11.491953885204707
8,87,14.18808968440595
8,88,12.387714489441827
8,89,11.360766936399772
8,90,14.960208381199335
8,91,16.44134346141344
8,92,14.577234259380802
8,93,16.00058827891342
8,94,19.388311556198744
8,95,19.137426572540985
8,96,18.400977534861177
8,97,21.21163353515992
8,98,23.610842444825586
8,99,25.694202353587425
8,100,23.705433577008776
8,101,20.541171406785267
8,102,17.74894959476992
8,103,20.72485546863335
8,104,20.317706612561224
8,105,17.68545270574264
8,106,20.060043784343197
8,107,17.637460299819736
8,108,16.09506196922564
8,109,19.798927077295893
8,110,20.835409309110936
8,111,18.155188747517787
8,112,16.402040569150614
8,113,19.087400542811896
8,114,21.248780035553313
8,115,19.493860846340933
8,116,18.089906424222292
8,117,14.428759989360373
8,118,14.04368941232812
8,119,13.926039839952638
8,120,10.242593626441076
8,121,9.375585331317188
8,122,12.539196349796148
8,123,12.805250011522226
8,124,9.800727068049282
8,125,11.63375763404795
8,126,10.533786396852161
9,1,14.52214765887943
9,2,12.827164691539638
9,3,9.284832000465837
9,4,8.653501929526557
9,5,6.237552896432754
9,6,4.78916071381761
9,7,5.422094679503634
9,8,3.7983645599158686
9,10,3.8609140094200907
9,11,5.676629332708209
9,12,5.223455516416656
9,13,6.1072142918432455
9,14,8.71239717355612
9,15,9.93280251972543
9,16,10.64740366698611
9,17,9.145062292321729
9,18,9.127727857510605
9,19,12.583046042187041
9,20,13.559293217207795
9,21,16.942465904517896
9,22,16.489423830398533
9,23,13.375072280281772
9,24,10.897339592857383
9,25,7.063158405822602
9,26,7.739244565521121
9,27,10.118630796916992
9,28,8.151226513027312
9,29,6.087716350395248
9,30,9.660394707522949
9,31,11.408971647256985
9,32,10.02621710545685
9,33,10.976188910349359
9,34,14.422732863129024
9,35,15.14255352625071
9,36,14.492555357163281
9,37,13.202285408026896
9,38,10.403582089679494
9,39,13.490024564974478
9,40,14.094595403546895
9,41,17.82640067904441
9,42,18.296511833009266
9,43,21.313443811604998
9,44,23.30359937541925
9,45,26.79836362049022
9,46,27.71263378729319
9,47,31.23180846314935
9,48,32.18476796169017
9,49,31.640043625022468
9,50,28.454293234407
9,51,25.26844038389491
9,52,21.536661106030262
9,53,19.373153728277472
9,54,16.004806509427276
9,55,12.484822658339855
9,56,13.338594282641132
9,57,17.00770408695836
9,58,18.601851318433724
9,59,22.335293531674452
9,60,25.001623285517297
9,61,27.58940416088629
9,62,26.35939465933936
9,63,23.48131061739546
9,64,24.204768251138294
9,65,27.400045335438712
9,66,27.77109892968189
9,67,31.336141686731544
9,68,33.20473755365025
9,69,31.837978011930723
9,70,30.131220269439424
9,71,27.136902731871366
9,72,25.717208134762142
9,73,22.748704100606666
9,74,25.437268947616374
9,75,24.040703070377557
9,76,25.09752372273865
9,77,22.991516086391748
9,78,22.762591566942987
9,79,20.266061709760027
9,80,17.741302062982058
9,81,18.05085107271368
9,82,16.994189160517035
9,83,14.478568552017165
9,84,13.369121491510697
9,85,11.473727128374058
9,86,13.110115940943988
9,87,15.96013990930073
9,88,14.202279073296696
9,89,12.208183968488388
9,90,15.615212121891402
9,91,17.382056709232177
9,92,15.05119289022926
9,93,15.720623708904881
9,94,19.403198957749403
9,95,19.258895542593017
9,96,17.802392073463313
9,97,20.41544307368714
9,98,23.098121159203988
9,99,24.831601448491156
9,100,23.002574098018123
9,101,19.541959575077982
9,102,16.91842033105432
9,103,20.076435386870543
9,104,20.30102055550085
9,105,17.90761524567184
9,106,20.25094821521456
9,107,17.934755840375917
9,108,15.692809915423885
9,109,19.11991979240212
9,110,20.40520957202782
9,111,17.55506375775702
9,112,15.166841728240314
9,113,17.50333000463339
9,114,19.15516495750975
9,115,17.389423669766998
9,116,15.516958086630178
9,117,11.949180457944237
9,118,10.951883841165053
9,119,11.467730690485391
9,120,8.161214452929816
9,121,6.362388771062825
9,122,9.793606698823863
9,123,10.569856676808897
9,124,7.4787076713832175
9,125,9.375332380032527
9,126,7.759484305877619
10,1,15.10668504088959
10,2,14.128543880394679
10,3,10.474492336470341
10,4,10.124204970094771
10,5,8.809174714986097
10,6,6.069887388668611
10,7,5.1798013371162765
10,8,5.407804847645503
10,9,3.8609140094200907
10,11,3.835687780442874
10,12,5.525450648115736
10,13,5.11761457451431
10,14,6.271061826814515
10,15,8.699714934660344
10,16,10.016609993365767
10,17,9.96319776163132
10,18,9.967084788298937
10,19,13.739024750818643
10,20,14.588743968655349
10,21,18.306527214947778
10,22,18.186640077553825
10,23,15.59087669270704
10,24,13.025064565448911
10,25,9.400075103050767
10,26,11.001641971309665
10,27,13.468513303179888
10,28,11.34133233567216
10,29,9.842677375428854
10,30,13.499559445960355
10,31,14.994264547930127
10,32,13.335731656839357
10,33,14.522956981155849
10,34,18.045853500913942
10,35,18.42795972572377
10,36,17.401223489210434
10,37,16.203024329547883
10,38,12.969122388850087
10,39,15.464473470651743
10,40,15.502055719123208
10,41,19.23264275861922
10,42,20.37940666978355
10,43,23.478808599578926
10,44,25.853510393827566
10,45,29.291056794024513
10,46,30.45512322299948
10,47,34.085396902405854
10,48,34.82383495215815
10,49,34.0019482227284
10,50,30.69655523299236
10,51,27.487577303112786
10,52,23.88083070813421
10,53,21.29970733784843
10,54,17.817930962782402
10,55,14.673113499773573
10,56,15.881626927226563
10,57,19.527145052509965
10,58,20.772301480198127
10,59,24.56641837066439
10,60,26.853727411076655
10,61,29.61430840552771
10,62,28.19305475932409
10,63,25.025403602548465
10,64,25.419462175622765
10,65,28.460738295856768
10,66,28.99557076120802
10,67,32.35510334342449
10,68,34.584780772884855
10,69,33.14228112653296
10,70,31.491646784334275
10,71,28.25001594684665
10,72,26.819003045511714
10,73,23.549336337714024
10,74,25.87393351892404
10,75,24.43234116240629
10,76,25.66458907067355
10,77,24.024543024311267
10,78,23.44423696191671
10,79,20.54857363982221
10,80,18.641263866399882
10,81,18.925398026555932
10,82,17.11213501089114
10,83,14.327557371579205
10,84,12.604737044430726
10,85,11.509391784677698
10,86,12.465931293143393
10,87,15.890977345288732
10,88,15.03257137528425
10,89,12.917609460988935
10,90,15.873103988954776
10,91,18.319580526333784
10,92,16.61863608057808
10,93,16.83984873093874
10,94,20.52440101483506
10,95,21.052221986211325
10,96,19.772999963040732
10,97,21.910570103944735
10,98,24.92824842583611
10,99,26.94259132443718
10,100,25.522374188362097
10,101,21.960667057140114
10,102,19.75357464622199
10,103,23.150890133934087
10,104,23.168607306482446
10,105,21.070874956474817
10,106,23.690456220616692
10,107,21.5632200776739
10,108,19.302843027968766
10,109,22.698075596793007
10,110,24.170875805526947
10,111,21.393119801973874
10,112,18.903623788230814
10,113,21.018692916108574
10,114,22.52860547259611
10,115,20.864368178046007
10,116,18.712850701259143
10,117,15.30282011127667
10,118,13.716445090989984
10,119,14.452677931701562
10,120,11.557463021887164
10,121,8.891613471607094
10,122,11.667689256324733
10,123,11.4429759349735
10,124,7.684816157545676
10,125,7.902720526765568
10,126,5.71566099896107
11,1,13.07370594365408
11,2,12.927069948350534
11,3,9.773018536690776
11,4,10.824198680962363
11,5,10.268135974365697
11,6,8.648054432690625
11,7,6.3659156624316395
11,8,5.202929794056391
11,9,5.676629332708209
11,10,3.835687780442874
11,12,3.8714394421864595
11,13,5.393016078265116
11,14,5.065209817635758
11,15,6.1993274364987485
11,16,8.744568363709782
11,17,9.081613925125422
11,18,10.513788409168674
11,19,14.161983502093296
11,20,13.987602700999199
11,21,17.699901219689764
11,22,18.353017003186835
11,23,15.84264073781628
11,24,14.076004768039628
11,25,10.524883293045665
11,26,12.529780253757899
11,27,14.05671520461252
11,28,11.0895179486915
11,29,10.280855417941611
11,30,14.10241744793515
11,31,14.62337744846193
11,32,12.509043903789486
11,33,14.477227193712565
11,34,17.791084824150694
11,35,17.367425456163833
11,36,16.14776051599751
11,37,15.687738195043918
11,38,12.075718280532238
11,39,13.843132234888687
11,40,13.027624087799055
11,41,16.761822600187596
11,42,18.26068020073024
11,43,21.15809768259506
11,44,23.769558769437104
11,45,27.0293168585204
11,46,28.35242408877754
11,47,32.07180678019265
11,48,32.523960240689036
11,49,31.455049804347844
11,50,28.04881708910666
11,51,24.88829002569043
11,52,21.43762582936374
11,53,18.57873141748774
11,54,15.171906141733295
11,55,12.495227343555081
11,56,13.837377859946642
11,57,17.341516717162772
11,58,18.209865847756795
11,59,21.985442550526216
11,60,23.92462749222973
11,61,26.824914486976418
11,62,25.374646089921168
11,63,22.024600685756738
11,64,22.12212684428693
11,65,25.03401633648012
11,66,25.659043526694568
11,67,28.899704492554225
11,68,31.306337045360216
11,69,29.86024226953348
11,70,28.34794015411893
11,71,24.96228838757576
11,72,23.706377646942148
11,73,20.27266517610821
11,74,22.359663406158873
11,75,20.791729581067408
11,76,22.04406052540616
11,77,20.62706341164177
11,78,19.982585402799817
11,79,16.913166788230093
11,80,15.272026896445436
11,81,15.765950456654595
11,82,13.738573595455671
11,83,11.277232201134355
11,84,9.06910315017265
11,85,7.915767961217367
11,86,8.688876605040697
11,87,12.19335543757883
11,88,11.690700709654582
11,89,9.850111782041575
11,90,12.686061994325089
11,91,15.234474304528641
11,92,14.096785627718685
11,93,14.541593426289959
11,94,17.9965418154994
11,95,18.785949599419524
11,96,18.092848960614262
11,97,20.123923405557072
11,98,23.06984094784911
11,99,25.50372378282324
11,100,24.23595683344103
11,101,20.855393592771385
11,102,18.854861044993605
11,103,22.321061200613983
11,104,21.742775503526378
11,105,19.869437334003223
11,106,22.836185964668292
11,107,21.056245740740767
11,108,19.06357516905424
11,109,22.55375761969594
11,110,24.2725603356045
11,111,21.91648164599424
11,112,19.618122109004656
11,113,21.62175740312136
11,114,23.648773105875772
11,115,22.40443371995069
11,116,20.78081019386066
11,117,17.135095770490718
11,118,16.25014944663619
11,119,17.1194558084537
11,120,13.805076567476553
11,121,11.85499443866406
11,122,15.039469307405636
11,123,15.06283383485776
11,124,11.37910482645938
11,125,11.624867805045806
11,126,9.265085527603162
12,1,14.724156140811552
12,2,14.212695591585884
12,3,11.267751173023429
12,4,12.244378005854673
12,5,10.679679095271945
12,6,9.70758852689334
12,7,8.646519898369
12,8,5.999612502920244
12,9,5.223455516416656
12,10,5.525450648115736
12,11,3.8714394421864595
12,13,3.794921094318921
12,14,5.458323801895204
12,15,5.014857356234497
12,16,6.303188412904351
12,17,5.462077675558726
12,18,7.3483651043030855
12,19,10.756266540806902
12,20,10.394070834404243
12,21,14.003298614177933
12,22,14.665050483690099
12,23,12.094284406758238
12,24,10.71027675594353
12,25,7.385878185580118
12,26,9.809098507664112
12,27,10.760932052287236
12,28,7.764546170379162
12,29,8.007314396844608
12,30,11.726627198621967
12,31,11.917186290234023
12,32,10.563683569525834
12,33,13.052736942215752
12,34,15.934765075365284
12,35,15.47772440752236
12,36,15.084644754983929
12,37,15.100659807133294
12,38,11.883470430871654
12,39,14.065819132504615
12,40,13.264903268045627
12,41,17.100286488457712
12,42,17.91227667474471
12,43,20.418706592824655
12,44,22.570286705097207
12,45,25.69699120076251
12,46,26.54020838146609
12,47,30.15471477110048
12,48,30.490439175935464
12,49,29.80482791500397
12,50,26.31549044832163
12,51,23.403144263525867
12,52,19.810354573243462
12,53,17.421564690319077
12,54,14.367281362263133
12,55,11.491689465816652
12,56,11.76970485485955
12,57,15.502917088453863
12,58,16.085589078251683
12,59,19.862466926444814
12,60,22.11214023800339
12,61,24.649263737688326
12,62,22.954064702759727
12,63,19.807771797128268
12,64,20.50885368202459
12,65,23.777969209160016
12,66,24.694700025887677
12,67,28.098942755776495
12,68,30.27759907936823
12,69,28.10550203593491
12,70,26.22640217215644
12,71,23.088529181944956
12,72,21.44259367772772
12,73,18.297765537654932
12,74,20.882012787063733
12,75,19.79724943069123
12,76,21.368272407934555
12,77,19.7847157964883
12,78,19.86229657204984
12,79,16.904146651350185
12,80,14.738235289723338
12,81,15.938408288450999
12,82,14.65396756879657
12,83,12.93765827515585
12,84,10.77182486162309
12,85,8.217336970851628
12,86,8.666669604364937
12,87,11.531665163305721
12,88,10.327364312026454
12,89,7.65835461963844
12,90,10.685544670971586
12,91,12.975478946427208
12,92,11.167320107816495
12,93,11.354738943098948
12,94,15.016270205363188
12,95,15.586840465402537
12,96,14.494304731331015
12,97,16.614564399356393
12,98,19.573842647800767
12,99,21.819521965781423
12,100,20.54970878156605
12,101,17.082504916248745
12,102,15.169696205953757
12,103,18.733155398264806
12,104,18.36848963095027
12,105,16.732532454769053
12,106,19.808920964377442
12,107,18.345400720882537
12,108,15.994273314164884
12,109,19.28686939843191
12,110,21.34747721524308
12,111,19.246644103794658
12,112,16.67828830148868
12,113,18.29410024829424
12,114,20.389897719841706
12,115,19.550905423970427
12,116,18.2344194618302
12,117,14.5607299356147
12,118,14.166953991033678
12,119,15.604688284381306
12,120,12.341207488563862
12,121,10.871244472216427
12,122,14.499953794277257
12,123,15.497651233888437
12,124,12.159661744919655
12,125,13.02578393515067
12,126,10.206430151384845
13,1,17.970157486888553
13,2,17.33393421216825
13,3,14.031556830376779
13,4,14.275636859918349
13,5,12.323532344227946
13,6,10.304121657522625
13,7,9.909185316687621
13,8,8.413678256106515
13,9,6.1072142918432455
13,10,5.11761457451431
13,11,5.393016078265116
13,12,3.794921094318921
13,14,3.819408195608876
13,15,5.377566447885568
13,16,5.155695486936567
13,17,5.489941911123959
13,18,5.569628720535164
13,19,9.29541212668649
13,20,9.830660030671472
13,21,13.652128695559844
13,22,13.881732060227337
13,23,11.876266522087112
13,24,9.79793578444503
13,25,6.890652544583421
13,26,9.995088837805623
13,27,11.725546241105956
13,28,9.723190752927966
13,29,10.047245819301269
13,30,13.593699697248903
13,31,14.425548183209312
13,32,13.676739429796788
13,33,15.787381558788303
13,34,18.710816615350325
13,35,18.70014483734511
13,36,18.537835849154966
13,37,18.21064285331611
13,38,15.136455930389456
13,39,17.59385047393834
13,40,16.977077974372488
13,41,20.818229448971337
13,42,21.654649590672385
13,43,24.18833123083443
13,44,26.25087285886794
13,45,29.36445233921364
13,46,30.044660102583904
13,47,33.593809631632006
13,48,33.884363021878414
13,49,33.355455933644365
13,50,29.82729964661568
13,51,27.032041230273038
13,52,23.42472889007901
13,53,21.147153987413166
13,54,18.154330344071337
13,55,15.234433074796563
13,56,15.295776926027688
13,57,19.075457717391917
13,58,19.499084133910234
13,59,23.22782325934243
13,60,25.49590991594358
13,61,27.83636156828909
13,62,25.859889985141297
13,63,22.765384751670727
13,64,23.673714815207628
13,65,27.008155754982074
13,66,28.172770514155488
13,67,31.50305336000073
13,68,33.766803211724984
13,69,31.117858801667456
13,70,28.997090918316253
13,71,25.9214945512252
13,72,23.923592063723024
13,73,20.844633201849028
13,74,23.42073151485589
13,75,22.689166522494286
13,76,24.5810696437398
13,77,23.260858143708308
13,78,23.384343198242178
13,79,20.238461178217413
13,80,18.321087069337292
13,81,19.6142202569708
13,82,18.068104818377904
13,83,16.172169308304312
13,84,13.700389897095212
13,85,11.598264399083412
13,86,11.277068593680195
13,87,14.372811491733728
13,88,13.675255649300428
13,89,10.554226159616759
13,90,12.883365409917015
13,91,15.614167449611536
13,92,13.79738953815507
13,93,13.043201277601442
13,94,16.805507237607422
13,95,17.7582511911191
13,96,16.0962604049584
13,97,17.700615360852087
13,98,21.025023938451483
13,99,22.993930567005584
13,100,22.073491630148055
13,101,18.369887827453198
13,102,16.838818508709934
13,103,20.5204269249502
13,104,20.669775844996323
13,105,19.30686867863223
13,106,22.297975213268032
13,107,20.886908246148845
13,108,18.098441296511748
13,109,21.090844763281588
13,110,23.28026582770003
13,111,21.013105558737106
13,112,18.010370220249353
13,113,19.268687634537525
13,114,20.75038614728922
13,115,19.890767497697194
13,116,18.02418670027431
13,117,14.662254362737684
13,118,13.428169844793004
13,119,15.399412342035241
13,120,12.786178395070719
13,121,10.37518916536992
13,122,13.604048901825202
13,123,14.495152522807306
13,124,11.106205262860492
13,125,11.183770349752761
13,126,7.723824237275723
14,1,17.821547067460692
14,2,17.93996828224119
14,3,14.829904956646986
14,4,15.623650175864178
14,5,14.503977070977074
14,6,12.275980376424005
14,7,10.798046277668996
14,8,9.865335399422115
14,9,8.71239717355612
14,10,6.271061826814515
14,11,5.065209817635758
14,12,5.458323801895204
14,13,3.819408195608876
14,15,3.8311018372138417
14,16,5.45319075156532
14,17,7.71135717303707
14,18,8.681628570229487
14,19,12.065693219457962
14,20,11.856995731689553
14,21,15.684014585675495
14,22,16.573710864179887
14,23,15.001271772924637
14,24,13.332021547535327
14,25,10.639357772137618
14,26,13.750473247181606
14,27,15.247728686798537
14,28,12.79543057741765
14,29,13.13340585289544
14,30,16.845803057421936
14,31,17.285736308699843
14,32,16.00426020486093
14,33,18.351356237188668
14,34,21.363842961246135
14,35,20.885652989247593
14,36,20.280595884444516
14,37,20.166405937014254
14,38,16.71011130979062
14,39,18.5285760109928
14,40,17.304289226561014
