1,2,3.7924578407997838
1,3,5.451026528703757
1,4,5.268614733647923
1,5,6.534470604262692
1,6,8.989686925516313
1,7,10.247423326131239
1,8,11.046080695935737
1,9,12.966597548107874
1,10,14.785562600970989
1,11,15.762619453512674
1,12,17.24795836640909
1,13,19.05750878805664
1,14,20.493027996750353
1,15,21.617312349655467
1,16,23.252287289634047
1,17,24.881400999061928
1,18,25.99012599326664
1,19,27.544108308032442
1,20,29.31095398118134
1,21,30.617756591534086
1,22,31.7161750967495
1,23,33.96707401722793
1,24,35.261472312929946
1,25,36.06286603413369
1,26,37.525278029375556
1,27,39.81064519807857
1,28,43.22117653053978
1,29,43.27993058385871
1,30,45.699758921418514
1,31,44.243118936781364
1,32,40.56835752026748
1,33,38.50401365789718
1,34,35.12496700945391
1,35,36.42475892067792
1,36,34.73858915769663
1,37,31.164644323188874
1,38,30.027623995095475
1,39,31.020193843895584
1,40,29.845513674928956
1,41,26.314045134504358
1,42,26.911128855952608
1,43,28.122392906081817
1,44,25.135605321697618
1,45,22.82701648331317
1,46,25.28475275794212
1,47,25.21729872760754
1,48,21.514491382167368
1,49,21.098768839714257
1,50,24.293169028123646
1,51,26.03775538497222
1,52,28.789896165969015
1,53,31.22247347644886
1,54,33.556722065300804
1,55,34.810121261454775
1,56,33.91140658155379
1,57,33.80808172462282
1,58,35.07790014600454
1,59,38.664969275020816
1,60,38.96750944253148
1,61,38.21741682731486
1,62,35.85974623668435
1,63,34.19155407872879
1,64,33.6541911948145
1,65,32.2803457772645
1,66,29.77558692792583
1,67,28.986889997836556
1,68,28.416818121018565
1,69,25.864130796983794
1,70,24.048789807137226
1,71,24.251120048085255
1,72,23.09771811732336
1,73,20.224642747275354
1,74,19.453207164676538
1,75,19.612361557640927
1,76,17.426671970428117
1,77,14.706305475096231
1,78,15.16846453435591
1,79,15.033166019979449
1,80,11.596923309164703
1,81,10.452001985916912
1,82,12.687771460809284
1,83,11.544340886521647
1,84,7.917493771207152
1,85,9.850653598246286
1,86,12.377022231337946
1,87,10.32596195388611
1,88,9.137630510402461
1,89,12.84345530741212
1,90,14.229974739563565
1,91,12.788551917821497
1,92,14.904746934542032
1,93,17.736069227827716
1,94,17.879222167744857
1,95,17.676705741467305
1,96,20.317152107402034
2,1,3.7924578407997838
2,3,3.8042775840571026
2,4,5.524137159901985
2,5,5.255131383855948
2,6,6.554673190244172
2,7,9.00094429879074
2,8,10.239967676433977
2,9,11.1003775559986
2,10,12.877358136305215
2,11,14.68808757478249
2,12,15.988621950166785
2,13,17.149265703259033
2,14,18.94291116997659
2,15,20.520286579894986
2,16,21.73916742987517
2,17,23.026576037525714
2,18,24.560175638208293
2,19,26.282547083158466
2,20,27.62301793617552
2,21,28.85858231455328
2,22,30.36267221832982
2,23,32.57041386083616
2,24,33.514672662629
2,25,34.46424287351536
2,26,36.236489098270496
2,27,38.3988880507462
2,28,41.74682104871792
2,29,42.06412230185763
2,30,44.680953947371435
2,31,43.51719891920318
2,32,39.76745085718209
2,33,37.898423986752704
2,34,34.356074622339875
2,35,35.37772328343288
2,36,33.722653179573165
2,37,30.061305888574825
2,38,29.329780307479766
2,39,30.575126605688215
2,40,29.093159844803683
2,41,25.64442163080224
2,42,26.768046855290223
2,43,27.86440999727878
2,44,24.619806824647895
2,45,22.794571306464395
2,46,25.59064322269461
2,47,25.211609762207424
2,48,21.460560357451342
2,49,21.71460451989222
2,50,24.897803646322796
2,51,26.92555723034956
2,52,29.297647957802294
2,53,31.900253537671485
2,54,33.88437611956728
2,55,35.08462509697673
2,56,33.78689153813272
2,57,33.45163331309641
2,58,34.335319637806165
2,59,37.872281397547766
2,60,37.82646936208286
2,61,36.929371055319166
2,62,34.32513316206304
2,63,32.93257677092349
2,64,32.626939057739385
2,65,30.93290443274416
2,66,28.37171931283724
2,67,28.051948045250683
2,68,27.437037498978285
2,69,24.526300555024754
2,70,23.04534162839845
2,71,23.68647500424446
2,72,22.251241161627362
2,73,19.054640733385284
2,74,18.76351142981806
2,75,19.539459651464146
2,76,17.12705689488286
2,77,14.197143882803626
2,78,15.468284236242212
2,79,15.797497320964315
2,80,12.147718539055054
2,81,11.44030688867956
2,82,14.43918599777869
2,83,13.535835681116572
2,84,10.329031651735278
2,85,12.683546551498603
2,86,15.398084773538775
2,87,13.580929452051679
2,88,12.795110679984573
2,89,16.44835149533387
2,90,17.834718841475432
2,91,16.522266181906854
2,92,18.69535137676504
2,93,21.50602028980148
2,94,21.585658715150046
2,95,21.383847598515057
2,96,24.08913563190997
3,1,5.451026528703757
3,2,3.8042775840571026
3,4,3.8076687813573096
3,5,5.303266431263204
3,6,5.114790595383975
3,7,6.3932615974186815
3,8,8.800117959618273
3,9,10.078852163120633
3,10,10.804165142492026
3,11,12.557766537410716
3,12,14.646015695620088
3,13,15.61290754285614
3,14,16.763117024822982
3,15,18.655280244875236
3,16,20.3255235935666
3,17,21.257961064475218
3,18,22.422832693739633
3,19,24.5214970159164
3,20,26.035319654213996
3,21,26.860117223586798
3,22,28.215990617043982
3,23,30.74276135429105
3,24,31.63635855711846
3,25,32.22708430709368
3,26,34.04132807632153
3,27,36.461924729890235
3,28,39.68773539845475
3,29,39.78890222874722
3,30,42.48690423481219
3,31,41.332998609358135
3,32,37.59083907480601
3,33,35.93053810737532
3,34,32.38112991970432
3,35,33.658745251552624
3,36,32.3616323259314
3,37,28.829126403546844
3,38,28.301377044953597
3,39,29.170285346651628
3,40,27.396447847081642
3,41,24.152083441193753
3,42,25.21371742368027
3,43,25.847906095616075
3,44,22.474488011998577
3,45,20.83336247880572
3,46,23.401462644675632
3,47,22.606848101953815
3,48,18.792675748581853
3,49,19.209221390281648
3,50,22.101606398072907
3,51,24.469540466943617
3,52,26.764265880621533
3,53,29.629456125048506
3,54,31.490070720618657
3,55,33.00250846755176
3,56,31.623106250138715
3,57,30.987833029687042
3,58,31.79252963401697
3,59,35.2279388688145
3,60,35.14635249727056
3,61,34.04998603964388
3,62,31.6114355235985
3,63,30.32871818929128
3,64,29.7296319277639
3,65,27.958296820830192
3,66,25.651923698346625
3,67,25.2032453607256
3,68,24.2724832415106
3,69,21.476794073777047
3,70,20.197824846951413
3,71,20.529515775815845
3,72,18.844777053821915
3,73,15.833055032465241
3,74,15.833298279750768
3,75,16.363189449307214
3,76,13.641084642978829
3,77,11.039570591851824
3,78,12.732954311551033
3,79,12.698915436417284
3,80,8.939090828352901
3,81,9.164329521197965
3,82,12.232295233589124
3,83,11.062887258708805
3,84,8.597266425901358
3,85,11.677736757006075
3,86,14.022503303723616
3,87,12.474127778341817
3,88,12.721148941202113
3,89,16.204959860052192
3,90,17.28776178734496
3,91,16.696578131617052
3,92,19.29018078136077
3,93,21.583473282756344
3,94,21.82958484295296
3,95,22.273152253422488
3,96,24.82893540958179
4,1,5.268614733647923
4,2,5.524137159901985
4,3,3.8076687813573096
4,5,3.794838625529062
4,6,5.483823148067221
4,7,5.236975146986633
4,8,6.40492717567043
4,9,8.906713700189842
4,10,10.08473679224245
4,11,10.72265829091371
4,12,12.724614981590005
4,13,14.54207428107918
4,14,15.512522548957351
4,15,16.721760158632872
4,16,18.69494866383179
4,17,20.166587322579584
4,18,20.98192671052572
4,19,22.722062122200626
4,20,24.649744818686116
4,21,25.73447225692639
4,22,26.687027816443493
4,23,29.111581623363904
4,24,30.427069672313607
4,25,31.026685058372106
4,26,32.466271514462505
4,27,34.89116642692699
4,28,38.241242751576884
4,29,38.18173416257102
4,30,40.64198020502894
4,31,39.21828085918068
4,32,35.5341247390917
4,33,33.610561545459355
4,34,30.197669220946903
4,35,31.633945291193957
4,36,30.205287071844396
4,37,26.725189509564647
4,38,25.800553827044638
4,39,26.531789188189038
4,40,25.087067301031436
4,41,21.704392080256525
4,42,22.374080154105222
4,43,23.252350874427567
4,44,20.12790164980455
4,45,18.028908189771176
4,46,20.508584198894003
4,47,20.155123665682584
4,48,16.402550038932784
4,49,16.338431246876752
4,50,19.49596113698703
4,51,21.494314106276857
4,52,23.99561772194164
4,53,26.628305021043523
4,54,28.73362407094195
4,55,30.11387961459908
4,56,29.01817413115979
4,57,28.714887905323856
4,58,29.891828548538992
4,59,33.447466660319655
4,60,33.735040084777516
4,61,32.97842732035901
4,62,30.68541592524351
4,63,28.987129977532287
4,64,28.38989430794603
4,65,27.0661218106621
4,66,24.58025277610281
4,67,23.72317059847898
4,68,23.181579536097022
4,69,20.67725786664935
4,70,18.79035148159464
4,71,19.020158114152142
4,72,17.980008421128534
4,73,15.074457494104976
4,74,14.18557155326609
4,75,14.50150175763585
4,76,12.45277920695099
4,77,9.493659755823504
4,78,10.148282489694816
4,79,10.468185562445296
4,80,7.032371561712713
4,81,5.921217292166339
4,82,9.061623679888294
4,83,8.698027810743255
4,84,5.953305753855191
4,85,8.416168194661164
4,86,11.27436704189122
4,87,10.529066575060808
4,88,10.457164493058299
4,89,13.5739383032456
4,90,15.248138238283302
4,91,15.102221678608226
4,92,17.295509721905653
4,93,19.52006083669108
4,94,20.375128673612107
4,95,20.80508558828094
4,96,22.908191547399007
5,1,6.534470604262692
5,2,5.255131383855948
5,3,5.303266431263204
5,4,3.794838625529062
5,6,3.793523363577752
5,7,5.453559219572317
5,8,5.219463234794781
5,9,6.481346389651571
5,10,8.852793584809048
5,11,10.00869921202304
5,12,10.96352249923425
5,13,12.66349887313878
5,14,14.494993816208197
5,15,15.595156008318767
5,16,16.869483385223383
5,17,18.549386160305666
5,18,19.942734866200635
5,19,21.366994805916825
5,20,22.91788344352866
5,21,24.389820850171514
5,22,25.67721358672863
5,23,27.745113286752414
5,24,28.959232635786684
5,25,29.99643274091378
5,26,31.527668653429807
5,27,33.62178554560852
5,28,37.06495891850131
5,29,37.355265187913055
5,30,39.828405158690494
5,31,38.567877248668005
5,32,34.83943063250205
5,33,32.83079064128214
5,34,29.33049638040316
5,35,30.34376504585453
5,36,28.60447526497459
5,37,24.960620796559915
5,38,24.110768193711433
5,39,25.344694943579153
5,40,23.970296529134
5,41,20.458295625445164
5,42,21.578000101765134
5,43,22.829410883968094
5,44,19.680997829973887
5,45,17.80137869865191
5,46,20.791744270061418
5,47,20.662210334246687
5,48,17.039681229816168
5,49,17.421277775332772
5,50,20.843005239917925
5,51,22.63808578940654
5,52,24.807045593029194
5,53,27.248643281815376
5,54,29.152248219567593
5,55,30.130146649546443
5,56,28.808100186238196
5,57,28.6658006582841
5,58,29.662416952895178
5,59,33.28925904687287
5,60,33.42345985628232
5,61,32.85398153617784
5,62,30.249527543258733
5,63,28.54109821098704
5,64,28.44124806305483
5,65,27.074272589642376
5,66,24.23273546691522
5,67,23.79884286330437
5,68,23.680288159556117
5,69,20.84734445558831
5,70,18.879586287330017
5,71,19.841417230819257
5,72,19.024655511420093
5,73,15.680697601766258
5,74,14.7069702120383
5,75,15.90235293081721
5,76,14.245144084319849
5,77,10.73914251245834
5,78,11.559540221697306
5,79,12.938154118464006
5,80,9.853748615528547
5,81,8.14080858366035
5,82,11.657825510974956
5,83,12.124311601706873
5,84,9.386237712409612
5,85,11.009772344462776
5,86,14.358677364547422
5,87,13.872998032103467
5,88,13.084050275403627
5,89,16.11124085307933
5,90,18.260383267929754
5,91,17.80319161947181
5,92,19.530780593497955
5,93,22.123821735657117
5,94,23.07979042031423
5,95,23.013257399418354
5,96,25.066301227764814
6,1,8.989686925516313
6,2,6.554673190244172
6,3,5.114790595383975
6,4,5.483823148067221
6,5,3.793523363577752
6,7,3.8050147423601217
6,8,5.450009489031352
6,9,5.220993655347503
6,10,6.373623784554174
6,11,8.75143170953185
6,12,10.180950393865114
6,13,10.790150124110587
6,14,12.522153140311643
6,15,14.462154590604008
6,16,15.620896300061835
6,17,16.577702891222938
6,18,18.165145072301648
6,19,20.09591075137472
6,20,21.307139769829256
6,21,22.36091244811908
6,22,23.978118096483335
6,23,26.258601884746945
6,24,27.053705944483273
6,25,27.961816612676415
6,26,29.85588050782087
6,27,32.02884630650103
6,28,35.31091560023368
6,29,35.69124105089572
6,30,38.421623266599994
6,31,37.4522153847857
6,32,33.66675293727628
6,33,32.01759462694542
6,34,28.36797541462806
6,35,29.301288509649584
6,36,27.879073125296124
6,37,24.267205033902762
6,38,23.996832116950557
6,39,25.17581133457255
6,40,23.27898809612232
6,41,20.05392165804885
6,42,21.631035099407644
6,43,22.38299518683768
6,44,18.90673663615244
6,45,17.700747339815962
6,46,20.759433378246694
6,47,19.996118666531675
6,48,16.334569330687266
6,49,17.465539093950145
6,50,20.555606933336037
6,51,22.838925198279092
6,52,24.605401762212995
6,53,27.374978186836717
6,54,28.86874943542099
6,55,30.04365995884637
6,56,28.313014759352956
6,57,27.71128396167246
6,58,28.26350591913874
6,59,31.74814124572021
6,60,31.504801119982517
6,61,30.616382239908845
6,62,27.88857596728025
6,63,26.563980904555525
6,64,26.45877036991895
6,65,24.688025731266197
6,66,21.99733747233958
6,67,21.96211564542738
6,68,21.526336907164755
6,69,18.402366544035914
6,70,16.984970344190582
6,71,18.153386470909492
6,72,16.834077028648345
6,73,13.30076519151831
6,74,13.138360352898683
6,75,14.76903078714697
6,76,12.677217863536447
6,77,9.328316831676165
6,78,11.33860457998254
6,79,12.749256840570638
6,80,9.62090644291827
6,81,9.171280979456393
6,82,12.933908225852864
6,83,13.163453926351668
6,84,11.19178928606759
6,85,13.507524391800626
6,86,16.468811202147776
6,87,15.94475633479325
6,88,15.888882289330757
6,89,18.959938098873693
6,90,20.727603329398935
6,91,20.497679251463506
6,92,22.61389900798859
6,93,24.97227367932216
6,94,25.768324963693527
6,95,26.024867286038585
6,96,28.2084497852276
7,1,10.247423326131239
7,2,9.00094429879074
7,3,6.3932615974186815
7,4,5.236975146986633
7,5,5.453559219572317
7,6,3.8050147423601217
7,8,3.8004746037576544
7,9,5.41661561419533
7,10,5.08169753761636
7,11,6.208608398635333
7,12,8.800730303362064
7,13,9.898940341602161
7,14,10.550605861567632
7,15,12.348596651418148
7,16,14.340198049611534
7,17,15.301960952123641
7,18,16.144467526969468
7,19,18.25258205862416
7,20,19.99527464539308
7,21,20.77633054944369
7,22,21.91038228030073
7,23,24.48353666286731
7,24,25.544248353068635
7,25,26.056721382115544
7,26,27.7210748633431
7,27,30.188073372548416
7,28,33.435296212645085
7,29,33.4617333550033
7,30,36.109981299760804
7,31,34.94337877052527
7,32,31.19837226958644
7,33,29.569163678429813
7,34,26.005400823296178
7,35,27.347171356725607
7,36,26.20686605224166
7,37,22.778800537006465
7,38,22.412909704997407
7,39,23.076495127782483
7,40,21.112688526560287
7,41,18.00462490245486
7,42,19.201928964215885
7,43,19.615997320280208
7,44,16.149624976354026
7,45,14.803025256769779
7,46,17.550829142905325
7,47,16.615740034848603
7,48,12.861118413015387
7,49,13.89242541260047
7,50,16.858223518913242
7,51,19.279574892001367
7,52,21.118501039070544
7,53,24.023628204157024
7,54,25.57871577189101
7,55,27.008600037768584
7,56,25.405083611423105
7,57,24.715913952700696
7,58,25.470785976401995
7,59,28.953206320979344
7,60,28.947694870389487
7,61,28.07548751686509
7,62,25.636534633384922
7,63,24.118832380800757
7,64,23.663413920189445
7,65,22.125812855973617
7,66,19.58407932879551
7,67,19.06701211689358
7,68,18.538972649877838
7,69,15.744876373144454
7,70,14.062612532185428
7,71,14.787350994573801
7,72,13.643585598345112
7,73,10.335917231051212
7,74,9.793335092108283
7,75,11.052722130128508
7,76,9.085697523350285
7,77,5.616404197343956
7,78,7.621828391592418
7,79,9.082292399689647
7,80,6.32361833501294
7,81,6.202497676039499
7,82,9.905945070308901
7,83,10.496514955860984
7,84,9.444881657835763
7,85,11.709896127680917
7,86,14.369736350909994
7,87,14.495646308353473
7,88,15.034156667061291
7,89,17.64800954606119
7,90,19.361425397485494
7,91,19.82429408962522
7,92,22.00249682379446
7,93,23.89728453462805
7,94,25.038920466990053
7,95,25.734426047982392
7,96,27.594746005419392
8,1,11.046080695935737
8,2,10.239967676433977
8,3,8.800117959618273
8,4,6.40492717567043
8,5,5.219463234794781
8,6,5.450009489031352
8,7,3.8004746037576544
8,9,3.811796652362814
8,10,5.424290792209779
8,11,5.04062287492892
8,12,6.347847251323564
8,13,8.674061801675368
8,14,9.872492803089328
8,15,10.584135746678703
8,16,12.374937565140995
8,17,14.21189798331426
8,18,15.112032551694147
8,19,16.50165511820923
8,20,18.434888485080048
8,21,19.83313259841447
8,22,20.76941463171814
8,23,22.937081555695233
8,24,24.389184424283545
8,25,25.250356173721848
8,26,26.570056676651063
8,27,28.7856964767835
8,28,32.234734028468154
8,29,32.35059175694158
8,30,34.75145632962439
8,31,33.41097935260988
8,32,29.695420012243567
8,33,27.70124693966729
8,34,24.21786422426634
8,35,25.415686027739024
8,36,23.870342327921787
8,37,20.346818245628207
8,38,19.558186768578345
8,39,20.469948092390645
8,40,18.94800708166409
8,41,15.521559276499948
8,42,16.618232508827102
8,43,17.655577077601833
8,44,14.4669238531201
8,45,12.692922440157563
8,46,15.784135443893716
8,47,15.597037778311282
8,48,12.07924004804738
8,49,12.831602906601853
8,50,16.285580566010278
8,51,18.073602708248092
8,52,19.912591593443757
8,53,22.388490714270638
8,54,24.09021729361186
8,55,25.067677711465763
8,56,23.62718753174828
8,57,23.451579901185692
8,58,24.497952051531723
8,59,28.153976914489252
8,60,28.436217154737967
8,61,28.059557299021662
8,62,25.570408496646383
8,63,23.614934905580185
8,64,23.53290185148652
8,65,22.461582910176887
8,66,19.504078789777992
8,67,18.857678530503573
8,68,19.08467128125743
8,69,16.448365808157376
8,70,14.056414403123307
8,71,15.203839634072468
8,72,14.983499211055388
8,73,11.695530591810476
8,74,10.026218266708371
8,75,11.641754994801252
8,76,10.879127753413938
8,77,7.092589356678662
8,78,7.507823324916218
8,79,10.08153224077158
8,80,8.198588821380737
8,81,6.206585536384719
8,82,9.792506105904822
8,83,11.544436599309543
8,84,10.211913359148248
8,85,11.278794433219446
8,86,14.487045409253613
8,87,15.23989945229583
8,88,15.061404372999617
8,89,17.280154467495
8,90,19.644445507569493
8,91,20.14306539427328
8,92,21.723560819856218
8,93,23.77714077133337
8,94,25.353789045017102
8,95,25.707320176936413
8,96,27.21223970119939
9,1,12.966597548107874
9,2,11.1003775559986
9,3,10.078852163120633
9,4,8.906713700189842
9,5,6.481346389651571
9,6,5.220993655347503
9,7,5.41661561419533
9,8,3.811796652362814
9,10,3.7959778220531706
9,11,5.377252744694352
9,12,5.2481064723427755
9,13,6.239627617852283
9,14,8.657347102939838
9,15,9.945943965283059
9,16,10.659346668102076
9,17,12.164729388691644
9,18,13.943353374984275
9,19,15.356171779842802
9,20,16.56210744166733
9,21,18.085390995466298
9,22,19.65088023884836
9,23,21.581651051796836
9,24,22.601416885515164
9,25,23.834333078227846
9,26,25.51812538793542
9,27,27.442726950112608
9,28,30.863613246342602
9,29,31.395194469069214
9,30,33.98530617261879
9,31,33.014156671337986
9,32,29.236994004698698
9,33,27.42929393370642
9,34,23.780251200567864
9,35,24.468029203436675
9,36,22.829003640062083
9,37,19.1600364534386
9,38,18.904216189533393
9,39,20.319527214035265
9,40,18.506995326227898
9,41,15.217232060878219
9,42,17.132076142338068
9,43,18.16346397287876
9,44,14.801366908020661
9,45,13.85352580162398
9,46,17.327921029896977
9,47,16.904369920587285
9,48,13.649566505284932
9,49,15.223585149581254
9,50,18.486824832287198
9,51,20.373006309749478
9,52,21.648096471013307
9,53,24.115376678972154
9,54,25.34786812705036
9,55,26.08344599611637
9,56,24.18217737568624
9,57,23.8373107969828
9,58,24.37469164355926
9,59,27.957666825561496
9,60,27.81486214695904
9,61,27.381164985533907
9,62,24.514402529500032
9,63,22.854442695783703
9,64,23.25533787334708
9,65,21.848746644546736
9,66,18.689395588781593
9,67,18.788077113173014
9,68,19.16474684296727
9,69,16.05321104411723
9,70,14.084336743067752
9,71,16.03776832827107
9,72,15.620370813102404
9,73,11.956631961429808
9,74,10.963311101640626
9,75,13.510562339159753
9,76,12.687399834460493
9,77,9.013198116678593
9,78,10.35926469595959
9,79,13.142404730709462
9,80,11.231569897169958
9,81,9.898097471021446
9,82,13.52440087166526
9,83,15.093182959767308
9,84,13.680298394008057
9,85,14.976020040353
9,86,18.224758087404695
9,87,18.712248150618137
9,88,18.41761051302714
9,89,20.85714601319059
9,90,23.20757215610263
9,91,23.427262691091116
9,92,25.020547627547504
9,93,27.28328409420125
9,94,28.690321031151726
9,95,28.849587544558077
9,96,30.523191275372884
10,1,14.785562600970989
10,2,12.877358136305215
10,3,10.804165142492026
10,4,10.08473679224245
10,5,8.852793584809048
10,6,6.373623784554174
10,7,5.08169753761636
10,8,5.424290792209779
10,9,3.7959778220531706
10,11,3.809462320113625
10,12,5.558215394307015
10,13,5.098517674012407
10,14,6.192274179571448
10,15,8.66461085205914
10,16,9.98074285278112
10,17,10.463617197866897
10,18,11.852589756066246
10,19,14.07949332665897
10,20,15.316859394408175
10,21,16.08827252298052
10,22,17.664150794791926
10,23,20.093272975658902
10,24,20.842181965226803
10,25,21.606222327735672
10,26,23.530841848529903
10,27,25.78481438852805
10,28,29.005818889411042
10,29,29.354777395653954
10,30,32.157794509874115
10,31,31.3288869077536
10,32,27.526880297802276
10,33,26.11082391832996
10,34,22.387227574414585
10,35,23.320700022772662
10,36,22.250079924163952
10,37,18.801376220359018
10,38,19.06324309987281
10,39,19.985160762784876
10,40,17.60067578539704
10,41,14.77188817241747
10,42,16.79330031461503
10,43,17.015868957456142
10,44,13.341064102830629
10,45,13.042298651527314
10,46,16.235878580873614
10,47,15.021862606884534
10,48,11.724285021440686
10,49,13.949606892108708
10,50,16.695675706537983
10,51,19.118265398767136
10,52,20.080281227758054
10,53,22.944233609273198
10,54,23.846731965705622
10,55,24.986671766555812
10,56,22.814617114500038
10,57,21.922014131020653
10,58,22.145808484851244
10,59,25.57712715103004
10,60,25.208208038300608
10,61,24.414505284200388
10,62,21.61596623159508
10,63,20.241430515964687
10,64,20.347799993441303
10,65,18.63556025915733
10,66,15.740835535256444
10,67,15.938657913065748
10,68,15.867091761463112
10,69,12.609971169533033
10,70,11.096559985352657
10,71,13.009742869478163
10,72,12.159225943162708
10,73,8.398434141182635
10,74,8.152700902271107
10,75,10.990983533320591
10,76,9.931153788376866
10,77,6.7158514359706265
10,78,9.082587501984351
10,79,11.693500650304903
10,80,10.18975430223118
10,81,10.041950405251438
10,82,13.462051299369646
10,83,14.81298161482171
10,84,14.251884969741814
10,85,16.01846413266995
10,86,18.761161508812005
10,87,19.353804885424765
10,88,19.78814674532774
10,89,22.140727341534184
10,90,24.104189026921727
10,91,24.71561319534082
10,92,26.669070343257292
10,93,28.564204970730618
10,94,29.929810775985114
10,95,30.534306110817365
10,96,32.22107163838172
11,1,15.762619453512674
11,2,14.68808757478249
11,3,12.557766537410716
11,4,10.72265829091371
11,5,10.00869921202304
11,6,8.75143170953185
11,7,6.208608398635333
11,8,5.04062287492892
11,9,5.377252744694352
11,10,3.809462320113625
11,12,3.8213219521734576
11,13,5.395037914634596
11,14,5.084196239638621
11,15,6.162513882029541
11,16,8.620238752522912
11,17,9.90887951826446
11,18,10.284919804226966
11,19,12.132195836262213
11,20,14.222153258867891
11,21,15.169161332602277
11,22,15.972329141795113
11,23,18.439275896170148
11,24,19.814783813915163
11,25,20.387634972100503
11,26,21.773398161009354
11,27,24.179875626163877
11,28,27.519430606115346
11,29,27.535351448195506
11,30,30.0660212587043
11,31,28.8714583100033
11,32,25.117642009960523
11,33,23.425396706532638
11,34,19.83631145824808
11,35,21.15447719996065
11,36,20.079833273767676
11,37,16.75618377293959
11,38,16.557446936257016
11,39,17.064429972379013
11,40,14.9251382996237
11,41,11.939600081433623
11,42,13.438850197733311
11,43,13.721835515798553
11,44,10.170028483821483
11,45,9.364655192113178
11,46,12.539403046419109
11,47,11.656284194543371
11,48,8.350877592025457
11,49,10.390432676697575
11,50,13.357920052068838
11,51,15.491453731071443
11,52,16.542718279289307
11,53,19.279607905165754
11,54,20.38798418756553
11,55,21.505438519901038
11,56,19.59644200660181
11,57,18.991957534041973
11,58,19.709430718048903
11,59,23.30264875706132
11,60,23.43966721954488
11,61,23.027540392523424
11,62,20.543833334530127
11,63,18.599278495798437
11,64,18.552514161268995
11,65,17.488603756938925
11,66,14.471251668285742
11,67,13.917646641395962
11,68,14.332770933570968
11,69,11.673681317825476
11,70,9.153430800280288
11,71,10.845385612071343
11,72,11.007284577226057
11,73,7.724909634923768
11,74,5.784358187990496
11,75,8.561095702955024
11,76,8.725227196768333
11,77,5.50489669834991
11,78,6.425946111690641
11,79,9.792505930228309
11,80,9.382347066752757
11,81,8.593291741799074
11,82,11.434904355840207
11,83,13.602756283379525
11,84,13.573986897674938
11,85,14.626289314302134
11,86,17.2591400938205
11,87,18.57809892816454
11,88,19.04290685868992
11,89,20.82091740814799
11,90,23.004320581512445
11,91,24.080462513534155
11,92,25.749920750942085
11,93,27.3651130835549
11,94,29.15932980827864
11,95,29.886794482602145
11,96,31.155025745372775
12,1,17.24795836640909
12,2,15.988621950166785
12,3,14.646015695620088
12,4,12.724614981590005
12,5,10.96352249923425
12,6,10.180950393865114
12,7,8.800730303362064
12,8,6.347847251323564
12,9,5.2481064723427755
12,10,5.558215394307015
12,11,3.8213219521734576
12,13,3.812444843521219
12,14,5.40737801255878
12,15,5.033138068382706
12,16,6.063384551776654
12,17,8.444624513778743
12,18,9.617279145441616
12,19,10.452035025159581
12,20,12.216485614006762
12,21,14.035208293053607
12,22,15.07194411730286
12,23,16.85141126341179
12,24,18.361387536613808
12,25,19.59688276051931
12,26,20.851946978747144
12,27,22.756745256031113
12,28,26.28753693431038
12,29,26.68904202418495
12,30,29.07744628298562
12,31,27.955022947033164
12,32,24.208767854708935
12,33,22.24990966918325
12,34,18.648699081444093
12,35,19.415931856670436
12,36,17.78450018156465
12,37,14.193537966223541
12,38,13.88736840592787
12,39,15.10652483463383
12,40,13.284399620020817
12,41,9.975073524122367
12,42,12.055253337844594
12,43,13.12578894103989
12,44,9.918630776855888
12,45,9.29502919228492
12,46,13.000550388761042
12,47,12.865060128178792
12,48,10.291538212307799
12,49,12.272398686935821
12,50,15.405793491372712
12,51,16.866665511102457
12,52,17.567406168954182
12,53,19.760855970423936
12,54,20.71116042479531
12,55,21.15761988298673
12,56,19.143597452805505
12,57,19.008640474329468
12,58,19.67663634329872
12,59,23.34624842457074
12,60,23.488407877879645
12,61,23.539274980325345
12,62,20.79217484556254
12,63,18.64269711049119
12,64,19.323340895137783
12,65,18.518603379991966
12,66,15.051834105201783
12,67,14.92387169523467
12,68,16.14942929352177
12,69,13.474795041241977
12,70,10.785227385128346
12,71,13.2420957760629
12,72,13.97162022285608
12,73,10.787414123101449
12,74,8.735147391336294
12,75,11.784710863696825
12,76,12.470282105551378
12,77,9.306599906692966
12,78,9.595548815543262
12,79,13.216279731027663
12,80,12.791023997388718
12,81,11.224870903918752
12,82,14.04550595488967
12,83,16.58383714106453
12,84,16.061633319089644
12,85,16.57822362830409
12,86,19.604952954744185
12,87,21.021563001440143
12,88,20.88953693761007
12,89,22.589129418377798
12,90,25.18421294137102
12,91,26.030093530715195
12,92,27.296138961497203
12,93,29.181756823429186
12,94,31.12932220398713
12,95,31.466064361446886
12,96,32.60834081596442
13,1,19.05750878805664
13,2,17.149265703259033
13,3,15.61290754285614
13,4,14.54207428107918
13,5,12.66349887313878
13,6,10.790150124110587
13,7,9.898940341602161
13,8,8.674061801675368
13,9,6.239627617852283
13,10,5.098517674012407
13,11,5.395037914634596
13,12,3.812444843521219
13,14,3.799362685224144
13,15,5.4837908566689
13,16,5.208556393947199
13,17,5.93544380854101
13,18,8.168275021916816
13,19,9.760274230569024
13,20,10.524177637488114
13,21,11.884981475370184
13,22,13.745798262691128
13,23,15.642979382722789
13,24,16.40436750754282
13,25,17.717244330191072
13,26,19.58559605809246
13,27,21.420137737212222
13,28,24.76485622551504
13,29,25.47293910932349
13,30,28.214143872669414
13,31,27.572979669186267
13,32,23.772860690895318
13,33,22.31755967303991
13,34,18.540923850266978
13,35,18.93682654626357
13,36,17.657947536106793
13,37,14.139602554451747
13,38,14.844354554381047
13,39,16.184225589329763
13,40,13.687451450051404
13,41,11.074130773092934
13,42,13.899751845036421
13,43,14.305263098165952
13,44,10.860406279779015
13,45,11.490575384121335
13,46,15.020441100214164
13,47,14.115914591437148
13,48,11.778865676760446
13,49,14.553929805526232
13,50,17.140539607799532
13,51,19.041772283693454
13,52,19.201277415534744
13,53,21.63613008610612
13,54,22.006003679145813
13,55,22.554981500993946
13,56,20.004563702058284
13,57,19.298468640285424
13,58,19.21677861679374
13,59,22.655417673585617
13,60,22.184579629118073
13,61,21.884765090321096
13,62,18.79113713888499
13,63,17.20645868479154
13,64,18.16012032740475
13,65,16.763709534470934
13,66,13.31019836015798
13,67,14.092387209984153
13,68,15.078977910809813
13,69,11.881270967052103
13,70,10.096732365912292
13,71,13.158901100687531
13,72,13.330859155695165
13,73,9.97076215533767
13,74,9.17166691418189
13,75,12.782317465271806
13,76,13.049156448648189
13,77,10.319424419614087
13,78,11.74207566840569
13,79,15.064070752297296
13,80,14.461261943944976
13,81,13.73949697717381
13,82,16.76843114828595
13,83,18.860282479595305
13,84,18.457395985771463
13,85,19.541888241132217
13,86,22.43779481686464
13,87,23.542467192584525
13,88,23.6766005969463
13,89,25.66343968312129
13,90,28.00900710009306
13,91,28.759639800717554
13,92,30.315183379978702
13,93,32.22855062941651
13,94,33.939352226426095
13,95,34.36317287548059
13,96,35.74385238853404
14,1,20.493027996750353
14,2,18.94291116997659
14,3,16.763117024822982
14,4,15.512522548957351
14,5,14.494993816208197
14,6,12.522153140311643
14,7,10.550605861567632
14,8,9.872492803089328
14,9,8.657347102939838
14,10,6.192274179571448
14,11,5.084196239638621
14,12,5.40737801255878
14,13,3.799362685224144
14,15,3.804626189593105
14,16,5.534334901619972
14,17,5.235377661011668
14,18,5.6846217321841825
14,19,8.291285753643999
14,20,9.836168886205504
14,21,10.258264244924865
14,22,11.495890252961972
14,23,14.1071053399081
14,24,15.023470686590922
14,25,15.584385000577466
14,26,17.355794050956394
14,27,19.721287821073727
14,28,22.927593021701536
14,29,23.17380648850936
14,30,25.97203893051079
14,31,25.215414438056317
14,32,21.407664166096726
14,33,20.193114032214066
14,34,16.424630246604874
14,35,17.41290212468444
14,36,16.79780050279162
14,37,13.691971530801148
14,38,14.576801710678206
14,39,15.035184715487171
14,40,12.091864417273008
14,41,10.003633436312159
14,42,12.482225443713196
14,43,11.969083094759553
14,44,8.259090216867385
14,45,9.490104210191314
14,46,12.54104370476631
14,47,10.954803629395235
14,48,8.815066799237501
14,49,12.110596341288389
14,50,14.134252433331643
14,51,16.34496800031316
14,52,16.20520887991321
14,53,18.94575280603511
14,54,19.097838901788187
14,55,20.075867359587228
14,56,17.423754046362458
14,57,16.27609280137378
14,58,16.164735748705535
14,59,19.58032474412956
14,60,19.205317852038355
14,61,18.741710363926227
14,62,15.921388680087288
14,63,14.229147563387208
14,64,14.721139746629907
14,65,13.398657837504823
14,66,10.06905438136904
14,67,10.46748699787032
14,68,11.340987131745877
14,69,8.318669498972023
14,70,6.298086751808899
14,71,9.460311405738256
14,72,9.9204085605489
14,73,7.000122215610724
14,74,6.114225253805469
14,75,9.889892213996752
14,76,10.715296406206935
14,77,8.857835075599299
14,78,10.208239107396741
14,79,13.388108236687998
14,80,13.610944894503524
14,81,13.464601418715501
14,82,15.944683577397624
14,83,18.097701883691713
14,84,18.476197680442436
14,85,19.583421597488563
14,86,22.005551907258447
14,87,23.437286130834472
14,88,24.088273753807808
14,89,25.770583559571815
14,90,27.880991995169282
14,91,29.093617303518318
14,92,30.793062192710106
14,93,32.29989330403678
14,94,34.13661277015842
14,95,34.94973421798224
14,96,36.16558585393912
15,1,21.617312349655467
15,2,20.520286579894986
15,3,18.655280244875236
15,4,16.721760158632872
15,5,15.595156008318767
15,6,14.462154590604008
15,7,12.348596651418148
15,8,10.584135746678703
15,9,9.945943965283059
15,10,8.66461085205914
15,11,6.162513882029541
15,12,5.033138068382706
15,13,5.4837908566689
15,14,3.804626189593105
15,16,3.8223096912860637
15,17,5.671097054001079
15,18,5.107450518757206
15,19,6.036744796502371
15,20,8.6486906204305
15,21,9.987306610624984
15,22,10.32420195602147
15,23,12.444993383618142
15,24,14.248170535534221
15,25,15.051731299536078
15,26,16.05627040992382
15,27,18.246504458610723
15,28,21.71817689019839
15,29,21.84474342806328
15,30,24.237132096697888
15,31,23.10182339513767
15,32,19.333490305177595
15,33,17.583136481716465
15,34,13.915408738416886
15,35,15.00956769703574
15,36,13.989590274061573
15,37,10.812058386337053
15,38,11.103725030805599
15,39,11.496511647476487
15,40,8.9502496464493
15,41,6.351857479990185
15,42,8.790910003812495
15,43,8.84250528015118
15,44,5.417683638997477
15,45,6.475483618555246
15,46,9.868473675341944
15,47,9.242807059793826
15,48,7.8296107644950395
15,49,10.701011339959315
15,50,12.957398520894413
15,51,14.362068157815218
15,52,14.082526634192481
15,53,16.300557118376727
15,54,16.581836344913587
15,55,17.081540323247218
15,56,14.63034599615137
15,57,14.170540746556028
15,58,14.653626521821963
15,59,18.318998236616917
15,60,18.552827969996397
15,61,18.829899004907585
15,62,16.26357260179011
15,63,13.798938473935106
15,64,14.58943789607969
15,65,14.237794504177456
15,66,10.658838463527408
15,67,10.366408202103326
15,68,12.301671393341804
15,69,10.200211618748215
15,70,7.144433923056312
15,71,10.136324424962876
15,72,11.832544581256006
15,73,9.599591329194935
15,74,7.288867337958516
15,75,10.567543748951412
15,76,12.430422389905406
15,77,10.505758692410492
15,78,10.481210704462056
15,79,14.066972873685776
15,80,14.846879983531172
15,81,13.898891612804453
15,82,15.906244035234298
15,83,18.698655320848413
15,84,19.106402238700998
15,85,19.47603193184335
15,86,21.970382686462692
15,87,23.89372088725432
15,88,24.243580041397237
15,89,25.479752064887666
15,90,27.921850832611067
15,91,29.308006968876832
15,92,30.590498087573305
15,93,32.02857904795503
15,94,34.22391203765614
15,95,34.91099995469656
15,96,35.76063952696163
16,1,23.252287289634047
16,2,21.73916742987517
16,3,20.3255235935666
16,4,18.69494866383179
16,5,16.869483385223383
16,6,15.620896300061835
16,7,14.340198049611534
16,8,12.374937565140995
16,9,10.659346668102076
16,10,9.98074285278112
16,11,8.620238752522912
16,12,6.063384551776654
16,13,5.208556393947199
16,14,5.534334901619972
16,15,3.8223096912860637
16,17,3.813747772402426
16,18,5.402213899011559
16,19,5.0953451912697325
16,20,6.209649570057485
16,21,8.605503330376228
16,22,9.893024826334173
16,23,11.091977783654823
16,24,12.520005668172152
16,25,14.228515545084118
16,26,15.495110520759036
16,27,16.994957837325092
16,28,20.55561653409166
16,29,21.333489015936447
16,30,23.778003299386352
16,31,23.042021752465345
16,32,19.300819059881857
16,33,17.601532421921267
16,34,13.890749167175473
16,35,13.983739185668542
16,36,12.468508474379309
16,37,8.93410161909403
16,38,9.910531174309076
16,39,11.378767993699038
16,40,8.899470847669287
16,41,6.617366816070583
16,42,10.092839833942017
16,43,10.684428388374297
16,44,8.017128659865058
16,45,9.529437800750408
16,46,12.918576056625588
16,47,12.601291277067768
16,48,11.615067576264048
16,49,14.414656952048588
16,50,16.637563147918993
16,51,17.773844148265297
16,52,17.1600961893458
16,53,18.96467745658988
16,54,18.871256349197164
16,55,18.777125323462148
16,56,16.040524885087535
16,57,15.756470393495801
16,58,15.700133521762416
16,59,19.1736648959856
16,60,19.004821695908348
16,61,19.49908981093699
16,62,16.499699373196343
16,63,14.296846694342095
16,64,15.96381431269299
16,65,15.450835713379796
16,66,11.656957435350883
16,67,12.399250773371488
16,68,14.630362312305472
16,69,12.254673381333653
16,70,9.94139748320081
16,71,13.393099031982748
16,72,14.825459024817414
16,73,12.38595763240668
16,74,10.768021089916513
16,75,14.25702624048344
16,76,15.778229152378064
16,77,13.592745140727652
16,78,13.942943448866782
16,79,17.573289426518205
16,80,17.90263445179014
16,81,16.77540907286835
16,82,19.13994748838075
16,83,21.874584708244743
16,84,21.838030032027156
16,85,22.22299253536529
16,86,25.02336600112596
16,87,26.744699102605068
16,88,26.75991760778021
16,89,28.19276623509226
16,90,30.810585231725206
16,91,31.8933678191144
16,92,33.05607920789557
16,93,34.77888919538003
16,94,36.91189257461491
16,95,37.31248739851226
16,96,38.25226371018682
17,1,24.881400999061928
17,2,23.026576037525714
17,3,21.257961064475218
17,4,20.166587322579584
17,5,18.549386160305666
17,6,16.577702891222938
17,7,15.301960952123641
17,8,14.21189798331426
17,9,12.164729388691644
17,10,10.463617197866897
17,11,9.90887951826446
17,12,8.444624513778743
17,13,5.93544380854101
17,14,5.235377661011668
17,15,5.671097054001079
17,16,3.813747772402426
17,18,3.7959149289474676
17,19,5.3868113652809795
17,20,5.069933048372094
17,21,5.98434755963555
17,22,8.316709946388212
17,23,10.10142008105007
17,24,10.494072005302453
17,25,11.913539798060011
17,26,13.980787931009536
17,27,15.683697809216108
17,28,18.923924366669496
17,29,19.83114942693405
17,30,22.724270738265442
17,31,22.482800086414127
17,32,18.71624304862662
17,33,17.758078659887484
17,34,13.94999722728579
17,35,13.930360676070364
17,36,13.28640875803057
17,37,10.31269109761694
17,38,12.355546994865461
17,39,13.365651578273383
17,40,10.140135009070773
17,41,9.087568143471488
17,42,12.558454424628117
17,43,12.075647317467068
17,44,9.220719102819238
17,45,11.67896052124034
17,46,14.594575289029462
17,47,13.329825712192976
17,48,12.499343870483633
17,49,15.888968485498328
17,50,17.506013052175145
17,51,19.17905898476334
17,52,18.147147654697825
17,53,20.322648777960538
17,54,19.691145564387632
17,55,19.97005354931949
17,56,16.779696384463467
17,57,15.66724669784448
17,58,14.753810082101552
17,59,17.887119288305836
17,60,17.027225850844275
17,61,17.006054010984943
17,62,13.693527455513307
17,63,12.171676603888255
17,64,13.96629797078138
17,65,12.79173905228849
17,66,9.1011754736575
17,67,10.852313364051843
17,68,12.715494906789703
17,69,10.01955028190821
17,70,8.819019912095214
17,71,12.597329234747273
17,72,13.525828270521034
17,73,11.31410820855037
17,74,10.808981319045431
17,75,14.48337592724794
17,76,15.694822826580715
17,77,14.090482290537413
17,78,15.212474142081016
17,79,18.501419365848136
17,80,18.830593226918065
17,81,18.44447529358965
17,82,20.889029960819396
17,83,23.24641191466964
17,84,23.480800250924883
17,85,24.357770973505154
17,86,26.943038945976575
17,87,28.467406438474494
17,88,28.862025084950353
17,89,30.48647257078139
17,90,32.81035489739945
17,91,33.941562527342526
17,92,35.432152239141125
17,93,37.063390266142974
17,94,39.008366095788695
17,95,39.62319710354018
17,96,40.751431528512605
18,1,25.99012599326664
18,2,24.560175638208293
18,3,22.422832693739633
18,4,20.98192671052572
18,5,19.942734866200635
18,6,18.165145072301648
18,7,16.144467526969468
18,8,15.112032551694147
18,9,13.943353374984275
18,10,11.852589756066246
18,11,10.284919804226966
18,12,9.617279145441616
18,13,8.168275021916816
18,14,5.6846217321841825
18,15,5.107450518757206
18,16,5.402213899011559
18,17,3.7959149289474676
18,19,3.7837622659456964
18,20,5.501770985983594
18,21,5.229515184902382
18,22,5.8168102189222335
18,23,8.59176244995258
18,24,9.738022963316533
18,25,10.147732191382994
18,26,11.690930055898013
18,27,14.08153865408801
18,28,17.29422149955885
18,29,17.536893130697095
18,30,20.336230676553022
18,31,19.758134097475534
18,32,15.949500379860634
18,33,15.041981940397504
18,34,11.232610421733948
18,35,12.076436493273555
18,36,12.124563747760254
18,37,9.730153415181487
18,38,11.610449662305594
18,39,11.523184903755716
18,40,7.915811643691958
18,41,7.58839361680542
18,42,10.476455474892646
18,43,9.059217023655073
18,44,6.3023969969065305
18,45,9.498066720403708
18,46,11.743222563135948
18,47,10.132166913834316
18,48,10.067740215931101
18,49,13.568446806539724
18,50,14.589818072231528
18,51,16.202123584081534
18,52,14.765431705762326
18,53,17.012866930385055
18,54,16.147178667622846
18,55,16.71058735807906
18,56,13.448441141199705
18,57,12.032997165688213
