1,2,3.807095150393067
1,3,5.545164937441611
1,4,5.306987487457173
1,5,6.312200808727656
1,6,8.683445604062909
1,7,10.083123662525676
1,8,10.70178012559188
1,9,12.527042784215178
1,10,14.59450066620334
1,11,15.538398883542815
1,12,16.425168232772094
1,13,18.504086562889356
1,14,20.315861399788425
1,15,20.97479076859496
1,16,22.581878430016292
1,17,24.59722887250067
1,18,25.949083645922325
1,19,26.893240681062572
1,20,28.806813996914993
1,21,30.613360822026536
1,22,31.081017650460595
1,23,30.618213782089075
1,24,28.326217393524498
1,25,29.173589495028274
1,26,28.32309952398448
1,27,25.068065086730847
1,28,23.991826244961917
1,29,25.108926998040634
1,30,22.69979895442493
1,31,19.747304318295242
1,32,20.76524716013765
1,33,21.27001244427318
1,34,17.792634263863924
1,35,15.936897990987747
1,36,18.521881912195052
1,37,18.794893483420083
1,38,21.081169764158155
1,39,20.266988409343607
1,40,21.186699076961574
1,41,23.193409329636633
1,42,25.655667458664514
1,43,29.087672104381923
1,44,30.608892895561304
1,45,32.19278524049891
1,46,28.839522394555733
1,47,29.495741545949652
1,48,26.697757543227567
1,49,26.861816087659633
1,50,24.91519318038902
1,51,25.065949743438853
1,52,26.891555377593704
1,53,27.931721517712724
1,54,29.840778296465658
1,55,32.03034838742544
1,56,32.99245148033889
1,57,35.092841455864544
1,58,38.854950514204944
1,59,38.65562700200998
1,60,36.83393725276466
1,61,33.76351195693937
1,62,35.09295549302102
1,63,37.72536422387206
1,64,37.73932851320153
1,65,38.16768223931702
1,66,41.8289050544911
1,67,42.25230564862839
1,68,40.54899714443033
1,69,43.390651221713696
1,70,46.00767383915614
1,71,46.674057022303835
1,72,47.875567576842876
1,73,44.33252626747505
1,74,43.347102544749475
1,75,44.99894224964134
1,76,43.222347753867
1,77,44.65988837038775
1,78,43.37261439057647
1,79,45.27694291900291
1,80,48.30695903968828
1,81,48.516013505846374
1,82,47.783239402580655
1,83,45.299287227256016
1,84,44.66607207813193
1,85,40.952324320675146
1,86,41.07952421821464
1,87,42.382033689482746
1,88,40.22942103312707
1,89,37.57160044965827
1,90,33.914574143926814
1,91,34.384886562311515
1,92,37.27801530966174
1,93,35.67220853800299
1,94,32.7231116273948
1,95,35.371397972520995
1,96,37.15603296747265
1,97,34.09639318266357
1,98,33.809031583775
1,99,37.55840651527766
1,100,37.54518303272746
1,101,38.42951831139447
1,102,40.30602119264546
2,1,3.807095150393067
2,3,3.812258348487438
2,4,5.503865562583256
2,5,5.239647330855568
2,6,6.138369701432101
2,7,8.624705281621605
2,8,9.93626031034639
2,9,10.777696136183808
2,10,12.549844035766217
2,11,14.348440445031107
2,12,15.350753801950164
2,13,16.71780273087711
2,14,18.65709108319555
2,15,19.92831331316409
2,16,21.285413637694557
2,17,22.887696242158995
2,18,24.611736934418687
2,19,25.854524634814705
2,20,27.37636337701092
2,21,29.048348798989565
2,22,29.890603911024137
2,23,29.778248865790374
2,24,27.875250349577986
2,25,28.985316713388002
2,26,27.7975943275022
2,27,24.47445154525794
2,28,23.976257876780764
2,29,25.10797405332013
2,30,22.292513334923385
2,31,19.674718903634137
2,32,21.28385414194869
2,33,21.480328471549978
2,34,17.77456112179982
2,35,16.666715751942775
2,36,19.633182333278214
2,37,20.41201941078445
2,38,22.710110003309108
2,39,21.512041410183897
2,40,22.568748147408932
2,41,24.093740417737294
2,42,26.462079398327287
2,43,29.647691728664018
2,44,30.89542289897701
2,45,32.84911706767971
2,46,29.71215102086851
2,47,30.69738274380591
2,48,28.091653701171357
2,49,28.265385336317742
2,50,26.380994706466264
2,51,26.170628047952125
2,52,28.03248428575913
2,53,29.5155525930058
2,54,31.315134940263658
2,55,33.22365492860766
2,56,34.42892309902483
2,57,36.787359330159084
2,58,40.511893189250415
2,59,40.27181956595056
2,60,38.224347643011235
2,61,35.3026265254647
2,62,36.552111775755954
2,63,39.428914702622286
2,64,39.73786404155182
2,65,40.40758578501607
2,66,44.048618715065416
2,67,44.196275188366165
2,68,42.51968276798509
2,69,45.529370442642175
2,70,47.94630682450558
2,71,48.45453072192474
2,72,49.44061593862165
2,73,45.861091703188386
2,74,44.78467496462685
2,75,46.1728586458708
2,76,44.19009243545564
2,77,45.3654435127772
2,78,43.785074273407695
2,79,45.40728837694664
2,80,48.59820600327956
2,81,48.95605810788248
2,82,48.49319609734797
2,83,46.064240642844155
2,84,45.68890204713671
2,85,42.05963916193383
2,86,42.331932595495054
2,87,43.34910611802536
2,88,40.972732963125814
2,89,38.134216234393485
2,90,34.46966176492561
2,91,34.564731621209106
2,92,37.583791105329816
2,93,36.32937113107241
2,94,33.19568101228157
2,95,35.592338979265065
2,96,37.69484303793191
2,97,34.80211159881625
2,98,34.149570721737476
2,99,37.899073226963715
2,100,38.238009248874704
2,101,39.0683954285766
2,102,41.14736793171985
3,1,5.545164937441611
3,2,3.812258348487438
3,4,3.811651302790226
3,5,5.51778135139702
3,6,5.123668591618995
3,7,6.138187267800825
3,8,8.568562240532694
3,9,10.076962643944844
3,10,10.835612176516662
3,11,12.32699782965016
3,12,14.188694774770589
3,13,15.621065502151716
3,14,16.840825313507388
3,15,18.26991872837986
3,16,20.184075370019983
3,17,21.47271954571746
3,18,22.78729702885602
3,19,24.411421382913687
3,20,26.172616576062474
3,21,27.434360225929424
3,22,27.987958340903813
3,23,28.141832459998465
3,24,26.371482345861992
3,25,27.103457016459235
3,26,25.601012929190013
3,27,22.540652362853244
3,28,22.081803130306177
3,29,22.71950931292189
3,30,19.758822340841697
3,31,17.47597284974417
3,32,18.91386085387022
3,33,18.595338213725665
3,34,14.850801455547012
3,35,14.125923484659838
3,36,16.910316226418033
3,37,18.246286590296112
3,38,20.922944143793195
3,39,20.033203789840275
3,40,21.687422108042053
3,41,23.329461679573406
3,42,26.07951144851014
3,43,29.190931259037633
3,44,30.75473205484443
3,45,32.88589813043627
3,46,29.89684144685569
3,47,30.576035966771435
3,48,27.739979290544223
3,49,27.408674122443085
3,50,25.132155046438537
3,51,24.45631977625748
3,52,26.02935134671246
3,53,27.741613100091396
3,54,29.834285519006013
3,55,31.428942989552908
3,56,32.43623655480084
3,57,35.027481757696854
3,58,38.74690723083463
3,59,38.802836408107346
3,60,36.8884669851356
3,61,34.19632072568752
3,62,35.775169547161425
3,63,38.65647228266216
3,64,39.18006646671326
3,65,39.70259389990091
3,66,43.40924840097586
3,67,43.42148913464205
3,68,41.47688036007455
3,69,44.45181489030013
3,70,46.8264212484915
3,71,47.064165377677845
3,72,48.12313560188903
3,73,44.641389380057205
3,74,43.277847800499266
3,75,44.67890164999486
3,76,42.82487583778344
3,77,44.08588200817299
3,78,42.414502803484396
3,79,44.05638044727759
3,80,47.32046987212392
3,81,47.45419033164691
3,82,46.93240454772943
3,83,44.31755542224643
3,84,43.851654693642914
3,85,40.24912436702009
3,86,40.29985007108408
3,87,41.11685940223052
3,88,38.82320031584736
3,89,35.817622862278284
3,90,32.252296177151095
3,91,32.44117245326875
3,92,35.65080214498606
3,93,34.54140305006523
3,94,31.545473362369574
3,95,34.068841354366754
3,96,36.314800511093736
3,97,33.6378778730441
3,98,33.136242758504295
3,99,36.935043229613626
3,100,37.453339499379496
3,101,38.63039595972132
3,102,40.94382045194908
4,1,5.306987487457173
4,2,5.503865562583256
4,3,3.811651302790226
4,5,3.8135469394358235
4,6,5.4637454537668315
4,7,5.16071688450048
4,8,6.096574121758489
4,9,8.69674587380014
4,10,10.094514631437296
4,11,10.54651729189135
4,12,12.031460777258305
4,13,14.261835613392568
4,14,15.521179210856586
4,15,16.201805558324374
4,16,18.252360769029043
4,17,20.0638936995715
4,18,21.083109673685335
4,19,22.289738672632627
4,20,24.39784017499131
4,21,25.90623696544245
4,22,26.161490712028957
4,23,25.892981383123935
4,24,23.757088343417557
4,25,24.407732132507395
4,26,23.289462169978794
4,27,20.160514341169296
4,28,19.246487137765484
4,29,20.114251570359777
4,30,17.52198440773488
4,31,14.777341853598655
4,32,15.988050872408945
4,33,16.23038286597134
4,34,12.635018086462573
4,35,11.212565826891275
4,36,14.144260769334688
4,37,14.978159877448487
4,38,17.418735376545392
4,39,16.46038603275103
4,40,17.98353910251973
4,41,19.79104907191551
4,42,22.5998592043464
4,43,25.835461090094686
4,44,27.57691280398599
4,45,29.534522700531575
4,46,26.466789610669174
4,47,26.970023364555562
4,48,24.048312412342195
4,49,23.719762488645745
4,50,21.4791733850891
4,51,21.026553373926156
4,52,22.722441043989203
4,53,24.254377664782282
4,54,26.257381767401252
4,55,28.03345669154165
4,56,29.0858507458795
4,57,31.539495414391226
4,58,35.26962661755439
4,59,35.217424046133665
4,60,33.307739059538484
4,61,30.52628324947776
4,62,32.08497695292299
4,63,34.9158543700697
4,64,35.38459448495216
4,65,35.911441175138215
4,66,39.61201668395312
4,67,39.65167123045471
4,68,37.74547661652876
4,69,40.72618372173487
4,70,43.11825555541943
4,71,43.44289260062608
4,72,44.51597201190617
4,73,41.014125820085084
4,74,39.74532297736531
4,75,41.21613043288584
4,76,39.398150436130514
4,77,40.754732718660904
4,78,39.245589205429276
4,79,41.0484977103092
4,80,44.2086116014464
4,81,44.309722156707565
4,82,43.67070979131982
4,83,41.08533068826888
4,84,40.55374842154814
4,85,36.90665239968291
4,86,37.01875173106961
4,87,38.02236455306987
4,88,35.75931412173843
4,89,32.913421025725995
4,90,29.28688981236895
4,91,29.62548424129154
4,92,32.69163989966746
4,93,31.34826219211685
4,94,28.38716856982338
4,95,31.02338900316508
4,96,33.068260055950034
4,97,30.262720076247792
4,98,29.929016076745405
4,99,33.73213268129301
4,100,34.053706614418864
4,101,35.25419039493302
4,102,37.48683562333226
5,1,6.312200808727656
5,2,5.239647330855568
5,3,5.51778135139702
5,4,3.8135469394358235
5,6,3.812725143393839
5,7,5.467769957223445
5,8,5.070831375577611
5,9,6.237056206251035
5,10,8.751664916150984
5,11,9.903044014968522
5,12,10.368162959137516
5,13,12.23610184024632
5,14,14.329291611706727
5,15,15.086761748922182
5,16,16.410348723911085
5,17,18.392052661941936
5,18,19.989813721945097
5,19,20.91165818405419
5,20,22.606463529440624
5,21,24.483639989531127
5,22,25.199008792040424
5,23,24.808845716085358
5,24,22.76288814388063
5,25,23.996482393237667
5,26,23.04197340355651
5,27,19.588468324534105
5,28,19.037567050041375
5,29,20.518145269809125
5,30,17.87546278069707
5,31,15.01251804628899
5,32,16.92316684107302
5,33,17.616385192620015
5,34,14.045177541564975
5,35,12.878541965586553
5,36,16.30068032891535
5,37,16.83010755120749
5,38,18.650338823607793
5,39,16.938637443357774
5,40,17.878848960004348
5,41,19.085011244182404
5,42,21.426825886138193
5,43,24.516121940720456
5,44,25.789264559831643
5,45,27.871131810485736
5,46,24.86289175829564
5,47,25.877116374270674
5,48,23.344911358368588
5,49,23.509180485811136
5,50,21.779349507588638
5,51,21.52256531853285
5,52,23.569418050707675
5,53,25.227704920541942
5,54,26.7421855487752
5,55,28.586796029857666
5,56,30.095702021803454
5,57,32.493705598092326
5,58,36.150369399368856
5,59,35.724277746876226
5,60,33.47651679509263
5,61,30.619425566727756
5,62,31.767373385799004
5,63,34.80003828253041
5,64,35.351206559661854
5,65,36.25974919485575
5,66,39.852382942262814
5,67,39.74004698611274
5,68,38.134393141241176
5,69,41.30276195073305
5,70,43.51882471434852
5,71,43.96574846359104
5,72,44.75322459626435
5,73,41.13677848523525
5,74,40.09141385364066
5,75,41.30680326173576
5,76,39.193126270795986
5,77,40.25173931477695
5,78,38.62202151837439
5,79,40.20581064403897
5,80,43.39508890275348
5,81,43.82111367495078
5,82,43.44415151329585
5,83,41.10995099103349
5,84,40.89199741001423
5,85,37.31197184324025
5,86,37.81126912130222
5,87,38.79431728993002
5,88,36.25944106798096
5,89,33.49478498406026
5,90,29.776394872624817
5,91,29.708271920281447
5,92,32.621875805342775
5,93,31.395735154264447
5,94,28.16154662373366
5,95,30.456167327584687
5,96,32.57457893805322
5,97,29.69658643717447
5,98,28.941092573374657
5,99,32.68358912224544
5,100,33.096722701863875
5,101,33.94946981360432
5,102,36.136356559593885
6,1,8.683445604062909
6,2,6.138369701432101
6,3,5.123668591618995
6,4,5.4637454537668315
6,5,3.812725143393839
6,7,3.8066161250133663
6,8,5.4799931493738905
6,9,5.33926126032359
6,10,6.446618115782898
6,11,8.760051108569723
6,12,10.02091563038608
6,13,10.87894023087394
6,14,12.64056707288672
6,15,14.315322703893752
6,16,15.686322222873866
6,17,16.92306847018399
6,18,18.711582688838025
6,19,20.234107796568637
6,20,21.612294149299412
6,21,23.065468768340914
6,22,24.029237016588187
6,23,24.20408584226524
6,24,22.681505015378704
6,25,23.93283211342855
6,26,22.428230563055894
6,27,19.110197501383354
6,28,19.214751978931066
6,29,20.351794118251288
6,30,17.219584119055778
6,31,15.014829916891403
6,32,17.345221381270708
6,33,17.3613391213163
6,34,13.624485367834794
6,35,13.499491604991116
6,36,16.970238844386166
6,37,18.251524019156644
6,38,20.310392349992853
6,39,18.577536049058374
6,40,19.960262470175856
6,41,20.822330264178714
6,42,23.23775921001188
6,43,26.010063130145202
6,44,27.181932940711356
6,45,29.64858738250462
6,46,26.944284243215403
6,47,28.05370092821805
6,48,25.59617223535786
6,49,25.490628915939286
6,50,23.609108159286485
6,51,22.79036857367383
6,52,24.640473831167007
6,53,26.753429522295157
6,54,28.356290010954734
6,55,29.769154022467728
6,56,31.31681192214788
6,57,34.026891030601185
6,58,37.6260301865511
6,59,37.35743444994521
6,60,35.04212995867238
6,61,32.45742284165869
6,62,33.718332248459234
6,63,36.90073888391467
6,64,37.761246340304
6,65,38.73657667225288
6,66,42.32785109974503
6,67,41.966735267127945
6,68,40.242027289229064
6,69,43.47912698790227
6,70,45.528866744021855
6,71,45.709109351158425
6,72,46.38134877454818
6,73,42.81504136043009
6,74,41.54091179277089
6,75,42.5541176726425
6,76,40.363797131267766
6,77,41.24602682711332
6,78,39.31888464614901
6,79,40.649664929084274
6,80,44.010530217405496
6,81,44.43718901355835
6,82,44.260491247525856
6,83,41.87383366394982
6,84,41.8137907721311
6,85,38.3401546683946
6,86,38.80853787278573
6,87,39.43097519086076
6,88,36.78130249250709
6,89,33.77086343101259
6,90,30.141136029147603
6,91,29.793513951640072
6,92,32.92288447228945
6,93,32.110989826901005
6,94,28.831514582258144
6,95,30.94983453813891
6,96,33.423374595905244
6,97,30.846955311448923
6,98,29.862167018547918
6,99,33.594074036048745
6,100,34.413855233595854
6,101,35.39697182955261
6,102,37.853851562177184
7,1,10.083123662525676
7,2,8.624705281621605
7,3,6.138187267800825
7,4,5.16071688450048
7,5,5.467769957223445
7,6,3.8066161250133663
7,8,3.806935197043509
7,9,5.534277390950955
7,10,5.295316728375434
7,11,6.218789391385019
7,12,8.578359265397529
7,13,10.079352220453709
7,14,10.839872506048883
7,15,12.228351067345338
7,16,14.410911205717127
7,17,15.598480405461125
7,18,16.681511422840078
7,19,18.40565908568734
7,20,20.287958970031582
7,21,21.418272134496817
7,22,21.8559220963793
7,23,22.076677150308715
7,24,20.47542944653782
7,25,21.244349415565598
7,26,19.593342556764046
7,27,16.51802074365419
7,28,16.405049702486057
7,29,17.10352828846817
7,30,13.95644267012186
7,31,11.874839639326607
7,32,13.952936057795934
7,33,13.671429667470434
7,34,9.89549156258288
7,35,10.010732424756219
7,36,13.408093545246082
7,37,15.05626014730918
7,38,17.338590461533382
7,39,15.895663496278019
7,40,17.83395731523816
7,41,18.897159666474337
7,42,21.72127331113653
7,43,24.47378498280663
7,44,26.072347699610766
7,45,28.57431456873899
7,46,25.975980343112685
7,47,26.66059133250324
7,48,23.942248462303453
7,49,23.328499970502218
7,50,21.075554801432343
7,51,19.880823637808625
7,52,21.48002938498082
7,53,23.73603637684074
7,54,25.588394391659413
7,55,26.77207496358084
7,56,28.129210748820668
7,57,30.991310115893416
7,58,34.58426155991839
7,59,34.561341829825004
7,60,32.40204918624402
7,61,30.00252085910257
7,62,31.58184230769383
7,63,34.71059779269917
7,64,35.72090490772201
7,65,36.530173371976844
7,66,40.166711384804174
7,67,39.71936358421322
7,68,37.75806430129966
7,69,40.93838982867999
7,70,42.96977191932312
7,71,42.94408536429401
7,72,43.71357517109905
7,73,40.241755432749294
7,74,38.73962443956715
7,75,39.82078397833144
7,76,37.795476995787105
7,77,38.833264899834504
7,78,36.920544827505836
7,79,38.3772530776272
7,80,41.74615624401378
7,81,41.91769297883262
7,82,41.59938377078451
7,83,39.03372233765587
7,84,38.829177694715135
7,85,35.353471924483436
7,86,35.61828634185314
7,87,36.14800637911552
7,88,33.60810627167623
7,89,30.507465891445182
7,90,26.94034336942223
7,91,26.785256991458056
7,92,30.047093126111726
7,93,29.24656190176553
7,94,26.136941060496717
7,95,28.465451838867452
7,96,30.96578126364177
7,97,28.538778104273234
7,98,27.824244635413145
7,99,31.60311995847502
7,100,32.47455900820443
7,101,33.81698144830188
7,102,36.43358679047327
8,1,10.70178012559188
8,2,9.93626031034639
8,3,8.568562240532694
8,4,6.096574121758489
8,5,5.070831375577611
8,6,5.4799931493738905
8,7,3.806935197043509
8,9,3.8097013481778053
8,10,5.493992330584941
8,11,5.105533315439614
8,12,5.9356240312070945
8,13,8.480098202522967
8,14,9.912406730749332
8,15,10.277867582761736
8,16,12.164391410018348
8,17,14.169636921637538
8,18,15.271812290930733
8,19,16.277958921297447
8,20,18.332724936791127
8,21,20.00626129308184
8,22,20.385641770341103
8,23,20.01565720202431
8,24,18.00522403606434
8,25,19.06145401710361
8,26,17.986004974064368
8,27,14.587612875830725
8,28,14.129794130657057
8,29,15.54663862574717
8,30,12.856675566242053
8,31,10.056467930609637
8,32,12.34882679262714
8,33,13.093189734606115
8,34,9.668428465857136
8,35,9.037998547413608
8,36,12.797386196787686
8,37,13.619593655316985
8,38,15.207677730792172
8,39,13.187096702616797
8,40,14.6185586511124
8,41,15.479725137393316
8,42,18.12382833506221
8,43,20.956886301217157
8,44,22.494226941316313
8,45,24.894170324624007
8,46,22.226472721490815
8,47,23.01823009294367
8,48,20.418920474857188
8,49,20.096717271206348
8,50,18.18552924427793
8,51,17.367923409107487
8,52,19.33585640984282
8,53,21.447180799648518
8,54,22.913276895523826
8,55,24.358337094424577
8,56,26.022793348088804
8,57,28.68564941876533
8,58,32.254077139414456
8,59,31.904513286637865
8,60,29.562396378848582
8,61,27.00255529086021
8,62,28.325728695909245
8,63,31.5160087956566
8,64,32.49553261451875
8,65,33.50994453054874
8,66,37.08265312175992
8,67,36.604644637743
8,68,34.85230342715051
8,69,38.132078550099614
8,70,40.106132803510555
8,71,40.2578747678056
8,72,40.90208592554749
8,73,37.338166192868194
8,74,36.070563019174074
8,75,37.10244981648967
8,76,34.95061301490467
8,77,35.93612261244514
8,78,34.136983179654905
8,79,35.659161841810615
8,80,38.937475620693505
8,81,39.25921525147552
8,82,38.95065834263224
8,83,36.55217257543495
8,84,36.4397408539956
8,85,32.940364648507476
8,86,33.48268196879622
8,87,34.22305600910798
8,88,31.573459929165633
8,89,28.701517646358457
8,90,25.006557697906896
8,91,24.79204443358236
8,92,27.805181095458106
8,93,26.791907347703813
8,94,23.543757490959223
8,95,25.815304547026273
8,96,28.136622724122223
8,97,25.496473929609653
8,98,24.718164666768246
8,99,28.49509229662093
8,100,29.1943503145485
8,101,30.36167357852725
8,102,32.86644899961247
9,1,12.527042784215178
9,2,10.777696136183808
9,3,10.076962643944844
9,4,8.69674587380014
9,5,6.237056206251035
9,6,5.33926126032359
9,7,5.534277390950955
9,8,3.8097013481778053
9,10,3.802523172216366
9,11,5.438837075506057
9,12,5.061349115897415
9,13,6.034157826788922
9,14,8.549429114680997
9,15,9.688123200097634
9,16,10.550936799095952
9,17,12.262664199446505
9,18,14.236698577125205
9,19,15.280762247278632
9,20,16.60452291644978
9,21,18.448629861613476
9,22,19.52174801530674
9,23,19.37452563910079
9,24,17.831561191116055
9,25,19.52393358930113
9,26,18.31458484283498
9,27,14.737129332406955
9,28,15.12641661666834
9,29,16.907774824702035
9,30,13.999169063804946
9,31,11.689357131652223
9,32,14.704634447230923
9,33,15.404148758270331
9,34,12.140692476405588
9,35,12.269172641796883
9,36,16.08130449889664
9,37,16.981510639764274
9,38,18.189835586176176
9,39,15.678528895599976
9,40,16.698780563103494
9,41,16.77214523758082
9,42,18.868122582195102
9,43,21.303047523910134
9,44,22.248300637157286
9,45,24.96024614377455
9,46,22.556663899825367
9,47,23.906389644759336
9,48,21.78831508385565
9,49,21.826650432826966
9,50,20.37425226119399
9,51,19.508484233209916
9,52,21.618614673690054
9,53,23.974643429387946
9,54,25.034691209533147
9,55,26.310150247527794
9,56,28.347712446704854
9,57,31.05669350294444
9,58,34.49021227115876
9,59,33.89746370105205
9,60,31.258740244226235
9,61,28.793763601263425
9,62,29.768956862298385
9,63,33.16546477172883
9,64,34.33233584540512
9,65,35.68889401415989
9,66,39.133498915571856
9,67,38.43179134768866
9,68,36.90956385364562
9,69,40.34304500215809
9,70,42.08414446584223
9,71,42.22656649430931
9,72,42.56603735364635
9,73,38.953466407331405
9,74,37.79287121474189
9,75,38.49048939684707
9,76,36.048204122387226
9,77,36.6520112343714
9,78,34.59564344934489
9,79,35.7524975398918
9,80,39.131113247955284
9,81,39.76828817900698
9,82,39.81544614208366
9,83,37.64555089170337
9,84,37.90025464842117
9,85,34.5505523667527
9,86,35.410989753295325
9,87,35.950042888823596
9,88,33.03280455849371
9,89,30.14586940891846
9,90,26.475921341836518
9,91,25.72735913813656
9,92,28.6635572055214
9,93,28.000099964295984
9,94,24.520512574512207
9,95,26.31216671290015
9,96,28.868802948804582
9,97,26.355050723411857
9,98,25.033722377370562
9,99,28.69421969699955
9,100,29.695656066995266
9,101,30.564692199228823
9,102,33.1370732707629
10,1,14.59450066620334
10,2,12.549844035766217
10,3,10.835612176516662
10,4,10.094514631437296
10,5,8.751664916150984
10,6,6.446618115782898
10,7,5.295316728375434
10,8,5.493992330584941
10,9,3.802523172216366
10,11,3.8092900158937666
10,12,5.5456996561574226
10,13,5.273907731729932
10,14,6.262708727975727
10,15,8.576031151543162
10,16,10.096437618473816
10,17,10.726525370121989
10,18,12.427714815852271
10,19,14.353504489198142
10,20,15.643838778632015
10,21,16.744269921534926
10,22,17.74807654976327
10,23,18.277035464918587
10,24,17.27698273608997
10,25,18.637558276766086
10,26,16.747966548510526
10,27,13.529517713126735
10,28,14.507777841918912
10,29,15.604485143140217
10,30,12.204679073764968
10,31,10.819730723011055
10,32,14.003623945495315
10,33,13.844855632299096
10,34,10.589664252804637
10,35,11.866062334457444
10,36,15.462019063362172
10,37,17.138173523746598
10,38,18.667182692312046
10,39,16.441470164560165
10,40,18.126420030384853
10,41,18.116906883698917
10,42,20.48516529218738
10,43,22.60852165964844
10,44,23.725198067078427
10,45,26.708598531091877
10,46,24.630419152668356
10,47,25.75421358922648
10,48,23.547266941836302
10,49,23.060951284910285
10,50,21.26404720616544
10,51,19.730702845085855
10,52,21.460039721857044
10,53,24.22981644718642
10,54,25.527933810935988
10,55,26.289575982467206
10,56,28.19485349054045
10,57,31.225165458464225
10,58,34.586183038087036
10,59,34.295942484712086
10,60,31.74038197380285
10,61,29.629466702432683
10,62,30.89578444625156
10,63,34.32796068797195
10,64,35.78685041782499
10,65,37.05241638023151
10,66,40.51164006121396
10,67,39.60142164826159
10,68,37.84135066214349
10,69,41.25652060169948
10,70,42.86930325262478
10,71,42.67701137544176
10,72,43.000418778211824
10,73,39.510588620352635
10,74,38.02396163835768
10,75,38.605209066906546
10,76,36.227416637714846
10,77,36.78236578178806
10,78,34.48945833668334
10,79,35.49280221071345
10,80,39.013168437789226
10,81,39.481912294574464
10,82,39.6108161938395
10,83,37.28694736459595
10,84,37.57675767114806
10,85,34.33526667380578
10,86,35.01976515252713
10,87,35.18579154962485
10,88,32.261790168792785
10,89,29.109681863954638
10,90,25.595514371080277
10,91,24.71332054916448
10,92,27.920477221673007
10,93,27.65233785759104
10,94,24.284929652931435
10,95,26.032322795348456
10,96,28.904799568535132
10,97,26.781143973914435
10,98,25.45763986964894
10,99,29.094310351599294
10,100,30.465908686832098
10,101,31.66268599509603
10,102,34.521620609320536
11,1,15.538398883542815
11,2,14.348440445031107
11,3,12.32699782965016
11,4,10.54651729189135
11,5,9.903044014968522
11,6,8.760051108569723
11,7,6.218789391385019
11,8,5.105533315439614
11,9,5.438837075506057
11,10,3.8092900158937666
11,12,3.8067544592337375
11,13,5.487390232079179
11,14,5.2104191714444195
11,15,6.0521146074146985
11,16,8.688209722017588
11,17,9.912767694577084
11,18,10.576048707074916
11,19,12.24927322038529
11,20,14.362767504381543
11,21,15.45335579516545
11,22,15.714073823374607
11,23,15.865032689898216
11,24,14.437410748274226
11,25,15.385105546313543
11,26,13.672984559831274
11,27,10.453345059375552
11,28,10.936750374995796
11,29,11.981354415452074
11,30,8.754683013124678
11,31,7.02290825763426
11,32,10.234025069686048
11,33,10.377543919271044
11,34,7.389649993703305
11,35,8.686429955206359
11,36,12.260099500362902
11,37,13.823022669625624
11,38,15.13678052366057
11,39,12.924983677142725
11,40,14.909876201407961
11,41,14.994962812160646
11,42,17.687648063554136
11,43,19.845739195660457
11,44,21.404067849013604
11,45,24.30170676265196
11,46,22.26772515398096
11,47,22.982632849774273
11,48,20.573999009652592
11,49,19.72201679232538
11,50,17.72904871916225
11,51,15.998721047915426
11,52,17.66143605561704
11,53,20.491581748135804
11,54,21.84315257725369
11,55,22.528828569951568
11,56,24.39072262818826
11,57,27.4504845721975
11,58,30.804475392461622
11,59,30.59176767434218
11,60,28.118252072166374
11,61,26.08746922211982
11,62,27.54734178803856
11,63,30.926141429127878
11,64,32.46824182889692
11,65,33.64307108590635
11,66,37.11071300256564
11,67,36.14974974809347
11,68,34.26674352072064
11,69,37.65308265137705
11,70,39.25384972058225
11,71,38.98218914117447
11,72,39.37200677941572
11,73,35.922809100106726
11,74,34.345528166284915
11,75,35.01223506912818
11,76,32.75414968957035
11,77,33.48246863588576
11,78,31.303134824044
11,79,32.52479276272566
11,80,35.99219066162976
11,81,36.26365600811517
11,82,36.20963237839187
11,83,33.77394516434591
11,84,33.9270653413833
11,85,30.640094590711215
11,86,31.24947283078715
11,87,31.476967016201986
11,88,28.618841505621084
11,89,25.496136486867186
11,90,21.94019727268775
11,91,21.26814902195367
11,92,24.499363185499313
11,93,24.07434551136052
11,94,20.801039592331147
11,95,22.795509842210553
11,96,25.575879317339783
11,97,23.455915054492785
11,98,22.42393706239209
11,99,26.128930258480803
11,100,27.41006058465638
11,101,28.882053498950054
11,102,31.80378194951454
12,1,16.425168232772094
12,2,15.350753801950164
12,3,14.188694774770589
12,4,12.031460777258305
12,5,10.368162959137516
12,6,10.02091563038608
12,7,8.578359265397529
12,8,5.9356240312070945
12,9,5.061349115897415
12,10,5.5456996561574226
12,11,3.8067544592337375
12,13,3.800355710075781
12,14,5.495916188180752
12,15,4.963010733887258
12,16,6.241608901496441
12,17,8.660665055638335
12,18,9.949630428995926
12,19,10.544451907591727
12,20,12.447351102825744
12,21,14.406807378037943
12,22,15.025422869405162
12,23,14.509456603188564
12,24,12.785797346522175
12,25,14.522689941129041
12,26,13.547716313932103
12,27,9.848804889018867
12,28,10.34115998338261
12,29,12.525088779981427
12,30,10.009196462023962
12,31,7.74631229557729
12,32,11.22530707240933
12,33,12.466750657584944
12,34,10.09374117982425
12,35,10.591833675551168
12,36,14.234500172588016
12,37,14.915623285052424
12,38,15.373308835051704
12,39,12.412281915251317
12,40,13.481086257060507
12,41,12.887157669062908
12,42,15.019290370030854
12,43,17.076333388420874
12,44,18.230894703435492
12,45,21.18389326227535
12,46,19.17804932483496
12,47,20.326775277134445
12,48,18.315207117532093
12,49,18.034214317209003
12,50,16.711928420329503
12,51,15.50035511728582
12,52,17.635441959705826
12,53,20.291135859629563
12,54,21.017441222490753
12,55,21.969928724773972
12,56,24.296250404110616
12,57,27.089776578639558
12,58,30.350001261718592
12,59,29.66867513506412
12,60,26.88189374710006
12,61,24.684646958938597
12,62,25.66592108514632
12,63,29.186539700516697
12,64,30.724274519729498
12,65,32.25216999780506
12,66,35.58915069960821
12,67,34.54859276513134
12,68,33.01462753397436
12,69,36.54667124438708
12,70,38.01788012299965
12,71,37.97332429207254
12,72,38.117450466413494
12,73,34.54533040571612
12,74,33.304963667474574
12,75,33.79293736761654
12,76,31.26906940935701
12,77,31.769013114285286
12,78,29.615606709388334
12,79,30.745375216988332
12,80,34.15278388934126
12,81,34.755661538666246
12,82,34.867885741230204
12,83,32.73451656597286
12,84,33.13912806624055
12,85,29.8934552080666
12,86,30.93625252851223
12,87,31.341133558979617
12,88,28.281729990631273
12,89,25.449479623564983
12,90,21.795513867509637
12,91,20.828052640930363
12,92,23.68928863687352
12,93,23.157365705362363
12,94,19.619678722079215
12,95,21.295821737157144
12,96,23.957896739294323
12,97,21.61763927209257
12,98,20.220579177583513
12,99,23.88008915872084
12,100,25.0869459999069
12,101,26.17868829025578
12,102,28.988406132483817
13,1,18.504086562889356
13,2,16.71780273087711
13,3,15.621065502151716
13,4,14.261835613392568
13,5,12.23610184024632
13,6,10.87894023087394
13,7,10.079352220453709
13,8,8.480098202522967
13,9,6.034157826788922
13,10,5.273907731729932
13,11,5.487390232079179
13,12,3.800355710075781
13,14,3.8072335848567307
13,15,5.351113267107913
13,16,5.1813987440485745
13,17,6.268280291527243
13,18,8.744020192960088
13,19,9.940509856305953
13,20,10.76878254329579
13,21,12.508619441884049
13,22,13.976997361266402
13,23,14.149427458747102
13,24,13.374484115715536
13,25,15.5411282156996
13,26,14.069962622086251
13,27,10.594035195588244
13,28,12.284719910773122
13,29,14.25386920827356
13,30,11.414712397579382
13,31,10.274329782530002
13,32,14.020694706832975
13,33,14.677282717701846
13,34,12.399494804251221
13,35,13.717650622687145
13,36,17.254474260226985
13,37,18.34995857120341
13,38,18.85521741062267
13,39,15.888037630615923
13,40,16.921397060910774
13,41,15.827803767881916
13,42,17.512616922504705
13,43,19.000525302450637
13,44,19.61264469737792
13,45,22.903566775059137
13,46,21.320079391639577
13,47,22.836499183529142
13,48,21.22944815402365
13,49,21.041750845835267
13,50,19.935185323084568
13,51,18.463852322081188
13,52,20.448955645831695
13,53,23.378438547450273
13,54,23.932185637070816
13,55,24.515843379364032
13,56,27.001805234779393
13,57,29.931238982188223
13,58,33.02509271973542
13,59,32.30658111889618
13,60,29.36806483392478
13,61,27.43006906981171
13,62,28.24121464965808
13,63,31.88279663208802
13,64,33.650537246400404
13,65,35.37377344657935
13,66,38.595685616704905
13,67,37.32196786714986
13,68,35.88233004091204
13,69,39.486450834792336
13,70,40.722519591747755
13,71,40.53074318445592
13,72,40.42647107384896
13,73,36.901876494216204
13,74,35.616580831975185
13,75,35.77142056213635
13,76,33.056917085441725
13,77,33.185616882518964
13,78,30.702609019148618
13,79,31.38886485215723
13,80,34.9326422880442
13,81,35.74687628352466
13,82,36.22597080587875
13,83,34.24376882948004
13,84,34.97845389011614
13,85,31.947480519625206
13,86,33.1473640563118
13,87,33.20394564615282
13,88,29.95718047533225
13,89,27.01744102409268
13,90,23.534898905911753
13,91,22.043936791742343
13,92,24.91851233333882
13,93,24.916473200916545
13,94,21.31373234460651
13,95,22.470853326791076
13,96,25.461234816921404
13,97,23.476915573382776
13,98,21.60238994051326
13,99,25.05423851906163
13,100,26.703971716686222
13,101,27.644561636039253
13,102,30.599397558661334
14,1,20.315861399788425
14,2,18.65709108319555
14,3,16.840825313507388
14,4,15.521179210856586
14,5,14.329291611706727
14,6,12.64056707288672
14,7,10.839872506048883
14,8,9.912406730749332
14,9,8.549429114680997
14,10,6.262708727975727
14,11,5.2104191714444195
14,12,5.495916188180752
14,13,3.8072335848567307
14,15,3.8118690179709445
14,16,5.450113853227765
14,17,5.015667771497382
14,18,6.19552832040578
14,19,8.589873561425486
14,20,9.930079686541335
14,21,10.609319270881006
14,22,11.506776854549592
14,23,12.331888286558803
14,24,12.009068583844249
14,25,13.531940095034487
14,26,11.33918119712115
14,27,8.344883076575085
14,28,10.588127269889881
14,29,11.741243180926794
14,30,8.570092739220867
14,31,8.587195364084268
14,32,12.300472270455705
14,33,12.267715184100215
14,34,10.473465210151167
14,35,12.700817864807476
14,36,15.802410401228148
14,37,17.434008427553657
14,38,18.09454212165884
14,39,15.502705355499534
14,40,17.203978497899865
14,41,16.187616954175557
14,42,18.259036028590483
14,43,19.491608618400587
14,44,20.521091164962737
14,45,23.909673008135826
14,46,22.610960791857632
14,47,23.661385084172675
14,48,21.86032186415137
14,49,21.028833090416757
14,50,19.524009423034943
14,51,17.39200747540871
14,52,18.92858412271015
14,53,22.209763540841852
14,54,23.009196261612917
14,55,23.063231648022875
14,56,25.36307836689718
14,57,28.572389089887228
14,58,31.571891578837306
14,59,31.191293715375064
14,60,28.413681159756155
14,61,26.857629437959233
14,62,28.04193749264135
14,63,31.63585116831922
14,64,33.66360296338091
14,65,35.21799757873924
14,66,38.44766617695687
14,67,37.00002742110466
14,68,35.281306807909736
14,69,38.81837017402615
14,70,39.94765198534714
14,71,39.41573399634134
14,72,39.35126080269748
14,73,35.9822612998771
14,74,34.349036362541845
14,75,34.45353408849761
14,76,31.892020918354074
14,77,32.08124984642026
14,78,29.448481736146658
14,79,30.10782517355886
14,80,33.74760394198238
14,81,34.27302030734671
14,82,34.72003168515465
14,83,32.526164508728584
14,84,33.20881281658558
14,85,30.271779322866294
14,86,31.246262230079484
14,87,30.972836660552762
14,88,27.77154581768047
14,89,24.59372515945028
14,90,21.277633766911634
14,91,19.74740681777572
14,92,22.90503144217865
14,93,23.230990100717626
14,94,19.834728375072217
14,95,21.067273520903417
14,96,24.301750596909972
14,97,22.727446678483894
14,98,21.05486902146795
14,99,24.480507981530632
14,100,26.40800057118764
14,101,27.808098309096575
14,102,31.018308708730256
15,1,20.97479076859496
15,2,19.92831331316409
15,3,18.26991872837986
15,4,16.201805558324374
15,5,15.086761748922182
15,6,14.315322703893752
15,7,12.228351067345338
15,8,10.277867582761736
15,9,9.688123200097634
15,10,8.576031151543162
15,11,6.0521146074146985
15,12,4.963010733887258
15,13,5.351113267107913
15,14,3.8118690179709445
15,16,3.805897373778397
15,17,5.434127655778993
15,18,5.246329234297623
15,19,6.212234494207825
15,20,8.731065563676745
15,21,10.080280508771196
15,22,10.170495472050957
15,23,9.912562354613272
15,24,8.724422172725804
15,25,10.335941338745512
15,26,8.88764377824578
15,27,5.301404292167956
15,28,7.146471495310827
15,29,9.11773132748095
15,30,6.79404589674823
15,31,6.208601120928793
15,32,9.94571266813325
15,33,10.906094475779275
15,34,9.860176230786022
15,35,11.47260635861268
15,36,14.392506854994604
15,37,15.382278201037014
15,38,15.363694587591432
15,39,12.464529749895929
15,40,13.917458635123639
15,41,12.590037460610484
15,42,14.649457710158721
15,43,15.825320299898241
15,44,17.1192080931521
15,45,20.428700928881785
15,46,19.187840277672283
15,47,20.034317359561253
15,48,18.25520737910693
15,49,17.359047957688894
15,50,16.04604479398412
15,51,14.009228491143487
15,52,15.737918980906139
15,53,18.951092780099824
15,54,19.449347104800488
15,55,19.592023241876404
15,56,22.107049923313067
15,57,25.17743812665659
15,58,28.135361590669742
15,59,27.57178426597699
15,60,24.70834476584315
15,61,23.117780161129687
15,62,24.23876878020397
15,63,27.84687817744036
15,64,29.921225911534826
15,65,31.552781068078964
15,66,34.72718456150808
15,67,33.226535564909774
15,68,31.573972179127292
15,69,35.149586957034835
15,70,36.23349466479942
15,71,35.776062918317024
15,72,35.67453417006838
15,73,32.26158302768984
15,74,30.733556486674352
15,75,30.862537480542283
15,76,28.276856191962313
15,77,28.54974123374316
15,78,26.066475078062847
15,79,26.95047243092758
15,80,30.5087473441821
15,81,31.01070582627329
15,82,31.32862265406064
15,83,29.169014496351952
15,84,29.823248697685553
15,85,26.825471482920026
15,86,27.95890826207124
15,87,27.89265750820821
15,88,24.649382102285035
15,89,21.66981963752287
15,90,18.209950553855364
15,91,16.74574098469808
15,92,19.73287446764759
15,93,19.78426841477334
15,94,16.288896391651942
15,95,17.643344652658623
15,96,20.725412728493318
15,97,18.98818013982126
15,98,17.418074203331724
15,99,20.94084995753598
15,100,22.71316056438556
15,101,24.195235375290366
15,102,27.39831861483135
16,1,22.581878430016292
16,2,21.285413637694557
16,3,20.184075370019983
16,4,18.252360769029043
16,5,16.410348723911085
16,6,15.686322222873866
16,7,14.410911205717127
16,8,12.164391410018348
16,9,10.550936799095952
16,10,10.096437618473816
16,11,8.688209722017588
16,12,6.241608901496441
16,13,5.1813987440485745
16,14,5.450113853227765
16,15,3.805897373778397
16,17,3.8070220561911587
16,18,5.507122444306461
16,19,5.085418458352306
16,20,6.250113649714507
16,21,8.736116808503596
16,22,9.955888352698938
16,23,9.375956937076689
16,24,8.656033885647947
16,25,11.447503701261063
16,26,10.610049717167314
16,27,7.216315166198616
16,28,9.464818923990999
16,29,12.065806887558795
16,30,10.317264537976365
16,31,9.710689566328726
16,32,13.326725375714716
16,33,14.633498340566616
16,34,13.602752743496708
16,35,14.908222968058654
16,36,17.951489409375334
16,37,18.559931807417893
16,38,18.111049214477525
16,39,14.804746082248762
16,40,15.413735576347992
16,41,13.338560109591889
16,42,14.462096419615708
16,43,15.121699326123368
16,44,15.570980774673057
16,45,19.13106932073582
16,46,18.210346154815284
16,47,19.706944365705738
16,48,18.588096587258402
16,49,18.338068462506204
16,50,17.777456388225406
16,51,16.20829852877025
16,52,18.202524466732267
16,53,21.244281846062897
16,54,21.141647496268924
16,55,21.37581499386187
16,56,24.287597036279784
16,57,27.119622476860314
16,58,29.883548045684766
16,59,28.892763462545314
16,60,25.715391597759847
16,61,24.112632924090796
16,62,24.66283135891553
16,63,28.41202440578058
16,64,30.551598761528894
16,65,32.574592451426625
16,66,35.55101732453262
16,67,33.89638990918666
16,68,32.63194098617073
16,69,36.3330423387248
16,70,37.1916918091738
16,71,36.8845872061507
16,72,36.44073452752794
16,73,32.96678720494944
16,74,31.753707330371437
16,75,31.54641652384263
16,76,28.630627010320456
16,77,28.462296286024756
16,78,25.83554103122147
16,79,26.34168792808236
16,80,29.898321054166516
16,81,30.861046433599235
16,82,31.553260405008793
16,83,29.79650709228419
16,84,30.857381862522967
16,85,28.050248315807202
16,86,29.63356459936652
16,87,29.560225895303162
16,88,26.100101006443012
16,89,23.39545396166731
16,90,20.037701931148153
16,91,18.065619181450504
16,92,20.597219789122367
16,93,20.84179009418891
16,94,17.153608212299176
16,95,17.806528482811203
16,96,20.897205349437904
16,97,19.177825205633592
16,98,16.942339654931374
16,99,20.222401341033272
16,100,22.173263010297507
16,101,23.139733985524572
16,102,26.2893007296576
17,1,24.59722887250067
17,2,22.887696242158995
17,3,21.47271954571746
17,4,20.0638936995715
17,5,18.392052661941936
17,6,16.92306847018399
17,7,15.598480405461125
17,8,14.169636921637538
17,9,12.262664199446505
17,10,10.726525370121989
17,11,9.912767694577084
17,12,8.660665055638335
17,13,6.268280291527243
17,14,5.015667771497382
17,15,5.434127655778993
17,16,3.8070220561911587
17,18,3.8060162551004413
17,19,5.431226671559704
17,20,5.210674631940648
17,21,6.268634600938465
17,22,8.297946791987439
17,23,9.191061160918967
17,24,9.928851723767638
17,25,12.371092844031597
17,26,10.57750415169466
17,27,8.052426994266302
17,28,11.278918412530993
17,29,12.978310929398926
17,30,10.827586363348207
17,31,11.428051757511327
17,32,15.043040185343216
17,33,15.500685912715664
17,34,14.596537323143949
17,35,16.70728838108659
17,36,19.557787400736625
17,37,20.76450686665031
17,38,20.643904919771177
17,39,17.65228838437342
17,40,18.712353806238863
17,41,16.707794564327198
17,42,17.899284194701465
17,43,18.187309524148723
17,44,18.525642519256763
17,45,22.220699521237304
17,46,21.653888144047148
17,47,23.080641384827036
17,48,22.01561994109882
17,49,21.46138280963241
17,50,20.685599601225277
17,51,18.62915215399363
17,52,20.221354987786558
17,53,23.571201824392315
17,54,23.631937550413987
17,55,23.35369443416839
17,56,26.14385955887942
17,57,29.22171203267572
17,58,31.837902669232164
17,59,31.084037353227163
