1,2,3.8083642597703524
1,3,5.341384884482683
1,4,6.808770307337489
1,5,8.234075488056417
1,6,9.748129574551808
1,7,11.02846322731463
1,8,12.490469596854659
1,9,14.202297241266939
1,10,15.621530020727677
1,11,16.903875480292783
1,12,18.58724320512841
1,13,20.127967552106472
1,14,21.425894512656175
1,15,22.919163111624503
1,16,24.668086215863365
1,17,25.98070845499618
1,18,27.13950056358713
1,19,28.971202037669208
1,20,30.698423454823196
1,21,31.647157750786082
1,22,32.76434335668567
1,23,35.14316797326953
1,24,36.27437373734013
1,25,37.06185628502781
1,26,38.650022539575524
1,27,41.030509800737285
1,28,44.38254456610403
1,29,44.412244612077785
1,30,46.8240161717791
1,31,45.33335880985169
1,32,41.69928274507966
1,33,39.590052347055405
1,34,36.2850368674904
1,35,37.89511915135078
1,36,36.295474346826786
1,37,32.77940310022846
1,38,31.706119498037094
1,39,32.59557534663248
1,40,31.287685838928283
1,41,27.86440602867895
1,42,28.440685940703656
1,43,29.459267734788362
1,44,26.33649865626984
1,45,24.259679956438347
1,46,26.720676088332752
1,47,26.370027326892856
1,48,22.580458249979376
1,49,22.741263395685078
1,50,26.08319316497737
1,51,27.31845953140695
1,52,30.850762863249624
1,53,32.77099811962008
1,54,34.95264363574665
1,55,36.16452278026149
1,56,35.339051179856774
1,57,35.50913820671807
1,58,36.33048243654857
1,59,39.82046146796038
1,60,39.90663439804374
1,61,38.87454563913217
1,62,36.492935809658185
1,63,35.06158843585669
1,64,34.38295382741363
1,65,32.77860537644059
1,66,30.50364442907122
1,67,29.84556764059238
1,68,28.978530984310144
1,69,26.439240362233324
1,70,24.873062531381155
1,71,24.956673758243472
1,72,23.302627624593335
1,73,20.543369331752164
1,74,20.318957323261678
1,75,20.323539396285973
1,76,17.752822686729512
1,77,15.216961734284501
1,78,16.105993822993547
1,79,15.63774375606569
1,80,12.022504149066355
1,81,11.514313456503832
1,82,13.722967339103029
1,83,12.090454107587997
1,84,8.736741982065158
1,85,11.166991778572253
1,86,13.191829636623044
1,87,10.809832000777007
1,88,9.98412689207641
1,89,13.787487943284082
1,90,14.8668347020769
1,91,12.650606969271559
1,92,14.9888286794416
1,93,17.87959522907678
1,94,18.157872454772566
1,95,19.209323745752954
1,96,22.593735479682035
2,1,3.8083642597703524
2,3,3.8070755515748536
2,4,5.246673326949111
2,5,5.017564503685924
2,6,6.561793420091836
2,7,8.715594565397549
2,8,9.801030395247656
2,9,10.8829434284097
2,10,12.724547408361286
2,11,14.335919051007131
2,12,15.559449137207825
2,13,16.933187788320684
2,14,18.658841230254794
2,15,20.14870806323714
2,16,21.52424940033312
2,17,22.886993438426497
2,18,24.369570304769123
2,19,26.062451954163745
2,20,27.55430629252453
2,21,28.688058725042744
2,22,30.016002313551454
2,23,32.20367486783995
2,24,33.24657308947387
2,25,34.284698692454526
2,26,35.95711957480329
2,27,38.14273993158588
2,28,41.53338915662425
2,29,41.79380796523827
2,30,44.259478814645995
2,31,42.91599561603
2,32,39.222144625842915
2,33,37.10907752258469
2,34,33.69858907242867
2,35,35.04954809621779
2,36,33.32813330366777
2,37,29.722333159717238
2,38,28.79769091114304
2,39,29.968215429162058
2,40,28.594735954782728
2,41,25.126858119171064
2,42,26.05378983774589
2,43,27.225530480888377
2,44,24.00399843459098
2,45,22.162568591889986
2,46,24.988054238867722
2,47,24.658219732682614
2,48,20.9378154939141
2,49,21.538818051764334
2,50,25.035549837420433
2,51,26.300029806795678
2,52,29.73013165182235
2,53,31.43826709741753
2,54,33.45648982486064
2,55,34.36217085788989
2,56,33.29789897698765
2,57,33.50371333279341
2,58,34.13839982509738
2,59,37.662654676234546
2,60,37.612018966346525
2,61,36.70178106309349
2,62,34.09702453992429
2,63,32.66786470887032
2,64,32.331691572121144
2,65,30.687397728803685
2,66,28.154358157491213
2,67,27.78721050510916
2,68,27.214052962982727
2,69,24.421317241945918
2,70,22.781823652466382
2,71,23.392046118005194
2,72,21.903662074273225
2,73,18.755611221473632
2,74,18.47968302709172
2,75,19.154474511392603
2,76,16.787355624724643
2,77,13.725870746418124
2,78,14.862707091610964
2,79,15.260084209011026
2,80,11.655374724075678
2,81,10.720979525805951
2,82,13.722783025296641
2,83,12.995348779961965
2,84,9.675200042573868
2,85,11.887709193270585
2,86,14.671024475696694
2,87,13.119610237307848
2,88,12.06080147001663
2,89,15.670549041470323
2,90,17.41502735470362
2,91,15.510466830877231
2,92,17.37340366569909
2,93,20.48628882211542
2,94,21.173280816175936
2,95,21.898970384073756
2,96,25.183163730001713
3,1,5.341384884482683
3,2,3.8070755515748536
3,4,3.808756847750303
3,5,5.282519176077717
3,6,5.042584685273634
3,7,6.1235065467153085
3,8,8.507348166961517
3,9,9.83551900684028
3,10,10.570292050887815
3,11,12.253745908806982
3,12,14.270020202927059
3,13,15.336646987654033
3,14,16.455018739536236
3,15,18.36094357161287
3,16,20.125313726858256
3,17,21.052735846698102
3,18,22.23845073925667
3,19,24.350470617524877
3,20,25.934556703737083
3,21,26.628819699213725
3,22,27.88861048380528
3,23,30.395772508636846
3,24,31.315317899654055
3,25,32.011717557086335
3,26,33.77942755091114
3,27,36.20973395547452
3,28,39.46728154981178
3,29,39.545386363465454
3,30,42.11509072833269
3,31,40.825751128643134
3,32,37.137483961845454
3,33,35.26310620665238
3,34,31.829590742492346
3,35,33.407518666603934
3,36,32.053916386650876
3,37,28.567100473293852
3,38,27.906994958430204
3,39,28.731447892876908
3,40,27.019970786330326
3,41,23.785713414322345
3,42,24.733178020498936
3,43,25.40853992115816
3,44,22.03110162166589
3,45,20.44942352010709
3,46,23.053526938938738
3,47,22.254399746095935
3,48,18.492402704732406
3,49,19.338951291266667
3,50,22.589914473035943
3,51,24.282408677063383
3,52,27.557932235159416
3,53,29.598473071344248
3,54,31.369575983516707
3,55,32.54855578718623
3,56,31.32315575471887
3,57,31.18464452152886
3,58,31.683876182652767
3,59,35.09406774598223
3,60,34.950286585050684
3,61,33.80548112194729
3,62,31.331658326541064
3,63,30.065921277292208
3,64,29.460677748944047
3,65,27.67751799787543
3,66,25.4075331973196
3,67,24.996500235395857
3,68,24.0809792052751
3,69,21.339751117291346
3,70,19.977155907152667
3,71,20.336493302659918
3,72,18.534439791724733
3,73,15.542327230046594
3,74,15.663136264923956
3,75,16.14173074618555
3,76,13.41670354853689
3,77,10.673009115937443
3,78,12.379799793590783
3,79,12.434625620909838
3,80,8.689325317163133
3,81,8.810926880483184
3,82,11.970339627738724
3,83,10.965269300412888
3,84,8.43496044357157
3,85,11.46965865235596
3,86,13.850409044319855
3,87,12.517655105329517
3,88,12.540195589575648
3,89,16.024140794042236
3,90,17.472643644221705
3,91,16.21340926169458
3,92,18.519138871366597
3,93,21.181435449891385
3,94,22.129198007170682
3,95,23.398251783832382
3,96,26.479223401138146
4,1,6.808770307337489
4,2,5.246673326949111
4,3,3.808756847750303
4,5,3.795318598122978
4,6,5.40329662387613
4,7,4.932225895280208
4,8,5.983375660695001
4,9,8.556851273372155
4,10,9.74122602954052
4,11,10.285584465088446
4,12,12.206787253589571
4,13,14.122486916457763
4,14,15.050719528427337
4,15,16.278929864135744
4,16,18.34005675903396
4,17,19.793596213972656
4,18,20.62229852091524
4,19,22.3872873894994
4,20,24.380997051136898
4,21,25.333839952467294
4,22,26.18178993443709
4,23,28.58731795012542
4,24,29.925123712960925
4,25,30.628845727958016
4,26,32.02410756181689
4,27,34.45141559608446
4,28,37.829402544258315
4,29,37.756766902376356
4,30,40.083773913194065
4,31,38.53785930196651
4,32,34.91705811570572
4,33,32.791617750686605
4,34,29.510376681301942
4,35,31.220245342276257
4,36,29.72915165411454
4,37,26.308111590431132
4,38,25.262581555508113
4,39,25.946138946235866
4,40,24.56214143445067
4,41,21.204398480673003
4,42,21.764043110750478
4,43,22.66517731555945
4,44,19.530442929946634
4,45,17.50261791571528
4,46,20.058351672686005
4,47,19.701607846550885
4,48,15.940614080465432
4,49,16.35819853007121
4,50,19.821249561282464
4,51,21.13352367575487
4,52,24.555993747824065
4,53,26.397655483752242
4,54,28.412714179620036
4,55,29.518332708842852
4,56,28.56950761725263
4,57,28.755164385258905
4,58,29.613745798505548
4,59,33.15546143645208
4,60,33.37292965555131
4,61,32.565639033168615
4,62,30.22977282122256
4,63,28.54952649947566
4,64,27.9581145312402
4,65,26.61941651025771
4,66,24.162562027065686
4,67,23.343145936689606
4,68,22.81785002014868
4,69,20.380687554381787
4,70,18.417734381528597
4,71,18.679715042099073
4,72,17.514698363619143
4,73,14.599906661538686
4,74,13.824501035585051
4,75,14.171612364589063
4,76,12.142103808254294
4,77,9.019639224069515
4,78,9.682381079461782
4,79,10.179350538279653
4,80,6.805152906209947
4,81,5.531074837717771
4,82,8.831740797555995
4,83,8.73808380802326
4,84,6.034635594892758
4,85,8.39320293179085
4,86,11.299453016858006
4,87,10.869449975875249
4,88,10.586377325216576
4,89,13.647021044335244
4,90,15.688143871456756
4,91,14.921575080204315
4,92,16.7317999263418
4,93,19.40755072176153
4,94,20.93608799683667
4,95,22.011835230576285
4,96,24.798705953049115
5,1,8.234075488056417
5,2,5.017564503685924
5,3,5.282519176077717
5,4,3.795318598122978
5,6,3.7954608446096634
5,7,5.434103766858563
5,8,5.066978051058936
5,9,6.299974872165472
5,10,8.738666584739882
5,11,9.859875133633722
5,12,10.667779239351539
5,13,12.441961253505463
5,14,14.278731271241327
5,15,15.371296783605878
5,16,16.713355662060113
5,17,18.39318248269953
5,18,19.816682299003364
5,19,21.246508261170337
5,20,22.86045876830227
5,21,24.21574705436062
5,22,25.40082636832977
5,23,27.440213626549458
5,24,28.67978157227579
5,25,29.831584671507166
5,26,31.32828553083153
5,27,33.41798149990491
5,28,36.885142915951846
5,29,37.17346568469104
5,30,39.54000453382958
5,31,38.16323739567232
5,32,34.47361908161227
5,33,32.26370383697325
5,34,28.863811490229438
5,35,30.148056290771024
5,36,28.34769539002175
5,37,24.746918451117118
5,38,23.780623963155133
5,39,24.992081126751224
5,40,23.67018691768061
5,41,20.156155298036694
5,42,21.170779321714814
5,43,22.479679399565303
5,44,19.302819909609312
5,45,17.505069089168853
5,46,20.572644526894685
5,47,20.425697304723315
5,48,16.84801765831801
5,49,17.691391733605847
5,50,21.320719675413866
5,51,22.46784100058591
5,52,25.78275013927893
5,53,27.233932634074122
5,54,29.152637291683092
5,55,29.79530506476791
5,56,28.642348481256793
5,57,28.994265448753193
5,58,29.659029426274977
5,59,33.25637233094062
5,60,33.31454781493852
5,61,32.69572175846529
5,62,30.044787105035283
5,63,28.36419487841946
5,64,28.27706463402095
5,65,26.893609661490455
5,66,24.075976154328277
5,67,23.679029416486987
5,68,23.579057341710627
5,69,20.814291013299435
5,70,18.767169039249755
5,71,19.762711582708807
5,72,18.8328143385308
5,73,15.472453068790244
5,74,14.63032945014081
5,75,15.863994519526585
5,76,14.183044501348263
5,77,10.584821489519681
5,78,11.406353430329306
5,79,12.909651339679286
5,80,9.889199204122649
5,81,8.104356543682849
5,82,11.654872090670493
5,83,12.288522992255267
5,84,9.513531135104845
5,85,11.065312344054377
5,86,14.437318749316855
5,87,14.188334913093037
5,88,13.185369856532482
5,89,16.175331626812586
5,90,18.623279106979968
5,91,17.52501784104183
5,92,18.868326875017633
5,93,21.91776193381792
5,94,23.385723949203747
5,95,23.965012388573765
5,96,26.85301673848249
6,1,9.748129574551808
6,2,6.561793420091836
6,3,5.042584685273634
6,4,5.40329662387613
6,5,3.7954608446096634
6,7,3.807708310165707
6,8,5.405241101188317
6,9,5.10912960229453
6,10,6.305893699559956
6,11,8.68122769624757
6,12,9.987665182413563
6,13,10.648904783062315
6,14,12.393805012522838
6,15,14.344222415115112
6,16,15.57108043846287
6,17,16.516161485015388
6,18,18.15238192218115
6,19,20.09127677589735
6,20,21.352234052035747
6,21,22.279679717192476
6,22,23.819214206839003
6,23,26.07440335915136
6,24,26.879829424890616
6,25,27.904449899679435
6,26,29.773751170499896
6,27,31.94818478272873
6,28,35.254176326062115
6,29,35.628943818076095
6,30,38.26383325293631
6,31,37.17725294681404
6,32,33.419378803273595
6,33,31.564899556953947
6,34,27.994462525993494
6,35,29.22487338981512
6,36,27.75516920508166
6,37,24.172849221368136
6,38,23.79030789497686
6,39,24.951594104971594
6,40,23.09371780025836
6,41,19.863185294197866
6,42,21.35240113393141
6,43,22.165689190487228
6,44,18.65927804170946
6,45,17.545819861342768
6,46,20.62778107478064
6,47,19.826442136928513
6,48,16.2962390195073
6,49,17.8555175853164
6,50,21.195963700477336
6,51,22.912964281786607
6,52,25.932270710145147
6,53,27.646588388497978
6,54,29.121272983599013
6,55,29.861188011449144
6,56,28.279532239750235
6,57,28.166724893332184
6,58,28.383838293609834
6,59,31.822708480701824
6,60,31.49771174220455
6,61,30.55503196632622
6,62,27.78031261476189
6,63,26.494655159459366
6,64,26.397790533544057
6,65,24.601820860009266
6,66,21.94175011974956
6,67,21.961013822431415
6,68,21.538632796514953
6,69,18.461183620030457
6,70,16.969020305261985
6,71,18.181397505095035
6,72,16.753201120834305
6,73,13.216012512334007
6,74,13.21673792897437
6,75,14.830102270895756
6,76,12.685092140436055
6,77,9.272967282641929
6,78,11.3045148114185
6,79,12.787459485517681
6,80,9.709709674767069
6,81,9.22743864647588
6,82,13.013388251960762
6,83,13.358745350702092
6,84,11.29239007232802
6,85,13.58159365548187
6,86,16.550388399438344
6,87,16.19028619240061
6,88,15.910889492131902
6,89,18.99571626963115
6,90,21.07913981861218
6,91,20.13987686171734
6,92,21.91350444421312
6,93,24.739334452466863
6,94,26.115858276450435
6,95,27.04145043060101
6,96,29.963483760760223
7,1,11.02846322731463
7,2,8.715594565397549
7,3,6.1235065467153085
7,4,4.932225895280208
7,5,5.434103766858563
7,6,3.807708310165707
7,8,3.8103272781985074
7,9,5.392114172900473
7,10,5.056927129811494
7,11,6.1760454156150075
7,12,8.694227733441865
7,13,9.845735829554465
7,14,10.474610040374833
7,15,12.333756105355969
7,16,14.396755484715351
7,17,15.31010697033081
7,18,16.19867433256647
7,19,18.347740738496015
7,20,20.127497881105096
7,21,20.761908199552842
7,22,21.82521590257978
7,23,24.38658790539307
7,24,25.440724834298564
7,25,26.057603416295308
7,26,27.70099296587495
7,27,30.17504577685142
7,28,33.444816920764424
7,29,33.46054358563024
7,30,35.99579533554808
7,31,34.71423872742747
7,32,31.017998080199753
7,33,29.188872710817254
7,34,25.73330376911733
7,35,27.37064716387829
7,36,26.178824252399313
7,37,22.7946603918987
7,38,22.312253706236344
7,39,22.94263970151791
7,40,21.02640410184419
7,41,17.93945219474946
7,42,19.041411027236908
7,43,19.48515759388686
7,44,16.001620691517527
7,45,14.743917723343445
7,46,17.493079694006056
7,47,16.519519819609627
7,48,12.866408568963383
7,49,14.331146564844067
7,50,17.56832310579341
7,51,19.448615709058643
7,52,22.45298619209662
7,53,24.398952006781194
7,54,25.86123979071749
7,55,26.890291093523782
7,56,25.41983652632392
7,57,25.209439639807073
7,58,25.62956980073446
7,59,29.075058244414542
7,60,28.9831665276426
7,61,28.03745316159585
7,62,25.552793417038938
7,63,24.083172935741814
7,64,23.622581413226197
7,65,22.04209156372903
7,66,19.548181966743375
7,67,19.09175188209583
7,68,18.543698481475595
7,69,15.797643206284521
7,70,14.076242183337994
7,71,14.822261601583614
7,72,13.516840624784761
7,73,10.19920776472793
7,74,9.874050216064187
7,75,11.110522749694795
7,76,9.058421007604055
7,77,5.539251526155945
7,78,7.613456483037655
7,79,9.110178085891599
7,80,6.395702599657964
7,81,6.309086511798429
7,82,10.017316802179652
7,83,10.676596379435452
7,84,9.514118965702671
7,85,11.80614843949078
7,86,14.4496766682737
7,87,14.689383007298819
7,88,15.023388304218896
7,89,17.68581646502561
7,90,19.71228468758761
7,91,19.45139867662048
7,92,21.277419901293797
7,93,23.71016649926502
7,94,25.484938924917167
7,95,26.706901779420157
7,96,29.313808972799592
8,1,12.490469596854659
8,2,9.801030395247656
8,3,8.507348166961517
8,4,5.983375660695001
8,5,5.066978051058936
8,6,5.405241101188317
8,7,3.8103272781985074
8,9,3.81315118265612
8,10,5.439723772944206
8,11,5.03891025972846
8,12,6.249271755604212
8,13,8.639544939594241
8,14,9.803992459542838
8,15,10.550831727302123
8,16,12.431618685852941
8,17,14.226339870689491
8,18,15.144598594850827
8,19,16.58040740566962
8,20,18.572126180167167
8,21,19.828100275368644
8,22,20.661577422977352
8,23,22.823348922700294
8,24,24.28551006623381
8,25,25.24175180581867
8,26,26.53602486690658
8,27,28.759295497119947
8,28,32.226587695381845
8,29,32.33269672259031
8,30,34.626115686437
8,31,33.17297105451962
8,32,29.502147046118463
8,33,27.314524104615064
8,34,23.94220495377039
8,35,25.42478277141993
8,36,23.826787251017187
8,37,20.3569219159064
8,38,19.449361818340538
8,39,20.32038250483621
8,40,18.847733359238884
8,41,15.436733713234881
8,42,16.41257008181457
8,43,17.479644872617897
8,44,14.255829748634968
8,45,12.564064507164515
8,46,15.688855351890245
8,47,15.46040361418976
8,48,11.98902063795206
8,49,13.183747310885451
8,50,16.775163283357788
8,51,18.038845964766388
8,52,21.14677232065449
8,53,22.577686488246513
8,54,24.28246089784943
8,55,24.903569648621637
8,56,23.625729935232393
8,57,23.928188759543293
8,58,24.636718580664528
8,59,28.261641047606894
8,60,28.462872059889726
8,61,28.014054096802436
8,62,25.48343576258475
8,63,23.569837169087783
8,64,23.480051949183977
8,65,22.375530591784063
8,66,19.45935823718231
8,67,18.840560346774247
8,68,19.043869411948997
8,69,16.485817655763164
8,70,14.0442167434154
8,71,15.183132809684196
8,72,14.813537540547513
8,73,11.492021485536094
8,74,9.996272379846541
8,75,11.656073129923655
8,76,10.800500618796518
8,77,6.995797186059538
8,78,7.433157133981666
8,79,10.059694007365861
8,80,8.220938596157549
8,81,6.289332272927809
8,82,9.847067989843136
8,83,11.664631786605232
8,84,10.246461050100725
8,85,11.34130783677073
8,86,14.532568220634394
8,87,15.430393689109925
8,88,15.067657933845274
8,89,17.309628334983703
8,90,19.942523678759184
8,91,19.775527215476444
8,92,20.951266930740914
8,93,23.578146836768926
8,94,25.673436885378813
8,95,26.442596402360113
8,96,28.87438762449393
9,1,14.202297241266939
9,2,10.8829434284097
9,3,9.83551900684028
9,4,8.556851273372155
9,5,6.299974872165472
9,6,5.10912960229453
9,7,5.392114172900473
9,8,3.81315118265612
9,10,3.803406705019766
9,11,5.387131480000296
9,12,5.152635573296319
9,13,6.190141817624214
9,14,8.593558762112304
9,15,9.877824045012161
9,16,10.69816090123518
9,17,12.182041924838378
9,18,13.978347607378153
9,19,15.417913479075533
9,20,16.695483179663746
9,21,18.079699946163117
9,22,19.54228110729723
9,23,21.46623274958272
9,24,22.502369268280805
9,25,23.831908082656525
9,26,25.49516805646438
9,27,27.43196646291175
9,28,30.867731656291305
9,29,31.388132581460262
9,30,33.89995882874546
9,31,32.8163150399484
9,32,29.05328769661117
9,33,27.051013459201656
9,34,23.46665315868371
9,35,24.464615039832974
9,36,22.79476169842961
9,37,19.15923370871827
9,38,18.79336470992347
9,39,20.17952066508766
9,40,18.39065248011756
9,41,15.086362507949241
9,42,16.898448056041882
9,43,17.986938321780123
9,44,14.568674177295911
9,45,13.72005564745684
9,46,17.19434276282433
9,47,16.701484528045572
9,48,13.600503107179422
9,49,15.56088478124754
9,50,18.93014053841586
9,51,20.38663696918102
9,52,23.139087247073142
9,53,24.387574163894598
9,54,25.68970787464321
9,55,25.957959566699188
9,56,24.220800023964244
9,57,24.34771477020366
9,58,24.543742569494977
9,59,28.072783833842834
9,60,27.84926340814528
9,61,27.35184279453524
9,62,24.44613414855521
9,63,22.831265096937727
9,64,23.226502371372657
9,65,21.79465802518802
9,66,18.670304792703917
9,67,18.79315463362533
9,68,19.160132616460956
9,69,16.118779905106344
9,70,14.076846509128076
9,71,16.03560008733993
9,72,15.512727171915026
9,73,11.819422110041472
9,74,10.997636105738794
9,75,13.557677821350127
9,76,12.624872278435944
9,77,8.972569517471124
9,78,10.329563687599858
9,79,13.138349461130467
9,80,11.2700771279235
9,81,9.986724202594889
9,82,13.59110783442128
9,83,15.221352207746603
9,84,13.710903852700529
9,85,15.028896830528685
9,86,18.265358909172107
9,87,18.896538637817105
9,88,18.416206086403793
9,89,20.876608122204917
9,90,23.494827930316145
9,91,23.03618657895488
9,92,24.241889264513016
9,93,27.049989191048653
9,94,28.951303326663364
9,95,29.593222535286124
9,96,32.190520980572
10,1,15.621530020727677
10,2,12.724547408361286
10,3,10.570292050887815
10,4,9.74122602954052
10,5,8.738666584739882
10,6,6.305893699559956
10,7,5.056927129811494
10,8,5.439723772944206
10,9,3.803406705019766
10,11,3.81129426273012
10,12,5.498260230602921
10,13,5.076311418739954
10,14,6.1408161327731605
10,15,8.646340054186533
10,16,10.057464453358493
10,17,10.497420724773908
10,18,11.92685334157907
10,19,14.18532695183188
10,20,15.469839964043555
10,21,16.092114628843373
10,22,17.59355997885846
10,23,20.015891968325416
10,24,20.760466323004056
10,25,21.624811310186637
10,26,23.53223836528442
10,27,25.7995865796441
10,28,29.03873725025806
10,29,29.372891699570214
10,30,32.088251266410246
10,31,31.145571531829997
10,32,27.36458495184149
10,33,25.747713465672827
10,34,22.09169170302675
10,35,23.352636663726425
10,36,22.252483320447226
10,37,18.83391387329638
10,38,18.982401693535362
10,39,19.875770211333403
10,40,17.51703858275083
10,41,14.689785866918829
10,42,16.625096417918932
10,43,16.895528339126898
10,44,13.184678811482705
10,45,12.989904288992621
10,46,16.122227444114635
10,47,14.8299162293232
10,48,11.767427825312444
10,49,14.333390113266791
10,50,17.257254774242078
10,51,19.332801563469577
10,52,21.774530291922943
10,53,23.43766609066789
10,54,24.32283718143516
10,55,24.918358882249372
10,56,22.877384766392407
10,57,22.45505937823913
10,58,22.33992778609516
10,59,25.710272264304976
10,60,25.256669063049326
10,61,24.39505409510031
10,62,21.554774252887324
10,63,20.232763219859365
10,64,20.33343988797159
10,65,18.586575333881164
10,66,15.734194326315782
10,67,15.981877662233503
10,68,15.895197101513533
10,69,12.689261107585992
10,70,11.113900225713316
10,71,13.0456494296303
10,72,12.08888522836932
10,73,8.30527236822589
10,74,8.281456088615464
10,75,11.076856432761645
10,76,9.89083389405521
10,77,6.743858529266346
10,78,9.124904095020758
10,79,11.7247585369758
10,80,10.26419517483351
10,81,10.182672578164574
10,82,13.58609625610124
10,83,14.976021225380178
10,84,14.295769256082554
10,85,16.105807095322618
10,86,18.830279829489932
10,87,19.52503529649695
10,88,19.77259235586398
10,89,22.174922235074337
10,90,24.434578988153895
10,91,24.331098796453656
10,92,25.912343024913373
10,93,28.37995870691089
10,94,30.337470526801606
10,95,31.397654568246104
10,96,33.90654386868775
11,1,16.903875480292783
11,2,14.335919051007131
11,3,12.253745908806982
11,4,10.285584465088446
11,5,9.859875133633722
11,6,8.68122769624757
11,7,6.1760454156150075
11,8,5.03891025972846
11,9,5.387131480000296
11,10,3.81129426273012
11,12,3.811761671318451
11,13,5.416117675922022
11,14,5.0284201506432575
11,15,6.1934389187403065
11,16,8.74371538994544
11,17,9.94992909097351
11,18,10.349156255878002
11,19,12.269196764737021
11,20,14.3990287178929
11,21,15.18615874496949
11,22,15.899951176477355
11,23,18.373596845236026
11,24,19.74002893491352
11,25,20.399735755407725
11,26,21.767758586081488
11,27,24.188670082252997
11,28,27.54441064793073
11,29,27.545506510341546
11,30,29.971021325456196
11,31,28.666953674054483
11,32,24.955151177547638
11,33,23.068874175064515
11,34,19.5844562739013
11,35,21.214249469834037
11,36,20.09860659493174
11,37,16.82868926631972
11,38,16.510595084501677
11,39,16.971661469404737
11,40,14.872752520139743
11,41,11.918666198635105
11,42,13.306419389902151
11,43,13.603355641899698
11,44,10.015612477611278
11,45,9.316890270847308
11,46,12.429239197278385
11,47,11.465968005317931
11,48,8.32469766212455
11,49,10.729189964167313
11,50,13.804643085934309
11,51,15.635954951731659
11,52,18.14972283113281
11,53,19.713516910707344
11,54,20.783870614547517
11,55,21.41894716408041
11,56,19.642960491967646
11,57,19.506654588825214
11,58,19.876360491051837
11,59,23.42605632696041
11,60,23.47650357136894
11,61,22.982303696867927
11,62,20.45642321056295
11,63,18.564330591390537
11,64,18.503836976069852
11,65,17.395739517821514
11,66,14.42434846178493
11,67,13.905678814652374
11,68,14.275690046165101
11,69,11.686305501567059
11,70,9.129469927021924
11,71,10.80417245447182
11,72,10.82071443813079
11,73,7.464942049458351
11,74,5.745051020975191
11,75,8.580219468505243
11,76,8.599355657721329
11,77,5.478053222094676
11,78,6.434293276183087
11,79,9.77848738623388
11,80,9.413974082335477
11,81,8.739784431903212
11,82,11.547119824832036
11,83,13.726844762365303
11,84,13.593450749219997
11,85,14.71452172342372
11,86,17.32062923231131
11,87,18.72996497540507
11,88,19.031973599313268
11,89,20.86566257874679
11,90,23.321197724804136
11,91,23.721514067474764
11,92,24.98885640219619
11,93,27.23091719407433
11,94,29.590924410712244
11,95,30.615917686208096
11,96,32.78447916211326
12,1,18.58724320512841
12,2,15.559449137207825
12,3,14.270020202927059
12,4,12.206787253589571
12,5,10.667779239351539
12,6,9.987665182413563
12,7,8.694227733441865
12,8,6.249271755604212
12,9,5.152635573296319
12,10,5.498260230602921
12,11,3.811761671318451
12,13,3.814081590363561
12,14,5.381857695436511
12,15,5.030858346678964
12,16,6.21015279378113
12,17,8.519379607466119
12,18,9.697748205320826
12,19,10.606752610249917
12,20,12.44006263879846
12,21,14.106903464483839
12,22,15.030680462748762
12,23,16.821830355285208
12,24,18.339671921019615
12,25,19.658407893263036
12,26,20.902521827404822
12,27,22.822860404559847
12,28,26.363672523814074
12,29,26.75620733488915
12,30,29.06908129257718
12,31,27.843023505511916
12,32,24.11171876722215
12,33,21.965610539272845
12,34,18.434891054956566
12,35,19.513696856105405
12,36,17.851033678031605
12,37,14.305243528745798
12,38,13.881207225511156
12,39,15.064503744443165
12,40,13.265426831818584
12,41,9.944197288952445
12,42,11.902433246718802
12,43,13.020149328352739
12,44,9.728683996298514
12,45,9.205599055082107
12,46,12.884476552508023
12,47,12.657786980345724
12,48,10.234447625747604
12,49,12.529974128592398
12,50,15.649163557376538
12,51,16.876138324084334
12,52,19.22354290964726
12,53,20.09974345999821
12,54,21.16693922497727
12,55,21.119380649140325
12,56,19.272488782809145
12,57,19.591012645814015
12,58,19.910655791989868
12,59,23.52941344454588
12,60,23.58696611583707
12,61,23.559178767729932
12,62,20.771128323051474
12,63,18.675148445608617
12,64,19.341972083010827
12,65,18.500199683703627
12,66,15.066594742468606
12,67,14.942102617120485
12,68,16.1273248161713
12,69,13.529243253704754
12,70,10.782554482159068
12,71,13.211001345958898
12,72,13.832361561349256
12,73,10.570757485738413
12,74,8.668324594671418
12,75,11.807893377245476
12,76,12.342623481381972
12,77,9.255551771290396
12,78,9.557090898583542
12,79,13.172339293158714
12,80,12.77087632644972
12,81,11.295834940551337
12,82,14.091130507298727
12,83,16.64762432221356
12,84,16.01725112831293
12,85,16.59465571318234
12,86,19.609070589102515
12,87,21.133350702388803
12,88,20.83860076097978
12,89,22.582928165059677
12,90,25.42024881695571
12,91,25.615204341230214
12,92,26.461395794084652
12,93,28.975452778566446
12,94,31.383183089864744
12,95,31.989850117307608
12,96,34.156532828699106
13,1,20.127967552106472
13,2,16.933187788320684
13,3,15.336646987654033
13,4,14.122486916457763
13,5,12.441961253505463
13,6,10.648904783062315
13,7,9.845735829554465
13,8,8.639544939594241
13,9,6.190141817624214
13,10,5.076311418739954
13,11,5.416117675922022
13,12,3.814081590363561
13,14,3.8119616222863413
13,15,5.437248156938598
13,16,5.294547285156344
13,17,6.005173203035248
13,18,8.258776252168989
13,19,9.872741136862011
13,20,10.709226365647439
13,21,11.931924222087895
13,22,13.697208346023563
13,23,15.590299314357978
13,24,16.35927565238924
13,25,17.770678887733144
13,26,19.62678322082432
13,27,21.474241972201177
13,28,24.83132858402329
13,29,25.52955290516299
13,30,28.211993448053075
13,31,27.46400880262227
13,32,23.655345692746025
13,33,22.002792709200772
13,34,18.251426891677735
13,35,18.986733312901496
13,36,17.691599981539415
13,37,14.188139875022783
13,38,14.780682682636591
13,39,16.107450796828697
13,40,13.615827856057608
13,41,10.965726426972532
13,42,13.718952747731826
13,43,14.200733941656365
13,44,10.686964836307562
13,45,11.429317477236959
13,46,14.872103513216636
13,47,13.865254369740853
13,48,11.823435964735696
13,49,14.83964821566921
13,50,17.45764854015852
13,51,19.20722719713406
13,52,21.10631414606138
13,53,22.145199991649278
13,54,22.62881850435877
13,55,22.544927317404127
13,56,20.1398049960728
13,57,19.88484636692775
13,58,19.46768232382265
13,59,22.830519505137254
13,60,22.27892230341226
13,61,21.919044279726933
13,62,18.785641929489955
13,63,17.254573974821422
13,64,18.2064801448194
13,65,16.787768505413627
13,66,13.360864804559563
13,67,14.158970615840495
13,68,15.1326222022139
13,69,11.995840214571308
13,70,10.128203214387037
13,71,13.193344144410156
13,72,13.31416867588042
13,73,9.900786184284987
13,74,9.254024614421345
13,75,12.881980657833799
13,76,13.003491322928717
13,77,10.374799977877904
13,78,11.79116713087131
13,79,15.09260309264956
13,80,14.520426598671001
13,81,13.872322768923985
13,82,16.880361881598457
13,83,18.998014941102724
13,84,18.4713328069362
13,85,19.60517124190592
13,86,22.491114388037893
13,87,23.69765378261925
13,88,23.653491081812597
13,89,25.688087477354443
13,90,28.30436547279283
13,91,28.365981401612114
13,92,29.516869560554913
13,93,32.04424797178156
13,94,34.267658488982455
13,95,35.03244780157322
13,96,37.35973004914595
14,1,21.425894512656175
14,2,18.658841230254794
14,3,16.455018739536236
14,4,15.050719528427337
14,5,14.278731271241327
14,6,12.393805012522838
14,7,10.474610040374833
14,8,9.803992459542838
14,9,8.593558762112304
14,10,6.1408161327731605
14,11,5.0284201506432575
14,12,5.381857695436511
14,13,3.8119616222863413
14,15,3.810250271246347
14,16,5.647909647000383
14,17,5.311664443185788
14,18,5.8147677028043345
14,19,8.455457996005869
14,20,10.039758619926909
14,21,10.322478555304171
14,22,11.480966745854436
14,23,14.0914364798227
14,24,14.997603205919154
14,25,15.656614966643735
14,26,17.409596886167392
14,27,19.787469886399904
14,28,23.013341079025732
14,29,23.244091912287438
14,30,25.953400848440886
14,31,25.084905310059355
14,32,21.29255631725192
14,33,19.869808401018176
14,34,16.15939853061565
14,35,17.497456440215256
14,36,16.84838972915804
14,37,13.767396004487706
14,38,14.520759463865188
14,39,14.955903861183979
14,40,12.041440158499324
14,41,9.947312070017226
14,42,12.346413537077954
14,43,11.88749252526525
14,44,8.140749107513239
14,45,9.465944609744815
14,46,12.367483989790598
14,47,10.672840989345946
14,48,8.881835886741447
14,49,12.344076237608197
14,50,14.444993994936032
14,51,16.620888087626764
14,52,18.203569442356052
14,53,19.59329280696006
14,54,19.76912643771771
14,55,20.072160577556822
14,56,17.537255140502005
14,57,16.85265826069363
14,58,16.41206682181883
14,59,19.759539557974765
14,60,19.305784285850827
14,61,18.774294662410696
14,62,15.911641249867207
14,63,14.272888493661418
14,64,14.759641872177824
14,65,13.40586617901261
14,66,10.109446542273723
14,67,10.536447582886959
14,68,11.376602812715154
14,69,8.411163970332852
14,70,6.317972491815077
14,71,9.473041545389478
14,72,9.878463074505826
14,73,6.882439210906597
14,74,6.165806953748069
14,75,9.959807869840592
14,76,10.633532246589924
14,77,8.912106802465226
14,78,10.252467170980731
14,79,13.390166283023758
14,80,13.644158159867311
14,81,13.581915655745512
14,82,16.04509224791243
14,83,18.206667497760183
14,84,18.458737552066168
14,85,19.630515583931274
14,86,22.03893937910568
14,87,23.543828126134034
14,88,24.026137622359958
14,89,25.773435917011476
14,90,28.166652472243953
14,91,28.6907805220787
14,92,29.983727419623698
14,93,32.14118490852094
14,94,34.555279573529155
14,95,35.62430960547185
14,96,37.730930153801616
15,1,22.919163111624503
15,2,20.14870806323714
15,3,18.36094357161287
15,4,16.278929864135744
15,5,15.371296783605878
15,6,14.344222415115112
15,7,12.333756105355969
15,8,10.550831727302123
15,9,9.877824045012161
15,10,8.646340054186533
15,11,6.1934389187403065
15,12,5.030858346678964
15,13,5.437248156938598
15,14,3.810250271246347
15,16,3.8142983903114835
15,17,5.614701782326261
15,18,5.130137531245669
15,19,6.137464411084245
15,20,8.751131590281986
15,21,9.98598225318526
15,22,10.241523096187052
15,23,12.3489588272926
15,24,14.141061702635023
15,25,15.060216511476654
15,26,16.06040331437276
15,27,18.23785166275893
15,28,21.729295276387855
15,29,21.871621997139197
15,30,24.17834984465857
15,31,22.95480420507373
15,32,19.20563332214967
15,33,17.25573492561632
15,34,13.660408216348038
15,35,15.049547237697439
15,36,13.967113893954146
15,37,10.821931718601723
15,38,10.99456171641608
15,39,11.394343673451344
15,40,8.881192978089281
15,41,6.280517488358971
15,42,8.65830281425606
15,43,8.77667587369618
15,44,5.284418499748146
15,45,6.497611340231775
15,46,9.770882834454893
15,47,9.054910549909339
15,48,7.930040446816145
15,49,10.955448470614742
15,50,13.136519616002065
15,51,14.587014282339123
15,52,16.099171793937884
15,53,16.889993992494258
15,54,17.25963846305869
15,55,17.11112524943413
15,56,14.789207826327418
15,57,14.791276297488642
15,58,14.905711414669648
15,59,18.514142513050594
15,60,18.652149001831646
15,61,18.862589634241154
15,62,16.23374702718404
15,63,13.825719639741564
15,64,14.646735679104975
15,65,14.25563653935918
15,66,10.680874056359766
15,67,10.421664403799308
15,68,12.331045554409618
15,69,10.290529125752137
15,70,7.2029466900785275
15,71,10.189584191839122
15,72,11.82341485500365
15,73,9.486817380168848
15,74,7.289986580725167
15,75,10.726681713901005
15,76,12.436609953127752
15,77,10.631871677214917
15,78,10.615588354885036
15,79,14.174540110053973
15,80,14.966244074319166
15,81,14.103999891648359
15,82,16.10036531658565
15,83,18.894128900719437
15,84,19.172040076116453
15,85,19.610197229902823
15,86,22.106535583138974
15,87,24.102476563396756
15,88,24.28548724859159
15,89,25.587969579440294
15,90,28.287141454937696
15,91,29.022702786606736
15,92,29.866481778861367
15,93,31.995534200754385
15,94,34.687791501337166
15,95,35.49607451571019
15,96,37.34929973328112
16,1,24.668086215863365
16,2,21.52424940033312
16,3,20.125313726858256
16,4,18.34005675903396
16,5,16.713355662060113
16,6,15.57108043846287
16,7,14.396755484715351
16,8,12.431618685852941
16,9,10.69816090123518
16,10,10.057464453358493
16,11,8.74371538994544
16,12,6.21015279378113
16,13,5.294547285156344
16,14,5.647909647000383
16,15,3.8142983903114835
16,17,3.8093821673179424
16,18,5.413282334208765
16,19,5.117787978355632
16,20,6.298840532934114
16,21,8.596640455451997
16,22,9.765431060145733
16,23,10.942448635712864
16,24,12.385502177571745
16,25,14.20277567186283
16,26,15.46343987099526
16,27,16.95433279654568
16,28,20.5229513689785
16,29,21.314285303157796
16,30,23.71508232963761
16,31,22.896170120152917
16,32,19.13441347829384
16,33,17.25109809849819
16,34,13.546010432478662
16,35,13.949826732227736
16,36,12.415619117036137
16,37,8.895665271410307
16,38,9.784902436056113
16,39,11.269977307077754
16,40,8.774241488296088
16,41,6.4480363619453245
16,42,9.90264068294332
16,43,10.581800141956487
16,44,7.84577382255277
16,45,9.509365316945967
16,46,12.777366732954047
16,47,12.356445001035343
16,48,11.697655497335985
16,49,14.631386994602055
16,50,16.71036487468797
16,51,17.90746709421582
16,52,19.15056743513364
16,53,19.455467346754926
16,54,19.573252902949736
16,55,18.78996350813763
16,56,16.197802296391227
16,57,16.326543435239497
16,58,15.926749865102025
16,59,19.3177125316087
16,60,19.063801359837004
16,61,19.511610056102057
16,62,16.465955253207614
16,63,14.317196424573035
16,64,16.012865448359964
16,65,15.489336454913433
16,66,11.698427864912295
16,67,12.437972475363212
16,68,14.670287792507533
16,69,12.369355619347152
16,70,9.993877380539942
16,71,13.44128295021315
16,72,14.867929719753908
16,73,12.35972162636844
16,74,10.82997352684758
16,75,14.425853604365738
16,76,15.81489470629546
16,77,13.759771583113473
16,78,14.096514524900579
16,79,17.703794937260596
16,80,18.065950118988667
16,81,17.02209522239755
16,82,19.356956493932167
16,83,22.108014409227135
16,84,21.95562115041722
16,85,22.394038876156735
16,86,25.189444100050533
16,87,27.00926665305923
16,88,26.86046219471426
16,89,28.339459700157487
16,90,31.203209220465514
16,91,31.642471805989203
16,92,32.36624194115128
16,93,34.75206119338032
16,94,37.337244609151526
16,95,37.90766211262214
16,96,39.89256891614392
17,1,25.98070845499618
17,2,22.886993438426497
17,3,21.052735846698102
17,4,19.793596213972656
17,5,18.39318248269953
17,6,16.516161485015388
17,7,15.31010697033081
17,8,14.226339870689491
17,9,12.182041924838378
17,10,10.497420724773908
17,11,9.94992909097351
17,12,8.519379607466119
17,13,6.005173203035248
17,14,5.311664443185788
17,15,5.614701782326261
17,16,3.8093821673179424
17,18,3.7967915752928496
17,19,5.3995294514744865
17,20,5.1744820112243755
17,21,5.961576377562482
17,22,8.199193488527767
17,23,9.986124488915747
17,24,10.378605070418292
17,25,11.895718208893928
17,26,13.95494802868221
17,27,15.67270842485594
17,28,18.922896899372336
17,29,19.818879881926804
17,30,22.674578270505037
17,31,22.335700002142204
17,32,18.534684955367613
17,33,17.38652397611063
17,34,13.550891795493225
17,35,13.900451934261135
17,36,13.271449735906442
17,37,10.29424964998998
17,38,12.249622576311708
17,39,13.254490473699173
17,40,9.997776770291445
17,41,8.920835220199898
17,42,12.373046202463982
17,43,11.961395375424823
17,44,9.063396088084653
17,45,11.639850968970523
17,46,14.36917865214454
17,47,12.978041149822714
17,48,12.573219905652724
17,49,16.03930888058224
17,50,17.585840357870165
17,51,19.408387755234166
17,52,20.24943531125526
17,53,20.95486165347923
17,54,20.48768069222411
17,55,19.97697314118357
17,56,16.896553673489382
17,57,16.17974089705831
17,58,14.959054407930926
17,59,17.991220894067663
17,60,17.056831744733653
17,61,16.994108165648708
17,62,13.64503213518928
17,63,12.176646992359428
17,64,13.98564849011461
17,65,12.812450178281862
17,66,9.12824956114868
17,67,10.873451947395889
17,68,12.74227390570733
17,69,10.099366114340636
17,70,8.810177740970268
17,71,12.599966827140245
17,72,13.57044026112467
17,73,11.310628687442978
17,74,10.875632481636693
17,75,14.590889303139553
17,76,15.678577998963998
17,77,14.221415471867394
17,78,15.317305506748687
17,79,18.568478258601267
17,80,18.940506886281934
17,81,18.63568791780235
17,82,21.05246953631135
17,83,23.425942324313777
17,84,23.542633523474997
17,85,24.47455369575376
17,86,27.047108077142255
17,87,28.659235332328567
17,88,28.889964878544088
17,89,30.567188124959422
17,90,33.16064596838144
17,91,33.61919734782583
17,92,34.69001544037783
17,93,36.97594985227106
17,94,39.4486748792617
17,95,40.29092037443412
17,96,42.372094631018705
18,1,27.13950056358713
18,2,24.369570304769123
18,3,22.23845073925667
18,4,20.62229852091524
18,5,19.816682299003364
18,6,18.15238192218115
18,7,16.19867433256647
18,8,15.144598594850827
18,9,13.978347607378153
18,10,11.92685334157907
18,11,10.349156255878002
18,12,9.697748205320826
18,13,8.258776252168989
18,14,5.8147677028043345
18,15,5.130137531245669
18,16,5.413282334208765
18,17,3.7967915752928496
18,19,3.7985394148860014
18,20,5.54866160412927
18,21,5.2007638221007255
18,22,5.672671340346929
18,23,8.446429966610843
18,24,9.590382065869509
18,25,10.108096182732025
18,26,11.621540858014702
18,27,14.011161726280234
18,28,17.250016219509003
18,29,17.48707630317293
18,30,20.203473150047536
18,31,19.52556438311406
18,32,15.713051456196105
18,33,14.594966764414384
18,34,10.803036633062415
18,35,12.016257051312989
18,36,12.039750655826985
18,37,9.666693999851551
18,38,11.443428732495741
18,39,11.341843174295002
18,40,7.732114277649656
18,41,7.443124014618921
18,42,10.306655119613442
18,43,8.940375209460013
18,44,6.210068215013617
18,45,9.500512094600964
18,46,11.501754167580835
18,47,9.782423263215227
18,48,10.188719962390111
18,49,13.667732477428006
18,50,14.598057849571356
18,51,16.50430023555123
18,52,16.921116424912075
18,53,17.730858469088442
18,54,16.969492858047527
18,55,16.689829207738565
18,56,13.509161406474618
18,57,12.520643329834641
18,58,11.436235126475419
