1,2,3.803206666139781
1,3,6.4380284745188066
1,4,8.68519910357908
1,5,7.140725105398043
1,6,6.658732927642922
1,7,10.081099447033143
1,8,11.527786517781514
1,9,11.040353837987604
1,10,12.315128135126198
1,11,15.095413136136623
1,12,16.064716749351234
1,13,16.46626644492273
1,14,18.410268368254467
1,15,20.43065746181694
1,16,21.539417764207673
1,17,22.58610087873025
1,18,24.422413852573015
1,19,26.19501799488138
1,20,27.468958174713908
1,21,28.38624828717438
1,22,29.967932216949965
1,23,32.016721596911154
1,24,33.32838974763511
1,25,34.107500699951665
1,26,35.69206445762532
1,27,38.181254377137456
1,28,38.85246401525002
1,29,39.576772836149296
1,30,41.610210006984246
1,31,43.89607637035708
1,32,47.0023558727015
1,33,47.123377229890586
1,34,49.95673347975081
1,35,48.884510568839154
1,36,45.139482603886044
1,37,43.47556795775566
1,38,39.91064121905847
1,39,41.22403428865266
1,40,39.88984964824729
1,41,36.27174466029944
1,42,35.669428904424166
1,43,36.79379884012504
1,44,35.10653130444318
1,45,31.73143070581005
1,46,32.67681884957138
1,47,33.71492513159142
1,48,30.4659934007863
1,49,28.510738183648048
1,50,30.961331590468728
1,51,30.75480187897263
1,52,26.951794486063157
1,53,27.069339679052888
1,54,30.052483739152848
1,55,32.359060412142206
1,56,34.97792233429527
1,57,37.77495638823272
1,58,39.92704907370673
1,59,40.98694811593888
1,60,39.75731571138238
1,61,39.27655315670531
1,62,39.55664622973445
1,63,42.755665699447476
1,64,42.26689769900666
1,65,40.75637698509234
1,66,38.106704588389086
1,67,37.369955351593916
1,68,36.86427862622501
1,69,34.62759510396534
1,70,32.456255690840344
1,71,32.551029374879796
1,72,31.36902514872471
1,73,28.29464704895018
1,74,27.555130964653255
1,75,28.09792528261474
1,76,25.82821742722569
1,77,22.97753280370524
1,78,23.4417882276701
1,79,23.758368916779386
1,80,20.792043251731492
1,81,18.562972236427452
1,82,19.979518411418667
1,83,19.521807274412843
1,84,15.862560765390215
1,85,15.347869007889377
1,86,17.690411066558678
1,87,15.935804848532237
1,88,12.513199897720437
1,89,14.693500359987508
1,90,16.490434360762716
1,91,13.546298216200412
1,92,12.566461132874068
1,93,16.307552325747547
1,94,17.014529518680117
1,95,14.62717467908139
1,96,15.984866896303979
1,97,19.42992765929645
1,98,19.030057640368526
1,99,18.33838095876234
1,100,21.089688586196203
1,101,23.520350895212303
1,102,22.694663001574746
1,103,21.17723025650232
2,1,3.803206666139781
2,3,3.7834346179036284
2,4,5.762812087564434
2,5,5.713559686973492
2,6,6.404817650392625
2,7,8.744632719575218
2,8,10.304166130634197
2,9,11.109198637411195
2,10,12.379567816089168
2,11,14.404593933647432
2,12,15.857616104289534
2,13,16.970013819174646
2,14,18.43980127590319
2,15,20.107859479356744
2,16,21.808888891531655
2,17,23.00725188819842
2,18,24.287680467623904
2,19,26.11654069603283
2,20,27.8671270876537
2,21,28.658748500652973
2,22,29.805093036531076
2,23,32.06325616387337
2,24,33.65007449348383
2,25,34.118604628234415
2,26,35.441561738354025
2,27,38.2012159662786
2,28,38.94334093550256
2,29,39.3083335206918
2,30,41.26767416769602
2,31,43.81682331214356
2,32,46.82674255214794
2,33,46.65723379459886
2,34,49.47012042668805
2,35,48.29682151635782
2,36,44.62072896878228
2,37,43.06984769898882
2,38,39.585955101194315
2,39,41.208316616141914
2,40,40.148781597596056
2,41,36.66779197955838
2,42,36.073142464605986
2,43,36.81451971651127
2,44,35.026718500613164
2,45,31.79820904183075
2,46,32.494360024790325
2,47,33.193974705274265
2,48,29.957442326942516
2,49,27.972507192230612
2,50,30.067307668078186
2,51,29.649729735786153
2,52,25.840096631857183
2,53,25.75787949100496
2,54,28.450715204549226
2,55,30.916356861783882
2,56,33.638773716464094
2,57,36.55686536967127
2,58,38.74806001543193
2,59,40.12932425524096
2,60,38.99335454201724
2,61,38.332984522926836
2,62,38.694500004675795
2,63,41.802529405510235
2,64,41.41275266073796
2,65,39.74878404636813
2,66,37.36612834512212
2,67,36.66788370790155
2,68,35.785932633920254
2,69,33.55354243550161
2,70,31.6860246783374
2,71,31.52621384838374
2,72,30.007031511777747
2,73,27.18033372221963
2,74,26.584629125208906
2,75,26.655156818946267
2,76,24.182466590215522
2,77,21.730983727142505
2,78,22.097450160737786
2,79,21.839147638834557
2,80,18.81837418394022
2,81,17.00397591864979
2,82,18.065734409502276
2,83,17.03608615142767
2,84,13.506743469974511
2,85,13.261577620088588
2,86,15.058660175813554
2,87,12.822168133743109
2,88,9.639300996920573
2,89,12.054721051943346
2,90,13.272695457924172
2,91,10.073322811248424
2,92,9.715818860732282
2,93,13.464081591200973
2,94,13.723072022942281
2,95,11.592598248007903
2,96,13.544089448330556
2,97,16.673509396600835
2,98,16.159627450596325
2,99,16.07638733854111
2,100,18.92050040654708
2,101,21.01132048106051
2,102,20.41197528710576
2,103,18.51774006117361
3,1,6.4380284745188066
3,2,3.7834346179036284
3,4,3.8098223222152745
3,5,5.491493214165488
3,6,5.084746950607102
3,7,5.97132809078908
3,8,8.525335459637198
3,9,9.978218149476117
3,10,10.317954956568958
3,11,11.998458256877553
3,12,14.204466791283663
3,13,15.325951458456089
3,14,16.098352424568294
3,15,17.885568269534158
3,16,20.04470205318926
3,17,20.91393379851725
3,18,21.81491149830855
3,19,23.973620228280936
3,20,25.875251618619224
3,21,26.291644575316067
3,22,27.276586608038997
3,23,29.823960045246633
3,24,31.361488668749722
3,25,31.49674494738045
3,26,32.838841149920384
3,27,35.771399947556304
3,28,36.34166692182737
3,29,36.490217846940595
3,30,38.57048479953871
3,31,41.2396433138027
3,32,44.106370433832716
3,33,43.86812478095307
3,34,46.78430512792575
3,35,45.737769070935585
3,36,42.08142267105558
3,37,40.768533348306285
3,38,37.257961037131466
3,39,38.94690332980535
3,40,38.168579691356
3,41,34.80024962901839
3,42,34.50152875398455
3,43,35.072248755368705
3,44,32.994301636866325
3,45,29.982512811104243
3,46,30.830340878728375
3,47,31.170321323154294
3,48,27.7899894853536
3,49,26.141914346689216
3,50,28.199583639177103
3,51,27.372234778335454
3,52,23.572425658632586
3,53,23.835178889153674
3,54,26.263814529480516
3,55,29.035273674797928
3,56,31.51912687972522
3,57,34.655164784450676
3,58,36.598133247834454
3,59,38.15473219242033
3,60,36.800169984844814
3,61,35.847658236381605
3,62,35.99111593472243
3,63,38.94957102026407
3,64,38.40468482845824
3,65,36.55378534861058
3,66,34.23841623265509
3,67,33.75271484374116
3,68,32.75912424823116
3,69,30.357639151253014
3,70,28.701237047606156
3,71,28.66737896972417
3,72,26.914101309475658
3,73,24.071626786069302
3,74,23.826679600536355
3,75,23.88045720453882
3,76,21.13363561099266
3,77,18.85859208316947
3,78,19.63904018936564
3,79,19.233070827690117
3,80,15.92053363563112
3,81,14.584331776891593
3,82,16.060071289653923
3,83,14.6784635409817
3,84,11.058494373536442
3,85,11.785408724950505
3,86,13.730988489609576
3,87,11.144630458690786
3,88,8.65114261923183
3,89,11.942087942668996
3,90,12.893683266731742
3,91,9.964360594508626
3,92,10.856096338239194
3,93,14.478376504206155
3,94,14.4342811062876
3,95,13.1049755803132
3,96,15.597541163464786
3,97,18.267276314117126
3,98,17.76008771502611
3,99,18.3953541361297
3,100,21.20753082728575
3,101,22.938086026655185
3,102,22.58251090325274
3,103,20.246839046847914
4,1,8.68519910357908
4,2,5.762812087564434
4,3,3.8098223222152745
4,5,3.818429610394239
4,6,5.503093762525265
4,7,5.035521242345958
4,8,6.105932053484051
4,9,8.67079262888618
4,10,9.765541800330066
4,11,10.37521903800248
4,12,12.309212846260703
4,13,14.303108618219042
4,14,15.098990146016698
4,15,16.11754717086906
4,16,18.488578029395384
4,17,19.892497313607553
4,18,20.42668362120447
4,19,22.19702065225693
4,20,24.505509908264823
4,21,25.199522205560154
4,22,25.760468015862337
4,23,28.168653788011348
4,24,30.105638597029
4,25,30.263946754594432
4,26,31.20458884644966
4,27,34.21214129988618
4,28,35.109298676414774
4,29,35.09535690792376
4,30,36.8798826623599
4,31,39.681774349270164
4,32,42.600759130926384
4,33,42.11413772254629
4,34,44.85179796030653
4,35,43.56083287467849
4,36,39.973599139477145
4,37,38.53587777095076
4,38,35.16472763212817
4,39,37.108954078941096
4,40,36.37531671104805
4,41,33.1098206457136
4,42,32.56879942047747
4,43,32.84576363676911
4,44,30.92864776565193
4,45,27.9369645702353
4,46,28.39713800372058
4,47,28.67362766668488
4,48,25.472049104875943
4,49,23.55530690884986
4,50,25.304626569428162
4,51,24.61601309234023
4,52,20.848838297480132
4,53,20.71229721509333
4,54,23.109238453445766
4,55,25.768825397302844
4,56,28.44816879027009
4,57,31.507252870755295
4,58,33.6274715857448
4,59,35.28272248294178
4,60,34.173715771296486
4,61,33.33694849401662
4,62,33.782927708461415
4,63,36.81798987544747
4,64,36.59049509174079
4,65,34.90333038364024
4,66,32.79633972228509
4,67,32.00943856813356
4,68,30.799178638985204
4,69,28.704650733451484
4,70,27.05780861417305
4,71,26.570530887178233
4,72,24.85511640016352
4,73,22.3239566788277
4,74,21.73038069106396
4,75,21.375120858256157
4,76,18.85358452534926
4,77,16.741141640877654
4,78,16.952159420477603
4,79,16.283524540044535
4,80,13.293611366500947
4,81,11.799658270344981
4,82,12.694587899781276
4,83,11.326632342397762
4,84,7.829289686788357
4,85,8.16235986199379
4,86,9.939229024589782
4,87,7.565158952115581
4,88,4.902418587882387
4,89,8.380292688719646
4,90,9.58537874083748
4,91,7.319547400091343
4,92,8.445105731389937
4,93,11.8574205319079
4,94,12.291779113075053
4,95,11.810105767838389
4,96,14.076008394348348
4,97,16.503910471701666
4,98,16.677657392230557
4,99,17.69563918970395
4,100,20.0099030263397
4,101,21.805277457720095
4,102,22.084440754818264
4,103,19.906714498773827
5,1,7.140725105398043
5,2,5.713559686973492
5,3,5.491493214165488
5,4,3.818429610394239
5,6,3.804816812534802
5,7,5.3440194964784915
5,8,5.0222100061901
5,9,6.167102471496831
5,10,8.409154582735964
5,11,9.693169871474774
5,12,10.579318711191897
5,13,12.3687478922225
5,14,14.067333102263076
5,15,15.084757124864367
5,16,16.772297364246604
5,17,18.491202035192387
5,18,19.610974962299707
5,19,21.016604032295486
5,20,23.014514519879963
5,21,24.152451444888992
5,22,25.031846613607055
5,23,27.05896247077809
5,24,28.963017841018345
5,25,29.59077013205456
5,26,30.604674589084112
5,27,33.322799738762306
5,28,34.39166395173137
5,29,34.75564870365231
5,30,36.43162532308279
5,31,38.99488889352281
5,32,42.11284061267963
5,33,41.829527040435735
5,34,44.47075085206336
5,35,43.11276782534279
5,36,39.46144192963676
5,37,37.74173887397502
5,38,34.33905121062501
5,39,36.07396281890075
5,40,34.9683573164271
5,41,31.540078273386268
5,42,30.752438856325504
5,43,31.343439945712934
5,44,29.699568088495962
5,45,26.437321432439514
5,46,26.923765079919477
5,47,27.686885705408283
5,48,24.574625013762642
5,49,22.394139614542954
5,50,24.459175889123788
5,51,24.249218430373283
5,52,20.45949376354137
5,53,20.24391814645382
5,54,23.134039292229588
5,55,25.434254243687846
5,56,28.185521219925192
5,57,30.99946838199753
5,58,33.26025068671967
5,59,34.536672674451005
5,60,33.51276609956626
5,61,33.04288796402476
5,62,33.631722432989044
5,63,36.88027713762871
5,64,36.76040360458983
5,65,35.3961429530769
5,66,33.057250665930304
5,67,31.983740102118347
5,68,31.133510351643263
5,69,29.24516837485438
5,70,27.151972569909024
5,71,26.68158330778852
5,72,25.480414294146225
5,73,22.787126881128607
5,74,21.690081439549008
5,75,21.736731109018884
5,76,19.695794326056088
5,77,17.03269326806127
5,78,16.91826947809695
5,79,16.996012627900274
5,80,14.374220983771357
5,81,11.931208293263964
5,82,12.916473543510136
5,83,12.663312833329124
5,84,9.148312843836695
5,85,8.217635747902946
5,86,10.832411840768987
5,87,9.68658940719924
5,88,6.2351256568985605
5,89,8.728089720630663
5,90,11.171322233920058
5,91,9.387564271751218
5,92,8.98812973877453
5,93,12.559341078851322
5,94,13.95260357807394
5,95,13.124003737669451
5,96,14.514808597694078
5,97,17.46253645298286
5,98,18.095199358508854
5,99,18.448176985049898
5,100,20.492964290749754
5,101,22.850134723663214
5,102,23.154714824746648
5,103,21.508791406777274
6,1,6.658732927642922
6,2,6.404817650392625
6,3,5.084746950607102
6,4,5.503093762525265
6,5,3.804816812534802
6,7,3.797018372036827
6,8,5.48972620142453
6,9,5.287958388252073
6,10,6.000490806762873
6,11,8.475767981401921
6,12,9.959058822769997
6,13,10.654008099727957
6,14,12.105947192280267
6,15,14.00941401391205
6,16,15.596177974780431
6,17,16.614507929485193
6,18,18.037297716178244
6,19,19.942700497822695
6,20,21.53197016965745
6,21,22.289732422359748
6,22,23.582139400642568
6,23,25.810490898027883
6,24,27.281711869994854
6,25,27.83630844698518
6,26,29.27021297418673
6,27,31.92740190314783
6,28,32.63903504586312
6,29,33.15835467593031
6,30,35.14883418721083
6,31,37.576309211093985
6,32,40.62874237313136
6,33,40.612900645750656
6,34,43.455293631284924
6,35,42.39482847043434
6,36,38.66485292942737
6,37,37.13076867646928
6,38,33.560364127740364
6,39,35.012660437952604
6,40,33.93467619115509
6,41,30.435388027587564
6,42,30.037510719525727
6,43,30.902527598497116
6,44,28.970267413759302
6,45,25.768371090483413
6,46,26.790599952145712
6,47,27.50255427899741
6,48,24.134222533132164
6,49,22.425326345386008
6,50,24.891893202281075
6,51,24.382691089003913
6,52,20.572481933663102
6,53,21.04643167047523
6,54,23.92110502868284
6,55,26.44487758847018
6,56,28.806396775647734
6,57,31.77293810792699
6,58,33.695759172652515
6,59,34.85422076956997
6,60,33.43948258674464
6,61,32.77709594606014
6,62,32.96408195065604
6,63,36.123590651720136
6,64,35.64232633399119
6,65,34.14630589593209
6,66,31.554411994018004
6,67,30.773701923284182
6,68,30.20823874171572
6,69,28.012321410217844
6,70,25.847898297353566
6,71,25.90361245043208
6,72,24.729792480246452
6,73,21.655129767307756
6,74,20.918559083085064
6,75,21.530087656582463
6,76,19.279131017732748
6,77,16.3381683674954
6,78,16.99054553590035
6,79,17.520515989208178
6,80,14.500939567713521
6,81,12.233915280577891
6,82,14.228553153872191
6,83,14.044219584439439
6,84,10.297195904691264
6,85,10.386702528470616
6,86,13.468934570507757
6,87,12.131235513199513
6,88,9.271292778561406
6,89,12.254727089320617
6,90,14.47050614229168
6,91,12.504435026034644
6,92,12.58413804582217
6,93,16.21921600573211
6,94,17.253962258435504
6,95,16.231800133383533
6,96,17.927690517941343
6,97,20.905017689150345
6,98,21.153961990047623
6,99,21.46133706275429
6,100,23.808164295800783
6,101,26.06174575845758
6,102,26.03712388273816
6,103,24.16305883822601
7,1,10.081099447033143
7,2,8.744632719575218
7,3,5.97132809078908
7,4,5.035521242345958
7,5,5.3440194964784915
7,6,3.797018372036827
7,8,3.8248457666219156
7,9,5.56351381125155
7,10,5.061417360728799
7,11,6.044272405090111
7,12,8.657745532017293
7,13,9.947801626012627
7,14,10.3350053318317
7,15,11.945393244500764
7,16,14.32515789248986
7,17,15.220148232325048
7,18,15.903757315726102
7,19,18.039176764595
7,20,20.072257224590054
7,21,20.50509131791188
7,22,21.349468411666795
7,23,23.88321540118785
7,24,25.52411986460413
7,25,25.670149483812132
7,26,26.91068415887163
7,27,29.84057112693032
7,28,30.520351057312403
7,29,30.678271285147904
7,30,32.66670962160763
7,31,35.32766564296816
7,32,38.24166548304215
7,33,38.000785198177724
7,34,40.87853659380613
7,35,39.82530076693141
7,36,36.14957933887205
7,37,34.82501989619954
7,38,31.295237502729954
7,39,32.98236563629931
7,40,32.2610588470402
7,41,28.949549245556526
7,42,28.754093314528806
7,43,29.247769531606234
7,44,27.06659276626325
7,45,24.132591622149672
7,46,25.09743450067093
7,47,25.339618570563818
7,48,21.89054500187577
7,49,20.428403772514272
7,50,22.65320300945401
7,51,21.720309311845906
7,52,17.918393549411793
7,53,18.57954167721344
7,54,21.10282877818998
7,55,23.931808925860924
7,56,26.14565071675574
7,57,29.32641573992858
7,58,31.08108133270036
7,59,32.521097097377215
7,60,31.00546106712977
7,61,30.053987433055134
7,62,30.155212493329437
7,63,33.18470123302595
7,64,32.68858555659006
7,65,31.026499253709844
7,66,28.628796642114622
7,67,27.954001852990704
7,68,27.104645176778828
7,69,24.84038273618521
7,70,22.950383342039878
7,71,22.90520162791212
7,72,21.419779972276363
7,73,18.469003673459245
7,74,17.998025606362376
7,75,18.34223358323401
7,76,15.817361480332112
7,77,13.15672986996958
7,78,14.06408917803
7,79,14.248770392506831
7,80,10.973925296291311
7,81,9.23296226872535
7,82,11.524280565444815
7,83,10.933444330593055
7,84,7.201733806871607
7,85,8.41251395030806
7,86,11.440456568431193
7,87,9.97307953769072
7,88,8.135062522270776
7,89,11.585195468789133
7,90,13.407606800159444
7,91,11.973029639091306
7,92,13.019013088401842
7,93,16.301280706089585
7,94,17.084343262074242
7,95,16.817265971602037
7,96,18.87595844575065
7,97,21.364057250106608
7,98,21.703021905262798
7,99,22.64394818411703
7,100,24.880215795316264
7,101,26.796646540736145
7,102,27.0901022221227
7,103,24.912013420707734
8,1,11.527786517781514
8,2,10.304166130634197
8,3,8.525335459637198
8,4,6.105932053484051
8,5,5.0222100061901
8,6,5.48972620142453
8,7,3.8248457666219156
8,9,3.7842432917529445
8,10,5.416780703626018
8,11,5.03158112965045
8,12,6.238209663665595
8,13,8.72302545901083
8,14,9.814168080183778
8,15,10.325356843370473
8,16,12.497665713962657
8,17,14.291836912272847
8,18,14.92521491730584
8,19,16.32021689063172
8,20,18.633398379730547
8,21,19.681661317325357
8,22,20.24276053348015
8,23,22.36230447614285
8,24,24.428420018806968
8,25,24.896482738555054
8,26,25.73581877966353
8,27,28.562400945879038
8,28,29.69795439736687
8,29,29.911372883598226
8,30,31.512490898823472
8,31,34.16718380959566
8,32,37.249521886613486
8,33,36.868325324093554
8,34,39.49936485127723
8,35,38.14758269563793
8,36,34.50594739035809
8,37,32.87345345556743
8,38,29.470990350765593
8,39,31.310178485820195
8,40,30.405183474900216
8,41,27.09862016929923
8,42,26.476401208315746
8,43,26.842852339793758
8,44,25.00759960685818
8,45,21.908346090295225
8,46,22.449285174886352
8,47,22.934261975506
8,48,19.729275598426632
8,49,17.756604680629707
8,50,19.85501035286355
8,51,19.392665828498508
8,52,15.579681630517207
8,53,15.717866765285068
8,54,18.567118420389413
8,55,21.055771646284054
8,56,23.552640279924304
8,57,26.511838205219544
8,58,28.561526527259517
8,59,29.88460766566327
8,60,28.68922890223628
8,61,28.091813827813024
8,62,28.618090121558264
8,63,31.8580916580019
8,64,31.768615183634765
8,65,30.474419497350937
8,66,28.17846122900901
8,67,27.01007922811757
8,68,26.142387775536047
8,69,24.353737259319477
8,70,22.217165623769926
8,71,21.665213941124765
8,72,20.555251062927134
8,73,17.893010123391154
8,74,16.673269006805754
8,75,16.793648046078886
8,76,14.887472049092189
8,77,12.073851836836011
8,78,11.989226383068466
8,79,12.411112958885246
8,80,9.868211167753271
8,81,7.098250413718356
8,82,8.792277648414544
8,83,9.168099879521996
8,84,5.745284760613448
8,85,5.446897119450836
8,86,9.043500748411766
8,87,8.82312578871124
8,88,6.809928786289291
8,89,9.459657951403019
8,90,12.053789509542126
8,91,11.547280813078984
8,92,12.022271001431974
8,93,14.946404532652387
8,94,16.486062731952583
8,95,16.65650395903817
8,96,18.107746344132114
8,97,20.556882155833186
8,98,21.56722652095507
8,99,22.45790453516986
8,100,24.177871185998143
8,101,26.35288218784108
8,102,27.100907982134824
8,103,25.30152017777161
9,1,11.040353837987604
9,2,11.109198637411195
9,3,9.978218149476117
9,4,8.67079262888618
9,5,6.167102471496831
9,6,5.287958388252073
9,7,5.56351381125155
9,8,3.7842432917529445
9,10,3.786953746950891
9,11,5.3086056978943965
9,12,5.039458289284969
9,13,6.267156439585667
9,14,8.569328613958225
9,15,9.686865432846114
9,16,10.80653943977881
9,17,12.542506272174474
9,18,14.100826751257774
9,19,15.365586417228583
9,20,17.02360863771822
9,21,18.347136988706076
9,22,19.52367926970065
9,23,21.327753569821773
9,24,23.079420813321775
9,25,24.0077075676365
9,26,25.17461291213713
9,27,27.643540713253685
9,28,28.737281409033542
9,29,29.427032253343185
9,30,31.096439837783056
9,31,33.41820968017184
9,32,36.64735941604796
9,33,36.621613333672684
9,34,39.262654495193026
9,35,38.02174072234616
9,36,34.29231851063203
9,37,32.49467743008832
9,38,28.982231915115726
9,39,30.427868172933835
9,40,29.15031656050185
9,41,25.62939648097108
9,42,24.97404246801555
9,43,25.852059681089983
9,44,24.147902315466588
9,45,20.800901297485694
9,46,21.703511071804183
9,47,22.687397527539034
9,48,19.46577494141163
9,49,17.526800250596295
9,50,20.179193628551218
9,51,20.05548269375172
9,52,16.321295607619092
9,53,16.779872216665698
9,54,20.012576385405435
9,55,22.20103700761138
9,56,24.505509936898633
9,57,27.2568087547841
9,58,29.234303594806274
9,59,30.103671275729447
9,60,28.78546917945582
9,61,28.450858377241474
9,62,28.88058173590738
9,63,32.2434817495151
9,64,32.048474041966145
9,65,30.990767232284433
9,66,28.352736329263358
9,67,27.094065898823757
9,68,26.752620403274292
9,69,25.00266850654694
9,70,22.427720696190526
9,71,22.220672314669056
9,72,21.64370430723827
9,73,18.6681086209206
9,74,17.20004855051748
9,75,18.064739767127207
9,76,16.558855754777717
9,77,13.195338975289571
9,78,13.26129745720552
9,79,14.634411047078773
9,80,12.373533997792125
9,81,9.178122116664209
9,82,11.292704982517455
9,83,12.479350970993783
9,84,9.329606068268689
9,85,8.598620566891324
9,86,12.354643335228943
9,87,12.512393857258948
9,88,10.089799161295437
9,89,12.27864698901979
9,90,15.290437876187925
9,91,14.585731041857548
9,92,14.362083861804042
9,93,17.478908221793247
9,94,19.332629709377848
9,95,19.025939286557662
9,96,20.113524217334465
9,97,22.951193782395283
9,98,23.987145119569895
9,99,24.373881542153857
9,100,26.10525822394511
9,101,28.609022729845815
9,102,29.15314548246236
9,103,27.60067069702663
10,1,12.315128135126198
10,2,12.379567816089168
10,3,10.317954956568958
10,4,9.765541800330066
10,5,8.409154582735964
10,6,6.000490806762873
10,7,5.061417360728799
10,8,5.416780703626018
10,9,3.786953746950891
10,11,3.797926472279902
10,12,5.486553220295353
10,13,5.191689409593255
10,14,6.128665613347357
10,15,8.476251880256868
10,16,10.060957977691103
10,17,10.675340506073963
10,18,12.133341186768199
10,19,14.239166230811852
10,20,15.69021291109713
10,21,16.292146063800626
10,22,17.68698900439637
10,23,19.959337643242936
10,24,21.307278474829314
10,25,21.86614705308399
10,26,23.40525372367169
10,27,25.998415788788197
10,28,26.65459081118242
10,29,27.27692924676695
10,30,29.30958648423536
10,31,31.64453213520876
10,32,34.7092393282949
10,33,34.8215005214087
10,34,37.70613622201192
10,35,36.78440363995677
10,36,33.01449512965366
10,37,31.561969077607344
10,38,27.906296909702032
10,39,29.201426930964228
10,40,28.19591898883419
10,41,24.727515021247044
10,42,24.645350469072888
10,43,25.56819606430375
10,44,23.391155558601877
10,45,20.31726560168067
10,46,21.756950080125097
10,47,22.351207248240037
10,48,18.823406630973142
10,49,17.60350191652527
10,50,20.444130364403087
10,51,19.715955622621845
10,52,16.025518749397275
10,53,17.28633575895859
10,54,20.17460187980612
10,55,22.755514387542124
10,56,24.58271493827478
10,57,27.600359008214784
10,58,29.13577234150122
10,59,30.090130364901935
10,60,28.32924252713013
10,61,27.59373943989927
10,62,27.53774553525835
10,63,30.704257477449268
10,64,30.105517402145644
10,65,28.774867311591084
10,66,25.988560461466403
10,67,25.142959025129834
10,68,24.913271307758237
10,69,22.764544385692577
10,70,20.3039926968355
10,71,20.63384570442647
10,72,19.85855613755658
10,73,16.54371550133979
10,74,15.700170123702707
10,75,17.000561649464032
10,76,15.086117007851948
10,77,11.65401246244372
10,78,12.791745214437395
10,79,14.312617816042739
10,80,11.56403030577397
10,81,9.100510298949013
10,82,12.181116163669722
10,83,12.9653126698408
10,84,9.816996341729318
10,85,10.476328583911272
10,86,14.150061489992666
10,87,13.811034342849927
10,88,12.03012542087438
10,89,14.850866135850772
10,90,17.35988696601198
10,91,16.449280040532752
10,92,16.915795134557943
10,93,20.120466746104935
10,94,21.479027400881645
10,95,21.206790846455455
10,96,22.787497133076485
10,97,25.4939351459025
10,98,26.16846420250534
10,99,26.797685157589008
10,100,28.82115456944112
10,101,31.067134811132625
10,102,31.430744794154204
10,103,29.520058450403337
11,1,15.095413136136623
11,2,14.404593933647432
11,3,11.998458256877553
11,4,10.37521903800248
11,5,9.693169871474774
11,6,8.475767981401921
11,7,6.044272405090111
11,8,5.03158112965045
11,9,5.3086056978943965
11,10,3.797926472279902
11,12,3.8067909386541086
11,13,5.417736918910053
11,14,5.023789556044752
11,15,5.906303371973247
11,16,8.612223793850864
11,17,9.721577721733537
11,18,10.086041348642144
11,19,12.008530264149972
11,20,14.243562251736666
11,21,14.858869085037572
11,22,15.498570980281247
11,23,17.892641137132614
11,24,19.730475625014304
11,25,20.01347068757908
11,26,21.07209079732297
11,27,23.934568115376074
11,28,24.843718490598484
11,29,25.08652600718432
11,30,26.88667750867159
11,31,29.493137822999056
11,32,32.51627323049861
11,33,32.29245297159028
11,34,35.078885411358634
11,35,33.97898942794838
11,36,30.271882750645798
11,37,28.855806641455267
11,38,25.30381587646244
11,39,26.968085220540875
11,40,26.2445502005263
11,41,22.984033589745884
11,42,22.857103953935308
11,43,23.282165653096182
11,44,21.027440152409522
11,45,18.14515427563319
11,46,19.258342261818722
11,47,19.46040770879916
11,48,15.94479569516358
11,49,14.70199831067506
11,50,17.22505877570282
11,51,16.269814099996708
11,52,12.520818917475427
11,53,13.785000132935782
11,54,16.488968443103555
11,55,19.229754539506445
11,56,21.049798225731955
11,57,24.191923790659256
11,58,25.722513659438448
11,59,26.922546578954773
11,60,25.23305882861746
11,61,24.381748840842096
11,62,24.48893906321622
11,63,27.662970948195774
11,64,27.29278325139996
11,65,25.988347873900594
11,66,23.470206564284304
11,67,22.430626991836863
11,68,21.85770067532064
11,69,19.907552632239423
11,70,17.58074487661258
11,71,17.467847242520143
11,72,16.564848286025082
11,73,13.517467781776643
11,74,12.46459820567999
11,75,13.37460034795184
11,76,11.52244086663062
11,77,8.138163258366415
11,78,9.064602781261256
11,79,10.54007922862289
11,80,7.9926550079464995
11,81,5.446841618189072
11,82,8.834976689952779
11,83,9.888479203205003
11,84,7.396087678232201
11,85,8.439239681475105
11,86,11.955057198729135
11,87,12.150244579177992
11,88,11.275947506391223
11,89,13.864250295969468
11,90,16.21825691238838
11,91,16.06701767131914
11,92,16.94449909177291
11,93,19.675932457755923
11,94,21.089536873872294
11,95,21.493646818679757
11,96,23.08290032836193
11,97,25.383454105463947
11,98,26.360497341202148
11,99,27.414718821912185
11,100,29.15142379996524
11,101,31.22289963973226
11,102,31.993639969214826
11,103,30.025304331618806
12,1,16.064716749351234
12,2,15.857616104289534
12,3,14.204466791283663
12,4,12.309212846260703
12,5,10.579318711191897
12,6,9.959058822769997
12,7,8.657745532017293
12,8,6.238209663665595
12,9,5.039458289284969
12,10,5.486553220295353
12,11,3.8067909386541086
12,13,3.812146085088281
12,14,5.491516864579419
12,15,4.995550526265883
12,16,6.333174726876471
12,17,8.720846586957007
12,18,9.733617996749903
12,19,10.521691623033295
12,20,12.612175094245352
12,21,14.166841523109792
12,22,14.907835361250754
12,23,16.56777846091368
12,24,18.6586046537675
12,25,19.60372132004323
12,26,20.438473531477282
12,27,22.929799197936862
12,28,24.283433733189256
12,29,24.88808068527813
12,30,26.320799157534577
12,31,28.694104933392737
12,32,31.963758467558005
12,33,31.8211548052586
12,34,34.35594933085039
12,35,33.0276744785807
12,36,29.312838085616605
12,37,27.474447769247362
12,38,23.992576667882048
12,39,25.55824031960441
12,40,24.392158410340947
12,41,20.985476727379087
12,42,20.361199778494218
12,43,20.993774508303087
12,44,19.206483993000894
12,45,15.943087408731037
12,46,16.83360245707874
12,47,17.670199744896273
12,48,14.42695492064789
12,49,12.587285607217098
12,50,15.392604672393155
12,51,15.232604829529196
12,52,11.591634785066661
12,53,12.457755196082168
12,54,15.754979944800517
12,55,17.880159566974605
12,56,19.86771683237038
12,57,22.618633349246117
12,58,24.415061190939717
12,59,25.19750867529265
12,60,23.774463472749765
12,61,23.478013044577356
12,62,23.974353065334654
12,63,27.414182474605497
12,64,27.391893570416226
12,65,26.604046525962264
12,66,24.020156505181735
12,67,22.445278721496724
12,68,22.189891316624593
12,69,20.781460735665817
12,70,17.992531480514703
12,71,17.564527532284213
12,72,17.419255679430954
12,73,14.607969162546055
12,74,12.607176708804321
12,75,13.730897941484594
12,76,12.899938608271876
12,77,9.309984598545594
12,78,9.03934162241386
12,79,11.335253839063997
12,80,9.93874278901599
12,81,6.474193038059182
12,82,8.994940681092487
12,83,11.28462728532856
12,84,9.334723260547914
12,85,8.87181833598076
12,86,12.52749879131555
12,87,13.682526056369946
12,88,12.424470450762838
12,89,14.169339994167885
12,90,17.13134247750386
12,91,17.3934237799478
12,92,17.556190639876096
12,93,20.09242126053109
12,94,22.119403204378088
12,95,22.530418166573877
12,96,23.53463024533006
12,97,25.975338327177163
12,98,27.39146385516688
12,99,28.14452768584082
12,100,29.527266752081168
12,101,31.925217723904943
12,102,32.8907131553393
12,103,31.317374960677853
13,1,16.46626644492273
13,2,16.970013819174646
13,3,15.325951458456089
13,4,14.303108618219042
13,5,12.3687478922225
13,6,10.654008099727957
13,7,9.947801626012627
13,8,8.72302545901083
13,9,6.267156439585667
13,10,5.191689409593255
13,11,5.417736918910053
13,12,3.812146085088281
13,14,3.795674111374729
13,15,5.363004199393056
13,16,5.25242228681745
13,17,6.403783156410654
13,18,8.694612005218286
13,19,10.011892531566893
13,20,11.014292455457037
13,21,12.325400658542934
13,22,13.98264031920677
13,23,15.631160714366189
13,24,17.024482162744544
13,25,18.2004609386211
13,26,19.669095060037392
13,27,21.857847195990832
13,28,22.829531191703538
13,29,23.87258584293453
13,30,25.636439962958594
13,31,27.67506012204484
13,32,30.956547981265512
13,33,31.256685581361566
13,34,33.963771040891906
13,35,32.97305784056832
13,36,29.17442187330473
13,37,27.441622104251405
13,38,23.782843752903513
13,39,24.82429848297193
13,40,23.475410157139006
13,41,19.889240457667547
13,42,19.670363389418405
13,43,20.886556538006186
13,44,18.911001795912526
13,45,15.640261454169814
13,46,17.31898440917999
13,47,18.358984578908593
13,48,14.972945760701403
13,49,13.800156766553396
13,50,17.122451920674752
13,51,16.847632929397538
13,52,13.49654971850285
13,53,15.0808572609344
13,54,18.269961002708886
13,55,20.348720695491522
13,56,21.839007299270627
13,57,24.52514729996454
13,58,25.944470472950584
13,59,26.381413950878773
13,60,24.57250078960536
13,61,24.237382174596217
13,62,24.2891181420471
13,63,27.65428970599059
13,64,27.24174101550208
13,65,26.46932610764572
13,66,23.491182403913164
13,67,22.161620481553477
13,68,22.476986683598305
13,69,20.825274252955747
13,70,17.77195330416402
13,71,18.088798952013864
13,72,18.252961768780146
13,73,15.006836138498404
13,74,13.350955839307378
13,75,15.374967652278887
13,76,14.547002245214559
13,77,10.739635540573177
13,78,11.409367554457084
13,79,14.143413293913113
13,80,12.529178926683752
13,81,9.609718230572922
13,82,12.591290963632803
13,83,14.652769745642269
13,84,12.460777749228194
13,85,12.44159297329586
13,86,16.16951526555099
13,87,16.931388906017578
13,88,15.430873788836811
13,89,17.491846205361107
13,90,20.441208895774768
13,91,20.252422474041555
13,92,20.344723584338958
13,93,23.194577535040196
13,94,25.102072881361163
13,95,25.123407141726315
13,96,26.216546708116756
13,97,28.903088689506234
13,98,30.069590790147995
13,99,30.59361040512876
13,100,32.21437370592582
13,101,34.69779838421295
13,102,35.36563752992197
13,103,33.74499246849695
14,1,18.410268368254467
14,2,18.43980127590319
14,3,16.098352424568294
14,4,15.098990146016698
14,5,14.067333102263076
14,6,12.105947192280267
14,7,10.3350053318317
14,8,9.814168080183778
14,9,8.569328613958225
14,10,6.128665613347357
14,11,5.023789556044752
14,12,5.491516864579419
14,13,3.795674111374729
14,15,3.800941900635283
14,16,5.457942297005344
14,17,4.982487019484941
14,18,6.066021030936019
14,19,8.600608884994523
14,20,9.981182203787899
14,21,10.23818706750804
14,22,11.603703324169267
14,23,14.007250302528934
14,24,15.276266007372138
14,25,15.747778651141584
14,26,17.333399094415764
14,27,19.90835800041839
14,28,20.538559768241292
14,29,21.205872874016617
14,30,23.247367737160797
14,31,25.526487297089812
14,32,28.593332422327816
14,33,28.79158780913565
14,34,31.710056955490348
14,35,30.932211486667853
14,36,27.136030128795518
14,37,25.818614503629345
14,38,22.08562592952116
14,39,23.247887581979473
14,40,22.432628657786474
14,41,19.08675701447239
14,42,19.47526099821116
14,43,20.334330339876455
14,44,17.789396010675212
14,45,15.027080570660756
14,46,16.998236375721326
14,47,17.285811886437322
14,48,13.601821707288178
14,49,13.252223130772425
14,50,16.413836417415865
14,51,15.331435798776603
14,52,12.071370256242082
14,53,14.394672217262741
14,54,17.008352471210316
14,55,19.551122761769054
14,56,20.590289012595836
14,57,23.6092655602723
14,58,24.598765492835184
14,59,25.33455810191162
14,60,23.15012454415159
14,61,22.28374518171877
14,62,21.916457870137698
14,63,25.062529319364838
14,64,24.354105582677867
14,65,23.25854175423464
14,66,20.287144564715458
14,67,19.313581428753697
14,68,19.493518774949727
14,69,17.491167609833035
14,70,14.650914858921597
14,71,15.316592777541262
14,72,15.148759455091005
14,73,11.666278850074898
14,74,10.647988415154321
14,75,12.934437211165324
14,76,11.735322561843347
14,77,8.010173573174884
14,78,9.77420148925381
14,79,12.468304316402943
14,80,10.658394746356562
14,81,8.723284244526184
14,82,12.254711365467537
14,83,13.894369030448095
14,84,12.08976728653726
14,85,13.103986510415657
14,86,16.552479834825863
14,87,17.0493549484544
14,88,16.279914083693203
14,89,18.70516852998646
14,90,21.179289754268666
14,91,21.080863960450806
14,92,21.824874554482594
14,93,24.58158868321457
14,94,26.100660325391196
14,95,26.41034623770249
14,96,27.908472465756443
14,97,30.321762326590278
14,98,31.311556388042153
14,99,32.22538688896404
14,100,33.97366893568224
14,101,36.15510857109605
14,102,36.85430594658995
14,103,34.911639733614415
15,1,20.43065746181694
15,2,20.107859479356744
15,3,17.885568269534158
15,4,16.11754717086906
15,5,15.084757124864367
15,6,14.00941401391205
15,7,11.945393244500764
15,8,10.325356843370473
15,9,9.686865432846114
15,10,8.476251880256868
15,11,5.906303371973247
15,12,4.995550526265883
15,13,5.363004199393056
15,14,3.800941900635283
15,16,3.8087299511470896
15,17,5.308209562649509
15,18,4.9114565099069285
15,19,6.109886316889396
15,20,8.680395475249915
15,21,9.70184952338387
15,22,10.022208647238564
15,23,12.068236900609083
15,24,14.194084795958712
15,25,14.773063854379398
15,26,15.569420295637732
15,27,18.252740801559217
15,28,19.497517490061014
15,29,19.93094282693309
15,30,21.4498288381966
15,31,23.919186294044625
15,32,27.098469666697383
15,33,26.946015871709758
15,34,29.60069756853825
15,35,28.458248824048187
15,36,24.7091978290625
15,37,23.147000648274904
15,38,19.552590297991376
15,39,21.124131334782287
15,40,20.34794564664264
15,41,17.137329024582524
15,42,17.123596674090138
15,43,17.510328966972484
15,44,15.150371694579503
15,45,12.32560597349625
15,46,13.762543974506313
15,47,13.965981083636542
15,48,10.3645461307986
15,49,9.613606210798975
15,50,12.664554249409335
15,51,11.771733598599523
15,52,8.447213739487477
15,53,10.699847124744633
15,54,13.448472660979139
15,55,15.810753178859827
15,56,16.938206444035913
15,57,19.893071624593556
15,58,21.061759234386557
15,59,21.842953257146103
15,60,19.899604466468183
15,61,19.242684815998604
15,62,19.341642462333215
15,63,22.69907527139658
15,64,22.493790679454786
15,65,21.739537270465974
15,66,19.070296245609878
15,67,17.504694823535193
15,68,17.441645354731367
15,69,16.0412581729508
15,70,13.07438896456691
15,71,12.911249324705368
15,72,13.100863727755645
15,73,10.158042709722675
15,74,8.072527934985853
15,75,10.089795049717658
15,76,9.740347261850617
15,77,6.011645029272367
15,78,6.644283899454398
15,79,9.922908926889058
15,80,9.201820013845014
15,81,7.02450584006123
15,82,10.008938387166232
15,83,12.390499067787085
15,84,11.5014114055048
15,85,12.069461206531782
15,86,15.200941845251874
15,87,16.46412713364786
15,88,16.14414258453955
15,89,17.986732615221936
15,90,20.52162721380943
15,91,21.107511565551206
15,92,21.80776820675422
15,93,24.109397872310986
15,94,25.901665589503708
15,95,26.67531756020291
15,96,27.914675119546548
15,97,30.07154785119698
15,98,31.461281280902487
15,99,32.540873319597786
15,100,33.91509237458845
15,101,36.09449556325628
15,102,37.17779456469717
15,103,35.3860729252657
16,1,21.539417764207673
16,2,21.808888891531655
16,3,20.04470205318926
16,4,18.488578029395384
16,5,16.772297364246604
16,6,15.596177974780431
16,7,14.32515789248986
16,8,12.497665713962657
16,9,10.80653943977881
16,10,10.060957977691103
16,11,8.612223793850864
16,12,6.333174726876471
16,13,5.25242228681745
16,14,5.457942297005344
16,15,3.8087299511470896
16,17,3.8084200208422487
16,18,5.441046100218851
16,19,5.102893189371739
16,20,6.36596220586987
16,21,8.562259540984572
16,22,9.712870435761129
16,23,10.728478604457212
16,24,12.62236413411947
16,25,14.148113153843855
16,26,15.12974158295161
16,27,17.131507981418913
16,28,18.58851468120512
16,29,19.70332154815748
16,30,21.041178925849575
16,31,23.01237111251073
16,32,26.430023380126958
16,33,26.65339439587114
16,34,29.1492474621317
16,35,28.009838007328927
16,36,24.228691261502284
16,37,22.312913208002826
16,38,18.700312628600663
16,39,19.776930792922442
16,40,18.38361558903984
16,41,14.859491049748224
16,42,14.58638387418424
16,43,15.65382690680961
16,44,13.687500571868195
16,45,10.391263318914149
16,46,12.236541434454852
16,47,13.344579274475452
16,48,10.083574419018069
16,49,9.219405566637827
16,50,12.857586782193748
16,51,12.798625986882776
16,52,10.086214970100656
16,53,12.154213237188895
16,54,15.221239810628381
16,55,16.8571925433094
16,56,17.801758625601963
16,57,20.23802469269519
16,58,21.401981489884832
16,59,21.511161204082835
16,60,19.606666935703615
16,61,19.517889379022954
16,62,19.712319334165237
16,63,23.21691355251635
16,64,23.10009186795559
16,65,22.862082476343506
16,66,19.94278478991952
16,67,18.057350778160465
16,68,18.692791637276457
16,69,17.693036859062435
16,70,14.257744168059023
16,71,14.298432231229507
16,72,15.37339689973653
16,73,12.5853231445251
16,74,10.090067784783903
16,75,12.622573654518886
16,76,13.041833405397206
16,77,9.511952553517759
16,78,9.595457960849469
16,79,13.184593141622075
16,80,12.897365307811283
16,81,10.359077739702578
16,82,12.860808541368899
16,83,15.682415904470785
16,84,14.682082994295648
16,85,14.56827220084857
16,86,17.855207689352827
16,87,19.40668056792498
16,88,18.612127505422123
16,89,20.13801650311931
16,90,23.06066102936736
16,91,23.614820351089918
16,92,23.805267286856687
16,93,26.162143944285305
16,94,28.29483310778697
16,95,28.839344201549736
16,96,29.732766968935803
16,97,32.12506407494939
16,98,33.67359774668199
16,99,34.412545519412156
16,100,35.67119301693521
16,101,38.12831965716492
16,102,39.17961658959454
16,103,37.644077388683066
17,1,22.58610087873025
17,2,23.00725188819842
17,3,20.91393379851725
17,4,19.892497313607553
17,5,18.491202035192387
17,6,16.614507929485193
17,7,15.220148232325048
17,8,14.291836912272847
17,9,12.542506272174474
17,10,10.675340506073963
17,11,9.721577721733537
17,12,8.720846586957007
17,13,6.403783156410654
17,14,4.982487019484941
17,15,5.308209562649509
17,16,3.8084200208422487
17,18,3.8060105842455716
17,19,5.44265149227493
17,20,5.28806303851405
17,21,5.948466459747647
17,22,8.164579964190331
17,23,9.864675528585217
17,24,10.742482421936536
17,25,11.93121436366272
17,26,13.751949997074274
17,27,15.75023858611392
17,28,16.48794176653698
17,29,17.761892677140867
17,30,19.676590440384537
17,31,21.507735964305848
17,32,24.75611348386779
17,33,25.323737345311294
17,34,28.147810386212978
17,35,27.492218768402978
17,36,23.66442259496314
17,37,22.206098309675102
17,38,18.414966784362413
17,39,19.06109867992
17,40,17.94381165091719
17,41,14.485333385646841
17,42,15.168869661444251
17,43,16.48532618636536
