1,2,3.803004355405113
1,3,6.705210192802392
1,4,10.025784687209642
1,5,13.03296274797099
1,6,14.851486052425914
1,7,12.274834330356919
1,8,12.52686975034215
1,9,16.228163107327617
1,10,17.000181435825798
1,11,15.473490104459712
1,12,16.700726338691208
1,13,19.927602879152932
1,14,21.765096974879242
1,15,21.39060127784688
1,16,22.94883229149026
1,17,25.6165548887601
1,18,26.45430047512919
1,19,27.430343946103037
1,20,29.461768852101425
1,21,31.317757137879735
1,22,32.764096556521174
1,23,36.30067887421634
1,24,37.82181367578302
1,25,34.992769262595786
1,26,32.62959376947053
1,27,35.49027300371218
1,28,35.37117388721234
1,29,31.611868840135955
1,30,31.56996141309105
1,31,32.51133412905141
1,32,32.33971066472359
1,33,35.05879849579382
1,34,38.030860723897405
1,35,40.1530447517658
1,36,43.1737825426692
1,37,43.38078018248373
1,38,43.01391960531197
1,39,45.47865502658806
1,40,43.1187498390378
1,41,43.16602473642411
1,42,41.953689685154586
1,43,38.467990047375466
1,44,36.76742886817647
1,45,38.57297916043209
1,46,36.670079108213216
1,47,33.33562020282475
1,48,31.761854717971858
1,49,28.492967844897347
1,50,29.340565316401875
1,51,26.889041128878414
1,52,27.723485986000828
1,53,26.660757916087913
1,54,27.498858717454855
1,55,25.428557660038276
1,56,22.28265982136967
1,57,23.00843833756282
1,58,23.419936755759043
1,59,20.144862960002406
1,60,18.38411358898079
1,61,20.55819501718795
1,62,20.11199886999571
1,63,16.33337492867923
1,64,16.70925751912382
1,65,13.754037922527232
1,66,10.316298970872314
1,67,9.072097263798165
1,68,11.162689830948166
1,69,12.870488805782204
1,70,14.389678399205154
1,71,16.111018668981828
1,72,17.18481114244511
1,73,18.515132256351105
1,74,20.59147995832787
1,75,22.033386325824583
1,76,23.041672300862025
1,77,24.478735136909687
1,78,26.591223012092243
1,79,27.774151865652136
1,80,28.52310732410094
1,81,30.475565683722373
1,82,32.55389884264008
1,83,33.37128906039028
1,84,34.20699912139673
1,85,36.53088732702272
1,86,38.19978312274145
1,87,40.68201724419314
1,88,39.94609969457851
1,89,42.73525618185246
1,90,41.58399188585558
1,91,40.18546427642467
1,92,37.04596323326414
1,93,36.27941851797617
1,94,36.977361827721715
1,95,35.08498832754806
1,96,32.04766592197037
1,97,32.16643489322689
1,98,32.28133822645615
1,99,29.223268560759916
1,100,27.30049879777815
1,101,28.359075450981276
1,102,27.34310351736382
1,103,23.926706937243836
1,104,23.271351015087195
1,105,24.35286407084965
1,106,22.234711649810254
1,107,18.92777832267801
1,108,18.505826268837954
1,109,18.501512825730057
1,110,16.029926494520794
1,111,13.62219869650593
1,112,14.320324062996171
1,113,13.566941961192855
1,114,10.158176917766017
2,1,3.803004355405113
2,3,3.8027367201820486
2,4,6.655986128205169
2,5,9.648084640568964
2,6,11.8592626246811
2,7,9.96790667975506
2,8,10.30180908731223
2,9,13.741889388777816
2,10,14.992051232808935
2,11,14.176197585291305
2,12,15.23088315583066
2,13,18.011266554518397
2,14,20.331488250635225
2,15,20.330602640054973
2,16,21.41290642615882
2,17,23.982011983097202
2,18,25.329265732091507
2,19,26.223312191914413
2,20,27.840346310389805
2,21,29.914807489813807
2,22,31.621708689834755
2,23,35.015111537405886
2,24,36.54132018326433
2,25,33.88661630490866
2,26,31.21682109802597
2,27,33.82101787344406
2,28,33.76250548833101
2,29,29.950829373475276
2,30,29.547872908011126
2,31,30.261933056684803
2,32,30.147744494322836
2,33,33.095070502354986
2,34,35.86995414735658
2,35,38.19554936317584
2,36,41.02906104223595
2,37,41.153122106439255
2,38,41.0599444586775
2,39,43.617923648035394
2,40,41.46199896762897
2,41,41.41498261809913
2,42,40.49017708038922
2,43,36.96902566365162
2,44,35.1598166443055
2,45,37.22900303145821
2,46,35.585480854489
2,47,32.09386928985043
2,48,30.420246464304388
2,49,26.985399489182296
2,50,27.631268192422553
2,51,25.113829203889612
2,52,25.844566525941076
2,53,24.68306685344019
2,54,25.072620504998817
2,55,22.95963630683527
2,56,20.043316354221048
2,57,20.493116157644458
2,58,20.503955573923182
2,59,17.304850980607682
2,60,15.6100658767459
2,61,17.410757324755153
2,62,16.698286057101026
2,63,12.930225743649325
2,64,13.65994034820592
2,65,11.16467534242274
2,66,7.664354884705456
2,67,7.685669164191012
2,68,10.34361217944805
2,69,12.630831254232248
2,70,13.244260226213477
2,71,14.693730212582988
2,72,16.559237945222833
2,73,17.853993674623673
2,74,19.29219669142654
2,75,20.967626034226065
2,76,22.48460595632049
2,77,23.582073043697953
2,78,25.409975925135576
2,79,27.043019422009216
2,80,27.997663920520676
2,81,29.54224026284485
2,82,31.62846210047434
2,83,32.863336072460655
2,84,33.636618743766284
2,85,35.63100102249175
2,86,37.352750159423714
2,87,40.088970507517026
2,88,39.63245221647337
2,89,42.302086658721784
2,90,40.83136222984038
2,91,39.27334526536519
2,92,36.02573357101396
2,93,35.626948127388694
2,94,36.479772481911134
2,95,34.311978236388306
2,96,31.35672333928868
2,97,31.906064183733214
2,98,31.90090685282845
2,99,28.586911204896456
2,100,27.056148884487737
2,101,28.417211003162745
2,102,27.077062494740012
2,103,23.58369537492087
2,104,23.537356393630187
2,105,24.67171140186383
2,106,22.136820648176478
2,107,18.951820169582803
2,108,19.278326143213935
2,109,19.233202014135703
2,110,16.195832182314707
2,111,14.370106166917333
2,112,15.737590968329709
2,113,14.411065180919648
2,114,10.756256865945895
3,1,6.705210192802392
3,2,3.8027367201820486
3,4,3.779637246816763
3,5,6.391649736509296
3,6,8.304753742474011
3,7,6.3409028140753305
3,8,6.588131369593721
3,9,9.965250452907306
3,10,11.259017930985687
3,11,10.707473884100771
3,12,11.792058028373129
3,13,14.357633240536828
3,14,16.755824686112256
3,15,17.050085718918282
3,16,18.04785453683235
3,17,20.41880108662866
3,18,21.96096293678562
3,19,22.99581780793016
3,20,24.409383798971906
3,21,26.429462014540174
3,22,28.3328721541949
3,23,31.686917913580224
3,24,33.31753916689214
3,25,30.840868374752784
3,26,28.069534387598594
3,27,30.634485429350004
3,28,30.83288571295566
3,29,27.034745862224135
3,30,26.39384953995411
3,31,27.28813858442839
3,32,27.5116522160384
3,33,30.58590240599092
3,34,33.38178531918875
3,35,35.91685811325928
3,36,38.710594571774685
3,37,38.5571789650167
3,38,38.46806274369969
3,39,41.214939499222574
3,40,39.25234706756825
3,41,39.425112873846615
3,42,38.721487725285826
3,43,35.09040142966739
3,44,33.512834396297364
3,45,35.850380216939534
3,46,34.174650163998706
3,47,30.555134553564415
3,48,29.178662435305174
3,49,25.56488609215146
3,50,25.722062990811104
3,51,22.887703308111796
3,52,23.17424019370786
3,53,21.645374300345388
3,54,21.960382190046243
3,55,20.186416493999563
3,56,17.163036041508313
3,57,17.200083290141976
3,58,17.44385837543802
3,59,14.536190893837881
3,60,12.34122716101752
3,61,14.075655738396113
3,62,13.89882733437411
3,63,10.262620558015215
3,64,11.562520630840359
3,65,9.043539504022256
3,66,6.396604492258417
3,67,6.486513864855163
3,68,8.336476072020721
3,69,11.451233442598292
3,70,11.85879458174265
3,71,12.389998091966495
3,72,14.571046490889472
3,73,16.377282776837454
3,74,17.301704629065558
3,75,18.624528710032855
3,76,20.624616902049926
3,77,21.86800222901282
3,78,23.21795917822278
3,79,24.921473974633404
3,80,26.310107132296977
3,81,27.727449982158298
3,82,29.506575078561575
3,83,30.982899913695533
3,84,32.02408030042487
3,85,33.791206516516816
3,86,35.273005951901126
3,87,38.080010042357536
3,88,37.631471638091696
3,89,40.078705274387964
3,90,38.424002918821124
3,91,36.619842180430986
3,92,33.4431106827989
3,93,33.30599387920465
3,94,34.01713009414003
3,95,31.607042577588107
3,96,28.860753524095276
3,97,29.57632974796179
3,98,29.269391667284584
3,99,25.847291872469455
3,100,24.688530460166383
3,101,26.030037608680143
3,102,24.33554015630491
3,103,20.931888860317468
3,104,21.324214720622265
3,105,22.256074805720562
3,106,19.390948031520058
3,107,16.470672949469055
3,108,17.335485127188004
3,109,17.09186715586449
3,110,13.692487441195667
3,111,12.565705947059636
3,112,14.374108742347861
3,113,12.580119989749075
3,114,8.991660133738542
4,1,10.025784687209642
4,2,6.655986128205169
4,3,3.779637246816763
4,5,3.823455431126097
4,6,5.49716525498039
4,7,5.111530490492912
4,8,6.488110290419647
4,9,8.694113646741453
4,10,10.094127586885678
4,11,10.86732610506508
4,12,12.12111966816766
4,13,13.792491362836865
4,14,16.46855943279652
4,15,17.49640400061002
4,16,18.085746297749587
4,17,19.989111239048324
4,18,22.0770361364755
4,19,23.25142084368248
4,20,24.09556669024903
4,21,26.129438463574175
4,22,28.43005683805793
4,23,31.599972929355765
4,24,33.332053725703474
4,25,31.183823561594977
4,26,28.150772733072895
4,27,30.423022726146154
4,28,30.873607178367223
4,29,27.110231826937305
4,30,25.947475045119347
4,31,26.702326328419947
4,32,27.186586165742312
4,33,30.518921008404277
4,34,33.06144052418623
4,35,35.87311317892677
4,36,38.41107504184074
4,37,38.04713829441613
4,38,38.26121204067733
4,39,41.16134197107935
4,40,39.50296678201262
4,41,39.65592234117798
4,42,39.31348950168656
4,43,35.66435492543334
4,44,34.07005278486546
4,45,36.69390619023592
4,46,35.27604497264867
4,47,31.54625986352013
4,48,30.17229430924986
4,49,26.447736015495508
4,50,26.26326539581999
4,51,23.32874914958515
4,52,23.285587504503603
4,53,21.461514329228034
4,54,21.179336960197578
4,55,19.63750827962352
4,56,16.969302593263105
4,57,16.298636663556564
4,58,16.10395489182797
4,59,13.687742802955448
4,60,11.317750485657506
4,61,12.04808860124957
4,62,11.809695700116873
4,63,8.536521717452223
4,64,10.949098013275194
4,65,9.54355712631547
4,66,7.754418899488081
4,67,9.145075954350675
4,68,10.74727817680144
4,69,14.113696581785314
4,70,13.820243864663226
4,71,13.730666824562649
4,72,16.475877173936755
4,73,18.33958906036015
4,74,18.52948882722059
4,75,19.821405878634604
4,76,22.3295139927108
4,77,23.33191938172821
4,78,24.219365663950107
4,79,26.255086087260278
4,80,27.933160783283355
4,81,28.961623573141438
4,82,30.588706388880972
4,83,32.44751248683477
4,84,33.524500623433134
4,85,34.92904982420318
4,86,36.33709075636312
4,87,39.32627048722466
4,88,39.07536036420684
4,89,41.30655078706905
4,90,39.35677451460529
4,91,37.31437275960949
4,92,34.147667461925444
4,93,34.42372975590536
4,94,35.13804024451158
4,95,32.42999106084258
4,96,29.927272064450435
4,97,30.98603864511214
4,98,30.402514236621787
4,99,26.832840927189636
4,100,26.181942368268626
4,101,27.596328150094667
4,102,25.50032698993844
4,103,22.25450719955486
4,104,23.197679563269208
4,105,23.895183011647852
4,106,20.668854674202596
4,107,18.19065705751567
4,108,19.561980160709304
4,109,18.97492043823049
4,110,15.34998612306904
4,111,15.048991741770612
4,112,16.912214142369432
4,113,14.537727602245312
4,114,11.391533799889716
5,1,13.03296274797099
5,2,9.648084640568964
5,3,6.391649736509296
5,4,3.823455431126097
5,6,3.8087963061122108
5,7,5.44358461089055
5,8,5.3092705831893
5,9,6.163878844182617
5,10,8.69792589504456
5,11,10.090103359097588
5,12,10.415897431642108
5,13,11.300831649430371
5,14,14.493923944113462
5,15,15.61459084732292
5,16,15.514754338116507
5,17,17.369112696741816
5,18,19.861122059071686
5,19,20.735878756518968
5,20,21.20078755400529
5,21,23.49524650178019
5,22,25.8592466834005
5,23,28.81955588914397
5,24,30.45858864250935
5,25,28.448278975378287
5,26,25.2204643452784
5,27,27.233513256533676
5,28,27.68876192656787
5,29,23.959138580528155
5,30,22.55581545433744
5,31,23.15388954616874
5,32,23.728465940853326
5,33,27.16658252539422
5,34,29.58350834785198
5,35,32.523984812875476
5,36,34.94464426700992
5,37,34.46966185824335
5,38,34.80665668879787
5,39,37.77184803468764
5,40,36.28360006723515
5,41,36.46292055717207
5,42,36.3459288393357
5,43,32.688488953109655
5,44,31.16260106755987
5,45,33.990703695313385
5,46,32.71665734519957
5,47,28.927823577540842
5,48,27.67561695159245
5,49,23.88818729546484
5,50,23.365300876962998
5,51,20.358628731812345
5,52,20.105345561877478
5,53,18.20831804456986
5,54,17.600598756102247
5,55,16.143201320978
5,56,13.71487064083454
5,57,12.770947479052245
5,58,12.354245314902178
5,59,10.191203664950688
5,60,7.794034119053683
5,61,8.248341437221336
5,62,8.13654562775654
5,63,5.1312565546423645
5,64,8.120042485894595
5,65,7.482080764603851
5,66,7.284587030209259
5,67,9.234880687468742
5,68,10.351881295717622
5,69,13.635581452070245
5,70,12.576094066643027
5,71,11.831325215361108
5,72,15.046172550778344
5,73,16.81530884055883
5,74,16.27988755634153
5,75,17.564926808127826
5,76,20.4521354990626
5,77,21.168529733961872
5,78,21.65013440658151
5,79,23.97551091999091
5,80,25.844042997381155
5,81,26.504853954926205
5,82,28.009862810212823
5,83,30.181861222832396
5,84,31.249476692524652
5,85,32.33470826873815
5,86,33.69386618690777
5,87,36.82624733115489
5,88,36.79741349188118
5,89,38.87985516323146
5,90,36.6963189761443
5,91,34.561675774467574
5,92,31.36002887132081
5,93,31.940185623868107
5,94,32.77882956713301
5,95,29.905108819686717
5,96,27.52604503784176
5,97,28.953401146938255
5,98,28.323642267833844
5,99,24.629472005428898
5,100,24.35788657912812
5,101,26.06154727274773
5,102,23.817105271330654
5,103,20.61432477317555
5,104,22.11535369123239
5,105,22.96935041460941
5,106,19.607284384141373
5,107,17.367119445438817
5,108,19.426989507726844
5,109,19.134031613675187
5,110,15.341148975854281
5,111,15.491210049492148
5,112,17.96336519217397
5,113,15.737147848905364
5,114,12.80353976521026
6,1,14.851486052425914
6,2,11.8592626246811
6,3,8.304753742474011
6,4,5.49716525498039
6,5,3.8087963061122108
6,7,3.8021619296502647
6,8,5.365308158856897
6,9,4.824249499765384
6,10,5.940364569543448
6,11,8.392439117232842
6,12,9.637513834584377
6,13,9.964906833341615
6,14,12.62340373317477
6,15,14.555013451378565
6,16,14.816872261003482
6,17,15.930404234473547
6,18,18.48280520776271
6,19,19.965072840586124
6,20,20.203726977016544
6,21,22.016378442803134
6,22,24.74727672345301
6,23,27.7217152905974
6,24,29.646729275548946
6,25,27.95493754795492
6,26,24.79153284855088
6,27,26.864044850977727
6,28,27.844234516891767
6,29,24.25130890913114
6,30,22.55705609910167
6,31,23.607638644311066
6,32,24.763994124028834
6,33,28.243613439183747
6,34,30.696734300635516
6,35,33.83205626465342
6,36,36.20378996134208
6,37,35.34254007224324
6,38,35.60929348912899
6,39,38.794184954937975
6,40,37.52955349532485
6,41,38.03113749648611
6,42,38.08654089607633
6,43,34.35937915350453
6,44,33.17234162609503
6,45,36.15365334944243
6,46,34.75253017711078
6,47,30.94909538252519
6,48,30.071167516553057
6,49,26.24792619205415
6,50,25.276492783262793
6,51,21.982031371614124
6,52,21.093612918538938
6,53,18.6036789294996
6,54,18.009831536612012
6,55,17.337317293756037
6,56,14.819975687140975
6,57,13.0384651610879
6,58,13.216928037824237
6,59,11.973133657863002
6,60,8.778754485600583
6,61,8.497268515440664
6,62,9.734767647190054
6,63,7.882491355088541
6,64,11.199378934207314
6,65,10.552669549089277
6,66,10.719489410511427
6,67,11.863005551143466
6,68,11.994433997733339
6,69,15.621358855464027
6,70,15.073414607739538
6,71,13.570631804771466
6,72,16.42597554199114
6,73,18.806679441114323
6,74,18.121557280273663
6,75,18.688616736889532
6,76,21.816623934810966
6,77,22.947721376551936
6,78,22.958299089066905
6,79,25.020942054242692
6,80,27.320777772180257
6,81,28.072406349669894
6,82,29.12111986366335
6,83,31.324013048678847
6,84,32.78239219592507
6,85,33.76291883814991
6,86,34.73851587199747
6,87,37.77283051023487
6,88,37.54726153423023
6,89,39.35028139329551
6,90,37.122268408101824
6,91,34.68303307193552
6,92,31.73166967337924
6,93,32.48393013005238
6,94,32.92642319319469
6,95,29.853806409700752
6,96,27.844095979171435
6,97,29.161939069994965
6,98,28.042575735854324
6,99,24.432287807169686
6,100,24.528670833669366
6,101,25.80820598205083
6,102,23.148647379328523
6,103,20.32641255051513
6,104,21.99470179420475
6,105,22.227591767312035
6,106,18.620169824970237
6,107,16.982117714721674
6,108,19.082582388488927
6,109,18.127509319915333
6,110,14.403154701481201
6,111,15.413644532218685
6,112,17.50179811707963
6,113,14.715098570791875
6,114,12.511933868947626
7,1,12.274834330356919
7,2,9.96790667975506
7,3,6.3409028140753305
7,4,5.111530490492912
7,5,5.44358461089055
7,6,3.8021619296502647
7,8,3.794790674445981
7,9,5.479724519311177
7,10,5.348733101513804
7,11,6.193667409513967
7,12,8.369392968915333
7,13,10.004806510471962
7,14,12.00313631206815
7,15,13.484319188433508
7,16,14.641417685155274
7,17,16.055192314082493
7,18,17.917914934756705
7,19,19.655563074369653
7,20,20.562187781557252
7,21,22.09920556852588
7,22,24.569100981922574
7,23,27.85255918205543
7,24,29.84023379281377
7,25,27.88022235936905
7,26,25.036591899235827
7,27,27.547543721344564
7,28,28.484447610833648
7,29,24.851794917263565
7,30,23.63946965971971
7,31,25.057719820534235
7,32,26.140354848303645
7,33,29.397245829898228
7,34,32.17481493829215
7,35,35.10682946568959
7,36,37.75969605185754
7,37,36.98746709438159
7,38,36.897069026391264
7,39,40.01997351002996
7,40,38.49208475559463
7,41,39.13429152905892
7,42,38.856089006443675
7,43,35.087917481105976
7,44,34.018519540696154
7,45,36.77224652951325
7,46,35.03331192689931
7,47,31.299532721402358
7,48,30.528163072034715
7,49,26.749167043187942
7,50,25.987945289971112
7,51,22.632352986139313
7,52,21.87054176336068
7,53,19.43347003452408
7,54,19.565104245784905
7,55,18.842717611963216
7,56,15.774508663614407
7,57,14.53388114599933
7,58,15.411071848524584
7,59,13.689490745728898
7,60,10.321221441614975
7,61,11.226245126435197
7,62,12.601350187542304
7,63,10.083834661021099
7,64,12.653038409231556
7,65,10.825231256695677
7,66,10.300684568226075
7,67,10.283950372785396
7,68,9.97473902331249
7,69,13.779178070636684
7,70,14.143868035285552
7,71,12.84759038284926
7,72,15.06244717181782
7,73,17.800911824141405
7,74,17.832410578641035
7,75,18.135283698901162
7,76,20.890723228705422
7,77,22.525279672075275
7,78,22.864890273732538
7,79,24.46095024830836
7,80,26.67469329466779
7,81,27.930195646217733
7,82,28.97228885860916
7,83,30.770425664843966
7,84,32.38831730223941
7,85,33.75422471816342
7,86,34.657514364127096
7,87,37.4624236584428
7,88,36.898567295802316
7,89,38.837435240746316
7,90,36.924446893001196
7,91,34.592880897848254
7,92,31.721152765463657
7,93,32.06565160181321
7,94,32.29654792098796
7,95,29.443221520443508
7,96,27.293951861303512
7,97,28.139518307678905
7,98,27.05976641896886
7,99,23.61272884070588
7,100,23.2705166424731
7,101,24.211425931070078
7,102,21.73492449116393
7,103,18.85240528494446
7,104,19.95257790498675
7,105,20.042056276621004
7,106,16.586247412818036
7,107,14.686106050722243
7,108,16.22905026044638
7,109,15.074018562173878
7,110,11.425865220100848
7,111,12.195159832006613
7,112,13.945831960889306
7,113,11.086489055929153
7,114,8.820205486299688
8,1,12.52686975034215
8,2,10.30180908731223
8,3,6.588131369593721
8,4,6.488110290419647
8,5,5.3092705831893
8,6,5.365308158856897
8,7,3.794790674445981
8,9,3.794625953503848
8,10,5.56636023930788
8,11,5.227687517659135
8,12,5.642344980260473
8,13,7.781824299026012
8,14,10.36692381869085
8,15,11.0254303641639
8,16,11.810257128762265
8,17,13.896133833448278
8,18,15.698624284092103
8,19,16.891588678666576
8,20,18.032597705301256
8,21,19.966514240497403
8,22,22.09340900445622
8,23,25.381175850834214
8,24,27.14860837613944
8,25,24.938401477185536
8,26,22.076460361150083
8,27,24.631329642679624
8,28,25.262482411420127
8,29,21.55573265777572
8,30,20.633153105799906
8,31,21.99261453646469
8,32,22.85122430365259
8,33,25.98936690081273
8,34,28.889470593629895
8,35,31.682442026456563
8,36,34.46431527834322
8,37,33.831121068820096
8,38,33.60231558291128
8,39,36.630950593460035
8,40,34.960157189258666
8,41,35.596142904271474
8,42,35.19739483190942
8,43,31.429080138234838
8,44,30.388217920803662
8,45,33.08304682119191
8,46,31.274448799290507
8,47,27.556122660218424
8,48,26.85307967975257
8,49,23.090767959210947
8,50,22.340549926339545
8,51,18.98916135971303
8,52,18.376633387120673
8,53,16.167256254749134
8,54,16.60868031809823
8,55,15.655273590926381
8,56,12.36866186346344
8,57,11.673183182282909
8,58,12.843509449446149
8,59,10.773314895870683
8,60,7.494296358581506
8,61,9.50788343407508
8,62,10.972469294519588
8,63,8.381592575926053
8,64,10.124382422259687
8,65,7.83442060643988
8,66,8.159086766972614
8,67,7.75505156297004
8,68,6.857431602421793
8,69,10.568126315972869
8,70,10.666309928686422
8,71,9.075358691810353
8,72,11.42942282431208
8,73,14.112585004151642
8,74,14.043062795113642
8,75,14.405770150375535
8,76,17.174655095479576
8,77,18.732572513871837
8,78,19.122942228407737
8,79,20.77661787140922
8,80,22.922352313961195
8,81,24.152812567526023
8,82,25.277473550957477
8,83,27.078570944745497
8,84,28.61915626725462
8,85,30.00546918178267
8,86,30.990046447962953
8,87,33.823670127804746
8,88,33.344689153122786
8,89,35.38514765417737
8,90,33.479625517070005
8,91,31.29390935665869
8,92,28.300519275979212
8,93,28.564536528434346
8,94,28.99311753026534
8,95,26.226679756965964
8,96,23.885711282178363
8,97,24.84825403099123
8,98,24.036161945391044
8,99,20.496102819220596
8,100,20.02913850670494
8,101,21.328994187211848
8,102,19.071535130821403
8,103,15.915250821598828
8,104,17.169383876776585
8,105,17.79356396043935
8,106,14.45166273430563
8,107,12.198084291249822
8,108,14.218484657780264
8,109,13.883205879479727
8,110,10.079589995117189
8,111,10.522997623066706
8,112,13.16890030692514
8,113,11.135674672898121
8,114,8.563991645105222
9,1,16.228163107327617
9,2,13.741889388777816
9,3,9.965250452907306
9,4,8.694113646741453
9,5,6.163878844182617
9,6,4.824249499765384
9,7,5.479724519311177
9,8,3.794625953503848
9,10,3.823870672587826
9,11,5.546146970761181
9,12,5.287336678981084
9,13,5.291375307294653
9,14,8.38672839787251
9,15,9.959016934708046
9,16,10.007749457341186
9,17,11.41277729469647
9,18,13.899001926049555
9,19,15.180122369165966
9,20,15.61384576034836
9,21,17.557997115591547
9,22,20.087173330657524
9,23,23.132609091791767
9,24,24.999228512161096
9,25,23.185404589784593
9,26,20.089558927304097
9,27,22.34420317679331
9,28,23.336060053909286
9,29,19.751592580713286
9,30,18.278580998388097
9,31,19.707456746209097
9,32,21.03605262593596
9,33,24.346555222443556
9,34,27.062603581984416
9,35,30.12759022706468
9,36,32.69679853026896
9,37,31.729599756653933
9,38,31.665579574424505
9,39,34.88964790123585
9,40,33.5626185308976
9,41,34.35186194086116
9,42,34.32720077501829
9,43,30.54337759061002
9,44,29.705891108533468
9,45,32.69319408031124
9,46,31.049033616066833
9,47,27.28392497162709
9,48,26.838530645589543
9,49,23.040479170896162
9,50,21.721261339863684
9,51,18.199386760823135
9,52,16.963022979468896
9,53,14.262192663953881
9,54,14.222633091395558
9,55,13.912926862770798
9,56,10.971539959090585
9,57,9.210861624423263
9,58,10.525798848412778
9,59,9.519678510696385
9,60,5.749431950853252
9,61,6.808365589229585
9,62,9.331761141967913
9,63,8.030137501987099
9,64,10.338263571605243
9,65,9.213714158906997
9,66,10.683100306817689
9,67,10.917061918441718
9,68,9.728643653716817
9,69,13.095656284592739
9,70,12.581719506135034
9,71,10.124024574438556
9,72,12.706311034716657
9,73,15.403253720126195
9,74,14.418958218119093
9,75,14.392452418386672
9,76,17.68926161272374
9,77,19.057399369681068
9,78,18.713793006231853
9,79,20.57539232384714
9,80,23.133120350211303
9,81,23.94703746242146
9,82,24.697023394152097
9,83,26.88164175291399
9,84,28.57542432527641
9,85,29.52320522547514
9,86,30.266936989733562
9,87,33.216099781081745
9,88,32.90154287261579
9,89,34.61383110901254
9,90,32.40579875232188
9,91,29.93022101755259
9,92,27.041288014621568
9,93,27.784060432027047
9,94,28.13248439596231
9,95,25.042817156911998
9,96,23.092418411287507
9,97,24.43155498612042
9,98,23.25749321348257
9,99,19.63189953556642
9,100,19.879739117000906
9,101,21.231174408905698
9,102,18.5320012543812
9,103,15.74019254841702
9,104,17.74225983126545
9,105,18.101714999657748
9,106,14.493213001913027
9,107,13.050669056809069
9,108,15.729111085626439
9,109,15.224317192433627
9,110,11.521302505827515
9,111,12.925473760494956
9,112,15.615374142581219
9,113,13.40089752614568
9,114,11.588406198066297
10,1,17.000181435825798
10,2,14.992051232808935
10,3,11.259017930985687
10,4,10.094127586885678
10,5,8.69792589504456
10,6,5.940364569543448
10,7,5.348733101513804
10,8,5.56636023930788
10,9,3.823870672587826
10,11,3.7972582990262724
10,12,5.776703542205494
10,13,5.873609893107319
10,14,7.216194978111941
10,15,9.670117815474402
10,16,10.808726904850323
10,17,11.337912598441473
10,18,13.372183095201706
10,19,15.543210894857367
10,20,16.084282254837795
10,21,17.229614128617996
10,22,20.00650348650087
10,23,23.194037089878126
10,24,25.38359738764773
10,25,23.79699133014261
10,26,21.004512237497355
10,27,23.489628002733696
10,28,24.953954545303517
10,29,21.57029602716482
10,30,20.090474642880707
10,31,22.03391657167501
10,32,23.76914680917123
10,33,26.954451440542513
10,34,29.767177303055167
10,35,32.862228400703785
10,36,35.4616153881351
10,37,34.23671376363559
10,38,33.98694081788702
10,39,37.328148856338565
10,40,36.08927725134794
10,41,37.1660976756548
10,42,37.13622604067632
10,43,33.32780794404418
10,44,32.77557182885642
10,45,35.74092333909456
10,46,33.89006089876331
10,47,30.19066830028649
10,48,30.020152922561966
10,49,26.269882010747256
10,50,24.79794487857547
10,51,21.15349301929996
10,52,19.553552291430893
10,53,16.499822343060632
10,54,16.76893092522599
10,55,17.048962015185182
10,56,14.030057209011927
10,57,11.983706734586692
10,58,13.792298465634719
10,59,13.217302473048855
10,60,9.414582357391733
10,61,10.025486621574043
10,62,12.84252855880976
10,63,11.639133818967474
10,64,14.111538219015637
10,65,12.679424594566644
10,66,13.60215427694963
10,67,13.22059055755548
10,68,11.541626290714765
10,69,15.076292114152963
10,70,15.367703009300852
10,71,12.817752961219453
10,72,14.65741233255429
10,73,17.853935087321688
10,74,17.206870573132726
10,75,16.54583391941764
10,76,19.69838818364087
10,77,21.59474958521672
10,78,21.090995427927755
10,79,22.4513332950039
10,80,25.247677190503026
10,81,26.369431726697762
10,82,26.74886963040742
10,83,28.71515657531253
10,84,30.77341129448479
10,85,31.816592846047815
10,86,32.20932737249292
10,87,34.92766556716219
10,88,34.27351819504147
10,89,35.78952382692684
10,90,33.72466740249902
10,91,31.04897334890622
10,92,28.47619448762051
10,93,29.15674793336589
10,94,29.017265152263725
10,95,25.896290975581664
10,96,24.265930611627777
10,97,25.212620874165204
10,98,23.585217263500862
10,99,20.21206812060798
10,100,20.575749544617945
10,101,21.25735810821528
10,102,18.256701396106383
10,103,15.928953622997994
10,104,17.70514062587218
10,105,17.265965518247558
10,106,13.515421736784432
10,107,12.697380903415183
10,108,14.98595606765103
10,109,13.590105665116408
10,110,10.13627094400149
10,111,12.369777204278236
10,112,14.331407968528382
10,113,11.551674227134601
10,114,10.677259190508158
11,1,15.473490104459712
11,2,14.176197585291305
11,3,10.707473884100771
11,4,10.86732610506508
11,5,10.090103359097588
11,6,8.392439117232842
11,7,6.193667409513967
11,8,5.227687517659135
11,9,5.546146970761181
11,10,3.7972582990262724
11,12,3.780060589152494
11,13,6.090562089774451
11,14,6.641439671055931
11,15,7.800626723637361
11,16,9.946891122294456
11,17,11.21615713441521
11,18,12.283851524103552
11,19,14.417946102425786
11,20,15.847448057522113
11,21,16.90205422791672
11,22,19.140916791272392
11,23,22.63430104078569
11,24,24.739848023625346
11,25,22.740339357928235
11,26,20.30460286667862
11,27,23.22772303601203
11,28,24.44986782832114
11,29,21.029545313830134
11,30,20.206776747820964
11,31,22.393865959052537
11,32,23.88452555768951
11,33,26.769267305138186
11,34,29.896366982076458
11,35,32.70440133728884
11,36,35.59582049078389
11,37,34.55625852655885
11,38,33.9325779687966
11,39,37.13449079278567
11,40,35.58106284929649
11,41,36.75206155250672
11,42,36.35382481679055
11,43,32.53923454500516
11,44,32.09138125338995
11,45,34.792144448114946
11,46,32.620969048920735
11,47,29.027648978422295
11,48,28.97426717084008
11,49,25.32262493739786
11,50,24.08354757074139
11,51,20.461082991486037
11,52,19.102471162638228
11,53,16.308741528911348
11,54,17.390724071665385
11,55,17.447826612965258
11,56,13.96438516108259
11,57,12.789382355067392
11,58,15.118512184000187
11,59,13.967834827278995
11,60,10.356161695498463
11,61,12.163096290002148
11,62,14.750949121708807
11,63,12.984973991239361
11,64,14.653595138721522
11,65,12.332896541156286
11,66,13.015419358670853
11,67,11.588705268127883
11,68,9.146623731836673
11,69,12.501983379587305
11,70,13.58265675065723
11,71,11.129732517385293
11,72,12.163386610186853
11,73,15.669218938535133
11,74,15.674710359372568
11,75,14.723921550666889
11,76,17.43897397540668
11,77,19.798123207938435
11,78,19.635210710772874
11,79,20.517869417706674
11,80,23.176506235567402
11,81,24.772672742867858
11,82,25.181527311646846
11,83,26.728042081197763
11,84,28.892732259662935
11,85,30.313517125126083
11,86,30.681915513793072
11,87,33.17722652056438
11,88,32.234498801655505
11,89,33.93897584267439
11,90,32.20150301342827
11,91,29.728832679571536
11,92,27.182213927226183
11,93,27.400393925168085
11,94,27.147625038292254
11,95,24.316775822188728
11,96,22.4477658394522
11,97,22.944276804823808
11,98,21.49616271961185
11,99,18.2666304918854
11,100,18.085140431681484
11,101,18.553183955427777
11,102,15.853281565305549
11,103,13.317034716165104
11,104,14.535628783655376
11,105,14.159837039968938
11,106,10.560077281148981
11,107,9.2839339915653
11,108,11.275339524446284
11,109,10.012068211696917
11,110,6.411017546830844
11,111,8.624258118475353
11,112,10.720379231878134
11,113,8.347174432951865
11,114,7.649805621925798
12,1,16.700726338691208
12,2,15.23088315583066
12,3,11.792058028373129
12,4,12.12111966816766
12,5,10.415897431642108
12,6,9.637513834584377
12,7,8.369392968915333
12,8,5.642344980260473
12,9,5.287336678981084
12,10,5.776703542205494
12,11,3.780060589152494
12,13,3.811663691381135
12,14,5.485588957426475
12,15,5.384431458090782
12,16,6.733360091064284
12,17,8.924576150738938
12,18,10.172819423819949
12,19,11.51986485514581
12,20,13.0740252187765
12,21,14.73520755227935
12,22,16.659169285443134
12,23,20.09351714849016
12,24,21.943738397001336
12,25,19.723342007288288
12,26,17.131449757195405
12,27,20.025941232705563
12,28,20.959113864093244
12,29,17.44453306043074
12,30,16.814474169142695
12,31,18.931548278869585
12,32,20.271387064201715
12,33,23.072420922701667
12,34,26.26693353075499
12,35,28.99482211383893
12,36,31.95140516400718
12,37,31.001236893794175
12,38,30.30713823501953
12,39,33.44997893989939
12,40,31.831084293508308
12,41,32.99547245333507
12,42,32.57794522552552
12,43,28.763185446799305
12,44,28.36641912606335
12,45,31.08317827414655
12,46,28.91683669023815
12,47,25.32277901808191
12,48,25.38569952120291
12,49,21.761922534898385
12,50,20.388260906933063
12,51,16.741274545585682
12,52,15.370752043553601
12,53,12.699827793500464
12,54,14.066715848643032
12,55,14.052758014324944
12,56,10.458412660010424
12,57,9.709095937928144
12,58,12.416619413928677
12,59,11.277154990017893
12,60,8.006713555714184
12,61,10.54125911435365
12,62,13.19697919655854
12,63,11.795037920276995
12,64,12.720131254973522
12,65,10.492566317045757
12,66,12.118302057471588
12,67,10.706025043382372
12,68,7.826190661464484
12,69,10.606613267231504
12,70,11.148565474017245
12,71,8.078793561084654
12,72,9.186219796569176
12,73,12.619969760411859
12,74,12.185291296707993
12,75,11.088874926802005
12,76,14.043140799522526
12,77,16.24914068187751
12,78,15.90508936512273
12,79,16.947963866274094
12,80,19.66696047779364
12,81,21.088843790410703
12,82,21.510300588870304
12,83,23.21099818130887
12,84,25.304652507963176
12,85,26.612816564853173
12,86,27.045590941017476
12,87,29.651765864056767
12,88,28.89587916621263
12,89,30.654552962892268
12,90,28.802500822629508
12,91,26.416565226308393
12,92,23.70172994608693
12,93,23.98310845912755
12,94,23.995284486886764
12,95,21.138893657827754
12,96,19.103228976516622
12,97,19.915528788416374
12,98,18.713874650604097
12,99,15.25282094185369
12,100,15.144461253477502
12,101,16.18224012885017
12,102,13.611265692089841
12,103,10.718744415904592
12,104,12.503561670236481
12,105,12.864478304063537
12,106,9.352844646181287
12,107,7.816143539734031
12,108,10.777550928089083
12,109,10.72324379659913
12,110,7.272701290722263
12,111,8.985762353320041
12,112,12.028040894104327
12,113,10.707179223971712
12,114,9.636277956035734
13,1,19.927602879152932
13,2,18.011266554518397
13,3,14.357633240536828
13,4,13.792491362836865
13,5,11.300831649430371
13,6,9.964906833341615
13,7,10.004806510471962
13,8,7.781824299026012
13,9,5.291375307294653
13,10,5.873609893107319
13,11,6.090562089774451
13,12,3.811663691381135
13,14,3.845444678607598
13,15,5.377239190273965
13,16,5.084874234813663
13,17,6.197643123620918
13,18,8.665073767184435
13,19,10.053311142562391
13,20,10.56014583475286
13,21,12.337923825170316
13,22,14.822347867743808
13,23,17.93853868553004
13,24,19.89944562475529
13,25,18.169969121707958
13,26,15.234924176817282
13,27,17.73458035653943
13,28,19.093964463478894
13,29,15.727877989651939
13,30,14.401657136345083
13,31,16.609493334179746
13,32,18.484646379737534
13,33,21.469433505326325
13,34,24.426805041750445
13,35,27.447190048045442
13,36,30.148068599966045
13,37,28.84777968042792
13,38,28.358631494583364
13,39,31.70653351048601
13,40,30.474829977307472
13,41,31.769385570353855
13,42,31.77281196825762
13,43,27.9681856104518
13,44,27.753993111865434
13,45,30.77261348093127
13,46,28.84230474134658
13,47,25.219584571291055
13,48,25.499901197356056
13,49,21.876059901736337
13,50,19.937197803949378
13,51,16.18554135481407
13,52,14.12967586456488
13,53,10.881621803293342
13,54,11.686696817880007
13,55,12.479807369711608
13,56,9.423165321623626
13,57,7.449434556239533
13,58,10.436191710430382
13,59,10.491486501913704
13,60,7.211584116956396
13,61,8.75071057487077
13,62,12.11535058700613
13,63,11.834309666090329
13,64,13.118258578556892
13,65,11.929233083508704
13,66,14.232603913109577
13,67,13.606399593455802
13,68,11.12516036724864
13,69,13.67763085976981
13,70,13.43621276918223
13,71,9.957929062957678
13,72,11.48388702794621
13,73,14.546040712392738
13,74,13.125774600412761
13,75,11.799599013906583
13,76,15.252406597074184
13,77,17.04572212892184
13,78,15.903174830380722
13,79,17.25462081319328
13,80,20.34386655717778
13,81,21.20821830403619
13,82,21.249168699815357
13,83,23.412045409579765
13,84,25.589125922253626
13,85,26.370757697312836
13,86,26.57611846639229
13,87,29.331699730239936
13,88,28.822058166671816
13,89,30.212055737910827
13,90,27.99207403508357
13,91,25.289152672236764
13,92,22.67805925785044
13,93,23.55165048585869
13,94,23.5297607026357
13,95,20.29455297549206
13,96,18.738942663512923
13,97,20.064505523139825
13,98,18.482081624959946
13,99,14.93862137655038
13,100,15.759621213853436
13,101,16.920631809728903
13,102,13.891817427698975
13,103,11.58251547330357
13,104,14.240291843469054
13,105,14.344993968339358
13,106,10.747347018763614
13,107,10.328501762514472
13,108,13.691422406373116
13,109,13.466978669482058
13,110,10.384950490301106
13,111,12.62654167868071
13,112,15.491195202073417
13,113,13.927277763011137
13,114,13.18488960109665
14,1,21.765096974879242
14,2,20.331488250635225
14,3,16.755824686112256
14,4,16.46855943279652
14,5,14.493923944113462
14,6,12.62340373317477
14,7,12.00313631206815
14,8,10.36692381869085
14,9,8.38672839787251
14,10,7.216194978111941
14,11,6.641439671055931
14,12,5.485588957426475
14,13,3.845444678607598
14,15,3.7988876948705976
14,16,5.376023340599636
14,17,4.917435520754444
14,18,6.193950509287202
14,19,8.85722724277444
14,20,9.739130046676577
14,21,10.355179188169807
14,22,12.944595346602645
14,23,16.286738876253025
14,24,18.5804821976406
14,25,17.06160516256998
14,26,14.67264827974538
14,27,17.516288832143676
14,28,19.378047827859763
14,29,16.40932088702673
14,30,15.333343286540474
14,31,18.186406875069068
14,32,20.437906947125594
14,33,23.069037554363295
14,34,26.156171141376806
14,35,29.073401445834932
14,36,31.842954189861423
14,37,30.284836780989107
14,38,29.44812448151116
14,39,32.855414577213274
14,40,31.68942991876583
14,41,33.373672850940466
14,42,33.31665038049781
14,43,29.54491072291265
14,44,29.76310152261597
14,45,32.67997861154527
14,46,30.47478836466981
14,47,27.030423988682937
14,48,27.740249758788213
14,49,24.289311739623116
14,50,22.17116798327677
14,51,18.40782253089607
14,52,15.992637406760215
14,53,12.580899345578091
14,54,13.963724310806922
14,55,15.365002331738939
14,56,12.389921247174472
14,57,10.551663703080624
14,58,13.874917897677731
14,59,14.199379599849784
14,60,11.044269102361254
14,61,12.409125056617716
14,62,15.899346492852017
14,63,15.599491535324976
14,64,16.87505479234002
14,65,15.371186124701596
14,66,17.39136716402842
14,67,16.18473961665883
14,68,13.18192751683856
14,69,15.5481038706431
14,70,16.0294110242148
14,71,12.514413131901323
14,72,13.03060890786024
14,73,16.45243332825251
14,74,15.379577542587898
14,75,13.239309856750824
14,76,16.321999656318514
14,77,18.68899280796165
14,78,17.297019948779464
14,79,17.89107881896569
14,80,21.236913092780863
14,81,22.440639810800835
14,82,21.937218689537218
14,83,23.769678607191732
14,84,26.398821236930587
14,85,27.259860621046066
14,86,26.97407676134596
14,87,29.376755663803756
14,88,28.452420060428285
14,89,29.564862309609524
14,90,27.554012877676232
14,91,24.655809995095847
14,92,22.495845446919006
14,93,23.256422424429797
14,94,22.613488190218813
14,95,19.39640733343352
14,96,18.304211957768448
14,97,19.129172412518297
14,98,16.977436725023214
14,99,13.837338895989847
14,100,14.91049936200393
14,101,15.24162828054732
14,102,11.814783266310817
14,103,10.312203280893478
14,104,12.884121855397314
14,105,12.056680389558345
14,106,8.38938525503951
14,107,9.229571268521726
14,108,12.38884158768124
14,109,11.609047397812194
14,110,9.295102028432213
14,111,12.371569862863788
14,112,14.660696582988923
14,113,13.183218145038929
14,114,13.522736478203436
15,1,21.39060127784688
15,2,20.330602640054973
15,3,17.050085718918282
15,4,17.49640400061002
15,5,15.61459084732292
15,6,14.555013451378565
15,7,13.484319188433508
15,8,11.0254303641639
15,9,9.959016934708046
15,10,9.670117815474402
15,11,7.800626723637361
15,12,5.384431458090782
15,13,5.377239190273965
15,14,3.7988876948705976
15,16,3.8061816125097505
15,17,5.411286588647801
15,18,5.067023189368909
15,19,6.798749846514367
15,20,9.04257688390287
15,21,10.074480293117594
15,22,11.62195352603916
15,23,15.240628218525263
15,24,17.20725072275502
15,25,15.040232727614585
15,26,12.940610923493626
15,27,16.221703901926617
15,28,17.573200461357278
15,29,14.519980978178546
15,30,14.304180203086506
15,31,17.240376767268675
15,32,19.080735336392245
15,33,21.346570792684933
15,34,24.724577236236126
15,35,27.301839293084836
15,36,30.352110570974396
15,37,29.062165460857287
15,38,27.873260032741307
15,39,31.084487864588368
15,40,29.579476523594042
15,41,31.3046122395646
15,42,30.89676425987692
15,43,27.137762705802643
15,44,27.454506175177805
15,45,30.121914753856526
15,46,27.65355450689255
15,47,24.32588344195725
15,48,25.19303549901962
15,49,21.89438693388372
15,50,19.942382141715328
15,51,16.26710288251862
15,52,14.123432090407766
15,53,11.177178184234378
15,54,13.480111259801026
15,55,14.530331339106457
15,56,11.281991052147603
15,57,10.606441082793971
15,58,14.209393833241787
15,59,14.029928034747806
15,60,11.419347234826803
15,61,13.72583509843332
15,62,16.832667280619695
15,63,16.23605922116582
15,64,16.678168940434496
15,65,14.735043951576216
15,66,16.866891936090987
15,67,15.110358913994073
15,68,11.678474228736597
15,69,13.264084415492185
15,70,14.018380241886353
15,71,10.497228688177513
15,72,10.115661994544705
15,73,13.564222661694401
15,74,12.798040871683845
15,75,10.187268523031587
15,76,12.909392557534568
15,77,15.61796039900301
15,78,14.39453273088528
15,79,14.553687563862571
15,80,17.832817624468014
15,81,19.376026117639977
15,82,18.89251603567875
15,83,20.412409788907205
15,84,23.106428955640354
15,85,24.254458457979304
15,86,23.99808324009477
15,87,26.269780184918197
15,88,25.191372611912318
