1,2,3.8086144325884184
1,3,5.126538272275721
1,4,7.313564714300759
1,5,8.641705220040752
1,6,9.479631577893914
1,7,11.443431477918216
1,8,13.001692312530633
1,9,14.255579381879356
1,10,15.376366633680624
1,11,17.18912665090216
1,12,18.719615279489563
1,13,19.934171390124654
1,14,21.53259940410137
1,15,23.33318012896769
1,16,24.670108704137093
1,17,25.02920841852788
1,18,25.130276661315325
1,19,23.492856814677598
1,20,24.27022033599568
1,21,22.736670512203407
1,22,19.610675169962846
1,23,19.168803422178627
1,24,20.14419454633733
1,25,17.45376055162512
1,26,14.822903719022902
1,27,16.477341030553124
1,28,16.448698062289075
1,29,12.774254611882117
1,30,11.918293729934033
1,31,14.943265210743967
1,32,16.214382209655636
1,33,18.599318982075285
1,34,17.531867351191213
1,35,19.15101291813064
1,36,20.676082257569366
1,37,23.331847090349783
1,38,26.542230650547477
1,39,28.30795029356352
1,40,30.23123360592383
1,41,27.32095745380787
1,42,28.090995998033428
1,43,25.053910200569444
1,44,24.838423783850764
1,45,22.79799143167441
1,46,22.052763770612184
1,47,23.62161735139806
1,48,25.51825057315396
1,49,27.56967517926766
1,50,28.960146369092104
1,51,30.215551592679848
1,52,32.98011453899858
1,53,36.55044083288987
1,54,36.75929920971986
1,55,34.71282298044526
1,56,32.14123930186225
1,57,33.732736501647175
1,58,36.73906741527262
1,59,37.84993319497667
1,60,38.640155371094146
1,61,42.26837795061809
1,62,41.87770383257447
1,63,40.686530785415655
1,64,44.038493744784454
1,65,45.78714540923246
1,66,45.36267395027221
1,67,46.1253206413803
1,68,42.769626227362565
1,69,41.201224761637626
1,70,42.403853927735334
1,71,40.515941312864186
1,72,42.013131857918
1,73,40.359635700435014
1,74,42.813953700365126
1,75,45.850063003886476
1,76,44.93006244285757
1,77,44.40646093384532
1,78,41.60266151363293
1,79,41.36369519033808
1,80,37.85531006983684
1,81,37.89497190007496
1,82,38.44507545142702
1,83,36.051987340375796
1,84,33.16130261136823
1,85,29.53241260190116
1,86,29.348335614961872
1,87,32.59438474049347
1,88,31.555327314047474
1,89,28.319517413533614
1,90,30.345219193261
1,91,33.10642770697716
1,92,30.751774745868428
1,93,29.89471768425585
1,94,33.6010932691717
1,95,34.686712338225185
1,96,32.86356231653343
1,97,33.90536714088032
2,1,3.8086144325884184
2,3,3.8038986941829873
2,4,5.629008766789852
2,5,5.394011605484986
2,6,6.375501340107244
2,7,9.077701971567189
2,8,10.140194225639261
2,9,10.8309450065846
2,10,12.382355075556694
2,11,14.437107445099588
2,12,15.508550461457098
2,13,16.601900018921143
2,14,18.5739347273427
2,15,20.312219243801934
2,16,21.3166025512741
2,17,21.663798881157255
2,18,22.094551099787456
2,19,20.809935672526855
2,20,21.554343722249534
2,21,19.662404603338864
2,22,16.647240118792237
2,23,16.708533325637053
2,24,17.508239951078128
2,25,14.463477891902599
2,26,12.293874431741646
2,27,14.455824241075446
2,28,14.081322052720836
2,29,10.308157585665633
2,30,10.464339448607006
2,31,13.700262611610007
2,32,15.542050604123714
2,33,17.87862576139365
2,34,16.581083419599196
2,35,18.528019725905637
2,36,19.601906564471797
2,37,22.33937408406487
2,38,25.240011986452195
2,39,26.99746368397006
2,40,29.302150128700784
2,41,26.711195380072148
2,42,27.470801720392764
2,43,24.503933572432256
2,44,24.0327223800236
2,45,21.945598598344912
2,46,20.65598684548069
2,47,22.099748022041222
2,48,24.474979728069854
2,49,26.456271418573895
2,50,27.395340804620435
2,51,28.805673364580073
2,52,31.820140931520974
2,53,35.2268392150482
2,54,35.52738805070124
2,55,33.381466561073054
2,56,31.126850392729583
2,57,32.80801183957592
2,58,35.95725438070369
2,59,37.43136373789009
2,60,38.32481331120021
2,61,41.910935345729335
2,62,41.19902138836159
2,63,39.928459898887105
2,64,43.37433748599949
2,65,44.84788183079403
2,66,44.1522711293079
2,67,44.756249241705646
2,68,41.487188573383584
2,69,39.71450995157134
2,70,40.69698409264658
2,71,38.749361865824895
2,72,40.107055101275705
2,73,38.25710829320252
2,74,40.62347824637549
2,75,43.7359243000891
2,76,42.6796241731314
2,77,42.28576210533676
2,78,39.46499304137471
2,79,39.37631967846029
2,80,36.00271778813569
2,81,36.090561625280884
2,82,36.31354476295953
2,83,33.78700452650526
2,84,30.71309759424502
2,85,27.209785535011353
2,86,26.759345984580676
2,87,30.127654570717876
2,88,29.451291008961924
2,89,26.21083535446984
2,90,28.056368688263543
2,91,31.06430857489114
2,92,29.037283046245314
2,93,28.03639018669966
2,94,31.65456222400762
2,95,33.080000013721396
2,96,31.469321170169152
2,97,32.26288877620078
3,1,5.126538272275721
3,2,3.8038986941829873
3,4,3.7998730494728594
3,5,5.386326037678755
3,6,4.971938979504202
3,7,6.417219013563744
3,8,8.616042627608183
3,9,9.952563674540178
3,10,10.481343848100979
3,11,12.25878816543104
3,12,14.162858391800913
3,13,15.278686076400515
3,14,16.55191562710095
3,15,18.49130447346515
3,16,20.052349347175596
3,17,20.369670142614538
3,18,20.192246338602935
3,19,18.475905144653105
3,20,19.50199995441938
3,21,18.17822491851482
3,22,14.835313169516645
3,23,14.485678772057238
3,24,15.950678358512283
3,25,13.43203029154986
3,26,10.553614071765672
3,27,12.825744828935424
3,28,13.46404128911953
3,29,10.01610528325702
3,30,9.294177682277013
3,31,12.96700654801235
3,32,14.002724402472241
3,33,15.687323474372947
3,34,13.853535506833403
3,35,15.304907418385763
3,36,16.24106522544484
3,37,18.800809476447313
3,38,21.800189228343967
3,39,23.507771848034327
3,40,25.67387253572797
3,41,23.00464171209478
3,42,23.8699585922918
3,43,20.995993058414854
3,44,20.818792424797635
3,45,19.055307810027518
3,46,18.143607446012144
3,47,19.943525719763674
3,48,22.173337733443883
3,49,23.81069590321359
3,50,25.022070477111214
3,51,26.70828092364784
3,52,29.51226542081584
3,53,32.94917484987032
3,54,32.93159271485691
3,55,30.60723294431966
3,56,28.18404242161469
3,57,29.62038738794223
3,58,32.836699529140986
3,59,34.26686740729969
3,60,35.36080916529145
3,61,38.882689029664796
3,62,38.16705517152126
3,63,37.121416912721635
3,64,40.62231881605212
3,65,42.105204692955596
3,66,41.59359040291881
3,67,42.07418219327515
3,68,38.69038567672731
3,69,37.151174594879755
3,70,38.08462741678275
3,71,35.99948670249366
3,72,37.2967430178863
3,73,35.49080921505135
3,74,37.83777693896973
3,75,40.94833267937719
3,76,40.1041247842654
3,77,39.753846257771876
3,78,37.077535794324646
3,79,37.09122614461229
3,80,33.67441721037829
3,81,34.02495546898999
3,82,34.48559339633538
3,83,31.84813463953691
3,84,29.014986836208983
3,85,25.38324830122082
3,86,24.867253083742117
3,87,28.00938807086443
3,88,27.09467416290861
3,89,23.70382618194683
3,90,25.49435547103188
3,91,28.341462949488893
3,92,26.081851378700833
3,93,24.99921757301803
3,94,28.65603800469351
3,95,29.912333838717753
3,96,28.10349990017679
3,97,28.974184235352112
4,1,7.313564714300759
4,2,5.629008766789852
4,3,3.7998730494728594
4,5,3.7924710705614095
4,6,5.353998328187658
4,7,5.378158310154495
4,8,6.20433956830634
4,9,8.69299822239582
4,10,9.889065281448365
4,11,10.595859276003864
4,12,12.264931139684679
4,13,14.254848812902738
4,14,15.493009459300916
4,15,16.714297291656024
4,16,18.493062202270213
4,17,19.49562239138474
4,18,19.464256874412893
4,19,18.20925642873536
4,20,19.881503627556835
4,21,18.490138083223503
4,22,14.949231689451166
4,23,15.35633106798225
4,24,17.274891668967022
4,25,14.623900655626095
4,26,12.11447256902186
4,27,15.078012604291953
4,28,15.82102239997429
4,29,12.518539887038873
4,30,12.422687739243477
4,31,16.189634990671262
4,32,17.235141152888723
4,33,18.49937668338252
4,34,16.128493021099473
4,35,17.100650001114957
4,36,17.2624253394323
4,37,19.254753866416987
4,38,21.900176388439384
4,39,23.034891599052255
4,40,25.45288280409695
4,41,23.093308837930053
4,42,24.496938921129036
4,43,22.063213686058468
4,44,22.298925527371907
4,45,21.030446961971673
4,46,20.10556641975035
4,47,22.08115497431665
4,48,24.54106772268927
4,49,25.757194785516933
4,50,26.810527857008108
4,51,28.87809166381463
4,52,31.676647665638615
4,53,34.96685302573101
4,54,34.70448738042189
4,55,32.081471849031274
4,56,29.768774494653453
4,57,30.869873381410827
4,58,34.29635866910024
4,59,35.911794127672415
4,60,37.34074681694967
4,61,40.72575289351435
4,62,39.79644905058838
4,63,38.999543344334064
4,64,42.605293052125546
4,65,43.88545889448417
4,66,43.35803187793333
4,67,43.530493895274994
4,68,40.106867094130706
4,69,38.667348095257566
4,70,39.26429642725259
4,71,36.89564794988583
4,72,37.826745252464065
4,73,35.71217431465293
4,74,37.73420002743716
4,75,41.04239526069416
4,76,40.39619176844285
4,77,40.40314750338969
4,78,37.94962234518287
4,79,38.329983306583784
4,80,35.0699941784017
4,81,35.74974764768473
4,82,36.031384663090094
4,83,33.12567173361735
4,84,30.284766903512523
4,85,26.764642186370214
4,86,25.722865414233635
4,87,28.758140632276564
4,88,28.16732361142717
4,89,24.590362945276528
4,90,25.858594965031518
4,91,28.878144333240513
4,92,26.780918064175424
4,93,25.17545210639126
4,94,28.65245883140987
4,95,30.203244631714742
4,96,28.17458169573312
4,97,28.570726132898884
5,1,8.641705220040752
5,2,5.394011605484986
5,3,5.386326037678755
5,4,3.7924710705614095
5,6,3.7963322791535528
5,7,5.6193647224932315
5,8,5.050021280370057
5,9,6.135237063871021
5,10,8.476088005138353
5,11,9.821225149596103
5,12,10.441037076776286
5,13,12.161099574178754
5,14,14.226744747557403
5,15,15.401253623402388
5,16,16.46343733484281
5,17,17.363979170424095
5,18,17.983755201669286
5,19,17.26348440824349
5,20,18.63527772731637
5,21,16.610727708218672
5,22,13.399398596977486
5,23,14.452311966519842
5,24,15.787118994839169
5,25,12.612257573250954
5,26,10.951193819580023
5,27,14.189209204299775
5,28,14.176506339924561
5,29,10.872140643259286
5,30,11.930677453103502
5,31,15.473309236216265
5,32,17.25090540492065
5,33,18.800627474785227
5,34,16.658820180551633
5,35,18.24000143857834
5,36,18.239971349684936
5,37,20.49646026136684
5,38,22.82766850572942
5,39,24.10909366167576
5,40,26.86988653952322
5,41,24.808194146761828
5,42,25.9780913499229
5,43,23.485163128868084
5,44,23.231295291317693
5,45,21.66783014198691
5,46,20.09212782891481
5,47,21.71591293163487
5,48,24.583641339737056
5,49,25.973981763000257
5,50,26.5081553462243
5,51,28.485086908314997
5,52,31.57843766065914
5,53,34.713968105321094
5,54,34.7424215304855
5,55,32.20356286136588
5,56,30.256039553959624
5,57,31.629135211572738
5,58,35.07071914426084
5,59,36.97081806494301
5,60,38.296749747508194
5,61,41.69044096579081
5,62,40.540326639476675
5,63,39.50777036266675
5,64,43.123719755591345
5,65,44.20003264652516
5,66,43.34895908185653
5,67,43.509386636678805
5,68,40.24557207240402
5,69,38.49237154111953
5,70,38.984122513419095
5,71,36.70283431580272
5,72,37.610992658988664
5,73,35.36645700411652
5,74,37.378782392700565
5,75,40.70487414413249
5,76,39.781436773395484
5,77,39.81103297051667
5,78,37.23226907179852
5,79,37.62364332640038
5,80,34.493385716998276
5,81,35.01902311470836
5,82,34.922427985528905
5,83,32.01387812601146
5,84,28.905252402771
5,85,25.572502325196243
5,86,24.40282281963751
5,87,27.666154072578188
5,88,27.482214684381802
5,89,24.04281878633363
5,90,25.254247687990585
5,91,28.538108855964698
5,92,26.85556098507741
5,93,25.28502263496809
5,94,28.666329205633684
5,95,30.55245733932916
5,96,28.90052145597961
5,97,29.128665016839882
6,1,9.479631577893914
6,2,6.375501340107244
6,3,4.971938979504202
6,4,5.353998328187658
6,5,3.7963322791535528
6,7,3.818676281438429
6,8,5.38715560952332
6,9,5.266634753076904
6,10,6.017551634029667
6,11,8.469065705791728
6,12,9.802040184232903
6,13,10.4943005495432
6,14,12.24172767449316
6,15,14.267957789850934
6,16,15.385969314540155
6,17,15.561427218105969
6,18,15.745950317870445
6,19,14.497689224326587
6,20,15.49217847024158
6,21,13.70678310835796
6,22,10.449926839862693
6,23,10.943966111125846
6,24,12.271822925965
6,25,9.347967096379417
6,26,7.229874251536236
6,27,10.4563641002688
6,28,10.834133828257544
6,29,7.792846449864763
6,30,8.662669264661515
6,31,12.255301752680673
6,32,13.84321299786355
6,33,15.176077517865012
6,34,13.017910520927408
6,35,14.839141916613523
6,36,14.960209584053285
6,37,17.55191803038142
6,38,19.963987718179425
6,39,21.670569934564483
6,40,24.364757370308258
6,41,22.245219522442497
6,42,23.023492120642622
6,43,20.339470277042146
6,44,19.765515958602176
6,45,18.027024278238116
6,46,16.32450424055621
6,47,17.920498301602354
6,48,20.806339075435314
6,49,22.233338772430375
6,50,22.753973645804876
6,51,24.693905260193702
6,52,27.787390496928904
6,53,30.93429357068541
6,54,31.010810840461932
6,55,28.551400654675657
6,56,26.628084953852802
6,57,28.160873367711925
6,58,31.537205458714304
6,59,33.47102747964508
6,60,34.70415527544774
6,61,38.11493432770784
6,62,36.949889735121765
6,63,35.81659249623154
6,64,39.416476497601586
6,65,40.49568175957674
6,66,39.61988362026117
6,67,39.859711917400894
6,68,36.61667862851819
6,69,34.81710709242339
6,70,35.420851703427175
6,71,33.253500538030224
6,72,34.34349791864363
6,73,32.27467811429309
6,74,34.501013378742336
6,75,37.69993769098257
6,76,36.67101436705755
6,77,36.50087785092885
6,78,33.82277494901831
6,79,34.064823311242456
6,80,30.863034764385663
6,81,31.32174214585102
6,82,31.337140775845985
6,83,28.498975026349463
6,84,25.45527281451113
6,85,22.02192631325641
6,86,21.072511347006767
6,87,24.34675563259916
6,88,23.95779081700513
6,89,20.573670477674167
6,90,22.0642222198613
6,91,25.25058043952212
6,92,23.497327926815807
6,93,22.21777304592861
6,94,25.712090622447363
6,95,27.450015872902135
6,96,25.997798868556533
6,97,26.516322763256213
7,1,11.443431477918216
7,2,9.077701971567189
7,3,6.417219013563744
7,4,5.378158310154495
7,5,5.6193647224932315
7,6,3.818676281438429
7,8,3.8191111629957804
7,9,5.541077212156883
7,10,4.938264747280599
7,11,5.899097947632829
7,12,8.395788922348752
7,13,9.734229629211308
7,14,10.427495347806065
7,15,12.220624619274036
7,16,14.198075513086337
7,17,14.799477075903239
7,18,14.319082667741652
7,19,12.847401710762961
7,20,14.652190527430998
7,21,13.574503539549656
7,22,9.882635802556782
7,23,10.377721902418843
7,24,12.784068985537557
7,25,10.63456405503711
7,26,8.161616802250999
7,27,11.557105855499515
7,28,12.977685085323518
7,29,10.587537272619969
7,30,10.742629471004483
7,31,14.407559002569075
7,32,15.160439358090382
7,33,15.61481766495658
7,34,12.702604284903
7,35,13.583729652982269
7,36,12.991250115438323
7,37,14.965947022397968
7,38,17.243809294813072
7,39,18.53152398350036
7,40,21.26107721353097
7,41,19.25605485666246
7,42,20.483830032295295
7,43,18.193744106503093
7,44,18.208201742293664
7,45,17.163630839906762
7,46,15.930217459454592
7,47,17.973746892732237
7,48,20.735508247021993
7,49,21.54467683838593
7,50,22.27539724354697
7,51,24.673678390690178
7,52,27.4947544353058
7,53,30.571268825322257
7,54,30.18840808104314
7,55,27.398912860458527
7,56,25.362505487551804
7,57,26.428529087269105
7,58,29.97542119163428
7,59,31.94149862655567
7,60,33.545790089306145
7,61,36.80492339916949
7,62,35.54474678147731
7,63,34.78138596817456
7,64,38.46760296596849
7,65,39.46203171582847
7,66,38.780103945205965
7,67,38.73990587617886
7,68,35.36624154322249
7,69,33.87693331687859
7,70,34.25215561704336
7,71,31.790896461353036
7,72,32.608187813863275
7,73,30.411896110227858
7,74,32.42754371088848
7,75,35.74037006621037
7,76,35.05341498125408
7,77,35.12955466560362
7,78,32.737066255413126
7,79,33.28302326513265
7,80,30.137809192828364
7,81,31.03838635766897
7,82,31.212404516062488
7,83,28.147278023378036
7,84,25.391108915572477
7,85,21.935116088289746
7,86,20.62742536878561
7,87,23.54466420372152
7,88,23.0824644121866
7,89,19.449164821688466
7,90,20.536102826509396
7,91,23.633946979231155
7,92,21.720183413736827
7,93,20.014486307164624
7,94,23.446881375081983
7,95,25.178701337569844
7,96,23.365724961593877
7,97,23.67628838355213
8,1,13.001692312530633
8,2,10.140194225639261
8,3,8.616042627608183
8,4,6.20433956830634
8,5,5.050021280370057
8,6,5.38715560952332
8,7,3.8191111629957804
8,9,3.793522648472789
8,10,5.445685032896183
8,11,5.135259117912189
8,12,6.096314824400294
8,13,8.598058209724808
8,14,9.996027944757044
8,15,10.712022088625067
8,16,12.377398432230436
8,17,13.776836340884822
8,18,14.037005933022986
8,19,13.576731929530146
8,20,15.726631183833886
8,21,14.105301451354062
8,22,10.662935231629369
8,23,12.349869446144254
8,24,14.498667323898008
8,25,11.91022987085085
8,26,10.502734850587125
8,27,14.215465552247773
8,28,15.013935987949193
8,29,12.60672668389397
8,30,13.661607377828451
8,31,17.19841217979986
8,32,18.44289891569355
8,33,19.038466201916137
8,34,16.174418119527846
8,35,17.101653571068447
8,36,16.065412772088493
8,37,17.662686607112672
8,38,19.408029030076875
8,39,20.205218114118676
8,40,23.266653289020432
8,41,21.707525782535846
8,42,23.22967105449976
8,43,21.281044931946806
8,44,21.34840661905297
8,45,20.455687491801005
8,46,18.91655981049685
8,47,20.783772283894628
8,48,23.830249210567974
8,49,24.521787205789575
8,50,24.855838474394083
8,51,27.37047928671359
8,52,30.32743875087212
8,53,33.20261497200973
8,54,32.845608772494145
8,55,29.948024596409432
8,56,28.207188280466983
8,57,29.17463067585323
8,58,32.81893377964945
8,59,35.00804207475228
8,60,36.74571442941064
8,61,39.90578993866792
8,62,38.42524236691685
8,63,37.70518830089246
8,64,41.42969605630202
8,65,42.19203815902878
8,66,41.329785481211694
8,67,41.0803735715467
8,68,37.79658691136836
8,69,36.21001219735941
8,70,36.28361255234383
8,71,33.687339096722575
8,72,34.19007731640564
8,73,31.673999608437818
8,74,33.37347027478986
8,75,36.847282123357864
8,76,36.16146195633746
8,77,36.55037336841597
8,78,34.27630337175145
8,79,35.1010767604836
8,80,32.182288952530776
8,81,33.19414384499846
8,82,32.99760406559306
8,83,29.776014266639496
8,84,26.858369033861514
8,85,23.670086538234536
8,86,21.89991127711475
8,87,24.844226813355405
8,88,24.924391008711755
8,89,21.317974598045815
8,90,21.905212053924085
8,91,25.265094727227453
8,92,23.78002474322432
8,93,21.694703897183352
8,94,24.831621863402482
8,95,26.99404027096452
8,96,25.235193789534346
8,97,25.010725126387044
9,1,14.255579381879356
9,2,10.8309450065846
9,3,9.952563674540178
9,4,8.69299822239582
9,5,6.135237063871021
9,6,5.266634753076904
9,7,5.541077212156883
9,8,3.793522648472789
9,10,3.8379807537606965
9,11,5.4331318954284
9,12,4.958188742519437
9,13,6.061590960744067
9,14,8.606056968957956
9,15,9.87046056910095
9,16,10.491944194733414
9,17,11.23828703946903
9,18,12.126266301307293
9,19,12.047362854008583
9,20,13.55638992898356
9,21,11.263384219750616
9,22,8.266914259944429
9,23,10.527732861330687
9,24,11.920731162217631
9,25,8.946503928423356
9,26,8.585400817367807
9,27,12.336352832436443
9,28,12.516017403304973
9,29,10.531871590638291
9,30,12.487954616338401
9,31,15.584893726641376
9,32,17.332456067779994
9,33,18.095540867553797
9,34,15.589122078420784
9,35,17.161153630910473
9,36,16.178142828402496
9,37,18.194124181482383
9,38,19.704077045912296
9,39,20.90817129708214
9,40,24.14212290111639
9,41,22.77856800971508
9,42,23.81498648297535
9,43,21.692848871940107
9,44,21.12969867094521
9,45,19.849668449135123
9,46,17.67984915945819
9,47,19.122705738437073
9,48,22.491673205326396
9,49,23.397078820881145
9,50,23.226132683777312
9,51,25.56583023041038
9,52,28.777354712029332
9,53,31.500590085926923
9,54,31.479849937402204
9,55,28.762776589120577
9,56,27.38421534813222
9,57,28.71367641932082
9,58,32.276058553246
9,59,34.68644008567617
9,60,36.22411508081832
9,61,39.401507714838985
9,62,37.762159516609785
9,63,36.74863682792499
9,64,40.436821175725036
9,65,41.04144266565055
9,66,39.87134465748162
9,67,39.6920860953039
9,68,36.59128430817948
9,69,34.676441730938045
9,70,34.74290323538944
9,71,32.336214885540905
9,72,32.94782583718203
9,73,30.437199250279875
9,74,32.26504761776074
9,75,35.65589817171622
9,76,34.615298817510464
9,77,34.88479027148542
9,78,32.41534070125509
9,79,33.134071637151614
9,80,30.307996141479556
9,81,31.091156957897585
9,82,30.581192327663093
9,83,27.42780595297382
9,84,24.268639487842776
9,85,21.24688762647651
9,86,19.481666046663868
9,87,22.678839413560343
9,88,23.070301440046805
9,89,19.692233439066683
9,90,20.395989359161486
9,91,23.942392337503726
9,92,22.84821311394495
9,93,21.032752703456634
9,94,24.109726756445195
9,95,26.474446920140288
9,96,25.225690695692393
9,97,25.051406994409017
10,1,15.376366633680624
10,2,12.382355075556694
10,3,10.481343848100979
10,4,9.889065281448365
10,5,8.476088005138353
10,6,6.017551634029667
10,7,4.938264747280599
10,8,5.445685032896183
10,9,3.8379807537606965
10,11,3.8061977126288333
10,12,5.407741930613709
10,13,5.122589181423247
10,14,6.246638514106762
10,15,8.720578366134195
10,16,10.030251936754404
10,17,10.02432582821471
10,18,9.794925854474998
10,19,8.797105276307255
10,20,10.414467873390263
10,21,8.879099781873386
10,22,5.291885585825609
10,23,7.07077642954369
10,24,9.253234473892782
10,25,7.209527550325543
10,26,6.250555688431938
10,27,9.957470648343342
10,28,11.149550996698443
10,29,9.9331177889271
10,30,11.206293504838182
10,31,14.179832455130411
10,32,15.261993313235676
10,33,15.340426266692356
10,34,12.498275915145504
10,35,13.795100828627893
10,36,12.505307076757525
10,37,14.524969115083504
10,38,16.001254196580568
10,39,17.461784601244283
10,40,20.639272630216603
10,41,19.283938652115953
10,42,20.123410065891562
10,43,18.023840200457425
10,44,17.4160158217656
10,45,16.333590947026252
10,46,14.266345769760969
10,47,15.911043488809534
10,48,19.219405597829812
10,49,19.82796627310775
10,50,19.755857908599545
10,51,22.305626434996093
10,52,25.3656150586604
10,53,28.081516417846956
10,54,27.868071116594212
10,55,25.057893197413538
10,56,23.629760536712073
10,57,24.886347005881255
10,58,28.467872072672368
10,59,30.90830320906592
10,60,32.52718202609359
10,61,35.65179300065426
10,62,33.97663561559361
10,63,33.04868181913966
10,64,36.76073090668164
10,65,37.355314337733866
10,66,36.28053006316457
10,67,36.059234687129695
10,68,32.89296259590176
10,69,31.09725470836865
10,70,31.18539122607965
10,71,28.737774375721695
10,72,29.42009772933404
10,73,27.031979715198705
10,74,29.00752734631782
10,75,32.33557345649962
10,76,31.36729235758884
10,77,31.536543749971695
10,78,29.093031576727267
10,79,29.79943917203946
10,80,26.8949847121216
10,81,27.838968731836808
10,82,27.561364869422857
10,83,24.355497789447476
10,84,21.41759501645364
10,85,18.232314810366667
10,86,16.502652308043302
10,87,19.542630656423697
10,88,19.643262432801052
10,89,16.138772135443006
10,90,16.946654532124597
10,91,20.377289528412525
10,92,19.095937092617145
10,93,17.354700751783696
10,94,20.56659557140586
10,95,22.772372931058275
10,96,21.539240408109197
10,97,21.58373520377161
11,1,17.18912665090216
11,2,14.437107445099588
11,3,12.25878816543104
11,4,10.595859276003864
11,5,9.821225149596103
11,6,8.469065705791728
11,7,5.899097947632829
11,8,5.135259117912189
11,9,5.4331318954284
11,10,3.8061977126288333
11,12,3.7872197617764427
11,13,5.490280206524812
11,14,5.233308988304999
11,15,6.358342163320757
11,16,8.821065937234879
11,17,10.008130441070406
11,18,9.40763526044858
11,19,8.903482396123449
11,20,11.687060323155501
11,21,10.772781667239368
11,22,7.373703978628622
11,23,9.443286296033236
11,24,12.235065676751708
11,25,10.744940617447229
11,26,9.80251991432235
11,27,13.353942327212389
11,28,14.887734788070366
11,29,13.671481604428413
11,30,14.625453600466928
11,31,17.744783289586472
11,32,18.454013081527105
11,33,18.105459111009118
11,34,14.844174107983264
11,35,15.28078594157946
11,36,13.264042440905163
11,37,14.32502508830121
11,38,15.330565349102377
11,39,15.962027327482833
11,40,19.33173404660797
11,41,18.347828928689502
11,42,19.836759159672052
11,43,18.35412508841962
11,44,18.426372987965085
11,45,18.088937925596053
11,46,16.485397201369935
11,47,18.41150127292852
11,48,21.55962673702289
11,49,21.5972373714698
11,50,21.623048612160993
11,51,24.549552998743447
11,52,27.348259317274255
11,53,29.90686616733625
11,54,29.27418242260362
11,55,26.145776858773395
11,56,24.719840008322596
11,57,25.43519353232955
11,58,29.17751835000086
11,59,31.678957232747603
11,60,33.683267733491306
11,61,36.60909867371936
11,62,34.7998069693384
11,63,34.261748752274755
11,64,38.03342452581732
11,65,38.47792931320737
11,66,37.54362776362817
11,67,36.97797958271208
11,68,33.740929887161734
11,69,32.23919311638642
11,70,31.980786121098294
11,71,29.196512203047877
11,72,29.434508060945365
11,73,26.767203079636175
11,74,28.324720189985015
11,75,31.848619417853016
11,76,31.26310969804765
11,77,31.848101631208444
11,78,29.78260987242476
11,79,30.91089388949136
11,80,28.193953931200046
11,81,29.58612955926495
11,82,29.318095194584508
11,83,25.88903674464803
11,84,23.217388431484622
11,85,20.212698887355145
11,86,17.98900855196619
11,87,20.576967012916203
11,88,20.85141973155192
11,89,17.201594927102597
11,90,17.27532938325693
11,91,20.663979585116245
11,92,19.433100749399966
11,93,17.033212078205146
11,94,19.959052972429532
11,95,22.357713223886222
11,96,20.734496004702304
11,97,20.234380954490575
12,1,18.719615279489563
12,2,15.508550461457098
12,3,14.162858391800913
12,4,12.264931139684679
12,5,10.441037076776286
12,6,9.802040184232903
12,7,8.395788922348752
12,8,6.096314824400294
12,9,4.958188742519437
12,10,5.407741930613709
12,11,3.7872197617764427
12,13,3.8169374256918394
12,14,5.477029325848679
12,15,5.1978195141351975
12,16,6.2993402074171865
12,17,8.235365381057456
12,18,9.058235270176622
12,19,10.009051957981073
12,20,12.480630653620256
12,21,10.669663728936998
12,22,8.08818414419532
12,23,11.209852772972853
12,24,13.169877704815503
12,25,11.185119654789453
12,26,11.406418330260852
12,27,15.034612642774308
12,28,15.758209058284839
12,29,14.61869431890031
12,30,16.419178878715943
12,31,19.315606657986997
12,32,20.619259761158855
12,33,20.607481736247315
12,34,17.6565058295833
12,35,18.53661805818388
12,36,16.551109812525453
12,37,17.67725253267613
12,38,18.286402638648024
12,39,18.781811699091605
12,40,22.34477597773671
12,41,21.71509393111614
12,42,23.118326596884124
12,43,21.713084722227936
12,44,21.486152710081203
12,45,20.94770108031908
12,46,18.86618007710217
12,47,20.407107782614364
12,48,23.848507262710942
12,49,24.01738522939211
12,50,23.532743529866025
12,51,26.35333697712633
12,52,29.374623637687503
12,53,31.715679175849594
12,54,31.324858678147365
12,55,28.27937565896495
12,56,27.2464577954902
12,57,28.113106011823973
12,58,31.824138581823117
12,59,34.54057280474431
12,60,36.482171107014175
12,61,39.359400159934594
12,62,37.35749373507705
12,63,36.673688064005034
12,64,40.42356413067107
12,65,40.64361353466251
12,66,39.41743122016026
12,67,38.76589718388874
12,68,35.72091388361284
12,69,33.96587868504372
12,70,33.5015471497931
12,71,30.76425016733644
12,72,30.827958407798565
12,73,27.93994347761504
12,74,29.288404700767757
12,75,32.862217461777576
12,76,32.068773866340976
12,77,32.83172108987756
12,78,30.757230764757253
12,79,32.017881704597194
12,80,29.54701791165069
12,81,30.846297379728835
12,82,30.115994340863953
12,83,26.655495479174
12,84,23.73136830660183
12,85,21.08414455645509
12,86,18.56172015299298
12,87,21.287795441849266
12,88,22.17726605095745
12,89,18.77664006584335
12,90,18.54907720558306
12,91,22.18042630263894
12,92,21.524670440466192
12,93,19.084902661133636
12,94,21.66567922792454
12,95,24.458687817575786
12,96,23.190718275882904
12,97,22.330632639389457
13,1,19.934171390124654
13,2,16.601900018921143
13,3,15.278686076400515
13,4,14.254848812902738
13,5,12.161099574178754
13,6,10.4943005495432
13,7,9.734229629211308
13,8,8.598058209724808
13,9,6.061590960744067
13,10,5.122589181423247
13,11,5.490280206524812
13,12,3.8169374256918394
13,14,3.794284807912401
13,15,5.4222947030701025
13,16,5.191906385123248
13,17,5.255033705147349
13,18,6.343387906333583
13,19,7.46708328839224
13,20,9.200653215750421
13,21,6.962521737042003
13,22,5.02930877761185
13,23,8.669407255745446
13,24,10.053317475578497
13,25,8.465835587948845
13,26,9.62905675375064
13,27,12.85552701830781
13,28,13.4425674005154
13,29,13.150440788552617
13,30,15.233126710955654
13,31,17.56702727033083
13,32,18.932281792478506
13,33,18.763217885733834
13,34,16.107719909138787
13,35,17.368360319679873
13,36,15.41054034860255
13,37,16.879612329542127
13,38,17.278289008923405
13,39,18.31219205463472
13,40,21.88408670363895
13,41,21.377045966128637
13,42,22.20137756274722
13,43,20.646601414887453
13,44,19.83552157946388
13,45,19.046250412638486
13,46,16.508424162904326
13,47,17.680705137379046
13,48,21.30459473381496
13,49,21.52718872714127
13,50,20.606910819092775
13,51,23.319281110217798
13,52,26.469812991780085
13,53,28.64600787958731
13,54,28.49261281262029
13,55,25.613056207370246
13,56,24.9057524360956
13,57,26.081938186439476
13,58,29.674099652079548
13,59,32.561029621076
13,60,34.31966343673237
13,61,37.18164393457793
13,62,35.056539719060524
13,63,34.13266745951264
13,64,37.832043455364165
13,65,37.92403721434847
13,66,36.46926459982512
13,67,35.89060113731624
13,68,32.996541649743115
13,69,30.99065844482467
13,70,30.555259454394754
13,71,28.00957132975664
13,72,28.2461959359155
13,73,25.460355570768225
13,74,27.046815913937625
13,75,30.480917660177084
13,76,29.354795672347034
13,77,29.913981288149408
13,78,27.64074387304194
13,79,28.76708975168073
13,80,26.346881342846817
13,81,27.486788278682333
13,82,26.570822511247943
13,83,23.160745091843488
13,84,20.107258844169717
13,85,17.579507267010857
13,86,15.047966170438755
13,87,17.954947164251596
13,88,19.036847533374804
13,89,15.858447303765038
13,90,15.789694573129289
13,91,19.53227144895959
13,92,19.19287228524777
13,93,17.1259263084539
13,94,19.688624655122634
13,95,22.550538223794838
13,96,21.81295769749059
13,97,21.17792394014141
14,1,21.53259940410137
14,2,18.5739347273427
14,3,16.55191562710095
14,4,15.493009459300916
14,5,14.226744747557403
14,6,12.24172767449316
14,7,10.427495347806065
14,8,9.996027944757044
14,9,8.606056968957956
14,10,6.246638514106762
14,11,5.233308988304999
14,12,5.477029325848679
14,13,3.794284807912401
14,15,3.8113002350838876
14,16,5.568573088028015
14,17,5.546455911637144
14,18,4.17865287294641
14,19,4.684588887943343
14,20,7.70848775365066
14,21,7.146920382133048
14,22,5.099804602575725
14,23,8.006908925259468
14,24,10.400210582336907
14,25,10.064954080153116
14,26,10.524924725539579
14,27,13.403689460923557
14,28,14.927594380447509
14,29,15.000914359604135
14,30,16.337536301523453
14,31,18.660203439936065
14,32,19.29400849002191
14,33,18.38577350020574
14,34,15.331571353901737
14,35,15.836612364177931
14,36,13.22405699391213
14,37,14.02814399699396
14,38,13.943943907539566
14,39,14.695479686869827
14,40,18.34417994321449
14,41,18.155369744681703
14,42,19.13428234424662
14,43,18.026680422202958
14,44,17.565612380688417
14,45,17.431780457807058
14,46,15.326351345885673
14,47,16.812371320238487
14,48,20.193413349508358
14,49,19.78842103705611
14,50,19.025264963414436
14,51,22.13687183681406
14,52,24.946336463704913
14,53,27.008263827826305
14,54,26.4117319011713
14,55,23.255770888919702
14,56,22.522161087934993
14,57,23.285985684787644
14,58,26.97831565365007
14,59,29.92352551056343
14,60,31.97568169146107
14,61,34.66092593871883
14,62,32.431117307139296
14,63,31.824208519510712
14,64,35.56875965894679
14,65,35.5687533468182
14,66,34.297894515447325
14,67,33.47403635425489
14,68,30.473994518263822
14,69,28.77054289795178
14,70,28.14031394512355
14,71,25.3353030250148
14,72,25.35195348444773
14,73,22.487994998845984
14,74,23.960349916338306
14,75,27.48087829318309
14,76,26.671001818975075
14,77,27.399907460892056
14,78,25.39495856802836
14,79,26.780375927274104
14,80,24.404826095828067
14,81,25.98327001231617
14,82,25.320755236793687
14,83,21.73798851352199
14,84,19.120834425082574
14,85,16.576824518527868
14,86,13.77503369059245
14,87,16.147055744257127
14,88,17.04973494142359
14,89,13.66463616547781
14,90,13.11950195357733
14,91,16.746682905315232
14,92,16.29738878106481
14,93,13.830561111707967
14,94,16.317040154937228
14,95,19.205596255381412
14,96,18.27650030090749
14,97,17.471335306344102
15,1,23.33318012896769
15,2,20.312219243801934
15,3,18.49130447346515
15,4,16.714297291656024
15,5,15.401253623402388
15,6,14.267957789850934
15,7,12.220624619274036
15,8,10.712022088625067
15,9,9.87046056910095
15,10,8.720578366134195
15,11,6.358342163320757
15,12,5.1978195141351975
15,13,5.4222947030701025
15,14,3.8113002350838876
15,16,3.813268425630444
15,17,6.198347093544168
15,18,5.907181318088612
15,19,7.848132075239659
15,20,11.021732660746732
15,21,10.317067981258308
15,22,8.738558223343015
15,23,11.812224254502484
15,24,14.07132543813193
15,25,13.388022146232453
15,26,13.953563915200977
15,27,17.06190787091276
15,28,18.34418872783541
15,29,18.091254379115792
15,30,19.61376193015265
15,31,22.142575316214586
15,32,22.916520163422387
15,33,22.09913123883836
15,34,18.94067920961742
15,35,19.192502368761822
15,36,16.376773520946106
15,37,16.612137463558245
15,38,16.1305798039122
15,39,16.036183165464536
15,40,19.80306194903374
15,41,20.0297864928669
15,42,21.512349276164674
15,43,20.858687065299442
15,44,20.80831131526434
15,45,20.994746700747985
15,46,19.06265746071783
15,47,20.580706465279285
15,48,23.921072615163165
15,49,23.322752404663152
15,50,22.50913312361642
15,51,25.717209760163904
15,52,28.4306564627197
15,53,30.312611959411395
15,54,29.552293013324157
15,55,26.267415438824322
15,56,25.663303857144076
15,57,26.088023067909035
15,58,29.8281779799227
15,59,32.8349227324345
15,60,35.10805467473622
15,61,37.62955224213003
15,62,35.27125605533591
15,63,34.89313393362343
15,64,38.637325194943145
15,65,38.45691984657399
15,66,37.18342700590265
15,67,36.08271400412453
15,68,33.14585525834926
15,69,31.574737666795595
15,70,30.605075727211876
15,71,27.603568620415246
15,72,27.157421409071716
15,73,23.981789238662948
15,74,24.904125686295917
15,75,28.585435759470947
15,76,28.025025031558346
15,77,29.210259648106707
15,78,27.551907928870104
15,79,29.30887220085427
15,80,27.228106864353006
15,81,29.03611690395972
15,82,28.174190544674012
15,83,24.4977944490678
15,84,21.99042573439664
15,85,19.797877602108862
15,86,16.670350265001424
15,87,18.693213553724114
15,88,19.987448870053697
15,89,16.74777574629303
15,90,15.547120889490339
15,91,19.08371777113753
15,92,18.940265209415358
15,93,16.020151882942354
15,94,17.959615560000763
15,95,21.11873372280663
15,96,20.012989608179925
15,97,18.533493713913924
16,1,24.670108704137093
16,2,21.3166025512741
16,3,20.052349347175596
16,4,18.493062202270213
16,5,16.46343733484281
16,6,15.385969314540155
16,7,14.198075513086337
16,8,12.377398432230436
16,9,10.491944194733414
16,10,10.030251936754404
16,11,8.821065937234879
16,12,6.2993402074171865
16,13,5.191906385123248
16,14,5.568573088028015
16,15,3.813268425630444
16,17,3.793367825467507
16,18,5.840619655414693
16,19,8.998983602087332
16,20,11.149709758234648
16,21,9.525120367434564
16,22,9.098872715676219
16,23,12.692959433637224
16,24,13.984299611140205
16,25,13.080789106229943
16,26,14.632293370913109
16,27,17.582959177391313
16,28,18.16603971796424
16,29,18.216508648309645
16,30,20.36835845949186
16,31,22.530841407082317
16,32,23.78562975007593
16,33,23.263032797701072
16,34,20.504015736572786
16,35,21.31680562983853
16,36,18.748366842977862
16,37,19.39644812115872
16,38,18.834452312407205
16,39,19.068366978393083
16,40,22.83987572042623
16,41,23.159700129069535
16,42,24.25991733249634
16,43,23.420586863139015
16,44,22.85669744629981
16,45,22.64534992770225
16,46,20.193265752754957
16,47,21.244143955272374
16,48,24.830778602152325
16,49,24.488074793407655
16,50,23.1457298075432
16,51,26.103324107505752
16,52,29.058606482808468
16,53,30.72721607324886
16,54,30.346717218074186
16,55,27.29470445444491
16,56,27.098231107534495
16,57,27.86766845222179
16,58,31.474829995688054
16,59,34.654994454035844
16,60,36.712152371607445
16,61,39.23328040407358
16,62,36.73768222257686
16,63,36.0726784796055
16,64,39.74662562728092
16,65,39.383177535703986
16,66,37.76709942053327
16,67,36.70898608338861
16,68,34.0226931120582
16,69,32.09787168508372
16,70,31.05308257014605
16,71,28.27233322720484
16,72,27.851001919985844
16,73,24.629864217047466
16,74,25.542699472619834
16,75,29.120431318091356
16,76,28.15472050596323
16,77,29.317560619382093
16,78,27.50869955357652
16,79,29.224617506888826
16,80,27.36319232310792
16,81,28.917418463030366
16,82,27.58482390786786
16,83,23.989758154099334
16,84,21.198030447312476
16,85,19.402443783468314
16,86,16.16498631449561
16,87,18.40122817915545
16,88,20.261568113512837
16,89,17.427246021049275
16,90,16.232321256353856
16,91,19.929608215213214
16,92,20.349471522607303
16,93,17.771896043809573
16,94,19.465791055913925
16,95,22.83866600368512
16,96,22.292968575507995
16,97,20.81768658531654
17,1,25.02920841852788
17,2,21.663798881157255
17,3,20.369670142614538
17,4,19.49562239138474
17,5,17.363979170424095
17,6,15.561427218105969
17,7,14.799477075903239
17,8,13.776836340884822
17,9,11.23828703946903
17,10,10.02432582821471
17,11,10.008130441070406
17,12,8.235365381057456
17,13,5.255033705147349
17,14,5.546455911637144
17,15,6.198347093544168
17,16,3.793367825467507
17,18,3.7887877583607654
17,19,7.097912183160927
17,20,8.142176155879685
17,21,6.304743757424786
17,22,7.166074125549116
17,23,10.596115176986602
17,24,11.224036698090465
17,25,10.943473571468084
17,26,13.091073954116387
17,27,15.463073284972978
17,28,15.95817944711464
17,29,16.72942476243324
17,30,18.939894540711087
17,31,20.568880944090328
17,32,21.794043242217096
17,33,21.14140315294197
17,34,18.731202209865476
17,35,19.853366174462167
17,36,17.45297297721184
17,37,18.46172435919964
17,38,17.853126736427015
17,39,18.709506806408374
17,40,22.35992259305922
17,41,22.639595722621383
17,42,23.149969023269822
17,43,22.098280178913665
17,44,20.993014176422054
17,45,20.517986071781504
17,46,17.733341668541946
17,47,18.410044463337467
17,48,22.06562005851372
17,49,21.805706286176747
17,50,20.094486909559244
17,51,22.889091341735668
17,52,25.937265992676757
17,53,27.475581916007915
17,54,27.347173486686653
17,55,24.504544828138588
17,56,24.575910524738127
17,57,25.68048612840081
17,58,29.129537022291895
17,59,32.402572188390074
17,60,34.231432968968214
17,61,36.76526851245014
17,62,34.22153302452399
17,63,33.298397798086135
17,64,36.90606349325306
17,65,36.485659206575995
17,66,34.681319478240304
17,67,33.76441040445518
17,68,31.20597069364187
17,69,29.03445391666622
17,70,28.103727675016838
17,71,25.561434137184676
17,72,25.420751139754085
17,73,22.393583409012386
17,74,23.678201137781716
17,75,27.066588115085956
17,76,25.723712682003278
17,77,26.568113655496262
17,78,24.484024590256666
17,79,25.98139334326585
17,80,24.11031881386186
17,81,25.460669775163716
17,82,23.995958712862645
17,83,20.472283272091158
17,84,17.542342427212727
17,85,15.858063520846274
17,86,12.649545756837155
17,87,15.09716825692284
17,88,17.106436166142913
17,89,14.548014817206981
17,90,13.613321846616158
17,91,17.381715486462628
17,92,18.05700538347654
17,93,15.987913372502815
17,94,17.73487392242249
17,95,21.050264642862484
17,96,21.023581030302825
17,97,19.947722062399297
18,1,25.130276661315325
18,2,22.094551099787456
18,3,20.192246338602935
18,4,19.464256874412893
18,5,17.983755201669286
18,6,15.745950317870445
18,7,14.319082667741652
18,8,14.037005933022986
18,9,12.126266301307293
18,10,9.794925854474998
18,11,9.40763526044858
18,12,9.058235270176622
18,13,6.343387906333583
18,14,4.17865287294641
18,15,5.907181318088612
18,16,5.840619655414693
18,17,3.7887877583607654
18,19,3.81365822016552
18,20,5.874802255586122
18,21,5.953575902804749
18,22,6.3324907902786425
18,23,8.9309547365841
18,24,10.448644603210084
18,25,11.146718684203668
18,26,12.525043834575797
18,27,14.613540477068453
18,28,15.987145444337159
18,29,16.963390019891364
18,30,18.472698553061395
18,31,20.128583655434298
18,32,20.69099057221668
18,33,19.434851024062024
18,34,16.739831088866744
18,35,17.298956714748233
18,36,14.505302676524733
18,37,15.10187111928968
18,38,14.184482216360538
18,39,15.035595885090105
18,40,18.64994165314824
18,41,19.07155742272161
18,42,19.555395226021194
18,43,18.762969548952647
