1,2,3.8182168944498396
1,3,7.101148412892673
1,4,9.251862474434565
1,5,10.342719474933096
1,6,13.17520246975781
1,7,13.735522224817432
1,8,12.30743302924523
1,9,9.665583552057642
1,10,11.664183158232614
1,11,13.856000289319093
1,12,17.460368052077794
1,13,17.16092874086192
1,14,19.737533788341544
1,15,18.781174226210258
1,16,21.217561048180706
1,17,22.21060728920172
1,18,17.35758268640753
1,19,17.64797063650279
1,20,16.222626209415136
1,21,12.598565265929325
1,22,13.458815838262648
1,23,15.52118421005742
1,24,12.976131163966018
1,25,10.964459322598909
1,26,14.53365777206501
1,27,15.64407574874206
1,28,12.632412228945565
1,29,13.915612801246038
1,30,17.333532184121673
1,31,16.67549362292035
1,32,15.209922688055682
1,33,18.559566446443725
1,34,20.540666410025445
1,35,20.356705328055657
1,36,22.492550333779157
1,37,19.98742000980802
1,38,20.91469379002852
1,39,21.107640289597438
1,40,18.297336314559885
1,41,20.577702153134325
1,42,23.320926482376155
1,43,21.679984693311084
1,44,20.081775405711024
1,45,23.412333042556
1,46,24.9852471645094
1,47,23.243208342139997
1,48,24.825035975850962
1,49,27.953113480564763
1,50,30.480832030883757
1,51,29.887252634819113
1,52,29.86068920023725
1,53,26.520470652748525
1,54,25.408584937817686
1,55,22.48378144875877
1,56,21.666142142112275
1,57,21.049259427625763
1,58,18.613386741653404
1,59,16.499500067165446
1,60,17.13116258504471
1,61,15.81356361703308
1,62,12.243854886193844
1,63,12.476598404245827
1,64,12.855283561840613
1,65,10.318362845805469
1,66,7.019371044435744
1,67,8.548577058133361
1,68,20.30882706057101
1,69,20.208019678638
1,70,23.264354884133706
1,71,25.127392948342003
1,72,25.28708717844508
1,73,23.930663766265024
1,74,24.844933163877304
1,75,28.46996522147014
1,76,27.752694710405336
1,77,25.430470953456307
1,78,28.151615147827542
1,79,30.682574160780344
1,80,28.627004185467023
1,81,29.036274551320265
1,82,25.565841490722775
1,83,22.564648458733203
1,84,25.25606757533494
1,85,25.51714082599947
1,86,22.07460293054105
1,87,22.18030980483975
1,88,25.780648522992546
1,89,24.68562212732946
1,90,22.81337211135222
1,91,26.006473402865492
1,92,28.951824721600392
1,93,27.416684617552814
1,94,26.69243565645995
1,95,23.28809616172046
1,96,24.54696797318774
1,97,26.160045033795
1,98,23.134231640762817
1,99,21.00520440975082
1,100,23.890571531339756
1,101,24.393376553216292
1,102,20.862757251377865
1,103,21.087524017621707
1,104,24.400891214225428
1,105,23.04481540250451
1,106,20.685543997293614
1,107,23.612951810468143
1,108,25.79170008897601
1,109,23.599640972284273
2,1,3.8182168944498396
2,3,3.7955313065080594
2,4,5.865124189585392
2,5,7.783416524443277
2,6,10.344509272687421
2,7,11.622019000493584
2,8,10.944835805652309
2,9,9.412426908494066
2,10,11.809864412410741
2,11,13.087316350206073
2,12,16.8625523765467
2,13,17.324352541227874
2,14,20.01553518650033
2,15,19.257599005140616
2,16,21.884160153245368
2,17,22.492527727725285
2,18,19.568612677803426
2,19,19.26978654827207
2,20,18.182221929018965
2,21,14.573058586622194
2,22,14.465100082518747
2,23,16.525599838837735
2,24,14.442856816626627
2,25,11.578006293886482
2,26,14.59856550106262
2,27,16.108967348572104
2,28,12.893378412333904
2,29,13.137934127821682
2,30,16.78941943092524
2,31,16.480641040230562
2,32,14.27039964443756
2,33,17.258844180065278
2,34,19.680234326062845
2,35,19.162885253722028
2,36,21.677044554656977
2,37,19.71238064068676
2,38,22.80174868378273
2,39,22.829881045699604
2,40,20.435333234482055
2,41,23.12955796484701
2,42,25.516323441522978
2,43,23.681100150078347
2,44,22.54599099995359
2,45,26.071412648657965
2,46,27.263188284056348
2,47,25.517915803426828
2,48,27.468421933689076
2,49,30.604175284158657
2,50,32.991664849539134
2,51,32.64210836467915
2,52,32.38427660917282
2,53,29.115280961840643
2,54,27.73599153797545
2,55,24.75171093364958
2,56,23.519951639277668
2,57,23.208373299549685
2,58,21.147892743224897
2,59,18.567707160683447
2,60,18.943020172060145
2,61,18.17611587939239
2,62,14.687134393234928
2,63,14.032516145362273
2,64,14.766527276872228
2,65,12.993548866185092
2,66,9.51780777145017
2,67,9.797776693746163
2,68,23.844607974899155
2,69,23.736973895896053
2,70,26.913233257114953
2,71,28.712163957060888
2,72,28.668554781767128
2,73,27.214844540624547
2,74,28.28190992939097
2,75,31.831082672632107
2,76,30.8634296842132
2,77,28.529108912978693
2,78,31.342962534568507
2,79,33.721467498944435
2,80,31.42624858661505
2,81,31.869851441442403
2,82,28.522614226843263
2,83,25.306047919481863
2,84,27.696061365563153
2,85,27.911983384546136
2,86,24.33124622287022
2,87,24.09865622847205
2,88,27.595302297665594
2,89,26.436371514607316
2,90,24.134456554463046
2,91,27.229496394215104
2,92,30.184301892207387
2,93,28.365650255685406
2,94,27.143947018608557
2,95,23.53390036296333
2,96,24.55933275136508
2,97,26.639251210821286
2,98,23.992908257782975
2,99,21.465199888364374
2,100,24.24845539934152
2,101,25.31748789753643
2,102,21.990757174786552
2,103,21.69384903073987
2,104,25.21088442540107
2,105,24.38479526237002
2,106,21.788535523869268
2,107,24.292152848520836
2,108,26.890820292044104
2,109,24.93234957488958
3,1,7.101148412892673
3,2,3.7955313065080594
3,4,3.8309845971604113
3,5,7.16228271523378
3,6,9.819457424229949
3,7,12.233789851148897
3,8,11.819437828541828
3,9,11.198654888044167
3,10,14.170550723313745
3,11,15.02433834712607
3,12,18.802680156255025
3,13,19.569093687773705
3,14,21.989184275506304
3,15,20.98371450937389
3,16,23.375057897864533
3,17,23.391546331474693
3,18,21.02314400576902
3,19,20.048626634549827
3,20,18.938452228687304
3,21,15.638685389784987
3,22,14.723785234101264
3,23,16.267596700028506
3,24,14.485438788443384
3,25,11.068057379096624
3,26,13.349405272103642
3,27,14.86953593760208
3,28,11.561899111417342
3,29,10.88289234728784
3,30,14.497309842971344
3,31,14.423533578124236
3,32,11.667426157441252
3,33,14.25761977076094
3,34,16.96108652551264
3,35,16.286326412086876
3,36,19.123933599078047
3,37,17.61902327548293
3,38,23.78652983232399
3,39,23.329937750749746
3,40,21.276371899960438
3,41,24.253747504414957
3,42,26.195910313310552
3,43,23.992909747173858
3,44,23.279187446838897
3,45,26.971737287796497
3,46,27.651702350254027
3,47,25.7907582420806
3,48,28.107647560649426
3,49,31.276482613424747
3,50,33.390842085223625
3,51,33.305410445226286
3,52,32.721711874001464
3,53,29.580370927178905
3,54,27.907364207159812
3,55,24.94983585997632
3,56,23.241426909262003
3,57,23.264436353277464
3,58,21.702197828764177
3,59,18.679388318633833
3,60,18.758787042696422
3,61,18.680827639409067
3,62,15.40809982464162
3,63,13.884045437275198
3,64,15.151088642531144
3,65,14.271693697445851
3,66,10.793408257170121
3,67,10.060874422282431
3,68,25.897753173080844
3,69,25.68901670145302
3,70,29.094041875685278
3,71,30.775557484052147
3,72,30.31318630732062
3,73,28.68619273499594
3,74,30.042509340980487
3,75,33.42108507279039
3,76,32.056744086289655
3,77,29.813457416798467
3,78,32.818198194848456
3,79,34.8869054934881
3,80,32.329859372882744
3,81,32.97604127217154
3,82,29.85998489349767
3,83,26.448948743117082
3,84,28.52898400965535
3,85,28.476883667910997
3,86,24.762831806974845
3,87,24.365113685690698
3,88,27.62226650678967
3,89,26.233105084378497
3,90,23.605589259325253
3,91,26.658402247542654
3,92,29.452598758435016
3,93,27.284625193282984
3,94,25.612343268018982
3,95,21.9039679887913
3,96,22.567746073379286
3,97,24.98477461967632
3,98,22.754577529329634
3,99,19.869806991386195
3,100,22.45198426902036
3,101,24.02564539334662
3,102,20.97917541285253
3,103,20.19906402087109
3,104,23.83874139438518
3,105,23.571790271549805
3,106,20.88066108587522
3,107,22.94527268853925
3,108,25.92071352314162
3,109,24.34982289861302
4,1,9.251862474434565
4,2,5.865124189585392
4,3,3.8309845971604113
4,5,3.809712724723951
4,6,6.192552339205478
4,7,9.086038013973019
4,8,8.979385839127003
4,9,9.45640161558623
4,10,12.518575539657913
4,11,12.763077818051023
4,12,16.397302235384554
4,13,17.504228075126626
4,14,19.72874217569541
4,15,18.825362577091205
4,16,21.265634018468877
4,17,21.02790569199755
4,18,20.9138902390165
4,19,19.673667303817172
4,20,19.280287762636892
4,21,15.987570453715861
4,22,14.434230825290454
4,23,16.43986128647299
4,24,15.491316896612982
4,25,11.890919507027679
4,26,13.610813435412348
4,27,15.95592975005841
4,28,13.229354069255656
4,29,11.802318913110133
4,30,15.508601773554766
4,31,16.315649525450052
4,32,13.634519908465782
4,33,15.524814372215483
4,34,18.74158869255213
4,35,18.39186466900503
4,36,21.60795520960656
4,37,20.349927163403297
4,38,27.56850075329972
4,39,27.109223873622554
4,40,24.95444109007783
4,41,27.810648158771624
4,42,29.840742108395958
4,43,27.539419041582786
4,44,26.654195713419586
4,45,30.314501425201964
4,46,31.009959564137414
4,47,28.916484913329285
4,48,31.092107383359064
4,49,34.40927229158731
4,50,36.37375506355461
4,51,36.08175128845692
4,52,35.28402394651204
4,53,32.01239341155692
4,54,30.05148661861661
4,55,26.848294079910886
4,56,25.31905866714893
4,57,25.78510482918214
4,58,24.079263303162616
4,59,20.900080820438376
4,60,21.452414599863676
4,61,21.63889468814684
4,62,18.19767757829454
4,63,16.88515044961499
4,64,18.555764516498638
4,65,17.475951833397577
4,66,13.791578354004024
4,67,13.59107213967653
4,68,28.627884586285358
4,69,28.070888903867033
4,70,31.391201791869495
4,71,33.38641004418663
4,72,32.956289681762755
4,73,31.061406442071434
4,74,32.113600390657695
4,75,35.48019426677106
4,76,34.10312653987264
4,77,31.565229080179645
4,78,34.364077733442
4,79,36.51674158068009
4,80,33.77400243908629
4,81,34.07783636364508
4,82,31.002040654049456
4,83,27.467840228514767
4,84,29.212309565904025
4,85,29.531611789388585
4,86,25.906849449350922
4,87,24.955351880099773
4,88,28.211773411380527
4,89,27.22992463210139
4,90,24.299169629095342
4,91,26.975028123876847
4,92,29.994739302242376
4,93,27.998189372330984
4,94,26.14405986179417
4,95,22.37910161780646
4,96,23.371696249708325
4,97,26.125475285068138
4,98,24.08300134375232
4,99,21.360671259475332
4,100,24.1760963991954
4,101,25.999821495015027
4,102,23.212330294617715
4,103,22.600553290092705
4,104,26.34888071852846
4,105,26.31837376581046
4,106,23.887350960609137
4,107,25.905919120437424
4,108,29.006290245719313
4,109,27.690563333310305
5,1,10.342719474933096
5,2,7.783416524443277
5,3,7.16228271523378
5,4,3.809712724723951
5,6,3.821830876536772
5,7,6.193275064819454
5,8,5.400391998598565
5,9,6.63197599255741
5,10,9.768678234759438
5,11,9.91617856022298
5,12,13.377584850940416
5,13,14.352513101660968
5,14,16.26342037097644
5,15,15.3035744337768
5,16,17.74061362607943
5,17,17.458832603840445
5,18,19.049353101090105
5,19,17.81889214851462
5,20,18.125675538926384
5,21,14.842512650661458
5,22,13.050045614296529
5,23,15.669600036297998
5,24,15.39785018197155
5,25,12.065050035466845
5,26,13.609552853656425
5,27,16.589619171884014
5,28,14.51038844847392
5,29,13.133671656361201
5,30,16.82309828283967
5,31,18.20156427741497
5,32,16.04166040032234
5,33,17.70003053430458
5,34,21.075282691923782
5,35,21.246182761499337
5,36,24.574858666457914
5,37,23.12596323716289
5,38,30.202892418309574
5,39,29.80749625825755
5,40,27.3357919585794
5,41,29.89136740138795
5,42,32.18451692502266
5,43,29.86441422575317
5,44,28.577353269621213
5,45,32.11489486869943
5,46,33.01740480546795
5,47,30.678478279859526
5,48,32.51834410551836
5,49,35.98835050136865
5,50,37.868837780626166
5,51,37.21967859783689
5,52,36.319143661389774
5,53,32.86901024496005
5,54,30.745080434233234
5,55,27.308083716568657
5,56,26.20525172372533
5,57,26.971093273945083
5,58,24.923695951740054
5,59,21.81089769315732
5,60,22.977810460886598
5,61,23.17165413611661
5,62,19.530881447577485
5,63,18.777362204741568
5,64,20.7005671199213
5,65,19.16143503621708
5,66,15.356508245278539
5,67,15.98783486619396
5,68,29.393494265884343
5,69,28.451609186533336
5,70,31.591282562731585
5,71,33.94828032755073
5,72,33.64448067799958
5,73,31.508647174135838
5,74,32.13923557578236
5,75,35.50345457233304
5,76,34.24840168352284
5,77,31.39686212217304
5,78,33.89443511084505
5,79,36.216162426920796
5,80,33.405672706876686
5,81,33.29123105658531
5,82,30.2072030845668
5,83,26.6634316758181
5,84,28.17560275955977
5,85,28.959242545528795
5,86,25.525369268548914
5,87,24.12948624851385
5,88,27.456897120164903
5,89,26.989489705299473
5,90,23.98457902353553
5,91,26.300165768879893
5,92,29.59004439228802
5,93,27.985976834985735
5,94,26.28568179147218
5,95,22.58945865608787
5,96,24.131682162119386
5,97,26.915958727861337
5,98,24.790924214229925
5,99,22.489702304818184
5,100,25.644651052192042
5,101,27.355969096462957
5,102,24.676683588225494
5,103,24.548934310868255
5,104,28.320900469915962
5,105,28.198309039467567
5,106,26.130283677970063
5,107,28.388027493578033
5,108,31.39045772039686
5,109,30.171237962893787
6,1,13.17520246975781
6,2,10.344509272687421
6,3,9.819457424229949
6,4,6.192552339205478
6,5,3.821830876536772
6,7,3.7828852961409902
6,8,5.4258690202758375
6,9,8.231709934514884
6,10,10.233806005742176
6,11,8.90610802497521
6,12,11.877293517414579
6,13,13.785221992480277
6,14,15.834866336785833
6,15,15.613291862966092
6,16,18.36472066550303
6,17,18.13477048440132
6,18,21.94119067564172
6,19,20.801989859020505
6,20,21.505602090066372
6,21,18.24314447479434
6,22,16.40121428444322
6,23,19.174557226199635
6,24,19.140635403410972
6,25,15.844737931211261
6,26,17.162047213456933
6,27,20.257702904769495
6,28,18.22654772234154
6,29,16.57099206792146
6,30,20.16960918310806
6,31,21.66954258162623
6,32,19.25517647941041
6,33,20.62257295872653
6,34,24.12877602798992
6,35,24.0486287642138
6,36,27.455694092204748
6,37,26.314167192167396
6,38,33.07230242070242
6,39,32.890318388002676
6,40,30.547365957603464
6,41,33.197053970969876
6,42,35.504654426476066
6,43,33.31032082214224
6,44,32.11210498611247
6,45,35.658295544518296
6,46,36.61317203087357
6,47,34.37669068288924
6,48,36.24182417827825
6,49,39.673490976815955
6,50,41.62417739377492
6,51,40.98794280329619
6,52,40.13075011750641
6,53,36.672956079934174
6,54,34.55651376004544
6,55,31.100765076848262
6,56,30.017050235035228
6,57,30.783553006154914
6,58,28.71541793270415
6,59,25.629849678316166
6,60,26.75152932270681
6,61,26.874684324132375
6,62,23.227081935050382
6,63,22.443026497215296
6,64,24.188584355133596
6,65,22.59987325915296
6,66,18.828698703405607
6,67,19.314312320508034
6,68,32.765880461632634
6,69,31.903715893356754
6,70,34.93061368847982
6,71,37.330092722141586
6,72,37.19741029985214
6,73,35.125742670188004
6,74,35.63576542902502
6,75,39.04789329402949
6,76,37.90559957253246
6,77,34.98560397704408
6,78,37.36384524956433
6,79,39.784971103557275
6,80,36.99064915579075
6,81,36.71188448685184
6,82,33.60404782669602
6,83,30.09831713574708
6,84,31.52526355296347
6,85,32.50185732715201
6,86,29.145708601633956
6,87,27.582273149208113
6,88,30.886935596750565
6,89,30.590912314536453
6,90,27.51213536019418
6,91,29.635152632693707
6,92,32.97731432382189
6,93,31.423878724045036
6,94,29.592695605294807
6,95,25.909529733267846
6,96,27.424763074431983
6,97,30.37218863557817
6,98,28.40666778905427
6,99,26.065172407484624
6,100,29.15036865567962
6,101,31.01722045831712
6,102,28.405107414123435
6,103,28.13328456069224
6,104,31.917915139266274
6,105,31.897038702764387
6,106,29.72315557041753
6,107,31.848365440835714
6,108,34.92960670417268
6,109,33.67016510004419
7,1,13.735522224817432
7,2,11.622019000493584
7,3,12.233789851148897
7,4,9.086038013973019
7,5,6.193275064819454
7,6,3.7828852961409902
7,8,3.805891580229714
7,9,6.921580152854287
7,10,7.560766993651458
7,11,5.372282766403329
7,12,8.114437651467776
7,13,10.302772140603382
7,14,12.597675086570495
7,15,13.008485941395687
7,16,16.162970446258097
7,17,16.526030392778285
7,18,21.39230988102523
7,19,20.769839439570255
7,20,21.84087261653231
7,21,18.48721118149519
7,22,17.095370537110316
7,23,20.334399752358042
7,24,20.35576725661047
7,25,17.475705041159582
7,26,19.131075256985543
7,27,22.31883636100958
7,28,20.433693670783306
7,29,19.25241266503671
7,30,22.90751496377063
7,31,24.34986627324625
7,32,22.209408985316475
7,33,23.837230909655926
7,34,27.25139012425633
7,35,27.294790372695406
7,36,30.59805898261735
7,37,29.176620831105055
7,38,34.29042600865758
7,39,34.415632043973986
7,40,31.85289668384681
7,41,34.2595325291447
7,42,36.863370947628255
7,43,34.88973906245657
7,44,33.3809358153674
7,45,36.77458627754908
7,46,38.07357120889991
7,47,35.85573664650605
7,48,37.41355016975311
7,49,40.84761303431365
7,50,42.93371640234314
7,51,42.03538459184699
7,52,41.349753632182164
7,53,37.776224642266655
7,54,35.79300218517268
7,55,32.26733154966878
7,56,31.58873672596981
7,57,32.25009066516729
7,58,29.822584259489815
7,59,27.02229981257197
7,60,28.446373900373263
7,61,28.217438666029423
7,62,24.452563753457355
7,63,24.2088201999457
7,64,25.746820640237722
7,65,23.659313754359324
7,66,19.96171013325749
7,67,21.007164861706578
7,68,32.889694564054395
7,69,31.965738747166558
7,70,34.71179256933923
7,71,37.301779915043795
7,72,37.502721732405526
7,73,35.480098360321456
7,74,35.62486564429378
7,75,39.113064672176726
7,76,38.294440261000034
7,77,35.21605778281359
7,78,37.308235986237726
7,79,39.991286977478765
7,80,37.36350971959936
7,81,36.764353047795055
7,82,33.530124023433046
7,83,30.195092981799487
7,84,31.694825260302892
7,85,33.04541817304557
7,86,29.88710566491135
7,87,28.260236424735332
7,88,31.70580914142377
7,89,31.75446984721835
7,90,28.86869482195159
7,91,30.86639870299239
7,92,34.382295589715326
7,93,33.18179086429121
7,94,31.670634925403633
7,95,28.07861004649833
7,96,29.929878555732614
7,97,32.69153878948568
7,98,30.46967684899686
7,99,28.419238529055523
7,100,31.69392020286866
7,101,33.26546681764669
7,102,30.518408208423825
7,103,30.59388289976434
7,104,34.340580536460315
7,105,34.00008384034946
7,106,31.937662125085495
7,107,34.345371291023376
7,108,37.22499688044274
7,109,35.76764335513274
8,1,12.30743302924523
8,2,10.944835805652309
8,3,11.819437828541828
8,4,8.979385839127003
8,5,5.400391998598565
8,6,5.4258690202758375
8,7,3.805891580229714
8,9,3.78207023381115
8,10,5.552633135693089
8,11,5.392601346020533
8,12,8.443939057574442
8,13,9.155202681663404
8,14,10.925316008835544
8,15,10.3706298671815
8,16,13.251323434967086
8,17,13.558608646458834
8,18,17.630100024351908
8,19,16.990830078493232
8,20,18.188877120277304
8,21,14.924575103296016
8,22,13.555088420212396
8,23,16.960455330314627
8,24,17.182120114764214
8,25,14.626840413588841
8,26,16.31409224383319
8,27,19.594983902721047
8,28,18.076704315419573
8,29,17.227814029577473
8,30,20.804029263524107
8,31,22.37096459534774
8,32,20.73303669953967
8,33,22.462758367121513
8,34,25.775096453262634
8,35,26.27156997011663
8,36,29.532013478615646
8,37,27.774992946505066
8,38,33.17604416525479
8,39,33.10858515343851
8,40,30.2870667810828
8,41,32.4332148396003
8,42,35.133131446896016
8,43,33.0315207562724
8,44,31.246511598440456
8,45,34.53975397393416
8,46,35.87942345099043
8,47,33.4449304014869
8,48,34.78410306878556
8,49,38.31642846911996
8,50,40.265920108501625
8,51,39.1614189058861
8,52,38.372269787349
8,53,34.73434501766721
8,54,32.66591123100289
8,55,29.065175844459045
8,56,28.62848220398836
8,57,29.449934269831193
8,58,26.88431070187785
8,59,24.15176395193582
8,60,25.927373619293572
8,61,25.774088079178178
8,62,21.980707752111982
8,63,22.0619932635336
8,64,23.86113451680147
8,65,21.629990693226063
8,66,17.934169447965377
8,67,19.47832080495184
8,68,30.28118698352037
8,69,29.051407056436073
8,70,31.77429337128872
8,71,34.52583954799371
8,72,34.62470117323586
8,73,32.40666730346555
8,74,32.4090035990533
8,75,35.82053539448541
8,76,34.968426111255184
8,77,31.786783736854066
8,78,33.78593677001209
8,79,36.45809568566565
8,80,33.789570050300206
8,81,33.08498785098104
8,82,29.895651317520976
8,83,26.55497063517602
8,84,27.967086056863877
8,85,29.426162703747842
8,86,26.363340407391014
8,87,24.63702715054489
8,88,28.09971899063791
8,89,28.316287100347896
8,90,25.51079784513086
8,91,27.42386839306206
8,92,31.00822578115317
8,93,30.0192848711837
8,94,28.746831386182027
8,95,25.258173576064383
8,96,27.402548933231014
8,97,29.98427933414022
8,98,27.6104370524598
8,99,25.86955759599196
8,100,29.32507838778979
8,101,30.675426854772606
8,102,27.9698919350559
8,103,28.423165522681977
8,104,32.12211550058864
8,105,31.652741731358287
8,106,29.899981456396176
8,107,32.515782625663675
8,108,35.25585450188868
8,109,33.90895724698179
9,1,9.665583552057642
9,2,9.412426908494066
9,3,11.198654888044167
9,4,9.45640161558623
9,5,6.63197599255741
9,6,8.231709934514884
9,7,6.921580152854287
9,8,3.78207023381115
9,10,3.829712639868626
9,11,6.168727204372485
9,12,9.469840891234426
9,13,8.956361751397832
9,14,10.918077356125016
9,15,9.916573803199608
9,16,12.729180912859746
9,17,13.626554537898185
9,18,14.873810963336293
9,19,14.776134645244156
9,20,15.597524948340363
9,21,12.09067875790225
9,22,11.536828811754965
9,23,15.089108207964495
9,24,14.8160897748423
9,25,12.716773376388486
9,26,15.059875806201674
9,27,18.003949795090335
9,28,16.424367944846413
9,29,16.364108848354597
9,30,19.937330642513373
9,31,21.095691680640645
9,32,19.83042960982662
9,33,22.042254848085197
9,34,25.020424433053268
9,35,25.632152153579742
9,36,28.619060420049067
9,37,26.455065446167183
9,38,30.452431021714904
9,39,30.473330050875454
9,40,27.449857058671427
9,41,29.350857869478396
9,42,32.22642510046627
9,43,30.258042291991377
9,44,28.230069722034443
9,45,31.387421983875843
9,46,32.94735233301551
9,47,30.548905044505513
9,48,31.670899306632293
9,49,35.170648152398556
9,50,37.22530808479911
9,51,35.99427477204595
9,52,35.389400802596114
9,53,31.71821902618631
9,54,29.86189136521088
9,55,26.311637246870486
9,56,26.121336390325247
9,57,26.69242397066648
9,58,23.895226059213233
9,59,21.451511455932263
9,60,23.355093566862777
9,61,22.8672683965422
9,62,19.0531997486989
9,63,19.602093397544394
9,64,21.204525834747336
9,65,18.636650965492734
9,66,15.09264483184067
9,67,17.1530140634385
9,68,26.659207496403685
9,69,25.435790414149924
9,70,28.080140276961796
9,71,30.852016709651963
9,72,31.075269694743024
9,73,28.941195091361674
9,74,28.86568519613363
9,75,32.34112180918865
9,76,31.65791944220396
9,77,28.503200226080274
9,78,30.482350884316247
9,79,33.27087330784716
9,80,30.78278857498671
9,81,30.11018429753404
9,82,26.77654718083405
9,83,23.5530157672715
9,84,25.28363775838167
9,85,26.728352541589615
9,86,23.694709340456175
9,87,22.287603202319904
9,88,25.91384255006045
9,89,26.081411777423067
9,90,23.603230663175655
9,91,25.74325787384943
9,92,29.321549561668633
9,93,28.467424846521794
9,94,27.58186765630321
9,95,24.17797865467971
9,96,26.423463887129035
9,97,28.631566785320665
9,98,25.90844460349916
9,99,24.360518410913954
9,100,27.88199893889534
9,101,28.81895270318721
9,102,25.89955760213544
9,103,26.65223160118815
9,104,30.234674606316002
9,105,29.385239578935888
9,106,27.726843654210395
9,107,30.61870980779494
9,108,33.08777881756215
9,109,31.553204527971626
10,1,11.664183158232614
10,2,11.809864412410741
10,3,14.170550723313745
10,4,12.518575539657913
10,5,9.768678234759438
10,6,10.233806005742176
10,7,7.560766993651458
10,8,5.552633135693089
10,9,3.829712639868626
10,11,3.8153466123301585
10,12,6.48839667046336
10,13,5.605121944569652
10,14,8.335896981114086
10,15,8.496086050774197
10,16,11.947084847855178
10,17,13.759322757493457
10,18,16.213603008822897
10,19,16.813657964178844
10,20,17.92889767995058
10,21,14.512730138528092
10,22,14.52967180529677
10,23,18.22600491530607
10,24,17.922832841149784
10,25,16.208642851674735
10,26,18.685224008101216
10,27,21.54555997999015
10,28,19.981282506203733
10,29,20.134791756085143
10,30,23.700297130606682
10,31,24.72924168952519
10,32,23.473011375090895
10,33,25.80319344430216
10,34,28.724720170343975
10,35,29.22451519230016
10,36,32.11782457244419
10,37,29.88317429802941
10,38,32.10034554941882
10,39,32.51187807796744
10,40,29.422097569219723
10,41,31.135482338717807
10,42,34.23533450853651
10,43,32.58301494757654
10,44,30.38760986876752
10,45,33.36452418187484
10,46,35.24711746223287
10,47,33.0059531336285
10,48,33.877812816086355
10,49,37.27904232776774
10,50,39.512269912957215
10,51,38.10974619551599
10,52,37.75093256353678
10,53,34.04603165369829
10,54,32.41600799912275
10,55,28.910489574466077
10,56,29.037357156954858
10,57,29.402040677038936
10,58,26.36047322123455
10,59,24.272033645791588
10,60,26.257041964380072
10,61,25.380931773847152
10,62,21.595255511587055
10,63,22.522493993618237
10,64,23.7395207220436
10,65,20.81199234628724
10,66,17.52741040640549
10,67,19.812055105951817
10,68,27.781756703746545
10,69,26.65266198423619
10,70,28.922061602912603
10,71,31.79569585536594
10,72,32.44356220308477
10,73,30.4976158138046
10,74,30.071547149014947
10,75,33.6148806614388
10,76,33.33066455855418
10,77,30.109606893061752
10,78,31.77273258044307
10,79,34.82392879080998
10,80,32.59448135124485
10,81,31.633513863664785
10,82,28.186987782553487
10,83,25.250868881264825
10,84,27.0884121248624
10,85,28.85635897142235
10,86,26.07293050732876
10,87,24.70944644927902
10,88,28.387082359036377
10,89,28.82466536621037
10,90,26.585487382001784
10,91,28.598273578610762
10,92,32.24293614584435
10,93,31.65744043122798
10,94,30.99631823768958
10,95,27.694603754120212
10,96,30.065519210656788
10,97,32.142899374179066
10,98,29.290633294701777
10,99,27.903823250509475
10,100,31.449203203163865
10,101,32.188044121754835
10,102,29.171833204000542
10,103,30.06449390374153
10,104,33.57153464865215
10,105,32.47926230390398
10,106,30.818724484838423
10,107,33.842341803722256
10,108,36.14168667553467
10,109,34.383246115533574
11,1,13.856000289319093
11,2,13.087316350206073
11,3,15.02433834712607
11,4,12.763077818051023
11,5,9.91617856022298
11,6,8.90610802497521
11,7,5.372282766403329
11,8,5.392601346020533
11,9,6.168727204372485
11,10,3.8153466123301585
11,12,3.8029964864992873
11,13,5.435152291685235
11,14,8.589415719843746
11,15,9.879223943273473
11,16,13.557683365777352
11,17,15.112753433082057
11,18,19.749496533021613
11,19,20.04651356592636
11,20,21.33137030226299
11,21,17.937186406650437
11,22,17.474281497105906
11,23,21.11615702650447
11,24,20.975246594325288
11,25,18.82765465541283
11,26,21.03125521896647
11,27,24.07903762842076
11,28,22.350124851781818
11,29,21.98474391418912
11,30,25.64692741220827
11,31,26.827806977327022
11,32,25.148153824240154
11,33,27.24021054104353
11,34,30.392902818130903
11,35,30.62463528459196
11,36,33.68216896931133
11,37,31.779099832735305
11,38,34.39795749324176
11,39,34.905740917519246
11,40,32.02885854071598
11,41,33.99626228377902
11,42,36.99036215287208
11,43,35.35435556173866
11,44,33.39724093595402
11,45,36.49736035204717
11,46,38.281140486886365
11,47,36.12971862754995
11,48,37.20918625310379
11,49,40.585578632308106
11,50,42.856211727857
11,51,41.60145477131669
11,52,41.214965200273994
11,53,37.538412391006254
11,54,35.84280353649629
11,55,32.323284814089305
11,56,32.22430863475836
11,57,32.63523294324079
11,58,29.7433921593277
11,59,27.462074576836407
11,60,29.238743283329704
11,61,28.47064992299961
11,62,24.666809404306132
11,63,25.220544382803034
11,64,26.407218178725
11,65,23.67500896173694
11,66,20.266367879682914
11,67,22.088356008251942
11,68,31.272987079693756
11,69,30.30145038263757
11,70,32.606246585580195
11,71,35.395536242260896
11,72,36.06256659710111
11,73,34.17741468940782
11,74,33.840464656021005
11,75,37.39831046102708
11,76,37.068200775606066
11,77,33.86706949671821
11,78,35.5686260851321
11,79,38.588311117594536
11,80,36.291587816464826
11,81,35.33712429599907
11,82,31.932310468161955
11,83,28.936288088170596
11,84,30.650871198479432
11,85,32.40655856115345
11,86,29.555722125763868
11,87,28.051808258858195
11,88,31.66629440636357
11,89,32.07541064055542
11,90,29.61540029670506
11,91,31.55474691413718
11,92,35.207379325163984
11,93,34.47250362830871
11,94,33.51296940407936
11,95,30.09667656563622
11,96,32.32156579530373
11,97,34.68043807020523
11,98,32.041497129487475
11,99,30.411287975204083
11,100,33.87922633330491
11,101,34.922616184705696
11,102,31.962000387289326
11,103,32.54475576574919
11,104,36.15770948609808
11,105,35.29270866295336
11,106,33.421992829464166
11,107,36.24128020902049
11,108,38.74502993976722
11,109,36.99683297098344
12,1,17.460368052077794
12,2,16.8625523765467
12,3,18.802680156255025
12,4,16.397302235384554
12,5,13.377584850940416
12,6,11.877293517414579
12,7,8.114437651467776
12,8,8.443939057574442
12,9,9.469840891234426
12,10,6.48839667046336
12,11,3.8029964864992873
12,13,3.826316556476502
12,14,6.705678282459216
12,15,9.307024196411488
12,16,12.995451919984099
12,17,14.913293915609733
12,18,21.47397276124235
12,19,21.983518590348517
12,20,23.709306910228797
12,21,20.552468172752572
12,22,20.138051598457732
12,23,23.87772418989566
12,24,24.040208291797274
12,25,22.128223789322046
12,26,24.165112430616436
12,27,27.335724082240773
12,28,25.845778029749354
12,29,25.455138569210458
12,30,29.045990169737678
12,31,30.392691725449048
12,32,28.808640110731783
12,33,30.786238529328887
12,34,33.99796519109353
12,35,34.32130891895855
12,36,37.4246523793413
12,37,35.51815282969393
12,38,37.77312202745725
12,39,38.41089473898047
12,40,35.46608999443418
12,41,37.28168756379127
12,42,40.387684958489686
12,43,38.83965161417349
12,44,36.74179298480097
12,45,39.72384808889418
12,46,41.6442295979977
12,47,39.464417163253735
12,48,40.35299352921166
12,49,43.72995105874585
12,50,45.99512712071846
12,51,44.55923486822367
12,52,44.19318256517163
12,53,40.47152156988142
12,54,38.77520965531305
12,55,35.21585294126993
12,56,35.35865958754301
12,57,35.848891060049674
12,58,32.823111806728335
12,59,30.676694175970326
12,60,32.64933409712714
12,61,31.83055520195153
12,62,28.03746878512809
12,63,28.793197347323463
12,64,29.97092792407936
12,65,27.09896032845704
12,66,23.78745887522754
12,67,25.774950826193773
12,68,33.92817646547439
12,69,32.8392376352717
12,70,34.87687866165034
12,71,37.81769144543004
12,72,38.67439924408644
12,73,36.768931709735966
12,74,36.11996502493671
12,75,39.62948702068413
12,76,39.49336326365701
12,77,36.16830614060858
12,78,37.56604851038325
12,79,40.7081268974347
12,80,38.490888396945394
12,81,37.22164759080333
12,82,33.86023252602771
12,83,31.03226492426393
12,84,32.581421761390466
12,85,34.657523564736955
12,86,32.04798333962129
12,87,30.35032259046333
12,88,33.90708648193102
12,89,34.651290675826935
12,90,32.25143987759798
12,91,33.912359769896234
12,92,37.64308012427746
12,93,37.171351416484434
12,94,36.31508148962598
12,95,33.008234702748716
12,96,35.42581715443881
12,97,37.77762860190713
12,98,35.148196553221815
12,99,33.71184322569856
12,100,37.25786208507936
12,101,38.252673015102616
12,102,35.35829339823835
12,103,36.09494113768506
12,104,39.689839652818364
12,105,38.78184574038091
12,106,37.03080119751066
12,107,39.91084316034791
12,108,42.36379951192308
12,109,40.61666421695335
13,1,17.16092874086192
13,2,17.324352541227874
13,3,19.569093687773705
13,4,17.504228075126626
13,5,14.352513101660968
13,6,13.785221992480277
13,7,10.302772140603382
13,8,9.155202681663404
13,9,8.956361751397832
13,10,5.605121944569652
13,11,5.435152291685235
13,12,3.826316556476502
13,14,3.781814963266033
13,15,6.327792844425351
13,16,10.042776765241241
13,17,12.605526059348371
13,18,18.510534882066025
13,19,19.4176031283119
13,20,21.314846403460137
13,21,18.384096714460128
13,22,18.378534743757136
13,23,22.180710991811537
13,24,22.44037927949081
13,25,21.074332564484365
13,26,23.18806427163814
13,27,26.263816371338105
13,28,25.10510723484753
13,29,25.13420087900929
13,30,28.57769679282508
13,31,29.908992822973275
13,32,28.77844064494497
13,33,30.88502397744246
13,34,33.925449959196
13,35,34.57443069307277
13,36,37.5643867173925
13,37,35.35119480593412
13,38,37.19344019840146
13,39,37.77573816430866
13,40,34.59630169037708
13,41,36.07602880961426
13,42,39.32395711946715
13,43,37.78757470428019
13,44,35.38985648973398
13,45,38.17369374821938
13,46,40.2394591995923
13,47,37.94153483723229
13,48,38.512928726273586
13,49,41.91126996763471
13,50,44.101088326688014
13,51,42.41119220000551
13,52,42.05697002140754
13,53,38.29659082388055
13,54,36.64534192224914
13,55,33.0872681579169
13,56,33.593507443703814
13,57,34.12093720139397
13,58,30.904071336381474
13,59,29.020488152607495
13,60,31.307860984025268
13,61,30.403525613734892
13,62,26.668258743907177
13,63,27.85990926546672
13,64,29.093783246613995
13,65,26.00805406148382
13,66,22.882064354270103
13,67,25.345437576886418
13,68,31.738751653967356
13,69,30.396051376981244
13,70,32.22340374243814
13,71,35.34188024918936
13,72,36.264264897501896
13,73,34.26688838741096
13,74,33.33114196949045
13,75,36.761843577212474
13,76,36.77146946119162
13,77,33.35350630010412
13,78,34.503683836874686
13,79,37.728507969244845
13,80,35.616819012878324
13,81,34.13200805818084
13,82,30.79071317183817
13,83,28.138879180395723
13,84,29.65317886025511
13,85,31.95020276070185
13,86,29.586214186800362
13,87,27.876718498800948
13,88,31.423907966605366
13,89,32.42169277395993
13,90,30.27085529604556
13,91,31.796505989094218
13,92,35.55597873377268
13,93,35.40006459409012
13,94,34.89180688427847
13,95,31.777050156372695
13,96,34.45090143193511
13,97,36.53034848119523
13,98,33.728030314894774
13,99,32.65446946308794
13,100,36.311351445376104
13,101,36.996477215291996
13,102,34.12412295024466
13,103,35.24513796756515
13,104,38.719267453334
13,105,37.59522715126086
13,106,36.13977850750964
13,107,39.230530474278055
13,108,41.46276380790762
13,109,39.741092826699486
14,1,19.737533788341544
14,2,20.01553518650033
14,3,21.989184275506304
14,4,19.72874217569541
14,5,16.26342037097644
14,6,15.834866336785833
14,7,12.597675086570495
14,8,10.925316008835544
14,9,10.918077356125016
14,10,8.335896981114086
14,11,8.589415719843746
14,12,6.705678282459216
14,13,3.781814963266033
14,15,3.8119560100039536
14,16,6.996599968831011
14,17,9.7568898249032
14,18,17.752187583779104
14,19,18.560805864169602
14,20,21.026950460417705
14,21,18.607649348231092
14,22,18.40142701839779
14,23,22.146081860068946
14,24,22.97353779358611
14,25,21.946833125971736
14,26,23.63633690505335
14,27,26.852103313629893
14,28,26.21243096554118
14,29,26.18187951791498
14,30,29.38783324815572
14,31,31.05021294942282
14,32,30.241506507259935
14,33,32.09688395695054
14,34,35.167502826049784
14,35,36.169270635856584
14,36,39.23888427878543
14,37,36.978632085480605
14,38,39.7398364090741
14,39,40.11703148043166
14,40,36.8070258314378
14,41,38.1024281004477
14,42,41.35613322494147
14,43,39.6586853633641
14,44,37.0927421978735
14,45,39.77605923587294
14,46,41.790795855834574
14,47,39.26029938236229
14,48,39.636634472283774
14,49,43.12618320563501
14,50,45.084482950769605
14,51,43.17634459039268
14,52,42.6129952620544
14,53,38.821554424911774
14,54,36.98099911268789
14,55,33.35273938114432
14,56,34.10586594217607
14,57,34.95973668088935
14,58,31.711635138436524
14,59,29.85973327634361
14,60,32.4760928753586
14,61,31.811223938581627
14,62,28.135179103982463
14,63,29.464337517188863
14,64,31.010544954076373
14,65,27.964744675421343
14,66,24.865921309172677
14,67,27.523428565142094
14,68,33.04829609369058
14,69,31.319104294057578
14,70,33.014264890357325
14,71,36.34553831927751
14,72,37.15181040775443
14,73,34.894145409165255
14,74,33.69013042812359
14,75,36.92675663890975
14,76,36.899291245054066
14,77,33.31836081256922
14,78,34.178390817438185
14,79,37.356179188808625
14,80,35.160907294264476
14,81,33.35479704999489
14,82,30.225381140435616
14,83,27.656183430287285
14,84,28.75222193120709
14,85,31.357235262915182
14,86,29.290953230639087
14,87,27.224881257807997
14,88,30.580468117947692
14,89,31.988862330224727
14,90,29.85666944748631
14,91,30.950391370567154
14,92,34.74985099577259
14,93,34.92148913500915
14,94,34.539299043636156
14,95,31.64325977609816
14,96,34.58590361280599
14,97,36.622826858848704
14,98,33.91748288057379
14,99,33.18309932342676
14,100,36.93383134769328
14,101,37.5800331926844
14,102,34.947322356076654
14,103,36.32741972392269
14,104,39.750723271936806
14,105,38.70281930415695
14,106,37.57020814184314
14,107,40.693044547499156
14,108,42.89452843386466
14,109,41.40564067581886
15,1,18.781174226210258
15,2,19.257599005140616
15,3,20.98371450937389
15,4,18.825362577091205
15,5,15.3035744337768
15,6,15.613291862966092
15,7,13.008485941395687
15,8,10.3706298671815
15,9,9.916573803199608
15,10,8.496086050774197
15,11,9.879223943273473
15,12,9.307024196411488
15,13,6.327792844425351
15,14,3.8119560100039536
15,16,3.787500716670404
15,17,6.500254718135289
15,18,14.420824908075142
15,19,14.966288319542485
15,20,17.668336251096708
15,21,15.563291618274869
15,22,15.189071416034645
15,23,18.842505628715273
15,24,20.00288841887601
15,25,19.259107185400435
15,26,20.679075923856477
15,27,23.896873225308713
15,28,23.64940131746493
15,29,23.69306900863314
15,30,26.667480041160065
15,31,28.490432390741542
15,32,28.02680574515989
15,33,29.754660184770902
15,34,32.73791236171807
15,35,34.05660878583574
15,36,37.110437864771235
15,37,34.75979941319625
15,38,38.593135926490326
15,39,38.65550057604537
15,40,35.26209758926182
15,41,36.45647234452523
15,42,39.62479773598625
15,43,37.70517735270083
15,44,35.065205005987735
15,45,37.723340417958575
15,46,39.58182722044094
15,47,36.841183709939884
15,48,37.16003275733467
15,49,40.73976363795715
15,50,42.47355532966206
15,51,40.49612079246813
15,52,39.71355930503005
15,53,35.92063780434164
15,54,33.89757385593795
15,55,30.223344681571387
15,56,31.050667253260738
15,57,32.15629181303105
15,58,28.96630659209675
15,59,27.063933275736666
15,60,29.8851422172443
15,61,29.48634111101323
15,62,25.883765759970853
15,63,27.25593042337575
15,64,29.114034731361134
15,65,26.208818152032613
15,66,23.12778227358314
15,67,25.913138872097136
15,68,31.16863277714075
15,69,29.13926712706511
15,70,30.956666496018055
15,71,34.37118673660918
15,72,34.88474670312234
15,73,32.37481835978938
15,74,31.187332180571268
15,75,34.29414981486456
15,76,34.04416769819408
15,77,30.39739839961709
15,78,31.27590929329816
15,79,34.30930541459905
15,80,31.941611840824155
15,81,30.11992988810552
15,82,27.119523410458086
15,83,24.435267169219074
15,84,25.301999714231147
15,85,27.93039879480795
15,86,25.92058709138107
15,87,23.668945014755746
15,88,26.94118128002608
15,89,28.463009266107555
15,90,26.313708029385655
15,91,27.255976794790907
15,92,31.05859273689637
15,93,31.33745051984287
15,94,31.042367260240866
15,95,28.276958199814203
15,96,31.35990534757373
15,97,33.30809673288658
15,98,30.642450757796905
15,99,30.130454290374757
15,100,33.9213488152365
15,101,34.511661936160074
15,102,32.05203511712839
15,103,33.61727525951634
15,104,36.97548921011303
15,105,35.99946784535605
15,106,35.12612314014109
15,107,38.2536023652375
15,108,40.42234218890044
15,109,39.16077413642069
16,1,21.217561048180706
16,2,21.884160153245368
16,3,23.375057897864533
16,4,21.265634018468877
16,5,17.74061362607943
16,6,18.36472066550303
16,7,16.162970446258097
16,8,13.251323434967086
16,9,12.729180912859746
16,10,11.947084847855178
16,11,13.557683365777352
16,12,12.995451919984099
16,13,10.042776765241241
16,14,6.996599968831011
16,15,3.787500716670404
16,17,3.802283724790639
16,18,13.348888440226057
16,19,13.728100285344073
16,20,16.955217810719684
16,21,15.630860948543946
16,22,15.14070625604666
16,23,18.46951974161488
16,24,20.183052822165504
16,25,19.949020914463112
16,26,20.889226228952847
16,27,24.058943801561362
16,28,24.40440943106438
16,29,24.503434884430078
16,30,27.098538263406574
16,31,29.16002730247995
16,32,29.123788022055255
16,33,30.613943875305296
16,34,33.49309365022983
16,35,35.18543498907331
16,36,38.2169111803064
16,37,35.79420121971392
16,38,40.425256166601876
16,39,40.254761983246794
16,40,36.76378633258347
16,41,37.72933291439398
16,42,40.853198905297276
16,43,38.7865353280694
16,44,35.99935680262419
16,45,38.500273022753355
16,46,40.2717330184958
16,47,37.31878533131948
16,48,37.41421189243858
16,49,41.041541102572815
16,50,42.4959568315849
16,51,40.31084444522829
16,52,39.30735840793021
16,53,35.538461344364016
16,54,33.34679527159802
16,55,29.673533381018643
