1,2,3.7738677940855356
1,3,6.820883551753008
1,4,10.185491673722375
1,5,13.093179789765292
1,6,16.083230515447653
1,7,19.236817511797952
1,8,22.560849844181696
1,9,25.79745202523693
1,10,28.862015322220365
1,11,32.023577336115125
1,12,32.81804989329939
1,13,36.18287553234651
1,14,37.62463590650851
1,15,38.2887476735975
1,16,41.91428687122959
1,17,43.112986256942044
1,18,44.618426998477865
1,19,43.12332539062569
1,20,40.609606680591256
1,21,37.20734637288766
1,22,33.55720080710615
1,23,30.834233404836603
1,24,27.3059484893477
1,25,23.94277182908471
1,26,21.36787061315827
1,27,17.773515115162358
1,28,15.286958160773855
1,29,12.167685869200639
1,30,9.82234092455781
1,31,6.872691566541103
1,32,7.367720169894447
1,33,11.087857073056389
1,34,12.990240271143579
1,35,14.89955001316545
1,36,18.442751813489345
1,37,20.652237654737164
1,38,24.35296355533048
1,39,27.1143562181197
1,40,29.52055994723879
1,41,33.23903655051834
1,42,34.852227855009794
1,43,32.00344360701801
1,44,32.12157511393078
1,45,29.93063002076004
1,46,31.442416782372625
1,47,31.84631181406416
1,48,32.85870546005969
1,49,29.48559692056694
1,50,28.207674535212572
1,51,24.833589179598924
1,52,23.797536379698165
1,53,21.703959770890574
1,54,17.92580338263457
1,55,17.216485918477076
1,56,14.855286920919895
1,57,15.556921190950002
1,58,15.82445400283302
1,59,12.465279412745407
1,60,11.125000758649145
1,61,10.338642339975667
1,62,12.529287729438469
1,63,15.834026354449676
1,64,18.749187913354913
1,65,22.317021352747904
1,66,24.269427360641938
1,67,27.969656029687574
1,68,31.417000695166628
1,69,35.00214091477448
1,70,36.639338465054344
1,71,39.6972950971864
1,72,39.0504711418863
1,73,41.69685135173699
1,74,42.45942518837424
1,75,41.39729763235134
1,76,38.38477422300492
1,77,34.9874807808653
1,78,31.78789696041396
1,79,28.122600655529247
1,80,24.64690962832087
1,81,22.700096315694157
1,82,18.95162049830013
1,83,16.986861539820197
1,84,13.244653661638454
1,85,11.190146236251296
1,86,10.240019372940758
1,87,14.075456137930832
1,88,16.609921331310524
1,89,19.203468290764466
1,90,19.31894355610281
1,91,20.19496740383042
1,92,23.616082301635437
1,93,24.46228041114585
1,94,28.173784294474007
1,95,29.846462312520554
1,96,31.525802153908366
1,97,34.890217666702746
1,98,36.18406494570927
1,99,33.392701167414906
2,1,3.7738677940855356
2,3,3.8038835158218847
2,4,6.5979151594761625
2,5,9.731984423120512
2,6,12.911826052050648
2,7,15.91730111594963
2,8,19.407554406974953
2,9,22.54645096914608
2,10,25.776593944304754
2,11,29.02235935801166
2,12,30.106539349971435
2,13,33.41896451244415
2,14,34.68253438188699
2,15,35.14825428144442
2,16,38.7311837924153
2,17,39.799332213887766
2,18,41.3865760767544
2,19,40.05948214444788
2,20,37.648898374738785
2,21,34.30364654012105
2,22,30.708238087533758
2,23,27.789657253150676
2,24,24.375719500134373
2,25,20.865587812382955
2,26,18.552046772095974
2,27,14.851883170773073
2,28,12.780067319322566
2,29,9.950458793961607
2,30,7.216419928549566
2,31,5.083844119695623
2,32,6.191444739846121
2,33,9.69406699249066
2,34,11.113572830434219
2,35,12.224778886728043
2,36,15.532848125397292
2,37,17.53845645924738
2,38,21.133767145431797
2,39,23.80798359429227
2,40,26.04687341587485
2,41,29.74008721290701
2,42,31.228967651782884
2,43,28.377498060583523
2,44,28.6563088664005
2,45,26.632371959517528
2,46,28.279128192549685
2,47,28.956132514666756
2,48,30.133179150463786
2,49,26.76230889433248
2,50,25.80152426194726
2,51,22.568087278569884
2,52,21.96135717670129
2,53,20.351961760478268
2,54,16.606838308116757
2,55,16.367123700394966
2,56,14.25641759230533
2,57,15.086050059398973
2,58,16.072096348057883
2,59,12.766676959778431
2,60,11.54527731696186
2,61,9.508134066493525
2,62,11.167166234968892
2,63,13.891165766476847
2,64,16.54538112957097
2,65,19.901304366992157
2,66,21.567145953307996
2,67,25.21871637423307
2,68,28.5848947572576
2,69,32.16577771671035
2,70,33.566549058185224
2,71,36.528320454974825
2,72,35.722097305055996
2,73,38.249449731244056
2,74,38.90843217653476
2,75,37.76810247747624
2,76,34.809020772262635
2,77,31.363139763080536
2,78,28.24239961286051
2,79,24.539193855390472
2,80,21.12852946633835
2,81,19.133196629986433
2,82,15.430330889926019
2,83,13.56235772326124
2,84,9.925805020230703
2,85,8.19245780595495
2,86,6.704391899271233
2,87,10.49745872395837
2,88,13.326137995901568
2,89,15.692262992483181
2,90,15.681799928480414
2,91,16.43575120736258
2,92,19.87852390071547
2,93,20.790422309423374
2,94,24.528461104910562
2,95,26.348530025794084
2,96,28.034009042246787
2,97,31.46878407680661
2,98,32.80102875974747
2,99,30.151714717218848
3,1,6.820883551753008
3,2,3.8038835158218847
3,4,3.7577813685406953
3,5,6.560355763396156
3,6,9.331443947347411
3,7,12.600960956987393
3,8,15.947095540094743
3,9,19.273287555161982
3,10,22.388657187120167
3,11,25.72181750008168
3,12,26.816201229343623
3,13,30.01935339468042
3,14,31.185450848059123
3,15,31.799884409800686
3,16,35.44181695712286
3,17,36.684536957029415
3,18,38.40484511589343
3,19,36.99515668937559
3,20,34.728006847662996
3,21,31.29071052194274
3,22,27.773920700465492
3,23,24.851121160954126
3,24,21.383260358915077
3,25,17.92516974768017
3,26,15.410431058139638
3,27,11.851643869211182
3,28,9.553230018655741
3,29,6.558383744624223
3,30,4.582253512607041
3,31,4.725632854008879
3,32,7.155361963712357
3,33,9.622407298889183
3,34,11.41505360677684
3,35,11.579693301906781
3,36,14.687632898970712
3,37,15.916336403416276
3,38,19.40829262492631
3,39,21.650272013895297
3,40,23.95730827207869
3,41,27.538547109671264
3,42,29.093618765157782
3,43,26.525446950868904
3,44,27.04766453214576
3,45,25.095001408678364
3,46,26.516191882527277
3,47,27.486108920835232
3,48,28.439396269989775
3,49,24.90601731816729
3,50,23.916954735945463
3,51,20.627930815705913
3,52,20.002526317080136
3,53,18.869367481941875
3,54,15.255657219448766
3,55,14.799167477134699
3,56,12.474420028407254
3,57,12.825192365385583
3,58,14.117369570021497
3,59,10.926476654263805
3,60,10.33016974435916
3,61,7.490206705970231
3,62,9.248830176503231
3,63,11.377571100192288
3,64,14.227514154352434
3,65,17.297695416936957
3,66,19.180879407837494
3,67,22.683011752305138
3,68,26.14646014826962
3,69,29.591567953258448
3,70,30.912713226411256
3,71,33.732160726454175
3,72,32.80739596788511
3,73,35.37528418714742
3,74,35.981980143965636
3,75,35.08428912144576
3,76,32.202723118872086
3,77,28.744036120334183
3,78,25.597866189044677
3,79,21.948231630606486
3,80,18.657656579374038
3,81,17.18899096887399
3,82,13.605803992218679
3,83,12.62905262887533
3,84,9.50206341035048
3,85,9.16327343397687
3,86,6.929597701434517
3,87,10.067385149211738
3,88,13.457781001743305
3,89,15.195312365548713
3,90,14.589609756245672
3,91,14.506122522991415
3,92,17.669983839627175
3,93,18.01754354144888
3,94,21.672161876199944
3,95,23.25402377358706
3,96,24.77094623058359
3,97,28.138299080325037
3,98,29.366343454261155
3,99,26.585534267349743
4,1,10.185491673722375
4,2,6.5979151594761625
4,3,3.7577813685406953
4,5,3.8363955020059386
4,6,6.808184187812585
4,7,9.684252246251706
4,8,13.292046868507423
4,9,16.413488335784645
4,10,19.772810810297987
4,11,23.205913140626972
4,12,24.717454249812082
4,13,27.814817822178117
4,14,28.71990146852398
4,15,29.039954440995942
4,16,32.606166043856796
4,17,33.652826991002236
4,18,35.47781467596653
4,19,34.31076077364932
4,20,32.189744226227006
4,21,28.860756566216928
4,22,25.451797005526288
4,23,22.271813738246202
4,24,19.029877319590405
4,25,15.39925428695863
4,26,13.402777944435773
4,27,9.844942715035199
4,28,8.56428325887037
4,29,6.7397900616208215
4,30,4.978916080650288
4,31,6.852684871524831
4,32,8.916012453799606
4,33,10.45828613748459
4,34,11.329338398739212
4,35,10.28574895812913
4,36,12.674196482737976
4,37,13.448699148034878
4,38,16.64165727143504
4,39,18.6945383199041
4,40,20.70802451873498
4,41,24.228294888632135
4,42,25.583623865148795
4,43,23.014011432280558
4,44,23.775965832330833
4,45,22.096586405826628
4,46,23.706249169154336
4,47,25.04066010343798
4,48,26.219089814856524
4,49,22.762586387841576
4,50,22.243268102757064
4,51,19.25858285096838
4,52,19.24971155991163
4,53,18.77004469860044
4,54,15.444811355570971
4,55,15.618488880351721
4,56,13.852472007857305
4,57,14.353031308382587
4,58,16.252360351731248
4,59,13.461877293484145
4,60,12.979107770078103
4,61,9.526585668884314
4,62,10.210042823560688
4,63,11.152438347637151
4,64,13.311656466380768
4,65,15.867247630286737
4,66,17.233724282592195
4,67,20.570857225736095
4,68,23.84959143858189
4,69,27.25040732122605
4,70,28.228026950502773
4,71,30.90066016064707
4,72,29.75558554226003
4,73,32.14308154672144
4,74,32.5994016907096
4,75,31.576734988286532
4,76,28.774449318390893
4,77,25.243784836422
4,78,22.227722086395634
4,79,18.524162061416952
4,80,15.368768675161403
4,81,13.86103747668844
4,82,10.464824936418713
4,83,9.866654453949042
4,84,7.455410628019983
4,85,8.099391744297474
4,86,5.416070628215669
4,87,7.354757214193668
4,88,10.97928235689188
4,89,12.132847825947907
4,90,11.270870915923386
4,91,10.825946965118531
4,92,13.991525727100106
4,93,14.419554221152367
4,94,18.12861791037399
4,95,19.959834004904522
4,96,21.47850984844265
4,97,24.95965632328235
4,98,26.240297072986955
4,99,23.683789333724786
5,1,13.093179789765292
5,2,9.731984423120512
5,3,6.560355763396156
5,4,3.8363955020059386
5,6,3.7724948666729494
5,7,6.1927074104358555
5,8,9.754049084104054
5,9,12.832103112505715
5,10,16.128198232277853
5,11,19.474310934014692
5,12,20.919265062155212
5,13,24.075575020614618
5,14,25.11587106529093
5,15,25.453387819164394
5,16,29.034425422163157
5,17,30.160957540522006
5,18,31.894580813984295
5,19,30.601978593162016
5,20,28.435500700655066
5,21,25.068325922133905
5,22,21.64510370288136
5,23,18.522378805447865
5,24,15.217908334423411
5,25,11.629743889593877
5,26,9.578473900913336
5,27,6.071694329973219
5,28,5.405473137912088
5,29,5.246972981603863
5,30,4.587501748620331
5,31,7.952946129185604
5,32,9.959511947029092
5,33,10.081311689950034
5,34,10.95612283454805
5,35,9.044781278968438
5,36,10.960786664986673
5,37,10.814813421658835
5,38,13.883110866930767
5,39,15.567723937758213
5,40,17.86464788088405
5,41,21.31518171283993
5,42,22.99248613065415
5,43,20.751510588836243
5,44,21.41846658782382
5,45,19.56944071837282
5,46,20.77395571997715
5,47,22.18138112607621
5,48,23.06468746507963
5,49,19.503361840102833
5,50,18.923620273731704
5,51,15.975237080848686
5,52,16.09000592185529
5,53,16.137921446199893
5,54,13.198161115607542
5,55,13.593859236317567
5,56,12.32139197365965
5,57,12.949865034095577
5,58,15.510169315211368
5,59,13.472001477780573
5,60,12.91778191576129
5,61,9.133654648567793
5,62,8.730521335516125
5,63,8.412654904129077
5,64,10.117272646827415
5,65,12.2665543276074
5,66,13.656489142424562
5,67,16.88282535328931
5,68,20.21725710577999
5,69,23.55080679675262
5,70,24.59485272036057
5,71,27.287137907082275
5,72,26.261375862323824
5,73,28.818188095823583
5,74,29.481322902694288
5,75,28.66551644347627
5,76,25.75163964743346
5,77,22.347909163457203
5,78,19.130309675458268
5,79,15.548392196709484
5,80,12.323758421962166
5,81,11.467011001509817
5,82,8.27156172723159
5,83,8.970185424565992
5,84,7.659604186914995
5,85,9.86134937206505
5,86,8.17591402937678
5,87,8.984065545585857
5,88,12.715277527052931
5,89,12.744506024296898
5,90,10.763601948807677
5,91,9.56306935429041
5,92,11.990228733323152
5,93,11.851589837926719
5,94,15.383183665514474
5,95,16.778186086849804
5,96,18.5514666396437
5,97,21.85765363632222
5,98,23.410057311353484
5,99,20.835287665797487
6,1,16.083230515447653
6,2,12.911826052050648
6,3,9.331443947347411
6,4,6.808184187812585
6,5,3.7724948666729494
6,7,3.7981169959269296
6,8,6.76842888377717
6,9,10.30082335396436
6,10,13.331699734144618
6,11,16.88106458671022
6,12,18.406423002351268
6,13,21.290856269463085
6,14,22.076507509908577
6,15,22.6654919487829
6,16,26.336031805563294
6,17,27.73859067153135
6,18,29.72452104728253
6,19,28.343810946269315
6,20,26.471489257088354
6,21,22.998656448847253
6,22,19.79856188872323
6,23,16.703291626143063
6,24,13.448850489404911
6,25,10.155294837545997
6,26,7.923626516116268
6,27,5.584075018354942
6,28,5.192940771333374
6,29,5.971658332940414
6,30,7.451394172187779
6,31,11.15203777729901
6,32,13.392778161355766
6,33,13.174621009554391
6,34,14.261357630721722
6,35,12.00674648108292
6,36,13.291333711974403
6,37,12.094974062637212
6,38,14.513601015407872
6,39,15.289515428735225
6,40,17.461165132973804
6,41,20.545069910662352
6,42,22.181748670430736
6,43,20.446711538426573
6,44,21.52178165054516
6,45,19.95305547293049
6,46,20.821884274169673
6,47,22.62090824997132
6,48,23.187410832642907
6,49,19.579948540376613
6,50,19.028426554771414
6,51,16.231180896100945
6,52,16.32212890696984
6,53,17.030154716642233
6,54,14.59993276861154
6,55,14.620921342510572
6,56,13.249595979165358
6,57,13.08972059129851
6,58,15.59584991301363
6,59,13.99362511088708
6,60,14.246202926996311
6,61,10.644139792698082
6,62,10.373463305014209
6,63,9.02584262084989
6,64,10.55052981295162
6,65,11.724531717454939
6,66,13.315752820478144
6,67,15.992699906872968
6,68,19.311929202418952
6,69,22.2964947380693
6,70,23.131031781900436
6,71,25.50490556009379
6,72,24.233655139578495
6,73,26.779362763675593
6,74,27.281035765462
6,75,26.841382382971876
6,76,24.146130541079017
6,77,20.758323024962074
6,78,17.64783177830648
6,79,14.304708807733089
6,80,11.630400699422967
6,81,11.882702774159856
6,82,9.601826616344335
6,83,11.452512664811275
6,84,11.024421607473455
6,85,13.460370752868902
6,86,11.479808591289032
6,87,11.660521059416931
6,88,15.112882649518056
6,89,14.674004675046742
6,90,12.463895137719765
6,91,10.145523588291406
6,92,11.667878980589673
6,93,10.350812903505066
6,94,13.502654518374237
6,95,14.439392759360732
6,96,15.761274263293453
6,97,18.957596074631805
6,98,20.24319929777658
6,99,17.4292670630119
7,1,19.236817511797952
7,2,15.91730111594963
7,3,12.600960956987393
7,4,9.684252246251706
7,5,6.1927074104358555
7,6,3.7981169959269296
7,8,3.797861395732895
7,9,6.757808040804171
7,10,10.135513745376784
7,11,13.646425953873827
7,12,15.564359865438554
7,13,18.431876415754388
7,14,19.14415181425977
7,15,19.356280038044936
7,16,22.940715123113836
7,17,24.14704232764568
7,18,26.075866142309454
7,19,24.837044122433674
7,20,22.98769349069565
7,21,19.632261801509113
7,22,16.507857475845434
7,23,13.20285376715329
7,24,10.222726939981913
7,25,6.847200164784628
7,26,5.730806383176209
7,27,4.617777984445151
7,28,6.644922999432041
7,29,8.986864379930916
7,30,10.069364145647235
7,31,13.716624433295198
7,32,15.518642444468034
7,33,14.542226078819562
7,34,14.963053540408907
7,35,11.995625220789353
7,36,12.208622341468077
7,37,10.050572017164404
7,38,11.713311299417812
7,39,11.885897861129498
7,40,13.971253316790197
7,41,16.89825761980839
7,42,18.65026605308354
7,43,17.189159492432726
7,44,18.282903166586443
7,45,16.818749603049685
7,46,17.49994296947539
7,47,19.576089412269905
7,48,20.130179255998137
7,49,16.64715622791223
7,50,16.52700347429859
7,51,14.236614630254861
7,52,15.023303583435016
7,53,16.49675606395224
7,54,14.735425350105357
7,55,15.428789261608738
7,56,14.919529306879822
7,57,15.188405192472032
7,58,18.13536441900907
7,59,17.071291365710756
7,60,17.00194219422822
7,61,13.393812850466059
7,62,12.170017136447791
7,63,9.799201757417451
7,64,9.91296638626531
7,65,9.97020015493756
7,66,10.75029559193589
7,67,12.988583252311923
7,68,16.041756423301866
7,69,18.924775112145696
7,70,19.50667373883249
7,71,21.81741992854758
7,72,20.50531428718543
7,73,23.046157616723946
7,74,23.65350859415731
7,75,23.196219347684877
7,76,20.415248774400553
7,77,17.101790005352573
7,78,13.903431353424931
7,79,10.660121625298059
7,80,8.149426782802601
7,81,9.195417807227056
7,82,7.906879132788737
7,83,10.823272604985851
7,84,11.631705606783722
7,85,14.755840155464012
7,86,13.389107589185704
7,87,12.65701121863363
7,88,15.787621870220931
7,89,14.41763167535363
7,90,11.548253385887946
7,91,8.742076371933011
7,92,9.11050726611846
7,93,7.270476177463297
7,94,10.126900002206687
7,95,10.85216540384209
7,96,12.620689682268669
7,97,15.756804300055439
7,98,17.490693001912675
7,99,15.011593818805746
8,1,22.560849844181696
8,2,19.407554406974953
8,3,15.947095540094743
8,4,13.292046868507423
8,5,9.754049084104054
8,6,6.76842888377717
8,7,3.797861395732895
8,9,3.8251959076311577
8,10,6.578897107212855
8,11,10.212212471734512
8,12,12.153541988502882
8,13,14.801630742477856
8,14,15.433741525096623
8,15,15.904635279346998
8,16,19.5872362579702
8,17,21.12439889411766
8,18,23.152341955304937
8,19,21.704557485402717
8,20,20.06758234629093
8,21,16.607743420044155
8,22,13.739817632107671
8,23,10.643028577522742
8,24,7.858247066057105
8,25,5.549528399052429
8,26,4.917221291314173
8,27,6.414914850225609
8,28,8.531950060702322
8,29,11.354497833424805
8,30,13.151453755391342
8,31,16.875057701176342
8,32,18.708456356229892
8,33,17.34095211168204
8,34,17.924347117687077
8,35,14.921643919998605
8,36,14.744568307427254
8,37,11.899930212604842
8,38,12.726676098814353
8,39,11.798364914453654
8,40,13.823193666530866
8,41,16.12847384461232
8,42,18.059441109997312
8,43,17.370825836949443
8,44,18.572685496010205
8,45,17.257601742847132
8,46,17.27907083672946
8,47,19.534045907647933
8,48,19.55924931239202
8,49,16.171747431970637
8,50,16.00419775355759
8,51,14.081932655295905
8,52,14.855230784487002
8,53,16.99658438820786
8,54,15.960306869403867
8,55,16.463289230427755
8,56,16.211691774484944
8,57,16.1221848674731
8,58,19.077395919505918
8,59,18.648452702556288
8,60,18.887633709798727
8,61,15.586162695201619
8,62,14.20518395783794
8,63,11.181963338144365
8,64,10.755363140866086
8,65,9.525520351719578
8,66,10.297465306433379
8,67,11.544872197866548
8,68,14.405288341729994
8,69,16.766288295967026
8,70,17.225871349197803
8,71,19.233230091872247
8,72,17.86555350212425
8,73,20.549229252263
8,74,21.235468324148037
8,75,21.31064542116352
8,76,18.67278769793963
8,77,15.654452826988022
8,78,12.522000751166386
8,79,10.035604598986922
8,80,8.523325078765676
8,81,10.915015792715039
8,82,10.674355199019834
8,83,14.03768131944063
8,84,15.207057632243547
8,85,18.46999810184788
8,86,17.185972345122842
8,87,16.347184752210154
8,88,19.311627100613077
8,89,17.622590604048607
8,90,14.587097779512538
8,91,11.483283740317185
8,92,10.6878076372125
8,93,7.755314278672523
8,94,9.256321132506226
8,95,8.684914295277045
8,96,10.237894380342178
8,97,12.875834901435976
8,98,14.677052595582976
8,99,12.026589450445437
9,1,25.79745202523693
9,2,22.54645096914608
9,3,19.273287555161982
9,4,16.413488335784645
9,5,12.832103112505715
9,6,10.30082335396436
9,7,6.757808040804171
9,8,3.8251959076311577
9,10,3.802172581749592
9,11,7.191833737695836
9,12,9.879756545737647
9,13,12.340964644680417
9,14,12.815828371560954
9,15,12.660531905973839
9,16,16.20690328501262
9,17,17.48351981263901
9,18,19.440505900954903
9,19,18.177908430802084
9,20,16.61236856210532
9,21,13.34530967448288
9,22,10.721543484176678
9,23,7.352368472055935
9,24,5.566599554105921
9,25,4.467804930104235
9,26,6.324715610716655
9,27,8.763118129075957
9,28,11.654504367628398
9,29,14.832755471088234
9,30,16.25510866493253
9,31,19.840752724543222
9,32,21.358035037455906
9,33,19.576543307607974
9,34,19.643284179129157
9,35,16.32619594610136
9,36,15.285440362176653
9,37,11.854274481109362
9,38,11.512106513263623
9,39,9.539499818604458
9,40,11.200075275485656
9,41,12.946747360994474
9,42,15.027635776390378
9,43,14.926204359256243
9,44,16.103428479818415
9,45,15.031927014629009
9,46,14.658922145697932
9,47,17.217277124774373
9,48,17.14174460701522
9,49,14.120931332063245
9,50,14.54829755399805
9,51,13.501542580796123
9,52,15.003983250037866
9,53,17.777810263923396
9,54,17.429017091517412
9,55,18.464191892824218
9,56,18.863793570467053
9,57,19.12700022304462
9,58,22.28445792237541
9,59,22.13874191807198
9,60,22.11448050764858
9,61,18.840539350458883
9,62,16.96694792364073
9,63,13.610982594794883
9,64,12.164004589142701
9,65,9.906193262011449
9,66,9.449074762737183
9,67,9.555443959424617
9,68,11.692862055471243
9,69,13.679003645678309
9,70,13.679050985902634
9,71,15.508818104689137
9,72,14.058379492246655
9,73,16.774404551890868
9,74,17.64734156676278
9,75,17.78912831420017
9,76,15.06621547616148
9,77,12.300547504206033
9,78,9.133665543882314
9,79,7.38152986872516
9,80,6.9634897306488295
9,81,10.331986714250494
9,82,11.342146906610187
9,83,15.067659167687962
9,84,17.005198240433053
9,85,20.534839475280297
9,86,19.680508885095
9,87,18.32307991196406
9,88,20.919917340818124
9,89,18.624210819379694
9,90,15.321821779589714
9,91,12.241626604628772
9,92,10.277649157598331
9,93,7.140216002772867
9,94,7.148974436868071
9,95,5.499559808218108
9,96,7.851801142609991
9,97,10.043038400090706
9,98,12.57732050637159
9,99,10.634883589843179
10,1,28.862015322220365
10,2,25.776593944304754
10,3,22.388657187120167
10,4,19.772810810297987
10,5,16.128198232277853
10,6,13.331699734144618
10,7,10.135513745376784
10,8,6.578897107212855
10,9,3.802172581749592
10,11,3.792526322915257
10,12,6.573005984143597
10,13,8.619637130044369
10,14,9.128330819582116
10,15,9.454240594501492
10,16,13.170723149562637
10,17,15.018172669537437
10,18,16.993765088238412
10,19,15.315442890901311
10,20,14.014198952562014
10,21,10.601480645074888
10,22,8.528068139199506
10,23,6.063199958094407
10,24,5.374839625699015
10,25,6.710658664795985
10,26,8.297644687236359
10,27,11.561343370992526
10,28,14.079304560769147
10,29,17.338959530515908
10,30,19.198047604418875
10,31,22.80786547991289
10,32,24.374735648691114
10,33,22.373359862263694
10,34,22.682197554591703
10,35,19.513033361113695
10,36,18.46622756728545
10,37,14.896303200901661
10,38,14.19527978879963
10,39,11.634751982927659
10,40,13.146058476009143
10,41,14.030929138077044
10,42,16.244707983640552
10,43,16.955162623474166
10,44,18.034524403038805
10,45,17.05711747841425
10,46,15.958901517323838
10,47,18.396948902250575
10,48,17.651249852866453
10,49,14.921554598723995
10,50,15.121642693592465
10,51,14.484789962691849
10,52,15.733967896478823
10,53,18.88355141687461
10,54,19.136531903297428
10,55,19.900758448483703
10,56,20.456811515924382
10,57,20.43373788178332
10,58,23.480378185526583
10,59,23.85606172297237
10,60,24.046406853000406
10,61,21.093416378023246
10,62,19.198165941539393
10,63,15.613583226290732
10,64,14.01337195255136
10,65,11.07263429227084
10,66,10.782096112709036
10,67,9.69299685160702
10,68,11.279710126877372
10,69,12.311859281668989
10,70,12.246490631874623
10,71,13.590377004483475
10,72,12.259289286759971
10,73,15.215063220524813
10,74,16.314986535686703
10,75,17.244358317453617
10,76,14.80484406674469
10,77,12.766946468902319
10,78,10.054654467204047
10,79,9.682598968467381
10,80,10.140039223481127
10,81,13.764508347438149
10,82,14.982417973121704
10,83,18.72050084266535
10,84,20.61823881714532
10,85,24.173914545556613
10,86,23.33023928814287
10,87,22.099852509011793
10,88,24.715624454710117
10,89,22.385480416063157
10,90,19.066904161827523
10,91,15.986818592843614
10,92,13.761545581229528
10,93,10.491784133368416
10,94,9.422843343533492
10,95,6.36531033400463
10,96,7.91881645686548
10,97,8.645372834891434
10,98,11.246258779655868
10,99,9.326270286130478
11,1,32.023577336115125
11,2,29.02235935801166
11,3,25.72181750008168
11,4,23.205913140626972
11,5,19.474310934014692
11,6,16.88106458671022
11,7,13.646425953873827
11,8,10.212212471734512
11,9,7.191833737695836
11,10,3.792526322915257
11,12,3.794923336816527
11,13,5.439431535285297
11,14,6.5644893593278875
11,15,6.697198576724353
11,16,10.253264984627418
11,17,12.31038520577262
11,18,13.861280042735375
11,19,11.77755499301008
11,20,10.421786340898242
11,21,6.959947528781831
11,22,5.572519089611932
11,23,4.610847352616623
11,24,5.926505447553882
11,25,8.858362408156813
11,26,10.833775264770674
11,27,14.39462583626198
11,28,16.998094054996656
11,29,20.44845141162824
11,30,22.24380475375791
11,31,25.726236164362422
11,32,27.100561714043966
11,33,24.743299919450177
11,34,24.94455503076588
11,35,21.82658379417769
11,36,20.48094506744253
11,37,16.773233823013904
11,38,15.525433874377606
11,39,12.498248295520575
11,40,13.860498225863608
11,41,13.964847512206148
11,42,16.452561020116352
11,43,17.832866115178113
11,44,18.51431964811215
11,45,17.526758602593436
11,46,15.694405857900437
11,47,17.89477774834576
11,48,16.561514167526923
11,49,14.35747108757913
11,50,14.605842697650978
11,51,14.732636009355208
11,52,16.11615208999764
11,53,19.626075010826735
11,54,20.57247469033078
11,55,21.48926362114782
11,56,22.520048316868692
11,57,22.664937271181504
11,58,25.777847168574915
11,59,26.567612822947428
11,60,26.588529946037447
11,61,23.84650163335617
11,62,21.645434955595178
11,63,17.90122417110618
11,64,15.795898372665237
11,65,12.321732928651135
11,66,11.571809497568644
11,67,9.267427694733769
11,68,9.803934625610783
11,69,9.743323741281618
11,70,9.591844228598829
11,71,10.607147159832017
11,72,9.828058907095976
11,73,13.142840368776346
11,74,14.854631657377242
11,75,16.30389060033185
11,76,13.926505220787726
11,77,12.848420394784537
11,78,10.513115031087043
11,79,11.341151619064133
11,80,12.308395874502594
11,81,16.051014607055826
11,82,17.63498265460585
11,83,21.37605586636264
11,84,23.471975486148104
11,85,27.141472917229194
11,86,26.614389866439364
11,87,25.349352630603423
11,88,27.894339880308813
11,89,25.353796566119907
11,90,21.892162675393102
11,91,19.03949442131014
11,92,16.487660248694958
11,93,13.497163757998091
11,94,11.783281239103335
11,95,8.229582230080938
11,96,9.782276124677933
11,97,9.069400690765013
11,98,12.02620898653571
11,99,10.89080060876901
12,1,32.81804989329939
12,2,30.106539349971435
12,3,26.816201229343623
12,4,24.717454249812082
12,5,20.919265062155212
12,6,18.406423002351268
12,7,15.564359865438554
12,8,12.153541988502882
12,9,9.879756545737647
12,10,6.573005984143597
12,11,3.794923336816527
12,13,3.8171809633960283
12,14,6.955250171695413
12,15,8.338375870890081
12,16,11.460700275658215
12,17,14.000994448579382
12,18,14.898636438364617
12,19,11.994950791245607
12,20,10.239958738951707
12,21,6.544716192707742
12,22,5.201542621230161
12,23,6.375396229063615
12,24,7.021062126542261
12,25,10.455766715173015
12,26,11.613910109945474
12,27,15.402477480317682
12,28,17.55571627321493
12,29,21.024765772309845
12,30,23.050064851691314
12,31,26.397035273734776
12,32,27.73550743315536
12,33,25.14575740312288
12,34,25.710704908389367
12,35,22.94903422455638
12,36,21.93386953198329
12,37,18.377772008323902
12,38,17.480342913690983
12,39,14.770294119990641
12,40,16.670407043929007
12,41,16.88676110553793
12,42,19.703633961292
12,43,21.057643121726503
12,44,21.294112469901847
12,45,19.848897862441312
12,46,17.560807691247206
12,47,19.112142894011107
12,48,17.09553935335354
12,49,14.883148467444693
12,50,14.296176018937201
12,51,14.325884976198118
12,52,15.040419525061845
12,53,18.566677233080114
12,54,19.99037487130211
12,55,20.579772610943536
12,56,21.80659425474535
12,57,21.865109756119764
12,58,24.88470166933589
12,59,26.205529635407075
12,60,26.201447549098226
12,61,23.87906288155517
12,62,21.598642352893947
12,63,17.825828929820936
12,64,15.714353670511237
12,65,12.088568159929835
12,66,11.973302268172874
12,67,9.451379820974566
12,68,10.115458505970155
12,69,9.623215803956358
12,70,10.575572577151679
12,71,11.790968416750651
12,72,12.040674024699415
12,73,15.55897523772002
12,74,17.67962503824058
12,75,19.428186776292495
12,76,17.05382527543477
12,77,16.359029242774792
12,78,13.939311919683183
12,79,14.673052086361745
12,80,15.090475288134023
12,81,18.662736249747443
12,82,19.808899840825468
12,83,23.41583242156757
12,84,25.17369218089564
12,85,28.819292337776975
12,86,28.42271026891205
12,87,27.579255015016624
12,88,30.394056505238474
12,89,28.0531448419981
12,90,24.495936230280293
12,91,21.825959752429455
12,92,19.59291182703738
12,93,16.708817308300986
12,94,15.38639078645138
12,95,11.948738021769582
12,96,13.423494570149762
12,97,12.500557808337174
12,98,15.09842931336851
12,99,13.665360457426479
13,1,36.18287553234651
13,2,33.41896451244415
13,3,30.01935339468042
13,4,27.814817822178117
13,5,24.075575020614618
13,6,21.290856269463085
13,7,18.431876415754388
13,8,14.801630742477856
13,9,12.340964644680417
13,10,8.619637130044369
13,11,5.439431535285297
13,12,3.8171809633960283
13,14,3.8250407804283904
13,15,6.077997008180793
13,16,8.777746866314136
13,17,11.943190782970492
13,18,13.071208999906577
13,19,10.027978707495633
13,20,9.42377221622341
13,21,6.52458875342282
13,22,7.335402371839956
13,23,8.96544604927784
13,24,10.461198141274386
13,25,13.785827060982797
13,26,15.072926522609794
13,27,18.83266037200964
13,28,20.91472176200853
13,29,24.248046108034
13,30,26.44899279407021
13,31,29.89781483195998
13,32,31.345642080638978
13,33,28.861938065932485
13,34,29.41209692509083
13,35,26.55336277213215
13,36,25.40590273498434
13,37,21.7602827928252
13,38,20.552412515189896
13,39,17.503552799591237
13,40,18.812093978472735
13,41,18.361955056461138
13,42,20.773227749759013
13,43,22.658717941602433
13,44,23.19671130050613
13,45,22.233232196207396
13,46,19.900085393300955
13,47,21.67646167283219
13,48,19.645183473929833
13,49,17.903391255859127
13,50,17.650965031702505
13,51,18.01372906272731
13,52,18.779096457494852
13,53,22.313065190023213
13,54,23.783870812570296
13,55,24.247684167278067
13,56,25.32126424214193
13,57,25.096573098833016
13,58,27.90295561332564
13,59,29.26933078758337
13,60,29.54913555621756
13,61,27.267562074650236
13,62,25.18317476661848
13,63,21.44303059229808
13,64,19.482249885395984
13,65,15.88979315611818
13,66,15.648340806859677
13,67,12.900858737777149
13,68,12.854661759890137
13,69,11.42193892627268
13,70,11.497508695689623
13,71,11.471756610756485
13,72,11.414664821431858
13,73,14.498187271272174
13,74,16.39067291269846
13,75,18.79452005671425
13,76,17.068853695874097
13,77,16.904967314712998
13,78,15.246278676889094
13,79,16.622360659127086
13,80,17.725827556905017
13,81,21.45128226795475
13,82,22.91917162298655
13,83,26.618118289713063
13,84,28.52122585840778
13,85,32.16163784841154
13,86,31.582232083136855
13,87,30.548572763552734
13,88,33.21012751345809
13,89,30.75612089010283
13,90,27.299319411480163
13,91,24.416437584468035
13,92,21.893955575066318
13,93,18.789206837654575
13,94,16.87163389118155
13,95,13.161309494097702
13,96,13.786600583472127
13,97,11.868553923859544
13,98,14.00511318723844
13,99,13.063142370728889
14,1,37.62463590650851
14,2,34.68253438188699
14,3,31.185450848059123
14,4,28.71990146852398
14,5,25.11587106529093
14,6,22.076507509908577
14,7,19.14415181425977
14,8,15.433741525096623
14,9,12.815828371560954
14,10,9.128330819582116
14,11,6.5644893593278875
14,12,6.955250171695413
14,13,3.8250407804283904
14,15,3.794834069978501
14,16,6.595750697256659
14,17,10.10338012396607
14,18,12.184307767268422
14,19,9.898173563984976
14,20,10.57293305219388
14,21,8.45952643794612
14,22,9.862347497891504
14,23,10.626364433835711
14,24,12.433363494867152
14,25,15.301456011376365
14,26,16.824034525699926
14,27,20.407000984514962
14,28,22.5609307900696
14,29,25.724781407270086
14,30,27.977232133253793
14,31,31.580243358974165
14,32,33.175733156829494
14,33,30.96096773404238
14,34,31.382082483580483
14,35,28.29896230104362
14,36,27.002263737527997
14,37,23.283060596662004
14,38,21.850098622034157
14,39,18.56733789368494
14,40,19.217985848129345
14,41,18.360785418336
14,42,20.148311736035232
14,43,22.318593657995088
14,44,23.414485806861144
14,45,23.053647334053096
14,46,21.08269259328633
14,47,23.36375261637368
14,48,21.772430664212138
14,49,20.176958770659184
14,50,20.443405476789334
14,51,20.849034353357577
14,52,21.88619837473804
14,53,25.40051769793349
14,54,26.546423558951805
14,55,27.02416049895161
14,56,27.796111597153875
14,57,27.361658037903496
14,58,30.04953276887391
14,59,31.106321882559314
14,60,31.65722851210508
14,61,29.170381478112127
14,62,27.336988931413167
14,63,23.653874008105806
14,64,21.89964706360864
14,65,18.44245366548229
14,66,18.009399926380066
14,67,15.40574829796413
14,68,15.19029389124054
14,69,13.715807429575284
14,70,12.773080163475866
14,71,11.832704304430344
14,72,10.6691783693428
14,73,13.011942080382635
14,74,14.152270555044897
14,75,16.917730781834813
14,76,15.857956208066978
14,77,15.754636312361034
14,78,14.82222743963688
14,79,16.50929784205933
14,80,18.25375592347165
14,81,22.051619688237942
14,82,23.832506531538794
14,83,27.609567912694963
14,84,29.69448723933014
14,85,33.28543088989999
14,86,32.42365206525413
14,87,31.07902435956683
14,88,33.489343004634364
14,89,30.938750300989312
14,90,27.689221878397248
14,91,24.545433136789214
14,92,21.781837999184027
14,93,18.47356115600577
14,94,16.060077324883277
14,95,12.32949633620514
14,96,11.991030440526597
14,97,9.358655716918982
14,98,10.939909730804672
14,99,10.542253749342066
15,1,38.2887476735975
15,2,35.14825428144442
15,3,31.799884409800686
15,4,29.039954440995942
15,5,25.453387819164394
15,6,22.6654919487829
15,7,19.356280038044936
15,8,15.904635279346998
15,9,12.660531905973839
15,10,9.454240594501492
15,11,6.697198576724353
15,12,8.338375870890081
15,13,6.077997008180793
15,14,3.794834069978501
15,16,3.8077158434107172
15,17,6.65541924167149
15,18,9.068158996886014
15,19,7.591726952515182
15,20,8.624730688172056
15,21,7.265216898894519
15,22,9.185635668765586
15,23,9.615753717628783
15,24,12.316739286672782
15,25,15.108109884984819
15,26,17.397271850622065
15,27,20.807220014991394
15,28,23.452682711842478
15,29,26.763050762091183
15,30,28.59894073415829
15,31,32.149662038641644
15,32,33.55220302862801
15,33,31.2713164671617
15,34,31.228795980706085
15,35,27.92535421801432
15,36,26.157730650943595
15,37,22.36493136819793
15,38,20.384535529421235
15,39,16.822801390654817
15,40,16.870076620038756
15,41,15.449471059895778
15,42,17.00604192882163
15,43,19.532005141194873
15,44,20.646801797190875
15,45,20.672213922573295
15,46,18.736828555584474
15,47,21.257515256276303
15,48,19.9647175160789
15,49,18.82049739103107
15,50,19.766181422890796
15,51,20.69261933506581
15,52,22.353889854964592
15,53,25.997831602135022
15,54,27.170512759927362
15,55,28.143131652348465
15,56,29.16556219428757
15,57,29.1227291760915
15,58,32.06275301106171
15,59,32.86835252484817
15,60,33.12991317409282
15,61,30.372065799307148
15,62,28.2959323723199
15,63,24.574219391466205
15,64,22.447494254588847
15,65,18.923716190004413
15,66,17.730433345106484
15,67,14.880570591461627
15,68,13.964279021646316
15,69,12.251262504228608
15,70,10.37344544467453
15,71,8.822944643513901
15,72,7.062544843249027
15,73,9.221192330617075
15,74,10.515715991296174
15,75,13.263673227120986
15,76,12.279874442190026
15,77,12.640047467835567
15,78,12.235954838480831
15,79,14.591220133645285
15,80,16.902235665811787
15,81,20.66729586073776
15,82,22.961339715320523
15,83,26.732200021458684
15,84,29.21728294862351
15,85,32.87239894625554
15,86,32.22851400844417
15,87,30.505501403879098
15,88,32.604907039078455
15,89,29.749599839769875
15,90,26.50975804677148
15,91,23.51171308607863
15,92,20.374488786007348
15,93,17.37674698649922
15,94,14.467344106889984
15,95,10.801987576333294
15,96,10.765817099692764
15,97,7.744387816461068
15,98,10.12206659087833
15,99,10.83416154304486
16,1,41.91428687122959
16,2,38.7311837924153
16,3,35.44181695712286
16,4,32.606166043856796
16,5,29.034425422163157
16,6,26.336031805563294
16,7,22.940715123113836
16,8,19.5872362579702
16,9,16.20690328501262
16,10,13.170723149562637
16,11,10.253264984627418
16,12,11.460700275658215
16,13,8.777746866314136
16,14,6.595750697256659
16,15,3.8077158434107172
16,17,3.797132551926392
16,18,6.220351369213757
16,19,5.491022782275256
16,20,8.108803411606544
16,21,8.487007296948695
16,22,11.42626952573009
16,23,12.423440703500463
16,24,15.565191452016503
16,25,18.463418885530373
16,26,20.975827266898857
16,27,24.36146987362837
16,28,27.127878446607873
16,29,30.488950042895382
16,30,32.21459742927049
16,31,35.71886518704368
16,32,37.01832619029514
16,33,34.63696048999128
16,34,34.404575020911906
16,35,31.05534346050386
16,36,29.028317758448708
16,37,25.228725088204868
16,38,22.883560972205323
16,39,19.18011302358662
16,40,18.765983213021197
16,41,16.667700705013097
16,42,17.88392781647782
16,43,20.904412116283712
16,44,21.917790102937616
16,45,22.287922121463033
16,46,20.17695522986123
16,47,22.613356423994354
16,48,21.256453416546428
16,49,20.7468498061336
16,50,21.98276752299719
16,51,23.390385039408372
16,52,25.238059912876114
16,53,28.9651499241325
16,54,30.377693684854357
16,55,31.509413334400588
16,56,32.71905843626213
16,57,32.77957610150381
16,58,35.749517598892126
16,59,36.62559605976926
16,60,36.81395972722967
16,61,34.06192715175741
16,62,31.872082248987006
16,63,28.123310824063488
16,64,25.800957747316637
16,65,22.189150097873256
16,66,20.685482021905532
16,67,17.539344361997767
16,68,15.935684284287586
16,69,13.532817006772634
16,70,11.10436099217959
16,71,8.354055982661528
16,72,6.806884581477145
16,73,7.823071504899327
16,74,9.202346391465634
16,75,12.539964281438323
16,76,12.324386647981063
16,77,13.728048373012667
16,78,14.153842590649639
16,79,17.08593224450063
16,80,19.739019218742364
16,81,23.407021544542726
16,82,25.994359559031295
16,83,29.71938759259581
16,84,32.40806637510852
16,85,36.08877413747096
16,86,35.577402238230434
16,87,33.67628787114024
16,88,35.57557071365325
16,89,32.54128903500433
16,90,29.342437700287483
16,91,26.46803577161081
16,92,23.119509818871457
16,93,20.362827020719852
16,94,17.15106193725513
16,95,13.704643554397705
16,96,13.526119867036542
16,97,10.110067816770831
16,98,12.098362851694525
16,99,13.650521042677205
17,1,43.112986256942044
17,2,39.799332213887766
17,3,36.684536957029415
17,4,33.652826991002236
17,5,30.160957540522006
17,6,27.73859067153135
17,7,24.14704232764568
17,8,21.12439889411766
17,9,17.48351981263901
17,10,15.018172669537437
17,11,12.31038520577262
17,12,14.000994448579382
17,13,11.943190782970492
17,14,10.10338012396607
17,15,6.65541924167149
17,16,3.797132551926392
17,18,3.796912417892908
17,19,5.595234669358251
17,20,8.342378698715674
17,21,9.76632665296541
17,22,12.666238242983898
17,23,13.344003268512507
17,24,16.858468321152422
17,25,19.520754419196628
17,26,22.494583450345132
17,27,25.63867767009059
17,28,28.71971214692544
17,29,32.14112918384483
17,30,33.497946883001966
17,31,36.89827822937094
17,32,38.00579001093821
17,33,35.58884042964744
17,34,34.951401766429136
17,35,31.480093687211106
17,36,29.06660424363984
17,37,25.322219379601624
17,38,22.53574971145516
17,39,18.75657857258898
17,40,17.70863554689053
17,41,14.999787552355789
17,42,15.801817159415986
17,43,19.177735998127414
17,44,20.116831792898203
17,45,20.932199923681576
17,46,18.917636055789387
17,47,21.458750783799236
17,48,20.453518155397298
17,49,20.50414220825038
17,50,22.326224722257532
17,51,24.164951352643808
17,52,26.47252190458989
17,53,30.216599065611845
17,54,31.640660850946492
17,55,33.16108023934656
17,56,34.566979740129284
17,57,34.94159168564558
17,58,38.086846983602435
17,59,38.769282866453246
17,60,38.7145009383292
17,61,35.780046042304136
17,62,33.41348629464122
17,63,29.696657170968006
17,64,27.120939874494315
17,65,23.56161278900869
17,66,21.504332877557655
17,67,18.311687545070118
17,68,16.15332059480233
17,69,13.671153373068975
17,70,10.494947942141831
17,71,7.065086989612089
17,72,5.1064441182184055
17,73,4.581002622529153
17,74,6.346391550955083
17,75,9.63668906729326
17,76,9.835608019588388
17,77,12.111340988457817
17,78,13.294184960344781
17,79,16.719914818037083
17,80,19.734585344250455
17,81,23.16871258841633
17,82,26.1414866180042
17,83,29.74259043750712
17,84,32.737083667422645
17,85,36.409596160642266
17,86,36.120454541497594
17,87,33.9177092583886
17,88,35.4926581024374
17,89,32.224153591943015
17,90,29.108293922829915
17,91,26.477862543772922
17,92,22.903704676296773
17,93,20.60119913154862
17,94,17.14689192137841
17,95,14.135683039659856
17,96,14.25645629198667
17,97,11.037355815703156
17,98,13.317982632787473
17,99,15.523267416822767
18,1,44.618426998477865
18,2,41.3865760767544
18,3,38.40484511589343
18,4,35.47781467596653
18,5,31.894580813984295
