1,2,3.8338430319548
1,3,7.082383805676977
1,4,9.557488142009733
1,5,12.367055629829677
1,6,13.665640793381513
1,7,15.206121175318804
1,8,18.674065303849083
1,9,20.661384609529147
1,10,21.670957462886776
1,11,19.92387162617338
1,12,21.489440340914935
1,13,23.013461793174503
1,14,24.80817616991613
1,15,21.849285680277184
1,16,19.50013380981931
1,17,18.748566845122667
1,18,16.240938179577423
1,19,13.773503293237077
1,20,11.33579551894878
1,21,10.302920371904705
1,22,7.0272224393630145
1,23,7.7207550031440855
1,24,10.92150528287388
1,25,9.785819863934679
1,26,8.004600548956654
1,27,10.837282277001256
1,28,11.443757205109119
1,29,11.692370157156684
1,30,10.657407572554877
1,31,11.801163105678231
1,32,10.457966983605942
1,33,13.512464733346155
1,34,13.638459339864285
1,35,16.994762528969865
1,36,19.6435553169999
1,37,19.06037583248948
1,38,15.310064773571055
1,39,14.145562764639495
1,40,11.218726337730171
1,41,12.943218302641242
1,42,11.07012444775214
1,43,13.769026497178265
1,44,15.595364757698345
1,45,16.321540671477134
1,46,19.6234275419588
1,47,20.787212596823508
1,48,23.63198291331785
1,49,22.821473021555768
1,50,19.296861856077918
1,51,21.079557763022954
1,52,23.74223401223233
1,53,21.474528225541626
1,54,19.72390618664372
1,55,23.302908785388556
1,56,24.47711679534789
1,57,21.89125745296149
1,58,22.759693287120665
1,59,26.42434625541322
1,60,25.939170477572084
1,61,24.775528871545376
1,62,28.05851090348314
1,63,29.300444609547643
2,1,3.8338430319548
2,3,3.8102062043794844
2,4,6.37056717617782
2,5,9.122278060204836
2,6,10.631202537972321
2,7,12.864874978410093
2,8,16.16209483397514
2,9,18.53419520511482
2,10,19.65783374915654
2,11,18.29744787981536
2,12,20.432014861355018
2,13,22.07581356573832
2,14,24.360395264308053
2,15,21.73833976058923
2,16,19.412328943650486
2,17,19.342911382814286
2,18,16.820964766713956
2,19,13.831527930908008
2,20,11.427351680574354
2,21,9.503147349801154
2,22,6.059164245886574
2,23,7.190629470652727
2,24,9.486519558748181
2,25,8.6183873470851
2,26,5.602160665976479
2,27,7.646641297251988
2,28,7.846725999879375
2,29,8.603264053277439
2,30,7.904582273612164
2,31,10.020959506911069
2,32,9.47977903574545
2,33,12.99304021095134
2,34,14.065156196313325
2,35,17.351873341550956
2,36,20.499163514324096
2,37,20.074398043803082
2,38,16.572438329581637
2,39,14.628039254392213
2,40,11.20551519028617
2,41,11.795161440844717
2,42,8.998622282717246
2,43,11.17309997544363
2,44,12.53464752959605
2,45,13.664108953226156
2,46,16.62295184823052
2,47,17.87165252922054
2,48,21.020768280601764
2,49,20.514094234543553
2,50,17.155103387435936
2,51,19.07164130955955
2,52,21.983641346093748
2,53,20.10934890585758
2,54,18.62266669936136
2,55,22.22290146525966
2,56,23.651592709197146
2,57,21.5620466295522
2,58,22.501548788933555
2,59,26.121921965483516
2,60,26.080171480802314
2,61,25.296306812815104
2,62,28.505599411010625
2,63,29.254929054915667
3,1,7.082383805676977
3,2,3.8102062043794844
3,4,3.8118124372227724
3,5,5.497972886111982
3,6,6.87568125563002
3,7,9.275307454886919
3,8,12.428273160010084
3,9,14.985558410333256
3,10,16.335019131794862
3,11,15.432860321540955
3,12,17.82513954538331
3,13,19.788586596261318
3,14,22.318247785538134
3,15,19.907259722344552
3,16,17.918335426703774
3,17,18.580155048773104
3,18,16.480558800740774
3,19,13.492925594224353
3,20,11.860986775077642
3,21,10.103582989971663
3,22,7.612700677399557
3,23,9.81181717055415
3,24,11.540792855724389
3,25,11.316954840595463
3,26,7.728190649056632
3,27,8.232351278282174
3,28,7.145589113666601
3,29,8.025760108119965
3,30,6.552805977359312
3,31,8.854202589512733
3,32,8.304648655377928
3,33,11.620574100616484
3,34,13.18561659112968
3,35,16.041610636096202
3,36,19.513293360919867
3,37,19.034611959454487
3,38,15.928962021279178
3,39,13.268834613291162
3,40,9.762942333595504
3,41,9.359129589758181
3,42,6.143383174156142
3,43,8.274683095356758
3,44,9.902316104712447
3,45,11.936961351012373
3,46,14.588758967260086
3,47,15.263608515213596
3,48,18.578793999339602
3,49,17.88026706062824
3,50,14.857129769493895
3,51,17.29522303147953
3,52,20.044244207919228
3,53,18.238462346928706
3,54,17.396997627775253
3,55,21.07599583038967
3,56,22.301069144710162
3,57,20.625896137571267
3,58,22.017880032335007
3,59,25.41067271037596
3,60,25.478800039290906
3,61,25.255579115767592
3,62,28.53596170235643
3,63,28.91201181284481
4,1,9.557488142009733
4,2,6.37056717617782
4,3,3.8118124372227724
4,5,3.814593804246759
4,6,7.085975104715669
4,7,9.74531501400113
4,8,11.985305040469791
4,9,15.213786136362959
4,10,17.27919555242741
4,11,17.19332128954175
4,12,19.675252101967434
4,13,22.064588017097847
4,14,24.657476504951283
4,15,22.29429585619973
4,16,20.747179492074398
4,17,21.755893804819486
4,18,19.964709639069646
4,19,17.099205992068793
4,20,15.645567157130246
4,21,13.76030589271706
4,22,11.147707289070746
4,23,12.72548894707139
4,24,13.817097816727399
4,25,12.920464323178305
4,26,9.141538139889652
4,27,8.22083980007434
4,28,7.905032993870006
4,29,10.137520954091052
4,30,9.477153370075197
4,31,12.177284116881602
4,32,11.763298947006374
4,33,14.785940518543239
4,34,16.269214551430487
4,35,18.70569663856507
4,36,22.185178647119862
4,37,21.273208223331242
4,38,18.368736648356847
4,39,15.354985748836695
4,40,12.282089506492675
4,41,11.631245934777322
4,42,8.595265498644567
4,43,10.354178537910062
4,44,11.542747888842593
4,45,14.235013315438886
4,46,16.18003594455694
4,47,16.699156557011907
4,48,20.29130623647765
4,49,19.719874160169017
4,50,17.16123841683761
4,51,19.830758680639235
4,52,22.55455414641287
4,53,20.96500492387929
4,54,20.530280237755967
4,55,24.15900278184181
4,56,25.336827842101417
4,57,23.927186788699018
4,58,25.48114004215688
4,59,28.75940264086619
4,60,28.88934852232732
4,61,28.871719985992563
4,62,32.15902546301588
4,63,32.384740172797954
5,1,12.367055629829677
5,2,9.122278060204836
5,3,5.497972886111982
5,4,3.814593804246759
5,6,3.7863510528973148
5,7,6.670342054488559
5,8,8.450541811432162
5,9,11.844066321997053
5,10,13.995498874534762
5,11,14.412902080304315
5,12,17.149664536993573
5,13,19.664928041100232
5,14,22.481644729009307
5,15,20.496668265818727
5,16,19.233919960580554
5,17,20.865385768124575
5,18,19.433460716411222
5,19,16.664269568730457
5,20,15.867610860305419
5,21,14.219928015026952
5,22,12.495007733982014
5,23,14.753244035445144
5,24,15.652749436083791
5,25,15.525260796290445
5,26,11.724808282948358
5,27,10.432716921180035
5,28,8.802855626889848
5,29,10.392557044415318
5,30,9.147056976205137
5,31,11.479266330781812
5,32,11.251149214450086
5,33,13.75001487622942
5,34,15.68541360735065
5,35,17.642958053750547
5,36,21.292554143725955
5,37,20.562204999647413
5,38,18.163091739773392
5,39,14.749937305115916
5,40,11.808503719469135
5,41,10.08014852004823
5,42,7.1443158456491425
5,43,8.144347890534215
5,44,9.355297897345112
5,45,12.710395940419833
5,46,14.202159133540679
5,47,14.038312591845564
5,48,17.611095762263147
5,49,16.875021106901414
5,50,14.802592412983948
5,51,17.810215604917126
5,52,20.262875885549512
5,53,18.84474957988387
5,54,19.00801706019398
5,55,22.53459179699141
5,56,23.52486468005675
5,57,22.569473389402614
5,58,24.422856630115138
5,59,27.41135197523937
5,60,27.689595102499105
5,61,28.154836509962948
5,62,31.40470690117841
5,63,31.270497185899153
6,1,13.665640793381513
6,2,10.631202537972321
6,3,6.87568125563002
6,4,7.085975104715669
6,5,3.7863510528973148
6,7,3.8299773773865824
6,8,6.186075516897206
6,9,8.982942150798413
6,10,10.536200279440791
6,11,10.812772342829687
6,12,13.820123411481315
6,13,16.155366151509206
6,14,19.174799533076097
6,15,17.54476272802585
6,16,16.268696803599898
6,17,18.291824913977564
6,18,17.05636364360975
6,19,14.39506237105081
6,20,14.219746610500446
6,21,12.989125503176892
6,22,12.290516605518807
6,23,15.212131826306022
6,24,16.22612796599955
6,25,16.941605739619522
6,26,13.340185527190966
6,27,12.490554632565841
6,28,9.84516758574775
6,29,10.09897603557625
6,30,7.931757671122988
6,31,9.355481667062142
6,32,9.263417253595899
6,33,11.181389791939122
6,34,13.602117155140363
6,35,15.284141363467223
6,36,19.04187616479646
6,37,18.78399787174628
6,38,16.777212917510482
6,39,13.314841734719055
6,40,10.371487516133387
6,41,7.639283706713071
6,42,4.913686248418217
6,43,4.933503474868448
6,44,6.684630586077255
6,45,10.28251479156387
6,46,11.800334771991828
6,47,10.95061994560217
6,48,14.28774492152093
6,49,13.215462444528471
6,50,11.299178533662838
6,51,14.557715533570335
6,52,16.726170972183652
6,53,15.308570857924195
6,54,15.845662468978196
6,55,19.28896348169196
6,56,20.104557724841357
6,57,19.431244712005302
6,58,21.474468752559773
6,59,24.23402728776281
6,60,24.605742175657483
6,61,25.398824702937453
6,62,28.58867021545089
6,63,28.221184242903412
7,1,15.206121175318804
7,2,12.864874978410093
7,3,9.275307454886919
7,4,9.74531501400113
7,5,6.670342054488559
7,6,3.8299773773865824
7,8,3.800337833301727
7,9,5.712121192335704
7,10,7.642141437118803
7,11,8.220369041845514
7,12,10.701481410591423
7,13,13.565133059477398
7,14,16.2849964082845
7,15,14.58105109493185
7,16,13.96185786138996
7,17,16.38552407757166
7,18,15.919445527027825
7,19,13.99231806001086
7,20,14.759488931794833
7,21,14.501342858825657
7,22,14.313094732803988
7,23,17.66183896174694
7,24,19.193948817151547
7,25,20.004010037131938
7,26,16.469600555658452
7,27,16.046259486408594
7,28,13.480650828406478
7,29,13.280601498702113
7,30,10.420605803034977
7,31,10.584858481379893
7,32,9.432754359548008
7,33,10.07896554325781
7,34,11.990725509433313
7,35,12.81434491727775
7,36,16.441757693765275
7,37,15.983875303485133
7,38,14.549835669868836
7,39,10.89002416424851
7,40,8.76956690076055
7,41,5.717612734904107
7,42,5.215578999317214
7,43,6.031259941909525
7,44,8.878959236656804
7,45,12.22133146527386
7,46,13.866014206291805
7,47,12.096302455013557
7,48,14.766943672318723
7,49,12.742455407850624
7,50,11.264033010710826
7,51,14.95817522555174
7,52,16.314590970545176
7,53,14.359710577304625
7,54,15.56325181340969
7,55,18.99871367951237
7,56,19.07869011414542
7,57,18.38696758384546
7,58,21.00001178853243
7,59,23.427846084703976
7,60,23.38159336916847
7,61,24.55089502164032
7,62,27.8889957048697
7,63,27.587640587319907
8,1,18.674065303849083
8,2,16.16209483397514
8,3,12.428273160010084
8,4,11.985305040469791
8,5,8.450541811432162
8,6,6.186075516897206
8,7,3.800337833301727
8,9,3.8399234974970238
8,10,7.01721954073986
8,11,9.275639127594506
8,12,11.592255595532423
8,13,14.7201662770894
8,14,17.4089306409078
8,15,16.1882453172718
8,16,16.254598344124624
8,17,19.125530930618087
8,18,19.097444048051855
8,19,17.40910117891362
8,20,18.39917841504484
8,21,18.071923201488996
8,22,17.915617894253735
8,23,21.1334110074729
8,24,22.352767696328325
8,25,23.081615277057555
8,26,19.43948936481876
8,27,18.452041383469897
8,28,15.914023818162315
8,29,16.077086529602806
8,30,13.617636628297973
8,31,13.96727629472445
8,32,13.121941739606966
8,33,13.395354833454805
8,34,15.216597293306565
8,35,15.379513714970116
8,36,18.775544998269183
8,37,18.128354346574238
8,38,17.275580938686822
8,39,13.541511745182454
8,40,12.115294283354604
8,41,9.120086647856866
8,42,8.973107650568528
8,43,8.981588838443718
8,44,10.965576772543448
8,45,14.558291395164385
8,46,15.358290261253591
8,47,13.04863953063054
8,48,15.539292594620207
8,49,13.515250051331373
8,50,13.062870228333477
8,51,16.80621868778176
8,52,17.773282022367283
8,53,16.221771276620338
8,54,18.044646907224177
8,55,21.160160436009075
8,56,21.032392981111368
8,57,20.855555130230915
8,58,23.64071355781892
8,59,25.707523710246146
8,60,25.77041431329144
8,61,27.330839353431198
8,62,30.56356316936066
8,63,29.96662798849887
9,1,20.661384609529147
9,2,18.53419520511482
9,3,14.985558410333256
9,4,15.213786136362959
9,5,11.844066321997053
9,6,8.982942150798413
9,7,5.712121192335704
9,8,3.8399234974970238
9,10,3.807147420384177
9,11,6.763653730669033
9,12,8.474428433104896
9,13,11.724711297814144
9,14,14.217828766041114
9,15,13.424592915039135
9,16,14.063076972146002
9,17,17.343821935826263
9,18,17.94616552875498
9,19,16.883771550119526
9,20,18.61801318520941
9,21,18.95250483427446
9,22,19.45747430510693
9,23,22.98237391386679
9,24,24.44001120689582
9,25,25.546303745027167
9,26,22.067927658013826
9,27,21.47186370007596
9,28,18.664421284343906
9,29,18.17141385948321
9,30,15.27331687873669
9,31,14.690158580853234
9,32,13.569319879599353
9,33,12.766597723712406
9,34,14.376629422758494
9,35,13.712484367784354
9,36,16.804900598918927
9,37,16.45141491935441
9,38,16.34721172889888
9,39,12.879531748903624
9,40,12.193747475412694
9,41,9.084151919911667
9,42,10.25258367006015
9,43,10.05373701250274
9,44,12.32377543379361
9,45,15.407712527476237
9,46,16.25144877007039
9,47,13.320872109090818
9,48,14.943412566324366
9,49,12.191393119939043
9,50,12.328392640817817
9,51,16.107027722874427
9,52,16.249177954830966
9,53,14.474182216627964
9,54,16.902209010169727
9,55,19.735508746381115
9,56,19.005839007610998
9,57,19.06295455393627
9,58,22.192059679655607
9,59,23.80839728076303
9,60,23.680759974347918
9,61,25.649024099603174
9,62,28.827325096753025
9,63,28.127868676531676
10,1,21.670957462886776
10,2,19.65783374915654
10,3,16.335019131794862
10,4,17.27919555242741
10,5,13.995498874534762
10,6,10.536200279440791
10,7,7.642141437118803
10,8,7.01721954073986
10,9,3.807147420384177
10,11,3.8339916176245894
10,12,5.963247380270451
10,13,8.51598193158493
10,14,11.424156969673744
10,15,11.41417540194615
10,16,11.869665919134196
10,17,15.444799665533347
10,18,16.168228787048086
10,19,15.333991351486716
10,20,17.50700897507504
10,21,18.15953658669901
10,22,19.39976188157398
10,23,23.06280379832623
10,24,24.478973600519776
10,25,26.1105973314306
10,26,22.911920460936958
10,27,22.61407566653488
10,28,19.42936261410094
10,29,18.205236616799752
10,30,15.142715310748054
10,31,13.817508372069371
10,32,13.031267849526154
10,33,11.555436755464639
10,34,13.527463244751655
10,35,12.656726497438688
10,36,15.63149106493274
10,37,16.121147904972716
10,38,16.332321410952492
10,39,13.338305349003733
10,40,12.620021352762025
10,41,9.241233815876685
10,42,10.758351304476264
10,43,9.761780355182998
10,44,11.7912612421814
10,45,14.157641481867762
10,46,14.936390369080867
10,47,11.631790038003913
10,48,12.40241995781834
10,49,9.168175840204665
10,50,9.822359209635707
10,51,13.413296318875345
10,52,12.949189099519517
10,53,11.243584913494235
10,54,14.118530000007619
10,55,16.579317312314327
10,56,15.618438281031821
10,57,16.089423504001065
10,58,19.26360184485653
10,59,20.537273120611143
10,60,20.580033012285092
10,61,22.83815572685825
10,62,25.81774407388288
10,63,24.861762463809512
11,1,19.92387162617338
11,2,18.29744787981536
11,3,15.432860321540955
11,4,17.19332128954175
11,5,14.412902080304315
11,6,10.812772342829687
11,7,8.220369041845514
11,8,9.275639127594506
11,9,6.763653730669033
11,10,3.8339916176245894
11,12,3.818529967935389
11,13,5.644528573733756
11,14,8.938640070122624
11,15,8.717683257058708
11,16,8.360881444462134
11,17,11.870723103622288
11,18,12.457862605960933
11,19,11.787649724254747
11,20,14.293814156783306
11,21,15.425716943882897
11,22,17.140799977137583
11,23,20.916609765474803
11,24,22.599156277497244
11,25,24.50650529792004
11,26,21.617615139551532
11,27,21.906323791098284
11,28,18.666912456061137
11,29,16.84234999777449
11,30,13.458402188110798
11,31,11.337871647425779
11,32,10.36272134479991
11,33,8.266581843077242
11,34,10.390826869517056
11,35,9.718900784399507
11,36,12.796831516847991
11,37,13.943314193826229
11,38,13.974407854561322
11,39,11.465215909137513
11,40,10.55617245247112
11,41,7.338198798270506
11,42,9.354832991217215
11,43,8.484356563952458
11,44,10.924013674618424
11,45,12.489087264607454
11,46,14.00403783512121
11,47,11.067733407576695
11,48,11.504221531476604
11,49,7.958414340600348
11,50,7.634869526258118
11,51,11.095604002914845
11,52,10.541198537711619
11,53,8.061171393251579
11,54,10.739364822022926
11,55,13.404747253177588
11,56,12.325053362190948
11,57,12.389861841833067
11,58,15.633463467291811
11,59,17.075037518785045
11,60,16.966127385091273
11,61,19.072949747470926
11,62,22.14270059483092
11,63,21.396090802991257
12,1,21.489440340914935
12,2,20.432014861355018
12,3,17.82513954538331
12,4,19.675252101967434
12,5,17.149664536993573
12,6,13.820123411481315
12,7,10.701481410591423
12,8,11.592255595532423
12,9,8.474428433104896
12,10,5.963247380270451
12,11,3.818529967935389
12,13,3.826309130155587
12,14,5.8174568141725835
12,15,5.504793026120681
12,16,6.633174993790549
12,17,10.375411901277884
12,18,12.107104298385778
12,19,12.601500249062518
12,20,15.698707810782896
12,21,17.566577965868998
12,22,19.35232169107138
12,23,23.202812648506253
12,24,25.292291624544095
12,25,27.10016202820555
12,26,24.28594429542722
12,27,24.895042701620113
12,28,21.857412717467255
12,29,20.013136734919488
12,30,16.4301792721395
12,31,13.943507090616208
12,32,12.206628660504713
12,33,9.240328377475514
12,34,10.049465173669436
12,35,8.014886722723523
12,36,10.29354573067754
12,37,11.479941077762351
12,38,12.463746902470048
12,39,10.54970652349931
12,40,10.928267671177737
12,41,8.737385055676883
12,42,11.78098527717019
12,43,11.775443185184718
12,44,14.55471538968516
12,45,15.890315712772741
12,46,17.64250101666129
12,47,14.747799102869442
12,48,14.742620456519619
12,49,10.995801671409554
12,50,10.825720305316398
12,51,13.85782311965905
12,52,12.588994368800229
12,53,9.596218188754762
12,54,12.342136150140286
12,55,14.701020349227901
12,56,12.68683236755098
12,57,12.408527239620183
12,58,16.084690473403537
12,59,17.072504851295957
12,60,16.208250271203365
12,61,18.56797997481817
12,62,21.7368317387286
12,63,21.300217280234047
13,1,23.013461793174503
13,2,22.07581356573832
13,3,19.788586596261318
13,4,22.064588017097847
13,5,19.664928041100232
13,6,16.155366151509206
13,7,13.565133059477398
13,8,14.7201662770894
13,9,11.724711297814144
13,10,8.51598193158493
13,11,5.644528573733756
13,12,3.826309130155587
13,14,3.809662056588337
13,15,5.4671727779182255
13,16,5.660882957669318
13,17,9.313605429643651
13,18,11.082911903245975
13,19,11.976689332281582
13,20,15.37486780328458
13,21,17.520261995509397
13,22,19.951736432820987
13,23,23.725569196338732
13,24,25.701705610089448
13,25,27.941848502223223
13,26,25.48909754134531
13,27,26.338899692145024
13,28,23.111686843612095
13,29,20.7271790456853
13,30,17.24417501251385
13,31,14.242508932923005
13,32,13.025435856388707
13,33,9.723797144563438
13,34,10.780811720529988
13,35,8.944320373730498
13,36,10.62053568389521
13,37,12.908882080872957
13,38,13.995629080446985
13,39,12.86682955129067
13,40,13.00026678840022
13,41,10.970116690545886
13,42,13.683138418941011
13,43,13.093895029626946
13,44,15.363916670807946
13,45,15.808206951404557
13,46,17.49678427896483
13,47,14.703243006114493
13,48,13.813528815459902
13,49,10.099128373496406
13,50,10.155025644168811
13,51,12.317348873977116
13,52,10.26449285519462
13,53,7.233068642884342
13,54,10.215779217572548
13,55,11.857030237744704
13,56,9.30696161152605
13,57,9.469939857262972
13,58,13.179898645514424
13,59,13.638209308390373
13,60,12.887213848111966
13,61,15.628822081952524
13,62,18.51955186665615
13,63,17.82705837242684
14,1,24.80817616991613
14,2,24.360395264308053
14,3,22.318247785538134
14,4,24.657476504951283
14,5,22.481644729009307
14,6,19.174799533076097
14,7,16.2849964082845
14,8,17.4089306409078
14,9,14.217828766041114
14,10,11.424156969673744
14,11,8.938640070122624
14,12,5.8174568141725835
14,13,3.809662056588337
14,15,3.821443935862129
14,16,5.7882388453852975
14,17,8.79335520137893
14,18,11.653389717328988
14,19,13.600976687584485
14,20,17.268964926925474
14,21,19.936001803319478
14,22,22.335933140810017
14,23,26.099844661975837
14,24,28.404788885870257
14,25,30.529385340765977
14,26,28.165845411495678
14,27,29.285154114936258
14,28,26.244680969894063
14,29,23.88020641937206
14,30,20.27617276179493
14,31,17.117089277755362
14,32,15.368478876438
14,33,11.723752553458473
14,34,11.59340686678797
14,35,8.792952703683945
14,36,9.036481840411101
14,37,11.505300701485405
14,38,13.500752363677622
14,39,13.203882297569113
14,40,14.307353768821319
14,41,13.137523807127327
14,42,16.353853695701787
14,43,16.359804059261354
14,44,18.915714038290044
14,45,19.300120529081553
14,46,21.197509738131433
14,47,18.497047743127037
14,48,17.509725630453577
14,49,13.833815237317971
14,50,13.81892316768699
14,51,15.718639182964358
14,52,13.433767874249774
14,53,10.337551291042393
14,54,12.851751911401044
14,55,14.140354706172335
14,56,10.962815249145368
14,57,10.614799458167356
14,58,14.398448111603058
14,59,14.347955912901172
14,60,12.681902394459252
14,61,15.543848807067357
14,62,18.42537645619959
14,63,18.16876007584545
15,1,21.849285680277184
15,2,21.73833976058923
15,3,19.907259722344552
15,4,22.29429585619973
15,5,20.496668265818727
15,6,17.54476272802585
15,7,14.58105109493185
15,8,16.1882453172718
15,9,13.424592915039135
15,10,11.41417540194615
15,11,8.717683257058708
15,12,5.504793026120681
15,13,5.4671727779182255
15,14,3.821443935862129
15,16,3.8178102426876883
15,17,6.585376719245413
15,18,9.685140440504075
15,19,11.78669597359862
15,20,15.368734375127483
15,21,18.2113558295843
15,22,20.196924289004073
15,23,23.96211933524334
15,24,26.600590815227708
15,25,28.38672538569702
15,26,25.97874461500538
15,27,27.3064909246725
15,28,24.57921429783805
15,29,22.451029505587634
15,30,18.708187706946195
15,31,15.65554813612824
15,32,13.216980988840218
15,33,9.555060731260836
15,34,8.523813491835469
15,35,5.22297281733905
15,36,5.590006707660119
15,37,7.799462427004436
15,38,9.706664693596245
15,39,9.579364272098049
15,40,11.120711562702704
15,41,10.694531384974537
15,42,14.262235714373759
15,43,15.09656883502057
15,44,18.17461725937504
15,45,18.828974246275536
15,46,21.233331823392955
15,47,18.861097338826834
15,48,18.60234958246011
15,49,14.987326309791014
15,50,14.117241709260332
15,51,16.428890921261186
15,52,14.939776963963439
15,53,11.357210639994877
15,54,13.172187033466836
15,55,15.282364931189356
15,56,12.596766967809936
15,57,11.170397800794158
15,58,14.941051529903447
15,59,15.720937808616855
15,60,13.692313746186324
15,61,15.79902986949229
15,62,19.154106836015313
15,63,19.521954091413924
16,1,19.50013380981931
16,2,19.412328943650486
16,3,17.918335426703774
16,4,20.747179492074398
16,5,19.233919960580554
16,6,16.268696803599898
16,7,13.96185786138996
16,8,16.254598344124624
16,9,14.063076972146002
16,10,11.869665919134196
16,11,8.360881444462134
16,12,6.633174993790549
16,13,5.660882957669318
16,14,5.7882388453852975
16,15,3.8178102426876883
16,17,3.8125156110001726
16,18,6.13178183071289
16,19,8.132242047319957
16,20,11.81428145102985
16,21,14.787815186874957
16,22,17.09554851816454
16,23,20.78801535918611
16,24,23.381886610633604
16,25,25.39805210061555
16,26,23.26982209669966
16,27,24.84596181500653
16,28,22.084428219103227
16,29,19.62111498274721
16,30,15.948299969590865
16,31,12.598814891124874
16,32,10.39234215433276
16,33,6.6201415002945945
16,34,6.109472009584823
16,35,4.338835471166341
16,36,5.90553544139991
16,37,8.874873357427502
16,38,9.379427366326322
16,39,9.366135694102041
16,40,9.751953516742109
16,41,9.313573580348177
16,42,12.404477574504842
16,43,13.045918172381006
16,44,15.94330450500553
16,45,16.034358165395002
16,46,18.752380215835405
16,47,16.86596624277941
16,48,16.669462524382084
16,49,13.405285487156412
16,50,11.798400790939573
16,51,13.720826617624391
16,52,12.675710021155027
16,53,8.883017709662354
16,54,9.889519295502748
16,55,12.294143138231709
16,56,10.088235223632292
16,57,8.000395501284586
16,58,11.628615065285041
16,59,13.02695142049805
16,60,11.23919365848625
16,61,12.887379411760312
16,62,16.417440110087604
16,63,16.88605566597704
17,1,18.748566845122667
17,2,19.342911382814286
17,3,18.580155048773104
17,4,21.755893804819486
17,5,20.865385768124575
17,6,18.291824913977564
17,7,16.38552407757166
17,8,19.125530930618087
17,9,17.343821935826263
17,10,15.444799665533347
17,11,11.870723103622288
17,12,10.375411901277884
17,13,9.313605429643651
17,14,8.79335520137893
17,15,6.585376719245413
17,16,3.8125156110001726
17,18,3.8026441070462647
17,19,7.206212616588569
17,20,10.747640011566995
17,21,14.281144712575209
17,22,16.605793225687304
17,23,20.01689107501519
17,24,22.92457956749634
17,25,24.88604601142948
17,26,23.191121637015595
17,27,25.289387867391095
17,28,22.856312426626513
17,29,20.262769280841937
17,30,16.7191404882459
17,31,13.2537033571798
17,32,10.837249074837583
17,33,7.440483827999878
17,34,5.6895481027182075
17,35,4.967515973823987
17,36,5.099061836940535
17,37,8.574652002345053
17,38,8.52583724278595
17,39,9.857574618233313
17,40,10.305088826798658
17,41,11.043390512707907
17,42,13.845535053833279
17,43,14.94314769173382
17,44,17.813595544471095
17,45,17.42652776910727
17,46,20.550253382085526
17,47,19.246232304108034
17,48,19.141319641244102
17,49,16.254174539971633
17,50,14.104538254225641
17,51,15.46285008301723
17,52,14.772078462268912
17,53,11.061476527224656
17,54,10.8368945953166
17,55,13.103975380360891
17,56,11.175453338895077
17,57,8.028907653694722
17,58,10.974118958395989
17,59,12.697679853735847
17,60,10.263483434424028
17,61,10.92621761332116
17,62,14.676386380863976
17,63,15.97215849383051
18,1,16.240938179577423
18,2,16.820964766713956
18,3,16.480558800740774
18,4,19.964709639069646
18,5,19.433460716411222
18,6,17.05636364360975
18,7,15.919445527027825
18,8,19.097444048051855
18,9,17.94616552875498
18,10,16.168228787048086
18,11,12.457862605960933
18,12,12.107104298385778
18,13,11.082911903245975
18,14,11.653389717328988
18,15,9.685140440504075
18,16,6.13178183071289
18,17,3.8026441070462647
18,19,3.804689044710057
18,20,7.138203787233281
18,21,10.797565143296747
18,22,13.344046546048551
18,23,16.58726878611755
18,24,19.437730192001045
18,25,21.561423954586054
18,26,20.168187787223207
18,27,22.485990869146157
18,28,20.129934506181044
18,29,17.32420490843933
18,30,14.013666595045818
18,31,10.498954076421377
18,32,8.490498393868641
18,33,5.919030736232213
18,34,5.187832311838517
18,35,6.920392458341283
18,36,8.259188787690645
18,37,11.091977884400288
18,38,9.726709226651552
18,39,10.641720079566417
18,40,9.766615575242472
18,41,10.476718299051685
18,42,12.35754833672678
18,43,13.306469169428757
18,44,15.840409582199138
18,45,14.961619750954227
18,46,18.359832481991564
18,47,17.700308426826933
18,48,17.887246934335522
18,49,15.579385626731831
18,50,12.764029889384155
18,51,13.707147206181826
18,52,13.839465612935843
18,53,10.406056094878327
18,54,8.980843163966432
18,55,11.636222497613433
18,56,10.811753405075732
18,57,7.274684071587105
18,58,9.307405075281581
18,59,12.02294585392691
18,60,10.331589722737508
18,61,10.041262529675624
18,62,13.821993969151725
18,63,15.16970064085173
19,1,13.773503293237077
19,2,13.831527930908008
19,3,13.492925594224353
19,4,17.099205992068793
19,5,16.664269568730457
19,6,14.39506237105081
19,7,13.99231806001086
19,8,17.40910117891362
19,9,16.883771550119526
19,10,15.333991351486716
19,11,11.787649724254747
19,12,12.601500249062518
19,13,11.976689332281582
19,14,13.600976687584485
19,15,11.78669597359862
19,16,8.132242047319957
19,17,7.206212616588569
19,18,3.804689044710057
19,20,3.7586193326504103
19,21,7.125334336850171
19,22,9.878868701271012
19,23,13.237453879339547
19,24,15.86509260554045
19,25,18.13980017541084
19,26,16.703507275681222
19,27,18.929442115471772
19,28,16.477384475446232
19,29,13.557066539183115
19,30,10.354814997367917
19,31,6.844386858115978
19,32,5.432708437470255
19,33,4.273050978118593
19,34,5.655473751269311
19,35,8.663885288172487
19,36,11.118399503275478
19,37,13.321373055175284
19,38,11.234967373844169
19,39,11.095011563334388
19,40,8.900760792335788
19,41,8.985806904173264
19,42,9.759417502060426
19,43,10.388640584111268
19,44,12.598861275081864
19,45,11.542107428407995
19,46,15.134242185111265
19,47,14.957492713728463
19,48,15.651593852363993
19,49,13.873861515945192
19,50,10.513608808551751
19,51,11.453090576985701
19,52,12.569083970775788
19,53,9.566615249169518
19,54,7.4929714781876795
19,55,10.812887799209417
19,56,11.152304299473967
19,57,8.167004356118968
19,58,9.556958741886445
19,59,12.926538888657964
19,60,12.310614933373683
19,61,11.858866731050865
19,62,15.34648330737
19,63,16.206230207321045
20,1,11.33579551894878
20,2,11.427351680574354
20,3,11.860986775077642
20,4,15.645567157130246
20,5,15.867610860305419
20,6,14.219746610500446
20,7,14.759488931794833
20,8,18.39917841504484
20,9,18.61801318520941
20,10,17.50700897507504
20,11,14.293814156783306
20,12,15.698707810782896
20,13,15.37486780328458
20,14,17.268964926925474
20,15,15.368734375127483
20,16,11.81428145102985
20,17,10.747640011566995
20,18,7.138203787233281
20,19,3.7586193326504103
20,21,3.810200370417601
20,22,6.593233668673698
20,23,9.62856552407784
20,24,12.315638398920244
20,25,14.626454879720388
20,26,13.589303473658196
20,27,16.159557900442444
20,28,14.050072020043041
20,29,11.097289714655323
20,30,8.494284799276366
20,31,5.72577016897902
20,32,5.3612550169144555
20,33,6.673498085103746
20,34,8.20051561646516
20,35,11.760631506253423
20,36,14.30925505441543
20,37,16.02860439384105
20,38,13.297623626128722
20,39,12.96255945214466
20,40,10.060376572204547
20,41,10.356152799879647
20,42,9.804432438249162
20,43,10.473695912327964
20,44,12.098725680724561
20,45,10.694800940291785
20,46,14.4929847296471
20,47,15.227974796633056
20,48,16.47644796639605
20,49,15.453730619144304
20,50,11.740598141452871
20,51,12.306660981422764
20,52,14.353923080177175
20,53,12.02276427469961
20,54,9.325647839608964
20,55,12.536874158835223
20,56,13.809484007864663
20,57,11.080821360268814
20,58,11.448553772903603
20,59,15.171935141180697
20,60,15.04510420581231
20,61,13.93070910128764
20,62,17.079033753079933
20,63,18.007737229246437
21,1,10.302920371904705
21,2,9.503147349801154
21,3,10.103582989971663
21,4,13.76030589271706
21,5,14.219928015026952
21,6,12.989125503176892
21,7,14.501342858825657
21,8,18.071923201488996
21,9,18.95250483427446
21,10,18.15953658669901
21,11,15.425716943882897
21,12,17.566577965868998
21,13,17.520261995509397
21,14,19.936001803319478
21,15,18.2113558295843
21,16,14.787815186874957
21,17,14.281144712575209
21,18,10.797565143296747
21,19,7.125334336850171
21,20,3.810200370417601
21,22,3.798355174713615
21,23,6.672027785167891
21,24,8.784524824651735
21,25,11.39591939611668
21,26,10.409976982067192
21,27,12.844083765037489
21,28,10.703157406414434
21,29,7.596394770271262
21,30,5.814669299543797
21,31,4.497908074265539
21,32,6.089930692232636
21,33,8.862723672014528
21,34,11.104851481470705
21,35,14.705676077915415
21,36,17.636941745109254
21,37,19.03315140197044
21,38,16.111817606188122
21,39,15.124162892358271
21,40,11.659358635602345
21,41,11.347891352426926
21,42,9.44739184973644
21,43,9.534495598697795
21,44,10.218849394082223
21,45,8.612036557405709
21,46,12.332724425712243
21,47,13.861025878650201
21,48,15.689561781133015
21,49,15.435954048743241
21,50,11.64220564273215
21,51,12.037838135344703
21,52,14.9149908572654
21,53,13.340038914803442
21,54,10.630172624354607
21,55,13.752652074162617
21,56,15.76453454821143
21,57,13.684282601969356
21,58,13.663161042430927
21,59,17.419548726027692
21,60,17.945141457906022
21,61,16.885930484788894
21,62,19.683888648137827
21,63,20.192583989762053
22,1,7.0272224393630145
22,2,6.059164245886574
22,3,7.612700677399557
22,4,11.147707289070746
22,5,12.495007733982014
22,6,12.290516605518807
22,7,14.313094732803988
22,8,17.915617894253735
22,9,19.45747430510693
22,10,19.39976188157398
22,11,17.140799977137583
22,12,19.35232169107138
22,13,19.951736432820987
22,14,22.335933140810017
22,15,20.196924289004073
22,16,17.09554851816454
22,17,16.605793225687304
22,18,13.344046546048551
22,19,9.878868701271012
22,20,6.593233668673698
22,21,3.798355174713615
22,23,3.856658275160635
22,24,6.72618119328044
22,25,8.336789294786168
22,26,7.010486915413082
22,27,9.869004884610778
22,28,8.574156506342701
22,29,6.597724012457798
22,30,5.613310937995041
22,31,6.407565933562405
22,32,7.194046570262335
22,33,10.695599685989993
22,34,12.44170438345356
22,35,16.148320093352293
22,36,19.17783525568826
22,37,19.88472781059576
22,38,16.560691316319716
22,39,15.296642077217042
22,40,11.660503564265298
22,41,11.81950517981088
22,42,9.293292594546676
22,43,10.212539096150458
22,44,11.000720598927625
22,45,10.375117041395994
22,46,13.855134358229343
22,47,15.580214283421293
22,48,18.055352310903963
22,49,17.86461234830735
22,50,14.143603931295104
22,51,15.065906957728261
22,52,18.109133059605746
22,53,16.484008860671597
22,54,14.149801124802496
22,55,17.42354110852968
22,56,19.317392247102255
22,57,17.17994978490789
22,58,17.392640958148057
22,59,21.14778039034262
22,60,21.46977739455727
22,61,20.344048508933238
22,62,23.24605264099633
22,63,23.929515114613604
23,1,7.7207550031440855
23,2,7.190629470652727
23,3,9.81181717055415
23,4,12.72548894707139
23,5,14.753244035445144
23,6,15.212131826306022
23,7,17.66183896174694
23,8,21.1334110074729
23,9,22.98237391386679
23,10,23.06280379832623
23,11,20.916609765474803
23,12,23.202812648506253
23,13,23.725569196338732
23,14,26.099844661975837
23,15,23.96211933524334
23,16,20.78801535918611
23,17,20.01689107501519
23,18,16.58726878611755
23,19,13.237453879339547
23,20,9.62856552407784
23,21,6.672027785167891
23,22,3.856658275160635
23,24,3.8349898769305204
23,25,5.101365561108687
23,26,5.525119913642341
23,27,9.022829709776257
23,28,8.95518776602218
23,29,7.696820790547902
23,30,8.470358159457925
23,31,9.927126244965287
23,32,11.048575027622814
23,33,14.496215620848227
23,34,16.037683833326696
23,35,19.799299797217294
23,36,22.653631961282347
23,37,23.288823492950918
23,38,19.805306350845704
23,39,18.752893725766643
23,40,15.20766788773361
23,41,15.577413833991764
23,42,12.858880001773326
23,43,13.604723191067265
23,44,13.744682203529031
23,45,12.812006812074577
23,46,15.870560551763884
23,47,18.212755325033566
23,48,20.754394912817357
23,49,21.05146839097345
23,50,17.383921563173114
23,51,17.8461468224537
23,52,21.122909518983946
23,53,19.84442480952565
23,54,17.213110579704104
23,55,20.158093157918987
23,56,22.398096837008598
23,57,20.276126019871977
23,58,19.957742685154905
23,59,23.7638612248508
23,60,24.26177238815393
23,61,22.72588478872148
23,62,25.332538175169052
23,63,26.123984660436612
24,1,10.92150528287388
24,2,9.486519558748181
24,3,11.540792855724389
24,4,13.817097816727399
24,5,15.652749436083791
24,6,16.22612796599955
24,7,19.193948817151547
24,8,22.352767696328325
24,9,24.44001120689582
24,10,24.478973600519776
24,11,22.599156277497244
24,12,25.292291624544095
24,13,25.701705610089448
24,14,28.404788885870257
24,15,26.600590815227708
24,16,23.381886610633604
24,17,22.92457956749634
24,18,19.437730192001045
24,19,15.86509260554045
24,20,12.315638398920244
24,21,8.784524824651735
24,22,6.72618119328044
24,23,3.8349898769305204
24,25,3.813368260155685
24,26,5.381385273465033
24,27,7.884757641776031
24,28,7.97754326783844
24,29,6.984265721166327
24,30,9.338923517178474
24,31,11.49163625002842
24,32,13.532902749120893
24,33,17.05081985951724
24,34,19.11198287971821
24,35,22.800413242398527
24,36,25.834789532286226
24,37,26.608143139338207
24,38,23.240799281157663
24,39,21.903626647631164
24,40,18.20360827807133
24,41,17.96740262278517
24,42,14.805297937893227
24,43,14.737983829000484
24,44,13.873827223909972
24,45,12.649097212443301
24,46,14.992336580880124
24,47,17.929549691576206
24,48,20.55634009704393
24,49,21.530745511188346
24,50,18.10010832899023
24,51,18.143198534089308
24,52,21.732308089475424
24,53,21.103285448138138
24,54,18.46893989454488
24,55,21.07239854830306
24,56,23.767064726839205
24,57,22.127280778331432
24,58,21.476957002787653
24,59,25.18689577740133
24,60,26.204689400976896
24,61,24.75583058146691
24,62,27.030352155098736
24,63,27.42186445291278
25,1,9.785819863934679
25,2,8.6183873470851
25,3,11.316954840595463
25,4,12.920464323178305
25,5,15.525260796290445
25,6,16.941605739619522
25,7,20.004010037131938
25,8,23.081615277057555
25,9,25.546303745027167
25,10,26.1105973314306
25,11,24.50650529792004
25,12,27.10016202820555
25,13,27.941848502223223
25,14,30.529385340765977
25,15,28.38672538569702
25,16,25.39805210061555
25,17,24.88604601142948
25,18,21.561423954586054
25,19,18.13980017541084
25,20,14.626454879720388
25,21,11.39591939611668
25,22,8.336789294786168
25,23,5.101365561108687
25,24,3.813368260155685
25,26,3.8182265500864863
25,27,6.590915584022469
25,28,8.445623814628023
25,29,9.048926634870636
25,30,11.296294836304954
25,31,13.858990330990352
25,32,15.229217674189162
25,33,18.90230893814987
25,34,20.545114866775723
25,35,24.219746305698052
25,36,27.22553044749653
25,37,27.502657231421566
25,38,23.934782612937557
25,39,22.526120007296715
25,40,18.941534627065902
25,41,19.116045652297906
25,42,15.89701308456034
25,43,16.470808378588533
25,44,15.971818633514156
25,45,15.499659770657905
25,46,17.782856949301312
25,47,20.52354587726889
25,48,23.477190188895875
25,49,24.250434554863205
25,50,20.834323904781936
25,51,21.34077458310178
25,52,24.888219967762097
25,53,23.997012582289784
25,54,21.574108612982823
25,55,24.429878872891933
25,56,26.89679388232468
25,57,25.060346817602724
25,58,24.693605524889144
25,59,28.45745418221988
25,60,29.186992814237154
25,61,27.700304908659128
25,62,30.17059223884315
25,63,30.785266574273383
26,1,8.004600548956654
26,2,5.602160665976479
26,3,7.728190649056632
26,4,9.141538139889652
26,5,11.724808282948358
26,6,13.340185527190966
26,7,16.469600555658452
26,8,19.43948936481876
26,9,22.067927658013826
26,10,22.911920460936958
26,11,21.617615139551532
26,12,24.28594429542722
26,13,25.48909754134531
26,14,28.165845411495678
26,15,25.97874461500538
26,16,23.26982209669966
26,17,23.191121637015595
26,18,20.168187787223207
26,19,16.703507275681222
26,20,13.589303473658196
26,21,10.409976982067192
26,22,7.010486915413082
26,23,5.525119913642341
26,24,5.381385273465033
26,25,3.8182265500864863
26,27,3.7879946130958153
26,28,5.461706780077123
26,29,6.88682276823055
26,30,8.74191511591992
26,31,11.76677567613446
26,32,12.89188631165142
26,33,16.65833070321768
26,34,18.425432037661533
26,35,21.915516423516493
26,36,25.146890855175
26,37,25.181233789191246
26,38,21.71761631065889
26,39,19.85581601540788
26,40,16.218787954237815
26,41,16.12554737578123
26,42,12.726041077394887
26,43,13.471638561980553
26,44,13.23994728003871
26,45,13.559656458125767
26,46,15.87452744636188
26,47,18.18240424035737
26,48,21.4199102819343
26,49,21.907610009268687
26,50,18.606643439276066
26,51,19.702539410041915
26,52,23.162030748689663
26,53,22.102721629376784
26,54,20.158902452025195
26,55,23.321450373539854
26,56,25.51376879565097
26,57,23.801046179320227
26,58,23.981571561353004
26,59,27.68164344609732
26,60,28.29865163126516
26,61,27.251075304947875
26,62,30.00318868778272
26,63,30.4587376621441
27,1,10.837282277001256
27,2,7.646641297251988
27,3,8.232351278282174
27,4,8.22083980007434
27,5,10.432716921180035
27,6,12.490554632565841
27,7,16.046259486408594
27,8,18.452041383469897
27,9,21.47186370007596
27,10,22.61407566653488
27,11,21.906323791098284
27,12,24.895042701620113
27,13,26.338899692145024
27,14,29.285154114936258
27,15,27.3064909246725
27,16,24.84596181500653
27,17,25.289387867391095
27,18,22.485990869146157
27,19,18.929442115471772
27,20,16.159557900442444
27,21,12.844083765037489
27,22,9.869004884610778
27,23,9.022829709776257
27,24,7.884757641776031
27,25,6.590915584022469
27,26,3.7879946130958153
27,28,3.8229972927341143
27,29,7.058318374718231
27,30,9.514749930022663
27,31,13.10838639413257
27,32,14.552544791947254
27,33,18.271048720241048
27,34,20.391735945908945
27,35,23.61896239897771
27,36,27.081889791759732
27,37,26.983904819537265
27,38,23.72180379254008
27,39,21.368146512579393
27,40,17.724856758528468
27,41,17.00872935368546
27,42,13.303892218248487
27,43,13.526354447902735
27,44,12.700039973632835
27,45,13.647408640016737
27,46,15.173932510717163
27,47,17.461050175921176
27,48,20.996849836619646
27,49,21.771308753140833
27,50,18.88129985731234
27,51,20.17089704943866
