1,2,3.7861842487644237
1,3,6.5049927498864415
1,4,9.479848092393622
1,5,13.030812148274734
1,6,16.435813457100192
1,7,19.204718890335855
1,8,19.810145109904244
1,9,21.58028518492582
1,10,24.85639049187754
1,11,26.505061247645017
1,12,26.841790481577377
1,13,23.971305080151094
1,14,25.118284001048895
1,15,24.966297977012676
1,16,26.2160075648905
1,17,23.557651167591345
1,18,20.563623638108012
1,19,18.61305754643096
1,20,15.616589554557738
1,21,13.70532131153709
1,22,10.848085674623093
1,23,10.969178254073155
1,24,9.280266412818213
1,25,8.11246551691802
1,26,11.422217150707512
1,27,10.68498543209521
1,28,11.412423771680878
1,29,15.16534593566908
1,30,15.670863674968999
1,31,15.128091583164595
1,32,14.714293448652793
1,33,14.538718431080433
1,34,13.272376701546264
1,35,15.45942658082516
1,36,15.118894683998343
1,37,18.717271944112376
1,38,20.373466425268298
1,39,20.7850355446041
1,40,17.060528567862807
1,41,17.733504467718287
1,42,15.15361468292906
1,43,17.09734661281062
1,44,16.08789606415538
1,45,18.35410668140495
1,46,20.094553738487672
1,47,19.238959855228636
1,48,22.93181514249717
1,49,24.428648732017955
1,50,26.434414776058773
1,51,25.724732414689456
1,52,21.921246320856827
1,53,22.3176588016256
1,54,24.67248087003932
1,55,22.43950586870318
1,56,19.665020310798255
1,57,22.511335313347505
1,58,23.674037535232134
1,59,20.42432591306261
1,60,20.069078153159218
1,61,23.66030188560481
1,62,23.178685117164093
1,63,21.74476758510586
1,64,25.395943343570266
2,1,3.7861842487644237
2,3,3.811310513762555
2,4,6.703716910474138
2,5,9.813914822825753
2,6,13.44646909071814
2,7,15.875326028340963
2,8,16.190553042383705
2,9,17.843093516475093
2,10,21.11786898968364
2,11,22.723636583242403
2,12,23.08176275160888
2,13,20.28216102952983
2,14,21.572247292576584
2,15,21.600379411910733
2,16,23.067357155627228
2,17,20.4167081589223
2,18,17.443580929255436
2,19,15.948932082414286
2,20,12.959973399060946
2,21,10.667505639410255
2,22,7.883613843146585
2,23,8.064232862291293
2,24,6.293550758706837
2,25,6.623791427692105
2,26,10.385530563292514
2,27,10.091919192958033
2,28,9.649958747457797
2,29,13.15785917705616
2,30,12.918781907286112
2,31,12.323630075754231
2,32,11.335474730693516
2,33,11.038925959557186
2,34,9.544497317490547
2,35,11.92888965128193
2,36,11.938459010319738
2,37,15.653948200405624
2,38,17.766667771116147
2,39,18.16973986958573
2,40,14.4677031031562
2,41,14.621319328792392
2,42,11.716063317994857
2,43,13.383992742395137
2,44,12.326453323592451
2,45,14.63185291290631
2,46,16.575781083912613
2,47,16.001802562249654
2,48,19.760156816860373
2,49,20.988293944446667
2,50,23.08356761715379
2,51,22.24039820823685
2,52,18.448438245116183
2,53,19.17569797025875
2,54,21.564767265667037
2,55,19.245312401470883
2,56,16.742123501972245
2,57,19.896627153861946
2,58,20.992814952968107
2,59,17.896232752309885
2,60,18.0015977602902
2,61,21.66817457125504
2,62,21.270258373698518
2,63,20.405409455361646
2,64,24.20109932097384
3,1,6.5049927498864415
3,2,3.811310513762555
3,4,3.8414330259732434
3,5,6.972221582320743
3,6,10.287781075636188
3,7,13.108763113569657
3,8,14.057657481332186
3,9,15.815457227444679
3,10,19.256572886433986
3,11,21.031258330922682
3,12,21.955701136677146
3,13,19.574245382618606
3,14,20.989860248975713
3,15,21.69211489218036
3,16,23.248687333450267
3,17,20.30812223979596
3,18,17.794551474607076
3,19,16.876573909140383
3,20,14.387273094225096
3,21,12.056795360716698
3,22,9.788892478811068
3,23,9.584099272884988
3,24,6.825084228994484
3,25,7.795910292772141
3,26,11.115582298609473
3,27,9.935825972099314
3,28,8.318019359402339
3,29,11.353492092410361
3,30,11.248796907972324
3,31,11.744104671268104
3,32,10.748072990993718
3,33,11.237534318174262
3,34,9.252008973946339
3,35,11.9479180757257
3,36,11.945149592507214
3,37,15.44802599018461
3,38,17.887129993470356
3,39,17.559711967321423
3,40,13.803919881167896
3,41,13.248774469251016
3,42,10.19651416299179
3,43,11.926380381333177
3,44,10.66287488838759
3,45,13.591203710082986
3,46,15.806185910091077
3,47,16.113384204578036
3,48,19.769296535745926
3,49,20.747972459424208
3,50,23.273249453465834
3,51,22.32619295749014
3,52,18.631954675195175
3,53,19.996683075276188
3,54,22.510925459850895
3,55,20.097641463972803
3,56,18.143930934643837
3,57,21.633605514083705
3,58,22.578592848584023
3,59,19.68058116673472
3,60,20.354088357960993
3,61,23.982441614697482
3,62,23.504588742241516
3,63,23.11831757825794
3,64,26.964343035289794
4,1,9.479848092393622
4,2,6.703716910474138
4,3,3.8414330259732434
4,5,3.8232621197398635
4,6,6.984545523266141
4,7,9.940302336279423
4,8,11.341664527981417
4,9,13.751804040421696
4,10,16.904383286455047
4,11,19.219484006877472
4,12,20.589479820465236
4,13,18.718554517120126
4,14,20.73028723881228
4,15,21.74224332856805
4,16,23.804311059464606
4,17,21.07610622416689
4,18,18.644386679347747
4,19,18.45885671003738
4,20,15.957477752700674
4,21,13.055896175155267
4,22,10.68023333513677
4,23,9.314018715001785
4,24,5.851093515836329
4,25,7.1499197802843995
4,26,9.547477459818307
4,27,8.246030415844064
4,28,5.414099242018434
4,29,7.789330839147502
4,30,7.621253288049716
4,31,8.85376298913367
4,32,8.437252880474583
4,33,10.12453295617024
4,34,8.918399806250884
4,35,12.292089938465939
4,36,13.24091967182147
4,37,16.641381764040784
4,38,19.61722114877306
4,39,19.20855913066259
4,40,15.68558739208537
4,41,14.21511338654908
4,42,10.712350943135126
4,43,11.33087069007449
4,44,8.997359822159993
4,45,11.678248180911257
4,46,13.400468828135676
4,47,14.136486276601357
4,48,17.516635901851703
4,49,18.6835718422738
4,50,21.625887835732748
4,51,21.075081390440914
4,52,17.470053215812303
4,53,18.975998003445792
4,54,21.876335286938044
4,55,19.872350518032462
4,56,18.13782432042397
4,57,21.71379410269213
4,58,23.004871449771368
4,59,20.584328285741258
4,60,21.32547451569718
4,61,25.007670233157985
4,62,24.978355896464176
4,63,24.946164507315444
4,64,28.780132052418836
5,1,13.030812148274734
5,2,9.813914822825753
5,3,6.972221582320743
5,4,3.8232621197398635
5,6,3.8040591738945677
5,7,6.198599810991454
5,8,7.6806335836138935
5,9,10.201346329074795
5,10,13.288559406067796
5,11,15.756019636683867
5,12,17.49151747277577
5,13,16.096610321627484
5,14,18.384858033130044
5,15,19.854660990716408
5,16,22.1670591350398
5,17,19.55174682889089
5,18,17.487602288870896
5,19,18.074812336244165
5,20,16.000997843698684
5,21,13.085296717319812
5,22,11.460619980361923
5,23,10.100119888953976
5,24,7.327498074763762
5,25,9.707349308381723
5,26,11.50651995623255
5,27,10.74110737026574
5,28,7.122719816029248
5,29,7.7350577420511115
5,30,6.199623619638218
5,31,8.064286130304403
5,32,6.991702934214473
5,33,9.094448659735669
5,34,7.931214978753559
5,35,11.21424519974869
5,36,12.671070665463093
5,37,15.627551705532202
5,38,18.983227419900665
5,39,18.379306265935462
5,40,15.26613038790501
5,41,12.947279740573565
5,42,9.370803659309807
5,43,9.008352521933586
5,44,6.1823142457835925
5,45,8.956583931892396
5,46,10.841937859961824
5,47,12.503403638120433
5,48,15.577767908553666
5,49,16.271152432239322
5,50,19.447256688836998
5,51,18.807213985467843
5,52,15.485846463113257
5,53,17.54248959725872
5,54,20.407929504721473
5,55,18.486750719231033
5,56,17.395173182918573
5,57,21.09815588304183
5,58,22.253296371915212
5,59,20.261750862587842
5,60,21.489580307582283
5,61,25.001874567371434
5,62,25.07137489324064
5,63,25.612220228514857
5,64,29.393040816080685
6,1,16.435813457100192
6,2,13.44646909071814
6,3,10.287781075636188
6,4,6.984545523266141
6,5,3.8040591738945677
6,7,3.8191740134112577
6,8,6.990430164361665
6,9,9.757038070387118
6,10,12.395487020328874
6,11,15.22283681022634
6,12,17.684932360775438
6,13,17.08688062761959
6,14,19.559842378817056
6,15,21.562205568387455
6,16,23.984260149477805
6,17,21.410256633739106
6,18,19.82755982752267
6,19,20.894460877383658
6,20,19.18649708310719
6,21,16.38269259629379
6,22,15.048815612057503
6,23,13.505484612428075
6,24,10.7779280433967
6,25,12.810845452692787
6,26,13.855451736745776
6,27,12.705561329162062
6,28,8.87287940230372
6,29,7.87100791609623
6,30,6.646299239515836
6,31,9.68359794631771
6,32,9.224911075457642
6,33,11.844100777011535
6,34,10.972180284722244
6,35,13.93057283944488
6,36,15.437401694317698
6,37,17.89658058302154
6,38,21.332901340304968
6,39,20.291090878425308
6,40,17.500415970206454
6,41,14.672451225666139
6,42,11.498346076947687
6,43,10.654009315906624
6,44,7.840980455053527
6,45,10.204925765501958
6,46,11.656194447753963
6,47,14.117412176480071
6,48,16.55502474987234
6,49,17.042462943631875
6,50,20.52241037703456
6,51,20.031574335313998
6,52,17.134942724780153
6,53,19.509733304536688
6,54,22.399328075290505
6,55,20.701703159346557
6,56,20.08087174716223
6,57,23.7598453376209
6,58,24.887031088405063
6,59,23.223428842712536
6,60,24.6690394736374
6,61,28.06541157077888
6,62,28.207123637804663
6,63,29.01648901442181
6,64,32.75173510580191
7,1,19.204718890335855
7,2,15.875326028340963
7,3,13.108763113569657
7,4,9.940302336279423
7,5,6.198599810991454
7,6,3.8191740134112577
7,8,3.8095700942959607
7,9,6.724960870942089
7,10,8.787266731958306
7,11,11.886429836978404
7,12,14.617493398995231
7,13,14.611036827777983
7,14,17.411104753671097
7,15,19.63602405574608
7,16,22.336335432920116
7,17,20.142941851364156
7,18,18.83357793639654
7,19,20.55616368048299
7,20,19.155237548823862
7,21,16.405847314978363
7,22,15.658385009669987
7,23,14.177553402955777
7,24,12.27582389797011
7,25,14.875459616972574
7,26,15.684083742415922
7,27,15.287888258334208
7,28,11.465700333903127
7,29,9.892770994416178
7,30,7.446502844559687
7,31,9.896645425126563
7,32,8.895871179289879
7,33,11.346121643296678
7,34,10.93567339456263
7,35,13.434723899636571
7,36,15.46697970844157
7,37,17.43613440802461
7,38,21.07983237743296
7,39,20.19316481821148
7,40,17.939941317129367
7,41,14.645534757143485
7,42,11.677670546829333
7,43,9.686086887361503
7,44,6.8260347461919775
7,45,8.18765316035006
7,46,9.36253226173166
7,47,12.547827050231733
7,48,14.413665275916761
7,49,14.363298986314996
7,50,17.904224204476904
7,51,17.4290602567521
7,52,15.00356116868797
7,53,17.697193631002598
7,54,20.445438321974883
7,55,19.01486730511865
7,56,18.970250810967137
7,57,22.540230156476223
7,58,23.59380076270161
7,59,22.44610106392961
7,60,24.16687837082754
7,61,27.31731366733402
7,62,27.655759163152986
7,63,28.921855437554655
7,64,32.51247605693156
8,1,19.810145109904244
8,2,16.190553042383705
8,3,14.057657481332186
8,4,11.341664527981417
8,5,7.6806335836138935
8,6,6.990430164361665
8,7,3.8095700942959607
8,9,3.7166892418159074
8,10,5.733469446360228
8,11,8.805197896139425
8,12,11.12221034866241
8,13,11.061968444812534
8,14,14.155473314480417
8,15,16.225951865771584
8,16,19.1725308935337
8,17,17.375855989984075
8,18,16.031012553582237
8,19,18.161100437098337
8,20,16.912505164317153
8,21,14.253386395121815
8,22,14.0980809206226
8,23,12.939820724623369
8,24,12.072190101426783
8,25,15.255038445136616
8,26,16.2554892183809
8,27,16.695196453292148
8,28,13.08335074678614
8,29,11.942034639440983
8,30,8.599546416084218
8,31,9.624899953417907
8,32,7.554336671663503
8,33,9.168619000627615
8,34,9.122850425490318
8,35,11.073002488179084
8,36,13.63378540828885
8,37,15.31596561978807
8,38,19.083659496460008
8,39,18.681385579960317
8,40,16.823828913785437
8,41,13.454344567471466
8,42,10.573567704329964
8,43,7.583807560995503
8,44,4.844516879905596
8,45,4.887660994255022
8,46,6.347255612530457
8,47,9.89650136510002
8,48,11.641657097102195
8,49,10.97756085748992
8,50,14.354530835517538
8,51,13.665649885028047
8,52,11.413567316987283
8,53,14.350344816373974
8,54,16.885789102598977
8,55,15.538338560177486
8,56,15.872194552175255
8,57,19.341457293058077
8,58,20.285187339344844
8,59,19.48483379856098
8,60,21.390717552178998
8,61,24.31785814086962
8,62,24.790575753280706
8,63,26.374564117562702
8,64,29.818025776495865
9,1,21.58028518492582
9,2,17.843093516475093
9,3,15.815457227444679
9,4,13.751804040421696
9,5,10.201346329074795
9,6,9.757038070387118
9,7,6.724960870942089
9,8,3.7166892418159074
9,10,3.8126635233938395
9,11,5.585532349796048
9,12,8.016548751866765
9,13,8.266712064493506
9,14,11.06002596667627
9,15,13.651867331186251
9,16,16.404815611714234
9,17,14.66500924421019
9,18,13.977031860630923
9,19,16.60313531534607
9,20,16.110259922025698
9,21,14.150286776068505
9,22,14.958576222681105
9,23,14.664572772938577
9,24,14.405248450780702
9,25,17.912238046488017
9,26,19.344034484015673
9,27,19.89389731785341
9,28,16.323585119995663
9,29,15.527478414341811
9,30,12.196086570893351
9,31,12.818496539973149
9,32,10.065040704345563
9,33,10.422434851752003
9,34,9.675367583166684
9,35,10.31551638673619
9,36,12.541288521781485
9,37,13.332827865517553
9,38,16.99828344568158
9,39,16.47433019883902
9,40,15.28491623774797
9,41,11.679750196451248
9,42,9.64530048851448
9,43,6.283486418908794
9,44,5.587036301872258
9,45,5.54004650249139
9,46,7.915512351405763
9,47,11.438479098931666
9,48,12.969588960954841
9,49,11.210147093642101
9,50,13.989044206302486
9,51,12.435594902263116
9,52,10.792389946348464
9,53,14.308804330213361
9,54,16.08677836360365
9,55,14.372082492037588
9,56,15.509200771605773
9,57,18.905452679620527
9,58,19.19488237793658
9,59,18.57515107238321
9,60,21.03938388244373
9,61,23.579215614458196
9,62,23.73352207866776
9,63,25.73771244138323
9,64,29.03190079535806
10,1,24.85639049187754
10,2,21.11786898968364
10,3,19.256572886433986
10,4,16.904383286455047
10,5,13.288559406067796
10,6,12.395487020328874
10,7,8.787266731958306
10,8,5.733469446360228
10,9,3.8126635233938395
10,11,3.826750904189205
10,12,6.819103165174852
10,13,8.594966366417653
10,14,11.798496685806386
10,15,14.334506216940376
10,16,17.408073909693815
10,17,16.41310084052572
10,18,15.969920487900112
10,19,19.015681443071834
10,20,18.63285285376594
10,21,16.659455180206457
10,22,17.549776574785685
10,23,16.943629197376602
10,24,17.00036679153324
10,25,20.401717645638694
10,26,21.325697512955184
10,27,22.185986817976048
10,28,18.688212928627102
10,29,17.344792317736495
10,30,13.864543418498586
10,31,14.26903525914587
10,32,11.949481896817218
10,33,12.458132767507282
10,34,12.60545266575926
10,35,13.071629625428017
10,36,15.645687055768125
10,37,16.092393369540275
10,38,19.66941605930614
10,39,19.389103172451545
10,40,18.625004506360874
10,41,15.047267292515842
10,42,13.273555301366962
10,43,9.70834519923666
10,44,8.854680300756897
10,45,7.307950221564114
10,46,8.064167520600693
10,47,11.745252117631777
10,48,12.113452289833042
10,49,9.819963958826506
10,50,12.528208642009224
10,51,11.403733570215266
10,52,10.796095801476223
10,53,14.215056054907611
10,54,15.837542411926659
10,55,14.884609393571468
10,56,16.508349095169084
10,57,19.469430592764642
10,58,19.897108066315003
10,59,19.99016757749679
10,60,22.409463188487734
10,61,24.65108195853471
10,62,25.195833476520683
10,63,27.4938808413879
10,64,30.551146063145435
11,1,26.505061247645017
11,2,22.723636583242403
11,3,21.031258330922682
11,4,19.219484006877472
11,5,15.756019636683867
11,6,15.22283681022634
11,7,11.886429836978404
11,8,8.805197896139425
11,9,5.585532349796048
11,10,3.826750904189205
11,12,3.8129576693567295
11,13,6.5344422456358675
11,14,9.043237117154744
11,15,12.023337188975319
11,16,14.768067241580276
11,17,14.052440748074941
11,18,14.369637221865814
11,19,17.79113440379031
11,20,18.153161877722578
11,21,16.918782608352018
11,22,18.578013734738978
11,23,18.697470758792182
11,24,19.207632103636204
11,25,22.832476043817945
11,26,24.159095644005085
11,27,25.111822345846818
11,28,21.656104877680413
11,29,20.698343257271738
11,30,17.185822554789734
11,31,17.306564786111764
11,32,14.483923499115445
11,33,14.0932362044825
11,34,13.713254240539351
11,35,13.090841439457675
11,36,15.202771871408947
11,37,14.738940403605813
11,38,17.98039183089168
11,39,17.71085453288276
11,40,17.694019683056116
11,41,14.212953334346741
11,42,13.354194755467939
11,43,9.965359867930966
11,44,10.535832722488612
11,45,9.217646866219138
11,46,10.642154743019587
11,47,13.870144327737432
11,48,14.248942023191814
11,49,11.2284623558409
11,50,12.959141534009882
11,51,10.878186814966325
11,52,11.050929412693936
11,53,14.72815295250708
11,54,15.433641200991849
11,55,14.143433147469509
11,56,16.497070806386205
11,57,19.236785293537146
11,58,18.961163895465234
11,59,19.257595039437728
11,60,22.137259097252056
11,61,23.919993008395075
11,62,24.135049779802365
11,63,26.803122007036816
11,64,29.64255515005171
12,1,26.841790481577377
12,2,23.08176275160888
12,3,21.955701136677146
12,4,20.589479820465236
12,5,17.49151747277577
12,6,17.684932360775438
12,7,14.617493398995231
12,8,11.12221034866241
12,9,8.016548751866765
12,10,6.819103165174852
12,11,3.8129576693567295
12,13,3.8195223031958903
12,14,6.225964690677288
12,15,8.729515760256895
12,16,11.658202333321176
12,17,11.710982761787836
12,18,12.085661663127432
12,19,15.75630058515435
12,20,16.415675158117992
12,21,15.642854087075156
12,22,17.854427002794687
12,23,18.44786227204066
12,24,19.686402661643314
12,25,23.414492501546587
12,26,24.93195241277023
12,27,26.316363590404155
12,28,23.13606935866837
12,29,22.610115062407143
12,30,18.92917569912196
12,31,18.323954130026873
12,32,15.161355590196292
12,33,13.87083723138953
12,34,13.639624596558644
12,35,12.18996413594215
12,36,14.334687445185677
12,37,13.433081001044869
12,38,16.40248493908436
12,39,16.826536037200405
12,40,17.242854177269585
12,41,14.243913324431452
12,42,13.719879394927663
12,43,10.396295658003837
12,44,11.594163602126804
12,45,9.774191850439598
12,46,11.187103788918739
12,47,13.599710640961787
12,48,13.912503690259932
12,49,10.44575980572021
12,50,11.101496104687822
12,51,8.258731105864646
12,52,9.16046752810819
12,53,12.734872998247743
12,54,12.627723290443353
12,55,11.306505833524138
12,56,14.218144472738247
12,57,16.55211887154135
12,58,15.880430192737611
12,59,16.577758079910073
12,60,19.617785268423848
12,61,20.97185331943513
12,62,21.203914898745694
12,63,24.146274657470233
12,64,26.72045731887321
13,1,23.971305080151094
13,2,20.28216102952983
13,3,19.574245382618606
13,4,18.718554517120126
13,5,16.096610321627484
13,6,17.08688062761959
13,7,14.611036827777983
13,8,11.061968444812534
13,9,8.266712064493506
13,10,8.594966366417653
13,11,6.5344422456358675
13,12,3.8195223031958903
13,14,3.842287676454218
13,15,5.740892347057986
13,16,8.964064574852538
13,17,8.72444078444881
13,18,8.427032760055148
13,19,12.034397614478394
13,20,12.628057826577399
13,21,12.08059810462391
13,22,14.630321239565744
13,23,15.737884626087782
13,24,17.34722954624335
13,25,21.124769682277744
13,26,23.01995070976482
13,27,24.53780740868893
13,28,21.604279243273627
13,29,21.686172592823237
13,30,18.048504805598654
13,31,17.018300601769948
13,32,13.48439075911375
13,33,11.418274984852417
13,34,10.862651740750177
13,35,8.806397448427322
13,36,10.937133579889093
13,37,10.144683802716962
13,38,13.192474794243559
13,39,14.141185103449255
13,40,14.367602526874306
13,41,11.799746603156064
13,42,11.218566513248952
13,43,8.15366554621992
13,44,9.923685057302032
13,45,8.37308615754312
13,46,10.497066063787187
13,47,12.21505231929186
13,48,13.36027028517879
13,49,10.281004110899044
13,50,10.69955444911935
13,51,7.306735438435107
13,52,7.142879564332407
13,53,10.739465529735966
13,54,10.502516983864007
13,55,8.29292792998832
13,56,11.06117951337801
13,57,13.659804593855325
13,58,12.768266167642844
13,59,13.005861262884707
13,60,16.171130720010677
13,61,17.668056461056686
13,62,17.678193730407905
13,63,20.502827910663786
13,64,23.214158218826647
14,1,25.118284001048895
14,2,21.572247292576584
14,3,20.989860248975713
14,4,20.73028723881228
14,5,18.384858033130044
14,6,19.559842378817056
14,7,17.411104753671097
14,8,14.155473314480417
14,9,11.06002596667627
14,10,11.798496685806386
14,11,9.043237117154744
14,12,6.225964690677288
14,13,3.842287676454218
14,15,3.8329875127386175
14,16,5.749073861033033
14,17,5.582598413982263
14,18,6.764091527396806
14,19,10.54407386323834
14,20,12.277556512608207
14,21,12.894224258665414
14,22,16.051472621232794
14,23,17.896566131575813
14,24,19.61670195291427
14,25,23.39646794924267
14,26,25.689290259151885
14,27,27.076671878507526
14,28,24.211680798422908
14,29,24.639846065293135
14,30,21.15330691492646
14,31,20.180933267574623
14,32,16.481061107223734
14,33,14.013694814729066
14,34,12.722720929300253
14,35,9.76439969928205
14,36,10.659166535073085
14,37,8.577208684703967
14,38,10.81434817614819
14,39,11.848265200545297
14,40,13.012466413501425
14,41,11.003029900195488
14,42,11.647024517246873
14,43,9.590274612019671
14,44,12.36998081564894
14,45,11.627623760045733
14,46,14.151343137082648
14,47,15.608383250882301
14,48,16.962877109849448
14,49,13.90984280430885
14,50,13.777141875384187
14,51,10.049042158352986
14,52,10.167014711959421
14,53,13.351207712168872
14,54,12.262993164037457
14,55,9.47611821416102
14,56,12.473592389538421
14,57,14.737784201949395
14,58,12.863082084756337
14,59,12.888031993493827
14,60,16.499501392180324
14,61,17.46958457193493
14,62,16.751581336735747
14,63,19.814210431182428
14,64,22.297005784563577
15,1,24.966297977012676
15,2,21.600379411910733
15,3,21.69211489218036
15,4,21.74224332856805
15,5,19.854660990716408
15,6,21.562205568387455
15,7,19.63602405574608
15,8,16.225951865771584
15,9,13.651867331186251
15,10,14.334506216940376
15,11,12.023337188975319
15,12,8.729515760256895
15,13,5.740892347057986
15,14,3.8329875127386175
15,16,3.8143941645488235
15,17,5.4799974463417245
15,18,5.467134686625733
15,19,9.01466939898315
15,20,10.686796147312325
15,21,11.727868450176718
15,22,15.161801188737474
15,23,17.301126707897833
15,24,19.671451949281117
15,25,23.310168878784452
15,26,25.620340374128013
15,27,27.42536593408125
15,28,24.960760258091014
15,29,25.721247298538596
15,30,22.217482249173774
15,31,20.619151473548165
15,32,16.93654594442471
15,33,13.890446535941422
15,34,13.06322898281621
15,35,9.792328095244022
15,36,10.826711963251167
15,37,8.995919860873041
15,38,10.701695170013005
15,39,12.879550142013775
15,40,13.96830429537081
15,41,12.795616142561345
15,42,13.189718657937524
15,43,11.383151260597622
15,44,13.881415289525878
15,45,12.717461670021688
15,46,14.835435617445272
15,47,15.343120096831132
15,48,16.68316788222476
15,49,13.842637346867463
15,50,12.876167904445353
15,51,9.098374386623918
15,52,9.34408951226788
15,53,11.678557842816387
15,54,9.795746121329913
15,55,6.84518131852466
15,56,10.055396748817975
15,57,11.68805733230426
15,58,9.328760579361978
15,59,9.731069548421445
15,60,13.379375642026382
15,61,13.901391490269308
15,62,13.284480949900948
15,63,16.569680217897773
15,64,18.802211455955938
16,1,26.2160075648905
16,2,23.067357155627228
16,3,23.248687333450267
16,4,23.804311059464606
16,5,22.1670591350398
16,6,23.984260149477805
16,7,22.336335432920116
16,8,19.1725308935337
16,9,16.404815611714234
16,10,17.408073909693815
16,11,14.768067241580276
16,12,11.658202333321176
16,13,8.964064574852538
16,14,5.749073861033033
16,15,3.8143941645488235
16,17,3.844788824776247
16,18,5.652823969786838
16,19,8.4598902576355
16,20,11.281524826211173
16,21,13.382420610251264
16,22,17.086880402529708
16,23,19.75133182820597
16,24,22.067722080042874
16,25,25.636827784403614
16,26,28.270304043378303
16,27,29.895527958539756
16,28,27.49684063647171
16,29,28.535073873966223
16,30,25.191803190006496
16,31,23.723093622266905
16,32,19.95887485183412
16,33,16.77882456251512
16,34,15.364762887839255
16,35,11.71464391489038
16,36,11.539228050523652
16,37,8.730300111911724
16,38,9.032206170952415
16,39,11.396306189538684
16,40,13.365398683443827
16,41,12.975074885521414
16,42,14.333711241552583
16,43,13.408244448108988
16,44,16.459703476420277
16,45,15.913677673269541
16,46,18.375949653296317
16,47,18.870272285715046
16,48,20.41926666535455
16,49,17.651743612882164
16,50,16.596883202018127
16,51,12.834574969403354
16,52,13.039383811336766
16,53,15.135532244763588
16,54,12.968779683023726
16,55,9.90717177158957
16,56,12.692824370888932
16,57,13.981831256861605
16,58,10.907770800607876
16,59,10.845326165635342
16,60,14.6211763777714
16,61,14.582182419812344
16,62,13.035394027407177
16,63,16.385181470374018
16,64,18.29575370338935
17,1,23.557651167591345
17,2,20.4167081589223
17,3,20.30812223979596
17,4,21.07610622416689
17,5,19.55174682889089
17,6,21.410256633739106
17,7,20.142941851364156
17,8,17.375855989984075
17,9,14.66500924421019
17,10,16.41310084052572
17,11,14.052440748074941
17,12,11.710982761787836
17,13,8.72444078444881
17,14,5.582598413982263
17,15,5.4799974463417245
17,16,3.844788824776247
17,18,3.834732672606346
17,19,6.532965913959792
17,20,9.608511009636374
17,21,11.764453453397106
17,22,15.37863754885893
17,23,18.19888371226582
17,24,20.03854087233229
17,25,23.608757676317495
17,26,26.497307387136015
17,27,27.71939305024784
17,28,25.21489135925077
17,29,26.409467615481958
17,30,23.293081233455506
17,31,22.20979379776725
17,32,18.389915420065893
17,33,15.381906850584745
17,34,13.218894295395621
17,35,9.525477545533963
17,36,8.522607703321317
17,37,5.199603110406462
17,38,5.764866486917427
17,39,7.703694827216664
17,40,9.613773484395034
17,41,9.259891988222563
17,42,11.040882727985172
17,43,10.785604110512013
17,44,14.242033731799346
17,45,14.53447164429397
17,46,17.58261325780949
17,47,18.4163273478525
17,48,20.515879086958392
17,49,18.032645531155808
17,50,17.760097954267245
17,51,14.078678809015612
17,52,13.368613368754046
17,53,15.88932357542064
17,54,14.556740671164416
17,55,11.003822528134336
17,56,13.111074531488699
17,57,15.246190655188945
17,58,12.618418877250962
17,59,11.46535979055871
17,60,15.22870748242339
17,61,15.980227593599574
17,62,14.103797079002067
17,63,16.888543804537655
17,64,19.357685976470833
18,1,20.563623638108012
18,2,17.443580929255436
18,3,17.794551474607076
18,4,18.644386679347747
18,5,17.487602288870896
18,6,19.82755982752267
18,7,18.83357793639654
18,8,16.031012553582237
18,9,13.977031860630923
18,10,15.969920487900112
18,11,14.369637221865814
18,12,12.085661663127432
18,13,8.427032760055148
18,14,6.764091527396806
18,15,5.467134686625733
18,16,5.652823969786838
18,17,3.834732672606346
18,19,3.808874298539515
18,20,6.030845805692687
18,21,8.072781531623692
18,22,11.778308252132732
18,23,14.715643986054262
18,24,16.879899811516406
18,25,20.352747397615747
18,26,23.235300130206618
18,27,24.70140149934572
18,28,22.48167792251605
18,29,23.930528767155298
18,30,20.861615822809217
18,31,19.379553430465577
18,32,15.610804926412573
18,33,12.284950261807904
18,34,10.354286035293399
18,35,6.564823789581049
18,36,6.103351549580419
18,37,4.316846392986834
18,38,6.0459771196777945
18,39,8.814849603122049
18,40,9.257036403825776
18,41,9.099887868808432
18,42,9.69337160089608
18,43,9.363620896182077
18,44,12.338132689159055
18,45,12.474064746847787
18,46,15.384804045480264
18,47,15.627097546793516
18,48,18.051551360458294
18,49,16.070890261667635
18,50,15.878896693101652
18,51,12.525762904841013
18,52,11.037646723575751
18,53,13.127990759675647
18,54,12.182514037386616
18,55,8.386879737997738
18,56,9.729364995351578
18,57,12.159771257738445
18,58,9.955354885965649
18,59,8.175165346217252
18,60,11.81083574520649
18,61,13.1366951884035
18,62,11.56532195504169
18,63,14.043504121035237
18,64,16.926132491142283
19,1,18.61305754643096
19,2,15.948932082414286
19,3,16.876573909140383
19,4,18.45885671003738
19,5,18.074812336244165
19,6,20.894460877383658
19,7,20.55616368048299
19,8,18.161100437098337
19,9,16.60313531534607
19,10,19.015681443071834
19,11,17.79113440379031
19,12,15.75630058515435
19,13,12.034397614478394
19,14,10.54407386323834
19,15,9.01466939898315
19,16,8.4598902576355
19,17,6.532965913959792
19,18,3.808874298539515
19,20,3.8140375177534334
19,21,7.2585291529439875
19,22,10.8414742311281
19,23,14.35234888103458
19,24,16.556882827243903
19,25,19.648206753947743
19,26,22.84827692906185
19,27,24.232163849451457
19,28,22.44769845107854
19,29,24.447358578642408
19,30,21.75758793709294
19,31,20.15238186033252
19,32,16.565342134003984
19,33,13.110669600363194
19,34,10.90038715406017
19,35,7.420762268479822
19,36,5.67463088612192
19,37,4.869967758207056
19,38,5.043120692477237
19,39,8.523165232285821
19,40,8.37215706856899
19,41,9.665619866066113
19,42,10.281441981012676
19,43,11.103530612887107
19,44,13.864631160428415
19,45,14.533827975597749
19,46,17.469313054483035
19,47,17.20398663556977
19,48,20.039317440837618
19,49,18.62352655689263
19,50,18.480287908293104
19,51,15.4614020397187
19,52,13.479973479896994
19,53,14.919232777482332
19,54,14.17354607896941
19,55,10.434829156247906
19,56,10.549856348110357
19,57,12.777121791926149
19,58,10.650227944755933
19,59,7.740075937370734
19,60,10.824446575944776
19,61,12.312948604442612
19,62,10.041936104164128
19,63,11.739796797226038
19,64,14.854238298858517
20,1,15.616589554557738
20,2,12.959973399060946
20,3,14.387273094225096
20,4,15.957477752700674
20,5,16.000997843698684
20,6,19.18649708310719
20,7,19.155237548823862
20,8,16.912505164317153
20,9,16.110259922025698
20,10,18.63285285376594
20,11,18.153161877722578
20,12,16.415675158117992
20,13,12.628057826577399
20,14,12.277556512608207
20,15,10.686796147312325
20,16,11.281524826211173
20,17,9.608511009636374
20,18,6.030845805692687
20,19,3.8140375177534334
20,21,3.825961115925068
20,22,7.2244389282326535
20,23,10.849210595082761
20,24,13.307070779741073
20,25,16.20795022316942
20,26,19.36560064967699
20,27,20.95683259117318
20,28,19.488952812847547
20,29,21.70623264024217
20,30,19.1677787724563
20,31,17.24278133405156
20,32,13.896248490373617
20,33,10.365605759730457
20,34,8.556840794141676
20,35,5.88914354650999
20,36,5.250483602930801
20,37,6.9033013683678695
20,38,8.247540517990894
20,39,11.125766958881561
20,40,9.683017659281385
20,41,10.62378814050297
20,42,9.868247977504002
20,43,10.528922565360942
20,44,12.37956753695432
20,45,12.956856135814636
20,46,15.571216510405074
20,47,14.754447370546858
20,48,17.889458451615837
20,49,17.138628688339615
20,50,17.284136917483252
20,51,14.866639344349473
20,52,12.180173453802494
20,53,13.082310073002924
20,54,13.109914738860294
20,55,9.661391473595103
20,56,8.46566366745414
20,57,11.077989488189441
20,58,10.032913721001696
20,59,6.561934672685873
20,60,8.757194439400752
20,61,11.283656640845455
20,62,9.819680339877658
20,63,10.717785758155365
20,64,14.339476856868528
21,1,13.70532131153709
21,2,10.667505639410255
21,3,12.056795360716698
21,4,13.055896175155267
21,5,13.085296717319812
21,6,16.38269259629379
21,7,16.405847314978363
21,8,14.253386395121815
21,9,14.150286776068505
21,10,16.659455180206457
21,11,16.918782608352018
21,12,15.642854087075156
21,13,12.08059810462391
21,14,12.894224258665414
21,15,11.727868450176718
21,16,13.382420610251264
21,17,11.764453453397106
21,18,8.072781531623692
21,19,7.2585291529439875
21,20,3.825961115925068
21,22,3.7823457993776395
21,23,7.128365323287946
21,24,9.759248517133383
21,25,12.81968115689251
21,26,15.774842312905058
21,27,17.548983018733075
21,28,16.055467397378397
21,29,18.174153964152605
21,30,15.596903685653658
21,31,13.476613593570999
21,32,10.249139934977958
21,33,6.734529833265666
21,34,5.500465484848152
21,35,4.310245039125183
21,36,5.782811289638913
21,37,8.72333533767253
21,38,11.15839775120463
21,39,13.350093329403576
21,40,11.214508902672078
21,41,11.16412185448847
21,42,9.091480745867598
21,43,9.05259293517542
21,44,9.78965425621044
21,45,10.151755492875447
21,46,12.447911480693524
21,47,11.40168849372925
21,48,14.801595249056144
21,49,14.594072720416802
21,50,15.29526481079015
21,51,13.490346052187254
21,52,10.167765171785694
21,53,10.946853046471304
21,54,12.0445173963325
21,55,9.088148974258182
21,56,7.073241003296824
21,57,10.393834990675256
21,58,10.632743653054057
21,59,7.662263709471009
21,60,9.052491124007917
21,61,12.372869940083088
21,62,12.028579905278377
21,63,12.662246428323314
21,64,16.39488792809207
22,1,10.848085674623093
22,2,7.883613843146585
22,3,9.788892478811068
22,4,10.68023333513677
22,5,11.460619980361923
22,6,15.048815612057503
22,7,15.658385009669987
22,8,14.0980809206226
22,9,14.958576222681105
22,10,17.549776574785685
22,11,18.578013734738978
22,12,17.854427002794687
22,13,14.630321239565744
22,14,16.051472621232794
22,15,15.161801188737474
22,16,17.086880402529708
22,17,15.37863754885893
22,18,11.778308252132732
22,19,10.8414742311281
22,20,7.2244389282326535
22,21,3.7823457993776395
22,23,3.802439280119947
22,24,6.4874856063996535
22,25,9.169930093919824
22,26,12.1676357057243
22,27,14.032906804052326
22,28,12.97313165601275
22,29,15.436712757796975
22,30,13.30554939378807
22,31,11.003908611987859
22,32,8.482580492092465
22,33,5.738771910882412
22,34,5.421645216639227
22,35,6.709145678609087
22,36,8.365535935118473
22,37,11.879154194471406
22,38,14.395420562436808
22,39,16.140834829786428
22,40,13.382816616002048
22,41,13.187621611974716
22,42,10.346544202561347
22,43,10.40118751461997
22,44,9.839404978286263
22,45,10.400723582328988
22,46,12.117569989448352
22,47,10.635877482761419
22,48,14.319850369045076
22,49,15.052303690770385
22,50,16.29771565408649
22,51,15.286982398763863
22,52,11.59399915258849
22,53,11.85445861430785
22,54,13.869409240266881
22,55,11.639878830581447
22,56,8.878565270427622
22,57,12.044397275851452
22,58,13.25777311409537
22,59,10.490372240380447
22,60,10.716185641046737
22,61,14.442878117287373
22,62,14.619639086629105
22,63,14.50577413915303
22,64,18.281323103171193
23,1,10.969178254073155
23,2,8.064232862291293
23,3,9.584099272884988
23,4,9.314018715001785
23,5,10.100119888953976
23,6,13.505484612428075
23,7,14.177553402955777
23,8,12.939820724623369
23,9,14.664572772938577
23,10,16.943629197376602
23,11,18.697470758792182
23,12,18.44786227204066
23,13,15.737884626087782
23,14,17.896566131575813
23,15,17.301126707897833
23,16,19.75133182820597
23,17,18.19888371226582
23,18,14.715643986054262
23,19,14.35234888103458
23,20,10.849210595082761
23,21,7.128365323287946
23,22,3.802439280119947
23,24,3.817214622123568
23,25,6.431649560433472
23,26,8.783795903856118
23,27,11.093593046484395
23,28,10.144595344078395
23,29,12.38607299841315
23,30,10.339686340222302
23,31,7.611255044852198
23,32,5.979432589500166
23,33,4.665735829882394
23,34,6.217463409689182
23,35,8.947948255973445
23,36,11.325486966736408
23,37,14.865618992457142
23,38,17.757695386375833
23,39,19.18479936291578
23,40,16.293707963612935
23,41,15.472451357233522
23,42,12.087149529422293
23,43,11.45649402241075
23,44,9.57319269427556
23,45,9.670000437823816
23,46,10.408288274224601
23,47,8.595943284445516
23,48,12.27677313896095
23,49,13.839435705003043
23,50,15.64091245992912
23,51,15.461005934061937
23,52,11.659486689434484
23,53,11.611861252461681
23,54,14.480851214997484
23,55,13.059749900694625
23,56,10.209417106816987
23,57,13.250913345784415
23,58,15.268993875897172
23,59,13.148628981438485
23,60,12.932035421267638
23,61,16.725264916828728
23,62,17.56462024760333
23,63,17.426974232293734
23,64,21.063072848253043
24,1,9.280266412818213
24,2,6.293550758706837
24,3,6.825084228994484
24,4,5.851093515836329
24,5,7.327498074763762
24,6,10.7779280433967
24,7,12.27582389797011
24,8,12.072190101426783
24,9,14.405248450780702
24,10,17.00036679153324
24,11,19.207632103636204
24,12,19.686402661643314
24,13,17.34722954624335
24,14,19.61670195291427
24,15,19.671451949281117
24,16,22.067722080042874
24,17,20.03854087233229
24,18,16.879899811516406
24,19,16.556882827243903
24,20,13.307070779741073
24,21,9.759248517133383
24,22,6.4874856063996535
24,23,3.817214622123568
24,25,3.8106019278932366
24,26,6.6099300615095276
24,27,7.902376490737954
24,28,6.523276050136468
24,29,9.167027184250848
24,30,7.825688634784153
24,31,6.210237888412906
24,32,5.614116704202805
24,33,6.417145907467479
24,34,7.009312116952262
24,35,10.526786365634695
24,36,12.46763411903283
24,37,16.155664895732485
24,38,19.167339267266588
24,39,19.9011357500499
24,40,16.629725047627367
24,41,15.534917170059654
24,42,11.872788796175893
24,43,11.627250246435393
24,44,9.134880271193467
24,45,10.213316641995213
24,46,11.104838261565668
24,47,10.267995407208007
24,48,13.866446651276382
24,49,15.585262863095412
24,50,18.028838875160375
24,51,17.916484370961598
24,52,14.118881261760542
24,53,14.637255626634822
24,54,17.710112265460804
24,55,16.188338842439528
24,56,13.724321248507932
24,57,16.947468097856667
24,58,18.821495410025822
24,59,16.59914729470131
24,60,16.632938572519144
24,61,20.42710698809209
24,62,21.006676461992615
24,63,20.788993385663023
24,64,24.51049904143899
25,1,8.11246551691802
25,2,6.623791427692105
25,3,7.795910292772141
25,4,7.1499197802843995
25,5,9.707349308381723
25,6,12.810845452692787
25,7,14.875459616972574
25,8,15.255038445136616
25,9,17.912238046488017
25,10,20.401717645638694
25,11,22.832476043817945
25,12,23.414492501546587
25,13,21.124769682277744
25,14,23.39646794924267
25,15,23.310168878784452
25,16,25.636827784403614
25,17,23.608757676317495
25,18,20.352747397615747
25,19,19.648206753947743
25,20,16.20795022316942
25,21,12.81968115689251
25,22,9.169930093919824
25,23,6.431649560433472
25,24,3.8106019278932366
25,26,3.8163200883037285
25,27,5.0199592651847125
25,28,5.649058807823762
25,29,8.984277575898552
25,30,9.120225522977485
25,31,7.771582197145548
25,32,8.761836393663575
25,33,9.977360731691446
25,34,10.76601112219484
25,35,14.156153548162312
25,36,15.780990219623094
25,37,19.556738945017912
25,38,22.324500130622567
25,39,23.047936180450126
25,40,19.588021694461045
25,41,18.823379170269405
25,42,15.245568024437823
25,43,15.335154634414712
25,44,12.773256893018202
25,45,13.815982865065218
25,46,14.19868302590404
25,47,12.98165227043203
25,48,16.27033179097532
25,49,18.537343736992916
25,50,20.96226772824703
25,51,21.238710234206746
25,52,17.47304131288981
25,53,17.491433864819996
25,54,20.6803882267482
25,55,19.441186397134018
25,56,16.611774795604244
25,57,19.467432840472743
25,58,21.63384323046039
25,59,19.33832105829365
25,60,18.77635525599221
25,61,22.609949025657443
25,62,23.326893291609643
25,63,22.574077428534203
25,64,26.210214511898176
26,1,11.422217150707512
26,2,10.385530563292514
26,3,11.115582298609473
26,4,9.547477459818307
26,5,11.50651995623255
26,6,13.855451736745776
26,7,15.684083742415922
26,8,16.2554892183809
26,9,19.344034484015673
26,10,21.325697512955184
26,11,24.159095644005085
26,12,24.93195241277023
26,13,23.01995070976482
26,14,25.689290259151885
26,15,25.620340374128013
26,16,28.270304043378303
26,17,26.497307387136015
26,18,23.235300130206618
26,19,22.84827692906185
26,20,19.36560064967699
26,21,15.774842312905058
26,22,12.1676357057243
26,23,8.783795903856118
26,24,6.6099300615095276
26,25,3.8163200883037285
26,27,3.8077947806066015
26,28,5.639302022809909
26,29,7.921887043374023
26,30,8.71425899436957
26,31,7.301438557349368
26,32,9.782285742664978
26,33,11.808694952821114
26,34,13.438453189444715
26,35,16.981983637288884
26,36,19.054043965755067
26,37,22.752377005527286
26,38,25.70937452421231
26,39,26.459262166080713
26,40,23.086462753595413
26,41,22.004379066838656
26,42,18.295646362313846
26,43,17.844425984980937
26,44,14.778465443819508
26,45,15.203671204743749
26,46,14.655050043115123
26,47,13.243867502586566
26,48,15.914716094710796
26,49,18.75623002673225
26,50,21.33980604017428
26,51,22.26387336715588
26,52,18.69439361085242
26,53,18.360734491921193
26,54,21.863032128339114
26,55,21.231116957264476
26,56,18.405050238539186
26,57,20.973224007712535
26,58,23.586013505978233
26,59,21.73134079991263
26,60,20.891116938563727
26,61,24.66604171176322
26,62,25.8543152791423
26,63,25.137951240667963
26,64,28.621080318050083
27,1,10.68498543209521
27,2,10.091919192958033
27,3,9.935825972099314
27,4,8.246030415844064
27,5,10.74110737026574
27,6,12.705561329162062
27,7,15.287888258334208
27,8,16.695196453292148
27,9,19.89389731785341
27,10,22.185986817976048
27,11,25.111822345846818
27,12,26.316363590404155
27,13,24.53780740868893
27,14,27.076671878507526
27,15,27.42536593408125
27,16,29.895527958539756
27,17,27.71939305024784
27,18,24.70140149934572
27,19,24.232163849451457
27,20,20.95683259117318
27,21,17.548983018733075
27,22,14.032906804052326
