1,2,3.8510350627508263
1,3,7.024005798669621
1,4,9.44360622792415
1,5,12.380273194784822
1,6,13.978051589978557
1,7,15.953658913581714
1,8,19.615289975912788
1,9,21.70751886271421
1,10,23.13258631012867
1,11,21.071505888934738
1,12,22.596029306349738
1,13,23.55901482622739
1,14,25.340342688945054
1,15,22.3716852800961
1,16,19.985142151976618
1,17,19.367910231323584
1,18,17.091569439312835
1,19,14.36613782859606
1,20,11.942149027442188
1,21,10.635239628980953
1,22,7.407277218151962
1,23,8.25841446181595
1,24,11.155718143769482
1,25,9.911321352600016
1,26,8.287599724313399
1,27,11.182152488175888
1,28,11.092132960932275
1,29,10.313671441408829
1,30,10.780597089462393
1,31,12.383786344617029
1,32,10.913389583680042
1,33,13.992700016143926
1,34,14.211165126867469
1,35,17.488070620079725
1,36,20.09644794998733
1,37,19.567474882550172
1,38,15.919315005395784
1,39,14.566878234195196
1,40,11.787526285023755
1,41,13.268343007956734
1,42,11.473847602620307
1,43,14.181605373508416
1,44,15.809498426832127
1,45,16.319867826887698
1,46,19.744756453776983
1,47,21.020807658925914
1,48,23.93691435999296
1,49,23.355353181444887
1,50,19.756814784500282
1,51,21.2805140195203
1,52,24.068350761727316
1,53,21.923821770935742
1,54,20.014910719786826
1,55,23.513239289400868
1,56,24.751665839565504
1,57,21.984450778887318
1,58,22.492584256607252
1,59,26.206432561260588
1,60,25.60277061906833
1,61,23.56383370684557
1,62,25.889838669598618
2,1,3.8510350627508263
2,3,3.7979436418345096
2,4,6.394656736998194
2,5,9.045466846723478
2,6,10.724368889486804
2,7,13.25419435065362
2,8,16.697908608771087
2,9,19.20499430049806
2,10,20.857322256796994
2,11,19.168255673577438
2,12,21.235452318353744
2,13,22.370674612870342
2,14,24.622328301302733
2,15,21.941198021937968
2,16,19.580591055882802
2,17,19.64018242889668
2,18,17.2778646018837
2,19,14.119524327733803
2,20,11.818499635714822
2,21,9.67570380041653
2,22,6.379918911112318
2,23,7.468289380438178
2,24,9.439892459837555
2,25,8.384618406707224
2,26,5.514841554857903
2,27,7.755346354247944
2,28,7.272164031428177
2,29,7.040975948677627
2,30,7.940816807045222
2,31,10.403428683933564
2,32,9.654702471791662
2,33,13.176967162577247
2,34,14.332813329298626
2,35,17.54293885984581
2,36,20.6561908428397
2,37,20.25246028134006
2,38,16.892129630667174
2,39,14.814272093187029
2,40,11.496027425262707
2,41,11.842314789232365
2,42,9.1597363272693
2,43,11.444221513976258
2,44,12.61744418461328
2,45,13.551372554904255
2,46,16.702247069002137
2,47,17.9678546717129
2,48,21.15985890504358
2,49,20.844935891230424
2,50,17.401369594319753
2,51,19.0978448084644
2,52,22.10598196931034
2,53,20.331507219041068
2,54,18.69450212475002
2,55,22.22108349908356
2,56,23.723287753987517
2,57,21.425677015698547
2,58,22.035744101263486
2,59,25.76239699371177
2,60,25.583811661806422
2,61,23.90263358988223
2,62,26.086423390609742
3,1,7.024005798669621
3,2,3.7979436418345096
3,4,3.831854169613143
3,5,5.527207211642013
3,6,7.075898536770641
3,7,9.547260828983184
3,8,12.957891758304955
3,9,15.550662264147435
3,10,17.451989562995674
3,11,16.14309773565287
3,12,18.403494826681584
3,13,19.926215836189762
3,14,22.36303586037178
3,15,19.79613154230212
3,16,17.788451401535326
3,17,18.53609837595324
3,18,16.564311694727664
3,19,13.510517165068258
3,20,12.056096007962989
3,21,10.13445247230112
3,22,7.886432516310959
3,23,9.960657466497466
3,24,11.401005571436945
3,25,10.963943841327678
3,26,7.346691674204
3,27,7.976613580652848
3,28,5.8473434326851335
3,29,6.767989745415098
3,30,6.6502216000363985
3,31,9.158757471350185
3,32,8.256126615226245
3,33,11.53606074264274
3,34,13.123144857265807
3,35,15.89454415846743
3,36,19.325267904578254
3,37,18.793823527544557
3,38,15.868734542097464
3,39,13.124079835464553
3,40,9.695101540832301
3,41,9.130608648799885
3,42,6.126716516362254
3,43,8.597459899650921
3,44,10.137431165775974
3,45,11.97610620127828
3,46,14.937486628471767
3,47,15.53318698189122
3,48,18.81131882848286
3,49,18.21982219774153
3,50,15.060347804515303
3,51,17.335981071262758
3,52,20.146780061886982
3,53,18.36104864776567
3,54,17.365663242489003
3,55,21.01989079592379
3,56,22.300829976219585
3,57,20.3605593371375
3,58,21.484104494619512
3,59,25.037663471510015
3,60,24.90483827169476
3,61,23.77233772501616
3,62,26.132777633261142
4,1,9.44360622792415
4,2,6.394656736998194
4,3,3.831854169613143
4,5,3.7978784347698626
4,6,7.163041594537805
4,7,9.708859278456142
4,8,12.591969237571979
4,9,15.590727727444136
4,10,18.189492134198552
4,11,17.644777184197913
4,12,19.987944737090643
4,13,22.03697725927359
4,14,24.49842552728545
4,15,21.91105194895681
4,16,20.400937441300922
4,17,21.51813297991281
4,18,19.907608404219644
4,19,17.030232639810638
4,20,15.832298695805726
4,21,13.852900866602116
4,22,11.510861500081731
4,23,13.013536740714834
4,24,13.806566340461126
4,25,12.6589691280633
4,26,8.93308174556591
4,27,8.141284159457058
4,28,6.484689946041651
4,29,9.088417348134842
4,30,9.64135878890504
4,31,12.432456835031687
4,32,11.628847889801273
4,33,14.549451491557972
4,34,16.040200071330997
4,35,18.325067881148595
4,36,21.768129511943304
4,37,20.739124492715174
4,38,18.119052402003394
4,39,14.977389138280321
4,40,12.018343238921156
4,41,11.162856358184579
4,42,8.377150952744612
4,43,10.623608666458805
4,44,11.795992926219402
4,45,14.370291085091864
4,46,16.737868104884477
4,47,17.02394094038964
4,48,20.528178191291037
4,49,19.977057898097126
4,50,17.266022589016195
4,51,19.872306584603166
4,52,22.614622812351325
4,53,20.9900971292905
4,54,20.44811850532322
4,55,24.081461880369563
4,56,25.288831496017817
4,57,23.59814100357844
4,58,24.940521620351326
4,59,28.394403141854
4,60,28.2799997690146
4,61,27.368509995270834
4,62,29.779768264938884
5,1,12.380273194784822
5,2,9.045466846723478
5,3,5.527207211642013
5,4,3.7978784347698626
5,6,3.819056870596292
5,7,6.616414410920477
5,8,9.0226414615489
5,9,12.311216684255797
5,10,15.047594944210697
5,11,14.972661465456248
5,12,17.68159812386834
5,13,19.86436306181709
5,14,22.617214033422172
5,15,20.428694368123463
5,16,19.114995649719415
5,17,20.836728230731694
5,18,19.40812128289197
5,19,16.591945091973358
5,20,15.961972706962413
5,21,14.04853732056015
5,22,12.578492629127595
5,23,14.539021211619456
5,24,14.947057471104522
5,25,14.588535244063022
5,26,10.735591924132223
5,27,9.20480252733504
5,28,6.312509671162026
5,29,9.177261393932875
5,30,8.964344720198818
5,31,11.49005025259089
5,32,11.1294631112186
5,33,13.63923902981434
5,34,15.717256649117953
5,35,17.616247864681334
5,36,21.27191755952389
5,37,20.48008298793956
5,38,18.346510094316002
5,39,14.888641153608082
5,40,11.899231416264605
5,41,9.896450233773155
5,42,6.97685306630613
5,43,8.326271635754711
5,44,9.303985025266066
5,45,12.527753176624183
5,46,14.418242974830216
5,47,14.118013082002067
5,48,17.612654127728792
5,49,17.01240073790165
5,50,14.738030899650873
5,51,17.639350299837282
5,52,20.203227968827665
5,53,18.840667675975013
5,54,18.829829854465398
5,55,22.345938210881584
5,56,23.502547567608183
5,57,22.306478076027986
5,58,23.88737492546149
5,59,27.122296986177776
5,60,27.245237230182752
5,61,26.795066133923267
5,62,29.144700767681222
6,1,13.978051589978557
6,2,10.724368889486804
6,3,7.075898536770641
6,4,7.163041594537805
6,5,3.819056870596292
6,7,3.806382285151455
6,8,6.22495982039965
6,9,9.405639182974962
6,10,11.692671201929492
6,11,11.531664669863689
6,12,14.581780951347273
6,13,16.56588892374435
6,14,19.58294568519408
6,15,17.81184208190551
6,16,16.431497436720228
6,17,18.540899516968512
6,18,17.168986944640224
6,19,14.451292156977193
6,20,14.38606576818776
6,21,12.770831349210038
6,22,12.358529638534689
6,23,14.881509319263927
6,24,15.314976424247133
6,25,15.898396411379768
6,26,12.18466708220773
6,27,10.938870878046002
6,28,7.281538564293138
6,29,9.087455768498208
6,30,7.593848776318543
6,31,9.276581267257221
6,32,9.306940545445011
6,33,11.307275544519717
6,34,13.958896801216675
6,35,15.643858169559682
6,36,19.419385537965947
6,37,19.136396694767463
6,38,17.35007425618884
6,39,13.926651804040485
6,40,10.842449797304633
6,41,7.870440650149914
6,42,4.990603452370947
6,43,5.050840266490504
6,44,6.303911097524289
6,45,9.842069821068865
6,46,11.620546424570637
6,47,10.728837717938783
6,48,14.032375098679363
6,49,13.221431317711014
6,50,11.102307150344739
6,51,14.214349610249885
6,52,16.571833248657704
6,53,15.32023819307333
6,54,15.657834742454979
6,55,19.06457558939586
6,56,20.14688278331737
6,57,19.304062963894797
6,58,21.039217596698485
6,59,24.069788631454056
6,60,24.372881924765725
6,61,24.276007825038498
6,62,26.55166773942848
7,1,15.953658913581714
7,2,13.25419435065362
7,3,9.547260828983184
7,4,9.708859278456142
7,5,6.616414410920477
7,6,3.806382285151455
7,8,3.81156855552784
7,9,6.035994064650586
7,10,8.514887895249036
7,11,8.679386237914192
7,12,11.40562688695759
7,13,13.919848761248117
7,14,16.726455739425102
7,15,14.970544980750134
7,16,14.247229903878551
7,17,16.828228473159676
7,18,16.200724290012467
7,19,14.206160840104122
7,20,15.099734102083527
7,21,14.392753717686162
7,22,14.604131319121976
7,23,17.634694390434422
7,24,18.521955315944975
7,25,19.276376517046145
7,26,15.587472390016977
7,27,14.664874250212208
7,28,11.009474466329287
7,29,12.384418418345112
7,30,10.086146999381292
7,31,10.515250658537708
7,32,9.679259885141768
7,33,10.372246139860259
7,34,12.665878825871102
7,35,13.478031640605677
7,36,17.155126595527072
7,37,16.708922728672206
7,38,15.572228643732977
7,39,11.986837154881758
7,40,9.634543888903725
7,41,6.259672343785628
7,42,5.411331883141394
7,43,5.8108029464106705
7,44,8.237783846174972
7,45,11.603083764380077
7,46,13.328453053739244
7,47,11.44867603818115
7,48,14.04557971893488
7,49,12.264421456858996
7,50,10.671319141504831
7,51,14.307150522373595
7,52,15.85192177907496
7,53,14.141738567546511
7,54,15.248638521000524
7,55,18.64917620133499
7,56,19.03339226357416
7,57,18.3079581309003
7,58,20.64696766276588
7,59,23.315828684884508
7,60,23.280676640664907
7,61,23.66559785055155
7,62,26.243428392340586
8,1,19.615289975912788
8,2,16.697908608771087
8,3,12.957891758304955
8,4,12.591969237571979
8,5,9.0226414615489
8,6,6.22495982039965
8,7,3.81156855552784
8,9,3.8402292624339256
8,10,6.997949369664145
8,11,8.757136707357285
8,12,11.735442814735377
8,13,14.40828633431632
8,14,17.385513912648936
8,15,16.302795304570864
8,16,16.05969502424056
8,17,19.12295768991244
8,18,18.763699997023227
8,19,16.982739944930113
8,20,18.142179683914172
8,21,17.36297190745276
8,22,17.84114158400989
8,23,20.70741223339785
8,24,21.138920782036873
8,25,22.035158374452518
8,26,18.374140843749345
8,27,16.877821097904853
8,28,13.25965102389073
8,29,14.904340460604782
8,30,12.801061549926164
8,31,13.160736376904483
8,32,12.929445529257867
8,33,13.201336828698953
8,34,15.665955786774742
8,35,15.94065824161825
8,36,19.464029884361715
8,37,19.11860396169479
8,38,18.549671637311615
8,39,15.002255048991627
8,40,13.080290812579014
8,41,9.552196479165042
8,42,8.977046092190974
8,43,8.133416280298775
8,44,9.428916757004759
8,45,12.94590712276828
8,46,13.651763752401846
8,47,11.034422209039265
8,48,13.296609505558596
8,49,11.553782761730954
8,50,11.154940790384776
8,51,14.833352329898283
8,52,15.957130650399465
8,53,14.843701032905983
8,54,16.633205817305203
8,55,19.59763451869748
8,56,19.909057037783214
8,57,19.879873543703003
8,58,22.32992727109146
8,59,24.627642915385174
8,60,24.878027421710666
8,61,25.7217164489137
8,62,28.115591900494717
9,1,21.70751886271421
9,2,19.20499430049806
9,3,15.550662264147435
9,4,15.590727727444136
9,5,12.311216684255797
9,6,9.405639182974962
9,7,6.035994064650586
9,8,3.8402292624339256
9,10,3.804629848318887
9,11,6.482681971136722
9,12,8.807360560999992
9,13,11.842808190826744
9,14,14.519795609512677
9,15,13.772369046898623
9,16,14.240032245359869
9,17,17.667148063657837
9,18,17.999027152440775
9,19,16.96809441604761
9,20,18.87209051111314
9,21,18.822229502089368
9,22,19.835801355868043
9,23,23.05315828501758
9,24,23.8484948189304
9,25,24.994224914527923
9,26,21.39682571907671
9,27,20.287666068731756
9,28,16.574780686149598
9,29,17.742833071954568
9,30,15.08691598375909
9,31,14.55235748835487
9,32,13.859236359639501
9,33,13.031792733618966
9,34,15.08411995471566
9,35,14.48232253881462
9,36,17.65672052115175
9,37,17.400233338644878
9,38,17.569648021536096
9,39,14.272356175007992
9,40,13.16045508939142
9,41,9.79617651559253
9,42,10.621403948665817
9,43,9.903991056734567
9,44,11.77959220021851
9,45,14.770610888337027
9,46,15.532858183451095
9,47,12.399989620023362
9,48,13.681626590990378
9,49,11.03834558827218
9,50,11.287775443997868
9,51,15.050053343605983
9,52,15.25286191190587
9,53,13.79217373398666
9,54,16.255325333377066
9,55,18.996809974657385
9,56,18.60633652785524
9,57,18.784900438267307
9,58,21.68807032664967
9,59,23.524640774565043
9,60,23.4982364301402
9,61,24.82375441899669
9,62,27.388102000310223
10,1,23.13258631012867
10,2,20.857322256796994
10,3,17.451989562995674
10,4,18.189492134198552
10,5,15.047594944210697
10,6,11.692671201929492
10,7,8.514887895249036
10,8,6.997949369664145
10,9,3.804629848318887
10,11,3.830187082213588
10,12,6.115366836873912
10,13,8.647601772034848
10,14,11.511334384806837
10,15,11.57546159118086
10,16,12.102440104764566
10,17,15.778337715042579
10,18,16.347236452310458
10,19,15.80952415571054
10,20,18.2364159648184
10,21,18.68262304025874
10,22,20.386672445350467
10,23,23.77739967664157
10,24,24.704208690134973
10,25,26.341487658893357
10,26,22.980078060245415
10,27,22.248660715354443
10,28,18.454153632933014
10,29,18.913311643790617
10,30,15.806855562736642
10,31,14.411384913178388
10,32,13.882660718747895
10,33,12.24835462018712
10,34,14.354756739047344
10,35,13.371294485913305
10,36,16.257536314955253
10,37,16.709853368989087
10,38,17.26637378557945
10,39,14.528834561070212
10,40,13.64753808436889
10,41,10.36950417863124
10,42,11.769628696182895
10,43,10.487688395272244
10,44,12.350873143506258
10,45,14.554080570033264
10,46,15.220029574902023
10,47,11.809148796761763
10,48,12.056613496869673
10,49,8.7636341071329
10,50,9.649202522641739
10,51,13.160076069375064
10,52,12.542246937431699
10,53,11.043704452799568
10,54,14.05257672803695
10,55,16.373156168220117
10,56,15.56906643390323
10,57,16.169024329830826
10,58,19.238426134319884
10,59,20.632527174575422
10,60,20.662830239572784
10,61,22.403221378448578
10,62,24.86274195780268
11,1,21.071505888934738
11,2,19.168255673577438
11,3,16.14309773565287
11,4,17.644777184197913
11,5,14.972661465456248
11,6,11.531664669863689
11,7,8.679386237914192
11,8,8.757136707357285
11,9,6.482681971136722
11,10,3.830187082213588
11,12,3.8563051729550524
11,13,5.667699785776624
11,14,8.925543928095141
11,15,8.735058923010698
11,16,8.510066619467958
11,17,12.118144241912544
11,18,12.55168712992591
11,19,12.19691973939501
11,20,14.90928894791459
11,21,15.831095616110629
11,22,17.916747299426454
11,23,21.480513770260266
11,24,22.776197301734733
11,25,24.65539542689382
11,26,21.526987668393502
11,27,21.409352310080127
11,28,17.650736763327927
11,29,17.413005017078525
11,30,13.928932898710586
11,31,11.830043965589773
11,32,11.048407666780937
11,33,8.853928423755647
11,34,10.999650201200382
11,35,10.204456519796462
11,36,13.184887666456397
11,37,14.209119678375501
11,38,14.498710717265812
11,39,12.195612916511877
11,40,11.17498337466078
11,41,8.16344951490645
11,42,10.062738633769033
11,43,8.926816266813972
11,44,11.355036337456806
11,45,12.839078386606149
11,46,14.2110669033513
11,47,11.274064108664277
11,48,11.372628667591089
11,49,7.79124908465136
11,50,7.586826500219256
11,51,10.972053684840123
11,52,10.328604495631552
11,53,7.969239915315077
11,54,10.767299437125944
11,55,13.363578764435287
11,56,12.397150067344436
11,57,12.538045515530492
11,58,15.701760967767086
11,59,17.25643982885732
11,60,17.086875399380688
11,61,18.66665626116966
11,62,21.256257116150017
12,1,22.596029306349738
12,2,21.235452318353744
12,3,18.403494826681584
12,4,19.987944737090643
12,5,17.68159812386834
12,6,14.581780951347273
12,7,11.40562688695759
12,8,11.735442814735377
12,9,8.807360560999992
12,10,6.115366836873912
12,11,3.8563051729550524
12,13,3.811809461169357
12,14,5.734910945942733
12,15,5.534013855950947
12,16,6.7923925086772705
12,17,10.55154508745245
12,18,12.141030725987948
12,19,12.930720652200142
12,20,16.188710306388188
12,21,17.854296599919156
12,22,20.033688372747214
12,23,23.767641468513226
12,24,25.49592784920736
12,25,27.30024387195586
12,26,24.222814506460242
12,27,24.438017138364295
12,28,20.74030543462697
12,29,20.383341567996734
12,30,16.780007506127802
12,31,14.349343250922368
12,32,12.812695899869826
12,33,9.759437828934054
12,34,10.62464020647846
12,35,8.554560760648258
12,36,10.72371968058938
12,37,11.782109033778617
12,38,12.978247453155712
12,39,11.299202075915764
12,40,11.494011083505965
12,41,9.518983064936583
12,42,12.4188842387761
12,43,12.111321224813159
12,44,14.928532805576584
12,45,16.157159840251243
12,46,17.795204831564796
12,47,14.978250531230161
12,48,14.682313184783109
12,49,10.922607917057613
12,50,10.79825603748103
12,51,13.72047215295724
12,52,12.391538111560859
12,53,9.455553251400763
12,54,12.296647902471559
12,55,14.628685775034064
12,56,12.690523310801265
12,57,12.524070060551447
12,58,16.142823228147705
12,59,17.203375656312325
12,60,16.29534156518644
12,61,18.223307282925305
12,62,21.163983422393834
13,1,23.55901482622739
13,2,22.370674612870342
13,3,19.926215836189762
13,4,22.03697725927359
13,5,19.86436306181709
13,6,16.56588892374435
13,7,13.919848761248117
13,8,14.40828633431632
13,9,11.842808190826744
13,10,8.647601772034848
13,11,5.667699785776624
13,12,3.811809461169357
13,14,3.799852247426656
13,15,5.4113657992138595
13,16,5.475494873195405
13,17,9.016820587420785
13,18,10.485129789673605
13,19,11.760446948076085
13,20,15.28211286388148
13,21,17.318458967757145
13,22,20.074132665842363
13,23,23.74488104454614
13,24,25.49187886791412
13,25,27.727857164130747
13,26,25.009411464545092
13,27,25.549723825392697
13,28,21.944853871940467
13,29,20.954421131833943
13,30,17.2164437732813
13,31,14.196123591229318
13,32,13.113216014630092
13,33,9.736867138050014
13,34,10.732667353123036
13,35,8.971037468542889
13,36,10.601927642616282
13,37,12.80272663402437
13,38,13.859458529013615
13,39,13.010446569614114
13,40,12.961489281669861
13,41,11.27500158690935
13,42,13.8981789589925
13,43,13.080685726755092
13,44,15.530080109216156
13,45,15.858469876551993
13,46,17.441200232770942
13,47,14.89181441371364
13,48,13.85666992522259
13,49,10.182584580114904
13,50,10.1032935697957
13,51,12.11551830656489
13,52,10.10635287453843
13,53,7.003386104894067
13,54,9.949676875777705
13,55,11.661302055505535
13,56,9.207705462062794
13,57,9.373793602085959
13,58,13.055113984203302
13,59,13.656371147317179
13,60,12.840924278086815
13,61,15.143692458840247
13,62,17.882909101687442
14,1,25.340342688945054
14,2,24.622328301302733
14,3,22.36303586037178
14,4,24.49842552728545
14,5,22.617214033422172
14,6,19.58294568519408
14,7,16.726455739425102
14,8,17.385513912648936
14,9,14.519795609512677
14,10,11.511334384806837
14,11,8.925543928095141
14,12,5.734910945942733
14,13,3.799852247426656
14,15,3.8401441136001946
14,16,5.706444476797523
14,17,8.504185446342388
14,18,11.159777264959828
14,19,13.448380742651926
14,20,17.187059922453788
14,21,19.745215779336224
14,22,22.456091903221388
14,23,26.195821379999522
14,24,28.287026445970668
14,25,30.410927696374184
14,26,27.748263738772568
14,27,28.54375167752853
14,28,25.004936428399066
14,29,23.973339648628755
14,30,20.21413820878517
14,31,17.10027537387093
14,32,15.470463383902064
14,33,11.759142678686267
14,34,11.541402295205804
14,35,8.816735717357913
14,36,9.031420695546126
14,37,11.384129125110764
14,38,13.301167205920075
14,39,13.274094457117718
14,40,14.220664850967154
14,41,13.403743100748233
14,42,16.543632831796298
14,43,16.319241407625764
14,44,19.054262453485435
14,45,19.33433038508675
14,46,21.124972739137725
14,47,18.67700809852066
14,48,17.5746077293722
14,49,13.924941175695661
14,50,13.799863445031002
14,51,15.572297810023471
14,52,13.357198300129747
14,53,10.199849687310223
14,54,12.675610609809079
14,55,14.062847509513112
14,56,10.946750390282727
14,57,10.654627147860621
14,58,14.433198823197879
14,59,14.470587477193302
14,60,12.7754322196378
14,61,15.336200757758467
14,62,18.35537735483424
15,1,22.3716852800961
15,2,21.941198021937968
15,3,19.79613154230212
15,4,21.91105194895681
15,5,20.428694368123463
15,6,17.81184208190551
15,7,14.970544980750134
15,8,16.302795304570864
15,9,13.772369046898623
15,10,11.57546159118086
15,11,8.735058923010698
15,12,5.534013855950947
15,13,5.4113657992138595
15,14,3.8401441136001946
15,16,3.8520467078070286
15,17,6.552102608097432
15,18,9.5368656116874
15,19,11.795252162318505
15,20,15.421371544103655
15,21,18.071770400364365
15,22,20.36055216970422
15,23,24.170265969528028
15,24,26.55816645270234
15,25,28.32730125644805
15,26,25.586295019876324
15,27,26.563017907182243
15,28,23.134523625504105
15,29,22.239336332343505
15,30,18.558901311480213
15,31,15.670214272282736
15,32,13.323913083253094
15,33,9.603746486986836
15,34,8.552232870841591
15,35,5.290101242001281
15,36,5.753373249514886
15,37,7.698898702046758
15,38,9.565862265096143
15,39,9.559770016326084
15,40,10.964224542962157
15,41,10.820089131464828
15,42,14.339923470384232
15,43,14.94401168892918
15,44,18.176654504345855
15,45,18.754690680565954
15,46,21.079660286903877
15,47,18.905336438559736
15,48,18.560556912104627
15,49,14.985648001949995
15,50,14.026600966965391
15,51,16.242501309477046
15,52,14.852854050688093
15,53,11.244924880965295
15,54,13.05192660206986
15,55,15.286483914732118
15,56,12.66603756978666
15,57,11.296341755787234
15,58,15.026704555943178
15,59,15.871437027353199
15,60,13.809439274352366
15,61,15.549133312889024
15,62,18.99121793570231
16,1,19.985142151976618
16,2,19.580591055882802
16,3,17.788451401535326
16,4,20.400937441300922
16,5,19.114995649719415
16,6,16.431497436720228
16,7,14.247229903878551
16,8,16.05969502424056
16,9,14.240032245359869
16,10,12.102440104764566
16,11,8.510066619467958
16,12,6.7923925086772705
16,13,5.475494873195405
16,14,5.706444476797523
16,15,3.8520467078070286
16,17,3.791443421764078
16,18,5.885287639175607
16,19,8.086591556156097
16,20,11.803358944517086
16,21,14.607627789029184
16,22,17.190148197317164
16,23,20.938292268900202
16,24,23.344336738455475
16,25,25.355965393632847
16,26,22.889583231455095
16,27,24.15493336563236
16,28,20.86870947222573
16,29,19.477434460046755
16,30,15.764966439818151
16,31,12.560043655684154
16,32,10.438972591510984
16,33,6.615391370983911
16,34,6.0342967676110355
16,35,4.324486551543828
16,36,5.936327792501133
16,37,8.772720404490556
16,38,9.122969239402929
16,39,9.251078503860553
16,40,9.514570490205044
16,41,9.384472080588042
16,42,12.440403329132796
16,43,12.818376846040284
16,44,15.899039203434508
16,45,15.899527668040138
16,46,18.491934110246053
16,47,16.832812383880924
16,48,16.592875251006664
16,49,13.40033915291667
16,50,11.719030929090854
16,51,13.492052751610819
16,52,12.54696508417112
16,53,8.74066198691123
16,54,9.722568711369494
16,55,12.236290016878852
16,56,10.054654998460496
16,57,8.012015420906732
16,58,11.586738205154514
16,59,13.001962064191664
16,60,11.154347771269615
16,61,12.382344095047134
16,62,15.81396163991654
17,1,19.367910231323584
17,2,19.64018242889668
17,3,18.53609837595324
17,4,21.51813297991281
17,5,20.836728230731694
17,6,18.540899516968512
17,7,16.828228473159676
17,8,19.12295768991244
17,9,17.667148063657837
17,10,15.778337715042579
17,11,12.118144241912544
17,12,10.55154508745245
17,13,9.016820587420785
17,14,8.504185446342388
17,15,6.552102608097432
17,16,3.791443421764078
17,18,3.8171515192395455
17,19,7.298475446436785
17,20,10.810625890379214
17,21,14.22885170504778
17,22,16.802843581685696
17,23,20.39000824477338
17,24,23.18447341814429
17,25,25.179532228676404
17,26,23.122164347785432
17,27,24.940454496218948
17,28,21.999973522376468
17,29,20.176385256833594
17,30,16.64334336055726
17,31,13.3476177348818
17,32,10.99987437561508
17,33,7.535124880360004
17,34,5.63992408216936
17,35,4.905464974645189
17,36,4.947942277931195
17,37,8.489067796758203
17,38,8.177041975596953
17,39,9.690975631533671
17,40,10.13976786481316
17,41,11.177704032569743
17,42,13.997186535995318
17,43,14.804624692765904
17,44,17.84610172939358
17,45,17.335228170395784
17,46,20.291030573718693
17,47,19.22940260274054
17,48,19.088388134555064
17,49,16.278077405216965
17,50,14.11687333906638
17,51,15.268193304491739
17,52,14.626915505031816
17,53,10.917329214873432
17,54,10.691038055114213
17,55,13.000954600449047
17,56,10.950922662276275
17,57,7.863414923698233
17,58,10.803094916913928
17,59,12.353302480921972
17,60,9.788219277913825
17,61,10.188586385655817
17,62,13.944890119386903
18,1,17.091569439312835
18,2,17.2778646018837
18,3,16.564311694727664
18,4,19.907608404219644
18,5,19.40812128289197
18,6,17.168986944640224
18,7,16.200724290012467
18,8,18.763699997023227
18,9,17.999027152440775
18,10,16.347236452310458
18,11,12.55168712992591
18,12,12.141030725987948
18,13,10.485129789673605
18,14,11.159777264959828
18,15,9.5368656116874
18,16,5.885287639175607
18,17,3.8171515192395455
18,19,3.830702908979017
18,20,7.217640736704834
18,21,10.754811851346625
18,22,13.599004241807494
18,23,17.039093122889554
18,24,19.77830409524318
18,25,21.99875277527804
18,26,20.241890467793567
18,27,22.281453769322024
18,28,19.565944001705944
18,29,17.295426869123144
18,30,13.897092327187645
18,31,10.479726991166926
18,32,8.62880586111943
18,33,5.91888402558915
18,34,5.244446646173286
18,35,6.927112422003722
18,36,8.235057342280678
18,37,11.224682755657431
18,38,9.689990714448863
18,39,10.665280831691158
18,40,9.757528889681915
18,41,10.574239325024514
18,42,12.484525103934526
18,43,13.013755925455385
18,44,15.67482802706007
18,45,14.612277916734117
18,46,17.771126826201268
18,47,17.33146368973654
18,48,17.45001628296544
18,49,15.242272358208925
18,50,12.47385243995146
18,51,13.115704369310869
18,52,13.235507872895981
18,53,9.834194991280892
18,54,8.383458188369689
18,55,11.011656687871028
18,56,10.021204057288378
18,57,6.431241707321372
18,58,8.485085391393252
18,59,11.038375579630387
18,60,9.24199968687479
18,61,8.568786766185223
18,62,12.058765628716587
19,1,14.36613782859606
19,2,14.119524327733803
19,3,13.510517165068258
19,4,17.030232639810638
19,5,16.591945091973358
19,6,14.451292156977193
19,7,14.206160840104122
19,8,16.982739944930113
19,9,16.96809441604761
19,10,15.80952415571054
19,11,12.19691973939501
19,12,12.930720652200142
19,13,11.760446948076085
19,14,13.448380742651926
19,15,11.795252162318505
19,16,8.086591556156097
19,17,7.298475446436785
19,18,3.830702908979017
19,20,3.780788349059446
19,21,7.004132738034799
19,22,9.996819027645051
19,23,13.470726490735101
19,24,16.03982902935382
19,25,18.353454719963732
19,26,16.605910724897107
19,27,18.63578073371215
19,28,16.022176857479604
19,29,13.548566843659028
19,30,10.23294020783262
19,31,6.8477984517102595
19,32,5.488892501753166
19,33,4.27418598559789
19,34,5.611249846010367
19,35,8.657942731705345
19,36,11.061670704038697
19,37,13.334359993559094
19,38,11.087879562538562
19,39,11.025527834549651
19,40,8.795405520495297
19,41,9.036386937470423
19,42,9.851549423738538
19,43,10.164862713376914
19,44,12.518510918083601
19,45,11.271902914752776
19,46,14.692046211657592
19,47,14.761202895940599
19,48,15.474325202459347
19,49,13.845683393606507
19,50,10.486633273650682
19,51,11.111305087417525
19,52,12.299365736498636
19,53,9.375778191179544
19,54,7.17217315978504
19,55,10.470805953969652
19,56,10.7707328622879
19,57,7.65785417456222
19,58,8.853064368920947
19,59,12.236176532073085
19,60,11.528717981421883
19,61,10.381127355092252
19,62,13.177496689976367
20,1,11.942149027442188
20,2,11.818499635714822
20,3,12.056096007962989
20,4,15.832298695805726
20,5,15.961972706962413
20,6,14.38606576818776
20,7,15.099734102083527
20,8,18.142179683914172
20,9,18.87209051111314
20,10,18.2364159648184
20,11,14.90928894791459
20,12,16.188710306388188
20,13,15.28211286388148
20,14,17.187059922453788
20,15,15.421371544103655
20,16,11.803358944517086
20,17,10.810625890379214
20,18,7.217640736704834
20,19,3.780788349059446
20,21,3.7951989583255052
20,22,6.753053267773024
20,23,9.92349458495468
20,24,12.65750812266938
20,25,15.0137043412226
20,26,13.738869930947509
20,27,16.21875695632435
20,28,14.173163596613726
20,29,11.203139491135282
20,30,8.55958511382183
20,31,5.935000059518338
20,32,5.505766903051091
20,33,6.751645202978664
20,34,8.193669773373015
20,35,11.774605481708736
20,36,14.223027007680903
20,37,16.05758370198309
20,38,13.193595775533288
20,39,12.947722768003906
20,40,10.089858334125458
20,41,10.493523989563611
20,42,10.046920720056466
20,43,10.472280930346026
20,44,12.182566071739
20,45,10.5214855547239
20,46,14.174099382003387
20,47,15.159756978198415
20,48,16.44426424483196
20,49,15.596120702458578
20,50,11.903967901964096
20,51,12.102694529103562
20,52,14.197450872389132
20,53,11.972441170158046
20,54,9.113798567978677
20,55,12.198159753575442
20,56,13.440305839255936
20,57,10.538487527531505
20,58,10.560380211023128
20,59,14.30822967787529
20,60,14.086734206069384
20,61,12.145064625938401
20,62,14.30481764365677
21,1,10.635239628980953
21,2,9.67570380041653
21,3,10.13445247230112
21,4,13.852900866602116
21,5,14.04853732056015
21,6,12.770831349210038
21,7,14.392753717686162
21,8,17.36297190745276
21,9,18.822229502089368
21,10,18.68262304025874
21,11,15.831095616110629
21,12,17.854296599919156
21,13,17.318458967757145
21,14,19.745215779336224
21,15,18.071770400364365
21,16,14.607627789029184
21,17,14.22885170504778
21,18,10.754811851346625
21,19,7.004132738034799
21,20,3.7951989583255052
21,22,3.8026423917627663
21,23,6.789097081145051
21,24,9.050125317360054
21,25,11.628559541091544
21,26,10.408664333796915
21,27,12.822624457277223
21,28,11.069754888980478
21,29,7.730739335641025
21,30,5.741553760493215
21,31,4.4629746303713125
21,32,5.835097855633317
21,33,8.667632964045412
21,34,10.906721209084264
21,35,14.52019971839125
21,36,17.401076185855516
21,37,18.850713817688813
21,38,15.864852129317562
21,39,14.89375222103095
21,40,11.446369824401538
21,41,11.13848322201829
21,42,9.337133821599513
21,43,9.317567998281577
21,44,10.106527234396495
21,45,8.307530685980057
21,46,11.964466527864424
21,47,13.649294481870868
21,48,15.57806732605485
21,49,15.468787951209846
21,50,11.682811453406387
21,51,11.817192452076386
21,52,14.734696701573025
21,53,13.242981129216844
21,54,10.430697836838869
21,55,13.45434929455821
21,56,15.450265026575806
21,57,13.190013824053375
21,58,12.884637589140127
21,59,16.705948246348832
21,60,17.126110676032194
21,61,15.263291450375329
21,62,16.87591469249264
22,1,7.407277218151962
22,2,6.379918911112318
22,3,7.886432516310959
22,4,11.510861500081731
22,5,12.578492629127595
22,6,12.358529638534689
22,7,14.604131319121976
22,8,17.84114158400989
22,9,19.835801355868043
22,10,20.386672445350467
22,11,17.916747299426454
22,12,20.033688372747214
22,13,20.074132665842363
22,14,22.456091903221388
22,15,20.36055216970422
22,16,17.190148197317164
22,17,16.802843581685696
22,18,13.599004241807494
22,19,9.996819027645051
22,20,6.753053267773024
22,21,3.8026423917627663
22,23,3.829978539849314
22,24,6.756186713798933
22,25,8.404556203238368
22,26,7.118371450155095
22,27,10.094962133779934
22,28,9.089862525316496
22,29,5.994941752606114
22,30,5.660372363612431
22,31,6.646655002535641
22,32,7.274951197055693
22,33,10.808699124060842
22,34,12.590655567543818
22,35,16.286358977768568
22,36,19.24853256383147
22,37,20.046204672359394
22,38,16.718631301512502
22,39,15.443668266045625
22,40,11.869918069884237
22,41,11.930190301228643
22,42,9.503512287416372
22,43,10.344687197925909
22,44,11.034180897618938
22,45,10.106074730880698
22,46,13.61544601375838
22,47,15.506482933324344
22,48,18.052475721907754
22,49,18.0813474207657
22,50,14.333795854133223
22,51,14.92848647454348
22,52,18.051001890346566
22,53,16.56218064859222
22,54,14.053728664708542
22,55,17.18317073561564
22,56,19.13623789481255
22,57,16.81336850409533
22,58,16.64105831129852
22,59,20.467532312750915
22,60,20.70586465716402
22,61,18.696426370669982
22,62,20.385747718217456
23,1,8.25841446181595
23,2,7.468289380438178
23,3,9.960657466497466
23,4,13.013536740714834
23,5,14.539021211619456
23,6,14.881509319263927
23,7,17.634694390434422
23,8,20.70741223339785
23,9,23.05315828501758
23,10,23.77739967664157
23,11,21.480513770260266
23,12,23.767641468513226
23,13,23.74488104454614
23,14,26.195821379999522
23,15,24.170265969528028
23,16,20.938292268900202
23,17,20.39000824477338
23,18,17.039093122889554
23,19,13.470726490735101
23,20,9.92349458495468
23,21,6.789097081145051
23,22,3.829978539849314
23,24,3.793503020197355
23,25,5.3327647880956235
23,26,5.846331344721612
23,27,9.357845919559248
23,28,9.806643869104128
23,29,6.7197208849029
23,30,8.22450760439928
23,31,9.918425919956645
23,32,11.075983238660386
23,33,14.614293000529948
23,34,16.332108607776902
23,35,20.061560721651855
23,36,22.917317635970612
23,37,23.67573442650919
23,38,20.225138306104178
23,39,19.041908173730672
23,40,15.517588045790491
23,41,15.601590241277252
23,42,12.862492948123386
23,43,13.436664208725547
23,44,13.322911645807483
23,45,12.126524040364076
23,46,15.11524386482269
23,47,17.64372276602492
23,48,20.31980908448431
23,49,20.912808696543387
23,50,17.26979343570639
23,51,17.41755132815521
23,52,20.80020422937442
23,53,19.751377424540067
23,54,17.007705433954126
23,55,19.765614657131703
23,56,22.107169650235097
23,57,19.907559740462908
23,58,19.201613423002016
23,59,23.028002272359533
23,60,23.54107538526944
23,61,21.2186556940042
23,62,22.441015386477005
24,1,11.155718143769482
24,2,9.439892459837555
24,3,11.401005571436945
24,4,13.806566340461126
24,5,14.947057471104522
24,6,15.314976424247133
24,7,18.521955315944975
24,8,21.138920782036873
24,9,23.8484948189304
24,10,24.704208690134973
24,11,22.776197301734733
24,12,25.49592784920736
24,13,25.49187886791412
24,14,28.287026445970668
24,15,26.55816645270234
24,16,23.344336738455475
24,17,23.18447341814429
24,18,19.77830409524318
24,19,16.03982902935382
24,20,12.65750812266938
24,21,9.050125317360054
24,22,6.756186713798933
24,23,3.793503020197355
24,25,3.8418488728344813
24,26,5.342233242493521
24,27,7.899761109652944
24,28,9.135213314220785
24,29,6.259098048003183
24,30,8.955939609535061
24,31,11.303337050421995
24,32,13.339448775017498
24,33,16.96653937459438
24,34,19.212342030873103
24,35,22.83657581622149
24,36,25.91166294126499
24,37,26.727689456984415
24,38,23.427762946674026
24,39,21.907043672921873
24,40,18.209553438896936
24,41,17.64161155904911
24,42,14.41647042989481
24,43,14.242333213357554
24,44,13.107219054794408
24,45,11.82322173715983
24,46,14.031433411304173
24,47,17.04413503468348
24,48,19.891956040307196
24,49,21.130588106435184
24,50,17.77352826549822
24,51,17.650996441485116
24,52,21.313480755293764
24,53,20.902111260892447
24,54,18.274691995191255
24,55,20.728046807500316
24,56,23.491684379756148
24,57,21.802528623092762
24,58,20.891851212694064
24,59,24.630778538517998
24,60,25.64570809238313
24,61,23.505236500671256
24,62,24.330206446946736
25,1,9.911321352600016
25,2,8.384618406707224
25,3,10.963943841327678
25,4,12.6589691280633
25,5,14.588535244063022
25,6,15.898396411379768
25,7,19.276376517046145
25,8,22.035158374452518
25,9,24.994224914527923
25,10,26.341487658893357
25,11,24.65539542689382
25,12,27.30024387195586
25,13,27.727857164130747
25,14,30.410927696374184
25,15,28.32730125644805
25,16,25.355965393632847
25,17,25.179532228676404
25,18,21.99875277527804
25,19,18.353454719963732
25,20,15.0137043412226
25,21,11.628559541091544
25,22,8.404556203238368
25,23,5.3327647880956235
25,24,3.8418488728344813
25,26,3.857973077835681
25,27,6.654877341686227
25,28,9.128054506131864
25,29,7.59951213682858
25,30,10.81630396282953
25,31,13.686708593698594
25,32,15.02320611012686
25,33,18.803160265780146
25,34,20.675613194738258
25,35,24.258806134831634
25,36,27.334520465367294
25,37,27.651183681913146
25,38,24.206303194186628
25,39,22.52672255903927
25,40,18.953345492629243
25,41,18.705028758411455
25,42,15.411295689254912
25,43,15.930316201879714
25,44,15.115437658176315
25,45,14.643789699997427
25,46,16.857767260355182
25,47,19.592452217638336
25,48,22.756013515542854
25,49,23.79192307676557
25,50,20.440739946468437
25,51,20.814770363544636
25,52,24.444807412517882
25,53,23.76953930053251
25,54,21.36250338097565
25,55,24.09398849378598
25,56,26.634480627131772
25,57,24.748956869925475
25,58,24.12838883320044
25,59,27.924788802811417
25,60,28.642239441071556
25,61,26.4541572448906
25,62,27.557880793827884
26,1,8.287599724313399
26,2,5.514841554857903
26,3,7.346691674204
26,4,8.93308174556591
26,5,10.735591924132223
26,6,12.18466708220773
26,7,15.587472390016977
26,8,18.374140843749345
26,9,21.39682571907671
26,10,22.980078060245415
26,11,21.526987668393502
26,12,24.222814506460242
26,13,25.009411464545092
26,14,27.748263738772568
26,15,25.586295019876324
26,16,22.889583231455095
26,17,23.122164347785432
26,18,20.241890467793567
26,19,16.605910724897107
26,20,13.738869930947509
26,21,10.408664333796915
26,22,7.118371450155095
26,23,5.846331344721612
26,24,5.342233242493521
26,25,3.857973077835681
26,27,3.8260639455308127
26,28,5.5801035652148485
26,29,4.849193957789921
26,30,8.08579968621806
26,31,11.402887906821729
26,32,12.452589438968621
26,33,16.274356695792537
26,34,18.279067950302288
26,35,21.652094330155744
26,36,24.938351843644924
26,37,25.016601514514328
26,38,21.74615746732386
26,39,19.6449677450688
26,40,16.02280163695137
26,41,15.474086607230367
26,42,12.031354197510762
26,43,12.769225972981092
26,44,12.253485533142795
26,45,12.578673077224854
26,46,14.971502629404965
26,47,17.176269298111187
26,48,20.56091820978897
26,49,21.25390942288659
26,50,17.972430096479265
26,51,18.956906181706437
26,52,22.481622799372612
26,53,21.594922541279768
26,54,19.649492496813156
26,55,22.71283353418403
26,56,24.97605288901357
26,57,23.17813604464791
26,58,23.11746036338528
26,59,26.889973868217087
26,60,27.451159140487235
26,61,25.65634459855098
26,62,27.15222676113314
27,1,11.182152488175888
27,2,7.755346354247944
27,3,7.976613580652848
27,4,8.141284159457058
27,5,9.20480252733504
27,6,10.938870878046002
27,7,14.664874250212208
27,8,16.877821097904853
27,9,20.287666068731756
27,10,22.248660715354443
27,11,21.409352310080127
27,12,24.438017138364295
27,13,25.549723825392697
27,14,28.54375167752853
27,15,26.563017907182243
27,16,24.15493336563236
27,17,24.940454496218948
27,18,22.281453769322024
27,19,18.63578073371215
27,20,16.21875695632435
27,21,12.822624457277223
27,22,10.094962133779934
27,23,9.357845919559248
27,24,7.899761109652944
27,25,6.654877341686227
27,26,3.8260639455308127
27,28,3.7984140405577773
27,29,5.469459594559492
27,30,8.889824427753359
27,31,12.609586112389785
27,32,13.957542980168416
27,33,17.65503857736933
27,34,20.026727296746806
27,35,23.081464413526604
27,36,26.602286379970995
27,37,26.518104456633793
27,38,23.542976234611082
27,39,20.95342584263057
27,40,17.331744541681346
27,41,16.09160045162328
27,42,12.366915713538027
27,43,12.61399000042437
27,44,11.473003860789825
27,45,12.58444680605555
27,46,14.223534894260357
27,47,16.204565362578894
27,48,19.86562324113404
27,49,20.791179021582757
27,50,17.947321238845134
27,51,19.223988230831043
27,52,22.767270969783407
27,53,22.221368898857108
27,54,20.777004943680204
27,55,23.795591848350867
27,56,26.10444686301936
27,57,24.75122218829501
27,58,24.939178495799716
27,59,28.585404203209436
27,60,29.363221430949885
27,61,27.95464456191949
27,62,29.436856706911662
28,1,11.092132960932275
28,2,7.272164031428177
28,3,5.8473434326851335
28,4,6.484689946041651
28,5,6.312509671162026
28,6,7.281538564293138
28,7,11.009474466329287
28,8,13.25965102389073
28,9,16.574780686149598
28,10,18.454153632933014
28,11,17.650736763327927
28,12,20.74030543462697
28,13,21.944853871940467
28,14,25.004936428399066
