1,2,3.8150982319716342
1,3,6.568386556338877
1,4,9.326808455590362
1,5,10.916057265948293
1,6,13.37048457244127
1,7,16.90020507812319
1,8,19.83873496666278
1,9,21.34001947124967
1,10,19.164748728973358
1,11,20.830000802428494
1,12,22.299844956879475
1,13,24.61629166445859
1,14,21.92630250705798
1,15,19.600434648887543
1,16,19.760078880135655
1,17,17.334497126277174
1,18,14.28115847732393
1,19,11.913412530391247
1,20,10.03269729286355
1,21,6.614112550415581
1,22,7.767905250352636
1,23,9.90816283774785
1,24,8.732282980653146
1,25,5.720009169882168
1,26,7.833659027283503
1,27,7.290061217392281
1,28,8.726041154291048
1,29,8.293710843410823
1,30,10.458417298070865
1,31,9.722821585597964
1,32,13.207162620508868
1,33,14.370292478849416
1,34,17.630511585463776
1,35,20.78905727754022
1,36,20.040337040562523
1,37,16.629893320944184
1,38,14.742068693567473
1,39,11.353320275782194
1,40,11.603642104579674
1,41,9.01584762517956
1,42,11.466395824826964
1,43,12.574099378956786
1,44,13.918501662567202
1,45,16.84809184698835
1,46,18.177545992897848
1,47,21.38154849548467
1,48,20.870042936138347
1,49,17.519583895794337
1,50,19.389303111080714
1,51,22.40015292399596
1,52,20.598830087412296
1,53,19.297479864751626
1,54,22.939029865371353
1,55,24.25613923957659
1,56,22.33340109072832
1,57,23.4343986943745
1,58,26.990158425683223
1,59,27.151592008767597
1,60,26.760590711284042
1,61,29.214274310513026
2,1,3.8150982319716342
2,3,3.8611773209759246
2,4,5.730930072578298
2,5,7.2171400316673555
2,6,9.670029369167654
2,7,13.132559771505399
2,8,16.169165402621246
2,9,17.92372416501726
2,10,16.090386239054354
2,11,18.016505073674413
2,12,19.816951254632336
2,13,22.33548753363523
2,14,19.85329107838318
2,15,17.81919744218146
2,16,18.681879436785504
2,17,16.66661823145876
2,18,13.695473727872015
2,19,12.134166981015635
2,20,10.454214824204739
2,21,8.029786863494806
2,22,10.281503213450256
2,23,11.797147278302658
2,24,11.179613424768986
2,25,7.708431341937076
2,26,8.293126404617276
2,27,6.383604963533802
2,28,8.20001850261194
2,29,6.953718328624165
2,30,9.21476517745325
2,31,8.38880207976883
2,32,11.616758198600138
2,33,13.255580004220574
2,34,16.110982643895284
2,35,19.557457895715064
2,36,18.787913048697114
2,37,15.800583391907185
2,38,13.204213438296724
2,39,9.731354797622332
2,40,8.981819528256203
2,41,6.056643509583207
2,42,8.586948882652207
2,43,10.012383562106637
2,44,12.205552389479347
2,45,14.925588597541608
2,46,15.639632118060549
2,47,18.93926378442858
2,48,18.16547415508656
2,49,15.128714373629956
2,50,17.531511568520536
2,51,20.348905912264897
2,52,18.553345228053175
2,53,17.894858870048267
2,54,21.582984293176022
2,55,22.672472135969638
2,56,21.142998369854592
2,57,22.69784712099522
2,58,26.003646633886614
2,59,26.19963370508152
2,60,26.343335787178276
2,61,28.82585390358217
3,1,6.568386556338877
3,2,3.8611773209759246
3,4,3.8452192778714336
3,5,7.149894522772674
3,6,9.651796450757468
3,7,12.531319526060093
3,8,15.88499837986832
3,9,18.315356234628137
3,10,17.21606569684704
3,11,19.218946324410993
3,12,21.56529623355181
3,13,24.062692377295114
3,14,21.611261961497156
3,15,20.111601642046185
3,16,21.398473476509455
3,17,19.815720013298787
3,18,17.082410514931784
3,19,15.864210257435758
3,20,14.235964747753265
3,21,11.81663196151328
3,22,13.691067240366637
3,23,14.826308363260642
3,24,13.565017353377472
3,25,9.75774785662949
3,26,9.036062885753372
3,27,7.843184485468752
3,28,10.729892802409973
3,29,10.035156759669484
3,30,12.51707643096323
3,31,11.643396540782534
3,32,14.419769548036887
3,33,15.916042782538536
3,34,18.248613753302383
3,35,21.663872884272283
3,36,20.41437732921053
3,37,17.758450240002794
3,38,14.709476969126984
3,39,11.754583215435737
3,40,10.730835857338285
3,41,8.217315422861555
3,42,10.557419561517575
3,43,11.768501405215977
3,44,14.693966185950984
3,45,16.81882019846502
3,46,17.172602422839436
3,47,20.661473609362698
3,48,19.809514461790002
3,49,17.271311077100247
3,50,20.04437507541867
3,51,22.708992479059294
3,52,20.994473114119128
3,53,20.85904570726158
3,54,24.508045412488215
3,55,25.41339550485459
3,56,24.134184217580994
3,57,25.97315601887661
3,58,29.104643592685754
3,59,29.240581083953128
3,60,29.656624881263358
3,61,32.2015279370076
4,1,9.326808455590362
4,2,5.730930072578298
4,3,3.8452192778714336
4,5,3.8226376232176955
4,6,6.583171946793276
4,7,8.985544167127816
4,8,12.56586986232007
4,9,15.272454608876483
4,10,14.622181824447088
4,11,17.088584736242115
4,12,19.495908838533346
4,13,22.29592370423866
4,14,20.318702262198823
4,15,18.963299746533117
4,16,20.845506288195498
4,17,19.4935157703042
4,18,16.80386138138036
4,19,16.14265685658926
4,20,14.536248117482401
4,21,12.975601478053374
4,22,15.337882925912192
4,23,15.939749918495439
4,24,15.33074693244564
4,25,11.653021806301584
4,26,10.26168671627626
4,27,7.9949118264175505
4,28,10.465456173206428
4,29,9.43152563810243
4,30,11.75981268523909
4,31,11.360666425053898
4,32,13.703537139366002
4,33,15.79699382812298
4,34,17.754479570576663
4,35,21.356804410750907
4,36,20.436678401028843
4,37,18.257374221869632
4,38,14.863789462763751
4,39,11.945139399556359
4,40,9.751078967458023
4,41,7.104478411870324
4,42,8.418030601210354
4,43,9.390987418287594
4,44,12.881849066007833
4,45,14.499974037187238
4,46,14.297524101184457
4,47,17.784458834479988
4,48,16.896376863041862
4,49,14.846477004596055
4,50,17.87759525072309
4,51,20.35946580781885
4,52,18.926326127661063
4,53,19.32596378170496
4,54,22.796020441646302
4,55,23.645935130772042
4,56,22.888510939078845
4,57,24.918873774910086
4,58,27.762131294718852
4,59,28.116336705052046
4,60,28.979124001938224
4,61,31.353311105062815
5,1,10.916057265948293
5,2,7.2171400316673555
5,3,7.149894522772674
5,4,3.8226376232176955
5,6,3.778547374336214
5,7,6.342644034183291
5,8,9.788725921557639
5,9,12.152478064010607
5,10,11.358519981809136
5,11,14.247471925029041
5,12,16.345699941513782
5,13,19.43941800120231
5,14,17.907738137248135
5,15,16.397459501184656
5,16,18.60806338354725
5,17,17.315928822685517
5,18,14.672492039447388
5,19,14.526140482057738
5,20,13.126085867547909
5,21,12.587565263451832
5,22,15.46627949143538
5,23,15.850000318840374
5,24,16.145706317273525
5,25,12.891344632800562
5,26,11.77712053899509
5,27,8.529875976071626
5,28,9.70228827603394
5,29,7.873978688128668
5,30,9.519561233661035
5,31,9.5904842795572
5,32,11.466951026706251
5,33,14.152447108199736
5,34,15.94140665936228
5,35,19.662041130348847
5,36,19.33066864536392
5,37,17.460931905271252
5,38,14.109522442022493
5,39,11.118942407225376
5,40,8.003565253925025
5,41,5.293443463883072
5,42,5.174182435042012
5,43,6.286332209288864
5,44,9.983350526983864
5,45,11.515502391292035
5,46,10.771840196463229
5,47,14.09977966257864
5,48,13.079695194003698
5,49,11.183420721038047
5,50,14.355817837260872
5,51,16.681334174984944
5,52,15.411107669031683
5,53,16.100653691781524
5,54,19.415432163795266
5,55,20.25166641971301
5,56,19.851154454553253
5,57,21.943060740067093
5,58,24.573103355865666
5,59,25.12398608037536
5,60,26.267616994164023
5,61,28.462837561498976
6,1,13.37048457244127
6,2,9.670029369167654
6,3,9.651796450757468
6,4,6.583171946793276
6,5,3.778547374336214
6,7,3.7953754017712
6,8,6.505852196891812
6,9,8.734988373451955
6,10,8.195440039487394
6,11,10.88226866883922
6,12,13.414942119695068
6,13,16.339649924820318
6,14,14.929309472558502
6,15,13.991772145097123
6,16,16.69301136936257
6,17,16.125574898198046
6,18,14.177405136065138
6,19,14.98064653303916
6,20,14.48880245199655
6,21,14.58696399516969
6,22,17.9176896522702
6,23,18.69912286017378
6,24,19.32734443321564
6,25,16.168905149553645
6,26,15.431918179932536
6,27,12.111726765423436
6,28,12.766419274895346
6,29,10.146947398881025
6,30,10.474680831850955
6,31,9.73484762928495
6,32,10.323896530392757
6,33,12.721157305089543
6,34,13.686860017560386
6,35,17.284594083232115
6,36,16.943290960630097
6,37,15.707548803606961
6,38,12.184686456399788
6,39,9.920283817168249
6,40,6.398089113660389
6,41,5.63669701615755
6,42,5.625276280243143
6,43,7.9992408870914335
6,44,11.36237630429198
6,45,12.96255285987258
6,46,11.178089230952528
6,47,13.775774038789912
6,48,11.804464756753083
6,49,10.395011463969652
6,50,14.038580046316248
6,51,15.557780390665492
6,52,13.832796587096379
6,53,15.246982731738665
6,54,18.489738293380046
6,55,18.651142334034535
6,56,18.36474865806827
6,57,20.976384480776137
6,58,23.241979613623265
6,59,23.447523354375452
6,60,24.975044939918483
6,61,27.349978785988597
7,1,16.90020507812319
7,2,13.132559771505399
7,3,12.531319526060093
7,4,8.985544167127816
7,5,6.342644034183291
7,6,3.7953754017712
7,8,3.8357705201910184
7,9,7.175777775027531
7,10,8.29381150385334
7,11,11.269813771250305
7,12,13.913384168179682
7,13,16.909590881100833
7,14,16.19876248310053
7,15,15.796250184852981
7,16,18.967660867575542
7,17,18.794694748390643
7,18,17.11779538981864
7,19,18.23583538799304
7,20,17.712106566352375
7,21,18.061856114324357
7,22,21.30418774892593
7,23,21.70206394674518
7,24,22.366453920296628
7,25,19.217000587156928
7,26,17.952378421430865
7,27,14.687174301933018
7,28,15.377702268931635
7,29,13.135934129368698
7,30,13.467316388100691
7,31,13.165333038767775
7,32,13.278872219104942
7,33,15.715866369352653
7,34,16.073683483788532
7,35,19.46231290096214
7,36,19.219291404545473
7,37,18.568719800343857
7,38,15.017813386334659
7,39,13.288501087919615
7,40,9.73226869821344
7,41,9.335060661968342
7,42,8.372622610041736
7,43,9.742134771487498
7,44,13.129467860040732
7,45,13.766710506704767
7,46,11.259308442244514
7,47,13.481365194956206
7,48,11.468632299400364
7,49,11.309612035008842
7,50,14.964187973636657
7,51,15.978521195754814
7,52,14.763397562215058
7,53,16.8751921562321
7,54,19.647240618926357
7,55,19.630520619120485
7,56,20.001468243983307
7,57,22.74363650480522
7,58,24.549636366951443
7,59,24.918356799305297
7,60,26.890806769490034
7,61,29.053019976377218
8,1,19.83873496666278
8,2,16.169165402621246
8,3,15.88499837986832
8,4,12.56586986232007
8,5,9.788725921557639
8,6,6.505852196891812
8,7,3.8357705201910184
8,9,3.808930856864345
8,10,6.302847793559921
8,11,8.85974380958664
8,12,11.608337321362253
8,13,14.358428792173
8,14,14.22744448798286
8,15,14.480151282420225
8,16,18.0342898530901
8,17,18.536243914885386
8,18,17.553173898085056
8,19,19.38294941916921
8,20,19.48610119324568
8,21,20.38442892712955
8,22,23.871102972335983
8,23,24.448257714047333
8,24,25.461359282701572
8,25,22.470182798746812
8,26,21.498419556778487
8,27,18.079223943918922
8,28,18.309840217960485
8,29,15.659273108960475
8,30,15.15110572851224
8,31,14.568836036579647
8,32,13.661402204948397
8,33,15.780505965219916
8,34,15.290345570700786
8,35,18.29356232460819
8,36,18.304180776614146
8,37,18.39643693129849
8,38,15.078020305755118
8,39,14.124636951889467
8,40,10.7279389545575
8,41,11.479973266620643
8,42,10.39800796361101
8,43,12.118817786075864
8,44,14.908334350987552
8,45,15.496739892160015
8,46,12.353278229977704
8,47,13.53813122480688
8,48,10.775781172976053
8,49,11.438465467970294
8,50,15.065588242713565
8,51,15.129250575647127
8,52,13.74997663326651
8,53,16.5400241191754
8,54,18.93094858672167
8,55,18.27494818934342
8,56,18.96597212420346
8,57,22.04091049103544
8,58,23.326543435176635
8,59,23.471456967569807
8,60,25.855962200590724
8,61,28.014173394921073
9,1,21.34001947124967
9,2,17.92372416501726
9,3,18.315356234628137
9,4,15.272454608876483
9,5,12.152478064010607
9,6,8.734988373451955
9,7,7.175777775027531
9,8,3.808930856864345
9,10,3.7739487428747225
9,11,5.908965180755904
9,12,8.215095971849241
9,13,10.938956733490533
9,14,11.467522500672809
9,15,11.94416468611143
9,16,15.690789841427483
9,17,16.63197217047688
9,18,16.254817397426255
9,19,18.68239713202373
9,20,19.37490653010163
9,21,20.89726594674783
9,22,24.56028583594092
9,23,25.301023804620915
9,24,26.78168803386389
9,25,24.104970731683547
9,26,23.601638384310306
9,27,19.979124842262
9,28,19.565450137695393
9,29,16.51996363838781
9,30,15.136434201422444
9,31,14.447903296172786
9,32,12.653224804196437
9,33,14.583214182107259
9,34,13.540091122361256
9,35,16.193697789275937
9,36,16.81012958349057
9,37,17.38212150933499
9,38,14.58038035928169
9,39,14.072085471754791
9,40,10.935525705458994
9,41,12.43574790930681
9,42,11.141025809467688
9,43,13.141816103371948
9,44,15.119297281325728
9,45,15.911115276691032
9,46,12.513886420138713
9,47,12.701100362833172
9,48,9.278782201565278
9,49,10.312649042526724
9,50,13.6804868859789
9,51,12.895844258021164
9,52,11.24598598768516
9,53,14.477511515240495
9,54,16.504103990150554
9,55,15.30972847156537
9,56,16.215173793122123
9,57,19.48012905004956
9,58,20.352613387049043
9,59,20.34160626333088
9,60,23.001109873444253
9,61,25.108275749272554
10,1,19.164748728973358
10,2,16.090386239054354
10,3,17.21606569684704
10,4,14.622181824447088
10,5,11.358519981809136
10,6,8.195440039487394
10,7,8.29381150385334
10,8,6.302847793559921
10,9,3.7739487428747225
10,11,3.83859802800824
10,12,5.628227926089884
10,13,8.877735816124313
10,14,8.922816647707396
10,15,8.551247150055444
10,16,12.187446556039262
10,17,12.888417718574143
10,18,12.538893525848671
10,19,15.141552338616181
10,20,16.169933802139184
10,21,17.985725948129904
10,22,21.730549244712446
10,23,22.708921830945684
10,24,24.45444660279468
10,25,22.04644511847246
10,26,22.078437251736876
10,27,18.38065372447833
10,28,17.510895243825015
10,29,14.125159455525225
10,30,12.138119719264148
10,31,11.263136425084904
10,32,9.09075231238389
10,33,11.147662680727082
10,34,10.406482739030706
10,35,13.305032562893869
10,36,14.364339761950623
10,37,14.576707031876692
10,38,12.11100973565208
10,39,11.341711942818959
10,40,8.35862490060443
10,41,10.165653352265771
10,42,8.971573597155622
10,43,11.492285529493996
10,44,12.902227942877003
10,45,14.412500829871767
10,46,11.424349870296973
10,47,11.61444733607645
10,48,8.003321319532434
10,49,7.877106895596261
10,50,11.236327477885716
10,51,10.63600050366117
10,52,8.23584817507627
10,53,11.15351323464824
10,54,13.565642735657216
10,55,12.407614223875427
10,56,12.808529676839763
10,57,16.094814818731514
10,58,17.318020907652794
10,59,17.21664251166013
10,60,19.607942266794947
10,61,21.869767814949178
11,1,20.830000802428494
11,2,18.016505073674413
11,3,19.218946324410993
11,4,17.088584736242115
11,5,14.247471925029041
11,6,10.88226866883922
11,7,11.269813771250305
11,8,8.85974380958664
11,9,5.908965180755904
11,10,3.83859802800824
11,12,3.8493199977529264
11,13,5.724009270176184
11,14,5.5595214630998555
11,15,6.577840606604849
11,16,10.3580624680995
11,17,12.143100038363016
11,18,12.88756938105449
11,19,16.014989402081376
11,20,17.80804329853337
11,21,19.67471221742917
11,22,23.505724996370326
11,23,24.964998413440597
11,24,26.71566824360497
11,25,24.347472617694347
11,26,24.76682564569086
11,27,21.177895432672496
11,28,20.31775879468429
11,29,16.686520252621545
11,30,14.27033031742374
11,31,12.589335236543281
11,32,9.571903878629923
11,33,10.341599365474211
11,34,8.347957855446717
11,35,10.50174920789735
11,36,11.628668998545715
11,37,12.693344741318423
11,38,10.769730279437875
11,39,11.208182197870784
11,40,9.307343589799748
11,41,12.172623283157625
11,42,11.870965278585807
11,43,14.842218285224567
11,44,15.985735970717341
11,45,17.867319378938056
11,46,15.03779644043346
11,47,14.875138551840948
11,48,11.134736533828468
11,49,10.864884855059401
11,50,13.785288052196757
11,51,12.585510487370902
11,52,9.527492827282419
11,53,12.333457718537527
11,54,14.568800309062699
11,55,12.512208684702072
11,56,12.396755387390849
11,57,16.08088996210031
11,58,16.978091152606794
11,59,16.056891513322007
11,60,18.540780836813834
11,61,21.17236091613032
12,1,22.299844956879475
12,2,19.816951254632336
12,3,21.56529623355181
12,4,19.495908838533346
12,5,16.345699941513782
12,6,13.414942119695068
12,7,13.913384168179682
12,8,11.608337321362253
12,9,8.215095971849241
12,10,5.628227926089884
12,11,3.8493199977529264
12,13,3.8137039432935347
12,14,5.445935040615297
12,15,5.406765458808462
12,16,8.95732826272796
12,17,10.753085600853003
12,18,11.951310589380483
12,19,15.404478094683164
12,20,17.48213569944039
12,21,19.990311387165423
12,22,23.732444081807845
12,23,25.04712701178456
12,24,27.2773312594554
12,25,25.367161258720195
12,26,26.053715637124427
12,27,22.3720088704671
12,28,20.87476421341431
12,29,17.259600283771583
12,30,14.287844866956025
12,31,13.126399411431438
12,32,9.776106029897099
12,33,10.717531049498604
12,34,8.903337513261386
12,35,10.551799272204295
12,36,12.822280847675211
12,37,13.858211035462844
12,38,12.783812497031626
12,39,12.982134596209814
12,40,11.304415404970575
12,41,13.814777301501563
12,42,12.92195878026057
12,43,15.472818856840213
12,44,15.694922907772861
12,45,17.507551692500144
12,46,14.789436005347381
12,47,13.794426682486879
12,48,10.143948239609752
12,49,10.02340600058381
12,50,12.058666095886743
12,51,10.108585193334662
12,52,6.961080037127524
12,53,9.91698026443472
12,54,11.49175991135389
12,55,8.957056788009293
12,56,9.212273238628345
12,57,12.910068951731883
12,58,13.35819156607043
12,59,12.543748844829217
12,60,15.338352607511123
12,61,17.705710453562894
13,1,24.61629166445859
13,2,22.33548753363523
13,3,24.062692377295114
13,4,22.29592370423866
13,5,19.43941800120231
13,6,16.339649924820318
13,7,16.909590881100833
13,8,14.358428792173
13,9,10.938956733490533
13,10,8.877735816124313
13,11,5.724009270176184
13,12,3.8137039432935347
13,14,3.8398307080961844
13,15,5.785622120250326
13,16,8.612730346611224
13,17,11.522356175938429
13,18,13.70924779610086
13,19,17.380911607015122
13,20,19.9766133170757
13,21,22.42697618460673
13,22,26.1632515508965
13,23,27.835897906114024
13,24,30.02474911608066
13,25,28.13889954398913
13,26,29.078267880265763
13,27,25.498993758984565
13,28,24.076604807321658
13,29,20.348115482162488
13,30,17.226066166049986
13,31,15.535360137459586
13,32,11.865310811083846
13,33,11.617223347848027
13,34,8.784928313077135
13,35,9.010316914284852
13,36,11.469726436660677
13,37,13.421531498450081
13,38,13.104433205636612
13,39,14.297149620156434
13,40,13.481709528511725
13,41,16.527014490776626
13,42,16.21340726650841
13,43,19.03364986017864
13,44,19.21845323175829
13,45,21.222273753924288
13,46,18.591218654103454
13,47,17.49248396735948
13,48,13.879619476561924
13,49,13.722594977112994
13,50,15.493602130755304
13,51,13.29416795515286
13,52,10.113059527365293
13,53,12.571349937211846
13,54,13.794360404527708
13,55,10.608499414228826
13,56,10.308208959870887
13,57,14.061619824840946
13,58,14.010910668560943
13,59,12.218809893207089
13,60,15.051307029330442
13,61,17.715515489084996
14,1,21.92630250705798
14,2,19.85329107838318
14,3,21.611261961497156
14,4,20.318702262198823
14,5,17.907738137248135
14,6,14.929309472558502
14,7,16.19876248310053
14,8,14.22744448798286
14,9,11.467522500672809
14,10,8.922816647707396
14,11,5.5595214630998555
14,12,5.445935040615297
14,13,3.8398307080961844
14,15,3.8178116722279363
14,16,6.473777720530822
14,17,9.603711623978164
14,18,11.860011929882626
14,19,15.397043413494337
14,20,18.181061252414306
14,21,20.214030010235167
14,22,23.956570296447833
14,23,26.021676131610675
14,24,27.92826576715354
14,25,25.930471281242028
14,26,27.10585620216648
14,27,23.722435633325514
14,28,22.5703135621908
14,29,18.74117558908134
14,30,15.717592590384186
14,31,13.332006388558671
14,32,9.648254262178042
14,33,8.535824069930177
14,34,5.21673262155736
14,35,5.596712562016898
14,36,7.742154069340964
14,37,9.625461373080043
14,38,9.441318973633104
14,39,11.065699706157288
14,40,10.984854833488265
14,41,14.420007937813505
14,42,14.933741934145635
14,43,18.22460725157984
14,44,18.676742547675694
14,45,21.203806763116365
14,46,18.941733019403923
14,47,18.571846030287038
14,48,15.030427366647286
14,49,13.989779371439779
14,50,16.13431081184399
14,51,14.763319505809989
14,52,11.114787407061007
14,53,12.855812752904322
14,54,14.942993739062217
14,55,12.247520958981802
14,56,10.842314175133986
14,57,14.579918245432367
14,58,15.400690186784415
14,59,13.33250523233953
14,60,15.387273295772046
14,61,18.573969273074216
15,1,19.600434648887543
15,2,17.81919744218146
15,3,20.111601642046185
15,4,18.963299746533117
15,5,16.397459501184656
15,6,13.991772145097123
15,7,15.796250184852981
15,8,14.480151282420225
15,9,11.94416468611143
15,10,8.551247150055444
15,11,6.577840606604849
15,12,5.406765458808462
15,13,5.785622120250326
15,14,3.8178116722279363
15,16,3.8134163570353734
15,17,6.089586246312559
15,18,8.19239819924826
15,19,11.835875629693875
15,20,14.698376735815765
15,21,17.053268401451337
15,22,20.730130090722643
15,23,22.70209171330094
15,24,24.86570067204145
15,25,23.185775158541908
15,26,24.591232914135325
15,27,21.20152135466248
15,28,19.643631002746147
15,29,15.842695226407686
15,30,12.51672789870641
15,31,10.405367883544994
15,32,6.617543104178504
15,33,6.074354378451096
15,34,4.24843434754522
15,35,6.016369059068073
15,36,8.817537611546639
15,37,9.230294245067505
15,38,9.180745397888591
15,39,9.62382872639245
15,40,9.448455587923167
15,41,12.379717418523684
15,42,12.641340398579455
15,43,15.758142296741362
15,44,15.67548844901418
15,45,18.451501822377327
15,46,16.640883840683546
15,47,16.360708785344936
15,48,13.186767781601592
15,49,11.444516711013195
15,50,13.209610712382863
15,51,12.297909226296484
15,52,8.48650932825482
15,53,9.457437403169257
15,54,11.916324444757974
15,55,9.757750031590009
15,56,7.774550868819327
15,57,11.37854318048352
15,58,12.867127414756109
15,59,11.237051135733317
15,60,12.896675159159884
15,61,16.056521547274617
16,1,19.760078880135655
16,2,18.681879436785504
16,3,21.398473476509455
16,4,20.845506288195498
16,5,18.60806338354725
16,6,16.69301136936257
16,7,18.967660867575542
16,8,18.0342898530901
16,9,15.690789841427483
16,10,12.187446556039262
16,11,10.3580624680995
16,12,8.95732826272796
16,13,8.612730346611224
16,14,6.473777720530822
16,15,3.8134163570353734
16,17,3.802512159676585
16,18,7.238858980190862
16,19,10.753234145819846
16,20,14.216399191424712
16,21,16.63158587838648
16,22,20.026332139299853
16,23,22.342414783309202
16,24,24.62034417546153
16,25,23.365570478311998
16,26,25.3136971966248
16,27,22.1885341838478
16,28,20.394679312893285
16,29,16.703432746014077
16,30,13.18710695950972
16,31,10.921683230713677
16,32,7.478996698282605
16,33,5.709790377754808
16,34,4.788237856693122
16,35,5.133778590407751
16,36,8.552538692636967
16,37,8.409545147668208
16,38,9.793082483764469
16,39,10.320577195191527
16,40,11.26505227014159
16,41,13.946617197344773
16,42,14.611106936880581
16,43,17.636839396276347
16,44,17.028956198203115
16,45,20.15311902444825
16,46,18.933118553609802
16,47,18.696571218630265
16,48,15.940003766799384
16,49,13.699876904975802
16,50,14.793121708023953
16,51,14.177585713612967
16,52,10.515280882954544
16,53,10.169591243809364
16,54,12.476078237241182
16,55,10.560124863568669
16,56,7.413114696752306
16,57,10.326299735347805
16,58,12.189703685577115
16,59,10.00493681220507
16,60,10.641474116667496
16,61,14.209917084395071
17,1,17.334497126277174
17,2,16.66661823145876
17,3,19.815720013298787
17,4,19.4935157703042
17,5,17.315928822685517
17,6,16.125574898198046
17,7,18.794694748390643
17,8,18.536243914885386
17,9,16.63197217047688
17,10,12.888417718574143
17,11,12.143100038363016
17,12,10.753085600853003
17,13,11.522356175938429
17,14,9.603711623978164
17,15,6.089586246312559
17,16,3.802512159676585
17,18,3.78734822805189
17,19,7.151677264040835
17,20,10.724590613284079
17,21,13.383191643169608
17,22,16.61039396175474
17,23,18.848077767014257
17,24,21.32016057013775
17,25,20.415192863835202
17,26,22.593043319086245
17,27,19.592198976446234
17,28,17.472342872050053
17,29,13.981347626996516
17,30,10.375006848930628
17,31,8.549865758773649
17,32,5.909083511777774
17,33,5.170975865989793
17,34,6.757888931516858
17,35,8.271205676870297
17,36,11.010611713090618
17,37,9.54027437799829
17,38,10.592284692609079
17,39,9.800515972932066
17,40,10.637130289225052
17,41,12.412411458174974
17,42,12.928702988048983
17,43,15.586598537471035
17,44,14.489966247152854
17,45,17.847545276211385
17,46,17.273660966182675
17,47,17.356731415926554
17,48,15.206395124033088
17,49,12.316657207029177
17,50,12.963152379281176
17,51,13.202394650946983
17,52,9.892151703197046
17,53,8.303895856660159
17,54,11.071352580219674
17,55,10.327622445656969
17,56,6.874848462490113
17,57,8.831063873562842
17,58,11.716774037596018
17,59,10.458879264793529
17,60,10.294533713208036
17,61,13.552120430693895
18,1,14.28115847732393
18,2,13.695473727872015
18,3,17.082410514931784
18,4,16.80386138138036
18,5,14.672492039447388
18,6,14.177405136065138
18,7,17.11779538981864
18,8,17.553173898085056
18,9,16.254817397426255
18,10,12.538893525848671
18,11,12.88756938105449
18,12,11.951310589380483
18,13,13.70924779610086
18,14,11.860011929882626
18,15,8.19239819924826
18,16,7.238858980190862
18,17,3.78734822805189
18,19,3.7501233305199966
18,20,7.0236425098545965
18,21,9.856092002996988
18,22,13.17399812669466
18,23,15.194948592413114
18,24,17.72442956738543
18,25,16.861048365449026
18,26,19.00433403449944
18,27,16.01643217873589
18,28,13.740216355139054
18,29,10.359392774871685
18,30,6.774179503760075
18,31,5.4962988329005835
18,32,4.325591427843538
18,33,5.600889308896484
18,34,8.598077230614804
18,35,11.138778947892535
18,36,13.163419137452358
18,37,10.938285880251666
18,38,11.02128742123712
18,39,8.907424549732239
18,40,9.138815994794562
18,41,9.817707002303674
18,42,10.133262937764615
18,43,12.453159066807265
18,44,11.210735312459887
18,45,14.784172043284519
18,46,14.737281349587676
18,47,15.412205434973252
18,48,13.805215625491508
18,49,10.360597371609854
18,50,11.022148831884058
18,51,12.328562839098222
18,52,9.509603900533204
18,53,7.330360085392433
18,54,10.75565537372679
18,55,11.191304806185634
18,56,8.394088590402223
18,57,9.699916684889107
18,58,13.132489275184529
18,59,12.893369409893008
18,60,12.65804913825412
18,61,15.334513314732309
19,1,11.913412530391247
19,2,12.134166981015635
19,3,15.864210257435758
19,4,16.14265685658926
19,5,14.526140482057738
19,6,14.98064653303916
19,7,18.23583538799304
19,8,19.38294941916921
19,9,18.68239713202373
19,10,15.141552338616181
19,11,16.014989402081376
19,12,15.404478094683164
19,13,17.380911607015122
19,14,15.397043413494337
19,15,11.835875629693875
19,16,10.753234145819846
19,17,7.151677264040835
19,18,3.7501233305199966
19,20,3.8035332933171344
19,21,6.573057736409474
19,22,9.564915571420455
19,23,11.733766791895466
19,24,14.304177364570764
19,25,13.868803079720903
19,26,16.417444475623142
19,27,13.84978329261023
19,28,11.416782469494562
19,29,8.620744462946925
19,30,5.768351962175378
19,31,5.3729117434424385
19,32,6.663734117427441
19,33,8.057848143355326
19,34,11.625502993709688
19,35,14.225253173440604
19,36,15.72242708778364
19,37,12.848959565531445
19,38,12.788003690734463
19,39,9.97736637846203
19,40,10.374973441278147
19,41,9.83159063660617
19,42,10.367211490988444
19,43,12.052396572543397
19,44,10.56011098307186
19,45,14.301284964387015
19,46,15.169858789297471
19,47,16.45080171942573
19,48,15.56819954596456
19,49,11.818829472146467
19,50,12.163290533864103
19,51,14.363997893742487
19,52,12.205632368251775
19,53,9.523692511874797
19,54,12.819747037372085
19,55,14.09416145632049
19,56,11.51543633330683
19,57,11.912448345487029
19,58,15.641452938051382
19,59,15.842396768481706
19,60,15.037389716200856
19,61,17.34374496531904
20,1,10.03269729286355
20,2,10.454214824204739
20,3,14.235964747753265
20,4,14.536248117482401
20,5,13.126085867547909
20,6,14.48880245199655
20,7,17.712106566352375
20,8,19.48610119324568
20,9,19.37490653010163
20,10,16.169933802139184
20,11,17.80804329853337
20,12,17.48213569944039
20,13,19.9766133170757
20,14,18.181061252414306
20,15,14.698376735815765
20,16,14.216399191424712
20,17,10.724590613284079
20,18,7.0236425098545965
20,19,3.8035332933171344
20,21,3.8375601105697186
20,22,6.6827900369175115
20,23,8.18331232436396
20,24,10.942960066963783
20,25,10.69080158174051
20,26,13.134920916194126
20,27,10.697986037026828
20,28,7.931183327712572
20,29,5.897712474612464
20,30,4.427803062060338
20,31,5.976507208938458
20,32,8.751630003404786
20,33,10.960883803916342
20,34,14.580609846784636
20,35,17.550759457524613
20,36,18.733978527215218
20,37,15.72324882504628
20,38,14.984508829761607
20,39,11.587143581050377
20,40,11.241019305885095
20,41,9.347706798354631
20,42,9.407012623342704
20,43,10.072050913605601
20,44,8.44323380901099
20,45,12.072170904016637
20,46,13.718905651121613
20,47,15.618066102954772
20,48,15.47434671831169
20,49,11.682644250441498
20,50,11.913888584907749
20,51,14.917925312628164
20,52,13.509364661144952
20,53,10.899559864233561
20,54,14.088802430843208
20,55,16.058793998881754
20,56,14.137612482423895
20,57,14.230957326097425
20,58,17.93923388404669
20,59,18.74809288937623
20,60,18.080993847313607
20,61,19.926270082793877
21,1,6.614112550415581
21,2,8.029786863494806
21,3,11.81663196151328
21,4,12.975601478053374
21,5,12.587565263451832
21,6,14.58696399516969
21,7,18.061856114324357
21,8,20.38442892712955
21,9,20.89726594674783
21,10,17.985725948129904
21,11,19.67471221742917
21,12,19.990311387165423
21,13,22.42697618460673
21,14,20.214030010235167
21,15,17.053268401451337
21,16,16.63158587838648
21,17,13.383191643169608
21,18,9.856092002996988
21,19,6.573057736409474
21,20,3.8375601105697186
21,22,3.8406042324734715
21,23,6.338044452329895
21,24,7.99558172862609
21,25,7.370485687719439
21,26,10.324178927235232
21,27,8.614553855748662
21,28,6.877706594471942
21,29,5.813583540323959
21,30,6.473004493715566
21,31,7.121934075170307
21,32,10.633680258170662
21,33,12.380503371199183
21,34,16.1122576753905
21,35,19.157924205666408
21,36,19.628975916387624
21,37,16.25600204173964
21,38,15.229988559914634
21,39,11.64480836441594
21,40,11.68133964151547
21,41,9.254706516078231
21,42,10.285674903851893
21,43,10.941207827617427
21,44,10.354370544841665
21,45,13.76847543216297
21,46,15.621269213175697
21,47,18.14805899507855
21,48,18.02890891158866
21,49,14.299893468658002
21,50,15.072366420827477
21,51,18.22357715626064
21,52,16.726260176200917
21,53,14.486381124203803
21,54,17.81518213527535
21,55,19.644461488980898
21,56,17.641163496605103
21,57,17.961251190299002
21,58,21.67898816545492
21,59,22.263212967951016
21,60,21.511395893145554
21,61,23.544238357374404
22,1,7.767905250352636
22,2,10.281503213450256
22,3,13.691067240366637
22,4,15.337882925912192
22,5,15.46627949143538
22,6,17.9176896522702
22,7,21.30418774892593
22,8,23.871102972335983
22,9,24.56028583594092
22,10,21.730549244712446
22,11,23.505724996370326
22,12,23.732444081807845
22,13,26.1632515508965
22,14,23.956570296447833
22,15,20.730130090722643
22,16,20.026332139299853
22,17,16.61039396175474
22,18,13.17399812669466
22,19,9.564915571420455
22,20,6.6827900369175115
22,21,3.8406042324734715
22,23,3.8231163469002016
22,24,5.162820565652719
22,25,6.291538343279996
22,26,9.855792367290977
22,27,9.485348928484717
22,28,7.9705899681153225
22,29,8.62809669706101
22,30,9.935939950896861
22,31,10.960348091016977
22,32,14.415263401947326
22,33,15.961715633132243
22,34,19.738436824923493
22,35,22.608347389702196
22,36,23.02029591470564
22,37,19.49501398990961
22,38,18.694901144011652
22,39,15.200925166259491
22,40,15.42223496593128
22,41,12.808365079026332
22,42,13.686857912384228
22,43,13.660713440057929
22,44,12.792818008623016
22,45,15.738135186178605
22,46,18.19844570173137
22,47,20.804812874608384
22,48,21.17460664551082
22,49,17.51662970743885
22,50,17.841855722207423
22,51,21.202673991625417
22,52,20.060617266384778
22,53,17.521949354198203
22,54,20.542801690321486
22,55,22.71205990451943
22,56,20.713301023030883
22,57,20.518782019276827
22,58,24.29623567868565
22,59,25.078291355621726
22,60,23.9481495428978
22,61,25.701159800272944
23,1,9.90816283774785
23,2,11.797147278302658
23,3,14.826308363260642
23,4,15.939749918495439
23,5,15.850000318840374
23,6,18.69912286017378
23,7,21.70206394674518
23,8,24.448257714047333
23,9,25.301023804620915
23,10,22.708921830945684
23,11,24.964998413440597
23,12,25.04712701178456
23,13,27.835897906114024
23,14,26.021676131610675
23,15,22.70209171330094
23,16,22.342414783309202
23,17,18.848077767014257
23,18,15.194948592413114
23,19,11.733766791895466
23,20,8.18331232436396
23,21,6.338044452329895
23,22,3.8231163469002016
23,24,3.829233743148905
23,25,6.140233258735469
23,26,8.789475714241453
23,27,8.699333478360026
23,28,6.691953683069966
23,29,8.826855949086585
23,30,10.799758354863316
23,31,12.88665331941946
23,32,16.388275687030482
23,33,18.54763754642971
23,34,22.24766229321911
23,35,25.316812341500796
23,36,25.950004537728308
23,37,22.589617330336658
23,38,21.486150197219978
23,39,17.813814655016774
23,40,17.32138278126256
23,41,14.215920600069506
23,42,14.21053904506981
23,43,13.128635115503863
23,44,11.930372600489338
23,45,14.140521644164366
23,46,17.164633139620275
23,47,19.860104796798804
23,48,20.900174283847136
23,49,17.510285281233735
23,50,17.435471045639265
23,51,21.086638504796348
23,52,20.620255417038347
23,53,18.110070449907212
23,54,20.781798425568706
23,55,23.413947614487913
23,56,21.944343699946664
23,57,21.46149598830931
23,58,25.108828343176263
23,59,26.4238136931789
23,60,25.473124147609784
23,61,26.776375332388064
24,1,8.732282980653146
24,2,11.179613424768986
24,3,13.565017353377472
24,4,15.33074693244564
24,5,16.145706317273525
24,6,19.32734443321564
24,7,22.366453920296628
24,8,25.461359282701572
24,9,26.78168803386389
24,10,24.45444660279468
24,11,26.71566824360497
24,12,27.2773312594554
24,13,30.02474911608066
24,14,27.92826576715354
24,15,24.86570067204145
24,16,24.62034417546153
24,17,21.32016057013775
24,18,17.72442956738543
24,19,14.304177364570764
24,20,10.942960066963783
24,21,7.99558172862609
24,22,5.162820565652719
24,23,3.829233743148905
24,25,3.8459224676954284
24,26,6.688918667650148
24,27,8.176495610589697
24,28,7.912453107355287
24,29,10.445190575911901
24,30,13.102244060180771
24,31,14.606829532220345
24,32,18.32622909230026
24,33,20.227972532964696
24,34,23.898941885919555
24,35,27.018521849234773
24,36,27.13941817453421
24,37,23.64285247822995
24,38,22.303517740116998
24,39,18.663180915016753
24,40,18.354828522748342
24,41,15.105583338798445
24,42,15.681973100950506
24,43,14.745637251448297
24,44,14.43494488373868
24,45,16.479932671487276
24,46,19.354026029756547
24,47,22.438088879402603
24,48,23.33895186706247
24,49,20.01679293254657
24,50,20.443953892267263
24,51,24.102820062391572
24,52,23.44661905881566
24,53,21.232619648878313
24,54,24.140092998183995
24,55,26.57489583998487
24,56,25.016036537579414
24,57,24.843885132034185
24,58,28.522847848838065
24,59,29.618467112529835
24,60,28.706484514652924
24,61,30.24597918235222
25,1,5.720009169882168
25,2,7.708431341937076
25,3,9.75774785662949
25,4,11.653021806301584
25,5,12.891344632800562
25,6,16.168905149553645
25,7,19.217000587156928
25,8,22.470182798746812
25,9,24.104970731683547
25,10,22.04644511847246
25,11,24.347472617694347
25,12,25.367161258720195
25,13,28.13889954398913
25,14,25.930471281242028
25,15,23.185775158541908
25,16,23.365570478311998
25,17,20.415192863835202
25,18,16.861048365449026
25,19,13.868803079720903
25,20,10.69080158174051
25,21,7.370485687719439
25,22,6.291538343279996
25,23,6.140233258735469
25,24,3.8459224676954284
25,26,3.847216938880013
25,27,5.216557500674547
25,28,6.435371053939857
25,29,8.580648197319443
25,30,11.733933980166048
25,31,12.782879837153773
25,32,16.569071622699063
25,33,18.50553752361616
25,34,21.98157665765413
25,35,25.278804082253966
25,36,25.054556068068546
25,37,21.671697984795546
25,38,19.860678508975703
25,39,16.211771179130988
25,40,15.6887011907462
25,41,12.319286427992749
25,42,13.274134782457832
25,43,12.686908019802933
25,44,13.337127312605682
25,45,15.492027308666307
25,46,17.847131767095178
25,47,21.225124009060213
25,48,21.7362444617955
25,49,18.51598949340068
25,50,19.62753116368543
25,51,23.169621557043758
25,52,22.24408568805301
25,53,20.554560647376967
25,54,23.776256561084306
25,55,25.8653123453787
25,56,24.380201121752908
25,57,24.791606723428988
25,58,28.395323364293084
25,59,29.265424567847724
25,60,28.740238180514183
25,61,30.593757818480615
26,1,7.833659027283503
26,2,8.293126404617276
26,3,9.036062885753372
26,4,10.26168671627626
26,5,11.77712053899509
26,6,15.431918179932536
26,7,17.952378421430865
26,8,21.498419556778487
26,9,23.601638384310306
26,10,22.078437251736876
26,11,24.76682564569086
26,12,26.053715637124427
26,13,29.078267880265763
26,14,27.10585620216648
26,15,24.591232914135325
26,16,25.3136971966248
26,17,22.593043319086245
26,18,19.00433403449944
26,19,16.417444475623142
26,20,13.134920916194126
26,21,10.324178927235232
26,22,9.855792367290977
26,23,8.789475714241453
26,24,6.688918667650148
26,25,3.847216938880013
26,27,3.816343035893325
26,28,6.634466739237811
26,29,9.371178204938623
26,30,13.060404378037903
26,31,14.413039708336612
26,32,18.09264552365945
26,33,20.402869265994227
26,34,23.608047027600573
26,35,27.1162117073786
26,36,26.78865954758015
26,37,23.660525698520026
26,38,21.340615037362234
26,39,17.692504240755518
26,40,16.48699187660723
26,41,12.832715941419098
26,42,13.29098873030849
26,43,12.076382195869401
26,44,13.428982896746122
26,45,14.798274667307568
26,46,17.041495731618376
26,47,20.705087103280743
26,48,21.44305166480825
26,49,18.673929916156006
26,50,20.03729802473105
26,51,23.60354012111262
26,52,23.008454767910436
26,53,21.805756585544046
26,54,24.941920544489072
26,55,27.060004016665598
26,56,26.02870391542472
26,57,26.65595659222284
26,58,30.07077556191629
26,59,31.13608968598677
26,60,31.001475695196106
26,61,32.75873715844797
27,1,7.290061217392281
27,2,6.383604963533802
27,3,7.843184485468752
27,4,7.9949118264175505
27,5,8.529875976071626
27,6,12.111726765423436
27,7,14.687174301933018
27,8,18.079223943918922
27,9,19.979124842262
27,10,18.38065372447833
27,11,21.177895432672496
27,12,22.3720088704671
27,13,25.498993758984565
27,14,23.722435633325514
27,15,21.20152135466248
27,16,22.1885341838478
27,17,19.592198976446234
27,18,16.01643217873589
27,19,13.84978329261023
27,20,10.697986037026828
27,21,8.614553855748662
27,22,9.485348928484717
27,23,8.699333478360026
27,24,8.176495610589697
27,25,5.216557500674547
27,26,3.816343035893325
27,28,3.7899831180292254
27,29,5.928869454314771
27,30,9.71178515260216
27,31,11.297179037951548
27,32,14.833378848039226
27,33,17.482566896587134
27,34,20.553650842230873
27,35,24.169207248772008
27,36,24.093017504150723
27,37,21.18956739670225
27,38,18.73022559708042
27,39,15.007795926908438
27,40,13.312066254532574
27,41,9.526829100313016
27,42,9.538662365879949
27,43,8.308293882017228
27,44,9.925525749916297
27,45,11.541548814714522
27,46,13.475769952517107
27,47,17.129302162394048
27,48,17.67582912010489
27,49,14.905669559981616
27,50,16.463714561317154
27,51,19.93976879855952
27,52,19.310352218177485
27,53,18.33116535486558
27,54,21.50429346502772
27,55,23.50444372054465
27,56,22.645941559869733
27,57,23.480788986948966
27,58,26.767513797834194
27,59,27.84905578778646
27,60,27.99085676049222
27,61,29.76482361409066
28,1,8.726041154291048
28,2,8.20001850261194
28,3,10.729892802409973
28,4,10.465456173206428
28,5,9.70228827603394
28,6,12.766419274895346
28,7,15.377702268931635
28,8,18.309840217960485
28,9,19.565450137695393
28,10,17.510895243825015
28,11,20.31775879468429
28,12,20.87476421341431
28,13,24.076604807321658
28,14,22.5703135621908
28,15,19.643631002746147
28,16,20.394679312893285
28,17,17.472342872050053
28,18,13.740216355139054
28,19,11.416782469494562
28,20,7.931183327712572
28,21,6.877706594471942
28,22,7.9705899681153225
28,23,6.691953683069966
28,24,7.912453107355287
28,25,6.435371053939857
28,26,6.634466739237811
28,27,3.7899831180292254
28,29,3.8419117903911144
28,30,7.30634572311124
28,31,9.888424908391615
28,32,13.34689316927976
28,33,16.305036696925463
28,34,19.540841002014314
28,35,23.086513884057755
28,36,23.59210258177528
28,37,20.717131103606164
28,38,18.66220233903706
28,39,14.85893979083853
28,40,13.111297117240667
28,41,9.461934788220038
28,42,8.615245871506756
