1,2,3.7586803454180373
1,3,5.13366955279985
1,4,6.680596487667371
1,5,8.565848513503747
1,6,9.233006991388581
1,7,9.217366606822859
1,8,12.88182826306363
1,9,15.22667474792719
1,10,17.746038014846373
1,11,21.369403560315547
1,12,23.724866859731087
1,13,27.09378954390329
1,14,30.08965278105783
1,15,32.39530337610905
1,16,31.201730396322528
1,17,34.7573120456332
1,18,37.27800414636639
1,19,40.9501553855233
1,20,43.47310423410695
1,21,46.84681587171186
1,22,48.120500960875184
1,23,49.0264859542059
1,24,46.733362163505625
1,25,43.51359939549679
1,26,40.21628364558743
1,27,37.14958368126215
1,28,33.47657768579297
1,29,31.026504356327198
1,30,27.68338807704907
1,31,25.67928185023864
1,32,22.746993740005816
1,33,20.961513010732393
1,34,20.229103942540902
1,35,18.26806240361248
1,36,19.857660159939627
1,37,23.43704538070974
1,38,22.62393285334307
1,39,22.537410896744866
1,40,25.238260920145205
1,41,25.952400571832705
1,42,27.608510052992855
1,43,29.820370251431203
1,44,29.993208219800024
1,45,32.35082627194747
1,46,31.84750766276063
1,47,34.99091153104482
1,48,35.78870325795404
1,49,34.349948549332275
1,50,30.992795187220057
1,51,31.866993291790095
1,52,30.680488235274698
1,53,33.06183954109627
1,54,32.04846831325841
1,55,34.4980380225131
1,56,33.77506098112659
1,57,31.220813744249064
1,58,30.713350700240493
1,59,31.69932450077388
1,60,34.57353070780317
1,61,42.45340288743328
1,62,38.77368674417925
1,63,37.69785623027147
1,64,34.51199218302222
1,65,35.009657992354654
1,66,32.63359459754352
1,67,33.36433346113382
1,68,33.938140838179876
1,69,31.350314691124815
1,70,28.66134336463849
1,71,26.6060840461928
1,72,28.789728279784693
1,73,30.55090690810195
1,74,33.457505877286096
1,75,34.06459578220746
1,76,37.72238588200504
1,77,39.89017332591239
1,78,43.45687479893695
1,79,46.38906488954939
1,80,44.52394929481875
1,81,45.943177656560856
1,82,45.3749393397786
1,83,44.223016948501844
1,84,41.221713992176134
1,85,40.41975222164364
1,86,37.03675662477242
1,87,33.398274075168636
1,88,31.760651175827824
1,89,28.214709385171794
1,90,26.293244820954726
1,91,23.270714732362777
1,92,21.685216051634594
1,93,21.04737154619567
1,94,19.64452241701554
1,95,22.074923710532197
1,96,20.030140702894993
1,97,20.78369826276876
1,98,17.541429780473795
1,99,18.52184196469172
1,100,16.35400497133263
1,101,18.276357817366872
1,102,17.72093086187278
1,103,20.82113603263864
1,104,22.520393095910762
1,105,23.771208929416776
1,106,27.213842601098825
1,107,30.56772732847354
1,108,34.1486527974638
1,109,37.216635081417564
2,1,3.7586803454180373
2,3,3.801702712877337
2,4,6.71258257202515
2,5,8.996341352704862
2,6,10.80997252325905
2,7,10.628583665731828
2,8,14.109308512672145
2,9,16.484134035278057
2,10,18.370665971146842
2,11,22.090121538248415
2,12,24.623127771958057
2,13,27.717542689050756
2,14,30.946318246414435
2,15,33.253038439694606
2,16,31.8500055033566
2,17,35.23502660365958
2,18,37.77600237206384
2,19,41.37460398209651
2,20,43.84652680405001
2,21,47.06560486660735
2,22,48.11139200796167
2,23,49.02304549253629
2,24,46.97005464225491
2,25,43.80198284291253
2,26,40.548503691463026
2,27,37.64455825685232
2,28,34.024035774289416
2,29,31.85642724084635
2,30,28.367096919233507
2,31,26.800962392535087
2,32,23.77972093301441
2,33,22.460675272796102
2,34,21.408830796573863
2,35,19.658005569802054
2,36,20.707362395417547
2,37,24.046838639689263
2,38,22.6430284381009
2,39,22.38616641601421
2,40,24.890607906585902
2,41,25.763913829168512
2,42,27.069654694259366
2,43,29.367706774539798
2,44,29.21363701792943
2,45,31.502162895783762
2,46,30.803379302491955
2,47,33.76621307658424
2,48,34.57989262535973
2,49,32.80024594476561
2,50,29.54924952599634
2,51,30.214438220964727
2,52,29.215421025796214
2,53,31.737259238184002
2,54,30.91339264279917
2,55,33.66912897404485
2,56,33.15341978602279
2,57,30.70512057067833
2,58,30.54029513771834
2,59,31.457490267909762
2,60,34.074966987645304
2,61,41.96574370194284
2,62,38.391821736005824
2,63,37.58893466757403
2,64,34.58730789711841
2,65,35.43229481635672
2,66,33.319516350856475
2,67,34.448074063587875
2,68,35.26483655782807
2,69,32.957272962547734
2,70,30.054552245535763
2,71,28.012652305243076
2,72,29.954553859369305
2,73,31.29839650571954
2,74,34.07521557115537
2,75,34.295964006515945
2,76,37.905546094448866
2,77,39.80409889314279
2,78,43.422800011409116
2,79,46.29803136291667
2,80,44.352647076506535
2,81,45.5152415174894
2,82,44.92032438576575
2,83,43.4750121386669
2,84,40.65936599664646
2,85,39.97041017087253
2,86,36.52906946115691
2,87,32.91960800643595
2,88,31.391668690625714
2,89,27.974693316700687
2,90,26.128615162800866
2,91,22.906255084480783
2,92,21.434433670649643
2,93,20.291719387761866
2,94,18.982721912257464
2,95,21.170116076029313
2,96,18.897260865449255
2,97,18.996013323120778
2,98,15.547253138890625
2,99,16.892225608119528
2,100,15.048519030785611
2,101,17.25767423682303
2,102,17.310543261856512
2,103,20.451637603145635
2,104,22.665045191977768
2,105,23.9907680606488
2,106,27.180511068857893
2,107,30.716940378234746
2,108,34.15210160963919
2,109,37.21696998419557
3,1,5.13366955279985
3,2,3.801702712877337
3,4,3.820339379211935
3,5,5.396938893246238
3,6,7.8266776418223225
3,7,8.271048534418973
3,8,11.705939672206066
3,9,14.631227531392815
3,10,16.553255793161167
3,11,20.094336158240854
3,12,23.00745465695452
3,13,26.12070672229288
3,14,29.47610143889176
3,15,31.974896796801346
3,16,30.932506938426563
3,17,34.29269613394828
3,18,36.5353207529902
3,19,40.195627283008236
3,20,42.42119694428912
3,21,45.6463406223742
3,22,46.53694564052829
3,23,47.18373388293249
3,24,45.076643566057044
3,25,41.77348115714642
3,26,38.679779776636465
3,27,35.650322026863776
3,28,32.13222303941794
3,29,29.820405326208043
3,30,26.215143744572305
3,31,24.616889497848174
3,32,21.327427738960456
3,33,19.922951807708422
3,34,18.418075384897605
3,35,16.477395150013677
3,36,17.185463140315658
3,37,20.475336968892517
3,38,19.02303671402158
3,39,19.0291707537759
3,40,21.7575086615646
3,41,22.962486687120943
3,42,24.56303084579045
3,43,27.16155064991138
3,44,27.367618057931335
3,45,29.990563393128728
3,46,29.71578602225779
3,47,32.855251285822995
3,48,34.06864358412114
3,49,32.41232741514709
3,50,28.976048365774023
3,51,29.28035873632144
3,52,27.84886569194915
3,53,30.023626881556485
3,54,28.810072056499926
3,55,31.459969852658627
3,56,30.61538576367275
3,57,27.924370248853393
3,58,27.51433274272547
3,59,28.23942451274987
3,60,30.979715081457208
3,61,39.630387352439435
3,62,36.034043695936084
3,63,35.0132373083047
3,64,31.90704119623343
3,65,32.606486713991195
3,66,30.383072769817968
3,67,31.618057769179227
3,68,32.293822882597446
3,69,30.17231330287963
3,70,27.082384016420765
3,71,25.323385096043893
3,72,27.4252131396366
3,73,28.709577836492787
3,74,31.662473863327165
3,75,31.997892641608722
3,76,35.65975239320343
3,77,37.683805387767386
3,78,41.214280967642196
3,79,44.2543634329509
3,80,42.5483785997967
3,81,43.87049586007997
3,82,43.568695396829725
3,83,42.14833128811706
3,84,39.19940284555908
3,85,38.81326314569746
3,86,35.53830792014924
3,87,31.839090372751134
3,88,29.93431046996323
3,89,26.39570907745315
3,90,24.143861491796663
3,91,20.74103192769078
3,92,18.79680281917473
3,93,17.41903215906125
3,94,15.688865201044365
3,95,17.708502083060505
3,96,15.353826347271955
3,97,15.76937817127536
3,98,12.526762652602184
3,99,13.898046093712944
3,100,12.310621262445844
3,101,14.923319337507664
3,102,15.341962825014532
3,103,18.82429268341553
3,104,21.19534037946965
3,105,23.055387947627143
3,106,26.288067204954576
3,107,29.689942074381495
3,108,33.19579526285058
3,109,36.011722173189256
4,1,6.680596487667371
4,2,6.71258257202515
4,3,3.820339379211935
4,5,3.840605487287084
4,6,6.8484106358114
4,7,9.0069721096594
4,8,12.46042954225299
4,9,15.886936890735345
4,10,18.227517241270796
4,11,21.485341354950204
4,12,24.587651976811223
4,13,27.845527368496757
4,14,31.14181394811785
4,15,33.770756664742244
4,16,33.099142704910854
4,17,36.513215877070515
4,18,38.530210702738906
4,19,42.255448810133345
4,20,44.313129332201456
4,21,47.60242312830996
4,22,48.46107941030934
4,23,48.87489572415974
4,24,46.62500834610783
4,25,43.18457615076048
4,26,40.23475145572835
4,27,37.02336949927066
4,28,33.595514787949234
4,29,31.00033760949275
4,30,27.39892581786225
4,31,25.492791745048688
4,32,21.998423342579795
4,33,20.094952124493414
4,34,18.20237567976756
4,35,15.599593543340873
4,36,16.061176094292136
4,37,19.458305922450105
4,38,18.32416233159906
4,39,19.07894482232829
4,40,22.240044869125384
4,41,23.86775998060742
4,42,25.925871884520056
4,43,28.79186239130931
4,44,29.424787760936777
4,45,32.31700705698407
4,46,32.39461867235813
4,47,35.658439910824185
4,48,37.10314093361459
4,49,35.56333200188115
4,50,32.03676323632971
4,51,32.13279177502457
4,52,30.39681317362907
4,53,32.25281355571971
4,54,30.66559830084982
4,55,33.13302407790972
4,56,31.88472079671244
4,57,28.889398571261502
4,58,28.024377797128704
4,59,28.44306686115843
4,60,31.434129424038836
4,61,41.026897709171934
4,62,37.3996349422033
4,63,36.042960431655985
4,64,32.7570358158124
4,65,33.08731904447078
4,66,30.55997702675613
4,67,31.655565855713096
4,68,31.888561268064077
4,69,29.799922895020053
4,70,26.62566565940471
4,71,25.323793702547754
4,72,27.83913862894846
4,73,29.337266356748074
4,74,32.557622868022925
4,75,33.22042924131716
4,76,36.933888569594835
4,77,39.185529502453456
4,78,42.58685878514267
4,79,45.799507967302105
4,80,44.35321925186136
4,81,45.89234456114895
4,82,45.83515217512263
4,83,44.51867988513954
4,84,41.43305740045119
4,85,41.24140088145775
4,86,38.11364711518352
4,87,34.36737687139261
4,88,32.171416123669246
4,89,28.52633090741659
4,90,25.927351522013332
4,91,22.480424210436613
4,92,20.01996643188157
4,93,18.518555249723168
4,94,16.11691677456654
4,95,17.660418250223636
4,96,14.964964267638116
4,97,15.71845101680721
4,98,13.127178610091223
4,99,14.874304467320044
4,100,13.877024907894503
4,101,16.820043288932975
4,102,17.408008709609184
4,103,21.070415863766506
4,104,23.315166379144237
4,105,25.48003038601662
4,106,28.818264858922575
4,107,32.0342332926191
4,108,35.62599098240767
4,109,38.25990723765214
5,1,8.565848513503747
5,2,8.996341352704862
5,3,5.396938893246238
5,4,3.840605487287084
5,6,3.8012239304774504
5,7,6.296833228455184
5,8,9.233109333982272
5,9,12.884183974415677
5,10,15.187484666170887
5,11,18.191533398645923
5,12,21.455894272435057
5,13,24.68955147642174
5,14,27.99389627839919
5,15,30.714240759386268
5,16,30.317469139075527
5,17,33.68943064789342
5,18,35.483809978229274
5,19,39.22681396891533
5,20,41.126483233012266
5,21,44.42687305232719
5,22,45.24237572453267
5,23,45.51642834766735
5,24,43.196907813293805
5,25,39.69730664408265
5,26,36.83430985286515
5,27,33.55245527574346
5,28,30.19855511383085
5,29,27.517965734288033
5,30,23.90753371220971
5,31,21.979335765453797
5,32,18.392427819192363
5,33,16.499771282966456
5,34,14.420159747473075
5,35,11.875587449060683
5,36,12.321429663478096
5,37,15.747148584319174
5,38,14.741217210269072
5,39,15.453459956047574
5,40,18.69582328955281
5,41,20.322209850506173
5,42,22.60855279745563
5,43,25.53678841640347
5,44,26.473755307085295
5,45,29.53708146632952
5,46,29.946509474493684
5,47,33.35287884392448
5,48,35.030523536730854
5,49,33.747589639592675
5,50,30.10032643370083
5,51,30.0768345685026
5,52,28.020302725198945
5,53,29.593218495692458
5,54,27.74643494520074
5,55,29.989948420735345
5,56,28.536154592990087
5,57,25.444346790110036
5,58,24.394377997315672
5,59,24.833262286813344
5,60,27.931385798618937
5,61,37.64019796390839
5,62,33.983261209526255
5,63,32.465948710275015
5,64,29.108444416612045
5,65,29.32105646015163
5,66,26.742093599271655
5,67,27.846581014464554
5,68,28.091765943567648
5,69,26.08344951463869
5,70,22.850004061188212
5,71,21.60392537775364
5,72,24.138247159874155
5,73,25.616812954398593
5,74,28.902801237920677
5,75,29.677801129065937
5,76,33.40172339898604
5,77,35.76377169089177
5,78,39.09590052942712
5,79,42.38106016540925
5,80,41.077295559629
5,81,42.766853192094615
5,82,42.87861450567066
5,83,41.6860579531987
5,84,38.48139843097569
5,85,38.43261467339914
5,86,35.45768529312121
5,87,31.689394277409814
5,88,29.253314656512856
5,89,25.55127741829851
5,90,22.73367769388915
5,91,19.321455994452982
5,92,16.623313891416217
5,93,15.301097410632806
5,94,12.80380347956347
5,95,14.5912600059141
5,96,12.345481349267766
5,97,13.862989255284704
5,98,11.491056794855007
5,99,12.502988270241552
5,100,11.293214402419007
5,101,14.067234336840224
5,102,14.571097028162821
5,103,18.29168166909676
5,104,20.430506015395594
5,105,22.900273234809344
5,106,26.241414548037124
5,107,29.267221041741863
5,108,32.88686065816922
5,109,35.32885485081844
6,1,9.233006991388581
6,2,10.80997252325905
6,3,7.8266776418223225
6,4,6.8484106358114
6,5,3.8012239304774504
6,7,3.824795148659707
6,8,6.533368537060211
6,9,10.161327234417824
6,10,13.059017109742966
6,11,15.873998561021363
6,12,18.930971311338233
6,13,22.386273378482038
6,14,25.45170201777285
6,15,28.1607345101268
6,16,27.97839095720601
6,17,31.466913005590307
6,18,33.217273305094594
6,19,37.00696403061741
6,20,38.94933934575727
6,21,42.3793074886276
6,22,43.42054834841541
6,23,43.72514961844639
6,24,41.18990744821245
6,25,37.67470920244742
6,26,34.75201322617654
6,27,31.345954658631634
6,28,27.942137513410888
6,29,25.025150815228937
6,30,21.58399234149054
6,31,19.25036103684211
6,32,15.793989644701702
6,33,13.472430823523178
6,34,11.866710076107823
6,35,9.291144214886078
6,36,10.779060128651404
6,37,14.476470025583643
6,38,14.276808177583284
6,39,14.799323280361191
6,40,18.018052451707216
6,41,19.1944041294404
6,42,21.747469446715535
6,43,24.429905774682425
6,44,25.65073936755588
6,45,28.695399178297425
6,46,29.27546062895164
6,47,32.827886472613564
6,48,34.459502383328264
6,49,33.56109721939766
6,50,29.84593465382437
6,51,30.085359561167774
6,52,27.896990857754187
6,53,29.346937621784782
6,54,27.402025636742273
6,55,29.274984678297095
6,56,27.710231455264406
6,57,24.641194013236248
6,58,23.32916200560033
6,59,23.999208071225286
6,60,27.287718795967066
6,61,36.51082503750517
6,62,32.764298439031414
6,63,31.033530944871757
6,64,27.535844222630626
6,65,27.449965888377193
6,66,24.672946393327944
6,67,25.361390905784866
6,68,25.50651089731266
6,69,23.17633921697668
6,70,20.187277944166915
6,71,18.755088746542533
6,72,21.44580330801067
6,73,23.329546069939813
6,74,26.68108935194154
6,75,27.808161586796896
6,76,31.551427928813915
6,77,34.14870523634443
6,78,37.43552159176962
6,79,40.727001239222155
6,80,39.46298987873819
6,81,41.383378187318705
6,82,41.48761740021903
6,83,40.60527652165309
6,84,37.238661349884204
6,85,37.05024507782762
6,86,34.15348115644606
6,87,30.394401097114148
6,88,27.88796559284193
6,89,24.106799208556616
6,90,21.293787262119903
6,91,18.21363575199383
6,92,15.581831010586118
6,93,15.114649730942398
6,94,12.959213088451438
6,95,15.30563793299158
6,96,13.87605265596463
6,97,16.112067495787127
6,98,13.911688560735708
6,99,14.000505026834203
6,100,12.110143796220852
6,101,14.058062505778775
6,102,13.66774069372479
6,103,17.157511770921637
6,104,18.678518288749235
6,105,21.0635933553858
6,106,24.585068836516086
6,107,27.382963511126405
6,108,31.10539592423786
6,109,33.525714571056405
7,1,9.217366606822859
7,2,10.628583665731828
7,3,8.271048534418973
7,4,9.0069721096594
7,5,6.296833228455184
7,6,3.824795148659707
7,8,3.7801873172673117
7,9,6.95497101497171
7,10,9.800568863033982
7,11,12.99103144474067
7,12,15.834784480151587
7,13,19.29667524306245
7,14,22.388140414447076
7,15,25.001653127660767
7,16,24.54269968742098
7,17,28.060641489672282
7,18,30.016123586296324
7,19,33.79213910725575
7,20,35.91753350059237
7,21,39.3517755884782
7,22,40.50956430418273
7,23,41.04804912325363
7,24,38.56202318532382
7,25,35.16205148661439
7,26,32.056450636283
7,27,28.767471919066043
7,28,25.221577468060133
7,29,22.492913201024116
7,30,19.06873041266387
7,31,16.91319058360374
7,32,13.716551159592596
7,33,11.915724184620162
7,34,11.082320899782966
7,35,9.660481333615875
7,36,11.693358523619779
7,37,15.139854580306583
7,38,14.790001235848525
7,39,14.32957116492688
7,40,17.002328908006163
7,41,17.496333959327085
7,42,19.684237751181385
7,43,21.99204886098692
7,44,22.93775996636747
7,45,25.74710522030053
7,46,26.111355213101785
7,47,29.652268924114804
7,48,31.091589680593597
7,49,30.298849059085278
7,50,26.604514842906752
7,51,27.137443251719592
7,52,25.116479918855887
7,53,26.782040182745476
7,54,25.124170017836278
7,55,27.004598368444444
7,56,25.788087744057087
7,57,23.03828888237883
7,58,22.111664219341414
7,59,23.21283296453879
7,60,26.29509582030995
7,61,34.3588186679762
7,62,30.593623514385058
7,63,29.116198049457655
7,64,25.743774359221298
7,65,25.953051883469353
7,66,23.454154870105807
7,67,24.164004725098046
7,68,24.811533482184398
7,69,22.35989201581949
7,70,19.57687425965923
7,71,17.497953910911225
7,72,19.71539232732401
7,73,21.49547039760458
7,74,24.582500323180433
7,75,25.493980633133567
7,76,29.213485537268344
7,77,31.684322350867482
7,78,35.09790396143294
7,79,38.2326992731069
7,80,36.726775028679064
7,81,38.54279824072676
7,82,38.42141955701769
7,83,37.57180810544422
7,84,34.243151949502696
7,85,33.82233678445323
7,86,30.81455467889973
7,87,27.0715835184334
7,88,24.76958805421001
7,89,21.008671140310945
7,90,18.504476549127293
7,91,15.589627960083702
7,92,13.528623533191455
7,93,13.640321380000092
7,94,12.408202966472713
7,95,15.461701017270963
7,96,14.682076478926191
7,97,16.826675938847302
7,98,14.193721291233423
7,99,13.52043924606867
7,100,10.748587746530351
7,101,11.858754719620775
7,102,10.719939335290285
7,103,13.984859726410823
7,104,15.343231212621271
7,105,17.47145152603575
7,106,21.040672428220915
7,107,23.942286571064685
7,108,27.671198792203054
7,109,30.264053964652007
8,1,12.88182826306363
8,2,14.109308512672145
8,3,11.705939672206066
8,4,12.46042954225299
8,5,9.233109333982272
8,6,6.533368537060211
8,7,3.7801873172673117
8,9,3.788678329485785
8,10,6.634928929543399
8,11,9.416038381856804
8,12,12.412295273079534
8,13,15.865851647794784
8,14,18.950642282720242
8,15,21.658874599869574
8,16,21.50902879478969
8,17,24.96702097228185
8,18,26.68519476238783
8,19,30.476058729801387
8,20,32.459544075453486
8,21,35.91231245579461
8,22,37.061736663877795
8,23,37.50427818251833
8,24,34.93996617360936
8,25,31.503078379674136
8,26,28.443099864799812
8,27,25.090825276952536
8,28,21.585685154680323
8,29,18.774649720460403
8,30,15.354097941120408
8,31,13.16530336041393
8,32,9.939678759789512
8,33,8.368347084666707
8,34,7.867937687819746
8,35,7.512798401397398
8,36,9.917150397415451
8,37,12.962708547387953
8,38,12.92724568693169
8,39,11.918965102751768
8,40,14.256237381747425
8,41,14.315302634990866
8,42,16.658572933629742
8,43,18.818273676754607
8,44,20.089001074841295
8,45,22.987495011090147
8,46,23.70726485506911
8,47,27.363521257965697
8,48,28.997607038238442
8,49,28.560122760501102
8,50,24.812225440376892
8,51,25.289597343325532
8,52,22.983749301495582
8,53,24.327759956153212
8,54,22.474872525685743
8,55,24.009647602988633
8,56,22.663534885518
8,57,19.959648675960466
8,58,18.925309122557216
8,59,20.234534377517143
8,60,23.328777129521548
8,61,31.003079459390513
8,62,27.21019796133173
8,63,25.607597973861495
8,64,22.192159730514067
8,65,22.322116116211962
8,66,19.851406573804763
8,67,20.525512932386544
8,68,21.377148637955056
8,69,18.963792372287312
8,70,16.244314307881982
8,71,13.927376402561581
8,72,15.97533013498869
8,73,17.744261957530174
8,74,20.827885138909945
8,75,21.85175966627483
8,76,25.573156118705395
8,77,28.157149225156594
8,78,31.51545784304938
8,79,34.68374465574507
8,80,33.280167366421345
8,81,35.25241870833461
8,82,35.26501984657637
8,83,34.589823955825466
8,84,31.141500103388445
8,85,30.81900881717955
8,86,27.992650406678845
8,87,24.265900786732075
8,88,21.73701635311566
8,89,17.942623251823218
8,90,15.278838430974384
8,91,12.624703183599053
8,92,10.574569806952809
8,93,11.483481907714282
8,94,10.820612671877456
8,95,14.225941959800847
8,96,14.397225926469613
8,97,17.0148215822323
8,98,14.781476927431994
8,99,13.173912822610934
8,100,10.164801807371598
8,101,10.268441229425667
8,102,8.505464260994485
8,103,11.441384610757703
8,104,12.377296856575093
8,105,14.826010103844224
8,106,18.357198486628278
8,107,20.966902550183786
8,108,24.71087698593871
8,109,27.092113876723058
9,1,15.22667474792719
9,2,16.484134035278057
9,3,14.631227531392815
9,4,15.886936890735345
9,5,12.884183974415677
9,6,10.161327234417824
9,7,6.95497101497171
9,8,3.788678329485785
9,10,3.7880127667675416
9,11,6.516786814971568
9,12,8.94442311839629
9,13,12.538993244698052
9,14,15.470110091136384
9,15,18.084239517181974
9,16,17.851282742994382
9,17,21.38532167548608
9,18,23.223494811595348
9,19,27.020330658429113
9,20,29.166046798706255
9,21,32.68140318838383
9,22,34.04402114460914
9,23,34.69444763672859
9,24,32.06930373897586
9,25,28.749285469815124
9,26,25.514482962746545
9,27,22.229759141724557
9,28,18.59441872462284
9,29,15.869994211550997
9,30,12.663312523224587
9,31,10.49025629675061
9,32,7.974715069531739
9,33,7.203727144037983
9,34,8.311981653749573
9,35,9.433591664118913
9,36,12.137548192477038
9,37,14.578982648625182
9,38,14.77926883840022
9,39,13.006199382102714
9,40,14.49251766017336
9,41,13.548257293382273
9,42,15.516025467419446
9,43,16.997888850033927
9,44,18.175377540513832
9,45,20.759574339331937
9,46,21.42830269452887
9,47,25.09550969471011
9,48,26.545262012590573
9,49,26.478054866558054
9,50,22.79251303362725
9,51,23.638426047618527
9,52,21.4321440474218
9,53,22.799560161934078
9,54,21.185548933082924
9,55,22.418907951524595
9,56,21.362434181401955
9,57,19.095111148838733
9,58,18.32729846169031
9,59,20.100301877836255
9,60,22.95625468575672
9,61,29.09391479457906
9,62,25.30186906480541
9,63,23.84160184997331
9,64,20.560799191516494
9,65,20.80508309253119
9,66,18.606987045023732
9,67,19.047889737333684
9,68,20.35056206111994
9,69,17.77023623157767
9,70,15.562975489969318
9,71,12.560989404640551
9,72,13.971755023869546
9,73,15.785816059006187
9,74,18.51788246442314
9,75,19.515588664235104
9,76,23.152011938819047
9,77,25.721441258749767
9,78,29.12446075174142
9,79,32.12634200041731
9,80,30.54992842079193
9,81,32.555852469224945
9,82,32.385309557987846
9,83,31.932693467528512
9,84,28.446329993936182
9,85,27.858183594576822
9,86,25.03435156205161
9,87,21.378348463483576
9,88,19.002477385806905
9,89,15.26363219856702
9,90,13.015331050097748
9,91,11.060355706874129
9,92,9.99719673561965
9,93,12.025642979209888
9,94,12.483039810536647
9,95,16.1515974704207
9,96,17.003471329312962
9,97,19.580130538490597
9,98,17.33065697083766
9,99,15.137512640173277
9,100,11.759154229837968
9,101,10.583758493821138
9,102,7.629392135413032
9,103,9.457669026008537
9,104,9.42501417722954
9,105,11.521458509995771
9,106,15.14880086723339
9,107,17.6027679394676
9,108,21.38944950407452
9,109,23.862819834603417
10,1,17.746038014846373
10,2,18.370665971146842
10,3,16.553255793161167
10,4,18.227517241270796
10,5,15.187484666170887
10,6,13.059017109742966
10,7,9.800568863033982
10,8,6.634928929543399
10,9,3.7880127667675416
10,11,3.7966663227522517
10,12,6.545501430472723
10,13,9.634258660267081
10,14,12.997138095848609
10,15,15.638032144035899
10,16,15.223897006875013
10,17,18.54271917104827
10,18,20.335242273081096
10,19,24.089778946881953
10,20,26.177473923449615
10,21,29.574269327291443
10,22,30.76669522585542
10,23,31.467761552312997
10,24,29.03400840842647
10,25,25.780652273580408
10,26,22.506302926291184
10,27,19.409585401632032
10,28,15.758330447329945
10,29,13.503197624604045
10,30,10.115436610623817
10,31,8.978143158259119
10,32,6.9234119364580895
10,33,8.063514206267346
10,34,9.18887687849889
10,35,11.354116756475321
10,36,13.337266254363154
10,37,15.006054443092115
10,38,14.704324677254593
10,39,12.085273700281117
10,40,12.623424232218593
10,41,10.990159198952695
10,42,12.336594532423435
10,43,13.490924829157791
10,44,14.450068387003675
10,45,16.97270106875922
10,46,17.69591581924916
10,47,21.387372297049346
10,48,22.975002775181633
10,49,23.00640133645192
10,50,19.310976904485173
10,51,20.07934372447427
10,52,17.799013858603473
10,53,19.12376195125549
10,54,17.64768097891716
10,55,18.888950312573346
10,56,18.14006954207717
10,57,16.23078799759498
10,58,16.019427820173036
10,59,18.105998619945293
10,60,20.546639603218857
10,61,25.753099003150243
10,62,21.998186994749762
10,63,20.869770887999874
10,64,17.839317759874046
10,65,18.621599784610584
10,66,16.994986358379627
10,67,17.90492518875235
10,68,19.853528904081433
10,69,17.724906715629356
10,70,15.571434954721983
10,71,12.35395168412707
10,72,12.793120750177767
10,73,13.81315271731475
10,74,16.113587241151457
10,75,16.551306710545287
10,76,20.142431866889893
10,77,22.449620902992116
10,78,25.96772990863229
10,79,28.87865690546034
10,80,27.161075738337157
10,81,29.00756658396947
10,82,28.808011077423593
10,83,28.229784648293194
10,84,24.783971207856574
10,85,24.26557453130194
10,86,21.431971688322303
10,87,17.73697076934449
10,88,15.306101375250805
10,89,11.547974209544334
10,90,9.384972446908428
10,91,7.5820148360588115
10,92,7.4472596943044636
10,93,10.08470757206321
10,94,11.655235508565848
10,95,15.405722737723009
10,96,16.87960449176304
10,97,19.22896876729186
10,98,17.089673692637966
10,99,14.28946614967744
10,100,10.84488895368665
10,101,8.538121632242001
10,102,5.0087423824169095
10,103,5.849672504417599
10,104,5.7839446373875685
10,105,8.40490074843486
10,106,11.816801351158302
10,107,14.35530857092205
10,108,18.0832735607132
10,109,20.50783540692178
11,1,21.369403560315547
11,2,22.090121538248415
11,3,20.094336158240854
11,4,21.485341354950204
11,5,18.191533398645923
11,6,15.873998561021363
11,7,12.99103144474067
11,8,9.416038381856804
11,9,6.516786814971568
11,10,3.7966663227522517
11,12,3.787688587411346
11,13,6.62256859827885
11,14,9.945320613373154
11,15,12.786567109161064
11,16,13.102613001487272
11,17,16.2150293264978
11,18,17.492545332593288
11,19,21.263176572056715
11,20,23.077185611821456
11,21,26.51860667292844
11,22,27.70532047232808
11,23,28.220661992516103
11,24,25.624117105633673
11,25,22.2836170496031
11,26,19.090940240889154
11,27,15.834838208438624
11,28,12.238269776217624
11,29,9.771087496325176
11,30,6.355642960845201
11,31,5.421629073330262
11,32,4.253874623849571
11,33,6.917525865660466
11,34,8.742159640662786
11,35,11.88529987946177
11,36,13.705901458231319
11,37,14.552909391143647
11,38,14.712343038732413
11,39,11.834744986402916
11,40,11.603448122262058
11,41,9.171889430837494
11,42,10.605388495023757
11,43,11.24961393267327
11,44,12.884166492773925
11,45,15.453416067717532
11,46,16.829300343160067
11,47,20.54956270620258
11,48,22.402893262724557
11,49,22.969556822298483
11,50,19.381940946810122
11,51,19.993075328841776
11,52,17.37667780640398
11,53,18.053434896794403
11,54,16.28032567584129
11,55,16.8030457087391
11,56,15.812020350001069
11,57,14.093219328291886
11,58,13.69483428373824
11,59,16.03871840357607
11,60,18.37361773396117
11,61,22.8408426064475
11,62,19.06752116893459
11,63,17.686343832914105
11,64,14.610996926318673
11,65,15.213863529230652
11,66,13.726540147571898
11,67,14.51425611888126
11,68,16.797511493420316
11,69,14.858680807812465
11,70,13.070484748057366
11,71,9.643438915719674
11,72,9.336291301666044
11,73,10.197828720139078
11,74,12.38590649309539
11,75,13.078851995904099
11,76,16.6738322727571
11,77,19.228661062131195
11,78,22.627091470203432
11,79,25.612816979858636
11,80,24.104158471753923
11,81,26.24586645450852
11,82,26.298948157418284
11,83,26.03609464600367
11,84,22.408056925272252
11,85,22.082092771408746
11,86,19.641369283299824
11,87,16.08726869477157
11,88,13.261162300786996
11,89,9.604705370301962
11,90,7.223606837839751
11,91,6.702697051470818
11,92,7.076390880441751
11,93,10.628717622074472
11,94,12.630999373923494
11,95,16.09425251676409
11,96,18.26625892045087
11,97,20.890582207021033
11,98,19.29748458924251
11,99,16.12293047829739
11,100,13.114853381459266
11,101,10.36372198835905
11,102,7.245967089928826
11,103,6.589322411668289
11,104,4.98040690117918
11,105,7.928789840036305
11,106,10.76892574380304
11,107,12.43795312583949
11,108,16.079749052849554
11,109,18.02662565520972
12,1,23.724866859731087
12,2,24.623127771958057
12,3,23.00745465695452
12,4,24.587651976811223
12,5,21.455894272435057
12,6,18.930971311338233
12,7,15.834784480151587
12,8,12.412295273079534
12,9,8.94442311839629
12,10,6.545501430472723
12,11,3.787688587411346
12,13,3.7971262810505615
12,14,6.562007305705152
12,15,9.275458038500165
12,16,9.622408657006433
12,17,12.913091382392647
12,18,14.365459317237418
12,19,18.17387787374339
12,20,20.271359542365946
12,21,23.847314361400947
12,22,25.425677628716787
12,23,26.25542115250235
12,24,23.527951614625124
12,25,20.40845049944235
12,26,16.964158162602345
12,27,13.850982927125305
12,28,10.088984862344544
12,29,7.853952117727649
12,30,5.596303104091367
12,31,5.089497221805393
12,32,6.482692462810827
12,33,9.103725916169381
12,34,11.802143864973903
12,35,15.018254942750666
12,36,17.12924332726618
12,37,17.83079841057683
12,38,18.27404294958318
12,39,15.361530060566805
12,40,14.684770504572073
12,41,11.698032286355753
12,42,12.444817021610424
12,43,11.924698739035728
12,44,13.27134681213268
12,45,15.081831453630901
12,46,16.30925388222362
12,47,19.8525843503365
12,48,21.332818545538657
12,49,22.431919595173028
12,50,19.109008182437467
12,51,20.23147072285514
12,52,17.939021268876374
12,53,18.607076217369155
12,54,17.28698406740906
12,55,17.30317046320028
12,56,16.76224880751427
12,57,15.769425003205855
12,58,15.645705983343294
12,59,18.243605430483104
12,60,20.19966207028999
12,61,22.466326852304753
12,62,18.842486978250236
12,63,17.67999371605068
12,64,14.99609573362043
12,65,15.590706947645188
12,66,14.548037522363433
12,67,14.764943559048385
12,68,17.355972783693613
12,69,15.267382184691737
12,70,14.391273401794212
12,71,10.671541717423535
12,72,9.422409531532534
12,73,10.336698017584881
12,74,11.621328943933197
12,75,12.350236805400835
12,76,15.571283771204817
12,77,18.077902232799392
12,78,21.419494948336474
12,79,24.095231520625244
12,80,22.367950758310624
12,81,24.587457361228342
12,82,24.360224534753183
12,83,24.50711852074855
12,84,20.86518751376549
12,85,20.087201013273873
12,86,17.73370548588111
12,87,14.441852054352296
12,88,12.02462302032313
12,89,8.858428787433656
12,90,7.843001114558963
12,91,8.924428414310738
12,92,10.37174219775319
12,93,14.051846415346343
12,94,16.33603887733371
12,95,19.743586362064136
12,96,22.017759531956063
12,97,24.560359275731123
12,98,22.88343658558921
12,99,19.665542243579523
12,100,16.559915195602066
12,101,13.531649578356413
12,102,10.162858910178043
12,103,8.355393421342068
12,104,5.080077051819805
12,105,6.317683447767146
12,106,8.827033888639118
12,107,9.802366968624142
12,108,13.463711731382423
12,109,15.510863568738415
13,1,27.09378954390329
13,2,27.717542689050756
13,3,26.12070672229288
13,4,27.845527368496757
13,5,24.68955147642174
13,6,22.386273378482038
13,7,19.29667524306245
13,8,15.865851647794784
13,9,12.538993244698052
13,10,9.634258660267081
13,11,6.62256859827885
13,12,3.7971262810505615
13,14,3.796789993995137
13,15,6.469564453999231
13,16,7.100116293003883
13,17,9.790001607866207
13,18,10.87424034998435
13,19,14.65479143992529
13,20,16.635498755100897
13,21,20.145910744011104
13,22,21.65388290967998
13,23,22.561659697907587
13,24,19.938037421983253
13,25,16.94263927740594
13,26,13.391256658708482
13,27,10.548638535784495
13,28,6.760362935405637
13,29,5.696180773853826
13,30,4.620627045157838
13,31,6.463614246893569
13,32,8.853574766368922
13,33,12.106731163599035
13,34,14.536087652808561
13,35,18.034220232018832
13,36,19.706985920854024
13,37,19.819409714567676
13,38,20.06694263275898
13,39,16.842608174270747
13,40,15.321479025590737
13,41,11.79757377225025
13,42,11.61505441940911
13,43,9.990814672755725
13,44,11.181699841420743
13,45,12.446787503603336
13,46,13.977381860686005
13,47,17.323320424797153
13,48,18.903471297792827
13,49,20.473847126505397
13,50,17.4328024556711
13,51,18.503911126738686
13,52,16.231026012581243
13,53,16.500022243595925
13,54,15.427884741189676
13,55,14.900119472496955
13,56,14.789843185176595
13,57,14.604987638535563
13,58,15.043063044994973
13,59,17.86122139618362
13,60,19.171180144485803
13,61,19.371964017692964
13,62,15.91856394167554
13,63,15.153430848646016
13,64,13.055559364615986
13,65,14.144710557642073
13,66,14.020980370866477
13,67,14.482833146261978
13,68,17.645759825329474
13,69,16.17000440046155
13,70,15.695569581078912
13,71,12.24283546385727
13,72,9.847113509346206
13,73,9.57424197693949
13,74,9.604503937337384
13,75,9.607285895580882
13,76,12.447100624409424
13,77,14.672738618519686
13,78,18.04338015411045
13,79,20.52086585870011
13,80,18.648743961615065
13,81,20.853619364268823
13,82,20.620251500467266
13,83,20.92044422759334
13,84,17.244593788728626
13,85,16.487495375469805
13,86,14.406835074191429
13,87,11.351409990540224
13,88,8.891894008709427
13,89,6.4223171430756
13,90,6.578448391758859
13,91,9.176651011145212
13,92,11.541347678817585
13,93,15.257341990486845
13,94,18.074217021470453
13,95,21.208577341242897
13,96,23.875660588727225
13,97,26.23614980812554
13,98,24.784814105464044
13,99,21.312563054944683
13,100,18.467075986715287
13,101,15.04461557297672
13,102,12.064556244953293
13,103,9.297934700779235
13,104,5.81001046302947
13,105,6.272542587268865
13,106,7.025487736115218
13,107,6.799257995242051
13,108,10.167120772176254
13,109,11.83666041721102
14,1,30.08965278105783
14,2,30.946318246414435
14,3,29.47610143889176
14,4,31.14181394811785
14,5,27.99389627839919
14,6,25.45170201777285
14,7,22.388140414447076
14,8,18.950642282720242
14,9,15.470110091136384
14,10,12.997138095848609
14,11,9.945320613373154
14,12,6.562007305705152
14,13,3.796789993995137
14,15,2.9540924092837666
14,16,5.223066723007041
14,17,7.523946034856326
14,18,8.174545489012557
14,19,11.94488238137608
14,20,14.041468383777865
14,21,17.742268984203857
14,22,19.735722724455915
14,23,20.82320678429174
14,24,17.926469429476313
14,25,15.20183107549094
14,26,11.569647510626885
14,27,8.947250859819846
14,28,5.546296004916639
14,29,5.162300103995778
14,30,6.5949449516771095
14,31,8.111470868668645
14,32,11.4063737985538
14,33,14.328006109674165
14,34,17.18209673100677
14,35,20.70998274629959
14,36,22.576886679113255
14,37,22.541614615702795
14,38,23.177391026890074
14,39,20.103290623157967
14,40,18.49472582464548
14,41,14.906775603263485
14,42,14.675196360375947
14,43,12.530194305469921
14,44,13.708749456519202
14,45,14.2781063023662
14,46,15.808772276205495
14,47,18.727380645918977
14,48,19.980480792978653
14,49,22.104410299829755
14,50,19.4801601809126
14,51,20.80412648408081
14,52,18.783419765482833
14,53,18.789081987991924
14,54,17.9323874217084
14,55,16.77634935205148
14,56,16.78508703284563
14,57,17.05618805623523
14,58,17.36594600169184
14,59,20.170874494938293
14,60,21.266576828859208
14,61,19.65235754608288
14,62,16.54892115699505
14,63,15.784038232222466
14,64,14.143134194459854
14,65,14.827992931937525
14,66,14.995922908252343
14,67,14.739424964305831
14,68,17.916365606304307
14,69,16.431219082047022
14,70,16.829844464611423
14,71,13.49689302004203
14,72,10.644604664110588
14,73,10.5406109892391
14,74,9.624470338206713
14,75,10.02093437658645
14,76,12.00947258476122
14,77,14.24771345552852
14,78,17.21031589325779
14,79,19.327183680511794
14,80,17.484769879418412
14,81,19.951668630983065
14,82,19.61406280232031
14,83,20.579974298935667
14,84,16.949563424784156
14,85,15.862832202377335
14,86,14.326213164220155
14,87,12.027193847261518
14,88,10.200325283877635
14,89,8.988466823180923
14,90,9.9116827230037
14,91,12.866390377305477
14,92,15.169035103735043
14,93,18.92123836945611
14,94,21.664740785956837
14,95,24.7080831156454
14,96,27.463595473208702
14,97,29.928143578017995
14,98,28.545927469191863
14,99,25.071796947040443
14,100,22.242771672661306
14,101,18.841035383458713
14,102,15.813083939336156
14,103,13.011749157392103
14,104,9.410451210433925
14,105,8.82820958403788
14,106,8.720634286511416
14,107,6.891110941739844
14,108,9.441576815491779
14,109,10.593954765628435
15,1,32.39530337610905
15,2,33.253038439694606
15,3,31.974896796801346
15,4,33.770756664742244
15,5,30.714240759386268
15,6,28.1607345101268
15,7,25.001653127660767
15,8,21.658874599869574
15,9,18.084239517181974
15,10,15.638032144035899
15,11,12.786567109161064
15,12,9.275458038500165
15,13,6.469564453999231
15,14,2.9540924092837666
15,16,3.8395306374759834
15,17,5.222961330386862
15,18,5.852224509565581
15,19,9.499007527933596
15,20,11.96502742993121
15,21,15.700282774361565
15,22,18.08493647261806
15,23,19.549199230551352
15,24,16.694307117480108
15,25,14.455335183806584
15,26,10.776780634758065
15,27,8.949557921607267
15,28,6.4122080650827264
15,29,7.261469353252638
15,30,9.382628446802423
15,31,10.959477152464178
15,32,14.339787612743851
15,33,17.15924496307185
15,34,20.103894510674863
15,35,23.6075731373348
15,36,25.523168974925245
15,37,25.454759809495894
15,38,26.089701273367996
15,39,22.973800467051756
15,40,21.215384673725403
15,41,17.552161497654755
15,42,16.973715794294872
15,43,14.405665115109855
15,44,15.170101008296854
15,45,15.040745712840714
15,46,16.304088127622492
15,47,18.791100954109616
15,48,19.659298202505354
15,49,22.163581361051683
15,50,19.93865051212111
15,51,21.5341552927537
15,52,19.874558796955434
15,53,19.86939121709611
15,54,19.42656448041732
15,55,18.041182575667666
15,56,18.449523608880494
15,57,19.188393205187037
15,58,19.73323104664879
15,59,22.554203735542636
15,60,23.342640963322747
15,61,20.059801816613604
15,62,17.340196655787125
15,63,16.955713232206733
15,64,15.8708622049069
15,65,16.641502473250647
15,66,17.197495661959877
15,67,16.76156603035026
15,68,19.96034850326902
15,69,18.583349639855314
15,70,19.3532460780065
15,71,16.131924140776626
15,72,13.144051481855668
15,73,12.886468505585585
15,74,11.31940954740862
15,75,11.405283477789926
15,76,12.577616252564475
15,77,14.348429156910576
15,78,17.033152661409424
15,79,18.631328760768334
15,80,16.56721628046231
15,81,18.937605606795504
15,82,18.277462271338912
15,83,19.635152905981176
15,84,16.20872263422478
15,85,14.680708861916848
15,86,13.445420784524124
15,87,11.819400570250123
15,88,10.794291996329672
15,89,10.523739992187394
15,90,12.190625741644277
15,91,15.366643805913585
15,92,17.921678876943172
15,93,21.622897240355158
15,94,24.487203921413162
15,95,27.512463739452055
15,96,30.292968758734435
15,97,32.661827486934826
15,98,31.224705349843173
15,99,27.734398763395475
15,100,24.875796961349767
15,101,21.384177748384317
15,102,18.3409211983645
15,103,15.311564885647217
15,104,11.696669304689292
15,105,10.361972735449848
15,106,9.45901133769816
15,107,6.714249908579789
15,108,8.276004194462766
15,109,9.185180536414531
16,1,31.201730396322528
16,2,31.8500055033566
16,3,30.932506938426563
16,4,33.099142704910854
16,5,30.317469139075527
16,6,27.97839095720601
16,7,24.54269968742098
16,8,21.50902879478969
16,9,17.851282742994382
16,10,15.223897006875013
16,11,13.102613001487272
16,12,9.622408657006433
16,13,7.100116293003883
16,14,5.223066723007041
16,15,3.8395306374759834
16,17,3.795890336546665
16,18,6.746860809114158
16,19,10.114341796920321
16,20,13.285665967240119
16,21,16.739759759645295
16,22,19.114257147898247
16,23,21.094151988189292
16,24,18.731453519291172
16,25,16.834699584312432
16,26,13.047131317446947
16,27,11.781014909093448
16,28,9.100220531674909
16,29,10.16409109491157
16,30,11.236279261488642
16,31,12.834224539410991
16,32,15.651392329768408
16,33,18.45206839458222
16,34,21.294248515369127
16,35,24.62041823016732
16,36,26.604962429015117
16,37,26.888619783774228
16,38,27.117169151263173
16,39,23.82106768846361
16,40,22.123756111158634
16,41,18.48201898641217
16,42,17.467518312802362
16,43,14.844704541206445
16,44,14.693158325420699
16,45,14.036728927494506
16,46,14.417996183501165
16,47,16.754885385330283
16,48,17.062852758271884
16,49,19.477609825972216
16,50,17.373888097953273
16,51,19.492925262277023
