1,2,3.8154509876757943
1,3,6.796275220218005
1,4,10.173147604599235
1,5,13.785786375230302
1,6,17.147344199910574
1,7,20.060159645640173
1,8,23.694919811087416
1,9,26.10655650179572
1,10,29.181407523349915
1,11,29.61721420131351
1,12,26.20919779420237
1,13,22.96180180141335
1,14,20.01401044792037
1,15,16.66774110867146
1,16,13.646089132539847
1,17,10.030154745860383
1,18,8.2548969952754
1,19,5.9496702299209225
1,20,6.17746506455892
1,21,6.368905471307146
1,22,7.879521601536386
1,23,11.655454426605639
1,24,13.112535383945502
1,25,14.561831505904205
1,26,13.79621550403175
1,27,16.9227809148739
1,28,16.507360238310863
1,29,14.975922098388276
1,30,16.140103407896493
1,31,16.716508503506443
1,32,18.049598572437667
1,33,20.375358323814336
1,34,22.577322122137154
1,35,21.96926711671176
1,36,23.094273747903834
1,37,21.72694995542205
1,38,22.128451484015958
1,39,21.50214608798459
1,40,20.13561192579211
1,41,20.09887652509145
1,42,20.112127726051074
1,43,18.529601845708374
1,44,16.469201353152613
1,45,14.64048123677231
1,46,11.080279748590534
1,47,12.037906182109568
1,48,13.745304290070719
1,49,16.24354201159362
1,50,18.740940508522872
1,51,21.83337250697905
1,52,23.678418007574795
1,53,27.20356660039934
1,54,28.602054873022283
1,55,30.557101548026594
1,56,28.12253587643412
1,57,25.353013499207446
1,58,24.557188768908883
1,59,22.533517760379258
1,60,18.970412402814627
1,61,16.799717366585
1,62,13.915643905782739
1,63,12.04236058854597
1,64,11.489669443628406
1,65,10.68470540872258
1,66,13.500677507866143
1,67,14.368841339016246
1,68,13.00976413157328
1,69,11.002262931001558
1,70,8.871560882740367
1,71,6.373853307141552
1,72,7.6865738904730385
1,73,8.29060279804443
1,74,11.747200941271563
1,75,14.286515496053166
1,76,17.61024790217413
1,77,20.5558978953488
1,78,23.5632002546699
2,1,3.8154509876757943
2,3,3.8113452222365534
2,4,6.6362478611629445
2,5,10.30493650237755
2,6,13.565050388718307
2,7,16.45130112713121
2,8,20.035894247128084
2,9,22.41238352646154
2,10,25.461290158852222
2,11,25.817879380082786
2,12,22.395613694264906
2,13,19.169016209264562
2,14,16.210556818493938
2,15,12.856255373023581
2,16,9.862309858348391
2,17,6.308773798809005
2,18,5.284316843196591
2,19,4.5703449866146
2,20,6.118214136881404
2,21,8.145810880526794
2,22,9.87744479473146
2,23,13.622266544460764
2,24,14.4871293221249
2,25,14.988709681988153
2,26,13.349313066551273
2,27,16.129009572115738
2,28,14.917722207484317
2,29,12.785556348592566
2,30,13.757842084237112
2,31,13.809881258793194
2,32,15.376773166803353
2,33,17.556591861106504
2,34,20.085347188045283
2,35,19.880490350505013
2,36,20.739994055085283
2,37,19.233331272290986
2,38,19.15410022898415
2,39,18.618232303483023
2,40,17.66120361433573
2,41,17.749401172000603
2,42,18.32837245540289
2,43,16.646931292156033
2,44,15.169082120010593
2,45,12.846357393461936
2,46,9.446372159194384
2,47,9.301476817916082
2,48,10.546181410848089
2,49,12.659465664622632
2,50,15.083142025189241
2,51,18.07009530026763
2,52,19.942599296545378
2,53,23.442221857303107
2,54,24.90609895194804
2,55,26.958577009613364
2,56,24.676387675288545
2,57,21.827160996919616
2,58,21.291813897817086
2,59,19.555195951724343
2,60,16.157963333750665
2,61,13.736260774478913
2,62,11.140958762143745
2,63,9.094779977275296
2,64,9.49581657987135
2,65,9.201221430878798
2,66,12.676519762971669
2,67,14.25303584774141
2,68,13.055668324838308
2,69,11.724586563129465
2,70,9.859285064901762
2,71,6.493717461979652
2,72,6.2285383931146985
2,73,5.896549245402541
2,74,9.157593995037669
2,75,11.21538227430308
2,76,14.753544704805805
2,77,17.369617483797455
2,78,20.56269092858967
3,1,6.796275220218005
3,2,3.8113452222365534
3,4,3.800937799095387
3,5,7.081911510127159
3,6,10.623153039449944
3,7,13.416049551166974
3,8,17.10998102797933
3,9,19.62063853700915
3,10,22.68495209319655
3,11,23.471925293576497
3,12,20.274920977421512
3,13,16.911661634761593
3,14,14.073692958424905
3,15,11.046006078457737
3,16,8.257546531585405
3,17,5.7436958392859445
3,18,5.364612770220994
3,19,6.913195382296386
3,20,7.392195908943733
3,21,10.418388775362873
3,22,12.94920537413734
3,23,16.646426046509283
3,24,17.77252190919983
3,25,17.99238336798869
3,26,16.203369031525007
3,27,18.88622867382162
3,28,17.245178662509485
3,29,14.778695262981895
3,30,15.546064873000416
3,31,14.805336838760775
3,32,16.336498244929327
3,33,17.901945268009182
3,34,20.49902703748315
3,35,20.988309272094448
3,36,21.864265787503395
3,37,20.485806718463905
3,38,19.78983917778952
3,39,19.54537082853015
3,40,19.185551733152458
3,41,19.303182586526578
3,42,20.331657939600532
3,43,18.333958235457956
3,44,17.15081957683439
3,45,14.215237394404847
3,46,10.921205361856808
3,47,9.653662624386506
3,48,10.841657985444986
3,49,11.991064384520875
3,50,14.373394856533027
3,51,16.772038056958927
3,52,18.596133162961827
3,53,21.808325059618483
3,54,23.025716610581703
3,55,25.452903037278375
3,56,23.48670731336854
3,57,20.28118686800868
3,58,19.802356817172175
3,59,18.605400518008498
3,60,15.610168459418633
3,61,13.521404551533093
3,62,11.870308680971727
3,63,10.303302583637542
3,64,11.895141439702698
3,65,12.04683571204882
3,66,15.742913516907448
3,67,17.631700546004378
3,68,16.52510333991684
3,69,15.354901312886009
3,70,13.624671011648747
3,71,10.184551204434587
3,72,9.106638797270424
3,73,7.280308344266406
3,74,9.317753958466334
3,75,10.075217201397047
3,76,13.303082635027343
3,77,15.504762733197904
3,78,18.480171219883267
4,1,10.173147604599235
4,2,6.6362478611629445
4,3,3.800937799095387
4,5,3.792187904567446
4,6,6.97837722967923
4,7,10.016568642526762
4,8,13.575109425223932
4,9,16.24732456561124
4,10,19.13969393344324
4,11,19.817195584651074
4,12,16.66998420589003
4,13,13.20627510197771
4,14,10.599074272526867
4,15,7.523689715342801
4,16,5.465802893049937
4,17,4.596846939242457
4,18,6.512035582182915
4,19,9.23655457198234
4,20,10.491358388781084
4,21,13.765265747570554
4,22,16.00419730690295
4,23,19.58990383837321
4,24,20.219133963654382
4,25,19.86732993147728
4,26,17.484318983815754
4,27,19.60286661056972
4,28,17.292354259202497
4,29,14.309720595451358
4,30,14.50483606410863
4,31,12.947433726542975
4,32,14.370725807644074
4,33,15.428296521317385
4,34,18.167799104933636
4,35,19.1941103547243
4,36,19.88912298391127
4,37,18.60717037783049
4,38,17.40242581656618
4,39,17.525988286960796
4,40,17.844710577407334
4,41,18.315268598086284
4,42,20.004823672854776
4,43,18.192002558018366
4,44,17.777060134670997
4,45,14.7134624380625
4,46,12.085091097410233
4,47,9.697082518843402
4,48,9.72624577386113
4,49,9.714435563899817
4,50,11.503499318889395
4,51,13.460212628785968
4,52,15.03997687866038
4,53,18.131654646937506
4,54,19.24845876738156
4,55,21.752776769973725
4,56,19.93141835882236
4,57,16.625277138818852
4,58,16.345248328713627
4,59,15.537363959974407
4,60,12.928331531041119
4,61,10.869983470342211
4,62,10.099534088696002
4,63,9.041529943913936
4,64,11.713550098200969
4,65,12.641703080724449
4,66,16.4406947100488
4,67,18.69425346893026
4,68,17.57672629138003
4,69,16.86776604954962
4,70,15.631720531217967
4,71,12.020480241721543
4,72,9.907393110955416
4,73,7.27293255309867
4,74,7.884427418313228
4,75,7.366495262011064
4,76,10.498872668597825
4,77,12.15137943103074
4,78,15.257559830803105
5,1,13.785786375230302
5,2,10.30493650237755
5,3,7.081911510127159
5,4,3.792187904567446
5,6,3.777975591444471
5,7,6.399554582642475
5,8,10.065041447222187
5,9,12.787036413957285
5,10,15.703266932882672
5,11,16.787222523472288
5,12,13.924684962789554
5,13,10.47233852302605
5,14,8.11641157679968
5,15,6.100531228780365
5,16,5.3024577363323475
5,17,6.828772846529274
5,18,8.917157991735595
5,19,12.284282120156012
5,20,13.193110393156452
5,21,16.770993532639487
5,22,19.244156856217607
5,23,22.703054054524117
5,24,23.340011919266637
5,25,22.651861721848253
5,26,20.134356195169772
5,27,22.035797295172145
5,28,19.428302487620705
5,29,16.383952236491382
5,30,16.47451784155954
5,31,14.407385619702797
5,32,15.859294741967593
5,33,16.317318537498604
5,34,19.119062556505167
5,35,20.741501389681172
5,36,21.188074779879116
5,37,19.928123460801608
5,38,18.068295777438117
5,39,18.356659682988713
5,40,19.221131212910848
5,41,19.63206825663202
5,42,21.672159533132234
5,43,19.685393215673695
5,44,19.65150321583367
5,45,16.31605663829377
5,46,14.161627249102768
5,47,11.115013589869625
5,48,10.829250889887176
5,49,9.574635146286091
5,50,10.958677953641226
5,51,11.907476249384032
5,52,13.42797086435761
5,53,16.022795254027045
5,54,16.97619650056689
5,55,19.908319051378474
5,56,18.63823728057138
5,57,15.068109720824719
5,58,15.205981590516657
5,59,15.292334567963607
5,60,13.503389942174703
5,61,11.80571156271851
5,62,12.126500728369427
5,63,11.421073309322617
5,64,14.571123736344264
5,65,15.58026631286793
5,66,19.314700828467227
5,67,21.774820712148344
5,68,20.88776572039654
5,69,20.432017651519867
5,70,19.19060702532207
5,71,15.64941037774313
5,72,13.412420315292827
5,73,10.655893311159375
5,74,10.321873930570579
5,75,8.382116741035395
5,76,10.608331457135506
5,77,11.101361885182087
5,78,13.900983296357587
6,1,17.147344199910574
6,2,13.565050388718307
6,3,10.623153039449944
6,4,6.97837722967923
6,5,3.777975591444471
6,7,3.7888744776667496
6,8,6.816062888052222
6,9,10.012491862166492
6,10,12.454125116734062
6,11,13.464471893086289
6,12,10.877284163578622
6,13,7.237092394980922
6,14,5.9912762293116195
6,15,4.98821137558874
6,16,6.61889820773693
6,17,9.353931348488915
6,18,12.1310901114863
6,19,15.54448296620529
6,20,16.8136389576201
6,21,20.367628693741274
6,22,22.626109344673385
6,23,26.034403057862455
6,24,26.357020300296796
6,25,25.381793698927577
6,26,22.53923470302892
6,27,23.961335890920836
6,28,20.95557221329878
6,29,17.661170314821025
6,30,17.158251134052982
6,31,14.435667139124183
6,32,15.485160957936793
6,33,15.17201064272585
6,34,17.835414209835278
6,35,20.03118607913014
6,36,20.34115672312627
6,37,19.362532125261183
6,38,17.06029099411288
6,39,17.863679432395426
6,40,19.446889944786392
6,41,20.252974653026133
6,42,22.807168312377907
6,43,21.141548910411903
6,44,21.724762695885143
6,45,18.52757623389979
6,46,16.923430979986964
6,47,13.528825982014485
6,48,12.34535381298675
6,49,10.013788561855163
6,50,10.142794713159445
6,51,9.956968623314705
6,52,10.744219205613774
6,53,12.85324925869749
6,54,13.430219890986024
6,55,16.506604180286185
6,56,15.533083181915211
6,57,11.843096934362455
6,58,12.251586341999277
6,59,13.077805744495969
6,60,12.16185568763954
6,61,10.979460547382171
6,62,12.43996200861722
6,63,12.494622013108675
6,64,16.081322056228284
6,65,17.634057045872392
6,66,21.226797219976675
6,67,23.811782149449535
6,68,22.849590073285178
6,69,22.65801225935492
6,70,21.839515014375156
6,71,18.283586032114666
6,72,15.565667602509754
6,73,12.599647321131046
6,74,11.201262866356254
6,75,8.190153801608393
6,76,9.32983517316687
6,77,8.575244246076394
6,78,11.165864205504922
7,1,20.060159645640173
7,2,16.45130112713121
7,3,13.416049551166974
7,4,10.016568642526762
7,5,6.399554582642475
7,6,3.7888744776667496
7,8,3.818703337518399
7,9,6.506910325012826
7,10,9.374999985039855
7,11,10.933183710227746
7,12,8.700548365426158
7,13,5.787158507383059
7,14,4.904813188805547
7,15,6.423289126866152
7,16,8.259646733214241
7,17,11.62002499000804
7,18,14.030082789674687
7,19,17.72598463553381
7,20,18.755813747843625
7,21,22.479206894915446
7,22,24.86070678828088
7,23,28.064773995842994
7,24,28.38138854471794
7,25,27.077734411137826
7,26,24.234701259121206
7,27,25.529093101963
7,28,22.456969014375748
7,29,19.40135283268296
7,30,19.18551090286004
7,31,16.539805276792976
7,32,17.95188889957763
7,33,17.578628544938198
7,34,20.38771338290612
7,35,22.729511046649307
7,36,22.58421584801142
7,37,21.34000370890298
7,38,18.552798072130198
7,39,19.075417542244306
7,40,20.800864457377976
7,41,21.23250575895104
7,42,23.83557357837736
7,43,21.9163569995322
7,44,22.703614670997897
7,45,19.3690622398351
7,46,18.227719803085463
7,47,14.597518007281185
7,48,13.476844298077628
7,49,10.595514665003739
7,50,10.64221375399383
7,51,9.443889601737789
7,52,10.555384071104543
7,53,11.889286973628751
7,54,12.685911818871295
7,55,16.20929700133323
7,56,16.100758776849887
7,57,12.517246765103721
7,58,13.788643163468548
7,59,15.424395999413493
7,60,15.142468520138058
7,61,13.90203285807232
7,62,15.532814807367336
7,63,15.25000919299183
7,64,18.774777337406967
7,65,19.983633275631803
7,66,23.43438060983157
7,67,26.15431518547733
7,68,25.605846360626224
7,69,25.669314047159947
7,70,24.594646909766656
7,71,21.204830035391257
7,72,18.71478546505802
7,73,16.045330729750688
7,74,14.815688166596118
7,75,11.799212639272788
7,76,12.630354622672009
7,77,11.02999488154943
7,78,13.105012108224038
8,1,23.694919811087416
8,2,20.035894247128084
8,3,17.10998102797933
8,4,13.575109425223932
8,5,10.065041447222187
8,6,6.816062888052222
8,7,3.818703337518399
8,9,3.7951555696540535
8,10,5.71416921008646
8,11,7.5918692970131065
8,12,6.35966717539527
8,13,4.456270793714388
8,14,6.034300848550524
8,15,8.704587258184937
8,16,11.382250103823578
8,17,14.969030893128503
8,18,17.61363116317274
8,19,21.29426359099073
8,20,22.4961293819904
8,21,26.205938372704033
8,22,28.466635082566295
8,23,31.613088798954458
8,24,31.726216342530183
8,25,30.209407237396665
8,26,27.18661599260799
8,27,28.12033429395734
8,28,24.829070292937686
8,29,21.72760539113133
8,30,21.156013348999508
8,31,18.200211821406405
8,32,19.30489904045435
8,33,18.35254052158671
8,34,20.918303960015493
8,35,23.64702739726397
8,36,23.298966882742082
8,37,22.275412744791414
8,38,19.156687177621606
8,39,20.011599327440198
8,40,22.254059617823067
8,41,22.903292171396146
8,42,25.817390233485636
8,43,24.151344336393574
8,44,25.379534723178626
8,45,22.20941348555415
8,46,21.475948710615228
8,47,17.745523932198775
8,48,16.174292232385778
8,49,12.830886219165803
8,50,11.92809449526656
8,51,9.532498104594561
8,52,9.726765028928348
8,53,9.810914809943641
8,54,10.109128371460526
8,55,13.856226893364463
8,56,14.51320624613163
8,57,11.173308154345323
8,58,12.985439640734048
8,59,15.455260002170819
8,60,16.08966948324357
8,61,15.325925914791073
8,62,17.599148233912274
8,63,17.7429164180353
8,64,21.38192756606026
8,65,22.85558061508271
8,66,26.133727860648488
8,67,28.909699651488786
8,68,28.368132954967944
8,69,28.62913364047216
8,70,27.802003206561
8,71,24.444137515675347
8,72,21.733145967640457
8,73,19.025678649336378
8,74,17.306227116344925
8,75,13.944949424009781
8,76,13.959733269909528
8,77,11.396643057537622
8,78,12.759327567297444
9,1,26.10655650179572
9,2,22.41238352646154
9,3,19.62063853700915
9,4,16.24732456561124
9,5,12.787036413957285
9,6,10.012491862166492
9,7,6.506910325012826
9,8,3.7951555696540535
9,10,3.801848436434606
9,11,5.939845722600666
9,12,5.397964852622175
9,13,5.890126622491771
9,14,7.200404993123317
9,15,10.757603420105095
9,16,13.15022199950115
9,17,16.89148653146956
9,18,19.26497581797984
9,19,23.0128069083733
9,20,24.17481362576832
9,21,27.913023305385188
9,22,30.111823164610037
9,23,32.99939985096392
9,24,32.987016534244596
9,25,31.131973579567337
9,26,28.11546296858517
9,27,28.843219492485794
9,28,25.556262454144502
9,29,22.77477694677633
9,30,22.503450308648343
9,31,19.802494446198413
9,32,21.307424967793096
9,33,20.565055547361315
9,34,23.33428647696439
9,35,25.944575554537153
9,36,25.106256467600435
9,37,23.72652806060097
9,38,20.314537056446643
9,39,20.736540453364096
9,40,22.943367266757456
9,41,23.192857174265175
9,42,26.055751635157318
9,43,24.254263361090466
9,44,25.70113967087999
9,45,22.59007921284477
9,46,22.37966890379736
9,47,18.619154748340023
9,48,17.064844642359372
9,49,13.570980532640375
9,50,12.688622666389886
9,51,9.823217158858792
9,52,10.518369044621764
9,53,9.920744063077136
9,54,10.898322959050969
9,55,14.613778200280876
9,56,15.998322241459551
9,57,13.184661574384096
9,58,15.683585035810372
9,59,18.356022124732284
9,60,19.129856091424642
9,61,18.02205144048845
9,62,20.134054055595094
9,63,19.862439833456143
9,64,23.32145317391029
9,65,24.449058049698458
9,66,27.498314606591947
9,67,30.353090402492548
9,68,30.235355050870375
9,69,30.782421636359075
9,70,29.745308936231233
9,71,26.60962040471376
9,72,24.1299511683844
9,73,21.781696604934886
9,74,20.33781701963492
9,75,17.18683535533143
9,76,17.45800006857772
9,77,14.811834494617882
9,78,16.18017195453359
10,1,29.181407523349915
10,2,25.461290158852222
10,3,22.68495209319655
10,4,19.13969393344324
10,5,15.703266932882672
10,6,12.454125116734062
10,7,9.374999985039855
10,8,5.71416921008646
10,9,3.801848436434606
10,11,3.8110722160969095
10,12,5.794045473614263
10,13,7.296407670409347
10,14,9.951658870432777
10,15,13.34061932096901
10,16,16.239928955927617
10,17,19.999225913308976
10,18,22.65289537105147
10,19,26.348787163034096
10,20,27.666084348545812
10,21,31.380475439153642
10,22,33.50205959997185
10,23,36.45075040498391
10,24,36.31154499242923
10,25,34.423268529193244
10,26,31.26491650183205
10,27,31.752252259714197
10,28,28.309024015728554
10,29,25.39754680264033
10,30,24.696298094248945
10,31,21.69878775319916
10,32,22.729763657032507
10,33,21.41717521908944
10,34,23.781419777488594
10,35,26.722320166012604
10,36,25.891852103481916
10,37,24.898252175793115
10,38,21.40082427342155
10,39,22.289692731332437
10,40,24.927381157252018
10,41,25.53928107880103
10,42,28.651994558902434
10,43,27.178562671514175
10,44,28.903013756429036
10,45,25.95409489716328
10,46,25.84350809832396
10,47,22.061045398092077
10,48,20.18644121271471
10,49,16.545107281554372
10,50,14.990351115137285
10,51,11.618785868267349
10,52,11.157635582160951
10,53,9.286438243334832
10,54,9.27794185430307
10,55,12.852716670373693
10,56,14.930331271469921
10,57,12.587004083572511
10,58,15.206725157817674
10,59,18.411606917708482
10,60,19.908487805796735
10,61,19.36636019759009
10,62,21.98062336849141
10,63,22.22078077817819
10,64,25.789418674879332
10,65,27.271498084266877
10,66,30.24072244427549
10,67,33.08517018469248
10,68,32.79469866819679
10,69,33.39096355225889
10,70,32.662442800963014
10,71,29.47027133088651
10,72,26.726229441034366
10,73,24.213994809021788
10,74,22.307161274597227
10,75,18.898915800115045
10,76,18.46889547862867
10,77,15.279404624027611
10,78,15.917281278903227
11,1,29.61721420131351
11,2,25.817879380082786
11,3,23.471925293576497
11,4,19.817195584651074
11,5,16.787222523472288
11,6,13.464471893086289
11,7,10.933183710227746
11,8,7.5918692970131065
11,9,5.939845722600666
11,10,3.8110722160969095
11,12,3.7826820014007314
11,13,6.739355287896451
11,14,9.773618549952566
11,15,13.074398983779563
11,16,16.283799892334283
11,17,20.0432013772838
11,18,22.99592836069943
11,19,26.52501842497632
11,20,28.308651946775946
11,21,31.88820082902363
11,22,33.624904280001175
11,23,36.449998171266316
11,24,35.91252437356078
11,25,33.795367260785845
11,26,30.429715259427475
11,27,30.47221577503514
11,28,26.87884344448005
11,29,23.99227476604897
11,30,22.99882290752482
11,31,19.966871399625088
11,32,20.89296829176231
11,33,19.486055455890114
11,34,21.834530497188158
11,35,24.704759688272837
11,36,23.497262523226084
11,37,22.48543242385273
11,38,18.862586768454765
11,39,19.83975626313532
11,40,22.748773951193947
11,41,23.582472357272586
11,42,26.904288449842724
11,43,25.851047527389053
11,44,28.005060237267326
11,45,25.413604413403185
11,46,25.707139268966507
11,47,21.952993905174733
11,48,19.545431701795934
11,49,15.787353823199293
11,50,13.534715942878417
11,51,9.817337545320115
11,52,8.77999056738509
11,53,6.16012304484594
11,54,6.7646077906606825
11,55,9.989000411380987
11,56,12.397754463487031
11,57,10.736350859149274
11,58,13.971768118597781
11,59,17.178321667466143
11,60,18.901995042189412
11,61,18.222158897527915
11,62,20.93599259563782
11,63,21.279338226051994
11,64,24.732241126788125
11,65,26.378687070790026
11,66,29.047339404940516
11,67,31.882389620065336
11,68,31.667503850802564
11,69,32.559776741807994
11,70,32.0964113549959
11,71,29.079675806925138
11,72,26.23280498817229
11,73,23.990959178610343
11,74,21.961624081233413
11,75,18.731338238766927
11,76,18.347807242786292
11,77,15.066578598298952
11,78,15.99520671672536
12,1,26.20919779420237
12,2,22.395613694264906
12,3,20.274920977421512
12,4,16.66998420589003
12,5,13.924684962789554
12,6,10.877284163578622
12,7,8.700548365426158
12,8,6.35966717539527
12,9,5.397964852622175
12,10,5.794045473614263
12,11,3.7826820014007314
12,13,3.7975938924208803
12,14,6.307869347058047
12,15,9.594723380311805
12,16,12.744063317228415
12,17,16.476566830939646
12,18,19.47352847527659
12,19,22.927912594046603
12,20,24.873284533028016
12,21,28.380967604007306
12,22,29.982966512202058
12,23,32.76700218510919
12,24,32.15826259491172
12,25,30.03851335410061
12,26,26.65855212635287
12,27,26.73801587319493
12,28,23.158115051891127
12,29,20.255411127367566
12,30,19.38876931008584
12,31,16.47302059262471
12,32,17.723652007585812
12,33,16.760429363062528
12,34,19.513003905714314
12,35,22.08404195578228
12,36,20.806379028920887
12,37,19.471065197734017
12,38,15.866730239610378
12,39,16.57105164604047
12,40,19.283570934428383
12,41,20.03955417221721
12,42,23.319199392922187
12,43,22.221861797817745
12,44,24.322523088650502
12,45,21.750204465411937
12,46,22.042154493755167
12,47,18.30851567964725
12,48,15.789973731989269
12,49,12.029144359822194
12,50,9.782917949101208
12,51,6.118938323272103
12,52,5.8177787225718856
12,53,4.7655021324001385
12,54,6.926601251912745
12,55,10.224618414921405
12,56,11.627444950466254
12,57,9.488346273811851
12,58,12.772877896030455
12,59,15.41934638843797
12,60,16.522491330168535
12,61,15.278074867238155
12,62,17.659025469860747
12,63,17.70092560405732
12,64,21.087842407701622
12,65,22.627212500523942
12,66,25.29665934020449
12,67,28.141090340189546
12,68,27.997240650782107
12,69,28.929324736744594
12,70,28.391609910096435
12,71,25.444649243687394
12,72,22.691426284338494
12,73,20.646644587534723
12,74,18.874710773908852
12,75,15.909251829519254
12,76,16.128608883268928
12,77,13.291461849115262
12,78,15.059132691719917
13,1,22.96180180141335
13,2,19.169016209264562
13,3,16.911661634761593
13,4,13.20627510197771
13,5,10.47233852302605
13,6,7.237092394980922
13,7,5.787158507383059
13,8,4.456270793714388
13,9,5.890126622491771
13,10,7.296407670409347
13,11,6.739355287896451
13,12,3.7975938924208803
13,14,3.796643385351856
13,15,6.4728136569857355
13,16,9.906305976163726
13,17,13.57355854610688
13,18,16.742518247578044
13,19,20.19318654016758
13,20,22.09243908106688
13,21,25.60672841279903
13,22,27.33734095648253
13,23,30.353538917391067
13,24,29.95662094554823
13,25,28.180449361696663
13,26,24.864353616829142
13,27,25.30322563240145
13,28,21.786185059306558
13,29,18.593697397211752
13,30,17.63927210046953
13,31,14.538939524514433
13,32,15.623090136668118
13,33,14.684562046432152
13,34,17.464979664108895
13,35,20.06175168847311
13,36,19.31263973253374
13,37,18.16687033455526
13,38,14.888981145908492
13,39,15.843613678257821
13,40,18.375047614141256
13,41,19.343770147342983
13,42,22.54186527451379
13,43,21.357174301742134
13,44,23.071243134199346
13,45,20.307438267399895
13,46,20.022545697447164
13,47,16.290792587957746
13,48,13.9084183856898
13,49,10.293597279159782
13,50,8.350795970185812
13,51,5.499492721079262
13,52,5.290923810236968
13,53,6.108329304187188
13,54,7.470493172194914
13,55,10.886868061284302
13,56,11.18043902265067
13,57,8.09970265154636
13,58,10.648781793990866
13,59,12.910834399447927
13,60,13.563156668419365
13,61,12.363502650847366
13,62,14.753102676496638
13,63,14.982272180464548
13,64,18.578845232302783
13,65,20.310421066138506
13,66,23.297021043939218
13,67,26.09456080702047
13,68,25.609202226976695
13,69,26.226210122888112
13,70,25.726489236096594
13,71,22.554720577671148
13,72,19.66900381681642
13,73,17.313946407118518
13,74,15.447095182924507
13,75,12.332238460870705
13,76,12.639804994162638
13,77,10.058038349107553
13,78,12.2100360861232
14,1,20.01401044792037
14,2,16.210556818493938
14,3,14.073692958424905
14,4,10.599074272526867
14,5,8.11641157679968
14,6,5.9912762293116195
14,7,4.904813188805547
14,8,6.034300848550524
14,9,7.200404993123317
14,10,9.951658870432777
14,11,9.773618549952566
14,12,6.307869347058047
14,13,3.796643385351856
14,15,3.8129299925463083
14,16,6.524394190248915
14,17,10.31112470385908
14,18,13.240554403343797
14,19,16.761726807723306
14,20,18.612532722916743
14,21,22.14219890792343
14,22,23.889474933061702
14,23,26.81564643322679
14,24,26.497593874610743
14,25,24.704402514945073
14,26,21.508119759844487
14,27,22.200401601896974
14,28,18.84902670410738
14,29,15.820156304848744
14,30,15.477452194677449
14,31,12.874043341706757
14,32,14.712845859890807
14,33,14.694037270575645
14,34,17.941114835448104
14,35,19.97431684894505
14,36,19.151506916356553
14,37,17.455257379662445
14,38,14.376402855989433
14,39,14.573357184412513
14,40,16.446948058379434
14,41,16.908981750839317
14,42,19.787455971362064
14,43,18.214862535781602
14,44,19.6314293169446
14,45,16.692521021208833
14,46,16.337479094387138
14,47,12.577447148802454
14,48,10.438913578238559
14,49,6.903572618650735
14,50,6.0562487294219665
14,51,4.650015533252618
14,52,6.7102084399731154
14,53,8.906619574038045
14,54,10.984454469446996
14,55,14.08555108678849
14,56,13.840231495360415
14,57,10.775206617608216
14,58,12.907308735318713
14,59,14.302176622080578
14,60,13.935644952621434
14,61,11.8686081160664
14,62,13.348384760741949
14,63,12.715911228016362
14,64,16.12707235283632
14,65,17.35941544985222
14,66,20.431964602785893
14,67,23.265419331601358
14,68,23.048127408175183
14,69,23.663856381833913
14,70,22.76982751629654
14,71,19.697353496133456
14,72,17.16868116699963
14,73,15.1435085795165
14,74,14.016117701385472
14,75,11.473360305144794
14,76,12.894549564826338
14,77,11.31568663761846
14,78,14.155253991997633
15,1,16.66774110867146
15,2,12.856255373023581
15,3,11.046006078457737
15,4,7.523689715342801
15,5,6.100531228780365
15,6,4.98821137558874
15,7,6.423289126866152
15,8,8.704587258184937
15,9,10.757603420105095
15,10,13.34061932096901
15,11,13.074398983779563
15,12,9.594723380311805
15,13,6.4728136569857355
15,14,3.8129299925463083
15,16,3.7689941428669793
15,17,7.176798443876376
15,18,10.596954707442741
15,19,13.854818709212221
15,20,16.02743469999891
15,21,19.382225786059873
15,22,20.966379219664358
15,23,24.064198510005827
15,24,23.735500174070133
15,25,22.24288791974745
15,26,19.036393694407625
15,27,19.916150794680227
15,28,16.635831552610444
15,29,13.318149933809954
15,30,12.787467481792515
15,31,10.153752840638818
15,32,11.906722862351467
15,33,12.27513308785839
15,34,15.587765842993129
15,35,17.301058310453076
15,36,16.872825163102995
15,37,15.267283278054869
15,38,12.750977636721984
15,39,13.076796789926126
15,40,14.623550986126435
15,41,15.408740853674145
15,42,18.167937153228163
15,43,16.783131114264393
15,44,17.902633035215057
15,45,15.064067198256629
15,46,14.200837902710276
15,47,10.651791807731863
15,48,8.391823464497866
15,49,5.555839506546201
15,50,5.220421017139613
15,51,6.035908160506317
15,52,7.750717689752263
15,53,10.878396398956856
15,54,12.662719866598946
15,55,15.259202099482293
15,56,14.047523505391819
15,57,10.920441828787922
15,58,12.171634242068773
15,59,12.56447565879352
15,60,11.307726322056284
15,61,8.824059644527374
15,62,9.816316654800746
15,63,9.17165409205968
15,64,12.71410351209709
15,65,14.221586015607118
15,66,17.500543622715416
15,67,20.24585637197992
15,68,19.686833506025724
15,69,20.101376518188776
15,70,19.3699745159874
15,71,16.15810996222221
15,72,13.456281172212943
15,73,11.342197981347729
15,74,10.314069790618134
15,75,8.156668083223378
15,76,10.328181249677312
15,77,9.780480469637618
15,78,13.194276437726533
16,1,13.646089132539847
16,2,9.862309858348391
16,3,8.257546531585405
16,4,5.465802893049937
16,5,5.3024577363323475
16,6,6.61889820773693
16,7,8.259646733214241
16,8,11.382250103823578
16,9,13.15022199950115
16,10,16.239928955927617
16,11,16.283799892334283
16,12,12.744063317228415
16,13,9.906305976163726
16,14,6.524394190248915
16,15,3.7689941428669793
16,17,3.8039501925594346
16,18,6.890229032982582
16,19,10.293492169822843
16,20,12.36256800247129
16,21,15.757953356296102
16,22,17.450237694587404
16,23,20.5226193086894
16,24,20.41434183833818
16,25,19.051753990717252
16,26,16.099027861788958
16,27,17.493323338185196
16,28,14.600932196746534
16,29,11.600230541726775
16,30,12.006461119541969
16,31,10.352386582727013
16,32,12.750286524717406
16,33,14.057547177101979
16,34,17.47810910580561
16,35,18.543920556747057
16,36,18.18662819951718
16,37,16.184204825065724
16,38,14.188183897881608
16,39,13.730727418429453
16,40,14.285905704516887
16,41,14.415255154882319
16,42,16.54002914370091
16,43,14.650929974490962
16,44,15.111524650914024
16,45,12.002852533304614
16,46,10.674029111016997
16,47,7.1871564366436695
16,48,5.777447743779231
16,49,4.417081516938875
16,50,6.5151964844611046
16,51,8.69616590656534
16,52,11.144069116755752
16,53,14.40693543901768
16,54,16.40613149480451
16,55,18.95003744699067
16,56,17.592653973369266
16,57,14.566713609066776
16,58,15.506294227148302
16,59,15.327983968373678
16,60,13.31013138488715
16,61,10.382471437142216
16,62,9.990633827296794
16,63,8.124899073663785
16,64,11.107354447404585
16,65,11.79741022817617
16,66,15.265033096612555
16,67,17.971160468435702
16,68,17.67405641148552
16,69,17.94052622532233
16,70,16.63979428116699
16,71,13.514150985707994
16,72,11.423196547865823
16,73,9.820828691984119
16,74,10.085998414549003
16,75,9.079670982723648
16,76,12.140325668057406
16,77,12.559526986418575
16,78,16.047600266835037
17,1,10.030154745860383
17,2,6.308773798809005
17,3,5.7436958392859445
17,4,4.596846939242457
17,5,6.828772846529274
17,6,9.353931348488915
17,7,11.62002499000804
17,8,14.969030893128503
17,9,16.89148653146956
17,10,19.999225913308976
17,11,20.0432013772838
17,12,16.476566830939646
17,13,13.57355854610688
17,14,10.31112470385908
17,15,7.176798443876376
17,16,3.8039501925594346
17,18,3.81060895945632
17,19,6.696856754568065
17,20,9.155187242855797
17,21,12.281601088996078
17,22,13.818873438062127
17,23,17.029524661406835
17,24,17.044046223807836
17,25,16.08866475691056
17,26,13.378016261189298
17,27,15.272698667212829
17,28,12.870085615251126
17,29,10.075211247525155
17,30,10.95363905589845
17,31,10.196474849316482
17,32,12.61532168673354
17,33,14.610694527889407
17,34,17.871134497576296
17,35,18.283150031670505
17,36,18.245543746241033
17,37,16.211050903274487
17,38,15.035460408168783
17,39,14.304002449990378
17,40,14.015861639979002
17,41,14.007704946755824
17,42,15.491807515033942
17,43,13.595836360976373
17,44,13.313896356184081
17,45,10.37100910753956
17,46,8.18694791728001
17,47,5.601498491662958
17,48,5.328614947238954
17,49,6.465388039945556
17,50,9.04960384089957
17,51,11.969508402988664
17,52,14.277332759403283
17,53,17.764628522507767
17,54,19.690337040646646
17,55,21.94234914727063
17,56,20.138183584113726
17,57,17.271832992986543
17,58,17.668406278588552
17,59,16.72956300952743
17,60,13.981567489296665
17,61,10.890316660188333
17,62,9.21253544721691
17,63,6.593493906355256
17,64,8.734597438728441
17,65,8.927670721827194
17,66,12.62001545074808
17,67,15.118616105804247
17,68,14.691812257077613
17,69,14.64887417574335
17,70,13.078528853944121
17,71,9.912064611889681
17,72,8.277973402634625
17,73,7.283133366368455
17,74,8.875560681938707
17,75,9.316212481790519
17,76,12.952078835419846
17,77,14.378887157529569
17,78,17.93350954547511
18,1,8.2548969952754
18,2,5.284316843196591
18,3,5.364612770220994
18,4,6.512035582182915
18,5,8.917157991735595
18,6,12.1310901114863
18,7,14.030082789674687
18,8,17.61363116317274
18,9,19.26497581797984
18,10,22.65289537105147
18,11,22.99592836069943
18,12,19.47352847527659
18,13,16.742518247578044
18,14,13.240554403343797
18,15,10.596954707442741
18,16,6.890229032982582
18,17,3.81060895945632
18,19,3.8083942068775642
18,20,5.561263840962766
18,21,8.909729012628732
18,22,10.88413976214511
18,23,14.041984431612667
18,24,14.612559727821584
18,25,13.964158845967
18,26,11.951126203961438
18,27,14.617593668652187
18,28,13.050296344675212
18,29,11.171283747786342
18,30,13.02268803887561
18,31,13.176475018431496
18,32,15.790309989445609
18,33,18.121693171334982
18,34,21.313123921619983
18,35,21.378020619008154
18,36,21.36065483058169
18,37,19.132740231269775
18,38,18.2325743434833
18,39,17.00074117576516
18,40,15.998118087752475
18,41,15.255112144239604
18,42,15.862940810822394
18,43,13.394686236280814
18,44,12.07681764694666
18,45,8.915520386513744
18,46,5.7591070856304105
18,47,4.452914786022409
18,48,6.6529215039006795
18,49,8.928534403095714
18,50,12.175754566560887
18,51,15.138876801181587
18,52,17.791365598343116
18,53,21.20420105638447
18,54,23.245122457893586
18,55,25.628885979125755
18,56,23.925088947040663
18,57,21.02137482100821
18,58,21.39932948382949
18,59,20.40957529385676
18,60,17.511607963100623
18,61,14.492826122755188
18,62,12.371481856850298
18,63,9.395589903976614
18,64,10.311997748896802
18,65,9.148869327677117
18,66,12.59952983116927
18,67,14.797989180679517
18,68,14.818817979042315
18,69,14.51217832027578
18,70,12.059105390873404
18,71,9.363701545532798
18,72,9.190886356015564
18,73,9.10517790562567
18,74,11.64054180596613
18,75,12.588734625319884
18,76,16.230622538645704
18,77,17.875886179927516
18,78,21.298726356915072
19,1,5.9496702299209225
19,2,4.5703449866146
19,3,6.913195382296386
19,4,9.23655457198234
19,5,12.284282120156012
19,6,15.54448296620529
19,7,17.72598463553381
19,8,21.29426359099073
19,9,23.0128069083733
19,10,26.348787163034096
19,11,26.52501842497632
19,12,22.927912594046603
19,13,20.19318654016758
19,14,16.761726807723306
19,15,13.854818709212221
19,16,10.293492169822843
19,17,6.696856754568065
19,18,3.8083942068775642
19,20,3.791175722216431
19,21,5.828415061593422
19,22,7.190234532174544
19,23,10.494047467349745
19,24,11.162662657593264
19,25,11.124596059315646
19,26,9.679558544221432
19,27,12.853793617016672
19,28,12.140893889714235
19,29,10.930639887615918
19,30,13.102391093060104
19,31,14.112733785120021
19,32,16.56447580079545
19,33,19.331371325660264
19,34,22.29109760257513
19,35,21.746775409255214
19,36,21.88765729781735
19,37,19.67037637548535
19,38,19.462852683691434
19,39,18.03197547204947
19,40,16.36625403676093
19,41,15.525227400885012
19,42,15.402364705693302
19,43,13.19848810774793
19,44,11.134538405146463
19,45,8.812762610308301
19,46,5.188729298137176
19,47,6.3778061235221015
19,48,8.717782498102281
19,49,11.779735260169312
19,50,14.865772709922988
19,51,18.176393270556623
19,52,20.707271720953056
19,53,24.282033802245863
19,54,26.341206260545032
19,55,28.444682038534502
19,56,26.433039538452686
19,57,23.750090813215927
19,58,23.854216889134115
19,59,22.362495607789697
19,60,19.098718250434025
19,61,16.07397126979491
19,62,13.234065301083469
19,63,10.115284771603609
19,64,9.649797164642509
19,65,7.631286026450322
19,66,10.655476767536781
19,67,12.328615503118042
19,68,12.38390645242462
19,69,11.775272856879361
19,70,8.818908905798459
19,71,6.6966166781916066
19,72,7.983727092650037
19,73,9.20121861206978
19,74,12.539538451287653
19,75,14.45974444898436
19,76,18.205209542207015
19,77,20.367754409694395
19,78,23.810854794833762
20,1,6.17746506455892
20,2,6.118214136881404
20,3,7.392195908943733
20,4,10.491358388781084
20,5,13.193110393156452
20,6,16.8136389576201
20,7,18.755813747843625
20,8,22.4961293819904
20,9,24.17481362576832
20,10,27.666084348545812
20,11,28.308651946775946
20,12,24.873284533028016
20,13,22.09243908106688
20,14,18.612532722916743
20,15,16.02743469999891
20,16,12.36256800247129
20,17,9.155187242855797
20,18,5.561263840962766
20,19,3.791175722216431
20,21,3.8144595814511115
20,22,6.993844591434605
20,23,10.210743169581308
20,24,12.081283709462774
20,25,12.660092665038382
20,26,12.180112792960959
20,27,15.713151693298418
20,28,15.460645301899435
20,29,14.582174308138299
20,30,16.875308197119182
20,31,17.741839003746364
20,32,20.125249752977936
20,33,22.68045054009706
20,34,25.567709164580897
20,35,25.204215701476397
20,36,25.52355312319857
20,37,23.394672171499504
20,38,23.053344455382952
20,39,21.648102023466368
20,40,20.024802388265933
20,41,18.928094483224516
20,42,18.555943605205517
20,43,15.959106254801215
20,44,13.403745171212242
20,45,10.871688086823314
20,46,7.116263150496788
20,47,8.50414962240905
20,48,11.588018497993211
20,49,14.34366976548488
20,50,17.67632278414019
20,51,20.688460598128664
20,52,23.33566636378764
20,53,26.73967140215682
20,54,28.67001869775422
20,55,31.065835502410266
20,56,29.226565123246544
20,57,26.28587667596106
20,58,26.312933572573463
20,59,25.010104657845798
20,60,21.8136503326058
20,61,19.060673419212296
20,62,16.47337764807974
20,63,13.611637627487193
20,64,13.366804285276784
20,65,11.326523997008742
20,66,14.066181138238113
20,67,15.423501485265783
20,68,15.54529925956968
20,69,14.535018142388985
20,70,11.300054958594659
20,71,9.564038826986094
20,72,11.145305041109571
20,73,11.84466764470164
20,74,15.094343666837945
20,75,16.718660413128312
20,76,20.277440070153805
20,77,22.428484329805354
20,78,25.638783339935234
21,1,6.368905471307146
21,2,8.145810880526794
21,3,10.418388775362873
21,4,13.765265747570554
21,5,16.770993532639487
21,6,20.367628693741274
21,7,22.479206894915446
21,8,26.205938372704033
21,9,27.913023305385188
21,10,31.380475439153642
21,11,31.88820082902363
21,12,28.380967604007306
21,13,25.60672841279903
21,14,22.14219890792343
21,15,19.382225786059873
21,16,15.757953356296102
21,17,12.281601088996078
21,18,8.909729012628732
21,19,5.828415061593422
21,20,3.8144595814511115
21,22,3.826013473830498
21,23,6.969743533826943
21,24,9.529853811953638
21,25,11.103279401159066
21,26,11.641170583369021
21,27,15.39652686471151
21,28,16.000087282195402
21,29,15.757314267222615
21,30,18.189163163504123
21,31,19.625047767395156
21,32,21.856946722953108
21,33,24.680132687762043
21,34,27.36203958649789
21,35,26.532947527190952
21,36,26.957552705340706
21,37,24.86101733212022
21,38,25.022292596720764
21,39,23.471331600985177
21,40,21.390968898362917
21,41,20.2091371472346
21,42,19.239782658470812
21,43,16.929035895907877
21,44,13.878486448662693
21,45,12.246632479659793
21,46,8.801626510870623
21,47,11.275147006196017
21,48,14.244954255228969
21,49,17.393278055852832
21,50,20.634341382001853
21,51,23.878887992856026
21,52,26.468564131170154
21,53,29.991778299032813
21,54,31.95936470555875
21,55,34.154439439103584
21,56,32.10218500367125
21,57,29.329959489889596
21,58,29.184005528568527
21,59,27.535942732302257
21,60,24.117467858852912
21,61,21.38878336009619
21,62,18.39063739288812
21,63,15.541598943828628
21,64,14.4174478367951
21,65,11.944044964182817
21,66,13.910984663120807
21,67,14.56938160805669
21,68,14.781509227567911
21,69,13.479969734187971
21,70,9.955282679231214
21,71,9.366795312515183
21,72,12.018786151685443
21,73,13.530467886530275
21,74,17.107861264611586
21,75,19.31205578883073
21,76,22.888228778133296
21,77,25.362013676386585
21,78,28.578109719216705
22,1,7.879521601536386
22,2,9.87744479473146
22,3,12.94920537413734
22,4,16.00419730690295
22,5,19.244156856217607
22,6,22.626109344673385
22,7,24.86070678828088
22,8,28.466635082566295
22,9,30.111823164610037
22,10,33.50205959997185
22,11,33.624904280001175
22,12,29.982966512202058
22,13,27.33734095648253
22,14,23.889474933061702
22,15,20.966379219664358
22,16,17.450237694587404
22,17,13.818873438062127
22,18,10.88413976214511
22,19,7.190234532174544
22,20,6.993844591434605
22,21,3.826013473830498
22,23,3.813463747648219
22,24,5.964644716680512
22,25,8.213537827871596
22,26,9.362962823680665
22,27,13.032075390131538
22,28,14.328870444142401
22,29,14.710928602188417
22,30,17.245196746342252
22,31,19.31238649379634
22,32,21.497533592914078
22,33,24.656047804717723
22,34,27.230349581315192
22,35,25.890321345848548
22,36,26.171863107298815
22,37,23.988550948349904
22,38,24.613126003692546
22,39,22.83702150226007
22,40,20.30417141122589
22,41,19.078407442900286
22,42,17.61478200878671
22,43,15.798969078005735
22,44,12.606187273682028
22,45,12.035681359159982
22,46,9.258413211472028
22,47,12.39294282889858
22,48,14.913657237339626
