1,2,3.8027073416800166
1,3,5.958514489664843
1,4,9.713767315794705
1,5,11.657396974751798
1,6,15.378295044846105
1,7,17.557270024346945
1,8,20.20248606104297
1,9,20.018125059766867
1,10,23.811891996166217
1,11,26.296356580807306
1,12,30.072591387598084
1,13,32.21775795815504
1,14,35.904045411420626
1,15,37.510014776418444
1,16,38.28869119337345
1,17,35.87254989262226
1,18,32.86794022663839
1,19,29.219773467138683
1,20,25.899164974660355
1,21,22.79276713832555
1,22,19.351650563425903
1,23,15.858241403998749
1,24,13.430027076791276
1,25,10.61883762942014
1,26,9.456291411195583
1,27,12.359511757676742
1,28,13.481686163521575
1,29,17.296192271029852
1,30,18.943377375326843
1,31,17.773059325428214
1,32,18.92667361102605
1,33,20.321179746494025
1,34,20.89298027952723
1,35,17.273121016885714
1,36,16.779753481858418
1,37,17.62512731700495
1,38,18.166529122445773
1,39,19.904576289484933
1,40,21.5840306636193
1,41,23.646414834219733
1,42,26.151558769929906
1,43,27.74697955377735
1,44,28.676477150130072
1,45,29.119242393920185
1,46,26.993224363138097
1,47,26.903232970682588
1,48,24.764532048532732
1,49,23.80070016346487
1,50,22.646323082843935
1,51,22.661525177697115
1,52,23.809846380276486
1,53,24.34195305628598
1,54,26.58044033744494
1,55,26.87919212517942
1,56,28.66977216143965
1,57,31.52023799378912
1,58,33.13333669692619
1,59,30.368799345556713
1,60,30.41459258529429
1,61,32.31945800021426
1,62,35.632041840241826
1,63,35.333152228985874
1,64,32.888882974927796
1,65,34.90869456547825
1,66,35.78140000822468
1,67,33.67079932444205
1,68,30.01449454107184
1,69,28.12941190681647
1,70,24.655634068296646
1,71,24.91840155329243
1,72,24.281377432230915
1,73,24.315856024136767
1,74,21.57749735279727
1,75,19.14680519167237
1,76,19.11684923257494
1,77,17.72344726333897
1,78,14.704822668575147
1,79,16.847292788166882
1,80,18.108319171947684
1,81,21.295435642864145
1,82,23.85733515117673
1,83,27.380162860537567
1,84,29.917271075545987
1,85,33.48797739573676
1,86,36.386417965829885
1,87,34.45773162158717
1,88,36.44163545959733
1,89,36.43018938838833
1,90,35.09913304715509
1,91,31.835489347952677
1,92,31.067629715682806
1,93,28.567842288837074
1,94,24.96140683488091
1,95,22.9554770018032
1,96,19.91907178878632
1,97,17.356850443667902
1,98,15.515735290599478
1,99,13.582358513007646
1,100,12.835673091983983
1,101,12.035767262879816
1,102,10.974173318788672
1,103,8.483730527723045
1,104,9.892149651427008
1,105,10.066754939254166
1,106,13.057640998092351
1,107,14.740380953761694
1,108,18.391088976823355
1,109,20.772606818939806
1,110,24.316717569471354
1,111,27.173938742567664
1,112,30.489369502937556
1,113,33.71834563927944
1,114,36.83461108862971
1,115,40.0647090413654
1,116,42.32376054071343
2,1,3.8027073416800166
2,3,3.7820568540121027
2,4,6.995659230325311
2,5,9.794354935345773
2,6,13.521961746167904
2,7,16.071611493049964
2,8,18.628244879743075
2,9,18.447509895048036
2,10,22.155485612842156
2,11,24.309404431903616
2,12,28.13312655533148
2,13,29.970235766229667
2,14,33.566001648167365
2,15,34.938900108873405
2,16,35.4913197900721
2,17,33.14092884057822
2,18,30.010483259175395
2,19,26.448434581139487
2,20,23.051708278392525
2,21,20.04071932106992
2,22,16.605783113762875
2,23,12.971874096699866
2,24,10.734924734161158
2,25,7.586671085296437
2,26,7.120434831774843
2,27,10.024080877915196
2,28,11.98016698818716
2,29,15.670984300737404
2,30,16.685168196088437
2,31,14.94124221199922
2,32,15.957035013351195
2,33,16.93899662306695
2,34,17.60843145739941
2,35,14.049511942530996
2,36,13.166274490297747
2,37,13.87728735374389
2,38,14.391884135328919
2,39,16.29043684748239
2,40,18.145008097727985
2,41,20.428357603876528
2,42,23.16743997482524
2,43,24.993537448775523
2,44,25.762716504375852
2,45,25.912222675769918
2,46,23.570643532508104
2,47,23.389520668200547
2,48,21.09446728847503
2,49,20.062436645219567
2,50,18.844744083196414
2,51,18.933030563779077
2,52,20.206197581518687
2,53,20.70044490916998
2,54,22.827008149320285
2,55,23.077835164648135
2,56,24.88737839341334
2,57,27.749160520635357
2,58,29.41823812189268
2,59,26.734164278908782
2,60,26.76972571116722
2,61,28.80861889219557
2,62,32.079678042182714
2,63,31.919710080708793
2,64,29.39687638972409
2,65,31.289329810906
2,66,32.19277403418724
2,67,30.223570855149262
2,68,26.51744171656052
2,69,24.578775271124446
2,70,21.083484496527802
2,71,21.523571634601105
2,72,20.833320562457516
2,73,21.178472291249452
2,74,18.555876471969903
2,75,15.888028098827656
2,76,16.234993246685896
2,77,15.196980635331617
2,78,11.848397681567413
2,79,13.882819609770399
2,80,14.747668825420234
2,81,18.114150144993012
2,82,20.570113188355133
2,83,24.168095991062298
2,84,26.711437477605706
2,85,30.3135191738971
2,86,33.32007095486792
2,87,31.54576516694566
2,88,33.578539131253144
2,89,33.794916176967085
2,90,32.320172523912994
2,91,29.01129146467808
2,92,28.581798816160006
2,93,26.21066066610126
2,94,22.628958305261605
2,95,20.24223185796292
2,96,17.059927431533612
2,97,14.183901532901931
2,98,12.11727594968683
2,99,9.865201443089866
2,100,9.168841816965159
2,101,8.5468011757755
2,102,8.227684544178567
2,103,5.7007658259842575
2,104,6.655110168332844
2,105,7.162750216604437
2,106,10.291258929549562
2,107,12.438695105564788
2,108,16.190124886691933
2,109,18.567613995254646
2,110,22.272497934967973
2,111,24.903060788604126
2,112,28.405466399829326
2,113,31.453367782608566
2,114,34.72169410405346
2,115,37.78344522509843
2,116,40.078309991567714
3,1,5.958514489664843
3,2,3.7820568540121027
3,4,3.7831077720544686
3,5,6.228287754285109
3,6,9.945097732466182
3,7,12.70239505840899
3,8,15.017404762502428
3,9,14.692439780969021
3,10,18.423339135389753
3,11,20.702215529707185
3,12,24.515609077701647
3,13,26.510678001777325
3,14,30.160355227647596
3,15,31.634985465063682
3,16,32.4042178391644
3,17,30.090924374845724
3,18,27.13265856659199
3,19,23.467870656223575
3,20,20.241810794784662
3,21,17.00479794604977
3,22,13.720748902839269
3,23,10.130877826378365
3,24,8.348552455329497
3,25,6.2954437594322545
3,26,7.4225437262438705
3,27,11.005445165797877
3,28,13.638224288826125
3,29,17.196020843592734
3,30,18.144976989816854
3,31,16.1944655577718
3,32,17.617687634216427
3,33,18.056071449237415
3,34,19.173700608582354
3,35,15.871551701587888
3,36,14.108003209249777
3,37,14.073031054538744
3,38,13.566180963470616
3,39,14.89138465935222
3,40,16.044204997057307
3,41,18.144816546257047
3,42,20.504162750147106
3,43,22.362085057962684
3,44,23.57707843962898
3,45,23.80974175548709
3,46,21.760817640378907
3,47,21.416774662496106
3,48,19.54980171485582
3,49,19.141811051427
3,50,18.362523320062184
3,51,19.18897701233576
3,52,20.98056593069268
3,53,21.10074580475716
3,54,22.777924989871646
3,55,22.469535431413618
3,56,24.333772997787868
3,57,26.80832477789055
3,58,28.61884397211181
3,59,25.77625858873415
3,60,25.364418545985885
3,61,27.033536827525207
3,62,30.239701053039997
3,63,29.69166735929023
3,64,27.247448365940173
3,65,29.441350245162678
3,66,30.279237611326074
3,67,27.98481736128831
3,68,24.39684381905957
3,69,22.76435284981273
3,70,19.48045962144552
3,71,20.03474568897993
3,72,20.004035063593516
3,73,20.463774053825997
3,74,17.4074187806353
3,75,15.251906094912579
3,76,16.2399832192171
3,77,14.656568631073183
3,78,11.148778225724737
3,79,12.244453641377527
3,80,12.953344304375905
3,81,15.907897778972805
3,82,18.20047099637805
3,83,21.74414657651634
3,84,24.108846782499143
3,85,27.708781701514077
3,86,30.517302062667575
3,87,28.521810083288017
3,88,30.484601924964977
3,89,30.52685233676477
3,90,29.229606099873703
3,91,25.912144882999797
3,92,25.235798773428048
3,93,22.879810984240258
3,94,19.347778929692673
3,95,17.166517672586693
3,96,14.277413583518275
3,97,11.633773906436899
3,98,10.409501522330848
3,99,8.987569602375977
3,100,9.782966264153474
3,101,10.163239017896164
3,102,10.977484703401458
3,103,8.260593316321682
3,104,7.383356072855529
3,105,5.89533559029654
3,106,7.863924412145328
3,107,9.177205212195167
3,108,12.829847039536949
3,109,15.032571750753823
3,110,18.68297935400434
3,111,21.384101489056945
3,112,24.805521624047085
3,113,27.93654784315881
3,114,31.14341321818892
3,115,34.2819093922189
3,116,36.58412685293485
4,1,9.713767315794705
4,2,6.995659230325311
4,3,3.7831077720544686
4,5,3.808980080087127
4,6,7.048814618572902
4,7,10.239786873890017
4,8,12.21939833758031
4,9,11.908650987985759
4,10,15.466688050475879
4,11,17.420290706727307
4,12,21.247092516129825
4,13,23.027418897553396
4,14,26.62035919382989
4,15,27.98196871076673
4,16,28.670631968338782
4,17,26.403119521210094
4,18,23.438295038228745
4,19,19.787381361271063
4,20,16.601365307331456
4,21,13.319824297153438
4,22,10.155376009755562
4,23,6.490527851524776
4,24,5.588908271702961
4,25,4.900027841917131
4,26,7.850062133054457
4,27,11.180494332969195
4,28,14.486470064634005
4,29,17.616062128258644
4,30,18.058290624591258
4,31,15.711235144476145
4,32,17.27201178184853
4,33,17.04615422500443
4,34,18.55722826137809
4,35,15.691111818909773
4,36,13.12814097692859
4,37,12.476087997652119
4,38,11.054900733524779
4,39,12.05951562928288
4,40,12.69405004662028
4,41,14.937715768060897
4,42,17.19928460937342
4,43,19.37660482105252
4,44,20.799760639133936
4,45,20.743738668583497
4,46,18.696373184039963
4,47,18.040441626303444
4,48,16.35284755352763
4,49,16.441996787071513
4,50,15.902121693878579
4,51,17.366459002653077
4,52,19.525414424255125
4,53,19.272031127846745
4,54,20.515795215082374
4,55,19.784622179673455
4,56,21.74515448222468
4,57,23.91028652793668
4,58,25.91220155728739
4,59,23.099307381570362
4,60,22.30518980127561
4,61,23.83243261223267
4,62,26.900930052036934
4,63,26.184845248643917
4,64,23.684076068287855
4,65,25.955164256830763
4,66,26.710694676592084
4,67,24.299309923398198
4,68,20.76414760144419
4,69,19.27766053923472
4,70,16.15332635682866
4,71,16.893536992343403
4,72,17.330587091927036
4,73,18.092732176373666
4,74,14.88944079211304
4,75,13.046198976813773
4,76,14.787455290604269
4,77,13.177821699707108
4,78,9.567470228481353
4,79,9.603701825548159
4,80,9.748450249559534
4,81,12.442231555963422
4,82,14.526015148983166
4,83,18.06889874686158
4,84,20.346885012155614
4,85,23.955403481447114
4,86,26.740028218914116
4,87,24.75971490385093
4,88,26.7697917470045
4,89,26.939632029297535
4,90,25.68470862332686
4,91,22.28531896975837
4,92,21.77487534273996
4,93,19.630569188484582
4,94,16.226642968739
4,95,13.78687292073225
4,96,11.093424003558763
4,97,8.244104219279677
4,98,7.830608170018098
4,99,6.950983223144781
4,100,9.153860863587504
4,101,10.263351932408078
4,102,12.230961087577676
4,103,9.958093915532904
4,104,7.92089137484707
4,105,5.587160374839409
4,106,5.763179317848658
4,107,6.474572440841683
4,108,9.931901358220793
4,109,11.782135179258695
4,110,15.527159731319308
4,111,17.966306275698972
4,112,21.494191826063105
4,113,24.474672331327678
4,114,27.75337871044316
4,115,30.795195376828918
4,116,33.09187986674742
5,1,11.657396974751798
5,2,9.794354935345773
5,3,6.228287754285109
5,4,3.808980080087127
5,6,3.7585211531168468
5,7,6.6374932327315355
5,8,8.836467065682339
5,9,9.0476833110402
5,10,12.663194588416342
5,11,14.747883087688148
5,12,18.53941124681388
5,13,20.581592741331658
5,14,24.274668181718535
5,15,26.040265907709262
5,16,26.968620275321154
5,17,24.514460778736673
5,18,21.767321372786967
5,19,18.011904960142815
5,20,15.015160443095757
5,21,11.663983162240312
5,22,8.59047025442807
5,23,5.778400241837527
5,24,5.055768808698643
5,25,6.493197814965486
5,26,9.252083642478933
5,27,12.674361272800557
5,28,15.844541509443387
5,29,18.801792259394468
5,30,19.61237563055769
5,31,17.662764251543887
5,32,19.784457057552416
5,33,19.616598019202755
5,34,21.581846863372444
5,35,18.966067807527047
5,36,16.201738490818002
5,37,15.549481810616468
5,38,13.526857726064746
5,39,14.184762322106312
5,40,13.862704101460526
5,41,15.927892347908106
5,42,17.50211280718947
5,43,19.784755077769304
5,44,21.82655422039281
5,45,21.75693676331628
5,46,20.055520208631087
5,47,18.975620194621712
5,48,17.747683529068453
5,49,18.564077058986147
5,50,18.157131038978115
5,51,20.125405423144688
5,52,22.30677346111301
5,53,21.54772365853452
5,54,22.621594158589467
5,55,21.635102140437155
5,56,23.82472980948064
5,57,25.585653540282742
5,58,27.844799538975863
5,59,25.091511078652708
5,60,23.778305908468077
5,61,24.93638604279912
5,62,27.73649123061363
5,63,26.534339364304813
5,64,24.025301426436947
5,65,26.499629751525966
5,66,26.896130607801343
5,67,24.08908834578177
5,68,20.827355900065214
5,69,19.513226594644173
5,70,16.6801733753136
5,71,17.00563612332197
5,72,18.047523194620542
5,73,18.396454509998964
5,74,14.79804519760707
5,75,13.897242409609555
5,76,15.640227832434652
5,77,13.249555190214325
5,78,10.216795636614012
5,79,9.45338615241737
5,80,10.208824321322474
5,81,11.950239066810354
5,82,14.151841685246946
5,83,17.297811001757513
5,84,19.55703625141939
5,85,22.96631807680869
5,86,25.52666040835098
5,87,23.39671806753549
5,88,25.51755583821024
5,89,25.55000197139753
5,90,24.80066213951464
5,91,21.323034074129215
5,92,20.428000838153498
5,93,18.549858096409427
5,94,15.444211370488723
5,95,13.462657722702156
5,96,11.687066455993882
5,97,9.403390630206257
5,98,10.401591927796721
5,99,10.127936159846248
5,100,12.770959864380346
5,101,13.669047230716732
5,102,15.773963163660573
5,103,13.617773719820846
5,104,11.713672877455215
5,105,9.049310180343634
5,106,8.141672427023854
5,107,6.899096854863568
5,108,9.417255540948085
5,109,10.258233337890603
5,110,13.728587338009968
5,111,16.07902066047092
5,112,19.337975040643787
5,113,22.382902525721647
5,114,25.400902237519094
5,115,28.66188014783032
5,116,30.753033110636547
6,1,15.378295044846105
6,2,13.521961746167904
6,3,9.945097732466182
6,4,7.048814618572902
6,5,3.7585211531168468
6,7,3.8167418396628188
6,8,5.185095935536786
6,9,5.831341101375422
6,10,9.172484222688169
6,11,11.058242328960661
6,12,14.827764661852239
6,13,16.914573470642022
6,14,20.632606437090207
6,15,22.55355324875777
6,16,23.63746991283664
6,17,21.168712115174138
6,18,18.649712432929636
6,19,14.860432262955
6,20,12.21243971568653
6,21,8.790052630721284
6,22,6.404201593027495
6,23,5.187332602368355
6,24,6.202496153386962
6,25,9.124570294116797
6,26,12.15193100364914
6,27,15.16629916793902
6,28,18.438982302280834
6,29,20.99126441193652
6,30,21.606360491556835
6,31,19.63379553494226
6,32,21.913926118087716
6,33,21.350107658475835
6,34,23.60424198394694
6,35,21.38331884887437
6,36,18.23622013158275
6,37,17.191297300111383
6,38,14.47819681962925
6,39,14.553665350644522
6,40,13.254459037327802
6,41,15.045556903443098
6,42,15.936965505810834
6,43,18.380921931976854
6,44,20.90442686556258
6,45,20.681396455957408
6,46,19.32813912255568
6,47,17.868073242567785
6,48,17.21247626728519
6,49,18.772177078235295
6,50,18.722608414907054
6,51,21.263371002999545
6,52,23.66122468511217
6,53,22.514687670204182
6,54,23.119446186916715
6,55,21.679925802121346
6,56,23.910166665379005
6,57,25.14905835061235
6,58,27.57562414261901
6,59,24.901932831495838
6,60,23.07143766440183
6,61,23.811596073543438
6,62,26.30607733028935
6,63,24.673038142394617
6,64,22.231416735959023
6,65,24.893240959032845
6,66,25.053234608917922
6,67,21.931429731629112
6,68,18.997365638399494
6,69,18.06824287418629
6,70,15.754870229653077
6,71,16.056201308604738
6,72,17.844944844531543
6,73,18.248330838744547
6,74,14.532931241132454
6,75,14.48789357548307
6,76,16.679529811204702
6,77,14.10668709434843
6,78,11.637326864036945
6,79,9.679367177219909
6,80,10.078086982965564
6,81,10.585294102735194
6,82,12.347781479202265
6,83,15.042965087891185
6,84,17.03340766894326
6,85,20.256344971381694
6,86,22.54797231085996
6,87,20.276631533512596
6,88,22.423822329021217
6,89,22.40234889171978
6,90,22.02154100203524
6,91,18.51027048435417
6,92,17.442658782697496
6,93,15.941414652579011
6,94,13.279075353998026
6,95,11.600708558129822
6,96,10.876861653985896
6,97,9.296331894043382
6,98,11.562258823470096
6,99,12.053799163558951
6,100,15.274459803473105
6,101,16.473514004586463
6,102,18.983581595883212
6,103,16.988844616747915
6,104,14.709353909152176
6,105,11.793094338944274
6,106,9.791364229899601
6,107,7.300174668634877
6,108,8.262138767485082
6,109,7.725662988880762
6,110,10.815640431124672
6,111,12.81582453545757
6,112,15.915027836676494
6,113,18.88557090338883
6,114,21.78363005743667
6,115,25.102961844922866
6,116,27.093895656390256
7,1,17.557270024346945
7,2,16.071611493049964
7,3,12.70239505840899
7,4,10.239786873890017
7,5,6.6374932327315355
7,6,3.8167418396628188
7,8,3.7800510101672398
7,9,6.66534691503577
7,10,9.06899125265176
7,11,10.412565102213275
7,12,13.83140393083004
7,13,15.8947069820393
7,14,19.549520773652524
7,15,21.97578342885846
7,16,23.051356958813603
7,17,20.221967815507675
7,18,17.873923274599353
7,19,14.225188898838848
7,20,11.793473110059615
7,21,9.088847540282721
7,22,7.088518735327891
7,23,7.521736037674594
7,24,7.80334033582625
7,25,11.108563587095526
7,26,13.505918980739386
7,27,16.20293351373285
7,28,19.132647010954095
7,29,21.344743283411148
7,30,22.272288202238034
7,31,20.807164880610436
7,32,23.549363644651592
7,33,23.2236692444668
7,34,25.865110472807018
7,35,23.866901311363048
7,36,20.747903268860057
7,37,20.069458367628286
7,38,17.31041776922303
7,39,17.625350305709905
7,40,16.050365585808798
7,41,17.93913594122201
7,42,18.46450331010684
7,43,21.06467756312269
7,44,23.839277479485762
7,45,23.378815868481844
7,46,22.083937812097417
7,47,20.168295994629666
7,48,19.592741806184016
7,49,21.477022565966
7,50,21.165638114671182
7,51,23.85191862844136
7,52,25.980499922689685
7,53,24.376623078282474
7,54,25.064038845211545
7,55,23.72812305975487
7,56,26.27340822451267
7,57,27.309578157984753
7,58,30.023400551761924
7,59,27.608900469343265
7,60,25.464541379234156
7,61,26.121741686097685
7,62,28.241121127378072
7,63,26.35758157083553
7,64,23.78841566801799
7,65,26.330704322762422
7,66,25.968486719783503
7,67,22.671655607862466
7,68,20.08330466739114
7,69,19.035122066601943
7,70,16.954102712436416
7,71,16.51537345503454
7,72,18.529109616973503
7,73,18.286620965236985
7,74,14.483293930614542
7,75,15.3090922701608
7,76,17.115166924843844
7,77,14.022305495572395
7,78,12.46390227867997
7,79,10.334212781252004
7,80,11.587501313828643
7,81,11.274368290770488
7,82,13.335932079628542
7,83,15.298928953381617
7,84,17.461823212210167
7,85,20.227723359121708
7,86,22.384029474814664
7,87,20.301789310934236
7,88,22.747093417301336
7,89,22.85798968263714
7,90,23.09865430401158
7,91,19.55122365230977
7,92,18.39403412134846
7,93,17.518943497705383
7,94,15.475797376844579
7,95,14.130213952701718
7,96,14.106077528978165
7,97,12.643114519139706
7,98,15.098177720971616
7,99,15.26444398152021
7,100,18.405597124782236
7,101,19.11952807995809
7,102,21.697836937188278
7,103,19.99352016982518
7,104,18.076540126899875
7,105,15.390366947087804
7,106,13.589231184221918
7,107,11.05386732816081
7,108,11.468493578897052
7,109,9.938023287799117
7,110,12.164181543765594
7,111,13.454612240401598
7,112,15.996696674878438
7,113,18.671220723537925
7,114,21.098397000998098
7,115,24.557217113722523
7,116,26.08333554196088
8,1,20.20248606104297
8,2,18.628244879743075
8,3,15.017404762502428
8,4,12.21939833758031
8,5,8.836467065682339
8,6,5.185095935536786
8,7,3.7800510101672398
8,9,3.7886098019686347
8,10,5.333440603534241
8,11,6.909474460078112
8,12,10.35486063545487
8,13,12.813439439116676
8,14,16.55918809478064
8,15,18.988086608448516
8,16,20.492431866892147
8,17,17.98242280064621
8,18,16.11066612165935
8,19,12.47879788804418
8,20,10.880881025440203
8,21,8.052548595935196
8,22,7.669126205029003
8,23,8.87648715612842
8,24,10.494864226024463
8,25,13.91852818897339
8,26,16.76572370362852
8,27,19.47655993661794
8,28,22.6078931851119
8,29,24.781763188380886
8,30,25.414862214016175
8,31,23.646288501695373
8,32,26.146844438485285
8,33,25.373630656822936
8,34,27.8950762483586
8,35,26.013500185572912
8,36,22.661168513177394
8,37,21.401904473739613
8,38,18.243934117256668
8,39,17.779051208188932
8,40,15.529080683839451
8,41,16.729414310555402
8,42,16.507189701693207
8,43,18.867076240608593
8,44,22.00263888838559
8,45,21.7186379979217
8,46,20.981017029316998
8,47,19.148935028921247
8,48,19.29319451493419
8,49,21.619300654819952
8,50,21.9221112482798
8,51,24.92673875424972
8,52,27.427705718416952
8,53,25.88149644518507
8,54,26.04407515332239
8,55,24.194980245827505
8,56,26.426707752970426
8,57,27.003217220049507
8,58,29.571413661506764
8,59,27.05461093110425
8,60,24.642164767386245
8,61,24.757775638364063
8,62,26.738562846972105
8,63,24.470829851301758
8,64,22.260289607091476
8,65,25.117542440449093
8,66,24.868393272464576
8,67,21.336978952193917
8,68,19.111393506173375
8,69,18.77745916388623
8,70,17.324393844462197
8,71,17.39351580368678
8,72,19.959715295742754
8,73,20.189035901627943
8,74,16.52991606979941
8,75,17.537712863015514
8,76,19.85048915783837
8,77,17.042740436643047
8,78,15.41017614263933
8,79,12.748610441246191
8,80,13.059218111567793
8,81,12.017509618034953
8,82,13.033338631050912
8,83,14.60496396598239
8,84,16.013310942988223
8,85,18.64106927021936
8,86,20.291036269580882
8,87,17.793615663982848
8,88,19.895698813175635
8,89,19.63276468242569
8,90,20.071747117403163
8,91,16.712471860481983
8,92,15.136425829956474
8,93,14.377922543420233
8,94,12.76349067570898
8,95,12.09965555364229
8,96,12.974138745244378
8,97,12.523667618519019
8,98,15.614495598847519
8,99,16.637838316534214
8,100,20.10098035267669
8,101,21.398227517815066
8,102,24.08445875412276
8,103,22.15389936505074
8,104,19.735025755653478
8,105,16.65686138549533
8,106,14.11448213734316
8,107,10.903671924098
8,108,10.04817629936496
8,109,7.5869777737365025
8,110,8.934829457225648
8,111,10.094999554833953
8,112,12.366926660833323
8,113,15.20042953566938
8,114,17.59955337846756
8,115,21.132552321536217
8,116,22.825974594619804
9,1,20.018125059766867
9,2,18.447509895048036
9,3,14.692439780969021
9,4,11.908650987985759
9,5,9.0476833110402
9,6,5.831341101375422
9,7,6.66534691503577
9,8,3.7886098019686347
9,10,3.804752326709014
9,11,6.927655874013721
9,12,10.425376896558028
9,13,13.296539934887857
9,14,17.050609886915225
9,15,19.041851065099443
9,16,20.92555063328777
9,17,18.990874857089104
9,18,17.361439402233756
9,19,13.740577881346159
9,20,12.48686472017769
9,21,9.163838533782247
9,22,9.200212174493869
9,23,9.55885038913086
9,24,11.794459181592948
9,25,14.780979108959023
9,26,17.95036783565829
9,27,20.951700869316014
9,28,24.265532475788223
9,29,26.740870352520044
9,30,27.203245715051157
9,31,25.06205886566388
9,32,27.151705715173986
9,33,26.127864788391843
9,34,28.242602011876436
9,35,26.17080058610418
9,36,22.813713532292187
9,37,21.056287047291818
9,38,17.872567834938256
9,39,16.75658422132322
9,40,14.39927909796588
9,41,14.861956562902506
9,42,14.323467915401864
9,43,16.1388845046509
9,44,19.38345049695998
9,45,19.64424066706659
9,46,19.351860483871587
9,47,18.118022446546508
9,48,18.678226024822195
9,49,20.9042894294928
9,50,21.770257547305885
9,51,24.721205445398475
9,52,27.581157311654493
9,53,26.482786742897808
9,54,26.387192202141616
9,55,24.24374760117538
9,56,25.999167286471145
9,57,26.51147566035021
9,58,28.68613244751353
9,59,25.845515586654066
9,60,23.605458599045953
9,61,23.403502961942763
9,62,25.665394814047875
9,63,23.355202796839976
9,64,21.57428227434447
9,65,24.75167744291122
9,66,25.047555616623793
9,67,21.549761923592374
9,68,19.280346823514957
9,69,19.457575623036437
9,70,18.13907018874905
9,71,18.96182506584802
9,72,21.517849314675885
9,73,22.3102044838544
9,74,18.743998458365148
9,75,19.201785181221233
9,76,21.823979543066297
9,77,19.353926868682876
9,78,17.135079996857478
9,79,14.587390764751712
9,80,14.140592439133151
9,81,13.462096335021897
9,82,13.781975529473163
9,83,15.698874966020336
9,84,16.496301863825018
9,85,19.3705641968498
9,86,20.75520627109682
9,87,17.802347062970487
9,88,19.27943704183914
9,89,18.46079452324699
9,90,18.465639131890338
9,91,15.38136137143341
9,92,13.338043784611804
9,93,11.80357072225248
9,94,9.781139993347884
9,95,9.74630445871512
9,96,10.714493569704713
9,97,11.169429674093315
9,98,14.318393642955849
9,99,16.08427640032733
9,100,19.576688380705257
9,101,21.450542961809894
9,102,23.941003230589036
9,103,21.60219256786
9,104,18.78643386877513
9,105,15.341216080564006
9,106,12.367064885309803
9,107,8.726913761208573
9,108,7.087119182190811
9,109,4.8119193863698575
9,110,6.1386199703108355
9,111,8.520122148047133
9,112,11.009235249337335
9,113,14.411418549873284
9,114,17.122275361475385
9,115,20.60385325504935
9,116,22.826777370568337
10,1,23.811891996166217
10,2,22.155485612842156
10,3,18.423339135389753
10,4,15.466688050475879
10,5,12.663194588416342
10,6,9.172484222688169
10,7,9.06899125265176
10,8,5.333440603534241
10,9,3.804752326709014
10,11,3.791776951584646
10,12,6.79964732166132
10,13,9.994454052932786
10,14,13.670581243630476
10,15,15.796072774821203
10,16,18.04304676147665
10,17,16.345061318225017
10,18,15.33995610771169
10,19,12.075011793991665
10,20,11.88465986874779
10,21,9.291692175735356
10,22,10.708164336759904
10,23,12.124308175144138
10,24,14.725994241337073
10,25,18.003190350438704
10,26,21.24557902061695
10,27,23.999956582911626
10,28,27.348843334631027
10,29,29.555251414059256
10,30,29.843901135263
10,31,27.689046017538047
10,32,29.802435450791453
10,33,28.511241053018512
10,34,30.7524495317948
10,35,28.982539922478136
10,36,25.456137742630467
10,37,23.494027634202816
10,38,20.032903916269433
10,39,18.550513997394646
10,40,15.617958159331499
10,41,15.616620814842367
10,42,14.229428153095412
10,43,15.93280448618269
10,44,19.505640706818294
10,45,19.63044883077647
10,46,19.820933045444868
10,47,18.36470589938172
10,48,19.536428080437652
10,49,22.254187502894947
10,50,23.40771129469848
10,51,26.656347691981782
10,52,29.606262038422084
10,53,28.282208234154357
10,54,27.790120912832595
10,55,25.327485204782462
10,56,26.9842897016128
10,57,26.968569358957982
10,58,29.17282733929963
10,59,26.50093849088163
10,60,23.87114006818656
10,61,23.17515377100819
10,62,24.99764147935608
10,63,22.255460308070575
10,64,20.753780392796244
10,65,24.034501502025655
10,66,24.12369284917602
10,67,20.43346807875572
10,68,18.76885476053118
10,69,19.497070972318777
10,70,18.882872126833018
10,71,19.725782547255402
10,72,22.738611579631154
10,73,23.606527060757532
10,74,20.227821175440397
10,75,21.197437230645647
10,76,24.010705438820505
10,77,21.603174400087262
10,78,19.77123975484145
10,79,16.796883503806377
10,80,16.084913028308343
10,81,14.562897164440775
10,82,14.167045547545746
10,83,15.244874790561566
10,84,15.362557293528111
10,85,17.730589979952196
10,86,18.511628933147783
10,87,15.34607988593004
10,88,16.59280275092729
10,89,15.526950223299167
10,90,16.11202003968372
10,91,13.270723895577568
10,92,10.843230947756807
10,93,10.07368563265024
10,94,9.298656064092754
10,95,10.099930625558748
10,96,12.257702452028383
10,97,13.369762009570618
10,98,16.901305790438894
10,99,18.942654845729418
10,100,22.593036695388413
10,101,24.584498953928566
10,102,27.285133934306334
10,103,25.082957705847672
10,104,22.125663313497867
10,105,18.71585151817086
10,106,15.469297133855301
10,107,11.821990920824506
10,108,9.294891602881853
10,109,5.966092444475989
10,110,4.827970080443815
10,111,5.945723857803587
10,112,7.59058487006089
10,113,10.944232068207048
10,114,13.414946787725818
10,115,16.98098501632836
10,116,19.149638857452693
11,1,26.296356580807306
11,2,24.309404431903616
11,3,20.702215529707185
11,4,17.420290706727307
11,5,14.747883087688148
11,6,11.058242328960661
11,7,10.412565102213275
11,8,6.909474460078112
11,9,6.927655874013721
11,10,3.791776951584646
11,12,3.8273628722307365
11,13,6.37833520267275
11,14,10.13744575436141
11,15,12.389147862526336
11,16,14.442990378718244
11,17,12.590548506822199
11,18,11.762517464132868
11,19,8.765287512937435
11,20,9.40048025636147
11,21,7.850367078312825
11,22,10.376666200653219
11,23,12.8122441795971
11,24,15.646637099708494
11,25,19.204387332782066
11,26,22.49889041521886
11,27,24.801933913647595
11,28,28.184696140049088
11,29,29.972029850608383
11,30,29.97171291687125
11,31,27.830879229710526
11,32,29.9922262745368
11,33,28.462214941028698
11,34,30.93434184236384
11,35,29.594192123387575
11,36,25.9159856373689
11,37,23.952875784630777
11,38,20.286479739864838
11,39,18.8163455453404
11,40,15.540801660719891
11,41,15.684535330478363
11,42,14.055637205048287
11,43,16.202106428988547
11,44,19.73454437815468
11,45,19.23572630897968
11,46,19.384177838854786
11,47,17.378649358699377
11,48,18.756377077366956
11,49,21.88560107069553
11,50,23.00230336754736
11,51,26.505612944627572
11,52,29.35968123570706
11,53,27.672828580015292
11,54,26.90047829749549
11,55,24.306861552879525
11,56,26.081653808699564
11,57,25.673426451548398
11,58,28.105775741807097
11,59,25.799561855423804
11,60,22.7968235204381
11,61,21.984189787936074
11,62,23.29460722462852
11,63,20.357171779423936
11,64,18.744726370999004
11,65,21.85592957999417
11,66,21.520568113024463
11,67,17.726014781292893
11,68,16.53300763759492
11,69,17.467394603423177
11,70,17.42711112987002
11,71,18.092710612000243
11,72,21.45067280195949
11,73,22.326878024265742
11,74,19.238691861357854
11,75,20.72918921258838
11,76,23.68140415382333
11,77,21.45728537521619
11,78,20.1082347931778
11,79,16.733669117607946
11,80,15.824152657041694
11,81,13.494771755702025
11,82,12.60677543292392
11,83,12.809607115477505
11,84,12.60282951654111
11,85,14.497812080424552
11,86,15.073074228901064
11,87,12.058152430255623
11,88,13.672321254574287
11,89,13.110587714752704
11,90,14.22357123273248
11,91,11.234802902398602
11,92,9.363969381039707
11,93,9.934186130473753
11,94,10.202010787312563
11,95,10.610602935613576
11,96,13.332959007147
11,97,14.326239082141344
11,98,18.087607767986388
11,99,20.016991891348248
11,100,23.78528093804463
11,101,25.68387519538562
11,102,28.718378779414625
11,103,26.908041842684028
11,104,23.94476577294642
11,105,20.805699608521717
11,106,17.487641612410382
11,107,14.121852467003272
11,108,11.524414841615824
11,109,7.761925726602487
11,110,6.1793730177912565
11,111,4.690146350008334
11,112,5.900283891906379
11,113,8.317638904648975
11,114,10.791087084154393
11,115,14.247911177993117
11,116,16.14332768985691
12,1,30.072591387598084
12,2,28.13312655533148
12,3,24.515609077701647
12,4,21.247092516129825
12,5,18.53941124681388
12,6,14.827764661852239
12,7,13.83140393083004
12,8,10.35486063545487
12,9,10.425376896558028
12,10,6.79964732166132
12,11,3.8273628722307365
12,13,3.795885005131738
12,14,7.132585925918392
12,15,9.795417131996494
12,16,12.43646826037973
12,17,11.02137639006602
12,18,11.376145748465989
12,19,9.43766450814518
12,20,11.346593611100012
12,21,10.841689955452313
12,22,13.792776318300918
12,23,16.503680895596084
12,24,19.32715485338434
12,25,22.94105632581555
12,26,26.191090800485608
12,27,28.373847255834374
12,28,31.708529881906077
12,29,33.32251447960732
12,30,33.264706513310095
12,31,31.185038410607913
12,32,33.3648564821084
12,33,31.7084096524759
12,34,34.23890001633116
12,35,33.0902631384603
12,36,29.362474704084498
12,37,27.313165171118477
12,38,23.57084077094136
12,39,21.908266388231542
12,40,18.420509042485897
12,41,18.18593105579742
12,42,15.986312982496656
12,43,17.799696754013098
12,44,21.41745057366067
12,45,20.87432195296354
12,46,21.465971535929537
12,47,19.40669441032376
12,48,21.221633319314883
12,49,24.59006247936429
12,50,25.88563735566923
12,51,29.509152659373633
12,52,32.37276559614113
12,53,30.548560740807904
12,54,29.50527133230441
12,55,26.73582311446432
12,56,28.38035691501534
12,57,27.527693708605494
12,58,29.9144369971193
12,59,27.812704496334234
12,60,24.57214808847947
12,61,23.316900215263278
12,62,24.120927262216163
12,63,20.832406331305787
12,64,19.620310469324487
12,65,22.676894233684845
12,66,22.095625726799543
12,67,18.271379903881225
12,68,17.862832478403554
12,69,19.268591313049757
12,70,19.851569756120877
12,71,20.447046228717653
12,72,24.017166101766335
12,73,24.86418416978014
12,74,22.020176100185704
12,75,23.84457301829618
12,76,26.800209759301993
12,77,24.615776033321733
12,78,23.561795350040537
12,79,20.079978524939357
12,80,19.129967778967583
12,81,16.419331485502124
12,82,15.117876774454647
12,83,14.476879358173829
12,84,13.548368916992203
12,85,14.531133954574758
12,86,14.167462760290386
12,87,11.100605525256563
12,88,12.274827866635434
12,89,11.407399011676107
12,90,13.467100197485118
12,91,11.17132916164119
12,92,9.100808515525593
12,93,10.751281593158426
12,94,12.209493629728847
12,95,13.254750308765328
12,96,16.428583029442017
12,97,17.772924878923885
12,98,21.584734335314312
12,99,23.638667818484784
12,100,27.427060542713967
12,101,29.368279799475488
12,102,32.466408910040954
12,103,30.695037341314006
12,104,27.67890340321925
12,105,24.530027769378904
12,106,21.123132506885455
12,107,17.738832511894135
12,108,14.858415908348702
12,109,11.121735526695831
12,110,8.613041989720168
12,111,6.04648391635516
12,112,4.648437114078692
12,113,5.779687296261967
12,114,7.321012149941751
12,115,10.943486767463652
12,116,12.575789026012652
13,1,32.21775795815504
13,2,29.970235766229667
13,3,26.510678001777325
13,4,23.027418897553396
13,5,20.581592741331658
13,6,16.914573470642022
13,7,15.8947069820393
13,8,12.813439439116676
13,9,13.296539934887857
13,10,9.994454052932786
13,11,6.37833520267275
13,12,3.795885005131738
13,14,3.7815961828772444
13,15,6.533281225131807
13,16,8.774075475908894
13,17,7.2867869770691716
13,18,8.205810982772412
13,19,7.31445870576027
13,20,10.251812108967826
13,21,10.971425511575324
13,22,14.426046625504226
13,23,17.585060216911664
13,24,20.517433861969618
13,25,24.17060270220576
13,26,27.440323268534513
13,27,29.20125688302508
13,28,32.54660690603488
13,29,33.78701531091583
13,30,33.3978875771344
13,31,31.295375574642545
13,32,33.39929851503384
13,33,31.50432439330991
13,34,34.145599744466736
13,35,33.41000418519127
13,36,29.62102869326819
13,37,27.57156179526927
13,38,23.77072957350032
13,39,22.141863201935834
13,40,18.54425519943606
13,41,18.43359404097209
13,42,16.215422732905875
13,43,18.33966922338647
13,44,21.689858660120503
13,45,20.56077481687711
13,46,21.05883712574213
13,47,18.60179522989416
13,48,20.53893101907036
13,49,24.136010410224216
13,50,25.394938065812468
13,51,29.140684476283845
13,52,31.877517923397498
13,53,29.80119265547508
13,54,28.473747655060894
13,55,25.627359310055947
13,56,27.29016185049442
13,57,26.06465674668974
13,58,28.591265397180546
13,59,26.89941198978167
13,60,23.411152669415564
13,61,22.0905348757194
13,62,22.339595993504933
13,63,18.985476550021097
13,64,17.718313792732975
13,65,20.4566737960974
13,66,19.457234760951703
13,67,15.685896658171982
13,68,15.90279818471775
13,69,17.537190053398618
13,70,18.736916307855786
13,71,19.23715299003408
13,72,22.973548295359613
13,73,23.909765094538667
13,74,21.508193053213468
13,75,23.640243095876155
13,76,26.68422619730713
13,77,24.827579799332266
13,78,24.1368897632763
13,79,20.467015420153185
13,80,19.274021836491503
13,81,16.087679691356158
13,82,14.315312048619038
13,83,12.779336245197024
13,84,11.36112894546252
13,85,11.535026573202563
13,86,10.753561503896092
13,87,8.053822377123938
13,88,9.680592145949731
13,89,9.743777683438807
13,90,12.25625057246446
13,91,10.041143444455175
13,92,9.151030230550136
13,93,11.830519918644029
13,94,13.780962861445273
13,95,14.313806316185874
13,96,17.614184641135303
13,97,18.801135264445286
13,98,22.615337829283877
13,99,24.553444993563485
13,100,28.338732204528963
13,101,30.215683179736732
13,102,33.54582807844719
13,103,32.12595785660674
13,104,29.11562526271729
13,105,26.244698293759562
13,106,22.83718901287866
13,107,19.768173080444253
13,108,16.95565804307507
13,109,13.221199648946753
13,110,10.976160630797294
13,111,7.553339767202433
13,112,6.249617809204104
13,113,4.997724943386939
13,114,6.290854051217639
13,115,9.138569924036723
13,116,10.348497371699398
14,1,35.904045411420626
14,2,33.566001648167365
14,3,30.160355227647596
14,4,26.62035919382989
14,5,24.274668181718535
14,6,20.632606437090207
14,7,19.549520773652524
14,8,16.55918809478064
14,9,17.050609886915225
14,10,13.670581243630476
14,11,10.13744575436141
14,12,7.132585925918392
14,13,3.7815961828772444
14,15,3.758882412078971
14,16,6.264714950583249
14,17,5.794870116854836
14,18,8.387967037869009
14,19,9.166733622261015
14,20,12.69703254627801
14,21,14.11536402756182
14,22,17.705887191306243
14,23,20.989885739100757
14,24,23.943858262889144
14,25,27.58459678945055
14,26,30.8390005600676
14,27,32.38764839712825
14,28,35.70370209028976
14,29,36.71265280481274
14,30,36.14386103538811
14,31,34.05711879971287
14,32,36.08864927807738
14,33,34.02188637129614
14,34,36.684479577484396
14,35,36.22652679456281
14,36,32.42131121200011
14,37,30.31540249161338
14,38,26.508714753194152
14,39,24.78102852747794
14,40,21.12142482494627
14,41,20.81340938058219
14,42,18.35288037310194
14,43,20.284788760533182
14,44,23.45162021500968
14,45,22.110223036450055
14,46,22.850288872544418
14,47,20.331279132956343
14,48,22.533422863422622
14,49,26.25278602944244
14,50,27.613202173981794
14,51,31.407661115802274
14,52,34.08252041343268
14,53,31.880820844756347
14,54,30.26688585685999
14,55,27.316870308926966
14,56,28.827849970635295
14,57,27.16712689544692
14,58,29.63583482395278
14,59,28.283589586867812
14,60,24.63648081647823
14,61,23.012402886692477
14,62,22.64595171268621
14,63,19.143906562011427
14,64,18.249124546827304
14,65,20.6727973368901
14,66,19.368233373960173
14,67,15.836610067278876
14,68,16.92356529413102
14,69,18.9195486624535
14,70,20.71334502913609
14,71,21.17645544033574
14,72,24.97237161716774
14,73,25.951624362668866
14,74,23.937350779471142
14,75,26.274232243438238
14,76,29.324182989506795
14,77,27.668746283281838
14,78,27.231782020257896
14,79,23.507115851747628
14,80,22.191839196249322
14,81,18.79089605648877
14,82,16.694163863307057
14,83,14.496403955933168
14,84,12.485760289416564
14,85,11.513296656972253
14,86,9.604610469725639
14,87,7.540944722462291
14,88,8.638412164276907
14,89,9.048534496612106
14,90,12.304281267719988
14,91,10.991266582031919
14,92,10.678673977729584
14,93,13.990530876386705
14,94,16.530781911349507
14,95,17.19257565876825
14,96,20.641162135711763
14,97,21.96065327714142
14,98,25.739413235070117
14,99,27.714913382787017
14,100,31.4732606716547
14,101,33.368849550799816
14,102,36.79267965736109
14,103,35.51544243516167
14,104,32.471331890998925
14,105,29.69763816083188
14,106,26.249417243251393
14,107,23.28864173249273
14,108,20.37305018088193
14,109,16.71258011647706
14,110,14.260592398346228
14,111,10.633191587424296
14,112,8.644954522712444
14,113,5.703176566015969
14,114,5.178101466028761
14,115,6.6805733914924925
14,116,7.049485947892341
15,1,37.510014776418444
15,2,34.938900108873405
15,3,31.634985465063682
15,4,27.98196871076673
15,5,26.040265907709262
15,6,22.55355324875777
15,7,21.97578342885846
15,8,18.988086608448516
15,9,19.041851065099443
15,10,15.796072774821203
15,11,12.389147862526336
15,12,9.795417131996494
15,13,6.533281225131807
15,14,3.758882412078971
15,16,3.804414275677913
15,17,5.680293065590462
15,18,8.644439454168285
15,19,10.166527417013867
15,20,13.843735232083638
15,21,15.396640773096252
15,22,19.175686618977057
15,23,22.30889893181495
15,24,25.53284311798754
15,25,29.008821944915407
15,26,32.42503768802853
15,27,33.83600667072841
15,28,37.27285406997294
15,29,38.21357188255552
15,30,37.302623169349324
15,31,34.965481127915524
15,32,36.66703559513197
15,33,34.27276577973768
15,34,36.72951865509078
15,35,36.501208145364814
15,36,32.69106351913462
15,37,30.322801701054953
15,38,26.536478539850552
15,39,24.49592129331313
15,40,20.79179454632843
15,41,20.093976329053188
15,42,17.398916385731933
15,43,19.108239675511637
15,44,21.959503217941293
15,45,20.425294788813627
15,46,21.465479989186573
15,47,19.094733602615676
15,48,21.68960922750844
15,49,25.447812067797724
15,50,27.135258938238714
15,51,30.92287604014575
15,52,33.687979770535414
15,53,31.620280018206998
15,54,29.605749037083733
15,55,26.42582211536331
15,56,27.541901692797534
15,57,25.474985206537944
