1,2,3.800271121265379
1,3,6.171289248492283
1,4,9.964910429865654
1,5,12.490346826802753
1,6,16.107023356199488
1,7,19.106619592310793
1,8,20.875952833091347
1,9,21.100962334770806
1,10,24.901251703730143
1,11,27.1181851054703
1,12,30.887766120203086
1,13,32.63177746270697
1,14,36.35193301739641
1,15,38.03037565216618
1,16,38.918108744421936
1,17,36.532688131706266
1,18,33.32736389499882
1,19,29.70509881982558
1,20,26.45078138475146
1,21,23.237569527489836
1,22,19.989968139317746
1,23,16.276296509376518
1,24,14.64712462681815
1,25,11.574018949821127
1,26,10.801746575654132
1,27,13.14773147028578
1,28,18.60225631235019
1,29,19.804121478203417
1,30,20.85194521427331
1,31,17.34810474416205
1,32,16.1353052088977
1,33,16.777071803887765
1,34,17.49458531249804
1,35,19.192492107779824
1,36,21.273565188616615
1,37,23.142414098405283
1,38,25.564149117681474
1,39,26.804493914642034
1,40,28.175637837351058
1,41,28.411703802317515
1,42,26.54998526286961
1,43,26.849543672316333
1,44,24.855918191713172
1,45,23.84227817488385
1,46,22.23593209561736
1,47,21.37554387125364
1,48,23.659428340523455
1,49,24.000528497891164
1,50,26.508317088338465
1,51,34.06202864474195
1,52,30.256973089305593
1,53,28.332631087803062
1,54,25.300570865258894
1,55,25.131490130114358
1,56,24.25956988618982
1,57,24.895782743463393
1,58,21.915976892784656
1,59,19.477968633039534
1,60,20.086862342433072
1,61,18.92182524657557
1,62,15.598086701222268
1,63,17.432643245295054
1,64,18.529588433532883
1,65,21.992548297489726
1,66,23.92746326262754
1,67,27.54733903336857
1,68,30.140929146150473
1,69,33.86509477036296
1,70,36.79384396801143
1,71,34.88885709846708
1,72,36.544261373896326
1,73,36.66575941648372
1,74,34.78165792266802
1,75,31.824742999047025
1,76,31.4193330549935
1,77,28.626431503086906
1,78,24.926470516857492
1,79,22.813815543547626
1,80,19.34443534870247
1,81,17.04366076567325
1,82,14.641422935608462
1,83,13.044598731817223
1,84,11.213337459259641
1,85,11.364796547731057
1,86,10.16693259823541
1,87,6.8891366926396
1,88,8.191865083367741
1,89,8.753263253939009
1,90,12.249535358024946
1,91,14.500300753169178
1,92,18.140920650654586
1,93,20.991406549552707
1,94,24.659344665410043
1,95,27.575612079163314
1,96,31.1694233187045
1,97,34.205744387768036
1,98,37.043164192836215
1,99,40.589924024262984
2,1,3.800271121265379
2,3,3.818438880468399
2,4,7.100839303939721
2,5,10.055567590655276
2,6,13.618120254622651
2,7,16.75519844173498
2,8,18.69723062121323
2,9,18.99192376118669
2,10,22.721629447492237
2,11,24.562886294206706
2,12,28.35646121338742
2,13,29.795793207314215
2,14,33.451325543420694
2,15,35.023649812705855
2,16,35.69318470040178
2,17,33.286761954754816
2,18,29.973241685851484
2,19,26.43021472004574
2,20,23.083254193076574
2,21,19.997307161464985
2,22,16.71030295344643
2,23,12.962845211727847
2,24,11.352390493457987
2,25,8.145757310185147
2,26,7.845978951472866
2,27,10.252497738939672
2,28,15.644628921015272
2,29,16.451947520666934
2,30,17.757823526686437
2,31,14.448466136882812
2,32,12.757119369750422
2,33,13.382203229378383
2,34,13.917629679063358
2,35,15.863003181796783
2,36,18.026212429344014
2,37,20.238831070781227
2,38,22.923110131274015
2,39,24.554426891139872
2,40,25.882519937095175
2,41,25.71533367803898
2,42,23.57397260933087
2,43,23.579229146615585
2,44,21.428845854457485
2,45,20.503811188653785
2,46,18.75227487811554
2,47,18.135089124580862
2,48,20.42603501137025
2,49,20.508614819855442
2,50,22.925146205753908
2,51,30.49084820553039
2,52,26.675545559964736
2,53,24.62759546282637
2,54,21.53817111831735
2,55,21.358402153759243
2,56,20.488225000097064
2,57,21.229915972557322
2,58,18.294861657560507
2,59,15.785866704863516
2,60,16.656742153275758
2,61,15.632212179116543
2,62,12.13658924294365
2,63,13.854931712394974
2,64,14.82358184166783
2,65,18.36735005305188
2,66,20.359065763105303
2,67,23.965088453168857
2,68,26.653440243093925
2,69,30.36123887168276
2,70,33.39771643494374
2,71,31.6727543559494
2,72,33.46981835867425
2,73,33.85062922730184
2,74,31.97793438554801
2,75,28.88217227408936
2,76,28.76965493938004
2,77,26.195808273358296
2,78,22.607535159283213
2,79,20.124370959355126
2,80,16.698797277855604
2,81,13.975319354910393
2,82,11.581137588608614
2,83,9.55822712190786
2,84,7.905040022802902
2,85,8.276486149823555
2,86,8.135461696241794
2,87,5.020891547395741
2,88,5.638342646602208
2,89,6.3603122501856815
2,90,9.85249022574843
2,91,12.194887426240795
2,92,15.973402861351262
2,93,18.60969766747547
2,94,22.37847530869549
2,95,25.004618070129062
2,96,28.695457637822276
2,97,31.517954406748412
2,98,34.411852971588445
2,99,37.85577562737482
3,1,6.171289248492283
3,2,3.818438880468399
3,4,3.8119765619617434
3,5,6.646244278851232
3,6,10.10452054921513
3,7,13.36317405064267
3,8,15.034671699219775
3,9,15.269400032413017
3,10,19.035096856257965
3,11,21.043781690078998
3,12,24.828240068134008
3,13,26.479794198874256
3,14,30.192737316932284
3,15,31.911766427084974
3,16,32.82057963082915
3,17,30.406835539506794
3,18,27.260593599369034
3,19,23.599146961791313
3,20,20.42023374026432
3,21,17.130637102327853
3,22,13.94695511587706
3,23,10.265834902311509
3,24,9.077884363337715
3,25,6.867432997497262
3,26,8.063802441600973
3,27,11.346228290639585
3,28,17.54100378157746
3,29,17.696627886059975
3,30,19.3876955328229
3,31,16.418521099013574
3,32,13.962778367028578
3,33,13.905850829420777
3,34,13.385624766116612
3,35,14.760653682138344
3,36,16.19923221982677
3,37,18.258129340288807
3,38,20.605931468055537
3,39,22.306088349225462
3,40,24.098050570073834
3,41,23.954423250191798
3,42,22.07422592772334
3,43,21.90643612380539
3,44,20.22099014342053
3,45,19.952286456716994
3,46,18.645658190378207
3,47,18.788109216460914
3,48,21.422073660832226
3,49,21.173714790619215
3,50,23.095012218448165
3,51,28.588776407226277
3,52,24.81447289118226
3,53,23.12940948497315
3,54,20.1993852347095
3,55,20.138043903327297
3,56,19.94826770962352
3,57,20.611816498453184
3,58,17.32649269719566
3,59,15.41182031715436
3,60,16.79630238568439
3,61,15.182120432031715
3,62,11.58679282730384
3,63,12.388962391611457
3,64,13.192999317443167
3,65,16.361003653940173
3,66,18.191311703679684
3,67,21.76665734810336
3,68,24.292095831993255
3,69,27.989369449283018
3,70,30.841126322693892
3,71,28.884704031931413
3,72,30.651658637830074
3,73,30.84759870504201
3,74,29.184761436399526
3,75,26.074687752968476
3,76,25.667488490464812
3,77,23.11260753142485
3,78,19.527857977201105
3,79,17.28289035448617
3,80,14.093420231434102
3,81,11.697193958731281
3,82,10.169674656942224
3,83,9.038234588205576
3,84,8.972259898460234
3,85,10.395012802243873
3,86,11.140932670343954
3,87,8.028126830322773
3,88,6.748760651733162
3,89,5.138850069343131
3,90,7.5802185866612675
3,91,9.02451486289889
3,92,12.750499899608418
3,93,15.20101769361114
3,94,18.926927807559704
3,95,21.638851388271252
3,96,25.260063921238515
3,97,28.191424278706847
3,98,30.986719838665245
3,99,34.49411071718879
4,1,9.964910429865654
4,2,7.100839303939721
4,3,3.8119765619617434
4,5,3.8049175642695077
4,6,6.731096781964242
4,7,10.22873977438662
4,8,11.833697062475792
4,9,12.1055969013541
4,10,15.76474965606556
4,11,17.473904724732456
4,12,21.267277223765742
4,13,22.761498946311324
4,14,26.45168269680126
4,15,28.17469096810272
4,16,29.040323804263693
4,17,26.596758667550432
4,18,23.462907939843685
4,19,19.790911525600535
4,20,16.64339492894431
4,21,13.325028073882597
4,22,10.183979241716349
4,23,6.5364007093706995
4,24,5.986666247937266
4,25,5.236860225835321
4,26,8.100884271858188
4,27,11.420365733038059
4,28,17.476910072763747
4,29,16.9149363958559
4,30,18.96431452281259
4,31,16.526119530320504
4,32,13.419509883531749
4,33,12.889665241260376
4,34,11.40776188870233
4,35,12.49481470519668
4,36,13.350626092414759
4,37,15.608060092881264
4,38,17.915763928692467
4,39,20.020854111668708
4,40,22.052296241081034
4,41,21.54837003037178
4,42,19.620249485481395
4,43,19.031208026298962
4,44,17.569457604568335
4,45,17.881644551815107
4,46,16.7994282771876
4,47,17.676421466299466
4,48,20.41476427695414
4,49,19.739619213429517
4,50,21.19199835052394
4,51,25.174925624335664
4,52,21.440713855212348
4,53,19.91552948060417
4,54,17.08382977923675
4,55,17.099739345447734
4,56,17.440500963591145
4,57,18.126668424621805
4,58,14.712162594801763
4,59,13.287267819640057
4,60,15.239252526885812
4,61,13.416972170429434
4,62,9.852653579703608
4,63,9.593406562530426
4,64,10.037888068842832
4,65,12.878616969529588
4,66,14.622462866205222
4,67,18.13706704079818
4,68,20.631670908412346
4,69,24.297329044494347
4,70,27.120614943151484
4,71,25.177373807505646
4,72,27.06352749405486
4,73,27.381371199357236
4,74,25.886248658629025
4,75,22.640404708508257
4,76,22.31338298161473
4,77,20.018337070153375
4,78,16.603512312417532
4,79,14.180288916333964
4,80,11.344245859158699
4,81,8.826561191286142
4,82,8.329251363859257
4,83,7.694228599877838
4,84,9.12175595377376
4,85,11.10884997928841
4,86,12.87539933051747
4,87,10.36228555210325
4,88,8.139219976486618
4,89,5.69149887105059
4,90,6.201793681344881
4,91,6.494883635531152
4,92,10.083066324645063
4,93,11.996519163554757
4,94,15.746617475697752
4,95,18.181055802736594
4,96,21.834185548480576
4,97,24.619935955763825
4,98,27.393511011983914
4,99,30.842878941749124
5,1,12.490346826802753
5,2,10.055567590655276
5,3,6.646244278851232
5,4,3.8049175642695077
5,6,3.8015473791139494
5,7,6.730338270343614
5,8,8.845175218594008
5,9,10.074920273432694
5,10,13.695117593258885
5,11,15.379319649766027
5,12,19.105556707700174
5,13,20.791431771902516
5,14,24.50653161583378
5,15,26.646953454463226
5,16,27.64328209305739
5,17,24.92962235521051
5,18,21.95843879750981
5,19,18.234143522143235
5,20,15.162507994650577
5,21,12.01853977314453
5,22,8.754546372742116
5,23,6.012458833379566
5,24,4.989132225164035
5,25,6.043559608455332
5,26,8.887176880931571
5,27,12.42047188904407
5,28,19.510948489154675
5,29,18.89110388026564
5,30,21.421489215243856
5,31,19.36631162571173
5,32,16.089296275651062
5,33,15.735590353575665
5,34,13.75482546467457
5,35,14.701299239744737
5,36,14.79993560094484
5,37,17.069117833765137
5,38,18.98543708399001
5,39,21.29954850754961
5,40,23.761453261855813
5,41,23.085269003055934
5,42,21.304220693812518
5,43,20.22984113343673
5,44,19.113690228029203
5,45,20.037445898644716
5,46,19.01989189594339
5,47,20.376999998650682
5,48,22.929496777101615
5,49,21.73434447101868
5,50,22.955205532236587
5,51,25.203861929842414
5,52,21.618268509680895
5,53,20.26781618015738
5,54,17.441907962205047
5,55,16.999599879651676
5,56,17.88767781846101
5,57,17.93621826090888
5,58,14.238083558493523
5,59,13.781877462804193
5,60,15.521409757225676
5,61,12.920858302558207
5,62,9.980214960575937
5,63,9.160771987728397
5,64,10.282741153473378
5,65,12.315307281635388
5,66,14.368216162206776
5,67,17.45544470252857
5,68,20.02381887507703
5,69,23.472258907333394
5,70,26.190000372066855
5,71,24.219501485117174
5,72,26.356115427349554
5,73,26.660562679798122
5,74,25.678795496274812
5,75,22.306283538405744
5,76,21.699711841798536
5,77,19.77150833063891
5,78,16.634174844382244
5,79,14.555660820783388
5,80,12.532979735984272
5,81,10.480849191025317
5,82,11.162953829721731
5,83,10.797873178081128
5,84,12.545977178742936
5,85,14.159137188651872
5,86,16.249793166999904
5,87,13.889637864939681
5,88,11.926697248471076
5,89,9.378738792440318
5,90,9.091816980623598
5,91,7.768695876407972
5,92,10.523817960848792
5,93,11.362053478553625
5,94,14.8102151057035
5,95,17.00024406743045
5,96,20.436222756601435
5,97,23.171400360174456
5,98,25.56292938007843
5,99,28.988580207913667
6,1,16.107023356199488
6,2,13.618120254622651
6,3,10.10452054921513
6,4,6.731096781964242
6,5,3.8015473791139494
6,7,3.823881496844393
6,8,5.2759224306888655
6,9,6.720220422469921
6,10,10.108208609333158
6,11,11.615137749608644
6,12,15.319825024650013
6,13,17.0713084813251
6,14,20.802509364164063
6,15,23.055266434309456
6,16,24.21885511017841
6,17,21.51770146047416
6,18,18.762042157763418
6,19,14.993927800455005
6,20,12.267429706456527
6,21,9.061741823365132
6,22,6.409420190352591
6,23,5.160882697543536
6,24,5.9559615675543345
6,25,8.701184736074485
6,26,11.962961544168618
6,27,15.151420680238116
6,28,21.645101908315002
6,29,20.459986340366644
6,30,23.08069625716213
6,31,21.446007531704566
6,32,17.881211894098136
6,33,17.022580155458762
6,34,14.322182009537286
6,35,14.58244511734374
6,36,13.72619545132236
6,37,15.739270654823548
6,38,17.179012955124534
6,39,19.673343290952175
6,40,22.463058296037335
6,41,21.61296571081712
6,42,20.09723009888038
6,43,18.702035472224768
6,44,18.16897397552161
6,45,19.787088687705886
6,46,19.26066672466271
6,47,21.256792562318747
6,48,23.899723391041764
6,49,22.46213112267413
6,50,23.085819215167326
6,51,22.888659287260488
6,52,19.517092814547766
6,53,18.664735714662232
6,54,16.266882924829808
6,55,16.04042516233707
6,56,17.711542967570168
6,57,17.768414336542104
6,58,14.136945506876849
6,59,14.466339083840383
6,60,16.662216922478063
6,61,13.995596806126505
6,62,11.566886621659165
6,63,9.506264855257651
6,64,9.923134759726327
6,65,10.802390731930654
6,66,12.361348166102907
6,67,15.09073139476855
6,68,17.336453034075603
6,69,20.630420420640768
6,70,23.097041471406598
6,71,20.96698192898521
6,72,23.12391105099665
6,73,23.35968787175441
6,74,22.697420286473154
6,75,19.304271653633478
6,76,18.515373471048342
6,77,16.908442993547265
6,78,14.122536752261293
6,79,12.327662172522137
6,80,11.224123405958219
6,81,9.89445882597394
6,82,11.825842864605631
6,83,12.292736277896257
6,84,14.847091881978054
6,85,16.840542912104517
6,86,19.2288923487546
6,87,17.033274920617348
6,88,14.58274623979613
6,89,11.682525554642295
6,90,10.15311279842135
6,91,7.538331468477965
6,92,8.988079242029432
6,93,8.627373111711675
6,94,11.70554390550434
6,95,13.578867749961434
6,96,16.884938859517476
6,97,19.553864386146138
6,98,21.82127657199459
6,99,25.24248432465762
7,1,19.106619592310793
7,2,16.75519844173498
7,3,13.36317405064267
7,4,10.22873977438662
7,5,6.730338270343614
7,6,3.823881496844393
7,8,3.8050596452560206
7,9,7.1555575833846845
7,10,9.615094888080561
7,11,10.605021877351732
7,12,13.933381743127827
7,13,15.716244307217506
7,14,19.314616713545636
7,15,22.032901692751462
7,16,23.217048449704883
7,17,20.203646126309003
7,18,17.703722944157743
7,19,14.105735788921157
7,20,11.658653721333575
7,21,9.278469743263186
7,22,7.147244932275276
7,23,7.686491764279708
7,24,7.878007819862212
7,25,11.05207127917344
7,26,13.857726322860442
7,27,16.83405676627891
7,28,23.746026469100162
7,29,22.567447816618543
7,30,25.518458959132786
7,31,24.219893962692893
7,32,20.637303570524804
7,33,20.038692627061476
7,34,17.215404551360685
7,35,17.54910255538083
7,36,16.32459765341187
7,37,18.343298090392054
7,38,19.47885869382912
7,39,22.11909422324277
7,40,25.092983795405285
7,41,24.02051210592599
7,42,22.575196016419916
7,43,20.740371730169652
7,44,20.419823090812148
7,45,22.40845097018292
7,46,21.82864178763215
7,47,24.080617542532206
7,48,26.450688493646755
7,49,24.5901100284147
7,50,25.051093217450827
7,51,23.434134491191735
7,52,20.365702628282808
7,53,19.644264142790814
7,54,17.346479086015947
7,55,16.59774880112135
7,56,18.66274039237344
7,57,18.065415926647287
7,58,14.468429365275037
7,59,15.706427794589578
7,60,17.533335767478757
7,61,14.426233511422437
7,62,12.89580623833987
7,63,10.645225484971075
7,64,11.613658149774093
7,65,11.517122431453021
7,66,13.293650348432163
7,67,15.21567509417325
7,68,17.470280368042324
7,69,20.314126518582054
7,70,22.628235717485243
7,71,20.64800747285844
7,72,23.10833163443578
7,73,23.44546970786193
7,74,23.39764034234917
7,75,19.963374475401984
7,76,19.034279037979577
7,77,18.050207647332396
7,78,15.847759110083219
7,79,14.44141466252491
7,80,14.155793630248729
7,81,13.108011958408428
7,82,15.37679752919678
7,83,15.68713389112506
7,84,18.197565510833023
7,85,19.8394512416974
7,86,22.443559490621638
7,87,20.418110783948617
7,88,18.210773504304125
7,89,15.448109961600958
7,90,13.955552324269402
7,91,11.13797750389484
7,92,11.86655166114816
7,93,10.441753370533927
7,94,12.632760867005933
7,95,13.796787514396815
7,96,16.588007232716137
7,97,18.934045486913803
7,98,20.616137884664365
7,99,23.864522032912827
8,1,20.875952833091347
8,2,18.69723062121323
8,3,15.034671699219775
8,4,11.833697062475792
8,5,8.845175218594008
8,6,5.2759224306888655
8,7,3.8050596452560206
8,9,3.8142845813385273
8,10,5.974217198418707
8,11,7.690024641219372
8,12,11.032778273506585
8,13,13.422990029717722
8,14,17.123583356851324
8,15,19.827474078746672
8,16,21.53165378461569
8,17,18.87205452947168
8,18,16.83948634049062
8,19,13.224123918928575
8,20,11.623940813048314
8,21,8.975615032368351
8,22,8.247527974629493
8,23,9.193284676157484
8,24,10.647385407565864
8,25,13.826927732661076
8,26,16.97305509502113
8,27,20.047048696471307
8,28,26.43004360056774
8,29,24.9404170907294
8,30,27.625729401469183
8,31,26.285440591777085
8,32,22.60402988779584
8,33,21.411329970572137
8,34,18.27205716983735
8,35,17.80297372095737
8,36,15.914852259954971
8,37,17.20469165121285
8,38,17.62837509296567
8,39,19.967829673084264
8,40,23.250213722242457
8,41,22.452304192529965
8,42,21.57002740969718
8,43,19.960627594483437
8,44,20.323793509540135
8,45,22.665616668723057
8,46,22.72171109932176
8,47,25.2240680727672
8,48,27.911536257382572
8,49,26.28608357720353
8,50,26.331799159438003
8,51,22.80792026037536
8,52,19.976980161279872
8,53,19.96136501931072
8,54,18.285425465716735
8,55,18.207934248415096
8,56,20.674422599328285
8,57,20.52137965565046
8,58,17.120054212038788
8,59,18.314159277805427
8,60,20.590774011147648
8,61,17.7589400809999
8,62,16.01287007891716
8,63,13.3818056491142
8,64,13.411125724677778
8,65,12.839701804897674
8,66,13.57319798169782
8,67,15.338416943552632
8,68,16.817698112340683
8,69,19.56703130741242
8,70,21.362147249351306
8,71,18.887626538778637
8,72,20.92844343399741
8,73,20.767682614743254
8,74,20.848886789367022
8,75,17.68239320783651
8,76,16.197592459727254
8,77,15.139813653361813
8,78,13.138043402381358
8,79,12.512714250573591
8,80,12.893862419297449
8,81,12.902864871596151
8,82,15.72067398996693
8,83,16.899727134274645
8,84,19.813801321809308
8,85,21.993299587519243
8,86,24.416592982064685
8,87,22.152856053601557
8,88,19.478664493508614
8,89,16.273294616254688
8,90,14.044186011534936
8,91,10.583255576727161
8,92,10.119629866091671
8,93,7.9898440065971705
8,94,9.467495969981279
8,95,10.81341618942206
8,96,13.378495999548939
8,97,16.063710748335836
8,98,17.76496315477
8,99,21.21898557246349
9,1,21.100962334770806
9,2,18.99192376118669
9,3,15.269400032413017
9,4,12.1055969013541
9,5,10.074920273432694
9,6,6.720220422469921
9,7,7.1555575833846845
9,8,3.8142845813385273
9,10,3.8201297348526246
9,11,6.728510357277685
9,12,10.189856249089807
9,13,12.854376851355612
9,14,16.603610128171095
9,15,18.838230564740865
9,16,20.873724186030508
9,17,18.76612729299453
9,18,16.930372135276585
9,19,13.319302639957959
9,20,12.216844142411036
9,21,9.07446312579085
9,22,9.207066689710592
9,23,9.768034954538171
9,24,12.190803055700798
9,25,15.110021936412188
9,26,18.57118657233482
9,27,21.6777453743581
9,28,27.302181155028496
9,29,25.560121182779827
9,30,27.84415334915834
9,31,26.375441407689685
9,32,22.6910607486985
9,33,20.914929353924958
9,34,17.645258975908416
9,35,16.44131226859542
9,36,14.168690525059754
9,37,14.717883880855952
9,38,14.615600513038164
9,39,16.589428229577006
9,40,20.034928944824337
9,41,19.596360256893714
9,42,19.190133811176544
9,43,18.046641821912583
9,44,18.894771452203095
9,45,21.313153419009424
9,46,21.942897910594063
9,47,24.49999294885287
9,48,27.522735421401183
9,49,26.303876681097986
9,50,26.079946789994427
9,51,21.861264024194476
9,52,19.08655924326768
9,53,19.56432805416375
9,54,18.370336842983416
9,55,19.065621333518138
9,56,21.585556279458306
9,57,22.074025029709837
9,58,18.84877550694539
9,59,19.603765872575778
9,60,22.335922492755667
9,61,19.929807264117517
9,62,17.73153923720788
9,63,14.955211044033609
9,64,14.091263477850164
9,65,13.60373797283192
9,66,13.395078094278903
9,67,15.419562015143667
9,68,16.2439909349318
9,69,19.15090511148848
9,70,20.623503727249926
9,71,17.70415247484025
9,72,19.151815471056604
9,73,18.51764927637689
9,74,18.239990067489614
9,75,15.355310333703494
9,76,13.500423737058766
9,77,11.885798129899568
9,78,9.641290821022361
9,79,9.600571100909841
9,80,10.270707869744554
9,81,11.269932774476251
9,82,14.350978715247331
9,83,16.32996442821998
9,84,19.519950370126715
9,85,22.22234500577985
9,86,24.391572769582293
9,87,21.976607570673863
9,88,18.872898604690285
9,89,15.401560472251127
9,90,12.538494385750196
9,91,8.767684075875223
9,92,7.161970196491538
9,93,4.7204603554504105
9,94,6.039240514585564
9,95,8.287523987748562
9,96,11.100985100849948
9,97,14.307269353915114
9,98,16.514450302845503
9,99,20.194260687523066
10,1,24.901251703730143
10,2,22.721629447492237
10,3,19.035096856257965
10,4,15.76474965606556
10,5,13.695117593258885
10,6,10.108208609333158
10,7,9.615094888080561
10,8,5.974217198418707
10,9,3.8201297348526246
10,11,3.795780081578174
10,12,6.646654052292365
10,13,9.740633712525542
10,14,13.34935453616721
10,15,15.688031063990747
10,16,18.106532936102376
10,17,16.247904121133118
10,18,15.062793608786736
10,19,11.84459082438571
10,20,11.859278916352357
10,21,9.52441168596025
10,22,10.967037869673865
10,23,12.526079977413382
10,24,15.190103582486934
10,25,18.413859143057092
10,26,21.931642381331237
10,27,24.84390273958186
10,28,30.07067581936606
10,29,28.029734024707604
10,30,30.31874372999305
10,31,29.16673506768643
10,32,25.416994592119455
10,33,23.438736131930217
10,34,19.927921298962378
10,35,18.33622557250595
10,36,15.474290810549219
10,37,15.550501514329746
10,38,14.726045704982232
10,39,16.634167638687373
10,40,20.223247694037067
10,41,19.647739815680822
10,42,19.659248633031268
10,43,18.298860962466534
10,44,19.76629785995222
10,45,22.650378175749214
10,46,23.663253440152083
10,47,26.571574314159513
10,48,29.532978973970728
10,49,28.174373637562734
10,50,27.48699720697261
10,51,20.870006858782894
10,52,18.631780296013186
10,53,19.7477164258079
10,54,19.182670908223958
10,55,20.063335106350674
10,56,23.030929492348143
10,57,23.508818419358136
10,58,20.590387471307015
10,59,21.792142745332985
10,60,24.645043097817375
10,61,22.32186774557654
10,62,20.50248669809382
10,63,17.366194077884913
10,64,16.19086101326964
10,65,14.863333512143273
10,66,14.001658545763997
10,67,15.202016623103702
10,68,15.274000076673678
10,69,17.640773733058666
10,70,18.503260292358693
10,71,15.359464354606832
10,72,16.605734163907993
10,73,15.701069312232189
10,74,16.026625280019516
10,75,13.408328441838723
10,76,11.103868807889002
10,77,10.261319132267301
10,78,9.218963138622955
10,79,10.085211038180278
10,80,11.996795381761615
10,81,13.599139711197813
10,82,17.05822443562756
10,83,19.27064485558907
10,84,22.67959501721804
10,85,25.448566188567465
10,86,27.76965168921536
10,87,25.510519437640077
10,88,22.291290653909982
10,89,18.870551988318876
10,90,15.739874066675283
10,91,11.985614813796333
10,92,9.556694483215786
10,93,6.147882216244389
10,94,4.911781302790457
10,95,5.830583962402372
10,96,7.779750613836958
10,97,10.948042144079816
10,98,12.862492164169081
10,99,16.57004304760066
11,1,27.1181851054703
11,2,24.562886294206706
11,3,21.043781690078998
11,4,17.473904724732456
11,5,15.379319649766027
11,6,11.615137749608644
11,7,10.605021877351732
11,8,7.690024641219372
11,9,6.728510357277685
11,10,3.795780081578174
11,12,3.793821414286035
11,13,6.1489695090203265
11,14,9.885497777003195
11,15,12.352209264445275
11,16,14.529216456803068
11,17,12.484493547571166
11,18,11.40063646777245
11,19,8.413249496596618
11,20,9.182691614831485
11,21,7.9038515638186215
11,22,10.367775376249549
11,23,12.926687513195834
11,24,15.70315209051032
11,25,19.25710816886561
11,26,22.80707983877145
11,27,25.312723444988173
11,28,29.940207161167795
11,29,27.602630876810583
11,30,30.000641965328075
11,31,29.32105440043071
11,32,25.523984906065877
11,33,23.57381174015881
11,34,19.888136986754834
11,35,18.326804175559605
11,36,15.200903300127651
11,37,15.517576599552628
11,38,14.779312422265406
11,39,17.195933281390428
11,40,20.535164261081892
11,41,19.325174138272395
11,42,19.11571468068109
11,43,17.15233311412757
11,44,18.7546169517736
11,45,21.98981612321447
11,46,23.02295732105927
11,47,26.255392626029458
11,48,28.940264691974786
11,49,27.259480391890648
11,50,26.21366468573533
11,51,18.073971910669155
11,52,16.19204106052098
11,53,17.54117043693519
11,54,17.3506519821422
11,55,18.187609364460492
11,56,21.503652425770536
11,57,21.896234750333228
11,58,19.367461872982513
11,59,21.033060098625615
11,60,23.942686167609818
11,61,21.81947551835569
11,62,20.49233960547986
11,63,17.010862330014614
11,64,15.60811915364387
11,65,13.456714471138879
11,66,12.249881416445723
11,67,12.593925442164034
11,68,12.350338835566589
11,69,14.294904866877484
11,70,15.052358504365614
11,71,12.107828770629425
11,72,13.82341121395475
11,73,13.501553197396511
11,74,14.317345217679918
11,75,11.435500847836737
11,76,9.724646209322223
11,77,10.144789351633557
11,78,10.1252057640436
11,79,10.484924253077551
11,80,13.032311158828795
11,81,14.348578272628295
11,82,18.038766578566182
11,83,20.047650206941626
11,84,23.607746602336
11,85,26.22845109051865
11,86,28.90770075182372
11,87,27.060284725616956
11,88,23.870129124471635
11,89,20.7487137327189
11,90,17.58729960741177
11,91,14.051104116899927
11,92,11.71579625295914
11,93,7.947036005209596
11,94,6.354550454428576
11,95,4.760580762487658
11,96,6.279909495728122
11,97,8.422653412919416
11,98,10.237700618682274
11,99,13.742501162899027
12,1,30.887766120203086
12,2,28.35646121338742
12,3,24.828240068134008
12,4,21.267277223765742
12,5,19.105556707700174
12,6,15.319825024650013
12,7,13.933381743127827
12,8,11.032778273506585
12,9,10.189856249089807
12,10,6.646654052292365
12,11,3.793821414286035
12,13,3.797438041893544
12,14,6.928634410533766
12,15,9.736338773503897
12,16,12.465639073730728
12,17,10.830602745627695
12,18,10.94769182034912
12,19,9.064276722644792
12,20,11.109555842565847
12,21,10.883406205578375
12,22,13.749572644793426
12,23,16.58030418090378
12,24,19.308305775951943
12,25,22.93245391498705
12,26,26.44100378255671
12,27,28.842897931421017
12,28,33.257395923768435
12,29,30.76986512125984
12,30,33.15672577008876
12,31,32.69499077278671
12,32,28.90535808601975
12,33,26.87535814011238
12,34,23.13028955921394
12,35,21.377494424850777
12,36,18.016254723647126
12,37,17.958703693478764
12,38,16.690782490294232
12,39,18.85598484982181
12,40,22.153717693372386
12,41,20.899095172207986
12,42,21.07221927847656
12,43,19.026779076711865
12,44,21.060864905629728
12,45,24.531263915034568
12,46,25.812008442350667
12,47,29.21794606031064
12,48,31.803498674404352
12,49,30.03389329833688
12,50,28.658458585474154
12,51,18.50357233288766
12,52,17.363022899936766
12,53,19.245802410141867
12,54,19.614325860167206
12,55,20.50365256773601
12,56,24.04407177379204
12,57,24.3536962489029
12,58,22.141064822099107
12,59,24.104876197783515
12,60,26.98017670352333
12,61,24.912668191895747
12,62,23.885526152738976
12,63,20.3183394240052
12,64,18.85974990073178
12,65,16.292013547163645
12,66,14.75229337926311
12,67,14.248447412671581
12,68,13.225377073940143
12,69,14.221872871526077
12,70,14.068834963050861
12,71,11.072228219617283
12,72,12.477447009424434
12,73,11.883933507115254
12,74,13.654384881962466
12,75,11.401213490721858
12,76,9.42744208286183
12,77,10.961629968899999
12,78,12.111107734239477
12,79,13.111259443690875
12,80,16.14055288420661
12,81,17.75558516562415
12,82,21.510477144382623
12,83,23.618908241225295
12,84,27.23563244986255
12,85,29.863640357414244
12,86,32.59680975230819
12,87,30.809089425349498
12,88,27.577526174576708
12,89,24.45818273933203
12,90,21.201496181954386
12,91,17.67194703176204
12,92,15.04294018189401
12,93,11.259242800004165
12,94,8.748094476020274
12,95,6.089792077489947
12,96,5.075301909487211
12,97,6.009347006372873
12,98,6.763452156981246
12,99,10.222188069014763
13,1,32.63177746270697
13,2,29.795793207314215
13,3,26.479794198874256
13,4,22.761498946311324
13,5,20.791431771902516
13,6,17.0713084813251
13,7,15.716244307217506
13,8,13.422990029717722
13,9,12.854376851355612
13,10,9.740633712525542
13,11,6.1489695090203265
13,12,3.797438041893544
13,14,3.790521278168746
13,15,6.574995734802119
13,16,8.813937584093692
13,17,7.046448183573487
13,18,7.554547130591541
13,19,6.662383435788802
13,20,9.710154651894548
13,21,10.67180399266076
13,22,14.052628652841392
13,23,17.319345194911556
13,24,20.09966708212572
13,25,23.79445220590617
13,26,27.285015550092538
13,27,29.270036398261073
13,28,32.880179118534194
13,29,30.13020510095329
13,30,32.49409706564011
13,31,32.46512396893377
13,32,28.727136797189893
13,33,26.70738685294029
13,34,22.93435821634831
13,35,21.21729329022781
13,36,17.79617714571023
13,37,17.920279932510365
13,38,16.846276477591662
13,39,19.373044170586468
13,40,22.26426862528717
13,41,20.447275806994785
13,42,20.37781169519819
13,43,17.878802843693528
13,44,19.96461870272427
13,45,23.616109733370667
13,46,24.92549044293307
13,47,28.530735848414494
13,48,30.82600103478168
13,49,28.853777546532967
13,50,27.131030371048556
13,51,15.63483782195053
13,52,15.020152699535865
13,53,17.14488857367529
13,54,17.99352226924842
13,55,18.938036932333723
13,56,22.64825553482384
13,57,23.006213318218435
13,58,21.3124760673528
13,59,23.512451533870095
13,60,26.426948302213663
13,61,24.71654442053404
13,62,24.0595793360833
13,63,20.335883418976042
13,64,18.615146302898026
13,65,15.527876965392672
13,66,13.631590773791418
13,67,12.229693989266815
13,68,10.687104036056398
13,69,10.945244425928205
13,70,10.521429343861787
13,71,7.906182692386145
13,72,9.92102898152444
13,73,10.31376655273471
13,74,12.444580704685297
13,75,10.079610737694546
13,76,9.269021323432835
13,77,11.772673839073192
13,78,13.465318834780827
13,79,13.878445858623607
13,80,17.115632741484067
13,81,18.44331611262222
13,82,22.207671636360942
13,83,24.132948248594666
13,84,27.797200675743134
13,85,30.295544367682904
13,86,33.26337605710663
13,87,31.867699718139914
13,88,28.675083413862428
13,89,25.867401609261098
13,90,22.625755385104576
13,91,19.38589705276764
13,92,16.906299889257333
13,93,13.160471966396305
13,94,10.915465545358211
13,95,7.459424592430692
13,96,6.401217170479904
13,97,5.112757417585519
13,98,5.756003359248106
13,99,8.42813984322491
14,1,36.35193301739641
14,2,33.451325543420694
14,3,30.192737316932284
14,4,26.45168269680126
14,5,24.50653161583378
14,6,20.802509364164063
14,7,19.314616713545636
14,8,17.123583356851324
14,9,16.603610128171095
14,10,13.34935453616721
14,11,9.885497777003195
14,12,6.928634410533766
14,13,3.790521278168746
14,15,3.7994883108265207
14,16,6.294465216264985
14,17,5.459257045049719
14,18,7.8482590831006425
14,19,8.733967038079792
14,20,12.3173543245457
14,21,13.95043371183792
14,22,17.435894775747112
14,23,20.82917273613908
14,24,23.567629839902533
14,25,27.2758099697871
14,26,30.716563278165644
14,27,32.508524738872865
14,28,35.690335367184225
14,29,32.78577391109355
14,30,35.09663038462805
14,31,35.34930549974246
14,32,31.673735914069503
14,33,29.62402515558861
14,34,25.86817092566755
14,35,24.071138207435776
14,36,20.588249616692455
14,37,20.52406018738458
14,38,19.222153990245783
14,39,21.594450400736434
14,40,24.23173037995599
14,41,22.25956254918227
14,42,22.379338126955727
14,43,19.78967441145436
14,44,22.10305767214977
14,45,25.855873566596372
14,46,27.318259802454616
14,47,31.03429292044371
14,48,33.13608103271762
14,49,31.075456675082226
14,50,29.032570990134804
14,51,15.904931351403176
14,52,16.188142054960895
14,53,18.67720483722804
14,54,20.050954393416216
14,55,21.021765538731977
14,56,24.803543108848196
14,57,25.124159773983497
14,58,23.854946097826794
14,59,26.248214502131045
14,60,29.104220334723742
14,61,27.57384450617283
14,62,27.204404549869636
14,63,23.45387951914108
14,64,21.664464075589958
14,65,18.32890397350245
14,66,16.24161085400788
14,67,14.15892200361049
14,68,12.015245081358731
14,69,11.03239612977715
14,70,9.463274974786115
14,71,7.498811811170254
14,72,9.154281866092132
14,73,9.821673866302804
14,74,12.788267590876849
14,75,11.227945620330269
14,76,10.831487447902978
14,77,14.02744289522872
14,78,16.356576170992398
14,79,16.944968845374653
14,80,20.36864771030645
14,81,21.770607987766816
14,82,25.51559517857335
14,83,27.43697837602898
14,84,31.115014590366872
14,85,33.56860230382267
14,86,36.61590643394779
14,87,35.37631005517932
14,88,32.178578281161606
14,89,29.465237691707078
14,90,26.18544191632465
14,91,23.03151100544914
14,92,20.451656258707633
14,93,16.748879170192406
14,94,14.254693499940991
14,95,10.614005339853259
14,96,8.632446634880186
14,97,5.705648970681793
14,98,4.4524389768177866
14,99,5.401148323694047
15,1,38.03037565216618
15,2,35.023649812705855
15,3,31.911766427084974
15,4,28.17469096810272
15,5,26.646953454463226
15,6,23.055266434309456
15,7,22.032901692751462
15,8,19.827474078746672
15,9,18.838230564740865
15,10,15.688031063990747
15,11,12.352209264445275
15,12,9.736338773503897
15,13,6.574995734802119
15,14,3.7994883108265207
15,16,3.801333358426952
15,17,5.465278671165386
15,18,8.317099170530193
15,19,10.011874466088491
15,20,13.767637456678258
15,21,15.472875003174533
15,22,19.198682886553662
15,23,22.456773872443442
15,24,25.467083502092898
15,25,29.043740993430035
15,26,32.57276809729475
15,27,34.172066675535284
15,28,36.48399212600023
15,29,33.333872229604474
15,30,35.33746132397866
15,31,35.786519017771305
15,32,32.22556361357337
15,33,29.91586442970381
15,34,26.207604207508687
15,35,24.095471120796645
15,36,20.52187315175841
15,37,20.064046544493422
15,38,18.512029841058695
15,39,20.715401746445394
15,40,22.942457093229436
15,41,20.811759418769494
15,42,21.181188479512638
15,43,18.69455695890258
15,44,21.36401590700317
15,45,25.156817203800077
15,46,26.991376808156957
15,47,30.767729710283465
15,48,32.81676188134049
15,49,30.940621241184978
15,50,28.519986921009465
15,51,14.066098595685984
15,52,15.08186944055547
15,53,18.101053440292265
15,54,20.143099446933203
15,55,21.623663143904757
15,56,25.340574336374047
15,57,26.098668371653762
15,58,25.214725176385397
15,59,27.37645236496093
15,60,30.43546754585118
15,61,29.32368468301917
15,62,28.86941719923148
15,63,25.07662122520566
15,64,22.82791232342602
15,65,19.481758454689906
15,66,16.825599521015096
15,67,14.535412295616123
15,68,11.583266682789572
15,69,9.973675085200073
15,70,7.317905041911151
15,71,5.456545318063568
15,72,6.156357019458865
15,73,7.307047282597364
15,74,10.526552227668011
15,75,9.722565024111846
15,76,10.090178224004044
15,77,13.754132544323562
15,78,16.633546733256587
15,79,17.24351000785407
15,80,20.852039421713137
15,81,22.456477318661044
15,82,26.124415361115464
15,83,28.223289435000314
15,84,31.949093916665127
15,85,34.52549558849161
15,86,37.53011144940861
15,87,36.479993063664224
15,88,33.176211444089
15,89,30.62387167681545
15,90,27.219016035972984
15,91,24.325358437622988
15,92,21.574309506356354
15,93,18.09033243077961
15,94,15.47647193761677
15,95,11.694590194574207
15,96,9.58320042828122
15,97,5.901163524594505
15,98,5.463113300655245
15,99,5.092563557462208
16,1,38.918108744421936
16,2,35.69318470040178
16,3,32.82057963082915
16,4,29.040323804263693
16,5,27.64328209305739
16,6,24.21885511017841
16,7,23.217048449704883
16,8,21.53165378461569
16,9,20.873724186030508
16,10,18.106532936102376
16,11,14.529216456803068
16,12,12.465639073730728
16,13,8.813937584093692
16,14,6.294465216264985
16,15,3.801333358426952
16,17,3.799472183706622
16,18,6.859673313100527
16,19,9.773059058913908
16,20,13.461380937020092
16,21,15.877742998394288
16,22,19.546531624843134
16,23,22.93996762258691
16,24,25.789067861237687
16,25,29.29993635766252
16,26,32.687238475657836
16,27,33.88388516415168
16,28,35.492444842981456
16,29,32.21506143373723
16,30,34.20078641598945
16,31,35.04348652911948
16,32,31.617111820158865
16,33,29.473949879019457
16,34,25.893656879350115
16,35,24.039443286505065
16,36,20.69781646467492
16,37,20.639858544579248
16,38,19.595920107580383
16,39,22.146296248416398
16,40,23.93401098972626
16,41,21.31285261395425
16,42,21.201625674178075
16,43,18.32118466892342
16,44,20.68948707341709
16,45,24.42850019538706
16,46,26.07783318700614
16,47,29.895128339387306
16,48,31.56243974797585
16,49,29.47895252584465
16,50,26.853734478498342
16,51,11.870043630239326
16,52,13.512094772080133
16,53,16.430155257810387
16,54,18.766410679850022
16,55,20.12914359287423
16,56,23.78521183254439
16,57,24.517871467839242
16,58,24.161107317417894
16,59,26.449987736532727
16,60,29.39531328766909
16,61,28.627738676929404
16,62,28.528597762706585
16,63,24.779981786069904
16,64,22.491059667590836
16,65,18.939636182299466
16,66,16.306461852758233
16,67,13.387760363499194
16,68,10.35083217543256
16,69,7.6712934926086325
16,70,4.5453181769774815
16,71,4.980249736299895
16,72,6.747326570203596
16,73,9.427513863001892
16,74,12.015428420938418
16,75,10.94538877409186
16,76,12.442345147544858
16,77,16.03036762224282
16,78,18.691002437570944
16,79,18.619594502950026
16,80,22.020605431303007
16,81,23.149055546446228
16,82,26.647425440639616
16,83,28.408727568094562
16,84,32.03050513660381
16,85,34.365068781473624
16,86,37.543113789192496
16,87,36.86467281910385
16,88,33.71579539550639
16,89,31.498075901368605
16,90,28.2670093725069
16,91,25.669715749095317
16,92,23.26249377779209
16,93,19.923473101668275
16,94,17.81961060923968
16,95,14.05380965068984
16,96,12.679295363824487
16,97,9.255666089602206
16,98,9.192201612773658
16,99,8.288760734449237
17,1,36.532688131706266
17,2,33.286761954754816
17,3,30.406835539506794
17,4,26.596758667550432
17,5,24.92962235521051
17,6,21.51770146047416
17,7,20.203646126309003
17,8,18.87205452947168
17,9,18.76612729299453
17,10,16.247904121133118
17,11,12.484493547571166
17,12,10.830602745627695
17,13,7.046448183573487
17,14,5.459257045049719
17,15,5.465278671165386
17,16,3.799472183706622
17,18,3.8030663632051653
17,19,6.876708791314311
17,20,10.502297701594323
17,21,13.301366990153255
17,22,16.7631132154719
17,23,20.360451087503854
17,24,22.91034626094813
17,25,26.510638584027436
17,26,29.769618089781197
17,27,30.960239561078232
17,28,33.095901303200684
17,29,29.996714539252498
17,30,32.29302295538656
17,31,33.08203711321756
17,32,29.579490569254443
17,33,27.755090707180575
17,34,24.162052024194917
17,35,22.735894998695947
17,36,19.574386030521257
17,37,20.11931486526963
17,38,19.577731713091474
17,39,22.504160697391153
17,40,24.54319294097359
17,41,21.864414855396294
17,42,21.2618352784785
17,43,18.08907670481777
17,44,19.94404424621143
17,45,23.636987453944332
17,46,24.811106944488067
17,47,28.59547420495097
17,48,30.192318054756374
17,49,27.834677885278975
17,50,25.547121285627206
17,51,12.060830086983696
17,52,12.852383283777446
17,53,15.113268073527529
17,54,16.813273548730564
17,55,17.62286071193059
17,56,21.374114624592767
17,57,21.69150523747023
17,58,21.14555921274086
17,59,23.708186822768255
17,60,26.456979953868906
17,61,25.4498845444117
17,62,25.556723566023003
17,63,21.83789774759007
17,64,19.92125660032707
17,65,16.246339536405046
17,66,14.140197351300825
17,67,11.095283657866416
17,68,8.885150396675275
17,69,6.676778051700987
17,70,5.482795105129715
17,71,5.816590084504642
17,72,8.966750823020776
17,73,11.521688822812127
17,74,13.761344165225175
17,75,11.699418050026903
17,76,12.980199376526189
17,77,16.168290708658652
17,78,18.213538237336806
17,79,17.728215228364057
17,80,20.853379693936613
17,81,21.538434252409186
17,82,25.038905779882086
17,83,26.47157036008942
17,84,30.01236238415648
17,85,32.13101792459961
17,86,35.43385100047779
17,87,34.74506068324074
17,88,31.763134557626785
17,89,29.560917592387092
17,90,26.53196059838661
17,91,23.862222145932396
17,92,21.80881798312371
17,93,18.375988533717365
17,94,16.714089318909
17,95,13.086721151845845
17,96,12.34619613888161
17,97,9.559954331926614
17,98,9.593794687670071
17,99,9.599518301291162
18,1,33.32736389499882
18,2,29.973241685851484
18,3,27.260593599369034
18,4,23.462907939843685
