1,2,3.8244626281248415
1,3,6.236622940264952
1,4,9.252285075102428
1,5,12.733911871795689
1,6,15.683189089790744
1,7,18.637399118217463
1,8,20.025227590712912
1,9,17.156443243360624
1,10,17.25219095810507
1,11,15.134483452860133
1,12,16.497120185857934
1,13,14.460914051883346
1,14,11.83130465089075
1,15,8.668998689435066
1,16,10.400498378793893
1,17,9.896271992426502
1,18,7.270536999483949
1,19,9.06271304858551
1,20,11.971492141978207
1,21,14.15183520289817
1,22,17.92195454412558
1,23,20.26792741986669
1,24,22.27472568645871
1,25,25.87738176254392
1,26,27.96231850779195
1,27,25.351711918616648
1,28,24.494284698549336
1,29,21.551252271687346
1,30,21.583878844727966
1,31,19.543449250617464
1,32,17.18890333089391
1,33,14.831703790401685
1,34,16.839442357039506
1,35,15.569696403045814
1,36,18.86813290869009
1,37,21.269653979420404
1,38,25.02138853250103
1,39,27.669496644737603
1,40,29.936891236496585
1,41,33.69424559122379
1,42,36.57663355709191
1,43,38.44945013772623
1,44,40.98898319826843
1,45,38.71836572687086
1,46,36.50182798237189
1,47,33.833627276060675
1,48,34.807239476702684
1,49,33.72136733780725
1,50,36.30979920027177
1,51,35.01773968954635
1,52,36.29092900991957
1,53,39.6608598516082
1,54,42.124522126130536
1,55,42.905536037834445
1,56,46.07188001170952
1,57,49.206363498722254
1,58,49.283984678063185
1,59,45.4857371857273
1,60,43.13796766244181
1,61,39.537077202212785
1,62,38.96601394448973
1,63,35.18879896656279
1,64,33.07110934100562
1,65,31.396265528938024
1,66,32.84740463275847
1,67,36.225866287043054
1,68,39.81919400430574
1,69,41.997518626857584
1,70,45.775133960011004
1,71,47.65708413009835
1,72,48.918372469076786
1,73,52.55416228284855
1,74,54.49940885467986
1,75,57.56875974853105
1,76,55.812190120703825
1,77,55.32584145759218
1,78,58.794431848203395
1,79,57.852598340067736
1,80,58.60175838479629
1,81,56.50953342438657
1,82,55.94903609685132
1,83,53.77397508827406
1,84,53.44031923285635
1,85,50.00754932467313
1,86,48.15206027386502
1,87,45.14806806670365
1,88,43.05691589600655
1,89,44.687658164861034
1,90,46.15590841319334
1,91,49.847833942264806
1,92,50.80344163244746
1,93,53.23446769226189
2,1,3.8244626281248415
2,3,3.791897598340619
2,4,6.326401473761283
2,5,9.571822972595598
2,6,12.776761645484047
2,7,16.05293007948531
2,8,17.316552579915875
2,9,14.170699431836837
2,10,13.775709581214874
2,11,11.409197509217472
2,12,12.856817198484697
2,13,10.857384809379193
2,14,8.149059521313589
2,15,5.448593806669773
2,16,8.176515345320926
2,17,8.209738075291725
2,18,5.024264797770961
2,19,5.5663321922214335
2,20,8.784806221903082
2,21,10.913750459913281
2,22,14.683622248590297
2,23,17.183533461864585
2,24,19.00608216257853
2,25,22.52624518881716
2,26,24.859095430175746
2,27,22.482520136947265
2,28,21.762874800723868
2,29,19.073021863160154
2,30,19.682005742855623
2,31,18.1656099895227
2,32,15.940150183204025
2,33,12.983733983949296
2,34,14.628564747305413
2,35,13.94678354026997
2,36,17.067369722247875
2,37,18.980562685674265
2,38,22.78596316967028
2,39,25.16291517840024
2,40,27.202677368201762
2,41,30.981958228491614
2,42,33.69469404686931
2,43,35.6256606386388
2,44,38.341143093341714
2,45,36.20486258559316
2,46,34.24792037984561
2,47,31.688108535469556
2,48,32.95202105101351
2,49,32.06375237985948
2,50,34.43333758195336
2,51,32.830379411472165
2,52,33.90473333995979
2,53,37.363206803650506
2,54,39.69562846547211
2,55,40.60141078236916
2,56,43.907330181100775
2,57,46.955863475058806
2,58,47.09020848777184
2,59,43.295481531883944
2,60,40.75208486105081
2,61,37.079465454771906
2,62,36.29648722318709
2,63,32.50721590300655
2,64,30.302070026900225
2,65,28.94404738827528
2,66,30.729314695223742
2,67,34.217561648433055
2,68,37.709343823271055
2,69,40.01248772955294
2,70,43.77510357626938
2,71,45.46872482151504
2,72,46.80383337620852
2,73,50.50199386001194
2,74,52.34409723269009
2,75,55.53335762475495
2,76,53.976687373573284
2,77,53.427120375524716
2,78,56.799907264149695
2,79,55.65508149579787
2,80,56.23283579944361
2,81,54.027861061433306
2,82,53.29210302877213
2,83,51.04103610962683
2,84,50.793212037555804
2,85,47.42443765573854
2,86,45.48776786427316
2,87,42.558087593216925
2,88,40.310967618857404
2,89,41.9920211667295
2,90,43.65445338366903
2,91,47.353176964465646
2,92,48.2346775158463
2,93,50.8013975085322
3,1,6.236622940264952
3,2,3.791897598340619
3,4,3.8076620625683404
3,5,6.694691004982428
3,6,9.88587899759335
3,7,12.81816112972854
3,8,13.881873359716977
3,9,10.921653447902479
3,10,11.268564261528965
3,11,9.759019841122003
3,12,11.628517843500255
3,13,10.776221847695137
3,14,8.829852619646088
3,15,7.567367122208319
3,16,11.04411956506055
3,17,10.431553484069644
3,18,6.681618733635996
3,19,5.670427502536835
3,20,7.4839397937672585
3,21,8.480328606827996
3,22,12.120937763800603
3,23,14.144599296574428
3,24,16.08984133968239
3,25,19.737112106747958
3,26,21.750177442331452
3,27,19.207934136339812
3,28,18.61808211705025
3,29,15.985586777443359
3,30,16.53312747104765
3,31,15.263124268429964
3,32,13.60162692189972
3,33,10.773170612380605
3,34,11.723337529401853
3,35,10.62782080920027
3,36,13.506121365892675
3,37,15.415674855974977
3,38,19.203679807193897
3,39,21.62610308870059
3,40,23.86480709154902
3,41,27.62433715214208
3,42,30.493594185994965
3,43,32.51788804834126
3,44,35.09195063613735
3,45,32.79850068573823
3,46,30.74262385882348
3,47,28.0707852400534
3,48,29.22871360962432
3,49,28.281417866817247
3,50,30.670861730640446
3,51,29.13732191389704
3,52,30.308669692613382
3,53,33.75772251368091
3,54,36.19160220286943
3,55,37.14665917344047
3,56,40.40873478557511
3,57,43.53431426056438
3,58,43.78246034013007
3,59,40.00440710107054
3,60,37.552607398431405
3,61,33.92823547961303
3,62,33.36652461244129
3,63,29.55345147918003
3,64,27.20430031845993
3,65,25.71281451462701
3,66,27.44346738648092
3,67,30.84783875868545
3,68,34.386369242152604
3,69,36.802343467596955
3,70,40.59023807287308
3,71,42.40503637262892
3,72,43.90248452230681
3,73,47.57732232758573
3,74,49.5672309034027
3,75,52.70860826302274
3,76,51.17764731393046
3,77,50.81243783203724
3,78,54.168866130144366
3,79,53.050027555923236
3,80,53.55078655713895
3,81,51.260044387448765
3,82,50.647508431944665
3,83,48.28823062561498
3,84,47.849710593217566
3,85,44.407276614408715
3,86,42.37614987898545
3,87,39.33208599935598
3,88,37.246888001507635
3,89,39.072294752701026
3,90,40.753853709579744
3,91,44.490038986921654
3,92,45.57663192659666
3,93,48.20117239579464
4,1,9.252285075102428
4,2,6.326401473761283
4,3,3.8076620625683404
4,5,3.8169209262735238
4,6,6.493067842454826
4,7,9.785269472263467
4,8,11.432778054377309
4,9,8.691616696759567
4,10,8.721480634159988
4,11,7.728097144449066
4,12,10.638463370799833
4,13,10.416431555989258
4,14,8.344779678166343
4,15,8.513931811020678
4,16,12.199210210630989
4,17,12.711571154776014
4,18,9.259931399768263
4,19,6.785681489903177
4,20,8.218686370836629
4,21,7.8904149521412785
4,22,11.042727322750075
4,23,12.518783377925947
4,24,13.675394257012012
4,25,17.39516650012195
4,26,19.60555079061224
4,27,17.531600037366232
4,28,17.64730455674208
4,29,15.67987129509136
4,30,16.90165478535768
4,31,16.46107324055833
4,32,15.453734095592788
4,33,12.431321458663504
4,34,12.31405399623658
4,35,11.462014209690182
4,36,13.46643029841004
4,37,14.509311359863261
4,38,18.199656770147
4,39,20.067484722806928
4,40,22.333631902637237
4,41,26.042438956903368
4,42,28.84739414777619
4,43,31.19205193231004
4,44,33.84261613544818
4,45,31.495037659784252
4,46,29.694246683311654
4,47,26.921453255836514
4,48,28.11546800354264
4,49,27.051999809715575
4,50,29.06248578113002
4,51,27.403438645547745
4,52,28.665995561110165
4,53,32.27149047513427
4,54,34.763353087437345
4,55,36.069168065977244
4,56,39.42255225281333
4,57,42.56248795172025
4,58,43.085780933435416
4,59,39.365254196997284
4,60,36.80129939082443
4,61,33.17402193791502
4,62,32.575602018573164
4,63,28.7561296481772
4,64,26.067506807412343
4,65,24.95507604222129
4,66,27.051039510693013
4,67,30.40718321018499
4,68,33.85270915447241
4,69,36.55388736894739
4,70,40.323610266593626
4,71,42.05288349729305
4,72,43.80089966068712
4,73,47.49754874840143
4,74,49.50094641414159
4,75,52.71415290405572
4,76,51.42016061175505
4,77,51.14868196575318
4,78,54.37607445373657
4,79,53.0624168293396
4,80,53.29370646149104
4,81,50.79184390188726
4,82,50.05225267151871
4,83,47.48782188178794
4,84,46.97572224672626
4,85,43.560463713094215
4,86,41.279461457610566
4,87,38.20023038355758
4,88,36.10929038796525
4,89,38.202108077799814
4,90,40.18732844784118
4,91,43.947272813377914
4,92,45.12154614791876
4,93,47.960115536767866
5,1,12.733911871795689
5,2,9.571822972595598
5,3,6.694691004982428
5,4,3.8169209262735238
5,6,3.7960307211893887
5,7,7.103067778373974
5,8,8.083143323306219
5,9,5.037387948285924
5,10,5.076962289607369
5,11,5.294193277544605
5,12,8.526040481374752
5,13,9.650726841009172
5,14,8.81723161908704
5,15,10.350231160523016
5,16,14.09810052912593
5,17,14.325419490513891
5,18,11.11339876807532
5,19,7.831144137399897
5,20,7.597099989988257
5,21,5.595003722960738
5,22,7.877816135442832
5,23,8.894133026768777
5,24,9.858982494722339
5,25,13.584478563939697
5,26,15.82134071853965
5,27,13.897744283966675
5,28,14.275671808392742
5,29,12.784967258437414
5,30,14.58958355514749
5,31,14.93771842798241
5,32,14.523492928805323
5,33,11.480883773474872
5,34,10.346973932822992
5,35,10.103935285727001
5,36,11.31666071653381
5,37,11.54971685533552
5,38,15.125679686345144
5,39,16.667216642400177
5,40,18.751632572997128
5,41,22.4444090153286
5,42,25.15347526496206
5,43,27.563358071009855
5,44,30.281001162799328
5,45,28.004846397241828
5,46,26.408391122441458
5,47,23.744102689122666
5,48,25.18924002526179
5,49,24.370905454646294
5,50,26.17715345280373
5,51,24.230299228630635
5,52,25.283476559951648
5,53,28.925475741662588
5,54,31.30445284845458
5,55,32.701761395725676
5,56,36.13470312893647
5,57,39.20694805279736
5,58,39.80008085893711
5,59,36.11172416881427
5,60,33.443182053222564
5,61,29.80706634100733
5,62,29.14147224667154
5,63,25.339643232827893
5,64,22.52842788368805
5,65,21.660097789015445
5,66,24.011067108744378
5,67,27.375788561646687
5,68,30.70430618515545
5,69,33.5242460888451
5,70,37.253678100066224
5,71,38.86495621570619
5,72,40.7241216086872
5,73,44.432093653998265
5,74,46.405834002996166
5,75,49.66930694637258
5,76,48.544313929307826
5,77,48.30455927306147
5,78,51.43267983000317
5,79,49.98957019871733
5,80,50.06290676174645
5,81,47.455934135165116
5,82,46.65098497103624
5,83,43.99737749666716
5,84,43.46760226809045
5,85,40.08310541386083
5,86,37.718719624533364
5,87,34.66745723039193
5,88,32.53067119143167
5,89,34.71070634443115
5,90,36.83888328874573
5,91,40.59638989696104
5,92,41.80152851723351
5,93,44.7483427547397
6,1,15.683189089790744
6,2,12.776761645484047
6,3,9.88587899759335
6,4,6.493067842454826
6,5,3.7960307211893887
6,7,3.7730933977506504
6,8,6.029323589573477
6,9,4.7594675071742465
6,10,5.47610570723426
6,11,7.458816335868985
6,12,10.988948714980685
6,13,12.665806296034537
6,14,11.868479322108454
6,15,13.71696614379921
6,16,17.36024264482135
6,17,18.025742557528933
6,18,14.842414649650033
6,19,11.536524070337094
6,20,11.197462843423626
6,21,8.547670843714192
6,22,9.526465983550782
6,23,9.066890078164397
6,24,8.734724557881378
6,25,12.435186777961547
6,26,14.43919204024189
6,27,13.065285438941755
6,28,14.430811437490947
6,29,13.793485749893405
6,30,15.812576836225617
6,31,16.784292666417354
6,32,17.104987703411748
6,33,14.442189026580703
6,34,12.528284695453255
6,35,11.990101408437315
6,36,12.084370034302548
6,37,11.46007374094595
6,38,14.54560352111453
6,39,15.414501397622216
6,40,17.749622808736575
6,41,21.23245288568483
6,42,23.998278054566722
6,43,26.795315874825413
6,44,29.377243917680868
6,45,26.897705318206167
6,46,25.441305084387647
6,47,22.563672125594604
6,48,23.781678445305413
6,49,22.661186335176982
6,50,24.074966194180167
6,51,22.217795141432358
6,52,23.572937183033567
6,53,27.316151736209218
6,54,29.88284364065079
6,55,31.661077668457004
6,56,35.06330121520973
6,57,38.21552611794397
6,58,39.15912470774015
6,59,35.58431819155599
6,60,32.97651235310287
6,61,29.4625326017763
6,62,29.00580657232202
6,63,25.279983774059342
6,64,22.099955355916965
6,65,21.46864447175154
6,66,23.961459753784382
6,67,27.074898611191188
6,68,30.314810381893764
6,69,33.41439973426616
6,70,37.09526817119105
6,71,38.755011625874204
6,72,40.91642881046824
6,73,44.56794490569515
6,74,46.664598629996334
6,75,49.89611952309166
6,76,48.94593869281332
6,77,48.927375826236435
6,78,51.93536751831092
6,79,50.408231746244525
6,80,50.23896883630338
6,81,47.435842808108056
6,82,46.64623837217085
6,83,43.771928857158805
6,84,43.02178963359197
6,85,39.62899112730185
6,86,36.990218290372205
6,87,33.8280268917683
6,88,31.89005762256167
6,89,34.40629450547939
6,90,36.76118373935115
6,91,40.516424472628465
6,92,41.94702402980496
6,93,45.058125289608064
7,1,18.637399118217463
7,2,16.05293007948531
7,3,12.81816112972854
7,4,9.785269472263467
7,5,7.103067778373974
7,6,3.7730933977506504
7,8,3.790190080450979
7,9,5.325617832455312
7,10,7.470723140816983
7,11,10.48898749016394
7,12,13.646330178825439
7,13,15.893238542913872
7,14,15.49966815460569
7,15,17.36171032104172
7,16,21.053213372334124
7,17,21.40487546250993
7,18,18.113404591114733
7,19,14.913172485459448
7,20,14.04049994282509
7,21,10.867057913744945
7,22,10.862503416153737
7,23,9.031712314641272
7,24,8.133488384422437
7,25,11.547372944185712
7,26,12.70138430491707
7,27,11.472560893585495
7,28,13.523554901342298
7,29,13.517814134339803
7,30,15.389666554548453
7,31,16.86639072180691
7,32,17.989535762693276
7,33,15.934917746645231
7,34,13.323383580113287
7,35,12.419891808394585
7,36,11.384882489120397
7,37,10.111929520132104
7,38,12.538224248336096
7,39,12.974171189291528
7,40,15.699434451464416
7,41,18.936756887507837
7,42,21.90269942749499
7,43,24.934439685792103
7,44,27.218632477842696
7,45,24.471424523434028
7,46,22.95560023232763
7,47,19.857357548785153
7,48,20.770011514791907
7,49,19.39608748938054
7,50,20.616886627406274
7,51,18.937673358596438
7,52,20.61110413821207
7,53,24.35915551674489
7,54,27.142327055766685
7,55,29.126875932153983
7,56,32.4173500170077
7,57,35.678083034505065
7,58,36.87815111749827
7,59,33.40538414428633
7,60,30.982479220400112
7,61,27.64282699372955
7,62,27.56046647489795
7,63,23.938971898933232
7,64,20.526201117209638
7,65,19.83964598419232
7,66,22.226413388438104
7,67,25.027706512993735
7,68,28.226277529619125
7,69,31.50784370853174
7,70,35.143133132180274
7,71,36.951799389699524
7,72,39.360348412668905
7,73,42.916811037158055
7,74,45.19734520052584
7,75,48.32353489721173
7,76,47.442498711959786
7,77,47.68786025433447
7,78,50.62292476804104
7,79,49.134090822772755
7,80,48.83191736737356
7,81,45.91597077031545
7,82,45.28787499897713
7,83,42.265145339891085
7,84,41.2310592420863
7,85,37.78218010571463
7,86,34.97154530057135
7,87,31.659944033363086
7,88,30.036859763340033
7,89,32.805783388639114
7,90,35.2092034106453
7,91,38.952150182072266
7,92,40.66783602906295
7,93,43.83889313383959
8,1,20.025227590712912
8,2,17.316552579915875
8,3,13.881873359716977
8,4,11.432778054377309
8,5,8.083143323306219
8,6,6.029323589573477
8,7,3.790190080450979
8,9,3.821955948413394
8,10,6.806688024010226
8,11,10.368341917596805
8,12,12.693266691912402
8,13,15.594153011584899
8,14,16.08556019114462
8,15,18.18443424924803
8,16,21.878807862201633
8,17,21.566718093315252
8,18,18.434606906601164
8,19,15.219756826692441
8,20,13.411943335149827
8,21,9.77582131421043
8,22,8.677612661169377
8,23,5.947344502540511
8,24,5.481906618945176
8,25,8.785383631829356
8,26,9.467176768483546
8,27,7.759518568496741
8,28,9.80535189066824
8,29,10.159745266365833
8,30,12.279130732488113
8,31,14.33035128226592
8,32,15.898394027046336
8,33,14.17352951559728
8,34,10.989666554444602
8,35,10.627465115994974
8,36,8.844358149457177
8,37,6.730904079821087
8,38,8.993835815087477
8,39,9.456629607574477
8,40,12.077671337269193
8,41,15.468330434538553
8,42,18.484410768292662
8,43,21.36120210779904
8,44,23.68153484402153
8,45,21.016485014782994
8,46,19.495615954976497
8,47,16.572238218042514
8,48,17.880727846587526
8,49,17.02398674993896
8,50,18.38229996026304
8,51,16.318363994311635
8,52,17.578834523496965
8,53,21.304155487675136
8,54,23.914934239910078
8,55,25.709982069273973
8,56,29.073939302300207
8,57,32.26948897669708
8,58,33.32184781018832
8,59,29.800585489247123
8,60,27.314230232447915
8,61,23.923857700513413
8,62,23.821826616805648
8,63,20.18012143582278
8,64,16.810490241894755
8,65,16.068990568658375
8,66,18.53275929273299
8,67,21.42250359203386
8,68,24.596501935704556
8,69,27.841413415644737
8,70,31.478267812087015
8,71,33.22973292358599
8,72,35.59739394909987
8,73,39.17117877666938
8,74,41.42273655810285
8,75,44.56532812354287
8,76,43.697293449169564
8,77,43.9140410253658
8,78,46.84075079245215
8,79,45.34779278936053
8,80,45.07070677331854
8,81,42.185540155505926
8,82,41.5905906429191
8,83,38.61198631225128
8,84,37.601079013526295
8,85,34.13369577484017
8,86,31.410313779007243
8,87,28.119816490158463
8,88,26.43572176824093
8,89,29.12240393795995
8,90,31.464853618724238
8,91,35.2171083579646
8,92,36.92511248588612
8,93,40.07013131349482
9,1,17.156443243360624
9,2,14.170699431836837
9,3,10.921653447902479
9,4,8.691616696759567
9,5,5.037387948285924
9,6,4.7594675071742465
9,7,5.325617832455312
9,8,3.821955948413394
9,10,3.8035097867762113
9,11,6.879037385899792
9,12,9.14853568124093
9,13,11.879293061767102
9,14,12.470763848727001
9,15,14.582346819686904
9,16,18.24137397904991
9,17,17.822920079052757
9,18,14.81497137357412
9,19,11.520091562347629
9,20,9.632376626898733
9,21,6.02264548062355
9,22,5.599445042486856
9,23,4.499546275720326
9,24,5.522458004252742
9,25,9.306663046999047
9,26,10.99759506158654
9,27,8.92346043487721
9,28,9.759142286960172
9,29,9.095786206076198
9,30,11.44369520974856
9,31,12.948683084937937
9,32,13.682657134418992
9,33,11.298098456039089
9,34,8.618685442200025
9,35,8.86116271385203
9,36,8.399270856703362
9,37,7.2588727871956555
9,38,10.497061399683943
9,39,11.693893607625075
9,40,13.749611271522966
9,41,17.42126752726006
9,42,20.19737601549264
9,43,22.695017453352254
9,44,25.33124542799591
9,45,23.00326373909486
9,46,21.50041004416884
9,47,18.894960247620272
9,48,20.5507797574896
9,49,20.029433455125194
9,50,21.67880078070182
9,51,19.4656291403933
9,52,20.317214477571746
9,53,23.95935959774236
9,54,26.283956612148124
9,55,27.74429799322829
9,56,31.205442440870677
9,57,34.26227813179748
9,58,34.96052683761268
9,59,31.316456521832173
9,60,28.644998212479873
9,61,25.0569147786602
9,62,24.534924933672325
9,63,20.761803905619242
9,64,17.750706841996205
9,65,16.974048603024798
9,66,19.492410929442723
9,67,22.76524172943575
9,68,25.99670853615413
9,69,28.9722492026947
9,70,32.6618637426835
9,71,34.25881635958378
9,72,36.30551923758
9,73,39.98323801763241
9,74,42.03332667363704
9,75,45.27993187110211
9,76,44.297840533365125
9,77,44.21408474329104
9,78,47.24323424141922
9,79,45.742234302737074
9,80,45.65876523671611
9,81,42.93546808609534
9,82,42.19887848917485
9,83,39.42327440812092
9,84,38.733692358562905
9,85,35.3196237084362
9,86,32.84959130139841
9,87,29.73940137874395
9,88,27.70401921670859
9,89,30.039959691470976
9,90,32.25823522290252
9,91,36.02351425481656
9,92,37.40793175719089
9,93,40.44842788787529
10,1,17.25219095810507
10,2,13.775709581214874
10,3,11.268564261528965
10,4,8.721480634159988
10,5,5.076962289607369
10,6,5.47610570723426
10,7,7.470723140816983
10,8,6.806688024010226
10,9,3.8035097867762113
10,11,3.801124405363072
10,12,6.380908420113525
10,13,9.186535949590581
10,14,9.999005468944498
10,15,12.842642346624405
10,16,16.217811422231563
10,17,16.43897611287344
10,18,13.94236555646468
10,19,10.25848791680547
10,20,8.630238187913461
10,21,5.453167235747834
10,22,5.033320988870829
10,23,5.523713501889719
10,24,5.580190815764743
10,25,8.943923181119043
10,26,11.755770448225057
10,27,10.530558493755391
10,28,11.27881826239968
10,29,10.871180397921234
10,30,13.78361522731332
10,31,15.246967844664917
10,32,15.322864682649946
10,33,12.299537696735447
10,34,10.258914795374082
10,35,11.450785551243778
10,36,11.610796639951973
10,37,10.363893834547099
10,38,13.380350617033425
10,39,14.095075757776234
10,40,15.393129175874703
10,41,18.98751876355608
10,42,21.24966003597877
10,43,23.664612280995673
10,44,26.66361511972806
10,45,24.73925566176525
10,46,23.698641618710937
10,47,21.450179857487978
10,48,23.478873564404438
10,49,23.23244163714068
10,50,24.587867988801225
10,51,22.050832289753313
10,52,22.523919141529817
10,53,26.17355342627478
10,54,28.17338423199718
10,55,29.6825463875282
10,56,33.28583993204005
10,57,36.12169221505807
10,58,36.73642680625845
10,59,33.11942434502561
10,60,30.166088580732872
10,61,26.489303398432668
10,62,25.447689808639055
10,63,21.736613448920323
10,64,18.86081090645648
10,65,18.697970872689833
10,66,21.58943403056404
10,67,25.003298338428593
10,68,28.003799716104307
10,69,30.91528483648328
10,70,34.51173438472255
10,71,35.76239451491387
10,72,37.67922985980894
10,73,41.418210052460374
10,74,43.19152175473315
10,75,46.59014115235724
10,76,45.774178472834635
10,77,45.43204955531306
10,78,48.37466649954323
10,79,46.65583908107083
10,80,46.48537902847022
10,81,43.7505754991488
10,82,42.697382840169965
10,83,39.96687369785506
10,84,39.58726734884199
10,85,36.34611223567558
10,86,33.91385423143195
10,87,31.053485626719084
10,88,28.660319666198298
10,89,30.8621037384717
10,90,33.2597094358694
10,91,36.964385734365194
10,92,38.031302438516846
10,93,41.139437396544594
11,1,15.134483452860133
11,2,11.409197509217472
11,3,9.759019841122003
11,4,7.728097144449066
11,5,5.294193277544605
11,6,7.458816335868985
11,7,10.48898749016394
11,8,10.368341917596805
11,9,6.879037385899792
11,10,3.801124405363072
11,12,3.809378017726919
11,13,5.5740281772550455
11,14,6.292072417191288
11,15,9.417108765531847
11,16,12.580100527815752
11,17,13.083806789276933
11,18,10.988348563830192
11,19,7.220037229511184
11,20,6.2131147157371425
11,21,4.6489165314244145
11,22,5.998991982108097
11,23,8.348394711622408
11,24,9.073454002026994
11,25,11.984154140251414
11,26,15.059304606536134
11,27,13.742994428790704
11,28,13.76437830866621
11,29,12.67459853142893
11,30,15.347399740811369
11,31,16.124832486972803
11,32,15.285392078328572
11,33,11.747019242771866
11,34,10.871536659452582
11,35,12.370309373493587
11,36,13.583510848875791
11,37,13.115605825460193
11,38,16.401741390012738
11,39,17.487562828640236
11,40,18.554460845945204
11,41,22.182165563241973
11,42,24.257343344418995
11,43,26.378306264426858
11,44,29.524924587102706
11,45,27.832813627359133
11,46,26.792375750570365
11,47,24.714181041176555
11,48,26.83933156688238
11,49,26.683729322243536
11,50,28.217896329597547
11,51,25.682488968475898
11,52,26.01667328353732
11,53,29.59465543142383
11,54,31.439454978393776
11,55,32.733020063038474
11,56,36.35687147480426
11,57,39.08919923075978
11,58,39.459770047528295
11,59,35.79299667892406
11,60,32.75616083409197
11,61,29.006787362952263
11,62,27.683706578567747
11,63,23.98784461984423
11,64,21.46921716114256
11,65,21.274178785447866
11,66,24.075464268146444
11,67,27.653204450656172
11,68,30.657005792037477
11,69,33.33382004191193
11,70,36.92537443098784
11,71,38.05446920512081
11,72,39.69709765047221
11,73,43.47761205247687
11,74,45.06928191115379
11,75,48.523685225699715
11,76,47.61732873783554
11,77,47.024537891200936
11,78,50.029708255702545
11,79,48.315668854461975
11,80,48.306625459542644
11,81,45.72797909973503
11,82,44.55399933528811
11,83,42.016700395300965
11,84,41.90437205944613
11,85,38.74522735898945
11,86,36.525074068976764
11,87,33.82960494836568
11,88,31.226514499652893
11,89,33.133427833866925
11,90,35.40348433181446
11,91,39.06502736734775
11,92,39.846989875009264
11,93,42.833985446255106
12,1,16.497120185857934
12,2,12.856817198484697
12,3,11.628517843500255
12,4,10.638463370799833
12,5,8.526040481374752
12,6,10.988948714980685
12,7,13.646330178825439
12,8,12.693266691912402
12,9,9.14853568124093
12,10,6.380908420113525
12,11,3.809378017726919
12,13,3.823886301610563
12,14,6.760007885128494
12,15,9.86916308107819
12,16,12.417604154079175
12,17,12.110622566081465
12,18,10.848152491098519
12,19,7.583203515588954
12,20,5.454915260111439
12,21,4.95381975598382
12,22,5.4982359793081
12,23,8.856457122842109
12,24,10.27975098979119
12,25,12.402969046776546
12,26,15.471014460874573
12,27,14.070266709188765
12,28,13.256908338002289
12,29,11.979223033843585
12,30,14.741159146752032
12,31,15.4712795307737
12,32,14.238285160288623
12,33,10.668145145814947
12,34,10.285390208992473
12,35,12.769650274714868
12,36,14.206251045858599
12,37,13.813756484341267
12,38,16.893897352791768
12,39,18.11300533814556
12,40,18.553858414339647
12,41,22.110269898226377
12,42,23.845996836572784
12,43,25.494009559745496
12,44,28.794926362699428
12,45,27.505122812405183
12,46,26.612503768454243
12,47,24.9853255355519
12,48,27.477564260179395
12,49,27.81239098511526
12,50,29.444781022077763
12,51,26.67606200718899
12,52,26.513597522054056
12,53,29.89265218886978
12,54,31.359036148424188
12,55,32.312044468870766
12,56,35.96293351438852
12,57,38.46591603567376
12,58,38.5069962535235
12,59,34.82992334897167
12,60,31.66605267701916
12,61,27.87552720956854
12,62,26.19851390108265
12,63,22.601981178464335
12,64,20.564978162425753
12,65,20.48163926924225
12,66,23.271436027047994
12,67,26.97817700544995
12,68,29.818177494947275
12,69,32.20467860980423
12,70,35.70586841880093
12,71,36.5934424127953
12,72,37.94248772406549
12,73,41.74359764627149
12,74,43.100420936751696
12,75,46.616753291393124
12,76,45.702264447409746
12,77,44.850959870735345
12,78,47.85461977588894
12,79,46.10291782520402
12,80,46.214950350884436
12,81,43.79390917712733
12,82,42.50583424436823
12,83,40.18300586312866
12,84,40.35625414188202
12,85,37.31524787695438
12,86,35.37507773564947
12,87,32.92745767041032
12,88,30.076178035464448
12,89,31.60727019682611
12,90,33.72835875191848
12,91,37.306700649615024
12,92,37.78769272784671
12,93,40.650447400685756
13,1,14.460914051883346
13,2,10.857384809379193
13,3,10.776221847695137
13,4,10.416431555989258
13,5,9.650726841009172
13,6,12.665806296034537
13,7,15.893238542913872
13,8,15.594153011584899
13,9,11.879293061767102
13,10,9.186535949590581
13,11,5.5740281772550455
13,12,3.823886301610563
13,14,3.802492787909837
13,15,6.732540431012141
13,16,8.739389713103407
13,17,8.920185346093305
13,18,8.337482689947528
13,19,5.559225499472636
13,20,5.217066436365632
13,21,6.9829703625010575
13,22,8.924982360751724
13,23,12.404896018318258
13,24,13.837991270532383
13,25,16.12870411652365
13,26,19.25295356862389
13,27,17.774009587213435
13,28,16.828755732691448
13,29,15.110359463574182
13,30,17.39600895665087
13,31,17.418832846959475
13,32,15.466126238827382
13,33,11.71056008493923
13,34,12.439616538402607
13,35,14.535607170419379
13,36,16.687802640116523
13,37,16.91087052851337
13,38,20.229989208118944
13,39,21.70512860442801
13,40,22.306842151993425
13,41,25.894820885181893
13,42,27.651359877540877
13,43,29.220056415221013
13,44,32.52148256879191
13,45,31.247549034769765
13,46,30.248583567132624
13,47,28.55957411135354
13,48,30.92957402327017
13,49,31.109833409472724
13,50,32.8858465139661
13,51,30.253532945973074
13,52,30.221927846692587
13,53,33.60914666158106
13,54,35.119872328188855
13,55,35.996650708057466
13,56,39.619359968735395
13,57,42.1260211237879
13,58,42.060729622839325
13,59,38.35890627015386
13,60,35.223983944294744
13,61,31.429569674824556
13,62,29.704002388981777
13,63,26.137522247178396
13,64,24.25882485325932
13,65,24.032261281994607
13,66,26.64846397231807
13,67,30.390021184482396
13,68,33.295836291472256
13,69,35.545612027148245
13,70,39.056463582256555
13,71,39.94965696743511
13,72,41.12682655688627
13,73,44.9248856545599
13,74,46.20186347452811
13,75,49.710088345564216
13,76,48.68166163396687
13,77,47.69214433778317
13,78,50.75758294065157
13,79,49.068536738720354
13,80,49.32528899315744
13,81,47.03347296311935
13,82,45.71069075832161
13,83,43.52606986754338
13,84,43.829590655567536
13,85,40.82790957980209
13,86,39.00462691793226
13,87,36.610058834493216
13,88,33.72016539768877
13,89,35.105494615994004
13,90,37.106885842533224
13,91,40.64543740347305
13,92,40.97564081893552
13,93,43.71785360789539
14,1,11.83130465089075
14,2,8.149059521313589
14,3,8.829852619646088
14,4,8.344779678166343
14,5,8.81723161908704
14,6,11.868479322108454
14,7,15.49966815460569
14,8,16.08556019114462
14,9,12.470763848727001
14,10,9.999005468944498
14,11,6.292072417191288
14,12,6.760007885128494
14,13,3.802492787909837
14,15,3.812679947951294
14,16,6.364275703860317
14,17,8.08189815109126
14,18,6.99648911040897
14,19,4.2386046232170465
14,20,6.378184672175605
14,21,8.339121596427407
14,22,11.128081577898977
14,23,14.226264582854878
14,24,15.359501072479413
14,25,18.13783888460713
14,26,21.266783778765316
14,27,19.75957471219451
14,28,19.207709469624145
14,29,17.368486663838862
14,30,19.375051871025992
14,31,19.07138643022521
14,32,17.05452933003823
14,33,13.28966521008555
14,34,14.181714616391833
14,35,15.418166466094885
14,36,17.802558350813996
14,37,18.332654238751026
14,38,21.887074147775532
14,39,23.43791719694939
14,40,24.522545193796667
14,41,28.190707024550548
14,42,30.205103615927783
14,43,32.05272411349407
14,44,35.25517847044821
14,45,33.698490711899595
14,46,32.51968752930045
14,47,30.487600996649242
14,48,32.53337302363037
14,49,32.291455219692466
14,50,34.09689568735963
14,51,31.721027024421655
14,52,32.09808997685475
14,53,35.6191261596119
14,54,37.4226920115268
14,55,38.48413328146234
14,56,42.07510367856891
14,57,44.76000687606951
14,58,44.86834979228353
14,59,41.145229119006075
14,60,38.11433293093205
14,61,34.32832503692401
14,62,32.82994399563595
14,63,29.1746901925494
14,64,27.037120942362442
14,65,26.63943778417239
14,66,29.17642002088315
14,67,32.86313801944552
14,68,35.93786483147876
14,69,38.32503644254343
14,70,41.923246083392755
14,71,43.01198970961435
14,72,44.31684230135583
14,73,48.109819104524846
14,74,49.53402592750147
14,75,52.995111629234096
14,76,51.895977166439735
14,77,51.03236875771502
14,78,54.147743329550366
14,79,52.52945917286233
14,80,52.78351685371615
14,81,50.44039391524611
14,82,49.195841791674894
14,83,46.91917385196059
14,84,47.072328872751946
14,85,43.9847841820604
14,86,42.01897688794506
14,87,39.457641417540025
14,88,36.71923181063488
14,89,38.301564462491854
14,90,40.34575123057496
14,91,43.944408190590785
14,92,44.4298018946898
14,93,47.20617042445008
15,1,8.668998689435066
15,2,5.448593806669773
15,3,7.567367122208319
15,4,8.513931811020678
15,5,10.350231160523016
15,6,13.71696614379921
15,7,17.36171032104172
15,8,18.18443424924803
15,9,14.582346819686904
15,10,12.842642346624405
15,11,9.417108765531847
15,12,9.86916308107819
15,13,6.732540431012141
15,14,3.812679947951294
15,16,3.8081095098614735
15,17,5.458015598910063
15,18,4.274005583097913
15,19,3.744404558638294
15,20,7.323760488543575
15,21,10.17460428837878
15,22,13.561816153191003
15,23,16.71101066703091
15,24,18.278096791597697
15,25,21.3077908261895
15,26,24.188888342997146
15,27,22.280450357834926
15,28,21.445247701103384
15,29,19.09024430162568
15,30,20.465698488097587
15,31,19.460287138908303
15,32,16.99043296043326
15,33,13.450085164886604
15,34,15.129562992791636
15,35,15.794678917692876
15,36,18.73677490312392
15,37,19.96713784318048
15,38,23.68534703437378
15,39,25.668621271970665
15,40,27.038783102689653
15,41,30.78140306017874
15,42,33.013559286978825
15,43,34.77257373790245
15,44,37.83885947190931
15,45,36.14875163692432
15,46,34.663832653129916
15,47,32.50413908724372
15,48,34.31887690078117
15,49,33.903288223895544
15,50,35.999382796037835
15,51,33.88389797365574
15,52,34.452062452715715
15,53,37.92925847449574
15,54,39.869832345607
15,55,40.7689812555563
15,56,44.26281465224701
15,57,47.04226936441059
15,58,47.040697670506134
15,59,43.26618002730366
15,60,40.39232687033754
15,61,36.62284855156251
15,62,35.29802283854544
15,63,31.60468000906144
15,64,29.586419344732157
15,65,28.791389541116168
15,66,30.99737782399629
15,67,34.67180597956918
15,68,37.90428417036747
15,69,40.148235268436984
15,70,43.80240765718311
15,71,45.07098497406596
15,72,46.25264480799522
15,73,50.01963750058843
15,74,51.51924042815656
15,75,54.890939213182854
15,76,53.56429809286774
15,77,52.701102477382285
15,78,55.94486683021592
15,79,54.526812360049924
15,80,54.996691116606954
15,81,52.79509329632687
15,82,51.708062396246405
15,83,49.54375142455619
15,84,49.65815411983279
15,85,46.496254681487
15,86,44.64652502593624
15,87,42.01044633090612
15,88,39.380122861759666
15,89,40.86651707085454
15,90,42.68699145517965
15,91,46.298606806657176
15,92,46.810547895880454
15,93,49.43067491590354
16,1,10.400498378793893
16,2,8.176515345320926
16,3,11.04411956506055
16,4,12.199210210630989
16,5,14.09810052912593
16,6,17.36024264482135
16,7,21.053213372334124
16,8,21.878807862201633
16,9,18.24137397904991
16,10,16.217811422231563
16,11,12.580100527815752
16,12,12.417604154079175
16,13,8.739389713103407
16,14,6.364275703860317
16,15,3.8081095098614735
16,17,4.946449155190182
16,18,6.296155868666329
16,19,7.228202756659898
16,20,10.389096029944026
16,21,13.561177607300461
16,22,16.7301605031255
16,23,20.075722838704802
16,24,21.59030932793585
16,25,24.383199847314287
16,26,27.419087132266824
16,27,25.637101217215385
16,28,24.640994934095236
16,29,22.267983885433814
16,30,23.622630754343902
16,31,22.450888437410022
16,32,19.646382134855752
16,33,16.21575048280861
16,34,18.29716013931826
16,35,19.18790488663313
16,36,22.265635211510904
16,37,23.532339244969545
16,38,27.20927840778867
16,39,29.175173294100325
16,40,30.329929706816863
16,41,34.03627654259658
16,42,36.08276156834982
16,43,37.68224741073082
16,44,40.85241372956138
16,45,39.35784781175395
16,46,37.97845666570317
16,47,35.97335848326309
16,48,37.907324543078545
16,49,37.60413794059421
16,50,39.70103863217601
16,51,37.50371207890217
16,52,37.930208000845646
16,53,41.37109975531156
16,54,43.16774122436534
16,55,43.97342408250549
16,56,47.490921262431236
16,57,50.15703726830676
16,58,50.01043735070383
16,59,46.243153207017116
16,60,43.29296070701687
16,61,39.51240676925773
16,62,37.97179985786494
16,63,34.36512839149487
16,64,32.555218215055
16,65,31.879407410940743
16,66,34.09281489295944
16,67,37.81489268678868
16,68,40.963483344299874
16,69,43.059523549349805
16,70,46.65307317930601
16,71,47.768760173350586
16,72,48.758278125038125
16,73,52.52347063791986
16,74,53.83993001836854
16,75,57.24765513209883
16,76,55.914413413790996
16,77,54.84624838945117
16,78,58.07791646297079
16,79,56.6292951517535
16,80,57.178150412666746
16,81,55.09097507246819
16,82,53.87529822443996
16,83,51.85889662576545
16,84,52.19068729013145
16,85,49.13790107375079
16,86,47.42573060290361
16,87,44.945428180580905
16,88,42.16536250520813
16,89,43.4589998864834
16,90,45.225400841855
16,91,48.758486666428176
16,92,49.03407002272227
16,93,51.56311642879347
17,1,9.896271992426502
17,2,8.209738075291725
17,3,10.431553484069644
17,4,12.711571154776014
17,5,14.325419490513891
17,6,18.025742557528933
17,7,21.40487546250993
17,8,21.566718093315252
17,9,17.822920079052757
17,10,16.43897611287344
17,11,13.083806789276933
17,12,12.110622566081465
17,13,8.920185346093305
17,14,8.08189815109126
17,15,5.458015598910063
17,16,4.946449155190182
17,18,3.8001750190344974
17,19,6.511105414304892
17,20,8.608798051555203
17,21,12.349395541406066
17,22,15.541723646185782
17,23,19.092251912847136
17,24,21.383831935418407
17,25,24.137652186422354
17,26,26.76987076470696
17,27,24.477435966350782
17,28,22.82829482308719
17,29,19.964963605608858
17,30,20.751671799223388
17,31,19.07744158097831
17,32,15.866779390261907
17,33,12.802727727937647
17,34,15.603552929155189
17,35,16.594980562250136
17,36,20.017299666227576
17,37,21.78602103883435
17,38,25.39784583359368
17,39,27.81405087129544
17,40,28.91249087607717
17,41,32.61274911274608
17,42,34.73987156988148
17,43,35.9857527222121
17,44,39.001555368791884
17,45,37.560792820859
17,46,35.94002486717801
17,47,34.097762792494485
17,48,36.04180380894303
17,49,35.96424235172565
17,50,38.3867738172725
17,51,36.261297181642796
17,52,36.53168042953206
17,53,39.76534989002271
17,54,41.46627481036395
17,55,41.88627132144045
17,56,45.27938126831512
17,57,47.90455860460396
17,58,47.47826779152122
17,59,43.686282488787405
17,60,40.88904001415896
17,61,37.16112362035244
17,62,35.72955416485118
17,63,32.171455216128514
17,64,30.72079488819407
17,65,29.64964529800568
17,66,31.47513124928963
17,67,35.18334579325701
17,68,38.36370672710748
17,69,40.16057950459363
17,70,43.73186261147278
17,71,44.93317105361899
17,72,45.69211058581077
17,73,49.404062665178095
17,74,50.736399062501185
17,75,54.03879616468654
17,76,52.48421893555849
17,77,51.37546453178507
17,78,54.716924791790085
17,79,53.48739095455009
17,80,54.29672332282668
17,81,52.41928431817295
17,82,51.407628896331545
17,83,49.58947570910962
17,84,49.92504056283955
17,85,46.83341024027773
17,86,45.38506722643904
17,87,42.93234951903178
17,88,40.22624556727937
17,89,41.254890458870285
17,90,42.67589312687787
17,91,46.169454399359644
17,92,46.423719275156884
17,93,48.723188515580865
18,1,7.270536999483949
18,2,5.024264797770961
18,3,6.681618733635996
18,4,9.259931399768263
18,5,11.11339876807532
18,6,14.842414649650033
18,7,18.113404591114733
18,8,18.434606906601164
18,9,14.81497137357412
18,10,13.94236555646468
18,11,10.988348563830192
18,12,10.848152491098519
18,13,8.337482689947528
18,14,6.99648911040897
18,15,4.274005583097913
18,16,6.296155868666329
18,17,3.8001750190344974
18,19,3.7908354565888343
18,20,6.366690740946172
18,21,9.800293196671465
18,22,13.374813773291105
18,23,16.615768111741165
18,24,18.951706598300557
18,25,22.040667557470048
18,26,24.471440813850002
18,27,22.006273124814204
18,28,20.59074085437752
18,29,17.668593371077886
18,30,18.335623709779703
18,31,16.679891571827056
18,32,13.796469551548189
18,33,10.626103242746057
18,34,13.102342891109883
18,35,13.529194900743375
18,36,16.952484092212856
18,37,18.86063472322304
18,38,22.580264852707455
18,39,25.080445783353795
18,40,26.54925068365679
18,41,30.30896100790335
18,42,32.71279440969679
18,43,34.1987282044202
18,44,37.070457573613005
18,45,35.33458298519305
18,46,33.530521769147526
18,47,31.41955506189884
18,48,33.126813717840875
18,49,32.80038869887808
18,50,35.25774717655066
18,51,33.31556115355588
18,52,33.85843644377835
18,53,37.15975211709094
18,54,39.103469586734974
18,55,39.666260221584224
18,56,43.020685531138355
18,57,45.82581776610697
18,58,45.60277560681651
18,59,41.79213542780847
18,60,39.112611166241315
18,61,35.39725657962803
18,62,34.26966243924189
18,63,30.5888057460988
18,64,28.846955019964923
18,65,27.576290845932537
18,66,29.35110456350727
18,67,32.99380100467232
18,68,36.32651753688415
18,69,38.320497183588515
18,70,41.98968938645936
18,71,43.42368724681843
18,72,44.42805620872614
18,73,48.14182272602226
18,74,49.720183634174084
18,75,52.96876217160237
18,76,51.39428482785796
18,77,50.54761724917945
18,78,53.92012542190684
18,79,52.74739134632547
18,80,53.47277489447587
18,81,51.457391664564724
18,82,50.60698089595469
18,83,48.60309306367708
18,84,48.66166957345157
18,85,45.424939908106715
18,86,43.78911824452862
18,87,41.11782213761248
18,88,38.61810656082432
18,89,39.908684155317104
18,90,41.39734253704015
18,91,44.99587988257628
18,92,45.55142370087849
18,93,47.95941212400634
19,1,9.06271304858551
19,2,5.5663321922214335
19,3,5.670427502536835
19,4,6.785681489903177
19,5,7.831144137399897
19,6,11.536524070337094
19,7,14.913172485459448
19,8,15.219756826692441
19,9,11.520091562347629
19,10,10.25848791680547
19,11,7.220037229511184
19,12,7.583203515588954
19,13,5.559225499472636
19,14,4.2386046232170465
19,15,3.744404558638294
19,16,7.228202756659898
19,17,6.511105414304892
19,18,3.7908354565888343
19,20,3.8003030876645947
19,21,6.691423414451206
19,22,10.270080217671163
19,23,13.430344648050774
19,24,15.431954742387232
19,25,18.544787736185853
