1,2,3.7972548362451337
1,3,5.736506199508113
1,4,5.860039228085787
1,5,9.117990624810613
1,6,11.845793868754502
1,7,13.289484202938786
1,8,10.500999806628705
1,9,8.396147450976258
1,10,5.821750755450071
1,11,8.706564733100317
1,12,7.598665721152977
1,13,7.778777303987753
1,14,11.111845851995247
1,15,13.546246933044317
1,16,14.746762859931343
1,17,18.072066465575805
1,18,21.285658244214527
1,19,22.311586430709582
1,20,18.808242722104996
1,21,16.739880312599613
1,22,13.749480309801656
1,23,14.436049327404717
1,24,12.069203455882253
1,25,8.354476913017661
1,26,5.504823303832363
1,27,7.702327622240391
1,28,7.958528490268078
1,29,11.488150915691419
1,30,13.867610519296198
1,31,16.77631514153239
1,32,20.26203259138118
1,33,22.123473215689884
1,34,25.05599934361035
1,35,28.358120071606447
1,36,31.488111667961462
1,37,34.39245143178301
1,38,37.80219700605776
1,39,38.506495309892664
1,40,35.27671291435415
1,41,35.04447940495936
1,42,32.30188312347024
1,43,32.117764766511456
1,44,28.84577512641562
1,45,27.262482975236168
1,46,23.655882514669045
1,47,21.175893482538477
1,48,17.58052304613447
1,49,16.640360336457213
1,50,19.581844748272214
1,51,21.26769932365857
1,52,24.911286862709947
1,53,27.533547606999452
1,54,30.901615213071203
1,55,34.24598613125788
1,56,37.40597491266697
1,57,39.98434260907187
1,58,43.33532481743436
1,59,45.36793588398152
1,60,42.360324049492604
1,61,40.56870623180153
1,62,37.11121586682776
1,63,36.32066350262452
1,64,33.1977762194722
1,65,29.997895200014657
1,66,28.894841690251784
1,67,32.14411526536316
1,68,31.10004990753058
1,69,34.80309804294499
1,70,37.883316472972595
1,71,41.46731348395469
1,72,44.56037639788097
1,73,46.64313983094311
1,74,50.37240200360566
1,75,53.14365516971934
1,76,54.3505349596793
1,77,56.923062869181564
1,78,54.90328650049882
1,79,52.174302483034275
1,80,49.890331214593
1,81,50.906426458296124
1,82,49.801365858405894
1,83,52.8746925937689
1,84,51.89690088201173
1,85,52.91204627331914
1,86,56.060670868797814
1,87,58.43447623191911
1,88,58.53301204705721
1,89,61.326775634856574
1,90,64.39529302059708
1,91,63.861139146000056
1,92,60.104260079691834
1,93,58.07392754715806
1,94,54.60214321566781
1,95,54.03636975498925
1,96,50.574324823028306
1,97,49.212723589037466
1,98,47.0913688597629
1,99,47.681147650976506
1,100,50.94190489884257
1,101,54.52500466454019
1,102,55.8456806038139
1,103,59.465416592455085
1,104,61.604015693125135
1,105,62.34473039753246
1,106,65.57120569036378
1,107,67.60525612821606
1,108,70.59006004237327
1,109,68.89366674425112
1,110,68.33559938817959
1,111,71.91113509464924
1,112,71.03887326875986
1,113,72.33941449905424
1,114,70.67791825593555
1,115,70.7971878018718
1,116,68.68185086065155
1,117,68.49703701666103
1,118,65.0652769513396
1,119,63.554008948573106
1,120,60.741736373335634
1,121,58.62391154731508
1,122,59.73401235511672
1,123,60.779338674285405
1,124,64.34117019575363
1,125,65.36208188373463
1,126,67.4556338409816
1,127,70.18894940595996
1,128,72.32179500239148
2,1,3.7972548362451337
2,3,3.8250116132089094
2,4,5.4353309895553785
2,5,7.4164883537836435
2,6,10.411979953838753
2,7,12.802566431770803
2,8,10.968024658338889
2,9,9.856228553840525
2,10,8.54884647378937
2,11,11.974130972657527
2,12,10.415880261566993
2,13,9.535578317980463
2,14,12.956054767406732
2,15,14.617871150372068
2,16,15.713766274849753
2,17,19.36635364066638
2,18,22.162977355384424
2,19,22.932129056967717
2,20,19.441595818527333
2,21,16.75370539958832
2,22,13.33545558180784
2,23,13.02187674543086
2,24,9.957249077157257
2,25,6.542576905508058
2,26,4.638358358349655
2,27,8.21417433744809
2,28,10.014022073503982
2,29,13.214638063482557
2,30,14.910874928491953
2,31,17.38351136285017
2,32,20.961169974582024
2,33,22.282215199833846
2,34,24.975759418110083
2,35,28.402478128606663
2,36,31.23184548354956
2,37,34.39328488497985
2,38,37.764245668092045
2,39,38.12966920027103
2,40,34.76331136851188
2,41,34.429507517528755
2,42,31.58106636311593
2,43,30.96792331025699
2,44,27.70731818049289
2,45,26.560361925273295
2,46,23.148345496006538
2,47,20.61269797960531
2,48,17.2507918485451
2,49,15.560602601293464
2,50,18.392377435920718
2,51,20.47645596333737
2,52,24.179388382428716
2,53,26.469668483524455
2,54,29.97352162057713
2,55,33.14175368903811
2,56,36.484391265044046
2,57,39.20153824425622
2,58,42.3752032544634
2,59,44.44367367765636
2,60,41.422034223255544
2,61,39.37024964143838
2,62,35.85830251754695
2,63,35.061496417376816
2,64,31.89102860125273
2,65,28.49277383292553
2,66,27.47368814293605
2,67,30.936781978506673
2,68,30.246093732266278
2,69,34.02937274747529
2,70,37.09627411214115
2,71,40.62974276179898
2,72,43.755398283882116
2,73,45.588396600433
2,74,49.29087560026746
2,75,51.90163845274522
2,76,52.89290264662647
2,77,55.530827042678915
2,78,53.714165503113655
2,79,51.07187083624613
2,80,49.01345611562769
2,81,50.24219736167921
2,82,49.411238779232356
2,83,52.522780900951375
2,84,51.3694073516657
2,85,52.127651125685645
2,86,55.20197692012069
2,87,57.380779635989974
2,88,57.31633438094994
2,89,60.13496626433453
2,90,63.07056647877627
2,91,62.35811031026896
2,92,58.59674879801987
2,93,56.49605538058914
2,94,53.02378750828021
2,95,52.28685351599823
2,96,48.917090546500084
2,97,47.77704204066135
2,98,45.72165765552669
2,99,46.30022183643894
2,100,49.6113182821479
2,101,53.10418848122109
2,102,54.2635725809308
2,103,57.830122596468584
2,104,59.81449381652599
2,105,60.377697415248065
2,106,63.61768986370846
2,107,65.49972783803354
2,108,68.5217812078318
2,109,66.8096585917739
2,110,66.08045526579268
2,111,69.63536519276845
2,112,68.76377020806666
2,113,70.1574753901048
2,114,68.57914951698824
2,115,68.63411247293516
2,116,66.64733266714083
2,117,66.63039807304551
2,118,63.27715753698432
2,119,61.90855104654913
2,120,59.24325171505194
2,121,56.98791325703572
2,122,57.90076542410048
2,123,58.86532392084108
2,124,62.36224561200109
2,125,63.20353311002033
2,126,65.22215279110006
2,127,67.83541165370627
2,128,69.874370883824
3,1,5.736506199508113
3,2,3.8250116132089094
3,4,3.805651287740216
3,5,5.811899437441183
3,6,9.525600521049734
3,7,11.538873833945877
3,8,9.891294474668948
3,9,9.935084198969923
3,10,9.116279000405944
3,11,12.321194245143591
3,12,9.399035011514952
3,13,7.988784629694321
3,14,11.559041872966896
3,15,13.050699510042573
3,16,14.888763110887991
3,17,18.55641880144499
3,18,21.229291824102987
3,19,22.483437349112137
3,20,19.32549492508257
3,21,16.593197114995824
3,22,13.48298824852051
3,23,13.245664140617318
3,24,10.406897343011984
3,25,7.082338456740256
3,26,6.93227297486923
3,27,10.160934452697765
3,28,11.74327216193435
3,29,14.411605903385183
3,30,15.515000205909713
3,31,18.299834308289764
3,32,21.57817414563238
3,33,22.537612795488375
3,34,25.482257716060797
3,35,28.673816962359567
3,36,31.456255615869342
3,37,34.69191122335697
3,38,38.20543756972891
3,39,38.6797589905652
3,40,35.173482647090516
3,41,34.429093232005506
3,42,31.31628540947672
3,43,30.570041665002083
3,44,27.084845684977928
3,45,25.801376965706844
3,46,22.53412121412976
3,47,19.547701862518355
3,48,16.121033631121133
3,49,14.67613409094977
3,50,17.965961215978687
3,51,20.53641211937304
3,52,24.061905366655868
3,53,26.539981991283852
3,54,30.186581308175345
3,55,33.431779211339155
3,56,36.876028979105
3,57,39.36913391963403
3,58,42.4848594974852
3,59,44.822152753570705
3,60,42.015270387635326
3,61,40.06466012652928
3,62,36.695140417123405
3,63,36.27338606489282
3,64,33.32263163593805
3,65,29.830085006204317
3,66,28.396796735824967
3,67,31.832224850922703
3,68,31.4624598351863
3,69,35.26188895556438
3,70,38.08589524123408
3,71,41.70408144502848
3,72,44.639226925594116
3,73,46.33218419849642
3,74,50.06320914394424
3,75,52.53580339904392
3,76,53.593582198471545
3,77,56.40829010803373
3,78,54.70712235226427
3,79,52.24993593296588
3,80,50.240930151943324
3,81,51.66266595781402
3,82,50.901654067492224
3,83,53.86191775077235
3,84,52.49761963814794
3,85,53.152324139629144
3,86,56.33184334594385
3,87,58.44065814120077
3,88,58.51003726020817
3,89,61.47608074344392
3,90,64.3596682754362
3,91,63.70314946624115
3,92,59.91157592792793
3,93,57.61912796980589
3,94,54.05822610004192
3,95,53.09984219253935
3,96,49.69424277471899
3,97,48.478313433875805
3,98,46.6832503091772
3,99,47.54202733904287
3,100,50.97994250066609
3,101,54.43134406149115
3,102,55.70051423798769
3,103,59.295614703570735
3,104,61.130457148539506
3,105,61.72386514828421
3,106,65.06766631782224
3,107,66.83179431807653
3,108,69.97130272111298
3,109,68.41278944146518
3,110,67.56714074918746
3,111,71.04674872999664
3,112,70.00389298392467
3,113,71.30047655103532
3,114,69.61501858139098
3,115,69.46639066599165
3,116,67.44065198904455
3,117,67.55610731697813
3,118,64.26596828828046
3,119,62.81196120184176
3,120,60.20010745656434
3,121,57.78715845175679
3,122,58.733673860780875
3,123,59.87458932795761
3,124,63.375168881037524
3,125,64.1088409652205
3,126,66.24402780510594
3,127,68.78989480489518
3,128,70.89581317427066
4,1,5.860039228085787
4,2,5.4353309895553785
4,3,3.805651287740216
4,5,3.840604834293689
4,6,6.983252462399925
4,7,8.242270190232666
4,8,6.132064271051374
4,9,6.341003470159747
4,10,6.436388052651168
4,11,9.789299696813721
4,12,7.750026992696034
4,13,5.184250083529086
4,14,8.265252715025742
4,15,9.471260087272064
4,16,11.102228118016617
4,17,14.775820887465738
4,18,17.496798540563884
4,19,18.778851861904425
4,20,15.63445958198144
4,21,13.10318347994887
4,22,10.270710376694467
4,23,10.809613696829752
4,24,8.812999096329316
4,25,5.324496459946193
4,26,5.66771914729284
4,27,7.7601723763748
4,28,9.089850352661824
4,29,11.15765819600821
4,30,11.946563273762758
4,31,14.921193385932451
4,32,18.043520341148092
4,33,19.084244695846124
4,34,22.205559348035052
4,35,25.281815940221932
4,36,28.207933595009052
4,37,31.33203066274201
4,38,34.89843017334255
4,39,35.58108941976444
4,40,32.11809274302835
4,41,31.35761592677441
4,42,28.27911293911005
4,43,27.83576857887711
4,44,24.329921379861805
4,45,22.727336000337996
4,46,19.318464163689455
4,47,16.375766416288066
4,48,12.785960197798524
4,49,11.82612346566282
4,50,15.229266315547203
4,51,17.564845749879016
4,52,21.03028091077474
4,53,23.783203478542575
4,54,27.35995259895228
4,55,30.75777917408465
4,56,34.090602321815815
4,57,36.44096780404818
4,58,39.67485186064576
4,59,42.040587797569394
4,60,39.29799028093742
4,61,37.578439206722905
4,62,34.301421645332354
4,63,34.04034649772531
4,64,31.24148847395661
4,65,27.878553557988024
4,66,26.179995390297293
4,67,29.421820574356477
4,68,28.916035698487132
4,69,32.66436566715662
4,70,35.39361561949195
4,71,39.08151595811744
4,72,41.920534328396116
4,73,43.74999881063129
4,74,47.51210047120997
4,75,50.070390035262925
4,76,51.334166332389046
4,77,54.15267541753298
4,78,52.32274003281932
4,79,49.872554369598404
4,80,47.71253398193233
4,81,49.07509250291281
4,82,48.173226032197114
4,83,51.03599485986281
4,84,49.687629806706965
4,85,50.4725829664785
4,86,53.747769900254795
4,87,55.974989044137175
4,88,56.233658840532925
4,89,59.24875059600079
4,90,62.221243393375254
4,91,61.75548384171208
4,92,57.952262717554774
4,93,55.63453028808649
4,94,52.03474754066369
4,95,51.15548183999172
4,96,47.64548777607884
4,97,46.1983391224267
4,98,44.438343262192596
4,99,45.42925934354648
4,100,48.88556711367794
4,101,52.39715438307689
4,102,53.87739245360948
4,103,57.54195890949484
4,104,59.45373493694442
4,105,60.25860838999206
4,106,63.648292341819094
4,107,65.522404119452
4,108,68.68817511519241
4,109,67.24959076386854
4,110,66.5442472377109
4,111,70.0026983066879
4,112,68.85465241634499
4,113,69.98144206699487
4,114,68.14339819481229
4,115,67.98133567168362
4,116,65.79248539425407
4,117,65.77819296798465
4,118,62.4321494074858
4,119,60.80092851449279
4,120,58.07100970563378
4,121,55.72731469088334
4,122,56.882969346894946
4,123,58.18167396633737
4,124,61.755554449835216
4,125,62.64820676583483
4,126,64.92722277338787
4,127,67.59359199439398
4,128,69.85764406394959
5,1,9.117990624810613
5,2,7.4164883537836435
5,3,5.811899437441183
5,4,3.840604834293689
5,6,3.8021691122520744
5,7,6.2198186195387635
5,8,6.130434095625994
5,9,7.825345201034358
5,10,9.39721880128034
5,11,12.833302488758797
5,12,11.283924334976728
5,13,8.072715609427716
5,14,10.13236736137974
5,15,9.865092068506137
5,16,10.908162281934779
5,17,14.70842445601308
5,18,16.719206029121953
5,19,17.614153716467868
5,20,14.652887817158714
5,21,11.51205313936875
5,22,8.500263773226086
5,23,8.050534237850682
5,24,6.010683453877355
5,25,3.8105849900416433
5,26,6.60675610184453
5,27,8.535243095183665
5,28,10.920876817143576
5,29,12.181220067402428
5,30,11.903695115843538
5,31,14.22552758687242
5,32,17.180526577445523
5,33,17.497977398170974
5,34,20.370728405997856
5,35,23.445989745706076
5,36,26.039697774584173
5,37,29.385444181009827
5,38,32.918799858131976
5,39,33.331936535495615
5,40,29.740782955449678
5,41,28.801700522448822
5,42,25.604496727612503
5,43,24.800857056455694
5,44,21.284208484941615
5,45,20.048548009168627
5,46,16.876281950818463
5,47,13.899390653741882
5,48,10.682713582958824
5,49,8.89751625973237
5,50,12.241292390090805
5,51,15.027951687767615
5,52,18.439785924925953
5,53,20.939300630452014
5,54,24.632150411451146
5,55,27.900808434993348
5,56,31.377371988545686
5,57,33.76192698119503
5,58,36.83874512810067
5,59,39.28926245095695
5,60,36.610144103099486
5,61,34.75731522439373
5,62,31.51721779266305
5,63,31.4219724527394
5,64,28.73523376420064
5,65,25.247878405507755
5,66,23.3971947567954
5,67,26.726509468686935
5,68,26.613207659418286
5,69,30.386088124307573
5,70,32.97832613307502
5,71,36.64118806784915
5,72,39.414617113485626
5,73,41.015568313988446
5,74,44.75792163289995
5,75,47.16204767849768
5,76,48.318712897635756
5,77,51.23161474012961
5,78,49.568618165916156
5,79,47.25412613674241
5,80,45.267771785415185
5,81,46.85434654366887
5,82,46.186553667591134
5,83,48.99973060385243
5,84,47.44113944645285
5,85,47.99955453144339
5,86,51.254134546157104
5,87,53.32116201423752
5,88,53.534950639099804
5,89,56.621931093702074
5,90,59.489621931157195
5,91,58.95801861013518
5,92,55.14670832129053
5,93,52.71188057295577
5,94,49.082035030100286
5,95,48.031441451891105
5,96,44.56008808768167
5,97,43.20712375268513
5,98,41.58934324734435
5,99,42.6935118825118
5,100,46.22494657870112
5,101,49.656551555798565
5,102,51.10737144055093
5,103,54.75254376078249
5,104,56.51720344087212
5,105,57.26883392652151
5,106,60.712108270462934
5,107,62.471290623794864
5,108,65.70675643785987
5,109,64.35666876557467
5,110,63.542668699683944
5,111,66.94652279680321
5,112,65.70553827938896
5,113,66.80553500683158
5,114,64.94529743330172
5,115,64.67572518975543
5,116,62.51873050022482
5,117,62.62327716062876
5,118,59.34139888760238
5,119,57.74466240404249
5,120,55.1148072417824
5,121,52.64454887714868
5,122,53.718302358947795
5,123,55.05381867319773
5,124,58.598317981945954
5,125,59.38072857665659
5,126,61.686250858646055
5,127,64.28781556309796
5,128,66.56159681692434
6,1,11.845793868754502
6,2,10.411979953838753
6,3,9.525600521049734
6,4,6.983252462399925
6,5,3.8021691122520744
6,7,3.8005879881825626
6,8,5.699135162255592
6,9,7.9956430681073485
6,10,10.78588143034401
6,11,14.018487559072781
6,12,13.601919189201022
6,13,10.046773500680633
6,14,10.864332494602928
6,15,9.38280321637812
6,16,9.234836099535281
6,17,12.888696956583612
6,18,14.278691474348117
6,19,14.626259868545768
6,20,11.774654234119453
6,21,8.289660906758373
6,22,5.365088980431417
6,23,4.66667591527491
6,24,4.268904011394627
6,25,4.489413615816327
6,26,7.9912949811787035
6,27,8.506571280341733
6,28,11.151109869952089
6,29,11.283770064063338
6,30,9.94569291378347
6,31,11.582203490045723
6,32,14.24738731297912
6,33,14.08631881177959
6,34,16.808495325109842
6,35,19.85560238179138
6,36,22.321327447897346
6,37,25.72936084819407
6,38,29.241229471354494
6,39,29.591552765087446
6,40,25.974731384777098
6,41,25.011464699189947
6,42,21.83066624121037
6,43,21.059453269177613
6,44,17.586116269635507
6,45,16.407998315764456
6,46,13.237591388972435
6,47,10.491783999079685
6,48,7.588150714832232
6,49,5.242815047112797
6,50,8.454897328927041
6,51,11.259005118232475
6,52,14.652574059072743
6,53,17.148238741721244
6,54,20.839958316314146
6,55,24.131661296973952
6,56,27.597462191294873
6,57,29.960038083804037
6,58,33.04516420074778
6,59,35.503799126638874
6,60,32.85708017712493
6,61,31.070994767129186
6,62,27.894157154468143
6,63,27.958395404475002
6,64,25.435399659236648
6,65,22.008254654321462
6,66,19.910951574270047
6,67,23.136477596380335
6,68,23.11655651815861
6,69,26.855774205213116
6,70,29.33042104245422
6,71,33.01237169280259
6,72,35.712857306759624
6,73,37.303765110061384
6,74,41.05295661826952
6,75,43.45996436151276
6,76,44.691826496177825
6,77,47.6246532239561
6,78,45.94055710408964
6,79,43.675013197474875
6,80,41.674180005989065
6,81,43.31895178441352
6,82,42.68477040809858
6,83,45.42481153723156
6,84,43.7875482612863
6,85,44.31985062742939
6,86,47.609447866990784
6,87,49.68008213895907
6,88,49.97797789106554
6,89,53.11348143541745
6,90,55.99401535603036
6,91,55.55396965974658
6,92,51.73734570643548
6,93,49.25490616652411
6,94,45.597837253424885
6,95,44.5551332422763
6,96,41.03485577173925
6,97,39.577501760649376
6,98,38.015389872888925
6,99,39.23227993963343
6,100,42.795695736376196
6,101,46.23031706687732
6,102,47.80120171846732
6,103,51.47846192869615
6,104,53.243590186548836
6,105,54.11905913003234
6,106,57.60354719639632
6,107,59.40256728750551
6,108,62.6704564651708
6,109,61.43347241125488
6,110,60.689138733126725
6,111,64.05624357483923
6,112,62.718969469486545
6,113,63.693644142373635
6,114,61.72930935953122
6,115,61.43354640068956
6,116,59.18075838481917
6,117,59.225769569863104
6,118,55.92615071894124
6,119,54.235322011185254
6,120,51.56429799902392
6,121,49.1066510848544
6,122,50.283726983857804
6,123,51.721941629971376
6,124,55.30237291307145
6,125,56.16631439077799
6,126,58.569824982022105
6,127,61.23941035484966
6,128,63.62309959560487
7,1,13.289484202938786
7,2,12.802566431770803
7,3,11.538873833945877
7,4,8.242270190232666
7,5,6.2198186195387635
7,6,3.8005879881825626
7,8,3.8171098754839536
7,9,7.166110504512916
7,10,10.580615799106349
7,11,13.035822007005406
7,12,12.960844532081007
7,13,9.208537665260991
7,14,8.685043774610042
7,15,6.209291674823189
7,16,5.904494880466974
7,17,9.390679873124226
7,18,10.72747688728307
7,19,11.619053185328706
7,20,9.123820053000552
7,21,6.212812016837385
7,22,4.956190607921686
7,23,6.445120595860384
7,24,7.706712939440139
7,25,7.518273173375206
7,26,10.2380989460117
7,27,9.715854539482299
7,28,11.265095022519663
7,29,10.429405170546806
7,30,8.383219082150017
7,31,10.425252802812471
7,32,12.427585196429689
7,33,12.263890049543669
7,34,15.47257888646737
7,35,18.098403804643212
7,36,20.812668274302922
7,37,24.01045141156256
7,38,27.672845881558903
7,39,28.452202384416683
7,40,24.88493639988011
7,41,23.684954185441963
7,42,20.430966683317124
7,43,20.12521892045624
7,44,16.513393194297276
7,45,14.600530714076895
7,46,11.269753286103757
7,47,8.146643000512533
7,48,4.58371719148245
7,49,4.38790017777967
7,50,8.04917763712108
7,51,10.510035102395298
7,52,13.492706463183522
7,53,16.579381714341704
7,54,20.133010508738405
7,55,23.6575386444495
7,56,26.93801732386844
7,57,28.929965535919454
7,58,32.14990848108266
7,59,34.763258785293765
7,60,32.331974443833694
7,61,30.953726985400195
7,62,28.01707859744004
7,63,28.428701804059024
7,64,26.226632032665975
7,65,23.055424638162176
7,66,20.54071344135617
7,67,23.36234532489862
7,68,23.2331677474623
7,69,26.815051478446808
7,70,29.031791647728795
7,71,32.79893917871706
7,72,35.26568853189423
7,73,36.99498851811856
7,74,40.76730230597141
7,75,43.22358231479836
7,76,44.746103075623765
7,77,47.72558714286034
7,78,45.92214872118065
7,79,43.73739357234949
7,80,41.55600715761453
7,81,43.1460712167691
7,82,42.31626467924053
7,83,44.86288658131529
7,84,43.21343769917653
7,85,43.909306269553255
7,86,47.34606266972537
7,87,49.54861582040032
7,88,50.133471496323835
7,89,53.350841539913596
7,90,56.31411146173086
7,91,56.122522990903214
7,92,52.308622165138246
7,93,49.76032676985124
7,94,46.057917314936525
7,95,45.046502405964155
7,96,41.41876107049383
7,97,39.64969207199436
7,98,38.242860382051106
7,99,39.70252230037603
7,100,43.285361986400986
7,101,46.754873340845556
7,102,48.5939600439726
7,103,52.329973217781856
7,104,54.1328559121882
7,105,55.24220534364166
7,106,58.77815047631786
7,107,60.6509580176777
7,108,63.956698692056925
7,109,62.88363040721365
7,110,62.25558869276456
7,111,65.56408514482601
7,112,64.084868584814
7,113,64.8541128882296
7,114,62.70815445794306
7,115,62.33211827469918
7,116,59.90149225021747
7,117,59.84678408700693
7,118,56.52309536624526
7,119,54.605969978421264
7,120,51.82519597735621
7,121,49.41574374204605
7,122,50.846504543999544
7,123,52.51439902712697
7,124,56.15269603888514
7,125,57.14810925950949
7,126,59.72524813218899
7,127,62.4795896861821
7,128,65.02765654325279
8,1,10.500999806628705
8,2,10.968024658338889
8,3,9.891294474668948
8,4,6.132064271051374
8,5,6.130434095625994
8,6,5.699135162255592
8,7,3.8171098754839536
8,9,3.796434518331193
8,10,6.994336760462371
8,11,9.269916412680537
8,12,9.342441257325534
8,13,5.739956079700251
8,14,5.337214970414186
8,15,4.310540507326797
8,16,5.033429097202355
8,17,8.795954202124307
8,18,11.370509762573572
8,19,12.771493014078732
8,20,9.867826971349494
8,21,7.842413143219113
8,22,6.362046258899501
8,23,8.674545906434028
8,24,9.063043368821198
8,25,7.233853770729017
8,26,8.62394015192393
8,27,7.9148376153622735
8,28,8.479315310490167
8,29,8.18673859020731
8,30,7.358998411601283
8,31,10.507197355282068
8,32,12.923081530769569
8,33,13.821732622142854
8,34,17.282218556183576
8,35,19.97792125367578
8,36,23.073891627746747
8,37,26.005488087594642
8,38,29.673597393843842
8,39,30.71674319355927
8,40,27.315936606372937
8,41,26.392904633440416
8,42,23.336417770121237
8,43,23.400912535598295
8,44,19.886473470073398
8,45,17.688624927353
8,46,14.145218190813651
8,47,11.2778774231003
8,48,7.4988301545912845
8,49,8.015208218426613
8,50,11.399759452493168
8,51,13.236513838666077
8,52,16.336126818064763
8,53,19.575998869867636
8,54,22.970037817691697
8,55,26.582796642188693
8,56,29.700372077241557
8,57,31.70509593627366
8,58,35.07782027512804
8,59,37.55212794174861
8,60,35.01784864789692
8,61,33.7359175856434
8,62,30.72223884210854
8,63,30.875895561709044
8,64,28.48725145599934
8,65,25.412503779675067
8,66,23.16570123213243
8,67,25.954594579077884
8,68,25.366396502084868
8,69,28.942059355665478
8,70,31.36199040148477
8,71,35.138877684103456
8,72,37.71427957062406
8,73,39.68899365203649
8,74,43.47304011432156
8,75,46.09719997724778
8,76,47.69852598422464
8,77,50.55848397949791
8,78,48.58186034715561
8,79,46.23232386473541
8,80,43.87725200284601
8,81,45.21564564032049
8,82,44.14173564076258
8,83,46.76867034045994
8,84,45.36450350322911
8,85,46.300429169654564
8,86,49.73770382157968
8,87,52.10454005285649
8,88,52.70282905274802
8,89,55.82677186978349
8,90,58.89679634804871
8,91,58.74923825053893
8,92,54.94503906825432
8,93,52.53847227976711
8,94,48.87885068904711
8,95,48.05962934172637
8,96,44.40782318298951
8,97,42.58028918502272
8,98,40.986727489230326
8,99,42.278410520373654
8,100,45.77112106080273
8,101,49.32565654905861
8,102,51.1630600809524
8,103,54.913755550893306
8,104,56.876474039678364
8,105,58.01683131389852
8,106,61.488371045457974
8,107,63.48058660000658
8,108,66.7063668298535
8,109,65.51802763196808
8,110,64.99638867509924
8,111,68.37317094221062
8,112,67.01099850833211
8,113,67.83315428200636
8,114,65.73284536643509
8,115,65.48700185278194
8,116,63.04338995229528
8,117,62.86726976746242
8,118,59.475829449199296
8,119,57.5500919863777
8,120,54.67234027004663
8,121,52.40302453797085
8,122,53.89081965384454
8,123,55.48534343524409
8,124,59.14823095270047
8,125,60.25061621954761
8,126,62.77660623909507
8,127,65.59362286608639
8,128,68.11272718706334
9,1,8.396147450976258
9,2,9.856228553840525
9,3,9.935084198969923
9,4,6.341003470159747
9,5,7.825345201034358
9,6,7.9956430681073485
9,7,7.166110504512916
9,8,3.796434518331193
9,10,3.7995450521567924
9,11,6.275734096695338
9,12,7.924310495672918
9,13,5.440008702741546
9,14,5.5903984584000455
9,15,6.51464828386514
9,16,6.526777471153865
9,17,9.800054966667402
9,18,12.968897573054027
9,19,14.021966395179389
9,20,10.65170464409521
9,21,9.19882950615455
9,22,7.400628562233798
9,23,9.984357729726524
9,24,9.96957541787684
9,25,7.437518528047929
9,26,7.044009619357019
9,27,5.449577296397034
9,28,4.837064067027737
9,29,5.281753873944911
9,30,6.245237147983232
9,31,9.781627601707932
9,32,12.70769848974101
9,33,14.545795445867638
9,34,17.898041271900038
9,35,20.81481969732205
9,36,24.150536285939264
9,37,26.864988870348203
9,38,30.41937564285988
9,39,31.536863510984688
9,40,28.340065339179922
9,41,27.8870970510686
9,42,25.152802975910614
9,43,25.514368885491606
9,44,22.234827969120612
9,45,20.03735545919854
9,46,16.312066804060407
9,47,14.022611104042152
9,48,10.399511903461716
9,49,10.76193692162466
9,50,13.612434923028227
9,51,14.744705395665267
9,52,18.028616260027963
9,53,21.189924883405734
9,54,24.38179361903
9,55,27.988419604102358
9,56,30.934188258176555
9,57,33.104946481896505
9,58,36.60746016068666
9,59,38.80858549091246
9,60,36.06527927369983
9,61,34.78141723184658
9,62,31.632224711419994
9,63,31.396828464929186
9,64,28.774063792821494
9,65,25.841995142954126
9,66,23.99604036685152
9,67,26.760923113318096
9,68,25.672041016298106
9,69,29.225357854322468
9,70,31.925198607533922
9,71,35.654396006152666
9,72,38.419553746927384
9,73,40.64342785858812
9,74,44.416947201136374
9,75,47.23913314429112
9,76,48.853396203501674
9,77,51.52504966563059
9,78,49.36013541768727
9,79,46.78914604649205
9,80,44.28605357609958
9,81,45.340115131301275
9,82,44.061140834812335
9,83,46.83364241038204
9,84,45.7211023204559
9,85,46.87888637113858
9,86,50.25188948166798
9,87,52.77168357616631
9,88,53.30175439985702
9,89,56.276747204939205
9,90,59.45154087307785
9,91,59.30832986963523
9,92,55.52877038377913
9,93,53.32950515966033
9,94,49.75046967330203
9,95,49.19587127437317
9,96,45.54650869261888
9,97,43.72035591305175
9,98,41.84481190300073
9,99,42.86228445807014
9,100,46.2195288897527
9,101,49.85653702498922
9,102,51.63988025412756
9,103,55.38622563400317
9,104,57.5461917815028
9,105,58.70336785455157
9,106,62.07344370173377
9,107,64.22018711407424
9,108,67.32516679017283
9,109,65.98247730494904
9,110,65.61016784670808
9,111,69.07123402063992
9,112,67.87820598490192
9,113,68.7796730514144
9,114,66.7637735408851
9,115,66.72509727068197
9,116,64.2880912752711
9,117,63.94528276684302
9,118,60.46879002701885
9,119,58.581693941388245
9,120,55.603254630100096
9,121,53.52540908361192
9,122,55.0386503523393
9,123,56.4863916497793
9,124,60.16650552572051
9,125,61.41305527126588
9,126,63.84449818623367
9,127,66.75005989959351
9,128,69.22094280028467
10,1,5.821750755450071
10,2,8.54884647378937
10,3,9.116279000405944
10,4,6.436388052651168
10,5,9.39721880128034
10,6,10.78588143034401
10,7,10.580615799106349
10,8,6.994336760462371
10,9,3.7995450521567924
10,11,3.805719192001707
10,12,5.465537273336245
10,13,4.907554186392897
10,14,6.526954264712035
10,15,9.096393301752558
10,16,9.90845713938503
10,17,12.769962692977195
10,18,16.250236808119244
10,19,17.49986412721746
10,20,14.158302891532607
10,21,12.942327525164057
10,22,10.929243064374697
10,23,13.06737073510522
10,24,12.211204358788441
10,25,8.920174093463663
10,26,7.008185787325138
10,27,6.29321141889887
10,28,4.462596605283845
10,29,6.903292228086932
10,30,9.311746073590443
10,31,12.776714185659623
10,32,15.824244245388648
10,33,18.04215464715969
10,34,21.307967836141387
10,35,24.27344403932854
10,36,27.681981140679436
10,37,30.285798305207535
10,38,33.77812940207228
10,39,34.929409918255445
10,40,31.825509716745486
10,41,31.534145586863424
10,42,28.882343131435345
10,43,29.256202259747386
10,44,25.999183562959477
10,45,23.835853985601336
10,46,20.10550419906547
10,47,17.793586711802508
10,48,14.124930793457658
10,49,14.32554765880633
10,50,17.235929528476035
10,51,18.377930185376165
10,52,21.73318766948473
10,53,24.811678619586893
10,54,27.97078483507979
10,55,31.538988518134886
10,56,34.4513323243955
10,57,36.70147217922104
10,58,40.22782631715204
10,59,42.327072959074954
10,60,39.490219275375544
10,61,38.14639364762172
10,62,34.907613206914206
10,63,34.43127679865774
10,64,31.62393261359823
10,65,28.697961684521385
10,66,27.149635047398302
10,67,29.9918112610481
10,68,28.716597678063795
10,69,32.26715786668277
10,70,35.12997462219625
10,71,38.810264791312854
10,72,41.6876137358831
10,73,43.99369962028896
10,74,47.75290806482201
10,75,50.640755460318395
10,76,52.20352441901063
10,77,54.790045883143506
10,78,52.57203353173038
10,79,49.88731849490075
10,80,47.34856520564986
10,81,48.25380767125545
10,82,46.88227888353649
10,83,49.75326820961582
10,84,48.81071811733511
10,85,50.0626770899695
10,86,53.377453256982285
10,87,55.94743468668437
10,88,56.38974196299487
10,89,59.268381108982844
10,90,62.472298851597564
10,91,62.26736525874697
10,92,58.504335839552695
10,93,56.42064039372813
10,94,52.893040821832216
10,95,52.43207105275234
10,96,48.81713489060282
10,97,47.067418177671705
10,98,45.052546885028946
10,99,45.88912522115412
10,100,49.168611831774534
10,101,52.829169014851026
10,102,54.50514908625328
10,103,58.223885737402256
10,104,60.461007869631764
10,105,61.540252240817466
10,106,64.83959661658949
10,107,67.02279659549765
10,108,70.05472154744963
10,109,68.57118891345523
10,110,68.2154602043396
10,111,71.73593455516172
10,112,70.67861592119652
10,113,71.69689665335223
10,114,69.7852969058826
10,115,69.84876387066612
10,116,67.47754469040358
10,117,67.1076218748293
10,118,63.6088609442885
10,119,61.801575919024344
10,120,58.81301126667393
10,121,56.80022948087139
10,122,58.252074439934994
10,123,59.57270109070474
10,124,63.23572925957668
10,125,64.48559092130562
10,126,66.81403767899542
10,127,69.71142826932902
10,128,72.09014766411586
11,1,8.706564733100317
11,2,11.974130972657527
11,3,12.321194245143591
11,4,9.789299696813721
11,5,12.833302488758797
11,6,14.018487559072781
11,7,13.035822007005406
11,8,9.269916412680537
11,9,6.275734096695338
11,10,3.805719192001707
11,12,5.254714931021556
11,13,6.368282815801844
11,14,6.561692530701118
11,15,9.759252790534475
11,16,10.689694674491255
11,17,12.588282625871086
11,18,16.353568159067525
11,19,17.975662945442615
11,20,14.992234459676318
11,21,14.697801521755643
11,22,13.493595558079592
11,23,16.178377898244786
11,24,15.783865622258647
11,25,12.650660207806006
11,26,10.731522390503311
11,27,9.473741860242187
11,28,6.43278625514851
11,29,7.863034762072783
11,30,10.503918880555394
11,31,14.084713667797917
11,32,16.599269966827475
11,33,19.22226637995199
11,34,22.61196120541387
11,35,25.24607844084441
11,36,28.85169202007985
11,37,31.10846106794582
11,38,34.586504980782315
11,39,36.09958561552006
11,40,33.184180283712045
11,41,32.92787267773163
11,42,30.41115361302217
11,43,31.17848976947225
11,44,27.97706322699246
11,45,25.439360143145844
11,46,21.721550951499463
11,47,19.54035411329586
11,48,15.94180810902116
11,49,16.901167461841016
11,50,19.736536577288632
11,51,20.514005002013594
11,52,23.58278074498961
11,53,26.880572194685637
11,54,29.822623295507928
11,55,33.47441736019413
11,56,36.15888461592016
11,57,38.182881323945686
11,58,41.81487363958887
11,59,43.894693565342784
11,60,41.155037702468796
11,61,40.10421623635532
11,62,37.00055597208567
11,63,36.60053920265622
11,64,33.93008571271848
11,65,31.232483067778052
11,66,29.596855313566323
11,67,32.16480326111599
11,68,30.6488412006848
11,69,34.0300031120248
11,70,36.79804218946522
11,71,40.474086510322884
11,72,43.2381452500453
11,73,45.73273797671739
11,74,49.476770378625616
11,75,52.465559306673505
11,76,54.231938419947
11,77,56.763749545827814
11,78,54.39007909082046
11,79,51.680479401819085
11,80,48.95820580483088
11,81,49.677695249165446
11,82,48.058649059421555
11,83,50.82759158000564
11,84,50.034278347273386
11,85,51.51276782334108
11,86,54.888272551666596
11,87,57.615454615244865
11,88,58.236772252568166
11,89,61.095377950744066
11,90,64.39619857345672
11,91,64.37223166087456
11,92,60.633400866976245
11,93,58.59872122093343
11,94,55.08524074605301
11,95,54.750265287387506
11,96,51.07778914277026
11,97,49.12725952871574
11,98,47.11762345267905
11,99,48.001533200917955
11,100,51.21968125835524
11,101,54.92351113905579
11,102,56.75387053595566
11,103,60.499103672275034
11,104,62.839379509595524
11,105,64.07880319332271
11,106,67.36472678140859
11,107,69.65640483864048
11,108,72.65996635037789
11,109,71.22105912452294
11,110,71.00167817185476
11,111,74.51551506959918
11,112,73.43496785650268
11,113,74.34980118055206
11,114,72.35309207262364
11,115,72.44213204162064
11,116,69.95746711571523
11,117,69.45559968112381
11,118,65.91325430260744
11,119,63.968787103214225
11,120,60.870381940073464
11,121,58.975599197949755
11,122,60.60627519825468
11,123,62.02107929901918
11,124,65.72242327884418
11,125,67.11174473248319
11,126,69.51500703812144
11,127,72.49719637623579
11,128,74.96118399202678
12,1,7.598665721152977
12,2,10.415880261566993
12,3,9.399035011514952
12,4,7.750026992696034
12,5,11.283924334976728
12,6,13.601919189201022
12,7,12.960844532081007
12,8,9.342441257325534
12,9,7.924310495672918
12,10,5.465537273336245
12,11,5.254714931021556
12,13,3.815192994779334
12,14,6.12414341719696
12,15,9.77838268392113
12,16,12.244380836518731
12,17,14.679090344497736
12,18,18.24285654140931
12,19,20.410373210070844
12,20,17.62972675190362
12,21,16.631471541116213
12,22,15.011235926910139
12,23,17.023254195006064
12,24,15.913980738252473
12,25,12.398073671832844
12,26,11.048739049600137
12,27,11.493586826417342
12,28,9.867924813187415
12,29,11.851087079411029
12,30,13.741706463817566
12,31,17.46352732670246
12,32,20.068818442512548
12,33,22.038965894611596
12,34,25.568335438063063
12,35,28.210411038907633
12,36,31.62354489257686
12,37,34.191710559867836
12,38,37.81183869459254
12,39,39.167888436018394
12,40,35.98424730675092
12,41,35.29919003050284
12,42,32.39852169605389
12,43,32.68849876671362
12,44,29.18935089412101
12,45,26.7974117806333
12,46,23.239904595013062
12,47,20.382033562471932
12,48,16.602882244883197
12,49,17.25724396724578
12,50,20.6828097658526
12,51,22.32943769457271
12,52,25.470122753958634
12,53,28.749228626816556
12,54,32.025556082496315
12,55,35.66549795759474
12,56,38.647101713564034
12,57,40.64805999545426
12,58,44.132881173063616
12,59,46.48334109175445
12,60,43.85375954902981
12,61,42.6179411937896
12,62,39.49690655098141
12,63,39.28730220915056
12,64,36.60522753115399
12,65,33.5824291949754
12,66,31.78357274976158
12,67,34.63108464965964
12,68,33.59502510056577
12,69,37.1436403975892
12,70,39.819950299159395
12,71,43.558174834131314
12,72,46.27414743005389
12,73,48.487386266792576
12,74,52.265712922970074
12,75,55.04540167439668
12,76,56.66937261638661
12,77,59.39547722923497
12,78,57.26155775997495
12,79,54.71087102243358
12,80,52.19258338593016
12,81,53.20085357227764
12,82,51.82744387340251
12,83,54.57390043299737
12,84,53.518755089366756
12,85,54.73647099535581
12,86,58.13656819163834
12,87,60.67347853929908
12,88,61.22382512475957
12,89,64.19971124988078
12,90,67.37085111726206
12,91,67.1971062926159
12,92,63.414149799813124
12,93,61.19915254295617
12,94,57.609121587456485
12,95,56.969825371546015
12,96,53.33539652786412
12,97,51.53680315310357
12,98,49.72681032343188
12,99,50.75799520856253
12,100,54.120622006198644
12,101,57.751095537159735
12,102,59.479314246156086
12,103,63.20995327498968
12,104,65.33934956744014
12,105,66.40016860258278
12,106,69.76264304849137
12,107,71.84412015423453
12,108,74.95212223949954
12,109,73.53294200187362
12,110,73.06145841164535
12,111,76.5444301518164
12,112,75.39833412303506
12,113,76.39249349048619
12,114,74.43363691121431
12,115,74.34160129278655
12,116,71.96747311373801
12,117,71.72129129642572
12,118,68.27608792943735
12,119,66.41882636186014
12,120,63.476680788321076
12,121,61.338217370945074
12,122,62.797579206394516
12,123,64.23281095324809
12,124,67.8892487245386
12,125,69.02578965793462
12,126,71.41306255835595
12,127,74.23093681146588
12,128,76.61827209723475
13,1,7.778777303987753
13,2,9.535578317980463
13,3,7.988784629694321
13,4,5.184250083529086
13,5,8.072715609427716
13,6,10.046773500680633
13,7,9.208537665260991
13,8,5.739956079700251
13,9,5.440008702741546
13,10,4.907554186392897
13,11,6.368282815801844
13,12,3.815192994779334
13,14,3.835959566290073
13,15,6.691380546598271
13,16,9.259939174415099
13,17,12.213076419991511
13,18,15.490142511601654
13,19,17.55479026709227
13,20,14.783578977780495
13,21,13.384067289180267
13,22,11.743889166707458
13,23,13.681627903894713
13,24,12.842514717482146
13,25,9.644483598046435
13,26,9.330617597662956
13,27,9.716874580204387
13,28,8.987656012087625
13,29,10.362711614458272
13,30,11.372754165025423
13,31,15.01763105796463
13,32,17.586955157672836
13,33,19.102166024853553
13,34,22.636681191494098
13,35,25.285775165277975
13,36,28.550376174433318
13,37,31.299388800688945
13,38,34.96433182107906
13,39,36.182804377633246
13,40,32.87365064431776
13,41,32.01539186407479
13,42,28.988920880570515
13,43,29.107768611304706
13,44,25.552225862633538
13,45,23.256022225094824
13,46,19.75733849625959
13,47,16.76383594833272
13,48,12.977958139741128
13,49,13.538847601965912
13,50,17.059192988292608
13,51,18.935569964942303
13,52,22.051529171810277
13,53,25.305160829065485
13,54,28.675478395974658
13,55,32.296168161829534
13,56,35.37651573022703
13,57,37.363705095412726
13,58,40.77379396439805
13,59,43.22392379208688
13,60,40.65928741976245
13,61,39.37820700906779
13,62,36.30169958519245
13,63,36.268557738601
13,64,33.69795876467367
13,65,30.596518795032665
13,66,28.602388986080875
13,67,31.47485608100842
13,68,30.69300256752572
13,69,34.27897601143476
13,70,36.83739207830459
13,71,40.60017167817149
13,72,43.24787037681228
13,73,45.316172617629825
13,74,49.100163045194655
13,75,51.777135052675604
13,76,53.36759936428615
13,77,56.18286093487084
13,78,54.15661359784376
13,79,51.71761287769529
13,80,49.299844381179824
13,81,50.48952878537529
13,82,49.274842261926665
13,83,51.96765755549042
13,84,50.72756524819211
13,85,51.78891156661531
13,86,55.2093056403553
13,87,57.644237543258185
13,88,58.204181339282314
13,89,61.26131765126987
13,90,64.36777405579014
13,91,64.17924011613086
13,92,60.380486823532266
13,93,58.05474089770258
13,94,54.42371969638975
13,95,53.65490282068607
13,96,50.02274248412932
13,97,48.24018474374829
13,98,46.55668195760282
13,99,47.71943413297221
13,100,51.159146754515625
13,101,54.74499677265442
13,102,56.49940936341927
13,103,60.23505524830908
13,104,62.257231323217596
13,105,63.31739429149614
13,106,66.73847079612808
13,107,68.74344475326399
13,108,71.91939525067862
13,109,70.59911461426235
13,110,70.05921287155711
13,111,73.4924229910404
13,112,72.24455551370289
13,113,73.18234625607114
13,114,71.1722057067265
13,115,70.98122689841847
13,116,68.59978897058332
13,117,68.4311056784995
13,118,65.02772965780106
13,119,63.15798558385773
13,120,60.27192850465045
13,121,58.03601770948793
13,122,59.475448392795364
13,123,60.98017734182816
13,124,64.62945448961995
13,125,65.70335026789203
13,126,68.14437424121351
13,127,70.92932635800945
13,128,73.35594183427114
14,1,11.111845851995247
14,2,12.956054767406732
14,3,11.559041872966896
14,4,8.265252715025742
14,5,10.13236736137974
14,6,10.864332494602928
14,7,8.685043774610042
14,8,5.337214970414186
14,9,5.5903984584000455
14,10,6.526954264712035
14,11,6.561692530701118
14,12,6.12414341719696
14,13,3.835959566290073
14,15,3.8187029031142155
14,16,6.576471241968085
14,17,8.829090397560373
14,18,12.238495886199907
14,19,14.690802316331196
14,20,12.356886242148907
14,21,11.779756083336622
14,22,11.241324695411162
14,23,13.95944514653008
14,24,14.151273334631748
14,25,11.6053936823617
14,26,11.723954979026207
14,27,10.966837569606437
14,28,9.660988622741847
14,29,9.601064860810904
14,30,9.883675413876425
14,31,13.588933869731015
