1,2,3.797543600203698
1,3,5.919327094378818
1,4,8.857079333915577
1,5,10.50718284661476
1,6,13.1742236970274
1,7,11.423889689871983
1,8,9.949149379297818
1,9,9.533358394314682
1,10,12.96567915610654
1,11,14.560946205307674
1,12,15.853440355875842
1,13,19.31832861398155
1,14,22.341975314218836
1,15,23.374924004021764
1,16,19.87142534503939
1,17,17.291315909080396
1,18,13.97183367492315
1,19,14.666106469291687
1,20,11.297826437405885
1,21,7.768448573061453
1,22,5.357285899819313
1,23,8.78050061035176
1,24,9.706208490031235
1,25,13.286605868781734
1,26,15.00220870570606
1,27,17.80442423091255
1,28,21.38467569517557
1,29,23.09481340281233
1,30,26.08953325846873
1,31,29.351266274253593
1,32,32.37701466294977
1,33,35.46440584116539
1,34,38.82396825198943
1,35,39.45115766417705
1,36,36.229422210132675
1,37,35.83225442316607
1,38,32.87334146352336
1,39,32.62245433532763
1,40,29.222842880473078
1,41,27.683702324521253
1,42,24.03434442362152
1,43,21.456539309309193
1,44,18.01956075562061
1,45,16.830654798426245
1,46,19.759942628249007
1,47,21.948475154817
1,48,25.56508144029211
1,49,28.154301848225234
1,50,31.61604678645323
1,51,35.00690980167803
1,52,38.22382937483215
1,53,40.58868058475846
1,54,43.96693503049471
1,55,46.08828709267974
1,56,43.28920757838948
1,57,41.581413487233526
1,58,38.15035248511714
1,59,37.45598104290035
1,60,34.33765844875894
1,61,31.075152570521315
1,62,29.795695600130824
1,63,33.13406616108455
1,64,32.26187605745787
1,65,35.980940780803834
1,66,38.97376314296588
1,67,42.55061374942946
1,68,45.58872211771431
1,69,47.59750782453052
1,70,51.305816528142195
1,71,53.87507200013846
1,72,55.20381099510221
1,73,57.84964670851994
1,74,55.991147989884084
1,75,53.37995148420424
1,76,51.15816811892939
1,77,52.27068965289259
1,78,51.26819264444354
1,79,54.36132704915481
1,80,53.267561114462616
1,81,54.22002379462899
1,82,57.37379438011663
1,83,59.56967696410934
1,84,59.879666157693066
1,85,63.011748815406484
1,86,65.81721227014906
1,87,65.18799853519558
1,88,61.393188215536796
1,89,59.08833880767351
1,90,55.5304958024295
1,91,54.69797018143041
1,92,51.20118305867584
1,93,49.900497767137395
1,94,48.00730911839024
1,95,48.9516228860995
1,96,52.3319247020701
1,97,55.8555188325011
1,98,57.107614952999334
1,99,60.709076974752456
1,100,62.46869457097771
1,101,62.77986828034126
1,102,66.14724976619105
1,103,67.79165539724701
1,104,70.3796463939716
1,105,67.52290054773044
1,106,70.31056477492551
1,107,71.99185568643892
1,108,70.49558870366589
1,109,70.08810626627104
1,110,68.20663815055227
1,111,68.49929777343866
1,112,65.32321237149078
1,113,64.11578402624181
1,114,61.546340443555884
1,115,59.12368436972557
1,116,60.030294766920555
1,117,60.95344056400176
1,118,64.37382404422374
1,119,64.78483601380452
1,120,66.77759814107768
2,1,3.797543600203698
2,3,3.8131249391751108
2,4,6.071092582850055
2,5,8.852049442330756
2,6,11.25365366417291
2,7,9.769339869123966
2,8,9.538499406523751
2,9,7.815979052676754
2,10,11.33171418778805
2,11,12.605794414527118
2,12,14.559688767156409
2,13,18.14517820573361
2,14,20.96991218735741
2,15,22.388501659868773
2,16,19.171066653953588
2,17,16.443251523198054
2,18,13.389381050225692
2,19,14.009925502154827
2,20,11.035429018841265
2,21,7.283510597934248
2,22,6.512347894226063
2,23,9.840891961035696
2,24,10.971708158110053
2,25,14.095404402461716
2,26,15.070767103920653
2,27,18.06058374898404
2,28,21.40351605078575
2,29,22.6320859264255
2,30,25.808227500365124
2,31,28.883892584875333
2,32,31.78387201510515
2,33,34.93033279064058
2,34,38.438979708499396
2,35,39.13421981310445
2,36,35.759073244776516
2,37,34.96874560573233
2,38,31.769350954576623
2,39,31.34195941109342
2,40,27.766392862458943
2,41,26.15508741748156
2,42,22.664316893972742
2,43,19.68238482379201
2,44,16.252042795385588
2,45,15.23652660982079
2,46,18.560024204738287
2,47,21.18410397759508
2,48,24.623866777508354
2,49,27.31981606212878
2,50,30.908673676547025
2,51,34.30430209678191
2,52,37.64937568003394
2,53,39.828933159949955
2,54,43.119743628622324
2,55,45.49376308642297
2,56,42.90032606357466
2,57,41.23634494681218
2,58,37.92749999353806
2,59,37.5804838879237
2,60,34.66303930875823
2,61,31.279810960087033
2,62,29.636974318644224
2,63,32.97485227680612
2,64,32.46462834803261
2,65,36.21760533123472
2,66,38.97348737894531
2,67,42.62907198703523
2,68,45.497163811072824
2,69,47.32323611120896
2,70,51.06069337203282
2,71,53.44958448076607
2,72,54.78833218572872
2,73,57.60868212621179
2,74,55.9088665748305
2,75,53.494360274337765
2,76,51.37614823740154
2,77,52.71649191228227
2,78,51.84345766676021
2,79,54.80627482899963
2,80,53.47200878958488
2,81,54.27274874564771
2,82,57.49991754786838
2,83,59.57755802241261
2,84,59.96213615613643
2,85,63.21094585294371
2,86,65.92037604234304
2,87,65.2988780545135
2,88,61.50343764998037
2,89,59.01518027062469
2,90,55.38683393398888
2,91,54.31617177223473
2,92,50.82738542361942
2,93,49.5183024834912
2,94,47.88396376598095
2,95,49.08029751222162
2,96,52.5791054005311
2,97,56.03153888471699
2,98,57.31551435127065
2,99,60.92379162389858
2,100,62.49231662514032
2,101,62.77984280440311
2,102,66.22900944936937
2,103,67.72342227584075
2,104,70.45144834758436
2,105,67.7058721482869
2,106,70.13356443495418
2,107,71.70543423630313
2,108,70.1400164374901
2,109,69.53024440737413
2,110,67.6401840902203
2,111,68.08927370776847
2,112,65.00318804548625
2,113,63.772009721612804
2,114,61.31525890433511
2,115,58.719041038847976
2,116,59.59501970092938
2,117,60.65579982015232
2,118,64.05979795548012
2,119,64.31881935837289
2,120,66.39829675144439
3,1,5.919327094378818
3,2,3.8131249391751108
3,4,3.8197963969511894
3,5,5.93406336081911
3,6,7.727783180332857
3,7,5.980841052082926
3,8,6.115717471104498
3,9,5.480972851008777
3,10,8.30588259065486
3,11,9.06349935471677
3,12,10.77245358701934
3,13,14.410364716019233
3,14,17.18071783930693
3,15,18.58501637502579
3,16,15.413513470282092
3,17,12.790899301950583
3,18,9.995938797493615
3,19,11.204956762681393
3,20,8.87443020400424
3,21,5.358186476136409
3,22,5.170041850149985
3,23,7.406326139611437
3,24,8.553632773216869
3,25,11.072188450864026
3,26,11.58129034112453
3,27,14.685152254163661
3,28,17.85542920400331
3,29,19.022652778149002
3,30,22.319820850725307
3,31,25.271329907744516
3,32,28.23507432123061
3,33,31.30474055471425
3,34,34.85083371854084
3,35,35.68587198448904
3,36,32.33932865404566
3,37,31.509916862431215
3,38,28.313497458473382
3,39,28.10082290610449
3,40,24.521397481696614
3,41,22.685664688131066
3,42,19.15170296209052
3,43,16.217178475064912
3,44,12.662063900040655
3,45,12.020713584501973
3,46,15.431399596010827
3,47,17.886768462006494
3,48,21.232986797923203
3,49,24.13161433309678
3,50,27.65059825978116
3,51,31.142917638196426
3,52,34.40821391667241
3,53,36.44733221827177
3,54,39.80021775977847
3,55,42.2100155909452
3,56,39.70630252838788
3,57,38.23035301357874
3,58,35.02730820818335
3,59,34.869032858581434
3,60,32.119722449041056
3,61,28.840293229439894
3,62,26.932378290420754
3,63,30.10027261845822
3,64,29.54959198616817
3,65,33.24837149408662
3,66,35.876258156536345
3,67,39.585233067996555
3,68,42.338889365339895
3,69,44.22792532711587
3,70,47.98428059844841
3,71,50.39403007580259
3,72,51.88720845139346
3,73,54.74145056883347
3,74,52.976848582565985
3,75,50.61489371330833
3,76,48.411563844799
3,77,49.75164942862291
3,78,48.80869704835387
3,79,51.66805268741943
3,80,50.29391626636634
3,81,51.15694585328637
3,82,54.46461629068764
3,83,56.60345147535783
3,84,57.14734113472059
3,85,60.45336274314563
3,86,63.21139133553709
3,87,62.74251080917277
3,88,58.93580182092595
3,89,56.388463585905434
3,90,52.72376591758174
3,91,51.67185295916131
3,92,48.112615250246606
3,93,46.62275947043235
3,94,45.075266588260824
3,95,46.42121285474804
3,96,49.94802607667292
3,97,53.424801439453496
3,98,54.88599565640174
3,99,58.548508471622995
3,100,60.129624318698575
3,101,60.58901253876491
3,102,64.09792249773784
3,103,65.65814200207159
3,104,68.46074518358313
3,105,65.82556395405759
3,106,68.19335824216402
3,107,69.6176130799193
3,108,67.89951052309068
3,109,67.24383980388936
3,110,65.20935004813221
3,111,65.57509645051057
3,112,62.44977142003497
3,113,61.06462678804025
3,114,58.54338276680529
3,115,55.95554497720257
3,116,56.99330444111456
3,117,58.21548220583707
3,118,61.687371528030276
3,119,62.049874389904225
3,120,64.27586688891638
4,1,8.857079333915577
4,2,6.071092582850055
4,3,3.8197963969511894
4,5,3.8484768941353673
4,6,5.8872476139628835
4,7,6.119273378345414
4,8,8.11327402979505
4,9,7.863464171228008
4,10,9.707829359985805
4,11,9.02899947123725
4,12,10.729950716828066
4,13,14.487188222418085
4,14,16.559851919731333
4,15,17.866668282731087
4,16,14.98474093687485
4,17,11.895191656144634
4,18,9.271799864818478
4,19,9.594245121841448
4,20,7.825611812729645
4,21,5.172149456145693
4,22,7.319099980348921
4,23,9.212716757279924
4,24,11.211114270888364
4,25,12.905725890590132
4,26,12.283947732457111
4,27,14.889741069193889
4,28,17.80318417403526
4,29,18.200239907897426
4,30,21.360329313697854
4,31,24.24867791126194
4,32,26.866570650535312
4,33,30.11983915227725
4,34,33.712989425763006
4,35,34.35626779792033
4,36,30.83416018885763
4,37,29.684097371190227
4,38,26.313390049148303
4,39,25.706176295190755
4,40,22.04032627437675
4,41,20.475131051898273
4,42,17.16430788667956
4,43,13.96303738269585
4,44,10.771781327498449
4,45,9.637333393596707
4,46,13.196310937183739
4,47,16.197349699830077
4,48,19.387683953676646
4,49,22.099113739944507
4,50,25.760415894099264
4,51,29.11607587902524
4,52,32.5516857387815
4,53,34.566367695924484
4,54,37.74695685120219
4,55,40.323364262808035
4,56,37.937015772958354
4,57,36.340062020609125
4,58,33.20336086817242
4,59,33.27590214171936
4,60,30.67639383604473
4,61,27.254337927899538
4,62,25.14710510645709
4,63,28.384181227350627
4,64,28.29048744169968
4,65,32.01987958762503
4,66,34.46030547668593
4,67,38.16600101676487
4,68,40.82241409991324
4,69,42.44398478227009
4,70,46.189752751768324
4,71,48.397355757573884
4,72,49.771093913277745
4,73,52.74916477679746
4,74,51.19548788090043
4,75,49.00688696552391
4,76,47.00448985418834
4,77,48.60515475376641
4,78,47.91228975965743
4,79,50.70336475754914
4,80,49.08322782973424
4,81,49.695371583226915
4,82,52.98587505877995
4,83,54.93272569095613
4,84,55.42385089882184
4,85,58.79524135186063
4,86,61.411360553622465
4,87,60.85704806327358
4,88,57.07009610864607
4,89,54.39006011988919
4,90,50.69566624427028
4,91,49.42073725983461
4,92,45.92538909924704
4,93,44.556360965725
4,94,43.20241159525001
4,95,44.69381454476382
4,96,48.3045750391234
4,97,51.672930239458296
4,98,53.05768236378141
4,99,56.68317293220319
4,100,58.06859407468798
4,101,58.42999499944918
4,102,61.97902243690063
4,103,63.37636505625288
4,104,66.27019799908383
4,105,63.70790940716428
4,106,65.77197032819646
4,107,67.1488365441455
4,108,65.43276855560977
4,109,64.63496737929847
4,110,62.65831518899711
4,111,63.18887006604648
4,112,60.16749659311886
4,113,58.8523367058203
4,114,56.48049321550306
4,115,53.74062002677249
4,116,54.654049503121335
4,117,55.90849187230683
4,118,59.32502786946993
4,119,59.51807614147776
4,120,61.7551135963644
5,1,10.50718284661476
5,2,8.852049442330756
5,3,5.93406336081911
5,4,3.8484768941353673
5,6,3.782221073514014
5,7,5.50431874807439
5,8,7.433271421645343
5,9,9.64161654170256
5,10,10.482341280692836
5,11,8.877987517631716
5,12,9.156481000983995
5,13,12.918767546086086
5,14,14.592873220352864
5,15,15.194897384486906
5,16,12.111003437469204
5,17,8.666775939478594
5,18,5.72046529189526
5,19,5.777573697200604
5,20,4.6402602679890865
5,21,3.740999976168009
5,22,6.863234241693299
5,23,7.431638199762497
5,24,10.125531449056135
5,25,10.950210232819554
5,26,9.599060806693059
5,27,11.601679857770124
5,28,14.541384658320363
5,29,14.789342641525266
5,30,17.763128528679992
5,31,20.81806364815005
5,32,23.388465567773597
5,33,26.720444334327993
5,34,30.24043168368652
5,35,30.7489050540724
5,36,27.24239602594256
5,37,26.27643372097653
5,38,23.033660569933648
5,39,22.49696939190313
5,40,18.951370518164644
5,41,17.527772483963957
5,42,14.060548723525413
5,43,11.270969091139344
5,44,8.261769392082464
5,45,6.45158819396599
5,46,9.72109753673888
5,47,12.55126303152615
5,48,15.911518868008335
5,49,18.549088749059532
5,50,22.186366427452906
5,51,25.557909681947937
5,52,28.957889426305616
5,53,31.097512075729256
5,54,34.324042764837806
5,55,36.7766048335696
5,56,34.28727203784311
5,57,32.67268043856321
5,58,29.492490338189892
5,59,29.503384855583125
5,60,26.900921074055688
5,61,23.53204559334442
5,62,21.41692203543697
5,63,24.6319852316203
5,64,24.455369987236292
5,65,28.188822526786954
5,66,30.678649474072024
5,67,34.37606983289803
5,68,37.08484020855514
5,69,38.76562160687578
5,70,42.512223141922725
5,71,44.79813880498182
5,72,46.19553355807978
5,73,49.11445527406753
5,74,47.48792831397238
5,75,45.24389873209722
5,76,43.20561734536663
5,77,44.77451137028403
5,78,44.08349174447071
5,79,46.89973228995564
5,80,45.305712630488344
5,81,45.937784037842924
5,82,49.21436979932323
5,83,51.19882006150477
5,84,51.69258051971284
5,85,55.04736837988687
5,86,57.707384851608246
5,87,57.19612000008285
5,88,53.400110408064144
5,89,50.760524344529486
5,90,47.07368440690513
5,91,45.90315377621064
5,92,42.37098774890774
5,93,40.95280904215233
5,94,39.512902880678084
5,95,40.966307115082046
5,96,44.55924686143439
5,97,47.9608226944529
5,98,49.400164827875855
5,99,53.05034567547244
5,100,54.510204844619665
5,101,54.961144967980346
5,102,58.512151767591305
5,103,60.00613186598142
5,104,62.88492371911077
5,105,60.338194938231226
5,106,62.5213870687776
5,107,63.86903186166018
5,108,62.10535608744468
5,109,61.38622060231388
5,110,59.34356344233
5,111,59.76076253724513
5,112,56.67706960398958
5,113,55.316155049064754
5,114,52.87271049184795
5,115,50.204722611581744
5,116,51.18892542006991
5,117,52.44676917299102
5,118,55.90667262652526
5,119,56.22330196107381
5,120,58.49571803916002
6,1,13.1742236970274
6,2,11.25365366417291
6,3,7.727783180332857
6,4,5.8872476139628835
6,5,3.782221073514014
6,7,3.7818279275063187
6,8,7.00173450657231
6,9,9.231046854721411
6,10,8.662258789574203
6,11,5.964370106538233
6,12,6.026174142885904
6,13,9.62121767471676
6,14,11.053156002946015
6,15,12.079673943774049
6,16,9.430566333001817
6,17,6.419157991820152
6,18,5.1322882433109385
6,19,6.661320864664799
6,20,7.446207953046005
6,21,7.20887308367101
6,22,9.522437606947712
6,23,8.950982114398924
6,24,10.668156201907262
6,25,10.478402807983583
6,26,8.329747693607654
6,27,10.499571564058185
6,28,12.72054472579228
6,29,12.677077695597356
6,30,15.994260725105127
6,31,18.6090751318348
6,32,21.281303174777715
6,33,24.419144046325655
6,34,28.069386874607552
6,35,28.92593516978282
6,36,25.45395019517512
6,37,24.230509675716256
6,38,20.869448491415213
6,39,20.674680706345384
6,40,17.023257113187892
6,41,15.019749492410313
6,42,11.596102278963482
6,43,8.496154975174662
6,44,5.004670651049172
6,45,4.909557368618772
6,46,8.594853001736658
6,47,11.178849546058155
6,48,14.0841807756478
6,49,17.185417973426148
6,50,20.683388766207994
6,51,24.199969527330097
6,52,27.4726763220234
6,53,29.23978791825949
6,54,32.528692130890356
6,55,35.15063714114451
6,56,32.919065128505935
6,57,31.660134713290855
6,58,28.737178855891994
6,59,29.155739535660572
6,60,26.909988809396317
6,61,23.753803509328943
6,62,21.176804959816106
6,63,24.02504326387988
6,64,23.88421086638164
6,65,27.461254614376973
6,66,29.636912964476714
6,67,33.41002697274276
6,68,35.8537370182538
6,69,37.57789685493498
6,70,41.34279194393119
6,71,43.58886742792073
6,72,45.22268652375535
6,73,48.23793838369729
6,74,46.5706090126065
6,75,44.4719488195347
6,76,42.3341171312466
6,77,43.928679635169125
6,78,43.13134123900515
6,79,45.73924669858567
6,80,44.05439964004519
6,81,44.7649701053417
6,82,48.17654668263052
6,83,50.2224908028965
6,84,50.97443739225726
6,85,54.42453402676352
6,86,57.11862724513969
6,87,56.820603068781104
6,88,53.02885093641518
6,89,50.27134871223784
6,90,46.53484947928513
6,91,45.31540668843537
6,92,41.7122923029201
6,93,40.033317619364475
6,94,38.82509131124853
6,95,40.55896452159159
6,96,44.191447829364755
6,97,47.585873774811525
6,98,49.263501761073655
6,99,52.96210630618207
6,100,54.37637047927495
6,101,55.03009757140834
6,102,58.656451617689065
6,103,60.17291514425558
6,104,63.16606681507375
6,105,60.79019137893327
6,106,62.78074164080483
6,107,63.91540484905657
6,108,61.95530717515875
6,109,61.10549344411114
6,110,58.89061357098595
6,111,59.26119865904959
6,112,56.17339613330475
6,113,54.60308235644499
6,114,52.119391357463826
6,115,49.415671208399324
6,116,50.60657264770322
6,117,52.12065709314529
6,118,55.64129899919557
6,119,56.02638843303337
6,120,58.49463933685406
7,1,11.423889689871983
7,2,9.769339869123966
7,3,5.980841052082926
7,4,6.119273378345414
7,5,5.50431874807439
7,6,3.7818279275063187
7,8,3.8060458783619664
7,9,5.822493872979432
7,10,5.225570577746294
7,11,3.825805957825657
7,12,4.862934380614561
7,13,8.584349402590583
7,14,11.20256354521832
7,15,12.81187272911933
7,16,9.965116842110433
7,17,7.898008200781822
7,18,6.583842341523994
7,19,9.232971683571625
7,20,9.058570864109779
7,21,7.557165353698346
7,22,8.338253936414526
7,23,7.652543337634976
7,24,8.14897501410571
7,25,8.477455200647634
7,26,7.502940681930887
7,27,10.742143406707891
7,28,13.1602760911736
7,29,14.065260915728075
7,30,17.653075638537914
7,31,20.175798940799236
7,32,23.24670311629703
7,33,26.097447022794697
7,34,29.73584371033602
7,35,30.909649338031624
7,36,27.637358458082275
7,37,26.641593071319583
7,38,23.429942235547756
7,39,23.674291449410422
7,40,20.10944919237883
7,41,17.726786795848557
7,42,14.226690181161636
7,43,11.373686045263785
7,44,7.591693134972128
7,45,8.438738977902664
7,46,11.845121896290411
7,47,13.803918326899941
7,48,16.71190222022505
7,49,20.045176032515833
7,50,23.3453852768785
7,51,26.988522604516234
7,52,30.05985195830616
7,53,31.728688159749225
7,54,35.16752926988386
7,55,37.68887876777251
7,56,35.43516884326696
7,57,34.37076649410925
7,58,31.45051643045926
7,59,31.729822153036363
7,60,29.396744510173125
7,61,26.388655140737782
7,62,23.952566435037628
7,63,26.683577424669487
7,64,26.119154077381456
7,65,29.632872781135234
7,66,31.918051862191177
7,67,35.7031960666608
7,68,38.16813367191812
7,69,40.13853750683149
7,70,43.90819713404929
7,71,46.30961868344735
7,72,48.09289523664675
7,73,51.024594347345506
7,74,49.17518956673556
7,75,46.961418530410356
7,76,44.62448115468391
7,77,45.98194577355612
7,78,44.918904341968016
7,79,47.5376047056574
7,80,46.06489500638972
7,81,47.02844873418638
7,82,50.48568432705495
7,83,52.71348048102965
7,84,53.56774289012498
7,85,56.97879985709733
7,86,59.797192864648295
7,87,59.609322966066934
7,88,55.8049986935583
7,89,53.136790070246846
7,90,49.419669300710325
7,91,48.367154306083435
7,92,44.70877951480039
7,93,42.88652661289929
7,94,41.56757977723571
7,95,43.22541557504933
7,96,46.78912583836076
7,97,50.271548483419295
7,98,52.04880178990169
7,99,55.782318323083466
7,100,57.34421312565294
7,101,58.09833899567002
7,102,61.70163776179872
7,103,63.33986063631999
7,104,66.27745101228089
7,105,63.86355031790786
7,106,66.05371212840687
7,107,67.1989101627992
7,108,65.2141650488367
7,109,64.44281814838125
7,110,62.16430204913631
7,111,62.411005119020516
7,112,59.24938963220148
7,113,57.58859162337202
7,114,54.98343894777987
7,115,52.3950009385465
7,116,53.717297494213376
7,117,55.248187627627885
7,118,58.814893070952685
7,119,59.3277550201884
7,120,61.81078728682099
8,1,9.949149379297818
8,2,9.538499406523751
8,3,6.115717471104498
8,4,8.11327402979505
8,5,7.433271421645343
8,6,7.00173450657231
8,7,3.8060458783619664
8,9,5.58222687772565
8,10,5.679497057356748
8,11,6.308464557977485
8,12,6.3406069834842
8,13,9.488980385219008
8,14,12.71086148722152
8,15,13.937127045344782
8,16,10.661937315887517
8,17,9.12468367275743
8,18,7.353760189114594
8,19,10.398788303320625
8,20,9.518349015187981
8,21,7.7013633758506534
8,22,6.72807232073088
8,23,5.289169679242252
8,24,4.502988022988555
8,25,5.576291346711634
8,26,6.343182108957344
8,27,9.999384588798144
8,28,12.856915710407986
8,29,14.724303599448806
8,30,18.217531866639124
8,31,20.921520233604838
8,32,24.27388686147258
8,33,26.962733861735934
8,34,30.451360230687026
8,35,31.682182588468613
8,36,28.62656135475807
8,37,28.102075557436986
8,38,25.189693118825907
8,39,25.74635533279157
8,40,22.396698798195676
8,41,20.016774673882985
8,42,16.353515947747926
8,43,14.087360717393128
8,44,10.409191774348207
8,45,11.003892907340239
8,46,13.883891101792566
8,47,15.205727197837035
8,48,18.325252575137046
8,49,21.61528532009089
8,50,24.73044923900504
8,51,28.420185873606897
8,52,31.302957365171086
8,53,33.11513907158075
8,54,36.69241730114406
8,55,38.94343198203046
8,56,36.489927708391065
8,57,35.46024092467687
8,58,32.42434246199564
8,59,32.3495376986382
8,60,29.805876903730038
8,61,26.950636784306102
8,62,24.86224885524174
8,63,27.55950728945581
8,64,26.495806655578704
8,65,29.971076343600178
8,66,32.51930128631162
8,67,36.2536839437155
8,68,38.88255186722897
8,69,41.11804098070762
8,70,44.871070972908925
8,71,47.49535651354427
8,72,49.333357914595474
8,73,52.08715729265346
8,74,50.025059501721934
8,75,47.59474627736802
8,76,45.08031709607364
8,77,46.14975776967768
8,78,44.86068627089684
8,79,47.59833865048439
8,80,46.41504434546971
8,81,47.61620618291987
8,82,51.03761411164723
8,83,53.44526308811848
8,84,54.28446564120228
8,85,57.589640336068435
8,86,60.54427641846952
8,87,60.400697511374815
8,88,56.58586371169312
8,89,54.09970597065899
8,90,50.442289565073935
8,91,49.65606415549863
8,92,45.96156690808357
8,93,44.08372096709047
8,94,42.49641556786311
8,95,43.91827407670599
8,96,47.36424262983059
8,97,50.95005061825443
8,98,52.752883769485074
8,99,56.50394595065857
8,100,58.28494734524576
8,101,59.10752039904197
8,102,62.64274161157756
8,103,64.45630187733961
8,104,67.26555568006587
8,105,64.75027133215596
8,106,67.30893001719393
8,107,68.54185246483075
8,108,66.59601685380596
8,109,66.0196251234725
8,110,63.71706793795973
8,111,63.78280850106458
8,112,60.512636644505776
8,113,58.82945581087992
8,114,56.07626897718676
8,115,53.677455361879154
8,116,55.08296412962139
8,117,56.512058304474174
8,118,60.117308142917395
8,119,60.81008017229575
8,120,63.23542482107619
9,1,9.533358394314682
9,2,7.815979052676754
9,3,5.480972851008777
9,4,7.863464171228008
9,5,9.64161654170256
9,6,9.231046854721411
9,7,5.822493872979432
9,8,5.58222687772565
9,10,3.8301015007819204
9,11,6.597125647435206
9,12,9.230837444339953
9,13,12.012922293789556
9,14,15.324562220329735
9,15,17.581524387759952
9,16,14.94575017316462
9,17,13.50102159532182
9,18,11.974089046579945
9,19,14.44184718838132
9,20,13.12118205785603
9,21,10.196188043965487
9,22,9.278232667747966
9,23,9.890733015911506
9,24,8.889165770642547
9,25,10.813102670467854
9,26,11.684288329785447
9,27,15.385122574190595
9,28,17.897859377157832
9,29,19.3875789473934
9,30,23.044783476411837
9,31,25.449439172429575
9,32,28.702555246281413
9,33,31.3353453518753
9,34,34.953626490287284
9,35,36.34634783302192
9,36,33.19595874677282
9,37,32.25503138422934
9,38,29.070426460741178
9,39,29.418599462552265
9,40,25.826300185222244
9,41,23.300663584291453
9,42,19.902063322938538
9,43,16.942752923271325
9,44,13.179189649667688
9,45,14.103867824891609
9,46,17.61751911429011
9,47,19.581402866275894
9,48,22.47950094278345
9,49,25.854527506222368
9,50,29.10823974419756
9,51,32.77555831816771
9,52,35.78408251760905
9,53,37.37630865743319
9,54,40.854087640392066
9,55,43.36736406225039
9,56,41.126160587543616
9,57,40.121456728190985
9,58,37.176181920326286
9,59,37.32450339723855
9,60,34.85702456446266
9,61,31.844375860557804
9,62,29.59319587365502
9,63,32.367774291295305
9,64,31.613411235399443
9,65,35.11304827269164
9,66,37.4947260026524
9,67,41.26899017884414
9,68,43.76139034425907
9,69,45.83823739645472
9,70,49.605044385965826
9,71,52.06062899326452
9,72,53.88149701684955
9,73,56.782743765503184
9,74,54.86910241734497
9,75,52.587213506801426
9,76,50.16180422959616
9,77,51.36963487161658
9,78,50.14161425033203
9,79,52.785073033124135
9,80,51.467237140646574
9,81,52.57569570427586
9,82,56.04388980296723
9,83,58.35864437982829
9,84,59.2311615926035
9,85,62.60746380644657
9,86,65.47648922928357
9,87,65.29276107876458
9,88,61.48273499932384
9,89,58.86939765766141
9,90,55.166417174594926
9,91,54.15897009135231
9,92,50.499135208089996
9,93,48.66909968339706
9,94,47.29125494148984
9,95,48.868168161031335
9,96,52.39157214950007
9,97,55.913822134443876
9,98,57.67204201900129
9,99,61.405352276782196
9,100,63.02820783806843
9,101,63.74672490676049
9,102,67.32124104198184
9,103,68.97286503524893
9,104,71.86171200628847
9,105,69.37046394465034
9,106,71.65900096191037
9,107,72.87785127876685
9,108,70.94722551293971
9,109,70.1974309341305
9,110,67.95333443727664
9,111,68.20646335449136
9,112,65.03611830388975
9,113,63.38499165059909
9,114,60.7535621438597
9,115,58.196497793621525
9,116,59.51771273317594
9,117,61.009022430091186
9,118,64.56902962433878
9,119,65.06703896879033
9,120,67.49943256867971
10,1,12.96567915610654
10,2,11.33171418778805
10,3,8.30588259065486
10,4,9.707829359985805
10,5,10.482341280692836
10,6,8.662258789574203
10,7,5.225570577746294
10,8,5.679497057356748
10,9,3.8301015007819204
10,11,3.822761198656066
10,12,6.508356294699554
10,13,8.594307502692661
10,14,11.964769730380137
10,15,14.587779055646967
10,16,12.442660286759093
10,17,11.771481309218887
10,18,11.33876313980852
10,19,14.379849148705341
10,20,14.050779578815591
10,21,11.941042420779226
10,22,11.499678984979042
10,23,10.927161052093508
10,24,9.554339077248335
10,25,10.097987611447621
10,26,10.286691423870101
10,27,13.940829598226209
10,28,15.785239182935173
10,29,17.160878852729223
10,30,20.928210581622675
10,31,22.925087943252183
10,32,26.23050189371743
10,33,28.617082428879353
10,34,32.258876479182156
10,35,33.92312742765319
10,36,30.883025744778973
10,37,29.83913806403374
10,38,26.69599169316822
10,39,27.37960477319641
10,40,23.864635900599517
10,41,20.980374375860542
10,42,17.752527893207958
10,43,14.961279544625503
10,44,11.321170888173937
10,45,13.212126332285738
10,46,16.523127513925168
10,47,18.075511981851076
10,48,20.555580949281794
10,49,24.146177970871225
10,50,27.17316357531223
10,51,30.8875462286318
10,52,33.71349129523436
10,53,35.01141417164542
10,54,38.520586308675924
10,55,41.09389573330863
10,56,39.051161554229466
10,57,38.34765325377763
10,58,35.621843369573796
10,59,36.04647737903847
10,60,33.86299457025576
10,61,31.058542350981327
10,62,28.523685349688602
10,63,30.976069610258396
10,64,30.20108670181568
10,65,33.52809006980027
10,66,35.66017512747945
10,67,39.449546437721814
10,68,41.72410529657984
10,69,43.853729632905164
10,70,47.60471419139385
10,71,50.04464414058283
10,72,52.0587075410691
10,73,54.99711364774756
10,74,53.029490049335095
10,75,50.854387081335815
10,76,48.34186923241753
10,77,49.53874341986301
10,78,48.21522359661035
10,79,50.679645091460294
10,80,49.317448374313194
10,81,50.50688592013487
10,82,54.063387290043174
10,83,56.43788331919084
10,84,57.52106364693678
10,85,60.952670381713446
10,86,63.8566534656605
10,87,63.86281771004088
10,88,60.06739528122031
10,89,57.38727349418863
10,90,53.66657682721169
10,91,52.6654276026116
10,92,48.95923594421334
10,93,46.91563216824922
10,94,45.69736032488413
10,95,47.46645570951697
10,96,50.99143063830688
10,97,54.503750003888634
10,98,56.46252040745232
10,99,60.22817685630379
10,100,61.83624430649444
10,101,62.74254646896958
10,102,66.36617891219859
10,103,68.06347451658125
10,104,71.03051736302261
10,105,68.6842996205336
10,106,70.8552972103483
10,107,71.89347402094545
10,108,69.79631027126271
10,109,68.97109126719248
10,110,66.57493350022348
10,111,66.75089637156555
10,112,63.56713256473866
10,113,61.73763544669655
10,114,59.05845783077809
10,115,56.51287325933479
10,116,58.018890731072794
10,117,59.707533370216545
10,118,63.316545846651465
10,119,63.90850282119428
10,120,66.49878560121721
11,1,14.560946205307674
11,2,12.605794414527118
11,3,9.06349935471677
11,4,9.02899947123725
11,5,8.877987517631716
11,6,5.964370106538233
11,7,3.825805957825657
11,8,6.308464557977485
11,9,6.597125647435206
11,10,3.822761198656066
11,12,3.781675647074886
11,13,6.394343897247093
11,14,9.081266334725646
11,15,11.673686392281237
11,16,9.770627699110296
11,17,8.89602240031505
11,18,9.144626847518875
11,19,12.059055978977009
11,20,12.607615757994465
11,21,11.348274872624001
11,22,12.012733363755622
11,23,11.047558824579639
11,24,10.650685699235215
11,25,10.253813613338373
11,26,9.011352284530464
11,27,12.183014996060317
11,28,13.666316661922757
11,29,14.342684630764705
11,30,18.096927518372517
11,31,19.995399913433978
11,32,23.091529749542037
11,33,25.61288314360008
11,34,29.32420235769715
11,35,30.884281481388875
11,36,27.71751185546039
11,37,26.441799136038714
11,38,23.174570508233284
11,39,23.73112330139151
11,40,20.171243984269516
11,41,17.289732763166267
11,42,14.155781859545266
11,43,11.226853456767662
11,44,7.680396813916265
11,45,10.004309388891562
11,46,13.25907298953144
11,47,14.908193443165397
11,48,17.1645901865672
11,49,20.759707015630635
11,50,23.820048638508315
11,51,27.49091596201206
11,52,30.387133710980077
11,53,31.623699123398342
11,54,35.05460533235588
11,55,37.74436751921785
11,56,35.801045626526204
11,57,35.089756951466136
11,58,32.45751481694542
11,59,33.111277300348995
11,60,31.11563718506434
11,61,28.301594042057022
11,62,25.53600494985074
11,63,27.916297749329868
11,64,27.425356927152404
11,65,30.734495973267197
11,66,32.68146945710254
11,67,36.485165282965596
11,68,38.65486265310772
11,69,40.627820395084846
11,70,44.37828405519014
11,71,46.69765736135372
11,72,48.68508098956864
11,73,51.707240024200495
11,74,49.85380639213234
11,75,47.809425505752515
11,76,45.40740086363687
11,77,46.787222707277465
11,78,45.62836683437473
11,79,48.017904046842695
11,80,46.463648184760665
11,81,47.492340100930555
11,82,51.05948881127569
11,83,53.321626147320174
11,84,54.415768552057855
11,85,57.90504597064339
11,86,60.72943981545964
11,87,60.72915001030053
11,88,56.947429392894286
11,89,54.16889861831248
11,90,50.423444143754544
11,91,49.298170856623905
11,92,45.611134028142
11,93,43.578253913166336
11,94,42.51229373225152
11,95,44.42524714282509
11,96,48.006900699929275
11,97,51.451400283496724
11,98,53.420707285494444
11,99,57.174676649079224
11,100,58.663891359968254
11,101,59.57261035653063
11,102,63.23365521047413
11,103,64.85645076566863
11,104,67.89751336071153
11,105,65.64138201534718
11,106,67.6101612292132
11,107,68.56472662678746
11,108,66.41775258460552
11,109,65.50124116438421
11,110,63.09027688418838
11,111,63.328817253849955
11,112,60.19550650829046
11,113,58.359531998533
11,114,55.75180162512135
11,115,53.12062429602093
11,116,54.60657406485923
11,117,56.367034842537
11,118,59.9616143583652
11,119,60.495992654076296
11,120,63.140590295024744
12,1,15.853440355875842
12,2,14.559688767156409
12,3,10.77245358701934
12,4,10.729950716828066
12,5,9.156481000983995
12,6,6.026174142885904
12,7,4.862934380614561
12,8,6.3406069834842
12,9,9.230837444339953
12,10,6.508356294699554
12,11,3.781675647074886
12,13,3.8259183130556216
12,14,6.513968567486645
12,15,8.363971233382477
12,16,6.066132609071683
12,17,5.776619882725987
12,18,7.008917061512018
12,19,10.435080534952096
12,20,11.7531579884389
12,21,11.491907287776177
12,22,12.182605631890972
12,23,10.126424345993325
12,24,9.81909559273862
12,25,8.150997185329615
12,26,5.969490731084282
12,27,8.741270438348524
12,28,9.905695498007992
12,29,10.74864457308797
12,30,14.530149158274062
12,31,16.478538498052547
12,32,19.733713423491054
12,33,22.216040528036256
12,34,25.87586796993685
12,35,27.44516573140711
12,36,24.376187164132226
12,37,23.374115525528026
12,38,20.313542915431682
12,39,21.198421447160758
12,40,17.850778617322696
12,41,14.892474340530843
12,42,11.565922302171188
12,43,9.361823213759235
12,44,6.017811987118777
12,45,8.649819968004202
12,46,11.152813397557107
12,47,12.02135511853118
12,48,14.230192376352354
12,49,17.90606027761521
12,50,20.77040261166008
12,51,24.50524269261386
12,52,27.242281210377627
12,53,28.534429683503305
12,54,32.07665606840913
12,55,34.599623157854325
12,56,32.56234160606618
12,57,31.948728282575573
12,58,29.326571842692793
12,59,29.923079303566734
12,60,27.98377721673671
12,61,25.375210129005954
12,62,22.615961286156125
12,63,24.79978537284456
12,64,24.068330514498296
12,65,27.291093010925056
12,66,29.266011203208738
12,67,33.059314166076994
12,68,35.255241017905725
12,69,37.37848575973939
12,70,41.12370004769993
12,71,43.57251362605834
12,72,45.64523374284244
12,73,48.57385825193288
12,74,46.58559720643177
12,75,44.46129322608327
12,76,41.953844799064754
12,77,43.223033346753716
12,78,41.97440624443086
12,79,44.37497663187796
12,80,42.90874013051123
12,81,44.04559091916223
12,82,47.61749379944429
12,83,49.97790558312054
12,84,51.120792974473645
12,85,54.57801479203946
12,86,57.482211953211085
12,87,57.571864316583365
12,88,53.788619643264276
12,89,51.08261979167797
12,90,47.362144809925994
12,91,46.40311071746153
12,92,42.67080216643649
12,93,40.52465268475595
12,94,39.35501832613724
12,95,41.220746717200036
12,96,44.74740254346443
12,97,48.239676391157005
12,98,50.30748098968269
12,99,54.08555066739679
12,100,55.68886852621019
12,101,56.728985150354866
12,102,60.3742618635938
12,103,62.128123399164046
12,104,65.13087086677588
12,105,62.89572194749089
12,106,65.03013615028598
12,107,65.94724228129638
12,108,63.74410613272971
12,109,62.93259357928684
12,110,60.43535328019087
12,111,60.51412421563035
12,112,57.301327641499896
12,113,55.384934887454314
12,114,52.66791091095269
12,115,50.15590148768801
12,116,51.765010543286465
12,117,53.54100070618889
12,118,57.18457390959129
12,119,57.88844872212982
12,120,60.571713922512515
13,1,19.31832861398155
13,2,18.14517820573361
13,3,14.410364716019233
13,4,14.487188222418085
13,5,12.918767546086086
13,6,9.62121767471676
13,7,8.584349402590583
13,8,9.488980385219008
13,9,12.012922293789556
13,10,8.594307502692661
13,11,6.394343897247093
13,12,3.8259183130556216
13,14,3.811967207947794
13,15,6.442119218205827
13,16,5.708197796857117
13,17,7.580184699033825
13,18,10.002269247504874
13,19,13.438845261107701
13,20,15.217679003396531
13,21,15.232139401032542
13,22,15.6962034459322
13,23,13.24959849770807
13,24,12.309393272709944
13,25,9.881704553059992
13,26,7.7544690903132265
13,27,9.735615892329692
13,28,9.497427899722142
13,29,10.33435121524708
13,30,14.014207047944799
13,31,15.168716152432864
13,32,18.532671123365635
13,33,20.484216393987275
13,34,24.10009910761136
13,35,26.119565208958928
13,36,23.340138670620206
13,37,22.330887703974117
13,38,19.495319540402384
13,39,20.980494206130906
13,40,17.94104592143255
13,41,14.539647831792271
13,42,11.727980501372182
13,43,10.300433564254565
13,44,7.9868449835667485
13,45,11.299255810483047
13,46,13.04652285311295
13,47,13.042799186207773
13,48,14.413121332040177
13,49,18.204403876806538
13,50,20.54508423838482
13,51,24.256231204688042
13,52,26.609451161207005
13,53,27.472703096789385
13,54,31.06015726906595
13,55,33.57370996179307
13,56,31.79209178685973
13,57,31.6266552008202
13,58,29.324204355153473
13,59,30.184824125284262
13,60,28.603886441265438
13,61,26.37751811402745
13,62,23.443552634316493
13,63,25.106615508651455
13,64,24.224879901135278
13,65,27.10458240246329
13,66,28.76037881157652
13,67,32.502548668958696
13,68,34.41069772672401
13,69,36.664379439908
13,70,40.3503142894065
13,71,42.819985879545726
13,72,45.151224757365675
13,73,48.062429372642306
13,74,45.9587943295721
13,75,43.930787593652084
13,76,41.27423906987193
13,77,42.42976118353197
13,78,40.98569116534789
13,79,43.15904255678951
13,80,41.732111292853546
13,81,43.0484952893266
13,82,46.70948421684131
13,83,49.18925737942615
13,84,50.59806932614815
13,85,54.077069481476784
13,86,57.0484637824941
13,87,57.38671547903793
13,88,53.6409879966396
13,89,50.91722972098506
13,90,47.21723129726941
13,91,46.34050265299924
13,92,42.57397025688593
13,93,40.15471718795384
13,94,39.13822709307038
13,95,41.17000177469042
13,96,44.63104231754201
13,97,48.10992718216235
13,98,50.4177050059512
13,99,54.21226347541551
13,100,55.843586388150904
13,101,57.116735574272475
13,102,60.780012313187804
13,103,62.618245226677
13,104,65.66379345232758
13,105,63.580648704728794
13,106,65.65589769295892
13,107,66.38220785958283
13,108,64.00579841565066
13,109,63.15197425612793
13,110,60.4817227928353
13,111,60.42629011122393
13,112,57.18865202327733
13,113,55.05547304424133
13,114,52.256087959108086
13,115,49.82196573011947
13,116,51.673646451892694
13,117,53.656274356263765
13,118,57.34451022451639
13,119,58.19591930351352
13,120,61.03475298351182
14,1,22.341975314218836
14,2,20.96991218735741
14,3,17.18071783930693
14,4,16.559851919731333
14,5,14.592873220352864
14,6,11.053156002946015
14,7,11.20256354521832
14,8,12.71086148722152
14,9,15.324562220329735
14,10,11.964769730380137
14,11,9.081266334725646
14,12,6.513968567486645
14,13,3.811967207947794
14,15,3.812377601844286
14,16,5.394287062797996
14,17,7.882920403109314
14,18,11.233944947935607
14,19,14.091194276362991
14,20,16.63526058923444
14,21,17.323264758360217
14,22,18.38300891130415
14,23,15.882124045334573
14,24,15.49936436334
14,25,12.754750838133685
14,26,9.87704380892842
14,27,10.620379950548248
14,28,9.250534206426558
14,29,8.793793264813749
14,30,12.13102668756983
14,31,12.599903985154482
14,32,15.649268366466183
14,33,17.489859827687386
14,34,21.170768049468368
14,35,23.26796543251371
14,36,20.476157417501586
14,37,19.139635797692787
14,38,16.266675691184656
14,39,17.926132984051577
14,40,15.067510554903015
14,41,11.4426899921084
14,42,9.252309570890546
14,43,8.497321839770605
14,44,7.631032426627562
14,45,11.220277554420207
14,46,12.13875110763942
14,47,11.672816775922664
14,48,12.103462285389828
14,49,15.84837732132949
14,50,17.886690990447867
14,51,21.48400749739884
14,52,23.716361950695084
14,53,24.27647769352547
14,54,27.77965999407233
14,55,30.437950988533117
14,56,28.909138941930895
14,57,28.943462307589087
14,58,26.923138605347983
14,59,28.174399753285186
14,60,26.994879555520193
14,61,24.962317864180914
14,62,21.74169192622793
14,63,23.035015891620624
14,64,22.45717866211805
14,65,25.110035466275527
14,66,26.36656974025644
14,67,30.074991149496984
14,68,31.713154344726323
14,69,33.821933980312004
14,70,37.47155845806523
14,71,39.79835106398933
14,72,42.203751343230444
14,73,45.20210557307672
14,74,43.19078295773129
14,75,41.36310629253529
14,76,38.78559456700331
14,77,40.106544213130896
14,78,38.78346617825837
14,79,40.76478136731719
14,80,39.12934701594868
14,81,40.32471150230781
14,82,44.027209109005334
14,83,46.418353633036375
14,84,47.944545761531685
14,85,51.490991236481236
14,86,54.391326721707834
14,87,54.816701858313834
14,88,51.10991885173719
14,89,48.27317944897417
14,90,44.562881662031636
14,91,43.57614836245811
14,92,39.83036571602117
14,93,37.316058913518575
14,94,36.552643005191335
14,95,38.81432874978503
14,96,42.298729325892104
14,97,45.68024449689679
14,98,48.08446628485373
14,99,51.85896715245954
14,100,53.361483936289474
14,101,54.719662197895225
14,102,58.42057695681171
14,103,60.20057635588301
14,104,63.3355166482687
14,105,61.410067316225835
14,106,63.235005460400686
14,107,63.799214321833695
14,108,61.309505750461796
14,109,60.33712709273238
14,110,57.590493955350595
14,111,57.55711778476578
14,112,54.373969274458624
14,113,52.15250530564327
14,114,49.408634568235485
14,115,46.90957668068326
14,116,48.831048848728784
14,117,50.9728852079621
14,118,54.65227811201367
14,119,55.49041211095884
14,120,58.44096495221241
15,1,23.374924004021764
15,2,22.388501659868773
15,3,18.58501637502579
15,4,17.866668282731087
15,5,15.194897384486906
15,6,12.079673943774049
15,7,12.81187272911933
15,8,13.937127045344782
15,9,17.581524387759952
15,10,14.587779055646967
15,11,11.673686392281237
15,12,8.363971233382477
15,13,6.442119218205827
15,14,3.812377601844286
15,16,3.8126883043357163
15,17,6.987751266826855
15,18,10.729279982090391
