1,2,3.1340465960080555
1,3,6.980055654401291
1,4,9.565663700050367
1,5,13.18534500425882
1,6,14.805598972867463
1,7,18.15839359713543
1,8,19.398831213050023
1,9,22.947161763141764
1,10,25.806733498888647
1,11,28.57158547312077
1,12,31.802701278357386
1,13,35.47151263623108
1,14,36.55821640495167
1,15,40.023501739926246
1,16,41.22387727111979
1,17,41.409775646093735
1,18,38.953976072190216
1,19,35.66932190505128
1,20,32.379466915149976
1,21,28.725388919455487
1,22,25.399772990384083
1,23,22.68661947409092
1,24,18.922412609104295
1,25,16.537474626257154
1,26,12.741422631414386
1,27,9.8680134307313
1,28,6.484025064823534
1,29,5.4482624901871475
1,30,7.802720369216675
1,31,10.27119178905264
1,32,10.596994372509073
1,33,14.101391537901812
1,34,16.195454723983957
1,35,19.213394870785454
1,36,21.897098095292783
1,37,23.932932196354916
1,38,27.194040539176516
1,39,28.4486743467211
1,40,25.972104298882638
1,41,27.23756634675978
1,42,25.567019126916293
1,43,27.19040143944442
1,44,29.897986873692503
1,45,30.39138818421902
1,46,34.03438489812977
1,47,34.77362675988513
1,48,36.0543513033304
1,49,35.45227177091155
1,50,31.68705143552706
1,51,29.98808628109858
1,52,26.66343734789534
1,53,26.987028265699212
1,54,24.6572480473255
1,55,22.203771519990593
1,56,20.841465648579536
1,57,24.315822101633174
1,58,25.829441237017633
1,59,29.507234487833614
1,60,32.1913350992447
1,61,35.84275524969102
1,62,39.09149445506461
1,63,37.54430697787745
1,64,39.21566399829361
1,65,39.62818163274651
1,66,37.634361013031615
1,67,34.51753726220187
1,68,34.382806938786565
1,69,31.496358443307905
1,70,27.84379623497453
1,71,25.338847586999766
1,72,21.67559908405063
1,73,18.774300091325102
1,74,16.12331214004712
1,75,12.886948060372209
1,76,11.388681156164726
1,77,8.796581567324905
1,78,9.972552475764086
1,79,7.372312774444135
1,80,8.12778796923137
1,81,10.644270536517661
1,82,12.124541161978874
1,83,15.77286445484568
1,84,18.349119392643228
1,85,21.969299687272176
1,86,25.34449348005702
1,87,28.94916959534279
1,88,31.31898112505205
1,89,35.02130094399166
1,90,37.3498244372845
1,91,41.00598035785176
2,1,3.1340465960080555
2,3,3.8798431704534058
2,4,6.889953115629903
2,5,10.345824500501156
2,6,12.40158930107623
2,7,15.522172921952968
2,8,16.489240781901017
2,9,19.961877897046037
2,10,22.911522895371505
2,11,25.64681089888336
2,12,28.8378496791468
2,13,32.479909918471364
2,14,33.51514135507739
2,15,36.96236271797889
2,16,38.11887097039737
2,17,38.33038167604349
2,18,35.91753338423529
2,19,32.663593211448784
2,20,29.362339031974102
2,21,25.72907413687889
2,22,22.35040821553384
2,23,19.744509469454155
2,24,15.970016993090995
2,25,13.840045717075714
2,26,10.011573169893799
2,27,7.675769949956056
2,28,4.511037845964537
2,29,5.0276712733608475
2,30,7.21646520145746
2,31,8.674068845199113
2,32,8.146208159171902
2,33,11.573950417715283
2,34,13.305383573001153
2,35,16.27454580263586
2,36,18.834616866681422
2,37,20.897814508019263
2,38,24.13040189912055
2,39,25.47238694885794
2,40,23.097882729750236
2,41,24.357116961634475
2,42,22.67251081135341
2,43,24.197607579397165
2,44,26.987008400542507
2,45,27.57205996890061
2,46,31.23819866440175
2,47,31.845337524223854
2,48,33.167888491925254
2,49,32.46859806784607
2,50,28.704010766715257
2,51,27.124071896410406
2,52,23.886730536487843
2,53,24.335626725510537
2,54,22.215210261598763
2,55,19.792102649892847
2,56,18.1181220528597
2,57,21.487496374828133
2,58,22.871020431451395
2,59,26.54320339484824
2,60,29.14921821244543
2,61,32.8251767636028
2,62,36.030900027775104
2,63,34.436021744944014
2,64,36.08553225308651
2,65,36.49819027354721
2,66,34.51932525286312
2,67,31.387319500036977
2,68,31.272402951376698
2,69,28.42289064279926
2,70,24.79037380287902
2,71,22.225820174091957
2,72,18.57735833634643
2,73,15.641104364234648
2,74,13.054307914671213
2,75,9.818829428961571
2,76,8.704085477560392
2,77,6.828478962051608
2,78,8.996396343983523
2,79,6.813514924499776
2,80,6.272303323543081
2,81,7.991130165354826
2,82,9.191996890617949
2,83,12.79099587034197
2,84,15.3657055304932
2,85,18.952452909401494
2,86,22.334711213243974
2,87,25.93229595582028
2,88,28.243841751177747
2,89,31.95552233523277
2,90,34.24499103026906
2,91,37.91302710273615
3,1,6.980055654401291
3,2,3.8798431704534058
3,4,3.854699787371445
3,5,6.738646820441343
3,6,9.390602879570174
3,7,12.098537182801259
3,8,12.729627021970078
3,9,16.127825403514485
3,10,19.161357018963166
3,11,21.904465049215144
3,12,25.03072994659191
3,13,28.654818924529934
3,14,29.642763115881028
3,15,33.084399002574834
3,16,34.25188988670032
3,17,34.50613682699084
3,18,32.09280124320421
3,19,28.88163258483891
3,20,25.5422997546629
3,21,21.93698606457141
3,22,18.51736261543911
3,23,16.00233392673763
3,24,12.240799294286706
3,25,10.473887654664873
3,26,6.737761869474071
3,27,5.674831250704605
3,28,4.237476277520229
3,29,6.863102290922529
3,30,8.464657048103737
3,31,8.160723101457874
3,32,6.384537224268588
3,33,9.423881009650977
3,34,10.228216979055972
3,35,13.134051490778049
3,36,15.363329512986827
3,37,17.520317830904478
3,38,20.63713666955102
3,39,22.14374607909853
3,40,20.046039899261103
3,41,21.330624916926883
3,42,19.632367756261726
3,43,20.885810660238587
3,44,23.80905999295077
3,45,24.496408496255057
3,46,28.2103768521035
3,47,28.538970167938157
3,48,29.85362611282254
3,49,28.93950760110273
3,50,25.19412884461961
3,51,23.765973994023188
3,52,20.661035651430975
3,53,21.178012942737553
3,54,19.325125261903597
3,55,16.869240571398624
3,56,14.792126963796267
3,57,17.98174421293253
3,58,19.273262246647636
3,59,22.899009129150393
3,60,25.43172167039534
3,61,29.124149076535865
3,62,32.28461161381299
3,63,30.621109139251324
3,64,32.30123439672278
3,65,32.71589309852165
3,66,30.838148697939555
3,67,27.642093144857718
3,68,27.515408908081127
3,69,24.76037361356963
3,70,21.157656260875694
3,71,18.497185724854198
3,72,14.915943359454753
3,73,11.883017448753424
3,74,9.646266186758668
3,75,6.460526395766423
3,76,6.688239185980511
3,77,6.683794770992171
3,78,9.937397316613657
3,79,8.601078919662195
3,80,6.4278553490639005
3,81,6.055624483608419
3,82,6.057268419308873
3,83,9.370766236708887
3,84,11.708795603741871
3,85,15.268713032481648
3,86,18.585924567781962
3,87,22.204944750224808
3,88,24.41509670657748
3,89,28.141331568409793
3,90,30.39121724243336
3,91,34.061241816429785
4,1,9.565663700050367
4,2,6.889953115629903
4,3,3.854699787371445
4,5,3.828031524915205
4,6,5.963034876981051
4,7,8.946640446807644
4,8,9.990688967130799
4,9,13.637849165537581
4,10,16.29763611386991
4,11,19.175666970096433
4,12,22.383067639421387
4,13,26.099581488709802
4,14,27.340236608774912
4,15,30.903712221415905
4,16,32.42693508542212
4,17,32.86497926649511
4,18,30.22433235961738
4,19,27.112358368684905
4,20,23.60866785586257
4,21,20.0704843810475
4,22,16.784788617185043
4,23,14.073951995867533
4,24,10.52759610621055
4,25,8.663611368905661
4,26,5.597854562476357
4,27,5.415885405279151
4,28,6.298059642936967
4,29,9.752183344272657
4,30,11.628579360634786
4,31,10.593065761293277
4,32,8.981949538519652
4,33,11.638060076738023
4,34,11.261546278860301
4,35,13.983706516485894
4,36,15.41082031893596
4,37,17.53240545648131
4,38,20.185491976888503
4,39,21.666334796420863
4,40,20.158484639573732
4,41,21.779335083738776
4,42,20.30647694010561
4,43,21.10464190615239
4,44,24.224043634099544
4,45,24.986997970630494
4,46,28.749545056801395
4,47,28.57144434609636
4,48,29.71052602052804
4,49,28.33244826752545
4,50,24.697758856879798
4,51,23.384398982897828
4,52,20.426790538467852
4,53,20.549511658110667
4,54,18.67532657417706
4,55,15.733527646800363
4,56,13.68610203938044
4,57,16.66635806950349
4,58,18.315844167814134
4,59,21.69826527393228
4,60,24.255904383064866
4,61,27.877942442824658
4,62,30.994739583713947
4,63,29.17822619945029
4,64,31.025311840566683
4,65,31.299668018714932
4,66,29.798173663702833
4,67,26.491700218791202
4,68,26.029359102558068
4,69,23.397060413889726
4,70,19.786480102765097
4,71,17.296274877610145
4,72,13.972177155706964
4,73,11.10754731616781
4,74,10.023239152301846
4,75,7.624793588969132
4,76,9.459105581175155
4,77,10.368452844697563
4,78,13.697138042974526
4,79,12.17422558614768
4,80,9.47677240988609
4,81,8.126574622020412
4,82,6.106527090385099
4,83,8.525127956131435
4,84,9.70788177170697
4,85,13.404549336164619
4,86,16.377269199661715
4,87,20.1105261899051
4,88,22.37425831607249
4,89,26.05461122500611
4,90,28.475647533885184
4,91,32.034902550765516
5,1,13.18534500425882
5,2,10.345824500501156
5,3,6.738646820441343
5,4,3.828031524915205
5,6,3.8273264759161525
5,7,5.536341070999753
5,8,6.237978003115471
5,9,9.905415243907564
5,10,12.713047994055179
5,11,15.77094008110372
5,12,18.797182776747977
5,13,22.508050331964846
5,14,23.611336779725885
5,15,27.153483339376415
5,16,28.72079336813501
5,17,29.130458647121475
5,18,26.43121583416471
5,19,23.337494914070998
5,20,19.810713114554805
5,21,16.293530921861098
5,22,13.065350351137207
5,23,10.34034126798421
5,24,6.955527132202013
5,25,5.709160103952302
5,26,4.120321999079711
5,27,6.394159711431955
5,28,8.726901121036422
5,29,12.37772716393377
5,30,13.737235190281078
5,31,11.682330822857312
5,32,9.665534324060564
5,33,11.357435842424328
5,34,9.77863498894373
5,35,12.155970343617959
5,36,12.924261581276111
5,37,15.212196126749905
5,38,17.559415713527788
5,39,19.350717330583137
5,40,18.351993789590786
5,41,19.84546864542001
5,42,18.31197675921216
5,43,18.565416059392366
5,44,21.677262426001153
5,45,22.41301486693595
5,46,26.167772273300816
5,47,25.633614582270077
5,48,26.63091020557154
5,49,24.99520396289056
5,50,21.453767590067045
5,51,20.25379127269568
5,52,17.499114645623564
5,53,17.543093983574014
5,54,15.984924493134452
5,55,13.037286264628694
5,56,10.633960553863634
5,57,13.254133967731489
5,58,14.922136819936483
5,59,18.14441703024512
5,60,20.678782717574652
5,61,24.25308767823832
5,62,27.35174849334006
5,63,25.53934616625597
5,64,27.522944675366258
5,65,27.890153504665584
5,66,26.597880945309413
5,67,23.173744240638563
5,68,22.762567054925118
5,69,20.398072397003546
5,70,16.937640740956006
5,71,14.274014341371553
5,72,11.317406219253655
5,73,8.37930193163378
5,74,8.58694219433636
5,75,7.046293275047864
5,76,10.208149434370519
5,77,12.20436210620876
5,78,15.81184817930718
5,79,14.961748911817233
5,80,11.961489472177208
5,81,9.557515556866873
5,82,6.549643742403539
5,83,7.250008313215185
5,84,7.153959816317349
5,85,10.581574289805323
5,86,13.188959182841623
5,87,16.955932578946545
5,88,18.92779053677925
5,89,22.62637735935494
5,90,24.918794998735397
5,91,28.473826745303384
6,1,14.805598972867463
6,2,12.40158930107623
6,3,9.390602879570174
6,4,5.963034876981051
6,5,3.8273264759161525
6,7,3.77399039179447
6,8,6.629378183039969
6,9,10.303605867455978
6,10,12.472583417675423
6,11,15.912897126042155
6,12,18.71397867803614
6,13,22.46289054684381
6,14,23.61414464585408
6,15,27.166029516267976
6,16,29.11664881185513
6,17,29.446275474221117
6,18,26.410820936152366
6,19,23.317891805814202
6,20,19.818240751053274
6,21,16.380320405023046
6,22,13.732974542224106
6,23,10.507925885918235
6,24,7.838619653839728
6,25,5.607264648041498
6,26,5.517896069854922
6,27,6.997123313278494
6,28,10.165771786136705
6,29,13.889355388897217
6,30,15.52157414704647
6,31,13.334858664926172
6,32,12.253478569563457
6,33,14.244005811090833
6,34,12.658631856865181
6,35,15.199718433686558
6,36,15.714306198964776
6,37,18.157120332121178
6,38,20.148458923990948
6,39,22.0638586354185
6,40,21.51107621817964
6,41,22.98067870611597
6,42,21.390703749524445
6,43,21.158234379466606
6,44,24.077314186394048
6,45,24.485815591954864
6,46,28.25290479477936
6,47,27.422550333009998
6,48,27.979478053155596
6,49,26.093005833336854
6,50,22.751429333993904
6,51,21.296188896549495
6,52,18.517148461727896
6,53,17.78228462385797
6,54,15.77989759862778
6,55,12.29214845586509
6,56,10.796947591542295
6,57,13.36045512169665
6,58,15.781621986236074
6,59,18.638220422248004
6,60,21.440587159688132
6,61,24.748248138234697
6,62,27.93039423984761
6,63,26.281264621519355
6,64,28.623163584527365
6,65,29.09089561372996
6,66,28.257600939842693
6,67,24.703378252766964
6,68,24.192743978120575
6,69,22.2030678786198
6,70,18.95771809679372
6,71,16.403821477543314
6,72,14.004519234820027
6,73,11.25791161901414
6,74,12.193304993572392
6,75,10.633905593790352
6,76,13.732034954862325
6,77,15.328830713406374
6,78,18.98197684347532
6,79,17.957803594846585
6,80,15.231550914871114
6,81,13.204810781614587
6,82,10.221846643053956
6,83,10.69899502496411
6,84,9.604496822658902
6,85,12.61600586252807
6,86,14.423112560834126
6,87,18.13487436602187
6,88,19.82225146575051
6,89,23.381947949446946
6,90,25.62015075756937
6,91,29.00298626741082
7,1,18.15839359713543
7,2,15.522172921952968
7,3,12.098537182801259
7,4,8.946640446807644
7,5,5.536341070999753
7,6,3.77399039179447
7,8,3.7610550111634513
7,9,6.957921686798152
7,10,9.074169124834892
7,11,12.72242381146034
7,12,15.218327635430361
7,13,18.92676764540448
7,14,19.928077073370922
7,15,23.44880157417792
7,16,25.457956856426126
7,17,25.79083611713261
7,18,22.702228069686925
7,19,19.67403065495396
7,20,16.146171459021975
7,21,12.807750067821212
7,22,10.393697692377607
7,23,7.254742545166866
7,24,5.582480289428426
7,25,4.915182196235124
7,26,7.007154052182044
7,27,9.748235463470408
7,28,13.10579546370482
7,29,16.80124722157925
7,30,18.0240099716151
7,31,15.303518624290199
7,32,13.826460317099617
7,33,14.91155988997195
7,34,12.458914128311427
7,35,14.348331087621876
7,36,14.079382215724683
7,37,16.468679617450835
7,38,17.977586568429977
7,39,20.10459530310364
7,40,20.107938621617482
7,41,21.428030209257127
7,42,19.892934505939532
7,43,19.11939408787438
7,44,21.95200377370883
7,45,22.36932770151706
7,46,26.021678900404588
7,47,24.799601420408894
7,48,25.21912373228126
7,49,23.035270590870265
7,50,19.882745357746384
7,51,18.652351683582715
7,52,16.25755061952523
7,53,15.456990683127897
7,54,13.991447538167385
7,55,10.686683011763519
7,56,8.84658625773742
7,57,10.582253658158628
7,58,12.95899382614047
7,59,15.444279667719806
7,60,18.128887443047923
7,61,21.325164027938495
7,62,24.42785218377568
7,63,22.760424684845066
7,64,25.2209137601867
7,65,25.756162975042137
7,66,25.180061589591
7,67,21.566316833365725
7,68,21.084711931072473
7,69,19.454082901075385
7,70,16.511094603161165
7,71,13.944314192972477
7,72,12.239363937324807
7,73,9.882633485170086
7,74,11.984516804145372
7,75,11.371033905910755
7,76,15.017839914204732
7,77,17.300450146242902
7,78,21.027527988406625
7,79,20.442596778477434
7,80,17.468256827868426
7,81,14.826359972503122
7,82,11.516112716420041
7,83,10.770524154845063
7,84,8.564429790385725
7,85,10.675134256861798
7,86,11.730707963536402
7,87,15.286148987929588
7,88,16.558530133206347
7,89,20.057992790385956
7,90,22.133652540654197
7,91,25.472039565724852
8,1,19.398831213050023
8,2,16.489240781901017
8,3,12.729627021970078
8,4,9.990688967130799
8,5,6.237978003115471
8,6,6.629378183039969
8,7,3.7610550111634513
8,9,3.7827940315002024
8,10,6.624566524991962
8,11,9.934868064034283
8,12,12.66334857577078
8,13,16.368962154117487
8,14,17.446683350763834
8,15,21.02799865707124
8,16,22.813784716565202
8,17,23.415197109872548
8,18,20.616305491239064
8,19,17.7539288537604
8,20,14.07761292524429
8,21,10.84387559999649
8,22,7.864169150971433
8,23,5.750455649193463
8,24,4.542266322371903
8,25,6.386954661105549
8,26,8.317390528982624
8,27,11.717225909309645
8,28,14.602370345253934
8,29,18.199052842505015
8,30,19.13283274742369
8,31,16.38477122514973
8,32,14.098407764158416
8,33,14.356593338605908
8,34,11.293928670342805
8,35,12.238001360265251
8,36,11.209936558783367
8,37,13.155125371541944
8,38,14.375730382389671
8,39,16.39936794603535
8,40,16.611392404688115
8,41,18.048717172223004
8,42,16.830870982617295
8,43,16.0830206213868
8,44,19.17498402100302
8,45,20.07575610597583
8,46,23.595006872203864
8,47,22.23875889213335
8,48,23.049631528751984
8,49,20.747839723813797
8,50,17.57817678162952
8,51,16.96313504103923
8,52,15.035522669854872
8,53,14.996731156029012
8,54,14.44077512513044
8,55,11.838550618250371
8,56,8.973203180454508
8,57,9.8627320183112
8,58,11.220358955646965
8,59,13.6604306176012
8,60,15.808473791949941
8,61,19.205387395083704
8,62,22.063944919248414
8,63,20.039075497559143
8,64,22.17290038131156
8,65,22.484924851655546
8,66,21.717767875597257
8,67,18.188423119046533
8,68,17.581506376074145
8,69,15.763805815630594
8,70,12.75934527576602
8,71,10.23542143742854
8,72,8.698176899417822
8,73,6.958049517199635
8,74,9.764949825994517
8,75,10.346099011972292
8,76,14.209929284031501
8,77,17.131166561380287
8,78,20.702678919902052
8,79,20.357768466539518
8,80,17.051735456403417
8,81,13.854689735660566
8,82,10.37464726397329
8,83,8.514983635145478
8,84,5.617622901379584
8,85,7.0595618628217895
8,86,8.16708718468317
8,87,11.794874013002655
8,88,13.248360448598559
8,89,16.871834103678957
8,90,19.07870418760617
8,91,22.535992381552038
9,1,22.947161763141764
9,2,19.961877897046037
9,3,16.127825403514485
9,4,13.637849165537581
9,5,9.905415243907564
9,6,10.303605867455978
9,7,6.957921686798152
9,8,3.7827940315002024
9,10,3.7536528749933864
9,11,6.844325638906003
9,12,9.145629509240326
9,13,12.76103361863853
9,14,13.711686842482289
9,15,17.294042556618585
9,16,19.07732571216274
9,17,19.84378618859007
9,18,17.12368192189434
9,19,14.492836013715914
9,20,10.744268880780242
9,21,7.91195217821662
9,22,5.195682241413251
9,23,4.89542637886729
9,24,6.103985666045804
9,25,9.142147847197077
9,26,11.619021276009219
9,27,15.227753941063371
9,28,18.086374111613672
9,29,21.580289564256447
9,30,22.253925110484683
9,31,19.300662534335
9,32,16.81565448704792
9,33,16.334901218808124
9,34,12.801470939611294
9,35,12.736724128061482
9,36,10.642403165110544
9,37,12.07007382112707
9,38,12.389580729272353
9,39,14.508036697704208
9,40,15.50702028772718
9,41,16.78049159408966
9,42,15.848092755247995
9,43,14.516116244464818
9,44,17.49294070157
9,45,18.582840610798016
9,46,21.808968057691892
9,47,19.968998871197304
9,48,20.76770116211028
9,49,18.088106215448683
9,50,15.246013205265298
9,51,15.23955700878895
9,52,14.098056277659197
9,53,14.289051020375595
9,54,14.645572778886281
9,55,12.722852136959418
9,56,9.741178345658206
9,57,9.137802724634557
9,58,9.674122953283819
9,59,11.325035387245215
9,60,12.88795549899922
9,61,16.15412240039609
9,62,18.737145817267194
9,63,16.497231107543435
9,64,18.61335426769361
9,65,18.87258679946551
9,66,18.374612221660755
9,67,14.83276931617785
9,68,14.150374050933888
9,69,12.765728687275011
9,70,10.276123463509384
9,71,7.9859851104977295
9,72,7.913548401475203
9,73,7.530705705631823
9,74,11.172368432981763
9,75,12.70080281866293
9,76,16.562957639638732
9,77,19.84655611224092
9,78,23.29447462954589
9,79,23.259478928272387
9,80,19.867791446392243
9,81,16.394875046131347
9,82,13.017178700490248
9,83,10.339024683481645
9,84,6.942626813801473
9,85,6.2123143326399495
9,86,5.6416833734603875
9,87,8.78288075939825
9,88,9.654972002863069
9,89,13.24431424051497
9,90,15.3275379592986
9,91,18.776240762522566
10,1,25.806733498888647
10,2,22.911522895371505
10,3,19.161357018963166
10,4,16.29763611386991
10,5,12.713047994055179
10,6,12.472583417675423
10,7,9.074169124834892
10,8,6.624566524991962
10,9,3.7536528749933864
10,11,3.8306944314310303
10,12,6.261174588642482
10,13,10.029198094957033
10,14,11.704327699498617
10,15,15.442481042786097
10,16,17.789562565352817
10,17,19.059820733363164
10,18,16.234538388776468
10,19,14.200591176479447
10,20,10.501519885569637
10,21,8.742110815975678
10,22,7.389949228009631
10,23,7.846214751778919
10,24,9.66734826866402
10,25,12.297762934428658
10,26,14.863724161463528
10,27,18.264765025578818
10,28,21.221528261660815
10,29,24.821142907214586
10,30,25.69484704588329
10,31,22.823543237026723
10,32,20.418193394131723
10,33,20.06370597282303
10,34,16.53813444425555
10,35,16.27478964107863
10,36,13.804411098091405
10,37,14.596162977030614
10,38,14.063805641970879
10,39,15.625326279218543
10,40,17.304111360891834
10,41,18.882690636307007
10,42,18.48493891587261
10,43,16.990899284729338
10,44,19.8916003597977
10,45,21.144276983051196
10,46,24.0639943397178
10,47,21.780526474132536
10,48,22.459959252072043
10,49,19.357466874036525
10,50,17.054023267359486
10,51,17.480624766767185
10,52,16.875970511274005
10,53,16.802905905142026
10,54,17.340433379552906
10,55,15.394762019901922
10,56,12.893321529992802
10,57,11.760979291508638
10,58,12.254454428372862
10,59,12.940867784843329
10,60,13.902399061583319
10,61,16.643773860375177
10,62,18.73182136555757
10,63,16.18501488714002
10,64,18.234020675898204
10,65,18.051967553626408
10,66,18.20175509812926
10,67,14.914576502423524
10,68,13.514611746017826
10,69,12.541244021197272
10,70,10.62883446367109
10,71,9.556827354223305
10,72,10.384966760548991
10,73,10.912037533645291
10,74,14.485203873420284
10,75,16.2052599444564
10,76,20.032338794933708
10,77,23.285441020616283
10,78,26.685191608329884
10,79,26.385670242688356
10,80,22.85144967718315
10,81,19.381985790031457
10,82,15.815579696445358
10,83,12.972645939396733
10,84,9.202558794989868
10,85,7.722625671743402
10,86,5.441315556859333
10,87,7.598891566833649
10,88,8.338878240503156
10,89,11.40289667076451
10,90,13.819022794423574
10,91,16.874424149331794
11,1,28.57158547312077
11,2,25.64681089888336
11,3,21.904465049215144
11,4,19.175666970096433
11,5,15.77094008110372
11,6,15.912897126042155
11,7,12.72242381146034
11,8,9.934868064034283
11,9,6.844325638906003
11,10,3.8306944314310303
11,12,3.8237996502230636
11,13,7.301593506932525
11,14,9.828205319108704
11,15,13.559459563833625
11,16,15.943123939275116
11,17,17.91226573389659
11,18,15.540954496405083
11,19,14.292023887849238
11,20,10.9058244111173
11,21,10.289251869193937
11,22,9.414972290387311
11,23,11.000908582937464
11,24,12.937893571514708
11,25,15.871786390142892
11,26,18.20099853006952
11,27,21.63837846419819
11,28,24.36114921670945
11,29,27.901132027106794
11,30,28.731240545530348
11,31,25.975637507466136
11,32,23.269838977670716
11,33,22.60172499458478
11,34,18.980728826130157
11,35,18.05478848687143
11,36,15.035026437669352
11,37,14.896378745409411
11,38,13.447712169076826
11,39,14.30125536994055
11,40,16.641108580798143
11,41,18.465088243608232
11,42,18.774307276427464
11,43,17.324542648732823
11,44,20.255720466941913
11,45,21.99589438829116
11,46,24.501441148719536
11,47,21.945028345603156
11,48,22.92355599475976
11,49,19.621227664291446
11,50,17.75059466717472
11,51,18.941966879767293
11,52,18.981357465073167
11,53,19.339649138686465
11,54,20.410386701167667
11,55,18.84377510123971
11,56,16.17601603417684
11,57,14.618864722540545
11,58,14.324494802579299
11,59,14.423675303895946
11,60,14.384795145237673
11,61,16.79703493261342
11,62,18.15491354339405
11,63,15.074091174262575
11,64,16.517856501354967
11,65,15.646486999656089
11,66,16.04869983162553
11,67,13.237905230615093
11,68,11.034133585113164
11,69,10.197939642889814
11,70,8.972141788401489
11,71,9.298625442357064
11,72,11.064815973149004
11,73,12.757357189893286
11,74,16.246052951677203
11,75,18.59144020783235
11,76,22.25017605311531
11,77,25.6857754348043
11,78,28.85601641278533
11,79,28.545337724139124
11,80,24.86755668282269
11,81,21.268555453772137
11,82,17.791483734563403
11,83,14.539595385378552
11,84,10.851726166174965
11,85,8.26693356234536
11,86,4.757400045805717
11,87,4.896362751256828
11,88,5.7850989930753824
11,89,8.285191527460206
11,90,11.263434894378578
11,91,14.054673157503247
12,1,31.802701278357386
12,2,28.8378496791468
12,3,25.03072994659191
12,4,22.383067639421387
12,5,18.797182776747977
12,6,18.71397867803614
12,7,15.218327635430361
12,8,12.66334857577078
12,9,9.145629509240326
12,10,6.261174588642482
12,11,3.8237996502230636
12,13,3.771703627325827
12,14,6.1639500538848075
12,15,9.87972016517333
12,16,12.576064062635467
12,17,14.637221138316491
12,18,12.239814856509119
12,19,11.55924300610391
12,20,8.690000196474182
12,21,9.374343691831111
12,22,9.902541650059604
12,23,12.134410826969631
12,24,14.88245496430223
12,25,17.9604148141416
12,26,20.737254147729136
12,27,24.294614181799187
12,28,27.201853229147797
12,29,30.712365701899333
12,30,31.356932134502436
12,31,28.342965053271307
12,32,25.762299542676615
12,33,24.785428187568854
12,34,21.02952044571935
12,35,19.864649315984032
12,36,16.61785392652923
12,37,16.476851803388602
12,38,14.532850000198374
12,39,15.63784952998631
12,40,18.44051992810763
12,41,19.727261475198596
12,42,19.96106804884499
12,43,17.90461709172725
12,44,20.273061105326267
12,45,21.76590614409728
12,46,23.88987338309255
12,47,20.915586270960347
12,48,21.52065898608496
12,49,17.941285963556897
12,50,16.737429790820357
12,51,18.220731516367955
12,52,18.894538088551233
12,53,19.095662528136895
12,54,20.63911138364267
12,55,19.56122590204181
12,56,17.244085738521797
12,57,14.942369378276082
12,58,14.361426167292548
12,59,13.45389938408566
12,60,12.820072797382387
12,61,14.50810577644144
12,62,15.418209015302812
12,63,12.398188723549213
12,64,14.052179391190005
12,65,13.355975626868316
12,66,14.544285109137144
12,67,11.885176316642026
12,68,9.902891856334655
12,69,10.454291751410489
12,70,10.526884127479542
12,71,10.969523707998537
12,72,13.523564384781965
12,73,15.234914787680802
12,74,18.946753231930824
12,75,21.318333559649318
12,76,25.01323896727876
12,77,28.532109499059334
12,78,31.749260425589238
12,79,31.727669101336286
12,80,28.136545525785614
12,81,24.48788528104334
12,82,21.118461171177387
12,83,17.831272346280162
12,84,14.235874289813312
12,85,11.46265733055654
12,86,7.8007590449880855
12,87,6.569400805380113
12,88,4.998426879647302
12,89,6.25807966147723
12,90,8.482605675004265
12,91,10.96750724500429
13,1,35.47151263623108
13,2,32.479909918471364
13,3,28.654818924529934
13,4,26.099581488709802
13,5,22.508050331964846
13,6,22.46289054684381
13,7,18.92676764540448
13,8,16.368962154117487
13,9,12.76103361863853
13,10,10.029198094957033
13,11,7.301593506932525
13,12,3.771703627325827
13,14,3.845593971156867
13,15,6.966780092014881
13,16,9.913887461157902
13,17,12.586680448489547
13,18,10.728125309450675
13,19,11.233314036754944
13,20,9.443218612853613
13,21,11.38156470119232
13,22,12.649111405348293
13,23,15.305468522394293
13,24,18.291153054466555
13,25,21.47780214125171
13,26,24.336698628434092
13,27,27.94701682681993
13,28,30.841797177169262
13,29,34.30670777925486
13,30,34.840397229933515
13,31,31.75971807336712
13,32,29.1321469113859
13,33,27.892011515355886
13,34,24.08528094963695
13,35,22.57185036664168
13,36,19.102217457781027
13,37,18.57654070140048
13,38,16.064928591542806
13,39,16.88576068839901
13,40,20.124898249642726
13,41,21.168479242926047
13,42,21.691674408438963
13,43,19.404396759277564
13,44,21.348312802668314
13,45,22.88555212093313
13,46,24.480784907220947
13,47,21.189749575677588
13,48,21.692941106327485
13,49,17.97469679591459
13,50,17.53246474675119
13,51,19.509169003083848
13,52,20.81499990265385
13,53,21.120643381579775
13,54,23.088965210460927
13,55,22.42644866651179
13,56,20.256389235542134
13,57,17.554868151106582
13,58,16.558710131848795
13,59,14.924606922122939
13,60,13.454561622259394
13,61,14.267279907596336
13,62,14.24807531575571
13,63,11.115050476058483
13,64,12.335952645971696
13,65,11.273961476226871
13,66,13.31898872002569
13,67,11.389572498965983
13,68,9.262170014374831
13,69,10.955553792214532
13,70,12.22124236121786
13,71,13.282539998620209
13,72,16.340324315348656
13,73,18.388099452621383
13,74,22.075795278793382
13,75,24.654147955914667
13,76,28.26553714306734
13,77,31.87318819876352
13,78,35.00002398693733
13,79,35.12006562351542
13,80,31.52935029825768
13,81,27.8292787154704
13,82,24.570057365407038
13,83,21.163651369895057
13,84,17.695800243692073
13,85,14.63428009317793
13,86,10.904732920832105
13,87,8.60237690902501
13,88,6.046752789674942
13,89,4.808696437136642
13,90,6.14924280866413
13,91,7.675074073846965
14,1,36.55821640495167
14,2,33.51514135507739
14,3,29.642763115881028
14,4,27.340236608774912
14,5,23.611336779725885
14,6,23.61414464585408
14,7,19.928077073370922
14,8,17.446683350763834
14,9,13.711686842482289
14,10,11.704327699498617
14,11,9.828205319108704
14,12,6.1639500538848075
14,13,3.845593971156867
14,15,3.76892248249998
14,16,6.659817608547698
14,17,8.850743518470326
14,18,6.903750759019805
14,19,7.831384104318197
14,20,7.015619718905935
14,21,9.94150334784302
14,22,12.09346056390053
14,23,15.082200552506002
14,24,18.451853906809816
14,25,21.740041423347225
14,26,24.844662529816972
14,27,28.55139616585917
14,28,31.509496170395607
14,29,34.84602644478914
14,30,35.10279914923473
14,31,31.79810593888766
14,32,29.302285813720125
14,33,27.730680884374
14,34,23.90734817808935
14,35,22.253657185573534
14,36,18.813600173658887
14,37,18.548267896085306
14,38,16.05853893816099
14,39,17.476558793802255
14,40,20.678190287106975
14,41,21.02596639234517
14,42,21.15206134622273
14,43,18.354771409782163
14,44,19.655006744530738
14,45,20.774297357294326
14,46,22.073433480668367
14,47,18.578563739357595
14,48,18.66938250911109
14,49,14.88017693556681
14,50,14.993759497959394
14,51,17.08347728464003
14,52,18.882364614368676
14,53,19.17463193809384
14,54,21.57110568630017
14,55,21.501564650635263
14,56,19.577550004565875
14,57,16.406146194484737
14,58,15.06848820756156
14,59,12.717367212171789
14,60,10.775660318134118
14,61,10.874443607634417
14,62,10.594251948225052
14,63,7.800965268459174
14,64,9.643202658139659
14,65,9.593723144689347
14,66,11.992788228051797
14,67,9.95295639530637
14,68,9.098139258628219
14,69,11.694621112413515
14,70,13.400387783349542
14,71,13.847157757068093
14,72,17.14443493877545
14,73,18.918166091832084
14,74,22.689084161087454
14,75,25.176116072317903
14,76,28.74337625082851
14,77,32.38023337269809
14,78,35.529704912081606
14,79,36.0430099510499
14,80,32.62898908194353
14,81,28.919792603458536
14,82,25.859813356741213
14,83,22.512007712096548
14,84,19.241860033871056
14,85,16.226097060910305
14,86,12.737994100331916
14,87,10.670336031783476
14,88,7.177815073670824
14,89,5.998035422626134
14,90,4.8623880429584165
14,91,6.534738916157074
15,1,40.023501739926246
15,2,36.96236271797889
15,3,33.084399002574834
15,4,30.903712221415905
15,5,27.153483339376415
15,6,27.166029516267976
15,7,23.44880157417792
15,8,21.02799865707124
15,9,17.294042556618585
15,10,15.442481042786097
15,11,13.559459563833625
15,12,9.87972016517333
15,13,6.966780092014881
15,14,3.76892248249998
15,16,3.7821761565442134
15,17,6.327748479898725
15,18,5.507993783952951
15,19,8.141438727328534
15,20,9.013450630224282
15,21,12.515717448418993
15,22,15.089096139095407
15,23,18.185983717518145
15,24,21.674375464827445
15,25,24.97108388024143
15,26,28.158171823412715
15,27,31.885150319050886
15,28,34.84548356268626
15,29,38.10069458136786
15,30,38.20503562963728
15,31,34.80937387617859
15,32,32.361299006358934
15,33,30.556269600930978
15,34,26.75920163115596
15,35,24.904337282424247
15,36,21.44664190645665
15,37,21.05485625150521
15,38,18.350866460047744
15,39,19.718684776285656
15,40,23.052711551103926
15,41,23.007953096617197
15,42,23.174340299015142
15,43,20.1532136820747
15,44,20.842441475688418
15,45,21.759027693182098
15,46,22.46490497608787
15,47,18.765216955722277
15,48,18.537956537867267
15,49,14.821494702131892
15,50,15.858839925935667
15,51,18.21729340152115
15,52,20.56433348166223
15,53,20.8836190378615
15,54,23.61405201944599
15,55,23.999257885100423
15,56,22.315632832630936
15,57,18.893063826243047
15,58,17.29735962555142
15,59,14.396481288162425
15,60,11.87912405620134
15,61,10.76509819057286
15,62,9.290003487105725
15,63,7.123281033386454
15,64,8.580672379209288
15,65,8.867813170313479
15,66,12.054170125120002
15,67,10.889058908387936
15,68,10.644142978278493
15,69,13.928375602592027
15,70,16.246939107076848
15,71,16.824703810678226
15,72,20.299703932935376
15,73,22.124313812746298
15,74,25.84121696783389
15,75,28.37422803083829
15,76,31.84799606438979
15,77,35.511745089937115
15,78,38.597773688922054
15,79,39.31616972047076
15,80,35.97384759475679
15,81,32.25585023607718
15,82,29.32574415842252
15,83,25.95985076044684
15,84,22.81759002706712
15,85,19.723670678663648
15,86,16.303573750205334
15,87,13.968078113745
15,88,10.338597977465406
15,89,8.308066074279411
15,90,5.577215768597713
15,91,5.287619950368777
16,1,41.22387727111979
16,2,38.11887097039737
16,3,34.25188988670032
16,4,32.42693508542212
16,5,28.72079336813501
16,6,29.11664881185513
16,7,25.457956856426126
16,8,22.813784716565202
16,9,19.07732571216274
16,10,17.789562565352817
16,11,15.943123939275116
16,12,12.576064062635467
16,13,9.913887461157902
16,14,6.659817608547698
16,15,3.7821761565442134
16,17,3.8730260702688493
16,18,5.475849856700446
16,19,8.489126879727808
16,20,10.18617162141887
16,21,13.69129861036953
16,22,16.149900897731904
16,23,19.555135762922593
16,24,22.941706562253213
16,25,26.414967577843477
16,26,29.46937436554763
16,27,33.25966891871066
16,28,36.02715359591479
16,29,39.09035628211318
16,30,38.93627877059009
16,31,35.53169355287836
16,32,32.980546329479196
16,33,30.78376397534898
16,34,27.060935969616796
16,35,24.818820893654568
16,36,21.33845984625641
16,37,20.699465750177584
16,38,17.83607811903034
16,39,19.23647352046738
16,40,22.551549301698234
16,41,21.990809814282386
16,42,22.195066235817894
16,43,19.061588900910394
16,44,19.18793867683006
16,45,20.110465099550066
16,46,20.22941503881699
16,47,16.475916643169484
16,48,16.347140892808284
16,49,12.883042820786057
16,50,14.5645576011428
16,51,17.401181075859323
16,52,20.251766839281306
16,53,21.056722822462348
16,54,24.206809199400023
16,55,25.110768040820364
16,56,23.30141673492313
16,57,19.76777490969981
16,58,17.571539904873816
16,59,14.501903260597173
16,60,11.299183578016976
16,61,9.616519869209382
16,62,7.032443384353387
16,63,5.074448945717793
16,64,5.598889963871191
16,65,6.634511993092164
16,66,9.922881370617837
16,67,9.486648192668449
16,68,10.213509604553096
16,69,13.898301938197221
16,70,16.692964408707244
16,71,17.252816875199027
16,72,20.88440346507445
16,73,22.839193808132897
16,74,26.363813475272455
16,75,29.054519490273876
16,76,32.290748057074424
16,77,36.004316285747436
16,78,38.89867852778409
16,79,39.93594829047438
16,80,36.72262024716272
16,81,33.005501292316936
16,82,30.379084882552565
16,83,26.986143796620958
16,84,24.19417468370589
16,85,20.977287126670284
16,86,17.848461916507965
16,87,15.360323047068178
16,88,11.628187449758906
16,89,9.551542997202851
16,90,5.880247527412818
16,91,5.391219902794141
17,1,41.409775646093735
17,2,38.33038167604349
17,3,34.50613682699084
17,4,32.86497926649511
17,5,29.130458647121475
17,6,29.446275474221117
17,7,25.79083611713261
17,8,23.415197109872548
17,9,19.84378618859007
17,10,19.059820733363164
17,11,17.91226573389659
17,12,14.637221138316491
17,13,12.586680448489547
17,14,8.850743518470326
17,15,6.327748479898725
17,16,3.8730260702688493
17,18,3.7795549792396357
17,19,6.81565973853103
17,20,9.723531652488797
17,21,13.245363541412459
17,22,16.13141988093665
17,23,19.350289807135564
17,24,22.836387155519127
17,25,26.14832861003678
17,26,29.339578414081036
17,27,33.07203975507044
17,28,35.8864091404745
17,29,38.80304437011195
17,30,38.444878988310364
17,31,34.89012843656665
17,32,32.60347586823807
17,33,30.27716278170996
17,34,26.679475086589854
17,35,24.577565722520575
17,36,21.406859106137937
17,37,21.272890407138142
17,38,18.849347088563373
17,39,20.845694907854423
17,40,23.81197948506772
17,41,22.733880357303907
17,42,22.348582267991326
17,43,18.879444142859644
17,44,18.354367490400957
17,45,18.558348895562244
17,46,18.48864216195276
17,47,14.717579140063595
17,48,13.816369645708678
17,49,10.489431644601954
17,50,12.816554732913684
17,51,15.35166106676675
17,52,18.475654468177364
17,53,19.092646581192863
17,54,22.430947285783652
17,55,23.817881504635384
17,56,22.403441559992764
17,57,18.71132504223652
17,58,16.505920249878056
17,59,13.036477860263107
17,60,9.888109310055972
17,61,7.116704195208424
17,62,4.050800924853908
17,63,4.600365217626127
17,64,6.5030024697225395
17,65,9.176753662763975
17,66,11.705945853915962
17,67,10.834954593372162
17,68,12.63107933411292
17,69,16.13485306845132
17,70,18.602548724897797
17,71,18.437610704989524
17,72,21.86600197216318
17,73,23.31546663018188
17,74,26.80570720162737
17,75,29.192191442774845
17,76,32.35992926744788
17,77,35.965030339979194
17,78,38.90146050519063
17,79,40.21914838124125
17,80,37.222857374422674
17,81,33.598807643467325
17,82,31.130560290445906
17,83,27.94601381799992
17,84,25.315343406332627
17,85,22.39092030621199
17,86,19.558649315330698
17,87,17.618253847304707
17,88,13.830618100089376
17,89,12.566240535506774
17,90,9.03682079573388
17,91,9.251005223407422
18,1,38.953976072190216
18,2,35.91753338423529
18,3,32.09280124320421
18,4,30.22433235961738
18,5,26.43121583416471
18,6,26.410820936152366
18,7,22.702228069686925
18,8,20.616305491239064
18,9,17.12368192189434
18,10,16.234538388776468
18,11,15.540954496405083
18,12,12.239814856509119
18,13,10.728125309450675
18,14,6.903750759019805
18,15,5.507993783952951
18,16,5.475849856700446
18,17,3.7795549792396357
18,19,3.7124760971811086
18,20,6.6482934233009425
18,21,10.320975554795993
18,22,13.576764939101357
18,23,16.481663641511126
18,24,20.13034719818575
18,25,23.250556439114053
18,26,26.624667456691654
18,27,30.296794708402064
18,28,33.30376967126522
18,29,36.34355036208438
18,30,36.146248995201795
18,31,32.53564609701486
18,32,30.430578004432558
18,33,28.426866529320858
18,34,24.784553813063074
18,35,23.119201864601667
18,36,20.080753017912944
18,37,20.42788526814599
18,38,18.361599518359565
18,39,20.642589181106054
18,40,23.465473317576972
18,41,22.690588663631775
18,42,22.007493091948714
18,43,18.515536139655286
18,44,18.449195342699277
18,45,18.456033840089333
18,46,19.132156468032555
18,47,15.455659400608887
18,48,14.344487911114692
18,49,10.689328653109392
18,50,12.191846919529922
18,51,14.078608686826263
18,52,16.710889115871126
18,53,16.779103646085435
18,54,19.794816203214133
18,55,20.846122110171923
18,56,19.638328167922534
18,57,15.942023196114397
18,58,14.282855523986388
18,59,10.776855623211816
18,60,8.366578283913178
18,61,6.101195840214456
18,62,5.214715293399743
18,63,5.284417962599677
18,64,8.549817414946373
18,65,10.899256771287078
18,66,13.201577130504322
18,67,11.31232773907394
18,68,12.71853774350328
18,69,15.808604123985551
18,70,17.66528198258822
18,71,17.103884102999682
18,72,20.293195630383277
18,73,21.374767730174867
18,74,25.045462754354833
18,75,27.15539128060272
18,76,30.53212350620154
18,77,34.05529901074315
18,78,37.20243035427641
18,79,38.33171459481262
18,80,35.303720844984376
18,81,31.71408788399064
18,82,29.038513700210807
18,83,25.97585427935408
18,84,23.123027595526327
18,85,20.463858792548592
18,86,17.57994023203281
18,87,16.128172541240836
18,88,12.4100451130358
18,89,11.803284168068524
18,90,8.964163236779546
18,91,9.972817219140243
19,1,35.66932190505128
19,2,32.663593211448784
19,3,28.88163258483891
19,4,27.112358368684905
19,5,23.337494914070998
19,6,23.317891805814202
19,7,19.67403065495396
19,8,17.7539288537604
19,9,14.492836013715914
19,10,14.200591176479447
19,11,14.292023887849238
19,12,11.55924300610391
19,13,11.233314036754944
19,14,7.831384104318197
19,15,8.141438727328534
19,16,8.489126879727808
19,17,6.81565973853103
19,18,3.7124760971811086
19,20,3.7711119456320077
19,21,7.048065390977475
19,22,10.486232976186221
19,23,13.16743553700989
19,24,16.812918242986235
19,25,19.82932568036519
19,26,23.235596333017337
19,27,26.8638237113468
19,28,29.882458163338395
19,29,32.867001848622245
19,30,32.62749269322441
19,31,28.971112924564935
19,32,27.000692462388283
19,33,25.06784751484525
19,34,21.48305002740207
19,35,20.09078619184194
19,36,17.325325525507175
19,37,18.208544671010763
19,38,16.70803595777904
19,39,19.462849322373845
19,40,21.87065014801535
19,41,21.026969039899367
19,42,19.86319726192298
19,43,16.32478975439341
19,44,16.393124863983484
19,45,16.088339936360708
19,46,17.36149615021278
19,47,13.934779511835025
19,48,12.71997906200443
19,49,9.043048031632303
19,50,9.671889726164778
19,51,10.958178644726974
19,52,13.247753636388053
