1,2,3.806131621820232
1,3,6.781205195602377
1,4,10.308026139438685
1,5,12.669680789691839
1,6,15.62892340042083
1,7,16.257197937604623
1,8,19.622337199820553
1,9,22.650689372616334
1,10,25.752187254298008
1,11,28.710463632200256
1,12,32.28304117627828
1,13,33.31585307542246
1,14,36.72173767498883
1,15,37.922481241340094
1,16,38.03763542556689
1,17,35.578831159572964
1,18,32.340864749273585
1,19,29.13907476186417
1,20,25.475877265968528
1,21,22.220400388597433
1,22,19.45825104834416
1,23,15.695900936511816
1,24,13.927026684419715
1,25,10.191343356307396
1,26,8.080995992900638
1,27,5.100054686577239
1,28,6.170535523480161
1,29,7.874774691006793
1,30,9.125534821055862
1,31,8.43331433061767
1,32,11.735256997926415
1,33,13.461368875735864
1,34,15.965389078352867
1,35,18.70734833927472
1,36,20.596921682028466
1,37,23.87778974656872
1,38,25.395839029036914
1,39,23.07545964499828
1,40,24.03751571614643
1,41,22.14353486673418
1,42,23.873484473195944
1,43,26.357878854153224
1,44,25.97929865471158
1,45,29.246864478386087
1,46,31.5402421676899
1,47,32.63654766714962
1,48,32.256979108790006
1,49,28.518341538573374
1,50,26.65609690206815
1,51,23.112207301182035
1,52,23.31399921073248
1,53,21.059503537571512
1,54,18.370009606493568
1,55,17.19910183728971
1,56,20.73429907708287
1,57,22.530881175888908
1,58,26.24721475044516
1,59,29.009402310148463
1,60,32.60147520480311
1,61,35.86144386591457
1,62,34.21562606160994
1,63,35.91871581761736
1,64,36.35948580268978
1,65,34.3907241192588
1,66,31.210565959580794
1,67,31.11685641350794
1,68,28.256097215692954
1,69,24.765742362845746
1,70,22.196666769462873
1,71,18.57043593791888
1,72,15.675924177651984
1,73,12.989068781568205
1,74,9.815377862428377
1,75,8.467204868525622
1,76,6.563958681405472
1,77,8.189869051585841
1,78,5.508357383271964
1,79,5.821363497529385
1,80,7.424046970571192
1,81,8.886647635409153
1,82,12.596692516353695
1,83,15.252037267810865
1,84,18.914820962359705
1,85,22.189866987304473
1,86,25.798387562130777
1,87,28.02741211955634
1,88,31.76278693735485
1,89,34.00366037127684
1,90,37.632627606861554
2,1,3.806131621820232
2,3,3.782737092828568
2,4,6.739358652408358
2,5,9.475572290011746
2,6,12.077530795269501
2,7,12.537933286930663
2,8,15.858857430375933
2,9,18.963395522500058
2,10,22.122575859077696
2,11,24.987253640852586
2,12,28.55650272136506
2,13,29.535467087696933
2,14,32.94131095049282
2,15,34.194342059120004
2,16,34.33020865656595
2,17,31.824821667915817
2,18,28.61757104777807
2,19,25.37192236303091
2,20,21.723471551336065
2,21,18.439757205717637
2,22,15.691936060048368
2,23,11.916943011582385
2,24,10.337714550527227
2,25,6.660645177220186
2,26,5.5548357034535485
2,27,4.329753112781978
2,28,7.12681461259131
2,29,8.408012743758505
2,30,7.975378016354189
2,31,6.206210524649815
2,32,9.40461247255769
2,33,10.384231584054817
2,34,13.038184432758218
2,35,15.5066581143668
2,36,17.58880575897659
2,37,20.72493883070954
2,38,22.447227859333577
2,39,20.468412465056893
2,40,21.450395046068305
2,41,19.516265118337728
2,42,20.89822232917524
2,43,23.510901898200572
2,44,23.006247221566376
2,45,26.43305632338277
2,46,28.509161464286553
2,47,29.519427855281535
2,48,28.894130848855447
2,49,25.187262941272227
2,50,23.400942790471692
2,51,19.940820446913992
2,52,20.136230081992704
2,53,18.0757995269082
2,54,15.244057102122472
2,55,13.784627963852397
2,56,17.180028975481505
2,57,18.976190466880617
2,58,22.6620671654311
2,59,25.41575016520771
2,60,29.008741122582357
2,61,32.24196148036092
2,62,30.558298011394033
2,63,32.34328704092981
2,64,32.8132650572645
2,65,30.99484984836927
2,66,27.714109346969625
2,67,27.613109294644435
2,68,24.88747967448258
2,69,21.465994027177032
2,70,18.75745244675629
2,71,15.248200182738643
2,72,12.188653426577444
2,73,9.927135188814383
2,74,6.631933465736723
2,75,6.617608985385051
2,76,6.356593239056623
2,77,9.426008098464022
2,78,7.855468239303217
2,79,6.589942278754367
2,80,6.009513162446343
2,81,6.274100192284357
2,82,9.651509826905613
2,83,11.929348509915448
2,84,15.541647555368582
2,85,18.68197178850789
2,86,22.303257581468582
2,87,24.39524339104756
2,88,28.1398381397072
2,89,30.325516092632807
2,90,33.943155356215414
3,1,6.781205195602377
3,2,3.782737092828568
3,4,3.837121979497335
3,5,6.2625880752352465
3,6,9.103751838176573
3,7,9.978178890070415
3,8,13.592471718822978
3,9,16.25136496151245
3,10,19.460001630654777
3,11,22.483106450209316
3,12,26.14953500806176
3,13,27.450090236390988
3,14,31.00857131623113
3,15,32.601086589467414
3,16,33.00481733132173
3,17,30.31932626774274
3,18,27.290757096438746
3,19,23.836988986240875
3,20,20.320236041100134
3,21,16.900037509964225
3,22,14.16119331190745
3,23,10.45534542990078
3,24,8.746413616547718
3,25,5.735522948525805
3,26,5.590219411839855
3,27,6.44983887709707
3,28,10.032419385666927
3,29,11.638804832539162
3,30,10.464584879380281
3,31,8.630726199803684
3,32,11.47787268289862
3,33,11.357456998745969
3,34,13.886401450504401
3,35,15.574453412506273
3,36,17.507498000890706
3,37,20.183946199765757
3,38,21.751796618790397
3,39,20.267825335761714
3,40,21.712786496822698
3,41,20.14341180321998
3,42,21.197440881388342
3,43,24.11477609502256
3,44,23.579154059651263
3,45,27.195427944001985
3,46,28.859242271747018
3,47,29.778956582704055
3,48,28.665052817400422
3,49,25.075717442444777
3,50,23.49603582619467
3,51,20.2607347348034
3,52,20.25802397963946
3,53,18.33840716537475
3,54,15.094032098452205
3,55,13.58089197958775
3,56,16.530384867431472
3,57,18.445035900921336
3,58,21.946028056601797
3,59,24.6261621722187
3,60,28.190211975761077
3,61,31.28439431013473
3,62,29.37486722833949
3,63,31.216821826576343
3,64,31.45210700864417
3,65,29.952930328623857
3,66,26.61342357527911
3,67,26.105851235892573
3,68,23.434140771173308
3,69,19.96125922040156
3,70,17.498312888873304
3,71,14.20781247707399
3,72,11.43927339410451
3,73,10.19888722139053
3,74,7.625420183837233
3,75,9.192594401157459
3,76,9.917944124829619
3,77,13.11437888641855
3,78,11.339713848278071
3,79,9.452130401890477
3,80,7.918533264065259
3,81,6.152885815585615
3,82,8.591948910619989
3,83,9.856872620653059
3,84,13.551352123580811
3,85,16.40381722027494
3,86,20.144396117477395
3,87,22.392208445281067
3,88,26.081532036754588
3,89,28.504565620552935
3,90,31.977385141840948
4,1,10.308026139438685
4,2,6.739358652408358
4,3,3.837121979497335
4,5,3.788682545314791
4,6,5.501842091592291
4,7,6.2195081727713015
4,8,9.85952095923846
4,9,12.550415249787056
4,10,15.89529987782102
4,11,18.77266874904588
4,12,22.449503104881924
4,13,23.691167529588746
4,14,27.255706331323626
4,15,28.950413701938707
4,16,29.385087122684126
4,17,26.62108455387777
4,18,23.6596105086071
4,19,20.14704387444962
4,20,16.69979312159154
4,21,13.2685300029705
4,22,10.577064585743711
4,23,7.018725157005576
4,24,5.773022273969495
4,25,4.2032700136062715
4,26,6.387266628621026
4,27,8.855706241747887
4,28,12.508907737560339
4,29,13.655036200115587
4,30,11.484687737901437
4,31,9.224120706372306
4,32,11.185041941175907
4,33,9.950109778069898
4,34,12.32311407750247
4,35,13.329001159393213
4,36,15.410885770786303
4,37,17.694699946914103
4,38,19.49242434298671
4,39,18.578014082811418
4,40,20.00460620872589
4,41,18.473136699626956
4,42,18.97766749708899
4,43,21.958527891586673
4,44,21.25361857851439
4,45,24.967469443022175
4,46,26.303073265246013
4,47,27.069438592406595
4,48,25.627737383562543
4,49,22.16414557281837
4,50,20.725018318491767
4,51,17.73723169292867
4,52,17.667530496632182
4,53,16.09847928497322
4,54,12.789844033919614
4,55,10.987889693396392
4,56,13.433238186447467
4,57,15.331202488363347
4,58,18.65529686475552
4,59,21.285600946367026
4,60,24.791261551309173
4,61,27.8189743541302
4,62,25.870805222560794
4,63,27.833410940130605
4,64,28.104871880599756
4,65,26.85599131296282
4,66,23.404016095629586
4,67,22.86398903425675
4,68,20.443665701697316
4,69,17.147502621078495
4,70,14.562951702370778
4,71,11.67796473747128
4,72,8.912903154512826
4,73,8.923477689563732
4,74,7.127603051374762
4,75,10.06762112518118
4,76,11.82975340111622
4,77,15.427117835559402
4,78,14.335301226912266
4,79,12.058053722515725
4,80,9.50185564131016
4,81,6.741743656331024
4,82,7.480893064571188
4,83,7.3919415259679555
4,84,10.743348666107877
4,85,13.18038711514398
4,86,16.91074961877607
4,87,18.92504800524612
4,88,22.59945280887147
4,89,24.942977670022614
4,90,28.37386084774559
5,1,12.669680789691839
5,2,9.475572290011746
5,3,6.2625880752352465
5,4,3.788682545314791
5,6,3.805679018354595
5,7,6.691432361777974
5,8,10.188009425428202
5,9,12.121851767592123
5,10,15.722695237825599
5,11,18.37766356833639
5,12,22.110244708127585
5,13,23.42127569604732
5,14,27.012810303198638
5,15,29.10572729358773
5,16,29.51327875741965
5,17,26.42614093459201
5,18,23.52453352258447
5,19,20.009037940813798
5,20,16.73526991230563
5,21,13.640038318720118
5,22,10.636422382336145
5,23,7.804161418524242
5,24,5.487681299285764
5,25,5.546816998494639
5,26,7.091757044572578
5,27,10.291589074086751
5,28,14.011058371291861
5,29,15.479857558062914
5,30,13.072711578808802
5,31,11.687852157772745
5,32,13.808036381324461
5,33,12.615766607539841
5,34,15.228605581220014
5,35,15.926148046377223
5,36,18.172884466035114
5,37,20.04148910563514
5,38,21.93421987556209
5,39,21.506506581929628
5,40,22.959369341681704
5,41,21.429766977662
5,42,21.447371521566772
5,43,24.300901410035028
5,44,23.202149343867156
5,45,26.926100975071186
5,46,28.06620909603305
5,47,28.4211408537127
5,48,26.681309505226668
5,49,23.446979181610168
5,50,21.835212349186023
5,51,18.987693557206406
5,52,18.24086026368221
5,53,16.39110230150546
5,54,12.740837346452508
5,55,11.811569524624645
5,56,13.844376742526602
5,57,16.29594974240968
5,58,19.196271035359125
5,59,21.99723143938285
5,60,25.223579604761266
5,61,28.24973828246236
5,62,26.419025822416664
5,63,28.696783355164264
5,64,29.02437611351235
5,65,28.24941428345079
5,66,24.675019852488735
5,67,23.98936821786129
5,68,21.951790045771638
5,69,18.902138880619447
5,70,16.434286272014507
5,71,14.147003862546176
5,72,11.590179578581173
5,73,12.354195652089826
5,74,10.589651105983123
5,75,13.534653575906617
5,76,14.931193106838164
5,77,18.52816897351627
5,78,17.32339897338097
5,79,15.440769493574958
5,80,13.191300950472304
5,81,10.462017262228178
5,82,10.855910922706965
5,83,9.759507329894683
5,84,12.557387578558513
5,85,14.152468527712376
5,86,17.78563635359457
5,87,19.541448837553396
5,88,23.0418674402672
5,89,25.34333309003687
5,90,28.54465216413439
6,1,15.62892340042083
6,2,12.077530795269501
6,3,9.103751838176573
6,4,5.501842091592291
6,5,3.805679018354595
6,7,3.739712604749187
6,8,6.693690267815515
6,9,8.470766906175234
6,10,12.18155879473663
6,11,14.640638467456611
6,12,18.35929418958129
6,13,19.623695786442447
6,14,23.221633406369396
6,15,25.379369645668987
6,16,25.880500526025568
6,17,22.780926341226
6,18,20.018973908443098
6,19,16.431415100661717
6,20,13.328281603538985
6,21,10.261222201240667
6,22,7.617170467211102
6,23,5.6691485564005655
6,24,4.953573191868837
6,25,7.021653442367736
6,26,9.836293668678591
6,27,13.252705004949142
6,28,16.848049689929297
6,29,17.861869697708045
6,30,14.989486429333231
6,31,13.122548228857783
6,32,14.295510738566504
6,33,12.188368235832915
6,34,14.232703455128712
6,35,14.109604107653501
6,36,16.253813359446056
6,37,17.586194765399064
6,38,19.586373461833524
6,39,19.730467388003287
6,40,21.14478569960673
6,41,19.784349287714353
6,42,19.312483449320887
6,43,22.183803366920763
6,44,21.056775962145398
6,45,24.77918558886768
6,46,25.520477635606373
6,47,25.806069816667716
6,48,23.73207642096558
6,49,20.693430117934486
6,50,19.394923549741257
6,51,16.980614611013962
6,52,16.346268768778884
6,53,15.14537960837059
6,54,11.761908474789077
6,55,10.389197510418079
6,56,11.475179478786988
6,57,13.628197062517552
6,58,16.201490134427186
6,59,18.78510125582238
6,60,21.933784196332102
6,61,24.802426586099855
6,62,22.87291966829519
6,63,25.18630726127624
6,64,25.495982638351727
6,65,24.95503845981837
6,66,21.349657181058838
6,67,20.607616807182925
6,68,18.85985344194299
6,69,16.104381481397464
6,70,13.669705701270791
6,71,12.05783770008491
6,72,9.95062544548581
6,73,11.847881617214282
6,74,11.083084182715913
6,75,14.615443608959978
6,76,16.73522541175941
6,77,20.481135013676774
6,78,19.730068040213705
6,79,17.447819010537092
6,80,14.577939287424552
6,81,11.486266303739512
6,82,10.639500245655281
6,83,8.415226100837181
6,84,10.2496977376848
6,85,11.121074142486794
6,86,14.562141995779696
6,87,16.014047274362973
6,88,19.445272714645714
6,89,21.660779287620066
6,90,24.81076475542459
7,1,16.257197937604623
7,2,12.537933286930663
7,3,9.978178890070415
7,4,6.2195081727713015
7,5,6.691432361777974
7,6,3.739712604749187
7,8,3.7324314699185184
7,9,6.455998227337849
7,10,9.870062433140431
7,11,12.572310865249337
7,12,16.23780744435113
7,13,17.527681246170697
7,14,21.148252754366165
7,15,22.99971769580133
7,16,23.70292626706252
7,17,20.930257584665114
7,18,18.2904464563958
7,19,14.611959360769543
7,20,11.529380029959174
7,21,7.990949643513618
7,22,6.340270319681208
7,23,4.551502266252323
7,24,6.303315272586761
7,25,8.101959876485289
7,26,11.561613848104257
7,27,14.58165443491114
7,28,18.030029081404756
7,29,18.638561844143396
7,30,15.78131161921717
7,31,13.135923250407597
7,32,13.500047685651792
7,33,10.658044112701486
7,34,11.804808591446005
7,35,11.02943773782667
7,36,12.77672692227022
7,37,13.93238636973712
7,38,15.848612352167898
7,39,16.09856510762422
7,40,17.59948483236449
7,41,16.512746742288996
7,42,16.09797949654622
7,43,19.20645160554293
7,44,18.50942944667741
7,45,22.23948978664696
7,46,22.786604128043642
7,47,23.46031557189598
7,48,21.34846726454644
7,49,18.24500124892582
7,50,17.463722744304484
7,51,15.322429876174112
7,52,15.476962743262147
7,53,15.059209361614139
7,54,12.24079310480118
7,55,9.785612154904602
7,56,10.411000300259655
7,57,11.58999867060159
7,58,14.307109396051398
7,59,16.44859925247164
7,60,19.846175948835032
7,61,22.536516916073534
7,62,20.312731549536682
7,63,22.28864302005092
7,64,22.422760484453438
7,65,21.60603291701795
7,66,18.088991813255426
7,67,17.304412240012496
7,68,15.315768034930786
7,69,12.4493310324639
7,70,9.978100289389737
7,71,8.404990758838476
7,72,6.793340194401051
7,73,9.358380370795114
7,74,9.756768569186468
7,75,13.528247968556576
7,76,16.318203972399264
7,77,20.006140320746194
7,78,19.553688214791784
7,79,16.786230601047254
7,80,13.418378273617149
7,81,10.15165730052502
7,82,8.250142239946948
7,83,5.439872520232931
7,84,6.691241481024835
7,85,7.799513801907466
7,86,11.341290399512467
7,87,12.983652144691199
7,88,16.589762096933256
7,89,18.911681453523343
7,90,22.251085151493488
8,1,19.622337199820553
8,2,15.858857430375933
8,3,13.592471718822978
8,4,9.85952095923846
8,5,10.188009425428202
8,6,6.693690267815515
8,7,3.7324314699185184
8,9,3.853492686616263
8,10,6.979359399356555
8,11,9.201694957385612
8,12,12.757871702726556
8,13,13.86143978182048
8,14,17.458914243762813
8,15,19.276962737770873
8,16,20.08499360136769
8,17,17.388016806812672
8,18,14.954485777196886
8,19,11.228679545268111
8,20,8.496745398594221
8,21,5.034781469930141
8,22,5.155942551423479
8,23,5.734225813650544
8,24,8.660622131170529
8,25,11.120307342147559
8,26,14.787405130940419
8,27,17.859500518333622
8,28,21.12091831244435
8,29,21.40266887321361
8,30,18.316448879417088
8,31,15.564187895144352
8,32,15.117747845645953
8,33,11.74644092717569
8,34,12.034622699086633
8,35,10.202279548768058
8,36,11.630686263400191
8,37,11.90407580428069
8,38,13.980626428487861
8,39,15.023834699231296
8,40,16.322411042706616
8,41,15.473636429343989
8,42,14.390998851499681
8,43,17.39764703884825
8,44,16.71384446750952
8,45,20.321089806901504
8,46,20.353791370817863
8,47,20.967727956913716
8,48,18.484573831221933
8,49,15.684004909272439
8,50,15.418383693759324
8,51,13.98910419421287
8,52,14.407063579220793
8,53,14.862300056890035
8,54,12.717674334392855
8,55,10.041254771954401
8,56,9.284694761577358
8,57,9.591842177998567
8,58,11.688665171892604
8,59,13.347786906562312
8,60,16.64661363967951
8,61,19.095680703842987
8,62,16.723293414426088
8,63,18.70567635635752
8,64,18.85062536490043
8,65,18.284861350415454
8,66,14.716280581699527
8,67,13.937394434754134
8,68,12.400905294478974
8,69,10.114355871725468
8,70,7.695053240160971
8,71,7.599718829278494
8,72,7.1391546665445835
8,73,10.649968838937532
8,74,11.957714039061932
8,75,15.745051618713543
8,76,18.873449219241216
8,77,22.513909602946605
8,78,22.46604874728195
8,79,19.58077358844153
8,80,15.993526098856385
8,81,12.87820593300953
8,82,10.267977756667303
8,83,7.0462912019984865
8,84,6.133896503369737
8,85,5.6232748065414535
8,86,8.526134933033203
8,87,9.520919796683906
8,88,13.097524436790726
8,89,15.23446090474292
8,90,18.589237661884844
9,1,22.650689372616334
9,2,18.963395522500058
9,3,16.25136496151245
9,4,12.550415249787056
9,5,12.121851767592123
9,6,8.470766906175234
9,7,6.455998227337849
9,8,3.853492686616263
9,10,3.8096588341571636
9,11,6.346408291211806
9,12,10.085164064177556
9,13,11.950801716036862
9,14,15.729363907174326
9,15,18.103999838038924
9,16,19.44014123748531
9,17,16.651400573178012
9,18,14.880590942777696
9,19,11.178983051694399
9,20,9.526737018918732
9,21,7.077254496708871
9,22,8.03698199467047
9,23,9.284526102979255
9,24,11.637918614320945
9,25,14.301558895106606
9,26,17.76771694644917
9,27,20.971941702159985
9,28,24.40589947478758
9,29,24.90992562645386
9,30,21.841686730590848
9,31,19.226252266152997
9,32,18.95223876415457
9,33,15.59942229020515
9,34,15.720380188013305
9,35,13.50153623020705
9,36,14.308495131165252
9,37,13.728821164192519
9,38,15.197999718062512
9,39,16.897727874034892
9,40,18.562382394178552
9,41,18.285218076059643
9,42,17.009372594986385
9,43,19.9833172421613
9,44,19.41933093617798
9,45,22.84034783960291
9,46,22.339367822887446
9,47,22.839059069182788
9,48,19.88970632330823
9,49,17.622954161267135
9,50,17.79797742556027
9,51,16.941924915786128
9,52,17.167241035861178
9,53,17.816581275699573
9,54,15.707987196684682
9,55,13.462168784247023
9,56,12.132888213265314
9,57,12.257656742169514
9,58,13.435385269198202
9,59,14.485913598848127
9,60,17.306820812823716
9,61,19.204825702692915
9,62,16.542409960002136
9,63,18.4077719320588
9,64,18.07834327118298
9,65,18.157294002090868
9,66,14.84808436496806
9,67,13.318556648940463
9,68,12.229351067533168
9,69,10.475110062867335
9,70,9.300583876830963
9,71,10.164248771109316
9,72,10.6535012857474
9,73,14.159776095192948
9,74,15.600692962181805
9,75,19.382139912631942
9,76,22.471698116404312
9,77,26.10104651952198
9,78,25.788614186132765
9,79,22.78838444717185
9,80,19.22215231899932
9,81,15.839670241722512
9,82,12.997763149763777
9,83,9.308630743997865
9,84,7.6004677463314385
9,85,5.290695155707375
9,86,7.285795582704296
9,87,8.201000082953247
9,88,11.256336749660008
9,89,13.767931837478834
9,90,16.66902718717084
10,1,25.752187254298008
10,2,22.122575859077696
10,3,19.460001630654777
10,4,15.89529987782102
10,5,15.722695237825599
10,6,12.18155879473663
10,7,9.870062433140431
10,8,6.979359399356555
10,9,3.8096588341571636
10,11,3.802467353093587
10,12,7.167146691655918
10,13,9.82659282465999
10,14,13.585138714454184
10,15,16.004027073889677
10,16,17.99459797164519
10,17,15.63060383599303
10,18,14.670410981275493
10,19,11.2843836781919
10,20,10.752113003439224
10,21,9.055001563398896
10,22,11.11821514774906
10,23,12.678996033013288
10,24,15.33800760121868
10,25,17.86762350866114
10,26,21.382123801499514
10,27,24.4466889307684
10,28,27.856391268138747
10,29,28.274309396111825
10,30,25.27123874965891
10,31,22.43663384354234
10,32,21.855295750077154
10,33,18.300550181303734
10,34,17.747760394727884
10,35,14.93245032523952
10,36,14.889799584008
10,37,13.385942697906154
10,38,14.182828292172015
10,39,16.554104684254693
10,40,18.426389112576015
10,41,18.832275552483036
10,42,17.44987568883137
10,43,20.412535248260465
10,44,20.301101336877615
10,45,23.44232820786711
10,46,22.38299944339338
10,47,23.108626547489177
10,48,19.88575508344144
10,49,18.08862125299845
10,50,19.01553259626503
10,51,18.81170935878234
10,52,19.45368970830007
10,53,20.659766031979316
10,54,18.960633415033953
10,55,16.522241263239312
10,56,14.735686666039161
10,57,14.026929178819794
10,58,14.56412552773834
10,59,14.64103038377038
10,60,17.13705064955312
10,61,18.309144788439315
10,62,15.200385746311543
10,63,16.50082909595959
10,64,15.536645208579163
10,65,15.933134041812165
10,66,13.090564210678938
10,67,10.825495898637607
10,68,10.068564919834674
10,69,9.083144299501702
10,70,9.24896116940034
10,71,11.15848440397926
10,72,12.75922276432673
10,73,16.327245057442234
10,74,18.37658229959733
10,75,22.051316942424645
10,76,25.35142178409793
10,77,28.848203865907685
10,78,28.571182303563873
10,79,25.339779240254042
10,80,21.67063271237171
10,81,18.288236110839346
10,82,15.014792074820601
10,83,11.32058069155827
10,84,8.553177679878965
10,85,5.021827723220292
10,86,4.861857814048419
10,87,5.609770496301241
10,88,8.0519523188114
10,89,11.055197993141856
10,90,13.660098737461112
11,1,28.710463632200256
11,2,24.987253640852586
11,3,22.483106450209316
11,4,18.77266874904588
11,5,18.37766356833639
11,6,14.640638467456611
11,7,12.572310865249337
11,8,9.201694957385612
11,9,6.346408291211806
11,10,3.802467353093587
11,12,3.744997211291064
11,13,6.185556391174571
11,14,9.946470754511495
11,15,12.679881041918403
11,16,14.712092036649114
11,17,12.284276770365262
11,18,11.85819774260535
11,19,8.922247707649827
11,20,9.61052520530272
11,21,9.313188242762733
11,22,11.99931065208389
11,23,14.468054108930058
11,24,17.22393483877187
11,25,20.163136550439088
11,26,23.75631811097365
11,27,26.988519489177115
11,28,30.270485692055896
11,29,30.493021970797177
11,30,27.259319179601103
11,31,24.587061694902786
11,32,23.65389868667273
11,33,20.041028928754606
11,34,19.361149744652256
11,35,16.33030105015434
11,36,16.40937969435079
11,37,14.427048765721356
11,38,15.513850383251107
11,39,18.351851684424204
11,40,19.683987849459136
11,41,19.980052030001207
11,42,17.952880371003747
11,43,20.39928405971097
11,44,20.000543113460175
11,45,22.81186532428204
11,46,21.31114753776684
11,47,21.638976506952346
11,48,18.10392168485437
11,49,16.94678979913501
11,50,18.135111692099734
11,51,18.600744719247157
11,52,19.08367190968592
11,53,20.73858509737394
11,54,19.55096558198061
11,55,17.424264576407367
11,56,14.897488562631263
11,57,13.881943989778048
11,58,13.40264064364861
11,59,12.937476631996583
11,60,14.753535365686483
11,61,15.50206739648425
11,62,12.506710200395812
11,63,14.060237267558907
11,64,13.341753035386747
11,65,14.520585742802893
11,66,11.76532914029928
11,67,9.802994751809615
11,68,10.43463055106185
11,69,10.747769226676175
11,70,10.888738172142633
11,71,13.528113113298225
11,72,15.053651783783963
11,73,18.796083503938718
11,74,20.849701291562617
11,75,24.53039194940699
11,76,27.86322067737863
11,77,31.401182527440678
11,78,31.44270874624725
11,79,28.332331190111606
11,80,24.623742983254125
11,81,21.41639920768028
11,82,18.184174548823076
11,83,14.618097380342627
11,84,11.732627468916863
11,85,8.173280277297925
11,86,6.7586853431739895
11,87,5.092395992284124
11,88,6.242604940631296
11,89,8.365953525831262
11,90,10.653541283500909
12,1,32.28304117627828
12,2,28.55650272136506
12,3,26.14953500806176
12,4,22.449503104881924
12,5,22.110244708127585
12,6,18.35929418958129
12,7,16.23780744435113
12,8,12.757871702726556
12,9,10.085164064177556
12,10,7.167146691655918
12,11,3.744997211291064
12,13,3.8254130286884696
12,14,7.041071093286847
12,15,9.959968874083552
12,16,12.602420333801215
12,17,10.735219211879214
12,18,11.481860191642284
12,19,9.55842772765591
12,20,11.465738179100226
12,21,12.067021759369606
12,22,15.129259083051428
12,23,17.867010915439174
12,24,20.742123889157412
12,25,23.729050755210796
12,26,27.364738399509065
12,27,30.581564616367835
12,28,33.78880092582475
12,29,33.88061146442578
12,30,30.602864709380682
12,31,27.898515797758947
12,32,26.685765424314326
12,33,23.01053492591839
12,34,21.979345661278156
12,35,18.68939669595972
12,36,18.400602306058627
12,37,15.842912111498208
12,38,16.621119151044773
12,39,19.897202546830155
12,40,21.01198919251149
12,41,21.61843356212542
12,42,19.31645268729664
12,43,21.384581316976185
12,44,21.135061027737542
12,45,23.495812343067588
12,46,21.452893841302014
12,47,21.705215103493135
12,48,17.97250051919424
12,49,17.55939531621558
12,50,19.290093170191195
12,51,20.41914417106167
12,52,21.055382205378788
12,53,23.14293140929779
12,54,22.39540216043225
12,55,20.33174086705713
12,56,17.437152606818834
12,57,15.946917212435393
12,58,14.712691018266147
12,59,13.369599839717958
12,60,14.375633617292438
12,61,14.19081773091578
12,62,11.103179372040408
12,63,12.19516400277521
12,64,11.120029927647265
12,65,13.13729229626479
12,66,11.099339531903
12,67,9.018568594567595
12,68,10.822902504655621
12,69,12.296176418555602
12,70,13.063012090267936
12,71,16.21283225219584
12,72,18.089188756475693
12,73,21.82151476965613
12,74,24.113193386193604
12,75,27.708821804527794
12,76,31.133822973544504
12,77,34.60182275121397
12,78,34.80342548786215
12,79,31.64385392417564
12,80,27.89202272985327
12,81,24.78259277900756
12,82,21.42195540775348
12,83,17.965406907419457
12,84,14.786115320332106
12,85,11.158001038975426
12,86,8.699000963259243
12,87,6.0574319934496526
12,88,4.729180772333162
12,89,5.915532411445353
12,90,7.249557746600933
13,1,33.31585307542246
13,2,29.535467087696933
13,3,27.450090236390988
13,4,23.691167529588746
13,5,23.42127569604732
13,6,19.623695786442447
13,7,17.527681246170697
13,8,13.86143978182048
13,9,11.950801716036862
13,10,9.82659282465999
13,11,6.185556391174571
13,12,3.8254130286884696
13,14,3.8015813646842798
13,15,6.750225569478001
13,16,8.907518489514226
13,17,6.926223745089597
13,18,8.102525278959744
13,19,7.113598285047867
13,20,9.996832168056121
13,21,11.712791711597939
13,22,15.001074916634257
13,23,18.214910863507498
13,24,21.189011659061737
13,25,24.339421397276375
13,26,28.017362199430472
13,27,31.260503508937035
13,28,34.23179601568573
13,29,34.04844640230195
13,30,30.622355963267403
13,31,28.06913389874324
13,32,26.481342988878325
13,33,22.866523192775762
13,34,21.7563509208933
13,35,18.491962050198477
13,36,18.51235695141928
13,37,15.939794926802968
13,38,17.292058924815358
13,39,20.583944349479534
13,40,21.00977224140067
13,41,21.227261636767196
13,42,18.409382390395955
13,43,19.866053375520497
13,44,19.25123515445233
13,45,21.25695882772531
13,46,18.994144965340976
13,47,18.817149953040026
13,48,14.97851615237084
13,49,15.123813487700602
13,50,16.967043985098197
13,51,18.639538983425087
13,52,19.216690582781084
13,53,21.697532698644032
13,54,21.538505442091587
13,55,19.70150083393088
13,56,16.371347390652353
13,57,14.591813897151862
13,58,12.558974856254935
13,59,10.76248301982411
13,60,11.043713880014637
13,61,10.59971894160512
13,62,7.880382865793944
13,63,9.625863837916125
13,64,9.596628569576962
13,65,12.004093354638657
13,66,9.85141552158621
13,67,9.06185288676601
13,68,11.696767256695116
13,69,13.667251437797825
13,70,13.811037240077964
13,71,17.15161028861984
13,72,18.71385332729579
13,73,22.445874498721267
13,74,24.66247431448348
13,75,28.15825680958497
13,76,31.56199140828697
13,77,35.00763050330986
13,78,35.604629347774214
13,79,32.6329024019134
13,80,28.890289487674732
13,81,26.064990959527783
13,82,22.845995114344046
13,83,19.63638116357194
13,84,16.551160354656282
13,85,13.217454038145178
13,86,10.921000650740062
13,87,7.475486890802554
13,88,6.158329353529635
13,89,4.803672392991956
13,90,6.237462943726883
14,1,36.72173767498883
14,2,32.94131095049282
14,3,31.00857131623113
14,4,27.255706331323626
14,5,27.012810303198638
14,6,23.221633406369396
14,7,21.148252754366165
14,8,17.458914243762813
14,9,15.729363907174326
14,10,13.585138714454184
14,11,9.946470754511495
14,12,7.041071093286847
14,13,3.8015813646842798
14,15,3.7882976246345077
14,16,6.272791018828451
14,17,5.429200374104823
14,18,8.262842588915408
14,19,8.968608633807191
14,20,12.452303353285593
14,21,14.772489551667306
14,22,18.099296810329072
14,23,21.47678212736588
14,24,24.467002216442452
14,25,27.659294775638124
14,26,31.333884265505286
14,27,34.561757867344774
14,28,37.39464982807445
14,29,37.04512465609128
14,30,33.56796481646832
14,31,31.08559952306738
14,32,29.238788358247362
14,33,25.678097804799798
14,34,24.378690598915675
14,35,21.079671723489017
14,36,20.997622840444915
14,37,18.206553734877666
14,38,19.502391481179952
14,39,22.932825234926415
14,40,22.967756648821357
14,41,23.227105596830466
14,42,20.147380827131933
14,43,21.018776941074268
14,44,20.369133255590505
14,45,21.7813538631149
14,46,19.077352327852104
14,47,18.59995593261916
14,48,14.76246176274248
14,49,15.836513612576095
14,50,18.00502004425793
14,51,20.284543856148943
14,52,20.890387666516574
14,53,23.700185552001095
14,54,24.025106917489904
14,55,22.37572434736737
14,56,18.822048482431047
14,57,16.79104302397227
14,58,14.12778909593867
14,59,11.698542969164222
14,60,10.755509642273603
14,61,9.10802654923569
14,62,7.067212048698397
14,63,8.46341114529364
14,64,8.846087828870951
14,65,12.038523448746036
14,66,10.761399909227544
14,67,10.63451899786137
14,68,13.941443764487751
14,69,16.505054316232428
14,70,16.78071819077932
14,71,20.28544065825466
14,72,21.890029851082605
14,73,25.54643711158667
14,74,27.826523536784467
14,75,31.20520395234996
14,76,34.61737986394222
14,77,37.99011471173812
14,78,38.8123309077222
14,79,35.895846270921744
14,80,32.15895875975272
14,81,29.490551686738986
14,82,26.275664314261334
14,83,23.204938270808
14,84,20.052346013589748
14,85,16.79739146776859
14,86,14.240562504071267
14,87,10.649384494844128
14,88,8.533724635387028
14,89,5.6126506053794465
14,90,5.133647073058591
15,1,37.922481241340094
15,2,34.194342059120004
15,3,32.601086589467414
15,4,28.950413701938707
15,5,29.10572729358773
15,6,25.379369645668987
15,7,22.99971769580133
15,8,19.276962737770873
15,9,18.103999838038924
15,10,16.004027073889677
15,11,12.679881041918403
15,12,9.959968874083552
15,13,6.750225569478001
15,14,3.7882976246345077
15,16,3.8499752983322093
15,17,5.4970665202119235
15,18,8.615629104124405
15,19,10.186986615226775
15,20,13.623844406886102
15,21,16.09185949417616
15,22,19.603922346178177
15,23,22.918759470075866
15,24,26.139598345153843
15,25,29.141551213942762
15,26,32.86098971634964
15,27,35.894526564749334
15,28,38.506258454538916
15,29,37.89247135838189
15,30,34.480325951734535
15,31,31.899711056050464
15,32,29.665637199085783
15,33,26.144040063506683
15,34,24.42800514273851
15,35,21.063121441040597
15,36,20.725580851702716
15,37,17.754599919477204
15,38,19.030521055963693
15,39,22.46876371338719
15,40,22.01368384042935
15,41,22.343131162200535
15,42,19.124268168851756
15,43,19.467401867357275
15,44,19.058938029964544
15,45,19.897066650477733
15,46,16.815842682255084
15,47,16.457243546459914
15,48,12.811329863787279
15,49,14.524034235620993
15,50,17.224521584159575
15,51,19.996328279058666
15,52,21.062575166914584
15,53,24.269124806557247
15,54,25.08697767610132
15,55,23.265709935756597
15,56,19.68391435413785
15,57,17.103045700521182
15,58,14.22116503382137
15,59,11.075590530985213
15,60,9.565052358805332
15,61,6.849093921275572
15,62,5.054666595808045
15,63,5.508368111412577
15,64,6.665690059205335
15,65,9.962205763053326
15,66,9.45200834629831
15,67,10.287620554471303
15,68,13.943195965592864
15,69,16.98140134011077
15,70,17.281203665231367
15,71,20.917571264521456
15,72,22.663956211943393
15,73,26.120681109689098
15,74,28.617105389367666
15,75,31.74806129785614
15,76,35.21557988693544
15,77,38.39835846571276
15,78,39.52451308809285
15,79,36.63451223033774
15,80,32.91936779747673
15,81,30.548937903484426
15,82,27.32665406093847
15,83,24.59607439779043
15,84,21.34959165351414
15,85,18.395484870047085
15,86,15.659729417658871
15,87,11.983471848258334
15,88,9.804011346259866
15,89,6.038807682055906
15,90,5.551115598904669
16,1,38.03763542556689
16,2,34.33020865656595
16,3,33.00481733132173
16,4,29.385087122684126
16,5,29.51327875741965
16,6,25.880500526025568
16,7,23.70292626706252
16,8,20.08499360136769
16,9,19.44014123748531
16,10,17.99459797164519
16,11,14.712092036649114
16,12,12.602420333801215
16,13,8.907518489514226
16,14,6.272791018828451
16,15,3.8499752983322093
16,17,3.8180756578458137
16,18,6.835023051221616
16,19,9.641570998786879
16,20,13.104786803056712
16,21,16.151640622985006
16,22,19.406270150330066
16,23,22.887806077336418
16,24,25.966173288785694
16,25,29.02120567452698
16,26,32.6400722680851
16,27,35.6576203411662
16,28,38.02153338799155
16,29,37.20935670336428
16,30,33.72135045506809
16,31,31.408689450325927
16,32,28.984448944199166
16,33,25.68730613968207
16,34,24.13681466543797
16,35,21.0820312338387
16,36,21.253970320627065
16,37,18.6836694695885
16,38,20.553366463881286
16,39,23.684602020752102
16,40,22.69564771961214
16,41,22.439803503086107
16,42,18.911358471593832
16,43,18.62435749484125
16,44,17.631506722513024
16,45,18.103695485927556
16,46,15.084257400291225
16,47,13.981416200286668
16,48,10.449379228631367
16,49,12.791333738385873
16,50,15.21823898736318
16,51,18.334144073433997
16,52,19.162786144701126
16,53,22.525099213418486
16,54,23.83259332846216
16,55,22.380733206911
16,56,18.66784792391997
16,57,16.159071921791526
16,58,12.78632299409393
16,59,9.690531168736403
16,60,7.042228030265274
16,61,3.865046051501341
16,62,4.56717746643305
16,63,6.486514941962477
16,64,9.243681076639376
16,65,11.787687389630724
16,66,10.842077692708822
16,67,12.694493628145349
16,68,16.117605736332667
16,69,18.884676275977075
16,70,18.47638971746522
16,71,21.885420015520797
16,72,23.11735074394385
16,73,26.44557876627118
16,74,28.658573539420328
16,75,31.65085394622764
16,76,34.96216096076361
16,77,38.107274801998095
16,78,39.527967299834316
16,79,36.90388832380076
16,80,33.293784214884546
16,81,31.182177867089283
16,82,28.23194909736455
16,83,25.721803344560353
16,84,22.78037179140794
16,85,20.13907055515427
16,86,17.888566059679903
16,87,14.185852661400084
16,88,12.776680828136467
16,89,9.1508474874391
16,90,9.373049019701945
17,1,35.578831159572964
17,2,31.824821667915817
17,3,30.31932626774274
17,4,26.62108455387777
17,5,26.42614093459201
17,6,22.780926341226
17,7,20.930257584665114
17,8,17.388016806812672
17,9,16.651400573178012
17,10,15.63060383599303
17,11,12.284276770365262
17,12,10.735219211879214
17,13,6.926223745089597
17,14,5.429200374104823
17,15,5.4970665202119235
17,16,3.8180756578458137
17,18,3.777924639938835
17,19,6.523779329864851
17,20,10.191739651403172
17,21,13.449634034423491
17,22,16.463119220779532
17,23,20.10016072932335
17,24,22.947449130466467
17,25,26.196307683510465
17,26,29.754048628786116
17,27,32.940952270466674
17,28,35.41838072732032
17,29,34.77665568397228
17,30,31.19102856209243
17,31,29.04959551332988
17,32,26.918448090668843
17,33,23.645310791422812
17,34,22.56998916817867
17,35,19.690471337357707
17,36,20.349939593956904
17,37,18.134788991408474
17,38,20.328231495552547
17,39,23.31526023485095
17,40,22.601642321012783
17,41,22.023828876999136
17,42,18.518233311857493
17,43,18.65782027883042
17,44,17.204599852991045
17,45,18.341343982394143
17,46,15.8669834262442
17,47,14.531567941701987
17,48,10.769640373907533
17,49,12.280245885222785
17,50,13.988535604555366
17,51,16.63691257235942
17,52,16.923548005638374
17,53,19.96797081304485
17,54,20.95214907044105
17,55,19.751282766960827
17,56,15.970798568968457
17,57,13.993813447330707
17,58,10.612364433665492
17,59,8.315240109224549
17,60,6.2061681168089
17,61,5.192900006256314
17,62,5.294798886040108
17,63,8.551983367968154
17,64,10.952925467432763
17,65,13.272482969323999
17,66,11.285374666009337
17,67,12.734657483851718
17,68,15.755657332403814
17,69,17.948303994497575
17,70,17.1206545524434
17,71,20.29988616442264
17,72,21.15080515777249
17,73,24.623442910446027
17,74,26.51664525864859
17,75,29.699822912209534
17,76,32.90790503170646
17,77,36.23183686013138
17,78,37.47592649376986
17,79,34.93013857082317
17,80,31.336844334831806
17,81,29.06268935344582
17,82,26.245211200614346
17,83,23.548394642100853
17,84,20.854883241483126
17,85,18.162349398481002
17,86,16.379326953745032
17,87,12.756887763562357
17,88,11.981739281072702
17,89,9.006730543624366
17,90,9.922490506254869
18,1,32.340864749273585
18,2,28.61757104777807
18,3,27.290757096438746
18,4,23.6596105086071
18,5,23.52453352258447
18,6,20.018973908443098
18,7,18.2904464563958
18,8,14.954485777196886
18,9,14.880590942777696
18,10,14.670410981275493
18,11,11.85819774260535
18,12,11.481860191642284
18,13,8.102525278959744
18,14,8.262842588915408
18,15,8.615629104124405
18,16,6.835023051221616
18,17,3.777924639938835
18,19,3.7581746337085815
18,20,6.970741699004295
18,21,10.5255550495039
18,22,13.249625038779282
18,23,16.911586874133057
18,24,19.66688247425183
18,25,22.885719627840523
18,26,26.373993011326842
18,27,29.52437201310764
18,28,31.88448443105047
18,29,31.182807503969226
18,30,27.57168715392169
18,31,25.56093318468826
18,32,23.43087337752254
18,33,20.287633148900984
18,34,19.488534327061945
18,35,16.92339125860432
18,36,18.131688175914622
18,37,16.481691064931326
18,38,19.19545040639201
18,39,21.768047543616078
18,40,20.906557835783456
18,41,19.80306347330784
18,42,16.27519863551306
18,43,16.458371156659826
18,44,14.524511345479214
18,45,16.07854936624706
18,46,14.206038621993146
18,47,12.700044875904108
18,48,9.036742827171734
18,49,9.72021711830614
18,50,10.753076759604705
18,51,13.111897436374235
18,52,13.188321619856541
18,53,16.191341704161417
18,54,17.235264984935164
18,55,16.12800317310027
18,56,12.322601716771686
18,57,10.530119340672535
18,58,7.046243318446104
18,59,5.559317575445348
18,60,4.277388062910838
18,61,5.899038847642702
18,62,6.141070781282462
18,63,9.960027000432977
18,64,12.601285297359452
18,65,14.018399345994808
18,66,11.2036608020421
18,67,12.992362493154985
18,68,15.333121452080466
18,69,16.87634231796206
18,70,15.304238691290715
18,71,18.071758701309335
18,72,18.389788633860267
18,73,21.752715083934948
18,74,23.357707266744836
18,75,26.487307982280765
18,76,29.568624045192482
18,77,32.90887710679747
18,78,34.23714746465846
18,79,31.86910033615339
18,80,28.371377968252688
18,81,26.251714700734
18,82,23.702164432960878
18,83,21.20901834693163
18,84,18.909484848451225
18,85,16.648091830782647
18,86,15.574956128791271
18,87,12.275193768067806
18,88,12.639505982813361
18,89,10.41647744389384
18,90,12.402676736606638
19,1,29.13907476186417
19,2,25.37192236303091
19,3,23.836988986240875
19,4,20.14704387444962
19,5,20.009037940813798
19,6,16.431415100661717
19,7,14.611959360769543
19,8,11.228679545268111
19,9,11.178983051694399
19,10,11.2843836781919
19,11,8.922247707649827
19,12,9.55842772765591
19,13,7.113598285047867
19,14,8.968608633807191
19,15,10.186986615226775
19,16,9.641570998786879
19,17,6.523779329864851
19,18,3.7581746337085815
19,20,3.744608229290692
19,21,7.025136162500858
19,22,9.945479741439229
19,23,13.58749501806008
19,24,16.452498631223868
19,25,19.687273989241692
19,26,23.26499639747495
19,27,26.473294649749292
19,28,29.055883574755885
19,29,28.56340455409101
19,30,24.982315383465362
19,31,22.799854577984764
19,32,20.958158684478796
19,33,17.642509464070134
19,34,17.01859888919315
19,35,14.397466164477546
19,36,15.701403019904854
19,37,14.260752636159975
19,38,16.988676017637346
19,39,19.432751631859443
19,40,19.039911557906994
19,41,17.983312880747015
19,42,14.782386287824421
19,43,15.775157998304222
19,44,14.059032615236413
19,45,16.387272558758553
19,46,14.973855425158531
19,47,14.125489552329062
19,48,10.586048744867105
19,49,9.919313956661545
19,50,10.63167515859366
19,51,12.05915210196545
19,52,12.196906318071555
19,53,14.780766433624102
19,54,15.102488902693944
19,55,13.611052370457397
19,56,9.938948756804747
19,57,8.369729874429389
19,58,5.838706926737605
19,59,5.4656614561264245
19,60,6.66897442374723
19,61,8.800153521473105
19,62,7.565664386345242
19,63,11.005502809629357
19,64,12.863920309433189
19,65,13.828029476982516
19,66,10.422359068158745
19,67,11.536279065380583
19,68,13.181960622687921
19,69,14.099721122219089
19,70,12.319191024014541
