1,2,3.754190098622736
1,3,5.204915944466943
1,4,8.4330191606397
1,5,10.951051113500737
1,6,14.354966363581497
1,7,17.650058368444455
1,8,19.55375709251974
1,9,22.07693082459356
1,10,25.18290509071194
1,11,24.71187525841404
1,12,26.853981026140843
1,13,30.15488661398769
1,14,30.46820176514984
1,15,33.881121526332116
1,16,33.950568240352005
1,17,37.6693791363918
1,18,38.817791334137276
1,19,39.5431408225027
1,20,37.85095080694631
1,21,34.33026141984588
1,22,34.97452184009194
1,23,35.98923358592536
1,24,33.3538898372331
1,25,30.598838382570257
1,26,32.25514537492651
1,27,32.63899027130679
1,28,29.12381209667089
1,29,26.767881990269817
1,30,26.163001321995207
1,31,24.12036170079716
1,32,21.683940387207247
1,33,18.646646106860707
1,34,19.66375755391645
1,35,16.400359759969252
1,36,13.749018668339218
1,37,10.048918640917506
1,38,10.024759460050294
1,39,9.019765426282177
1,40,11.973143186089848
1,41,15.058951979824021
1,42,15.743559103315652
1,43,13.22492427742497
1,44,15.357756714477093
1,45,18.970662480518293
1,46,20.335104003710335
1,47,20.018536353909827
1,48,20.232965618582195
1,49,17.129754013891976
1,50,15.152550590066456
1,51,16.74180268769978
1,52,16.38527973137008
1,53,12.64959189363244
1,54,12.614412092947335
1,55,15.191813135049468
1,56,13.790858238582137
1,57,10.32218218362887
1,58,12.32274061331191
1,59,15.089879770694822
1,60,13.270862644153336
1,61,11.538391887968038
1,62,14.958257137082068
1,63,16.86510929001576
1,64,15.18943558580321
1,65,15.628553625433712
1,66,19.032005715247447
1,67,20.244715478584023
1,68,20.238941426200284
1,69,22.617618403508267
1,70,24.858020789860515
1,71,23.975537063385303
1,72,25.32846864562545
1,73,24.4495478823541
1,74,26.85769604293661
1,75,26.82873189724041
1,76,28.3536769409612
1,77,25.535068655306706
1,78,22.87912149089018
1,79,24.896830524711305
1,80,25.502475677340026
1,81,21.842529608019493
1,82,21.178022973597752
1,83,23.931083344911638
1,84,23.097194101049627
1,85,19.33471661799702
1,86,20.294970869381597
1,87,22.574201520276645
1,88,20.177621213000947
1,89,17.56503338362445
1,90,20.575111962048886
1,91,21.403223143511706
1,92,17.982863403168743
1,93,18.48843873244078
1,94,21.932504434673277
1,95,20.89918127185854
1,96,18.771354206270814
1,97,21.91342211069245
1,98,24.032239152761598
1,99,22.42116632250384
1,100,25.170004186290036
2,1,3.754190098622736
2,3,3.8036291419206467
2,4,6.70672832654659
2,5,10.12389696320643
2,6,12.978830990934878
2,7,16.449154430561876
2,8,18.906487021543438
2,9,21.212522941817554
2,10,24.50953542182886
2,11,24.427757773819003
2,12,26.35356320079545
2,13,29.86293267012356
2,14,30.325415525377462
2,15,33.79347553392657
2,16,34.148109730860924
2,17,37.80011184442602
2,18,39.27640368623681
2,19,40.12020138503779
2,20,38.75742905645083
2,21,35.13250934013848
2,22,35.46663204071534
2,23,36.72208197958833
2,24,34.37928160952207
2,25,31.346618029712523
2,26,32.813192729376645
2,27,33.57236790656336
2,28,30.24264553872262
2,29,27.52641137352998
2,30,27.01957061052166
2,31,25.42606665344799
2,32,22.703449016697604
2,33,19.3465477264552
2,34,19.720738037665985
2,35,16.133951636994315
2,36,13.394953551652993
2,37,9.710023676136993
2,38,8.510737554443464
2,39,6.446084119793392
2,40,8.67517372524416
2,41,12.010557508477127
2,42,12.431780513238749
2,43,10.374995230004695
2,44,13.005888252308692
2,45,16.70779666811641
2,46,18.109660869812476
2,47,17.968797006369027
2,48,18.817075737736353
2,49,15.809782141433216
2,50,13.465090726631407
2,51,15.620445245564593
2,52,15.986238736509963
2,53,12.365725518733168
2,54,12.145362326340495
2,55,15.386716204270908
2,56,14.76119903487226
2,57,11.544813279601415
2,58,13.251089293056422
2,59,16.53584352954925
2,60,15.442511722687831
2,61,13.813586268654948
2,62,16.862469047150007
2,63,19.237471063323458
2,64,18.05704889448134
2,65,18.24013665442058
2,66,21.416508476348525
2,67,23.04914923201091
2,68,23.20202614468745
2,69,25.244710739288987
2,70,27.57706430476256
2,71,26.41092952168889
2,72,27.78762936219656
2,73,26.607508424337865
2,74,28.947918662159527
2,75,28.661274728403285
2,76,29.84287427512151
2,77,27.030248441190537
2,78,24.384630021101312
2,79,25.98374010327168
2,80,26.329294791545365
2,81,22.69023071325515
2,82,21.79081574963653
2,83,24.107340763748326
2,84,23.121850184616417
2,85,19.32665629239569
2,86,19.877117809542067
2,87,21.760728497930042
2,88,19.316890108597395
2,89,16.46340933119997
2,90,19.032031381717633
2,91,19.694434297952363
2,92,16.093424355309622
2,93,16.187567510487316
2,94,19.48853518649062
2,95,18.388334820221562
2,96,15.85287735574879
2,97,18.8717104003409
2,98,21.014852885528086
2,99,19.16703341379965
2,100,21.74659623887037
3,1,5.204915944466943
3,2,3.8036291419206467
3,4,3.776339679941027
3,5,6.725579050762932
3,6,9.595218329632134
3,7,13.15135197264781
3,8,15.346650864860528
3,9,17.560200564989596
3,10,20.780724624885178
3,11,20.630746841978986
3,12,22.618042937183372
3,13,26.11819774144132
3,14,26.68010426075495
3,15,30.20333366713902
3,16,30.68346520903819
3,17,34.36327874555213
3,18,35.80819666936576
3,19,36.54435680082708
3,20,35.2572643907428
3,21,31.640722704969953
3,22,31.834699154959463
3,23,33.061632861490175
3,24,30.813407579581643
3,25,27.706539204908605
3,26,29.076314730335397
3,27,29.90860930973469
3,28,26.651766663010427
3,29,23.832226666389918
3,30,23.370079295260417
3,31,21.935437406936845
3,32,19.111332937392433
3,33,15.670121141840252
3,34,15.94915675919795
3,35,12.37357892175698
3,36,9.596825719137131
3,37,5.939481192092552
3,38,5.275428704286579
3,39,4.829165653531806
3,40,7.8745993778932375
3,41,11.036142336732581
3,42,12.617614832687094
3,43,10.91544376384173
3,44,12.720112904702725
3,45,16.488325893062367
3,46,17.098985880496684
3,47,16.194707179851136
3,48,16.95237660237873
3,49,14.416983270100813
3,50,11.598812831244727
3,51,13.059222752084532
3,52,13.725434848690858
3,53,10.354885277626147
3,54,9.175055114125218
3,55,12.33386123966066
3,56,12.242394641924134
3,57,8.942153156138778
3,58,9.921968994317039
3,59,13.464982639678134
3,60,13.000215763995522
3,61,11.240400044465265
3,62,13.83903623828412
3,63,16.583763611695705
3,64,15.933884076881988
3,65,15.909312123919461
3,66,18.737443485835755
3,67,20.739088721939535
3,68,21.21633303228064
3,69,22.88297712699065
3,70,25.150467917772254
3,71,23.662690486277903
3,72,25.060580156250868
3,73,23.71245044322005
3,74,26.11711868013644
3,75,25.868789333342995
3,76,26.742933184247438
3,77,23.81198937587009
3,78,21.363725560610604
3,79,22.917730597993128
3,80,22.952290016283982
3,81,19.27468441420423
3,82,18.604119844345277
3,83,20.768637441157882
3,84,19.52782875567771
3,85,15.758678964214049
3,86,16.589974791075466
3,87,18.329616060516557
3,88,15.707811489534341
3,89,13.094111633096524
3,90,15.953565943942285
3,91,16.43857076351322
3,92,12.895756415672334
3,93,13.55132297283644
3,94,16.863288997466444
3,95,15.704539719265815
3,96,13.727729967396058
3,97,17.00623268018607
3,98,19.000285571266787
3,99,17.634307204450664
3,100,20.54560123384008
4,1,8.4330191606397
4,2,6.70672832654659
4,3,3.776339679941027
4,5,3.7900345289125834
4,6,6.352690940402027
4,7,9.745962265322147
4,8,12.381206829420615
4,9,14.781492529498326
4,10,18.262877979087794
4,11,18.69380662237977
4,12,20.899838826390607
4,13,24.520615715423304
4,14,25.5778078180423
4,15,29.243829346461887
4,16,30.173087461837685
4,17,33.836392960286176
4,18,35.33545120822268
4,19,35.8312770315833
4,20,34.78488253653041
4,21,31.221783014687347
4,22,30.981489205834304
4,23,32.09103096330113
4,24,30.133506812543438
4,25,26.859652903137608
4,26,27.763758868820926
4,27,28.70158983139673
4,28,25.6945007955278
4,29,22.635990660972176
4,30,21.865165208428998
4,31,20.974130583819996
4,32,18.254580808412896
4,33,14.537996039839955
4,34,13.998273329988601
4,35,10.220865610087097
4,36,8.249134440356737
4,37,5.538352925202727
4,38,5.4341011988764825
4,39,6.0710168276450425
4,40,7.8766671467359775
4,41,11.129466090101678
4,42,13.21314732361978
4,43,12.565644388306495
4,44,14.287025790356088
4,45,17.979052457519476
4,46,18.00824354551577
4,47,16.588519085923956
4,48,17.870366314821197
4,49,15.980475183110869
4,50,12.597575619616501
4,51,13.663035881546724
4,52,15.157129800683075
4,53,12.353797555957993
4,54,10.121234612688722
4,55,13.178414939971487
4,56,13.994938172299157
4,57,10.860328808866798
4,58,10.521972371308939
4,59,14.282713833552668
4,60,14.60494909837778
4,61,12.371651612404976
4,62,14.110703289922562
4,63,17.40946663884758
4,64,17.067519750295354
4,65,16.286354841944252
4,66,18.77946088285504
4,67,21.35452343054821
4,68,21.71331159270026
4,69,22.805319027716145
4,70,25.330541671635974
4,71,23.763798891908873
4,72,25.50717429941198
4,73,24.219906915744524
4,74,26.84698423594502
4,75,26.79841958582702
4,76,27.19094138198026
4,77,24.034115242541738
4,78,22.045997190305215
4,79,23.517511746181572
4,80,22.934398738975997
4,81,19.252053430382492
4,82,19.039421757977877
4,83,20.703561980254268
4,84,18.84000786013678
4,85,15.270883171850707
4,86,16.42688376463969
4,87,17.42268795735627
4,88,14.307414517585475
4,89,12.265143947432474
4,90,15.011790185254743
4,91,14.634316887746841
4,92,10.931963087983483
4,93,12.271080782790461
4,94,15.060853040649715
4,95,13.197766921382497
4,96,11.586958527726505
4,97,15.213414575187729
4,98,16.578346778081738
4,99,15.131361043683585
4,100,18.407761137425304
5,1,10.951051113500737
5,2,10.12389696320643
5,3,6.725579050762932
5,4,3.7900345289125834
5,6,3.781144803510829
5,7,6.719181692535611
5,8,8.837955722474417
5,9,11.552094267009753
5,10,15.010614667322075
5,11,15.499493054956794
5,12,18.07956460022964
5,13,21.61089667551333
5,14,22.96367271787341
5,15,26.70555070730312
5,16,27.81861882869393
5,17,31.511618102454563
5,18,32.81819744230958
5,19,33.02183694137773
5,20,31.984301455777736
5,21,28.533273027739767
5,22,28.107879750011307
5,23,28.97404062194815
5,24,27.097039902053808
5,25,23.83419209791632
5,26,24.47734564316723
5,27,25.30749978828728
5,28,22.40532170203447
5,29,19.324251670781862
5,30,18.304736623391655
5,31,17.648005400676876
5,32,15.104731650209075
5,33,11.321655418916267
5,34,10.493654308919233
5,35,6.772917767494549
5,36,5.806027477794708
5,37,4.665526051164637
5,38,6.570930644476245
5,39,8.858112596439689
5,40,10.707599802044355
5,41,13.364332393286393
5,42,16.06119719208703
5,43,15.600630338589244
5,44,16.700233598080107
5,45,20.225153183544215
5,46,19.63719766827522
5,47,17.554311351799257
5,48,18.599301932204376
5,49,17.288325626464438
5,50,13.821940390607791
5,51,13.872910913593266
5,52,15.473111954888093
5,53,13.22807323845054
5,54,10.173963232191246
5,55,12.408788845967296
5,56,13.678805906506012
5,57,10.744903109355658
5,58,9.103005240540744
5,59,12.667658251262871
5,60,13.631960231119963
5,61,11.096691044455074
5,62,11.875088767464302
5,63,15.507639221276142
5,64,15.581098711573928
5,65,14.28117756422884
5,66,16.272752280252732
5,67,19.260184505586796
5,68,19.72371757902232
5,69,20.28817858028147
5,70,22.835613489769987
5,71,21.123508329635634
5,72,23.066927368968006
5,73,21.861232854238285
5,74,24.674765948305467
5,75,24.91079388111663
5,76,24.963081968452062
5,77,21.60643491654094
5,78,20.09209720916492
5,79,21.68515505171703
5,80,20.635067913006313
5,81,16.96166252646704
5,82,17.38652210817394
5,83,18.844688007939588
5,84,16.496485528519063
5,85,13.195833685301285
5,86,15.055501595752741
5,87,15.695820079221741
5,88,12.21786653662431
5,89,11.10580514795647
5,90,14.17827494130881
5,91,13.259769364948841
5,92,9.920261192193387
5,93,12.3445741858371
5,94,14.739605912846308
5,95,12.614243489230319
5,96,12.120635286781226
5,97,15.849463650529913
5,98,16.699552593757822
5,99,15.812651599407626
5,100,19.37460126906556
6,1,14.354966363581497
6,2,12.978830990934878
6,3,9.595218329632134
6,4,6.352690940402027
6,5,3.781144803510829
6,7,3.765985050815349
6,8,6.489986205413574
6,9,8.584626591789755
6,10,12.213215897660957
6,11,13.283102877558692
6,12,15.63404375639843
6,13,19.299956182944985
6,14,20.96938493318328
6,15,24.730666422790687
6,16,26.26272338443158
6,17,29.81904052771132
6,18,31.37347341316928
6,19,31.569007173537738
6,20,30.943339146708276
6,21,27.50481233853042
6,22,26.63176499228701
6,23,27.671851820172446
6,24,26.24321655777368
6,25,22.749657237336407
6,26,23.031693055596307
6,27,24.30084226232109
6,28,21.79934665603549
6,29,18.382146263871377
6,30,17.54813210980206
6,31,17.64548294859018
6,32,14.947285239265328
6,33,11.167522532059985
6,34,9.20627086622649
6,35,5.607946567082704
6,36,5.631063851674985
6,37,6.456116549730726
6,38,7.522430461279451
6,39,10.067014164179193
6,40,10.94704254114267
6,41,12.870924845178356
6,42,15.990198717700661
6,43,16.283537883642452
6,44,16.943603347019312
6,45,20.14487075825387
6,46,18.94698958506642
6,47,16.440327180792686
6,48,17.893040816843367
6,49,17.305423753981398
6,50,13.630092650843547
6,51,13.322323064626909
6,52,15.680470615297654
6,53,14.194889842561695
6,54,10.729244841547718
6,55,12.787893287864597
6,56,14.98108950664547
6,57,12.776444194608787
6,58,10.598095842642335
6,59,13.983582182392823
6,60,15.788154740976177
6,61,13.69593843353538
6,62,13.713230475451338
6,63,17.444209672561083
6,64,18.17670147557844
6,65,16.798428035109268
6,66,18.14923094437762
6,67,21.409744397487437
6,68,22.178881336780876
6,69,22.24682523193661
6,70,24.632315609552624
6,71,22.563922003062483
6,72,24.40115926653181
6,73,22.891726446018072
6,74,25.52900915016923
6,75,25.569485017278517
6,76,25.082432040423164
6,77,21.815315233962856
6,78,20.603191054829047
6,79,21.683261961460982
6,80,20.138185297483673
6,81,16.744129248906155
6,82,17.197487116736294
6,83,17.895615742721198
6,84,15.177396660274288
6,85,12.294663015998916
6,86,13.934090441199379
6,87,13.688261553679258
6,88,10.03075379824515
6,89,9.507881305883748
6,90,12.005724997115541
6,91,10.298664569337571
6,92,7.138908158068134
6,93,10.12914723043046
6,94,11.816170551617331
6,95,9.340004371695983
6,96,9.64800699316195
6,97,13.29004801827734
6,98,13.6605959572073
6,99,13.256447754647057
6,100,16.896634457376432
7,1,17.650058368444455
7,2,16.449154430561876
7,3,13.15135197264781
7,4,9.745962265322147
7,5,6.719181692535611
7,6,3.765985050815349
7,8,3.777213743053652
7,9,6.292059909045513
7,10,10.050718695734371
7,11,11.967106486722344
7,12,14.671009495418684
7,13,18.16164608428937
7,14,20.433676899835476
7,15,24.19992277837031
7,16,26.147571443283393
7,17,29.596054135863486
7,18,31.02053005158381
7,19,30.836598539953503
7,20,30.403058955262495
7,21,27.183815658047145
7,22,25.88683590398256
7,23,26.621260773756827
7,24,25.520637297452613
7,25,22.050753066438062
7,26,21.720165039626977
7,27,22.945546018168105
7,28,20.84573855009714
7,29,17.404469080689985
7,30,16.118684578030322
7,31,16.91672890520921
7,32,14.71963478135131
7,33,11.21033350816919
7,34,8.31785561303274
7,35,5.808029148122004
7,36,7.873032549739287
7,37,9.7336687500877
7,38,11.212525700010591
7,39,13.803235420254387
7,40,14.362239666640145
7,41,16.056392351258147
7,42,19.213043937719952
7,43,19.84530253011714
7,44,20.401920976069015
7,45,23.430735197829975
7,46,21.909998707178026
7,47,19.12470252684955
7,48,20.634505073605023
7,49,20.50080190775851
7,50,16.858122211307187
7,51,16.109566523166997
7,52,18.597007916265195
7,53,17.51472682887658
7,54,13.86071585566985
7,55,15.307993387256532
7,56,17.735854696033243
7,57,15.747128981069986
7,58,12.988996190359556
7,59,15.883576505542566
7,60,18.034669804009962
7,61,15.760385463086626
7,62,14.978040814465018
7,63,18.75842146811901
7,64,19.683030973356203
7,65,17.754540730014583
7,66,18.566880299521593
7,67,22.140947468698567
7,68,22.772594232235754
7,69,22.22267947610551
7,70,24.70168806615654
7,71,22.66675660833073
7,72,24.78034639023627
7,73,23.481908297876696
7,74,26.2598820273458
7,75,26.604422225848662
7,76,25.69161085507424
7,77,22.31515835840454
7,78,21.727618074688714
7,79,22.798820422715437
7,80,20.696437680449662
7,81,17.563365835354777
7,82,18.638852215567386
7,83,18.86458575840266
7,84,15.63103519040698
7,85,13.462341578656098
7,86,15.512114985578267
7,87,14.521395179555812
7,88,10.74677499858707
7,89,11.474345673714627
7,90,13.577569642802201
7,91,11.002336592268414
7,92,8.775372526548404
7,93,12.248380682615332
7,94,12.942356990712035
7,95,9.994799112744262
7,96,11.369711774643376
7,97,14.722025799318148
7,98,14.15602591543586
7,99,14.042638170847537
7,100,17.76192842504241
8,1,19.55375709251974
8,2,18.906487021543438
8,3,15.346650864860528
8,4,12.381206829420615
8,5,8.837955722474417
8,6,6.489986205413574
8,7,3.777213743053652
8,9,3.7866393566446566
8,10,7.116122642921961
8,11,8.870843942206823
8,12,12.061796109883423
8,13,15.258326573824647
8,14,17.737645918344313
8,15,21.48406842210222
8,16,23.48587103811917
8,17,26.926434016201046
8,18,28.074433192163017
8,19,27.614850236491474
8,20,27.134424564036788
8,21,24.07128404172486
8,22,22.672395267334945
8,23,23.14669413912765
8,24,22.102951690083287
8,25,18.719377193378325
8,26,18.1671255735005
8,27,19.275888250195237
8,28,17.318348315423076
8,29,13.91532309625205
8,30,12.480052502973274
8,31,13.645473292980911
8,32,11.733183813636265
8,33,8.647848244368815
8,34,5.263625975557382
8,35,4.511456667999347
8,36,7.951212755836471
8,37,10.829816120902924
8,38,13.034875207641024
8,39,16.1866248069404
8,40,17.23445200090012
8,41,18.61193022478003
8,42,22.02372612889327
8,43,22.375297805181447
8,44,22.47713413470307
8,45,25.35654165337673
8,46,23.528182555516974
8,47,20.39913465144387
8,48,21.39147603510152
8,49,21.601806158614004
8,50,18.22259766791883
8,51,16.70679910466239
8,52,18.88832153225735
8,53,18.272089351279675
8,54,14.472846056962476
8,55,14.967866283046884
8,56,17.486167553483423
8,57,15.941067602242418
8,58,12.594135435927956
8,59,14.736939904031988
8,60,17.315979462162634
8,61,15.241100268672785
8,62,13.573475958486567
8,63,17.18632886583745
8,64,18.596137298915078
8,65,16.548966679178545
8,66,16.616748939464834
8,67,20.309494814796796
8,68,21.21246894808693
8,69,20.18325328337685
8,70,22.3894519132319
8,71,20.142957491924882
8,72,22.223146345842615
8,73,20.945327209403843
8,74,23.71862897649831
8,75,24.273097697803475
8,76,23.04518989496361
8,77,19.63003530169681
8,78,19.566981338662302
8,79,20.672510409618962
8,80,18.193017584058918
8,81,15.306253307347529
8,82,16.997096917296425
8,83,17.007156848198598
8,84,13.471996474042706
8,85,11.94659227509918
8,86,14.588233440959662
8,87,13.411986788688893
8,88,9.752850275966653
8,89,11.57027829492818
8,90,13.82342674186568
8,91,11.270042081091736
8,92,10.073189597210424
8,93,13.864291219163487
8,94,14.411372554157383
8,95,12.031433347210442
8,96,14.08154917287702
8,97,17.11611625613049
8,98,16.55082782985281
8,99,17.07936241635577
8,100,20.654645338318318
9,1,22.07693082459356
9,2,21.212522941817554
9,3,17.560200564989596
9,4,14.781492529498326
9,5,11.552094267009753
9,6,8.584626591789755
9,7,6.292059909045513
9,8,3.7866393566446566
9,10,3.7747325264139615
9,11,6.214456807211023
9,12,8.850800495255061
9,13,12.126093843068148
9,14,14.808296587978091
9,15,18.487677394721842
9,16,20.823242454416697
9,17,24.077365355264657
9,18,25.489738604352723
9,19,25.14393388694287
9,20,25.09573927976181
9,21,22.04206870888216
9,22,20.26887062384912
9,23,21.08496548842653
9,24,20.524541017205145
9,25,16.9447068848455
9,26,16.190519811252134
9,27,17.94804760871986
9,28,16.46883159485491
9,29,12.808359672247029
9,30,12.159708138168213
9,31,13.976797138531944
9,32,11.804974809015786
9,33,9.334065176815477
9,34,5.605039381706347
9,35,6.2188760430299075
9,36,9.146760576882823
9,37,12.567806836559361
9,38,14.24733978599961
9,39,17.493589759352577
9,40,18.23868471624768
9,41,18.867342164907488
9,42,22.495769070995486
9,43,23.105532908350874
9,44,22.652945716306252
9,45,25.107455299836758
9,46,22.78311399091483
9,47,19.357529565924345
9,48,20.328959913388545
9,49,21.201796270277992
9,50,18.02282436560226
9,51,16.048592704934215
9,52,18.511773747787753
9,53,18.643255420564973
9,54,14.86304718660931
9,55,14.93652060400913
9,56,17.99811663873805
9,57,17.202798055706076
9,58,13.816739198539091
9,59,15.57743568622298
9,60,18.69342777245699
9,61,17.28114105369077
9,62,15.341991429272825
9,63,18.689579379001994
9,64,20.694259489783537
9,65,19.042009807742915
9,66,18.640074195597116
9,67,22.218719823630327
9,68,23.608734591394956
9,69,22.417923655024698
9,70,24.16418381738857
9,71,21.498175607454044
9,72,23.119910622618523
9,73,21.383997265140078
9,74,23.71799290817471
9,75,23.895667981541017
9,76,22.189990461591048
9,77,19.10545410418781
9,78,19.240137413838017
9,79,19.685205326513106
9,80,16.861571478272378
9,81,14.51945335178929
9,82,16.058030658693333
9,83,15.253720131544027
9,84,11.586949255522798
9,85,10.882695587194101
9,86,13.09655594287741
9,87,11.075652862325365
9,88,7.838454473463784
9,89,10.554869102507121
9,90,12.005542059790047
9,91,9.092571704785676
9,92,9.200599925857366
9,93,12.915682600935149
9,94,12.766497284272702
9,95,10.949164440522168
9,96,13.789988578880216
9,97,16.18334445639915
9,98,15.48321678646997
9,99,16.842918912573786
9,100,20.081812751944128
10,1,25.18290509071194
10,2,24.50953542182886
10,3,20.780724624885178
10,4,18.262877979087794
10,5,15.010614667322075
10,6,12.213215897660957
10,7,10.050718695734371
10,8,7.116122642921961
10,9,3.7747325264139615
10,11,3.7815790431306064
10,12,6.102535027313841
10,13,8.820962894449533
10,14,11.94997879712637
10,15,15.456839317377256
10,16,18.103837318457867
10,17,21.14994129134568
10,18,22.472438862268675
10,19,21.9236513705518
10,20,22.16479907299546
10,21,19.327770637523923
10,22,17.159494321938705
10,23,17.944651609393485
10,24,17.852909554039307
10,25,14.305050050502173
10,26,13.09861381983424
10,27,15.227376315789849
10,28,14.36286178096722
10,29,10.753463014446806
10,30,10.623995679518975
10,31,13.160364487269533
10,32,11.332568813812838
10,33,10.023303923379924
10,34,6.739612903292931
10,35,8.9239918662381
10,36,11.712325057883112
10,37,15.399525642763406
10,38,17.135351830253498
10,39,20.527783744669755
10,40,21.358761834758262
10,41,21.572893836925108
10,42,25.309168868474227
10,43,25.87686458457195
10,44,24.990951522259365
10,45,27.123198908791007
10,46,24.46282717084971
10,47,20.825340840542978
10,48,21.43237103768002
10,49,22.800204918972582
10,50,19.989400080957708
10,51,17.47835771229743
10,52,19.747136515983115
10,53,20.488295966111348
10,54,16.841784859844736
10,55,16.158668224467256
10,56,19.33570072398319
10,57,19.161899689612895
10,58,15.645191959331685
10,59,16.636485485805164
10,60,20.084243487835685
10,61,19.132209229419697
10,62,16.66553731598656
10,63,19.573547157023697
10,64,22.06407807858353
10,65,20.5632767662192
10,66,19.49116864510885
10,67,22.94029962669269
10,68,24.673144871520616
10,69,23.11320218258225
10,70,24.39048653173429
10,71,21.461786194710978
10,72,22.76060246405484
10,73,20.86075554281343
10,74,22.856909476514353
10,75,22.986075475627207
10,76,20.76200702760842
10,77,17.972426802499026
10,78,18.683633350940777
10,79,18.728740235103626
10,80,15.461744673921132
10,81,13.883911674618702
10,82,15.74391820041745
10,83,14.26243156851647
10,84,10.520714862673623
10,85,11.109712019913719
10,86,13.2693125324826
10,87,10.749385285928005
10,88,8.515619724122251
10,89,12.029449236038692
10,90,12.961121481043739
10,91,10.276413537625345
10,92,11.588540511144261
10,93,15.006692792964
10,94,14.456417034305565
10,95,13.337300380612067
10,96,16.55325563362981
10,97,18.416782476123736
10,98,17.6594300232977
10,99,19.57628669754402
10,100,22.507028145668652
11,1,24.71187525841404
11,2,24.427757773819003
11,3,20.630746841978986
11,4,18.69380662237977
11,5,15.499493054956794
11,6,13.283102877558692
11,7,11.967106486722344
11,8,8.870843942206823
11,9,6.214456807211023
11,10,3.7815790431306064
11,12,3.8264084976366615
11,13,6.506711433063337
11,14,9.029568802519188
11,15,12.703325081847147
11,16,14.91494437126187
11,17,18.20945589551134
11,18,19.363456038141617
11,19,18.969858186269157
11,20,18.907627200358796
11,21,15.873220290820752
11,22,14.069458798956383
11,23,15.045428919044902
11,24,14.588229523029167
11,25,10.910806170808883
11,26,10.368916120142648
11,27,12.630441413406349
11,28,11.404909685655793
11,29,7.663462178918611
11,30,8.570096760779242
11,31,10.699217962659974
11,32,8.501263561309122
11,33,7.9978191512876595
11,34,5.903682142377175
11,35,8.86092227487342
11,36,11.071330779273017
11,37,14.84000556973871
11,38,16.801055519067898
11,39,20.41150689690127
11,40,21.75749622338434
11,41,21.8087170928377
11,42,25.614875788860218
11,43,25.704822943964636
11,44,24.463661551680556
11,45,26.48023445986255
11,46,23.802053966566632
11,47,20.11601635873663
11,48,20.051636055424872
11,49,21.469359872307795
11,50,19.080358134283873
11,51,16.09028126527113
11,52,17.79806398148788
11,53,18.87757884629678
11,54,15.452402031638027
11,55,13.985585786573642
11,56,17.0308392668998
11,57,17.39693866339388
11,58,13.881934723797817
11,59,14.141401413280148
11,60,17.78375903375693
11,61,17.395722995828876
11,62,14.681024501652187
11,63,17.131385234718707
11,64,20.038727550292382
11,65,19.01161368525182
11,66,17.601709640426243
11,67,20.74811650922121
11,68,22.94012544856146
11,69,21.49627702020123
11,70,22.286094471660125
11,71,19.047950852494413
11,72,19.872401081206032
11,73,17.64834809641387
11,74,19.360730905034327
11,75,19.327813552901652
11,76,17.01833982723684
11,77,14.348351462324056
11,78,15.144792438615793
11,79,15.05817849270826
11,80,11.707168570654122
11,81,10.369598408711541
11,82,12.446890572050703
11,83,10.918442636711177
11,84,7.169674455919946
11,85,8.446838679655151
11,86,10.89924504435733
11,87,8.85698972740846
11,88,7.325734472961245
11,89,11.023611598503807
11,90,12.291205772108835
11,91,10.624782560351958
11,92,12.162195728491161
11,93,15.339914336280449
11,94,15.399188686638027
11,95,15.003724148403759
11,96,17.919534906102083
11,97,19.7533187806106
11,98,19.65887450498461
11,99,21.679797258728843
11,100,24.52987254074025
12,1,26.853981026140843
12,2,26.35356320079545
12,3,22.618042937183372
12,4,20.899838826390607
12,5,18.07956460022964
12,6,15.63404375639843
12,7,14.671009495418684
12,8,12.061796109883423
12,9,8.850800495255061
12,10,6.102535027313841
12,11,3.8264084976366615
12,13,3.793082539758873
12,14,6.068685990623563
12,15,9.677748257124863
12,16,12.25068571308709
12,17,15.305259382197223
12,18,16.998810102658855
12,19,17.0650910438454
12,20,17.586967281286206
12,21,14.502597391009715
12,22,12.394467612225458
12,23,14.198502399360983
12,24,14.337487367012118
12,25,10.605236039901987
12,26,10.29320604373889
12,27,13.40493080823248
12,28,12.752808238409713
12,29,9.334395618576488
12,30,11.344227938187744
12,31,13.38867528469304
12,32,11.038166442684064
12,33,10.977731825952434
12,34,9.364933040387797
12,35,11.786996876420796
12,36,13.218717941123538
12,37,16.864600135408523
12,38,18.21837457964134
12,39,21.66321421944082
12,40,22.744578652633205
12,41,22.149459423700115
12,42,25.965674127892246
12,43,26.204433449487855
12,44,24.471788555616193
12,45,25.98396881065191
12,46,22.943830556216138
12,47,19.168048105290968
12,48,18.952575473445645
12,49,20.98412089542075
12,50,19.011371141774077
12,51,15.763916022842379
12,52,17.55984418439801
12,53,19.343231317078097
12,54,16.26480169464196
12,55,14.561440399946004
12,56,17.87600521813553
12,57,18.917177517436564
12,58,15.769447304348091
12,59,15.811445185767736
12,60,19.60054824585158
12,61,19.817614630720257
12,62,17.30836998444777
12,63,19.425124178998576
12,64,22.605154531856492
12,65,22.039714640304375
12,66,20.580854840218517
12,67,23.43510870004629
12,68,25.952621448756254
12,69,24.64224490590696
12,70,25.06611657150536
12,71,21.60510267183395
12,72,21.86836348914744
12,73,19.194011721345326
12,74,20.236894327627752
12,75,19.579687249446742
12,76,16.93074437636251
12,77,14.974941555829833
12,78,15.67239728492633
12,79,14.636894850281639
12,80,11.270351851629817
12,81,10.890359013090983
12,82,12.212911611868105
12,83,9.638152076567573
12,84,6.489387277265666
12,85,8.893297817778581
12,86,10.130447745415513
12,87,7.340245281558365
12,88,7.484735709332471
12,89,11.190318469354418
12,90,11.37826807920519
12,91,10.138969463886012
12,92,12.714640339316837
12,93,15.225432422112828
12,94,14.848203183707762
12,95,15.300706764251014
12,96,18.38812910679211
12,97,19.535779308855073
12,98,19.594559540643232
12,99,22.15791061954071
12,100,24.555261884371888
13,1,30.15488661398769
13,2,29.86293267012356
13,3,26.11819774144132
13,4,24.520615715423304
13,5,21.61089667551333
13,6,19.299956182944985
13,7,18.16164608428937
13,8,15.258326573824647
13,9,12.126093843068148
13,10,8.820962894449533
13,11,6.506711433063337
13,12,3.793082539758873
13,14,3.802518301058798
13,15,6.757893313309539
13,16,9.802834758248277
13,17,12.475489100076052
13,18,13.907468914111098
13,19,13.6580145302127
13,20,14.587587782738174
13,21,11.905629338494366
13,22,9.199225775755814
13,23,11.07370072206875
13,24,11.957824355377356
13,25,8.57400006851018
13,26,7.77836762172776
13,27,11.377307316748029
13,28,11.667593859455678
13,29,9.01680636695163
13,30,11.590754402872983
13,31,13.92885668915438
13,32,12.309044344549912
13,33,13.303514224147303
13,34,12.20810124264104
13,35,15.113045977827982
13,36,16.64549829751502
13,37,20.27675046273601
13,38,21.772966414342037
13,39,25.252712978686215
13,40,26.435942444398048
13,41,25.723954620765383
13,42,29.525850760177992
13,43,29.67852503063598
13,44,27.746559906408212
13,45,29.04321535881565
13,46,25.894494442832833
13,47,22.136155209578668
13,48,21.575736957483265
13,49,23.827472107912453
13,50,22.2107262825857
13,51,18.7673414280529
13,52,20.18462569991409
13,53,22.26780616616775
13,54,19.42527251484468
13,55,17.258333090025385
13,56,20.322618633801017
13,57,21.714273412829566
13,58,18.59162901819496
13,59,18.001062806929873
13,60,21.778603574463407
13,61,22.272819194367674
13,62,19.44105827941855
13,63,21.050102871716373
13,64,24.46590358294261
13,65,23.99096220595104
13,66,22.02333181451161
13,67,24.625816072228265
13,68,27.331279001511763
13,69,25.72551454888101
13,70,25.69408337158791
13,71,22.150792150971462
13,72,22.064791758130347
13,73,19.388894709119487
13,74,19.9766913337266
13,75,19.335409105443922
13,76,16.177087989551453
13,77,14.794909931893617
13,78,16.1932865503224
13,79,14.804257767551492
13,80,11.204225869263906
13,81,11.99955120097789
13,82,13.603744763362918
13,83,10.656468934389329
13,84,8.303852490824283
13,85,11.563201949983812
13,86,12.668412141488277
13,87,10.186347671822592
13,88,11.066717010904098
13,89,14.63367353296699
13,90,14.628421039980422
13,91,13.692408146721874
13,92,16.456371027697273
13,93,18.78384780861129
13,94,18.258102765262443
13,95,18.9053434379071
13,96,22.0686624784008
13,97,22.997771849186627
13,98,22.975199834259943
13,99,25.70878710782805
13,100,27.957219151602914
14,1,30.46820176514984
14,2,30.325415525377462
14,3,26.68010426075495
14,4,25.5778078180423
14,5,22.96367271787341
14,6,20.96938493318328
14,7,20.433676899835476
14,8,17.737645918344313
14,9,14.808296587978091
14,10,11.94997879712637
14,11,9.029568802519188
14,12,6.068685990623563
14,13,3.802518301058798
14,15,3.7944924547847743
14,16,6.252120768127233
14,17,9.27045777148571
14,18,11.0367491963625
14,19,11.615297641602634
14,20,12.485821519898323
14,21,9.45015006015133
14,22,7.367445393859418
14,23,10.286567360373402
14,24,10.914627187967241
14,25,7.771756817327819
14,26,8.48262302124781
14,27,12.048590095345363
14,28,12.070881118201717
14,29,9.972620002037138
14,30,13.313218664992565
14,31,14.84364981458627
14,32,12.952187815583464
14,33,14.324770142897105
14,34,14.063025895216828
14,35,16.717455306811786
14,36,17.527967585767012
14,37,20.88518513481797
14,38,22.17983256025833
14,39,25.56957857768496
14,40,26.953534874087293
14,41,25.941721897885426
14,42,29.66595815831661
14,43,29.51966302126613
14,44,27.216275744198587
14,45,28.197478736792903
14,46,25.028824535251374
14,47,21.39007926956666
14,48,20.249523202510016
14,49,22.666748289780152
14,50,21.63027998262808
14,51,17.967671365302373
14,52,18.86892667568682
14,53,21.39735801659915
14,54,19.062492280351233
14,55,16.43064200616349
14,56,19.277904211543042
14,57,21.28230860325892
14,58,18.570443448673956
14,59,17.48445765758455
14,60,21.19350270371619
14,61,22.32971945118735
14,62,19.68754914423437
14,63,20.778769960134937
14,64,24.404868099871955
14,65,24.51251698028273
14,66,22.524877030921523
14,67,24.675077113252527
14,68,27.737975287710547
14,69,26.44777683759694
14,70,25.988625212079082
14,71,22.272884588486306
14,72,21.552622398529397
14,73,18.467066364171785
14,74,18.38381648938863
14,75,17.147507412703508
14,76,13.916948693870514
14,77,13.283944614087043
14,78,14.444351970745249
14,79,12.336335165435818
14,80,9.074168328674737
14,81,10.804201988417582
14,82,11.790518915014262
14,83,8.444826556973634
14,84,7.455689246230601
14,85,11.188885111384751
14,86,11.608133483321678
14,87,9.77491226144047
14,88,11.745288874484078
14,89,14.774683182618341
14,90,14.614023988103062
14,91,14.656298265042267
14,92,17.508965260386198
14,93,19.31353292189194
14,94,19.154395743583645
14,95,20.420348800764856
14,96,23.263591023267026
14,97,23.984011925698688
14,98,24.495624421282816
14,99,27.316716256081353
14,100,29.364011822648038
15,1,33.881121526332116
15,2,33.79347553392657
15,3,30.20333366713902
15,4,29.243829346461887
15,5,26.70555070730312
15,6,24.730666422790687
15,7,24.19992277837031
15,8,21.48406842210222
15,9,18.487677394721842
15,10,15.456839317377256
15,11,12.703325081847147
15,12,9.677748257124863
15,13,6.757893313309539
15,14,3.7944924547847743
15,16,3.7940648045167658
15,17,5.752255842438969
15,18,7.85652408152415
15,19,8.884042163086777
15,20,10.59442270311281
15,21,8.215871770311965
15,22,5.9205573043939985
15,23,9.478365343206619
15,24,10.932520358517529
15,25,8.867354482361533
15,26,9.597709595412296
15,27,13.085085889159698
15,28,13.827572685263146
15,29,12.593504321732718
15,30,16.082728647948436
15,31,17.565091062116746
15,32,16.070534340428225
15,33,17.84054968854085
15,34,17.784197346936608
15,35,20.49352016399732
15,36,21.200100918966804
15,37,24.460594366069635
15,38,25.641374725430616
15,39,28.94177143846489
15,40,30.29394540551565
15,41,29.039691714814346
15,42,32.68998190796977
15,43,32.520725721121174
15,44,29.97133375188125
15,45,30.616407876514224
15,46,27.34909502642527
15,47,23.831139484542373
15,48,22.43683483864702
15,49,25.09914374447123
15,50,24.473028418178185
15,51,20.77292801373665
15,52,21.412965901797996
15,53,24.24369481929587
15,54,22.241025943387594
15,55,19.424256700241045
15,56,22.060915919086046
15,57,24.39793997460816
15,58,21.898104530890542
15,59,20.48829129059565
15,60,24.07441408761574
15,61,25.518405696248365
15,62,22.858438664168858
15,63,23.548345737717923
15,64,27.27888186463449
15,65,27.59633066409304
15,66,25.390119334202584
15,67,27.234881819627468
15,68,30.45523436644208
15,69,29.10200450006391
15,70,28.260409204816643
15,71,24.529076026600432
15,72,23.391979259830446
15,73,20.2644758974091
15,74,19.557508756957386
15,75,18.065721236421908
15,76,14.592306575825573
15,77,14.880063287972863
15,78,16.29126924056902
15,79,13.70455499133576
15,80,10.901496874416328
15,81,13.48998616182278
15,82,14.194778163096398
15,83,10.791644510871
15,84,10.790764072822542
15,85,14.555989917095314
15,86,14.539487061960001
15,87,12.913564063929263
15,88,15.318485073714037
15,89,18.12305152410401
15,90,17.61529616650921
15,91,17.914746326039943
15,92,20.96577795410506
15,93,22.462164447130494
15,94,22.143384180248688
15,95,23.701574421918984
15,96,26.55363265352147
15,97,26.96037165237165
15,98,27.50093948496216
15,99,30.513609866287627
15,100,32.318997823903715
16,1,33.950568240352005
16,2,34.148109730860924
16,3,30.68346520903819
16,4,30.173087461837685
16,5,27.81861882869393
16,6,26.26272338443158
16,7,26.147571443283393
16,8,23.48587103811917
16,9,20.823242454416697
16,10,18.103837318457867
16,11,14.91494437126187
16,12,12.25068571308709
16,13,9.802834758248277
16,14,6.252120768127233
16,15,3.7940648045167658
16,17,3.8214493971758245
16,18,5.6302390491771
16,19,7.814053571358184
16,20,8.78955860894556
16,21,6.17863061285465
16,22,5.792642915879777
16,23,9.559743783620311
16,24,10.23791621960871
16,25,8.938151987497884
16,26,10.893947554660114
16,27,13.758902198133613
16,28,14.079604401854914
16,29,13.469394563616193
16,30,17.22850435230679
16,31,17.96415069964168
16,32,16.483046365399794
16,33,18.598274127460257
16,34,19.2673213182087
16,35,21.851888479802664
16,36,22.110966433620206
16,37,25.0653129307683
16,38,26.26470689258432
16,39,29.49649970224689
16,40,31.161119524789157
16,41,29.876698755437143
16,42,33.415355111089234
16,43,32.85320430198965
16,44,30.13469272771091
16,45,30.650645735135015
16,46,27.565822295293692
16,47,24.262932082452167
16,48,22.3084136319059
16,49,24.820311673072386
16,50,24.678333888123998
16,51,20.910661861016337
16,52,20.885196633654402
16,53,23.85976367437425
16,54,22.333061711029362
16,55,19.137920576749515
16,56,21.28442534565236
16,57,24.012767906414194
16,58,21.887905929828133
16,59,19.961958098117357
16,60,23.28178578570723
16,61,25.208851402649394
16,62,22.695376005711424
16,63,22.810382067688078
16,64,26.60957850237132
16,65,27.39911098405871
16,66,25.14438648828844
16,67,26.496033204693706
16,68,29.952835047584557
16,69,28.864846415516624
16,70,27.617296625889786
16,71,23.858293633503635
16,72,22.17125507661379
16,73,18.85437822786305
16,74,17.508898287124616
16,75,15.58857864213323
16,76,12.199578184359
16,77,13.34645904107002
16,78,14.608433241584693
16,79,11.623050834026904
16,80,9.59209005069399
16,81,12.87293295969348
16,82,13.20602480334058
16,83,10.184467682325817
16,84,11.355998035796366
16,85,14.976936344944692
16,86,14.762776936416499
16,87,14.068473656716018
16,88,16.751873819158323
16,89,19.066368134945215
16,90,18.820977771441044
16,91,19.77665820460415
16,92,22.56984383556814
16,93,23.82910129990665
16,94,24.0010403758998
16,95,25.78575277370312
16,96,28.300799350117266
16,97,28.778898757017753
16,98,29.738253251757552
16,99,32.63110818901389
16,100,34.43372247631115
17,1,37.6693791363918
17,2,37.80011184442602
17,3,34.36327874555213
17,4,33.836392960286176
17,5,31.511618102454563
17,6,29.81904052771132
17,7,29.596054135863486
17,8,26.926434016201046
17,9,24.077365355264657
17,10,21.14994129134568
17,11,18.20945589551134
17,12,15.305259382197223
17,13,12.475489100076052
17,14,9.27045777148571
17,15,5.752255842438969
17,16,3.8214493971758245
17,18,3.8219715864607378
17,19,6.916413807569338
17,20,9.076600287227928
17,21,7.965536739505287
17,22,7.402762057865919
17,23,10.86414361427805
17,24,12.366161151234579
17,25,11.885731001792893
17,26,13.310286453839696
17,27,16.077014387294525
17,28,17.02405984307727
17,29,16.78289072252073
17,30,20.460758814770028
17,31,21.389552911808213
17,32,20.160606508944614
17,33,22.354126913989607
17,34,22.88257496986796
17,35,25.51469390407065
17,36,25.81870145315859
17,37,28.782745113782745
17,38,29.839803269400065
17,39,32.98657827528086
17,40,34.498182044391285
17,41,32.99456448704481
17,42,36.47429346355709
17,43,36.02475341712897
17,44,33.143683521093315
17,45,33.36473669373769
17,46,30.166288280744492
17,47,26.962348429154535
17,48,24.998968947916218
17,49,27.74520127157827
17,50,27.82471602011333
17,51,24.110948289770285
17,52,24.101230214084843
17,53,27.2532789427678
17,54,25.88152304086297
17,55,22.734725765546997
17,56,24.85407215035681
17,57,27.702911517294485
17,58,25.670401625951055
17,59,23.72260514970151
17,60,26.97836599379611
17,61,28.99371090621003
17,62,26.477259741452986
17,63,26.47122745991658
17,64,30.279515322261666
17,65,31.107242133319485
17,66,28.741821052364145
17,67,29.974136224394243
17,68,33.45888387309549
17,69,32.27432163281809
17,70,30.84363756581566
17,71,27.13597242738622
17,72,25.28171501578047
17,73,22.062480930152397
17,74,20.38400030209306
17,75,18.394122224581785
17,76,15.02822747145616
17,77,16.66997936171747
17,78,18.04791927082858
17,79,14.947704372282718
17,80,13.264520095364846
17,81,16.655678204227982
17,82,16.83005099728873
17,83,13.78949276348075
17,84,15.072949016850558
17,85,18.68852914629552
17,86,18.19663502848197
17,87,17.30363807427457
17,88,20.170028902035767
