1,2,3.810934054482734
1,3,6.38859312512142
1,4,9.284504251588082
1,5,11.58462966067022
1,6,10.087682343582284
1,7,10.156711128376305
1,8,13.639010840038567
1,9,14.594217542393768
1,10,14.274431879344405
1,11,16.209192674246214
1,12,18.841180480396414
1,13,18.99226752592589
1,14,19.88134842376537
1,15,21.776060278376445
1,16,24.865049297418455
1,17,23.56188705323887
1,18,21.215543575700288
1,19,22.60447488509869
1,20,22.23841497391849
1,21,21.950629894901894
1,22,18.584649399583128
1,23,18.030224194741383
1,24,18.08744848599293
1,25,14.96414608048086
1,26,13.656554138874263
1,27,14.479833505989491
1,28,17.428695694407182
1,29,16.266956737029204
1,30,13.101443705015969
1,31,9.752421646484862
1,32,9.721032572478903
1,33,9.70182164685409
1,34,12.84766501134405
1,35,14.125833835927791
1,36,17.42383320285507
1,37,19.696252050440727
1,38,20.258502748423467
1,39,23.51380631953104
1,40,25.01789378804235
1,41,24.635945799979652
1,42,26.271449615005068
1,43,29.45170704974006
1,44,28.12958939556635
1,45,29.160846757107254
1,46,26.577165921603505
1,47,27.465711410740504
1,48,27.03967551820513
1,49,23.334410737309074
1,50,20.686786204757002
1,51,16.90359347475162
1,52,16.519865448698017
1,53,19.37683477525898
1,54,19.473791768518446
1,55,16.202118074916253
1,56,14.204078292740057
1,57,11.129101615767004
1,58,10.424664071361562
1,59,8.949095556524371
1,60,11.903779632389922
1,61,13.200964102266994
1,62,16.15707391114715
1,63,18.79286081198872
1,64,20.904857587002354
1,65,20.561381570343016
2,1,3.810934054482734
2,3,3.784060831413809
2,4,6.591869195337463
2,5,8.245042149719072
2,6,6.306900276147276
2,7,6.705697419079652
2,8,10.143978569733944
2,9,10.812824091634898
2,10,10.753651043966078
2,11,12.873345845673933
2,12,15.224891224393742
2,13,15.425105683566082
2,14,16.640983604022885
2,15,18.452390041439802
2,16,21.65538237673276
2,17,20.721620607386164
2,18,18.48396378249583
2,19,20.329624987205854
2,20,20.525796335898796
2,21,20.361488541976744
2,22,17.13868562013177
2,23,16.004934229318746
2,24,16.189499848856073
2,25,13.31086987725984
2,26,11.302247433633614
2,27,12.653114950167005
2,28,16.068001597385646
2,29,15.546270342693806
2,30,13.022207561016973
2,31,9.864694390643848
2,32,8.541059714647854
2,33,8.105201766717581
2,34,11.267008963413069
2,35,12.147725361376486
2,36,15.557001046478183
2,37,17.832511044722082
2,38,19.030570569274623
2,39,22.448131046399016
2,40,24.026278729477927
2,41,23.10593382752038
2,42,24.565926603509354
2,43,27.609459557048915
2,44,26.032196623270984
2,45,26.652412965865704
2,46,23.79588855774259
2,47,24.598331070094495
2,48,24.564164315913853
2,49,20.924346930682386
2,50,18.400678917079013
2,51,14.607136042547628
2,52,14.967438979015386
2,53,18.004473870208002
2,54,17.814131700231368
2,55,14.411458609306703
2,56,13.06857502283657
2,57,10.054702499842746
2,58,10.289987793431878
2,59,9.220167179198178
2,60,11.845665297036215
2,61,13.57338388559663
2,62,15.935379914380976
2,63,18.88272062409611
2,64,20.384872571307515
2,65,20.13186712743543
3,1,6.38859312512142
3,2,3.784060831413809
3,4,3.783470432227216
3,5,5.387841501372929
3,6,5.272833142005488
3,7,6.320494500282818
3,8,8.675366900236392
3,9,9.919770653225852
3,10,11.044918973612607
3,11,12.571327633232938
3,12,14.472478536457988
3,13,15.492115206770094
3,14,17.088447000548317
3,15,18.20106065158602
3,16,21.738548032194725
3,17,21.29360842913623
3,18,18.76173796550801
3,19,20.718912478448217
3,20,21.112098782938883
3,21,21.58054588162638
3,22,18.771087323979135
3,23,17.645541897876708
3,24,18.400101249189976
3,25,15.988787560130246
3,26,13.693840792066366
3,27,15.527941607728598
3,28,19.149584590487525
3,29,18.927599164908983
3,30,16.63534799739307
3,31,13.591967499712652
3,32,11.905482919632139
3,33,10.854393409487876
3,34,13.422273734747057
3,35,13.290222746439031
3,36,16.24003403415595
3,37,17.84225659767093
3,38,19.078454621349923
3,39,22.75396231829871
3,40,23.823418325819148
3,41,22.543032278879426
3,42,24.380467878928272
3,43,27.0659776023519
3,44,25.03698105341281
3,45,25.54097020451456
3,46,22.633540161612927
3,47,22.877037301918357
3,48,22.791634293188043
3,49,19.34576727352755
3,50,16.42947883155594
3,51,12.729076682806292
3,52,12.96455640091483
3,53,16.420405927772457
3,54,16.804109259691327
3,55,13.857444256925115
3,56,13.401659545515265
3,57,11.239436674319872
3,58,12.546575021421614
3,59,12.36039170962864
3,60,15.196483404004333
3,61,17.22818508570361
3,62,19.48609323489001
3,63,22.521918351337646
3,64,23.81376656068811
3,65,23.52501162028369
4,1,9.284504251588082
4,2,6.591869195337463
4,3,3.783470432227216
4,5,3.8111681164204305
4,6,5.414113596289228
4,7,4.90414245697319
4,8,6.066324185596227
4,9,8.553104286358584
4,10,9.882746951211614
4,11,10.298227981759608
4,12,12.264251796551292
4,13,14.067597421514964
4,14,15.378524839301166
4,15,15.811932508281187
4,16,19.490730009602096
4,17,19.187378123635735
4,18,16.317769553012653
4,19,18.15473279368973
4,20,18.640299468614987
4,21,19.648858254447607
4,22,17.328691700824564
4,23,16.37563191605585
4,24,17.844062088121767
4,25,16.127092968486345
4,26,14.030806966723324
4,27,16.63295628040385
4,28,20.34292371936815
4,29,20.77279996267051
4,30,18.851150052144973
4,31,15.699303524394479
4,32,13.308493060484835
4,33,11.255979241760754
4,34,12.852388254678594
4,35,11.664240641793606
4,36,14.006866028813977
4,37,15.018371804873526
4,38,16.358545494412535
4,39,20.137977346246487
4,40,20.92383509348897
4,41,19.331185620177333
4,42,21.312666121652757
4,43,23.760830996283413
4,44,21.52376156934352
4,45,22.0026921928925
4,46,19.159108109451964
4,47,19.24211658982376
4,48,19.051434666733037
4,49,15.657922855214467
4,50,12.673910909391816
4,51,9.019825076682636
4,52,9.536338820112295
4,53,13.042483631679444
4,54,13.471138056309558
4,55,10.828172922024029
4,56,11.197035024094339
4,57,9.957397339259739
4,58,12.32814920044263
4,59,13.195991269488049
4,60,16.102003556463348
4,61,18.75026376913036
4,62,20.904569323987744
4,63,24.258493055135
4,64,25.400861443994096
4,65,25.5613733320014
5,1,11.58462966067022
5,2,8.245042149719072
5,3,5.387841501372929
5,4,3.8111681164204305
5,6,3.8056648713981707
5,7,5.3757700677594835
5,8,4.982969381142279
5,9,6.226786584284817
5,10,8.84946167563253
5,11,9.710239497278046
5,12,10.514320377282502
5,13,12.329155300500483
5,14,14.475809494718582
5,15,14.8011975567435
5,16,18.537524434762958
5,17,18.929001446189403
5,18,16.512500430362795
5,19,18.98715258286923
5,20,20.17870596289814
5,21,21.10430420356644
5,22,18.917192666925768
5,23,17.274457814589436
5,24,18.464260422385713
5,25,16.874872123961204
5,26,14.109853070921721
5,27,16.574719175569147
5,28,20.36875582708903
5,29,20.978106714826055
5,30,19.513760030510568
5,31,16.866334884498084
5,32,14.270734235250858
5,33,12.707566689630456
5,34,14.415917565176857
5,35,13.27893394675534
5,36,15.637962075182875
5,37,16.67994969737256
5,38,18.654334753590593
5,39,22.374478607853078
5,40,23.248590468268915
5,41,21.16909063150648
5,42,22.850580317383027
5,43,25.052937892917733
5,44,22.530156435760496
5,45,22.366497498925465
5,46,19.140199186775117
5,47,18.91399013657189
5,48,19.411865878294073
5,49,16.34403913798652
5,50,13.61680536135379
5,51,10.385235422907629
5,52,11.831568996649045
5,53,15.302418943476999
5,54,15.490380868828042
5,55,12.98819576671927
5,56,13.94572884069691
5,57,12.68887283845219
5,58,15.05627856810713
5,59,15.530372830350696
5,60,17.888284085745898
5,61,20.262990258543645
5,62,21.870667835094928
5,63,25.09698878093958
5,64,25.713006883626804
5,65,25.611995800228343
6,1,10.087682343582284
6,2,6.306900276147276
6,3,5.272833142005488
6,4,5.414113596289228
6,5,3.8056648713981707
6,7,3.8080135060266582
6,8,5.340305878835535
6,9,4.932616618500526
6,10,6.556916619205203
6,11,8.77564651544888
6,12,9.927350341215227
6,13,10.565928697155602
6,14,12.747594776810509
6,15,14.024302547840103
6,16,17.487040436278026
6,17,17.562203573461055
6,18,15.599220110003975
6,19,18.287305932925833
6,20,19.564240300378664
6,21,19.804377487788834
6,22,17.19757765486729
6,23,15.156680656079553
6,24,15.701394199073171
6,25,13.73865770057591
6,26,10.703850717378868
6,27,12.876216654765344
6,28,16.664266277368434
6,29,17.22841595203426
6,30,15.92751428556754
6,31,13.534501642404365
6,32,10.873878851500843
6,33,9.85593062456909
6,34,12.062398266250414
6,35,11.794176620029276
6,36,14.779217751497159
6,37,16.634300489223662
6,38,18.846126540460677
6,39,22.375818948124014
6,40,23.844889517960738
6,41,21.973093369822166
6,42,23.16974764683744
6,43,25.744968273635987
6,44,23.626591320045836
6,45,23.412378333275267
6,46,20.085492876373575
6,47,20.494891271424457
6,48,21.24312889680991
6,49,17.96109457903828
6,50,15.719713737941017
6,51,12.305959675478578
6,52,14.026870981308058
6,53,17.18259086710703
6,54,16.679182754887652
6,55,13.546848279551
6,56,13.768931845156168
6,57,11.647800621185901
6,58,13.337816059412084
6,59,13.115068456719667
6,60,14.970078160079053
6,61,17.04194228952816
6,62,18.373215599977886
6,63,21.50305254775417
6,64,21.986232714734967
6,65,21.832222647441295
7,1,10.156711128376305
7,2,6.705697419079652
7,3,6.320494500282818
7,4,4.90414245697319
7,5,5.3757700677594835
7,6,3.8080135060266582
7,8,3.806172419661271
7,9,5.337684348463026
7,10,5.221745243604036
7,11,6.355273059241257
7,12,8.809612254448039
7,13,9.789524921605897
7,14,10.881489151677899
7,15,12.027203573025204
7,16,15.47868539604132
7,17,14.989222760553663
7,18,12.577136153980474
7,19,14.88572798826356
7,20,15.88026067886104
7,21,16.254628098506544
7,22,13.750222978190507
7,23,12.102837814087374
7,24,13.280149752352251
7,25,11.755321274900297
7,26,9.462356565222963
7,27,12.442943320966549
7,28,16.154189612098193
7,29,17.179846105863025
7,30,15.913080690963625
7,31,13.108208293327927
7,32,9.959931780593118
7,33,7.700150481291118
7,34,9.05650764489029
7,35,8.179784869613671
7,36,11.053188895836048
7,37,12.93104331471966
7,38,15.091070985271182
7,39,18.587602401903663
7,40,20.160720444998727
7,41,18.41730264844307
7,42,19.5630694051751
7,43,22.30281473304359
7,44,20.428584481798936
7,45,20.522402312238018
7,46,17.41255383392323
7,47,18.25992777002849
7,48,18.69481794077073
7,49,15.173643157907229
7,50,13.172074352453652
7,51,9.651561024529304
7,52,11.516913816050415
7,53,14.24790838777318
7,54,13.312677786011212
7,55,9.951211389366062
7,56,10.071440317411929
7,57,8.152003514515128
7,58,10.370407937013201
7,59,10.983790857223026
7,60,13.0411408291223
7,61,15.780898641726983
7,62,17.331847784725362
7,63,20.813619017840914
7,64,21.536750449755186
7,65,22.021784730385253
8,1,13.639010840038567
8,2,10.143978569733944
8,3,8.675366900236392
8,4,6.066324185596227
8,5,4.982969381142279
8,6,5.340305878835535
8,7,3.806172419661271
8,9,3.8050446230564345
8,10,5.335380272150928
8,11,4.852492931148983
8,12,6.214248324812956
8,13,8.486813310524852
8,14,9.953280233561749
8,15,9.994651828628738
8,16,13.748925291248403
8,17,14.051275932101992
8,18,11.58361488000903
8,19,14.216699735409083
8,20,15.804051358052083
8,21,16.774818445983012
8,22,15.000653654205582
8,23,13.192849799451192
8,24,14.87287968299823
8,25,14.145860169015595
8,26,11.758589862065165
8,27,14.982613955940106
8,28,18.644925018472428
8,29,20.105370975266286
8,30,19.256025905642883
8,31,16.695672677485927
8,32,13.36046412560524
8,33,10.990788980757062
8,34,11.51429167753875
8,35,9.641299557651864
8,36,11.526809094999315
8,37,12.554334539104262
8,38,15.14685180177172
8,39,18.65010159188755
8,40,19.855235235825326
8,41,17.487070630720584
8,42,18.646631302085826
8,43,20.88983246433548
8,44,18.542416031782125
8,45,18.14513913332531
8,46,14.798271308526344
8,47,15.174932174329028
8,48,16.00024409030175
8,49,12.804965362815569
8,50,10.929819291280733
8,51,7.946478925579258
8,52,10.682420320889207
8,53,13.339289482045906
8,54,12.433106942303098
8,55,9.763030184307086
8,56,11.242549134704442
8,57,10.486038953829754
8,58,13.369572387615
8,59,14.49052136705493
8,60,16.361965397648873
8,61,19.212637450468964
8,62,20.437923740581784
8,63,23.940280406248647
8,64,24.290811410616755
8,65,24.850494951817073
9,1,14.594217542393768
9,2,10.812824091634898
9,3,9.919770653225852
9,4,8.553104286358584
9,5,6.226786584284817
9,6,4.932616618500526
9,7,5.337684348463026
9,8,3.8050446230564345
9,10,3.8049521615783397
9,11,5.443372039352681
9,12,5.208820716144502
9,13,6.178020100599478
9,14,8.866244184097777
9,15,9.681392320305871
9,16,13.14343468788966
9,17,13.922684956672539
9,18,12.40287996512718
9,19,15.643318924600267
9,20,17.750562743661707
9,21,18.114988828236058
9,22,16.15433676115546
9,23,13.566316175691925
9,24,14.416376534839031
9,25,13.536592729645935
9,26,10.45475287584333
9,27,13.229441119657015
9,28,16.84360060634131
9,29,18.393616540300965
9,30,18.036015759993184
9,31,16.103193460998916
9,32,12.773500549479
9,33,11.287419512950072
9,34,12.26561987143986
9,35,11.25031596396304
9,36,13.534889682460463
9,37,15.115863587869626
9,38,18.07581105959248
9,39,21.34165786636676
9,40,22.92123602356673
9,41,20.48283003082686
9,42,21.14293785079788
9,43,23.39936899470968
9,44,21.162932434933033
9,45,20.274539996181115
9,46,16.679325760541374
9,47,17.174501986696132
9,48,18.650982236606158
9,49,15.726944242668653
9,50,14.309962278449674
9,51,11.632634325322872
9,52,14.485634038111282
9,53,17.06878165065967
9,54,15.876281090815773
9,55,13.06186813640449
9,56,14.190367340137962
9,57,12.805311994389667
9,58,15.052958276066033
9,59,15.382871873257706
9,60,16.564155045456413
9,61,18.899789509847693
9,62,19.520300939474254
9,63,22.768295675651242
9,64,22.604908133819897
9,65,22.882045152798952
10,1,14.274431879344405
10,2,10.753651043966078
10,3,11.044918973612607
10,4,9.882746951211614
10,5,8.84946167563253
10,6,6.556916619205203
10,7,5.221745243604036
10,8,5.335380272150928
10,9,3.8049521615783397
10,11,3.8152730355335254
10,12,5.344788650083987
10,13,4.783590351826488
10,14,6.249857179744564
10,15,8.221180396267403
10,16,11.282871387725555
10,17,11.226555371510225
10,18,9.913029490590755
10,19,13.108168127104484
10,20,15.144970489765512
10,21,14.94168380000006
10,22,12.762280261291265
10,23,9.928115870030943
10,24,10.611973680092174
10,25,9.93239877965457
10,26,7.1520801889247965
10,27,10.40630450502749
10,28,13.880116959389703
10,29,15.85272891750545
10,30,15.7760506112886
10,31,13.911005677910698
10,32,10.266025056715973
10,33,8.511176355872008
10,34,8.964088611240566
10,35,8.339436291813993
10,36,10.888496213186171
10,37,13.155360982826116
10,38,16.23499669781397
10,39,19.196692791453703
10,40,21.298257520579476
10,41,19.157222755380005
10,42,19.34598711249669
10,43,21.981798606402588
10,44,20.29297535378413
10,45,19.612141689411565
10,46,16.193110772402243
10,47,17.517909008593783
10,48,18.87808521801882
10,49,15.716900043420912
10,50,14.837898952688747
10,51,12.116918403653695
10,52,14.99460384664864
10,53,17.046002914575297
10,54,15.165887683235722
10,55,11.93704000216323
10,56,12.44185299333817
10,57,10.725292966601106
10,58,12.592524616571115
10,59,12.897489323197156
10,60,13.557774069645856
10,61,16.031893288297972
10,62,16.446086362085374
10,63,19.83414519312578
10,64,19.677627488534153
10,65,20.426737718927267
11,1,16.209192674246214
11,2,12.873345845673933
11,3,12.571327633232938
11,4,10.298227981759608
11,5,9.710239497278046
11,6,8.77564651544888
11,7,6.355273059241257
11,8,4.852492931148983
11,9,5.443372039352681
11,10,3.8152730355335254
11,12,3.80611185498573
11,13,5.3963156006240895
11,14,5.387717812823833
11,15,5.695012771878065
11,16,9.230122414541999
11,17,9.222507510239776
11,18,7.072378001827777
11,19,10.203678102605993
11,20,12.452898522732974
11,21,13.013230421283383
11,22,11.63267943427085
11,23,9.330560608893753
11,24,11.27165288804678
11,25,11.611616694243969
11,26,9.812861155200576
11,27,13.457139069763933
11,28,16.690262297241972
11,29,18.95937990432248
11,30,18.852048798848493
11,31,16.682661043342943
11,32,12.94554086930177
11,33,10.29688931416938
11,34,9.495026458667526
11,35,7.339394657461491
11,36,8.666793089581189
11,37,10.136123300034148
11,38,13.475310788822437
11,39,16.409337800702062
11,40,18.251678959861557
11,41,15.77783586141535
11,42,15.977760660981179
11,43,18.384317107849782
11,44,16.541977673277863
11,45,15.815287835454331
11,46,12.418285592850124
11,47,13.849552657715028
11,48,15.15742738313574
11,49,12.050683331206347
11,50,11.603351142740253
11,51,9.423912656697535
11,52,12.74324594176767
11,53,14.264189829350636
11,54,12.081065907599104
11,55,9.310527952481818
11,56,10.733087493910041
11,57,10.207932903356257
11,58,12.913585530245307
11,59,14.253585667297383
11,60,15.227764447525995
11,61,18.228774911419695
11,62,18.8481356368718
11,63,22.427087504008405
11,64,22.40540116605391
11,65,23.567726727188585
12,1,18.841180480396414
12,2,15.224891224393742
12,3,14.472478536457988
12,4,12.264251796551292
12,5,10.514320377282502
12,6,9.927350341215227
12,7,8.809612254448039
12,8,6.214248324812956
12,9,5.208820716144502
12,10,5.344788650083987
12,11,3.80611185498573
12,13,3.8082483080511116
12,14,5.543166425647327
12,15,4.817337773447153
12,16,8.365599001377843
12,17,9.890806251553082
12,18,8.753828326656087
12,19,12.307834676257702
12,20,15.179489509185489
12,21,15.822399657713182
12,22,14.856034868092628
12,23,12.177274365713357
12,24,13.691128148656576
12,25,14.218668507882828
12,26,11.910971234805139
12,27,15.158652351156173
12,28,18.29768068568029
12,29,20.700331885407806
12,30,20.98501052335327
12,31,19.234809464859257
12,32,15.548069717885959
12,33,13.463073518814284
12,34,12.970124720606911
12,35,11.071493012726133
12,36,12.06247322227709
12,37,13.051327874595179
12,38,16.569025001218783
12,39,19.339255449366682
12,40,20.962781925759042
12,41,18.06812507761848
12,42,18.087093350020133
12,43,19.951200273883845
12,44,17.751063677468725
12,45,16.23801336170828
12,46,12.52212762882451
12,47,13.390420207403606
12,48,15.525701196367908
12,49,13.085859574642074
12,50,12.909469658420042
12,51,11.381139535797711
12,52,14.98165267247192
12,53,16.594488787316816
12,54,14.634778236810934
12,55,12.4555362612898
12,56,14.365838179888192
12,57,13.975761066676236
12,58,16.628293991659042
12,59,17.675018671373277
12,60,18.402186552617128
12,61,21.08467284258973
12,62,21.276436899246878
12,63,24.644797841614654
12,64,24.126674619481605
12,65,25.03869125506098
13,1,18.99226752592589
13,2,15.425105683566082
13,3,15.492115206770094
13,4,14.067597421514964
13,5,12.329155300500483
13,6,10.565928697155602
13,7,9.789524921605897
13,8,8.486813310524852
13,9,6.178020100599478
13,10,4.783590351826488
13,11,5.3963156006240895
13,12,3.8082483080511116
13,14,3.819494941605676
13,15,5.584003736778637
13,16,7.94595036666045
13,17,9.187023274794266
13,18,9.261623416091174
13,19,13.017940535866991
13,20,15.98681212453656
13,21,15.720735970794408
13,22,14.384645062906555
13,23,11.059387762207859
13,24,11.585343652855055
13,25,12.09181732534667
13,26,9.589006478915335
13,27,12.423190688474092
13,28,15.250985050353437
13,29,17.897645278274045
13,30,18.718212597683248
13,31,17.546321264880767
13,32,13.930423761366512
13,33,12.521385876026372
13,34,12.1985912690088
13,35,11.31353389615856
13,36,12.836123704303143
13,37,14.672233767260323
13,38,18.259066188099727
13,39,20.739482613139486
13,40,22.90391555914853
13,41,20.311065928381353
13,42,19.836968800693867
13,43,22.01261101010675
13,44,20.301072632098297
13,45,18.78470023243029
13,46,15.197463419745839
13,47,16.594370374351573
13,48,18.814774376424392
13,49,16.313057472454105
13,50,16.32851922854867
13,51,14.522209535472248
13,52,17.95672634994374
13,53,19.542052184933528
13,54,17.26857419365328
13,55,14.628925657444153
13,56,15.774077471970083
13,57,14.673278875744902
13,58,16.59870721693365
13,59,16.998286513929735
13,60,16.98065624835446
13,61,19.21816979687471
13,62,18.82613681669134
13,63,21.963189960328908
13,64,21.038272406156988
13,65,21.951606971380958
14,1,19.88134842376537
14,2,16.640983604022885
14,3,17.088447000548317
14,4,15.378524839301166
14,5,14.475809494718582
14,6,12.747594776810509
14,7,10.881489151677899
14,8,9.953280233561749
14,9,8.866244184097777
14,10,6.249857179744564
14,11,5.387717812823833
14,12,5.543166425647327
14,13,3.819494941605676
14,15,3.8056243275787716
14,16,5.3670726573442815
14,17,5.5059335167271675
14,18,5.942687101946411
14,19,9.633498351241304
14,20,12.735889265979305
14,21,12.230622649269874
14,22,11.324607113194126
14,23,8.052467353746739
14,24,9.139483869774192
14,25,10.69957235642209
14,26,9.367668887368664
14,27,12.579472230735487
14,28,14.975354017272888
14,29,18.041906239237445
14,30,18.992969875794348
14,31,17.711143654478136
14,32,13.995071912220828
14,33,12.045421722344305
14,34,10.603879224243789
14,35,9.427495501809995
14,36,10.229880776502831
14,37,12.16222603337853
14,38,15.835024845693786
14,39,17.851718524391725
14,40,20.320970604785554
14,41,17.896863909628607
14,42,16.916621530077077
14,43,19.257302862372754
14,44,18.053148974649247
14,45,16.714082861323973
14,46,13.455758758521664
14,47,15.64001359520051
14,48,17.648605489250716
14,49,15.117428924991005
14,50,15.77963823495056
14,51,14.288278798815954
14,52,17.700972304518046
14,53,18.608403262962277
14,54,15.766752867765145
14,55,13.231190569994299
14,56,14.20908742298495
14,57,13.496882418586594
14,58,15.360601068935301
14,59,16.223997742886553
14,60,15.927315714711272
14,61,18.478018407778464
14,62,18.045485323339154
14,63,21.336532986280723
14,64,20.547954377104247
14,65,22.09974290162863
15,1,21.776060278376445
15,2,18.452390041439802
15,3,18.20106065158602
15,4,15.811932508281187
15,5,14.8011975567435
15,6,14.024302547840103
15,7,12.027203573025204
15,8,9.994651828628738
15,9,9.681392320305871
15,10,8.221180396267403
15,11,5.695012771878065
15,12,4.817337773447153
15,13,5.584003736778637
15,14,3.8056243275787716
15,16,3.818594717519028
15,17,5.520898736554257
15,18,5.182662049629236
15,19,8.807671004395617
15,20,12.287392278330948
15,21,12.825211332263725
15,22,12.818937032957123
15,23,10.292004367102106
15,24,12.282247999770522
15,25,14.069219752002985
15,26,12.851647753860236
15,27,16.23692067045894
15,28,18.753799652179985
15,29,21.750155262009642
15,30,22.48519030364773
15,31,20.896631731653148
15,32,17.117109800717696
15,33,14.708765222222857
15,34,13.007321517597298
15,35,10.805077783834497
15,36,10.557700533262393
15,37,11.280655420765505
15,38,15.074770234238718
15,39,17.065993165507866
15,40,19.011051210719494
15,41,16.079638882167647
15,42,15.177640779554457
15,43,16.936493686813034
15,44,15.29852300672425
15,45,13.496180560138571
15,46,10.055358185617179
15,47,12.050425714636042
15,48,14.401526350950407
15,49,12.332679096035502
15,50,13.483989155473937
15,51,12.806650518285696
15,52,16.48252900455101
15,53,17.05365925877884
15,54,14.258065552636122
15,55,12.521889717251899
15,56,14.449380548240137
15,57,14.66571737200952
15,58,17.204716959628314
15,59,18.683218323239238
15,60,18.885539438485047
15,61,21.744262418264206
15,62,21.603535490601356
15,63,24.99419382971124
15,64,24.321615309526102
15,65,25.884411549097308
16,1,24.865049297418455
16,2,21.65538237673276
16,3,21.738548032194725
16,4,19.490730009602096
16,5,18.537524434762958
16,6,17.487040436278026
16,7,15.47868539604132
16,8,13.748925291248403
16,9,13.14343468788966
16,10,11.282871387725555
16,11,9.230122414541999
16,12,8.365599001377843
16,13,7.94595036666045
16,14,5.3670726573442815
16,15,3.818594717519028
16,17,3.823189528389448
16,18,5.962505311983972
16,19,8.933148068317658
16,20,12.696070609630246
16,21,12.73096106857458
16,22,13.403766557013643
16,23,10.88682978791815
16,24,12.545836626644455
16,25,15.094042732015806
16,26,14.449494131346517
16,27,17.503672823492664
16,28,19.38690333481794
16,29,22.762542189293125
16,30,24.008591446450072
16,31,22.817553346667747
16,32,19.126917597723462
16,33,16.935541141598563
16,34,14.803857705453675
16,35,12.95609081078435
16,36,12.200566569145833
16,37,12.911669771516726
16,38,16.6474427934647
16,39,17.885300218231475
16,40,20.103275787559753
16,41,17.292561602003396
16,42,15.5657511194721
16,43,17.095594362073136
16,44,16.05062909961322
16,45,13.9082514017693
16,46,11.001521482926968
16,47,13.51618599764536
16,48,16.094018546583815
16,49,14.559479616552188
16,50,16.396380315312488
16,51,16.13745986800259
16,52,19.740624974315534
16,53,19.836492778358437
16,54,16.697367694355947
16,55,15.230175720004802
16,56,16.913689576685304
16,57,17.209476529343068
16,58,19.379321419977504
16,59,20.787620562884165
16,60,20.41239692456359
16,61,23.080540196661005
16,62,22.446500103431088
16,63,25.629450096189135
16,64,24.600258024435732
16,65,26.48987557863204
17,1,23.56188705323887
17,2,20.721620607386164
17,3,21.29360842913623
17,4,19.187378123635735
17,5,18.929001446189403
17,6,17.562203573461055
17,7,14.989222760553663
17,8,14.051275932101992
17,9,13.922684956672539
17,10,11.226555371510225
17,11,9.222507510239776
17,12,9.890806251553082
17,13,9.187023274794266
17,14,5.5059335167271675
17,15,5.520898736554257
17,16,3.823189528389448
17,18,3.8210816452780714
17,19,6.1728971906717875
17,20,9.687879014148242
17,21,9.101111302743293
17,22,9.884778743867152
17,23,7.655883138233417
17,24,9.665379277595958
17,25,12.675644987346926
17,26,12.91384279460702
17,27,16.046843033418316
17,28,17.67272345848469
17,29,21.086926898736674
17,30,22.22855800842253
17,31,20.92548135302393
17,32,17.340070082099878
17,33,14.946685529312255
17,34,12.244977161864467
17,35,10.569805100584125
17,36,9.514094807975628
17,37,10.730639284296105
17,38,14.281027515282153
17,39,15.18814549986518
17,40,17.88696767857127
17,41,15.603243140786018
17,42,13.584517805753462
17,43,15.747749685249596
17,44,15.386504907865637
17,45,14.045539446946437
17,46,11.632049827423828
17,47,14.775455706960248
17,48,16.602625942825686
17,49,14.58703044721814
17,50,16.40703092999618
17,51,15.846239249807654
17,52,19.109080512444905
17,53,18.908097961170423
17,54,15.444322865454609
17,55,13.706350210801538
17,56,14.739584569835307
17,57,14.997909282690033
17,58,16.805782736394967
17,59,18.356935914805696
17,60,17.780081371399252
17,61,20.57002997326356
17,62,20.046334351719995
17,63,23.308027364627264
17,64,22.596601785076714
17,65,24.86407665338695
18,1,21.215543575700288
18,2,18.48396378249583
18,3,18.76173796550801
18,4,16.317769553012653
18,5,16.512500430362795
18,6,15.599220110003975
18,7,12.577136153980474
18,8,11.58361488000903
18,9,12.40287996512718
18,10,9.913029490590755
18,11,7.072378001827777
18,12,8.753828326656087
18,13,9.261623416091174
18,14,5.942687101946411
18,15,5.182662049629236
18,16,5.962505311983972
18,17,3.8210816452780714
18,19,3.7985663359135113
18,20,7.214107771668183
18,21,7.746313456803644
18,22,8.358794569396917
18,23,6.889937579111425
18,24,9.990300708479623
18,25,12.417755510002056
18,26,12.584077986824111
18,27,16.17611459349784
18,28,18.35578528193593
18,29,21.38061420862652
18,30,21.869744625100854
18,31,19.961368582773332
18,32,16.304565518333444
18,33,13.314352545128227
18,34,10.507023216306605
18,35,7.883748504688378
18,36,6.324289911327258
18,37,7.1597240406716836
18,38,10.870297036660896
18,39,12.352755101465995
18,40,14.801932830093989
18,41,12.40802065338104
18,42,11.032389760570588
18,43,13.502906277431173
18,44,12.78331347753086
18,45,12.02333177162194
18,46,9.495357877155806
18,47,12.592898079379767
18,48,13.827243452221017
18,49,11.318919621235265
18,50,12.885927128060679
18,51,12.235397302421719
18,52,15.37331469729728
18,53,15.109554168499443
18,54,11.66156684611489
18,55,9.925563910015088
18,56,11.266902263944718
18,57,12.0182025769733
18,58,14.376807129639703
18,59,16.47318695790452
18,60,16.64239985996233
18,61,19.87312289937374
18,62,20.064619418457653
18,63,23.61808547047512
18,64,23.47387741363417
18,65,25.6061681739662
19,1,22.60447488509869
19,2,20.329624987205854
19,3,20.718912478448217
19,4,18.15473279368973
19,5,18.98715258286923
19,6,18.287305932925833
19,7,14.88572798826356
19,8,14.216699735409083
19,9,15.643318924600267
19,10,13.108168127104484
19,11,10.203678102605993
19,12,12.307834676257702
19,13,13.017940535866991
19,14,9.633498351241304
19,15,8.807671004395617
19,16,8.933148068317658
19,17,6.1728971906717875
19,18,3.7985663359135113
19,20,3.796003297749106
19,21,5.233509886638528
19,22,7.3424805974685725
19,23,7.664279663116414
19,24,11.21890040143518
19,25,13.911086766398938
19,26,14.922797219236474
19,27,18.440445114761154
19,28,20.325956830574516
19,29,23.27897499304747
19,30,23.581362203085067
19,31,21.476184394834917
19,32,18.04609810667611
19,33,14.783593835370654
19,34,11.422408620763512
19,35,8.617536192736868
19,36,5.564682112888226
19,37,5.356144211886695
19,38,8.47849024104271
19,39,9.060401991541218
19,40,11.74497382912296
19,41,9.771323924050916
19,42,7.764726944692845
19,43,10.608006852172933
19,44,10.776298993792654
19,45,10.84760921983674
19,46,9.45904470548462
19,47,13.005567173654477
19,48,13.421792225048804
19,49,11.081365950518707
19,50,13.126604138250427
19,51,12.965542152005353
19,52,15.524619460738094
19,53,14.392851785435113
19,54,10.635778117278177
19,55,9.609642541188762
19,56,10.669846048504768
19,57,12.228688331421932
19,58,14.450026667252102
19,59,17.083861081123814
19,60,17.340961387444196
19,61,20.75610016243917
19,62,21.214615126539613
19,63,24.774213405944305
19,64,24.982256574877578
19,65,27.45029173740719
20,1,22.23841497391849
20,2,20.525796335898796
20,3,21.112098782938883
20,4,18.640299468614987
20,5,20.17870596289814
20,6,19.564240300378664
20,7,15.88026067886104
20,8,15.804051358052083
20,9,17.750562743661707
20,10,15.144970489765512
20,11,12.452898522732974
20,12,15.179489509185489
20,13,15.98681212453656
20,14,12.735889265979305
20,15,12.287392278330948
20,16,12.696070609630246
20,17,9.687879014148242
20,18,7.214107771668183
20,19,3.796003297749106
20,21,3.8029747240993466
20,22,6.391516958087589
20,23,8.515605133547963
20,24,12.149472772466101
20,25,14.51972642120834
20,26,16.141415181293333
20,27,19.542136395160462
20,28,21.30190706081392
20,29,23.939383029033166
20,30,23.840921499345274
20,31,21.45062972215799
20,32,18.355681865034278
20,33,14.905040084413352
20,34,11.335590958081829
20,35,8.638142749554525
20,36,4.989497860755269
20,37,4.284567207136144
20,38,5.795886002841821
20,39,5.618987494781437
20,40,8.875813591561199
20,41,8.00483050655604
20,42,6.161331016779676
20,43,9.782159899598046
20,44,10.761269181410507
20,45,12.082945846967844
20,46,11.545122219340813
20,47,14.927834344449721
20,48,14.381327306735498
20,49,11.85995707274737
20,50,13.591945663177466
20,51,13.335399782366768
20,52,15.057120162451975
20,53,13.409097366673702
20,54,9.683576375163307
20,55,8.929764232555275
20,56,9.149708393556537
20,57,11.22363385457998
20,58,13.142972171197036
20,59,16.210078192640236
20,60,16.731184913589452
20,61,20.286923450497106
20,62,21.217250428718376
20,63,24.782107593509398
20,64,25.51553169027283
20,65,28.136117446114966
21,1,21.950629894901894
21,2,20.361488541976744
21,3,21.58054588162638
21,4,19.648858254447607
21,5,21.10430420356644
21,6,19.804377487788834
21,7,16.254628098506544
21,8,16.774818445983012
21,9,18.114988828236058
21,10,14.94168380000006
21,11,13.013230421283383
21,12,15.822399657713182
21,13,15.720735970794408
21,14,12.230622649269874
21,15,12.825211332263725
21,16,12.73096106857458
21,17,9.101111302743293
21,18,7.746313456803644
21,19,5.233509886638528
21,20,3.8029747240993466
21,22,3.795324825158518
21,23,6.218926435374209
21,24,9.32664874749314
21,25,12.055932778737358
21,26,14.311311960536571
21,27,17.325191560275723
21,28,18.56206729493275
21,29,21.32485811307666
21,30,21.545500362200865
21,31,19.544832282642
21,32,16.640989760901036
21,33,13.6071590725487
21,34,9.832098576540892
21,35,8.324753662150753
21,36,5.789118611159238
21,37,7.281690468302879
21,38,8.768361870467404
21,39,8.4012208707718
21,40,12.08008007434431
21,41,11.738173808851545
21,42,9.699761207351735
21,43,13.20513945984555
21,44,14.420513718419464
21,45,15.366649032012079
21,46,14.50073094328501
21,47,17.999060149249114
21,48,17.87990537596933
21,49,15.244739159568814
21,50,16.717569554043013
21,51,15.875748084226643
21,52,17.68163729673581
21,53,16.517786836047087
21,54,12.885439488406659
21,55,11.265158351622116
21,56,10.491196676916802
21,57,11.394023200380225
21,58,12.335475820072201
21,59,14.824738039937149
21,60,14.541971514265178
21,61,17.810122835003874
21,62,18.343867209411822
21,63,21.74131444430406
21,64,22.370559182382507
21,65,25.22955625056039
22,1,18.584649399583128
22,2,17.13868562013177
22,3,18.771087323979135
22,4,17.328691700824564
22,5,18.917192666925768
22,6,17.19757765486729
22,7,13.750222978190507
22,8,15.000653654205582
22,9,16.15433676115546
22,10,12.762280261291265
22,11,11.63267943427085
22,12,14.856034868092628
22,13,14.384645062906555
22,14,11.324607113194126
22,15,12.818937032957123
22,16,13.403766557013643
22,17,9.884778743867152
22,18,8.358794569396917
22,19,7.3424805974685725
22,20,6.391516958087589
22,21,3.795324825158518
22,23,3.784641561290142
22,24,6.637750673709398
22,25,8.655230382326343
22,26,11.10985018650409
22,27,14.015155008500397
22,28,15.39353143860843
22,29,17.88103828198233
22,30,17.859161344898965
22,31,15.7665751418294
22,32,12.950497955023518
22,33,10.00113386934896
22,34,6.226322333795142
22,35,5.691017656858879
22,36,4.945358924505433
22,37,8.07348802662205
22,38,9.605961672675331
22,39,10.366515025424539
22,40,13.939711629454129
22,41,13.691542795943404
22,42,12.503388269402722
22,43,16.170344749806674
22,44,16.841449994358005
22,45,17.77742024187845
22,46,16.313401871030596
22,47,19.488669165261797
22,48,19.42508589738204
22,49,16.290842735045235
22,50,16.969424049726676
22,51,15.28868315240686
22,52,16.958438107467394
22,53,16.525563585345026
22,54,13.226112108306655
22,55,10.630110630112878
22,56,8.960712754442469
22,57,8.671823936479633
22,58,9.010241555877636
22,59,11.144745474341688
22,60,10.777535527498927
22,61,14.121128430033451
22,62,14.875071571787107
22,63,18.40479549136575
22,64,19.277898496052742
22,65,21.960246646879092
23,1,18.030224194741383
23,2,16.004934229318746
23,3,17.645541897876708
23,4,16.37563191605585
23,5,17.274457814589436
23,6,15.156680656079553
23,7,12.102837814087374
23,8,13.192849799451192
23,9,13.566316175691925
23,10,9.928115870030943
23,11,9.330560608893753
23,12,12.177274365713357
23,13,11.059387762207859
23,14,8.052467353746739
23,15,10.292004367102106
23,16,10.88682978791815
23,17,7.655883138233417
23,18,6.889937579111425
23,19,7.664279663116414
23,20,8.515605133547963
23,21,6.218926435374209
23,22,3.784641561290142
23,24,3.792789765313547
23,25,6.344365329646746
23,26,8.181914011796945
23,27,11.2758820571823
23,28,12.864334793495482
23,29,15.735876450616612
23,30,16.192298794005808
23,31,14.49234805221834
23,32,11.258387227396991
23,33,8.693864064219472
23,34,5.34421418417514
23,35,5.3582018435085015
23,36,6.0551072205832295
23,37,9.490846307372099
23,38,12.03423724886193
23,39,13.336828005536288
23,40,16.68998327722632
23,41,15.710654898102945
23,42,14.488978514456727
23,43,17.877334398258736
23,44,17.99480783482449
23,45,18.187783966451885
23,46,16.05784046269187
23,47,19.083999905295443
23,48,19.70492629783966
23,49,16.585574810280168
23,50,17.179420298420972
23,51,15.275778460388397
23,52,17.557119529444616
23,53,17.73322033495672
23,54,14.492472544395014
23,55,11.518511081333731
23,56,10.469674383570805
23,57,9.424152238854846
23,58,9.966915465645847
23,59,11.240898737788356
23,60,10.426996002795072
23,61,13.469978875401663
23,62,13.58880609614685
23,63,17.14043073542226
23,64,17.406536790754295
23,65,19.868742202208665
24,1,18.08744848599293
24,2,16.189499848856073
24,3,18.400101249189976
24,4,17.844062088121767
24,5,18.464260422385713
24,6,15.701394199073171
24,7,13.280149752352251
24,8,14.87287968299823
24,9,14.416376534839031
24,10,10.611973680092174
24,11,11.27165288804678
24,12,13.691128148656576
24,13,11.585343652855055
24,14,9.139483869774192
24,15,12.282247999770522
24,16,12.545836626644455
24,17,9.665379277595958
24,18,9.990300708479623
24,19,11.21890040143518
24,20,12.149472772466101
24,21,9.32664874749314
24,22,6.637750673709398
24,23,3.792789765313547
24,25,3.7816772060919277
24,26,6.339975651114674
24,27,8.483583175286745
24,28,9.376032696451775
24,29,12.504133879789167
24,30,13.534619758128956
24,31,12.583910478255465
24,32,9.698230572862496
24,33,8.390480385853039
24,34,6.1231426226582
24,35,8.032649538646572
24,36,9.686596856739847
24,37,13.243964271068258
24,38,15.638884092678667
24,39,16.85492728785177
24,40,20.30993601850976
24,41,19.4856549444603
24,42,18.1919842816255
24,43,21.561668971026734
24,44,21.72629301376812
24,45,21.725170482529744
24,46,19.425878953348406
24,47,22.36524499481278
24,48,23.247862342277333
24,49,20.123354345440106
24,50,20.512430484559417
24,51,18.302839783207475
24,52,20.557020266554304
24,53,21.108978794490504
24,54,18.05015659461002
24,55,14.830086325208125
24,56,13.40499696602238
24,57,11.48010689361726
24,58,10.998541285955437
24,59,10.99674733493272
24,60,9.028385344768175
24,61,11.244255987424213
24,62,10.525410885797362
24,63,13.861722072319536
24,64,13.767656596274769
24,65,16.3390258362774
25,1,14.96414608048086
25,2,13.31086987725984
25,3,15.988787560130246
25,4,16.127092968486345
25,5,16.874872123961204
25,6,13.73865770057591
25,7,11.755321274900297
25,8,14.145860169015595
25,9,13.536592729645935
25,10,9.93239877965457
25,11,11.611616694243969
25,12,14.218668507882828
25,13,12.09181732534667
25,14,10.69957235642209
25,15,14.069219752002985
25,16,15.094042732015806
25,17,12.675644987346926
25,18,12.417755510002056
25,19,13.911086766398938
25,20,14.51972642120834
25,21,12.055932778737358
25,22,8.655230382326343
25,23,6.344365329646746
25,24,3.7816772060919277
25,26,3.796963902276218
25,27,5.46416625863256
25,28,6.989602734206478
25,29,9.44661407185569
25,30,9.941455425724104
25,31,8.823561504613826
25,32,6.015340879229272
25,33,5.567761427166874
25,34,4.995505444139513
25,35,8.22131827554844
25,36,11.044443355112788
25,37,14.786069906256571
25,38,16.886528848517727
25,39,18.62915188608672
25,40,21.886749260481288
25,41,21.204017008685618
25,42,20.498210841080343
25,43,23.98615121676492
25,44,23.852632350209447
25,45,24.037688765613574
25,46,21.521770968031177
25,47,24.102176177338755
25,48,24.825428447058115
25,49,21.423531940931536
25,50,21.145845782310133
25,51,18.383828551395602
25,52,20.297520651600433
25,53,21.40742337908048
25,54,18.8233033603299
25,55,15.223696116559339
25,56,13.33412917785836
25,57,10.503017553519808
25,58,9.32128431561427
25,59,8.22073916231024
25,60,6.0289969070957845
25,61,8.02718859031374
25,62,7.6999881993675015
25,63,11.32089999680284
25,64,11.707741612841126
25,65,13.786792107099714
26,1,13.656554138874263
26,2,11.302247433633614
26,3,13.693840792066366
26,4,14.030806966723324
26,5,14.109853070921721
26,6,10.703850717378868
26,7,9.462356565222963
26,8,11.758589862065165
26,9,10.45475287584333
26,10,7.1520801889247965
26,11,9.812861155200576
26,12,11.910971234805139
26,13,9.589006478915335
26,14,9.367668887368664
26,15,12.851647753860236
26,16,14.449494131346517
26,17,12.91384279460702
26,18,12.584077986824111
26,19,14.922797219236474
26,20,16.141415181293333
26,21,14.311311960536571
26,22,11.10985018650409
26,23,8.181914011796945
26,24,6.339975651114674
26,25,3.796963902276218
26,27,3.828463858633695
26,28,7.056912904938321
26,29,9.233710452926147
26,30,9.652812047964968
26,31,8.552872146095494
26,32,5.128837048979996
26,33,5.264547734679992
26,34,6.345662488287211
26,35,8.816543319830652
26,36,12.087542096395493
26,37,15.587541228691027
26,38,18.082881592980442
26,39,20.36727002853545
26,40,23.294324405522286
26,41,22.11350313096139
26,42,21.733104819500177
26,43,25.00037065969825
26,44,24.292323891132632
26,45,24.115550196544
26,46,21.16927219394502
26,47,23.299533299665285
26,48,24.33299726920532
26,49,20.950542108483603
26,50,20.328756564670332
26,51,17.375024132692065
26,52,19.543494689288792
26,53,21.211653684425897
26,54,18.947795309889486
26,55,15.255913695807926
26,56,13.964294059464438
26,57,10.996114123495715
26,58,10.580730992170395
26,59,9.265921491866784
26,60,8.062375069563712
26,61,9.695602782215433
26,62,9.406739838296152
