1,2,3.8494946090521167
1,3,7.119111728008166
1,4,10.182679912734482
1,5,13.695006362014745
1,6,14.282847829063865
1,7,11.351154343122433
1,8,14.046153803015338
1,9,12.14917165450334
1,10,8.965648646149592
1,11,9.215572324013785
1,12,6.697468130870116
1,13,8.895957666299951
1,14,8.963963675927282
1,15,12.784938440628778
1,16,13.862686444242765
1,17,14.966868029912881
1,18,15.494153621644397
1,19,18.922149116676724
1,20,17.762432002550195
1,21,19.258959609893694
1,22,18.289156318352063
1,23,17.663868662899684
1,24,20.762523899110526
1,25,20.58174264289742
1,26,20.867828581466235
1,27,23.87686489328821
1,28,25.613326735009345
1,29,28.033680542430876
1,30,28.120475216658946
1,31,28.16577755559432
1,32,27.390872541491802
1,33,29.035545185010314
1,34,27.296711451836494
1,35,27.71611131555396
1,36,24.054707446604088
1,37,24.84231632676892
1,38,23.13868538838025
1,39,26.344256509644
1,40,25.804713814178093
1,41,21.97787300637623
1,42,20.863736892463333
1,43,17.06735150841635
1,44,18.414542652261776
1,45,20.534416910293302
1,46,19.22399677535467
1,47,20.81708329065407
1,48,17.511661471791584
1,49,16.57490335878282
1,50,12.977471095373545
1,51,12.226275024232752
1,52,13.287841541390458
1,53,15.447231672235342
1,54,18.46820028816184
1,55,21.00089287630402
1,56,19.237422089152176
1,57,21.26448689814508
1,58,18.995978862398413
1,59,17.155064751096734
1,60,13.708831376745984
1,61,12.405824087856029
1,62,14.973607986433274
1,63,17.180058635148907
1,64,20.702142511964105
1,65,21.078992515013
1,66,23.247839707980187
1,67,25.390079868879265
1,68,28.42781267336918
1,69,29.03523709386134
1,70,25.642006521317864
1,71,24.96899199583782
1,72,21.488613794678322
1,73,18.863643784151048
1,74,15.68804454011844
1,75,12.539419692486643
1,76,10.94167549833921
1,77,7.506852790240317
1,78,7.739178058957303
1,79,9.182007046042305
1,80,8.843507521515651
2,1,3.8494946090521167
2,3,3.825073253008801
2,4,6.89289479595029
2,5,10.160947490613953
2,6,10.946139886009355
2,7,8.583004310229912
2,8,11.852432221429673
2,9,10.607333764093646
2,10,7.829595347344021
2,11,9.663602630327858
2,12,8.140590009774808
2,13,10.818210355328956
2,14,10.13397851106629
2,15,13.599621916153913
2,16,14.201609485996197
2,17,14.310792595657091
2,18,14.282214713763274
2,19,18.021552471206775
2,20,17.646658417203902
2,21,19.180609926343884
2,22,18.712620530329552
2,23,17.82183140439106
2,24,20.921496214577925
2,25,21.06106211645101
2,26,20.856312549457297
2,27,24.170248115175923
2,28,25.830872531420276
2,29,27.835505569935208
2,30,28.11101846903201
2,31,27.96361493299283
2,32,26.73993728426768
2,33,28.249881321171074
2,34,26.250070458033687
2,35,26.587223087017232
2,36,22.998514371045356
2,37,24.272170022227556
2,38,22.92176060088034
2,39,25.937462593348606
2,40,24.844463766730215
2,41,21.05505237606061
2,42,20.520789783552345
2,43,16.753898472852153
2,44,18.413977826982777
2,45,21.04093508674646
2,46,20.34993984838136
2,47,21.745022869889443
2,48,18.613116203380475
2,49,17.315985205711048
2,50,13.575957323206216
2,51,11.75324995703412
2,52,12.18282016068526
2,53,13.485620209962367
2,54,16.832887531836917
2,55,18.906069559559825
2,56,16.616190395858705
2,57,18.593905549591668
2,58,16.119801088053585
2,59,13.836879909343052
2,60,10.691875072804788
2,61,10.299133241308361
2,62,13.347345231687818
2,63,16.211668363560463
2,64,19.868367735467654
2,65,20.630173161586985
2,66,23.304939264282442
2,67,25.116800563170468
2,68,27.960999578483698
2,69,28.17847416471963
2,70,24.565363717790582
2,71,23.752659712062446
2,72,20.067470653000456
2,73,17.269748149299527
2,74,13.718173718424755
2,75,11.17648840523292
2,76,9.824046558179095
2,77,5.9925989333404655
2,78,5.1660197681053175
2,79,5.501618613085701
2,80,5.498508159738202
3,1,7.119111728008166
3,2,3.825073253008801
3,4,3.8204068039723005
3,5,6.736543533921676
3,6,7.277120305937909
3,7,4.918667332168078
3,8,8.338595442064992
3,9,7.665785205167129
3,10,5.625632027396257
3,11,8.73822971379782
3,12,8.63698920302188
3,13,11.72548693683498
3,14,11.14689649331818
3,15,14.050956327793955
3,16,14.862934930736541
3,17,14.378253669890437
3,18,14.507300720299146
3,19,18.324428548230454
3,20,18.47507575381986
3,21,19.4922641472711
3,22,19.0160349523282
3,23,17.479922929010897
3,24,20.207087036992302
3,25,20.241683685572408
3,26,19.378143484778096
3,27,22.763520213062677
3,28,24.57652405921551
3,29,26.30290648170448
3,30,26.996243513948134
3,31,26.92290552231517
3,32,25.224798359912104
3,33,26.34304899255336
3,34,23.976679291861842
3,35,23.99056058506186
3,36,20.42248537248254
3,37,21.905770341064954
3,38,20.72328424652587
3,39,23.459769383793546
3,40,21.98434993479307
3,41,18.259033197341807
3,42,18.1311994025081
3,43,14.537994628954847
3,44,16.566916379714918
3,45,19.472834666472192
3,46,19.46092798471241
3,47,20.825245173693474
3,48,18.101733634798812
3,49,16.880717119503235
3,50,13.129582560062628
3,51,10.687833800999767
3,52,10.018176903093826
3,53,10.466628508833503
3,54,13.777138638057256
3,55,15.441628645281979
3,56,12.974817514531553
3,57,15.184467095334941
3,58,12.975171727782158
3,59,10.70964214546763
3,60,7.873328061239549
3,61,7.970977973490949
3,62,11.561772268404992
3,63,14.72956911070394
3,64,18.47143289046025
3,65,19.889891599492074
3,66,22.920331162263686
3,67,24.713948106604317
3,68,27.160577632818516
3,69,27.323701321804194
3,70,23.598258927510507
3,71,22.306251042519488
3,72,18.53667271553816
3,73,16.0492204020471
3,74,12.39357251169774
3,75,10.72368622223829
3,76,10.55143829893995
3,77,7.043790174836054
3,78,6.647119354283146
3,79,5.129932182150503
3,80,5.673503169218353
4,1,10.182679912734482
4,2,6.89289479595029
4,3,3.8204068039723005
4,5,3.856656204182222
4,6,6.225830952590094
4,7,5.27343029942614
4,8,8.023998884430853
4,9,7.4028339334405775
4,10,7.354507498887238
4,11,10.83564860734379
4,12,11.727058597913109
4,13,15.12143790111078
4,14,14.849262695015291
4,15,17.5948392220927
4,16,18.441425407330623
4,17,17.615156940852827
4,18,17.48902989807847
4,19,21.315271197756385
4,20,21.860349168459575
4,21,22.803917667623733
4,22,22.43494640073643
4,23,20.63773055312005
4,24,23.09259933972651
4,25,22.97495257350278
4,26,21.603044360678076
4,27,24.893520182098257
4,28,26.923314292208794
4,29,28.45069186304446
4,30,29.50371720710271
4,31,29.492226870226308
4,32,27.429194038879476
4,33,28.166134666197983
4,34,25.437651708171686
4,35,25.007898172671638
4,36,21.50313359592909
4,37,23.047776162952463
4,38,21.832293584155313
4,39,24.078662725170435
4,40,22.275428622294715
4,41,18.661338802936978
4,42,18.70195688402348
4,43,15.526827435415548
4,44,18.165371160933997
4,45,20.99105926069677
4,46,21.54980715867313
4,47,23.155732714933276
4,48,20.828029874319373
4,49,19.885083423709844
4,50,16.19242356417329
4,51,13.626533901795947
4,52,12.067278149518819
4,53,11.445543467139123
4,54,14.34607423887642
4,55,15.09932244052325
4,56,12.3091241063123
4,57,14.980038792445905
4,58,13.178518515832643
4,59,10.512803391032353
4,60,8.91555836584673
4,61,10.095651275832275
4,62,13.877120696509119
4,63,17.206635401313765
4,64,20.894162885229495
4,65,22.733202526401527
4,66,25.958273202236914
4,67,27.655016155680222
4,68,29.83296956451074
4,69,29.843120116842034
4,70,26.05382208761003
4,71,24.494655072275823
4,72,20.714243045617426
4,73,18.41013489294522
4,74,14.727295733977396
4,75,13.793550249502127
4,76,13.869127040984221
4,77,10.552906543941038
4,78,9.353675808079474
4,79,6.387572240392372
4,80,5.572459893576713
5,1,13.695006362014745
5,2,10.160947490613953
5,3,6.736543533921676
5,4,3.856656204182222
5,6,3.881461121547941
5,7,5.548242157662404
5,8,7.715383417418334
5,9,8.688975951538694
5,10,9.51450520989107
5,11,13.303540034013213
5,12,14.566373880940233
5,13,17.713708456043896
5,14,17.064764799346484
5,15,19.254141611916634
5,16,19.790571053518377
5,17,18.29767701855265
5,18,17.900469126049448
5,19,21.587518807165544
5,20,22.736912441898706
5,21,23.480032280000017
5,22,23.448321744400275
5,23,21.457525339496524
5,24,23.660784715106722
5,25,23.7915723283589
5,26,22.01959811076484
5,27,25.38317944888088
5,28,27.24254819804747
5,29,28.289240491579616
5,30,29.529812049200448
5,31,29.375178908158638
5,32,26.922507867115964
5,33,27.419214386018613
5,34,24.50082200646911
5,35,23.953351002966283
5,36,20.746346503864906
5,37,22.737621266462543
5,38,22.01889647276409
5,39,23.928590818704148
5,40,21.58274321665948
5,41,18.30670112254296
5,42,19.080088697204292
5,43,16.295824784066976
5,44,18.907008729792807
5,45,22.017334164284836
5,46,23.088598092293022
5,47,24.365769058901645
5,48,22.341178116082293
5,49,21.177843870798437
5,50,17.750982319429212
5,51,14.693579126470167
5,52,12.622604899381866
5,53,10.831195435718016
5,54,13.562076202395646
5,55,13.467298634247253
5,56,10.13920604982921
5,57,12.591227312941697
5,58,10.90836635640396
5,59,7.969782089033347
5,60,7.819669716883726
5,61,10.163523447976852
5,62,13.72004279869264
5,63,17.221341148949758
5,64,20.674543976830606
5,65,22.860330267277796
5,66,26.355479984445612
5,67,27.72718481841159
5,68,29.55609606328466
5,69,29.256189187198444
5,70,25.43756950388209
5,71,23.692441041213232
5,72,19.977429713048675
5,73,17.870506931722826
5,74,14.326889884718755
5,75,14.398731706257877
5,76,15.032478803923967
5,77,12.36474836434538
5,78,11.201301069173766
5,79,7.797100780466581
5,80,7.976809675753813
6,1,14.282847829063865
6,2,10.946139886009355
6,3,7.277120305937909
6,4,6.225830952590094
6,5,3.881461121547941
6,7,3.8247981596415928
6,8,5.737869383985188
6,9,8.2467780010026
6,10,8.690314644794443
6,11,12.443792552180048
6,12,13.75441208164441
6,13,16.399518712701965
6,14,15.442652127987435
6,15,16.975256833435772
6,16,17.46108493996757
6,17,15.697874620987479
6,18,15.63735505583151
6,19,19.108169533710345
6,20,20.40364578151702
6,21,20.696141641803063
6,22,20.664532666282053
6,23,18.441918171878676
6,24,20.405371005714702
6,25,20.712954652262184
6,26,18.810436721850063
6,27,22.262196895789597
6,28,23.89031200846719
6,29,24.69421818859856
6,30,25.95411891651691
6,31,25.74682268131396
6,32,23.168924921186434
6,33,23.631238241586754
6,34,20.742942375469248
6,35,20.36303829346702
6,36,17.27830763766214
6,37,19.577988222888223
6,38,19.304852289897497
6,39,21.33428989031573
6,40,18.81343634147263
6,41,15.69079451343181
6,42,16.992164796916587
6,43,14.234545647961559
6,44,16.356760820527718
6,45,19.78769001899376
6,46,20.985561195056373
6,47,21.786191871584055
6,48,19.896188954825057
6,49,18.472701475633727
6,50,15.365870735677424
6,51,12.016645277975847
6,52,9.741699251311372
6,53,7.409926238227123
6,54,10.350523368401102
6,55,10.45199176948269
6,56,6.971015344888065
6,57,9.007372711352351
6,58,7.163406224415022
6,59,4.756836213814686
6,60,4.612123358415708
6,61,7.087017972353481
6,62,10.34076540115251
6,63,13.778824275125604
6,64,17.079146515395223
6,65,19.47871474208209
6,66,23.058255719853065
6,67,24.368621705904943
6,68,25.975565445112764
6,69,25.708687501026333
6,70,21.926792688533208
6,71,19.984612426139307
6,72,16.330336387477388
6,73,14.525331542113728
6,74,11.239615547917005
6,75,11.901409325634447
6,76,13.382289744500545
6,77,11.413390645449349
6,78,11.33752866963019
6,79,8.741577216474681
6,80,10.312828811088142
7,1,11.351154343122433
7,2,8.583004310229912
7,3,4.918667332168078
7,4,5.27343029942614
7,5,5.548242157662404
7,6,3.8247981596415928
7,8,3.8548666317652693
7,9,5.306565340598016
7,10,4.883205295492636
7,11,8.639094851874587
7,12,10.03683034979603
7,13,12.866949432437476
7,14,12.412242518488402
7,15,14.27480371416314
7,16,15.38313676877303
7,17,14.396758069094934
7,18,15.027175158530143
7,19,18.590556560238554
7,20,19.175190942697423
7,21,19.356284646386214
7,22,18.741227865135208
7,23,16.418638241155755
7,24,18.468214170916568
7,25,18.344137826846
7,26,16.67354302977036
7,27,20.04376526995495
7,28,21.959563662443433
7,29,23.302270436658645
7,30,24.50968617299899
7,31,24.57596433222692
7,32,22.347705720712337
7,33,22.931638442976723
7,34,20.16724173982781
7,35,19.799735900462007
7,36,16.316785523896268
7,37,18.063850026787897
7,38,17.235966341142078
7,39,19.64247595208341
7,40,17.70124133029382
7,41,14.160534014574187
7,42,14.737356810137237
7,43,11.51253486145843
7,44,13.699987771518678
7,45,16.95266132232831
7,46,17.78493201802297
7,47,18.88917609128236
7,48,16.806509655329087
7,49,15.695567247266082
7,50,12.306058489837563
7,51,9.38438404637041
7,52,7.165021679505663
7,53,6.181684714813598
7,54,9.300384489343235
7,55,10.573268746830248
7,56,8.09430009672061
7,57,10.575665521793544
7,58,9.034373058992887
7,59,7.600754999302452
7,60,5.359430557269852
7,61,5.543663606761738
7,62,9.287078496481309
7,63,12.408069143940159
7,64,16.028489022427976
7,65,18.26789816542982
7,66,21.568650817843366
7,67,23.381084298098994
7,68,25.237035501634107
7,69,25.46914686494592
7,70,21.753770951401158
7,71,19.80491757547584
7,72,16.120050118517778
7,73,14.362165105301637
7,74,11.053616675842346
7,75,10.653675358886451
7,76,12.085465726992862
7,77,9.615231196984253
7,78,10.269595975107096
7,79,8.44450529571408
7,80,9.714197155202726
8,1,14.046153803015338
8,2,11.852432221429673
8,3,8.338595442064992
8,4,8.023998884430853
8,5,7.715383417418334
8,6,5.737869383985188
8,7,3.8548666317652693
8,9,3.8538946864719925
8,10,5.60271693112759
8,11,8.584964596873418
8,12,11.179569861823694
8,13,13.913748058198674
8,14,14.166206935531774
8,15,15.51749889326575
8,16,17.22530073134426
8,17,16.459985031489275
8,18,17.675004770260035
8,19,20.950326858735817
8,20,21.43726390970898
8,21,20.99470240026526
8,22,19.92832625879932
8,23,17.02724606909733
8,24,18.34880537098485
8,25,17.631922939835743
8,26,15.295398665397569
8,27,18.294158601224915
8,28,20.612707217181846
8,29,21.926913419438062
8,30,23.689192335921145
8,31,24.13092981375175
8,32,21.64013510674776
8,33,21.608947994956555
8,34,18.474915454190874
8,35,17.46010368438214
8,36,13.91485502699463
8,37,15.343415505639857
8,38,14.333224980983907
8,39,16.31922532732205
8,40,14.280721127064863
8,41,10.760985698621367
8,42,11.45719322449198
8,43,8.743695618468406
8,44,11.438305505274922
8,45,14.518816728749186
8,46,16.064572177325182
8,47,17.34912365565924
8,48,15.984525146491672
8,49,15.520071349212467
8,50,12.524066006533225
8,51,10.127755824624636
8,52,6.766253050114377
8,53,5.017225466176138
8,54,6.623167118906308
8,55,7.532136841207183
8,56,6.019858116609521
8,57,9.313494305470151
8,58,9.258381875124215
8,59,9.118361930586468
8,60,7.803284085327156
8,61,7.252838096889558
8,62,10.317965522789587
8,63,12.677743735261075
8,64,16.023111304256545
8,65,18.828289627660247
8,66,22.014659560083114
8,67,24.102696794649763
8,68,25.500229992740906
8,69,26.076482549434118
8,70,22.53598084287713
8,71,20.034604782184335
8,72,16.641770351161533
8,73,15.720778052793264
8,74,13.0141623013936
8,75,13.046871429787668
8,76,15.126489314762445
8,77,12.960745328076024
8,78,14.038459516293539
8,79,12.26832677649398
8,80,13.163426951568196
9,1,12.14917165450334
9,2,10.607333764093646
9,3,7.665785205167129
9,4,7.4028339334405775
9,5,8.688975951538694
9,6,8.2467780010026
9,7,5.306565340598016
9,8,3.8538946864719925
9,10,3.87619072270173
9,11,6.307408780496043
9,12,9.38536693483211
9,13,12.68931910627441
9,14,13.783179312972154
9,15,15.80903648069575
9,16,17.985050721215234
9,17,17.923179173586743
9,18,19.28530566603663
9,19,22.71553116870695
9,20,22.67699582791921
9,21,22.46133295408888
9,22,21.019860053734686
9,23,18.280475396063576
9,24,19.769908789500487
9,25,18.58117741428834
9,26,16.57873422436581
9,27,19.28266141780906
9,28,21.976322036034794
9,29,23.835525169862937
9,30,25.531030106867124
9,31,26.202347297675843
9,32,24.0732935615585
9,33,24.137509805880278
9,34,21.138540302061998
9,35,20.028759777512917
9,36,16.281759309920282
9,37,16.956366758543496
9,38,15.109753267102874
9,39,17.166008648115312
9,40,15.850967483483878
9,41,12.077233962742453
9,42,11.492602438754355
9,43,8.536777410904646
9,44,11.77403207439239
9,45,14.154971094289813
9,46,15.300472590107608
9,47,17.333092824003508
9,48,15.82217478225459
9,49,15.962468624184325
9,50,12.646446134291997
9,51,11.08468928369989
9,52,8.288726181792772
9,53,8.140167668013754
9,54,9.428055710856144
9,55,10.712467187869143
9,56,9.765904543845876
9,57,13.151959677799217
9,58,12.958979252585944
9,59,12.351926287413868
9,60,10.456123053790755
9,61,9.420233362361136
9,62,12.698141888706134
9,63,14.842446076591877
9,64,18.349150724126755
9,65,20.822714533119242
9,66,23.698750571590946
9,67,26.125681563901708
9,68,27.810192663351028
9,69,28.665699989158856
9,70,25.169042981880917
9,71,22.838109565351342
9,72,19.432061406931044
9,73,18.30621260318397
9,74,15.423335003099604
9,75,14.570204861683743
9,76,16.025161542414047
9,77,13.214917001545167
9,78,14.094756180166039
9,79,12.475676072864069
9,80,12.41877073502185
10,1,8.965648646149592
10,2,7.829595347344021
10,3,5.625632027396257
10,4,7.354507498887238
10,5,9.51450520989107
10,6,8.690314644794443
10,7,4.883205295492636
10,8,5.60271693112759
10,9,3.87619072270173
10,11,3.835377738968553
10,12,5.861251710695038
10,13,9.16271888403278
10,14,10.00403457072828
10,15,12.345679624462965
10,16,14.47482804402015
10,17,14.74354883123406
10,18,16.2259210419015
10,19,19.658123009426188
10,20,19.281609458216092
10,21,19.27738476638813
10,22,17.816172215013555
10,23,15.434036418367224
10,24,17.41183545959994
10,25,16.522529422380636
10,26,15.227397579491415
10,27,18.22028918296216
10,28,20.582612213012094
10,29,22.660418363625926
10,30,23.833510493137922
10,31,24.32449348272037
10,32,22.607703338892495
10,33,23.241358890144905
10,34,20.693324932464208
10,35,20.247879605401554
10,36,16.44803193649068
10,37,17.23874107646147
10,38,15.543601162402803
10,39,18.297088280368904
10,40,17.292919123730844
10,41,13.43316519843345
10,42,12.754394159549282
10,43,9.089546516308562
10,44,11.360141111282065
10,45,13.992427795951336
10,46,14.22577253998453
10,47,15.957114098025599
10,48,13.71175306692875
10,49,13.373266972445416
10,50,9.723543621233688
10,51,8.188130890115536
10,52,6.510617809201105
10,53,7.846363408992886
10,54,10.121654070768049
10,55,12.423157399321468
10,56,11.291349815591536
10,57,13.959349084461934
10,58,12.929002535813073
10,59,12.203469219885957
10,60,9.275282180980344
10,61,7.38284910116542
10,62,10.587735152350623
10,63,12.734456474710184
10,64,16.41335356428608
10,65,18.3475628123927
10,66,21.08427167165023
10,67,23.53870973557831
10,68,25.614771929077758
10,69,26.49692455247357
10,70,23.00330060313888
10,71,21.07826856887129
10,72,17.593117069199057
10,73,16.089420605097008
10,74,13.132226769450618
10,75,11.546300838391073
10,76,12.691961052957518
10,77,9.855392601485553
10,78,11.293459640997325
10,79,10.600760637059901
10,80,11.094994331405873
11,1,9.215572324013785
11,2,9.663602630327858
11,3,8.73822971379782
11,4,10.83564860734379
11,5,13.303540034013213
11,6,12.443792552180048
11,7,8.639094851874587
11,8,8.584964596873418
11,9,6.307408780496043
11,10,3.835377738968553
11,12,3.822852983622881
11,13,6.845962857608452
11,14,9.057853172079382
11,15,11.333948388848668
11,16,14.248840818847485
11,17,15.454618120876026
11,18,17.578696837754336
11,19,20.692233137222754
11,20,19.635755667795355
11,21,19.33750149970063
11,22,17.211579097272494
11,23,14.81338179259584
11,24,16.528341794805275
11,25,15.002982534895741
11,26,14.096344053247176
11,27,16.613804208686396
11,28,19.242250111790145
11,29,21.8452772311092
11,30,22.96401401826007
11,31,23.79478916953052
11,32,22.517062541780852
11,33,23.16278145563205
11,34,20.88514419544838
11,35,20.445664262235177
11,36,16.59666962207974
11,37,16.61439682481673
11,38,14.355332189709896
11,39,17.352453030641104
11,40,17.17255345459661
11,41,13.344298255434643
11,42,11.731797159953768
11,43,8.030995232045136
11,44,9.85650346251779
11,45,11.738822203119403
11,46,11.295757094659301
11,47,13.485624723864493
11,48,11.199924380329868
11,49,11.655500715244568
11,50,8.195298798679124
11,51,8.307802851881224
11,52,7.438719606362727
11,53,9.981378957017846
11,54,11.442374579378956
11,55,14.291769292458396
11,56,14.038591127722995
11,57,16.564433001743655
11,58,15.852628592545367
11,59,15.637350303875778
11,60,12.495538860344412
11,61,9.77359833131071
11,62,12.133975987669409
11,63,13.307030330788299
11,64,16.72938518150806
11,65,18.383444330919623
11,66,20.55898700159694
11,67,23.462088027143814
11,68,25.59521307343855
11,69,26.9861458980544
11,70,23.766171392236195
11,71,21.86435000283662
11,72,18.689155067007515
11,73,17.531080156748537
11,74,15.065139571741144
11,75,12.967404855984476
11,76,14.048479495231957
11,77,11.484286044779475
11,78,13.506551687926201
11,79,13.601034311361921
11,80,13.909307834175056
12,1,6.697468130870116
12,2,8.140590009774808
12,3,8.63698920302188
12,4,11.727058597913109
12,5,14.566373880940233
12,6,13.75441208164441
12,7,10.03683034979603
12,8,11.179569861823694
12,9,9.38536693483211
12,10,5.861251710695038
12,11,3.822852983622881
12,13,3.8129158000803556
12,14,5.930450253324293
12,15,8.96615685746184
12,16,11.66697734634452
12,17,13.37701974285151
12,18,15.434263471018747
12,19,18.46565127600921
12,20,16.989793887418934
12,21,17.12174789367607
12,22,15.08608767574912
12,23,13.410481293385322
12,24,15.763765275119043
12,25,14.75767718349972
12,26,14.795809344832925
12,27,17.499708121610933
12,28,19.601700090496646
12,29,22.30548422391773
12,30,22.786792769677184
12,31,23.33769545588934
12,32,22.53649252764253
12,33,23.783727682570188
12,34,22.001685194220116
12,35,22.193331931380854
12,36,18.476718377498976
12,37,18.718866839407443
12,38,16.79113172816959
12,39,20.14786140550773
12,40,20.064120215197338
12,41,16.341086872473895
12,42,14.927217483776317
12,43,11.15061859714055
12,44,12.00127458719895
12,45,13.936261832588833
12,46,12.558726482246792
12,47,14.220143222052219
12,48,11.128829376234279
12,49,10.86393539837948
12,50,7.252502829859479
12,51,7.675317040257986
12,52,8.560165480456597
12,53,11.677996575964672
12,54,13.82282140005496
12,55,16.96481322960753
12,56,16.32393925575279
12,57,18.338254264371066
12,58,16.935616877738664
12,59,16.433389514900107
12,60,12.820636573343467
12,61,9.948000976088972
12,62,11.895152716671813
12,63,13.03097110428296
12,64,16.413882734195198
12,65,17.294696567035423
12,66,19.23201805555355
12,67,22.035632512459433
12,68,24.62502552866718
12,69,25.932877083940337
12,70,22.761606476331202
12,71,21.42690129934213
12,72,18.255162167602137
12,73,16.6343090137541
12,74,14.175549771834262
12,75,11.313221790890214
12,76,11.646367222542516
12,77,9.200175206895707
12,78,11.57306049346873
12,79,12.679491197540552
12,80,13.29954560281089
13,1,8.895957666299951
13,2,10.818210355328956
13,3,11.72548693683498
13,4,15.12143790111078
13,5,17.713708456043896
13,6,16.399518712701965
13,7,12.866949432437476
13,8,13.913748058198674
13,9,12.68931910627441
13,10,9.16271888403278
13,11,6.845962857608452
13,12,3.8129158000803556
13,14,3.8229230922156474
13,15,6.199465095678407
13,16,9.361324386807038
13,17,11.952703199889916
13,18,14.582353935022144
13,19,17.019975808931893
13,20,14.921995260398715
13,21,14.754393755674208
13,22,12.267272167894268
13,23,10.975610057679933
13,24,13.36334537026748
13,25,12.444628140362893
13,26,13.39362265950234
13,27,15.905801822203056
13,28,17.579734710515314
13,29,20.48625182488444
13,30,20.49109528884754
13,31,21.03504483711066
13,32,20.796674805517153
13,33,22.40521405008406
13,34,21.189203273769163
13,35,21.871953296415143
13,36,18.403794477389315
13,37,18.492011978812275
13,38,16.81718611946293
13,39,20.480138993000235
13,40,20.76803447446705
13,41,17.346492336479685
13,42,15.980407325882506
13,43,12.396796878203373
13,44,12.033616763917587
13,45,13.744627638043319
13,46,11.534016158545874
13,47,12.51084051607167
13,48,8.945511395331753
13,49,8.361927770266835
13,50,5.420124642034955
13,51,7.275624773087312
13,52,9.505568692147557
13,53,13.167143771456518
13,54,15.101708721149315
13,55,18.642166653313417
13,56,18.351918712868358
13,57,19.787877349249822
13,58,18.32645039980394
13,59,18.292573792846536
13,60,14.54581422457803
13,61,11.192077713818694
13,62,11.966192880617465
13,63,12.154246522558626
13,64,15.030101169160545
13,65,15.256643561893283
13,66,16.60459338109127
13,67,19.591264868173244
13,68,22.34074411482449
13,69,23.945272154402776
13,70,21.095384099269623
13,71,20.069053409205615
13,72,17.29316701975795
13,73,15.902969046870098
13,74,14.147750034413837
13,75,11.009742263346842
13,76,11.391781601998316
13,77,10.055855783983874
13,78,13.147802337873898
13,79,15.051322204172536
13,80,16.214328890128957
14,1,8.963963675927282
14,2,10.13397851106629
14,3,11.14689649331818
14,4,14.849262695015291
14,5,17.064764799346484
14,6,15.442652127987435
14,7,12.412242518488402
14,8,14.166206935531774
14,9,13.783179312972154
14,10,10.00403457072828
14,11,9.057853172079382
14,12,5.930450253324293
14,13,3.8229230922156474
14,15,3.8465827756960795
14,16,5.92201380407733
14,17,8.357233260986352
14,18,10.832845701050042
14,19,13.275774294965286
14,20,11.284768943700268
14,21,11.509794373324231
14,22,9.661983551921262
14,23,8.98688415567468
14,24,12.150391397353713
14,25,12.38214221722698
14,26,13.608825682226952
14,27,16.641049148644935
14,28,17.614158944582417
14,29,20.039455124801794
14,30,19.596908674681135
14,31,19.60236948090581
14,32,19.374015686236753
14,33,21.446752508690196
14,34,20.475554044244646
14,35,21.687502142671615
14,36,18.443653351260277
14,37,19.247192299452664
14,38,18.286243252796144
14,39,22.031309616795895
14,40,21.81782016077041
14,41,18.5073152268862
14,42,17.89713508053577
14,43,14.21761569297308
14,44,13.596278442851363
14,45,16.002817559260073
14,46,14.082283589342849
14,47,14.213981173282653
14,48,10.484030721824233
14,49,8.414919736777103
14,50,5.6145978682740845
14,51,5.98971025950845
14,52,9.205857949082015
14,53,12.60417887824618
14,54,15.172225317253016
14,55,18.656030143886042
14,56,17.87111253343454
14,57,18.719309650836333
14,58,16.68396495151125
14,59,16.520025105728433
14,60,12.70502119168645
14,61,9.554950930709106
14,62,9.789154529852663
14,63,10.270113645758721
14,64,13.131959384453415
14,65,12.880729661728461
14,66,14.533088010026582
14,67,17.042636409606462
14,68,20.075587260847982
14,69,21.238882006027
14,70,18.250522717040788
14,71,17.664904640870688
14,72,14.772593513762924
14,73,12.887937130599086
14,74,11.147965265394717
14,75,7.702058243131524
14,76,7.836975802731562
14,77,7.357489918056733
14,78,10.918667945221179
14,79,13.363006105464194
14,80,15.292631293108023
15,1,12.784938440628778
15,2,13.599621916153913
15,3,14.050956327793955
15,4,17.5948392220927
15,5,19.254141611916634
15,6,16.975256833435772
15,7,14.27480371416314
15,8,15.51749889326575
15,9,15.80903648069575
15,10,12.345679624462965
15,11,11.333948388848668
15,12,8.96615685746184
15,13,6.199465095678407
15,14,3.8465827756960795
15,16,3.863317724017535
15,17,6.854588911362867
15,18,10.280579909447665
15,19,11.808990667281906
15,20,9.583756803161526
15,21,8.687329392673002
15,22,6.148445567203819
15,23,5.304664818926497
15,24,8.523834032030218
15,25,9.268711154480876
15,26,11.119491736168097
15,27,14.103170664366365
15,28,14.460288799272769
15,29,16.75454837117587
15,30,15.965964701784602
15,31,15.892975196891532
15,32,15.973190084268976
15,33,18.300712845323208
15,34,17.815708237809275
15,35,19.491371609866732
15,36,16.641804787132596
15,37,17.51347128482701
15,38,17.113433490258597
15,39,20.953736764343308
15,40,20.832593640160457
15,41,17.97224527403651
15,42,17.757849276482162
15,43,14.448868441301585
15,44,12.839503958752358
15,45,15.301798245409458
15,46,13.309082474023679
15,47,12.418505301720176
15,48,8.775529917071067
15,49,5.721619104111451
15,50,4.592648439580304
15,51,5.631383986016633
15,52,9.364955998502422
15,53,12.77043993988858
15,54,14.86259282549138
15,55,18.51793009371611
15,56,18.193849947120828
15,57,18.39213108036121
15,58,16.590151872727446
15,59,17.2011612983532
15,60,13.645645366462045
15,61,10.202334362229191
15,62,8.970353038516619
15,63,8.097695938499538
15,64,10.181380069417298
15,65,9.463445797606246
15,66,10.764025750798279
15,67,13.491636235376513
15,68,16.45989003512384
15,69,17.93025393597789
15,70,15.229485782083424
15,71,14.692094532449417
15,72,12.30270848770397
15,73,11.072957346291558
15,74,10.490394201610746
15,75,7.677772782968303
15,76,8.90850040081021
15,77,9.832971866394534
15,78,13.658230331900109
15,79,16.066262462058965
15,80,18.45993921215391
16,1,13.862686444242765
16,2,14.201609485996197
16,3,14.862934930736541
16,4,18.441425407330623
16,5,19.790571053518377
16,6,17.46108493996757
16,7,15.38313676877303
16,8,17.22530073134426
16,9,17.985050721215234
16,10,14.47482804402015
16,11,14.248840818847485
16,12,11.66697734634452
16,13,9.361324386807038
16,14,5.92201380407733
16,15,3.863317724017535
16,17,3.821886152251732
16,18,7.0218225420523375
16,19,8.11854677831208
16,20,5.764405005401867
16,21,5.624571319235097
16,22,4.713859200291496
16,23,5.8193822592031115
16,24,9.580025903458964
16,25,11.610390117876623
16,26,13.559293654763604
16,27,16.72331813333896
16,28,16.37837361655059
16,29,18.034283421597888
16,30,16.689660192407473
16,31,15.911187624497206
16,32,16.112591176554336
16,33,18.954101765815864
16,34,18.817695189668903
16,35,20.988421912095024
16,36,18.487694405363015
16,37,19.959056816876892
16,38,20.09524890296565
16,39,23.860157563209413
16,40,23.334905720705606
16,41,20.60780392998298
16,42,20.890754553444083
16,43,17.56464372647105
16,44,16.040853660591402
16,45,18.81093378474275
16,46,17.03236594773143
16,47,15.808757845116927
16,48,12.346264229555679
16,49,8.871278965283803
16,50,8.1099599653524
16,51,7.6575973567762095
16,52,11.389269598235757
16,53,14.14781520938334
16,54,16.712763667109023
16,55,20.092623026675028
16,56,19.251643901712423
16,57,18.894993351101256
16,58,16.518065504611123
16,59,16.87710826166447
16,60,13.509176413621374
16,61,10.765974634936555
16,62,9.012205049741542
16,63,8.57430008750945
16,64,10.187052661851391
16,65,8.529951097696681
16,66,10.038235765033637
16,67,11.800127289186678
16,68,15.206746322922772
16,69,15.994455011198683
16,70,13.207173961405019
16,71,13.517606341299306
16,72,11.168419250740607
16,73,9.22576896594092
16,74,8.963664408942881
16,75,6.173630562343932
16,76,6.817375258919976
16,77,9.147010596064339
16,78,12.81993798322512
16,79,15.632311855572242
16,80,18.52124009691548
17,1,14.966868029912881
17,2,14.310792595657091
17,3,14.378253669890437
17,4,17.615156940852827
17,5,18.29767701855265
17,6,15.697874620987479
17,7,14.396758069094934
17,8,16.459985031489275
17,9,17.923179173586743
17,10,14.74354883123406
17,11,15.454618120876026
17,12,13.37701974285151
17,13,11.952703199889916
17,14,8.357233260986352
17,15,6.854588911362867
17,16,3.821886152251732
17,18,3.835468289350606
17,19,5.4062228397897005
17,20,5.053706412580052
17,21,5.266592193019769
17,22,6.416973356104681
17,23,6.996500685016881
17,24,10.500235375054109
17,25,13.1130850448907
17,26,14.346992911320362
17,27,17.852236913390904
17,28,17.29785505860257
17,29,18.24441130692965
17,30,17.04166354610318
17,31,15.81876378020749
17,32,15.392768047970502
17,33,18.232923794623765
17,34,17.91731345263459
17,35,20.213389126767403
17,36,17.93554043357702
17,37,20.08399562989469
17,38,20.72608437947353
17,39,24.279021994036544
17,40,23.158354724716343
17,41,20.562999692387443
17,42,21.48796770606328
17,43,18.23151100839197
17,44,16.97380989599864
17,45,20.231045494940794
17,46,19.094733791800167
17,47,17.75867143741385
17,48,14.624771188536982
17,49,10.974406733065141
17,50,9.991673715292912
17,51,8.058921001385755
17,52,11.177315167348716
17,53,13.00852337182087
17,54,15.87645384241509
17,55,18.82678692269841
17,56,17.545542320088764
17,57,16.67202369925635
17,58,13.926561314606857
17,59,14.248129078088848
17,60,11.313195116540028
17,61,9.339515925851398
17,62,7.131350800170113
17,63,7.496577480928023
17,64,9.090253606369476
17,65,7.796998959401306
17,66,10.365046008116368
17,67,11.17301734865653
17,68,14.352093161210632
17,69,14.310985668444916
17,70,11.026440629228752
17,71,11.446133376403527
17,72,8.684920637352398
17,73,5.932666483341873
17,74,5.714533763251969
17,75,3.9018638382555713
17,76,5.411024793551473
17,77,8.605485348211511
17,78,11.919866092593827
17,79,14.355821584185517
17,80,17.731969189321003
18,1,15.494153621644397
18,2,14.282214713763274
18,3,14.507300720299146
18,4,17.48902989807847
18,5,17.900469126049448
18,6,15.63735505583151
18,7,15.027175158530143
18,8,17.675004770260035
18,9,19.28530566603663
18,10,16.2259210419015
18,11,17.578696837754336
18,12,15.434263471018747
18,13,14.582353935022144
18,14,10.832845701050042
18,15,10.280579909447665
18,16,7.0218225420523375
18,17,3.835468289350606
18,19,3.8674595368612947
18,20,5.488127036334404
18,21,7.464232610353078
18,22,9.783757202361139
18,23,10.779076509358017
18,24,14.149792897434413
18,25,16.88310865646331
18,26,17.871907287546794
18,27,21.474193278787443
18,28,20.88032017056915
18,29,21.507683037851343
18,30,20.266504066728714
18,31,18.72837579700648
18,32,18.115529537535565
18,33,20.9621688805234
18,34,20.55760552919593
18,35,22.840426346622383
18,36,20.659434574270403
18,37,23.14621472198772
18,38,23.88008879517393
18,39,27.29521271751967
18,40,25.82093650624693
18,41,23.166415269136703
18,42,24.28992240331771
18,43,20.941484813292277
18,44,20.1340076540289
18,45,23.553473870634885
18,46,22.595053701658735
18,47,21.45609637779636
18,48,18.302475332231605
18,49,14.732089798333021
18,50,13.354587943043363
18,51,10.902782067225086
18,52,13.513582675853444
18,53,14.654978656175471
18,54,17.92856972711776
18,55,20.412536168727687
18,56,18.483641672884207
18,57,17.45021352289989
18,58,14.156376741038168
18,59,13.72233574542324
18,60,11.218462734977543
18,61,10.514795325206931
18,62,8.988004694328671
18,63,10.413695987464068
18,64,11.981877137730503
18,65,10.784634579070804
18,66,13.41613924409742
18,67,13.342360104447069
18,68,16.457445568580585
18,69,15.548008350040885
18,70,12.190271814456793
18,71,13.166975556531764
18,72,10.367261450606609
18,73,6.8289793630412605
18,74,5.890648362517818
18,75,4.8709514944395
18,76,4.5755147563433995
18,77,8.316716114991134
18,78,10.650546803199413
18,79,13.121080260321945
18,80,16.742987055743626
19,1,18.922149116676724
19,2,18.021552471206775
19,3,18.324428548230454
19,4,21.315271197756385
19,5,21.587518807165544
19,6,19.108169533710345
19,7,18.590556560238554
19,8,20.950326858735817
19,9,22.71553116870695
19,10,19.658123009426188
19,11,20.692233137222754
19,12,18.46565127600921
19,13,17.019975808931893
19,14,13.275774294965286
19,15,11.808990667281906
19,16,8.11854677831208
19,17,5.4062228397897005
19,18,3.8674595368612947
19,20,3.8148231595956705
19,21,5.667838098234142
19,22,9.114202544861378
19,23,11.029611842656347
19,24,14.008431377147703
19,25,17.302298957202474
19,26,18.75915333181927
19,27,22.09144688143829
19,28,20.83009869171373
19,29,21.093752355974367
19,30,19.262168805221407
19,31,17.307534430775256
19,32,17.21250779317627
19,33,20.46538233451413
19,34,20.750781875037312
19,35,23.5371826455476
19,36,21.86426029747275
19,37,24.38296366183802
19,38,25.508483368427573
19,39,28.930918060170402
19,40,27.56985246410562
19,41,25.273811613773525
19,42,26.55863298507808
19,43,23.430837698386824
19,44,22.08595925738593
19,45,25.379706963899906
19,46,24.255064156252278
19,47,22.57847432263159
19,48,19.590245938060878
19,49,15.810873885879076
19,50,15.31815814403932
19,51,13.38516495883269
19,52,16.215573099830266
19,53,17.413720370638508
19,54,20.308586849540397
19,55,22.83184150685233
19,56,21.219465312207912
19,57,19.683912006214896
19,58,16.612285986182908
19,59,16.70841654407393
19,60,14.563147537417679
19,61,13.70019910032949
19,62,11.385540858450344
19,63,11.752872264771508
19,64,12.142252396893557
19,65,9.966842873803929
19,66,11.923451171954309
19,67,10.9560776105757
19,68,14.184583093824067
19,69,12.917846975815108
19,70,10.085096950032165
19,71,12.09116504051511
19,72,10.30215633669096
19,73,7.490275416081782
19,74,8.419484345164147
19,75,8.155879883945914
19,76,8.206502637889344
19,77,12.02955805249003
19,78,14.381454376724463
19,79,16.941104165566347
19,80,20.566281082128697
20,1,17.762432002550195
20,2,17.646658417203902
20,3,18.47507575381986
20,4,21.860349168459575
20,5,22.736912441898706
20,6,20.40364578151702
20,7,19.175190942697423
20,8,21.43726390970898
20,9,22.67699582791921
20,10,19.281609458216092
20,11,19.635755667795355
20,12,16.989793887418934
20,13,14.921995260398715
20,14,11.284768943700268
20,15,9.583756803161526
20,16,5.764405005401867
20,17,5.053706412580052
20,18,5.488127036334404
20,19,3.8148231595956705
20,21,3.8164807740217497
20,22,6.672038526273046
20,23,9.477432157150824
20,24,12.713466342001315
20,25,15.767269700382379
20,26,17.855786101111818
20,27,20.944185818514683
20,28,19.743983413351604
20,29,20.57648150950286
20,30,18.499335047271185
20,31,16.84443196569609
20,32,17.387591909543218
20,33,20.771993121044193
20,34,21.263018684620267
20,35,24.03080232517428
20,36,22.14308143067216
20,37,24.14878463001676
20,38,24.903780708085527
20,39,28.54078346349083
20,40,27.67193210710547
20,41,25.245209313758046
20,42,26.033280599017733
20,43,22.82064987503229
20,44,21.223957415372322
20,45,24.159262894736163
20,46,22.511500998796606
20,47,20.856599941383777
20,48,17.645342426182133
20,49,13.962392878657525
20,50,13.73110866043356
20,51,12.679066237897036
20,52,16.07367400982154
20,53,18.05523294213778
20,54,20.816564370644862
20,55,23.791921654410682
20,56,22.52756308803293
20,57,21.41986572080851
20,58,18.573055271604943
20,59,18.738218101111656
20,60,15.995099978351066
20,61,14.330292053782333
20,62,12.118923360946658
20,63,11.895782689496755
20,64,12.370346617931016
20,65,9.63938921815678
20,66,10.74563467659946
20,67,10.588573664540128
20,68,14.298372745289562
20,69,13.949579926433726
20,70,11.544086630338324
20,71,13.400216998864407
20,72,11.775482238480302
20,73,9.421925666196945
20,74,10.151550767242007
20,75,8.587606243349668
20,76,8.227638849521533
20,77,11.836861331619637
20,78,14.67804639625588
20,79,17.722118728076197
20,80,21.03610875075665
21,1,19.258959609893694
21,2,19.180609926343884
21,3,19.4922641472711
21,4,22.803917667623733
21,5,23.480032280000017
21,6,20.696141641803063
21,7,19.356284646386214
21,8,20.99470240026526
21,9,22.46133295408888
21,10,19.27738476638813
21,11,19.33750149970063
21,12,17.12174789367607
21,13,14.754393755674208
21,14,11.509794373324231
21,15,8.687329392673002
21,16,5.624571319235097
21,17,5.266592193019769
21,18,7.464232610353078
21,19,5.667838098234142
21,20,3.8164807740217497
21,22,3.8256146429762374
21,23,6.645012182342374
21,24,9.334591620569714
21,25,12.712292710111054
21,26,14.949580863443487
21,27,17.816647949991275
21,28,16.25530035653744
21,29,16.926800811923545
21,30,14.709731499271925
21,31,13.049541127507492
21,32,13.785585519480138
21,33,17.26015966604835
21,34,18.069868536780074
21,35,21.037591668279603
21,36,19.449848406296486
21,37,21.35304233226734
21,38,22.40341236657147
21,39,25.982841084456137
21,40,25.259992222345808
21,41,23.186332776247482
21,42,24.127277653064475
21,43,21.25645290010648
21,44,19.149911721994343
21,45,21.97812361614722
21,46,20.4314935341135
21,47,18.29101741707985
21,48,15.45439724986224
21,49,11.680343550705581
21,50,12.344631098713892
21,51,11.689656545015099
21,52,15.002249239367005
21,53,17.046651068166774
21,54,19.241734935783104
21,55,22.328250789895908
21,56,21.62430807762215
21,57,20.276907189147217
21,58,17.945983358590542
21,59,18.881796660130263
21,60,16.25866642237255
21,61,14.079481423133966
21,62,11.15143493874219
21,63,9.795828901845205
21,64,9.394935291261133
21,65,6.1571384302427425
21,66,6.935257994056531
21,67,7.087838171070149
21,68,10.817613899424655
21,69,11.10041324090004
21,70,8.883625036506583
21,71,10.490342442227188
21,72,9.455076396106014
21,73,8.242639144081888
21,74,10.066815769040131
21,75,9.133082981931096
21,76,10.206593262120833
21,77,13.545913472088133
21,78,16.84543973987304
21,79,19.533518328053187
21,80,22.86693510035118
22,1,18.289156318352063
22,2,18.712620530329552
22,3,19.0160349523282
22,4,22.43494640073643
22,5,23.448321744400275
22,6,20.664532666282053
22,7,18.741227865135208
