1,2,3.884819891414558
1,3,5.679677570614184
1,4,7.7684324893840335
1,5,9.603599567483688
1,6,13.443139115244099
1,7,14.827637288900167
1,8,11.85005159694889
1,9,14.001851316945997
1,10,11.287966831764164
1,11,9.181105063709959
1,12,9.549646200375882
1,13,8.379685168794069
1,14,11.45832198075474
1,15,12.368595399210408
1,16,16.129208778562244
1,17,17.58874568234018
1,18,18.59651841753022
1,19,19.153901334441592
1,20,22.693813826021977
1,21,21.659799331959526
1,22,23.032203479430503
1,23,21.86841285035316
1,24,20.8729037037481
1,25,23.671997610392758
1,26,22.99269521541897
1,27,22.95278869281884
1,28,25.68305590965135
1,29,27.854786087293657
1,30,30.361306003876848
1,31,30.831096549253623
1,32,31.122562640444073
1,33,30.134914920171205
1,34,31.47594781919497
1,35,29.323050250476832
1,36,28.993562766321848
1,37,25.20646592978364
1,38,25.949996631235813
1,39,24.06578778930627
1,40,27.04532024072645
1,41,26.640409083651566
1,42,22.77228765235771
1,43,21.507856104969992
1,44,17.847186035966487
1,45,19.19741664815366
1,46,20.573489320973138
1,47,18.151898935025333
1,48,17.237291178158323
1,49,19.327953161819188
1,50,19.102659868851614
1,51,15.42667840356767
1,52,14.754768146936618
1,53,14.917322822165348
1,54,16.63331095689996
1,55,19.305674287876215
1,56,21.336549745363023
1,57,19.699898529087882
1,58,22.331900072001716
1,59,20.553391175372074
1,60,18.584857876885046
1,61,15.482812785867537
1,62,14.449187511599844
1,63,17.51124643498057
1,64,19.869916577777555
1,65,23.5363657023715
1,66,24.32519106052043
1,67,26.61346135608688
1,68,28.91851683538891
1,69,31.761790758552625
1,70,32.392173218310965
1,71,28.901956315596966
1,72,27.922349419491407
1,73,24.32936784126785
1,74,21.896160322530292
1,75,18.549022836934675
1,76,15.815680328735
1,77,14.574698631223196
1,78,10.902633132672822
1,79,10.55913863706149
1,80,10.684198534927198
1,81,8.796868931831952
2,1,3.884819891414558
2,3,3.850431966356203
2,4,6.9709706498824096
2,5,10.069726848509301
2,6,13.591775582280095
2,7,14.227890910656237
2,8,11.247477945539256
2,9,13.906082046503812
2,10,11.972417759550611
2,11,8.85596341394786
2,12,9.237663880536799
2,13,6.812164692789039
2,14,9.159127265832385
2,15,9.14616627305757
2,16,12.95044082601927
2,17,13.99304419262529
2,18,15.051429505843904
2,19,15.584241706391508
2,20,19.00954558426428
2,21,17.849416054477352
2,22,19.383226113172828
2,23,18.415047949952623
2,24,17.7909099685718
2,25,20.87340416990551
2,26,20.649661802521614
2,27,21.032509617112158
2,28,23.96741587317642
2,29,25.70714097895217
2,30,28.10466241837253
2,31,28.199732460424592
2,32,28.257689342474556
2,33,27.485253891728334
2,34,29.177658255177647
2,35,27.344964255165657
2,36,27.485502268742664
2,37,23.805842634910515
2,38,24.81410215944128
2,39,23.358569537308025
2,40,26.642419812079297
2,41,26.18097488740444
2,42,22.370176038185686
2,43,21.505594860107472
2,44,17.74257176029852
2,45,18.392874974361163
2,46,20.11114871845817
2,47,17.53480615289783
2,48,15.994800408627583
2,49,17.55516070050055
2,50,16.686950574733473
2,51,13.081299663023218
2,52,12.285120493132853
2,53,13.279239994069114
2,54,15.385426763554488
2,55,18.414455466507793
2,56,20.87139737296918
2,57,19.140154175819642
2,58,21.219731043308965
2,59,19.04488987675801
2,60,17.211999421417786
2,61,13.736826775954032
2,62,12.38342613328044
2,63,14.976293427498101
2,64,17.237293407271434
2,65,20.78409525729707
2,66,21.171707472668412
2,67,23.38492711753624
2,68,25.527242365252736
2,69,28.541225344340127
2,70,29.078865142895534
2,71,25.645930364891598
2,72,24.982906052431595
2,73,21.455927783055895
2,74,18.835841900345685
2,75,15.635716250458628
2,76,12.569060357135795
2,77,10.99063738628651
2,78,7.524593140759284
2,79,7.854523640113805
2,80,9.198435863699519
2,81,8.64703800067515
3,1,5.679677570614184
3,2,3.850431966356203
3,4,3.844279424590717
3,5,6.953700857265575
3,6,10.207939038903746
3,7,11.069132483568152
3,8,8.725243582697736
3,9,12.01077833328576
3,10,10.809930293988325
3,11,8.086498279199477
3,12,10.016074280447901
3,13,8.488753415003503
3,14,11.157383310024553
3,15,10.3123684961283
3,16,13.731256547312162
3,17,14.220799831092986
3,18,14.277268596258292
3,19,14.189635732224108
3,20,17.92559725945004
3,21,17.547449943859792
3,22,19.165600600155628
3,23,18.74058601301241
3,24,17.916654180986534
3,25,21.036034795682674
3,26,21.18565945602526
3,27,21.133782948515208
3,28,24.41042896015897
3,29,26.02224647902785
3,30,27.987974650029837
3,31,28.22022497563056
3,32,28.045293244180936
3,33,26.855813753528825
3,34,28.464372857291384
3,35,26.407904668962814
3,36,26.538601681545682
3,37,22.9647865455518
3,38,24.48773520673702
3,39,23.414676408040417
3,40,26.528422715676772
3,41,25.512400198527168
3,42,21.741889407610483
3,43,21.44674174469743
3,44,17.60809096628783
3,45,18.559332277370608
3,46,20.876634376599817
3,47,18.868478933741383
3,48,16.842081095021157
3,49,18.764552908347188
3,50,17.48698351496094
3,51,13.771406335724214
3,52,11.914435429465962
3,53,12.376669079046883
3,54,13.641325922096373
3,55,17.02830583381079
3,56,19.067872656214945
3,57,16.772026271198598
3,58,18.756982488608482
3,59,16.300354166318108
3,60,13.995375715374921
3,61,10.806493008759952
3,62,10.397344988733261
3,63,13.401966193812472
3,64,16.31369704468078
3,65,19.95661038989772
3,66,20.66702568074389
3,67,23.3678889141146
3,68,25.140188830913363
3,69,27.974454937816084
3,70,28.094260309125637
3,71,24.461168848336325
3,72,23.707070896250094
3,73,20.001696915458165
3,74,17.17682787434733
3,75,13.619023056666482
3,76,11.148922767033614
3,77,9.73067497655381
3,78,5.923127291891104
3,79,5.071629109209469
3,80,5.424542072384446
3,81,5.265562172254381
4,1,7.7684324893840335
4,2,6.9709706498824096
4,3,3.844279424590717
4,5,3.8310642712887244
4,6,6.764140425087388
4,7,7.384873901658479
4,8,5.042008674089965
4,9,8.468938515371677
4,10,7.835357163883015
4,11,5.837799492721679
4,12,8.982914775540959
4,13,8.853108967360315
4,14,11.924918973645706
4,15,11.241960677585281
4,16,14.115078597744755
4,17,14.859635622808403
4,18,14.356938846320526
4,19,14.447917084788681
4,20,18.277744045587557
4,21,18.407302175704714
4,22,19.484546322906397
4,23,19.01795687875204
4,24,17.53045784015668
4,25,20.274409093019372
4,26,20.29672899796761
4,27,19.582614539153653
4,28,22.950781237282456
4,29,24.725721708586548
4,30,26.425737112667584
4,31,27.081156845125395
4,32,26.985465576936452
4,33,25.323173376826894
4,34,26.54166651866829
4,35,24.120529454190727
4,36,23.933629683190023
4,37,20.395763961011987
4,38,22.118036463693212
4,39,21.1778853169567
4,40,24.019808309312086
4,41,22.63185740184361
4,42,18.915056635909536
4,43,18.9612534074747
4,44,15.175745209288973
4,45,16.548670628039257
4,46,19.222248573430505
4,47,17.85664996215019
4,48,15.66526170159451
4,49,18.136994192075097
4,50,16.970556296859346
4,51,13.246447372829042
4,52,10.788786691313055
4,53,10.166903291717565
4,54,10.595411471775229
4,55,13.945746860441535
4,56,15.583649666268279
4,57,13.114647604809099
4,58,15.332401536899397
4,59,13.132585002146683
4,60,10.84967004448258
4,61,7.954164192760104
4,62,8.037987807022356
4,63,11.594493695386344
4,64,14.803068999105651
4,65,18.532671871661353
4,66,19.906294081324816
4,67,22.956102509723884
4,68,24.72118207666842
4,69,27.151464606634185
4,70,27.23306218700421
4,71,23.49862479771993
4,72,22.247486816011413
4,73,18.46635693172657
4,74,15.974770297127597
4,75,12.305519705128313
4,76,10.696410913344932
4,77,10.493619667309162
4,78,6.999831088602021
4,79,6.565690669422141
4,80,4.994109062436941
4,81,5.520893658456656
5,1,9.603599567483688
5,2,10.069726848509301
5,3,6.953700857265575
5,4,3.8310642712887244
5,6,3.856225628261164
5,7,6.242808295417245
5,8,5.293865754637337
5,9,8.078180760916316
5,10,7.585798224823435
5,11,7.538150661678532
5,12,11.078701063680416
5,13,11.93863320992131
5,14,15.305625772800926
5,15,14.928541674986542
5,16,17.624715183789732
5,17,18.405567865300547
5,18,17.546180088769617
5,19,17.377351496501397
5,20,21.22084055627453
5,21,21.75978489347159
5,22,22.74781256650457
5,23,22.391497249191772
5,24,20.62991574860206
5,25,23.09750645827967
5,26,22.975629305464814
5,27,21.736330216827163
5,28,25.04111201946485
5,29,27.02493870396781
5,30,28.515844678018894
5,31,29.530520709468462
5,32,29.48585970659692
5,33,27.44915920780052
5,34,28.291969845094375
5,35,25.51504844118156
5,36,24.91282808349604
5,37,21.472627967262238
5,38,23.272641104344363
5,39,22.280613723421883
5,40,24.665544221567053
5,41,22.93321238422687
5,42,19.32307564353065
5,43,19.483749903058
5,44,15.911492549552984
5,45,17.99854461225415
5,46,20.691376485410373
5,47,19.833694029566473
5,48,17.89637454029089
5,49,20.81228312942962
5,50,19.927369796716974
5,51,16.271682129349898
5,52,13.663824492880188
5,53,12.143066230629763
5,54,11.48523702840054
5,55,14.450397783471944
5,56,15.165313364222277
5,57,12.36965015382602
5,58,15.039813365312309
5,59,13.213215621660726
5,60,10.538660351954011
5,61,8.86438938536539
5,62,10.07108224596825
5,63,13.825209713518175
5,64,17.200869982640416
5,65,20.869365432926546
5,66,22.67453931731925
5,67,25.926901904342373
5,68,27.582705888675516
5,69,29.728842297483833
5,70,29.64860985505272
5,71,25.858613426011814
5,72,24.328663055081737
5,73,20.549633278056604
5,74,18.255884881838504
5,75,14.565845459688774
5,76,13.719205062529891
5,77,13.800983117504497
5,78,10.526046878197564
5,79,9.306886943469511
5,80,6.273864175810209
5,81,5.582037895372354
6,1,13.443139115244099
6,2,13.591775582280095
6,3,10.207939038903746
6,4,6.764140425087388
6,5,3.856225628261164
6,7,3.8684394486841702
6,8,5.552725346437223
6,9,7.765405194623692
6,10,8.863455152825983
6,11,9.648742351343984
6,12,13.466911939253137
6,13,14.714598773978272
6,14,17.820837162512646
6,15,17.088199288943418
6,16,19.20698441203048
6,17,19.695168433759893
6,18,18.17775426661811
6,19,17.748465168643325
6,20,21.457230554655798
6,21,22.59734404798149
6,22,23.360105660287456
6,23,23.327230942623068
6,24,21.357458751481452
6,25,23.564107416594204
6,26,23.686040977443263
6,27,22.037325031267045
6,28,25.43935744591564
6,29,27.249839967907743
6,30,28.258830921840776
6,31,29.460370969343526
6,32,29.268887168429348
6,33,26.8436588670584
6,34,27.44908982142891
6,35,24.48792188036816
6,36,23.806480993080342
6,37,20.684431528703097
6,38,22.91165757163394
6,39,22.392642564134054
6,40,24.439760944652996
6,41,22.170800514062595
6,42,18.875884020622266
6,43,19.712738698361655
6,44,16.44526104389221
6,45,18.611907427183983
6,46,21.680960925518757
6,47,21.432751852408543
6,48,19.217186296485828
6,49,22.224583848973907
6,50,21.1234387245642
6,51,17.742850253534723
6,52,14.658696733071826
6,53,12.634149282880612
6,54,10.827458937946645
6,55,13.620724919484857
6,56,13.550370177966744
6,57,10.21103756511207
6,58,12.647945880733195
6,59,10.88791206739078
6,60,7.93366851542229
6,61,7.691739929386753
6,62,10.087494556132311
6,63,13.60293825034147
6,64,17.132835736877112
6,65,20.550815680140573
6,66,22.708096881886583
6,67,26.22316496914826
6,68,27.55327566839495
6,69,29.333874524856867
6,70,28.95214262640454
6,71,25.14994459454361
6,72,23.419207724499742
6,73,19.728862752505623
6,74,17.65534115912174
6,75,14.122910139029068
6,76,14.288814281782486
6,77,14.957047815549386
6,78,12.3459680779381
6,79,11.146168563635728
6,80,7.690489303601374
6,81,8.079582448591053
7,1,14.827637288900167
7,2,14.227890910656237
7,3,11.069132483568152
7,4,7.384873901658479
7,5,6.242808295417245
7,6,3.8684394486841702
7,8,3.8453771014653615
7,9,5.74489544171066
7,10,8.317158889351788
7,11,8.760675051261305
7,12,12.50183701623437
7,13,13.850407430679436
7,14,16.458673720009603
7,15,15.4770097451256
7,16,16.937847340349816
7,17,17.42808834473446
7,18,15.68161291144538
7,19,15.6315938103564
7,20,19.125337177638368
7,21,20.384377711487854
7,22,20.665199786329026
7,23,20.590487769373127
7,24,18.35767999345789
7,25,20.30176879733126
7,26,20.56248143116219
7,27,18.759312410932132
7,28,22.24364525452947
7,29,23.84903093024088
7,30,24.628505942331596
7,31,25.874040195649428
7,32,25.652582924217167
7,33,23.097502718431347
7,34,23.643998068731204
7,35,20.693952066106657
7,36,20.151300563226616
7,37,17.13848391792688
7,38,19.636376091997807
7,39,19.541695933884146
7,40,21.660307316087998
7,41,19.22976413527174
7,42,16.071948550524095
7,43,17.427172695056594
7,44,14.26970070611597
7,45,15.98478419741241
7,46,19.393938969372414
7,47,19.44813344388225
7,48,16.841388017370335
7,49,19.710704004982702
7,50,18.379391912108268
7,51,15.320297577744277
7,52,11.979197510465877
7,53,9.72099319960223
7,54,7.380539814043948
7,55,10.337264439087296
7,56,10.497414160864974
7,57,7.008305870770881
7,58,9.05215870131961
7,59,7.170073091528386
7,60,4.76960325022957
7,61,4.543039924764226
7,62,7.04958714681427
7,63,10.269509205322713
7,64,13.708877833020317
7,65,16.975597651187183
7,66,19.370375082666083
7,67,22.95845902685218
7,68,24.254651815010444
7,69,25.80339238543532
7,70,25.4890434796953
7,71,21.73190393560332
7,72,19.773114680265245
7,73,16.1501162296882
7,74,14.420433224134415
7,75,11.15655511114288
7,76,11.893213092647901
7,77,13.433375936697976
7,78,11.500679619883725
7,79,11.379166336732697
7,80,8.729899598795171
7,81,10.44070496481811
8,1,11.85005159694889
8,2,11.247477945539256
8,3,8.725243582697736
8,4,5.042008674089965
8,5,5.293865754637337
8,6,5.552725346437223
8,7,3.8453771014653615
8,9,3.8483525759579544
8,10,5.324107535432274
8,11,4.928567060363011
8,12,8.684963691498687
8,13,10.116316732230539
8,14,12.92782599072044
8,15,12.457127790967386
8,16,14.2866723268551
8,17,15.399734157484705
8,18,14.443210320373556
8,19,15.077136619304643
8,20,18.660212820413236
8,21,19.20029171616039
8,22,19.396984405428753
8,23,18.740546292171206
8,24,16.424829178955335
8,25,18.46788872387851
8,26,18.28800697721309
8,27,16.73340538454595
8,28,20.108714892748623
8,29,22.013314507544372
8,30,23.345500145297237
8,31,24.53900315468282
8,32,24.600702060188723
8,33,22.40078322091952
8,34,23.06782946275523
8,35,20.24069932110702
8,36,19.658980864588667
8,37,16.22175577511073
8,38,18.17917830612905
8,39,17.53858926280972
8,40,20.036404475270412
8,41,18.193754884911918
8,42,14.638392636317958
8,43,15.30218379855116
8,44,11.758443943045057
8,45,13.415864006486158
8,46,16.56121607727372
8,47,16.15317007736173
8,48,13.72400402328877
8,49,16.67556583591052
8,50,15.67246881248014
8,51,12.317809472864099
8,52,9.402320320064305
8,53,7.19843856846116
8,54,6.200096020510719
8,55,9.34204671259738
8,56,10.593129767215984
8,57,8.11279489965467
8,58,10.610016659483666
8,59,9.097107301368464
8,60,7.664336590660731
8,61,5.377231392148145
8,62,5.560327435719554
8,63,9.297487772261066
8,64,12.436776040822759
8,65,16.04839964062533
8,66,18.271046667535803
8,67,21.58084618120905
8,68,23.387047228837268
8,69,25.21086615852498
8,70,25.395066724227785
8,71,21.687810279178926
8,72,19.741872921387547
8,73,16.05970056893391
8,74,14.35242619626603
8,75,11.034504259199547
8,76,10.68230650556586
8,77,12.138311647851088
8,78,9.678455941007837
8,79,10.301084756104508
8,80,8.410968724075348
8,81,9.752923180531782
9,1,14.001851316945997
9,2,13.906082046503812
9,3,12.01077833328576
9,4,8.468938515371677
9,5,8.078180760916316
9,6,7.765405194623692
9,7,5.74489544171066
9,8,3.8483525759579544
9,10,3.8388064772458597
9,11,5.60587501139948
9,12,8.575903518328994
9,13,11.207434964556953
9,14,13.91921972384279
9,15,14.194473820705442
9,16,15.544646611613253
9,17,17.274911352306322
9,18,16.563376129661915
9,19,17.774527611729386
9,20,21.07952960377742
9,21,21.510444220471772
9,22,21.093618664287355
9,23,19.975767880571556
9,24,17.087389260747894
9,25,18.412417194575532
9,26,17.626900747926054
9,27,15.397457207344718
9,28,18.41857757071238
9,29,20.738534758699206
9,30,22.06031059153672
9,31,23.80840761050343
9,32,24.248474548757883
9,33,21.79042073621884
9,34,21.847556091975232
9,35,18.666574894052857
9,36,17.431335443223666
9,37,13.961267723848918
9,38,15.585627825222872
9,39,14.699828641778156
9,40,16.795459900537427
9,41,14.865934628749786
9,42,11.325492548367215
9,43,11.996660300618712
9,44,8.747312340745353
9,45,11.06200943990624
9,46,14.135007495362023
9,47,14.463049994447662
9,48,12.416499929177844
9,49,15.843050087668914
9,50,15.522015262476826
9,51,12.5632792919013
9,52,10.172136184748444
9,53,6.834532468186044
9,54,5.076152511154305
9,55,6.732098976975805
9,56,7.5295538832779405
9,57,6.007140704240611
9,58,9.305319570154694
9,59,9.285966165840538
9,60,9.142810472207437
9,61,7.810471149858473
9,62,7.30143686392481
9,63,10.392622352159096
9,64,12.777508166509673
9,65,16.129331862133437
9,66,18.91081866585635
9,67,22.099992595752532
9,68,24.184940654996222
9,69,25.565706443010566
9,70,26.102549217668944
9,71,22.573495477227837
9,72,20.07948432891246
9,73,16.68533867198504
9,74,15.811985707622943
9,75,13.071288139943151
9,76,13.111211773405971
9,77,15.194593893600212
9,78,13.016042034767448
9,79,14.062606305555239
9,80,12.22965495888156
9,81,13.206714376635205
10,1,11.287966831764164
10,2,11.972417759550611
10,3,10.809930293988325
10,4,7.835357163883015
10,5,7.585798224823435
10,6,8.863455152825983
10,7,8.317158889351788
10,8,5.324107535432274
10,9,3.8388064772458597
10,11,3.8709410687206343
10,12,6.309360683550905
10,13,9.386264714390228
10,14,12.666252202902154
10,15,13.769374954202764
10,16,15.804340435453266
10,17,17.987947167686084
10,18,17.97216883528862
10,19,19.335562911112017
10,20,22.78068167780592
10,21,22.685999448855473
10,22,22.50551969844397
10,23,21.023130299414664
10,24,18.310148217236893
10,25,19.808843179116227
10,26,18.56486533971972
10,27,16.683797914910457
10,28,19.388664163259826
10,29,22.07611502746931
10,30,23.94314458128423
10,31,25.617420237438456
10,32,26.286875787582943
10,33,24.19177304522401
10,34,24.348882528205422
10,35,21.311159492403174
10,36,19.97055384298812
10,37,16.28780698336719
10,38,17.186010436671648
10,39,15.48612593075501
10,40,17.696832790056767
10,41,16.47467589627489
10,42,12.713125775048367
10,43,12.170355193550673
10,44,8.682390956732828
10,45,11.405978831211199
10,46,13.676265463112287
10,47,13.367041127866298
10,48,12.083821973080234
10,49,15.662401922902479
10,50,15.944773976070199
10,51,12.671156794418112
10,52,11.093819403844675
10,53,8.317353832614224
10,54,8.145672861198667
10,55,9.49579596387493
10,56,10.632273398613409
10,57,9.734872426395963
10,58,13.11360395818916
10,59,12.98236729156027
10,60,12.411598925955571
10,61,10.476413698400563
10,62,9.43302349263345
10,63,12.725225820029594
10,64,14.901247829285381
10,65,18.424989523301726
10,66,20.868840610622808
10,67,23.753426213195176
10,68,26.17532284655412
10,69,27.85594095603453
10,70,28.663921250036857
10,71,25.166365920251362
10,72,22.855682840211205
10,73,19.431566591447254
10,74,18.338817271561123
10,75,15.421309327159086
10,76,14.580637671758454
10,77,16.038026458845664
10,78,13.227261855551216
10,79,14.141720972181215
10,80,12.493835299002782
10,81,12.51037837296662
11,1,9.181105063709959
11,2,8.85596341394786
11,3,8.086498279199477
11,4,5.837799492721679
11,5,7.538150661678532
11,6,9.648742351343984
11,7,8.760675051261305
11,8,4.928567060363011
11,9,5.60587501139948
11,10,3.8709410687206343
11,12,3.846579271537879
11,13,5.877730496423907
11,14,9.158133081782646
11,15,9.991358017134912
11,16,12.334304312391648
11,17,14.467713776591378
11,18,14.777001230870885
11,19,16.271634476956596
11,20,19.704561890422045
11,21,19.275259556885906
11,22,19.301385676532572
11,23,17.801171170882395
11,24,15.443665328726889
11,25,17.421209525380593
11,26,16.475886418743194
11,27,15.312885090637135
11,28,18.273193853555952
11,29,20.628118584641737
11,30,22.705988027481652
11,31,23.86383114356095
11,32,24.360308878947013
11,33,22.675562368738667
11,34,23.3894381488384
11,35,20.78706023877924
11,36,20.085054876240548
11,37,16.308217208173694
11,38,17.320379819707306
11,39,15.829173926080255
11,40,18.690276668882035
11,41,17.780803074663588
11,42,13.935875680365701
11,43,13.419989014157474
11,44,9.595125600127794
11,45,11.126399090661428
11,46,13.516166475453451
11,47,12.332063201758451
11,48,10.50138923997886
11,49,13.556353463629778
11,50,13.339412807261855
11,51,9.728697486743782
11,52,8.185115739103729
11,53,6.517749915867028
11,54,7.832001207079812
11,55,10.138475733652523
11,56,12.347101340202437
11,57,11.257190726444346
11,58,13.916869379290622
11,59,12.96754392314042
11,60,12.276664216684907
11,61,9.321483870470393
11,62,7.388959831397671
11,63,10.592940650493954
11,64,12.764940665843884
11,65,16.458014534692023
11,66,18.366154361909146
11,67,21.112029780202818
11,68,23.566666600916918
11,69,25.636280642060946
11,70,26.472324640913598
11,71,22.9712014868538
11,72,21.067187149129598
11,73,17.557804114098438
11,74,16.087643554697934
11,75,13.10570960052826
11,76,11.543517985253072
11,77,12.69848160646067
11,78,9.869898005747395
11,79,11.361260085838582
11,80,10.64346315799434
11,81,11.166110591323696
12,1,9.549646200375882
12,2,9.237663880536799
12,3,10.016074280447901
12,4,8.982914775540959
12,5,11.078701063680416
12,6,13.466911939253137
12,7,12.50183701623437
12,8,8.684963691498687
12,9,8.575903518328994
12,10,6.309360683550905
12,11,3.846579271537879
12,13,3.8239016439768374
12,14,6.798612761401598
12,15,9.024198090638219
12,16,11.30901846640524
12,17,14.232498449373027
12,18,15.477601328715007
12,19,17.62421998463621
12,20,20.720532768457605
12,21,19.614715480021612
12,22,19.34157161027217
12,23,17.177766271580694
12,24,14.804507044270963
12,25,16.510940311649573
12,26,14.929664228880833
12,27,14.147046482946857
12,28,16.601978344487193
12,29,19.228445784199803
12,30,21.83356347679458
12,31,22.945423900283796
12,32,23.79189289607894
12,33,22.539582996581643
12,34,23.251712347671933
12,35,20.921534996726795
12,36,20.195868654905617
12,37,16.35360857719982
12,38,16.585884636227917
12,39,14.54060187257438
12,40,17.64421815295462
12,41,17.54362465905138
12,42,13.738323110932281
12,43,12.367927577093544
12,44,8.71852197533084
12,45,9.67058375602355
12,46,11.184194813260925
12,47,9.236656861905669
12,48,8.078145199022558
12,49,11.004913206050334
12,50,11.59179606243354
12,51,8.186026980038987
12,52,8.273794368585305
12,53,7.390658665204036
12,54,9.907197428499591
12,55,11.379350472584633
12,56,14.10708808912426
12,57,13.926737864772155
12,58,16.417478351109573
12,59,15.824203199968572
12,60,15.670139867638717
12,61,12.525030369595674
12,62,9.754626972858782
12,63,12.106171403773489
12,64,13.298635760453163
12,65,16.74686406934007
12,66,18.381842974289707
12,67,20.569244446583777
12,68,23.476065770486574
12,69,25.6127468964088
12,70,26.96135516088404
12,71,23.724902737702052
12,72,21.846867913944017
12,73,18.633057249543143
12,74,17.51013137177009
12,75,15.019474268167022
12,76,12.944631991998302
12,77,14.044879912676825
12,78,11.503105025981887
12,79,13.621637679079099
12,80,13.697785494061279
12,81,14.031153768079001
13,1,8.379685168794069
13,2,6.812164692789039
13,3,8.488753415003503
13,4,8.853108967360315
13,5,11.93863320992131
13,6,14.714598773978272
13,7,13.850407430679436
13,8,10.116316732230539
13,9,11.207434964556953
13,10,9.386264714390228
13,11,5.877730496423907
13,12,3.8239016439768374
13,14,3.8115873087403114
13,15,5.920530875146908
13,16,8.97357753917031
13,17,11.677119665597244
13,18,13.425456936322007
13,19,15.516324994004872
13,20,18.515973487412293
13,21,16.987743824937574
13,22,17.147727254860364
13,23,15.075891982440849
13,24,13.431169657154568
13,25,15.769176826838885
13,26,14.705320474562921
13,27,14.88096223278192
13,28,17.485403583151832
13,29,19.586762395465705
13,30,22.293721568890323
13,31,22.768742667079703
13,32,23.34442664307839
13,33,22.57408514454821
13,34,23.878452619583776
13,35,22.034391087839197
13,36,21.93632558631507
13,37,18.19717734846434
13,38,18.630945151938676
13,39,16.94265763369393
13,40,20.376357707764424
13,41,20.39130602327397
13,42,16.688148941817797
13,43,15.545510375251704
13,44,11.978883790756651
13,45,12.000541200785806
13,46,13.469004118603662
13,47,10.801379785438947
13,48,9.251854597699898
13,49,10.998283033524018
13,50,10.831082066491819
13,51,7.257970110765891
13,52,7.6879943332115666
13,53,8.560529358703869
13,54,11.664690427186752
13,55,13.800788815464111
13,56,16.86601977752726
13,57,16.285716189443953
13,58,18.281449996756784
13,59,16.99719493621948
13,60,16.539828797492916
13,61,12.923098006085562
13,62,9.982435808213395
13,63,11.91146937774551
13,64,13.057928522525874
13,65,16.46293310616055
13,66,17.322213992382316
13,67,19.266700615489533
13,68,22.083847524688707
13,69,24.677790815696508
13,70,25.94637427006196
13,71,22.752311549258444
13,72,21.445957721976793
13,73,18.231826501505026
13,74,16.63721109332306
13,75,14.164491256464482
13,76,11.326150210172484
13,77,11.667906910766966
13,78,9.241621272528159
13,79,11.723826053355902
13,80,12.811910698614355
13,81,13.38561247011068
14,1,11.45832198075474
14,2,9.159127265832385
14,3,11.157383310024553
14,4,11.924918973645706
14,5,15.305625772800926
14,6,17.820837162512646
14,7,16.458673720009603
14,8,12.92782599072044
14,9,13.91921972384279
14,10,12.666252202902154
14,11,9.158133081782646
14,12,6.798612761401598
14,13,3.8115873087403114
14,15,3.8643728496647745
14,16,6.230066505343036
14,17,9.414378564786395
14,18,12.032205200665159
14,19,14.710180188958288
14,20,17.100882316922355
14,21,14.96408328127591
14,22,14.800777729099254
14,23,12.269232967133355
14,24,10.98598617947303
14,25,13.330475525303413
14,26,12.336776290348944
14,27,13.408409291531138
14,28,15.784625939429153
14,29,17.470534854331344
14,30,20.38358888314675
14,31,20.400031072073073
14,32,20.988606077505263
14,33,20.772075300094556
14,34,22.41076416039148
14,35,21.1217106014842
14,36,21.49770843005634
14,37,17.979256974505464
14,38,18.220746058683456
14,39,16.80130206377864
14,40,20.502884243129976
14,41,20.896534669733796
14,42,17.490589911716068
14,43,16.438958420904697
14,44,13.263163696379875
14,45,12.131779287948595
14,46,13.30945159512137
14,47,10.219511961193469
14,48,8.446023924128665
14,49,8.792248148400589
14,50,8.284843050486037
14,51,5.374734892828017
14,52,7.267052427312559
14,53,9.457985583127213
14,54,13.109743709370052
14,55,15.003973795352627
14,56,18.491126303918275
14,57,18.26063622056251
14,58,19.665281414528035
14,59,18.342732289950973
14,60,18.356793683566718
14,61,14.63165996748127
14,62,11.209136245667292
14,63,11.962471321667309
14,64,12.14397509661176
14,65,15.046497138628734
14,66,15.272727943273754
14,67,16.62754135415537
14,68,19.642272077385297
14,69,22.39254239938685
14,70,23.971607615444242
14,71,21.09286468250498
14,72,20.084162323922754
14,73,17.258510053995398
14,74,15.906320114788699
14,75,14.14464602471625
14,76,11.039536368067958
14,77,11.454281483317644
14,78,10.137962327557213
14,79,13.322478610018283
14,80,15.1892011224952
14,81,16.294663829685156
15,1,12.368595399210408
15,2,9.14616627305757
15,3,10.3123684961283
15,4,11.241960677585281
15,5,14.928541674986542
15,6,17.088199288943418
15,7,15.4770097451256
15,8,12.457127790967386
15,9,14.194473820705442
15,10,13.769374954202764
15,11,9.991358017134912
15,12,9.024198090638219
15,13,5.920530875146908
15,14,3.8643728496647745
15,16,3.845729681232625
15,17,5.937658577781884
15,18,8.40198468278519
15,19,10.924778410599894
15,20,13.322575211459686
15,21,11.29076553542525
15,22,11.530548164270757
15,23,9.642277190824734
15,24,8.985153106322436
15,25,12.121848067036622
15,26,12.296142810073562
15,27,13.66250705997827
15,28,16.579112360040142
15,29,17.548219844697048
15,30,19.968237693363818
15,31,19.52477299392597
15,32,19.563179937349762
15,33,19.36389832239697
15,34,21.476193606193373
15,35,20.422958909484684
15,36,21.357945186855115
15,37,18.051631759087474
15,38,19.014452770649747
15,39,18.338042357069813
15,40,22.095358891553584
15,41,21.98792289375194
15,42,18.680097517764228
15,43,18.390431646761066
15,44,15.103563353409678
15,45,13.774316799031892
15,46,15.711236553074356
15,47,13.103802670165079
15,48,10.465428443469822
15,49,10.421109734678218
15,50,8.368540049674358
15,51,5.553939910129595
15,52,5.988600326026536
15,53,9.189036412098032
15,54,12.589766176386425
15,55,15.128731554929843
15,56,18.614657485325687
15,57,17.84356088370616
15,58,18.677799848504275
15,59,16.745798442417634
15,60,16.585693096175273
15,61,12.786448848606716
15,62,9.570246833202713
15,63,9.78582531203004
15,64,10.26659570126701
15,65,13.149428646634256
15,66,12.886230014728632
15,67,14.543596042994391
15,68,17.08179432431579
15,69,20.113255230986393
15,70,21.247540892138325
15,71,18.230231364218653
15,72,17.669758067919634
15,73,14.730468948187035
15,74,12.866641700963227
15,75,11.12463473174375
15,76,7.701984294996212
15,77,7.848216316444766
15,78,7.372908136287885
15,79,10.981725078570742
15,80,13.400662650131004
15,81,15.249962761353608
16,1,16.129208778562244
16,2,12.95044082601927
16,3,13.731256547312162
16,4,14.115078597744755
16,5,17.624715183789732
16,6,19.20698441203048
16,7,16.937847340349816
16,8,14.2866723268551
16,9,15.544646611613253
16,10,15.804340435453266
16,11,12.334304312391648
16,12,11.30901846640524
16,13,8.97357753917031
16,14,6.230066505343036
16,15,3.845729681232625
16,17,3.874160970781218
16,18,6.8730877634942695
16,19,10.325617941958777
16,20,11.819636217692528
16,21,9.578654849349629
16,22,8.695041968092482
16,23,6.127190763297812
16,24,5.295138725790564
16,25,8.489912303655903
16,26,9.193300174486923
16,27,11.171584945015033
16,28,14.046064708897985
16,29,14.392262285773562
16,30,16.667396422957605
16,31,15.8831421193725
16,32,15.84121523828614
16,33,15.938704734845075
16,34,18.295613510170455
16,35,17.71813857232669
16,36,19.126245226371267
16,37,16.196802474514964
16,38,17.212099859826985
16,39,17.119984386728436
16,40,20.92874388841953
16,41,20.896542874615815
16,42,18.02403538153429
16,43,18.163946678963786
16,44,15.349263679438561
16,45,13.157612627047063
16,46,15.186938646100867
16,47,12.960337427836512
16,48,9.895600361292296
16,49,8.801817044904833
16,50,5.704507891165206
16,51,4.540842487672389
16,52,5.616198445020147
16,53,9.335616318365544
16,54,12.731470959813901
16,55,14.79609534016817
16,56,18.473604771425638
16,57,18.124624275630307
16,58,18.280238341976798
16,59,16.56409877334541
16,60,17.15835536785985
16,61,13.644636641782538
16,62,10.170647365573132
16,63,8.922144939957285
16,64,8.055703042195978
16,65,10.173937032603359
16,66,9.453704624756444
16,67,10.770500482994796
16,68,13.521955714570375
16,69,16.494526829785148
16,70,17.934875631447333
16,71,15.197761658493024
16,72,14.687902813684714
16,73,12.237393081114439
16,74,11.021046298744706
16,75,10.425776480769892
16,76,7.620259693103946
16,77,8.863881006020183
16,78,9.798364502824345
16,79,13.625194919988006
16,80,16.00927108648696
16,81,18.361624453806137
17,1,17.58874568234018
17,2,13.99304419262529
17,3,14.220799831092986
17,4,14.859635622808403
17,5,18.405567865300547
17,6,19.695168433759893
17,7,17.42808834473446
17,8,15.399734157484705
17,9,17.274911352306322
17,10,17.987947167686084
17,11,14.467713776591378
17,12,14.232498449373027
17,13,11.677119665597244
17,14,9.414378564786395
17,15,5.937658577781884
17,16,3.874160970781218
17,18,3.818517770142247
17,19,7.054411903773811
17,20,8.11718795120667
17,21,5.750146621826349
17,22,5.631323358591038
17,23,4.700628903450309
17,24,5.822117912937018
17,25,9.565883348038104
17,26,11.56594377420595
17,27,13.636620460203964
17,28,16.70749229661627
17,29,16.346600744255596
17,30,17.97672608506165
17,31,16.627252038520325
17,32,15.871673412905114
17,33,16.09961081615931
17,34,18.972075895226844
17,35,18.73778654830346
17,36,20.678814801541883
17,37,18.096505351016614
17,38,19.698625165963705
17,39,20.14453551397745
17,40,23.86283486782685
17,41,23.43156003579554
17,42,20.687941341619403
17,43,21.313281673370167
17,44,18.4335022534201
17,45,16.365375842314368
17,46,18.747801120793874
17,47,16.753059905464315
17,48,13.510627787627822
17,49,12.410617477335618
17,50,8.888979680973991
17,51,8.076356175959793
17,52,7.678160686396476
17,53,11.401242936695905
17,54,14.164732606551185
17,55,16.70231349760325
17,56,20.151055634602095
17,57,19.25891195921629
17,58,18.891736719829428
17,59,16.570577135299015
17,60,16.870209598186698
17,61,13.534551384338293
17,62,10.763723315838243
17,63,9.001100913966408
17,64,8.570328176914417
17,65,10.198017372094117
17,66,8.529298900433782
17,67,10.043484111653129
17,68,11.837729160563855
17,69,15.238692148911664
17,70,15.999407028684892
17,71,13.177844250628644
17,72,13.520643603164004
17,73,11.122567287688259
17,74,9.171936469283551
17,75,8.915394418046462
17,76,6.123440784601938
17,77,6.748449851049429
17,78,9.086626570884624
17,79,12.715186931034971
17,80,15.521767914746356
17,81,18.349404060520225
18,1,18.59651841753022
18,2,15.051429505843904
18,3,14.277268596258292
18,4,14.356938846320526
18,5,17.546180088769617
18,6,18.17775426661811
18,7,15.68161291144538
18,8,14.443210320373556
18,9,16.563376129661915
18,10,17.97216883528862
18,11,14.777001230870885
18,12,15.477601328715007
18,13,13.425456936322007
18,14,12.032205200665159
18,15,8.40198468278519
18,16,6.8730877634942695
18,17,3.818517770142247
18,19,3.8361837535052388
18,20,5.400890760007431
18,21,5.030873844629756
18,22,5.271402594379145
18,23,6.40639832309242
18,24,7.009341621165594
18,25,10.507229408432622
18,26,13.093330747525735
18,27,14.455833239943283
18,28,17.90232198884506
18,29,17.326317798907176
18,30,18.242494455629807
18,31,17.02357314229995
18,32,15.80603984622599
18,33,15.418551519794816
18,34,18.30402043083403
18,35,17.8895319824449
18,36,19.99330984494666
18,37,17.64647848091924
18,38,19.92455408663379
18,39,20.86434793476477
18,40,24.365454840243196
18,41,23.337045159391028
18,42,20.70987288198213
18,43,21.94371405072195
18,44,19.036576925455826
18,45,17.27541380627577
18,46,20.221327602818466
18,47,18.781884913072346
18,48,15.214178832513662
18,49,14.697163336189439
18,50,11.015480597537795
18,51,9.99155235742256
18,52,8.132051836227689
18,53,11.255575930597024
18,54,13.105138597592692
18,55,15.947696923689223
18,56,19.01049803906039
18,57,17.64696364403059
18,58,16.78678916194384
18,59,14.058799266706009
18,60,14.27036243913971
18,61,11.365814288204811
18,62,9.389670831433957
18,63,7.186166186276791
18,64,7.554625350497468
18,65,9.129934702731868
18,66,7.8026764844717
18,67,10.35919968034859
18,68,11.185368124368772
18,69,14.34714282461562
18,70,14.275186884751001
18,71,10.976528117348776
18,72,11.438299991224229
18,73,8.66167813516676
18,74,5.894129238050209
18,75,5.707905117468032
18,76,3.8954547396883465
18,77,5.352008154609146
18,78,8.557430124954314
18,79,11.753243586243046
18,80,14.192506316022362
18,81,17.532402000600054
19,1,19.153901334441592
19,2,15.584241706391508
19,3,14.189635732224108
19,4,14.447917084788681
19,5,17.377351496501397
19,6,17.748465168643325
19,7,15.6315938103564
19,8,15.077136619304643
19,9,17.774527611729386
19,10,19.335562911112017
19,11,16.271634476956596
19,12,17.62421998463621
19,13,15.516324994004872
19,14,14.710180188958288
19,15,10.924778410599894
19,16,10.325617941958777
19,17,7.054411903773811
19,18,3.8361837535052388
19,20,3.877555156132058
19,21,5.508639159090323
19,22,7.4758118509779905
19,23,9.787716256631336
19,24,10.784566726544668
19,25,14.142369852355108
19,26,16.85348854462152
19,27,17.96227112070524
19,28,21.519531042449717
19,29,20.90005427440314
19,30,21.49049717270359
19,31,20.231132273096183
19,32,18.689524172507014
19,33,18.113137164037003
19,34,21.00893532394187
19,35,20.50791487216599
19,36,22.628094849244416
19,37,20.393346013292547
19,38,23.010855714267453
19,39,24.03810664520901
19,40,27.410944337559666
19,41,26.030804259739845
19,42,23.349157326888236
19,43,24.763182467691383
19,44,21.680196017463075
19,45,20.362566396695765
19,46,23.499079328735185
19,47,22.104375133016525
19,48,18.545539073394792
19,49,18.365782530899022
19,50,14.77199386368943
19,51,13.36208774265605
19,52,10.97927924405555
19,53,13.596872698111467
19,54,14.765149582512556
19,55,18.008480156737797
19,56,20.63156452412006
19,57,18.6255097875306
19,58,17.641682602490413
19,59,14.353253614339016
19,60,13.79452560593828
19,61,11.303493689057078
19,62,10.58308883508201
19,63,9.04549680935595
19,64,10.45727099619748
19,65,11.986263960753684
19,66,10.760857845198737
19,67,13.386038943985698
19,68,13.320699054460304
19,69,16.394696837755706
19,70,15.444764511062814
19,71,12.080466602963723
19,72,13.091284059152239
19,73,10.304860134397556
19,74,6.7489647720945225
19,75,5.893929276406123
19,76,4.930171697495115
19,77,4.603750936360191
19,78,8.31834345750656
19,79,10.474169131529269
19,80,12.950072107695803
19,81,16.52169817444685
20,1,22.693813826021977
20,2,19.00954558426428
20,3,17.92559725945004
20,4,18.277744045587557
20,5,21.22084055627453
20,6,21.457230554655798
20,7,19.125337177638368
20,8,18.660212820413236
20,9,21.07952960377742
20,10,22.78068167780592
20,11,19.704561890422045
20,12,20.720532768457605
20,13,18.515973487412293
20,14,17.100882316922355
20,15,13.322575211459686
20,16,11.819636217692528
20,17,8.11718795120667
20,18,5.400890760007431
20,19,3.877555156132058
20,21,3.813040250234147
20,22,5.65042420901757
20,23,9.095404307468232
20,24,11.023132152648714
20,25,13.995414487551836
20,26,17.272404014712297
20,27,18.846108644744948
20,28,22.12860074407937
20,29,20.84154849908286
20,30,21.074672350231637
20,31,19.218972715992916
20,32,17.26507482354649
20,33,17.22049503511514
20,34,20.512381852155656
20,35,20.70564046175888
20,36,23.354550537043803
20,37,21.609934404138663
20,38,24.21719566807005
20,39,25.632946535983038
20,40,28.987903751450386
20,41,27.725034799541277
20,42,25.39760279227027
20,43,26.983880649277275
20,44,24.1935917772824
20,45,22.39334981177747
20,46,25.405943265396473
20,47,24.071383996574532
20,48,20.48644497289022
20,49,19.668843859256885
20,50,15.841524038267643
20,51,15.30710945813077
20,52,13.457311495421363
20,53,16.307881839387072
20,54,17.550770432459842
20,55,20.41456637886022
20,56,23.102899506217206
20,57,21.39996319376054
20,58,19.91610998079229
20,59,16.837162601742275
20,60,16.797221490077256
20,61,14.664724962218518
20,62,13.78348977103612
20,63,11.469287705629139
20,64,11.814650595583016
20,65,12.169693587544003
20,66,9.955334833992605
20,67,11.876814882764357
20,68,10.934801326752254
20,69,14.134819113803477
20,70,12.855547469162415
20,71,10.030176005194292
20,72,12.080056879740837
20,73,10.316843711049351
20,74,7.492565971031136
20,75,8.488649756025174
20,76,8.207099897603822
20,77,8.206265044137925
20,78,12.013990351779452
20,79,14.206438592866647
20,80,16.781882536273486
20,81,20.347095641577095
21,1,21.659799331959526
21,2,17.849416054477352
21,3,17.547449943859792
21,4,18.407302175704714
21,5,21.75978489347159
21,6,22.59734404798149
21,7,20.384377711487854
21,8,19.20029171616039
21,9,21.510444220471772
21,10,22.685999448855473
21,11,19.275259556885906
21,12,19.614715480021612
21,13,16.987743824937574
21,14,14.96408328127591
21,15,11.29076553542525
21,16,9.578654849349629
21,17,5.750146621826349
21,18,5.030873844629756
21,19,5.508639159090323
21,20,3.813040250234147
21,22,3.825449759308398
21,23,6.6682300102235725
21,24,9.478115198916859
21,25,12.706852029340158
21,26,15.736479326034802
21,27,17.934837221554336
21,28,20.946017324742613
21,29,19.72986590886188
21,30,20.538125845928946
21,31,18.448991889496135
21,32,16.813487735094167
21,33,17.3951925175219
21,34,20.803275895217816
21,35,21.19546696617104
21,36,23.78614104959436
21,37,21.81023672113137
21,38,23.908010518283472
21,39,24.963373003558594
21,40,28.53363514834937
21,41,27.76582234012233
21,42,25.317228702296163
21,43,26.434208243716792
21,44,23.640204603384174
21,45,21.55900987977209
21,46,24.151758800131148
21,47,22.380316681116042
21,48,19.035259731341412
21,49,17.725677901347463
21,50,13.98345767768078
21,51,13.692170503801805
21,52,12.712904687235419
21,53,16.11390619015154
21,54,18.126894110437654
21,55,20.85837313373704
21,56,23.960894081605403
21,57,22.622880194107964
21,58,21.547343854284556
21,59,18.723012580054462
21,60,18.78358452285136
21,61,16.056802057832606
21,62,14.36236652795196
21,63,12.154898578332743
21,64,11.927089728541093
21,65,12.400198783061354
21,66,9.653342364941487
