1,2,3.8165503499735913
1,3,5.426081306782014
1,4,6.176234094998665
1,5,6.986568464083483
1,6,22.684345209763194
1,7,23.10011450734549
1,8,23.41921776388579
1,9,22.59050217316883
1,10,20.399295685575296
1,11,21.384167384267855
1,12,19.402641648685435
1,13,20.37360597141679
1,14,21.520394450407625
1,15,21.840117266953946
1,16,19.129852765550762
1,17,17.204470313022785
1,18,19.61044781554584
1,19,18.5176583313826
1,20,22.2110865819954
1,21,23.772421525405264
1,22,21.13631296291294
1,23,22.600502409297928
1,24,21.942099607441747
1,25,18.742893416159912
1,26,19.369889929621554
1,27,20.459790420605263
1,28,17.480877149188384
1,29,15.130565666002102
1,30,17.76627672244033
1,31,18.070392317259387
1,32,14.392137118294428
1,33,14.817805112496048
1,34,17.983291744482692
1,35,16.5369350019329
1,36,14.08186177055617
1,37,15.835014245684398
1,38,15.75050732039145
1,39,12.606673501655596
1,40,10.668043829053907
1,41,12.739133712259239
1,42,10.268361282851599
1,43,8.410398155038134
1,44,11.895507939387253
1,45,11.515556637790612
1,46,8.919872306866358
1,47,10.660975716462005
1,48,13.958841736111445
1,49,13.284863888145532
1,50,12.695868863783792
1,51,15.761359162075088
1,52,17.88535449288829
1,53,16.78090319048326
1,54,17.820098877124128
1,55,20.895929827527095
1,56,22.15753508661166
1,57,21.49199518636915
1,58,22.23742441506917
1,59,25.159307623240426
1,60,25.09161131916789
1,61,24.20419323459735
1,62,26.568961808855786
1,63,25.872877639582356
1,64,28.984447352797304
1,65,28.95306794283071
1,66,26.060236726431942
1,67,26.196350374491768
1,68,24.33550704556797
1,69,24.562594003432565
1,70,23.850272148959604
1,71,21.97585217690171
1,72,21.07849289591319
1,73,18.048015803096074
1,74,17.169412742173435
1,75,17.358315626760177
1,76,15.398482726886602
1,77,12.237587530015157
1,78,12.938634817341619
1,79,13.69780403983442
1,80,10.457741806094015
1,81,8.275374666317076
1,82,10.913119801963772
1,83,10.636850807449889
1,84,6.993125581095781
1,85,8.409296288581865
1,86,11.903696869951553
1,87,11.001051567073997
1,88,12.58214833663461
1,89,14.081605038208126
1,90,17.498632371164838
1,91,19.735108409600755
1,92,22.052641931433268
1,93,25.535166247413073
1,94,28.789677618302456
2,1,3.8165503499735913
2,3,3.8115925944196927
2,4,5.989358659237937
2,5,5.7668285653778835
2,6,22.869147093839857
2,7,23.49013606609046
2,8,24.373903829426666
2,9,24.029710543407678
2,10,22.315004888663186
2,11,23.815541941646156
2,12,22.192053631341757
2,13,23.513779837860337
2,14,24.46406686116486
2,15,25.010216575669553
2,16,22.23782578968929
2,17,20.62157872799426
2,18,23.099464419828244
2,19,22.083779935444106
2,20,25.741215166633946
2,21,27.44787858740092
2,22,24.882301341970663
2,23,26.33908656036178
2,24,25.602530788041776
2,25,22.476006987071546
2,26,22.980129196615948
2,27,23.904491325905322
2,28,20.913013422581088
2,29,18.54280699900159
2,30,20.88083294933176
2,31,20.96973501919613
2,32,17.195331970780856
2,33,17.35320225727545
2,34,20.207797218468922
2,35,18.446200130938475
2,36,15.601829161769459
2,37,16.529264862791933
2,38,15.547745050272969
2,39,11.947735802000489
2,40,11.191930626459357
2,41,13.464129547265523
2,42,10.765631557610945
2,43,10.235291758862514
2,44,13.893901672621842
2,45,13.460168904768118
2,46,11.615877643660902
2,47,13.799940081109746
2,48,16.87086933870143
2,49,16.22528207589108
2,50,16.168087689967486
2,51,19.221616957108537
2,52,21.15053634945183
2,53,20.10575323664354
2,54,21.441048238044363
2,55,24.449848521382243
2,56,25.522789048442167
2,57,24.89856808036392
2,58,25.863196501752174
2,59,28.882531289937265
2,60,28.856168936335663
2,61,28.012222248697576
2,62,30.338119614201336
2,63,29.532108698159593
2,64,32.566897547098606
2,65,32.49186492224144
2,66,29.472668204986398
2,67,29.402689915137014
2,68,27.290708463958072
2,69,27.143346025643286
2,70,26.034723812128046
2,71,23.821247947496897
2,72,22.365792414142895
2,73,19.126017031384357
2,74,17.917138455429992
2,75,18.796188652452457
2,76,17.244247126418777
2,77,13.67584187900179
2,78,14.55536471296195
2,79,16.134437771405032
2,80,13.161435032192193
2,81,10.603776800876759
2,82,13.529193946198305
2,83,13.97469356294307
2,84,10.513926812378548
2,85,11.372586626914412
2,86,15.103172664833156
2,87,14.611940413289076
2,88,15.95724310731838
2,89,17.42650640470009
2,90,20.75946842420331
2,91,23.24985659549849
2,92,25.62259738707613
2,93,29.01568801220096
2,94,32.35094142100112
3,1,5.426081306782014
3,2,3.8115925944196927
3,4,3.8293458721555607
3,5,5.677380396640313
3,6,19.91550595002663
3,7,20.986791724689812
3,8,21.849623871920347
3,9,21.90491413579892
3,10,20.303666084128288
3,11,22.100440253596176
3,12,20.99048316546037
3,13,22.79295044091021
3,14,24.07112871799412
3,15,25.130701082001774
3,16,22.81743172765462
3,17,21.367369735403226
3,18,24.189881091999126
3,19,23.461153243954527
3,20,27.240517256968275
3,21,28.481956970788282
3,22,25.55348007321101
3,23,26.502478529658852
3,24,25.23891267243101
3,25,22.230262072013627
3,26,22.192475896018394
3,27,22.81619978045133
3,28,20.067166040534406
3,29,17.457979152749612
3,30,19.202184946842852
3,31,19.22434435445363
3,32,15.50452094207623
3,33,15.081679617031094
3,34,17.654852769141105
3,35,15.96805178255859
3,36,12.743275480795658
3,37,13.306671619533143
3,38,12.096231660891481
3,39,8.439579237415902
3,40,7.987596510898772
3,41,9.977675100047263
3,42,7.314242466457076
3,43,7.682515755580865
3,44,11.282718581139175
3,45,11.312968396013495
3,46,10.457125556165272
3,47,12.523956480087767
3,48,15.36358725608013
3,49,15.39415540531066
3,50,15.894711811057865
3,51,18.476255755497544
3,52,20.477102187111836
3,53,20.117935144794195
3,54,21.623478862648703
3,55,24.190274252315824
3,56,25.46482791847256
3,57,25.414926882378538
3,58,26.466406811927847
3,59,29.35223575046082
3,60,28.886457975651147
3,61,28.08098888934109
3,62,30.154038649202644
3,63,28.893103073612284
3,64,31.786376493108357
3,65,31.940003684427417
3,66,28.71636753581955
3,67,28.69113171107275
3,68,26.26187806646337
3,69,25.994622880824387
3,70,24.518317711612347
3,71,22.48552657597065
3,72,20.852684311958292
3,73,17.33171121128772
3,74,16.71428806212861
3,75,18.04205933709767
3,76,16.09046831379061
3,77,12.678044488945924
3,78,14.518869116002929
3,79,16.00961595616536
3,80,12.792351749418097
3,81,11.12479254054344
3,82,14.62631039253396
3,83,14.733585222999109
3,84,11.585451777100326
3,85,13.492392930681824
3,86,17.006953009679982
3,87,16.110460457649914
3,88,17.850214094318673
3,89,18.97444205340615
3,90,22.552401571026767
3,91,24.684689363376073
3,92,27.112956949405483
3,93,30.684808279151223
3,94,33.808209195412374
4,1,6.176234094998665
4,2,5.989358659237937
4,3,3.8293458721555607
4,5,3.7931499876001697
4,6,16.959208479045255
4,7,17.622859203780354
4,8,18.43791640909623
4,9,18.309180412266215
4,10,16.8273045091735
4,11,18.78031133858949
4,12,17.780970142606364
4,13,19.812445692032348
4,14,20.861221781320904
4,15,22.213969205611935
4,16,20.073568405402018
4,17,19.09803185612642
4,18,22.252036984094932
4,19,22.084456161787543
4,20,25.93601670357028
4,21,26.933949617506023
4,22,23.917805719172385
4,23,24.579777650777594
4,24,23.14798983980045
4,25,20.513521560166318
4,26,20.674625936321366
4,27,20.735332190785535
4,28,17.751615816349325
4,29,15.61778292051684
4,30,17.292191485760817
4,31,16.663529118765815
4,32,12.886930023825116
4,33,13.076615593198133
4,34,15.259809017231781
4,35,13.011729857302257
4,36,10.16711459300431
4,37,10.74969008683078
4,38,10.019650371582655
4,39,6.850943239069831
4,40,5.608303622680484
4,41,8.74275403192815
4,42,7.5085737332476565
4,43,7.053011325989988
4,44,10.759014637525736
4,45,11.983164054481714
4,46,11.050357582923782
4,47,11.945368369665431
4,48,15.20808359284486
4,49,15.95780879201687
4,50,15.86135332094778
4,51,17.98267365664446
4,52,20.5763208186589
4,53,20.526353993087596
4,54,21.433526838683196
4,55,23.916203379053318
4,56,25.72978675739276
4,57,25.760454023769505
4,58,26.29654486277566
4,59,28.812442815365
4,60,27.999719418834374
4,61,26.739925989327347
4,62,28.428729281573663
4,63,26.968849299713362
4,64,29.583092741142604
4,65,29.451073483983468
4,66,26.074032925339747
4,67,25.704487812254204
4,68,23.085207579474517
4,69,22.529366003185558
4,70,20.92622327060296
4,71,18.73741012220371
4,72,17.046358527391504
4,73,13.568743036954656
4,74,12.922011765131511
4,75,14.261813765890581
4,76,12.372471000754876
4,77,8.914500210235664
4,78,11.032092186353905
4,79,12.696913411126673
4,80,9.735537263458943
4,81,8.370395352506975
4,82,12.157075394847475
4,83,12.607317906125218
4,84,10.18158658221689
4,85,12.48772472238869
4,86,15.793238763046286
4,87,15.316340336828802
4,88,17.776476806309642
4,89,19.352195605452888
4,90,22.85063454495158
4,91,24.551790579092
4,92,26.55858386418546
4,93,30.187071114892
4,94,33.254720068039774
5,1,6.986568464083483
5,2,5.7668285653778835
5,3,5.677380396640313
5,4,3.7931499876001697
5,6,18.452852110904754
5,7,18.57491316779195
5,8,19.85978633272269
5,9,19.61868626643927
5,10,18.524923954852536
5,11,20.57469342231598
5,12,19.378805537984487
5,13,21.229230060247488
5,14,21.651747097755845
5,15,22.78777140698046
5,16,20.242414973651304
5,17,19.58600925792651
5,18,22.639431113525017
5,19,22.570374578659006
5,20,26.345992633770216
5,21,27.729555210109005
5,22,25.04362061765353
5,23,26.03251846489901
5,24,24.9780639584123
5,25,22.470003799853092
5,26,23.16767357868621
5,27,23.158769783097
5,28,19.8557569535498
5,29,18.189651400235125
5,30,20.208670927159314
5,31,19.24830793680144
5,32,15.462830110267133
5,33,16.293277105492244
5,34,18.3150807947039
5,35,15.643287709352878
5,36,13.25614927273113
5,37,13.51058676346457
5,38,12.4589812913732
5,39,9.365310991810945
5,40,8.889509823357397
5,41,12.344191696953938
5,42,11.214561246233274
5,43,10.716291220245385
5,44,14.46411527663174
5,45,15.525080487371877
5,46,14.121682977605591
5,47,15.02924034419011
5,48,18.506578591884097
5,49,18.937802839093635
5,50,18.413903883077534
5,51,20.785590631655054
5,52,23.458942591764778
5,53,22.985924348501428
5,54,23.64781226031326
5,55,26.45697881542012
5,56,28.24595676721875
5,57,27.851659047949667
5,58,28.186238170544684
5,59,30.700143405976508
5,60,30.126290278988616
5,61,28.62669030300348
5,62,30.328304652748002
5,63,29.128899901262255
5,64,31.67268191351544
5,65,31.14254403163731
5,66,27.819788948466915
5,67,27.081094220132385
5,68,24.533232046431962
5,69,23.674524017487478
5,70,22.11543567408798
5,71,19.42165841336517
5,72,17.465126761795187
5,73,14.29056514995312
5,74,12.619250162356165
5,75,14.029583342754883
5,76,13.101916377777135
5,77,9.277006284658476
5,78,10.363706858009328
5,79,12.900534954161744
5,80,10.696371143976341
5,81,8.172128530114474
5,82,11.61723003235693
5,83,13.11895529414374
5,84,10.825778585112598
5,85,12.061106829234127
5,86,15.61297034464488
5,87,15.97867950798156
5,88,18.38886817435146
5,89,20.502131312301817
5,90,23.740218529226553
5,91,25.66447213395209
5,92,27.43419699303166
5,93,30.900422105447145
5,94,34.18236470466348
6,1,22.684345209763194
6,2,22.869147093839857
6,3,19.91550595002663
6,4,16.959208479045255
6,5,18.452852110904754
6,7,3.8187352972929207
6,8,5.471605625274056
6,9,8.884976413261011
6,10,10.947613509098105
6,11,14.653790893982649
6,12,17.18687330114034
6,13,20.917292612459686
6,14,21.673273494405237
6,15,25.12120159476856
6,16,25.334972376123694
6,17,26.363709989459537
6,18,30.123006574680904
6,19,31.762193085477502
6,20,35.278484032047466
6,21,34.67509490297607
6,22,31.289175566834988
6,23,29.92784362604109
6,24,27.042764857914094
6,25,26.49634751088543
6,26,25.688281817405407
6,27,23.298996500447398
6,28,21.592798448950067
6,29,21.108063195054328
6,30,19.916016751275247
6,31,17.199499652766427
6,32,16.06005150048823
6,33,15.967580155260851
6,34,13.671056670555235
6,35,11.002699605068257
6,36,11.257299067087956
6,37,8.222940119426447
6,38,8.672210022388226
6,39,12.108264531176241
6,40,12.691116018678686
6,41,13.416205914870686
6,42,16.8897446559913
6,43,17.676282698194488
6,44,18.117513629237266
6,45,21.672422015566557
6,46,22.95362279388169
6,47,21.536673054149663
6,48,23.389783482874254
6,49,26.436217264369834
6,50,26.536321664818573
6,51,26.224715292071533
6,52,29.290660833374183
6,53,31.17840643685928
6,54,31.24594157271893
6,55,32.102156906280214
6,56,35.02168518271678
6,57,36.37334704836912
6,58,36.106392758872914
6,59,37.25068877067486
6,60,34.81705356129646
6,61,32.83873616658096
6,62,32.56636838473683
6,63,29.560475288058072
6,64,30.30155071482858
6,65,29.991224087423554
6,66,26.199239619862087
6,67,24.773633583117263
6,68,20.974596802050957
6,69,18.63608387855787
6,70,14.997415678130189
6,71,13.635990760732971
6,72,10.9651742757983
6,73,9.039332672084686
6,74,11.565053637246445
6,75,14.310738372289414
6,76,13.335798245943423
6,77,13.849949430835325
6,78,17.07443076433952
6,79,18.14569586504756
6,80,17.761362505639426
6,81,19.473513170999002
6,82,22.257450955608597
6,83,22.779986070910404
6,84,23.065340587286634
6,85,26.076049796234685
6,86,27.967553509471397
6,87,27.77880010613401
6,88,31.21487365445146
6,89,32.68350631685002
6,90,35.950839534197165
6,91,36.20972065437315
6,92,37.30003731615468
6,93,40.920164686711026
6,94,43.17139147813685
7,1,23.10011450734549
7,2,23.49013606609046
7,3,20.986791724689812
7,4,17.622859203780354
7,5,18.57491316779195
7,6,3.8187352972929207
7,8,3.770414329440309
7,9,6.657589314794617
7,10,9.573127743750122
7,11,13.316242255160192
7,12,15.783048612713028
7,13,19.415392319066356
7,14,19.56987265507625
7,15,23.076487018616202
7,16,23.364044711872385
7,17,24.87476147061029
7,18,28.62479759247415
7,19,30.61291848400929
7,20,34.00521224837058
7,21,33.41009321405219
7,22,30.22663208900343
7,23,28.873316781951246
7,24,26.186351355974782
7,25,25.977854198096292
7,26,25.65167760416501
7,27,22.997705584275636
7,28,21.021502690620878
7,29,21.15314649242446
7,30,20.28342449333041
7,31,17.090584741803696
7,32,16.0521975277331
7,33,16.845627394308163
7,34,14.572726120933437
7,35,11.438932508746952
7,36,12.494636579370844
7,37,10.208695440503476
7,38,11.111398058154661
7,39,14.016131115369891
7,40,14.076489116557896
7,41,15.51344430774762
7,42,18.83816524757469
7,43,18.987606302595296
7,44,19.747597136414168
7,45,23.38169340308643
7,46,24.118265227115575
7,47,22.39467027887937
7,48,24.59788212486244
7,49,27.58184846311902
7,50,27.152784857629133
7,51,26.850104687378412
7,52,30.19117923105921
7,53,31.874210584441432
7,54,31.52288964914784
7,55,32.55065829328458
7,56,35.67456648001043
7,57,36.76586528907211
7,58,36.1287029397921
7,59,37.064243416411124
7,60,34.63872374915594
7,61,32.299828193006384
7,62,31.818889550058046
7,63,28.950335742928807
7,64,29.460621219793712
7,65,28.67801814050605
7,66,24.9176839185025
7,67,23.01111366301129
7,68,19.2132542209698
7,69,16.408534509046145
7,70,12.688943161074048
7,71,10.841882594722138
7,72,7.860423645458897
7,73,6.896325110200467
7,74,9.216239872449105
7,75,11.78220096860243
7,76,11.616109736225706
7,77,12.680111869414826
7,78,15.348089397974409
7,79,16.489019656688164
7,80,16.89087308649962
7,81,18.608574816446335
7,82,20.935962667483693
7,83,21.838630114850304
7,84,22.632691263883192
7,85,25.356260309368086
7,86,26.990546175358283
7,87,27.254182447777243
7,88,30.869683294025425
7,89,32.68697089341582
7,90,35.74436409045857
7,91,35.86583250053273
7,92,36.600981783987976
7,93,40.10401557210566
7,94,42.375455041837135
8,1,23.41921776388579
8,2,24.373903829426666
8,3,21.849623871920347
8,4,18.43791640909623
8,5,19.85978633272269
8,6,5.471605625274056
8,7,3.770414329440309
8,9,3.7580826488139794
8,10,6.70464599863102
8,11,10.220370263840222
8,12,13.180927214279029
8,13,16.850699859457187
8,14,17.338112085572636
8,15,21.002306731976162
8,16,21.804513751956872
8,17,23.287603863451704
8,18,26.95856047275436
8,19,29.06682140925133
8,20,32.31378104603593
8,21,31.347913253345357
8,22,28.098250814120416
8,23,26.388215479842017
8,24,23.487526423781052
8,25,23.59871891652189
8,26,23.080254031891997
8,27,20.156660107707932
8,28,18.571021802416887
8,29,18.982032178090076
8,30,17.707581052201657
8,31,14.378687645273143
8,32,14.05940975528463
8,33,14.896010018147203
8,34,12.113929989141255
8,35,9.437612098190273
8,36,11.467823708983916
8,37,10.015715878823883
8,38,12.091565696564048
8,39,15.170833343827647
8,40,14.397465261280194
8,41,15.307123920427465
8,42,18.863440195236667
8,43,18.545694171805728
8,44,18.717913911334012
8,45,22.505573748784183
8,46,23.282682333627783
8,47,21.074120686392927
8,48,22.97170446402587
8,49,26.20193513652661
8,50,25.653468865362342
8,51,24.882633387460086
8,52,28.237153231659303
8,53,30.182143611534713
8,54,29.60195307466788
8,55,30.30047722886102
8,56,33.58011787171232
8,57,34.86501935717847
8,58,34.05966809213306
8,59,34.71126047810628
8,60,32.05151155173655
8,61,29.69264927138859
8,62,28.93950440850241
8,63,25.894857940880605
8,64,26.179619498486076
8,65,25.521393215383462
8,66,21.797042482583514
8,67,20.019831059511535
8,68,16.205434878346033
8,69,13.575732965366404
8,70,9.832539248064453
8,71,8.977665859262292
8,72,7.177385145159589
8,73,6.847166665802298
8,74,10.195605102763636
8,75,11.689948719784782
8,76,10.823764325266675
8,77,12.810650893081634
8,78,15.483640878382218
8,79,15.71679268802568
8,80,16.175355929136956
8,81,18.576894636821436
8,82,20.59598587627009
8,83,20.95731532768499
8,84,22.127586219278477
8,85,25.095599265292766
8,86,26.29894385496666
8,87,26.303468608573173
8,88,29.947397081122908
8,89,31.566587491384418
8,90,34.50934679691699
8,91,34.27310822836977
8,92,34.87343935101536
8,93,38.33526675980106
8,94,40.35361340200624
9,1,22.59050217316883
9,2,24.029710543407678
9,3,21.90491413579892
9,4,18.309180412266215
9,5,19.61868626643927
9,6,8.884976413261011
9,7,6.657589314794617
9,8,3.7580826488139794
9,10,3.786319879368207
9,11,7.018513793066608
9,12,9.871431951329006
9,13,13.417915674544226
9,14,13.675452987530464
9,15,17.385280298834164
9,16,18.407591192763743
9,17,20.10919824014046
9,18,23.70404677680622
9,19,26.04158849241914
9,20,29.134104732151062
9,21,28.056219140005997
9,22,24.92887164271064
9,23,23.156266668938745
9,24,20.385625616917512
9,25,20.794251379139062
9,26,20.645550652063765
9,27,17.536762606027636
9,28,15.810853853281477
9,29,16.811797408768665
9,30,15.817726917513198
9,31,12.16450389959564
9,32,12.147995140046477
9,33,13.811062648784436
9,34,11.244862615789772
9,35,8.536291397180905
9,36,11.4018536270803
9,37,11.145528853191735
9,38,13.818006561021619
9,39,16.363635751038377
9,40,14.778311027876043
9,41,15.9627374776834
9,42,19.28303136937968
9,43,18.203889852997392
9,44,18.412313833783088
9,45,22.170207172338852
9,46,22.441121551027543
9,47,19.839819145974264
9,48,21.89363336867256
9,49,25.050451791976766
9,50,24.00423517902179
9,51,23.113880236402693
9,52,26.650579930996876
9,53,28.447991504998363
9,54,27.45481783824121
9,55,28.210901376922983
9,56,31.655353539813408
9,57,32.751280946916914
9,58,31.614347490238604
9,59,32.03855029670894
9,60,29.374717306255413
9,61,26.765182679913902
9,62,25.86059175370525
9,63,22.952442575060303
9,64,23.137040706143242
9,65,22.175341742401034
9,66,18.470006859266427
9,67,16.459761989284587
9,68,12.655880815622089
9,69,9.888824964275805
9,70,6.157496745175245
9,71,5.433626422605279
9,72,4.841403982179762
9,73,5.702867527167269
9,74,9.13781006992015
9,75,9.39464934172466
9,76,8.481111353417296
9,77,11.355604870939759
9,78,13.487578712695589
9,79,13.08519632304823
9,80,14.081941131985701
9,81,16.819311690835175
9,82,18.272562845486725
9,83,18.53002376818134
9,84,20.23264108773573
9,85,23.076783631764304
9,86,23.83909215540612
9,87,24.000565915250004
9,88,27.723253339175955
9,89,29.476256271664603
9,90,32.18113445705315
9,91,31.70597418553343
9,92,32.01146048719705
9,93,35.362457252137176
9,94,37.30573165202257
10,1,20.399295685575296
10,2,22.315004888663186
10,3,20.303666084128288
10,4,16.8273045091735
10,5,18.524923954852536
10,6,10.947613509098105
10,7,9.573127743750122
10,8,6.70464599863102
10,9,3.786319879368207
10,11,3.8255248680847664
10,12,6.506598765418507
10,13,10.213071473039202
10,14,11.199301445133957
10,15,14.791751703273507
10,16,15.852001289330587
10,17,17.11446057726671
10,18,20.67460603471796
10,19,22.84021058180115
10,20,25.946579078476063
10,21,24.766946906411448
10,22,21.49963081922912
10,23,19.689395030828383
10,24,16.818074068842066
10,25,17.085336398302914
10,26,16.863283165904768
10,27,13.813461189021513
10,28,12.076710894183867
10,29,13.083197180720784
10,30,12.132942459286358
10,31,8.424914901387869
10,32,8.606193252946019
10,33,10.566807328380465
10,34,8.262285657175235
10,35,5.851054118117293
10,36,9.303966023472494
10,37,10.287199555782932
10,38,13.573500604503192
10,39,15.693037293822334
10,40,13.326298206537246
10,41,14.265005831913383
10,42,17.370490641390116
10,43,15.739925801075378
10,44,15.683652769301784
10,45,19.369449760746672
10,46,19.448066979338954
10,47,16.560526120722336
10,48,18.532874555654594
10,49,21.691182551275975
10,50,20.494339453267724
10,51,19.448937669752166
10,52,23.013352673304187
10,53,24.826759433378815
10,54,23.740219477806082
10,55,24.442632610118146
10,56,27.915556029841422
10,57,29.028350412913348
10,58,27.87373898521522
10,59,28.294970513924966
10,60,25.63007025260572
10,61,23.09948460469688
10,62,22.338260949465493
10,63,19.445541044412202
10,64,19.93795383472134
10,65,19.20529050149533
10,66,15.411846860004507
10,67,13.851464406057998
10,68,10.074759932676397
10,69,8.179073960530687
10,70,5.233227994905198
10,71,5.473519819347705
10,72,6.389553385041707
10,73,6.301844892420968
10,74,9.732374455054424
10,75,9.08259824710594
10,76,6.856865325138222
10,77,10.029800598288615
10,78,12.204577161450109
10,79,10.920359842131335
10,80,11.514900537902994
10,81,14.743940702472926
10,82,16.051391741416946
10,83,15.68703687042765
10,84,17.490962499552985
10,85,20.545217064057272
10,86,21.062287165359088
10,87,20.88634592173272
10,88,24.54769008139742
10,89,26.10940061423476
10,90,28.7755542501775
10,91,28.17205439477148
10,92,28.53755728283543
10,93,31.92432997959318
10,94,33.80019821572509
11,1,21.384167384267855
11,2,23.815541941646156
11,3,22.100440253596176
11,4,18.78031133858949
11,5,20.57469342231598
11,6,14.653790893982649
11,7,13.316242255160192
11,8,10.220370263840222
11,9,7.018513793066608
11,10,3.8255248680847664
11,12,3.7832601249870788
11,13,7.117273290556487
11,14,8.644729067525033
11,15,12.192598746060137
11,16,13.945920141918494
11,17,15.159426917661253
11,18,18.43136906918011
11,19,20.769826260689616
11,20,23.570641185552727
11,21,21.977096966532844
11,22,18.759393952930264
11,23,16.55753657936091
11,24,13.57156562323799
11,25,14.416244835224227
11,26,14.297134358523287
11,27,10.878118249486095
11,28,9.574544943032684
11,29,11.426737385484401
11,30,10.381209608163307
11,31,6.595091340866072
11,32,8.140778946111396
11,33,10.552317650356382
11,34,8.527419727692303
11,35,7.527012647968071
11,36,11.222572330701507
11,37,13.114864644972902
11,38,16.656079061416417
11,39,18.47580335840399
11,40,15.60557358785218
11,41,16.23965304192502
11,42,19.041891250353544
11,43,16.828251393484003
11,44,16.351282198226176
11,45,19.81059122979987
11,46,19.5911706943809
11,47,16.244678948341516
11,48,17.908745432531905
11,49,21.040969331933194
11,50,19.451018090083103
11,51,17.93257601145473
11,52,21.501626286676636
11,53,23.377850294313564
11,54,21.829540808110195
11,55,22.25658385226197
11,56,25.91019982503486
11,57,27.038761260728112
11,58,25.536405019602398
11,59,25.548227686091344
11,60,22.698628065090702
11,61,20.001338682014165
11,62,18.892411399898755
11,63,15.946511777683348
11,64,16.204445861102663
11,65,15.410806028672559
11,66,11.633538592003994
11,67,10.19832649376322
11,68,6.472256564886081
11,69,5.50411530320331
11,70,4.270469836880092
11,71,6.47275221742223
11,72,9.016046557738578
11,73,9.573436928187142
11,74,12.486350621977492
11,75,10.77429743609702
11,76,8.432333476008807
11,77,11.912309518266703
11,78,13.39751910572946
11,79,11.049153940733694
11,80,11.872207273372538
11,81,15.485766330095755
11,82,16.058844389666383
11,83,15.089005324563656
11,84,17.422897436799015
11,85,20.41224592994433
11,86,20.253058272686214
11,87,19.916148269545804
11,88,23.487909215233284
11,89,24.894678986467788
11,90,27.242614740986195
11,91,26.185577153362654
11,92,26.24630777366008
11,93,29.485307249680545
11,94,31.073169102395095
12,1,19.402641648685435
12,2,22.192053631341757
12,3,20.99048316546037
12,4,17.780970142606364
12,5,19.378805537984487
12,6,17.18687330114034
12,7,15.783048612713028
12,8,13.180927214279029
12,9,9.871431951329006
12,10,6.506598765418507
12,11,3.7832601249870788
12,13,3.746048416012925
12,14,5.732531202886451
12,15,8.885570580538378
12,16,10.385074296853814
12,17,11.386725155137416
12,18,14.66258221616581
12,19,17.01038146123328
12,20,19.82988429694927
12,21,18.38003606473031
12,22,15.19207676875801
12,23,13.285462609515324
12,24,10.653337316774792
12,25,11.327341116554374
12,26,11.960784819192643
12,27,8.868322271361688
12,28,6.684263421883895
12,29,9.164136125885376
12,30,9.276811679746704
12,31,5.860516725116021
12,32,6.868933802901949
12,33,10.199259642509361
12,34,9.551908179014712
12,35,8.620349809283368
12,36,11.765417717230802
12,37,14.351845458704329
12,38,17.762100932994798
12,39,18.849872136253342
12,40,15.560935008838594
12,41,16.540087866116274
12,42,18.71419792870234
12,43,15.898002685103346
12,44,15.76086575326485
12,45,18.831844012273205
12,46,17.926723739254744
12,47,14.489898869209117
12,48,16.481170335278176
12,49,19.188464859169724
12,50,17.0536234949928
12,51,15.775663388805036
12,52,19.486550466632742
12,53,20.911914050239396
12,54,19.047789933335682
12,55,19.848383278396323
12,56,23.512691352883568
12,57,24.242353405392787
12,58,22.52668626076212
12,59,22.58200881617485
12,60,19.997461413158547
12,61,17.098982767062672
12,62,16.30544667481301
12,63,13.841673366423553
12,64,14.630816392623535
12,65,13.55538077803288
12,66,9.783148611472509
12,67,8.493612275307195
12,68,5.350183459753528
12,69,5.712676011099891
12,70,6.3702644957986125
12,71,7.571628653396684
12,72,10.303750972396788
12,73,10.604820107723405
12,74,12.658293514238347
12,75,10.1529025599738
12,76,7.65440430243564
12,77,10.896687410889303
12,78,11.631094618667747
12,79,8.517613360427388
12,80,9.495233778545149
12,81,13.15962244002474
12,82,13.118083156776434
12,83,11.849747450676492
12,84,14.573420741488107
12,85,17.337496971624553
12,86,16.79384962387251
12,87,16.55176823069722
12,88,20.12108343056616
12,89,21.686431325400022
12,90,23.839974826302843
12,91,22.73859152824067
12,92,22.655522722314636
12,93,25.87256027900304
12,94,27.58392778715541
13,1,20.37360597141679
13,2,23.513779837860337
13,3,22.79295044091021
13,4,19.812445692032348
13,5,21.229230060247488
13,6,20.917292612459686
13,7,19.415392319066356
13,8,16.850699859457187
13,9,13.417915674544226
13,10,10.213071473039202
13,11,7.117273290556487
13,12,3.746048416012925
13,14,3.7692494946839705
13,15,5.837866548832742
13,16,8.020077375115797
13,17,8.911889902136032
13,18,11.693382552796576
13,19,14.301300972682379
13,20,16.72613285850159
13,21,14.974515637933981
13,22,11.983588460950733
13,23,9.905026749267778
13,24,7.668317765407193
13,25,9.044746288507213
13,26,10.541574711794503
13,27,7.677300086177754
13,28,5.618191483561308
13,29,9.149892419419878
13,30,9.972941252441066
13,31,7.600230684488744
13,32,8.89496289511841
13,33,12.264948123497813
13,34,12.304109019866141
13,35,11.950678511339445
13,36,14.778476868793968
13,37,17.699184135673708
13,38,21.055142965724574
13,39,21.772481323323642
13,40,18.272697061874695
13,41,19.246671931430157
13,42,20.956572821159703
13,43,17.733283127077456
13,44,17.565243879474536
13,45,20.159210797844143
13,46,18.748226608494896
13,47,15.202098982913965
13,48,17.04067532584932
13,49,19.320988565495213
13,50,16.6423254006294
13,51,15.235513424876654
13,52,18.848473497808598
13,53,19.95148356549668
13,54,17.51021053529855
13,55,18.319268470725206
13,56,22.047317929352108
13,57,22.471997300451413
13,58,20.28717956429295
13,59,19.950105220905044
13,60,17.43798960552309
13,61,14.190571937436584
13,62,13.218022967136994
13,63,11.235272017349386
13,64,12.068021136272042
13,65,10.53611424697206
13,66,7.015991666465918
13,67,5.9183204732294525
13,68,4.410536722647718
13,69,6.596654031923038
13,70,8.923931583463764
13,71,10.287595825050893
13,72,13.350242677517153
13,73,13.921131442925228
13,74,15.420839998534737
13,75,12.372337370215625
13,76,10.321569765674312
13,77,13.216876016752183
13,78,13.088697963655687
13,79,9.418016527047602
13,80,10.65636217700086
13,81,14.071214468786593
13,82,13.068922813016604
13,83,11.368273134675798
13,84,14.596763240801096
13,85,16.902858981395763
13,86,15.54683213271369
13,87,15.366642142009974
13,88,18.723854300318198
13,89,20.283655237574518
13,90,21.942075400308777
13,91,20.420568474825615
13,92,19.872783793374616
13,93,22.866903279590456
13,94,24.393734684100526
14,1,21.520394450407625
14,2,24.46406686116486
14,3,24.07112871799412
14,4,20.861221781320904
14,5,21.651747097755845
14,6,21.673273494405237
14,7,19.56987265507625
14,8,17.338112085572636
14,9,13.675452987530464
14,10,11.199301445133957
14,11,8.644729067525033
14,12,5.732531202886451
14,13,3.7692494946839705
14,15,3.8069234157141736
14,16,6.310967222065562
14,17,8.7596335195977
14,18,11.462427509694175
14,19,14.681196187921486
14,20,16.8770061323977
14,21,15.450022014470912
14,22,13.11350268710004
14,23,11.544989227661043
14,24,10.300089148053047
14,25,11.847902958426854
14,26,13.966533157632135
14,27,11.356007872668487
14,28,9.055779319983422
14,29,12.436643401403542
14,30,13.602049501105489
14,31,10.956770971213006
14,32,11.623096140572471
14,33,15.280815080707125
14,34,15.199174462353845
14,35,14.077697586267693
14,36,16.8965491533634
14,37,19.420890349291398
14,38,22.517325525521372
14,39,23.162544732880143
14,40,19.886602770897206
14,41,21.437357468380924
14,42,23.136052008167486
14,43,19.970758262543097
14,44,20.351311342301546
14,45,22.97619628852821
14,46,21.301930146405223
14,47,17.999349866305394
14,48,20.247623085702
14,49,22.295132205509496
14,50,19.4102506674676
14,51,18.4422436900859
14,52,22.09147282197028
14,53,22.802253119024833
14,54,20.225641943551135
14,55,21.395873316109824
14,56,25.039955532394057
14,57,25.055100633056888
14,58,22.644369370202195
14,59,22.23072069567977
14,60,20.029688408546395
14,61,16.500525818732676
14,62,15.416097137115951
14,63,13.99237009895188
14,64,14.375301470706736
14,65,11.945560540640058
14,66,8.96830488465131
14,67,6.423974732570227
14,68,5.2857006005716025
14,69,5.943980335281397
14,70,8.654632481281215
14,71,9.289722812635913
14,72,12.510098029991667
14,73,13.827035871302371
14,74,14.651711489143391
14,75,11.122724715259253
14,76,10.248842137142205
14,77,13.284897539343117
14,78,12.286290494073802
14,79,8.898387373396156
14,80,11.36143002384278
14,81,14.245663267913002
14,82,12.640277895381153
14,83,11.915806809703048
14,84,15.516125259451476
14,85,17.181346195712933
14,86,15.686861395914129
14,87,16.402131293280373
14,88,19.855669027381943
14,89,21.953883827323338
14,90,23.359639697043633
14,91,21.946142873310297
14,92,20.96900293753284
14,93,23.707906925057387
14,94,25.38284680991044
15,1,21.840117266953946
15,2,25.010216575669553
15,3,25.130701082001774
15,4,22.213969205611935
15,5,22.78777140698046
15,6,25.12120159476856
15,7,23.076487018616202
15,8,21.002306731976162
15,9,17.385280298834164
15,10,14.791751703273507
15,11,12.192598746060137
15,12,8.885570580538378
15,13,5.837866548832742
15,14,3.8069234157141736
15,16,3.876154379891103
15,17,6.360363788646578
15,18,8.213524965565668
15,19,11.736666511042225
15,20,13.485625464101979
15,21,12.113118437411867
15,22,10.326458715449633
15,23,9.31473297930105
15,24,9.32397470851513
15,25,10.910608482347852
15,26,13.842572514072932
15,27,12.02375771652925
15,28,9.781705581013565
15,29,13.194221560595107
15,30,15.040589471334027
15,31,13.172545668351734
15,32,13.629961060896731
15,33,17.260183423143832
15,34,17.827963398559273
15,35,16.968734029254165
15,36,19.41152540941196
15,37,22.222620061553208
15,38,25.19979150254482
15,39,25.400189750312578
15,40,21.97408510769985
15,41,23.58765369412457
15,42,24.78900268824284
15,43,21.328164971990653
15,44,21.83977889142801
15,45,23.980807581351076
15,46,21.81604217235912
15,47,18.649077113763163
15,48,20.878768297727163
15,49,22.38144321318741
15,50,19.083933671142855
15,51,18.326337002886767
15,52,21.776261884096428
15,53,21.971368593439074
15,54,19.020175567645218
15,55,20.43296064653009
15,56,23.921242677957242
15,57,23.45647636231103
15,58,20.70716936821388
15,59,20.115373972141366
15,60,18.331845648819364
15,61,14.629925264003184
15,62,13.784665425905153
15,63,13.31494622634739
15,64,13.997786600232578
15,65,11.258279864592936
15,66,9.201221752351943
15,67,7.375966680177891
15,68,8.053272840893154
15,69,9.525036305138038
15,70,12.453107254781054
15,71,12.884590945748505
15,72,15.882454101347282
15,73,16.979118863242505
15,74,17.30769192445554
15,75,13.630230200624975
15,76,12.907661246771736
15,77,15.317154295522595
15,78,13.678100179185735
15,79,10.173596339119431
15,80,12.478590278172728
15,81,14.831836835530122
15,82,12.386498924983732
15,83,11.426076220553492
15,84,15.226933620973341
15,85,16.238746263503092
15,86,14.001145427176652
15,87,14.953435143992557
15,88,18.06612877483371
15,89,20.261602103801557
15,90,21.135480898610336
15,91,19.50438621324132
15,92,18.06190729776774
15,93,20.518342542028414
15,94,22.182439269373084
16,1,19.129852765550762
16,2,22.23782578968929
16,3,22.81743172765462
16,4,20.073568405402018
16,5,20.242414973651304
16,6,25.334972376123694
16,7,23.364044711872385
16,8,21.804513751956872
16,9,18.407591192763743
16,10,15.852001289330587
16,11,13.945920141918494
16,12,10.385074296853814
16,13,8.020077375115797
16,14,6.310967222065562
16,15,3.876154379891103
16,17,3.8015194708977535
16,18,6.261928655832664
16,19,9.571124927054191
16,20,11.873695766908183
16,21,11.621687117159802
16,22,9.980831005092623
16,23,10.335615757827538
16,24,10.950714001233537
16,25,11.287352823555674
16,26,14.567380238160913
16,27,13.516036139230929
16,28,10.536010385353274
16,29,13.20613146684682
16,30,15.811436550142293
16,31,14.214769423542593
16,32,13.630860316115173
16,33,17.319252460857943
16,34,18.524418404080265
16,35,17.267921596157255
16,36,19.078127741370327
16,37,21.878132107800457
16,38,24.463482276745
16,39,24.112379256544305
16,40,20.753314498255143
16,41,22.763958908011908
16,42,23.48034105935975
16,43,19.95553763222846
16,44,21.053952437484877
16,45,22.877027275355047
16,46,20.28849909989663
16,47,17.573704612332886
16,48,20.26400307139744
16,49,21.283383032223583
16,50,17.850784477733942
16,51,17.86884867198304
16,52,21.313185088447046
16,53,20.936609239390574
16,54,18.204061488741576
16,55,20.299521071633382
16,56,23.493980929469494
16,57,22.565723391983454
16,58,20.043915826042323
16,59,20.054442253000214
16,60,18.884896752385284
16,61,15.432783154744126
16,62,15.520139277228534
16,63,15.492120068383066
16,64,16.890658928758192
16,65,14.516832711180548
16,66,12.485209562331066
16,67,11.101754987771194
16,68,11.234736839719831
16,69,12.19589990642398
16,70,14.41220792436705
16,71,13.893956874205028
16,72,16.19813862018548
16,73,16.758325727418768
16,74,16.380799076729538
16,75,12.777067532650728
16,76,12.257531524232727
16,77,13.789946846414384
16,78,11.545717062381781
16,79,8.315802840208999
16,80,10.56929529728349
16,81,12.127738488323295
16,82,9.126962785215571
16,83,8.587421369097537
16,84,12.401959419408048
16,85,12.822408322398985
16,86,10.546941807585776
16,87,12.123279965772241
16,88,15.285805910515114
16,89,17.95185947938524
16,90,18.872796097169335
16,91,17.787329013669723
16,92,16.552111786894013
16,93,19.149059464923518
16,94,21.38716725014258
17,1,17.204470313022785
17,2,20.62157872799426
17,3,21.367369735403226
17,4,19.09803185612642
17,5,19.58600925792651
17,6,26.363709989459537
17,7,24.87476147061029
17,8,23.287603863451704
17,9,20.10919824014046
17,10,17.11446057726671
17,11,15.159426917661253
17,12,11.386725155137416
17,13,8.911889902136032
17,14,8.7596335195977
17,15,6.360363788646578
17,16,3.8015194708977535
17,18,3.7849517849351177
17,19,6.262836147387624
17,20,9.218398017390381
17,21,9.269791030066738
17,22,7.148604728561959
17,23,8.375955360194098
17,24,9.42481653662253
17,25,8.722900749842905
17,26,12.24675743663324
17,27,12.159676387345668
17,28,9.213605960529184
17,29,11.251224291606158
17,30,14.384296803640343
17,31,13.685109704538162
17,32,12.851594790512054
17,33,16.16480326994995
17,34,18.05271490965812
17,35,17.287258227878574
17,36,18.60635726099731
17,37,21.770602034328085
17,38,24.31216722102021
17,39,23.59709433413382
17,40,20.04701911008479
17,41,21.758963848545715
17,42,21.987125899156233
17,43,18.25737906637664
17,44,19.242421472684228
17,45,20.55463459604634
17,46,17.68699722603103
17,47,15.119406532699447
17,48,17.661569746095076
17,49,18.236443992351724
17,50,14.623696126677366
17,51,14.872822312749017
17,52,18.114655964849522
17,53,17.408869879621594
17,54,14.647468788294765
17,55,17.011676710678433
17,56,20.011953281370985
17,57,18.889196330753744
17,58,16.472208026154682
17,59,16.818206916570553
17,60,15.985373385267655
17,61,12.856447723592838
17,62,13.770171962061559
17,63,14.132518202793626
17,64,16.307245627077826
17,65,14.625289428189884
17,66,12.79087019944012
17,67,12.52095146244985
17,68,12.857713773903928
17,69,14.487310167965374
17,70,16.568990500519796
17,71,16.242774868182867
17,72,18.329764830921828
17,73,18.198066300174652
17,74,17.983039385880776
17,75,14.738972119028137
17,76,13.447364986742574
17,77,14.352212328189703
17,78,12.505027512991672
17,79,9.18011823179952
17,80,10.072636869674769
17,81,11.4791458618431
17,82,8.56642376236354
17,83,6.6915064630011925
17,84,10.225640863453524
17,85,10.685544699234992
17,86,7.9302397776966975
17,87,8.808009303385296
17,88,11.780849400299209
17,89,14.245596784051054
17,90,15.159652927152885
17,91,14.083032332298972
17,92,13.153105297144824
17,93,16.064383966830654
17,94,18.49097073691346
18,1,19.61044781554584
18,2,23.099464419828244
18,3,24.189881091999126
18,4,22.252036984094932
18,5,22.639431113525017
18,6,30.123006574680904
18,7,28.62479759247415
18,8,26.95856047275436
18,9,23.70404677680622
18,10,20.67460603471796
18,11,18.43136906918011
18,12,14.66258221616581
18,13,11.693382552796576
18,14,11.462427509694175
18,15,8.213524965565668
18,16,6.261928655832664
18,17,3.7849517849351177
18,19,3.766294766703649
18,20,5.656834372622743
18,21,5.991109175723772
18,22,5.225836506169152
18,23,7.640447962033359
18,24,10.091469383534692
18,25,9.644908724195712
18,26,13.45416205653006
18,27,13.967593887443527
18,28,11.731626266543332
18,29,13.727303758890956
18,30,16.866937494406525
18,31,16.672584816798146
18,32,16.164047138833553
18,33,19.231549819236776
18,34,21.259939932150733
18,35,20.826426335742124
18,36,22.102658160355777
18,37,25.38005502589119
18,38,27.91675486154077
18,39,27.05941440182092
18,40,23.481962882705712
18,41,25.048919729874903
18,42,25.005825003481146
18,43,21.199134254863257
18,44,22.040925863404947
18,45,22.923727028157543
18,46,19.84669194239452
18,47,17.459827399223368
18,48,19.622309823950143
18,49,19.704071826215426
18,50,15.899966821838033
18,51,16.135811633352056
18,52,18.883698294947987
18,53,17.724196633223862
18,54,14.563082759938744
18,55,16.918583249372787
18,56,19.61962998386946
18,57,17.997328102510302
18,58,15.131227262768816
18,59,15.09661174946207
18,60,14.835620024113059
18,61,11.737273380244195
18,62,12.897401935117223
18,63,14.27438691198919
18,64,16.470474733191267
18,65,14.728537463225907
18,66,13.847061291829345
18,67,14.019547329536145
18,68,15.2441007393897
18,69,17.278789224143242
18,70,19.77120676835874
18,71,19.692052595427505
18,72,21.951843308813363
18,73,21.961575119176704
18,74,21.66610378819436
18,75,18.354883838108336
18,76,17.22120756208707
18,77,18.048604149765016
18,78,16.02092353652074
18,79,12.879432801355726
18,80,13.665429492439333
18,81,14.683095605451868
18,82,11.50933656803856
18,83,9.658749247337973
18,84,12.683014941063535
18,85,12.38735837283199
18,86,8.868144361999507
