1,2,3.8217686447688894
1,3,5.493308492122448
1,4,4.799127166099896
1,5,5.731851580376272
1,6,8.34201163180062
1,7,9.724059526858754
1,8,10.30853754677337
1,9,12.253325139413388
1,10,14.27656617121204
1,11,15.217797602749407
1,12,18.816993238782395
1,13,21.055769755715367
1,14,24.515263286756955
1,15,23.623619971323954
1,16,26.582747957536004
1,17,25.35804115043858
1,18,23.980905901725336
1,19,21.089817396570993
1,20,21.167231801149132
1,21,18.75641465028436
1,22,18.960235336329514
1,23,20.671459900152122
1,24,20.437660532501642
1,25,17.927910970661223
1,26,15.29584530376691
1,27,17.130536058472956
1,28,15.453158119490906
1,29,18.981985377690503
1,30,20.23490536610487
1,31,17.507622024890544
1,32,18.945891067571964
1,33,18.49412101563016
1,34,14.922542366950623
1,35,15.51504906566781
1,36,17.450348760622013
1,37,14.979142825397469
1,38,12.336986029589683
1,39,15.350878463916821
1,40,16.60684866773821
1,41,13.490874328873993
1,42,13.762723263511743
1,43,17.44097386282659
1,44,16.98365666160085
1,45,15.08025897656565
1,46,17.766102004222912
1,47,18.652467156703036
1,48,16.069955754901216
1,49,13.284185844795335
1,50,14.264331874309777
1,51,11.80981099271109
1,52,8.88209205441315
1,53,10.972044722030525
1,54,9.760652466869784
1,55,6.041347413897841
1,56,7.566098207398899
1,57,10.35851767818087
1,58,8.809925645290544
1,59,7.615969753104785
1,60,11.100868704579998
1,61,12.882265816069783
1,62,11.337329217659114
1,63,12.39765129502065
1,64,15.604661482135823
1,65,16.715626869067414
1,66,15.896428267750544
1,67,16.683417150654844
1,68,19.781083561523875
1,69,20.027888548077513
1,70,19.65425671212013
1,71,22.415307906905465
1,72,22.102985731374744
1,73,25.561804032224977
1,74,25.853105290531968
1,75,23.440026392210697
1,76,24.393394215901747
1,77,23.168332236371246
1,78,24.221204200709103
1,79,24.21827044301471
1,80,23.138682828698382
1,81,23.080312596686916
1,82,20.320081812115813
1,83,20.160122162720516
1,84,19.590887048721672
1,85,16.978237818802935
1,86,14.771416742347201
1,87,15.415153466263165
1,88,14.773773649723777
1,89,11.305385063463152
1,90,10.475771766295535
1,91,12.061444053329078
1,92,10.050761924268832
1,93,6.625113352983322
1,94,8.65677249472295
1,95,10.788688854765901
1,96,8.190039359894318
1,97,9.128259621703801
1,98,9.289864989669335
1,99,13.04651212926798
1,100,14.942143874590556
1,101,17.711752449900715
1,102,21.262387710816174
2,1,3.8217686447688894
2,3,3.819764131089192
2,4,5.254054090757707
2,5,4.975486211285409
2,6,6.036453647887184
2,7,8.489894995623134
2,8,9.990883030427971
2,9,10.988630898308767
2,10,12.592644718647845
2,11,14.412857081529861
2,12,18.136623192666715
2,13,20.929460669060298
2,14,24.5318280736216
2,15,24.353678290619175
2,16,27.63240153243183
2,17,26.88534296914878
2,18,25.84733472142369
2,19,23.322214900695183
2,20,23.865717458809804
2,21,21.60964366999883
2,22,22.054177374122254
2,23,23.420863979558515
2,24,23.235505461543955
2,25,20.40660247029511
2,26,18.04627353993728
2,27,19.843493537691753
2,28,18.092799953915243
2,29,21.546744307249416
2,30,23.23773820238622
2,31,20.773010852171673
2,32,22.445417218286863
2,33,22.133002576786975
2,34,18.632476036350038
2,35,19.31854315051466
2,36,21.121602997008562
2,37,18.47543572929978
2,38,15.91009837849925
2,39,18.797885087986167
2,40,19.777105266222474
2,41,16.37783642191786
2,42,16.567794268239613
2,43,20.088912522447455
2,44,19.19775660728378
2,45,16.858567950798395
2,46,18.93851053986515
2,47,19.08740523710731
2,48,15.95026497831041
2,49,13.918346166433826
2,50,15.26009651562875
2,51,12.274332268114803
2,52,10.278664418336655
2,53,13.032951642915434
2,54,11.579281546240919
2,55,8.421508836027433
2,56,10.789182018548575
2,57,13.496344993220601
2,58,11.771828972440444
2,59,11.231737613383299
2,60,14.788736148465432
2,61,16.25980627052641
2,62,14.508982148780198
2,63,15.88917932248886
2,64,19.162204523142762
2,65,19.905440870034358
2,66,18.844534915943605
2,67,19.876781153838248
2,68,23.13717655621414
2,69,23.65317634255858
2,70,23.30890486054232
2,71,26.116287163209932
2,72,25.86910986224299
2,73,29.28749929469027
2,74,29.42550931110039
2,75,26.94404590122953
2,76,27.640173653380508
2,77,26.239242177292724
2,78,26.938028847907024
2,79,26.65196097883208
2,80,25.132377216111234
2,81,24.58826967314104
2,82,21.61564322278173
2,83,20.972296748293967
2,84,20.872481243359555
2,85,18.66893501886005
2,86,15.840740481269853
2,87,16.396291222955142
2,88,16.60415499165249
2,89,13.26040207620686
2,90,11.462259142920173
2,91,13.403655780296999
2,92,12.362158870907816
2,93,8.553427805859084
2,94,9.583557530431404
2,95,12.531049157080865
2,96,10.721168556038592
2,97,11.14690732181333
2,98,11.322804318571949
2,99,14.985712055597231
2,100,17.50748585915362
2,101,20.354686685224763
2,102,24.01014748110792
3,1,5.493308492122448
3,2,3.819764131089192
3,4,3.8281639624704034
3,5,5.718526952210005
3,6,5.361618421831818
3,7,6.168579712045348
3,8,8.698895103677302
3,9,10.3884705486697
3,10,10.977219696450206
3,11,12.318135366118227
3,12,16.134712320995277
3,13,18.95856618061174
3,14,22.338669506118542
3,15,22.564555127767942
3,16,25.932513844980452
3,17,25.221502791069348
3,18,24.64169777212869
3,19,22.292251653870018
3,20,23.231254341906308
3,21,21.508297949402426
3,22,22.523914241276003
3,23,24.182157134337743
3,24,24.55778700070406
3,25,22.093488919962283
3,26,19.972203127032373
3,27,22.19652484585666
3,28,20.777918858110475
3,29,24.367299959428756
3,30,25.6476777156088
3,31,22.820558957817383
3,32,23.97905671170462
3,33,23.08736365269394
3,34,19.627502366899932
3,35,19.661809350637835
3,36,21.207408638317688
3,37,18.76851594388276
3,38,15.791456753321738
3,39,18.075111523758704
3,40,19.066454862787975
3,41,15.588423968596349
3,42,15.048632366107995
3,43,18.416167375069232
3,44,17.61092436050219
3,45,14.74647939705779
3,46,16.47477412447556
3,47,16.2686531375181
3,48,13.044278498113718
3,49,11.37519226329205
3,50,12.251572029071898
3,51,8.895299777033513
3,52,7.724338353605525
3,53,10.554726109677674
3,54,9.023037932976592
3,55,6.846856134373417
3,56,9.844147419118338
3,57,12.305022730438449
3,58,11.120310195781668
3,59,11.635798888979187
3,60,14.828639510063889
3,61,16.244541755606512
3,62,15.260453167217834
3,63,17.108456305347573
3,64,19.885664866019408
3,65,20.704197150720272
3,66,20.315474540934886
3,67,21.64385607586094
3,68,24.861940752068314
3,69,24.953359220204742
3,70,24.726743449268945
3,71,27.314874761708307
3,72,26.568565481733184
3,73,29.90379121158634
3,74,30.2977514300562
3,75,27.536666764797502
3,76,28.237884376396735
3,77,26.44095610685451
3,78,26.9425162949801
3,79,26.200253548979724
3,80,24.732264550324395
3,81,23.86681103991028
3,82,20.566158093767275
3,83,20.315441034987337
3,84,20.77452030718822
3,85,18.295911354219744
3,86,15.412971871287219
3,87,16.816333967988534
3,88,17.232241629083337
3,89,13.609552520369324
3,90,12.344568130946115
3,91,15.072577207665413
3,92,14.014167634772367
3,93,10.416601259388289
3,94,12.389077165677126
3,95,15.381088673034899
3,96,13.407995277828675
3,97,14.326483959997645
3,98,14.26392061022522
3,99,18.030127781660784
3,100,20.205739327259735
3,101,23.12971295979771
3,102,26.66041469192851
4,1,4.799127166099896
4,2,5.254054090757707
4,3,3.8281639624704034
4,5,3.8389768616004023
4,6,5.3830601019171604
4,7,5.222767399528245
4,8,6.092631091582512
4,9,8.679958036572971
4,10,10.0913027109846
4,11,10.59888451338654
4,12,14.253188067136216
4,13,16.591425802437488
4,14,20.00528796940802
4,15,19.57941959642603
4,16,22.777484214473006
4,17,21.884678053239586
4,18,21.047935896626168
4,19,18.604445286678285
4,20,19.48928014183218
4,21,17.739384729652176
4,22,18.873266776901634
4,23,20.489800292884436
4,24,21.084673650105984
4,25,18.79383258339976
4,26,16.943092221638494
4,27,19.545160797670206
4,28,18.643280707223827
4,29,22.39697605336275
4,30,23.38923298234054
4,31,20.358459325792655
4,32,21.198725616345474
4,33,20.082306732554247
4,34,16.856887134984333
4,35,17.030816775933662
4,36,18.121203712693543
4,37,15.427411817089405
4,38,12.692135686238815
4,39,15.048914249399106
4,40,15.61225569358991
4,41,12.00599910485786
4,42,11.942415028909613
4,43,15.233752114306665
4,44,14.16853573923454
4,45,11.637406650150625
4,46,13.715141581453437
4,47,14.120908805273881
4,48,11.328332617830798
4,49,8.821956269087966
4,50,10.226416955521506
4,51,7.756214145819414
4,52,5.312064891309995
4,53,8.588977751256923
4,54,8.37664864505169
4,55,5.926699849327908
4,56,7.5511162567350825
4,57,10.808235175137733
4,58,10.59727734950389
4,59,10.346388999304494
4,60,13.091155013078396
4,61,15.309881435070913
4,62,14.781313624977802
4,63,15.93976284638628
4,64,18.630571622670622
4,65,20.131574575763757
4,66,19.93915511838436
4,67,20.684393408761583
4,68,23.519558968886873
4,69,23.174861531111187
4,70,22.48272836123874
4,71,24.729350700938966
4,72,23.75119493496223
4,73,26.899183190047815
4,74,27.09200756907287
4,75,24.16628041858705
4,76,24.6574405371685
4,77,22.730762855623677
4,78,23.13267344909516
4,79,22.396060753123127
4,80,20.95525882577463
4,81,20.24399186127538
4,82,17.058736584530937
4,83,16.960513362620844
4,84,17.18517080666502
4,85,14.557002811319252
4,86,11.87251509222537
4,87,13.404068365723875
4,88,13.579062431738201
4,89,9.884423285561224
4,90,9.082439400933815
4,91,12.00974820468918
4,92,10.862025441430307
4,93,7.63926233534462
4,94,10.43139719980945
4,95,13.26269984221153
4,96,11.490654255455398
4,97,13.356336856649536
4,98,14.01780256235359
4,99,17.733268665391662
4,100,19.414889782365428
4,101,21.92442238714791
4,102,25.45723290004036
5,1,5.731851580376272
5,2,4.975486211285409
5,3,5.718526952210005
5,4,3.8389768616004023
5,6,3.8083800733451008
5,7,5.798090895428585
5,8,5.609375488668695
5,9,6.625848689826691
5,10,9.120795401174895
5,11,10.570669856760002
5,12,14.039136662165841
5,13,16.5999790641224
5,14,20.31463176247545
5,15,19.890877255525627
5,16,23.167012034889808
5,17,22.656163832800598
5,18,21.603587482381684
5,19,19.38628182217937
5,20,20.307861965585797
5,21,18.218210772498956
5,22,19.091704081062193
5,23,20.04041817502038
5,24,20.32156892986128
5,25,17.51452801782479
5,26,15.918207595963624
5,27,18.420976061854418
5,28,17.585557117897753
5,29,21.319621886643965
5,30,22.8080161137066
5,31,20.14252524417228
5,32,21.409244404085708
5,33,20.783252732840385
5,34,17.747287465309967
5,35,18.69263523697508
5,36,19.624240093667137
5,37,16.462593308035135
5,38,14.427431993516876
5,39,17.23693588412792
5,40,17.272357705975242
5,41,13.57786234327794
5,42,14.454424209003145
5,43,17.5104325350218
5,44,15.833873981111955
5,45,13.74620179981206
5,46,15.551999078095498
5,47,15.796078129804275
5,48,12.85656054946578
5,49,10.67181803013733
5,50,13.034483178786845
5,51,10.93295879024492
5,52,8.681556760565988
5,53,12.13010498431671
5,54,12.190849445177339
5,55,9.41918326408145
5,56,10.514214756726924
5,57,14.049191478369892
5,58,13.616264505083707
5,59,12.548980729576968
5,60,15.461023861916926
5,61,17.892575270914318
5,62,16.831774871805592
5,63,17.453110530691546
5,64,20.567743808403897
5,65,22.136889316907844
5,66,21.370501179686052
5,67,21.699696122824896
5,68,24.453309219340408
5,69,24.378637790177514
5,70,23.30071742565655
5,71,25.545710739269808
5,72,24.903932524130134
5,73,27.952707255087873
5,74,27.645036978088015
5,75,24.80357854742614
5,76,24.897400268408955
5,77,23.090341278566292
5,78,23.247792816159258
5,79,22.66379268258581
5,80,20.756751432742426
5,81,19.950294471722376
5,82,17.01069513073866
5,83,16.08606635723551
5,84,16.115876795929083
5,85,14.18474518411685
5,86,11.077127947231318
5,87,11.653849313790236
5,88,12.400105311907147
5,89,9.212103878379843
5,90,6.994822580758809
5,91,9.716377175659602
5,92,9.55763490228399
5,93,6.0515427104782225
5,94,7.782288725354497
5,95,11.230208083290742
5,96,10.450656955224247
5,97,12.363539021063408
5,98,13.808040651989927
5,99,17.323937832923644
5,100,19.34794889513631
5,101,21.553272213360383
5,102,25.280585896929672
6,1,8.34201163180062
6,2,6.036453647887184
6,3,5.361618421831818
6,4,5.3830601019171604
6,5,3.8083800733451008
6,7,3.851907797446426
6,8,5.623120776781901
6,9,5.547143728085909
6,10,6.622600676771108
6,11,9.0263149350567
6,12,12.643600844073877
6,13,15.820488303635818
6,14,19.508533604018155
6,15,20.048708583364103
6,16,23.62518027899338
6,17,23.576506339157966
6,18,23.095440634184225
6,19,21.31288203800213
6,20,22.762272549134448
6,21,21.095099596262497
6,22,22.36383015117184
6,23,23.253710351127495
6,24,23.79833946906157
6,25,21.011610610167267
6,26,19.63525025562636
6,27,22.17094193840028
6,28,21.303722734590654
6,29,24.99459349914444
6,30,26.586570660469523
6,31,23.942000198994275
6,32,25.170165866446016
6,33,24.402486002158764
6,34,21.353184903900623
6,35,22.007936211304706
6,36,22.875145491635838
6,37,19.80971260981097
6,38,17.55666565374309
6,39,19.992851932867307
6,40,19.975977219437304
6,41,16.179205324143478
6,42,16.535839573811625
6,43,19.370070761436224
6,44,17.508950029026128
6,45,14.855303630859934
6,46,15.872046137563176
6,47,15.19597225755857
6,48,11.714171712456121
6,49,10.654184889727297
6,50,13.038242555682258
6,51,10.470643443579382
6,52,9.568552999144664
6,53,13.260568874576318
6,54,13.068140688173742
6,55,11.036060235628993
6,56,12.923536670790915
6,57,16.15261842997656
6,58,15.649340273845697
6,59,15.348766411472534
6,60,18.332344164675458
6,61,20.450809957549076
6,62,19.469376557514
6,63,20.588009280529437
6,64,23.599985375697933
6,65,24.895147800176193
6,66,24.23063873660052
6,67,24.935130037684157
6,68,27.86946958135546
6,69,27.847108632947013
6,70,26.94445836789337
6,71,29.205364989626634
6,72,28.421306331844278
6,73,31.449415531404412
6,74,31.218317382501578
6,75,28.24976609032954
6,76,28.238898790913712
6,77,26.16946465501621
6,78,26.012173940730865
6,79,24.999133831451577
6,80,22.828732205351255
6,81,21.455869145163152
6,82,18.215524947677924
6,83,17.102913816831244
6,84,17.905685247289494
6,85,16.239710537508746
6,86,12.731677736912246
6,87,13.710394455875022
6,88,15.21292018667741
6,89,12.169942601990133
6,90,9.79283192821983
6,91,12.86381448119941
6,92,13.220417466919779
6,93,9.828207140442407
6,94,11.115501002663994
6,95,14.768761510657075
6,96,14.11918770350801
6,97,15.649766699596208
6,98,16.73540115249667
6,99,20.314230569941508
6,100,22.623543371965365
6,101,25.030001336236467
6,102,28.770627637460336
7,1,9.724059526858754
7,2,8.489894995623134
7,3,6.168579712045348
7,4,5.222767399528245
7,5,5.798090895428585
7,6,3.851907797446426
7,8,3.827874726809506
7,9,5.519926364397276
7,10,5.229826584757046
7,11,6.176201592827263
7,12,9.993722641208464
7,13,13.010241077349555
7,14,16.482978276373224
7,15,17.203061650588978
7,16,20.811738676425893
7,17,20.722217029194947
7,18,20.64566698937853
7,19,19.04440558840767
7,20,20.86655655959459
7,21,19.76478511495288
7,22,21.58703654334955
7,23,22.754828063496706
7,24,23.875949296960023
7,25,21.569664004429665
7,26,20.448912254915122
7,27,23.380058154069236
7,28,22.892120434027646
7,29,26.699468418454895
7,30,27.81260434668878
7,31,24.81666342117924
7,32,25.494175147269008
7,33,24.16929464716479
7,34,21.280673342224144
7,35,21.40560555779066
7,36,21.88669984630092
7,37,19.0204859226818
7,38,16.57562026622595
7,39,18.392427304285146
7,40,18.205153484475062
7,41,14.426889603011487
7,42,14.259970646322856
7,43,16.74359981040338
7,44,14.842775457805748
7,45,11.800975196906574
7,46,12.402301024276882
7,47,11.479587954317465
7,48,7.946938406652322
7,49,7.137833926168601
7,50,9.476030061138832
7,51,7.153213162150875
7,52,7.074825769817931
7,53,10.79762155621653
7,54,11.256490049076087
7,55,10.242804367982293
7,56,11.886205393021273
7,57,14.94308103790421
7,58,15.213764776110654
7,59,15.430751757886185
7,60,17.886423367322095
7,61,20.138510808361932
7,62,19.87882005577727
7,63,21.121857290337978
7,64,23.674023422221936
7,65,25.21543319289924
7,66,25.133024346785785
7,67,25.896620763036296
7,68,28.66813179203145
7,69,28.171626722811393
7,70,27.257985116169085
7,71,29.212896778271638
7,72,27.93849815077258
7,73,30.799149739923763
7,74,30.756585943597987
7,75,27.531928462382258
7,76,27.485246838406507
7,77,25.04278138346674
7,78,24.684560615771716
7,79,23.238029170446207
7,80,21.18441095258632
7,81,19.559003211205518
7,82,16.030419607597917
7,83,15.47987532076285
7,84,16.798651572796878
7,85,14.786740064975422
7,86,11.421236039785356
7,87,13.41583874390954
7,88,14.911578533947095
7,89,11.714610755745715
7,90,10.29885148810052
7,91,13.925672165597941
7,92,14.053435187238906
7,93,11.152198250538715
7,94,13.404211926669358
7,95,16.778313869758044
7,96,15.859839150245168
7,97,17.875832090711782
7,98,18.84299048662342
7,99,22.52883316548569
7,100,24.41677519306458
7,101,26.80001785413695
7,102,30.414206849860488
8,1,10.30853754677337
8,2,9.990883030427971
8,3,8.698895103677302
8,4,6.092631091582512
8,5,5.609375488668695
8,6,5.623120776781901
8,7,3.827874726809506
8,9,3.7989540831628488
8,10,5.498752973343093
8,11,5.313241929034657
8,12,8.621178814891287
8,13,11.03130600037529
8,14,14.716399940629344
8,15,14.607717634931868
8,16,18.087531171958027
8,17,17.971601487009295
8,18,17.5376504972248
8,19,15.985947749267867
8,20,17.8372265840077
8,21,16.661804129770246
8,22,18.56460745715393
8,23,19.395640935112556
8,24,20.684046216071753
8,25,18.450789497276748
8,26,17.801786376839054
8,27,20.999250339130192
8,28,21.04348766403682
8,29,24.879397755364803
8,30,25.853198408510895
8,31,22.858211926253468
8,32,23.346378943301314
8,33,21.987410716958575
8,34,19.482708013414207
8,35,19.959569937884986
8,36,19.931789963056765
8,37,16.753750691359013
8,38,14.91329244050282
8,39,16.822930862022613
8,40,15.971634067945432
8,41,12.154017941389972
8,42,12.85440607896564
8,43,14.997101580169252
8,44,12.52557407058821
8,45,10.140871621266779
8,46,10.915454240488254
8,47,10.70775445233363
8,48,7.916346779115907
8,49,6.207974645779756
8,50,9.565619439730732
8,51,8.6267692144196
8,52,7.468101686297763
8,53,11.12424924357988
8,54,12.580914860186562
8,55,11.265686447241643
8,56,11.697748982542713
8,57,15.19231100928149
8,58,16.01624126977816
8,59,15.477961869740794
8,60,17.53712430883939
8,61,20.360526922332458
8,62,20.260954837535866
8,63,20.828512923399625
8,64,23.369188972269143
8,65,25.40809948504791
8,66,25.30204517167082
8,67,25.501140510006625
8,68,27.89732581041059
8,69,27.13686799308096
8,70,25.73681253683692
8,71,27.3467538897283
8,72,25.987084358340674
8,73,28.587349956831645
8,74,28.188644145592544
8,75,24.87022233846236
8,76,24.45377677799508
8,77,21.913583750785232
8,78,21.30566651302517
8,79,19.869457632869413
8,80,17.610915069689018
8,81,16.031439050544147
8,82,12.662385655451166
8,83,11.888613706647101
8,84,13.001238346149442
8,85,11.146272045822181
8,86,7.647327740751337
8,87,9.642187627923244
8,88,11.329732113820544
8,89,8.45581989066781
8,90,7.114739502385088
8,91,10.929683153535485
8,92,11.510136212302507
8,93,9.350277824602196
8,94,11.774032871673608
8,95,14.931907431647971
8,96,14.574848641015734
8,97,17.22646975171854
8,98,18.850336366869154
8,99,22.342304051719267
8,100,23.896486765630026
8,101,25.81896054805322
8,102,29.415055630913226
9,1,12.253325139413388
9,2,10.988630898308767
9,3,10.3884705486697
9,4,8.679958036572971
9,5,6.625848689826691
9,6,5.547143728085909
9,7,5.519926364397276
9,8,3.7989540831628488
9,10,3.863853001051577
9,11,5.779306249765377
9,12,8.481795593281511
9,13,11.441831642172716
9,14,15.290252995414864
9,15,15.761065055134498
9,16,19.354515316729362
9,17,19.863173741193055
9,18,19.514077402556286
9,19,18.413643851477186
9,20,20.41445826566056
9,21,19.123936696841298
9,22,20.860140369128207
9,23,21.10004216083107
9,24,22.166558272131013
9,25,19.542170102139746
9,26,19.181570198015994
9,27,22.205848620743623
9,28,22.243063455446144
9,29,25.97925340867615
9,30,27.3865135587717
9,31,24.725320017478875
9,32,25.56214628133737
9,33,24.57626048060246
9,34,22.162889430013994
9,35,23.07227616183669
9,36,23.041846905319296
9,37,19.63926548335381
9,38,18.15423882595447
9,39,20.307050597070198
9,40,19.232838959294337
9,41,15.45493990727496
9,42,16.52871625935467
9,43,18.507098803240893
9,44,15.72015174962155
9,45,13.589970966057301
9,46,13.83634491864711
9,47,13.053195931440287
9,48,10.098936496325486
9,49,9.476165791334738
9,50,12.985496785157324
9,51,11.88191291093731
9,52,11.12778993208388
9,53,14.856200972907484
9,54,16.00484534432053
9,55,14.416199354497659
9,56,15.129483730923173
9,57,18.701970272898564
9,58,19.145488798398336
9,59,18.395875701542085
9,60,20.750715479123155
9,61,23.52823571381385
9,62,23.014801980186675
9,63,23.485776049088646
9,64,26.326977882879387
9,65,28.246674526857824
9,66,27.74942827419062
9,67,27.85285999564193
9,68,30.305569761803348
9,69,29.817875902252904
9,70,28.266128540753115
9,71,29.93435816284976
9,72,28.83037297527664
9,73,31.37449722039274
9,74,30.642427028172694
9,75,27.4056137220293
9,76,26.673270710607813
9,77,24.20485863186843
9,78,23.301791849951982
9,79,21.87233036706238
9,80,19.132413746342372
9,81,17.23022725240437
9,82,14.126122988255629
9,83,12.346582300836529
9,84,13.665003336666423
9,85,12.818871006707187
9,86,8.992242283316264
9,87,9.934837173824803
9,88,12.549455936389567
9,89,10.450731883592816
9,90,7.894107880396004
9,91,11.313894483463056
9,92,12.920893567967328
9,93,10.722345167711348
9,94,12.001592365657533
9,95,15.507767099380702
9,96,15.892842547603687
9,97,18.3003972658308
9,98,20.228683183322595
9,99,23.581215835336955
9,100,25.495759014977804
9,101,27.299362266079502
9,102,31.023375760801656
10,1,14.27656617121204
10,2,12.592644718647845
10,3,10.977219696450206
10,4,10.0913027109846
10,5,9.120795401174895
10,6,6.622600676771108
10,7,5.229826584757046
10,8,5.498752973343093
10,9,3.863853001051577
10,11,3.899262101511209
10,12,6.71299033153758
10,13,10.376417709669433
10,14,13.955922277057981
10,15,15.59991978455192
10,16,19.40604835021449
10,17,20.25494177638679
10,18,20.61049478056658
10,19,19.88606041053326
10,20,22.319783888183565
10,21,21.548407802730285
10,22,23.673618179380554
10,23,24.144996977024466
10,24,25.521678694207605
10,25,23.117164361370094
10,26,22.739891402064625
10,27,25.833542596504053
10,28,25.787400663432425
10,29,29.56177069244636
10,30,30.868323424661977
10,31,28.05643048048879
10,32,28.723001120563147
10,33,27.454684814551534
10,34,24.95800981540042
10,35,25.415013095067213
10,36,25.369128607979427
10,37,22.208583265174514
10,38,20.356328907871372
10,39,22.058186770832272
10,40,21.096023457238477
10,41,17.346448560366827
10,42,17.704024904219043
10,43,19.446547859468772
10,44,16.736731694738353
10,45,14.038259083135792
10,46,13.452902653866072
10,47,11.653804470990616
10,48,8.285958406425506
10,49,9.134761347950155
10,50,12.28575708625144
10,51,11.029096480781318
10,52,11.579456271565887
10,53,15.19204186777251
10,54,16.216487546850324
10,55,15.395497640650792
10,56,16.6193629474477
10,57,19.83424588569535
10,58,20.358403132838855
10,59,20.29965013354965
10,60,22.62089891978722
10,61,25.136395096450055
10,62,24.864338117142314
10,63,25.799380453810173
10,64,28.439397120638628
10,65,30.178198256076605
10,66,29.948855955533766
10,67,30.422655974681668
10,68,33.02926756462459
10,69,32.46488290535131
10,70,31.149193732474025
10,71,32.82360676923177
10,72,31.478431933214306
10,73,34.02700439891891
10,74,33.53506084929803
10,75,30.164642262967206
10,76,29.49895135228478
10,77,26.78123363903383
10,78,25.718287978722866
10,79,23.86106701380514
10,80,21.144094252331968
10,81,18.796042988773053
10,82,15.39062135217876
10,83,13.946950383308085
10,84,16.047240596607903
10,85,15.11775101423468
10,86,11.413137939535497
10,87,13.092602582346904
10,88,15.7681102790454
10,89,13.52443546416151
10,90,11.503119751146912
10,91,15.081029069731773
10,92,16.424776412242995
10,93,14.052646518446402
10,94,15.581828507547286
10,95,19.144105542141272
10,96,19.167175301678885
10,97,21.389351330973486
10,98,22.90355993473352
10,99,26.42840726148266
10,100,28.433048240179435
10,101,30.497187467409226
10,102,34.20336311176108
11,1,15.217797602749407
11,2,14.412857081529861
11,3,12.318135366118227
11,4,10.59888451338654
11,5,10.570669856760002
11,6,9.0263149350567
11,7,6.176201592827263
11,8,5.313241929034657
11,9,5.779306249765377
11,10,3.899262101511209
11,12,3.8194546553721764
11,13,7.0706468689239825
11,14,10.592656119491894
11,15,12.076974271832405
11,16,15.889011992405049
11,17,16.642773700471544
11,18,17.30108584710316
11,19,16.792444276512906
11,20,19.538292230658744
11,21,19.30301606224864
11,22,21.874756233143863
11,23,22.532646844711063
11,24,24.41361088641564
11,25,22.521149190665785
11,26,22.41248376997613
11,27,25.80566709591109
11,28,26.150988588449376
11,29,29.978683739325394
11,30,30.819891927620006
11,31,27.74811832732817
11,32,27.903915378242225
11,33,26.18999663727037
11,34,23.973287430414157
11,35,24.080772752593752
11,36,23.58716350402275
11,37,20.617809326204302
11,38,18.845365014721423
11,39,19.988771675854473
11,40,18.711258665940846
11,41,15.160466817992138
11,42,15.311399442491144
11,43,16.490888084249093
11,44,13.625882879414933
11,45,10.935572307132077
11,46,9.790809621028579
11,47,7.906878769894591
11,48,4.976429155886461
11,49,6.223654316493877
11,50,9.549756253884878
11,51,9.432684395952164
11,52,10.277415693665224
11,53,13.458279598101186
11,54,15.273686496993669
11,55,15.094092947110207
11,56,15.702887913639167
11,57,18.748440528904577
11,58,19.981048659911455
11,59,20.05150668381548
11,60,21.800259879012827
11,61,24.5170813020493
11,62,24.82830347363801
11,63,25.639955439362843
11,64,27.877859506444253
11,65,29.927996445859357
11,66,30.14085738676486
11,67,30.49417235039866
11,68,32.840538730710506
11,69,31.832647067081023
11,70,30.4092753588447
11,71,31.72621864336727
11,72,29.976634968520024
11,73,32.28260332026157
11,74,31.883881642245647
11,75,28.33205158432852
11,76,27.581077998401266
11,77,24.571379080417483
11,78,23.311476191077126
11,79,21.096949574372953
11,80,18.527843819386597
11,81,16.010219782696293
11,82,12.401750437592455
11,83,11.6280656772176
11,84,14.142443047483829
11,85,12.907011146938476
11,86,9.614942630879645
11,87,12.221416333941042
11,88,14.672522665983434
11,89,12.523962619942644
11,90,11.554568861309571
11,91,15.31705798555306
11,92,16.377702671865336
11,93,14.594656985293517
11,94,16.838151900863704
11,95,20.02973773705848
11,96,19.8666485649666
11,97,22.52785368717722
11,98,24.060387743558138
11,99,27.60471887073735
11,100,29.166557991918136
11,101,31.094695333131867
11,102,34.656350684824886
12,1,18.816993238782395
12,2,18.136623192666715
12,3,16.134712320995277
12,4,14.253188067136216
12,5,14.039136662165841
12,6,12.643600844073877
12,7,9.993722641208464
12,8,8.621178814891287
12,9,8.481795593281511
12,10,6.71299033153758
12,11,3.8194546553721764
12,13,3.8396660153902418
12,14,7.262916493535672
12,15,9.59500825194016
12,16,13.418895285851901
12,17,14.91832228150441
12,18,16.127229667249356
12,19,16.473066540590047
12,20,19.692181492798444
12,21,19.99749378046321
12,22,22.89435750830095
12,23,23.203753329658237
12,24,25.461361754153273
12,25,23.848111548716133
12,26,24.296428509398705
12,27,27.84084441290195
12,28,28.603407779864753
12,29,32.381806554322914
12,30,33.08538265252007
12,31,30.030867747962702
12,32,29.926577407062688
12,33,28.056597911640374
12,34,26.238704910913256
12,35,26.357238071743012
12,36,25.3731558287344
12,37,22.427838792137628
12,38,21.075691808079533
12,39,21.85819881846185
12,40,20.038008790018676
12,41,16.8102779979952
12,42,17.14774043523465
12,43,17.538721072693065
12,44,14.2908739814021
12,45,12.147319382342756
12,46,10.018398723392222
12,47,7.746344892889475
12,48,6.381141116362481
12,49,8.406337779953112
12,50,11.518848566622545
12,51,12.35400484241817
12,52,13.402498660680742
12,53,16.1760962869475
12,54,18.43604507497912
12,55,18.5321724049212
12,56,18.742962854489992
12,57,21.711267812336146
12,58,23.305564828677923
12,59,23.29484736969277
12,60,24.722145540943576
12,61,27.61264493842381
12,62,28.156703169249298
12,63,28.757170459576578
12,64,30.839542987182302
12,65,33.11309887084272
12,66,33.44596172378272
12,67,33.59417015721086
12,68,35.71502453213828
12,69,34.46969302431756
12,70,32.79381792421792
12,71,33.76101781377761
12,72,31.794795221625865
12,73,33.75588334782478
12,74,33.1457283760598
12,75,29.477849027285785
12,76,28.31884164785539
12,77,25.052515992644484
12,78,23.254247729870997
12,79,20.613492611581073
12,80,17.77210663472472
12,81,14.69977842235678
12,82,11.322296367932998
12,83,10.380604176076117
12,84,13.633534740765352
12,85,13.114044758567816
12,86,10.306776826520498
12,87,12.90769197068687
12,88,15.731232830631214
12,89,14.359684485830243
12,90,13.670069031048586
12,91,17.187053852977414
12,92,18.66502829345906
12,93,17.447657747585104
12,94,19.5757901152323
12,95,22.59356575005926
12,96,22.792213309679457
12,97,25.68523255424426
12,98,27.458871311879427
12,99,30.911605756301235
12,100,32.32071964295455
12,101,34.00883363975859
12,102,37.52125571232498
13,1,21.055769755715367
13,2,20.929460669060298
13,3,18.95856618061174
13,4,16.591425802437488
13,5,16.5999790641224
13,6,15.820488303635818
13,7,13.010241077349555
13,8,11.03130600037529
13,9,11.441831642172716
13,10,10.376417709669433
13,11,7.0706468689239825
13,12,3.8396660153902418
13,14,3.866523620000952
13,15,5.917904594666195
13,16,9.680979849894813
13,17,11.532398097122595
13,18,13.17050104995977
13,19,14.19907192733373
13,20,17.747830641965283
13,21,18.662689097621833
13,22,21.880957146501526
13,23,22.074375464275086
13,24,24.767525399493433
13,25,23.672054235050233
13,26,24.562503066427375
13,27,28.25967070013255
13,28,29.466714125679317
13,29,33.17122831167218
13,30,33.51310350014952
13,31,30.387935693628446
13,32,29.85491739523554
13,33,27.711088201804493
13,34,26.35294705242483
13,35,26.350397113261003
13,36,24.835595527464857
13,37,22.072378335557136
13,38,21.139907627528366
13,39,21.435551275150537
13,40,19.1229167797742
13,41,16.388769974764443
13,42,16.865773057226683
13,43,16.42442580209996
13,44,12.97099664404714
13,45,11.594333294965681
13,46,8.893452553290555
13,47,7.208638157434206
13,48,7.822885089349125
13,49,9.417733874822467
13,50,12.157825876401422
13,51,14.043427801074634
13,52,14.899883881137825
13,53,17.08245325761648
13,54,19.91462910582787
13,55,20.282179167306516
13,56,19.85128390885636
13,57,22.652875697911078
13,58,24.757119831809582
13,59,24.623544844701044
13,60,25.52615060760691
13,61,28.615347382060996
13,62,29.545544532990046
13,63,29.855190418704122
13,64,31.62402410561441
13,65,34.20286408481756
13,66,34.790841355128265
13,67,34.6818257158636
13,68,36.46601062729946
13,69,34.858959920035716
13,70,32.960808477689646
13,71,33.495802283110685
13,72,31.23727347565132
13,73,32.81303571036102
13,74,32.105906872944075
13,75,28.347090191114198
13,76,26.910768591066475
13,77,23.41795369111934
13,78,21.237660557453506
13,79,18.224009111552878
13,80,15.418287169283811
13,81,12.05372266010791
13,82,8.934884488509471
13,83,8.601180404547039
13,84,12.23931759469628
13,85,11.970886852606554
13,86,10.158793263861833
13,87,12.989319240637935
13,88,15.556364696870412
13,89,14.799050683400463
13,90,14.90055301059073
13,91,18.123293056162897
13,92,19.557529990989096
13,93,19.030719897497786
13,94,21.382362897796447
13,95,23.988437917669668
13,96,24.280567579592567
13,97,27.482252480812626
13,98,29.408213941711285
13,99,32.7434144734763
13,100,33.77913329556603
13,101,35.195265247459
13,102,38.54838270051918
14,1,24.515263286756955
14,2,24.5318280736216
14,3,22.338669506118542
14,4,20.00528796940802
14,5,20.31463176247545
14,6,19.508533604018155
14,7,16.482978276373224
14,8,14.716399940629344
14,9,15.290252995414864
14,10,13.955922277057981
14,11,10.592656119491894
14,12,7.262916493535672
14,13,3.866523620000952
14,15,5.066417543291479
14,16,7.980573123878342
14,17,10.500071345885088
14,18,13.089650493287474
14,19,14.928824746340439
14,20,18.716632111937805
14,21,20.313100762408112
14,22,23.78377552758019
14,23,23.99419219124878
14,24,27.019092428335004
14,25,26.34968051429155
14,26,27.46960679114321
14,27,31.227019054690505
14,28,32.646008293466785
14,29,36.300077181769346
14,30,36.3855517188294
14,31,33.1873397990493
14,32,32.32518528577629
14,33,29.91910403596168
14,34,28.84569760655567
14,35,28.568282073135556
14,36,26.729795016070323
14,37,24.285332374293557
14,38,23.48558390884707
14,39,23.24181929407925
14,40,20.751792962367993
14,41,18.523827448482578
14,42,18.709585408142182
14,43,17.551767679512363
14,44,14.313961924989647
14,45,13.330179036314492
14,46,10.00542905915513
14,47,8.27042400394812
14,48,10.131324121154591
14,49,12.074264190326572
14,50,14.024680957670855
14,51,16.441928958771392
14,52,17.667430798766887
14,53,19.306435809118817
14,54,22.337456255853
14,55,23.16966886474715
14,56,22.57135076776554
14,57,25.03846800573024
14,58,27.451781901545303
14,59,27.518866151540877
14,60,28.074032828219774
14,61,31.123259264674818
14,62,32.389804949643604
14,63,32.70505872246417
14,64,34.169962553317056
14,65,36.84252561993161
14,66,37.70657561872707
14,67,37.58961641759155
14,68,39.21097452247219
14,69,37.346063831951604
14,70,35.42577159585429
14,71,35.66690716295534
14,72,33.12675533201775
14,73,34.3993038220073
14,74,33.75323947042246
14,75,29.94210731951223
14,76,28.37297754047726
14,77,24.700844921809754
14,78,22.233639675236617
14,79,18.839507538595225
14,80,16.29623998624452
14,81,12.76940346617487
14,82,10.259985571850613
14,83,10.660798488204286
14,84,14.35397908996702
14,85,14.256084866283244
14,86,13.24171716040422
14,87,16.09993155353007
14,88,18.408035336866302
14,89,17.929249601971755
14,90,18.448115425420426
14,91,21.52633887387088
14,92,22.848216599116256
14,93,22.567600892801913
14,94,25.053518596318032
14,95,27.49454240801558
14,96,27.726760749453838
14,97,31.013537642890466
14,98,32.88280917203273
14,99,36.207128879176246
14,100,37.0603939299574
14,101,38.409040313961874
14,102,41.646652419266246
15,1,23.623619971323954
15,2,24.353678290619175
15,3,22.564555127767942
15,4,19.57941959642603
15,5,19.890877255525627
15,6,20.048708583364103
15,7,17.203061650588978
15,8,14.607717634931868
15,9,15.761065055134498
15,10,15.59991978455192
15,11,12.076974271832405
15,12,9.59500825194016
15,13,5.917904594666195
15,14,5.066417543291479
15,16,3.844476093826778
15,17,5.88417042805905
15,18,8.0845224463997
15,19,10.231334107679475
15,20,14.04465988240278
15,21,15.903022660941804
15,22,19.445565928171835
15,23,19.551778362593915
15,24,22.815715861643348
15,25,22.62484677050965
15,26,24.059309662007223
15,27,27.844791080921233
15,28,29.65779316696744
15,29,33.15364418260155
15,30,32.889964943226666
15,31,29.713610326888126
15,32,28.520323228240024
15,33,26.01332420746649
15,34,25.413334157577694
15,35,25.246442994829508
15,36,22.97173271732936
15,37,20.61978462193137
15,38,20.4199925693749
15,39,19.999128717560513
15,40,17.02497918112615
15,41,15.316271662095716
15,42,16.09759042891796
15,43,14.425616454101554
15,44,10.983871073107336
15,45,11.28534623370643
15,46,8.716374930097519
15,47,9.072463745987035
15,48,11.50329539605781
15,49,11.836054886776148
15,50,13.810759101519714
15,51,16.767241484100875
15,52,17.00994530581882
15,53,18.248990214676205
15,54,21.714330849417898
15,55,22.28396440802054
15,56,20.880208048569713
15,57,23.34695177359162
15,58,26.09063279263561
15,59,25.67908808015428
15,60,25.75712476652077
15,61,29.07558767349396
15,62,30.52380345343937
15,63,30.32903615484565
15,64,31.58642811792062
15,65,34.59142954240947
15,66,35.526145912208214
15,67,34.99259265583187
15,68,36.20671277472983
15,69,34.080602430647616
15,70,31.881883501871318
15,71,31.743528398587912
15,72,29.10265102064396
15,73,30.057643542713446
15,74,29.234571913875566
15,75,25.437168053320708
15,76,23.662455517817538
15,77,19.940621139908725
15,78,17.309222538812485
15,79,13.832982366187569
15,80,11.407727684211077
15,81,7.996632551995693
15,82,5.901522607690435
15,83,7.457251161227775
15,84,10.638728510884935
15,85,10.490302032781667
15,86,10.719802505336565
15,87,13.517465847505594
15,88,15.145155330615617
15,89,15.275123588163506
15,90,16.59752967781328
15,91,19.166277841393427
15,92,20.276562306608863
15,93,20.775078989680754
15,94,23.406064081575213
15,95,25.260723403462695
15,96,25.587566329519156
15,97,29.13748952141988
15,98,31.217234060454388
15,99,34.28653677915021
15,100,34.69788798931491
15,101,35.670193126951524
15,102,38.69676137425098
16,1,26.582747957536004
16,2,27.63240153243183
16,3,25.932513844980452
16,4,22.777484214473006
16,5,23.167012034889808
16,6,23.62518027899338
16,7,20.811738676425893
16,8,18.087531171958027
16,9,19.354515316729362
16,10,19.40604835021449
16,11,15.889011992405049
16,12,13.418895285851901
16,13,9.680979849894813
16,14,7.980573123878342
16,15,3.844476093826778
16,17,3.7675276474485577
16,18,6.660687661953392
16,19,9.904399632222926
16,20,13.572005420074461
16,21,16.083062831291826
16,22,19.663613552579182
16,23,19.611438816527926
16,24,23.155725583299468
16,25,23.55383188581405
16,26,25.345026144318645
16,27,29.085596818620544
16,28,31.247169305275577
16,29,34.55406222151639
16,30,33.951334538058994
16,31,30.82337848760743
16,32,29.247323826473515
16,33,26.577118427176405
16,34,26.501466738468817
16,35,26.24885721604499
16,36,23.532292344235458
16,37,21.534367477073562
16,38,21.81706080651846
16,39,20.95497303321844
16,40,17.678798313144895
16,41,16.75690407243581
16,42,17.64935981694866
16,43,15.27723453881709
16,44,12.211039286276664
16,45,13.438996785970273
16,46,11.154852481087257
16,47,12.124512645094384
16,48,15.000106375206762
16,49,15.058777305407917
16,50,16.58163250068454
16,51,19.859039181490754
16,52,19.921916991826176
16,53,20.680307649391498
16,54,24.333450716251257
16,55,25.020359715448077
16,56,23.208100309737112
16,57,25.41925659877561
16,58,28.436003277141545
16,59,27.907409602857484
16,60,27.54253511395485
16,61,30.913976545264106
16,62,32.62587640243765
16,63,32.16265614382962
16,64,33.10825936898388
16,65,36.312964400122596
16,66,37.43174469302509
16,67,36.662072808811715
16,68,37.522943907915476
16,69,35.10992765012474
16,70,32.743066646781585
16,71,32.15420565988524
16,72,29.304855230100234
16,73,29.775567770829003
16,74,28.850105782657263
16,75,25.11389693491092
16,76,23.073481502446533
16,77,19.29298453392154
16,78,16.31707926011122
16,79,12.588501029500817
16,80,10.660509612159817
16,81,7.6187342365689625
16,82,7.267939867571953
16,83,9.391217552199524
16,84,11.828680177720782
16,85,11.99240228609571
16,86,13.260539917568565
16,87,15.700499755910046
16,88,16.815790464884582
16,89,17.494923632406902
16,90,19.266640079361014
16,91,21.39407108090531
16,92,22.385553161571057
16,93,23.3885151208769
16,94,26.035897104771255
16,95,27.491014737675734
16,96,27.88765682168096
16,97,31.55495917768546
16,98,33.708165762026496
16,99,36.59967190668115
16,100,36.683708509279846
16,101,37.37960726708439
16,102,40.18832551859016
17,1,25.35804115043858
17,2,26.88534296914878
17,3,25.221502791069348
17,4,21.884678053239586
17,5,22.656163832800598
17,6,23.576506339157966
17,7,20.722217029194947
17,8,17.971601487009295
17,9,19.863173741193055
17,10,20.25494177638679
17,11,16.642773700471544
17,12,14.91832228150441
17,13,11.532398097122595
17,14,10.500071345885088
17,15,5.88417042805905
17,16,3.7675276474485577
17,18,3.784229763259196
17,19,6.852851953082802
17,20,10.388264974526514
17,21,13.319022958391766
17,22,16.986112587968027
17,23,17.40446939384326
17,24,21.070884181893195
17,25,21.87537727835658
17,26,23.48763969199752
17,27,27.18457465273888
17,28,29.37494939252181
17,29,32.59765960196314
17,30,31.66344142936204
17,31,28.426332116167558
17,32,26.554862181605422
17,33,23.65661209130012
17,34,23.757950029633125
17,35,23.247691580667606
17,36,20.360761054423694
17,37,18.723972900173933
17,38,19.117749374907632
17,39,17.868675552983575
17,40,14.553487044313071
17,41,14.201725512229881
17,42,15.007437908206327
17,43,12.216705796615654
17,44,9.574097825675281
17,45,11.551951340587452
17,46,9.98816402976361
17,47,12.048971753625956
17,48,15.132028123132605
17,49,14.403666648089299
17,50,15.404690386338938
17,51,18.9191315373407
17,52,18.598014621995418
17,53,18.793756806794818
17,54,22.576867223279287
