1,2,3.8244128905456947
1,3,5.541028412208333
1,4,4.812203566477877
1,5,5.7461782791040665
1,6,8.369022716327859
1,7,9.758662411812388
1,8,10.327439864067845
1,9,12.262993799049658
1,10,14.29946146736974
1,11,15.322610595678032
1,12,19.01223052004003
1,13,25.77691208098949
1,14,24.490117701791707
1,15,23.615484546464184
1,16,26.594337395980574
1,17,25.336918558097874
1,18,23.967552627924984
1,19,21.098362851185314
1,20,21.214817098429318
1,21,18.79636549818956
1,22,18.994669761221864
1,23,20.74550939895445
1,24,20.544851180897613
1,25,18.080139682618043
1,26,15.356730610475912
1,27,17.20093882402878
1,28,15.535444022154142
1,29,19.04960517490655
1,30,20.276895106959145
1,31,17.552453077344495
1,32,19.00707268728274
1,33,18.545802191352585
1,34,14.973016735428686
1,35,15.536197454246727
1,36,17.46571928475862
1,37,15.007888820166322
1,38,12.34406217746762
1,39,15.338619417093495
1,40,16.614298375223783
1,41,13.502302841417967
1,42,13.742163260140737
1,43,17.4240719568617
1,44,16.986379845572092
1,45,15.050843035837493
1,46,17.740778254907937
1,47,18.605061780617703
1,48,16.01803277658561
1,49,13.236505470178948
1,50,14.222270206772903
1,51,11.73759251278778
1,52,8.832709314248953
1,53,10.928045998131704
1,54,9.678862486191912
1,55,5.963009383306203
1,56,7.545195021720976
1,57,10.314908741383988
1,58,8.727039580686371
1,59,7.5926924467446
1,60,11.095569101213984
1,61,12.83382287105199
1,62,11.272022737996032
1,63,12.3835193950535
1,64,15.582650972440186
1,65,16.637633529694558
1,66,15.85909391009275
1,67,16.745933408156805
1,68,19.847357568486494
1,69,20.081978808209957
1,70,19.731378072857844
1,71,22.48592177300757
1,72,22.143309946513096
1,73,25.61261555294401
1,74,25.999982519964412
1,75,23.516913302469167
1,76,24.494689707803914
1,77,23.22283719007389
1,78,24.26485352707184
1,79,24.23976315098117
1,80,23.155160548730965
1,81,23.099349627162177
1,82,20.368604628627985
1,83,20.22635129912339
1,84,19.627931438579772
1,85,17.005511619907402
1,86,14.821310670964136
1,87,15.45519526342131
1,88,14.771039421595601
1,89,11.31792338964819
1,90,10.515371656477685
1,91,12.067297855715017
1,92,10.027324422836445
1,93,6.622611260655484
1,94,8.650766564662506
1,95,10.802792472642132
1,96,8.205393866219463
1,97,9.096717698421145
1,98,9.254793506080036
1,99,13.023280505611506
1,100,15.075351310219249
1,101,17.9101568161584
1,102,21.451820088619012
2,1,3.8244128905456947
2,3,3.803644751622947
2,4,5.235213761267505
2,5,5.005195387615135
2,6,6.075639831508801
2,7,8.519515790875873
2,8,10.020667009854613
2,9,11.022586580777794
2,10,12.643382317773392
2,11,14.544936632827358
2,12,18.35512507336999
2,13,25.98088977716857
2,14,25.220632626623345
2,15,24.360496696500352
2,16,27.662573145658644
2,17,26.871862613697125
2,18,25.855626750990968
2,19,23.354137323506315
2,20,23.937974901989975
2,21,21.682941281053846
2,22,22.12376338146274
2,23,23.544171550979783
2,24,23.397972977955646
2,25,20.623664913403
2,26,18.159052991016594
2,27,19.975888538189512
2,28,18.229078879642707
2,29,21.6783863347289
2,30,23.332985815446836
2,31,20.861926807484764
2,32,22.5429079375514
2,33,22.209002372992952
2,34,18.70215577169715
2,35,19.34275587428215
2,36,21.14371672034046
2,37,18.521740448035583
2,38,15.919610686767665
2,39,18.777973171579127
2,40,19.787949894093124
2,41,16.394311852458664
2,42,16.530933730741513
2,43,20.056437086166166
2,44,19.19744130297759
2,45,16.81349304127494
2,46,18.896253531773226
2,47,19.010619184365122
2,48,15.866954639533047
2,49,13.849326368523405
2,50,15.16096557923702
2,51,12.136217337830397
2,52,10.196064261035092
2,53,12.938814409814615
2,54,11.443314720061688
2,55,8.31680104285836
2,56,10.75144912861721
2,57,13.421119548148644
2,58,11.66224846494294
2,59,11.204153844900256
2,60,14.771865146563824
2,61,16.18913672373384
2,62,14.430739096352875
2,63,15.87526801001888
2,64,19.127516848172032
2,65,19.802904528321616
2,66,18.803501252788553
2,67,19.952445175468462
2,68,23.22279255254238
2,69,23.72050310976754
2,70,23.40833754609288
2,71,26.210439936552817
2,72,25.92434485617222
2,73,29.35721463818618
2,74,29.605676111935185
2,75,27.04776874436805
2,76,27.777619751022396
2,77,26.32900548833258
2,78,27.02110582456883
2,79,26.70686007664636
2,80,25.193041409580726
2,81,24.648802823064116
2,82,21.69359887779769
2,83,21.084075367809707
2,84,20.964710724081577
2,85,18.734913065834657
2,86,15.927202888902562
2,87,16.49432179751286
2,88,16.65501213515803
2,89,13.30668798920391
2,90,11.550176697504059
2,91,13.474960999007093
2,92,12.389884718388922
2,93,8.59274149549613
2,94,9.635211372476396
2,95,12.577909107219073
2,96,10.764913393364864
2,97,11.147690278204111
2,98,11.43350776232299
2,99,15.070826878219881
2,100,17.707852444973604
2,101,20.611371307630414
2,102,24.257769496063414
3,1,5.541028412208333
3,2,3.803644751622947
3,4,3.8294924676176905
3,5,5.730423225588366
3,6,5.365141410012199
3,7,6.186459639580904
3,8,8.71541765685814
3,9,10.397626138387418
3,10,10.992514607356485
3,11,12.475182798660233
3,12,16.35394440922877
3,13,23.473317202059615
3,14,22.977390088363617
3,15,22.614745316966353
3,16,25.96093029482919
3,17,25.183217668860284
3,18,24.623297263458944
3,19,22.301731683315914
3,20,23.283571063584574
3,21,21.56080899674704
3,22,22.576591395944476
3,23,24.27132634086388
3,24,24.684808206760714
3,25,22.27273375552954
3,26,20.049137210230167
3,27,22.294682586658034
3,28,20.896267043580508
3,29,24.47861200686541
3,30,25.726701095586073
3,31,22.895793129246982
3,32,24.064226555672825
3,33,23.15487748699168
3,34,19.700932252875408
3,35,19.704957153685747
3,36,21.23202001851139
3,37,18.80953419374748
3,38,15.814305651137593
3,39,18.067092468563505
3,40,19.070839543700785
3,41,15.600384948801162
3,42,15.021196116558007
3,43,18.381617096208526
3,44,17.59968291837998
3,45,14.697770109997334
3,46,16.407603331414837
3,47,16.18777609599745
3,48,12.968295046733424
3,49,11.307144956069104
3,50,12.14966243453307
3,51,8.766858543257522
3,52,7.669299363674812
3,53,10.484674374819164
3,54,8.94707801468654
3,55,6.831537233689139
3,56,9.859449728410512
3,57,12.290196660627947
3,58,11.102625796338426
3,59,11.680642690695409
3,60,14.866708200566695
3,61,16.249014410514597
3,62,15.266268732532145
3,63,17.153409248363094
3,64,19.913619723781796
3,65,20.678577486440737
3,66,20.35494830398693
3,67,21.767508147497892
3,68,24.97693017942067
3,69,25.045332395687165
3,70,24.835116243313266
3,71,27.40592337385045
3,72,26.620044534993657
3,73,29.948253322782346
3,74,30.445620584786706
3,75,27.62262204975336
3,76,28.349229663436827
3,77,26.504516703428383
3,78,26.992644623654463
3,79,26.22335172254436
3,80,24.762438267211074
3,81,23.898227698101202
3,82,20.61555284522412
3,83,20.393390775746614
3,84,20.829182811912993
3,85,18.331946815898025
3,86,15.465277534954083
3,87,16.870156160134112
3,88,17.246099279112418
3,89,13.621236957558366
3,90,12.384546135757645
3,91,15.095722565423369
3,92,14.010687182641561
3,93,10.424337641096757
3,94,12.394424444085386
3,95,15.412086566655217
3,96,13.45588110290881
3,97,14.337096456729792
3,98,14.341823434221924
3,99,18.089694246494098
3,100,20.410625475487002
3,101,23.38533889086477
3,102,26.908377166816553
4,1,4.812203566477877
4,2,5.235213761267505
4,3,3.8294924676176905
4,5,3.8433361166908235
4,6,5.374944256507233
4,7,5.231965543336117
4,8,6.107930199197661
4,9,8.685561227400179
4,10,10.085200454072435
4,11,10.711153474986304
4,12,14.453014689439778
4,13,21.225851111050645
4,14,20.249981959043517
4,15,19.61055463555623
4,16,22.807006938247348
4,17,21.863947999330588
4,18,21.0413566197662
4,19,18.62573420115581
4,20,19.551270664772137
4,21,17.794146448326632
4,22,18.919723903179907
4,23,20.565949810115242
4,24,21.18870443847762
4,25,18.943278569669797
4,26,16.979413944521692
4,27,19.593318127887912
4,28,18.705796328457616
4,29,22.44915808750181
4,30,23.416099582678093
4,31,20.386863462140894
4,32,21.253138346437606
4,33,20.130422829834586
4,34,16.90905888036194
4,35,17.06839574531615
4,36,18.144897191994033
4,37,15.463670087526719
4,38,12.713842766386534
4,39,15.054650387657691
4,40,15.62972253640298
4,41,12.02780009356236
4,42,11.935385847435011
4,43,15.224408008724904
4,44,14.176718988875807
4,45,11.610915268410556
4,46,13.68795151172637
4,47,14.062844725441726
4,48,11.262793728510927
4,49,8.76755092234821
4,50,10.16704953723117
4,51,7.665879690559571
4,52,5.265671999557156
4,53,8.550585695513144
4,54,8.326983325474854
4,55,5.8943729790171355
4,56,7.558575109295539
4,57,10.798467717760438
4,58,10.565762905504368
4,59,10.357058365509634
4,60,13.113644302198605
4,61,15.303958518006507
4,62,14.759011463192193
4,63,15.953799370186942
4,64,18.648708224348727
4,65,20.099424232004043
4,66,19.939263521328495
4,67,20.762248399451554
4,68,23.59168997139896
4,69,23.23410833983912
4,70,22.55842763088326
4,71,24.79359663820599
4,72,23.788246827509735
4,73,26.933105018990318
4,74,27.225240488956036
4,75,24.24332638600528
4,76,24.760330650568434
4,77,22.793280179724945
4,78,23.18280764863981
4,79,22.424417414363266
4,80,20.985402312541897
4,81,20.275640502099716
4,82,17.11310369877206
4,83,17.033730558426182
4,84,17.230698579326866
4,85,14.591137982101806
4,86,11.921678970825795
4,87,13.442007414642292
4,88,13.578292818068531
4,89,9.884359018959424
4,90,9.100868589176217
4,91,12.00233699064796
4,92,10.830601283089512
4,93,7.613513170877939
4,94,10.39509465986041
4,95,13.268662083882028
4,96,11.505467297399981
4,97,13.334118036089066
4,98,13.97919029223885
4,99,17.718205622685513
4,100,19.53515060823931
4,101,22.117311052762552
4,102,25.634900527934413
5,1,5.7461782791040665
5,2,5.005195387615135
5,3,5.730423225588366
5,4,3.8433361166908235
5,6,3.805548562487859
5,7,5.8102342190357605
5,8,5.62117009613394
5,9,6.619931169279222
5,10,9.125528280384103
5,11,10.630108855303712
5,12,14.21208400413654
5,13,22.03605766477465
5,14,21.11693059220551
5,15,19.854598698963645
5,16,23.19100484132688
5,17,22.662046881469934
5,18,21.632811215215497
5,19,19.44864999649875
5,20,20.410729679568075
5,21,18.31451486172385
5,22,19.169352138426575
5,23,20.155833759802928
5,24,20.46021863820573
5,25,17.695306626849664
5,26,15.972920482540646
5,27,18.48731479168077
5,28,17.6460412445633
5,29,21.378958838254643
5,30,22.845576916057066
5,31,20.183409546522135
5,32,21.486991609279304
5,33,20.85703377850702
5,34,17.816728005031447
5,35,18.747282045965893
5,36,19.675261954557058
5,37,16.528161494497457
5,38,14.467375083229964
5,39,17.26949171745852
5,40,17.32567453545973
5,41,13.629618345648879
5,42,14.472357308750635
5,43,17.531793514971508
5,44,15.871736264783426
5,45,13.742894480285416
5,46,15.568612983144485
5,47,15.735378475759553
5,48,12.767710097133763
5,49,10.621685606153815
5,50,12.984139306761358
5,51,10.845317994312289
5,52,8.646415399377481
5,53,12.106743743646666
5,54,12.143651031428421
5,55,9.374315735778916
5,56,10.516762963688283
5,57,14.039339157058617
5,58,13.568567780500878
5,59,12.54012236995593
5,60,15.478316563800055
5,61,17.875019620208924
5,62,16.78648715792423
5,63,17.45127922450021
5,64,20.576273783409352
5,65,22.08762398036912
5,66,21.338031726765387
5,67,21.762102226510976
5,68,24.52483920506777
5,69,24.443556966848345
5,70,23.388495431888675
5,71,25.6325091706768
5,72,24.96894767977344
5,73,28.034132128311516
5,74,27.82828471905221
5,75,24.915407171433127
5,76,25.038837182558073
5,77,23.196317992517812
5,78,23.34375608334442
5,79,22.73587880876775
5,80,20.825772850610534
5,81,20.01342805038214
5,82,17.09270187569566
5,83,16.185224164019683
5,84,16.196038828585895
5,85,14.251767464755043
5,86,11.154355639028395
5,87,11.724161568390489
5,88,12.434346982622376
5,89,9.245031703419068
5,90,7.04226306859673
5,91,9.73374771397025
5,92,9.548330690208422
5,93,6.035883021933419
5,94,7.73896122617836
5,95,11.212669881533898
5,96,10.444046399826384
5,97,12.329610131055565
5,98,13.826397105806839
5,99,17.36879194615176
5,100,19.47445745568699
5,101,21.75615669715383
5,102,25.466823634407916
6,1,8.369022716327859
6,2,6.075639831508801
6,3,5.365141410012199
6,4,5.374944256507233
6,5,3.805548562487859
6,7,3.8576504568433663
6,8,5.622313846666666
6,9,5.543058897130513
6,10,6.643293401527643
6,11,9.125195428252045
6,12,12.831484088803123
6,13,21.220520275618792
6,14,20.978008625598747
6,15,20.02952254049802
6,16,23.639633392268145
6,17,23.547898790267425
6,18,23.095591399921425
6,19,21.34660612175528
6,20,22.83485672608587
6,21,21.16459419870646
6,22,22.41845101294898
6,23,23.346669936731693
6,24,23.91954521597457
6,25,21.18066658651261
6,26,19.679160408790285
6,27,22.236884332884316
6,28,21.37299350549774
6,29,25.06754378375541
6,30,26.629176235236542
6,31,23.98171481456983
6,32,25.236609277305913
6,33,24.456719654408055
6,34,21.408344106966517
6,35,22.044653564238743
6,36,22.899318396462217
6,37,19.849462909148123
6,38,17.57390370305609
6,39,19.995547141401126
6,40,19.994127950167567
6,41,16.198494387825193
6,42,16.521233026904646
6,43,19.35219182377427
6,44,17.509942464433124
6,45,14.817645047117711
6,46,15.845160668186589
6,47,15.099120613366834
6,48,11.596502371673457
6,49,10.578477655271856
6,50,12.937068427368619
6,51,10.348036422221046
6,52,9.5209965349074
6,53,13.20757379222262
6,54,13.015901977030502
6,55,11.0062368607043
6,56,12.921465678344887
6,57,16.135460155202825
6,58,15.61425202801545
6,59,15.353976840519662
6,60,18.34831281303023
6,61,20.43807468472866
6,62,19.441257210572655
6,63,20.5971580613979
6,64,23.609964458194867
6,65,24.850880952240974
6,66,24.22260932770728
6,67,25.01594376440175
6,68,27.951166489282205
6,69,27.911882589021126
6,70,27.026996802428474
6,71,29.27839138218974
6,72,28.463974816156803
6,73,31.498591195884302
6,74,31.372924691133655
6,75,28.334719183036484
6,76,28.353494040535402
6,77,26.247256342410015
6,78,26.08003644694286
6,79,25.041665953863284
6,80,22.878772272256278
6,81,21.503287052197972
6,82,18.27434307184333
6,83,17.190818546072734
6,84,17.97458145060925
6,85,16.284406902010275
6,86,12.784801503105903
6,87,13.76781528572533
6,88,15.23093040445701
6,89,12.173551968891065
6,90,9.816568613505373
6,91,12.874966606685913
6,92,13.202159819782315
6,93,9.808880508852415
6,94,11.082579420432815
6,95,14.749407998082038
6,96,14.119113004808185
6,97,15.629250361896727
6,98,16.81864171601083
6,99,20.40337778899615
6,100,22.788755476786303
6,101,25.25722660629625
6,102,28.98290134254545
7,1,9.758662411812388
7,2,8.519515790875873
7,3,6.186459639580904
7,4,5.231965543336117
7,5,5.8102342190357605
7,6,3.8576504568433663
7,8,3.823944054518463
7,9,5.527834656672229
7,10,5.214937339091979
7,11,6.314627139556488
7,12,10.194166385257551
7,13,17.871919184408974
7,14,17.7094480202436
7,15,17.224986030878174
7,16,20.818556855812954
7,17,20.660100984394887
7,18,20.60788182724814
7,19,19.040870803090197
7,20,20.900842877172646
7,21,19.795107638769053
7,22,21.60604737248138
7,23,22.79918338765729
7,24,23.94793775294064
7,25,21.6908546948811
7,26,20.448058758437988
7,27,23.40084836903955
7,28,22.932028060218578
7,29,26.737256799410027
7,30,27.818372665878336
7,31,24.819907628240287
7,32,25.522685116084933
7,33,24.187234772035698
7,34,21.309190578095645
7,35,21.42632520075394
7,36,21.883641411052547
7,37,19.029539533409142
7,38,16.576036949903738
7,39,18.37849179279342
7,40,18.19336946802771
7,41,14.419692967274953
7,42,14.231730408210778
7,43,16.70299200618326
7,44,14.815439976637855
7,45,11.744621546561913
7,46,12.345731382607207
7,47,11.37069958646382
7,48,7.825794611742409
7,49,7.051835807124908
7,50,9.364371558718116
7,51,7.045236344761704
7,52,7.046900434038371
7,53,10.753524487580174
7,54,11.242470981106528
7,55,10.24982633518099
7,56,11.894371651570651
7,57,14.942490202858577
7,58,15.210367768400479
7,59,15.450433993240152
7,60,17.908104286634224
7,61,20.14651142641561
7,62,19.875234667071823
7,63,21.140890595544008
7,64,23.699021318794895
7,65,25.198178362917194
7,66,25.149334834195578
7,67,25.978522798327237
7,68,28.736730932229083
7,69,28.21942945995348
7,70,27.314071635782916
7,71,29.24986740307357
7,72,27.945307578932756
7,73,30.794177199380034
7,74,30.85236572753731
7,75,27.573939233644307
7,76,27.552566331555088
7,77,25.075066230863268
7,78,24.703611802325703
7,79,23.2345632133121
7,80,21.193320162369563
7,81,19.56992042554105
7,82,16.053407348080388
7,83,15.53151782209637
7,84,16.825188060877835
7,85,14.792521819209655
7,86,11.43475577358485
7,87,13.428702517311047
7,88,14.888417258389264
7,89,11.677433603714997
7,90,10.280283332182817
7,91,13.897518905265619
7,92,14.005200977824746
7,93,11.112487552155239
7,94,13.353270638040645
7,95,16.759184142024797
7,96,15.861162745467894
7,97,17.858501333830187
7,98,18.862600729978578
7,99,22.565546322593935
7,100,24.550855421766105
7,101,26.99860951998579
7,102,30.59325146787431
8,1,10.327439864067845
8,2,10.020667009854613
8,3,8.71541765685814
8,4,6.107930199197661
8,5,5.62117009613394
8,6,5.622313846666666
8,7,3.823944054518463
8,9,3.805439751027715
8,10,5.458448768974556
8,11,5.327811094800736
8,12,8.780162969338996
8,13,16.448853986038102
8,14,15.710224792150436
8,15,14.581874796744176
8,16,18.101250993672316
8,17,17.94948526218519
8,18,17.537336150331672
8,19,16.022539619109164
8,20,17.90667545690579
8,21,16.718250857851224
8,22,18.59569497539554
8,23,19.44649151096348
8,24,20.74944322507853
8,25,18.55431885032754
8,26,17.771617206549045
8,27,20.984245115345846
8,28,21.038552028632797
8,29,24.873087489601115
8,30,25.822780968853138
8,31,22.830332690411762
8,32,23.360735677538393
8,33,22.00254725857704
8,34,19.503798514477964
8,35,19.98774783791134
8,36,19.944949921479356
8,37,16.775099430695807
8,38,14.926269397960462
8,39,16.8400193489463
8,40,15.995064886235719
8,41,12.176961375250992
8,42,12.866368586827242
8,43,15.004991052008327
8,44,12.542787317926452
8,45,10.1335314002357
8,46,10.941877809565112
8,47,10.638371662148034
8,48,7.815096417231696
8,49,6.162014125913099
8,50,9.524099561007905
8,51,8.578798992260468
8,52,7.4683359364075415
8,53,11.123248391692943
8,54,12.585607682841504
8,55,11.261488272650936
8,56,11.705088549455681
8,57,15.200662897302589
8,58,16.001605211974788
8,59,15.473653522726076
8,60,17.550815460013993
8,61,20.361441213469067
8,62,20.235063235493275
8,63,20.825052931956204
8,64,23.388497245528992
8,65,25.384673100024102
8,66,25.283558533585573
8,67,25.546969305929064
8,68,27.935990482461463
8,69,27.165099164012624
8,70,25.774512278293532
8,71,27.37389839419633
8,72,25.997534343655367
8,73,28.59632080073232
8,74,28.293673683038172
8,75,24.922687857186144
8,76,24.533080984254
8,77,21.968386539573334
8,78,21.35002303351853
8,79,19.897385072452817
8,80,17.644434329792595
8,81,16.064901525480273
8,82,12.712819218255449
8,83,11.954785999732849
8,84,13.038754431198583
8,85,11.17102125168424
8,86,7.6736459200772
8,87,9.650502350192477
8,88,11.308019250541038
8,89,8.418187222801405
8,90,7.073017647683594
8,91,10.879350971593503
8,92,11.449093081890846
8,93,9.292155171871118
8,94,11.693120604651302
8,95,14.890464928141744
8,96,14.550004455691852
8,97,17.188209277662878
8,98,18.80522124302249
8,99,22.341004629905864
8,100,23.968884053176406
8,101,25.970717006518115
8,102,29.54158031083863
9,1,12.262993799049658
9,2,11.022586580777794
9,3,10.397626138387418
9,4,8.685561227400179
9,5,6.619931169279222
9,6,5.543058897130513
9,7,5.527834656672229
9,8,3.805439751027715
9,10,3.8730165476940277
9,11,5.767106492402517
9,12,8.634783884405156
9,13,17.53411495618201
9,14,17.263459957249616
9,15,15.702918497695821
9,16,19.38565579078079
9,17,19.87683199966174
9,18,19.556263398852792
9,19,18.491128472135976
9,20,20.517883124557425
9,21,19.211880950172365
9,22,20.912168354149923
9,23,21.179113160184396
9,24,22.2529490479219
9,25,19.660945387494984
9,26,19.15750854530669
9,27,22.19685727967862
9,28,22.228404155688082
9,29,25.97099927441317
9,30,27.357558958518094
9,31,24.700781121828708
9,32,25.587017669302583
9,33,24.60413117390331
9,34,22.190345785835486
9,35,23.10577188748111
9,36,23.06888640127351
9,37,19.676165026828258
9,38,18.174726074840233
9,39,20.33674035007823
9,40,19.278448052487008
9,41,15.496481905950715
9,42,16.554005913143566
9,43,18.53614853627531
9,44,15.763101269698543
9,45,13.604650893384402
9,46,13.90071572086023
9,47,12.998703129749547
9,48,10.003374218654544
9,49,9.451967261063738
9,50,12.948452673560622
9,51,11.829968980029397
9,52,11.126425063496752
9,53,14.854680565689753
9,54,16.000494348989644
9,55,14.399806155345528
9,56,15.132275010776636
9,57,18.704601301366132
9,58,19.116634385334997
9,59,18.37941354284074
9,60,20.758077364552392
9,61,23.516392253924657
9,62,22.969926932670823
9,63,23.467243886992424
9,64,26.332054372965462
9,65,28.201750746814422
9,66,27.70564541427715
9,67,27.884702458888167
9,68,30.339131301943542
9,69,29.84500802316125
9,70,28.306822222603934
9,71,29.971833979365396
9,72,28.85494255451572
9,73,31.41125201325655
9,74,30.77806286428279
9,75,27.47902674501709
9,76,26.778048320263824
9,77,24.291868103093012
9,78,23.384792259581303
9,79,21.94144266173603
9,80,19.20982472927444
9,81,17.307480899622284
9,82,14.213999505350738
9,83,12.4550575250432
9,84,13.747217973257143
9,85,12.879367087774316
9,86,9.050036833237632
9,87,9.977598292986029
9,88,12.55939397565388
9,89,10.438610249654102
9,90,7.8669830512348256
9,91,11.276562761205208
9,92,12.870193303116823
9,93,10.66397546562043
9,94,11.90564700168904
9,95,15.432087579296322
9,96,15.84260146975797
9,97,18.24117102423919
9,98,20.22917284940105
9,99,23.619462350353995
9,100,25.573690945517253
9,101,27.45266236296982
9,102,31.153116711115928
10,1,14.29946146736974
10,2,12.643382317773392
10,3,10.992514607356485
10,4,10.085200454072435
10,5,9.125528280384103
10,6,6.643293401527643
10,7,5.214937339091979
10,8,5.458448768974556
10,9,3.8730165476940277
10,11,3.899585041416588
10,12,6.8391239148225
10,13,15.891463903501132
10,14,16.40980326564441
10,15,15.529356701759458
10,16,19.362673540665746
10,17,20.153774458537903
10,18,20.543769173031027
10,19,19.85783984389294
10,20,22.32340550587708
10,21,21.549561450486994
10,22,23.656028282612436
10,23,24.152505077138933
10,24,25.553241704465993
10,25,23.197348335071773
10,26,22.69087893867524
10,27,25.81167558551568
10,28,25.78120906267171
10,29,29.561821441071398
10,30,30.831692323409335
10,31,28.01509153983206
10,32,28.710694038041748
10,33,27.430475465057015
10,34,24.946259246752998
10,35,25.400880698396094
10,36,25.329311943701132
10,37,22.181600881502234
10,38,20.32149199132183
10,39,22.014804583018492
10,40,21.052727099449246
10,41,17.30590009516777
10,42,17.648373787317055
10,43,19.37581197674471
10,44,16.6746949613882
10,45,13.955403401671571
10,46,13.392599553861427
10,47,11.495741987751003
10,48,8.105832756114967
10,49,9.031640134796392
10,50,12.152893601340361
10,51,10.92713074799147
10,52,11.539368566812819
10,53,15.131881074586813
10,54,16.19257308583266
10,55,15.380346074031696
10,56,16.596119351691858
10,57,19.808453119737234
10,58,20.33138890817087
10,59,20.285554838125744
10,60,22.608427548940767
10,61,25.116524049484372
10,62,24.831898095593164
10,63,25.784476880435783
10,64,28.43461940482743
10,65,30.135077483923478
10,66,29.93073506183672
10,67,30.468124151225155
10,68,33.06136799973385
10,69,32.473270297003396
10,70,31.163031626873806
10,71,32.81719640112375
10,72,31.443637068518022
10,73,33.98383120216955
10,74,33.592930283463716
10,75,30.164640184010477
10,76,29.525361702289963
10,77,26.78081081610693
10,78,25.70673299079441
10,79,23.827714799834393
10,80,21.12941628438854
10,81,18.781801365664894
10,82,15.375460719938042
10,83,13.96780959648461
10,84,16.050055293275197
10,85,15.089671439920979
10,86,11.382211573293961
10,87,13.074758345681742
10,88,15.719360285161738
10,89,13.452612150053227
10,90,11.447524881290972
10,91,15.02815359922908
10,92,16.352797858004603
10,93,13.991350885345128
10,94,15.509711804634492
10,95,19.08634312452327
10,96,19.133563708613202
10,97,21.354657226024806
10,98,22.937976379023173
10,99,26.489148544547135
10,100,28.541845082506132
10,101,30.669984776740698
10,102,34.35075416946104
11,1,15.322610595678032
11,2,14.544936632827358
11,3,12.475182798660233
11,4,10.711153474986304
11,5,10.630108855303712
11,6,9.125195428252045
11,7,6.314627139556488
11,8,5.327811094800736
11,9,5.767106492402517
11,10,3.899585041416588
11,12,3.8809041241376625
11,13,12.283821313569025
11,14,12.58181336324511
11,15,11.948486753303348
11,16,15.752744563131627
11,17,16.457755241819168
11,18,17.13304059765644
11,19,16.686940278339222
11,20,19.470109854974407
11,21,19.22642314916868
11,22,21.77977657311908
11,23,22.416098451302897
11,24,24.32102259348963
11,25,22.472182435518487
11,26,22.269535008875035
11,27,25.690283251461043
11,28,26.083840067743647
11,29,29.907167523186676
11,30,30.717129961479564
11,31,27.653349884964456
11,32,27.840926366439195
11,33,26.128619626673483
11,34,23.951153733622572
11,35,24.094566145669003
11,36,23.548421609227876
11,37,20.570788655572606
11,38,18.83906138873231
11,39,19.990186458225313
11,40,18.667743188323072
11,41,15.125238635219096
11,42,15.326383149133083
11,43,16.46457174923612
11,44,13.56548926762249
11,45,10.917294761868387
11,46,9.795784435691818
11,47,7.842675090009216
11,48,4.974895737745758
11,49,6.2660398684098375
11,50,9.60386885008106
11,51,9.579958113584816
11,52,10.408117447048985
11,53,13.566272222212413
11,54,15.446236999410107
11,55,15.232202845547754
11,56,15.787257405427006
11,57,18.85682578349362
11,58,20.096787245355298
11,59,20.12988331263646
11,60,21.87342663504127
11,61,24.61340930956103
11,62,24.902447129232794
11,63,25.693714526000957
11,64,27.958450444806324
11,65,29.994490732294153
11,66,30.207960393075112
11,67,30.583150418775627
11,68,32.89391304503295
11,69,31.86032311742532
11,70,30.41248504587105
11,71,31.690742202839566
11,72,29.921224954211034
11,73,32.19259511812773
11,74,31.86280837359562
11,75,28.266970275675
11,76,27.512204158445098
11,77,24.47750140352554
11,78,23.181257262129964
11,79,20.946833808152693
11,80,18.371761469101763
11,81,15.843353719312175
11,82,12.24902729361757
11,83,11.460701498290657
11,84,13.964288704506675
11,85,12.749467520604536
11,86,9.443019609422347
11,87,12.035013728307694
11,88,14.497592627674049
11,89,12.376516278729799
11,90,11.406894937374734
11,91,15.155022872260254
11,92,16.247719479230234
11,93,14.516288789021978
11,94,16.72310722882779
11,95,19.93639227350245
11,96,19.832838137594216
11,97,22.507352753484575
11,98,24.073436024560966
11,99,27.645046133344145
11,100,29.262420759982543
11,101,31.239009248347802
11,102,34.77073521632475
12,1,19.01223052004003
12,2,18.35512507336999
12,3,16.35394440922877
12,4,14.453014689439778
12,5,14.21208400413654
12,6,12.831484088803123
12,7,10.194166385257551
12,8,8.780162969338996
12,9,8.634783884405156
12,10,6.8391239148225
12,11,3.8809041241376625
12,13,9.368833818993432
12,14,10.209814108248013
12,15,9.47482526545882
12,16,13.290601233465882
12,17,14.765266214724807
12,18,16.01800034166049
12,19,16.449617755300643
12,20,19.703528041998446
12,21,20.014582118181234
12,22,22.89292818933074
12,23,23.172922662974603
12,24,25.45414343698913
12,25,23.88904917750727
12,26,24.248026267354454
12,27,27.815657916803595
12,28,28.626710474050228
12,29,32.39823626568728
12,30,33.06751610092737
12,31,30.02205899031085
12,32,29.949079826926063
12,33,28.07920801036073
12,34,26.305227730261553
12,35,26.45795943082881
12,36,25.42021518884351
12,37,22.475728090281645
12,38,21.164146972411363
12,39,21.9487908179606
12,40,20.085528511846952
12,41,16.877216688890794
12,42,17.255030627530488
12,43,17.595795691306378
12,44,14.322467522507377
12,45,12.234107363288572
12,46,10.135862758198591
12,47,7.769657938525356
12,48,6.498540013160717
12,49,8.575695261170255
12,50,11.656996395988864
12,51,12.567187676331898
12,52,13.614861403293244
12,53,16.359816680204837
12,54,18.67277007605486
12,55,18.742342033562633
12,56,18.910585316418793
12,57,21.89422130579572
12,58,23.49360776650121
12,59,23.453615347527663
12,60,24.875179141850964
12,61,27.785184160743054
12,62,28.308956384370855
12,63,28.89463764651324
12,64,31.00422346717209
12,65,33.26224414866353
12,66,33.591451747911925
12,67,33.761871565392966
12,68,35.84609719479174
12,69,34.57425553286035
12,70,32.87615611309864
12,71,33.801085707596755
12,72,31.81524161197497
12,73,33.7344299445576
12,74,33.19246130213415
12,75,29.488010485003915
12,76,28.323060780592296
12,77,25.037695689821554
12,78,23.197567848717668
12,79,20.531988847637066
12,80,17.6918882596541
12,81,14.598538415375424
12,82,11.239255378557237
12,83,10.2843887707558
12,84,13.549054303208484
12,85,13.06691641754089
12,86,10.268392722067677
12,87,12.847454911988338
12,88,15.684251823979245
12,89,14.347823335295486
12,90,13.664000346896318
12,91,17.15610144429408
12,92,18.66327773208309
12,93,17.495302523332917
12,94,19.58319875802739
12,95,22.617606614119264
12,96,22.86780194903831
12,97,25.771204283761264
12,98,27.554064911091412
12,99,31.04400014962951
12,100,32.49343812870315
12,101,34.23641736228231
12,102,37.71130288776486
13,1,25.77691208098949
13,2,25.98088977716857
13,3,23.473317202059615
13,4,21.225851111050645
13,5,22.03605766477465
13,6,21.220520275618792
13,7,17.871919184408974
13,8,16.448853986038102
13,9,17.53411495618201
13,10,15.891463903501132
13,11,12.283821313569025
13,12,9.368833818993432
13,14,3.872661968078977
13,15,6.444262957815048
13,16,8.179484496344893
13,17,10.106485688205593
13,18,13.279067252599779
13,19,15.227085737415814
13,20,19.020770150255657
13,21,21.024930574891012
13,22,24.628997848231936
13,23,25.152209024801415
13,24,28.351486957033767
13,25,28.012949175562365
13,26,28.91418505504007
13,27,32.70277893646597
13,28,34.144602290951795
13,29,37.7854713546791
13,30,37.60123997846966
13,31,34.26601427795094
13,32,33.19467944863919
13,33,30.535894751140294
13,34,29.54517851894781
13,35,28.917728535666658
13,36,26.96818759711911
13,37,24.887911588467723
13,38,23.959510614888877
13,39,23.266567206210876
13,40,20.886970583856858
13,41,19.00152683314766
13,42,18.706027527816623
13,43,17.145186411947698
13,44,14.3374827932076
13,45,13.383051015312462
13,46,9.772575529552393
13,47,8.0036445574883
13,48,10.699608057994332
13,49,12.77832993672226
13,50,13.884514697839906
13,51,16.690657150471797
13,52,18.24323719650713
13,53,19.33218974693352
13,54,22.46817005366344
13,55,23.746245402586315
13,56,23.075617919826897
13,57,25.16490500556939
13,58,27.795781693758926
13,59,28.149709917352514
13,60,28.432426516918337
13,61,31.347165107043764
13,62,32.90296674551043
13,63,33.35601264579682
13,64,34.55566213513939
13,65,37.190478317677645
13,66,38.336934134794014
13,67,38.364715753055954
13,68,39.89776272563174
13,69,37.836352286381604
13,70,36.062732759109316
13,71,36.15998319609393
13,72,33.385031142915324
13,73,34.51316243526512
13,74,34.208752552565
13,75,30.380955382661895
13,76,29.00190074415028
13,77,25.256059634309587
13,78,22.871980183886254
13,79,19.33023139562692
13,80,17.323851519224274
13,81,14.046435339201066
13,82,11.61239197174819
13,83,12.84045610118871
13,84,16.3111195951985
13,85,15.763961545585248
13,86,15.121693562438342
13,87,18.270282057557605
13,88,20.168250270147194
13,89,19.477187152006376
13,90,20.39576123504132
13,91,23.529356588745642
13,92,24.475150342510375
13,93,24.210964524265755
13,94,26.958065571795604
13,95,29.350938043187277
13,96,29.282032925669892
13,97,32.55099786512753
13,98,34.089673144328216
13,99,37.512708191798964
13,100,38.28226451422672
13,101,39.794656026743944
13,102,42.87668726577204
14,1,24.490117701791707
14,2,25.220632626623345
14,3,22.977390088363617
14,4,20.249981959043517
14,5,21.11693059220551
14,6,20.978008625598747
14,7,17.7094480202436
14,8,15.710224792150436
14,9,17.263459957249616
14,10,16.40980326564441
14,11,12.58181336324511
14,12,10.209814108248013
14,13,3.872661968078977
14,15,3.8008414390983667
14,16,5.119291403013524
14,17,6.328926913520518
14,18,9.449882387867945
14,19,11.461629370936258
14,20,15.262267386632034
14,21,17.46650749569592
14,22,21.128587440213582
14,23,21.684946795431607
14,24,25.023150325585682
14,25,25.006547624398852
14,26,26.048435964211805
14,27,29.84434014237265
14,28,31.515454519227074
14,29,35.05250518229972
14,30,34.61756541546206
14,31,31.27597496578429
14,32,29.9739794686626
14,33,27.224201614799338
14,34,26.522088844156922
14,35,25.92619800818315
14,36,23.699349911533435
14,37,21.713913354964205
14,38,21.134152971966365
14,39,20.286229735757
14,40,17.60979473148749
14,41,16.07564031437873
14,42,16.10456974461257
14,43,14.158199881414443
14,44,11.229832214880389
14,45,11.103685341485864
14,46,7.922370382309313
14,47,7.764045505008107
14,48,10.92488902847507
14,49,11.819393244338176
14,50,12.967545510510636
14,51,16.205278951667296
14,52,17.035552712091068
14,53,17.83113572248031
14,54,21.301395427098267
14,55,22.40259962646216
14,56,21.158414797206095
14,57,23.23842668013414
14,58,26.11883515811217
14,59,26.152675488409074
14,60,26.093516913885857
14,61,29.195047839714626
14,62,30.89374466477968
14,63,31.008257164400604
14,64,32.05486197397138
14,65,34.92187543820268
14,66,36.123040455729495
14,67,35.87567348229734
14,68,37.138707218847046
14,69,34.896393753274644
14,70,32.96158919881477
14,71,32.82109456248176
14,72,29.969001008811254
14,73,30.91375305467955
14,74,30.53908963406568
14,75,26.7205364967857
14,76,25.276235810357385
14,77,21.505592242567097
14,78,19.102846436167884
14,79,15.530193826986162
14,80,13.754201245303413
14,81,10.727094893154655
14,82,8.478704844379676
14,83,10.543596196708586
14,84,13.58693231088988
14,85,12.811583023179283
14,86,12.938134140358011
14,87,16.126529551824937
14,88,17.507837283062766
14,89,17.10522195381575
14,90,18.595276307054586
14,91,21.42980091572341
14,92,22.156212463062158
14,93,22.38100048825068
14,94,25.275081236261965
14,95,27.279413775130312
14,96,27.205984658027734
14,97,30.646918469875047
14,98,32.26019734866189
14,99,35.52761177200821
14,100,35.98082788965078
14,101,37.26411101042352
14,102,40.19296505409391
15,1,23.615484546464184
15,2,24.360496696500352
15,3,22.614745316966353
15,4,19.61055463555623
15,5,19.854598698963645
15,6,20.02952254049802
15,7,17.224986030878174
15,8,14.581874796744176
15,9,15.702918497695821
15,10,15.529356701759458
15,11,11.948486753303348
15,12,9.47482526545882
15,13,6.444262957815048
15,14,3.8008414390983667
15,16,3.852330691174135
15,17,5.914327063267492
15,18,7.974389370241293
15,19,10.183642996610427
15,20,13.97520179028042
15,21,15.762314990581816
15,22,19.25060883446202
15,23,19.2530325233725
15,24,22.504221825769946
15,25,22.323961471645763
15,26,23.70493725975731
15,27,27.491203432697876
15,28,29.36508046920406
15,29,32.83681021912999
15,30,32.56293776695414
15,31,29.42012910445654
15,32,28.291753233611352
15,33,25.831037670296343
15,34,25.279783037658042
15,35,25.219309685084333
15,36,22.9077221758348
15,37,20.51243989936205
15,38,20.393303665528467
15,39,20.05889604381057
15,40,17.029488818211558
15,41,15.30780803804773
15,42,16.226386610971108
15,43,14.584893945511228
15,44,11.083210143384836
15,45,11.481217438514712
15,46,9.121851833539461
15,47,9.398186591236165
15,48,11.71114476952778
15,49,12.023301028801683
15,50,14.093170980112175
15,51,17.00638635463585
15,52,17.159680848270963
15,53,18.451649350541604
15,54,21.922230300365328
15,55,22.379564201749563
15,56,20.93912989973069
15,57,23.47158465985876
15,58,26.176817656325618
15,59,25.678751626118792
15,60,25.786197188022683
15,61,29.147943464541353
15,62,30.529099520398567
15,63,30.291117665733317
15,64,31.626646586088995
15,65,34.62832688239563
15,66,35.489255104998406
15,67,34.93556237721669
15,68,36.10695328593786
15,69,33.983510749728204
15,70,31.73965864874555
15,71,31.56873395580589
15,72,28.95772729949128
15,73,29.867590997581274
15,74,29.057759178686066
15,75,25.26447509455714
15,76,23.45741408378142
15,77,19.754532441937823
15,78,17.07237050417716
15,79,13.61781430801649
15,80,11.126450937740241
15,81,7.66470907045733
15,82,5.603603609027389
15,83,7.036844384382477
15,84,10.240093197052799
15,85,10.219251858481323
15,86,10.454600190056428
15,87,13.166731993334325
15,88,14.840577857312258
15,89,15.052358006431202
15,90,16.342905973634444
15,91,18.854533222298627
15,92,20.032949240964953
15,93,20.592396766241396
15,94,23.152275827113918
15,95,25.034408392573074
15,96,25.42228982716306
15,97,28.981019997296723
15,98,30.96829364321654
15,99,34.09174912125524
15,100,34.54174759685315
15,101,35.570796178395064
15,102,38.55153336889181
16,1,26.594337395980574
16,2,27.662573145658644
16,3,25.96093029482919
16,4,22.807006938247348
16,5,23.19100484132688
16,6,23.639633392268145
16,7,20.818556855812954
16,8,18.101250993672316
16,9,19.38565579078079
16,10,19.362673540665746
16,11,15.752744563131627
16,12,13.290601233465882
16,13,8.179484496344893
16,14,5.119291403013524
16,15,3.852330691174135
16,17,3.784953435144776
16,18,6.6048239876618515
16,19,9.88994146583913
16,20,13.535854713625204
16,21,16.017021566194177
16,22,19.565923278133724
16,23,19.451769365634252
16,24,22.989826813418595
16,25,23.41268440619231
16,26,25.132236584399106
16,27,28.869577478506287
16,28,31.076979874465284
16,29,34.36205443857106
16,30,33.733444204058806
16,31,30.621455760202267
16,32,29.093407328100508
16,33,26.445096703951588
16,34,26.407079287302334
16,35,26.219875616193264
16,36,23.473638843638753
16,37,21.46476487107327
16,38,21.790932323583096
16,39,20.976531725601582
16,40,17.669820661197573
16,41,16.746158491882863
16,42,17.706025655285206
16,43,15.343706098190166
16,44,12.24801550709593
16,45,13.529310581066254
16,46,11.366079071344496
16,47,12.24732110508669
16,48,15.078603300328561
16,49,15.153985941891218
16,50,16.7151797063782
16,51,19.976076611106592
16,52,19.997060870000613
16,53,20.773762827885562
16,54,24.432747294709397
16,55,25.057974140043992
16,56,23.222510525711723
16,57,25.465754277424267
16,58,28.460336852994576
16,59,27.88564968172696
16,60,27.535403721347517
16,61,30.934196051571412
16,62,32.60625181760427
16,63,32.12700998020306
16,64,33.13104229960183
16,65,36.32755391718928
16,66,37.391419098510326
16,67,36.618581290727384
16,68,37.44178346676445
16,69,35.02194959166526
16,70,32.63391271685589
16,71,32.01381113288433
16,72,29.178313243353145
16,73,29.602428698456013
16,74,28.716702621023884
16,75,24.99400973145567
16,76,22.948849183122075
16,77,19.18663898223573
16,78,16.18230027967974
16,79,12.464891695432694
16,80,10.537263838582005
16,81,7.486756489191825
16,82,7.154487355188556
16,83,9.246909289725737
16,84,11.678609995442933
16,85,11.889882634384989
16,86,13.162351160116714
16,87,15.569780125240948
16,88,16.699760082766506
16,89,17.40182804710776
16,90,19.16515656673535
16,91,21.26673723634085
16,92,22.281904994916534
16,93,23.315181676173115
16,94,25.927465335634533
16,95,27.423300648007913
16,96,27.829854435345517
16,97,31.497855459725194
16,98,33.49000344372766
16,99,36.45565177539719
16,100,36.57010710490375
16,101,37.34818014924256
16,102,40.10092053327118
17,1,25.336918558097874
17,2,26.871862613697125
17,3,25.183217668860284
17,4,21.863947999330588
17,5,22.662046881469934
17,6,23.547898790267425
17,7,20.660100984394887
17,8,17.94948526218519
17,9,19.87683199966174
17,10,20.153774458537903
17,11,16.457755241819168
17,12,14.765266214724807
17,13,10.106485688205593
17,14,6.328926913520518
17,15,5.914327063267492
17,16,3.784953435144776
17,18,3.790063459794103
17,19,6.866645599648253
17,20,10.401486633964812
17,21,13.314096086133885
17,22,16.973172614109274
17,23,17.36297316613586
17,24,21.02619760664399
17,25,21.84942355160294
17,26,23.369435490822543
17,27,27.06382363637599
17,28,29.285203322009746
17,29,32.491520257882634
17,30,31.530968241110603
17,31,28.29482199249575
17,32,26.466637022211057
17,33,23.57591817439036
17,34,23.694041176721676
17,35,23.22240619518383
17,36,20.318241604900667
17,37,18.681653971373706
17,38,19.08497071394726
17,39,17.8656445590253
17,40,14.538448389633992
17,41,14.175093340802366
17,42,15.004422594470823
17,43,12.219348035961932
17,44,9.556784934959172
17,45,11.55175464109087
17,46,10.05362639895253
17,47,12.023575466949051
17,48,15.091071499852903
17,49,14.400213766940237
17,50,15.42036707379062
17,51,18.921596132064785
17,52,18.587334284653352
17,53,18.79111141656875
