1,2,3.802457266964771
1,3,5.560209711859906
1,4,5.47189067150283
1,5,6.740806201448297
1,6,9.124700807648942
1,7,19.81897272620208
1,8,23.120414763597157
1,9,22.601882660030817
1,10,21.69545051954526
1,11,19.48287114815398
1,12,20.46713633544162
1,13,18.490938291096853
1,14,19.48207359796891
1,15,20.57882080639795
1,16,20.95844987376705
1,17,18.287907779251903
1,18,16.536802977113172
1,19,19.07160991566933
1,20,18.19684901250206
1,21,21.947474117473053
1,22,23.35050158942295
1,23,20.588265858241275
1,24,21.860685822338542
1,25,21.131871654634313
1,26,18.04039505519414
1,27,18.74519242309037
1,28,19.698683468966358
1,29,16.659461107565946
1,30,14.41693808610655
1,31,17.09183365687293
1,32,17.277783162392083
1,33,13.58230741863267
1,34,14.210242854628461
1,35,17.30853310487591
1,36,15.747714031737399
1,37,13.44045777984364
1,38,15.254782726677876
1,39,15.327743416112972
1,40,12.312746202186577
1,41,10.2033555469114
1,42,12.444063224112055
1,43,10.259111747188957
1,44,8.154857844435655
1,45,11.64856775235024
1,46,11.587847167163245
1,47,8.92363646172479
1,48,10.280002069648447
1,49,13.72414219801041
1,50,13.248403315822824
1,51,12.439575468574102
1,52,15.394464735273141
1,53,17.701610238321823
1,54,16.687852874033528
1,55,17.532697433332768
1,56,20.589053149078854
1,57,22.025048126111397
1,58,21.386940858456104
1,59,21.95887113236309
1,60,24.783509678952328
1,61,24.644546223899376
1,62,23.64549234528602
1,63,25.890720703956955
1,64,25.120091894095978
1,65,28.196174979300956
1,66,28.02448234568523
1,67,25.17008209163973
1,68,25.343032609095175
1,69,23.461052913011848
1,70,23.63254000814176
1,71,22.90687539133246
1,72,21.03824734522006
1,73,20.17275414197599
1,74,17.152313552903138
1,75,16.312656590610434
1,76,16.45273649311876
1,77,14.455094824285652
1,78,11.32466558331481
1,79,12.079137745954199
1,80,12.802807063095843
1,81,9.54946529198187
1,82,7.477953111751363
1,83,10.25762616378475
1,84,9.998059661640147
1,85,6.488183162756669
1,86,8.292882563255489
1,87,11.728005450804798
1,88,10.835740910419096
1,89,12.659658320517162
1,90,14.190517303907555
1,91,17.625465584065285
1,92,19.682407505624003
1,93,22.031280425340988
1,94,25.73885965613532
2,1,3.802457266964771
2,3,3.849912183704478
2,4,5.61745131013532
2,5,5.5459344283150855
2,6,6.711913132429694
2,7,19.871774969452428
2,8,23.467841038526043
2,9,23.470096889772186
2,10,23.116480606510912
2,11,21.37861283002269
2,12,22.89659982024212
2,13,21.322539038787294
2,14,22.693289984976385
2,15,23.652183485700345
2,16,24.278473749104208
2,17,21.58496717276344
2,18,20.109323512292537
2,19,22.698840720696285
2,20,21.849013602725517
2,21,25.565563992125885
2,22,27.095558714159683
2,23,24.37977213776077
2,24,25.62779871205001
2,25,24.79221100869109
2,26,21.742105320577625
2,27,22.243362579029107
2,28,23.072345620934254
2,29,20.07905860181041
2,30,17.732143639185704
2,31,20.05675854971763
2,32,20.098878558327186
2,33,16.3143751917397
2,34,16.542467479281974
2,35,19.353027729524555
2,36,17.53058132130858
2,37,14.743292783750725
2,38,15.708537711843372
2,39,14.840905958941125
2,40,11.304771833211086
2,41,10.40567343715713
2,42,12.779781907258142
2,43,10.233058565600107
2,44,9.541234397437863
2,45,13.235627776654797
2,46,13.02329777699992
2,47,11.130790173927286
2,48,13.119623559837445
2,49,16.27794335309165
2,50,15.782074651617053
2,51,15.63022981752522
2,52,18.607014494758307
2,53,20.655315917304417
2,54,19.71180350853326
2,55,20.950809340918948
2,56,23.919417431012914
2,57,25.12067654977207
2,58,24.559228234458732
2,59,25.424959123366776
2,60,28.383957538148323
2,61,28.289175900131568
2,62,27.395869195505334
2,63,29.625623546635882
2,64,28.728257132883577
2,65,31.74788638387758
2,66,31.58838388266978
2,67,28.60399390000983
2,68,28.612525862988672
2,69,26.46963097785271
2,70,26.288550760669278
2,71,25.142448886459906
2,72,22.965003092306578
2,73,21.52375116875286
2,74,18.247315860576215
2,75,17.13798471674359
2,76,18.027750369209894
2,77,16.38609594314463
2,78,12.842830565114236
2,79,13.880133009372798
2,80,15.417632351152882
2,81,12.398672935683106
2,82,10.030658087424355
2,83,13.118858472280499
2,84,13.505374742424003
2,85,10.140015541489289
2,86,11.399340876818563
2,87,15.078844138472311
2,88,14.472770663843342
2,89,15.980222113894039
2,90,17.35830150710918
2,91,20.773546796377563
2,92,23.107690723238438
2,93,25.582201351223183
2,94,29.313326798057716
3,1,5.560209711859906
3,2,3.849912183704478
3,4,3.8285559268857066
3,5,5.512084914623945
3,6,5.183637505376054
3,7,16.911651509703226
3,8,20.54929789711482
3,9,20.508219371478162
3,10,20.5382819631815
3,11,18.97248055927139
3,12,20.837796285894314
3,13,19.81760375284925
3,14,21.71616835172587
3,15,22.940741184906955
3,16,24.13081364315351
3,17,21.91975130299848
3,18,20.70675921993436
3,19,23.677757483663918
3,20,23.217440567537114
3,21,27.039023101129956
3,22,28.087172618787974
3,23,25.035130655386098
3,24,25.738761551516944
3,25,24.35915867521036
3,26,21.50356647031753
3,27,21.504932552097394
3,28,21.92364597369349
3,29,19.128554224444343
3,30,16.633091192133836
3,31,18.339693410014053
3,32,18.18742049055144
3,33,14.442407342806822
3,34,14.18161419298868
3,35,16.623615524978845
3,36,14.753680681549879
3,37,11.618878951381728
3,38,12.168929862638073
3,39,11.092253407872814
3,40,7.528629902185133
3,41,6.8604192920946705
3,42,9.214552413232832
3,43,6.985621128517146
3,44,7.108394183914515
3,45,10.793820944449871
3,46,11.295726460450698
3,47,10.400660917692294
3,48,12.062302644684037
3,49,15.06163568862473
3,50,15.368598153051778
3,51,15.66963335372359
3,52,18.095037379742113
3,53,20.311628724300025
3,54,20.090320695066467
3,55,21.396131046424863
3,56,23.914872028413143
3,57,25.394534677358315
3,58,25.40075084810479
3,59,26.268045027183074
3,60,29.03010574057072
3,61,28.45321701746265
3,62,27.52202019769507
3,63,29.433587926848233
3,64,28.055449682758734
3,65,30.886493120925724
3,66,30.899002620272142
3,67,27.66516804530411
3,68,27.631805218538606
3,69,25.134146021412363
3,70,24.765488750097862
3,71,23.216007356550705
3,72,21.172012464943123
3,73,19.507910078418355
3,74,15.955710389344372
3,75,15.417227443933758
3,76,16.79110291071699
3,77,14.803008115679253
3,78,11.423128032666794
3,79,13.454661525603491
3,80,14.96494975521459
3,81,11.79907449881411
3,82,10.390990175843376
3,83,14.02091508118749
3,84,14.175016412266102
3,85,11.305057159411868
3,86,13.53154309654123
3,87,16.93704481226141
3,88,16.072690555308668
3,89,18.071335330549093
3,90,19.255782650922797
3,91,22.85038550235436
3,92,24.753005695645278
3,93,27.182690905379985
3,94,30.788818205565537
4,1,5.47189067150283
4,2,5.61745131013532
4,3,3.8285559268857066
4,5,3.8010736315959663
4,6,5.389890685354564
4,7,14.547928066463983
4,8,18.016776311820436
4,9,17.897901691577484
4,10,17.521254086842525
4,11,15.958875593813351
4,12,17.813119500036724
4,13,16.66914164097605
4,14,18.61340552784961
4,15,19.508932145391544
4,16,20.81954955449655
4,17,18.64867371615263
4,18,17.861369028639523
4,19,21.076162313509244
4,20,21.112725217304085
4,21,24.963075167300683
4,22,25.887224960534507
4,23,22.8555860781597
4,24,23.395685026485005
4,25,22.024875768399557
4,26,19.525549461745847
4,27,19.91264453633105
4,28,19.86492640632769
4,29,16.743140941206235
4,30,14.834199861452435
4,31,16.695616403031803
4,32,15.910762819484205
4,33,12.104757226281064
4,34,12.74175244719264
4,35,14.903710111097409
4,36,12.48199266022447
4,37,10.012633216491327
4,38,10.853081208297548
4,39,10.549310408999055
4,40,7.74976556002557
4,41,6.036278197860641
4,42,9.39383031439062
4,43,8.52860525609183
4,44,7.430177469848229
4,45,11.080599115854389
4,46,12.52104587518703
4,47,11.215172583571093
4,48,11.698721418848354
4,49,15.170067311943708
4,50,15.968378819380655
4,51,15.475432760835378
4,52,17.56070212497078
4,53,20.345707950045078
4,54,20.23091901719888
4,55,20.859460960278014
4,56,23.411821751876538
4,57,25.380521882796707
4,58,25.30658234828051
4,59,25.610792505813865
4,60,28.021568342533556
4,61,27.2179375855674
4,62,25.811099740543014
4,63,27.40374571506732
4,64,25.967983810181973
4,65,28.565030759123204
4,66,28.21941824463247
4,67,24.908884224798893
4,68,24.527815901098418
4,69,21.96129432620584
4,70,21.376736389784757
4,71,19.870285237238537
4,72,17.63342677618514
4,73,16.052930601827047
4,74,12.677123215242576
4,75,11.913347208251174
4,76,13.02279233041646
4,77,11.171168039958625
4,78,7.665232274601251
4,79,9.653501309119799
4,80,11.310684427493076
4,81,8.437780177782772
4,82,7.081617991284501
4,83,10.883057570302881
4,84,11.453884166289235
4,85,9.291850741473347
4,86,11.692469078095417
4,87,14.876600929892096
4,88,14.548511539218676
4,89,17.181097658429035
4,90,18.934242293584205
4,91,22.347006612265712
4,92,23.91817607697427
4,93,25.90057991563493
4,94,29.505629759910786
5,1,6.740806201448297
5,2,5.5459344283150855
5,3,5.512084914623945
5,4,3.8010736315959663
5,6,3.869743059600974
5,7,15.645914488628033
5,8,19.2011390458886
5,9,19.7120721488707
5,10,19.432557023075553
5,11,18.337872237431316
5,12,20.368889386619184
5,13,19.12821976079805
5,14,20.938827035208078
5,15,21.248169548000405
5,16,22.352034563001684
5,17,19.78879445747389
5,18,19.294760966882592
5,19,22.363464881816476
5,20,22.405814592101883
5,21,26.17387174412228
5,22,27.517159085890142
5,23,24.807723553966518
5,24,25.674321008140417
5,25,24.66870622845382
5,26,22.253439239691332
5,27,23.065625484803554
5,28,23.010987274279945
5,29,19.659864717210954
5,30,18.09891589783693
5,31,20.19883604473849
5,32,19.180837913920634
5,33,15.405930299284735
5,34,16.417085631184488
5,35,18.40100802563374
5,36,15.646126025262497
5,37,13.430488517978196
5,38,13.723951236829524
5,39,12.817154519847893
5,40,9.852902100228851
5,41,9.270086374705587
5,42,12.79549987172274
5,43,11.777310571474725
5,44,11.098443370258382
5,45,14.818077733149538
5,46,15.957631050244826
5,47,14.39202468370182
5,48,15.155260631319733
5,49,18.702542133202535
5,50,19.126728488583634
5,51,18.431795367472684
5,52,20.810521344156815
5,53,23.547137703060802
5,54,23.0248302433799
5,55,23.567071546928315
5,56,26.413506675406165
5,57,28.260147901079776
5,58,27.8027683539185
5,59,28.028600256730744
5,60,30.506827556123305
5,61,29.97058536611619
5,62,28.415901767867567
5,63,30.059835799813193
5,64,28.86354501890863
5,65,31.407364762349225
5,66,30.731117152983558
5,67,27.49107856845174
5,68,26.788755235096424
5,69,24.272793553068325
5,70,23.37409435794421
5,71,21.840730446955607
5,72,19.108464408181643
5,73,17.176438259539903
5,74,14.06151149517369
5,75,12.291546234137211
5,76,13.63835939816063
5,77,12.800460325049778
5,78,8.962826981307769
5,79,9.923219838750764
5,80,12.526476997133626
5,81,10.44564152625358
5,82,7.890967146664683
5,83,11.298561998082766
5,84,12.908214782720151
5,85,10.733848227859275
5,86,11.990366571465929
5,87,15.498853682255712
5,88,15.922936079820246
5,89,18.341295397913917
5,90,20.48590686951278
5,91,23.680892462353583
5,92,25.5979029341989
5,93,27.457572638558997
5,94,31.193261026873536
6,1,9.124700807648942
6,2,6.711913132429694
6,3,5.183637505376054
6,4,5.389890685354564
6,5,3.869743059600974
6,7,14.945846391779659
6,8,18.738257110043616
6,9,19.62010206749197
6,10,20.073130403814226
6,11,19.392360949034725
6,12,21.88526777824459
6,13,21.220838099396847
6,14,23.460509548555017
6,15,23.998237022195973
6,16,25.471678052942885
6,17,23.18536501647553
6,18,22.734291820687293
6,19,25.910518527441752
6,20,25.937957412053102
6,21,29.746516350995897
6,22,30.934643937355723
6,23,28.048800545766966
6,24,28.68803745125117
6,25,27.34952824252083
6,26,24.91134764124426
6,27,25.25033344061155
6,28,25.103719515747702
6,29,22.009101410115488
6,30,20.127878507229433
6,31,21.711830183924132
6,32,20.74178920423418
6,33,17.02930098583417
6,34,17.333847887313212
6,35,18.999581348513082
6,36,16.28399099737956
6,37,13.543242373613065
6,38,12.919569444317089
6,39,10.999972246970469
6,40,7.693691949542814
6,41,8.647317244477955
6,42,11.867480445833415
6,43,10.840983581871539
6,44,11.480345105269839
6,45,15.032110244017922
6,46,16.171270293026407
6,47,15.435898200349763
6,48,16.598002853823584
6,49,19.7825531955321
6,50,20.390789982766606
6,51,20.370971507671992
6,52,22.63125306353997
6,53,25.152698063157924
6,54,24.945594693399514
6,55,25.90510793499724
6,56,28.503000227486275
6,57,30.222341775696584
6,58,30.090720672436824
6,59,30.639323042139786
6,60,33.21540649049294
6,61,32.53805341550221
6,62,31.182871927125024
6,63,32.77908217664171
6,64,31.29842545362385
6,65,33.797925208653446
6,66,33.35424242245414
6,67,29.95800877653157
6,68,29.29396642450993
6,69,26.499024439580488
6,70,25.410897215649893
6,71,23.4228631521966
6,72,20.722802880934623
6,73,18.327846900082495
6,74,14.899677639297465
6,75,13.506202734016787
6,76,15.680409969538779
6,77,14.75660267338295
6,78,11.072954483381395
6,79,12.84538137208591
6,80,15.517544714499886
6,81,13.321385077993272
6,82,11.392157212328549
6,83,14.985967636572553
6,84,16.33468760933635
6,85,14.063909549086265
6,86,15.64191330890485
6,87,19.17513894810996
6,88,19.247003664926652
6,89,21.53400339244229
6,90,23.305525725733453
6,91,26.68960959457491
6,92,28.64459594395278
6,93,30.727414487027637
6,94,34.42531287464524
7,1,19.81897272620208
7,2,19.871774969452428
7,3,16.911651509703226
7,4,14.547928066463983
7,5,15.645914488628033
7,6,14.945846391779659
7,8,3.847493435122559
7,9,5.848306612486309
7,10,8.157880084253346
7,11,10.243752629625204
7,12,14.053506388377734
7,13,15.94596500689536
7,14,19.525303679346248
7,15,19.71561321011333
7,16,22.974718289216273
7,17,22.796763736066705
7,18,24.102475550391667
7,19,27.895209612139116
7,20,29.686361576479516
7,21,33.1942046262928
7,22,32.869292065382666
7,23,29.684331595710894
7,24,28.527476606793456
7,25,26.034849852389947
7,26,25.457400336133635
7,27,25.240366116628607
7,28,22.948017684133156
7,29,20.646909758737618
7,30,20.382360313866876
7,31,19.928091899745354
7,32,16.99923768121928
7,33,15.27991074371041
7,34,15.998724579069574
7,35,14.338580751608605
7,36,10.906018397774936
7,37,11.15501815016246
7,38,8.600553543263963
7,39,8.903322644013304
7,40,11.386295489978991
7,41,11.733318640932527
7,42,13.62481467560065
7,43,16.636129838860455
7,44,16.960296288060082
7,45,18.185927584639334
7,46,21.64411081986137
7,47,22.214469236493333
7,48,20.857934553267157
7,49,23.32043688613197
7,50,26.039476583497834
7,51,25.658291064367205
7,52,25.778096088770056
7,53,29.07950962015136
7,54,30.500585641626333
7,55,30.35331252832741
7,56,31.660422903220972
7,57,34.61415672514776
7,58,35.53473334871251
7,59,35.06952874129361
7,60,36.295875074690045
7,61,34.144360301280706
7,62,31.94589161383751
7,63,31.8020344194866
7,64,29.090745691947824
7,65,30.034455822210546
7,66,29.266433984716485
7,67,25.462110040876517
7,68,23.744986494451926
7,69,20.01151503258296
7,70,17.451519416483904
7,71,13.946778853451265
7,72,11.618721658942587
7,73,8.277429608386136
7,74,6.076370227400975
7,75,7.707560129334802
7,76,10.879495096440381
7,77,10.632392563069363
7,78,10.810137199834463
7,79,13.665674854226461
7,80,15.287590236767928
7,81,15.321751966216874
7,82,16.63436904702499
7,83,19.261741009797703
7,84,20.3326756631492
7,85,20.77863064442861
7,86,23.429840813532206
7,87,25.337224412313603
7,88,25.640797709553112
7,89,29.166831851830423
7,90,31.12628114592604
7,91,34.23782744214156
7,92,34.65481436926375
7,93,35.69892215403924
7,94,38.75885877320179
8,1,23.120414763597157
8,2,23.467841038526043
8,3,20.54929789711482
8,4,18.016776311820436
8,5,19.2011390458886
8,6,18.738257110043616
8,7,3.847493435122559
8,9,3.762828396877163
8,10,6.710224951697269
8,11,9.910202248735667
8,12,13.576946476400511
8,13,16.098237093866988
8,14,19.703363670909813
8,15,19.691482503441897
8,16,23.223936837251433
8,17,23.61411192415526
8,18,25.31533055421767
8,19,29.058556221452193
8,20,31.210646700011733
8,21,34.52243720252598
8,22,33.86914961392515
8,23,30.754596270950902
8,24,29.219190721920146
8,25,26.587527128215367
8,26,26.54711971615821
8,27,26.28819091810988
8,28,23.551052437523563
8,29,21.573129296571164
8,30,21.82083803108504
8,31,20.96203885140985
8,32,17.702537560119197
8,33,16.752145519710435
8,34,17.63445102127424
8,35,15.28888735847965
8,36,12.191110678112468
8,37,13.401802634434226
8,38,11.152810289848947
8,39,12.093270285917411
8,40,14.970212081029795
8,41,15.026652691746735
8,42,16.50389262798347
8,43,19.812566174580304
8,44,19.928666210303597
8,45,20.703527412427594
8,46,24.350060708699562
8,47,25.005775239868267
8,48,23.23322181842725
8,49,25.469895535905508
8,50,28.452606488708323
8,51,27.924833885571747
8,52,27.61626126354871
8,53,30.990531050976067
8,54,32.655194357479935
8,55,32.21825410486826
8,56,33.23954577375537
8,57,36.40749418206839
8,58,37.479485115397175
8,59,36.752014618977995
8,60,37.62085623440414
8,61,35.19511650254985
8,62,32.81045318914372
8,63,32.2151457228835
8,64,29.312318659017542
8,65,29.76552557330387
8,66,28.86332192712131
8,67,25.11864795243284
8,68,23.10990482429916
8,69,19.32408040288218
8,70,16.400973879462978
8,71,12.663526069553159
8,72,10.79204727029957
8,73,7.783588678527203
8,74,7.311032524797312
8,75,9.462451833701197
8,76,11.932930373418115
8,77,12.046704930024797
8,78,13.26803343591516
8,79,15.74459329926166
8,80,16.88836271879893
8,81,17.500653585855947
8,82,19.24935114486287
8,83,21.428473184334017
8,84,22.40966629055629
8,85,23.371105038264623
8,86,26.026213629070774
8,87,27.535683025638324
8,88,27.927949202282928
8,89,31.579960745846904
8,90,33.57238155883003
8,91,36.52706738628131
8,92,36.61601002890825
8,93,37.37004745140165
8,94,40.22185313396004
9,1,22.601882660030817
9,2,23.470096889772186
9,3,20.508219371478162
9,4,17.897901691577484
9,5,19.7120721488707
9,6,19.62010206749197
9,7,5.848306612486309
9,8,3.762828396877163
9,10,3.783528146261978
9,11,6.820782463310832
9,12,10.341724022738063
9,13,13.271879116450242
9,14,16.943868505374247
9,15,17.371368147668967
9,16,21.031082818360936
9,17,21.83706097986804
9,18,23.386328994185533
9,19,27.073752510780178
9,20,29.264859733402133
9,21,32.47812810668736
9,22,31.49890390054996
9,23,28.288232390304742
9,24,26.461732212679063
9,25,23.609733440486107
9,26,23.766112830044882
9,27,23.27603186722396
9,28,20.357525366574595
9,29,18.727900429872893
9,30,19.118739546266067
9,31,17.88926953558956
9,32,14.566747004080987
9,33,14.188784953897999
9,34,15.021189156891184
9,35,12.260980062859543
9,36,9.561963020001501
9,37,11.555737774462987
9,38,10.036224877799654
9,39,12.089566081156114
9,40,15.157644371995875
9,41,14.41386768399431
9,42,15.376556394586903
9,43,18.916512776147968
9,44,18.626217658585855
9,45,18.852880142521364
9,46,22.634331556231118
9,47,23.367234777945143
9,48,21.182549643360627
9,49,23.12563349328826
9,50,26.332263682413295
9,51,25.74886088837033
9,52,25.031509909832256
9,53,28.393793072044456
9,54,30.305664000089294
9,55,29.718423336951332
9,56,30.43972543754222
9,57,33.71748922637596
9,58,34.986651746253095
9,59,34.16371600807492
9,60,34.82209167440022
9,61,32.19913913707105
9,62,29.85521108680364
9,63,29.08397011544264
9,64,26.02048764397687
9,65,26.361801097579598
9,66,25.659100796256006
9,67,21.910754370123314
9,68,20.115584006872428
9,69,16.303392764325825
9,70,13.658205029056875
9,71,9.91735745224834
9,72,8.976335961799153
9,73,7.056172233745991
9,74,6.759316092373935
9,75,10.04747023042088
9,76,11.57611846919507
9,77,10.808636645003782
9,78,12.790713215176396
9,79,15.422658550478756
9,80,15.70284347990527
9,81,16.20346974669052
9,82,18.602444253809807
9,83,20.5863579494866
9,84,20.991048956740215
9,85,22.21945703844111
9,86,25.152074031723327
9,87,26.302320177751515
9,88,26.383535079784433
9,89,30.052770398474888
9,90,31.837914624199588
9,91,34.719701378534666
9,92,34.49517959712534
9,93,35.17421275664945
9,94,37.82792037944084
10,1,21.69545051954526
10,2,23.116480606510912
10,3,20.5382819631815
10,4,17.521254086842525
10,5,19.432557023075553
10,6,20.073130403814226
10,7,8.157880084253346
10,8,6.710224951697269
10,9,3.783528146261978
10,11,3.7951894770991115
10,12,7.031511307214952
10,13,9.8791236611682
10,14,13.438624314185958
10,15,13.678709381143067
10,16,17.387168815718837
10,17,18.433908036106832
10,18,20.173702585053032
10,19,23.781659023388045
10,20,26.190085732100254
10,21,29.245483225157148
10,22,28.14391300194807
10,23,25.05044948104146
10,24,23.139136367892007
10,25,20.40486171839961
10,26,20.86580207600968
10,27,20.71331372578919
10,28,17.606827615973554
10,29,15.867701544090593
10,30,16.838814278218337
10,31,15.85068221751865
10,32,12.204644598616344
10,33,12.16885442806353
10,34,13.796934657317726
10,35,11.209887908416112
10,36,8.517539202659886
10,37,11.38591759194616
10,38,11.0880519060501
10,39,13.793458345766272
10,40,16.34765268934322
10,41,14.763295648270978
10,42,15.955616719605704
10,43,19.283386431421405
10,44,18.224915628661304
10,45,18.443815641728303
10,46,22.202013473988586
10,47,22.454011561809285
10,48,19.857225363893118
10,49,21.923962935378317
10,50,25.075191946728207
10,51,24.00725899481183
10,52,23.143975801948486
10,53,26.677073881116602
10,54,28.464262911146903
10,55,27.467092222652436
10,56,28.219710609154756
10,57,31.664512663451305
10,58,32.76684373503087
10,59,31.61617716791615
10,60,32.04053968706833
10,61,29.398815756675944
10,62,26.81546258155608
10,63,25.883957628319642
10,64,22.936124155106548
10,65,23.16951120096534
10,66,22.191529386261692
10,67,18.471233761956952
10,68,16.47387006980403
10,69,12.671657529151569
10,70,9.921705438072758
10,71,6.1992944444559335
10,72,5.464904998945063
10,73,4.816243768995666
10,74,5.6800288443523215
10,75,9.101432211604354
10,76,9.356580366166636
10,77,8.478214575949984
10,78,11.360995505103523
10,79,13.474498016915582
10,80,13.077611488598118
10,81,14.083666559002985
10,82,16.836881620147466
10,83,18.26049000198553
10,84,18.52422329419468
10,85,20.276641979014517
10,86,23.094641699419203
10,87,23.796396520570394
10,88,24.016116470491678
10,89,27.758450634358507
10,90,29.670631826714903
10,91,32.31073597768051
10,92,31.854465762271303
10,93,32.245170212906814
10,94,34.78555649998624
11,1,19.48287114815398
11,2,21.37861283002269
11,3,18.97248055927139
11,4,15.958875593813351
11,5,18.337872237431316
11,6,19.392360949034725
11,7,10.243752629625204
11,8,9.910202248735667
11,9,6.820782463310832
11,10,3.7951894770991115
11,12,3.821997248638515
11,13,6.492283338069372
11,14,10.202424156281639
11,15,11.162975461472783
11,16,14.75950979029215
11,17,15.838616294988142
11,18,17.140481741334288
11,19,20.717456858866033
11,20,22.963911280845
11,21,26.033492503639454
11,22,24.825422332138874
11,23,21.59409184509459
11,24,19.652149193804522
11,25,16.813217304531445
11,26,17.138354558320593
11,27,16.921766001685207
11,28,13.871024770095692
11,29,12.116538603311234
11,30,13.10447056200957
11,31,12.168030308219391
11,32,8.462038166588549
11,33,8.620673561587726
11,34,10.560648079376875
11,35,8.241327533284123
11,36,5.837785115159849
11,37,9.298156668618729
11,38,10.255167428321824
11,39,13.567656989017522
11,40,15.685896181811042
11,41,13.313105140997008
11,42,14.27500337091057
11,43,17.389264097181588
11,44,15.768770284136687
11,45,15.730273522516217
11,46,19.41417698987264
11,47,19.46971471915707
11,48,16.58320314545657
11,49,18.571318977606204
11,50,21.722358209510574
11,51,20.497508498208454
11,52,19.479207147894872
11,53,23.041714172571915
11,54,24.84173040605303
11,55,23.745689479113242
11,56,24.446283069942574
11,57,27.921433684554547
11,58,29.03726481729536
11,59,27.864086268761387
11,60,28.281598440163524
11,61,25.63984640978583
11,62,23.13110889563983
11,63,22.340984814313764
11,64,19.412221843320655
11,65,19.95109275639146
11,66,19.19038445857643
11,67,15.385938858850423
11,68,13.842462623825567
11,69,10.072099833074796
11,70,8.183301888990268
11,71,5.242928832596764
11,72,5.470496656674529
11,73,6.348545977940726
11,74,6.2500457641785925
11,75,9.675484748290932
11,76,9.011341408204723
11,77,6.814536698168194
11,78,10.010007269220807
11,79,12.164068408283258
11,80,10.881454715076288
11,81,11.48902436575284
11,82,14.733912611991107
11,83,16.006256141212855
11,84,15.65152274665171
11,85,17.510994470841815
11,86,20.53128804654106
11,87,20.98455939692388
11,88,20.87481287895868
11,89,24.567773972379293
11,90,26.30338298327568
11,91,28.902676773995534
11,92,28.304608116133625
11,93,28.741385552793044
11,94,31.226945389000814
12,1,20.46713633544162
12,2,22.89659982024212
12,3,20.837796285894314
12,4,17.813119500036724
12,5,20.368889386619184
12,6,21.88526777824459
12,7,14.053506388377734
12,8,13.576946476400511
12,9,10.341724022738063
12,10,7.031511307214952
12,11,3.821997248638515
12,13,3.7821570501296073
12,14,7.11802803210543
12,15,8.63292194277011
12,16,12.18859812122044
12,17,13.957210035943552
12,18,15.186899856610212
12,19,18.47946156000417
12,20,20.898339532265254
12,21,23.661289073666556
12,22,22.04172310863399
12,23,18.871510452917846
12,24,16.5442174035019
12,25,13.58981825890111
12,26,14.49315963232469
12,27,14.366431751436714
12,28,10.948551881626836
12,29,9.632511518244353
12,30,11.46044954390974
12,31,10.410641986191322
12,32,6.6109455028180015
12,33,8.148186672780389
12,34,10.52885627497515
12,35,8.47421088248272
12,36,7.495115482675003
12,37,11.200454695759209
12,38,13.073563053382824
12,39,16.637483219689535
12,40,18.46131671267674
12,41,15.58477524759672
12,42,16.23471344033018
12,43,19.057583984861598
12,44,16.856248830736476
12,45,16.388944927938635
12,46,19.848483798373056
12,47,19.62367373469833
12,48,16.276906103392758
12,49,17.945634312685765
12,50,21.07874522007571
12,51,19.471068703491227
12,52,17.972883144153624
12,53,21.53439132484706
12,54,23.405118129170866
12,55,21.852073688287106
12,56,22.268596732134156
12,57,25.923473421284296
12,58,27.063850173924838
12,59,25.546551284446338
12,60,25.552474897444313
12,61,22.719783072972792
12,62,20.0479593865804
12,63,18.907820602179434
12,64,15.917463713413333
12,65,16.216865872223924
12,66,15.410347572310465
12,67,11.617848211070955
12,68,10.199247407897666
12,69,6.480597478415967
12,70,5.523715827823255
12,71,4.285807847591887
12,72,6.489445045841498
12,73,9.001955778838596
12,74,9.539863671035977
12,75,12.451641843707218
12,76,10.730623635189154
12,77,8.40614282779572
12,78,11.900327836857223
12,79,13.373400231944203
12,80,11.024482558276983
12,81,11.846629911650615
12,82,15.467269986484755
12,83,16.008090042825874
12,84,15.04315718530232
12,85,17.42620172812326
12,86,20.370544566895344
12,87,20.145398736050588
12,88,19.883630186993194
12,89,23.49772942296753
12,90,25.10303633170793
12,91,27.380551900274508
12,92,26.3321066476072
12,93,26.44917804969339
12,94,28.625442678744438
13,1,18.490938291096853
13,2,21.322539038787294
13,3,19.81760375284925
13,4,16.66914164097605
13,5,19.12821976079805
13,6,21.220838099396847
13,7,15.94596500689536
13,8,16.098237093866988
13,9,13.271879116450242
13,10,9.8791236611682
13,11,6.492283338069372
13,12,3.7821570501296073
13,14,3.7455528652148695
13,15,5.699469199852387
13,16,8.869133012580752
13,17,10.385937816627688
13,18,11.412474750137147
13,19,14.712022487384665
13,20,17.141392827278455
13,21,19.924558603302067
13,22,18.451835035304132
13,23,15.309136544847846
13,24,13.260078397649886
13,25,10.662383087784136
13,26,11.416681509470205
13,27,12.043138562412935
13,28,8.946416159990694
13,29,6.763812764840619
13,30,9.227686368082285
13,31,9.329406039873557
13,32,5.881597557591759
13,33,6.899749242150275
13,34,10.214539175242518
13,35,9.532995076248705
13,36,8.606218502633451
13,37,11.772188704240028
13,38,14.335996973551604
13,39,17.768734861440738
13,40,18.86130969506988
13,41,15.569497695211728
13,42,16.571995325369308
13,43,18.772804699310374
13,44,15.966239335341957
13,45,15.837384317527816
13,46,18.91162159024808
13,47,18.002485169580787
13,48,14.55940363446076
13,49,16.54942453631323
13,50,19.258385101462036
13,51,17.103716329136343
13,52,15.842461800630044
13,53,19.54259877040973
13,54,20.96321550611901
13,55,19.089089602954203
13,56,19.875193467332018
13,57,23.544883951682966
13,58,24.28606984730472
13,59,22.548859037997953
13,60,22.5950006887883
13,61,20.026123580970452
13,62,17.146151011432757
13,63,16.30899766958284
13,64,13.791818162246376
13,65,14.604092755939229
13,66,13.49333378017144
13,67,9.740213902941836
13,68,8.4965900345607
13,69,5.368844024788495
13,70,5.710813145606235
13,71,6.352882799244705
13,72,7.568079283458446
13,73,10.289173364849965
13,74,10.571811245407284
13,75,12.6227079648308
13,76,10.107806320726315
13,77,7.623590953716917
13,78,10.877037211046318
13,79,11.600952929435225
13,80,8.486698346382356
13,81,9.463020957859907
13,82,13.121582968651731
13,83,13.051644472322971
13,84,11.791834861895104
13,85,14.556995704398867
13,86,17.268900739443975
13,87,16.666755091143553
13,88,16.507527625477252
13,89,20.117710576595805
13,90,21.883467577241962
13,91,23.964879272952185
13,92,22.892641275168128
13,93,22.873554108405333
13,94,25.13943332323093
14,1,19.48207359796891
14,2,22.693289984976385
14,3,21.71616835172587
14,4,18.61340552784961
14,5,20.938827035208078
14,6,23.460509548555017
14,7,19.525303679346248
14,8,19.703363670909813
14,9,16.943868505374247
14,10,13.438624314185958
14,11,10.202424156281639
14,12,7.11802803210543
14,13,3.7455528652148695
14,15,3.777573932111014
14,16,5.853907160292618
14,17,8.040860492818622
14,18,8.917025867544252
14,19,11.729413142157929
14,20,14.407398007479504
14,21,16.800302149573824
14,22,15.033791150753554
14,23,12.093741270450604
14,24,9.861576324218623
14,25,7.6590541047850875
14,26,9.124146817943949
14,27,10.590112884960732
14,28,7.71717143074943
14,29,5.671916451922405
14,30,9.188776945833801
14,31,9.982276408977334
14,32,7.564718250614877
14,33,8.892701042113607
14,34,12.252311881444772
14,35,12.259499531314797
14,36,11.920654046142902
14,37,14.768629982861777
14,38,17.67507734757101
14,39,21.05489457063815
14,40,21.77785878049718
14,41,18.272716246477994
14,42,19.262384515094322
14,43,21.004293000301736
14,44,17.787400177053556
14,45,17.616618392898978
14,46,20.216091543276544
14,47,18.814137221230144
14,48,15.25447645733772
14,49,17.078747143617246
14,50,19.368796239621698
14,51,16.679495425755164
14,52,15.27787708865187
14,53,18.874642343380916
14,54,19.98239654741356
14,55,17.534314221563363
14,56,18.317235247429824
14,57,22.052692915773495
14,58,22.498640510607988
14,59,20.294592362335546
14,60,19.947332729104303
14,61,17.442638770715654
14,62,14.214963933935978
14,63,13.190925861017913
14,64,11.135007343853651
14,65,11.97819715300374
14,66,10.415571011723529
14,67,6.938835755051319
14,68,5.937704485902423
14,69,4.453756987645168
14,70,6.615274578431329
14,71,8.921760575150458
14,72,10.306947138417316
14,73,13.363606343922601
14,74,13.905593399002695
14,75,15.408214223372926
14,76,12.359493026666897
14,77,10.306052841561089
14,78,13.198075028231235
14,79,13.070334798105339
14,80,9.396280014543306
14,81,10.609856591296687
14,82,14.006194865252672
14,83,12.981643546239988
14,84,11.273991582365216
14,85,14.528642636180276
14,86,16.774731535341267
14,87,15.36008616994159
14,88,15.264291682121824
14,89,18.66512281286401
14,90,20.436548528536555
14,91,22.022342315201737
14,92,20.552842607206422
14,93,20.068244266728403
14,94,22.07871711013128
15,1,20.57882080639795
15,2,23.652183485700345
15,3,22.940741184906955
15,4,19.508932145391544
15,5,21.248169548000405
15,6,23.998237022195973
15,7,19.71561321011333
15,8,19.691482503441897
15,9,17.371368147668967
15,10,13.678709381143067
15,11,11.162975461472783
15,12,8.63292194277011
15,13,5.699469199852387
15,14,3.777573932111014
15,16,3.806399880629477
15,17,6.32699218304565
15,18,8.766063282711631
15,19,11.498248303875986
15,20,14.761702748323287
15,21,16.930612012161266
15,22,15.517703715316905
15,23,13.226448696147376
15,24,11.485577495013898
15,25,10.302491076018331
15,26,11.927264573351689
15,27,14.016949710552261
15,28,11.403649153403329
15,29,9.103379298560085
15,30,12.469811850281685
15,31,13.612897232347793
15,32,10.925137607296996
15,33,11.614315427075397
15,34,15.265004268200194
15,35,15.14645408133473
15,36,14.031369816845148
15,37,16.877793491184807
15,38,19.37823241421971
15,39,22.507380013971694
15,40,23.161510445596353
15,41,19.883588317576844
15,42,21.449266324709004
15,43,23.179970315997103
15,44,20.023728624815014
15,45,20.400086381827542
15,46,23.034049030479398
15,47,21.36495500509255
15,48,18.045312400076096
15,49,20.282629208761833
15,50,22.33877778640406
15,51,19.44131456781333
15,52,18.48233031847851
15,53,22.11725661404395
15,54,22.831096601195604
15,55,20.248402692878756
15,56,21.39652120828432
15,57,25.049532459254554
15,58,25.084624718046147
15,59,22.654739931064395
15,60,22.23901353293013
15,61,20.045874555492496
15,62,16.53172620231776
15,63,15.396799360670856
15,64,13.898552004180406
15,65,14.281010814244354
15,66,11.815199019547993
15,67,8.913056858022259
15,68,6.45733753646311
15,69,5.319677324855235
15,70,5.949072711103625
15,71,8.62813651337035
15,72,9.277519381203009
15,73,12.50428818492399
15,74,13.796437333209619
15,75,14.614806507726039
15,76,11.083202167242836
15,77,10.208329902369476
15,78,13.232043797438273
15,79,12.225946655147109
15,80,8.831782148916274
15,81,11.282582229036734
15,82,14.12990553135064
15,83,12.501632183062222
15,84,11.782708136369934
15,85,15.400504709321275
15,86,16.99563612570202
15,87,15.452881276667453
15,88,16.266542493877232
15,89,19.74085119037247
15,90,22.039009369100928
15,91,23.369094914661122
15,92,22.06364745077771
15,93,21.181114518024465
15,94,23.25153860424296
16,1,20.95844987376705
16,2,24.278473749104208
16,3,24.13081364315351
16,4,20.81954955449655
16,5,22.352034563001684
16,6,25.471678052942885
16,7,22.974718289216273
16,8,23.223936837251433
16,9,21.031082818360936
16,10,17.387168815718837
16,11,14.75950979029215
16,12,12.18859812122044
16,13,8.869133012580752
16,14,5.853907160292618
16,15,3.806399880629477
16,17,3.8706587593442023
16,18,6.3377275966087145
16,19,8.236434617348408
16,20,11.792258781162198
16,21,13.526180345490458
16,22,12.1916075772774
16,23,10.447582734216518
16,24,9.251906907146804
16,25,9.335038671226568
16,26,11.00232930576956
16,27,13.902979966830012
16,28,12.075371754197356
16,29,9.832757518510903
16,30,13.24438987380231
16,31,15.065949924387409
16,32,13.148956515126175
16,33,13.631132474847796
16,34,17.265265657021363
16,35,17.79524329252998
16,36,16.933453225493082
16,37,19.405133217548368
16,38,22.191681866228237
16,39,25.1985258758925
16,40,25.407617971171458
16,41,21.981851822194812
16,42,23.615442337528883
16,43,24.85346195487823
16,44,21.399060020959826
16,45,21.906885786885393
16,46,24.061370193997735
16,47,21.90614092096902
16,48,18.71714038895822
16,49,20.93363937553158
16,50,22.448132858081777
16,51,19.140842473748663
16,52,18.388294317548507
16,53,21.82307229714603
16,54,22.023580233740894
16,55,19.06576741453921
16,56,20.45364236665233
16,57,23.95372341621986
16,58,23.51017962375768
16,59,20.73939153956983
16,60,20.146048482274036
16,61,18.367189092678696
16,62,14.671745546985731
16,63,13.766769644129878
16,64,13.220103409959595
16,65,13.88021506437551
16,66,11.080226557719369
16,67,9.149713021648774
16,68,7.427359528140939
16,69,8.093604708846005
16,70,9.524389867208113
16,71,12.424655781467335
16,72,12.864760584755457
16,73,15.872354819807992
16,74,16.94610506294814
16,75,17.26604667288758
16,76,13.589437119587995
16,77,12.866596923731086
16,78,15.25606250199238
16,79,13.608476306024105
16,80,10.103916213128475
16,81,12.39413685382667
16,82,14.688884729863407
16,83,12.2185872988139
16,84,11.268289329867411
16,85,15.07234765951136
16,86,15.995612475146048
16,87,13.711404117084884
16,88,14.779065048050947
16,89,17.908590178665154
16,90,20.30891442495567
16,91,21.106460310156496
16,92,19.62101984228692
16,93,18.282145662327153
16,94,20.22647688725931
17,1,18.287907779251903
17,2,21.58496717276344
17,3,21.91975130299848
17,4,18.64867371615263
17,5,19.78879445747389
17,6,23.18536501647553
17,7,22.796763736066705
17,8,23.61411192415526
17,9,21.83706097986804
17,10,18.433908036106832
17,11,15.838616294988142
17,12,13.957210035943552
17,13,10.385937816627688
17,14,8.040860492818622
17,15,6.32699218304565
17,16,3.8706587593442023
17,18,3.8080826651117534
17,19,6.3026067557542955
17,20,9.61579697589223
17,21,11.913920260748096
17,22,11.690784896730651
17,23,10.049698466044944
17,24,10.205919988202215
17,25,10.893104576317665
17,26,11.316179114786888
17,27,14.582409836670285
17,28,13.525994860104257
17,29,10.554905272637146
17,30,13.23526007902536
17,31,15.82331755738051
17,32,14.193101733486465
17,33,13.638259804727742
17,34,17.336628928417117
17,35,18.507166546873
17,36,17.248543275697415
17,37,19.092372033702397
17,38,21.870728744389712
17,39,24.48997372594329
17,40,24.14682942924381
17,41,20.787951229709275
17,42,22.814847104830417
17,43,23.565963400458994
17,44,20.042682264004227
17,45,21.128773757706366
17,46,22.964883922095765
17,47,20.380013295611267
17,48,17.634511061564403
17,49,20.304878841969966
17,50,21.331386385801036
17,51,17.88156554993458
17,52,17.89901032384802
17,53,21.326541916035907
17,54,20.95280305569515
17,55,18.203370622936067
17,56,20.27378086358893
17,57,23.483712602768055
17,58,22.571357524396767
17,59,20.018410457998293
17,60,20.02549499007122
17,61,18.86531162901072
17,62,15.41237789613521
17,63,15.442077431028864
17,64,15.35325797538253
17,65,16.737473975089657
17,66,14.29437358524522
17,67,12.406224863607607
17,68,11.145923243804521
17,69,11.28558149579431
17,70,12.220785225961025
17,71,14.41175252358005
17,72,13.90947221020277
17,73,16.227951111193185
17,74,16.75895066273234
17,75,16.37919952246836
17,76,12.78592919681767
17,77,12.250327443821574
17,78,13.75099930297863
17,79,11.509006965476685
17,80,8.280568110403614
17,81,10.49846560662447
17,82,11.982506402404171
17,83,8.961915865419556
17,84,8.423755126295553
17,85,12.222495693234679
17,86,12.555293221768705
17,87,10.24528791081781
17,88,11.932979765690702
17,89,15.089986852215784
17,90,17.924710828968983
17,91,18.774602290177842
17,92,17.85973073765766
17,93,16.768080440078805
17,94,19.26126870224797
18,1,16.536802977113172
18,2,20.109323512292537
18,3,20.70675921993436
18,4,17.861369028639523
18,5,19.294760966882592
18,6,22.734291820687293
18,7,24.102475550391667
18,8,25.31533055421767
18,9,23.386328994185533
18,10,20.173702585053032
18,11,17.140481741334288
18,12,15.186899856610212
18,13,11.412474750137147
18,14,8.917025867544252
18,15,8.766063282711631
18,16,6.3377275966087145
18,17,3.8080826651117534
18,19,3.795646557668767
18,20,6.3153603924460215
18,21,9.250532593654887
18,22,9.27555481494844
18,23,7.1280063694113265
18,24,8.15394783489238
18,25,9.274659712486528
18,26,8.682800312321122
18,27,12.2145581563904
18,28,12.117135194434073
18,29,9.205369254052579
18,30,11.288966692294613
18,31,14.39583042581815
18,32,13.672736044820168
18,33,12.895389937160125
18,34,16.22380159489045
18,35,18.074353836466027
18,36,17.317564652169178
18,37,18.678408438988907
18,38,21.83199404723051
18,39,24.408065092739594
18,40,23.705701185765513
18,41,20.151805608294158
18,42,21.87361984721739
18,43,22.143777075907234
18,44,18.409110012995924
18,45,19.36684111524423
18,46,20.692700175114474
18,47,17.837624054599047
18,48,15.22642113936968
18,49,17.727879078322058
18,50,18.314073470261402
18,51,14.682088928118656
18,52,14.903842699247843
18,53,18.12248902227371
18,54,17.426210916844212
18,55,14.627643515227772
18,56,16.95053045845375
18,57,19.973574377434037
18,58,18.86763005396419
18,59,16.39908368866419
18,60,16.71785616835817
18,61,15.890451476431833
18,62,12.745438270402937
18,63,13.593364277454564
18,64,13.917283341909483
18,65,16.076631178926633
18,66,14.316321464355065
18,67,12.645959820441806
18,68,12.518352843323493
18,69,12.890178457739191
18,70,14.510552873827661
18,71,16.588416876224155
18,72,16.29960674748386
18,73,18.410859199268614
18,74,18.257500586176544
18,75,18.058348775634897
18,76,14.821934697501636
18,77,13.50929540003312
18,78,14.403415019537553
18,79,12.57734854382857
18,80,9.252219645247012
18,81,10.09711523178616
18,82,11.44781960408153
18,83,8.537859977555287
18,84,6.627626001925273
18,85,10.124848399533098
18,86,10.507317665098471
18,87,7.694729838035619
18,88,8.651278875612855
