1,2,3.79739517060414
1,3,5.579925200178339
1,4,5.726631982763381
1,5,6.490831072987266
1,6,9.058342976486129
1,7,10.488679551159164
1,8,10.9152008030505
1,9,12.598326384445672
1,10,14.803075067830997
1,11,15.844993345120416
1,12,16.862739023329326
1,13,18.662178075796355
1,14,20.458148526975638
1,15,21.80320319064436
1,16,23.22906434987106
1,17,26.838474706908773
1,18,29.452605636702028
1,19,31.583180497100724
1,20,33.78287123074852
1,21,36.10908476205101
1,22,33.634822157613534
1,23,31.421547667028396
1,24,34.30379833902088
1,25,31.695583248494728
1,26,30.75662270192584
1,27,27.802219706920244
1,28,27.45613614235319
1,29,25.110700046956875
1,30,25.1231464478923
1,31,28.003843199708545
1,32,27.353637764562556
1,33,24.873683740218162
1,34,21.85792182728601
1,35,23.069187110723536
1,36,20.865524572755717
1,37,24.166243939987858
1,38,25.02663479549863
1,39,21.930788840590544
1,40,22.8759535061164
1,41,21.96285842382388
1,42,18.193530742783754
1,43,17.574301485988993
1,44,20.654134590620984
1,45,19.654149212632042
1,46,16.512495581177127
1,47,18.64047124431378
1,48,21.325899448398577
1,49,19.09233781803575
1,50,17.94345378767641
1,51,21.63139977367441
1,52,22.880678930677547
1,53,21.084901868662428
1,54,23.83355590431563
1,55,24.3917698769833
1,56,21.753509670664688
1,57,19.48836562813925
1,58,19.045352347958797
1,59,16.21449382692434
1,60,14.177557667162999
1,61,14.554849880942923
1,62,11.38282825817193
1,63,9.163796435564395
1,64,11.431564148512741
1,65,11.252412200918776
1,66,7.558746786237951
1,67,8.439656090981261
1,68,11.589338906830472
1,69,10.517688293879708
1,70,8.446429694345719
1,71,11.62684601635236
1,72,13.899996064656273
1,73,12.865742365576073
1,74,12.601347908409114
1,75,14.630276902033339
1,76,18.269535897223488
1,77,19.405771998102782
1,78,21.17044404432753
1,79,24.539717568461295
1,80,24.265862413452023
1,81,28.10959597389234
1,82,29.52547306917064
1,83,27.63435977621808
1,84,29.96970888344407
1,85,29.064018443962528
1,86,30.672355260219646
1,87,31.060462852842832
1,88,30.18633096787555
1,89,30.52499609160906
1,90,27.705685805272115
1,91,28.054744513597143
1,92,27.64491444409405
1,93,24.623147437501345
1,94,22.845055553678666
1,95,23.94943606382067
1,96,22.980395949993706
1,97,19.39313420642411
1,98,19.33285865957146
1,99,20.773029731266956
1,100,18.416702711511082
1,101,15.303859609670178
1,102,17.356262249535604
1,103,18.268315310526013
1,104,15.144300983959145
1,105,14.036357195109858
1,106,10.479737567401921
1,107,12.199841712167498
1,108,14.72667191774396
1,109,18.114298878546332
1,110,21.02310574400835
1,111,22.576282629685384
1,112,24.87600217576194
2,1,3.79739517060414
2,3,3.872042013640005
2,4,5.431485398346585
2,5,4.623565170162358
2,6,6.132594130874758
2,7,8.611687266972295
2,8,9.546714877453176
2,9,10.225044956349878
2,10,12.30085803322056
2,11,14.110793513229538
2,12,15.072724491770915
2,13,16.21679116614943
2,14,18.22809134003319
2,15,19.978833751251614
2,16,21.07440840385456
2,17,24.547505886897632
2,18,26.907840574134628
2,19,29.204906531356006
2,20,31.119216383875774
2,21,33.65835952963314
2,22,31.20691220259092
2,23,28.723072841890758
2,24,31.431935666765128
2,25,28.786706655942556
2,26,27.60012970770475
2,27,24.577203033215216
2,28,24.082062557972225
2,29,21.554546838672035
2,30,21.45703697127963
2,31,24.256865664161012
2,32,23.57565391410209
2,33,21.08811941379045
2,34,18.121794480178156
2,35,19.498287391254586
2,36,17.544883963323915
2,37,21.00620233877973
2,38,21.710078869003503
2,39,18.540304968738763
2,40,19.424287788214627
2,41,18.53066500586946
2,42,14.739049545641867
2,43,14.44765395436561
2,44,17.392452979701535
2,45,16.098767648772824
2,46,13.13520849823555
2,47,15.64801247466751
2,48,18.102897344999135
2,49,15.82939828725649
2,50,15.168732106814094
2,51,18.929139682791934
2,52,19.96242198756177
2,53,18.490462742207633
2,54,21.52623570463248
2,55,22.506731218125093
2,56,20.13035187426282
2,57,17.382078067169704
2,58,17.21815239658304
2,59,14.847259388924302
2,60,12.111674748575918
2,61,12.648344708647764
2,62,10.223290217218073
2,63,7.1954392366828
2,64,8.587522703635553
2,65,9.178534050889462
2,66,5.87839147293823
2,67,5.2438043533306455
2,68,8.800333664283553
2,69,8.845994408809883
2,70,6.696276612483021
2,71,9.121329546604278
2,72,11.88158778651324
2,73,11.837426030471654
2,74,11.47520318926551
2,75,12.630471787176191
2,76,16.075142059209437
2,77,16.89036178074047
2,78,18.17788496809516
2,79,21.494467823665367
2,80,21.16861530444311
2,81,25.024967649189104
2,82,26.182131914154578
2,83,24.16412928732469
2,84,26.385831224144567
2,85,25.479556815492703
2,86,27.05592577761511
2,87,27.56223821126901
2,88,26.700128745695476
2,89,27.23505865674745
2,90,24.610247847318846
2,91,24.96710137639818
2,92,24.27120148458246
2,93,21.25186534438843
2,94,19.676471181813543
2,95,20.613350640469697
2,96,19.389976524055918
2,97,15.877556646534307
2,98,16.028293956449797
2,99,17.26875591533578
2,100,14.721578273037546
2,101,11.787743341141288
2,102,14.11181652587447
2,103,14.845171850605961
2,104,11.639500505269842
2,105,11.02848531829434
2,106,7.912777481141797
2,107,10.245151337887528
2,108,12.488474034160712
2,109,15.527420953899084
2,110,18.694038707442125
2,111,20.180569709477336
2,112,22.102868297660148
3,1,5.579925200178339
3,2,3.872042013640005
3,4,3.75185599039717
3,5,5.189707897356034
3,6,5.121733911027992
3,7,6.175583437573685
3,8,8.333256351474889
3,9,9.692176076730581
3,10,10.693940783963333
3,11,12.279907643542161
3,12,14.154628385259509
3,13,15.309218403098015
3,14,16.57599111704615
3,15,18.642692585051677
3,16,20.293289341326194
3,17,23.6154020809465
3,18,26.23674203563001
3,19,28.85535764574249
3,20,30.89135531240665
3,21,33.593280880687715
3,22,31.506652999183956
3,23,28.95689139243211
3,24,31.830015128360465
3,25,29.53899710345057
3,26,28.464002865304995
3,27,25.705071452261066
3,28,25.444193739597157
3,29,22.714390170714925
3,30,22.589407358974366
3,31,24.956378950946256
3,32,23.9877677174296
3,33,21.051120406428243
3,34,18.188618224285666
3,35,19.155034397588505
3,36,17.075722965683365
3,37,20.547716989132514
3,38,21.85568604435204
3,39,19.11212421434204
3,40,20.576471590931703
3,41,20.20651641329732
3,42,16.47048830916577
3,43,16.928211652550825
3,44,19.643453826130415
3,45,17.742768418325614
3,46,15.182181585804209
3,47,18.151336535679544
3,48,20.04979568241442
3,49,17.349553314747133
3,50,17.246602225948607
3,51,21.053706747627533
3,52,21.458474126010337
3,53,19.79353798002398
3,54,22.611636639514764
3,55,23.320474910298778
3,56,20.60220627056866
3,57,17.967898175790943
3,58,18.57329978814471
3,59,15.99897925141401
3,60,13.331742921456161
3,61,14.834437434434149
3,62,12.752930186016375
3,63,9.271862684801437
3,64,10.910059271901627
3,65,12.447655512877677
3,66,9.530319638931152
3,67,8.253336553712545
3,68,11.92736910479337
3,69,12.49269731183688
3,70,9.929989017343042
3,71,11.579944067743234
3,72,14.860069710520635
3,73,14.865332329998012
3,74,13.68556306571562
3,75,14.312228898293952
3,76,17.715797781945554
3,77,18.957376566748984
3,78,19.907098522588484
3,79,23.35579684537859
3,80,23.34533390721282
3,81,27.183972598332073
3,82,27.91196787482508
3,83,25.820151655177057
3,84,27.778789014007035
3,85,26.814385899829983
3,86,28.051530814516994
3,87,28.502222892167445
3,88,27.1872098944556
3,89,27.539331688088303
3,90,24.954507876068345
3,91,24.714135766091065
3,92,24.009387817928864
3,93,21.428858365186137
3,94,19.37719989662141
3,95,19.805204429067256
3,96,19.032468061379955
3,97,15.703248900735566
3,98,14.935362627789058
3,99,16.039757042691644
3,100,14.10499997274425
3,101,10.715242807097962
3,102,12.123864943970768
3,103,13.292600522489973
3,104,10.655834612516642
3,105,9.811151264495512
3,106,6.539615624525841
3,107,9.58606836292773
3,108,12.643135010112962
3,109,15.557603801145525
3,110,18.978811526910807
3,111,21.098940479316433
3,112,23.036235648640208
4,1,5.726631982763381
4,2,5.431485398346585
4,3,3.75185599039717
4,5,3.808060504067102
4,6,5.4842885355559226
4,7,5.18413372760745
4,8,5.834798249835069
4,9,8.36656946501018
4,10,9.898515554486512
4,11,10.424878421273245
4,12,12.048899059113836
4,13,14.033794615550217
4,14,15.25214113345901
4,15,16.66758680975272
4,16,18.569574715326464
4,17,22.079386031393717
4,18,24.98095317701832
4,19,27.34245660642444
4,20,29.749990133393183
4,21,32.164760184741866
4,22,30.087217966584557
4,23,27.893721425472986
4,24,31.042799797580948
4,25,28.898556571133284
4,26,28.29464910582265
4,27,25.789445482723007
4,28,26.031112787164066
4,29,23.704812588775948
4,30,24.145968756285935
4,31,26.619636607546024
4,32,26.09226770174786
4,33,23.214625665088906
4,34,20.706899387361183
4,35,22.0667454081364
4,36,20.342189931738783
4,37,23.94053496471924
4,38,25.113702879811523
4,39,22.238524099684867
4,40,23.371079332715667
4,41,22.583820672858778
4,42,18.849478934119908
4,43,18.85691922259609
4,44,21.290711415605212
4,45,19.3236347740703
4,46,16.37355033239553
4,47,18.95641332263165
4,48,20.734144846325577
4,49,17.723731840201
4,50,17.090544794855127
4,51,20.844446184360628
4,52,21.159130626143615
4,53,18.907680528142194
4,54,21.262946209575574
4,55,21.41570062648478
4,56,18.361511434630533
4,57,16.25308261340515
4,58,16.826857073231018
4,59,13.769285911251899
4,60,11.811250875412782
4,61,13.669382713977612
4,62,11.289901414715523
4,63,8.197812092160628
4,64,10.98943039915337
4,65,12.560566332593849
4,66,9.844476909516974
4,67,9.75282507273472
4,68,13.478899802127739
4,69,13.967783121663164
4,70,12.125119648360915
4,71,14.356258551193545
4,72,17.262703746228947
4,73,17.22127665716233
4,74,16.616282701674617
4,75,17.603401076270487
4,76,21.03094821957267
4,77,21.964119212083332
4,78,22.867246576678873
4,79,26.133495244453517
4,80,25.69915022041392
4,81,29.512146289671776
4,82,30.279326812526577
4,83,27.895337160864905
4,84,29.616964970194296
4,85,28.23474779367794
4,86,29.1842093713621
4,87,29.16548802339653
4,88,27.635222092565865
4,89,27.494437924171645
4,90,24.55065469635261
4,91,24.27656547371015
4,92,24.163852438697177
4,93,21.58335463623896
4,94,19.145987948251122
4,95,20.07153947304788
4,96,19.871313623314194
4,97,16.330713259742623
4,98,15.390988058558372
4,99,17.274822422228773
4,100,15.789798313980183
4,101,12.149360666156541
4,102,13.756877831332435
4,103,15.707066293522391
4,104,13.487436160478754
4,105,13.259760631093634
4,106,10.227450474176324
4,107,13.329878525248173
4,108,16.346384621437366
4,109,19.233602946529636
4,110,22.67074964693687
4,111,24.654168009169844
4,112,26.476979112641892
5,1,6.490831072987266
5,2,4.623565170162358
5,3,5.189707897356034
5,4,3.808060504067102
5,6,3.8286910747857106
5,7,5.655230888539098
5,8,5.2003178775397245
5,9,6.133219934303701
5,10,8.77069310712025
5,11,10.030353085091805
5,12,10.620065225625872
5,13,12.21636829831999
5,14,14.294134315358287
5,15,15.632075854147802
5,16,16.810523620054653
5,17,20.398597712376986
5,18,22.962456212627394
5,19,25.13795018431211
5,20,27.33762275414846
5,21,29.720177966335328
5,22,27.373925288798485
5,23,25.11472289070532
5,24,28.10853545749063
5,25,25.719288374452898
5,26,25.01441168173634
5,27,22.371151420204693
5,28,22.56371343783885
5,29,20.4137212386487
5,30,21.05989867828028
5,31,23.769288093964185
5,32,23.60370830678939
5,33,21.039008106610613
5,34,18.698723912818583
5,35,20.60130965230161
5,36,19.326548766967253
5,37,23.064369469312876
5,38,23.694929768022835
5,39,20.50666132025057
5,40,21.09029861476558
5,41,19.835390492605054
5,42,16.16292853403254
5,43,15.803717526801941
5,44,17.99669076883293
5,45,16.112792901106413
5,46,12.934314331189343
5,47,15.303505130707348
5,48,17.104204252784562
5,49,14.155806487096287
5,50,13.315370100597827
5,51,17.071745415351685
5,52,17.562840133744988
5,53,15.433893574811194
5,54,18.02578524991756
5,55,18.549358164678726
5,56,15.862290703940888
5,57,13.373387081773336
5,58,13.601949953318956
5,59,10.888373877699873
5,60,8.444070715213853
5,61,10.019527415304209
5,62,7.939096889144925
5,63,4.4954206677989585
5,64,7.235366154071789
5,65,9.063378325537428
5,66,6.983001795950503
5,67,6.967738504159803
5,68,10.511585554033198
5,69,11.549725993368764
5,70,10.53194176432432
5,71,12.626373468721031
5,72,15.210247204128946
5,73,15.797557360953077
5,74,15.836727048387225
5,75,16.605707535197723
5,76,19.785134321524193
5,77,20.082427291435224
5,78,20.74118092565607
5,79,23.721638276128395
5,80,22.865213731879205
5,81,26.615028799558328
5,82,27.43600766218695
5,83,24.880280813236997
5,84,26.535128379494985
5,85,24.998392964856105
5,86,25.999411095303994
5,87,25.905266684226685
5,88,24.597479755614284
5,89,24.54644413311261
5,90,21.580348186185674
5,91,21.741358461098528
5,92,21.617198401175283
5,93,18.709695352004015
5,94,16.615200572626456
5,95,17.977908289644503
5,96,17.46964982738178
5,97,13.75249977396478
5,98,13.573299589833013
5,99,15.705467369272311
5,100,13.844391330905186
5,101,10.521025436034375
5,102,13.073218235301416
5,103,14.894096401835128
5,104,12.473770443378285
5,105,13.045748109611353
5,106,10.560768970399653
5,107,13.772734242473241
5,108,16.118258733458926
5,109,18.722942532903186
5,110,22.159199428064984
5,111,23.653048294721977
5,112,25.098289991715568
6,1,9.058342976486129
6,2,6.132594130874758
6,3,5.121733911027992
6,4,5.4842885355559226
6,5,3.8286910747857106
6,7,3.7720498192755936
6,8,5.37982137817613
6,9,4.978876630694178
6,10,6.2386148509653285
6,11,8.625371273695645
6,12,9.910480989153688
6,13,10.489679414613365
6,14,12.266704656095714
6,15,14.42677312187723
6,16,15.590369212172074
6,17,18.868712747175966
6,18,21.29275538204991
6,19,23.901636198540963
6,20,25.821067392659156
6,21,28.56768961752803
6,22,26.48770992666554
6,23,23.86036954093304
6,24,26.72431694657258
6,25,24.50723564882367
6,26,23.534882041282735
6,27,20.95737638955754
6,28,21.046110129153867
6,29,18.514537215364587
6,30,18.921454000496105
6,31,21.23593435868631
6,32,20.78359544600561
6,33,17.92155611837607
6,34,15.68493193291593
6,35,17.448614780930132
6,36,16.357878032069248
6,37,20.157232974551377
6,38,20.98929204105936
6,39,18.061479665248413
6,40,18.961187837643198
6,41,18.132844254740334
6,42,14.57984577050708
6,43,15.067208651007133
6,44,16.989043687051055
6,45,14.496659988718019
6,46,11.955002733273906
6,47,14.983554176387859
6,48,16.177191958965995
6,49,13.030227956422955
6,50,13.24986137694033
6,51,16.97774083414609
6,52,16.851056839245818
6,53,15.107310227802913
6,54,17.878589162404506
6,55,18.74369768955602
6,56,16.22998000750947
6,57,13.300519442839333
6,58,14.362164033600658
6,59,12.247623666186499
6,60,9.194323486370317
6,61,11.368075495141788
6,62,10.448789235515326
6,63,6.65313684048195
6,64,7.75042475975992
6,65,10.61624129787225
6,66,9.158197159124054
6,67,7.442617359363192
6,68,10.860027524750583
6,69,12.810292486887736
6,70,11.40613119029821
6,71,12.38895071794857
6,72,15.46508772308159
6,73,16.61745103165098
6,74,16.096739002606476
6,75,15.993830687638596
6,76,18.87880853497255
6,77,19.212636892717352
6,78,19.315289732225747
6,79,22.29334917519475
6,80,21.681807721995387
6,81,25.376531911206634
6,82,25.72397279313178
6,83,23.10951158499907
6,84,24.539692267072642
6,85,23.065943811505612
6,86,23.87781115028886
6,87,23.96040308768693
6,88,22.41385684035306
6,89,22.537799850855745
6,90,19.873297368702897
6,91,19.632458109459243
6,92,19.084979009401227
6,93,16.47797844185991
6,94,14.316190917430548
6,95,15.039385170265652
6,96,14.48008973601899
6,97,10.963598207129499
6,98,10.333807166256298
6,99,12.115484415076166
6,100,10.424578628354732
6,101,6.880800467822046
6,102,9.245005770820665
6,103,11.205065153100385
6,104,9.178889336941358
6,105,10.300999576613624
6,106,8.608211593429814
6,107,12.299540246039946
6,108,14.593462672164693
6,109,16.70350386620792
6,110,20.33997670478981
6,111,22.07863171664672
6,112,23.22727279547965
7,1,10.488679551159164
7,2,8.611687266972295
7,3,6.175583437573685
7,4,5.18413372760745
7,5,5.655230888539098
7,6,3.7720498192755936
7,8,3.7838674211817955
7,9,5.318326062088788
7,10,5.112994913045633
7,11,6.179180634513749
7,12,8.628357984429671
7,13,9.846825769815306
7,14,10.5634484170044
7,15,12.649138508201556
7,16,14.656860903983587
7,17,17.864541215060836
7,18,20.747421854625074
7,19,23.487960794866012
7,20,25.75838377708221
7,21,28.448145314060937
7,22,26.737997665873383
7,23,24.317544827621482
7,24,27.470911339428216
7,25,25.693704667384228
7,26,25.122614624901498
7,27,22.967567085628154
7,28,23.508882072871856
7,29,21.10316173677896
7,30,21.733385409161198
7,31,23.708992258967818
7,32,23.225254286675234
7,33,20.10385633102466
7,34,18.159536288730262
7,35,19.6414546520339
7,36,18.546728791839193
7,37,22.265388728650485
7,38,23.52881348502241
7,39,20.936639744400367
7,40,22.139696026288988
7,41,21.5468418819628
7,42,18.093011030772875
7,43,18.776759744719804
7,44,20.528678076869493
7,45,17.79020790727834
7,46,15.417199772794163
7,47,18.38559821931176
7,48,19.217387903286674
7,49,15.782863918897084
7,50,16.036602900909234
7,51,19.629333326549656
7,52,19.03868838820456
7,53,16.844212547923885
7,54,19.03608619928091
7,55,19.26250667085249
7,56,16.25952212647823
7,57,13.914193006555722
7,58,15.581845405098798
7,59,13.052063421214458
7,60,10.76102704404437
7,61,13.65157710062492
7,62,12.647844593994703
7,63,9.159678913408364
7,64,11.035207791131088
7,65,13.91981187187641
7,66,12.317476960108886
7,67,11.08898225874176
7,68,14.594971012658446
7,69,16.315898529488035
7,70,14.692347121776747
7,71,15.854092877823023
7,72,19.055065219823856
7,73,19.913036992015282
7,74,19.10537612064897
7,75,19.094178761321043
7,76,22.073826352064746
7,77,22.696414850256282
7,78,22.753302576352397
7,79,25.774394069352592
7,80,25.267440376268418
7,81,28.91797203258323
7,82,29.052875471509847
7,83,26.35359989825242
7,84,27.51471122582456
7,85,25.861084580331973
7,86,26.274848365135476
7,87,26.07318775877585
7,88,24.06369025569407
7,89,23.730886772471916
7,90,20.938685485519624
7,91,20.102284806400178
7,92,19.94312420956718
7,93,17.842561232673606
7,94,15.031965091111553
7,95,15.519777905007693
7,96,15.82835046971822
7,97,12.572868710118174
7,98,10.836295130726315
7,99,12.902250260433075
7,100,12.252004002013159
7,101,8.461730212128417
7,102,9.590204697722667
7,103,12.384365108378113
7,104,11.244893545883354
7,105,12.164546561233982
7,106,10.409564049524564
7,107,14.199757088450767
7,108,17.018074594685576
7,109,19.140926932942314
7,110,22.84294109930577
7,111,24.96868919902569
7,112,26.200371501692942
8,1,10.9152008030505
8,2,9.546714877453176
8,3,8.333256351474889
8,4,5.834798249835069
8,5,5.2003178775397245
8,6,5.37982137817613
8,7,3.7838674211817955
8,9,3.8151523982297073
8,10,5.507543618100155
8,11,5.153029571466371
8,12,6.223690077764223
8,13,8.596214930449527
8,14,9.918587656827041
8,15,10.931424906290747
8,16,12.798038309206182
8,17,16.35199719312355
8,18,19.36518253626618
8,19,21.649801478604754
8,20,24.234546755690342
8,21,26.55464633804646
8,22,24.65246982085641
8,23,22.61667871758793
8,24,25.97229728180425
8,25,24.175084881720746
8,26,24.04128850704767
8,27,22.048967254634466
8,28,23.01143010704497
8,29,21.133965053436782
8,30,22.335303429244163
8,31,24.581278761290157
8,32,24.660842309271985
8,33,21.856884670502367
8,34,20.194515422909102
8,35,22.184333023641436
8,36,21.40817420676266
8,37,25.218035682585246
8,38,26.092857000393685
8,39,23.209081172220305
8,40,23.884353650062568
8,41,22.72451818995862
8,42,19.30605629913931
8,43,19.345175211173174
8,44,20.844703306726185
8,45,18.29137052232032
8,46,15.47786920219799
8,47,17.854364252684956
8,48,18.68102787909304
8,49,15.135760488589115
8,50,14.667656149084603
8,51,18.111775488619553
8,52,17.611824447044715
8,53,14.87026994086746
8,54,16.63836488384367
8,55,16.404105199107516
8,56,13.159724908301376
8,57,11.270861659072759
8,58,12.7023355685803
8,59,9.766813112670032
8,60,8.222479276198913
8,61,11.349037132275935
8,62,10.312232632295684
8,63,7.519200615909413
8,64,10.189185323410817
8,65,12.911185362514681
8,66,11.77049808339719
8,67,11.560583860200218
8,68,14.864515032740567
8,69,16.48221005421623
8,70,15.59897719870219
8,71,17.263189094153578
8,72,20.00556781621046
8,73,20.8887255083836
8,74,20.72906005655174
8,75,21.092280966892222
8,76,24.101714835819653
8,77,24.31903407073214
8,78,24.428866539990146
8,79,27.21716581186415
8,80,26.214755166674763
8,81,29.809264684429948
8,82,30.124041191972548
8,83,27.19538045231527
8,84,28.216445010071936
8,85,26.192190588403985
8,86,26.4586820578071
8,87,25.808579158709257
8,88,23.808760440199173
8,89,23.057495186214446
8,90,19.879054225690492
8,91,19.339893889056647
8,92,19.82390817833236
8,93,17.504661128366283
8,94,14.578189332735711
8,95,15.93554158003271
8,96,16.563310444726614
8,97,13.074382456639249
8,98,11.825386568171965
8,99,14.675344998979835
8,100,14.073809148150433
8,101,10.535432712552023
8,102,12.376114543892706
8,103,15.316048789360005
8,104,14.095231571314761
8,105,15.357613523845346
8,106,13.481221239602695
8,107,17.17289959701665
8,108,19.792411975103924
8,109,22.016693011847135
8,110,25.66647751697881
8,111,27.448209316829807
8,112,28.576156543722735
9,1,12.598326384445672
9,2,10.225044956349878
9,3,9.692176076730581
9,4,8.36656946501018
9,5,6.133219934303701
9,6,4.978876630694178
9,7,5.318326062088788
9,8,3.8151523982297073
9,10,3.7776237548939453
9,11,5.433988658754243
9,12,5.219251845983072
9,13,6.090138406318936
9,14,8.529878573654015
9,15,10.000699605282295
9,16,10.86279619259669
9,17,14.344368140537174
9,18,16.891516408030192
9,19,19.255255769433916
9,20,21.45811854053901
9,21,23.982544654086308
9,22,21.930650758234407
9,23,19.575990701607413
9,24,22.728276550083972
9,25,20.761908975118498
9,26,20.389295895965677
9,27,18.310785823866766
9,28,19.2406490779686
9,29,17.383308378584616
9,30,18.74315161391282
9,31,20.974617625066113
9,32,21.307047291575522
9,33,18.69947429192372
9,34,17.362313288909775
9,35,19.76459794946992
9,36,19.526593795667154
9,37,23.38026203644482
9,38,23.85806573064115
9,39,20.896779946696554
9,40,21.202083886690954
9,41,19.835882680701065
9,42,16.664723947062054
9,43,16.779997999412682
9,44,17.797157507451402
9,45,15.014862313845684
9,46,12.42301141734479
9,47,14.820456376997123
9,48,15.19888368978257
9,49,11.541274574648789
9,50,11.505587514015646
9,51,14.863343263904548
9,52,14.074371430752533
9,53,11.603613386077699
9,54,13.730698724648486
9,55,14.137292819180317
9,56,11.440392695759462
9,57,8.70905868236968
9,58,10.443119201317486
9,59,8.425341253176105
9,60,5.897925620301055
9,61,9.280458619453785
9,62,9.477140337287116
9,63,6.627241724989939
9,64,7.982876045975443
9,65,11.385887479648638
9,66,11.244838380723314
9,67,10.43214054844106
9,68,13.184162486220917
9,69,15.562469211419213
9,70,15.162936220764239
9,71,16.200091816255384
9,72,18.776486771632587
9,73,20.330387473351912
9,74,20.400723194421687
9,75,20.25649029943503
9,76,22.869985314856763
9,77,22.5917108618266
9,78,22.233081816186854
9,79,24.696963825797965
9,80,23.441078240679694
9,81,26.883576913283093
9,82,26.99526619659728
9,83,23.891007774208436
9,84,24.68295939859091
9,85,22.511418432054953
9,86,22.675132157442206
9,87,21.99457885027521
9,88,20.043182793015784
9,89,19.431497104510015
9,90,16.339455374239705
9,91,16.021450472487807
9,92,16.302054347614582
9,93,13.783477004387228
9,94,11.073964490599378
9,95,12.664176422541086
9,96,13.044754042322271
9,97,9.460521773955328
9,98,8.774602097154165
9,99,11.866569611768961
9,100,11.147197682613413
9,101,8.06660587977113
9,102,10.628320777841822
9,103,13.453603769706552
9,104,12.419652687104234
9,105,14.51668115556725
9,106,13.431022477939633
9,107,17.16387095917319
9,108,19.203681402044744
9,109,20.95126654176187
9,110,24.585860278104484
9,111,26.046963791099866
9,112,26.71570372905172
10,1,14.803075067830997
10,2,12.30085803322056
10,3,10.693940783963333
10,4,9.898515554486512
10,5,8.77069310712025
10,6,6.2386148509653285
10,7,5.112994913045633
10,8,5.507543618100155
10,9,3.7776237548939453
10,11,3.779290493337244
10,12,5.473412883362476
10,13,5.081672319797163
10,14,6.0705862453109125
10,15,8.717470855863883
10,16,10.152520732408206
10,17,13.11870958694528
10,18,15.791130174618461
10,19,18.70517583371195
10,20,20.79799384711292
10,21,23.6455008684122
10,22,22.115971075931878
10,23,19.544676195212677
10,24,22.6783289840297
10,25,21.172514891826722
10,26,20.752506930289886
10,27,19.012267241800103
10,28,20.021813178278023
10,29,17.894426771316894
10,30,19.060194267504357
10,31,20.68499213461917
10,32,20.694841274795845
10,33,17.712211370032602
10,34,16.668790269205736
10,35,18.711391085502342
10,36,18.6298682201234
10,37,22.386179578830088
10,38,23.253334413531775
10,39,20.748526286211447
10,40,21.491571945083397
10,41,20.663002758033247
10,42,17.698479353519435
10,43,18.55466078789619
10,44,19.376562791105364
10,45,16.131054261678138
10,46,14.265030308158556
10,47,17.0769591029797
10,48,16.888440879810698
10,49,13.171409487566004
10,50,14.05245127294754
10,51,17.172496166327157
10,52,15.717453180377595
10,53,13.562808362732333
10,54,15.43308995713977
10,55,15.791087483654957
10,56,13.1415509431253
10,57,10.589771317030516
10,58,13.183802786473175
10,59,11.57440215683315
10,60,9.293166045650935
10,61,12.766553385395973
10,62,13.236147114063165
10,63,10.210811776737556
10,64,11.049353647518597
10,65,14.667045494280453
10,66,14.371812410847955
10,67,12.856212334204145
10,68,15.645117424982129
10,69,18.26099427973011
10,70,17.368808269696462
10,71,17.87782943254278
10,72,20.82832312857475
10,73,22.48812789146738
10,74,22.018137166191583
10,75,21.40259371806601
10,76,23.85578422097484
10,77,23.81466735954444
10,78,23.102769988006205
10,79,25.59168137127408
10,80,24.662828458869356
10,81,28.01078132664988
10,82,27.662582813017156
10,83,24.562961877856292
10,84,25.05814175213173
10,85,22.935485678609357
10,86,22.741228499096948
10,87,22.118983126183487
10,88,19.71171533103025
10,89,19.033830728979705
10,90,16.261547359831408
10,91,15.106579509725735
10,92,15.156886988344985
10,93,13.379701694432972
10,94,10.21279778980897
10,95,10.801433594697277
10,96,11.788017510001703
10,97,8.78837810360886
10,98,6.6152254713419225
10,99,9.607866508406264
10,100,9.932528460578892
10,101,6.789215457108062
10,102,8.143832568571478
10,103,11.590504326857161
10,104,11.563065087335767
10,105,13.88774932156679
10,106,13.406841888987731
10,107,17.272329312511015
10,108,19.450480806224938
10,109,20.83135962899737
10,110,24.55462786762412
10,111,26.37338940048373
10,112,26.893040746691216
11,1,15.844993345120416
11,2,14.110793513229538
11,3,12.279907643542161
11,4,10.424878421273245
11,5,10.030353085091805
11,6,8.625371273695645
11,7,6.179180634513749
11,8,5.153029571466371
11,9,5.433988658754243
11,10,3.779290493337244
11,12,3.7850026596115844
11,13,5.465505451966497
11,14,5.130096055997004
11,15,6.569600023260755
11,16,9.157376020756361
11,17,12.256161385201123
11,18,15.52958953376633
11,19,18.19220188512951
11,20,20.85144589276601
11,21,23.335845176720838
11,22,22.04057873583448
11,23,19.989787149848134
11,24,23.469675036256476
11,25,22.337786304756843
11,26,22.526153172547495
11,27,21.200873716610356
11,28,22.69400125724387
11,29,20.960930550970865
11,30,22.46421771047256
11,31,24.06723091802474
11,32,24.273776113665317
11,33,21.329000192441494
11,34,20.423918042198213
11,35,22.40380006994845
11,36,22.23460646483375
11,37,25.95974980446227
11,38,26.97047447554636
11,39,24.493133382379984
11,40,25.243394234411305
11,41,24.307160150415438
11,42,21.29054470156916
11,43,21.86983290820078
11,44,22.70107664502423
11,45,19.571376936926995
11,46,17.448488244427693
11,47,19.923573447178686
11,48,19.753414532242193
11,49,15.957274430415424
11,50,16.290249367874136
11,51,19.247010125576725
11,52,17.71685134559604
11,53,14.967066312556337
11,54,16.053040924584934
11,55,15.50072148514522
11,56,12.277744805584184
11,57,10.772047888617564
11,58,13.53872537188646
11,59,11.39330863107181
11,60,10.288665360166236
11,61,14.037803230957744
11,62,14.186924296986957
11,63,11.665698447394783
11,64,13.41627234480939
11,65,16.747607544918385
11,66,16.27586146001763
11,67,15.464319878065854
11,68,18.457366815542553
11,69,20.707853209370665
11,70,19.856432501674245
11,71,20.872714465932834
11,72,23.769655833769963
11,73,25.108539806122188
11,74,24.71905734657404
11,75,24.481884254244456
11,76,27.159670667448932
11,77,27.234907857727265
11,78,26.715229888118845
11,79,29.24268674939041
11,80,28.20948716947457
11,81,31.566901394022906
11,82,31.292413290095226
11,83,28.11613261507394
11,84,28.49833331243977
11,85,26.164749963306303
11,86,25.729419318918357
11,87,24.71644236768822
11,88,22.08219182671542
11,89,20.833156481431377
11,90,17.78096743774375
11,91,16.3673171615158
11,92,17.182807454869437
11,93,15.723395877991914
11,94,12.180748319922435
11,95,13.098777634403524
11,96,14.820764933470356
11,97,12.039069143975603
11,98,9.700502766178017
11,99,12.869461732961694
11,100,13.636451469449161
11,101,10.533868506134386
11,102,11.38826411366482
11,103,15.0279618905717
11,104,15.099798839996664
11,105,17.06034522516065
11,106,16.11456021752237
11,107,19.989756878030295
11,108,22.519365884323545
11,109,24.162329944327247
11,110,27.904945428112246
11,111,29.848756260042514
11,112,30.534616860109804
12,1,16.862739023329326
12,2,15.072724491770915
12,3,14.154628385259509
12,4,12.048899059113836
12,5,10.620065225625872
12,6,9.910480989153688
12,7,8.628357984429671
12,8,6.223690077764223
12,9,5.219251845983072
12,10,5.473412883362476
12,11,3.7850026596115844
12,13,3.785005638405896
12,14,5.359509814018803
12,15,5.153906651553417
12,16,6.637229462388258
12,17,10.26572908758364
12,18,13.396765888352904
12,19,15.55414731853618
12,20,18.35761477896527
12,21,20.553945256364404
12,22,18.928537225775518
12,23,17.118724368177528
12,24,20.70755648191554
12,25,19.45777095931616
12,26,19.9815167658677
12,27,18.8034475499245
12,28,20.66435456401515
12,29,19.47827052386876
12,30,21.50805140646493
12,31,23.336778724645
12,32,24.123737949688834
12,33,21.60675228097097
12,34,21.003824316507306
12,35,23.50421852366969
12,36,23.710682099246174
12,37,27.502045703084622
12,38,28.024498013841878
12,39,25.276222472961805
12,40,25.45675980266671
12,41,23.998191475773968
12,42,21.157083850242845
12,43,21.240910227960043
12,44,21.67228009272136
12,45,18.717583710081527
12,46,16.418648758710056
12,47,18.29994161546412
12,48,17.91901561308874
12,49,14.145390552346814
12,50,14.025144860382337
12,51,16.61962440885596
12,52,15.023450426490763
12,53,11.901487540935635
12,54,12.556356599036882
12,55,11.760413360189737
12,56,8.496692389438689
12,57,7.199460582511683
12,58,10.099211087105356
12,59,8.25372777679341
12,60,7.842783793984868
12,61,11.648153295582691
12,62,12.437273168961402
12,63,10.754044773520173
12,64,12.346598109223612
12,65,15.570547178617273
12,66,15.844865183536601
12,67,15.515709801812354
12,68,18.04746712259568
12,69,20.42494860256204
12,70,20.271359974611773
12,71,21.392161262609136
12,72,23.850960444161505
12,73,25.434041103788548
12,74,25.59855736213932
12,75,25.458972923204836
12,76,28.005456727629632
12,77,27.596245061566794
12,78,26.97818217192451
12,79,29.17928717189098
12,80,27.669507215285645
12,81,30.880014293802766
12,82,30.70409220798391
12,83,27.325956158533415
12,84,27.520043951978675
12,85,24.855277905485416
12,86,24.280207233560414
12,87,22.864649139406673
12,88,20.331015910321003
12,89,18.75995833602872
12,90,15.378252511390357
12,91,14.445429658364128
12,92,15.835900891653697
12,93,14.075589872451065
12,94,10.654603621478719
12,95,12.616089827588658
12,96,14.38657754760127
12,97,11.505425454562875
12,98,10.118981629756796
12,99,13.78783569589697
12,100,14.33643412904586
12,101,11.728196811937739
12,102,13.440897115748033
12,103,16.862821818457054
12,104,16.719016368520997
12,105,19.065168954596334
12,106,18.18045480084792
12,107,22.01232733498581
12,108,24.197239137856375
12,109,25.78760863182811
12,110,29.465715603637687
12,111,30.9979730898212
12,112,31.45425433392907
13,1,18.662178075796355
13,2,16.21679116614943
13,3,15.309218403098015
13,4,14.033794615550217
13,5,12.21636829831999
13,6,10.489679414613365
13,7,9.846825769815306
13,8,8.596214930449527
13,9,6.090138406318936
13,10,5.081672319797163
13,11,5.465505451966497
13,12,3.785005638405896
13,14,3.7787369509990123
13,15,5.232828494296409
13,16,5.266095997612349
13,17,8.382707567539718
13,18,10.98781235284174
13,19,13.682838187927622
13,20,15.938552244398874
13,21,18.629165439040275
13,22,17.130123597140642
13,23,14.751149318374473
13,24,18.107601286519987
13,25,16.920143753509997
13,26,17.126446457794895
13,27,16.05522163683589
13,28,17.916128260636288
13,29,16.625497167768387
13,30,18.685193454792724
13,31,20.151876170119877
13,32,21.015471257676516
13,33,18.562314683136595
13,34,18.434848487301075
13,35,21.059082221469044
13,36,21.77090558474871
13,37,25.459130121398495
13,38,25.813582377738726
13,39,23.261074801604675
13,40,23.33248981521646
13,41,21.98974819786864
13,42,19.52444008168322
13,43,20.010988331232923
13,44,19.963024427350433
13,45,16.681268354888303
13,46,15.030421978998618
13,47,17.06493702994449
13,48,16.013731449541375
13,49,12.248338776113476
13,50,13.052821796482684
13,51,15.345019469307722
13,52,13.121623087340279
13,53,10.60414634373409
13,54,11.511878304891727
13,55,11.543938264082563
13,56,9.229617604597893
13,57,7.05252330128138
13,58,10.531311885782507
13,59,9.93214506687857
13,60,8.665851691493685
13,61,12.271648435271837
13,62,13.905840521516492
13,63,11.999136759753387
13,64,12.433463715620512
13,65,16.041852236879706
13,66,16.800106999554277
13,67,15.761601461114978
13,68,17.871028037239174
13,69,20.794732917139505
13,70,20.707090353797206
13,71,21.160165732842014
13,72,23.62429073448088
13,73,25.684640013139308
13,74,25.752723894767513
13,75,25.065939218768833
13,76,27.220589648721887
13,77,26.56758470091073
13,78,25.458576516604417
13,79,27.384480855086736
13,80,25.86359547312809
13,81,28.86272943370013
13,82,28.30512980511204
13,83,24.83552642615106
13,84,24.68616357238626
13,85,21.94923826655913
13,86,21.092620644100666
13,87,19.686463591723157
13,88,16.936881155472463
13,89,15.454784903340391
13,90,12.326806124236056
13,91,11.070198602438127
13,92,12.16369107640065
13,93,10.65750684476299
13,94,7.050704181305648
13,95,8.854647149547334
13,96,10.876550009565639
13,97,8.439137237121983
13,98,6.968816751072148
13,99,10.746177002186496
13,100,11.768715333867656
13,101,9.910316406929962
13,102,11.523944048446921
13,103,14.843439538041553
13,104,15.268209363282015
13,105,18.179730156184906
13,106,18.063494893866274
13,107,21.856424749354375
13,108,23.64348934696344
13,109,24.71728903342242
13,110,28.345856698472545
13,111,29.761682001733877
13,112,29.803850571024014
14,1,20.458148526975638
14,2,18.22809134003319
14,3,16.57599111704615
14,4,15.25214113345901
14,5,14.294134315358287
14,6,12.266704656095714
14,7,10.5634484170044
14,8,9.918587656827041
14,9,8.529878573654015
14,10,6.0705862453109125
14,11,5.130096055997004
14,12,5.359509814018803
14,13,3.7787369509990123
14,15,3.7937132798674043
14,16,5.711719477015798
14,17,7.8289999759973155
14,18,10.963272247795231
14,19,14.058592109763591
14,20,16.480055056263545
14,21,19.225986560794894
14,22,18.443098572983732
14,23,16.24054457377803
14,24,19.63944056039765
14,25,19.102086856192265
14,26,19.513312221240977
14,27,18.8812157417687
14,28,20.840927045473475
14,29,19.43162870600408
14,30,21.29352423047124
14,31,22.282184081483184
14,32,22.83726323452875
14,33,20.087465198835936
14,34,20.109201664666173
14,35,22.288577934303653
14,36,22.9387546122116
14,37,26.494471303818983
14,38,27.27878311103341
14,39,25.1033288316224
14,40,25.600284362682945
14,41,24.68165195320465
14,42,22.24143766226929
14,43,23.125571035329173
14,44,23.163477536969573
14,45,19.69741629021615
14,46,18.320484045354807
14,47,20.614039854640968
14,48,19.456281124978
14,49,15.728941967063953
14,50,16.789867378488204
14,51,19.032444425141048
14,52,16.593941885815305
14,53,14.194353210417592
14,54,14.666628431100538
14,55,14.211074385894213
14,56,11.719532242851752
14,57,10.386772340559123
14,58,13.991122546219653
14,59,13.099263448044455
14,60,12.169603909421026
14,61,15.888182758740708
14,62,17.16084837430739
14,63,14.990407723796213
14,64,15.754661495235023
14,65,19.398679035317876
14,66,19.72537870482904
14,67,18.51559079611378
14,68,20.938445401452217
14,69,23.77440512792955
14,70,23.2498696479448
14,71,23.654873958945803
14,72,26.426512729014515
14,73,28.325287609821032
14,74,27.998477140249904
14,75,27.212144071629158
14,76,29.42551279436708
14,77,29.098858203685285
14,78,27.9339494971153
14,79,29.99376410087142
14,80,28.766800627405818
14,81,31.756311037206526
14,82,30.951959173329943
14,83,27.549655888606477
14,84,27.244420345825205
14,85,24.590808278246918
14,86,23.460712695946274
14,87,22.055789522806
14,88,18.930604399965688
14,89,17.228802999174505
14,90,14.448744125403508
14,91,12.273304932456352
14,92,13.434146976508053
14,93,12.901624218652074
14,94,9.083128747983737
14,95,9.68541206749363
14,96,12.472261639839084
14,97,10.756681266480529
14,98,8.074544052521082
14,99,11.369591955158715
14,100,13.293781756790988
14,101,11.346383478109871
14,102,11.738797379667322
14,103,15.419208339951403
14,104,16.497724047240386
14,105,19.217260969316023
14,106,19.204237237509506
14,107,23.046987475269855
14,108,25.131648325693764
14,109,26.13234763012297
14,110,29.81817101085393
14,111,31.598263509278823
14,112,31.69876605913434
15,1,21.80320319064436
15,2,19.978833751251614
15,3,18.642692585051677
15,4,16.66758680975272
15,5,15.632075854147802
15,6,14.42677312187723
15,7,12.649138508201556
15,8,10.931424906290747
15,9,10.000699605282295
15,10,8.717470855863883
15,11,6.569600023260755
15,12,5.153906651553417
15,13,5.232828494296409
15,14,3.7937132798674043
15,16,3.7930360631146973
15,17,6.292357802524336
15,18,9.963301674373842
15,19,12.312945277202905
15,20,15.395778072540903
15,21,17.532792269992292
15,22,16.774176481312765
15,23,15.285978038602376
15,24,19.00107800423683
15,25,18.71838882409348
15,26,19.829259798255954
15,27,19.587021620595333
15,28,22.033534067568958
15,29,21.206615819785824
15,30,23.51951735165844
15,31,24.697983479257676
15,32,25.67444106086716
15,33,23.197512418189074
15,34,23.314943466248376
15,35,25.731501459071524
15,36,26.412617141380434
15,37,30.03325102299441
15,38,30.64632000273182
15,39,28.274501181630864
15,40,28.484844204468143
15,41,27.202611543419295
15,42,24.752097436043144
15,43,25.17296013700913
15,44,25.088996054441463
15,45,21.848851944915182
15,46,20.151950754675788
15,47,21.93602319920971
15,48,20.780871569820324
15,49,17.093797924410847
15,50,17.509171256215303
15,51,19.42166209391876
15,52,17.005963696671575
15,53,14.085848051731412
15,54,13.64765364906228
15,55,12.262696751836742
15,56,9.496609397383159
15,57,9.43391842283722
15,58,12.99902237335781
15,59,12.082669343472359
15,60,12.300562585874824
15,61,15.963432104360864
15,62,17.2840771341164
15,63,15.823783659473518
15,64,17.01884385535198
15,65,20.37620242888091
15,66,20.906875956332264
15,67,20.330717963986277
15,68,22.690981473622244
15,69,25.32989153464001
15,70,25.15456997022418
15,71,25.955478167947955
15,72,28.488290426816288
15,73,30.283240389107164
15,74,30.294484404410138
15,75,29.832601538846177
15,76,32.16900465089713
15,77,31.684911461115302
15,78,30.65304381398633
15,79,32.61102441615993
15,80,31.070918292890063
15,81,34.01673293226907
15,82,33.37677624247271
15,83,29.84551900462755
15,84,29.436991139300755
15,85,26.50604846729962
15,86,25.216849786377484
15,87,23.348899160321338
15,88,20.23547882699415
15,89,17.969872098750347
15,90,14.836561037718665
15,91,12.913079102786007
15,92,15.00817760276239
15,93,14.443648584811763
15,94,10.735166459558894
15,95,12.235505736458059
15,96,15.15992142120976
15,97,13.369240524283889
15,98,11.349385354038589
15,99,14.859541647942699
15,100,16.559333933527903
15,101,14.587956755832307
15,102,15.394860238539437
15,103,19.041815685405673
15,104,19.825316118042466
15,105,22.472129311408565
15,106,22.100737796670195
15,107,25.97577159615702
15,108,28.13798063614107
15,109,29.35527093192926
15,110,33.04678355607044
15,111,34.69083530987971
15,112,34.83270381733878
