1,2,3.835293673922439
1,3,6.3162786624602685
1,4,9.389738728375312
1,5,11.891546223982788
1,6,10.50585407402363
1,7,10.121759740779128
1,8,13.521933235607705
1,9,15.098268035680626
1,10,14.339048782686508
1,11,15.492646270287878
1,12,18.659364153384285
1,13,22.067991329905567
1,14,22.97780504485765
1,15,24.686522162359143
1,16,22.54754769270214
1,17,23.92134843324942
1,18,25.34796677200596
1,19,27.591565297452952
1,20,30.846224151166645
1,21,33.63807240853646
1,22,36.77343639212454
1,23,39.275807340692154
1,24,37.487618429685675
1,25,38.1097287309507
1,26,41.64138150252415
1,27,43.08829667014954
1,28,46.57631247403184
1,29,45.93039029232626
1,30,46.735968525948806
1,31,48.258765973093944
1,32,45.78240689226797
1,33,43.10104037346959
1,34,40.64017751578321
1,35,38.84106590080097
1,36,35.931336092463006
1,37,35.964006804418034
1,38,33.00694807397566
1,39,31.97579582163371
1,40,28.803887027634214
1,41,29.381124121043523
1,42,27.538451899064277
1,43,27.538487275493786
1,44,26.11110503420374
1,45,23.02213995772551
1,46,20.099087388904238
1,47,22.512797765941926
1,48,22.280259420770808
1,49,24.168347002572666
1,50,25.71883268279873
1,51,29.112127415748564
1,52,28.082328304536755
1,53,27.745885500650036
1,54,26.717209247809304
1,55,29.841050851308985
1,56,31.33898540775651
1,57,33.518633724522275
1,58,34.43989763183016
1,59,35.13431376361711
1,60,36.466899980264316
1,61,37.56534718589862
1,62,36.57779064045925
1,63,39.06005736144472
1,64,38.10096239100707
1,65,40.41557014856451
1,66,40.42006302462096
1,67,42.61188790913084
1,68,44.88655740599782
1,69,46.623626543487696
1,70,49.347497877877096
1,71,49.87737552542761
1,72,53.4175329267382
1,73,54.15230887468158
1,74,52.08170850309493
1,75,48.969133512865305
1,76,48.09683239249901
1,77,45.39551749074001
1,78,45.53772348811323
1,79,43.53493017669683
1,80,41.77140577817088
1,81,40.28945203820882
1,82,37.12085302659597
1,83,35.75908789365469
1,84,32.536095552258914
1,85,30.796000778722867
1,86,30.512265071990736
1,87,29.576977731244693
1,88,28.07031975794059
1,89,28.742376272998143
1,90,27.73637619265461
1,91,31.033182308779786
1,92,32.25610950978566
1,93,33.13873020623149
2,1,3.835293673922439
2,3,3.8106647152799824
2,4,6.6346392154967875
2,5,8.594995370123705
2,6,6.781416313142762
2,7,6.437143753806277
2,8,9.916237458996463
2,9,11.274501264477813
2,10,10.606654657733518
2,11,11.964314703279225
2,12,14.990757121986611
2,13,18.449571499781477
2,14,19.32665109936015
2,15,21.216075922599398
2,16,19.352611291177066
2,17,21.081403695387827
2,18,22.709715612628816
2,19,25.29553817603084
2,20,28.42525368558642
2,21,31.446370902690454
2,22,34.466390371161665
2,23,37.03665380220366
2,24,35.09777817795231
2,25,35.466570136529434
2,26,39.072909809270726
2,27,40.650001858457635
2,28,44.10298159882949
2,29,43.61109235295749
2,30,44.61957994772106
2,31,46.3252389744423
2,32,43.87535847686672
2,33,41.38592330873328
2,34,38.771044159717675
2,35,37.119840466743746
2,36,34.17164717834743
2,37,34.1223022707616
2,38,30.94209435384732
2,39,29.66184299207995
2,40,26.328614935502685
2,41,26.536044166306407
2,42,24.4076811049887
2,43,24.345863726291785
2,44,22.74611435377598
2,45,19.78007605208872
2,46,16.821275643818215
2,47,19.164302066093658
2,48,19.04808325936894
2,49,21.248021077986028
2,50,23.000506966355875
2,51,26.20929271743284
2,52,24.89358070876496
2,53,24.52073677829068
2,54,23.30600023628319
2,55,26.376311519624775
2,56,27.786108939497453
2,57,29.836667805242104
2,58,30.776380795082602
2,59,31.617056850348604
2,60,33.05961086004783
2,61,34.35474472193219
2,62,33.570577830355745
2,63,36.243971571569176
2,64,35.557761514610505
2,65,38.098611623163016
2,66,38.25652499832838
2,67,40.67872562483285
2,68,42.93487660156957
2,69,44.898565817634584
2,70,47.614475228087954
2,71,48.41036060477851
2,72,52.012632446417115
2,73,52.5162161440444
2,74,50.38684604542529
2,75,47.24961171656726
2,76,46.191655262741214
2,77,43.33510977102564
2,78,43.20978230133682
2,79,40.99353119882908
2,80,39.12896425109927
2,81,37.41635037978735
2,82,34.19006127824138
2,83,32.61639087622734
2,84,29.29801961614386
2,85,27.364273817517425
2,86,26.93819558789609
2,87,25.86970948143661
2,88,24.384181433143187
2,89,25.043251992350278
2,90,24.17028315412917
2,91,27.564905665255957
2,92,29.001449721625917
2,93,30.064665355836517
3,1,6.3162786624602685
3,2,3.8106647152799824
3,4,3.803564672984959
3,5,5.735985358130531
3,6,5.533894349582002
3,7,6.340937735647679
3,8,8.698096014814915
3,9,10.213537675612434
3,10,10.883851052663031
3,11,12.306362330568907
3,12,14.56221377997752
3,13,18.300245728070863
3,14,19.490665600637442
3,15,21.921603683925834
3,16,20.671002881784087
3,17,22.90952789308553
3,18,24.70588702718485
3,19,27.617983996150254
3,20,30.53686562565951
3,21,33.72444799478547
3,22,36.66086469598053
3,23,39.20712434642477
3,24,37.041025838233814
3,25,37.211207532712315
3,26,40.90378909285326
3,27,42.520175710093106
3,28,45.962837016377996
3,29,45.705194540245245
3,30,46.847157113121376
3,31,48.75530524367494
3,32,46.39129939297287
3,33,44.08125497535672
3,34,41.38707036826974
3,35,39.88270634927861
3,36,36.92292407821156
3,37,36.773063337852186
3,38,33.43381758400342
3,39,31.964664383982996
3,40,28.506639408541133
3,41,28.265762227133642
3,42,25.744144126529942
3,43,25.499011833199038
3,44,23.46620548370806
3,45,20.631520069054453
3,46,17.407702977000017
3,47,18.37527708385927
3,48,17.591346380736695
3,49,20.004424909487348
3,50,22.266979418900114
3,51,25.312652973265717
3,52,24.1041067909181
3,53,24.25304844667936
3,54,23.229120500421118
3,55,26.42254164436865
3,56,27.92208993771544
3,57,29.612536768012493
3,58,30.77697997917615
3,59,32.0597406756576
3,60,33.76125235844507
3,61,35.4332986218338
3,62,34.97043204094318
3,63,37.88800158537159
3,64,37.54523818466247
3,65,40.30895500334195
3,66,40.64134169128083
3,67,43.25678012499066
3,68,45.48150840395526
3,69,47.611785257953876
3,70,50.28730046809575
3,71,51.268249283344375
3,72,54.913247854500995
3,73,55.264962842703085
3,74,53.114636337471474
3,75,49.973002714785416
3,76,48.765255284933914
3,77,45.77860553894792
3,78,45.39685743044041
3,79,42.96028913945522
3,80,41.002797121395375
3,81,39.004003109289535
3,82,35.71426524617091
3,83,33.80921431381866
3,84,30.375023176335564
3,85,28.05381555664313
3,86,27.28882405058437
3,87,25.773964891659165
3,88,24.199556758353577
3,89,24.393010746475237
3,90,23.370622202330487
3,91,26.730715175678554
3,92,28.159431152472788
3,93,29.632303957850006
4,1,9.389738728375312
4,2,6.6346392154967875
4,3,3.803564672984959
4,5,3.787147449846923
4,6,5.522798791867966
4,7,5.345806315683255
4,8,6.1381133122970795
4,9,8.602792078328486
4,10,10.097299418451785
4,11,10.674507394269655
4,12,12.320831302532241
4,13,16.13594791586224
4,14,17.92558402487599
4,15,20.795001470405772
4,16,20.02151985136374
4,17,22.703926841170677
4,18,24.265609981070426
4,19,27.39117859209533
4,20,29.963084333330748
4,21,33.182116345027374
4,22,36.13604709194055
4,23,38.48410700611701
4,24,36.02198540593747
4,25,36.17523316878179
4,26,39.9434733444018
4,27,41.420135142077875
4,28,44.900915594936734
4,29,44.952269265252006
4,30,46.08691390652548
4,31,48.24513541298833
4,32,46.09832222872847
4,33,44.016996146539555
4,34,41.383300744171315
4,35,40.204713729282936
4,36,37.26104834366761
4,37,36.77191192375088
4,38,33.33337095419015
4,39,31.916897585363987
4,40,28.50157086938796
4,41,27.845738094826793
4,42,25.107229659779467
4,43,24.36963488276783
4,44,21.884149067559576
4,45,18.99717696599559
4,46,15.506947143380799
4,47,15.290593093152046
4,48,14.10145305240153
4,49,16.446352499368317
4,50,18.897320738812706
4,51,21.87280770541859
4,52,20.84673340192968
4,53,21.36450814696623
4,54,20.701566409717703
4,55,24.080730845699065
4,56,25.894828148324514
4,57,27.504884886684685
4,58,29.060731207057266
4,59,30.627351373018143
4,60,32.69447254938198
4,61,34.625300731697386
4,62,34.55547089211368
4,63,37.66829246296792
4,64,37.59215124947377
4,65,40.53851988717665
4,66,40.79691956521014
4,67,43.5242951455528
4,68,45.52789149425417
4,69,47.72776214665706
4,70,50.225192296719925
4,71,51.35966020961134
4,72,55.076218883452654
4,73,55.33763377805347
4,74,53.31403549863529
4,75,50.28671582065266
4,76,49.08242713729079
4,77,46.069733453732226
4,78,45.46862072017872
4,79,42.87206112000948
4,80,40.65358401179681
4,81,38.43421480814641
4,82,34.99242196485346
4,83,32.77261571087874
4,84,29.414482908607514
4,85,26.77497245960816
4,86,26.085013333679274
4,87,24.136773026203787
4,88,22.174411726526813
4,89,21.882192552122316
4,90,20.482951719567147
4,91,23.667404950967395
4,92,24.893446504811152
4,93,26.496117235849276
5,1,11.891546223982788
5,2,8.594995370123705
5,3,5.735985358130531
5,4,3.787147449846923
5,6,3.8145092818414645
5,7,5.621052871230307
5,8,5.138157559411862
5,9,6.085472148296195
5,10,8.593043352819876
5,11,9.981992525032643
5,12,10.80652851253938
5,13,14.578895951507034
5,14,15.987640365970359
5,15,19.017680040901787
5,16,18.731697327599985
5,17,21.66232739655288
5,18,23.651390376893666
5,19,27.02955372245623
5,20,29.51322683694963
5,21,32.95256134817175
5,22,35.63011282499209
5,23,38.150983107900096
5,24,35.69752354889795
5,25,35.44942883151521
5,26,39.20774032616559
5,27,40.948470821377015
5,28,44.28928575375458
5,29,44.384737611458284
5,30,45.811454340944536
5,31,48.03869565726251
5,32,45.81712893127463
5,33,43.88641687159883
5,34,41.04280471911052
5,35,39.8605555125701
5,36,36.92574584387044
5,37,36.583805134695545
5,38,32.994426740918094
5,39,31.20127819218368
5,40,27.630930252716606
5,41,26.63607629656288
5,42,23.597187386238666
5,43,23.08373564476617
5,44,20.56096899683109
5,45,18.157815746238708
5,46,14.929626152173972
5,47,14.464332792813373
5,48,13.33127204843608
5,49,16.342014268988255
5,50,19.193086622140793
5,51,21.699877753436883
5,52,20.173394869642564
5,53,20.665153900194834
5,54,19.576538529119865
5,55,22.679002641776833
5,56,24.11086117998967
5,57,25.32020485183249
5,58,26.701869432912858
5,59,28.488905846926528
5,60,30.522477606576377
5,61,32.678125699235856
5,62,32.736465568267874
5,63,35.98732484561875
5,64,36.208030298579416
5,65,39.319679547650516
5,66,39.89354440814446
5,67,42.83178111875853
5,68,44.94225242650834
5,69,47.38443670978845
5,70,49.96339649975341
5,71,51.34042460582864
5,72,55.0407882887617
5,73,55.044891686367
5,74,52.865734899205904
5,75,49.75560118961329
5,76,48.28698813376978
5,77,45.104859637946326
5,78,44.25783166458979
5,79,41.47541638119151
5,80,39.34044330293909
5,81,36.91455481584488
5,82,33.56815216155815
5,83,31.204664305921362
5,84,27.692209488145178
5,85,24.893792838280305
5,86,23.752112969473522
5,87,21.707575964334403
5,88,20.08216220851289
5,89,19.83025237939534
5,90,18.886630563785918
5,91,22.27085504384003
5,92,23.97099527144285
5,93,25.959480137888413
6,1,10.50585407402363
6,2,6.781416313142762
6,3,5.533894349582002
6,4,5.522798791867966
6,5,3.8145092818414645
6,7,3.8347318128582506
6,8,5.367002437287914
6,9,5.096413713662578
6,10,6.0416541123053245
6,11,8.414664272353633
6,12,10.151089714991814
6,13,13.742690782795131
6,14,14.453781431172922
6,15,16.952659514042246
6,16,16.137952893623872
6,17,18.722942273861783
6,18,20.913261021204935
6,19,24.169660983650385
6,20,26.912880597914036
6,21,30.362557108564246
6,22,32.99580968149951
6,23,35.69896523564756
6,24,33.500896300325685
6,25,33.232618095491425
6,26,36.92647298029397
6,27,38.812599494882136
6,28,42.10951733269673
6,29,41.93988556590626
6,30,43.404576639787656
6,31,45.44217799651577
6,32,43.045277636979186
6,33,40.9744199006983
6,34,38.057595353720295
6,35,36.670107278917115
6,36,33.722308126385094
6,37,33.611802650624206
6,38,30.061869214621545
6,39,28.195682861145333
6,40,24.580927007629644
6,41,23.88904140808773
6,42,21.04545551070393
6,43,20.94898062167282
6,44,18.905209671905503
6,45,16.53835213557557
6,46,13.651794908106798
6,47,15.018523039955255
6,48,14.827509761614946
6,49,17.871490033103946
6,50,20.298989709474967
6,51,22.870788777233873
6,52,20.959548165568528
6,53,20.759707780493404
6,54,19.140953680721314
6,55,21.993727270079727
6,56,23.083690540033448
6,57,24.551134215057893
6,58,25.507904572343325
6,59,26.87037878956229
6,60,28.550330982600745
6,61,30.39932471888438
6,62,30.107311072112843
6,63,33.19359972848882
6,64,33.18558600143789
6,65,36.17436912892854
6,66,36.7752977591788
6,67,39.65293837410188
6,68,41.907742257960145
6,69,44.32883686115199
6,70,47.03622432949889
6,71,48.3506063659638
6,72,52.00502047863675
6,73,52.02928960356167
6,74,49.75356862336114
6,75,46.56624477575883
6,76,45.08568465604209
6,77,41.917206525951016
6,78,41.21689502887076
6,79,38.553911406142234
6,80,36.5851798890026
6,81,34.35001311802638
6,82,31.105249645742898
6,83,29.036080204355805
6,84,25.477920692456664
6,85,23.02404493854114
6,86,21.974522226936276
6,87,20.464392463382737
6,88,19.182133334746773
6,89,19.64735502587531
6,90,19.1803900491636
6,91,22.78657264776581
6,92,24.765970457850408
6,93,26.451789898026345
7,1,10.121759740779128
7,2,6.437143753806277
7,3,6.340937735647679
7,4,5.345806315683255
7,5,5.621052871230307
7,6,3.8347318128582506
7,8,3.806017688429689
7,9,5.554745050341416
7,10,5.260989879800622
7,11,5.974435057000411
7,12,8.612003237127487
7,13,12.202881845433863
7,14,13.512771103716352
7,15,15.961352296615086
7,16,14.820440842816963
7,17,17.381248169073004
7,18,18.972229983011882
7,19,22.11306422505233
7,20,24.749941634690767
7,21,28.028276167172503
7,22,30.912436278609142
7,23,33.37473218208271
7,24,31.043417249812364
7,25,31.118325514340828
7,26,34.854407632549204
7,27,36.45600721050633
7,28,39.890525347258816
7,29,39.80871062886237
7,30,41.024548355325855
7,31,43.11985982371525
7,32,40.89034948039511
7,33,38.81702340600041
7,34,36.11158041580411
7,35,34.928453155326565
7,36,31.98655287020083
7,37,31.536556502661693
7,38,28.059204821386317
7,39,26.57763326414862
7,40,23.156399037952934
7,41,22.568921712345546
7,42,19.95468147626896
7,43,19.357217067786767
7,44,17.19057278595041
7,45,14.298938214670235
7,46,11.090588809337568
7,47,12.923963523024122
7,48,13.088261587343503
7,49,15.635010029364569
7,50,17.578775983656403
7,51,20.46395757908362
7,52,18.78351419505467
7,53,18.41208130012167
7,54,17.112981635068753
7,55,20.238342247594797
7,56,21.779416096711774
7,57,23.724266760397768
7,58,24.977079479410314
7,59,26.1347706564628
7,60,27.99639618292777
7,61,29.682423026927587
7,62,29.45362700118949
7,63,32.48023703448354
7,64,32.30655235686926
7,65,35.2260833786323
7,66,35.45218633473097
7,67,38.191984805732666
7,68,40.20773639426338
7,69,42.45406202870004
7,70,44.98974353745136
7,71,46.19314397260369
7,72,49.90209568556967
7,73,50.08466976659375
7,74,48.01793584301919
7,75,44.977350011376444
7,76,43.74674207127483
7,77,40.73249732263457
7,78,40.14310130281189
7,79,37.584430933942826
7,80,35.37809815007815
7,81,33.25028428624763
7,82,29.83099663360276
7,83,27.776230579511644
7,84,24.441145574653742
7,85,22.0479933834702
7,86,21.616503447532114
7,87,20.088005195353954
7,88,18.276686586960096
7,89,18.676535382639
7,90,17.747379187310322
7,91,21.184003310172987
7,92,22.79472768261608
7,93,24.06148693874263
8,1,13.521933235607705
8,2,9.916237458996463
8,3,8.698096014814915
8,4,6.1381133122970795
8,5,5.138157559411862
8,6,5.367002437287914
8,7,3.806017688429689
8,9,3.7948050802581244
8,10,5.560853299635489
8,11,5.285110307557263
8,12,6.189919752427698
8,13,10.01328236917223
8,14,11.971479366816979
8,15,15.080533547058453
8,16,14.830408838931278
8,17,17.965237798562413
8,18,19.48943990465598
8,19,22.917252142020793
8,20,25.108532018835213
8,21,28.484493508306443
8,22,31.2316033265921
8,23,33.551681139287744
8,24,30.9293164985038
8,25,30.79602771202417
8,26,34.58922203551154
8,27,36.160391927697944
8,28,39.557695952824986
8,29,39.81332027357431
8,30,41.14717747744885
8,31,43.5112854884433
8,32,41.47214340203525
8,33,39.69552442225184
8,34,36.975844296422835
8,35,36.10427973926541
8,36,33.21009309415897
8,37,32.512128156053144
8,38,28.910369462588143
8,39,27.321795642902515
8,40,23.91672253878899
8,41,22.73546434283019
8,42,19.757351333008412
8,43,18.72148618933241
8,44,15.98624303564584
8,45,13.320380912948353
8,46,9.915507294166073
8,47,9.887641661899428
8,48,9.615169118409124
8,49,12.534742043454797
8,50,14.952541759750021
8,51,17.523113900220057
8,52,15.771484580401578
8,53,15.854016928356781
8,54,14.769946053156804
8,55,18.024006978433725
8,56,19.763768707313258
8,57,21.399977662367434
8,58,23.032607631968734
8,59,24.646333269124337
8,60,26.897249662429054
8,61,28.981114401055045
8,62,29.232360555503533
8,63,32.50833207714001
8,64,32.749416972928444
8,65,35.901600591004936
8,66,36.21168169713803
8,67,39.13389676659574
8,68,40.980601453504796
8,69,43.385806050297425
8,70,45.77733368538171
8,71,47.219056667197016
8,72,50.9685149955216
8,73,50.960040446488215
8,74,48.950848994381694
8,75,45.992308441025244
8,76,44.65146477179111
8,77,41.55136373768366
8,78,40.64433955779316
8,79,37.85627278491521
8,80,35.451056398391835
8,81,33.00769596703175
8,82,29.499353428012512
8,83,27.04095487473118
8,84,23.723148553380074
8,85,20.88754141191022
8,86,20.288725268346646
8,87,18.184867974057866
8,88,16.06218814929067
8,89,15.860057192893263
8,90,14.673357132922302
8,91,18.063320182006454
8,92,19.69895529286224
8,93,21.345562262839294
9,1,15.098268035680626
9,2,11.274501264477813
9,3,10.213537675612434
9,4,8.602792078328486
9,5,6.085472148296195
9,6,5.096413713662578
9,7,5.554745050341416
9,8,3.7948050802581244
9,10,3.7943380710997388
9,11,5.563283928239587
9,12,5.618617433967611
9,13,9.07075491961739
9,14,9.960540261639371
9,15,12.99629366436072
9,16,13.083653124073034
9,17,16.30854382746091
9,18,18.4430008385125
9,19,22.039671412267293
9,20,24.276557514983608
9,21,27.865359799014872
9,22,30.283665854152076
9,23,32.88030401560028
9,24,30.43087719360333
9,25,29.864666099463232
9,26,33.596622389378076
9,27,35.52068089789859
9,28,38.738262217990005
9,29,38.88490678269402
9,30,40.530305351454224
9,31,42.8428549485523
9,32,40.63075443442728
9,33,38.920614512966765
9,34,35.95800585836186
9,35,34.95432501710568
9,36,32.07275559246765
9,37,31.674348192822404
9,38,27.964927620934343
9,39,25.941324738342473
9,40,22.355078055802924
9,41,20.97170458881846
9,42,17.748806008964312
9,43,17.242118301017207
9,44,14.764755829540757
9,45,12.790932279314529
9,46,10.088860424790685
9,47,10.878734625417819
9,48,11.167181152050247
9,49,14.577810195448347
9,50,17.087881820595374
9,51,19.12727697539752
9,52,16.742145226566564
9,53,16.441266477034855
9,54,14.57261298705624
9,55,17.276278736573335
9,56,18.323143237575994
9,57,19.60720178203931
9,58,20.780661107486598
9,59,22.4314440532884
9,60,24.449106238982424
9,61,26.633296241755684
9,62,26.830386629142005
9,63,30.174501527178148
9,64,30.611562338638684
9,65,33.867248203887236
9,66,34.532598052638264
9,67,37.62958590268735
9,68,39.67336565301755
9,69,42.30104990312385
9,70,44.847322624058485
9,71,46.47778280408826
9,72,50.17329844436653
9,73,49.93322390377573
9,74,47.714755464613894
9,75,44.62978257875927
9,76,43.016865506044226
9,77,39.754618468134424
9,78,38.681338340277655
9,79,35.766587108796045
9,80,33.55431983644548
9,81,30.99419049285051
9,82,27.652147064401454
9,83,25.19890080170441
9,84,21.6635362481372
9,85,18.823684527634345
9,86,17.69903219852559
9,87,15.763786254102884
9,88,14.285821146171042
9,89,14.586955950210834
9,90,14.30418205694036
9,91,17.994332799980274
9,92,20.281872230200197
9,93,22.168821700355625
10,1,14.339048782686508
10,2,10.606654657733518
10,3,10.883851052663031
10,4,10.097299418451785
10,5,8.593043352819876
10,6,6.0416541123053245
10,7,5.260989879800622
10,8,5.560853299635489
10,9,3.7943380710997388
10,11,3.776554745334351
10,12,5.797280122342709
10,13,8.630308291221736
10,14,8.825198882842948
10,15,11.049486449771061
10,16,10.204593046130178
10,17,13.07490966304114
10,18,15.200372082650986
10,19,18.66064684160441
10,20,21.16660700832807
10,21,24.714776179215324
10,22,27.221194076845542
10,23,29.917930118983456
10,24,27.67737229846175
10,25,27.25791916873817
10,26,30.954960903659643
10,27,32.90404990470352
10,28,36.15225006139691
10,29,36.05156303333356
10,30,37.61868039758808
10,31,39.75925322248663
10,32,37.43061952734794
10,33,35.55769874746009
10,34,32.60435682876116
10,35,31.46816987617307
10,36,28.558112203302187
10,37,28.248639927483953
10,38,24.590425341646867
10,39,22.651201009963675
10,40,19.066732546711133
10,41,18.071888150056022
10,42,15.164795589419546
10,43,14.90895532239442
10,44,12.972736134567391
10,45,10.759091855204696
10,46,8.410743501123786
10,47,11.700184267779166
10,48,12.979119107579528
10,49,15.962104941288818
10,50,17.777871851234387
10,51,20.00784988353153
10,52,17.48156049800675
10,53,16.403621302074658
10,54,14.163747082491351
10,55,16.665917941929717
10,56,17.538891224396348
10,57,19.367040255501074
10,58,20.189900597796335
10,59,21.221772265437505
10,60,22.91433594790204
10,61,24.657501483934507
10,62,24.477208116181664
10,63,27.61877375669603
10,64,27.712392438024075
10,65,30.814535482920423
10,66,31.32882953542616
10,67,34.30733000251424
10,68,36.40386714382027
10,69,38.932582151253285
10,70,41.54454101510956
10,71,43.0546218238338
10,72,46.73669953080238
10,73,46.59880627013859
10,74,44.371170647444806
10,75,41.26263067646753
10,76,39.75318075935585
10,77,36.56811281540129
10,78,35.70866506588936
10,79,32.96616910466419
10,80,30.81244388181984
10,81,28.510530841847245
10,82,25.177887997169716
10,83,23.063759961309636
10,84,19.572106791655507
10,85,17.179634510413518
10,86,16.51678433678915
10,87,15.263579705984801
10,88,13.94764709385542
10,89,15.060646853578008
10,90,15.055580384058127
10,91,18.75600046586921
10,92,21.05340931168455
10,93,22.388671755569803
11,1,15.492646270287878
11,2,11.964314703279225
11,3,12.306362330568907
11,4,10.674507394269655
11,5,9.981992525032643
11,6,8.414664272353633
11,7,5.974435057000411
11,8,5.285110307557263
11,9,5.563283928239587
11,10,3.776554745334351
11,12,3.8346964363958853
11,13,6.6298198283810414
11,14,8.163548819493856
11,15,10.653111481546963
11,16,9.924576308547683
11,17,13.003708550331256
11,18,14.254199646222293
11,19,17.694638069398493
11,20,19.823655795759105
11,21,23.21065884081407
11,22,25.94964483734302
11,23,28.291423846062052
11,24,25.740674557026498
11,25,25.627016493187003
11,26,29.408447301497755
11,27,31.01207105608774
11,28,34.408658134716816
11,29,34.571339747623256
11,30,35.909943077342156
11,31,38.24243602377968
11,32,36.1906820197508
11,33,34.44975351541226
11,34,31.73685985611382
11,35,30.97226134565619
11,36,28.105828404569454
11,37,27.296830609972577
11,38,23.68050762181144
11,39,22.15974051524735
11,40,18.85568349989296
11,41,17.700099595506426
11,42,14.934012620601798
11,43,13.764875712663098
11,44,11.311173264742637
11,45,8.400959483406103
11,46,5.258203118854565
11,47,8.738269014729987
11,48,10.468496062916259
11,49,12.948378512922629
11,50,14.33280288116227
11,51,16.731266628195787
11,52,14.396910112799366
11,53,13.247443794829314
11,54,11.455594697167882
11,55,14.413523072171875
11,56,15.984546129855962
11,57,18.23190375978942
11,58,19.609382283306758
11,59,20.640298093285274
11,60,22.734755478430063
11,61,24.481343701747143
11,62,24.613213514462984
11,63,27.77588044032254
11,64,27.87817914149219
11,65,30.981674759177654
11,66,31.11929580462913
11,67,34.00897778159648
11,68,35.760680239458466
11,69,38.15751172963315
11,70,40.51237081562845
11,71,41.99854914692497
11,72,45.752466187159015
11,73,45.70877596503802
11,74,43.73626527944873
11,75,40.82864927221262
11,76,39.54773835557593
11,77,36.50610773895387
11,78,35.63349773313759
11,79,32.91669486722311
11,80,30.42203404836125
11,81,28.101903735328076
11,82,24.54330934703487
11,83,22.24896784878092
11,84,19.06074137922827
11,85,16.525310985015192
11,86,16.538754797266453
11,87,14.965948622266234
11,88,12.82312837029387
11,89,13.518471654984758
11,90,12.811754288269857
11,91,16.2756153401444
11,92,18.159214736795942
11,93,19.177518410270746
12,1,18.659364153384285
12,2,14.990757121986611
12,3,14.56221377997752
12,4,12.320831302532241
12,5,10.80652851253938
12,6,10.151089714991814
12,7,8.612003237127487
12,8,6.189919752427698
12,9,5.618617433967611
12,10,5.797280122342709
12,11,3.8346964363958853
12,13,3.829988246233179
12,14,6.265727594742248
12,15,9.700676192621463
12,16,10.400008633442553
12,17,14.014624267520672
12,18,15.333161006473325
12,19,19.007164701936862
12,20,20.58861021182879
12,21,24.075259747995545
12,22,26.507424320444997
12,23,28.748540585338574
12,24,25.962961473150408
12,25,25.469171275370286
12,26,29.25627796905901
12,27,30.9258889642378
12,28,34.19765799202361
12,29,34.694702973659645
12,30,36.24845764333891
12,31,38.83225773553105
12,32,36.943501462796135
12,33,35.547245606682914
12,34,32.77471047125929
12,35,32.29598426624851
12,36,29.52268944875534
12,37,28.56907519859592
12,38,24.856202590261965
12,39,23.11262787011845
12,40,19.85261311388045
12,41,17.987230889568583
12,42,14.780307482546888
12,43,13.249526959141843
12,44,10.141356109765459
12,45,7.998501616621337
12,46,5.23325561695617
12,47,6.143603757413215
12,48,8.02467638011833
12,49,11.005856372193078
12,50,12.844583368477581
12,51,14.564094996198131
12,52,11.801225594892525
12,53,10.96309935736804
12,54,9.022496552939183
12,55,11.969207604956464
12,56,13.575091659398966
12,57,15.352952104119774
12,58,17.089752570107184
12,59,18.695417511068822
12,60,21.19565237466617
12,61,23.43529939832703
12,62,24.11065628742875
12,63,27.540919840576194
12,64,28.159982444044207
12,65,31.507556810152188
12,66,31.845611255184547
12,67,34.9479244560757
12,68,36.57077318800642
12,69,39.17855591078373
12,70,41.415323255513655
12,71,43.18920059011592
12,72,46.94179099446317
12,73,46.6366298714995
12,74,44.6703315222965
12,75,41.82645505062228
12,76,40.358603290855875
12,77,37.20258531150801
12,78,35.95406989278731
12,79,32.97573809117266
12,80,30.347857489860605
12,81,27.659185731702852
12,82,24.08716959955957
12,83,21.33780289002608
12,84,18.13858948128906
12,85,15.061889594709802
12,86,14.718427120005684
12,87,12.43917672083897
12,88,9.99373933033112
12,89,10.093540340805767
12,90,9.41134542168023
12,91,13.049692401090397
12,92,15.290718644461332
12,93,16.845523769287375
13,1,22.067991329905567
13,2,18.449571499781477
13,3,18.300245728070863
13,4,16.13594791586224
13,5,14.578895951507034
13,6,13.742690782795131
13,7,12.202881845433863
13,8,10.01328236917223
13,9,9.07075491961739
13,10,8.630308291221736
13,11,6.6298198283810414
13,12,3.829988246233179
13,14,3.809588601119875
13,15,7.155803860282488
13,16,8.806520552549625
13,17,12.505762436416626
13,18,13.481195282174067
13,19,17.173288085593132
13,20,18.182256729856775
13,21,21.661030517997588
13,22,23.82772214264496
13,23,25.952225546136066
13,24,23.051222627169246
13,25,22.302487811308993
13,26,26.059325966488025
13,27,27.76510339169915
13,28,30.935449356170935
13,29,31.62608199507387
13,30,33.311865695162766
13,31,36.04934372589627
13,32,34.30055986764839
13,33,33.194346665924385
13,34,30.43242218915616
13,35,30.266996459645686
13,36,27.623667456748457
13,37,26.46335187457553
13,38,22.74257609674143
13,39,20.957175566691205
13,40,17.93013521303782
13,41,15.561156446280181
13,42,12.301610624322857
13,43,10.251654200776954
13,44,6.782199835289906
13,45,5.495681432956915
13,46,4.436595398583921
13,47,6.088984029527795
13,48,9.153663783755832
13,49,11.56265512607368
13,50,12.717200171655653
13,51,13.671068176085315
13,52,10.328537090772514
13,53,8.606329294676614
13,54,5.773663800979135
13,55,8.253955219497891
13,56,9.770816651003232
13,57,11.781120358230323
13,58,13.652260453169653
13,59,15.202510829758772
13,60,17.933505388829186
13,61,20.26521974128581
13,62,21.297853506225255
13,63,24.79948713309907
13,64,25.688703211988603
13,65,29.133881818241868
13,66,29.452375192383887
13,67,32.6403421486322
13,68,34.062259079248854
13,69,36.7790090557386
13,70,38.872998225689045
13,71,40.86031489597768
13,72,44.597372482372876
13,73,44.10151473317149
13,74,42.19524175154577
13,75,39.4636653443448
13,76,37.93921909030734
13,77,34.78215135693488
13,78,33.30495421535279
13,79,30.21915916729277
13,80,27.418495657962524
13,81,24.569181896802615
13,82,20.959989044893916
13,83,17.984633564912052
13,84,14.969436790153928
13,85,11.715225266600505
13,86,11.744899969355401
13,87,9.35841018460883
13,88,6.482302339998762
13,89,6.993163812938031
13,90,6.942135948680118
13,91,10.533462448221087
13,92,13.180103518793565
13,93,14.523715211674896
14,1,22.97780504485765
14,2,19.32665109936015
14,3,19.490665600637442
14,4,17.92558402487599
14,5,15.987640365970359
14,6,14.453781431172922
14,7,13.512771103716352
14,8,11.971479366816979
14,9,9.960540261639371
14,10,8.825198882842948
14,11,8.163548819493856
14,12,6.265727594742248
14,13,3.809588601119875
14,15,3.814481115072238
14,16,6.220265446961758
14,17,9.938152584723419
14,18,11.66108073134372
14,19,15.445140388139738
14,20,16.599241088190738
14,21,20.290784148900617
14,22,22.082635766690036
14,23,24.592790106319846
14,24,22.045657755559343
14,25,20.83889659864109
14,26,24.492338313710423
14,27,26.641278976790826
14,28,29.606527673804525
14,29,30.02172265985458
14,30,32.019163193486136
14,31,34.58967068726666
14,32,32.5818604852623
14,33,31.46041225546331
14,34,28.435982122733645
14,35,28.057065826707536
14,36,25.426809896899755
14,37,24.654358256619858
14,38,20.85587803726418
14,39,18.586219715736142
14,40,15.361542901525251
14,41,12.811634883156012
14,42,9.244620178958538
14,43,8.073897420574765
14,44,5.484257353469914
14,45,5.788184569418604
14,46,6.5191815281027905
14,47,9.875298905879204
14,48,12.780773878317474
14,49,15.345192484380838
14,50,16.434028469352125
14,51,17.167379224210404
14,52,13.63715679601395
14,53,11.474245579539254
14,54,7.94849324779398
14,55,8.894304572093647
14,56,8.867480135329485
14,57,10.697149330138876
14,58,11.535833412211007
14,59,12.711627406783379
14,60,14.979926812249811
14,61,17.251193207914095
14,62,18.05391976172608
14,63,21.604319704462327
14,64,22.588383498765847
14,65,26.112474725767278
14,66,26.76788122663474
14,67,30.10507267550439
14,68,31.776370995699217
14,69,34.689561852844186
14,70,36.99020167787087
14,71,39.109198273881
14,72,42.77392202108288
14,73,42.09048179387795
14,74,39.950378835007946
14,75,37.06613027935875
14,76,35.29275419571971
14,77,31.986648537638985
14,78,30.417378754785382
14,79,27.249167504679573
14,80,24.68105676291849
14,81,21.78878832131485
14,82,18.348122677740726
14,83,15.514935932657089
14,84,12.126774380933297
14,85,8.99147701614063
14,86,8.53563029512788
14,87,6.868116370606812
14,88,5.416373838614483
14,89,7.774471644244666
14,90,9.360997174972434
14,91,12.808200514523122
14,92,15.904646954182974
14,93,17.145636770241083
15,1,24.686522162359143
15,2,21.216075922599398
15,3,21.921603683925834
15,4,20.795001470405772
15,5,19.017680040901787
15,6,16.952659514042246
15,7,15.961352296615086
15,8,15.080533547058453
15,9,12.99629366436072
15,10,11.049486449771061
15,11,10.653111481546963
15,12,9.700676192621463
15,13,7.155803860282488
15,14,3.814481115072238
15,16,3.8023311064962204
15,17,6.905367087982025
15,18,8.777359745510743
15,19,12.43245788831728
15,20,13.493881507533803
15,21,17.252723304227125
15,22,18.75280092976277
15,23,21.4938993086023
15,24,19.257408352056014
15,25,17.79508134189399
15,26,21.348048977074342
15,27,23.766386846266425
15,28,26.603028036501115
15,29,26.77012962334722
15,30,28.923467208612546
15,31,31.352259183287853
15,32,29.193945417672225
15,33,28.083476117879545
15,34,24.93724076314151
15,35,24.51813566067777
15,36,21.94620624281838
15,37,21.325535186840675
15,38,17.52568144648178
15,39,15.016653385249752
15,40,11.829196369864604
15,41,9.081276471675066
15,42,5.443130389864971
15,43,4.939025795093248
15,44,4.205639895353392
15,45,6.008409412593579
15,46,8.376002855312274
15,47,13.103656712612954
15,48,16.30499276893163
15,49,18.536216207116848
15,50,19.107542949836578
15,51,19.73950477958838
15,52,16.198214043948326
15,53,13.408996493839746
15,54,9.685667563094295
15,55,9.456502003350217
15,56,8.365166318448019
15,57,10.585202609158655
15,58,10.399877271756383
15,59,10.462162480661751
15,60,12.124473964975316
15,61,13.915021473324927
15,62,14.410825130826879
15,63,17.88096425243304
15,64,18.777730801822386
15,65,22.300265783970683
15,66,23.00005165514382
15,67,26.38204128277769
15,68,28.12004952355993
15,69,31.11582030453928
15,70,33.499852947857526
15,71,35.69378195711293
15,72,39.30974667518417
15,73,38.527295669688286
15,74,36.29536746865576
15,75,33.3685981850696
15,76,31.521333914055617
15,77,28.188793719249297
15,78,26.617887385991985
15,79,23.47282647904101
15,80,20.962867870891735
15,81,18.165036353229613
15,82,14.7671737958554
15,83,12.211802144096476
15,84,8.6907075509452
15,85,6.163475661293504
15,86,6.420066778956463
15,87,6.586455362275544
15,88,6.509014398851867
15,89,9.921886769111183
15,90,12.02897380450853
15,91,14.984852871694986
15,92,18.043240604778152
15,93,18.733211265536376
16,1,22.54754769270214
16,2,19.352611291177066
16,3,20.671002881784087
16,4,20.02151985136374
16,5,18.731697327599985
16,6,16.137952893623872
16,7,14.820440842816963
16,8,14.830408838931278
16,9,13.083653124073034
16,10,10.204593046130178
16,11,9.924576308547683
16,12,10.400008633442553
16,13,8.806520552549625
16,14,6.220265446961758
16,15,3.8023311064962204
16,17,3.784740078471784
16,18,6.084525386128515
16,19,9.821399957852437
16,20,11.789065259936025
16,21,15.566524094106786
16,22,17.50594418079716
16,23,20.438972815012562
16,24,18.500213059771763
16,25,17.552965975402092
16,26,21.1126630389246
16,27,23.443117021355135
16,28,26.45020563869247
16,29,26.192474037831445
16,30,28.086520483600633
16,31,30.222448206968043
16,32,27.843942085196538
16,33,26.30205982980827
16,34,23.172718975980825
16,35,22.39176170611368
16,36,19.640247030328954
16,37,19.1930366020266
16,38,15.386922615260758
16,39,13.0625779191576
16,40,9.593560691273812
16,41,7.9361587914417235
16,42,5.17898063998576
16,43,5.494676470009752
16,44,5.99374179604545
16,45,6.08121587721205
16,46,8.167175324940152
16,47,14.419916807333598
16,48,17.623521142177374
16,49,19.704891890618825
16,50,20.036884728360867
16,51,21.265201615130476
16,52,18.033112396706937
16,53,15.116838252760285
16,54,11.72367988333062
16,55,12.081319915850237
16,56,11.52764393900464
16,57,14.173736129160158
16,58,13.875109128165866
16,59,13.275190242292517
16,60,14.294041165159808
16,61,15.230104527323546
16,62,14.861574510475482
16,63,17.88324939458949
16,64,17.994658317524742
16,65,21.213250318707274
16,66,21.62079440828851
16,67,24.775600102814185
16,68,26.69019535583036
16,69,29.46094402201234
16,70,32.00907539443611
16,71,33.89027977947222
16,72,37.53741727017793
16,73,37.04772880328806
16,74,34.79635175986519
16,75,31.77288092839937
16,76,30.14510731427734
16,77,26.930684165329513
16,78,25.84017205902822
16,79,23.03697200519589
16,80,20.679222169875157
16,81,18.430435570849298
16,82,15.054236634028417
16,83,13.281113500562695
16,84,9.99714453063185
16,85,8.713051061729246
16,86,9.57985219131269
16,87,10.361188632091642
16,88,10.080543102258142
16,89,13.210885181028754
16,90,14.689331318594913
16,91,17.69145150950547
16,92,20.35978632046476
16,93,20.63706132838348
17,1,23.92134843324942
17,2,21.081403695387827
17,3,22.90952789308553
17,4,22.703926841170677
17,5,21.66232739655288
17,6,18.722942273861783
17,7,17.381248169073004
17,8,17.965237798562413
17,9,16.30854382746091
17,10,13.07490966304114
17,11,13.003708550331256
17,12,14.014624267520672
17,13,12.505762436416626
17,14,9.938152584723419
17,15,6.905367087982025
17,16,3.784740078471784
17,18,3.7940130545304545
17,19,6.865655670354832
17,20,9.39884187984456
17,21,13.074393450827738
17,22,14.88442767748106
17,23,18.119330499950266
17,24,16.761273302655283
17,25,15.883172284227971
17,26,19.195436908964552
17,27,21.683432043526206
17,28,24.577752144794864
17,29,23.851791914083964
17,30,25.73588141332865
17,31,27.54322506873323
17,32,24.908844619232802
17,33,23.141498898376412
17,34,19.906891923573244
17,35,18.842090051688206
17,36,16.047897984521953
17,37,15.928774693041632
17,38,12.170725450776446
17,39,9.685921195331733
17,40,6.048765343350982
17,41,5.477546978632637
17,42,4.542606295774729
17,43,6.303918774893977
17,44,8.53981486480396
17,45,8.901943607532324
17,46,11.274152381807347
17,47,17.912769942156718
17,48,21.194714537665345
17,49,23.062473151236453
17,50,23.063636640256835
17,51,24.349403758176585
17,52,21.233975579180104
17,53,18.063074757229835
17,54,14.795330560865471
17,55,14.707643331278485
17,56,13.796160152271431
17,57,16.527428944560597
17,58,15.646657475708748
17,59,14.149145368282793
17,60,14.293576974642988
17,61,14.26724323912954
17,62,13.081801469452413
17,63,15.56267298562983
17,64,15.053773787575182
17,65,18.00843990133267
17,66,18.285497891556776
17,67,21.327014888822976
17,68,23.419122179870556
17,69,26.13473644146521
17,70,28.85352693652406
17,71,30.6325282912987
17,72,34.23262137710926
17,73,33.797924208248666
17,74,31.44641175894719
17,75,28.331739578385328
17,76,26.75068322237955
17,77,23.58990115185756
17,78,22.789440319002015
17,79,20.252732746837495
17,80,18.11243758280325
17,81,16.375766380708804
17,82,13.25094532746167
17,83,12.412289283484263
17,84,9.595995876722426
17,85,9.800025057604332
17,86,11.190655384743128
17,87,12.97099991534149
17,88,13.206575271830884
17,89,16.549304871700794
17,90,18.128797227804043
17,91,20.874693685888143
17,92,23.40053381608923
17,93,23.27076560452708
18,1,25.34796677200596
18,2,22.709715612628816
18,3,24.70588702718485
18,4,24.265609981070426
18,5,23.651390376893666
18,6,20.913261021204935
18,7,18.972229983011882
18,8,19.48943990465598
18,9,18.4430008385125
18,10,15.200372082650986
18,11,14.254199646222293
18,12,15.333161006473325
18,13,13.481195282174067
18,14,11.66108073134372
18,15,8.777359745510743
18,16,6.084525386128515
18,17,3.7940130545304545
18,19,3.810689498854714
18,20,6.119240201936995
18,21,9.748006969366912
18,22,12.09195363006297
18,23,15.008521599620368
18,24,13.447583312943639
18,25,13.144202740517642
18,26,16.564671691643408
18,27,18.657509885244302
18,28,21.794413234836053
18,29,21.164036118256536
18,30,22.71319357789995
18,31,24.640674299404278
18,32,22.235268747648686
18,33,20.501038779418757
18,34,17.572640395402413
18,35,16.974607862224808
18,36,14.233513851797992
18,37,13.345663530528553
18,38,9.587801139835017
18,39,8.033756339961055
18,40,5.395172729188432
18,41,5.3038900508467295
18,42,6.000759259965152
18,43,6.0375778184940705
18,44,8.557594687128692
18,45,8.65942075484753
18,46,11.437770352050348
18,47,18.16921477824629
18,48,21.678896202310632
18,49,22.956437588126015
18,50,22.33460581708117
18,51,23.591426864642358
18,52,20.752155313759246
18,53,17.303577001946582
18,54,14.465467688221535
18,55,14.263275621672824
18,56,13.81645211782213
18,57,17.048435506087262
18,58,16.547127668354516
18,59,14.706006881854803
18,60,15.0544421837808
18,61,14.613619058049236
18,62,13.637500543191706
18,63,15.744543821210412
18,64,14.934490037590633
18,65,17.60481261637554
18,66,17.125262759860725
18,67,19.887660705297275
18,68,21.50714699942939
18,69,23.971475520034687
18,70,26.414221627782613
18,71,28.096449388624112
18,72,31.79933707946795
18,73,31.545218416554427
18,74,29.504785223042152
18,75,26.63817828433312
18,76,25.45506943780819
18,77,22.591045808804004
18,78,21.96491481841508
18,79,19.676064859437325
18,80,17.12447163726712
18,81,15.688191716419043
18,82,12.347972923672744
18,83,11.73532312992504
18,84,9.857597197863402
18,85,10.492659322583147
18,86,12.934796359135275
18,87,14.55660375328902
18,88,14.189002987268964
18,89,17.270796311293683
18,90,18.423680590020474
18,91,20.691478049296997
18,92,22.756858762631584
18,93,22.021028200454136
19,1,27.591565297452952
19,2,25.29553817603084
19,3,27.617983996150254
19,4,27.39117859209533
19,5,27.02955372245623
19,6,24.169660983650385
19,7,22.11306422505233
19,8,22.917252142020793
19,9,22.039671412267293
19,10,18.66064684160441
19,11,17.694638069398493
19,12,19.007164701936862
19,13,17.173288085593132
19,14,15.445140388139738
19,15,12.43245788831728
19,16,9.821399957852437
19,17,6.865655670354832
19,18,3.810689498854714
