1,2,3.787086572875166
1,3,6.4672216782856555
1,4,9.30076546943239
1,5,12.613818552847661
1,6,14.740157630091444
1,7,12.572831810004487
1,8,12.581303326603544
1,9,16.272143850368156
1,10,17.383525244648627
1,11,15.89406425399517
1,12,17.50548258222971
1,13,20.81260864356084
1,14,24.025536451040498
1,15,24.509419277462037
1,16,25.697634959300824
1,17,23.367708441385656
1,18,24.31674972387356
1,19,25.859346582997084
1,20,27.749737306455728
1,21,31.178541052158536
1,22,33.86330613576973
1,23,36.90527002677325
1,24,39.3353388583593
1,25,38.043931257558036
1,26,38.56735623170872
1,27,41.98764457901748
1,28,43.38759116830264
1,29,46.83293806877945
1,30,45.95304730966715
1,31,46.50206184227421
1,32,48.341974378809596
1,33,45.711524281254604
1,34,42.80922237029189
1,35,40.19510102391847
1,36,37.97395519069957
1,37,35.208465890570174
1,38,35.6138884049876
1,39,32.86308016712478
1,40,31.901933254469572
1,41,28.782539158191497
1,42,29.732698024288695
1,43,28.2615298650176
1,44,28.44676076761202
1,45,27.41537428244212
1,46,24.272108902037942
1,47,21.751341295945675
1,48,25.274564959207147
1,49,25.36866299976137
1,50,27.335779085363676
1,51,28.693623119069898
1,52,32.040143134326414
1,53,30.77555397247455
1,54,29.978198910998184
1,55,28.66776412338645
1,56,31.76173272983028
1,57,32.93199043754497
1,58,35.203675982923514
1,59,35.77952553645101
1,60,36.24775835423147
1,61,37.33829188385692
1,62,38.16804466087788
1,63,36.90734153149321
1,64,38.98424485292186
1,65,37.710984608795314
1,66,39.697498261409756
1,67,39.76356575245135
1,68,41.72904764749351
1,69,44.2202266082653
1,70,45.85646688014835
1,71,48.72132102711912
1,72,49.39516984706232
1,73,52.66381276298913
1,74,53.431911634349134
1,75,51.118782932982576
1,76,47.84702228849821
1,77,46.90481701557228
1,78,44.237443161786764
1,79,44.73191488451008
1,80,43.093040902841324
1,81,41.65270162014004
1,82,40.4422934972601
1,83,37.42425774854564
1,84,36.43910153485595
1,85,33.35303918122603
1,86,31.991838875952215
1,87,31.583412027794274
1,88,31.01079850876348
1,89,29.847765344455627
1,90,30.716918046043965
1,91,30.146328785420195
1,92,33.57696573199551
1,93,35.09273094217484
1,94,35.87663615718817
2,1,3.787086572875166
2,3,3.7777120951567564
2,4,6.089696326060028
2,5,9.110976336434737
2,6,11.693949233266112
2,7,10.165976145315934
2,8,9.932279618634583
2,9,13.385700302009507
2,10,15.02426744888253
2,11,14.09407158949409
2,12,15.372694833202782
2,13,18.46673282206914
2,14,21.90254818042577
2,15,22.878596600809782
2,16,24.55147739999027
2,17,22.617069537831405
2,18,24.087862327511008
2,19,25.515302306462985
2,20,27.744248447146596
2,21,30.948860865742834
2,22,33.77855972770094
2,23,36.90336286330889
2,24,39.20303485390492
2,25,37.565190244838064
2,26,38.05272645634043
2,27,41.61161031859845
2,28,42.907680371944856
2,29,46.449384799324
2,30,45.87758238048582
2,31,46.47132900619608
2,32,48.568608480181084
2,33,46.12174782209038
2,34,43.41296975666681
2,35,40.810157307992824
2,36,38.87320912813532
2,37,36.05969208466781
2,38,36.14200097217734
2,39,33.18497337539393
2,40,32.20389558482233
2,41,29.007775882749737
2,42,29.52205188629502
2,43,27.709906055945662
2,44,27.465820468571184
2,45,25.967220218068054
2,46,22.705029685944563
2,47,19.7908592561375
2,48,22.481219550935478
2,49,22.216584948790555
2,50,24.115927226508862
2,51,25.64136033163504
2,52,29.010543306773243
2,53,27.938089010691908
2,54,27.48621731997609
2,55,26.46718419113825
2,56,29.773514065661335
2,57,31.227935953706353
2,58,33.40739581167994
2,59,34.33428711516101
2,60,35.11334805538839
2,61,36.560384489183924
2,62,37.6929092095535
2,63,36.79631810503438
2,64,39.15128137456539
2,65,38.1777806654481
2,66,40.42430688060468
2,67,40.463850996926865
2,68,42.62842403405795
2,69,44.94290413157065
2,70,46.70554431212219
2,71,49.43368295396595
2,72,50.270265759383435
2,73,53.67172999568298
2,74,54.338239727979996
2,75,52.110473442114085
2,76,48.914673063541464
2,77,47.935300301056785
2,78,45.18096451086137
2,79,45.4224718040114
2,80,43.54490253939281
2,81,41.83334585793744
2,82,40.33434305115906
2,83,37.12412514725535
2,84,35.78358314382754
2,85,32.64711681820198
2,86,30.919077531017198
2,87,30.507306803930984
2,88,29.51228971218873
2,89,28.014781906876703
2,90,28.479362890729597
2,91,27.59648222690583
2,92,30.94258673313267
2,93,32.29205280539411
2,94,33.22108026509425
3,1,6.4672216782856555
3,2,3.7777120951567564
3,4,3.8112888927278563
3,5,6.558512908863021
3,6,8.555395561224492
3,7,6.549116390768284
3,8,6.320960614264787
3,9,9.877430317670894
3,10,11.271590062419174
3,11,10.396222993462638
3,12,11.895011417216955
3,13,14.858047100711605
3,14,18.335600438745743
3,15,19.26447444882898
3,16,21.108169678000113
3,17,19.44618387668395
3,18,21.25146997772977
3,19,22.864004240207354
3,20,25.423138462787385
3,21,28.528996118714492
3,22,31.580717171328672
3,23,34.585145643703065
3,24,36.97340835323005
3,25,35.18501128319293
3,26,35.4141375152779
3,27,39.05330646529357
3,28,40.49035108663846
3,29,43.998691712005034
3,30,43.567921123499815
3,31,44.38318341613368
3,32,46.58271036876173
3,33,44.15456226424138
3,34,41.633528605540086
3,35,38.88907557552444
3,36,37.089428783194585
3,37,34.24506065251623
3,38,34.26242958509132
3,39,31.089096355710414
3,40,29.856225419498323
3,41,26.50985754370528
3,42,26.66801067032674
3,43,24.57940296770443
3,44,24.280389616156203
3,45,22.626209538175228
3,46,19.49518566543908
3,47,16.551835969318077
3,48,19.2141311542081
3,49,19.093685945483788
3,50,21.30906983632344
3,51,23.025872405771242
3,52,26.197312948864415
3,53,24.83078376929735
3,54,24.321193616619016
3,55,23.104860650277725
3,56,26.358087387061747
3,57,27.710147674090987
3,58,29.766771009216598
3,59,30.701606248722612
3,60,31.612628255627996
3,61,33.15841757855573
3,62,34.47342043506658
3,63,33.757028485539834
3,64,36.299603741439206
3,65,35.58745513845692
3,66,38.05733250688287
3,67,38.2468440891023
3,68,40.64371430604379
3,69,42.932451873247835
3,70,44.92077604291945
3,71,47.640936035825405
3,72,48.7302003418774
3,73,52.1897459516294
3,74,52.628279840735495
3,75,50.34214198884114
3,76,47.13859715206653
3,77,45.977580738996124
3,78,43.072792260177756
3,79,43.05405217008587
3,80,40.96381631716683
3,81,39.16396008754679
3,82,37.44590679381356
3,83,34.19403406463396
3,84,32.65390714155282
3,85,29.414455234475298
3,86,27.503009229598245
3,87,26.95894414489344
3,88,25.842859818016098
3,89,24.37165645920158
3,90,24.840436343989406
3,91,24.106150524990476
3,92,27.549500269153086
3,93,29.114128998905677
3,94,30.211381716491548
4,1,9.30076546943239
4,2,6.089696326060028
4,3,3.8112888927278563
4,5,3.7922532062618504
4,6,5.7694189498610955
4,7,5.343975134946719
4,8,6.333095365596383
4,9,8.846136970601833
4,10,10.377384809955759
4,11,10.858399259461295
4,12,12.418179156427435
4,13,14.610443472865104
4,14,18.35442139528177
4,15,19.62789482915374
4,16,22.030381898008304
4,17,20.9843764352464
4,18,23.273942438080976
4,19,25.01253577637274
4,20,27.88423919101748
4,21,30.79528759962343
4,22,34.004016463328924
4,23,36.934062099435174
4,24,39.30206206631311
4,25,37.274212950539464
4,26,37.31351132175728
4,27,41.04243620576421
4,28,42.50685522937505
4,29,46.018513634024664
4,30,45.8219422347724
4,31,46.77804995973552
4,32,49.12701823313936
4,33,46.78712141300074
4,34,44.44033435291421
4,35,41.63459164647814
4,36,39.978914936376825
4,37,37.1269587942633
4,38,37.04503160891302
4,39,33.71818846006671
4,40,32.310110563707205
4,41,28.85622670644059
4,42,28.579603437150773
4,43,26.103784967961648
4,44,25.59965442096403
4,45,23.509364240427228
4,46,20.53648377172334
4,47,17.305052968720737
4,48,18.584946911986478
4,49,17.785588829436378
4,50,20.191308047180396
4,51,22.41242057249922
4,52,25.433115954255005
4,53,24.19184971107628
4,54,24.216124830699624
4,55,23.207955664441783
4,56,26.57277468918062
4,57,28.020190468343024
4,58,29.712149481184845
4,59,30.893036657322327
4,60,32.240593141872296
4,61,34.05490899375173
4,62,35.7384790410209
4,63,35.3265248208845
4,64,38.120676989329844
4,65,37.739161196303776
4,66,40.43219722043797
4,67,40.782010676126106
4,68,43.36975720829314
4,69,45.61481798249339
4,70,47.763473679958814
4,71,50.43913439121847
4,72,51.695572917341
4,73,55.20211392442965
4,74,55.49692190623859
4,75,53.19471457281762
4,76,50.002331185732075
4,77,48.703292839856324
4,78,45.67685877886347
4,79,45.41229433375591
4,80,43.10341318548628
4,81,41.21299919814596
4,82,39.21771179786086
4,83,35.91140733839352
4,84,34.04318537394053
4,85,30.68028494516933
4,86,28.377164974720003
4,87,27.532968120831157
4,88,25.96254484679692
4,89,24.370611868982625
4,90,24.363259738897472
4,91,23.46293803405452
4,92,26.86788517388476
4,93,28.40177268018506
4,94,29.900438312161263
5,1,12.613818552847661
5,2,9.110976336434737
5,3,6.558512908863021
5,4,3.7922532062618504
5,6,3.7981076431173326
5,7,5.403265888603187
5,8,5.317918840731224
5,9,6.326047255907889
5,10,8.787867727271545
5,11,10.109079024662947
5,12,10.81027685560416
5,13,12.41938131131272
5,14,16.215750239692824
5,15,18.09976700715942
5,16,20.93465761791632
5,17,20.3707781238549
5,18,23.069374749819463
5,19,24.53921982184039
5,20,27.612617943856897
5,21,30.18245479675024
5,22,33.43045952676594
5,23,36.3819328684325
5,24,38.554643351845165
5,25,36.22067213129161
5,26,36.23961189005839
5,27,40.03312561772656
5,28,41.353022207144825
5,29,44.911196135875
5,30,45.02488754381916
5,31,45.998996168017044
5,32,48.572034593158214
5,33,46.45280321242322
5,34,44.329285364291096
5,35,41.5969505647679
5,36,40.26178574956532
5,37,37.42386736708693
5,38,37.00798179365465
5,39,33.57102874038826
5,40,32.2199702071326
5,41,28.832932028085796
5,42,28.144999713855384
5,43,25.444987434165583
5,44,24.448718271441077
5,45,21.918727754046046
5,46,18.937650519099815
5,47,15.427910036010447
5,48,15.532975344019219
5,49,14.325763694283333
5,50,16.646865256899005
5,51,19.046488538775833
5,52,22.00943047873705
5,53,20.961998865269393
5,54,21.360946367560555
5,55,20.72694479515066
5,56,24.247823607997354
5,57,26.0162411055425
5,58,27.625911293651278
5,59,29.20273793953972
5,60,30.813458609365327
5,61,32.980884522728424
5,62,34.90570849965241
5,63,34.88259634419384
5,64,37.87567154926721
5,65,37.770376204041895
5,66,40.64474154831673
5,67,40.907925079802304
5,68,43.62413323041049
5,69,45.638255967467
5,70,47.86136723023801
5,71,50.35667683754913
5,72,51.74916602536069
5,73,55.35149436663066
5,74,55.554780384100546
5,75,53.37736584600182
5,76,50.309153761524904
5,77,49.021400125443705
5,78,45.975741484796615
5,79,45.488813842692196
5,80,43.000701192317166
5,81,40.8443803678044
5,82,38.616346804583806
5,83,35.1670755772638
5,84,32.98712860908662
5,85,29.696552197036493
5,86,27.089598750177515
5,87,26.362481987984122
5,88,24.378035462912248
5,89,22.382517134701793
5,90,21.894359940909744
5,91,20.603063616530065
5,92,23.83525805737858
5,93,25.15535037871459
5,94,26.77091032743722
6,1,14.740157630091444
6,2,11.693949233266112
6,3,8.555395561224492
6,4,5.7694189498610955
6,5,3.7981076431173326
6,7,3.7982348735535076
6,8,5.5832353141599125
6,9,5.289771603349552
6,10,6.274384120279934
6,11,8.659036212624335
6,12,10.11573927513165
6,13,10.870702596306236
6,14,14.639172595824139
6,15,16.18815353417699
6,16,19.231219914827278
6,17,19.167084014561585
6,18,22.13425551101451
6,19,24.006940668990403
6,20,27.348472532413588
6,21,29.84694800529087
6,22,33.30404603901756
6,23,35.9816423396105
6,24,38.34346186197509
6,25,35.990434290229075
6,26,35.61072164810084
6,27,39.42097373467354
6,28,41.00898990400357
6,29,44.434245053739616
6,30,44.59904210016198
6,31,45.87433123611124
6,32,48.43190989521594
6,33,46.24161717119048
6,34,44.28169273137202
6,35,41.35473706155904
6,36,40.03152564168045
6,37,37.20903944667751
6,38,36.92995205542692
6,39,33.346846013821406
6,40,31.617205935022913
6,41,28.07212097693031
6,42,27.036002434157954
6,43,24.02953211283896
6,44,23.22648603967556
6,45,20.62896032227524
6,46,18.126578389304697
6,47,14.849747934046936
6,48,14.618083426639215
6,49,13.452671519340171
6,50,16.437476121017028
6,51,19.255064536756347
6,52,21.7298341686328
6,53,20.197475785340764
6,54,20.591627194176287
6,55,19.55311575151463
6,56,22.830359822181972
6,57,24.226384602568313
6,58,25.431042241282938
6,59,26.865000012074574
6,60,28.717773234488337
6,61,30.881786828955182
6,62,33.04724165847184
6,63,33.14665169089013
6,64,36.298593772917606
6,65,36.48589292085209
6,66,39.54308408416072
6,67,40.11784691258598
6,68,43.046273827734744
6,69,45.147046004351495
6,70,47.612622305491286
6,71,50.178434476934214
6,72,51.813001201008724
6,73,55.38790738780489
6,74,55.33557840206154
6,75,53.015801137152955
6,76,49.889906525859026
6,77,48.34113480145333
6,78,45.12582480441295
6,79,44.389036796775336
6,80,41.71348256631692
6,81,39.63912360451992
6,82,37.21149195837759
6,83,33.86118905293163
6,84,31.523550248336342
6,85,28.06415639859993
6,86,25.265866129679967
6,87,24.096933953054958
6,88,21.975390386759006
6,89,20.27988224688783
6,90,19.802935341422078
6,91,18.94868853679991
6,92,22.360515732598454
6,93,24.1279864080084
6,94,26.135811040741814
7,1,12.572831810004487
7,2,10.165976145315934
7,3,6.549116390768284
7,4,5.343975134946719
7,5,5.403265888603187
7,6,3.7982348735535076
7,8,3.851406817293174
7,9,5.562142968599367
7,10,5.430090888335107
7,11,6.241121752411497
7,12,8.68761967190318
7,13,10.345834075425493
7,14,13.979113156450062
7,15,14.810620233198804
7,16,17.317805445547602
7,17,16.714127244593996
7,18,19.350066668726072
7,19,21.45621376516721
7,20,24.673967549557954
7,21,27.446511265446286
7,22,30.902912154782165
7,23,33.53548717327692
7,24,36.08566595481609
7,25,34.004875884745715
7,26,33.61225003546189
7,27,37.366675161633715
7,28,39.110662601196495
7,29,42.48316031014963
7,30,42.36951418630127
7,31,43.66238121345635
7,32,46.03033016231496
7,33,43.653508890150974
7,34,41.545503628359995
7,35,38.537391004425935
7,36,36.997196578166225
7,37,34.162746869062346
7,38,34.12666103498341
7,39,30.597497067428304
7,40,28.7909860832162
7,41,25.182438431808958
7,42,24.464332702368804
7,43,21.667037797280745
7,44,21.30026863677013
7,45,19.181965739084717
7,46,16.656787803236313
7,47,13.72615357264753
7,48,15.308922236432721
7,49,15.063549287304264
7,50,18.09586723441026
7,51,20.50241343985694
7,52,23.03965424952204
7,53,21.12934803352702
7,54,20.834153518169146
7,55,19.262205803953925
7,56,22.33681349645238
7,57,23.386046875724002
7,58,24.85272467927833
7,59,25.841980760639967
7,60,27.287777990550314
7,61,29.092649930310046
7,62,30.96015679527113
7,63,30.70123379223232
7,64,33.67424465307554
7,65,33.61811204043788
7,66,36.54393479669724
7,67,37.15969310567749
7,68,40.011454230919206
7,69,42.27234532627193
7,70,44.70828556258156
7,71,47.4102085378648
7,72,48.98380178010933
7,73,52.49157540196514
7,74,52.46881095107717
7,75,50.05087158613903
7,76,46.83815482716538
7,77,45.272814835568624
7,78,42.06755177906495
7,79,41.48796586410974
7,80,38.95054174444977
7,81,37.058406028600565
7,82,34.8371589384903
7,83,31.587775954465585
7,84,29.552442775026673
7,85,26.049313972839904
7,86,23.595558149009413
7,87,22.460754987224984
7,88,20.865160720456323
7,89,19.54778515419443
7,90,19.782603500016062
7,91,19.417826678512814
7,92,23.046191486481433
7,93,25.099724400650786
7,94,26.815530116647047
8,1,12.581303326603544
8,2,9.932279618634583
8,3,6.320960614264787
8,4,6.333095365596383
8,5,5.317918840731224
8,6,5.5832353141599125
8,7,3.851406817293174
8,9,3.7998040558139556
8,10,5.618350840505235
8,11,5.2246936288327275
8,12,6.088690066235281
8,13,8.621734080653592
8,14,12.236474621860484
8,15,13.621330870284579
8,16,16.0476271408596
8,17,15.155078113949129
8,18,17.75980511639362
8,19,19.292047317905137
8,20,22.397973095443735
8,21,25.03892180128673
8,22,28.353866343734957
8,23,31.21937702719246
8,24,33.523646964547495
8,25,31.320182788246356
8,26,31.239978275745944
8,27,35.01110378325391
8,28,36.481890198518535
8,29,39.98075759093896
8,30,39.9592514549765
8,31,41.028951551225134
8,32,43.51666384349841
8,33,41.308043267714375
8,34,39.200060710934764
8,35,36.38804826005088
8,36,35.04673821482461
8,37,32.21187501449121
8,38,31.847055546623515
8,39,28.366358119741967
8,40,26.92383653251083
8,41,23.516920420708583
8,42,22.877351088912786
8,43,20.28180281924544
8,44,19.447194129122632
8,45,17.227408122846235
8,46,14.219960492521285
8,47,10.996179924805341
8,48,13.077417018222707
8,49,13.197356523977772
8,50,15.764174582580285
8,51,17.69241940844082
8,52,20.529308958876282
8,53,18.820961910002932
8,54,18.340320890087938
8,55,17.06487460048951
8,56,20.374884269866122
8,57,21.860431277487425
8,58,23.793893614651886
8,59,25.04936962190143
8,60,26.276113622398636
8,61,28.232669945188285
8,62,29.93147844248783
8,63,29.75994714402801
8,64,32.669442087831946
8,65,32.486036436409634
8,66,35.341995133656255
8,67,35.593924170013665
8,68,38.335569792354526
8,69,40.36653451448402
8,70,42.64737385623912
8,71,45.18313628994091
8,72,46.65492536251911
8,73,50.24177570855097
8,74,50.35798760619368
8,75,48.133789857021036
8,76,45.0532078026789
8,77,43.72513558058241
8,78,40.66800115582907
8,79,40.176981605371324
8,80,37.71454611317714
8,81,35.5773740564198
8,82,33.428531077351494
8,83,30.005375195936082
8,84,27.980575751377298
8,85,24.704487587634045
8,86,22.334512483023822
8,87,21.805249029136476
8,88,20.22723121187671
8,89,18.417361361331217
8,90,18.60750746248869
8,91,17.80509288281983
8,92,21.28484124084265
8,93,23.00734028778832
8,94,24.31141330977501
9,1,16.272143850368156
9,2,13.385700302009507
9,3,9.877430317670894
9,4,8.846136970601833
9,5,6.326047255907889
9,6,5.289771603349552
9,7,5.562142968599367
9,8,3.7998040558139556
9,10,3.8263999582501533
9,11,5.491344483361817
9,12,5.248033269861121
9,13,6.1002778536773645
9,14,9.902919024972968
9,15,11.966785285640675
9,16,15.05362746992792
9,17,15.045165479657637
9,18,18.18769071027293
9,19,19.59681768845196
9,20,22.98624599918838
9,21,25.193099261129483
9,22,28.607882326326134
9,23,31.3413003947021
9,24,33.5148804174259
9,25,30.99884801840686
9,26,30.709492282117168
9,27,34.537736853365686
9,28,35.975861701913445
9,29,39.44883451296145
9,30,39.76658698319276
9,31,40.98383806210425
9,32,43.6749280279051
9,33,41.66171640649213
9,34,39.8531112137951
9,35,37.047258219435406
9,36,36.02570207567075
9,37,33.23974714605658
9,38,32.62147318409268
9,39,29.007522259405224
9,40,27.463916923300985
9,41,24.09936080949036
9,42,22.867496766080407
9,43,19.903498855208493
9,44,18.61331091787137
9,45,15.832504392292698
9,46,13.104628348118842
9,47,9.664144067761805
9,48,9.934980876610872
9,49,9.675476649682942
9,50,12.596040756764596
9,51,14.965890053886966
9,52,17.486892714047887
9,53,15.700981786855497
9,54,15.649681177105535
9,55,14.593658248217109
9,56,18.006423896004726
9,57,19.696627396746734
9,58,21.335625994114267
9,59,22.98385513957129
9,60,24.6359158645366
9,61,26.978587204177714
9,62,29.053898410718006
9,63,29.351889963693385
9,64,32.52244764036563
9,65,32.756898977565065
9,66,35.851343576611114
9,67,36.166486777327066
9,68,39.105077187760735
9,69,40.944383964026
9,70,43.3880036964936
9,71,45.770780721767046
9,72,47.46490505962128
9,73,51.1107940631413
9,74,51.03426195368227
9,75,48.87395231126401
9,76,45.89811571293735
9,77,44.4717158594815
9,78,41.33812599160298
9,79,40.525771728635
9,80,37.817222777577015
9,81,35.47174090047776
9,82,33.00269569841696
9,83,29.500085631115397
9,84,27.072970607435206
9,85,23.806829426050903
9,86,21.002744576829187
9,87,20.37848134623027
9,88,18.24358355791064
9,89,16.084935664214015
9,90,15.688833988991213
9,91,14.619751968578548
9,92,18.05416426829709
9,93,19.78904115695766
9,94,21.441759988721593
10,1,17.383525244648627
10,2,15.02426744888253
10,3,11.271590062419174
10,4,10.377384809955759
10,5,8.787867727271545
10,6,6.274384120279934
10,7,5.430090888335107
10,8,5.618350840505235
10,9,3.8263999582501533
10,11,3.830522489545788
10,12,5.586630500694768
10,13,5.500639733683681
10,14,8.973751794897643
10,15,9.98192559656537
10,16,13.050101169329803
10,17,13.39359115373188
10,18,16.655892153901853
10,19,18.67746200756452
10,20,22.253684406241852
10,21,24.530561657857863
10,22,28.140213935457954
10,23,30.53876681517198
10,24,33.01321863581595
10,25,30.65484161518252
10,26,29.93229687770631
10,27,33.729052084880266
10,28,35.535567076505465
10,29,38.82534636275404
10,30,39.032249907925404
10,31,40.562788817603504
10,32,43.11607078002147
10,33,40.92543895487552
10,34,39.1961288959149
10,35,36.15441422850918
10,36,35.01128525484573
10,37,32.24670015328948
10,38,31.926974147434947
10,39,28.21855427430531
10,40,26.228058863437383
10,41,22.666107672543056
10,42,21.226881883828074
10,43,18.017899986257596
10,44,17.244947401238104
10,45,14.696705873514501
10,46,12.643054956966848
10,47,9.90800640116862
10,48,10.890486398338249
10,49,11.194617221450523
10,50,14.627008302510502
10,51,17.114111072546002
10,52,19.069100927736713
10,53,16.647735535492505
10,54,16.224119964526988
10,55,14.374934421340019
10,56,17.28558220851748
10,57,18.27060693681912
10,58,19.547922100499804
10,59,20.750292965671182
10,60,22.47417720004931
10,61,24.61049682333848
10,62,26.809824531605162
10,63,27.04103055058396
10,64,30.29578286088415
10,65,30.717115635884223
10,66,33.93162095658004
10,67,34.61218110960768
10,68,37.720117249557724
10,69,39.74642697730225
10,70,42.41201343071319
10,71,44.944104769333975
10,72,46.83268523939952
10,73,50.399680549300165
10,74,50.09263243247351
10,75,47.73274147724614
10,76,44.64919875601649
10,77,42.94651871008574
10,78,39.6459855215365
10,79,38.66497694435744
10,80,35.83717606572681
10,81,33.695519086232466
10,82,31.125643426398902
10,83,27.798093906317977
10,84,25.367330890863254
10,85,21.866309156207482
10,86,19.021903844504347
10,87,17.839585676972476
10,88,15.822551107727474
10,89,14.299221002980026
10,90,14.386187411758929
10,91,14.236778533754462
10,92,17.952544228240342
10,93,20.331095085594097
10,94,22.241376590238144
11,1,15.89406425399517
11,2,14.09407158949409
11,3,10.396222993462638
11,4,10.858399259461295
11,5,10.109079024662947
11,6,8.659036212624335
11,7,6.241121752411497
11,8,5.2246936288327275
11,9,5.491344483361817
11,10,3.830522489545788
11,12,3.8107886024695636
11,13,5.797700664982932
11,14,8.712749361288525
11,15,8.982089343392069
11,16,11.193035488586755
11,17,10.578801784778767
11,18,13.48138979649272
11,19,15.528222166193254
11,20,18.95236226648612
11,21,21.514376519749987
11,22,25.075684585728666
11,23,27.56709540429236
11,24,30.138678801639124
11,25,28.01729544948028
11,26,27.45440295437318
11,27,31.212041204753838
11,28,33.04811664872421
11,29,36.35977845945525
11,30,36.30187580252128
11,31,37.72912884913959
11,32,40.14183256429107
11,33,37.823724960756955
11,34,35.9132613153257
11,35,32.8715358026407
11,36,31.57470202143456
11,37,28.77753717624247
11,38,28.562561433916656
11,39,24.9162047119509
11,40,23.012811960052996
11,41,19.439309740307962
11,42,18.417012543085345
11,43,15.545843431202174
11,44,15.060433339642293
11,45,13.077046691710297
11,46,10.693663928100738
11,47,8.318426685619619
11,48,11.825958073815814
11,49,13.090403090999725
11,50,16.09620753120183
11,51,17.891278443772137
11,52,20.06201259310219
11,53,17.51883450153181
11,54,16.31791771278463
11,55,14.101524698298189
11,56,16.85554832894032
11,57,17.672863586233674
11,58,19.513906256640702
11,59,20.330214068808672
11,60,21.431922468519755
11,61,23.21635539857677
11,62,24.966455987032866
11,63,24.81206332878242
11,64,27.835210953581562
11,65,27.897017525029906
11,66,30.938173396219486
11,67,31.474780396493184
11,68,34.44985405733925
11,69,36.55001747143035
11,70,39.10570505950709
11,71,41.71392533159549
11,72,43.47727716095726
11,73,47.0210934836039
11,74,46.829353858755844
11,75,44.455429379678705
11,76,41.33092049970736
11,77,39.731658047971955
11,78,36.50796041647973
11,79,35.75603123539124
11,80,33.11756027094569
11,81,31.047334086996152
11,82,28.748147105493434
11,83,25.42546626881603
11,84,23.353125055588492
11,85,19.908575333680428
11,86,17.538917048524027
11,87,16.76093072222498
11,88,15.449182220790636
11,89,14.14124488889109
11,90,15.052033573804545
11,91,15.175889268102864
11,92,18.895972768694506
11,93,21.28347670696098
11,94,22.63888376060979
12,1,17.50548258222971
12,2,15.372694833202782
12,3,11.895011417216955
12,4,12.418179156427435
12,5,10.81027685560416
12,6,10.11573927513165
12,7,8.68761967190318
12,8,6.088690066235281
12,9,5.248033269861121
12,10,5.586630500694768
12,11,3.8107886024695636
12,13,3.803046281130629
12,14,6.5972573201660465
12,15,8.156639863453913
12,16,10.590507062827024
12,17,10.124343037110814
12,18,13.204788465227095
12,19,14.376876490276619
12,20,17.78330474934959
12,21,19.947919237430206
12,22,23.38442651116191
12,23,26.096476049371553
12,24,28.310581570721478
12,25,25.88073529391293
12,26,25.593205642635635
12,27,29.40781820315407
12,28,30.905874983590355
12,29,34.363428393284714
12,30,34.574216707780785
12,31,35.81031104733728
12,32,38.45623426764456
12,33,36.41832390389811
12,34,34.63908935284508
12,35,31.8325803586548
12,36,30.90321311487576
12,37,28.141312047180527
12,38,27.434779308755584
12,39,23.79942702365321
12,40,22.298876259741277
12,41,19.027575116236108
12,42,17.81951560763033
12,43,15.050485601852463
12,44,13.681062265376989
12,45,11.209379839801564
12,46,8.206910504234193
12,47,5.053449715703871
12,48,8.823968036836993
12,49,10.552292369238105
12,50,13.066217175172511
12,51,14.422936652157643
12,52,16.748585545559454
12,53,14.380814000484914
12,54,13.09029755526354
12,55,11.309796661981178
12,56,14.464771810525903
12,57,15.970220039773288
12,58,18.224433288135568
12,59,19.571358333165353
12,60,20.640129915304374
12,61,22.792644288514026
12,62,24.529251330672423
12,63,24.70867085897742
12,64,27.755928987421697
12,65,27.866463843721743
12,66,30.909069632608
12,67,31.067276946825128
12,68,33.98669020459019
12,69,35.74252684153596
12,70,38.18512837968626
12,71,40.538754172420006
12,72,42.2756092778738
12,73,45.92619935765482
12,74,45.81248479321319
12,75,43.68139329976673
12,76,40.75130034008399
12,77,39.37632624057002
12,78,36.296353502176416
12,79,35.5100430274032
12,80,32.86032030025819
12,81,30.434808860077922
12,82,28.077157449982163
12,83,24.529158455230295
12,84,22.271303716747965
12,85,19.128430453615934
12,86,16.645599826351305
12,87,16.57461296397965
12,88,14.995452748787386
12,89,12.881960070989647
12,90,13.404742791709149
12,91,12.843514492821166
12,92,16.341719731404904
12,93,18.34086047778118
12,94,19.37339496881995
13,1,20.81260864356084
13,2,18.46673282206914
13,3,14.858047100711605
13,4,14.610443472865104
13,5,12.41938131131272
13,6,10.870702596306236
13,7,10.345834075425493
13,8,8.621734080653592
13,9,6.1002778536773645
13,10,5.500639733683681
13,11,5.797700664982932
13,12,3.803046281130629
13,14,3.8169055881758096
13,15,6.288487240218018
13,16,9.707335366540857
13,17,10.64970691104615
13,18,14.234910668879005
13,19,15.451976888920337
13,20,19.102347090282155
13,21,20.758102613027066
13,22,24.296048217076542
13,23,26.702724327799196
13,24,28.851102570101375
13,25,26.164798387507442
13,26,25.49072452102773
13,27,29.320735862247588
13,28,30.89854896425283
13,29,34.23931437027072
13,30,34.77690523742267
13,31,36.26547364689059
13,32,39.056968723037635
13,33,37.17549219407338
13,34,35.74036687599537
13,35,32.889962931853965
13,36,32.244227038947756
13,37,29.574993242003472
13,38,28.734368359628064
13,39,24.996247826746355
13,40,23.26066176788912
13,41,20.039663502792088
13,42,18.129448286031153
13,43,14.899326558592618
13,44,13.18099365999618
13,45,10.059537489092383
13,46,7.932721705693414
13,47,5.151813349820772
13,48,6.2699578776042175
13,49,8.143512942345708
13,50,11.174038143081312
13,51,12.999831532287224
13,52,14.637691031911206
13,53,11.848224413320462
13,54,10.875997858742538
13,55,8.949836030342315
13,56,12.07798695407915
13,57,13.59773965913536
13,58,15.367664467439418
13,59,17.078897391429877
13,60,18.71305018236501
13,61,21.267116414644264
13,62,23.49033351573188
13,63,24.187341029131158
13,64,27.52646518192295
13,65,28.154857848373155
13,66,31.455233664749993
13,67,31.811222190363576
13,68,34.958029570661445
13,69,36.573401067979106
13,70,39.23337240687172
13,71,41.468712039122465
13,72,43.475361628788725
13,73,47.13352378754492
13,74,46.75759632816549
13,75,44.633804857593745
13,76,41.78765146369727
13,77,40.22948740409463
13,78,37.03782307698642
13,79,35.87302657460203
13,80,32.94533314377842
13,81,30.393540678547346
13,82,27.666503150070433
13,83,24.126315134050667
13,84,21.41353206713027
13,85,18.22500311373942
13,86,15.19086382866309
13,87,14.800694060466215
13,88,12.519649956097368
13,89,10.086486668098862
13,90,10.01933255508181
13,91,9.501120970195336
13,92,13.17183895975399
13,93,15.514602000924736
13,94,17.076081570033605
14,1,24.025536451040498
14,2,21.90254818042577
14,3,18.335600438745743
14,4,18.35442139528177
14,5,16.215750239692824
14,6,14.639172595824139
14,7,13.979113156450062
14,8,12.236474621860484
14,9,9.902919024972968
14,10,8.973751794897643
14,11,8.712749361288525
14,12,6.5972573201660465
14,13,3.8169055881758096
14,15,3.8595891527936455
14,16,7.225215300605261
14,17,9.10740684121804
14,18,12.761925897281932
14,19,13.618783728032373
14,20,17.300652443327635
14,21,18.40586682271614
14,22,21.939236629599215
14,23,24.080324827349216
14,24,26.13365284504386
14,25,23.30889689032126
14,26,22.373459891108315
14,27,26.177115038761556
14,28,27.80479097145403
14,29,31.04304324829043
14,30,31.775360333663983
14,31,33.42716146453163
14,32,36.30107850471988
14,33,34.561726380292384
14,34,33.41985949897692
14,35,30.5977000589238
14,36,30.27207939623925
14,37,27.729909876569494
14,38,26.683516862555845
14,39,22.92718505916701
14,40,21.137977091164526
14,41,18.1617643469485
14,42,15.740778285602502
14,43,12.420405729959212
14,44,10.209339665410427
14,45,6.727641179456883
14,46,5.559741093411454
14,47,4.481795698532529
14,48,6.003613920116995
14,49,9.097051316621537
14,50,11.580647762664697
14,51,12.751188064238438
14,52,13.610306895527556
14,53,10.251235493367824
14,54,8.424556183541647
14,55,5.629154864435049
14,56,8.361424083613969
14,57,9.809154572781644
14,58,11.8058237317076
14,59,13.651803898242669
14,60,15.23242846713561
14,61,18.00632468923905
14,62,20.322775457299294
14,63,21.38226453115622
14,64,24.809998089438956
14,65,25.73157785776459
14,66,29.139097116779663
14,67,29.47032931938568
14,68,32.723023196786635
14,69,34.12179864562677
14,70,36.89658513345015
14,71,38.981791077149815
14,72,41.18596946434388
14,73,44.84262444078484
14,74,44.276238908096275
14,75,42.21932741252096
14,76,39.504429799705925
14,77,37.89574192762159
14,78,34.70815746337473
14,79,33.301070852458466
14,80,30.23942784821773
14,81,27.509200729755893
14,82,24.601994643072157
14,83,21.035784759203914
14,84,18.085911405427172
14,85,15.060261188648878
14,86,11.844652012236775
14,87,11.837287017979198
14,88,9.450649964336927
14,89,6.587964860252536
14,90,6.902537168237543
14,91,6.980628829606904
14,92,10.583528254934743
14,93,13.30848085457256
14,94,14.662029544312142
15,1,24.509419277462037
15,2,22.878596600809782
15,3,19.26447444882898
15,4,19.62789482915374
15,5,18.09976700715942
15,6,16.18815353417699
15,7,14.810620233198804
15,8,13.621330870284579
15,9,11.966785285640675
15,10,9.98192559656537
15,11,8.982089343392069
15,12,8.156639863453913
15,13,6.288487240218018
15,14,3.8595891527936455
15,16,3.8492176965790748
15,17,6.447616396922892
15,18,10.137527649216695
15,19,11.738196130245129
15,20,15.523629086923538
15,21,16.807671756482105
15,22,20.51868506283774
15,23,22.282968731477567
15,24,24.743087449408858
15,25,22.271530247189
15,26,20.89656135914769
15,27,24.627016203060407
15,28,26.711437371914084
15,29,29.734859551871907
15,30,30.177072562906947
15,31,32.12051282145092
15,32,34.74953061774316
15,33,32.743585868099686
15,34,31.594022006591388
15,35,28.517225429408608
15,36,27.989215174352502
15,37,25.47020261692088
15,38,24.807399595147775
15,39,20.99705593234478
15,40,18.72006138678799
15,41,15.531131212622295
15,42,12.943190175579254
15,43,9.341310741707165
15,44,8.013821236338856
15,45,5.431034690129784
15,46,5.734584813067712
15,47,6.512063466252576
15,48,9.838127944991733
15,49,12.814587311904376
15,50,15.417206480487815
15,51,16.48443045748241
15,52,17.110786924054015
15,53,13.560131634877928
15,54,11.255086875985834
15,55,7.7133319020876066
15,56,8.952497701180011
15,57,8.846874631759414
15,58,10.724356164247048
15,59,11.513062293343504
15,60,12.721302310820231
15,61,15.039816496577014
15,62,17.294578708530548
15,63,18.093947045532314
15,64,21.565991633789686
15,65,22.555592722453014
15,66,26.047588759910074
15,67,26.716387561262728
15,68,30.10188008084509
15,69,31.739583246452572
15,70,34.70137925414266
15,71,36.986926239173755
15,72,39.327280347596485
15,73,42.88111192766139
15,74,42.13541995060259
15,75,39.85837227088032
15,76,37.00777342548007
15,77,35.152879038996915
15,78,31.81693253548563
15,79,30.325267188211882
15,80,27.202675401155748
15,81,24.717035578108764
15,82,21.80157883598476
15,83,18.41153037398093
15,84,15.619272680470713
15,85,12.21901501718465
15,86,9.122276644076962
15,87,8.583866478332244
15,88,6.896063167890236
15,89,5.47902605092138
15,90,7.7062697755376846
15,91,9.429654748601994
15,92,12.845431028594003
15,93,16.00434639696436
15,94,17.231269414852502
16,1,25.697634959300824
16,2,24.55147739999027
16,3,21.108169678000113
16,4,22.030381898008304
16,5,20.93465761791632
16,6,19.231219914827278
16,7,17.317805445547602
16,8,16.0476271408596
16,9,15.05362746992792
16,10,13.050101169329803
16,11,11.193035488586755
16,12,10.590507062827024
16,13,9.707335366540857
16,14,7.225215300605261
16,15,3.8492176965790748
16,17,3.8177204811519916
16,18,6.966416313294009
16,19,8.722078079789949
16,20,12.403340374946302
16,21,13.646475193448282
16,22,17.40235907436791
16,23,18.89346031374019
16,24,21.597423558910013
16,25,19.439103550385003
16,26,17.84296227281543
16,27,21.491386094899454
16,28,23.84961600929485
16,29,26.73925688151251
16,30,26.916342226845785
16,31,28.991134229421643
16,32,31.43854891722241
16,33,29.275395359128115
16,34,28.125727855649174
16,35,24.937242516121334
16,36,24.369603930292666
16,37,21.90555288887859
16,38,21.389653915570026
16,39,17.58746000049008
16,40,15.07570408035394
16,41,11.909568394228199
16,42,9.157390609532486
16,43,5.500715078021709
16,44,4.890246177242176
16,45,4.239883486533386
16,46,5.866516240172057
16,47,8.32044572820192
16,48,13.032546624052241
16,49,16.315164334523292
16,50,18.562496872436515
16,51,19.088797525230262
16,52,19.632689868848164
16,53,16.090627245456446
16,54,13.15587066434261
16,55,9.434583699613583
16,56,9.531809686178502
16,57,8.428822746044535
16,58,10.768068432899796
16,59,10.515548806688084
16,60,10.59056549132093
16,61,12.271007895803152
16,62,14.015388168581506
16,63,14.481472516925873
16,64,17.845255131053758
16,65,18.72001378672136
16,66,22.200136319363953
16,67,22.897790519031606
16,68,26.317429445218348
16,69,28.01605688604412
16,70,31.04626982931544
16,71,33.41158405977978
16,72,35.81580845039227
16,73,39.31196908428672
16,74,38.485851583686255
16,75,36.12927359184268
16,76,33.24405150836268
16,77,31.328902902452672
16,78,27.97395327341494
16,79,26.49421583254382
16,80,23.40940254818515
16,81,20.982900005381616
16,82,18.18649360165623
16,83,14.833538198191492
16,84,12.34688476404486
16,85,8.83422183577268
16,86,6.408864587940741
16,87,6.522983457004057
16,88,6.691287234963886
16,89,6.661778786162528
16,90,9.973556953344222
16,91,12.138416292282939
16,92,15.04562414991586
16,93,18.137656867720512
16,94,18.786780592471164
17,1,23.367708441385656
17,2,22.617069537831405
17,3,19.44618387668395
17,4,20.9843764352464
17,5,20.3707781238549
17,6,19.167084014561585
17,7,16.714127244593996
17,8,15.155078113949129
17,9,15.045165479657637
17,10,13.39359115373188
17,11,10.578801784778767
17,12,10.124343037110814
17,13,10.64970691104615
17,14,9.10740684121804
17,15,6.447616396922892
17,16,3.8177204811519916
17,18,3.7524992249405376
17,19,6.0224642516160625
17,20,9.736562880457003
17,21,11.856863983918513
17,22,15.620717303359587
17,23,17.514956095336778
17,24,20.390454147298946
17,25,18.593986486415563
17,26,17.49357834151391
17,27,21.119170218189375
17,28,23.401001839084532
17,29,26.430709723070116
17,30,26.170057453421094
17,31,27.95744796100304
17,32,30.219676180216407
17,33,27.827569748618952
17,34,26.243485602151086
17,35,23.039271441072678
17,36,22.093285650527818
17,37,19.456189381076133
17,38,19.13364864072699
17,39,15.340462924507763
17,40,13.000157111199279
17,41,9.53795720330254
17,42,7.878165559231372
17,43,5.186854635385173
17,44,5.5114003676853205
17,45,6.186588142415679
17,46,6.071066847386132
17,47,8.336122799528917
17,48,14.599504777837168
17,49,17.865702884926574
17,50,19.952279285350585
17,51,20.22203736099478
17,52,21.353604469743964
17,53,18.11635779991958
17,54,15.042697349294551
17,55,11.657029117997906
17,56,12.264201511271168
17,57,11.644329111969464
17,58,14.374502644202291
17,59,13.95230149501276
17,60,13.33964181205389
17,61,14.332464461143285
17,62,15.209234367850001
17,63,14.825446561332262
17,64,17.686352117100796
17,65,17.767113913735823
17,66,20.918824154070165
17,67,21.345459289802918
17,68,24.52424205625099
17,69,26.42960094676796
17,70,29.235143475753976
17,71,31.77705028681048
17,72,33.895637384653234
17,73,37.40343750439177
17,74,36.8628589984568
17,75,34.4723329702717
17,76,31.45860834078172
17,77,29.744932090728746
17,78,26.497435469710204
17,79,25.501767146003864
17,80,22.782205368570146
17,81,20.51852579794473
17,82,18.280761506804872
17,83,14.93628556965643
17,84,13.259930477894235
17,85,10.03812861399428
17,86,8.906652993934992
17,87,9.58328020667526
17,88,10.44908497762346
17,89,10.31559206240136
17,90,13.367723304737813
17,91,14.95669195322366
17,92,17.90393717458416
17,93,20.63385155955424
17,94,20.871236018324158
18,1,24.31674972387356
18,2,24.087862327511008
18,3,21.25146997772977
18,4,23.273942438080976
18,5,23.069374749819463
18,6,22.13425551101451
18,7,19.350066668726072
18,8,17.75980511639362
18,9,18.18769071027293
18,10,16.655892153901853
18,11,13.48138979649272
18,12,13.204788465227095
18,13,14.234910668879005
18,14,12.761925897281932
18,15,10.137527649216695
18,16,6.966416313294009
18,17,3.7524992249405376
18,19,3.795418890183325
18,20,6.809172544745726
18,21,9.479057319629975
18,22,13.09847713437694
18,23,14.86450933411169
18,24,18.024803217498157
18,25,16.81718153580633
18,26,15.816720899503174
18,27,19.197906919923412
18,28,21.63483455103829
18,29,24.53298889786368
18,30,23.806674672382094
18,31,25.546008534221656
18,32,27.51085495049185
18,33,24.86982580924501
18,34,23.0646074231626
18,35,19.757473060860505
18,36,18.544049982333025
18,37,15.870052565142307
18,38,15.854228086730627
18,39,12.13293342164439
18,40,9.648254683463344
18,41,6.010810383789282
18,42,5.457620376315171
18,43,4.674813972406329
18,44,6.4541179207724175
18,45,8.759183541492337
18,46,8.885055966526501
18,47,11.415644741112727
18,48,18.02964248259613
18,49,21.375440508760228
18,50,23.231395978138664
18,51,23.156959471979842
18,52,24.343825536995094
18,53,21.233758875779365
18,54,17.919032403904662
18,55,14.678975622007385
18,56,14.83362174676247
18,57,13.901020071551761
18,58,16.73330657356271
18,59,15.74988576007157
18,60,14.260858924716237
18,61,14.385267044131762
18,62,14.310077405004431
18,63,13.145413753766514
18,64,15.42123199915848
18,65,14.872717391945457
18,66,17.73923489094328
18,67,18.02349514698985
18,68,21.070837645603273
18,69,23.146650375204583
18,70,25.883304212069557
18,71,28.585094342301225
18,72,30.610595817250918
18,73,34.056439191982605
18,74,33.58164268381572
18,75,31.105965649988338
18,76,28.001857465644864
18,77,26.34204689124446
18,78,23.152375649372203
18,79,22.44898989088319
18,80,20.015358590335143
18,81,17.957624455814287
18,82,16.246590703288195
18,83,13.13229249246571
18,84,12.395705345676847
18,85,9.69770892943934
18,86,10.033196698494354
18,87,11.212626951173911
18,88,13.052030890376168
18,89,13.41209303057588
18,90,16.67811546537698
18,91,18.336320623572988
18,92,21.015903202008555
18,93,23.591688857109947
18,94,23.415859354615588
19,1,25.859346582997084
19,2,25.515302306462985
