1,2,3.7981783667801787
1,3,6.829449021577914
1,4,8.386510278611167
1,5,12.188024072259717
1,6,13.901708839024911
1,7,17.548320041340716
1,8,18.859724433870547
1,9,22.211606653606378
1,10,22.695135421469214
1,11,26.319803009825055
1,12,28.48557876442143
1,13,32.29601709390013
1,14,34.280360726613765
1,15,38.042332951644255
1,16,39.49793196421464
1,17,40.10345129334676
1,18,37.58809937544351
1,19,34.28182682302556
1,20,31.027258426569553
1,21,27.957947830172287
1,22,24.651747583319207
1,23,21.903063878244648
1,24,18.478943444401224
1,25,15.823854633061002
1,26,12.749482455885717
1,27,9.990705058677749
1,28,9.834682164934407
1,29,12.671952826686818
1,30,11.052619511066125
1,31,12.159906276974233
1,32,15.690030854434493
1,33,17.505213527754666
1,34,19.734992885053718
1,35,19.524959298977887
1,36,21.755502894085733
1,37,22.93496269781904
1,38,24.416185407742073
1,39,26.555893466351076
1,40,25.642722171518447
1,41,23.488449758253562
1,42,25.025573256667503
1,43,27.609257522291212
1,44,29.953564190201764
1,45,27.655832505650057
1,46,29.190308470390836
1,47,27.78657764659022
1,48,28.040967458732286
1,49,26.798820777375052
1,50,25.756798813444615
1,51,25.06549577749473
1,52,26.76872648980621
1,53,29.61093971564631
1,54,31.6221605511181
1,55,34.081761101946036
1,56,32.70903367008267
1,57,35.51285865937104
1,58,34.48175674490006
1,59,30.929563792319048
1,60,30.096409124921454
1,61,26.831664765749963
1,62,26.535440593652492
1,63,25.18740513050775
1,64,25.835833564035664
1,65,23.169442623194733
1,66,23.971216442616573
1,67,24.359895053515107
1,68,22.372701660932798
1,69,18.754830685495275
1,70,19.309943386198583
1,71,16.621788230665146
1,72,19.281740236702316
1,73,19.636906263362263
1,74,22.336228836686946
1,75,25.584977664773152
1,76,29.09389372372479
1,77,31.389632000118336
1,78,35.0333371860816
1,79,37.99843495370453
1,80,36.25814328072094
1,81,38.453383861858796
1,82,38.127160277300895
1,83,37.17633413409132
1,84,33.857731585067796
1,85,32.64794469149709
1,86,29.668727039283144
1,87,25.899145438311788
1,88,24.169546481601905
1,89,20.686458420902245
1,90,18.73794054104857
1,91,17.256173647671574
1,92,15.372589581231443
1,93,17.0501098419464
1,94,16.737273685321227
1,95,19.82787429102829
1,96,21.1297437792353
1,97,24.41201186313955
1,98,26.836414648133147
1,99,25.26786979420005
1,100,22.127864010773045
1,101,19.488182469126247
1,102,17.50234144535078
1,103,13.721877108718191
1,104,12.359261692270238
1,105,14.793302688302523
1,106,15.276388739527286
1,107,16.67234149498977
1,108,20.126238598953506
1,109,22.949323200050355
1,110,26.402450617609595
1,111,29.175055678107793
1,112,32.548096784632776
1,113,35.83317097132361
1,114,38.908723469759245
1,115,41.54709431075201
2,1,3.7981783667801787
2,3,3.795575020061899
2,4,6.373084623940945
2,5,9.928899321715173
2,6,12.494757391507326
2,7,16.050118636999265
2,8,18.03656695290288
2,9,21.22902786938066
2,10,21.76759057825751
2,11,25.187335462287923
2,12,27.093540703937627
2,13,30.895529865726033
2,14,32.58764569672489
2,15,36.29310735741943
2,16,37.456250236946374
2,17,37.859238721141836
2,18,35.48351246530552
2,19,32.07101911290942
2,20,28.915170709896667
2,21,25.931488107109722
2,22,22.56117153669886
2,23,20.07146828642466
2,24,16.422685779318932
2,25,13.94185592936939
2,26,10.538774460777516
2,27,8.638642995855326
2,28,7.854125470938091
2,29,10.140508672530544
2,30,8.162350428995044
2,31,8.782641660553564
2,32,12.318555010116691
2,33,13.851883249470475
2,34,16.10158431923745
2,35,16.01306758902638
2,36,18.315181359706923
2,37,19.808053064104296
2,38,21.420205268049706
2,39,23.869428616261416
2,40,23.177201291390578
2,41,20.983402384808006
2,42,22.449134448396656
2,43,24.769248998642308
2,44,27.113336139503144
2,45,24.761453360809845
2,46,26.12901187673703
2,47,24.50522168788067
2,48,24.899869579684044
2,49,23.489934558639316
2,50,22.217518982487384
2,51,21.554289710060395
2,52,23.112056655294296
2,53,25.910784281881067
2,54,27.987690899752568
2,55,30.563705343570906
2,56,29.376126091401954
2,57,32.29148958452732
2,58,31.48783664979188
2,59,27.951011174873216
2,60,27.228851805308896
2,61,24.05722663991274
2,62,24.16747908553684
2,63,22.775459136661077
2,64,23.154048699866912
2,65,20.20646505892039
2,66,20.991267494703823
2,67,21.807315036046315
2,68,20.079249601636683
2,69,16.644713538134106
2,70,16.96610135454802
2,71,14.404599527238995
2,72,17.060075076776815
2,73,16.975499922235237
2,74,19.960306066613633
2,75,22.976668655708263
2,76,26.59598322716397
2,77,28.77026103370062
2,78,32.45171114981892
2,79,35.482154015056665
2,80,33.8813294037988
2,81,36.08620857624947
2,82,35.94390208307282
2,83,34.74657628297268
2,84,31.411626945895375
2,85,30.51828807958393
2,86,27.569746716335764
2,87,23.85424792717593
2,88,21.791914088504495
2,89,18.149216501130883
2,90,15.96462147758339
2,91,14.050007185283238
2,92,11.842988837846475
2,93,13.292481792737647
2,94,12.96202666514799
2,95,16.139112953145265
2,96,17.573549201515956
2,97,20.943610024786466
2,98,23.29921544063771
2,99,21.573044438876472
2,100,18.37100953637491
2,101,15.843473155098025
2,102,13.94323236017234
2,103,10.146595718728864
2,104,9.145759850451418
2,105,12.034627245732551
2,106,13.129164755248002
2,107,15.195191360046934
2,108,18.329990460980415
2,109,21.27285286833836
2,110,24.786184670364836
2,111,27.355618950900006
2,112,30.900451394209757
2,113,34.050882926547004
2,114,37.304719815949774
2,115,39.70059915733739
3,1,6.829449021577914
3,2,3.795575020061899
3,4,3.803810849596456
3,5,6.806927365024958
3,6,9.634382050299086
3,7,13.151923590707844
3,8,15.381977414406396
3,9,18.56855947739018
3,10,19.504751517165086
3,11,22.696469690220944
3,12,24.234151521047323
3,13,28.01064079475386
3,14,29.45108451578304
3,15,33.10939358037993
3,16,34.233683401582056
3,17,34.454489927039695
3,18,32.01029634505723
3,19,28.526900969203016
3,20,25.48461233500425
3,21,22.41959754185847
3,22,19.152314341211476
3,23,16.62465210332398
3,24,12.906019325733078
3,25,10.361135006030533
3,26,6.843721838439943
3,27,5.653456061308392
3,28,5.120084645490526
3,29,7.538587823363012
3,30,6.682934087227455
3,31,7.52289034657832
3,32,10.34355152258151
3,33,11.42623379971572
3,34,13.147959940030253
3,35,12.800184111733357
3,36,15.277109732395074
3,37,16.734981498919453
3,38,18.748275314205227
3,39,21.3188876204767
3,40,21.12141063987581
3,41,19.37863678431208
3,42,21.268203364173598
3,43,23.550479386565478
3,44,25.49865132595801
3,45,22.78095977610597
3,46,23.7092318011562
3,47,21.83093472202868
3,48,21.851999508539027
3,49,20.25822886068525
3,50,19.128508535118165
3,51,18.276244698573564
3,52,20.140951252682967
3,53,23.041500461953667
3,54,25.045946007454514
3,55,27.425674001958242
3,56,26.054183656023874
3,57,28.821744789048413
3,58,27.969335674841847
3,59,24.36896673158836
3,60,23.508347061315085
3,61,20.288866463847206
3,62,20.37836480011106
3,63,19.027163668146454
3,64,19.518706706783465
3,65,16.627648433761763
3,66,17.71803402304201
3,67,18.545561525180453
3,68,17.186667567300315
3,69,13.756341672177923
3,70,13.554756074049902
3,71,10.804982865116706
3,72,13.31617058731984
3,73,13.199573683088653
3,74,16.243898680487316
3,75,19.29092996338471
3,76,22.941398119988968
3,77,25.242723896610684
3,78,28.880469179309408
3,79,32.0055337331986
3,80,30.57206816279567
3,81,32.95327867950888
3,82,33.05600938204088
3,83,31.938274898559794
3,84,28.47171068393598
3,85,27.801328240837236
3,86,25.097335657556897
3,87,21.476092743195014
3,88,19.05686232014484
3,89,15.494951588879113
3,90,12.863123714285143
3,91,11.243449414431222
3,92,8.928876020871735
3,93,11.033103712381932
3,94,11.38051421897062
3,95,14.875765734127494
3,96,16.937380645731544
3,97,20.489371709096293
3,98,22.599704069123746
3,99,20.332578954470907
3,100,16.816712907642756
3,101,14.722950531599741
3,102,12.50888761475125
3,103,8.983116584688434
3,104,7.428103858452267
3,105,9.899245846717415
3,106,10.682296033737547
3,107,13.338523932227977
3,108,16.031538670509764
3,109,18.668440910568368
3,110,22.320722512335113
3,111,24.5658278663369
3,112,28.195006760888162
3,113,31.16270763154879
3,114,34.42216498588348
3,115,36.738140403947924
4,1,8.386510278611167
4,2,6.373084623940945
4,3,3.803810849596456
4,5,3.802838627987765
4,6,6.170273326002628
4,7,9.688394092156948
4,8,11.869419692741166
4,9,14.972310523475645
4,10,15.759797208296677
4,11,19.042958023594775
4,12,20.776068911290167
4,13,24.57869668375582
4,14,26.258421730004404
4,15,29.97722067963913
4,16,31.266837443609536
4,17,31.764352013557108
4,18,29.318477788012704
4,19,25.9962422700593
4,20,22.738513448540786
4,21,19.768827182378978
4,22,16.365716513752083
4,23,13.864864632700694
4,24,10.33687126952066
4,25,8.33134301885323
4,26,5.806961799150568
4,27,5.328570344591506
4,28,7.121100108564234
4,29,9.98769355359627
4,30,10.098626542506299
4,31,10.791757127977874
4,32,13.067177486792891
4,33,13.30281107191934
4,34,14.055890915256938
4,35,12.657014983726645
4,36,14.46052811799414
4,37,15.063470185203652
4,38,16.797814048310617
4,39,18.895696928305895
4,40,18.59789662672602
4,41,17.19370466493609
4,42,19.539116404992164
4,43,22.2225059504925
4,44,23.82320575640111
4,45,20.94100599615792
4,46,21.928305162940458
4,47,20.426729317894388
4,48,20.14971263299004
4,49,19.054457756059424
4,50,18.632359649892106
4,51,18.207939406390658
4,52,20.63933470900542
4,53,23.257543880933383
4,54,24.74651290021669
4,55,26.74170548071473
4,56,24.947789065229102
4,57,27.60280170553965
4,58,26.298600791010845
4,59,22.80356364432139
4,60,22.172686982628097
4,61,19.121853801654314
4,62,19.004934286967522
4,63,18.31960696620291
4,64,19.495912657190566
4,65,16.867406605238163
4,66,18.710550119526307
4,67,19.477505732313563
4,68,18.682868533577818
4,69,15.235657503242994
4,70,14.170502952338937
4,71,10.767025649427165
4,72,12.318472338201179
4,73,11.900980863758475
4,74,14.301176450607372
4,75,17.403765205571545
4,76,20.84001287857811
4,77,23.02918997588468
4,78,26.685633362984763
4,79,29.614416143855998
4,80,27.902002796817676
4,81,30.18489659833191
4,82,30.0666496628204
4,83,29.176669332887922
4,84,25.727577717204504
4,85,24.74067057741299
4,86,22.023972511481524
4,87,18.35288290760791
4,88,16.20269754553686
4,89,12.832697857093315
4,90,10.5777212356403
4,91,9.858714651568926
4,92,8.806374023781599
4,93,11.832490427682215
4,94,13.271385918051536
4,95,17.005737294769972
4,96,19.002427243593324
4,97,22.381426588131887
4,98,24.196615154200703
4,99,21.676084434742982
4,100,18.025442097156
4,101,15.780604182439491
4,102,12.829401689989698
4,103,9.753309106014099
4,104,6.7859903637286765
4,105,7.819360377987404
4,106,7.5195589275770445
4,107,9.832626693205539
4,108,12.657852515490049
4,109,15.214588837579306
4,110,18.86095408393345
4,111,21.263960827912705
4,112,24.798856841954155
4,113,27.889377698973238
4,114,31.070895873773352
4,115,33.53797383868585
5,1,12.188024072259717
5,2,9.928899321715173
5,3,6.806927365024958
5,4,3.802838627987765
5,6,3.805618416501854
5,7,6.589743682230386
5,8,9.52197924420154
5,9,12.205410684890008
5,10,13.170281500416204
5,11,16.093223161653768
5,12,17.491426561250098
5,13,21.251219234432128
5,14,22.71760734893365
5,15,26.395991906834645
5,16,27.565408772497623
5,17,28.000325266038704
5,18,25.614643553076693
5,19,22.289368837421705
5,20,19.027311293180695
5,21,16.158278683531073
5,22,12.67533796825566
5,23,10.455354533465298
5,24,6.902262075835898
5,25,5.912135181283953
5,26,4.759619900188139
5,27,6.604935935766367
5,28,8.801460638831186
5,29,10.948857753196908
5,30,11.825827851726578
5,31,12.191499058930125
5,32,13.53803117829135
5,33,12.82652029878351
5,34,12.522716890525382
5,35,10.296080122133114
5,36,11.607290354823629
5,37,11.687536002252049
5,38,13.5755982512758
5,39,15.600937741626808
5,40,15.752535218373101
5,41,14.92379608218703
5,42,17.700397216900413
5,43,20.348629735935333
5,44,21.45100710408678
5,45,18.26364361881098
5,46,18.869758487104555
5,47,17.336261168919243
5,48,16.68987869833771
5,49,15.735706224274216
5,50,15.788834428740714
5,51,15.59816291452888
5,52,18.447457265179114
5,53,20.83444275886756
5,54,21.949011060814097
5,55,23.62250437409208
5,56,21.569316409481633
5,57,24.121423710948562
5,58,22.63879638143468
5,59,19.20222106577842
5,60,18.74521699595355
5,61,15.900715541022931
5,62,15.944686681562457
5,63,15.77958000446648
5,64,17.28057779048724
5,65,14.770802300631715
5,66,17.222861971687436
5,67,18.208252675242996
5,68,18.158526459156562
5,69,15.063854315898192
5,70,13.095881643862016
5,71,9.564194691781385
5,72,10.00990778409743
5,73,8.853886754675884
5,74,10.889712926900161
5,75,13.808552111863957
5,76,17.169626341503736
5,77,19.254712851486023
5,78,22.924012513782724
5,79,25.819180887883103
5,80,24.115241984718114
5,81,26.44188517572078
5,82,26.44899313499938
5,83,25.58928483886905
5,84,22.0694192631905
5,85,21.236514150693484
5,86,18.712579280471584
5,87,15.16248583412676
5,88,12.715788132802594
5,89,9.504527645085469
5,90,7.008285709971428
5,91,7.178902552065815
5,92,7.1582720644664315
5,93,10.812437612812206
5,94,13.199849218624932
5,95,16.944066313794966
5,96,19.145809788563216
5,97,22.389062130771933
5,98,23.82196530367914
5,99,20.907780096195747
5,100,17.162447660873525
5,101,15.288981448917422
5,102,12.023103103212122
5,103,9.878778985675359
5,104,6.5344153879704585
5,105,5.883951358393183
5,106,4.6767768437555235
5,107,7.724164856183091
5,108,9.713006393539365
5,109,11.968441774752195
5,110,15.688463072882486
5,111,17.797138050840385
5,112,21.42175522556107
5,113,24.37042124049085
5,114,27.615387303056043
5,115,29.961990578109113
6,1,13.901708839024911
6,2,12.494757391507326
6,3,9.634382050299086
6,4,6.170273326002628
6,5,3.805618416501854
6,7,3.7988372193114395
6,8,5.854517310494722
6,9,8.958102197546687
6,10,10.409227856423298
6,11,13.450827723008523
6,12,14.912956175258117
6,13,18.71197295246644
6,14,20.459803985175892
6,15,24.207208910262654
6,16,25.818021929938116
6,17,26.484272557596153
6,18,23.85675068296555
6,19,20.725926747942953
6,20,17.34403862699056
6,21,14.342756000532079
6,22,11.058908157517873
6,23,8.35040585557502
6,24,5.589384142002216
6,25,5.079016092118208
6,26,6.076993900592464
6,27,7.420925210524553
6,28,10.696382252504538
6,29,13.275571246153435
6,30,14.778992865175073
6,31,15.578243957760437
6,32,16.771818561995747
6,33,16.143003417942044
6,34,15.451980749274123
6,35,12.92354849408751
6,36,13.843371348621744
6,37,13.050639877146303
6,38,14.78142505156992
6,39,16.078736857177038
6,40,16.34949992140809
6,41,16.194782319975502
6,42,19.39740838390916
6,43,22.33163247653465
6,44,22.973806986301817
6,45,19.645799967320286
6,46,20.08694133474514
6,47,18.875420545749616
6,48,17.622275264695638
6,49,17.039097543156714
6,50,17.80386521436815
6,51,17.60754462547308
6,52,20.83963943196761
6,53,23.130965973339862
6,54,23.888313897718856
6,55,25.05284383606933
6,56,22.523935842952877
6,57,24.653109473687493
6,58,22.657432683200028
6,59,19.326629805490995
6,60,18.7259495630597
6,61,15.946536387745816
6,62,15.249606796978131
6,63,15.61668580152028
6,64,17.855972980774556
6,65,16.039254101685746
6,66,18.86262810703209
6,67,19.299535183004703
6,68,19.446969418221485
6,69,16.31887760788291
6,70,14.039057557716921
6,71,10.282940858884473
6,72,9.871007523320733
6,73,9.344536562554255
6,74,10.181586282177568
6,75,13.363353389384388
6,76,16.28464761741305
6,77,18.551078703954875
6,78,22.038797915002814
6,79,24.780224786256436
6,80,22.92772031674442
6,81,25.33844885812465
6,82,25.23506630755257
6,83,24.914801312393493
6,84,21.36294531878844
6,85,20.167330611862994
6,86,17.923159887776496
6,87,14.49629015290713
6,88,12.4575453154369
6,89,10.083828942612515
6,90,8.197679656107043
6,91,9.856760772345504
6,92,10.582189769248224
6,93,14.351709787953993
6,94,16.90117170293364
6,95,20.608036127686677
6,96,22.895540006421687
6,97,26.103722806863807
6,98,27.432252660217546
6,99,24.410366611191584
6,100,20.66426635957309
6,101,18.9009811223441
6,102,15.512462415083863
6,103,13.593955436310381
6,104,10.067582247973343
6,105,8.506967137189424
6,106,5.574405370715704
6,107,7.146296279894295
6,108,8.887756250919095
6,109,10.24996777180156
6,110,13.999027757097654
6,111,16.087811688501475
6,112,19.478261397238327
6,113,22.470895638870044
6,114,25.435647574353403
6,115,28.094860175712785
7,1,17.548320041340716
7,2,16.050118636999265
7,3,13.151923590707844
7,4,9.688394092156948
7,5,6.589743682230386
7,6,3.7988372193114395
7,8,3.8264695137326012
7,9,5.6744495633800724
7,10,7.273292685494897
7,11,9.87772426659691
7,12,11.15605210322567
7,13,14.955565725095935
7,14,16.73671531466652
7,15,20.499601028413245
7,16,22.135137166003517
7,17,22.985917944512412
7,18,20.445971487567064
7,19,17.510537716828004
7,20,13.964696577356802
7,21,11.270392722761777
7,22,7.89872025727442
7,23,5.832362355393934
7,24,4.581564633418505
7,25,6.54223828799914
7,26,8.910504905256827
7,27,10.957581663888266
7,28,14.112132162779393
7,29,16.269980931219887
7,30,17.96507356976411
7,31,18.502758660314715
7,32,19.248649823837415
7,33,18.005138208891164
7,34,16.557092162878586
7,35,13.435190000750124
7,36,13.447420287392086
7,37,11.66875147641067
7,38,13.028917025301032
7,39,13.647834213612342
7,40,14.229729790411275
7,41,14.886179181359141
7,42,18.437576574707123
7,43,21.391269380744042
7,44,21.431086636714685
7,45,17.970275393664917
7,46,18.12672827057961
7,47,17.26981263359427
7,48,15.575563191473009
7,49,15.576242830827256
7,50,17.12191486107739
7,51,17.383955319168408
7,52,20.908764614319963
7,53,22.745892955059464
7,54,22.918428995791675
7,55,23.575345717607675
7,56,20.69887937053345
7,57,22.584069030703795
7,58,20.181100728995723
7,59,17.150900630798127
7,60,16.93688406065334
7,61,14.702933145096893
7,62,14.040867279585413
7,63,15.328741406244628
7,64,18.006074930734776
7,65,16.55711892199318
7,66,19.85524826979575
7,67,20.423083394605033
7,68,21.217818576584495
7,69,18.494765063676443
7,70,15.642097604312827
7,71,12.141205507917624
7,72,10.501918097847248
7,73,9.309168151484748
7,74,8.768028741597787
7,75,11.360321177236164
7,76,13.71226396672328
7,77,15.653482030660806
7,78,19.053280730257278
7,79,21.528929072625015
7,80,19.458361425818733
7,81,21.785784788640107
7,82,21.599754478206513
7,83,21.506969697232666
7,84,17.975475045138886
7,85,16.642216130954726
7,86,14.653512470740246
7,87,11.476881511123036
7,88,9.626034780310572
7,89,8.230482635522765
7,90,7.245969596036987
7,91,10.151101313146883
7,92,11.98444680046323
7,93,15.71979371973453
7,94,18.794195173846497
7,95,22.372646034217755
7,96,24.598323305899402
7,97,27.557199673874297
7,98,28.538979380677965
7,99,25.341021093413513
7,100,21.693736539237715
7,101,20.143097908670804
7,102,16.62169515951394
7,103,15.482487191120136
7,104,11.971521369379824
7,105,9.316900932168652
7,106,5.7309101872377886
7,107,6.332370990336198
7,108,6.474736712357147
7,109,6.771084594951802
7,110,10.496601337358335
7,111,12.371650297854439
7,112,15.722962213536304
7,113,18.685005849193413
7,114,21.638145859172283
7,115,24.310909611050658
8,1,18.859724433870547
8,2,18.03656695290288
8,3,15.381977414406396
8,4,11.869419692741166
8,5,9.52197924420154
8,6,5.854517310494722
8,7,3.8264695137326012
8,9,3.825084292469419
8,10,6.496977113915354
8,11,9.117221614768095
8,12,10.472190415904088
8,13,14.130241363604446
8,14,16.296760124283594
8,15,20.033693283559153
8,16,22.2570606481478
8,17,23.34024051067922
8,18,20.51431378205047
8,19,17.9125725257574
8,20,14.464508848748082
8,21,11.715340359102527
8,22,9.193282703346522
8,23,6.724287881713163
8,24,6.972110017046937
8,25,8.245362120260905
8,26,11.013220784357443
8,27,12.23836801699355
8,28,15.821300280578866
8,29,18.350661799997088
8,30,20.341840922233963
8,31,21.281296473698582
8,32,22.133394581540426
8,33,21.247074522419123
8,34,19.910043562971882
8,35,16.951912497939592
8,36,17.10295176594816
8,37,15.180948310036483
8,38,16.437401625291564
8,39,16.555690863042944
8,40,17.081799691055938
8,41,18.01663613673444
8,42,21.63082272200765
8,43,24.744017266431456
8,44,24.605233197032103
8,45,21.20339262214384
8,46,21.316873642125348
8,47,20.666244635452262
8,48,18.663250450360515
8,49,18.781922580717573
8,50,20.554134869906992
8,51,20.597201245724435
8,52,24.212209784924717
8,53,26.12473357419913
8,54,26.21958333375773
8,55,26.57963223556527
8,56,23.460188469092227
8,57,24.921492994565348
8,58,22.199605790673292
8,59,19.329936994062308
8,60,18.815716557207345
8,61,16.603452401101194
8,62,15.1374203584663
8,63,16.59921878349504
8,64,19.702981468476683
8,65,18.841739898284715
8,66,22.128868857244722
8,67,22.121162861507916
8,68,22.807765168026926
8,69,20.00073651064568
8,70,17.261145004833143
8,71,13.779455095322408
8,72,12.028058469211246
8,73,11.817397067548079
8,74,10.626231842161165
8,75,13.317225882264848
8,76,15.074921731509237
8,77,17.213121619877604
8,78,20.214086630464223
8,79,22.481737418757213
8,80,20.37678130462326
8,81,22.752291774200227
8,82,22.45238755676609
8,83,22.98080094403103
8,84,19.564748902513255
8,85,17.875946968696617
8,86,16.296465980311247
8,87,13.488531022280071
8,88,12.32613727678973
8,89,11.667443524788533
8,90,11.006809366868588
8,91,13.965051801781158
8,92,15.582769634636534
8,93,19.364085268533174
8,94,22.276425397675137
8,95,25.890119149467374
8,96,28.207341421927875
8,97,31.253524661674735
8,98,32.308247627912344
8,99,29.114996401460658
8,100,25.439311114840265
8,101,23.87302780804086
8,102,20.349861113310084
8,103,18.96756072818621
8,104,15.355873107575164
8,105,12.892621314965918
8,106,9.199408501621516
8,107,8.741179475823174
8,108,8.993144596077833
8,109,8.217022432808022
8,110,11.338940244958415
8,111,13.061231049912632
8,112,15.826176758914134
8,113,18.73429329561707
8,114,21.180989032267426
8,115,24.238245056038917
9,1,22.211606653606378
9,2,21.22902786938066
9,3,18.56855947739018
9,4,14.972310523475645
9,5,12.205410684890008
9,6,8.958102197546687
9,7,5.6744495633800724
9,8,3.825084292469419
9,10,3.796699479475111
9,11,5.412880255439748
9,12,6.797695153117486
9,13,10.441892914879775
9,14,12.917733073865586
9,15,16.660213385402667
9,16,18.961481648709224
9,17,20.416927795650434
9,18,17.808920495845992
9,19,15.64508832448812
9,20,12.071020174380529
9,21,10.101261996216422
9,22,7.945850503621131
9,23,7.031520617652533
9,24,8.700088024632814
9,25,11.11895550977829
9,26,14.139725653330661
9,27,15.82344864318302
9,28,19.265959930810272
9,29,21.53276177389799
9,30,23.48385853293805
9,31,24.146680393106738
9,32,24.77476667172314
9,33,23.419493904348524
9,34,21.607752223454717
9,35,18.282138089831246
9,36,17.671811579025817
9,37,15.039407259882994
9,38,15.693583739620296
9,39,14.996270167768815
9,40,15.634214755539926
9,41,17.258006892119056
9,42,20.992917818964788
9,43,24.070065148321003
9,44,23.399346402284017
9,45,20.062547489279392
9,46,20.017683969335497
9,47,19.865270971649004
9,48,17.634940882491094
9,49,18.421531365029587
9,50,20.800097600977942
9,51,21.33590260233075
9,52,25.05164315082014
9,53,26.47996387752139
9,54,26.023973658164092
9,55,25.93455571355552
9,56,22.599777098236054
9,57,23.823242491109937
9,58,20.741996530325512
9,59,18.373239853293864
9,60,18.389739561905863
9,61,16.889554564428526
9,62,15.638788134594348
9,63,17.85930305113874
9,64,21.13702096662417
9,65,20.480432905555777
9,66,24.035503531566604
9,67,24.250235113892046
9,68,25.40407572521276
9,69,22.90836156673725
9,70,19.840011581258352
9,71,16.591230210966497
9,72,14.22703526770499
9,73,13.402962483790464
9,74,11.335013561457666
9,75,13.061457250535605
9,76,13.964646564662297
9,77,15.46841369732994
9,78,18.213625578703212
9,79,19.988295757935504
9,80,17.54237263790782
9,81,19.643079167304123
9,82,19.08571724422328
9,83,19.932562037024912
9,84,16.715752841026884
9,85,14.716106524135839
9,86,13.48809725003472
9,87,11.220252450041855
9,88,10.754516010032678
9,89,11.283774982566047
9,90,11.650319034870424
9,91,15.081776234521731
9,92,17.405059039148874
9,93,21.043579068321886
9,94,24.294983851319607
9,95,27.794701056140244
9,96,29.956634677312287
9,97,32.74301757922199
9,98,33.505903906308006
9,99,30.250884081493925
9,100,26.726132390831808
9,101,25.257276883488725
9,102,21.66962764365118
9,103,20.865406326846077
9,104,17.30777661908007
9,105,14.244545522001507
9,106,10.552353697192881
9,107,9.341924741771864
9,108,8.213306167289275
9,109,5.986538805713895
9,110,8.270658399584391
9,111,9.728911795659496
9,112,12.161257636911733
9,113,15.104909216930915
9,114,17.4626163755186
9,115,20.606662298542755
10,1,22.695135421469214
10,2,21.76759057825751
10,3,19.504751517165086
10,4,15.759797208296677
10,5,13.170281500416204
10,6,10.409227856423298
10,7,7.273292685494897
10,8,6.496977113915354
10,9,3.796699479475111
10,11,3.818312261370716
10,12,7.074357887522902
10,13,10.466305981342884
10,14,13.51634984532252
10,15,17.16853092233743
10,16,19.22108402710745
10,17,21.19469025645471
10,18,19.134814438289283
10,19,17.343570564376257
10,20,13.629916266618658
10,21,12.487787172407286
10,22,10.03305058801979
10,23,10.020820674720753
10,24,11.121893760636244
10,25,13.645614238804956
10,26,16.13109370896967
10,27,17.72647021099077
10,28,21.101185496126902
10,29,23.479928695297136
10,30,24.936021204625796
10,31,25.295226482376282
10,32,26.22090847715878
10,33,24.6757404917808
10,34,22.931158976904744
10,35,19.417470473366198
10,36,18.294122529027167
10,37,15.382097057952622
10,38,15.130264577684068
10,39,13.814333853326671
10,40,13.66046121876501
10,41,15.232220200618036
10,42,18.85890435167753
10,43,22.147393454653322
10,44,21.462277196900803
10,45,18.46335078432945
10,46,18.971371326889116
10,47,19.489391960194446
10,48,17.74926570440242
10,49,19.166931038999053
10,50,21.636574815914127
10,51,22.754742970208703
10,52,26.342876510577007
10,53,27.428504765112226
10,54,26.71893428595094
10,55,26.704818870206147
10,56,23.515374024636703
10,57,25.023974372843103
10,58,21.932797399834303
10,59,19.886566763542014
10,60,20.540936456844378
10,61,19.374181162677562
10,62,18.66048496664301
10,63,20.94292282011232
10,64,24.013470700000152
10,65,22.97447860920879
10,66,26.52303559889222
10,67,27.115250208283076
10,68,28.224662007522983
10,69,25.63048472450727
10,70,22.632429355977035
10,71,19.25413623998285
10,72,17.13411739382505
10,73,15.750228205324097
10,74,13.978564716581147
10,75,15.271395099969077
10,76,16.071204129536326
10,77,16.829400003171536
10,78,19.627625269067813
10,79,20.94330881367567
10,80,17.991019783909078
10,81,19.421961698774194
10,82,18.166680516288594
10,83,18.834807870815677
10,84,16.001716919808604
10,85,13.357740421833048
10,86,11.552141198430064
10,87,9.162247171916867
10,88,9.87768449832952
10,89,10.662576855002975
10,90,12.148965575622013
10,91,15.321536591738957
10,92,18.107777547405387
10,93,21.55710602731623
10,94,24.90439629532742
10,95,28.406842381646673
10,96,30.149797318908057
10,97,32.682578145380226
10,98,33.35249304430133
10,99,30.30020648074039
10,100,26.93506360214967
10,101,25.119606812639567
10,102,21.402257104821604
10,103,20.802130822665966
10,104,17.205074776834863
10,105,13.850850700509866
10,106,10.340664075979927
10,107,7.941939286598923
10,108,6.612474263384404
10,109,4.693663204482332
10,110,6.0845886227628005
10,111,8.74803014749571
10,112,10.929580438659986
10,113,14.42124132064328
10,114,16.901511370932692
10,115,20.052258282975707
11,1,26.319803009825055
11,2,25.187335462287923
11,3,22.696469690220944
11,4,19.042958023594775
11,5,16.093223161653768
11,6,13.450827723008523
11,7,9.87772426659691
11,8,9.117221614768095
11,9,5.412880255439748
11,10,3.818312261370716
11,12,3.809445060537333
11,13,6.766253616537049
11,14,10.019317901622706
11,15,13.548256614228038
11,16,15.673642614091142
11,17,17.921117932970777
11,18,16.074098599164916
11,19,14.815022532433492
11,20,11.28843482822986
11,21,11.087671560774043
11,22,9.536316116911834
11,23,10.674699664451447
11,24,12.771078327816209
11,25,15.833027792329407
11,26,18.71707936787893
11,27,20.70974146489079
11,28,23.982510518172
11,29,26.04761424142354
11,30,27.72175177184337
11,31,27.982485901724086
11,32,28.520654740794264
11,33,26.65270469152326
11,34,24.460711236879888
11,35,20.80755918333171
11,36,19.237529384013495
11,37,15.903053550629922
11,38,15.396819701785779
11,39,13.43326126913941
11,40,13.818621977808482
11,41,16.207129688577528
11,42,19.833315059030923
11,43,22.819657572107783
11,44,21.499004266668443
11,45,18.53123931247907
11,46,18.54044162992145
11,47,19.329022872931027
11,48,17.196457442271154
11,49,19.026046398721135
11,50,21.98929793393554
11,51,23.306604449784217
11,52,26.94707652977687
11,53,27.658736484661045
11,54,26.489042876352727
11,55,25.943837984424505
11,56,22.553445958787922
11,57,23.630065378496713
11,58,20.24737338456543
11,59,18.74996898772502
11,60,19.71297181372616
11,61,19.19726948808519
11,62,18.543907047550615
11,63,21.37005951547437
11,64,24.574321602620262
11,65,23.905120705687672
11,66,27.623447111627495
11,67,28.251608677414414
11,68,29.796206785064612
11,69,27.555088078061857
11,70,24.272566953467464
11,71,21.203049581150676
11,72,18.547973473068463
11,73,16.981885991604546
11,74,14.50941508444717
11,75,14.959265077120424
11,76,14.845082958080388
11,77,15.034865384696115
11,78,17.345700310511702
11,79,18.145290212208977
11,80,15.018455187455105
11,81,16.241199997328263
11,82,14.893162948658551
11,83,16.068107822526997
11,84,13.460689959242961
11,85,10.670619631316182
11,86,9.778658411554494
11,87,8.6147787131597
11,88,9.8274719510531
11,89,11.860389930012198
11,90,13.694925008696059
11,91,17.174177134999677
11,92,20.23378709490426
11,93,23.52697605575725
11,94,27.071193937795105
11,95,30.390842174623753
11,96,32.17169410574102
11,97,34.527981983516
11,98,34.922930844860886
11,99,31.746816828060993
11,100,28.526051060729195
11,101,27.044255989041826
11,102,23.442101256343065
11,103,23.333226567658375
11,104,19.944426079192112
11,105,16.376514924653705
11,106,13.092675533185709
11,107,11.037070012972611
11,108,8.612344140965236
11,109,5.311214858377995
11,110,4.524397262359982
11,111,5.908468858858782
11,112,7.386698164538195
11,113,10.75467897155442
11,114,13.092551806967048
11,115,16.30629190777931
12,1,28.48557876442143
12,2,27.093540703937627
12,3,24.234151521047323
12,4,20.776068911290167
12,5,17.491426561250098
12,6,14.912956175258117
12,7,11.15605210322567
12,8,10.472190415904088
12,9,6.797695153117486
12,10,7.074357887522902
12,11,3.809445060537333
12,13,3.8150136349428156
12,14,6.4647755368311595
12,15,10.156836319638492
12,16,12.44054992628006
12,17,14.431599119295662
12,18,12.348176199683023
12,19,11.213484393475525
12,20,7.904878699064815
12,21,8.268381179900684
12,22,7.918085305661094
12,23,9.825010404402976
12,24,12.777860254617162
12,25,16.128456388528726
12,26,19.406894250858134
12,27,21.77972737387194
12,28,24.88918216672031
12,29,26.56659885413546
12,30,28.603256213707635
12,31,28.89125494065811
12,32,28.94295341715494
12,33,26.899962921275005
12,34,24.328737947736034
12,35,20.720305978334828
12,36,19.084609175281393
12,37,15.667000877541806
12,38,15.54523058343216
12,39,13.640504717774986
12,40,14.976318428468042
12,41,17.83802134687754
12,42,21.485293425757426
12,43,24.06836948381517
12,44,22.35589194092429
12,45,19.199194396000035
12,46,18.44364407717049
12,47,18.928695772176727
12,48,16.21426504475205
12,49,17.932129658041866
12,50,21.18219911825387
12,51,22.327889786882025
12,52,26.02091199380352
12,53,26.606843729162886
12,54,25.233564663887947
12,55,24.23168642040814
12,56,20.629986329874914
12,57,21.178827572831388
12,58,17.597133540702448
12,59,16.381981286633568
12,60,17.2670065781355
12,61,17.193221696837362
12,62,16.43609218042391
12,63,19.656687809141925
12,64,22.964464606359712
12,65,22.76809209886084
12,66,26.571121357290778
12,67,27.097671453005866
12,68,29.035068696331486
12,69,27.196492816136605
12,70,23.686523089846247
12,71,21.0269048535036
12,72,17.892364249094044
12,73,16.379656693626853
12,74,13.292160931467624
12,75,13.087170729624285
12,76,12.169368498755887
12,77,12.241455875381973
12,78,14.095658665580574
12,79,14.80833595026603
12,80,11.91453470808127
12,81,13.580488270324139
12,82,12.885187625990666
12,83,14.494633567810478
12,84,11.721310471325143
12,85,9.628495310891145
12,86,10.00137387470463
12,87,9.769613696266067
12,88,10.255198332983337
12,89,12.845171204301844
12,90,14.265427983240414
12,91,17.989671808425154
12,92,20.972536831303895
12,93,24.17524968011844
12,94,27.789097164794317
12,95,30.92152311968589
12,96,32.94873581099682
12,97,35.29291411385341
12,98,35.52085089512213
12,99,32.14537742742375
12,100,28.974378296860614
12,101,27.972147678058562
12,102,24.570963413657246
12,103,24.7418938742235
12,104,21.577145403337752
12,105,18.037540144800555
12,106,14.894412176583849
12,107,13.633567863659243
12,108,10.7594259552543
12,109,6.977904522025624
12,110,6.086797418729983
12,111,4.8217132592469545
12,112,6.016688814024053
12,113,8.42498562336199
12,114,10.717255680233302
12,115,13.818505776811694
13,1,32.29601709390013
13,2,30.895529865726033
13,3,28.01064079475386
13,4,24.57869668375582
13,5,21.251219234432128
13,6,18.71197295246644
13,7,14.955565725095935
13,8,14.130241363604446
13,9,10.441892914879775
13,10,10.466305981342884
13,11,6.766253616537049
13,12,3.8150136349428156
13,14,3.813167535666669
13,15,6.932327329784598
13,16,9.610054742638145
13,17,12.167031810691288
13,18,10.523709479229806
13,19,10.610108793226283
13,20,8.261377196757692
13,21,9.957850535147415
13,22,10.74353773297405
13,23,13.063631433336084
13,24,16.277758931082445
13,25,19.674377742154576
13,26,23.04561442189229
13,27,25.486460655237355
13,28,28.558246557533312
13,29,30.105875689263797
13,30,32.22781237652853
13,31,32.46917749754955
13,32,32.33944514061644
13,33,30.142556457026274
13,34,27.355349363516265
13,35,23.749983482284158
13,36,21.853614988735153
13,37,18.301816241568165
13,38,17.901572963446068
13,39,15.553675818537066
13,40,17.042700848390883
13,41,20.270327601521426
13,42,23.74057295720612
13,43,26.074576170356973
13,44,23.914030987792795
13,45,21.00294761158831
13,46,19.958785662566527
13,47,20.752695268829733
13,48,17.907494182630533
13,49,19.931751403043783
13,50,23.441537395016645
13,51,24.72680171727326
13,52,28.340861080902428
13,53,28.584088816015054
13,54,26.823876809376287
13,55,25.334680753272586
13,56,21.67668150672911
13,57,21.700862984704504
13,58,17.938626117207704
13,59,17.483912481270245
13,60,18.619270004303814
13,61,19.18837330622025
13,62,18.462090790519138
13,63,21.969125074800342
13,64,25.284497314769208
13,65,25.418993567107933
13,66,29.238531474045292
13,67,29.737555813480995
13,68,31.932438054941056
13,69,30.3461411056854
13,70,26.743357456857357
13,71,24.327853754642216
13,72,20.99263691806447
13,73,19.49412069686391
13,74,16.14424010975793
13,75,15.309681853012636
13,76,13.510907139413687
13,77,12.881876063179114
13,78,13.767163659871121
13,79,13.548253517523742
13,80,10.573010318140486
13,81,11.724661051186006
13,82,10.888234249829935
13,83,13.368011680671115
13,84,11.315342195424137
13,85,9.30875942840671
13,86,10.920865195085593
13,87,11.912141555115562
13,88,12.874505926204431
13,89,15.956418809948339
13,90,17.590502140978113
13,91,21.288452575607934
13,92,24.3699490362174
13,93,27.413234623797
13,94,31.086994843138598
13,95,34.073623994598904
13,96,36.0612904827996
13,97,38.239508113420506
13,98,38.267840510325016
13,99,34.87493855259932
13,100,31.86876458238363
13,101,31.050555321347655
13,102,27.752759357446628
13,103,28.193831458507642
13,104,25.148304513635257
13,105,21.544487120256992
13,106,18.552687995741866
13,107,17.20676993254702
13,108,14.147704642746435
13,109,10.389370861472806
13,110,8.451112428696984
13,111,6.007012711978178
13,112,4.718279840706176
13,113,5.689383377404763
13,114,7.132624419241919
13,115,10.469681029812024
14,1,34.280360726613765
14,2,32.58764569672489
14,3,29.45108451578304
14,4,26.258421730004404
14,5,22.71760734893365
14,6,20.459803985175892
14,7,16.73671531466652
14,8,16.296760124283594
14,9,12.917733073865586
14,10,13.51634984532252
14,11,10.019317901622706
14,12,6.4647755368311595
14,13,3.813167535666669
14,15,3.7907034241214927
14,16,6.373033588263078
14,17,8.470920535438644
14,18,6.752595347997141
14,19,7.419976256863057
14,20,6.164911306662065
14,21,8.944925491034956
14,22,10.826447460346218
14,23,13.6493225530376
14,24,17.08038081242671
14,25,20.57643703026994
14,26,24.03629674214752
14,27,26.802785036417717
14,28,29.598867379236342
14,29,30.720952768652126
14,30,33.02782204358934
14,31,33.19454324461356
14,32,32.62741847511774
14,33,30.23673142609712
14,34,27.149154746144852
14,35,23.67901340473205
14,36,21.69202939015939
14,37,18.228411273754272
14,38,18.088376678359534
14,39,15.933508658762781
14,40,18.115945931372405
14,41,21.564300897910137
14,42,24.929341637900308
14,43,26.825647404480286
14,44,24.38557898512356
14,45,21.41634714706078
14,46,19.72068863830625
14,47,20.225016555566693
14,48,17.035770952625523
14,49,18.922694713034396
14,50,22.56389836569675
14,51,23.75119737091779
14,52,27.252340234823848
14,53,27.269164594895308
14,54,25.291737993120964
14,55,23.367369541225397
14,56,19.65675352496922
14,57,19.124309675063756
14,58,15.303315541468146
14,59,15.370701524719141
14,60,16.566378943154504
14,61,17.750404390720902
14,62,17.20915975797938
14,63,20.93512437885621
14,64,24.107399369066396
14,65,24.587780197623292
14,66,28.366237715587612
14,67,28.902110603571305
14,68,31.45589300784073
14,69,30.30725555057652
14,70,26.579242667697102
14,71,24.623441787510934
14,72,21.031725565185454
14,73,19.46998729105791
14,74,15.886753881307309
14,75,14.297019829688363
14,76,11.700836439225316
14,77,10.612830495135212
14,78,10.655396820598591
14,79,10.073238948590884
14,80,7.515312459259433
14,81,9.169505558975317
14,82,9.452558715918931
14,83,12.140881810181396
14,84,10.134734115213003
14,85,9.407315849253294
14,86,11.938330550589894
14,87,13.462930448664055
14,88,13.786076958957809
14,89,17.05041001034152
14,90,18.37005304296795
14,91,22.032868095008403
14,92,25.006837012701723
14,93,27.817073747560364
14,94,31.489599652220303
14,95,34.21630635034359
14,96,36.336185074299905
14,97,38.41706966453688
14,98,38.254109732306624
14,99,34.74800721547969
14,100,31.886807398125853
14,101,31.51769340216999
14,102,28.4827183037812
14,103,29.234473221376906
14,104,26.48611259706368
14,105,22.969518785935076
14,106,20.2611238089075
14,107,19.506692914042418
14,108,16.20116168540504
14,109,12.49298245337594
14,110,10.817446646015652
14,111,7.432434801841258
14,112,6.316869117597597
14,113,5.0582851126894175
14,114,6.328484838720576
14,115,8.720135925700115
15,1,38.042332951644255
15,2,36.29310735741943
15,3,33.10939358037993
15,4,29.97722067963913
15,5,26.395991906834645
15,6,24.207208910262654
15,7,20.499601028413245
15,8,20.033693283559153
15,9,16.660213385402667
15,10,17.16853092233743
15,11,13.548256614228038
15,12,10.156836319638492
15,13,6.932327329784598
15,14,3.7907034241214927
15,16,3.7938531136364917
15,17,6.336153853162539
15,18,5.74756288336875
15,19,8.27008150561056
15,20,8.659729504476697
15,21,11.88635035826872
15,22,14.232766961793018
15,23,17.142104260679574
15,24,20.620833445672748
15,25,24.101317125853043
15,26,27.584214569071584
15,27,30.422845141482693
15,28,33.13533963855996
15,29,34.0931912787838
15,30,36.46740986206835
15,31,36.58344505340422
15,32,35.81935745600152
15,33,33.30712129397019
15,34,30.0584332464699
15,35,26.673740202523724
15,36,24.539901752661418
15,37,21.107652301055207
15,38,20.83200848764271
15,39,18.524144684989718
15,40,20.8180176228444
15,41,24.43032642915605
15,42,27.596485504894797
15,43,29.201811048631257
15,44,26.44283855109519
15,45,23.71857812053868
15,46,21.751842691810324
15,47,22.398705149842694
15,48,19.200225571155322
15,49,21.18959055197358
15,50,24.907311687059313
15,51,26.14809880140564
15,52,29.479170779162484
15,53,29.18212732299865
15,54,26.902950783275678
15,55,24.540698820173464
15,56,20.92975174083205
15,57,19.82702166956824
15,58,16.079395977677898
15,59,16.943638963261527
15,60,18.28131500037523
15,61,20.016810317638157
15,62,19.5761136927373
15,63,23.38208883370419
15,64,26.425809842655394
15,65,27.189801483090243
15,66,30.89210607872019
15,67,31.415254940993755
15,68,34.18785860148149
15,69,33.31532940557192
