1,2,3.8113459943246433
1,3,6.6221322829739595
1,4,10.196818181404746
1,5,12.71658957687538
1,6,16.43317577480521
1,7,18.3784865559745
1,8,21.57117889034474
1,9,22.389722939302548
1,10,25.680202617258036
1,11,27.8492713300475
1,12,31.623338465035083
1,13,33.40588827011391
1,14,36.996539816732536
1,15,38.21900992005454
1,16,38.402612409058115
1,17,35.705254081412384
1,18,32.22196488274643
1,19,29.082646320104548
1,20,25.999401571173028
1,21,22.80896944133873
1,22,20.073120805126198
1,23,16.392058141076227
1,24,13.712739027735593
1,25,10.229922052870057
1,26,8.090984900039173
1,27,7.021755132027086
1,28,9.293926590887569
1,29,7.222248628917356
1,30,8.397365362117824
1,31,11.900820021609531
1,32,13.850589967751102
1,33,16.010482312815373
1,34,15.878010509457361
1,35,18.529099423549958
1,36,20.312663752196123
1,37,22.191642481061752
1,38,24.84084942529469
1,39,24.552825490450015
1,40,22.522456479720887
1,41,23.680059910472753
1,42,25.840780036084276
1,43,28.10194889177822
1,44,25.652895815078033
1,45,26.91074979263546
1,46,25.17067346646995
1,47,25.337466298856636
1,48,23.54671084953139
1,49,22.071011080406652
1,50,21.511707690833923
1,51,22.71407348421645
1,52,25.65396574495275
1,53,27.87327183300357
1,54,30.469489379372977
1,55,29.4035557298803
1,56,32.210629513578496
1,57,31.633147472016976
1,58,28.062257876189204
1,59,27.31635011537696
1,60,24.03051788167827
1,61,23.946451854367403
1,62,22.439520755276956
1,63,22.83226934503536
1,64,20.199469203207105
1,65,21.730223567760923
1,66,20.438104567371884
1,67,17.75343211135658
1,68,15.935650313984082
1,69,16.364959894411705
1,70,13.772195950982514
1,71,16.585077961514546
1,72,17.237324431812723
1,73,20.05153352279193
1,74,23.177029723468916
1,75,26.823862247484048
1,76,29.16661691961682
1,77,32.75222000292679
1,78,35.9714655194699
1,79,34.57636739197908
1,80,36.8819498951986
1,81,36.82746450725047
1,82,35.67938836942973
1,83,32.24477457117906
1,84,31.529086794159156
1,85,28.660899218086975
1,86,24.998657053714243
1,87,22.631502557708536
1,88,19.02202060158323
1,89,16.47718347279474
1,90,14.701338938686854
1,91,12.207962866741237
1,92,13.661601028652
1,93,12.966690074606241
1,94,15.9314539368067
1,95,17.654819434565326
1,96,21.119125373259553
1,97,23.521371450067214
1,98,21.903311189754625
1,99,18.56673849471467
1,100,16.489997179035438
1,101,14.693399020408435
1,102,10.92497604749452
1,103,10.409358117242691
1,104,13.293609012762134
1,105,14.115433936911195
1,106,16.5069616323603
1,107,19.403754819923655
1,108,22.10400558316868
1,109,25.692401912982024
1,110,28.161836414407954
1,111,31.76211058497227
1,112,34.7270403752506
1,113,38.07449438214475
1,114,40.75341892218007
1,115,43.655874924835686
2,1,3.8113459943246433
2,3,3.7994568386347516
2,4,6.839275845413135
2,5,9.648472542016806
2,6,13.236420225481584
2,7,15.46733993563471
2,8,18.574226413533708
2,9,19.664654961405052
2,10,22.725918895514106
2,11,24.637184336663996
2,12,28.364057513321658
2,13,29.949576681650903
2,14,33.49026577025224
2,15,34.6289777416114
2,16,34.70053884843626
2,17,32.015775254001895
2,18,28.493061140252234
2,19,25.4099307011476
2,20,22.318457845386284
2,21,19.163939040902378
2,22,16.48327338422716
2,23,12.74353023672636
2,24,10.143713137787433
2,25,6.581757824073618
2,26,5.330212514200328
2,27,4.833334929761896
2,28,7.203022123155547
2,29,6.30163251825992
2,30,7.459365210023337
2,31,10.256272116760213
2,32,11.537953613813135
2,33,13.044094540632651
2,34,12.455051772394148
2,35,15.158433560613773
2,36,16.826064009049226
2,37,18.97040928428064
2,38,21.681184009701013
2,39,21.773427842394668
2,40,20.12149967329366
2,41,21.675604794870893
2,42,23.833783880147863
2,43,25.71892815634254
2,44,22.973329019749162
2,45,23.886019702390612
2,46,21.989420006856445
2,47,21.862412913604842
2,48,20.002254502588656
2,49,18.71684779534985
2,50,18.140219972595084
2,51,19.702810486907286
2,52,22.636603891813273
2,53,24.680558045137204
2,54,27.0770374792208
2,55,25.823211713788865
2,56,28.538344602925783
2,57,27.884273653511315
2,58,24.291561739718432
2,59,23.533459998914537
2,60,20.271686571963997
2,61,20.249835956421315
2,62,18.905498074792064
2,63,19.453761868741942
2,64,16.821693140047113
2,65,18.70970881678173
2,66,17.660907754332214
2,67,15.402998088599626
2,68,13.601148338664158
2,69,13.34619323103998
2,70,10.452011822775287
2,71,13.012067326969538
2,72,13.451467137418671
2,73,16.2775867161382
2,74,19.368835052673997
2,75,23.026470601662826
2,76,25.39320011849622
2,77,28.961643800105477
2,78,32.21270420459119
2,79,30.905281439545714
2,80,33.302982108553785
2,81,33.41147855162457
2,82,32.298340279341915
2,83,28.785890782638553
2,84,28.241401729064563
2,85,25.54701656456099
2,86,21.979227612356567
2,87,19.356186170721845
2,88,15.82890666522053
2,89,12.992192966438738
2,90,11.49839653121024
2,91,9.082005067277933
2,92,11.208814807463217
2,93,11.35012887554327
2,94,14.717625161483177
2,95,16.906279295970215
2,96,20.431280688762964
2,97,22.52471943172117
2,98,20.381651891080683
2,99,16.774809647978493
2,100,14.99174345848029
2,101,12.791618999722319
2,102,9.316617450260042
2,103,8.241325302148576
2,104,10.632054337908194
2,105,11.204923281855255
2,106,14.04926890644837
2,107,16.512934595575988
2,108,18.9904527773346
2,109,22.665344787760745
2,110,24.882309558043993
2,111,28.550257564614768
2,112,31.36514800565804
2,113,34.73276278964214
2,114,37.33318584103766
2,115,40.150986089816364
3,1,6.6221322829739595
3,2,3.7994568386347516
3,4,3.800455279819
3,5,6.189076663566064
3,6,9.834777525760563
3,7,12.06631567068023
3,8,15.059636160959858
3,9,15.950700237599886
3,10,19.12422125519
3,11,21.232898844254233
3,12,25.00475856154451
3,13,26.835410717287598
3,14,30.446247097645347
3,15,31.7597272433025
3,16,32.111077190877545
3,17,29.40404929661051
3,18,26.039607648603315
3,19,22.75290118359795
3,20,19.77668367943388
3,21,16.462275854128663
3,22,13.820352471050947
3,23,10.253523051440293
3,24,8.264949288684578
3,25,5.678159899829096
3,26,5.3670280796392404
3,27,7.206093717935299
3,28,9.89576469993561
3,29,9.802333177489498
3,30,10.630659560055674
3,31,12.960917627461981
3,32,13.331154829001502
3,33,13.890477812193442
3,34,12.244014638025483
3,35,14.28728658108812
3,36,15.122704887663383
3,37,16.976623493546683
3,38,19.235938612553667
3,39,19.197823643716152
3,40,17.822813245559324
3,41,19.807802139275942
3,42,22.383165605152037
3,43,23.999251087983147
3,44,21.079792509079077
3,45,22.066920521966896
3,46,20.563767290687736
3,47,20.202788793579888
3,48,18.850188633027972
3,49,18.27492916017456
3,50,18.182940364549644
3,51,20.295175043868916
3,52,22.90525871854717
3,53,24.415632282132094
3,54,26.468187489432268
3,55,24.79720594433894
3,56,27.43107310835941
3,57,26.312040890534846
3,58,22.819220655618505
3,59,22.29937339845415
3,60,19.204129208739438
3,61,18.961947961114163
3,62,18.28925054251279
3,63,19.518416874004398
3,64,17.161976797518033
3,65,19.69391012402429
3,66,18.873103134575324
3,67,17.27219836433792
3,68,15.243337891561318
3,69,14.100420296079571
3,70,10.590954091610055
3,71,12.12010041947696
3,72,12.27557717793696
3,73,14.409870265401064
3,74,17.567972049189923
3,75,21.01877203230315
3,76,23.272557066630867
3,77,26.874526614779555
3,78,29.926253105256343
3,79,28.322715493725216
3,80,30.602285296940263
3,81,30.47172225737195
3,82,29.56808840995031
3,83,26.08387054156015
3,84,25.210149271568177
3,85,22.48240663317492
3,86,18.847744478766273
3,87,16.500385014411407
3,88,13.123250246264114
3,89,10.683490430789789
3,90,9.988843901076534
3,91,8.822176560152446
3,92,11.831301749059424
3,93,13.058316187649377
3,94,16.740308544448446
3,95,18.74084225970189
3,96,22.010676879214845
3,97,23.857288291324434
3,98,21.53062472331796
3,99,17.848148322775216
3,100,15.798261426344768
3,101,12.854398541787232
3,102,9.768674759785698
3,103,7.224632851368688
3,104,8.408669069305084
3,105,8.016521917085027
3,106,10.528238773455906
3,107,13.133912878709207
3,108,15.572376144473065
3,109,19.22601038273496
3,110,21.62767229125603
3,111,25.208258468545097
3,112,28.165800030892008
3,113,31.47374558145589
3,114,34.20901274408202
3,115,37.1212570242566
4,1,10.196818181404746
4,2,6.839275845413135
4,3,3.800455279819
4,5,3.8071003743163345
4,6,6.730611391675561
4,7,9.708943228673087
4,8,12.228620110910759
4,9,13.222599570081453
4,10,16.04180533688152
4,11,17.937945025337438
4,12,21.65192647560806
4,13,23.33109351743915
4,14,26.878949573233164
4,15,28.059180642185897
4,16,28.408305537113126
4,17,25.798590021538924
4,18,22.4443925908878
4,19,19.107888257604287
4,20,16.281597687134187
4,21,12.838110213112271
4,22,10.527795561265927
4,23,6.979547899682158
4,24,6.130821194475267
4,25,4.888183258129372
4,26,6.877235082433212
4,27,9.114904015998034
4,28,11.043719364351919
4,29,11.680452545951425
4,30,12.08732809217113
4,31,13.524700807620276
4,32,12.891747454862728
4,33,12.402288175954666
4,34,9.894994817789303
4,35,11.38281917972979
4,36,11.660420838356703
4,37,13.580863893146056
4,38,15.741134527355902
4,39,16.05558457280318
4,40,15.180774458472868
4,41,17.621456418994587
4,42,20.20371741527841
4,43,21.34725346721592
4,44,18.154731757600253
4,45,18.824106229757316
4,46,17.347010378700695
4,47,16.6910784819764
4,48,15.552167483398849
4,49,15.478839603947753
4,50,15.723611278994651
4,51,18.253639046960785
4,52,20.564159921436186
4,53,21.649258410464224
4,54,23.4013699518528
4,55,21.47690160466451
4,56,24.05040210725298
4,57,22.733449690984184
4,58,19.325484195014504
4,59,19.048797632575003
4,60,16.199807734712667
4,61,16.150116136442183
4,62,16.04768132183988
4,63,17.588415979135497
4,64,15.310547137585708
4,65,18.30655097619829
4,66,18.01517136445809
4,67,17.088277178452444
4,68,15.352938471470127
4,69,13.328873351682565
4,70,9.700629197644767
4,71,10.132574113341034
4,72,9.463432829198915
4,73,11.185968019439532
4,74,14.123594366608577
4,75,17.48730531346726
4,76,19.57618029414769
4,77,23.212719048853074
4,78,26.19822246725438
4,79,24.54908163635063
4,80,26.815826104510535
4,81,26.75020327735904
4,82,25.84605413849884
4,83,22.32328527176576
4,84,21.55822695161698
4,85,18.956575727098375
4,86,15.421016438810149
4,87,12.854193098916586
4,88,9.601768980001621
4,89,7.036369596159205
4,90,7.162518537912852
4,91,7.1358452020964345
4,92,10.771271927198404
4,93,13.020426896007672
4,94,16.768142833299365
4,95,18.867820149096932
4,96,21.915370245339524
4,97,23.364032078570926
4,98,20.668004995216812
4,99,16.95073672604633
4,100,15.169234871614655
4,101,11.874474141863312
4,102,9.725302489101193
4,103,6.625701550691009
4,104,6.154006773750085
4,105,4.967453299352232
4,106,8.073556802443196
4,107,9.930250897661587
4,108,12.170056340992987
4,109,15.875868298107315
4,110,18.055197875894354
4,111,21.711694208556967
4,112,24.564048954300926
4,113,27.93716796554514
4,114,30.568101035959508
4,115,33.46262409290907
5,1,12.71658957687538
5,2,9.648472542016806
5,3,6.189076663566064
5,4,3.8071003743163345
5,6,3.8059033673678524
5,7,6.018387522685587
5,8,8.928841238505072
5,9,10.329906856076507
5,10,13.324478772104001
5,11,15.214067409784839
5,12,18.99110926684026
5,13,20.89926406784283
5,14,24.58280461375032
5,15,26.187909222287505
5,16,26.71312596642297
5,17,23.85658864253094
5,18,20.70097087340954
5,19,17.31069740252649
5,20,14.368398129836491
5,21,11.125512137311846
5,22,8.375797499798516
5,23,5.585372980483866
5,24,5.355645203230116
5,25,6.269161703923099
5,26,7.848197880605928
5,27,11.140028176464984
5,28,13.556140254674007
5,29,14.770598281402291
5,30,15.573547150474356
5,31,16.87408675125048
5,32,16.25927111227645
5,33,15.335156040331364
5,34,12.409999536263777
5,35,13.489521031747426
5,36,12.821421586653017
5,37,14.609114455060825
5,38,16.047592210192477
5,39,16.493813618276445
5,40,16.28705448696239
5,41,19.215473603877676
5,42,22.104318827048743
5,43,22.81519406161395
5,44,19.442846022479795
5,45,19.909593793192396
5,46,18.749683820582156
5,47,17.499168690777566
5,48,16.73719346617433
5,49,17.397143816757936
5,50,17.626406914501654
5,51,20.618758885903556
5,52,22.81070615633184
5,53,23.498886634253562
5,54,24.731283180877494
5,55,22.30769208403027
5,56,24.46262321402814
5,57,22.626522943754143
5,58,19.297628166455183
5,59,18.85288156170909
5,60,16.05935687885126
5,61,15.27008755522823
5,62,15.684693023833098
5,63,17.959019558669393
5,64,16.399723668673335
5,65,19.728018615858897
5,66,19.196080151660446
5,67,18.8006266181143
5,68,16.59249532126799
5,69,14.198374326955275
5,70,10.439641154761963
5,71,9.872245423164701
5,72,9.761146338654859
5,73,10.300813833453642
5,74,13.505370239884183
5,75,16.43682021471815
5,76,18.720403845927397
5,77,22.172237064310625
5,78,24.99206953765851
5,79,23.196220113883815
5,80,25.547036291482517
5,81,25.38083845080693
5,82,25.00429907556258
5,83,21.448861529375996
5,84,20.32564614346878
5,85,18.003437875625938
5,86,14.573806459624398
5,87,12.400432279523882
5,88,9.955991336087788
5,89,8.047636250072413
5,90,9.704704737202828
5,91,10.532174396550294
5,92,14.291490167578273
5,93,16.74684382240909
5,94,20.465813811200356
5,95,22.61454865191047
5,96,25.593021744630285
5,97,26.924815488888687
5,98,24.124103000909322
5,99,20.429845367953394
5,100,18.729805703541146
5,101,15.296795809270051
5,102,13.404382327497562
5,103,10.033136935662183
5,104,8.569482877033858
5,105,5.649553496464916
5,106,7.3497799239896375
5,107,8.913992583434686
5,108,10.289785026818269
5,109,14.029816166609452
5,110,16.205335937028213
5,111,19.666573058312483
5,112,22.55354399539058
5,113,25.683356717462615
5,114,28.5924470471697
5,115,31.43337783870472
6,1,16.43317577480521
6,2,13.236420225481584
6,3,9.834777525760563
6,4,6.730611391675561
6,5,3.8059033673678524
6,7,3.8310162351104298
6,8,5.548606673096237
6,9,7.247116729154476
6,10,9.766767008419679
6,11,11.447672010599677
6,12,15.21284085069245
6,13,17.135075487721913
6,14,20.82220119864014
6,15,22.47929595477973
6,16,23.163578756367304
6,17,20.346798506610273
6,18,17.363835163613224
6,19,13.846242037023258
6,20,11.174365490729503
6,21,7.876926526998529
6,22,5.675327627293918
6,23,4.475071212059164
6,24,6.623915479808754
6,25,8.96581334582591
6,26,11.217977768912657
6,27,14.43590225811546
6,28,16.421576787164817
6,29,17.928144896341006
6,30,18.50035844344453
6,31,19.3074064010062
6,32,18.08914935470979
6,33,16.416222907507255
6,34,12.974532989577643
6,35,13.17073635687808
6,36,11.482159817270553
6,37,12.96478759946995
6,38,13.731667540453529
6,39,14.52032258982188
6,40,15.134831486499616
6,41,18.504254506409698
6,42,21.41772348383749
6,43,21.523566447775057
6,44,17.987554443756295
6,45,18.10095379945288
6,46,17.258403697309635
6,47,15.54687824826209
6,48,15.348642212386176
6,49,16.818072779951798
6,50,17.433192054601367
6,51,20.760601419971188
6,52,22.503274034586305
6,53,22.59731183088028
6,54,23.310967968015365
6,55,20.5085313852836
6,56,22.392789676669903
6,57,20.122142705880574
6,58,17.067500374729534
6,59,16.930765905719905
6,60,14.643522843587295
6,61,13.80611398646805
6,62,15.13222020956596
6,63,17.8625259479909
6,64,16.704255343568306
6,65,20.347014122114995
6,66,20.2423339005647
6,67,20.501269859660184
6,68,18.529437478237305
6,69,15.565703194791956
6,70,12.096421948348947
6,71,10.298333116376961
6,72,9.503201151112187
6,73,8.661166637994725
6,74,11.356898915747312
6,75,13.732592059659906
6,76,15.760625499499167
6,77,19.117136651585326
6,78,21.692556525147566
6,79,19.70268375107615
6,80,21.997816966689957
6,81,21.777438788471905
6,82,21.64739543800857
6,83,18.102087814800104
6,84,16.855713589357837
6,85,14.817474097550392
6,86,11.64956968798163
6,87,9.655392942364529
6,88,8.211441276562987
6,89,7.2023806862814
6,90,10.125408580585754
6,91,12.034599510294065
6,92,15.767930738313517
6,93,18.76158691780934
6,94,22.376018505530844
6,95,24.46797659686404
6,96,27.16906540343932
6,97,28.15657194549139
6,98,25.16982067094925
6,99,21.61221044657173
6,100,20.126786193013125
6,101,16.594821400538326
6,102,15.481493101955532
6,103,12.056974799671114
6,104,9.495598700248163
6,105,5.940957281073018
6,106,6.6379531613730185
6,107,6.6078196772387425
6,108,6.870697476787676
6,109,10.598218212824197
6,110,12.528675479075101
6,111,15.950123421316993
6,112,18.781438297257115
6,113,21.88138499345122
6,114,24.812574355161797
6,115,27.65445156305124
7,1,18.3784865559745
7,2,15.46733993563471
7,3,12.06631567068023
7,4,9.708943228673087
7,5,6.018387522685587
7,6,3.8310162351104298
7,8,3.8322465713766056
7,9,6.597906996253311
7,10,9.152332847553085
7,11,10.599608320259714
7,12,14.266496776227713
7,13,16.424617289327212
7,14,20.203545370277837
7,15,22.429869515346383
7,16,23.22602131048566
7,17,20.09456835231585
7,18,17.44060968427817
7,19,14.148800610981644
7,20,11.381874569848218
7,21,9.010081981920438
7,22,6.426652833771471
7,23,6.75793072691835
7,24,8.223716886550429
7,25,11.063457711165027
7,26,12.534043001754396
7,27,16.17113424721744
7,28,18.568632844928782
7,29,20.366858097408848
7,30,21.338346781144843
7,31,22.242137979919775
7,32,21.35423073266029
7,33,19.748190913316055
7,34,16.395799994855942
7,35,16.75204256227714
7,36,14.898258157101296
7,37,16.33314983043457
7,38,16.6156602139862
7,39,17.417292641509118
7,40,18.344780366392058
7,41,21.80917728552547
7,42,24.8631515106242
7,43,24.796749655214494
7,44,21.277793518967677
7,45,21.27573450027168
7,46,20.59248471117463
7,47,18.535355137492513
7,48,18.421642604539702
7,49,20.115372818547577
7,50,20.44822254706299
7,51,23.935255984137346
7,52,25.763582582059563
7,53,25.768662455163913
7,54,26.15312193868061
7,55,23.082894426975912
7,56,24.507712380740198
7,57,21.92349410878314
7,58,18.99244649529923
7,59,18.473552161016634
7,60,16.190422439447495
7,61,14.502796889604214
7,62,15.985080806978845
7,63,19.166024613986337
7,64,18.676024941537126
7,65,22.323005824915388
7,66,21.790221930201376
7,67,22.284734880944704
7,68,19.86304371906006
7,69,16.957482919395208
7,70,13.610929317035012
7,71,11.550652251366092
7,72,11.72563559070009
7,73,10.213833102355654
7,74,13.011991033947055
7,75,14.775526182487672
7,76,17.064656764684496
7,77,19.992478380275088
7,78,22.365526714167768
7,79,20.38852387811868
7,80,22.785073945005884
7,81,22.521603749184383
7,82,23.021732782422095
7,83,19.57086391522876
7,84,18.019655659919323
7,85,16.454764822273823
7,86,13.67370117529754
7,87,12.314773058689843
7,88,11.641137550403652
7,89,10.935046154985852
7,90,13.941910755250081
7,91,15.643713466930318
7,92,19.422974360139893
7,93,22.259822291970256
7,94,25.891205065702863
7,95,28.093617444606615
7,96,30.89229324290926
7,97,31.939800908667763
7,98,28.940648483175696
7,99,25.34693616538678
7,100,23.878465818049207
7,101,20.35009003913339
7,102,19.007895235607155
7,103,15.51747041549628
7,104,13.14103532887871
7,105,9.47360115730565
7,106,9.207401266708336
7,107,9.203067397373466
7,108,8.32781954916906
7,109,11.462812960048835
7,110,13.162100220309044
7,111,16.055559831011536
7,112,18.771378716406073
7,113,21.400911434332862
7,114,24.653318824989253
7,115,27.320976587388024
8,1,21.57117889034474
8,2,18.574226413533708
8,3,15.059636160959858
8,4,12.228620110910759
8,5,8.928841238505072
8,6,5.548606673096237
8,7,3.8322465713766056
8,9,3.7926051242570913
8,10,5.4086351985984145
8,11,6.897952907843055
8,12,10.614579212499853
8,13,13.091690942328203
8,14,16.87087993642635
8,15,19.17362040410977
8,16,20.364048237738395
8,17,17.431003359473767
8,18,15.187291651472393
8,19,11.752657676292804
8,20,9.80588997898774
8,21,7.697489833105986
8,22,6.767711338200353
8,23,8.509445699833138
8,24,11.106189934215482
8,25,14.115467972349524
8,26,16.055510412542002
8,27,19.53662469080308
8,28,21.630914912173797
8,29,23.37193670946995
8,30,24.03312427203767
8,31,24.710084816501723
8,32,23.330960800805784
8,33,21.28012325822448
8,34,17.6512869150384
8,35,17.19741755601099
8,36,14.599443506739819
8,37,15.391688183418434
8,38,14.84510574741551
8,39,15.695322772390067
8,40,17.26976320447985
8,41,20.929888758862173
8,42,23.978035389653577
8,43,23.424156255482536
8,44,19.959450741001103
8,45,19.805957423423703
8,46,19.63539918505681
8,47,17.417960524471994
8,48,18.01966428685166
8,49,20.338919503795648
8,50,21.17453894682009
8,51,24.750042681158174
8,52,26.067170821407455
8,53,25.512118387436892
8,54,25.485976005830057
8,55,22.203808426714545
8,56,23.434476800730693
8,57,20.462797058524124
8,58,18.029722527388916
8,59,18.05970790715253
8,60,16.501034966159356
8,61,15.066529238349561
8,62,17.32900428101973
8,63,20.651887660694676
8,64,20.30173028916295
8,65,24.084755748454697
8,66,24.023741278132814
8,67,24.869994131416444
8,68,22.773001867325284
8,69,19.564949915978268
8,70,16.435345301302572
8,71,13.84895239830758
8,72,13.257716983468002
8,73,10.907085335531796
8,74,12.723275767379409
8,75,13.655032713337366
8,76,15.29532067450268
8,77,18.020574032839086
8,78,19.906861537202822
8,79,17.55069606732729
8,80,19.64795149000851
8,81,19.101644414544644
8,82,19.877465292848584
8,83,16.624945566004275
8,84,14.736926092699346
8,85,13.462625203056596
8,86,11.151938532282063
8,87,10.520345384174638
8,88,11.002495933432549
8,89,11.405752881915312
8,90,14.84482173052353
8,91,17.276172505734063
8,92,20.90175124171195
8,93,24.097801934867764
8,94,27.644687531923278
8,95,29.64285511502636
8,96,32.129540565061575
8,97,32.89695609908553
8,98,29.862997552433605
8,99,26.464840758058703
8,100,25.039077819615578
8,101,21.450507585203134
8,102,20.699660746677168
8,103,17.1797371561696
8,104,14.166810131634726
8,105,10.49286948561088
8,106,9.368053536101012
8,107,8.079272328860872
8,108,5.842031655105524
8,109,8.211565729063043
8,110,9.726289794694303
8,111,12.345714409234683
8,112,15.140290940768846
8,113,17.719809745089428
8,114,21.036880998893885
8,115,23.819775866724857
9,1,22.389722939302548
9,2,19.664654961405052
9,3,15.950700237599886
9,4,13.222599570081453
9,5,10.329906856076507
9,6,7.247116729154476
9,7,6.597906996253311
9,8,3.7926051242570913
9,10,3.8110851182845638
9,11,7.153265031101967
9,12,10.679580529946815
9,13,13.806786924747746
9,14,17.41590253682508
9,15,19.58705804266552
9,16,21.36544221882487
9,17,18.897022330196457
9,18,17.03926608722137
9,19,13.436904667021503
9,20,12.338561676918353
9,21,9.923828527038118
9,22,9.855058892053693
9,23,11.036056444442004
9,24,13.708556090480391
9,25,16.16875088250908
9,26,18.03705582115203
9,27,21.44187247630867
9,28,23.60808805469375
9,29,24.84570126702955
9,30,25.210483361168098
9,31,26.170715347649683
9,32,24.619389223087214
9,33,22.667944167890553
9,34,18.986838463065727
9,35,18.026676335445995
9,36,15.191531983697352
9,37,15.07111338816108
9,38,13.910952966077657
9,39,13.934390169483288
9,40,15.41428656702942
9,41,18.977825690114773
9,42,22.267807946278815
9,43,21.76412174528008
9,44,18.606291948969155
9,45,19.005495228292084
9,46,19.516852211638756
9,47,17.819678936777972
9,48,19.048450734946154
9,49,21.468183737730012
9,50,22.8689678839137
9,51,26.247020514084433
9,52,27.235274168396778
9,53,26.45972195564974
9,54,26.54422351156023
9,55,23.408768643751287
9,56,24.922375944528874
9,57,21.897278697433496
9,58,19.804267217728036
9,59,20.45700255365508
9,60,19.222804140638914
9,61,18.27366419855837
9,62,20.607287417634446
9,63,23.746875310415554
9,64,23.023190147459626
9,65,26.800515891493173
9,66,26.967632015409418
9,67,27.569412297569542
9,68,25.612079152130978
9,69,22.49118151612258
9,70,19.181147011866067
9,71,16.88794800903559
9,72,15.826855628089742
9,73,13.742787988232344
9,74,15.154571906834017
9,75,15.97071952705971
9,76,16.88229243701873
9,77,19.668231701931738
9,78,21.111282696565844
9,79,18.23998235003612
9,80,19.665818693449
9,81,18.40695543027436
9,82,19.044682755549516
9,83,16.18021354622388
9,84,13.61832088536743
9,85,11.791760482741324
9,86,9.323335186894811
9,87,9.874187873994147
9,88,10.557382761384895
9,89,12.058129083190623
9,90,15.184849018603291
9,91,18.035964251467224
9,92,21.46458472077177
9,93,24.731245396224768
9,94,28.298466196369276
9,95,29.86046833374768
9,96,32.06765273929971
9,97,32.79315716917787
9,98,30.006931057068186
9,99,26.784937412042527
9,100,24.977573344790706
9,101,21.264117539158047
9,102,20.706933336268992
9,103,17.060912271295205
9,104,13.786826126045522
9,105,10.266213286091542
9,106,7.889289985168146
9,107,6.600109484436822
9,108,4.781794897246935
9,109,6.219960407461407
9,110,8.928044188511768
9,111,11.228914097727735
9,112,14.615613127296442
9,113,17.265946569112955
9,114,20.59203310910112
9,115,23.74821467230081
10,1,25.680202617258036
10,2,22.725918895514106
10,3,19.12422125519
10,4,16.04180533688152
10,5,13.324478772104001
10,6,9.766767008419679
10,7,9.152332847553085
10,8,5.4086351985984145
10,9,3.8110851182845638
10,11,3.803813709068049
10,12,7.022092261624352
10,13,10.292509428012936
10,14,13.776220986810099
10,15,15.97612399548602
10,16,18.01332416393144
10,17,15.766008086435228
10,18,14.39754677303871
10,19,10.981018194063157
10,20,10.857700182192424
10,21,9.273582615817368
10,22,10.45429494257464
10,23,12.616752970651012
10,24,15.816079072741877
10,25,18.64557054592274
10,26,20.91192198474388
10,27,24.200385446627102
10,28,26.025776677779096
10,29,27.495929295340474
10,30,27.73547148950695
10,31,28.28991790717272
10,32,26.385684920033786
10,33,23.99262221523882
10,34,20.208631134907243
10,35,18.755651731943054
10,36,15.446240435236504
10,37,15.03108628997011
10,38,13.181359022374908
10,39,13.69427782231579
10,40,16.006453003035528
10,41,19.67411663332329
10,42,22.67045708322854
10,43,21.52791733302557
10,44,18.399271502623225
10,45,18.28397237378399
10,46,19.06475729898432
10,47,17.017054787881644
10,48,18.70781500769996
10,49,21.636584559465728
10,50,23.222695181354098
10,51,26.68447525096868
10,52,27.27193163193172
10,53,26.014006024538375
10,54,25.58003828116356
10,55,22.242263052203736
10,56,23.357067911086563
10,57,20.02742535458975
10,58,18.474424995661614
10,59,19.442292633285422
10,60,18.876219542216855
10,61,18.0451703037732
10,62,20.924815054462947
10,63,24.15735359252734
10,64,23.74751204022533
10,65,27.56328591988929
10,66,28.065631744647053
10,67,29.10664943570209
10,68,27.403747921776493
10,69,24.010636941341325
10,70,21.033494858487515
10,71,18.242053096427817
10,72,16.84197468747725
10,73,14.12092283641874
10,74,14.646305173132875
10,75,14.565461261278877
10,76,14.8857728311511
10,77,17.236991940854427
10,78,18.17558851004234
10,79,15.104188552328734
10,80,16.311737801914663
10,81,14.958036454681755
10,82,16.029641689490486
10,83,13.376528450701596
10,84,10.653810541686559
10,85,9.653519014929254
10,86,8.340286208418824
10,87,9.483325064691037
10,88,11.46932123511678
10,89,13.403359443820577
10,90,16.828914329814285
10,91,19.983953222875304
10,92,23.242595921116937
10,93,26.73921369126326
10,94,30.131665914051037
10,95,31.709075094872688
10,96,33.70582034113541
10,97,34.13282020487769
10,98,31.213744875270553
10,99,28.173757894918584
10,100,26.685823388309554
10,101,23.10334046909918
10,102,23.065325875457052
10,103,19.619903347984927
10,104,16.082458937896845
10,105,12.831058264503492
10,106,10.738414459332736
10,107,8.258403960152336
10,108,4.993220347286513
10,109,4.257231178727882
10,110,5.83357942215576
10,111,7.589620433822736
10,112,10.881084429106318
10,113,13.45486561625007
10,114,16.803337696013227
10,115,19.95696991050097
11,1,27.8492713300475
11,2,24.637184336663996
11,3,21.232898844254233
11,4,17.937945025337438
11,5,15.214067409784839
11,6,11.447672010599677
11,7,10.599608320259714
11,8,6.897952907843055
11,9,7.153265031101967
11,10,3.803813709068049
11,12,3.8110744823068146
11,13,6.663860276318518
11,14,10.31456013558086
11,15,12.746476306037549
11,16,14.577477543232881
11,17,12.127512716204643
11,18,11.022478098897505
11,19,7.982561487598592
11,20,8.480105173740286
11,21,8.240383850307811
11,22,10.111614540749581
11,23,13.155002549407822
11,24,16.53327191816859
11,25,19.777919403643736
11,26,22.293582652729498
11,27,25.48881636520872
11,28,27.01624420460352
11,29,28.897498305710194
11,30,29.20864219483526
11,31,29.322350020726663
11,32,27.28291265301321
11,33,24.543986103864086
11,34,20.781043024674368
11,35,19.281794794086572
11,36,15.846768931036122
11,37,15.78814221943495
11,38,13.913613463228431
11,39,15.290843175544815
11,40,18.099349631565197
11,41,21.825240501311004
11,42,24.446352439826153
11,43,22.86016960856692
11,44,19.611826805501632
11,45,18.76061552734833
11,46,19.27331445747087
11,47,16.643879886566296
11,48,18.26690138159731
11,49,21.489301851427587
11,50,22.851254578623884
11,51,26.44941866100084
11,52,26.91239253657204
11,53,25.41652771917929
11,54,24.474336820838126
11,55,20.896645211252583
11,56,21.42919169407931
11,57,17.871263884202182
11,58,16.62973563831067
11,59,17.459903400641895
11,60,17.34635193389107
11,61,16.349577332715292
11,62,19.62090335870269
11,63,22.971119309869167
11,64,23.061843308485017
11,65,26.845785432924608
11,66,27.482091344057125
11,67,29.000074465393343
11,68,27.442689206118054
11,69,23.853892820505248
11,70,21.306656005760388
11,71,18.062325375148564
11,72,16.684086808917062
11,73,13.397727121085856
11,74,13.281170373880467
11,75,12.327191167994835
11,76,12.533073998370824
11,77,14.322868665049032
11,78,15.058212727190702
11,79,12.192877774494864
11,80,13.773727765110381
11,81,12.99358906431662
11,82,14.620469613031156
11,83,11.908376899401748
11,84,9.774157019523082
11,85,10.109647279337288
11,86,9.871596076793628
11,87,10.483511238723102
11,88,13.063493242393152
11,89,14.617378534006713
11,90,18.304110235873207
11,91,21.380856557837504
11,92,24.58784290296561
11,93,28.167111655844
11,94,31.400917065056458
11,95,33.22996860113713
11,96,35.23430562168809
11,97,35.47550397899983
11,98,32.33157471801222
11,99,29.339366612128337
11,100,28.303655470323278
11,101,24.906121686334195
11,102,25.092281267822816
11,103,21.856893470998024
11,104,18.32914790459235
11,105,15.182694864106022
11,106,13.76886365376573
11,107,10.869719362396555
11,108,7.106001434714739
11,109,6.118892953354978
11,110,5.00831687015305
11,111,6.183471420257042
11,112,8.456934681503931
11,113,10.824504578094382
11,114,14.193759630215757
11,115,17.001067295448184
12,1,31.623338465035083
12,2,28.364057513321658
12,3,25.00475856154451
12,4,21.65192647560806
12,5,18.99110926684026
12,6,15.21284085069245
12,7,14.266496776227713
12,8,10.614579212499853
12,9,10.679580529946815
12,10,7.022092261624352
12,11,3.8110744823068146
12,13,3.807672016302865
12,14,6.992570375665068
12,15,9.831975970336046
12,16,12.165523855620915
12,17,10.135052587674995
12,18,10.26075289558787
12,19,8.275318428762409
12,20,10.076818716063341
12,21,10.93949755892868
12,22,13.271977075658276
12,23,16.57479685660662
12,24,19.996209265757102
12,25,23.338382189775523
12,26,25.934905865244215
12,27,29.07659750129814
12,28,30.451627323603656
12,29,32.44164962465109
12,30,32.69918942314287
12,31,32.605835871448775
12,32,30.398123792239133
12,33,27.44533252551418
12,34,23.723939338997695
12,35,21.95739307976098
12,36,18.375173436744625
12,37,18.05544952387486
12,38,15.739943581415673
12,39,17.272338579294157
12,40,20.460579840771004
12,41,24.076363671952876
12,42,26.444998194404352
12,43,24.41639756140634
12,44,21.394626661895845
12,45,20.214439221306815
12,46,20.9942015906871
12,47,18.2352280587047
12,48,20.17404432043244
12,49,23.661897828035162
12,50,25.107066341296083
12,51,28.664067739573635
12,52,28.786186068431398
12,53,26.903057918097797
12,54,25.474011935904045
12,55,21.826288790583362
12,56,21.834652199799393
12,57,18.075226255386543
12,58,17.575675190056295
12,59,18.612255387006716
12,60,19.155844159987005
12,61,18.21933449045614
12,62,21.768186619552846
12,63,25.09951697529838
12,64,25.506732924278435
12,65,29.206132254224006
12,66,30.032074165760754
12,67,31.852553320929957
12,68,30.446562095528872
12,69,26.769844188484495
12,70,24.500381802950727
12,71,21.062951178545692
12,72,19.620156104607375
12,73,16.11015673655286
12,74,15.32567062483242
12,75,13.479172688167084
12,76,12.98645725877908
12,77,13.827003377919453
12,78,13.63352444261085
12,79,10.684130623962522
12,80,11.788302788478983
12,81,10.921485035455552
12,82,13.39949878447033
12,83,11.39504192457405
12,84,9.368676325252402
12,85,10.972061813736975
12,86,11.960296055429529
12,87,13.02806205353567
12,88,16.10781415367187
12,89,17.858370738867944
12,90,21.522195648683972
12,91,24.692174517758524
12,92,27.736655361782116
12,93,31.390672822876247
12,94,34.483179875913194
12,95,36.27650342529514
12,96,38.10481090094239
12,97,38.138778466778334
12,98,34.96401740799003
12,99,32.153989274325376
12,100,31.306590301944524
12,101,28.02800382968819
12,102,28.49261227377778
12,103,25.37190803900076
12,104,21.770931026465696
12,105,18.794101161249063
12,106,17.32652438771366
12,107,14.234511880578253
12,108,10.496615604499558
12,109,8.531116696935246
12,110,6.154299683127634
12,111,4.974105387332747
12,112,5.771036540582523
12,113,7.283463926697518
12,114,10.827460087028598
12,115,13.470834008219962
13,1,33.40588827011391
13,2,29.949576681650903
13,3,26.835410717287598
13,4,23.33109351743915
13,5,20.89926406784283
13,6,17.135075487721913
13,7,16.424617289327212
13,8,13.091690942328203
13,9,13.806786924747746
13,10,10.292509428012936
13,11,6.663860276318518
13,12,3.807672016302865
13,14,3.786058403534324
13,15,6.66282783157192
13,16,8.517387622014748
13,17,6.407950948206146
13,18,7.259362251920661
13,19,6.558673339066869
13,20,9.291433700240333
13,21,11.274976232741126
13,22,14.023254530439708
13,23,17.57158788985397
13,24,21.01760508767807
13,25,24.472445299334932
13,26,27.30960188194658
13,27,30.21468085250695
13,28,31.207527301727982
13,29,33.45291951413746
13,30,33.67804868508487
13,31,33.160282486114575
13,32,30.797745763295964
13,33,27.582168462650877
13,34,24.010372602572712
13,35,22.184438326570124
13,36,18.671384521759453
13,37,18.627004343361342
13,38,16.485073720653492
13,39,18.663690243472335
13,40,22.079683308064112
13,41,25.638350118848383
13,42,27.594946352897804
13,43,25.251989036419257
13,44,22.205744376574753
13,45,20.40251742158352
13,46,20.8745560954576
13,47,17.761553036556847
13,48,19.56770939177002
13,49,23.175144104488353
13,50,24.437928125860445
13,51,27.95980469683038
13,52,27.88629691450674
13,53,25.790843161601558
13,54,23.90314616823276
13,55,20.185500857893896
13,56,19.60070050375615
13,57,15.78169523065016
13,58,15.78286912991035
13,59,16.78094850045517
13,60,17.919848155842082
13,61,17.125654830121874
13,62,20.873090033166797
13,63,24.059902523815644
13,64,24.815649877827283
13,65,28.347503188241372
13,66,29.411200785553124
13,67,31.608309622748667
13,68,30.492107414594017
13,69,26.72519830196984
13,70,24.92679780259403
13,71,21.275231344397014
13,72,19.733912957927643
13,73,16.05495234720925
13,74,14.550461843751053
13,75,11.903304454690106
13,76,11.018471669549907
13,77,10.95559022917081
13,78,10.341199045850406
13,79,7.8597577336605555
13,80,9.445670790278264
13,81,9.686757213414538
13,82,12.439074294805225
13,83,10.54215293567149
13,84,9.746396240061317
13,85,12.25588625600159
13,86,13.791278721284355
13,87,14.274934157336396
13,88,17.533782145991662
13,89,18.957099454144622
13,90,22.61861796232198
13,91,25.664690327845637
13,92,28.52242425773473
13,93,32.19057564712941
13,94,35.05283577959915
13,95,37.00877597107204
13,96,38.77814971292379
13,97,38.61289635118487
13,98,35.285048473816246
13,99,32.60339563024657
13,100,32.192397965839156
13,101,29.162978999296268
13,102,29.883655018004095
13,103,27.0405053105874
13,104,23.50734142842635
13,105,20.76990153229898
13,106,19.85273537291898
13,107,16.520426328179653
13,108,12.791092500493406
13,109,11.113035796962656
13,110,7.830478601873837
13,111,6.685522313392013
13,112,5.2372041884732345
13,113,6.256883214901194
13,114,9.077326405504042
13,115,11.0515380500573
14,1,36.996539816732536
14,2,33.49026577025224
14,3,30.446247097645347
14,4,26.878949573233164
14,5,24.58280461375032
14,6,20.82220119864014
14,7,20.203545370277837
14,8,16.87087993642635
14,9,17.41590253682508
14,10,13.776220986810099
14,11,10.31456013558086
14,12,6.992570375665068
14,13,3.786058403534324
14,15,3.789988776391462
14,16,6.220553850436348
14,17,5.57319918065396
14,18,8.220988333260742
14,19,8.984086564337813
14,20,12.2335615860989
14,21,14.551004783312413
14,22,17.497663194980937
14,23,21.042351749679298
14,24,24.50588075318098
14,25,27.945139769524342
14,26,30.884997301688937
14,27,33.675350770555255
14,28,34.471383381428176
14,29,36.76226971523724
14,30,36.889790213644545
14,31,36.16179474037537
14,32,33.63206835621706
14,33,30.257768565826282
14,34,26.7986083492527
14,35,24.751045436890532
14,36,21.23240184035302
14,37,20.97435497500444
14,38,18.61942146846956
14,39,20.885602635153198
14,40,24.494650856762583
14,41,27.8773130038278
14,42,29.521725542612998
14,43,26.82887031933507
14,44,24.05344707777288
14,45,21.969888486293407
14,46,22.616013168962485
14,47,19.534730137980066
14,48,21.539383682148753
14,49,25.24842979960727
14,50,26.58651613158146
14,51,29.952656857802577
14,52,29.51998718745361
14,53,27.08949149016322
14,54,24.77368701782695
14,55,21.163957383063515
14,56,20.0714713638767
14,57,16.304440947898236
14,58,17.13122852916
14,59,18.353735054429233
14,60,20.094956174253227
14,61,19.542058719615873
14,62,23.353784929985146
14,63,26.34763488646012
14,64,27.28606176783481
14,65,30.647393782732845
14,66,31.94190377803028
14,67,34.35904037783477
14,68,33.46658779333059
14,69,29.67319382041291
14,70,28.137528998378972
14,71,24.426147631581074
14,72,22.7677977454906
14,73,19.101033047924105
14,74,17.111666848153508
14,75,13.982860288859397
14,76,12.423750243597969
14,77,11.272377129797345
14,78,9.416548123241107
14,79,7.373926117717912
14,80,8.095127290044966
14,81,8.7100932734431
14,82,12.041394707417531
14,83,11.152819250615035
14,84,10.940917139928656
14,85,14.161296934259054
14,86,16.398305559597976
14,87,17.08556202136899
14,88,20.560944362507655
14,89,22.107932957387202
14,90,25.65940155129951
14,91,28.74870645739833
14,92,31.395437503828354
14,93,35.093772434427954
14,94,37.77291847595909
14,95,39.66970872455866
14,96,41.24086456454669
14,97,40.86055563066041
14,98,37.533860676174356
14,99,35.07467868210646
14,100,34.8699563013702
14,101,32.00652251121711
14,102,33.00218500589201
14,103,30.3144304333654
14,104,26.752012046011966
14,105,24.21185325424144
14,106,23.310382045980713
14,107,19.844968370461622
14,108,16.208353543796367
14,109,14.149494155216146
14,110,10.633928685990817
14,111,8.616889775181217
14,112,5.52002139986749
14,113,4.602336049206392
14,114,6.280503278344491
14,115,7.457726134752058
15,1,38.21900992005454
15,2,34.6289777416114
15,3,31.7597272433025
15,4,28.059180642185897
15,5,26.187909222287505
15,6,22.47929595477973
15,7,22.429869515346383
15,8,19.17362040410977
15,9,19.58705804266552
15,10,15.97612399548602
15,11,12.746476306037549
15,12,9.831975970336046
15,13,6.66282783157192
15,14,3.789988776391462
15,16,3.7901618742667376
15,17,5.532240084250227
15,18,8.376155496751844
15,19,9.704175593392284
15,20,13.410604127818386
15,21,15.63520905037771
15,22,18.99268344402435
15,23,22.317818090307632
15,24,25.88910181730617
15,25,29.141627385421483
15,26,32.34439217467314
15,27,34.84393752872907
15,28,35.27202076641112
15,29,37.481316670195106
15,30,37.360061937438736
15,31,36.357360411277995
15,32,33.554807420189015
15,33,30.0151267842855
15,34,26.7273134246346
15,35,24.352268182043787
15,36,20.889305989047205
15,37,20.40145181942383
15,38,17.998806619141504
15,39,20.499068174796378
15,40,24.228328416078813
15,41,27.364832041197772
15,42,28.55213154446053
15,43,25.55382918771247
15,44,23.019863469915478
15,45,20.579040066369124
15,46,21.29390171002989
15,47,18.333879092560938
15,48,20.557636318036806
15,49,24.314004767952152
15,50,25.863644685768318
15,51,28.96369804211828
15,52,28.08787036869045
15,53,25.326959876111385
15,54,22.7120149360516
15,55,19.31423353388685
15,56,17.997622379965026
15,57,14.393404262459509
15,58,15.9943791337417
15,59,17.748749411713774
15,60,20.088935722484155
15,61,20.192672210680392
15,62,23.995075965989734
15,63,26.60281311899214
15,64,27.3904518657936
15,65,30.563102011117792
15,66,32.2745309703032
15,67,34.77117469824243
15,68,34.287883571234104
15,69,30.475655725106986
15,70,29.17358741322639
15,71,25.509360713330032
15,72,23.43152318164443
15,73,19.958430295901465
