1,2,3.8003984181892094
1,3,6.395862367800593
1,4,8.982909761123404
1,5,7.83374664830477
1,6,6.971841378062754
1,7,10.37369326975511
1,8,11.842311789277215
1,9,11.545827896805715
1,10,12.782879124263681
1,11,15.551711449360102
1,12,16.442322627706954
1,13,16.988093585055953
1,14,18.711149324731867
1,15,20.767730109554016
1,16,21.98957099981635
1,17,22.969332039134645
1,18,24.774610914748752
1,19,26.560686183391645
1,20,27.898229732343403
1,21,28.89625408183375
1,22,30.294531057402192
1,23,32.4974799374288
1,24,33.759298525539364
1,25,34.46294467531537
1,26,36.02763671675763
1,27,38.46464803140663
1,28,39.21127029963502
1,29,39.9605864471119
1,30,41.9254992834188
1,31,44.28033466775537
1,32,47.43810733312039
1,33,47.57184474168236
1,34,50.32581331562489
1,35,49.23313393544979
1,36,45.510814322165594
1,37,43.81127771410346
1,38,40.35475620794579
1,39,41.672967921359096
1,40,40.31577620437015
1,41,36.78367930665645
1,42,36.03658675019027
1,43,37.10148827768968
1,44,35.5275940024837
1,45,32.183927549367056
1,46,33.195159519013615
1,47,34.083562275349784
1,48,30.690473324377553
1,49,29.046540511984094
1,50,31.6993525363589
1,51,31.015537949726273
1,52,27.225038159288676
1,53,27.803941740633782
1,54,30.96183099875892
1,55,32.650756108693095
1,56,35.983576723248824
1,57,38.126601067431274
1,58,40.10050348128256
1,59,41.220105134629165
1,60,39.87834335266281
1,61,39.40897312600549
1,62,40.07676326855839
1,63,43.34555912848461
1,64,42.773659177312304
1,65,41.21852214103482
1,66,38.6198089776578
1,67,37.80293983531822
1,68,37.343611536253434
1,69,35.06110666157069
1,70,32.903369703664005
1,71,33.051389509311655
1,72,31.85836293034175
1,73,28.838643651616028
1,74,27.98738567458382
1,75,28.621274085924437
1,76,26.388064958320836
1,77,23.554899363312625
1,78,23.842693462861686
1,79,24.286485833764203
1,80,21.343477394529735
1,81,18.86689553000222
1,82,20.18616862690306
1,83,20.180673708291636
1,84,16.53116088208979
1,85,15.83357496564882
1,86,18.16127435149663
1,87,16.438236990766363
1,88,12.992172230603838
1,89,15.059262153374101
1,90,16.826996450304847
1,91,13.915195204327851
1,92,12.871847347380314
1,93,16.580092645007927
1,94,17.157376568676742
1,95,14.634260457439725
1,96,16.256799602756104
1,97,19.628985476619576
1,98,19.04682912044485
1,99,18.517750691073523
1,100,21.398935679885103
1,101,23.8127828208848
1,102,22.929650865970157
1,103,21.941102069800408
2,1,3.8003984181892094
2,3,3.796246166557845
2,4,5.79226566204659
2,5,5.7119383021628956
2,6,6.238334739351432
2,7,8.815077810895499
2,8,10.08516440827014
2,9,11.004636938311457
2,10,12.40815697041227
2,11,14.398209535261532
2,12,15.660659367638845
2,13,16.96835032884301
2,14,18.32136770898848
2,15,19.919036306090167
2,16,21.66141964638819
2,17,22.91376418671158
2,18,24.19504219419558
2,19,25.9350782446038
2,20,27.755627568901218
2,21,28.73856613293363
2,22,29.67804416974071
2,23,32.02571359519617
2,24,33.61272701356464
2,25,34.08113843883367
2,26,35.34258605753893
2,27,38.02177419200894
2,28,38.906860219491165
2,29,39.327271286238314
2,30,41.150910234983854
2,31,43.75066447130477
2,32,46.849909656106014
2,33,46.684402864313334
2,34,49.363128545568046
2,35,48.12543739722828
2,36,44.47453724258639
2,37,42.82837581199972
2,38,39.49028152258885
2,39,41.127756475846034
2,40,39.97434242443068
2,41,36.59696061112834
2,42,35.771150058824915
2,43,36.45267910060754
2,44,34.8568816352613
2,45,31.61569290432636
2,46,32.335176397203405
2,47,32.9501515550976
2,48,29.631657331297575
2,49,27.859459212343843
2,50,30.16704419962915
2,51,29.36358461975241
2,52,25.561596459941008
2,53,25.883387848684592
2,54,28.829467644892848
2,55,30.594028221025248
2,56,33.89959734134384
2,57,36.269987512047166
2,58,38.265952504531896
2,59,39.686363499084
2,60,38.49690047410425
2,61,37.92936687427926
2,62,38.74663235795162
2,63,41.95985681163697
2,64,41.53966026556486
2,65,39.90049549704807
2,66,37.56795201872692
2,67,36.70344921558297
2,68,35.8879848733901
2,69,33.698058437135316
2,70,31.78627508569528
2,71,31.612237836220924
2,72,30.152717118033426
2,73,27.406732707689827
2,74,26.57787542553337
2,75,26.741000065777566
2,76,24.39006922427583
2,77,21.899405066000988
2,78,21.97449573886118
2,79,21.913809934853923
2,80,19.014507487638973
2,81,16.81948630778863
2,82,17.78896132637546
2,83,17.299852580021497
2,84,13.769861011168974
2,85,13.174450378620387
2,86,15.021359531104583
2,87,12.989459102149342
2,88,9.641994767043109
2,89,11.812537499909968
2,90,13.200442218918889
2,91,10.162425709184872
2,92,9.500858690374262
2,93,13.265128368940848
2,94,13.631150328385607
2,95,11.44457820967645
2,96,13.473795121290975
2,97,16.58665956349186
2,98,16.083138632656997
2,99,16.117750787270914
2,100,18.925281298379886
2,101,21.191853674008538
2,102,20.687201772881327
2,103,19.446915686535274
3,1,6.395862367800593
3,2,3.796246166557845
3,4,3.807622442420852
3,5,5.560542512744849
3,6,5.088091973634383
3,7,6.151914662339893
3,8,8.450626730795646
3,9,10.037931675707643
3,10,10.469638504488485
3,11,12.140713772406281
3,12,14.206241012550961
3,13,15.511402611613072
3,14,16.133333608817267
3,15,17.84648068297069
3,16,20.065999151675864
3,17,20.98606202341045
3,18,21.866445657617685
3,19,23.951305370080487
3,20,25.93893825575952
3,21,26.536829710704055
3,22,27.322703789931786
3,23,29.964779022392108
3,24,31.498190103384452
3,25,31.615000514335712
3,26,32.91029349917798
3,27,35.77956642740211
3,28,36.479695302665654
3,29,36.66857659406213
3,30,38.620240958975145
3,31,41.3443733955574
3,32,44.29536748054641
3,33,44.0561276278352
3,34,46.842140007051995
3,35,45.73756480632038
3,36,42.102839972631756
3,37,40.704444016557645
3,38,37.33674030198631
3,39,39.06027950179058
3,40,38.20596406367137
3,41,34.92757713802876
3,42,34.39486006398842
3,43,34.89277774066234
3,44,32.994056821826064
3,45,29.976262604418743
3,46,30.84996870564286
3,47,31.084259962310625
3,48,27.648353891923424
3,49,26.2116391570085
3,50,28.41112007968629
3,51,27.19428866392744
3,52,23.446832773943687
3,53,24.10622920963087
3,54,26.81054667739246
3,55,28.950865191363498
3,56,32.03547558041189
3,57,34.61103232068628
3,58,36.31496669091142
3,59,37.86590109728207
3,60,36.46578876550522
3,61,35.586315135652384
3,62,36.18532828942955
3,63,39.25036659696599
3,64,38.66312926564006
3,65,36.822453035719334
3,66,34.557976087357716
3,67,33.91555486849708
3,68,32.97096910013815
3,69,30.609757578857113
3,70,28.92565979485978
3,71,28.868573796944414
3,72,27.154522524564207
3,73,24.39995024531231
3,74,23.932626550095684
3,75,24.052803787096277
3,76,21.40734813936145
3,77,19.10766108105472
3,78,19.604297127003644
3,79,19.35740999155259
3,80,16.149113937777784
3,81,14.40495060696638
3,82,15.866011983619998
3,83,15.033102135954977
3,84,11.356527612068554
3,85,11.745255667243558
3,86,13.671331825661536
3,87,11.204136317042424
3,88,8.523517403153017
3,89,11.661540278952437
3,90,12.661051086278349
3,91,9.785382522217056
3,92,10.45629963972733
3,93,14.148829743096055
3,94,14.147833273401762
3,95,12.78305735630532
3,96,15.385537130237596
3,97,17.994293252647566
3,98,17.44705522959764
3,99,18.23008649671361
3,100,20.992422339165987
3,101,22.929547284980764
3,102,22.683217413768883
3,103,20.95289333657368
4,1,8.982909761123404
4,2,5.79226566204659
4,3,3.807622442420852
4,5,3.8077250668639735
4,6,5.462875769350379
4,7,5.253303744986509
4,8,6.054522312206146
4,9,8.767779066115805
4,10,9.856390787477313
4,11,10.430187165299754
4,12,12.316969567039381
4,13,14.464850820608195
4,14,15.074911432225715
4,15,16.017525534346348
4,16,18.45458333921384
4,17,19.89681445415916
4,18,20.40636822315721
4,19,22.1135009147588
4,20,24.49572238002108
4,21,25.359109012699804
4,22,25.700871876887344
4,23,28.229008747278122
4,24,30.155608261477838
4,25,30.294176167464702
4,26,31.186181220794914
4,27,34.13208638317664
4,28,35.145441309579546
4,29,35.16880031276633
4,30,36.82324522074985
4,31,39.68041730935625
4,32,42.676254456431145
4,33,42.188204332125416
4,34,44.78905408238138
4,35,43.44822526831716
4,36,39.88727116694926
4,37,38.373276575564184
4,38,35.16391653248219
4,39,37.13643411200778
4,40,36.30806698432816
4,41,33.1730619412313
4,42,32.402019341764486
4,43,32.60280384784633
4,44,30.871432494194124
4,45,27.87127824915433
4,46,28.37011828966314
4,47,28.539329137332004
4,48,25.283404258529153
4,49,23.567755652963474
4,50,25.49401531319581
4,51,24.41031923328741
4,52,20.661690899174094
4,53,20.93897948226666
4,54,23.593341819094803
4,55,25.607623937800767
4,56,28.754014747586247
4,57,31.376429324133152
4,58,33.21927827959597
4,59,34.91530778953765
4,60,33.754297841189924
4,61,32.995205537455426
4,62,33.88495803756732
4,63,37.007051683919364
4,64,36.72567310424079
4,65,35.04080494139196
4,66,32.99409958405936
4,67,32.06345106488776
4,68,30.907332613189467
4,69,28.853097984606062
4,70,27.190168653550412
4,71,26.689397352727582
4,72,25.003118596335742
4,73,22.560722715032668
4,74,21.760297022417124
4,75,21.483899394187006
4,76,19.054179547985992
4,77,16.91666300099874
4,78,16.8585253869626
4,79,16.362358453194236
4,80,13.487719478718276
4,81,11.636527922500814
4,82,12.507462487172626
4,83,11.610756257742098
4,84,8.084159087469788
4,85,8.1157568677681
4,86,9.879858453461544
4,87,7.642785394160413
4,88,4.782120183150679
4,89,8.138851041194691
4,90,9.404001372119414
4,91,7.250410919258377
4,92,8.136441084598086
4,93,11.626392093889432
4,94,12.142938268228544
4,95,11.626205658129946
4,96,13.961317691623545
4,97,16.32751851110117
4,98,16.473761828711737
4,99,17.63736946400432
4,100,19.863287919941374
4,101,21.950754851067433
4,102,22.337866932044648
4,103,20.775647389989533
5,1,7.83374664830477
5,2,5.7119383021628956
5,3,5.560542512744849
5,4,3.8077250668639735
5,6,3.8141440713123216
5,7,5.463997851679355
5,8,4.801019716466425
5,9,6.234098985011494
5,10,8.532281777892146
5,11,9.671111503643543
5,12,10.45497625327837
5,13,12.487202863572321
5,14,14.007233190404168
5,15,14.918774908182133
5,16,16.687261911489973
5,17,18.462185213306
5,18,19.543813458313696
5,19,20.86533031646007
5,20,22.95231925907984
5,21,24.262588134425442
5,22,24.883796813115936
5,23,27.036212029150466
5,24,28.95342265297596
5,25,29.560524036791453
5,26,30.48649692152225
5,27,33.14192697626196
5,28,34.346449493912026
5,29,34.73846158786536
5,30,36.274397712953935
5,31,38.907374935530875
5,32,42.09896507602566
5,33,41.80021894251129
5,34,44.30563911292018
5,35,42.88499012093949
5,36,39.26833666654866
5,37,37.47069339697745
5,38,34.22950787906066
5,39,35.99254936328388
5,40,34.800055488795294
5,41,31.517585092597237
5,42,30.503395573792872
5,43,31.007741979372852
5,44,29.553641524835694
5,45,26.28874115590005
5,46,26.787910859203873
5,47,27.44064790389085
5,48,24.240221158768176
5,49,22.273029047740476
5,50,24.544165651989143
5,51,23.931865718336024
5,52,20.123823380400605
5,53,20.30621731752517
5,54,23.393305131602315
5,55,25.020081284034234
5,56,28.381755413063
5,57,30.638709826831434
5,58,32.70655377931187
5,59,34.06221853268901
5,60,32.97904260271569
5,61,32.58870280688979
5,62,33.62596002448744
5,63,36.95465292905907
5,64,36.805208406042354
5,65,35.446778348576984
5,66,33.18876832493738
5,67,31.96687628252147
5,68,31.16458495696416
5,69,29.309143992402618
5,70,27.205061901091675
5,71,26.714934667359184
5,72,25.54495932412362
5,73,22.95028206054961
5,74,21.64733948301286
5,75,21.763399630063955
5,76,19.835748720993383
5,77,17.16847464738813
5,78,16.758024154263342
5,79,17.003906945864188
5,80,14.511831230459041
5,81,11.77454218622674
5,82,12.508849468170204
5,83,12.731044443312092
5,84,9.30839274911694
5,85,8.037412822608244
5,86,10.664242715908026
5,87,9.706836889091381
5,88,6.197496463526704
5,89,8.49472954873839
5,90,11.032834778548224
5,91,9.469071027474259
5,92,8.851188418100799
5,93,12.396004212441309
5,94,13.874889360024481
5,95,12.982067491384257
5,96,14.450370082131588
5,97,17.34752152417875
5,98,17.96878592482912
5,99,18.483264667232326
5,100,20.463251093901476
5,101,23.071503148525288
5,102,23.45442826040513
5,103,22.445141036808256
6,1,6.971841378062754
6,2,6.238334739351432
6,3,5.088091973634383
6,4,5.462875769350379
6,5,3.8141440713123216
6,7,3.805297514626929
6,8,5.3131027790818415
6,9,5.288096872065693
6,10,6.191292579674582
6,11,8.594271653625984
6,12,9.887570827417415
6,13,10.824087981814996
6,14,12.135533573777522
6,15,13.960662449535576
6,16,15.613239541445452
6,17,16.685801571041765
6,18,18.087136665874482
6,19,19.910303338685463
6,20,21.589574049879232
6,21,22.524060258564862
6,22,23.597430932830378
6,23,25.928884058036864
6,24,27.404133484420516
6,25,27.937788053225862
6,26,29.301365124287063
6,27,31.894324465935004
6,28,32.741604518055716
6,29,33.29582672050625
6,30,35.16081416881065
6,31,37.653323842373226
6,32,40.784390074135
6,33,40.76279273705223
6,34,43.48628760097419
6,35,42.366157079930495
6,36,38.66176131063619
6,37,37.04675903753901
6,38,33.60737622943919
6,39,35.088661165005185
6,40,33.948319974664805
6,41,30.539423164950186
6,42,29.917502306663547
6,43,30.710197309629628
6,44,28.950262510394882
6,45,25.74868176356582
6,46,26.78499331711696
6,47,27.38642821838366
6,48,23.92897523258159
6,49,22.460414463383078
6,50,25.070753959360623
6,51,24.166975710009293
6,52,20.395665877838198
6,53,21.260340617411817
6,54,24.358193611288794
6,55,26.27752725528593
6,56,29.455135320736712
6,57,31.663497723391018
6,58,33.423292584490135
6,59,34.571831831913194
6,60,33.094023593444575
6,61,32.494179706000494
6,62,33.12961368852629
6,63,36.38871881245537
6,64,35.87740939178239
6,65,34.38664189222019
6,66,31.858993643665617
6,67,30.929043966637167
6,68,30.41348264804625
6,69,28.234061835546253
6,70,26.048000822918823
6,71,26.08951496768686
6,72,24.95559140848122
6,73,21.966014226288895
6,74,21.020525788694513
6,75,21.698649692096094
6,76,19.566014877248346
6,77,16.614911671985276
6,78,16.972555697997727
6,79,17.660032559891004
6,80,14.739646160093029
6,81,12.098745672443703
6,82,13.881287503543676
6,83,14.285971190454667
6,84,10.577911122231297
6,85,10.29802439649129
6,86,13.368735474989279
6,87,12.16062152640847
6,88,9.204854172573164
6,89,12.066246074481487
6,90,14.314432973411462
6,91,12.47361928554744
6,92,12.36074443492972
6,93,16.012868293016584
6,94,17.09169651017764
6,95,15.984082354591093
6,96,17.78716890814
6,97,20.719687764330068
6,98,20.925398544505338
6,99,21.388614381148333
6,100,23.704139481070065
6,101,26.169014735348394
6,102,26.207734488279364
6,103,24.959501760342572
7,1,10.37369326975511
7,2,8.815077810895499
7,3,6.151914662339893
7,4,5.253303744986509
7,5,5.463997851679355
7,6,3.805297514626929
7,8,3.811638086892545
7,9,5.49592123752411
7,10,4.913977524295312
7,11,6.023993703549181
7,12,8.551616262586556
7,13,9.925683251205147
7,14,10.132257788812788
7,15,11.73223998470611
7,16,14.151604840619372
7,17,15.049826473961414
7,18,15.74273029427268
7,19,17.834898267020723
7,20,19.917850878570686
7,21,20.508808427749337
7,22,21.185555973002526
7,23,23.82898026674728
7,24,25.429960298314757
7,25,25.559250438110883
7,26,26.781578179107868
7,27,29.641295144037123
7,28,30.421658053385965
7,29,30.634521630454824
7,30,32.51874817931233
7,31,35.22181432752726
7,32,38.2145748246434
7,33,37.99693633402586
7,34,40.763859719826
7,35,39.680075327575594
7,36,36.018683247373545
7,37,34.623730644723466
7,38,31.216947046479557
7,39,32.9146498878961
7,40,32.12110059001067
7,41,28.890514030187962
7,42,28.48727093802407
7,43,28.932500354465407
7,44,26.90638794518528
7,45,23.970420184306775
7,46,25.005199709278873
7,47,25.137842769443935
7,48,21.6184314133621
7,49,20.41814366675008
7,50,22.774748755124335
7,51,21.446080506716886
7,52,17.724310247334653
7,53,18.834202683671585
7,54,21.62845448689485
7,55,23.914835692887706
7,56,26.867813311177905
7,57,29.32326921297502
7,58,30.82619855983
7,59,32.18949523686277
7,60,30.588738717526237
7,61,29.6900548121272
7,62,30.212494146539083
7,63,33.34264823196117
7,64,32.778043671624715
7,65,31.118875140659654
7,66,28.752895521139354
7,67,27.943647669939164
7,68,27.1793328730205
7,69,24.923393189931215
7,70,22.99381888287757
7,71,22.972765956408516
7,72,21.546198959658234
7,73,18.64686813904518
7,74,17.973838170362274
7,75,18.44320243042373
7,76,16.037370782588575
7,77,13.315131707834443
7,78,13.98396289649226
7,79,14.393352205633795
7,80,11.20619076245933
7,81,9.004727975648057
7,82,11.28473325312229
7,83,11.359782418203821
7,84,7.616385188789652
7,85,8.486406660496984
7,86,11.523794728190984
7,87,10.17575558772665
7,88,8.244846749432266
7,89,11.653042205893172
7,90,13.476630957586321
7,91,12.142406544054419
7,92,13.012505805593095
7,93,16.356249364670063
7,94,17.1977583986156
7,95,16.85993215641218
7,96,18.99466383605968
7,97,21.433400730024946
7,98,21.723498556522824
7,99,22.80613108846369
7,100,24.976908302989468
7,101,27.17745158245414
7,102,27.54736123387846
7,103,25.975757782912837
8,1,11.842311789277215
8,2,10.08516440827014
8,3,8.450626730795646
8,4,6.054522312206146
8,5,4.801019716466425
8,6,5.3131027790818415
8,7,3.811638086892545
8,9,3.800819749366179
8,10,5.418968007506471
8,11,5.105379316331035
8,12,6.2905038316973325
8,13,8.874706092947246
8,14,9.820134422901168
8,15,10.30410478604777
8,16,12.503126785079958
8,17,14.320095855980313
8,18,14.98023511555288
8,19,16.316762993692514
8,20,18.666362054992437
8,21,19.88038192118038
8,22,20.237747196415594
8,23,22.48905180385423
8,24,24.525945928315274
8,25,24.990287217929946
8,26,25.7856668831106
8,27,28.538521391776612
8,28,29.778693668039526
8,29,30.045333203564063
8,30,31.531870281849038
8,31,34.236309107952046
8,32,37.39367075756537
8,33,37.0265345789785
8,34,39.53666762892643
8,35,38.146399334175925
8,36,34.528521746711256
8,37,32.82248890283135
8,38,29.5659635729866
8,39,31.408782516935737
8,40,30.399581043443277
8,41,27.219579482572286
8,42,26.374717445194456
8,43,26.692174094717334
8,44,25.041595468987744
8,45,21.924509040511445
8,46,22.519121993929662
8,47,22.91214738917
8,48,19.622137192501892
8,49,17.88089955050577
8,50,20.171799382394234
8,51,19.32166194198554
8,52,15.51557962471212
8,53,16.083115401132787
8,54,19.149965453171635
8,55,21.03994419133365
8,56,24.23830076905788
8,57,26.531874365762775
8,58,28.361181500653323
8,59,29.688234569558258
8,60,28.41470515568359
8,61,27.89089199642164
8,62,28.843407799404815
8,63,32.16342275991481
8,64,32.01497556047186
8,65,30.716093711728085
8,66,28.47610765202012
8,67,27.182102220642246
8,68,26.39448817091382
8,69,24.610521978476537
8,70,22.452714875809306
8,71,21.923613924043472
8,72,20.853967654200694
8,73,18.254193139334074
8,74,16.849921168718303
8,75,17.0866470181237
8,76,15.291927979426022
8,77,12.445295350969252
8,78,12.102560817705807
8,79,12.731506656690161
8,80,10.292758680429447
8,81,7.216142363693727
8,82,8.614558170991177
8,83,9.522476570188168
8,84,6.175238465037814
8,85,5.5284139069831175
8,86,9.105231336138297
8,87,8.973100123582874
8,88,6.863077093713443
8,89,9.47794426543267
8,90,12.06528785879604
8,91,11.650784964925746
8,92,11.926204709965422
8,93,14.90218732928513
8,94,16.502646978462735
8,95,16.53129664484788
8,96,18.040433274418522
8,97,20.472009046689703
8,98,21.424107304744076
8,99,22.432177947795914
8,100,24.09412397351672
8,101,26.59584896689927
8,102,27.38058400734717
8,103,26.202717387380808
9,1,11.545827896805715
9,2,11.004636938311457
9,3,10.037931675707643
9,4,8.767779066115805
9,5,6.234098985011494
9,6,5.288096872065693
9,7,5.49592123752411
9,8,3.800819749366179
9,10,3.800996564181557
9,11,5.329062479133395
9,12,4.915462976996793
9,13,6.312304192609083
9,14,8.471145468994719
9,15,9.586749032068187
9,16,10.742049042802554
9,17,12.472704507116827
9,18,14.05409942403482
9,19,15.266127596731208
9,20,16.962342787875254
9,21,18.429612448275353
9,22,19.398716224469233
9,23,21.338100278604298
9,24,23.060876387019487
9,25,23.972998282908105
9,26,25.08204377118521
9,27,27.47608739173692
9,28,28.67694081461422
9,29,29.4156027474588
9,30,30.98328549227396
9,31,33.362833327097306
9,32,36.66047530938539
9,33,36.64901438934337
9,34,39.18958024478292
9,35,37.913916260285745
9,36,34.20942958634267
9,37,32.348933063590785
9,38,28.956306488737933
9,39,30.39622025254372
9,40,29.048056980177464
9,41,25.635927229412445
9,42,24.78972991430049
9,43,25.622812738133835
9,44,24.0753050322391
9,45,20.731381381021947
9,46,21.687471309229725
9,47,22.562265255940726
9,48,19.207029920901707
9,49,17.561870147633645
9,50,20.40584215644471
9,51,19.8752083538611
9,52,16.152830823914012
9,53,17.044414139415466
9,54,20.436606161853298
9,55,22.07236410202703
9,56,25.29748997580936
9,57,27.171959409421984
9,58,29.00933744485966
9,59,29.866017673922176
9,60,28.440036249701315
9,61,28.154747534713074
9,62,28.989421889562777
9,63,32.42968607994848
9,64,32.183467632881
9,65,31.11779843648286
9,66,28.537628321855063
9,67,27.163498695954473
9,68,26.904428032779684
9,69,25.13045331190633
9,70,22.533777429958942
9,71,22.367829212489703
9,72,21.835585541745168
9,73,18.90992527062159
9,74,17.282311639330445
9,75,18.267903318521693
9,76,16.879609498342035
9,77,13.498835507232005
9,78,13.337248673408684
9,79,14.899605162288234
9,80,12.707639324438244
9,81,9.275397634392657
9,82,10.997961578191132
9,83,12.741467855979954
9,84,9.700923518398925
9,85,8.71295968778459
9,86,12.464221731211746
9,87,12.720610511585527
9,88,10.303128410074951
9,89,12.462297692781767
9,90,15.445835195347055
9,91,14.862378213655989
9,92,14.502647401714604
9,93,17.626928203096572
9,94,19.50354088547694
9,95,19.054042517780168
9,96,20.242447603485704
9,97,23.057154628201154
9,98,24.02261148941049
9,99,24.55220882617102
9,100,26.26658585251622
9,101,29.029103965197525
9,102,29.58482536606405
9,103,28.651749391899088
10,1,12.782879124263681
10,2,12.40815697041227
10,3,10.469638504488485
10,4,9.856390787477313
10,5,8.532281777892146
10,6,6.191292579674582
10,7,4.913977524295312
10,8,5.418968007506471
10,9,3.800996564181557
10,11,3.8039318492756378
10,12,5.368400728434679
10,13,5.2628743817829005
10,14,5.967051412922122
10,15,8.29177158175327
10,16,9.95897264638983
10,17,10.578433051830451
10,18,12.002585769995543
10,19,14.061941495785906
10,20,15.601313158907613
10,21,16.343448725685565
10,22,17.533779995326768
10,23,19.92890693900229
10,24,21.25902104983342
10,25,21.77398940008813
10,26,23.258526133517694
10,27,25.799320410650296
10,28,26.565515014258295
10,29,27.213667863178937
10,30,29.14619439005204
10,31,31.54855743387288
10,32,34.680437427255185
10,33,34.79515468182474
10,34,37.585705465733305
10,35,36.62749248910989
10,36,32.877728562950566
10,37,31.368435026388084
10,38,27.816286591817665
10,39,29.138673397675323
10,40,28.10901517741089
10,41,24.709603508714135
10,42,24.4353157596784
10,43,25.28739409831296
10,44,23.239815659341158
10,45,20.189283714627752
10,46,21.671137184909384
10,47,22.12161880347561
10,48,18.492341336695937
10,49,17.58270466541703
10,50,20.487651792279618
10,51,19.35429821358202
10,52,15.765814924995778
10,53,17.438209082429736
10,54,20.52168702985757
10,55,22.660196677490653
10,56,25.526487571570755
10,57,27.547707527151246
10,58,28.920619558461834
10,59,29.77137789059934
10,60,27.91217196261489
10,61,27.19609279227907
10,62,27.553044461918944
10,63,30.81387761199071
10,64,30.166567080510678
10,65,28.824656809176705
10,66,26.09504047699568
10,67,25.125642385889446
10,68,24.95643130396979
10,69,22.785475664592102
10,70,20.307933133543376
10,71,20.65556197567537
10,72,19.920811371208508
10,73,16.66378191293483
10,74,15.649469820285757
10,75,17.03634523320586
10,76,15.243356623657654
10,77,11.798348606897997
10,78,12.699905061657494
10,79,14.379416302960044
10,80,11.681459644688326
10,81,8.869959972077375
10,82,11.720185614865525
10,83,13.138296159541438
10,84,10.030328040823166
10,85,10.440485131112771
10,86,14.082659884854984
10,87,13.825930476052385
10,88,12.062791312680186
10,89,14.889704874991573
10,90,17.335481094363672
10,91,16.547007190661933
10,92,16.91525226995169
10,93,20.139083185592952
10,94,21.516481747660983
10,95,21.17036966011465
10,96,22.86045514221466
10,97,25.502912294779428
10,98,26.118290507441664
10,99,26.927156443449157
10,100,28.90640783617804
10,101,31.399662160526937
10,102,31.822414290694553
10,103,30.510680806974616
11,1,15.551711449360102
11,2,14.398209535261532
11,3,12.140713772406281
11,4,10.430187165299754
11,5,9.671111503643543
11,6,8.594271653625984
11,7,6.023993703549181
11,8,5.105379316331035
11,9,5.329062479133395
11,10,3.8039318492756378
11,12,3.8041124574155827
11,13,5.5549089540523475
11,14,4.999463404257051
11,15,5.724803218504799
11,16,8.491763749497004
11,17,9.678959317641997
11,18,10.019152555534642
11,19,11.84580684753357
11,20,14.169093454541079
11,21,14.96992755391358
11,22,15.381549382252457
11,23,17.89149189326125
11,24,19.725813423472772
11,25,19.995873210202188
11,26,20.985518408056343
11,27,23.78997455316352
11,28,24.820613527336704
11,29,25.09595927533971
11,30,26.769332116735054
11,31,29.436834593358338
11,32,32.535457430820856
11,33,32.309768667293554
11,34,34.977243678540106
11,35,33.830845500241196
11,36,30.14583907126532
11,37,28.656061809212304
11,38,25.235807437479743
11,39,26.934856365376803
11,40,26.143796404064904
11,41,22.983032226594474
11,42,22.62076936763493
11,43,22.969868598526883
11,44,20.88390348732684
11,45,17.998029151040775
11,46,19.141267101930914
11,47,19.221909250763545
11,48,15.646265866548985
11,49,14.653457624913635
11,50,17.226446481641762
11,51,15.903700881477867
11,52,12.248902903219564
11,53,13.900798158195055
11,54,16.833950432638794
11,55,19.13852719352443
11,56,21.92873000540298
11,57,24.135013812116785
11,58,25.46154394284483
11,59,26.552389141735176
11,60,24.788653672964422
11,61,23.987389379152976
11,62,24.535973610918113
11,63,27.806057818501536
11,64,27.396075120272158
11,65,26.09380930377832
11,66,23.642829578469858
11,67,22.459090650492698
11,68,21.951790330503357
11,69,20.01298873492309
11,70,17.66597690349286
11,71,17.54164591540902
11,72,16.691898309030694
11,73,13.725511694326746
11,74,12.456354903409876
11,75,13.443872230085587
11,76,11.748510000214157
11,77,8.345744062617522
11,78,8.951772681280719
11,79,10.611299517457217
11,80,8.15983465395659
11,81,5.191387192122755
11,82,8.308074963528105
11,83,9.993507102853265
11,84,7.523242138483075
11,85,8.316659932639064
11,86,11.791642927272889
11,87,12.078933591968877
11,88,11.2181603238118
11,89,13.829221529642195
11,90,16.115248261007007
11,91,16.09218115883677
11,92,16.846418763789856
11,93,19.60362415855318
11,94,21.07588365576822
11,95,21.404033030220862
11,96,23.04386680236864
11,97,25.285942899847697
11,98,26.22728641786374
11,99,27.43591351176391
11,100,29.07962618437646
11,101,31.478055822622967
11,102,32.32504375729632
11,103,30.96480772425153
12,1,16.442322627706954
12,2,15.660659367638845
12,3,14.206241012550961
12,4,12.316969567039381
12,5,10.45497625327837
12,6,9.887570827417415
12,7,8.551616262586556
12,8,6.2905038316973325
12,9,4.915462976996793
12,10,5.368400728434679
12,11,3.8041124574155827
12,13,3.8116617439762597
12,14,5.497681930496037
12,15,5.045929692943884
12,16,6.304876388331538
12,17,8.7098536490605
12,18,9.819230459404189
12,19,10.534272894819665
12,20,12.614937356585159
12,21,14.334682663570653
12,22,14.883325284651466
12,23,16.679635524686905
12,24,18.72846844681338
12,25,19.688283294620547
12,26,20.468048124532107
12,27,22.872068380215175
12,28,24.327027462579903
12,29,24.996778129375436
12,30,26.327802899333033
12,31,28.74821125496588
12,32,32.089674661849465
12,33,31.97151629413419
12,34,34.40401799017794
12,35,33.04517841841991
12,36,29.354528266495166
12,37,27.446467878754444
12,38,24.087051606857514
12,39,25.633726078498494
12,40,24.367298988111646
12,41,21.074863919353707
12,42,20.236037581675387
12,43,20.84596678046829
12,44,19.238415436828816
12,45,15.956051289992734
12,46,16.905066540043475
12,47,17.660794887345446
12,48,14.29391636962374
12,49,12.743013143814565
12,50,15.70903709829651
12,51,15.191257690790483
12,52,11.575731023052652
12,53,12.832817222921381
12,54,16.270323051344057
12,55,17.929266450754724
12,56,20.97926898000526
12,57,22.705980692682065
12,58,24.37657837673624
12,59,25.092735874538885
12,60,23.563470736034404
12,61,23.329058017379214
12,62,24.227903188422808
12,63,27.740185113219024
12,64,27.665943029450005
12,65,26.869979080885276
12,66,24.343731210901897
12,67,22.661807241208685
12,68,22.507440773453855
12,69,21.063206885337067
12,70,18.25160116230625
12,71,17.879367305324855
12,72,17.784737892564582
12,73,15.009954581254286
12,74,12.87171973094015
12,75,14.1222613593633
12,76,13.4133004272477
12,77,9.817614657773742
12,78,9.337714947930523
12,79,11.780897765117922
12,80,10.412080938359134
12,81,6.836841854540669
12,82,8.741284553407034
12,83,11.5155201720427
12,84,9.628133551093438
12,85,8.954213337443113
12,86,12.600331429878443
12,87,13.808648126679794
12,88,12.53180017174882
12,89,14.320047302691234
12,90,17.232577608612328
12,91,17.577168208646626
12,92,17.595111660966193
12,93,20.17020649451365
12,94,22.240773809107285
12,95,22.480418159648963
12,96,23.541385943218987
12,97,25.97917326205241
12,98,27.328833825691895
12,99,28.196986390933308
12,100,29.536397676796483
12,101,32.26682014725807
12,102,33.23787407216718
12,103,32.28701557557544
13,1,16.988093585055953
13,2,16.96835032884301
13,3,15.511402611613072
13,4,14.464850820608195
13,5,12.487202863572321
13,6,10.824087981814996
13,7,9.925683251205147
13,8,8.874706092947246
13,9,6.312304192609083
13,10,5.2628743817829005
13,11,5.5549089540523475
13,12,3.8116617439762597
13,14,3.805368328338336
13,15,5.3749376503159185
13,16,5.188656774074481
13,17,6.317482906725058
13,18,8.674105819222993
13,19,9.907064265121406
13,20,10.925411805102346
13,21,12.38367750496603
13,22,13.856983117821722
13,23,15.617923625672798
13,24,16.975554817139777
13,25,18.144266932110916
13,26,19.546611446183725
13,27,21.65369732359369
13,28,22.73482268481046
13,29,23.831130913089076
13,30,25.504204893788057
13,31,27.59764323257381
13,32,30.9461953451875
13,33,31.26675394544853
13,34,33.89272016206522
13,35,32.87290860377061
13,36,29.096893870228087
13,37,27.30527878873785
13,38,23.731487333888175
13,39,24.762553944033282
13,40,23.37635827607761
13,41,19.852930994613935
13,42,19.452550146538194
13,43,20.638461222795435
13,44,18.79574623436521
13,45,15.542565948086382
13,46,17.27113397985109
13,47,18.19819187049442
13,48,14.671749088790767
13,49,13.852311760586382
13,50,17.24476627183496
13,51,16.618333945110628
13,52,13.370655909174198
13,53,15.313568030663362
13,54,18.626676506924976
13,55,20.342881650740804
13,56,23.107508155056674
13,57,24.552804782013567
13,58,25.90337966341929
13,59,26.19844442513045
13,60,24.267578229327096
13,61,23.9571272192899
13,62,24.393352943710592
13,63,27.842538994398506
13,64,27.390984481597062
13,65,26.613898704814776
13,66,23.691850878823317
13,67,22.25351251758173
13,68,22.66187570503087
13,69,20.959422020323693
13,70,17.87803941159605
13,71,18.247912086333702
13,72,18.477579780326312
13,73,15.265723813112126
13,74,13.476621807379859
13,75,15.60715397404482
13,76,14.922902200834878
13,77,11.116449888859773
13,78,11.588178957239402
13,79,14.452007474533824
13,80,12.866000812468686
13,81,9.776626620598188
13,82,12.272542291251419
13,83,14.882976463039034
13,84,12.781580231415768
13,85,12.560517320367406
13,86,16.258467802726585
13,87,17.09335491637714
13,88,15.624711480255206
13,89,17.71703154442048
13,90,20.59903880033756
13,91,20.519912393412145
13,92,20.506980949002116
13,93,23.373516501299978
13,94,25.303199856334466
13,95,25.18987944149295
13,96,26.372885980633555
13,97,29.03061340004653
13,98,30.13054179795851
13,99,30.80541822565051
13,100,32.39675848129529
13,101,35.15606384751944
13,102,35.84031928068397
13,103,34.83629562071561
14,1,18.711149324731867
14,2,18.32136770898848
14,3,16.133333608817267
14,4,15.074911432225715
14,5,14.007233190404168
14,6,12.135533573777522
14,7,10.132257788812788
14,8,9.820134422901168
14,9,8.471145468994719
14,10,5.967051412922122
14,11,4.999463404257051
14,12,5.497681930496037
14,13,3.805368328338336
14,15,3.8027166781242734
14,16,5.457775481674125
14,17,5.0105500077645875
14,18,6.102111372633137
14,19,8.571279884153329
14,20,10.028193018276822
14,21,10.440096777389387
14,22,11.626612960058578
14,23,14.141430127463225
14,24,15.379349544985898
14,25,15.816567529852259
14,26,17.353256762445504
14,27,19.876838592367346
14,28,20.60691226027525
14,29,21.302333011873518
14,30,23.25451531954154
14,31,25.59696121831066
14,32,28.729512702955773
14,33,28.936713779951727
14,34,31.77284564868703
14,35,30.965762336124
14,36,27.186343155159065
14,37,25.813954327840904
14,38,22.164612189749718
14,39,23.3571899465129
14,40,22.528338477010433
14,41,19.218882025959697
14,42,19.401939761314623
14,43,20.20384371228797
14,44,17.780164448762786
14,45,15.03690160092375
14,46,17.043365690573882
14,47,17.19284178477663
14,48,13.427934647116734
14,49,13.395222922039704
14,50,16.487935332815006
14,51,15.065657217079302
14,52,11.986200984493184
14,53,14.619782686902608
14,54,17.420518935734588
14,55,19.72077794974729
14,56,22.071699038284795
14,57,23.83050778951371
14,58,24.69894001232241
14,59,25.21505887798586
14,60,22.93473724649586
14,61,22.07026942387767
14,62,22.10599130400773
14,63,25.351033401674773
14,64,24.595920481159734
14,65,23.479439058784425
14,66,20.565726064543135
14,67,19.481916796268656
14,68,19.72501027202233
14,69,17.67046111080697
14,70,14.819617643202458
14,71,15.506873802334074
14,72,15.376965757888142
14,73,11.933641230694292
14,74,10.771796645133662
14,75,13.111522634927553
14,76,12.030781643517077
14,77,8.294163283155687
14,78,9.848042709036752
14,79,12.627078291379636
14,80,10.790936332084742
14,81,8.593022329198341
14,82,11.82204015777242
14,83,13.997485211207078
14,84,12.175918259789697
14,85,13.029574351471586
14,86,16.430673593532376
14,87,16.95669659430005
14,88,16.210649013881557
14,89,18.70840709227713
14,90,21.083745617880712
14,91,21.068724780513126
14,92,21.724315322969282
14,93,24.523741455700417
14,94,26.063236259588365
14,95,26.27171298972857
14,96,27.85482065267075
14,97,30.216934998315097
14,98,31.13967727353181
14,99,32.21534188582962
14,100,33.90678607334597
14,101,36.38615259998205
14,102,37.133094494619684
14,103,35.7861690405421
15,1,20.767730109554016
15,2,19.919036306090167
15,3,17.84648068297069
15,4,16.017525534346348
15,5,14.918774908182133
15,6,13.960662449535576
15,7,11.73223998470611
15,8,10.30410478604777
15,9,9.586749032068187
15,10,8.29177158175327
15,11,5.724803218504799
15,12,5.045929692943884
15,13,5.3749376503159185
15,14,3.8027166781242734
15,16,3.813966475811206
15,17,5.35483594409916
15,18,4.986558920902718
15,19,6.126254488404462
15,20,8.75069829100247
15,21,9.911940685211558
15,22,10.006289267325458
15,23,12.226186426203771
15,24,14.319823218714761
15,25,14.87182660322808
15,26,15.602745246862042
15,27,18.24159617906495
15,28,19.574361085369134
15,29,20.029117594564994
15,30,21.45084968220002
15,31,23.99159007091089
15,32,27.23055534010475
15,33,27.079867267158576
15,34,29.640728652474134
15,35,28.47106819061489
15,36,24.744634241091692
15,37,23.132789536070806
15,38,19.653492147943123
15,39,21.25247412801925
15,40,20.424511656393044
15,41,17.317078008669924
15,42,17.08192592098085
15,43,17.40182704779766
15,44,15.191856713252113
15,45,12.371162979715788
15,46,13.844977769647016
15,47,13.908133478129592
15,48,10.221887924326062
15,49,9.77647291104625
15,50,12.7676884746307
15,51,11.532615171583274
15,52,8.332626734572676
15,53,10.89006785036637
15,54,13.789317094695452
15,55,15.947802876502664
15,56,18.35662136088021
15,57,20.084441093381095
15,58,21.105884491650254
15,59,21.71529255296337
15,60,19.671599399296582
15,61,19.027625148359927
15,62,19.532031762925694
15,63,22.963157244982934
15,64,22.703173706684645
15,65,21.913028975258168
15,66,19.319331608168568
15,67,17.661340873785164
15,68,17.66150208307658
15,69,16.20118636504131
15,70,13.246415550031328
15,71,13.11293911803971
15,72,13.309258265193266
15,73,10.398673651154954
15,74,8.211402589308317
15,75,10.275069250284666
15,76,10.013152258299685
15,77,6.27537182845038
15,78,6.726281240318938
15,79,10.056656068996265
15,80,9.279974002436
15,81,6.986372000566151
15,82,9.522628327223675
15,83,12.305822565172075
15,84,11.433981938606879
15,85,11.924574986591637
15,86,15.006261244521511
15,87,16.287946707806405
15,88,16.01950246179368
15,89,17.963330062843866
15,90,20.387024529689658
15,91,21.05854123564564
15,92,21.678392286057218
15,93,24.02113673058417
15,94,25.842248847762384
15,95,26.50030758077748
15,96,27.80115227890902
15,97,29.914680829183133
15,98,31.24095857127905
15,99,32.47061581273749
15,100,33.771397277242556
15,101,36.294358090736026
15,102,37.41850480133365
15,103,36.21764292376585
16,1,21.98957099981635
16,2,21.66141964638819
16,3,20.065999151675864
16,4,18.45458333921384
16,5,16.687261911489973
16,6,15.613239541445452
16,7,14.151604840619372
16,8,12.503126785079958
16,9,10.742049042802554
16,10,9.95897264638983
16,11,8.491763749497004
16,12,6.304876388331538
16,13,5.188656774074481
16,14,5.457775481674125
16,15,3.813966475811206
16,17,3.8096637716821466
16,18,5.447249863175456
16,19,5.039868543931001
16,20,6.3696612163656505
16,21,8.667686248529938
16,22,9.558647809736456
16,23,10.767274241815533
16,24,12.654187599872332
16,25,14.145729895495558
16,26,15.018110662504128
16,27,16.97707193037286
16,28,18.536695854358143
16,29,19.666572566209346
16,30,20.917044255786042
16,31,22.976037143387394
16,32,26.447126296079254
16,33,26.665734175231595
16,34,29.088403333656547
16,35,27.91913586593675
16,36,24.16430060640943
16,37,22.20790009875263
16,38,18.68209293597986
16,39,19.774328371769926
16,40,18.359469874000894
16,41,14.940172390009312
16,42,14.478305222335754
16,43,15.479387308149771
16,44,13.636061483116167
16,45,10.365100404803721
16,46,12.231099477454682
16,47,13.187685949739405
16,48,9.748621575190157
16,49,9.257289260220343
16,50,12.873888813136269
16,51,12.500025791218418
16,52,9.875799035140513
16,53,12.204955820750543
16,54,15.328821382776843
16,55,16.80757487545129
16,56,19.214487473321736
16,57,20.259652280225556
16,58,21.39776271843842
16,59,21.355149538673352
16,60,19.319711449002508
16,61,19.22765912864848
16,62,19.78893230494599
16,63,23.358443209786977
16,64,23.208512469213172
16,65,22.934780129035815
16,66,20.09895876225285
16,67,18.133927706518747
16,68,18.831380464911796
16,69,17.74347224975406
16,70,14.311705640568793
16,71,14.398546516492317
16,72,15.489469594799138
16,73,12.70970173989474
16,74,10.149734044473112
16,75,12.737808389683495
16,76,13.251421065662823
16,77,9.708332695009783
16,78,9.68536659508816
16,79,13.314211152596378
16,80,12.991085827238386
16,81,10.438119742853706
16,82,12.382715337249788
16,83,15.577163151918434
16,84,14.682586913327947
16,85,14.480041192730436
16,86,17.722294303409626
16,87,19.31398175486571
16,88,18.595696477588913
16,89,20.20881206609259
16,90,23.027232516550978
16,91,23.68594496496875
16,92,23.807523812252526
16,93,26.183867176562654
16,94,28.333233434034
16,95,28.74486387789828
16,96,29.716123510518198
16,97,32.074075423959464
16,98,33.555144071820784
16,99,34.45127941930048
16,100,35.66303388674464
16,101,38.43375231729319
16,102,39.502308709228245
16,103,38.56684672262061
17,1,22.969332039134645
17,2,22.91376418671158
17,3,20.98606202341045
17,4,19.89681445415916
17,5,18.462185213306
17,6,16.685801571041765
17,7,15.049826473961414
17,8,14.320095855980313
17,9,12.472704507116827
17,10,10.578433051830451
17,11,9.678959317641997
17,12,8.7098536490605
17,13,6.317482906725058
17,14,5.0105500077645875
17,15,5.35483594409916
17,16,3.8096637716821466
17,18,3.8107243202164316
17,19,5.37630808270641
17,20,5.30642051464408
17,21,6.083250560700822
17,22,8.10618156011901
17,23,9.933766959725494
17,24,10.791643159238173
17,25,11.931472771948423
17,26,13.670077879709925
17,27,15.629074552883209
17,28,16.46724544100706
17,29,17.755293902744597
17,30,19.599383141655053
17,31,21.50987245691459
17,32,24.81437819936951
17,33,25.38504330780622
17,34,28.152927891276324
17,35,27.47250858248425
17,36,23.6633238785597
17,37,22.165811323167457
17,38,18.42105326678873
17,39,19.097667659860814
17,40,18.016339661411905
17,41,14.56800524129887
17,42,15.073419481296945
