1,2,3.8075011384696182
1,3,5.509334544081136
1,4,6.813578275743008
1,5,8.572833003748228
1,6,9.701246043451599
1,7,10.991516607031507
1,8,12.675640124670874
1,9,14.276479582764946
1,10,15.620693322560326
1,11,17.044919196502086
1,12,18.769146048822808
1,13,20.152011409662272
1,14,21.414990484007543
1,15,22.98260953396734
1,16,24.667130329521633
1,17,25.920206711886117
1,18,27.100236374805544
1,19,29.057707671140754
1,20,30.65938019647247
1,21,31.607757412635298
1,22,32.84642410520236
1,23,35.33052755128267
1,24,36.33304879643779
1,25,37.054814609634896
1,26,38.68766893942532
1,27,41.091130962135466
1,28,44.40000299997679
1,29,44.47987651171381
1,30,46.992060362976645
1,31,45.59175116610691
1,32,41.91129725757793
1,33,39.99475890176897
1,34,36.58385348695121
1,35,38.024557876910826
1,36,36.523307395792735
1,37,33.02431779828583
1,38,32.14500995606576
1,39,32.92590296616441
1,40,31.503750055725305
1,41,28.07975196338264
1,42,28.738882810010566
1,43,29.713793299523783
1,44,26.48839819276752
1,45,24.502793649304394
1,46,27.01346184902243
1,47,26.42071378234927
1,48,22.634315312855392
1,49,22.609972139402387
1,50,25.590358014872574
1,51,27.63466622508243
1,52,30.44366749133625
1,53,33.10224346176949
1,54,35.40676998656696
1,55,36.598953438017226
1,56,35.51601048792134
1,57,35.15613124635929
1,58,36.23058079687984
1,59,39.72517736148695
1,60,39.836592474372786
1,61,38.70453234043942
1,62,36.341704954465904
1,63,34.959924060165584
1,64,34.31774893184146
1,65,32.66069506840792
1,66,30.457196835817886
1,67,29.726730131648385
1,68,28.846289457602893
1,69,26.205589791968514
1,70,24.80507608884946
1,71,24.872254838042384
1,72,23.19063166763052
1,73,20.45269576688651
1,74,20.259295310693958
1,75,20.24799531046904
1,76,17.5707558096711
1,77,15.163992423194305
1,78,16.233892643537946
1,79,15.62195905515936
1,80,11.931458116243027
1,81,11.860961382930023
1,82,13.989256524746825
1,83,12.306827808526995
1,84,9.08443229817179
1,85,11.790420400960533
1,86,13.705739708409778
1,87,11.287797594665577
1,88,10.745790203418613
1,89,14.544363428976872
1,90,15.116687961807884
1,91,13.415459752728253
1,92,16.047081874838142
1,93,18.621279395905614
1,94,18.199007387471745
1,95,18.991490707138492
1,96,22.184427724053663
2,1,3.8075011384696182
2,3,3.8070123346230282
2,4,5.140478916310626
2,5,5.281329375209915
2,6,6.854922002420794
2,7,8.916194867661327
2,8,9.938377365611126
2,9,11.081489402206676
2,10,13.018876946434752
2,11,14.5808533526743
2,12,15.755351589175119
2,13,17.163145575054337
2,14,18.876843793732053
2,15,20.27730859636101
2,16,21.609414455329386
2,17,23.06365835744322
2,18,24.51683038497476
2,19,26.22216669923509
2,20,27.672709873015215
2,21,28.903538918431842
2,22,30.27741388090484
2,23,32.52353187333869
2,24,33.534143518215195
2,25,34.540091828995145
2,26,36.169441627841486
2,27,38.3563191106355
2,28,41.74346606824882
2,29,42.03416426433957
2,30,44.5274666284713
2,31,43.209855120883006
2,32,39.48987513075228
2,33,37.488051137834866
2,34,34.027185301536164
2,35,35.21510871347284
2,36,33.51437226520424
2,37,29.925136981920843
2,38,29.061991769485758
2,39,30.129909039598523
2,40,28.769388836238473
2,41,25.255826812986882
2,42,26.163372954930058
2,43,27.38895029812113
2,44,24.150454286391458
2,45,22.281228969540308
2,46,25.140621192380845
2,47,24.73204030548844
2,48,20.97794348319494
2,49,21.25601863348146
2,50,24.497224049215227
2,51,26.42727316615737
2,52,29.009217210759854
2,53,31.55266416337697
2,54,33.726104612992565
2,55,34.60315795004441
2,56,33.37019584945661
2,57,33.151380729111736
2,58,34.15471472452706
2,59,37.729339858210075
2,60,37.78518163750344
2,61,36.85836932449223
2,62,34.290130200344734
2,63,32.81143373602464
2,64,32.53027399186632
2,65,30.928597477170715
2,66,28.41211664608787
2,67,27.892762660217578
2,68,27.402960029055265
2,69,24.559806030421537
2,70,22.954237897756773
2,71,23.530994526818333
2,72,22.145430840185142
2,73,19.029138015701506
2,74,18.606446321535703
2,75,19.216291452398405
2,76,16.87465641895965
2,77,13.859123308608865
2,78,14.94550242438639
2,79,15.242479239862266
2,80,11.63313740202428
2,81,10.834776490482312
2,82,13.635176489745762
2,83,12.947264879565127
2,84,9.620611026586992
2,85,11.843923903371877
2,86,14.605376821430923
2,87,13.047656625025056
2,88,11.993010095291904
2,89,15.604427598568494
2,90,16.990564408576624
2,91,15.504321717459979
2,92,17.555774075195362
2,93,20.44703074051732
2,94,20.541057658996287
2,95,20.97086490376486
2,96,24.0220842371659
3,1,5.509334544081136
3,2,3.8070123346230282
3,4,3.789532906238868
3,5,4.918217703315658
3,6,4.40057699818922
3,7,6.034074208643781
3,8,8.303738380741283
3,9,9.295778957283385
3,10,10.256131503169932
3,11,12.160518688759094
3,12,13.958409174399
3,13,14.884898076996777
3,14,16.190035109387672
3,15,18.085057917212875
3,16,19.61466341896538
3,17,20.59115676272707
3,18,21.936206662416446
3,19,24.04535147024527
3,20,25.435736923899118
3,21,26.272106636109594
3,22,27.704105438797438
3,23,30.20776126165068
3,24,31.01640722782127
3,25,31.774119919207457
3,26,33.574555336599104
3,27,35.92990657199918
3,28,39.18425775059807
3,29,39.39793164566433
3,30,42.04359325543385
3,31,40.85635663880671
3,32,37.12266703882577
3,33,35.38754227524539
3,34,31.845716734929088
3,35,33.138487105830414
3,36,31.76877951664119
3,37,28.266102157520056
3,38,27.77233624466324
3,39,28.6222357653428
3,40,26.865437365848233
3,41,23.569609137390184
3,42,24.667849479141914
3,43,25.43510712378405
3,44,21.985312021382022
3,45,20.49812935600168
3,46,23.270054588112778
3,47,22.36750332999231
3,48,18.570064832529656
3,49,19.282525919708462
3,50,22.250322086286374
3,51,24.589653402587462
3,52,26.946723228632514
3,53,29.782635540787904
3,54,31.690203818369664
3,55,32.795770649615235
3,56,31.31365325895625
3,57,30.732648964506968
3,58,31.491784288225542
3,59,34.957512035994526
3,60,34.83613239796953
3,61,33.679900380872006
3,62,31.147348498354003
3,63,29.882581364899345
3,64,29.448072117854814
3,65,27.644673110816814
3,66,25.321605774077344
3,67,24.904888497819428
3,68,24.136409595339394
3,69,21.231360542127884
3,70,19.949486562076668
3,71,20.474503812228562
3,72,18.768404169082125
3,73,15.663365647514878
3,74,15.70764218390622
3,75,16.39968075697228
3,76,13.724677307469939
3,77,10.87595365800468
3,78,12.689618023863247
3,79,12.921309053489408
3,80,9.235959493455539
3,81,9.404256416031005
3,82,12.643693472247996
3,83,11.821847934856303
3,84,9.323212612067149
3,85,12.231099165903004
3,86,14.72914114268245
3,87,13.498474018653159
3,88,13.41795702875399
3,89,16.88393577898007
3,90,18.04205621705498
3,91,17.229685183178738
3,92,19.61340335545531
3,93,22.080048558233926
3,94,22.369475102262076
3,95,23.32648489793642
3,96,26.165099394282965
4,1,6.813578275743008
4,2,5.140478916310626
4,3,3.789532906238868
4,5,3.78815056035394
4,6,5.230499375281578
4,7,4.844745375316992
4,8,6.118240476853042
4,9,8.562983546601002
4,10,9.740312720725285
4,11,10.432478729159946
4,12,12.353895986965144
4,13,14.140626385374711
4,14,15.073221103487997
4,15,16.339102549760327
4,16,18.326986109618332
4,17,19.76377717216666
4,18,20.6158818852994
4,19,22.479954208699233
4,20,24.361751932567504
4,21,25.34742004965276
4,22,26.309407292033516
4,23,28.790192489029213
4,24,30.027036738204558
4,25,30.694756018778143
4,26,32.11262404103572
4,27,34.54868864705778
4,28,37.90307154143373
4,29,37.88495665875693
4,30,40.294362445827595
4,31,38.82043098781627
4,32,35.15251909869593
4,33,33.19095640171814
4,34,29.807752873698657
4,35,31.337705998480264
4,36,29.9146272623295
4,37,26.505676029285627
4,38,25.63010157462114
4,39,26.222534826256307
4,40,24.753831894380948
4,41,21.374323612134102
4,42,22.006524707873243
4,43,22.904773612823888
4,44,19.684533032696105
4,45,17.724934181210884
4,46,20.3430072116307
4,47,19.796702235131104
4,48,16.023574426790006
4,49,16.22046425403605
4,50,19.381763196198374
4,51,21.417455227960513
4,52,24.002326542660203
4,53,26.663190203276866
4,54,28.82294730059961
4,55,29.911033705557834
4,56,28.73486811388731
4,57,28.429085635991154
4,58,29.575388047183708
4,59,33.13394348321623
4,60,33.39588308379681
4,61,32.51865640025098
4,62,30.195323734812067
4,63,28.534554515207805
4,64,28.003879744893712
4,65,26.638634239296238
4,66,24.222686758871394
4,67,23.320846375459187
4,68,22.822735887710458
4,69,20.26949338137255
4,70,18.42728381657259
4,71,18.693248214789204
4,72,17.540251611643647
4,73,14.629436716568028
4,74,13.84092694911895
4,75,14.172223471992407
4,76,12.059287203411515
4,77,9.017756086867262
4,78,9.834357160330839
4,79,10.207700658316089
4,80,6.749648315600959
4,81,5.877733218671226
4,82,9.090771859467647
4,83,8.878693595172342
4,84,6.315367307867757
4,85,8.798480214444945
4,86,11.606721432850987
4,87,11.107185814844508
4,88,10.93666651865613
4,89,14.033063697920795
4,90,15.634138031170668
4,91,15.324940042531237
4,92,17.372677986601502
4,93,19.745874267859882
4,94,20.600940395662903
4,95,21.598014868248832
4,96,24.075638459425686
5,1,8.572833003748228
5,2,5.281329375209915
5,3,4.918217703315658
5,4,3.78815056035394
5,6,3.794353177114293
5,7,5.325760455531095
5,8,4.90867178503758
5,9,6.187472576930903
5,10,8.668324304575973
5,11,9.764280367966004
5,12,10.552625677682675
5,13,12.32871467500287
5,14,14.140704356351144
5,15,15.174950698854351
5,16,16.483879863236975
5,17,18.22572230218488
5,18,19.608665597937527
5,19,21.07905855406834
5,20,22.650495516366608
5,21,24.076802351700124
5,22,25.321391738977507
5,23,27.42920829772401
5,24,28.617684614728194
5,25,29.732129595109384
5,26,31.199962250937176
5,27,33.2982649313117
5,28,36.75581779168127
5,29,37.07502952719795
5,30,39.47940082128458
5,31,38.14461882337627
5,32,34.42314338925951
5,33,32.34359771431761
5,34,28.886859515277806
5,35,30.006631282271893
5,36,28.24681108063706
5,37,24.662953676259892
5,38,23.793260602903143
5,39,24.892860760819726
5,40,23.549413948201764
5,41,20.006643449616387
5,42,21.033875217173566
5,43,22.363388991052844
5,44,19.151857070081398
5,45,17.37665286208137
5,46,20.486521285363697
5,47,20.24116419827023
5,48,16.59923657332672
5,49,17.18264075691285
5,50,20.607549857331048
5,51,22.412198113582615
5,52,24.69611671113722
5,53,27.140332759825007
5,54,29.143144941983376
5,55,29.782751383026614
5,56,28.429227769602367
5,57,28.332849541632008
5,58,29.353474126400815
5,59,32.995111987204375
5,60,33.1342156263934
5,61,32.48693191508604
5,62,29.864884871063516
5,63,28.149207190030175
5,64,28.126918193191287
5,65,26.77021166003614
5,66,23.969757431427947
5,67,23.446225301606585
5,68,23.429878125378647
5,69,20.58877680977964
5,70,18.589332957745096
5,71,19.57905837613289
5,72,18.74326355885178
5,73,15.405037346102374
5,74,14.448755169838202
5,75,15.646288768696254
5,76,13.987306642715343
5,77,10.407562883879322
5,78,11.237549078896018
5,79,12.699683725840009
5,80,9.699616276275755
5,81,8.042813908146313
5,82,11.492856146303922
5,83,12.173899647334713
5,84,9.53574590484906
5,85,11.087723021351277
5,86,14.437800506411028
5,87,14.245655738275639
5,88,13.314609213999432
5,89,16.28058262852777
5,90,18.402772396707167
5,91,17.778079172441355
5,92,19.32332882500207
5,93,22.09797055486802
5,94,23.041634196065946
5,95,23.52025563356823
5,96,26.068590233148807
6,1,9.701246043451599
6,2,6.854922002420794
6,3,4.40057699818922
6,4,5.230499375281578
6,5,3.794353177114293
6,7,3.8082226803371397
6,8,5.391140938688751
6,9,5.080728655556557
6,10,6.336240457142029
6,11,8.720836733661928
6,12,10.004367106811467
6,13,10.634417021543083
6,14,12.375344773852975
6,15,14.289668321833867
6,16,15.436487542914504
6,17,16.438364027773794
6,18,18.081389378659097
6,19,20.051017230129503
6,20,21.231761029354004
6,21,22.244010514926536
6,22,23.854512317733818
6,23,26.176960325731255
6,24,26.921713742790633
6,25,27.913594857056545
6,26,29.76511802721021
6,27,31.934393456968856
6,28,35.22693678261122
6,29,35.64670511551063
6,30,38.32165024636444
6,31,37.28199285097991
6,32,33.507468634309554
6,33,31.792189747841853
6,34,28.16798664386337
6,35,29.20349591353142
6,36,27.757622620673658
6,37,24.19979677906337
6,38,23.923164659264344
6,39,25.00105348357508
6,40,23.125918589828213
6,41,19.855360905891764
6,42,21.371075999613947
6,43,22.207323435709423
6,44,18.674694042426392
6,45,17.587672750864062
6,46,20.712004900006576
6,47,19.82520261687562
6,48,16.16047724418711
6,49,17.482394632788687
6,50,20.54910167351906
6,51,22.8627031803498
6,52,24.777412199071424
6,53,27.55540954481911
6,54,29.154295462680945
6,55,29.968736339689162
6,56,28.200734747424637
6,57,27.634814987125054
6,58,28.19596911714498
6,59,31.696919740857588
6,60,31.446501359538537
6,61,30.469400855205578
6,62,27.716112685047783
6,63,26.404569595609054
6,64,26.36616040954492
6,65,24.585234132878867
6,66,21.94450299906788
6,67,21.842563447106993
6,68,21.49769140276923
6,69,18.351616466325897
6,70,16.93142892579859
6,71,18.135203330800493
6,72,16.774853910600484
6,73,13.248483871728864
6,74,13.158130375596967
6,75,14.771126994092842
6,76,12.624031054808057
6,77,9.205859677819616
6,78,11.265483600252823
6,79,12.706765547213633
6,80,9.668037281228667
6,81,9.318562604215014
6,82,13.079699493571674
6,83,13.380593159655021
6,84,11.421461527667713
6,85,13.69248736606994
6,86,16.633723590782036
6,87,16.309000228940132
6,88,16.079678846769895
6,89,19.147074852927116
6,90,20.863676572185966
6,91,20.421283045770842
6,92,22.37761322779833
6,93,24.91317939834731
6,94,25.686552417516932
6,95,26.49346517353724
6,96,29.101191543378583
7,1,10.991516607031507
7,2,8.916194867661327
7,3,6.034074208643781
7,4,4.844745375316992
7,5,5.325760455531095
7,6,3.8082226803371397
7,8,3.8082284158394493
7,9,5.400388792117201
7,10,5.122962779562646
7,11,6.260555515661831
7,12,8.75797760879706
7,13,9.863839768814326
7,14,10.48444771079332
7,15,12.306000859622591
7,16,14.302315012362584
7,17,15.260319668762358
7,18,16.154124778419856
7,19,18.353379521276537
7,20,20.048696385993
7,21,20.753446188830175
7,22,21.886116955876055
7,23,24.50687996356617
7,24,25.505637075319513
7,25,26.090827498741856
7,26,27.716547294179033
7,27,30.189803553502934
7,28,33.44794486789458
7,29,33.507021511455484
7,30,36.092842086756356
7,31,34.85290316438627
7,32,31.13211530557505
7,33,29.44256195917629
7,34,25.910862969187246
7,35,27.360319088523234
7,36,26.205794682480864
7,37,22.85064604120498
7,38,22.495949473440337
7,39,23.037120652099325
7,40,21.083499690738233
7,41,17.950189289050968
7,42,19.082853343300073
7,43,19.553034378694072
7,44,16.029324872230358
7,45,14.78833938451815
7,46,17.58770071752427
7,47,16.509549585864896
7,48,12.753170876610904
7,49,13.961802934680394
7,50,16.897710476064134
7,51,19.354033146732807
7,52,21.35322479363313
7,53,24.27138368487205
7,54,25.927463877426263
7,55,27.024247963362228
7,56,25.380323326794542
7,57,24.71634576056253
7,58,25.472652652637052
7,59,28.966094194916614
7,60,28.95706499170879
7,61,27.97700927037462
7,62,25.519455036984713
7,63,24.025776519258386
7,64,23.622357521601444
7,65,22.063118583386224
7,66,19.593367702343933
7,67,19.005630613580827
7,68,18.53093674863447
7,69,15.710699285038496
7,70,14.056413861728212
7,71,14.78929233680424
7,72,13.556812298137285
7,73,10.260440464503018
7,74,9.827794345216324
7,75,11.052712865419002
7,76,8.992426309530824
7,77,5.481800626748144
7,78,7.574386373066897
7,79,9.02342266444757
7,80,6.359610568179587
7,81,6.384792542611847
7,82,10.134317550882658
7,83,10.6793657853465
7,84,9.639611510138442
7,85,11.88972413572288
7,86,14.500232371880696
7,87,14.769176980837372
7,88,15.147063460736234
7,89,17.790943651980534
7,90,19.450165537501018
7,91,19.69750995303673
7,92,21.682842964005417
7,93,23.795951850518293
7,94,24.94379206135286
7,95,26.1344513306705
7,96,28.376550355302363
8,1,12.675640124670874
8,2,9.938377365611126
8,3,8.303738380741283
8,4,6.118240476853042
8,5,4.90867178503758
8,6,5.391140938688751
8,7,3.8082284158394493
8,9,3.808125108890751
8,10,5.4517858120784535
8,11,5.082925027629777
8,12,6.283934796429416
8,13,8.631943015503408
8,14,9.789183101763973
8,15,10.496137836193828
8,16,12.33504957496517
8,17,14.174658249981245
8,18,15.063775753397163
8,19,16.55900226391689
8,20,18.491926307361442
8,21,19.808586713153023
8,22,20.7179119683651
8,23,22.938785324898674
8,24,24.340009726514353
8,25,25.268998147960467
8,26,26.544813625815195
8,27,28.773770942889314
8,28,32.2320290260819
8,29,32.37635911447529
8,30,34.71647531734923
8,31,33.30893380916354
8,32,29.602241375961068
8,33,27.54993082176047
8,34,24.10792486209831
8,35,25.41538687089799
8,36,23.85898923266955
8,37,20.406393422314697
8,38,19.619665947066128
8,39,20.388208664144255
8,40,18.87864389649262
8,41,15.43481038786915
8,42,16.440212877763567
8,43,17.52778309742006
8,44,14.262182583375393
8,45,12.607171214495636
8,46,15.776741634375414
8,47,15.451631254718775
8,48,11.890421766413821
8,49,12.834513724091243
8,50,16.248677736950842
8,51,18.096289100424073
8,52,20.08130858912455
8,53,22.586284303409666
8,54,24.393539430367923
8,55,25.04435176691643
8,56,23.57341431562394
8,57,23.424854850864236
8,58,24.486729430478558
8,59,28.149816728886442
8,60,28.422009511737336
8,61,27.936845181991664
8,62,25.42995816587757
8,63,23.493243860415856
8,64,23.473576222369505
8,65,22.38521076492706
8,66,19.489783692166327
8,67,18.757652763466222
8,68,19.03727295711258
8,69,16.382666285249424
8,70,13.999135776675972
8,71,15.13931764129333
8,72,14.84508381125444
8,73,11.548191105723962
8,74,9.970792551039992
8,75,11.583610654294137
8,76,10.727420499883246
8,77,6.9378636529932365
8,78,7.400989191171911
8,79,9.984145387153257
8,80,8.17242794987382
8,81,6.304858901744959
8,82,9.86300918386005
8,83,11.613883914175952
8,84,10.341666787428741
8,85,11.403076219831403
8,86,14.567183834334344
8,87,15.485676581952205
8,88,15.165095221130235
8,89,17.400780574940356
8,90,19.719486700179456
8,91,19.994174182725484
8,92,21.351519819668376
8,93,23.68749830729935
8,94,25.237158763732353
8,95,26.032620349528752
8,96,28.075818208513525
9,1,14.276479582764946
9,2,11.081489402206676
9,3,9.295778957283385
9,4,8.562983546601002
9,5,6.187472576930903
9,6,5.080728655556557
9,7,5.400388792117201
9,8,3.808125108890751
9,10,3.808726504458268
9,11,5.407635033193666
9,12,5.1844602698446005
9,13,6.199421695826406
9,14,8.596746309546543
9,15,9.848282539802257
9,16,10.597865336227581
9,17,12.14554995683136
9,18,13.922579806611726
9,19,15.395826521246752
9,20,16.612902562050344
9,21,18.077399908017785
9,22,19.61314846305242
9,23,21.60561591303463
9,24,22.57794012941003
9,25,23.877487043558943
9,26,25.520653925964638
9,27,27.45614005948863
9,28,30.880712830786646
9,29,31.440620726913778
9,30,33.984270990900825
9,31,32.94723054215038
9,32,29.167028642294117
9,33,27.301228536514014
9,34,23.678157576056655
9,35,24.4829513719653
9,36,22.83130959981095
9,37,19.216459525076985
9,38,18.945670429208512
9,39,20.24521495246365
9,40,18.4483837426695
9,41,15.110804178105896
9,42,16.94422226923672
9,43,18.047198492598454
9,44,14.616534571362147
9,45,13.808972801242524
9,46,17.308825315491706
9,47,16.765285849445693
9,48,13.471761591327034
9,49,15.225265478625426
9,50,18.42088025613816
9,51,20.393283501984115
9,52,21.833551649276057
9,53,24.34028754277582
9,54,25.693012880175036
9,55,26.068509768112957
9,56,24.145291898840583
9,57,23.827554096993758
9,58,24.388478195062863
9,59,27.98260018620022
9,60,27.822446207661116
9,61,27.287138006556496
9,62,24.401141909961662
9,63,22.76045208270714
9,64,23.218752478884507
9,65,21.79743140956303
9,66,18.691364820593332
9,67,18.704456449723708
9,68,19.15097693982409
9,69,16.027426215251747
9,70,14.05374262392724
9,71,16.007216141205067
9,72,15.543794533517275
9,73,11.867280408455482
9,74,10.984838276500776
9,75,13.518699197256979
9,76,12.579349867327227
9,77,8.901710061612398
9,78,10.288575773279526
9,79,13.070103418453956
9,80,11.243888169443252
9,81,10.011736787441121
9,82,13.625712718022147
9,83,15.187684162824961
9,84,13.80782777654056
9,85,15.08735134618879
9,86,18.29963705331718
9,87,18.95816483715739
9,88,18.51777192006584
9,89,20.967864602803637
9,90,23.265892066970196
9,91,23.25514364743058
9,92,24.64905164076312
9,93,27.174668128383622
9,94,28.533344145795752
9,95,29.166236966106847
9,96,31.405043523183377
10,1,15.620693322560326
10,2,13.018876946434752
10,3,10.256131503169932
10,4,9.740312720725285
10,5,8.668324304575973
10,6,6.336240457142029
10,7,5.122962779562646
10,8,5.4517858120784535
10,9,3.808726504458268
10,11,3.8107572158153933
10,12,5.505679829864518
10,13,5.025599585417454
10,14,6.091702585289751
10,15,8.572438108898059
10,16,9.880887974088262
10,17,10.375771956256704
10,18,11.82851911513611
10,19,14.117887234424702
10,20,15.30952330979416
10,21,16.019497700301862
10,22,17.59176558720859
10,23,20.074437755435316
10,24,20.76204862864481
10,25,21.600019285985816
10,26,23.48842371769693
10,27,25.744920193931208
10,28,28.97309262004988
10,29,29.3554712165164
10,30,32.10829196905655
10,31,31.209333195193192
10,32,27.420981558147652
10,33,25.94633695875454
10,34,22.238946815715817
10,35,23.285292583986863
10,36,22.19997691002011
10,37,18.816268620961267
10,38,19.08508039305166
10,39,19.909416324147845
10,40,17.530684601862223
10,41,14.655173406015145
10,42,16.62937608118887
10,43,16.917953248977238
10,44,13.196598171097232
10,45,13.040969889422325
10,46,16.209305680813163
10,47,14.87498285109537
10,48,11.58076366846516
10,49,13.974114768222694
10,50,16.636235084050014
10,51,19.145807451005435
10,52,20.28724650984122
10,53,23.18242154335322
10,54,24.19668678101929
10,55,24.958786236304313
10,56,22.75169802364866
10,57,21.883164012847914
10,58,22.115085388027417
10,59,25.5610093711544
10,60,25.17849186978917
10,61,24.28540188546168
10,62,21.46403805458933
10,63,20.113349116823183
10,64,20.275861606548983
10,65,18.5473785746223
10,66,15.708758836901579
10,67,15.836281442589732
10,68,15.842689058669755
10,69,12.56617486807362
10,70,11.062226757318767
10,71,12.996519384965316
10,72,12.105663283994614
10,73,8.334108176353118
10,74,8.233935597285548
10,75,11.058112647350368
10,76,9.882862051687052
10,77,6.6883007749142
10,78,9.081358374178121
10,79,11.692865703462239
10,80,10.326597553795079
10,81,10.254329395692704
10,82,13.751731898406021
10,83,15.0214563376172
10,84,14.471635162397474
10,85,16.210549093541463
10,86,18.909676602278605
10,87,19.649722312821837
10,88,19.930864159181098
10,89,22.305311997640185
10,90,24.228152840530825
10,91,24.619857015707108
10,92,26.355251351081577
10,93,28.505725831650164
10,94,29.87172276258453
10,95,30.94030115571045
10,96,33.07188135011123
11,1,17.044919196502086
11,2,14.5808533526743
11,3,12.160518688759094
11,4,10.432478729159946
11,5,9.764280367966004
11,6,8.720836733661928
11,7,6.260555515661831
11,8,5.082925027629777
11,9,5.407635033193666
11,10,3.8107572158153933
11,12,3.8136612749161403
11,13,5.351254156954458
11,14,4.956261391379304
11,15,6.075265146230383
11,16,8.568294817272388
11,17,9.821923175770864
11,18,10.208635897063958
11,19,12.187914538002223
11,20,14.241724748820412
11,21,15.096259142696203
11,22,15.884677349298396
11,23,18.40433285696668
11,24,19.71721071804756
11,25,20.360234674639567
11,26,21.70749713904045
11,27,24.123917167390022
11,28,27.47404843083574
11,29,27.521085583610038
11,30,29.992570792501272
11,31,28.731381167366983
11,32,24.993480234325844
11,33,23.246144837193373
11,34,19.686970254853335
11,35,21.11530445193271
11,36,20.030794802986044
11,37,16.789710421357626
11,38,16.613464072782616
11,39,16.99341702561838
11,40,14.84969704722525
11,41,11.847601980250463
11,42,13.288371784546333
11,43,13.607659278037989
11,44,9.988770941550078
11,45,9.34634167434666
11,46,12.507741902718413
11,47,11.490277377769939
11,48,8.162674511659631
11,49,10.393505365133452
11,50,13.265946006476655
11,51,15.504297117088845
11,52,16.724783799661513
11,53,19.501842380702502
11,54,20.712507556028704
11,55,21.469854568312794
11,56,19.521548398806477
11,57,18.937435415050864
11,58,19.6617444213201
11,59,23.26403143239174
11,60,23.3862531343644
11,61,22.864492682814127
11,62,20.35857116458038
11,63,18.437459890075477
11,64,18.45662400642767
11,65,17.37382776605791
11,66,14.413740081917734
11,67,13.78083182964135
11,68,14.253610255902075
11,69,11.568398487533639
11,70,9.059348148126626
11,71,10.760931931791653
11,72,10.863665898403617
11,73,7.537756840185846
11,74,5.744827106284085
11,75,8.57576711090884
11,76,8.619185055998257
11,77,5.488878549794124
11,78,6.433045180411435
11,79,9.79776155657458
11,80,9.520297527084182
11,81,8.800914159288215
11,82,11.731972648105971
11,83,13.77238314148946
11,84,13.783090127214527
11,85,14.819972872970434
11,86,17.404137292149425
11,87,18.852956209607726
11,88,19.17953131785438
11,89,20.987854470061663
11,90,23.14602108428493
11,91,24.00379140583827
11,92,25.413095661624297
11,93,27.340226587353932
11,94,29.145278531571947
11,95,30.261087918882687
11,96,32.00984266891625
12,1,18.769146048822808
12,2,15.755351589175119
12,3,13.958409174399
12,4,12.353895986965144
12,5,10.552625677682675
12,6,10.004367106811467
12,7,8.75797760879706
12,8,6.283934796429416
12,9,5.1844602698446005
12,10,5.505679829864518
12,11,3.8136612749161403
12,13,3.8088911672978214
12,14,5.402247672329907
12,15,4.987408523408711
12,16,6.0921405207742145
12,17,8.485089570466839
12,18,9.617410025043727
12,19,10.557895836012992
12,20,12.346970576712668
12,21,14.093108165568463
12,22,15.09466432563881
12,23,16.932026317804805
12,24,18.389805872682732
12,25,19.697730692106795
12,26,20.915603075714877
12,27,22.830013218739282
12,28,26.366695682901177
12,29,26.80053373556038
12,30,29.14136530042946
12,31,27.960152572682738
12,32,24.205427081413735
12,33,22.189124567780336
12,34,18.618651109362986
12,35,19.496369780683164
12,36,17.84507195326692
12,37,14.31493849158474
12,38,13.994497655654843
12,39,15.096773856452531
12,40,13.28899079057763
12,41,9.932338558395328
12,42,11.92537418764532
12,43,13.064628261252281
12,44,9.776992773550166
12,45,9.31940294672874
12,46,13.01355587747795
12,47,12.78378033489424
12,48,10.141725027039785
12,49,12.27836771291993
12,50,15.319653718007176
12,51,16.910030014745285
12,52,17.788786686655257
12,53,20.043742622130452
12,54,21.12388480459741
12,55,21.201617864552777
12,56,19.174942792343156
12,57,19.06974761893612
12,58,19.76954941664518
12,59,23.44646926788936
12,60,23.56101760395221
12,61,23.504500333754834
12,62,20.73267742024693
12,63,18.60670376165389
12,64,19.357825537962565
12,65,18.533264180237673
12,66,15.109156836377807
12,67,14.893404193850738
12,68,16.174523278413915
12,69,13.481437060065478
12,70,10.78318082329091
12,71,13.228176646731535
12,72,13.914108076554571
12,73,10.676260279576047
12,74,8.748476503308336
12,75,11.83711570579461
12,76,12.376596925348537
12,77,9.262541857469271
12,78,9.567578071295864
12,79,13.185726085683394
12,80,12.834147714997492
12,81,11.313816748433359
12,82,14.173723219821774
12,83,16.640006986014942
12,84,16.150774977679504
12,85,16.652433920258222
12,86,19.652091789570623
12,87,21.20839942665507
12,88,20.933170453641438
12,89,22.660694600775
12,90,25.231851958815373
12,91,25.83648248746418
12,92,26.844072337732737
12,93,29.076588935848164
12,94,30.986795993861765
12,95,31.691740385475107
12,96,33.45024477881577
13,1,20.152011409662272
13,2,17.163145575054337
13,3,14.884898076996777
13,4,14.140626385374711
13,5,12.32871467500287
13,6,10.634417021543083
13,7,9.863839768814326
13,8,8.631943015503408
13,9,6.199421695826406
13,10,5.025599585417454
13,11,5.351254156954458
13,12,3.8088911672978214
13,14,3.809757135216907
13,15,5.421509202750968
13,16,5.157344998405783
13,17,5.957386840122415
13,18,8.202553720576422
13,19,9.832496290089466
13,20,10.60140174162029
13,21,11.920184370356443
13,22,13.752316338549871
13,23,15.71237399685829
13,24,16.422520114802733
13,25,17.807815681221008
13,26,19.638896143236824
13,27,21.477126700971684
13,28,24.825001011516804
13,29,25.563780851876817
13,30,28.26619261302404
13,31,27.559395253584384
13,32,23.752529542077564
13,33,22.237215266822435
13,34,18.46920350357984
13,35,18.98497758152759
13,36,17.683452927312008
13,37,14.213079486706192
13,38,14.89593367964241
13,39,16.1610952572688
13,40,13.677961811539872
13,41,10.984189356574067
13,42,13.759758789054283
13,43,14.246445839016467
13,44,10.757711188759924
13,45,11.54225168403356
13,46,14.98988484834451
13,47,14.0083493464146
13,48,11.642626567371021
13,49,14.54682895196364
13,50,17.02014295736014
13,51,19.057651900774566
13,52,19.41472997007646
13,53,21.90986810501784
13,54,22.41780625966888
13,55,22.569058040949876
13,56,20.007089966512776
13,57,19.33060579140868
13,58,19.283247259809187
13,59,22.737697041580656
13,60,22.241945318816377
13,61,21.846272118836257
13,62,18.729618010383092
13,63,17.167587632116167
13,64,18.1788936243597
13,65,16.7709557435793
13,66,13.355025993456715
13,67,14.051787817864271
13,68,15.116029432214503
13,69,11.910939958173703
13,70,10.106594983033393
13,71,13.167870420978916
13,72,13.327841329926715
13,73,9.923083824006957
13,74,9.26256122619
13,75,12.881041790359335
13,76,12.996899135537534
13,77,10.307430938287016
13,78,11.732561789445157
13,79,15.04962180280755
13,80,14.548981042714164
13,81,13.869008210562901
13,82,16.974698635008533
13,83,18.97381442357464
13,84,18.58423963774654
13,85,19.644075939985118
13,86,22.50733980731518
13,87,23.753414108728826
13,88,23.73902165207742
13,89,25.750217307223323
13,90,28.065750996570365
13,91,28.580024064292992
13,92,29.893455056978215
13,93,32.11891385146862
13,94,33.80460639873093
13,95,34.63854884639946
13,96,36.57550700136871
14,1,21.414990484007543
14,2,18.876843793732053
14,3,16.190035109387672
14,4,15.073221103487997
14,5,14.140704356351144
14,6,12.375344773852975
14,7,10.48444771079332
14,8,9.789183101763973
14,9,8.596746309546543
14,10,6.091702585289751
14,11,4.956261391379304
14,12,5.402247672329907
14,13,3.809757135216907
14,15,3.812371006964418
14,16,5.5453533303255425
14,17,5.247029995808265
14,18,5.76807744497675
14,19,8.455369563518751
14,20,9.9459000023645
14,21,10.305117343178212
14,22,11.529786542307964
14,23,14.192153382406316
14,24,15.049201139386922
14,25,15.687164718884473
14,26,17.41660284183819
14,27,19.784844194814067
14,28,23.00387002198084
14,29,23.278703071070833
14,30,26.021744248840292
14,31,25.18777163417794
14,32,21.394886785648744
14,33,20.113658059282013
14,34,16.355850552077523
14,35,17.466397115342893
14,36,16.823638146753577
14,37,13.78680174668431
14,38,14.665434729724803
14,39,15.046037406520801
14,40,12.113910268083739
14,41,9.955668319690913
14,42,12.392599863219749
14,43,11.94579596380613
14,44,8.216866060624172
14,45,9.567291721758519
14,46,12.48595222503762
14,47,10.826267385636285
14,48,8.677737567653324
14,49,12.067483365447526
14,50,13.971052109474837
14,51,16.32862991191892
14,52,16.413771832669728
14,53,19.211754061226284
14,54,19.50557020509238
14,55,20.086126846270474
14,56,17.41851386222643
14,57,16.30315035133436
14,58,16.223377514496296
14,59,19.65875929682072
14,60,19.273218659999365
14,61,18.707419853131466
14,62,15.86722688428796
14,63,14.19760470046143
14,64,14.741550047623758
14,65,13.408644054485025
14,66,10.129184036806574
14,67,10.430465013778566
14,68,11.368943222419642
14,69,8.33178517756238
14,70,6.298842250849561
14,71,9.45032171273919
14,72,9.89117045581266
14,73,6.901910519143057
14,74,6.1810894478057605
14,75,9.977538331332767
14,76,10.64290372847625
14,77,8.855618958593167
14,78,10.186177177074113
14,79,13.360481115648362
14,80,13.697524003318843
14,81,13.563751146723796
14,82,16.193646833604692
14,83,18.189563156739524
14,84,18.575560987681065
14,85,19.658935522167702
14,86,22.043557494726915
14,87,23.590179153303637
14,88,24.097907818481186
14,89,25.815878053974103
14,90,27.910572287156164
14,91,28.898702724217873
14,92,30.32916212549815
14,93,32.16083276567606
14,94,34.01426096586543
14,95,35.19904982237923
14,96,36.887001728522904
15,1,22.98260953396734
15,2,20.27730859636101
15,3,18.085057917212875
15,4,16.339102549760327
15,5,15.174950698854351
15,6,14.289668321833867
15,7,12.306000859622591
15,8,10.496137836193828
15,9,9.848282539802257
15,10,8.572438108898059
15,11,6.075265146230383
15,12,4.987408523408711
15,13,5.421509202750968
15,14,3.812371006964418
15,16,3.8110841277158833
15,17,5.653976179620453
15,18,5.094249159470619
15,19,6.182794649444434
15,20,8.754942828628781
15,21,10.039356410266338
15,22,10.367079846594542
15,23,12.513303318091786
15,24,14.254057773208867
15,25,15.16211456679174
15,26,16.132786621092038
15,27,18.311315517978255
15,28,21.80100509444055
15,29,21.97669975043892
15,30,24.312820614838877
15,31,23.12074632161126
15,32,19.35262449614839
15,33,17.534284632153515
15,34,13.892245345918715
15,35,15.074201822631524
15,36,14.002716340063339
15,37,10.885696814335141
15,38,11.173891373897861
15,39,11.499106557693535
15,40,8.970036538182462
15,41,6.302098955683805
15,42,8.706817140121277
15,43,8.842873873741045
15,44,5.371447233115719
15,45,6.606612227464686
15,46,9.885938343895393
15,47,9.231484060236959
15,48,7.7672153487764835
15,49,10.723193309376455
15,50,12.86579861946533
15,51,14.430065000019482
15,52,14.356903851566647
15,53,16.642336488363167
15,54,17.066033145175716
15,55,17.155735270615516
15,56,14.695030742148889
15,57,14.282738776978299
15,58,14.799378295495163
15,59,18.471771735946362
15,60,18.671901912336782
15,61,18.84757957249956
15,62,16.24347889292145
15,63,13.805508878960381
15,64,14.69484589262201
15,65,14.322001040652196
15,66,10.766533312355005
15,67,10.404515767206847
15,68,12.393872485906064
15,69,10.25863134247042
15,70,7.194209659799871
15,71,10.184011261365313
15,72,11.852748890277281
15,73,9.524928378483647
15,74,7.340850860859481
15,75,10.718608950482702
15,76,12.418578577950715
15,77,10.563206322274887
15,78,10.528635257075875
15,79,14.121408882014572
15,80,14.968575200611033
15,81,14.006023374613173
15,82,16.14347678833206
15,83,18.797523169162435
15,84,19.217278271032416
15,85,19.562467757381054
15,86,22.04143458744392
15,87,24.07364163861863
15,88,24.27420701948755
15,89,25.551749217416873
15,90,28.0003422281853
15,91,29.145183633707287
15,92,30.126523306589448
15,93,31.952586832608908
15,94,34.14671853748864
15,95,35.12977238792644
15,96,36.54511876519863
16,1,24.667130329521633
16,2,21.609414455329386
16,3,19.61466341896538
16,4,18.326986109618332
16,5,16.483879863236975
16,6,15.436487542914504
16,7,14.302315012362584
16,8,12.33504957496517
16,9,10.597865336227581
16,10,9.880887974088262
16,11,8.568294817272388
16,12,6.0921405207742145
16,13,5.157344998405783
16,14,5.5453533303255425
16,15,3.8110841277158833
16,17,3.8100128458631493
16,18,5.35755877050043
16,19,5.159785548172017
16,20,6.312935918571387
16,21,8.646447464159062
16,22,9.91392750694781
16,23,11.180127974874777
16,24,12.530095998650813
16,25,14.321177260960894
16,26,15.576911449808264
16,27,17.075666828034404
16,28,20.63246777081659
16,29,21.4555330699181
16,30,23.877966788049157
16,31,23.10419260441713
16,32,19.337364006843156
16,33,17.59658731638548
16,34,13.892639394304254
16,35,14.086167537565835
16,36,12.546901911166453
16,37,9.057466955020473
16,38,10.022107136068792
16,39,11.442400038823601
16,40,8.961756486474634
16,41,6.600100613542805
16,42,10.049517673788321
16,43,10.702668828332975
16,44,7.9868592904884474
16,45,9.68690878382906
16,46,12.945013261889814
16,47,12.584272743016781
16,48,11.541012410770202
16,49,14.440966597840074
16,50,16.522435559879217
16,51,17.84577872172628
16,52,17.415703062802386
16,53,19.321077292341055
16,54,19.368070350976243
16,55,18.877941545195704
16,56,16.136883656537513
16,57,15.869537746310037
16,58,15.84613640103353
16,59,19.32218979753353
16,60,19.091078547479928
16,61,19.47797779848364
16,62,16.438042491043365
16,63,14.278661593818061
16,64,16.027238005592952
16,65,15.481027031093237
16,66,11.697561710375114
16,67,12.384287995542012
16,68,14.668257259714018
16,69,12.265180167488557
16,70,9.940503971307397
16,71,13.398553156909923
16,72,14.818147975937203
16,73,12.296612706351222
16,74,10.821155892278906
16,75,14.388314326368427
16,76,15.739906119082121
16,77,13.621062131462004
16,78,13.987035216469431
16,79,17.613638841854197
16,80,18.013549306999394
16,81,16.908460991367274
16,82,19.36466721748236
16,83,21.984504970948375
16,84,21.970221758810357
16,85,22.34256549270771
16,86,25.12105227585646
16,87,26.96332152339605
16,88,26.84093092778031
16,89,28.31124289363375
16,90,30.91534087686728
16,91,31.751014401790965
16,92,32.64120329611638
16,93,34.74155539788651
16,94,36.83728040147008
16,95,37.566205529535075
16,96,39.14430795963837
17,1,25.920206711886117
17,2,23.06365835744322
17,3,20.59115676272707
17,4,19.76377717216666
17,5,18.22572230218488
17,6,16.438364027773794
17,7,15.260319668762358
17,8,14.174658249981245
17,9,12.14554995683136
17,10,10.375771956256704
17,11,9.821923175770864
17,12,8.485089570466839
17,13,5.957386840122415
17,14,5.247029995808265
17,15,5.653976179620453
17,16,3.8100128458631493
17,18,3.795430536736589
17,19,5.437492283628716
17,20,5.135254187389242
17,21,5.992287144804611
17,22,8.291662699188578
17,23,10.170516678607909
17,24,10.497065157128885
17,25,11.97266774881326
17,26,14.015624431287163
17,27,15.729413326223767
17,28,18.965804228466503
17,29,19.8956411556617
17,30,22.765810509081653
17,31,22.46197771878046
17,32,18.68422397886157
17,33,17.679393248807774
17,34,13.854307494928987
17,35,13.969423489505623
17,36,13.313750376961654
17,37,10.388282450615792
17,38,12.417788728114923
17,39,13.391063332984402
17,40,10.158088480819572
17,41,9.016332663149976
17,42,12.475866308372328
17,43,12.040980007000462
17,44,9.187425321181664
17,45,11.780750036577842
17,46,14.499724201754612
17,47,13.195664794854975
17,48,12.36424384207952
17,49,15.821797296828013
17,50,17.272548704884187
17,51,19.1304556253889
17,52,18.299196007162486
17,53,20.570596962188667
17,54,20.08285670356688
17,55,19.959353402771683
17,56,16.7627970799129
17,57,15.661484769619664
17,58,14.786971646593399
17,59,17.938728144559914
17,60,17.037978745244278
17,61,16.91839042844357
17,62,13.579720471814325
17,63,12.092466532364272
17,64,13.933629085320742
17,65,12.7448059431015
17,66,9.06300256366256
17,67,10.745873621062266
17,68,12.679243525660043
17,69,9.978730945657952
17,70,8.752539614979334
17,71,12.536300312584615
17,72,13.489298237800492
17,73,11.219374407970363
17,74,10.849480082070698
17,75,14.568515029703045
17,76,15.626553415948969
17,77,14.099611394442913
17,78,15.209912678768472
17,79,18.489226147169138
17,80,18.930184942234874
17,81,18.565091233504234
17,82,21.133618645510925
17,83,23.34825573218054
17,84,23.604076667653203
17,85,24.45885375998103
17,86,27.00452726734643
17,87,28.65252475028568
17,88,28.91566043565692
17,89,30.569214389981706
17,90,32.87297120464241
17,91,33.77644531022256
17,92,35.00122878770941
17,93,36.9713998900752
17,94,38.91004229355034
17,95,39.89120798281718
17,96,41.56398866280156
18,1,27.100236374805544
18,2,24.51683038497476
18,3,21.936206662416446
18,4,20.6158818852994
18,5,19.608665597937527
18,6,18.081389378659097
18,7,16.154124778419856
18,8,15.063775753397163
18,9,13.922579806611726
18,10,11.82851911513611
18,11,10.208635897063958
18,12,9.617410025043727
18,13,8.202553720576422
18,14,5.76807744497675
18,15,5.094249159470619
18,16,5.35755877050043
18,17,3.795430536736589
18,19,3.8005784806205227
18,20,5.509339310603813
18,21,5.263450196363499
18,22,5.777835707438545
18,23,8.564524558177705
18,24,9.696442419357739
18,25,10.223131508548592
18,26,11.685816992503131
18,27,14.056913508602944
18,28,17.304456290762477
18,29,17.58030335354908
18,30,20.30934072714178
18,31,19.644040362057133
18,32,15.842352743784891
18,33,14.841580790067379
18,34,11.02128193436026
18,35,11.98276813209469
18,36,11.968306587638175
18,37,9.631311315315877
18,38,11.504028586444191
18,39,11.390351242681882
18,40,7.7881966454419596
18,41,7.382993140281482
18,42,10.286131132412727
18,43,8.936131264924244
18,44,6.251407816845519
18,45,9.533311654648598
18,46,11.553563287064216
18,47,9.988053807561538
18,48,9.969678480848916
18,49,13.46507231893811
18,50,14.331749524585382
18,51,16.095891621442977
18,52,14.865134435441202
18,53,17.179221785681655
18,54,16.46870836550375
18,55,16.58963042405209
18,56,13.324081236637328
18,57,11.975523567092527
