1,2,3.8131647114010283
1,3,6.591451970743033
1,4,9.177383631197516
1,5,9.03289966611267
1,6,9.478212852157183
1,7,12.406679284393507
1,8,13.744208117424328
1,9,14.168631640634976
1,10,15.707000406430543
1,11,18.038827576477058
1,12,19.0304314998297
1,13,20.027491072977796
1,14,21.828998821447303
1,15,24.003429570342256
1,16,24.641711815089995
1,17,25.9073059026668
1,18,28.1894083217689
1,19,29.859759691555713
1,20,30.03150656460443
1,21,33.38551752454334
1,22,33.03215436935598
1,23,31.320308553098354
1,24,29.471930839354116
1,25,27.52141256112026
1,26,26.67420644397303
1,27,25.678457570028115
1,28,23.44502509239677
1,29,21.641579865716356
1,30,21.277088662084104
1,31,19.904050563909728
1,32,17.034083262646135
1,33,16.601572995956516
1,34,16.55151897633509
1,35,13.774297699868262
1,36,11.597043630452562
1,37,12.817758501128385
1,38,12.175954035493396
1,39,8.409618129979423
1,40,8.633771298736846
1,41,10.79132847052844
1,42,8.456463491472972
1,43,6.498657656372691
1,44,9.017621385597554
1,45,10.865242389198059
1,46,11.946778618712456
1,47,15.40070953864877
1,48,15.140475001051495
1,49,13.566077475810621
1,50,17.128310187597908
1,51,17.87870755671368
1,52,17.585951123139825
1,53,15.616622706361811
1,54,19.22710958099647
1,55,20.33476831770507
1,56,21.70895408900086
1,57,19.218496857098312
1,58,16.126105515732455
1,59,18.542991024039985
1,60,19.396321326564028
1,61,15.927371963291808
1,62,15.345932107949366
1,63,18.958856507688097
1,64,18.366804723604247
1,65,16.275470559356805
1,66,18.97134724244818
1,67,21.370082989320974
1,68,19.41607393858429
1,69,19.075049143546334
1,70,22.734769595401996
1,71,23.691786942802587
1,72,21.955170814201477
1,73,24.03663200409642
1,74,27.10442968589072
1,75,26.86585084760614
1,76,26.266891275361843
1,77,29.506693183779543
1,78,31.423386325626684
1,79,29.996353293634588
1,80,30.939018913927256
1,81,34.43812622964721
1,82,34.595790381395915
1,83,34.91324111192572
1,84,33.316995804323795
1,85,34.41310206901707
1,86,33.67234654982945
1,87,30.08801965661101
1,88,29.619893633812474
1,89,31.21213124284115
1,90,29.030988371713086
1,91,25.843227873210573
1,92,27.343814553955806
1,93,26.225501637226433
1,94,22.64554384760617
1,95,23.846193235114292
1,96,25.071061948141963
1,97,22.05910286979982
1,98,19.778564127138804
1,99,22.383050446743844
1,100,22.63088630332737
1,101,18.965630039409707
1,102,18.18904596628308
1,103,18.019467876781547
2,1,3.8131647114010283
2,3,3.805297933652969
2,4,5.460731422348251
2,5,5.829214915294978
2,6,7.062382179340282
2,7,9.356496367167576
2,8,10.533558650720568
2,9,11.708418270705806
2,10,13.236954035434604
2,11,15.024210117040932
2,12,16.13826534932534
2,13,17.645210057373202
2,14,19.2602473106708
2,15,21.144493506214868
2,16,22.146229651710822
2,17,23.61700252911734
2,18,25.562623648050252
2,19,27.211193481496593
2,20,27.765565176312048
2,21,31.27364398702048
2,22,31.29814375801751
2,23,29.882297354020018
2,24,28.24904153914853
2,25,25.91671948839999
2,26,25.03984147013277
2,27,24.564512191004216
2,28,22.340649915127123
2,29,20.046989618970965
2,30,19.95740087786085
2,31,19.189559942644824
2,32,16.022900833811654
2,33,15.195948381353091
2,34,15.912076567933214
2,35,13.647486138804764
2,36,10.637824079164812
2,37,11.914504071561987
2,38,12.44471320369305
2,39,8.938579673800707
2,40,7.879218483430119
2,41,10.855692326375058
2,42,9.752151435854367
2,43,7.123528159677966
2,44,8.930607501242768
2,45,9.412165418520932
2,46,10.428248433145017
2,47,13.965080591409595
2,48,14.559863446067657
2,49,13.635517172818806
2,50,17.418661244365502
2,51,18.306007547830912
2,52,18.62771609747012
2,53,16.902621200822207
2,54,20.43902241649467
2,55,20.934715809918842
2,56,21.79140416615889
2,57,18.843148238820838
2,58,16.21015004534694
2,59,18.790750697718938
2,60,18.894420184254077
2,61,15.170842403716946
2,62,15.23795816849452
2,63,18.57674585038766
2,64,17.26282620611257
2,65,15.453589586743297
2,66,18.66145353217528
2,67,20.46125436713234
2,68,18.129548160393863
2,69,18.366773112873016
2,70,22.083724926585703
2,71,22.459846671361056
2,72,20.79503759161185
2,73,23.371490336876676
2,74,26.11022002062986
2,75,25.56301654735251
2,76,25.38733872741783
2,77,28.799669234840128
2,78,30.31647975110589
2,79,28.842947608244003
2,80,30.230125683535462
2,81,33.58173742328773
2,82,33.44756987076605
2,83,33.47690942918814
2,84,31.57409768319835
2,85,32.39452632866098
2,86,31.88986115055295
2,87,28.40281944623718
2,88,27.50832648028712
2,89,29.054085903077898
2,90,27.197176812068353
2,91,23.806051222477198
2,92,24.960962956777877
2,93,24.11910325837688
2,94,20.424836718818977
2,95,21.152543046275408
2,96,22.561561632368104
2,97,19.874713897770974
2,98,17.163217037934793
2,99,19.520920292107366
2,100,20.179713679236325
2,101,16.611912274684695
2,102,15.377072199188584
2,103,15.643346681505207
3,1,6.591451970743033
3,2,3.805297933652969
3,4,3.8148470795510208
3,5,5.5976275536500255
3,6,5.296747786061446
3,7,6.639397189544971
3,8,8.988665763283105
3,9,10.297366997061504
3,10,10.792893228133611
3,11,12.5687432749457
3,12,14.442606021481424
3,13,15.819210417913439
3,14,16.802797158690133
3,15,18.978141807421554
3,16,20.377262266115807
3,17,21.43672410505803
3,18,23.159854322783975
3,19,25.206738938770783
3,20,25.919424303924064
3,21,29.518764278516937
3,22,29.59012122921571
3,23,28.07800312545396
3,24,26.874342094720234
3,25,24.52129943209005
3,26,23.170317209159972
3,27,22.895843388715686
3,28,21.1401064862966
3,29,18.492729156225565
3,30,17.972166745980374
3,31,17.760246359235087
3,32,14.877406350676798
3,33,13.207616058388906
3,34,13.94194050756297
3,35,12.483824428856538
3,36,9.093068047523154
3,37,9.40515148826526
3,38,10.655390652484591
3,39,7.890435537557795
3,40,5.357265113632944
3,41,8.401779339525195
3,42,8.558901384950147
3,43,6.019932466898017
3,44,7.4660326473290235
3,45,7.278889435213327
3,46,9.371684015513242
3,47,12.307590157897197
3,48,12.944694278079709
3,49,13.027208908471103
3,50,16.830041862533395
3,51,17.152311315086692
3,52,17.53834411409317
3,53,15.671140459870552
3,54,18.88557777152251
3,55,19.047400524948742
3,56,19.32261089431915
3,57,16.25790979613959
3,58,13.858906012939556
3,59,16.23051674080245
3,60,15.80086275239917
3,61,11.999349112388805
3,62,12.350002408581924
3,63,15.397760828428892
3,64,13.720511270309448
3,65,12.17197909036412
3,66,15.624864043988305
3,67,17.08075313562096
3,68,14.76563812205527
3,69,15.488389275770336
3,70,19.10095820781111
3,71,19.303584653345773
3,72,18.022031310837885
3,73,20.791581288387597
3,74,23.24599183838851
3,75,22.860373845909034
3,76,23.100863693370012
3,77,26.42569293088987
3,78,27.84114257520632
3,79,26.690237416579983
3,80,28.306080513504494
3,81,31.463242902033624
3,82,31.438246313247006
3,83,31.123353235074408
3,84,29.276014106661925
3,85,29.79183196165989
3,86,29.09975441935143
3,87,25.755824791929562
3,88,24.79789976106218
3,89,26.014365866364177
3,90,24.10028310576795
3,91,20.782546826825715
3,92,21.700512244890266
3,93,20.645331702244906
3,94,17.014063538204677
3,95,17.71297623475619
3,96,18.886981290551233
3,97,16.138025248963846
3,98,13.491102777154556
3,99,15.884403530925121
3,100,16.414924268065494
3,101,12.862374888520666
3,102,11.895391534799455
3,103,12.428585976873258
4,1,9.177383631197516
4,2,5.460731422348251
4,3,3.8148470795510208
4,5,3.8094523591879326
4,6,5.411663837299229
4,7,5.260214172204095
4,8,6.488899172800326
4,9,9.016720750716651
4,10,9.922515452724058
4,11,10.634372191876816
4,12,12.252468405787013
4,13,14.425026408216775
4,14,15.429604012865724
4,15,16.946418720653178
4,16,18.62455961763494
4,17,20.171827418777788
4,18,21.516546148307263
4,19,23.274877963603124
4,20,24.40359920106225
4,21,28.096149474965184
4,22,28.62801244938044
4,23,27.58062468506092
4,24,26.4319892133352
4,25,23.66125806271592
4,26,22.574845042031292
4,27,22.874739311800397
4,28,20.931235680846537
4,29,17.948111555697963
4,30,18.069116051433255
4,31,18.340828656845485
4,32,15.118542544201821
4,33,13.515148847858546
4,34,15.21189911964526
4,35,14.062984992638334
4,36,10.331048943783387
4,37,11.198950465403488
4,38,13.305716314001575
4,39,10.83582855254587
4,40,8.3608026303611
4,41,11.673221888323244
4,42,12.313820731194703
4,43,9.776160912927084
4,44,10.581136057154897
4,45,9.193900951809926
4,46,10.431671414138505
4,47,13.326359022864706
4,48,14.920424578484306
4,49,15.223824682767026
4,50,18.973282661483054
4,51,19.679485287927726
4,52,20.57920851971657
4,53,19.054409452746206
4,54,22.213672266046853
4,55,21.97270835549945
4,56,21.958707097494557
4,57,18.611328786210674
4,58,16.743581450460674
4,59,19.183664935546652
4,60,18.18763455880086
4,61,14.403294502197696
4,62,15.268114007175019
4,63,17.8827687537014
4,64,15.566920299873889
4,65,14.29806152558492
4,66,17.97812421227539
4,67,18.774876201980362
4,68,16.02487675276619
4,69,17.149302935292926
4,70,20.70881499617153
4,71,20.224928803904263
4,72,18.829609580383686
4,73,22.008515157140202
4,74,24.13281199051092
4,75,23.23217762172387
4,76,23.754360154785108
4,77,27.26149777426693
4,78,28.19089000543732
4,79,26.800916137079277
4,80,28.803865106663988
4,81,31.831550257633957
4,82,31.369257066207563
4,83,30.90433129857804
4,84,28.655378405895107
4,85,28.98968531826123
4,86,28.742007974955314
4,87,25.499188868202616
4,88,24.024116131433487
4,89,25.370917132723
4,90,23.98123245040888
4,91,20.415258534963275
4,92,20.98225615915935
4,93,20.51172898513322
4,94,16.78258194276675
4,95,16.7725459155769
4,96,18.39954237040871
4,97,16.290813841500935
4,98,13.03085198892921
4,99,14.974329193279456
4,100,16.290504409770385
4,101,13.098033333299258
4,102,11.335557936271416
4,103,12.587236610502512
5,1,9.03289966611267
5,2,5.829214915294978
5,3,5.5976275536500255
5,4,3.8094523591879326
5,6,3.812868998569482
5,7,5.376226038444513
5,8,4.94795977988814
5,9,6.5243437339807615
5,10,8.738490264327258
5,11,9.952955917526449
5,12,10.492123661501044
5,13,12.406150722234555
5,14,14.271026171916875
5,15,15.685590234851388
5,16,16.659448647012688
5,17,18.521299323845
5,18,20.330040017701545
5,19,21.679219735671854
5,20,22.416057018651035
5,21,25.972943824607416
5,22,26.348509926218522
5,23,25.35908268298494
5,24,23.81078828490245
5,25,21.072656580158334
5,26,20.43170643503859
5,27,20.553272921436456
5,28,18.17969367630874
5,29,15.492499034878913
5,30,16.105549893389522
5,31,15.952877745975202
5,32,12.419831536495659
5,33,11.64081475050641
5,34,13.631437566433457
5,35,11.98990137941055
5,36,8.46480904597303
5,37,10.571571712220095
5,38,12.558408746910084
5,39,9.98243292800527
5,40,8.714399281570536
5,41,12.487377832081538
5,42,12.96452766250458
5,43,11.200532151108959
5,44,13.040849911155233
5,45,12.459575230152856
5,46,13.871716494170213
5,47,16.9478824736208
5,48,18.214556939499317
5,49,18.2105143904227
5,50,22.025383298047476
5,51,22.644401137979624
5,52,23.117284369335305
5,53,21.175537711121454
5,54,24.354528355111338
5,55,24.58658996988341
5,56,24.64550726147528
5,57,21.539352733668
5,58,19.2776833965196
5,59,21.364169970035135
5,60,20.586266281450317
5,61,16.80617804185456
5,62,16.92738640596557
5,63,19.51397219782866
5,64,17.24490908918167
5,65,15.22844273147352
5,66,18.67405426324751
5,67,19.60071018879581
5,68,16.481267673687174
5,69,16.90394176674999
5,70,20.60097226726159
5,71,20.079001164796722
5,72,18.018189528229197
5,73,21.065978505154845
5,74,23.456349322623602
5,75,22.178765846987115
5,76,22.2247187093352
5,77,25.883403603592388
5,78,26.804548590455294
5,79,24.99044555814637
5,80,26.82092310419536
5,81,30.018372423265067
5,82,29.372077229209527
5,83,29.2928810631738
5,84,26.992523143831217
5,85,27.75943238078293
5,86,27.73893649663325
5,87,24.296370985076372
5,88,22.977663560280348
5,89,24.84628182644851
5,90,23.514894586614695
5,91,19.86616198160507
5,92,20.985004362808546
5,93,20.90676732306853
5,94,17.099578110863416
5,95,17.476563431074418
5,96,19.671350194851133
5,97,17.650467610173905
5,98,14.510340989574637
5,99,16.94826487175304
5,100,18.61025647597862
5,101,15.679843969779801
5,102,14.405537588521735
5,103,16.052284767458293
6,1,9.478212852157183
6,2,7.062382179340282
6,3,5.296747786061446
6,4,5.411663837299229
6,5,3.812868998569482
6,7,3.80635792477623
6,8,5.336084559073158
6,9,5.1978219521748565
6,10,6.28053577767776
6,11,8.719842977191576
6,12,9.933949251697033
6,13,10.824120541422445
6,14,12.370423879654235
6,15,14.608345585081004
6,16,15.477379040673322
6,17,16.634977494706767
6,18,18.732701715708355
6,19,20.544143706699387
6,20,20.942147331457928
6,21,24.461299732546802
6,22,24.45640262915618
6,23,23.035546383928526
6,24,21.694366275379863
6,25,19.27616158266537
6,26,18.125088065167997
6,27,17.92805467424169
6,28,15.979406876406244
6,29,13.299283252236847
6,30,13.175472785076533
6,31,13.036870332031976
6,32,9.877167492816602
6,33,8.4689284682317
6,34,10.057010824991506
6,35,8.76580677921436
6,36,5.013350104123325
6,37,6.7700679794915235
6,38,9.050124098479374
6,39,7.131813125461931
6,40,5.776453663786771
6,41,9.521916663033984
6,42,10.721298314871957
6,43,9.877038057259465
6,44,12.182650060669657
6,45,12.07335943896057
6,46,14.442978977893658
6,47,17.077999756402686
6,48,17.76492829347444
6,49,18.199233149396715
6,50,21.964718463213135
6,51,21.93329404872543
6,52,21.957270272359516
6,53,19.5744326875134
6,54,22.424089133104953
6,55,22.86340554544002
6,56,22.62830159737439
6,57,19.81774200257509
6,58,17.381739448302206
6,59,18.922441767781493
6,60,18.10910994494204
6,61,14.460032859581547
6,62,14.061883994686408
6,63,16.40685366030615
6,64,14.179017359948073
6,65,11.771981914077786
6,66,15.07738938940417
6,67,16.064269490202445
6,68,12.929056047591544
6,69,13.119163356627945
6,70,16.842916532294783
6,71,16.51369776654697
6,72,14.46444195263707
6,73,17.406732542818105
6,74,19.90017571942614
6,75,18.890519627511768
6,76,18.902209850950506
6,77,22.465622902320188
6,78,23.618568594481356
6,79,22.061960572601144
6,80,23.771014142308015
6,81,26.97215894461671
6,82,26.651393624431897
6,83,26.52792702929008
6,84,24.536468743284928
6,85,25.346052666395085
6,86,24.937630509994655
6,87,21.43833646148529
6,88,20.495381756598867
6,89,22.22467633397975
6,90,20.501224879191547
6,91,17.011462153636522
6,92,18.447322126720078
6,93,18.005212676834017
6,94,14.242571579441954
6,95,15.272234410037374
6,96,17.307872526571128
6,97,14.930861712773693
6,98,12.263626477258748
6,99,15.282122700475073
6,100,16.625098680776176
6,101,13.778531041957871
6,102,13.421487068347773
6,103,15.224821631828311
7,1,12.406679284393507
7,2,9.356496367167576
7,3,6.639397189544971
7,4,5.260214172204095
7,5,5.376226038444513
7,6,3.80635792477623
7,8,3.8049428000978147
7,9,5.3337982583639585
7,10,4.8176426245509845
7,11,5.932215116283681
7,12,8.22722453394851
7,13,9.786543999572865
7,14,10.37072749262452
7,15,12.389971161018712
7,16,14.109439087235955
7,17,15.18999871415077
7,18,16.62065142629205
7,19,18.695099802541865
7,20,19.687640371607845
7,21,23.388773866634406
7,22,23.83332204380927
7,23,22.69428500263112
7,24,21.889380814152908
7,25,19.148093516920458
7,26,17.684086722392856
7,27,18.19844484738081
7,28,16.68160425620624
7,29,13.403980020194842
7,30,13.291832422508602
7,31,14.212050646759817
7,32,11.33862273620425
7,33,9.038706497149686
7,34,11.26981824075552
7,35,11.185177651445537
7,36,7.46674180195486
7,37,7.9786783329540425
7,38,11.186474717171913
7,39,10.10556219741451
7,40,7.657039142204506
7,41,10.875379278755776
7,42,12.893076598112579
7,43,11.690836208163201
7,44,13.050274858928107
7,45,11.888266059527542
7,46,14.201411142604515
7,47,16.302177292346023
7,48,17.527900781270105
7,49,18.62079974334782
7,50,22.270647210689592
7,51,22.193565036683307
7,52,22.663631418992786
7,53,20.59393368631067
7,54,23.207186873494845
7,55,23.068215440607162
7,56,22.321307742947265
7,57,19.269304510492226
7,58,17.47164896083852
7,59,19.00716035707454
7,60,17.459603838895912
7,61,13.913960999913284
7,62,14.285164593270203
7,63,16.055375946546
7,64,13.15322584106066
7,65,11.512475939919218
7,66,15.10797715281601
7,67,15.241760377077233
7,68,11.962783663652258
7,69,13.164026244574263
7,70,16.578618192041095
7,71,15.560517145096219
7,72,14.03121149995271
7,73,17.449968915979426
7,74,19.300248689606555
7,75,18.151578479612397
7,76,18.911416665821235
7,77,22.430795800162173
7,78,23.114076832273927
7,79,21.792908399755955
7,80,24.01891587318415
7,81,26.874609230899626
7,82,26.37142244215541
7,83,25.7330156921796
7,84,23.498897953107846
7,85,23.770400122215552
7,86,23.482970035350863
7,87,20.260218369875986
7,88,18.78643728427158
7,89,20.172996322518642
7,90,18.806424332911806
7,91,15.194782829697278
7,92,15.951698903346902
7,93,15.693631542470134
7,94,11.898531690709744
7,95,12.19268977923353
7,96,14.302530634040023
7,97,12.380486751581103
7,98,9.206725379034701
7,99,11.874457852781802
7,100,13.683208189720386
7,101,11.183702556000956
7,102,10.5322300018864
7,103,12.991618205699842
8,1,13.744208117424328
8,2,10.533558650720568
8,3,8.988665763283105
8,4,6.488899172800326
8,5,4.94795977988814
8,6,5.336084559073158
8,7,3.8049428000978147
8,9,3.806442845096992
8,10,5.442185406959749
8,11,5.30287058458294
8,12,5.827978446131221
8,13,8.359660320369287
8,14,9.848085133797639
8,15,10.86971572047759
8,16,12.271100857886008
8,17,14.236772128855469
8,18,15.645174637703697
8,19,17.011906908320494
8,20,18.12639477382855
8,21,21.807959131754004
8,22,22.5823682165179
8,23,21.945913615498657
8,24,20.83805394303548
8,25,17.73814637052828
8,26,16.96312556107405
8,27,17.845431889824393
8,28,15.786321979369436
8,29,12.515439302597919
8,30,13.495578576595605
8,31,14.392803673119884
8,32,11.066407820992316
8,33,9.743837068254239
8,34,12.76052997616556
8,35,12.3608639394304
8,36,8.903090088087453
8,37,10.634871620870564
8,38,13.71521970133525
8,39,12.378232040020324
8,40,10.725154698026426
8,41,14.245125692414254
8,42,15.867170336832361
8,43,14.579196389491464
8,44,16.12002421624823
8,45,14.8947928603993
8,46,16.62926510652999
8,47,19.049616349566715
8,48,20.631500080976444
8,49,21.406057141165604
8,50,25.12591906683607
8,51,25.41150421593442
8,52,26.006039137275412
8,53,24.0006266706032
8,54,26.780964856391062
8,55,26.697916584344764
8,56,26.0658243419589
8,57,22.93991071491608
8,58,21.138840660658943
8,59,22.77458977533391
8,60,21.25980924149128
8,61,17.704364756974478
8,62,18.01455826212005
8,63,19.7764811821334
8,64,16.820780318199127
8,65,15.027058405834104
8,66,18.467477979262142
8,67,18.45991760835046
8,68,14.932457465368872
8,69,15.809305509665506
8,70,19.16987883660436
8,71,17.782980136809908
8,72,15.751422873760022
8,73,19.20453904372249
8,74,20.996949081463395
8,75,19.216419536339217
8,76,19.779837932086124
8,77,23.481408836135543
8,78,23.790414406972715
8,79,21.946013052425226
8,80,24.299185064790294
8,81,27.16651003602176
8,82,26.16326920063992
8,83,25.726778054712142
8,84,23.112813416213665
8,85,23.57037513903599
8,86,23.873695150496964
8,87,20.63188897613281
8,88,18.832061926978717
8,89,20.735078072575146
8,90,19.911128693027006
8,91,16.13009510527347
8,92,16.9583837189334
8,93,17.508436592302672
8,94,13.779247178462324
8,95,13.667871369951046
8,96,16.425480416494675
8,97,15.15303597254484
8,98,11.82831746076075
8,99,14.121823584240063
8,100,16.561583387102957
8,101,14.45796856631302
8,102,13.371714234496412
8,103,16.044739593940463
9,1,14.168631640634976
9,2,11.708418270705806
9,3,10.297366997061504
9,4,9.016720750716651
9,5,6.5243437339807615
9,6,5.1978219521748565
9,7,5.3337982583639585
9,8,3.806442845096992
9,10,3.8092868862674787
9,11,5.647899848822932
9,12,5.249352653833253
9,13,6.0031761817665545
9,14,8.405156608270628
9,15,10.117629703527914
9,16,10.49473185446727
9,17,12.157066843449128
9,18,14.376687402749088
9,19,15.713658101144935
9,20,16.068011004438826
9,21,19.586063958868408
9,22,19.8552190834369
9,23,18.89573846099386
9,24,17.525576715809514
9,25,14.689886848459599
9,26,13.949686254212287
9,27,14.390413630685156
9,28,12.180988253348112
9,29,9.130595781062455
9,30,10.148708895454423
9,31,10.689101221896218
9,32,7.279473141448876
9,33,6.442174295544972
9,34,9.666537264853982
9,35,9.262596038662576
9,36,6.394724012724951
9,37,8.800623678897042
9,38,11.729107689979081
9,39,10.960821678509596
9,40,10.281305061860367
9,41,13.65510746717044
9,42,15.392524500256533
9,43,15.00419132700563
9,44,17.24198504082452
9,45,16.737918106146914
9,46,18.98317503201489
9,47,21.414024448664932
9,48,22.449773477509506
9,49,23.169059530903436
9,50,26.914458360567394
9,51,26.834390812718695
9,52,26.909930191674956
9,53,24.44673993029466
9,54,27.05547802442561
9,55,27.41923485469827
9,56,26.757388203046613
9,57,23.9912206507008
9,58,21.8275263707008
9,59,22.962016106300943
9,60,21.68019421067521
9,61,18.273457153303895
9,62,17.81174336226849
9,63,19.408213234688453
9,64,16.67771226830431
9,65,14.206664711521961
9,66,17.199898749692462
9,67,17.356839951153823
9,68,13.680654572953497
9,69,13.744790396407845
9,70,17.109175696820444
9,71,15.859594181236746
9,72,13.233651961954815
9,73,16.42321617242412
9,74,18.51403487507108
9,75,16.582478291392125
9,76,16.63581403078405
9,77,20.40570929833462
9,78,20.889316811455803
9,79,18.819710471315027
9,80,20.912291594934324
9,81,23.96078570606524
9,82,23.040747523381867
9,83,22.956661065229717
9,84,20.54710560445545
9,85,21.48754676760793
9,86,21.67950676081699
9,87,18.19134334623403
9,88,16.885022965437006
9,89,19.181861516804858
9,90,18.084248100200615
9,91,14.40466012471684
9,92,16.039689551009253
9,93,16.619748130028835
9,94,12.98040267257194
9,95,13.771696503514258
9,96,16.718244013435406
9,97,15.2422037364629
9,98,12.549124326956907
9,99,15.496333406798204
9,100,17.73769325586039
9,101,15.809416548004533
9,102,15.573625667994833
9,103,18.261750502636055
10,1,15.707000406430543
10,2,13.236954035434604
10,3,10.792893228133611
10,4,9.922515452724058
10,5,8.738490264327258
10,6,6.28053577767776
10,7,4.8176426245509845
10,8,5.442185406959749
10,9,3.8092868862674787
10,11,3.806638849316742
10,12,5.650302035635143
10,13,5.533577428935947
10,14,6.160478845959756
10,15,8.902080532367604
10,16,10.051588736710338
10,17,10.654516305569011
10,18,12.581441101508503
10,19,14.757419975359111
10,20,15.288142379834756
10,21,18.9062395168675
10,22,19.12988464788915
10,23,17.89211586499859
10,24,17.23967936916798
10,25,14.570267908960442
10,26,12.88966316110131
10,27,13.545036011428953
10,28,12.320387790504562
10,29,8.850206165020332
10,30,8.724221412777093
10,31,10.27784700853255
10,32,7.867384081089434
10,33,5.183317140411599
10,34,8.33743522805485
10,35,9.34658646841933
10,36,6.5975845757755245
10,37,7.273838988271386
10,38,10.880863629435158
10,39,11.125715930502999
10,40,9.732506489323253
10,41,12.447873634074547
10,42,15.01613833053073
10,43,14.918174955566638
10,44,16.80096846326281
10,45,16.0833402556465
10,46,18.77017318508962
10,47,20.610553038562077
10,48,21.506875800690132
10,49,22.810262414610868
10,50,26.393268996678305
10,51,25.881431185492023
10,52,25.926610769228915
10,53,23.429944573594014
10,54,25.643751318095198
10,55,25.787546102885297
10,56,24.659485558261533
10,57,22.02310716386385
10,58,20.164646211006012
10,59,20.907215963757043
10,60,19.211133899527475
10,61,16.095159426620818
10,62,15.737177209013089
10,63,16.736377468758338
10,64,13.708513472447649
10,65,11.518883420092278
10,66,14.475999323097133
10,67,14.07453674911078
10,68,10.323552715164569
10,69,10.965684703517983
10,70,14.087230958193924
10,71,12.49684876251974
10,72,10.33962764742923
10,73,13.867605751672889
10,74,15.555889874213293
10,75,13.862028209364533
10,76,14.568333363803392
10,77,18.191590997403047
10,78,18.60310805828688
10,79,17.083368403473006
10,80,19.454590701132886
10,81,22.235977491426663
10,82,21.587085511505915
10,83,21.000604291750385
10,84,18.753592311971452
10,85,19.249518269893326
10,86,19.048463175338014
10,87,15.694952477587014
10,88,14.354946422565142
10,89,16.160238652863836
10,90,14.85036888951078
10,91,11.164056686416417
10,92,12.610513563902781
10,93,12.891154989578991
10,94,9.202458042677799
10,95,10.209115502193383
10,96,13.037879957047519
10,97,11.549180623215898
10,98,9.118682637528192
10,99,12.308884383789826
10,100,14.46280137015425
10,101,12.93754663707939
10,102,13.328086610675333
10,103,16.287786536929577
11,1,18.038827576477058
11,2,15.024210117040932
11,3,12.5687432749457
11,4,10.634372191876816
11,5,9.952955917526449
11,6,8.719842977191576
11,7,5.932215116283681
11,8,5.30287058458294
11,9,5.647899848822932
11,10,3.806638849316742
11,12,3.815798533162485
11,13,5.569321146515708
11,14,5.131481421340061
11,15,6.541338003015163
11,16,8.873770396623256
11,17,10.035264389161208
11,18,10.902789143191422
11,19,12.94155432315716
11,20,14.377615121951916
11,21,18.164270079140376
11,22,19.137094680883084
11,23,18.568194722707563
11,24,18.286129572700982
11,25,15.136495521598114
11,26,13.654831447218116
11,27,15.254237964592399
11,28,14.14195049286398
11,29,10.379264742319425
11,30,10.987484867392613
11,31,13.209609478177823
11,32,10.889785479936887
11,33,8.568440816369389
11,34,11.929778640579567
11,35,13.106768108129318
11,36,10.287855483600486
11,37,10.843635227399028
11,38,14.54662492236683
11,39,14.580576181212852
11,40,12.695204642575847
11,41,15.437147004131162
11,42,18.051267556368998
11,43,17.391366656636
11,44,18.702602644452334
11,45,17.25001260819401
11,46,19.495775380240183
11,47,21.12757817379195
11,48,22.612397090777357
11,49,24.143192280861403
11,50,27.66338470019174
11,51,27.392866515122442
11,52,27.90164258024898
11,53,25.764334984103968
11,54,27.984218776951927
11,55,27.680564076950635
11,56,26.3352679431659
11,57,23.435601049008017
11,58,22.075202172298507
11,59,23.03981682070399
11,60,20.89385610912104
11,61,17.84550010850274
11,62,18.173298520504254
11,63,18.919037635951714
11,64,15.498933670879897
11,65,14.067892867092041
11,66,17.162448571239963
11,67,16.13642359450044
11,68,12.474025846004523
11,69,13.872381540308218
11,70,16.571105825729067
11,71,14.328897418202368
11,72,12.668329016809649
11,73,16.39628953726186
11,74,17.38378876232397
11,75,15.332418375834589
11,76,16.65587165811138
11,77,20.174449414819353
11,78,19.92798853832715
11,79,18.41049706168191
11,80,21.27227024496591
11,81,23.665295797058945
11,82,22.57006885914344
11,83,21.572510814715308
11,84,18.861794709211473
11,85,18.817956885355922
11,86,19.13730799551252
11,87,16.189961948759848
11,88,13.998636871894028
11,89,15.648739286199788
11,90,15.17187566303368
11,91,11.37457133412193
11,92,11.836693138446101
11,93,12.876755446223095
11,94,9.394866159413565
11,95,8.941267719663387
11,96,12.216582925264165
11,97,11.744305871743341
11,98,8.756990358137346
11,99,11.010355415083916
11,100,13.962786022628475
11,101,13.003015421128868
11,102,12.751027160724698
11,103,16.165069641831003
12,1,19.0304314998297
12,2,16.13826534932534
12,3,14.442606021481424
12,4,12.252468405787013
12,5,10.492123661501044
12,6,9.933949251697033
12,7,8.22722453394851
12,8,5.827978446131221
12,9,5.249352653833253
12,10,5.650302035635143
12,11,3.815798533162485
12,13,3.8045398812809204
12,14,5.502976653879495
12,15,5.415973351902522
12,16,6.555331558275123
12,17,8.99094483716874
12,18,10.27431954179048
12,19,11.233600386677812
12,20,12.447291849796134
12,21,16.15205660578832
12,22,17.298530296945447
12,23,17.190833810947343
12,24,16.416873802159035
12,25,12.954148718228414
12,26,12.39262249468067
12,27,14.197614171944464
12,28,12.422598814080942
12,29,8.873873413818947
12,30,10.787221833027603
12,31,12.685985854767093
12,32,10.060040804845134
12,33,9.05603928569596
12,34,12.827402892564045
12,35,13.53314898734204
12,36,11.149830030381471
12,37,12.767471888125622
12,38,16.152328846172875
12,39,15.94557759790339
12,40,14.793836103925457
12,41,17.879687307383218
12,42,20.10591605353426
12,43,19.534713722230084
12,44,21.246213590207454
12,45,20.031528415936496
12,46,22.04450579122388
12,47,24.071134701603818
12,48,25.615361144500383
12,49,26.77885008962697
12,50,30.426554721345017
12,51,30.37448942968518
12,52,30.800526840357033
12,53,28.551969489417832
12,54,30.95560207174239
12,55,30.89513529468708
12,56,29.762729917114733
12,57,26.872840660072814
12,58,25.261599305020837
12,59,26.27752487751391
12,60,24.373225697614984
12,61,21.21528971075423
12,62,21.236472515690497
12,63,22.175320850048934
12,64,18.92229388432099
12,65,17.064874601237552
12,66,19.970507994532692
12,67,19.156803549589128
12,68,15.379802780062464
12,69,16.09394233784792
12,70,18.813949415821057
12,71,16.559736252209248
12,72,14.240150884198231
12,73,17.708623272033428
12,74,18.853277548711308
12,75,16.23892953071261
12,76,17.02520518747097
12,77,20.680886056546633
12,78,20.198744540882185
12,79,18.033718138374038
12,80,20.829180413057077
12,81,23.314649585513585
12,82,21.744339689792035
12,83,21.177153810283247
12,84,18.17359382740984
12,85,18.61125126730959
12,86,19.529158807842492
12,87,16.487052500827755
12,88,14.259509854454294
12,89,16.658010544318763
12,90,16.59411611921313
12,91,12.854757275003012
12,92,13.802158463375084
12,93,15.48524362593861
12,94,12.27515016461125
12,95,11.991060686941058
12,96,15.54986008238946
12,97,15.306167776574487
12,98,12.52290616546275
12,99,14.680477356936036
12,100,17.74680437294673
12,101,16.79282805587019
12,102,16.361465610609578
12,103,19.693443823399956
13,1,20.027491072977796
13,2,17.645210057373202
13,3,15.819210417913439
13,4,14.425026408216775
13,5,12.406150722234555
13,6,10.824120541422445
13,7,9.786543999572865
13,8,8.359660320369287
13,9,6.0031761817665545
13,10,5.533577428935947
13,11,5.569321146515708
13,12,3.8045398812809204
13,14,3.799984550961129
13,15,5.2472323682696995
13,16,4.758606236702519
13,17,6.226920102811072
13,18,8.695907378137935
13,19,9.956438343097059
13,20,10.142733372788058
13,21,13.740954422767047
13,22,14.26351596355044
13,23,13.695428119429184
13,24,12.934986105853623
13,25,9.712832747140055
13,26,8.773313704507471
13,27,10.413144942455835
13,28,8.916845689201537
13,29,5.210649450963302
13,30,7.178821297386057
13,31,9.392130457534474
13,32,7.482894648990006
13,33,6.650774822786417
13,34,10.385573066168527
13,35,11.671131505206354
13,36,10.2388913966539
13,37,11.706804625587536
13,38,14.886578291091787
13,39,15.439215459897337
13,40,14.864464704647897
13,41,17.54206773054354
13,42,19.98204178085381
13,43,20.13508408766449
13,44,22.233707257294704
13,45,21.50761744368755
13,46,23.985506334255305
13,47,25.912943184058996
13,48,26.99107400253754
13,49,28.23111502166914
13,50,31.85506355230218
13,51,31.41210531689327
13,52,31.413769151005827
13,53,28.814477491719938
13,54,30.954885007115216
13,55,31.20459911359558
13,56,29.94761843010624
13,57,27.41470603518113
13,58,25.602910400813172
13,59,26.10701395834168
13,60,24.324305166730742
13,61,21.419698321082908
13,62,20.857659492259867
13,63,21.467932757851553
13,64,18.422600133581216
13,65,16.165139580499112
13,66,18.522531703510612
13,67,17.669803038242684
13,68,13.898784313800968
13,69,13.980053970485423
13,70,16.415527830440517
13,71,14.141929371180074
13,72,11.384951635911778
13,73,14.579865886431573
13,74,15.769609840926737
13,75,12.929697396438101
13,76,13.407295507998747
13,77,17.079122227904286
13,78,16.634054973431578
13,79,14.323165833901212
13,80,17.035473296738015
13,81,19.594230458545884
13,82,18.124519733854072
13,83,17.758417357104033
13,84,14.965318327152286
13,85,15.840944419119909
13,86,16.55683245960817
13,87,13.261158696026804
13,88,11.549826450059713
13,89,14.343322653410203
13,90,13.983130232024799
13,91,10.413652387127069
13,92,12.258093584822488
13,93,13.952336098883885
13,94,11.040928358607129
13,95,11.744743270746287
13,96,15.301695830726896
13,97,14.909414899502044
13,98,12.916893820343795
13,99,15.59348805877762
13,100,18.327347607342457
13,101,17.605592408945654
13,102,17.970431944051377
13,103,21.27194452560629
14,1,21.828998821447303
14,2,19.2602473106708
14,3,16.802797158690133
14,4,15.429604012865724
14,5,14.271026171916875
14,6,12.370423879654235
14,7,10.37072749262452
14,8,9.848085133797639
14,9,8.405156608270628
14,10,6.160478845959756
14,11,5.131481421340061
14,12,5.502976653879495
14,13,3.799984550961129
14,15,3.812129021598354
14,16,5.376887924411845
14,17,5.096876956396524
14,18,6.429043225317682
14,19,8.965176726776098
14,20,9.87145614864898
14,21,13.573887263716092
14,22,14.37318857570071
14,23,13.776965479293347
14,24,14.060366272093741
14,25,11.058162452857667
14,26,9.066088180746895
14,27,11.28516995987653
14,28,11.033717194621993
14,29,7.330401446357166
14,30,7.905706539635993
14,31,11.114211710775592
14,32,10.081182692088088
14,33,7.991852106505399
14,34,11.282928185083556
14,35,13.476986644137778
14,36,11.933450599844598
14,37,12.244669236380021
14,38,15.754007937721665
14,39,16.815016239574366
14,40,15.607458230563566
14,41,17.790996467710706
14,42,20.74803429119385
14,43,20.892330754546887
14,44,22.538747754746403
14,45,21.466033584089118
14,46,24.085212717520296
14,47,25.48993880824062
14,48,26.616881567119158
14,49,28.34076594943608
14,50,31.786170951751522
14,51,31.094398128858813
14,52,31.222843174612812
14,53,28.749336740928154
14,54,30.566026095924776
14,55,30.488679555924726
14,56,28.8061947675712
14,57,26.337283041182786
14,58,24.960352754386278
14,59,25.22160734792038
14,60,22.994041725338104
14,61,20.433858904643795
14,62,20.189168438227735
14,63,20.20762801402707
14,64,16.89036995459691
14,65,15.2316417414209
14,66,17.47622204066825
14,67,15.899854941068893
14,68,12.279802449221142
14,69,13.140460840906517
14,70,15.026692086867778
14,71,12.145350230542503
14,72,10.20336521019509
14,73,13.688001240896924
14,74,14.067389831266107
14,75,11.321610549377148
14,76,12.861729718195082
14,77,16.224813834294547
14,78,15.395654823440976
14,79,13.78096609597658
14,80,16.965753229478512
14,81,19.016997156873636
14,82,17.695573487611895
14,83,16.54425509183395
14,84,13.742190329750683
14,85,13.771240478730714
14,86,14.27435551979602
14,87,11.341247084082354
14,88,9.050725968140796
14,89,11.24124698460503
14,90,11.120610442742263
14,91,7.4230949191008895
14,92,8.621462847615822
14,93,10.605292316704448
14,94,7.980609807277163
14,95,8.27758521062974
14,96,11.94461163739651
14,97,12.147656588059464
14,98,10.499786256312522
14,99,12.838985980309207
14,100,15.688189963449826
14,101,15.653782467424993
14,102,16.352620369010715
14,103,19.87949359964342
15,1,24.003429570342256
15,2,21.144493506214868
15,3,18.978141807421554
15,4,16.946418720653178
15,5,15.685590234851388
15,6,14.608345585081004
15,7,12.389971161018712
15,8,10.86971572047759
15,9,10.117629703527914
15,10,8.902080532367604
15,11,6.541338003015163
15,12,5.415973351902522
15,13,5.2472323682696995
15,14,3.812129021598354
15,16,3.810683849186874
15,17,5.314004375555229
15,18,5.078140698193236
15,19,6.4482438707927665
15,20,8.506902220619152
15,21,12.272193275791645
15,22,14.02430587207888
15,23,14.446168179206476
15,24,14.761573543355386
15,25,11.281380010856774
15,26,10.24324720913931
15,27,13.199702495939727
15,28,12.625690735403625
15,29,9.192452809390431
15,30,10.889417413462484
15,31,13.928596988354942
15,32,12.627090572652955
15,33,11.272697460176872
15,34,14.795522819092232
15,35,16.618300990827493
15,36,14.908668783139523
15,37,15.685293113373321
15,38,19.21212958492645
15,39,19.880391843419662
15,40,18.608576209685687
15,41,21.104216669854942
15,42,23.889927460411773
15,43,23.663384839411314
15,44,25.154626171439876
15,45,23.739424702179296
15,46,25.96408674585736
15,47,27.442154018615106
15,48,28.98258177178242
15,49,30.65287399478372
15,50,34.130217136987824
15,51,33.7317011828945
15,52,34.1460388612368
15,53,31.86569484287012
15,54,33.831497676688734
15,55,33.57069265764795
15,56,31.896645731662108
15,57,29.219478449901942
15,58,28.01670217383035
15,59,28.52984186306587
15,60,26.166760733045628
15,61,23.520052542766358
15,62,23.593873407366893
15,63,23.689574490462878
15,64,20.232566537346447
15,65,18.808923826387932
15,66,21.200229378398003
15,67,19.502239311862436
15,68,15.939296021119429
15,69,16.95079652364155
15,70,18.73883751906418
15,71,15.681366427735032
15,72,13.855289713393592
15,73,17.19256688096537
15,74,17.26578835460359
15,75,14.19836174488421
15,76,15.756815847509056
15,77,18.97423071526021
15,78,17.5774894826238
15,79,15.66575384764043
15,80,19.045763393993457
15,81,20.780492718176077
15,82,18.836897282156933
15,83,17.618149308158436
15,84,14.285997472357904
15,85,14.062619266017835
15,86,15.485493387067738
15,87,13.07570633771841
15,88,10.087693654397532
15,89,12.438130971950041
15,90,13.38385706757923
15,91,10.04314542407383
15,92,10.419348217780069
15,93,13.180055146917436
15,94,11.01092746679506
15,95,10.204541228481364
15,96,14.005800514579974
15,97,14.930441153589435
15,98,12.945298964637924
15,99,14.50113350510088
15,100,17.82765406827973
15,101,18.03132420387289
15,102,18.14343488583203
15,103,21.826491230594378
16,1,24.641711815089995
16,2,22.146229651710822
16,3,20.377262266115807
16,4,18.62455961763494
16,5,16.659448647012688
16,6,15.477379040673322
16,7,14.109439087235955
16,8,12.271100857886008
16,9,10.49473185446727
16,10,10.051588736710338
16,11,8.873770396623256
16,12,6.555331558275123
16,13,4.758606236702519
16,14,5.376887924411845
16,15,3.810683849186874
16,17,3.8097272954458177
16,18,5.528724824618391
16,19,5.425226966516622
16,20,5.900748037833642
16,21,9.600664989843015
16,22,11.025241113992688
16,23,11.599691976444747
16,24,11.392479569160384
16,25,7.724994931470654
16,26,7.545601293884041
16,27,10.569268492055478
16,28,9.64526874199895
16,29,6.7935303080812925
16,30,9.441818785464077
16,31,12.10112535324091
16,32,11.113974457123538
16,33,10.836227686725563
16,34,14.277900176639138
16,35,15.894902690780398
16,36,14.903138774435622
16,37,16.2299378360502
16,38,19.36344352393311
16,39,20.140272442622326
16,40,19.579394880822488
16,41,22.131006447834828
16,42,24.696300017526248
16,43,24.85017664100677
16,44,26.816687418067772
16,45,25.846851512196988
16,46,28.191645694281114
16,47,29.963044024485264
16,48,31.26120475853459
16,49,32.66516747629261
16,50,36.25051231635239
16,51,35.81394940274786
16,52,35.92592306108356
16,53,33.375913353644805
16,54,35.384928901589134
16,55,35.49798887857726
16,56,33.99458367517773
16,57,31.482341378422937
16,58,29.919115853703268
16,59,30.275227807308053
16,60,28.228091597138867
16,61,25.539402374751624
16,62,25.10322927738193
16,63,25.31101767698993
16,64,22.12640013996652
16,65,20.16076029541422
16,66,22.229286147830084
16,67,20.849111313039685
16,68,17.243603008202797
16,69,17.43832031125419
16,70,19.19468550543827
16,71,16.369800235318873
16,72,13.871624740742162
16,73,16.722820608386893
16,74,17.08524016981669
16,75,13.638145021420577
16,76,14.409057112954637
16,77,17.668638364028535
16,78,16.23559744674305
16,79,13.66247526436356
16,80,16.799782400284517
16,81,18.69828957861619
16,82,16.440690119938655
16,83,15.864279746297214
16,84,12.47907724721678
16,85,13.192880483654731
16,86,14.923093539156152
16,87,12.244594057062047
16,88,9.872340877244307
16,89,13.085743681601354
16,90,13.918262303135185
16,91,10.896896184362362
16,92,12.322304237297105
16,93,15.07391227804399
16,94,13.069194295132771
16,95,13.145480622879672
16,96,16.886565632731287
16,97,17.459774488224653
16,98,15.782326751648776
16,99,17.814241208779425
16,100,20.90151877012662
16,101,20.884708609768126
16,102,21.2181854976587
16,103,24.77797219182803
17,1,25.9073059026668
17,2,23.61700252911734
17,3,21.43672410505803
17,4,20.171827418777788
17,5,18.521299323845
17,6,16.634977494706767
17,7,15.18999871415077
17,8,14.236772128855469
17,9,12.157066843449128
17,10,10.654516305569011
17,11,10.035264389161208
17,12,8.99094483716874
17,13,6.226920102811072
17,14,5.096876956396524
17,15,5.314004375555229
17,16,3.8097272954458177
17,18,3.809003866650989
17,19,5.531086642167746
17,20,5.078542535889186
17,21,8.594264314633206
17,22,9.370682706441766
17,23,9.2563890309212
17,24,10.072394216938587
17,25,7.1334279252493875
17,26,5.264545990642027
17,27,8.658131553118114
17,28,9.166368764598465
17,29,6.565234684770736
17,30,7.880507802552693
17,31,11.229330067570434
17,32,11.368835108734647
17,33,10.494978647246864
17,34,13.340118564867854
17,35,15.745587794819798
17,36,15.25360853937307
17,37,15.833865290181523
17,38,18.88027112154516
