1,2,3.807274151305201
1,3,5.541615886681739
1,4,5.762532231633092
1,5,7.2071965699055465
1,6,9.170479129773726
1,7,10.502964217513284
1,8,11.627211660750207
1,9,13.272394473525672
1,10,14.930856417513864
1,11,16.287912572173543
1,12,17.57996987161087
1,13,19.312319168686148
1,14,20.950262416878804
1,15,22.066486274044536
1,16,23.61882119069662
1,17,26.07130821416818
1,18,27.89921289056562
1,19,30.335287988538973
1,20,33.96320641536002
1,21,36.6843829019915
1,22,38.11700198042767
1,23,41.619618805581524
1,24,43.76473171791411
1,25,45.91838086318224
1,26,44.87914190073412
1,27,44.48666659011676
1,28,43.32810591644897
1,29,40.11078883214478
1,30,40.293899148337466
1,31,39.93390959463696
1,32,37.245671659006995
1,33,35.15108275973728
1,34,36.23460350348863
1,35,34.675932272482925
1,36,31.590935084174042
1,37,31.05006032175443
1,38,30.932975717776277
1,39,28.199613977514666
1,40,26.151590582167593
1,41,26.886729886074676
1,42,25.481923805570883
1,43,22.32884605888035
1,44,22.0581398502699
1,45,22.63317006588008
1,46,20.030197894877446
1,47,17.259453705059343
1,48,18.165096850860078
1,49,18.14919678738492
1,50,14.60630122633022
1,51,13.366794936909875
1,52,15.435320863432466
1,53,13.49797912026137
1,54,10.468365450152586
1,55,13.078375042236779
1,56,16.49852833368133
1,57,18.729289637177406
2,1,3.807274151305201
2,3,3.802865538056868
2,4,5.021483957675302
2,5,4.839997731874408
2,6,6.052168829308495
2,7,8.469353589024982
2,8,9.689055318444339
2,9,10.390879076347904
2,10,12.241266721541114
2,11,14.20538339980283
2,12,15.103745262020377
2,13,16.432212609016986
2,14,18.48165854731853
2,15,19.80117190814416
2,16,20.912943021300993
2,17,23.40280527562586
2,18,25.573653072991807
2,19,28.188559139769826
2,20,31.687457059542552
2,21,34.566399176525074
2,22,36.22874882749854
2,23,39.68467434217729
2,24,41.61311469293022
2,25,43.68977315429974
2,26,42.73244683251407
2,27,42.094914819576864
2,28,40.83808244175443
2,29,37.77299082979151
2,30,37.89039873394545
2,31,37.2640655928953
2,32,34.645314529386525
2,33,32.69132403077603
2,34,33.54869268489641
2,35,31.77908126662609
2,36,28.875621600126184
2,37,28.377238339507745
2,38,27.943663664220583
2,39,25.150603998877926
2,40,23.39461511667461
2,41,24.01590458442612
2,42,22.287685245584992
2,43,19.266352913646404
2,44,19.313689021993625
2,45,19.63917617776416
2,46,16.752633422553444
2,47,14.302415282854426
2,48,15.591177879792335
2,49,15.21942283372371
2,50,11.501984576789885
2,51,11.022294119703881
2,52,13.328603277698427
2,53,11.16767715089186
2,54,8.919176647725713
2,55,12.185011935959364
2,56,15.164606513318013
2,57,17.761038550845083
3,1,5.541615886681739
3,2,3.802865538056868
3,4,3.802530055834755
3,5,5.566199106988918
3,6,4.998549395623404
3,7,6.22034529614301
3,8,8.767475923315601
3,9,9.773589539533544
3,10,10.424075076121973
3,11,12.464499126663357
3,12,14.199943220966533
3,13,15.131361947053815
3,14,16.581613323919814
3,15,18.38416873676417
3,16,19.879607640911303
3,17,21.8653088612798
3,18,24.01252283410864
3,19,26.255360772902456
3,20,29.824050296585483
3,21,32.82031748673409
3,22,34.19027762607597
3,23,37.77578570778669
3,24,39.64921191039144
3,25,41.54256372105909
3,26,40.32357426798767
3,27,39.725125322337185
3,28,38.7426443109751
3,29,35.56895929087625
3,30,35.46266743781171
3,31,35.078396982825126
3,32,32.61137556672915
3,33,30.355203410589656
3,34,31.195757472785182
3,35,29.760294654087392
3,36,26.779067015646486
3,37,25.9344277431548
3,38,25.7492353539288
3,39,23.240731717421074
3,40,21.075768275543417
3,41,21.537525350227142
3,42,20.250631300377417
3,43,17.20303299038581
3,44,16.649085604543032
3,45,17.16853993724874
3,46,14.775473580169324
3,47,11.872822295627591
3,48,12.626823853128364
3,49,12.82672375897364
3,50,9.385109204750961
3,51,7.902927192242512
3,52,10.409207592247611
3,53,9.09172524492
3,54,6.367557264515155
3,55,9.07763999610576
3,56,12.254928950571362
3,57,15.176988800445237
4,1,5.762532231633092
4,2,5.021483957675302
4,3,3.802530055834755
4,5,3.8099559518038286
4,6,5.254070400023894
4,7,5.027012795966459
4,8,6.30521002564201
4,9,8.588295495569456
4,10,9.701716930267853
4,11,10.646366015119655
4,12,12.385533977399826
4,13,14.186836294902163
4,14,15.412213797698467
4,15,16.544033374067272
4,16,18.42229746307686
4,17,20.658725425376907
4,18,22.330375708620554
4,19,24.63620129687181
4,20,28.299175427364656
4,21,31.01752046203319
4,22,32.37577906133569
4,23,35.90363510438264
4,24,38.053069897158004
4,25,40.20436648463969
4,26,39.16509922671956
4,27,38.86053487028065
4,28,37.7109213637108
4,29,34.43928515770513
4,30,34.70055803833629
4,31,34.4549996043706
4,32,31.700044759998214
4,33,29.576978540484753
4,34,30.853585200297204
4,35,29.40053342844328
4,36,26.1654900392093
4,37,25.743128033239504
4,38,25.93471046988653
4,39,23.15694715804627
4,40,20.914973365333022
4,41,22.03148712278586
4,42,20.959941085231666
4,43,17.521076658721675
4,44,17.310551803956404
4,45,18.555572069462993
4,46,16.160324845732813
4,47,12.943628022479222
4,48,14.315603572259736
4,49,15.194709811805824
4,50,11.768046252073718
4,51,10.266081482457466
4,52,13.380021688274686
4,53,12.601684749718391
4,54,9.977314408542062
4,55,12.162028094946564
4,56,15.454830370762483
4,57,18.53953846601064
5,1,7.2071965699055465
5,2,4.839997731874408
5,3,5.566199106988918
5,4,3.8099559518038286
5,6,3.8016376948245596
5,7,5.462236884736077
5,8,5.146725513959074
5,9,6.251731579227583
5,10,8.7097758327339
5,11,10.01557504151381
5,12,10.576562620763228
5,13,12.485988106718832
5,14,14.537192060128238
5,15,15.346452348789661
5,16,16.566073154263606
5,17,19.27301782351759
5,18,21.186241803973203
5,19,23.94522753094325
5,20,27.43758540626579
5,21,30.151408584861677
5,22,31.928588035331828
5,23,35.294723231704246
5,24,37.336602845294884
5,25,39.59701555519275
5,26,38.85562945960292
5,27,38.364080066244235
5,28,36.90022849261983
5,29,33.82963702079312
5,30,34.26493820866328
5,31,33.63793068936065
5,32,30.7815986527425
5,33,29.03631253352463
5,34,30.20645932646805
5,35,28.32602868229439
5,36,25.26182189890324
5,37,25.217504292048055
5,38,25.028682471604572
5,39,21.938968800485508
5,40,20.248152655281572
5,41,21.511516861586472
5,42,19.89844234291711
5,43,16.510900770798532
5,44,17.10029261967281
5,45,18.144021466218195
5,46,15.190147830699633
5,47,12.50831081537
5,48,14.706960575167178
5,49,15.0707234521422
5,50,11.394126936666082
5,51,11.141272562187226
5,52,14.412536458333452
5,53,13.16735670264665
5,54,11.429045869010691
5,55,14.288300091490822
5,56,17.12207191859277
5,57,20.309017750656473
6,1,9.170479129773726
6,2,6.052168829308495
6,3,4.998549395623404
6,4,5.254070400023894
6,5,3.8016376948245596
6,7,3.8158859264283267
6,8,5.447458153360586
6,9,4.984345653464132
6,10,6.277763405375497
6,11,8.820205226624875
6,12,9.74947699902425
6,13,10.521146836454236
6,14,12.58837442157034
6,15,14.250210576947586
6,16,15.247968911781125
6,17,17.49290648913689
6,18,19.86327553485443
6,19,22.45787958156925
6,20,25.87433871182673
6,21,28.89746190871872
6,22,30.629611263798655
6,23,34.077559744356485
6,24,35.8279266151414
6,25,37.81057128513894
6,26,36.87328369025041
6,27,36.12667607032452
6,28,34.846300942686135
6,29,31.837851260068526
6,30,31.929955381853333
6,31,31.22506376721928
6,32,28.627433518496996
6,33,26.713602648616053
6,34,27.54247474055173
6,35,25.7344354598497
6,36,22.832839857874866
6,37,22.415064238077306
6,38,22.008954641299574
6,39,19.144131887406253
6,40,17.409592833037348
6,41,18.246094086217216
6,42,16.572675093867172
6,43,13.356546275485353
6,44,13.713317288591071
6,45,14.463217290552608
6,46,11.539711587875237
6,47,8.876888474854288
6,48,11.03640150563637
6,49,11.293089886325571
6,50,7.666043515691907
6,51,7.7194725733058895
6,52,11.100416370891885
6,53,10.182878685135648
6,54,9.156091957330654
6,55,11.93829534312838
6,56,14.269846378921613
6,57,17.670032310800167
7,1,10.502964217513284
7,2,8.469353589024982
7,3,6.22034529614301
7,4,5.027012795966459
7,5,5.462236884736077
7,6,3.8158859264283267
7,8,3.8052519318484825
7,9,5.262732509121197
7,10,4.872356719640387
7,11,6.2690706139548995
7,12,8.514524150551146
7,13,9.622870617305452
7,14,10.594492694849572
7,15,12.26421293757719
7,16,14.127986311796649
7,17,15.975322190298018
7,18,17.87912929201443
7,19,20.097912412872613
7,20,23.70341761442915
7,21,26.628706556332205
7,22,28.024087131245597
7,23,31.583914807895184
7,24,33.51848480796646
7,25,35.523443802781806
7,26,34.44094393806226
7,27,33.98484816400223
7,28,32.86932757383813
7,29,29.645289728032086
7,30,29.79523547670047
7,31,29.483572604638596
7,32,26.80810857501545
7,33,24.651052656791716
7,34,25.839657313042824
7,35,24.40393609766351
7,36,21.186755845441013
7,37,20.72430827947548
7,38,20.946538076951644
7,39,18.200837725429018
7,40,15.88956421029099
7,41,17.121759356005555
7,42,16.202307927226393
7,43,12.649979210150098
7,44,12.531457844721235
7,45,14.180607115978491
7,46,11.982921395809306
7,47,8.560930631554877
7,48,10.488591191646833
7,49,12.00571165913645
7,50,9.031761387052317
7,51,7.822499407291391
7,52,11.568052020554676
7,53,11.816338149903585
7,54,10.336096777900886
7,55,12.070091789009048
7,56,14.598898222487566
7,57,18.195610354500918
8,1,11.627211660750207
8,2,9.689055318444339
8,3,8.767475923315601
8,4,6.30521002564201
8,5,5.146725513959074
8,6,5.447458153360586
8,7,3.8052519318484825
8,9,3.802485259197519
8,10,5.322656844113578
8,11,5.108698596544756
8,12,6.180888007759307
8,13,8.645480456015692
8,14,9.997566971081973
8,15,10.487355696378936
8,16,12.306893675842927
8,17,14.815636760591174
8,18,16.35160600053974
8,19,18.981194309895162
8,20,22.548277821962536
8,21,25.172272654882544
8,22,26.84979998057966
8,23,30.233032122725348
8,24,32.36897991496
8,25,34.6963571853698
8,26,33.98970039614628
8,27,33.691037607809875
8,28,32.21015702244737
8,29,29.04349380607214
8,30,29.666299973475205
8,31,29.229555402103514
8,32,26.224000370088213
8,33,24.481228761196462
8,34,26.001811615664693
8,35,24.268350644213104
8,36,20.96467783180998
8,37,21.19194290814489
8,38,21.49318459698607
8,39,18.327681769435216
8,40,16.408145285446903
8,41,18.31375171562156
8,42,17.228433538945886
8,43,13.512137456920062
8,44,14.288297875833424
8,45,16.265201497069302
8,46,13.789474277759806
8,47,10.789103416397706
8,48,13.461339395190818
8,49,14.888123628923935
8,50,11.866006745774676
8,51,11.38688320281211
8,52,15.159081759474839
8,53,15.126050573657253
8,54,13.77963653641895
8,55,15.802441776630744
8,56,18.339002980007628
8,57,21.924076356611558
9,1,13.272394473525672
9,2,10.390879076347904
9,3,9.773589539533544
9,4,8.588295495569456
9,5,6.251731579227583
9,6,4.984345653464132
9,7,5.262732509121197
9,8,3.802485259197519
9,10,3.8192511880366444
9,11,5.532462000101568
9,12,4.987932734621257
9,13,6.305687191509507
9,14,8.90204309685141
9,15,9.84204585682582
9,16,10.526821924770324
9,17,13.208995037267359
9,18,15.471026722493605
9,19,18.42724393017742
9,20,21.72126641209593
9,21,24.596270981358995
9,22,26.636459405074252
9,23,29.912906006444505
9,24,31.694346324876708
9,25,33.88485312577893
9,26,33.29071562291381
9,27,32.59780735103604
9,28,30.977550490800276
9,29,28.0682581851642
9,30,28.554193120518374
9,31,27.674991199768474
9,32,24.80101632534186
9,33,23.293654591001957
9,34,24.39269309346219
9,35,22.282812052666596
9,36,19.310218726165072
9,37,19.590501462484305
9,38,19.28983639144547
9,39,15.979505345830772
9,40,14.643896929998451
9,41,16.30642182034397
9,42,14.587582187869138
9,43,11.089002264570055
9,44,12.562621429768196
9,45,14.044688799141701
9,46,11.08801643107451
9,47,8.825416208756442
9,48,12.130061438164658
9,49,12.942980656432383
9,50,10.013100137118116
9,51,10.748484255501733
9,52,14.368543363860576
9,53,14.125913809934293
9,54,13.736626080662006
9,55,16.111400091063413
9,56,18.040719741137753
9,57,21.65918710992014
10,1,14.930856417513864
10,2,12.241266721541114
10,3,10.424075076121973
10,4,9.701716930267853
10,5,8.7097758327339
10,6,6.277763405375497
10,7,4.872356719640387
10,8,5.322656844113578
10,9,3.8192511880366444
10,11,3.8050036322376215
10,12,5.237537321054856
10,13,4.921513891759078
10,14,6.340925348902133
10,15,8.542306224188485
10,16,9.78002607115049
10,17,11.451663646639547
10,18,13.84652332331165
10,19,16.282547637502
10,20,19.67077371973926
10,21,22.797034281283263
10,22,24.503157531775294
10,23,27.96156927750822
10,24,29.60752221441268
10,25,31.53762836008202
10,26,30.614454795816208
10,27,29.893493616411256
10,28,28.600768078083448
10,29,25.562731563431484
10,30,25.72653982878506
10,31,25.087763222280163
10,32,22.416237809095602
10,33,20.497904649194506
10,34,21.526541977299043
10,35,19.79719065901013
10,36,16.70597767370009
10,37,16.508313074628507
10,38,16.490959546416377
10,39,13.506869580032564
10,40,11.554072444499049
10,41,13.105830173199244
10,42,11.956695612476707
10,43,8.255223794206342
10,44,9.103937052259175
10,45,11.102935117016457
10,46,8.834152296510693
10,47,5.96792696966966
10,48,9.15949483131198
10,49,10.835915621638273
10,50,8.687249563055099
10,51,8.88640122341037
10,52,12.521121790092444
10,53,13.27183626026581
10,54,13.123927025904742
10,55,14.719163151946441
10,56,16.28552952177736
10,57,20.04281152950313
11,1,16.287912572173543
11,2,14.20538339980283
11,3,12.464499126663357
11,4,10.646366015119655
11,5,10.01557504151381
11,6,8.820205226624875
11,7,6.2690706139548995
11,8,5.108698596544756
11,9,5.532462000101568
11,10,3.8050036322376215
11,12,3.7923285903214756
11,13,5.308125703288007
11,14,5.139156378106708
11,15,6.06956995984781
11,16,8.561076789656
11,17,10.270950352050791
11,18,11.716391416016792
11,19,14.065146329658079
11,20,17.676120783762116
11,21,20.463131881115967
11,22,22.025642755220893
11,23,25.492159598705516
11,24,27.50249663607986
11,25,29.706839801843866
11,26,28.909449366641226
11,27,28.615223501613695
11,28,27.225143952285652
11,29,24.000581068786456
11,30,24.588371308711196
11,31,24.27874459996954
11,32,21.282923297531426
11,33,19.429882394507274
11,34,21.102357705091364
11,35,19.56718482642229
11,36,16.10738783896128
11,37,16.414587810412424
11,38,17.134523251422756
11,39,14.068189173858292
11,40,11.873397936348987
11,41,14.293744317401488
11,42,13.841463339034075
11,43,10.041767712510481
11,44,10.92008649389375
11,45,13.724389882763628
11,46,12.04353804327166
11,47,9.190965051013004
11,48,12.017118162003046
11,49,14.285051873039288
11,50,12.35024747670995
11,51,11.935307707307281
11,52,15.627267033385536
11,53,16.64594638441832
11,54,15.984656528752586
11,55,17.242481809646726
11,56,19.118050984840334
11,57,22.886249251545042
12,1,17.57996987161087
12,2,15.103745262020377
12,3,14.199943220966533
12,4,12.385533977399826
12,5,10.576562620763228
12,6,9.74947699902425
12,7,8.514524150551146
12,8,6.180888007759307
12,9,4.987932734621257
12,10,5.237537321054856
12,11,3.7923285903214756
12,13,3.8117047676492746
12,14,5.593966707105709
12,15,5.084846602109584
12,16,6.159377246828012
12,17,9.061528321606994
12,18,10.768704759603017
12,19,13.90371032383401
12,20,17.16787387934154
12,21,19.826574018808387
12,22,21.982413784584907
12,23,25.152027901563766
12,24,27.06409152905973
12,25,29.45965462869379
12,26,29.109357030225983
12,27,28.640212831974598
12,28,26.802042980023877
12,29,23.872421125493098
12,30,24.781813204502956
12,31,23.982968110333964
12,32,20.807854746539345
12,33,19.586789641906343
12,34,21.17328136270339
12,35,19.044130076830744
12,36,15.848877225671155
12,37,16.84657471743049
12,38,17.075894208296365
12,39,13.552138984107703
12,40,12.34574160693966
12,41,15.00011469407825
12,42,13.855363640854037
12,43,10.287327318597198
12,44,12.350959376149374
12,45,14.757949018534033
12,46,12.525655120121812
12,47,10.574645855269498
12,48,14.027422222408706
12,49,15.620088689466
12,50,13.550073976369164
12,51,14.10277970835264
12,52,17.736338939244305
12,53,18.24219356579675
12,54,17.988558213477248
12,55,19.79397636205754
12,56,21.511707355591252
12,57,25.261806780750547
13,1,19.312319168686148
13,2,16.432212609016986
13,3,15.131361947053815
13,4,14.186836294902163
13,5,12.485988106718832
13,6,10.521146836454236
13,7,9.622870617305452
13,8,8.645480456015692
13,9,6.305687191509507
13,10,4.921513891759078
13,11,5.308125703288007
13,12,3.8117047676492746
13,14,3.8070104375708724
13,15,5.360424744265627
13,16,5.123161919244192
13,17,7.08724642096954
13,18,9.924750599251176
13,19,12.883151198545285
13,20,15.889658255997292
13,21,19.016610020793177
13,22,21.220958572186497
13,23,24.418560952277158
13,24,25.861929281612632
13,25,27.89400508126878
13,26,27.37004624180654
13,27,26.48421447745492
13,28,24.786159975971092
13,29,22.010289417895702
13,30,22.49554347309677
13,31,21.433636899879353
13,32,18.566026402488493
13,33,17.240449028569355
13,34,18.30825814251831
13,35,16.06087836177367
13,36,13.109826542488134
13,37,13.789704188327107
13,38,13.57261692778265
13,39,10.05538692500818
13,40,9.080909709890406
13,41,11.471538558503255
13,42,10.079086216473284
13,43,6.6307381469038535
13,44,9.220342514896394
13,45,11.456823221663038
13,46,9.423324804679295
13,47,8.209060748279386
13,48,11.781489128942887
13,49,13.268733957322322
13,50,11.945725107804346
13,51,13.032605431166294
13,52,16.303219283554526
13,53,17.1528807316109
13,54,17.634973457992253
13,55,19.222548572536386
13,56,20.29468250714662
13,57,24.024288302539713
14,1,20.950262416878804
14,2,18.48165854731853
14,3,16.581613323919814
14,4,15.412213797698467
14,5,14.537192060128238
14,6,12.58837442157034
14,7,10.594492694849572
14,8,9.997566971081973
14,9,8.90204309685141
14,10,6.340925348902133
14,11,5.139156378106708
14,12,5.593966707105709
14,13,3.8070104375708724
14,15,3.8033409347070966
14,16,5.49479983618058
14,17,5.623662443826676
14,18,7.766417475971384
14,19,9.988434222978789
14,20,13.338333578775213
14,21,16.53093157786839
14,22,18.268120238030914
14,23,21.693160730424356
14,24,23.267475845862805
14,25,25.233038768502947
14,26,24.441074340671108
14,27,23.835393127014303
14,28,22.415663884826706
14,29,19.331413174416234
14,30,19.780885516422007
14,31,19.239178964713048
14,32,16.33043363445666
14,33,14.54993669680436
14,34,16.069921004091025
14,35,14.429780756539037
14,36,10.993712834729639
14,37,11.524840696417007
14,38,12.302259850783237
14,39,9.211742142782398
14,40,7.174692897997412
14,41,10.221820899465147
14,42,10.167421325412288
14,43,6.752844896268461
14,44,8.37703195400447
14,45,11.581059280527894
14,46,10.728546124382374
14,47,9.06111614974364
14,48,11.902208073684093
14,49,14.308795389239778
14,50,13.569837310894204
14,51,13.820795359074758
14,52,17.010300578701003
14,53,18.58558145747488
14,54,18.822538126102486
14,55,19.722268759049733
14,56,20.75262953872423
14,57,24.502937405451103
15,1,22.066486274044536
15,2,19.80117190814416
15,3,18.38416873676417
15,4,16.544033374067272
15,5,15.346452348789661
15,6,14.250210576947586
15,7,12.26421293757719
15,8,10.487355696378936
15,9,9.84204585682582
15,10,8.542306224188485
15,11,6.06956995984781
15,12,5.084846602109584
15,13,5.360424744265627
15,14,3.8033409347070966
15,16,3.827577759224715
15,17,5.186318148527916
15,18,5.872601146692445
15,19,8.859603980878846
15,20,12.205207211076322
15,21,14.832528131508985
15,22,16.899262165125787
15,23,20.104918890390326
15,24,22.05890661718351
15,25,24.496860754773685
15,26,24.186629691505825
15,27,23.931567451351
15,28,22.077778074438342
15,29,19.036533403682782
15,30,20.206848092968674
15,31,19.662130581640433
15,32,16.300001750390965
15,33,15.14859165186958
15,34,17.248462206962405
15,35,15.404778003890314
15,36,11.943838576502165
15,37,13.499469684524646
15,38,14.521659293432954
15,39,11.230773227193
15,40,9.939189181740982
15,41,13.407223865435851
15,42,13.271207779354759
15,43,10.127792444807998
15,44,12.14108190755547
15,45,15.25558433454285
15,46,14.118339263635677
15,47,12.525073937784697
15,48,15.560279284347851
15,49,17.814371788002347
15,50,16.662880022005844
15,51,16.943972509239632
15,52,20.35389340980266
15,53,21.617918452518783
15,54,21.55383855583507
15,55,22.708523091858286
15,56,24.077440972989297
15,57,27.85533297026511
16,1,23.61882119069662
16,2,20.912943021300993
16,3,19.879607640911303
16,4,18.42229746307686
16,5,16.566073154263606
16,6,15.247968911781125
16,7,14.127986311796649
16,8,12.306893675842927
16,9,10.526821924770324
16,10,9.78002607115049
16,11,8.561076789656
16,12,6.159377246828012
16,13,5.123161919244192
16,14,5.49479983618058
16,15,3.827577759224715
16,17,3.8425039524208975
16,18,5.96538920412074
16,19,9.605723422874334
16,20,12.11747864419282
16,21,14.855164519005863
16,22,17.566228783480053
16,23,20.396383917610017
16,24,21.892260992657004
16,25,24.256341610694392
16,26,24.28979728429987
16,27,23.568882018513975
16,28,21.355867898131592
16,29,18.7867839862852
16,30,19.974931278935028
16,31,18.723596747423837
16,32,15.42521102148428
16,33,14.943589578762111
16,34,16.52277322648414
16,35,13.957817743200069
16,36,11.079162353838408
16,37,13.13198881078064
16,38,13.296812203688418
16,39,9.645216706105455
16,40,9.704893522362958
16,41,12.98247320031135
16,42,12.07582106948302
16,43,9.536548976447234
16,44,12.520096470521596
16,45,15.015621113387848
16,46,13.576790750809673
16,47,12.970332391962556
16,48,16.336696143999838
16,49,17.9566313750688
16,50,16.975303181052944
16,51,18.0721340314389
16,52,21.280998907948405
16,53,22.250081924767063
16,54,22.734549875378608
16,55,24.226190563981497
16,56,25.254409005968157
16,57,28.985377279314125
17,1,26.07130821416818
17,2,23.40280527562586
17,3,21.8653088612798
17,4,20.658725425376907
17,5,19.27301782351759
17,6,17.49290648913689
17,7,15.975322190298018
17,8,14.815636760591174
17,9,13.208995037267359
17,10,11.451663646639547
17,11,10.270950352050791
17,12,9.061528321606994
17,13,7.08724642096954
17,14,5.623662443826676
17,15,5.186318148527916
17,16,3.8425039524208975
17,18,3.8070454168197427
17,19,6.661056714762745
17,20,9.010734879461179
17,21,12.242650367198117
17,22,14.729801374358422
17,23,17.695392901273596
17,24,18.890322274264285
17,25,20.95818900695683
17,26,20.742408474283486
17,27,19.907118958667375
17,28,17.906456714864074
17,29,15.237335361168023
17,30,16.200680257234197
17,31,15.061415352865524
17,32,11.833837901191755
17,33,11.118532043128207
17,34,12.762427189222267
17,35,10.448159950837836
17,36,7.321583569861672
17,37,9.58010773908224
17,38,10.254256118996807
17,39,7.003289161144777
17,40,7.027256926875732
17,41,10.632367759086389
17,42,10.63378378843409
17,43,8.759404724035077
17,44,11.358870421673544
17,45,14.12214980213954
17,46,13.666471770611636
17,47,13.349532981223014
17,48,16.17676060094038
17,49,18.171294758960713
17,50,17.952351972764895
17,51,18.840241672516854
17,52,21.731309980430147
17,53,23.268298972007614
17,54,23.974928597414745
17,55,24.952815725863545
17,56,25.59603334965447
17,57,29.2689206634466
18,1,27.89921289056562
18,2,25.573653072991807
18,3,24.01252283410864
18,4,22.330375708620554
18,5,21.186241803973203
18,6,19.86327553485443
18,7,17.87912929201443
18,8,16.35160600053974
18,9,15.471026722493605
18,10,13.84652332331165
18,11,11.716391416016792
18,12,10.768704759603017
18,13,9.924750599251176
18,14,7.766417475971384
18,15,5.872601146692445
18,16,5.96538920412074
18,17,3.8070454168197427
18,19,3.819989244154031
18,20,6.4792911660328425
18,21,9.157851447954283
18,22,11.622370238292365
18,23,14.599084846687463
18,24,16.310318658532633
18,25,18.802899346773966
18,26,18.82632145533358
18,27,18.615400296548923
18,28,16.463288605530327
18,29,13.566372885102346
18,30,15.255248186460008
18,31,14.66372355709421
18,32,11.027989604707097
18,33,10.601700312431975
18,34,13.21072659112792
18,35,11.48561237937535
18,36,8.254647289594873
18,37,11.037105163553075
18,38,12.65407313747833
18,39,10.041805620114813
18,40,9.687527638577462
18,41,13.459306436569316
18,42,14.110097978601074
18,43,12.21959630896014
18,44,14.295966245401985
18,45,17.410129027014275
18,46,17.180572821343464
18,47,16.43216594689555
18,48,19.07415657073278
18,49,21.42889585799242
18,50,21.087282438797704
18,51,21.539613196916104
18,52,24.578481945972506
18,53,26.254173601668487
18,54,26.588052934438124
18,55,27.391494551944426
18,56,28.285456113591657
18,57,31.989277115315012
19,1,30.335287988538973
19,2,28.188559139769826
19,3,26.255360772902456
19,4,24.63620129687181
19,5,23.94522753094325
19,6,22.45787958156925
19,7,20.097912412872613
19,8,18.981194309895162
19,9,18.42724393017742
19,10,16.282547637502
19,11,14.065146329658079
19,12,13.90371032383401
19,13,12.883151198545285
19,14,9.988434222978789
19,15,8.859603980878846
19,16,9.605723422874334
19,17,6.661056714762745
19,18,3.819989244154031
19,20,3.809488806330149
19,21,6.729481282976935
19,22,8.349291915032289
19,23,11.7093831249557
19,24,13.441166965330355
19,25,15.752220418269927
19,26,15.42834487555336
19,27,15.56417421002212
19,28,13.796281462984352
19,29,10.502010492752467
19,30,12.243288605968658
19,31,12.40512883583959
19,32,8.858384215929417
19,33,7.98755683415618
19,34,11.274457240656051
19,35,10.590473547972737
19,36,7.382812476501598
19,37,9.971353130256949
19,38,12.538351836212309
19,39,10.959830940152091
19,40,10.16941023455517
19,41,13.741529029312021
19,42,15.323532857877101
19,43,13.88093181925359
19,44,15.21933187446127
19,45,18.5066288323467
19,46,19.012269426787878
19,47,18.22226556214815
19,48,20.298289896155186
19,49,23.008984649328884
19,50,23.109930145576307
19,51,23.19459710852224
19,52,26.000462241444342
19,53,28.11101588626339
19,54,28.419390635506325
19,55,28.74946685540628
19,56,29.465977545533253
19,57,33.07723139815103
20,1,33.96320641536002
20,2,31.687457059542552
20,3,29.824050296585483
20,4,28.299175427364656
20,5,27.43758540626579
20,6,25.87433871182673
20,7,23.70341761442915
20,8,22.548277821962536
20,9,21.72126641209593
20,10,19.67077371973926
20,11,17.676120783762116
20,12,17.16787387934154
20,13,15.889658255997292
20,14,13.338333578775213
20,15,12.205207211076322
20,16,12.11747864419282
20,17,9.010734879461179
20,18,6.4792911660328425
20,19,3.809488806330149
20,21,3.7837307399983833
20,22,6.089053722942558
20,23,8.823246907936738
20,24,9.988930861708214
20,25,12.327104093478082
20,26,12.504975560458123
20,27,12.54461273010982
20,28,10.313592756098602
20,29,7.352640844913537
20,30,9.807638258864921
20,31,9.74285791482641
20,32,6.0635184571325595
20,33,6.63347588953604
20,34,9.977162441519406
20,35,9.440697704744187
20,36,7.415483039820167
20,37,10.564970653138934
20,38,12.975475727461157
20,39,12.054092148867609
20,40,12.177250289096405
20,41,15.373367840682286
20,42,17.001203178928
20,43,16.28023063403306
20,44,17.785414013990806
20,45,20.755516791808013
20,46,21.482015229100806
20,47,21.18741600019422
20,48,23.201777342975134
20,49,25.728393785333637
20,50,26.109338771689735
20,51,26.44609674880383
20,52,29.07647622738837
20,53,31.21879610422494
20,54,31.781645702663678
20,55,32.10049094258784
20,56,32.57516363070981
20,57,36.1229223693338
21,1,36.6843829019915
21,2,34.566399176525074
21,3,32.82031748673409
21,4,31.01752046203319
21,5,30.151408584861677
21,6,28.89746190871872
21,7,26.628706556332205
21,8,25.172272654882544
21,9,24.596270981358995
21,10,22.797034281283263
21,11,20.463131881115967
21,12,19.826574018808387
21,13,19.016610020793177
21,14,16.53093157786839
21,15,14.832528131508985
21,16,14.855164519005863
21,17,12.242650367198117
21,18,9.157851447954283
21,19,6.729481282976935
21,20,3.7837307399983833
21,22,3.837039602089297
21,23,5.575093818320295
21,24,7.488726483330137
21,25,10.629928833446584
21,26,11.642663264523774
21,27,12.51396931172046
21,28,9.966456516395644
21,29,7.557382466417585
21,30,10.968249248639863
21,31,11.305609154531664
21,32,8.054095819706793
21,33,9.431594190992044
21,34,12.763290267135572
21,35,12.524257252828935
21,36,11.054688605305588
21,37,14.163417593510657
21,38,16.584950848809882
21,39,15.748180888619219
21,40,15.949926514322138
21,41,19.143938213117387
21,42,20.75467673466057
21,43,19.96975883651285
21,44,21.495722059076993
21,45,24.522874156785942
21,46,25.166097136319085
21,47,24.75282034754624
21,48,26.824474024486396
21,49,29.407487476972932
21,50,29.640635916172812
21,51,29.8874703833813
21,52,32.6301150076638
21,53,34.735496416203276
21,54,35.12916644177659
21,55,35.46525352660731
21,56,36.096573024869485
21,57,39.667155047197575
22,1,38.11700198042767
22,2,36.22874882749854
22,3,34.19027762607597
22,4,32.37577906133569
22,5,31.928588035331828
22,6,30.629611263798655
22,7,28.024087131245597
22,8,26.84979998057966
22,9,26.636459405074252
22,10,24.503157531775294
22,11,22.025642755220893
22,12,21.982413784584907
22,13,21.220958572186497
22,14,18.268120238030914
22,15,16.899262165125787
22,16,17.566228783480053
22,17,14.729801374358422
22,18,11.622370238292365
22,19,8.349291915032289
22,20,6.089053722942558
22,21,3.837039602089297
22,23,3.8287311366352554
22,24,6.406813371790926
22,25,9.20544466859138
22,26,9.526210705215366
22,27,11.386404091238825
22,28,9.82576851127544
22,29,7.017447824281467
22,30,10.224109986861484
22,31,11.815552299723166
22,32,9.3073484515277
22,33,9.807750301328827
22,34,13.349788814037273
22,35,14.16055933004009
22,36,12.665948744122156
22,37,15.055832383280592
22,38,18.0419312770801
22,39,17.741363618286062
22,40,17.351661621882617
22,41,20.3335365281982
22,42,22.505112393533796
22,43,21.732984012468975
22,44,22.664121146913505
22,45,25.847514609818656
22,46,26.89727246355241
22,47,26.236798971242024
22,48,27.893610530570154
22,49,30.778560075941833
22,50,31.197244706902392
22,51,31.045060332310033
22,52,33.65667894174949
22,53,36.06088538566509
22,54,36.29370033553048
22,55,36.25089342268105
22,56,36.85655906016423
22,57,40.332891165352834
23,1,41.619618805581524
23,2,39.68467434217729
23,3,37.77578570778669
23,4,35.90363510438264
23,5,35.294723231704246
23,6,34.077559744356485
23,7,31.583914807895184
23,8,30.233032122725348
23,9,29.912906006444505
23,10,27.96156927750822
23,11,25.492159598705516
23,12,25.152027901563766
23,13,24.418560952277158
23,14,21.693160730424356
23,15,20.104918890390326
23,16,20.396383917610017
23,17,17.695392901273596
23,18,14.599084846687463
23,19,11.7093831249557
23,20,8.823246907936738
23,21,5.575093818320295
23,22,3.8287311366352554
23,24,3.783588830357612
23,25,7.249373674392163
23,26,8.90038367503374
23,27,11.158536044871575
23,28,9.259108302181014
23,29,7.855853893484029
23,30,11.430092531927821
23,31,12.795138964613827
23,32,10.853039952120517
23,33,12.316811392310386
23,34,15.414085478499564
23,35,16.173918506609066
23,36,15.381658534039557
23,37,17.975650834814214
23,38,20.680586741008256
23,39,20.53330805040775
23,40,20.60313371654175
23,41,23.476700179811804
23,42,25.514453362743225
23,43,24.98465499197952
23,44,26.120421783670896
23,45,29.158526622442402
23,46,30.178480899111573
23,47,29.726890796353818
23,48,31.473171131214116
23,49,34.23751620155135
23,50,34.68368183131362
23,51,34.690838289641405
23,52,37.29808638835534
23,53,39.64419592706261
23,54,39.96097878771719
23,55,39.996802347828954
23,56,40.557146701054215
23,57,44.03165778754484
24,1,43.76473171791411
24,2,41.61311469293022
24,3,39.64921191039144
24,4,38.053069897158004
24,5,37.336602845294884
24,6,35.8279266151414
24,7,33.51848480796646
24,8,32.36897991496
24,9,31.694346324876708
24,10,29.60752221441268
24,11,27.50249663607986
24,12,27.06409152905973
24,13,25.861929281612632
24,14,23.267475845862805
24,15,22.05890661718351
24,16,21.892260992657004
24,17,18.890322274264285
24,18,16.310318658532633
24,19,13.441166965330355
24,20,9.988930861708214
24,21,7.488726483330137
24,22,6.406813371790926
24,23,3.783588830357612
24,25,3.775913537737344
24,26,6.442290477767425
24,27,8.255075438064237
24,28,6.198656070964771
24,29,6.247487285929329
24,30,9.619541233450265
24,31,10.72339670780215
24,32,9.752672109797492
24,33,11.827048091215016
24,34,14.208213196570279
24,35,15.195701964676937
24,36,15.30482726980225
24,37,17.759696262913785
24,38,20.165500647262846
24,39,20.561084276576445
24,40,21.080632006410646
24,41,23.541661192441087
24,42,25.60773203015291
24,43,25.639900585555612
24,44,26.793693029601002
24,45,29.515432431825957
24,46,30.780673008082967
24,47,30.755998908045918
24,48,32.369109544977356
24,49,34.95136916788813
24,50,35.735324057955616
24,51,35.97236227477372
24,52,38.33923012309049
24,53,40.75386786438537
24,54,41.39328230347565
24,55,41.379515567547024
24,56,41.615501661504815
24,57,44.99752907361104
25,1,45.91838086318224
25,2,43.68977315429974
25,3,41.54256372105909
25,4,40.20436648463969
25,5,39.59701555519275
25,6,37.81057128513894
25,7,35.523443802781806
25,8,34.6963571853698
25,9,33.88485312577893
25,10,31.53762836008202
25,11,29.706839801843866
25,12,29.45965462869379
25,13,27.89400508126878
25,14,25.233038768502947
25,15,24.496860754773685
25,16,24.256341610694392
25,17,20.95818900695683
25,18,18.802899346773966
25,19,15.752220418269927
25,20,12.327104093478082
25,21,10.629928833446584
25,22,9.20544466859138
25,23,7.249373674392163
25,24,3.775913537737344
25,26,3.799356328485979
25,27,5.535907658232386
25,28,4.826784722989669
25,29,6.281273983890071
25,30,8.414377557323101
25,31,9.875384624222356
25,32,10.301383184293597
25,33,12.169925822340666
25,34,13.793342852699404
25,35,15.431963413366512
25,36,16.198009088623373
25,37,18.092497802483134
25,38,20.414647393255102
25,39,21.48021146659296
25,40,22.066615276730666
25,41,24.025594717085266
25,42,26.332726923262655
25,43,26.824139792045408
25,44,27.699014902509262
25,45,30.17930250153358
25,46,31.82660738310834
25,47,32.04268168586766
25,48,33.32937582110679
25,49,35.86640563836553
25,50,37.02184484916172
25,51,37.26707791616918
25,52,39.33936885098701
25,53,41.936382012589064
25,54,42.77930596298359
25,55,42.544090902557926
25,56,42.47708450871414
25,57,45.706001862437596
26,1,44.87914190073412
26,2,42.73244683251407
26,3,40.32357426798767
26,4,39.16509922671956
26,5,38.85562945960292
26,6,36.87328369025041
26,7,34.44094393806226
26,8,33.98970039614628
26,9,33.29071562291381
26,10,30.614454795816208
26,11,28.909449366641226
26,12,29.109357030225983
26,13,27.37004624180654
26,14,24.441074340671108
26,15,24.186629691505825
26,16,24.28979728429987
26,17,20.742408474283486
26,18,18.82632145533358
26,19,15.42834487555336
26,20,12.504975560458123
26,21,11.642663264523774
26,22,9.526210705215366
26,23,8.90038367503374
26,24,6.442290477767425
26,25,3.799356328485979
26,27,3.8009323301099376
26,28,5.571590292409927
26,29,5.709649733919894
26,30,6.372957969558839
26,31,9.079124322628214
26,32,10.057109441525508
26,33,10.78070175223299
26,34,12.274329249549739
26,35,14.728013409626968
26,36,15.334686958219038
26,37,16.49393919818836
26,38,19.144518418504624
26,39,20.637419201923105
26,40,20.764108495809992
26,41,22.40856142395672
26,42,25.120691709639058
26,43,25.694428850071102
26,44,26.075327948051118
26,45,28.550291179729978
26,46,30.554542484913824
26,47,30.675004726628014
26,48,31.57113646117901
26,49,34.25289104138058
26,50,35.643902186520144
26,51,35.649352558335835
26,52,37.50410060610079
26,53,40.32856340783176
26,54,41.16039381874244
26,55,40.62252348495123
26,56,40.412436530976535
26,57,43.50946401087484
27,1,44.48666659011676
27,2,42.094914819576864
27,3,39.725125322337185
27,4,38.86053487028065
27,5,38.364080066244235
27,6,36.12667607032452
27,7,33.98484816400223
27,8,33.691037607809875
27,9,32.59780735103604
27,10,29.893493616411256
27,11,28.615223501613695
27,12,28.640212831974598
27,13,26.48421447745492
27,14,23.835393127014303
27,15,23.931567451351
27,16,23.568882018513975
27,17,19.907118958667375
27,18,18.615400296548923
27,19,15.56417421002212
27,20,12.54461273010982
27,21,12.51396931172046
27,22,11.386404091238825
27,23,11.158536044871575
27,24,8.255075438064237
27,25,5.535907658232386
27,26,3.8009323301099376
27,28,3.8003957924417353
27,29,5.213686304211686
27,30,4.350939651919817
27,31,6.167068774072234
27,32,8.356144311980255
27,33,9.424348215372023
27,34,9.822522841861726
27,35,12.286046750533513
27,36,13.715826312662108
27,37,14.698290591905536
27,38,16.82322687545007
27,39,18.71032474887169
27,40,19.31708296547667
27,41,20.541163976915293
27,42,23.092329903088327
27,43,24.16218388516777
27,44,24.66516679715372
27,45,26.752292579733066
27,46,28.84944187121206
27,47,29.408236837482264
27,48,30.2697997646318
27,49,32.65907825086322
27,50,34.28944591112692
27,51,34.609055790222115
27,52,36.25827367453628
27,53,39.02155354625374
27,54,40.186354703662126
27,55,39.73267584526255
27,56,39.24154087732803
27,57,42.26564092685632
28,1,43.32810591644897
28,2,40.83808244175443
28,3,38.7426443109751
28,4,37.7109213637108
28,5,36.90022849261983
28,6,34.846300942686135
28,7,32.86932757383813
28,8,32.21015702244737
28,9,30.977550490800276
28,10,28.600768078083448
28,11,27.225143952285652
28,12,26.802042980023877
28,13,24.786159975971092
28,14,22.415663884826706
28,15,22.077778074438342
28,16,21.355867898131592
28,17,17.906456714864074
28,18,16.463288605530327
28,19,13.796281462984352
28,20,10.313592756098602
28,21,9.966456516395644
28,22,9.82576851127544
28,23,9.259108302181014
28,24,6.198656070964771
28,25,4.826784722989669
28,26,5.571590292409927
28,27,3.8003957924417353
28,29,3.804139787138336
28,30,5.312646182038616
28,31,5.311009566052078
28,32,6.330172689582707
28,33,8.789290510467861
28,34,9.64574546441672
28,35,10.986746562237492
28,36,12.408703144072593
28,37,14.322245905381058
28,38,16.154204628912236
28,39,17.42376825605669
28,40,18.481791253847057
28,41,20.15733514618921
28,42,22.2431175018713
28,43,23.127199966038617
28,44,24.19008839522151
28,45,26.341341149954495
28,46,27.993488003499184
28,47,28.607355812205263
28,48,29.929620125247432
28,49,32.17721570962014
28,50,33.50173686350396
28,51,34.07382315474582
28,52,35.99382100580553
28,53,38.487649093579414
28,54,39.643291740226026
28,55,39.54572407468525
28,56,39.249868960111854
28,57,42.44556070037254
29,1,40.11078883214478
29,2,37.77299082979151
29,3,35.56895929087625
29,4,34.43928515770513
29,5,33.82963702079312
29,6,31.837851260068526
29,7,29.645289728032086
29,8,29.04349380607214
29,9,28.0682581851642
29,10,25.562731563431484
29,11,24.000581068786456
29,12,23.872421125493098
29,13,22.010289417895702
29,14,19.331413174416234
29,15,19.036533403682782
29,16,18.7867839862852
29,17,15.237335361168023
29,18,13.566372885102346
29,19,10.502010492752467
29,20,7.352640844913537
29,21,7.557382466417585
29,22,7.017447824281467
29,23,7.855853893484029
29,24,6.247487285929329
29,25,6.281273983890071
29,26,5.709649733919894
29,27,5.213686304211686
29,28,3.804139787138336
29,30,3.800555211963579
29,31,5.189971173427446
29,32,4.529934683913685
29,33,5.921299677763177
29,34,8.05979096846286
29,35,9.671605572960427
29,36,10.000038598717124
29,37,11.883414533130123
29,38,14.367705486134044
29,39,15.348915622478172
29,40,15.79062298673557
29,41,17.79704979815594
29,42,20.134830294418457
29,43,20.578203548869613
29,44,21.42945537928818
29,45,23.922034085599293
29,46,25.564169533583627
29,47,25.7971238645989
29,48,27.084639019694652
29,49,29.58748620066404
29,50,30.767119935340702
29,51,31.06988415463834
29,52,33.11309709844909
29,53,35.68144029227844
29,54,36.60683443429544
29,55,36.42581672002635
29,56,36.314497979543724
29,57,39.572740100681195
30,1,40.293899148337466
30,2,37.89039873394545
30,3,35.46266743781171
30,4,34.70055803833629
30,5,34.26493820866328
30,6,31.929955381853333
30,7,29.79523547670047
30,8,29.666299973475205
30,9,28.554193120518374
30,10,25.72653982878506
30,11,24.588371308711196
30,12,24.781813204502956
30,13,22.49554347309677
30,14,19.780885516422007
30,15,20.206848092968674
30,16,19.974931278935028
30,17,16.200680257234197
30,18,15.255248186460008
30,19,12.243288605968658
30,20,9.807638258864921
30,21,10.968249248639863
30,22,10.224109986861484
30,23,11.430092531927821
30,24,9.619541233450265
30,25,8.414377557323101
30,26,6.372957969558839
30,27,4.350939651919817
30,28,5.312646182038616
30,29,3.800555211963579
30,31,3.797227663864207
30,32,5.4320630809075245
30,33,5.264068046990186
30,34,5.929998617340268
30,35,8.78462133900524
30,36,9.73117740361215
30,37,10.441401062455318
30,38,12.877079676091272
30,39,14.739617806037964
30,40,15.056960252487787
30,41,16.318796976645935
30,42,19.001893705840764
30,43,19.95226897772906
