1,2,3.80490044023638
1,3,5.393600291288489
1,4,5.200107838119943
1,5,6.479557449492813
1,6,8.971803940844007
1,7,10.203757688914372
1,8,10.685310308998858
1,9,12.948910097231318
1,10,14.70479564774684
1,11,15.697278440731779
1,12,16.997429530391734
1,13,18.90590352484409
1,14,20.439099745068482
1,15,21.425103369870417
1,16,22.86776129793975
1,17,24.954539732914924
1,18,26.114010248753676
1,19,27.17952536772793
1,20,29.593086812894068
1,21,31.553131679115253
1,22,35.28092442078417
1,23,36.23917296933787
1,24,39.73479824336966
1,25,41.34275935103781
1,26,41.2441798526987
1,27,45.03538920142282
1,28,45.35301916118624
1,29,42.85358525548978
1,30,44.70023203071006
1,31,48.06884345076069
1,32,47.20123316216371
1,33,46.17212617340478
1,34,49.36740316875014
1,35,51.40245027669106
1,36,49.968020307270606
1,37,50.85079958534813
1,38,54.322619795746355
1,39,54.96917632737062
1,40,54.140782634267424
1,41,55.39367949298228
1,42,58.6358407526533
1,43,56.97135228504296
1,44,54.73631648689571
1,45,56.67085220260134
1,46,54.47857816347513
1,47,55.05162953872242
1,48,58.76209761270007
1,49,60.15392577416056
1,50,62.67796631868029
1,51,66.03510968994735
1,52,66.04466135141375
1,53,67.75185724949527
1,54,64.74818718329516
1,55,62.21817253840949
1,56,61.49839110499953
1,57,60.429524762618335
1,58,63.87213644657827
1,59,66.27570002950586
1,60,67.51361381057374
2,1,3.80490044023638
2,3,3.818707922887183
2,4,5.57535048560157
2,5,5.37903263160069
2,6,6.635324666316925
2,7,9.020766892556527
2,8,10.181268478790965
2,9,11.47476262366018
2,10,13.039118317562366
2,11,14.899394837982097
2,12,16.036064958124474
2,13,17.26093373852899
2,14,19.138049159209
2,15,20.63929571283906
2,16,21.689110835231244
2,17,23.484586338358298
2,18,25.104493959643804
2,19,26.36468875667762
2,20,28.376379395795215
2,21,30.356617383898467
2,22,34.1478563999179
2,23,35.470933825746116
2,24,39.077591497288466
2,25,40.99776242927215
2,26,41.13822311139986
2,27,44.92298810622569
2,28,44.929415145745544
2,29,42.45789420107018
2,30,44.564013556372
2,31,47.78503287122868
2,32,46.67408709109039
2,33,45.81886574180294
2,34,49.16702264855766
2,35,50.9541205756249
2,36,49.416411834271656
2,37,50.53556567465449
2,38,53.9991075682691
2,39,54.38819873297462
2,40,53.578287155939165
2,41,55.072366683956126
2,42,58.218149372777205
2,43,56.420346587279575
2,44,54.386637366507834
2,45,56.422643080031236
2,46,54.448646260798355
2,47,55.06997069753085
2,48,58.710130723512314
2,49,60.110965863018606
2,50,62.468441858803374
2,51,65.86076073320994
2,52,65.90929927668608
2,53,67.42258677804242
2,54,64.3153233391487
2,55,61.909268246213514
2,56,61.094628498744456
2,57,60.23906209176792
2,58,63.761096853937616
2,59,65.99030786508315
2,60,67.2007500179864
3,1,5.393600291288489
3,2,3.818707922887183
3,4,3.8080263828540155
3,5,5.408931698600831
3,6,5.27372404431111
3,7,6.3587794561152915
3,8,8.601111345699282
3,9,10.411822434595818
3,10,10.970318586774617
3,11,12.714620258428836
3,12,14.64802330736309
3,13,15.725087492995439
3,14,16.959419788116723
3,15,18.73673519145259
3,16,20.276139897819697
3,17,21.684823429300813
3,18,22.994579397595146
3,19,24.669811069977317
3,20,26.78497554424386
3,21,28.36868496683948
3,22,32.134620640689235
3,23,33.305988635441196
3,24,36.82365069321603
3,25,38.758582778842886
3,26,38.686950371416835
3,27,42.487753374935174
3,28,42.4421573065923
3,29,39.78423342939641
3,30,41.79764978313879
3,31,45.04978375915325
3,32,43.83621881327386
3,33,42.80709560244517
3,34,46.164418408787014
3,35,47.97624877021096
3,36,46.29741501881481
3,37,47.3167246557438
3,38,50.84253942001385
3,39,51.22278035869566
3,40,50.27037134786585
3,41,51.71732249524539
3,42,54.81976088426145
3,43,52.95441344962155
3,44,50.87229326057948
3,45,52.82770738028665
3,46,50.84892199159357
3,47,51.568412112997734
3,48,55.20580732856123
3,49,56.519487335302514
3,50,58.85251634037253
3,51,62.21145607681793
3,52,62.20042288120991
3,53,63.71206467968383
3,54,60.63276694753668
3,55,58.188143294629995
3,56,57.3376973484582
3,57,56.45829559238089
3,58,59.9870022846284
3,59,62.2147795580209
3,60,63.4023384575598
4,1,5.200107838119943
4,2,5.57535048560157
4,3,3.8080263828540155
4,5,3.805713377760812
4,6,5.5297518784556425
4,7,5.282674637039801
4,8,6.016498001964422
4,9,8.835324513462009
4,10,9.999712546991768
4,11,10.697097095865919
4,12,12.514158167677119
4,13,14.414336877853616
4,14,15.500998087813214
4,15,16.59186416185034
4,16,18.37298587818621
4,17,20.22934754829684
4,18,21.169683338716002
4,19,22.489787521073033
4,20,24.969297814799972
4,21,26.681416413622678
4,22,30.39249642986653
4,23,31.282853444954643
4,24,34.749629076181506
4,25,36.42195701152858
4,26,36.288701348472266
4,27,40.09007049618303
4,28,40.30978989713345
4,29,37.75084219277519
4,30,39.638769394477144
4,31,42.97908761354942
4,32,42.04131176826677
4,33,41.02412846765259
4,34,44.25791801781065
4,35,46.24076892280985
4,36,44.791689466340046
4,37,45.72782740923907
4,38,49.18960075584367
4,39,49.795881786767254
4,40,49.004105222388574
4,41,50.310664865437204
4,42,53.555812743634434
4,43,51.91847642666878
4,44,49.74398004201182
4,45,51.777791445019716
4,46,49.65599337051543
4,47,50.151206290324225
4,48,53.83795296717728
4,49,55.315423325958164
4,50,57.818462927509714
4,51,61.230311423119616
4,52,61.35817167527753
4,53,63.03064480903087
4,54,59.96167839461509
4,55,57.52557614342857
4,56,56.91113891921745
4,57,55.95110551851532
4,58,59.38397673985453
4,59,61.76030049596342
4,60,63.13085658456933
5,1,6.479557449492813
5,2,5.37903263160069
5,3,5.408931698600831
5,4,3.805713377760812
5,6,3.8133114941228543
5,7,5.552707326724224
5,8,5.150016253897746
5,9,6.540828449066415
5,10,8.823754142532184
5,11,10.12286523642649
5,12,10.855650729088728
5,13,12.578229825963305
5,14,14.530114565477284
5,15,15.57371088946977
5,16,16.612457415179595
5,17,18.732048709129185
5,18,20.22121355139503
5,19,21.19920670116676
5,20,23.363660789083255
5,21,25.48728261285157
5,22,29.24659023981665
5,23,30.481414467589158
5,24,34.09601700466045
5,25,35.9330731402922
5,26,36.19516355275474
5,27,39.956668525545204
5,28,40.03681017538095
5,29,37.72659393421093
5,30,39.887545740606704
5,31,43.07905626323125
5,32,42.12929072275473
5,33,41.45043677685386
5,34,44.75351890395941
5,35,46.54453491837498
5,36,45.24101089680399
5,37,46.45715231179577
5,38,49.80836159226429
5,39,50.28241946533693
5,40,49.72414528443186
5,41,51.236068685302385
5,42,54.490254199961065
5,43,52.91046569841798
5,44,50.93973591179279
5,45,53.18948009388667
5,46,51.22667870085275
5,47,51.55493244546298
5,48,55.18437604631606
5,49,56.83822038293652
5,50,59.280671852074796
5,51,62.78173342018886
5,52,63.08729153168931
5,53,64.65266206518154
5,54,61.46350815985182
5,55,59.2019721079446
5,56,58.66782181009696
5,57,57.90715156204575
5,58,61.35032212844511
5,59,63.6311656890397
5,60,65.10832922356526
6,1,8.971803940844007
6,2,6.635324666316925
6,3,5.27372404431111
6,4,5.5297518784556425
6,5,3.8133114941228543
6,7,3.797329501669517
6,8,5.505491756029624
6,9,5.6242399661828895
6,10,6.508754251740528
6,11,9.010962147272693
6,12,10.212338154494105
6,13,10.835455757440142
6,14,12.692888978599457
6,15,14.601184345494936
6,16,15.562831495649839
6,17,17.003149503034955
6,18,18.779614163308736
6,19,20.3005982206797
6,20,22.088523233455867
6,21,23.920840122232583
6,22,27.724869742318404
6,23,29.22206761950091
6,24,32.87124250924826
6,25,35.01932397952487
6,26,35.346754011975655
6,27,39.100693235664025
6,28,38.848348152987334
6,29,36.427674956693316
6,30,38.75601591914234
6,31,41.82612076394708
6,32,40.56824916773257
6,33,39.91928608921546
6,34,43.365440429831004
6,35,44.94217958570502
6,36,43.430172097003954
6,37,44.785669271164224
6,38,48.17483014991748
6,39,48.400896421933375
6,40,47.74336528113295
6,41,49.43833333141174
6,42,52.5627579397986
6,43,50.80179649375526
6,44,48.977798633909806
6,45,51.242231215990664
6,46,49.472907010406864
6,47,49.9337537159246
6,48,53.49240784336755
6,49,55.07043469295287
6,50,57.33869684367479
6,51,60.83306040081717
6,52,61.10929289125753
6,53,62.497927872338046
6,54,59.248471045972764
6,55,57.06122527284744
6,56,56.39715143259511
6,57,55.80029572437923
6,58,59.316311103636785
6,59,61.436459124116
6,60,62.84819972995714
7,1,10.203757688914372
7,2,9.020766892556527
7,3,6.3587794561152915
7,4,5.282674637039801
7,5,5.552707326724224
7,6,3.797329501669517
7,8,3.808696918236467
7,9,5.544293109555915
7,10,5.040541840344679
7,11,6.435392934090156
7,12,8.851339417478597
7,13,9.90638699109564
7,14,10.681129961749196
7,15,12.482769162302212
7,16,14.28715226677615
7,17,15.550993356316416
7,18,16.65557282774383
7,19,18.456160245648263
7,20,20.633928626512233
7,21,22.07743447890187
7,22,25.823664065712176
7,23,26.948973309998788
7,24,30.47090812805727
7,25,32.458106647534336
7,26,32.4877389679957
7,27,36.27611094699516
7,28,36.151724529592165
7,29,33.56452753573368
7,30,35.698684589600774
7,31,38.8837654090934
7,32,37.68775646811408
7,33,36.82543100907539
7,34,40.21066378995631
7,35,41.9452390384221
7,36,40.40527589916473
7,37,41.57885089182372
7,38,45.01772398281082
7,39,45.387236447220836
7,40,44.64834921954179
7,41,46.19043664716118
7,42,49.36171179008195
7,43,47.65253573545614
7,44,45.692803806573245
7,45,47.89497363886043
7,46,46.0103374256089
7,47,46.465512552906716
7,48,50.066985239405994
7,49,51.62870487776174
7,50,53.98354490250232
7,51,57.465664778023935
7,52,57.73080717752428
7,53,59.227070655620345
7,54,56.02703930593346
7,55,53.773992209691905
7,56,53.189058705620404
7,57,52.48877312688329
7,58,55.96072898800464
7,59,58.17963128640015
7,60,59.64765916923946
8,1,10.685310308998858
8,2,10.181268478790965
8,3,8.601111345699282
8,4,6.016498001964422
8,5,5.150016253897746
8,6,5.505491756029624
8,7,3.808696918236467
8,9,3.807490217386731
8,10,5.4141653211119225
8,11,5.214041086267006
8,12,6.519983535325144
8,13,8.85678540266709
8,14,10.049088352768324
8,15,10.742775380221675
8,16,12.399367115010064
8,17,14.493883465494292
8,18,15.462927571488303
8,19,16.54557206125641
8,20,19.021550491483143
8,21,20.90492416952605
8,22,24.611475290726883
8,23,25.596137670438566
8,24,29.14466763172914
8,25,30.9020119782732
8,26,31.072432165385774
8,27,34.84311911725677
8,28,34.967282699587344
8,29,32.632326261493986
8,30,34.75201018444251
8,31,37.963598698355426
8,32,37.08451151791966
8,33,36.40264747280146
8,34,39.66902783180462
8,35,41.5038165966135
8,36,40.292010697058956
8,37,41.494962425159606
8,38,44.80381651979764
8,39,45.35979725031547
8,40,44.897344530339346
8,41,46.37028912395932
8,42,49.684997131719875
8,43,48.24121177406178
8,44,46.27395407997636
8,45,48.62631307823496
8,46,46.658578018841254
8,47,46.81781922959916
8,48,50.437284398314986
8,49,52.22628565631303
8,50,54.7250969689189
8,51,58.27917391606254
8,52,58.73854296214021
8,53,60.35219506489769
8,54,57.13335724034597
8,55,54.95420441514484
8,56,54.62133017077395
8,57,53.90661405284407
8,58,57.27671409841442
8,59,59.600546207820784
8,60,61.26295485578892
9,1,12.948910097231318
9,2,11.47476262366018
9,3,10.411822434595818
9,4,8.835324513462009
9,5,6.540828449066415
9,6,5.6242399661828895
9,7,5.544293109555915
9,8,3.807490217386731
9,10,3.816353891921108
9,11,5.223998998872782
9,12,4.802374547432242
9,13,6.086068333163316
9,14,8.507901822551812
9,15,9.640159057334841
9,16,10.220019068168751
9,17,12.26129596985174
9,18,14.066321913043
9,19,15.045626473307976
9,20,16.92516181932384
9,21,19.115048938109382
9,22,22.889546992309782
9,23,24.381991379348424
9,24,28.084881954148024
9,25,30.16769796486476
9,26,30.774364447228983
9,27,34.47249257729478
9,28,34.28316261305556
9,29,32.156379074237066
9,30,34.618434742828775
9,31,37.5998673031557
9,32,36.5587427255404
9,33,36.229250308360385
9,34,39.61257274058394
9,35,41.144916554984
9,36,39.9785876314588
9,37,41.51194119181346
9,38,44.71570805691434
9,39,45.022559956492366
9,40,44.737556573335716
9,41,46.48495496293933
9,42,49.730519416809926
9,43,48.261408613053405
9,44,46.56343453647573
9,45,49.109864400191675
9,46,47.38971702734303
9,47,47.459165582830266
9,48,50.97351524127264
9,49,52.879052248998605
9,50,55.229752397105294
9,51,58.84810993433555
9,52,59.45228320257653
9,53,60.88176726842772
9,54,57.53745090604903
9,55,55.55920653132135
9,56,55.239996427199195
9,57,54.78194469792476
9,58,58.18142610536716
9,59,60.33756788566789
9,60,62.05915878631992
10,1,14.70479564774684
10,2,13.039118317562366
10,3,10.970318586774617
10,4,9.999712546991768
10,5,8.823754142532184
10,6,6.508754251740528
10,7,5.040541840344679
10,8,5.4141653211119225
10,9,3.816353891921108
10,11,3.8114443890649152
10,12,5.38079188778025
10,13,5.048603828330323
10,14,6.209713520984346
10,15,8.614661128779176
10,16,9.825771924913619
10,17,10.73796118589521
10,18,12.376540498078196
10,19,14.272788028172315
10,20,15.992595224566362
10,21,17.520782659714364
10,22,21.315225771763206
10,23,22.82366346875565
10,24,26.47028122291746
10,25,28.75887003081463
10,26,29.197597030052986
10,27,32.91358454023702
10,28,32.483541524728736
10,29,30.105381856021285
10,30,32.58907469302281
10,31,35.54102904999078
10,32,34.221314213769695
10,33,33.747961357801785
10,34,37.23826700009893
10,35,38.67747589211187
10,36,37.25767744361309
10,37,38.78994687770313
10,38,42.084326541109185
10,39,42.24425883757705
10,40,41.775224260249644
10,41,43.59191359770322
10,42,46.73867070841589
10,43,45.103638409583716
10,44,43.440176407074205
10,45,45.93370476056446
10,46,44.31164399762738
10,47,44.53856921358894
10,48,48.02107162398061
10,49,49.81285297966663
10,50,52.053144981665405
10,51,55.64495566405641
10,52,56.179347248667455
10,53,57.515001442475736
10,54,54.15746962616714
10,55,52.18144632128921
10,56,51.758694568370615
10,57,51.367724617377256
10,58,54.815341727504226
10,59,56.88632961327647
10,60,58.55002454574305
11,1,15.697278440731779
11,2,14.899394837982097
11,3,12.714620258428836
11,4,10.697097095865919
11,5,10.12286523642649
11,6,9.010962147272693
11,7,6.435392934090156
11,8,5.214041086267006
11,9,5.223998998872782
11,10,3.8114443890649152
11,12,3.8090507473265016
11,13,5.465478565769784
11,14,5.110260441536837
11,15,6.094351304336286
11,16,8.469364577871906
11,17,9.90012109695088
11,18,10.47469059577192
11,19,12.111855974576965
11,20,14.580230363240604
11,21,16.014008270698962
11,22,19.70699337297379
11,23,20.676934091630397
11,24,24.218961033773205
11,25,26.15690629146512
11,26,26.371388299745746
11,27,30.13599153266972
11,28,30.039218389842677
11,29,27.656007730871018
11,30,29.91963915373624
11,31,33.03525316413517
11,32,32.01651874644777
11,33,31.43337501581743
11,34,34.778158462529326
11,35,36.47163836226225
11,36,35.251195548496455
11,37,36.600411287914795
11,38,39.86622669167811
11,39,40.3151702680465
11,40,39.941710260649394
11,41,41.540428809352946
11,42,44.83599870166754
11,43,43.428575763249285
11,44,41.60536203860969
11,45,44.11714940175319
11,46,42.305671951640804
11,47,42.34111645085886
11,48,45.8883884914645
11,49,47.800964522404655
11,50,50.23049586917846
11,51,53.84761924065116
11,52,54.47549682276521
11,53,56.003021148943866
11,54,52.69727803693666
11,55,50.68501770087292
11,56,50.48719431854791
11,57,49.960915835543794
11,58,53.297935563066545
11,59,55.540611540224276
11,60,57.359046247230424
12,1,16.997429530391734
12,2,16.036064958124474
12,3,14.64802330736309
12,4,12.514158167677119
12,5,10.855650729088728
12,6,10.212338154494105
12,7,8.851339417478597
12,8,6.519983535325144
12,9,4.802374547432242
12,10,5.38079188778025
12,11,3.8090507473265016
12,13,3.799776841577749
12,14,5.38409954929012
12,15,5.086132860229679
12,16,5.9058187342094275
12,17,8.476846782645609
12,18,9.757891862305295
12,19,10.36263622338476
12,20,12.611714455988524
12,21,14.847425680235595
12,22,18.5433566045091
12,23,19.82339772372054
12,24,23.504455689320622
12,25,25.47751812111411
12,26,26.177191390767963
12,27,29.841803636678407
12,28,29.732342215236716
12,29,27.76089383446794
12,30,30.251025106777316
12,31,33.19321476378166
12,32,32.333254122715466
12,33,32.16896128936474
12,34,35.47029954114367
12,35,37.01457124282671
12,36,36.09963986960804
12,37,37.6955732810759
12,38,40.762442280695296
12,39,41.17639730046515
12,40,41.139457929160216
12,41,42.86484479382176
12,42,46.19748183664288
12,43,44.969981245799545
12,44,43.33300569254892
12,45,46.05489487616519
12,46,44.35380810419096
12,47,44.12813443334889
12,48,47.598714060421415
12,49,49.73126540425951
12,50,52.15293918130686
12,51,55.84074008993433
12,52,56.68089274044241
12,53,58.16404983536565
12,54,54.78257878003146
12,55,52.9510036730093
12,56,52.91538105039035
12,57,52.535142339903786
12,58,55.81290942304274
12,59,58.01036847716073
12,60,59.969580509922544
13,1,18.90590352484409
13,2,17.26093373852899
13,3,15.725087492995439
13,4,14.414336877853616
13,5,12.578229825963305
13,6,10.835455757440142
13,7,9.90638699109564
13,8,8.85678540266709
13,9,6.086068333163316
13,10,5.048603828330323
13,11,5.465478565769784
13,12,3.799776841577749
13,14,3.815014183313435
13,15,5.599319411195953
13,16,5.182629705798216
13,17,6.30276597424408
13,18,8.752453473885558
13,19,10.0975725683011
13,20,11.319134836986823
13,21,13.34451022793475
13,22,17.140254707773803
13,23,19.016381094019298
13,24,22.785697441983302
13,25,25.239167586788213
13,26,26.20277880769047
13,27,29.78450568499374
13,28,29.19159799861198
13,29,27.217540407465787
13,30,30.015149244978534
13,31,32.7128139982171
13,32,31.473866388709855
13,33,31.500995760457688
13,34,34.978254603692065
13,35,36.1746642669069
13,36,35.07914988961103
13,37,36.95003848724144
13,38,39.998931694977934
13,39,40.067322994675735
13,40,40.013663670504506
13,41,42.024383410185784
13,42,45.199503826450915
13,43,43.79480811876619
13,44,42.4089446623206
13,45,45.21425041705269
13,46,43.79173791974492
13,47,43.6567864158057
13,48,47.01046017918232
13,49,49.110222768346944
13,50,51.31063503329997
13,51,55.00871097640075
13,52,55.87254851735426
13,53,57.12530268921406
13,54,53.647544599991676
13,55,51.96248612362735
13,56,51.813855901586656
13,57,51.67575527242063
13,58,55.0217173588513
13,59,57.00984120578797
13,60,58.92599973390008
14,1,20.439099745068482
14,2,19.138049159209
14,3,16.959419788116723
14,4,15.500998087813214
14,5,14.530114565477284
14,6,12.692888978599457
14,7,10.681129961749196
14,8,10.049088352768324
14,9,8.507901822551812
14,10,6.209713520984346
14,11,5.110260441536837
14,12,5.38409954929012
14,13,3.815014183313435
14,15,3.8074132418590927
14,16,5.466145722425045
14,17,5.187481933354473
14,18,6.224693193667552
14,19,8.68485370789769
14,20,10.365277343580281
14,21,11.42895127926649
14,22,15.19115115470695
14,23,16.642721637897502
14,24,20.290543968824963
14,25,22.700351986632757
14,26,23.312202571041322
14,27,26.96411341191945
14,28,26.37804950840265
14,29,24.118960181240308
14,30,26.78541518313584
14,31,29.593133339431517
14,32,28.28844272989619
14,33,28.076854264063858
14,34,31.571932579644248
14,35,32.87573268697096
14,36,31.660831432132074
14,37,33.395805088745554
14,38,36.53197769850365
14,39,36.6726116174571
14,40,36.49477987237924
14,41,38.41437480854529
14,42,41.61098179866083
14,43,40.19931201925341
14,44,38.71727554219242
14,45,41.48084345377437
14,46,40.0067651936178
14,47,39.896444879144866
14,48,43.27710047034255
14,49,45.34687821250662
14,50,47.5838091667373
14,51,51.27505686613114
14,52,52.1246889037257
14,53,53.432417501719314
14,54,49.98148757218125
14,55,48.25648101363432
14,56,48.15776703821319
14,57,47.9738695715323
14,58,51.292516876043315
14,59,53.328706470357794
14,60,55.287188915980096
15,1,21.425103369870417
15,2,20.63929571283906
15,3,18.73673519145259
15,4,16.59186416185034
15,5,15.57371088946977
15,6,14.601184345494936
15,7,12.482769162302212
15,8,10.742775380221675
15,9,9.640159057334841
15,10,8.614661128779176
15,11,6.094351304336286
15,12,5.086132860229679
15,13,5.599319411195953
15,14,3.8074132418590927
15,16,3.8102974803677347
15,17,5.322685253773676
15,18,4.965642406437586
15,19,6.026370523016918
15,20,8.795331309157266
15,21,10.358244016794877
15,22,13.955693162247458
15,23,14.912901741916675
15,24,18.541829233785062
15,25,20.538139261587894
15,26,21.19454740055217
15,27,24.861662588659932
15,28,24.680220425338558
15,29,22.676701133745965
15,30,25.212256430701686
15,31,28.11507474476674
15,32,27.266841010124324
15,33,27.16951520003342
15,34,30.457564828946317
15,35,31.97098150883762
15,36,31.156205488513155
15,37,32.805376730774015
15,38,35.794121819860166
15,39,36.23867056613389
15,40,36.33686921973444
15,41,38.07047604805817
15,42,41.433488114757814
15,43,40.35371576540258
15,44,38.79204605159286
15,45,41.648702642971564
15,46,40.02262467242976
15,47,39.59505985856762
15,48,43.0003926753737
15,49,45.28509471249223
15,50,47.71189283202968
15,51,51.4440949100165
15,52,52.467326627886635
15,53,53.950808799244776
15,54,50.53740784409573
15,55,48.84895674005916
15,56,49.03149946645552
15,57,48.75919115511663
15,58,51.93333819467153
15,59,54.119983161049525
15,60,56.266505040280485
16,1,22.86776129793975
16,2,21.689110835231244
16,3,20.276139897819697
16,4,18.37298587818621
16,5,16.612457415179595
16,6,15.562831495649839
16,7,14.28715226677615
16,8,12.399367115010064
16,9,10.220019068168751
16,10,9.825771924913619
16,11,8.469364577871906
16,12,5.9058187342094275
16,13,5.182629705798216
16,14,5.466145722425045
16,15,3.8102974803677347
16,17,3.800139014674796
16,18,5.559545117351541
16,19,5.2815237163931705
16,20,6.780778881764114
16,21,9.46611015876822
16,22,13.07813571472066
16,23,14.802261493572766
16,24,18.579331904032124
16,25,20.860198674462676
16,26,22.167243005584485
16,27,25.624832931407717
16,28,25.172475199616542
16,29,23.616949475940807
16,30,26.49369322342255
16,31,29.061784303225036
16,32,28.170569866453857
16,33,28.565091980116836
16,34,31.865842758223707
16,35,33.04443997242626
16,36,32.41228443215031
16,37,34.40413141385006
16,38,37.187232159507815
16,39,37.41219092736575
16,40,37.78513963966365
16,41,39.76228217792538
16,42,43.048676962635504
16,43,42.02147424873444
16,44,40.74763813918546
16,45,43.7839379101493
16,46,42.38901514799903
16,47,41.82238800486038
16,48,45.09021270961617
16,49,47.50799201214473
16,50,49.80379923247506
16,51,53.57645775984175
16,52,54.75689819874028
16,53,56.083331072978694
16,54,52.57757836974107
16,55,51.098100716995525
16,56,51.32365847515211
16,57,51.2734590143219
16,58,54.43646817979447
16,59,56.476827903292225
16,60,58.68078591458084
17,1,24.954539732914924
17,2,23.484586338358298
17,3,21.684823429300813
17,4,20.22934754829684
17,5,18.732048709129185
17,6,17.003149503034955
17,7,15.550993356316416
17,8,14.493883465494292
17,9,12.26129596985174
17,10,10.73796118589521
17,11,9.90012109695088
17,12,8.476846782645609
17,13,6.30276597424408
17,14,5.187481933354473
17,15,5.322685253773676
17,16,3.800139014674796
17,18,3.8110407002225126
17,19,5.49970569833712
17,20,5.572233481363342
17,21,7.104213285526629
17,22,10.888603578306409
17,23,13.07166857163329
17,24,16.855583683362624
17,25,19.619661576108836
17,26,20.971045406868623
17,27,24.359707755988563
17,28,23.41917567081738
17,29,21.698267261406777
17,30,24.797746355991
17,31,27.174420351534565
17,32,25.867604428865565
17,33,26.322437332432376
17,34,29.79356777827841
17,35,30.69056758419566
17,36,29.819917774068468
17,37,32.00047024523361
17,38,34.80702318456097
17,39,34.74217555842324
17,40,35.03454024993835
17,41,37.22742767668329
17,42,40.373061175745704
17,43,39.1819207100553
17,44,38.0936980418374
17,45,41.178097546896694
17,46,40.014344171331835
17,47,39.54387339545598
17,48,42.709447040362576
17,49,45.07457925927577
17,50,47.18465519788457
17,51,50.95514575459105
17,52,52.145763347139244
17,53,53.29384786251956
17,54,49.72284769758256
17,55,48.357402479259044
17,56,48.51049915835962
17,57,48.651607650922486
17,58,51.850605260188686
17,59,53.72677410709809
17,60,55.91048673825851
18,1,26.114010248753676
18,2,25.104493959643804
18,3,22.994579397595146
18,4,21.169683338716002
18,5,20.22121355139503
18,6,18.779614163308736
18,7,16.65557282774383
18,8,15.462927571488303
18,9,14.066321913043
18,10,12.376540498078196
18,11,10.47469059577192
18,12,9.757891862305295
18,13,8.752453473885558
18,14,6.224693193667552
18,15,4.965642406437586
18,16,5.559545117351541
18,17,3.8110407002225126
18,19,3.8207421996097746
18,20,5.464048682005895
18,21,5.645542503412779
18,22,9.246703392462422
18,23,10.456403126219776
18,24,14.150871690066136
18,25,16.61814937174149
18,26,17.582673385019117
18,27,21.113456421051637
18,28,20.44511731391195
18,29,18.517194462877022
18,30,21.406872949448186
18,31,24.00939890409511
18,32,22.90950777923254
18,33,23.14329121499561
18,34,26.53130446161555
18,35,27.704649533401742
18,36,26.929138701041666
18,37,28.89447144165965
18,38,31.736936089940347
18,39,31.947861117707795
18,40,32.24480574643473
18,41,34.217019323234666
18,42,37.49522553228992
18,43,36.47338127516924
18,44,35.20725146833347
18,45,38.28023193617493
18,46,36.94995410217331
18,47,36.346684883654525
18,48,39.57567334772285
18,49,42.01322763732271
18,50,44.28187441390505
18,51,48.06316028121956
18,52,49.305003301984236
18,53,50.62165901334558
18,54,47.11085338348555
18,55,45.69197207664794
18,56,46.025993889195746
18,57,46.03969751823021
18,58,49.14052031654256
18,59,51.162031970778315
18,60,53.4631209807382
19,1,27.17952536772793
19,2,26.36468875667762
19,3,24.669811069977317
19,4,22.489787521073033
19,5,21.19920670116676
19,6,20.3005982206797
19,7,18.456160245648263
19,8,16.54557206125641
19,9,15.045626473307976
19,10,14.272788028172315
19,11,12.111855974576965
19,12,10.36263622338476
19,13,10.0975725683011
19,14,8.68485370789769
19,15,6.026370523016918
19,16,5.2815237163931705
19,17,5.49970569833712
19,18,3.8207421996097746
19,20,3.8155615104009915
19,21,5.7712734328046675
19,22,8.820679306879994
19,23,9.853437865929942
19,24,13.543760695146187
19,25,15.62752784619206
19,26,17.05234291600699
19,27,20.43488347752886
19,28,20.099580176003567
19,29,18.76748952898029
19,30,21.6368617426108
19,31,24.128926456895783
19,32,23.521970285977574
19,33,24.120578362958174
19,34,27.243206076642526
19,35,28.45402818754166
19,36,28.178520228856847
19,37,30.187036098895796
19,38,32.75803762890367
19,39,33.15970883380721
19,40,33.83584198481128
19,41,35.71813386321493
19,42,39.085113054196995
19,43,38.3893743642193
19,44,37.178298018390564
19,45,40.36678363059262
19,46,38.995534253179024
19,47,38.07119793813748
19,48,41.244599795070904
19,49,43.90184710048112
19,50,46.27307886069654
19,51,50.08027422684832
19,52,51.51445918474011
19,53,52.9160709269371
19,54,49.42321582820449
19,55,48.11262209449655
19,56,48.67804505187081
19,57,48.687939403460575
19,58,51.656966586965986
19,59,53.74312692322189
19,60,56.19423087304966
20,1,29.593086812894068
20,2,28.376379395795215
20,3,26.78497554424386
20,4,24.969297814799972
20,5,23.363660789083255
20,6,22.088523233455867
20,7,20.633928626512233
20,8,19.021550491483143
20,9,16.92516181932384
20,10,15.992595224566362
20,11,14.580230363240604
20,12,12.611714455988524
20,13,11.319134836986823
20,14,10.365277343580281
20,15,8.795331309157266
20,16,6.780778881764114
20,17,5.572233481363342
20,18,5.464048682005895
20,19,3.8155615104009915
20,21,3.8221841829437198
20,22,6.73731207522017
20,23,9.120976972066327
20,24,12.834545803884927
20,25,15.530037188462465
20,26,17.607257710782488
20,27,20.64071489606121
20,28,19.69742423804851
20,29,18.73415395483556
20,30,22.015516958110815
20,31,24.015256155561286
20,32,23.1055603439426
20,33,24.20112755265291
20,34,27.39587817283323
20,35,28.102508957902796
20,36,27.855230967568826
20,37,30.26832316671421
20,38,32.641295800258895
20,39,32.663023128162166
20,40,33.53755193157365
20,41,35.74945238363018
20,42,38.93969074626399
20,43,38.20114488012562
20,44,37.35944705444814
20,45,40.7076858878742
20,46,39.67771306071145
20,47,38.701706054188755
20,48,41.67424322412139
20,49,44.39684622855442
20,50,46.53403868890565
20,51,50.35640260118216
20,52,51.92422756805286
20,53,53.08427929735702
20,54,49.49014319076072
20,55,48.42963326010454
20,56,48.98965533867858
20,57,49.293854106088446
20,58,52.2608195934089
20,59,54.122792194851165
20,60,56.603272754855496
21,1,31.553131679115253
21,2,30.356617383898467
21,3,28.36868496683948
21,4,26.681416413622678
21,5,25.48728261285157
21,6,23.920840122232583
21,7,22.07743447890187
21,8,20.90492416952605
21,9,19.115048938109382
21,10,17.520782659714364
21,11,16.014008270698962
21,12,14.847425680235595
21,13,13.34451022793475
21,14,11.42895127926649
21,15,10.358244016794877
21,16,9.46611015876822
21,17,7.104213285526629
21,18,5.645542503412779
21,19,5.7712734328046675
21,20,3.8221841829437198
21,22,3.808838850712015
21,23,6.331928760210209
21,24,10.034474337598361
21,25,13.156507894305255
21,26,15.062778929531405
21,27,18.070399197741125
21,28,16.747322154981845
21,29,15.504448745938928
21,30,18.920489302320224
21,31,20.83331409664022
21,32,19.618097389280912
21,33,20.687706256495474
21,34,23.99654754737611
21,35,24.575038875649582
21,36,24.168176707233513
21,37,26.656412488301235
21,38,29.060416209944535
21,39,28.96510607499961
21,40,29.783600406814877
21,41,32.07402743390296
21,42,35.20991460319818
21,43,34.426775058467264
21,44,33.66260521382541
21,45,37.04791888191266
21,46,36.14048446455871
21,47,35.16966679966403
21,48,38.07407762173761
21,49,40.78916304180271
21,50,42.84597998139474
21,51,46.66761940972341
21,52,48.27139378820368
21,53,49.36890517851441
21,54,45.7567463198782
21,55,44.770437388735004
21,56,45.37112424569242
21,57,45.77067380716579
21,58,48.7037219382136
21,59,50.50059794589572
21,60,53.023662129067766
22,1,35.28092442078417
22,2,34.1478563999179
22,3,32.134620640689235
22,4,30.39249642986653
22,5,29.24659023981665
22,6,27.724869742318404
22,7,25.823664065712176
22,8,24.611475290726883
22,9,22.889546992309782
22,10,21.315225771763206
22,11,19.70699337297379
22,12,18.5433566045091
22,13,17.140254707773803
22,14,15.19115115470695
22,15,13.955693162247458
22,16,13.07813571472066
22,17,10.888603578306409
22,18,9.246703392462422
22,19,8.820679306879994
22,20,6.73731207522017
22,21,3.808838850712015
22,23,3.8235464882974286
22,24,6.942973642821783
22,25,10.377652383642923
22,26,12.843532639463042
22,27,15.354725674888742
22,28,13.664597752291701
22,29,12.99329390345936
22,30,16.607246819247496
22,31,18.028867624885326
22,32,16.89550721442951
22,33,18.50861513710464
22,34,21.616863078224792
22,35,21.881684565726676
22,36,21.846620109667484
22,37,24.56218919830106
22,38,26.61414261129345
22,39,26.451776372166538
22,40,27.658362761731706
22,41,30.02397041239098
22,42,33.09550695992969
22,43,32.58393041529862
22,44,32.0833859904669
22,45,35.63118835308993
22,46,34.929347416872425
22,47,33.65341257879162
22,48,36.337172498216795
22,49,39.25160050467291
22,50,41.23144480714576
22,51,45.05522827329678
22,52,46.90975167414437
22,53,47.94185749744576
22,54,44.3204142863649
22,55,43.5965738606788
22,56,44.4506079438887
22,57,45.027534597947515
22,58,47.7835376553249
22,59,49.496090049481815
22,60,52.19663721674827
23,1,36.23917296933787
23,2,35.470933825746116
23,3,33.305988635441196
23,4,31.282853444954643
23,5,30.481414467589158
23,6,29.22206761950091
23,7,26.948973309998788
23,8,25.596137670438566
23,9,24.381991379348424
23,10,22.82366346875565
23,11,20.676934091630397
23,12,19.82339772372054
23,13,19.016381094019298
23,14,16.642721637897502
23,15,14.912901741916675
23,16,14.802261493572766
23,17,13.07166857163329
23,18,10.456403126219776
23,19,9.853437865929942
23,20,9.120976972066327
23,21,6.331928760210209
23,22,3.8235464882974286
23,24,3.8077995698787697
23,25,6.8633174369825785
23,26,9.078821786022075
23,27,11.805837061756037
23,28,10.589818290023365
23,29,9.817746384355104
23,30,13.216909335635853
23,31,14.942375200982903
23,32,14.31442119435821
23,33,15.752932816750121
23,34,18.65026545977062
23,35,19.33462657623308
23,36,19.604529685090306
23,37,22.015498712534708
23,38,24.035531747758867
23,39,24.322071457289173
23,40,25.620860768744244
23,41,27.647149962566
23,42,30.90781926770733
23,43,30.689095456615455
23,44,29.963287219283412
23,45,33.489505337809646
23,46,32.568121049821926
23,47,31.06280450953968
23,48,33.806851606732565
23,49,36.842733336313096
23,50,39.0383302621291
23,51,42.863169912589434
23,52,44.79215204050774
23,53,46.04717623903369
23,54,42.524229984488024
23,55,41.73957484786658
23,56,42.82852421343139
23,57,43.232529286310225
23,58,45.84189531405199
23,59,47.736985496719804
23,60,50.568718646187136
24,1,39.73479824336966
24,2,39.077591497288466
24,3,36.82365069321603
24,4,34.749629076181506
24,5,34.09601700466045
24,6,32.87124250924826
24,7,30.47090812805727
24,8,29.14466763172914
24,9,28.084881954148024
24,10,26.47028122291746
24,11,24.218961033773205
24,12,23.504455689320622
24,13,22.785697441983302
24,14,20.290543968824963
24,15,18.541829233785062
24,16,18.579331904032124
24,17,16.855583683362624
24,18,14.150871690066136
24,19,13.543760695146187
24,20,12.834545803884927
24,21,10.034474337598361
24,22,6.942973642821783
24,23,3.8077995698787697
24,25,3.8030829480089703
24,26,6.524209784126011
24,27,8.468969720225463
24,28,6.892525143134134
24,29,6.889306047058201
24,30,10.311542626958497
24,31,11.518603524977964
24,32,11.239810251202918
24,33,13.172367290764306
24,34,15.680331061963361
24,35,16.19986770636015
24,36,16.98161440528807
24,37,19.438212623699954
24,38,21.066207419608514
24,39,21.47078027592007
24,40,23.150599455965303
24,41,25.083786395829673
24,42,28.316276646589003
24,43,28.456180669731754
24,44,27.897910900028673
24,45,31.516560994552947
24,46,30.725739774520186
24,47,28.88381035681828
24,48,31.409973515208133
24,49,34.636624258176624
24,50,36.8133113017478
24,51,40.61125204456857
24,52,42.7695256262405
24,53,44.03152702660988
24,54,40.55987274380053
24,55,39.98957759079061
24,56,41.366711658067594
24,57,41.86658137161331
24,58,44.252822316921595
24,59,46.11772187641722
24,60,49.124463983123746
25,1,41.34275935103781
25,2,40.99776242927215
25,3,38.758582778842886
25,4,36.42195701152858
25,5,35.9330731402922
25,6,35.01932397952487
25,7,32.458106647534336
25,8,30.9020119782732
25,9,30.16769796486476
25,10,28.75887003081463
25,11,26.15690629146512
25,12,25.47751812111411
25,13,25.239167586788213
25,14,22.700351986632757
25,15,20.538139261587894
25,16,20.860198674462676
25,17,19.619661576108836
25,18,16.61814937174149
25,19,15.62752784619206
25,20,15.530037188462465
25,21,13.156507894305255
25,22,10.377652383642923
25,23,6.8633174369825785
25,24,3.8030829480089703
25,26,3.8010028454568165
25,27,5.285790484718458
25,28,5.285940342841127
25,29,6.220010219627594
25,30,8.551014986042528
25,31,9.866348934475623
25,32,10.860681996498988
25,33,12.650076560126095
25,34,14.416373553337326
25,35,15.43778830434403
25,36,16.87884848204414
25,37,18.84587431929142
25,38,20.168989160404234
25,39,21.17415665877333
25,40,23.08694124791798
25,41,24.52899430769472
25,42,27.896638114129157
25,43,28.491944845245637
25,44,27.74875494624225
25,45,31.28976368378468
25,46,30.2768769802672
25,47,28.096332046264124
25,48,30.59092165484019
25,49,33.97696565201963
25,50,36.37524569763689
25,51,40.12064881447735
25,52,42.40138166228733
25,53,43.89734636917086
25,54,40.58054574038375
25,55,40.002023766973345
25,56,41.66500253075651
25,57,41.98752372473104
25,58,44.152672079259204
25,59,46.19336203114372
25,60,49.34012456884984
26,1,41.2441798526987
26,2,41.13822311139986
26,3,38.686950371416835
26,4,36.288701348472266
26,5,36.19516355275474
26,6,35.346754011975655
26,7,32.4877389679957
26,8,31.072432165385774
26,9,30.774364447228983
26,10,29.197597030052986
26,11,26.371388299745746
26,12,26.177191390767963
26,13,26.20277880769047
26,14,23.312202571041322
26,15,21.19454740055217
26,16,22.167243005584485
26,17,20.971045406868623
26,18,17.582673385019117
26,19,17.05234291600699
26,20,17.607257710782488
26,21,15.062778929531405
26,22,12.843532639463042
26,23,9.078821786022075
26,24,6.524209784126011
26,25,3.8010028454568165
26,27,3.809932364585642
26,28,5.373351461487766
26,29,4.75757591971977
26,30,5.737677099541003
26,31,8.193888587987923
26,32,9.653611204777578
26,33,10.419105238527203
26,34,11.999307814769152
26,35,13.838643018621317
26,36,15.164532466194974
26,37,16.4966044317238
26,38,18.08148031843933
26,39,19.598403746160173
26,40,21.199818158388393
26,41,22.19836422558419
26,42,25.75504004441216
26,43,26.423954753004338
26,44,25.28907721103886
26,45,28.66465346176605
26,46,27.343887144834262
26,47,25.14387403080962
26,48,27.817189953099934
26,49,31.159026832381272
26,50,33.782177155189935
26,51,37.5058029442831
26,52,39.68600324987906
26,53,41.40884385781839
26,54,38.2076513037489
26,55,37.42671235002382
26,56,39.160730255167415
26,57,39.2414226226789
26,58,41.34654409595756
26,59,43.577461660260184
26,60,46.73510709714354
27,1,45.03538920142282
27,2,44.92298810622569
27,3,42.487753374935174
27,4,40.09007049618303
27,5,39.956668525545204
27,6,39.100693235664025
27,7,36.27611094699516
27,8,34.84311911725677
27,9,34.47249257729478
27,10,32.91358454023702
27,11,30.13599153266972
27,12,29.841803636678407
27,13,29.78450568499374
27,14,26.96411341191945
27,15,24.861662588659932
27,16,25.624832931407717
27,17,24.359707755988563
27,18,21.113456421051637
27,19,20.43488347752886
27,20,20.64071489606121
27,21,18.070399197741125
27,22,15.354725674888742
27,23,11.805837061756037
27,24,8.468969720225463
27,25,5.285790484718458
27,26,3.809932364585642
27,28,3.798847714822373
27,29,5.468491324544251
27,30,5.181039728434223
27,31,5.968949097337866
27,32,8.585851085694594
27,33,10.053586505935314
27,34,10.563456496275187
27,35,12.05269014308864
27,36,14.247968504647067
27,37,15.55454635158147
27,38,16.3655504943837
27,39,18.02812139816849
27,40,20.17743810839031
27,41,21.02862066886864
27,42,24.426884824134902
27,43,25.576707860155075
27,44,24.751402404964125
27,45,28.18058944655092
27,46,27.102761799685286
27,47,24.50014255849309
27,48,26.784039614293857
27,49,30.335800522072017
27,50,32.862378000973706
27,51,36.50211038396908
27,52,38.96598175361415
27,53,40.639393294569736
27,54,37.52167831374103
27,55,37.051113676682405
27,56,39.08921456837491
27,57,39.32745451890245
27,58,41.152748282767945
27,59,43.28597241404551
27,60,46.611360985133864
28,1,45.35301916118624
28,2,44.929415145745544
28,3,42.4421573065923
28,4,40.30978989713345
28,5,40.03681017538095
28,6,38.848348152987334
28,7,36.151724529592165
28,8,34.967282699587344
28,9,34.28316261305556
28,10,32.483541524728736
28,11,30.039218389842677
28,12,29.732342215236716
28,13,29.19159799861198
28,14,26.37804950840265
28,15,24.680220425338558
28,16,25.172475199616542
28,17,23.41917567081738
28,18,20.44511731391195
28,19,20.099580176003567
28,20,19.69742423804851
28,21,16.747322154981845
28,22,13.664597752291701
28,23,10.589818290023365
28,24,6.892525143134134
28,25,5.285940342841127
28,26,5.373351461487766
28,27,3.798847714822373
28,29,3.8112968881269986
28,30,5.4987925045913215
28,31,5.051851297791106
28,32,6.193225682522824
28,33,8.776946475354858
28,34,10.001205343553517
28,35,10.425018650818949
28,36,12.346773788818222
28,37,14.489652307301991
28,38,15.315254500893035
28,39,16.212241967243042
28,40,18.485087211636397
28,41,19.976847973538163
28,42,23.167559933207567
28,43,24.02898255079472
28,44,23.634895531050837
28,45,27.27302889037272
28,46,26.632931996240934
28,47,24.20288774412415
28,48,26.324881017750663
28,49,29.83455080672445
28,50,32.02957566589678
28,51,35.72592316108609
28,52,38.22824176733449
28,53,39.58121322841922
28,54,36.28760937472889
28,55,36.020112520694
28,56,37.91364140394861
28,57,38.47790659870769
28,58,40.42014838154032
28,59,42.28535511771957
28,60,45.56747007653241
29,1,42.85358525548978
29,2,42.45789420107018
29,3,39.78423342939641
29,4,37.75084219277519
29,5,37.72659393421093
29,6,36.427674956693316
29,7,33.56452753573368
29,8,32.632326261493986
29,9,32.156379074237066
29,10,30.105381856021285
29,11,27.656007730871018
29,12,27.76089383446794
29,13,27.217540407465787
29,14,24.118960181240308
29,15,22.676701133745965
29,16,23.616949475940807
29,17,21.698267261406777
29,18,18.517194462877022
29,19,18.76748952898029
29,20,18.73415395483556
29,21,15.504448745938928
29,22,12.99329390345936
29,23,9.817746384355104
