1,2,3.8661082235592357
1,3,6.035197568305273
1,4,8.799722427380932
1,5,8.719523094798559
1,6,5.7964450241586105
1,7,6.013585872743665
1,8,4.867220814882061
1,9,5.702939036962839
1,10,7.043842004818513
1,11,10.604753445870964
1,12,10.719606724518663
1,13,11.8267316062108
1,14,9.544655380382816
1,15,10.902948937800495
1,16,10.713896806440696
1,17,12.88825358971223
1,18,15.854032945770086
1,19,17.116296955967076
1,20,14.151183587422308
1,21,13.088374419817187
1,22,10.336674790035465
1,23,8.455402820207901
1,24,6.678871598153502
1,25,7.71342933585802
1,26,8.501391951906532
1,27,12.220209974363835
1,28,13.516013454273185
1,29,12.08543320658664
1,30,13.212517341189898
1,31,16.39685988555251
1,32,17.027835715594183
1,33,17.024697974768614
1,34,14.521349840887531
1,35,13.508504326598283
1,36,13.194508946012705
1,37,15.509629815301471
1,38,16.64819973505101
1,39,14.901643163509315
1,40,17.238868922795046
1,41,17.257779669238545
1,42,20.108232876101866
1,43,18.37906054758319
1,44,18.910751667316056
1,45,16.10840916005415
1,46,15.704285232429468
1,47,14.75733561857025
1,48,12.984181567776643
1,49,15.100331935385043
1,50,14.827761803806233
1,51,17.292817807541812
1,52,18.9623010527245
1,53,22.276077197489556
1,54,25.14413486164985
1,55,26.078518539340816
1,56,28.436586349996656
1,57,29.23775442660458
1,58,29.081345497048083
1,59,27.5065972367251
1,60,24.471195139124614
1,61,21.427764351607127
1,62,20.612611306235422
1,63,17.192337371720146
1,64,19.263564519878884
1,65,21.532767064497744
1,66,18.79247817705691
1,67,17.508856560708146
1,68,21.21898077826428
1,69,22.115256190770886
1,70,18.97932118480824
1,71,19.51427150960725
1,72,23.13294418778052
1,73,22.52070653290089
1,74,21.078883656648237
1,75,22.8843708929936
1,76,26.159688687610032
1,77,28.19387902232511
1,78,30.000171235722526
1,79,27.445722817924704
1,80,26.95938545669711
1,81,26.119989481254976
1,82,22.93165511862886
1,83,22.02052276344241
1,84,22.373423759119
1,85,20.216527699754845
1,86,17.425165677953153
1,87,18.093057032119557
1,88,18.569935200634824
1,89,20.657987235069896
1,90,23.631889696083427
1,91,26.35598784458465
1,92,27.626048491772245
1,93,30.93942525777582
1,94,29.328460350653085
1,95,27.058863587534123
1,96,30.145858811067097
1,97,32.20153302518434
1,98,29.509767243609435
1,99,29.286918720221912
1,100,33.10336739505285
1,101,33.8517377076035
1,102,31.492607642695848
1,103,31.06537052076495
1,104,33.992311169617466
1,105,36.43894990598888
1,106,35.146576140062535
1,107,38.15641924168262
1,108,36.09470395418031
1,109,35.01166487878602
1,110,33.02606921106689
1,111,30.918686455206934
1,112,30.52980497916333
1,113,32.689671906767025
1,114,30.302118915492073
1,115,33.27021459394404
2,1,3.8661082235592357
2,3,3.840931429740614
2,4,5.583515959610793
2,5,5.926679705666029
2,6,4.681563966732208
2,7,5.207610136776809
2,8,6.297193013211906
2,9,6.446353233710725
2,10,9.258150933047366
2,11,12.161033164500633
2,12,11.010090827272087
2,13,11.111561174268697
2,14,8.19786089744862
2,15,8.857806405721716
2,16,9.399767319697027
2,17,11.170053462916796
2,18,14.65824841579001
2,19,15.780354414301385
2,20,13.094423810322358
2,21,13.063815981987464
2,22,10.76823663343006
2,23,7.718814032227226
2,24,5.180489881966764
2,25,4.503865527372439
2,26,5.558883070613577
2,27,9.244461350363094
2,28,10.149268214088018
2,29,8.289696755052779
2,30,9.596824190868166
2,31,12.772471983119244
2,32,13.186769605484477
2,33,13.235454488236021
2,34,10.77165687312593
2,35,10.215216089324578
2,36,10.633563197856422
2,37,13.552376717681504
2,38,14.784129543953526
2,39,12.51732308011168
2,40,14.29327043829494
2,41,13.914064619923895
2,42,17.022706101944486
2,43,15.810676664314139
2,44,16.70422504746307
2,45,14.128135168001657
2,46,14.324602917305736
2,47,13.345613535170141
2,48,12.50801968475905
2,49,14.815070163880698
2,50,15.256230256456506
2,51,18.25483969163035
2,52,20.235472090691612
2,53,23.269467766014618
2,54,26.46978285941374
2,55,27.52681323017088
2,56,30.2322255487048
2,57,31.032652870638294
2,58,30.565479310966534
2,59,29.27576117654235
2,60,26.41720909515901
2,61,23.133759635119294
2,62,22.342966786878222
2,63,19.237626846773
2,64,21.69213656677004
2,65,23.97449164560024
2,66,21.33076093034373
2,67,20.49159086516168
2,68,24.269969346360387
2,69,25.13844001342065
2,70,22.150476476861222
2,71,22.974104711488508
2,72,26.559693006210942
2,73,25.90522561530598
2,74,24.69069814728209
2,75,26.601254904840555
2,76,29.784627784149457
2,77,31.674625874920498
2,78,33.53359319191251
2,79,31.09095957375251
2,80,30.448081233647024
2,81,29.665109055716297
2,82,26.590175328732986
2,83,25.52582383480738
2,84,25.679620561126363
2,85,23.648648143149344
2,86,20.911895342970034
2,87,21.190479899130878
2,88,21.57353359685641
2,89,23.252607528670634
2,90,26.441640164727946
2,91,29.38059272665397
2,92,30.884673672529516
2,93,34.0726560382871
2,94,32.21806888519784
2,95,30.094925633405612
2,96,33.294567074695436
2,97,35.11561972519772
2,98,32.24381994046257
2,99,32.17576136931967
2,100,36.003262620273674
2,101,36.46879632768681
2,102,33.93190407234302
2,103,33.697667945326906
2,104,36.80830803062707
2,105,39.06171713708413
2,106,37.52378420786981
2,107,40.37093897229056
2,108,38.27514558742921
2,109,37.49646480195384
2,110,35.59565104238737
2,111,33.23056551505902
2,112,32.733524261658204
2,113,34.584599304509574
2,114,31.892540676395765
2,115,34.58062765712091
3,1,6.035197568305273
3,2,3.840931429740614
3,4,3.820512029890154
3,5,6.197382538967938
3,6,5.521795768860078
3,7,8.031882893991078
3,8,9.563639195729227
3,9,10.185680374359215
3,10,12.592710052082168
3,11,15.675031985517384
3,12,14.733190223834923
3,13,14.497652179009282
3,14,11.179252486989041
3,15,10.689981708824293
3,16,10.308930891153647
3,17,10.782456082820117
3,18,14.235517637301674
3,19,14.412991051696498
3,20,11.295675206287452
3,21,11.801197361469175
3,22,9.776399610452529
3,23,6.632641703252228
3,24,5.973365066591473
3,25,5.998271495028404
3,26,8.42167554798983
3,27,11.644496020961858
3,28,12.08010779485911
3,29,9.142037837636046
3,30,10.254136140324853
3,31,13.696049466466507
3,32,13.357225153481828
3,33,12.571629718821063
3,34,9.50354660444318
3,35,7.808961501108893
3,36,7.196647258020013
3,37,9.88561933207335
3,38,11.49808933722656
3,39,9.821393309320122
3,40,12.125999923859963
3,41,12.653518768290931
3,42,15.88197068089715
3,43,14.636189129113362
3,44,16.260494957043882
3,45,14.413580004167327
3,46,15.461270174721797
3,47,15.328612770576095
3,48,14.977888668462096
3,49,17.77994622767145
3,50,18.604507301507752
3,51,21.449502609290274
3,52,23.6664648487547
3,53,26.61927309513273
3,54,29.729642546153723
3,55,30.494853371651146
3,56,33.20012229925129
3,57,34.24846583052135
3,58,33.99107002687923
3,59,32.76034547264226
3,60,29.75579059956277
3,61,26.457315404595004
3,62,25.354623131841745
3,63,22.245271260021255
3,64,24.745942060068117
3,65,26.755870901009942
3,66,23.811926375812533
3,67,22.991802805029767
3,68,26.74671127483285
3,69,27.232832076073922
3,70,23.978476213738936
3,71,24.92134769946437
3,72,28.380214713908984
3,73,27.28011489944083
3,74,25.867813863769143
3,75,28.071544557848746
3,76,31.30253505710609
3,77,33.45895801518688
3,78,35.5266112488778
3,79,33.039605752583306
3,80,32.77390865034931
3,81,32.01632336455592
3,82,28.71685754994807
3,83,27.815711413281104
3,84,28.3525668665494
3,85,26.20028336901823
3,86,23.34908970812168
3,87,24.042396529537275
3,88,24.5921116859727
3,89,26.56332887879031
3,90,29.600064890495705
3,91,32.38229546258785
3,92,33.62411659554694
3,93,36.921078892559194
3,94,35.24894204574788
3,95,32.913109010607656
3,96,35.94030250850306
3,97,37.956844986657465
3,98,35.12815022927164
3,99,34.75894337710545
3,100,38.57828231207962
3,101,39.23498518091026
3,102,36.63855153072383
3,103,36.1020351829977
3,104,39.10235181150576
3,105,41.53225483164843
3,106,39.9534786403705
3,107,42.72728504747023
3,108,40.397778893297115
3,109,39.52430698139052
3,110,37.44313717612143
3,111,35.24002206141725
3,112,35.09156615722284
3,113,37.059747471611416
3,114,34.37838023113512
3,115,37.10241065520331
4,1,8.799722427380932
4,2,5.583515959610793
4,3,3.820512029890154
4,5,3.78858953505109
4,6,5.629932833077255
4,7,8.080535912566813
4,8,10.865636217554608
4,9,11.696364786864507
4,10,14.774735522560201
4,11,17.584777706697416
4,12,15.927012766593778
4,13,15.44105083110854
4,14,12.26779851440086
4,15,11.691267385981668
4,16,12.270957890257142
4,17,12.49055206052251
4,18,16.194950815088223
4,19,16.24146591811428
4,20,13.55675993433356
4,21,14.82526000984172
4,22,13.163010133837568
4,23,9.683737388922209
4,24,8.459266499351136
4,25,6.6650975832061
4,26,8.187314093088249
4,27,10.794427927921015
4,28,10.056138034153097
4,29,6.782525778299305
4,30,8.87992836060041
4,31,11.738392142029745
4,32,10.551162118010648
4,33,10.237210924467595
4,34,6.779966381703385
4,35,6.207981946729755
4,36,6.4822190641726944
4,37,10.06874416923615
4,38,12.252884413828008
4,39,10.317576950498122
4,40,11.644505031367366
4,41,11.60954824880931
4,42,15.278374495622534
4,43,14.966869399396737
4,44,17.022086165651054
4,45,15.48372170634677
4,46,16.910380242281484
4,47,16.468110329222995
4,48,16.695276811581977
4,49,19.209661944986294
4,50,20.175133346390098
4,51,23.38468956826751
4,52,25.49123973470195
4,53,28.359803842817136
4,54,31.70037923881142
4,55,32.76346175573428
4,56,35.612101835117926
4,57,36.44090532518975
4,58,35.835205053882355
4,59,34.629524539598705
4,60,31.874686622634837
4,61,28.540946671516927
4,62,27.73948081657527
4,63,24.747452180690864
4,64,27.267106280754046
4,65,29.517785031010796
4,66,26.800620875341767
4,67,26.002576257294752
4,68,29.776573520944275
4,69,30.50908854412038
4,70,27.383104339660516
4,71,28.219829736003966
4,72,31.76672426760306
4,73,30.859678294555074
4,74,29.439569576788138
4,75,31.475797236229802
4,76,34.758569999988445
4,77,36.85583869916926
4,78,38.772613169397154
4,79,36.216539754872834
4,80,35.74544429743863
4,81,34.801716692484725
4,82,31.63044786842446
4,83,30.813915324543323
4,84,31.025851114363775
4,85,28.771985748886777
4,86,26.161466669808906
4,87,26.64945519455409
4,88,26.832883533150444
4,89,28.54974331992029
4,90,31.82438125612321
4,91,34.68277492357015
4,92,36.22365511445937
4,93,39.48982478049679
4,94,37.70961030388793
4,95,35.617934546621456
4,96,38.80208984062989
4,97,40.67890246116549
4,98,37.82656940050399
4,99,37.72228207757185
4,100,41.550132393883224
4,101,42.033850815444936
4,102,39.450508007687034
4,103,39.15824890492803
4,104,42.258042758911905
4,105,44.54561303565545
4,106,42.927827306466284
4,107,45.68615690329679
4,108,43.465892757990744
4,109,42.74312856343816
4,110,40.767518148203635
4,111,38.413644445649076
4,112,38.05291958730535
4,113,39.830946550240014
4,114,37.01012637056335
4,115,39.55624256616277
5,1,8.719523094798559
5,2,5.926679705666029
5,3,6.197382538967938
5,4,3.78858953505109
5,6,3.791882207262274
5,7,5.498153722672277
5,8,9.014950687945374
5,9,10.571752021902228
5,10,13.859003410997143
5,11,16.634424232010897
5,12,14.837247957035792
5,13,14.993769492936982
5,14,12.496868466391177
5,15,12.973312741979314
5,16,14.280803704124173
5,17,15.286800966476935
5,18,19.046567736012705
5,19,19.55621892437561
5,20,16.9144210858589
5,21,17.765999618760038
5,22,15.762666842585404
5,23,12.402548535433697
5,24,10.385598378147588
5,25,8.105239729972535
5,26,7.897630543533322
5,27,10.627657940042537
5,28,9.222847692650026
5,29,7.11488719130128
5,30,10.273580014868921
5,31,12.435608612275805
5,32,11.261002985444613
5,33,12.158700902965286
5,34,9.047911687062479
5,35,9.637340639818825
5,36,10.101521682955648
5,37,13.661353474949044
5,38,16.024511535706143
5,39,14.058292921458264
5,40,15.127021493376152
5,41,14.528270941963868
5,42,18.23746041649185
5,43,18.14716863770281
5,44,19.869822002595228
5,45,17.906178531048507
5,46,18.779286047484796
5,47,17.613740161361278
5,48,17.448635427220125
5,49,19.349912297086068
5,50,19.745473882003978
5,51,23.083086483353867
5,52,24.691379228984026
5,53,27.74182566921902
5,54,31.132859869205046
5,55,32.59600175413409
5,56,35.313937766609996
5,57,35.75058228069188
5,58,34.88132296890912
5,59,33.41243101108177
5,60,30.90413865950147
5,61,27.754116367357152
5,62,27.453240282441122
5,63,24.361962386280926
5,64,26.55428935890287
5,65,29.193151289163854
5,66,26.809220341019948
5,67,25.683563440382063
5,68,29.386515589377176
5,69,30.58063240282059
5,70,27.6036915648736
5,71,28.021637163723884
5,72,31.709649076885746
5,73,31.22963282969021
5,74,29.67225360218706
5,75,31.294651534288757
5,76,34.684292200042506
5,77,36.73298941782216
5,78,38.314688192145866
5,79,35.59707376475359
5,80,34.8682487109256
5,81,33.61016974995884
5,82,30.62713034928509
5,83,30.030167950693677
5,84,29.83740332323358
5,85,27.392576128309205
5,86,25.166578710648086
5,87,25.561092897087722
5,88,25.23229215590717
5,89,26.820288220049832
5,90,30.268483606650282
5,91,33.06286739699819
5,92,34.89107516358401
5,93,38.16643082291251
5,94,36.41416520853879
5,95,34.62210418843287
5,96,37.953202207431346
5,97,39.77557691139627
5,98,37.06307920492748
5,99,37.28414016190495
5,100,41.09417527095018
5,101,41.539960818022315
5,102,39.1743005393105
5,103,39.13780213519389
5,104,42.22606328402608
5,105,44.435812888876114
5,106,43.02009316806616
5,107,45.93895260055921
5,108,43.98338810530883
5,109,43.2022728952263
5,110,41.350815881320194
5,111,38.98523001133083
5,112,38.32428276607403
5,113,40.099991304546954
5,114,37.377652668535546
5,115,39.953275160510834
6,1,5.7964450241586105
6,2,4.681563966732208
6,3,5.521795768860078
6,4,5.629932833077255
6,5,3.791882207262274
6,7,3.7978095168271575
6,8,6.373512669914014
6,9,8.759615561816073
6,10,11.409232344455065
6,11,14.685080463604901
6,12,13.713448980723774
6,13,14.612792277140946
6,14,12.28768664493364
6,15,13.320388596178866
6,16,14.053124192269463
6,17,15.4974296921897
6,18,19.036779672370624
6,19,19.703932738517587
6,20,16.686418977707348
6,21,16.74772193550565
6,22,14.331552456713515
6,23,11.528370628390146
6,24,9.723717289996952
6,25,8.654842043703225
6,26,8.70267129172317
6,27,12.179455970892185
6,28,11.72069459026696
6,29,9.957546762026611
6,30,12.53593192278148
6,31,15.16597751916348
6,32,14.589470780994402
6,33,15.175365859256427
6,34,12.061637933289848
6,35,11.769311289510673
6,36,11.423307083751133
6,37,14.458196988708869
6,38,16.700721389423695
6,39,15.083128651013636
6,40,16.902704923844716
6,41,16.744474221927348
6,42,20.25094208615235
6,43,19.486308549167372
6,44,20.874754752337097
6,45,18.572001178572343
6,46,18.962646852383088
6,47,17.82181507124151
6,48,16.90000460336571
6,49,18.799653303205908
6,50,18.69468213552172
6,51,21.698535864426383
6,52,23.11149629755514
6,53,26.418480923386287
6,54,29.57127661728761
6,55,30.92678533761878
6,56,33.380833047127034
6,57,33.83511551038562
6,58,33.23160074415961
6,59,31.523026052587003
6,60,28.84823099232878
6,61,25.866151026903953
6,62,25.53085792974687
6,63,22.182389786140075
6,64,24.093401675967026
6,65,26.726122248194123
6,66,24.26149111722986
6,67,22.798197810705986
6,68,26.434990589716662
6,69,27.642547744707382
6,70,24.553891334919218
6,71,24.733283966849143
6,72,28.42816530875331
6,73,27.968570095096677
6,74,26.211863293153783
6,75,27.740255841740716
6,76,31.204366379176314
6,77,33.38371337689887
6,78,34.918644305557834
6,79,32.101475044243365
6,80,31.518116956079865
6,81,30.192233228912166
6,82,27.1118502794434
6,83,26.679198616508707
6,84,26.643639261734535
6,85,24.06154498977666
6,86,21.82992759660802
6,87,22.5529734840342
6,88,22.255688261174484
6,89,24.192972062310506
6,90,27.48691122139095
6,91,30.09916805418477
6,92,31.73438856299094
6,93,35.12530079155145
6,94,33.58646492231852
6,95,31.67090669194929
6,96,34.90393402506583
6,97,36.929630277084
6,98,34.368921480828824
6,99,34.454501180529874
6,100,38.25243649649919
6,101,38.94044259209745
6,102,36.7166282135794
6,103,36.50994932886658
6,104,39.441411856513355
6,105,41.817762300554755
6,106,40.601443134012044
6,107,43.65170045319482
6,108,41.70930154694292
6,109,40.67470223585164
6,110,38.7458893879343
6,111,36.595873249403006
6,112,36.038698395676356
6,113,38.072577730325555
6,114,35.58869517289052
6,115,38.40565695759415
7,1,6.013585872743665
7,2,5.207610136776809
7,3,8.031882893991078
7,4,8.080535912566813
7,5,5.498153722672277
7,6,3.7978095168271575
7,8,3.776656343853838
7,9,6.09000733460776
7,10,9.101893345524234
7,11,11.91797434854422
7,12,10.616784408356011
7,13,11.9552423164596
7,14,10.418759904111313
7,15,12.39993157456872
7,16,13.884245805609057
7,17,16.106070990086295
7,18,19.595560582227858
7,19,20.934509268230777
7,20,18.300882929460958
7,21,18.111446165319652
7,22,15.635838118561898
7,23,12.865047958767965
7,24,10.123087601802684
7,25,8.606195634386175
7,26,7.1447767963901745
7,27,10.469891794328793
7,28,10.272279798098952
7,29,9.783278078156094
7,30,12.358948454893165
7,31,14.532050947392117
7,32,14.63492369256521
7,33,15.884850780510842
7,34,13.421974375292073
7,35,13.877543606336829
7,36,14.337648841366715
7,37,17.568719673948376
7,38,19.406443095212516
7,39,17.254643339891295
7,40,18.67614155785308
7,41,17.83480414598302
7,42,21.176745874249075
7,43,20.473732934430583
7,44,21.301856442692813
7,45,18.531307812316964
7,46,18.28537698203803
7,47,16.45204316127009
7,48,15.22759887659011
7,49,16.471450200888217
7,50,15.954603058088004
7,51,19.07827257467823
7,52,20.161196203733684
7,53,23.48100385504011
7,54,26.717610789594954
7,55,28.397607426485692
7,56,30.850668627628338
7,57,31.020333221172734
7,58,30.14684267186056
7,59,28.4024996684993
7,60,25.95411598249299
7,61,23.023707551083856
7,62,23.076619714918447
7,63,19.83445680036708
7,64,21.652835093624063
7,65,24.55703734645723
7,66,22.48215363867876
7,67,21.056636083540642
7,68,24.64916019701012
7,69,26.24124527322694
7,70,23.49874440782791
7,71,23.579734025486363
7,72,27.341703064940283
7,73,27.331881861927872
7,74,25.8380160116664
7,75,27.067861792579667
7,76,30.422478681084325
7,77,32.28271041223998
7,78,33.597673233522336
7,79,30.871255219474005
7,80,29.869056735969682
7,81,28.533000207684353
7,82,25.747195633007546
7,83,25.126244208637242
7,84,24.63522851397569
7,85,22.22341609407622
7,86,20.18179965504222
7,87,20.38702723722415
7,88,19.84157328610552
7,89,21.36640735221711
7,90,24.84922850129133
7,91,27.640418766214225
7,92,29.596023539050645
7,93,32.82973512485647
7,94,31.071497969532427
7,95,29.43076641710657
7,96,32.83983758977821
7,97,34.61156541053331
7,98,32.00648550248481
7,99,32.43572720884031
7,100,36.21064886898654
7,101,36.65778809393486
7,102,34.49714768775917
7,103,34.630983501540896
7,104,37.67214299249237
7,105,39.82425274867917
7,106,38.62901603249463
7,107,41.709604844705545
7,108,40.01321478848521
7,109,39.121186465348984
7,110,37.39996805658016
7,111,35.078313932054265
7,112,34.16351799207646
7,113,36.020530305285206
7,114,33.52001094561111
7,115,36.235534470432675
8,1,4.867220814882061
8,2,6.297193013211906
8,3,9.563639195729227
8,4,10.865636217554608
8,5,9.014950687945374
8,6,6.373512669914014
8,7,3.776656343853838
8,9,3.8063321175778095
8,10,5.690389096626021
8,11,8.857201431070251
8,12,8.592592863568608
8,13,10.812414003046243
8,14,9.873430399791404
8,15,12.495908559931605
8,16,13.576552919325604
8,17,16.344795795310404
8,18,19.43334928884325
8,19,21.15587925205699
8,20,18.529917322589785
8,21,17.592030901160808
8,22,14.910620714196535
8,23,12.846171022358902
8,24,10.153709324374642
8,25,9.756893245054798
8,26,8.467108637749316
8,27,11.844444670638556
8,28,12.67079492326354
8,29,12.514543704587076
8,30,14.369870625772307
8,31,16.75714354725315
8,32,17.503794929764474
8,33,18.51660493018452
8,34,16.28192237121937
8,35,16.317354034063847
8,36,16.583008407179726
8,37,19.433129473606826
8,38,20.861252667752492
8,39,18.769751315740002
8,40,20.535420236390518
8,41,19.824732347201806
8,42,22.834163239374632
8,43,21.598846180697986
8,44,21.89685320116245
8,45,18.771804439192714
8,46,17.865077249128454
8,47,15.931324590945394
8,48,13.90579683074898
8,49,14.886131127809175
8,50,13.756278213649797
8,51,16.46068763040441
8,52,17.305052425456218
8,53,20.822093734278102
8,54,23.819642624539384
8,55,25.425039910086813
8,56,27.654518314294634
8,57,27.825517395274943
8,58,27.173399859920696
8,59,25.278266083214156
8,60,22.68124117249238
8,61,19.879890739314934
8,62,19.93819864609389
8,63,16.523765390572425
8,64,18.11454152989602
8,65,21.04416192302628
8,66,19.01510312506402
8,67,17.387011041230448
8,68,20.932223387874295
8,69,22.628348279021402
8,70,19.96149471629305
8,71,19.905735817638533
8,72,23.679177525131585
8,73,23.848154703629664
8,74,22.422294480997106
8,75,23.51613148712115
8,76,26.81631083679542
8,77,28.5899186848253
8,78,29.856781584974478
8,79,27.170680862689437
8,80,26.119593764828544
8,81,24.87102544157818
8,82,22.10196586663975
8,83,21.373651020743907
8,84,20.904748696267795
8,85,18.58131197338491
8,86,16.44251555209942
8,87,16.63579299021644
8,88,16.23102646730589
8,89,17.912316112284696
8,90,21.284543602106588
8,91,24.069214117819474
8,92,25.914004716425552
8,93,29.15714383215194
8,94,27.43462338222867
8,95,25.70310355168042
8,96,29.083539002710772
8,97,30.91211492659701
8,98,28.35201511173463
8,99,28.735999379489392
8,100,32.5044611049436
8,101,33.04527601980227
8,102,30.96853983935057
8,103,31.05550222291367
8,104,34.02919698154255
8,105,36.22984235635315
8,106,35.158648034843466
8,107,38.32684544553168
8,108,36.70047230676584
8,109,35.67839206740152
8,110,33.97253632348298
8,111,31.749350150244048
8,112,30.81339996358497
8,113,32.813323286688146
8,114,30.50520572553782
8,115,33.382570630090065
9,1,5.702939036962839
9,2,6.446353233710725
9,3,10.185680374359215
9,4,11.696364786864507
9,5,10.571752021902228
9,6,8.759615561816073
9,7,6.09000733460776
9,8,3.8063321175778095
9,10,3.755561574615237
9,11,6.07226089146295
9,12,5.231792359665638
9,13,7.142651859382989
9,14,6.4619820170270765
9,15,9.555505725965567
9,16,10.925738045985208
9,17,14.178906964522428
9,18,17.029337203703506
9,19,19.276762995416405
9,20,17.167256862197657
9,21,16.1717320070775
9,22,13.731975858353756
9,23,11.725593797157002
9,24,8.510389653395409
9,25,8.243043025190072
9,26,6.719236513901773
9,27,9.66490843879147
9,28,11.531934446587185
9,29,11.803370583746053
9,30,12.778935198306904
9,31,15.1211026964592
9,32,16.654427307225234
9,33,17.540803286135827
9,34,15.964996958870152
9,35,16.137349928884827
9,36,17.010145681395
9,37,19.82728343170736
9,38,20.612593206226734
9,39,18.069199601032235
9,40,19.53780516104734
9,41,18.46373881603789
9,42,21.06273648452036
9,43,19.672170688524766
9,44,19.41548864128312
9,45,16.014829192725724
9,46,14.633060316675023
9,47,12.423124135783778
9,48,10.220422927932539
9,49,11.084117266294784
9,50,10.167703956313302
9,51,13.076038787093486
9,52,14.364196136542708
9,53,17.66844594350785
9,54,20.83685645199627
9,55,22.352796850485788
9,56,24.872730765391296
9,57,25.236899892959304
9,58,24.550696025630934
9,59,23.053610045569993
9,60,20.379822749588854
9,61,17.241463281927267
9,62,17.052146918230182
9,63,13.904839618408483
9,64,16.068943125681926
9,65,18.813167544051954
9,66,16.798678381623237
9,67,15.836147366284504
9,68,19.501859888810156
9,69,21.042958274044803
9,70,18.639689129057484
9,71,19.16079364797177
9,72,22.826054390366693
9,73,22.982874552206496
9,74,22.147518633581836
9,75,23.46978701779383
9,76,26.45337639894692
9,77,27.847063895385133
9,78,29.317770772105433
9,79,27.01420202396835
9,80,25.76449217913169
9,81,25.0099410333766
9,82,22.390089937820605
9,83,21.024137660022898
9,84,20.548007603178718
9,85,18.85315061659162
9,86,16.356055080139907
9,87,15.854085666650489
9,88,16.02992318695118
9,89,17.20286595638803
9,90,20.545481890253225
9,91,23.708357735282405
9,92,25.56113430101848
9,93,28.531787699364138
9,94,26.421483831699703
9,95,24.627034874060822
9,96,28.048022780648136
9,97,29.569369737370025
9,98,26.688773677094957
9,99,27.088634661951893
9,100,30.879080990985596
9,101,31.099017766087403
9,102,28.742110602352838
9,103,28.96474631330244
9,104,32.163785663551614
9,105,34.15451503374634
9,106,32.7824113290703
9,107,35.77937431260398
9,108,34.110353645704635
9,109,33.39303502705859
9,110,31.798187281791005
9,111,29.291014052781517
9,112,28.243038520133002
9,113,29.98467439301533
9,114,27.441420231945433
9,115,30.151429634156624
10,1,7.043842004818513
10,2,9.258150933047366
10,3,12.592710052082168
10,4,14.774735522560201
10,5,13.859003410997143
10,6,11.409232344455065
10,7,9.101893345524234
10,8,5.690389096626021
10,9,3.755561574615237
10,11,3.8386299546928524
10,12,5.678049523730816
10,13,8.44577078265511
10,14,8.568172314240694
10,15,11.66826573470439
10,16,12.268166976165535
10,17,15.70673102365853
10,18,17.973630063841757
10,19,20.408672970015463
10,20,18.293061093527776
10,21,16.546350282520017
10,22,14.009560938405176
10,23,12.968648197550321
10,24,10.371249370255198
10,25,11.200763509694182
10,26,10.239420114263652
10,27,12.955654994074477
10,28,15.170016164089505
10,29,15.431414598355786
10,30,16.055108683093035
10,31,18.512818149863307
10,32,20.25463090606114
10,33,20.90733650814565
10,34,19.33639905306646
10,35,19.096065348884625
10,36,19.600795376509637
10,37,22.011178273212487
10,38,22.55112838442099
10,39,20.273435635256778
10,40,22.095978011927937
10,41,21.307563115596167
10,42,23.61461215671154
10,43,21.769633008204806
10,44,21.123884590220946
10,45,17.591573017716488
10,46,15.663725686435953
10,47,13.625615187998159
10,48,10.598550682180313
10,49,11.106356882341668
10,50,9.341426044276114
10,51,11.33835728848658
10,52,12.275088609785344
10,53,15.83357763273833
10,54,18.584075107280405
10,55,19.92190995991422
10,56,22.104700167175206
10,57,22.518401631212615
10,58,22.200425819544407
10,59,20.496034900653488
10,60,17.56903840495917
10,61,14.626850613606218
10,62,14.355924136842214
10,63,10.885540096213187
10,64,12.732665738122906
10,65,15.473269861613932
10,66,13.437277314309208
10,67,12.163688964601588
10,68,15.808676222453341
10,69,17.446037422096374
10,70,15.10356071500559
10,71,15.470893447600861
10,72,19.13984941617278
10,73,19.48697799144385
10,74,18.736483861989434
10,75,19.911538459741088
10,76,22.813028647171286
10,77,24.128097685052065
10,78,25.569514819601764
10,79,23.316211901073817
10,80,22.064167623155736
10,81,21.453351477015808
10,82,18.83685866447493
10,83,17.313634817782166
10,84,16.955567428280922
10,85,15.432685769154778
10,86,12.741540108577176
10,87,12.232571855902053
10,88,12.772272875785058
10,89,14.203963546698866
10,90,17.297500712011377
10,91,20.409077401567746
10,92,22.03937949475289
10,93,25.03625522874362
10,94,23.013839993107297
10,95,21.039862187867644
10,96,24.394487268490227
10,97,26.0395527575669
10,98,23.223925926131248
10,99,23.50036820490157
10,100,27.29895937110277
10,101,27.69380703628357
10,102,25.441308193611654
10,103,25.539389535302337
10,104,28.634616184424942
10,105,30.73866185876875
10,106,29.537736694159285
10,107,32.661950523802936
10,108,31.047595171944348
10,109,30.118678583088123
10,110,28.505087781035627
10,111,26.162504837034618
10,112,25.142526877460174
10,113,27.125566192241912
10,114,24.8617827739044
10,115,27.81779276986135
11,1,10.604753445870964
11,2,12.161033164500633
11,3,15.675031985517384
11,4,17.584777706697416
11,5,16.634424232010897
11,6,14.685080463604901
11,7,11.91797434854422
11,8,8.857201431070251
11,9,6.07226089146295
11,10,3.8386299546928524
11,12,3.8579266933600174
11,13,6.943136443036334
11,14,8.64398290784111
11,15,12.089132085057287
11,16,13.145454515626598
11,17,16.88612920011695
11,18,18.764331120340096
11,19,21.700744387695828
11,20,20.165093176097912
11,21,18.41461599707631
11,22,16.20659622199174
11,23,15.298125319788314
11,24,12.46311428513759
11,25,13.028587742128597
11,26,11.55061015355542
11,27,13.322335754487344
11,28,15.957857612863073
11,29,16.939978189982355
11,30,17.120806504655555
11,31,19.094966009659693
11,32,21.395319871688084
11,33,22.259795291359758
11,34,21.276269801571956
11,35,21.405644122811353
11,36,22.394242204888922
11,37,24.876513502119266
11,38,25.07413319882409
11,39,22.47280361247713
11,40,23.900940636819485
11,41,22.674733733404167
11,42,24.610979273889654
11,43,22.823532155810433
11,44,21.60642540201865
11,45,17.875660306550298
11,46,15.302163076968103
11,47,12.747130923638442
11,48,9.429965347227677
11,49,8.699004399587984
11,50,6.0527723955287565
11,51,7.8774131515770005
11,52,8.54228095434979
11,53,12.090098936970266
11,54,14.986539615845944
11,55,16.617521472842906
11,56,18.94240562212293
11,57,19.183640348871243
11,58,18.61594486701842
11,59,17.124719246985983
11,60,14.329612404954108
11,61,11.192755093299729
11,62,11.24170720498059
11,63,8.14452151960226
11,64,10.257066980123454
11,65,13.147202495721617
11,66,11.751386545134423
11,67,11.121122503510827
11,68,14.544485039340614
11,69,16.455103720247912
11,70,14.862225018913529
11,71,15.464407092495144
11,72,18.88743906549433
11,73,19.675381880315125
11,74,19.57658845734959
11,75,20.525514285249542
11,76,22.98541292751347
11,77,23.710816928398636
11,78,25.01984316006949
11,79,23.168984599079685
11,80,21.43259549947092
11,81,21.169708577772727
11,82,19.06290265541467
11,83,17.009479229794977
11,84,16.188826417284076
11,85,15.417465444848892
11,86,12.9091353892394
11,87,11.266432999049325
11,88,12.005091649874911
11,89,12.463708841054993
11,90,15.575202879470432
11,91,19.056917261777667
11,92,20.939733451355607
11,93,23.522138058608597
11,94,21.053292197520786
11,95,19.340478562261584
11,96,22.82668470936306
11,97,23.989006194975346
11,98,20.943448084632102
11,99,21.58178752846411
11,100,25.315873085013887
11,101,25.265001569584406
11,102,22.917840230531525
11,103,23.45429238719669
11,104,26.75687697266954
11,105,28.491079150430007
11,106,27.14571094411152
11,107,30.183054415885827
11,108,28.803859830550717
11,109,28.195180559594068
11,110,26.879304356250913
11,111,24.24054557297826
11,112,22.786477326517762
11,113,24.42339326248746
11,114,22.045183255632935
11,115,24.804235960212914
12,1,10.719606724518663
12,2,11.010090827272087
12,3,14.733190223834923
12,4,15.927012766593778
12,5,14.837247957035792
12,6,13.713448980723774
12,7,10.616784408356011
12,8,8.592592863568608
12,9,5.231792359665638
12,10,5.678049523730816
12,11,3.8579266933600174
12,13,3.818217989145529
12,14,6.181088122631055
12,15,9.93835577672608
12,16,12.02512394169237
12,17,15.731922434540383
12,18,18.005674333622167
12,19,20.974814019765127
12,20,19.69124875782326
12,21,18.63274060189012
12,22,16.616074798979486
12,23,14.92774556407374
12,24,11.516863571944103
12,25,11.043637815382626
12,26,8.800406782941426
12,27,9.929780631504537
12,28,12.541902430811168
12,29,14.03512205494663
12,30,14.231657346015886
12,31,15.750092621190378
12,32,18.191301117796737
12,33,19.39938864894047
12,34,18.772757474381773
12,35,19.473114712920623
12,36,21.012681581544772
12,37,23.852388109082238
12,38,24.114497212805343
12,39,21.143665554990616
12,40,22.037718596007384
12,41,20.319784400596916
12,42,22.333348456521897
12,43,21.03389046923948
12,44,19.928320926056337
12,45,16.225827797070977
12,46,13.894529751398606
12,47,10.810363372452487
12,48,8.26189641556856
12,49,7.330200391538127
12,50,5.601993564261776
12,51,8.875369394305933
12,52,9.982264008015052
12,53,12.992926132820244
12,54,16.437589042235594
12,55,18.34413530211839
12,56,21.091157978142363
12,57,21.223103617764565
12,58,20.12560065726792
12,59,18.99540339354818
12,60,16.634843824711567
12,61,13.314905160438089
12,62,13.531581536156867
12,63,11.094146901675419
12,64,13.522964242190026
12,65,16.321021892446474
12,66,15.065812043963957
12,67,14.86047571684092
12,68,18.24148702182878
12,69,20.055617133240233
12,70,18.492179913363795
12,71,19.28806194057438
12,72,22.68647285610973
12,73,23.340117305496868
12,74,23.254254737890165
12,75,24.33135082315907
12,76,26.81787310488231
12,77,27.52006298038331
12,78,28.83636428325404
12,79,27.008678162670844
12,80,25.189688884837476
12,81,24.83476796235579
12,82,22.798689691976914
12,83,20.830129106487277
12,84,19.825611105918423
12,85,18.962827197801637
12,86,16.65331647591848
12,87,14.95631147584611
12,88,15.297270447041452
12,89,15.33773568835908
12,90,18.687395416185993
12,91,22.25360125544129
12,92,24.41940804086222
12,93,26.87136086058065
12,94,24.229523391094993
12,95,22.794157661126214
12,96,26.345799061805565
12,97,27.252266103181398
12,98,24.116347705571204
12,99,24.963788712826045
12,100,28.636601752700933
12,101,28.278050222237237
12,102,25.811221619697573
12,103,26.588017428746124
12,104,30.0290938185184
12,105,31.52901776259946
12,106,29.957875729280264
12,107,32.79829880265699
12,108,31.42841152256809
12,109,31.151908568823558
12,110,29.93921810357981
12,111,27.058112447082816
12,112,25.480986595806332
12,113,26.72338107862402
12,114,24.002303883604867
12,115,26.37543751783528
13,1,11.8267316062108
13,2,11.111561174268697
13,3,14.497652179009282
13,4,15.44105083110854
13,5,14.993769492936982
13,6,14.612792277140946
13,7,11.9552423164596
13,8,10.812414003046243
13,9,7.142651859382989
13,10,8.44577078265511
13,11,6.943136443036334
13,12,3.818217989145529
13,14,3.7699723913161574
13,15,7.091786478645148
13,16,9.743695327919257
13,17,13.334489393548111
13,18,15.48863871579041
13,19,18.6349144116925
13,20,17.91297507649215
13,21,17.328837043025814
13,22,15.781983912640438
13,23,13.856889109006298
13,24,10.37423665035081
13,25,9.584611083237785
13,26,7.5946562614722275
13,27,7.599309050931498
13,28,10.917141755086748
13,29,12.440995752343985
13,30,11.769788893128796
13,31,13.087591489820667
13,32,16.01919653007726
13,33,16.98881798377842
13,34,16.98364947077722
13,35,17.852114797802052
13,36,19.8960062288992
13,37,22.69495203503231
13,38,22.543676740230758
13,39,19.2632229916564
13,40,19.6804593020953
13,41,17.63352638800668
13,42,19.277565415393774
13,43,18.11157529838978
13,44,16.744249117688167
13,45,13.063493212964977
13,46,10.702799127139908
13,47,7.313532366686337
13,48,5.562872329017852
13,49,4.906041537402882
13,50,5.383249257579711
13,51,9.10267258279809
13,52,11.270005879536868
13,53,13.458340721009815
13,54,17.109411704049467
13,55,18.68131088458392
13,56,21.87849051998029
13,57,22.396386596414903
13,58,21.277757536639186
13,59,20.79063939849425
13,60,18.455916466321057
13,61,14.848576711472605
13,62,14.481004819261546
13,63,12.672965708510665
13,64,15.726166147656807
13,65,17.964212285796425
13,66,16.507951000318506
13,67,17.042016812152955
13,68,20.45268072497344
13,69,21.776327014166334
13,70,20.23438356938711
13,71,21.61743118844497
13,72,24.838419240702574
13,73,25.12433599285906
13,74,25.33753250083097
13,75,26.813509191120126
13,76,29.133485134741196
13,77,29.733714866355733
13,78,31.352325139062895
13,79,29.773011781790128
13,80,28.067904057989328
13,81,28.035352273429503
13,82,25.937050680245203
13,83,23.70658937466808
13,84,22.963269531385404
13,85,22.356572480575277
13,86,19.781217387649324
13,87,18.030764856404762
13,88,18.78814232163694
13,89,18.688731317184125
13,90,21.853785111659057
13,91,25.51213840396299
13,92,27.537581619991016
13,93,29.81892220949043
13,94,27.00434275047008
13,95,25.452718223518993
13,96,28.883743005405474
13,97,29.602489235712255
13,98,26.23742923953011
13,99,26.914938210610394
13,100,30.549146934009407
13,101,29.94961389038723
13,102,27.156304780518433
13,103,27.901206529316685
13,104,31.493432315421547
13,105,32.84165271266437
13,106,30.88149417490839
13,107,33.412352830519836
13,108,31.836035760678524
13,109,31.913974627573815
13,110,30.717894523576874
13,111,27.598816060598534
13,112,26.13825512143643
13,113,27.047065160878116
13,114,23.954941775389766
13,115,25.99706405311496
14,1,9.544655380382816
14,2,8.19786089744862
14,3,11.179252486989041
14,4,12.26779851440086
14,5,12.496868466391177
14,6,12.28768664493364
14,7,10.418759904111313
14,8,9.873430399791404
14,9,6.4619820170270765
14,10,8.568172314240694
14,11,8.64398290784111
14,12,6.181088122631055
14,13,3.7699723913161574
14,15,3.7865273205773042
14,16,6.492069990206693
14,17,9.944988704814342
14,18,12.563298943508064
14,19,15.382886260110613
14,20,14.420450336718302
14,21,14.1576781330072
14,22,12.651829316030618
14,23,10.335738148208883
14,24,6.777463172368043
14,25,6.00056207613638
14,26,5.030010099291896
14,27,5.883252183677343
14,28,9.394950343903233
14,29,9.830310520727753
14,30,8.874887792622532
14,31,11.038272813246891
14,32,13.683175538263173
14,33,14.084834173923017
14,34,13.794841308393526
14,35,14.28238054301961
14,36,16.252816033878993
14,37,18.96340056804747
14,38,18.777897438675645
14,39,15.515518258946418
14,40,16.094961270300573
14,41,14.332996884957279
14,42,16.19083249047401
14,43,14.87412673912207
14,44,13.95191295480837
14,45,10.3723224174252
14,46,8.783437443939942
14,47,6.193867972045476
14,48,5.229851962017424
14,49,6.9694702397503585
14,50,8.384394209417538
14,51,11.753707750227049
14,52,14.346353237046133
14,53,16.615706817729293
14,54,20.105551168221126
14,55,21.221167834944566
14,56,24.424116975361862
14,57,25.30716715391826
14,58,24.530376464086697
14,59,24.01065432377604
14,60,21.377451811172254
14,61,17.72052741615401
14,62,16.815989657879573
14,63,14.665260260574124
14,64,17.86219714479225
14,65,19.85983017769152
14,66,17.76475174937176
14,67,18.176616468022488
14,68,21.825107805967384
14,69,22.723740299102683
14,70,20.64852437881559
14,71,22.208719335472505
14,72,25.502143602145132
14,73,25.266116711467774
14,74,25.212270093192902
14,75,27.081141054341362
14,76,29.597541860941856
14,77,30.57088405915402
14,78,32.47537474270435
14,79,30.74349328399907
14,80,29.454634888410112
14,81,29.383645825740583
14,82,26.887578589687276
14,83,24.82774744384281
14,84,24.556652332421223
14,85,23.62725536150432
14,86,20.75014324539096
14,87,19.613586863138064
14,88,20.550896749593115
14,89,21.056373000843863
14,90,24.174600297818003
14,91,27.688341460438007
14,92,29.43612715691983
14,93,31.979950309949324
14,94,29.398679604323284
14,95,27.50743784870886
14,96,30.814188875694256
14,97,31.864750308335914
14,98,28.526076972953042
14,99,28.797858426621193
14,100,32.5214138302679
14,101,32.21601715648564
14,102,29.321718881324202
14,103,29.641427571830928
14,104,33.15260491758226
14,105,34.78855532902871
14,106,32.773490218691926
14,107,35.27771901524771
14,108,33.365744627102316
14,109,33.288174623787256
14,110,31.816542791286608
14,111,28.845372004968848
14,112,27.837367375450366
14,113,28.982648459015216
14,114,25.866528994130565
14,115,28.046280859713335
15,1,10.902948937800495
15,2,8.857806405721716
15,3,10.689981708824293
15,4,11.691267385981668
15,5,12.973312741979314
15,6,13.320388596178866
15,7,12.39993157456872
15,8,12.495908559931605
15,9,9.555505725965567
15,10,11.66826573470439
15,11,12.089132085057287
15,12,9.93835577672608
15,13,7.091786478645148
15,14,3.7865273205773042
15,16,3.819855961269117
15,17,6.606690329646474
15,18,9.361558682829575
15,19,12.061241117841506
15,20,11.564117008486853
15,21,11.995418324772729
15,22,11.129485342987866
15,23,8.60828047251549
15,24,5.670281296142074
15,25,5.0822137360885
15,26,6.084137191845227
15,27,6.221779815106883
15,28,9.685666240073493
15,29,9.132102289107365
15,30,6.899617227960218
15,31,9.525702457245421
15,32,12.228000780200775
15,33,11.73984814404059
15,34,11.869292416351536
15,35,12.03250056339274
15,36,14.293161463682926
15,37,16.70495897718395
15,38,16.005680065175028
15,39,12.543567214622723
15,40,12.811860162785129
15,41,11.064577786749744
15,42,12.578957612332935
15,43,11.118258593634996
15,44,10.226125623652598
15,45,6.77599325530596
15,46,6.103375786183117
15,47,4.780235064394705
15,48,5.818800823620345
15,49,8.718922830911616
15,50,11.179128746115108
15,51,14.18595242664633
15,52,17.25476426224188
15,53,19.112720746811963
15,54,22.493904586516084
15,55,23.15531152475601
15,56,26.517058235387942
15,57,27.791330067771575
15,58,27.21313902836856
15,59,27.016544727867515
15,60,24.273225614275304
15,61,20.530109328511298
15,62,19.121235831628958
15,63,17.2278436266004
15,64,20.669308739347155
15,65,22.209911110878018
15,66,19.79472965073333
15,67,20.553920917512198
15,68,24.20847912594585
15,69,24.601479504355524
15,70,22.36917858157594
15,71,24.325048550259392
15,72,27.45369930248219
15,73,26.750806231789525
15,74,26.786180257348658
