1,2,3.8380342764214466
1,3,5.726056605976056
1,4,5.098698110402967
1,5,6.24547990201359
1,6,8.830531875341398
1,7,10.073289809931202
1,8,10.727519652944746
1,9,12.668345131957555
1,10,14.474582886108331
1,11,15.472351941229663
1,12,16.77973827881643
1,13,18.55934279966598
1,14,20.030143472472698
1,15,21.48921219389822
1,16,22.982395966064036
1,17,24.405001662869907
1,18,26.103769049870007
1,19,27.6016802953673
1,20,28.927261543879965
1,21,30.34480314199943
1,22,32.407429789850845
1,23,33.64148381397291
1,24,34.66259322229857
1,25,36.68660104437123
1,26,38.36810336806546
1,27,39.00382487397583
1,28,40.61754263393496
1,29,43.01380360681584
1,30,43.889458706087375
1,31,44.63331499789612
1,32,46.634852844058045
1,33,48.73208528085351
1,34,49.19636477569891
1,35,50.275770950514655
1,36,52.94114153898024
1,37,54.10710084788707
1,38,53.07543954667611
1,39,51.67597810231444
1,40,48.59294364918854
1,41,48.153022890003236
1,42,44.71993543774185
1,43,45.66836817867887
1,44,46.42061487803307
1,45,48.98405391095191
1,46,46.32297057511281
1,47,43.70054006529143
1,48,41.26564400906394
1,49,37.62368088871395
1,50,36.53864003587241
1,51,37.90706558634441
1,52,35.93478255106507
1,53,38.26115220530701
1,54,37.08495914853148
1,55,33.53051314535713
1,56,34.42294739377248
1,57,34.603695290456535
1,58,37.973159708648815
1,59,39.68085070366378
1,60,38.81885462394995
1,61,35.413561650780466
1,62,33.297019190712085
1,63,29.940507549012487
1,64,31.27577695734794
1,65,30.2768394342468
1,66,26.623005333356126
1,67,26.532267124347957
1,68,24.56379513257707
1,69,28.085844895332226
1,70,29.546859535499355
1,71,26.500188172900504
1,72,27.31086438990208
1,73,31.08601370632379
1,74,31.475992489885666
1,75,29.42889759915612
1,76,31.865334779802573
1,77,34.56812498734049
1,78,37.21090277740389
1,79,36.30233718861164
1,80,39.12556610798809
1,81,38.80625915124723
1,82,40.03296709411931
1,83,38.801154560341224
1,84,40.97426876581914
1,85,39.92063423049998
1,86,40.85182308302669
1,87,38.94734371001229
1,88,35.74070024008522
1,89,36.36124268148149
1,90,37.326907708829026
1,91,34.790663201112785
1,92,31.634497466379294
1,93,28.58966976559351
1,94,27.49956946489907
1,95,25.926954015823565
1,96,29.353840966722093
1,97,30.941937396055703
1,98,34.47185609655717
1,99,37.879539548319656
1,100,40.7443152167231
1,101,44.46109342546831
1,102,44.522317701883566
1,103,47.81542198340533
1,104,48.11182476012942
1,105,49.464914588490984
1,106,49.776038350988564
1,107,53.09809468768665
1,108,54.31764565849983
1,109,56.47774406606947
1,110,58.13850124491226
1,111,57.23520395793747
1,112,53.85057369521727
1,113,52.681854060522156
1,114,50.48052261075645
1,115,48.40118546801433
1,116,47.59139601939946
1,117,46.59957762150814
1,118,44.31642118082539
1,119,42.765487248645734
1,120,42.00202091114196
1,121,40.60582096846171
1,122,38.227057179466506
1,123,37.31285803286669
1,124,36.1909942505153
1,125,33.27035764116039
1,126,32.22112145887949
2,1,3.8380342764214466
2,3,3.8152785709068318
2,4,5.310511814342706
2,5,5.090646954918671
2,6,6.398470551563491
2,7,8.876123139510394
2,8,10.116685433042697
2,9,10.957826397683819
2,10,12.686807833252887
2,11,14.564075104566546
2,12,15.664144169749932
2,13,16.75064027991137
2,14,18.584080867730908
2,15,20.472144242909224
2,16,21.521127144627656
2,17,22.61888583760565
2,18,24.762400486146024
2,19,26.351862368315523
2,20,27.209681519457245
2,21,28.663454918847222
2,22,31.057044982905705
2,23,32.080008327549194
2,24,32.799291112683186
2,25,35.05773243165866
2,26,36.86001398804978
2,27,37.18093433693485
2,28,38.689737306868984
2,29,41.32746925875313
2,30,42.12603509485542
2,31,42.586850226932086
2,32,44.67709875133733
2,33,46.908622966254796
2,34,47.17354546688188
2,35,48.101660715179364
2,36,50.920959300410914
2,37,52.13333153082301
2,38,51.33095434537072
2,39,50.146094823851065
2,40,47.218127241416354
2,41,47.06471470605953
2,42,43.76020444500529
2,43,45.01161834271284
2,44,45.90543275188466
2,45,48.23979723979557
2,46,45.36860415738199
2,47,42.70711433903404
2,48,40.51410579689046
2,49,36.778940350134064
2,50,35.97123761746363
2,51,37.116190890785504
2,52,35.02843008401894
2,53,37.036201272194134
2,54,35.71630964105958
2,55,32.11052999098307
2,56,32.88792183206786
2,57,33.43881130278211
2,58,36.912309207172555
2,59,38.91241010564757
2,60,38.333201270103416
2,61,34.82274058887554
2,62,33.07591041941809
2,63,29.52368178301643
2,64,30.7481772478824
2,65,30.19617922708321
2,66,26.517771089230834
2,67,25.946444130744908
2,68,23.889453601008594
2,69,27.267597972725564
2,70,29.17076483497312
2,71,26.41023756679472
2,72,26.997043039740383
2,73,30.784024721926386
2,74,31.60103071077128
2,75,29.78452140898696
2,76,32.03530323722925
2,77,34.97063705720189
2,78,37.33624250908308
2,79,36.43735259630952
2,80,39.395694863176836
2,81,38.94324811962648
2,82,39.842710581015595
2,83,38.425702595438
2,84,40.35836648529436
2,85,39.0292453036197
2,86,40.155408765127355
2,87,38.55308712859441
2,88,35.151477852637264
2,89,35.586047595557865
2,90,36.89098206956929
2,91,34.60594885948298
2,92,31.65127202362515
2,93,28.672713848712313
2,94,27.09333748080562
2,95,25.1967492719045
2,96,28.366284646468504
2,97,30.362643068221686
2,98,33.94941141113825
2,99,37.155343672020365
2,100,40.241940532966225
2,101,43.87993258022259
2,102,43.70975182063713
2,103,46.98967704467499
2,104,47.33847295834144
2,105,48.414892860294074
2,106,48.47093990459777
2,107,51.68066666815244
2,108,52.660269065679095
2,109,54.76607995056613
2,110,56.22656172612412
2,111,55.31468218510509
2,112,51.99735980600338
2,113,50.877423795719814
2,114,48.896129817922024
2,115,46.722458374898764
2,116,45.70061174722923
2,117,44.88645183296735
2,118,42.763747344951355
2,119,40.95333864287087
2,120,40.13171426770837
2,121,39.04012251486327
2,122,36.64857096205447
2,123,35.3997772326561
2,124,34.392935130356015
2,125,31.683380028473852
2,126,30.29067939802086
3,1,5.726056605976056
3,2,3.8152785709068318
3,4,3.8343848191301393
3,5,5.431163027805083
3,6,5.037397484619414
3,7,6.466345968239854
3,8,8.961094008758435
3,9,10.112377850127935
3,10,10.696949676968948
3,11,12.649122579984232
3,12,14.55823803953433
3,13,15.327820781757485
3,14,16.5228649498643
3,15,18.818432587095067
3,16,20.2707707034146
3,17,20.90111673159341
3,18,22.819487785476735
3,19,24.86149789262441
3,20,25.778271232458025
3,21,26.77368643958331
3,22,29.262376158270445
3,23,30.637881387320885
3,24,31.12428168876719
3,25,33.13822091749805
3,26,35.22396421904594
3,27,35.71048082158857
3,28,36.92286552703417
3,29,39.53104382156682
3,30,40.63330876200048
3,31,41.046915380178
3,32,42.87954471810043
3,33,45.27573069454741
3,34,45.74997846891516
3,35,46.485044993745746
3,36,49.19022334408528
3,37,50.63570868346046
3,38,49.75484054403784
3,39,48.6748976295917
3,40,45.68755886688917
3,41,45.51351097014054
3,42,42.28149762504615
3,43,43.492723942176895
3,44,44.13647302691539
3,45,46.40148334773094
3,46,43.53050239782127
3,47,40.6703788882486
3,48,38.3840475617592
3,49,34.690680166925105
3,50,33.671371876259975
3,51,34.56786419111916
3,52,32.24492626782974
3,53,34.245827931184465
3,54,33.19974937940944
3,55,29.50415955599276
3,56,29.998544389662936
3,57,30.37630721499555
3,58,33.746258059903724
3,59,35.8164033904823
3,60,35.10629803317704
3,61,31.5209087666403
3,62,29.794291601256486
3,63,26.263752418697432
3,64,27.740486646502905
3,65,27.337976336946852
3,66,23.57655567911286
3,67,23.14064326237207
3,68,21.468746719695243
3,69,24.97907738612374
3,70,26.79661619901481
3,71,24.251899987740888
3,72,25.22764374541478
3,73,28.934743346847718
3,74,29.653465973174725
3,75,28.20709122951953
3,76,30.71001267082638
3,77,33.84244233820958
3,78,36.020241652657326
3,79,34.77101478397661
3,80,37.55364325420423
3,81,36.782918884271034
3,82,37.74586560508616
3,83,36.57078891586552
3,84,38.650180484235044
3,85,37.49656038870219
3,86,38.906528645618536
3,87,37.22223351958517
3,88,33.79884304649792
3,89,34.561788614529526
3,90,36.05802468001233
3,91,33.626920752902386
3,92,30.88347106888386
3,93,27.928193816837705
3,94,26.2967676825533
3,95,24.751412850342167
3,96,27.96009710324506
3,97,30.107462126716644
3,98,33.52554565667267
3,99,36.675794015847494
3,100,39.825042180050794
3,101,43.39525387688652
3,102,42.97390344473003
3,103,46.08517723219127
3,104,46.14231566510681
3,105,47.15753187136372
3,106,47.32872006109076
3,107,50.438248439937475
3,108,51.412196841862254
3,109,53.72159943117031
3,110,55.246344508222855
3,111,54.585828442135536
3,112,51.3778899237109
3,113,49.99954417463882
3,114,48.035097273304146
3,115,45.64037083998566
3,116,44.80745902158738
3,117,44.23421302976236
3,118,41.9227280494467
3,119,40.006434228751424
3,120,39.52717488367748
3,121,38.5107792923866
3,122,35.83168669211775
3,123,34.66417834404391
3,124,34.0510977044293
3,125,31.19639221712193
3,126,29.593704526868578
4,1,5.098698110402967
4,2,5.310511814342706
4,3,3.8343848191301393
4,5,3.8294718077299
4,6,5.381403380111875
4,7,5.182874384664768
4,8,6.478174488937425
4,9,8.885654323341386
4,10,9.904485721587205
4,11,10.730878663004978
4,12,12.653701826315741
4,13,14.301745568897921
4,14,15.279909514462044
4,15,16.952929756672553
4,16,18.779441858765107
4,17,19.92060101871994
4,18,21.405291311681488
4,19,23.202816785554383
4,20,24.62039598449306
4,21,25.722718544623813
4,22,27.806016315800406
4,23,29.30431150416549
4,24,30.20730551315348
4,25,32.034694829644316
4,26,33.88678582670174
4,27,34.68030763261832
4,28,36.11092427867717
4,29,38.444156106475766
4,30,39.53861445238448
4,31,40.30220518459521
4,32,42.11080972849799
4,33,44.28959592819298
4,34,44.940601350602826
4,35,45.920894199500296
4,36,48.469623055432336
4,37,49.784820644015895
4,38,48.66043048628819
4,39,47.31769829911848
4,40,44.18364437359216
4,41,43.73311108242549
4,42,40.35965903061697
4,43,41.31578579235109
4,44,41.91689142349066
4,45,44.39904454465525
4,46,41.711842401518226
4,47,38.96113509526291
4,48,36.493862300859554
4,49,32.859401057472894
4,50,31.69865350774348
4,51,32.9308603103631
4,52,30.87499348271452
4,53,33.19814766474991
4,54,32.11171932151811
4,55,28.533557164784924
4,56,29.385379362148036
4,57,29.508957439755054
4,58,32.880054056071266
4,59,34.59941223664923
4,60,33.799058313907324
4,61,30.38745926880482
4,62,28.367904548144054
4,63,24.94116129822235
4,64,26.226919653327897
4,65,25.364228598146795
4,66,21.685117176141905
4,67,21.48862267317266
4,68,19.621162100862485
4,69,23.199987361844034
4,70,24.691736314955964
4,71,21.80868596297808
4,72,22.79810747810631
4,73,26.539519840892506
4,74,26.99511862304327
4,75,25.26690207929291
4,76,27.834148143027384
4,77,30.792557194710003
4,78,33.189855273517374
4,79,32.02282093672826
4,80,34.78889554844551
4,81,34.23570953259472
4,82,35.392430778683746
4,83,34.25647839197562
4,84,36.485260312738696
4,85,35.52021290937837
4,86,36.69659800817508
4,87,34.776482059029235
4,88,31.508847307930004
4,89,32.37708762860967
4,90,33.56930867211996
4,91,30.952921586387998
4,92,28.03378021714865
4,93,25.019494567017148
4,94,23.753816720952294
4,95,22.467003327032106
4,96,25.91846261493074
4,97,27.710478235821324
4,98,31.084575523876012
4,99,34.411176741247665
4,100,37.378221681161214
4,101,41.01848114865664
4,102,40.8051032727921
4,103,43.94621594330793
4,104,43.99876820100689
4,105,45.275208302956486
4,106,45.67179756686592
4,107,48.91372202948121
4,108,50.141850918144726
4,109,52.47551647821269
4,110,54.21610586422586
4,111,53.53889876897485
4,112,50.247325706471436
4,113,48.834819949821735
4,114,46.62800294020346
4,115,44.36348062158342
4,116,43.74327291601096
4,117,42.948862423401685
4,118,40.478383776865364
4,119,38.85937669727581
4,120,38.41595728886106
4,121,37.05922965854012
4,122,34.410783223393516
4,123,33.612612208688155
4,124,32.85193479337961
4,125,29.76398093497613
4,126,28.561954812064638
5,1,6.24547990201359
5,2,5.090646954918671
5,3,5.431163027805083
5,4,3.8294718077299
5,6,3.818771962520391
5,7,5.423914311815953
5,8,5.242350716320594
5,9,6.454863421491791
5,10,8.768922163790872
5,11,10.003208988184605
5,12,10.796543237769594
5,13,12.431552546953563
5,14,14.288297412636174
5,15,15.71585604598513
5,16,16.869272335339794
5,17,18.35364593741364
5,18,20.27564207624292
5,19,21.628456215019906
5,20,22.776579518129125
5,21,24.364865199867435
5,22,26.485166610069182
5,23,27.529863880482534
5,24,28.551799098632827
5,25,30.716483952941957
5,26,32.32198929692363
5,27,32.83414990305918
5,28,34.52496405286511
5,29,36.96735207592547
5,30,37.73319120730506
5,31,38.456052191289594
5,32,40.544340125183126
5,33,42.5984260798133
5,34,42.9905123854351
5,35,44.11846890111715
5,36,46.81632863023723
5,37,47.91768068193278
5,38,46.939834315648895
5,39,45.5779948269646
5,40,42.56654725246936
5,41,42.27208816787691
5,42,38.899098577557
5,43,40.06493828297399
5,44,41.00259478919507
5,45,43.41201317182118
5,46,40.61088367171838
5,47,38.05538577255214
5,48,35.83731583197495
5,49,32.11365340622521
5,50,31.377354000864717
5,51,32.762186656536485
5,52,30.95423298029851
5,53,33.09959306836263
5,54,31.59447648502503
5,55,28.12275698555756
5,56,29.304023317080834
5,57,29.848354246565815
5,58,33.41057552311552
5,59,35.18139056264795
5,60,34.77843832933365
5,61,31.44539000248993
5,62,29.69681671180316
5,63,26.123818003540272
5,64,26.914383945486406
5,65,26.198072065252457
5,66,22.68639387140234
5,67,21.91113540907525
5,68,19.49453429726634
5,69,22.764869423091135
5,70,24.654877443439222
5,71,21.769258687198402
5,72,22.116506231973897
5,73,25.922436592972726
5,74,26.815334035414413
5,75,24.884710574377955
5,76,27.01227996294711
5,77,29.94347056859725
5,78,32.294517483789136
5,79,31.49950090731581
5,80,34.54518492193986
5,81,34.25012601568979
5,82,35.077020783821354
5,83,33.54900792965282
5,84,35.459073210630116
5,85,34.15634616089942
5,86,35.17193333860361
5,87,33.521769449592014
5,88,30.157816828444965
5,89,30.606075284182996
5,90,31.83474926479047
5,91,29.520402593222546
5,92,26.563620477297345
5,93,23.5897890835417
5,94,22.022486363178874
5,95,20.226755964206767
5,96,23.50763469362622
5,97,25.415742903861336
5,98,28.95770642837659
5,99,32.211039555009116
5,100,35.25902097185288
5,101,38.90617358303085
5,102,38.76359695417606
5,103,42.037926505709486
5,104,42.37443238923552
5,105,43.5576306448708
5,106,43.72954767499459
5,107,47.011083277320715
5,108,48.1495255285335
5,109,50.28820214693405
5,110,51.911161159159406
5,111,51.029713137546
5,112,47.672072478293195
5,113,46.47681385705934
5,114,44.332416146268955
5,115,42.21692718750247
5,116,41.36752547460942
5,117,40.43807245042624
5,118,38.17473781985001
5,119,36.54920531048472
5,120,35.81281620153234
5,121,34.500663444630504
5,122,32.0720052860529
5,123,31.092891107676778
5,124,30.066594641949234
5,125,27.15255133988474
5,126,25.998004998502047
6,1,8.830531875341398
6,2,6.398470551563491
6,3,5.037397484619414
6,4,5.381403380111875
6,5,3.818771962520391
6,7,3.8270101402367667
6,8,5.614962069942184
6,9,5.315712965531419
6,10,6.375611655783297
6,11,8.876142453278794
6,12,10.082919858899299
6,13,10.565305258174906
6,14,12.345903189767343
6,15,14.573541291087098
6,16,15.551794726520336
6,17,16.315679763387823
6,18,18.546117117189656
6,19,20.331372362561304
6,20,21.04356392057298
6,21,22.33274573160146
6,22,24.855188488485844
6,23,25.948694933200716
6,24,26.506166934555182
6,25,28.728899414146913
6,26,30.653892986684898
6,27,30.98249065826435
6,28,32.366024030833195
6,29,35.020952790931815
6,30,35.927501040712656
6,31,36.351235067100056
6,32,38.347728192701
6,33,40.6440415836704
6,34,40.995173808544735
6,35,41.85075715810533
6,36,44.617704839855605
6,37,45.922510421277494
6,38,45.10045506224644
6,39,44.00500112977684
6,40,41.094094804248556
6,41,41.04349426800066
6,42,37.840688373469234
6,43,39.24419550357303
6,44,40.129714273452635
6,45,42.28740427201791
6,46,39.30531002584092
6,47,36.57869053468965
6,48,34.5152709140032
6,49,30.744218233706153
6,50,30.110672870601466
6,51,31.11221300071307
6,52,29.03304829067181
6,53,30.877984299311414
6,54,29.43108144855178
6,55,25.84147069699949
6,56,26.715617083806677
6,57,27.490411741448277
6,58,31.074793054267317
6,59,33.15709515150249
6,60,32.909931590838234
6,61,29.44063984347342
6,62,28.038440141130152
6,63,24.328375913620224
6,64,25.192001800718938
6,65,24.988884465595135
6,66,21.42543535114443
6,67,20.30368537956075
6,68,18.09521758674279
6,69,21.30210596422675
6,70,23.539960334190855
6,71,21.101686500771915
6,72,21.524340358568537
6,73,25.248228495939976
6,74,26.440752691763418
6,75,24.994145107009683
6,76,27.118852135237148
6,77,30.35110469152424
6,78,32.32237528968241
6,79,31.296478516912664
6,80,34.31110182802781
6,81,33.682249327439976
6,82,34.27333155811318
6,83,32.76199697169289
6,84,34.556140763658874
6,85,33.132947529154904
6,86,34.51830164585392
6,87,33.0858028118732
6,88,29.551275747737247
6,89,30.058684958487916
6,90,31.71600205085581
6,91,29.53908250144262
6,92,26.933791208967865
6,93,24.075121013734417
6,94,22.056288522720692
6,95,20.23621632581337
6,96,23.25238020636572
6,97,25.625054290150874
6,98,29.064707905692757
6,99,32.0742041846382
6,100,35.33945714639393
6,101,38.853022509948104
6,102,38.34229406674258
6,103,41.481013723761
6,104,41.66611489682554
6,105,42.56192622276671
6,106,42.58394156748984
6,107,45.694095373665995
6,108,46.612198388929706
6,109,48.83783180946293
6,110,50.32207760998393
6,111,49.5986057273001
6,112,46.37543173792275
6,113,45.054140802347426
6,114,43.12285362123282
6,115,40.773438918375255
6,116,39.855973258926376
6,117,39.25433931462764
6,118,37.0147203294267
6,119,35.07548376501534
6,120,34.51925853735332
6,121,33.54771801690418
6,122,30.91433557451359
6,123,29.67153657375316
6,124,29.03306267779073
6,125,26.232574293175528
6,126,24.59073984953287
7,1,10.073289809931202
7,2,8.876123139510394
7,3,6.466345968239854
7,4,5.182874384664768
7,5,5.423914311815953
7,6,3.8270101402367667
7,8,3.828052064906511
7,9,5.356481331619228
7,10,4.900178390905337
7,11,6.217540908233732
7,12,8.650501696756853
7,13,9.611898452712255
7,14,10.289879574405875
7,15,12.453127719244858
7,16,14.283079996847778
7,17,14.974893323156563
7,18,16.532417723014976
7,19,18.619103892373694
7,20,19.848136779980813
7,21,20.724267204170122
7,22,22.995739431288253
7,23,24.57385182872599
7,24,25.244713535774153
7,25,27.048135305791156
7,26,29.07126186423685
7,27,29.827168546132196
7,28,31.08865066666842
7,29,33.484491289148686
7,30,34.688263515420935
7,31,35.349392139487115
7,32,37.06856408534141
7,33,39.35046215492465
7,34,40.04542295009833
7,35,40.907060861073525
7,36,43.43691011560604
7,37,44.86174104003475
7,38,43.771927062227036
7,39,42.56597968259184
7,40,39.477931534607734
7,41,39.17726030955707
7,42,35.92481535918741
7,43,37.0728419210725
7,44,37.67297110818623
7,45,39.95021200793869
7,46,37.118551299724615
7,47,34.27529284777303
7,48,31.953043047012525
7,49,28.261777445307462
7,50,27.274092567285816
7,51,28.302469065809973
7,52,26.180662763456613
7,53,28.307133496839597
7,54,27.120337731127094
7,55,23.513309050802825
7,56,24.38319707560611
7,57,24.747083422703497
7,58,28.238802491120623
7,59,30.114220330424605
7,60,29.63990922171227
7,61,26.210689007775873
7,62,24.56971989990379
7,63,20.938604617517473
7,64,21.928286295
7,65,21.493809162362254
7,66,17.86644412380964
7,67,17.080956856849397
7,68,15.105423218905916
7,69,18.57560733493192
7,70,20.452401857641775
7,71,17.935245132426164
7,72,18.80996463838291
7,73,22.50113785314816
7,74,23.36563110020393
7,75,22.065622178920915
7,76,24.5164863188553
7,77,27.80059925636942
7,78,29.777351669434914
7,79,28.46215562192009
7,80,31.28906715997023
7,81,30.513942788574518
7,82,31.344101624894307
7,83,30.11491156649861
7,84,32.19585501289997
7,85,31.111621798977115
7,86,32.58232786433326
7,87,30.862881635418695
7,88,27.437297855640683
7,89,28.368331864498078
7,90,29.94833714164044
7,91,27.467747133612725
7,92,24.9217743077611
7,93,22.04169513377558
7,94,20.297601361395706
7,95,19.08020098274359
7,96,22.323922417691108
7,97,24.514097203288234
7,98,27.737814165315417
7,99,30.83628038526516
7,100,33.99365422813699
7,101,37.497038132051486
7,102,36.93214782079575
7,103,39.934758289860234
7,104,39.839542096785884
7,105,40.89607333144561
7,106,41.21444225749708
7,107,44.33591916356796
7,108,45.45312732918247
7,109,47.883900590242966
7,110,49.594111409423434
7,111,49.08444673613493
7,112,45.90103808423172
7,113,44.32388911393593
7,114,42.21822182321581
7,115,39.7734172585712
7,116,39.20545147849567
7,117,38.6491443283619
7,118,36.113044987482745
7,119,34.32354342890599
7,120,34.11793606569759
7,121,32.94231412451434
7,122,30.076074104129574
7,123,29.224283929659258
7,124,28.836118579584202
7,125,25.728015727482138
7,126,24.23743401474431
8,1,10.727519652944746
8,2,10.116685433042697
8,3,8.961094008758435
8,4,6.478174488937425
8,5,5.242350716320594
8,6,5.614962069942184
8,7,3.828052064906511
8,9,3.829722714578752
8,10,5.38774960338914
8,11,5.025355593901368
8,12,6.248485076605912
8,13,8.557332210817652
8,14,9.733186148558593
8,15,10.768514530611226
8,16,12.502861920599228
8,17,14.12360059715889
8,18,15.509988162685701
8,19,16.92071640506801
8,20,18.512552900073096
8,21,19.895851363396524
8,22,21.732982133892126
8,23,23.084038730855486
8,24,24.293568282185998
8,25,26.15274017299554
8,26,27.733915144166875
8,27,28.591938680213417
8,28,30.2690638133754
8,29,32.462371123282395
8,30,33.40771038197503
8,31,34.38370444413349
8,32,36.28314518809298
8,33,38.25491627655747
8,34,38.926745237262395
8,35,40.130091995677674
8,36,42.61576643743905
8,37,43.75649146376065
8,38,42.54178336609969
8,39,41.06303397438654
8,40,37.919116907687226
8,41,37.44928809519789
8,42,34.04507515576699
8,43,35.07805797073919
8,44,35.881310311721485
8,45,38.33814193979352
8,46,35.616144573561144
8,47,33.03274536286938
8,48,30.70365349383244
8,49,27.01595495123346
8,50,26.19065718254693
8,51,27.68922336766268
8,52,26.04118300576889
8,53,28.352481730924993
8,54,26.838101188758337
8,55,23.467504390450905
8,56,24.919806561292987
8,57,25.315991162428308
8,58,28.885391806447174
8,59,30.429589472100382
8,60,30.122090094702152
8,61,26.957483437015597
8,62,25.214961328382916
8,63,21.66997274967035
8,64,22.113897693795927
8,65,21.283480141103556
8,66,17.931483753172884
8,67,17.01710600629498
8,68,14.410280955412757
8,69,17.67037142049439
8,70,19.462630422081872
8,71,16.545447799203522
8,72,16.909357117364568
8,73,20.709579837150578
8,74,21.604895247815247
8,75,19.801503754530323
8,76,22.001075113254153
8,77,25.08266943832392
8,78,27.29344727156749
8,79,26.349551839585068
8,80,29.372264985349226
8,81,29.029018595605333
8,82,29.83795367525277
8,83,28.362699713728393
8,84,30.373785155035737
8,85,29.239042667285936
8,86,30.332974471778275
8,87,28.550092246626384
8,88,25.211703054216535
8,89,25.93813046666302
8,90,27.210121377015938
8,91,24.73472774928628
8,92,21.92933705521482
8,93,18.975813520888785
8,94,17.405044169103725
8,95,16.07490659640134
8,96,19.509317586700377
8,97,21.39782758542318
8,98,24.730596528351047
8,99,27.99194274431132
8,100,31.0252900606644
8,101,34.62802026394451
8,102,34.34431398682987
8,103,37.49079984011566
8,104,37.60628174706175
8,105,38.87115450862641
8,106,39.254321188068026
8,107,42.54268106121386
8,108,43.846473984730856
8,109,46.153328132018224
8,110,47.98327927037649
8,111,47.30067240763588
8,112,43.98505143573394
8,113,42.54336684513275
8,114,40.24347884141337
8,115,38.04446168548531
8,116,37.512829622464004
8,117,36.62885170504987
8,118,34.09030481102587
8,119,32.60151898656832
8,120,32.20217088522439
8,121,30.708296821891427
8,122,28.045275609694926
8,123,27.43972854756602
8,124,26.684975099657432
8,125,23.462139682018947
8,126,22.446084639615314
9,1,12.668345131957555
9,2,10.957826397683819
9,3,10.112377850127935
9,4,8.885654323341386
9,5,6.454863421491791
9,6,5.315712965531419
9,7,5.356481331619228
9,8,3.829722714578752
9,10,3.8437541203695123
9,11,5.3963432563606855
9,12,5.014463258399761
9,13,6.038615869790637
9,14,8.491099741024374
9,15,9.933781219734128
9,16,10.568454021357962
9,17,12.005942592640718
9,18,14.211927900252384
9,19,15.462260834561992
9,20,16.356704751302562
9,21,18.06431725606418
9,22,20.281823144326623
9,23,21.165259626522317
9,24,22.129679447359276
9,25,24.409832074987346
9,26,25.987681720640722
9,27,26.394488692977415
9,28,28.10881627866072
9,29,30.59229702773315
9,30,31.306575194963152
9,31,32.00330186803749
9,32,34.126232075081774
9,33,36.16572898999058
9,34,36.53760112255283
9,35,37.68073948189952
9,36,40.3792615701542
9,37,41.46452166846701
9,38,40.519555953081614
9,39,39.22629101463604
9,40,36.28258836326866
9,41,36.158783996940386
9,42,32.88832721332755
9,43,34.31101027342926
9,44,35.402681399285065
9,45,37.59321958550451
9,46,34.62891274208506
9,47,32.11241246674652
9,48,30.156457828829705
9,49,26.36377481866246
9,50,26.04219147525738
9,51,27.371783942964704
9,52,25.75327895741611
9,53,27.63983263497665
9,54,25.777636726607277
9,55,22.435800221176184
9,56,23.947727218963728
9,57,24.918607201173643
9,58,28.64054091757272
9,59,30.4647044143878
9,60,30.606667681996214
9,61,27.429471054521464
9,62,26.18705747438192
9,63,22.481622076198075
9,64,22.576103259080295
9,65,22.285573276438896
9,66,19.10836417290566
9,67,17.446980611422724
9,68,14.554044213655219
9,69,17.357752531256704
9,70,19.802260761809418
9,71,17.314119802578418
9,72,17.074592645711594
9,73,20.8016911210063
9,74,22.340439249866012
9,75,20.743432193068674
9,76,22.462839310920295
9,77,25.685747050400817
9,78,27.55261491387066
9,79,26.811830851046253
9,80,30.036782281940656
9,81,29.689289726212163
9,82,30.015881543938686
9,83,28.191330752787163
9,84,29.786126453918243
9,85,28.217768439386827
9,86,29.426981626607837
9,87,28.095572344040963
9,88,24.54559774838096
9,89,24.8635478659251
9,90,26.50063146378165
9,91,24.4661430380231
9,92,21.915625624003326
9,93,19.140647605605455
9,94,16.897985073317056
9,95,14.944105400423224
9,96,17.940703089857212
9,97,20.343809514909697
9,98,23.77512239264346
9,99,26.761361762829527
9,100,30.039903421003967
9,101,33.54575305615267
9,102,33.065600397163344
9,103,36.24880866305437
9,104,36.54261834163453
9,105,37.49652781019608
9,106,37.53506476615992
9,107,40.73728856501131
9,108,41.782111298409504
9,109,43.95818236629688
9,110,45.563036888981635
9,111,44.785207276692404
9,112,41.493241269564585
9,113,40.18229502719985
9,114,38.10646525344743
9,115,35.879334681484934
9,116,35.04781237045449
9,117,34.26963881817268
9,118,31.965801499486652
9,119,30.217352455217473
9,120,29.635038414344468
9,121,28.451769915840757
9,122,25.859144413610547
9,123,24.83291994577716
9,124,24.08127106232758
9,125,21.12548504547319
9,126,19.751447716752246
10,1,14.474582886108331
10,2,12.686807833252887
10,3,10.696949676968948
10,4,9.904485721587205
10,5,8.768922163790872
10,6,6.375611655783297
10,7,4.900178390905337
10,8,5.38774960338914
10,9,3.8437541203695123
10,11,3.8378069515292688
10,12,5.463869332277375
10,13,4.941937239111151
10,14,5.992236515771683
10,15,8.658604022638572
10,16,9.900923613634065
10,17,10.227464787846209
10,18,12.236936129113802
10,19,14.339032553036418
10,20,15.154530995181569
10,21,16.111126406252524
10,22,18.617680827929366
10,23,19.984565213751125
10,24,20.49072450536347
10,25,22.490796943202835
10,26,24.530130904425842
10,27,25.08071265707853
10,28,26.34110187920811
10,29,28.86415652635639
10,30,29.978215866604263
10,31,30.526560388063782
10,32,32.3293851569885
10,33,34.632886806168386
10,34,35.22571236260403
10,35,36.070879303516996
10,36,38.668525364855334
10,37,40.069935495546865
10,38,39.0873863131132
10,39,37.990384224321616
10,40,35.01280428428824
10,41,34.94007502750017
10,42,31.807010616195104
10,43,33.25324523347946
10,44,34.0474700716
10,45,36.08622739579736
10,46,33.06292084021816
10,47,30.260555220435034
10,48,28.24050807986012
10,49,24.460848375335836
10,50,23.92900819493721
10,51,24.854005168236792
10,52,22.86631730097222
10,53,24.665286162860497
10,54,23.09819785582491
10,55,19.56021118553644
10,56,20.69433961527138
10,57,21.586269341576962
10,58,25.273244624584216
10,59,27.289849771401656
10,60,27.378592252521287
10,61,24.063176559001874
10,62,22.981231579238802
10,63,19.19854863411284
10,64,19.513474128273863
10,65,19.59416228213338
10,66,16.304798746226194
10,67,14.540362912050886
10,68,12.099319558189553
10,69,15.085058704303364
10,70,17.615164099429325
10,71,15.56591484645323
10,72,15.83753346484658
10,73,19.42116088471365
10,74,20.953917559557084
10,75,19.976762212563813
10,76,21.977912659694304
10,77,25.481340587595803
10,78,27.005648363579436
10,79,25.79376706392036
10,80,28.800344746966793
10,81,27.993509832403113
10,82,28.310216104625688
10,83,26.76352802586297
10,84,28.491259531308003
10,85,27.09259779802516
10,86,28.74613601205246
10,87,27.39140835124024
10,88,23.78494149555869
10,89,24.519214846937924
10,90,26.49043314144751
10,91,24.34794003934435
10,92,22.193538586060487
10,93,19.546476177579965
10,94,17.17931581807922
10,95,15.770434233262684
10,96,18.6073496341609
10,97,21.2449077543904
10,98,24.356241020276045
10,99,27.15416733807745
10,100,30.5118394476828
10,101,33.86488464855979
10,102,33.01181535805506
10,103,35.946784324711935
10,104,35.87334077714727
10,105,36.67256768639388
10,106,36.7936056746196
10,107,39.826381342567
10,108,40.79656526645923
10,109,43.21079849377055
10,110,44.8359005367603
10,111,44.36892910061712
10,112,41.24708673012317
10,113,39.6325244218622
10,114,37.649857365879
10,115,35.11938676895958
10,116,34.47829806594655
10,117,34.07128238461207
10,118,31.583926354352453
10,119,29.62889316409056
10,120,29.49695752652978
10,121,28.52089702659604
10,122,25.562639673692587
10,123,24.55980885036189
10,124,24.409402149668917
10,125,21.385161764412153
10,126,19.61746823813548
11,1,15.472351941229663
11,2,14.564075104566546
11,3,12.649122579984232
11,4,10.730878663004978
11,5,10.003208988184605
11,6,8.876142453278794
11,7,6.217540908233732
11,8,5.025355593901368
11,9,5.3963432563606855
11,10,3.8378069515292688
11,12,3.8343232327331425
11,13,5.392064231854523
11,14,4.996694089591387
11,15,6.323345235106661
11,16,8.757774566777188
11,17,9.826346056893927
11,18,10.742165933035338
11,19,12.643955506706089
11,20,14.38443145880406
11,21,15.266411634905014
11,22,17.109962311304255
11,23,18.840071455737597
11,24,19.888358197532092
11,25,21.464458931618008
11,26,23.263317400679977
11,27,24.334459823655322
11,28,25.772650999404817
11,29,27.87078286556812
11,30,29.089722833767258
11,31,30.096973289264287
11,32,31.75081551529782
11,33,33.8101549845418
11,34,34.71228175554265
11,35,35.79993540963443
11,36,38.13437310193723
11,37,39.445108387177946
11,38,38.12315793329128
11,39,36.72325698721685
11,40,33.53129868484205
11,41,33.076898076289574
11,42,29.771818451757067
11,43,30.861651625916572
11,44,31.5059481557783
11,45,33.81740880376458
11,46,31.029688344700755
11,47,28.289565398767685
11,48,25.96878305668901
11,49,22.26272487356215
11,50,21.43869391777077
11,51,22.76271603220528
11,52,21.07301473800518
11,53,23.336730984995622
11,54,21.830094205388132
11,55,18.461191400474988
11,56,20.009215219280296
11,57,20.438627707872254
11,58,24.055004488414223
11,59,25.602187680107882
11,60,25.532794975710996
11,61,22.44553456226134
11,62,20.998973007420577
11,63,17.381904790318053
11,64,17.45108153744633
11,65,16.93760402586775
11,66,13.756853063162799
11,67,12.292733259906505
11,68,9.54653421887607
11,69,12.769599922913125
11,70,14.81161233539848
11,71,12.287002996390909
11,72,12.713136822282683
11,73,16.419079542957725
11,74,17.607404260468627
11,75,16.40228926119018
11,76,18.61671611582666
11,77,22.055101545887553
11,78,23.78172331987062
11,79,22.518300294701625
11,80,25.486742382140815
11,81,24.835868681982785
11,82,25.42042446210784
11,83,23.996760837994707
11,84,26.006627063438852
11,85,24.93711595376442
11,86,26.39368145525282
11,87,24.66832484938032
11,88,21.230862716345527
11,89,22.276324724298426
11,90,23.923742059721707
11,91,21.442602243614676
11,92,19.13979597315158
11,93,16.400995477428985
11,94,14.466698667078623
11,95,13.673600983558678
11,96,16.88760207734311
11,97,19.075956584173362
11,98,22.04018455505154
11,99,25.05894182158285
11,100,28.205288542443903
11,101,31.62885199027171
11,102,30.946643537560856
11,103,33.86006717022738
11,104,33.66589970202894
11,105,34.79013443578689
11,106,35.254957530860985
11,107,38.42168647797813
11,108,39.71808937553801
11,109,42.22815199791851
11,110,44.14124966691294
11,111,43.73880487346856
11,112,40.56345778081089
11,113,38.82559902190596
11,114,36.542973302815966
11,115,34.11327391328216
11,116,33.826969991246095
11,117,33.21697517460213
11,118,30.459593765826142
11,119,28.88397993101816
11,120,28.930951611325266
11,121,27.526407204307816
11,122,24.51856457930509
11,123,24.09051308197516
11,124,23.887762455663058
11,125,20.514072753544184
11,126,19.292889954754035
12,1,16.77973827881643
12,2,15.664144169749932
12,3,14.55823803953433
12,4,12.653701826315741
12,5,10.796543237769594
12,6,10.082919858899299
12,7,8.650501696756853
12,8,6.248485076605912
12,9,5.014463258399761
12,10,5.463869332277375
12,11,3.8343232327331425
12,13,3.8232411734710885
12,14,5.468287976220157
12,15,5.27498606965363
12,16,6.323776960537991
12,17,8.58218557538616
12,18,10.040726269309529
12,19,10.87784164788568
12,20,12.445792139313772
12,21,14.223325243930516
12,22,15.891565705055847
12,23,16.945152693426934
12,24,18.386838946192793
12,25,20.378246453130373
12,26,21.69560015639762
12,27,22.494577437255042
12,28,24.396988021114222
12,29,26.526681152546086
12,30,27.287344163912863
12,31,28.3831372357172
12,32,30.399592662653234
12,33,32.206533464153665
12,34,32.83798410072971
12,35,34.20993828381455
12,36,36.675108708067164
12,37,37.66537696181117
12,38,36.44060207752213
12,39,34.917160780734996
12,40,31.827306836625127
12,41,31.47600922900459
12,42,28.114901461575425
12,43,29.39472269269317
12,44,30.478056274003762
12,45,32.765147960503135
12,46,29.904522093516775
12,47,27.49102862215938
12,48,25.470131312376573
12,49,21.71044367305148
12,50,21.468818371531217
12,51,23.114237351268663
12,52,21.92588118354477
12,53,23.992188711335928
12,54,21.92897649023295
12,55,18.87032139370922
12,56,20.956375782940565
12,57,21.841542292729788
12,58,25.55618549311977
12,59,27.004376414262136
12,60,27.376156682753294
12,61,24.546808007821074
12,62,23.371433627426367
12,63,19.82913986672391
12,64,19.23667013540969
12,65,18.76234432576212
12,66,16.070071139451667
12,67,14.074542004490745
12,68,10.659401205151312
12,69,13.058916824779546
12,70,15.477204890007728
12,71,12.95959725106501
12,72,12.232294785717468
12,73,15.938672006774924
12,74,17.663008943203252
12,75,16.064739484104386
12,76,17.56736767603575
12,77,20.865853819692227
12,78,22.588305273939664
12,79,21.90664718400391
12,80,25.215159605157947
12,81,25.018068875544852
12,82,25.219712843548848
12,83,23.27583569331515
12,84,24.870840417897565
12,85,23.392588195586264
12,86,24.528669121889116
12,87,23.097063622450637
12,88,19.575985826846782
12,89,20.040164918817986
12,90,21.649020779756178
12,91,19.527220248705373
12,92,17.114713743918312
12,93,14.422541752354274
12,94,12.065740732886903
12,95,10.525024888375016
12,96,13.679376779294511
12,97,16.00047611447159
12,98,19.222740189895777
12,99,22.235001597140627
12,100,25.46884195336769
12,101,28.950094463761875
12,102,28.42017171242582
12,103,31.536129725624903
12,104,31.712455346407673
12,105,32.81282628066576
12,106,33.06873113938158
12,107,36.34673903286531
12,108,37.62570953870573
12,109,39.90721054450167
12,110,41.75902376444334
12,111,41.10082082757264
12,112,37.801252171395966
12,113,36.3089865741774
12,114,34.002725044718034
12,115,31.80051368498728
12,116,31.301411046614597
12,117,30.430513588636668
12,118,27.853698979669467
12,119,26.377805699874763
12,120,26.06212038503145
12,121,24.559763510134722
12,122,21.814521464754115
12,123,21.303944030342123
12,124,20.695106431481094
12,125,17.373776498054223
12,126,16.388473173539285
13,1,18.55934279966598
13,2,16.75064027991137
13,3,15.327820781757485
13,4,14.301745568897921
13,5,12.431552546953563
13,6,10.565305258174906
13,7,9.611898452712255
13,8,8.557332210817652
13,9,6.038615869790637
13,10,4.941937239111151
13,11,5.392064231854523
13,12,3.8232411734710885
13,14,3.8214200603497805
13,15,5.469442745248653
13,16,5.217835284044624
13,17,5.977071597784135
13,18,8.571305440146551
13,19,9.988104202991254
13,20,10.494727548186745
13,21,12.065143945365211
13,22,14.495567461675556
13,23,15.383683532248904
13,24,16.12869876304829
13,25,18.421617593464493
13,26,20.129003227569978
13,27,20.50871605708046
13,28,22.093702973378782
13,29,24.60953714626546
13,30,25.429517177048808
13,31,26.08288891207452
13,32,28.112815254889636
13,33,30.217247965306793
13,34,30.681485699739746
13,35,31.752951556403012
13,36,34.39262010582503
13,37,35.57237606343898
13,38,34.61631421451946
13,39,33.44461823975166
13,40,30.544070045821528
13,41,30.599310217131787
13,42,27.492476025244155
13,43,29.179344697195138
13,44,30.312054479161755
13,45,32.21527471972589
13,46,29.076167475576213
13,47,26.51108097780632
13,48,24.82600687710621
13,49,20.99405774760801
13,50,21.08731424134603
13,51,22.213091748509388
13,52,20.744617695951096
13,53,22.29257407594835
13,54,20.11594162280443
13,55,16.923288919191787
13,56,18.744474689654542
13,57,20.157712055005955
13,58,23.96316060573484
13,59,25.839115783336336
13,60,26.546648539404806
13,61,23.59910275740695
13,62,22.97437747457925
13,63,19.288710409085176
13,64,18.629694473455
13,65,18.92970275881251
13,66,16.31685786574933
13,67,13.691728771617722
13,68,10.526014143603863
13,69,12.508566430866594
13,70,15.597675298213067
13,71,13.908672536015578
13,72,13.103059911996725
13,73,16.489302200615906
13,74,18.730428026811982
13,75,17.811371658551057
13,76,19.09035506712097
13,77,22.61354987949134
13,78,23.778621595976105
13,79,22.939835679509624
13,80,26.201587483612123
13,81,25.65265545924844
13,82,25.431976653520714
13,83,23.40628232527507
13,84,24.68407655204595
13,85,22.903601708283695
13,86,24.491230640277216
13,87,23.50976108826919
13,88,19.7859111588002
13,89,20.12999054968194
13,90,22.33449603880861
13,91,20.60728870735959
13,92,18.768313444226127
13,93,16.421652374262365
13,94,13.46978928481527
13,95,11.742910797986402
13,96,14.109470836332362
13,97,17.09125170873876
13,98,20.11389395928268
13,99,22.6572352520912
13,100,26.149603296431046
13,101,29.396315117563585
13,102,28.419847168728424
13,103,31.380811767218358
13,104,31.47498955234439
13,105,32.14121204001066
13,106,32.09398880835924
13,107,35.15261601418902
13,108,36.096696021376
13,109,38.41249862608022
13,110,40.03238549350983
13,111,39.4892597663307
13,112,36.33291980000195
13,113,34.769787090580856
13,114,32.77977326933566
13,115,30.321431667452256
13,116,29.620063847747986
13,117,29.142792467144023
13,118,26.70072250200268
13,119,24.764498659929767
13,120,24.569808783049922
13,121,23.58989564992713
13,122,20.65714672535329
13,123,19.645307710395713
13,124,19.502406250559098
13,125,16.47491429779522
13,126,14.70030487654861
14,1,20.030143472472698
14,2,18.584080867730908
14,3,16.5228649498643
14,4,15.279909514462044
14,5,14.288297412636174
14,6,12.345903189767343
14,7,10.289879574405875
14,8,9.733186148558593
14,9,8.491099741024374
14,10,5.992236515771683
14,11,4.996694089591387
14,12,5.468287976220157
14,13,3.8214200603497805
14,15,3.82555579911451
14,16,5.632301038667806
14,17,5.17185766088298
14,18,6.305453877004833
14,19,8.872747474192945
14,20,10.04702223987969
14,21,10.485765399367455
14,22,12.775215615741644
14,23,14.562312785171153
14,24,15.154855614200615
14,25,16.770631974496126
14,26,18.85470123413538
14,27,19.7831963517073
14,28,20.965182289834246
14,29,23.21840035754816
14,30,24.559253578069875
14,31,25.365442195907963
14,32,26.933580893544388
14,33,29.156572171736286
14,34,30.064523175379836
14,35,30.976449138757634
14,36,33.328828649393756
14,37,34.77964522821157
14,38,33.55934185251333
14,39,32.3884660600303
14,40,29.307222802585446
14,41,29.145567674503294
14,42,26.064550400881245
14,43,27.514745956133343
14,44,28.218989197328035
14,45,30.16015069657207
14,46,27.122155314685813
14,47,24.273524655729467
14,48,22.285904794757766
14,49,18.496343842884826
14,50,18.128592469736613
