1,2,3.8941766692040924
1,3,5.757006006812861
1,4,5.268754228445234
1,5,5.12451335948898
1,6,8.036461034224379
1,7,9.623997015098931
1,8,9.97935429493969
1,9,11.54611400912894
1,10,13.877646879483033
1,11,14.823028505103848
1,12,15.710191705213463
1,13,17.73805973933024
1,14,19.354635610900715
1,15,20.245660174106
1,16,21.9737738354453
1,17,23.865098064022547
1,18,24.945768186504136
1,19,26.419336462541512
1,20,28.256306746718924
1,21,29.649449517707254
1,22,30.746656965975177
1,23,32.87677977238328
1,24,34.318294122586934
1,25,35.162974835855614
1,26,37.09885218140021
1,27,38.94417242839513
1,28,39.61308630110633
1,29,41.064637762723315
1,30,43.49990034861274
1,31,44.50513331589495
1,32,45.157156849333944
1,33,47.06680349087692
1,34,49.270552634616784
1,35,49.7992883353017
1,36,50.74774046552544
1,37,53.38497981184855
1,38,54.69714613034733
1,39,53.60435950610447
1,40,52.32069948529458
1,41,49.21032148643002
1,42,48.77538834029505
1,43,45.39214126662489
1,44,46.32468891276199
1,45,46.88037756511212
1,46,49.40244772665088
1,47,46.72676109798219
1,48,43.95783550704082
1,49,41.463869768969836
1,50,37.86312639825961
1,51,36.57537172346351
1,52,37.72371525725726
1,53,35.5223065577943
1,54,37.84737143867093
1,55,36.9445153354076
1,56,33.30403826218895
1,57,33.906727021512204
1,58,33.90239762160598
1,59,37.145116040476715
1,60,38.93218688548763
1,61,37.89890543704147
1,62,34.436690968034995
1,63,32.250875115029736
1,64,28.981671574947825
1,65,30.599858190523083
1,66,29.650133998059886
1,67,25.923918372003513
1,68,26.067874288142658
1,69,24.454825631500345
1,70,28.102292839968573
1,71,29.4503580837275
1,72,26.537894609379318
1,73,27.68956807581848
1,74,31.41740263304381
1,75,31.68536230472112
1,76,29.88293484732931
1,77,32.52523699150614
1,78,35.33613068122107
1,79,37.88594693894286
1,80,36.72339847293645
1,81,39.41579117394125
1,82,38.86587663394413
1,83,40.20109843598567
1,84,39.175148099401
1,85,41.48898185205095
1,86,40.55690356045285
1,87,41.67242027619376
1,88,39.69517481655509
1,89,36.483953285877185
1,90,37.29930505563401
1,91,38.35598361468439
1,92,35.69942885674329
1,93,32.65153499987265
1,94,29.60635659455318
1,95,28.512002109819885
1,96,27.162196960407044
1,97,30.63939312214145
1,98,32.28019754975124
1,99,35.73602860850768
1,100,39.13749449299431
1,101,42.01871354354763
1,102,45.6979766110151
1,103,45.61155887910133
1,104,48.82108315270799
1,105,48.98211252934458
1,106,50.28246333826919
1,107,50.622371740553575
1,108,53.89203083106043
1,109,55.091413759704736
1,110,57.36898924262541
1,111,59.09742114454258
1,112,58.3703664392867
1,113,55.024535495294394
1,114,53.66750937750008
1,115,51.46871178692332
1,116,49.272606496841306
1,117,48.54937323008475
1,118,47.67631455763155
1,119,45.3110283506576
1,120,43.68839534084522
1,121,43.04987472398993
1,122,41.745712417801414
1,123,39.222115440704165
1,124,38.30310108906666
1,125,37.37792695927876
1,126,34.42020658333431
1,127,32.98912200324824
2,1,3.8941766692040924
2,3,3.838951646625481
2,4,5.916883609826034
2,5,5.416681218050421
2,6,6.378332484368738
2,7,8.985959932361888
2,8,10.344841413371899
2,9,10.948679331299681
2,10,12.81300329848733
2,11,14.71044368560163
2,12,15.720272403764454
2,13,16.93455375222506
2,14,18.727470203827412
2,15,20.282816343823974
2,16,21.697730986465327
2,17,23.109094910817603
2,18,24.58863846249878
2,19,26.358294898789715
2,20,27.75225102122106
2,21,29.013410576629376
2,22,30.571316371637018
2,23,32.64127000667566
2,24,33.6878567986559
2,25,34.730910820724475
2,26,36.93579203121547
2,27,38.49384189848079
2,28,38.95363485321135
2,29,40.69439145936592
2,30,43.175847079547935
2,31,43.855178534387335
2,32,44.53113991596903
2,33,46.70752531310955
2,34,48.74473068819174
2,35,49.04175688199318
2,36,50.176872663726066
2,37,52.93758364982021
2,38,54.00837123947087
2,39,53.02122394477452
2,40,51.66203058128157
2,41,48.64494859614369
2,42,48.29226805259659
2,43,44.87209611282225
2,44,45.92259974994582
2,45,46.785308225195735
2,46,49.31093054581261
2,47,46.582268214635825
2,48,44.02792804772182
2,49,41.7049887019353
2,50,38.03779484996816
2,51,37.07152828692556
2,52,38.447711564282976
2,53,36.50740782867216
2,54,38.76687695687784
2,55,37.49613804652174
2,56,33.95129815993533
2,57,34.895813827438886
2,58,35.19252035001543
2,59,38.6144825467087
2,60,40.3788249530224
2,61,39.636758622637984
2,62,36.252029846315196
2,63,34.19390967727602
2,64,30.799548554585392
2,65,32.00540924498207
2,66,31.042401866077586
2,67,27.43042425607769
2,68,27.189437357742104
2,69,25.08413497720491
2,70,28.527345522653548
2,71,30.119611438036532
2,72,27.081525737114106
2,73,27.716324382132132
2,74,31.518825533256365
2,75,32.058524468713365
2,76,29.955203389232345
2,77,32.240569512662574
2,78,34.926217425203404
2,79,37.552068110445326
2,80,36.769470447419366
2,81,39.70361965371033
2,82,39.46356036702319
2,83,40.58886758550962
2,84,39.230387608528304
2,85,41.30726024929013
2,86,40.119233866753866
2,87,40.995058116872464
2,88,39.19381124313396
2,89,35.9578749602266
2,90,36.39671845248781
2,91,37.356443626404776
2,92,34.92683780253524
2,93,31.75183460218396
2,94,28.72540669603285
2,95,27.53839655183647
2,96,25.794315339675183
2,97,29.15857135809962
2,98,30.740594109278796
2,99,34.342010033747826
2,100,37.72922061851166
2,101,40.60477832250192
2,102,44.31720577710115
2,103,44.40056199739486
2,104,47.75820687614455
2,105,48.21635145983063
2,106,49.50672159966336
2,107,49.680084200185426
2,108,53.02007072614295
2,109,54.18589990879485
2,110,56.25448294362979
2,111,57.896368139048775
2,112,56.933948197435676
2,113,53.50106194409941
2,114,52.38976120108408
2,115,50.208973766975724
2,116,48.21430241631836
2,117,47.29061301741857
2,118,46.217081802551725
2,119,44.05375996386819
2,120,42.504418065959555
2,121,41.549983136347244
2,122,40.21644397487043
2,123,37.96302264488676
2,124,36.93870858082565
2,125,35.679324586969436
2,126,32.88807749775435
2,127,31.61459634988002
3,1,5.757006006812861
3,2,3.838951646625481
3,4,3.819210906618484
3,5,5.348020693047472
3,6,5.106152643537518
3,7,6.390645743013467
3,8,8.88331355126158
3,9,10.131012423626029
3,10,10.959062596475666
3,11,12.701496100854357
3,12,14.569017135439697
3,13,15.6548366084124
3,14,16.75129261344142
3,15,18.604838619166614
3,16,20.473726020808105
3,17,21.49472361331713
3,18,22.61267914037031
3,19,24.792996602164813
3,20,26.320251606254242
3,21,27.129777870452894
3,22,28.679902126826832
3,23,31.07676788672929
3,24,31.94999858765612
3,25,32.67449734363743
3,26,35.079852032804276
3,27,36.78044733806847
3,28,36.95153988966053
3,29,38.55582514282813
3,30,41.264141662351555
3,31,41.90078935354814
3,32,42.295147017466896
3,33,44.526075277426976
3,34,46.71039749864995
3,35,46.83985918642114
3,36,47.80247055444566
3,37,50.69666281345974
3,38,51.841803243706806
3,39,51.06763040577892
3,40,49.931428136977054
3,41,47.059091937962144
3,42,46.9821406933942
3,43,43.70047752171081
3,44,45.038693596716406
3,45,46.00439246974293
3,46,48.297472559612196
3,47,45.368731316287516
3,48,42.75905015668839
3,49,40.6652663200444
3,50,36.91637485851925
3,51,36.200023813161934
3,52,37.335660922094775
3,53,35.2680301314333
3,54,37.216170177206855
3,55,35.83162162699884
3,56,32.236042582758294
3,57,33.0472545750272
3,58,33.686492420984365
3,59,37.19338943221709
3,60,39.238380857529094
3,61,38.76189228894888
3,62,35.27544578961071
3,63,33.574837098173525
3,64,30.00118569932055
3,65,31.116234324579658
3,66,30.595952855514124
3,67,26.961412796752498
3,68,26.274261659330847
3,69,24.130523308131956
3,70,27.436996893807166
3,71,29.44193780734293
3,72,26.70873409992321
3,73,27.170855052490126
3,74,30.963773120984786
3,75,31.901925451230703
3,76,30.069081435951123
3,77,32.20235645249062
3,78,35.13252801823629
3,79,37.46253619475565
3,80,36.64623812435635
3,81,39.68439702885236
3,82,39.278078241847346
3,83,40.09631947097213
3,84,38.58782747321664
3,85,40.446929530752286
3,86,39.01470100627705
3,87,40.11363376166974
3,88,38.59714512286189
3,89,35.17201100846113
3,90,35.469048464269456
3,91,36.78365185033851
3,92,34.58110768436332
3,93,31.63341473640475
3,94,28.677157747715686
3,95,27.008667856883577
3,96,24.986429576524248
3,97,28.10377396006786
3,98,30.106423301449464
3,99,33.74260965778235
3,100,36.92514892627944
3,101,40.02817605638453
3,102,43.65176733081816
3,103,43.47070769908051
3,104,46.79073269819934
3,105,47.25869683615538
3,106,48.271268404139626
3,107,48.2116902817872
3,108,51.42801615022655
3,109,52.35896854047734
3,110,54.40424206787883
3,111,55.861757466235865
3,112,54.93223193260095
3,113,51.57769185266202
3,114,50.47287924536202
3,115,48.50841499158592
3,116,46.39051184551457
3,117,45.28572259461835
3,118,44.41844152804702
3,119,42.38692540483116
3,120,40.57084124025374
3,121,39.604110136972714
3,122,38.581551596681855
3,123,36.27955826487182
3,124,34.93746607026211
3,125,33.8430456218808
3,126,31.243581537271865
3,127,29.61422121865688
4,1,5.268754228445234
4,2,5.916883609826034
4,3,3.819210906618484
4,5,3.8341738009754067
4,6,5.42888029517591
4,7,5.043351077496984
4,8,6.458316127527168
4,9,8.949410354037381
4,10,10.124638924446074
4,11,10.73383035592947
4,12,12.64714347356334
4,13,14.553996069944137
4,14,15.362521807183539
4,15,16.566077617118644
4,16,18.82875206349337
4,17,20.278941010731568
4,18,20.945235662763714
4,19,22.88563981044029
4,20,24.868500716392926
4,21,25.758872491155962
4,22,26.851054041353827
4,23,29.345659337234736
4,24,30.587344572029856
4,25,31.089665417742527
4,26,33.251764103741586
4,27,35.24300157454107
4,28,35.598545479579066
4,29,36.91221795767629
4,30,39.5898458878369
4,31,40.541795976150155
4,32,40.902878408239246
4,33,42.87512898846451
4,34,45.225965687989515
4,35,45.58052248040616
4,36,46.35860009974369
4,37,49.13256378686788
4,38,50.51451175802293
4,39,49.64444287082798
4,40,48.59943311162565
4,41,45.650967813582994
4,42,45.53294367661602
4,43,42.30983828432601
4,44,43.59175417785922
4,45,44.29571283978417
4,46,46.53624571609426
4,47,43.61711870629732
4,48,40.80158590248921
4,49,38.59799608448341
4,50,34.88791705566872
4,51,33.946043106176774
4,52,34.84154563569376
4,53,32.53736477272458
4,54,34.49222074910379
4,55,33.388327358247636
4,56,29.69776474725059
4,57,30.22612109527654
4,58,30.679603787312995
4,59,34.08200352148511
4,60,36.19266489352015
4,61,35.571406081393924
4,62,32.00650356713317
4,63,30.307111647766476
4,64,26.758970238594475
4,65,28.135286134257495
4,66,27.744872750950524
4,67,24.01688530246812
4,68,23.48473135365035
4,69,21.72320821031805
4,70,25.181063516810713
4,71,27.083894407015663
4,72,24.542346920527077
4,73,25.406389492423887
4,74,29.130228296654046
4,75,29.94903556277801
4,76,28.468071378572695
4,77,30.872563899206387
4,78,33.99662746402737
4,79,36.159707007267706
4,80,34.98788338938301
4,81,37.84736590589519
4,82,37.127957281463495
4,83,38.03293264434575
4,84,36.77500449977137
4,85,38.798404359753334
4,86,37.556649166066045
4,87,38.93330117296899
4,88,37.311687224722164
4,89,33.86612294258751
4,90,34.5066276189572
4,91,35.99753928485444
4,92,33.626722596950835
4,93,30.87183597092706
4,94,27.921148304593558
4,95,26.21759648046814
4,96,24.55606359758383
4,97,27.74422622750466
4,98,29.88743807875753
4,99,33.366443156491975
4,100,36.51616169663529
4,101,39.67075531885341
4,102,43.23563727830637
4,103,42.82070143713637
4,104,45.97787686676521
4,105,46.14822479373545
4,106,47.12001182237684
4,107,47.19380148489659
4,108,50.32305552229965
4,109,51.26566349706169
4,110,53.52419902330563
4,111,55.06310760700584
4,112,54.38916434479289
4,113,51.1362564222197
4,114,49.7637614312472
4,115,47.796279404395925
4,116,45.456674172218136
4,117,44.555801940482915
4,118,43.91919375952219
4,119,41.67964869358489
4,120,39.76693127041062
4,121,39.1489066634776
4,122,38.1803878500134
4,123,35.57885596300905
4,124,34.335271980676204
4,125,33.63193875198216
4,126,30.85905472886582
4,127,29.033692404317346
5,1,5.12451335948898
5,2,5.416681218050421
5,3,5.348020693047472
5,4,3.8341738009754067
5,6,3.8235949628917734
5,7,5.383950489321662
5,8,5.187664291079664
5,9,6.457395467174838
5,10,8.875761573976048
5,11,9.931788910686524
5,12,10.722033519858382
5,13,12.62014844108622
5,14,14.302053097815916
5,15,15.30435110033413
5,16,16.938230835744804
5,17,18.744695773078
5,18,19.929328080576177
5,19,21.445424968606027
5,20,23.174319179441063
5,21,24.56197142500286
5,22,25.767220430907397
5,23,27.859107799213184
5,24,29.219691945758623
5,25,30.1413643004938
5,26,32.122181867241146
5,27,33.879773361674964
5,28,34.53789721468589
5,29,36.07573010982136
5,30,38.483323717256454
5,31,39.42422651604863
5,32,40.136219997486315
5,33,42.09029683808555
5,34,44.223393501409696
5,35,44.748852623968965
5,36,45.777744626720725
5,37,48.39982448226387
5,38,49.64607167025068
5,39,48.53521957822465
5,40,47.22514879926388
5,41,44.131416051374764
5,42,43.740226436714764
5,43,40.371686497616224
5,44,41.40393611788182
5,45,42.07575213244617
5,46,44.53322835165853
5,47,41.79291960808761
5,48,39.08687114623036
5,49,36.70292686484759
5,50,33.04888234777224
5,51,31.968724481113547
5,52,33.19907452718729
5,53,31.158560712337685
5,54,33.43387354209611
5,55,32.287272795959716
5,56,28.710168627073116
5,57,29.594181887836676
5,58,29.79660294117206
5,59,33.20405065092167
5,60,34.969239465026476
5,61,34.25665787500856
5,62,30.86594025614163
5,63,28.88334233086876
5,64,25.436269730150652
5,65,26.622039006730716
5,66,25.779880152820578
5,67,22.138015822786823
5,68,21.830917578316097
5,69,19.85865863397369
5,70,23.38291379089618
5,71,24.974344323177444
5,72,22.096040149018624
5,73,22.95590668776674
5,74,26.72359738965449
5,75,27.292677318342403
5,76,25.523501161043054
5,77,27.981514497565435
5,78,30.933539685087027
5,79,33.317962372644
5,80,32.237711500027515
5,81,35.08948508694152
5,82,34.592457357645756
5,83,35.68166640540742
5,84,34.45518497299531
5,85,36.62248114233614
5,86,35.560065852030924
5,87,36.69980075973696
5,88,34.84756584458391
5,89,31.553768193701288
5,90,32.28970470451535
5,91,33.47598640540167
5,92,30.925941585162256
5,93,27.988946134787373
5,94,24.976774051247865
5,95,23.629961825831785
5,96,22.214241924659557
5,97,25.644975249432665
5,98,27.433697873153868
5,99,30.876004928675485
5,100,34.20334201026836
5,101,37.175617767823105
5,102,40.81478951937049
5,103,40.61623416491264
5,104,43.8100326747805
5,105,43.98606773749622
5,106,45.21850897356287
5,107,45.5126502010506
5,108,48.77717027399944
5,109,49.97353326825713
5,110,52.24862010525333
5,111,53.999065223490234
5,112,53.29428077870772
5,113,49.9571490866181
5,114,48.56312832141351
5,115,46.35372955473215
5,116,44.15117553568218
5,117,43.4566188040189
5,118,42.59217170636448
5,119,40.19781851859396
5,120,38.5832768218617
5,121,37.99199542238955
5,122,36.67795810941078
5,123,34.111655628799404
5,124,33.23443950385931
5,125,32.371158390977676
5,126,29.36268491251731
5,127,27.932508367383463
6,1,8.036461034224379
6,2,6.378332484368738
6,3,5.106152643537518
6,4,5.42888029517591
6,5,3.8235949628917734
6,7,3.8212298243728613
6,8,5.432529521375614
6,9,5.245548140955155
6,10,6.446742373870099
6,11,8.77658505091567
6,12,9.99717997109767
6,13,10.771652280853802
6,14,12.415234337531642
6,15,14.293292111994594
6,16,15.700780459476697
6,17,16.822178891185345
6,18,18.327210185013456
6,19,20.285088370829214
6,20,21.57675291467307
6,21,22.679332001772067
6,22,24.358843620202936
6,23,26.48085567988485
6,24,27.384674977583856
6,25,28.412050953077326
6,26,30.715852156274735
6,27,32.22629000347024
6,28,32.596594137045074
6,29,34.37906816882459
6,30,36.889693067569894
6,31,37.5049250989412
6,32,38.16643837257075
6,33,40.38758955810066
6,34,42.3986013273313
6,35,42.66486479495604
6,36,43.8270384667383
6,37,46.59487320703989
6,38,47.634890976126314
6,39,46.677671037903394
6,40,45.362076579123425
6,41,42.40044486567425
6,42,42.17721674231596
6,43,38.824805589515414
6,44,40.07259052353669
6,45,41.0747819922183
6,46,43.445018294128495
6,47,40.58866116086245
6,48,38.07960879353771
6,49,35.95334377808384
6,50,32.21930917555261
6,51,31.56316562822473
6,52,32.93416228571655
6,53,31.139870122770926
6,54,33.23069210389943
6,55,31.67249862119926
6,56,28.207740695557824
6,57,29.4144712203199
6,58,30.034205369042933
6,59,33.62295366112052
6,60,35.43343259049226
6,61,35.11834023075395
6,62,31.813865583657794
6,63,30.11017209170916
6,64,26.525476605270082
6,65,27.220028665118303
6,66,26.535524451127245
6,67,23.07562753533724
6,68,22.194595545629834
6,69,19.702378657789264
6,70,22.89873430758583
6,71,24.88757662471337
6,72,22.03908498512214
6,73,22.265911907044078
6,74,26.073951549236384
6,75,27.083594533183707
6,76,25.14550148685211
6,77,27.157235732905082
6,78,30.08311122892774
6,79,32.39610763138559
6,80,31.676594010471806
6,81,34.79378517465703
6,82,34.5378438641399
6,83,35.28826961129577
6,84,33.678662716264384
6,85,35.52160401434779
6,86,34.12210495422019
6,87,35.114965353728955
6,88,33.54561209884239
6,89,30.159014053788216
6,90,30.476817740585663
6,91,31.716228117034674
6,92,29.47953546452666
6,93,26.531411439353143
6,94,23.579868901951986
6,95,21.920888008693122
6,96,19.99726227486389
6,97,23.23142865872978
6,98,25.14962403927536
6,99,28.74390678801954
6,100,31.977821276292907
6,101,35.042239380307095
6,102,38.67681935151077
6,103,38.52336870150497
6,104,41.83676305042219
6,105,42.28574380638929
6,106,43.40871689004326
6,107,43.472398891277216
6,108,46.76197751815917
6,109,47.857491936303504
6,110,49.94166739462436
6,111,51.56736250314396
6,112,50.669810000390896
6,113,47.27636039269394
6,114,46.091518336030596
6,115,43.9582563151044
6,116,41.89494510907042
6,117,40.97077846895374
6,118,39.98882836771384
6,119,37.8064578428344
6,120,36.175862136503916
6,121,35.30179461617371
6,122,34.050738263892555
6,123,31.702094054594685
6,124,30.63507993472806
6,125,29.523386807297427
6,126,26.705324288598515
6,127,25.30588369519511
7,1,9.623997015098931
7,2,8.985959932361888
7,3,6.390645743013467
7,4,5.043351077496984
7,5,5.383950489321662
7,6,3.8212298243728613
7,8,3.820653055133786
7,9,5.617843943633175
7,10,5.332689553495793
7,11,6.39131190151545
7,12,8.873826717298957
7,13,10.09095417705243
7,14,10.588501355650948
7,15,12.369266161948953
7,16,14.584826527439889
7,17,15.557041128274037
7,18,16.331028931320667
7,19,18.585863470361133
7,20,20.325712925943964
7,21,20.998877202163193
7,22,22.36810114043426
7,23,24.896211561061758
7,24,25.862007314081456
7,25,26.41875641919157
7,26,28.774646217329988
7,27,30.614548196907652
7,28,30.813251277655404
7,29,32.27777465056284
7,30,34.99803702831354
7,31,35.76843757908089
7,32,36.13195932546759
7,33,38.25018344139649
7,34,40.510077377131026
7,35,40.750923496279846
7,36,41.63320134459646
7,37,44.46184300621876
7,38,45.71824560276248
7,39,44.906548759329105
7,40,43.85760643417566
7,41,40.98772992126737
7,42,40.9976780863966
7,43,37.81593921750186
7,44,39.28983755040897
7,45,40.2201051228907
7,46,42.34307156295183
7,47,39.3139485184542
7,48,36.626943159488185
7,49,34.64815713603902
7,50,30.86980039893637
7,51,30.305414845234747
7,52,31.290174939623892
7,53,29.221694237141516
7,54,31.015735244361977
7,55,29.52651705585417
7,56,25.943729592177807
7,57,26.836042509349248
7,58,27.676892964526655
7,59,31.279885994862166
7,60,33.39720940995813
7,61,33.22975142975702
7,62,29.787467516958444
7,63,28.417927827855035
7,64,24.703597038929477
7,65,25.481323209480585
7,66,25.300972384244805
7,67,21.785472765149624
7,68,20.580286586804313
7,69,18.31904473006309
7,70,21.45815200444492
7,71,23.775695598977034
7,72,21.371702825877367
7,73,21.699313599672628
7,74,25.416473035416626
7,75,26.704187456963826
7,76,25.255526524323656
7,77,27.284325459137406
7,78,30.50997833906856
7,79,32.446180647258714
7,80,31.479216862605252
7,81,34.551128330139186
7,82,33.952659473927504
7,83,34.48610870630163
7,84,32.908708916995906
7,85,34.64933271514123
7,86,33.1465802838605
7,87,34.5160969322772
7,88,33.14976098223803
7,89,29.596176338714585
7,90,29.993366012401967
7,91,31.660385575046732
7,92,29.544643663891023
7,93,26.950511518653485
7,94,24.108606826816192
7,95,22.011131495420425
7,96,20.08048028435979
7,97,23.064121753149013
7,98,25.44761991756444
7,99,28.936807671620794
7,100,31.93432461321809
7,101,35.21249317365549
7,102,38.7110988277385
7,103,38.184277335776045
7,104,41.35471023691182
7,105,41.63418525326094
7,106,42.47670284965532
7,107,42.40434541166456
7,108,45.52273659701982
7,109,46.40428383005996
7,110,48.590992258667605
7,111,50.08948655829352
7,112,49.370134696224426
7,113,46.11173037362774
7,114,44.779909677535905
7,115,42.852178689281374
7,116,40.5428466972681
7,117,39.56596178044891
7,118,38.92012573614734
7,119,36.74567575992652
7,120,34.79999632535682
7,121,34.124313909846656
7,122,33.213122720442925
7,123,30.643523238638725
7,124,29.32139138753703
7,125,28.617627809141094
7,126,25.900657420976348
7,127,24.017033226937844
8,1,9.97935429493969
8,2,10.344841413371899
8,3,8.88331355126158
8,4,6.458316127527168
8,5,5.187664291079664
8,6,5.432529521375614
8,7,3.820653055133786
8,9,3.8330977525037455
8,10,5.371907165725247
8,11,4.937244463855958
8,12,6.2261132228525655
8,13,8.660343153531954
8,14,9.643505994541785
8,15,10.330000689797984
8,16,12.47197887643004
8,17,14.298180859127205
8,18,15.013893374896963
8,19,16.59791914178282
8,20,18.637190838799373
8,21,19.835545393732883
8,22,20.796679566194694
8,23,23.08674490091009
8,24,24.544998721312883
8,25,25.220464028402127
8,26,27.167477171035774
8,27,29.11487436586479
8,28,29.74809856399299
8,29,31.09810551035143
8,30,33.566966252813835
8,31,34.64031745404994
8,32,35.24834130259298
8,33,37.09480570534875
8,34,39.34365845623453
8,35,39.93274283588835
8,36,40.83002920104701
8,37,43.42257984731349
8,38,44.79786740778142
8,39,43.71057093493889
8,40,42.54136526539736
8,41,39.48446146565187
8,42,39.23373219541965
8,43,35.98937142295875
8,44,37.202366385411864
8,45,37.847193327820264
8,46,40.10077641004269
8,47,37.22382283451195
8,48,34.41315859553565
8,49,32.165320855346074
8,50,28.460932092637655
8,51,27.536175902304247
8,52,28.549315240409772
8,53,26.430426854876185
8,54,28.51066855536716
8,55,27.285581739480694
8,56,23.676215285920613
8,57,24.557073827067857
8,58,24.983506040695268
8,59,28.496637034806888
8,60,30.41405708235645
8,61,30.008450915995176
8,62,26.59984474796408
8,63,24.986091552912452
8,64,21.349906892588795
8,65,22.265455065824415
8,66,21.849377195786484
8,67,18.26155742413559
8,68,17.395913845851656
8,69,15.354480682498133
8,70,18.77118998366956
8,71,20.730055359572624
8,72,18.230571233615148
8,73,19.005774540374627
8,74,22.708015133327233
8,75,23.66398750879442
8,76,22.343123457556317
8,77,24.705478576009916
8,78,27.98465983986209
8,79,29.943383997405327
8,80,28.689768436243433
8,81,31.57958618149509
8,82,30.84095381150565
8,83,31.623600006108635
8,84,30.328157284529368
8,85,32.36336616994666
8,86,31.201607270079453
8,87,32.650632300989535
8,88,30.985498921917166
8,89,27.536477356238716
8,90,28.359620286294085
8,91,29.939636139347147
8,92,27.509306315504258
8,93,24.95532215385135
8,94,22.07441896678029
8,95,20.252673014308552
8,96,18.918378526141
8,97,22.15401864245266
8,98,24.352082543091868
8,99,27.642096628438615
8,100,30.746268469071534
8,101,33.90866901761972
8,102,37.40674869533169
8,103,36.84570122920757
8,104,39.8903569455328
8,105,39.89439093286203
8,106,40.910788469047986
8,107,41.14195828345256
8,108,44.283086018446284
8,109,45.37375681443798
8,110,47.765081192204825
8,111,49.49598316624376
8,112,48.98111648708467
8,113,45.75679384829031
8,114,44.17461570785067
8,115,42.06046168696541
8,116,39.66086397255719
8,117,39.036488284382045
8,118,38.423992996291915
8,119,35.944662080979235
8,120,34.153824176541605
8,121,33.82434371308601
8,122,32.69205374618575
8,123,29.884915907674603
8,124,28.96070613523408
8,125,28.4954794381904
8,126,25.449623037703486
8,127,23.72328104155036
9,1,11.54611400912894
9,2,10.948679331299681
9,3,10.131012423626029
9,4,8.949410354037381
9,5,6.457395467174838
9,6,5.245548140955155
9,7,5.617843943633175
9,8,3.8330977525037455
9,10,3.827038535078713
9,11,5.3925216084623475
9,12,5.014949251026029
9,13,6.226092277517139
9,14,8.540746472466488
9,15,9.733286193311917
9,16,10.753254074836997
9,17,12.463371046340054
9,18,14.103349471047574
9,19,15.523159824863162
9,20,16.883614251263403
9,21,18.437959855028293
9,22,19.902156357398116
9,23,21.751534514497095
9,24,22.98156707664324
9,25,24.193659447172795
9,26,26.187368280830817
9,27,27.69192346778911
9,28,28.4232284913845
9,29,30.185333324293207
9,30,32.44924531044928
9,31,33.2644609783795
9,32,34.18548747321823
9,33,36.20815616038545
9,34,38.14690464853328
9,35,38.709382603759195
9,36,39.945966371505605
9,37,42.49506837658064
9,38,43.58550682452626
9,39,42.378322675339824
9,40,40.94082496795176
9,41,37.83392108842506
9,42,37.42268607109137
9,43,34.03145461851475
9,44,35.13623994890753
9,45,35.98930836391734
9,46,38.41488437719502
9,47,35.642348217815915
9,48,33.092392348886726
9,49,30.840490071968986
9,50,27.142635806049732
9,51,26.378894427335407
9,52,27.85615456934278
9,53,26.20676605472396
9,54,28.4715823460414
9,55,26.92193248635642
9,56,23.547584736552317
9,57,25.008541306191585
9,58,25.463209464583446
9,59,29.05352966661863
9,60,30.637438927295246
9,61,30.39537364875721
9,62,27.255708168853076
9,63,25.54967404210321
9,64,21.99920031014389
9,65,22.373720889533743
9,66,21.57267010273544
9,67,18.268757255475663
9,68,17.267800600312384
9,69,14.600697880389992
9,70,17.798056885437774
9,71,19.683553974700768
9,72,16.806401926285915
9,73,17.06372905320097
9,74,20.869034297010906
9,75,21.86840678583401
9,76,20.06161311670235
9,77,22.159293624830546
9,78,25.237898539001296
9,79,27.41678296528375
9,80,26.534826048425018
9,81,29.618910446437635
9,82,29.3054622049172
9,83,30.05388887193282
9,84,28.512525436785303
9,85,30.471716285033462
9,86,29.253106698831843
9,87,30.330809737476443
9,88,28.613218294484987
9,89,25.25073743229973
9,90,25.863381413156567
9,91,27.144049637475238
9,92,24.729888069740632
9,93,21.927086818751565
9,94,18.9840122907562
9,95,17.321381146680125
9,96,15.864823256645598
9,97,19.277674787729083
9,98,21.18114282557799
9,99,24.576051044218765
9,100,27.83262535613014
9,101,30.87724483524207
9,102,34.472144898996966
9,103,34.184355885962944
9,104,37.37048811106213
9,105,37.58719547468476
9,106,38.80276141738387
9,107,39.092319676285
9,108,42.39453436165467
9,109,43.6662741982172
9,110,45.92968111095133
9,111,47.773406987470516
9,112,47.079749692892655
9,113,43.728466020720106
9,114,42.28776736091633
9,115,39.98690868030447
9,116,37.83369329510599
9,117,37.24155833377951
9,118,36.3052601800349
9,119,33.828670855971495
9,120,32.33559945869688
9,121,31.811973728695442
9,122,30.3652332964399
9,123,27.76336016833807
9,124,27.081066025541098
9,125,26.24853406456875
9,126,23.09265263367321
9,127,21.827429074410578
10,1,13.877646879483033
10,2,12.81300329848733
10,3,10.959062596475666
10,4,10.124638924446074
10,5,8.875761573976048
10,6,6.446742373870099
10,7,5.332689553495793
10,8,5.371907165725247
10,9,3.827038535078713
10,11,3.833745597299447
10,12,5.384992085519887
10,13,5.008275744978997
10,14,6.02310089386578
10,15,8.482437615944365
10,16,9.924395089098564
10,17,10.538242900323038
10,18,11.972884186513246
10,19,14.208320618646194
10,20,15.417913985594211
10,21,16.266623867788073
10,22,18.044421840888546
10,23,20.263241492541137
10,24,21.026363693219714
10,25,21.984240781764818
10,26,24.383256400945264
10,27,25.882898587146748
10,28,26.164960317973037
10,29,27.94980009290256
10,30,30.493889652925475
10,31,31.084951185118275
10,32,31.72272145797154
10,33,33.95423469222643
10,34,35.96263722361921
10,35,36.233690563500055
10,36,37.39750603965651
10,37,40.151689822302195
10,38,41.19724811641675
10,39,40.25824062177455
10,40,39.0148073384074
10,41,36.1103765728889
10,42,36.04743784037987
10,43,32.802507853375545
10,44,34.29376586994911
10,45,35.42069974634369
10,46,37.57252602526795
10,47,34.56173167826128
10,48,32.080315150839574
10,49,30.205164007516174
10,50,26.411358173768186
10,51,26.14762970171967
10,52,27.452142929831275
10,53,25.837340279383387
10,54,27.676725220249203
10,55,25.784594492265295
10,56,22.447274778507367
10,57,23.96885684224632
10,58,24.992387796436297
10,59,28.72558288054454
10,60,30.57658233393209
10,61,30.785228346587985
10,62,27.6412713252962
10,63,26.433864239878854
10,64,22.731989964139473
10,65,22.754971635635652
10,66,22.491793456195538
10,67,19.373360028350533
10,68,17.64034746842667
10,69,14.720364542376927
10,70,17.44588294798281
10,71,19.96774332406374
10,72,17.53840762605207
10,73,17.215873574648093
10,74,20.919392289235358
10,75,22.549460318639476
10,76,20.97457636665307
10,77,22.598634195116396
10,78,25.814724871470155
10,79,27.6327655018751
10,80,26.93820698854212
10,81,30.206244686125554
10,82,29.874940247809434
10,83,30.1443213861108
10,84,28.266711211414002
10,85,29.812003439500476
10,86,28.17026502096252
10,87,29.375196964420297
10,88,28.11086657574518
10,89,24.54405183248572
10,90,24.76048410141832
10,91,26.41690066798921
10,92,24.443819588937643
10,93,21.92020634377821
10,94,19.172472089299216
10,95,16.845178061955064
10,96,14.780286485704162
10,97,17.735334132528276
10,98,20.16157048271475
10,99,23.635668399870173
10,100,26.603216941704694
10,101,29.898987814520698
10,102,33.38499302513849
10,103,32.87664708444951
10,104,36.083843181710016
10,105,36.46026446710029
10,106,37.357091138582994
10,107,37.30585883292281
10,108,40.51134813997199
10,109,41.52031870866003
10,110,43.66492174062184
10,111,45.28620874849494
10,112,44.51862684001041
10,113,41.19782122177085
10,114,39.86839853164524
10,115,37.796763237045404
10,116,35.601724354851434
10,117,34.719070376111816
10,118,33.905709251429045
10,119,31.65863396963657
10,120,29.89976153710598
10,121,29.2113428296151
10,122,28.08924106581568
10,123,25.548394192918156
10,124,24.444496141251804
10,125,23.64065207489464
10,126,20.760608678398743
10,127,19.12534245216143
11,1,14.823028505103848
11,2,14.71044368560163
11,3,12.701496100854357
11,4,10.73383035592947
11,5,9.931788910686524
11,6,8.77658505091567
11,7,6.39131190151545
11,8,4.937244463855958
11,9,5.3925216084623475
11,10,3.833745597299447
11,12,3.837136798854192
11,13,5.46659600484528
11,14,4.948709366946428
11,15,6.001754358545425
11,16,8.662553556551421
11,17,9.903306272343691
11,18,10.232570636359211
11,19,12.266680422814519
11,20,14.334127499999246
11,21,15.112238653093044
11,22,16.13985523024462
11,23,18.662753897970948
11,24,19.919563840625873
11,25,20.418528716398434
11,26,22.546366965380383
11,27,24.518857523217537
11,28,24.956377241643608
11,29,26.28696414259682
11,30,28.874969664563412
11,31,29.87650475739825
11,32,30.370956987235974
11,33,32.281214964380574
11,34,34.5587728069022
11,35,35.06284196084849
11,36,35.93095328740822
11,37,38.57937819348999
11,38,39.94702459515901
11,39,38.958666367176356
11,40,37.90433260663654
11,41,34.95404696835562
11,42,34.92700167360576
11,43,31.810915049616973
11,44,33.31427660835396
11,45,34.13194698527583
11,46,36.142842993231206
11,47,33.08054775209697
11,48,30.305821446414104
11,49,28.357428358800696
11,50,24.573970366090112
11,51,24.09308451208363
11,52,24.99379288852244
11,53,23.005520964331012
11,54,24.76026591525419
11,55,23.169314986722945
11,56,19.631505981049667
11,57,20.767504841495988
11,58,21.70848465551859
11,59,25.4048327422872
11,60,27.451296780894307
11,61,27.598966694692685
11,62,24.310141533953065
11,63,23.25150155571614
11,64,19.474062261191516
11,65,19.72833172366053
11,66,19.826833165559854
11,67,16.585859187821445
11,68,14.766475383810882
11,69,12.304908007383268
11,70,15.223413694384721
11,71,17.818261438145793
11,72,15.809885059324753
11,73,16.00920707645744
11,74,19.57578397856794
11,75,21.183369565525517
11,76,20.213441721436055
11,77,22.136604036516918
11,78,25.63289577252972
11,79,27.12433841161408
11,80,25.95285916044402
11,81,28.99960486469252
11,82,28.21046667055
11,83,28.48926704092004
11,84,26.896377126874103
11,85,28.58702859887228
11,86,27.127109842799236
11,87,28.77369361898245
11,88,27.468269014834878
11,89,23.84446545346684
11,90,24.490286141606088
11,91,26.470665865976756
11,92,24.37187526100187
11,93,22.230065479012616
11,94,19.591648874903633
11,95,17.15078932054462
11,96,15.638133931581095
11,97,18.462030992857514
11,98,21.11784231282244
11,99,24.28307234330502
11,100,27.080670482036712
11,101,30.445107893081563
11,102,33.782972840002245
11,103,32.91544858126892
11,104,35.87744737020336
11,105,35.8800273229502
11,106,36.63689544090947
11,107,36.68181352292241
11,108,39.72649574239075
11,109,40.67197164641471
11,110,43.063108610109396
11,111,44.71663022703242
11,112,44.266766156104815
11,113,41.11176451403903
11,114,39.4699778311337
11,115,37.47773720115713
11,116,34.977132870445416
11,117,34.29672863512479
11,118,33.84980174504888
11,119,31.40476016205487
11,120,29.443861334922754
11,121,29.213225371266553
11,122,28.285819830528332
11,123,25.36859226710997
11,124,24.30001566708553
11,125,24.101758458032265
11,126,21.13256696118858
11,127,19.122083574454763
12,1,15.710191705213463
12,2,15.720272403764454
12,3,14.569017135439697
12,4,12.64714347356334
12,5,10.722033519858382
12,6,9.99717997109767
12,7,8.873826717298957
12,8,6.2261132228525655
12,9,5.014949251026029
12,10,5.384992085519887
12,11,3.837136798854192
12,13,3.8317815479461963
12,14,5.390042506651797
12,15,5.009287242108523
12,16,6.328721256082442
12,17,8.755079344650252
12,18,9.837731336734645
12,19,10.78388663347828
12,20,12.650140298282308
12,21,14.360122401440044
12,22,15.311649153943486
12,23,17.181623780705664
12,24,18.811314902024954
12,25,19.855915905281837
12,26,21.562260402872433
12,27,23.30405471649728
12,28,24.266235043846162
12,29,25.778600393883355
12,30,27.947568141522265
12,31,29.05913192219984
12,32,30.01690258625286
12,33,31.780767257294805
12,34,33.81711478853714
12,35,34.63032142500796
12,36,35.747118675639214
12,37,38.13451367501447
12,38,39.40884965674676
12,39,38.079055041016716
12,40,36.71613624780248
12,41,33.54739631279164
12,42,33.134594042582314
12,43,29.837412625267557
12,44,30.9829145713605
12,45,31.653893709325978
12,46,33.94363440640628
12,47,31.115839030887525
12,48,28.396998266086392
12,49,26.138521181472097
12,50,22.42576002565924
12,51,21.642271314382196
12,52,22.93801628587993
12,53,21.233533461094353
12,54,23.4595037432921
12,55,21.938256034315053
12,56,18.55698871029846
12,57,20.094515941657107
12,58,20.563141545610026
12,59,24.192233689231635
12,60,25.775903501009815
12,61,25.748381239013202
12,62,22.680980993019986
12,63,21.254469181209632
12,64,17.638496618843845
12,65,17.669935613170313
12,66,17.175276359633614
12,67,14.033864043187648
12,68,12.520648492975093
12,69,9.749401356570425
12,70,12.919390129904702
12,71,15.035174998121006
12,72,12.549521623758414
12,73,12.897755279416426
12,74,16.60191431544165
12,75,17.865966194987017
12,76,16.658819453878852
12,77,18.796754387666628
12,78,22.229692851596187
12,79,23.93402379778929
12,80,22.713362707616962
12,81,25.725628965889545
12,82,25.093968351350895
12,83,25.64480281478884
12,84,24.17693873295535
12,85,26.154672459469058
12,86,25.022571237272047
12,87,26.4689058061395
12,88,24.787581362864422
12,89,21.329319783292217
12,90,22.284857604855798
12,91,23.935343429834695
12,92,21.493236289895727
12,93,19.188584035573967
12,94,16.446217910653825
12,95,14.432206736974408
12,96,13.525726462432813
12,97,16.744809768479403
12,98,18.950556732795782
12,99,21.981978373004196
12,100,25.011050219321696
12,101,28.159027646442897
12,102,31.57536217165071
12,103,30.89459557099234
12,104,33.84361274181044
12,105,33.73289913548877
12,106,34.82151074400834
12,107,35.212022036528104
12,108,38.396967832122165
12,109,39.67339364107354
12,110,42.1549168442406
12,111,44.0956299122387
12,112,43.695505266466085
12,113,40.485515460529854
12,114,38.7327562426901
12,115,36.436055739274444
12,116,34.043396327795804
12,117,33.71561853212747
12,118,33.05648696777668
12,119,30.339928680885375
12,120,28.761817813737952
12,121,28.703378768934755
12,122,27.334648755372736
12,123,24.367586643512972
12,124,23.8769853736989
12,125,23.612451965516513
12,126,20.279071592562865
12,127,18.816450531458344
13,1,17.73805973933024
13,2,16.93455375222506
13,3,15.6548366084124
13,4,14.553996069944137
13,5,12.62014844108622
13,6,10.771652280853802
13,7,10.09095417705243
13,8,8.660343153531954
13,9,6.226092277517139
13,10,5.008275744978997
13,11,5.46659600484528
13,12,3.8317815479461963
13,14,3.8134824885918044
13,15,5.466782605856476
13,16,5.273613990773561
13,17,6.299337480175904
13,18,8.560395462163974
13,19,10.043113568502688
13,20,10.845706536569233
13,21,12.380650328244633
13,22,14.216581142719253
13,23,15.886527088786842
13,24,16.842211809199743
13,25,18.280133985223717
13,26,20.376570755863472
13,27,21.630345392860843
13,28,22.323112725851875
13,29,24.290114331376166
13,30,26.47660344054818
13,31,27.134378216087985
13,32,28.18166817203053
13,33,30.294192087994116
13,34,32.076186204534736
13,35,32.62317378518754
13,36,34.016865741629324
13,37,36.52915066002678
13,38,37.48743197941655
13,39,36.255648183821144
13,40,34.77554867309636
13,41,31.71363302027973
13,42,31.410281492464446
13,43,28.067513116496066
13,44,29.404039053097126
13,45,30.509077434773786
13,46,32.76619062876767
13,47,29.864578778968287
13,48,27.475655755005626
13,49,25.518083838521196
13,50,21.759316907298565
13,51,21.550905738484737
13,52,23.168504598243935
13,53,21.97054848387597
13,54,24.00574656199977
13,55,21.931468859078223
13,56,18.866096896568674
13,57,20.95011480324991
13,58,21.86384985260931
13,59,25.586095385477293
13,60,27.05385264577283
13,61,27.46678061028132
13,62,24.669083937592518
13,63,23.516924573177036
13,64,19.98043897865582
13,65,19.34358875735675
13,66,18.887271326929834
13,67,16.247205874444106
13,68,14.205775336473032
13,69,10.782867642886375
13,70,13.119790287723673
13,71,15.605630828136098
13,72,13.150414107283217
13,73,12.36481938224952
13,74,16.044952786538495
13,75,17.84265379655861
13,76,16.273768339533838
13,77,17.696482268659334
13,78,20.98663827121779
13,79,22.66556148123776
13,80,22.01607388249473
13,81,25.35562021035579
13,82,25.16524683479766
13,83,25.325916814081264
13,84,23.346585901434395
13,85,24.909069016663317
13,86,23.3718988201448
13,87,24.50850611191118
13,88,23.128667745690755
13,89,19.592755188282794
13,90,19.972207792070417
13,91,21.59603026804583
13,92,19.520599265264686
13,93,17.131790399662876
13,94,14.460681680284376
13,95,12.023362254135652
13,96,10.372105814731473
13,97,13.506268089667367
13,98,15.852202222577377
13,99,19.12269743589845
13,100,22.12769272889855
13,101,25.37168759293234
13,102,28.836464760189756
13,103,28.28578070440103
13,104,31.42531140642842
13,105,31.67453638075437
13,106,32.72873477964583
13,107,32.90950615250161
13,108,36.19527701719105
13,109,37.449681070567685
13,110,39.70721318566595
13,111,41.58443460927947
13,112,40.93683264492911
13,113,37.61056591461385
13,114,36.09563110896847
13,115,33.782921733153415
13,116,31.610570777594578
13,117,31.07481782469356
13,118,30.16692606815588
13,119,27.630475954686073
13,120,26.149292546532603
13,121,25.740293848282693
13,122,24.282366347023846
13,123,21.573991385363094
13,124,21.00165523532844
13,125,20.3454193577067
13,126,17.07138390967647
13,127,15.826250789528334
14,1,19.354635610900715
14,2,18.727470203827412
14,3,16.75129261344142
14,4,15.362521807183539
14,5,14.302053097815916
14,6,12.415234337531642
14,7,10.588501355650948
14,8,9.643505994541785
14,9,8.540746472466488
14,10,6.02310089386578
14,11,4.948709366946428
14,12,5.390042506651797
14,13,3.8134824885918044
14,15,3.819357613728284
14,16,5.463513980825722
14,17,5.2108716371284896
14,18,5.9574304429419795
14,19,8.566850486176657
14,20,9.956057904156108
14,21,10.428136505055884
14,22,12.05473775526385
14,23,14.481700154111225
14,24,15.274156909308081
14,25,16.010513454968766
14,26,18.40283906101991
14,27,20.046948040025605
14,28,20.328985334775513
14,29,21.969479992040554
14,30,24.534861216573162
14,31,25.260719665463288
14,32,25.866978954482892
14,33,27.982353502548108
14,34,30.063752688872263
14,35,30.457527787697913
14,36,31.543908563195505
14,37,34.221285297521646
14,38,35.379229126772664
