1,2,3.8340873112742764
1,3,5.821770685645417
1,4,5.307530150524031
1,5,6.35562461374487
1,6,8.931028907514795
1,7,10.253932842541595
1,8,10.900612380544954
1,9,12.792113170758718
1,10,14.628967647969656
1,11,15.613419516857993
1,12,16.88843791068737
1,13,18.723057365248
1,14,20.14503773903382
1,15,21.516864782350858
1,16,23.13184553468911
1,17,24.593824687368212
1,18,26.080406552175727
1,19,27.6010662977511
1,20,29.178887250254988
1,21,30.47831163430637
1,22,32.279760540199035
1,23,33.79744694802564
1,24,35.003641130146974
1,25,36.702519336365796
1,26,38.347788475780874
1,27,39.37302205331842
1,28,40.990810845412454
1,29,43.07767560328126
1,30,44.14823531875991
1,31,45.20772983625911
1,32,46.9946642527358
1,33,48.9738136023125
1,34,49.76941048873361
1,35,50.94713189261674
1,36,53.362746691877376
1,37,54.558781889711696
1,38,53.20760865364595
1,39,51.57919721103247
1,40,48.306231623424054
1,41,47.564866717812244
1,42,44.05528353738304
1,43,44.65497411922675
1,44,45.04207758135474
1,45,47.806317996787016
1,46,45.425547316993544
1,47,42.73076487752923
1,48,40.06893321753907
1,49,36.553047344764174
1,50,35.13926781822685
1,51,36.654184893554245
1,52,34.752324273498736
1,53,37.31811168220667
1,54,36.350322292284304
1,55,32.852542747944234
1,56,33.74432473006201
1,57,33.55315456419955
1,58,36.814865507051046
1,59,38.21690674228738
1,60,37.24642620229627
1,61,33.92342117209696
1,62,31.61052214883896
1,63,28.390631504258792
1,64,29.81100949047707
1,65,28.465546820611905
1,66,24.86698610018648
1,67,25.211362759197527
1,68,23.433498713351526
1,69,27.067340435728575
1,70,28.09674706557058
1,71,24.88111347843333
1,72,26.01594788397853
1,73,29.703490477183212
1,74,29.67229940856305
1,75,27.577257046062016
1,76,30.25667513681281
1,77,32.86209239837131
1,78,35.62645835948863
1,79,34.546034601911934
1,80,37.17970483173529
1,81,36.84793307121911
1,82,38.35680443450292
1,83,37.37402416431021
1,84,39.855430085880116
1,85,39.199155036296226
1,86,40.07296297500001
1,87,37.81807365572608
1,88,34.83351502231698
1,89,35.81679345394702
1,90,36.50638154642047
1,91,33.64072438199401
1,92,30.41448725226907
1,93,27.3388498915987
1,94,26.7892134910928
1,95,25.859103691707322
1,96,29.516926688464856
1,97,30.714135098310088
1,98,34.0369523553127
1,99,37.59027573627695
1,100,40.18898910625215
1,101,43.91462217719483
1,102,44.09825775504741
1,103,47.27944575221946
1,104,47.352722231415946
1,105,48.94556014546917
1,106,49.57836557719202
1,107,52.96774518215561
1,108,54.48765976844385
1,109,56.81861815775401
1,110,58.816366745841115
1,111,58.07434631314042
1,112,54.68230898726972
1,113,53.27787933515883
1,114,50.800089721969975
1,115,48.74653513880966
1,116,48.32056255943297
1,117,47.227295831880895
1,118,44.661720438500765
1,119,43.39381131751229
1,120,42.86487246636156
1,121,41.1663274909674
1,122,38.676273915003414
1,123,38.198806959880685
1,124,37.12040015215159
1,125,33.939841812279234
1,126,32.705926393653066
1,127,32.639587771895286
2,1,3.8340873112742764
2,3,3.8195164298558058
2,4,5.331465532175253
2,5,5.092850524102289
2,6,6.3683656614056074
2,7,8.860507038462359
2,8,10.107557476639027
2,9,10.936523378013776
2,10,12.668631443661916
2,11,14.514972086776385
2,12,15.613358646373237
2,13,16.770445296941816
2,14,18.545682811932036
2,15,20.359474332710185
2,16,21.546900805162295
2,17,22.701978175641198
2,18,24.644435172339875
2,19,26.2654604929725
2,20,27.39184738805439
2,21,28.748891843158074
2,22,30.90246940329757
2,23,32.21675178592404
2,24,33.14049833647734
2,25,35.094548034477846
2,26,36.87547038015343
2,27,37.591036267640376
2,28,39.11983872992796
2,29,41.46834356094569
2,30,42.465284918024715
2,31,43.247905494202925
2,32,45.13775982035493
2,33,47.265647610118286
2,34,47.86208679720069
2,35,48.89461932281918
2,36,51.48071785945779
2,37,52.729569438364024
2,38,51.60514639545532
2,39,50.18577610540093
2,40,47.05106579738519
2,41,46.59945395433956
2,42,43.19391241592957
2,43,44.11156492659475
2,44,44.65622204584564
2,45,47.20521159942925
2,46,44.5879556777829
2,47,41.83491226396608
2,48,39.40958560838688
2,49,35.76703571242167
2,50,34.641338189498576
2,51,35.94568660965012
2,52,33.921555530176796
2,53,36.17922947541956
2,54,35.040458295728875
2,55,31.45983599642237
2,56,32.26162515494463
2,57,32.4591824080834
2,58,35.86274302072167
2,59,37.57995102686272
2,60,36.89527352855382
2,61,33.44192935464334
2,62,31.50386504399917
2,63,28.04629376376664
2,64,29.346548286516008
2,65,28.453347351391432
2,66,24.780283875099474
2,67,24.600951655172985
2,68,22.66517302166344
2,69,26.20771724894839
2,70,27.726768513032578
2,71,24.752587496767145
2,72,25.635507885086252
2,73,29.400891091803327
2,74,29.83463427758615
2,75,27.935842667695635
2,76,30.426502243170464
2,77,33.277635135665
2,78,35.80981004946058
2,79,34.75397222267293
2,80,37.560118647447965
2,81,37.10135856726235
2,82,38.27122847552344
2,83,37.07507255749783
2,84,39.321232076301655
2,85,38.367412161380486
2,86,39.43779349301648
2,87,37.478357396299955
2,88,34.25861261536114
2,89,35.04353180240411
2,90,36.08070686155936
2,91,33.453116835676774
2,92,30.380363631213356
2,93,27.31980925345027
2,94,26.243574973599152
2,95,24.9371907102301
2,96,28.40184684979276
2,97,30.024683221906077
2,98,33.467402452740906
2,99,36.85873705701927
2,100,39.71203785418833
2,101,43.40181608300001
2,102,43.362916596838815
2,103,46.56246533317603
2,104,46.70008815513089
2,105,48.02049450059445
2,106,48.39385549916177
2,107,51.694020352804436
2,108,52.978348289718696
2,109,55.265811817934846
2,110,57.06999407042899
2,111,56.31167999762767
2,112,52.96504488308322
2,113,51.60513492538723
2,114,49.33411918736482
2,115,47.17503252057065
2,116,46.528241776123586
2,117,45.59861487449327
2,118,43.181677537498935
2,119,41.64620488926168
2,120,41.043863407250306
2,121,39.63194941870529
2,122,37.11849889539595
2,123,36.30054042274661
2,124,35.3097999218891
2,125,32.3104291971375
2,126,30.790876539039395
2,127,30.57851361915652
3,1,5.821770685645417
3,2,3.8195164298558058
3,4,3.83160732251734
3,5,5.440423408533287
3,6,5.047681839861675
3,7,6.453206830462778
3,8,8.95004780260052
3,9,10.118199915790216
3,10,10.70706400480405
3,11,12.617061158429431
3,12,14.537004462911462
3,13,15.37436873496896
3,14,16.5081606327162
3,15,18.735017799068977
3,16,20.312233829300723
3,17,20.983587407451584
3,18,22.710085368616912
3,19,24.78701869934326
3,20,25.936100312864905
3,21,26.833592309201514
3,22,29.09348968041532
3,23,30.740467015852204
3,24,31.408871261115877
3,25,33.12586187761899
3,26,35.1908581474629
3,27,36.04847428572396
3,28,37.27408515782692
3,29,39.599233030538656
3,30,40.88933486314909
3,31,41.605506659537994
3,32,43.2426818965289
3,33,45.53487052375651
3,34,46.322147298179345
3,35,47.15372207401804
3,36,49.63076067038313
3,37,51.108686698124025
3,38,49.923335492066464
3,39,48.623268268644345
3,40,45.44730552749911
3,41,44.9969891215109
3,42,41.68593433548513
3,43,42.58556898087145
3,44,42.88680062492652
3,45,45.33707154690114
3,46,42.712802496042364
3,47,39.76632972083696
3,48,37.273242735401396
3,49,33.675505775761124
3,50,32.36165009670153
3,51,33.390749594694036
3,52,31.117174213612294
3,53,33.3362255237086
3,54,32.463574476366645
3,55,28.796984677635464
3,56,29.298258470797727
3,57,29.35090868053565
3,58,32.65649852177202
3,59,34.47406218309827
3,60,33.673344694577565
3,61,30.132977335855745
3,62,28.251924232284214
3,63,24.794717156174343
3,64,26.345078188894828
3,65,25.64983700839726
3,66,21.881211626971634
3,67,21.802100964661157
3,68,20.265413750101107
3,69,23.923810057680416
3,70,25.3970125526254
3,71,22.680803743315167
3,72,23.947945625878482
3,73,27.618980294526125
3,74,27.99463567537449
3,75,26.51306183321075
3,76,29.2370828082428
3,77,32.31532548891762
3,78,34.603993320918235
3,79,33.19140317545326
3,80,35.823121602294336
3,81,35.021830588644
3,82,36.22283182436529
3,83,35.2592362694548
3,84,37.6257006740567
3,85,36.829791331041335
3,86,38.20003401690795
3,87,36.19405324971024
3,88,32.94469957760405
3,89,34.039895889332975
3,90,35.30038616194865
3,91,32.56228092432208
3,92,29.742933923624214
3,93,26.732172364834415
3,94,25.5565542018068
3,95,24.58699327434447
3,96,28.025314741187444
3,97,29.834928908886223
3,98,33.100155246989964
3,99,36.3955396732158
3,100,39.32515435396641
3,101,42.92002165625218
3,102,42.60849699937788
3,103,45.628782768451906
3,104,45.47907424409751
3,105,46.712324366039226
3,106,47.17824859882406
3,107,50.36245121706214
3,108,51.62082517012967
3,109,54.099681085888044
3,110,55.949558455594534
3,111,55.43758097084499
3,112,52.21146794924546
3,113,50.60567386807685
3,114,48.372437603298565
3,115,45.99529105646403
3,116,45.51992898239144
3,117,44.84161176559625
3,118,42.261474216909185
3,119,40.606330712933236
3,120,40.33307885892571
3,121,39.02722929523645
3,122,36.24114842690443
3,123,35.47517905822605
3,124,34.878216247265
3,125,31.76877223955352
3,126,29.95899483953437
3,127,30.172706758217704
4,1,5.307530150524031
4,2,5.331465532175253
4,3,3.83160732251734
4,5,3.8280514320436057
4,6,5.390731668681629
4,7,5.1899076701875915
4,8,6.472099898219403
4,9,8.891511237552853
4,10,9.912390371895013
4,11,10.691574283323735
4,12,12.621383400085474
4,13,14.324792376448954
4,14,15.221110194448746
4,15,16.816083742313708
4,16,18.773724301680762
4,17,19.927324085477267
4,18,21.19419317707476
4,19,23.03175146801854
4,20,24.674419172742684
4,21,25.642589794568373
4,22,27.478102455455204
4,23,29.25117918654845
4,24,30.309446631899426
4,25,31.816254762188283
4,26,33.64175547406938
4,27,34.79993325892047
4,28,36.21889700321786
4,29,38.25581577538199
4,30,39.53878737274844
4,31,40.589338375215455
4,32,42.1864305468903
4,33,44.25548195883349
4,34,45.21555575546714
4,35,46.2766544948355
4,36,48.586051120930875
4,37,49.93301386262129
4,38,48.5160774512738
4,39,46.96927882772775
4,40,43.66597749825227
4,41,42.946996912667345
4,42,39.517938363305696
4,43,40.161574330802964
4,44,40.41053279271395
4,45,43.06086429561794
4,46,40.62916313161519
4,47,37.80058620128898
4,48,35.13329877229951
4,49,31.61413231908933
4,50,30.150908328543853
4,51,31.50304112630442
4,52,29.50214943674979
4,53,32.03507429458199
4,54,31.14190735998497
4,55,27.619128838290745
4,56,28.462899899082547
4,57,28.247613182622207
4,58,31.528203408987125
4,59,32.975738805139024
4,60,32.10649977623429
4,61,28.760408068849582
4,62,26.586676246134555
4,63,23.25654326609902
4,64,24.604818139196762
4,65,23.442258198363398
4,66,19.790717170381054
4,67,19.98019618638332
4,68,18.297372144438988
4,69,21.989274096592048
4,70,23.092739848020578
4,71,20.06424142769088
4,72,21.38111054429929
4,73,25.041595398705933
4,74,25.13048144049822
4,75,23.40154760006611
4,76,26.20562590177804
4,77,29.119662883659064
4,78,31.58762724859251
4,79,30.23371029241361
4,80,32.8308298096376
4,81,32.23296804209059
4,82,33.62572842413916
4,83,32.717464141716086
4,84,35.22916359626179
4,85,34.63509587739806
4,86,35.7843820696961
4,87,33.5514099870472
4,88,30.48057858985364
4,89,31.701164358429853
4,90,32.66554769195969
4,91,29.749064543118777
4,92,26.80078866939404
4,93,23.76722386810284
4,94,22.98387229123091
4,95,22.34461837961744
4,96,25.96962393831024
4,97,27.414333665902515
4,98,30.574972594446002
4,99,34.00759833183523
4,100,36.73697130457727
4,101,40.363046461084075
4,102,40.23564910967809
4,103,43.25588498955336
4,104,43.08723247251028
4,105,44.56606036221402
4,106,45.25323535429779
4,107,48.543645475656504
4,108,50.041387922817044
4,109,52.5348651582624
4,110,54.584406447919456
4,111,54.06630058773737
4,112,50.78395290797972
4,113,49.14647789322796
4,114,46.693479635233125
4,115,44.44895762997971
4,116,44.19102872060726
4,117,43.31708719665815
4,118,40.59008351742775
4,119,39.230344794013725
4,120,39.01591131628495
4,121,37.39718244733391
4,122,34.64375758317091
4,123,34.2510361473934
4,124,33.54851038071069
4,125,30.235222246801463
4,126,28.755492007833073
4,127,29.137492375779622
5,1,6.35562461374487
5,2,5.092850524102289
5,3,5.440423408533287
5,4,3.8280514320436057
5,6,3.8234799796503656
5,7,5.42734638317638
5,8,5.235097694094956
5,9,6.456599416690365
5,10,8.76912237605285
5,11,9.955120645485215
5,12,10.751471498668518
5,13,12.459732760387809
5,14,14.240612760237449
5,15,15.589514838575013
5,16,16.887847081266276
5,17,18.413254914146417
5,18,20.124617380635215
5,19,21.51126387620068
5,20,22.9172951974538
5,21,24.392632180449244
5,22,26.272169538513594
5,23,27.59800920334814
5,24,28.799750893414288
5,25,30.662373193463594
5,26,32.24440805604567
5,27,33.12492021526011
5,28,34.81990843908118
5,29,36.98313941197566
5,30,37.93376144961524
5,31,38.947727023612046
5,32,40.83942226915095
5,33,42.79297284335499
5,34,43.489443539025146
5,35,44.70340385815645
5,36,47.178853479280846
5,37,48.31246793374115
5,38,47.045142949436176
5,39,45.474147577774474
5,40,42.2814130681504
5,41,41.71728479208677
5,42,38.25918193113172
5,43,39.11714285066915
5,44,39.723515603417816
5,45,42.32782303164957
5,46,39.76178673998674
5,47,37.11789206863267
5,48,34.68801322487223
5,49,31.051263190402878
5,50,30.016828289053095
5,51,31.553454619068177
5,52,29.815315400182545
5,53,32.19109946741539
5,54,30.856071639993992
5,55,27.42125842426664
5,56,28.629384752072717
5,57,28.840915494519244
5,58,32.33383892123322
5,59,33.827384769753024
5,60,33.36607396185691
5,61,30.096913944325077
5,62,28.18012602818261
5,63,24.69541526471694
5,64,25.52529345232625
5,65,24.48029707699711
5,66,20.98612233085295
5,67,20.572515952290527
5,68,18.259221048909335
5,69,21.68198003299384
5,70,23.192440574611933
5,71,20.090936824836685
5,72,20.72567531180091
5,73,24.514432267228347
5,74,25.047493654110887
5,75,23.03833340371093
5,76,25.403880414765172
5,77,28.271292638321402
5,78,30.777723068479624
5,79,29.825441200709204
5,80,32.73904411170034
5,81,32.43439726363779
5,82,33.50231571557089
5,83,32.17526897005116
5,84,34.38058569212398
5,85,33.43383488369888
5,86,34.40642194261329
5,87,32.421162463031344
5,88,29.229616817993605
5,89,30.023380066358616
5,90,31.004451643693717
5,91,28.36042698578992
5,92,25.301367331288287
5,93,22.2461057742335
5,94,21.175608383463793
5,95,20.006669172995462
5,96,23.553769827155527
5,97,25.091728702274494
5,98,28.46956595080746
5,99,31.883126924825426
5,100,34.704731167608685
5,101,38.38505178758928
5,102,38.35247243668293
5,103,41.53841597273124
5,104,41.67116624748454
5,105,43.07029673627462
5,106,43.53183182643143
5,107,46.884108454654154
5,108,48.29671195540985
5,109,50.596979275247655
5,110,52.52961001286113
5,111,51.79531584577787
5,112,48.42931755239745
5,113,47.013350509908044
5,114,44.61284020358066
5,115,42.514742587057164
5,116,42.01848442670142
5,117,40.99468389106629
5,118,38.46551483478393
5,119,37.09953187272084
5,120,36.5803374081293
5,121,34.98438294981336
5,122,32.44534379185718
5,123,31.878384745411175
5,124,30.88924567753007
5,125,27.722828515084466
5,126,26.375500793426045
5,127,26.372918301953952
6,1,8.931028907514795
6,2,6.3683656614056074
6,3,5.047681839861675
6,4,5.390731668681629
6,5,3.8234799796503656
6,7,3.8235646345246432
6,8,5.607498704581803
6,9,5.314651823029164
6,10,6.383904969135116
6,11,8.852260872804548
6,12,10.064475500941063
6,13,10.615681190467669
6,14,12.350384576499277
6,15,14.52103614730416
6,16,15.614255033496098
6,17,16.432921638309416
6,18,18.497263598581927
6,19,20.311815299524387
6,20,21.252250816640192
6,21,22.46888295994553
6,22,24.78592078964094
6,23,26.132497295480757
6,24,26.87266679718443
6,25,28.834008475715013
6,26,30.74226287819974
6,27,31.412186965760323
6,28,32.817933490625244
6,29,35.22368355344691
6,30,36.29740990577441
6,31,36.99878119250733
6,32,38.82623033609368
6,33,41.03211876438187
6,34,41.66244509788395
6,35,42.60691310967315
6,36,45.17738205679497
6,37,46.510327337576065
6,38,45.41659035245817
6,39,44.11766854663385
6,40,41.02915283368808
6,41,40.732413400155004
6,42,37.438911675257664
6,43,38.56753101726948
6,44,39.150460255832186
6,45,41.493372490854604
6,46,38.71793324332151
6,47,35.89757415299927
6,48,33.64413586484645
6,49,29.933527651360926
6,50,29.040419929723164
6,51,30.187298586440587
6,52,28.167034629846988
6,53,30.220519109674427
6,54,28.90529545962419
6,55,25.329115770175612
6,56,26.2422676921093
6,57,26.7335033573739
6,58,30.28507154844308
6,59,32.13365476131564
6,60,31.842739055024193
6,61,28.411399750891157
6,62,26.87544018234567
6,63,23.210587246773866
6,64,24.10020625986766
6,65,23.612598767928922
6,66,20.02555203514683
6,67,19.189327705698933
6,68,17.01943828567103
6,69,20.403009717279424
6,70,22.34632299960532
6,71,19.69193768409511
6,72,20.35013895727929
6,73,24.100778392368397
6,74,25.003542628133978
6,75,23.476805736043175
6,76,25.8028222275502
6,77,28.98748348713974
6,78,31.11636438931239
6,79,29.958344061705144
6,80,32.87329906968853
6,81,32.23470678039099
6,82,33.03093873318936
6,83,31.68248230932187
6,84,33.74702182109633
6,85,32.637615572182035
6,86,33.98249036290924
6,87,32.24332124610908
6,88,28.841832885995874
6,89,29.6505263463256
6,90,31.085980953489408
6,91,28.607716750995323
6,92,25.885502858210703
6,93,22.927193242091093
6,94,21.32441263362491
6,95,20.032658476503137
6,96,23.318774120212485
6,97,25.368926223812963
6,98,28.70588978750818
6,99,31.880845788701347
6,100,34.95739112551487
6,101,38.52431262992066
6,102,38.12656519872778
6,103,41.20372691513251
6,104,41.21199895312263
6,105,42.30840032446299
6,106,42.59209069210088
6,107,45.78403959618731
6,108,46.96214043072873
6,109,49.341123256987494
6,110,51.121852236315426
6,111,50.52459482977513
6,112,47.27732597164187
6,113,45.752421336403565
6,114,43.57120396951593
6,115,41.239183696153994
6,116,40.64197602722247
6,117,39.93321311997584
6,118,37.44700526219568
6,119,35.749356112892045
6,120,35.369152850853446
6,121,34.121863842280824
6,122,31.392641052244446
6,123,30.522757075887522
6,124,29.8775453682877
6,125,26.833187389467707
6,126,25.004527822699092
6,127,25.13420849339809
7,1,10.253932842541595
7,2,8.860507038462359
7,3,6.453206830462778
7,4,5.1899076701875915
7,5,5.42734638317638
7,6,3.8235646345246432
7,8,3.8314373509267887
7,9,5.365498729296519
7,10,4.905433407430394
7,11,6.201838515965682
7,12,8.650023270306985
7,13,9.637306244006114
7,14,10.253197509871063
7,15,12.37481579998888
7,16,14.298610471511912
7,17,14.9875784021789
7,18,16.37874697962937
7,19,18.510675276216205
7,20,19.911336249885483
7,21,20.68044508972515
7,22,22.753251105552348
7,23,24.566614049678854
7,24,25.366669214994218
7,25,26.901266611858247
7,26,28.910699235601108
7,27,29.976108426197634
7,28,31.22963454074683
7,29,33.377635909209076
7,30,34.742394717851155
7,31,35.64656080331593
7,32,37.18880408803
7,33,39.38099451755947
7,34,40.33574476307571
7,35,41.26369861180713
7,36,43.59539096124433
7,37,45.04862636356607
7,38,43.712792160000255
7,39,42.332023906523055
7,40,39.09794221595826
7,41,38.58161485817247
7,42,35.279992411506875
7,43,36.17823593933573
7,44,36.47382190132163
7,45,38.89019722688778
7,46,36.26172743472513
7,47,33.33262151234071
7,48,30.853553691864274
7,49,27.238902672964482
7,50,26.012381107744513
7,51,27.141438963402422
7,52,25.06206672305503
7,53,27.35243972531658
7,54,26.303953758985845
7,55,22.729065100829985
7,56,23.60353792056068
7,57,23.70963954750408
7,58,27.159132730179415
7,59,28.82424070958465
7,60,28.34570990011744
7,61,24.95524072497236
7,62,23.231911095295462
7,63,19.635765628623055
7,64,20.634152765230187
7,65,19.97717519620767
7,66,16.340678595883684
7,67,15.803734701156138
7,68,13.920520348590658
7,69,17.52439638590828
7,70,19.126631856148855
7,71,16.47223197838019
7,72,17.60629853183111
7,73,21.26903771308467
7,74,21.87720198768206
7,75,20.586352235892473
7,76,23.223798750719787
7,77,26.498913661353168
7,78,28.53614381064033
7,79,27.062788356008316
7,80,29.77586240910783
7,81,28.950918484397445
7,82,29.944790685420198
7,83,28.88077810296071
7,84,31.199181070913202
7,85,30.418905228230443
7,86,31.881713660445136
7,87,29.902556776222703
7,88,26.617915705543563
7,89,27.847739089658806
7,90,29.251138766072245
7,91,26.51553270483034
7,92,23.94117955037406
7,93,21.025524918286596
7,94,19.663388987994654
7,95,19.012916065899233
7,96,22.402637967626248
7,97,24.306359797526586
7,98,27.367592141764202
7,99,30.555958111273625
7,100,33.5263827147343
7,101,37.024255983592155
7,102,36.527567912188765
7,103,39.433289517733854
7,104,39.1514190192956
7,105,40.36754962720434
7,106,40.921472780486134
7,107,44.088424806716056
7,108,45.433514141218566
7,109,48.00297947341027
7,110,49.981123406876094
7,111,49.60491482483612
7,112,46.42835263796019
7,113,44.656074467324615
7,114,42.338256934871744
7,115,39.90962944474141
7,116,39.6488971622948
7,117,39.02032165541417
7,118,36.268665729996876
7,119,34.69927857326901
7,120,34.67890259524114
7,121,33.28316467095434
7,122,30.33082249073717
7,123,29.819978366886485
7,124,29.46569428388828
7,125,26.170779840977318
7,126,24.3457210888124
7,127,25.027134446287544
8,1,10.900612380544954
8,2,10.107557476639027
8,3,8.95004780260052
8,4,6.472099898219403
8,5,5.235097694094956
8,6,5.607498704581803
8,7,3.8314373509267887
8,9,3.834060171874676
8,10,5.371586682210446
8,11,4.969969908196261
8,12,6.214090869398248
8,13,8.551811725325127
8,14,9.639501962812554
8,15,10.617958307089438
8,16,12.477158896176164
8,17,14.087687613197893
8,18,15.278370386734935
8,19,16.736640997099332
8,20,18.52705896936505
8,21,19.779454069631594
8,22,21.3981732531226
8,23,22.999410631896936
8,24,24.334392211872274
8,25,25.91020007193742
8,26,27.472895127168456
8,27,28.645087825093594
8,28,30.303472049252825
8,29,32.24335383328207
8,30,33.351599340922874
8,31,34.56623317913861
8,32,36.28143515175696
8,33,38.16242017021601
8,34,39.09435737261358
8,35,40.35702895831594
8,36,42.64165287177807
8,37,43.81092515163697
8,38,42.35572379675632
8,39,40.708097075880474
8,40,37.42263264177837
8,41,36.736241825831506
8,42,33.28104554408395
8,43,34.05956301336325
8,44,34.5584704715304
8,45,37.16224076758043
8,46,34.642364677532846
8,47,31.973684842544237
8,48,29.478881011431866
8,49,25.868052191632152
8,50,24.792448689114057
8,51,26.4092152834014
8,52,24.82532510355259
8,53,27.314518448936532
8,54,25.944535215615687
8,55,22.622717245362022
8,56,24.09463861847252
8,57,24.215526834030975
8,58,27.725643002792257
8,59,29.027686474215464
8,60,28.735936626120353
8,61,25.635317683159307
8,62,23.792818515096844
8,63,20.313810682149498
8,64,20.738107875711776
8,65,19.646497586564834
8,66,16.329375564929485
8,67,15.683036396986862
8,68,13.152937596693738
8,69,16.53268855101855
8,70,17.99896930636059
8,71,14.905782209218483
8,72,15.536255207951518
8,73,19.314974779793378
8,74,19.927026786890274
8,75,18.10454978114844
8,76,20.517555998305323
8,77,23.5908249224833
8,78,25.88478280111724
8,79,24.77542662924571
8,80,27.69136230951392
8,81,27.310717082663377
8,82,28.292048027795115
8,83,26.983009930273315
8,84,29.24359858682185
8,85,28.42238012584034
8,86,29.508578693956412
8,87,27.450285733367267
8,88,24.260288148542795
8,89,25.310182004834797
8,90,26.39576589537893
8,91,23.641786390101394
8,92,20.801698315467945
8,93,17.801379128231584
8,94,16.661056790463256
8,95,15.982978203428939
8,96,19.571447558494967
8,97,21.141470109120185
8,98,24.27842378594942
8,99,27.631602475609686
8,100,30.46477021427478
8,101,34.05766596517479
8,102,33.83648312496612
8,103,36.87860772745672
8,104,36.80104212259725
8,105,38.226131671499026
8,106,38.847748643560465
8,107,42.175052217338425
8,108,43.70279314517291
8,109,46.14485048623227
8,110,48.23536410253191
8,111,47.69060663197704
8,112,44.393100633894505
8,113,42.756625828781125
8,114,40.252544309149584
8,115,38.06931230832826
8,116,37.85005871337941
8,117,36.90579040129624
8,118,34.14959508960901
8,119,32.88331428215469
8,120,32.68806690243955
8,121,30.979310886076835
8,122,28.22375624679336
8,123,27.974833840486625
8,124,27.282825765571804
8,125,23.877735498598895
8,126,22.51914263235143
8,127,23.076509442303458
9,1,12.792113170758718
9,2,10.936523378013776
9,3,10.118199915790216
9,4,8.891511237552853
9,5,6.456599416690365
9,6,5.314651823029164
9,7,5.365498729296519
9,8,3.834060171874676
9,10,3.834310049608321
9,11,5.371382952442815
9,12,4.9924522983005275
9,13,6.067901255132559
9,14,8.470909285026487
9,15,9.874143899663189
9,16,10.618033547747162
9,17,12.092322960844207
9,18,14.146642887708238
9,19,15.42869275849659
9,20,16.534715934212265
9,21,18.164994117737205
9,22,20.195481258680527
9,23,21.3129246160614
9,24,22.431580305866916
9,25,24.47379946054135
9,26,26.039151995730222
9,27,26.7458331203699
9,28,28.468976334945722
9,29,30.73362025062273
9,30,31.595010539814513
9,31,32.526616423272834
9,32,34.49640115683636
9,33,36.45897504892712
9,34,37.070939078867305
9,35,38.2806632771333
9,36,40.80905320427035
9,37,41.920150721960496
9,38,40.74748320080808
9,39,39.28283750376651
9,40,36.18914361879568
9,41,35.86014054746232
9,42,32.50857358081341
9,43,33.69775770905455
9,44,34.521013767693105
9,45,36.877414382355475
9,46,34.084036213739594
9,47,31.47257912087766
9,48,29.355627618926263
9,49,25.603713829364057
9,50,25.06220354668402
9,51,26.531149852054487
9,52,24.983880278323554
9,53,27.05018512121128
9,54,25.29181329597274
9,55,21.96982072331214
9,56,23.53477933422058
9,57,24.263236231706184
9,58,27.95804910140144
9,59,29.561243205040913
9,60,29.720383701524128
9,61,26.591550527786268
9,62,25.249357995844836
9,63,21.590836336665653
9,64,21.658373147409712
9,65,21.10994042944204
9,66,17.940353053828606
9,67,16.494214098421068
9,68,13.574749295929225
9,69,16.533532430984945
9,70,18.717529685594975
9,71,16.008927568674192
9,72,15.941884299600732
9,73,19.72662971696485
9,74,21.032542645909217
9,75,19.344779905710432
9,76,21.236693666418557
9,77,24.425636293849877
9,78,26.460193503019973
9,79,25.60612213608484
9,80,28.7677162302585
9,81,28.418236187927647
9,82,28.90498859392613
9,83,27.203317455365106
9,84,29.040286884330182
9,85,27.745495145346457
9,86,28.927009475874733
9,87,27.31833617292368
9,88,23.87256895087991
9,89,24.470493569377332
9,90,25.912839512733434
9,91,23.594897454715476
9,92,20.924703352599543
9,93,18.030976480424428
9,94,16.162543274716917
9,95,14.738013453714485
9,96,18.0077774577617
9,97,20.101917198704445
9,98,23.439980462891032
9,99,26.57981255829504
9,100,29.69168993115741
9,101,33.248978537827306
9,102,32.86327924215177
9,103,35.9909708224249
9,104,36.12731363254405
9,105,37.2474869785309
9,106,37.50777620019111
9,107,40.77731613916833
9,108,42.04349594650583
9,109,44.350577649268836
9,110,46.210035597467275
9,111,45.544790405851565
9,112,42.243043971803544
9,113,40.7532212119633
9,114,38.465810478213754
9,115,36.25490195561114
9,116,35.70651456474914
9,117,34.84175488006284
9,118,32.324627780317826
9,119,30.790835159852836
9,120,30.3708000535047
9,121,28.95253589138127
9,122,26.27594136852559
9,123,25.588807208841875
9,124,24.842055493217863
9,125,21.680965050584344
9,126,20.0695607855681
9,127,20.290704491968835
10,1,14.628967647969656
10,2,12.668631443661916
10,3,10.70706400480405
10,4,9.912390371895013
10,5,8.76912237605285
10,6,6.383904969135116
10,7,4.905433407430394
10,8,5.371586682210446
10,9,3.834310049608321
10,11,3.8359481665250437
10,12,5.470016116360467
10,13,4.964218387531642
10,14,5.998652233576145
10,15,8.648780817835213
10,16,9.940024585038724
10,17,10.28187897792317
10,18,12.188587373582637
10,19,14.320026378439069
10,20,15.271835705209304
10,21,16.17470290600918
10,22,18.52831506007408
10,23,20.08473400558585
10,24,20.71621562255869
10,25,22.511205847665188
10,26,24.540334643150878
10,27,25.346836380233608
10,28,26.617857720631747
10,29,28.944765590614246
10,30,30.184408401868406
10,31,30.939235632699646
10,32,32.6087937906381
10,33,34.83958145658394
10,34,35.64101693064856
10,35,36.54624672050681
10,36,38.99176183224154
10,37,40.41290421087694
10,38,39.228763308762005
10,39,37.978205225835346
10,40,34.87262397386846
10,41,34.63003276916448
10,42,31.43979878909461
10,43,32.69188579814976
10,44,33.23894665493461
10,45,35.40500441089963
10,46,32.53355654130457
10,47,29.642837485451896
10,48,27.50496570583333
10,49,23.760829548164878
10,50,23.060516077429117
10,51,24.09035185040698
10,52,22.160174412862766
10,53,24.08577477381681
10,54,22.588610702765347
10,55,19.06665981422342
10,56,20.246999578897665
10,57,20.963588930047443
10,58,24.646395323240636
10,59,26.4908706564539
10,60,26.634233298387862
10,61,23.355729964398073
10,62,22.241846674252567
10,63,18.477114864138116
10,64,18.731246273819497
10,65,18.635237589057873
10,66,15.347559174578539
10,67,13.696169218604796
10,68,11.19959803033935
10,69,14.318013205215268
10,70,16.68474220408248
10,71,14.485258700792926
10,72,14.892350447719114
10,73,18.515603493827772
10,74,19.894854313473132
10,75,18.8883285613483
10,76,21.010352962487996
10,77,24.503529689775277
10,78,26.126867623247076
10,79,24.811662892197067
10,80,27.762844894705335
10,81,26.933759777812973
10,82,27.354775180524243
10,83,25.90310694875183
10,84,27.825856221730227
10,85,26.660774973818704
10,86,28.304796961234903
10,87,26.73040036585908
10,88,23.209023121529988
10,89,24.178314808726373
10,90,26.0024998650733
10,91,23.638883274942856
10,92,21.420262908789635
10,93,18.699948322016176
10,94,16.62116751306871
10,95,15.6688529295094
10,96,18.67479939080697
10,97,21.07400543461041
10,98,24.099117372253616
10,99,26.999192683032756
10,100,30.218078891960257
10,101,33.5964233805853
10,102,32.814730658840126
10,103,35.69173888651403
10,104,35.47725861117919
10,105,36.407117950790976
10,106,36.71300018961396
10,107,39.800250201938645
10,108,40.964218418175996
10,109,43.494161285266266
10,110,45.350296591309615
10,111,44.98357700788915
10,112,41.85605144336194
10,113,40.080437514546
10,114,37.910561713315964
10,115,35.397844695510344
10,116,35.00658475056876
10,117,34.5205447534855
10,118,31.854417312102836
10,119,30.087945636357553
10,120,30.08687253292058
10,121,28.915385250234905
10,122,25.89323076270386
10,123,25.173151483298195
10,124,25.01145641235555
10,125,21.82401886631505
10,126,19.717327879566852
10,127,20.509695690203948
11,1,15.613419516857993
11,2,14.514972086776385
11,3,12.617061158429431
11,4,10.691574283323735
11,5,9.955120645485215
11,6,8.852260872804548
11,7,6.201838515965682
11,8,4.969969908196261
11,9,5.371382952442815
11,10,3.8359481665250437
11,12,3.842755699088373
11,13,5.378228525280653
11,14,4.924035428929056
11,15,6.239192996084359
11,16,8.72918054488725
11,17,9.750873309812887
11,18,10.533139633066416
11,19,12.487572895840684
11,20,14.33659297482482
11,21,15.11091602506974
11,22,16.788300550197352
11,23,18.71013269698784
11,24,19.836938156890927
11,25,21.18556010529585
11,26,22.973028318899104
11,27,24.284866049580963
11,28,25.702837045170064
11,29,27.596454564840748
11,30,28.941886429011465
11,31,30.1325283075434
11,32,31.638931341407105
11,33,33.622873469362744
11,34,34.72628255147993
11,35,35.85617228768838
11,36,38.03028342361711
11,37,39.36114790022458
11,38,37.85333776091139
11,39,36.32096294075377
11,40,33.02445545195561
11,41,32.418295620870644
11,42,29.088036005751253
11,43,29.99725001099853
11,44,30.387841676345815
11,45,32.795087692715896
11,46,30.15928201086937
11,47,27.33653462007714
11,48,24.9138570191006
11,49,21.255736494970893
11,50,20.267300708549723
11,51,21.672027622283597
11,52,20.03971354254491
11,53,22.40927543541354
11,54,20.984504098527452
11,55,17.65823232445441
11,56,19.238546080361843
11,57,19.495443021955925
11,58,23.08954600596308
11,59,24.45789205841318
11,60,24.492744372799006
11,61,21.461759746073845
11,62,20.017273351431193
11,63,16.4323581627897
11,64,16.395768485970763
11,65,15.738579722752696
11,66,12.616365142352409
11,67,11.226368872031154
11,68,8.445113248880158
11,69,11.759378639438054
11,70,13.622065571996364
11,71,10.998669851560892
11,72,11.595658576136747
11,73,15.292838640190332
11,74,16.34553034241503
11,75,15.194185723534947
11,76,17.529984404511428
11,77,20.995579077440134
11,78,22.735939669078427
11,79,21.33529977941108
11,80,24.237220767859192
11,81,23.532582196357332
11,82,24.189972404117977
11,83,22.866617503396384
11,84,25.055157451488636
11,85,24.22313789413488
11,86,25.701211290272138
11,87,23.78382199555912
11,88,20.446724662613345
11,89,21.74961670935358
11,90,23.282890118519042
11,91,20.60660989462914
11,92,18.328311554199672
11,93,15.583487839012268
11,94,13.944737401665881
11,95,13.712374586055669
11,96,16.96690985125745
11,97,18.92189678544177
11,98,21.71377597443043
11,99,24.764933264286032
11,100,27.759802278233973
11,101,31.150705139412572
11,102,30.497531559663706
11,103,33.3150009120886
11,104,32.96261787194236
11,105,34.18778373771087
11,106,34.82437519059874
11,107,38.013200789946055
11,108,39.48142132302935
11,109,42.09717857258249
11,110,44.221225606111076
11,111,43.9310048302373
11,112,40.78088601796311
11,113,38.883834895864474
11,114,36.443428722128324
11,115,34.029507801567384
11,116,33.99394715124463
11,117,33.34016010021282
11,118,30.420949659134685
11,119,29.021565062542976
11,120,29.22670837637453
11,121,27.6709232513472
11,122,24.59829870311469
11,123,24.443730857150577
11,124,24.288301974194972
11,125,20.797644481752915
11,126,19.09661866302606
11,127,20.303927321862414
12,1,16.88843791068737
12,2,15.613358646373237
12,3,14.537004462911462
12,4,12.621383400085474
12,5,10.751471498668518
12,6,10.064475500941063
12,7,8.650023270306985
12,8,6.214090869398248
12,9,4.9924522983005275
12,10,5.470016116360467
12,11,3.842755699088373
12,13,3.8226410246177047
12,14,5.43964507208528
12,15,5.217478624240184
12,16,6.336336902442311
12,17,8.587836521741298
12,18,9.925057161679563
12,19,10.789110083448193
12,20,12.507771218897041
12,21,14.202533456208174
12,22,15.705354438035632
12,23,16.948045195970792
12,24,18.491311227340706
12,25,20.277529607490976
12,26,21.57801662968365
12,27,22.611665698336445
12,28,24.507684066009542
12,29,26.45117700534398
12,30,27.32625296161806
12,31,28.601823944680042
12,32,30.487728847910592
12,33,32.22549222708097
12,34,33.04521721940937
12,35,34.46159710694216
12,36,36.78466329238416
12,37,37.79135473369915
12,38,36.391978362560295
12,39,34.736177776266665
12,40,31.538708893907625
12,41,31.038418463993743
12,42,27.626555978222154
12,43,28.73014076871051
12,44,29.584574288806095
12,45,31.99271930756011
12,46,29.267044190488686
12,47,26.769311001309188
12,48,24.640286828285316
12,49,20.910459503645804
12,50,20.51500138127865
12,51,22.275046093478437
12,52,21.174001672023053
12,53,23.360549370831354
12,54,21.364723752148592
12,55,18.352386386156436
12,56,20.49778589770447
12,57,21.206260486983574
12,58,24.89050080801931
12,59,26.140384583426414
12,60,26.61147149931117
12,61,23.84999599197988
12,62,22.641208896475185
12,63,19.15874571573164
12,64,18.471072764482795
12,65,17.808736824182034
12,66,15.19684741313075
12,67,13.31645251042978
12,68,9.83805336805357
12,69,12.288755587615917
12,70,14.502446941552453
12,71,11.825308079827922
12,72,11.167465326534293
12,73,14.92739381476603
12,74,16.515746964349567
12,75,14.871992030715976
12,76,16.48341654055239
12,77,19.778739624539178
12,78,21.61345463558928
12,79,20.833617892691443
12,80,24.107448171674662
12,81,23.901906230615996
12,82,24.187007256407277
12,83,22.31795302506112
12,84,24.09881638131619
12,85,22.840924219070864
12,86,23.975103357060892
12,87,22.329410900450096
12,88,18.887402256854724
12,89,19.598511966129198
12,90,21.06776875472565
12,91,18.718198126659285
12,92,16.246469100286625
12,93,13.469773008397036
12,94,11.412842048120234
12,95,10.444096168128624
12,96,13.756895358156829
12,97,15.80773557986035
12,98,18.904752565936793
12,99,22.0056466529144
12,100,25.09585912713958
12,101,28.589493131152576
12,102,28.113522603379373
12,103,31.163804890784068
12,104,31.2030843681113
12,105,32.41502018533781
12,106,32.837026635388604
12,107,36.153894367079666
12,108,37.603286519161216
12,109,39.984092839257315
12,110,42.03920633778727
12,111,41.47791530858776
12,112,38.191058186703124
12,113,36.5518277791584
12,114,34.08599260755346
12,115,31.90240820419925
12,116,31.63884730950966
12,117,30.711646306969772
12,118,27.97293723936273
12,119,26.673862614189165
12,120,26.500819195195273
12,121,24.832643653503858
12,122,22.025160368136724
12,123,21.79255537821293
12,124,21.210647187807506
12,125,17.759818825955044
12,126,16.369231698820553
12,127,17.168692966360876
13,1,18.723057365248
13,2,16.770445296941816
13,3,15.37436873496896
13,4,14.324792376448954
13,5,12.459732760387809
13,6,10.615681190467669
13,7,9.637306244006114
13,8,8.551811725325127
13,9,6.067901255132559
13,10,4.964218387531642
13,11,5.378228525280653
13,12,3.8226410246177047
13,14,3.825163438584163
13,15,5.4833216093323065
13,16,5.254489626726877
13,17,6.0511817901852405
13,18,8.583817436824235
13,19,10.0119272907287
13,20,10.64165956900705
13,21,12.192232390281658
13,22,14.500265945283992
13,23,15.543034524271313
13,24,16.405023530795873
13,25,18.54143733523465
13,26,20.239727743228233
13,27,20.826644312806614
13,28,22.427986883034375
13,29,24.791707815335084
13,30,25.707015892286122
13,31,26.52772919670666
13,32,28.456795694767745
13,33,30.504384723827943
13,34,31.13136652919632
13,35,32.25002050629297
13,36,34.77597508874118
13,37,35.969378161811235
13,38,34.85573939457939
13,39,33.555664185281444
13,40,30.54882380957873
13,41,30.47559043562219
13,42,27.30765883022838
13,43,28.845869790556435
13,44,29.78004280265933
13,45,31.801230841257613
13,46,28.77145732161454
13,47,26.11851303085716
13,48,24.348936548706213
13,49,20.526330366092672
13,50,20.508779270099733
13,51,21.743640498068917
13,52,20.3599588088363
13,53,22.00555753938847
13,54,19.85434742892433
13,55,16.686419605809558
13,56,18.586662045005824
13,57,19.8725506882199
13,58,23.675279271997773
13,59,25.389227808543605
13,60,26.193798988733793
13,61,23.29771203919082
13,62,22.65647216181505
13,63,19.00964104710735
13,64,18.25620362240211
13,65,18.394066947175777
13,66,15.82173140228965
13,67,13.264886296604875
13,68,9.97257681269808
13,69,12.02187527998943
13,70,14.995290822898049
13,71,13.157239423273762
13,72,12.361183769673076
13,73,15.826726928316468
13,74,17.98544918963445
13,75,17.001642140302028
13,76,18.33993084332623
13,77,21.834039048681745
13,78,23.14247256602283
13,79,22.248000641455747
13,80,25.494182202501023
13,81,24.951454740738956
13,82,24.79223431111234
13,83,22.80875757420735
13,84,24.245915155476577
13,85,22.64222094280341
13,86,24.217552059484113
13,87,23.047443546745924
13,88,19.36652168447363
13,89,19.89605858683811
13,90,21.97516282433855
13,91,20.052339604163787
13,92,18.1201295217033
13,93,15.67021741000506
13,94,12.921035828543886
13,95,11.561739953485256
13,96,14.1381208977099
13,97,16.91725760588866
13,98,19.91294594551221
13,99,22.570018776604872
13,100,25.96047300584617
13,101,29.25674496351731
13,102,28.351822585938855
13,103,31.282929548367534
13,104,31.272457773354674
13,105,32.042103107962554
13,106,32.13585489499672
13,107,35.250181538034134
13,108,36.353988237654015
13,109,38.7626265932983
13,110,40.57547005708796
13,111,40.10684868418107
13,112,36.94163684549589
13,113,35.24811644471451
13,114,33.099696996456075
13,115,30.66067533940463
13,116,30.160207766562568
13,117,29.605916953454614
13,118,27.018947818728037
13,119,25.243921042482107
13,120,25.14074357074807
13,121,23.991963677355034
13,122,21.01439990885538
13,123,20.239786479923076
13,124,20.056870022845416
13,125,16.891422871082213
13,126,14.76679616019083
13,127,15.623666544425133
14,1,20.14503773903382
14,2,18.545682811932036
14,3,16.5081606327162
14,4,15.221110194448746
14,5,14.240612760237449
14,6,12.350384576499277
14,7,10.253197509871063
14,8,9.639501962812554
14,9,8.470909285026487
14,10,5.998652233576145
14,11,4.924035428929056
14,12,5.43964507208528
14,13,3.825163438584163
14,15,3.8352606829875975
14,16,5.617142741216817
14,17,5.129701159325217
14,18,6.2315748507682995
14,19,8.824092902515154
14,20,10.032914667628521
14,21,10.438648753229755
14,22,12.625788530729924
14,23,14.532884321182468
14,24,15.191335306091881
14,25,16.662043521801152
14,26,18.736776648525474
14,27,19.834693728500277
14,28,21.020197213303717
14,29,23.12889712586137
14,30,24.551950465792938
14,31,25.49839815555194
14,32,26.971405168594732
14,33,29.135725594683255
14,34,30.18542772974561
14,35,31.134926957268355
14,36,33.3776977906897
14,37,34.83722239740743
