1,2,3.8468560298622583
1,3,6.550612871732514
1,4,9.594122892969066
1,5,12.798012084993754
1,6,15.4905413691525
1,7,19.07423757391599
1,8,22.176651116266722
1,9,25.331594580096116
1,10,28.912206595303292
1,11,31.30917851795618
1,12,33.806375599202845
1,13,30.470350124109558
1,14,27.355186236354005
1,15,24.08355493385916
1,16,20.572456530726363
1,17,18.059158349030724
1,18,14.270815596166555
1,19,13.03103850423467
1,20,10.413954589791924
1,21,7.473563827782809
1,22,5.247007081481331
1,23,6.236407526438569
1,24,9.805067994240433
1,25,10.875285986297465
1,26,11.919391645730215
1,27,15.125191798340598
1,28,17.173907038637008
1,29,20.860910524440026
1,30,23.818360038725523
1,31,25.907888181907452
1,32,29.551884980662255
1,33,30.484865843274214
1,34,27.297843647059402
1,35,28.352203272449827
1,36,25.832727828617774
1,37,27.593637392676314
1,38,28.33316969117044
1,39,26.413238116179343
1,40,29.761032950130154
1,41,30.362602381172454
1,42,27.18499215689617
1,43,26.343396902366123
1,44,23.059036147135213
1,45,21.10338013433505
1,46,19.57254623610098
1,47,15.834336170713826
1,48,16.209890658379624
1,49,14.466549229491324
1,50,15.15579681902657
1,51,16.032853556110794
1,52,13.338025273501858
1,53,10.819770424658593
1,54,9.39771351826929
1,55,11.341576798765388
1,56,13.833768894389278
1,57,16.28204215815524
1,58,18.960668266205968
1,59,21.56013416991105
1,60,25.06467073887608
1,61,28.15797778242175
1,62,31.724097071792492
1,63,33.41262407367032
1,64,36.76609099089016
1,65,37.61005051504962
1,66,37.47642970888475
1,67,34.95017763847661
1,68,31.866541032055665
1,69,31.688858977867174
1,70,31.326203044310564
1,71,28.16840768820647
1,72,24.537732967203343
1,73,21.213990562284234
1,74,18.951955059927954
1,75,15.195681469168875
1,76,12.988997099435343
1,77,9.333425115896494
1,78,7.414689979140178
1,79,10.515161131364668
1,80,11.016825722290292
1,81,13.83139464875076
1,82,16.130418272560757
1,83,19.5277389446564
1,84,20.975436490435897
1,85,24.697134769201654
1,86,26.578896803025394
1,87,27.42267564076461
1,88,31.12798326654581
2,1,3.8468560298622583
2,3,3.8114982453014536
2,4,6.552326879333282
2,5,9.298714593239671
2,6,12.38051463046727
2,7,15.780080826064152
2,8,19.105496608334338
2,9,22.123764292997524
2,10,25.80735760951797
2,11,28.184041154233235
2,12,31.051501016602526
2,13,27.789946217074082
2,14,24.654356367820927
2,15,21.35938448844147
2,16,17.90906082769846
2,17,15.170778984153666
2,18,11.473961595456206
2,19,9.818869781625605
2,20,7.091435038262609
2,21,4.890742199081986
2,22,4.821221342834515
2,23,7.271327422110185
2,24,9.916623389275985
2,25,11.509452032389863
2,26,11.66336037552924
2,27,14.676727420725975
2,28,15.90818077418435
2,29,19.539369537363974
2,30,22.156428721651785
2,31,24.4574626296377
2,32,27.98461153916531
2,33,29.039574108681506
2,34,26.148524051797335
2,35,27.437108639055747
2,36,24.969216191698152
2,37,26.51549461761165
2,38,27.554706654906163
2,39,25.616032547405286
2,40,28.781342735241402
2,41,28.992654941946935
2,42,25.604652136912755
2,43,24.58795971655244
2,44,21.47807787048795
2,45,19.32447570247331
2,46,18.256849777130242
2,47,14.652578554288517
2,48,14.759150783684918
2,49,13.04853823768394
2,50,12.946686394933204
2,51,14.203954787896503
2,52,11.326707412844456
2,53,9.728188233719523
2,54,7.594712117195074
2,55,9.483957150652577
2,56,11.441678939354327
2,57,14.160864062288796
2,58,16.67225822767784
2,59,19.531646144730246
2,60,22.824165988419967
2,61,26.046498748678015
2,62,29.45189982931699
2,63,31.09473004766396
2,64,34.32953584754637
2,65,34.923858270948564
2,66,34.86994229987677
2,67,32.58798446524645
2,68,29.327446883363766
2,69,29.312231533123196
2,70,29.30215341834998
2,71,26.0781608727075
2,72,22.49623710711813
2,73,19.206718972829186
2,74,17.50071874507296
2,75,13.88349810805804
2,76,12.609667317355068
2,77,9.325013472735781
2,78,8.895760520240609
2,79,11.874010051875995
2,80,11.153484558569668
2,81,13.178488445211558
2,82,14.648125600421771
2,83,17.754359059867813
2,84,18.594871848856965
2,85,22.184018607410707
2,86,23.792510757764383
2,87,24.325184284350183
2,88,27.996302934182413
3,1,6.550612871732514
3,2,3.8114982453014536
3,4,3.7933821084541446
3,5,6.635735603508297
3,6,9.229630942336312
3,7,12.849354252347469
3,8,16.024463737975424
3,9,19.304969194255662
3,10,22.895731117179636
3,11,25.558807015464836
3,12,28.178181588247046
3,13,25.081955604652915
3,14,21.74258291387059
3,15,18.70211232791971
3,16,15.07471208394245
3,17,12.822662528843555
3,18,9.217423325015934
3,19,8.583107555587377
3,20,7.2362366532550135
3,21,5.120331510164885
3,22,6.8038230951850895
3,23,8.923860383868407
3,24,10.659413230103041
3,25,11.395039815678503
3,26,10.30205673985695
3,27,12.56437282119625
3,28,13.307485558027446
3,29,16.712964019028334
3,30,19.042733604018697
3,31,21.139701244966425
3,32,24.564358811871145
3,33,25.461819664356486
3,34,22.65206045636252
3,35,24.1808728633838
3,36,21.94719078321339
3,37,23.657478151742303
3,38,25.073889866282528
3,39,23.48937218005134
3,40,26.70804970304592
3,41,26.554996074953873
3,42,23.240557156905346
3,43,22.606964265601874
3,44,19.836428272481267
3,45,18.133544363293606
3,46,17.750091625231438
3,47,14.500939796891585
3,48,15.289219986436128
3,49,14.421360361573814
3,50,14.235719368290093
3,51,16.264395018909788
3,52,13.717565520806394
3,53,12.583522304548525
3,54,9.639686099422596
3,55,10.260482700852657
3,56,10.989450137426058
3,57,12.993023962515151
3,58,14.766563545258862
3,59,17.251135609710452
3,60,20.335936377955644
3,61,23.339253220987224
3,62,26.674581103031834
3,63,28.022135278869303
3,64,31.159518916296665
3,65,31.668735650697705
3,66,31.40981306303426
3,67,29.108213842902632
3,68,25.83489568514734
3,69,25.64184726358989
3,70,25.669751810302863
3,71,22.551435685860515
3,72,18.91051585153642
3,73,15.780301294040944
3,74,14.102477893996463
3,75,10.674638371866893
3,76,9.907027787902692
3,77,7.326632590299725
3,78,8.067772592880715
3,79,10.33944729372833
3,80,8.568859667653177
3,81,9.915754814209809
3,82,10.95231423472314
3,83,14.007062513963636
3,84,14.867687517524917
3,85,18.50450514914166
3,86,20.316290248054152
3,87,20.94253293490842
3,88,24.62094225446465
4,1,9.594122892969066
4,2,6.552326879333282
4,3,3.7933821084541446
4,5,3.772356806185227
4,6,5.9598967879226485
4,7,9.498518772077887
4,8,12.622679013912801
4,9,15.767132308927593
4,10,19.371966356317554
4,11,21.89229291629329
4,12,24.589190268523712
4,13,21.42647356892267
4,14,18.177950801312075
4,15,15.017292183932575
4,16,11.478209707463249
4,17,9.040019828839934
4,18,5.476080068543159
4,19,5.28566127310585
4,20,5.509247761833344
4,21,4.415023619135798
4,22,7.684235734448344
4,23,9.78621386177658
4,24,10.14127815798897
4,25,11.017178649575074
4,26,9.160864721288476
4,27,11.016073414819026
4,28,10.845043693790142
4,29,14.134535202077101
4,30,16.255507388642872
4,31,18.737950302031024
4,32,22.110706980760707
4,33,23.40760404723861
4,34,20.897144395412543
4,35,22.2869307965322
4,36,19.89584985157443
4,37,21.16465499126265
4,38,22.634325063459336
4,39,20.92113949620519
4,40,23.89332892331757
4,41,23.52271740576996
4,42,20.061132518229027
4,43,19.245299374644635
4,44,16.631716302552427
4,45,14.89883835611775
4,46,15.004655582041494
4,47,12.162051952729627
4,48,13.092244395222023
4,49,12.891521383567211
4,50,12.529564815109111
4,51,15.251952027559803
4,52,13.34984895909665
4,53,12.7341948533687
4,54,9.198146060078486
4,55,8.591550064088066
4,56,8.121069983511964
4,57,9.752682630442736
4,58,11.203588485722157
4,59,13.81827797244478
4,60,16.78419853743318
4,61,19.912370109444293
4,62,23.180697103204118
4,63,24.670352165351552
4,64,27.832449761077957
4,65,28.372677551598546
4,66,28.377316471218137
4,67,26.150023694350477
4,68,22.8670485410399
4,69,23.07944325346076
4,70,23.167372345862077
4,71,19.83514666666754
4,72,16.382369639245972
4,73,13.082696369189627
4,74,12.090405106796107
4,75,8.918763365851575
4,76,9.397359109880524
4,77,7.715540265371263
4,78,9.936151828244176
4,79,12.171204979124367
4,80,10.055031993362146
4,81,10.033412978147338
4,82,10.16945413171173
4,83,12.437179334042861
4,84,12.618221672110687
4,85,16.026953473869195
4,86,17.36452657764881
4,87,18.108386300870624
4,88,21.8456260002984
5,1,12.798012084993754
5,2,9.298714593239671
5,3,6.635735603508297
5,4,3.772356806185227
5,6,3.8174841927546335
5,7,6.634185209488375
5,8,10.221864713537707
5,9,13.14644420241491
5,10,16.883845357354936
5,11,19.476693942923962
5,12,22.694543292444624
5,13,19.78759521040469
5,14,16.500835602301766
5,15,13.541091368663032
5,16,10.273845567813538
5,17,7.849567020399289
5,18,5.467804496009653
5,19,5.0709966617841875
5,20,6.33672707752844
5,21,7.352575913927798
5,22,10.990883052099722
5,23,13.327363547887618
5,24,13.384177116284835
5,25,14.44424181394682
5,26,12.239396002750848
5,27,13.443715270891246
5,28,12.258069902278084
5,29,14.940785602351744
5,30,16.279447705483985
5,31,18.770915744777856
5,32,21.768355132597062
5,33,23.047366608845962
5,34,21.036577398549742
5,35,22.77262220713014
5,36,20.688978097752955
5,37,21.73081262784084
5,38,23.58991434482108
5,39,22.050296873014997
5,40,24.693518580098537
5,41,23.787646898089076
5,42,20.246569873409953
5,43,19.3502546076681
5,44,17.234766447819535
5,45,15.485287714677973
5,46,16.289207535994954
5,47,13.998075091486287
5,48,14.542386368546344
5,49,14.43582077093027
5,50,13.187242200639014
5,51,15.987765437325878
5,52,14.14010224456063
5,53,14.513431308999373
5,54,11.169439874661776
5,55,10.510708368715644
5,56,9.106578336406995
5,57,10.557921840994853
5,58,11.218232196760844
5,59,13.834836874310778
5,60,16.15076770556998
5,61,19.240123379854026
5,62,22.122774747061708
5,63,23.38238283718195
5,64,26.259529913469805
5,65,26.359642452520063
5,66,26.36783895827874
5,67,24.545345065906716
5,68,21.03013958675203
5,69,21.35970248225765
5,70,22.023353392785854
5,71,18.788905531307705
5,72,15.540159021123335
5,73,12.668573312647107
5,74,12.670751423252234
5,75,10.374262622759941
5,76,11.935698126339346
5,77,11.05638777724489
5,78,13.484855506160613
5,79,15.285940313919465
5,80,12.575392424759164
5,81,11.835554580201164
5,82,10.733806086797445
5,83,12.203616140466236
5,84,11.300086864958253
5,85,14.273366432209253
5,86,15.198393742579963
5,87,15.312444953169424
5,88,18.94637507347697
6,1,15.4905413691525
6,2,12.38051463046727
6,3,9.229630942336312
6,4,5.9598967879226485
6,5,3.8174841927546335
6,7,3.803926762620991
6,8,6.811907574293266
6,9,10.160005953757123
6,10,13.704485017949176
6,11,16.55604687869645
6,12,19.29136798674136
6,13,16.480429049173903
6,14,13.014230683413082
6,15,10.338970015258763
6,16,6.912784203365583
6,17,5.601524321029068
6,18,4.595612349525837
6,19,6.570406133880511
6,20,9.251835768827778
6,21,9.809182396779212
6,22,13.350705507260551
6,23,15.188317406852931
6,24,14.522823936144944
6,25,14.875612494745567
6,26,11.912827766959635
6,27,12.034214853132978
6,28,9.950123503913682
6,29,11.965352080911938
6,30,12.790616107231678
6,31,15.247363362738573
6,32,18.096250483321924
6,33,19.49308170679295
6,34,17.725002479249746
6,35,19.46566577683442
6,36,17.525008911985886
6,37,18.44056120281286
6,38,20.581502431505427
6,39,19.35977623862268
6,40,21.884462229638554
6,41,20.61399638339249
6,42,17.197486478069003
6,43,16.703272754413508
6,44,15.111557590888543
6,45,14.048015426733437
6,46,15.61550588599363
6,47,14.036713516735391
6,48,15.283762554579894
6,49,16.088674004167213
6,50,15.223739577772028
6,51,18.479447691826685
6,52,17.187962391207357
6,53,17.441247281566667
6,54,13.840869966131423
6,55,12.240356828489919
6,56,9.872672354462447
6,57,9.90134909336972
6,58,9.2713083338195
6,59,11.11906105265523
6,60,13.028571751463227
6,61,15.83100001921655
6,62,18.637956451756516
6,63,19.69619480631717
6,64,22.563341860437802
6,65,22.7449942642269
6,66,22.7082090057134
6,67,20.770524927541697
6,68,17.307587215867663
6,69,17.724880004884763
6,70,18.292380079096233
6,71,15.002943695691712
6,72,11.85237486678551
6,73,9.070382581664958
6,74,9.722870874749987
6,75,8.318577273311448
6,76,10.95933388960101
6,77,11.29744335041226
6,78,14.446722184372108
6,79,15.6942011806077
6,80,12.747578431554087
6,81,10.889417853904337
6,82,8.955976207141756
6,83,9.39078468735038
6,84,7.962445815053791
6,85,10.758019915431685
6,86,11.599202909683989
6,87,12.210504452350708
6,88,15.958227507057515
7,1,19.07423757391599
7,2,15.780080826064152
7,3,12.849354252347469
7,4,9.498518772077887
7,5,6.634185209488375
7,6,3.803926762620991
7,8,3.7807513521791583
7,9,6.621683300818097
7,10,10.300926754865007
7,11,13.133854294200146
7,12,16.374403895450417
7,13,13.827727127874248
7,14,10.4933966641689
7,15,8.184071937652337
7,16,5.779618929896624
7,17,5.2507193237290535
7,18,6.67672926334473
7,19,8.391203966236414
7,20,11.537254848732866
7,21,12.918373093075816
7,22,16.603264257865177
7,23,18.486372269293852
7,24,17.422786238097856
7,25,17.939012356854818
7,26,14.912678800778863
7,27,14.61598556941925
7,28,11.803048863072448
7,29,12.920797523837104
7,30,12.793102113940574
7,31,15.313394148127346
7,32,17.595514063357605
7,33,19.216309127317228
7,34,18.167151221781687
7,35,19.93896541283005
7,36,18.24273122443841
7,37,18.612379214678597
7,38,20.94837515855775
7,39,19.84107756693427
7,40,21.82092218265353
7,41,20.039801793063535
7,42,16.65287139692074
7,43,16.020342550063035
7,44,15.12855675961605
7,45,14.206198876368253
7,46,16.454961592849696
7,47,15.622082585062971
7,48,16.606735435571323
7,49,17.713197981160835
7,50,16.422868463074774
7,51,19.76227355666436
7,52,18.874104622029485
7,53,19.708501626804615
7,54,16.25724671720702
7,55,14.406855208696292
7,56,11.431038260370903
7,57,10.970226511842196
7,58,9.405572155433509
7,59,10.881884988020069
7,60,11.746460038546159
7,61,14.373826513630243
7,62,16.618883603856297
7,63,17.534128483407002
7,64,20.10294372137073
7,65,19.92094334073118
7,66,20.11969983136258
7,67,18.636069587027894
7,68,15.04662861399958
7,69,15.960625865409732
7,70,17.062056635393116
7,71,13.854710344828863
7,72,11.39068323650221
7,73,9.33902232155421
7,74,11.32618011647748
7,75,11.004135005829985
7,76,14.178181308177907
7,77,14.906672405379052
7,78,18.188161507624105
7,79,19.347041010644656
7,80,16.31886953015473
7,81,14.0684755996085
7,82,11.526668374173122
7,83,10.79919254901956
7,84,8.080263884109764
7,85,9.57876344182264
7,86,9.265454738895565
7,87,9.344546578519408
7,88,12.969949461827555
8,1,22.176651116266722
8,2,19.105496608334338
8,3,16.024463737975424
8,4,12.622679013912801
8,5,10.221864713537707
8,6,6.811907574293266
8,7,3.7807513521791583
8,9,3.8044792711149085
8,10,6.9614660810291245
8,11,10.147623192955855
8,12,12.795800333513082
8,13,10.48484288289802
8,14,6.990018479753144
8,15,5.616628201698531
8,16,4.422121991414565
8,17,6.279022683759247
8,18,8.94885852834146
8,19,11.395407113047591
8,20,14.862347625513975
8,21,15.966429240143738
8,22,19.50357529778681
8,23,21.055828424853367
8,24,19.53727292865048
8,25,19.60429886116542
8,26,16.27843749376059
8,27,15.15893262876725
8,28,11.747837349168691
8,29,11.720553476470846
8,30,10.602395892530062
8,31,12.974493224040017
8,32,14.744785575445324
8,33,16.614000126351666
8,34,16.14910948863969
8,35,17.78376810524824
8,36,16.35846169706957
8,37,16.321864803237258
8,38,18.896580269009444
8,39,18.175794663905148
8,40,19.76567857549986
8,41,17.490430145177502
8,42,14.389915223926387
8,43,14.194912670539638
8,44,14.177783418970732
8,45,14.07330245251894
8,46,16.968773993278628
8,47,16.907708320283994
8,48,18.310956863348448
8,49,20.032893435278474
8,50,19.04902464468185
8,51,22.583710968655872
8,52,22.099303760461723
8,53,22.839332965142344
8,54,19.303296710391738
8,55,16.971449489797163
8,56,13.62362925205067
8,57,12.160487555620415
8,58,9.48683447733417
8,59,9.675858848271568
8,60,9.408200913421837
8,61,11.397329604564355
8,62,13.242317303915787
8,63,13.863075534932051
8,64,16.33319900656473
8,65,16.181244338081065
8,66,16.4777124518002
8,67,14.989632743918134
8,68,11.467733746085878
8,69,12.82571489694141
8,70,13.93651734621662
8,71,10.73771725747142
8,72,8.999026080030344
8,73,7.73370443360072
8,74,10.7790698733327
8,75,11.655324749873385
8,76,15.303434053348148
8,77,16.788572643870587
8,78,20.350128833283865
8,79,21.149237443194412
8,80,18.158350686242564
8,81,15.313139688295072
8,82,12.42476356261252
8,83,10.557524053305242
8,84,7.286584472552604
8,85,7.408444730384606
8,86,6.053216716809449
8,87,6.906118425657467
8,88,10.444841893168105
9,1,25.331594580096116
9,2,22.123764292997524
9,3,19.304969194255662
9,4,15.767132308927593
9,5,13.14644420241491
9,6,10.160005953757123
9,7,6.621683300818097
9,8,3.8044792711149085
9,10,3.8307868104664182
9,11,6.59097451555589
9,12,10.245079862628588
9,13,8.273154300129931
9,14,5.69244774823457
9,15,5.302303167781507
9,16,6.580546341107629
9,17,8.229931180963131
9,18,11.596686448238938
9,19,13.544825529115416
9,20,17.08403920495236
9,21,18.69603175579916
9,22,22.285122146191203
9,23,23.873496621128034
9,24,22.061290532007153
9,25,22.401198752536384
9,26,19.244611104929835
9,27,18.141459374162885
9,28,14.566758053846238
9,29,14.10860543045103
9,30,12.51404032138693
9,31,14.912338525220106
9,32,16.051767192497906
9,33,18.23459929012605
9,34,18.426911922048415
9,35,19.780448313679326
9,36,18.45010268200439
9,37,17.727669702924167
9,38,20.135316191482904
9,39,19.34240717307394
9,40,20.237685779092452
9,41,17.6628121123545
9,42,14.716281671673618
9,43,14.136559193180565
9,44,14.778846537619593
9,45,14.675315210466636
9,46,17.910960943554485
9,47,18.469258094685653
9,48,19.507121678091412
9,49,21.399587026469305
9,50,20.152532443431
9,51,23.635857199059238
9,52,23.581563852206443
9,53,24.726261445468253
9,54,21.392569113832756
9,55,18.9282729801306
9,56,15.352599747242914
9,57,13.733137959175169
9,58,10.811309284126478
9,59,10.783525336768944
9,60,9.387460292481242
9,61,11.032291348188018
9,62,11.953954713695316
9,63,12.647158444945049
9,64,14.70290784216007
9,65,14.211503680228315
9,66,15.162815012744197
9,67,14.34990700341201
9,68,11.047084144141207
9,69,13.286718729606976
9,70,14.78296074796661
9,71,11.89126773634298
9,72,11.2934293658173
9,73,10.668257495314492
9,74,14.085016694749221
9,75,15.175853393198048
9,76,18.842199801566082
9,77,20.269000788117523
9,78,23.86121644515118
9,79,24.82947950432483
9,80,21.92143870999333
9,81,19.079177398096856
9,82,16.190073155411717
9,83,14.079959321382146
9,84,10.643942509985212
9,85,9.676265913154785
9,86,6.869126856875972
9,87,6.9814879709435615
9,88,9.579290766000117
10,1,28.912206595303292
10,2,25.80735760951797
10,3,22.895731117179636
10,4,19.371966356317554
10,5,16.883845357354936
10,6,13.704485017949176
10,7,10.300926754865007
10,8,6.9614660810291245
10,9,3.8307868104664182
10,11,3.8264654767726753
10,12,6.841958900466369
10,13,6.02584734243081
10,14,4.648589539793259
10,15,6.660466417079229
10,16,9.146938518011048
10,17,11.516829326435891
10,18,15.03511507341277
10,19,17.207718467086842
10,20,20.816797499669086
10,21,22.302398154228047
10,22,25.80603089470963
10,23,27.21942751595194
10,24,25.18270322980989
10,25,25.260184033727143
10,26,21.998271422040578
10,27,20.42823896413147
10,28,16.675642598310855
10,29,15.394850118737434
10,30,13.026785655785249
10,31,14.925598971924844
10,32,15.189658620909142
10,33,17.473437494386214
10,34,18.42794223207572
10,35,19.576905751255953
10,36,18.672800868377266
10,37,17.497447213098518
10,38,19.988340218568787
10,39,19.630221579818254
10,40,19.936868923602578
10,41,16.880416959174372
10,42,14.548850773424887
10,43,14.3932932351088
10,44,15.954754259221914
10,45,16.513038946596378
10,46,20.053080084028963
10,47,21.15362143180405
10,48,22.375548295288123
10,49,24.584858339175458
10,50,23.495294975176215
10,51,27.01301815836985
10,52,27.193593557800252
10,53,28.322514600813204
10,54,24.98351313692294
10,55,22.320244948292814
10,56,18.646348952337814
10,57,16.590367654278936
10,58,13.276602654896958
10,59,12.31896378313336
10,60,9.795676911636356
10,61,10.175106412724922
10,62,9.871253059630405
10,63,9.94513652975902
10,64,11.39072226983498
10,65,10.599121076272525
10,66,11.958834859478115
10,67,11.638151357262538
10,68,8.786723640458098
10,69,11.748551711826018
10,70,13.396938647018434
10,71,11.080262854923186
10,72,11.739477132888627
10,73,12.116437343563138
10,74,15.862968931048396
10,75,17.636392801490583
10,76,21.421634735938426
10,77,23.251109738530076
10,78,26.942701058216883
10,79,27.660309081455452
10,80,24.779551769580404
10,81,21.649416188932637
10,82,18.619781207960017
10,83,15.944401423950735
10,84,12.507084715161078
10,85,10.448400761860444
10,86,6.8252476058285705
10,87,7.200433847567239
10,88,8.456425072299151
11,1,31.30917851795618
11,2,28.184041154233235
11,3,25.558807015464836
11,4,21.89229291629329
11,5,19.476693942923962
11,6,16.55604687869645
11,7,13.133854294200146
11,8,10.147623192955855
11,9,6.59097451555589
11,10,3.8264654767726753
11,12,5.59854571626585
11,13,5.243495130264719
11,14,6.327772425688648
11,15,8.183456028170667
11,16,11.484389463671226
11,17,13.39733081599676
11,18,17.14101283952822
11,19,18.989325967009894
11,20,22.599914441574267
11,21,24.337793135595987
11,22,27.77237791439035
11,23,29.120592976995006
11,24,26.775559090797497
11,25,27.090909815595662
11,26,24.07816074922578
11,27,22.643434681448774
11,28,18.913201388122655
11,29,17.5753076215663
11,30,15.32471281489937
11,31,17.44406216581189
11,32,17.52589924715626
11,33,20.17203510797186
11,34,21.322799554454328
11,35,21.989018912223408
11,36,20.88463294253921
11,37,19.098060056654006
11,38,21.102376066264227
11,39,20.460365917769373
11,40,20.105240190694584
11,41,17.106616887468185
11,42,14.97009554384434
11,43,14.259864972038569
11,44,16.226114556742402
11,45,16.717246218472457
11,46,20.32535096512271
11,47,21.959269647881076
11,48,22.881735534996857
11,49,25.266009921177922
11,50,24.146141566830106
11,51,27.57627026809868
11,52,28.235187323913966
11,53,29.55621922830385
11,54,26.422184383343616
11,55,23.601777548900504
11,56,19.859678664359475
11,57,17.68409971313844
11,58,14.437087632009492
11,59,13.4747900194172
11,60,10.506351020729891
11,61,10.694371301121251
11,62,9.550702603613058
11,63,10.239169312822423
11,64,11.317712546184113
11,65,10.68193244292702
11,66,13.084597122739872
11,67,13.255888835508811
11,68,11.246550468662752
11,69,14.671986819088097
11,70,16.081215205219348
11,71,13.917275538801173
11,72,15.007428001616221
11,73,15.18927041135731
11,74,18.902552861238256
11,75,20.523208335503465
11,76,24.22712808142744
11,77,25.898729921975644
11,78,29.612672374291435
11,79,30.602259607263704
11,80,27.921163202930636
11,81,24.88404935505935
11,82,22.059423031254454
11,83,19.48133590383444
11,84,16.17402652885133
11,85,14.195068304088881
11,86,10.555238435012395
11,87,10.824119040493708
11,88,11.399694933573578
12,1,33.806375599202845
12,2,31.051501016602526
12,3,28.178181588247046
12,4,24.589190268523712
12,5,22.694543292444624
12,6,19.29136798674136
12,7,16.374403895450417
12,8,12.795800333513082
12,9,10.245079862628588
12,10,6.841958900466369
12,11,5.59854571626585
12,13,3.828782805689388
12,14,6.483495532680444
12,15,9.851747509101255
12,16,13.236290284086662
12,17,16.12228304030169
12,18,19.73943253556195
12,19,22.301637057476796
12,20,26.0606926218658
12,21,27.142672068451912
12,22,30.312171518793757
12,23,31.232593745134007
12,24,28.64011716379117
12,25,28.275160628956787
12,26,25.0779616794296
12,27,22.903186428467745
12,28,19.15389745080668
12,29,16.8084197058761
12,30,13.883104763695089
12,31,15.227187561078727
12,32,14.381551960645853
12,33,17.221376439446807
12,34,19.00648587339155
12,35,19.10551185023544
12,36,18.46086763677345
12,37,16.199089922216412
12,38,18.18840213695185
12,39,18.307619054277932
12,40,17.390793756934542
12,41,13.896776545804551
12,42,12.921020098893774
12,43,13.374983109642018
12,44,16.304115582273848
12,45,17.97333455952626
12,46,21.734993469673086
12,47,23.79388448498111
12,48,25.414794260918278
12,49,28.279026247495782
12,50,27.794771922414405
12,51,31.42718794668773
12,52,32.175904474284174
12,53,32.99904328136095
12,54,29.64494995348808
12,55,26.487521485651406
12,56,22.73696730247141
12,57,19.888737161797053
12,58,16.227815338238127
12,59,13.975326067927691
12,60,10.292426285161177
12,61,8.471765248709769
12,62,5.670180230094719
12,63,5.306632794406679
12,64,5.975872038619068
12,65,6.493230531009119
12,66,9.583519966179244
12,67,9.392575679597249
12,68,8.901914944907844
12,69,12.719577031563698
12,70,13.269481234664054
12,71,11.766146681879649
12,72,14.08775283511099
12,73,15.089724753306665
12,74,18.77421631056623
12,75,21.15724438331699
12,76,24.84421104209041
12,77,27.13486931457712
12,78,30.945683103010246
12,79,31.48429603135552
12,80,29.013166739933492
12,81,25.631005562299897
12,82,22.894980509748777
12,83,19.8170248401104
12,84,17.021015792072994
12,85,14.514344141038594
12,86,11.128607536662662
12,87,12.693137296146633
12,88,12.776633162632368
13,1,30.470350124109558
13,2,27.789946217074082
13,3,25.081955604652915
13,4,21.42647356892267
13,5,19.78759521040469
13,6,16.480429049173903
13,7,13.827727127874248
13,8,10.48484288289802
13,9,8.273154300129931
13,10,6.02584734243081
13,11,5.243495130264719
13,12,3.828782805689388
13,14,3.796342551690871
13,15,6.4310983567467845
13,16,10.032841456043787
13,17,12.738015379901446
13,18,16.359859878518343
13,19,18.92956820559544
13,20,22.699989797007465
13,21,23.69713673549491
13,22,26.772577078485366
13,23,27.624860615991324
13,24,24.934318583584187
13,25,24.677211817494978
13,26,21.60629352705089
13,27,19.644355866460792
13,28,15.932972062841483
13,29,13.926368021371013
13,30,11.524303611243665
13,31,13.68196709691679
13,32,13.79469016772923
13,33,17.00260085560771
13,34,18.03872057080967
13,35,17.98122484075898
13,36,16.64355289201733
13,37,14.364472878848023
13,38,16.107118444812567
13,39,15.618162335467272
13,40,15.036421795714869
13,41,11.900756984572345
13,42,10.075941245668451
13,43,10.001467173034275
13,44,12.64752110346168
13,45,14.16703707591215
13,46,17.928549028816093
13,47,19.97096046896182
13,48,21.62138883377786
13,49,24.546854524645017
13,50,24.226143427823448
13,51,27.906516099980742
13,52,28.73410337010565
13,53,29.411258560853287
13,54,26.062112456065677
13,55,22.81023715886415
13,56,19.07047302034102
13,57,16.126621208219316
13,58,12.479598730236376
13,59,10.304782126073402
13,60,6.656756012631044
13,61,5.707517820830301
13,62,4.445397993415441
13,63,6.233519998429422
13,64,8.686845540487239
13,65,9.873670907059257
13,66,12.382789484220863
13,67,11.257157324404078
13,68,9.979843961774227
13,69,13.563699081839234
13,70,13.69614274663606
13,71,11.20216550299282
13,72,12.690292707632338
13,73,12.772337376740923
13,74,16.32927471624937
13,75,18.290808536675176
13,76,21.882853336333888
13,77,23.950090255787067
13,78,27.75488694061032
13,79,28.56150449557854
13,80,26.269782868265832
13,81,23.066680646065752
13,82,20.621279251083003
13,83,17.902503579873162
13,84,15.285902650795963
13,85,13.528506005991847
13,86,10.425468210239737
13,87,12.409318689877713
13,88,13.584600011950691
14,1,27.355186236354005
14,2,24.654356367820927
14,3,21.74258291387059
14,4,18.177950801312075
14,5,16.500835602301766
14,6,13.014230683413082
14,7,10.4933966641689
14,8,6.990018479753144
14,9,5.69244774823457
14,10,4.648589539793259
14,11,6.327772425688648
14,12,6.483495532680444
14,13,3.796342551690871
14,15,3.8127022095940615
14,16,6.788466179862114
14,17,9.95634294087079
14,18,13.413850788925357
14,19,16.240883411238723
14,20,20.004207884436227
14,21,20.830642880616203
14,22,23.99975832904926
14,23,24.967097452893107
14,24,22.58385706506314
14,25,22.21805054930537
14,26,18.921007923590942
14,27,16.95017724635596
14,28,13.152523126523494
14,29,11.38706332985588
14,30,8.998275684448927
14,31,11.323102638138796
14,32,12.02131878217312
14,33,14.95599779568901
14,34,15.533982503975444
14,35,16.018763883024544
14,36,14.654072717033808
14,37,13.125673132283191
14,38,15.406886491154978
14,39,14.994655932657228
14,40,15.365102250886345
14,41,12.381014072085883
14,42,9.96158124673014
14,43,10.224691918309459
14,44,12.036364523147874
14,45,13.327765943046229
14,46,16.976421590103193
14,47,18.37577961260434
14,48,20.207245295349484
14,49,22.88788765851393
14,50,22.514034782096815
14,51,26.25018400127402
14,52,26.637616239486096
14,53,27.189500684039032
14,54,23.678112071770826
14,55,20.599076417297077
14,56,16.914012093489568
14,57,14.15658609283023
14,58,10.462807243843393
14,59,8.48705285670234
14,60,5.539402582472726
14,61,5.663135061505193
14,62,6.394179142545547
14,63,7.4255334306749665
14,64,10.246337469176284
14,65,11.041492337087995
14,66,12.49632077583037
14,67,10.840447066294557
14,68,8.515284541454037
14,69,11.540116445379319
14,70,11.803856582644293
14,71,8.748287537939552
14,72,9.432408826030603
14,73,9.299471682699501
14,74,12.971731648128992
14,75,14.932560837787051
14,76,18.6405554278561
14,77,20.755447831539925
14,78,24.555511857866197
14,79,25.226908594127977
14,80,22.746583314239803
14,81,19.511672729336446
14,82,16.926235925692808
14,83,14.236849282330775
14,84,11.533007321245192
14,85,10.04342628219642
14,86,7.218303648704613
14,87,9.588605757208116
14,88,11.578427643299836
15,1,24.08355493385916
15,2,21.35938448844147
15,3,18.70211232791971
15,4,15.017292183932575
15,5,13.541091368663032
15,6,10.338970015258763
15,7,8.184071937652337
15,8,5.616628201698531
15,9,5.302303167781507
15,10,6.660466417079229
15,11,8.183456028170667
15,12,9.851747509101255
15,13,6.4310983567467845
15,14,3.8127022095940615
15,16,3.795630463248267
15,17,6.359495099517285
15,18,9.939083982878973
15,19,12.644799387382387
15,20,16.423290791521858
15,21,17.311513576169066
15,22,20.469929365434943
15,23,21.48970669979141
15,24,19.068842423234706
15,25,19.032941969761698
15,26,15.934284166154447
15,27,14.505021039926733
15,28,10.834440717482877
15,29,10.067372123206546
15,30,8.922202233308825
15,31,12.111095603963157
15,32,13.856926702310968
15,33,16.798674785582385
15,34,16.53001433361768
15,35,16.96475165553371
15,36,14.898850345099389
15,37,13.632387526848555
15,38,15.483637764862866
15,39,14.267675501270029
15,40,15.152242403703804
15,41,12.937028327156295
15,42,9.66176024003467
15,43,8.938989253403488
15,44,9.630386039212665
15,45,10.163556872160655
15,46,13.667083031537961
15,47,14.793702099863074
15,48,16.48695217609929
15,49,19.088098098480444
15,50,18.743202255050257
15,51,22.501840330318792
15,52,22.9239046001077
15,53,23.418928129052688
15,54,19.935459993943272
15,55,16.820600524843687
15,56,13.11660062422541
15,57,10.43138610055719
15,58,6.833585442574043
15,59,5.739921901786071
15,60,4.195063739171732
15,61,6.732914617113046
15,62,8.895056817023933
15,63,10.818524122188451
15,64,13.932955608563411
15,65,14.842697017545188
15,66,16.207352010891857
15,67,14.384821269981098
15,68,11.79215600641702
15,69,14.284343922022094
15,70,14.390603134757155
15,71,10.851427756088706
15,72,10.23505718443705
15,73,8.626968364171706
15,74,11.824770568882132
15,75,12.866537140807582
15,76,16.39806430811331
15,77,18.021119245170787
15,78,21.778264065658135
15,79,22.890526793319538
15,80,20.574366789885673
15,81,17.69927027439806
15,82,15.504696794795679
15,83,13.535433240976989
15,84,11.094350950390794
15,85,10.862850680737232
15,86,8.810089429508267
15,87,10.861138720114127
15,88,13.631690666148014
16,1,20.572456530726363
16,2,17.90906082769846
16,3,15.07471208394245
16,4,11.478209707463249
16,5,10.273845567813538
16,6,6.912784203365583
16,7,5.779618929896624
16,8,4.422121991414565
16,9,6.580546341107629
16,10,9.146938518011048
16,11,11.484389463671226
16,12,13.236290284086662
16,13,10.032841456043787
16,14,6.788466179862114
16,15,3.795630463248267
16,17,3.818022336698542
16,18,6.7313497729751255
16,19,9.93390675547524
16,20,13.625203798019365
16,21,14.111317261606011
16,22,17.288390485114697
16,23,18.37308526438115
16,24,16.30808384304948
16,25,16.145627771000846
16,26,12.863868971700942
16,27,11.617360918171899
16,28,8.070662395651675
16,29,8.250575802719458
16,30,8.046328784266507
16,31,11.304771368301509
16,32,13.820105261016277
16,33,16.314370889011293
16,34,15.282991850389761
16,35,16.098234785123015
16,36,13.865156529881187
16,37,13.504249893804582
16,38,15.516899078519
16,39,14.269706810008984
16,40,16.060081737970908
16,41,14.323561901305863
16,42,10.879329148934266
16,43,10.460599285433734
16,44,9.956776316116617
16,45,10.057546915228842
16,46,12.969276627504692
16,47,13.15586582576948
16,48,15.087356711735325
16,49,17.34176869870104
16,50,17.105734119570634
16,51,20.86170502359106
16,52,20.790432144292197
16,53,20.98447768187642
16,54,17.325624810817374
16,55,14.417874254980369
16,56,10.945698338639621
16,57,8.61741793729084
16,58,5.485339643028115
16,59,5.39111571109021
16,60,6.2103055817832375
16,61,9.022625019005826
16,62,11.871453479470112
16,63,13.430930832600545
16,64,16.635015140913474
16,65,17.46886744421177
16,66,18.169265269220098
16,67,16.00023713825196
16,68,13.055385419166972
16,69,14.66051440030376
16,70,14.638947377998221
16,71,10.910010636480479
16,72,8.988247290681052
16,73,6.325566913233503
16,74,8.9303469064444
16,75,9.391002544627508
16,76,12.913291319503678
16,77,14.426802237221205
16,78,18.165532362711375
16,79,19.254447012562803
16,80,16.851735034732968
16,81,14.096632453630562
16,82,12.038519256501086
16,83,10.590289517920251
16,84,8.560059114169544
16,85,9.565761262726154
16,86,8.801783071769824
16,87,10.878969502877826
16,88,14.291444791870392
17,1,18.059158349030724
17,2,15.170778984153666
17,3,12.822662528843555
17,4,9.040019828839934
17,5,7.849567020399289
17,6,5.601524321029068
17,7,5.2507193237290535
17,8,6.279022683759247
17,9,8.229931180963131
17,10,11.516829326435891
17,11,13.39733081599676
17,12,16.12228304030169
17,13,12.738015379901446
17,14,9.95634294087079
17,15,6.359495099517285
17,16,3.818022336698542
17,18,3.793815925143575
17,19,6.327376595991357
17,20,10.09520694538768
17,21,11.074240785259743
17,22,14.420084352029772
17,23,15.80508325120582
17,24,13.847279552453793
17,25,14.478069616206175
17,26,11.721554585185272
17,27,11.659292636860632
17,28,8.87016322009205
17,29,10.44584876514417
17,30,11.284255264051112
17,31,14.66306570590735
17,32,17.464051090013374
17,33,19.854648699851804
17,34,18.465602264945918
17,35,19.269145702896417
17,36,16.724264195650992
17,37,16.484891565410617
17,38,18.01193010828261
17,39,16.140051407212077
17,40,18.057437302077947
17,41,16.924301531805675
17,42,13.21038568402467
17,43,11.873776398115927
17,44,10.311374384687442
17,45,9.007311400193867
17,46,11.232721974578256
17,47,10.758172564061766
17,48,12.057019438179411
17,49,13.903394266173915
17,50,13.377970746267895
17,51,17.097176430755937
17,52,17.00870999936107
17,53,17.369526068073775
17,54,13.802840072841136
17,55,11.008086115859841
17,56,7.481325859946414
17,57,5.977220614899156
17,58,4.263307034895724
17,59,6.689099205693761
17,60,8.636801610472215
17,61,12.070938600162808
17,62,14.971198902141767
17,63,16.92199448054563
17,64,20.106885962111043
17,65,20.81607631824916
17,66,21.675579314586788
17,67,19.712576725368354
17,68,16.650717390520477
17,69,18.183711567018268
17,70,18.353707896067853
17,71,14.650840006890633
17,72,12.391170321268774
17,73,9.312022248329964
17,74,10.92621585774024
17,75,9.998600239705416
17,76,12.88584358437665
17,77,13.38060926841346
17,78,16.8667462322722
17,79,18.622357562531228
17,80,16.40490195686802
17,81,14.371807774170389
17,82,12.860154563759334
17,83,12.462839497530092
17,84,10.739424114610731
17,85,12.458790118033773
17,86,11.902064847885256
17,87,13.175437799550275
17,88,16.694424769932947
18,1,14.270815596166555
18,2,11.473961595456206
18,3,9.217423325015934
18,4,5.476080068543159
18,5,5.467804496009653
18,6,4.595612349525837
18,7,6.67672926334473
18,8,8.94885852834146
18,9,11.596686448238938
18,10,15.03511507341277
18,11,17.14101283952822
18,12,19.73943253556195
18,13,16.359859878518343
18,14,13.413850788925357
18,15,9.939083982878973
18,16,6.7313497729751255
18,17,3.793815925143575
18,19,3.7893803079107613
18,20,7.138233841607921
18,21,7.424393634163832
18,22,10.780389929257234
18,23,12.282634179259075
18,24,10.802675009902853
18,25,11.581179805455077
18,26,9.047126794524777
18,27,9.896495524600473
18,28,8.186392139011359
18,29,10.941264373146064
18,30,12.71803883825508
18,31,15.86757472743827
18,32,19.099032614114147
18,33,21.129501551007873
18,34,19.125665729239568
18,35,20.033918967624807
18,36,17.349599115682967
18,37,17.740416155401274
18,38,19.094734800056447
18,39,17.11726422763152
18,40,19.601117902739258
18,41,18.995662258006227
18,42,15.336453294066889
18,43,14.156519139265336
18,44,11.80559966852125
18,45,10.125966461615162
18,46,11.188349981688418
18,47,9.458340572366742
18,48,10.802957447765626
18,49,12.011554841209007
18,50,11.76231408591458
18,51,15.317578972172468
18,52,14.684061029161418
18,53,14.544568149894921
18,54,10.805821321362307
18,55,8.346178296237664
18,56,5.5741638476190385
18,57,5.437496757520876
18,58,5.915038679534056
18,59,8.773213824752292
18,60,11.609435116685361
18,61,14.985565688473551
18,62,18.20320828258686
18,63,20.07799377710002
18,64,23.358674323623724
18,65,24.13614428531137
18,66,24.673379931553804
18,67,22.482726514421238
18,68,19.37162647893368
18,69,20.359799608326053
18,70,20.335015504095892
18,71,16.680714833305338
18,72,13.792631313306895
18,73,10.297178065075213
18,74,10.590910018837304
18,75,8.400259829757893
18,76,10.454734395593947
18,77,10.16359394931221
18,78,13.408929500283415
18,79,15.482186793127696
18,80,13.461267238435736
18,81,12.089415732249465
18,82,11.337219491505001
18,83,12.071184078918801
18,84,11.286537636216279
18,85,13.944815262575954
18,86,14.304578957096842
18,87,15.509795143362092
18,88,19.214969702159053
19,1,13.03103850423467
19,2,9.818869781625605
19,3,8.583107555587377
19,4,5.28566127310585
19,5,5.0709966617841875
19,6,6.570406133880511
19,7,8.391203966236414
19,8,11.395407113047591
19,9,13.544825529115416
19,10,17.207718467086842
19,11,18.989325967009894
19,12,22.301637057476796
19,13,18.92956820559544
19,14,16.240883411238723
19,15,12.644799387382387
19,16,9.93390675547524
19,17,6.327376595991357
19,18,3.7893803079107613
19,20,3.778857841634455
19,21,5.719783610082627
19,22,9.32847921698653
19,23,11.444158271904522
19,24,10.478777905507899
19,25,12.394139533832872
19,26,10.871110858547883
19,27,12.721862942738019
19,28,11.667378158911133
19,29,14.63757310004719
19,30,16.478317576623073
19,31,19.64995477554484
19,32,22.83804939889389
19,33,24.820984830151488
19,34,22.821555292956937
19,35,23.804538184359423
19,36,21.090990773476467
19,37,21.428286554664005
19,38,22.578297481179487
19,39,20.31604734465977
19,40,22.659386199294598
19,41,22.256297896011663
19,42,18.50572942376088
19,43,16.79949896974683
19,44,14.175208671481363
19,45,11.649680813682924
19,46,11.944124525975987
19,47,9.637551811571122
19,48,9.633606302426031
19,49,9.74793272747522
19,50,8.67068391482722
19,51,11.982181571296938
19,52,11.096107622045103
19,53,11.448707891525888
19,54,7.9452766050619035
19,55,6.233985147614796
19,56,4.237823503349562
19,57,6.5065345944246555
19,58,8.374077360542657
19,59,11.84423840391536
19,60,14.589275565663307
19,61,18.161681478906512
19,62,21.210788407245495
19,63,23.23977804366647
19,64,26.414984935172654
19,65,26.971894188420993
19,66,27.650009200279168
19,67,25.734583937481098
19,68,22.488533277087264
19,69,23.543550200409285
19,70,23.826960739009923
19,71,20.219321958841086
19,72,17.351589195398947
19,73,13.981076781544449
19,74,14.186180592900635
19,75,11.633975072844855
19,76,12.987643083930063
19,77,11.677213372832798
19,78,14.19949456571447
19,79,16.834898163030697
19,80,15.0225357413929
19,81,14.452598982179579
19,82,14.002004954668747
19,83,15.21556496638702
19,84,14.31587232307756
19,85,16.96812302936827
19,86,17.154393956960373
19,87,17.722834000413357
19,88,21.330190653420203
20,1,10.413954589791924
20,2,7.091435038262609
20,3,7.2362366532550135
20,4,5.509247761833344
20,5,6.33672707752844
20,6,9.251835768827778
20,7,11.537254848732866
20,8,14.862347625513975
20,9,17.08403920495236
20,10,20.816797499669086
20,11,22.599914441574267
20,12,26.0606926218658
20,13,22.699989797007465
20,14,20.004207884436227
