1,2,3.818932737396482
1,3,6.521965449929258
1,4,9.618824481349879
1,5,12.86972165955107
1,6,15.54223357911978
1,7,19.1745980810513
1,8,22.429974178896522
1,9,25.522953507811696
1,10,29.00883889294213
1,11,31.741056011636665
1,12,35.47024922747029
1,13,37.7287276991861
1,14,39.05994942603627
1,15,41.669874711179325
1,16,40.64993338000222
1,17,37.1911181012343
1,18,33.898325777472124
1,19,30.847010081099985
1,20,27.558434822833053
1,21,24.346070123482345
1,22,20.86803398725118
1,23,18.294710705362576
1,24,14.479305015175886
1,25,13.106422597627574
1,26,10.561435361287979
1,27,7.547584429644404
1,28,5.419396897998824
1,29,6.309751917545558
1,30,9.945959983630367
1,31,10.912365616835945
1,32,11.975416647688823
1,33,15.219396391080194
1,34,17.161646784765516
1,35,20.800662662414126
1,36,23.799838209126108
1,37,25.627139796385244
1,38,29.26870900252696
1,39,30.804809852321743
1,40,27.57171684249638
1,41,27.568358827480782
1,42,25.70636709396609
1,43,27.934879531876675
1,44,28.95694854159677
1,45,27.006168829759158
1,46,30.478659609255967
1,47,30.59729357340136
1,48,27.36529316308938
1,49,26.136244440968603
1,50,22.63748642861068
1,51,21.446152374444676
1,52,19.57651925514242
1,53,15.854481618176075
1,54,16.545734329702928
1,55,14.9888430692495
1,56,15.520134558580056
1,57,16.259244851042407
1,58,13.447739841761011
1,59,10.906683740365272
1,60,9.586773762909521
1,61,11.529223553235955
1,62,14.055179071740653
1,63,16.499247272315515
1,64,19.246990507792546
1,65,21.724453646702997
1,66,25.305700482512176
1,67,28.301189125721173
1,68,31.899695220812138
1,69,33.36763712783015
1,70,36.97240472421875
1,71,37.947592261834004
1,72,38.222841267533994
1,73,35.64964713822954
1,74,32.42495521327409
1,75,31.690418009940075
1,76,31.409158897843064
1,77,28.159941509388364
1,78,24.513095545956272
1,79,21.38735793699433
1,80,19.01420695755782
1,81,15.274527927724664
1,82,13.158420254124158
1,83,9.483699922156065
1,84,7.84682459261236
1,85,11.072774293911374
1,86,11.202201734706334
1,87,13.948421902219813
1,88,15.778003471914001
1,89,19.336885126628793
1,90,21.139835384924158
1,91,24.938685642718987
1,92,27.156340895326874
1,93,28.217667846039962
1,94,31.820040518721626
2,1,3.818932737396482
2,3,3.836707673055804
2,4,6.598118933727242
2,5,9.3963650404859
2,6,12.459724261608844
2,7,15.92222228167393
2,8,19.382658742814062
2,9,22.34367303259668
2,10,25.94616056590921
2,11,28.681896710424898
2,12,32.360070347847696
2,13,34.79443288206999
2,14,36.270313800277144
2,15,39.02277482192438
2,16,37.990775099977775
2,17,34.642805025198975
2,18,31.204608115184147
2,19,28.23347728495935
2,20,24.902077491881254
2,21,21.666393373294678
2,22,18.240804454782864
2,23,15.465906652913953
2,24,11.736560856683317
2,25,9.981116260264724
2,26,7.282496882129103
2,27,4.989917754769938
2,28,4.9927390553250275
2,29,7.329111822646779
2,30,10.108069313269443
2,31,11.554014553416161
2,32,11.688972909379492
2,33,14.733188232769853
2,34,15.857233739966874
2,35,19.494535975317593
2,36,22.182576448278045
2,37,24.209417347282326
2,38,27.7284708537526
2,39,29.366162003502687
2,40,26.37830617193717
2,41,26.681512023647148
2,42,24.85118524358765
2,43,26.87883223914788
2,44,28.15981732774366
2,45,26.181890123806536
2,46,29.514907740067535
2,47,29.228753824243064
2,48,25.84888584009265
2,49,24.53269314117141
2,50,21.13527019765356
2,51,19.768628028510463
2,52,18.36558826380396
2,53,14.712010561591608
2,54,15.125788395251387
2,55,13.479370264425818
2,56,13.228510321928189
2,57,14.388482458888236
2,58,11.513985902353394
2,59,9.905878956538714
2,60,7.83776172989429
2,61,9.715888567223177
2,62,11.714818368354424
2,63,14.422504354089408
2,64,17.013041830325353
2,65,19.747741564557426
2,66,23.134550729427776
2,67,26.252355667377532
2,68,29.697431039867165
2,69,31.099646773982776
2,70,34.628308992296404
2,71,35.33663938397592
2,72,35.65564145246905
2,73,33.32496466939275
2,74,29.92565355698887
2,75,29.298284107125262
2,76,29.388061333649876
2,77,26.102969446788208
2,78,22.509740332691536
2,79,19.36226804333738
2,80,17.529589049168496
2,81,13.845357035595715
2,82,12.648032220602204
2,83,9.428168438519316
2,84,9.275432082367024
2,85,12.299530339907154
2,86,11.285973975408979
2,87,13.20718488187448
2,88,14.147511749230363
2,89,17.44386078969308
2,90,18.69342587567884
2,91,22.438016813216723
2,92,24.412636787541683
2,93,25.142815021392355
2,94,28.631503494572478
3,1,6.521965449929258
3,2,3.836707673055804
3,4,3.8441093519718006
3,5,6.774784822477875
3,6,9.33622890262601
3,7,13.002197236623395
3,8,16.312155452135954
3,9,19.55433903130814
3,10,23.10638270938989
3,11,26.094633168989493
3,12,29.726483623339526
3,13,31.975352090983748
3,14,33.63917987143613
3,15,36.23405327375965
3,16,34.96206658494272
3,17,31.66768031487235
3,18,28.24784836163263
3,19,25.4702006617069
3,20,21.969934232781497
3,21,18.9986945831002
3,22,15.380223395116401
3,23,13.089366588155553
3,24,9.453937748041833
3,25,8.757135805648526
3,26,7.421763564394474
3,27,5.250967000407586
3,28,6.921518227950209
3,29,8.890543235497713
3,30,10.789851522424767
3,31,11.332671965436438
3,32,10.234660657633794
3,33,12.541036800756679
3,34,13.194172702339683
3,35,16.596599404019273
3,36,18.98229685901119
3,37,20.79159391922112
3,38,24.215533201338193
3,39,25.714016889721567
3,40,22.753709088499548
3,41,23.290148048092252
3,42,21.693275720964184
3,43,23.848149877213892
3,44,25.472155915206656
3,45,23.82092754112222
3,46,27.208845439976027
3,47,26.60271085088021
3,48,23.37040876249178
3,49,22.473647208339642
3,50,19.380194661033084
3,51,18.54435241504543
3,52,17.792282828558296
3,53,14.47164980626244
3,54,15.548800598901812
3,55,14.691974432909948
3,56,14.32971823669221
3,57,16.317120102818098
3,58,13.897554387919218
3,59,12.737866251717628
3,60,9.820646531055575
3,61,10.414369923275952
3,62,11.200936668635402
3,63,13.173833246810343
3,64,15.044871315966354
3,65,17.37657033170549
3,66,20.580368496677757
3,67,23.45286639155521
3,68,26.81547668662444
3,69,27.928112797180773
3,70,31.38258856722063
3,71,32.03605885774098
3,72,32.161449770858965
3,73,29.77663194027864
3,74,26.40372428884671
3,75,25.60570426456673
3,76,25.694308643111576
3,77,22.504789557163406
3,78,18.855772580457447
3,79,15.873794733974341
3,80,14.06270774949502
3,81,10.543901300765025
3,82,9.795662864791282
3,83,7.317387130326016
3,84,8.283932991900793
3,85,10.555564580751598
3,86,8.586371989697492
3,87,9.83440030492504
3,88,10.371965402872528
3,89,13.639939224470881
3,90,14.9666490139251
3,91,18.74525442371947
3,92,20.91510861817843
3,93,21.783879408105538
3,94,25.364511592159303
4,1,9.618824481349879
4,2,6.598118933727242
4,3,3.8441093519718006
4,5,3.7932177063312302
4,6,5.972249681248657
4,7,9.566281326028712
4,8,12.851157281898953
4,9,15.94353982183957
4,10,19.478462382187775
4,11,22.351833455680936
4,12,26.019979499197245
4,13,28.31847901852363
4,14,29.900820117107116
4,15,32.57548546116377
4,16,31.433705298350635
4,17,28.126252965324394
4,18,24.667496908651483
4,19,21.80604630666839
4,20,18.379617140390355
4,21,15.281293106585982
4,22,11.761621952300146
4,23,9.269838686000316
4,24,5.68173711405526
4,25,5.37284102011039
4,26,5.5642458990010555
4,27,4.49673265923812
4,28,7.749874100182907
4,29,9.774551610542625
4,30,10.303249805764166
4,31,11.02053765072952
4,32,9.1086456973516
4,33,10.986392151463557
4,34,10.704782450168556
4,35,14.06195864205536
4,36,16.277265422542445
4,37,18.516599663866362
4,38,21.875256693789463
4,39,23.74830439003271
4,40,21.154739267222418
4,41,21.627146751439717
4,42,19.77803733285161
4,43,21.487042273633012
4,44,23.109478899593928
4,45,21.296321356801066
4,46,24.46008509549501
4,47,23.624012194491204
4,48,20.25119660997214
4,49,19.203168208537797
4,50,16.22505076413464
4,51,15.331214207657762
4,52,15.083292696696109
4,53,12.122361789493965
4,54,13.26451296810368
4,55,12.954929100353851
4,56,12.3786796779401
4,57,15.082450030492028
4,58,13.386874948753327
4,59,12.808167798622174
4,60,9.265913200010159
4,61,8.656585357539996
4,62,8.255291545376329
4,63,9.893603060683004
4,64,11.467285636297119
4,65,13.961973731637164
4,66,17.045172830304967
4,67,20.06521306525565
4,68,23.363990918596848
4,69,24.62760553502614
4,70,28.10537052913476
4,71,28.745734099054427
4,72,29.1311573207314
4,73,26.878642894942363
4,74,23.433329575570383
4,75,23.032964120980647
4,76,23.255794993797117
4,77,19.869275516683164
4,78,16.425593791239073
4,79,13.186595313331742
4,80,12.050533215318701
4,81,8.678110906596057
4,82,9.201867489385538
4,83,7.707744690641635
4,84,10.137574582175189
4,85,12.278105121105375
4,86,10.054282456937711
4,87,9.916590365444842
4,88,9.533784832068877
4,89,12.029956492056625
4,90,12.622025015259114
4,91,16.234895284413348
4,92,17.943105556348378
4,93,18.825892108236868
4,94,22.389220166501413
5,1,12.86972165955107
5,2,9.3963650404859
5,3,6.774784822477875
5,4,3.7932177063312302
5,6,3.826750385923359
5,7,6.696966870765043
5,8,10.391941234195768
5,9,13.269978796542846
5,10,16.989567708019994
5,11,19.94139177413473
5,12,23.467205294500285
5,13,25.988912327097758
5,14,27.858298269054227
5,15,30.678044874997532
5,16,29.44463447833225
5,17,26.368812291154992
5,18,22.73319445649446
5,19,20.13675374851658
5,20,16.66090130577627
5,21,13.751809725099223
5,22,10.483106762493211
5,23,8.032219273685879
5,24,5.590266305234859
5,25,5.201254967874775
5,26,6.322195490618474
5,27,7.39168035478993
5,28,11.053845088552833
5,29,13.328418629110683
5,30,13.52924704137198
5,31,14.437545975206445
5,32,12.150800484482007
5,33,13.355106696710184
5,34,12.032922405697402
5,35,14.831230874737491
5,36,16.28086140797292
5,37,18.533348584692504
5,38,21.503820618286827
5,39,23.33279390157497
5,40,21.15229883390755
5,41,22.100519429331815
5,42,20.515845618244605
5,43,21.960221429747264
5,44,23.91592555575548
5,45,22.259178761502874
5,46,25.128658786226396
5,47,23.75865901072577
5,48,20.39614478449528
5,49,19.39962663781765
5,50,16.8453194758125
5,51,15.899657498886068
5,52,16.380562317724443
5,53,13.91789691155291
5,54,14.627127219525118
5,55,14.307684801638658
5,56,12.832869795482546
5,57,15.727184199825142
5,58,14.218861223846025
5,59,14.633655198102174
5,60,11.22353682669087
5,61,10.525427596144178
5,62,9.152962888931388
5,63,10.605727029731982
5,64,11.401274166910163
5,65,13.917905127846113
5,66,16.38091790221365
5,67,19.356520717463457
5,68,22.27314326056448
5,69,23.291814576733447
5,70,26.553121646736383
5,71,26.744382064477726
5,72,27.09108169136883
5,73,25.222160786175017
5,74,21.574400086199127
5,75,21.237396729712504
5,76,22.045018424980427
5,77,18.79177720988252
5,78,15.57282612311612
5,79,12.65928190804223
5,80,12.55426955388218
5,81,9.991357254913193
5,82,11.661315422082899
5,83,11.049141394985563
5,84,13.707339032342377
5,85,15.39952623979017
5,86,12.61198401542017
5,87,11.68647032254405
5,88,10.017628925929806
5,89,11.632879966899758
5,90,11.14939823945303
5,91,14.455082005646936
5,92,15.767004401573429
5,93,16.018387111572697
5,94,19.375328710346395
6,1,15.54223357911978
6,2,12.459724261608844
6,3,9.33622890262601
6,4,5.972249681248657
6,5,3.826750385923359
6,7,3.8166139630506306
6,8,6.990245960539466
6,9,10.293598795486819
6,10,13.832873539521751
6,11,16.995747614543095
6,12,20.53206203842317
6,13,22.760931860726675
6,14,24.670459164210587
6,15,27.297943731038945
6,16,25.923879422857983
6,17,22.809532877859635
6,18,19.237696707821442
6,19,16.73484099953947
6,20,13.126332003106038
6,21,10.484939064277267
6,22,7.0320481506530195
6,23,5.600016413605869
6,24,4.48893619543005
6,25,6.533326073763819
6,26,9.18297699935734
6,27,9.821316327806528
6,28,13.35158131522506
6,29,15.111296904329674
6,30,14.565701395764444
6,31,14.77752126819654
6,32,11.74230058370975
6,33,11.8549351847627
6,34,9.64193709900405
6,35,11.798804094981595
6,36,12.753320917754351
6,37,15.025199460642073
6,38,17.852209058963243
6,39,19.817961124985317
6,40,17.90326677907038
6,41,18.869614268952564
6,42,17.326849905747757
6,43,18.57527233565466
6,44,20.73562603849223
6,45,19.332007632103895
6,46,22.08406365085353
6,47,20.405971212880495
6,48,17.211219462724042
6,49,16.631288665851216
6,50,14.57553294976087
6,51,14.315363275453645
6,52,15.557058950031132
6,53,13.810772571858903
6,54,15.16709743551992
6,55,15.776631053656756
6,56,14.69117636077492
6,57,18.051737442495956
6,58,17.150475218040345
6,59,17.452613489560747
6,60,13.789301498351039
6,61,12.116755021404384
6,62,9.741987522539384
6,63,9.746689851330885
6,64,9.264439703401953
6,65,11.039652041175762
6,66,13.136648539270343
6,67,15.836201016429195
6,68,18.67498361026745
6,69,19.536907834672068
6,70,22.801737254861468
6,71,23.094091616463025
6,72,23.442742266551488
6,73,21.466676585198844
6,74,17.862712844809998
6,75,17.656266374747013
6,76,18.365385460578235
6,77,15.035584308150092
6,78,11.944339403346406
6,79,9.028753335471418
6,80,9.568529789671508
6,81,7.829958293742588
6,82,10.574982650363161
6,83,11.216637546477553
6,84,14.538180829938653
6,85,15.626353981624604
6,86,12.720674533207891
6,87,10.704083985569799
6,88,8.356027430731784
6,89,8.882140073150252
6,90,7.833597713680895
6,91,10.977731920377003
6,92,12.186509301381587
6,93,12.908014780910905
6,94,16.469518828128347
7,1,19.1745980810513
7,2,15.92222228167393
7,3,13.002197236623395
7,4,9.566281326028712
7,5,6.696966870765043
7,6,3.8166139630506306
7,8,3.8303402536351574
7,9,6.702126062166865
7,10,10.391204562302102
7,11,13.581140249209588
7,12,16.997810974413714
7,13,19.410232346197503
7,14,21.513625090152374
7,15,24.27864293870902
7,16,22.911212695624172
7,17,20.010961788833075
7,18,16.29704837123814
7,19,14.053945880729897
7,20,10.544720119524676
7,21,8.262155980127266
7,22,5.7575775631837
7,23,5.202737196728197
7,24,6.591240127811654
7,25,8.462265884556432
7,26,11.54222357139214
7,27,12.986861030202576
7,28,16.652139588366406
7,29,18.463818859989335
7,30,17.512566705238406
7,31,17.876624238159554
7,32,14.750446915252862
7,33,14.392919140568518
7,34,11.450781164214275
7,35,12.724159661022597
7,36,12.742059373139265
7,37,15.105860573100212
7,38,17.33913854798312
7,39,19.440450073979463
7,40,18.22661677408203
7,41,19.419316965937046
7,42,18.014219439290326
7,43,18.67654675377042
7,44,20.963064850146278
7,45,19.669843066166802
7,46,21.9104881677764
7,47,19.727763124719168
7,48,16.646941094054185
7,49,16.10135133027083
7,50,14.71077831308744
7,51,14.498327171826473
7,52,16.490286598762424
7,53,15.461986470274477
7,54,16.5061913934604
7,55,17.3575153227458
7,56,15.866711925582552
7,57,19.361650023753892
7,58,18.936123339442318
7,59,19.819850245318985
7,60,16.276966241995154
7,61,14.347217842345492
7,62,11.343812513480474
7,63,10.82813150084078
7,64,9.355875751307716
7,65,10.77493731059457
7,66,11.831868093942413
7,67,14.355007968041022
7,68,16.639616011019196
7,69,17.345706775420954
7,70,20.364884555623508
7,71,20.26246559132103
7,72,20.786245808822812
7,73,19.271226233297565
7,74,15.522513610758253
7,75,15.75941475922344
7,76,17.0493718440958
7,77,13.858970145816166
7,78,11.479842490714963
7,79,9.136213705399738
7,80,11.066424690009544
7,81,10.449788142419543
7,82,13.736504729988273
7,83,14.814776110105806
7,84,18.26685931904327
7,85,19.214812317934715
7,86,16.24847170015022
7,87,13.812467185253805
7,88,10.930565218919318
7,89,10.177763688056626
7,90,7.666158529254945
7,91,9.660863893244223
7,92,9.77243940394684
7,93,9.87692826448019
7,94,13.186157482657178
8,1,22.429974178896522
8,2,19.382658742814062
8,3,16.312155452135954
8,4,12.851157281898953
8,5,10.391941234195768
8,6,6.990245960539466
8,7,3.8303402536351574
8,9,3.8219711480371457
8,10,7.004867728074494
8,11,10.495782911471512
8,12,13.829668415691591
8,13,15.896016595136205
8,14,18.100351249441395
8,15,20.673753143172302
8,16,19.154766491606026
8,17,16.277924961314582
8,18,12.586946905281776
8,19,10.614800320536116
8,20,7.015953790445816
8,21,5.705861636632706
8,22,4.434328228551857
8,23,6.280002480125902
8,24,8.997166147417259
8,25,11.548056454538232
8,26,14.97628828195351
8,27,16.194782155852664
8,28,19.704921926698123
8,29,21.199459717209237
8,30,19.791155989239424
8,31,19.73848221324171
8,32,16.335427234829893
8,33,15.151055955774607
8,34,11.65066628043838
8,35,11.756829212337427
8,36,10.757888376372382
8,37,13.029229715519158
8,38,14.690773577823636
8,39,16.97457516968135
8,40,16.417987582410888
8,41,17.615171589632794
8,42,16.34809332190985
8,43,16.49006995501842
8,44,18.9252121335422
8,45,17.976148202842943
8,46,19.798508608954783
8,47,17.15711550995747
8,48,14.445505401011872
8,49,14.414757759583505
8,50,13.93505702371206
8,51,14.431166462115106
8,52,17.12607887784759
8,53,16.894843877238007
8,54,18.268807086189046
8,55,19.7366137595553
8,56,18.534663253508768
8,57,22.198322469186714
8,58,22.194738297412044
8,59,23.02566337839415
8,60,19.42141395975347
8,61,17.02399812088104
8,62,13.636830386509684
8,63,12.120465614210442
8,64,9.49246057226768
8,65,9.647251127776284
8,66,9.52025425538298
8,67,11.398706659758135
8,68,13.221497562804855
8,69,13.655810844534509
8,70,16.568369569041355
8,71,16.447000524065526
8,72,17.09829459461096
8,73,15.653888739621244
8,74,11.925735823260295
8,75,12.653873764791609
8,76,14.039206489750487
8,77,10.909001603405024
8,78,9.348879211855023
8,79,7.692804161588268
8,80,10.734889704181409
8,81,11.360731787939537
8,82,15.063512388727677
8,83,16.885700792129892
8,84,20.557939421046413
8,85,21.10263016055752
8,86,18.235073206398138
8,87,15.244486806438758
8,88,12.194157924602434
8,89,10.256548877333984
8,90,6.997252771740052
8,91,7.515971757625493
8,92,6.521762514476332
8,93,7.123473000420842
8,94,10.45329006245588
9,1,25.522953507811696
9,2,22.34367303259668
9,3,19.55433903130814
9,4,15.94353982183957
9,5,13.269978796542846
9,6,10.293598795486819
9,7,6.702126062166865
9,8,3.8219711480371457
9,10,3.808720033162418
9,11,6.989484509987688
9,12,10.300948793118852
9,13,12.80642390864851
9,14,15.033346864756359
9,15,17.93460164737105
9,16,16.724584739415736
9,17,14.103776435889557
9,18,10.288133627304628
9,19,8.548742454506623
9,20,5.848736529228307
9,21,5.363474885323909
9,22,6.5668891332949375
9,23,8.18115447697447
9,24,11.581503207741175
9,25,13.618777386184357
9,26,17.10235843230486
9,27,18.831983618091286
9,28,22.389322359236754
9,29,23.93994416358224
9,30,22.226377285508374
9,31,22.48069462796975
9,32,19.246160423319846
9,33,18.089683141696995
9,34,14.45654734679286
9,35,14.213438928685136
9,36,12.84666771014087
9,37,15.23330075701322
9,38,16.29610640654967
9,39,18.767599627800983
9,40,18.884211699868654
9,41,19.9639536365727
9,42,18.631941880672386
9,43,18.073871442632736
9,44,20.23899738168091
9,45,19.180388979222
9,46,20.331385396878048
9,47,17.443067806153046
9,48,14.885965594694678
9,49,14.575149804500946
9,50,14.687706373341685
9,51,14.945995227071403
9,52,18.040581460558897
9,53,18.389849010106364
9,54,19.320798754380117
9,55,20.898037113917315
9,56,19.45870939012173
9,57,23.080428002554157
9,58,23.554221976461083
9,59,24.80522760784157
9,60,21.395773874959858
9,61,18.871395901501216
9,62,15.256445970796692
9,63,13.610563870419194
9,64,10.746478366554062
9,65,10.800491117006287
9,66,9.577165033015973
9,67,11.216942518889912
9,68,12.16966480195414
9,69,12.74538850395799
9,70,15.268452612152343
9,71,14.744244160414555
9,72,15.975952228364994
9,73,15.267321792114108
9,74,11.681505761712067
9,75,13.316237958354778
9,76,15.136399997347487
9,77,12.36586603215958
9,78,11.880239428215924
9,79,10.727401141726956
9,80,14.097263342129633
9,81,14.888937768509829
9,82,18.587891581861065
9,83,20.324139485533138
9,84,24.032889673635605
9,85,24.759356429707125
9,86,21.990826985751923
9,87,19.022102909820656
9,88,16.008064087425055
9,89,13.891376079415421
9,90,10.442869345523215
9,91,9.90701365227579
9,92,7.428297852752599
9,93,7.040149938787991
9,94,9.202267020504511
10,1,29.00883889294213
10,2,25.94616056590921
10,3,23.10638270938989
10,4,19.478462382187775
10,5,16.989567708019994
10,6,13.832873539521751
10,7,10.391204562302102
10,8,7.004867728074494
10,9,3.808720033162418
10,11,3.8177955654802225
10,12,6.859504888681654
10,13,9.026467755090923
10,14,11.388972788406386
10,15,14.19481728577457
10,16,12.972340065675592
10,17,10.522838318998142
10,18,6.726452080495759
10,19,5.789284509313117
10,20,4.504703114427567
10,21,6.259758808615854
10,22,8.883880880699468
10,23,11.196368615662793
10,24,14.820671074953182
10,25,17.070443440616504
10,26,20.666351161176927
10,27,22.27780989941468
10,28,25.718719301727347
10,29,27.068079587344194
10,30,25.058679899215672
10,31,25.091422124219335
10,32,21.798509184670262
10,33,20.198567197983216
10,34,16.42538101666343
10,35,15.383836984888585
10,36,13.331242419634446
10,37,15.43696764831268
10,38,15.717979229652336
10,39,18.269407886639698
10,40,19.138109714625365
10,41,20.086008909725617
10,42,18.89846616513894
10,43,17.7077620051306
10,44,19.762200460036464
10,45,19.014639733507224
10,46,19.50411601073087
10,47,16.25908410116629
10,48,14.319097829712662
10,49,14.418462343329335
10,50,15.487780696036452
10,51,16.22349456612231
10,52,19.702634695157013
10,53,20.677063479792164
10,54,21.732781436140662
10,55,23.684209282600335
10,56,22.458354681752578
10,57,26.103794268907524
10,58,26.893624743085997
10,59,28.124694539913538
10,60,24.730024368671796
10,61,21.957890760589386
10,62,18.2230464659906
10,63,16.08543861631407
10,64,12.78599815259079
10,65,11.929399097341632
10,66,9.498098867906483
10,67,10.023678327797294
10,68,9.795919196782046
10,69,10.081011637049402
10,70,12.124452474845862
10,71,11.405086601123537
10,72,13.152026721786694
10,73,12.929398959476963
10,74,9.777185662655883
10,75,12.309676950867837
10,76,14.180069023742748
10,77,11.911996186187373
10,78,12.611105925374515
10,79,12.234079084076468
10,80,15.926686858371175
10,81,17.359064068498725
10,82,21.12066621408047
10,83,23.211622634543357
10,84,27.00066551893551
10,85,27.514242037763054
10,86,24.871465130049053
10,87,21.66406761408645
10,88,18.687175014773608
10,89,16.07058293913285
10,90,12.600365290247169
10,91,11.006086717090515
10,92,7.595242227191809
10,93,7.434431574735451
10,94,8.412149807255025
11,1,31.741056011636665
11,2,28.681896710424898
11,3,26.094633168989493
11,4,22.351833455680936
11,5,19.94139177413473
11,6,16.995747614543095
11,7,13.581140249209588
11,8,10.495782911471512
11,9,6.989484509987688
11,10,3.8177955654802225
11,12,3.814257901726553
11,13,6.605331607893349
11,14,8.340382471925498
11,15,11.673699793422665
11,16,11.322764745268362
11,17,9.19035445603082
11,18,5.931569558873216
11,19,5.35362420972187
11,20,6.540069646831006
11,21,8.249947533210165
11,22,11.62117785328967
11,23,13.546569575665773
11,24,17.33588303334961
11,25,19.289209557503366
11,26,22.88115166218045
11,27,24.695745568725258
11,28,28.04676891371345
11,29,29.33038853721131
11,30,27.01346304124281
11,31,27.253185686629326
11,32,24.178086397896983
11,33,22.647073782569766
11,34,18.91967996859937
11,35,17.780494208277506
11,36,15.819573906085228
11,37,18.09017969544427
11,38,18.121798300035987
11,39,20.87615930800218
11,40,22.092305446320946
11,41,22.68592448115873
11,42,21.269889313614303
11,43,19.505849736328393
11,44,21.04612970863195
11,45,20.083498105974453
11,46,19.895650789886037
11,47,16.732771324132447
11,48,15.024414331180235
11,49,14.739730712338728
11,50,16.274245954644925
11,51,16.7918334902044
11,52,20.413318077559552
11,53,21.918979498419677
11,54,22.657957365010557
11,55,24.769856345482545
11,56,23.57827984963574
11,57,27.11541221450021
11,58,28.37345984398942
11,59,29.78760637573678
11,60,26.588270918802987
11,61,23.67170654690952
11,62,19.887741576018445
11,63,17.630092550232128
11,64,14.388328080355354
11,65,13.510731879329564
11,66,10.593383006014443
11,67,10.869619967306072
11,68,9.787397682137438
11,69,10.622371016758263
11,70,12.111291859987936
11,71,11.38131582015652
11,72,13.984742171008898
11,73,14.380836455255487
11,74,11.94506266426859
11,75,15.05690681638723
11,76,16.771499989362884
11,77,14.750768026103536
11,78,15.916963696704372
11,79,15.476584684693469
11,80,19.111067387384917
11,81,20.462288124838977
11,82,24.13809220180765
11,83,26.112924438570047
11,84,29.92241668635403
11,85,30.642796880012813
11,86,28.19423251308678
11,87,25.05658888136712
11,88,22.25387026776693
11,89,19.70674973271373
11,90,16.339003599256372
11,91,14.684477277363479
11,92,11.153976454099382
11,93,10.871301802335323
11,94,10.890927011911117
12,1,35.47024922747029
12,2,32.360070347847696
12,3,29.726483623339526
12,4,26.019979499197245
12,5,23.467205294500285
12,6,20.53206203842317
12,7,16.997810974413714
12,8,13.829668415691591
12,9,10.300948793118852
12,10,6.859504888681654
12,11,3.814257901726553
12,13,3.8248765531530458
12,14,6.141268451047789
12,15,9.414471919680034
12,16,9.197536605514536
12,17,8.346803746210067
12,18,6.273643299147735
12,19,7.641890668634624
12,20,9.659566111224809
12,21,11.946811152615792
12,22,15.296225972505649
12,23,17.334256238281142
12,24,21.10778904718781
12,25,23.00507713035323
12,26,26.538986854800118
12,27,28.45027162751288
12,28,31.835853380949114
12,29,33.142841150851034
12,30,30.818045559962112
12,31,31.021800715888695
12,32,27.914172926803268
12,33,26.24286858790027
12,34,22.490082733348245
12,35,21.05724172134294
12,36,18.73989840143983
12,37,20.59176020917461
12,38,20.00684690525332
12,39,22.47438132429305
12,40,24.198397852593263
12,41,24.934211546513627
12,42,23.841003568868704
12,43,21.854795947783543
12,44,23.388365293602764
12,45,22.758691112964456
12,46,22.127156111943794
12,47,18.808241858436105
12,48,17.70557463607813
12,49,17.71318694703199
12,50,19.652062728438317
12,51,20.287038165951778
12,52,23.952208886646197
12,53,25.625591096827446
12,54,26.282927447368387
12,55,28.38174537834705
12,56,27.091727456343975
12,57,30.534091336503607
12,58,31.864681555162633
12,59,33.43011055762006
12,60,30.295928328910144
12,61,27.42433903191427
12,62,23.650258567443736
12,63,21.41036297319673
12,64,18.15626740034036
12,65,17.077140825464735
12,66,13.883265993124697
12,67,13.442772441446797
12,68,11.379703838045423
12,69,11.51083803318741
12,70,11.78236113641826
12,71,10.274361496444513
12,72,13.111782493470052
12,73,14.471078768662213
12,74,12.731850356411197
12,75,16.03343155870758
12,76,18.015900083305514
12,77,16.71107999278897
12,78,18.46029591720817
12,79,18.585378605145365
12,80,22.323196896338583
12,81,23.958743399322284
12,82,27.67763708581122
12,83,29.787503363597985
12,84,33.60306887558079
12,85,34.183150281910976
12,86,31.65972473576737
12,87,28.411268499756673
12,88,25.477372778417152
12,89,22.68320749545225
12,90,19.212450367532746
12,91,17.03413270866001
12,92,13.270320471796547
12,93,12.554016840222914
12,94,11.396693634125706
13,1,37.7287276991861
13,2,34.79443288206999
13,3,31.975352090983748
13,4,28.31847901852363
13,5,25.988912327097758
13,6,22.760931860726675
13,7,19.410232346197503
13,8,15.896016595136205
13,9,12.80642390864851
13,10,9.026467755090923
13,11,6.605331607893349
13,12,3.8248765531530458
13,14,3.8285201108050684
13,15,6.023160977342161
13,16,5.401705112828324
13,17,5.364975169523849
13,18,5.029526409255016
13,19,7.9030649773788735
13,20,10.607449127478372
13,21,13.639705950582181
13,22,17.02550840946287
13,23,19.596457256808126
13,24,23.35028843867814
13,25,25.646136622704258
13,26,29.308048638698402
13,27,30.886585993485216
13,28,34.15466929260111
13,29,35.23965749854329
13,30,32.793160353215306
13,31,32.61488964875104
13,32,29.394078751172213
13,33,27.302924383606825
13,34,23.563222312493398
13,35,21.557744376716897
13,36,18.824154776779928
13,37,20.195750327038482
13,38,18.987262698254668
13,39,21.30358062636937
13,40,23.538147637247203
13,41,24.136237780467223
13,42,23.30118646937148
13,43,20.999393311887836
13,44,22.466062928248792
13,45,22.32705436598036
13,46,21.27619003057094
13,47,17.798569436540937
13,48,17.493684065663352
13,49,18.149686290127235
13,50,20.672556023517828
13,51,21.894635760898023
13,52,25.669636719026787
13,53,27.597580739448286
13,54,28.630686386369817
13,55,31.028048871935557
13,56,30.05353114688254
13,57,33.60118243995716
13,58,34.94408571321138
13,59,36.255639066429154
13,60,32.99250351014539
13,61,29.938706172308528
13,62,26.133521421501385
13,63,23.52735905646811
13,64,20.01222636345393
13,65,18.258153145589116
13,66,14.684762936795137
13,67,13.237550141396259
13,68,10.285297683101387
13,69,9.739389349482373
13,70,8.985153700410782
13,71,7.450223942847658
13,72,10.764809015293798
13,73,12.456712082252063
13,74,11.709854774170008
13,75,15.300584122555621
13,76,16.923101651344638
13,77,16.209146364318652
13,78,18.64643224790926
13,79,19.321626709906745
13,80,23.055385506030554
13,81,25.171899379377123
13,82,28.862946572650735
13,83,31.322040777296195
13,84,35.15922678693961
13,85,35.42566726221656
13,86,33.01726467431494
13,87,29.580489971712602
13,88,26.737799403294414
13,89,23.63537767491856
13,90,20.358635286335467
13,91,17.719697019500895
13,92,13.982301670462293
13,93,13.882998783608812
13,94,12.54178247208772
14,1,39.05994942603627
14,2,36.270313800277144
14,3,33.63917987143613
14,4,29.900820117107116
14,5,27.858298269054227
14,6,24.670459164210587
14,7,21.513625090152374
14,8,18.100351249441395
14,9,15.033346864756359
14,10,11.388972788406386
14,11,8.340382471925498
14,12,6.141268451047789
14,13,3.8285201108050684
14,15,3.8402796127545233
14,16,5.782789566006642
14,17,5.576303343667085
14,18,6.637106380368889
14,19,8.572122918325423
14,20,12.084072853731541
14,21,14.754678050858491
14,22,18.422537856408663
14,23,20.82606932879322
14,24,24.608479915047536
14,25,26.860873019344968
14,26,30.561935966302972
14,27,32.05832522256829
14,28,35.125496163137
14,29,36.00998809622898
14,30,33.255232689983636
14,31,33.10795561866738
14,32,30.10366691446299
14,33,28.0167431104275
14,34,24.412083500313333
14,35,22.34196071630672
14,36,19.87582721424697
14,37,21.51072961474507
14,38,20.41241463915514
14,39,23.065766581576735
14,40,25.315880381602653
14,41,25.367957456373517
14,42,24.146877390457572
14,43,21.39153061986512
14,44,22.22843285941114
14,45,21.83726896778255
14,46,20.213772841846637
14,47,17.06971436359765
14,48,17.00752052092703
14,49,17.393340704706052
14,50,20.250240615194457
14,51,21.461571558148517
14,52,25.2184082456413
14,53,27.592152732356865
14,54,28.56736059360853
14,55,31.21852604281576
14,56,30.5426292310982
14,57,34.031480290683405
14,58,35.73856275669172
14,59,36.95432408718897
14,60,33.80470524175526
14,61,30.55055762037752
14,62,26.772956924652142
14,63,23.948383162250483
14,64,20.50228437605083
14,65,18.615376527188392
14,66,14.928027258745203
14,67,13.377362904800524
14,68,10.226970861104183
14,69,10.651373671964741
14,70,9.992511160007979
14,71,9.661443944601128
14,72,13.377147049100113
14,73,14.698819012088029
14,74,14.383034940570912
14,75,18.153791799281834
14,76,19.190647758793386
14,77,18.256606146281936
14,78,20.728657498892122
14,79,21.0632485369517
14,80,24.626099119445502
14,81,26.624365558308938
14,82,30.166311435761205
14,83,32.55248251689508
14,84,36.388841756877135
14,85,36.819085447831846
14,86,34.7112656300135
14,87,31.355931201683276
14,88,28.812008762918147
14,89,25.853941711763834
14,90,22.802558168213555
14,91,20.416834538689574
14,92,16.81550991420942
14,93,17.167491440386215
14,94,16.20429520326489
15,1,41.669874711179325
15,2,39.02277482192438
15,3,36.23405327375965
15,4,32.57548546116377
15,5,30.678044874997532
15,6,27.297943731038945
15,7,24.27864293870902
15,8,20.673753143172302
15,9,17.93460164737105
15,10,14.19481728577457
15,11,11.673699793422665
15,12,9.414471919680034
15,13,6.023160977342161
15,14,3.8402796127545233
15,16,3.8032226264685125
15,17,5.314329518113511
15,18,8.24007319290093
15,19,10.823111902423609
15,20,14.304142195418482
15,21,17.366742418176248
15,22,20.883663160848464
15,23,23.63959329682689
15,24,27.34352196688991
15,25,29.876047029149298
15,26,33.64062497195186
15,27,34.879353000418405
15,28,37.85391412564593
15,29,38.56990842734695
15,30,35.77139157217042
15,31,35.29442014320572
15,32,32.20921606647154
15,33,29.79053882943851
15,34,26.25957994362068
15,35,23.752230204665846
15,36,20.98186267955853
15,37,22.085622748684028
15,38,20.417894332455063
15,39,22.79281906393689
15,40,25.4760097223882
15,41,25.41833124074732
15,42,24.5123058103523
15,43,21.552741670170445
15,44,22.301546173255453
15,45,22.448033311480035
15,46,20.455249591019186
15,47,17.291434669423843
15,48,18.065791835999402
15,49,19.06734945637981
15,50,22.29823427340308
15,51,23.97205345723968
15,52,27.731644454880847
15,53,30.22848033260822
15,54,31.503737142660846
15,55,34.335745609736804
15,56,33.8721502309736
15,57,37.428383918163455
15,58,39.09175769357602
15,59,40.11513346835303
15,60,36.866430028904944
15,61,33.51766466001238
15,62,29.750484577316456
15,63,26.711147413572025
15,64,23.127037487336587
15,65,20.781185166057448
15,66,16.97776981842162
15,67,14.678514977485294
15,68,11.031184535074877
15,69,10.717700911653953
15,70,8.913194967567511
15,71,8.884128248112887
15,72,12.539399757677371
15,73,14.061948519952372
15,74,14.763642157711258
15,75,18.48912408231165
15,76,19.157411059921902
15,77,18.84478326619435
15,78,21.806191394989305
15,79,22.626624248433604
15,80,26.101841835281732
15,81,28.479042891708026
15,82,31.953828819474083
15,83,34.61693440536693
15,84,38.431779593665134
15,85,38.565004003425834
15,86,36.54783710650655
15,87,33.06132572768958
15,88,30.596955298950576
15,89,27.417453025694776
15,90,24.563280409088087
15,91,21.852241262788056
15,92,18.40169370319745
15,93,19.095177465625362
15,94,17.973746992121637
16,1,40.64993338000222
16,2,37.990775099977775
16,3,34.96206658494272
16,4,31.433705298350635
16,5,29.44463447833225
16,6,25.923879422857983
16,7,22.911212695624172
16,8,19.154766491606026
16,9,16.724584739415736
16,10,12.972340065675592
16,11,11.322764745268362
16,12,9.197536605514536
16,13,5.401705112828324
16,14,5.782789566006642
16,15,3.8032226264685125
16,17,3.8349940268723075
16,18,6.826444736803286
16,19,10.275611355898981
16,20,13.123327575860015
16,21,16.63642915547628
16,22,19.81459167409976
16,23,22.905959279738997
16,24,26.512344484033978
16,25,29.263700889887204
16,26,33.031591268120984
16,27,34.14494238766986
16,28,37.21362825800841
16,29,37.98968529754875
16,30,35.43513454961302
16,31,34.736875847174026
16,32,31.420075460606423
16,33,28.818299740073115
16,34,25.220072618514155
16,35,22.53902029651521
16,36,19.39124595115448
16,37,19.9999090483415
16,38,17.961494746272116
16,39,19.938183703186784
16,40,22.81085758706436
16,41,23.15758405239104
16,42,22.732772512101253
16,43,20.096236510314192
16,44,21.421516368017105
16,45,22.040316126558157
16,46,20.489363553997453
16,47,16.965665609820245
16,48,17.84206375540367
16,49,19.38239512190633
16,50,22.491846452308067
16,51,24.431601942387037
16,52,28.22222966297492
16,53,30.384308697730408
16,54,31.907323070718252
16,55,34.639961948360465
16,56,34.07891325844596
16,57,37.74378516395091
16,58,39.056890026697815
16,59,40.00550561153918
16,60,36.590567988154866
16,61,33.34689917124567
16,62,29.56851475223086
16,63,26.571785081375896
16,64,22.848018741959397
16,65,20.347131394495587
16,66,16.583012970527903
16,67,13.991167641286234
16,68,10.29302684772923
16,69,8.713638836961312
16,70,6.112086682292963
16,71,5.238079805594696
16,72,8.771783292759462
16,73,10.602485908687523
16,74,11.598483560363757
16,75,15.172274713107463
16,76,16.019137780343314
16,77,16.19518554718789
16,78,19.390083909687103
16,79,20.73477732134591
16,80,24.271161035267053
16,81,26.945047135512077
16,82,30.489241648873435
16,83,33.36200293064329
16,84,37.15669827253937
16,85,36.988785903588706
16,86,34.786735748221204
16,87,31.173854732507582
16,88,28.54354636432772
16,89,25.14918355093819
16,90,22.28605262496472
16,91,19.243009318519665
16,92,15.869183187767982
16,93,16.597589262028006
16,94,15.334685127086228
17,1,37.1911181012343
17,2,34.642805025198975
17,3,31.66768031487235
17,4,28.126252965324394
17,5,26.368812291154992
17,6,22.809532877859635
17,7,20.010961788833075
17,8,16.277924961314582
17,9,14.103776435889557
17,10,10.522838318998142
17,11,9.19035445603082
17,12,8.346803746210067
17,13,5.364975169523849
17,14,5.576303343667085
17,15,5.314329518113511
17,16,3.8349940268723075
17,18,3.817197312514132
17,19,6.784694538030077
17,20,9.76907849966319
17,21,13.210342887192068
17,22,16.404136976820524
17,23,19.538413233938787
17,24,23.097126146216613
17,25,25.957237222951047
17,26,29.761856349829976
17,27,30.703533277804432
17,28,33.66414940200774
17,29,34.33745632192578
17,30,31.717186261165303
17,31,30.973371628230176
17,32,27.69774947388278
17,33,25.10329746649419
17,34,21.533456098447328
17,35,18.880194121707802
17,36,15.890114900376096
17,37,16.86341395779786
17,38,15.266818913315749
17,39,17.755709486253526
17,40,20.268522694598854
17,41,20.328963133032257
17,42,19.503681759111828
17,43,16.802949610237803
17,44,18.05760849016261
17,45,18.41692367991936
17,46,17.048556981949623
17,47,13.473895938911744
17,48,14.07102360054279
17,49,15.602364325523704
17,50,18.693166010443225
17,51,20.74506460160013
17,52,24.521664994813538
17,53,26.684282300909473
17,54,28.347181094879485
17,55,31.17861782877099
17,56,30.814763002659024
17,57,34.5290363589332
17,58,35.8398254207016
17,59,36.60222207007512
17,60,33.15639692459679
17,61,29.830070659060457
17,62,26.079664358966898
17,63,22.959640146884233
17,64,19.210664592316363
17,65,16.5821152498164
17,66,12.805653202582919
17,67,10.17490860929591
17,68,6.494878325793631
17,69,5.509629843336016
17,70,4.481063841248119
17,71,5.357482650095187
17,72,9.10242026705187
17,73,9.602908556244751
17,74,9.878092182851905
17,75,13.677886958140183
17,76,14.12347896804419
17,77,13.554578295226072
17,78,16.51666295626366
17,79,17.471448111834526
17,80,20.937143217875303
17,81,23.493384087931087
17,82,26.980191172246215
17,83,29.80626685014453
17,84,33.602530952969715
17,85,33.534268649788466
17,86,31.471694636754002
17,87,27.922519588171866
17,88,25.47261772777962
17,89,22.22765438977134
17,90,19.5141274049038
17,91,16.802569100890892
17,92,13.550064989900166
17,93,14.85987022232169
17,94,14.458033012096191
18,1,33.898325777472124
18,2,31.204608115184147
18,3,28.24784836163263
18,4,24.667496908651483
18,5,22.73319445649446
18,6,19.237696707821442
18,7,16.29704837123814
18,8,12.586946905281776
18,9,10.288133627304628
18,10,6.726452080495759
18,11,5.931569558873216
18,12,6.273643299147735
18,13,5.029526409255016
18,14,6.637106380368889
18,15,8.24007319290093
18,16,6.826444736803286
18,17,3.817197312514132
18,19,3.815897427512918
18,20,6.341402234569884
18,21,9.83528480961925
18,22,13.034812469642844
18,23,16.081336471955655
18,24,19.694544437352473
18,25,22.44994077401733
18,26,26.22485560332155
18,27,27.326183629278813
18,28,30.430991684172117
18,29,31.29545946616851
18,30,28.83982260978257
18,31,28.303673988801275
18,32,24.97784906892676
18,33,22.631942750673087
18,34,18.924691452670817
18,35,16.6717734424243
18,36,13.84271962604689
18,37,15.26559024198069
18,38,14.295274890177302
18,39,16.960299644715786
18,40,18.945106367432494
18,41,19.303568605499546
18,42,18.30200061727148
18,43,16.055174700294803
18,44,17.6806527697771
18,45,17.633269585890673
18,46,16.962713934383284
18,47,13.339924566531314
18,48,12.941021184805468
18,49,14.076150802692956
18,50,16.630083800430423
18,51,18.37182048073817
18,52,22.143768041019115
18,53,23.97073841678843
18,54,25.506527323728214
18,55,28.116644680750753
18,56,27.526402512428337
18,57,31.24975972230028
18,58,32.400474601506865
18,59,33.273400683545134
18,60,29.815966938349938
18,61,26.620989806232853
18,62,22.84592473210897
18,63,19.93898078887047
18,64,16.219039014719115
18,65,13.95879267654385
18,66,10.330688278363455
18,67,8.47362768473467
18,68,5.712510955822045
18,69,5.248189555127243
18,70,6.223962779485533
18,71,6.331505275233602
18,72,9.470802668333471
18,73,9.549952442317124
18,74,8.302163101910141
18,75,12.054185394587334
18,76,13.000196909756811
18,77,11.712402031205263
18,78,14.11428468833288
18,79,14.701120815081055
18,80,18.342287443825633
18,81,20.63261439974219
18,82,24.252579210089113
18,83,26.902001768283366
18,84,30.72918897780667
18,85,30.831586267494647
18,86,28.58427364009318
18,87,25.09900734097992
18,88,22.478585423914495
18,89,19.362017713668152
