1,2,3.829250508795293
1,3,6.780623556679797
1,4,9.901795720046024
1,5,13.158154062627146
1,6,15.83965356575827
1,7,19.363979101769424
1,8,22.605656352696336
1,9,25.624910098495395
1,10,29.252272131556627
1,11,31.314527204848837
1,12,34.44974563893046
1,13,36.57970815327703
1,14,39.96483628090441
1,15,42.36824988087626
1,16,40.585868382887135
1,17,37.349546450099716
1,18,33.96804930557617
1,19,30.963520468355203
1,20,27.67387973937091
1,21,24.44877081358544
1,22,21.00708450062615
1,23,18.557183568684774
1,24,14.758062964376338
1,25,13.192046261220625
1,26,10.599930701384856
1,27,7.649240966613129
1,28,5.402282198284924
1,29,6.286571759332146
1,30,9.97498464585585
1,31,11.0898240952936
1,32,12.283813762698362
1,33,15.519095201632336
1,34,17.492031759175276
1,35,21.176330771097607
1,36,24.072573421850723
1,37,25.94907029601406
1,38,29.53437443092478
1,39,30.328859461195048
1,40,27.057401942048664
1,41,28.07228231882473
1,42,26.073513576053966
1,43,28.1413626583575
1,44,29.666838853058835
1,45,28.14941507783354
1,46,31.440688302415584
1,47,31.144021927690158
1,48,27.807952775185335
1,49,26.707067058229864
1,50,23.173060121464122
1,51,21.436801681666466
1,52,19.94653000876047
1,53,16.200335206357835
1,54,16.37815202280978
1,55,14.644730285162941
1,56,14.970629042678455
1,57,16.216310525053313
1,58,13.597246929419423
1,59,11.013069467572077
1,60,9.48923474736953
1,61,11.479228254180267
1,62,14.018588370513138
1,63,16.45388661588697
1,64,19.31328049427827
1,65,22.030025687880777
1,66,25.54148846810611
1,67,28.76645818104005
1,68,32.29034481020755
1,69,33.46299391998236
1,70,36.60322637964058
1,71,36.9757327770422
1,72,37.62525454798379
1,73,35.04635437054
1,74,31.8185431766807
1,75,31.30215869467099
1,76,31.56617730896675
1,77,28.369565648309848
1,78,24.635294125660625
1,79,21.41745786912509
1,80,19.22481702637036
1,81,15.493972104089483
1,82,13.404774235993816
1,83,9.77654734621919
1,84,8.093338908120874
1,85,10.831885479724692
1,86,11.255172663455886
1,87,13.958932107966579
1,88,16.29152507823403
1,89,19.646170953043978
1,90,20.863624153504546
1,91,24.546862320807204
1,92,26.737352720615288
1,93,28.25053906410127
1,94,32.081378176919564
2,1,3.829250508795293
2,3,3.8309278058107985
2,4,6.6060106636468765
2,5,9.513054218945795
2,6,12.507863181828345
2,7,15.878061622313677
2,8,19.294670566458286
2,9,22.222175771314603
2,10,25.922320326485977
2,11,28.0508480903092
2,12,31.31426557014457
2,13,33.35293504878019
2,14,36.83696147938735
2,15,39.34821950271506
2,16,37.53413141672189
2,17,34.404550913844886
2,18,30.932027399373972
2,19,28.039445979588532
2,20,24.70924512887447
2,21,21.503639908388365
2,22,18.098053959447263
2,23,15.492425296000468
2,24,11.794661324417987
2,25,10.00970116222232
2,26,7.375179875533419
2,27,5.035603182980497
2,28,4.955308886600517
2,29,7.270225992386869
2,30,10.116098920093407
2,31,11.490332074504604
2,32,11.705952642758543
2,33,14.674716027409458
2,34,15.861474340671297
2,35,19.477897079628686
2,36,22.032565689377538
2,37,24.126958688221624
2,38,27.61711650807377
2,39,28.554178584585152
2,40,25.555478894236444
2,41,26.78621734594823
2,42,24.794373394249316
2,43,26.629660457130758
2,44,28.405973507648916
2,45,26.965725564245012
2,46,30.045004557524205
2,47,29.372073210024336
2,48,25.919398754616775
2,49,24.76004260732319
2,50,21.37315774458038
2,51,19.482780165867418
2,52,18.528995581533813
2,53,14.992358409829393
2,54,15.089367003487384
2,55,13.32146544566773
2,56,12.89688166819993
2,57,14.648158231921785
2,58,11.97280540674266
2,59,10.279819614152569
2,60,7.919413954595884
2,61,9.726420791564673
2,62,11.663487173109022
2,63,14.272152713696338
2,64,16.86789745283269
2,65,19.748756387830497
2,66,23.041798430515538
2,67,26.345683240193438
2,68,29.710553160182265
2,69,30.80864114693008
2,70,33.82089703385954
2,71,33.96591704098747
2,72,34.71081968841842
2,73,32.3492516339792
2,74,28.970557171285083
2,75,28.627970583605723
2,76,29.189173044290825
2,77,25.963479106000417
2,78,22.260058242987306
2,79,19.062197445577418
2,80,17.388251760073043
2,81,13.710336930403244
2,82,12.508414125178815
2,83,9.343768742229196
2,84,9.165578793764364
2,85,11.780786287664284
2,86,11.001082523000095
2,87,12.925977210563612
2,88,14.4617642615794
2,89,17.50430550193239
2,90,18.152865095656576
2,91,21.68950374099369
2,92,23.682496236369545
2,93,24.920414854936617
2,94,28.749012895157907
3,1,6.780623556679797
3,2,3.8309278058107985
3,4,3.8429623324168425
3,5,6.857635309514568
3,6,9.294269144459781
3,7,12.912248799154678
3,8,16.162429691497557
3,9,19.377478845824992
3,10,23.006660623209218
3,11,25.408442596169838
3,12,28.73107094946538
3,13,30.523710474243636
3,14,33.96399876518338
3,15,36.302799227613015
3,16,34.30579375188185
3,17,31.236040500225318
3,18,27.86476439823438
3,19,25.131154097849322
3,20,21.648167373857447
3,21,18.688391338808326
3,22,15.095848643955241
3,23,12.978885551264884
3,24,9.35353580887789
3,25,8.647804873267084
3,26,7.393316082618883
3,27,5.1855607188200885
3,28,6.797332220332573
3,29,8.80492082975325
3,30,10.71183523337635
3,31,11.144350451555884
3,32,10.107089695951613
3,33,12.331543645413682
3,34,13.052259108368707
3,35,16.439041717532554
3,36,18.718848807803134
3,37,20.64899993452002
3,38,24.041668022998447
3,39,24.877759349122453
3,40,21.967083927040957
3,41,23.402555915686683
3,42,21.61281021002222
3,43,23.5365546989756
3,44,25.62188383812376
3,45,24.53482101917839
3,46,27.605120793393088
3,47,26.61487210786298
3,48,23.28699149860807
3,49,22.523376370357397
3,50,19.42142051406121
3,51,17.9909099476117
3,52,17.67848055941729
3,53,14.464998014736016
3,54,15.315745919686755
3,55,14.335204067146385
3,56,13.872370108687427
3,57,16.382815573332785
3,58,14.182067421711624
3,59,12.911616573726839
3,60,9.759617162775454
3,61,10.256519949791466
3,62,10.957864026712755
3,63,12.801836277072018
3,64,14.706603388667556
3,65,17.195078330445213
3,66,20.307044374294723
3,67,23.400148931374968
3,68,26.661974666198564
3,69,27.49240438976645
3,70,30.416284108406767
3,71,30.51869271645418
3,72,31.097212959536577
3,73,28.691989642064442
3,74,25.325016060073164
3,75,24.8537294957863
3,76,25.434466777560377
3,77,22.287401523825174
3,78,18.551886724516095
3,79,15.490586823705126
3,80,13.857456795782758
3,81,10.329298097325474
3,82,9.61099415674742
3,83,7.2177165197301765
3,84,8.299920784410567
3,85,10.287854294758159
3,86,8.497501540773099
3,87,9.669514823246947
3,88,10.753732615318974
3,89,13.705676795394565
3,90,14.370498231157947
3,91,17.952049627577658
3,92,20.110006019390365
3,93,21.50465998693546
3,94,25.33613672411217
4,1,9.901795720046024
4,2,6.6060106636468765
4,3,3.8429623324168425
4,5,3.8082947231670263
4,6,6.021262050195552
4,7,9.484883948639819
4,8,12.734717032113757
4,9,15.762407049165967
4,10,19.40853410941532
4,11,21.66401377515905
4,12,24.968790349324106
4,13,26.86187086476738
4,14,30.325558800421287
4,15,32.78116482479399
4,16,30.9290551206162
4,17,27.823012527554866
4,18,24.354736461675245
4,19,21.549624413498467
4,20,18.151307132445428
4,21,15.055931009698558
4,22,11.59276662404772
4,23,9.20201168551891
4,24,5.651406547511589
4,25,5.191833356674004
4,26,5.3773547016542045
4,27,4.500274925687373
4,28,7.776265871455618
4,29,9.935748266361486
4,30,10.532930102467116
4,31,11.17287451733794
4,32,9.386594351288533
4,33,11.184529568107997
4,34,10.913091950146232
4,35,14.17904406988585
4,36,16.215379710606047
4,37,18.609299086637897
4,38,21.965795925387237
4,39,23.254232713803482
4,40,20.685395696879024
4,41,21.96171121283924
4,42,19.91309480291587
4,43,21.337887119730876
4,44,23.41513646690036
4,45,22.209852528782882
4,46,24.983131844017283
4,47,23.790533641411173
4,48,20.325926680852675
4,49,19.365962451478076
4,50,16.399543757021934
4,51,14.835749872170057
4,52,15.038579986154607
4,53,12.271501497961957
4,54,13.186259399853963
4,55,12.639256561152655
4,56,11.890005975898552
4,57,14.973150730869177
4,58,13.418792149894044
4,59,12.796992954294936
4,60,9.166256436061431
4,61,8.565236723522325
4,62,8.079102320762924
4,63,9.682341942535814
4,64,11.261679110275399
4,65,13.934891691991384
4,66,16.89447848262353
4,67,20.135371807349912
4,68,23.334401424052373
4,69,24.340660674958286
4,70,27.29303819798489
4,71,27.40892825224961
4,72,28.297858749894488
4,73,26.022383915498608
4,74,22.615685796004996
4,75,22.614640490440884
4,76,23.244166296170565
4,77,19.891739775802506
4,78,16.331584527110024
4,79,13.072525252598625
4,80,12.220354012970835
4,81,8.881458424425414
4,82,9.506587765831034
4,83,8.059709393186955
4,84,10.477908148119276
4,85,12.591592632819948
4,86,10.501249943505622
4,87,10.294040908711501
4,88,10.400304073602713
4,89,12.45844619319883
4,90,12.3216888713098
4,91,15.665833416006299
4,92,17.292126516783412
4,93,18.635299874701428
4,94,22.44784807784527
5,1,13.158154062627146
5,2,9.513054218945795
5,3,6.857635309514568
5,4,3.8082947231670263
5,6,3.823863076757441
5,7,6.527793855825565
5,8,10.207292275278373
5,9,13.057374962354869
5,10,16.815956903292182
5,11,19.27631602888694
5,12,22.809715818193048
5,13,24.445303315006946
5,14,28.05629885501001
5,15,30.636750482819824
5,16,28.680655511340937
5,17,25.82192344921071
5,18,22.26715350340797
5,19,19.781821011646908
5,20,16.346180522019434
5,21,13.506145967204015
5,22,10.301011073859137
5,23,7.963178274124931
5,24,5.655562064734772
5,25,5.383040015173942
5,26,6.452748761625392
5,27,7.594178187268317
5,28,11.214614072315216
5,29,13.582939985952548
5,30,13.909249078946372
5,31,14.652507508741182
5,32,12.462029651810465
5,33,13.551677871868526
5,34,12.268414445635909
5,35,14.893578896096535
5,36,16.113885184043635
5,37,18.569309564645287
5,38,21.556326868635033
5,39,22.87628714829616
5,40,20.81049364972115
5,41,22.420082687012773
5,42,20.61401203294773
5,43,21.72642420609986
5,44,24.1027049785703
5,45,23.135403146581016
5,46,25.526290642421145
5,47,23.833443912396667
5,48,20.402598744823543
5,49,19.48938832536817
5,50,17.001898995485295
5,51,15.410922054918698
5,52,16.388926430568453
5,53,14.259250796959485
5,54,14.918560032436346
5,55,14.357743451780493
5,56,12.76489006560907
5,57,15.934142313167417
5,58,14.47184156153729
5,59,14.817652047705288
5,60,11.369245227141645
5,61,10.722453060307314
5,62,9.321952131638305
5,63,10.679425422194115
5,64,11.324605706819677
5,65,13.88285644811191
5,66,16.16135907880754
5,67,19.312689369989126
5,68,22.097706235750255
5,69,22.854780280479776
5,70,25.48965022076127
5,71,25.16672443966747
5,72,26.110146283318876
5,73,24.233098090056465
5,74,20.620153062696726
5,75,20.80421563076286
5,76,21.967435073659004
5,77,18.76638402570589
5,78,15.421352161874454
5,79,12.576396240408148
5,80,12.73365456810378
5,81,10.203321380257506
5,82,11.9223987849391
5,83,11.353490514526806
5,84,14.019772711761428
5,85,15.66581445622472
5,86,12.978414057984423
5,87,12.109786600831203
5,88,10.982406211684992
5,89,12.185163801821828
5,90,10.950333730551618
5,91,13.75488795646208
5,92,15.030177172085535
5,93,15.753135308956862
5,94,19.537332844446368
6,1,15.83965356575827
6,2,12.507863181828345
6,3,9.294269144459781
6,4,6.021262050195552
6,5,3.823863076757441
6,7,3.8197188827044313
6,8,6.88848443205752
6,9,10.219997669678849
6,10,13.801281914116942
6,11,16.492163433886148
6,12,19.973208051721052
6,13,21.42327890108463
6,14,24.917872015546717
6,15,27.28733556101595
6,16,25.226482647339697
6,17,22.317189585590565
6,18,18.873109691031093
6,19,16.45863212943192
6,20,12.876015889709342
6,21,10.315420469901923
6,22,6.9088465359211515
6,23,5.677638435928904
6,24,4.631217390089513
6,25,6.746025838236598
6,26,9.314785552262823
6,27,10.007848533447872
6,28,13.510256610660095
6,29,15.393246299091594
6,30,14.997202086831361
6,31,15.014898420180733
6,32,12.05979787287647
6,33,12.069426750440318
6,34,9.920945843024997
6,35,11.867860660444745
6,36,12.57987005159129
6,37,15.045588656544576
6,38,17.897049819653795
6,39,19.376788859246496
6,40,17.56961844557548
6,41,19.147362134814045
6,42,17.41780228083387
6,43,18.35088275591633
6,44,20.926507134803014
6,45,20.274820382212823
6,46,22.520087086149054
6,47,20.52812763405606
6,48,17.271447945307894
6,49,16.7922150073151
6,50,14.791381675654186
6,51,13.889776510107465
6,52,15.580821878977977
6,53,14.107133482851271
6,54,15.50527733080267
6,55,15.863559568797303
6,56,14.719578803745314
6,57,18.238585942616822
6,58,17.388214494596333
6,59,17.61815937717414
6,60,13.961199869310425
6,61,12.356043357342104
6,62,9.9708535028649
6,63,9.900292522287193
6,64,9.291930082410383
6,65,11.063254771419558
6,66,12.967955000329255
6,67,15.843989100609713
6,68,18.53759073857825
6,69,19.125636588330625
6,70,21.779685127917762
6,71,21.58696362943904
6,72,22.506541333811768
6,73,20.49825108606555
6,74,16.94903691841494
6,75,17.259261743736236
6,76,18.276146096890677
6,77,15.00147498779684
6,78,11.761900903119917
6,79,8.976319503044673
6,80,9.789264670717913
6,81,8.092349680604537
6,82,10.858183739780463
6,83,11.502692540070212
6,84,14.829293276745057
6,85,16.038350158415778
6,86,13.159164032618264
6,87,11.20064176320953
6,88,9.270162495262381
6,89,9.415771917633872
6,90,7.658957462474128
6,91,10.325010709627941
6,92,11.457307784680742
6,93,12.6551950738758
6,94,16.45111548668529
7,1,19.363979101769424
7,2,15.878061622313677
7,3,12.912248799154678
7,4,9.484883948639819
7,5,6.527793855825565
7,6,3.8197188827044313
7,8,3.8417815612908885
7,9,6.679187239682674
7,10,10.375976998448582
7,11,13.154276109483323
7,12,16.799788484773668
7,13,18.084705698065402
7,14,21.70415355270509
7,15,24.253205371474003
7,16,22.243037850121606
7,17,19.522953975061885
7,18,15.95651608713987
7,19,13.823975348256118
7,20,10.393580750735527
7,21,8.200792684546725
7,22,5.83171430422138
7,23,5.208094187868644
7,24,6.627460661513477
7,25,8.529327648384413
7,26,11.490108743552428
7,27,13.04039138095562
7,28,16.70960978520896
7,29,18.67382053311849
7,30,17.902765887480978
7,31,18.119534719315762
7,32,15.108212233504334
7,33,14.73458752374197
7,34,11.890837936185639
7,35,12.975516663980825
7,36,12.759719421045741
7,37,15.3937910749956
7,38,17.71714830753745
7,39,19.492325851600718
7,40,18.397371628145205
7,41,19.95539208326508
7,42,18.316517251857587
7,43,18.605391567102792
7,44,21.216008403958423
7,45,20.668092860838726
7,46,22.32936768667762
7,47,19.923142570997065
7,48,16.77556798850109
7,49,16.22807653346528
7,50,14.89304469761706
7,51,14.015950748247192
7,52,16.406601978593
7,53,15.713661165489638
7,54,16.857190460461567
7,55,17.38728999816933
7,56,15.837337868592279
7,57,19.347845878420255
7,58,18.906324327779657
7,59,19.759056832171314
7,60,16.287206603064547
7,61,14.477101078022901
7,62,11.524035689174896
7,63,11.063092239137092
7,64,9.487315591378282
7,65,10.874588894874288
7,66,11.722883164076535
7,67,14.414743489380324
7,68,16.554395448764435
7,69,17.06345545869782
7,70,19.417123798966475
7,71,18.883256362092787
7,72,20.130918325495685
7,73,18.604078770360278
7,74,14.963826473348622
7,75,15.899735542330781
7,76,17.324422833895827
7,77,14.185292765497968
7,78,11.641744775223925
7,79,9.515284886663874
7,80,11.610273370568313
7,81,10.90937726455306
7,82,14.160049642669845
7,83,15.14401034304738
7,84,18.58019078807526
7,85,19.753510878034007
7,86,16.806880164073675
7,87,14.524552251530706
7,88,12.042667947756799
7,89,11.104178884944925
7,90,8.171126989002843
7,91,9.448407655989042
7,92,9.38954959624961
7,93,9.862264626815612
7,94,13.513036712607962
8,1,22.605656352696336
8,2,19.294670566458286
8,3,16.162429691497557
8,4,12.734717032113757
8,5,10.207292275278373
8,6,6.88848443205752
8,7,3.8417815612908885
8,9,3.846216377396493
8,10,7.033419964830263
8,11,10.131829811899507
8,12,13.680925846566703
8,13,14.682215771432222
8,14,18.18157098952721
8,15,20.552144730561917
8,16,18.47623731301898
8,17,15.721654484221597
8,18,12.223207127518696
8,19,10.296639235105722
8,20,6.780797955753867
8,21,5.526056070713266
8,22,4.413174047126125
8,23,6.129118957255824
8,24,8.878414259039284
8,25,11.488015532855803
8,26,14.85309032359764
8,27,16.17285739889761
8,28,19.699120094230512
8,29,21.351965877714758
8,30,20.096288671312383
8,31,19.89496219537044
8,32,16.578266274590582
8,33,15.398652009376397
8,34,11.971622691474835
8,35,11.90681351963878
8,36,10.701317293755586
8,37,13.287971571372568
8,38,15.101255103236433
8,39,17.197604323304162
8,40,16.728322688994542
8,41,18.090449118781063
8,42,16.587407691235587
8,43,16.34383586229902
8,44,19.03365195810924
8,45,18.83535781044538
8,46,20.045611508441834
8,47,17.23585570145227
8,48,14.444114688661479
8,49,14.36374887299385
8,50,13.922003192363107
8,51,13.814929300870002
8,52,16.84084071674163
8,53,16.922322076832323
8,54,18.474772374695558
8,55,19.650582214227768
8,56,18.4369368547423
8,57,22.042715447768938
8,58,22.061257297179427
8,59,22.86484851532025
8,60,19.357256420401733
8,61,17.04684822960455
8,62,13.674301291561791
8,63,12.208393807123977
8,64,9.49869981489814
8,65,9.5864232441231
8,66,9.254096034291008
8,67,11.321252723782651
8,68,13.011221306694058
8,69,13.316886839217783
8,70,15.594538655632844
8,71,15.141380350286708
8,72,16.586327737637646
8,73,15.101664326665235
8,74,11.580632090653145
8,75,13.10159450838661
8,76,14.414243813198441
8,77,11.31442541260646
8,78,9.556602160228135
8,79,8.162376829010313
8,80,11.276744477807494
8,81,11.752940944039977
8,82,15.437676488257877
8,83,17.142545489560682
8,84,20.822927228414198
8,85,21.72894735300224
8,86,18.831753095863355
8,87,15.96931596650625
8,88,13.139509418636507
8,89,11.115835580647632
8,90,7.744938027062
8,91,7.682298000769914
8,92,6.3611734257844175
8,93,7.236086051343964
8,94,10.613274310988146
9,1,25.624910098495395
9,2,22.222175771314603
9,3,19.377478845824992
9,4,15.762407049165967
9,5,13.057374962354869
9,6,10.219997669678849
9,7,6.679187239682674
9,8,3.846216377396493
9,10,3.8079870950527033
9,11,6.6175257998267325
9,12,10.359052576336166
9,13,11.448393920449652
9,14,15.138406911349177
9,15,17.905956026200748
9,16,16.198945401580893
9,17,13.606086376493586
9,18,9.888023787711385
9,19,8.217684427117504
9,20,5.704667708914727
9,21,5.2762260311538
9,22,6.6382275904935995
9,23,7.966767090265021
9,24,11.422807304882994
9,25,13.500536187662048
9,26,16.905291670081628
9,27,18.746455041636544
9,28,22.329415403369687
9,29,24.03803692215957
9,30,22.485239675822363
9,31,22.604163939215205
9,32,19.47057432548789
9,33,18.348964107063797
9,34,14.780465681390382
9,35,14.378839557624923
9,36,12.823564929689649
9,37,15.532092186274046
9,38,16.841843493812245
9,39,19.28639559814574
9,40,19.380369895150174
9,41,20.422055292155353
9,42,18.829424895088874
9,43,17.869640353324918
9,44,20.20902999700931
9,45,19.85621345824969
9,46,20.37229846754525
9,47,17.422839434259753
9,48,14.804125089792551
9,49,14.353748024281284
9,50,14.540020439900994
9,51,14.27336744411487
9,52,17.638217265554367
9,53,18.374044097679775
9,54,19.534053455019166
9,55,20.794387350188238
9,56,19.35668936796299
9,57,22.79742383201139
9,58,23.25660539881606
9,59,24.505825990638034
9,60,21.250884873470635
9,61,18.83422672815199
9,62,15.265400436154161
9,63,13.734199770289905
9,64,10.776893933888847
9,65,10.715306405446858
9,66,9.299671696439217
9,67,11.05285115242187
9,68,11.937160185329448
9,69,12.526211585457725
9,70,14.44063276819783
9,71,13.76281402973349
9,72,15.920558833275848
9,73,15.1242310858964
9,74,11.924952006767546
9,75,14.338365048697362
9,76,15.765539118570384
9,77,12.977286393161235
9,78,12.207802920865577
9,79,11.272991535693569
9,80,14.67153392537466
9,81,15.284710762008382
9,82,18.967563482626005
9,83,20.559312911047005
9,84,24.256281113475207
9,85,25.384095177001058
9,86,22.590634891481916
9,87,19.754588886342084
9,88,16.968376852329964
9,89,14.77820985516572
9,90,11.328249948558023
9,91,10.406057742108084
9,92,7.8017697217812625
9,93,7.536057777774391
9,94,9.900671197537998
10,1,29.252272131556627
10,2,25.922320326485977
10,3,23.006660623209218
10,4,19.40853410941532
10,5,16.815956903292182
10,6,13.801281914116942
10,7,10.375976998448582
10,8,7.033419964830263
10,9,3.8079870950527033
10,11,3.8104848323591405
10,12,7.298247220851998
10,13,7.747196933096216
10,14,11.406723782584175
10,15,14.147248481878087
10,16,12.509288268900882
10,17,10.07821922122488
10,18,6.409096710496789
10,19,5.729067996218351
10,20,4.758259196683688
10,21,6.558614417897841
10,22,9.186566219823046
10,23,11.204184998617528
10,24,14.831524375282592
10,25,17.083611642347986
10,26,20.581546200001313
10,27,22.340957744246484
10,28,25.84114444291387
10,29,27.389980764528108
10,30,25.579336356319
10,31,25.49237066606331
10,32,22.270545524512105
10,33,20.729228848073152
10,34,16.994686369222322
10,35,15.824765744143741
10,36,13.583543792643363
10,37,15.942085578393021
10,38,16.488730985724995
10,39,19.111624260918635
10,40,19.90728374318614
10,41,20.698599405203677
10,42,19.335185608914884
10,43,17.80224552313001
10,44,19.991578876128052
10,45,19.956818411472952
10,46,19.809939156985262
10,47,16.553958648274197
10,48,14.589213963215554
10,49,14.52655879603673
10,50,15.667786488875302
10,51,15.972072054624265
10,52,19.615222963752156
10,53,20.9140822080073
10,54,22.21586919408149
10,55,23.81537790257243
10,56,22.553230602224996
10,57,25.943813796248904
10,58,26.690875797754405
10,59,27.96677280024985
10,60,24.75434576107042
10,61,22.129691012708072
10,62,18.44364005170504
10,63,16.48396317441781
10,64,13.138298743350974
10,65,12.184298984667
10,66,9.610327529204335
10,67,10.139910158884202
10,68,9.784123678278814
10,69,10.100762068706974
10,70,11.465663674982485
10,71,10.675132882946503
10,72,13.369484087661494
10,73,13.10014186772965
10,74,10.496136463345243
10,75,13.646696365977007
10,76,14.958899250014353
10,77,12.695105888296514
10,78,13.062613245934052
10,79,12.95965937125241
10,80,16.66329052747349
10,81,17.916269637115843
10,82,21.69105790219304
10,83,23.62856674192144
10,84,27.40688664258505
10,85,28.370952886897474
10,86,25.618216435447568
10,87,22.520506223067834
10,88,19.60126941508404
10,89,16.91331895842919
10,90,13.50306140413345
10,91,11.68249669334094
10,92,8.21173848461487
10,93,7.718503138018231
10,94,8.593401933839955
11,1,31.314527204848837
11,2,28.0508480903092
11,3,25.408442596169838
11,4,21.66401377515905
11,5,19.27631602888694
11,6,16.492163433886148
11,7,13.154276109483323
11,8,10.131829811899507
11,9,6.6175257998267325
11,10,3.8104848323591405
11,12,3.8188530818011683
11,13,5.599606476541323
11,14,9.226390545310721
11,15,12.529431570750928
11,16,11.932921552931072
11,17,9.447453992073347
11,18,5.934958307799527
11,19,5.0628867996146925
11,20,6.381504175373852
11,21,7.848851493568805
11,22,11.274051170183613
11,23,12.840941478486306
11,24,16.64994742115007
11,25,18.605234342128302
11,26,22.131562180940424
11,27,24.056811328833938
11,28,27.443957161016094
11,29,28.88807714595336
11,30,26.717559593542436
11,31,26.85455886603566
11,32,23.882402726049975
11,33,22.454219163366687
11,34,18.759572771273326
11,35,17.54682393747725
11,36,15.510578462317588
11,37,18.117403616856535
11,38,18.61045691017315
11,39,21.60848955200729
11,40,22.507325222538036
11,41,22.771120647072124
11,42,21.068680468418727
11,43,18.963156116351335
11,44,20.529183806641985
11,45,20.10312393462141
11,46,19.347090889850605
11,47,16.340502331062456
11,48,14.521013738971053
11,49,13.913070131940957
11,50,15.500107890676755
11,51,15.689530438010749
11,52,19.38604662600948
11,53,21.270130972393307
11,54,22.30377699709825
11,55,24.111964616756836
11,56,22.962971750567707
11,57,26.16236423361747
11,58,27.41317479990683
11,59,28.840067558682737
11,60,25.869320862113682
11,61,23.05449332250456
11,62,19.31798777158536
11,63,17.22409705428647
11,64,13.922017985911161
11,65,12.940538574537426
11,66,9.97615925975467
11,67,10.337121487878857
11,68,9.507709814559831
11,69,10.773130395363072
11,70,12.084177834435621
11,71,11.820036833611496
11,72,15.153412839193479
11,73,15.146435050118422
11,74,13.246837046631981
11,75,16.735542429845932
11,76,17.606435956164923
11,77,15.36053235078617
11,78,16.04511983079206
11,79,15.683979435365101
11,80,19.30296875359792
11,81,20.407013541010148
11,82,24.08049152863589
11,83,25.85235362661972
11,84,29.63315857888214
11,85,30.902160324921912
11,86,28.40586752245041
11,87,25.373497635691326
11,88,22.722944358925133
11,89,20.140146180629152
11,90,16.92353634578705
11,91,15.29557520165847
11,92,11.810450861126196
11,93,11.445126806971786
11,94,11.73464466310567
12,1,34.44974563893046
12,2,31.31426557014457
12,3,28.73107094946538
12,4,24.968790349324106
12,5,22.809715818193048
12,6,19.973208051721052
12,7,16.799788484773668
12,8,13.680925846566703
12,9,10.359052576336166
12,10,7.298247220851998
12,11,3.8188530818011683
12,13,3.8262738964372924
12,14,6.433508570639837
12,15,9.92367177554591
12,16,10.414717006854074
12,17,8.090923508514155
12,18,5.691987852119804
12,19,5.648839387226066
12,20,8.664438494171081
12,21,10.500282257183152
12,22,14.211346138138499
12,23,15.904975867404282
12,24,19.715258560514535
12,25,21.709448726281035
12,26,25.285626690953944
12,27,27.1074818664499
12,28,30.335463101779304
12,29,31.580363859830005
12,30,29.109582664977953
12,31,29.161871906463084
12,32,26.283460475353703
12,33,24.67218167917533
12,34,21.015448790512515
12,35,19.426080665863342
12,36,17.27229565415353
12,37,19.70853095148071
12,38,19.810575112361494
12,39,23.017403534133166
12,40,24.249041270461497
12,41,24.050906839161204
12,42,22.315879586546234
12,43,19.680800985785837
12,44,20.722508478729516
12,45,20.288954004648588
12,46,18.817498657879494
12,47,15.951249440680082
12,48,14.780453644938655
12,49,14.217411758518752
12,50,16.51144429656891
12,51,17.061872731493537
12,52,20.74821959017581
12,53,23.145855022999896
12,54,24.212111745903904
12,55,26.33524864289814
12,56,25.466347704414062
12,57,28.546411340576356
12,58,30.155617479851006
12,59,31.534283691153103
12,60,28.67793311012062
12,61,25.659737837230193
12,62,21.915727593681456
12,63,19.53437421127814
12,64,16.185477772378846
12,65,14.75177375851824
12,66,11.373543788406224
12,67,10.864423421352955
12,68,9.109537046650614
12,69,10.760569147529763
12,70,11.67730850536388
12,71,11.981971520844846
12,72,15.69563631255046
12,73,15.945401567302252
12,74,14.911634431263032
12,75,18.656723661889654
12,76,19.07175362258825
12,77,17.134452132644352
12,78,18.40799062550758
12,79,18.256776035289707
12,80,21.83948429338732
12,81,23.167359138531804
12,82,26.774611100232715
12,83,28.659544566142777
12,84,32.45630474871443
12,85,33.75548888621641
12,86,31.44898429287064
12,87,28.319946763907257
12,88,25.78592359640441
12,89,23.06015958729734
12,90,20.055579692711458
12,91,18.27381770735162
12,92,14.68553894420587
12,93,14.555669040312306
12,94,14.177702495468932
13,1,36.57970815327703
13,2,33.35293504878019
13,3,30.523710474243636
13,4,26.86187086476738
13,5,24.445303315006946
13,6,21.42327890108463
13,7,18.084705698065402
13,8,14.682215771432222
13,9,11.448393920449652
13,10,7.747196933096216
13,11,5.599606476541323
13,12,3.8262738964372924
13,14,3.836407884066408
13,15,7.247122815141751
13,16,7.179969475227023
13,17,5.915825244022178
13,18,4.632717948103214
13,19,6.9722310424643394
13,20,9.757700487991753
13,21,12.508058292684941
13,22,15.963812007867686
13,23,18.11035659683514
13,24,21.89034248569078
13,25,24.089931912021882
13,26,27.65776024743126
13,27,29.45000998548563
13,28,32.799369908260125
13,29,34.123469230864615
13,30,31.85168203623739
13,31,31.681282503592456
13,32,28.56028675095034
13,33,26.678461787795165
13,34,22.921578323852547
13,35,20.995786015436874
13,36,18.30698453974143
13,37,20.1556833483254
13,38,19.608935975987254
13,39,22.45991644316542
13,40,24.20686617353163
13,41,24.315006739222433
13,42,23.14931847096577
13,43,20.62668281466468
13,44,22.034883129591233
13,45,22.221852009922458
13,46,20.710845716140582
13,47,17.465819152589873
13,48,16.83287105001969
13,49,16.986881361208148
13,50,19.438685143835873
13,51,20.284718529435054
13,52,24.04081120444118
13,53,26.239360388816614
13,54,27.485897914027113
13,55,29.51702705619031
13,56,28.49912098693387
13,57,31.661081907134417
13,58,32.99812227514786
13,59,34.40833993821874
13,60,31.41106659376182
13,61,28.507180168222455
13,62,24.74005070287803
13,63,22.377231891792814
13,64,18.870094896292432
13,65,17.169534934473916
13,66,13.61747642494264
13,67,12.40692215551653
13,68,9.783874976362537
13,69,10.072607068397694
13,70,9.723591245088855
13,71,9.22447502396233
13,72,12.968279866373237
13,73,13.992065392482633
13,74,13.36698174792909
13,75,17.166857753718315
13,76,17.904344804075357
13,77,16.691030301077586
13,78,18.502759905645885
13,79,19.10478755708578
13,80,22.848878920673116
13,81,24.608028859061893
13,82,28.342438547427307
13,83,30.516110740338682
13,84,34.34942052975716
13,85,35.29988954262633
13,86,32.74971258761198
13,87,29.449157972111152
13,88,26.581281677152912
13,89,23.530368576961592
13,90,20.390730804210996
13,91,17.976482948332308
13,92,14.197292339466644
13,93,13.599976211109993
13,94,12.25266724999179
14,1,39.96483628090441
14,2,36.83696147938735
14,3,33.96399876518338
14,4,30.325558800421287
14,5,28.05629885501001
14,6,24.917872015546717
14,7,21.70415355270509
14,8,18.18157098952721
14,9,15.138406911349177
14,10,11.406723782584175
14,11,9.226390545310721
14,12,6.433508570639837
14,13,3.836407884066408
14,15,3.834058299713413
14,16,5.517094878875263
14,17,5.512395672921896
14,18,6.647060028449036
14,19,9.38760768523483
14,20,12.649412496219718
14,21,15.611030213580747
14,22,19.13089049412414
14,23,21.479626078610444
14,24,25.24069387200628
14,25,27.573669902074368
14,26,31.204921188700446
14,27,32.854385998531804
14,28,36.09854051208882
14,29,37.262160944107634
14,30,34.8149754738893
14,31,34.46727256988222
14,32,31.347144339405823
14,33,29.231754345580715
14,34,25.51859005828507
14,35,23.23190266868634
14,36,20.37811617175704
14,37,21.866605654519216
14,38,20.82963301853318
14,39,23.668706896132086
14,40,25.797705206544993
14,41,25.583266971085205
14,42,24.594752447996264
14,43,21.747375827243363
14,44,22.80073081345542
14,45,23.21745559562122
14,46,21.169587887976384
14,47,18.034546898401704
14,48,18.15705114050285
14,49,18.620631458193653
14,50,21.54697488308822
14,51,22.767350299082114
14,52,26.490299736136475
14,53,28.96906531550535
14,54,30.348754801933197
14,55,32.615844826317726
14,56,31.816564097089685
14,57,34.95152328318122
14,58,36.463847037436025
14,59,37.78277796724927
14,60,34.796492557537526
14,61,31.746747720992207
14,62,27.96562054519632
14,63,25.37020220237873
14,64,21.79404178770094
14,65,19.71428358354273
14,66,15.97081427649766
14,67,14.056336805986406
14,68,10.76687222712046
14,69,10.847941471055902
14,70,9.694913046345716
14,71,9.711331284792976
14,72,13.391608513011647
14,73,14.742658943536389
14,74,15.091130987011315
14,75,18.878890440236567
14,76,19.206259713377026
14,77,18.485877824036013
14,78,20.825466165989965
14,79,21.738190622218504
14,80,25.41664763392756
14,81,27.45338052640052
14,82,31.13605910079486
14,83,33.49029701157556
14,84,37.33510073862735
14,85,38.18668848316043
14,86,35.74565685218329
14,87,32.325797472127206
14,88,29.49858083686622
14,89,26.284017647397256
14,90,23.354761894618587
14,91,20.771882418075123
14,92,17.03677658892803
14,93,16.675273676127997
14,94,14.83717817648726
15,1,42.36824988087626
15,2,39.34821950271506
15,3,36.302799227613015
15,4,32.78116482479399
15,5,30.636750482819824
15,6,27.28733556101595
15,7,24.253205371474003
15,8,20.552144730561917
15,9,17.905956026200748
15,10,14.147248481878087
15,11,12.529431570750928
15,12,9.92367177554591
15,13,7.247122815141751
15,14,3.834058299713413
15,16,3.8247147264381245
15,17,5.462846571495181
15,18,8.438465500153239
15,19,11.550717298109806
15,20,14.708030651460016
15,21,18.022882530592412
15,22,21.366616133887685
15,23,24.10138630306119
15,24,27.760128381861836
15,25,30.381137124239167
15,26,34.08427184512892
15,27,35.4690588903172
15,28,38.62975568884045
15,29,39.64194992416585
15,30,37.16338977498582
15,31,36.48125633676976
15,32,33.24267177710008
15,33,30.792626324207756
15,34,27.133632846579847
15,35,24.43762779801477
15,36,21.30774907605436
15,37,22.207279701950238
15,38,20.569352907463312
15,39,23.17729626219571
15,40,25.73523622046954
15,41,25.375710242615746
15,42,24.800427731695162
15,43,21.872172683787063
15,44,22.85211433998264
15,45,23.776066069632805
15,46,21.495046725229585
15,47,18.32411648010034
15,48,19.200015494366593
15,49,20.285622032099166
15,50,23.510063024808133
15,51,25.204010225542778
15,52,28.91213159888928
15,53,31.424300036565462
15,54,33.113260830230125
15,55,35.57075975726906
15,56,34.9770671803796
15,57,38.21654640883941
15,58,39.682893789312246
15,59,40.799990757709296
15,60,37.68694285592566
15,61,34.539015603001374
15,62,30.74689354593738
15,63,27.921358892229026
15,64,24.2225921033983
15,65,21.714115332933567
15,66,17.887983007079203
15,67,15.292826465412597
15,68,11.55678326996631
15,69,10.866490190787776
15,70,8.766789257040768
15,71,9.17832068345452
15,72,12.38001193540922
15,73,13.959247312736725
15,74,15.26994468705728
15,75,18.84912575440122
15,76,18.810787480721462
15,77,18.746316751563445
15,78,21.61666098033055
15,79,23.028868864237772
15,80,26.606056084290618
15,81,29.039826911174007
15,82,32.66919612810846
15,83,35.31432758842764
15,84,39.15175720419418
15,85,39.72156708545114
15,86,37.31562202206351
15,87,33.74145875966791
15,88,30.88119123183971
15,89,27.453433196910478
15,90,24.78018464352785
15,91,21.955863051483277
15,92,18.378801000462268
15,93,18.309755568928626
15,94,16.052351219987518
16,1,40.585868382887135
16,2,37.53413141672189
16,3,34.30579375188185
16,4,30.9290551206162
16,5,28.680655511340937
16,6,25.226482647339697
16,7,22.243037850121606
16,8,18.47623731301898
16,9,16.198945401580893
16,10,12.509288268900882
16,11,11.932921552931072
16,12,10.414717006854074
16,13,7.179969475227023
16,14,5.517094878875263
16,15,3.8247147264381245
16,17,3.844496542485415
16,18,7.0269476027402025
16,19,10.678556862304417
16,20,13.10492101589476
16,21,16.737818408103642
16,22,19.703938993727384
16,23,22.704749278272825
16,24,26.23288921666773
16,25,29.02911524154312
16,26,32.69962427337467
16,27,33.97141733284508
16,28,37.20212461424458
16,29,38.28809556156704
16,30,36.06863416859959
16,31,35.2161539498597
16,32,31.78589441510718
16,33,29.21837025959748
16,34,25.527986133077654
16,35,22.771155254465647
16,36,19.383209337254403
16,37,19.938067454277068
16,38,18.07751807266915
16,39,20.34167259418423
16,40,23.045765815147362
16,41,23.118864194246804
16,42,22.930045688331603
16,43,20.39990096151055
16,44,21.962780148903025
16,45,23.268353984629975
16,46,21.490253948113065
16,47,17.962659099364526
16,48,18.696131276125616
16,49,20.182056255449343
16,50,23.16113935363387
16,51,24.931427534379036
16,52,28.69519971222925
16,53,30.83800124594855
16,54,32.711321733959984
16,55,35.03363673214287
16,56,34.335339024170935
16,57,37.722853987667136
16,58,38.84549306901357
16,59,39.87910922873278
16,60,36.59612062843874
16,61,33.575591407401625
16,62,29.79861045806972
16,63,27.040393763656354
16,64,23.272091814178687
16,65,20.721103879409092
16,66,16.994916912189787
16,67,14.362072045957103
16,68,10.696101376029203
16,69,8.883689294733779
16,70,5.999057253950543
16,71,5.496772372662104
16,72,8.617096815302709
16,73,10.524682242014707
16,74,11.865676169147095
16,75,15.322525318034092
16,76,15.588227118109879
16,77,15.884530650431964
16,78,18.873588584078995
16,79,20.69956852796883
16,80,24.30154034446137
16,81,26.933484335933525
16,82,30.608444999094324
16,83,33.40585191520823
16,84,37.2249505632358
16,85,37.52286276545592
16,86,34.93124568002255
16,87,31.30239170467661
16,88,28.247700356422328
16,89,24.69892349270873
16,90,22.002872311486385
16,91,18.913225300620184
16,92,15.429973602264075
16,93,15.298608963092075
16,94,12.77390561280791
17,1,37.349546450099716
17,2,34.404550913844886
17,3,31.236040500225318
17,4,27.823012527554866
17,5,25.82192344921071
17,6,22.317189585590565
17,7,19.522953975061885
17,8,15.721654484221597
17,9,13.606086376493586
17,10,10.07821922122488
17,11,9.447453992073347
17,12,8.090923508514155
17,13,5.915825244022178
17,14,5.512395672921896
17,15,5.462846571495181
17,16,3.844496542485415
17,18,3.8258941204996724
17,19,7.107268518227258
17,20,9.744483571530148
17,21,13.319470592631145
17,22,16.380791382585702
17,23,19.426792415768336
17,24,22.93807382529231
17,25,25.82280423812787
17,26,29.562442886260985
17,27,30.68224659407757
17,28,33.805506404870016
17,29,34.776545478085005
17,30,32.439009624441326
17,31,31.563403373789477
17,32,28.1914052261847
17,33,25.64274524103837
17,34,21.965210236021164
17,35,19.231303503081342
17,36,15.991693717483827
17,37,16.92054769521006
17,38,15.508371978977173
17,39,18.248070053833672
17,40,20.557608629301804
17,41,20.376965500082182
17,42,19.75715743962969
17,43,17.090415621075383
17,44,18.575597516518286
17,45,19.63808388994189
17,46,17.977550904421673
17,47,14.418737316417502
17,48,14.907728653105927
17,49,16.35367557718508
17,50,19.33253737610189
17,51,21.19921117247144
17,52,24.944539116212916
17,53,27.122970267656882
17,54,29.098171920098064
17,55,31.552535060086978
17,56,31.063783751464502
17,57,34.50019777379147
17,58,35.70332091853087
17,59,36.55988150295907
17,60,33.26223469489192
17,61,30.120873405970435
17,62,26.34599822106787
17,63,23.442730001816457
17,64,19.655904288083384
17,65,16.98570556185695
17,66,13.227079475561487
17,67,10.550579005833637
17,68,6.901034494316311
17,69,5.655534018353788
17,70,4.266784047895315
17,71,5.4457109337628635
17,72,9.05652799131105
17,73,9.582559778914707
17,74,10.360909986761273
17,75,14.076606936229252
17,76,13.915948333387744
17,77,13.416980977375804
17,78,16.174949932476547
17,79,17.59288125638017
17,80,21.168051669299675
17,81,23.67776640606723
17,82,27.31164176368289
17,83,30.049092591841497
17,84,33.87745214532459
17,85,34.32957221048345
17,86,31.903791973286424
17,87,28.304127259189812
17,88,25.45388589037989
17,89,22.02114053225571
17,90,19.44709129886932
17,91,16.741107178963823
17,92,13.264004816747839
17,93,13.805885371125408
17,94,12.157100124366984
18,1,33.96804930557617
18,2,30.932027399373972
18,3,27.86476439823438
18,4,24.354736461675245
18,5,22.26715350340797
18,6,18.873109691031093
18,7,15.95651608713987
18,8,12.223207127518696
18,9,9.888023787711385
18,10,6.409096710496789
18,11,5.934958307799527
18,12,5.691987852119804
18,13,4.632717948103214
18,14,6.647060028449036
18,15,8.438465500153239
18,16,7.0269476027402025
18,17,3.8258941204996724
18,19,3.7945001660974227
18,20,6.324413789719353
18,21,9.781386586348097
18,22,12.981034923682811
18,23,15.81478441863625
18,24,19.416842130834656
18,25,22.156423895009333
18,26,25.871909038371715
18,27,27.150910162481452
18,28,30.36085300036454
18,29,31.468760184154593
18,30,29.208312354121
18,31,28.581986425443674
18,32,25.262372838703683
18,33,23.008716052713126
18,34,19.25295435114687
18,35,16.947819428071462
18,36,13.988504635027823
18,37,15.600283744095382
18,38,14.990311686150395
18,39,17.932348006349123
18,40,19.648942357831967
18,41,19.6888811319822
18,42,18.62792953994082
18,43,16.19932281834724
18,44,17.900208350176197
18,45,18.466122562527666
18,46,17.292763978381956
18,47,13.751318224391097
18,48,13.247817332103185
18,49,14.153109287728673
18,50,16.686472359754745
18,51,18.142406047196896
18,52,21.929617970291307
18,53,23.93874940416799
18,54,25.738986444890383
18,55,28.017341213189685
18,56,27.372303040937084
18,57,30.804818128853928
18,58,31.947196073226053
18,59,32.894194226746016
18,60,29.627601104377142
18,61,26.56784419982362
18,62,22.78533937206759
18,63,20.05893803861435
18,64,16.3208562400271
18,65,14.019177308967636
18,66,10.354275786709495
18,67,8.521551010480088
18,68,5.778247593365046
18,69,5.622479999819101
18,70,6.244678717988121
18,71,6.748909701428483
18,72,10.32550375815684
18,73,10.272559692335474
18,74,9.61540447120053
18,75,13.436911747265535
18,76,13.666402250522413
18,77,12.256408528656834
18,78,14.270680725171703
18,79,15.101217903807257
18,80,18.79947887808841
18,81,20.918110939322556
18,82,24.62519505029567
18,83,27.112575808254313
18,84,30.958924978259653
18,85,31.64506594969577
18,86,29.169351742477428
18,87,25.70700396308244
18,88,22.88546594741875
18,89,19.671974492884168
