1,2,3.8076674723394364
1,3,6.584230739274701
1,4,10.042802162366415
1,5,13.131541163462662
1,6,15.372325048973122
1,7,18.55590980188153
1,8,21.059802968115168
1,9,23.87659417492597
1,10,23.849366395494116
1,11,27.021633689279703
1,12,28.115592936763598
1,13,29.224480631970817
1,14,31.41535398865422
1,15,32.78343208084902
1,16,30.660633566199458
1,17,32.151568605530755
1,18,32.92486746888945
1,19,32.2610600361953
1,20,34.83632340882604
1,21,32.59610117698744
1,22,33.012925137031424
1,23,29.45108163573264
1,24,28.830064796145273
1,25,26.858501692895853
1,26,25.992853736596
1,27,25.21850896457657
1,28,24.105537232586475
1,29,23.99689898618796
1,30,21.542413289658153
1,31,23.128469572983526
1,32,20.12098462810761
1,33,18.668932996469152
1,34,15.524942530900685
1,35,13.643289233861228
1,36,10.956672159313406
1,37,11.056325495154564
1,38,11.715784504182087
1,39,15.426637398476947
1,40,17.64351024115818
1,41,19.895565622794383
1,42,22.34293145855396
1,43,26.006764903180393
1,44,28.345035699931707
1,45,32.04465791291868
1,46,32.291865368466404
1,47,31.244567864522374
1,48,32.07953062297973
1,49,29.65435098167673
1,50,27.11787035869185
1,51,26.763219982977095
1,52,24.67020327156581
1,53,27.01249012075891
1,54,26.682889584015847
1,55,23.535863311290043
1,56,20.90931002428541
1,57,21.402940333854264
1,58,18.3774032950604
1,59,15.414036939905241
1,60,13.012971658570738
1,61,14.396956244393596
1,62,12.27917180531693
1,63,14.13510083400209
1,64,12.738963394190318
1,65,15.048444803651012
1,66,16.462004906898034
1,67,19.84675210219424
1,68,22.09453651308188
1,69,23.72833509169879
1,70,21.491521977329633
1,71,22.23647923835488
1,72,20.42950115558544
1,73,21.893046221341503
1,74,21.17937330368837
1,75,23.370593840762425
1,76,24.403015578395177
1,77,26.590618412744565
1,78,29.11985699493123
1,79,31.276703626325332
1,80,35.05162911769434
1,81,37.03408099145426
1,82,35.955181952432795
1,83,32.45647526413135
1,84,30.395978622036473
1,85,27.407342494719078
1,86,25.420041477577463
1,87,22.790895558407755
1,88,21.29474351688456
1,89,22.056170410270717
1,90,25.02182269914121
1,91,28.55621479953564
1,92,27.45814827270123
1,93,25.8390777484057
1,94,27.6317013872586
1,95,29.272825850256844
1,96,31.361505780800364
1,97,33.919047071320314
1,98,33.81617647694697
1,99,36.245418231560855
1,100,36.02147402204451
1,101,38.58261099736358
1,102,39.52049322894733
2,1,3.8076674723394364
2,3,3.8090997221480185
2,4,6.727479637456116
2,5,9.900033369978415
2,6,12.636273983559867
2,7,15.517659766970873
2,8,18.3949537745624
2,9,21.32577094551409
2,10,21.655663236346626
2,11,25.042103504509047
2,12,26.433028429962196
2,13,27.936145849422914
2,14,30.20459357218036
2,15,31.36152522084222
2,16,29.312936627653382
2,17,31.150659521266903
2,18,31.992178011527105
2,19,31.735279677486513
2,20,34.500084136003174
2,21,32.2252397741236
2,22,32.203947258718614
2,23,28.575995144333735
2,24,27.751531736617018
2,25,26.003315719286885
2,26,24.836617703789226
2,27,24.198061243813672
2,28,22.69974559010321
2,29,22.597214169237553
2,30,19.859673167075055
2,31,21.254904946602966
2,32,18.156206013657258
2,33,17.10903956833996
2,34,13.591954486623743
2,35,12.341458812267888
2,36,10.092233400756864
2,37,9.083576389902408
2,38,9.48475484029007
2,39,13.245041535101807
2,40,14.95809116782563
2,41,17.598067800799463
2,42,20.03546194355466
2,43,23.741917177984107
2,44,25.756625264791875
2,45,29.424047116059363
2,46,29.35319943271651
2,47,28.14226647768238
2,48,28.762256354177698
2,49,26.41116963682843
2,50,24.03769138017779
2,51,23.894102435675276
2,52,22.146721396085482
2,53,24.827371790378876
2,54,24.95094117719801
2,55,22.133212128178865
2,56,19.61922474026824
2,57,20.758151958772096
2,58,17.892135163677622
2,59,15.220292965143447
2,60,12.165228161246379
2,61,13.36236684682582
2,62,11.31849076478698
2,63,13.210053642165306
2,64,12.754712689457948
2,65,14.900352000421092
2,66,15.75809157268299
2,67,19.305330011081523
2,68,20.9783033248615
2,69,22.539206780032757
2,70,20.735530245204895
2,71,21.49623428691871
2,72,19.756867885077092
2,73,21.294187608246666
2,74,20.354175035472128
2,75,22.55995328042494
2,76,23.172031678060083
2,77,25.411715805450967
2,78,27.544953938554936
2,79,29.59174262499108
2,80,33.37058231357727
2,81,35.08243235668886
2,82,33.77151330539262
2,83,30.171348889162577
2,84,28.00572858337001
2,85,25.204480026315014
2,86,22.87441301589842
2,87,20.31139752441193
2,88,18.492916373932122
2,89,18.82917953132605
2,90,21.654706801111338
2,91,25.274958931531568
2,92,24.47790144644978
2,93,22.932516494458675
2,94,25.032383966002797
2,95,26.75664899587626
2,96,29.13542079025069
2,97,31.67396681610295
2,98,31.860452505576205
2,99,34.4050325945179
2,100,34.47113452239588
2,101,37.16767942295852
2,102,38.41480094689607
3,1,6.584230739274701
3,2,3.8090997221480185
3,4,3.7579070955846503
3,5,6.5843355065979745
3,6,8.92149401170363
3,7,12.02560672843317
3,8,14.71807180453656
3,9,17.571075630131613
3,10,17.87643274793842
3,11,21.290060624460956
3,12,22.808807700758816
3,13,24.342479310781385
3,14,26.734746266964745
3,15,27.964470734355753
3,16,26.127597357701312
3,17,28.190799626415824
3,18,29.31520942511323
3,19,29.351828015062523
3,20,32.35062687161822
3,21,30.32650323483595
3,22,30.0831558000588
3,23,26.358148474910728
3,24,25.136073593302743
3,25,23.244759024232447
3,26,21.719609845966268
3,27,20.891354673736643
3,28,19.13595669001372
3,29,18.914424609856912
3,30,16.099287234712445
3,31,17.52003997962272
3,32,14.530887912927794
3,33,13.835269902316508
3,34,10.363026286646924
3,35,9.037898229888553
3,36,7.0934484565429585
3,37,5.353675875644346
3,38,6.008170225654123
3,39,9.799645381764481
3,40,11.805469270466983
3,41,14.675528118702841
3,42,17.52146815450955
3,43,21.301548527542195
3,44,23.397032650910432
3,45,27.127712343917402
3,46,27.094216509646323
3,47,25.587741643096916
3,48,26.47129428797128
3,49,24.458753008977517
3,50,21.83790885807827
3,51,22.15984143919423
3,52,20.385005741051863
3,53,23.075499646154565
3,54,23.215076112407633
3,55,20.549105269848127
3,56,17.728771930020564
3,57,19.02257860648359
3,58,15.9794721127596
3,59,13.966322860737312
3,60,10.46632472527851
3,61,10.729292527641777
3,62,8.306087766039974
3,63,9.855933627915453
3,64,10.057102357794697
3,65,12.097275491519596
3,66,12.82169967364863
3,67,16.2522925032513
3,68,17.58137622785546
3,69,18.953955747024136
3,70,17.31212825657844
3,71,18.086162215567967
3,72,16.523817149432162
3,73,18.305673403009326
3,74,17.58656828470379
3,75,20.10392956220811
3,76,20.823213292426416
3,77,23.42489157453759
3,78,25.37691589602521
3,79,27.693188432832322
3,80,31.421260705157156
3,81,32.87954055714092
3,82,31.296411031040194
3,83,27.629679955149697
3,84,25.17710598665037
3,85,22.248405718981143
3,86,19.792269453711697
3,87,16.956605626069422
3,88,15.006417165066642
3,89,15.57944720521293
3,90,18.48318415153288
3,91,21.987932048493896
3,92,20.928112115334756
3,93,19.448393251472893
3,94,21.51281019284779
3,95,23.440577850548454
3,96,25.887024325290593
3,97,28.622580652515985
3,98,29.031267424094658
3,99,31.801916875262002
3,100,32.14755543504629
3,101,35.06968706020629
3,102,36.552477397027666
4,1,10.042802162366415
4,2,6.727479637456116
4,3,3.7579070955846503
4,5,3.789691012283511
4,6,6.505158717407394
4,7,8.875643175565937
4,8,11.979969165913305
4,9,15.114600607783986
4,10,16.080827076963523
4,11,19.737989420183226
4,12,21.75029017362743
4,13,23.597155647345538
4,14,26.17997542026029
4,15,27.302653008192667
4,16,25.75934462880545
4,17,28.238387336234464
4,18,29.5762521915173
4,19,30.090275397737077
4,20,33.28813453645948
4,21,31.38464752999932
4,22,30.707819663282674
4,23,26.9687821545946
4,24,25.406894352580284
4,25,23.668772960274893
4,26,21.69164555369746
4,27,20.814836478142823
4,28,18.509324897247375
4,29,18.024533958438
4,30,14.824080936589793
4,31,15.697522406100214
4,32,12.562969842845643
4,33,12.283990408202806
4,34,8.554980563630297
4,35,8.55459324065426
4,36,7.806992306695409
4,37,5.107268769971697
4,38,6.004854184893285
4,39,9.138243624268545
4,40,10.43772838313691
4,41,13.895085673010776
4,42,16.828295200547505
4,43,20.55108510304834
4,44,22.210607994530086
4,45,25.847963607921898
4,46,25.389247098136575
4,47,23.501879189519833
4,48,24.147930024083472
4,49,22.448895565244957
4,50,20.04231558150347
4,51,20.877075391303066
4,52,19.630660664061452
4,53,22.653148650862743
4,54,23.297812140605107
4,55,21.11505723112989
4,56,18.427883899438978
4,57,20.27336435955364
4,58,17.44756199846238
4,59,16.01058364194639
4,60,12.239669032373769
4,61,11.870338171077188
4,62,9.562530863879354
4,63,10.380496605929162
4,64,11.480159310215836
4,65,12.748953658117049
4,66,12.516611024878562
4,67,15.927723259892826
4,68,16.52306912514444
4,69,17.94405211399546
4,70,17.024720441636532
4,71,18.03698839158296
4,72,16.904601068590576
4,73,18.92007984665402
4,74,18.253649435650818
4,75,20.853413166313647
4,76,21.23628068236204
4,77,23.950979756874176
4,78,25.392210583872465
4,79,27.64467875295278
4,80,31.28300035816453
4,81,32.336090799550085
4,82,30.401048940752037
4,83,26.645925312937727
4,84,23.955814100208908
4,85,21.249111231231524
4,86,18.323502894359354
4,87,15.43714684266098
4,88,12.843803870171975
4,89,12.749131212593873
4,90,15.277256366984627
4,91,18.825256596471018
4,92,18.06779684120364
4,93,16.964550196451885
4,94,19.49695535763022
4,95,21.729973985214325
4,96,24.563683496703224
4,97,27.37465124941729
4,98,28.243303549560373
4,99,31.212423449769634
4,100,31.97737489063521
4,101,35.07877884511713
4,102,36.91497089672761
5,1,13.131541163462662
5,2,9.900033369978415
5,3,6.5843355065979745
5,4,3.789691012283511
5,6,3.8218977563818473
5,7,6.0776661833526475
5,8,9.358832904278232
5,9,12.058967197401804
5,10,12.962287641211114
5,11,16.619124317536343
5,12,18.66755629151422
5,13,20.87839077800385
5,14,23.332086931244934
5,15,24.183952821696966
5,16,22.694898789104624
5,17,25.389595074353103
5,18,26.77960909489803
5,19,27.643652935731364
5,20,30.953742230906666
5,21,29.157067087422273
5,22,28.13399316317117
5,23,24.42588616857934
5,24,22.641504005992733
5,25,21.115726373198576
5,26,18.93256554796678
5,27,18.286595964967518
5,28,15.816242902987925
5,29,15.634394630087579
5,30,12.564145947691747
5,31,13.66004277295727
5,32,11.100877764279875
5,33,11.981220991382235
5,34,8.74893656708642
5,35,8.915842054279937
5,36,8.954896673882455
5,37,5.3305000814537715
5,38,4.692284100272297
5,39,6.412955654888662
5,40,6.991052895676744
5,41,10.671260059695864
5,42,13.679888321406343
5,43,17.31701392056555
5,44,18.86164152636982
5,45,22.470505915512042
5,46,22.00470839865712
5,47,19.95626954731111
5,48,20.81526695785051
5,49,19.362642317462214
5,50,16.77691155212106
5,51,17.98237562137586
5,52,16.825474698367657
5,53,19.850320049515066
5,54,20.667587739598464
5,55,18.853233477261437
5,56,16.224040858279423
5,57,18.444378620857314
5,58,15.9133754745475
5,59,15.17887270928296
5,60,11.38127193832945
5,61,10.430485868218895
5,62,8.84716158037691
5,63,9.614047288286818
5,64,11.900743034844684
5,65,13.202328553045703
5,66,12.971964936214057
5,67,15.81340580162241
5,68,15.656709233989417
5,69,16.393529301229187
5,70,15.762273747008368
5,71,16.32336736984418
5,72,15.12790837674312
5,73,16.92068196942414
5,74,16.061407047692157
5,75,18.559242680674995
5,76,18.641362414461504
5,77,21.43730453066214
5,78,22.506746998395133
5,79,24.795814719461596
5,80,28.32817171055213
5,81,29.12036751470626
5,82,26.987885802589275
5,83,23.212748623456783
5,84,20.386507841652413
5,85,17.762821098507843
5,86,14.676072674468179
5,87,11.81434145152269
5,88,9.113852856340655
5,89,9.078831657540603
5,90,11.901401976039327
5,91,15.43066106757166
5,92,14.61663974235385
5,93,13.253541710257686
5,94,15.797803272419666
5,95,18.00548909349862
5,96,20.941257750910406
5,97,23.749477788323713
5,98,24.804099205589523
5,99,27.86997608414673
5,100,28.879049329990288
5,101,32.09959316477767
5,102,34.1663908452558
6,1,15.372325048973122
6,2,12.636273983559867
6,3,8.92149401170363
6,4,6.505158717407394
6,5,3.8218977563818473
6,7,3.802920231775473
6,8,5.992035770981806
6,9,8.70705501754132
6,10,9.638047128695547
6,11,13.36403212015656
6,12,15.706948292616687
6,13,17.69461479025652
6,14,20.45465574337738
6,15,21.643047935749728
6,16,20.62378220244159
6,17,23.52312566494705
6,18,25.38310469604855
6,19,26.48643012430135
6,20,29.99617154589613
6,21,28.639238551961927
6,22,27.56075566368968
6,23,23.83365717786867
6,24,21.548263528905306
6,25,19.662803189294433
6,26,16.988598809523047
6,27,15.789291117468233
6,28,12.894685833412245
6,29,12.187983103000317
6,30,8.896514937790563
6,31,9.842915373164443
6,32,7.485797196403368
6,33,9.00716549148234
6,34,6.588046754695589
6,35,6.915840073624823
6,36,8.046389793225913
6,37,4.998954584073165
6,38,5.430321276006401
6,39,5.5720919307100685
6,40,6.956822356374998
6,41,10.42292119432386
6,42,13.933785834530365
6,43,17.400679380766505
6,44,19.13175736290718
6,45,22.690914017169316
6,46,22.40773309581168
6,47,19.989692000647032
6,48,21.288543333240696
6,49,20.43015503426995
6,50,17.598480696386197
6,51,19.350043056133792
6,52,18.10493987326607
6,53,20.811590379423496
6,54,21.39399231886093
6,55,19.70540253851929
6,56,16.75694699830619
6,57,18.69738570911483
6,58,15.986707916506628
6,59,16.02641771537806
6,60,12.446488099953351
6,61,10.312484611611211
6,62,8.383231241700317
6,63,7.736719511310687
6,64,10.538482436704347
6,65,11.118708921924682
6,66,10.543583432272634
6,67,12.836744730989087
6,68,12.1712654039712
6,69,12.704711130670761
6,70,12.442746127093121
6,71,13.241400435603618
6,72,12.679771321107783
6,73,14.97174730413693
6,74,14.818522149001677
6,75,17.756671428254776
6,76,18.268564049094373
6,77,21.479883632236092
6,78,22.444809394214413
6,79,25.112285901408193
6,80,28.472139393728117
6,81,29.003824436062583
6,82,26.601304212116844
6,83,22.866126129427254
6,84,19.663455558560493
6,85,16.806512067335916
6,86,13.744391148873273
6,87,10.308638460134565
6,88,7.361762943143795
6,89,8.122004143648821
6,90,10.789030325297514
6,91,13.816910244426944
6,92,12.231171357351212
6,93,11.269532777496753
6,94,13.628031134439778
6,95,16.338693462805868
6,96,19.24762657692843
6,97,22.42631861457405
6,98,23.748630105980975
6,99,27.088841766223176
6,100,28.38371414370924
6,101,31.815329078831248
6,102,34.02512169949627
7,1,18.55590980188153
7,2,15.517659766970873
7,3,12.02560672843317
7,4,8.875643175565937
7,5,6.0776661833526475
7,6,3.802920231775473
7,8,3.82880339146481
7,9,6.9527792676994515
7,10,9.259826369829298
7,11,13.027255399800007
7,12,15.980800856578258
7,13,18.26374332553914
7,14,21.125775441751774
7,15,22.12724557558841
7,16,21.539956986394195
7,17,24.79308404255672
7,18,26.812159888506592
7,19,28.370750722044413
7,20,31.964470271995097
7,21,30.74549767208952
7,22,29.27629206692662
7,23,25.67251012476706
7,24,23.152258875943136
7,25,21.541459751794097
7,26,18.551232558102583
7,27,17.387479661360175
7,28,14.068476349309426
7,29,13.044559697148774
7,30,9.649810073906341
7,31,9.433461931498572
7,32,7.379564602715389
7,33,9.573007368116256
7,34,7.7365990618918365
7,35,9.525812268526838
7,36,11.262088071189892
7,37,8.605245136384516
7,38,9.044012944645502
7,39,8.46743147150008
7,40,8.438733095137966
7,41,11.860512052987566
7,42,15.008421163202025
7,43,18.086918575609587
7,44,19.16969100896004
7,45,22.43284805723757
7,46,21.63030230679413
7,47,18.75682313668257
7,48,19.733836984378918
7,49,19.4106439913109
7,50,16.98629656413533
7,51,19.326111302071656
7,52,18.771213499736465
7,53,21.671736373395756
7,54,22.761939020197705
7,55,21.63480902961978
7,56,19.02138104947743
7,57,21.333542378577246
7,58,18.98022703778714
7,59,19.312752502584463
7,60,15.782352584035921
7,61,13.644357031836481
7,62,12.078699938328073
7,63,11.110558860855585
7,64,13.939995999556567
7,65,13.854863994527616
7,66,12.441482555486331
7,67,14.365627637355821
7,68,12.816260004880352
7,69,13.319750470652018
7,70,14.09285934026173
7,71,15.106359109182598
7,72,15.114568863199908
7,73,17.403962829069815
7,74,17.304062693705927
7,75,20.068477464917926
7,76,20.19557918166377
7,77,23.31684634519328
7,78,23.70860190856546
7,79,26.186656162679963
7,80,29.338170144659376
7,81,29.403318739105185
7,82,26.654805577416028
7,83,22.947251572680138
7,84,19.571979778989633
7,85,17.177937198109795
7,86,13.707773513806453
7,87,10.55464157694663
7,88,6.871852740823279
7,89,6.182074912743823
7,90,7.7560747019362
7,91,10.687437484611994
7,92,9.539511678373746
7,93,9.493230800105902
7,94,12.558800039532436
7,95,15.659692890592726
7,96,18.983234388954084
7,97,22.1453666042112
7,98,24.018939471518276
7,99,27.487353453946643
7,100,29.22465273122893
7,101,32.757216361902024
7,102,35.28709847570167
8,1,21.059802968115168
8,2,18.3949537745624
8,3,14.71807180453656
8,4,11.979969165913305
8,5,9.358832904278232
8,6,5.992035770981806
8,7,3.82880339146481
8,9,3.8279973098643176
8,10,6.692510487354722
8,11,10.257265482725224
8,12,13.597964245478432
8,13,15.548354330524715
8,14,18.696921331025248
8,15,20.03818087748915
8,16,20.048042811852746
8,17,23.437882135651712
8,18,25.89578089356617
8,19,27.67383737467762
8,20,31.386734635745835
8,21,30.619361050670314
8,22,29.12279109716258
8,23,25.5961213237584
8,24,22.665760761931583
8,25,20.778267447521483
8,26,17.405896107592973
8,27,15.71796862065444
8,28,12.068998946934972
8,29,10.365794484341173
8,30,7.004576081810849
8,31,5.968369734141673
8,32,4.953506564845243
8,33,8.208362424392954
8,34,8.0510839008532
8,35,9.778744827135512
8,36,12.137262419811336
8,37,10.304802862272744
8,38,11.110819885547828
8,39,9.745346063776879
8,40,10.198970323679754
8,41,12.921119648796672
8,42,16.206003312558064
8,43,18.953208994109104
8,44,20.1835964632689
8,45,23.282112333892666
8,46,22.72007784048637
8,47,19.623072675354944
8,48,21.03242701400962
8,49,21.25578894644926
8,50,18.675782335709567
8,51,21.34169796554583
8,52,20.66438726257609
8,53,23.171721921532757
8,54,23.991600662098207
8,55,22.981948543796857
8,56,20.189638206738046
8,57,22.171922586103957
8,58,19.774972089047875
8,59,20.699381678823023
8,60,17.473051722686105
8,61,14.665405998184447
8,62,13.068915698385068
8,63,11.167006984411838
8,64,14.06673164407944
8,65,13.294052712570368
8,66,11.611068147586387
8,67,12.558403355360825
8,68,10.205402200835156
8,69,10.270409705917578
8,70,11.796649640683052
8,71,13.020390624358987
8,72,13.845877067345338
8,73,16.44224817169133
8,74,17.031794355458135
8,75,20.026489113048967
8,76,20.52870716817338
8,77,23.904811321649685
8,78,24.193812278187075
8,79,26.960097176749713
8,80,29.882063017865327
8,81,29.704735349520618
8,82,26.757522714448218
8,83,23.20051653283179
8,84,19.575790025942066
8,85,17.074267714881696
8,86,13.883102533477533
8,87,10.50988302327258
8,88,7.2478938540864455
8,89,7.567333720417615
8,90,8.464545687784737
8,91,10.18770457844354
8,92,7.934591498325564
8,93,8.71263682625344
8,94,11.258089918196829
8,95,14.807293052629568
8,96,17.940704190373005
8,97,21.393129409693252
8,98,23.503526208931017
8,99,27.161501529452377
8,100,29.146016028286574
8,101,32.817333904977794
8,102,35.441740212835086
9,1,23.87659417492597
9,2,21.32577094551409
9,3,17.571075630131613
9,4,15.114600607783986
9,5,12.058967197401804
9,6,8.70705501754132
9,7,6.9527792676994515
9,8,3.8279973098643176
9,10,3.7934229504097567
9,11,6.862866213257583
9,12,10.424833522510097
9,13,12.64586863090785
9,14,15.635700652073785
9,15,16.782656260486768
9,16,17.171555293953297
9,17,20.73477329854528
9,18,23.37818977231948
9,19,25.511993612566908
9,20,29.26226588501918
9,21,28.80581086921171
9,22,27.068670902988345
9,23,23.735686890311637
9,24,20.527612072092097
9,25,18.791525962355163
9,26,15.209524617772775
9,27,13.622770005327391
9,28,9.904122372057708
9,29,8.495615665338537
9,30,6.253842051276531
9,31,5.689294808578567
9,32,7.059987811087324
9,33,10.810202566393558
9,34,11.41345479902178
9,35,12.46715018351461
9,36,14.74936486601292
9,37,12.924442940497537
9,38,13.025962646891344
9,39,10.61074099746675
9,40,10.606639044733233
9,41,12.33400794065202
9,42,15.311807539266578
9,43,17.494412404231387
9,44,18.676596744529355
9,45,21.50286974064607
9,46,21.18767921666981
9,47,18.013400033670525
9,48,19.901374805753328
9,49,20.591272315670466
9,50,17.876924141055685
9,51,20.80464858326665
9,52,20.107643223331024
9,53,22.18163173260604
9,54,22.8900227444138
9,55,22.262679737406657
9,56,19.61535820466654
9,57,21.53863731997065
9,58,19.52916725332349
9,59,21.11975966294128
9,60,18.321434067333108
9,61,15.21712191645618
9,62,14.357157218151503
9,63,12.481897024499268
9,64,15.741928698272037
9,65,15.119330733410022
9,66,13.90193333893356
9,67,13.951733730469124
9,68,11.075922742864245
9,69,9.811148712934898
9,70,11.651282242470577
9,71,12.095825463507984
9,72,13.084813712282497
9,73,15.262474841581891
9,74,15.960088175684579
9,75,18.71780856869766
9,76,19.134104133517194
9,77,22.51067969063787
9,78,22.44146368850625
9,79,25.29347735312004
9,80,27.912044156420937
9,81,27.431075313048574
9,82,24.315134831750402
9,83,20.95136870151966
9,84,17.202846146129744
9,85,14.827765792827789
9,86,11.952777124068906
9,87,8.84815760495412
9,88,6.502684226166515
9,89,7.676405149093669
9,90,8.317882395767981
9,91,8.852360602107366
9,92,5.536797358258722
9,93,6.385805488099787
9,94,8.154942880679755
9,95,11.884104097121702
9,96,14.84829739457884
9,97,18.39765777192809
9,98,20.73564542883811
9,99,24.483806470491675
9,100,26.73372607303463
9,101,30.48023499377079
9,102,33.257255570690766
10,1,23.849366395494116
10,2,21.655663236346626
10,3,17.87643274793842
10,4,16.080827076963523
10,5,12.962287641211114
10,6,9.638047128695547
10,7,9.259826369829298
10,8,6.692510487354722
10,9,3.7934229504097567
10,11,3.805135652018658
10,12,6.915748969696679
10,13,9.252933064602033
10,14,12.113117464224036
10,15,13.3552534874297
10,16,13.61030668482968
10,17,17.08384127991306
10,18,19.82670001689796
10,19,21.891625030357893
10,20,25.65939765246033
10,21,25.373787803471654
10,22,23.762931861779474
10,23,20.45096447772015
10,24,17.117064568284466
10,25,15.179571193694883
10,26,11.524307861062491
10,27,9.862068594201306
10,28,6.183613512711406
10,29,5.51335885226079
10,30,4.687912385294452
10,31,6.262314271339485
10,32,8.464538793462005
10,33,12.086372958939512
10,34,12.853128822915194
10,35,12.790083964457587
10,36,14.71376026308884
10,37,13.028173390219463
10,38,12.585429630004864
10,39,9.52314298914939
10,40,9.93508438201546
10,41,10.648662551008274
10,42,13.645380277889819
10,43,15.65910456039629
10,44,17.413696858627734
10,45,20.306169629975823
10,46,20.664835634821998
10,47,17.879588030493554
10,48,20.367124240616384
10,49,20.878239412470762
10,50,17.730843206767364
10,51,20.357473392333997
10,52,19.088127165147043
10,53,20.63071872966062
10,54,20.797377490011552
10,55,20.04386989108913
10,56,17.248996736028122
10,57,18.775194377745418
10,58,16.86105240030174
10,59,18.933758939391407
10,60,16.62358143203515
10,61,13.235158781779512
10,62,12.94068803827299
10,63,11.185623965233663
10,64,14.636528158643292
10,65,14.487164357998154
10,66,14.167123376655514
10,67,13.74435265112086
10,68,11.199708539203137
10,69,8.88495464245128
10,70,9.928494533643605
10,71,9.308144936717243
10,72,10.006372271018929
10,73,11.819494770225356
10,74,12.69727701782154
10,75,15.449608180687594
10,76,16.18175552903437
10,77,19.69770997199915
10,78,19.821363489753345
10,79,22.959526142004933
10,80,25.519127521027226
10,81,25.219892405888693
10,82,22.284112186467915
10,83,19.03235387155019
10,84,15.32308644669052
10,85,12.513850544758135
10,86,10.349640033659457
10,87,7.116651388624816
10,88,6.405003979893809
10,89,9.151460464986613
10,90,10.749784840660256
10,91,11.222279189337383
10,92,7.636887753620724
10,93,6.87711531358301
10,94,6.8851419635573725
10,95,10.168339039637393
10,96,12.48271870128648
10,97,16.200731378844527
10,98,18.15267553210314
10,99,21.89658519079341
10,100,23.958524767396284
10,101,27.70804824825354
10,102,30.333744534312018
11,1,27.021633689279703
11,2,25.042103504509047
11,3,21.290060624460956
11,4,19.737989420183226
11,5,16.619124317536343
11,6,13.36403212015656
11,7,13.027255399800007
11,8,10.257265482725224
11,9,6.862866213257583
11,10,3.805135652018658
11,12,3.7822329383910116
11,13,6.169641672808543
11,14,8.860913236086137
11,15,10.166452506650556
11,16,11.222493662485387
11,17,14.760071110823423
11,18,17.867168746962786
11,19,20.25265293018092
11,20,24.006502758563165
11,21,24.23506394690218
11,22,22.519006408371414
11,23,19.531635539248867
11,24,15.900698023781848
11,25,13.998963718226038
11,26,10.222872286997783
11,27,8.488018252792836
11,28,5.342351983771444
11,29,5.300269630345522
11,30,6.842939264933639
11,31,8.357419638036006
11,32,11.445118557331964
11,33,14.946786848598755
11,34,16.24466325097215
11,35,15.908491567375407
11,36,17.77212566443526
11,37,16.389257040094755
11,38,15.781230181548057
11,39,12.46580345591188
11,40,12.776890196406791
11,41,12.503549099642132
11,42,14.940510327630824
11,43,16.210280568967196
11,44,17.994009312087936
11,45,20.470178188610305
11,46,21.228601113772967
11,47,18.586851632016888
11,48,21.479662234283033
11,49,22.360099941981694
11,50,19.1967516969963
11,51,21.851796563697476
11,52,20.494773881390984
11,53,21.44102412073812
11,54,21.29843466224725
11,55,20.846427991360322
11,56,18.22907726588341
11,57,19.384567987641862
11,58,17.867660129833244
11,59,20.509730616067106
11,60,18.774507399326797
11,61,15.289237791830198
11,62,15.478926503365656
11,63,13.705957032467603
11,64,16.979898317024087
11,65,16.77754818138163
11,66,16.738221453443128
11,67,15.566006869273833
11,68,12.868627652922308
11,69,9.695719277894538
11,70,10.83137564476066
11,71,9.436798259320645
11,72,10.472547899959286
11,73,11.659884199527522
11,74,12.92662478156665
11,75,15.307978814352895
11,76,16.184618879255574
11,77,19.610449241669276
11,78,19.480208907999565
11,79,22.730320126825458
11,80,24.866686385256205
11,81,24.308505199777517
11,82,21.32452818923275
11,83,18.482297608268887
11,84,14.847856978818156
11,85,12.234371089052509
11,86,11.051787406196793
11,87,8.706526817107463
11,88,9.336627473902434
11,89,12.150418083080883
11,90,13.37646196649868
11,91,12.960769503914925
11,92,9.248529921862021
11,93,8.560572147746212
11,94,6.844231528934093
11,95,9.49019713999587
11,96,10.874369805845772
11,97,14.628528699071877
11,98,16.63797898581965
11,99,20.385735706765534
11,100,22.638937159721202
11,101,26.40270346830392
11,102,29.076458351708872
12,1,28.115592936763598
12,2,26.433028429962196
12,3,22.808807700758816
12,4,21.75029017362743
12,5,18.66755629151422
12,6,15.706948292616687
12,7,15.980800856578258
12,8,13.597964245478432
12,9,10.424833522510097
12,10,6.915748969696679
12,11,3.7822329383910116
12,13,3.791749980201109
12,14,5.373812445820059
12,15,6.579944577057734
12,16,7.669857384813394
12,17,11.089041889688136
12,18,14.365042107546675
12,19,16.790281730306692
12,20,20.511859608192925
12,21,21.035496334828537
12,22,19.397871474038084
12,23,16.6191256428604
12,24,12.869127689676448
12,25,10.921636262634475
12,26,7.258164965460252
12,27,5.877857717572672
12,28,4.3934458919007
12,29,6.326510060334871
12,30,9.15120309661253
12,31,11.465503412769996
12,32,14.45671187975992
12,33,17.700494505723988
12,34,18.910553638718568
12,35,17.93521477479453
12,36,19.394846737922176
12,37,18.098696977228276
12,38,17.029697637646724
12,39,13.521846953591346
12,40,13.915823265454605
12,41,12.63964841767894
12,42,14.581619029878173
12,43,15.343696572108032
12,44,17.522484321995602
12,45,19.823091571918376
12,46,21.23556756819035
12,47,19.11651182981121
12,48,22.411092852047155
12,49,23.142460333201495
12,50,19.783903964194828
12,51,22.054732600766467
12,52,20.279516593987875
12,53,20.569224604118443
12,54,19.873077514822103
12,55,19.449885329419793
12,56,16.94453798927779
12,57,17.598283551871763
12,58,16.482163698185133
12,59,19.59810701561025
12,60,18.549750827045724
12,61,15.145703947714392
12,62,16.019362544522757
12,63,14.670435847623295
12,64,17.823721415636985
12,65,18.110666832376506
12,66,18.772604074478384
12,67,17.394127633087937
12,68,15.186357567042053
12,69,11.668886452748001
12,70,11.88038549278919
12,71,9.36080312863243
12,72,9.736054134815546
12,73,9.810253127309045
12,74,11.10703011998175
12,75,13.002617856563072
12,76,14.11184674881101
12,77,17.431521461313714
12,78,17.383007259325108
12,79,20.80710157487086
12,80,22.70983093464864
12,81,22.289516747126576
12,82,19.58460055999319
12,83,17.08261079928417
12,84,13.776269150509417
12,85,11.043245506385416
12,86,11.086861672220577
12,87,9.460991774759371
12,88,11.349721197707666
12,89,14.591098492987385
12,90,16.234083254348526
12,91,15.86418483874807
12,92,12.373785972076108
12,93,10.901792928801699
12,94,8.14058798823101
12,95,9.34325663080553
12,96,9.37817788988689
12,97,12.956783783115926
12,98,14.377821061911442
12,99,17.965800913496214
12,100,19.997586071778354
12,101,23.689594179582667
12,102,26.190402115967956
13,1,29.224480631970817
13,2,27.936145849422914
13,3,24.342479310781385
13,4,23.597155647345538
13,5,20.87839077800385
13,6,17.69461479025652
13,7,18.26374332553914
13,8,15.548354330524715
13,9,12.64586863090785
13,10,9.252933064602033
13,11,6.169641672808543
13,12,3.791749980201109
13,14,3.797552291022247
13,15,6.987252722417828
13,16,8.852987983248495
13,17,11.432938508772867
13,18,15.091431472063297
13,19,17.123119408736084
13,20,20.732747179571653
13,21,21.76416822421893
13,22,20.62492110015405
13,23,18.022632932833883
13,24,14.312946072027945
13,25,11.74771669619534
13,26,8.43246382259593
13,27,5.841670648383333
13,28,5.3738847645488885
13,29,6.194377995127652
13,30,9.851217732036497
13,31,12.003471805165962
13,32,15.248582725473952
13,33,18.054976249054416
13,34,19.831838795569634
13,35,18.553436488543777
13,36,20.021448094059377
13,37,19.41861984498844
13,38,18.83207769874509
13,39,15.667681364803212
13,40,16.774583487635706
13,41,15.63858781469196
13,42,17.783138463481666
13,43,18.64218725619093
13,44,21.063145100217618
13,45,23.343548824346858
13,46,24.932968570972644
13,47,22.89210088358495
13,48,26.202004433231444
13,49,26.9009238780501
13,50,23.493189372756014
13,51,25.632981558354185
13,52,23.637831844905023
13,53,23.761041904608263
13,54,22.677297177020876
13,55,21.936796643324723
13,56,19.208306799436134
13,57,19.20097015908858
13,58,17.80627236329315
13,59,20.960508294798643
13,60,20.188972098627804
13,61,16.615327540668492
13,62,17.123782977168343
13,63,15.288826263851828
13,64,17.871076603523306
13,65,17.78289229709139
13,66,18.624393214842293
13,67,16.573620029185005
13,68,14.573209833608168
13,69,10.78288048473903
13,70,10.806986464022435
13,71,8.200090122064667
13,72,9.463360326613863
13,73,9.821850017144333
13,74,12.184748659002329
13,75,14.315874924062587
13,76,16.18881383717044
13,77,19.548556967686842
13,78,19.911887509030986
13,79,23.48837274136103
13,80,25.271664729418006
13,81,25.015098098797456
13,82,22.543903681537145
13,83,20.30447786286725
13,84,17.21317290269101
13,85,14.429140228887732
13,86,14.745445146253084
13,87,12.898841325436669
13,88,14.511375355717073
13,89,17.814539736950895
13,90,19.43640887323965
13,91,19.042203318841295
13,92,15.374726719758254
13,93,14.366028497432248
13,94,11.839872756555293
13,95,13.067892099465846
13,96,12.66083021922337
13,97,15.990311188161249
13,98,17.04318090134388
13,99,20.387967862514746
13,100,22.15373462427778
13,101,25.69286474476922
13,102,27.895940437479812
14,1,31.41535398865422
14,2,30.20459357218036
14,3,26.734746266964745
14,4,26.17997542026029
14,5,23.332086931244934
14,6,20.45465574337738
14,7,21.125775441751774
14,8,18.696921331025248
14,9,15.635700652073785
14,10,12.113117464224036
14,11,8.860913236086137
14,12,5.373812445820059
14,13,3.797552291022247
14,15,3.7810429311289697
14,16,6.219501879209372
14,17,8.287061758388738
14,18,12.06723855231865
14,19,14.347623328048986
14,20,17.799458988840474
14,21,19.229405844744896
14,22,17.99026173388778
14,23,15.872246513575112
14,24,12.197570952033198
14,25,10.094515108830807
14,26,7.5483429556593675
14,27,6.404617513083506
14,28,7.724219568246473
14,29,9.685878061288323
14,30,13.28729398508162
14,31,15.666972334623248
14,32,18.810397535886136
14,33,21.659432959507104
14,34,23.194485409447832
14,35,21.71580427007327
14,36,22.913592524353383
14,37,22.105255015296525
14,38,21.020716990967795
14,39,17.666035802926075
14,40,18.404517949354766
14,41,16.527925440337793
14,42,17.96865882856641
14,43,18.139109773274832
14,44,20.576565114385893
14,45,22.461292185586824
14,46,24.500515097961344
14,47,22.898552550160503
14,48,26.45966415833009
14,49,27.182421031382045
14,50,23.784432471433067
14,51,25.6749420798934
14,52,23.55137722933435
14,53,23.076167011764326
14,54,21.67327185824473
14,55,21.2382935990351
14,56,18.91722797062973
14,57,18.627619580544657
14,58,17.912636088244682
14,59,21.41886580241179
14,60,21.236555106903115
14,61,17.966213324027688
14,62,19.153787565767136
14,63,17.87879236229046
14,64,20.478695420267652
14,65,20.8466793533342
14,66,22.036702363967617
14,67,20.0813360739272
14,68,18.291795480995876
14,69,14.520406873316885
14,70,14.17054310154001
14,71,11.088063048683084
14,72,11.444209359800324
14,73,10.512625356744534
14,74,12.334087806402719
14,75,13.515159662195764
14,76,15.205761658363706
14,77,18.13569921983415
14,78,18.28321847646767
14,79,21.785122430736443
14,80,23.140544304326603
14,81,22.829653066456494
14,82,20.608873862447453
14,83,18.875778684391797
14,84,16.25296238855017
14,85,13.812504552066423
14,86,15.08745303375649
14,87,14.105914195896874
14,88,16.47703042416399
14,89,19.84224285736748
14,90,21.549863777172686
14,91,20.99802442462295
14,92,17.566103281199858
14,93,16.095994538835257
14,94,12.945096566305168
14,95,13.083595195388499
14,96,11.583227008601728
14,97,14.339001676090573
14,98,14.896358486781924
14,99,17.904867811824765
14,100,19.55334009698901
14,101,22.936486131857237
14,102,25.044458417307908
15,1,32.78343208084902
15,2,31.36152522084222
15,3,27.964470734355753
15,4,27.302653008192667
15,5,24.183952821696966
15,6,21.643047935749728
15,7,22.12724557558841
15,8,20.03818087748915
15,9,16.782656260486768
15,10,13.3552534874297
15,11,10.166452506650556
15,12,6.579944577057734
15,13,6.987252722417828
15,14,3.7810429311289697
15,16,3.8266974880343136
15,17,6.26677456176334
15,18,9.74331333047917
15,19,12.745691121847235
15,20,16.088467214343744
15,21,17.469767589740055
15,22,15.646711877582666
15,23,13.918601441402132
15,24,10.281875079224985
15,25,9.354089608060793
15,26,7.44478830111752
15,27,8.154198587748635
15,28,9.644020570371652
15,29,12.28166518686954
15,30,15.515967366446263
15,31,17.962358982976422
15,32,20.976566420841053
15,33,24.090431928516992
15,34,25.236067902963974
15,35,23.880104997025278
15,36,24.964261710182807
15,37,23.65779554586419
15,38,22.0432837824525
15,39,18.44319951433085
15,40,18.470490608187333
15,41,16.052182556026825
15,42,16.706063232757153
15,43,16.12894661712005
15,44,18.275070698461167
15,45,19.705709821281562
15,46,21.969394274288632
15,47,20.691720420287094
15,48,24.391608464893334
15,49,25.227387188340902
15,50,21.970960163821648
15,51,23.76190833503228
15,52,21.77780263653168
15,53,20.907207264676828
15,54,19.570720624526153
15,55,19.711439954157292
15,56,17.970485232875976
15,57,17.96294684986341
15,58,17.995546313517668
15,59,21.657562870597907
15,60,21.68432596099955
15,61,18.77900166240694
15,62,20.55087796689121
15,63,19.83872253258244
15,64,22.751300198269917
15,65,23.503411425350087
15,66,24.70912375774733
15,67,23.11571538256482
15,68,21.228522027845678
15,69,17.533312676671986
15,70,17.233159433849693
15,71,14.040738825919524
15,72,13.693568264477713
15,73,12.048648259840004
15,74,12.791684874299264
15,75,13.015587802097548
15,76,13.869700388441895
15,77,16.283911173977508
15,78,15.805701614096622
15,79,19.057060937298427
15,80,20.032050717975302
15,81,19.435160530264074
15,82,17.208837852938213
15,83,15.840583909310304
15,84,13.565530449820988
15,85,11.705013914503189
15,86,13.670142484744874
15,87,13.672632002981413
15,88,16.594131734429297
15,89,19.781652020220992
15,90,21.41770666532998
15,91,20.681847033834693
15,92,17.642274535937705
15,93,15.755913960361822
15,94,12.16617892726594
15,95,11.253564369375926
15,96,8.881552363441823
15,97,11.064482147754505
15,98,11.48040536479298
15,99,14.371306036295142
15,100,16.2506099107224
15,101,19.643331641021188
15,102,21.97944024422518
16,1,30.660633566199458
16,2,29.312936627653382
16,3,26.127597357701312
16,4,25.75934462880545
16,5,22.694898789104624
16,6,20.62378220244159
16,7,21.539956986394195
16,8,20.048042811852746
16,9,17.171555293953297
16,10,13.61030668482968
16,11,11.222493662485387
16,12,7.669857384813394
16,13,8.852987983248495
16,14,6.219501879209372
16,15,3.8266974880343136
16,17,3.7926751291570664
16,18,6.80501994840804
16,19,9.740646082642604
16,20,13.295242613000942
16,21,14.131955533652924
16,22,12.262092548534605
16,23,10.197401268191594
16,24,6.492233151421786
16,25,5.9286311205667435
16,26,4.825668138513539
16,27,7.21816120766594
16,28,9.435122250860363
16,29,12.843539865165647
16,30,15.726381645659037
16,31,18.702038358828325
16,32,21.207717055303714
16,33,24.213220883110644
16,34,24.825827036462318
16,35,23.16526707721827
16,36,23.854255970367543
16,37,22.296325979746122
16,38,20.209844274812045
16,39,16.656339636163427
16,40,16.56215214115286
16,41,13.654046485397492
16,42,13.913977396865999
16,43,13.249602987120726
16,44,15.818188396563688
16,45,17.47082988687606
16,46,20.093240380295846
16,47,19.28120787138354
16,48,23.032278697779468
16,49,23.359163475753824
16,50,19.93662740600804
16,51,21.243152082124087
16,52,18.891634323930525
16,53,17.7570413796449
16,54,16.07422877490199
16,55,16.075386078536788
16,56,14.456357389665127
16,57,14.343067198322062
16,58,14.76443889591049
16,59,18.49328374224155
16,60,18.86027272340228
16,61,16.340954313342014
16,62,18.651564519862955
16,63,18.605931423528894
16,64,21.560079463669453
16,65,22.91262804292108
16,66,24.5035685377635
16,67,23.38492407956077
16,68,21.91192433924328
16,69,18.451955680680044
16,70,17.533582392233804
16,71,14.041314108897607
16,72,12.668443541317647
16,73,10.215583126756094
16,74,10.016106861659642
16,75,9.533787933648092
16,76,10.172758929515712
16,77,12.497093715427837
16,78,12.279722352029951
16,79,15.703393762387456
16,80,16.966567521873955
16,81,16.892879390756868
16,82,15.040897614018196
16,83,13.48771080876141
16,84,11.528835953353301
16,85,9.323351987232659
16,86,11.867871869967109
16,87,12.20529172983059
16,88,15.585312966200258
16,89,18.919992443177694
16,90,21.07079255086292
16,91,20.89641093452316
16,92,18.095725180663266
16,93,15.514000499358023
16,94,12.069589981255373
16,95,10.56220409070496
16,96,8.012180411084074
16,97,9.90284596016786
16,98,9.346683768017693
16,99,12.13093411385547
16,100,13.460573734899867
16,101,16.89577980010109
16,102,19.069370565602245
17,1,32.151568605530755
17,2,31.150659521266903
17,3,28.190799626415824
17,4,28.238387336234464
17,5,25.389595074353103
17,6,23.52312566494705
17,7,24.79308404255672
17,8,23.437882135651712
17,9,20.73477329854528
17,10,17.08384127991306
17,11,14.760071110823423
17,12,11.089041889688136
17,13,11.432938508772867
17,14,8.287061758388738
17,15,6.26677456176334
17,16,3.7926751291570664
17,18,3.803880819329721
17,19,6.489141380187492
17,20,9.856707799549131
17,21,11.323654952680586
17,22,9.932622961471383
17,23,8.602194781708109
17,24,5.627280710831454
17,25,5.513274381959626
17,26,6.661500680127976
17,27,9.186977244174718
17,28,12.247153428540246
17,29,15.651366500664142
17,30,18.69476659193782
17,31,21.85486470270894
17,32,24.265207591990524
17,33,27.027888215599862
17,34,27.613422154572675
17,35,25.591400047808854
17,36,25.98445779781954
17,37,24.637786657086526
17,38,22.448543378492904
17,39,19.128800192418144
17,40,19.269390551906852
17,41,16.114076789663635
17,42,16.028047368853063
17,43,15.106513891079544
17,44,17.855576595841097
17,45,19.263675726924948
17,46,22.30409468935915
17,47,22.009169527356942
17,48,25.788068447708607
17,49,25.869735928980656
17,50,22.4590830836302
17,51,23.272888428492426
17,52,20.617258922253285
17,53,18.923758604981952
17,54,16.61742665480102
17,55,16.481558646248793
