1,2,3.8143489267646435
1,3,6.846947430981692
1,4,10.118216297674545
1,5,12.735272488253825
1,6,15.413706826268898
1,7,17.908958903422278
1,8,20.875332745721124
1,9,21.51406465158408
1,10,24.951087077135753
1,11,26.620596279496755
1,12,27.190486300132243
1,13,29.657670114053168
1,14,31.37059452533283
1,15,30.003622858876966
1,16,31.647916473002798
1,17,32.71387228077251
1,18,32.771298424464746
1,19,35.17320759887544
1,20,33.17717655936633
1,21,32.88522976300581
1,22,29.428981526116324
1,23,28.712994796403418
1,24,27.02713535258048
1,25,25.395464419251542
1,26,24.35918348334801
1,27,22.56736516802291
1,28,21.921657760386246
1,29,19.343385128734027
1,30,20.766918431761354
1,31,17.93273897804255
1,32,16.472793508711018
1,33,12.869585677257621
1,34,12.025531979342116
1,35,9.730976314376537
1,36,9.190734382674183
1,37,10.186011499098909
1,38,13.973764501078588
1,39,15.666221547408815
1,40,18.57704544798776
1,41,21.508500960658715
1,42,25.185031841081834
1,43,27.26890710102697
1,44,30.792095618693494
1,45,33.881016111310736
1,46,33.803045958311706
1,47,30.696370592050634
1,48,28.90030598323972
1,49,25.783241267883618
1,50,26.22283116030113
1,51,24.527549634361172
1,52,22.290388780265786
1,53,24.30224313373915
1,54,21.38524009404368
1,55,22.075537267993248
1,56,18.972093055327413
1,57,16.040788144955563
1,58,12.69751360548267
1,59,14.107182385849722
1,60,12.029476871234548
1,61,13.578587413609135
1,62,13.230462190297937
1,63,16.28805054844835
1,64,18.184131006075322
1,65,21.39172118705368
1,66,20.478190772655413
1,67,21.37722536622045
1,68,19.40141148780623
1,69,21.620237672176227
1,70,21.08196666795546
1,71,23.43496626788172
1,72,24.499239496566076
1,73,27.44762886038836
1,74,29.01877915860411
1,75,31.664978066977756
1,76,35.34599944717407
1,77,37.06085423315945
1,78,35.514379607856284
1,79,31.801681046591987
1,80,29.20410268065019
1,81,26.224242184659527
1,82,23.619032881705852
1,83,20.828451552041248
1,84,18.883190151641617
1,85,18.58153401100221
1,86,21.33685780656896
1,87,23.719642794064622
1,88,22.563286450089127
1,89,22.794253632534694
1,90,24.750593194657554
1,91,27.13685956444911
1,92,28.931652713591653
1,93,32.05315519693593
1,94,32.88244383776295
1,95,35.78651343380955
1,96,35.76643458164825
1,97,39.368086529992766
1,98,41.38448510666043
1,99,40.298124378040406
2,1,3.8143489267646435
2,3,3.7943365372056106
2,4,6.658013797676585
2,5,9.048261939750898
2,6,12.00814200157139
2,7,14.3647734804125
2,8,17.170039418015868
2,9,17.717767208523192
2,10,21.17024378951472
2,11,22.881550984218123
2,12,23.590579106392397
2,13,26.112990262766257
2,14,27.78821557003521
2,15,26.498781493637196
2,16,28.3404366187944
2,17,29.59003125130621
2,18,29.9304464308904
2,19,32.555449999082875
2,20,30.691227597381587
2,21,30.149806975018333
2,22,26.59405276975461
2,23,25.579613884020464
2,24,23.832173052105134
2,25,21.946427430356774
2,26,20.891953896508863
2,27,18.923191299800845
2,28,18.33345470910164
2,29,15.716834453515217
2,30,17.270690236001176
2,31,14.596029837650242
2,32,13.622547802692184
2,33,10.028458218218997
2,34,9.03166994625769
2,35,6.965476107848594
2,36,5.520946384457008
2,37,6.527500153825445
2,38,10.290757531791709
2,39,12.172202186825194
2,40,15.23703161810504
2,41,18.37898101331001
2,42,22.095075801879467
2,43,24.15636411762677
2,44,27.753258285327405
2,45,30.71862965999462
2,46,30.823034763460964
2,47,27.62190918957728
2,48,26.10628976328976
2,49,22.970242975622416
2,50,23.61247884601725
2,51,22.276536726700282
2,52,20.017825750099508
2,53,21.774769209688706
2,54,18.74401958396671
2,55,19.68507642128625
2,56,16.520859946074882
2,57,14.072206411935356
2,58,10.382359697437009
2,59,11.122105231542276
2,60,8.815756075894393
2,61,10.249069693867888
2,62,10.61248879914327
2,63,13.591590428726448
2,64,15.043715817003639
2,65,18.39631842084873
2,66,17.550688596792913
2,67,18.12309360361045
2,68,16.146195032072864
2,69,18.471615101604783
2,70,17.916649369333328
2,71,20.505822196650396
2,72,21.558413572760404
2,73,24.66896982043182
2,74,26.03657196167309
2,75,28.83198362721733
2,76,32.445226894851174
2,77,33.97008254436392
2,78,32.26654509941514
2,79,28.55007109902535
2,80,25.790386110933675
2,81,22.754517199060643
2,82,20.078061799353705
2,83,17.144463653787216
2,84,15.180160230699558
2,85,15.148893536568512
2,86,18.126000884905444
2,87,20.399228637557066
2,88,18.995376511606523
2,89,19.146435395857665
2,90,20.99368693433345
2,91,23.472367929920377
2,92,25.261840870097334
2,93,28.468720719208818
2,94,29.42143265832026
2,95,32.44761240877034
2,96,32.622893606769445
2,97,36.277398726570176
2,98,38.48160209013792
2,99,37.55688182832247
3,1,6.846947430981692
3,2,3.7943365372056106
3,4,3.7781916378730807
3,5,6.314275601186336
3,6,8.598657517374873
3,7,11.390269145801911
3,8,14.474433649444421
3,9,15.654879932918657
3,10,19.331088163617295
3,11,21.477596618135294
3,12,22.63182329422384
3,13,25.374196798395957
3,14,26.916190234168095
3,15,25.743306594241062
3,16,28.00643443697849
3,17,29.44784172067181
3,18,30.25266026637274
3,19,33.10304976267384
3,20,31.25471091811385
3,21,30.25801572325395
3,22,26.698455128996518
3,23,25.369504936497933
3,24,23.768119662673445
3,25,21.428476967410607
3,26,20.470937463584853
3,27,17.998342395947844
3,28,17.31379848161414
3,29,14.259252075757733
3,30,15.307645776454738
3,31,12.331145676426358
3,32,11.846985245812771
3,33,8.120638386462295
3,34,8.39939797060956
3,35,7.572068126378341
3,36,4.942716977897568
3,37,6.08102840352648
3,38,9.152525752160296
3,39,10.341638965633859
3,40,13.879629668523439
3,41,16.879225044780284
3,42,20.681397928258434
3,43,22.254929696682094
3,44,25.9750265298248
3,45,28.683558855312967
3,46,28.58630051149997
3,47,25.194324429085007
3,48,23.911696242349763
3,49,21.074728138382305
3,50,22.280064095497767
3,51,21.474659491203465
3,52,19.692642706591567
3,53,21.55769442615399
3,54,18.7883961809176
3,55,20.368835431495963
3,56,17.4742791360743
3,57,15.518403193414295
3,58,11.715548388769232
3,59,11.883817452216805
3,60,9.623555536694735
3,61,10.415669520668622
3,62,11.624257722356575
3,63,13.896409762857905
3,64,14.391588932717482
3,65,18.062746326479193
3,66,17.80501095368066
3,67,18.060827209061827
3,68,16.33607443300685
3,69,18.798100402916656
3,70,18.055628993089837
3,71,20.793819952454065
3,72,21.453294627792715
3,73,24.528958103301132
3,74,25.35171698021126
3,75,28.058228034032933
3,76,31.612708774870203
3,77,32.76259154258615
3,78,30.71669043900262
3,79,26.955219682445122
3,80,23.985877873372825
3,81,21.21286512997252
3,82,18.128765490533553
3,83,15.26304025740216
3,84,12.686711043759674
3,85,12.11153523344106
3,86,14.783834275312325
3,87,16.933436537029788
3,88,15.790710641866863
3,89,16.30847326457664
3,90,18.588366948823953
3,91,21.15782096204056
3,92,23.377735728307712
3,93,26.622355975098415
3,94,27.997475017051993
3,95,31.20815594244369
3,96,31.791210133586837
3,97,35.533798215361394
3,98,37.91085531926981
3,99,36.97330771703855
4,1,10.118216297674545
4,2,6.658013797676585
4,3,3.7781916378730807
4,5,3.803762930100792
4,6,6.1483658014629645
4,7,9.136889747421309
4,8,11.730538889484098
4,9,12.78887218480794
4,10,16.496368081518334
4,11,18.567349171048267
4,12,20.16515426455671
4,13,22.7634664611858
4,14,23.97550193071236
4,15,22.665346497627585
4,16,25.09656024846276
4,17,26.526604533901416
4,18,27.61421002517806
4,19,30.569014139132452
4,20,28.715850375039114
4,21,27.395712647656186
4,22,23.878850898095795
4,23,22.406617180131068
4,24,21.042159107327265
4,25,18.541863458212273
4,26,17.950274950848733
4,27,15.416524666639262
4,28,15.223996778625521
4,29,12.325148220812927
4,30,13.654277549867853
4,31,11.17275257227885
4,32,11.880826281020964
4,33,8.700852639621928
4,34,8.949023599632659
4,35,8.783802679253611
4,36,5.104937691728234
4,37,4.439767694026503
4,38,6.212810350499935
4,39,6.717527983968639
4,40,10.395210386771346
4,41,13.354655185584447
4,42,17.14576610215502
4,43,18.608673135608793
4,44,22.356146535402253
4,45,24.9819409860073
4,46,24.983501734377242
4,47,21.566336781000953
4,48,20.457370962282692
4,49,17.627718297132127
4,50,19.018112902383344
4,51,18.592560338455392
4,52,16.983146114665
4,53,18.693131452921484
4,54,16.095007754956637
4,55,18.111681224531896
4,56,15.545379734153908
4,57,14.17206792585174
4,58,10.537903947172254
4,59,10.225298446345455
4,60,8.669611375582548
4,61,9.589333457821308
4,62,11.9561003039388
4,63,13.97331883753457
4,64,13.716064141807802
4,65,17.338120479559965
4,66,17.016596648958785
4,67,16.51771859777262
4,68,14.590465354983413
4,69,16.73562936004588
4,70,15.590923062993852
4,71,18.251670804623892
4,72,18.558038931189333
4,73,21.568538161697663
4,74,22.060431873232783
4,75,24.74483779157146
4,76,28.230279554132323
4,77,29.204323371481042
4,78,27.044861268233728
4,79,23.28426865444897
4,80,20.25848154722677
4,81,17.57376438289735
4,82,14.395893316265555
4,83,11.649419950764722
4,84,9.048293209617224
4,85,8.518403203136726
4,86,11.504673838429847
4,87,13.85109776495846
4,88,12.651518133913841
4,89,12.733478114324315
4,90,15.024650156764691
4,91,17.440156122303673
4,92,19.726303040182696
4,93,22.915991340956666
4,94,24.379542904018315
4,95,27.628677003336982
4,96,28.37426972836026
4,97,32.142867956598366
4,98,34.60144486981306
4,99,33.69685681166668
5,1,12.735272488253825
5,2,9.048261939750898
5,3,6.314275601186336
5,4,3.803762930100792
5,6,3.8041012850498093
5,7,5.640797441667641
5,8,8.242927667775593
5,9,9.440543311872148
5,10,13.188574422289687
5,11,15.622114653694565
5,12,17.13049327182183
5,13,20.042418928264727
5,14,21.52819411628574
5,15,20.71368879207302
5,16,23.448554596738834
5,17,25.352838392910932
5,18,26.785373585877267
5,19,30.021926738347027
5,20,28.582169878520535
5,21,27.122668330562096
5,22,23.499403156703124
5,23,21.475666292335312
5,24,19.743584651708264
5,25,16.79036632430568
5,26,15.721622635892945
5,27,12.706007238000945
5,28,12.011664969338687
5,29,8.813467840415978
5,30,9.875001193025804
5,31,7.554071520656754
5,32,8.914613131977845
5,33,6.553451264860517
5,34,7.015818751744348
5,35,8.029617765767627
5,36,4.918985945000535
5,37,5.416930306547522
5,38,5.554589411971868
5,39,6.807624163107653
5,40,10.418071907327223
5,41,13.6519774431356
5,42,17.231700646690673
5,43,18.567562487125798
5,44,22.324897331709263
5,45,24.582197871327985
5,46,24.936335887794733
5,47,21.379845760453566
5,48,20.935389800817788
5,49,18.277455178136545
5,50,19.972137394823715
5,51,20.102165722351824
5,52,18.465825101959883
5,53,19.546396081274924
5,54,16.802739826315182
5,55,18.74378243165432
5,56,16.080237400175704
5,57,15.510779806549907
5,58,12.046251149355923
5,59,10.467014092879591
5,60,8.417047258452726
5,61,7.892085004678701
5,62,10.588428537421994
5,63,11.687912634485055
5,64,10.630719401307534
5,65,14.2675434978854
5,66,14.451119491066928
5,67,13.927265394126511
5,68,12.660032720136126
5,69,15.232765437241378
5,70,14.659765115977523
5,71,17.77837334377962
5,72,18.393220554838027
5,73,21.65121846530859
5,74,21.92553978404666
5,75,24.87562611310115
5,76,28.120082046267427
5,77,28.77083875139186
5,78,26.367386522507577
5,79,22.707318642389343
5,80,19.348955790614443
5,81,16.551286660985376
5,82,13.299771438962836
5,83,10.040062539330687
5,84,7.133031698691937
5,85,7.574090846035008
5,86,10.698125379199624
5,87,12.145649779208021
5,88,10.117176527721057
5,89,10.666325006048295
5,90,12.658764435257781
5,91,15.637758380957015
5,92,17.888646120296013
5,93,21.364709268797963
5,94,23.116184302590067
5,95,26.595384485729646
5,96,27.67133582454908
5,97,31.437838274359493
5,98,34.204301568000226
5,99,33.67835162784039
6,1,15.413706826268898
6,2,12.00814200157139
6,3,8.598657517374873
6,4,6.1483658014629645
6,5,3.8041012850498093
6,7,3.8138913654530753
6,8,6.908454166845927
6,9,9.482577625298042
6,10,13.209337149618376
6,11,16.17965633262961
6,12,18.169014763954547
6,13,21.21305683534571
6,14,22.484477846941928
6,15,21.868308961004498
6,16,24.962768717343813
6,17,26.9865231520971
6,18,28.823734478319725
6,19,32.16042932993171
6,20,30.73763877675963
6,21,28.891841004062634
6,22,25.41035236830125
6,23,23.191654236761956
6,24,21.72365208727552
6,25,18.47545134810864
6,26,17.589210910448937
6,27,14.233373015158044
6,28,13.41360852258641
6,29,10.022676340147486
6,30,9.889375098136393
6,31,7.391982164410131
6,32,9.402468747444157
6,33,7.725654699068514
6,34,9.619013937777769
6,35,11.250694619210611
6,36,8.516698651480924
6,37,9.015886761293638
6,38,8.453425972713928
6,39,8.260929058218904
6,40,11.71555104347856
6,41,14.28638182322536
6,42,17.67110873042362
6,43,18.22949837275657
6,44,21.982576939635962
6,45,23.811424463158914
6,46,23.841154703422617
6,47,20.110040966773454
6,48,20.019526914916124
6,49,17.93702426138564
6,50,20.272879499880553
6,51,20.973501139199076
6,52,19.971170929551896
6,53,21.185781432292117
6,54,18.915499577503837
6,55,21.315192216736783
6,56,19.047810460275237
6,57,18.700766510866178
6,58,15.384820362729215
6,59,13.862013821006427
6,60,12.128721212414607
6,61,11.286799136518225
6,62,13.915757172714045
6,63,14.337876048879087
6,64,12.514797812184385
6,65,16.070212188377617
6,66,16.92718819091251
6,67,16.25842629061041
6,68,15.434968938178368
6,69,17.903504595013302
6,70,17.199135887083422
6,71,20.183496766340024
6,72,20.340767608849934
6,73,23.34906186683419
6,74,23.023303083139158
6,75,25.714383753926185
6,76,28.801030317404557
6,77,29.001208845353172
6,78,26.23690194482032
6,79,22.63578182175179
6,80,19.13775589941367
6,81,16.898517006278237
6,82,13.280609056765467
6,83,10.524023969508542
6,84,6.858322897386371
6,85,6.015840460066013
6,86,8.083467337521745
6,87,8.96733285233457
6,88,7.438857917998025
6,89,9.02142543429347
6,90,11.777743581407618
6,91,14.78052377877904
6,92,17.62957284530642
6,93,21.01000464683967
6,94,23.290523839298338
6,95,26.88547712460552
6,96,28.415804687835095
6,97,32.183981128202085
6,98,35.06196832104587
6,99,34.49529055680087
7,1,17.908958903422278
7,2,14.3647734804125
7,3,11.390269145801911
7,4,9.136889747421309
7,5,5.640797441667641
7,6,3.8138913654530753
7,8,3.771922713572367
7,9,6.794388554635473
7,10,10.265947733598138
7,11,13.61866789178067
7,12,15.389854553481307
7,13,18.70276693788786
7,14,20.27740328070496
7,15,20.2452591627689
7,16,23.531405875786202
7,17,25.989219869167833
7,18,28.075467945414157
7,19,31.60915431486865
7,20,30.62045880297709
7,21,28.74579318436015
7,22,25.22427444609602
7,23,22.554887167802143
7,24,20.729552383319163
7,25,17.189825446675993
7,26,15.810255675052039
7,27,12.137054780603357
7,28,10.7228939984263
7,29,7.274340691938495
7,30,6.36102163189414
7,31,4.546075475906096
7,32,7.691527386875802
7,33,7.676283588083469
7,34,9.35292096226474
7,35,11.677036184291874
7,36,9.799980509409345
7,37,10.72925855764737
7,38,9.426630753896706
7,39,9.933587294307177
7,40,12.8229224199648
7,41,15.518535115570598
7,42,18.526564738407856
7,43,19.093610425598712
7,44,22.699148301357788
7,45,24.17009860868159
7,46,24.65169173464292
7,47,20.94276327334015
7,48,21.467169386516886
7,49,19.501905904954793
7,50,21.86675846246938
7,51,22.895859113730673
7,52,21.73841112222244
7,53,22.342386958411673
7,54,19.93114604038962
7,55,22.081939218575386
7,56,19.750852273577625
7,57,20.010436100809546
7,58,16.91675130310206
7,59,14.602404510153482
7,60,12.679385125398458
7,61,10.836956818080498
7,62,13.400843792625215
7,63,12.861713324994506
7,64,10.224291907370652
7,65,13.438155967604512
7,66,14.842275244459218
7,67,14.168293231848994
7,68,14.143612647060463
7,69,16.847422334080928
7,70,16.766379113381642
7,71,20.027720379364208
7,72,20.540717438158776
7,73,23.71355419667767
7,74,23.301713987554116
7,75,26.227528842785212
7,76,29.03078605755477
7,77,28.983217223407188
7,78,26.094951943919078
7,79,22.69753654291597
7,80,19.003452496293296
7,81,16.670321714009848
7,82,13.305301974193956
7,83,10.255956149732933
7,84,7.03366523987813
7,85,7.6978200942552135
7,86,9.575483643816822
7,87,9.125127717044533
7,88,6.31208794308379
7,89,8.459018288484478
7,90,10.39078086572508
7,91,13.926510942326717
7,92,16.490372957091154
7,93,20.083420886517565
7,94,22.532446585064914
7,95,26.261025587722425
7,96,28.027389065838854
7,97,31.717241260773285
7,98,34.848734909512324
7,99,34.68772824252408
8,1,20.875332745721124
8,2,17.170039418015868
8,3,14.474433649444421
8,4,11.730538889484098
8,5,8.242927667775593
8,6,6.908454166845927
8,7,3.771922713572367
8,9,3.803988959824131
8,10,6.853778710370281
8,11,10.348431411323503
8,12,12.518907270776287
8,13,15.710111896033359
8,14,17.06824119648304
8,15,17.279913291667935
8,16,20.764831424588262
8,17,23.41594274985734
8,18,25.83060104120865
8,19,29.470104751404378
8,20,28.750856068730183
8,21,26.66781557135981
8,22,23.26903780754374
8,23,20.289272044090993
8,24,18.521030467857617
8,25,14.798943577609077
8,26,13.550221867338506
8,27,9.846364028280236
8,28,8.837294368514199
8,29,6.333784824909187
8,30,5.719824883043053
8,31,6.33857091217247
8,32,10.083710011492022
8,33,10.858314721405193
8,34,11.743396625789721
8,35,14.015863767993936
8,36,12.21262971252464
8,37,12.4476840263744
8,38,10.06847819608444
8,39,10.320711110064863
8,40,12.236535321534376
8,41,14.61544948790667
8,42,17.060913642121744
8,43,17.51610151130553
8,44,20.87627525137757
8,45,22.0084686032212
8,46,22.916265401170683
8,47,19.339670132284944
8,48,20.40222639531074
8,49,18.597744495793453
8,50,20.967069135244735
8,51,22.420684458020546
8,52,21.337273983895606
8,53,21.3808031386976
8,54,19.1641165120542
8,55,21.317033347940445
8,56,19.345637658882573
8,57,20.31157133822677
8,58,17.724450761536424
8,59,14.959559457024762
8,60,13.662771121330728
8,61,11.750311064353621
8,62,14.678131264284323
8,63,13.775453914634008
8,64,10.613039478193446
8,65,13.057703018297072
8,66,14.3921197044278
8,67,12.967284959367566
8,68,13.211858628420199
8,69,15.480137363311597
8,70,15.454159569107427
8,71,18.58279255446658
8,72,19.00867473098475
8,73,22.07117354400942
8,74,21.358671392079096
8,75,24.326407739306145
8,76,26.813335216477657
8,77,26.48963336151902
8,78,23.50663324503577
8,79,20.335300311033404
8,80,16.568509638135854
8,81,14.344517490456763
8,82,11.31740343820397
8,83,8.486440316465767
8,84,6.201055456834219
8,85,8.041583315110119
8,86,9.748431367164956
8,87,8.651922853334034
8,88,4.923791912596951
8,89,6.470698406144093
8,90,7.343033749706053
8,91,11.09084258616268
8,92,13.3921696124668
8,93,17.02903051439137
8,94,19.613311121255443
8,95,23.39134568509471
8,96,25.395979318567107
8,97,28.989911966754327
8,98,32.28679432620493
8,99,32.404647480114434
9,1,21.51406465158408
9,2,17.717767208523192
9,3,15.654879932918657
9,4,12.78887218480794
9,5,9.440543311872148
9,6,9.482577625298042
9,7,6.794388554635473
9,8,3.803988959824131
9,10,3.797629312728731
9,11,6.834109953645293
9,12,8.985626856000192
9,13,12.053778625770835
9,14,13.500905523749953
9,15,13.747947517251022
9,16,17.15384518016605
9,17,19.940812452461135
9,18,22.324605350493684
9,19,26.01405105294471
9,20,25.533608452539166
9,21,23.589377684906395
9,22,20.149472628059986
9,23,16.99425712249705
9,24,14.964127131586276
9,25,11.203047077870805
9,26,9.788629600569985
9,27,6.110667403229638
9,28,5.748865511746345
9,29,4.692099716429204
9,30,6.0496725026164375
9,31,8.060097873626132
9,32,11.571867904531581
9,33,12.43474920578997
9,34,12.14403327238425
9,35,14.050622821536034
9,36,12.466890257873436
9,37,12.176953124070574
9,38,9.199723438938333
9,39,10.035675224699427
9,40,11.059332147807822
9,41,13.617925735821371
9,42,15.715470086527404
9,43,16.754301043063663
9,44,19.904156485800097
9,45,21.17071259153474
9,46,22.657780119254564
9,47,19.362531949058003
9,48,20.45568447937206
9,49,18.314976801532456
9,50,20.159505143867747
9,51,21.499138386044336
9,52,20.01962949089089
9,53,19.45782138963893
9,54,17.059531934404244
9,55,18.820296340770195
9,56,16.908454400567887
9,57,18.4279301385146
9,58,16.330517129852314
9,59,13.117239429027608
9,60,12.305793878169956
9,61,10.435504493278064
9,62,13.580433798146101
9,63,12.708751633934858
9,64,9.659549683526837
9,65,11.414031288431094
9,66,12.078008225406888
9,67,9.92606096991615
9,68,10.145912699548495
9,69,12.083351457377432
9,70,12.31633592783411
9,71,15.48380001340851
9,72,16.256665233541042
9,73,19.451017957546195
9,74,18.992585297282854
9,75,22.236005531274138
9,76,24.59720643691702
9,77,24.456706282753437
9,78,21.737652868727046
9,79,18.69610742911013
9,80,15.022161976942444
9,81,12.321224101316496
9,82,10.011418025413931
9,83,6.895641054558978
9,84,6.377252683310478
9,85,9.575812741644349
9,86,11.943396662158419
9,87,11.370153404290186
9,88,7.633456442517907
9,89,7.334436420083996
9,90,6.359793555915309
9,91,10.031781478160426
9,92,11.33508252785186
9,93,15.12170772500576
9,94,17.257063463048876
9,95,20.980948808332464
9,96,22.760014270455954
9,97,26.2898166653591
9,98,29.637391402653197
9,99,30.022994914043647
10,1,24.951087077135753
10,2,21.17024378951472
10,3,19.331088163617295
10,4,16.496368081518334
10,5,13.188574422289687
10,6,13.209337149618376
10,7,10.265947733598138
10,8,6.853778710370281
10,9,3.797629312728731
10,11,3.794431263273637
10,12,6.126997130307763
10,13,9.112749554146593
10,14,10.608467728902543
10,15,11.666348142491115
10,16,15.20467012019847
10,17,18.386549149453906
10,18,21.087072998909562
10,19,24.865075562505563
10,20,24.8912961217233
10,21,22.885879604552425
10,22,19.658282201128383
10,23,16.136502821857928
10,24,13.98404952264654
10,25,10.21233537314326
10,26,8.63289018486856
10,27,5.5100714194951035
10,28,5.5489727441026355
10,29,6.6758082051575185
10,30,7.754608194831557
10,31,10.819930432170521
10,32,14.20571399183338
10,33,15.66745930646354
10,34,15.104973039139509
10,35,17.007442986549883
10,36,15.828383925476086
10,37,15.469155299528012
10,38,12.315892268590249
10,39,13.14161909214792
10,40,13.328407478502601
10,41,15.436970416538962
10,42,16.775311066474586
10,43,17.747455980004823
10,44,20.413493654078483
10,45,21.237990842611644
10,46,23.220065669171603
10,47,20.243049817685936
10,48,21.83037517842424
10,49,19.92062330119336
10,50,21.6025284265536
10,51,23.214729738992165
10,52,21.749995736580463
10,53,20.573750999589848
10,54,18.371242530735863
10,55,19.82326082659466
10,56,18.244878778387083
10,57,20.36814734187789
10,58,18.797116639390133
10,59,15.3392496528848
10,60,14.889968707493695
10,61,12.883797709598273
10,62,15.738933768461266
10,63,14.373692236563906
10,64,11.181903641628251
10,65,11.720801197636325
10,66,12.408041996192143
10,67,9.80401511767984
10,68,10.77393963625973
10,69,12.114969048486635
10,70,12.83162494614822
10,71,15.712945616898214
10,72,16.63274505698248
10,73,19.631845335002613
10,74,19.003617371788696
10,75,22.269933604472044
10,76,24.14418460856031
10,77,23.721386711998868
10,78,21.037198300377725
10,79,18.468607286257406
10,80,14.95586102498272
10,81,12.487127243076957
10,82,11.148665141068825
10,83,8.819606861717947
10,84,9.497986691829524
10,85,12.770577143136974
10,86,14.73317257212277
10,87,13.678911006050011
10,88,10.047689053544298
10,89,9.412035952198059
10,90,6.987852565405638
10,91,10.076590900631135
10,92,10.351291573399465
10,93,13.963256518141936
10,94,16.034647530556416
10,95,19.672163142776256
10,96,21.646883308877754
10,97,24.929152243160495
10,98,28.46505449473522
10,99,29.30492339398763
11,1,26.620596279496755
11,2,22.881550984218123
11,3,21.477596618135294
11,4,18.567349171048267
11,5,15.622114653694565
11,6,16.17965633262961
11,7,13.61866789178067
11,8,10.348431411323503
11,9,6.834109953645293
11,10,3.794431263273637
11,12,3.815423362680328
11,13,5.653630534333833
11,14,6.845706270042199
11,15,8.094818279356833
11,16,11.56587789690078
11,17,14.914868112475505
11,18,17.698865388170333
11,19,21.489293464225025
11,20,21.831748646034484
11,21,19.903624049002655
11,22,16.825906568693707
11,23,13.136285732854498
11,24,10.900256111958079
11,25,7.344471131208627
11,26,6.07814040483353
11,27,4.608607838769863
11,28,6.476457832234713
11,29,9.073744620251102
11,30,11.004875292453354
11,31,14.109627884844743
11,32,17.250146979413653
11,33,18.51648601489389
11,34,17.34649439945312
11,35,18.819340611830377
11,36,17.69251343640205
11,37,16.814677646481268
11,38,13.45362453452416
11,39,14.33169132927277
11,40,13.584076119843978
11,41,15.388912589442993
11,42,16.08281485299413
11,43,17.453562612953352
11,44,19.66489806527224
11,45,20.504135766346863
11,46,22.999184758099016
11,47,20.461231934930503
11,48,22.05844138116738
11,49,20.018273687982482
11,50,21.152910815229006
11,51,22.696831615583122
11,52,21.034664941796063
11,53,19.235451159626084
11,54,17.149478570360916
11,55,18.171536798467148
11,56,16.98690043322723
11,57,19.678672440322845
11,58,18.801366236084018
11,59,15.284764213560967
11,60,15.55559731434626
11,61,14.011658233085727
11,62,16.842977822876076
11,63,15.75431182201934
11,64,13.087992121941424
11,65,12.915766481138116
11,66,12.699046747879992
11,67,9.38541040690068
11,68,10.077157724366815
11,69,10.303858085675405
11,70,11.117817909082301
11,71,13.51700612319825
11,72,14.606667344249946
11,73,17.434184752692357
11,74,16.956513858984614
11,75,20.323010763743923
11,76,21.894927954965482
11,77,21.596626326258537
11,78,19.278384955593545
11,79,17.05616773757405
11,80,13.94047573726332
11,81,11.346843127140245
11,82,11.197973386348398
11,83,9.472552094253697
11,84,11.428539679268193
11,85,14.979033552402367
11,86,17.137504863251152
11,87,16.48827653171907
11,88,13.092756981271785
11,89,11.552467569736908
11,90,8.326035658999228
11,91,10.303699025801661
11,92,9.160442580123439
11,93,12.437452711080903
11,94,13.812356937890423
11,95,17.20158948250833
11,96,18.92679673831227
11,97,22.025748321577026
11,98,25.585755700599208
11,99,26.736514719994787
12,1,27.190486300132243
12,2,23.590579106392397
12,3,22.63182329422384
12,4,20.16515426455671
12,5,17.13049327182183
12,6,18.169014763954547
12,7,15.389854553481307
12,8,12.518907270776287
12,9,8.985626856000192
12,10,6.126997130307763
12,11,3.815423362680328
12,13,3.807466441815518
12,14,6.958835829162567
12,15,9.138047916981618
12,16,11.825561013743261
12,17,15.457714088224701
12,18,17.813117191497867
12,19,21.555883270084603
12,20,22.371145163508277
12,21,21.000012203160694
12,22,17.892207987512233
12,23,14.243862824750297
12,24,11.262761088291168
12,25,8.291353978991387
12,26,5.564857922160506
12,27,5.058108599668076
12,28,5.7781000161027025
12,29,9.343876633837555
12,30,11.372385661930482
12,31,14.765037701005852
12,32,17.35263390207252
12,33,18.989356752596553
12,34,17.331816166127997
12,35,18.71353313947739
12,36,18.329912967156865
12,37,17.901769694260505
12,38,14.99143245426021
12,39,16.66127274602249
12,40,16.144813030681302
12,41,18.349935566089822
12,42,19.175166689877766
12,43,20.91022512638857
12,44,23.07490640443153
12,45,24.034034949232918
12,46,26.650349328069584
12,47,24.183299925990177
12,48,25.638487536283197
12,49,23.39075784755471
12,50,24.23878431747502
12,51,25.432271803341678
12,52,23.365142470121256
12,53,21.38058655038634
12,54,18.920260587929366
12,55,19.246979904955996
12,56,17.685985423982753
12,57,20.41014960000789
12,58,19.63305533612073
12,59,15.9000265298664
12,60,15.81422774425765
12,61,13.838946366293415
12,62,15.97776779522821
12,63,14.44681051950985
12,64,12.090937241538601
12,65,10.870654886652577
12,66,10.468664641072879
12,67,7.37677472337593
12,68,9.170128546306678
12,69,9.631076924446734
12,70,11.676699577790316
12,71,14.273616444542549
12,72,16.19651804982283
12,73,19.206819523986564
12,74,19.318692283280402
12,75,22.850369780983613
12,76,24.33988025764538
12,77,24.30220376304839
12,78,22.32221916783061
12,79,20.274387740088713
12,80,17.379495907105436
12,81,14.578398980853164
12,82,14.615902422991704
12,83,12.495424148700627
12,84,14.243427940624311
12,85,17.90337712195044
12,86,20.338682545835876
12,87,19.67792777773754
12,88,16.073173356729985
12,89,14.942332178877265
12,90,11.985970226353787
12,91,14.09971610128104
12,92,12.726776458588107
12,93,15.766446938189647
12,94,16.643483253346194
12,95,19.717494972429275
12,96,21.048164486634928
12,97,23.902150262503515
12,98,27.399461340251733
12,99,28.838088276857707
13,1,29.657670114053168
13,2,26.112990262766257
13,3,25.374196798395957
13,4,22.7634664611858
13,5,20.042418928264727
13,6,21.21305683534571
13,7,18.70276693788786
13,8,15.710111896033359
13,9,12.053778625770835
13,10,9.112749554146593
13,11,5.653630534333833
13,12,3.807466441815518
13,14,3.784664860421992
13,15,6.603834283192002
13,16,8.705311160580937
13,17,12.480530393760464
13,18,14.938589355873711
13,19,18.610069226606353
13,20,19.854440220447
13,21,18.55046009933291
13,22,15.818854897281964
13,23,12.156786149772914
13,24,9.359054946048515
13,25,7.346402548398306
13,26,5.765198885745382
13,27,7.390888119222191
13,28,9.24468831633755
13,29,12.859885011739935
13,30,15.122895074845916
13,31,18.422963146114043
13,32,21.019499195685157
13,33,22.4326619117373
13,34,20.553400014677898
13,35,21.622527647736717
13,36,21.09727747596133
13,37,20.183062024561753
13,38,17.113587146519183
13,39,18.5173316784209
13,40,17.258704300788704
13,41,18.97099943537254
13,42,19.11873961260022
13,43,21.002311412653835
13,44,22.63427380406102
13,45,23.477877086447997
13,46,26.478660183398905
13,47,24.47202119291687
13,48,25.984491570317648
13,49,23.78274590995712
13,50,24.197153994635453
13,51,25.40140629769929
13,52,23.32287961615639
13,53,20.811109825872983
13,54,18.68617195423669
13,55,18.648420199539775
13,56,17.684362728783892
13,57,20.87492243016945
13,58,20.787611452526995
13,59,17.232184909541793
13,60,17.854311807355927
13,61,16.451111310579932
13,62,18.61280249923147
13,63,17.459220131477885
13,64,15.525416612548804
13,65,14.096618073414893
13,66,13.043037334050377
13,67,9.715339133142365
13,68,10.79820087031951
13,69,9.88008640714697
13,70,11.683955513007215
13,71,13.3824573073156
13,72,15.253435970276106
13,73,17.814656306095063
13,74,17.971979703282926
13,75,21.393219873477427
13,76,22.441558799089876
13,77,22.444644113783983
13,78,20.874367497803977
13,79,19.31871309129827
13,80,16.969096933444735
13,81,14.39597872143443
13,82,15.404017555679868
13,83,14.010982332029695
13,84,16.483755576261153
13,85,20.173404528106932
13,86,22.569120652571648
13,87,22.112407930468983
13,88,18.732892208252768
13,89,17.019787152725467
13,90,13.652221832660684
13,91,14.862590462257938
13,92,12.552710407634796
13,93,14.907149425571241
13,94,15.057542381229888
13,95,17.647438427937896
13,96,18.70964050312717
13,97,21.21616317843964
13,98,24.681737536821487
13,99,26.464750561645097
14,1,31.37059452533283
14,2,27.78821557003521
14,3,26.916190234168095
14,4,23.97550193071236
14,5,21.52819411628574
14,6,22.484477846941928
14,7,20.27740328070496
14,8,17.06824119648304
14,9,13.500905523749953
14,10,10.608467728902543
14,11,6.845706270042199
14,12,6.958835829162567
14,13,3.784664860421992
14,15,3.7799889703752156
14,16,6.1445922572215865
14,17,9.841921046519714
14,18,12.903559347998664
14,19,16.53299048322815
14,20,17.77553148220334
14,21,16.01710193391845
14,22,13.728597915217172
14,23,10.031426915816194
14,24,8.26406539294734
14,25,6.871183166704968
14,26,7.350546604336487
14,27,9.353046174808242
14,28,12.020745852157727
14,29,15.309905662233174
14,30,17.61199016168997
14,31,20.75007951191659
14,32,23.65094155608053
14,33,24.765789650685647
14,34,23.04657448715691
14,35,24.010664020616126
14,36,22.984632630252666
14,37,21.530798346364865
14,38,18.151510311766955
14,39,18.88003500785094
14,40,16.955742478783947
14,41,17.933473543436317
14,42,17.353484149084995
14,43,19.05499240447682
14,44,20.162329193373782
14,45,20.757850668390166
14,46,24.012990251998882
14,47,22.42074067667926
14,48,24.08663223082228
14,49,22.12902857351737
14,50,22.360122794445395
14,51,23.827779093880984
14,52,22.070420876501775
14,53,19.258608545820763
14,54,17.755877889731178
14,55,17.92709657637808
14,56,17.744931320056708
14,57,21.210051756017016
14,58,21.548356831064112
14,59,18.3045369967205
14,60,19.568676392280334
14,61,18.726998085248862
14,62,21.288462706587346
14,63,20.53962173383283
14,64,18.58010699194283
14,65,17.567593081596076
14,66,16.384687314938184
14,67,12.803660854863237
14,68,13.039620955284837
14,69,11.300071890248914
14,70,12.025737106035622
14,71,12.773710312052328
14,72,13.878099657921759
14,73,15.79720086939866
14,74,15.48821755101299
14,75,18.629294004303574
14,76,19.26388053538123
14,77,19.05436106403531
14,78,17.62327097536632
14,79,16.491578790574852
14,80,14.600312929280387
14,81,12.53709242710222
14,82,14.342291752538104
14,83,13.900301120356112
14,84,16.90558787219994
14,85,20.423419963026145
14,86,22.544479867152575
14,87,22.228901614480804
14,88,19.23237489415575
14,89,16.95769669954171
14,90,13.31272340962092
14,91,13.52545523350117
14,92,10.501681612794412
14,93,12.109966670467257
14,94,11.819371631147217
14,95,14.123159716401029
14,96,15.284712148863333
14,97,17.64363481716052
14,98,21.18567338033894
14,99,23.10264179673148
15,1,30.003622858876966
15,2,26.498781493637196
15,3,25.743306594241062
15,4,22.665346497627585
15,5,20.71368879207302
15,6,21.868308961004498
15,7,20.2452591627689
15,8,17.279913291667935
15,9,13.747947517251022
15,10,11.666348142491115
15,11,8.094818279356833
15,12,9.138047916981618
15,13,6.603834283192002
15,14,3.7799889703752156
15,16,3.7954419114275435
15,17,6.968978699008549
15,18,10.192551893520903
15,19,13.891083721345527
15,20,14.585760400319248
15,21,12.561849318938929
15,22,10.139550828914828
15,23,6.397629318435637
15,24,5.399420562321152
15,25,4.697794098182438
15,26,7.098733879994078
15,27,9.54473981854603
15,28,12.966453904736293
15,29,15.870281363446749
15,30,18.61189163186311
15,31,21.288363055270374
15,32,24.216206076399605
15,33,24.75649488218294
15,34,22.94755182765085
15,35,23.57045660568342
15,36,22.119976000646275
15,37,20.104776332023782
15,38,16.664532465959308
15,39,17.017876757468
15,40,14.539601383089964
15,41,15.136873130129082
15,42,14.242334941268687
15,43,16.286322852275607
15,44,17.259555655485844
15,45,18.262419187255716
15,46,21.54775188195207
15,47,20.151657980178747
15,48,21.443004096801662
15,49,19.28723170001474
15,50,19.109958678557476
15,51,20.41446230042207
15,52,18.63831883864071
15,53,15.651930841892268
15,54,14.406825046351877
15,55,14.647806053466272
15,56,14.981045973370577
15,57,18.56798253492635
15,58,19.295845858481808
15,59,16.437015003032712
15,60,18.342683119506972
15,61,18.230084706200174
15,62,21.095763151670702
15,63,21.018402826331425
15,64,19.381573161711827
15,65,18.938990284900797
15,66,17.28398890105133
15,67,13.488587087769249
15,68,12.623522011825184
15,69,10.163982512111216
15,70,9.781860023345699
15,71,9.738027862798859
15,72,10.338429377084882
15,73,12.036506865161389
15,74,11.795247398922374
15,75,15.023956178924804
15,76,15.875089982813758
15,77,16.074827958830728
15,78,14.921995992623684
15,79,13.606245029743691
15,80,12.038456567710362
15,81,9.808258752205203
15,82,12.210059365264454
15,83,12.27822799239541
15,84,15.742386720194759
15,85,19.124835756707594
15,86,21.37313249093406
15,87,21.643193062106416
15,88,18.95274611892126
15,89,16.11843778787915
15,90,12.654577002169273
15,91,12.248780098290654
15,92,8.965428717167685
15,93,10.28353713701819
15,94,9.24036052824379
15,95,11.469196026523242
15,96,12.173515821098453
15,97,14.872630839907973
15,98,18.299823512122522
15,99,19.897894215358424
16,1,31.647916473002798
16,2,28.3404366187944
16,3,28.00643443697849
16,4,25.09656024846276
16,5,23.448554596738834
16,6,24.962768717343813
16,7,23.531405875786202
16,8,20.764831424588262
16,9,17.15384518016605
16,10,15.20467012019847
16,11,11.56587789690078
16,12,11.825561013743261
16,13,8.705311160580937
16,14,6.1445922572215865
16,15,3.7954419114275435
16,17,3.8022865938908446
16,18,6.803611878645152
16,19,10.427074484220253
16,20,11.720645078673906
16,21,10.247083197951262
16,22,8.35942778352024
16,23,5.283174719644074
16,24,4.833053511425526
16,25,6.684250798529604
16,26,9.085508660051467
16,27,12.316898040019733
16,28,15.702415042726324
16,29,18.782691565716537
16,30,21.771605777610045
16,31,24.38474880539373
16,32,27.07031158033856
16,33,27.46581327866418
16,34,25.302648513444634
16,35,25.584530969654235
16,36,24.30104831135153
16,37,22.11746592105399
16,38,18.938955011215544
16,39,19.469189014588736
16,40,16.728395757044005
16,41,17.171632148387477
16,42,15.961250000411631
16,43,18.356556916423166
16,44,18.88150827074598
16,45,20.049258437560056
16,46,23.48554768150392
16,47,22.52535919042077
16,48,23.520565445987497
16,49,21.24161094209922
16,50,20.424120686785297
16,51,21.313388061418088
16,52,19.296614464754228
16,53,15.890304345778455
16,54,14.829740239416829
16,55,14.237427436491878
16,56,15.034519945297134
16,57,18.816562990334518
16,58,20.217494431495624
16,59,17.65772911152367
16,60,19.92988333136009
16,61,20.18005115233824
16,62,22.75840723868389
16,63,22.94439019953556
16,64,21.793436419809144
16,65,21.07472077641731
16,66,18.918772840629764
16,67,15.253239471326664
16,68,14.132238109546789
16,69,10.978028792281226
16,70,10.64297036501911
16,71,9.523963520349506
16,72,10.400029160435357
16,73,11.476452591588417
16,74,11.94825450090318
16,75,14.9637623627753
16,76,15.432443285793587
16,77,16.166119538686058
16,78,15.892886134873367
16,79,15.083901289476096
16,80,14.322382586556287
16,81,12.265343633926358
16,82,15.088770663316444
16,83,15.28702608754052
16,84,18.86611087708685
16,85,22.21802228437742
16,86,24.626530995592525
16,87,25.169824272077026
16,88,22.53811119114721
16,89,19.588288864211936
16,90,16.25804806854611
16,91,15.617309961055932
16,92,12.204675508362127
16,93,12.815219393902192
16,94,10.750034108218784
16,95,11.863006212065333
16,96,11.485672628955637
16,97,13.59162610859417
16,98,16.679347190151308
16,99,18.60648228690957
17,1,32.71387228077251
17,2,29.59003125130621
17,3,29.44784172067181
17,4,26.526604533901416
17,5,25.352838392910932
17,6,26.9865231520971
17,7,25.989219869167833
17,8,23.41594274985734
17,9,19.940812452461135
17,10,18.386549149453906
17,11,14.914868112475505
17,12,15.457714088224701
17,13,12.480530393760464
17,14,9.841921046519714
17,15,6.968978699008549
17,16,3.8022865938908446
17,18,3.803660732603545
17,19,7.121291928033733
17,20,8.247483819693215
17,21,6.689726698016961
17,22,5.753983035108062
17,23,4.344894444589955
17,24,6.133845562249807
17,25,9.08402701915198
17,26,12.045780921291758
17,27,15.289028217850293
17,28,18.853028544238125
17,29,21.684416723054444
17,30,24.840722022025897
17,31,27.170268291869426
17,32,29.813910691143256
17,33,29.83402350505801
17,34,27.598739199433545
17,35,27.577107298865425
17,36,26.060234892116124
17,37,23.476462492698378
17,38,20.43653337971753
17,39,20.634733195627923
17,40,17.477087436105304
17,41,17.362565150712516
17,42,15.637688485487406
17,43,18.195366274344693
17,44,18.184597768370676
17,45,19.55681197912003
17,46,23.01635784831037
17,47,22.55997262762859
17,48,23.19341682804938
17,49,20.912682438004897
17,50,19.473879043023587
17,51,20.08212939592987
17,52,18.13857155887297
17,53,14.440312765155152
17,54,14.0361294319897
17,55,13.138989114483193
17,56,14.817480733655039
17,57,18.59242072920068
17,58,20.60418197327121
17,59,18.6384568833848
17,60,21.428171456222664
17,61,22.27619237964265
17,62,24.90056524249575
17,63,25.55171531485476
17,64,24.693280924300442
17,65,24.217976155411048
17,66,21.782381119200014
17,67,18.165842594965103
17,68,16.46773346507855
17,69,12.942954873515385
17,70,11.810690702843651
17,71,9.460868793638799
17,72,9.581379161135771
17,73,9.490502459591765
17,74,10.284168772247371
17,75,12.823538855408417
17,76,12.983705159189755
17,77,14.306677345251877
17,78,14.880122727323641
17,79,14.463529496237049
17,80,14.590017595349043
17,81,12.935766545531266
17,82,16.204414562196092
17,83,16.94562584215233
17,84,20.67437105864726
17,85,23.753125815970034
17,86,26.125879031718586
17,87,27.072537154752638
17,88,24.7708569007864
17,89,21.514244420296308
17,90,18.427971184735647
17,91,17.23675136100118
17,92,13.81288634071548
17,93,13.67797211267383
17,94,10.749532001189936
17,95,10.804292327570572
17,96,9.267643154785395
17,97,11.001878996855304
17,98,13.6321447982785
17,99,15.517890812898383
18,1,32.771298424464746
18,2,29.9304464308904
18,3,30.25266026637274
18,4,27.61421002517806
