1,2,3.803260629575958
1,3,6.0532526442463634
1,4,9.745360705207577
1,5,10.77618281950074
1,6,8.940189123186796
1,7,10.318247308670747
1,8,13.51874933303299
1,9,13.84475919302961
1,10,13.811349137244573
1,11,16.168110982715987
1,12,18.291033821289854
1,13,18.6370486749504
1,14,19.667974315036147
1,15,22.16334257107842
1,16,23.522891926288924
1,17,24.202856516601944
1,18,25.961520409687825
1,19,27.906192268305272
1,20,29.075874663852925
1,21,30.073344659896367
1,22,32.06717250847025
1,23,33.777263225997174
1,24,34.94635381139214
1,25,35.87462996365593
1,26,39.4781101614261
1,27,40.81220699566449
1,28,42.894733211318716
1,29,46.63446524722133
1,30,47.34192794363752
1,31,45.65971349290603
1,32,41.943458088284665
1,33,38.81357629387074
1,34,37.25820127799958
1,35,33.9348288555436
1,36,31.257491923938215
1,37,27.636712485626024
1,38,27.1415782100215
1,39,23.75260582029908
1,40,22.20877591132159
1,41,23.81398392429391
1,42,26.464361352586298
1,43,30.035455515326156
1,44,32.77054047418496
1,45,36.38590157310384
1,46,37.83262164245826
1,47,41.42969523087039
1,48,42.958535938065495
1,49,42.656039425045336
1,50,39.891900321662675
1,51,36.58269734796973
1,52,33.8862514513322
1,53,30.81362099706941
1,54,27.419545028642144
1,55,24.706883281717026
1,56,21.558947376564447
1,57,19.46800182121313
1,58,16.89324938316088
1,59,14.294820674125873
1,60,13.845299093733948
1,61,10.552678134520379
1,62,13.201513197716073
1,63,15.341145294368273
1,64,15.946399261139348
1,65,17.842985089244674
1,66,20.05227257379272
1,67,20.464837941529204
1,68,24.19672851194495
1,69,24.583271494869145
1,70,26.36423018491414
1,71,26.898139302330677
1,72,30.561756596395522
1,73,32.606555289690895
1,74,36.406885021822696
1,75,38.50501990444954
1,76,41.5771455135666
1,77,45.13720704918307
1,78,45.57243679667611
1,79,42.702436589620966
1,80,40.3336772515815
1,81,36.956555162947026
1,82,36.909888132724575
1,83,34.87240989193707
1,84,33.3402003190653
1,85,30.02877295609859
1,86,29.012305388424117
1,87,25.317056985576443
1,88,25.301498280902287
1,89,24.65272511735551
1,90,21.189885464586574
1,91,20.247483057287436
1,92,17.252217987588445
1,93,18.95135271635463
1,94,17.596937736855235
1,95,18.93011938989136
1,96,21.10339132879752
1,97,21.816984306534458
1,98,24.258652890437823
1,99,22.055933719088646
1,100,19.355135002378194
1,101,22.214821762026478
1,102,23.796202891410434
1,103,20.868352109869566
1,104,20.076522476162566
1,105,23.85258104945396
1,106,24.430521306760763
2,1,3.803260629575958
2,3,3.795820293156752
2,4,6.760334240374298
2,5,8.343383238607986
2,6,6.506311207675304
2,7,6.861246309062673
2,8,10.232508489695842
2,9,11.188553902130119
2,10,11.004411610431717
2,11,12.834858338395794
2,12,15.240551505868037
2,13,15.967165003254102
2,14,16.684184982783602
2,15,18.957690548413094
2,16,20.681898531620558
2,17,21.471419070252516
2,18,22.880592046684924
2,19,24.846354942658916
2,20,26.320716610769804
2,21,27.235202658907426
2,22,28.97448866219043
2,23,30.82327848812428
2,24,32.19767019872114
2,25,32.96740676516729
2,26,36.53979494586077
2,27,37.66515843675895
2,28,39.6987881880066
2,29,43.41286906490547
2,30,43.990958842915504
2,31,42.19128837979302
2,32,38.482040367481034
2,33,35.27322076179527
2,34,33.76073482372415
2,35,30.525947948000454
2,36,27.742618815767226
2,37,24.07588817521659
2,38,23.427348929683863
2,39,20.02734192529667
2,40,18.516494514770777
2,41,20.316819223329315
2,42,23.09822060784871
2,43,26.645053288032177
2,44,29.530368535432412
2,45,33.075891661100954
2,46,34.489981345394995
2,47,38.091675886137786
2,48,39.49767191651896
2,49,39.227773311503476
2,50,36.57773451342833
2,51,33.28846431570282
2,52,30.60961302438973
2,53,27.68748619100775
2,54,24.30234279501579
2,55,21.85000809818925
2,56,18.600802944438875
2,57,16.36004124154822
2,58,14.190742647847712
2,59,11.212038800802926
2,60,10.644414224600988
2,61,7.719283295651936
2,62,10.9529108164622
2,63,13.026107342930183
2,64,14.451463713056373
2,65,16.233578603901215
2,66,17.861186817073346
2,67,18.35581863615119
2,68,22.077020940483507
2,69,22.048064434382297
2,70,23.47456841803705
2,71,23.672913551550863
2,72,27.261277274084193
2,73,29.12391508119223
2,74,32.91109405018397
2,75,34.965440762656904
2,76,37.96809641763038
2,77,41.55825395794331
2,78,41.922954400174774
2,79,39.09478688849954
2,80,36.647167790120314
2,81,33.28322227779211
2,82,33.23530668856656
2,83,31.15252757172458
2,84,29.724741410688814
2,85,26.461849857044296
2,86,25.64940659786804
2,87,22.021298174447058
2,88,22.282076442166623
2,89,21.862864626723795
2,90,18.249684926754718
2,91,17.31344614926391
2,92,14.647505139866707
2,93,16.93012285908895
2,94,15.834974428440688
2,95,16.61939125547162
2,96,18.981056135897433
2,97,19.431761665113576
2,98,22.236065496571765
2,99,20.509872818577087
2,100,17.647277403909808
2,101,20.37569800574997
2,102,22.45773655008613
2,103,19.973430985234334
2,104,19.055830257679215
2,105,22.832885861721266
2,106,23.917438533330785
3,1,6.0532526442463634
3,2,3.795820293156752
3,4,3.7921300996334257
3,5,5.4137799331391685
3,6,5.360911179004276
3,7,6.462326793718575
3,8,8.679709474734599
3,9,10.002623530279523
3,10,11.080580202140386
3,11,12.534848811583323
3,12,14.28644067063045
3,13,15.718733954835185
3,14,16.944571252652615
3,15,18.585339786680358
3,16,20.23581184789871
3,17,21.68239302968495
3,18,22.99151490296648
3,19,24.442734589314703
3,20,26.19411272902849
3,21,27.53130435356426
3,22,28.96540549282764
3,23,30.530130416308243
3,24,32.265088539310725
3,25,33.26338686165412
3,26,36.8970395926499
3,27,37.78023858514662
3,28,40.01997977482474
3,29,43.65818373051197
3,30,44.241476548842854
3,31,42.36706801563389
3,32,38.74545907966137
3,33,35.4267927243638
3,34,33.70049128572421
3,35,30.60853441048905
3,36,27.548415005670808
3,37,23.806370279906147
3,38,23.091463760892466
3,39,19.43004078571978
3,40,18.618828327639577
3,41,20.85101945735256
3,42,23.557502823874053
3,43,27.166135209869072
3,44,30.143184462701523
3,45,33.53810469018623
3,46,35.165993610524225
3,47,38.823213511531385
3,48,40.09501573878426
3,49,40.045155651991976
3,50,37.61638871164634
3,51,34.45143943921967
3,52,31.7249335671491
3,53,29.10740984434329
3,54,25.68001845982331
3,55,23.64714755044129
3,56,20.46031332591329
3,57,17.823450579343447
3,58,16.047113734100655
3,59,12.564791785890263
3,60,12.483067352309156
3,61,10.362988454655033
3,62,13.92501161736213
3,63,15.788101663524044
3,64,17.708452738311156
3,65,19.47463439936971
3,66,20.675538722237846
3,67,21.10349588025225
3,68,24.79092506327061
3,69,24.452406867712444
3,70,25.415177996605376
3,71,25.121031319784418
3,72,28.530893605346254
3,73,29.95895141909081
3,74,33.67280235174082
3,75,35.49908663951284
3,76,38.32303947051214
3,77,41.956701365544895
3,78,41.99426633426551
3,79,39.180637026579774
3,80,36.55821408736888
3,81,33.36718000053915
3,82,33.453402067199605
3,83,31.17571856753449
3,84,30.14398262751172
3,85,27.112155588328413
3,86,26.794779914433136
3,87,23.371688161045928
3,88,23.994043937043354
3,89,23.991795175037886
3,90,20.270104818247784
3,91,19.202802195244725
3,92,16.870529198704645
3,93,19.56405347296661
3,94,18.279151390897947
3,95,18.406497913092732
3,96,20.385523048145668
3,97,20.134016469536295
3,98,22.880504579415614
3,99,21.50995204937014
3,100,18.221432967016327
3,101,20.37373079754255
3,102,22.72117715914526
3,103,20.387108405424293
3,104,18.776014280864537
3,105,22.402303819796302
3,106,23.899456602874398
4,1,9.745360705207577
4,2,6.760334240374298
4,3,3.7921300996334257
4,5,3.798040009396342
4,6,5.581014505251143
4,7,5.35826881761707
4,8,6.174807106730103
4,9,8.630233077688468
4,10,10.210696520026888
4,11,10.604325278902428
4,12,12.150377050140262
4,13,14.371909999946892
4,14,15.458464244065082
4,15,16.416622273063588
4,16,18.376591933358515
4,17,20.22411114669558
4,18,21.078326362904427
4,19,22.25252916750156
4,20,24.421450262385505
4,21,25.846038444627567
4,22,26.85118310166289
4,23,28.397698712407077
4,24,30.479361584649705
4,25,31.410940523790362
4,26,34.995692331874324
4,27,35.55757156899361
4,28,37.820044961455636
4,29,41.37103414295087
4,30,41.825343666823315
4,31,39.81321720553162
4,32,36.26523622732527
4,33,32.844533337748985
4,34,31.079699571090387
4,35,28.185572949060543
4,36,24.91677008965986
4,37,21.145202784034833
4,38,20.225296029728536
4,39,16.46675640019932
4,40,16.14619645483542
4,41,18.771908057001973
4,42,21.501525837299123
4,43,25.03107661864995
4,44,28.15174008876895
4,45,31.35648613593172
4,46,33.02693865899965
4,47,36.67254348490717
4,48,37.75010850588201
4,49,37.826243090610184
4,50,35.63175036627713
4,51,32.57868195942645
4,52,29.893701574981026
4,53,27.60799212850893
4,54,24.256719840322003
4,55,22.72409356739594
4,56,19.59811290542341
4,57,16.77484813565688
4,58,15.699847361644753
4,59,11.938217524339981
4,60,11.999440450243418
4,61,10.934465175841368
4,62,14.603446023732944
4,63,16.172427565546847
4,64,18.760321156950585
4,65,20.33071336056602
4,66,20.866171721319798
4,67,21.324425262326447
4,68,24.843058342953128
4,69,24.037398220418993
4,70,24.458239937543272
4,71,23.631889698708395
4,72,26.799180953648783
4,73,27.817084659099926
4,74,31.42867836801748
4,75,33.08835907438994
4,76,35.7312157532779
4,77,39.38801322468972
4,78,39.2084517055058
4,79,36.464931022837426
4,80,33.696160288497595
4,81,30.62792153301223
4,82,30.77084011737268
4,83,28.36843877652989
4,84,27.651271633595737
4,85,24.837554586947103
4,86,24.97150656702795
4,87,21.809764790781248
4,88,22.83879826918209
4,89,23.240456755391442
4,90,19.49175803091042
4,91,18.41218606662445
4,92,16.669031416157203
4,93,19.850785385768123
4,94,18.759632605067992
4,95,18.152186341325017
4,96,20.0183118576105
4,97,19.21863022306039
4,98,22.16173275060735
4,99,21.416850194129946
4,100,17.965370014305776
4,101,19.6315087881999
4,102,22.45612164152609
4,103,20.660367384237635
4,104,18.740334107079104
4,105,22.146368706903875
4,106,24.195002606589842
5,1,10.77618281950074
5,2,8.343383238607986
5,3,5.4137799331391685
5,4,3.798040009396342
5,6,3.8094684807833645
5,7,5.52581021318856
5,8,5.057081732711752
5,9,6.03896547767335
5,10,8.698251861976127
5,11,9.757597786396872
5,12,10.248097372224645
5,13,12.276348070688694
5,14,14.20960671418044
5,15,15.093397428141662
5,16,16.357757108353173
5,17,18.51155064750673
5,18,19.836913497054
5,19,20.602818841922975
5,20,22.48052677426752
5,21,24.34367133667651
5,22,25.523524322069594
5,23,26.637442411327154
5,24,28.66608777820189
5,25,30.012532031181607
5,26,33.70141826360241
5,27,34.42732850348724
5,28,36.97908364169739
5,29,40.51160499989616
5,30,41.28258004014005
5,31,39.5320117599919
5,32,36.06625743898736
5,33,32.79462359641499
5,34,30.65126553878869
5,35,27.636611555678087
5,36,24.44448289058285
5,37,20.789124628977287
5,38,20.508448613529605
5,39,16.699762699390767
5,40,16.83409611323153
5,41,19.05911804653921
5,42,21.24359858404887
5,43,24.923216991932374
5,44,27.734974968462932
5,45,30.942687879297992
5,46,32.99933939765623
5,47,36.72837369783077
5,48,38.06868121548207
5,49,38.49871932083942
5,50,36.226115177983914
5,51,33.39928355781822
5,52,30.430425418418622
5,53,28.20915876901738
5,54,24.670334730848783
5,55,23.18082702016631
5,56,20.461527852584908
5,57,17.18905549197341
5,58,15.78459694341494
5,59,12.060115857374425
5,60,13.256414980669152
5,61,12.613316663252984
5,62,16.43418411795603
5,63,17.29818101785588
5,64,19.80101271412992
5,65,21.937512375042253
5,66,22.349294915527295
5,67,22.173973180587293
5,68,25.75403169788317
5,69,25.278136355060457
5,70,25.521823009014586
5,71,24.7951931604966
5,72,27.973398958645742
5,73,28.843954117916994
5,74,32.3853748666727
5,75,33.68739288475218
5,76,36.426498933514125
5,77,39.97540207070064
5,78,39.58128245331152
5,79,36.619665283175415
5,80,34.04368207512625
5,81,31.17769091621932
5,82,31.769958055906955
5,83,29.64034508118991
5,84,29.234027690842357
5,85,26.36176666546372
5,86,26.743653070198466
5,87,23.616424342404084
5,88,25.054892719339627
5,89,25.125168775603807
5,90,21.31426647165064
5,91,20.82001150786942
5,92,19.347642118915477
5,93,22.573417631552605
5,94,21.867341613415253
5,95,21.44268623317619
5,96,23.558551297870736
5,97,22.849000130735238
5,98,25.88773996576207
5,99,25.17220448133373
5,100,21.753255919774762
5,101,23.40400514358889
5,102,26.24536584122463
5,103,24.40300089978027
5,104,22.417700266127905
5,105,25.792223335626357
5,106,27.82700549834473
6,1,8.940189123186796
6,2,6.506311207675304
6,3,5.360911179004276
6,4,5.581014505251143
6,5,3.8094684807833645
6,7,3.803670409347013
6,8,5.368541416671423
6,9,5.003519297011109
6,10,6.29690511697991
6,11,8.55951400978549
6,12,9.71664046051406
6,13,10.647940663933044
6,14,12.426339082062198
6,15,14.217231217017614
6,16,15.32735309512855
6,17,16.81205788441986
6,18,18.53850026483243
6,19,19.819378856470124
6,20,21.249486367281314
6,21,22.82137181621999
6,22,24.482047558235383
6,23,25.783256275948922
6,24,27.37175344655819
6,25,28.64527432266847
6,26,32.35742674852973
6,27,33.44665133885201
6,28,35.90737270473313
6,29,39.549272335261
6,30,40.45339612224864
6,31,38.8840399887423
6,32,35.32387526342669
6,33,32.2068957494342
6,34,30.13046915250035
6,35,26.855083028002777
6,36,23.97520878322074
6,37,20.384059158865217
6,38,20.433343658711383
6,39,16.8231619379969
6,40,16.274278524386972
6,41,17.905305529994646
6,42,20.00346934163676
6,43,23.768644884424774
6,44,26.392341847964005
6,45,29.823955118132343
6,46,31.832691702367033
6,47,35.576617697367645
6,48,37.189401397492155
6,49,37.534846705415994
6,50,34.97081190542993
6,51,32.08295621279392
6,52,29.00027552075031
6,53,26.455464762298337
6,54,22.806066605395603
6,55,20.878190493024615
6,56,18.238278860782337
6,57,15.003043252946847
6,58,12.964367287169226
6,59,9.481766416255509
6,60,10.998840984277901
6,61,10.114885294978839
6,62,13.880082409627098
6,63,14.417640838111941
6,64,16.595196003707244
6,65,19.08226262870548
6,66,19.700212082043553
6,67,19.216977755594264
6,68,22.902078655034433
6,69,22.855105480643587
6,70,23.43062842390792
6,71,23.21776504791873
6,72,26.635222507425922
6,73,27.90679930792472
6,74,31.542627607772182
6,75,32.95460146351758
6,76,35.957417806489616
6,77,39.44285708743168
6,78,39.32046158964678
6,79,36.23032387860867
6,80,33.907993190339766
6,81,30.8973646857823
6,82,31.529000935096338
6,83,29.697327742765324
6,84,28.980428388837375
6,85,25.79488750657892
6,86,25.783134266392164
6,87,22.416182321012496
6,88,23.738553435497682
6,89,23.274116470372658
6,90,19.468214021773328
6,91,19.385536375086616
6,92,17.79706801967638
6,93,20.7919526835862
6,94,20.469056947424978
6,95,20.588363689310736
6,96,23.16359112065582
6,97,23.06275575793078
6,98,26.256518548181653
6,99,25.25717139336962
6,100,22.140718097507495
6,101,24.315651629649004
6,102,26.998619053144157
6,103,24.988796302195933
6,104,23.521237449957386
6,105,27.106612658345508
6,106,28.814591414358848
7,1,10.318247308670747
7,2,6.861246309062673
7,3,6.462326793718575
7,4,5.35826881761707
7,5,5.52581021318856
7,6,3.803670409347013
7,8,3.808105975000749
7,9,5.471923178443176
7,10,5.289367438690188
7,11,6.16760919261776
7,12,8.575894601044153
7,13,9.951833187634346
7,14,10.609481076104881
7,15,12.320008705006359
7,16,14.28087448309662
7,17,15.51244227861501
7,18,16.593806860498894
7,19,18.267609534787223
7,20,20.09557329944277
7,21,21.20448199099532
7,22,22.59503118252783
7,23,24.350291801962168
7,24,26.05647392521516
7,25,26.87971618124102
7,26,30.48144175240869
7,27,31.364166074716216
7,28,33.57344750527879
7,29,37.22568521974937
7,30,37.86247940048934
7,31,36.09105215710233
7,32,32.46689813256861
7,33,29.24207729738358
7,34,27.436466204417897
7,35,24.245243681171814
7,36,21.305443307393357
7,37,17.619462100831512
7,38,17.27982037585114
7,39,13.73689646688997
7,40,12.81056534118439
7,41,14.673496168095232
7,42,17.168881971524712
7,43,20.836137778821247
7,44,23.724027028690802
7,45,27.134521045741128
7,46,28.876624264174104
7,47,32.5739264777344
7,48,34.00716464305328
7,49,34.169594862755865
7,50,31.671871965836655
7,51,28.679600611097058
7,52,25.741185936785936
7,53,23.23570941543405
7,54,19.695690722023283
7,55,17.929928316898536
7,56,15.064263207586313
7,57,11.953335890422283
7,58,10.529351409591493
7,59,6.759007304202996
7,60,7.760855536232875
7,61,7.593999474402935
7,62,11.34236590581245
7,63,11.88294367290127
7,64,14.656143791946732
7,65,16.716650177004954
7,66,16.88066731565245
7,67,16.71267257434321
7,68,20.25962645029668
7,69,19.770428025574848
7,70,20.160216113555805
7,71,19.710196831166396
7,72,23.0820685760126
7,73,24.356103755292054
7,74,28.026207538100632
7,75,29.604638976037563
7,76,32.569733365403266
7,77,36.11316681726919
7,78,36.123757050188544
7,79,33.14949116893617
7,80,30.732590227303177
7,81,27.588488048986815
7,82,28.012519630429768
7,83,26.116980647210852
7,84,25.265056402758518
7,85,22.070342384587164
7,86,22.033216616330016
7,87,18.695310011690875
7,88,20.079270647911414
7,89,19.81382991854012
7,90,15.995375036304162
7,91,15.858843977021802
7,92,14.597071908359508
7,93,17.864077243708305
7,94,17.794579527984393
7,95,17.56522756865685
7,96,20.26685058221008
7,97,20.15098294585385
7,98,23.55444708888125
7,99,22.87488215623631
7,100,19.912096566670986
7,101,22.07949373969546
7,102,24.98239571551531
7,103,23.356406460138718
7,104,22.120628025370188
7,105,25.639429866345058
7,106,27.5348747483058
8,1,13.51874933303299
8,2,10.232508489695842
8,3,8.679709474734599
8,4,6.174807106730103
8,5,5.057081732711752
8,6,5.368541416671423
8,7,3.808105975000749
8,9,3.8179375370323565
8,10,5.470523217387771
8,11,4.9615695610881465
8,12,5.994982596358129
8,13,8.572719535493492
8,14,9.752662673765732
8,15,10.35465085489928
8,16,12.23542301187357
8,17,14.284566541344182
8,18,15.121852216459105
8,19,16.108983954280788
8,20,18.2867714384646
8,21,19.847531696663285
8,22,20.82287571776717
8,23,22.24294000844961
8,24,24.354391161285907
8,25,25.40132626842828
8,26,29.023411593956027
8,27,29.631473321363554
8,28,32.06750111676575
8,29,35.60864707532405
8,30,36.2926238384454
8,31,34.51191076787283
8,32,31.02433550917146
8,33,27.75908678740478
8,34,25.65853128224884
8,35,22.631693200019303
8,36,19.45107406857336
8,37,15.776587011625493
8,38,15.597823004894487
8,39,11.848588350582997
8,40,11.992273976626459
8,41,14.11025477626533
8,42,16.235879386715474
8,43,19.889190201505627
8,44,22.748855562912492
8,45,25.922554015480348
8,46,27.957101482430133
8,47,31.683618435319755
8,48,33.03278518699998
8,49,33.536087643441164
8,50,31.280292987299365
8,51,28.553189216922235
8,52,25.53216909817252
8,53,23.47294572215685
8,54,19.96610712082308
8,55,18.834878987600007
8,56,16.35237246302522
8,57,12.908233119598675
8,58,12.17762127036003
8,59,8.495017512424122
8,60,10.171041230628603
8,61,10.990131620363163
8,62,14.557250641980803
8,63,14.65326058092344
8,64,17.730972992321373
8,65,19.76586904637227
8,66,19.384685386220294
8,67,18.992925409033692
8,68,22.30658522130389
8,69,21.542834936924464
8,70,21.292468454697616
8,71,20.3119357779947
8,72,23.35262016173185
8,73,24.050340737125303
8,74,27.534950029326335
8,75,28.713950469796906
8,76,31.50106934003151
8,77,35.01127445263119
8,78,34.63634162541687
8,79,31.62466578032938
8,80,29.129234202355075
8,81,26.258774988961328
8,82,26.998431244575066
8,83,25.085357557157497
8,84,24.787220036369956
8,85,21.870330850258465
8,86,22.484579607182162
8,87,19.52912053020673
8,88,21.465345517574566
8,89,21.507881351729868
8,90,17.761487043266843
8,91,17.788704835946444
8,92,17.134886111286477
8,93,20.670808448275086
8,94,20.70134310188918
8,95,19.942456644018176
8,96,22.427348731165615
8,97,21.79074601502294
8,98,25.22517605241588
8,99,25.011257481853615
8,100,21.880212441744288
8,101,23.54233063208355
8,102,26.731670154934775
8,103,25.42074431688882
8,104,23.79246508315351
8,105,27.08517005330449
8,106,29.36578348971194
9,1,13.84475919302961
9,2,11.188553902130119
9,3,10.002623530279523
9,4,8.630233077688468
9,5,6.03896547767335
9,6,5.003519297011109
9,7,5.471923178443176
9,8,3.8179375370323565
9,10,3.80850812056734
9,11,5.430796825943104
9,12,5.010814017456941
9,13,6.281911696058023
9,14,8.726730916476582
9,15,9.870014747944282
9,16,10.596462589497387
9,17,12.617958656545495
9,18,14.349053408580371
9,19,15.140774588459847
9,20,16.642951384454335
9,21,18.567409446778736
9,22,20.05257648818969
9,23,21.063065685941957
9,24,22.83800352374857
9,25,24.32529206100978
9,26,28.06755655646162
9,27,29.066655674810303
9,28,31.744887726328077
9,29,35.31104950312246
9,30,36.38514117484438
9,31,34.97107883374743
9,32,31.54116784833995
9,33,28.539933879173173
9,34,26.127827713067227
9,35,22.869829629191347
9,36,20.008299077990713
9,37,16.59689603008196
9,38,17.257883864080657
9,39,13.765090320398677
9,40,13.934913331650355
9,41,15.206921048486526
9,42,16.637537426391077
9,43,20.41327727831155
9,44,22.790758914611647
9,45,26.063175852374236
9,46,28.432033990119077
9,47,32.20987191787576
9,48,33.94196327592268
9,49,34.70697697414796
9,50,32.241675502193175
9,51,29.704756562910838
9,52,26.409509498972515
9,53,24.241041469033846
9,54,20.556936241171947
9,55,19.200457712290422
9,56,17.19407236686286
9,57,13.497696733095923
9,58,12.03058281764225
9,59,8.799533698847632
9,60,11.532516170880982
9,61,12.274084060128649
9,62,15.775756988786274
9,63,15.255419802391259
9,64,17.90851242591756
9,65,20.54088566353707
9,66,20.290957331794562
9,67,19.225852848710115
9,68,22.609228671220468
9,69,22.422579887661243
9,70,22.27117452928549
9,71,21.72217331158092
9,72,24.85797135821263
9,73,25.65808461952041
9,74,29.0821042541364
9,75,30.000786075201543
9,76,32.97716368465505
9,77,36.325501425888476
9,78,35.90451985081396
9,79,32.65944118530453
9,80,30.499363535293384
9,81,27.777439533727144
9,82,28.90525748006999
9,83,27.384435585202983
9,84,27.16849871210848
9,85,24.104413944092617
9,86,24.659532024617075
9,87,21.6441616971623
9,88,23.70649905002043
9,89,23.213686925683906
9,90,19.50357941871528
9,91,20.090748446178758
9,92,19.416667554451692
9,93,22.73635235025517
9,94,23.049215144966496
9,95,22.745300398776074
9,96,25.492368074397223
9,97,25.176573824634662
9,98,28.635105578416532
9,99,28.18540421206165
9,100,25.128923997805423
9,101,27.01895820719615
9,102,30.070688292461682
9,103,28.517339388601748
9,104,26.97468557377987
9,105,30.387550588663775
9,106,32.46796430457888
10,1,13.811349137244573
10,2,11.004411610431717
10,3,11.080580202140386
10,4,10.210696520026888
10,5,8.698251861976127
10,6,6.29690511697991
10,7,5.289367438690188
10,8,5.470523217387771
10,9,3.80850812056734
10,11,3.8085105815634526
10,12,5.339063023731381
10,13,4.997589006162475
10,14,6.212903114671453
10,15,8.620561945502438
10,16,9.749193860608946
10,17,10.665684273021743
10,18,12.453543186667659
10,19,14.126864018454699
10,20,15.366206901660975
10,21,16.629515309043136
10,22,18.476121296999576
10,23,19.984499829757027
10,24,21.353344793885018
10,25,22.46713908756149
10,26,26.16501572300537
10,27,27.407206210927058
10,28,29.835975006322563
10,29,33.513827843684034
10,30,34.55525265100368
10,31,33.19866179726236
10,32,29.647215869036316
10,33,26.746163373092443
10,34,24.571324356275234
10,35,21.111677310635695
10,36,18.566505918493007
10,37,15.218367290638252
10,38,16.011766213548235
10,39,12.882669260903032
10,40,12.147160155801103
10,41,12.788039632421928
10,42,14.280089794007385
10,43,18.08588840427542
10,44,20.40512197299031
10,45,23.898478348251587
10,46,26.064865972825732
10,47,29.828233688801124
10,48,31.723002038281336
10,49,32.305387836601824
10,50,29.600105558140772
10,51,26.95963850277392
10,52,23.62686859240542
10,53,21.166020840236733
10,54,17.4171656373539
10,55,15.718017061807661
10,56,13.77427858065706
10,57,10.107104072831358
10,58,8.285723184807338
10,59,5.349227561985769
10,60,8.63164870641407
10,61,9.870063303772866
10,62,12.95700665294838
10,63,11.857990258423833
10,64,14.501331548371056
10,65,17.243048064060282
10,66,16.83645107839445
10,67,15.519593537858196
10,68,18.885542102604642
10,69,18.895177503276077
10,70,18.90845299799083
10,71,18.744658736925373
10,72,22.05905076078643
10,73,23.233763437025228
10,74,26.74162097947556
10,75,27.84513623838829
10,76,31.04118837142543
10,77,34.348491846463375
10,78,34.26097243897535
10,79,30.974471636647266
10,80,29.013604061026278
10,81,26.096594810644813
10,82,27.14328369378083
10,83,25.88645781764449
10,84,25.319591051230667
10,85,21.994739205077593
10,86,22.17816862703921
10,87,19.014898474197217
10,88,21.025645729699765
10,89,20.11416310665624
10,90,16.482294883587883
10,91,17.527402014239733
10,92,17.036064882605036
10,93,20.192212082084623
10,94,21.004583586397608
10,95,20.977508831502398
10,96,24.082827654362873
10,97,24.238642730391515
10,98,27.838470781258266
10,99,27.3282583603529
10,100,24.626295692310052
10,101,26.854712036256196
10,102,29.835401920408614
10,103,28.346420940574372
10,104,27.28609480196934
10,105,30.78129762494142
10,106,32.68427245366845
11,1,16.168110982715987
11,2,12.834858338395794
11,3,12.534848811583323
11,4,10.604325278902428
11,5,9.757597786396872
11,6,8.55951400978549
11,7,6.16760919261776
11,8,4.9615695610881465
11,9,5.430796825943104
11,10,3.8085105815634526
11,12,3.8104346206943758
11,13,5.356483648478681
11,14,5.023074407768937
11,15,6.181853254874291
11,16,8.606810872119338
11,17,9.895091216458527
11,18,10.529275250801058
11,19,12.180562388758844
11,20,14.243361754479587
11,21,15.291678381943019
11,22,16.45859135718578
11,23,18.270986274523377
11,24,20.110099455696112
11,25,20.863552877542507
11,26,24.457759649489688
11,27,25.246782769454267
11,28,27.561337473811278
11,29,31.186449525473186
11,30,31.947322891331194
11,31,30.325404167763466
11,32,26.771452467627014
11,33,23.672106743483297
11,34,21.588278304596418
11,35,18.32003408328694
11,36,15.454660330673525
11,37,11.8996299694819
11,38,12.35464832368633
11,39,9.09642040640882
11,40,8.672179316742925
11,41,9.810935950362094
11,42,11.590544502434534
11,43,15.346343996278536
11,44,18.035272729132036
11,45,21.358319165176823
11,46,23.427924125017903
11,47,27.185021297405388
11,48,28.799559119161845
11,49,29.39353314871774
11,50,26.932114398421575
11,51,24.32196849050812
11,52,21.09700217422513
11,53,18.99187324682568
11,54,15.387538738533891
11,55,14.37614665953504
11,56,12.415613182344499
11,57,8.705026677458125
11,58,8.419989636410083
11,59,5.489214798508941
11,60,8.215311064662194
11,61,10.53266485549551
11,62,13.352921659183592
11,63,12.246464408903824
11,64,15.527770672136333
11,65,17.66468742720113
11,66,16.56388671951874
11,67,15.590767766551387
11,68,18.595963197177895
11,69,17.894662015954953
11,70,17.276301061875678
11,71,16.427613319770845
11,72,19.46290962110691
11,73,20.23485861239916
11,74,23.685378890355437
11,75,24.729067633208828
11,76,27.765095424795817
11,77,31.1505550932806
11,78,30.94291942910483
11,79,27.756790933856
11,80,25.589428184891364
11,81,22.67918144087493
11,82,23.693256547335864
11,83,22.311943764115625
11,84,21.965261727586714
11,85,18.81706767618354
11,86,19.42349004924769
11,87,16.55995349070066
11,88,18.968543413245705
11,89,18.537259022395105
11,90,14.981837815770731
11,91,15.978072399122759
11,92,16.14193212888
11,93,19.62879182940787
11,94,20.5761166225514
11,95,19.917969294851098
11,96,22.880256819364448
11,97,22.683463959621214
11,98,26.380551091242516
11,99,26.378581669435754
11,100,23.714309703186537
11,101,25.601078037392103
11,102,28.84992740306603
11,103,27.821923125198165
11,104,26.701076686205674
11,105,29.97755495808935
11,106,32.205393995765
12,1,18.291033821289854
12,2,15.240551505868037
12,3,14.28644067063045
12,4,12.150377050140262
12,5,10.248097372224645
12,6,9.71664046051406
12,7,8.575894601044153
12,8,5.994982596358129
12,9,5.010814017456941
12,10,5.339063023731381
12,11,3.8104346206943758
12,13,3.8079597339356828
12,14,5.491191123614738
12,15,5.118916028783009
12,16,6.292376400260113
12,17,8.853562440488872
12,18,9.875649904102135
12,19,10.363417870259134
12,20,12.393889589776737
12,21,14.314937288504726
12,22,15.336278317176905
12,23,16.41642781283551
12,24,18.51843230632625
12,25,19.857746405668138
12,26,23.545391844638484
12,27,24.28676347617482
12,28,27.00398007607749
12,29,30.508730580620224
12,30,31.557959682044295
12,31,30.152959736442053
12,32,26.806530604284163
12,33,23.851858161162234
12,34,21.27415611806881
12,35,18.089437662582593
12,36,15.19659378269144
12,37,11.93926570994597
12,38,13.11058880532278
12,39,9.965787727995092
12,40,10.815270974662296
12,41,11.680427607516917
12,42,12.483375822013842
12,43,16.13683407787365
12,44,18.408908760413812
12,45,21.47582221063834
12,46,24.02942580672925
12,47,27.79469126216172
12,48,29.51854428580957
12,49,30.57328259972756
12,50,28.26626474841949
12,51,26.039764726948974
12,52,22.668605401346642
12,53,20.963314231852014
12,54,17.421976464988063
12,55,16.84684939703702
12,56,15.483085451568328
12,57,11.706147534972214
12,58,11.41306661920161
12,59,8.944471702164995
12,60,11.989868853335967
12,61,14.119783552719708
12,62,17.055143641096837
12,63,15.774554484158221
12,64,18.863754934390695
12,65,21.241976296601752
12,66,20.081510030144575
12,67,18.7506356078852
12,68,21.61122546942949
12,69,21.05135284662191
12,70,20.101986139501
12,71,19.090880497310703
12,72,21.80353742609966
12,73,22.09982184846967
12,74,25.2717206041754
12,75,25.785165776804075
12,76,28.69367693701958
12,77,31.92732202089385
12,78,31.306913000146757
12,79,27.988197189524623
12,80,25.93985722659212
12,81,23.44006299931723
12,82,24.939989782950242
12,83,23.729470534889014
12,84,23.93762153504428
12,85,21.065051479427872
12,86,22.15616150152784
12,87,19.628446605287607
12,88,22.332743301255984
12,89,21.939566570615312
12,90,18.51631177031652
12,91,19.64452794758969
12,92,19.929754627703733
12,93,23.437222729924503
12,94,24.33074030858955
12,95,23.57622339735877
12,96,26.40365015371943
12,97,25.94226964038943
12,98,29.58939379998213
12,99,29.70192998500512
12,100,26.85514065345791
12,101,28.495003422878643
12,102,31.83326017567917
12,103,30.80478727335982
12,104,29.364644125308054
12,105,32.568380714809955
12,106,34.94990157727712
13,1,18.6370486749504
13,2,15.967165003254102
13,3,15.718733954835185
13,4,14.371909999946892
13,5,12.276348070688694
13,6,10.647940663933044
13,7,9.951833187634346
13,8,8.572719535493492
13,9,6.281911696058023
13,10,4.997589006162475
13,11,5.356483648478681
13,12,3.8079597339356828
13,14,3.8118378547896965
13,15,5.364654818619752
13,16,4.979217347172441
13,17,6.395960509541573
13,18,8.714163491540772
13,19,9.718261914869322
13,20,10.627574928657793
13,21,12.44323505371761
13,22,14.340217160599002
13,23,15.356772967102676
13,24,16.750657165041495
13,25,18.276718702714497
13,26,22.048721547339238
13,27,23.361921897293318
13,28,26.11190767299249
13,29,29.70389038135484
13,30,31.079724045977486
13,31,30.04971081965164
13,32,26.695227700761247
13,33,24.07818146860553
13,34,21.441658472302905
13,35,17.948879665375426
13,36,15.677846885073217
13,37,12.852926160781559
13,38,14.727979484224806
13,39,12.181329157989001
13,40,12.306413694298374
13,41,12.050626745656759
13,42,12.20895499422004
13,43,15.880785825649033
13,44,17.59479635616372
13,45,20.880866599913052
13,46,23.56196587121417
13,47,27.325128495430516
13,48,29.47846479246557
13,49,30.6020233904193
13,50,27.96980050784215
13,51,25.84277843972214
13,52,22.26260718605078
13,53,20.27670463920928
13,54,16.606960412948318
13,55,15.62102074198976
13,56,14.775233679936257
13,57,11.009090734962742
13,58,9.982534318861488
13,59,8.47379760098632
13,60,12.141874895861827
13,61,14.26104486655478
13,62,16.837544369431157
13,63,14.90452509442543
13,64,17.524825519093167
13,65,20.32754748583663
13,66,19.229326716319907
13,67,17.257647984597114
13,68,20.073815903492125
13,69,20.127185668494587
13,70,19.399600340825298
13,71,19.027528100382536
13,72,21.894133361024174
13,73,22.54579700949537
13,74,25.690364932836975
13,75,26.135751255701393
13,76,29.317078561173396
13,77,32.36626259596088
13,78,31.954363820541325
13,79,28.453758477037894
13,80,26.839880467454627
13,81,24.34989317210594
13,82,26.046681689954738
13,83,25.29623703507528
13,84,25.289457960790607
13,85,22.174270494851772
13,86,22.916114268982597
13,87,20.264534973829857
13,88,22.91601077881782
13,89,21.888802648493797
13,90,18.60771066153549
13,91,20.308036529502218
13,92,20.582525563877184
13,93,23.779506510386287
13,94,25.05517172244378
13,95,24.788563393526232
13,96,27.938611882118764
13,97,27.94916307674734
13,98,31.655063796284466
13,99,31.51225298394022
13,100,28.872519763734935
13,101,30.86830445700045
13,102,34.048637733096136
13,103,32.833371469718834
13,104,31.685064086815306
13,105,35.04704527160719
13,106,37.17326635802774
14,1,19.667974315036147
14,2,16.684184982783602
14,3,16.944571252652615
14,4,15.458464244065082
14,5,14.20960671418044
14,6,12.426339082062198
14,7,10.609481076104881
14,8,9.752662673765732
14,9,8.726730916476582
14,10,6.212903114671453
14,11,5.023074407768937
14,12,5.491191123614738
14,13,3.8118378547896965
14,15,3.809388474023441
14,16,5.341429816748019
14,17,5.114244006710948
14,18,6.323539228484093
14,19,8.64116851258447
14,20,9.927376514943832
14,21,10.619493858509914
14,22,12.410346075336813
14,23,14.302092620332079
14,24,15.59685869798877
14,25,16.367542848488267
14,26,20.020659147108343
14,27,21.251950454189654
14,28,23.639250893674575
14,29,27.328176982984523
14,30,28.446662989270443
14,31,27.259269120730117
14,32,23.756121156208014
14,33,21.08170954916056
14,34,18.77684240873743
14,35,15.18418459986826
14,36,13.041619976007745
14,37,10.18505435516743
14,38,12.019356623056145
14,39,9.981327817831085
14,40,9.387264334937372
14,41,8.484674892308476
14,42,8.716005103526077
14,43,12.456083204698794
14,44,14.395289578882492
14,45,17.85843970290306
14,46,20.252983241785543
14,47,24.02286992969551
14,48,26.14425855556841
14,49,27.068079990110657
14,50,24.347681907127686
14,51,22.11195426815377
14,52,18.54954498903498
14,53,16.48268708055365
14,54,12.807043982976081
14,55,11.96600915159257
14,56,11.31112426913893
14,57,7.644402605657096
14,58,7.50112639669085
14,59,6.889579396133263
14,60,10.271026696648265
14,61,13.17070179494795
14,62,15.111526573175171
14,63,12.762294080431532
14,64,15.643237161572157
14,65,18.0701222892981
14,66,16.42282995048481
14,67,14.459121538090077
14,68,16.952249705349534
14,69,16.723929791683446
14,70,15.718336169541729
14,71,15.294623049802178
14,72,18.134300175774154
14,73,18.902520565350947
14,74,22.09252891049114
14,75,22.703190288588356
14,76,26.000119025559783
14,77,29.076081623157542
14,78,28.928813010885275
14,79,25.468575275867032
14,80,23.89647664385928
14,81,21.203889777649003
14,82,22.772027619714702
14,83,22.19289577829403
14,84,21.97445952678044
14,85,18.75396272203709
14,86,19.38855715252993
14,87,16.839054358732735
14,88,19.64139860866914
14,89,18.52850866613223
14,90,15.46581139874938
14,91,17.52980362579946
14,92,18.32527514845252
14,93,21.467512168453553
14,94,23.165430010498998
14,95,22.783662006792472
14,96,26.050581944033674
14,97,26.235639363004807
14,98,30.020776972582965
14,99,30.083122275006552
14,100,27.76020427888256
14,101,29.801210750703568
14,102,33.010272979111065
14,103,32.07763104432585
14,104,31.25315613876347
14,105,34.532830210595606
14,106,36.66622929198215
15,1,22.16334257107842
15,2,18.957690548413094
15,3,18.585339786680358
15,4,16.416622273063588
15,5,15.093397428141662
15,6,14.217231217017614
15,7,12.320008705006359
15,8,10.35465085489928
15,9,9.870014747944282
15,10,8.620561945502438
15,11,6.181853254874291
15,12,5.118916028783009
15,13,5.364654818619752
15,14,3.809388474023441
15,16,3.80605507663365
15,17,5.411326614807978
15,18,4.955257228816248
15,19,6.031302334425936
15,20,8.557685400916547
15,21,9.761889463489249
15,22,10.47356483202622
15,23,12.141236396577604
15,24,14.258139770856646
15,25,15.092247729781194
15,26,18.695897620171042
15,27,19.359783034293926
15,28,21.94824418912874
15,29,25.494481818538922
15,30,26.520533441928276
15,31,25.189341379055847
15,32,21.827545701358407
15,33,19.016672012893213
15,34,16.400319897050423
15,35,13.072480834947516
15,36,10.448310458551118
15,37,7.541759837296099
15,38,9.721481683777744
15,39,7.796532265690836
15,40,8.635097503799875
15,41,8.14986843509039
15,42,7.821853436984898
15,43,11.319042681574368
15,44,13.357302015867532
15,45,16.381347746255056
15,46,19.042277759402403
15,47,22.801283281912863
15,48,24.6747380615573
15,49,25.930260017693445
15,50,23.607210591873514
15,51,21.67842570449714
15,52,18.192686781777027
15,53,16.845395773346727
15,54,13.51212361245918
15,55,13.706043984154178
15,56,13.296587839232103
15,57,9.88763236530366
15,58,10.798900926297572
15,59,9.84135573058789
15,60,12.739663958354406
15,61,15.842819114246817
15,62,17.90555075028
15,63,15.826951134682075
15,64,18.99233593550597
15,65,21.07212342202011
15,66,19.08880221760395
15,67,17.422448936944868
15,68,19.569960207682765
15,69,18.801133749237472
15,70,17.13577959699591
15,71,15.925466389361988
15,72,18.191801057036475
15,73,18.181134170885915
15,74,21.083928474107278
15,75,21.254065561923266
15,76,24.26491426044445
15,77,27.327031416284715
15,78,26.745043953270855
15,79,23.293460971369953
15,80,21.55828747149856
15,81,19.175801378975663
15,82,21.053259320067383
15,83,20.434651971920804
15,84,20.836953786590854
15,85,18.046079102976705
15,86,19.41715341914925
15,87,17.409868943044668
15,88,20.61543661076211
15,89,20.052563052577746
15,90,17.15865073971062
15,91,19.016638817130328
15,92,20.210370958903493
15,93,23.595251976172996
15,94,25.180233930899682
15,95,24.2700138717788
15,96,27.26002204316934
15,97,26.972297488833675
15,98,30.740293202213966
15,99,31.22001696189025
15,100,28.7790459380921
15,101,30.39488104470197
15,102,33.82412712522329
15,103,33.19863183163119
15,104,32.10405890133967
15,105,35.1698346088316
15,106,37.62083864011395
16,1,23.522891926288924
16,2,20.681898531620558
16,3,20.23581184789871
16,4,18.376591933358515
16,5,16.357757108353173
16,6,15.32735309512855
16,7,14.28087448309662
16,8,12.23542301187357
16,9,10.596462589497387
16,10,9.749193860608946
16,11,8.606810872119338
16,12,6.292376400260113
16,13,4.979217347172441
16,14,5.341429816748019
16,15,3.80605507663365
16,17,3.80837096899864
16,18,5.319989843229809
16,19,4.932102845152944
16,20,6.138086259757979
16,21,8.549661064024956
16,22,9.902076516005772
16,23,10.51331887704039
16,24,12.326727197403317
16,25,14.043733887661528
16,26,17.796077343122597
16,27,18.88085891754491
16,28,21.881153790177617
16,29,25.338481112095785
16,30,26.877929639363586
16,31,26.037060495859194
16,32,22.915471869615768
16,33,20.539669044208193
16,34,17.510926769308067
16,35,14.165499531486091
16,36,12.159895581500642
16,37,10.133354444887757
16,38,12.96640399633589
16,39,11.392139100628295
16,40,12.401305083150058
16,41,11.450330333921599
16,42,10.222235366727814
16,43,13.3484821641323
16,44,14.477719456659145
16,45,17.321369879182225
16,46,20.42813480343649
16,47,24.106537382269668
16,48,26.333924880651228
16,49,27.96255288039633
16,50,25.574176432823112
16,51,24.007174051728025
16,52,20.37132291744302
16,53,19.10798688070475
16,54,15.823015124977509
16,55,15.882910227195037
16,56,15.9824135460948
16,57,12.577523039910966
16,58,12.740700893029274
16,59,12.083337815478632
16,60,15.472944537421268
16,61,18.254593155336263
16,62,20.416476545832303
16,63,18.086859984690072
16,64,20.845039272153755
16,65,23.353648177464237
16,66,21.566310091049036
16,67,19.40018225823673
16,68,21.531643151732467
16,69,21.294401988698247
16,70,19.746346823740243
16,71,18.92818304890154
16,72,21.116324785147977
16,73,21.07910429658331
16,74,23.730946716600037
16,75,23.497573584874615
16,76,26.519493208001844
16,77,29.300035263427255
16,78,28.533375323661097
16,79,24.918665658919394
16,80,23.595737242597195
16,81,21.600666407586015
16,82,23.873924563150805
16,83,23.598711592432217
16,84,24.191770401587014
16,85,21.46886410148676
16,86,22.82679058944258
16,87,20.856293504784823
16,88,24.03935790205096
16,89,23.147511273801094
16,90,20.318017220090496
16,91,22.39433919165454
16,92,23.412150107375396
16,93,26.667854805610187
16,94,28.290575581077007
16,95,27.647769809181888
16,96,30.7307077145647
16,97,30.53432701329517
16,98,34.2963061059479
16,99,34.607108086334684
