1,2,3.794690558690019
1,3,6.383667806248844
1,4,10.08046150586049
1,5,11.093794516253325
1,6,9.51532798871158
1,7,10.813552947687114
1,8,14.004282025719085
1,9,14.391440862115559
1,10,14.26866956199161
1,11,16.68134723862014
1,12,18.880755580079118
1,13,19.12492750575869
1,14,20.154420963321186
1,15,22.66665322908201
1,16,24.032909159293627
1,17,24.520376407125696
1,18,26.414428167174748
1,19,28.611792262825908
1,20,29.58073530963697
1,21,30.221074595465108
1,22,32.48254179954288
1,23,34.18253842377389
1,24,35.14469452712731
1,25,36.44944646942349
1,26,40.15562129519008
1,27,40.960551357549335
1,28,43.14719242882076
1,29,46.91396009247844
1,30,47.614642868448335
1,31,46.00129851436635
1,32,42.27111870739623
1,33,39.24958968853385
1,34,37.47431927555945
1,35,34.20354140398093
1,36,31.592663644803068
1,37,27.976159934936394
1,38,27.640731189093202
1,39,24.267845029089344
1,40,22.73237176463139
1,41,24.252250094510163
1,42,26.77780495571288
1,43,30.301923182824375
1,44,32.95819121875637
1,45,36.59813680311685
1,46,38.07580108528829
1,47,41.64295289117463
1,48,43.392277611247444
1,49,43.373943769209816
1,50,40.623929494050664
1,51,37.27025025293724
1,52,34.56388231588488
1,53,31.389496279220715
1,54,28.066431818588313
1,55,25.300304658337417
1,56,22.10034497329396
1,57,20.032963655060964
1,58,17.42808560723746
1,59,14.863918498397902
1,60,14.365753943307332
1,61,11.041933717734302
1,62,13.596795095185715
1,63,15.938591975582678
1,64,16.75724888326397
1,65,18.27742181428059
1,66,20.474499575111913
1,67,21.237263722191635
1,68,24.93616902348189
1,69,25.140316338705876
1,70,27.049228302322454
1,71,27.3061683375493
1,72,31.00100613028844
1,73,33.2145974686768
1,74,37.008374953897984
1,75,39.02607343102543
1,76,42.11414498400467
1,77,45.67510117140286
1,78,46.16707126386476
1,79,43.117392377859645
1,80,40.84813651714085
1,81,37.51494126137472
1,82,37.5726492496987
1,83,35.328410835876326
1,84,34.01237738525094
1,85,30.627749604346867
1,86,29.2896125452215
1,87,25.649149553030938
1,88,25.791321040608132
1,89,25.17458901570737
1,90,21.76016478511254
1,91,20.591301980301257
1,92,17.643905780462003
1,93,19.467055364386116
1,94,18.644457625429602
1,95,19.97420959618759
1,96,21.989731920466713
1,97,22.26618144454636
1,98,24.7448776221235
1,99,22.509673962612315
1,100,19.53039766897002
1,101,22.116694046261763
1,102,23.00327681313822
2,1,3.794690558690019
2,3,3.8064704445489403
2,4,6.927453892403882
2,5,8.475361226513684
2,6,6.861744316176849
2,7,7.296507547318567
2,8,10.58806777269637
2,9,11.537602855280284
2,10,11.333011856321649
2,11,13.279546130502531
2,12,15.702605255849194
2,13,16.332039651460565
2,14,17.10419358356302
2,15,19.392415440550383
2,16,21.08463467633939
2,17,21.727995502886507
2,18,23.308817320698825
2,19,25.506077135896554
2,20,26.78271537627478
2,21,27.394047053497026
2,22,29.40584076932443
2,23,31.22316391499494
2,24,32.41025414100685
2,25,33.57839394070871
2,26,37.22516732706131
2,27,37.819130011469106
2,28,40.00341968408994
2,29,43.74701584276374
2,30,44.31933731167989
2,31,42.58601949211362
2,32,38.864087923920266
2,33,35.753812647770474
2,34,33.99534891560699
2,35,30.81761867487658
2,36,28.085736217101886
2,37,24.419961721126025
2,38,23.94078222329478
2,39,20.536432776890244
2,40,19.069747139698723
2,41,20.79037987919293
2,42,23.44052465279571
2,43,26.95116715513878
2,44,29.76254290061096
2,45,33.33374296864101
2,46,34.79217470486544
2,47,38.372329095522566
2,48,39.994519510969674
2,49,40.01062879316041
2,50,37.381962843686445
2,51,34.05859277334521
2,52,31.34904543644571
2,53,28.31974731456132
2,54,25.00750284346384
2,55,22.500465660562202
2,56,19.20188585812363
2,57,16.968461280936648
2,58,14.74446064056682
2,59,11.787576140625475
2,60,11.236384656143464
2,61,8.30763314338682
2,62,11.450578802461065
2,63,13.667394222786795
2,64,15.258267806528751
2,65,16.707011039022035
2,66,18.32747648155881
2,67,19.190657806764673
2,68,22.873149854197944
2,69,22.663106194051508
2,70,24.220218157055264
2,71,24.14343342522916
2,72,27.772799258122305
2,73,29.79930201411354
2,74,33.57730465165585
2,75,35.54831749842909
2,76,38.56376945930631
2,77,42.1552224757399
2,78,42.56693632613834
2,79,39.555512261530616
2,80,37.20030031780315
2,81,33.88429352772891
2,82,33.942648322731806
2,83,31.652955118081415
2,84,30.45915528957744
2,85,27.1293092377506
2,86,26.00386240524372
2,87,22.439351421315408
2,88,22.874564156703226
2,89,22.48853023231239
2,90,18.911539224201007
2,91,17.795921238278655
2,92,15.21287893124446
2,93,17.608050617635783
2,94,17.012407676098487
2,95,17.78004659267367
2,96,19.933590497623314
2,97,19.936762271824215
2,98,22.76234520374033
2,99,21.0066144188962
2,100,17.765667512167983
2,101,20.269113755362145
2,102,21.723994359147575
3,1,6.383667806248844
3,2,3.8064704445489403
3,4,3.788045188676569
3,5,5.325154040180542
3,6,5.417982336426019
3,7,6.496160409188891
3,8,8.653661720273243
3,9,9.93473817606911
3,10,10.947633509088934
3,11,12.533890481922379
3,12,14.339244596519618
3,13,15.647200136482745
3,14,16.901675477239333
3,15,18.564437960355136
3,16,20.181894982899713
3,17,21.481985619843407
3,18,22.985534806869378
3,19,24.703561398759184
3,20,26.23746144290034
3,21,27.295521510187786
3,22,29.03964363767224
3,23,30.587388718168093
3,24,32.142143875963164
3,25,33.51083620204288
3,26,37.06665577393167
3,27,37.54626231244387
3,28,39.96213029584555
3,29,43.6585145800611
3,30,44.21329842184061
3,31,42.391699527883446
3,32,38.751359435194324
3,33,35.51126682189398
3,34,33.53034876710086
3,35,30.503074919705412
3,36,27.49633416806032
3,37,23.75212041079518
3,38,23.192105044600098
3,39,19.529305379256023
3,40,18.75773993628552
3,41,20.904979690287583
3,42,23.48594541793378
3,43,27.07078382661838
3,44,29.998539703748047
3,45,33.42276012294744
3,46,35.08544434257217
3,47,38.729548234124316
3,48,40.18877715226843
3,49,40.40840000688408
3,50,38.018860174401745
3,51,34.82883225666099
3,52,32.04730773324368
3,53,29.316515051766064
3,54,25.968781205268268
3,55,23.887136182752577
3,56,20.640091827716155
3,57,17.99657495034556
3,58,16.182183436033807
3,59,12.704483641324508
3,60,12.67803306371337
3,61,10.62047257137141
3,62,14.151291264295923
3,63,16.063296153567958
3,64,18.188811660301173
3,65,19.66360935119614
3,66,20.782469426347152
3,67,21.586791709908688
3,68,25.22949693348641
3,69,24.671764439826692
3,70,25.738125564580457
3,71,25.163068166184395
3,72,28.628412920856302
3,73,30.22295733716059
3,74,33.92088964863565
3,75,35.67321222167632
3,76,38.512298008991046
3,77,42.142062930408436
3,78,42.232362403950724
3,79,39.24543182198598
3,80,36.709314393250885
3,81,33.560976816162544
3,82,33.72692426393024
3,83,31.26710226137274
3,84,30.488320097867017
3,85,27.383899890279817
3,86,26.754743710339234
3,87,23.415145935058696
3,88,24.259271310329652
3,89,24.27707624548514
3,90,20.569308402263204
3,91,19.441488664565952
3,92,17.288906682804267
3,93,20.13059892032014
3,94,19.40892804800777
3,95,19.5293965988794
3,96,21.352638495822507
3,97,20.687805293729493
3,98,23.52260783380691
3,99,22.11861392727708
3,100,18.567258610758632
3,101,20.476672179776823
3,102,22.282769268017358
4,1,10.08046150586049
4,2,6.927453892403882
4,3,3.788045188676569
4,5,3.7991425562463013
4,6,5.570140373715746
4,7,5.361578970732687
4,8,6.060744606246981
4,9,8.449040432978979
4,10,10.010035893794917
4,11,10.556004389488773
4,12,12.147819986695914
4,13,14.258005543763513
4,14,15.378125166750877
4,15,16.36340386790496
4,16,18.27879442737009
4,17,20.017613227920585
4,18,21.08873478452485
4,19,22.541905158751565
4,20,24.497465617228922
4,21,25.68912945054661
4,22,27.019197093937
4,23,28.554325603933997
4,24,30.471289341035
4,25,31.757155704242123
4,26,35.17022930053228
4,27,35.37865979810819
4,28,37.85502387892717
4,29,41.47756224840651
4,30,41.882717518278376
4,31,39.907559475922554
4,32,36.3359150010303
4,33,32.97341836435153
4,34,30.948127106697324
4,35,28.130808018998636
4,36,24.904924293347577
4,37,21.126893420142125
4,38,20.334741165739096
4,39,16.561489649799785
4,40,16.284771691224098
4,41,18.837722987025067
4,42,21.46522479584048
4,43,24.974430925239673
4,44,28.069376726506775
4,45,31.306112870157843
4,46,32.99551500732214
4,47,36.631070628463355
4,48,37.870985408487144
4,49,38.185043847423486
4,50,36.040070967917714
4,51,32.96306536154237
4,52,30.210455039380523
4,53,27.794760062120144
4,54,24.539963653538482
4,55,22.94891542009615
4,56,19.74703028868121
4,57,16.931685003583386
4,58,15.814931542401384
4,59,12.05075635780869
4,60,12.17842726278528
4,61,11.17840358505717
4,62,14.817571493912334
4,63,16.38859551493317
4,64,19.137873617848665
4,65,20.443283754945327
4,66,20.897394165177797
4,67,21.763845965478886
4,68,25.22620076266528
4,69,24.19201360772002
4,70,24.726402768851194
4,71,23.635981277803143
4,72,26.87368934180813
4,73,28.07038477724477
4,74,31.664785969586323
4,75,33.27686730755485
4,76,35.931300217430795
4,77,39.58488879178374
4,78,39.47043173150326
4,79,36.56544086667169
4,80,33.86921333040096
4,81,30.83150954304938
4,82,31.01651489669592
4,83,28.437254940405413
4,84,27.970975385726472
4,85,25.087201423212015
4,86,24.8965099278382
4,87,21.832864386943932
4,88,23.07495699220303
4,89,23.495869276241667
4,90,19.754070947925452
4,91,18.681676124429863
4,92,17.144076299428068
4,93,20.43686267079902
4,94,19.84374258784297
4,95,19.252258446345177
4,96,20.938946234768004
4,97,19.773074140116375
4,98,22.789249231048625
4,99,21.979350026788232
4,100,18.260207542114784
4,101,19.742195406888033
4,102,22.09711805722643
5,1,11.093794516253325
5,2,8.475361226513684
5,3,5.325154040180542
5,4,3.7991425562463013
5,6,3.799493511122638
5,7,5.6550415926131645
5,8,5.251445426151081
5,9,6.013213595801003
5,10,8.63868497766673
5,11,9.908371411036418
5,12,10.454273138901057
5,13,12.293002225002288
5,14,14.2736257330259
5,15,15.202270580690673
5,16,16.397104740318042
5,17,18.400351191041842
5,18,19.9656690426183
5,19,21.019808479468836
5,20,22.6428775782405
5,21,24.26524569820239
5,22,25.798378602190972
5,23,26.896031765655135
5,24,28.755440068286312
5,25,30.444847995584393
5,26,33.87816168313579
5,27,34.38642673152429
5,28,37.11983941439967
5,29,40.74586024047285
5,30,41.45967497898381
5,31,39.737907919347634
5,32,36.24935196118604
5,33,33.0283730990658
5,34,30.64700953024799
5,35,27.70568749526418
5,36,24.571548885979862
5,37,20.907419850121332
5,38,20.738058178708506
5,39,16.95813525038229
5,40,17.107479843018567
5,41,19.264839591538344
5,42,21.33346086273695
5,43,25.006403163008258
5,44,27.801208130804685
5,45,31.03770229399422
5,46,33.11430944439444
5,47,36.838816828448046
5,48,38.30406069762639
5,49,38.97656551664592
5,50,36.783877746137485
5,51,33.92107853549836
5,52,30.892165226320518
5,53,28.550481754288004
5,54,25.087860194334297
5,55,23.529298320868225
5,56,20.70861711155188
5,57,17.448428454307447
5,58,16.00153453686913
5,59,12.291431457224
5,60,13.520783991165468
5,61,12.863702690079185
5,62,16.67974821326317
5,63,17.60082163745013
5,64,20.213302838836597
5,65,22.109766062351184
5,66,22.45306530535026
5,67,22.704612124323106
5,68,26.25725054305229
5,69,25.530275546930564
5,70,25.90245956688899
5,71,24.92231936570835
5,72,28.17021087724316
5,73,29.21903140862434
5,74,32.73099852099578
5,75,33.97550983920516
5,76,36.717562938755066
5,77,40.26298761609899
5,78,39.91806460694826
5,79,36.824852182018034
5,80,34.31236603053689
5,81,31.49653483216542
5,82,32.120596116714545
5,83,29.79799928577217
5,84,29.635443298145137
5,85,26.724518095937363
5,86,26.792973574660902
5,87,23.742990156464018
5,88,25.368403095332436
5,89,25.463001026012748
5,90,21.643223383104672
5,91,21.14067850453219
5,92,19.82730825491991
5,93,23.12206377409688
5,94,22.92619570014624
5,95,22.50472771843513
5,96,24.44841638577196
5,97,23.395169517714145
5,98,26.50661373766385
5,99,25.72621525251915
5,100,22.027622940462354
5,101,23.529296755336862
5,102,25.889200857153643
6,1,9.51532798871158
6,2,6.861744316176849
6,3,5.417982336426019
6,4,5.570140373715746
6,5,3.799493511122638
6,7,3.8110371111942936
6,8,5.414022232572332
6,9,4.937779170288716
6,10,6.119544021302898
6,11,8.52919388542968
6,12,9.73379786395365
6,13,10.509685104819484
6,14,12.313612975064034
6,15,14.124991160143777
6,16,15.20474097246579
6,17,16.511270207017745
6,18,18.419996448071668
6,19,19.96314569769619
6,20,21.17734851752287
6,21,22.452321317910517
6,22,24.409679671554017
6,23,25.693297625779685
6,24,27.12336499904955
6,25,28.752200949380526
6,26,32.339881324862226
6,27,33.09659331340297
6,28,35.698299579246
6,29,39.408703211918535
6,30,40.272892682339545
6,31,38.743397587815586
6,32,35.17035163126931
6,33,32.12492389427821
6,34,29.81908786205299
6,35,26.60876591386442
6,36,23.789736204465786
6,37,20.194720740834182
6,38,20.392619539139442
6,39,16.835699494078835
6,40,16.307819746007038
6,41,17.86336632383938
6,42,19.813316085340393
6,43,23.56570052068428
6,44,26.151333624893898
6,45,29.598048882341814
6,46,31.650712922006722
6,47,35.38745241797267
6,48,37.142071045666576
6,49,37.77536440478071
6,50,35.29509620873876
6,51,32.37603574920362
6,52,29.2458798871916
6,53,26.61557829537762
6,54,23.022768419836932
6,55,21.059131349166037
6,56,18.333447926503148
6,57,15.086627183605353
6,58,13.047890935568052
6,59,9.577270181003088
6,60,11.136651406332417
6,61,10.27514603243485
6,62,14.059641792651657
6,63,14.662761077680804
6,64,16.974389897722283
6,65,19.226646619107843
6,66,19.738067918658494
6,67,19.66284541890284
6,68,23.32589526070254
6,69,23.005509720366938
6,70,23.67823176576955
6,71,23.18269580345075
6,72,26.644168453374153
6,73,28.06218505954142
6,74,31.66066175790678
6,75,32.97144664516423
6,76,35.97366875693033
6,77,39.454953636161726
6,78,39.35605472274609
6,79,36.12553638406508
6,80,33.88027535640604
6,81,30.945037764676638
6,82,31.665171022458786
6,83,29.631167864840112
6,84,29.164862601564725
6,85,25.957679689595054
6,86,25.67486876863844
6,87,22.371900912868703
6,88,23.904505081040593
6,89,23.47784617584438
6,90,19.65789971528852
6,91,19.53167190754305
6,92,18.10781639428883
6,93,21.183809290520188
6,94,21.4190513031604
6,95,21.46944615218594
6,96,23.886250085845614
6,97,23.413232627750208
6,98,26.68694913020618
6,99,25.720877733574696
6,100,22.21297921883832
6,101,24.25964172675434
6,102,26.467856338639333
7,1,10.813552947687114
7,2,7.296507547318567
7,3,6.496160409188891
7,4,5.361578970732687
7,5,5.6550415926131645
7,6,3.8110371111942936
7,8,3.811498981808604
7,9,5.409326584677714
7,10,5.117074417120323
7,11,6.139385457898861
7,12,8.596689657243994
7,13,9.875323251325828
7,14,10.540609670920894
7,15,12.283607382316191
7,16,14.231286254750058
7,17,15.323720543386628
7,18,16.57033046043099
7,19,18.50615921811738
7,20,20.162095758114415
7,21,20.986197205786763
7,22,22.641096744615915
7,23,24.388154616853864
7,24,25.94805104169419
7,25,27.12829474063296
7,26,30.665042111687683
7,27,31.09110422084406
7,28,33.470227849685244
7,29,37.17236864486949
7,30,37.76551315534867
7,31,36.030708169787204
7,32,32.39128753803661
7,33,29.237482400877184
7,34,27.196518866242137
7,35,24.07725319529059
7,36,21.182844958802413
7,37,17.491486580109925
7,38,17.296058147153186
7,39,13.785667418900161
7,40,12.876221625804806
7,41,14.669264730849477
7,42,17.04506741767862
7,43,20.686122886322615
7,44,23.54014165846986
7,45,26.968686435040844
7,46,28.743376136800258
7,47,32.428561681656475
7,48,34.019054014463755
7,49,34.45258077868699
7,50,32.02200335395094
7,51,28.99763493541807
7,52,26.011364181209476
7,53,23.401046592466862
7,54,19.937388096164394
7,55,18.124165018948176
7,56,15.166200642501764
7,57,12.066749839658048
7,58,10.62636727062213
7,59,6.8588759338117615
7,60,7.89152684120944
7,61,7.730927159845683
7,62,11.493749750407394
7,63,12.071502703081928
7,64,14.945772602457659
7,65,16.779561703964248
7,66,16.860261711159907
7,67,17.12729564313718
7,68,20.6355676235097
7,69,19.88854215494354
7,70,20.397163073875042
7,71,19.67669712906568
7,72,23.10307234084273
7,73,24.538515763374644
7,74,28.181089667510538
7,75,29.678968976331518
7,76,32.64531259575346
7,77,36.1894758349193
7,78,36.240451873836626
7,79,33.1147271773304
7,80,30.773586765569444
7,81,27.6879491362558
7,82,28.194372238022073
7,83,26.09191078784072
7,84,25.47499657004807
7,85,22.248539109635306
7,86,21.920337372965296
7,87,18.64612817454965
7,88,20.224150479306907
7,89,19.998644035490774
7,90,16.167468186346106
7,91,15.994208422813172
7,92,14.895644812972998
7,93,18.221209161302752
7,94,18.62974618564758
7,95,18.32578906291924
7,96,20.836219130782663
7,97,20.36134111113086
7,98,23.816787575133645
7,99,23.183442117241203
7,100,19.738052023582622
7,101,21.839752186798737
7,102,24.316046485712125
8,1,14.004282025719085
8,2,10.58806777269637
8,3,8.653661720273243
8,4,6.060744606246981
8,5,5.251445426151081
8,6,5.414022232572332
8,7,3.811498981808604
8,9,3.812576854392006
8,10,5.433004269053296
8,11,4.994603393822676
8,12,6.120412594539106
8,13,8.6342414048995
8,14,9.777879686027202
8,15,10.381094200247837
8,16,12.27509297001301
8,17,14.220206482572815
8,18,15.214762323308143
8,19,16.49259814435835
8,20,18.51028747885774
8,21,19.82339812681295
8,22,21.06975301921301
8,23,22.504032132172938
8,24,24.502472772773693
8,25,25.854086553592186
8,26,29.2285648407742
8,27,29.50432159795006
8,28,32.124023129258376
8,29,35.74016032170615
8,30,36.32764712712788
8,31,34.539219327694795
8,32,31.03052818217625
8,33,27.792135482170224
8,34,25.477613408966
8,35,22.55623191305989
8,36,19.398763495715922
8,37,15.701790936737705
8,38,15.564650136570412
8,39,11.843012075675581
8,40,12.002939004550699
8,41,14.1293714624633
8,42,16.19478378413967
8,43,19.81980882710398
8,44,22.705973429549932
8,45,25.886612512634322
8,46,27.9140765469032
8,47,31.629021049350488
8,48,33.060151990409445
8,49,33.78502179267098
8,50,31.63929267336458
8,51,28.867745482197233
8,52,25.80555363417835
8,53,23.63985920931852
8,54,20.232591380994588
8,55,19.058965770439144
8,56,16.433279033199135
8,57,13.033761958450478
8,58,12.336591424350852
8,59,8.636319476993664
8,60,10.271828979429582
8,61,11.095888929744582
8,62,14.681092271180049
8,63,14.82146794695169
8,64,17.982968368135268
8,65,19.787424621369468
8,66,19.309587697544558
8,67,19.409552945695147
8,68,22.680300187462777
8,69,21.606851121727225
8,70,21.47185767538661
8,71,20.2150180270558
8,72,23.314382236839368
8,73,24.172471943826775
8,74,27.622732294179205
8,75,28.76048440114861
8,76,31.525830508196602
8,77,35.04577839002146
8,78,34.71718772405383
8,79,31.59864395359923
8,80,29.13636657762542
8,81,26.313685877190448
8,82,27.060036189121796
8,83,24.915631074700634
8,84,24.850123967450322
8,85,21.93112717439695
8,86,22.259578282781003
8,87,19.388038466559628
8,88,21.494496925225505
8,89,21.614458504052894
8,90,17.8424023192132
8,91,17.866535654372715
8,92,17.38823566677141
8,93,20.96368224042801
8,94,21.410613186522447
8,95,20.563866381059004
8,96,22.83464682415427
8,97,21.86058371953171
8,98,25.34279038098613
8,99,25.155965474996236
8,100,21.589458639602306
8,101,23.190427055685348
8,102,26.013173293773374
9,1,14.391440862115559
9,2,11.537602855280284
9,3,9.93473817606911
9,4,8.449040432978979
9,5,6.013213595801003
9,6,4.937779170288716
9,7,5.409326584677714
9,8,3.812576854392006
9,10,3.8071811663410617
9,11,5.435136922432921
9,12,5.07878182835222
9,13,6.29884614391803
9,14,8.720399223662438
9,15,9.821840102656576
9,16,10.570133773243391
9,17,12.458612534094799
9,18,14.325252691510002
9,19,15.37777164026755
9,20,16.72139612974718
9,21,18.37529595190549
9,22,20.115442562543063
9,23,21.126259033869307
9,24,22.81250272247249
9,25,24.606029461932735
9,26,28.08634894207689
9,27,28.831696193547458
9,28,31.647033173642587
9,29,35.29779645958447
9,30,36.279564379326125
9,31,34.85482940437991
9,32,31.41117132433033
9,33,28.435924633027142
9,34,25.823949758736052
9,35,22.661867298952036
9,36,19.826639592646888
9,37,16.38516248621994
9,38,17.10499739912922
9,39,13.677175579300428
9,40,13.875859363091196
9,41,15.165209554114512
9,42,16.49555822456688
9,43,20.26409055374593
9,44,22.668806695815597
9,45,25.933729184282722
9,46,28.32221570576134
9,47,32.09700602092857
9,48,33.883122986304784
9,49,34.90840512103804
9,50,32.5871576018575
9,51,30.00331019604391
9,52,26.675297704228008
9,53,24.4413210257824
9,54,20.82001000635274
9,55,19.447320478033234
9,56,17.289167025773466
9,57,13.602444896899808
9,58,12.209963131344253
9,59,8.944936735831517
9,60,11.639614962951468
9,61,12.36821446083021
9,62,15.932446058018309
9,63,15.502282934171497
9,64,18.232227683462852
9,65,20.66194057131713
9,66,20.297830695934806
9,67,19.71346837741089
9,68,23.086784154164192
9,69,22.55490001905367
9,70,22.49519430135613
9,71,21.651469276832294
9,72,24.82457558709409
9,73,25.748469899387022
9,74,29.121739715253455
9,75,29.9541312437153
9,76,32.897575526012595
9,77,36.25525387944472
9,78,35.83843385728069
9,79,32.50483124386428
9,80,30.3732809153286
9,81,27.736926692760026
9,82,28.90509757895123
9,83,27.141030577715373
9,84,27.17216980572873
9,85,24.142371728762726
9,86,24.465864809452178
9,87,21.51696365332849
9,88,23.757536968413675
9,89,23.354847405791418
9,90,19.601012418963343
9,91,20.15900830514171
9,92,19.640549697217416
9,93,22.99734231327677
9,94,23.779286985371417
9,95,23.352750927157118
9,96,25.90845453767565
9,97,25.245198232651852
9,98,28.761542866880767
9,99,28.376304001086652
9,100,24.866463104917305
9,101,26.68680185379987
9,102,29.3466642379101
10,1,14.26866956199161
10,2,11.333011856321649
10,3,10.947633509088934
10,4,10.010035893794917
10,5,8.63868497766673
10,6,6.119544021302898
10,7,5.117074417120323
10,8,5.433004269053296
10,9,3.8071811663410617
10,11,3.809625508384546
10,12,5.376714560073899
10,13,5.046239219345986
10,14,6.253348429280749
10,15,8.636900226312303
10,16,9.806919494594105
10,17,10.5713853372839
10,18,12.456215346515146
10,19,14.359842133155867
10,20,15.484295066591411
10,21,16.431716831114905
10,22,18.4820821143577
10,23,19.983835770661567
10,24,21.263473963489844
10,25,22.71927344683777
10,26,26.340101075934207
10,27,27.15526728446512
10,28,29.702675687424875
10,29,33.435743559525164
10,30,34.41356027175304
10,31,33.0649838067784
10,32,29.503147811135374
10,33,26.65211440541126
10,34,24.279811586266415
10,35,20.896011716342837
10,36,18.37799350468158
10,37,14.999380962177582
10,38,15.897694392276048
10,39,12.839562088320747
10,40,12.105305072572772
10,41,12.753621790239176
10,42,14.131261172948237
10,43,17.930317924655238
10,44,20.250187444221943
10,45,23.73795874218415
10,46,25.946828490475056
10,47,29.70608536317105
10,48,31.69234980787063
10,49,32.56469370194445
10,50,29.985727575484994
10,51,27.293132333785707
10,52,23.937371530988777
10,53,21.416848916251507
10,54,17.711506986581753
10,55,15.991164464285081
10,56,13.885609628483737
10,57,10.217819464039199
10,58,8.463029232255565
10,59,5.454641873409257
10,60,8.675333729089038
10,61,9.838516299014469
10,62,13.04485366944035
10,63,12.069573784746694
10,64,14.74472451036533
10,65,17.327397103004394
10,66,16.83572360210433
10,67,16.000259922200925
10,68,19.37831803236118
10,69,19.053661544017885
10,70,19.17820867618943
10,71,18.727381918187575
10,72,22.077051848700624
10,73,23.37438307420969
10,74,26.839505741636238
10,75,27.836168763063156
10,76,31.007154027366063
10,77,34.32789513101209
10,78,34.23758243750609
10,79,30.84203545128553
10,80,28.926490582324675
10,81,26.101927651656208
10,82,27.235680922164335
10,83,25.723753410234668
10,84,25.381787553868016
10,85,22.088811904012815
10,86,22.049827433258002
10,87,18.916212970607646
10,88,21.08681065405049
10,89,20.263494146297433
10,90,16.56975868544769
10,91,17.542860907368713
10,92,17.156515867251027
10,93,20.33095981749232
10,94,21.583326180911975
10,95,21.410009221017184
10,96,24.338317536176273
10,97,24.161134259244566
10,98,27.803432917989586
10,99,27.40331657850913
10,100,24.138515090202823
10,101,26.356482185571846
10,102,28.948014323483658
11,1,16.68134723862014
11,2,13.279546130502531
11,3,12.533890481922379
11,4,10.556004389488773
11,5,9.908371411036418
11,6,8.52919388542968
11,7,6.139385457898861
11,8,4.994603393822676
11,9,5.435136922432921
11,10,3.809625508384546
11,12,3.8102829664032005
11,13,5.396746534467238
11,14,5.0201887342364095
11,15,6.186288568568496
11,16,8.639968030004189
11,17,9.83403949543967
11,18,10.57602618723418
11,19,12.478745902923222
11,20,14.442921080693209
11,21,15.225837162647839
11,22,16.58906550997333
11,23,18.40527156790636
11,24,20.165354394902977
11,25,21.23855530024493
11,26,24.687139989377243
11,27,25.0226846047056
11,28,27.50622717237451
11,29,31.184200059198623
11,30,31.860245941662114
11,31,30.23406336315803
11,32,26.666033743267175
11,33,23.60283506479053
11,34,21.31328881245128
11,35,18.141328514031155
11,36,15.291228324302136
11,37,11.70595236028148
11,38,12.237613382476415
11,39,9.047795037772051
11,40,8.610816229321637
11,41,9.770756577913755
11,42,11.471349403320335
11,43,15.203524331282155
11,44,17.913197114091595
11,45,21.229354748309177
11,46,23.31582158731207
11,47,27.06452454356043
11,48,28.760449287011426
11,49,29.609025100430497
11,50,27.271327070893424
11,51,24.61381532881518
11,52,21.352328697477738
11,53,19.158682292912935
11,54,15.629801385619986
11,55,14.578413423821681
11,56,12.452528931481703
11,57,8.775469162884807
11,58,8.539142429483903
11,59,5.556003124983918
11,60,8.248312789356602
11,61,10.53915675267872
11,62,13.436811145722915
11,63,12.3528318959946
11,64,15.631161519383967
11,65,17.63927592508124
11,66,16.445184520147627
11,67,15.951808532171807
11,68,18.944169822646156
11,69,17.92588242749304
11,70,17.429089965852537
11,71,16.324718735133793
11,72,19.412954807300252
11,73,20.328018419859045
11,74,23.73668028223989
11,75,24.705589885860036
11,76,27.716386613116207
11,77,31.115645064173314
11,78,30.928516973072156
11,79,27.63580129804253
11,80,25.50648583395177
11,81,22.670385568124654
11,82,23.73930819299236
11,83,22.11071332201655
11,84,21.97822283895968
11,85,18.859504098754503
11,86,19.226939683246687
11,87,16.409653365826426
11,88,18.969105497278168
11,89,18.617004787684923
11,90,14.999467085149302
11,91,16.00850896539458
11,92,16.309384719228852
11,93,19.783439484177855
11,94,21.09837780111165
11,95,20.296148392516102
11,96,23.069020820358382
11,97,22.583051006089168
11,98,26.310488815378243
11,99,26.418515506940366
11,100,23.180532347050416
11,101,25.108385758321624
11,102,28.04203859827932
12,1,18.880755580079118
12,2,15.702605255849194
12,3,14.339244596519618
12,4,12.147819986695914
12,5,10.454273138901057
12,6,9.73379786395365
12,7,8.596689657243994
12,8,6.120412594539106
12,9,5.07878182835222
12,10,5.376714560073899
12,11,3.8102829664032005
12,13,3.8051511291828057
12,14,5.384660671575492
12,15,4.969352105970462
12,16,6.193542957152326
12,17,8.655883464837258
12,18,9.792561050698495
12,19,10.572570157572573
12,20,12.482706913286227
12,21,14.15642625935332
12,22,15.404317989199917
12,23,16.506170294802196
12,24,18.554186796322327
12,25,20.156956811405507
12,26,23.49258725428856
12,27,24.001850902146742
12,28,26.873494366591448
12,29,30.468873819744942
12,30,31.40001329764459
12,31,29.964052936112545
12,32,26.60137567534206
12,33,23.65226961370893
12,34,20.889351818864387
12,35,17.810512474545543
12,36,14.93557604057012
12,37,11.639940669491283
12,38,12.845493110557813
12,39,9.81112360425766
12,40,10.657919546589977
12,41,11.554504763983287
12,42,12.272005009709538
12,43,15.921646866843114
12,44,18.250456895659624
12,45,21.29861179658595
12,46,23.85711271768838
12,47,27.621807562024266
12,48,29.359152063062055
12,49,30.653650045700395
12,50,28.512841912908854
12,51,26.235698439991193
12,52,22.82283651604848
12,53,21.046932059767038
12,54,17.566593829970227
12,55,16.966601757627963
12,56,15.436881664181657
12,57,11.682061249536062
12,58,11.477190671235206
12,59,8.983965791309418
12,60,12.015062014750168
12,61,14.148171018411887
12,62,17.141680477007988
12,63,15.871160892300066
12,64,18.9521112655612
12,65,21.212177025027007
12,66,19.929831543277412
12,67,19.06084837412268
12,68,21.914999658955473
12,69,21.011095065623238
12,70,20.153709371012297
12,71,18.896671308338547
12,72,21.65188855917551
12,73,22.070601582624892
12,74,25.18239085186297
12,75,25.618013335798175
12,76,28.48908709463162
12,77,31.734606465982097
12,78,31.118220316579876
12,79,27.73292292395076
12,80,25.700372580177703
12,81,23.290429015733288
12,82,24.815419432504353
12,83,23.36686360903775
12,84,23.799426795627152
12,85,20.988703094471845
12,86,21.877457553241836
12,87,19.410437209730297
12,88,22.266979911673857
12,89,21.95412153613778
12,90,18.469629057964752
12,91,19.656320229894217
12,92,20.101697800915748
12,93,23.585656314342632
12,94,24.883035739395787
12,95,23.986672331237497
12,96,26.633215415804482
12,97,25.900573718317222
12,98,29.587982529949542
12,99,29.79892736990052
12,100,26.445701745369796
12,101,28.11265033403094
12,102,31.1425253821814
13,1,19.12492750575869
13,2,16.332039651460565
13,3,15.647200136482745
13,4,14.258005543763513
13,5,12.293002225002288
13,6,10.509685104819484
13,7,9.875323251325828
13,8,8.6342414048995
13,9,6.29884614391803
13,10,5.046239219345986
13,11,5.396746534467238
13,12,3.8051511291828057
13,14,3.808957520656197
13,15,5.357588194487526
13,16,5.000363696080378
13,17,6.210194363104475
13,18,8.63745557709112
13,19,9.865536459753885
13,20,10.672481189793961
13,21,12.18587408459378
13,22,14.28011684871839
13,23,15.28639309628852
13,24,16.641634680214786
13,25,18.479071783992747
13,26,22.035487817502347
13,27,23.082931974581562
13,28,25.931066731597205
13,29,29.60452789459415
13,30,30.89722582336423
13,31,29.855208256973047
13,32,26.49286878958408
13,33,23.904010669357397
13,34,21.097717159965637
13,35,17.677881245893445
13,36,15.440447904614379
13,37,12.581822444979403
13,38,14.546550945882112
13,39,12.1347176646716
13,40,12.235588509437243
13,41,12.001799721713411
13,42,12.02812841117148
13,43,15.719117547921801
13,44,17.45992539187374
13,45,20.72135147162482
13,46,23.45030609427632
13,47,27.219444687925748
13,48,29.39585704110464
13,49,30.80800827395098
13,50,28.349631234585107
13,51,26.16148947115435
13,52,22.554779454784484
13,53,20.52659131030413
13,54,16.865711483519544
13,55,15.850424140913043
13,56,14.81797285261245
13,57,11.034590671656346
13,58,10.073947207821362
13,59,8.498249749882625
13,60,12.158892695428705
13,61,14.212972629289954
13,62,16.905290569630495
13,63,15.042255306835216
13,64,17.611193623090657
13,65,20.359153262537877
13,66,19.17074022283537
13,67,17.63608511435917
13,68,20.507198962067147
13,69,20.217967068340577
13,70,19.596995587555163
13,71,18.989918806785955
13,72,21.88945811944507
13,73,22.645002861762322
13,74,25.727492716203667
13,75,26.050045853561542
13,76,29.19454663249783
13,77,32.25662376216135
13,78,31.81319095418985
13,79,28.244540306048126
13,80,26.659759986717965
13,81,24.29232239372185
13,82,26.069380023963014
13,83,25.065544003287204
13,84,25.26920662191732
13,85,22.231912784948978
13,86,22.80318003698198
13,87,20.164773286293656
13,88,22.946778999905188
13,89,21.99916956114648
13,90,18.62975264109695
13,91,20.33046463112264
13,92,20.70137603851347
13,93,23.860803046543534
13,94,25.55579699768448
13,95,25.134527736523875
13,96,28.12766642780422
13,97,27.865779575919476
13,98,31.606884183208837
13,99,31.591427394892133
13,100,28.38282550748683
13,101,30.42089042327213
13,102,33.25699916256046
14,1,20.154420963321186
14,2,17.10419358356302
14,3,16.901675477239333
14,4,15.378125166750877
14,5,14.2736257330259
14,6,12.313612975064034
14,7,10.540609670920894
14,8,9.777879686027202
14,9,8.720399223662438
14,10,6.253348429280749
14,11,5.0201887342364095
14,12,5.384660671575492
14,13,3.808957520656197
14,15,3.808473776465542
14,16,5.3910551654711965
14,17,5.060971756201898
14,18,6.276198063924165
14,19,8.773962899238162
14,20,10.061980220500791
14,21,10.450424111588768
14,22,12.343459123517897
14,23,14.229341900311836
14,24,15.509057419808087
14,25,16.616463154553916
14,26,20.207738595815208
14,27,20.941473275902357
14,28,23.45265939308055
14,29,27.189436595414037
14,30,28.236603882118846
14,31,27.043397629643003
14,32,23.533087226808828
14,33,20.896692443517942
14,34,18.41078703921068
14,35,14.885727452657978
14,36,12.755748157921998
14,37,9.85688112417226
14,38,11.819276100493829
14,39,9.915880798168931
14,40,9.283185483583237
14,41,8.409803318410919
14,42,8.504992901081808
14,43,12.262954060442171
14,44,14.22072609884214
14,45,17.656894605898568
14,46,20.112482143214123
14,47,23.885869177286892
14,48,26.058984426190992
14,49,27.282669508097424
14,50,24.72424964709316
14,51,22.429866261887398
14,52,18.843607230642522
14,53,16.733866452063694
14,54,13.072035804723463
14,55,12.198995010974341
14,56,11.339650927552189
14,57,7.6506853140103495
14,58,7.5747705860954735
14,59,6.860244778866578
14,60,10.250262018018208
14,61,13.090246345645294
14,62,15.160815816303131
14,63,12.84181166849791
14,64,15.627648051699214
14,65,18.05435688738414
14,66,16.32811534503308
14,67,14.791438239596113
14,68,17.345726313007088
14,69,16.788660168044185
14,70,15.901916846508106
14,71,15.260103234872059
14,72,18.132492380235444
14,73,19.00150030392309
14,74,22.13510417912583
14,75,22.617839767129343
14,76,25.881174134971317
14,77,28.976111783049546
14,78,28.79988133785281
14,79,25.250743528112324
14,80,23.714331369328413
14,81,21.141068303050922
14,82,22.81766781448174
14,83,21.97651812576202
14,84,21.949906212769108
14,85,18.809541099513826
14,86,19.290312968003015
14,87,16.73808983244364
14,88,19.65347087521511
14,89,18.622782772770115
14,90,15.453392030861538
14,91,17.530999037033506
14,92,18.406068203186397
14,93,21.490264192333488
14,94,23.53647329102356
14,95,22.973609541014735
14,96,26.090435210358777
14,97,26.03247941632372
14,98,29.835244813170384
14,99,30.065059357697425
14,100,27.10011263437535
14,101,29.23755633468077
14,102,32.1491037288686
15,1,22.66665322908201
15,2,19.392415440550383
15,3,18.564437960355136
15,4,16.36340386790496
15,5,15.202270580690673
15,6,14.124991160143777
15,7,12.283607382316191
15,8,10.381094200247837
15,9,9.821840102656576
15,10,8.636900226312303
15,11,6.186288568568496
15,12,4.969352105970462
15,13,5.357588194487526
15,14,3.808473776465542
15,16,3.803661403001189
15,17,5.447248280148948
15,18,5.069575387335688
15,19,6.346047637901345
15,20,8.84191120863865
15,21,9.862922754893281
15,22,10.695825618009343
15,23,12.34415524316915
15,24,14.47222835293952
15,25,15.586490038671267
15,26,18.869343667252867
15,27,19.190047137852492
15,28,21.954362580612905
15,29,25.56887087827145
15,30,26.475078696863143
15,31,25.1031785500765
15,32,21.733239947853317
15,33,18.917050350885958
15,34,16.11988451752395
15,35,12.907138073872089
15,36,10.268587208244712
15,37,7.302025092958329
15,38,9.517636722798954
15,39,7.735948137052303
15,40,8.55159057128242
15,41,8.163215651740916
15,42,7.777383510132042
15,43,11.269390775084474
15,44,13.382375387667642
15,45,16.356026541880844
15,46,19.032640858605472
15,47,22.791724632339058
15,48,24.649157726481437
15,49,26.15145094735161
15,50,24.018791715866133
15,51,22.029856943161114
15,52,18.504366852103196
15,53,17.088890862147615
15,54,13.790853855334891
15,55,13.93226557936087
15,56,13.31730717596434
15,57,9.915164991533258
15,58,10.88124102016973
15,59,9.846910569077862
15,60,12.754951084401203
15,61,15.820768817699046
15,62,17.98645778169382
15,63,15.892440722209233
15,64,18.962560672370397
15,65,21.033052866791667
15,66,18.963126103835744
15,67,17.716698930720803
15,68,19.90379657379461
15,69,18.815068618568258
15,70,17.259774396274864
15,71,15.86685884005344
15,72,18.181333975619044
15,73,18.278761783385544
15,74,21.1178391734753
15,75,21.198972843828567
15,76,24.160968365545127
15,77,27.244459344953807
15,78,26.64115587084451
15,79,23.13575352168999
15,80,21.40118980360171
15,81,19.130412609291305
15,82,21.050576364253295
15,83,20.172511170121194
15,84,20.76842777815126
15,85,18.0764484819101
15,86,19.29853628985255
15,87,17.313653720717454
15,88,20.617231913850055
15,89,20.136363449377836
15,90,17.138804280842603
15,91,19.08048852853367
15,92,20.375750091040523
15,93,23.690335982169177
15,94,25.57814079350081
15,95,24.496107537543104
15,96,27.31733314583395
15,97,26.812258377152347
15,98,30.592026343989605
15,99,31.21393335051571
15,100,28.17215012291217
15,101,29.895076663419577
15,102,33.07755121764585
16,1,24.032909159293627
16,2,21.08463467633939
16,3,20.181894982899713
16,4,18.27879442737009
16,5,16.397104740318042
16,6,15.20474097246579
16,7,14.231286254750058
16,8,12.27509297001301
16,9,10.570133773243391
16,10,9.806919494594105
16,11,8.639968030004189
16,12,6.193542957152326
16,13,5.000363696080378
16,14,5.3910551654711965
16,15,3.803661403001189
16,17,3.81259056916169
16,18,5.317128983929681
16,19,5.075627219514713
16,20,6.317909209652989
16,21,8.522631058948534
16,22,9.972652087112495
16,23,10.561303809782283
16,24,12.459603079240827
16,25,14.420204014166973
16,26,17.73903913246459
16,27,18.688709438020478
16,28,21.803747545450396
16,29,25.35806085696933
16,30,26.768824356328338
16,31,25.872920747640247
16,32,22.748633110126693
16,33,20.354164678806477
16,34,17.177318604080174
16,35,13.93446087561001
16,36,11.92855959099013
16,37,9.860306951844526
16,38,12.720018625569676
16,39,11.312717516687407
16,40,12.313401326090284
16,41,11.452550645622967
16,42,10.14118568990552
16,43,13.291771764217547
16,44,14.511834104202757
16,45,17.287922009042827
16,46,20.42593398806282
16,47,24.11454587550746
16,48,26.27050852849688
16,49,28.163848377778066
16,50,26.0045866306177
16,51,24.367916105790066
16,52,20.702107873427913
16,53,19.410202090807665
16,54,16.117795159403993
16,55,16.148388396161263
16,56,16.036239416043237
16,57,12.615151055024999
16,58,12.854905576189857
16,59,12.117062902746488
16,60,15.508746192715337
16,61,18.236280513954686
16,62,20.517472458698723
16,63,18.21647787394332
16,64,20.87604574190879
16,65,23.389322436474824
16,66,21.513291177750293
16,67,19.75508013062173
16,68,21.9601048839566
16,69,21.378670804144722
16,70,19.922732846880933
16,71,18.915573450071193
16,72,21.133195168549012
16,73,21.169055427224638
16,74,23.743178931570995
16,75,23.38866102664122
16,76,26.348413465741803
16,77,29.1486452037796
16,78,28.31826818484386
16,79,24.683982701041
16,80,23.349281549239656
16,81,21.500724127110917
16,82,23.827383976432234
16,83,23.293940259861987
16,84,24.08790684957938
16,85,21.49333901578547
16,86,22.743616334213804
16,87,20.78437060904635
16,88,24.06428114667753
16,89,23.26453897318367
16,90,20.32527189699738
16,91,22.458126824306156
16,92,23.567502428129863
16,93,26.753350960669515
16,94,28.725335722646033
16,95,27.9051729599777
16,96,30.826443709525265
16,97,30.39986256706719
16,98,34.18042320896765
16,99,34.63692329286327
16,100,31.524593790821264
16,101,33.310657100203336
16,102,36.41566576192874
17,1,24.520376407125696
17,2,21.727995502886507
17,3,21.481985619843407
17,4,20.017613227920585
17,5,18.400351191041842
17,6,16.511270207017745
17,7,15.323720543386628
17,8,14.220206482572815
17,9,12.458612534094799
17,10,10.5713853372839
17,11,9.83403949543967
17,12,8.655883464837258
17,13,6.210194363104475
17,14,5.060971756201898
17,15,5.447248280148948
17,16,3.81259056916169
17,18,3.807247950953779
17,19,5.495735491696874
17,20,5.281236625922099
17,21,6.007093306952405
17,22,8.577964794324203
17,23,9.833274747811037
17,24,10.70125584500939
17,25,12.344890386710851
17,26,15.982457052595208
17,27,17.294735001333724
17,28,20.10189085382958
17,29,23.780769544495502
17,30,25.360340773550472
17,31,24.732698345061262
17,32,21.51536551801266
17,33,19.454886386001796
17,34,16.54991587486531
17,35,12.953738877806032
17,36,11.76469960585781
17,37,10.186809910948053
17,38,13.370237014861548
17,39,12.605225750420775
17,40,12.597087752503333
17,41,10.668785267228872
17,42,8.77645223035015
17,43,11.783494513544394
17,44,12.450257632601426
17,45,15.549308981531347
17,46,18.620947168962704
17,47,22.28351917848562
17,48,24.838223086070297
17,49,26.661442503743732
17,50,24.147284920054993
17,51,22.516448491710918
17,52,18.74574303169478
17,53,17.179975784038707
17,54,13.82515169746575
17,55,13.592129954048595
17,56,14.09787047690807
17,57,11.024445344213616
17,58,11.134604012165056
