1,2,3.795592090242457
1,3,6.865197043815293
1,4,9.625834327827182
1,5,12.550832695913869
1,6,14.787095281775889
1,7,15.077996736420587
1,8,18.843276597287343
1,9,19.12567910876004
1,10,20.146684817395585
1,11,18.27435611582431
1,12,16.78513456389265
1,13,14.133129187784068
1,14,11.503015442434778
1,15,10.38730113808926
1,16,8.617480378469333
1,17,7.948337473081051
1,18,9.403146415775868
1,19,10.505772452659519
1,20,14.051222242749501
1,21,16.219956469450274
1,22,19.845491598576917
1,23,21.55264777244449
1,24,24.003755230831615
1,25,26.35754623627865
1,26,27.004930211487302
1,27,28.412417519260945
1,28,31.566237529462978
1,29,32.573047506038314
1,30,29.299626788952658
1,31,26.50369215301448
1,32,23.770154904012287
1,33,20.10945899531596
1,34,19.610531973512384
1,35,16.499341660104456
1,36,17.412669273544616
1,37,15.591359881955865
1,38,17.546235283015445
1,39,16.63377319506646
1,40,19.034724102940483
1,41,16.564114434385683
1,42,13.369819838001336
1,43,10.357294673591797
1,44,8.660393819581605
1,45,8.094611746292257
1,46,11.068158387020828
1,47,12.788995735169586
1,48,14.440177434712009
1,49,15.522380614608412
1,50,19.348601283308863
1,51,21.772998933886967
1,52,24.707372953515538
1,53,25.038060971636735
1,54,23.183694111114658
1,55,25.46343670604486
1,56,25.59313520928355
1,57,23.670950869355686
1,58,20.34566338733294
1,59,18.772495108984632
1,60,21.44484657224859
1,61,23.863709341271296
1,62,23.488221116838496
1,63,26.06359088199798
1,64,27.420380917301532
1,65,32.08564550527181
1,66,31.404291140398303
1,67,29.054617053546853
1,68,27.660455395102076
1,69,25.45694589907995
1,70,22.111593015362367
1,71,22.982379239324352
1,72,26.118961445356266
1,73,24.79342539132915
1,74,22.101424330872582
1,75,24.14550054786388
1,76,21.594779039832382
1,77,22.238312900136876
1,78,20.66332507183424
1,79,17.662516835036563
1,80,15.413164136763285
1,81,15.755005922316068
1,82,14.22022126796709
1,83,15.51918095849323
1,84,15.527719172804316
1,85,18.001819124616944
1,86,18.47797646430925
1,87,22.199509749230106
1,88,23.012250959518887
1,89,19.44095496571546
1,90,18.62399708638073
1,91,15.053298657773768
1,92,15.333469342158777
1,93,12.613134089379013
1,94,13.213344785634069
1,95,11.664299764725929
1,96,13.456923725940216
1,97,14.078317358885961
1,98,16.925354959025814
1,99,19.233434391952027
1,100,20.6620578559945
1,101,24.481420971076496
1,102,25.21652029485991
1,103,23.694977354362855
1,104,23.302736220705423
1,105,22.89779985466972
1,106,22.648376905132256
1,107,22.760642462241012
1,108,21.869958082785196
1,109,23.65690948033261
1,110,22.986841885516228
1,111,26.40321075694469
1,112,27.415311992426936
1,113,31.215292697794425
1,114,32.71124909104569
1,115,29.538116389728827
1,116,27.438642024156113
1,117,24.269805249607664
1,118,23.470848835123164
1,119,20.090486313008633
1,120,20.946363272369023
1,121,18.518211596116487
1,122,19.857249070455868
1,123,18.49596383964747
1,124,20.65795872768471
2,1,3.795592090242457
2,3,3.7929832134446184
2,4,6.263902611772236
2,5,9.011199525933433
2,6,11.177797478833194
2,7,11.782054588475082
2,8,15.592925738700295
2,9,16.333430978335496
2,10,17.549152677216185
2,11,16.25493241227997
2,12,15.050489404871405
2,13,12.851079399656204
2,14,11.066189859240422
2,15,10.367259171644166
2,16,7.430500798935478
2,17,5.599176084322002
2,18,5.886036595294935
2,19,6.785121537103147
2,20,10.300106833128435
2,21,12.64482804851803
2,22,16.26446368377889
2,23,18.243161582977738
2,24,20.663132447392446
2,25,23.226095414300953
2,26,23.759083652497715
2,27,24.9377383939804
2,28,28.087910115351622
2,29,29.023930198678293
2,30,25.65542766193748
2,31,22.773991799945392
2,32,20.03642201126489
2,33,16.351077725220307
2,34,15.96882321268848
2,35,13.03820231604164
2,36,14.355697371901265
2,37,13.134621265628066
2,38,15.639257422448864
2,39,15.531342840637194
2,40,18.461784479705933
2,41,16.482289146147423
2,42,13.097136572159892
2,43,10.852010020610077
2,44,8.077457436156466
2,45,6.858287817856347
2,46,8.717617158898697
2,47,10.189463396074323
2,48,11.499772507255448
2,49,12.841956641609684
2,50,16.60693584857252
2,51,19.231397480026274
2,52,22.096573745803767
2,53,22.492704587098025
2,54,20.597598143870904
2,55,22.790928604283152
2,56,23.16331206222932
2,57,21.678220673396286
2,58,18.238500067901512
2,59,16.89544733446918
2,60,19.985437778644506
2,61,21.916851237546986
2,62,21.081638338753308
2,63,23.3413038330324
2,64,24.653449343205658
2,65,29.18625856305577
2,66,28.785631377334408
2,67,26.674352037563846
2,68,25.57222728782473
2,69,23.781998749294488
2,70,20.47727469210933
2,71,21.91312365095132
2,72,24.816237212298645
2,73,23.05480789613694
2,74,20.647252702290793
2,75,23.179611747298505
2,76,21.08749350238087
2,77,22.14712680277786
2,78,20.886287907966835
2,79,17.50603905727811
2,80,15.580214534099802
2,81,15.39143548467501
2,82,13.955136883961117
2,83,14.815785181799301
2,84,14.888055471471066
2,85,17.052551638068884
2,86,17.431222010064612
2,87,20.95947107969062
2,88,21.246330696697942
2,89,17.503863491007742
2,90,16.743829411608765
2,91,13.277489309391914
2,92,13.580279618001795
2,93,11.118538887022883
2,94,12.139427702114123
2,95,11.326412263391992
2,96,13.03517655851061
2,97,14.4474241538711
2,98,17.174866358533304
2,99,18.879722323599122
2,100,19.724280167387207
2,101,23.497449139659217
2,102,23.676867098174032
2,103,21.707705111822353
2,104,21.06900510780283
2,105,20.20854865280758
2,106,19.862621984525653
2,107,19.688678246425436
2,108,18.858057027692336
2,109,20.50615858038632
2,110,19.878954713585138
2,111,23.340257976812705
2,112,24.426752433998757
2,113,28.224438608003172
2,114,29.48399738623667
2,115,26.18320035217431
2,116,24.054129917613846
2,117,20.759071182812193
2,118,19.953056601354486
2,119,16.604394520249777
2,120,17.57775778609678
2,121,15.421952199511534
2,122,17.04282249783214
2,123,16.241079252254046
2,124,18.66715205531453
3,1,6.865197043815293
3,2,3.7929832134446184
3,4,3.8030970782943694
3,5,5.84788575747417
3,6,8.34373320605113
3,7,9.450714503437954
3,8,13.141097573017623
3,9,14.332753090043225
3,10,16.273775398688272
3,11,15.416790881795826
3,12,15.098670351383365
3,13,12.889568757102927
3,14,12.075225321539765
3,15,10.805031469875408
3,16,7.271653047202376
3,17,6.100949449886372
3,18,4.701186941514713
3,19,6.194054157277035
3,20,8.918916089593075
3,21,11.14883567308641
3,22,14.372803758367038
3,23,16.409186518741073
3,24,18.291766456894482
3,25,21.12839863752898
3,26,22.0507778648786
3,27,22.887127994934367
3,28,25.769267275487845
3,29,26.34597000043729
3,30,22.662182216011086
3,31,20.043264940045837
3,32,17.267976501189686
3,33,13.760701828081013
3,34,13.466533138432723
3,35,10.707774217202555
3,36,12.58237386642502
3,37,11.785926355978217
3,38,14.871898043973697
3,39,15.343779072584196
3,40,18.324097017923734
3,41,16.396536027071065
3,42,12.738354852202152
3,43,10.929830074177111
3,44,7.372016393976702
3,45,4.8078961548304235
3,46,5.35254948492002
3,47,6.411041102073223
3,48,7.987357304383558
3,49,9.94860554650378
3,50,13.597049437778205
3,51,16.612303703747756
3,52,19.11668939875144
3,53,19.156984226096906
3,54,17.014005279235736
3,55,19.058246925278954
3,56,19.390291584839225
3,57,18.013624729944784
3,58,14.531111230471343
3,59,13.287229322872358
3,60,16.5507773278176
3,61,18.26527863455262
3,62,17.373965170206596
3,63,19.671472413593857
3,64,21.18247184093494
3,65,25.484855359955173
3,66,25.109534472524867
3,67,22.956306788933233
3,68,22.001847642621268
3,69,20.354597808874374
3,70,17.196950517753567
3,71,18.987803691582446
3,72,21.839696251575596
3,73,19.999142845658934
3,74,17.965139426944457
3,75,20.71774858827061
3,76,19.080975873564398
3,77,20.14707336459041
3,78,18.92290663606308
3,79,15.284380683036812
3,80,13.514519378870482
3,81,12.781848896057733
3,82,11.555294820007349
3,83,12.254374224069398
3,84,12.820529933696701
3,85,15.057516197341078
3,86,15.933659464956401
3,87,19.257303590552297
3,88,18.99385397380585
3,89,15.200453177112198
3,90,13.9368288630741
3,91,10.433869418827262
3,92,10.252353273295022
3,93,7.869527849886757
3,94,9.203086089230583
3,95,9.325094949009953
3,96,11.339722477299937
3,97,13.65883331531285
3,98,16.555427959077434
3,99,17.980841607810152
3,100,18.136068214507183
3,101,21.774348461191263
3,102,21.66098873615504
3,103,19.616349821043617
3,104,18.436387329817222
3,105,17.246811293480263
3,106,16.481788724236317
3,107,16.125813710939678
3,108,15.13480519166917
3,109,16.88755667826801
3,110,16.467966777146767
3,111,20.04226126551985
3,112,21.458195114807502
3,113,25.282735213700875
3,114,26.43326301382228
3,115,23.215080345008314
3,116,20.83967414132159
3,117,17.622175970678448
3,118,16.645320270192034
3,119,13.272059816238825
3,120,14.388691727557656
3,121,12.405901226825014
3,122,14.527000512126326
3,123,14.15686220495792
3,124,17.12357408866973
4,1,9.625834327827182
4,2,6.263902611772236
4,3,3.8030970782943694
4,5,3.784081458476628
4,6,7.2336282278625355
4,7,9.732531335023088
4,8,13.140971306176485
4,9,15.24260337233434
4,10,17.371776806741003
4,11,17.305321382265454
4,12,17.143749722244227
4,13,15.564719445877428
4,14,15.178955258181995
4,15,14.342460144740876
4,16,10.644259282061784
4,17,8.702464191966795
4,18,5.78367544510454
4,19,5.005378989850336
4,20,7.365079744312084
4,21,10.430010135780151
4,22,13.413494583232955
4,23,16.156816084280486
4,24,17.8326414013606
4,25,21.07775822621216
4,26,21.706326908628782
4,27,21.96380682834742
4,28,24.768607345453997
4,29,25.031488293982683
4,30,20.697478420603108
4,31,17.890419997571758
4,32,14.727540165930032
4,33,11.190913417159187
4,34,10.17276560754042
4,35,7.060852588819286
4,36,8.790889682950358
4,37,8.355948732818828
4,38,11.740197897709033
4,39,12.91061169586375
4,40,16.204678920538257
4,41,14.941720564154151
4,42,11.552132955897058
4,43,10.916199757515518
4,44,7.310593161980111
4,45,5.895543310772933
4,46,4.708232428516144
4,47,6.5330607241209
4,48,8.26496107238082
4,49,11.093259060140403
4,50,14.241979599494577
4,51,17.589007438330583
4,52,19.693719687257612
4,53,19.497972836945987
4,54,17.007360242147
4,55,18.447744765002394
4,56,18.78788145132514
4,57,18.0581809412719
4,58,14.37987324467651
4,59,13.107978863935552
4,60,16.483712585909934
4,61,17.606639421872426
4,62,15.995681941172613
4,63,17.732344117557687
4,64,18.715293488925763
4,65,23.5351052911522
4,66,23.20269050542493
4,67,21.5090017259497
4,68,20.53953281263
4,69,19.341889075073468
4,70,16.066387861472023
4,71,18.1687290967022
4,72,20.512995669707905
4,73,18.14631696717893
4,74,16.152841098013283
4,75,19.28771010980745
4,76,17.988971337428246
4,77,19.714438843853124
4,78,19.193032174541347
4,79,15.555497624513084
4,80,14.675753745166034
4,81,14.174469977401605
4,82,13.778371291195832
4,83,14.61854122978457
4,84,15.640205229383966
4,85,17.718787380441427
4,86,18.656528653369623
4,87,21.671666600611704
4,88,20.843396490388898
4,89,17.05677062607285
4,90,15.653199546664759
4,91,12.461055363382668
4,92,11.66836724445834
4,93,9.341820498291632
4,94,9.94988235850047
4,95,10.075914490751227
4,96,10.988905670473596
4,97,13.459715141116442
4,98,15.722588560753103
4,99,16.366635886548647
4,100,16.120160898219
4,101,19.613382222345827
4,102,19.012152443095847
4,103,16.574262115647738
4,104,15.522591730119316
4,105,14.200501120741158
4,106,13.899971335709738
4,107,13.796807831415123
4,108,13.576068930865468
4,109,15.642080752365905
4,110,15.871225104650312
4,111,19.57944005358412
4,112,21.38201263375083
4,113,25.12994674155685
4,114,25.729389834453844
4,115,22.326576402102702
4,116,19.667066067408793
4,117,16.166178230959684
4,118,14.601589410982239
4,119,10.974312924127888
4,120,11.4176304740214
4,121,9.19140624980764
4,122,11.065182458947183
4,123,10.993594692411579
4,124,13.92218590915998
5,1,12.550832695913869
5,2,9.011199525933433
5,3,5.84788575747417
5,4,3.784081458476628
5,6,3.7804467929670733
5,7,6.931357923401172
5,8,9.861064888692388
5,9,12.442073741851924
5,10,14.976440442763288
5,11,15.512242031313699
5,12,16.040740305961435
5,13,14.861441323483318
5,14,15.411327496681551
5,15,14.676086585937762
5,16,10.914464666449945
5,17,9.271044711985757
5,18,5.73858651581234
5,19,5.677140467225225
5,20,5.839021542510304
5,21,8.099486081996275
5,22,10.422764954611562
5,23,13.117020946232321
5,24,14.360657845463608
5,25,17.755882923278786
5,26,18.59834652338706
5,27,18.623361367099175
5,28,21.243594320993154
5,29,21.36760124870445
5,30,17.09972690123278
5,31,14.451076315397318
5,32,11.494890905499139
5,33,8.10430435465514
5,34,7.963369612144892
5,35,6.042892287317689
5,36,9.149232614211135
5,37,10.076149370900776
5,38,13.825387523161183
5,39,15.682196712799676
5,40,18.98967366341886
5,41,17.968406652759334
5,42,14.626683490658959
5,43,14.223036573557035
5,44,10.516438248450592
5,45,8.307453333333086
5,46,5.556670473030639
5,47,5.097968738060982
5,48,5.427056863819264
5,49,8.442333580210034
5,50,11.063475766769546
5,51,14.515104390706476
5,52,16.361995519736144
5,53,16.20608866310617
5,54,13.828383215339548
5,55,15.30226903700835
5,56,16.030555641003573
5,57,15.758222899042895
5,58,12.295919695906631
5,59,11.679859998827045
5,60,15.366765778240719
5,61,15.850732204372225
5,62,13.950112953022124
5,63,15.402351619300141
5,64,16.7535412663576
5,65,20.7621653643731
5,66,20.89169904640438
5,67,19.306911512593707
5,68,18.945074256777726
5,69,18.24950782781778
5,70,15.443944007527099
5,71,18.17619819047839
5,72,20.322193014039556
5,73,17.771230777281218
5,74,16.537003600205622
5,75,19.94585403679865
5,76,19.312184468750566
5,77,20.96123322080199
5,78,20.398411276487828
5,79,16.632047204920017
5,80,15.764284829371277
5,81,14.423450090039813
5,82,13.849665964642032
5,83,13.87728666729938
5,84,14.750243501009962
5,85,16.26300231161706
5,86,17.13311489566916
5,87,19.70262936059423
5,88,18.346275862240482
5,89,14.672350365614625
5,90,13.336976542132852
5,91,10.735007565587095
5,92,10.137751995151882
5,93,8.97421623852803
5,94,10.435869141878635
5,95,11.818861502941388
5,96,13.085715464766938
5,97,16.127155200757777
5,98,18.431544274915122
5,99,18.779112119689405
5,100,17.851308819911907
5,101,21.021991595959392
5,102,19.913654386972684
5,103,17.225520162534323
5,104,15.472149752957364
5,105,13.306906670651836
5,106,12.226255861709955
5,107,11.20848512423571
5,108,10.514313223483912
5,109,12.119443272370843
5,110,12.212982653786913
5,111,15.89268214846007
5,112,17.749893579612593
5,113,21.458192118676262
5,114,21.958348701660256
5,115,18.558220760932183
5,116,15.88837027071726
5,117,12.406384517054587
5,118,11.041934144781273
5,119,7.596929071932896
5,120,8.935405789562532
5,121,7.864273528591948
5,122,10.78865085987545
5,123,11.903604870470808
5,124,15.218763238495823
6,1,14.787095281775889
6,2,11.177797478833194
6,3,8.34373320605113
6,4,7.2336282278625355
6,5,3.7804467929670733
6,7,3.7985981433541154
6,8,6.216547129600288
6,9,9.145677465514165
6,10,11.71449027523511
6,11,12.875685405376178
6,12,13.851629565367446
6,13,13.335032652203937
6,14,14.753745905864841
6,15,14.523218381988665
6,16,10.980484285323229
6,17,9.409561905031326
6,18,6.064791001727649
6,19,6.718250230817805
6,20,4.7818896068083205
6,21,5.189812626260451
6,22,6.89518033976778
6,23,9.381174202490904
6,24,10.626993770558423
6,25,13.994653237462604
6,26,14.849442297273024
6,27,14.981786893036336
6,28,17.672440104216665
6,29,18.075951830440854
6,30,14.541739255204
6,31,11.888578389372054
6,32,9.625762645050202
6,33,6.438526944308673
6,34,8.096509348820952
6,35,7.892615399420048
6,36,11.564118975936344
6,37,13.288564116002968
6,38,17.05401006224784
6,39,19.198069410579418
6,40,22.604120768257097
6,41,21.721809802655812
6,42,18.402719359682866
6,43,17.88390091259293
6,44,14.141101549841014
6,45,11.589069146367779
6,46,8.884185959683078
6,47,6.963984170334176
6,48,4.846089769794569
6,49,6.525473644328208
6,50,8.504799687554941
6,51,11.61156085322687
6,52,13.597280032856403
6,53,14.06550583569774
6,54,12.36783001900636
6,55,14.25746674611597
6,56,15.649528656503266
6,57,15.783656168963555
6,58,12.860179292306743
6,59,13.046406716184075
6,60,16.835165539784512
6,61,16.82908708922845
6,62,14.861251289736625
6,63,15.946399447309751
6,64,17.660793944126432
6,65,20.468064236574993
6,66,21.255398606804942
6,67,19.817780494430924
6,68,20.164979780509604
6,69,19.908442195267934
6,70,17.618388728168163
6,71,20.692036536287382
6,72,22.72928361091812
6,73,20.14443245486256
6,74,19.44745175524855
6,75,22.931173539575273
6,76,22.625179690477104
6,77,24.127278443435873
6,78,23.390789141833935
6,79,19.591263058787256
6,80,18.468774455411456
6,81,16.51466069533532
6,82,15.40229314507626
6,83,14.486479973630555
6,84,14.654782578367506
6,85,15.278246059648827
6,86,15.576816562394987
6,87,17.67151915452193
6,88,16.016421936743487
6,89,12.507460262478153
6,90,11.89139810406271
6,91,10.189822467222672
6,92,10.598366414287572
6,93,10.744493695762374
6,94,13.046686788657585
6,95,15.007693338230428
6,96,16.633488961124637
6,97,19.791912984928427
6,98,22.181900647574736
6,99,22.486137233363294
6,100,21.36470756465212
6,101,24.366910719996095
6,102,22.973699084898943
6,103,20.11009286899928
6,104,18.052879704824306
6,105,15.32461965507044
6,106,13.694192221719042
6,107,11.650075990549107
6,108,10.227686214687532
6,109,10.588748776421344
6,110,9.801554427597257
6,111,13.176160676636949
6,112,14.572780252197179
6,113,18.239361141532946
6,114,18.823427650701152
6,115,15.334302907921272
6,116,13.081847191064496
6,117,9.635291704080341
6,118,9.299708561024138
6,119,6.804480700842004
6,120,9.48972564575213
6,121,9.903013653856792
6,122,13.22459542812806
6,123,15.040336667257797
6,124,18.328841823715898
7,1,15.077996736420587
7,2,11.782054588475082
7,3,9.450714503437954
7,4,9.732531335023088
7,5,6.931357923401172
7,6,3.7985981433541154
7,8,3.813142910815138
7,9,5.639917746919631
7,10,8.08895233098807
7,11,9.101926968283074
7,12,10.398697367481358
7,13,10.103521419266656
7,14,12.172410801996476
7,15,12.277466504016314
7,16,9.229930085163238
7,17,8.20950776547191
7,18,6.122691560374743
7,19,8.224371755583817
7,20,6.353142756719234
7,21,4.596870011037685
7,22,6.149360583806083
7,23,7.18360779922912
7,24,8.966459794471348
7,25,11.682957325548804
7,26,12.79350590986641
7,27,13.794411755679986
7,28,16.65518581744589
7,29,17.685097588252173
7,30,15.524787793179508
7,31,13.161193090685975
7,32,11.861194448162813
7,33,9.176382114576219
7,34,11.586905983679305
7,35,11.620852416796952
7,36,15.238892129275882
7,37,16.775661609829772
7,38,20.492824148390813
7,39,22.368358939045645
7,40,25.76530960191213
7,41,24.59617873028183
7,42,21.107159614148618
7,43,20.02867712272341
7,44,16.27958237762592
7,45,13.305024236194736
7,46,11.224278801578121
7,47,8.695823382654138
7,48,5.543397319947647
7,49,4.617940727177597
7,50,6.698053185596493
7,51,8.968352248683265
7,52,11.732332394999657
7,53,13.080492391106217
7,54,12.332699949758982
7,55,15.024110383974495
7,56,16.747473431004956
7,57,16.564311069017325
7,58,14.137593893156026
7,59,14.695471341486272
7,60,18.40849064184535
7,61,18.60525455083836
7,62,17.15874466252769
7,63,18.491007358859648
7,64,20.650861010306876
7,65,22.572568220691934
7,66,23.611620057432376
7,67,21.92787990466383
7,68,22.568444245498533
7,69,22.17541274664168
7,70,20.13852686982998
7,71,23.12938944156168
7,72,25.44550964186547
7,73,23.157878076349874
7,74,22.544555768125832
7,75,25.8612213115035
7,76,25.43025463734182
7,77,26.5411415371914
7,78,25.34254218963752
7,79,21.53415844931085
7,80,19.82618120352787
7,81,17.468006786194213
7,82,15.57096302075597
7,83,13.889352806565766
7,84,13.097205584120143
7,85,12.958068337384871
7,86,12.539866739726557
7,87,14.494341394388305
7,88,13.107986331412773
7,89,9.62704448102255
7,90,10.006247413978675
7,91,8.899075176053996
7,92,10.659052729214373
7,93,11.602638033084643
7,94,14.640822422557589
7,95,16.791437808386544
7,96,19.014467684380097
7,97,22.12110218424056
7,98,24.850119480146496
7,99,25.545615155923393
7,100,24.6292680507377
7,101,27.74042904473769
7,102,26.5389586465152
7,103,23.79627109467113
7,104,21.655382813783127
7,105,18.91751648308213
7,106,16.96173807690893
7,107,14.570645271968127
7,108,12.397868336073495
7,109,11.86185081613846
7,110,9.829323111279447
7,111,12.622602292760677
7,112,13.087727229842303
7,113,16.77006538835321
7,114,18.008646358149218
7,115,14.706651923089527
7,116,13.231968566986446
7,117,10.375898799773841
7,118,11.32046587598985
7,119,9.751648820423167
7,120,12.943707393783576
7,121,13.605728791977606
7,122,16.99451936527124
7,123,18.676053945607084
7,124,21.993007829803577
8,1,18.843276597287343
8,2,15.592925738700295
8,3,13.141097573017623
8,4,13.140971306176485
8,5,9.861064888692388
8,6,6.216547129600288
8,7,3.813142910815138
8,9,3.809381157216599
8,10,6.783085126943787
8,11,9.081709741714208
8,12,11.342461703426626
8,13,11.821321970247666
8,14,14.646543278421877
8,15,14.898424301060237
8,16,12.365528369826768
8,17,11.756585331233232
8,18,9.907524764769626
8,19,11.637667350711425
8,20,8.955189252858142
8,21,6.086257128362331
8,22,5.039974269052046
8,23,4.576192281411468
8,24,5.313653770532985
8,25,8.112879122924324
8,26,9.733887883779298
8,27,10.578001377828992
8,28,13.152302870602512
8,29,14.227004936223434
8,30,12.931147580855827
8,31,11.09465976846772
8,32,10.86028305988028
8,33,9.293748521588403
8,34,12.528090731240026
8,35,13.607045034946033
8,36,17.39718053744412
8,37,19.44732814044767
8,38,23.211826339469116
8,39,25.41359500660575
8,40,28.807180407679834
8,41,27.806959664653924
8,42,24.3724331434771
8,43,23.492774487230772
8,44,19.717769607857036
8,45,16.662476993859464
8,46,14.178856888678819
8,47,11.177819939755528
8,48,7.5128983360122215
8,49,5.743746065244811
8,50,5.301385673153358
8,51,6.66109501020666
8,52,9.028299067984033
8,53,10.942637114943778
8,54,11.014794846020484
8,55,13.71926074475478
8,56,15.9614560005331
8,57,16.354229768340627
8,58,14.629861714865669
8,59,15.83340086943774
8,60,19.383916416919238
8,61,18.965506918190002
8,62,17.435020064422694
8,63,18.307563557885427
8,64,20.677099681470676
8,65,21.3950982688198
8,66,22.98639858892014
8,67,21.539114682543033
8,68,22.80871976617352
8,69,22.91165028403011
8,70,21.41879678360489
8,71,24.694171063214064
8,72,26.744392976292445
8,73,24.421195990579875
8,74,24.363291501934103
8,75,27.73991107885199
8,76,27.75155036527632
8,77,28.820018148668055
8,78,27.659165371603553
8,79,23.901855259777125
8,80,22.31504941972952
8,81,19.576749335633746
8,82,17.713403952274348
8,83,15.493094873142827
8,84,14.52485046045659
8,85,13.553870473498588
8,86,12.874767559942013
8,87,13.83781716220575
8,88,11.721537205215494
8,89,8.961032687183664
8,90,9.916429907463362
8,91,10.231240242058528
8,92,12.149824197727634
8,93,13.981779993500293
8,94,17.12913517265963
8,95,19.731180510005228
8,96,21.951509568933545
8,97,25.269337157325506
8,98,27.945433268937407
8,99,28.430425202847776
8,100,27.145718640211374
8,101,29.998618739469794
8,102,28.48740907385963
8,103,25.65730173372393
8,104,23.187564011615713
8,105,20.05485262641261
8,106,17.691919497779626
8,107,14.673848583698957
8,108,12.137906432181396
8,109,10.444907820494256
8,110,7.656909564677028
8,111,9.643628359136908
8,112,9.587965713687625
8,113,13.140652328284968
8,114,14.3879607705469
8,115,11.1391108022154
8,116,10.20439223212559
8,117,7.946465025822442
8,118,10.056332117519043
8,119,9.845246205862251
8,120,13.511520357807216
8,121,15.122708500992392
8,122,18.69619992123124
8,123,20.911545007239145
8,124,24.2740352472501
9,1,19.12567910876004
9,2,16.333430978335496
9,3,14.332753090043225
9,4,15.24260337233434
9,5,12.442073741851924
9,6,9.145677465514165
9,7,5.639917746919631
9,8,3.809381157216599
9,10,3.7882441080272713
9,11,5.7009537013144485
9,12,8.684174964818673
9,13,9.319413574586017
9,14,12.684629845307072
9,15,13.134790333695735
9,16,11.468338286115713
9,17,11.614092964632055
9,18,10.987043091719121
9,19,13.489109715454001
9,20,11.385554172266726
9,21,8.266519434605723
9,22,7.746448550734336
9,23,5.604862255974074
9,24,6.7621735983479585
9,25,7.790271840600707
9,26,9.817425561993346
9,27,11.814808019234766
9,28,14.324253923370145
9,29,15.987339679991724
9,30,15.951925272499727
9,31,14.46557837262791
9,32,14.60343565903428
9,33,13.039743605203174
9,34,16.194817317349905
9,35,16.92683655353441
9,36,20.65324873409305
9,37,22.36430058502009
9,38,26.1041777592205
9,39,27.982887678401916
9,40,31.33334349246618
9,41,30.014655469851547
9,42,26.429819195189985
9,43,25.059148620746008
9,44,21.34680945520599
9,45,18.05237233865953
9,46,16.14733645383773
9,47,13.019739474502705
9,48,9.373963243061322
9,49,6.196905693381934
9,50,5.771636760110341
9,51,5.150143995166413
9,52,8.593675980690747
9,53,11.363146986048003
9,54,12.335847654700933
9,55,15.618953833171119
9,56,17.850455812337223
9,57,17.710799782022644
9,58,16.36091267899411
9,59,17.63229027612852
9,60,21.006084916052256
9,61,20.97489364528572
9,62,20.011060750834954
9,63,21.2701409406924
9,64,23.929456860137268
9,65,24.25898222200352
9,66,25.818919306046514
9,67,24.056974453816583
9,68,25.34662425318131
9,69,25.146694081768807
9,70,23.747505530873642
9,71,26.809119245025077
9,72,29.168638166655768
9,73,27.16420752617219
9,74,27.017475959091836
9,75,30.1959948737294
9,76,29.98603753848401
9,77,30.69008658660849
9,78,29.11067793177924
9,79,25.400138225178157
9,80,23.317225614125103
9,81,20.382443712071037
9,82,17.910052019413207
9,83,15.188619640912625
9,84,13.337953365882473
9,85,11.587817644401092
9,86,10.036752880399272
9,87,10.716975474294138
9,88,9.123535358528825
9,89,6.665641791493503
9,90,8.970439129334597
9,91,9.909496002680868
9,92,12.808241641100988
9,93,14.989564587063166
9,94,18.51060186690058
9,95,21.10307768427913
9,96,23.766872433738726
9,97,26.972765054998764
9,98,29.938102534419656
9,99,30.81711685875512
9,100,29.785452143433986
9,101,32.79262009477602
9,102,31.559125924330658
9,103,28.89172795463742
9,104,26.426656673055117
9,105,23.443880111181315
9,106,20.959264661784317
9,107,17.98903421343232
9,108,15.095970161884683
9,109,13.25317285096526
9,110,9.920599700416194
9,111,11.136820799472565
9,112,9.99106460312233
9,113,13.303175082311474
9,114,15.413867254962488
9,115,12.738229668768733
9,116,12.61592453711021
9,117,11.167267272141123
9,118,13.618711892935252
9,119,13.46287342876432
9,120,17.135428810637226
9,121,18.485947820926523
9,122,22.072625077060685
9,123,23.99257734068724
9,124,27.410432600506873
10,1,20.146684817395585
10,2,17.549152677216185
10,3,16.273775398688272
10,4,17.371776806741003
10,5,14.976440442763288
10,6,11.71449027523511
10,7,8.08895233098807
10,8,6.783085126943787
10,9,3.7882441080272713
10,11,3.814801430969934
10,12,6.367924622993095
10,13,8.436455826011565
10,14,12.032391983754197
10,15,13.477578481681816
10,16,12.429562146242985
10,17,12.270043523182714
10,18,12.349994776007401
10,19,14.68890033255662
10,20,12.644294892619445
10,21,9.196758549879178
10,22,8.787295806067485
10,23,5.967515259261438
10,24,8.216963880107533
10,25,7.895145777103975
10,26,8.914746740148596
10,27,11.896670630314722
10,28,14.726825106818577
10,29,17.168167548468748
10,30,18.155046126396215
10,31,16.46245352450394
10,32,16.907816689135906
10,33,15.280799822492613
10,34,18.516310791619713
10,35,19.256052086907662
10,36,22.87462524404871
10,37,24.603397920940047
10,38,28.232810125674007
10,39,30.041821350292064
10,40,33.51232419932056
10,41,32.25357666901038
10,42,28.715161712635958
10,43,27.196735478542298
10,44,23.568438063804923
10,45,20.446448624505898
10,46,18.94057986178953
10,47,16.143055561306
10,48,12.682867579074097
10,49,9.56248067799119
10,50,9.523848236144424
10,51,8.131784408319017
10,52,11.527765976911292
10,53,14.723517322739355
10,54,16.039974518102696
10,55,19.314949653058054
10,56,21.61000407775963
10,57,21.453992301995797
10,58,20.093479282766907
10,59,21.25646746248553
10,60,24.658418452342847
10,61,24.739879077950434
10,62,23.73210680461903
10,63,24.90006612543987
10,64,27.418262500819523
10,65,27.760013983016965
10,66,29.45507878535142
10,67,27.797913476037387
10,68,29.089876396279074
10,69,28.868629115915155
10,70,27.342351133190586
10,71,30.338225983598388
10,72,32.75905892882142
10,73,30.6912639057794
10,74,30.358977934623578
10,75,33.567220640477274
10,76,33.15842745868172
10,77,33.909966124443066
10,78,32.27030480525973
10,79,28.54488743698168
10,80,26.290133181939673
10,81,23.499046191089654
10,82,20.77722981134317
10,83,18.05831814805357
10,84,15.714422549832367
10,85,13.656855818656437
10,86,11.160408481339116
10,87,11.610098448657078
10,88,10.877514928565349
10,89,9.094145918444708
10,90,12.091305634381913
10,91,12.949254063704835
10,92,16.141033038157772
10,93,18.057033097688706
10,94,21.586792695907146
10,95,23.866916956602754
10,96,26.541178246891825
10,97,29.52407671878217
10,98,32.48499638850255
10,99,33.44835213492504
10,100,32.66727342412299
10,101,35.80158096610894
10,102,34.59161650218981
10,103,31.805097394816045
10,104,29.562407482052667
10,105,26.60711060558461
10,106,24.34796450952866
10,107,21.42053710232955
10,108,18.713198089530422
10,109,16.801866125406093
10,110,13.452878563418826
10,111,14.225741836611368
10,112,12.383038926969444
10,113,15.117468802331246
10,114,17.3057598992097
10,115,14.763889794465426
10,116,15.34247036761344
10,117,14.008335687932078
10,118,16.670592684147962
10,119,16.573067834649976
10,120,20.1474286077095
10,121,21.44001991225154
10,122,24.870220972322436
10,123,26.728830708613398
10,124,29.97121198302977
11,1,18.27435611582431
11,2,16.25493241227997
11,3,15.416790881795826
11,4,17.305321382265454
11,5,15.512242031313699
11,6,12.875685405376178
11,7,9.101926968283074
11,8,9.081709741714208
11,9,5.7009537013144485
11,10,3.814801430969934
11,12,3.785267933105752
11,13,5.089837831228244
11,14,8.859260353170436
11,15,10.313272073906353
11,16,10.116709895930342
11,17,10.745080988143139
11,18,11.935975760099605
11,19,14.895198074895005
11,20,13.783025141240751
11,21,10.96878479981377
11,22,11.65726480815336
11,23,9.487151600142667
11,24,11.714113342915176
11,25,11.487717470311825
11,26,12.685831112702573
11,27,15.706719052550694
11,28,18.47118348541768
11,29,20.79425249574674
11,30,21.425709964238877
11,31,19.684677449894565
11,32,19.676061944701438
11,33,17.59689039221716
11,34,20.441681307275534
11,35,20.523274919962176
11,36,23.98330122479857
11,37,25.170081675969918
11,38,28.716055336923766
11,39,30.075671899068695
11,40,33.40504193286329
11,41,31.77932150734393
11,42,28.14327474715172
11,43,26.166845215622864
11,44,22.71186462929781
11,45,19.51099343464181
11,46,18.654495025730174
11,47,16.02887006962569
11,48,12.988673787247713
11,49,9.635558386384698
11,50,10.518448517372487
11,51,9.235326560796851
11,52,12.983444863183015
11,53,15.94017508821976
11,54,17.120414874591702
11,55,20.680111651885603
11,56,22.660632692341444
11,57,21.858332811106465
11,58,20.418319030203076
11,59,21.31882537029355
11,60,24.586405989363143
11,61,25.233905067941087
11,62,24.679493082437208
11,63,26.35971682108245
11,64,29.02138371940454
11,65,29.743032134328626
11,66,31.06989462691499
11,67,29.03086343192624
11,68,29.99305713865368
11,69,29.29579891921699
11,70,27.61379667488987
11,71,30.27586955154024
11,72,33.033262803555104
11,73,31.268471215182934
11,74,30.647442534000888
11,75,33.61826116959288
11,76,32.86135485700414
11,77,33.30500320758741
11,78,31.334004114557512
11,79,27.700049674605236
11,80,25.059152959836624
11,81,22.353546901259563
11,82,19.24792205350432
11,83,16.520597996846345
11,84,13.68390245673236
11,85,11.615888830851056
11,86,8.624838435592771
11,87,9.736502221163704
11,88,10.230669409247959
11,89,8.299639411840747
11,90,11.45279098906814
11,91,11.924940997041942
11,92,15.491917055161647
11,93,17.21086186434412
11,94,20.81821642556731
11,95,22.86190758042698
11,96,25.832330523548915
11,97,28.595522010886334
11,98,31.777768474819247
11,99,33.15166604981966
11,100,32.70617010621592
11,101,36.02132770425998
11,102,35.20432164998288
11,103,32.659301328460835
11,104,30.52404755548394
11,105,27.880930146322964
11,106,25.65569858054073
11,107,23.03081808358585
11,108,20.194761390939295
11,109,18.732907021879548
11,110,15.444075427410395
11,111,16.543977105827125
11,112,14.89773301752406
11,113,17.76085509551322
11,114,20.320879905418877
11,115,17.965236694236165
11,116,18.24390539071274
11,117,16.80785323552091
11,118,19.100659896735795
11,119,18.454669649815056
11,120,21.907784298239676
11,121,22.649535079695866
11,122,26.02359432777344
11,123,27.407193423795086
11,124,30.685357707042797
12,1,16.78513456389265
12,2,15.050489404871405
12,3,15.098670351383365
12,4,17.143749722244227
12,5,16.040740305961435
12,6,13.851629565367446
12,7,10.398697367481358
12,8,11.342461703426626
12,9,8.684174964818673
12,10,6.367924622993095
12,11,3.785267933105752
12,13,3.8067831372683067
12,14,6.739250396925009
12,15,9.447050064267945
12,16,9.526636113646198
12,17,9.486019077633406
12,18,11.404177475973661
12,19,14.087405973693265
12,20,13.553163002624688
12,21,11.221370702476003
12,22,12.748250471031499
12,23,11.265670880319673
12,24,14.23587826501841
12,25,14.195905919240941
12,26,14.552113892602458
12,27,17.671172446558877
12,28,20.807566961764024
12,29,23.343798853332608
12,30,23.73956656049943
12,31,21.529109878794888
12,32,21.18536143690097
12,33,18.671872479679227
12,34,21.189775804380247
12,35,20.882124541322813
12,36,24.04596087329017
12,37,24.98791580902211
12,38,28.30746067077426
12,39,29.428892410900005
12,40,32.79641742496862
12,41,31.205679268993467
12,42,27.689457353302508
12,43,25.583441399397014
12,44,22.334137784139337
12,45,19.504131137328994
12,46,19.189092576441112
12,47,17.185273618763894
12,48,14.623768632042578
12,49,11.830796200908894
12,50,13.517910355022067
12,51,12.81319947244753
12,52,16.597477274490117
12,53,19.387854178795532
12,54,20.182998774820454
12,55,23.64795645739246
12,56,25.48822976168604
12,57,24.57198714847414
12,58,22.718280905523585
12,59,23.24449103311098
12,60,26.617036576138492
12,61,27.534141903575254
12,62,26.847005078770984
12,63,28.572545383334294
12,64,30.967449707893373
12,65,32.37053974321133
12,66,33.53937412667787
12,67,31.5362134570346
12,68,32.191836865326046
12,69,31.3133082907523
12,70,29.259248653608452
12,71,31.745181505316918
12,72,34.591585341191575
12,73,32.74008849854191
12,74,31.716325083116047
12,75,34.68033519652417
12,76,33.575181788597824
12,77,34.1523472211041
12,78,32.22876635046613
12,79,28.601960021778837
12,80,25.903917507862104
12,81,23.623413349759595
12,82,20.50087684444326
12,83,18.248909838439207
12,84,15.444625718206124
12,85,13.965164498151571
12,86,11.00913667032503
12,87,12.738684726262692
12,88,13.772039500588418
12,89,11.593887280046578
12,90,14.35200292810103
12,91,14.007163871841387
12,92,17.405418965776715
12,93,18.416533770125543
12,94,21.789548054864007
12,95,23.270913246176374
12,96,26.093580614759134
12,97,28.488095236735102
12,98,31.57954947541851
12,99,33.05546353435708
12,100,32.99504629965925
12,101,36.47766750570466
12,102,35.808591144649284
12,103,33.22206429829415
12,104,31.46483912942822
12,105,29.04711255502596
12,106,27.227752315016208
12,107,24.912236774820045
12,108,22.423927257792897
12,109,21.358342690492886
12,110,18.351999444962477
12,111,19.809405610605285
12,112,18.356091620923028
12,113,21.256102902014632
12,114,23.58806169692353
12,115,20.97504308124912
12,116,21.117362922286823
12,117,19.232754449652216
12,118,21.200613007376052
12,119,20.109362892617813
12,120,23.26651318168292
12,121,23.601713135929042
12,122,26.682643141591022
12,123,27.767486861721004
12,124,30.792746671889997
13,1,14.133129187784068
13,2,12.851079399656204
13,3,12.889568757102927
13,4,15.564719445877428
13,5,14.861441323483318
13,6,13.335032652203937
13,7,10.103521419266656
13,8,11.821321970247666
13,9,9.319413574586017
13,10,8.436455826011565
13,11,5.089837831228244
13,12,3.8067831372683067
13,14,3.790442242672456
13,15,5.71276729212575
13,16,6.334159907644683
13,17,7.511895640425336
13,18,10.129635608476681
13,19,13.42289542301275
13,20,13.673740974005563
13,21,12.063159895491129
13,22,14.127630998991062
13,23,13.123156752077993
13,24,15.719957543743064
13,25,16.202094207382082
13,26,17.167920016652506
13,27,19.958557172084305
13,28,22.958251074729365
13,29,25.0644243996467
13,30,24.7239697168767
13,31,22.590722015603813
13,32,21.789449383491466
13,33,19.026701534602402
13,34,21.14546293794586
13,35,20.301284744002817
13,36,23.333166282671332
13,37,23.783965087785948
13,38,27.06463702072155
13,39,27.830875480234955
13,40,30.979121048381398
13,41,29.0346658075724
13,42,25.41724306969124
13,43,22.995742885299215
13,44,19.870293355979307
13,45,16.898161256605007
13,46,17.015083649004275
13,47,15.125543145447729
13,48,13.067449006439228
13,49,10.414351003227363
13,50,12.771003712596219
13,51,12.604713327757825
13,52,16.391395760914833
13,53,18.66500387645309
13,54,19.08149431130934
13,55,22.617656327082766
13,56,24.103966852406757
13,57,22.689201370692874
13,58,20.74452233022715
13,59,21.02222077569131
13,60,24.212408188419726
13,61,25.56131635924905
13,62,25.25972634622321
13,63,27.413256362208408
13,64,29.927952061410583
13,65,31.668338454578873
13,66,32.44466491899042
13,67,30.122150225048564
13,68,30.46264522220058
13,69,29.199947098999193
13,70,27.06952205207423
13,71,29.260723129287147
13,72,32.330192364129836
13,73,30.776862889680647
13,74,29.594741717996975
13,75,32.31343620435018
13,76,31.01420557197628
13,77,31.31075366087958
13,78,29.160871011835308
13,79,25.642226122045457
13,80,22.724220119802418
13,81,20.51901839532366
13,82,17.23731106773435
13,83,15.132774206664246
13,84,12.26215390835702
13,85,11.268032525536183
13,86,8.71824091959781
13,87,11.367082139064896
13,88,12.83817390631881
13,89,10.262042485686692
13,90,12.43384537902562
13,91,11.514367244432432
13,92,14.894603368341784
13,93,15.678055109727456
13,94,19.01539231430264
13,95,20.381181202223694
13,96,23.432573466480076
13,97,25.73627561049299
13,98,29.012321509600163
13,99,30.789538185709496
13,100,30.87664681145949
13,101,34.419493487069815
13,102,34.07747692098902
13,103,31.785229235031505
13,104,30.021980707452222
13,105,27.89200424731722
13,106,26.036319017972705
13,107,24.01974537865475
13,108,21.445810024532193
13,109,20.84767002675933
13,110,18.058590891806148
13,111,19.91805098157305
13,112,18.947616823955315
13,113,22.144896091736847
13,114,24.624364261432515
13,115,22.057603720602984
13,116,21.68785462412562
13,117,19.697126586548627
13,118,21.23514724012
13,119,19.70326447513029
13,120,22.707010360673774
13,121,22.592595354090722
13,122,25.645396772860153
13,123,26.33790334040309
13,124,29.461175320549135
14,1,11.503015442434778
14,2,11.066189859240422
14,3,12.075225321539765
14,4,15.178955258181995
14,5,15.411327496681551
14,6,14.753745905864841
14,7,12.172410801996476
14,8,14.646543278421877
14,9,12.684629845307072
14,10,12.032391983754197
14,11,8.859260353170436
14,12,6.739250396925009
14,13,3.790442242672456
14,15,3.8112274050987587
14,16,5.367493242684826
14,17,6.609913672300529
14,18,10.155532395682439
14,19,13.271423830954529
14,20,14.527643308926306
14,21,13.828219174171194
14,22,16.551172235422268
14,23,16.18420254582201
14,24,18.960591561253114
14,25,19.76049922619374
14,26,20.522146644261706
14,27,23.182711398302153
14,28,26.32280282021966
14,29,28.335427727813276
14,30,27.45853255248771
14,31,25.078206238548866
14,32,23.817248436322718
14,33,20.692148923291967
14,34,22.25981203703894
14,35,20.804623017456656
14,36,23.39884741692273
14,37,23.291195137068346
14,38,26.26228777184159
14,39,26.54572389188953
14,40,29.52094004475716
14,41,27.38558611348969
14,42,23.873588311841733
14,43,21.145040454217295
14,44,18.406971872887073
14,45,15.827416959347596
14,46,16.773197621790015
14,47,15.637739275067327
14,48,14.43024258181585
14,49,12.51853386381318
14,50,15.486506458004254
14,51,15.874656295216164
14,52,19.581561732474324
14,53,21.469057477974417
14,54,21.4193979749663
14,55,24.823595966182918
14,56,25.98549321941617
14,57,24.256900549624117
14,58,21.985744571836932
14,59,21.7999629241863
14,60,24.873318632093355
14,61,26.660664872177726
14,62,26.473832878399737
14,63,28.859493373544545
14,64,31.184100927673196
14,65,33.63058646048345
14,66,34.0511412402082
