1,2,3.8195510414615597
1,3,6.8021759630388505
1,4,9.545403375404454
1,5,12.328333513663848
1,6,14.560449788455735
1,7,14.873748952276497
1,8,18.627079880793325
1,9,18.950049927087193
1,10,20.334752096587273
1,11,18.636884638917422
1,12,16.54808559087377
1,13,13.816931722484869
1,14,11.632977730187053
1,15,10.104522863075077
1,16,8.544017195886799
1,17,7.8423010867057
1,18,9.30985536143961
1,19,10.508167172178098
1,20,14.053079453764623
1,21,16.22354012434306
1,22,19.87837255387159
1,23,21.722796381458917
1,24,23.868295389025597
1,25,26.641634990251585
1,26,27.853443603838983
1,27,29.242260847917294
1,28,32.72708553845648
1,29,33.976918760489035
1,30,34.252645682258375
1,31,32.33546238464317
1,32,28.884704561946457
1,33,26.556192133494154
1,34,23.793947093914337
1,35,20.118858643367933
1,36,19.508715733915807
1,37,16.44473247810242
1,38,17.296824074440252
1,39,15.503062695953709
1,40,17.54751607567151
1,41,16.473203645034026
1,42,18.482574825443447
1,43,16.714525777151625
1,44,13.324782682468284
1,45,10.265136389373765
1,46,8.505981112340528
1,47,8.07690632810192
1,48,10.907857436714808
1,49,12.546020104699851
1,50,14.246572696344398
1,51,15.320281575113025
1,52,19.112082984179057
1,53,21.578684203546683
1,54,24.51411851248126
1,55,24.907023898031454
1,56,22.994780119075966
1,57,25.311545281812315
1,58,25.429376706977767
1,59,23.572979819640125
1,60,20.25316476569218
1,61,18.77132227074281
1,62,21.49384553633832
1,63,23.873172629384385
1,64,23.448209925516032
1,65,26.029161839681716
1,66,27.729027571177205
1,67,31.657650445734813
1,68,30.17210324517545
1,69,31.890878667824307
1,70,31.295598561185443
1,71,29.055914238285236
1,72,27.621534498089883
1,73,25.50986998200967
1,74,22.21494927326272
1,75,23.212390673593255
1,76,26.36665758512194
1,77,24.85101716620241
1,78,22.308317402942716
1,79,24.645337060256665
1,80,22.204471337616013
1,81,22.724425541648234
1,82,19.64401301791616
1,83,17.433265878614318
1,84,15.428826287169143
1,85,15.797181284493906
1,86,14.092283793988454
1,87,15.284182926398216
1,88,15.095397884307573
1,89,17.72455262452456
1,90,18.29501279655239
1,91,22.036270233169027
1,92,22.912539204995838
1,93,19.31982531599924
1,94,18.492458021328073
1,95,14.937604251227908
1,96,15.249058898784627
1,97,12.57692368807
1,98,13.099744043762577
1,99,11.451125364555818
1,100,13.286156565412178
1,101,13.99020906874136
1,102,16.964764920103217
1,103,19.566589717089148
1,104,21.084001654812273
1,105,24.90398288342813
1,106,25.514866265715185
1,107,23.740434469236003
1,108,23.307771730539102
1,109,22.79643662337173
1,110,22.61673216845408
1,111,22.64361887803221
1,112,21.619245358705424
1,113,23.43889406577119
1,114,22.689948700146953
1,115,26.110613372195047
1,116,27.11721361046315
1,117,30.888028047876613
1,118,32.49748600489629
1,119,29.53756196316589
1,120,27.184036952885865
1,121,24.103347409725007
1,122,23.200167476823154
1,123,19.876823452697867
1,124,20.723121266209283
1,125,18.43199383109197
1,126,19.781643266258857
1,127,18.596111838117356
1,128,20.85615341834516
2,1,3.8195510414615597
2,3,3.7899331781098438
2,4,6.261478129422557
2,5,8.823590879153773
2,6,10.948199634028164
2,7,11.570079118122832
2,8,15.373682235535433
2,9,16.160430777542498
2,10,17.685124755657544
2,11,16.56579756071994
2,12,14.748029696174793
2,13,12.43392592149277
2,14,11.19743970026477
2,15,10.171289248744834
2,16,7.348789013240361
2,17,5.452861185500841
2,18,5.755783842968136
2,19,6.7538267088086315
2,20,10.26141123421936
2,21,12.592051436381155
2,22,16.252855464564245
2,23,18.353022259832038
2,24,20.50645938091525
2,25,23.400227771378255
2,26,24.383897344751237
2,27,25.642923372702093
2,28,29.14495726750615
2,29,30.52895496363074
2,30,30.81163347179142
2,31,28.74534366423872
2,32,25.258824484503034
2,33,22.817584782918793
2,34,20.067574035864673
2,35,16.361598765294794
2,36,15.88073024126956
2,37,13.00811893260382
2,38,14.27836882793905
2,39,13.113693670916735
2,40,15.684931126546
2,41,15.417146411231064
2,42,18.055143690366958
2,43,16.758378654693768
2,44,13.199258163492805
2,45,10.877981513596152
2,46,8.034448105557855
2,47,7.063059891449416
2,48,8.689618765461757
2,49,10.04896329657029
2,50,11.360550940395145
2,51,12.678208736051177
2,52,16.422527805475326
2,53,19.075358218503958
2,54,21.94180722979309
2,55,22.43693180364096
2,56,20.496428060982616
2,57,22.732343308441585
2,58,23.092953636314913
2,59,21.6940778289353
2,60,18.266078599242693
2,61,17.02149036053219
2,62,20.158317737623605
2,63,22.03363103471198
2,64,21.134663700020283
2,65,23.375430069323095
2,66,24.99788159895365
2,67,28.329498459272493
2,68,27.072851200871565
2,69,29.04444810051749
2,70,28.718645398977625
2,71,26.748291060682035
2,72,25.614996648150534
2,73,23.935158632964804
2,74,20.68379667635646
2,75,22.227422700589745
2,76,25.096578147096658
2,77,23.157046371403418
2,78,20.909106842829495
2,79,23.698571949990217
2,80,21.7618083793472
2,81,22.796290875915478
2,82,20.070601314211228
2,83,17.391489144695086
2,84,15.740321204475439
2,85,15.553026649606801
2,86,13.94822676880992
2,87,14.721128237594753
2,88,14.570363941916586
2,89,16.90734901542618
2,90,17.32700206404989
2,91,20.885898190438837
2,92,21.215372872869583
2,93,17.455432221599366
2,94,16.697360773268798
2,95,13.235763816610094
2,96,13.630678863065015
2,97,11.187489330199346
2,98,12.181568225365986
2,99,11.313597348730935
2,100,13.047620665678712
2,101,14.512685517919122
2,102,17.3320650121015
2,103,19.34810982201987
2,104,20.256719571667094
2,105,23.961184287532507
2,106,24.01614511603673
2,107,21.806268761840816
2,108,21.130310241336833
2,109,20.15481606103679
2,110,19.89063777274308
2,111,19.627200066905665
2,112,18.68504709840265
2,113,20.355857794872367
2,114,19.62457813278012
2,115,23.088326512176554
2,116,24.161620547039195
2,117,27.933067097079654
2,118,29.310378635479783
2,119,26.195355695097593
2,120,23.829739429512152
2,121,20.60443503542533
2,122,19.7218256042108
2,123,16.437090896799916
2,124,17.409168449970533
2,125,15.406568083251152
2,126,17.021265925586572
2,127,16.41947060743194
2,128,19.00650889765261
3,1,6.8021759630388505
3,2,3.7899331781098438
3,4,3.793385694108228
3,5,5.667272014405781
3,6,8.196632576304957
3,7,9.359391966863013
3,8,13.003406417481209
3,9,14.235267236958295
3,10,16.45325383485257
3,11,15.753275035809269
3,12,14.78612582772199
3,13,12.389865938371978
3,14,12.150589343903277
3,15,10.637229815104485
3,16,7.213655859943303
3,17,6.063197063656115
3,18,4.639687160821101
3,19,6.283460085260902
3,20,8.949184438007276
3,21,11.114261695688935
3,22,14.417399313402488
3,23,16.560350183691313
3,24,18.148031226213988
3,25,21.348601802232395
3,26,22.45287876472478
3,27,23.321891321814906
3,28,26.636421167732923
3,29,27.751774410082106
3,30,27.7438286088806
3,31,25.79652228016487
3,32,22.301581201049164
3,33,20.145370650453174
3,34,17.31625298932592
3,35,13.78394431276315
3,36,13.34853511008522
3,37,10.65392340922268
3,38,12.447766856773308
3,39,11.710000042265989
3,40,14.853736360105964
3,41,15.202433651313758
3,42,17.959698858824805
3,43,16.53061677085372
3,44,12.790412580014069
3,45,10.865619254120556
3,46,7.274572713634475
3,47,4.980511158407425
3,48,5.296987752542243
3,49,6.280206577115597
3,50,7.895412765565146
3,51,9.868423021132186
3,52,13.478343510254808
3,53,16.530358602623043
3,54,19.02721679366475
3,55,19.15603832204011
3,56,16.954153784783205
3,57,19.02455416285093
3,58,19.32949536863126
3,59,18.03612177709362
3,60,14.561401581843567
3,61,13.40483591942836
3,62,16.70024712277083
3,63,18.366186927481447
3,64,17.413958130941857
3,65,19.68725736272081
3,66,21.483347132964024
3,67,24.86954934484345
3,68,23.48376435375617
3,69,25.334820612588658
3,70,25.02318874785634
3,71,23.01050679054575
3,72,22.005924887423877
3,73,20.46043917622976
3,74,17.350413357409582
3,75,19.235652754787708
3,76,22.011676683727913
3,77,20.01996169000839
3,78,18.140559197403693
3,79,21.110585794340434
3,80,19.552569446128626
3,81,20.72764374671161
3,82,18.220534099272903
3,83,15.115193559856653
3,84,13.619283205865479
3,85,12.888953488224818
3,86,11.50891534642361
3,87,12.175532125775657
3,88,12.54662826148293
3,89,14.984794690555207
3,90,15.896046622055863
3,91,19.235649905923562
3,92,19.036047063527004
3,93,15.248387159604174
3,94,13.958415468901475
3,95,10.427002440290977
3,96,10.335074847900145
3,97,7.915791382792106
3,98,9.224713037714206
3,99,9.292528651700886
3,100,11.30373488373276
3,101,13.659112964754359
3,102,16.60196426441068
3,103,18.313636933195234
3,104,18.58583124948695
3,105,22.13077207912466
3,106,21.904845006625536
3,107,19.643412412619895
3,108,18.438857762981304
3,109,17.169315638161642
3,110,16.49267846155518
3,111,16.062724804858625
3,112,14.96648684602405
3,113,16.754592037726564
3,114,16.25494303921431
3,115,19.834670172000138
3,116,21.25081038429065
3,117,25.067130994406703
3,118,26.309596480361968
3,119,23.28723913806981
3,120,20.672851258867016
3,121,17.53757223627693
3,122,16.431451518366547
3,123,13.104028243215078
3,124,14.191591979721192
3,125,12.36276013061979
3,126,14.482905665924845
3,127,14.280833979813586
3,128,17.35830137358064
4,1,9.545403375404454
4,2,6.261478129422557
4,3,3.793385694108228
4,5,3.7740332107178873
4,6,7.245191412392921
4,7,9.807751852680182
4,8,13.153721865428691
4,9,15.291800387103413
4,10,17.64251648417586
4,11,17.71215243846498
4,12,16.9754374043223
4,13,15.160066822977816
4,14,15.370381451205871
4,15,14.246062433187683
4,16,10.631693647238151
4,17,8.755326006528737
4,18,5.852780003665242
4,19,5.28742530803948
4,20,7.522130909018728
4,21,10.500137007069807
4,22,13.561366869170591
4,23,16.372430855503335
4,24,17.788640404599708
4,25,21.23804930881518
4,26,21.783586163478134
4,27,22.17600028721857
4,28,25.41962802729482
4,29,26.74947441254669
4,30,26.47874445889725
4,31,24.168237305151557
4,32,20.495033161433884
4,33,18.079943063101357
4,34,14.878246442861306
4,35,11.34121289368035
4,36,10.15322280568086
4,37,7.0607586118993
4,38,8.658563062237127
4,39,8.243096739425802
4,40,11.654427035557356
4,41,12.68268879003796
4,42,15.82657580795635
4,43,15.004141243510334
4,44,11.52219073678883
4,45,10.745215621301085
4,46,7.10101904727991
4,47,6.001666125139493
4,48,4.683112743402376
4,49,6.5183999611086705
4,50,8.292570028207782
4,51,11.135765147358287
4,52,14.256936439549802
4,53,17.632779712764158
4,54,19.707597809342438
4,55,19.604343357528517
4,56,17.050317718783695
4,57,18.505899235808208
4,58,18.764805131566984
4,59,18.091656020941976
4,60,14.417316393702874
4,61,13.174199717637336
4,62,16.563183033244492
4,63,17.658136914050832
4,64,16.01227578332445
4,65,17.77126997720634
4,66,19.03646285277812
4,67,22.66830406722136
4,68,21.29213197656852
4,69,23.467568993566548
4,70,23.111862365495735
4,71,21.554518899901222
4,72,20.509326462939185
4,73,19.39474506072143
4,74,16.14320150854357
4,75,18.24939138362857
4,76,20.5416532521147
4,77,18.050423184609254
4,78,16.175228225714385
4,79,19.47317342564651
4,80,18.354700740986445
4,81,20.181540043337172
4,82,18.266201936236065
4,83,15.21327682963006
4,84,14.63950320193869
4,85,14.136139218789744
4,86,13.622071401989134
4,87,14.52367464191021
4,88,15.399752246966427
4,89,17.724301335601677
4,90,18.704602660968597
4,91,21.752524774343183
4,92,20.991019374771497
4,93,17.226296462417476
4,94,15.761413576029382
4,95,12.490762699112793
4,96,11.786703131384906
4,97,9.314270058775335
4,98,9.899118773001236
4,99,10.007200363135942
4,100,10.896429310248587
4,101,13.35267501825069
4,102,15.654257248251097
4,103,16.62249609830998
4,104,16.448123581731526
4,105,19.800913624523115
4,106,19.128316284574712
4,107,16.51572144573042
4,108,15.44885997890376
4,109,14.069149541522666
4,110,13.880498070652758
4,111,13.757103267011852
4,112,13.465673460275871
4,113,15.602636290793244
4,114,15.75990213861079
4,115,19.47660693194658
4,116,21.30366672818303
4,117,25.062280653480837
4,118,25.75578887794157
4,119,22.518568902406503
4,120,19.645428808032236
4,121,16.216120560340833
4,122,14.541473543969309
4,123,10.93225106871669
4,124,11.303449867393168
4,125,9.165689777634366
4,126,10.98701302174318
4,127,11.05181212385622
4,128,14.15931803850951
5,1,12.328333513663848
5,2,8.823590879153773
5,3,5.667272014405781
5,4,3.7740332107178873
5,6,3.7821534611694037
5,7,6.929388979678086
5,8,9.803933993580785
5,9,12.376450181347316
5,10,15.053883192071243
5,11,15.671526223160573
5,12,15.637037801352616
5,13,14.19556212964702
5,14,15.333278778391026
5,15,14.433903857906541
5,16,10.684027634802419
5,17,9.1240154009151
5,18,5.5966586723345175
5,19,5.759534503702715
5,20,5.903586776678699
5,21,8.010130546921665
5,22,10.49792261772255
5,23,13.211372718327755
5,24,14.235246483416963
5,25,17.80795654265789
5,26,18.425916668885733
5,27,18.65239233445007
5,28,21.809609722334397
5,29,23.016932261950046
5,30,22.75514225985235
5,31,20.541719040181864
5,32,16.92628400527159
5,33,14.707746594735752
5,34,11.711156987798509
5,35,8.286029426896418
5,36,7.991929301230938
5,37,6.122300366320987
5,38,9.136752431586341
5,39,10.099358585352897
5,40,13.84955283840804
5,41,15.577401740774071
5,42,18.811703836029743
5,43,18.09020820941283
5,44,14.690464762873336
5,45,14.086701665430514
5,46,10.355851178612852
5,47,8.352246202447636
5,48,5.545487552616999
5,49,5.0663492246154425
5,50,5.389686890173786
5,51,8.388927645475187
5,52,11.02688408693186
5,53,14.483449028342404
5,54,16.324889144338833
5,55,16.299497415708988
5,56,13.882462914877475
5,57,15.403525606967817
5,58,16.057947869862815
5,59,15.832089436828326
5,60,12.385566251162764
5,61,11.809610375637595
5,62,15.49793157586984
5,63,15.977850530767823
5,64,14.061360431678692
5,65,15.51034784341204
5,66,17.095814556106834
5,67,19.530954165044815
5,68,18.45469598918621
5,69,20.726508202927263
5,70,20.849272125631725
5,71,19.412802734311263
5,72,18.981419737525975
5,73,18.359059671260706
5,74,15.58227718149536
5,75,18.324768968670366
5,76,20.35424169728819
5,77,17.722912830974334
5,78,16.62098203054727
5,79,20.144486574556833
5,80,19.610409595382286
5,81,21.500451435574792
5,82,19.802386437992574
5,83,16.381070335912174
5,84,15.74744492222839
5,85,14.373728324480885
5,86,13.66152387232275
5,87,13.746081526593562
5,88,14.448974754461974
5,89,16.205347822191595
5,90,17.062218393137474
5,91,19.68378962143785
5,92,18.403728824863755
5,93,14.75110703976358
5,94,13.366300764522977
5,95,10.648217770190472
5,96,10.215982670098015
5,97,8.868742938183386
5,98,10.408332565032618
5,99,11.785558608773202
5,100,13.072385696432
5,101,16.091869228786607
5,102,18.42941687959043
5,103,19.09713056191182
5,104,18.279669350041033
5,105,21.285808219666638
5,106,20.116009951792734
5,107,17.288157666616033
5,108,15.515585223128555
5,109,13.312044709818377
5,110,12.32525044050416
5,111,11.269590164198362
5,112,10.495479069990445
5,113,12.142218773815339
5,114,12.10854521903503
5,115,15.79191774486682
5,116,17.646146025766743
5,117,21.373747033038025
5,118,21.98749935393857
5,119,18.750796494115463
5,120,15.885722099905937
5,121,12.481795378401667
5,122,11.02311233346306
5,123,7.619982870232121
5,124,8.921622500535292
5,125,7.990507203986169
5,126,10.867695523889628
5,127,12.08980764865372
5,128,15.60109623115389
6,1,14.560449788455735
6,2,10.948199634028164
6,3,8.196632576304957
6,4,7.245191412392921
6,5,3.7821534611694037
6,7,3.806372801114352
6,8,6.192632495074976
6,9,9.123463203821386
6,10,11.742395390578
6,11,12.960670756863086
6,12,13.414215206999298
6,13,12.67534982844927
6,14,14.644206206025748
6,15,14.389935211341545
6,16,10.766140257916627
6,17,9.244718300137302
6,18,5.887413146438583
6,19,6.601777805827072
6,20,4.688082306820457
6,21,4.944452590884453
6,22,6.929074599137722
6,23,9.446142365270703
6,24,10.545951272543668
6,25,14.054122057513982
6,26,14.733961183898982
6,27,15.207473741134303
6,28,18.4918746509739
6,29,19.796794191078007
6,30,19.93833248115757
6,31,17.798835224940063
6,32,14.353628100652145
6,33,12.16339341519381
6,34,9.841059257162765
6,35,6.554161222245477
6,36,8.046036643561436
6,37,7.880562422999073
6,38,11.50504657326074
6,39,13.27228002147518
6,40,17.01749571777606
6,41,19.035558615285794
6,42,22.40286041794882
6,43,21.839209183776937
6,44,18.4613866993429
6,45,17.755477989474347
6,46,13.993530986164824
6,47,11.672786135969739
6,48,8.913649099017078
6,49,7.007595141016837
6,50,4.895844087755411
6,51,6.547889420150678
6,52,8.590216970037394
6,53,11.676745586980024
6,54,13.654222368589103
6,55,14.276483477257672
6,56,12.539037028161435
6,57,14.459108377721961
6,58,15.78385178371018
6,59,15.992845662107225
6,60,13.08317499017094
6,61,13.305180123341794
6,62,17.077049180328117
6,63,17.06530010705646
6,64,15.054133576620673
6,65,16.060888837783764
6,66,17.899727958996312
6,67,18.3633139546099
6,68,17.952529631274093
6,69,20.387801754892408
6,70,21.194433284980605
6,71,19.95522439549205
6,72,20.23552069016693
6,73,20.065343851806308
6,74,17.798760232728203
6,75,20.903819755739924
6,76,22.74730286365099
6,77,20.086247726249383
6,78,19.528807796508637
6,79,23.115367600473267
6,80,22.88148726217041
6,81,24.71580615900938
6,82,23.03355024723285
6,83,19.454115421649867
6,84,18.55524027970853
6,85,16.594138824942938
6,86,15.377053142319221
6,87,14.526458067919272
6,88,14.52380310294208
6,89,15.392910208422924
6,90,15.626290089214267
6,91,17.804206410998862
6,92,16.190770150891197
6,93,12.688856472382811
6,94,12.034747112426802
6,95,10.209574980345645
6,96,10.801063103544802
6,97,10.745776560146526
6,98,13.116359835381449
6,99,15.028127135047246
6,100,16.656938840588197
6,101,19.785386451740347
6,102,22.19168435682652
6,103,22.79984022897952
6,104,21.784073759830424
6,105,24.60085055546595
6,106,23.129228095172383
6,107,20.13154503021742
6,108,18.06601352075506
6,109,15.306518888301738
6,110,13.794776034580789
6,111,11.732059784904731
6,112,10.324228374904058
6,113,10.735658518728972
6,114,9.8071006642572
6,115,13.180353760010185
6,116,14.560304924974707
6,117,18.22268297491444
6,118,18.92527196344741
6,119,15.578862713214885
6,120,13.113675799211785
6,121,9.70948693003821
6,122,9.27708155354857
6,123,6.851228007705135
6,124,9.478746738305906
6,125,10.019653294017935
6,126,13.263445785611475
6,127,15.185181779103951
6,128,18.71007657895682
7,1,14.873748952276497
7,2,11.570079118122832
7,3,9.359391966863013
7,4,9.807751852680182
7,5,6.929388979678086
7,6,3.806372801114352
7,8,3.8100811052556613
7,9,5.636949450380176
7,10,8.136548395744763
7,11,9.16058537204478
7,12,9.89658173223873
7,13,9.43431537119345
7,14,12.000663130298062
7,15,12.223364551840813
7,16,9.0334048836591
7,17,8.065641437055366
7,18,6.009350045937648
7,19,8.104094548595565
7,20,6.339476621371783
7,21,4.4695411248887265
7,22,6.286247010900598
7,23,7.396342575284722
7,24,9.00028878809494
7,25,12.003906952420861
7,26,13.382151005923989
7,27,14.674731270152902
7,28,18.065304163794153
7,29,19.243119013054837
7,30,19.969267588642282
7,31,18.277593414907084
7,32,15.27911971194077
7,33,13.451762067570897
7,34,12.066108687839954
7,35,9.266119546690296
7,36,11.54660294720069
7,37,11.633071700392081
7,38,15.207776609176848
7,39,16.78114940493014
7,40,20.482487087042887
7,41,22.21624786922811
7,42,25.52712877689231
7,43,24.730171502781932
7,44,21.17489257965771
7,45,19.919688369709558
7,46,16.156524394309162
7,47,13.407794927397948
7,48,11.253496055230574
7,49,8.708973962045665
7,50,5.585114670513394
7,51,4.652941318797045
7,52,6.810082039319744
7,53,9.059399854214352
7,54,11.805264843211807
7,55,13.281798871588274
7,56,12.474839030344684
7,57,15.182555159327379
7,58,16.873837448849248
7,59,16.789838688861785
7,60,14.37485669441369
7,61,14.99356905671578
7,62,18.68325005728907
7,63,18.869890693402198
7,64,17.36051813191019
7,65,18.566957492216194
7,66,20.82060778072013
7,67,20.28516935516746
7,68,20.196895992569782
7,69,22.3956046752555
7,70,23.517509776646644
7,71,22.044165641480763
7,72,22.627186275866425
7,73,22.32700821110749
7,74,20.32729070300706
7,75,23.40052659359626
7,76,25.488499488023734
7,77,23.1202653900175
7,78,22.66608429922144
7,79,26.106494788415812
7,80,25.684534154974685
7,81,27.143735829892385
7,82,25.121103521383866
7,83,21.46660606927838
7,84,19.965483635509035
7,85,17.627683786004
7,86,15.647729750595145
7,87,14.007033689515573
7,88,13.046385897978132
7,89,13.143304235011891
7,90,12.640866075689864
7,91,14.69728423544101
7,92,13.31534138806804
7,93,9.823941139944402
7,94,10.167078671526793
7,95,8.968252202613087
7,96,10.877208093129834
7,97,11.662472845795238
7,98,14.739207487896948
7,99,16.802177353446073
7,100,19.030511250778424
7,101,22.12690527732691
7,102,24.8775093942773
7,103,25.86994445074182
7,104,25.07813880573027
7,105,28.019633986976054
7,106,26.72226210086221
7,107,23.83328301033281
7,108,21.67987774892667
7,109,18.909863407497497
7,110,17.064835046861994
7,111,14.639283583468947
7,112,12.489401280621625
7,113,12.002935127414316
7,114,9.856619021334891
7,115,12.648604339805026
7,116,13.084558960083516
7,117,16.71960852419686
7,118,18.084331037127892
7,119,14.94897468320305
7,120,13.207307573965927
7,121,10.386932089100023
7,122,11.219792367324454
7,123,9.749128639300014
7,124,12.907235173905606
7,125,13.71605573703928
7,126,17.042489100304884
7,127,18.840111074358358
7,128,22.379933783083334
8,1,18.627079880793325
8,2,15.373682235535433
8,3,13.003406417481209
8,4,13.153721865428691
8,5,9.803933993580785
8,6,6.192632495074976
8,7,3.8100811052556613
8,9,3.8006950781521134
8,10,6.68043461869392
8,11,8.945985743314528
8,12,10.882605588816388
8,13,11.212648424261738
8,14,14.438369106234893
8,15,14.870215155291158
8,16,12.160893945757856
8,17,11.643063229811467
8,18,9.804525714976556
8,19,11.516924340299976
8,20,8.916725605799185
8,21,5.924255416719124
8,22,5.143364545659891
8,23,4.730788299514204
8,24,5.341789010123534
8,25,8.44520420350753
8,26,10.191894212251958
8,27,11.434732587266362
8,28,14.654347258046776
8,29,15.628656673250864
8,30,16.588951999283946
8,31,15.19703254938924
8,32,12.618471518394902
8,33,11.372381238534935
8,34,10.985964776850095
8,35,9.26584909598221
8,36,12.40369110269851
8,37,13.542472590635148
8,38,17.31375587861485
8,39,19.40158981686332
8,40,23.147058807721596
8,41,25.227802371925158
8,42,28.575327781150243
8,43,27.867002913740322
8,44,24.386592538259166
8,45,23.325860464563746
8,46,19.540412417812288
8,47,16.673332376929956
8,48,14.112658896970716
8,49,11.088774412769702
8,50,7.422334281180023
8,51,5.667206843998234
8,52,5.352073816799954
8,53,6.72271956926083
8,54,9.035282735470703
8,55,11.054278818714518
8,56,11.03797742900294
8,57,13.747044967702264
8,58,15.954513575153086
8,59,16.447283611702236
8,60,14.727470003342274
8,61,15.984589753941366
8,62,19.504992198729298
8,63,19.082249145159196
8,64,17.491672837478557
8,65,18.208246342499386
8,66,20.600056362760267
8,67,18.404011521531384
8,68,18.856661206067898
8,69,21.017610204298432
8,70,22.702706085447964
8,71,21.477173928112993
8,72,22.695131650812446
8,73,22.888050660391396
8,74,21.437647840309197
8,75,24.803306605308684
8,76,26.571611939563905
8,77,24.20225331233778
8,78,24.31928954940138
8,79,27.783327968210386
8,80,27.78322380567336
8,81,29.285621389235224
8,82,27.496214439468815
8,83,23.743169577535078
8,84,22.340359147873137
8,85,19.60266328170338
8,86,17.691293958001523
8,87,15.533998847138765
8,88,14.459570870539796
8,89,13.729891532624054
8,90,12.961275870406537
8,91,14.051256275779933
8,92,11.898685561130046
8,93,9.107429253053084
8,94,9.968897478998276
8,95,10.168564433170188
8,96,12.218959983959403
8,97,13.900472165623679
8,98,17.114633991477437
8,99,19.65891789695341
8,100,21.88582438095597
8,101,25.201702493944666
8,102,27.8865426417094
8,103,28.648299293037038
8,104,27.477784908495448
8,105,30.134987413543655
8,106,28.527663140138
8,107,25.58332725044314
8,108,23.086146356750167
8,109,19.93660518170325
8,110,17.658481920241076
8,111,14.610025854306471
8,112,12.132526951686698
8,113,10.50210279165607
8,114,7.619941108562464
8,115,9.625780309970077
8,116,9.567657239684719
8,117,13.069504380360568
8,118,14.440592200053906
8,119,11.353940671227539
8,120,10.099191073857765
8,121,7.849079307168497
8,122,9.834057482551708
8,123,9.734943148348062
8,124,13.380062617526486
8,125,15.133013000075431
8,126,18.66017882394098
8,127,20.975284297088592
8,128,24.57929382903802
9,1,18.950049927087193
9,2,16.160430777542498
9,3,14.235267236958295
9,4,15.291800387103413
9,5,12.376450181347316
9,6,9.123463203821386
9,7,5.636949450380176
9,8,3.8006950781521134
9,10,3.7935439456050184
9,11,5.515875813461923
9,12,8.24566132239
9,13,8.806016903950152
9,14,12.441959886197811
9,15,13.185715806229119
9,16,11.31099649507152
9,17,11.570685437755673
9,18,10.959327838683942
9,19,13.422840100531673
9,20,11.441786727168795
9,21,8.299452897499005
9,22,7.96080364299965
9,23,6.00446228653885
9,24,6.922776767811212
9,25,8.592361333264321
9,26,11.286552963760746
9,27,13.330706126793746
9,28,16.355106739465864
9,29,17.00797308175237
9,30,18.432842327276603
9,31,17.62906404431656
9,32,15.576534061003871
9,33,14.719218732711978
9,34,14.712129456287416
9,35,13.031496896713495
9,36,16.088329372159745
9,37,16.887668940925565
9,38,20.588742581793767
9,39,22.332207625324404
9,40,26.065735779430643
9,41,27.81151150150198
9,42,31.059354274303722
9,43,30.07237127433526
9,44,26.43663875460035
9,45,24.895722013998107
9,46,21.17768072569694
9,47,18.050709090476442
9,48,16.053433391569705
9,49,12.870009198959872
9,50,9.237901530813
9,51,6.048035254340415
9,52,5.6747941402981015
9,53,5.090010755480772
9,54,8.48285843500689
9,55,11.305603248102258
9,56,12.195809077112804
9,57,15.490609111216749
9,58,17.729117407056904
9,59,17.699354077489666
9,60,16.368434307888506
9,61,17.728414262977054
9,62,21.064807419333224
9,63,21.023836659779764
9,64,20.000616074838998
9,65,21.08865092032984
9,66,23.78623715247437
9,67,21.48360847528327
9,68,21.94012652616296
9,69,23.751533117157074
9,70,25.458262155236113
9,71,23.905711833301247
9,72,25.155247534199255
9,73,25.046140552404243
9,74,23.713230593310413
9,75,26.907528565433775
9,76,28.975546247117574
9,77,26.924454068562202
9,78,26.97319383597725
9,79,30.260340236653793
9,80,29.98376647960074
9,81,31.10532649927153
9,82,28.98157153049036
9,83,25.23851696509074
9,84,23.322521799298276
9,85,20.4017069600869
9,86,17.899258112126034
9,87,15.20256257779841
9,88,13.2702077826911
9,89,11.732993095810134
9,90,10.112479577350676
9,91,10.934140225085287
9,92,9.223429112183352
9,93,6.685198982974529
9,94,8.894991023340248
9,95,9.799516187656746
9,96,12.788435721762953
9,97,14.896248149908097
9,98,18.45995018658103
9,99,20.978478728478883
9,100,23.65624701083235
9,101,26.884414196687818
9,102,29.867384423917176
9,103,31.01766496739578
9,104,30.117114216414414
9,105,32.94854141456759
9,106,31.60765886218747
9,107,28.815264331259655
9,108,26.312326871860297
9,109,23.310959183534912
9,110,20.895773235830085
9,111,17.87770130191074
9,112,15.008345495566267
9,113,13.202805695850262
9,114,9.799034309139538
9,115,11.028007042690007
9,116,9.87056320316291
9,117,13.09536652561135
9,118,15.340601120394606
9,119,12.864220520354735
9,120,12.394305097651625
9,121,10.999521637398171
9,122,13.322776478807086
9,123,13.302096735443078
9,124,16.962345251570376
9,125,18.475434733915712
9,126,22.032535064476228
9,127,24.06175214743778
9,128,27.69931120710287
10,1,20.334752096587273
10,2,17.685124755657544
10,3,16.45325383485257
10,4,17.64251648417586
10,5,15.053883192071243
10,6,11.742395390578
10,7,8.136548395744763
10,8,6.68043461869392
10,9,3.7935439456050184
10,11,3.7999005827420156
10,12,6.438989401619108
10,13,8.578329616748833
10,14,12.255337452568414
10,15,14.002131227364483
10,16,12.661994606126669
10,17,12.575205236005935
10,18,12.59408659107679
10,19,14.794016381754272
10,20,12.81365000458773
10,21,9.360993941419835
10,22,8.901281151159617
10,23,6.181528353223873
10,24,8.207459645208997
10,25,8.372117743033094
10,26,10.890292252475772
10,27,13.824914984632404
10,28,16.931283004308856
10,29,17.972856295524892
10,30,20.051337760554915
10,31,19.23925364334179
10,32,17.528124495298957
10,33,16.45613117216764
10,34,16.885670775097253
10,35,15.22823002632163
10,36,18.43687178094385
10,37,19.30483784866273
10,38,22.929570706031168
10,39,24.731660648371
10,40,28.356286229924873
10,41,30.045713408898134
10,42,33.40100744217855
10,43,32.581323777870665
10,44,28.955267509819148
10,45,27.30748424498724
10,46,23.648957044421856
10,47,20.719308888952305
10,48,19.047035692873838
10,49,16.152418704477736
10,50,12.6683061300618
10,51,9.539939374098521
10,52,9.41872005689711
10,53,7.967391754076096
10,54,11.236069599934408
10,55,14.52178163960835
10,56,15.827689865573598
10,57,19.08914538875537
10,58,21.429699152179044
10,59,21.447899917606744
10,60,20.152182267320967
10,61,21.449102511575358
10,62,24.809128295689288
10,63,24.815059035002303
10,64,23.72041040805137
10,65,24.66363962799342
10,66,27.212821917032286
10,67,24.298882986215187
10,68,25.116849032550114
10,69,27.093804625770645
10,70,28.9813024497293
10,71,27.58068479093641
10,72,28.889996048891355
10,73,28.816449436600323
10,74,27.398754281790115
10,75,30.55730402944962
10,76,32.657565878938506
10,77,30.517643145723934
10,78,30.430250503689436
10,79,33.77273369098107
10,80,33.382628280223486
10,81,34.5194409723075
10,82,32.26914897817013
10,83,28.577500160351022
10,84,26.532157054561264
10,85,23.742894307305818
10,86,21.01970638089245
10,87,18.28763559576143
10,88,15.889391560924947
10,89,13.996768066784876
10,90,11.474100736764129
10,91,12.004544655608345
10,92,10.960341722084427
10,93,9.140668862712456
10,94,12.096915815102534
10,95,13.038067877049649
10,96,16.27990570721818
10,97,18.185611717133124
10,98,21.73992287509017
10,99,23.97036460891754
10,100,26.64955338386921
10,101,29.679780145953714
10,102,32.66240391172027
10,103,33.889221934002784
10,104,33.175734628479375
10,105,36.103746695629255
10,106,34.746183106002576
10,107,31.815574683940977
10,108,29.507380895515777
10,109,26.4849780447799
10,110,24.27975893959284
10,111,21.26483655870886
10,112,18.589580296507883
10,113,16.6502825424051
10,114,13.204123425089163
10,115,13.908771484532911
10,116,11.99604136574019
10,117,14.554655343788145
10,118,16.897684702333514
10,119,14.522376292505411
10,120,14.845294378461166
10,121,13.596969606541148
10,122,16.26368508343673
10,123,16.394301940978156
10,124,19.979101286612064
10,125,21.491518824609646
10,126,24.88642282716463
10,127,26.919806279944165
10,128,30.43512565098867
11,1,18.636884638917422
11,2,16.56579756071994
11,3,15.753275035809269
11,4,17.71215243846498
11,5,15.671526223160573
11,6,12.960670756863086
11,7,9.16058537204478
11,8,8.945985743314528
11,9,5.515875813461923
11,10,3.7999005827420156
11,12,3.7773930089136143
11,13,5.467275319704776
11,14,9.148231445730792
11,15,11.008216366490789
11,16,10.520970924284496
11,17,11.210665880771934
11,18,12.31570785593251
11,19,15.141674710451978
11,20,14.072161097688294
11,21,11.222833261879797
11,22,11.82117632467679
11,23,9.720407476742906
11,24,11.652204160337824
11,25,12.011047939033107
11,26,14.686460575606171
11,27,17.553094561268342
11,28,20.601755192319832
11,29,21.394099837781603
11,30,23.304066556879516
11,31,22.653399477694325
11,32,20.80882041428588
11,33,19.732156861732637
11,34,19.723450497442453
11,35,17.6378257171053
11,36,20.45838080066427
11,37,20.69358290586046
11,38,24.15995271736854
11,39,25.43412823516637
11,40,29.001204975664383
11,41,30.244370392659363
11,42,33.404764440166964
11,43,32.25789383806199
11,44,28.52942116172142
11,45,26.43845022479235
11,46,22.950939596685988
11,47,19.911557277835037
11,48,18.867478285356334
11,49,16.102806940815316
11,50,13.022137367978202
11,51,9.60495358196208
11,52,10.325285371636884
11,53,8.906494011299086
11,54,12.590029814198758
11,55,15.644442014531895
11,56,16.859250250936014
11,57,20.429584133190446
11,58,22.487466666645727
11,59,21.8591794787428
11,60,20.510693544058956
11,61,21.58505960110696
11,62,24.81404169905031
11,63,25.376267557312136
11,64,24.741660381614466
11,65,26.205436648404927
11,66,28.95813586209281
11,67,26.997030414474782
11,68,27.411450287507666
11,69,29.136478009307098
11,70,30.694918508277084
11,71,28.888889333333765
11,72,29.88292132067658
11,73,29.336245386326002
11,74,27.784227362164156
11,75,30.647075815533064
11,76,33.10711724150083
11,77,31.25496956685337
11,78,30.894060758064626
11,79,34.035814107236945
11,80,33.25727699664726
11,81,34.03684733005719
11,82,31.456784180767187
11,83,27.875763484534477
11,84,25.4281916514603
11,85,22.722448043788436
11,86,19.606793829140614
11,87,16.795427289557395
11,88,13.879658663995615
11,89,11.871416841756961
11,90,8.83708487052104
11,91,9.915092556858793
11,92,10.075768733061514
11,93,8.137540938777342
11,94,11.373362457766627
11,95,12.047002215616121
11,96,15.658471847977234
11,97,17.455562805479442
11,98,21.076659451077283
11,99,23.068702947203104
11,100,26.05600586053739
11,101,28.893950065869163
11,102,32.11122424616976
11,103,33.74020774951833
11,104,33.38050057670323
11,105,36.52498981367641
11,106,35.546949908342754
11,107,32.830216723756465
11,108,30.618410482081213
11,109,27.89222771992988
11,110,25.704416599474953
11,111,22.961699950369827
11,112,20.100240524674923
11,113,18.575515426260996
11,114,15.172563671602717
11,115,16.17242068348307
11,116,14.409563896713957
11,117,17.080014588979306
11,118,19.811616621818715
11,119,17.696941998305157
11,120,17.73912048328195
11,121,16.446769530966762
11,122,18.72582409993111
11,123,18.324582561033637
11,124,21.807602323091267
11,125,22.803593580566517
11,126,26.170302600531215
11,127,27.748939896378126
11,128,31.26386209510483
12,1,16.54808559087377
12,2,14.748029696174793
12,3,14.78612582772199
12,4,16.9754374043223
12,5,15.637037801352616
12,6,13.414215206999298
12,7,9.89658173223873
12,8,10.882605588816388
12,9,8.24566132239
12,10,6.438989401619108
12,11,3.7773930089136143
12,13,3.7979887723319252
12,14,6.620637709209437
12,15,9.486259808407038
12,16,9.202617376393293
12,17,9.31124808943029
12,18,11.197489676548116
12,19,13.839253952021792
12,20,13.460012171200773
12,21,11.223956155769438
12,22,12.762616545505743
12,23,11.480081893332438
12,24,14.173158279450478
12,25,14.736229522331298
12,26,16.821578012742354
12,27,19.812127162314464
12,28,23.14497741709989
12,29,24.349291496748986
12,30,26.256973289881007
12,31,25.21323217338846
12,32,23.05951364844241
12,33,21.4512176506387
12,34,21.04027018687186
12,35,18.457029814104047
12,36,20.894950994332333
12,37,20.638286556250474
12,38,23.808286252002116
12,39,24.76674010043978
12,40,28.11806520370409
12,41,29.058846742683105
12,42,32.195822777516206
12,43,31.13890656514819
12,44,27.462623267650777
12,45,25.22406876635301
12,46,21.924849938362993
12,47,19.250398652529185
12,48,18.763541400463374
12,49,16.610699529097282
12,50,14.05483443772445
12,51,11.192625906494952
12,52,12.913549661210288
12,53,12.254687922284162
12,54,16.01820485659433
12,55,18.81844228229829
12,56,19.543842536082785
12,57,23.04075723748248
12,58,24.89313386639538
12,59,24.076154095270855
12,60,22.263688511645142
12,61,22.919669763181407
12,62,26.262240575708166
12,63,27.15006254377443
12,64,26.41842522999695
12,65,28.0172854414894
12,66,30.558163839692327
12,67,29.283122931520367
12,68,29.557373184072777
12,69,31.487816692028137
12,70,32.80077623837084
12,71,30.98206275254228
12,72,31.611310971003455
12,73,30.831686319784637
12,74,28.876370711710038
12,75,31.5240061754914
12,76,34.146888509324334
12,77,32.20972387192854
12,78,31.41176120238488
12,79,34.55335968819413
12,80,33.458345770007156
12,81,34.25349724329299
12,82,31.500214271530844
12,83,28.083963227651704
12,84,25.58421127561344
12,85,23.32025378925427
12,86,20.15222976583895
12,87,17.813869773351296
12,88,14.895096157660836
12,89,13.559073191796626
12,90,10.641136298133866
12,91,12.549244626373893
12,92,13.343779639384902
12,93,10.99604839933799
12,94,13.747371988072356
12,95,13.475422080268999
12,96,16.931674662930888
12,97,17.991674945869146
12,98,21.366351035502376
12,99,22.7796148970195
12,100,25.654407015140052
12,101,28.127161970104538
12,102,31.30135598454281
12,103,33.08921333591664
12,104,33.10458732833631
12,105,36.44159229710943
12,106,35.650192959616284
12,107,32.90781897412437
12,108,31.071260985842986
12,109,28.587380740554206
12,110,26.813836493967404
12,111,24.424198866681007
12,112,21.88983563299619
12,113,20.86145194368869
12,114,17.7675169783665
12,115,19.25255471617401
12,116,17.813266374011903
12,117,20.619698988713093
12,118,23.13310251049135
12,119,20.70962676357887
12,120,20.499225619027758
12,121,18.67454734283161
12,122,20.566413290446597
12,123,19.60950159531008
12,124,22.78303601837439
12,125,23.29154483292255
12,126,26.359085674242735
12,127,27.60618796834318
12,128,30.916858331710845
13,1,13.816931722484869
13,2,12.43392592149277
13,3,12.389865938371978
13,4,15.160066822977816
13,5,14.19556212964702
13,6,12.67534982844927
13,7,9.43431537119345
13,8,11.212648424261738
13,9,8.806016903950152
13,10,8.578329616748833
13,11,5.467275319704776
13,12,3.7979887723319252
13,14,3.796782282457511
13,15,5.811283163783889
13,16,5.898795634036971
13,17,7.23210776708716
13,18,9.734782561401392
13,19,13.021358239963256
13,20,13.393077055862262
13,21,11.867757359265811
13,22,13.974150944101293
13,23,13.22356681055411
13,24,15.458789467837203
13,25,16.70651985601999
13,26,19.021634414010972
13,27,21.57729541739524
13,28,24.869051898164702
13,29,25.76574793906064
13,30,27.218395040939267
13,31,26.23677402230135
13,32,23.825014736682235
13,33,22.316173856930163
13,34,21.401297927155237
13,35,18.574442577394276
13,36,20.573169361422966
13,37,19.794947087436345
13,38,22.811697106815792
13,39,23.297911925284406
13,40,26.633185052908008
13,41,27.254856316043075
13,42,30.14719958252033
13,43,28.726936635812244
13,44,24.97988324127969
13,45,22.463175379596393
13,46,19.281013048511944
13,47,16.4236054164187
13,48,16.340013606120408
13,49,14.292089140149088
13,50,12.260624847167417
13,51,9.577598274294774
13,52,11.988899189686608
13,53,11.966616728486173
13,54,15.732351072852447
13,55,17.960385794391307
13,56,18.253420913629064
13,57,21.804114495494176
13,58,23.303513037688347
13,59,21.995760886583106
13,60,20.064140123221794
13,61,20.473498213064527
13,62,23.65646762238391
13,63,24.965821493203592
13,64,24.599060294448563
13,65,26.631271121077976
13,66,29.31672979164
13,67,29.134630648634662
13,68,28.92213391243735
13,69,30.58879129412358
13,70,31.517003441063327
13,71,29.366229917979688
13,72,29.667549075657842
13,73,28.50679774503322
13,74,26.46627613839243
13,75,28.85074140027423
13,76,31.706670040409655
13,77,30.041997334872793
13,78,29.08380435834732
13,79,32.01204621512421
13,80,30.678494360063457
13,81,31.201728174964728
13,82,28.28276664436125
13,83,24.95440387219976
13,84,22.243737465089012
13,85,20.060473333891668
13,86,16.751049139913462
13,87,14.544439132931359
13,88,11.582429109911557
13,89,10.75915436382486
13,90,8.353805975849538
13,91,11.181908979746593
13,92,12.410037983598821
13,93,9.600003212475334
13,94,11.694103358911212
13,95,10.804680032000652
13,96,14.203538654175599
13,97,15.056746027505525
13,98,18.380391922373953
13,99,19.681778128324765
13,100,22.770946893066004
13,101,25.185349633343474
13,102,28.528905060688956
13,103,30.57154566139428
13,104,30.751159713446043
13,105,34.17560163541941
13,106,33.69315642400388
13,107,31.221790183366313
13,108,29.382445752761654
13,109,27.187711428186415
13,110,25.38094581451552
13,111,23.28886066171238
13,112,20.652003823205952
13,113,20.106549417625178
13,114,17.274046735910296
13,115,19.191306876784626
13,116,18.279449832763305
13,117,21.42175136863858
13,118,24.01946391532255
13,119,21.664889208598606
13,120,20.90159470785197
13,121,18.976954469753334
13,122,20.355631135230727
13,123,18.932598482251212
13,124,21.934266536383614
13,125,22.00379612005065
13,126,25.061600648643438
13,127,25.92124161527287
13,128,29.261668928962525
14,1,11.632977730187053
14,2,11.19743970026477
14,3,12.150589343903277
14,4,15.370381451205871
14,5,15.333278778391026
14,6,14.644206206025748
14,7,12.000663130298062
14,8,14.438369106234893
14,9,12.441959886197811
14,10,12.255337452568414
14,11,9.148231445730792
14,12,6.620637709209437
14,13,3.796782282457511
14,15,3.7952070441027708
