1,2,3.803947746999707
1,3,6.855665443069163
1,4,9.101455635973386
1,5,12.160282137612873
1,6,11.881472060454978
1,7,11.732777279779103
1,8,14.577811292867462
1,9,16.380042163993092
1,10,16.28038921995924
1,11,17.4782508580516
1,12,20.298950032539206
1,13,21.19231105093927
1,14,21.42063686668165
1,15,23.59304173269224
1,16,25.669314894217372
1,17,26.388114991247317
1,18,27.484637422183788
1,19,29.56788579933407
1,20,31.31081973845762
1,21,32.04834325348433
1,22,33.38795535393614
1,23,36.14782364077555
1,24,36.66057375430759
1,25,37.0559887819084
1,26,39.49354647181904
1,27,38.4325942953912
1,28,34.68452863382373
1,29,34.611156448120894
1,30,30.9101238516764
1,31,30.308020364773057
1,32,32.42660576445949
1,33,30.901932569543675
1,34,27.303277029377632
1,35,28.576703180072666
1,36,30.481504799210587
1,37,27.602160059475604
1,38,25.388629131676094
1,39,28.416515884936576
1,40,29.422088296168948
1,41,25.954756990497764
1,42,24.88190529469145
1,43,28.523198540003445
1,44,28.943861159617512
1,45,31.03345392311655
1,46,30.27448728483875
1,47,28.736888837668005
1,48,30.301405514069042
1,49,29.499340866432302
1,50,31.65257808696536
1,51,34.33744855699707
1,52,37.03931535411764
1,53,35.54609271578211
1,54,34.271753816294776
1,55,37.905949591924454
1,56,38.6405613080699
1,57,36.069492651587375
1,58,37.228721305578226
1,59,40.71760522740957
1,60,39.67774904997193
1,61,38.6423708502475
1,62,35.02707238095498
1,63,34.03473258529078
1,64,34.320865586653944
1,65,37.894962208122536
1,66,40.00385750516196
1,67,38.060009749947284
1,68,40.06772196260267
1,69,41.29752408205126
1,70,40.27022485763207
1,71,40.5710193434453
1,72,37.615650781528274
1,73,35.12662104902076
1,74,33.91595638604065
1,75,32.51478855493913
1,76,31.075514909638688
1,77,28.28182512171226
1,78,25.387767355884804
1,79,23.21077037293504
1,80,23.411578298434343
1,81,22.69513158649209
1,82,19.490975073345425
1,83,18.458733495329188
1,84,19.54255291710833
1,85,17.781047135285803
1,86,14.19542412203319
1,87,15.43734247878102
1,88,17.25627144614322
1,89,20.843786097955114
2,1,3.803947746999707
2,3,3.8106375927074216
2,4,6.296182882898201
2,5,9.056382815181044
2,6,8.287410293831142
2,7,7.991458053961916
2,8,11.044098388496257
2,9,12.674495620890735
2,10,12.480469049687686
2,11,13.811473756668088
2,12,16.583041346023457
2,13,17.39122705939972
2,14,17.720008737301303
2,15,19.932847214616018
2,16,21.901573062213785
2,17,22.64665667898523
2,18,23.85361637992233
2,19,25.88588853069778
2,20,27.554365588931656
2,21,28.375757176267513
2,22,29.785675670060158
2,23,32.46245110173367
2,24,32.935268738683206
2,25,33.43341004150404
2,26,35.92700718255003
2,27,35.01300272322994
2,28,31.267516216391552
2,29,31.3490521343627
2,30,27.713430065536997
2,31,26.874856898575487
2,32,29.038610035220195
2,33,27.74143251317743
2,34,24.06311026473227
2,35,25.184121368310574
2,36,27.30186577122132
2,37,24.632367572154422
2,38,22.254142377561458
2,39,25.29350652753985
2,40,26.59827146625925
2,41,23.30940849807173
2,42,22.091787519662798
2,43,25.732986474958725
2,44,25.84916720240684
2,45,27.70766251123592
2,46,26.741310909414327
2,47,25.163086396675258
2,48,26.77375614525619
2,49,25.84702536052939
2,50,27.9287279647986
2,51,30.69126422315147
2,52,33.319661723686025
2,53,31.81091019908301
2,54,30.636209400891826
2,55,34.30656389422776
2,56,34.99329498601244
2,57,32.50869579026455
2,58,33.77793185479015
2,59,37.24255974059333
2,60,36.220317882020844
2,61,35.34936899670898
2,62,31.72252174131704
2,63,30.799928422092027
2,64,31.336246006983266
2,65,34.993945397493974
2,66,37.142132944255444
2,67,35.06504861288473
2,68,36.87959951571706
2,69,38.033839850045176
2,70,36.87426497615441
2,71,37.30342059343678
2,72,34.46098422718474
2,73,31.80963876319607
2,74,30.66058015359223
2,75,29.48182380879079
2,76,27.94352942456676
2,77,24.996191947168754
2,78,22.06680754772365
2,79,19.806095342594844
2,80,20.35038612915299
2,81,19.776858069732125
2,82,16.358892822604435
2,83,15.544937779703302
2,84,17.11293802974003
2,85,15.381220067895809
2,86,11.808300789582253
2,87,13.584993059436865
2,88,15.801057323973676
2,89,19.114459909063356
3,1,6.855665443069163
3,2,3.8106375927074216
3,4,3.8188771447668
3,5,5.565359385583289
3,6,5.299023346328026
3,7,6.35342511675077
3,8,8.758417661612572
3,9,9.961995467791143
3,10,10.729328385725395
3,11,12.43119508980665
3,12,14.504207814080026
3,13,15.433963025402658
3,14,16.512855701551477
3,15,18.508163482587566
3,16,20.006693955095358
3,17,21.17476061861604
3,18,22.736441124023685
3,19,24.34682526145923
3,20,25.866964545964144
3,21,27.14232471491984
3,22,28.661530826704862
3,23,31.002406332944304
3,24,31.436778601316064
3,25,32.34702935998123
3,26,34.956093516678294
3,27,34.44107374430537
3,28,30.748762502228818
3,29,31.090799723486693
3,30,27.63289082877623
3,31,26.28943903217676
3,32,28.35810139743152
3,33,27.4880372523722
3,34,23.705068448149937
3,35,24.280144732236735
3,36,26.609427636162135
3,37,24.307338150168402
3,38,21.48728645518084
3,39,24.208675845651584
3,40,25.928679224587874
3,41,22.85638302288847
3,42,21.081671659622373
3,43,24.508934723127457
3,44,24.19280079652916
3,45,25.897407484718002
3,46,24.718536534185905
3,47,22.72641791785333
3,48,23.94325614656708
3,49,22.96348469884359
3,50,25.366048467486223
3,51,28.07445681930437
3,52,30.832184849044413
3,53,29.66504409968446
3,54,28.503963643825873
3,55,32.14680734881615
3,56,33.09623324677025
3,57,30.879426428375123
3,58,32.04585636444086
3,59,35.58701086611555
3,60,34.884038324093076
3,61,34.15878995864079
3,62,30.6449432856414
3,63,29.494786605046563
3,64,30.209568735395603
3,65,33.90003029582926
3,66,35.8029292813844
3,67,33.420930373039
3,68,35.12884788373632
3,69,35.94863028361139
3,70,34.54444987240355
3,71,34.780064141527305
3,72,32.09041892749898
3,73,29.417800106236477
3,74,27.951694331938786
3,75,26.946477299862565
3,76,25.733746004573533
3,77,22.599507571569312
3,78,20.01787477506345
3,79,17.31871103416183
3,80,17.802221748471567
3,81,17.84637532125296
3,82,14.493597648337808
3,83,13.120057530332648
3,84,15.184509810000163
3,85,14.19917435686417
3,86,10.53014936857483
3,87,11.881362669948938
3,88,14.813491833742857
3,89,17.71433148164254
4,1,9.101455635973386
4,2,6.296182882898201
4,3,3.8188771447668
4,5,3.8128227681876785
4,6,5.649917160736778
4,7,5.580684481262151
4,8,6.452783115673014
4,9,8.785871740287314
4,10,10.250262775391436
4,11,10.937516033928107
4,12,12.739861005629782
4,13,14.557490395373955
4,14,15.626449322758031
4,15,16.891802775525914
4,16,18.595881067641866
4,17,20.314832820118173
4,18,21.507875534890783
4,19,22.710104531136114
4,20,24.63247248432902
4,21,26.168365185850327
4,22,27.270801248331832
4,23,29.536147160002603
4,24,30.385621629179216
4,25,31.46483818765764
4,26,33.81276094247937
4,27,33.41406667314019
4,28,29.833620659365693
4,29,29.916020845354918
4,30,26.551173366964402
4,31,25.099948582112003
4,32,26.725594186350012
4,33,25.81004247878343
4,34,22.05603434589399
4,35,22.275470064373728
4,36,24.311299935086875
4,37,22.007389331796386
4,38,18.990349038095754
4,39,21.410159325866854
4,40,23.036076009694977
4,41,19.92735752287142
4,42,17.88121059008758
4,43,21.193612575077832
4,44,21.020597763307837
4,45,23.016202403034857
4,46,22.20104505366654
4,47,20.285806825933502
4,48,21.542142220616444
4,49,21.094077634634417
4,50,23.523385973749576
4,51,25.884346513392135
4,52,28.88343885406877
4,53,27.80603568631475
4,54,26.239592053340886
4,55,29.75437891611065
4,56,30.961432377047306
4,57,28.64090269388852
4,58,29.44960642568578
4,59,33.09300041211917
4,60,32.6004973887301
4,61,31.610124239622007
4,62,28.22161353003626
4,63,26.734683643319993
4,64,27.187309607990557
4,65,30.800572970224206
4,66,32.5259634065633
4,67,30.153783430495455
4,68,32.0636269711959
4,69,32.90258142425516
4,70,31.685168241096715
4,71,31.750159252403186
4,72,28.89661119767159
4,73,26.43526163989697
4,74,24.962751461151125
4,75,23.652813074990345
4,76,22.496893152705905
4,77,19.568589656231985
4,78,17.057777068251646
4,79,14.516077287412699
4,80,14.513199374421118
4,81,14.384066911067094
4,82,11.276516820174967
4,83,9.63178411261241
4,84,11.412537727332879
4,85,10.5874820749964
4,86,6.881271027373367
4,87,8.122525565248425
4,88,11.170367739171144
4,89,13.92503013696124
5,1,12.160282137612873
5,2,9.056382815181044
5,3,5.565359385583289
5,4,3.8128227681876785
5,6,3.8178217667176666
5,7,5.556827988135007
5,8,5.208968026186659
5,9,6.159058080209798
5,10,8.72334037571651
5,11,10.038980313481009
5,12,10.814958058654206
5,13,12.422797053156028
5,14,14.331116973285686
5,15,15.5122032826121
5,16,16.50922692108083
5,17,18.483222221080545
5,18,20.161332793763705
5,19,21.00297931969448
5,20,22.568050117979137
5,21,24.480197612398122
5,22,25.833427095297438
5,23,27.72127584619832
5,24,28.36733451452176
5,25,29.81069681560138
5,26,32.34274776947888
5,27,32.33881770556726
5,28,28.834517277137508
5,29,29.309927020699284
5,30,26.183497806101617
5,31,24.239535134320647
5,32,25.90766619638933
5,33,25.53650708306492
5,34,21.76002029166135
5,35,21.493974419535263
5,36,23.887417622550494
5,37,22.11411409267661
5,38,18.78188015860463
5,39,20.904685817216304
5,40,23.080492718567374
5,41,20.40629812793062
5,42,17.930942894538532
5,43,20.936545438043233
5,44,20.092769591822663
5,45,21.64060792935131
5,46,20.368362251801013
5,47,17.977317438978183
5,48,18.795231944537868
5,49,18.051050233906423
5,50,20.766206508342655
5,51,23.20743770803576
5,52,26.203078381603486
5,53,25.441144813241632
5,54,24.093037329303186
5,55,27.610903147348917
5,56,28.951530622968384
5,57,27.00085771251722
5,58,27.883763009368415
5,59,31.51200760515382
5,60,31.260332244455252
5,61,30.600665565852086
5,62,27.321624063753752
5,63,25.80335631215954
5,64,26.65200206487444
5,65,30.305346653198853
5,66,31.866637274642226
5,67,29.1614197841477
5,68,30.764967730378856
5,69,31.22673975046429
5,70,29.63778797431171
5,71,29.646810153290716
5,72,27.087413735869905
5,73,24.451753173886637
5,74,22.698493832510387
5,75,21.830882220921094
5,76,20.953053483573193
5,77,17.69526689719915
5,78,15.594349462803788
5,79,12.480420275914632
5,80,12.810944514268968
5,81,13.613542168642626
5,82,10.556869250247654
5,83,8.533364455853603
5,84,11.318637165779617
5,85,11.430874806472593
5,86,8.305454302534505
5,87,9.201735628826379
5,88,12.773904190035758
5,89,14.70426233573744
6,1,11.881472060454978
6,2,8.287410293831142
6,3,5.299023346328026
6,4,5.649917160736778
6,5,3.8178217667176666
6,7,3.820324739320372
6,8,5.485390364320062
6,9,4.993397359014192
6,10,6.2134993613524285
6,11,8.681906217836255
6,12,9.985352113958124
6,13,10.508204283293693
6,14,12.255381549729465
6,15,14.274370142507768
6,16,15.19364041502605
6,17,16.47210780899748
6,18,18.45135636401044
6,19,19.826126658860385
6,20,21.0242744010059
6,21,22.560075683947257
6,22,24.306348709795298
6,23,26.35560501033545
6,24,26.612947970162946
6,25,27.799224339675735
6,26,30.557816569929003
6,27,30.40017993904473
6,28,26.784416978245016
6,29,27.517548790002607
6,30,24.319959183547123
6,31,22.457442529658298
6,32,24.600309864292786
6,33,24.30637955877443
6,34,20.50554658038889
6,35,20.64677091045206
6,36,23.408409035662245
6,37,21.695156901836533
6,38,18.620574510900763
6,39,21.171786563921344
6,40,23.49698993030987
6,41,20.961072771254642
6,42,18.91755938200437
6,43,22.11121760939707
6,44,21.087517575599584
6,45,22.191619464425976
6,46,20.483853629294206
6,47,18.26504820306609
6,48,19.398106071404804
6,49,18.020637934884252
6,50,20.380932257710654
6,51,23.28600834936184
6,52,25.87914316889434
6,53,24.785581105870957
6,54,23.917228991946384
6,55,27.61014947563478
6,56,28.492145291659483
6,57,26.566429606610384
6,58,27.956847736840135
6,59,31.41117309752927
6,60,30.79787459819285
6,61,30.4641676676508
6,62,27.008617888691575
6,63,26.006252780057185
6,64,27.24455957996604
6,65,31.009915301078184
6,66,32.91164944314849
6,67,30.27014708726057
6,68,31.547550555557855
6,69,32.13137276734068
6,70,30.4024655923067
6,71,30.847754204561017
6,72,28.469399928540085
6,73,25.4891466894187
6,74,24.064986776335783
6,75,23.617407269251984
6,76,22.338167613398177
6,77,18.881171465366222
6,78,16.44174486952035
6,79,13.441213738719307
6,80,14.746134307246626
6,81,15.375317886996475
6,82,11.856738817665518
6,83,10.910213124471664
6,84,13.993113726793725
6,85,13.450073794625526
6,86,10.50915956481951
6,87,12.358803851378715
6,88,15.609980296409574
6,89,17.64194753677107
7,1,11.732777279779103
7,2,7.991458053961916
7,3,6.35342511675077
7,4,5.580684481262151
7,5,5.556827988135007
7,6,3.820324739320372
7,8,3.8100340431728323
7,9,5.290468697254215
7,10,5.0044821237587165
7,11,6.094144615900077
7,12,8.594265706832996
7,13,9.692893370672323
7,14,10.333107314771242
7,15,12.206283042302772
7,16,14.004774368426524
7,17,15.165328358293001
7,18,16.45116810911586
7,19,18.109179669304325
7,20,19.822177768919317
7,21,21.013161903811824
7,22,22.35676483623856
7,23,24.785708100543264
7,24,25.399468069216276
7,25,26.244552788428074
7,26,28.716750183320443
7,27,28.225942307276565
7,28,24.57767794924122
7,29,24.892573074208812
7,30,21.528493163140382
7,31,20.019793495663226
7,32,22.027330854711284
7,33,21.307598839736936
7,34,17.50373129428955
7,35,17.992953992909264
7,36,20.498964228859244
7,37,18.438900003333302
7,38,15.588080836755317
7,39,18.448001319437054
7,40,20.45231358237937
7,41,17.73198057114038
7,42,16.096468890797965
7,43,19.549991870214335
7,44,18.941447411908765
7,45,20.28186872268399
7,46,18.944692703050563
7,47,17.34426040884254
7,48,19.159958588405654
7,49,18.167872600742367
7,50,20.015023894527317
7,51,22.814106603708325
7,52,25.363172834532982
7,53,23.825668216378524
7,54,22.695466669071713
7,55,26.398315841990787
7,56,27.075429794784643
7,57,24.740158905012642
7,58,26.11433374054865
7,59,29.55488803792523
7,60,28.668434347305848
7,61,28.067285089744917
7,62,24.493860067892868
7,63,23.60297269657836
7,64,24.636657256478497
7,65,28.408259589947548
7,66,30.556944501666532
7,67,28.21086269734037
7,68,29.632005577627574
7,69,30.630096644292458
7,70,29.261508021773096
7,71,29.949010045919778
7,72,27.32274940035894
7,73,24.382133692415028
7,74,23.448647032779128
7,75,22.71589191402793
7,76,20.924397099353808
7,77,17.727025831556134
7,78,14.736316948717159
7,79,12.413817218967369
7,80,13.83296498522792
7,81,13.547392168293552
7,82,9.78282020570112
7,83,9.852278938424389
7,84,12.509168603076562
7,85,11.057694317363007
7,86,8.42302194341815
7,87,11.255735750610592
7,88,13.864038053301602
7,89,16.017110909769336
8,1,14.577811292867462
8,2,11.044098388496257
8,3,8.758417661612572
8,4,6.452783115673014
8,5,5.208968026186659
8,6,5.485390364320062
8,7,3.8100340431728323
8,9,3.8179907226233962
8,10,5.486134439808006
8,11,5.167068181377636
8,12,6.327730006130592
8,13,8.690215467087974
8,14,9.893916466161295
8,15,10.63496543462868
8,16,12.245420037058022
8,17,14.28940269634723
8,18,15.415114165135304
8,19,16.32290091850983
8,20,18.31083921463631
8,21,20.043033294102354
8,22,21.047352746463538
8,23,23.158261975895496
8,24,24.123481056752023
8,25,25.374351678019355
8,26,27.65904533472501
8,27,27.52700225452801
8,28,24.06714388790227
8,29,24.316188171984408
8,30,21.22330455322497
8,31,19.311667306924615
8,32,20.808643349093092
8,33,20.36289516601104
8,34,16.603905869817073
8,35,16.3353667704872
8,36,18.71181210730665
8,37,16.975138815722598
8,38,13.659280675428374
8,39,15.972036278504232
8,40,18.22985555207574
8,41,15.726549438607606
8,42,13.470611387588011
8,43,16.633044290960438
8,44,15.75777523969753
8,45,17.186488003699104
8,46,15.984618828139297
8,47,14.169219585439853
8,48,15.840913194982912
8,49,15.30333361129327
8,50,17.347991953124335
8,51,19.810399435987758
8,52,22.65652991180414
8,53,21.399622264761202
8,54,19.908756876305354
8,55,23.50105134961156
8,56,24.562126970597216
8,57,22.308960604658928
8,58,23.318069659550503
8,59,26.89710434327265
8,60,26.390422865751297
8,61,25.67189807931173
8,62,22.287654401437752
8,63,20.96837762344484
8,64,21.94072465329343
8,65,25.67473065829474
8,66,27.540111181954256
8,67,24.9968840172132
8,68,26.482673135737496
8,69,27.294206649981167
8,70,25.91257327905736
8,71,26.385472367900803
8,72,23.721076571605742
8,73,20.882933304991948
8,74,19.789815728350806
8,75,18.967698682431955
8,76,17.346266744616337
8,77,14.129476135157287
8,78,11.359511528514878
8,79,8.814701632954096
8,80,10.038029065792587
8,81,10.062008229297613
8,82,6.413836053091905
8,83,6.280469582365481
8,84,9.366274774063891
8,85,8.631077812600003
8,86,6.700747009612645
8,87,9.240857121071073
8,88,11.984257007100613
8,89,13.397835029841469
9,1,16.380042163993092
9,2,12.674495620890735
9,3,9.961995467791143
9,4,8.785871740287314
9,5,6.159058080209798
9,6,4.993397359014192
9,7,5.290468697254215
9,8,3.8179907226233962
9,10,3.8217821630360795
9,11,5.575307434111035
9,12,5.313645408561388
9,13,6.306423910433839
9,14,8.736613016789196
9,15,10.026083474548155
9,16,10.536911966793925
9,17,12.417745530212256
9,18,14.413144314076069
9,19,15.252427640341706
9,20,16.51254819969997
9,21,18.451722820562736
9,22,20.03815153168185
9,23,21.811459631477906
9,24,22.26237165679287
9,25,23.765546213745985
9,26,26.418465136500256
9,27,26.609416496183268
9,28,23.16644012751366
9,29,24.008240088655857
9,30,21.139563871427995
9,31,18.790861314684825
9,32,20.64984449720478
9,33,20.824429485428546
9,34,17.10871816215552
9,35,16.608448349058605
9,36,19.543150882275537
9,37,18.404762256842982
9,38,15.078903934486808
9,39,17.24625661512677
9,40,20.031110530594336
9,41,18.059763164303565
9,42,15.75412842610195
9,43,18.576185848478186
9,44,16.98584856319651
9,45,17.637913074971888
9,46,15.648696982996437
9,47,13.347400543494022
9,48,14.611756054486
9,49,13.228895089486402
9,50,15.44387394347367
9,51,18.33437254096657
9,52,20.926455010355173
9,53,19.852627549951727
9,54,18.952260862780204
9,55,22.640806779300835
9,56,23.577548586530234
9,57,21.78581455914142
9,58,23.17728017798391
9,59,26.608306067748067
9,60,26.155915763519843
9,61,25.98796092128491
9,62,22.65937926883164
9,63,21.629309154847995
9,64,23.190320471628482
9,65,26.947981148370246
9,66,28.786265484542927
9,67,25.98285005850066
9,68,26.977031819811724
9,69,27.433651293789442
9,70,25.57612407122956
9,71,26.192932070261087
9,72,23.976704135394222
9,73,20.81485800110775
9,74,19.56303315838059
9,75,19.46815788141937
9,76,18.031540648406985
9,77,14.425615317665956
9,78,12.098297176920612
9,79,9.02118208526218
9,80,11.13243391808818
9,81,12.122231497979412
9,82,8.776126600403948
9,83,8.624468906022644
9,84,12.242955624029808
9,85,12.108628898764469
9,86,10.427287577003893
9,87,12.520401823640048
9,88,15.532281322380939
9,89,16.594581025795996
10,1,16.28038921995924
10,2,12.480469049687686
10,3,10.729328385725395
10,4,10.250262775391436
10,5,8.72334037571651
10,6,6.2134993613524285
10,7,5.0044821237587165
10,8,5.486134439808006
10,9,3.8217821630360795
10,11,3.8177121631797695
10,12,5.3623777620323345
10,13,4.923655932980803
10,14,6.062809411785681
10,15,8.532547306103233
10,16,9.643765034338683
10,17,10.448816952521621
10,18,12.320817612297608
10,19,14.044358039683228
10,20,15.237317647906812
10,21,16.46146421769515
10,22,18.22551184753718
10,23,20.454726296568587
10,24,20.717900928334487
10,25,21.687285927544707
10,26,24.402744245855608
10,27,24.190074204579854
10,28,20.57894056841557
10,29,21.42616327931632
10,30,18.3489635074085
10,31,16.322956329489223
10,32,18.643110176493124
10,33,18.6074529693466
10,34,14.873055707961658
10,35,15.088319478978066
10,36,18.213236499285593
10,37,16.91125937795175
10,38,14.08260765714552
10,39,16.84520415924614
10,40,19.475282201096835
10,41,17.532021598876582
10,42,15.958066989965689
10,43,19.043888163089594
10,44,17.660377107299045
10,45,18.081346546975308
10,46,16.00092452673882
10,47,14.40174816253692
10,48,16.34828376799471
10,49,14.701606040843311
10,50,16.11683364309237
10,51,19.30478325423577
10,52,21.41458733708138
10,53,19.72104852109762
10,54,19.15075195847128
10,55,22.949122622257534
10,56,23.28236271280435
10,57,21.250823107215478
10,58,23.115184615349193
10,59,26.331553482095394
10,60,25.339750474033483
10,61,25.304966820817622
10,62,21.7493052936451
10,63,21.315763434998104
10,64,23.05978372733108
10,65,26.870492538261775
10,66,29.144650488612783
10,67,26.633756878246164
10,68,27.44948935056202
10,69,28.281711121435283
10,70,26.57098323003149
10,71,27.684549753886994
10,72,25.484218485281716
10,73,22.14618377767672
10,74,21.491717095538863
10,75,21.509421664395795
10,76,19.495803886349634
10,77,16.043750272014567
10,78,13.16693612175515
10,79,10.89539689187219
10,80,13.547345049014632
10,81,13.744512184948308
10,82,10.136744613365943
10,83,11.158248396222525
10,84,14.401999274292146
10,85,13.32948857525534
10,86,11.815960644211597
10,87,14.693551034989337
10,88,17.222118730353287
10,89,18.56622919076505
11,1,17.4782508580516
11,2,13.811473756668088
11,3,12.43119508980665
11,4,10.937516033928107
11,5,10.038980313481009
11,6,8.681906217836255
11,7,6.094144615900077
11,8,5.167068181377636
11,9,5.575307434111035
11,10,3.8177121631797695
11,12,3.817680908509517
11,13,5.440652838974845
11,14,5.025885117946055
11,15,6.161072012997115
11,16,8.523724570117599
11,17,9.849578041761722
11,18,10.582834209439442
11,19,12.133474152005675
11,20,14.197444569293365
11,21,15.377525284169892
11,22,16.38671384827306
11,23,18.860893659053986
11,24,19.78830926195436
11,25,20.637458477547735
11,26,22.88640960170739
11,27,22.52433695620549
11,28,18.99573917674565
11,29,19.28291099283038
11,30,16.15972677455357
11,31,14.2781295369422
11,32,16.078925750462354
11,33,15.696157152789945
11,34,11.902899117772103
11,35,12.028679282361974
11,36,14.823830169149709
11,37,13.301367406383868
11,38,10.373780270676937
11,39,13.24341940277533
11,40,15.710435893364423
11,41,13.719135832697171
11,42,12.282204053174606
11,43,15.46118962165634
11,44,14.366261410616511
11,45,15.08206257828773
11,46,13.52046070031971
11,47,12.556328490459363
11,48,15.130441834154807
11,49,14.24161461485829
11,50,15.215455830620007
11,51,18.00074805169146
11,52,20.249877597604502
11,53,18.278488282711326
11,54,17.157116570551842
11,55,20.88184860724113
11,56,21.249218223959804
11,57,18.789658545252827
11,58,20.39650446063002
11,59,23.70359274246461
11,60,22.650537854518973
11,61,22.222025301823795
11,62,18.617512114730477
11,63,18.035299568851055
11,64,19.52451909277997
11,65,23.338906818016504
11,66,25.712241435963165
11,67,23.400095565192554
11,68,24.421281611911382
11,69,25.582345173250477
11,70,24.256717211560648
11,71,25.462948920277825
11,72,22.987865156707063
11,73,19.789263480444777
11,74,19.551767993758066
11,75,19.212651195723762
11,76,16.788063209575075
11,77,13.670078197751511
11,78,10.32743090044078
11,79,8.89790071173955
11,80,11.523968037824835
11,81,10.906090847091365
11,82,7.374559065670286
11,83,9.513392290757318
11,84,12.239577416477914
11,85,10.729993922351579
11,86,10.146648585082524
11,87,13.382486543340063
11,88,15.258308656457656
11,89,16.273196781999452
12,1,20.298950032539206
12,2,16.583041346023457
12,3,14.504207814080026
12,4,12.739861005629782
12,5,10.814958058654206
12,6,9.985352113958124
12,7,8.594265706832996
12,8,6.327730006130592
12,9,5.313645408561388
12,10,5.3623777620323345
12,11,3.817680908509517
12,13,3.8093706104149114
12,14,5.362853418709898
12,15,5.007936965758311
12,16,5.946672639818813
12,17,8.481031231180793
12,18,9.735323429824296
12,19,10.188403033812516
12,20,12.031726295441112
12,21,14.0538661822855
12,22,15.116942546183555
12,23,16.945683385202344
12,24,17.890978827130247
12,25,19.38978407986897
12,26,21.701868010502448
12,27,21.973156988751086
12,28,18.70176936067909
12,29,19.362763515046257
12,30,16.773669720138162
12,31,14.156541327792157
12,32,15.611381012715214
12,33,16.03966588914269
12,34,12.48153694167732
12,35,11.468248667189679
12,36,14.50644586695422
12,37,13.876668688527785
12,38,10.535603873410379
12,39,12.498372249437267
12,40,15.613848144689351
12,41,14.305579906510259
12,42,12.207816811834583
12,43,14.696368197495278
12,44,12.74072990459355
12,45,12.88008761985078
12,46,10.757869657268204
12,47,9.14673662597781
12,48,11.446555581626166
12,49,10.4349916092364
12,50,11.638715302749446
12,51,14.437860923325594
12,52,16.848941331139297
12,53,15.270976818905135
12,54,14.168617707561033
12,55,17.91255378386979
12,56,18.61365940703901
12,57,16.58166542961373
12,58,18.089845997332212
12,59,21.461528870893623
12,60,20.869291066715476
12,61,20.730718234628945
12,62,17.391992169763608
12,63,16.54566686698957
12,64,18.418929848838587
12,65,22.184767573121828
12,66,24.223323334728747
12,67,21.51542002048748
12,68,22.239623178705216
12,69,22.945757486731807
12,70,21.24769751478709
12,71,22.361810452023313
12,72,20.164115376961533
12,73,16.79737238004891
12,74,16.324785338965974
12,75,16.455399450727715
12,76,14.302377073717793
12,77,10.847949051046555
12,78,8.081629790517841
12,79,6.097775875951516
12,80,9.422862838732181
12,81,9.831610795008789
12,82,7.006574249920868
12,83,8.898989833244299
12,84,12.05156027351595
12,85,11.640299498510677
12,86,11.603641359021495
12,87,14.147891073820395
12,88,16.26001535389543
12,89,16.502894263643356
13,1,21.19231105093927
13,2,17.39122705939972
13,3,15.433963025402658
13,4,14.557490395373955
13,5,12.422797053156028
13,6,10.508204283293693
13,7,9.692893370672323
13,8,8.690215467087974
13,9,6.306423910433839
13,10,4.923655932980803
13,11,5.440652838974845
13,12,3.8093706104149114
13,14,3.815637255519916
13,15,5.4496338972072635
13,16,5.015197593585066
13,17,6.1474104111102115
13,18,8.655279545392062
13,19,9.792375854604455
13,20,10.533000636839196
13,21,12.236273939160995
13,22,14.189337755063127
13,23,15.961563789654424
13,24,16.119015168848044
13,25,17.511329017565473
13,26,20.310874050350833
13,27,20.62599272533234
13,28,17.249097999375756
13,29,18.55689496552467
13,30,16.065174295610746
13,31,13.282671646011703
13,32,15.486485333211347
13,33,16.34935392164168
13,34,12.937083563586969
13,35,12.332792853890487
13,36,15.881031626447774
13,37,15.601286609802445
13,38,12.788502450651237
13,39,14.944843817563289
13,40,18.152583241697922
13,41,17.1512831568139
13,42,15.511534558165696
13,43,17.903589534002315
13,44,15.73866710635575
13,45,15.185258404235721
13,46,12.418612701313938
13,47,10.860644010076076
13,48,12.902944004446379
13,49,10.812408063136553
13,50,11.618422376625313
13,51,15.036785889524472
13,52,16.771209810327182
13,53,15.006811867995477
13,54,14.866722626014738
13,55,18.669675342725615
13,56,18.819371737678246
13,57,17.16473289009556
13,58,19.3334920496385
13,59,22.34256041887605
13,60,21.453149020920648
13,61,21.925892950420767
13,62,18.568820901836848
13,63,18.400601343282492
13,64,20.773066011551954
13,65,24.48975705244037
13,66,26.706192451137948
13,67,24.01970689343495
13,68,24.252449473164205
13,69,24.842511673101264
13,70,22.834478086245817
13,71,24.292596903367073
13,72,22.534407582718522
13,73,18.92641684752672
13,74,18.582339049693708
13,75,19.316283354275647
13,76,17.19105316208572
13,77,13.70590424177375
13,78,11.28926345621611
13,79,9.420654448394595
13,80,12.947950625226325
13,81,13.60466926059866
13,82,10.784310248700336
13,83,12.449907792921982
13,84,15.763795602213515
13,85,15.220422040896187
13,86,14.767492316093618
13,87,17.42745173995758
13,88,19.739556944968076
13,89,20.223421777973773
14,1,21.42063686668165
14,2,17.720008737301303
14,3,16.512855701551477
14,4,15.626449322758031
14,5,14.331116973285686
14,6,12.255381549729465
14,7,10.333107314771242
14,8,9.893916466161295
14,9,8.736613016789196
14,10,6.062809411785681
14,11,5.025885117946055
14,12,5.362853418709898
14,13,3.815637255519916
14,15,3.804902232258944
14,16,5.4898056714421095
14,17,5.17383560698245
14,18,6.337500876912977
14,19,8.69222511675682
14,20,10.057776482179527
14,21,10.71253404334791
14,22,12.295881155533307
14,23,14.838416404623674
14,24,15.282251190829237
14,25,15.914951324905553
14,26,18.446735069633817
14,27,18.15430438749541
14,28,14.577015341743223
14,29,15.489360942506117
14,30,12.649698023229638
14,31,10.31470031947097
14,32,12.790540258483466
14,33,13.160340967749566
14,34,9.666121615959373
14,35,9.911551270149051
14,36,13.438509318440643
14,37,12.856614853630012
14,38,10.653628903554216
14,39,13.398242127418126
14,40,16.22909130193641
14,41,15.236118349178632
14,42,14.407651610062196
14,43,17.015408022928206
14,44,15.344392525268551
14,45,14.874895013994704
14,46,12.542177962018926
14,47,12.119992121077749
14,48,14.943541027373
14,49,13.34129676421187
14,50,13.26513580622004
14,51,16.461732711466823
14,52,17.85598649048042
14,53,15.375006010050551
14,54,15.136360956658665
14,55,18.884777522950078
14,56,18.490004054492562
14,57,16.286664896768606
14,58,18.69466953027091
14,59,21.53062301263858
14,60,20.058037307073317
14,61,20.359578093524846
14,62,16.754549310789482
14,63,17.09298676959561
14,64,19.38923732278492
14,65,23.104526771735266
14,66,25.748225128614404
14,67,23.49647396116375
14,68,23.765729832284414
14,69,24.909551565158342
14,70,23.34139863261454
14,71,25.18751114257336
14,72,23.237774141348293
14,73,19.69635521826902
14,74,20.02346650060852
14,75,20.486479489681592
14,76,17.77231729824781
14,77,14.739863441569735
14,78,11.725398779323168
14,79,10.955839901242273
14,80,14.411624468794868
14,81,14.071998146217558
14,82,11.22567238984979
14,83,13.76547914857191
14,84,16.53429638347933
14,85,15.185565291990608
14,86,15.092688662374005
14,87,18.27867324111652
14,88,20.013420521306433
14,89,20.649546704210326
15,1,23.59304173269224
15,2,19.932847214616018
15,3,18.508163482587566
15,4,16.891802775525914
15,5,15.5122032826121
15,6,14.274370142507768
15,7,12.206283042302772
15,8,10.63496543462868
15,9,10.026083474548155
15,10,8.532547306103233
15,11,6.161072012997115
15,12,5.007936965758311
15,13,5.4496338972072635
15,14,3.804902232258944
15,16,3.7974203868168597
15,17,5.3405686718240934
15,18,4.996774130159089
15,19,5.998284316104613
15,20,8.501425186992075
15,21,9.819624107201486
15,22,10.414922778151222
15,23,12.758497183921248
15,24,14.036109023649583
15,25,15.049302166519865
15,26,17.067808220029438
15,27,17.104332838767636
15,28,13.865967287057734
15,29,14.382938914865568
15,30,11.963405960937296
15,31,9.204654017223318
15,32,10.654256945738986
15,33,11.3023367040439
15,34,7.9444860441230025
15,35,6.933220311114292
15,36,10.431621853004138
15,37,10.388160763953346
15,38,7.8109872029972856
15,39,9.959808003917662
15,40,13.128500293665594
15,41,12.665536732222334
15,42,11.627942789224441
15,43,13.747140355786977
15,44,11.78819907330149
15,45,11.092983555814566
15,46,8.885489149468674
15,47,9.008034696605796
15,48,12.296935650316762
15,49,11.429573602589299
15,50,10.916479002166897
15,51,13.621531079172147
15,52,15.218523235069972
15,53,12.672475166251651
15,54,11.826060821556325
15,55,15.53188914699623
15,56,15.379096530914438
15,57,12.943516908526243
15,58,15.060812355512487
15,59,18.07074354640458
15,60,16.836623338644227
15,61,16.91862100441256
15,62,13.384636241225703
15,63,13.412363716698476
15,64,15.782553116082305
15,65,19.487801302344145
15,66,22.025520875864807
15,67,19.713828741697657
15,68,19.972987944779955
15,69,21.165868643075104
15,70,19.750001130569874
15,71,21.647672581203746
15,72,19.6248272526283
15,73,16.13295331065483
15,74,16.7906854027031
15,75,17.21899604774725
15,76,14.281673590317919
15,77,11.528221875780499
15,78,8.564712261591533
15,79,8.712866818968932
15,80,12.21665598702619
15,81,11.712938898148037
15,82,9.686162112587827
15,83,12.714561509546051
15,84,15.096985445629556
15,85,14.058443453611075
15,86,14.876337980163717
15,87,17.81119158828519
15,88,19.160608501506765
15,89,19.132021012894658
16,1,25.669314894217372
16,2,21.901573062213785
16,3,20.006693955095358
16,4,18.595881067641866
16,5,16.50922692108083
16,6,15.19364041502605
16,7,14.004774368426524
16,8,12.245420037058022
16,9,10.536911966793925
16,10,9.643765034338683
16,11,8.523724570117599
16,12,5.946672639818813
16,13,5.015197593585066
16,14,5.4898056714421095
16,15,3.7974203868168597
16,17,3.8146102403198427
16,18,5.444282641687209
16,19,5.048926302972394
16,20,6.106545687348415
16,21,8.544764503465471
16,22,9.934062702006663
16,23,11.289426387322532
16,24,11.987094162012607
16,25,13.788229988780001
16,26,16.23391206632655
16,27,17.036768013895347
16,28,14.08701257490479
16,29,15.438076899645814
16,30,13.702261998749266
16,31,10.290619400659164
16,32,11.784115098057036
16,33,13.480044202631449
16,34,10.701843392700992
16,35,8.979112566298486
16,36,12.617864021713599
16,37,13.451554852352034
16,38,10.921805642888927
16,39,12.17459261792081
16,40,15.723313272272327
16,41,15.774791706159425
16,42,14.312856264839235
16,43,15.829619190231199
16,44,13.122068573032212
16,45,11.56382137580691
16,46,8.345964129250996
16,47,7.63221011095581
16,48,10.280459373745053
16,49,8.54093173490889
16,50,7.828753864511349
16,51,11.08080683366076
16,52,12.40121313390807
16,53,10.18865477380463
16,54,10.135342598701873
16,55,13.914909447668364
16,56,13.824388789974389
16,57,12.263369077901078
16,58,14.650579999061094
16,59,17.471760489104287
16,60,16.640050800849448
16,61,17.42949281710741
16,62,14.314635052205432
16,63,14.39495588069638
16,64,17.285409921625117
16,65,20.806380580926074
16,66,23.001544739779018
16,67,20.31784206011364
16,68,20.031960617573706
16,69,20.603974074131436
16,70,18.57467162029635
16,71,20.505374896679648
16,72,19.05638115964815
16,73,15.31659925379641
16,74,15.700283111616978
16,75,16.930370416436446
16,76,14.4698248086089
16,77,11.438976076393539
16,78,9.530323865449256
16,79,9.055146410984328
16,80,12.852633189353908
16,81,13.396315324845913
16,82,11.729720027862351
16,83,14.10915796311505
16,84,16.9106805917761
16,85,16.59927032083558
16,86,17.24596199366487
16,87,19.768653591480803
16,88,21.53178131494817
16,89,21.227750534404098
17,1,26.388114991247317
17,2,22.64665667898523
17,3,21.17476061861604
17,4,20.314832820118173
17,5,18.483222221080545
17,6,16.47210780899748
17,7,15.165328358293001
17,8,14.28940269634723
17,9,12.417745530212256
17,10,10.448816952521621
17,11,9.849578041761722
17,12,8.481031231180793
17,13,6.1474104111102115
17,14,5.17383560698245
17,15,5.3405686718240934
17,16,3.8146102403198427
17,18,3.828207554778249
17,19,5.5415970244287385
17,20,5.264833223568771
17,21,6.125888835510349
17,22,8.558679252022886
17,23,10.431019792265573
17,24,10.304825817502792
17,25,11.375419914036325
17,26,14.257076833811496
17,27,14.69507526212878
17,28,11.481493159661659
17,29,13.366753196314061
17,30,11.61682107180947
17,31,8.301640714633626
17,32,10.822704300456591
17,33,12.637466629100896
17,34,10.148284331233516
17,35,9.469036002536921
17,36,13.301564691622502
17,37,14.137710905901569
17,38,12.432878950484845
17,39,14.196401707331422
17,40,17.41532386574946
17,41,17.535413204383413
17,42,16.77451320344289
17,43,18.48295168112671
17,44,16.091417221394533
17,45,14.385100101192402
17,46,11.299808560892863
17,47,11.224330063622853
17,48,13.811860406998623
17,49,11.692235211998582
17,50,10.425979316676074
17,51,13.772098048439327
17,52,14.202666268109972
17,53,11.46403427188025
17,54,12.305846621466495
17,55,15.852843773131834
17,56,14.871613574811931
17,57,13.370528785811711
17,58,16.406428265512805
17,59,18.69275674393507
17,60,17.199164926943656
17,61,18.407935098924803
17,62,15.205155502087253
17,63,16.17363817126351
17,64,19.245234247951252
17,65,22.664912145356837
17,66,25.21608925035358
17,67,22.862167081056377
17,68,22.295079561761064
17,69,23.107873676378183
17,70,21.165264146636343
17,71,23.485593996531257
17,72,22.233196027283235
17,73,18.495059312666754
17,74,19.21952763635117
17,75,20.555513562367782
17,76,17.904997740014615
17,77,15.100712129612644
17,78,12.980169973218214
17,79,12.690517708068537
17,80,16.473522160459034
17,81,16.669921785717428
17,82,14.64996344955253
17,83,17.19943855849958
17,84,20.002783869758446
17,85,19.188396481481924
17,86,19.573996751680852
17,87,22.46041413093648
17,88,24.18062912922276
17,89,24.236361390179272
18,1,27.484637422183788
18,2,23.85361637992233
18,3,22.736441124023685
18,4,21.507875534890783
18,5,20.161332793763705
18,6,18.45135636401044
18,7,16.45116810911586
18,8,15.415114165135304
18,9,14.413144314076069
18,10,12.320817612297608
18,11,10.582834209439442
18,12,9.735323429824296
18,13,8.655279545392062
18,14,6.337500876912977
18,15,4.996774130159089
18,16,5.444282641687209
18,17,3.828207554778249
18,19,3.8185069959924505
18,20,5.468934114367555
18,21,5.186813425540184
18,22,5.9720032286657645
18,23,8.850371219378303
18,24,9.852950827752107
18,25,10.22786286517178
18,26,12.306308209797063
18,27,12.255279933727882
18,28,9.003418728854856
18,29,10.119267593602716
18,30,8.330422309104398
18,31,4.891519879284521
18,32,7.122377497835989
18,33,8.843041444928383
18,34,6.631915253065453
18,35,6.024836027459954
18,36,9.779310373385147
18,37,10.85571602415795
18,38,9.842404575671644
18,39,11.564606583753477
18,40,14.463746436052983
18,41,14.97911172432629
18,42,14.861160552754914
18,43,16.364539260685767
18,44,14.344841202872747
18,45,12.629377447969016
18,46,10.204721710076925
18,47,11.381709973567224
18,48,14.61854827973103
18,49,13.39251632449505
18,50,11.523051576306488
18,51,14.168364406315751
18,52,14.497462180809242
18,53,11.170659347250771
18,54,11.435839203914686
18,55,14.75587011538129
18,56,13.402155342811858
18,57,11.156038534565043
18,58,14.236017387781525
18,59,16.405200021954872
18,60,14.434030079638937
18,61,15.34067993344218
18,62,11.950297969304648
18,63,13.349527633775432
18,64,16.36430257477606
18,65,19.693950618068065
18,66,22.548112144731483
18,67,20.601010728976917
18,68,20.07509278903367
18,69,21.425540850698503
18,70,20.026211622589063
18,71,22.63994210608
18,72,21.16980438334505
18,73,17.63091678207504
18,74,19.031605360548944
18,75,20.03834087463537
18,76,16.9036604634844
18,77,14.719424008049451
18,78,12.329313828797009
18,79,13.133637110051993
18,80,16.677466925665232
18,81,16.122347637001912
18,82,14.520223867606438
18,83,17.66679147662308
18,84,19.887280066866367
18,85,18.698666649920888
18,86,19.681253387886315
18,87,22.731590040931636
18,88,23.869042351863367
18,89,23.740517360492067
19,1,29.56788579933407
19,2,25.88588853069778
19,3,24.34682526145923
19,4,22.710104531136114
19,5,21.00297931969448
19,6,19.826126658860385
19,7,18.109179669304325
19,8,16.32290091850983
19,9,15.252427640341706
19,10,14.044358039683228
19,11,12.133474152005675
19,12,10.188403033812516
19,13,9.792375854604455
19,14,8.69222511675682
19,15,5.998284316104613
19,16,5.048926302972394
19,17,5.5415970244287385
19,18,3.8185069959924505
19,20,3.81423994838204
19,21,5.6439422439200895
19,22,5.361078890777845
19,23,6.883140751182411
19,24,8.733842392710974
19,25,10.268069526086881
19,26,11.926690875707076
19,27,12.862388606845316
19,28,10.434084074002598
19,29,11.506357954189381
19,30,10.682004968076688
19,31,7.014834780016078
19,32,7.438016810025977
19,33,9.997670500703975
19,34,8.422781819361699
19,35,5.919839343495683
19,36,9.315111194088468
19,37,11.356278620944806
19,38,9.942622932301692
19,39,10.389434286564
19,40,13.729103810742826
19,41,14.895571913904128
19,42,14.25639545215302
19,43,14.961444863169648
19,44,12.31711847040067
19,45,9.86519268793777
19,46,7.026650228590278
19,47,8.553206827054305
19,48,11.697493835458626
19,49,10.896653289759968
19,50,8.426959506140474
19,51,10.601206889763349
19,52,10.909249193606405
19,53,7.580089372385533
19,54,7.626549595495661
19,55,10.979706433422958
19,56,9.915668608981253
19,57,7.904756721072966
19,58,10.92205993665524
19,59,13.238912617610712
19,60,11.8737304448533
19,61,12.999114429457862
19,62,10.009757644681576
19,63,11.000191463993179
19,64,14.391014863386241
19,65,17.57065714603116
19,66,20.042226943115256
19,67,17.780933942939065
19,68,16.93285083597797
19,69,17.934881312968553
19,70,16.318358063839913
19,71,18.99175456804199
19,72,17.780286408564162
19,73,14.196509642344937
19,74,15.777066473261447
19,75,17.153634086991232
19,76,14.166521831829677
19,77,12.237155418096783
19,78,10.656628176635595
19,79,11.864131954200134
19,80,15.293418433200808
19,81,15.149696364671595
19,82,14.349645285043426
19,83,17.344910186790326
19,84,19.439540972462034
19,85,18.87650580746214
