1,2,3.8881659656058503
1,3,6.5538779068321364
1,4,9.770600791079822
1,5,11.934534407964923
1,6,10.99161718159873
1,7,10.95744022277049
1,8,14.25716468642607
1,9,15.654589457553152
1,10,14.917179380871547
1,11,16.625126381174777
1,12,19.454991615148938
1,13,20.031278378690395
1,14,20.161000010525097
1,15,22.539865294474204
1,16,24.445415869030764
1,17,25.000114661946384
1,18,26.382052681783644
1,19,28.508035208012554
1,20,30.017024622741584
1,21,30.909114017004175
1,22,32.17882766578815
1,23,34.73376161421538
1,24,35.86015992882593
1,25,36.311983166901484
1,26,33.19890405897527
1,27,29.719330068247583
1,28,28.954241495365242
1,29,31.348116920036556
1,30,29.941184436551254
1,31,26.40961730774401
1,32,27.951423474418565
1,33,30.00756208570732
1,34,27.18013124638831
1,35,25.119064917089887
1,36,28.365860247506784
1,37,29.249924600621025
1,38,25.988105664584932
1,39,24.921660504003565
1,40,28.627871341767506
1,41,28.84639221900027
1,42,30.558351656271217
1,43,29.640630241133803
1,44,28.482103191106628
1,45,30.162444346374215
1,46,28.579981463252402
1,47,30.558744844118976
1,48,33.99926814204452
1,49,36.01687667381157
1,50,33.65415346722325
1,51,33.73416832116618
1,52,37.5877548654424
1,53,37.831047857454124
1,54,35.970266213129726
1,55,39.0104494854165
1,56,41.00379297474522
1,57,38.933080991630426
1,58,38.329773563846615
1,59,34.55220834629497
1,60,34.498137151906114
1,61,36.82204085010861
1,62,38.17152918674306
1,63,39.540973809914796
1,64,38.719788587415515
1,65,40.428313849737926
1,66,43.83427380097327
1,67,44.93320034122507
1,68,43.21626399275044
1,69,40.720542967709605
1,70,40.1075754211866
1,71,37.23406464819736
1,72,33.592633095280625
1,73,30.122668381727415
1,74,27.87632010498812
1,75,25.104811431722993
1,76,22.769266462623346
1,77,23.355446404464903
1,78,22.813750545083984
1,79,19.427859613589565
1,80,18.469555494714356
1,81,20.106681431527544
1,82,18.277778863200496
1,83,14.796133191329861
1,84,16.698331515854868
1,85,18.275470953539642
1,86,21.796469559943198
1,87,23.349499813360122
1,88,24.885027139552207
2,1,3.8881659656058503
2,3,3.842699443910396
2,4,6.363959677359316
2,5,8.672846506837264
2,6,7.809190631023756
2,7,7.214924171528848
2,8,10.421223613155894
2,9,12.098831088652584
2,10,11.516913694937905
2,11,12.942698384426851
2,12,15.725621471132285
2,13,16.60751307388796
2,14,16.797714419971687
2,15,18.92214007051503
2,16,20.89201153126323
2,17,21.722288433841452
2,18,23.022677729393532
2,19,24.94190753401523
2,20,26.60553007738904
2,21,27.68052761079527
2,22,28.788493585495562
2,23,31.26462498662833
2,24,32.58407931131602
2,25,33.14442196757175
2,26,30.194516318213935
2,27,26.780254397857828
2,28,25.75172853880905
2,29,27.987151388110217
2,30,26.70478939509568
2,31,23.082209011166544
2,32,24.38134179228034
2,33,26.459485410256924
2,34,23.74355296027441
2,35,21.478187043905585
2,36,24.633887554585705
2,37,25.663779312654096
2,38,22.48972579447833
2,39,21.237414469550526
2,40,24.90906764400192
2,41,25.005395453506765
2,42,26.69295497519012
2,43,25.793394870269704
2,44,24.64589971060065
2,45,26.39563276635246
2,46,24.934786665935796
2,47,26.885208690710957
2,48,30.266967018715224
2,49,32.34613468629008
2,50,29.97928187091375
2,51,29.933862878690686
2,52,33.78440135074568
2,53,34.10014752102845
2,54,32.203706490798766
2,55,35.217122716508605
2,56,37.28297018864517
2,57,35.2993810737976
2,58,34.646159506233936
2,59,30.87057108776961
2,60,30.728790609579725
2,61,33.1248857051707
2,62,34.42785515158743
2,63,35.89499863570702
2,64,35.05485055931061
2,65,36.658212481400575
2,66,40.09129035866295
2,67,41.14231087309246
2,68,39.36861174538408
2,69,36.85318371970076
2,70,36.22320962470081
2,71,33.37015226152558
2,72,29.721289545681575
2,73,26.274522186286227
2,74,24.00359549055321
2,75,21.21740147244737
2,76,18.909434731348618
2,77,19.554527597376268
2,78,18.999136032992467
2,79,15.562789157105195
2,80,14.728343043178569
2,81,16.530769973598133
2,82,14.713185420337844
2,83,11.273737743233909
2,84,13.52892979498995
2,85,15.294884021205656
2,86,18.66696412838926
2,87,20.066765387753968
2,88,21.936298924709128
3,1,6.5538779068321364
3,2,3.842699443910396
3,4,3.8118140285126936
3,5,5.516892028072214
3,6,5.8651249168062725
3,7,6.631105255070562
3,8,8.88197021782393
3,9,10.391995200923335
3,10,11.062007400856517
3,11,12.682058381923145
3,12,14.670430830779871
3,13,15.862972441407857
3,14,16.853875796330648
3,15,18.63538071254636
3,16,20.15912672600151
3,17,21.50622991814824
3,18,23.128799919870804
3,19,24.542996562306136
3,20,26.117774031345373
3,21,27.706210022838487
3,22,28.830733207649832
3,23,30.92327761179343
3,24,32.343964945487095
3,25,33.33214968004982
3,26,31.12126293273973
3,27,27.913944168008236
3,28,26.37606210470627
3,29,28.448215001175083
3,30,27.55377996816624
3,31,23.799530470464394
3,32,24.515262871561497
3,33,26.72158378631654
3,34,24.31697246238811
3,35,21.575138672188956
3,36,24.346744087889885
3,37,25.717211429594776
3,38,22.70551594901712
3,39,20.84667848820894
3,40,24.28352913005619
3,41,24.022563183385575
3,42,25.679557520094217
3,43,24.626557586284775
3,44,22.987326370604784
3,45,24.260624431517876
3,46,22.815028085691477
3,47,25.192434177280536
3,48,28.464182601633034
3,49,30.82232712870016
3,50,28.823208083156857
3,51,28.642302704458114
3,52,32.44484352875946
3,53,33.14596110725186
3,54,31.449534388406924
3,55,34.468283337265596
3,56,36.66995958971889
3,57,35.03906561636997
3,58,34.39383361366721
3,59,30.647870396846635
3,60,30.24046947389319
3,61,32.85794730687641
3,62,33.86979514809924
3,63,35.49366926333864
3,64,34.34959443393814
3,65,35.68973012844377
3,66,39.07287965386291
3,67,39.7861618987013
3,68,37.954294602320914
3,69,35.58171248904524
3,70,34.62590914635427
3,71,31.648255044309693
3,72,28.172698742621538
3,73,24.67055584722786
3,74,22.261871702036153
3,75,19.919039581164192
3,76,17.151793337664945
3,77,17.483698603555556
3,78,17.564070940747182
3,79,14.299307859216695
3,80,12.64716217440522
3,81,14.704817123767128
3,82,13.739551614220682
3,83,10.001611765882842
3,84,11.502441288856042
3,85,14.015483963141758
3,86,17.028075532590886
3,87,18.961987893828976
3,88,21.174950652563002
4,1,9.770600791079822
4,2,6.363959677359316
4,3,3.8118140285126936
4,5,3.8441126776346093
4,6,5.8862856490194275
4,7,5.543070590964374
4,8,6.224844023840862
4,9,8.732904898769656
4,10,10.10966230692878
4,11,10.755331010848701
4,12,12.416857967966239
4,13,14.40244847281929
4,14,15.425478739971082
4,15,16.50163888129022
4,16,18.200044644376078
4,17,20.068888134835223
4,18,21.381150842367635
4,19,22.37648793087287
4,20,24.298158881762056
4,21,26.129054719151615
4,22,26.863574483384944
4,23,28.850575834474704
4,24,30.639009572167733
4,25,31.709356995966367
4,26,29.52656292941983
4,27,26.417882587975967
4,28,24.652106022923856
4,29,26.32778150664224
4,30,25.466016867598274
4,31,21.721546367956417
4,32,22.058033764434878
4,33,24.045573964820505
4,34,21.717758176300215
4,35,18.757432774245377
4,36,21.234260881044257
4,37,22.599192185996298
4,38,19.626933622411933
4,39,17.47807170360738
4,40,20.789472587429238
4,41,20.5635302355642
4,42,22.4262716828885
4,43,21.640105823462594
4,44,20.002484638115078
4,45,21.30957411017021
4,46,20.294377073198238
4,47,22.729272737213318
4,48,25.7771926130809
4,49,28.346995010938603
4,50,26.38281154053994
4,51,25.821490382379007
4,52,29.583913017797034
4,53,30.48516492036519
4,54,28.626011458844587
4,55,31.47609595084102
4,56,33.89964283392437
4,57,32.401423879903426
4,58,31.516723858939734
4,59,27.829844915139265
4,60,27.1123833413037
4,61,29.67825674452129
4,62,30.467298813304772
4,63,32.04037628976049
4,64,30.74444138311624
4,65,32.07502129402912
4,66,35.406701120817246
4,67,36.08395844804848
4,68,34.336331656726934
4,69,32.07271240317239
4,70,31.16021056810858
4,71,28.084910799074674
4,72,24.627766443479395
4,73,21.054311391236837
4,74,18.829292015535803
4,75,16.6189587361713
4,76,13.964235961751056
4,77,13.925251081639665
4,78,13.909255000096715
4,79,10.84666270857702
4,80,8.9729102129915
4,81,10.893365077889607
4,82,10.117262014805476
4,83,6.372361902648732
4,84,7.9157366999058585
4,85,10.629159569394064
4,86,13.420477284721938
4,87,15.318673522333052
4,88,17.762899574903784
5,1,11.934534407964923
5,2,8.672846506837264
5,3,5.516892028072214
5,4,3.8441126776346093
5,6,3.775064055703467
5,7,5.478406445006551
5,8,5.258705164327626
5,9,6.2033720914267265
5,10,8.623065970212217
5,11,10.05176459971927
5,12,10.728686080290299
5,13,12.356768157541085
5,14,14.234571494943888
5,15,15.382354731532013
5,16,16.310612541778262
5,17,18.309190363369908
5,18,20.17333695260177
5,19,20.895956479441306
5,20,22.38259674162774
5,21,24.55113428354655
5,22,25.60174962314859
5,23,27.202882217850338
5,24,28.780024211045088
5,25,30.236643881419656
5,26,28.990301819948005
5,27,26.16353215366833
5,28,23.96681983426243
5,29,25.770475407306076
5,30,25.47002530439069
5,31,21.663154624943527
5,32,21.587839916023974
5,33,24.002742418898865
5,34,22.190913003241477
5,35,18.938985642701113
5,36,21.18849275806041
5,37,23.129791668201182
5,38,20.612622627972954
5,39,18.11210229881584
5,40,21.13793287789018
5,41,20.21675582059579
5,42,21.56211894619714
5,43,20.21355123598851
5,44,18.125426621533663
5,45,19.017255678528972
5,46,17.56750479071541
5,47,20.228496261755897
5,48,23.374790669371016
5,49,25.933248287323188
5,50,24.274834718108625
5,51,23.98571401700943
5,52,27.704993803587648
5,53,28.736768695160503
5,54,27.302807432560183
5,55,30.338754219059233
5,56,32.593194213144415
5,57,31.366671250216445
5,58,30.827613318574596
5,59,27.170035525426588
5,60,26.597375691320053
5,61,29.529900292361376
5,62,30.349618579874775
5,63,32.3160008376777
5,64,31.0287606721638
5,65,31.904179163281043
5,66,35.297978544940385
5,67,35.65577814075607
5,68,33.60025686828248
5,69,31.24101392140575
5,70,29.939069615041618
5,71,27.00521708687439
5,72,23.702088347741224
5,73,20.32486134695436
5,74,17.602995980334526
5,75,15.689250522530351
5,76,12.453390356299144
5,77,12.85893110379928
5,78,13.786085333449842
5,79,10.69479657455276
5,80,8.547212223162697
5,81,11.469341159912922
5,82,11.60348996536268
5,83,8.381743039110304
5,84,9.530100001223893
5,85,12.861110383962252
5,86,14.89105811743175
5,87,16.83949918790194
5,88,19.797992848087624
6,1,10.99161718159873
6,2,7.809190631023756
6,3,5.8651249168062725
6,4,5.8862856490194275
6,5,3.775064055703467
6,7,3.813348835160174
6,8,5.589197617059294
6,9,5.106100265062069
6,10,6.087575216351179
6,11,8.678917464528787
6,12,9.909250192510896
6,13,10.474188059133589
6,14,12.158197363365243
6,15,14.145527979534785
6,16,14.979371734374059
6,17,16.28680336546841
6,18,18.4160987149165
6,19,19.690035137968938
6,20,20.831540232356094
6,21,22.63123744552744
6,22,24.081376630056614
6,23,25.873458437719183
6,24,27.05648500028164
6,25,28.34058532407302
6,26,27.0668799580771
6,27,24.194743959902716
6,28,22.174415431327958
6,29,24.43007548110176
6,30,24.181362460771933
6,31,20.37040052681994
6,32,20.712493522649115
6,33,23.46698893310306
6,34,21.686511722165047
6,35,18.70356430027896
6,36,21.37500799875964
6,37,23.43287963225629
6,38,21.034583026097117
6,39,18.96973716038797
6,40,22.173909929762534
6,41,21.130430333083158
6,42,22.054747835524278
6,43,20.346939881527938
6,44,18.571281554510986
6,45,19.828184150928077
6,46,17.845805438975383
6,47,20.03247265014382
6,48,23.513366726941737
6,49,25.6108756235466
6,50,23.683139816350533
6,51,23.931916455701828
6,52,27.717693146785056
6,53,28.297884271595827
6,54,27.00530842496026
6,55,30.271599475757977
6,56,32.16539718288873
6,57,30.69082747963032
6,58,30.50333837768472
6,59,26.77372137543825
6,60,26.73406104510005
6,61,29.7572063114529
6,62,31.025628957352016
6,63,33.16674390906103
6,64,32.28066856544826
6,65,33.11238924727805
6,66,36.65518906321216
6,67,37.179629759769654
6,68,34.912342958460755
6,69,32.25088735048133
6,70,31.03395857156451
6,71,28.401986486678453
6,72,24.971570930730227
6,73,21.82376972360027
6,74,18.838316448006854
6,75,16.448222171207
6,76,13.374858235998955
6,77,14.727220505477979
6,78,15.408869448065046
6,79,11.872050036272274
6,80,10.816430796206754
6,81,14.036092380340392
6,82,13.51658668830032
6,83,10.555327130809507
6,84,12.625758690145028
6,85,15.594856229574912
6,86,17.815990737396465
6,87,19.242206919972833
6,88,22.214864907313547
7,1,10.95744022277049
7,2,7.214924171528848
7,3,6.631105255070562
7,4,5.543070590964374
7,5,5.478406445006551
7,6,3.813348835160174
7,8,3.8729091883452886
7,9,5.317680734094448
7,10,4.87926406236116
7,11,6.099438497912335
7,12,8.519980635380808
7,13,9.682997614200854
7,14,10.286025332002271
7,15,12.073555995073715
7,16,13.81620160940898
7,17,15.082613802536695
7,18,16.51098027495156
7,19,18.024904175300016
7,20,19.70664718684734
7,21,21.17276108148751
7,22,22.212747802288465
7,23,24.404410306641978
7,24,25.881613703540435
7,25,26.76311675031406
7,26,24.61520868834424
7,27,21.524317134559006
7,28,19.793924748502675
7,29,21.894193560110146
7,30,21.21390957164175
7,31,17.418021351088424
7,32,18.08438424030223
7,33,20.558438662075147
7,34,18.433168535826706
7,35,15.665921087443458
7,36,18.62046037932488
7,37,20.3399769718341
7,38,17.734697814192664
7,39,16.03552700347309
7,40,19.48760688460525
7,41,18.879282876732443
7,42,20.071182297202657
7,43,18.79846298435564
7,44,17.619227483464645
7,45,19.524671460520953
7,46,17.975083073653963
7,47,19.71817310269671
7,48,23.128925409163372
7,49,25.13976431498371
7,50,22.78000000518719
7,51,22.789861901356048
7,52,26.641279047633102
7,53,26.982699009980553
7,54,25.256921730121107
7,55,28.390460819224547
7,56,30.383683086397777
7,57,28.61206425766869
7,58,28.16155375153793
7,59,24.386002017405367
7,60,24.341822342953755
7,61,27.107836641415247
7,62,28.504177614090143
7,63,30.439441685828125
7,64,29.72957369357045
7,65,30.86148897981396
7,66,34.43161414577125
7,67,35.29645910814523
7,68,33.177109205654084
7,69,30.45347022380155
7,70,29.644039877866152
7,71,27.02697951121612
7,72,23.383153951980155
7,73,20.1864046169943
7,74,17.516926962947878
7,75,14.626124571564091
7,76,12.200922054539884
7,77,13.627348317852837
7,78,13.399722711531838
7,79,9.654939131822955
7,80,9.557522312332063
7,81,12.390366140158477
7,82,10.987251361987022
7,83,8.398125587792778
7,84,11.397245702936155
7,85,13.70342541315692
7,86,16.13249943868373
7,87,16.95838678200314
7,88,19.780501379354853
8,1,14.25716468642607
8,2,10.421223613155894
8,3,8.88197021782393
8,4,6.224844023840862
8,5,5.258705164327626
8,6,5.589197617059294
8,7,3.8729091883452886
8,9,3.8019148593662506
8,10,5.541697358430053
8,11,5.215356307097052
8,12,6.212366947956532
8,13,8.646404782143701
8,14,9.849126486654608
8,15,10.474077348305151
8,16,12.040714438557577
8,17,14.194137439641347
8,18,15.47769599644421
8,19,16.209405166643258
8,20,18.157499813087107
8,21,20.156537102272615
8,22,20.827425311976985
8,23,22.665336152018014
8,24,24.5291269779439
8,25,25.72832994393376
8,26,24.085889403253653
8,27,21.277141218518288
8,28,19.0530711386607
8,29,20.654050609317373
8,30,20.284096772538657
8,31,16.495288470868747
8,32,16.385686169442817
8,33,18.75683978665232
8,34,16.982854475616183
8,35,13.728082941971548
8,36,16.130410336295828
8,37,18.135726256147297
8,38,15.786670519152201
8,39,13.46181671062776
8,40,16.605982656032214
8,41,15.685319216772749
8,42,16.943818358935427
8,43,15.746210080442568
8,44,14.2751743157931
8,45,16.025548797651687
8,46,14.851924932364511
8,47,16.85031774261182
8,48,20.02435045578859
8,49,22.36919222659921
8,50,20.229340516566896
8,51,19.828074732025716
8,52,23.6405413865367
8,53,24.36101455879177
8,54,22.616910982662407
8,55,25.63017737685261
8,56,27.874776629390762
8,57,26.42360576062404
8,58,25.79819076535521
8,59,22.095802199942046
8,60,21.657887246630626
8,61,24.546520000249856
8,62,25.626910333415314
8,63,27.66364194514264
8,64,26.709579875824986
8,65,27.635475113251417
8,66,31.16453004440091
8,67,31.81767488308121
8,68,29.680738656324916
8,69,27.071734828973753
8,70,26.10759978772867
8,71,23.37738393417204
8,72,19.81029336089857
8,73,16.55707911485688
8,74,13.843454950471328
8,75,11.23666764988458
8,76,8.546645312467575
8,77,9.783873868463402
8,78,9.91993397704966
8,79,6.295958696056595
8,80,5.962419463745928
8,81,9.228378861961776
8,82,8.597154614873384
8,83,6.67671034150901
8,84,9.306551151102505
8,85,11.86570351420507
8,86,13.560129114621303
8,87,14.359922632102869
8,88,17.599928790897867
9,1,15.654589457553152
9,2,12.098831088652584
9,3,10.391995200923335
9,4,8.732904898769656
9,5,6.2033720914267265
9,6,5.106100265062069
9,7,5.317680734094448
9,8,3.8019148593662506
9,10,3.9074566367473706
9,11,5.514127305397669
9,12,5.116190583151769
9,13,6.197382124684282
9,14,8.592182834682722
9,15,9.812580386321853
9,16,10.242333509471342
9,17,12.179610890299044
9,18,14.304547021314075
9,19,15.016164170885679
9,20,16.241488676628528
9,21,18.44228811012616
9,22,19.69133856621194
9,23,21.193874050423165
9,24,22.61214594272584
9,25,24.147248538578452
9,26,23.490505281829567
9,27,20.975979116326315
9,28,18.423348758262975
9,29,20.38911569376783
9,30,20.63033383925587
9,31,16.864628369672246
9,32,16.549826630802073
9,33,19.488278104807307
9,34,18.284594682097822
9,35,15.022488605009812
9,36,17.304637430318518
9,37,19.841930254797603
9,38,18.0289445388735
9,39,15.706368037380408
9,40,18.51639534690661
9,41,16.911336109606644
9,42,17.38100406635181
9,43,15.386112529461649
9,44,13.576822129995591
9,45,15.00737331223924
9,46,13.006201061561832
9,47,14.998205841146484
9,48,18.483021675029093
9,49,20.567734844055096
9,50,18.62955289626734
9,51,18.838449651464224
9,52,22.61659294659822
9,53,23.246723198667137
9,54,22.05385172106477
9,55,25.355200422196198
9,56,27.227745287747176
9,57,25.946513866874362
9,58,25.859832050705094
9,59,22.19899263077629
9,60,22.18196775110993
9,61,25.42556949612945
9,62,26.716204617608863
9,63,29.15548971612588
9,64,28.381038422450565
9,65,28.860661175666852
9,66,32.45627871565623
9,67,32.867437308323204
9,68,30.380569720609756
9,69,27.586403503989327
9,70,26.27604242160434
9,71,23.856377713678764
9,72,20.465944286295613
9,73,17.60632648272475
9,74,14.346852404329994
9,75,11.975232645800398
9,76,8.84929627299043
9,77,11.005065838237213
9,78,12.016775105481615
9,79,8.660761777118111
9,80,8.459485298943482
9,81,12.160775605615456
9,82,12.085549409174542
9,83,10.40218740863962
9,84,12.60896160170654
9,85,15.451951744419063
9,86,16.799679917951693
9,87,17.615499212341
9,88,21.04904152724253
10,1,14.917179380871547
10,2,11.516913694937905
10,3,11.062007400856517
10,4,10.10966230692878
10,5,8.623065970212217
10,6,6.087575216351179
10,7,4.87926406236116
10,8,5.541697358430053
10,9,3.9074566367473706
10,11,3.8546684223045933
10,12,5.507118836732875
10,13,5.117453613418048
10,14,6.099095338815237
10,15,8.572512412667727
10,16,9.632427279600137
10,17,10.468576992085058
10,18,12.42641102963087
10,19,14.087132660725418
10,20,15.265739327350072
10,21,16.717858576589776
10,22,18.178622370257102
10,23,20.21521264859922
10,24,21.35715216363407
10,25,22.385864105625316
10,26,21.028402269141612
10,27,18.264934487448873
10,28,16.15173081699538
10,29,18.584568588435108
10,30,18.545980713593536
10,31,14.790693112829327
10,32,15.261205805887775
10,33,18.342380305467934
10,34,16.902964387741438
10,35,14.176782313846578
10,36,17.08139188268868
10,37,19.397558939012153
10,38,17.539034054612028
10,39,15.965688690666399
10,40,19.0639176234735
10,41,17.760641973594566
10,42,18.060272930348958
10,43,16.10146552723749
10,44,15.097671251862874
10,45,17.200711525773407
10,46,15.0909953837328
10,47,16.245533906516698
10,48,19.901976033661477
10,49,21.419800294689267
10,50,18.9470752543081
10,51,19.559761966143544
10,52,23.37378155526222
10,53,23.371098992965187
10,54,22.034793528018103
10,55,25.436002442980858
10,56,26.996226216932538
10,57,25.24475897991523
10,58,25.333772799688482
10,59,21.593383196554576
10,60,22.118300917089567
10,61,25.208942250410914
10,62,26.98867433225171
10,63,29.382154121714034
10,64,29.064018429376276
10,65,29.74654300121884
10,66,33.440092898626744
10,67,34.218932431020356
10,68,31.708166614562018
10,69,28.667909156098112
10,70,27.72394691001646
10,71,25.578309800352013
10,72,22.00878491678056
10,73,19.340022136464967
10,74,16.22960704345999
10,75,13.21499900962662
10,76,10.925183472202077
10,77,13.556691032381478
10,78,13.69981156718974
10,79,10.080664907173267
10,80,11.02535454694918
10,81,14.3629673844129
10,82,13.30007194113529
10,83,11.794611517974307
10,84,14.793970147029151
10,85,17.09271053317637
10,86,18.851662010488162
10,87,19.129159537838408
10,88,22.316443518734424
11,1,16.625126381174777
11,2,12.942698384426851
11,3,12.682058381923145
11,4,10.755331010848701
11,5,10.05176459971927
11,6,8.678917464528787
11,7,6.099438497912335
11,8,5.215356307097052
11,9,5.514127305397669
11,10,3.8546684223045933
11,12,3.8299660381451357
11,13,5.399931935363919
11,14,4.947939347475951
11,15,6.01827017234588
11,16,8.35600594111951
11,17,9.795936903491414
11,18,10.650234040327673
11,19,12.062806553267128
11,20,14.107129214441052
11,21,15.52147568790728
11,22,16.22287336916963
11,23,18.494513972504485
11,24,20.22944422893785
11,25,21.015977911059757
11,26,18.986918054152884
11,27,16.141062064205194
11,28,14.006559710377573
11,29,15.923391435841543
11,30,15.585567288291976
11,31,11.767423731578438
11,32,12.107593982317786
11,33,14.875631519950396
11,34,13.261860031327785
11,35,10.417055862688596
11,36,13.399498084371615
11,37,15.574293233440292
11,38,13.694758298897273
11,39,12.216004160420114
11,40,15.373848216649323
11,41,14.327088449786768
11,42,14.900244267342437
11,43,13.463709389568852
11,44,13.020601106738658
11,45,15.701061899224378
11,46,14.313998307417158
11,47,15.12461504572605
11,48,18.49433774887447
11,49,20.115029172090207
11,50,17.338186777936336
11,51,17.422309133650824
11,52,21.26811556034149
11,53,21.244131340946094
11,54,19.41247641757102
11,55,22.606680109638617
11,56,24.436683147603073
11,57,22.553357347276982
11,58,22.24206189934244
11,59,18.4611167335781
11,60,18.759909908736418
11,61,21.672047316392725
11,62,23.42480812599185
11,63,25.67850659470706
11,64,25.414064523378308
11,65,26.278655828632083
11,66,29.974423465541665
11,67,30.97040429901719
11,68,28.603749315362283
11,69,25.570568091688486
11,70,24.957646172829723
11,71,22.779958055681686
11,72,19.06082537750922
11,73,16.371503291791633
11,74,13.61145611131917
11,75,10.20085444636332
11,76,8.718823938163158
11,77,11.357365062835212
11,78,10.715687539786021
11,79,7.215160110413853
11,80,9.30930995372041
11,81,12.151903427723166
11,82,10.701307999974262
11,83,10.203536991800805
11,84,13.47865399819897
11,85,15.171954352144041
11,86,16.64097869228647
11,87,16.2953386936733
11,88,19.45967370238609
12,1,19.454991615148938
12,2,15.725621471132285
12,3,14.670430830779871
12,4,12.416857967966239
12,5,10.728686080290299
12,6,9.909250192510896
12,7,8.519980635380808
12,8,6.212366947956532
12,9,5.116190583151769
12,10,5.507118836732875
12,11,3.8299660381451357
12,13,3.775311566681908
12,14,5.384501169141418
12,15,4.991591892102761
12,16,5.8587181210223
12,17,8.4779836496218
12,18,9.861962973556542
12,19,10.171975479068308
12,20,11.984296046392434
12,21,14.238373307601384
12,22,14.961228299006372
12,23,16.537829265044422
12,24,18.38777083925734
12,25,19.79876648467212
12,26,19.103119267931564
12,27,16.843476669949712
12,28,13.96768237106291
12,29,15.547426931551257
12,30,16.045068558494812
12,31,12.399969361728079
12,32,11.589980306420385
12,33,14.630669073444206
12,34,13.904855593816862
12,35,10.601605731605474
12,36,12.68710734335034
12,37,15.54930006825057
12,38,14.36913013201119
12,39,12.240588352650995
12,40,14.703504777279827
12,41,12.781143965148356
12,42,12.773079582428199
12,43,10.710077310373999
12,44,9.654338245130697
12,45,12.069934485396004
12,46,10.489588274149044
12,47,11.481731422791547
12,48,14.896060380632038
12,49,16.716419698753132
12,50,14.280326312580575
12,51,14.357740337012808
12,52,18.20439690001532
12,53,18.54805481863822
12,54,17.104243643464343
12,55,20.411405380266366
12,56,22.262160466998417
12,57,20.868798736521033
12,58,20.763499096911307
12,59,17.09907376748481
12,60,17.254640523402035
12,61,20.56886199603082
12,62,22.10201980546284
12,63,24.730603718090954
12,64,24.3076275814834
12,65,24.6448914912748
12,66,28.3306251285276
12,67,28.92830305389998
12,68,26.305887779788268
12,69,23.26510543929806
12,70,22.224838149213348
12,71,20.139289228997907
12,72,16.623697912098688
12,73,14.182573522421366
12,74,10.93897827205042
12,75,8.015384178423837
12,76,5.961242166708479
12,77,9.27796092505101
12,78,9.67859833629671
12,79,6.855256554807346
12,80,8.706419974492231
12,81,11.911742742266796
12,82,11.593317487537568
12,83,11.54864997516409
12,84,14.082979962735342
12,85,16.13425623315036
12,86,16.828782385541917
12,87,16.588855913744688
12,88,20.12879632048537
13,1,20.031278378690395
13,2,16.60751307388796
13,3,15.862972441407857
13,4,14.40244847281929
13,5,12.356768157541085
13,6,10.474188059133589
13,7,9.682997614200854
13,8,8.646404782143701
13,9,6.197382124684282
13,10,5.117453613418048
13,11,5.399931935363919
13,12,3.775311566681908
13,14,3.7822563534310896
13,15,5.390409664938081
13,16,4.793375935411851
13,17,6.001211386954503
13,18,8.571021180640914
13,19,9.619545794251666
13,20,10.36702704404224
13,21,12.32562847678559
13,22,13.940125092414467
13,23,15.491264783978439
13,24,16.597055320221425
13,25,18.05300033138527
13,26,17.982694072179225
13,27,15.8930067280003
13,28,13.009914121584522
13,29,15.308680678784345
13,30,16.219820814420476
13,31,12.732320589309065
13,32,12.327846688561827
13,33,15.866153886467844
13,34,15.470552958760335
13,35,12.698575774371267
13,36,14.969439079547318
13,37,17.93304556397599
13,38,17.056601302463616
13,39,15.412068021611825
13,40,17.771061839806404
13,41,15.674556602516764
13,42,14.985910473855876
13,43,12.335731983165267
13,44,11.485712376737157
13,45,13.720634637631573
13,46,11.29047558932596
13,47,11.686911236562779
13,48,15.437272975656777
13,49,16.55478055389279
13,50,14.049307065812728
13,51,15.106026760518539
13,52,18.81664814504186
13,53,18.656204763531587
13,54,17.745036613936072
13,55,21.32333966151869
13,56,22.572974408759123
13,57,21.070746677435594
13,58,21.612892750225768
13,59,18.028906804848482
13,60,18.908260847936553
13,61,22.332926446877558
13,62,24.271841926131017
13,63,27.116844866528098
13,64,27.053302411065157
13,65,27.175808355330904
13,66,30.89488414641807
13,67,31.475905332805976
13,68,28.6189515918067
13,69,25.372697158266135
13,70,24.243138893165774
13,71,22.5862719964979
13,72,19.245539131432217
13,73,17.253771034128537
13,74,13.871969176775712
13,75,11.129058668567616
13,76,9.302369531751513
13,77,12.815132977924277
13,78,13.397856376249447
13,79,10.592396949960785
13,80,12.266737009370345
13,81,15.617083866709818
13,82,15.143630956769924
13,83,14.727439968529064
13,84,17.41207893006141
13,85,19.60290528572063
13,86,20.519310481133708
13,87,20.307697670656875
13,88,23.785116673222692
14,1,20.161000010525097
14,2,16.797714419971687
14,3,16.853875796330648
14,4,15.425478739971082
14,5,14.234571494943888
14,6,12.158197363365243
14,7,10.286025332002271
14,8,9.849126486654608
14,9,8.592182834682722
14,10,6.099095338815237
14,11,4.947939347475951
14,12,5.384501169141418
14,13,3.7822563534310896
14,15,3.806779542627604
14,16,5.368440404940017
14,17,5.204618105173986
14,18,6.390525995824101
14,19,8.645963763607378
14,20,10.035419407781577
14,21,10.933181792130657
14,22,12.213304978117542
14,23,14.598724767434208
14,24,15.824514026237278
14,25,16.489325229201743
14,26,15.050026304423774
14,27,12.553326506016997
14,28,10.118923135517731
14,29,12.690046558493128
14,30,13.08021125621079
14,31,9.540370123709208
14,32,10.011230510832263
14,33,13.489644527622996
14,34,12.760842634625165
14,35,10.6056010260383
14,36,13.463775298513024
14,37,16.02409055077674
14,38,15.111508618732298
14,39,14.261617404066806
14,40,16.83442890698785
14,41,15.27421632222229
14,42,14.705364246775934
14,43,12.59522769629179
14,44,12.826900172718853
14,45,15.77701247504211
14,46,13.89281640251571
14,47,13.555018208670557
14,48,17.062289395701566
14,49,17.78349078350199
14,50,14.66680757984811
14,51,15.656817491830472
14,52,19.327127394900558
14,53,18.581501200720062
14,54,17.170404922847748
14,55,20.637310080431906
14,56,21.778051053076947
14,57,19.70745648814006
14,58,20.125705843145756
14,59,16.457415050863013
14,60,17.70614361503942
14,61,20.79886836846662
14,62,23.135268818735202
14,63,25.78018182770982
14,64,26.116909227754125
14,65,26.575575953101126
14,66,30.333141062120824
14,67,31.36190008512958
14,68,28.64647251422592
14,69,25.267698527017405
14,70,24.68331972157226
14,71,23.186881776914138
14,72,19.656927015811142
14,73,17.76697069769283
14,74,14.85694563058176
14,75,11.532627847119926
14,76,10.791466191915356
14,77,14.2256408159636
14,78,13.796965335538369
14,79,10.990170421493163
14,80,13.52961137443177
14,81,16.369465269722536
14,82,15.083749833854592
14,83,15.07474991992395
14,84,18.27171452591994
14,85,19.85839920390727
14,86,20.997541746415592
14,87,20.217188984221774
14,88,23.396185470163918
15,1,22.539865294474204
15,2,18.92214007051503
15,3,18.63538071254636
15,4,16.50163888129022
15,5,15.382354731532013
15,6,14.145527979534785
15,7,12.073555995073715
15,8,10.474077348305151
15,9,9.812580386321853
15,10,8.572512412667727
15,11,6.01827017234588
15,12,4.991591892102761
15,13,5.390409664938081
15,14,3.806779542627604
15,16,3.8450323829508237
15,17,5.552844851652678
15,18,5.259266028654246
15,19,6.093387027985706
15,20,8.631314016947092
15,21,10.129459285510217
15,22,10.371414416209221
15,23,12.55482086219194
15,24,14.60779085237841
15,25,15.441661370921562
15,26,14.172656774810418
15,27,12.047457618392515
15,28,9.03791589519312
15,29,10.599271793551019
15,30,11.271871377819092
15,31,7.788122174471448
15,32,7.022798051598907
15,33,10.479964795116466
15,34,10.26068905659696
15,35,7.668026128101069
15,36,9.968983673279075
15,37,12.88442470136557
15,38,12.488722600459319
15,39,11.416363514639842
15,40,13.50721309290543
15,41,11.671749750129074
15,42,10.913014462371166
15,43,8.968317333945423
15,44,9.697776820652471
15,45,13.069624989622984
15,46,11.894850252821877
15,47,11.214806653231408
15,48,14.343015538321445
15,49,15.266933503253815
15,50,12.012222175130713
15,51,12.393881300688546
15,52,16.110661268964147
15,53,15.558197378609446
15,54,13.792359735790935
15,55,17.151878259534172
15,56,18.63342141850124
15,57,16.715207169069895
15,58,16.806213137274423
15,59,13.092396077343082
15,60,14.034604162955294
15,61,17.24301101342904
15,62,19.43981269364564
15,63,22.187660129639937
15,64,22.482486178532213
15,65,22.807730113488255
15,66,26.56408035269215
15,67,27.571446403212132
15,68,24.854573087596975
15,69,21.474247766363447
15,70,20.983252621926425
15,71,19.528020251573434
15,72,15.994287569574055
15,73,14.321396818874428
15,74,11.614770599174872
15,75,8.288783876299092
15,76,8.485510111803634
15,77,11.950371154146119
15,78,11.3281833261935
15,79,9.351411224032384
15,80,12.424024890762368
15,81,14.826343757288717
15,82,13.852515346710957
15,83,14.745812111211048
15,84,17.639486048855442
15,85,18.91434375869707
15,86,19.4329395671897
15,87,18.239958270772945
15,88,21.497485105253315
16,1,24.445415869030764
16,2,20.89201153126323
16,3,20.15912672600151
16,4,18.200044644376078
16,5,16.310612541778262
16,6,14.979371734374059
16,7,13.81620160940898
16,8,12.040714438557577
16,9,10.242333509471342
16,10,9.632427279600137
16,11,8.35600594111951
16,12,5.8587181210223
16,13,4.793375935411851
16,14,5.368440404940017
16,15,3.8450323829508237
16,17,3.7773461739723744
16,18,5.446038013969072
16,19,5.056582420924459
16,20,6.13624026759566
16,21,8.727786714272144
16,22,9.787568962854715
16,23,10.955716427757467
16,24,12.563484384378963
16,25,14.249389959702828
16,26,15.00901496597024
16,27,13.649685708098376
16,28,10.109737719126803
16,29,11.753213086411717
16,30,13.487060095677991
16,31,10.544577019449234
16,32,9.053429679483365
16,33,12.722860703434748
16,34,13.38723443686415
16,35,10.841504364404807
16,36,12.251457094853022
16,37,15.6029501866756
16,38,15.732684858440777
16,39,14.273483771099361
16,40,15.775792898271067
16,41,13.181704590875157
16,42,11.554533103868776
16,43,8.521707658691332
16,44,8.544969118589053
16,45,11.323966132430755
16,46,9.35566296256459
16,47,8.315167751450186
16,48,11.801606811000688
16,49,12.444137847572252
16,50,9.512390507661195
16,51,10.729109798982154
16,52,14.352368897993317
16,53,13.91151134359027
16,54,13.081175820855147
16,55,16.73042895276809
16,56,17.8141361371273
16,57,16.441681761596907
16,58,17.210643353137804
16,59,13.799665906029851
16,60,14.969178389120918
16,61,18.558366055822276
16,62,20.64899474761068
16,63,23.79238440286259
16,64,24.03907636131973
16,65,23.75860885747589
16,66,27.45800295811576
16,67,28.01688678620522
16,68,24.958549313387532
16,69,21.52958509513206
16,70,20.487352740880276
16,71,19.353219454685064
16,72,16.222338744466754
16,73,15.023915172179507
16,74,11.84545490111296
16,75,9.421155815455768
16,76,8.986068179209196
16,77,12.740525495918758
16,78,13.17994129004602
16,79,11.503399938270865
16,80,13.913512348048316
16,81,16.721050759409113
16,82,16.478399642345213
16,83,17.119891045174725
16,84,19.60743836784097
16,85,21.35340654459662
16,86,21.578363461172057
16,87,20.723887606992236
16,88,24.217126743511596
17,1,25.000114661946384
17,2,21.722288433841452
17,3,21.50622991814824
17,4,20.068888134835223
17,5,18.309190363369908
17,6,16.28680336546841
17,7,15.082613802536695
17,8,14.194137439641347
17,9,12.179610890299044
17,10,10.468576992085058
17,11,9.795936903491414
17,12,8.4779836496218
17,13,6.001211386954503
17,14,5.204618105173986
17,15,5.552844851652678
17,16,3.7773461739723744
17,18,3.8349133180155532
17,19,5.556895758011755
17,20,5.256868875117426
17,21,6.383959430419894
17,22,8.55965924749465
17,23,10.256811876987967
17,24,10.917564581815025
17,25,12.111288159639619
17,26,12.862297738614814
17,27,11.578282329955774
17,28,8.319106305885436
17,29,10.927034732002014
17,30,12.779428791583431
17,31,10.184893185651992
17,32,9.686701084086419
17,33,13.513244741305321
17,34,14.190541558897724
17,35,12.46984192587445
17,36,14.329913072297705
17,37,17.365389829225265
17,38,17.55841538799955
17,39,16.777445794224576
17,40,18.436758649921366
17,41,16.156631293717307
17,42,14.373155438567801
17,43,11.506844250994236
17,44,12.087896139247533
17,45,14.811161245892006
17,46,12.593248938267784
17,47,11.034985036981073
17,48,14.385147293445494
17,49,14.14007019024663
17,50,10.995736070591896
17,51,13.027231630683236
17,52,16.27508326164408
17,53,15.015193558138014
17,54,14.446504348149027
17,55,18.121107259422104
17,56,18.52718004046122
17,57,16.723337708254892
17,58,18.033682170256554
17,59,14.772151057733558
17,60,16.734449493313782
17,61,20.090968053683316
17,62,22.665202436720328
17,63,25.77904326485906
17,64,26.473981347346005
17,65,26.26243835988022
17,66,29.9570042776538
17,67,30.737052337520062
17,68,27.64014651277196
17,69,24.06494532932757
17,70,23.26324574331123
17,71,22.493186145428968
17,72,19.43406416201154
17,73,18.464033334871804
17,74,15.474271843105953
17,75,12.866686939503113
17,76,12.61377928922297
17,77,16.360091286571976
17,78,16.47730555458224
17,79,14.480876243785874
17,80,17.02701995277772
17,81,19.87651929168391
17,82,19.157857366790374
17,83,19.56898791213703
17,84,22.41915456564131
17,85,24.086429200675816
17,86,24.66883412082338
17,87,23.695444607961733
17,88,27.02297204228768
18,1,26.382052681783644
18,2,23.022677729393532
18,3,23.128799919870804
18,4,21.381150842367635
18,5,20.17333695260177
18,6,18.4160987149165
18,7,16.51098027495156
18,8,15.47769599644421
18,9,14.304547021314075
18,10,12.42641102963087
18,11,10.650234040327673
18,12,9.861962973556542
18,13,8.571021180640914
18,14,6.390525995824101
18,15,5.259266028654246
18,16,5.446038013969072
18,17,3.8349133180155532
18,19,3.8227809416265623
18,20,5.362393484597563
18,21,5.188468923171478
18,22,5.844671971527429
18,23,8.627850361596398
18,24,10.110622062325872
18,25,10.391550236381065
18,26,9.645161870401596
18,27,8.304662346733009
18,28,4.751472721894657
18,29,7.16113209102473
18,30,8.996080843584313
18,31,6.734615530568503
18,32,6.3214147638809735
18,33,10.051320571873719
18,34,10.99683731219211
18,35,9.982288657101744
18,36,11.770370719350106
18,37,14.505972121806915
18,38,15.100297968608743
18,39,14.966767312755794
18,40,16.382141849465828
18,41,14.480246133769418
18,42,12.670882352521717
18,43,10.517965960790828
18,44,12.2373833218081
18,45,15.55196636985746
18,46,14.184079073613322
18,47,12.12909442670081
18,48,14.890290632277376
18,49,14.464165248347062
18,50,10.791520747993196
18,51,12.29680409266145
18,52,15.390411787840495
18,53,13.653357150104167
18,54,12.36641179258511
18,55,15.809834977433272
18,56,16.254261318535256
18,57,13.916242075311333
18,58,14.97368016545915
18,59,11.659246086842586
18,60,13.955557022221562
18,61,16.997850827909005
18,62,19.884261153882385
18,63,22.856507836706708
18,64,23.91883035246419
18,65,23.906349722256323
18,66,27.584029555985317
18,67,28.738529013364502
18,68,25.796419799012245
18,69,22.145252542932976
18,70,21.903288321241835
18,71,21.328688926328145
18,72,18.20442412238809
18,73,17.501672554882852
18,74,15.111749613214554
18,75,12.288021437075855
18,76,13.14240060526607
18,77,16.663407105258173
18,78,16.03103928950975
18,79,14.493158184476938
18,80,17.650592224127408
18,81,19.926097055030734
18,82,18.83508431732044
18,83,19.87671105061624
18,84,22.865757758106717
18,85,23.966738942194187
18,86,24.409555023143426
18,87,22.865533540623943
18,88,25.932726175146463
19,1,28.508035208012554
19,2,24.94190753401523
19,3,24.542996562306136
19,4,22.37648793087287
19,5,20.895956479441306
19,6,19.690035137968938
19,7,18.024904175300016
19,8,16.209405166643258
19,9,15.016164170885679
19,10,14.087132660725418
19,11,12.062806553267128
19,12,10.171975479068308
19,13,9.619545794251666
19,14,8.645963763607378
19,15,6.093387027985706
19,16,5.056582420924459
19,17,5.556895758011755
19,18,3.8227809416265623
19,20,3.784827587962
19,21,5.673583538345088
19,22,5.134876193463829
19,23,6.51674541243968
19,24,9.024816199426663
19,25,10.265669836948458
19,26,11.219325025508443
19,27,10.765965109944542
19,28,6.895996229518686
19,29,7.483995157717366
19,30,10.139186170884503
19,31,8.373329193569456
19,32,6.01667846678125
19,33,9.491911114605672
19,34,11.383681318330225
19,35,9.89863678255981
19,36,10.437969589539307
19,37,13.683285469880603
19,38,14.920296850633491
19,39,14.2659703022161
19,40,14.901129182140306
19,41,12.368725320471382
19,42,9.865946885344748
19,43,7.2964007755524305
19,44,9.291406780872139
19,45,12.524769087821758
19,46,11.598873587946223
19,47,9.016116531204574
19,48,11.329766663614421
19,49,10.918219638733973
19,50,7.163476190171361
19,51,8.48710936774023
19,52,11.594475546249045
19,53,10.126104209965018
19,54,8.979097813224868
19,55,12.605114403578034
19,56,13.272992169629307
19,57,11.535227692751898
19,58,12.622914869153623
19,59,9.430186095826034
19,60,11.45104544664799
19,61,14.897111056173351
19,62,17.473513367599686
19,63,20.76807039901452
19,64,21.661584806443056
19,65,21.16699569089075
19,66,24.797869367712185
19,67,25.63497581666685
19,68,22.50984950222246
19,69,18.850949709020174
19,70,18.353429040557636
19,71,17.98605574421923
19,72,15.138027496240374
19,73,14.939120579485293
19,74,12.615649239333235
19,75,10.506075815974848
19,76,11.780848003769192
19,77,15.169553114774036
19,78,14.935601380415415
19,79,14.186737553119313
19,80,17.21968193925987
19,81,19.31482691364717
19,82,18.850285171875658
19,83,20.302762223498863
19,84,22.823072347345104
19,85,23.951226480799843
19,86,23.803036980301727
19,87,22.212710789360546
19,88,25.42889790311534
20,1,30.017024622741584
20,2,26.60553007738904
20,3,26.117774031345373
20,4,24.298158881762056
20,5,22.38259674162774
20,6,20.831540232356094
20,7,19.70664718684734
20,8,18.157499813087107
20,9,16.241488676628528
20,10,15.265739327350072
20,11,14.107129214441052
20,12,11.984296046392434
20,13,10.36702704404224
20,14,10.035419407781577
20,15,8.631314016947092
