1,2,3.804808808932898
1,3,6.433859188833494
1,4,9.696078601126738
1,5,12.066387843868762
1,6,10.892567416520023
1,7,11.219462742561602
1,8,14.279885820344244
1,9,15.758103839678837
1,10,15.278478574780566
1,11,16.786795089297314
1,12,19.752601550623293
1,13,20.378700498832004
1,14,20.534413012393383
1,15,22.845465756195694
1,16,24.954531557518855
1,17,25.4351769312265
1,18,26.825426740979033
1,19,28.97326070270411
1,20,30.56076152407749
1,21,31.197189502037194
1,22,32.60219502039563
1,23,35.300275235904294
1,24,36.85855545877225
1,25,38.50918478653909
1,26,33.93042372234354
1,27,34.32623770773368
1,28,30.6446085238166
1,29,29.39527216368351
1,30,31.779435197644666
1,31,30.311495863972343
1,32,26.766505247144554
1,33,28.292165994689828
1,34,30.296420526838062
1,35,27.334022210523447
1,36,25.261384201305404
1,37,28.360540212790667
1,38,29.31171685677064
1,39,26.039184523058438
1,40,24.92648666360057
1,41,28.58494361561527
1,42,28.694843398478568
1,43,30.73059663380266
1,44,29.86301277416927
1,45,28.52864267187927
1,46,30.5801327037215
1,47,28.59758502726257
1,48,30.011491418021418
1,49,33.74244633858282
1,50,35.183758240670194
1,51,32.94070488884312
1,52,33.18401131880723
1,53,37.038261660250384
1,54,37.28744353574371
1,55,35.258103340799046
1,56,37.20745294711735
1,57,40.15208076544176
1,58,38.74599913950684
1,59,38.67902052168315
1,60,35.05757819014248
1,61,34.66658214078767
1,62,36.69467778295944
1,63,37.07986155385548
1,64,38.30988816110917
1,65,36.91198330386292
1,66,38.992798421033775
1,67,42.515927413869164
1,68,43.75193121195426
1,69,42.652506894893605
1,70,40.25399496719891
1,71,40.231593386175184
1,72,37.10325434086507
1,73,33.54408518343014
1,74,29.992215247387957
1,75,27.877811977580837
1,76,25.098734159873676
1,77,22.84222340150552
1,78,23.2349915058453
1,79,22.698912983980037
1,80,19.36267378728571
1,81,18.254460301008773
1,82,19.56284735421249
1,83,17.877257909424824
1,84,14.32538333736914
1,85,15.619366896217286
1,86,17.31378686026688
1,87,20.806643736529388
1,88,22.649316721793166
1,89,23.918638059562046
1,90,27.59119434058719
1,91,27.520596673096207
2,1,3.804808808932898
2,3,3.7331550168752297
2,4,6.690190993411217
2,5,8.891689153258644
2,6,7.472926271296722
2,7,7.415702890801375
2,8,10.562634213315016
2,9,12.073177429662355
2,10,11.578188794200571
2,11,13.01535725456858
2,12,15.94897200565756
2,13,16.66871281158797
2,14,16.891817313275702
2,15,19.107693704214057
2,16,21.191257837233064
2,17,21.807709745816354
2,18,23.21185951838662
2,19,25.24225528202645
2,20,26.880620576246343
2,21,27.64581131898358
2,22,28.993144824329374
2,23,31.61668388686516
2,24,33.2744649701868
2,25,34.98730975388768
2,26,30.62595980592205
2,27,31.036637425502473
2,28,27.420811933151704
2,29,25.950729441529894
2,30,28.28471996942916
2,31,26.98693295461453
2,32,23.355938052649133
2,33,24.700647863445212
2,34,26.826969309577397
2,35,24.018839002017227
2,36,21.773206106268717
2,37,24.841542974613276
2,38,26.015352623818146
2,39,22.900283818899233
2,40,21.629415827912773
2,41,25.274502039471763
2,42,25.166906373862705
2,43,27.060828453355633
2,44,26.09773930011237
2,45,24.78416015472815
2,46,26.915626494298785
2,47,24.95153942963134
2,48,26.268466385084366
2,49,30.007112108052553
2,50,31.42792224877428
2,51,29.151613787140914
2,52,29.38407672623952
2,53,33.23742565085187
2,54,33.490489601087994
2,55,31.477351720962407
2,56,33.4488898684624
2,57,36.37809985391391
2,58,35.02323716059795
2,59,35.01360240270782
2,60,31.423144910667123
2,61,31.06599428283003
2,62,33.22069428826672
2,63,33.69210096190257
2,64,35.102472402216016
2,65,33.797713705169855
2,66,35.7434412559208
2,67,39.33863739450604
2,68,40.505160058726986
2,69,39.24528528173454
2,70,36.7499774340851
2,71,36.66203743291408
2,72,33.601744516052506
2,73,30.009270633551477
2,74,26.51241508344334
2,75,24.274359040384685
2,76,21.433666717791468
2,77,19.159484063862052
2,78,19.775000777071703
2,79,19.29750729233507
2,80,15.824200391382874
2,81,14.901709030984634
2,82,16.550850480950892
2,83,14.884862508245577
2,84,11.382421638985557
2,85,13.15313515534066
2,86,15.155477884824258
2,87,18.429288478284427
2,88,20.05473907165816
2,89,21.756895712437696
2,90,25.503724794530942
2,91,25.85673992548403
3,1,6.433859188833494
3,2,3.7331550168752297
3,4,3.8627895725745067
3,5,5.65466733396394
3,6,5.385416188234143
3,7,6.517398573746078
3,8,8.694184787896948
3,9,10.131254599493495
3,10,10.824048669075509
3,11,12.334903316183537
3,12,14.565500839449994
3,13,15.671333226457579
3,14,16.63696690055819
3,15,18.470153608976958
3,16,20.145054986850013
3,17,21.308497982429753
3,18,22.984161038343487
3,19,24.51770226475629
3,20,26.150864778134164
3,21,27.42412363751358
3,22,28.72159530885396
3,23,31.008122730364768
3,24,32.89625242599965
3,25,34.88333282916319
3,26,31.087101974550905
3,27,31.561639095497597
3,28,28.11498411867378
3,29,26.196229038969573
3,30,28.340237493316096
3,31,27.375649377165566
3,32,23.627766604963618
3,33,24.405852996632447
3,34,26.634864404251648
3,35,24.10860699092976
3,36,21.399168849853833
3,37,24.10299865351567
3,38,25.570255154728773
3,39,22.626012037639377
3,40,20.773701924548043
3,41,24.189671557752607
3,42,23.776173202620566
3,43,25.641358156297084
3,44,24.52631858599576
3,45,22.772116644802
3,46,24.50668935008244
3,47,22.489557738259307
3,48,24.227186379554908
3,49,27.880090607983835
3,50,29.626125326564836
3,51,27.653952526590068
3,52,27.712399810771796
3,53,31.54769627637388
3,54,32.17390284204322
3,55,30.31626076116596
3,56,32.13267906973917
3,57,35.16788999775718
3,58,34.187293078461124
3,59,34.190047008952334
3,60,30.74760803781572
3,61,30.133918060462754
3,62,32.43794757012433
3,63,32.67425069707697
3,64,34.31538437269043
3,65,32.776458618341856
3,66,34.409578541891115
3,67,37.973316309012766
3,68,38.8272770228703
3,69,37.51472005384268
3,70,35.1521200075189
3,71,34.76600159422851
3,72,31.562206255398944
3,73,28.091665700054534
3,74,24.52383826233575
3,75,22.174278378559784
3,76,19.74572711749649
3,77,17.076458302195064
3,78,17.372381878478368
3,79,17.451993509616432
3,80,14.173852872481907
3,81,12.488272194359917
3,82,14.35038958467102
3,83,13.4877912940267
3,84,9.77134204380449
3,85,10.872186056883649
3,86,13.55603668445845
3,87,16.45962902282782
3,88,18.53887907547437
3,89,20.61288296263694
3,90,24.231668577611956
3,91,24.500505190262967
4,1,9.696078601126738
4,2,6.690190993411217
4,3,3.8627895725745067
4,5,3.791315060990981
4,6,5.581867437358764
4,7,5.57753804369769
4,8,6.099937547501938
4,9,8.536722518365929
4,10,10.005161618838267
4,11,10.532196963688966
4,12,12.363986298477348
4,13,14.318394643159582
4,14,15.367153798430795
4,15,16.48290656288033
4,16,18.26161027252898
4,17,19.99044576315714
4,18,21.38949575680389
4,19,22.496581697036504
4,20,24.497668993113795
4,21,26.045490038339572
4,22,26.93475054786279
4,23,29.092726471784594
4,24,31.340504783806892
4,25,33.27935362483149
4,26,29.877937353656726
4,27,30.07219923457729
4,28,26.754790610939153
4,29,24.64698031831738
4,30,26.37714247412227
4,31,25.443783510442614
4,32,21.721978340470216
4,33,22.07471653827717
4,34,24.094169935437648
4,35,21.665307058711008
4,36,18.707216455401767
4,37,21.088598026785032
4,38,22.545959191732845
4,39,19.66186409787822
4,40,17.484032212459105
4,41,20.74284205053703
4,42,20.356543922430717
4,43,22.419186216851305
4,44,21.54251029695069
4,45,19.762523535282785
4,46,21.472950562344863
4,47,19.851035539337538
4,48,21.77443239025785
4,49,25.32468505259549
4,50,27.350522924545324
4,51,25.356685188439094
4,52,24.990972382181017
4,53,28.82181287792963
4,54,29.716377800589076
4,55,27.693638953105054
4,56,29.201595385744316
4,57,32.410746477731166
4,58,31.610594796458116
4,59,31.366170936327652
4,60,28.003795114153252
4,61,27.067140808769803
4,62,29.290996659670075
4,63,29.285817584349893
4,64,30.94507168946759
4,65,29.243050805779188
4,66,30.7819564171295
4,67,34.3011798207051
4,68,35.083973166104855
4,69,33.84413332807093
4,70,31.59823087146722
4,71,31.22287696550972
4,72,27.935637917438616
4,73,24.514795112199973
4,74,20.8880627052231
4,75,18.72088094550967
4,76,16.461000613428165
4,77,13.891698505964468
4,78,13.779155232697464
4,79,13.791706140077194
4,80,10.750607155141422
4,81,8.78754668878304
4,82,10.495935073598131
4,83,9.90587924905286
4,84,6.20483556952606
4,85,7.241845411784865
4,86,10.196695375336276
4,87,12.805921247005722
4,88,14.886567740113069
4,89,17.21974367183283
4,90,20.77708082705266
4,91,21.241732996281232
5,1,12.066387843868762
5,2,8.891689153258644
5,3,5.65466733396394
5,4,3.791315060990981
5,6,3.73914508956853
5,7,5.530271416877153
5,8,5.065579656260651
5,9,5.943007460979599
5,10,8.446407469165235
5,11,9.71208404072124
5,12,10.58824044934156
5,13,12.211039658586953
5,14,14.108231092568262
5,15,15.250379055288926
5,16,16.273072410545005
5,17,18.157498094808084
5,18,20.08467910882106
5,19,20.889746365053874
5,20,22.49387648948797
5,21,24.39960761659773
5,22,25.567846790352288
5,23,27.364383870044644
5,24,29.532611902094015
5,25,31.82364005269667
5,26,28.894725824723313
5,27,29.460788615827507
5,28,26.366627130794555
5,29,23.84597110597755
5,30,25.69624015208463
5,31,25.30981510450335
5,32,21.519261652214063
5,33,21.479632361069502
5,34,23.912030421350813
5,35,21.98298504630183
5,36,18.740864411218126
5,37,20.90565226187846
5,38,22.93384797169752
5,39,20.524340826704837
5,40,17.985442264884288
5,41,20.977931866385447
5,42,19.90760494942697
5,43,21.4405272150703
5,44,19.998150326266174
5,45,17.782449295699756
5,46,19.14363751344478
5,47,17.056866897886263
5,48,19.11622185857129
5,49,22.654978366968976
5,50,24.68667195507618
5,51,23.030640103671455
5,52,22.92497886984682
5,53,26.692337052381394
5,54,27.681404933546474
5,55,26.059163690718755
5,56,27.75104317150754
5,57,30.811420532968082
5,58,30.271435449903837
5,59,30.39386475770209
5,60,27.204379756408265
5,61,26.429993457259776
5,62,29.018156151545544
5,63,29.165157067710837
5,64,31.238607815625464
5,65,29.654949092950968
5,66,30.777047063319156
5,67,34.35794679923146
5,68,34.815105295247186
5,69,33.23419083193581
5,70,30.880294863402927
5,71,30.099213172632737
5,72,26.888018795162406
5,73,23.538409199825917
5,74,20.049982737924108
5,75,17.384479009045823
5,76,15.422247917086972
5,77,12.264812419629495
5,78,12.581992814737648
5,79,13.553854357203898
5,80,10.517774730957882
5,81,8.20920710119543
5,82,10.972524931208051
5,83,11.306720394483005
5,84,8.200546945920756
5,85,8.987098812832192
5,86,12.463306728825666
5,87,14.249523399268101
5,88,16.30087835625979
5,89,19.189445166740168
5,90,22.565005673693854
5,91,23.28252263427949
6,1,10.892567416520023
6,2,7.472926271296722
6,3,5.385416188234143
6,4,5.581867437358764
6,5,3.73914508956853
6,7,3.8748253200120453
6,8,5.617381593949265
6,9,5.2530920791353095
6,10,6.235457879810668
6,11,8.65379720181319
6,12,10.212203171009842
6,13,10.743761662785953
6,14,12.371793501456194
6,15,14.35982018496213
6,16,15.406728038466188
6,17,16.554320826451317
6,18,18.69884295456422
6,19,20.06232211253523
6,20,21.312359850317787
6,21,22.819579570989546
6,22,24.396454596908516
6,23,26.407704950048636
6,24,28.174989735965585
6,25,30.450878978762745
6,26,27.084641002232033
6,27,27.94296452893778
6,28,24.740775100161237
6,29,22.38641569541619
6,30,24.699915144286113
6,31,24.329654151321392
6,32,20.50956462310706
6,33,20.958421303192008
6,34,23.68569259526925
6,35,21.719194100377347
6,36,18.78186327042571
6,37,21.397805330470273
6,38,23.51493854792762
6,39,21.151486331010553
6,40,19.068935382352706
6,41,22.30108028783318
6,42,21.15175487736595
6,43,22.341108111378897
6,44,20.63375976687654
6,45,18.74510158379147
6,46,20.47699277799461
6,47,18.04086518428089
6,48,19.488360708561757
6,49,23.194201385471114
6,50,24.694660149290947
6,51,22.846759641638556
6,52,23.292179684553705
6,53,27.069372412591783
6,54,27.561070902464884
6,55,26.050968758763396
6,56,28.178022460825698
6,57,30.975619336629713
6,58,30.099215937001055
6,59,30.537333095957553
6,60,27.229001667669028
6,61,26.96278224143516
6,62,29.677962825396374
6,63,30.281104575528538
6,64,32.38436012664242
6,65,31.183967420551767
6,66,32.43714451417286
6,67,36.13920706199875
6,68,36.77816041734584
6,69,35.003769043462725
6,70,32.36558969962633
6,71,31.68497545544406
6,72,28.724051056866326
6,73,25.228930633118804
6,74,21.916830545158092
6,75,19.026423785701894
6,76,16.575246954479315
6,77,13.573482190937227
6,78,14.778591912907798
6,79,15.47359721001284
6,80,11.95823301874759
6,81,10.687997893416057
6,82,13.693833456517652
6,83,13.282255663468508
6,84,10.268734245871434
6,85,11.982750040663063
6,86,15.100649551236629
6,87,17.188014024302262
6,88,18.765738395697465
6,89,21.58599809558065
6,90,25.136224625515666
6,91,26.086045714506742
7,1,11.219462742561602
7,2,7.415702890801375
7,3,6.517398573746078
7,4,5.57753804369769
7,5,5.530271416877153
7,6,3.8748253200120453
7,8,3.7936881838895236
7,9,5.262044601839737
7,10,4.827684507404134
7,11,5.864006820117254
7,12,8.533820030913661
7,13,9.632491481376665
7,14,10.200312929834034
7,15,12.007477189689283
7,16,13.929691216679181
7,17,15.018553202292592
7,18,16.48840190607229
7,19,18.104668987463732
7,20,19.8642628802881
7,21,21.03103862112886
7,22,22.217598737790073
7,23,24.588487304214553
7,24,26.509303557783426
7,25,28.402317069978437
7,26,24.7016184025724
7,27,25.16738828625961
7,28,21.816899870285294
7,29,19.72952814292134
7,30,21.88514657123201
7,31,21.12216268124607
7,32,17.32745202692646
7,33,18.06218186088927
7,34,20.53661406314001
7,35,18.268845711045437
7,36,15.538429868952626
7,37,18.419424719703876
7,38,20.243456058114678
7,39,17.702270811392292
7,40,15.982634536175611
7,41,19.44753946297897
7,42,18.67290892734934
7,43,20.10418965237759
7,44,18.827225108946198
7,45,17.542611306065577
7,46,19.87437331032707
7,47,17.95568522192419
7,48,18.991386844274917
7,49,22.74114813819059
7,50,24.112486616739425
7,51,21.770426373619717
7,52,21.97989200490956
7,53,25.82881873512168
7,54,26.109757991768777
7,55,24.167420474917094
7,56,26.20243242943287
7,57,29.084622318750867
7,58,27.89304325684792
7,59,28.053994578576884
7,60,24.576907544760715
7,61,24.312539888762533
7,62,26.81060260195079
7,63,27.498902588459448
7,64,29.376728875333075
7,65,28.319766713439105
7,66,29.869741294428895
7,67,33.60202280591886
7,68,34.562657815679536
7,69,32.90354970759307
7,70,30.182660914837438
7,71,29.897905077516732
7,72,27.032274503259657
7,73,23.390318041006175
7,74,20.09427847488988
7,75,17.4979531945141
7,76,14.528803701254752
7,77,12.180838308194621
7,78,13.549040975370923
7,79,13.34737680340103
7,80,9.580694996364985
7,81,9.386589353635758
7,82,12.058073933622431
7,83,10.73869430843527
7,84,8.13101563797259
7,85,10.85416872185584
7,86,13.324050008732232
7,87,15.554690388276292
7,88,16.482578418409545
7,89,19.168598862295926
7,90,22.83070378751267
7,91,24.1204778913757
8,1,14.279885820344244
8,2,10.562634213315016
8,3,8.694184787896948
8,4,6.099937547501938
8,5,5.065579656260651
8,6,5.617381593949265
8,7,3.7936881838895236
8,9,3.7795252604573775
8,10,5.465419244340145
8,11,5.024770391148522
8,12,6.276427979401582
8,13,8.659711530016363
8,14,9.861696799936432
8,15,10.550868296556482
8,16,12.211929618740726
8,17,14.197499583179814
8,18,15.569431985299643
8,19,16.438448351672456
8,20,18.48745644936723
8,21,20.197034990720013
8,22,21.00325359755905
8,23,23.029222270074772
8,24,25.361258915725273
8,25,27.369610166750807
8,26,24.37601122461886
8,27,24.667872723316886
8,28,21.59436491675772
8,29,19.10353005061486
8,30,20.77133221430486
8,31,20.292614387275353
8,32,16.522882526532584
8,33,16.48307532510558
8,34,18.87353855677488
8,35,16.955546308902235
8,36,13.732119222692956
8,37,16.072635095957935
8,38,18.160302937518008
8,39,15.896096909458976
8,40,13.545504376963882
8,41,16.696951009862758
8,42,15.619931310467258
8,43,17.092443188892343
8,44,15.835394388937324
8,45,14.253843697510048
8,46,16.419939958271655
8,47,14.771440165778818
8,48,16.1501885917565
8,49,19.796953240999315
8,50,21.563297348535876
8,51,19.36466104433694
8,52,19.13693770204467
8,53,22.992512931219714
8,54,23.68925398000047
8,55,21.7181351258582
8,56,23.448267342250556
8,57,26.517326712449638
8,58,25.685879546730987
8,59,25.695122498891966
8,60,22.379857282402376
8,61,21.746491939622796
8,62,24.3197115485035
8,63,24.74391170655343
8,64,26.82186635781606
8,65,25.574163428053414
8,66,26.835432812664326
8,67,30.54135444610789
8,68,31.26758839322587
8,69,29.566871614390145
8,70,26.95134483065565
8,71,26.48457380252923
8,72,23.505434323317992
8,73,19.930377693706554
8,74,16.571656341236512
8,75,13.922686281384644
8,76,11.246474174615381
8,77,8.630402646222404
8,78,9.791574887575909
8,79,9.969843125830375
8,80,6.355209196720619
8,81,5.840223529986224
8,82,8.974886405445707
8,83,8.463094472653529
8,84,6.549488556697336
8,85,8.954376734456519
8,86,11.648452121026967
8,87,13.092314261107026
8,88,13.97564051614568
8,89,17.11633889566098
8,90,20.560219402391688
8,91,22.06026687012016
9,1,15.758103839678837
9,2,12.073177429662355
9,3,10.131254599493495
9,4,8.536722518365929
9,5,5.943007460979599
9,6,5.2530920791353095
9,7,5.262044601839737
9,8,3.7795252604573775
9,10,3.823500568637802
9,11,5.392941736520241
9,12,5.302063307747923
9,13,6.304250029814196
9,14,8.704179513505368
9,15,9.94026011636867
9,16,10.505336671163912
9,17,12.283489367724346
9,18,14.4801451993749
9,19,15.277706851972807
9,20,16.618691870125016
9,21,18.55993862532435
9,22,19.926441073504314
9,23,21.633972069053673
9,24,23.65912216125196
9,25,26.06600048119979
9,26,23.379133978108868
9,27,24.235490208572543
9,28,21.376299377467554
9,29,18.547858773612983
9,30,20.584313258330877
9,31,20.715307811883143
9,32,16.942271123828508
9,33,16.730149260965703
9,34,19.668611324648587
9,35,18.298742398995618
9,36,15.072032111063365
9,37,17.30531108176237
9,38,19.928061376975624
9,39,18.19487694544346
9,40,15.823180349299422
9,41,18.673392635981735
9,42,16.92534082451253
9,43,17.610276825522124
9,44,15.578799476101427
9,45,13.654918691756698
9,46,15.540431765620745
9,47,13.122533851909877
9,48,14.314177000867321
9,49,18.050933832579148
9,50,19.543605491228753
9,51,17.650845181339076
9,52,18.049682425419814
9,53,21.818014501884214
9,54,22.370605797166274
9,55,20.94142822299676
9,56,23.089886947386802
9,57,25.83925961393505
9,58,25.140450626283464
9,59,25.710484115575237
9,60,22.56698695627227
9,61,22.36346219852291
9,62,25.325646301768185
9,63,26.083641900588344
9,64,28.529264405570483
9,65,27.548617237597885
9,66,28.45137400329795
9,67,32.20164762512196
9,68,32.673085401133
9,69,30.59716621931973
9,70,27.803280182961352
9,71,26.959658385780497
9,72,24.20022499880147
9,73,20.71865739363424
9,74,17.67288511850817
9,75,14.474270673812494
9,76,12.059328878694572
9,77,8.950083527171202
9,78,10.988937464423051
9,79,12.089426972310546
9,80,8.761324147717687
9,81,8.275285369160033
9,82,11.89693322689893
9,83,11.957330555776704
9,84,10.264709761562347
9,85,12.26048923817505
9,86,15.22676394888629
9,87,16.339625299364428
9,88,17.23199154934195
9,89,20.580027713078568
9,90,23.88052713545475
9,91,25.4748934064246
10,1,15.278478574780566
10,2,11.578188794200571
10,3,10.824048669075509
10,4,10.005161618838267
10,5,8.446407469165235
10,6,6.235457879810668
10,7,4.827684507404134
10,8,5.465419244340145
10,9,3.823500568637802
10,11,3.790595378880984
10,12,5.585697324820553
10,13,5.101062687681114
10,14,6.161518962015904
10,15,8.583234345972695
10,16,9.821169086358662
10,17,10.507410516030857
10,18,12.530958591042388
10,19,14.215574833207892
10,20,15.461324038199264
10,21,16.67852935564747
10,22,18.280949995000753
10,23,20.473536957889024
10,24,22.135758137487063
10,25,24.280873451154527
10,26,20.864793151402548
10,27,21.81329335126963
10,28,18.72272927508645
10,29,16.238796489173982
10,30,18.726970673317094
10,31,18.62767836064077
10,32,14.844740145811725
10,33,15.390218462636701
10,34,18.46292734068372
10,35,16.87645280441823
10,36,14.175097332119005
10,37,16.999478308163663
10,38,19.4521679456875
10,39,17.66677635576121
10,40,16.0150778228241
10,41,19.159270274609526
10,42,17.662146718644465
10,43,18.19461345501312
10,44,16.256763414668107
10,45,15.116792425595513
10,46,17.604977425254567
10,47,15.299284008585879
10,48,15.616048625142396
10,49,19.406289131286638
10,50,20.25393812202702
10,51,17.891992934716622
10,52,18.710213367889697
10,53,22.453223475779843
10,54,22.35990811501941
10,55,20.790103593665407
10,56,23.29039061588881
10,57,25.801487354137183
10,58,24.564584328815084
10,59,25.27176192427891
10,60,21.925737614884415
10,61,22.23287622310662
10,62,25.131310361241074
10,63,26.340044155623495
10,64,28.623222818438776
10,65,28.050082631403665
10,66,29.258220104954457
10,67,33.08316031155308
10,68,33.90174769440744
10,69,31.784076199520186
10,70,28.74802509864826
10,71,28.248818147342643
10,72,25.7772815707972
10,73,22.154986667763183
10,74,19.31363917355352
10,75,16.25200660186605
10,76,13.203395038516494
10,77,10.884652204444828
10,78,13.445225944161178
10,79,13.710171878354448
10,80,10.078865705353758
10,81,10.789261998507133
10,82,14.063973916495035
10,83,13.12837308379731
10,84,11.577726082916843
10,85,14.349142431844996
10,86,16.81595181237729
10,87,18.33601689180542
10,88,18.703120538192493
10,89,21.788597111788
10,90,25.25570750033514
10,91,27.06733110125467
11,1,16.786795089297314
11,2,13.01535725456858
11,3,12.334903316183537
11,4,10.532196963688966
11,5,9.71208404072124
11,6,8.65379720181319
11,7,5.864006820117254
11,8,5.024770391148522
11,9,5.392941736520241
11,10,3.790595378880984
11,12,3.840613111767182
11,13,5.400795596938154
11,14,5.087385914665097
11,15,6.174145793038708
11,16,8.599167718218396
11,17,9.894747823045963
11,18,10.875129748304158
11,19,12.354989431272523
11,20,14.463847773427744
11,21,15.640765005292478
11,22,16.487080288262945
11,23,18.884134967373065
11,24,21.0055288175642
11,25,22.784710603227996
11,26,19.433009365588813
11,27,19.782965966571357
11,28,16.664905644256784
11,29,14.225643581605564
11,30,16.192222013523153
11,31,15.776271014173672
11,32,11.957193913122927
11,33,12.345648301916587
11,34,15.108673811530393
11,35,13.344674461037709
11,36,10.509489535633925
11,37,13.395094004766477
11,38,15.703581641468382
11,39,13.884124027940112
11,40,12.29993585776066
11,41,15.512053056644154
11,42,14.256895645865281
11,43,15.087081565926999
11,44,13.674462504223715
11,45,13.07273987279173
11,46,16.04964469555658
11,47,14.506685402892538
11,48,14.649862390429949
11,49,18.34465547440563
11,50,19.338478763655953
11,51,16.572383188517527
11,52,16.806857897803905
11,53,20.620218130312903
11,54,20.590816195104242
11,55,18.499635405883208
11,56,20.687287219740156
11,57,23.436636004415814
11,58,22.08256134793892
11,59,22.35913445078489
11,60,18.888524144688926
11,61,18.948559264930186
11,62,21.658411646979808
11,63,22.786888829021077
11,64,24.937367992643072
11,65,24.380484214291318
11,66,25.74285857476128
11,67,29.57140647904769
11,68,30.580486467522597
11,69,28.591137070368923
11,70,25.558714358305977
11,71,25.36944491646592
11,72,22.91577078198288
11,73,19.20483240761308
11,74,16.367860615711784
11,75,13.652048459641875
11,76,10.20889413337063
11,77,8.660424017650907
11,78,11.233044537902812
11,79,10.722258992179368
11,80,7.1520899632570165
11,81,9.02242370862497
11,82,11.841051957414559
11,83,10.495415587604413
11,84,9.909785735048766
11,85,13.028918248573817
11,86,14.893579697769573
11,87,16.108083155062513
11,88,15.850436113085074
11,89,18.917887466389562
11,90,22.293916066842762
11,91,24.439101435465762
12,1,19.752601550623293
12,2,15.94897200565756
12,3,14.565500839449994
12,4,12.363986298477348
12,5,10.58824044934156
12,6,10.212203171009842
12,7,8.533820030913661
12,8,6.276427979401582
12,9,5.302063307747923
12,10,5.585697324820553
12,11,3.840613111767182
12,13,3.864383642588353
12,14,5.479549021287873
12,15,5.017864278512059
12,16,5.975224433294239
12,17,8.480482349118757
12,18,9.937503231210753
12,19,10.318024072631342
12,20,12.295871092284578
12,21,14.31449589558559
12,22,15.098716790656894
12,23,16.847535567290915
12,24,19.23791458390956
12,25,21.418614784034176
12,26,19.104524423981715
12,27,19.654226112657582
12,28,17.0660945046465
12,29,13.987332787639014
12,30,15.602861148326847
12,31,15.98556052185129
12,32,12.347237649165315
12,33,11.606715929550841
12,34,14.642502811472678
12,35,13.767247961668149
12,36,10.4840161595634
12,37,12.504207839324668
12,38,15.477324672675962
12,39,14.408864052898926
12,40,12.19574586454875
12,41,14.715537084265435
12,42,12.610775147226496
12,43,12.807715448281604
12,44,10.74988415035982
12,45,9.614755903385255
12,46,12.407356751811083
12,47,10.699116147820513
12,48,10.875797384871031
12,49,14.594717674630934
12,50,15.803621915434354
12,51,13.304631167339156
12,52,13.49080063986662
12,53,17.322549120090056
12,54,17.634203280850723
12,55,15.865648983821877
12,56,18.04774325782151
12,57,20.794892213409373
12,58,19.924395597385455
12,59,20.441211047167613
12,60,17.2802929092731
12,61,17.2496887687581
12,62,20.325799838176867
12,63,21.40810383499243
12,64,24.012153297581953
12,65,23.446497916942086
12,66,24.256676304463266
12,67,28.070249784345833
12,68,28.67294575184653
12,69,26.386886952839042
12,70,23.331056311829915
12,71,22.696989946997693
12,72,20.298456862719693
12,73,16.715317318348212
12,74,14.091737256433047
12,75,10.90079100419559
12,76,7.931821495590276
12,77,5.854067407798681
12,78,9.134416198310994
12,79,9.646373072738294
12,80,6.848032155035061
12,81,8.500095488677225
12,82,11.684695879274
12,83,11.463634130333038
12,84,11.454121569318886
12,85,13.90610409136065
12,86,16.02883810131479
12,87,16.419126374665222
12,88,16.161222654061945
12,89,19.63906585007451
12,90,22.6626112369218
12,91,24.973830824942475
13,1,20.378700498832004
13,2,16.66871281158797
13,3,15.671333226457579
13,4,14.318394643159582
13,5,12.211039658586953
13,6,10.743761662785953
13,7,9.632491481376665
13,8,8.659711530016363
13,9,6.304250029814196
13,10,5.101062687681114
13,11,5.400795596938154
13,12,3.864383642588353
13,14,3.813351108616911
13,15,5.333297434648599
13,16,4.978383625015552
13,17,5.999120015120627
13,18,8.623744867121442
13,19,9.690183623768661
13,20,10.569374969607335
13,21,12.312329000754533
13,22,14.015049533340411
13,23,15.753922082670172
13,24,17.48194158428478
13,25,19.93856417897421
13,26,17.41119551044411
13,27,18.6617945891125
13,28,16.15086358932031
13,29,13.010804318069
13,30,15.380023942760653
13,31,16.197156782820247
13,32,12.668803985377723
13,33,12.402249454199318
13,34,15.923920436761003
13,35,15.359073883963942
13,36,12.636582833035517
13,37,14.875516442429344
13,38,17.95999438456255
13,39,17.164383169048705
13,40,15.446223256793646
13,41,17.902046029200594
13,42,15.638250365949935
13,43,15.156076690474803
13,44,12.572267583972426
13,45,11.650018923091352
13,46,14.25045726317348
13,47,11.878785140320096
13,48,11.275665470822513
13,49,14.982848437168744
13,50,15.38654053282058
13,51,12.968675670747803
13,52,14.228036995221167
13,53,17.818741342967467
13,54,17.50758628687161
13,55,16.296097434682014
13,56,19.107265157927255
13,57,21.301611738547507
13,58,20.21002923653221
13,59,21.380653580262976
13,60,18.323892084078356
13,61,19.036675749392227
13,62,22.30308350940782
13,63,23.88202277000594
13,64,26.591695132428235
13,65,26.424857642825152
13,66,27.154351318252402
13,67,30.97348996377309
13,68,31.562433272891752
13,69,29.02520561058118
13,70,25.77202214971016
13,71,25.02520626537123
13,72,22.99286046370131
13,73,19.53056269334001
13,74,17.30882088377829
13,75,13.973043360021066
13,76,11.194185624572901
13,77,9.303345261272336
13,78,12.770060044239354
13,79,13.47181322281932
13,80,10.653192535876352
13,81,12.103187960813242
13,82,15.44059661820677
13,83,15.04393989924342
13,84,14.605527800520859
13,85,17.190008396661035
13,86,19.484920935202037
13,87,20.150173492596874
13,88,19.94916053173776
13,89,23.345912672084925
13,90,26.440344281056678
13,91,28.746881835469612
14,1,20.534413012393383
14,2,16.891817313275702
14,3,16.63696690055819
14,4,15.367153798430795
14,5,14.108231092568262
14,6,12.371793501456194
14,7,10.200312929834034
14,8,9.861696799936432
14,9,8.704179513505368
14,10,6.161518962015904
14,11,5.087385914665097
14,12,5.479549021287873
14,13,3.813351108616911
14,15,3.732318472686048
14,16,5.609446815992138
14,17,5.228784314985637
14,18,6.4505148350807024
14,19,8.741078807659745
14,20,10.207136396654958
14,21,10.860281338909656
14,22,12.262192318019451
14,23,14.794425246545222
14,24,16.41901605634227
14,25,18.262999363024303
14,26,14.813583264101952
14,27,15.73989087541564
14,28,12.853605764775354
14,29,10.124449076950864
14,30,12.763026224363712
14,31,13.06774717416807
14,32,9.472713181198129
14,33,10.097706671938873
14,34,13.54153899140936
14,35,12.633059901161785
14,36,10.543182633921118
14,37,13.366281887432045
14,38,16.066250098856734
14,39,15.202317001444554
14,40,14.281481354343793
14,41,16.970546905801626
14,42,15.223808506416296
14,43,14.894538268228558
14,44,12.922258519047421
14,45,13.068991716113048
14,46,16.281796342261345
14,47,14.576461634566268
14,48,13.430125511018142
14,49,16.93299596534137
14,50,16.9224536670458
14,51,13.883514858807628
14,52,15.035031991450271
14,53,18.54502913145535
14,54,17.67603450001159
14,55,15.939609494963534
14,56,18.80473603250354
14,57,20.918759547611604
14,58,19.18647204905765
14,59,20.15330466224009
14,60,16.808188587316423
14,61,17.85715714673085
14,62,20.854863752658947
14,63,22.7585922608791
14,64,25.155072994488577
14,65,25.326231252729585
14,66,26.45976822879691
14,67,30.298630514542964
14,68,31.321586568115965
14,69,28.91387968463436
14,70,25.52614026008228
14,71,25.31412747630304
14,72,23.504995539498506
14,73,19.927559210594556
14,74,17.85069430828681
14,75,14.992580808931733
14,76,11.623829772683367
14,77,10.818407687835006
14,78,14.224575612476368
14,79,13.898888047685611
14,80,11.029231139510134
14,81,13.403578440850909
14,82,16.227012252880105
14,83,14.978906368727763
14,84,14.907931627797955
14,85,18.014382649513795
14,86,19.723772779430316
14,87,20.62600155561008
14,88,19.865718179578703
14,89,22.93324145567785
14,90,26.089525068290467
14,91,28.61852088836261
15,1,22.845465756195694
15,2,19.107693704214057
15,3,18.470153608976958
15,4,16.48290656288033
15,5,15.250379055288926
15,6,14.35982018496213
15,7,12.007477189689283
15,8,10.550868296556482
15,9,9.94026011636867
15,10,8.583234345972695
15,11,6.174145793038708
15,12,5.017864278512059
15,13,5.333297434648599
15,14,3.732318472686048
15,16,3.912037952606423
15,17,5.386901632688818
15,18,5.246651209112432
15,19,6.243774580140939
15,20,8.853451908161373
15,21,10.10748205408115
15,22,10.466252187683741
15,23,12.782975200228467
15,24,15.149615633459643
15,25,16.868721368243264
15,26,14.28607173765167
15,27,14.645950071106261
15,28,12.159629245829702
15,29,9.001679455559167
15,30,10.66369249907002
15,31,11.233077945753621
15,32,7.730910265489272
15,33,7.13293863459732
15,34,10.593937007176734
15,35,10.210976703539195
15,36,7.699861164262237
15,37,9.978684910296883
15,38,13.025395337835612
15,39,12.708439323108784
15,40,11.562951960095686
15,41,13.779051765455995
15,42,11.74720383463897
15,43,11.184536888934606
15,44,9.351605463386685
15,45,10.003999585224626
15,46,13.538074423447531
15,47,12.555748182650415
15,48,11.189179586034534
15,49,14.478946542481143
15,50,14.702604700673582
15,51,11.396273569901112
15,52,11.903120293012751
15,53,15.4835643746972
15,54,14.861859682573998
15,55,12.720997448005992
15,56,15.309239980940902
15,57,17.68790555876597
15,58,16.1130138904207
15,59,16.791889380442324
15,60,13.45191514634841
15,61,14.242903994386849
15,62,17.334267864435397
15,63,19.174466806097286
15,64,21.735266950050416
15,65,21.93424134644909
15,66,22.87791699373272
15,67,26.706045791595617
15,68,27.667067077157245
15,69,25.2061477091553
15,70,21.799095367227295
15,71,21.63108787343833
15,72,19.90855167910657
15,73,16.357061786665327
15,74,14.520817463620963
15,75,11.848288064465267
15,76,8.503000589697592
15,77,8.584151153410213
15,78,12.058419609883561
15,79,11.562703541379252
15,80,9.505246720470675
15,81,12.418735161395489
15,82,14.860061367101803
15,83,13.909772106903702
15,84,14.733702795190284
15,85,17.614920738079576
15,86,18.995962603099915
15,87,19.265134488173906
15,88,18.05882933157472
15,89,21.229111669318343
15,90,24.059804454468633
15,91,26.881527412548877
16,1,24.954531557518855
16,2,21.191257837233064
16,3,20.145054986850013
16,4,18.26161027252898
16,5,16.273072410545005
16,6,15.406728038466188
16,7,13.929691216679181
16,8,12.211929618740726
16,9,10.505336671163912
16,10,9.821169086358662
16,11,8.599167718218396
16,12,5.975224433294239
16,13,4.978383625015552
16,14,5.609446815992138
16,15,3.912037952606423
16,17,3.7998873895132097
16,18,5.527405043425536
16,19,5.015106412503859
16,20,6.343204770125668
16,21,8.813390965956648
16,22,9.844242247653572
16,23,11.139967503860836
16,24,13.387550620311387
16,25,15.87077568948018
16,26,14.467217076940242
16,27,15.549953232854667
16,28,13.778454849600541
16,29,10.116956574712834
16,30,11.778128367546845
16,31,13.438714693557237
16,32,10.49494672052239
16,33,9.084666136510041
16,34,12.731846632284519
16,35,13.288048920451441
16,36,10.793352129795249
16,37,12.135910310625107
16,38,15.616302583277124
16,39,15.876489750836365
16,40,14.314935355922241
16,41,15.903159902912808
16,42,13.125554435618596
16,43,11.622344853809135
16,44,8.688739962323377
16,45,8.6932435911606
16,46,11.674337372966386
16,47,10.089002598013531
16,48,8.127105369220422
16,49,11.433535503402982
16,50,11.344380125407866
16,51,8.376616710965749
16,52,9.735403659186202
16,53,13.189142917456698
16,54,12.604389794630263
16,55,11.374717031155296
16,56,14.374653760255763
16,57,16.368498624053128
16,58,15.32944046033884
16,59,16.736858969631797
16,60,13.957357566714327
16,61,15.001714945053273
16,62,18.491349756577225
16,63,20.402340914858478
16,64,23.398902811789704
16,65,23.66378032955201
16,66,24.00920157115371
16,67,27.756186117081253
16,68,28.248022544873454
16,69,25.414951392153707
16,70,21.976646615975323
16,71,21.206737872101908
16,72,19.704621451613246
16,73,16.45366654809315
16,74,15.030779091846163
16,75,11.88440348411194
16,76,9.489518087283342
16,77,8.963246039357092
16,78,12.70491106163521
16,79,13.291800485123806
16,80,11.64136682578206
16,81,13.856732560894821
16,82,16.687796547344426
16,83,16.518869765373733
16,84,17.164642140739243
16,85,19.623232968722956
16,86,21.439677184421555
16,87,21.372829756069677
16,88,20.468904667110454
16,89,23.907417539828653
16,90,26.549988671197315
16,91,29.329655137723716
17,1,25.4351769312265
17,2,21.807709745816354
17,3,21.308497982429753
17,4,19.99044576315714
17,5,18.157498094808084
17,6,16.554320826451317
17,7,15.018553202292592
17,8,14.197499583179814
17,9,12.283489367724346
17,10,10.507410516030857
17,11,9.894747823045963
17,12,8.480482349118757
17,13,5.999120015120627
17,14,5.228784314985637
17,15,5.386901632688818
17,16,3.7998873895132097
17,18,3.810508824389195
17,19,5.386889195833207
17,20,5.261995358432799
17,21,6.33103845724141
17,22,8.520125546788822
17,23,10.365500648641982
17,24,11.646567096095067
17,25,14.058206679445039
17,26,11.818309787082026
17,27,13.552888858619701
17,28,11.729669335100668
17,29,8.274424198362894
17,30,10.938019425602294
17,31,12.719254428546597
17,32,10.041015480284138
17,33,9.700300546419102
17,34,13.488348860623047
17,35,14.011473398395665
17,36,12.349758799129791
17,37,14.191906590072666
17,38,17.36377790969498
17,39,17.618623914516554
17,40,16.741659563325737
17,41,18.540831137736134
17,42,16.09409051054513
17,43,14.495581466320106
17,44,11.814517348689963
17,45,12.344657183302754
17,46,15.259142012607983
17,47,13.515361536876291
17,48,11.160156728711854
17,49,14.103953586133924
17,50,13.090378671200357
17,51,10.100153634877062
17,52,12.280462919933553
17,53,15.23291753837136
17,54,13.729209578861779
17,55,12.793276276408873
17,56,16.236621711091292
17,57,17.606544964201923
17,58,15.970338188377085
17,59,17.818577411770278
17,60,15.040207554331175
17,61,16.850785689432055
17,62,20.200951261129337
17,63,22.59073006442783
17,64,25.405207502488107
17,65,26.079482880435233
17,66,26.633486120705918
17,67,30.360879408858512
17,68,31.084674970462824
17,69,28.213357514444375
17,70,24.636795177398756
17,71,24.097706150334847
17,72,22.927878233650173
17,73,19.732591495965195
17,74,18.505249605480905
17,75,15.544447608416524
17,76,12.918259953095832
17,77,12.551102784774868
17,78,16.28627930197591
17,79,16.529175592085597
17,80,14.494579336140148
17,81,16.858651573282057
17,82,19.730526655923768
17,83,19.05508902175116
17,84,19.424567678819745
17,85,22.228902837962178
17,86,23.99677400744383
17,87,24.330715357235206
17,88,23.3408248394663
17,89,26.587592245401723
17,90,29.388533986575926
17,91,32.19640190151225
18,1,26.825426740979033
18,2,23.21185951838662
18,3,22.984161038343487
18,4,21.38949575680389
18,5,20.08467910882106
18,6,18.69884295456422
18,7,16.48840190607229
18,8,15.569431985299643
18,9,14.4801451993749
18,10,12.530958591042388
18,11,10.875129748304158
18,12,9.937503231210753
18,13,8.623744867121442
18,14,6.4505148350807024
18,15,5.246651209112432
18,16,5.527405043425536
18,17,3.810508824389195
18,19,3.778055204830859
18,20,5.4163595748977365
18,21,5.124962782078404
18,22,5.82108947768103
18,23,8.687447130114322
18,24,10.40593458757855
18,25,11.924627741894062
18,26,9.22817290738194
18,27,10.203967004350707
18,28,8.343600358199335
18,29,4.695300313831256
18,30,7.19350309520462
18,31,8.957882054682441
18,32,6.631770643876798
18,33,6.423414725871363
18,34,10.09781834750968
18,35,10.899808249682229
18,36,9.979476519634039
18,37,11.756853128646133
18,38,14.626368605087853
18,39,15.263314673934905
18,40,15.04239827344549
18,41,16.61664349347906
18,42,14.5412820647129
18,43,12.91148155921997
18,44,10.990724121102184
18,45,12.64095245779821
18,46,16.0149478306707
18,47,15.156081408977494
18,48,12.560325533308687
18,49,15.105576750625486
18,50,13.9863592497544
18,51,10.434107658698393
18,52,11.9799271077787
18,53,14.736267997442006
18,54,12.837453150280666
18,55,11.121596703195046
18,56,14.414756865356825
18,57,15.775801194727784
18,58,13.52683263090464
18,59,15.04326083677377
18,60,12.036940763537764
18,61,14.180649436517683
18,62,17.27536820824314
18,63,19.968839855420995
18,64,22.56024855751461
18,65,23.596515564252652
18,66,24.369036695521725
18,67,28.047919224039024
18,68,29.1066775595698
18,69,26.344542082095888
18,70,22.68139452297627
18,71,22.65451699940003
18,72,21.77317628325721
18,73,18.59523374256255
18,74,17.689121843394435
18,75,15.321969235654127
18,76,12.48227113516741
18,77,13.207197797120036
18,78,16.741740851842277
18,79,16.227449153117036
18,80,14.610615482769482
18,81,17.628796473975168
18,82,19.95059093416321
18,83,18.86849449513217
18,84,19.836488583554832
18,85,22.819923398328545
18,86,24.027782856779467
18,87,24.234972101750294
18,88,22.67007230371794
18,89,25.64511464369703
18,90,28.272242191696826
18,91,31.350010381650293
19,1,28.97326070270411
19,2,25.24225528202645
19,3,24.51770226475629
19,4,22.496581697036504
19,5,20.889746365053874
19,6,20.06232211253523
19,7,18.104668987463732
19,8,16.438448351672456
19,9,15.277706851972807
19,10,14.215574833207892
19,11,12.354989431272523
19,12,10.318024072631342
19,13,9.690183623768661
19,14,8.741078807659745
19,15,6.243774580140939
19,16,5.015106412503859
19,17,5.386889195833207
19,18,3.778055204830859
19,20,3.8617444064295072
19,21,5.685244437671182
19,22,5.170075215648197
19,23,6.6200929686338315
19,24,9.41402218444148
19,25,11.366823826996326
19,26,10.772700013977794
19,27,11.478745690720487
19,28,10.60156792259266
19,29,6.814004595144629
19,30,7.534253140092815
19,31,10.131432242140933
19,32,8.38409823742811
19,33,6.255569314037746
19,34,9.712303509093651
19,35,11.486590320391342
19,36,10.115434553378039
19,37,10.690742371544774
19,38,14.01849759756532
19,39,15.325746284546309
19,40,14.592947485777644
19,41,15.401057558660442
19,42,12.729595001230027
19,43,10.339979592891728
19,44,7.984809525479968
19,45,9.896001222257413
19,46,13.064896222009235
19,47,12.670067818814708
19,48,9.671468656626034
19,49,11.743681158673633
19,50,10.62973506641196
