1,2,3.82837935193945
1,3,5.691252190771053
1,4,8.029164978657185
1,5,11.201053111366473
1,6,12.229211129299298
1,7,15.217653770384302
1,8,18.923703362919607
1,9,20.547227531448684
1,10,17.630328244546906
1,11,16.530424062603906
1,12,13.689159350640733
1,13,14.621919924682867
1,14,12.727114337857477
1,15,9.27975692429966
1,16,10.847357624224019
1,17,12.497477132030385
1,18,16.353328528823248
1,19,19.34325095289267
1,20,21.709189620678853
1,21,25.25891823382922
1,22,27.76800913963773
1,23,30.608221460883332
1,24,33.248337172268414
1,25,30.776042470455874
1,26,29.5296402106558
1,27,26.531246446877596
1,28,27.572358374338247
1,29,24.553734236440548
1,30,20.77467718342973
1,31,18.967923501342746
1,32,18.211669441632836
1,33,15.959910064575437
1,34,19.27333305015269
1,35,21.31321958488716
1,36,20.724281797621998
1,37,21.903268672094086
1,38,25.53536235093872
1,39,27.776015488340636
1,40,31.49241575303988
1,41,34.396090618381145
1,42,35.86458517534654
1,43,39.47280560786654
1,44,43.01268389479747
1,45,42.93129139738346
1,46,39.491582302279134
1,47,37.049368177479664
1,48,33.5048121899346
1,49,33.064602643095206
1,50,29.36568537468509
1,51,25.95635216794685
1,52,25.312074350099024
1,53,23.74734369945291
1,54,27.202007003954954
1,55,29.0998788282812
1,56,32.63605524258927
1,57,34.1960379859169
1,58,36.45097142169291
1,59,40.259205251951244
1,60,42.44536473218581
1,61,44.38225274332303
1,62,47.93485558760975
1,63,50.55967411647548
1,64,53.35929871047338
1,65,57.04554542172071
1,66,58.586392495842276
1,67,56.85430309247801
1,68,58.23724306802746
1,69,55.389344839495706
1,70,54.58227020444412
1,71,51.81988494262138
1,72,51.31465220195858
1,73,48.375283143321
1,74,47.21077759709966
1,75,43.54953721461691
1,76,41.15225037467086
1,77,37.566235638264345
1,78,36.06739794701075
1,79,38.78410643539839
1,80,40.818417511885876
1,81,44.60399701856434
1,82,46.363064559896586
1,83,49.4970411524429
1,84,52.77045986090563
1,85,56.18294350202803
1,86,59.64493242207754
1,87,62.11575727108797
1,88,64.20932644352703
1,89,61.457430390544836
1,90,58.71108108009907
1,91,55.17866712235727
1,92,54.542158084267285
1,93,51.253381900569124
1,94,48.705007710736155
1,95,47.029528862333
1,96,50.62720413246858
1,97,51.683165993055084
1,98,55.20537593789166
1,99,58.24711465233941
1,100,61.82331824095994
2,1,3.82837935193945
2,3,3.7959207140926527
2,4,6.502458024224559
2,5,9.25788264140654
2,6,9.982216276083683
2,7,13.37700585210483
2,8,16.980885166628646
2,9,18.127545063188155
2,10,14.856427662384286
2,11,13.35859898114585
2,12,10.23978136964658
2,13,10.841059915054561
2,14,9.02239374586203
2,15,5.53777374636536
2,16,7.199855764794505
2,17,9.240267760316108
2,18,13.105374358415114
2,19,16.361824045479235
2,20,18.57774224463338
2,21,22.043505885549916
2,22,24.790763893291082
2,23,27.624603839531297
2,24,30.08743465832642
2,25,27.44905561554296
2,26,25.996415588617836
2,27,22.89793291053847
2,28,23.8635188041807
2,29,20.844353701181454
2,30,17.073658072605127
2,31,15.5103282710316
2,32,14.950274782840314
2,33,13.196463345383917
2,34,16.714492257893493
2,35,18.42855693785869
2,36,17.669047760825222
2,37,18.52691454624255
2,38,22.09419337012006
2,39,24.337271400378622
2,40,28.035536199254185
2,41,31.02099673059991
2,42,32.41903319575896
2,43,36.013413593927844
2,44,39.57454041608104
2,45,39.48962235472894
2,46,36.04930217302395
2,47,33.75071812296227
2,48,30.27579137779591
2,49,30.102036623190898
2,50,26.478971590664088
2,51,23.059775450922913
2,52,22.092147352817854
2,53,20.256250767192274
2,54,23.640073709788645
2,55,25.388362396336298
2,56,28.977241344005613
2,57,30.675935919110522
2,58,33.01050473331313
2,59,36.79772599261788
2,60,39.10649357373308
2,61,41.108681347143495
2,62,44.59513593535581
2,63,47.324018832262986
2,64,50.066660588496426
2,65,53.747939249933395
2,66,55.28153636106662
2,67,53.6637414786104
2,68,55.13595007665856
2,69,52.28043850161715
2,70,51.45817570920735
2,71,48.71720450447949
2,72,48.390207017144945
2,73,45.462166231191254
2,74,44.14252740894279
2,75,40.445340300319735
2,76,38.03644149814571
2,77,34.39930029868301
2,78,33.10463344158784
2,79,35.848726834563244
2,80,37.732426156377706
2,81,41.506815458017826
2,82,43.41915408707732
2,83,46.51633167223753
2,84,49.885455579079164
2,85,53.25279016380196
2,86,56.68561865143637
2,87,59.27789554565255
2,88,61.43857444439996
2,89,58.64574094096455
2,90,56.03125205966231
2,91,52.44522076421881
2,92,51.85272537040621
2,93,48.668866613228104
2,94,46.14772893556755
2,95,44.27610095507986
2,96,47.7951155183943
2,97,48.69603146941316
2,98,52.27031720503146
2,99,55.375972470558736
2,100,59.029301339783245
3,1,5.691252190771053
3,2,3.7959207140926527
3,4,3.7558427800564367
3,5,5.837389328059109
3,6,6.631450111381998
3,7,9.970942919209165
3,8,13.543437964866003
3,9,15.143368448030827
3,10,12.209765010561433
3,11,11.031622529145489
3,12,8.546319731079189
3,13,10.48429347531859
3,14,9.87579187788898
3,15,7.17457451095118
3,16,7.481402654350408
3,17,7.8910393795396425
3,18,11.70770513445417
3,19,14.427746025094336
3,20,16.420590616880123
3,21,20.084953293403228
3,22,22.499505465561878
3,23,25.159433036693176
3,24,27.92125708974943
3,25,25.610289561434417
3,26,24.467101424445577
3,27,21.720553498687494
3,28,23.24578904654814
3,29,20.639607646918478
3,30,16.820722315138205
3,31,15.348716913642502
3,32,15.689929095150001
3,33,14.336297479408529
3,34,17.53431727990825
3,35,18.623685630630156
3,36,17.14396189912103
3,37,17.70701556284227
3,38,21.421465803219647
3,39,23.174744193856796
3,40,26.8009271520406
3,41,29.477201079747555
3,42,30.73044239560256
3,43,34.42167877705596
3,44,37.85443690493559
3,45,37.6166037621079
3,46,34.140997708267584
3,47,31.57771798968803
3,48,27.975701865562197
3,49,27.431158817235502
3,50,23.723011868515407
3,51,20.377206775731178
3,52,19.787348081480246
3,53,18.482821916794407
3,54,22.00729389930949
3,55,24.23858256877387
3,56,27.60536667072829
3,57,28.91873294186589
3,58,31.048775996364967
3,59,34.86998691267782
3,60,36.939711506447075
3,61,38.82951170783952
3,62,42.42696431690652
3,63,44.97633309888211
3,64,47.82360385867542
3,65,51.49979497075553
3,66,53.08285332161789
3,67,51.320025219772816
3,68,52.62710685677233
3,69,49.75662181999046
3,70,48.94390520117419
3,71,46.18831031496893
3,72,45.64709737719198
3,73,42.73823347661438
3,74,41.640172153662526
3,75,37.979963277813546
3,76,35.677031101999695
3,77,32.14451347728295
3,78,30.529065748679127
3,79,33.159223873591465
3,80,35.18766689547763
3,81,38.97357022101134
3,82,40.684074053892886
3,83,43.823640937745154
3,84,47.08487593434205
3,85,50.50951504878572
3,86,53.967000035385944
3,87,56.42729196910439
3,88,58.53622140810858
3,89,55.80590350554118
3,90,53.07006036338014
3,91,49.55114242827949
3,92,48.99419169103993
3,93,45.70185626287264
3,94,43.09927335146042
3,95,41.410115665070016
3,96,44.99908281643623
3,97,46.1089872244942
3,98,49.65422630909904
3,99,52.650051822024224
3,100,56.237088495077664
4,1,8.029164978657185
4,2,6.502458024224559
4,3,3.7558427800564367
4,5,3.815147112759875
4,6,6.663691601867623
4,7,10.181679646653729
4,8,13.15191379174464
4,9,15.246397821359734
4,10,12.558149300865367
4,11,10.773727491287318
4,12,8.399451562995488
4,13,10.650534563927051
4,14,10.22229626881333
4,15,8.724906458280785
4,16,9.565782894747086
4,17,9.61668934268551
4,18,13.09815462251502
4,19,15.517546502979227
4,20,16.73672943966254
4,21,20.460018375690932
4,22,22.78603795780874
4,23,25.005600684335395
4,24,27.92107738566465
4,25,25.796043539683957
4,26,24.496761299838283
4,27,21.96069154651532
4,28,23.837596452090217
4,29,21.576854976733397
4,30,17.869132351514267
4,31,17.1059290282638
4,32,17.984860195846068
4,33,17.24162711930196
4,34,20.48337306944388
4,35,21.149768123694816
4,36,19.242829184291118
4,37,19.131127398093806
4,38,22.733724714416564
4,39,24.036526792921794
4,40,27.48654114245859
4,41,29.951103842662487
4,42,30.75455839264545
4,43,34.54483404734908
4,44,37.802120413400104
4,45,37.19370951632805
4,46,33.60187725187576
4,47,30.97850959635246
4,48,27.29151919613367
4,49,26.60578421823849
4,50,22.925857446921725
4,51,19.927949889531703
4,52,19.175249981613227
4,53,18.03329257791494
4,54,21.317004468600384
4,55,23.81625560567263
4,56,27.04510290331342
4,57,28.317023247518236
4,58,30.039078277385613
4,59,33.89209550864411
4,60,35.97358170082747
4,61,37.53563427965175
4,62,41.14224704892984
4,63,43.65803275685792
4,64,46.39849691795445
4,65,50.143995121488146
4,66,51.52513417395516
4,67,49.56763120717735
4,68,50.94499606669676
4,69,48.24158343305647
4,70,47.68710273847865
4,71,45.11990496991492
4,72,44.52718345174566
4,73,41.82640217530529
4,74,40.94626275583253
4,75,37.2737072619508
4,76,35.286539474637024
4,77,31.88126134149886
4,78,30.066524970122668
4,79,32.35175965791247
4,80,34.173501317747395
4,81,37.931902765374005
4,82,39.40341747355838
4,83,42.37879891477653
4,84,45.56479332630858
4,85,48.8966881167863
4,86,52.457876212777144
4,87,54.861526403646344
4,88,56.77374207516997
4,89,53.9374515344389
4,90,51.12924122198494
4,91,47.56593838426849
4,92,46.76734103292227
4,93,43.47183782175422
4,94,41.04791513588843
4,95,39.421594499199585
4,96,43.07198526268851
4,97,44.15819787917571
4,98,47.58304088969366
4,99,50.63162894747983
4,100,54.13452427224725
5,1,11.201053111366473
5,2,9.25788264140654
5,3,5.837389328059109
5,4,3.815147112759875
5,6,3.7416218734759976
5,7,6.984602007601521
5,8,9.515767402676785
5,9,11.733541359388681
5,10,9.389344867239435
5,11,7.8916118733615255
5,12,6.714955830235067
5,13,10.027107252550039
5,14,10.981975891951894
5,15,10.210990857939677
5,16,9.756352110727896
5,17,8.391658880260191
5,18,11.136030810817104
5,19,12.859227083750604
5,20,13.66866504520509
5,21,17.41420599847888
5,22,19.459543996112128
5,23,21.50442631524578
5,24,24.57341714841465
5,25,22.707302323727603
5,26,21.68404583165968
5,27,19.514821881054228
5,28,21.823157931710792
5,29,20.01519154786479
5,30,16.454549853522288
5,31,15.867696405677906
5,32,17.52324382958918
5,33,17.291669241615256
5,34,20.130335249809683
5,35,20.13968273367491
5,36,17.661920883162423
5,37,17.169089213287446
5,38,20.71873893135601
5,39,21.540477688991405
5,40,24.841396917808588
5,41,27.02062349726215
5,42,27.710174923164054
5,43,31.527153039848567
5,44,34.67238690579144
5,45,33.9955740926789
5,46,30.42098665919358
5,47,27.63059549681791
5,48,23.895402743649203
5,49,22.99147616939991
5,50,19.28485264378056
5,51,16.352653296912752
5,52,15.884049162593215
5,53,15.235908559461098
5,54,18.590125840586595
5,55,21.438245228391317
5,56,24.41151802094016
5,57,25.324889653086874
5,58,26.94577878845646
5,59,30.786205394074898
5,60,32.66528083116551
5,61,34.22467176243792
5,62,37.89687418715733
5,63,40.286261709191656
5,64,43.12781888403692
5,65,46.83777732960873
5,66,48.323055171839954
5,67,46.34265690245902
5,68,47.57774346041704
5,69,44.808228615752896
5,70,44.18238809949877
5,71,41.56566776446359
5,72,40.87103545128323
5,73,38.14822175926559
5,74,37.354562447084945
5,75,33.71575158382274
5,76,31.770806750616597
5,77,28.443303390774727
5,78,26.461497542354667
5,79,28.700064828448312
5,80,30.627484047387156
5,81,34.3862227294561
5,82,35.793681867412296
5,83,38.83178279507285
5,84,41.979973368585796
5,85,45.368721235183166
5,86,48.90600278318299
5,87,51.26170807807726
5,88,53.218244226312216
5,89,50.45366360908559
5,90,47.62132626486813
5,91,44.10885404154522
5,92,43.44816953454736
5,93,40.10321673572108
5,94,37.55532969488991
5,95,35.984503074706076
5,96,39.64223491574505
5,97,40.86347257282653
5,98,44.32277712432293
5,99,47.276644212045106
5,100,50.78174778968084
6,1,12.229211129299298
6,2,9.982216276083683
6,3,6.631450111381998
6,4,6.663691601867623
6,5,3.7416218734759976
6,7,3.9090773424302743
6,8,7.078013116632944
6,9,8.711346251192476
6,10,6.209727628986329
6,11,5.891662237420389
6,12,5.864951152321049
6,13,9.593167997098938
6,14,11.374761095215538
6,15,10.386215268666012
6,16,8.530879311269222
6,17,5.934791828976985
6,18,8.162243855457712
6,19,9.509246186973924
6,20,10.835947388531906
6,21,14.609580080406447
6,22,16.549398500962816
6,23,18.952232120171093
6,24,21.99258747391209
6,25,20.121621887409656
6,26,19.472940968774267
6,27,17.381327968747623
6,28,19.704302990799437
6,29,17.94834907673305
6,30,14.416918856688824
6,31,13.34360228400011
6,32,15.267840210255505
6,33,15.05896541303495
6,34,17.447104140352145
6,35,17.174581072375577
6,36,14.509307586124871
6,37,14.270944643159785
6,38,17.9101160286776
6,39,18.754228983314857
6,40,22.12679844433001
6,41,24.29823376662523
6,42,25.344593406590214
6,43,29.09599113259852
6,44,32.335605455798664
6,45,31.96786128501273
6,46,28.518914445919155
6,47,25.670770735982728
6,48,21.989624002180687
6,49,21.0882565105067
6,50,17.333863704106403
6,51,14.036725156404648
6,52,13.97843134449837
6,53,13.54779261266378
6,54,17.205101906786076
6,55,20.028550716879742
6,56,22.937802570101493
6,57,23.62549009767303
6,58,25.5879197559512
6,59,29.375795884744356
6,60,31.100673649493285
6,61,32.985359016431055
6,62,36.68139635999692
6,63,39.01723146274114
6,64,42.0227105457532
6,65,45.63492255459445
6,66,47.38043714123152
6,67,45.581842600247036
6,68,46.65684303711846
6,69,43.68719779127322
6,70,42.76301354738016
6,71,39.93332159024886
6,72,39.23127868708812
6,73,36.29041889610042
6,74,35.33183899929147
6,75,31.725122936873504
6,76,29.49112230318693
6,77,26.081035336408956
6,78,24.184790281337065
6,79,26.75355000577574
6,80,28.95881758270422
6,81,32.74050202878492
6,82,34.350771873307266
6,83,37.58624344722601
6,84,40.782525755536405
6,85,44.28946495148685
6,86,47.702082317429
6,87,50.08498208594082
6,88,52.260609254711
6,89,49.64743150109258
6,90,46.88578715614263
6,91,43.456426971541184
6,92,43.1272080870259
6,93,39.776325986002554
6,94,36.98507762535134
6,95,35.380543731884224
6,96,38.95988809723365
6,97,40.27846709132591
6,98,43.86831955187745
6,99,46.703598446175384
6,100,50.28630859421957
7,1,15.217653770384302
7,2,13.37700585210483
7,3,9.970942919209165
7,4,10.181679646653729
7,5,6.984602007601521
7,6,3.9090773424302743
7,8,3.8359547440516786
7,9,5.990243807396788
7,10,5.190897696801948
7,11,7.0846690015728475
7,12,8.795522391127081
7,13,12.56730460800383
7,14,14.878499112859378
7,15,13.939366026248043
7,16,11.466104823295632
7,17,8.110175326603493
7,18,8.896134135284772
7,19,8.64481061320721
7,20,9.885548635530588
7,21,13.4390832119733
7,22,14.57324992583862
7,23,16.912972586638052
7,24,20.212918967145598
7,25,18.86727858310543
7,26,18.96159982784277
7,27,17.483424332396464
7,28,20.148062988175983
7,29,18.889969642697572
7,30,15.700599788403556
7,31,14.40510841310783
7,32,16.761364888543348
7,33,16.618937845314186
7,34,18.296836513145315
7,35,17.550039883828795
7,36,14.52332723547362
7,37,14.37321542259939
7,38,17.848670000506853
7,39,18.185345291436622
7,40,21.328358957138885
7,41,23.05183973273222
7,42,24.207944260178518
7,43,27.879648969192335
7,44,30.9717905913302
7,45,30.69630921508848
7,46,27.400179401878884
7,47,24.279481449759665
7,48,20.62232239761904
7,49,19.225914296833864
7,50,15.476267656613004
7,51,12.20915698142891
7,52,13.192333876154521
7,53,13.751885532451817
7,54,17.397525694775037
7,55,20.491470980070453
7,56,22.954618515180588
7,57,23.02244198968826
7,58,24.919910355692508
7,59,28.58156076607209
7,60,29.870787506265707
7,61,31.820172203667738
7,62,35.59109104385134
7,63,37.647070904486675
7,64,40.84611787207845
7,65,44.34205178092024
7,66,46.301666541079534
7,67,44.48532086433325
7,68,45.256312572206696
7,69,42.16042226582847
7,70,41.042811621513856
7,71,38.06797092364932
7,72,37.1012121270558
7,73,34.04580965381266
7,74,33.25112709173825
7,75,29.778948894977898
7,76,27.4840003362473
7,77,24.22890927682836
7,78,22.023885146238747
7,79,24.647616458432722
7,80,27.22735223823426
7,81,30.96476596385358
7,82,32.4441893337159
7,83,35.83674417379104
7,84,38.89547588969797
7,85,42.5245258717047
7,86,45.849888068693446
7,87,48.07558101692706
7,88,50.32866467406346
7,89,47.9116011823972
7,90,45.06779652745728
7,91,41.80638893658087
7,92,41.741254741069135
7,93,38.284073201617815
7,94,35.25551969524118
7,95,33.89048507029222
7,96,37.45944796532184
7,97,39.08129745044887
7,98,42.68044530235037
7,99,45.28221446736024
7,100,48.808350852230106
8,1,18.923703362919607
8,2,16.980885166628646
8,3,13.543437964866003
8,4,13.15191379174464
8,5,9.515767402676785
8,6,7.078013116632944
8,7,3.8359547440516786
8,9,3.8621346725737915
8,10,5.479338167268214
8,11,7.873980286495341
8,12,10.732232149720657
8,13,14.447896409612968
8,14,17.28902858969666
8,15,16.994907069972868
8,16,14.43332034571773
8,17,10.870988244463419
8,18,10.512584393818432
8,19,8.997309796106176
8,20,8.963748068546794
8,21,12.055759129205844
8,22,12.420066141836326
8,23,14.176262514078946
8,24,17.738766635475887
8,25,16.975883538153806
8,26,17.50176860338213
8,27,16.753150077189396
8,28,19.880447472756405
8,29,19.341489793887426
8,30,16.65105182594885
8,31,15.889426201499436
8,32,18.828723495919405
8,33,19.26040417502441
8,34,20.555960216117814
8,35,19.17091374525372
8,36,15.728527285891806
8,37,14.939620525602152
8,38,17.95996513134437
8,39,17.479930150637276
8,40,20.166879786676642
8,41,21.32820167229874
8,42,22.143983589840193
8,43,25.789748921489963
8,44,28.60916249870393
8,45,28.125115278530583
8,46,24.880735367794735
8,47,21.544889576460537
8,48,17.879979541788668
8,49,16.033978756379884
8,50,12.336560734006563
8,51,9.466147492286186
8,52,11.18047153526159
8,53,12.736514146231416
8,54,16.03101314578079
8,55,19.454103325785233
8,56,21.382617635074855
8,57,20.906833065780482
8,58,22.463028141706207
8,59,26.01425352838691
8,60,26.981453361869974
8,61,28.792510386847027
8,62,32.60951652111213
8,63,34.457705452309746
8,64,37.72979299308324
8,65,41.176735075186464
8,66,43.185802104872025
8,67,41.28648747108583
8,68,41.89317934033404
8,69,38.78610186177951
8,70,37.66588303663477
8,71,34.7001434900535
8,72,33.56778983542927
8,73,30.557990209930914
8,74,29.975417096333008
8,75,26.57807389172186
8,76,24.469877307322054
8,77,21.430271052460743
8,78,18.88667930062661
8,79,21.29596012424868
8,80,23.97922816903407
8,81,27.66816536390799
8,82,28.95361275914824
8,83,32.36489519243724
8,84,35.322714861021744
8,85,38.98330515102551
8,86,42.29919475803503
8,87,44.432233487833116
8,88,46.66678896853103
8,89,44.31445641429153
8,90,41.421441369714735
8,91,38.23145362305257
8,92,38.2673126104549
8,93,34.76655370323259
8,94,31.646451341521395
8,95,30.40794116489602
8,96,33.976844866181715
8,97,35.76660967157562
8,98,39.33703592665175
8,99,41.81427215400243
8,100,45.2927337258555
9,1,20.547227531448684
9,2,18.127545063188155
9,3,15.143368448030827
9,4,15.246397821359734
9,5,11.733541359388681
9,6,8.711346251192476
9,7,5.990243807396788
9,8,3.8621346725737915
9,10,3.8295609355185576
9,11,7.143884565608131
9,12,10.63817830599983
9,13,13.802328908663869
9,14,17.1037316728652
9,15,17.15352449082781
9,16,14.065471141284267
9,17,10.327769386937005
9,18,8.604603795370114
9,19,6.006929613003754
9,20,5.603272727448366
9,21,8.376429835224021
9,22,8.756852082847987
9,23,10.984316289371742
9,24,14.344217701758268
9,25,13.381440518711159
9,26,14.13422108956786
9,27,13.541771035140812
9,28,16.645217334366862
9,29,16.394312312202008
9,30,14.121796219758581
9,31,13.4452331785484
9,32,16.73887857564066
9,33,17.67984567549364
9,34,18.475192770468848
9,35,16.530542381263636
9,36,12.871048954093451
9,37,11.784667175012201
9,38,14.498064268050852
9,39,13.789143946436416
9,40,16.41801497863
9,41,17.605194164764047
9,42,18.675645616869424
9,43,22.27039415712751
9,44,25.23009974516713
9,45,25.02751965168143
9,46,21.87745507330581
9,47,18.662202983959293
9,48,15.126388975141596
9,49,13.691556758661767
9,50,10.06390888640646
9,51,6.647813833646027
9,52,8.564539431988072
9,53,10.243509398754329
9,54,13.536613888243192
9,55,16.72257243491194
9,56,18.54609242335724
9,57,17.992650590266496
9,58,19.961975416031894
9,59,23.433196674231187
9,60,24.444069165218586
9,61,26.630630118533094
9,62,30.373663671985696
9,63,32.335522141437245
9,64,35.65115803167183
9,65,39.02452852794571
9,66,41.20589556982998
9,67,39.59020563675986
9,68,40.216401211621196
9,69,36.959843398250996
9,70,35.59379912860294
9,71,32.48107973782995
9,72,31.595800509822343
9,73,28.407158284942504
9,74,27.443435104329833
9,75,23.99874719792642
9,76,21.569094028670218
9,77,18.32645573009433
9,78,16.154088196745935
9,79,18.984401024878633
9,80,21.715042800834315
9,81,25.42204626453291
9,82,27.113754837443864
9,83,30.629489341885066
9,84,33.75733455551977
9,85,37.43666329346513
9,86,40.62079404348734
9,87,42.93480359701573
9,88,45.40436839980862
9,89,43.10337698239392
9,90,40.4394751158761
9,91,37.24614010705823
9,92,37.54647723174261
9,93,34.210181579574545
9,94,31.002186766159156
9,95,29.476238760537843
9,96,32.85714331330993
9,97,34.48463922274338
9,98,38.19588508918073
9,99,40.678841747474536
9,100,44.29563059943498
10,1,17.630328244546906
10,2,14.856427662384286
10,3,12.209765010561433
10,4,12.558149300865367
10,5,9.389344867239435
10,6,6.209727628986329
10,7,5.190897696801948
10,8,5.479338167268214
10,9,3.8295609355185576
10,11,3.826304090962186
10,12,7.019540618060003
10,13,10.102933155274242
10,14,13.339009261142614
10,15,13.404923913321824
10,16,10.317757379521671
10,17,6.654717794631519
10,18,5.224741599297356
10,19,4.142589727220358
10,20,4.824507596323992
10,21,8.529597460121646
10,22,10.381938495318582
10,23,13.020929833732827
10,24,15.922177267670055
10,25,14.083086163094503
10,26,13.901018435580568
10,27,12.313764761196367
10,28,15.02163719507409
10,29,14.050451897818023
10,30,11.216273724701137
10,31,10.473767798793748
10,32,13.594072803807794
10,33,14.540291437484402
10,34,15.866704922821336
10,35,14.280173814544415
10,36,10.792882332648281
10,37,9.734034725781068
10,38,12.989057354869136
10,39,13.127640568771467
10,40,16.299379976741353
10,41,18.231509548332355
10,42,19.41940159449883
10,43,23.110781963755223
10,44,26.36118730458031
10,45,26.217914927545156
10,46,22.913988480877798
10,47,20.056778503370722
10,48,16.508481948558963
10,49,15.815170548187693
10,50,12.17662529810343
10,51,8.523794368144921
10,52,8.811452943053844
10,53,8.976802728235958
10,54,12.718076549671707
10,55,15.58281015278053
10,56,18.09880752885042
10,57,18.347561937063077
10,58,20.62990025646573
10,59,24.278960697843175
10,60,25.82540259466376
10,61,28.077216436513893
10,62,31.735613578064264
10,63,34.038983140786755
10,64,37.175583944567414
10,65,40.65601399410646
10,66,42.674978796436065
10,67,41.15084812796651
10,68,42.091080129717646
10,69,38.91598948740529
10,70,37.67272853868859
10,71,34.657497924560516
10,72,34.09619149997204
10,73,30.969803258594418
10,74,29.730510080159977
10,75,26.141049559189266
10,76,23.650457423664943
10,77,20.15411356226714
10,78,18.49025803305125
10,79,21.387293962087757
10,80,23.731677998094458
10,81,27.496709474886398
10,82,29.431419967335128
10,83,32.81931029970345
10,84,36.124142231429445
10,85,39.694186296293324
10,86,42.93367604185194
10,87,45.43597361460219
10,88,47.88511232872239
10,89,45.41026794869074
10,90,42.86121143627892
10,91,39.50217144279305
10,92,39.58991015111756
10,93,36.36831539725402
10,94,33.3666754259012
10,95,31.55713577047151
10,96,34.930631489231615
10,97,36.226196016483144
10,98,39.971050834681655
10,99,42.694222046379664
10,100,46.39986487052821
11,1,16.530424062603906
11,2,13.35859898114585
11,3,11.031622529145489
11,4,10.773727491287318
11,5,7.8916118733615255
11,6,5.891662237420389
11,7,7.0846690015728475
11,8,7.873980286495341
11,9,7.143884565608131
11,10,3.826304090962186
11,12,3.805549197370101
11,13,6.86820387024259
11,14,10.239491172283808
11,15,11.067124186764381
11,16,8.661932251920105
11,17,5.844255947467541
11,18,5.432921652488737
11,19,6.395177874216067
11,20,6.224719208961822
11,21,9.814887308868544
11,22,12.423411232084742
11,23,14.675590755498135
11,24,17.28727061619295
11,25,15.028144872889591
11,26,13.865678324918917
11,27,11.709220957045789
11,28,14.254000157685438
11,29,12.991434233061252
11,30,9.895622892622008
11,31,10.054773892965052
11,32,13.031153302815888
11,33,14.334564488295522
11,34,16.350762430514884
11,35,15.031777515725613
11,36,11.838804202872472
11,37,10.19888220627689
11,38,13.387049128574137
11,39,13.779573501785393
11,40,16.99145001340903
11,41,19.240865799076552
11,42,20.006773236159717
11,43,23.79235826029853
11,44,27.068832161919357
11,45,26.63707785568778
11,46,23.134121844861998
11,47,20.56680959914568
11,48,16.99046382621417
11,49,16.786349268316346
11,50,13.242079008883643
11,51,9.954731053695605
11,52,8.784773005112497
11,53,7.71360663694277
11,54,11.388619126703743
11,55,14.138227437664874
11,56,17.087506872054632
11,57,17.997940012225527
11,58,20.146181644516787
11,59,23.93891073999664
11,60,25.946208960437733
11,61,27.98876485168028
11,62,31.566503138169594
11,63,34.14090121289255
11,64,37.03691168245309
11,65,40.65514671409741
11,66,42.38919528442608
11,67,40.82355699001316
11,68,42.09118463271187
11,69,39.101645198769205
11,70,38.14920201294297
11,71,35.36491099267132
11,72,35.061945509526346
11,73,32.154556158006415
11,74,30.846569210242144
11,75,27.136608730569225
11,76,24.892060600116288
11,77,21.348101129835374
11,78,19.936178929507484
11,79,22.551017979342443
11,80,24.376907409409863
11,81,28.153398167228165
11,82,30.1215100543962
11,83,33.27317138733551
11,84,36.687800441018084
11,85,40.09349882807501
11,86,43.449249769789766
11,87,46.092988878837005
11,88,48.402393649749726
11,89,45.69951011120539
11,90,43.223391902330974
11,91,39.683448954493024
11,92,39.44680164423939
11,93,36.34283480930381
11,94,33.63277013208691
11,95,31.585801724232347
11,96,34.97714962753058
11,97,35.95072354587557
11,98,39.65389589931394
11,99,42.62561454226771
11,100,46.36711829148218
12,1,13.689159350640733
12,2,10.23978136964658
12,3,8.546319731079189
12,4,8.399451562995488
12,5,6.714955830235067
12,6,5.864951152321049
12,7,8.795522391127081
12,8,10.732232149720657
12,9,10.63817830599983
12,10,7.019540618060003
12,11,3.805549197370101
12,13,3.907864986666443
12,14,6.642506149618296
12,15,7.461949785687731
12,16,5.850509140589768
12,17,4.590151717369175
12,18,6.28077789422059
12,19,8.930227617649201
12,20,9.559439014216467
12,21,12.955593509118394
12,22,15.914986406751103
12,23,18.273274296909655
12,24,20.636854612628696
12,25,18.04546978782457
12,26,16.374974239526953
12,27,13.616547714645783
12,28,15.461214391476009
12,29,13.429524822669364
12,30,9.889460251456002
12,31,9.946426588533011
12,32,12.00037885711258
12,33,12.925226859612028
12,34,15.675815005398494
12,35,15.132082684898307
12,36,12.641089158143407
12,37,11.479432403023228
12,38,14.798340737661457
12,39,15.950901506016182
12,40,19.348208553967403
12,41,21.998608849221533
12,42,22.82601029113246
12,43,26.554079470220973
12,44,29.93942651629387
12,45,29.534569139842784
12,46,26.00461190930838
12,47,23.7120900176498
12,48,20.234663252043912
12,49,20.323848064857405
12,50,16.87020041535591
12,51,13.683689224850271
12,52,12.07733186752768
12,53,10.149089805947668
12,54,13.535893849787291
12,55,15.726088821677738
12,56,19.093971361765096
12,57,20.591388497239763
12,58,22.788581706106186
12,59,26.59172973628053
12,60,28.90471726690313
12,61,30.882582359123987
12,62,34.356074139733
12,63,37.10963825410057
12,64,39.838486187950416
12,65,43.51290997335293
12,66,45.07523368685089
12,67,43.52819891811299
12,68,45.00931698758123
12,69,42.13320288713819
12,70,41.31886453820756
12,71,38.64379017272235
12,72,38.492420245446006
12,73,35.66443798957345
12,74,34.2697436235525
12,75,30.52709149430784
12,76,28.306974136655008
12,77,24.710912463007652
12,78,23.52247648141448
12,79,26.094262592676532
12,80,27.6989172013894
12,81,31.449955333648578
12,82,33.46594999752786
12,83,36.49108575457576
12,84,39.95252761146067
12,85,43.26026559413469
12,86,46.659190750593886
12,87,49.37482728993234
12,88,51.60887069684362
12,89,48.7895797691204
12,90,46.351389574695574
12,91,42.724703919417344
12,92,42.27718662589044
12,93,39.24041393398931
12,94,36.71533283705462
12,95,34.57719979813174
12,96,37.96933709414532
12,97,38.740527009814016
12,98,42.39474498285989
12,99,45.51344594130782
12,100,49.25875751243526
13,1,14.621919924682867
13,2,10.841059915054561
13,3,10.48429347531859
13,4,10.650534563927051
13,5,10.027107252550039
13,6,9.593167997098938
13,7,12.56730460800383
13,8,14.447896409612968
13,9,13.802328908663869
13,10,10.102933155274242
13,11,6.86820387024259
13,12,3.907864986666443
13,14,3.8202956735757474
13,15,6.22739417015393
13,16,5.498194287698246
13,17,6.3564166964808
13,18,7.570885132822881
13,19,10.771913562994678
13,20,11.331528855348047
13,21,14.084416457736408
13,22,17.511779320676204
13,23,19.885720842367373
13,24,21.67434132596631
13,25,18.627999038145205
13,26,16.31916773563254
13,27,13.037917469969456
13,28,14.050970772049402
13,29,11.526179366864223
13,30,8.090987956503145
13,31,8.860785737502384
13,32,10.29872754992722
13,33,11.767449628008253
13,34,14.762157265471918
13,35,14.394360765923201
13,36,12.543322313637159
13,37,11.202594239745224
13,38,14.076373035191555
13,39,15.736826056590811
13,40,19.094177940227617
13,41,22.129051029402415
13,42,22.95327810589924
13,43,26.52170103184094
13,44,30.010097686301464
13,45,29.70856372723481
13,46,26.235317279780272
13,47,24.42905364161237
13,48,21.242670503458015
13,49,21.990372130407646
13,50,18.859149579041812
13,51,15.838907902792252
13,52,13.513011402494609
13,53,10.627240833274447
13,54,13.459891254962434
13,55,14.764665107892808
13,56,18.463619834600426
13,57,20.613950621617835
13,58,23.022191306053355
13,59,26.717279653939453
13,60,29.410250059153572
13,61,31.479425002072265
13,62,34.73079841521844
13,63,37.74668483640585
13,64,40.26344625026602
13,65,43.93113711143497
13,66,45.37768515960763
13,67,44.04899506666834
13,68,45.789476351703826
13,69,42.98271423709307
13,70,42.208383344637504
13,71,39.629970254852665
13,72,39.84136679115164
13,73,37.0762128351634
13,74,35.377581871866894
13,75,31.614723905605853
13,76,29.362203427851007
13,77,25.694874313387377
13,78,25.04562548693383
13,79,27.639057636330218
13,80,28.878411637579124
13,81,32.53815426911329
13,82,34.823424508199146
13,83,37.698274978622585
13,84,41.29537020279902
13,85,44.45538467037228
13,86,47.80032967541191
13,87,50.712834693758325
13,88,52.99198325269677
13,89,50.07473366494013
13,90,47.862639004288546
13,91,44.14986709656366
13,92,43.64477822478042
13,93,40.83223926191615
13,94,38.487189142820526
13,95,36.053344226906795
13,96,39.27956320671012
13,97,39.68656804061298
13,98,43.35114524676511
13,99,46.62448142322621
13,100,50.45002121294072
14,1,12.727114337857477
14,2,9.02239374586203
14,3,9.87579187788898
14,4,10.22229626881333
14,5,10.981975891951894
14,6,11.374761095215538
14,7,14.878499112859378
14,8,17.28902858969666
14,9,17.1037316728652
14,10,13.339009261142614
14,11,10.239491172283808
14,12,6.642506149618296
14,13,3.8202956735757474
14,15,3.862282330240054
14,16,5.6737804742016795
14,17,8.304064164434097
14,18,10.535410857214044
14,19,14.081170456049042
14,20,15.043803353831715
14,21,17.824074486739118
14,22,21.265905116592087
14,23,23.70150250029337
14,24,25.453703007707666
14,25,22.33306602296232
14,26,19.90174312698537
14,27,16.48065904662209
14,28,17.003517212589077
14,29,14.093869903514399
14,30,10.7797052976752
14,31,11.152407009292801
14,32,11.327354645407086
14,33,12.040548909402272
14,34,15.551571437038668
14,35,16.043117580347054
14,36,14.944830124909084
14,37,14.205972256586975
14,38,17.0198271844
14,39,19.091560803417845
14,40,22.47159714749934
14,41,25.660501356261502
14,42,26.536837287282022
14,43,30.02678703469391
14,44,33.542021174819986
14,45,33.25810096450325
14,46,29.800604565352053
14,47,28.12559768090283
14,48,24.984627240897723
14,49,25.76087036890917
14,50,22.61414699296521
14,51,19.59998026056839
14,52,17.298741650827957
14,53,14.360558869160972
14,54,16.963418995321515
14,55,17.943969237185993
14,56,21.719729685848613
14,57,24.121731504391413
14,58,26.474346014323718
14,59,30.131924080085497
14,60,32.958234297766154
14,61,34.93994725790995
14,62,38.11720248836029
14,63,41.21162008869225
14,64,43.60882489948308
14,65,47.3034862575588
14,66,48.611655581068064
14,67,47.26991861700871
14,68,49.14244855186693
14,69,46.43347738667242
14,70,45.77042754739342
14,71,43.27322128887748
14,72,43.53652820804938
14,73,40.826737184540015
14,74,39.123969161586196
14,75,35.35798571399278
14,76,33.135440708224394
14,77,29.467451035356017
14,78,28.860388942693184
14,79,31.415732766589763
14,80,32.57175042686808
14,81,36.20944176734261
14,82,38.46761338263613
14,83,41.26020219550843
14,84,44.85495353000468
14,85,47.95082450148699
14,86,51.331365732866935
14,87,54.261406192798624
14,88,56.46224395715205
14,89,53.469429695265795
14,90,51.25374967831711
14,91,47.49535444482554
14,92,46.82087409128777
14,93,44.03526675198211
14,94,41.819697308194435
14,95,39.38405703505274
14,96,42.627362428961476
14,97,42.930566604420434
14,98,46.528889577269766
14,99,49.88679597780004
14,100,53.68589894565783
15,1,9.27975692429966
15,2,5.53777374636536
15,3,7.17457451095118
15,4,8.724906458280785
15,5,10.210990857939677
15,6,10.386215268666012
15,7,13.939366026248043
15,8,16.994907069972868
15,9,17.15352449082781
15,10,13.404923913321824
15,11,11.067124186764381
15,12,7.461949785687731
15,13,6.22739417015393
15,14,3.862282330240054
15,16,3.879157182837295
15,17,7.275844772705209
15,18,10.463642639284826
15,19,14.173603035150563
15,20,15.958886453091617
15,21,19.03081044846029
15,22,22.2659289359677
15,23,25.038098226469426
15,24,27.023716428370353
15,25,24.00844487425999
15,26,22.028683174624277
15,27,18.64307550923969
15,28,19.19550299882563
15,29,16.05039156560996
15,30,12.435808844867385
15,31,11.588359560839162
15,32,11.096496905234321
15,33,10.531575678831437
15,34,14.268900170740737
15,35,15.47770796604802
15,36,14.724340610352094
15,37,14.924177797929703
15,38,18.13998581158387
15,39,20.514937974605214
15,40,24.120426162143502
15,41,27.3318660408203
15,42,28.597117453718052
15,43,32.09629590003986
15,44,35.70308726653062
15,45,35.638550762837944
15,46,32.22864784053678
15,47,30.321960360610447
15,48,27.06813092327449
15,49,27.512046459319123
15,50,24.144465676742566
15,51,20.821972739984083
15,52,19.10873698960823
15,53,16.569674252789945
15,54,19.619714099072997
15,55,20.830946145164745
15,56,24.573853549881726
15,57,26.6943227627998
15,58,29.192305107168917
15,59,32.89229164771224
15,60,35.505411900165434
15,61,37.614097106847495
15,62,40.913708859569816
15,63,43.8758574144146
15,64,46.448560814337675
15,65,50.11404749419346
15,66,51.582614768006934
15,67,50.200642884803536
15,68,51.892084780098116
15,69,49.06575616554632
15,70,48.24943267677447
15,71,45.58847689997026
15,72,45.64096647853929
15,73,42.769576235698054
15,74,41.135301175382196
15,75,37.393819027279854
15,76,34.97984920151147
15,77,31.26761581052823
15,78,30.460004358186104
15,79,33.21989837931589
15,80,34.73973827373201
15,81,38.44828543465027
15,82,40.65727523887472
15,83,43.630857607766046
15,84,47.16826151881427
15,85,50.40561488182013
15,86,53.77391605117178
15,87,56.59626454097353
15,88,58.85148999856712
15,89,55.96897466170457
15,90,53.62095105932199
15,91,49.93926889065618
15,92,49.37733063104229
15,93,46.43111591230581
15,94,44.03108249087681
15,95,41.79204551062782
15,96,45.129914990982016
15,97,45.67858008033371
15,98,49.31192419079003
15,99,52.555727707316194
15,100,56.33034741105617
16,1,10.847357624224019
16,2,7.199855764794505
16,3,7.481402654350408
16,4,9.565782894747086
16,5,9.756352110727896
16,6,8.530879311269222
16,7,11.466104823295632
16,8,14.43332034571773
16,9,14.065471141284267
16,10,10.317757379521671
16,11,8.661932251920105
16,12,5.850509140589768
16,13,5.498194287698246
16,14,5.6737804742016795
16,15,3.879157182837295
16,17,3.7925474331011904
16,18,6.813394234464593
16,19,10.549170276250775
16,20,12.746412299424993
16,21,15.78189184171173
16,22,18.918745100443857
16,23,21.91709123473958
16,24,23.89748090114641
16,25,20.93381076430387
16,26,19.323995439918846
16,27,16.05120699263571
16,28,16.769903648924725
16,29,13.714867059334136
16,30,9.93033746766696
16,31,8.40444690271819
16,32,8.483647889220101
16,33,8.082852426995514
16,34,11.480948762630124
16,35,12.23490307072717
16,36,11.099797474153455
16,37,11.520267366035052
16,38,14.972133654809289
16,39,17.343034273350064
16,40,21.04246496296684
16,41,24.200955610100355
16,42,25.740774186750293
16,43,29.21476879509432
16,44,32.869271680283255
16,45,33.02006700097671
16,46,29.705950947471802
16,47,27.680326637936485
16,48,24.451558622650698
16,49,24.824094972924662
16,50,21.450150386764715
16,51,17.93549500073919
16,52,16.552826355975117
16,53,14.258330819967455
16,54,17.608550097658313
16,55,18.95571394986334
16,56,22.583437446284353
16,57,24.387717438251332
16,58,27.110165495083475
16,59,30.7766848963837
16,60,33.179513898272184
16,61,35.514399757890544
16,62,38.87121565522396
16,63,41.721401853246
16,64,44.46667178610244
16,65,48.04770177532808
16,66,49.751950786227994
16,67,48.46228542475382
16,68,49.95638686174815
16,69,46.96300178179301
16,70,45.90814993858785
16,71,43.07341117003399
16,72,43.05140700862469
16,73,40.02175725845077
16,74,38.32457351137595
16,75,34.62978592302136
16,76,32.021220754821535
16,77,28.280443315468506
16,78,27.482924993930716
16,79,30.453735003329616
16,80,32.21778509730106
16,81,35.93636743344988
16,82,38.23862970010282
16,83,41.375087735266035
16,84,44.9079082216849
16,85,48.25502670319822
16,86,51.52788901521009
16,87,54.32138742887452
16,88,56.731669707251605
16,89,53.996845941903416
16,90,51.66227131410429
16,91,48.074885947541055
16,92,47.789852946844995
16,93,44.798760151462794
16,94,42.182575994989186
16,95,39.984776490482965
16,96,43.282655266004596
16,97,43.98797779602851
16,98,47.713818951780006
16,99,50.81734707845542
16,100,54.62691944401044
17,1,12.497477132030385
17,2,9.240267760316108
17,3,7.8910393795396425
17,4,9.61668934268551
17,5,8.391658880260191
17,6,5.934791828976985
17,7,8.110175326603493
17,8,10.870988244463419
17,9,10.327769386937005
17,10,6.654717794631519
17,11,5.844255947467541
17,12,4.590151717369175
17,13,6.3564166964808
17,14,8.304064164434097
17,15,7.275844772705209
17,16,3.7925474331011904
17,18,3.9021763052634015
17,19,7.220143782793296
17,20,9.583941912914467
17,21,12.900503737833304
17,22,15.715842040286422
17,23,18.740416956419086
17,24,21.01195606504068
17,25,18.35568900081181
17,26,17.247847891993473
17,27,14.399453682605301
17,28,15.79482078641475
17,29,13.307012892560016
17,30,9.561018418842128
17,31,7.863945352403316
17,32,9.353893114113179
17,33,9.374655356059307
17,34,11.920561529243813
17,35,11.787348543293593
17,36,9.63010074047348
17,37,9.82315599029242
17,38,13.555971365796367
17,39,15.37629228256773
17,40,19.06052545209629
17,41,21.898953730548733
17,42,23.45584625038509
17,43,27.01732631980617
17,44,30.590954855009468
17,45,30.715923074023735
17,46,27.409701953189565
17,47,25.081196562920237
17,48,21.73435456625382
17,49,21.753337418127536
17,50,18.27164294940386
17,51,14.645976935847143
17,52,13.787460926628105
17,53,12.142955260969227
17,54,15.812745402044314
17,55,17.695184838691763
17,56,21.036652747310264
17,57,22.323503186626418
17,58,24.985439751616706
17,59,28.670825238961335
17,60,30.769925012865578
17,61,33.12912243051046
17,62,36.610993595505626
17,63,39.26473053445683
17,64,42.18094914370092
17,65,45.72220465017948
17,66,47.57671772764209
17,67,46.21262935492094
17,68,47.485023867168046
17,69,44.39739293132456
17,70,43.234389337012985
17,71,40.297174595534536
17,72,40.06587235311166
17,73,36.96250622227958
17,74,35.40789641290596
17,75,31.751873936038866
17,76,29.118500898981072
17,77,25.42919239224306
17,78,24.35410807127564
17,79,27.366473826264592
17,80,29.388288466194943
17,81,33.13646516320208
17,82,35.330582706489984
17,83,38.59062883013524
17,84,42.04345894041851
17,85,45.49462957539423
17,86,48.74639669029123
17,87,51.42661416589158
17,88,53.87263897263843
17,89,51.252780793171006
17,90,48.82857229193517
17,91,45.33432032399945
17,92,45.20880397847044
17,93,42.1128003436702
17,94,39.32693756792888
17,95,37.28541861863945
17,96,40.62097819706092
17,97,41.565237803104196
