1,2,3.7826972465446587
1,3,7.109715906400506
1,4,9.05434294095741
1,5,8.48639163251018
1,6,11.762975444949204
1,7,13.385794223845867
1,8,14.502238416589888
1,9,13.70152277973385
1,10,16.520874219917737
1,11,18.487247900212775
1,12,20.77213721000441
1,13,23.832134627494423
1,14,27.241385955099837
1,15,30.19732570001785
1,16,33.56391726579336
1,17,34.8122940907071
1,18,35.38139501022612
1,19,38.31463728541062
1,20,38.1589770568021
1,21,36.71074545657357
1,22,37.53738902460989
1,23,39.49824739670358
1,24,39.491438674614386
1,25,42.23684788914759
1,26,40.51044025047339
1,27,42.62039166104782
1,28,41.20173790692983
1,29,42.140967098003934
1,30,42.07423784893807
1,31,40.34877371145424
1,32,42.39600355426707
1,33,40.89127126552592
1,34,42.42628983147254
1,35,44.1332770952878
1,36,47.2600429006984
1,37,47.80483208999091
1,38,50.41059458760728
1,39,50.63457817759921
1,40,46.939220722353866
1,41,44.869660553105845
1,42,41.258731254940166
1,43,38.64239414992461
1,44,37.124399786447455
1,45,33.45464135439957
1,46,31.229266912721698
1,47,27.589205154015737
1,48,26.091655484574478
1,49,22.676478334965285
1,50,22.123924846572784
1,51,19.54033698695715
1,52,17.594645001330452
1,53,18.163715211753203
1,54,19.730987018385544
1,55,17.590242993192476
1,56,13.851026030366535
1,57,13.82757627698568
1,58,16.992912424078764
1,59,18.161590185331825
1,60,18.13925872723788
1,61,15.790637738115857
1,62,12.309101672388902
1,63,12.63298682741017
1,64,16.420419430246998
1,65,18.848322877692684
1,66,19.909018745904927
1,67,22.661048198978328
1,68,24.73956899468259
1,69,23.505517787503006
1,70,23.26214360327164
1,71,21.187307110703674
1,72,20.928954685310224
1,73,19.899239738746243
1,74,22.749574054097963
1,75,23.74944467334296
1,76,25.62739037368843
1,77,29.024556836226317
1,78,31.16143159049427
1,79,34.46183706499105
1,80,35.43526337941065
1,81,39.065028972030085
1,82,39.81654998854346
1,83,43.0527883126588
1,84,43.29485133812475
1,85,46.12897170060439
1,86,46.92791046778137
1,87,49.314768895258275
1,88,52.06718552938302
1,89,51.39988365119719
1,90,48.99734592296627
1,91,47.59733272236688
1,92,44.681265171912045
1,93,42.838343142833914
1,94,39.57123720947253
1,95,36.941715907307426
1,96,33.72580982673895
1,97,30.446051066564525
1,98,26.872162985789245
1,99,24.751586423744072
1,100,21.587256804058196
1,101,19.849194938124093
1,102,20.25778001515838
1,103,19.73630735589751
1,104,22.99629430729378
1,105,23.91810761890123
1,106,26.84977935941386
1,107,28.091297555431602
1,108,27.850573550519194
1,109,31.025010533585164
1,110,30.54343466218858
2,1,3.7826972465446587
2,3,3.792117005995752
2,4,6.410165223241039
2,5,7.329840080826231
2,6,11.067570650292728
2,7,13.028979548996837
2,8,14.920477225268776
2,9,14.66758461298427
2,10,17.158006727241876
2,11,19.37017109226189
2,12,21.18878377254271
2,13,24.389398386189505
2,14,27.56254879637819
2,15,30.768838110223506
2,16,34.056845311048775
2,17,35.673577637494056
2,18,36.13642419636759
2,19,39.235199350798304
2,20,39.06519113655439
2,21,37.38959828958588
2,22,38.08581758972351
2,23,39.72265435513506
2,24,39.4559525832359
2,25,42.36227509183256
2,26,40.95139427107433
2,27,43.211128524056605
2,28,41.99370543904083
2,29,42.76818601763202
2,30,42.77933054025541
2,31,40.848849351716666
2,32,42.84811994446605
2,33,41.42509567806873
2,34,42.68100622212201
2,35,44.10348094227356
2,36,47.086536830827875
2,37,47.33096380881826
2,38,49.793076426843975
2,39,50.24686438083084
2,40,46.53278336742744
2,41,44.72886173517731
2,42,41.09395434049822
2,43,38.7417914774043
2,44,37.21949059061055
2,45,33.49345911419906
2,46,31.233810803242328
2,47,27.482925416714632
2,48,26.323180504015202
2,49,22.917638999711745
2,50,22.783936343136656
2,51,20.52964214933284
2,52,19.185284310425903
2,53,19.992081424933545
2,54,21.29232540240012
2,55,19.500484163167506
2,56,15.821814511943646
2,57,16.00665332926273
2,58,19.24454278328755
2,59,19.758999645107878
2,60,19.517623670824335
2,61,16.64136268390831
2,62,13.109409085187082
2,63,12.647238230749785
2,64,16.40978194706281
2,65,18.73319495558934
2,66,20.479387493770112
2,67,23.10999858869105
2,68,24.839930450615306
2,69,23.7115998123427
2,70,23.915610857127717
2,71,21.79250267467356
2,72,21.797888374417763
2,73,20.623249075550895
2,74,23.350824473825178
2,75,24.176061549761656
2,76,25.54283716492617
2,77,28.88070000862031
2,78,30.718718147088474
2,79,34.03940205625477
2,80,34.9963416305383
2,81,38.601786910573836
2,82,39.627500573121445
2,83,43.00414551830903
2,84,43.528870505052446
2,85,46.54111361189251
2,86,47.48603488683343
2,87,50.0642230619357
2,88,52.6193401416908
2,89,51.693375257220225
2,90,49.1799578098681
2,91,47.52074231097195
2,92,44.414752360466906
2,93,42.66990942534572
2,94,39.320382599529545
2,95,36.9758605923355
2,96,33.83502857814266
2,97,30.523998463297914
2,98,27.005707264426775
2,99,24.45395177989736
2,100,21.312291151651802
2,101,19.93143249437519
2,102,20.02649404273767
2,103,19.701368431315032
2,104,22.9701979741718
2,105,23.900900113155444
2,106,27.00549766701826
2,107,28.124034652668943
2,108,28.271585473791728
2,109,31.506101468488268
2,110,31.05740265277468
3,1,7.109715906400506
3,2,3.792117005995752
3,4,3.815013841413342
3,5,6.5038485720937
3,6,10.01847917837443
3,7,12.665185505261212
3,8,14.750522746711269
3,9,14.590362778107973
3,10,16.410119077365135
3,11,18.556187484264537
3,12,19.77492547785361
3,13,22.961381475327215
3,14,25.834015721368253
3,15,29.244198300377725
3,16,32.39098476399077
3,17,34.34855089642641
3,18,34.773811314340854
3,19,38.03685590161173
3,20,37.95396367856449
3,21,36.16462315116405
3,22,36.86656206955034
3,23,38.220919108252964
3,24,37.84690838600148
3,25,40.94268805057965
3,26,39.81672124213968
3,27,42.08474465324329
3,28,40.956480588667546
3,29,41.4708124101233
3,30,41.44655991570804
3,31,39.28264443518109
3,32,41.15645186353921
3,33,39.759662908707426
3,34,40.735584200995746
3,35,41.922988533122016
3,36,44.75576586462112
3,37,44.769248803246875
3,38,47.094065174761646
3,39,47.702235202040086
3,40,43.983881221749684
3,41,42.40221569322563
3,42,38.77703283964685
3,43,36.66811533413734
3,44,35.20121159584995
3,45,31.448877255172906
3,46,29.25141456592807
3,47,25.462108215129703
3,48,24.711591200685607
3,49,21.465498483550007
3,50,21.88352135789938
3,51,20.159232609161496
3,52,19.342513655270782
3,53,20.64721814264983
3,54,21.97433834332087
3,55,20.7864531826799
3,56,17.189434473652177
3,57,18.012889765050755
3,58,21.462387350753023
3,59,21.592031996224257
3,60,20.792682408314
3,61,17.50821003759667
3,62,14.33223764751562
3,63,13.841252128300903
3,64,17.405144184316452
3,65,19.943870480290293
3,66,22.070989588004807
3,67,24.825747289571314
3,68,26.06030129598003
3,69,24.690165855502833
3,70,24.95715888809637
3,71,22.52241614917885
3,72,22.355021652725867
3,73,20.72257750922615
3,74,23.033455322278297
3,75,23.396413275531067
3,76,24.245761715216712
3,77,27.364283958623528
3,78,28.807616577184838
3,79,32.01904858024186
3,80,32.806705072105466
3,81,36.32769802309233
3,82,37.49619348728267
3,83,40.93949363754274
3,84,41.74572057453819
3,85,44.92324972135977
3,86,46.074184562443676
3,87,48.77164164660372
3,88,51.14991732033174
3,89,49.97782001838216
3,90,47.32582121392433
3,91,45.48460294536085
3,92,42.23894818631317
3,93,40.670829848706056
3,94,37.3305570790532
3,95,35.241102778817435
3,96,32.27403446073102
3,97,28.890233543462482
3,98,25.53758675037816
3,99,22.63582079219782
3,100,19.732624729798417
3,101,18.946662608955318
3,102,19.123778311162074
3,103,19.37796459985188
3,104,22.774317797709404
3,105,24.067431810659755
3,106,27.430597443916877
3,107,28.744851378325308
3,108,29.380053425877882
3,109,32.770880063063174
3,110,32.62204237858354
4,1,9.05434294095741
4,2,6.410165223241039
4,3,3.815013841413342
4,5,3.80585367349066
4,6,6.7565675474116045
4,7,9.488829554899338
4,8,11.841231209330285
4,9,12.238079596471275
4,10,13.866866210746105
4,11,16.428779678954907
4,12,17.605371753859362
4,13,21.041623015920713
4,14,23.872868461420186
4,15,27.20870236376641
4,16,30.451552062232267
4,17,32.46051166880024
4,18,32.530749790202876
4,19,35.72475339826856
4,20,35.39072807097717
4,21,33.35306179175905
4,22,33.81031595700743
4,23,35.0076561973087
4,24,34.43855180484803
4,25,37.514599616192385
4,26,36.510293577332234
4,27,38.91897784282061
4,28,37.99728610421769
4,29,38.5730071962058
4,30,38.77467277801242
4,31,36.68040461226925
4,32,38.72991487384116
4,33,37.60847439235883
4,34,38.611932833727295
4,35,39.62522514627145
4,36,42.515817647279704
4,37,42.44227617517467
4,38,44.88460471831613
4,39,45.67924364805027
4,40,42.035467140535474
4,41,40.468304702090784
4,42,36.76570076978069
4,43,34.682007886399774
4,44,32.9256051425273
4,45,29.252463059642732
4,46,26.769218256225727
4,47,22.964363091478997
4,48,22.07670315142369
4,49,18.72502618141767
4,50,19.108216300678528
4,51,17.508698523198213
4,52,17.286933256811743
4,53,18.56159679516842
4,54,19.55889294791519
4,55,18.81067411132007
4,56,15.487544018508897
4,57,16.712285608838627
4,58,20.210786366051735
4,59,19.856579610197276
4,60,18.584962363690956
4,61,15.034888453508232
4,62,12.300244405345085
4,63,11.91581883313893
4,64,15.161216949024759
4,65,17.98977939451072
4,66,20.230992846514937
4,67,23.186882193684568
4,68,23.9525796345978
4,69,22.25038092626762
4,70,22.448262404568336
4,71,19.788466342164913
4,72,19.541917720689106
4,73,17.729083164022512
4,74,19.85787259631456
4,75,20.170187588281923
4,76,20.77983470347541
4,77,23.91655995413631
4,78,25.371396367230485
4,79,28.678138287271196
4,80,29.683358977220532
4,81,33.26137458269404
4,82,34.63973904007964
4,83,38.17554946823835
4,84,38.94723848057806
4,85,42.11170735829004
4,86,43.16234094427479
4,87,45.99924664283179
4,88,48.26283624176567
4,89,47.0458271809717
4,90,44.48184356960678
4,91,42.51785660864924
4,92,39.241489184101155
4,93,37.534330155068865
4,94,34.09955737974998
4,95,32.09638398668706
4,96,29.0674026125968
4,97,25.808974669866583
4,98,22.425753902392426
4,99,19.42715887122013
4,100,16.40595224744233
4,101,15.647741201808385
4,102,15.597200453153722
4,103,16.036972600344082
4,104,19.4399523334532
4,105,20.949948937793053
4,106,24.45554808557189
4,107,25.97942497915968
4,108,26.965394598900385
4,109,30.490755384961076
4,110,30.700275165145595
5,1,8.48639163251018
5,2,7.329840080826231
5,3,6.5038485720937
5,4,3.80585367349066
5,6,3.772730316480968
5,7,6.281553481026627
5,8,8.305612969310456
5,9,8.80496076287514
5,10,11.023521966960633
5,11,13.956166620449633
5,12,15.788156639046662
5,13,19.404214126969357
5,14,22.551236409706092
5,15,25.595799754740387
5,16,29.057071409417237
5,17,30.723418979603533
5,18,30.60909610708761
5,19,33.593285456866276
5,20,33.035892547709196
5,21,30.99377337603871
5,22,31.35800234351551
5,23,32.80433128440617
5,24,32.324796258787636
5,25,35.20944982076659
5,26,33.936841608832225
5,27,36.36115080340162
5,28,35.40946269184975
5,29,36.259809792944594
5,30,36.59455214202742
5,31,34.77998232885955
5,32,37.059933918309746
5,33,36.07092399424997
5,34,37.40916712431657
5,35,38.59676901884133
5,36,41.700818323974204
5,37,41.874561275599675
5,38,44.5616971549301
5,39,45.26227595073906
5,40,41.68094510761019
5,41,39.84283907858552
5,42,36.08817679807397
5,43,33.72624417579799
5,44,31.728135271973912
5,45,28.144818332558565
5,46,25.42710886101161
5,47,21.677283244280684
5,48,20.21363078387173
5,49,16.617392007137134
5,50,16.374549708971447
5,51,14.306992174905064
5,52,13.958979969581865
5,53,14.903476754478865
5,54,15.815947665395736
5,55,15.008575482526938
5,56,11.71763073918307
5,57,13.130369741262722
5,58,16.69709507177624
5,59,16.41291607132343
5,60,14.949869163703816
5,61,11.472537220808764
5,62,8.874579681274973
5,63,9.299323353731166
5,64,12.565080961629778
5,65,15.79355417920686
5,66,17.543613821622152
5,67,20.799630143147105
5,68,21.60612277638995
5,69,19.578492865539655
5,70,19.33818601351883
5,71,16.520005749089833
5,72,16.02304183081632
5,73,14.23689840440152
5,74,16.58416484889756
5,75,17.21523294544392
5,76,18.320880733488256
5,77,21.69344115479882
5,78,23.609484143218925
5,79,27.05186887506215
5,80,28.315552221427033
5,81,32.00924860354791
5,82,33.27842477638688
5,83,36.76624359127499
5,84,37.193451025443046
5,85,40.16946475130866
5,86,40.963923948975165
5,87,43.739356352123664
5,88,46.13554798842764
5,89,45.16029471046891
5,90,42.78571976806825
5,91,40.98532853369087
5,92,37.87219754472094
5,93,35.90835923052707
5,94,32.443770044067584
5,95,30.163479501656834
5,96,26.923494459406335
5,97,23.778990131333735
5,98,20.193351810648814
5,99,17.588885866748097
5,100,14.245615077615247
5,101,12.826724456622914
5,102,12.830088245847175
5,103,12.999600244262636
5,104,16.518612817144483
5,105,18.12667806715449
5,106,21.613387765131197
5,107,23.380198304816023
5,108,24.207315987051977
5,109,27.80495990057109
5,110,28.192147182884256
6,1,11.762975444949204
6,2,11.067570650292728
6,3,10.01847917837443
6,4,6.7565675474116045
6,5,3.772730316480968
6,7,3.7970232132773214
6,8,5.270968183952884
6,9,6.388246174335812
6,10,8.143971898157044
6,11,11.502387631597427
6,12,13.343818664583532
6,13,17.111288731463258
6,14,20.202501540621544
6,15,23.041232553076686
6,16,26.579221966639086
6,17,28.198242344590234
6,18,27.742787703857413
6,19,30.61088109165834
6,20,29.82337400588344
6,21,27.59764573007822
6,22,27.78079443723276
6,23,29.16195815477546
6,24,28.60737776649472
6,25,31.459333961527268
6,26,30.217906169256434
6,27,32.7075684557318
6,28,31.87902347684441
6,29,32.79072788630491
6,30,33.3032474058723
6,31,31.595451368582825
6,32,34.04214524948472
6,33,33.305755494652665
6,34,34.73103894369877
6,35,35.82206679833164
6,36,39.00704380056241
6,37,39.195346477137036
6,38,42.02664921283214
6,39,42.821101588943556
6,40,39.34031160917942
6,41,37.445682057915796
6,42,33.6529424574232
6,43,31.257487344986437
6,44,28.986466406517163
6,45,25.538713023773358
6,46,22.562104587280604
6,47,18.886988768999974
6,48,17.161014796146695
6,49,13.477088212508578
6,50,13.078109513343186
6,51,11.173488936447212
6,52,11.583968368374546
6,53,12.61076631149893
6,54,13.27685700495439
6,55,13.262971409779036
6,56,10.519343923206794
6,57,12.69542817576271
6,58,16.19757301937608
6,59,15.554962934291302
6,60,13.32358276344722
6,61,9.740446608849533
6,62,8.350308918499469
6,63,9.573358243595978
6,64,12.03989335891151
6,65,15.616511434311304
6,66,17.120300192548193
6,67,20.621485326333413
6,68,20.905767573524457
6,69,18.347227212824766
6,70,17.699070453984955
6,71,14.464221249744288
6,72,13.46901651270338
6,73,11.169964827078129
6,74,13.116628084835476
6,75,13.555733255588349
6,76,14.55395878488155
6,77,17.958025919015192
6,78,19.98622820311171
6,79,23.49569598069847
6,80,24.952357848438368
6,81,28.69345603936242
6,82,30.051238574281772
6,83,33.567047053287745
6,84,33.88467955203912
6,85,36.8035185591051
6,86,37.48885493034141
6,87,40.34493304442194
6,88,42.67608542807503
6,89,41.713158925372646
6,90,39.43891707262362
6,91,37.60575828940228
6,92,34.53034309795114
6,93,32.42263604301036
6,94,28.91106386225264
6,95,26.618069513167278
6,96,23.308232382958597
6,97,20.28277584501248
6,98,16.653070632320272
6,99,14.11677196901848
6,100,10.62316918667244
6,101,9.109071054076919
6,102,9.200963730196401
6,103,9.911637414573068
6,104,13.606254666049809
6,105,15.768974623009617
6,106,19.4235822324201
6,107,21.64499007045718
6,108,22.827890103826444
6,109,26.56480094873158
6,110,27.448900650552865
7,1,13.385794223845867
7,2,13.028979548996837
7,3,12.665185505261212
7,4,9.488829554899338
7,5,6.281553481026627
7,6,3.7970232132773214
7,8,3.8201736256589465
7,9,6.919083255596076
7,10,9.31072314057742
7,11,13.070281170894557
7,12,15.373515106330771
7,13,19.15649831626434
7,14,22.290026168961997
7,15,24.743744098461406
7,16,28.389222310919777
7,17,29.728103863549336
7,18,28.88466963891673
7,19,31.430916100326982
7,20,30.20613508064297
7,21,27.758712357465576
7,22,27.498375536564033
7,23,28.897109222777093
7,24,28.081493200407575
7,25,30.62112896402826
7,26,29.28989252754954
7,27,32.03259141466442
7,28,31.489158621941247
7,29,32.7968739897471
7,30,33.695796169696095
7,31,32.35426781217855
7,32,35.106293483032246
7,33,34.70440379813815
7,34,36.354765350562616
7,35,37.39534737718408
7,36,40.690647601183976
7,37,40.91612129892745
7,38,43.90530801126406
7,39,44.80496557953296
7,40,41.453090323610986
7,41,39.479132317814624
7,42,35.674024873997254
7,43,33.19897991871059
7,44,30.622779795611695
7,45,27.393163337775682
7,46,24.134670459158702
7,47,20.65736870538849
7,48,18.444589166056165
7,49,14.681681979164367
7,50,13.434101535202766
7,51,10.97774269480908
7,52,11.74307850029558
7,53,11.644843286626468
7,54,11.255157074976237
7,55,11.067824408906654
7,56,8.995089841253993
7,57,10.710224517242152
7,58,13.773129996690253
7,59,12.473609036750634
7,60,10.183012794074518
7,61,6.432234901027868
7,62,5.703768407958496
7,63,6.975600423761046
7,64,8.675479612639071
7,65,12.355556960432473
7,66,13.692986319849972
7,67,17.246452886182777
7,68,17.314333371887457
7,69,14.607275780409829
7,70,13.944600284469496
7,71,10.759594213911749
7,72,10.17409028037867
7,73,8.510493008868506
7,74,11.09695022786337
7,75,12.497779307859581
7,76,13.78659426121312
7,77,17.479966824648088
7,78,19.987092959363054
7,79,23.690572016424532
7,80,25.66187712075782
7,81,29.454155526300877
7,82,30.984349253783904
7,83,34.499956036670994
7,84,34.51815220802169
7,85,37.21522952515448
7,86,37.53066093131535
7,87,40.44949102147474
7,88,42.75778671080484
7,89,41.97009449434296
7,90,39.98067338271633
7,91,38.145680798020706
7,92,35.18955790135371
7,93,32.74703592735488
7,94,29.135265377335156
7,95,26.79546460820204
7,96,23.25812782470539
7,97,20.668578835220643
7,98,16.93846508841954
7,99,14.850402256521052
7,100,11.065970440760863
7,101,8.50585735746321
7,102,7.318121680087547
7,103,6.749053928334441
7,104,10.252645767911053
7,105,12.094359247255221
7,106,15.691860442195267
7,107,17.880750167728916
7,108,19.048670658921512
7,109,22.798729753977764
7,110,23.79473397484348
8,1,14.502238416589888
8,2,14.920477225268776
8,3,14.750522746711269
8,4,11.841231209330285
8,5,8.305612969310456
8,6,5.270968183952884
8,7,3.8201736256589465
8,9,3.7950640122529813
8,10,6.252033359645201
8,11,9.994387793326238
8,12,12.763193447152183
8,13,16.425305235663576
8,14,19.719350971895995
8,15,21.853954985293594
8,16,25.58438834344281
8,17,26.607705101321322
8,18,25.746277601344225
8,19,28.150905775390704
8,20,26.914065109136764
8,21,24.641081683320085
8,22,24.55888781792843
8,23,26.295720853089346
8,24,25.84613778674599
8,25,28.299936691719797
8,26,26.6446918222282
8,27,29.176526638405118
8,28,28.380008470639744
8,29,29.77157495457149
8,30,30.575336268253146
8,31,29.391918145074747
8,32,32.20299978138859
8,33,31.77676220211476
8,34,33.681094241233716
8,35,34.955818929210636
8,36,38.390461046081896
8,37,38.90835502085427
8,38,42.04935100209804
8,39,42.73909935858688
8,40,39.43830698034842
8,41,37.214027140765495
8,42,33.436642121203036
8,43,30.722982565782402
8,44,28.09096209001589
8,45,24.962636614212485
8,46,21.693106908210016
8,47,18.384502973716135
8,48,15.74557413566325
8,49,11.965375022487692
8,50,10.146953622733578
8,51,7.296105416267597
8,52,8.03418634035247
8,53,8.030245463871314
8,54,8.085491815178095
8,55,8.61409286422322
8,56,6.838182746054031
8,57,9.683394044110456
8,58,12.819373094892507
8,59,12.096610639239916
8,60,9.100282418252172
8,61,6.061544252884377
8,62,6.69525239063745
8,63,9.464609949981973
8,64,10.827297425970407
8,65,14.60017377203664
8,66,15.050977095527452
8,67,18.8171661552648
8,68,18.929578596233807
8,69,15.806057272787768
8,70,14.218225183594521
8,71,10.639397534016798
8,72,8.750985702716191
8,73,6.1475686826558995
8,74,8.432608672647122
8,75,9.658304668210125
8,76,11.695730187892984
8,77,15.384494859588072
8,78,18.199617364078627
8,79,21.794689636160264
8,80,23.69631461302182
8,81,27.487891399945735
8,82,28.686078063348045
8,83,32.04923586049504
8,84,31.80093835827296
8,85,34.353718567380774
8,86,34.5815710587749
8,87,37.344393534741506
8,88,39.82490675322681
8,89,39.2419475678725
8,90,37.32421117112537
8,91,35.74490480922932
8,92,32.983540174435184
8,93,30.477326592389232
8,94,26.98536505471457
8,95,24.320231246901034
8,96,20.72583483997242
8,97,18.111010139213565
8,98,14.310645973260915
8,99,12.821047769727635
8,100,9.120626874531322
8,101,6.031303344514701
8,102,6.2185482284944555
8,103,6.390638017153313
8,104,10.08887255635776
8,105,12.596607998308555
8,106,16.066391813344598
8,107,18.799014428566736
8,108,19.810214052395253
8,109,23.57232255315372
8,110,24.883270172134296
9,1,13.70152277973385
9,2,14.66758461298427
9,3,14.590362778107973
9,4,12.238079596471275
9,5,8.80496076287514
9,6,6.388246174335812
9,7,6.919083255596076
9,8,3.7950640122529813
9,10,3.808142542825077
9,11,7.012112052547227
9,12,10.22589779901201
9,13,13.73305700433909
9,14,17.291156124506955
9,15,19.46628863685645
9,16,23.210375971336063
9,17,24.101340521760918
9,18,23.666750571274207
9,19,26.20374946189606
9,20,25.370327274960076
9,21,23.534709129709068
9,22,24.020413849120768
9,23,26.084654573219783
9,24,26.170465690824315
9,25,28.72867227553256
9,26,26.841506908615536
9,27,28.962999027292916
9,28,27.68766023470222
9,29,28.87054661329772
9,30,29.237994113773592
9,31,27.926651343378254
9,32,30.516933248564467
9,33,29.721502842824535
9,34,31.708389575396232
9,35,33.30158540814009
9,36,36.77142437624038
9,37,37.54450034991166
9,38,40.672055458696974
9,39,41.055031152091495
9,40,37.67691580546621
9,41,35.274550201182294
9,42,31.542717605026247
9,43,28.64133345788283
9,44,26.274987979631373
9,45,23.031556869677495
9,46,20.0607686538764
9,47,16.747704369209888
9,48,14.1233578610421
9,49,10.429635231793364
9,50,8.780133097633497
9,51,5.907010073468303
9,52,5.261729465019369
9,53,6.627691247049537
9,54,8.451483121659507
9,55,9.052139692699061
9,56,6.689816481412739
9,57,10.21027685313177
9,58,13.640442372156148
9,59,13.94032119892443
9,60,11.10337221400959
9,61,8.799213661196232
9,62,8.911071339611388
9,63,12.07017167615204
9,64,13.996331408961032
9,65,17.755699330687417
9,66,17.91155770279193
9,67,21.71045701780525
9,68,22.194831259494425
9,69,19.124395163482617
9,70,17.23341459876512
9,71,13.711554825391357
9,72,11.300758574564648
9,73,8.420717905871456
9,74,9.953398880800881
9,75,10.286666356753695
9,76,12.668333441581105
9,77,15.993666784605166
9,78,18.63820272390041
9,79,21.935138805176894
9,80,23.34101668017685
9,81,27.057824629974462
9,82,27.79024675531435
9,83,30.986065587106804
9,84,30.719262852598543
9,85,33.29137023522001
9,86,33.715679283977515
9,87,36.238866485761626
9,88,38.926617793192115
9,89,38.42967432620421
9,90,36.36453236077788
9,91,35.0479057259654
9,92,32.38612336996842
9,93,30.102741592749886
9,94,26.82443271109388
9,95,23.9141196274466
9,96,20.487594461667975
9,97,17.523245334669927
9,98,13.811432873912185
9,99,12.572875607599178
9,100,9.380409861522693
9,101,7.058982061852345
9,102,8.949386122058561
9,103,9.868193465614004
9,104,13.451617219314452
9,105,16.092184222256776
9,106,19.406662499121275
9,107,22.23272602728568
9,108,22.976561541914535
9,109,26.671166832245174
9,110,27.897708628506734
10,1,16.520874219917737
10,2,17.158006727241876
10,3,16.410119077365135
10,4,13.866866210746105
10,5,11.023521966960633
10,6,8.143971898157044
10,7,9.31072314057742
10,8,6.252033359645201
10,9,3.808142542825077
10,11,3.809239132961847
10,12,6.634914022956357
10,13,10.21691606062696
10,14,13.643436098211476
10,15,15.841116513919413
10,16,19.571057395963997
10,17,20.647910504858057
10,18,20.154206667799055
10,19,22.854338971848474
10,20,22.166961528409555
10,21,20.334578490303166
10,22,21.04992925145969
10,23,23.025032872719187
10,24,23.304854272908997
10,25,26.07973063891626
10,26,24.32221957644866
10,27,26.251999172245014
10,28,24.852624829757026
10,29,25.714921140419808
10,30,25.919191462773856
10,31,24.39214944510257
10,32,26.890423413225225
10,33,26.085402050890863
10,34,27.974628521802945
10,35,29.511221985995267
10,36,32.96859659784459
10,37,33.741820487082194
10,38,36.882170410211046
10,39,37.26261278087034
10,40,33.90507288365439
10,41,31.50628996797112
10,42,27.767248049284067
10,43,24.89376280547968
10,44,22.491867002800586
10,45,19.248219839181996
10,46,16.255748725911914
10,47,12.950347054268338
10,48,10.3519878484017
10,49,6.674996648966745
10,50,5.651192235999306
10,51,4.28714932509329
10,52,5.024814991251729
10,53,7.875736814266144
10,54,9.969632192080724
10,55,11.715313317423151
10,56,10.08289271057361
10,57,13.784428336472844
10,58,17.01522139397686
10,59,17.200213211451345
10,60,14.001031252791858
10,61,11.840327578289488
10,62,12.45042606270142
10,63,15.40701026886559
10,64,17.070544424654607
10,65,20.846116110756448
10,66,21.114537310454377
10,67,24.915308909985207
10,68,25.02713792615462
10,69,21.73884975101656
10,70,19.726319430569777
10,71,16.01668956620495
10,72,13.186790417590789
10,73,9.66296839146714
10,74,9.722789766504283
10,75,8.615936196123728
10,76,10.52480445949954
10,77,13.35988857772534
10,78,15.652478163373353
10,79,18.717742004533132
10,80,19.82625987244352
10,81,23.493762885455517
10,82,24.110262805239714
10,83,27.29987946521358
10,84,27.162468113924895
10,85,29.86087874456407
10,86,30.503513881787935
10,87,33.058025440035266
10,88,35.682442911397686
10,89,35.03829691992419
10,90,32.83358797764216
10,91,31.49872861201238
10,92,28.80214015008328
10,93,26.670332526907607
10,94,23.476910263641063
10,95,20.581312838455325
10,96,17.33003267336044
10,97,14.120484545149953
10,98,10.534541845761009
10,99,9.283260213260586
10,100,6.70110766473172
10,101,5.719550985887004
10,102,8.913632302185015
10,103,11.1202247891033
10,104,14.584170856211356
10,105,17.77906152143876
10,106,21.166959436839807
10,107,24.29848930692775
10,108,25.43043248669303
10,109,29.162098319508466
10,110,30.71898715529265
11,1,18.487247900212775
11,2,19.37017109226189
11,3,18.556187484264537
11,4,16.428779678954907
11,5,13.956166620449633
11,6,11.502387631597427
11,7,13.070281170894557
11,8,9.994387793326238
11,9,7.012112052547227
11,10,3.809239132961847
11,12,3.814457560884884
11,13,6.82743281244882
11,14,10.488284609978438
11,15,12.572696188051422
11,16,16.292860357207214
11,17,17.232143336538527
11,18,17.133037766946146
11,19,19.972900133899042
11,20,19.74988723238968
11,21,18.418569530897784
11,22,19.768588794239292
11,23,21.987192515464532
11,24,22.851581182264702
11,25,25.680659339318574
11,26,23.784281013401763
11,27,25.206301753677046
11,28,23.341797710769534
11,29,23.87874217647007
11,30,23.60100309042935
11,31,21.921670250930962
11,32,24.156641542103156
11,33,23.01646149845287
11,34,24.987636125774564
11,35,26.82567128339828
11,36,30.31286974730713
11,37,31.367437511714783
11,38,34.51399605795446
11,39,34.589701611391035
11,40,31.217797631453845
11,41,28.620883185262
11,42,24.958871737985323
11,43,21.889550187460795
11,44,19.728717376891392
11,45,16.46755358724426
11,46,13.851998423861382
11,47,10.78560317567952
11,48,8.271629812619832
11,49,5.413425283481476
11,50,5.3047540737323695
11,51,5.665951842523532
11,52,5.5709691204641
11,53,9.290969140321721
11,54,12.10077437255263
11,55,14.076356135299909
11,56,12.641643673492018
11,57,16.4178891972755
11,58,19.54212878638984
11,59,20.19121578517554
11,60,17.02976108538717
11,61,15.296244128814866
11,62,15.90930899174408
11,63,19.003116074370958
11,64,20.766467942382203
11,65,24.536589084253908
11,66,24.616719646674998
11,67,28.43094333716219
11,68,28.625605226538074
11,69,25.285752533529852
11,70,23.044394802561495
11,71,19.358863657836608
11,72,16.237517697764172
11,73,12.697764793212624
11,74,12.063540547573501
11,75,10.153884169868904
11,76,11.920032440250237
11,77,13.908974468879181
11,78,15.777810803148896
11,79,18.266630447329185
11,80,18.75585152795523
11,81,22.197847383029753
11,82,22.259790904961363
11,83,25.194845557697114
11,84,25.033961154540982
11,85,27.727444648383813
11,86,28.600257920193023
11,87,30.901774441415018
11,88,33.67504996971189
11,89,33.09061019383828
11,90,30.750191290672774
11,91,29.701573925592847
11,92,27.16574768392642
11,93,25.311298092838026
11,94,22.45020798240766
11,95,19.38133994456993
11,96,16.505511091459056
11,97,13.08424942847924
11,98,10.051643391579782
11,99,9.45829803319575
11,100,8.332603894671289
11,101,8.547563530694415
11,102,12.172750169122935
11,103,14.632907822900748
11,104,17.888004475160272
11,105,21.20254402462888
11,106,24.46113893989191
11,107,27.72559188864256
11,108,28.793296703053844
11,109,32.473642963220485
11,110,34.10557984717491
12,1,20.77213721000441
12,2,21.18878377254271
12,3,19.77492547785361
12,4,17.605371753859362
12,5,15.788156639046662
12,6,13.343818664583532
12,7,15.373515106330771
12,8,12.763193447152183
12,9,10.22589779901201
12,10,6.634914022956357
12,11,3.814457560884884
12,13,3.801180919578442
12,14,7.120048797191676
12,15,9.822336868440923
12,16,13.379766998787183
12,17,14.966689657094735
12,18,15.020768901364523
12,19,18.27315625632125
12,20,18.46422826226239
12,21,17.19039523625602
12,22,18.856591995981525
12,23,20.702913927620273
12,24,21.684364406770563
12,25,24.825138968581967
12,26,23.311826726256573
12,27,24.507427906262016
12,28,22.591832399233592
12,29,22.53956615350422
12,30,21.958962583301453
12,31,19.781782590373936
12,32,21.686609017231355
12,33,20.390921153913816
12,34,21.978557268313384
12,35,23.65153335192236
12,36,27.012732863639158
12,37,27.921632530958018
12,38,30.95976033797
12,39,31.07980807290586
12,40,27.63965090154803
12,41,25.182663547160235
12,42,21.48088433627143
12,43,18.58548408198473
12,44,16.564320689812888
12,45,13.094918538464544
12,46,10.65441590261129
12,47,7.369279409764861
12,48,5.813723098608113
12,49,4.126395396791967
12,50,6.525339110866994
12,51,8.586697791852815
12,52,9.30563258311335
12,53,12.95401492563273
12,54,15.501429811347213
12,55,17.72850982278913
12,56,16.306348394498887
12,57,20.0651134989465
12,58,23.248840228423273
12,59,23.69822184842403
12,60,20.432262499574293
12,61,18.44466589956925
12,62,18.997810169082797
12,63,21.78775646215229
12,64,23.557487337056173
12,65,27.330820569793616
12,66,27.722744241987908
12,67,31.516073492105377
12,68,31.478410325807626
12,69,28.10535900167246
12,70,26.029631644775538
12,71,22.270754273162808
12,72,19.206102175181904
12,73,15.492049935956526
12,74,14.288386326316747
12,75,11.593104724950958
12,76,12.271246884533435
12,77,13.423040962524617
12,78,14.381825696120519
12,79,16.39580557804559
12,80,16.25122269870617
12,81,19.5272234758393
12,82,19.499747084073608
12,83,22.471839887583716
12,84,22.748020615702114
12,85,25.73195017555927
12,86,27.044534206956865
12,87,29.405434287962777
12,88,31.992186792740778
12,89,31.07685370118285
12,90,28.4453360802545
12,91,27.261285085510192
12,92,24.563918480758197
12,93,23.093984205069283
12,94,20.380932494403474
12,95,17.596539352689195
12,96,15.21263363131835
12,97,11.493196206444503
12,98,9.153143987791482
12,99,8.162712298686156
12,100,8.414122357265617
12,101,10.169306296520121
12,102,13.835227636104813
12,103,16.879193850427693
12,104,20.062756369853894
12,105,23.58315306589378
12,106,26.95015570670307
12,107,30.274232657338555
12,108,31.66722256657116
12,109,35.391015371518954
12,110,37.15121492017614
13,1,23.832134627494423
13,2,24.389398386189505
13,3,22.961381475327215
13,4,21.041623015920713
13,5,19.404214126969357
13,6,17.111288731463258
13,7,19.15649831626434
13,8,16.425305235663576
13,9,13.73305700433909
13,10,10.21691606062696
13,11,6.82743281244882
13,12,3.801180919578442
13,14,3.789509757556141
13,15,6.3888178277811685
13,16,9.833931733582862
13,17,11.428585277767453
13,18,12.00025020865931
13,19,15.448237862851505
13,20,16.269188050413057
13,21,15.624028422424649
13,22,17.943048759818918
13,23,19.883454441850407
13,24,21.441359342012124
13,25,24.54689647401113
13,26,23.006384023502807
13,27,23.62551663952837
13,28,21.307819614558525
13,29,20.79782942724191
13,30,19.656738862192157
13,31,17.259355174187583
13,32,18.757837839225672
13,33,17.079044015590746
13,34,18.693023415788964
13,35,20.676323169477325
13,36,24.046140446491354
13,37,25.268990315028223
13,38,28.310338155906596
13,39,28.103295419706075
13,40,24.68641497910328
13,41,22.006545516080344
13,42,18.412824686635062
13,43,15.300512505082448
13,44,13.593161923387475
13,45,10.174097666518401
13,46,8.4707312524962
13,47,6.089235021207751
13,48,5.494924484629749
13,49,6.3144832936953605
13,50,8.810813920376258
13,51,11.40304870858807
13,52,11.867785461448756
13,53,15.505058852634924
13,54,18.2230948447746
13,55,20.61522353737882
13,56,19.426419833616674
13,57,23.20311127014278
13,58,26.25084180243249
13,59,26.922010420433313
13,60,23.642210284795343
13,61,21.934662245813623
13,62,22.603387968723403
13,63,25.503379657325834
13,64,27.24797545323585
13,65,31.019180271239666
13,66,31.263083048534842
13,67,35.066929477149664
13,68,35.02419280788855
13,69,31.582483537322013
13,70,29.33000925096695
13,71,25.590233509317674
13,72,22.338925806477548
13,73,18.650549455112795
13,74,17.046076999917062
13,75,14.032584737169033
13,76,14.52332418268835
13,77,14.816745205445368
13,78,15.226684536159452
13,79,16.415161470922463
13,80,15.52394409365978
13,81,18.331453165784815
13,82,17.62579273279492
13,83,20.21082116604856
13,84,20.508026528569232
13,85,23.467786503706456
13,86,25.071605678220546
13,87,27.14415657927201
13,88,29.806693105367664
13,89,28.914509282992153
13,90,26.141870347335583
13,91,25.272574486997854
13,92,22.800904636419222
13,93,21.7161750839363
13,94,19.495542779460383
13,95,16.694631796623444
13,96,14.973747850703425
13,97,11.398016988926102
13,98,10.205048066754484
13,99,10.090843393929571
13,100,11.433712669576444
13,101,13.478397918174231
13,102,17.208807100939392
13,103,20.325763250037333
13,104,23.313553912209382
13,105,26.906617590136577
13,106,30.152386780570584
13,107,33.58692223192123
13,108,34.97037791331004
13,109,38.647849687361784
13,110,40.516509946495816
14,1,27.241385955099837
14,2,27.56254879637819
14,3,25.834015721368253
14,4,23.872868461420186
14,5,22.551236409706092
14,6,20.202501540621544
14,7,22.290026168961997
14,8,19.719350971895995
14,9,17.291156124506955
14,10,13.643436098211476
14,11,10.488284609978438
14,12,7.120048797191676
14,13,3.789509757556141
14,15,3.8090800923779744
14,16,6.581833696583538
14,17,9.056311088681872
14,18,9.808521220886186
14,19,13.552992399993967
14,20,14.902622191759187
14,21,14.525690217175752
14,22,17.174600906703933
14,23,18.710984652765525
14,24,20.509876008157573
14,25,23.723055472125065
14,26,22.539389996842292
14,27,22.771524852237565
14,28,20.398264754264
14,29,19.237494291106355
14,30,17.703411676907955
14,31,14.83025597067004
14,32,15.832065859663947
14,33,13.971165589113452
14,34,15.186879875341134
14,35,17.072669481716968
14,36,20.350998165135234
14,37,21.572605179351225
14,38,24.572282776765555
14,39,24.318123575317156
14,40,20.89857122535528
14,41,18.235557306151065
14,42,14.629142178017123
14,43,11.585013445488014
14,44,10.059568377470125
14,45,6.520991479948578
14,46,5.663561541840223
14,47,4.5600531069051
14,48,6.031161553946908
14,49,8.53883712535189
14,50,11.48466743275183
14,51,14.597389172320945
14,52,15.461945391127264
14,53,18.986531839265677
14,54,21.49180856138058
14,55,24.115668905180957
14,56,23.087106570281758
14,57,26.883267313015043
14,58,29.886364381365155
14,59,30.416141967615037
14,60,27.0296469311846
14,61,25.29090235515758
14,62,26.0764412676087
14,63,28.853796930515774
14,64,30.483062989574737
14,65,34.232091980966
14,66,34.58690247843845
14,67,38.36994783791625
14,68,38.11847737566071
14,69,34.61731182272573
14,70,32.39748270206506
14,71,28.64075535350534
14,72,25.377946081315443
14,73,21.644323957346348
14,74,19.631358605119935
14,75,16.26220899795272
14,76,16.068200147006856
14,77,15.494643647880633
14,78,15.025753249014626
14,79,15.36236707841753
14,80,13.654077129754672
14,81,15.927788681015189
14,82,14.834171907038604
14,83,17.214999364426507
14,84,17.907554892909662
14,85,21.05552320856814
14,86,23.104708879255586
14,87,25.12093198242312
14,88,27.575044018970054
14,89,26.408520400744397
14,90,23.38678806262439
14,91,22.517580305487066
14,92,20.049728635968588
14,93,19.465443100495257
14,94,17.665755227013516
14,95,15.246573303484919
14,96,14.362569140972278
14,97,11.04452150919217
14,98,11.094172996885996
14,99,11.185769003452332
14,100,13.492104113406143
14,101,16.12804285666497
14,102,19.735989540459244
14,103,23.10299066629601
14,104,25.893459684712553
14,105,29.594819446009517
14,106,32.81508090881949
14,107,36.31835104815214
14,108,37.92397267342949
14,109,41.59365059978104
14,110,43.623585140477935
15,1,30.19732570001785
15,2,30.768838110223506
15,3,29.244198300377725
15,4,27.20870236376641
15,5,25.595799754740387
15,6,23.041232553076686
15,7,24.743744098461406
15,8,21.853954985293594
15,9,19.46628863685645
15,10,15.841116513919413
15,11,12.572696188051422
15,12,9.822336868440923
15,13,6.3888178277811685
15,14,3.8090800923779744
15,16,3.78878768999145
15,17,5.48131470615679
15,18,6.071897681329684
15,19,9.806333861983783
15,20,11.48265026957942
15,21,11.720678166993192
15,22,14.845835508915048
15,23,16.639505278778227
15,24,19.010240737666237
15,25,21.906812560303376
15,26,20.52103276593207
15,27,20.22365461678328
15,28,17.51714095249567
15,29,16.16888094212301
15,30,14.285485510927506
15,31,11.549100231039507
15,32,12.553387105277517
15,33,10.695990860498052
15,34,12.548138177804056
15,35,14.859971396550645
15,36,18.390951232191483
15,37,20.133959286561165
15,38,23.383828804603308
15,39,22.863328711314786
15,40,19.74836041682646
15,41,16.667345186754186
15,42,13.280154756594152
15,43,9.768770608388447
15,44,7.937409544609775
15,45,5.449424191428947
15,46,5.2473902387913425
15,47,6.43653203782106
15,48,7.119890895703261
15,49,10.349441475874524
15,50,12.569356314014513
15,51,15.844051077302463
15,52,16.767910430129348
15,53,19.98443832639655
15,54,22.35869153881645
15,55,25.250541822329957
15,56,24.71996417151809
15,57,28.52405750507474
15,58,31.22919156283061
15,59,31.819559306350953
15,60,28.362556363832578
15,61,27.04421286695776
15,62,28.224252163872688
15,63,31.209630073231782
15,64,32.5694303335259
15,65,36.28036488527839
15,66,36.331046847846615
15,67,40.10040965226519
15,68,39.752754064863474
15,69,36.132012138441006
15,70,33.64044074137809
15,71,29.959370395211103
15,72,26.492108027243102
15,73,22.87923872936426
15,74,20.469212405295607
15,75,17.021316083702846
15,76,16.936151374127853
15,77,15.783699862812185
15,78,15.294330735091753
15,79,14.98033930942497
15,80,13.08567002902913
15,81,14.85473914413418
15,82,13.03104567464544
15,83,14.859093723718148
15,84,15.041452931653605
15,85,17.903559773699655
15,86,19.909883806604842
15,87,21.657475259509873
15,88,24.277416123657286
15,89,23.36841285587306
15,90,20.479352517972753
15,91,20.06664051491153
15,92,18.068824140740833
15,93,17.498024560076935
15,94,16.203474552022385
15,95,13.56991085208967
15,96,13.210741713382744
15,97,10.580091622673748
15,98,11.54265597637399
15,99,12.770576901544281
15,100,15.42485178732892
15,101,17.852400417652888
15,102,21.46492768321784
15,103,24.751234904345708
15,104,27.202333902976406
15,105,30.923945366571512
15,106,33.89750000924152
15,107,37.53154628921146
15,108,39.09752426350277
15,109,42.661053852208894
15,110,44.88669466669997
16,1,33.56391726579336
16,2,34.056845311048775
16,3,32.39098476399077
16,4,30.451552062232267
16,5,29.057071409417237
16,6,26.579221966639086
16,7,28.389222310919777
16,8,25.58438834344281
16,9,23.210375971336063
16,10,19.571057395963997
16,11,16.292860357207214
16,12,13.379766998787183
16,13,9.833931733582862
16,14,6.581833696583538
16,15,3.78878768999145
16,17,3.8027175940957774
16,18,5.436496457955916
16,19,8.958091000223705
16,20,11.584675027740735
16,21,12.553365794872754
16,22,15.955020241409247
16,23,17.355212284250474
16,24,20.022032405232327
16,25,22.801403380634486
16,26,21.71077449169667
16,27,20.862613951628536
16,28,18.048395203407946
16,29,15.98955652958054
16,30,13.441525325762022
16,31,10.295116337883456
16,32,10.177306379476072
16,33,7.62509553440586
16,34,9.087683044812056
16,35,11.719401950570758
16,36,15.120290959008086
16,37,17.178413796769494
16,38,20.33367311480151
