1,2,3.813916340687477
1,3,6.741864477576783
1,4,8.942984668323346
1,5,11.858107558455261
1,6,14.368460869492909
1,7,16.867777575106736
1,8,17.382204883616765
1,9,20.6668764785632
1,10,22.25921152817251
1,11,23.17176026568147
1,12,24.584015619671554
1,13,25.930578196914993
1,14,25.678846166609684
1,15,27.913631525955427
1,16,29.050277949593514
1,17,29.151573282032107
1,18,32.13526587461057
1,19,30.157177870077074
1,20,29.953705596790865
1,21,26.159096959825575
1,22,24.773474059186164
1,23,23.01573784136259
1,24,21.50550392351678
1,25,20.146056003083363
1,26,18.24946334766134
1,27,17.586300634710224
1,28,15.147284058381821
1,29,17.18706899639934
1,30,15.16973888976888
1,31,13.483282620004552
1,32,9.703807738881718
1,33,10.08476357152017
1,34,7.123065930411773
1,35,5.346329036327137
1,36,6.194899141396486
1,37,9.964649428088375
1,38,11.661962323984769
1,39,14.37472472773986
1,40,17.278045349259642
1,41,20.793618729848962
1,42,23.36201913449474
1,43,27.09319152615376
1,44,28.8775921146748
1,45,29.234533388592723
1,46,25.40879894983417
1,47,26.257982400350038
1,48,24.95226844646956
1,49,21.73908189028942
1,50,23.38617393111937
1,51,22.510853872414906
1,52,20.149962636950686
1,53,17.54403882405999
1,54,18.798749464543242
1,55,15.92257276720625
1,56,13.624655976618119
1,57,10.058999988485793
1,58,10.740739005132559
1,59,8.50320482429996
1,60,10.1412966325532
1,61,11.004450535613504
1,62,13.791464909985937
1,63,14.934442426800759
1,64,18.4645516103701
1,65,17.94832488205495
1,66,18.119274613998943
1,67,15.830216875612258
1,68,17.92049960456371
1,69,17.363092181815674
1,70,19.901601780883112
1,71,20.648158182443574
1,72,23.63915212649526
1,73,24.731887216624944
1,74,27.391476718025526
1,75,31.043282947464068
1,76,32.43759484917912
1,77,30.793452068918842
1,78,27.110293571656765
1,79,24.958213402033323
1,80,21.844980376204976
1,81,19.456975770544698
1,82,16.752443501539826
1,83,14.863996100084577
1,84,15.588120976437812
1,85,19.14214739819518
1,86,21.168108804022367
1,87,21.423661104322356
1,88,19.727394000534087
1,89,20.975826508034665
1,90,23.284774443861977
1,91,24.93283577951702
1,92,27.78815480137983
1,93,28.41838881469147
1,94,31.43230523773591
1,95,31.450896882294916
1,96,35.011852262645476
1,97,36.21267707133449
1,98,35.52071579538765
1,99,36.02235042067195
2,1,3.813916340687477
2,3,3.8785156087050723
2,4,6.626461740630767
2,5,8.79639131234709
2,6,11.880792848024289
2,7,14.67459284672123
2,8,15.790788812535085
2,9,19.381846261446697
2,10,21.276949288587346
2,11,22.778368614041817
2,12,24.354458785419865
2,13,25.2972141206653
2,14,25.14641260522171
2,15,27.787495852842653
2,16,29.101201384246544
2,17,29.694878364283873
2,18,32.87220128635468
2,19,30.93522662198702
2,20,30.25569134289627
2,21,26.4835703708124
2,22,24.805673175644426
2,23,23.237575197366986
2,24,21.362409194014404
2,25,20.15002353024612
2,26,17.785055900592738
2,27,17.16065981253812
2,28,14.306845316930632
2,29,15.900026214549342
2,30,13.49630932078879
2,31,12.134331421454064
2,32,8.479558980885617
2,33,10.329569008343588
2,34,8.452672249449835
2,35,5.473414876883744
2,36,6.00369193343605
2,37,9.027125554917381
2,38,9.729173222730827
2,39,13.002604584427445
2,40,15.72727374995591
2,41,19.47521980900919
2,42,21.65310428054728
2,43,25.26404142556432
2,44,26.736824047823276
2,45,26.802406744070634
2,46,22.965012266883985
2,47,23.944524741971787
2,48,23.120409292040183
2,49,20.23036497350494
2,50,22.336393410957765
2,51,21.962433025105256
2,52,20.169230597424658
2,53,17.885344380001037
2,54,19.80267367624201
2,55,17.190191243022333
2,56,15.32616574890421
2,57,11.496173825553246
2,58,11.736981319298577
2,59,9.773723212244466
2,60,10.924472515199742
2,61,12.737523250967588
2,62,14.921920180142752
2,63,15.108656066559194
2,64,18.656935369488586
2,65,18.658380069945007
2,66,18.574049074765618
2,67,16.515763205540274
2,68,18.70159473294413
2,69,17.795995625038163
2,70,20.468435581587887
2,71,20.852930396109365
2,72,23.76469383185132
2,73,24.261013855017968
2,74,26.75626471688893
2,75,30.3850397712523
2,76,31.399639886089567
2,77,29.402690134957222
2,78,25.65568736100113
2,79,23.165399610186153
2,80,20.294582312814875
2,81,17.455750298923117
2,82,14.916722876454012
2,83,12.508497504982595
2,84,12.497032373551832
2,85,15.871005088491485
2,86,17.955375226454297
2,87,18.65382335376519
2,88,17.073466109123878
2,89,18.85129183042248
2,90,21.085821452696486
2,91,23.19624136374121
2,92,26.17419661060436
2,93,27.239114586814434
2,94,30.40465695482717
2,95,30.834152168095407
2,96,34.52962985431272
2,97,35.94229276210173
2,98,35.26127013950657
2,99,35.9343632716499
3,1,6.741864477576783
3,2,3.8785156087050723
3,4,3.800681507945405
3,5,6.22966903169409
3,6,9.192018283910985
3,7,11.489328345354558
3,8,12.459293910780845
3,9,16.115001444582933
3,10,17.923928907816062
3,11,19.8017818538331
3,12,21.30834953547042
3,13,21.937062758027746
3,14,21.827421032144176
3,15,24.69819540003742
3,16,26.175959844720627
3,17,27.135707012252688
3,18,30.478612918944272
3,19,28.716214819858322
3,20,27.68809724793893
3,21,23.949836697942587
3,22,21.96050584249583
3,23,20.465861174601795
3,24,18.338567945887775
3,25,17.316030532456878
3,26,14.780832155113414
3,27,14.517485097504885
3,28,11.79022888102778
3,29,13.543405569559308
3,30,11.59074292554777
3,31,11.336952228491018
3,32,8.090437102987622
3,33,10.522789902601547
3,34,9.056114113067325
3,35,5.295571870466903
3,36,4.458343463565622
3,37,5.976240101093214
3,38,6.134196205163057
3,39,9.701834488437916
3,40,12.576186221537327
3,41,16.366932578870557
3,42,18.557992199374652
3,43,22.123533292177193
3,44,23.335750425484505
3,45,23.5968173322889
3,46,19.831459717377488
3,47,21.23576163063506
3,48,20.575923716580597
3,49,17.72780984187851
3,50,19.785053033591737
3,51,19.454446491770252
3,52,18.115566429830395
3,53,15.86880883955328
3,54,18.142321763219453
3,55,15.685972292838711
3,56,14.572923454719769
3,57,10.765666436255394
3,58,10.18602575827452
3,59,8.760521088891096
3,60,9.692279440675593
3,61,12.516120955860863
3,62,14.38673452027919
3,63,13.910450666612773
3,64,17.092326415098952
3,65,17.104287023341126
3,66,16.445256876042766
3,67,14.43485915731926
3,68,16.496261034612953
3,69,15.323629230627256
3,70,18.112515020925592
3,71,18.387354432401043
3,72,21.35156971962784
3,73,21.455581223683165
3,74,24.024536537773088
3,75,27.520785762367638
3,76,28.247199640277106
3,77,26.042614647809863
3,78,22.311164402674265
3,79,19.622606807979437
3,80,16.727382658581202
3,81,13.73260715927816
3,82,11.130690077455794
3,83,8.646483635493238
3,84,8.869623647184861
3,85,12.445820090919574
3,86,14.635324975983774
3,87,15.074473337326777
3,88,13.2651416300749
3,89,14.9931012556013
3,90,17.22275750144687
3,91,19.411940536653322
3,92,22.472770942030913
3,93,23.733831233454453
3,94,27.01965057422335
3,95,27.720520660915692
3,96,31.507178581945038
3,97,33.17295938797578
3,98,32.7132977379681
3,99,33.70315090821749
4,1,8.942984668323346
4,2,6.626461740630767
4,3,3.800681507945405
4,5,3.834752086089494
4,6,5.722699406268822
4,7,8.081991365025637
4,8,9.327769356769977
4,9,13.012120751392883
4,10,15.314753341843705
4,11,17.151834383214815
4,12,19.17309306362451
4,13,20.057528748066762
4,14,20.582694629497734
4,15,23.63333550326128
4,16,25.619075776056242
4,17,26.779686525891098
4,18,30.338813781907177
4,19,29.03984346636487
4,20,27.93263892431571
4,21,24.193934812422857
4,22,21.707552701039393
4,23,19.758035815453933
4,24,17.078803107830485
4,25,15.482261599414294
4,26,12.436121417605325
4,27,11.53925398046025
4,28,8.393664063907172
4,29,9.779396970019775
4,30,7.864519485726001
4,31,8.165195811014183
4,32,5.55877883741855
4,33,8.341891335528933
4,34,8.065431320481897
4,35,5.0289567908895645
4,36,5.6719825161637285
4,37,5.711582780106204
4,38,6.789699731705155
4,39,10.351930917578663
4,40,13.635490041059114
4,41,17.25255586059887
4,42,19.59940864940354
4,43,23.03507098553967
4,44,23.751257453851096
4,45,24.33837554453323
4,46,20.780910663812293
4,47,22.776131685387544
4,48,22.373658770712034
4,49,19.603108893213342
4,50,21.39939585491092
4,51,20.831078755643997
4,52,19.73736925788165
4,53,17.181775721933764
4,54,19.213894914813412
4,55,16.457461291706952
4,56,16.079893151668013
4,57,12.475188589993842
4,58,10.674668711530247
4,59,8.659311789585304
4,60,8.05224283534724
4,61,11.113555414521054
4,62,12.072537166245315
4,63,10.825970947914632
4,64,13.886838794121225
4,65,14.427212852937075
4,66,14.020420345613667
4,67,12.772745500495438
4,68,15.390539172121493
4,69,14.853612714411923
4,70,18.130323767157353
4,71,18.94432589609825
4,72,22.20587702470716
4,73,22.181933152553515
4,74,25.045219891195497
4,75,28.28531511360083
4,76,28.698622255535312
4,77,26.2682828085118
4,78,22.65648149711763
4,79,19.6805921773261
4,80,16.572632954210214
4,81,13.432899815569979
4,82,10.221423200314629
4,83,7.136111674685898
4,84,7.778887570723346
4,85,11.073974493023965
4,86,12.644285666635032
4,87,12.619327970422411
4,88,11.478204178109001
4,89,13.198697355805164
4,90,16.058300452727117
4,91,18.36788692363715
4,92,21.767829105902273
4,93,23.316480073079116
4,94,26.83779024219331
4,95,27.84852677351561
4,96,31.719296284341
4,97,33.75312619613447
4,98,33.726584916709896
4,99,35.10547249152114
5,1,11.858107558455261
5,2,8.79639131234709
5,3,6.22966903169409
5,4,3.834752086089494
5,6,3.8003854848312635
5,7,7.037838936222874
5,8,9.680514439270832
5,9,13.406110015735578
5,10,16.209922074347165
5,11,18.54567602148965
5,12,20.841661014115537
5,13,21.372900788282713
5,14,22.175359868257974
5,15,25.536812127257967
5,16,27.721984518547924
5,17,29.28449570012623
5,18,32.93893757322282
5,19,31.749990144891314
5,20,30.297833372429796
5,21,26.6806691875991
5,22,23.98201837263375
5,23,22.196722684965863
5,24,19.230665283099878
5,25,17.70227796438438
5,26,14.30336213280161
5,27,13.201297730545585
5,28,9.77331388167015
5,29,9.798768279441646
5,30,7.197783952131684
5,31,7.884695630758274
5,32,6.622304905401381
5,33,10.291913147581802
5,34,11.141711690694747
5,35,8.560466053635883
5,36,9.354509713476387
5,37,8.873982160953206
5,38,8.66102555119838
5,39,12.239918919435658
5,40,14.993301850134053
5,41,18.57411599916706
5,42,20.351874620373902
5,43,23.475305634350637
5,44,23.684805618414682
5,45,23.90776772503982
5,46,20.492223358776606
5,47,22.667926107627256
5,48,22.91432715303967
5,49,20.65414707144493
5,50,22.839450362511858
5,51,22.771235666344264
5,52,22.20080542524263
5,53,20.007061650492236
5,54,22.371138494939444
5,55,19.862245767569657
5,56,19.635878585734233
5,57,16.041676182030592
5,58,14.282913341301843
5,59,12.454265277503035
5,60,11.452934877867309
5,61,14.388298006007343
5,62,14.64834391280431
5,63,12.616489968076195
5,64,15.445735026246185
5,65,16.724657452985774
5,66,16.426793756082247
5,67,15.738732765803261
5,68,18.38088255024078
5,69,17.77068507320783
5,70,21.010535042628742
5,71,21.56586780743371
5,72,24.64647609918778
5,73,24.102118989984852
5,74,26.72938596721608
5,75,29.83507700188159
5,76,29.818153093663863
5,77,27.030410344249674
5,78,23.481869935850806
5,79,20.159049134906223
5,80,17.485860313879485
5,81,13.925937470361065
5,82,11.127373909313759
5,83,7.3602627985351985
5,84,6.2445285835698146
5,85,8.614960608797931
5,86,9.827471873081116
5,87,10.640065176378714
5,88,10.309910254776666
5,89,12.953783824111696
5,90,15.77499059079047
5,91,18.69711937997998
5,92,22.211168445492728
5,93,24.296102237574328
5,94,27.920904052205806
5,95,29.379163556920858
5,96,33.301262578707195
5,97,35.53437076503184
5,98,35.54888430042375
5,99,37.066915547732464
6,1,14.368460869492909
6,2,11.880792848024289
6,3,9.192018283910985
6,4,5.722699406268822
6,5,3.8003854848312635
6,7,3.7902512448619428
6,8,6.991423753880651
6,9,10.408729692070253
6,10,13.659955169995149
6,11,15.907909120871421
6,12,18.624951897007364
6,13,19.35860544897741
6,14,20.762203341197147
6,15,24.18129936209708
6,16,26.784550186290552
6,17,28.496540940395356
6,18,32.276194051116
6,19,31.534884308118514
6,20,30.044017593333013
6,21,26.506887768240777
6,22,23.437558373734014
6,23,21.306861901082787
6,24,17.96042757757847
6,25,16.005404806171885
6,26,12.328162078078023
6,27,10.699613216813693
6,28,7.239296559808065
6,29,6.365936370896737
6,30,4.26276121670502
6,31,6.617942057541244
6,32,7.012059390742112
6,33,10.08355042750632
6,34,11.74741796094685
6,35,10.008009765066804
6,36,11.09401571523932
6,37,9.7710219631525
6,38,10.20539683438661
6,39,13.246582566130353
6,40,16.176495597232698
6,41,19.399939775105263
6,42,21.356182543630226
6,43,24.310506828880452
6,44,24.121899321997457
6,45,24.77452064989883
6,46,21.659114777755786
6,47,24.310916090670144
6,48,24.619607436388367
6,49,22.366834457207183
6,50,24.159971686895528
6,51,23.789564208863133
6,52,23.387125914395373
6,53,20.970663087508928
6,54,23.0516440084236
6,55,20.407479596244414
6,56,20.803389655665722
6,57,17.506284012672676
6,58,14.987459506806799
6,59,13.06828117773369
6,60,11.113854512178687
6,61,13.997643010796542
6,62,13.374513748133936
6,63,10.577492432982469
6,64,12.809710620710689
6,65,14.578005982607015
6,66,14.404571229470967
6,67,14.538160731769644
6,68,17.419517042048355
6,69,17.358944664630133
6,70,20.83521768188962
6,71,21.832379270027335
6,72,25.08527570380081
6,73,24.485625483295962
6,74,27.35057772144357
6,75,30.16219541311374
6,76,29.90142723368864
6,77,27.00914028620688
6,78,23.673146583844296
6,79,20.250132368258154
6,80,17.43848842420288
6,81,14.06185583289817
6,82,10.946844406939032
6,83,7.359534702157565
6,84,7.1766825349976235
6,85,8.714202702267954
6,86,8.891695895748283
6,87,8.702104163009281
6,88,9.315606877829254
6,89,11.576931155508285
6,90,14.919163175168299
6,91,17.72491401758603
6,92,21.43083683317962
6,93,23.671852765989993
6,94,27.419343729458106
6,95,29.097455321810003
6,96,33.02097577181497
6,97,35.55700174164644
6,98,35.98932313277253
6,99,37.851344261084414
7,1,16.867777575106736
7,2,14.67459284672123
7,3,11.489328345354558
7,4,8.081991365025637
7,5,7.037838936222874
7,6,3.7902512448619428
7,8,3.7977557872422625
7,9,6.900756382307032
7,10,10.225127843812253
7,11,12.792370040241272
7,12,15.523519802745296
7,13,16.05183177046069
7,14,17.774340510076676
7,15,21.282688417989927
7,16,24.135251460710336
7,17,26.109978302750932
7,18,29.95572634682837
7,19,29.550593919229296
7,20,27.87653208465244
7,21,24.51434846180945
7,22,21.167160931362467
7,23,18.996308948118777
7,24,15.419261433945731
7,25,13.525123699883075
7,26,9.801771211301324
7,27,8.521960933267348
7,28,6.004887941517962
7,29,5.258247370447725
7,30,5.732355765198614
7,31,9.221514875147463
7,32,9.981374991318475
7,33,12.256367896294103
7,34,13.694073081350703
7,35,12.080158346951032
7,36,12.472265067225644
7,37,10.078028782465276
7,38,10.476514172825533
7,39,12.628652506759245
7,40,15.401697937493584
7,41,18.113783010528635
7,42,20.134621692153985
7,43,22.85494182310525
7,44,22.346472543347055
7,45,23.458425230317264
7,46,20.680348683534888
7,47,23.733286823097846
7,48,24.036216452975257
7,49,21.852809407141777
7,50,23.22490498020349
7,51,22.661863578406646
7,52,22.602207360873482
7,53,20.22304526461264
7,54,22.20551990625737
7,55,19.771258615444033
7,56,20.854967750052978
7,57,18.004083802698357
7,58,15.001415267540802
7,59,13.679998616829774
7,60,11.58664647771978
7,61,14.716829788780045
7,62,13.81803214641485
7,63,10.725786181081137
7,64,11.892015139430834
7,65,13.486809505043666
7,66,12.68004236922061
7,67,13.224328251569633
7,68,15.799361985109014
7,69,15.824702484001198
7,70,19.24104528613272
7,71,20.35499573105705
7,72,23.570012146238685
7,73,22.759243863212284
7,74,25.716169739773616
7,75,28.200085364171773
7,76,27.684723145197314
7,77,24.728657182956955
7,78,21.636706416248835
7,79,18.20913473248891
7,80,15.388890575450485
7,81,12.339055768361451
7,82,9.25346558504551
7,83,6.456833938718005
7,84,7.409149653180714
7,85,8.382935954522484
7,86,8.068051845648833
7,87,6.3148420075263205
7,88,7.179084775977591
7,89,8.676861622063301
7,90,12.302376893018309
7,91,14.8759630260865
7,92,18.6424846335358
7,93,20.9848922722199
7,94,24.775186542384827
7,95,26.661379395852112
7,96,30.548794198112805
7,97,33.329640307575396
7,98,34.104798260376086
7,99,36.280617804172614
8,1,17.382204883616765
8,2,15.790788812535085
8,3,12.459293910780845
8,4,9.327769356769977
8,5,9.680514439270832
8,6,6.991423753880651
8,7,3.7977557872422625
8,9,3.7987306442470725
8,10,6.675114469594898
8,11,9.200823373400098
8,12,11.767262263131213
8,13,12.471425140775438
8,14,14.285410158183971
8,15,17.672849541561625
8,16,20.629208190208104
8,17,22.53580849337508
8,18,26.39638274541111
8,19,26.198116672833734
8,20,24.620069076007542
8,21,21.304679259106614
8,22,17.83913649721786
8,23,15.452457684366026
8,24,11.785548828420055
8,25,9.795507652221852
8,26,6.106280242833923
8,27,5.499326044689661
8,28,4.611468988801964
8,29,5.777619513224857
8,30,7.955570449011835
8,31,11.351113570344934
8,32,11.656979945050175
8,33,13.022645913426638
8,34,13.797687637710528
8,35,12.366129495040628
8,36,12.148060290845505
8,37,9.118257947713381
8,38,10.101683522437753
8,39,11.291965420052874
8,40,14.182818956886367
8,41,16.434537214586
8,42,18.892908069027346
8,43,21.63944650504186
8,44,21.297282564767265
8,45,22.985764009094655
8,46,20.354180616502976
8,47,23.502818744392464
8,48,23.359180857280535
8,49,20.916954709158677
8,50,21.68883846823669
8,51,20.628566223835634
8,52,20.508119126517617
8,53,17.951130195822653
8,54,19.58450996602386
8,55,17.209802129114493
8,56,18.845809701428266
8,57,16.510790166882696
8,58,13.107649374798669
8,59,12.338492461222247
8,60,10.334860116514259
8,61,13.576114480228878
8,62,12.837159093325315
8,63,10.114474223095513
8,64,10.499020526285065
8,65,11.253952960660312
8,66,9.636066583402672
8,67,10.208569359953813
8,68,12.464314185787018
8,69,12.677646907567127
8,70,16.086146701986706
8,71,17.52364770023379
8,72,20.831627422042597
8,73,20.22232338636922
8,74,23.42518853207307
8,75,25.738554834841118
8,76,25.353063203176703
8,77,22.634599019974946
8,78,19.69205988761096
8,79,16.564680634659467
8,80,13.394707705465729
8,81,11.03642089410874
8,82,7.713625943592513
8,83,6.4436901150742125
8,84,9.056007720974474
8,85,10.519467820788654
8,86,10.56122536307888
8,87,7.788187753758662
8,88,7.553467316211202
8,89,7.234814401697203
8,90,11.000112453665587
8,91,12.72285160217002
8,92,16.427891845445597
8,93,18.37865076174551
8,94,22.130393367875147
8,95,23.827266497502983
8,96,27.65684825670303
8,97,30.484072248805514
8,98,31.497817250140127
8,99,33.81386365865716
9,1,20.6668764785632
9,2,19.381846261446697
9,3,16.115001444582933
9,4,13.012120751392883
9,5,13.406110015735578
9,6,10.408729692070253
9,7,6.900756382307032
9,8,3.7987306442470725
9,10,3.8098950181975657
9,11,6.228698629786364
9,12,9.183111198871416
9,13,10.075754418964488
9,14,12.718732210186527
9,15,15.942378810143586
9,16,19.310069787793196
9,17,21.357202759228368
9,18,25.220327604839426
9,19,25.579513127253517
9,20,23.988162181765933
9,21,20.96873896129522
9,22,17.25593103860128
9,23,14.645316618084484
9,24,10.822995589178586
9,25,8.613610736952204
9,26,5.49004574478144
9,27,5.15972447481885
9,28,6.491823429858663
9,29,7.2320281984518635
9,30,10.483212887421367
9,31,14.003452384479015
9,32,14.798144919241617
9,33,15.563682238764356
9,34,16.456741554748724
9,35,15.535042533476114
9,36,15.295939018593026
9,37,12.140004526542908
9,38,13.280615371841654
9,39,13.694844950990383
9,40,16.270107973530752
9,41,17.83159863351191
9,42,20.31931937815704
9,43,22.721105807612048
9,44,22.07723310710334
9,45,24.222737605933393
9,46,22.03819252685396
9,47,25.416358814432368
9,48,25.23079516802393
9,49,22.884815867659768
9,50,23.15466809346431
9,51,21.80078775397041
9,52,21.883255132827856
9,53,19.33448112506001
9,54,20.548450727132703
9,55,18.344428349143215
9,56,20.569719326736262
9,57,18.787167909094215
9,58,15.123906019474358
9,59,14.666345750363092
9,60,12.454264999956814
9,61,15.242417817569546
9,62,14.008762230812666
9,63,11.265702154644911
9,64,10.285255563377847
9,65,10.900106543995637
9,66,8.9593637555349
9,67,10.504643816027347
9,68,12.329773972449516
9,69,13.107285050865265
9,70,16.290029696596285
9,71,18.081702262013714
9,72,21.29542245372059
9,73,20.664560311780146
9,74,23.954230606508148
9,75,25.80241401639204
9,76,25.20014031607315
9,77,22.568414584478543
9,78,20.080906024498546
9,79,17.20528855172809
9,80,14.178925199841329
9,81,12.634749524711358
9,82,9.841625155499667
9,83,9.69080822926039
9,84,12.382253765569311
9,85,13.249722256654737
9,86,12.77881409180201
9,87,9.348704519139966
9,88,9.575852912742173
9,89,8.025340793563078
9,90,11.501629059525865
9,91,12.417583455346247
9,92,15.910703721806431
9,93,17.758832096364493
9,94,21.4087629926892
9,95,23.230075001077175
9,96,26.892731823310324
9,97,29.971496736541326
9,98,31.443624318366542
9,99,34.07789642138248
10,1,22.25921152817251
10,2,21.276949288587346
10,3,17.923928907816062
10,4,15.314753341843705
10,5,16.209922074347165
10,6,13.659955169995149
10,7,10.225127843812253
10,8,6.675114469594898
10,9,3.8098950181975657
10,11,3.9025488191676065
10,12,5.719017268270722
10,13,6.2780963946313015
10,14,9.127801380364385
10,15,12.237174692898858
10,16,15.723141936307643
10,17,17.889005280302854
10,18,21.729241118722225
10,19,22.339099150472627
10,20,20.6898332174344
10,21,17.90550002299068
10,22,14.098695475670155
10,23,11.532645275783226
10,24,7.785748286686365
10,25,6.210880060079854
10,26,4.664028250293515
10,27,6.495557014944356
10,28,9.14812348665345
10,29,10.763462283804538
10,30,14.008297715835415
10,31,17.349009901013982
10,32,17.683049492094078
10,33,18.14382712903593
10,34,18.39260069923521
10,35,17.370223516186826
10,36,16.46235348595536
10,37,13.02941749301007
10,38,14.085565939735224
10,39,13.462632477843805
10,40,15.616155920503283
10,41,16.425999718803993
10,42,19.060630997948426
10,43,21.254210400130965
10,44,20.707343776939677
10,45,23.339656389155497
10,46,21.46102535073719
10,47,24.834787729335623
10,48,24.321370635334606
10,49,21.945543724270173
10,50,21.614252468211475
10,51,19.917712582089333
10,52,20.164384450644864
10,53,17.758914492457073
10,54,18.67992760243987
10,55,16.91780970521587
10,56,19.691090812233362
10,57,18.57506067360185
10,58,14.940859508397622
10,59,15.325160578023981
10,60,13.722061330249335
10,61,16.469514106945933
10,62,15.696783380841635
10,63,13.622597070218776
10,64,12.234502895130978
10,65,11.753342399270577
10,66,8.822308443757619
10,67,9.959575608787738
10,68,10.628743726288436
10,69,11.260542766423018
10,70,13.922389540640323
10,71,15.775898469573209
10,72,18.78679163314705
10,73,18.18313437514498
10,74,21.528435623465903
10,75,23.0444405323565
10,76,22.469141491240833
10,77,20.11327118323401
10,78,17.96115132484737
10,79,15.569025611412922
10,80,12.568491595103929
10,81,12.068579582479662
10,82,9.881656174878923
10,83,11.132286438207192
10,84,14.30649816511668
10,85,15.323110877515697
10,86,15.19905336524874
10,87,11.603705086584338
10,88,10.956314708993409
10,89,8.14325987661584
10,90,10.807156932062874
10,91,10.506499721979775
10,92,13.56676622845779
10,93,14.92262854498924
10,94,18.397610420454182
10,95,20.080453828494917
10,96,23.607404543568048
10,97,26.752352114015892
10,98,28.4837725431481
10,99,31.286244309121454
11,1,23.17176026568147
11,2,22.778368614041817
11,3,19.8017818538331
11,4,17.151834383214815
11,5,18.54567602148965
11,6,15.907909120871421
11,7,12.792370040241272
11,8,9.200823373400098
11,9,6.228698629786364
11,10,3.9025488191676065
11,12,3.850586661183631
11,13,6.673003387866772
11,14,9.845320215900925
11,15,11.947140151909277
11,16,15.551407137801213
11,17,17.093148455064597
11,18,20.803265455121558
11,19,21.83524465617781
11,20,20.760225256874243
11,21,18.068746652354676
11,22,14.418402354474146
11,23,11.214241666982993
11,24,7.865421134607228
11,25,5.209133197856192
11,26,5.175415666558208
11,27,6.318437310840927
11,28,9.936220106247003
11,29,11.772970022456537
11,30,15.34070739709248
11,31,18.324717543582125
11,32,18.729462736856224
11,33,18.36808774185663
11,34,18.544216311278593
11,35,18.24402925858003
11,36,17.659844906435477
11,37,14.645299990062355
11,38,16.48410826063261
11,39,15.833412862419424
11,40,18.249111890076215
11,41,18.947796890775976
11,42,21.91681584291808
11,43,24.19813294220877
11,44,23.922687030457524
11,45,26.74617486900483
11,46,24.858334356413245
11,47,28.08579874938084
11,48,27.226138843162023
11,49,24.585302200457413
11,50,23.892320796941686
11,51,21.701811787944475
11,52,21.484269997933826
11,53,18.72967227878091
11,54,18.868448742178668
11,55,16.84806039119564
11,56,19.816005618431234
11,57,19.134400663485906
11,58,15.340715283323409
11,59,15.553556710621722
11,60,13.677888537965684
11,61,15.66395302493797
11,62,14.608078191918912
11,63,13.039373893523338
11,64,10.833759874086686
11,65,9.714115536835944
11,66,6.822196674179422
11,67,8.864642374411613
11,68,9.445638685152145
11,69,11.276481298626493
11,70,13.888500708957773
11,71,16.503718107810283
11,72,19.646643324342335
11,73,19.695015372367063
11,74,23.249056049315676
11,75,24.633044706691468
11,76,24.3970671047547
11,77,22.48848630019399
11,78,20.54395333879009
11,79,18.59706052498911
11,80,15.45086929960269
11,81,15.352749569015993
11,82,12.963949103189913
11,83,14.169424894991266
11,84,17.546569987646105
11,85,18.878561333831072
11,86,18.735951932728202
11,87,15.193919992921042
11,88,14.686619894884915
11,89,11.970667752981603
11,90,14.521695685544376
11,91,13.712920140049174
11,92,16.34342442012781
11,93,17.02942415491072
11,94,20.166669012348123
11,95,21.358118968658765
11,96,24.622142348968108
11,97,27.6519616955857
11,98,29.60368321171878
11,99,32.390732655619054
12,1,24.584015619671554
12,2,24.354458785419865
12,3,21.30834953547042
12,4,19.17309306362451
12,5,20.841661014115537
12,6,18.624951897007364
12,7,15.523519802745296
12,8,11.767262263131213
12,9,9.183111198871416
12,10,5.719017268270722
12,11,3.850586661183631
12,13,3.878187507476135
12,14,6.673367156984237
12,15,8.196282038512566
12,16,11.84133082475518
12,17,13.447000392205645
12,18,17.124893007145527
12,19,18.369312290010118
12,20,17.24902746744858
12,21,14.854591598477077
12,22,11.245875145571413
12,23,8.205278181366001
12,24,5.517626375096121
12,25,4.597467984978195
12,26,6.797998685122509
12,27,9.312135336276006
12,28,12.911958413638644
12,29,15.21573092921595
12,30,18.574919662349558
12,31,21.486106934182796
12,32,21.427113380629613
12,33,21.076160914837253
12,34,20.6513396021593
12,35,20.056523406681322
12,36,18.813416706012855
12,37,15.663004680127036
12,38,17.21008369933935
12,39,15.714874937444867
12,40,17.59006028916627
12,41,17.55923694962437
12,42,20.559612417706905
12,43,22.60582424006498
12,44,22.52329916957881
12,45,25.68428324116816
12,46,24.075165715014272
12,47,27.167181337527747
12,48,25.99162696769602
12,49,23.37644535272532
12,50,22.130685608327568
12,51,19.66082839339517
12,52,19.601327486111945
12,53,17.12745031646049
12,54,16.977011391497133
12,55,15.590599673433942
12,56,18.991731424782852
12,57,18.98552707026603
12,58,15.486590294724834
12,59,16.56390558718874
12,60,15.486960574430292
12,61,17.537208541635163
12,62,17.140431461896085
12,63,16.127457381209723
12,64,14.152528843651842
12,65,12.300467350947084
12,66,8.853076761366186
12,67,9.700983701855582
12,68,8.697806993803283
12,69,10.005986632613354
12,70,11.694431600500641
12,71,14.225677393441671
12,72,17.005625817290117
12,73,17.132678237599304
12,74,20.640401784620206
12,75,21.688119593669672
12,76,21.57225862917216
12,77,20.062873307918192
12,78,18.48607543915583
12,79,17.15839856412612
12,80,14.211428632398116
12,81,15.062338259879043
12,82,13.361798253741936
12,83,15.49128881122086
12,84,19.06473146359354
12,85,20.511166716971612
12,86,20.708034102729638
12,87,17.165207902798247
12,88,15.990501641133992
12,89,12.696430624297477
12,90,14.390681690056192
12,91,12.600122100202272
12,92,14.514045763142075
12,93,14.483781846416655
12,94,17.252079595724403
12,95,18.136447496241043
12,96,21.196635694109588
12,97,24.199242855320914
12,98,26.34435366076745
12,99,29.232685299470607
13,1,25.930578196914993
13,2,25.2972141206653
13,3,21.937062758027746
13,4,20.057528748066762
13,5,21.372900788282713
13,6,19.35860544897741
13,7,16.05183177046069
13,8,12.471425140775438
13,9,10.075754418964488
13,10,6.2780963946313015
13,11,6.673003387866772
13,12,3.878187507476135
13,14,3.8760307851542595
13,15,6.4097709400067515
13,16,10.125075426721484
13,17,12.715622135511254
13,18,16.397377423393877
13,19,17.541796163934674
13,20,15.673348537583742
13,21,13.624006231855144
13,22,9.847690358275589
13,23,7.972973735152298
13,24,5.640332515868419
13,25,6.874435503816434
13,26,8.582791757407113
13,27,11.655317349142301
13,28,14.780308827710174
13,29,16.9212832009463
13,30,20.066525101357392
13,31,23.233481422709314
13,32,23.07161538707594
13,33,23.293466692199157
13,34,22.789560538218524
13,35,21.598024495115062
13,36,19.86558244530032
13,37,16.360129634746688
13,38,17.05229653086537
13,39,15.043442860898988
13,40,16.154417232490943
13,41,15.512236848362926
13,42,18.08135522397598
13,43,19.674451452206903
13,44,19.290982663855605
13,45,22.620215695074787
13,46,21.413753325287267
13,47,24.607784545189844
13,48,23.611596057241268
13,49,21.383634386641464
13,50,20.015524796375356
13,51,17.858848604269582
13,52,18.519470905395476
13,53,16.686108518494738
13,54,17.080839553980383
13,55,16.416281548847476
13,56,19.88312004837735
13,57,19.90600358696819
13,58,16.725812245558824
13,59,18.30212636289193
13,60,17.671394708946757
13,61,20.229943906724994
13,62,20.107948628489424
13,63,18.83289855442067
13,64,17.216509694700136
13,65,15.665835960451572
13,66,12.088208848073492
13,67,12.295842547743701
13,68,10.878017704527336
13,69,10.866818453430126
13,70,11.85521865486643
13,71,13.433180781400841
13,72,15.649576067034028
13,73,15.009463082068404
13,74,18.200091047496095
13,75,18.90996779099419
13,76,18.33812338543259
13,77,16.64161787355764
13,78,15.372677346689134
13,79,14.179028883090528
13,80,11.765583052023073
13,81,13.182106894922057
13,82,12.415680710589125
13,83,15.1263576603991
13,84,18.470627080164267
13,85,19.52501507718452
13,86,19.79384018975569
13,87,16.2711196636713
13,88,14.781448925051924
13,89,11.09681981316773
13,90,11.88456505864435
13,91,9.471049597637
13,92,10.938153025170747
13,93,11.008133493555285
13,94,13.814816088555109
13,95,15.180768056522101
13,96,18.31119731389229
13,97,21.58006530827672
13,98,23.827013036767237
13,99,26.945018514750487
14,1,25.678846166609684
14,2,25.14641260522171
14,3,21.827421032144176
14,4,20.582694629497734
14,5,22.175359868257974
14,6,20.762203341197147
14,7,17.774340510076676
14,8,14.285410158183971
14,9,12.718732210186527
14,10,9.127801380364385
14,11,9.845320215900925
14,12,6.673367156984237
14,13,3.8760307851542595
14,15,3.839428387440495
14,16,6.882229577880583
14,17,9.839209453917073
14,18,13.531503354373083
14,19,14.231584012629686
14,20,12.03942981197995
14,21,10.015640603821614
14,22,6.272323961178977
14,23,5.552665091644345
14,24,4.822112850301049
14,25,7.9566281604824995
14,26,10.20353368435511
14,27,13.796050243417914
14,28,16.630904267713348
14,29,19.226715601500533
14,30,21.98300441368926
14,31,24.94101223959356
14,32,24.227131296469835
14,33,24.56041041937501
14,34,23.48281603565589
14,35,21.913274790855628
14,36,19.57801307807869
14,37,16.137362661983893
14,38,16.43887867678966
14,39,13.723090525579392
14,40,14.185811652565617
14,41,12.862654430815045
14,42,15.468652997780397
14,43,16.980933388444658
14,44,17.088438605506134
14,45,20.581544333631946
14,46,19.456612885706722
14,47,22.32518033682708
14,48,20.930258355693468
14,49,18.675834976111318
14,50,16.851536147255636
14,51,14.499345423647199
14,52,15.346441769186345
14,53,13.960524860681232
14,54,14.398565536411256
14,55,14.49279747062355
14,56,18.045168360146477
14,57,18.52794350239449
14,58,15.890263157331013
14,59,18.18405638897915
14,60,18.369647722680003
14,61,21.070866295736913
14,62,21.62972854079792
14,63,20.78225189818694
14,64,19.66154065191487
14,65,17.692308901305392
14,66,13.87887397998298
14,67,13.008927045583043
14,68,10.71509078645206
14,69,9.569994203179796
14,70,9.43889963557186
14,71,10.314810496053317
14,72,12.04909067828969
14,73,11.339527431538563
14,74,14.499093434967302
14,75,15.17210746356334
14,76,14.915223552316323
14,77,13.616927525663884
14,78,12.425153329580967
14,79,11.944954767253572
14,80,9.719500024793991
14,81,12.067487712604214
14,82,12.047480877599485
14,83,15.401863545797049
14,84,18.767947996591097
14,85,20.119583654889826
14,86,20.909878495683078
14,87,17.716859418669532
14,88,15.473045572840498
14,89,11.758980035617887
14,90,11.654426846441206
14,91,8.52970880407734
14,92,9.088621417878967
14,93,8.080263741426634
14,94,10.643930475915766
14,95,11.54808224452094
14,96,14.792931008556438
14,97,17.910129334946504
14,98,20.019695494591627
14,99,23.083243124211624
15,1,27.913631525955427
15,2,27.787495852842653
15,3,24.69819540003742
15,4,23.63333550326128
15,5,25.536812127257967
15,6,24.18129936209708
15,7,21.282688417989927
15,8,17.672849541561625
15,9,15.942378810143586
15,10,12.237174692898858
15,11,11.947140151909277
15,12,8.196282038512566
15,13,6.4097709400067515
15,14,3.839428387440495
15,16,3.8444605649430224
15,17,6.593328799165754
15,18,10.112063368835747
15,19,11.509786187901598
15,20,9.722488558282034
15,21,8.475603869630524
15,22,5.520334049422877
15,23,5.34808013090982
15,24,6.766815250968103
15,25,9.824255374865798
15,26,12.880183385822583
15,27,16.355721391154184
15,28,19.49012329472894
15,29,22.26413700181439
15,30,25.131922960982394
15,31,27.92227816632831
15,32,27.092124888367618
15,33,27.03355130792495
15,34,25.689864697592977
15,35,24.38879509435317
15,36,22.000991293357735
15,37,18.84723322332392
15,38,19.440924472333325
15,39,16.527030688684228
15,40,16.843801682159125
15,41,15.107070918391495
15,42,17.72185070643022
15,43,19.00234827354398
15,44,19.42854404165104
15,45,23.0767623363357
15,46,22.18262909755903
15,47,24.73948868904279
15,48,22.96176235879256
15,49,20.666123909584247
15,50,18.26742782897186
15,51,15.47455835744015
15,52,16.06705276009266
15,53,14.831507693952735
15,54,14.405048202256618
15,55,14.96817086284411
15,56,18.72593511851787
15,57,19.933154830916223
15,58,17.557323397569174
15,59,20.090412091847096
15,60,20.49320880311415
15,61,22.765726863433212
15,62,23.470600378321198
15,63,23.076582884041134
15,64,21.715946708553652
15,65,19.291909480224056
15,66,15.530175007083525
15,67,14.582122924138513
15,68,11.625764143938525
15,69,10.81635798124002
15,70,9.622966323583466
15,71,10.717658791797325
15,72,11.835196835202863
15,73,11.832700433563257
15,74,14.805245502463084
15,75,14.91076916965897
15,76,15.106028564834446
15,77,14.734130674050741
15,78,14.202693160642212
15,79,14.608995174874856
15,80,12.727434595633976
15,81,15.46503970417677
15,82,15.513822578821928
15,83,18.910354909298153
15,84,22.37655657701125
15,85,23.89089560851586
15,86,24.73671231574061
15,87,21.533927675947954
15,88,19.280184568291887
15,89,15.588956155686226
15,90,15.339112687534266
15,91,11.982758121948596
15,92,11.703799320698973
15,93,9.633377603248467
15,94,10.972770962123507
15,95,10.862671348988007
15,96,13.394138994242795
15,97,16.292143689766803
15,98,18.790306586414943
15,99,21.900289035719467
16,1,29.050277949593514
16,2,29.101201384246544
16,3,26.175959844720627
16,4,25.619075776056242
16,5,27.721984518547924
16,6,26.784550186290552
16,7,24.135251460710336
16,8,20.629208190208104
16,9,19.310069787793196
16,10,15.723141936307643
16,11,15.551407137801213
16,12,11.84133082475518
16,13,10.125075426721484
16,14,6.882229577880583
16,15,3.8444605649430224
16,17,3.84653822317591
16,18,6.933997378942702
16,19,8.050660590592555
16,20,5.996405507649146
16,21,5.714412481828925
16,22,4.507821663775879
16,23,6.456170726303513
16,24,9.294072427781444
16,25,12.697148402759886
16,26,15.838169502230981
16,27,19.42621635437663
16,28,22.36455476267416
16,29,25.37319402876162
16,30,27.994312979542205
16,31,30.5929512351306
16,32,29.390877229191247
16,33,29.334470719292526
16,34,27.56883625687795
16,35,26.091031260080143
16,36,23.336495567295444
16,37,20.430504233385374
16,38,20.789545583275093
16,39,17.493834617397912
16,40,17.240405781708
16,41,14.93044920609062
16,42,17.3572949995359
16,43,18.386401563760607
16,44,19.3309232153416
16,45,22.988617402960113
16,46,22.280236365242263
16,47,24.357318996776403
16,48,22.16565549113946
16,49,19.942113383177738
16,50,17.01015843835165
16,51,14.010738666336088
16,52,14.644166195975927
16,53,14.053922851952466
16,54,13.32172662622472
16,55,14.80885161430046
16,56,18.449565699718594
16,57,20.234032027939513
16,58,18.51162748058259
16,59,21.506692222956364
16,60,22.50972898829042
16,61,24.720044062497482
16,62,25.89646442025169
16,63,25.85930446058521
16,64,24.786521524175992
16,65,22.10312077843231
16,66,18.34197462340209
16,67,16.79849166806604
16,68,13.409203703188982
16,69,11.971835166914886
16,70,9.56469303387001
16,71,9.783696413021403
16,72,9.752802460332264
16,73,10.10143817963874
16,74,12.635025159896076
16,75,12.348120613067758
16,76,13.172274737700402
16,77,13.734809121503769
16,78,13.637733538178797
16,79,14.979206305303197
16,80,13.584648880893042
16,81,16.809031154248636
16,82,17.35295346295777
16,83,20.974364132045242
16,84,24.35293512768304
16,85,26.04768476618078
16,86,27.21435237134723
16,87,24.262481920210238
16,88,21.627806571108213
16,89,18.0664522865518
16,90,17.305656957186724
16,91,13.78184096229194
16,92,12.706497341946283
16,93,9.68359516178372
16,94,9.853404331989914
16,95,8.478248691353643
16,96,10.485664216504352
16,97,12.935024364092278
16,98,15.438882892354581
16,99,18.467853373669165
17,1,29.151573282032107
17,2,29.694878364283873
17,3,27.135707012252688
17,4,26.779686525891098
17,5,29.28449570012623
17,6,28.496540940395356
17,7,26.109978302750932
17,8,22.53580849337508
17,9,21.357202759228368
17,10,17.889005280302854
17,11,17.093148455064597
17,12,13.447000392205645
17,13,12.715622135511254
17,14,9.839209453917073
17,15,6.593328799165754
17,16,3.84653822317591
17,18,3.8757442932196136
17,19,5.3654310796556395
17,20,5.3911117235261825
17,21,5.355124749182616
17,22,5.952888918206052
17,23,7.209712738742366
17,24,10.769541172010065
17,25,13.718138346803599
17,26,17.20403623017569
17,27,20.59004148002193
17,28,23.589158574550353
17,29,26.85165978756356
17,30,29.413898365252177
17,31,31.689191957179954
17,32,30.264160665855055
17,33,29.785432681609212
17,34,27.698926878997995
17,35,26.532286354148432
17,36,23.83084979462601
17,37,21.372695195735403
17,38,22.18967448117582
17,39,18.983125172894447
17,40,19.01690645433281
17,41,16.950331499356654
17,42,19.669995858117282
17,43,20.990463177076094
17,44,22.400446475574064
17,45,25.917086355519164
17,46,24.95881011069003
17,47,26.711480762147815
17,48,24.136333972522642
17,49,21.59940729777141
17,50,18.508361624000973
17,51,15.100264436867496
17,52,14.889984664611438
17,53,14.046307347595683
17,54,12.307558134490229
17,55,13.916957876799712
17,56,17.4834798657266
17,57,19.864251711811153
17,58,18.447568270785418
17,59,21.505648139460654
17,60,22.75182057766045
17,61,24.48349428417182
17,62,25.919926303158316
17,63,26.428386905948322
17,64,25.390868182635533
17,65,22.30302206636669
17,66,18.74722570106419
17,67,16.955182044722008
17,68,13.265951104905984
17,69,12.205162173922004
17,70,9.286334284721296
17,71,10.049139938580582
17,72,9.961405252916238
17,73,11.611014006148629
17,74,14.136604133584978
17,75,14.074290454321455
17,76,15.695976089133849
17,77,16.778810451974522
17,78,16.525265389450617
17,79,17.99834293015375
17,80,16.30306643227168
17,81,19.33903754445052
17,82,19.493726546594633
17,83,22.959241115149357
17,84,26.494738851309414
17,85,28.56971087179914
17,86,29.87599665050923
17,87,26.970035415279916
17,88,24.27664864124054
17,89,20.855293024629002
17,90,20.43843949592021
17,91,17.127204416124012
17,92,16.297542178362953
17,93,13.210560919478997
17,94,13.149992157747171
17,95,10.97509655206243
17,96,12.30090715046487
17,97,13.813082822527925
17,98,16.032964420826232
17,99,18.544884814655195
18,1,32.13526587461057
18,2,32.87220128635468
18,3,30.478612918944272
