1,2,3.255728471202798
1,3,5.3774129371821235
1,4,8.653264179154355
1,5,10.932721709998926
1,6,13.375036686704831
1,7,16.674885935433597
1,8,19.016107906277767
1,9,20.945542531497814
1,10,20.705825705545887
1,11,23.62214375423856
1,12,24.488036605726947
1,13,24.932485559059806
1,14,25.70611324285707
1,15,27.178826375391708
1,16,26.470603252136854
1,17,28.05469245395409
1,18,28.607667831491227
1,19,27.979449143640185
1,20,30.507187151641645
1,21,28.298598801317056
1,22,28.717886247973027
1,23,25.049476164119845
1,24,24.38477334655471
1,25,22.77469203705302
1,26,22.11334096586945
1,27,21.11932435477864
1,28,20.132113777096507
1,29,20.050523418833993
1,30,18.46404132592059
1,31,21.125877921480782
1,32,19.75228212564115
1,33,18.29984380732701
1,34,14.58713344826721
1,35,14.057254499075603
1,36,10.312403901645506
1,37,9.340506423414938
1,38,8.755140096770358
1,39,12.323172525434336
1,40,14.135671619755303
1,41,15.843232082925434
1,42,18.366219972945363
1,43,21.705832326568007
1,44,24.61693214394965
1,45,28.383685472587512
1,46,30.751806878479396
1,47,31.32152161777521
1,48,27.574035238483518
1,49,28.02418756486533
1,50,26.041161031502153
1,51,22.669967058883856
1,52,23.68396343603743
1,53,22.185084508251318
1,54,19.05011960370211
1,55,16.37685902036555
1,56,16.80464858741522
1,57,14.14004712836535
1,58,10.980998502321146
1,59,8.378362985650567
1,60,10.552477331018522
1,61,9.427190135329775
1,62,12.244155752024835
1,63,12.367376734374464
1,64,15.922991351097924
1,65,17.97403129453909
1,66,21.1041345394033
1,67,19.696155773374873
1,68,19.545020177685636
1,69,16.630155370181047
1,70,17.847569441359386
1,71,17.2323891264516
1,72,19.032694041181255
1,73,19.837700263832
1,74,22.56210810138968
1,75,24.48457348320916
1,76,27.183570717759594
1,77,30.805292069506816
1,78,32.745914795959685
1,79,31.662865735590888
1,80,28.174563329096284
1,81,26.244058213597178
1,82,23.17147270615514
1,83,21.52889178680465
1,84,19.15007641990455
1,85,18.147571930968777
1,86,19.3608238769115
1,87,23.077516218237427
1,88,25.38878554991909
1,89,25.262022995138402
1,90,22.963193563218443
1,91,23.80305701904271
1,92,25.69583854916769
1,93,26.84760344335787
1,94,29.422851201677645
1,95,29.327945356894674
1,96,31.974784449531096
1,97,31.369539495679987
1,98,34.67473466851759
2,1,3.255728471202798
2,3,3.8726349973296985
2,4,6.613044856558268
2,5,9.682073273579903
2,6,12.488806980645116
2,7,15.30380604549083
2,8,18.084085882706624
2,9,20.470456017623913
2,10,20.81266550629599
2,11,24.045602992084984
2,12,25.306411771052957
2,13,26.118730321809597
2,14,27.17806146737406
2,15,28.47994379396812
2,16,27.90130802054383
2,17,29.826612161623704
2,18,30.532090348283862
2,19,30.22469121840951
2,20,32.90357306245409
2,21,30.659345245985634
2,22,30.773519300550973
2,23,27.068457509164134
2,24,26.208087064002
2,25,24.67670226059541
2,26,23.68456562683576
2,27,22.636882281810696
2,28,21.17329877839864
2,29,20.863021634228346
2,30,18.753511532710252
2,31,20.99069240620095
2,32,19.087421514780115
2,33,17.376185632322276
2,34,13.602898023844604
2,35,13.739266148473313
2,36,10.471728159279595
2,37,9.037014376494337
2,38,8.90855282843221
2,39,12.646793731612958
2,40,13.932559738305631
2,41,16.216092309462177
2,42,18.65914089160537
2,43,22.24014547965975
2,44,24.813524863061577
2,45,28.57770760628677
2,46,30.806392389810654
2,47,31.007434061159692
2,48,27.175898434505473
2,49,27.526905956169145
2,50,25.888015794393237
2,51,22.78801551389961
2,52,24.30027109397116
2,53,23.26663481518267
2,54,20.441396591693913
2,55,18.031891814858202
2,56,19.016630377738473
2,57,16.475354311536822
2,58,13.458634569092302
2,59,10.390099374272985
2,60,12.314852100288217
2,61,10.849814319641862
2,62,13.222432712791923
2,63,13.693225648115526
2,64,16.878026137622495
2,65,18.44381288748019
2,66,21.868892535042413
2,67,20.98437710774619
2,68,20.975775234818013
2,69,18.29437113350865
2,70,19.83371945063639
2,71,19.066064758859156
2,72,21.07319644196756
2,73,21.611486505220856
2,74,24.296595836467258
2,75,25.821606309532083
2,76,28.35816020023299
2,77,32.06983963804495
2,78,33.78502970309625
2,79,32.436449859731525
2,80,28.80875376675484
2,81,26.657355574661008
2,82,23.774861675024844
2,83,21.675756805773908
2,84,19.290650744486392
2,85,17.75768029033103
2,86,18.341045248702304
2,87,21.91044061230888
2,88,24.242542401956406
2,89,24.57883463419615
2,90,22.45943678012676
2,91,23.809603365637788
2,92,25.77623029778857
2,93,27.364720856536987
2,94,30.064967568634444
2,95,30.320313136757306
2,96,33.10931986283673
2,97,32.78589744774821
2,98,36.215894913613695
3,1,5.3774129371821235
3,2,3.8726349973296985
3,4,3.799657340253207
3,5,6.733930662042379
3,6,8.929212233694358
3,7,11.831166106375706
3,8,14.39693050645698
3,9,16.875708860903796
3,10,17.40494280593908
3,11,20.69516822792025
3,12,22.282437920917527
3,13,23.165557948450317
3,14,24.604152188875588
3,15,26.010255594842235
3,16,25.851249751893466
3,17,28.06004747453642
3,18,29.207938157855164
3,19,29.219458144735736
3,20,32.209952980050566
3,21,30.31308537114927
3,22,30.170899972459196
3,23,26.359698965405936
3,24,24.97170268327396
3,25,23.112108154708892
3,26,21.59788151298388
3,27,20.170594174512168
3,28,18.27274900720796
3,29,17.588546654339556
3,30,15.181614304628955
3,31,17.212596928952287
3,32,15.223418420916534
3,33,13.545022665207485
3,34,9.759895403586414
3,35,10.126602119918992
3,36,7.117799888279979
3,37,5.352099282375397
3,38,6.203838968249767
3,39,9.984655792309606
3,40,11.678153354569726
3,41,14.499078054581126
3,42,17.444937936352748
3,43,21.154817767815967
3,44,23.778194213622342
3,45,27.582373894727056
3,46,29.413716861543215
3,47,29.73341123561161
3,48,25.911550537779725
3,49,26.764563243491388
3,50,25.464787980150216
3,51,22.413093295469622
3,52,24.009767497225432
3,53,22.956613852108475
3,54,20.43482889723963
3,55,17.72824009040063
3,56,18.91664884941772
3,57,16.00265596504118
3,58,13.69001823506147
3,59,10.113876154420842
3,60,10.802622032025093
3,61,8.529805958155244
3,62,10.158119826777751
3,63,11.005915869807255
3,64,13.797274489839022
3,65,14.926907324491106
3,66,18.460828769685858
3,67,17.95520714931146
3,68,18.115747772812323
3,69,15.824797657934194
3,70,17.893520289434367
3,71,17.433665123356924
3,72,19.996861960481418
3,73,20.84785350200362
3,74,23.886870841571888
3,75,25.12389492802557
3,76,27.913565418127554
3,77,31.535959216679593
3,78,32.90142846912431
3,79,31.226339554111085
3,80,27.54386899244793
3,81,25.014901994352282
3,82,21.992563035798554
3,83,19.623695550812997
3,84,16.806447963777416
3,85,14.873713241868046
3,86,15.49976681531124
3,87,19.03425509531952
3,88,21.124738357617076
3,89,21.343883802682964
3,90,19.547132097736192
3,91,21.02303256402754
3,92,23.37510771565484
3,93,25.10114549126057
3,94,28.095727683232543
3,95,28.684462898959133
3,96,31.74865843258965
3,97,31.790259356499405
3,98,35.37760521202557
4,1,8.653264179154355
4,2,6.613044856558268
4,3,3.799657340253207
4,5,3.867441266526103
4,6,6.673268052206644
4,7,8.845434538530375
4,8,11.979193960636723
4,9,14.732254070947048
4,10,15.84671266532727
4,11,19.442733158884852
4,12,21.32231124216554
4,13,22.796172023260116
4,14,24.390891474109225
4,15,25.386932358222936
4,16,25.298810902989814
4,17,27.91326130384026
4,18,29.214520610953954
4,19,29.710787484339978
4,20,32.88614402000625
4,21,30.99777752615866
4,22,30.382220748451193
4,23,26.5925014998675
4,24,24.938327485930284
4,25,23.289258582000407
4,26,21.430070036370342
4,27,20.17063533523505
4,28,17.81175479074368
4,29,17.190264948241076
4,30,14.384786304220292
4,31,15.987750348287545
4,32,13.633390617739169
4,33,12.310356793836279
4,34,8.661502649193457
4,35,10.47544854227306
4,36,8.51209055974369
4,37,5.515362481879678
4,38,5.987844031423898
4,39,9.020323798305684
4,40,9.712271294077482
4,41,13.074514551377824
4,42,15.848074774218663
4,43,19.690881806471133
4,44,21.897700225774212
4,45,25.626407054731636
4,46,27.191384802301673
4,47,27.198264904093264
4,48,23.36236549584688
4,49,24.28563453733001
4,50,23.436143210613746
4,51,20.72823173429814
4,52,22.78777446297623
4,53,22.24244129561395
4,54,20.25258628896832
4,55,17.893130371376227
4,56,19.760653439977432
4,57,17.13794801616174
4,58,15.246904039094476
4,59,11.434623247091363
4,60,11.733063306411058
4,61,9.780494866443638
4,62,10.966076387335992
4,63,12.787965539379913
4,64,15.000463901030056
4,65,15.182231606412179
4,66,18.726079436697955
4,67,18.707007808087763
4,68,18.588369090974773
4,69,16.50622885045905
4,70,18.6416195823632
4,71,17.8000427623408
4,72,20.47014750145374
4,73,20.924760516352325
4,74,23.86745588040443
4,75,24.52452309927367
4,76,27.125271280235722
4,77,30.752099315894842
4,78,31.756674709420157
4,79,29.748941079608972
4,80,25.972773836423364
4,81,23.197619910838313
4,82,20.45964798307135
4,83,17.624094628557117
4,84,14.91964086706457
4,85,12.480144081751714
4,86,12.394402590849715
4,87,15.759962568060653
4,88,17.92470746119402
4,89,18.58292487049596
4,90,16.88161530952429
4,91,18.86524350923074
4,92,21.19104895463231
4,93,23.37556972088145
4,94,26.445739360843874
4,95,27.450963244144777
4,96,30.651716981825793
4,97,31.081776532747604
4,98,34.79196662136592
5,1,10.932721709998926
5,2,9.682073273579903
5,3,6.733930662042379
5,4,3.867441266526103
5,6,3.813915684141845
5,7,6.250734551542332
5,8,9.219691213002253
5,9,11.486633134367622
5,10,12.47183943990546
5,11,16.137317462426505
5,12,17.95395469312782
5,13,19.79977851384883
5,14,21.348098874018824
5,15,22.041743126675183
5,16,22.00073233858964
5,17,24.851397625174734
5,18,26.319704958339482
5,19,27.18485085954374
5,20,30.5282182395463
5,21,28.807671624328623
5,22,27.840373619166265
5,23,24.083051231109174
5,24,22.117311320259947
5,25,20.538064123011743
5,26,18.4179436503378
5,27,17.33117644262833
5,28,14.782647350188924
5,29,14.498224469460371
5,30,11.802019747172581
5,31,13.546683108491328
5,32,11.633064366983186
5,33,11.390562084858617
5,34,8.15568270940151
5,35,10.542262822986435
5,36,9.032765918002157
5,37,5.274105327019812
5,38,4.457000514355399
5,39,5.975911882162776
5,40,6.1611257111691
5,41,9.826615011624073
5,42,12.774563317132888
5,43,16.585593617759248
5,44,18.764440663126077
5,45,22.461470915310123
5,46,23.770719000575045
5,47,23.945251254511074
5,48,20.172642637273192
5,49,21.50205957304262
5,50,20.829866627670523
5,51,18.177749722506295
5,52,20.21659350029212
5,53,19.732980555203845
5,54,18.176448021421297
5,55,15.86750265439943
5,56,18.100843049953696
5,57,15.63232612494701
5,58,14.50224187641651
5,59,10.724746598801723
5,60,10.186867400715808
5,61,8.752306439448603
5,62,9.683593542265097
5,63,12.510835814285377
5,64,14.38989937099246
5,65,13.906285809672092
5,66,17.093518993365592
5,67,17.088825484166893
5,68,16.414462297451358
5,69,14.40037866854117
5,70,16.427864721479473
5,71,15.329613958554413
5,72,18.123619153950376
5,73,18.463884309066167
5,74,21.457984860581796
5,75,21.7249129087022
5,76,24.382403129412953
5,77,27.89205150401152
5,78,28.608359152882613
5,79,26.394197820148424
5,80,22.620578679390793
5,81,19.654877427026857
5,82,16.926405234734176
5,83,13.941096085867713
5,84,11.145270510384165
5,85,8.618593000943894
5,86,8.783201507451798
5,87,12.343436513574092
5,88,14.585664632737986
5,89,14.973580581989518
5,90,13.071608506636023
5,91,15.006893922096193
5,92,17.357833606707715
5,93,19.61561499427865
5,94,22.760467459749933
5,95,23.9649688725367
5,96,27.28291965126824
5,97,27.982946408022592
5,98,31.767692484341218
6,1,13.375036686704831
6,2,12.488806980645116
6,3,8.929212233694358
6,4,6.673268052206644
6,5,3.813915684141845
6,7,3.83117387180522
6,8,5.748936218330889
6,9,8.093716803799056
6,10,9.356504397101949
6,11,13.039535122647466
6,12,15.34583414445091
6,13,17.141330807502648
6,14,19.20287306612437
6,15,20.143320796260472
6,16,20.727625460679906
6,17,23.757084849957202
6,18,25.729889201890447
6,19,26.811614932261225
6,20,30.370019481965528
6,21,29.115601128349198
6,22,28.049425517254093
6,23,24.299887676681035
6,24,21.834529134914952
6,25,19.817933066645928
6,26,17.149296610278487
6,27,15.494471731879523
6,28,12.438336083247165
6,29,11.509030708677743
6,30,8.3904436405059
6,31,9.769108278658814
6,32,7.888809246838817
6,33,8.178693203903302
6,34,5.573710746743037
6,35,8.314621668379765
6,36,8.017549733613034
6,37,4.986135310175932
6,38,5.673256807323803
6,39,5.709730925258397
6,40,6.83828292640771
6,41,10.486151596641106
6,42,13.851656306689197
6,43,17.40069358313282
6,44,19.653881602651275
6,45,23.227828834293977
6,46,24.02759275760119
6,47,24.49315126812504
6,48,20.919295579830134
6,49,22.846816168246182
6,50,22.4699556197105
6,51,19.913975192281846
6,52,21.73065967294928
6,53,21.048267469749305
6,54,19.74980712410332
6,55,17.16171109253089
6,56,19.183301452403093
6,57,16.4282720665076
6,58,16.02975436793856
6,59,12.436468794439968
6,60,10.665304166096169
6,61,8.638983714701856
6,62,8.022047697966288
6,63,11.0993991413234
6,64,12.059820300043366
6,65,10.80264694841814
6,66,13.87114940862925
6,67,14.393971950746048
6,68,13.979787416329575
6,69,12.73563342927972
6,70,15.33141707525347
6,71,14.86161979606544
6,72,18.14152228242121
6,73,18.994861426188546
6,74,22.273228929973556
6,75,22.3861885929072
6,76,25.311221303196415
6,77,28.57227180263252
6,78,28.961719200563465
6,79,26.513342082246847
6,80,22.84708647238606
6,81,19.56472626688393
6,82,16.6712773965464
6,83,13.629419998405599
6,84,10.220997119150962
6,85,7.187198162351417
6,86,7.765427387584153
6,87,11.044438479381915
6,88,12.659702507095728
6,89,12.57978759769737
6,90,11.360222627960871
6,91,13.28051532899002
6,92,16.26474357956084
6,93,18.49409841363523
6,94,21.966453206447163
6,95,23.471689867164528
6,96,27.017481690287955
6,97,28.037694095511096
6,98,31.871421295033738
7,1,16.674885935433597
7,2,15.30380604549083
7,3,11.831166106375706
7,4,8.845434538530375
7,5,6.250734551542332
7,6,3.83117387180522
7,8,3.7987924585661546
7,9,7.054289250327159
7,10,9.71366920690885
7,11,13.431803720657383
7,12,16.252674209810376
7,13,18.534649597485185
7,14,20.88527340311427
7,15,21.48140648875349
7,16,22.3340311557748
7,17,25.679488123173922
7,18,27.849504781058933
7,19,29.333098755945677
7,20,32.98649754529678
7,21,31.83071438408733
7,22,30.419438517923577
7,23,26.788438376187198
7,24,24.11411804896125
7,25,22.264741476651885
7,26,19.307899828682846
7,27,17.717533361808066
7,28,14.299310481674926
7,29,13.149807212968064
7,30,9.732077588039171
7,31,9.737719068153018
7,32,7.149128516197751
7,33,7.831217829218424
7,34,6.578715436314704
7,35,10.22732874925345
7,36,11.067093667149257
7,37,8.501037974121406
7,38,9.359173273627706
7,39,8.878428041644883
7,40,8.746597055186255
7,41,12.398388982062391
7,42,15.266191842268475
7,43,18.666631823416804
7,44,20.311588119314248
7,45,23.62362109010164
7,46,23.94000780200707
7,47,24.01462214834027
7,48,20.577761777779113
7,49,22.647860305124496
7,50,22.919290530911997
7,51,20.898935308878517
7,52,23.11896352395731
7,53,22.94973050520516
7,54,22.168273860553462
7,55,19.95560180647581
7,56,22.31852050804731
7,57,19.818406459531367
7,58,19.577447281479202
7,59,16.006456806734146
7,60,14.274064148517105
7,61,12.429055229458239
7,62,11.40497907323363
7,63,14.357003845205195
7,64,14.610796759965044
7,65,12.560068838277054
7,66,15.39882779526859
7,67,16.66448341765899
7,68,16.37013626929294
7,69,15.695608065921949
7,70,18.322425475237566
7,71,17.77287818714267
7,72,21.01399750034409
7,73,21.596325079130395
7,74,24.690956251276617
7,75,24.283224790808067
7,76,26.95755231622031
7,77,30.105580854110208
7,78,30.068425565810458
7,79,27.268337949321396
7,80,23.627738114033676
7,81,20.096038426680007
7,82,17.676881954175556
7,83,14.20456727266184
7,84,11.109911588280017
7,85,7.392855305260442
7,86,6.272233054870513
7,87,8.62915029950911
7,88,9.87505485178774
7,89,10.622646814442374
7,90,10.240230338677364
7,91,13.039032887324792
7,92,16.09331874403878
7,93,18.87832995245699
7,94,22.417767455212136
7,95,24.459328402312327
7,96,28.104065493115446
7,97,29.56439532243356
7,98,33.43955930983727
8,1,19.016107906277767
8,2,18.084085882706624
8,3,14.39693050645698
8,4,11.979193960636723
8,5,9.219691213002253
8,6,5.748936218330889
8,7,3.7987924585661546
8,9,3.792899470853384
8,10,7.002903412459259
8,11,10.402513577431987
8,12,13.654952480368124
8,13,15.866790444443946
8,14,18.62153226177212
8,15,19.38354149273904
8,16,20.815506069639117
8,17,24.227464464198473
8,18,26.808821737512524
8,19,28.47143294329112
8,20,32.24886506309842
8,21,31.538910538566576
8,22,30.056940708399416
8,23,26.518917170458266
8,24,23.469270718865282
8,25,21.308359693161634
8,26,17.974139731110956
8,27,15.989145751951773
8,28,12.298366845707255
8,29,10.646479530197698
8,30,7.2070816246662615
8,31,6.324290109435987
8,32,4.2655060193777405
8,33,6.638188196074249
8,34,7.043428648558028
8,35,10.09994219205282
8,36,11.759973639347008
8,37,10.015673768974361
8,38,11.11419063534388
8,39,9.753986011019299
8,40,10.226578711647983
8,41,13.31916515980432
8,42,16.346852613888995
8,43,19.333975025223204
8,44,21.082009770816967
8,45,24.20350018017274
8,46,24.08779727595542
8,47,24.565077792606086
8,48,21.42897697930348
8,49,24.006369325520346
8,50,24.387581327076795
8,51,22.391566682352796
8,52,24.250952131875202
8,53,23.824750411621046
8,54,23.245321772961226
8,55,20.84827916374164
8,56,22.963688556703016
8,57,20.355015716456343
8,58,20.742798059593497
8,59,17.462997742930852
8,60,14.966142743082955
8,61,13.066449903010213
8,62,11.10853695477724
8,63,14.037207359514799
8,64,13.413801788540162
8,65,10.596273245273522
8,66,12.817782592020716
8,67,14.555139146813326
8,68,14.361242674327725
8,69,14.504694079074046
8,70,17.359513374792577
8,71,17.325548028063654
8,72,20.79060910452908
8,73,21.77473375083364
8,74,25.0203369995727
8,75,24.51431089916605
8,76,27.394483693976323
8,77,30.247600493185463
8,78,29.943645153548697
8,79,27.02314699650927
8,80,23.59287240862137
8,81,19.919062235428395
8,82,17.40643394069996
8,83,14.187283330102042
8,84,10.826582158452156
8,85,7.385674219230789
8,86,7.194357732031364
8,87,8.723258912753652
8,88,8.93608578842863
8,89,8.681685659931022
8,90,9.245804780270037
8,91,11.633975603910326
8,92,15.170886568388104
8,93,17.70330210580026
8,94,21.427557430599926
8,95,23.650743892740444
8,96,27.411387723687888
8,97,29.11139206806038
8,98,32.95599353628457
9,1,20.945542531497814
9,2,20.470456017623913
9,3,16.875708860903796
9,4,14.732254070947048
9,5,11.486633134367622
9,6,8.093716803799056
9,7,7.054289250327159
9,8,3.792899470853384
9,10,3.79419739503769
9,11,6.894126019609665
9,12,10.211169417583317
9,13,12.756335713560045
9,14,15.513767498217817
9,15,16.049229286603794
9,16,17.7694128729952
9,17,21.278906565604125
9,18,24.095786882459166
9,19,26.03456856884159
9,20,29.87512758712704
9,21,29.484326261384677
9,22,27.80301314335914
9,23,24.44313231422588
9,24,21.120774181862608
9,25,18.946158103526354
9,26,15.38786757565462
9,27,13.487720480926848
9,28,9.749917954955459
9,29,8.472412247938665
9,30,5.978552680919758
9,31,5.258708768149042
9,32,5.775198120493303
9,33,9.250146278698212
9,34,10.006440413929177
9,35,12.265303105818578
9,36,13.705062075637814
9,37,12.078175608448218
9,38,12.462128384630072
9,39,10.024569371845958
9,40,10.444895866650509
9,41,12.62291978855118
9,42,15.489022883856991
9,43,17.91629397632778
9,44,19.682440654156206
9,45,22.559055095361032
9,46,22.11157386603366
9,47,23.031921880329328
9,48,20.220345137448597
9,49,23.218984573296016
9,50,23.614488959514993
9,51,21.67689544562172
9,52,23.1426955595411
9,53,22.55840106833862
9,54,22.33412464403125
9,55,20.003463108625503
9,56,22.04204315251988
9,57,19.658945620216905
9,58,20.735925093732003
9,59,17.908595968061032
9,60,14.93208141627852
9,61,13.651819364137895
9,62,11.572759777200398
9,63,14.753250080751977
9,64,13.86799932008389
9,65,10.779530139517336
9,66,11.943986260559091
9,67,13.475420967559616
9,68,12.634460166442285
9,69,13.176409416075652
9,70,15.715864217449576
9,71,15.738009539941105
9,72,19.132963233958474
9,73,20.201649284790914
9,74,23.39538079058783
9,75,22.655299264376545
9,76,25.60176931554741
9,77,28.140644285021807
9,78,27.57925877681514
9,79,24.589984348877493
9,80,21.39373332558549
9,81,17.689035752463486
9,82,15.196411853837693
9,83,12.349145143356441
9,84,9.068098337426367
9,85,6.499053052003642
9,86,7.472025402268832
9,87,8.449868550212484
9,88,8.159039268105621
9,89,6.34618076159193
9,90,7.168276761409811
9,91,8.744309405363458
9,92,12.517911483503513
9,93,14.729124381313213
9,94,18.511501618856983
9,95,20.847132472436318
9,96,24.645095036426476
9,97,26.555661015025773
9,98,30.3420573726402
10,1,20.705825705545887
10,2,20.81266550629599
10,3,17.40494280593908
10,4,15.84671266532727
10,5,12.47183943990546
10,6,9.356504397101949
10,7,9.71366920690885
10,8,7.002903412459259
10,9,3.79419739503769
10,11,3.80442208167031
10,12,6.6617659518644965
10,13,9.177233588633888
10,14,11.761593919104126
10,15,12.45873330587011
10,16,14.265681341544527
10,17,17.655860592073967
10,18,20.574636786485453
10,19,22.454297249098847
10,20,26.309868876281413
10,21,26.12719665523734
10,22,24.53291168275488
10,23,21.22215650969395
10,24,17.777675049283143
10,25,15.396820693932687
10,26,11.74909475990928
10,27,9.76269579813147
10,28,6.058937834365937
10,29,5.472273180172087
10,30,4.618596058694981
10,31,5.807362486202539
10,32,8.007280774196275
10,33,11.371960216483625
10,34,11.681590413425722
10,35,13.021536988739282
10,36,13.82104831075941
10,37,12.386059954630863
10,38,12.153774525100365
10,39,9.085851319947537
10,40,10.07806625675487
10,41,11.277363104441546
10,42,14.244751624123435
10,43,16.25634038101389
10,44,18.46781831087251
10,45,21.328904819812742
10,46,21.026224735489038
10,47,22.544431988208643
10,48,19.875473796726293
10,49,23.00583284142728
10,50,22.957411788260977
10,51,20.72291648077362
10,52,21.592097247256437
10,53,20.51878398736164
10,54,20.24150739700649
10,55,17.738606015600922
10,56,19.432711642802914
10,57,17.10914770435258
10,58,18.737137857519304
10,59,16.4230806206129
10,60,13.041821776395404
10,61,12.32293871634611
10,62,10.33782781695319
10,63,13.617509035886462
10,64,12.887302700103707
10,65,10.180667369991218
10,66,10.570345632432186
10,67,11.252073022459582
10,68,9.59964337356333
10,69,10.172062870216994
10,70,12.390836368423026
10,71,12.59331089984852
10,72,15.980951458008951
10,73,17.365527145822963
10,74,20.650537967007285
10,75,20.100152633403347
10,76,23.291662180781707
10,77,25.655578864605676
10,78,25.22225611071239
10,79,22.46460327855605
10,80,19.44093875236401
10,81,15.938896020463256
10,82,13.06414300422748
10,83,10.967302134147964
10,84,7.576474124458063
10,85,6.5867854621534905
10,86,9.167891602894167
10,87,10.619120638616655
10,88,10.662318429382621
10,89,7.850731186130557
10,90,7.603567010526692
10,91,7.389888027082073
10,92,11.149337418646475
10,93,12.488777788089372
10,94,16.261151585420823
10,95,18.20953855595414
10,96,21.971751732934955
10,97,23.699294136688366
10,98,27.418740774292136
11,1,23.62214375423856
11,2,24.045602992084984
11,3,20.69516822792025
11,4,19.442733158884852
11,5,16.137317462426505
11,6,13.039535122647466
11,7,13.431803720657383
11,8,10.402513577431987
11,9,6.894126019609665
11,10,3.80442208167031
11,12,3.793410768649569
11,13,6.211895796248907
11,14,9.178946730646624
11,15,10.031884860467159
11,16,12.656242427708225
11,17,15.89426665149153
11,18,19.227847190946
11,19,21.27545103404457
11,20,25.13295894118727
11,21,25.50813634266815
11,22,23.87791739699253
11,23,20.872447499032184
11,24,17.17069670185396
11,25,14.589757332128
11,26,10.782869869832217
11,27,8.59567445100951
11,28,5.465331153837394
11,29,5.146835836158362
11,30,6.484485512768753
11,31,7.233671141985002
11,32,10.496127548732401
11,33,13.982195881565756
11,34,14.792881718374499
11,35,15.532362456566428
11,36,16.474560222282406
11,37,15.558398360213804
11,38,15.31503327535993
11,39,12.133955641483867
11,40,13.283361390397898
11,41,13.694773418806284
11,42,16.3349930242987
11,43,17.64100655798345
11,44,19.8456809143016
11,45,22.319861171621167
11,46,21.6738278467943
11,47,23.6549298555779
11,48,21.447438925382606
11,49,24.837678784035205
11,50,24.7731654336484
11,51,22.624108107709283
11,52,23.000934694430917
11,53,21.66368376999687
11,54,21.616946948945586
11,55,19.143991941415468
11,56,20.429898322624688
11,57,18.2822296926463
11,58,20.494370758290206
11,59,18.724120655845407
11,60,15.076576905201195
11,61,14.662413844941124
11,62,12.459179358335614
11,63,15.277915102916271
11,64,14.040382588557616
11,65,11.3122567862296
11,66,10.343226262541608
11,67,10.88726952142902
11,68,8.930397290494605
11,69,10.491840905010672
11,70,12.296141245009325
11,71,13.0482345287546
11,72,16.207174711358995
11,73,17.925035107383263
11,74,21.103305343136284
11,75,20.497105022299355
11,76,23.753951593837982
11,77,25.64852245256967
11,78,24.982228973574717
11,79,22.298948862079573
11,80,19.744534694887886
11,81,16.465619835150566
11,82,13.736811519856438
11,83,12.525995991308928
11,84,9.76708301387193
11,85,9.868454458560572
11,86,12.532551527860107
11,87,13.401971662115116
11,88,12.9194999126014
11,89,9.484784013804216
11,90,9.738832842314356
11,91,8.271105070867126
11,92,11.65524230637212
11,93,12.058488893712397
11,94,15.634303662606658
11,95,17.50802886861821
11,96,21.165712186446935
11,97,23.035610446779547
11,98,26.5553937897038
12,1,24.488036605726947
12,2,25.306411771052957
12,3,22.282437920917527
12,4,21.32231124216554
12,5,17.95395469312782
12,6,15.34583414445091
12,7,16.252674209810376
12,8,13.654952480368124
12,9,10.211169417583317
12,10,6.6617659518644965
12,11,3.793410768649569
12,13,3.89139409031404
12,14,5.732525192452076
12,15,6.248712720724037
12,16,9.065541896552938
12,17,12.193598966835031
12,18,15.641992278384226
12,19,17.810623090100243
12,20,21.64424892717937
12,21,22.263598295377935
12,22,20.574922319204294
12,23,17.802018578976107
12,24,14.004336999246442
12,25,11.47329791600506
12,26,7.739698921026293
12,27,6.183478199885045
12,28,4.628806284556551
12,29,6.465459117724957
12,30,9.123215694703413
12,31,10.742142524043262
12,32,14.005948942950877
12,33,17.306870035220655
12,34,17.663040716980017
12,35,18.077211689353128
12,36,18.384804293668928
12,37,17.38611199701854
12,38,16.48187213748815
12,39,13.038126652483754
12,40,14.108300861723242
12,41,13.470397137014258
12,42,15.680093975821329
12,43,16.27720121341635
12,44,18.650109484309162
12,45,20.878692777422938
12,46,20.321848703736528
12,47,22.815826942399248
12,48,20.906010957134868
12,49,24.310951382531034
12,50,23.90794634172539
12,51,21.677007118781127
12,52,21.452236727304488
12,53,19.778549798551783
12,54,19.899258362559255
12,55,17.57285005483957
12,56,18.55655204988881
12,57,16.842618014483527
12,58,19.60546924796717
12,59,18.509906137273273
12,60,14.885998693728718
12,61,15.308585526471738
12,62,13.704576364786442
12,63,16.459048934507468
12,64,15.671008272999911
12,65,13.620019808053867
12,66,12.237689742468508
12,67,11.686352142290804
12,68,8.749645275770686
12,69,9.92164190885176
12,70,10.581071566020304
12,71,11.1931093647787
12,72,13.833869993284289
12,73,15.613387021445218
12,74,18.58996009792022
12,75,18.00627569975945
12,76,21.318267961514263
12,77,22.885653438269436
12,78,22.256989931971916
12,79,19.85241964850771
12,80,17.653414914115757
12,81,14.807229208331828
12,82,12.053784834900682
12,83,11.933539192392821
12,84,9.899845913538673
12,85,11.345071150103134
12,86,14.49585978305058
12,87,15.51214646163491
12,88,15.355324394233433
12,89,11.74823420546599
12,90,11.166326677059613
12,91,8.452598451848967
12,92,10.918115767908331
12,93,10.118785514841223
12,94,13.30593379103012
12,95,14.679108190340484
12,96,18.162802079886937
12,97,19.888696855051023
12,98,23.262902512840192
13,1,24.932485559059806
13,2,26.118730321809597
13,3,23.165557948450317
13,4,22.796172023260116
13,5,19.79977851384883
13,6,17.141330807502648
13,7,18.534649597485185
13,8,15.866790444443946
13,9,12.756335713560045
13,10,9.177233588633888
13,11,6.211895796248907
13,12,3.89139409031404
13,14,3.8421233807979527
13,15,6.59712586576354
13,16,9.777760190782613
13,17,11.889173937428774
13,18,15.476798155211402
13,19,17.042215599044724
13,20,20.748599380278435
13,21,21.81279919608109
13,22,20.68468637337045
13,23,18.01127918092829
13,24,14.353960458839229
13,25,11.18820514748948
13,26,7.8462056435255345
13,27,5.211248259433818
13,28,5.178317450552124
13,29,6.291368076901627
13,30,9.890927596665612
13,31,11.728881041690677
13,32,15.300225130748228
13,33,18.230349990614005
13,34,18.65592121456414
13,35,18.249935836289655
13,36,18.50416552477115
13,37,18.231566183298167
13,38,17.65493390191372
13,39,14.638239758982811
13,40,16.486437652269167
13,41,15.841301045711011
13,42,18.30208555366352
13,43,18.887444368702337
13,44,21.616905315998945
13,45,23.890568942869827
13,46,23.575478522351023
13,47,26.276020795578873
13,48,24.368226531003632
13,49,27.648109339039877
13,50,26.912235988878493
13,51,24.401635823359154
13,52,23.8104852552201
13,53,21.64324015565681
13,54,21.31757783734652
13,55,18.63196906997017
13,56,18.839993109975236
13,57,16.85180830727743
13,58,19.781115795526617
13,59,19.08095142487029
13,60,15.287548043012924
13,61,15.520778220175824
13,62,13.636779845161861
13,63,15.623230128728816
13,64,14.53977274861097
13,65,12.99344137481011
13,66,10.795751162951325
13,67,9.62002822921358
13,68,6.749806722517115
13,69,8.843467884117544
13,70,9.458416584705368
13,71,11.266879245896794
13,72,13.874671744342308
13,73,16.419358597514936
13,74,19.530982147976754
13,75,19.58310576391691
13,76,23.11219161099792
13,77,24.523235392943082
13,78,24.223551749654366
13,79,22.25835827805494
13,80,20.3097600456109
13,81,17.850931017952966
13,82,14.902509042272287
13,83,15.203542649913523
13,84,13.000472027159686
13,85,14.37207469654357
13,86,17.696246086313565
13,87,19.03118930563483
13,88,18.87092773029998
13,89,15.326632838894662
13,90,14.8603728839126
13,91,12.266402475656584
13,92,14.597527284127828
13,93,13.316366602274766
13,94,16.09583499267818
13,95,16.805651686339
13,96,19.950727735055228
13,97,21.200712287252003
13,98,24.301532635509457
14,1,25.70611324285707
14,2,27.17806146737406
14,3,24.604152188875588
14,4,24.390891474109225
14,5,21.348098874018824
14,6,19.20287306612437
14,7,20.88527340311427
14,8,18.62153226177212
14,9,15.513767498217817
14,10,11.761593919104126
14,11,9.178946730646624
14,12,5.732525192452076
14,13,3.8421233807979527
14,15,3.837152368527144
14,16,6.63504916867755
14,17,8.14975247014429
14,18,11.776640699702886
14,19,13.397107418674471
14,20,17.06675261062594
14,21,18.342371623718552
14,22,17.180059587468637
14,23,14.802743289063171
14,24,11.189528541791375
14,25,8.184933060662344
14,26,5.512492056802391
14,27,4.589045157631375
14,28,6.804158975855729
14,29,9.287993070169854
14,30,12.883652957682639
14,31,15.184879131001132
14,32,18.55947492388761
14,33,21.415622872296606
14,34,21.382446331124243
14,35,20.96530152731267
14,36,20.61666662761908
14,37,20.068074924375892
14,38,18.83884677611156
14,39,15.69778032174517
14,40,17.26145891737986
14,41,15.759469625660046
14,42,17.67015273668565
14,43,17.58327346430046
14,44,20.38214742964844
14,45,22.385627986499962
14,46,22.26451193128498
14,47,25.328770515267728
14,48,23.6892835699995
14,49,26.84363587725398
14,50,25.774245263055324
14,51,23.232512299901146
14,52,22.082000093315653
14,53,19.634402950193195
14,54,19.46609531237403
14,55,17.058401648777654
14,56,16.952410931464048
14,57,15.584242441870689
14,58,18.95603381576007
14,59,18.95102234837601
14,60,15.44822179308101
14,61,16.542698559283103
14,62,15.450698529803597
14,63,17.472643724390746
14,64,17.043418524944137
14,65,16.06897335542992
14,66,14.088324921538932
14,67,12.171047014427538
14,68,8.74639730527917
14,69,9.656670260086479
14,70,8.68565402273282
14,71,10.000156646374494
14,72,11.686038875739536
14,73,14.160218005707126
14,74,16.910940684652797
14,75,17.048083127297865
14,76,20.534552836033384
14,77,21.61134725341529
14,78,21.45186962200378
14,79,19.898096383840986
14,80,18.344912162765734
14,81,16.484290561337435
14,82,13.677585540340145
14,83,14.936942270403211
14,84,13.497282966401265
14,85,15.738541760802756
14,86,19.273988761429145
14,87,20.718455480985885
14,88,20.879159609501524
14,89,17.320005535153122
14,90,16.21024756072276
14,91,13.024773133919252
14,92,14.445166592414315
14,93,12.269096678839343
14,94,14.35385166580097
14,95,14.324618314089822
14,96,17.09358399338822
14,97,18.01928971815512
14,98,20.908682411619242
15,1,27.178826375391708
15,2,28.47994379396812
15,3,26.010255594842235
15,4,25.386932358222936
15,5,22.041743126675183
15,6,20.143320796260472
15,7,21.48140648875349
15,8,19.38354149273904
15,9,16.049229286603794
15,10,12.45873330587011
15,11,10.031884860467159
15,12,6.248712720724037
15,13,6.59712586576354
15,14,3.837152368527144
15,16,3.8447225479582587
15,17,6.387171228316133
15,18,10.073979672704736
15,19,12.669207852998316
15,20,16.338072372857194
15,21,17.494832025362363
15,22,15.59451866388962
15,23,13.561811493833163
15,24,9.789163415386678
15,25,7.948263798963952
15,26,5.624163346698999
15,27,6.835290278504692
15,28,8.55418620383698
15,29,11.60365918825584
15,30,14.748346906878073
15,31,16.875372383201857
15,32,20.060429751635926
15,33,23.188311002737322
15,34,23.07030948613682
15,35,23.214583769887984
15,36,22.78759333588414
15,37,21.654219124229154
15,38,19.948423802725465
15,39,16.4488632778804
15,40,17.174279248734326
15,41,15.144773246298557
15,42,16.302832966577462
15,43,15.53703289731338
15,44,17.894349978773803
15,45,19.445612863370815
15,46,19.031855130710497
15,47,22.270260981325382
15,48,21.027630139221262
15,49,24.278142449213735
15,50,23.375662961153168
15,51,21.19996848850969
15,52,19.929251593114238
15,53,17.80574288745205
15,54,18.353770181315088
15,55,16.600689160153756
15,56,17.02041609085853
15,57,16.381432141560914
15,58,19.852652025170258
15,59,19.91496005173617
15,60,16.728020543393036
15,61,18.320930209554163
15,62,17.660594149219175
15,63,20.184537953343764
15,64,20.020744728030802
15,65,18.77753128767264
15,66,17.13675805816688
15,67,15.520985294728419
15,68,11.959342548673321
15,69,12.243042663988494
15,70,10.832212301136833
15,71,10.845822675511577
15,72,11.818936846906439
15,73,13.343989807170763
15,74,15.524792568236863
15,75,14.89799944146668
15,76,18.050370952967214
15,77,18.810567214478745
15,78,18.206329094354327
15,79,16.476244521386185
15,80,15.217460795028416
15,81,13.550545686240975
15,82,11.299689814584987
15,83,13.110245148541667
15,84,12.613830923404366
15,85,15.404754042007387
15,86,18.750769237534794
15,87,19.79586049808004
15,88,19.992536480163725
15,89,16.432843587248826
15,90,15.061866271902009
15,91,11.433312073877467
15,92,11.958449407028532
15,93,9.185422451570131
15,94,10.803526771627173
15,95,10.862667070207706
15,96,13.661027907182753
15,97,15.052986776874672
15,98,17.998094812001334
16,1,26.470603252136854
16,2,27.90130802054383
16,3,25.851249751893466
16,4,25.298810902989814
16,5,22.00073233858964
16,6,20.727625460679906
16,7,22.3340311557748
16,8,20.815506069639117
16,9,17.7694128729952
16,10,14.265681341544527
16,11,12.656242427708225
16,12,9.065541896552938
16,13,9.777760190782613
16,14,6.63504916867755
16,15,3.8447225479582587
16,17,3.8585948544352955
16,18,6.861787555889511
16,19,9.818512375010847
16,20,13.493945420530135
16,21,14.206659773317577
16,22,11.987371293521452
16,23,9.98788941427977
16,24,6.254304481515399
16,25,5.57586119213082
16,26,4.840452674258926
16,27,7.9459176662472135
16,28,10.191541214760361
16,29,13.775110023197593
16,30,16.63841024271117
16,31,19.205335076663484
16,32,22.016294103236955
16,33,24.955634471201392
16,34,24.298186346272622
16,35,24.558040500498453
16,36,23.561728635051228
16,37,22.04921489211431
16,38,19.741216005214085
16,39,16.29604653347861
16,40,16.61313786540246
16,41,13.865408568443398
16,42,14.348820651743194
16,43,12.973595748197287
16,44,15.414407195389874
16,45,16.840340317596773
16,46,16.919884144583506
16,47,20.34983941331657
16,48,19.183842295827016
16,49,22.115446596458387
16,50,20.796350222830174
16,51,18.545815129986536
16,52,16.810633980874712
16,53,14.492826876628952
16,54,15.238184724523041
16,55,13.941348360582086
16,56,14.383876834372954
16,57,14.506290705572487
16,58,18.087298580824154
16,59,18.630295226932958
16,60,15.981487423929272
16,61,18.289831081699848
16,62,18.435100634858756
16,63,21.100461995953033
16,64,21.610270133493803
16,65,20.78186826985249
16,66,19.629106222059093
16,67,17.60742457913709
16,68,13.800446315791753
16,69,13.012310532791059
16,70,10.709679021749576
16,71,9.603455787851463
16,72,9.448067204015132
16,73,10.276598526570792
16,74,11.964924313137105
16,75,11.267826391051386
16,76,14.392946086351392
16,77,15.113396632873062
16,78,14.835100401724016
16,79,13.510569592005206
16,80,12.368717230405325
16,81,11.388005160648754
16,82,9.270606307188713
16,83,11.978245757359543
16,84,12.29848230944472
16,85,15.675080250528369
16,86,19.049095576131435
16,87,20.355415504620275
16,88,21.051170911345416
16,89,17.792962496264217
16,90,15.675300518411428
16,91,11.980959276893708
16,92,11.563483792950048
16,93,8.295524999066616
16,94,9.029924747437919
16,95,7.98336261871475
16,96,10.536310598350143
16,97,11.457883870256218
16,98,14.537617520039348
17,1,28.05469245395409
17,2,29.826612161623704
17,3,28.06004747453642
17,4,27.91326130384026
17,5,24.851397625174734
17,6,23.757084849957202
17,7,25.679488123173922
17,8,24.227464464198473
17,9,21.278906565604125
17,10,17.655860592073967
17,11,15.89426665149153
17,12,12.193598966835031
17,13,11.889173937428774
17,14,8.14975247014429
17,15,6.387171228316133
17,16,3.8585948544352955
17,18,3.826574006377734
17,19,6.580347271806095
17,20,10.074157429504858
17,21,11.500292402793228
17,22,9.693080339688452
17,23,8.475849532859055
17,24,5.5245974732562715
17,25,5.381694602833676
17,26,6.7814903697595
17,27,9.806609778379256
17,28,12.87130342867106
17,29,16.331863433349703
17,30,19.488596855242587
17,31,22.239487858896158
17,32,25.155457348550573
17,33,27.91678263024052
17,34,27.138023035683926
17,35,26.99860261306327
17,36,25.737995337394512
17,37,24.500317281667474
17,38,22.13860573670427
17,39,18.986622851875698
17,40,19.596961657049658
17,41,16.652999005242158
17,42,16.9794578517486
17,43,15.30554655330435
17,44,17.815930272215397
17,45,18.970086993214412
17,46,19.349775312440787
17,47,22.957156122420148
17,48,22.016851173508808
17,49,24.654860720673973
17,50,22.951711791766378
17,51,20.608161652922114
17,52,18.290912183719325
17,53,15.53273315087415
17,54,16.04071436508724
17,55,14.873782692103811
17,56,14.436540513821463
17,57,14.997506727763685
17,58,18.771859996439126
17,59,20.024063472559046
17,60,17.627972758399828
17,61,20.167643916352826
17,62,20.530421450486237
17,63,22.753293214801168
17,64,23.409323714090274
17,65,23.046479512534077
17,66,21.6555709432906
17,67,19.17885905224263
17,68,15.436194885093418
17,69,14.565752352002585
17,70,11.616527339610473
17,71,10.857259496592347
17,72,9.666379779478055
17,73,10.740261121967077
17,74,11.824636526168389
17,75,11.827941882589498
17,76,14.775235144612193
17,77,14.911888747999944
17,78,15.103895665201717
17,79,14.71167075021008
17,80,14.274987529058704
17,81,14.1692101503881
17,82,12.322173517061557
17,83,15.374777390191717
17,84,15.771394396391948
17,85,19.178260633142916
17,86,22.648683761680367
17,87,24.128559952989065
17,88,24.890627835662883
17,89,21.62928758214992
17,90,19.483901414216376
17,91,15.821805636370065
17,92,15.244861970904179
17,93,11.81329802640748
17,94,11.72530809767694
17,95,9.631997699038582
17,96,10.950677232602267
17,97,10.846088118314142
17,98,13.19287648048765
18,1,28.607667831491227
18,2,30.532090348283862
18,3,29.207938157855164
18,4,29.214520610953954
18,5,26.319704958339482
18,6,25.729889201890447
18,7,27.849504781058933
18,8,26.808821737512524
18,9,24.095786882459166
18,10,20.574636786485453
18,11,19.227847190946
18,12,15.641992278384226
18,13,15.476798155211402
18,14,11.776640699702886
18,15,10.073979672704736
18,16,6.861787555889511
18,17,3.826574006377734
18,19,3.844080882025128
18,20,6.9078267338188715
18,21,8.043105046980537
18,22,5.980863647874378
18,23,5.720377700581438
