1,2,3.8739331820963674
1,3,6.755699124691351
1,4,9.859085096364707
1,5,12.589066945946199
1,6,15.499706614869687
1,7,18.237097907572966
1,8,20.37983963631766
1,9,20.864111297171657
1,10,24.11469934436321
1,11,25.334333298704067
1,12,26.241106964168814
1,13,27.188915177817332
1,14,28.45887637600755
1,15,27.805794626199898
1,16,29.72342705307472
1,17,30.35953097602068
1,18,29.967870540727613
1,19,32.636143594450836
1,20,30.4071667570575
1,21,30.497133316495187
1,22,26.80000796497485
1,23,26.031200613342303
1,24,24.466483296545817
1,25,23.611942767849786
1,26,22.640929211526437
1,27,21.237155050865493
1,28,20.907987871139525
1,29,18.825588758565083
1,30,20.952350381969854
1,31,19.4250768396528
1,32,16.99031462341332
1,33,13.512860504378237
1,34,12.517502758199711
1,35,10.27364042975753
1,36,9.075546585876909
1,37,9.008466392890568
1,38,12.724028816299686
1,39,14.0340559869183
1,40,16.30925872808491
1,41,18.742131160511367
1,42,22.263661623253405
1,43,24.847726412686423
1,44,28.553960158892476
1,45,30.965960952283876
1,46,31.291721046074016
1,47,27.5214617647232
1,48,27.722048453008842
1,49,25.857316019322848
1,50,22.643774578056853
1,51,23.90496247378289
1,52,23.30515312062788
1,53,20.12696208118812
1,54,17.70597301266085
1,55,18.60243765099157
1,56,16.1511149678936
1,57,13.064380204353034
1,58,10.03174731064196
1,59,12.147843988652834
1,60,10.743178463255802
1,61,13.266029323762025
1,62,13.87817759032096
1,63,17.533184939612344
1,64,20.0214261963697
1,65,22.624258306688596
1,66,21.68399402144541
1,67,21.24854877893391
1,68,18.319223202459913
1,69,19.673581551438392
1,70,18.89178087303009
1,71,20.790161925928764
1,72,21.36319534300373
1,73,23.95152529493698
1,74,25.564260422658734
1,75,28.00686829127521
1,76,31.734832521852137
1,77,33.527604571302675
1,78,32.30375459881214
1,79,28.759188743562365
1,80,26.744592167575618
1,81,23.824782756796985
1,82,21.858326413723248
1,83,19.406716083673135
1,84,17.844890116718073
1,85,18.49318131485014
1,86,22.08867271755825
1,87,24.515405682156892
1,88,23.58027703854983
1,89,22.480223512274858
1,90,23.914855019964467
1,91,25.907959883144564
1,92,27.388958024207973
1,93,30.085468635302664
1,94,30.20702827306271
1,95,32.85864135884864
1,96,32.41366455852129
1,97,35.86139646640255
1,98,36.750549555984065
1,99,36.0709528431984
1,100,34.874889043816125
2,1,3.8739331820963674
2,3,3.7706143591696413
2,4,6.692210662300085
2,5,8.902187524705315
2,6,11.865462855980782
2,7,14.453598868171184
2,8,16.71506486234236
2,9,17.410538826876024
2,10,20.750012283618744
2,11,22.30564040489908
2,12,23.338570557220887
2,13,24.660470682660314
2,14,25.988358707005233
2,15,25.73573881807931
2,16,27.96905688778367
2,17,29.03506342688336
2,18,28.99931416659786
2,19,31.979980090114054
2,20,30.07615816626534
2,21,29.87013264140518
2,22,26.066176399549583
2,23,24.767141408860667
2,24,22.920564661634735
2,25,21.531882690365414
2,26,20.221990458784745
2,27,18.356534812664663
2,28,17.689944032758923
2,29,15.2864684570016
2,30,17.18807092968699
2,31,15.56010459016509
2,32,13.19203978524153
2,33,9.810672352824142
2,34,8.919694571274707
2,35,7.101904182345319
2,36,5.40408589785691
2,37,6.172289454604756
2,38,9.931704433696062
2,39,11.540277458001702
2,40,14.359753665235125
2,41,17.24739529441407
2,42,20.921952491920408
2,43,23.510383533195952
2,44,27.283161001917158
2,45,29.311625469128444
2,46,29.720418999344922
2,47,25.91921839131472
2,48,26.582255982712322
2,49,25.0749193343765
2,50,21.906696963647025
2,51,23.35161947658432
2,52,22.89316983832653
2,53,19.92575028926704
2,54,17.253481763565834
2,55,18.478873137961852
2,56,15.69343303818572
2,57,13.296843305879916
2,58,9.676259649926912
2,59,10.584010570865718
2,60,8.441165477143807
2,61,10.274384592357844
2,62,11.370462482710803
2,63,14.755090592122219
2,64,16.83209783570755
2,65,19.357994768166474
2,66,18.792736310671042
2,67,18.509669634813925
2,68,15.931697192798316
2,69,17.81041927948045
2,70,17.268057112231094
2,71,19.72352457937624
2,72,20.518424294737265
2,73,23.451139836605783
2,74,24.722994244020157
2,75,27.394858280548263
2,76,31.056773406138145
2,77,32.47721593409084
2,78,30.892749909949604
2,79,27.267629413995067
2,80,24.865440870656013
2,81,21.849651495051084
2,82,19.56879396358644
2,83,16.739909023976896
2,84,14.76791914559475
2,85,15.42064275049553
2,86,18.963517593468573
2,87,21.193499461476744
2,88,20.124656918493237
2,89,19.36332872589004
2,90,20.95123463394939
2,91,23.287473626390646
2,92,24.960163778799966
2,93,27.94391893593437
2,94,28.42569388884697
2,95,31.374594465645494
2,96,31.325215102842684
2,97,34.93640348634563
2,98,36.207973097227196
2,99,35.80547740131044
2,100,35.01331343530952
3,1,6.755699124691351
3,2,3.7706143591696413
3,4,3.888794315129613
3,5,6.716311877333041
3,6,8.964156210300562
3,7,12.119411803058735
3,8,14.634150717183083
3,9,15.912235210415203
3,10,19.53256478215226
3,11,21.372405128077318
3,12,22.97488922603172
3,13,24.4536501774843
3,14,25.372498867039788
3,15,25.194205556056577
3,16,27.827952858804252
3,17,29.035607724429486
3,18,29.480275193266966
3,19,32.61406543940251
3,20,30.72098649140495
3,21,30.04307384229545
3,22,26.274518156841193
3,23,24.722382727828126
3,24,23.100170789385835
3,25,21.37990686007885
3,26,20.24874776458455
3,27,17.917578419056316
3,28,17.326034874761582
3,29,14.545854032757665
3,30,15.971806621691073
3,31,14.060058324944137
3,32,12.053361004759106
3,33,8.904288987813933
3,34,9.158856413670122
3,35,8.545507577224807
3,36,5.590217114987982
3,37,5.977083703387922
3,38,9.011416407074403
3,39,9.587804675391293
3,40,12.901509964484987
3,41,15.594899568465404
3,42,19.38768232199005
3,43,21.552009693182878
3,44,25.277450596205973
3,45,27.057027331113627
3,46,27.15705133513678
3,47,23.320551426137243
3,48,24.023519467087706
3,49,22.944523288429735
3,50,20.086589058702085
3,51,22.03957116365387
3,52,22.146375778474454
3,53,19.65112241535965
3,54,17.340696976425964
3,55,19.269729491195104
3,56,16.809668876845123
3,57,14.91248449349046
3,58,11.098545645331415
3,59,11.573843749655573
3,60,9.776187909940639
3,61,11.100974461718822
3,62,13.123927087903922
3,63,16.045798240617717
3,64,17.45667078400802
3,65,19.603476031583885
3,66,19.47113533576029
3,67,18.969872193679652
3,68,16.621896542244876
3,69,18.574731311376127
3,70,17.64229762122072
3,71,20.19137976379933
3,72,20.552251514572504
3,73,23.382115882488247
3,74,24.06759826051913
3,75,26.53194485149846
3,76,30.19721668534415
3,77,31.270961310782873
3,78,29.366209341611178
3,79,25.643545100663747
3,80,23.00990033055539
3,81,20.300250291899754
3,82,17.55689864283217
3,83,14.863298114687924
3,84,12.40276618691887
3,85,12.338027529757825
3,86,15.716281809220973
3,87,18.034612120439935
3,88,17.426083698889553
3,89,16.729999104513553
3,90,18.815080293227588
3,91,21.118883080548716
3,92,23.24252548348481
3,93,26.28567881083455
3,94,27.17436737335389
3,95,30.247725836611462
3,96,30.573742183356746
3,97,34.28267702849262
3,98,35.68586295870882
3,99,35.20251999474353
3,100,34.60492768082142
4,1,9.859085096364707
4,2,6.692210662300085
4,3,3.888794315129613
4,5,3.836493855782233
4,6,6.338414956300344
4,7,9.273143115181492
4,8,11.27319014844254
4,9,12.447521858938366
4,10,16.12055236639697
4,11,17.9133948422903
4,12,19.856344832071496
4,13,21.319498691757147
4,14,21.963078016592352
4,15,21.867876514253293
4,16,24.740612731324624
4,17,26.13633313480027
4,18,26.951315437817506
4,19,30.245653719239066
4,20,28.547275033624487
4,21,27.525408749490875
4,22,23.788703544370232
4,23,21.903531026327876
4,24,20.329449808191676
4,25,18.326428275330105
4,26,17.33766031340882
4,27,14.791632787039434
4,28,14.507674585555348
4,29,11.839373872704885
4,30,13.373268884589642
4,31,11.994252435238826
4,32,10.998093033990406
4,33,8.867505708805513
4,34,8.902802242152786
4,35,8.97256440859141
4,36,5.241827105695845
4,37,4.391653743195776
4,38,5.931016161811899
4,39,6.028617167226501
4,40,9.646604501615633
4,41,12.544414391664906
4,42,16.31379741138651
4,43,18.4679988184056
4,44,22.185220345296987
4,45,23.69890394413401
4,46,23.985493878062773
4,47,20.19396283653377
4,48,21.329019202102938
4,49,20.43525466572659
4,50,17.606738963720268
4,51,19.562096181409213
4,52,19.77664471401311
4,53,17.622381471576762
4,54,15.338130582225622
4,55,17.648503419891288
4,56,15.322579583062831
4,57,14.25515347835584
4,58,10.4971630641782
4,59,10.042741803473248
4,60,8.76626641051572
4,61,9.73087142886225
4,62,12.698025492692377
4,63,15.194414552359012
4,64,16.246119987560597
4,65,17.714998551625204
4,66,17.581822340103813
4,67,16.624641078078245
4,68,14.415362970093451
4,69,16.30494935423227
4,70,15.14826715654093
4,71,17.852634801493785
4,72,18.106393483387468
4,73,21.02029213865494
4,74,21.313061598665357
4,75,23.86322891673254
4,76,27.407964887256007
4,77,28.181302623345687
4,78,26.05252022778939
4,79,22.324807651387488
4,80,19.483347620571568
4,81,16.77207844762552
4,82,13.871728474606243
4,83,11.068367924746195
4,84,8.516353409184719
4,85,8.737843097228124
4,86,12.319688267328228
4,87,14.67654242754453
4,88,13.8228044939619
4,89,12.902318031766127
4,90,14.929238742065987
4,91,17.274711682085364
4,92,19.469853597082214
4,93,22.601366776117583
4,94,23.697137010723605
4,95,26.90962786312297
4,96,27.520064003105034
4,97,31.300153632650126
4,98,32.95430806055344
4,99,32.66865519779947
4,100,32.417712735817055
5,1,12.589066945946199
5,2,8.902187524705315
5,3,6.716311877333041
5,4,3.836493855782233
5,6,3.828453098267482
5,7,5.770719792122124
5,8,7.960403488954636
5,9,9.446120945192396
5,10,13.143438545861791
5,11,15.46625449429036
5,12,17.342967614406398
5,13,19.350448262205422
5,14,20.26375779373352
5,15,20.81385076893988
5,16,23.866739520055585
5,17,25.774005098712106
5,18,26.802874184594035
5,19,30.317243490891283
5,20,29.08455951439782
5,21,27.975964427300667
5,22,24.238416994191436
5,23,21.84541365906285
5,24,19.829587937676912
5,25,17.25690357593236
5,26,15.667665566256249
5,27,12.599034118842413
5,28,11.621290709043206
5,29,8.48626956225072
5,30,9.597107292406825
5,31,8.207698198263886
5,32,7.691793679421634
5,33,6.603551496128398
5,34,6.729379074602427
5,35,7.961296440761615
5,36,4.91919321660756
5,37,5.652083046544049
5,38,5.769367920980269
5,39,6.836783577965698
5,40,10.456476084104882
5,41,13.768388352409115
5,42,17.301165026500897
5,43,19.50799077540365
5,44,23.12582484338831
5,45,24.12246268622936
5,46,24.677142591515643
5,47,21.038420731495805
5,48,22.77117771927747
5,49,22.21418172970532
5,50,19.494104273450596
5,51,21.292713159388793
5,52,21.382081271961578
5,53,19.40204657881284
5,54,16.839775912409337
5,55,18.963563889933628
5,56,16.314874120502015
5,57,15.898678934110269
5,58,12.28810365778472
5,59,10.589742451221987
5,60,8.654509153677513
5,61,8.035453812389953
5,62,11.201689358998571
5,63,12.868405586170141
5,64,13.22315609377679
5,65,14.468654851675886
5,66,14.872060061003468
5,67,14.289129195265796
5,68,12.847608527505319
5,69,15.3688006955536
5,70,14.874736391104118
5,71,18.097815365718798
5,72,18.85709405108741
5,73,22.075747146690205
5,74,22.207593808730465
5,75,25.040317398099667
5,76,28.348501594736344
5,77,28.774635074600962
5,78,26.37426039775703
5,79,22.7331000596338
5,80,19.544247534569077
5,81,16.684114555288104
5,82,13.676437926416877
5,83,10.285336129450453
5,84,7.195656489640343
5,85,7.813873582648067
5,86,11.053703986722597
5,87,12.798436218223241
5,88,11.37333708656298
5,89,11.27556761516537
5,90,13.304615853659524
5,91,16.27443103076586
5,92,18.498589712386366
5,93,21.975254198735968
5,94,23.400644314198733
5,95,26.883190904954887
5,96,27.841895689295036
5,97,31.677026625429857
5,98,33.72059633606281
5,99,33.83572820399925
5,100,33.9763051170896
6,1,15.499706614869687
6,2,11.865462855980782
6,3,8.964156210300562
6,4,6.338414956300344
6,5,3.828453098267482
6,7,3.814604848182214
6,8,6.9537977274059415
6,9,9.770841939976487
6,10,13.468899418721463
6,11,16.309955245317568
6,12,18.649786018652378
6,13,20.960501630796987
6,14,21.533754199420454
6,15,22.367038703819848
6,16,25.7346890649903
6,17,27.838895487109834
6,18,29.274016722126568
6,19,32.865993645429455
6,20,31.739649490836364
6,21,30.28301035377419
6,22,26.674400006667604
6,23,24.069962261816766
6,24,22.228938623927455
6,25,19.361688086302248
6,26,17.832780558669207
6,27,14.385858183464178
6,28,13.200428188494397
6,29,9.775868702657153
6,30,9.463284338490457
6,31,7.374340720467325
6,32,7.5054787609217035
6,33,7.389274369638362
6,34,9.063487606352227
6,35,11.05677456572921
6,36,8.462364613245269
6,37,9.344789696798879
6,38,8.90561755268237
6,39,8.729827768431788
6,40,12.300195517089868
6,41,15.106359537473159
6,42,18.468365455701512
6,43,20.054441043170375
6,44,23.44338211317687
6,45,23.95512468340556
6,46,24.130139708656124
6,47,20.592913274066422
6,48,22.461029580278293
6,49,22.555281969098466
6,50,20.352987177600696
6,51,22.60599401063743
6,52,23.233379206534277
6,53,21.752489901972783
6,54,19.57708065468606
6,55,22.053326563024353
6,56,19.674464217803546
6,57,19.459869091680932
6,58,15.88917719864731
6,59,14.196586641598763
6,60,12.429163948221591
6,61,11.35664790934547
6,62,14.396999778425965
6,63,15.431536171506485
6,64,14.940412389802605
6,65,15.861122424406712
6,66,16.988194221859185
6,67,16.586209076212054
6,68,15.739852301970952
6,69,18.316288253207116
6,70,17.743556289868998
6,71,20.931292736922284
6,72,21.39930635278779
6,73,24.436061583991467
6,74,24.032955363359786
6,75,26.60590995414097
6,76,29.792646594893842
6,77,29.792243304458953
6,78,27.037832958213606
6,79,23.415592100609402
6,80,19.972654334159174
6,81,17.611873306215664
6,82,14.158594821629316
6,83,11.099784087067611
6,84,7.349552673804044
6,85,6.29187493132693
6,86,8.571039985063221
6,87,9.983906482276112
6,88,9.331236850599865
6,89,10.10056664627773
6,90,12.977174899695013
6,91,16.022154079601005
6,92,18.810118472497777
6,93,22.346398331452615
6,94,24.31455993852313
6,95,27.89988218167765
6,96,29.299924977963
6,97,33.153812655375894
6,98,35.34977520356228
6,99,35.43993513076571
6,100,35.791588882608224
7,1,18.237097907572966
7,2,14.453598868171184
7,3,12.119411803058735
7,4,9.273143115181492
7,5,5.770719792122124
7,6,3.814604848182214
7,8,3.7675430828983107
7,9,7.038360418789234
7,10,10.41308015230388
7,11,13.689111724319664
7,12,15.94164112429393
7,13,18.665158779107283
7,14,19.414944251655545
7,15,20.829157914205105
7,16,24.25988129296147
7,17,26.77534708659688
7,18,28.390737844531877
7,19,32.10927942281152
7,20,31.42772164674202
7,21,29.908312947790296
7,22,26.387037256825273
7,23,23.399733170227293
7,24,21.25327736970681
7,25,17.994393267615713
7,26,16.060369883738414
7,27,12.33913930126597
7,28,10.655591029191825
7,29,7.208805093683538
7,30,6.005504393099742
7,31,4.52367478343469
7,32,6.502008568838294
7,33,8.217404144301376
7,34,9.331381126183974
7,35,11.8037937072231
7,36,9.989745145963788
7,37,11.057370602300617
7,38,9.708399450682494
7,39,10.149537235385864
7,40,13.161313159197046
7,41,16.131369151041316
7,42,19.095758238002983
7,43,20.78762755255407
7,44,23.999542002407537
7,45,24.074726495264382
7,46,24.650764013889017
7,47,21.38358833338042
7,48,23.782871796411367
7,49,24.009585940710025
7,50,21.838272242580206
7,51,23.751273790564046
7,52,24.14621082219412
7,53,22.81421207409238
7,54,20.454888869969835
7,55,22.703898182824215
7,56,20.19713707508511
7,57,20.57916485261492
7,58,17.295016985916945
7,59,14.819633171228979
7,60,13.008925777405409
7,61,10.990939687511732
7,62,13.979807066646567
7,63,14.088853799438779
7,64,12.861745422347278
7,65,13.11895777295408
7,66,14.697366325202754
7,67,14.495441209945062
7,68,14.476639378024474
7,69,17.31624778159853
7,70,17.265764775431187
7,71,20.69708282984697
7,72,21.55595593391963
7,73,24.761002000382202
7,74,24.255014442259984
7,75,27.057134944217296
7,76,29.956499039354586
7,77,29.674141594597515
7,78,26.771103914692876
7,79,23.344153026623843
7,80,19.73539695478703
7,81,17.280582243527522
7,82,14.050743420238593
7,83,10.747104882307669
7,84,7.300183491077518
7,85,7.229065730698099
7,86,8.667655560810452
7,87,9.056821655080961
7,88,7.318076711270955
7,89,9.067112642581426
7,90,11.492015470266363
7,91,14.996472300201676
7,92,17.570261176779184
7,93,21.30261821705956
7,94,23.467392580305766
7,95,27.20613821606439
7,96,28.866200487620933
7,97,32.695231680207435
7,98,35.221777032988655
7,99,35.711046818556554
7,100,36.42325743002838
8,1,20.37983963631766
8,2,16.71506486234236
8,3,14.634150717183083
8,4,11.27319014844254
8,5,7.960403488954636
8,6,6.9537977274059415
8,7,3.7675430828983107
8,9,3.740373307741703
8,10,6.902883488055838
8,11,10.190695812364622
8,12,12.768741769367317
8,13,15.467902914994005
8,14,15.987463379454304
8,15,17.64880510750523
8,16,21.174193384564582
8,17,23.89909218646744
8,18,25.78223617651042
8,19,29.54993222274541
8,20,29.16409086277361
8,21,27.45565897750265
8,22,24.10402837982322
8,23,20.85574998410028
8,24,18.71868592232216
8,25,15.243615178181448
8,26,13.419651203454103
8,27,9.642963856325965
8,28,8.409950211643938
8,29,5.929223730758554
8,30,5.122320162783187
8,31,6.196654567806802
8,32,9.244279944832318
8,33,11.343710218820164
8,34,11.490242812566029
8,35,13.656126308970007
8,36,11.892433153571535
8,37,12.158286041362862
8,38,9.700467955983603
8,39,10.070546520187687
8,40,12.164095081082065
8,41,14.981661406892595
8,42,17.41827088497669
8,43,19.152358008793662
8,44,22.14748630225993
8,45,21.920859308170943
8,46,22.936051300815226
8,47,19.95308564379963
8,48,22.782632582188086
8,49,23.01678048498361
8,50,20.89400562297703
8,51,22.42903232992159
8,52,22.667006130128705
8,53,21.642678482818347
8,54,19.356782902560006
8,55,21.55380819362591
8,56,19.27344715891082
8,57,20.34512404434439
8,58,17.524056627913605
8,59,14.570478953369749
8,60,13.440565526934337
8,61,11.348021818132619
8,62,14.583278995034226
8,63,14.27028474529411
8,64,12.926399242495599
8,65,12.100715610059854
8,66,13.391454109346995
8,67,12.595805299215469
8,68,12.97716840680263
8,69,15.50606039868376
8,70,15.470654143758628
8,71,18.835511437375295
8,72,19.745030103151446
8,73,22.910570005883525
8,74,22.17392945853864
8,75,25.06200133585348
8,76,27.667198503724038
8,77,27.139095820552047
8,78,24.159698104641937
8,79,20.938831095500696
8,80,17.286555148213257
8,81,14.830077859948911
8,82,11.934561616934642
8,83,8.707577850264814
8,84,6.1553898639839595
8,85,7.326010132866598
8,86,8.342474245333847
8,87,8.276116154567756
8,88,5.162529801421182
8,89,6.852630087294871
8,90,8.427829477794843
8,91,12.141373869916398
8,92,14.42806314294929
8,93,18.224557083149023
8,94,20.4894037428435
8,95,24.287986938081442
8,96,26.15161855706205
8,97,29.926672019703165
8,98,32.68243818644965
8,99,33.463676446308135
8,100,34.497291344201784
9,1,20.864111297171657
9,2,17.410538826876024
9,3,15.912235210415203
9,4,12.447521858938366
9,5,9.446120945192396
9,6,9.770841939976487
9,7,7.038360418789234
9,8,3.740373307741703
9,10,3.7931982273105174
9,11,6.661794447796543
9,12,9.179680041144891
9,13,11.750307816298585
9,14,12.46072997815815
9,15,14.253271936973045
9,16,17.65539436110777
9,17,20.51087245733699
9,18,22.3418294013666
9,19,26.134622050788607
9,20,25.9845736518205
9,21,24.371846930219338
9,22,21.071506243406436
9,23,17.678356794343017
9,24,15.315576819219894
9,25,11.724110308650294
9,26,9.773359529147001
9,27,6.0138734163651115
9,28,5.405073779998914
9,29,4.604938582655677
9,30,5.73024742236268
9,31,8.390342519875706
9,32,11.302998661977986
9,33,13.233888706001652
9,34,12.283954411147898
9,35,13.901673687241754
9,36,12.38833433497398
9,37,12.064395467155393
9,38,8.983389882305026
9,39,9.959350756356242
9,40,11.081544326361435
9,41,14.003098359427181
9,42,16.027042627609422
9,43,18.213667225280407
9,44,21.15421788268238
9,45,21.03635201277187
9,46,22.643278575430312
9,47,19.839952739810823
9,48,22.840413125752548
9,49,22.662222422229366
9,50,20.277551138255202
9,51,21.18611731896476
9,52,20.91076950392431
9,53,19.829930563898593
9,54,17.362719316046704
9,55,19.198607193128367
9,56,16.948762483236596
9,57,18.568376946261903
9,58,16.274108781669213
9,59,12.891800696496162
9,60,12.329020796707189
9,61,10.295108891117543
9,62,13.550574203588226
9,63,13.071933222207731
9,64,12.10554901892111
9,65,10.558735750768381
9,66,11.03418499177883
9,67,9.51676946138377
9,68,10.060344625130373
9,69,12.30933091183309
9,70,12.503199895044071
9,71,15.882093154313939
9,72,17.13415807536515
9,73,20.407517963898954
9,74,19.861792382055018
9,75,23.023289071624887
9,76,25.441228716640246
9,77,25.01184355824307
9,78,22.24139176426077
9,79,19.20882746312062
9,80,15.747294539967907
9,81,12.89359442526133
9,82,10.768039424603451
9,83,7.44832179040005
9,84,6.544084115467105
9,85,9.253629110228742
9,86,10.6951003216476
9,87,10.810771053025798
9,88,7.147438319338859
9,89,7.502213999602857
9,90,7.239039608240136
9,91,10.909222478879988
9,92,12.312504318688278
9,93,16.112865484046353
9,94,18.007269548451315
9,95,21.79260298558567
9,96,23.50335915851708
9,97,27.220992053137195
9,98,30.082128649837106
9,99,31.150437353606932
9,100,32.31272553210211
10,1,24.11469934436321
10,2,20.750012283618744
10,3,19.53256478215226
10,4,16.12055236639697
10,5,13.143438545861791
10,6,13.468899418721463
10,7,10.41308015230388
10,8,6.902883488055838
10,9,3.7931982273105174
10,11,3.8269156784501064
10,12,6.230731337159912
10,13,9.212130799092403
10,14,10.067649847146122
10,15,12.678216993458841
10,16,15.935145366109056
10,17,19.206908461820948
10,18,21.225489087813994
10,19,25.020702921624153
10,20,25.42406765915671
10,21,23.77348821965586
10,22,20.779451609080994
10,23,17.117029264380843
10,24,14.583242152721095
10,25,10.805038431260183
10,26,8.653710848065922
10,27,5.455107300394439
10,28,5.158928014771515
10,29,6.531839961393127
10,30,7.3316403418887885
10,31,10.821243936224922
10,32,14.030395051004138
10,33,16.36994856249668
10,34,15.117187558139948
10,35,16.649842925422238
10,36,15.62225964709607
10,37,15.26798772291098
10,38,12.061877919974425
10,39,13.168443060686268
10,40,13.51015536368847
10,41,16.08427249251606
10,42,17.407103318145893
10,43,19.57046536478528
10,44,22.113087243431853
10,45,21.620204881317072
10,46,23.670178330589582
10,47,21.320989068989427
10,48,24.616568039974677
10,49,24.46646975503108
10,50,22.204784454524066
10,51,22.64775917306457
10,52,22.09696926008395
10,53,21.265736518270664
10,54,18.85057370808475
10,55,20.300889452112393
10,56,18.217211420904516
10,57,20.392498446901218
10,58,18.637603436043968
10,59,14.992415125601523
10,60,14.738395026716741
10,61,12.501733241202258
10,62,15.267088454795608
10,63,14.06710635872056
10,64,12.76491639483862
10,65,10.144711369117676
10,66,10.496533552845555
10,67,8.810297616571738
10,68,10.441105069042075
10,69,12.308856962262466
10,70,13.037996561692392
10,71,16.199148666596024
10,72,17.758122558456318
10,73,20.92953945330791
10,74,20.303977816996873
10,75,23.544095728167804
10,76,25.49551203036372
10,77,24.802156559770825
10,78,22.0639669808562
10,79,19.489161512828872
10,80,16.21824307375513
10,81,13.524280194391777
10,82,12.259768440524358
10,83,9.615536975598891
10,84,9.813290950261017
10,85,12.566529219844378
10,86,13.410119966891608
10,87,12.961113412406762
10,88,9.13081520583794
10,89,9.603604261440726
10,90,8.041117774996069
10,91,11.292880854340554
10,92,11.802900436305935
10,93,15.42072834372897
10,94,17.2829141206506
10,95,21.0107042476549
10,96,22.90445871307055
10,97,26.428973876508955
10,98,29.579611823654467
10,99,31.08853367831184
10,100,32.614748289698994
11,1,25.334333298704067
11,2,22.30564040489908
11,3,21.372405128077318
11,4,17.9133948422903
11,5,15.46625449429036
11,6,16.309955245317568
11,7,13.689111724319664
11,8,10.190695812364622
11,9,6.661794447796543
11,10,3.8269156784501064
11,12,3.835386720047204
11,13,5.719357852586864
11,14,6.2530146879614685
11,15,9.055891865184064
11,16,12.201271264832872
11,17,15.589493093046157
11,18,17.73206844846534
11,19,21.496040027032457
11,20,22.147971514752825
11,21,20.44939450403515
11,22,17.68921540985511
11,23,13.92430085276725
11,24,11.45067386122926
11,25,7.731525576627854
11,26,6.210219025939863
11,27,4.577628335145684
11,28,6.4812435596063525
11,29,9.187062564682224
11,30,10.885292639726961
11,31,14.37835815029168
11,32,17.319679000688577
11,33,19.285256815678203
11,34,17.552384617482158
11,35,18.554331705635345
11,36,17.457335699020067
11,37,16.43511832802074
11,38,12.970730961845854
11,39,13.99858279243823
11,40,13.297590283871715
11,41,15.440265618154843
11,42,16.0650983526225
11,43,18.41586559457813
11,44,20.689865302307062
11,45,20.27695762892947
11,46,22.831368535226247
11,47,20.7984748392913
11,48,24.13354193181778
11,49,23.656467742269367
11,50,21.33823013825875
11,51,21.15965645754096
11,52,20.21216197728942
11,53,19.571886785752536
11,54,17.309067494226657
11,55,18.445480424900314
11,56,16.785330677982266
11,57,19.523926246301524
11,58,18.461328577735678
11,59,14.841977833826885
11,60,15.441846620949395
11,61,13.817298905632995
11,62,16.495032638818984
11,63,15.518827407104425
11,64,14.858148150096135
11,65,12.007429692953004
11,66,11.221799815244188
11,67,8.516034173903304
11,68,9.872531005760514
11,69,10.597463021585558
11,70,11.180401621349427
11,71,13.826892607086117
11,72,15.445132480773815
11,73,18.42377278463962
11,74,17.82390284007391
11,75,21.143287598858368
11,76,22.76610683014418
11,77,22.102193006872533
11,78,19.633955531487068
11,79,17.416686958954784
11,80,14.575498337100278
11,81,11.829205505318134
11,82,11.678113278769763
11,83,9.769633280685225
11,84,11.328497666627312
11,85,14.54524061161023
11,86,15.574766238497697
11,87,15.41581200487775
11,88,11.706432081236294
11,89,11.107228552723537
11,90,8.31015692675824
11,91,10.583569119345462
11,92,9.853053487630387
11,93,13.082779250814385
11,94,14.438173065601628
11,95,18.01059815064091
11,96,19.771512732218504
11,97,23.156357558440213
11,98,26.3962630691495
11,99,28.174092390371438
11,100,29.872953015724338
12,1,26.241106964168814
12,2,23.338570557220887
12,3,22.97488922603172
12,4,19.856344832071496
12,5,17.342967614406398
12,6,18.649786018652378
12,7,15.94164112429393
12,8,12.768741769367317
12,9,9.179680041144891
12,10,6.230731337159912
12,11,3.835386720047204
12,13,3.8329985477333843
12,14,6.545364513499686
12,15,9.717495779846434
12,16,11.860139515784553
12,17,15.413413519847072
12,18,16.98840043865827
12,19,20.6630376252079
12,20,21.761093861989675
12,21,20.60892400767055
12,22,17.947697593084857
12,23,14.299319723259927
12,24,11.211922305535584
12,25,7.8465804160360335
12,26,5.264569724294753
12,27,5.214925908841986
12,28,6.410445340023958
12,29,10.0290265441929
12,30,12.011384928408264
12,31,15.698229327285942
12,32,18.348852057533673
12,33,20.338144849600233
12,34,18.091711321689516
12,35,18.835196301733443
12,36,18.43961374014199
12,37,17.720913929093353
12,38,14.64734748360881
12,39,16.435492669785162
12,40,15.74548063685528
12,41,18.128878830744792
12,42,18.737916239574602
12,43,21.427155562475075
12,44,23.702851293594154
12,45,23.496100892788625
12,46,26.255318164711674
12,47,24.263326912768324
12,48,27.495011317971823
12,49,26.71125644106766
12,50,24.153091390229527
12,51,23.588054677197697
12,52,22.117467978133043
12,53,21.107363766290135
12,54,18.501738607229743
12,55,18.87775391876033
12,56,16.930683850884453
12,57,19.77447729882189
12,58,19.100921024339318
12,59,15.316476631843212
12,60,15.741248394636246
12,61,13.874638783905374
12,62,15.781651122022662
12,63,14.302453611614293
12,64,13.774989514281703
12,65,10.575299571629056
12,66,9.164269294089
12,67,6.588421311829952
12,68,8.907229218629748
12,69,9.588293457855105
12,70,11.345180823821341
12,71,13.960911699890918
12,72,16.346420451497455
12,73,19.449632311405267
12,74,19.46254729241596
12,75,23.004549876772955
12,76,24.464614872090138
12,77,24.090282908816807
12,78,22.034744729428557
12,79,20.08512746070285
12,80,17.62490807354449
12,81,14.69062843397553
12,82,14.978719886824058
12,83,12.904572936913606
12,84,14.377775786595016
12,85,17.766777019755327
12,86,19.077037119650196
12,87,18.912324665381036
12,88,15.119761404912161
12,89,14.767149284847456
12,90,12.097516608344119
12,91,14.236268550611644
12,92,13.006901855007705
12,93,15.817917468288051
12,94,16.531862186757543
12,95,19.783579816342947
12,96,21.112085072029828
12,97,24.25117282938956
12,98,27.469294016508915
12,99,29.5342059863747
12,100,31.19612828948106
13,1,27.188915177817332
13,2,24.660470682660314
13,3,24.4536501774843
13,4,21.319498691757147
13,5,19.350448262205422
13,6,20.960501630796987
13,7,18.665158779107283
13,8,15.467902914994005
13,9,11.750307816298585
13,10,9.212130799092403
13,11,5.719357852586864
13,12,3.8329985477333843
13,14,3.8194503531827646
13,15,6.581287097764862
13,16,8.126540539744246
13,17,11.717642319800186
13,18,13.339353576899935
13,19,16.967650602012387
13,20,18.273697051534924
13,21,17.109356890972496
13,22,14.737544697959958
13,23,11.133083029630335
13,24,8.21457777247325
13,25,5.497735372878778
13,26,4.600334099171331
13,27,6.7960639968156284
13,28,9.342898585906404
13,29,12.97042417014956
13,30,15.402754595395567
13,31,18.94900434651337
13,32,21.41692065751274
13,33,23.008899388451272
13,34,20.54095447196915
13,35,20.839505024326844
13,36,20.196366754813646
13,37,18.83838662027582
13,38,15.662668889128499
13,39,17.179469336370495
13,40,15.65784603473665
13,41,17.506742378777627
13,42,17.471688070960557
13,43,20.254421378707242
13,44,22.24505825030881
13,45,22.23209831224776
13,46,25.338122303640986
13,47,23.626522405863167
13,48,26.74656568432569
13,49,25.635435532142044
13,50,23.066078620357263
13,51,21.927921884715797
13,52,20.09057491683941
13,53,19.278218231161286
13,54,16.947445654728053
13,55,16.986981257210463
13,56,15.6356894562744
13,57,18.934193018889097
13,58,18.964261846473317
13,59,15.474023474965549
13,60,16.749774579617416
13,61,15.668349844600536
13,62,17.601896978311405
13,63,16.6580257797228
13,64,16.793620570209743
13,65,13.871155237952513
13,66,11.720513519161692
13,67,8.492481714863155
13,68,9.682731669237887
13,69,8.792898337343386
13,70,10.058551282970006
13,71,11.768106637786984
13,72,14.092817612832471
13,73,16.848379689548356
13,74,16.962770682836638
13,75,20.48573160088713
13,76,21.61924003245804
13,77,21.389166683184925
13,78,19.746092458912447
13,79,18.188061303086023
13,80,16.32529278645877
13,81,13.498881298817942
13,82,14.751482649618705
13,83,13.417625401231739
13,84,15.744569041695373
13,85,19.32546571193647
13,86,20.789887593670034
13,87,20.928048770748823
13,88,17.29048079182669
13,89,16.16911785542705
13,90,12.951622091344362
13,91,14.179695380804057
13,92,12.039325218415328
13,93,14.147269703820378
13,94,14.103766844918466
13,95,16.984356697613734
13,96,17.987559274543738
13,97,20.92521082177088
13,98,24.126303750420252
13,99,26.392038035372593
13,100,28.14663703279224
14,1,28.45887637600755
14,2,25.988358707005233
14,3,25.372498867039788
14,4,21.963078016592352
14,5,20.26375779373352
14,6,21.533754199420454
14,7,19.414944251655545
14,8,15.987463379454304
14,9,12.46072997815815
14,10,10.067649847146122
14,11,6.2530146879614685
14,12,6.545364513499686
14,13,3.8194503531827646
14,15,3.8341881487058798
14,16,6.403800199736335
14,17,10.028521585975987
14,18,12.61697976505297
14,19,16.18661133062308
14,20,17.38240920806844
14,21,15.488211265405367
14,22,13.479298507630618
14,23,9.729272655891537
14,24,7.99275480246752
14,25,5.648191577878984
14,26,6.878974111833009
14,27,8.534507778492634
14,28,11.642811268378804
14,29,14.824474884988293
14,30,17.030000131338202
14,31,20.455255092732358
14,32,23.150756913184978
14,33,24.694324808452745
14,34,22.56110670225554
14,35,22.947001503079708
14,36,21.730015126771846
14,37,19.91126422830258
14,38,16.40421476950324
14,39,17.079145915914633
14,40,15.016251530718677
14,41,16.105059252123393
14,42,15.386377919316455
14,43,17.738712917945655
14,44,19.28920563910672
14,45,18.984244074229522
14,46,22.254917427282454
14,47,20.925438765556894
14,48,24.151304370623407
14,49,23.212142095370634
14,50,21.008400180986175
14,51,19.77242637878684
14,52,18.227908091604984
14,53,18.119155193801177
14,54,16.449152639313407
14,55,16.999044144601925
14,56,16.393528847220512
14,57,19.861248611929387
14,58,19.96597714371086
14,59,16.788754245403357
14,60,18.5464851665428
14,61,17.865036895283826
14,62,20.304712500049643
14,63,19.715588835588406
14,64,19.787748366928053
14,65,16.918706722569212
14,66,15.081201201224543
14,67,11.70314776557942
14,68,12.26458666902863
14,69,10.92877524567971
14,70,10.89789878690067
14,71,11.886818694592149
14,72,13.242375852801603
14,73,15.43254153468648
14,74,14.784321094283502
14,75,17.97770823940122
14,76,18.789018662592273
14,77,18.126524025152733
14,78,16.310225281122158
14,79,15.038524625355102
14,80,13.3698346156082
14,81,11.101757842258984
14,82,12.905594947745023
14,83,12.531691897263487
14,84,15.415340167777305
14,85,18.784152404908642
14,86,19.87793010524455
14,87,20.024966622501175
14,88,16.680790049487456
14,89,15.064022116478922
14,90,11.411659410651177
14,91,11.721658494091773
14,92,8.974563360022543
14,93,10.59569835707129
14,94,10.631554230305614
14,95,13.551064395722898
14,96,15.011870960453749
14,97,17.972435866026654
14,98,21.374403919640383
14,99,23.67680430061044
14,100,25.739875150615575
15,1,27.805794626199898
15,2,25.73573881807931
15,3,25.194205556056577
15,4,21.867876514253293
15,5,20.81385076893988
15,6,22.367038703819848
15,7,20.829157914205105
15,8,17.64880510750523
15,9,14.253271936973045
15,10,12.678216993458841
15,11,9.055891865184064
15,12,9.717495779846434
15,13,6.581287097764862
15,14,3.8341881487058798
15,16,3.868789653016612
15,17,6.804682397793139
15,18,9.726319048365495
15,19,13.2776110191205
15,20,14.044463790824109
15,21,11.85282704043581
15,22,9.878426474686568
15,23,6.172584212481644
15,24,5.577399063110903
15,25,4.834916532126543
15,26,7.9496360362268685
15,27,10.146395835867391
15,28,13.771698648012759
15,29,16.67845679881537
15,30,19.28951013488676
15,31,22.410933305254165
15,32,24.801640417393948
15,33,25.847189347613554
15,34,23.626378377707084
15,35,23.625875866680754
15,36,22.065222651313555
15,37,19.665398215561112
15,38,16.237159600745212
15,39,16.520680061428113
15,40,13.766900953209234
15,41,14.205855383314018
15,42,12.909029897487759
15,43,15.380636151106986
15,44,16.787220964498793
15,45,16.98629553727687
15,46,20.431117900169433
15,47,19.199276351548434
15,48,22.109013087950498
15,49,20.74593252099473
15,50,18.479878113907436
15,51,16.74753978566731
15,52,14.912778446923312
15,53,15.03106509695106
15,54,13.806319750504265
15,55,14.326540001618303
15,56,14.474892317580007
15,57,18.103856017629205
15,58,18.702102409694746
15,59,16.061545400952436
15,60,18.51618055364977
15,61,18.627118601036617
15,62,21.20808954045604
15,63,21.272930977481618
15,64,21.906390400364234
15,65,19.466323298127577
15,66,17.230577761103984
15,67,13.524424935011313
15,68,13.008583385064254
15,69,10.754727718868962
15,70,9.62073954758258
15,71,9.478021420068155
15,72,10.1675677793288
15,73,11.876583848967275
15,74,11.197474584483597
15,75,14.38493206149821
15,76,15.15401274583943
15,77,14.843406699756834
15,78,13.469265287280463
15,79,12.323808973667454
15,80,11.359964590484443
15,81,9.174722691893981
15,82,11.881767433732575
15,83,12.268112335004343
15,84,15.705499468220228
15,85,19.08431362602087
15,86,20.47885511965479
15,87,21.108601405375577
15,88,18.08445629768019
15,89,15.736568432395542
15,90,12.080535257601518
15,91,11.515553551203796
15,92,8.273207248776936
15,93,9.001464030334747
15,94,7.876804081379734
15,95,10.501224277191314
15,96,11.451538036652883
15,97,14.539492424811819
15,98,17.777248373532398
15,99,19.977082510137823
15,100,21.942124002911626
16,1,29.72342705307472
16,2,27.96905688778367
16,3,27.827952858804252
16,4,24.740612731324624
16,5,23.866739520055585
16,6,25.7346890649903
16,7,24.25988129296147
16,8,21.174193384564582
16,9,17.65539436110777
16,10,15.935145366109056
16,11,12.201271264832872
16,12,11.860139515784553
16,13,8.126540539744246
16,14,6.403800199736335
16,15,3.868789653016612
16,17,3.780766093295775
16,18,6.509368492739105
16,19,9.877890163016197
16,20,11.37163032479818
16,21,9.628652826021723
16,22,8.438507484177745
16,23,5.514758617646736
16,24,5.458784632616089
16,25,6.794865681045949
16,26,9.811494069535435
16,27,12.855017536580515
16,28,16.352288269885744
16,29,19.548412015561542
16,30,22.372000195059137
16,31,25.565968748020353
16,32,27.775053876632832
16,33,28.6866727157382
16,34,26.147347233375594
16,35,25.8304708686506
16,36,24.550611894055336
16,37,22.09562720991905
16,38,18.95476795045845
16,39,19.534892537771682
16,40,16.61456873374901
16,41,16.911756874849715
16,42,15.338987004498676
16,43,17.879885773146803
16,44,18.980659654614712
16,45,19.44625189060203
16,46,23.054458349529664
16,47,22.080823627036214
16,48,24.721242605975483
16,49,23.000875811158235
16,50,20.683420696674933
16,51,18.359845113580032
16,52,15.948478785978121
16,53,15.973231854613202
16,54,14.87635657382573
16,55,14.498162612923002
16,56,15.041154889385018
16,57,18.82917241638398
16,58,20.13179813512821
16,59,17.74407229873169
16,60,20.4213203346756
16,61,20.76402307039534
16,62,22.899438041174033
16,63,22.974909036279104
16,64,23.929210118408285
16,65,21.501598678687923
16,66,18.8272604246373
16,67,15.179344445564043
16,68,14.596559527891122
16,69,11.700809459424352
16,70,10.92116589514254
16,71,9.770388674499104
16,72,10.74910278944623
16,73,11.860613520570169
16,74,11.885122700598842
16,75,14.911137884771113
16,76,15.103530635143045
16,77,15.233690481503837
16,78,14.76916043160695
16,79,14.331452922561073
16,80,14.219766008616965
16,81,12.295979922128467
16,82,15.338589946954936
16,83,15.777353323378458
16,84,19.230057702270066
16,85,22.702627185692087
16,86,24.26812765155104
16,87,24.96215858092478
16,88,21.902041473599947
16,89,19.557999800957838
16,90,15.937556998805691
16,91,15.236825075515487
16,92,11.831929023066236
16,93,11.748556581201901
16,94,9.616478972842339
16,95,11.00982068379993
16,96,10.97486743045147
16,97,13.356973361283623
16,98,16.445056839234557
16,99,19.076352455567566
16,100,21.067894477787345
17,1,30.35953097602068
17,2,29.03506342688336
17,3,29.035607724429486
17,4,26.13633313480027
17,5,25.774005098712106
17,6,27.838895487109834
17,7,26.77534708659688
17,8,23.89909218646744
17,9,20.51087245733699
17,10,19.206908461820948
17,11,15.589493093046157
17,12,15.413413519847072
17,13,11.717642319800186
17,14,10.028521585975987
17,15,6.804682397793139
17,16,3.780766093295775
17,18,3.8232432283526285
17,19,6.711737476371002
17,20,7.9339264137073355
17,21,5.967559909094187
17,22,5.730716516457328
17,23,4.511112966617905
17,24,6.493930645301946
17,25,9.23867871241239
17,26,12.62360981329672
17,27,15.740634854181499
17,28,19.356963057550445
17,29,22.35366257009996
17,30,25.384225828945517
17,31,28.36920852669607
17,32,30.335807553550733
17,33,30.88001287897835
17,34,28.27436725593312
17,35,27.640038731535498
17,36,26.194141230170647
17,37,23.382107032662304
17,38,20.48470989032329
17,39,20.814638633872146
17,40,17.525769644202903
17,41,17.248518907421506
17,42,15.224220100234415
17,43,17.6742467417756
17,44,18.461767583791087
17,45,19.416129041687338
17,46,23.043982263027697
17,47,22.274997726184488
17,48,24.47044900078699
17,49,22.342948253877378
17,50,20.069829515119764
17,51,17.194536636634353
17,52,14.412082481926946
17,53,14.656094947252427
17,54,14.178603891307835
17,55,13.44170998845805
17,56,14.868116675567324
17,57,18.593039232769854
17,58,20.466901211756717
17,59,18.71391297568766
17,60,21.830465006562637
17,61,22.7617422178446
17,62,24.856379999152594
17,63,25.380256824279222
17,64,26.72334501599701
17,65,24.595366305604912
17,66,21.6964713126194
17,67,17.988307428568458
17,68,16.79151677903558
17,69,13.439014846262024
17,70,12.027112434369862
17,71,9.680947947871836
17,72,9.866793957162146
17,73,9.870948820191606
17,74,10.242558539862348
17,75,12.868427437097463
17,76,12.677527296537185
17,77,13.438474870128882
17,78,13.89801842557945
17,79,13.921402735001928
17,80,14.725454665433414
17,81,13.190376115769299
17,82,16.63286330585035
17,83,17.551581286888272
17,84,21.180763813952925
17,85,24.555720312040812
17,86,26.300928066726208
17,87,27.299295813810613
