1,2,3.824770489673739
1,3,6.6424865394835635
1,4,10.223951313111895
1,5,13.118570244851947
1,6,15.54781784607803
1,7,18.62874009629724
1,8,21.064775807868372
1,9,23.49293446670243
1,10,23.286387371619444
1,11,26.169520681127555
1,12,27.37055617524251
1,13,27.860154794047265
1,14,30.48916594567549
1,15,32.41289158153926
1,16,30.503372640237725
1,17,31.080359060681445
1,18,32.4733041928049
1,19,31.92318943399605
1,20,34.71243684103194
1,21,32.642679362884415
1,22,32.64721451561606
1,23,29.255834914886627
1,24,28.529536347228035
1,25,26.273287401077617
1,26,25.517364255645646
1,27,24.45180707130863
1,28,22.993179289146134
1,29,22.597757630055884
1,30,20.588434870074348
1,31,22.788123872203144
1,32,20.775542956785362
1,33,18.35030946466934
1,34,14.633083830821313
1,35,13.526875990730701
1,36,10.835630269609752
1,37,11.301438898420372
1,38,12.08681926421379
1,39,15.773230909985996
1,40,17.81758731250662
1,41,20.193855850899126
1,42,23.05839251563113
1,43,26.40167566442981
1,44,29.010205636660412
1,45,32.80171274996598
1,46,34.9167436974475
1,47,35.15202136917601
1,48,31.281243260805145
1,49,31.456803877631266
1,50,30.311706342561983
1,51,27.447284521942223
1,52,29.444800110785184
1,53,27.43978119729317
1,54,24.64889001002393
1,55,21.574101284037663
1,56,21.42456939517592
1,57,18.433671525349574
1,58,15.228436692952702
1,59,12.664533044507266
1,60,14.50830185008095
1,61,12.438000941764678
1,62,14.247594667868249
1,63,12.94068365312526
1,64,15.891725377059482
1,65,18.507477306833305
1,66,21.22347880799713
1,67,20.21155916232636
1,68,21.24325013990118
1,69,19.345382168445994
1,70,21.339171620601935
1,71,21.044173570102465
1,72,23.07033540672521
1,73,24.489823572244052
1,74,27.533403105529807
1,75,29.80991471839547
1,76,32.51995446897829
1,77,36.16849518724808
1,78,37.96362082226426
1,79,36.588293825725025
1,80,32.942091903924485
1,81,30.70672549532937
1,82,27.536835741984564
1,83,25.582191804212485
1,84,22.943382124774626
1,85,21.105413103568974
1,86,22.02158891356152
1,87,25.449746105075707
1,88,27.18695712540574
1,89,27.96325472327671
1,90,26.106552096106938
1,91,27.19121163313757
1,92,29.5291696090895
1,93,30.771160874612796
1,94,33.78040201478462
1,95,33.754883655606314
1,96,36.66695593210765
1,97,36.40837921112698
2,1,3.824770489673739
2,3,3.8239958028512033
2,4,6.892925726772846
2,5,9.73013504902013
2,6,12.597961876274919
2,7,15.410994061589273
2,8,18.19805776024572
2,9,20.832058642527823
2,10,21.002189441727676
2,11,24.189842596550584
2,12,25.666107218186628
2,13,26.616863891271464
2,14,29.36320269568907
2,15,31.15055390315781
2,16,29.21176664515529
2,17,30.188055648677686
2,18,31.581436132908046
2,19,31.40238677454799
2,20,34.316117846758885
2,21,32.21420085550333
2,22,31.774271589403075
2,23,28.327960745376657
2,24,27.42458867149869
2,25,25.35239608762198
2,26,24.23098754639357
2,27,23.38591961362507
2,28,21.525660028730833
2,29,21.14542966341158
2,30,18.7713103984468
2,31,20.756914963857003
2,32,18.411259571415812
2,33,16.045032430364152
2,34,12.376964507710134
2,35,11.994934039410442
2,36,9.73460779241995
2,37,9.07880159956613
2,38,9.617462446198694
2,39,13.384593766302439
2,40,14.936173141906584
2,41,17.657280813621508
2,42,20.472054153579467
2,43,24.0143902323496
2,44,26.35070724276888
2,45,30.093552519885503
2,46,32.06842785646906
2,47,32.06875120498837
2,48,28.17366473670164
2,49,28.33693030420136
2,50,27.48694095337834
2,51,24.869092226335063
2,52,27.181581426812915
2,53,25.480982299147787
2,54,23.043657349496137
2,55,20.11478920520449
2,56,20.636726473149487
2,57,17.809904285431504
2,58,14.80542328281448
2,59,11.605438935570405
2,60,13.26104942012403
2,61,11.239530239046083
2,62,13.116846110694071
2,63,12.792488236868179
2,64,15.550852225798678
2,65,17.480444268990105
2,66,20.66441417623573
2,67,19.918039248667927
2,68,20.54498108979824
2,69,18.603307120970733
2,70,20.691044358942445
2,71,19.966296747916804
2,72,22.18455408065571
2,73,23.190868956969695
2,74,26.218814693184132
2,75,28.093143930792863
2,76,30.702785810972973
2,77,34.40491092741299
2,78,35.933664204527034
2,79,34.29091856292529
2,80,30.555516061299027
2,81,28.13153685980785
2,82,25.129514981432628
2,83,22.838777846731883
2,84,20.30509544726172
2,85,18.15669180836196
2,86,18.673652819502216
2,87,22.019566553351364
2,88,23.847492179958945
2,89,24.904172233508675
2,90,23.05743573837908
2,91,24.47347078385651
2,92,26.752643201643682
2,93,28.33013851447795
2,94,31.37257426425542
2,95,31.647292904616023
2,96,34.69896582156402
2,97,34.73632003641752
3,1,6.6424865394835635
3,2,3.8239958028512033
3,4,3.816399947654414
3,5,6.654126433343519
3,6,8.974830340393224
3,7,11.99088408403241
3,8,14.521798239657674
3,9,17.102348237096244
3,10,17.31259632493532
3,11,20.533249780844837
3,12,22.21238906820912
3,13,23.20581481793179
3,14,26.1218739125202
3,15,28.04185281040704
3,16,26.342147376818296
3,17,27.620137242159107
3,18,29.303226387698928
3,19,29.49333779589741
3,20,32.64687434289417
3,21,30.8382289876516
3,22,30.165564255078646
3,23,26.561258770721963
3,24,25.21872277422425
3,25,22.958181678803815
3,26,21.416608660516598
3,27,20.356800318292706
3,28,18.173615800069488
3,29,17.561505659198804
3,30,15.01927341276379
3,31,16.94031179550372
3,32,14.640169385233676
3,33,12.462516117748006
3,34,8.918621358403827
3,35,8.45742918773699
3,36,6.471600918516814
3,37,5.305735252269455
3,38,6.481277695003231
3,39,10.248912581242276
3,40,12.165442114404609
3,41,15.17369063198349
3,42,18.356014391947472
3,43,21.956236182220483
3,44,24.37899849781955
3,45,28.12133404551926
3,46,29.765779321783835
3,47,29.945782033208857
3,48,26.06987684838059
3,49,26.69043348403002
3,50,26.10191266528994
3,51,23.501622070024798
3,52,25.75363852848492
3,53,23.947248841691223
3,54,21.801777282187
3,55,18.67503571971346
3,56,19.455482668347717
3,57,16.40398868390093
3,58,14.030830811148832
3,59,10.42063145168752
3,60,11.019780663195291
3,61,8.452978738291817
3,62,9.802950454719182
3,63,10.044183383284427
3,64,12.494722866440709
3,65,13.979882259837057
3,66,17.358004333258545
3,67,16.830801074600892
3,68,17.35217779359031
3,69,15.676528054327465
3,70,18.108948800378393
3,71,17.540160932894153
3,72,20.20231213375594
3,73,21.332891889526245
3,74,24.60743702012128
3,75,26.236925522822023
3,76,29.07066344655888
3,77,32.67104882928706
3,78,33.92064520752544
3,79,32.04990363563823
3,80,28.300132971900965
3,81,25.61572004755599
3,82,22.48421817518552
3,83,20.065032680715532
3,84,17.214231605111046
3,85,14.899543325318783
3,86,15.619099723059424
3,87,18.939716405387017
3,88,20.569760561584527
3,89,21.410173341600938
3,90,19.731967276124816
3,91,21.137184529465454
3,92,23.677151578099632
3,93,25.30148621715725
3,94,28.53113565357391
3,95,29.03846083191561
3,96,32.27085055789788
3,97,32.59402928745651
4,1,10.223951313111895
4,2,6.892925726772846
4,3,3.816399947654414
4,5,3.8202376718198345
4,6,6.312297966520609
4,7,8.614054165222333
4,8,11.563325961189532
4,9,14.557751834633516
4,10,15.475500618997929
4,11,19.01632630928109
4,12,21.17684861481142
4,13,22.5916573485174
4,14,25.69542396144411
4,15,27.570356208896776
4,16,26.049824497177507
4,17,27.820500937651698
4,18,29.617445619990267
4,19,30.271726530485207
4,20,33.5577858091381
4,21,31.864922018685547
4,22,30.757972454735853
4,23,27.13262884138197
4,24,25.485169659263853
4,25,23.361501920424
4,26,21.312597686621913
4,27,20.33312871947146
4,28,17.612676101434484
4,29,16.75263336872362
4,30,13.692651234848688
4,31,15.001208975703573
4,32,12.185331795405274
4,33,9.99848627545097
4,34,6.795823851882095
4,35,7.832387616643352
4,36,7.242642744831158
4,37,4.8501657598625
4,38,6.225312278491948
4,39,9.392648487538596
4,40,10.618820200263642
4,41,14.158104884538771
4,42,17.30587586136195
4,43,21.050915100802325
4,44,23.096452583981115
4,45,26.694876741488567
4,46,27.98183899761358
4,47,27.911612731861442
4,48,24.06480999316295
4,49,24.843723372841914
4,50,24.777967526304323
4,51,22.57741751166459
4,52,25.127343311266145
4,53,23.679980956384615
4,54,22.079163504547648
4,55,19.17452793765211
4,56,20.607750327427947
4,57,17.785475150456804
4,58,15.929150367994588
4,59,12.096411145474441
4,60,12.013918173679528
4,61,9.56285274493465
4,62,10.225177672120406
4,63,11.459356244911282
4,64,13.086766190198718
4,65,13.52774661684565
4,66,17.2673172208263
4,67,17.31393531650649
4,68,17.560039950718693
4,69,16.21821174885584
4,70,18.825712392168253
4,71,18.02916510964009
4,72,20.939725740154824
4,73,21.705567150833517
4,74,24.944160574482
4,75,26.039109018645348
4,76,28.78464443854584
4,77,32.334287688577135
4,78,33.17893075848556
4,79,30.944112767186382
4,80,27.147222094310994
4,81,24.154815414494884
4,82,21.23952171282881
4,83,18.358933692258155
4,84,15.523780965166711
4,85,12.617833017717636
4,86,12.672997676259486
4,87,15.693710396930147
4,88,17.22621873673271
4,89,18.444128431224474
4,90,17.062531931414036
4,91,18.996697877245783
4,92,21.626436984231617
4,93,23.707125913581404
4,94,27.04153392431031
4,95,28.01895837095264
4,96,31.439089593482493
4,97,32.19052600816717
5,1,13.118570244851947
5,2,9.73013504902013
5,3,6.654126433343519
5,4,3.8202376718198345
5,6,3.8690981705738463
5,7,6.188618258450125
5,8,9.323622773136234
5,9,11.957862995547943
5,10,12.851392668568268
5,11,16.519565596618587
5,12,18.61454295852781
5,13,20.541461313142737
5,14,23.472807026737975
5,15,25.008080598941845
5,16,23.36177092055374
5,17,25.38222504978898
5,18,27.055784359535735
5,19,27.99744192780044
5,20,31.292464314119986
5,21,29.62636738067625
5,22,28.166111738193106
5,23,24.59563421205587
5,24,22.84845089638717
5,25,21.022944175270293
5,26,18.790693358004003
5,27,18.252493221729825
5,28,15.432560454142024
5,29,15.043397536578015
5,30,12.110316837022568
5,31,13.56412237745283
5,32,11.011251726993917
5,33,9.958244629694036
5,34,7.8976534014984985
5,35,8.886721297157921
5,36,8.838784108870026
5,37,5.225483749263668
5,38,4.679877048233005
5,39,6.668828114704775
5,40,7.052510274787299
5,41,10.759505879992103
5,42,13.825001040490692
5,43,17.58522166885653
5,44,19.484467843504387
5,45,23.024333594764244
5,46,24.19814736843651
5,47,24.15176828253053
5,48,20.32386996981411
5,49,21.282036325387086
5,50,21.35088395549426
5,51,19.258130287030824
5,52,21.8392382922655
5,53,20.552566694386677
5,54,19.349683155836036
5,55,16.66392260875876
5,56,18.623628484246034
5,57,16.16742461956323
5,58,14.875346224345916
5,59,11.089112585078288
5,60,10.528614469076699
5,61,8.928680562250712
5,62,9.823224551873896
5,63,12.241936055911056
5,64,13.782216174752225
5,65,13.466431118117354
5,66,17.209931785867365
5,67,17.055413246271602
5,68,16.490523857106712
5,69,14.910028678284357
5,70,17.171927139015246
5,71,15.870502226357436
5,72,18.73782662877109
5,73,19.0759515833091
5,74,22.195169408040737
5,75,22.912201540112676
5,76,25.577995887544763
5,77,29.071311550806797
5,78,29.708764350702445
5,79,27.334676410778297
5,80,23.53262987851457
5,81,20.4600588185862
5,82,17.674535615002668
5,83,14.646699366779675
5,84,11.978949465020293
5,85,9.015938497283452
5,86,9.050822969303084
5,87,12.338021744126706
5,88,14.17009512547454
5,89,15.299924873704246
5,90,13.545259526810627
5,91,15.507020822156983
5,92,17.945520104149296
5,93,20.152832807795427
5,94,23.427600721070984
5,95,24.540519481702088
5,96,27.99743341013078
5,97,28.934762182236945
6,1,15.54781784607803
6,2,12.597961876274919
6,3,8.974830340393224
6,4,6.312297966520609
6,5,3.8690981705738463
6,7,3.8371926834987287
6,8,5.8397182503126075
6,9,8.345525904256972
6,10,9.347006513548251
6,11,13.044794053012314
6,12,15.507265244703214
6,13,17.359337763688675
6,14,20.526620711800838
6,15,22.325537704207335
6,16,21.14031556398209
6,17,23.471688991288932
6,18,25.558610276827377
6,19,26.878449966955948
6,20,30.38700500457941
6,21,29.165068765696354
6,22,27.603911748486258
6,23,23.93523214550613
6,24,21.662772131910906
6,25,19.542159062085343
6,26,16.81067976879883
6,27,15.8367737894134
6,28,12.59165079049923
6,29,11.70067938134083
6,30,8.496012236113653
6,31,9.721928086247022
6,32,7.3595543883554395
6,33,7.143772099972583
6,34,6.32810376744474
6,35,7.144380565986989
6,36,8.190690798785441
6,37,4.986263442486221
6,38,5.430744647138694
6,39,5.719551097700028
6,40,6.88172302760131
6,41,10.451026954135802
6,42,13.871390587304843
6,43,17.369026080679493
6,44,19.415277766856892
6,45,22.827959324273316
6,46,23.499261086217068
6,47,23.82836626332894
6,48,20.17897310968637
6,49,21.80506585559666
6,50,22.12879839153818
6,51,20.06568786490552
6,52,22.303772113349737
6,53,20.799288322577514
6,54,19.912135742118668
6,55,17.06936407230247
6,56,18.977539658726307
6,57,16.34824256667538
6,58,15.863285470738784
6,59,12.317304507599848
6,60,10.48942235858197
6,61,8.563523008041852
6,62,8.077154551086164
6,63,11.046419031455992
6,64,11.699593527353926
6,65,10.502432760911997
6,66,14.221649453189976
6,67,14.452147356757482
6,68,13.794043786228064
6,69,12.86877021759243
6,70,15.513529688129124
6,71,14.694948466443755
6,72,18.004678666307033
6,73,18.6607929016562
6,74,21.99617505439313
6,75,22.49368693788695
6,76,25.437137711468893
6,77,28.674830731909427
6,78,29.005071553043845
6,79,26.44311224522599
6,80,22.748262220741033
6,81,19.411194157355435
6,82,16.435502530147826
6,83,13.425033073555618
6,84,10.167517966456689
6,85,6.991969149061195
6,86,7.721952787549188
6,87,10.723128008805558
6,88,11.958963532471323
6,89,12.472689874272072
6,90,11.16820944374178
6,91,12.987740465606349
6,92,15.978875980503313
6,93,18.118048154557908
6,94,21.66542063566542
6,95,23.042988352800304
6,96,26.670755449088162
6,97,27.91087164741215
7,1,18.62874009629724
7,2,15.410994061589273
7,3,11.99088408403241
7,4,8.614054165222333
7,5,6.188618258450125
7,6,3.8371926834987287
7,8,3.8231736662102613
7,9,7.17416674424621
7,10,9.634033189942565
7,11,13.410767289950291
7,12,16.409174341802217
7,13,18.63339908826091
7,14,21.86302205800695
7,15,23.553504568548924
7,16,22.65584516453236
7,17,25.408444556927293
7,18,27.529795923771907
7,19,29.23668795899814
7,20,32.75777410161259
7,21,31.646314239177958
7,22,29.740677900210287
7,23,26.187446104326472
7,24,23.744309085976067
7,25,21.87385930506394
7,26,18.809816459275265
7,27,17.970948859929766
7,28,14.423125418656268
7,29,13.24495652537524
7,30,9.802021942867983
7,31,9.64500934963868
7,32,6.681099422966034
7,33,6.8854367064135555
7,34,7.497511444680465
7,35,9.636862613147343
7,36,11.376526371711902
7,37,8.58482109472999
7,38,9.100337309737144
7,39,8.767207924448666
7,40,8.59978714890525
7,41,12.07588140516912
7,42,14.973042727918818
7,43,18.350997942700985
7,44,19.772548121287638
7,45,22.833228847109382
7,46,23.001909533058782
7,47,22.95916158084836
7,48,19.487509016649234
7,49,21.259100353891235
7,50,22.251168177701164
7,51,20.789479246641843
7,52,23.285538825763435
7,53,22.27814367361237
7,54,21.968302496242693
7,55,19.52979970289621
7,56,21.86778117213304
7,57,19.56987941126972
7,58,19.30439390504068
7,59,15.815612081303478
7,60,13.985054246508305
7,61,12.33914018944283
7,62,11.500896254944449
7,63,14.439571750261548
7,64,14.420986787730167
7,65,12.471229208591984
7,66,16.098429295378434
7,67,16.968321305345288
7,68,16.244266557454136
7,69,15.796342869795314
7,70,18.380412765526916
7,71,17.446068744356555
7,72,20.70736280469565
7,73,20.972317918386857
7,74,24.075113155896243
7,75,24.012220880623186
7,76,26.716880663779953
7,77,29.808165865702765
7,78,29.68155001372079
7,79,26.75861022333234
7,80,23.134552677720784
7,81,19.54437410320018
7,82,17.05891921576472
7,83,13.621849589257733
7,84,10.769920877811836
7,85,7.031717497936498
7,86,6.084834654591426
7,87,7.990676579505227
7,88,8.833543074046657
7,89,10.12795092986719
7,90,9.63788946459077
7,91,12.385801690682202
7,92,15.375038884345932
7,93,18.112336451975857
7,94,21.650255419335004
7,95,23.6022799302373
7,96,27.330636749657007
7,97,29.025343961712814
8,1,21.064775807868372
8,2,18.19805776024572
8,3,14.521798239657674
8,4,11.563325961189532
8,5,9.323622773136234
8,6,5.8397182503126075
8,7,3.8231736662102613
8,9,3.7953911237131055
8,10,6.8629901283528385
8,11,10.366462844805087
8,12,13.763960471113068
8,13,15.851759580305899
8,14,19.225968061136474
8,15,21.142366939466935
8,16,20.785440482824534
8,17,23.78150381111789
8,18,26.257780343132584
8,19,28.28883891395646
8,20,31.939083904342514
8,21,31.267736251896384
8,22,29.3217832846631
8,23,25.76179981206101
8,24,22.897992243826952
8,25,20.817484536594172
8,26,17.395986681411394
8,27,16.172412211532574
8,28,12.395480908540133
8,29,10.70215256580098
8,30,7.313307695849259
8,31,6.289828090495142
8,32,3.983150748674979
8,33,6.223384613387136
8,34,8.452258660248036
8,35,9.926687815460607
8,36,12.218188993682991
8,37,10.121909880598063
8,38,10.914433387716379
8,39,9.652272959542906
8,40,10.039931219767066
8,41,12.850561603753276
8,42,15.814537657483474
8,43,18.74116445083976
8,44,20.297496568394756
8,45,23.150335247135448
8,46,22.84668956861076
8,47,23.25237343928087
8,48,20.08106327336257
8,49,22.43226560500047
8,50,23.526209452480483
8,51,22.05096060248758
8,52,24.111238645103693
8,53,22.880243560494588
8,54,22.806118351550406
8,55,20.294035030642682
8,56,22.46760423050549
8,57,20.111070866439132
8,58,20.4817784323491
8,59,17.31281651757569
8,60,14.730559946687839
8,61,13.076316353493752
8,62,11.334818459811276
8,63,14.394301703937542
8,64,13.566204499130587
8,65,10.77878998882332
8,66,13.96987521750989
8,67,15.219935977629966
8,68,14.37190863329351
8,69,14.663443317086504
8,70,17.38218117264727
8,71,16.944338889527852
8,72,20.41370949771335
8,73,20.962086943432308
8,74,24.155783267120704
8,75,23.92495941464571
8,76,26.836963162715097
8,77,29.618434764290622
8,78,29.22618680642786
8,79,26.209190302072226
8,80,22.798826907555842
8,81,19.094409003740093
8,82,16.51758804569034
8,83,13.384101447939825
8,84,10.231600500319027
8,85,7.0258738219904595
8,86,7.11616955079931
8,87,8.116903245054134
8,88,7.855020372168289
8,89,7.928090499334352
8,90,8.326097205440295
8,91,10.638022876653547
8,92,14.131095882191358
8,93,16.625755801103846
8,94,20.332009805039508
8,95,22.484913779622225
8,96,26.284581467538736
8,97,28.224852763397404
9,1,23.49293446670243
9,2,20.832058642527823
9,3,17.102348237096244
9,4,14.557751834633516
9,5,11.957862995547943
9,6,8.345525904256972
9,7,7.17416674424621
9,8,3.7953911237131055
9,10,3.8191079516623514
9,11,6.924680493568323
9,12,10.434188924713993
9,13,12.809322369075634
9,14,16.0160599397878
9,15,17.794509818653616
9,16,17.726402064080915
9,17,20.960863835758754
9,18,23.563018412906935
9,19,25.918534928121815
9,20,29.590553602417298
9,21,29.25506296976059
9,22,27.17015095030658
9,23,23.715155207756617
9,24,20.56780486035715
9,25,18.560338393346996
9,26,14.905559731017775
9,27,13.761076857742905
9,28,10.01240068268949
9,29,8.605817422560442
9,30,6.222921069973795
9,31,5.338962330664581
9,32,5.63751571681101
9,33,9.067110570360533
9,34,11.514773480434975
9,35,12.041668369686521
9,36,14.188934377525328
9,37,12.237064270542856
9,38,12.434543627183931
9,39,10.10549947008185
9,40,10.458444159337871
9,41,12.261663832708454
9,42,14.984952330055009
9,43,17.321816576758025
9,44,18.95013026868137
9,45,21.560811266208812
9,46,20.913001170303612
9,47,21.818769172381536
9,48,18.966404197887773
9,49,21.80118687888938
9,50,22.857198303953375
9,51,21.365929908798464
9,52,22.938855518263335
9,53,21.567383791450013
9,54,21.82529619069885
9,55,19.455411982683763
9,56,21.600017782857467
9,57,19.49725519112564
9,58,20.573576641891535
9,59,17.899798966661173
9,60,14.817281821759408
9,61,13.776320891216368
9,62,11.900683944319832
9,63,15.2493674689765
9,64,14.234698144934779
9,65,11.04751240696716
9,66,13.49109946994168
9,67,14.467867292318807
9,68,12.909148722019053
9,69,13.45764037340467
9,70,15.78597990318084
9,71,15.451183807775047
9,72,18.841727659418574
9,73,19.383905426415016
9,74,22.474652225807095
9,75,21.978433218723104
9,76,24.97438499976623
9,77,27.434658884775523
9,78,26.810430985359954
9,79,23.76622501733774
9,80,20.59293296090545
9,81,16.896581459346734
9,82,14.324695450586338
9,83,11.649064089937289
9,84,8.541653887401026
9,85,6.517743177013623
9,86,7.76493792346699
9,87,8.339145088400157
9,88,7.682244549139462
9,89,5.90952555830677
9,90,6.416303640953868
9,91,7.745249485406519
9,92,11.507823456165863
9,93,13.639154852727627
9,94,17.396130941198372
9,95,19.64888537806721
9,96,23.448711325960964
9,97,25.57909245385433
10,1,23.286387371619444
10,2,21.002189441727676
10,3,17.31259632493532
10,4,15.475500618997929
10,5,12.851392668568268
10,6,9.347006513548251
10,7,9.634033189942565
10,8,6.8629901283528385
10,9,3.8191079516623514
10,11,3.825180733239183
10,12,6.908883298868745
10,13,9.331120163238463
10,14,12.45817278225095
10,15,14.284442199757883
10,16,14.139858149825077
10,17,17.260416549350424
10,18,19.99469602342621
10,19,22.314159874525874
10,20,26.03421026417895
10,21,25.876025712930264
10,22,23.951591371215542
10,23,20.455991578179177
10,24,17.16329111249895
10,25,14.941508664712423
10,26,11.239949015967774
10,27,9.962782580456127
10,28,6.259571164851015
10,29,5.5227259147668555
10,30,4.657417722431263
10,31,5.84612360426816
10,32,7.696475083995716
10,33,11.031834156825195
10,34,12.90907625101564
10,35,12.276303650176787
10,36,13.924670490700949
10,37,12.188922837375246
10,38,11.894960502232607
10,39,8.950635712191575
10,40,9.972766851974484
10,41,10.861672686198242
10,42,13.713567501021005
10,43,15.653743604740587
10,44,17.842186828873885
10,45,20.56735925868176
10,46,20.154058135073893
10,47,21.670376782473213
10,48,18.87763711376654
10,49,21.83586969779006
10,50,22.34502622167655
10,51,20.403708360108617
10,52,21.422734397302964
10,53,19.55775974239478
10,54,19.633435405986585
10,55,17.095614222959323
10,56,18.87261203940106
10,57,16.77106796407487
10,58,18.350645462601772
10,59,16.186552791489984
10,60,12.705842164868104
10,61,12.15551357064968
10,62,10.340079827954945
10,63,13.81985437483769
10,64,13.050482276837558
10,65,10.113362590064142
10,66,11.958297555478383
10,67,12.111809665740486
10,68,9.826086267932718
10,69,10.251296386977879
10,70,12.270712665827915
10,71,12.169216608323074
10,72,15.579612447584738
10,73,16.460078573880722
10,74,19.67112407297871
10,75,19.426973886252195
10,76,22.699723701218005
10,77,25.04982483156532
10,78,24.658270619142158
10,79,21.919994160672672
10,80,18.849699268657247
10,81,15.41045910893058
10,82,12.369287016628922
10,83,10.503709840209742
10,84,7.092721710893031
10,85,6.6689992546900845
10,86,9.46545046733817
10,87,10.841485629568506
10,88,10.722712394993081
10,89,8.1933776451469
10,90,7.4640709211268605
10,91,6.844466324107447
10,92,10.600077517625031
10,93,11.736116571059396
10,94,15.538636278541983
10,95,17.276193935159203
10,96,21.001696633223048
10,97,22.860788640011865
11,1,26.169520681127555
11,2,24.189842596550584
11,3,20.533249780844837
11,4,19.01632630928109
11,5,16.519565596618587
11,6,13.044794053012314
11,7,13.410767289950291
11,8,10.366462844805087
11,9,6.924680493568323
11,10,3.825180733239183
11,12,3.831846849431524
11,13,6.142382258453066
11,14,9.167281402893206
11,15,11.189123067472837
11,16,11.847444635556878
11,17,15.131416850115851
11,18,18.212258827987124
11,19,20.848372715810147
11,20,24.578872701549283
11,21,24.968480492763295
11,22,23.093173869396608
11,23,19.779741590958825
11,24,16.160659474419127
11,25,13.853259103564092
11,26,10.045518124915988
11,27,8.456333225605452
11,28,5.415144410348266
11,29,5.027342160446401
11,30,6.517277757904841
11,31,7.47320858298898
11,32,10.479836915375232
11,33,13.991166064251864
11,34,16.08475195073246
11,35,14.98937297605662
11,36,16.563604513338202
11,37,15.328419476347815
11,38,15.02653209267297
11,39,11.925037477835447
11,40,13.09145342345458
11,41,13.127322805899652
11,42,15.565441451471035
11,43,16.72680916369311
11,44,18.993136487023566
11,45,21.355972218897463
11,46,20.621212552851187
11,47,22.67169796495543
11,48,20.337684935198745
11,49,23.59759942535979
11,50,23.994734840995427
11,51,22.035526281561406
11,52,22.454068070497403
11,53,20.374383473952378
11,54,20.64237876117926
11,55,18.242435088841862
11,56,19.648016188564068
11,57,17.753314474070756
11,58,19.9396223562146
11,59,18.36647139491055
11,60,14.64599760417676
11,61,14.433474775812202
11,62,12.417541580857154
11,63,15.531247505044742
11,64,14.402894555292733
11,65,11.402151717775268
11,66,12.032471937712067
11,67,11.994670466229932
11,68,9.27610096294908
11,69,10.418691547935302
11,70,11.895504930273038
11,71,12.405869941286864
11,72,15.549481868293368
11,73,16.695727722695406
11,74,19.73528579194835
11,75,19.378553936501426
11,76,22.740202182260877
11,77,24.613898697986482
11,78,24.041184239824712
11,79,21.4552798262341
11,80,18.85122881941808
11,81,15.713750224118284
11,82,12.804010211991343
11,83,11.955361204939763
11,84,9.162538083128155
11,85,9.950230267529692
11,86,12.844541634288124
11,87,13.766788192268496
11,88,13.274780367298769
11,89,10.008408359213583
11,90,9.67067661557612
11,91,7.713719816595799
11,92,11.01259047154197
11,93,11.087664797512321
11,94,14.662967399069588
11,95,16.25891520328281
11,96,19.800581524068754
11,97,21.747426269551422
12,1,27.37055617524251
12,2,25.666107218186628
12,3,22.21238906820912
12,4,21.17684861481142
12,5,18.61454295852781
12,6,15.507265244703214
12,7,16.409174341802217
12,8,13.763960471113068
12,9,10.434188924713993
12,10,6.908883298868745
12,11,3.831846849431524
12,13,3.887762071227423
12,14,5.790905546612286
12,15,7.450589592716798
12,16,8.113120575265944
12,17,11.39680698859557
12,18,14.581828634925555
12,19,17.336789821272436
12,20,21.036924582356782
12,21,21.71285421491922
12,22,19.918449719941574
12,23,16.755780125499932
12,24,13.000779222902368
12,25,10.736818537980295
12,26,7.058760098093961
12,27,5.855260270301337
12,28,4.581846245174708
12,29,6.341531627995547
12,30,9.168659971502242
12,31,10.963818620085664
12,32,13.983945867700491
12,33,17.281104242657886
12,34,18.93922277174321
12,35,17.321409225552
12,36,18.38535153643165
12,37,17.19956381221783
12,38,16.35377838328028
12,39,13.018406608477873
12,40,14.210662202748873
12,41,13.256275040505967
12,42,15.26176966337061
12,43,15.691481921039356
12,44,18.244297279594804
12,45,20.457298172200986
12,46,19.895773773233003
12,47,22.477711424908925
12,48,20.402267555759266
12,49,23.675604364950395
12,50,23.60919705009331
12,51,21.409293769809246
12,52,21.18108035970732
12,53,18.770597458208247
12,54,19.041591691205472
12,55,16.80399418977335
12,56,17.824047174730495
12,57,16.31062287373963
12,58,19.073365794344564
12,59,18.234321661243424
12,60,14.515340371253902
12,61,15.074821772708182
12,62,13.583860495180586
12,63,16.543879175718956
12,64,15.872969463589618
12,65,13.479696754679642
12,66,13.490818900719804
12,67,12.471952441422408
12,68,9.036294594306247
12,69,9.685428297047622
12,70,9.973986651967207
12,71,10.585278206361847
12,72,13.197235278794444
12,73,14.482594830146214
12,74,17.316321171369243
12,75,17.056392800108327
12,76,20.523076865144507
12,77,22.094242074992692
12,78,21.680818512325974
12,79,19.49617391284949
12,80,17.22840542986046
12,81,14.636243601447049
12,82,11.670512727831818
12,83,11.999253897194412
12,84,9.831796069873079
12,85,11.818783455274348
12,86,15.13023773346387
12,87,16.3555426529052
12,88,16.239559640036177
12,89,12.864726119072948
12,90,11.807876580464347
12,91,8.814232966239956
12,92,11.135315334283774
12,93,9.900875309054506
12,94,13.0267787079581
12,95,13.914262046558314
12,96,17.172990559134245
12,97,18.83414193777001
13,1,27.860154794047265
13,2,26.616863891271464
13,3,23.20581481793179
13,4,22.5916573485174
13,5,20.541461313142737
13,6,17.359337763688675
13,7,18.63339908826091
13,8,15.851759580305899
13,9,12.809322369075634
13,10,9.331120163238463
13,11,6.142382258453066
13,12,3.887762071227423
13,14,3.8556659474904342
13,15,7.253429074995795
13,16,8.912890071195443
13,17,11.344532513526454
13,18,15.01951999203092
13,19,17.439656027463325
13,20,21.15201841348683
13,21,22.2503211020878
13,22,21.03759395532382
13,23,17.91202594180827
13,24,14.182354247889695
13,25,11.293121870453364
13,26,8.237855980526072
13,27,5.545021014652384
13,28,5.457238256219079
13,29,6.1932315646703175
13,30,9.84983802351173
13,31,11.687232271990123
13,32,15.12498670159368
13,33,18.175806668739042
13,34,19.771458276568655
13,35,17.622089314061387
13,36,18.592910755314147
13,37,18.187246078594214
13,38,17.85720763010845
13,39,14.979071514122507
13,40,16.910613530268513
13,41,16.163185770697226
13,42,18.45336956165296
13,43,18.910743712356716
13,44,21.72795645483021
13,45,24.00229421714909
13,46,23.56671287401961
13,47,26.269856555027
13,48,24.194731810492176
13,49,27.392715099994703
13,50,27.115923195142322
13,51,24.681450463883017
13,52,24.25843022163636
13,53,21.518247279495398
13,54,21.353823881260492
13,55,18.81660426724617
13,56,19.105900370875975
13,57,17.220884651113327
13,58,19.999306686859185
13,59,19.411262485918208
13,60,15.599498467558227
13,61,15.74730619331133
13,62,13.774705323974443
13,63,15.98763338159735
13,64,14.90319986283122
13,65,12.790105060372714
13,66,11.716403036506756
13,67,10.51401254137031
13,68,7.403973642050267
13,69,9.158578057719023
13,70,9.651595121666828
13,71,11.571081030174481
13,72,14.17161636373826
13,73,16.26645730986424
13,74,19.225147472787935
13,75,19.49856211259319
13,76,23.109992488373603
13,77,24.528226509586563
13,78,24.3731524669471
13,79,22.556949245758272
13,80,20.508374935704932
13,81,18.21056342124809
13,82,15.15409190304746
13,83,15.669328843965959
13,84,13.249939898830926
13,85,14.916178764588913
13,86,18.312167190490406
13,87,19.679968672678715
13,88,19.386516937160053
13,89,16.05484326580604
13,90,15.359505478665197
13,91,12.62267169740701
13,92,15.015667437129233
13,93,13.548834958588879
13,94,16.372319080486406
13,95,16.800566615223037
13,96,19.693641444488623
13,97,20.960167249306675
14,1,30.48916594567549
14,2,29.36320269568907
14,3,26.1218739125202
14,4,25.69542396144411
14,5,23.472807026737975
14,6,20.526620711800838
14,7,21.86302205800695
14,8,19.225968061136474
14,9,16.0160599397878
14,10,12.45817278225095
14,11,9.167281402893206
14,12,5.790905546612286
14,13,3.8556659474904342
14,15,3.8358674068508964
14,16,6.421714646696715
14,17,8.517674804784468
14,18,12.254876049749427
14,19,14.92040682345183
14,20,18.4407411431078
14,21,20.03269473677949
14,22,18.864245799379955
14,23,16.173547852503187
14,24,12.469358850545799
14,25,10.04694832013136
14,26,7.8313630621351065
14,27,6.371615451449907
14,28,8.093614625521472
14,29,9.857179158279713
14,30,13.522891279297385
14,31,15.456339353502102
14,32,18.8359550464282
14,33,21.918011009809508
14,34,23.38231637715077
14,35,21.133987009367143
14,36,21.836618040040136
14,37,21.299234383531296
14,38,20.51826372866894
14,39,17.450060522083618
14,40,19.068103566577363
14,41,17.606209429355104
14,42,19.298416334029294
14,43,19.00665289149332
14,44,21.782168916897508
14,45,23.685603208071974
14,46,23.2272625524534
14,47,26.32555921925906
14,48,24.653465195131968
14,49,27.877510369409226
14,50,27.343954862011334
14,51,24.90834044578625
14,52,23.897128534261437
14,53,21.068971280699092
14,54,21.107091658713916
14,55,18.985559022507772
14,56,18.999116693229293
14,57,17.72669047450063
14,58,20.965412925861003
14,59,21.026542051478703
14,60,17.411551717530244
14,61,18.22585432907544
14,62,16.779768377856094
14,63,18.918876103351273
14,64,18.203868611180766
14,65,16.439043503177114
14,66,15.162930932279682
14,67,13.488349359637054
14,68,10.234622557301172
14,69,11.262230376609883
14,70,10.426950305312982
14,71,12.132060430207481
14,72,13.78755672861916
14,73,15.736860485892826
14,74,18.16314821561252
14,75,18.32938141015428
14,76,21.802677305438383
14,77,22.709183189804136
14,78,22.545385623069993
14,79,21.139512655366783
14,80,19.639875526106575
14,81,17.959464376149153
14,82,15.255657717447747
14,83,16.657833482862014
14,84,14.97021494604306
14,85,17.328786485482844
14,86,20.795441552661277
14,87,22.11638889426349
14,88,21.96561832803227
14,89,18.476591966718065
14,90,17.48360194520785
14,91,14.200180189497063
14,92,15.748431526945504
14,93,13.406402118764767
14,94,15.473576477432829
14,95,15.301426244774094
14,96,17.654952194726366
14,97,18.70007197764073
15,1,32.41289158153926
15,2,31.15055390315781
15,3,28.04185281040704
15,4,27.570356208896776
15,5,25.008080598941845
15,6,22.325537704207335
15,7,23.553504568548924
15,8,21.142366939466935
15,9,17.794509818653616
15,10,14.284442199757883
15,11,11.189123067472837
15,12,7.450589592716798
15,13,7.253429074995795
15,14,3.8358674068508964
15,16,3.842927770936095
15,17,6.248978142017211
15,18,9.527326586708448
15,19,12.745975953502361
15,20,16.015741208739136
15,21,17.793494379586964
15,22,16.25727103371128
15,23,14.043015614206007
15,24,10.432123096591642
15,25,9.110050620810155
15,26,7.608993295023387
15,27,8.052723329562031
15,28,10.228240006807063
15,29,12.772077903823654
15,30,16.20164367667563
15,31,18.209729347171386
15,32,21.369151895533147
15,33,24.550838252025304
15,34,25.927591882605313
15,35,23.84034625269121
15,36,24.391400625367904
15,37,23.407230634353866
15,38,22.06601491892365
15,39,18.722163987772042
15,40,19.737372490837295
15,41,17.616799733518555
15,42,18.56529912593413
15,43,17.531511146861188
15,44,20.065174265685368
15,45,21.529890099418374
15,46,21.015648748761592
15,47,24.399397025399626
15,48,23.144908444150833
15,49,26.35986200942601
15,50,25.678570428256126
15,51,23.394974683968286
15,52,21.918568724276515
15,53,19.227238203498583
15,54,19.70647324678645
15,55,18.20061780761129
15,56,18.364178115864732
15,57,17.8811544158521
15,58,21.427608016329316
15,59,21.890888532651807
15,60,18.55262218379825
15,61,20.042535244137
15,62,19.19270780695181
15,63,21.620617308777394
15,64,21.340253970044465
15,65,19.649525042639244
15,66,18.731108666523237
15,67,16.85155060201529
15,68,13.32010509850468
15,69,13.489068395897291
15,70,11.742610989606074
15,71,12.512315833847406
15,72,13.240130024107337
15,73,14.493513477788863
15,74,16.2292430848786
15,75,15.954730558646462
15,76,19.149282959860844
15,77,19.598927153284027
15,78,19.279566238110185
15,79,18.12318384708546
15,80,17.114874974911817
15,81,16.00397602158964
15,82,13.823966526928679
15,83,15.984227454420092
15,84,15.17437246097198
15,85,18.13615088976644
15,86,21.520673198287216
15,87,22.73399301523305
15,88,22.806627075709436
15,89,19.292235790614363
15,90,17.911193153200617
15,91,14.236324616725222
15,92,14.828036006866277
15,93,11.787099553289371
15,94,13.027183011823796
15,95,12.362863779670354
15,96,14.273650369638048
15,97,15.302619280979332
16,1,30.503372640237725
16,2,29.21176664515529
16,3,26.342147376818296
16,4,26.049824497177507
16,5,23.36177092055374
16,6,21.14031556398209
16,7,22.65584516453236
16,8,20.785440482824534
16,9,17.726402064080915
16,10,14.139858149825077
16,11,11.847444635556878
16,12,8.113120575265944
16,13,8.912890071195443
16,14,6.421714646696715
16,15,3.842927770936095
16,17,3.8370025704437283
16,18,6.662107411104494
16,19,9.903739759681367
16,20,13.350093500247937
16,21,14.574144605313657
16,22,12.808875652364408
16,23,10.350085560846068
16,24,6.660181094480829
16,25,5.831566947817781
16,26,4.996035986889097
16,27,7.1559927795316245
16,28,9.759616529624127
16,29,13.113609828527554
16,30,16.240011824416808
16,31,18.77436769142003
16,32,21.478021379438466
16,33,24.427028382088437
16,34,25.35025412204251
16,35,23.244788400440505
16,36,23.431184828355942
16,37,22.08775252304249
16,38,20.212047336524673
16,39,16.843172139936154
16,40,17.59259104861087
16,41,14.997351909005136
16,42,15.610905135584629
16,43,14.337408427355738
16,44,17.104150097924734
16,45,18.762589956063643
16,46,18.80393983757525
16,47,22.20392065146479
16,48,20.782063136557664
16,49,23.7123479967707
16,50,22.63697400145045
16,51,20.124932950021858
16,52,18.470589800431714
16,53,15.595065506866653
16,54,15.965261295264705
16,55,14.624775192080477
16,56,14.81739472814623
16,57,14.771369473819654
16,58,18.438123164202896
16,59,19.209474586518716
16,60,16.203595726192844
16,61,18.29433294363254
16,62,18.163853746858262
16,63,20.775367513613435
16,64,21.163270348766314
16,65,19.851898308753373
16,66,19.487354680938463
16,67,17.15760592418307
16,68,13.363062604331128
16,69,12.428944696211914
16,70,9.93750332495357
16,71,9.77919269995552
16,72,9.86310192103147
16,73,10.763880657052807
16,74,12.388451989734852
16,75,12.290487407717238
16,76,15.630920356456777
16,77,16.38175264708261
16,78,16.52066303329283
16,79,15.599021102819718
16,80,14.339109035783926
16,81,13.536377906096252
16,82,11.189472960312763
16,83,13.789768908038173
16,84,13.359605855047349
16,85,16.68921566324697
16,86,20.15995856424487
16,87,21.790911702787103
16,88,22.376715776976077
16,89,19.181527385049392
16,90,17.093961470757613
16,91,13.404800488383795
16,92,13.541037872274641
16,93,10.327571061336695
16,94,11.384531862208306
16,95,9.974103542981794
16,96,11.922470670397113
16,97,12.4535400969594
17,1,31.080359060681445
17,2,30.188055648677686
17,3,27.620137242159107
17,4,27.820500937651698
17,5,25.38222504978898
17,6,23.471688991288932
17,7,25.408444556927293
17,8,23.78150381111789
17,9,20.960863835758754
17,10,17.260416549350424
17,11,15.131416850115851
17,12,11.39680698859557
17,13,11.344532513526454
17,14,8.517674804784468
17,15,6.248978142017211
17,16,3.8370025704437283
17,18,3.8414209483634894
17,19,6.538785970718104
17,20,10.005818608913888
17,21,11.68070121570009
17,22,10.683890527188831
17,23,8.593982002396828
17,24,5.610395131595144
17,25,5.063674104341266
17,26,6.666083563416475
17,27,8.687231675365405
17,28,12.100340662858788
17,29,15.48756227406362
17,30,18.754111170647764
17,31,21.618797487944974
17,32,24.278690472937317
17,33,26.956723716578015
17,34,27.511855794951874
17,35,25.044343722077283
17,36,24.831202381018482
17,37,23.744566834948497
17,38,21.768064914989694
17,39,18.72317451510921
17,40,19.74537168897502
17,41,16.973131734662413
17,42,17.474104215893135
17,43,15.998991096494796
17,44,18.97298578392429
17,45,20.633523484492432
17,46,21.15431107978512
17,47,24.63263549411695
17,48,23.24429288175251
17,49,25.839567466934373
17,50,24.264100571027015
17,51,21.468136685708544
17,52,19.3865189581608
17,53,16.18367016790507
17,54,16.035104982271946
17,55,14.778974541068578
17,56,14.051770206923479
17,57,14.321871297918134
17,58,18.120502081005434
17,59,19.60517332177503
17,60,16.97293677983724
17,61,19.328018704242762
17,62,19.54685581358849
17,63,21.69501526016617
17,64,22.426333094125148
17,65,21.69380662949952
17,66,21.048448105237128
17,67,18.222769641983795
17,68,14.632285001931926
17,69,13.351280741986523
17,70,10.140017563328062
17,71,10.27575013936385
17,72,9.266015921325081
17,73,10.627122690938611
17,74,11.819518734154606
17,75,12.541022996961084
17,76,15.77365839235446
17,77,16.28933503095466
17,78,17.11359345342699
17,79,17.03233166232826
17,80,16.112009594767976
17,81,15.998471103743737
17,82,13.734306837892866
17,83,16.59160500983877
17,84,16.214716598554922
17,85,19.54144684484256
17,86,23.124593508728854
17,87,25.080748637356773
17,88,25.860774137737252
17,89,22.794496897371474
17,90,20.520883767059217
17,91,16.93193185606012
17,92,16.94260146589345
17,93,13.67136953645529
17,94,14.232261004764371
17,95,11.987150568828744
17,96,13.0263497831248
17,97,12.435184223388593
18,1,32.4733041928049
18,2,31.581436132908046
18,3,29.303226387698928
18,4,29.617445619990267
18,5,27.055784359535735
18,6,25.558610276827377
18,7,27.529795923771907
18,8,26.257780343132584
18,9,23.563018412906935
18,10,19.99469602342621
18,11,18.212258827987124
18,12,14.581828634925555
18,13,15.01951999203092
18,14,12.254876049749427
18,15,9.527326586708448
18,16,6.662107411104494
18,17,3.8414209483634894
18,19,3.818865752167735
18,20,6.76696168426362
18,21,8.431827417960191
18,22,7.172357971444602
18,23,6.079689156782905
18,24,4.61437034103667
18,25,6.472541951018229
18,26,9.105350625361543
18,27,11.88814803533291
18,28,15.154490028270832
18,29,18.762736314041923
18,30,21.774161487588575
18,31,24.744984728127946
18,32,27.140392824943962
18,33,29.72180890738283
18,34,30.043973801403403
18,35,27.663077193771155
18,36,27.215802074901337
18,37,25.845994741942135
18,38,23.438989509730238
18,39,20.444618221254093
