1,2,3.835002299312327
1,3,7.090659523317763
1,4,9.623891606196226
1,5,13.182396184393754
1,6,15.576586673040914
1,7,19.255446659839475
1,8,21.811969528278052
1,9,25.38059683118902
1,10,28.011792855536907
1,11,30.281520220759568
1,12,33.74569885522964
1,13,33.26104182903277
1,14,34.85173152499863
1,15,34.32582574147102
1,16,31.099506238596536
1,17,28.511124776656768
1,18,24.74838106596267
1,19,23.00012668889728
1,20,19.466366659646592
1,21,17.146397626592446
1,22,13.737572746827606
1,23,11.862611558472354
1,24,8.773927315439067
1,25,7.9054348901482
1,26,8.299709624481633
1,27,11.271565649461765
1,28,13.233978199125067
1,29,14.999709164578645
1,30,17.547787048779036
1,31,18.405460879745405
1,32,21.541096172946364
1,33,19.71914195641908
1,34,17.80945452637728
1,35,21.3312529251143
1,36,22.668904066048935
1,37,20.144895410207447
1,38,21.142813354180866
1,39,24.719288099614342
1,40,24.571857823332135
1,41,23.154728132831107
1,42,26.016435023753466
1,43,28.516799034731434
1,44,27.3944972390562
1,45,28.085570400348068
1,46,31.649394073567734
1,47,33.837805149577775
1,48,36.16054565150627
1,49,39.77151020432822
1,50,41.7443369832023
1,51,44.90296691555337
1,52,47.014406253262536
1,53,49.64989394682017
1,54,52.455113391892816
1,55,52.661799767852244
1,56,55.37187693459739
1,57,53.15595216810253
1,58,54.415794849951794
1,59,51.89587908880006
1,60,51.9022273413603
1,61,51.68864188451701
1,62,53.15328732981285
1,63,53.7055938629128
1,64,57.16868071723944
1,65,56.04362817757282
1,66,53.38293859927105
1,67,55.87436576857085
1,68,58.471486551401874
1,69,59.40742933823925
1,70,56.26991500526096
1,71,53.577124725778205
1,72,51.17283958633531
1,73,49.107798600262385
1,74,46.516201056635836
1,75,43.47299716848491
1,76,41.93015063829209
1,77,38.76004312625535
1,78,38.2169548082812
2,1,3.835002299312327
2,3,3.8261337084124443
2,4,6.625969185165429
2,5,9.803444362793154
2,6,12.667699015411147
2,7,16.2396150007847
2,8,19.039368536561913
2,9,22.631756487972847
2,10,25.367221887743597
2,11,27.893856353381704
2,12,31.20530324547188
2,13,30.43287486582921
2,14,31.790796295227608
2,15,31.079649659437933
2,16,27.92482802654757
2,17,25.177533962412856
2,18,21.455814252795403
2,19,19.750465044631422
2,20,16.09658544058761
2,21,14.042406360466062
2,22,10.564746692899176
2,23,9.498383521542433
2,24,7.201149601843858
2,25,7.871837787788873
2,26,9.050820719072886
2,27,10.916346210694881
2,28,12.639376563285277
2,29,15.245514738412378
2,30,17.52167198624444
2,31,17.990027057157082
2,32,20.81058507556886
2,33,18.70495616951324
2,34,16.405097488264854
2,35,19.74590893104243
2,36,20.944337236908144
2,37,18.021818249516944
2,38,18.762673143426582
2,39,22.395742805180262
2,40,22.04036493086021
2,41,20.237878885342063
2,42,23.109436075774386
2,43,25.65765488710121
2,44,24.291992650630352
2,45,24.770163038889056
2,46,28.42218336690451
2,47,30.433235256571486
2,48,32.82603390233085
2,49,36.43277413574866
2,50,38.276677629926304
2,51,41.43190758056176
2,52,43.63864756174433
2,53,46.25252739619499
2,54,49.137834034783644
2,55,49.386955466550845
2,56,51.99973182022868
2,57,49.68773877146007
2,58,50.93156253687583
2,59,48.40222944227114
2,60,48.51589684940382
2,61,48.277352590461184
2,62,49.85797383417006
2,63,50.5583077414347
2,64,53.98726249441506
2,65,52.78984815725784
2,66,50.23671750544332
2,67,52.84907247687384
2,68,55.37668834600568
2,69,56.35279777017655
2,70,53.1924068559849
2,71,50.62083106801394
2,72,48.15179992496967
2,73,45.94368987306102
2,74,43.25326002078737
2,75,40.1681842884041
2,76,38.47440409198249
2,77,35.25820733478143
2,78,34.58013597427879
3,1,7.090659523317763
3,2,3.8261337084124443
3,4,3.8042525716522837
3,5,6.739599150222941
3,6,9.606919766377548
3,7,13.218828356491446
3,8,15.79681780999278
3,9,19.4958265566651
3,10,22.037467737891664
3,11,24.754915465184574
3,12,28.02787470951339
3,13,27.072528296274168
3,14,28.49502997977644
3,15,27.833471561229135
3,16,24.829931210160314
3,17,21.952949164726206
3,18,18.265715977008938
3,19,16.2391618958067
3,20,12.602711591710845
3,21,10.290432195251896
3,22,6.761233623875435
3,23,5.921526746378349
3,24,4.6356497355383715
3,25,6.785054107061555
3,26,8.57657030654018
3,27,9.17759788733408
3,28,10.315076144517306
3,29,13.529236945235146
3,30,15.430956356119141
3,31,15.62776811611468
3,32,18.066683614201178
3,33,15.759720386099595
3,34,13.272444926730698
3,35,16.472259982192273
3,36,17.500754301700304
3,37,14.402433842916317
3,38,15.08882423537577
3,39,18.69587543554857
3,40,18.26090768644922
3,41,16.41267023926235
3,42,19.323796028288665
3,43,21.832228418188343
3,44,20.504291253703745
3,45,21.049569097606998
3,46,24.663887146306152
3,47,26.76557457926776
3,48,29.142645926302162
3,49,32.73632888504985
3,50,34.687379008445205
3,51,37.821860516275905
3,52,39.95527815064602
3,53,42.596023107614336
3,54,45.44912057885532
3,55,45.734078857195534
3,56,48.40106356285094
3,57,46.13116118674705
3,58,47.34153064413034
3,59,44.80728112995442
3,60,44.84433466617194
3,61,44.6573393068802
3,62,46.20062330203084
3,63,46.84323352914866
3,64,50.26237826786516
3,65,49.059454803267876
3,66,46.466003120997286
3,67,49.05268533716971
3,68,51.584434659079434
3,69,52.552896175373235
3,70,49.40611944730583
3,71,46.813792289175666
3,72,44.37569989937948
3,73,42.18972671539639
3,74,39.55367361666831
3,75,36.45952833378269
3,76,34.86234398620395
3,77,31.671564642120796
3,78,31.156087188434654
4,1,9.623891606196226
4,2,6.625969185165429
4,3,3.8042525716522837
4,5,3.810922941726015
4,6,6.062929874318769
4,7,9.730353750253215
4,8,12.414381375856626
4,9,16.01733026007696
4,10,18.75730835636694
4,11,21.323993150653134
4,12,24.59311355027135
4,13,23.82455129196992
4,14,25.267661290529052
4,15,24.712256224913396
4,16,21.541479240205472
4,17,18.918490563739216
4,18,15.153515767460933
4,19,13.462598688764723
4,20,10.033146052507206
4,21,8.206054464876773
4,22,5.675623157900963
4,23,5.382385710204338
4,24,6.1558268803006735
4,25,7.701688654066564
4,26,10.670296480691455
4,27,11.009234622196457
4,28,10.820212645762066
4,29,14.236269469126015
4,30,15.224933950974101
4,31,14.490531735487709
4,32,16.919755278462585
4,33,15.12223210083284
4,34,11.966193419078433
4,35,14.628760790881874
4,36,16.238011680354614
4,37,13.280096744021943
4,38,13.041641510841506
4,39,16.79785466630372
4,40,16.943052425357685
4,41,14.765899958276202
4,42,17.14752704697726
4,43,20.09512590436981
4,44,19.129022675256696
4,45,19.18195311632775
4,46,22.758750201042755
4,47,25.029471265179712
4,48,27.731502574064884
4,49,31.152029899864466
4,50,33.234890186595216
4,51,36.14063400936746
4,52,38.087167199052715
4,53,40.508144115389086
4,54,43.23740047120776
4,55,43.26785072648705
4,56,45.952495135072446
4,57,43.81091074682411
4,58,45.26191050453707
4,59,42.93648293250438
4,60,43.12500034083306
4,61,43.225494501695444
4,62,44.92810750208565
4,63,45.59615802121617
4,64,48.88820955317478
4,65,47.44788171276146
4,66,44.85095425860222
4,67,47.462046441961974
4,68,49.81701927821068
4,69,50.56132668312051
4,70,47.286364284472874
4,71,44.71860819935034
4,72,42.10167236923415
4,73,39.989741374077674
4,74,37.257861523400855
4,75,34.35557031487746
4,76,32.78875238114491
4,77,29.798486482639323
4,78,29.47315813003815
5,1,13.182396184393754
5,2,9.803444362793154
5,3,6.739599150222941
5,4,3.810922941726015
5,6,3.803483480326625
5,7,6.769118264572486
5,8,9.871347891146954
5,9,13.35803967515041
5,10,16.24756503994835
5,11,19.111349625572252
5,12,22.09055786922936
5,13,20.95902729138613
5,14,22.06489291731632
5,15,21.27868751754244
5,16,18.181950118872372
5,17,15.379883382039758
5,18,11.656075645646851
5,19,10.152264265859817
5,20,6.601494063454111
5,21,5.873963676915249
5,22,4.6004428132358335
5,23,6.597938364111112
5,24,8.893790901680017
5,25,11.07091575813792
5,26,13.92055883330409
5,27,13.47792522607595
5,28,12.912234376731364
5,29,16.576256254537007
5,30,17.09925568466678
5,31,15.91192071787082
5,32,17.729560577116185
5,33,15.888696250108108
5,34,12.503984950787098
5,35,14.419319648309278
5,36,15.83578310395526
5,37,12.636203967890882
5,38,11.680388071646739
5,39,15.296354215971235
5,40,15.306661208260138
5,41,12.50509345207519
5,42,14.603399954458627
5,43,17.69731578931522
5,44,16.521228432119205
5,45,16.061974741601986
5,46,19.71824625282281
5,47,21.78219871010704
5,48,24.666506824872826
5,49,28.00714689476448
5,50,29.96125474695908
5,51,32.78812561937852
5,52,34.794024604326566
5,53,37.12801119482684
5,54,39.91855382596132
5,55,39.937966932247534
5,56,42.51086764216895
5,57,40.28812496129422
5,58,41.77909987658984
5,59,39.496825810279944
5,60,39.84898481617126
5,61,39.99535749167796
5,62,41.8680054483645
5,63,42.70973730874223
5,64,45.92048633953938
5,65,44.34336268936025
5,66,41.87693206298936
5,67,44.62510539886871
5,68,46.85156623657589
5,69,47.58803746873449
5,70,44.26444166303383
5,71,41.85181352455814
5,72,39.12373836570247
5,73,36.862987694237276
5,74,33.99178239001693
5,75,31.093837109619997
5,76,29.349279137633793
5,77,26.364200102621908
5,78,25.93253327839985
6,1,15.576586673040914
6,2,12.667699015411147
6,3,9.606919766377548
6,4,6.062929874318769
6,5,3.803483480326625
6,7,3.8006192883177876
6,8,6.441088091923093
6,9,9.973819747153932
6,10,12.863038841135051
6,11,15.500025458531812
6,12,18.62811287729368
6,13,17.83258186824811
6,14,19.281187558006355
6,15,18.876700583996634
6,16,15.661072338336416
6,17,13.279151027167416
6,18,9.516306365923398
6,19,8.148794904775508
6,20,5.5939092622486895
6,21,5.322601829688215
6,22,6.250634667189082
6,23,7.50358429956538
6,24,10.46422086339343
6,25,11.964323572774838
6,26,15.236718604499716
6,27,14.619746128896502
6,28,13.037740045815553
6,29,16.497542419499553
6,30,16.158159079967866
6,31,14.204908132281977
6,32,15.828353780911748
6,33,14.644575543910657
6,34,10.938869092607778
6,35,12.072237258890604
6,36,14.079075909905027
6,37,11.43898136004776
6,38,9.53268029393599
6,39,13.101105902165932
6,40,13.958065086968467
6,41,11.274026133957447
6,42,12.587534164572467
6,43,16.055627430397934
6,44,15.636389062035848
6,45,14.916116445211683
6,46,18.276748401206085
6,47,20.746069820330142
6,48,23.821720479922654
6,49,26.917996642675142
6,50,29.184935986691368
6,51,31.73445193824771
6,52,33.38664057465518
6,53,35.52587340719515
6,54,38.07878627039065
6,55,37.83505371327342
6,56,40.548262293414545
6,57,38.58269258624714
6,58,40.288487259190774
6,59,38.22819306505181
6,60,38.56704842099531
6,61,39.04958734662189
6,62,40.92660633829517
6,63,41.613468056678286
6,64,44.70795084948202
6,65,42.97384889230925
6,66,40.39236863064297
6,67,43.02552896654019
6,68,45.13720868511416
6,69,45.616316536986936
6,70,42.208412379171634
6,71,39.70453076179218
6,72,36.887795208616005
6,73,34.85697527500931
6,74,32.03846654693923
6,75,29.391096578479917
6,76,27.922561165512533
6,77,25.25596043134928
6,78,25.299600556219538
7,1,19.255446659839475
7,2,16.2396150007847
7,3,13.218828356491446
7,4,9.730353750253215
7,5,6.769118264572486
7,6,3.8006192883177876
7,8,3.8166291285486054
7,9,6.724236458325353
7,10,9.997111244612334
7,11,12.726240904169504
7,12,15.498951111103704
7,13,14.535978434960143
7,14,15.690747887379283
7,15,15.209590017291609
7,16,11.897375443206935
7,17,9.701589956677388
7,18,5.977527565233724
7,19,5.652673455896741
7,20,4.704585233494941
7,21,6.646615833671262
7,22,9.000866668546893
7,23,10.873674741899915
7,24,14.120998621630301
7,25,15.674000446802168
7,26,18.932093837654687
7,27,18.052073905136016
7,28,16.20083538663068
7,29,19.579373638010786
7,30,18.770311987048274
7,31,16.38250082177277
7,32,17.451288408692367
7,33,16.60162448899763
7,34,12.9470806899342
7,35,13.02179150756676
7,36,14.992345108748161
7,37,12.672165078424964
7,38,9.84512299597979
7,39,12.790848400366508
7,40,13.928095408375908
7,41,10.8730405486161
7,42,11.124111345070501
7,43,14.828926714863313
7,44,14.628280091966959
7,45,13.0821697157268
7,46,16.21729998404091
7,47,18.571966110999693
7,48,21.934507573399525
7,49,24.733738655069374
7,50,26.959875395848886
7,51,29.226707649288354
7,52,30.75183726163231
7,53,32.63937404416242
7,54,35.12220031836183
7,55,34.68571333814288
7,56,37.31811896840255
7,57,35.40037764307123
7,58,37.297091643041306
7,59,35.43473669149603
7,60,35.9910264076491
7,61,36.70179909798379
7,62,38.78048188765982
7,63,39.59522702759848
7,64,42.517905009060065
7,65,40.547828696071676
7,66,38.08067513903817
7,67,40.80074949231655
7,68,42.6866922848056
7,69,43.00799995903884
7,70,39.50117494206939
7,71,37.14664139063436
7,72,34.14463041332351
7,73,32.0760200991929
7,74,29.10994002040856
7,75,26.65195051620974
7,76,25.10489133308782
7,77,22.67125856237073
7,78,22.81336746038174
8,1,21.811969528278052
8,2,19.039368536561913
8,3,15.79681780999278
8,4,12.414381375856626
8,5,9.871347891146954
8,6,6.441088091923093
8,7,3.8166291285486054
8,9,3.80373986728735
8,10,6.437326857697437
8,11,9.29117901601131
8,12,12.281252771576012
8,13,11.462693181360885
8,14,13.2825885956073
8,15,13.414671028568772
8,16,10.415868393704509
8,17,8.695527914105497
8,18,5.715406889313825
8,19,4.904689927857114
8,20,6.16294715009615
8,21,7.60304016645457
8,22,10.82550801377302
8,23,12.189911914725528
8,24,15.696627292036945
8,25,17.04518791019696
8,26,20.215208851367166
8,27,18.93003757396912
8,28,16.4676926635249
8,29,19.521102993577962
8,30,18.046396385783506
8,31,15.261776371729141
8,32,15.676957650925317
8,33,15.322623533697312
8,34,11.899444013195858
8,35,10.8997960596616
8,36,12.968091412233504
8,37,11.42247163025775
8,38,7.911308316477423
8,39,10.169807780760113
8,40,12.057561961088242
8,41,9.517570208001539
8,42,8.737264793769679
8,43,12.534564865270326
8,44,13.237345255742458
8,45,11.755713525868998
8,46,14.298547621685245
8,47,17.12830410452781
8,48,20.433497622409384
8,49,22.973662233164983
8,50,25.5740795767865
8,51,27.60737845812629
8,52,28.738093640463692
8,53,30.546191372088842
8,54,32.776461048805785
8,55,32.21315214864729
8,56,35.05901365948985
8,57,33.41879924338358
8,58,35.379530750324136
8,59,33.650474679384835
8,60,34.01825159131959
8,61,34.98478888546391
8,62,36.920986920746074
8,63,37.48106689389703
8,64,40.330323342902844
8,65,38.32971157892559
8,66,35.694252466586676
8,67,38.227814689804134
8,68,40.093253063544694
8,69,40.23970531342446
8,70,36.72509297965777
8,71,34.215026642418266
8,72,31.246755418758656
8,73,29.449470384887746
8,74,26.676302442066692
8,75,24.416068718162787
8,76,23.31875328875791
8,77,21.217858025593905
8,78,21.982713877866125
9,1,25.38059683118902
9,2,22.631756487972847
9,3,19.4958265566651
9,4,16.01733026007696
9,5,13.35803967515041
9,6,9.973819747153932
9,7,6.724236458325353
9,8,3.80373986728735
9,10,3.7786740229557583
9,11,6.221466134718721
9,12,8.775169176770111
9,13,8.181550903093513
9,14,9.990477221072611
9,15,10.499076436063365
9,16,7.475465722167831
9,17,7.032988108673579
9,18,5.5568680489484485
9,19,6.554501446903845
9,20,9.128451791599028
9,21,11.179560846927124
9,22,14.542949153918313
9,23,15.981888173636921
9,24,19.475821716025393
9,25,20.66647772196016
9,26,23.89957719906954
9,27,22.617355100204843
9,28,19.982446724087556
9,29,22.839451961857776
9,30,21.004300747474392
9,31,17.925022915377262
9,32,17.990510531301176
9,33,18.1262275185227
9,34,14.939456096549451
9,35,13.20437511726469
9,36,15.25668527984759
9,37,14.311813282319994
9,38,10.552768033138992
9,39,11.776151166275952
9,40,14.014052436607058
9,41,11.695189292249664
9,42,9.698183411466058
9,43,13.26661768742122
9,44,14.468991888841439
9,45,12.329104378666077
9,46,14.115513300641046
9,47,16.809899641850425
9,48,20.270716842220082
9,49,22.278277152788686
9,50,24.889415863511697
9,51,26.449043582173125
9,52,27.242787330258015
9,53,28.648240057131417
9,54,30.637882194609762
9,55,29.719926554585598
9,56,32.53041091462506
9,57,31.103803386471572
9,58,33.356218656171635
9,59,31.9677963036473
9,60,32.542742457061365
9,61,33.87182292065057
9,62,35.96920128806511
9,63,36.57050227068626
9,64,39.16781326345673
9,65,36.89560439301011
9,66,34.35049206031064
9,67,36.87374570822
9,68,38.443877693748256
9,69,38.300119667779924
9,70,34.67470494946284
9,71,32.29026317761524
9,72,29.116671282382274
9,73,27.448301664637064
9,74,24.600915436463172
9,75,22.756132876811293
9,76,21.774396018322204
9,77,20.18668308556699
9,78,21.252370581213594
10,1,28.011792855536907
10,2,25.367221887743597
10,3,22.037467737891664
10,4,18.75730835636694
10,5,16.24756503994835
10,6,12.863038841135051
10,7,9.997111244612334
10,8,6.437326857697437
10,9,3.7786740229557583
10,11,3.775923290021375
10,12,6.250076026947497
10,13,5.555707798885961
10,14,8.47200999260999
10,15,9.849371401467849
10,16,8.017996529544995
10,17,8.146743482159348
10,18,8.005109202835483
10,19,8.196558911229923
10,20,11.385453994993911
10,21,12.95873239703452
10,22,16.587407424030086
10,23,17.790905208247022
10,24,21.37400677988179
10,25,22.559396010666834
10,26,25.559818607334424
10,27,23.894708310979354
10,28,20.973219709244933
10,29,23.51128386766833
10,30,21.272435835556514
10,31,18.1329808071084
10,32,17.448920928079914
10,33,17.897559057979365
10,34,15.26218852429787
10,35,12.706069420484328
10,36,14.376169329092454
10,37,14.217785170250801
10,38,10.457626368545636
10,39,10.431288800662132
10,40,13.052839228233312
10,41,11.525453869605625
10,42,8.608944084649902
10,43,11.61040311369093
10,44,13.669556367548996
10,45,11.784651067919613
10,46,12.620777444719028
10,47,15.631392604410866
10,48,18.81949508643092
10,49,20.466340652065064
10,50,23.40867651137417
10,51,24.708830618061583
10,52,25.07471538455898
10,53,26.423781216299254
10,54,28.13993655061766
10,55,27.163937837870463
10,56,30.202699245352246
10,57,29.062893644182072
10,58,31.29236652108514
10,59,30.009144267903345
10,60,30.331734154635832
10,61,31.87694542800887
10,62,33.777645022923785
10,63,34.1047377499278
10,64,36.62128495418027
10,65,34.36539105030533
10,66,31.659040500137476
10,67,33.97130285915143
10,68,35.538205874353814
10,69,35.25626849138024
10,70,31.65879853245096
10,71,29.11260024545452
10,72,26.02132923599722
10,73,24.646536930538627
10,74,22.074504842053546
10,75,20.448299871843957
10,76,20.02483324576737
10,77,18.840700886637695
10,78,20.54762450343498
11,1,30.281520220759568
11,2,27.893856353381704
11,3,24.754915465184574
11,4,21.323993150653134
11,5,19.111349625572252
11,6,15.500025458531812
11,7,12.726240904169504
11,8,9.29117901601131
11,9,6.221466134718721
11,10,3.775923290021375
11,12,3.785822063391987
11,13,5.624286087430736
11,14,8.918438484086247
11,15,11.055440516314427
11,16,9.507787710475087
11,17,10.896706639581826
11,18,11.144536044513522
11,19,11.851572350203748
11,20,14.857950250845427
11,21,16.28814457921025
11,22,19.76235528693242
11,23,20.576554466866067
11,24,23.97871645544159
11,25,24.695308015720528
11,26,27.82991408452943
11,27,26.40572496862681
11,28,23.235537345944458
11,29,25.435511800377498
11,30,22.82801642269834
11,31,19.38956383999425
11,32,18.71708667923969
11,33,19.855794331664526
11,34,17.361891340333052
11,35,14.516438258803158
11,36,16.587649571780613
11,37,17.03425845716228
11,38,13.342985244700511
11,39,13.081271573629339
11,40,16.136605219687308
11,41,15.051296381929328
11,42,12.05851120187619
11,43,14.714438911202567
11,44,17.152707475218275
11,45,15.332787223197938
11,46,15.687130168939488
11,47,18.62127093382672
11,48,21.68490484259137
11,49,22.890461360426002
11,50,25.89412647472701
11,51,26.765429076431257
11,52,26.678813182788666
11,53,27.612394415351034
11,54,28.894494655643932
11,55,27.477693351585714
11,56,30.55770322767008
11,57,29.83923372998567
11,58,32.344655084928014
11,59,31.455121921077
11,60,31.831155591960233
11,61,33.73252108853821
11,62,35.614318590648494
11,63,35.78974609293044
11,64,38.064603922502485
11,65,35.65164872171602
11,66,32.93152275677774
11,67,35.02675299829127
11,68,36.348719946104744
11,69,35.680818669874995
11,70,32.0454209999089
11,71,29.4897986410607
11,72,26.334964535378568
11,73,25.399078953767987
11,74,23.015651354135752
11,75,21.965893092317305
11,76,21.906205384332964
11,77,21.274259099372635
11,78,23.25507605618745
12,1,33.74569885522964
12,2,31.20530324547188
12,3,28.02787470951339
12,4,24.59311355027135
12,5,22.09055786922936
12,6,18.62811287729368
12,7,15.498951111103704
12,8,12.281252771576012
12,9,8.775169176770111
12,10,6.250076026947497
12,11,3.785822063391987
12,13,3.8099710463217558
12,14,6.624130959926873
12,15,9.319633507508211
12,16,8.87242144410762
12,17,11.236229649911332
12,18,12.64759931046304
12,19,13.91772575563539
12,20,17.310877144300576
12,21,19.178763264240096
12,22,22.789066864830385
12,23,23.931581790432084
12,24,27.43579692997589
12,25,28.33279285613451
12,26,31.440411566161927
12,27,29.896379539130375
12,28,26.79133047427081
12,29,29.033046254129754
12,30,26.41839333448224
12,31,23.032062772605933
12,32,22.11743518750055
12,33,23.197851953479223
12,34,20.860538466014955
12,35,17.88922221595601
12,36,19.57459326128594
12,37,20.047125989438022
12,38,16.392616037156998
12,39,15.656476310546642
12,40,18.402288847153198
12,41,17.29539630285087
12,42,13.89686745768208
12,43,16.035788012877994
12,44,18.47649489331881
12,45,16.25197059013611
12,46,15.918076055009847
12,47,18.386147827349674
12,48,21.37051816754985
12,49,21.97581853969135
12,50,24.821154393494535
12,51,25.181355450722677
12,52,24.763254413433074
12,53,25.24925203869488
12,54,26.268055710922983
12,55,24.527610675939897
12,56,27.510137772565233
12,57,27.0060348318025
12,58,29.741071338005643
12,59,29.201190920041206
12,60,29.78876841532076
12,61,31.994334597030043
12,62,34.02142260930026
12,63,34.286788659123054
12,64,36.270729286937986
12,65,33.6145442837689
12,66,31.075839673155617
12,67,33.1767003182026
12,68,34.163990189851546
12,69,33.25005210463005
12,70,29.544359802964042
12,71,27.22043918376438
12,72,23.88074758836463
12,73,23.04390941317547
12,74,20.629004736857887
12,75,20.082141019974735
12,76,20.156697808477205
12,77,20.115173114629176
12,78,22.302028602466844
13,1,33.26104182903277
13,2,30.43287486582921
13,3,27.072528296274168
13,4,23.82455129196992
13,5,20.95902729138613
13,6,17.83258186824811
13,7,14.535978434960143
13,8,11.462693181360885
13,9,8.181550903093513
13,10,5.555707798885961
13,11,5.624286087430736
13,12,3.8099710463217558
13,14,3.791986724815859
13,15,6.327396733039143
13,16,6.628862029463166
13,17,8.493065413555355
13,18,10.571537615488568
13,19,11.73712827841271
13,20,15.429352565440402
13,21,17.591317297297277
13,22,21.33596240153506
13,23,22.951971604227786
13,24,26.62625426261704
13,25,28.019580329960835
13,26,30.951323974075915
13,27,29.108079434967905
13,28,26.261800022229384
13,29,28.777634472878137
13,30,26.466518733687266
13,31,23.371947200440943
13,32,22.278007448603574
13,33,22.758365362515715
13,34,20.45748172370245
13,35,17.63544314177368
13,36,18.733989216780238
13,37,18.7770321023048
13,38,15.211975549514541
13,39,14.288638463525594
13,40,16.418850117574724
13,41,15.035252367888063
13,42,11.479283294547376
13,43,13.369227712247785
13,44,15.487695904941855
13,45,12.957426654534853
13,46,12.439149565866327
13,47,14.674728697466593
13,48,17.73991696277392
13,49,18.3948053269569
13,50,21.145090535522435
13,51,21.65741126971528
13,52,21.522319911943452
13,53,22.25748834940776
13,54,23.65331454214535
13,55,22.268673148863478
13,56,25.213303182554874
13,57,24.319729294299425
13,58,26.866815275994984
13,59,26.046015453820143
13,60,26.66591182235884
13,61,28.671449706538656
13,62,30.798650693251545
13,63,31.26201975105782
13,64,33.371260731685865
13,65,30.749482194293066
13,66,28.28716672951303
13,67,30.6415647976719
13,68,31.747886206754316
13,69,31.148207751762833
13,70,27.42827848726513
13,71,25.199017658625742
13,72,21.813633434318877
13,73,20.497856651119896
13,74,17.80767513735621
13,75,16.850772164811577
13,76,16.63061765004812
13,77,16.37333287761732
13,78,18.506981450239255
14,1,34.85173152499863
14,2,31.790796295227608
14,3,28.49502997977644
14,4,25.267661290529052
14,5,22.06489291731632
14,6,19.281187558006355
14,7,15.690747887379283
14,8,13.2825885956073
14,9,9.990477221072611
14,10,8.47200999260999
14,11,8.918438484086247
14,12,6.624130959926873
14,13,3.791986724815859
14,15,2.9929679292032243
14,16,4.955860455271853
14,17,7.58025504534633
14,18,10.698758891106587
14,19,12.658313389587681
14,20,16.341086831681178
14,21,19.08364486211712
14,22,22.758480036220107
14,23,24.85007516832251
14,24,28.560385248062836
14,25,30.21610557073083
14,26,33.175672173859276
14,27,31.357915482683666
14,28,28.782132305589045
14,29,31.552224696611045
14,30,29.501703735881197
14,31,26.512341825930275
14,32,25.56651283889873
14,33,25.727969641633415
14,34,23.274482069393724
14,35,20.73714665494468
14,36,21.660471769455082
14,37,21.245241280860924
14,38,17.734511114505104
14,39,17.02157382124053
14,40,18.593989584140466
14,41,16.730415691441817
14,42,13.338822882519207
14,43,15.053989235508375
14,44,16.49215079441523
14,45,13.357867920978418
14,46,12.756330776529635
14,47,14.068835086420766
14,48,17.27286742732781
14,49,17.59863729334138
14,50,19.80995093894283
14,51,20.0482527790284
14,52,20.091127886284013
14,53,20.504019602358763
14,54,22.072482171775782
14,55,20.592264169284466
14,56,23.15850970380085
14,57,22.00777895011257
14,58,24.741658858811086
14,59,24.068449577562845
14,60,25.174589810562903
14,61,27.21233466504525
14,62,29.707659949532633
14,63,30.587765094539673
14,64,32.51666852547974
14,65,29.660098098128135
14,66,27.58012665437107
14,67,30.22358613632597
14,68,31.045351437789012
14,69,30.475641823897263
14,70,26.692738899503414
14,71,24.92178266359911
14,72,21.314939140650598
14,73,19.588046625998377
14,74,16.46979658456443
14,75,15.640570071497166
14,76,14.831369072644753
14,77,14.782365095155045
14,78,16.555242889833803
15,1,34.32582574147102
15,2,31.079649659437933
15,3,27.833471561229135
15,4,24.712256224913396
15,5,21.27868751754244
15,6,18.876700583996634
15,7,15.209590017291609
15,8,13.414671028568772
15,9,10.499076436063365
15,10,9.849371401467849
15,11,11.055440516314427
15,12,9.319633507508211
15,13,6.327396733039143
15,14,2.9929679292032243
15,16,3.8067822871521235
15,17,6.006930028145187
15,18,9.630921749969184
15,19,11.971185328659416
15,20,15.479590682630109
15,21,18.587155136832838
15,22,22.127836079727572
15,23,24.593984736110038
15,24,28.295393399345933
15,25,30.211389804755466
15,26,33.131861769202644
15,27,31.326396898128582
15,28,29.04126882529471
15,29,32.04762951429927
15,30,30.30976474689698
15,31,27.493073377289143
15,32,26.724756813360948
15,33,26.50373817569924
15,34,23.905523568666574
15,35,21.724613436165296
15,36,22.495302174973325
15,37,21.589996291075863
15,38,18.190053519223827
15,39,17.800674059634176
15,40,18.878084878479957
15,41,16.562137756105617
15,42,13.51655932013446
15,43,15.268077268890158
15,44,16.01576077794914
15,45,12.508953054585353
15,46,12.268431891871765
15,47,12.975404083943191
15,48,16.375631468579876
15,49,16.864036488054108
15,50,18.645833617345634
15,51,19.06781407165011
15,52,19.601147933266553
15,53,20.122403172886223
15,54,22.08841197566389
15,55,20.867877244399264
15,56,23.126295235896155
15,57,21.53203715436359
15,58,24.16903391439152
15,59,23.308702106431905
15,60,24.683819179462667
15,61,26.463172150772788
15,62,29.18497935645362
15,63,30.401408633212178
15,64,32.38804818078081
15,65,29.5254658504734
15,66,27.677620527470438
15,67,30.588046765266924
15,68,31.414706186819096
15,69,31.097445840776683
15,70,27.344289501265926
15,71,25.819801925575515
15,72,22.203099014605232
15,73,20.025499049883113
15,74,16.601951560206334
15,75,15.420454445349247
15,76,13.900444559359109
15,77,13.472509212938384
15,78,14.652175433026695
16,1,31.099506238596536
16,2,27.92482802654757
16,3,24.829931210160314
16,4,21.541479240205472
16,5,18.181950118872372
16,6,15.661072338336416
16,7,11.897375443206935
16,8,10.415868393704509
16,9,7.475465722167831
16,10,8.017996529544995
16,11,9.507787710475087
16,12,8.87242144410762
16,13,6.628862029463166
16,14,4.955860455271853
16,15,3.8067822871521235
16,17,3.7990671495661936
16,18,6.701804991036289
16,19,9.688420428785118
16,20,12.919588960909895
16,21,16.141295811281342
16,22,19.5417601738054
16,23,21.91250983403371
16,24,25.515737926557566
16,25,27.246172466198033
16,26,30.346716397955078
16,27,28.849846782819345
16,28,26.5905785317146
16,29,29.676111851863208
16,30,28.039521895128566
16,31,25.143486401859455
16,32,24.829963524155854
16,33,24.639544427877553
16,34,21.69553426096383
16,35,19.83164706579756
16,36,21.077015959728868
16,37,19.91859406994338
16,38,16.362035422334003
16,39,16.69942704633826
16,40,18.033987251484156
16,41,15.366258104393344
16,42,12.717140574139524
16,43,15.29623019948172
16,44,15.90999444556774
16,45,12.48294579467889
16,46,13.293850909668203
16,47,14.554484063043432
16,48,18.212013553272936
16,49,19.357477049989715
16,50,21.25442803655268
16,51,22.144727370546825
16,52,22.949888494134864
16,53,23.73378763241973
16,54,25.793208322627297
16,55,24.63434225390601
16,56,26.93220008485981
16,57,25.297286715651765
16,58,27.86151400327314
16,59,26.837051088612533
16,60,28.11533285013366
16,61,29.683537869084244
16,62,32.32888674709966
16,63,33.49208202639276
16,64,35.67800118245149
16,65,32.95756075117591
16,66,30.97702399076799
16,67,33.859033905221025
16,68,34.880437946939416
16,69,34.63122822317932
16,70,30.89042323516637
16,71,29.17365379651762
16,72,25.63170876961647
16,73,23.527553033848967
16,74,20.174698006822148
16,75,18.7198485151
16,76,17.114448997598817
16,77,16.09971050645056
16,78,16.882188091310002
17,1,28.511124776656768
17,2,25.177533962412856
17,3,21.952949164726206
17,4,18.918490563739216
17,5,15.379883382039758
17,6,13.279151027167416
17,7,9.701589956677388
17,8,8.695527914105497
17,9,7.032988108673579
17,10,8.146743482159348
17,11,10.896706639581826
17,12,11.236229649911332
17,13,8.493065413555355
17,14,7.58025504534633
17,15,6.006930028145187
17,16,3.7990671495661936
17,18,3.7880387422513704
17,19,6.4988781697574804
17,20,9.658605831201186
17,21,13.034752283535749
17,22,16.386315857609105
17,23,19.068557957394436
17,24,22.703111766525478
17,25,24.794094499001044
17,26,27.689372148831108
17,27,26.021645342727926
17,28,24.046695551801527
17,29,27.314828448738666
17,30,26.027880644757214
17,31,23.469247304537454
17,32,23.189064811412347
17,33,22.475697287284643
17,34,19.543583552437514
17,35,18.082177973162295
17,36,18.96773841166071
17,37,17.30664904466002
17,38,14.018631175966949
17,39,14.652135209828483
17,40,15.394646537050383
17,41,12.342714697550075
17,42,10.230687064961492
17,43,12.922420741316792
17,44,12.883221554947603
17,45,9.405575170349938
17,46,11.022730415292413
17,47,12.313600972893745
17,48,16.075444368822964
17,49,17.85826390549978
17,50,19.726883055426132
17,51,21.23329809617869
17,52,22.546414784294615
17,53,23.893281861829195
17,54,26.352707422227233
17,55,25.72444509743784
17,56,28.06297246763912
17,57,26.072571027662736
17,58,28.222311609407125
17,59,26.70693072523015
17,60,27.766039963141946
17,61,28.883870305694536
17,62,31.42124028516005
17,63,32.627078583805265
17,64,35.11497665039165
17,65,32.671436056522744
17,66,30.616454416635186
17,67,33.60543990126252
17,68,34.966238526653484
17,69,35.1136759736617
17,70,31.484217106458228
17,71,29.654256605461754
17,72,26.31988597871676
17,73,23.934395457546618
17,74,20.587573471090238
17,75,18.47659687022278
17,76,16.584190830069794
17,77,14.775218583889979
17,78,15.155771732201424
18,1,24.74838106596267
18,2,21.455814252795403
18,3,18.265715977008938
18,4,15.153515767460933
18,5,11.656075645646851
18,6,9.516306365923398
18,7,5.977527565233724
18,8,5.715406889313825
18,9,5.5568680489484485
18,10,8.005109202835483
18,11,11.144536044513522
18,12,12.64759931046304
18,13,10.571537615488568
18,14,10.698758891106587
18,15,9.630921749969184
18,16,6.701804991036289
18,17,3.7880387422513704
18,19,3.8079107127131984
18,20,6.306114564428644
18,21,9.757794373979424
18,22,12.950390381171
18,23,15.568826763974252
18,24,19.126202614449536
18,25,21.154287021262057
18,26,24.125445865669167
18,27,22.665239416221734
18,28,20.788767639034614
18,29,24.155851721623726
18,30,23.08532882332378
18,31,20.622187326663195
18,32,20.77286727775701
18,33,19.904681981343522
18,34,16.701327884450723
18,35,15.762577688056075
18,36,16.95279860053654
18,37,14.912718215764837
18,38,11.692384441353628
18,39,13.215044206744434
18,40,14.003805806811139
18,41,10.662104227490344
18,42,9.453824272984534
18,43,12.78713574531123
18,44,12.517337388073635
18,45,9.664234079087182
18,46,12.265238051920832
18,47,14.063041532244034
18,48,17.726036022988126
18,49,20.074613191528574
18,50,22.078746038242446
18,51,24.009771608141467
18,52,25.50346157902954
18,53,27.150100107968687
18,54,29.680650429993914
18,55,29.1982312375977
18,56,31.647840859250792
18,57,29.632285677307284
18,58,31.624607006500057
18,59,29.900673215343655
18,60,30.739442998807796
18,61,31.619551761645763
18,62,33.97172243381922
18,63,35.045644587985365
18,64,37.75338871191144
18,65,35.53150683509562
18,66,33.30937833965898
18,67,36.22089517454906
18,68,37.834951142850166
18,69,38.109172239635946
18,70,34.53808970539059
18,71,32.48926651311752
18,72,29.30502458157075
18,73,26.99922454330845
18,74,23.79915279947598
18,75,21.448725521847
18,76,19.643817168373577
18,77,17.429384604704612
18,78,17.60295449929417
19,1,23.00012668889728
19,2,19.750465044631422
19,3,16.2391618958067
19,4,13.462598688764723
19,5,10.152264265859817
19,6,8.148794904775508
19,7,5.652673455896741
19,8,4.904689927857114
19,9,6.554501446903845
19,10,8.196558911229923
19,11,11.851572350203748
19,12,13.91772575563539
19,13,11.73712827841271
19,14,12.658313389587681
19,15,11.971185328659416
19,16,9.688420428785118
19,17,6.4988781697574804
19,18,3.8079107127131984
19,20,3.812846949681404
19,21,6.625414682288324
19,22,10.19039632372588
19,23,12.751657234866624
19,24,16.462337244402843
19,25,18.746955717411666
19,26,21.419308929915573
19,27,19.57056124015076
19,28,17.690209394284697
19,29,21.0508760875998
19,30,20.08189110998481
19,31,17.923402642548307
19,32,17.83020744483587
19,33,16.58330187712778
19,34,13.596253490593357
19,35,12.812886755921975
19,36,13.55331588264791
19,37,11.277080986111738
19,38,8.310758245630671
19,39,9.979798030412692
19,40,10.393736860048309
19,41,6.947494796384255
19,42,6.44138789736911
19,43,9.904217547495964
19,44,9.50562305327997
19,45,7.485909297718075
19,46,10.598769837474155
19,47,12.950012911451358
19,48,16.298345070690292
19,49,19.097930594937903
19,50,21.397926680549272
19,51,23.727320821734562
19,52,25.29535462816963
19,53,27.382877048883785
19,54,29.983949338721356
19,55,29.85253526014337
19,56,32.52389861933315
19,57,30.496356887255526
19,58,32.14612439866818
19,59,30.10740410663247
19,60,30.502903890293286
19,61,31.130785621713134
19,62,33.147365591236714
19,63,33.96479916969151
19,64,36.916162577366535
19,65,35.01472479060983
19,66,32.55600211501136
19,67,35.331094488713745
19,68,37.28499831050248
19,69,37.78467133110007
19,70,34.355117372358784
19,71,32.04300630155317
19,72,29.146944221026757
19,73,26.90559231107878
19,74,23.98791894881014
19,75,21.298982106601272
19,76,19.78507619927494
19,77,17.232335140696655
19,78,17.602180736764673
20,1,19.466366659646592
20,2,16.09658544058761
20,3,12.602711591710845
20,4,10.033146052507206
20,5,6.601494063454111
20,6,5.5939092622486895
20,7,4.704585233494941
20,8,6.16294715009615
20,9,9.128451791599028
20,10,11.385453994993911
20,11,14.857950250845427
20,12,17.310877144300576
20,13,15.429352565440402
20,14,16.341086831681178
20,15,15.479590682630109
20,16,12.919588960909895
20,17,9.658605831201186
20,18,6.306114564428644
20,19,3.812846949681404
20,21,3.8028202894204735
20,22,6.741640808101957
20,23,9.734173357765071
20,24,13.27759012166182
20,25,15.818024794448322
20,26,18.415320068285038
20,27,16.781345435760354
20,28,15.402428968270668
20,29,19.012378565172888
20,30,18.649254066977445
20,31,16.92937880063733
20,32,17.42559811228483
20,33,15.686120729370732
20,34,12.51408833317927
20,35,12.837809583217814
20,36,13.610303639530432
20,37,10.594157519517198
20,38,8.479132473126107
20,39,11.18957381229645
20,40,11.058737156087547
20,41,7.5156988103104565
20,42,8.78199909249132
20,43,11.985111116629088
20,44,10.858824785202135
20,45,9.698019351843554
20,46,13.29074795385161
20,47,15.399421367401985
20,48,18.48479963220147
20,49,21.648696892813046
20,50,23.732005015627607
20,51,26.394644698436625
20,52,28.2669317857946
20,53,30.556405201188873
20,54,33.319770950053545
20,55,33.37380585790788
20,56,35.97306081245703
20,57,33.78069943917382
20,58,35.26243215637592
20,59,33.026425170900076
20,60,33.37264037007417
20,61,33.68640014604679
20,62,35.627072774662224
20,63,36.490272136883064
20,64,39.596880533817696
20,65,37.88954952825846
20,66,35.45037165050017
20,67,38.24919966475801
20,68,40.36724426314944
20,69,41.062996161515464
20,70,37.71720537095439
20,71,35.385981663368526
20,72,32.61244140649635
20,73,30.2844196144965
20,74,27.393185972344074
20,75,24.503334699228912
20,76,22.81732974157299
20,77,19.93574779513825
20,78,19.82594766666066
21,1,17.146397626592446
21,2,14.042406360466062
21,3,10.290432195251896
21,4,8.206054464876773
21,5,5.873963676915249
21,6,5.322601829688215
21,7,6.646615833671262
21,8,7.60304016645457
21,9,11.179560846927124
21,10,12.95873239703452
21,11,16.28814457921025
21,12,19.178763264240096
21,13,17.591317297297277
21,14,19.08364486211712
21,15,18.587155136832838
21,16,16.141295811281342
21,17,13.034752283535749
21,18,9.757794373979424
21,19,6.625414682288324
21,20,3.8028202894204735
21,22,3.8070127816414248
21,23,6.285120622408321
21,24,9.981304966439547
21,25,12.656332760398715
21,26,14.992520492898526
21,27,13.098130222943652
21,28,11.69366587297447
21,29,15.32208790728679
21,30,15.183192745754363
21,31,13.881366499380626
21,32,14.479884516693938
21,33,12.347074534540955
21,34,9.301214044798359
21,35,10.387974511812718
21,36,10.963961127098006
21,37,7.595377503064914
21,38,6.49611457410929
21,39,9.798544057627302
21,40,9.469640634458571
21,41,6.682293362434426
21,42,9.139283484217513
21,43,11.97679862277824
21,44,11.029749092396218
21,45,11.170364054807925
21,46,14.640578399688543
21,47,17.12342780583126
21,48,19.756673166369758
21,49,23.126832376943227
21,50,25.446549365963765
21,51,28.307867863603164
21,52,30.111819938299682
21,53,32.64565416686102
21,54,35.3472767631019
21,55,35.562278474783525
21,56,38.34926845960006
21,57,36.2525127448106
21,58,37.5398486118896
21,59,35.15173582977148
21,60,35.13714324984075
21,61,35.30741116246829
21,62,36.916117402553986
21,63,37.483808236793934
21,64,40.753136113437016
21,65,39.32407942853817
21,66,36.66883596642822
21,67,39.256414254305476
21,68,41.632066718783356
21,69,42.43026593557401
21,70,39.21273820390892
21,71,36.63650096421065
21,72,34.11687386183523
21,73,31.97997383655758
21,74,29.38017788271519
21,75,26.38900858484583
21,76,25.045171740753286
21,77,22.095370953970264
21,78,22.205592388902204
22,1,13.737572746827606
22,2,10.564746692899176
22,3,6.761233623875435
22,4,5.675623157900963
22,5,4.6004428132358335
22,6,6.250634667189082
22,7,9.000866668546893
22,8,10.82550801377302
22,9,14.542949153918313
22,10,16.587407424030086
22,11,19.76235528693242
22,12,22.789066864830385
22,13,21.33596240153506
22,14,22.758480036220107
22,15,22.127836079727572
22,16,19.5417601738054
22,17,16.386315857609105
22,18,12.950390381171
22,19,10.19039632372588
22,20,6.741640808101957
22,21,3.8070127816414248
22,23,3.7949354142922727
22,24,6.876750894796339
22,25,10.055813356027201
22,26,12.07880766844072
22,27,10.48868286362359
22,28,10.038628827050166
22,29,13.828790318467354
22,30,14.595033213682177
22,31,14.04326844770742
22,32,15.274688854411306
22,33,12.711691111067763
22,34,9.918266454245606
22,35,12.184357806125545
22,36,12.665354280978043
22,37,9.097109241740107
22,38,9.299463757054372
22,39,12.722440128195082
22,40,11.993428731843967
22,41,9.73386926868189
22,42,12.70525695124922
22,43,15.159351437125622
22,44,13.8117929183452
22,45,14.359595879665397
22,46,17.923240921558836
22,47,20.14894907703821
22,48,22.545621753346083
22,49,26.090160344937637
22,50,28.207840671664112
22,51,31.27597504043633
22,52,33.29155738879636
22,53,35.9584236449437
22,54,38.77442517868393
