1,2,3.8065294683398
1,3,6.598794012938
1,4,9.044071997531839
1,5,12.620987013465598
1,6,15.635343305439363
1,7,18.42407444059791
1,8,18.233242336381505
1,9,21.93393441471491
1,10,23.93182030184875
1,11,27.694280810238855
1,12,29.73987457700541
1,13,33.2987266052598
1,14,34.325656811327555
1,15,34.87507190703591
1,16,32.30613879743294
1,17,28.82952602481155
1,18,25.659785541129427
1,19,22.770731169121845
1,20,19.12141365581352
1,21,16.189464212877432
1,22,12.882949148255875
1,23,10.569909402171039
1,24,8.279082839172675
1,25,14.778796202995936
1,26,13.757022313087669
1,27,15.753539582577071
1,28,17.216008611878227
1,29,18.13369986931119
1,30,20.657656616523106
1,31,21.635375725693812
1,32,19.982798804673518
1,33,22.16255396139627
1,34,20.980637987710015
1,35,22.30833053908637
1,36,21.368738913975655
1,37,19.29692803759954
1,38,18.58182946516558
1,39,20.66381605506196
1,40,29.769481421627475
1,41,28.967248538024986
1,42,25.16731544601616
1,43,24.098579247300442
1,44,20.853671526455596
1,45,21.291367152746123
1,46,19.187176392777765
1,47,19.614907099803556
1,48,21.238766683453925
1,49,18.21467134307733
1,50,16.668370487155766
1,51,13.159309139612612
1,52,14.458871171321197
1,53,16.278551826677976
1,54,19.21090842669376
1,55,19.789289739028
1,56,23.422369473260577
1,57,25.928803497491433
1,58,29.227479952433338
1,59,32.07568726507633
1,60,30.36451344308668
1,61,32.643966846303044
1,62,33.21833008049644
1,63,31.85177324746296
1,64,28.46314032067141
1,65,27.68692892807585
1,66,24.883663285591304
1,67,21.199131698677853
1,68,18.6969844615672
1,69,15.018667810794359
1,70,13.071335785434428
1,71,11.240278660044018
1,72,10.118423864964285
1,73,12.245260995968694
1,74,11.49801812234713
1,75,8.131397554952526
1,76,9.607765008206998
1,77,9.592720450523505
1,78,12.204424459995865
1,79,15.782277019947317
1,80,17.914667621873477
1,81,21.697703800133073
1,82,24.135876347285464
1,83,27.81820453956024
1,84,30.606922093610162
1,85,33.87992810857292
1,86,37.22589881316716
1,87,39.45871021452313
2,1,3.8065294683398
2,3,3.8146403317218978
2,4,6.6745392781999175
2,5,9.714370600207547
2,6,13.134680972629774
2,7,15.963563505131068
2,8,15.604521292276456
2,9,19.152570319912144
2,10,21.054978763088705
2,11,24.742150651131094
2,12,26.724926456484962
2,13,30.18754334412179
2,14,31.0226401917193
2,15,31.66616652695899
2,16,29.294106066116136
2,17,25.840668898017825
2,18,22.60178241646545
2,19,19.954588594042097
2,20,16.286175168039023
2,21,13.765166450038958
2,22,10.329306111147751
2,23,9.01828173124631
2,24,7.376306590458733
2,25,12.852588525845068
2,26,11.19268794988513
2,27,12.564195564506692
2,28,13.715366730872386
2,29,14.388523135922956
2,30,16.857897050989813
2,31,18.10999896922204
2,32,16.30420756596038
2,33,18.458185012493853
2,34,17.409004704196377
2,35,18.754494878971826
2,36,18.12753461313772
2,37,16.426693424721304
2,38,16.256808834994686
2,39,18.629052345230786
2,40,26.508549067673236
2,41,25.663148474311942
2,42,21.872843070551212
2,43,21.149315182760073
2,44,18.17055706401111
2,45,19.1324065627907
2,46,17.598044974753844
2,47,18.445615382715324
2,48,20.67705092604174
2,49,18.147009065968568
2,50,16.281798587327508
2,51,12.769989845104593
2,52,13.240816538580864
2,53,14.281896480845077
2,54,16.844226299607413
2,55,16.85708720207214
2,56,20.431022656805972
2,57,22.661049594023098
2,58,26.080329744131458
2,59,28.823189062613572
2,60,26.969136624663868
2,61,29.10122824376394
2,62,29.645184608773
2,63,28.15228231200939
2,64,24.799320590935668
2,65,24.100295530688527
2,66,21.256324510532576
2,67,17.59023769914303
2,68,15.01371773797266
2,69,11.30001342318258
2,70,9.428780703515928
2,71,7.719849034682547
2,72,7.486881099676508
2,73,10.149895523863446
2,74,9.080850315401777
2,75,5.39961844292115
2,76,5.955963660834581
2,77,5.975296374844376
2,78,9.038766879290142
2,79,12.389236510429678
2,80,14.678567623966837
2,81,18.41424341590432
2,82,20.795136507791597
2,83,24.524323950695408
2,84,27.258061793927183
2,85,30.61780444971845
2,86,33.881005755784535
2,87,36.212271493879825
3,1,6.598794012938
3,2,3.8146403317218978
3,4,3.7951891623113783
3,5,6.631700891600718
3,6,10.043492844885735
3,7,12.998592866951158
3,8,13.323795547948372
3,9,16.696622552933047
3,10,18.133997135081838
3,11,21.84546118224356
3,12,23.56163958448436
3,13,27.02667461027849
3,14,27.892895551905085
3,15,28.32396292852825
3,16,25.80541269066594
3,17,22.297727378666572
3,18,19.16396842825473
3,19,16.324268943893692
3,20,12.707625409458682
3,21,10.007711544451245
3,22,6.535674220687034
3,23,5.474338597582854
3,24,4.899155973399305
3,25,11.770792513557382
3,26,9.26789799147198
3,27,10.652022705556748
3,28,11.278752022851005
3,29,12.596505778879404
3,30,15.077146134116566
3,31,18.133778498690305
3,32,15.74576924257077
3,33,17.302859080190824
3,34,15.880999736162638
3,35,16.51530312060231
3,36,15.656344800786757
3,37,14.156354662796103
3,38,13.780620029636491
3,39,16.310176395561403
3,40,23.627773417421
3,41,22.546256109215978
3,42,18.790831424006022
3,43,17.872028506296427
3,44,14.827577777958785
3,45,15.633148432334826
3,46,14.246232880691467
3,47,14.997536648132847
3,48,17.517570151670377
3,49,15.313091572588077
3,50,13.538712325852932
3,51,10.021629914236003
3,52,9.776673912123716
3,53,10.628554077036092
3,54,13.074473958227365
3,55,13.28910920951032
3,56,16.871952740781243
3,57,19.33672043971551
3,58,22.652353799379668
3,59,25.477388871478325
3,60,23.824929656688937
3,61,26.225441176406928
3,62,27.02162969968924
3,63,25.8257187184516
3,64,22.2875493734025
3,65,21.76881685656336
3,66,19.32141669796898
3,67,15.861920103675212
3,68,12.890989930164135
3,69,9.266026726759026
3,70,7.111058332340218
3,71,6.7073220116909615
3,72,7.050358712267846
3,73,10.618249881050973
3,74,10.566516442723495
3,75,7.382436828766824
3,76,6.506763308835074
3,77,5.17878443529606
3,78,8.331121173288048
3,79,11.104953818541357
3,80,12.578098980634877
3,81,16.29533734471536
3,82,18.210603962701814
3,83,21.964718607941784
3,84,24.46608161369824
3,85,27.859061359381457
3,86,31.08262940896822
3,87,33.18876676931757
4,1,9.044071997531839
4,2,6.6745392781999175
4,3,3.7951891623113783
4,5,3.8090396492188434
4,6,6.626143389251747
4,7,9.504579330755567
4,8,9.904279700997943
4,9,13.393558690634189
4,10,15.00547992325698
4,11,18.79200245374834
4,12,20.766115640402397
4,13,24.378453076388542
4,14,25.643273828527988
4,15,26.284517690004158
4,16,23.601987463044388
4,17,20.29948916183888
4,18,16.966272946033907
4,19,14.215112224453327
4,20,10.455127400436888
4,21,7.935669478971721
4,22,5.5712312643721456
4,23,5.192392543672199
4,24,6.945441365067138
4,25,14.782808881036624
4,26,11.724327495053151
4,27,12.466271190008825
4,28,11.935387674395589
4,29,13.017421251757797
4,30,14.712385388213944
4,31,18.772101573489735
4,32,16.496302779118313
4,33,18.010324083913964
4,34,16.947241584231936
4,35,17.003905372965747
4,36,16.541565208287587
4,37,15.753910707840369
4,38,15.522409624873024
4,39,18.18958837498727
4,40,23.651006278874902
4,41,21.983623013925044
4,42,18.435670554002154
4,43,17.756826637858612
4,44,14.99610223270707
4,45,15.653283331810051
4,46,14.624001436481317
4,47,14.718735659497804
4,48,17.424355799666053
4,49,15.406714572375348
4,50,14.400443131434228
4,51,10.839780844293857
4,52,9.477689126804355
4,53,10.411521718023128
4,54,12.048456324179265
4,55,12.396428889212105
4,56,15.577628748238254
4,57,18.01805077887628
4,58,21.375298123335142
4,59,23.89811706381043
4,60,22.076551056347895
4,61,24.528710065341322
4,62,25.08968189554256
4,63,24.30117730343552
4,64,20.786297966909103
4,65,19.829168848339684
4,66,17.59241999403714
4,67,14.237203729375977
4,68,11.623809317236113
4,69,8.583634104763501
4,70,7.768334564818336
4,71,8.995711440323577
4,72,10.365632995359526
4,73,14.04824533989782
4,74,13.694179036362021
4,75,10.449238034555885
4,76,8.437924392746657
4,77,5.3634883254887935
4,78,6.8592709586237275
4,79,9.370218085595786
4,80,10.015332999226345
4,81,13.73825566370901
4,82,15.720332352110233
4,83,19.337280569229424
4,84,22.01107245020818
4,85,25.19444341556455
4,86,28.584689983191826
4,87,30.641532668791825
5,1,12.620987013465598
5,2,9.714370600207547
5,3,6.631700891600718
5,4,3.8090396492188434
5,6,3.803112978920306
5,7,6.6244229513051325
5,8,7.201847331353108
5,9,10.235188954329695
5,10,11.507232526369723
5,11,15.237237816965848
5,12,17.122803069885897
5,13,20.683459945103234
5,14,21.876554096169485
5,15,22.634440135187806
5,16,20.076879669491042
5,17,16.869117556477416
5,18,13.39354949198098
5,19,10.984043558182115
5,20,7.186530041244827
5,21,5.767354514581892
5,22,4.665128894664087
5,23,6.707749686798754
5,24,9.408955986342637
5,25,15.445284038952131
5,26,11.875714562428419
5,27,11.619828325624848
5,28,9.970198449874731
5,29,10.8226573153973
5,30,11.905095171039562
5,31,17.242257665775647
5,32,14.793266844501225
5,33,15.906454053577388
5,34,15.053917042922603
5,35,14.577367434670222
5,36,14.587518515392146
5,37,14.635475507853352
5,38,14.964201315372254
5,39,17.775887176514516
5,40,20.902609616775997
5,41,18.90024600723067
5,42,15.537493631354893
5,43,15.341746144848582
5,44,13.160223701172459
5,45,14.294339120792174
5,46,14.183363030517665
5,47,14.488166758598155
5,48,17.709681169508524
5,49,16.447616637245968
5,50,15.452087588088009
5,51,12.386735574388487
5,52,9.956835143308854
5,53,9.685180857171337
5,54,10.139298687799352
5,55,9.750154683813232
5,56,12.510028620903622
5,57,14.614985221558005
5,58,18.080940556613957
5,59,20.3692232656268
5,60,18.377730376748946
5,61,20.776798750447934
5,62,21.30929148864104
5,63,20.646862827299028
5,64,17.118086557807267
5,65,16.152918185384106
5,66,14.166143507804792
5,67,11.07812906080665
5,68,8.422160855222927
5,69,6.129449474669642
5,70,6.467765187920088
5,71,9.1735629289199
5,72,11.523587969729661
5,73,15.178208450975644
5,74,14.847116985721799
5,75,12.151252736351271
5,76,9.233098746131486
5,77,5.927266639867677
5,78,6.277318130886138
5,79,7.170830524276493
5,80,6.820313832550185
5,81,10.350982673556114
5,82,11.999712486758431
5,83,15.646630660700145
5,84,18.226283763361856
5,85,21.464108857594468
5,86,24.81007617013688
5,87,26.890222821635234
6,1,15.635343305439363
6,2,13.134680972629774
6,3,10.043492844885735
6,4,6.626143389251747
6,5,3.803112978920306
6,7,2.987949757997195
6,8,4.995734105458674
6,9,7.608693885952867
6,10,8.626776974182636
6,11,12.430057381574992
6,12,14.45300202896811
6,13,18.170063071424707
6,14,19.88165397530712
6,15,20.721458018461153
6,16,17.897623138168395
6,17,15.006281812846295
6,18,11.50479883349133
6,19,9.233173624499745
6,20,5.7797399815756725
6,21,5.251064773853137
6,22,6.62558395312982
6,23,8.587890356817908
6,24,12.00900689646829
6,25,18.627276062951164
6,26,14.961692086383184
6,27,14.595094305287832
6,28,12.368376696381139
6,29,13.213706669572097
6,30,13.507667242107145
6,31,19.691068340316065
6,32,17.35347775015065
6,33,18.158579256460865
6,34,17.465843911364306
6,35,16.32906513273893
6,36,16.476952521711073
6,37,17.003040391155785
6,38,17.191219300201585
6,39,19.89203406006748
6,40,21.443415178154243
6,41,18.882608999401242
6,42,15.980340514270567
6,43,15.862526889612262
6,44,14.08621211177246
6,45,14.778728173395168
6,46,14.968972049970308
6,47,14.549113081411313
6,48,17.704490588204163
6,49,16.781611196972896
6,50,16.54339758678069
6,51,13.781192452917464
6,52,10.727073951140158
6,53,10.543284161837787
6,54,9.95722237549962
6,55,9.98764514707898
6,56,11.849047924382464
6,57,13.930041028168157
6,58,17.138905388295946
6,59,19.054270448657093
6,60,17.093795784538056
6,61,19.64948180301651
6,62,20.054761965358598
6,63,20.057039812006114
6,64,16.623878597394693
6,65,15.308279659781999
6,66,13.978440283956598
6,67,11.510609105192724
6,68,9.559713301018052
6,69,8.66628259805506
6,70,9.759591559816638
6,71,12.842508118323348
6,72,15.17895293461691
6,73,18.86113774148805
6,74,18.63130252352037
6,75,15.928440101265558
6,76,12.928395259106196
6,77,9.453822553491017
6,78,8.66243768026771
6,79,8.64219445959409
6,80,6.566214525968029
6,81,9.33169627545394
6,82,10.505238261151234
6,83,13.747883248808625
6,84,16.302197119033053
6,85,19.209242404354168
6,86,22.685069765331885
6,87,24.530119625250567
7,1,18.42407444059791
7,2,15.963563505131068
7,3,12.998592866951158
7,4,9.504579330755567
7,5,6.6244229513051325
7,6,2.987949757997195
7,8,3.8090345151300924
7,9,5.259298440034523
7,10,6.125201301108998
7,11,9.874661672710884
7,12,12.173302636381225
7,13,15.952188819190741
7,14,18.0512963797302
7,15,19.14734417012439
7,16,16.311273739920473
7,17,13.87483077440288
7,18,10.367795064738226
7,19,8.787059164211739
7,20,6.2138168440638735
7,21,7.052948136156977
7,22,9.313664646016
7,23,11.380581157662764
7,24,14.917489322845356
7,25,21.302967994466506
7,26,17.570052237172646
7,27,16.880290860355025
7,28,14.224313913581883
7,29,14.754684306476484
7,30,14.344999949727539
7,31,20.86369398918714
7,32,18.72611392092686
7,33,19.3805350794728
7,34,18.998377703325502
7,35,17.538818040033213
7,36,18.02842108289462
7,37,19.02539570473247
7,38,19.385493802952684
7,39,22.03578083088613
7,40,21.933466164979265
7,41,18.992425209319
7,42,16.548124023555534
7,43,16.777423121321796
7,44,15.540325124153181
7,45,16.206945746192098
7,46,16.802709510038078
7,47,16.131006516119363
7,48,19.246927587177066
7,49,18.654150016502943
7,50,18.762678021609076
7,51,16.25461249315636
7,52,12.963509169197204
7,53,12.582825030207449
7,54,11.221629565152075
7,55,11.097252142897863
7,56,12.041304881438004
7,57,13.675181182393276
7,58,16.678549559351616
7,59,18.078701892191575
7,60,15.978891129761251
7,61,18.423568761788562
7,62,18.55336752944421
7,63,19.014532010961837
7,64,15.815494265548702
7,65,14.125314519577085
7,66,13.288974319882062
7,67,11.425281342958135
7,68,10.265893083728772
7,69,10.410189267164029
7,70,12.137593170027515
7,71,15.445568537324652
7,72,17.99552927567785
7,73,21.619118073120465
7,74,21.265456499657482
7,75,18.640072752444716
7,76,15.441323646233826
7,77,11.93363200957492
7,78,10.434402451419576
7,79,9.626037248009712
7,80,6.585184137667774
7,81,8.250697931920794
7,82,9.031697370766626
7,83,11.76483802037225
7,84,14.356728684581261
7,85,16.93263093565004
7,86,20.503763172149817
7,87,22.2779681909122
8,1,18.233242336381505
8,2,15.604521292276456
8,3,13.323795547948372
8,4,9.904279700997943
8,5,7.201847331353108
8,6,4.995734105458674
8,7,3.8090345151300924
8,9,3.8185730075816364
8,10,6.8277744934917095
8,11,10.281306571911234
8,12,13.334698719962581
8,13,16.974110735145615
8,14,18.99638434422434
8,15,20.711178606043216
8,16,18.358321154039412
8,17,16.204164796587836
8,18,12.485424944055008
8,19,11.658393350667824
8,20,8.976700763997194
8,21,9.95215782927359
8,22,11.210668881736142
8,23,13.243805163559728
8,24,16.326867177318693
8,25,22.320860258499156
8,26,18.63382535929465
8,27,17.543279823710964
8,28,14.847161841957496
8,29,14.436678777131924
8,30,13.504761842920209
8,31,18.904878408509294
8,32,17.369563668100774
8,33,18.614430370901697
8,34,18.928005547072164
8,35,18.04302624807671
8,36,19.155836558236086
8,37,20.311920997632765
8,38,21.176436676765146
8,39,23.979764578053
8,40,23.48107174643008
8,41,20.645410014356433
8,42,18.16337378374773
8,43,18.965270475467666
8,44,17.899361223981316
8,45,19.106744156438204
8,46,19.736608702910377
8,47,19.417533906537585
8,48,22.593060317898143
8,49,21.71111760473649
8,50,21.529117775069025
8,51,18.67396480003309
8,52,15.718285346355813
8,53,15.331468372726096
8,54,14.271687029971071
8,55,13.470545540196772
8,56,14.502080442399885
8,57,15.475769229845548
8,58,18.7777843362563
8,59,19.82228765403121
8,60,17.142770761015193
8,61,18.934555049751552
8,62,18.386588134368488
8,63,18.44963603484631
8,64,15.59364662229526
8,65,13.235613139982986
8,66,11.679714537765008
8,67,9.448320077692662
8,68,9.266282053249755
8,69,9.669450177153692
8,70,12.252554908844651
8,71,15.318551701491353
8,72,18.282355799365327
8,73,21.70770444913065
8,74,20.597517702242765
8,75,17.920268042175046
8,76,14.464072369445642
8,77,10.92057597323182
8,78,8.357938019076581
8,79,7.1704559355748865
8,80,4.319262766267041
8,81,6.108379223445324
8,82,8.373970115006792
8,83,11.094405135101466
8,84,14.38578799747455
8,85,16.84970691143164
8,86,20.549926803654806
8,87,22.850378787725543
9,1,21.93393441471491
9,2,19.152570319912144
9,3,16.696622552933047
9,4,13.393558690634189
9,5,10.235188954329695
9,6,7.608693885952867
9,7,5.259298440034523
9,8,3.8185730075816364
9,10,3.8069931259462075
9,11,6.6764844895503765
9,12,10.058826434488916
9,13,13.567762067731769
9,14,15.814523787294954
9,15,17.873899280334342
9,16,15.767164096588214
9,17,14.233751621958616
9,18,10.703429225654016
9,19,10.990115958475293
9,20,9.460109232169318
9,21,11.621546781646401
9,22,13.63582343308085
9,23,16.14452142875973
9,24,19.432247350565316
9,25,24.61775782680019
9,26,20.838607194888958
9,27,19.309020580669102
9,28,16.11925309505782
9,29,15.497856993755601
9,30,13.799259149072611
9,31,19.834695577060895
9,32,18.384290370302228
9,33,19.148444998056632
9,34,19.717213699887687
9,35,18.350748166051638
9,36,19.83433095001013
9,37,21.59155823383504
9,38,22.719593740791513
9,39,25.440263759590493
9,40,22.74360259250779
9,41,19.56432572540215
9,42,17.69979936606025
9,43,18.972498349179713
9,44,18.624502289089428
9,45,19.96519895624758
9,46,21.193513175237953
9,47,20.8911012520873
9,48,24.169590538489082
9,49,23.813382845888384
9,50,23.740647322336002
9,51,21.266417735278125
9,52,17.960565983206195
9,53,17.050046548013142
9,54,15.179442840562244
9,55,14.003188104610306
9,56,14.015826285935647
9,57,14.259655477764845
9,58,17.249695660760842
9,59,17.623345040401926
9,60,14.761829614920567
9,61,16.272384638057726
9,62,15.405909953376169
9,63,15.998372705139447
9,64,13.503642900350611
9,65,10.814316867358844
9,66,10.153774300311273
9,67,9.176616354954719
9,68,9.878842819784623
9,69,11.5558853853189
9,70,14.481563803297886
9,71,17.876877464481783
9,72,21.040023583982883
9,73,24.356428099748122
9,74,23.357192695251072
9,75,21.018049036086957
9,76,17.400982234768907
9,77,14.116545858867417
9,78,11.518868440336943
9,79,9.310382877748895
9,80,5.720655472371106
9,81,4.833285477118743
9,82,5.917336394900008
9,83,7.753359610961693
9,84,11.050816068331583
9,85,13.189761104723905
9,86,16.93754465399609
9,87,19.236168874352675
10,1,23.93182030184875
10,2,21.054978763088705
10,3,18.133997135081838
10,4,15.00547992325698
10,5,11.507232526369723
10,6,8.626776974182636
10,7,6.125201301108998
10,8,6.8277744934917095
10,9,3.8069931259462075
10,11,3.81084741329282
10,12,6.521231849524504
10,13,10.210490768843535
10,14,12.523322620537234
10,15,14.284552750066224
10,16,12.001912117988576
10,17,10.629568406654982
10,18,7.342954490029232
10,19,8.30100111119311
10,20,8.058102999082056
10,21,11.052985310682962
10,22,13.796644913304934
10,23,16.669834657058075
10,24,20.166699291717816
10,25,24.664135614824858
10,26,20.856296528038765
10,27,19.234656496334594
10,28,15.800245638627016
10,29,15.646383312291299
10,30,13.92592450319144
10,31,21.094590050724022
10,32,19.208033472231392
10,33,19.218666671643568
10,34,19.42381434806894
10,35,17.378095136187365
10,36,18.696122238082783
10,37,20.76714634351562
10,38,21.82521413686815
10,39,24.358930176333317
10,40,20.321805998169935
10,41,16.880290682932152
10,42,15.497773501249563
10,43,16.785619591304123
10,44,16.9350659174873
10,45,18.159367705516964
10,46,19.87277451692976
10,47,19.579104433472175
10,48,22.90787197110839
10,49,23.14585942562807
10,50,23.140777723704513
10,51,21.194727980796635
10,52,17.58145197358865
10,53,16.164443840932986
10,54,13.582560833218425
10,55,12.343872437844889
10,56,11.463300194263965
10,57,11.461530406246107
10,58,14.026683258704505
10,59,14.196902603688777
10,60,11.613900124919734
10,61,13.521524985295969
10,62,13.172540038181284
10,63,14.36723190224774
10,64,11.747733576007583
10,65,9.695148948176511
10,66,10.276047699640474
10,67,10.265322198103286
10,68,10.494063602435181
10,69,12.610559809604716
10,70,15.16810370001002
10,71,18.849565053551483
10,72,21.889094709029294
10,73,25.19027831099848
10,74,24.750123298691197
10,75,22.716758054810178
10,76,19.15591800842022
10,77,16.091726893637187
10,78,14.114730725080445
10,79,11.694103579684898
10,80,7.898858801298992
10,81,6.428376820068277
10,82,4.937545848546463
10,83,6.20900862586729
10,84,8.526042134811892
10,85,10.82535817917036
10,86,14.42790947133653
10,87,16.30209533812325
11,1,27.694280810238855
11,2,24.742150651131094
11,3,21.84546118224356
11,4,18.79200245374834
11,5,15.237237816965848
11,6,12.430057381574992
11,7,9.874661672710884
11,8,10.281306571911234
11,9,6.6764844895503765
11,10,3.81084741329282
11,12,3.8085553432510486
11,13,7.026349993935403
11,14,9.792641078341457
11,15,12.11482529600272
11,16,10.398994041947663
11,17,10.272827987508608
11,18,7.949066887516004
11,19,10.249484090509796
11,20,11.120072885870908
11,21,14.437126821555239
11,22,17.327474859627536
11,23,20.323485737640546
11,24,23.8271175733866
11,25,27.708194435319793
11,26,23.933348711607344
11,27,22.017804340561565
11,28,18.390206584692336
11,29,17.98923904800621
11,30,15.741296313429384
11,31,22.86710945874931
11,32,21.199527132710855
11,33,20.871639703191573
11,34,21.354872783807743
11,35,19.05119299878948
11,36,20.67991975518749
11,37,23.177888416632385
11,38,24.4526768292728
11,39,26.851453954410992
11,40,20.814833833728567
11,41,17.173951062340837
11,42,16.61508391707404
11,43,18.33532379656442
11,44,19.162611375941548
11,45,20.46496884907904
11,46,22.587567388839155
11,47,22.329697824846633
11,48,25.61326970810523
11,49,26.218243862506466
11,50,26.28923984781149
11,51,24.61484124089231
11,52,20.910943178479606
11,53,19.231186551723614
11,54,16.25445395621214
11,55,14.791393769468433
11,56,13.035691105684235
11,57,12.117709504796359
11,58,13.973117661880226
11,59,13.117418031461389
11,60,10.46024991645398
11,61,11.758876431946069
11,62,10.941410345551102
11,63,12.963501503509102
11,64,11.14588064714195
11,65,8.996696039561728
11,66,10.778057274997675
11,67,11.997974950342353
11,68,12.936225190664432
11,69,15.64823251712025
11,70,18.35913062370465
11,71,22.074870118843183
11,72,25.21676085015185
11,73,28.36933180425472
11,74,27.917744892190353
11,75,26.110678939430912
11,76,22.477576127513125
11,77,19.58789082317421
11,78,17.470370930758737
11,79,14.669818577916724
11,80,10.989288735021644
11,81,8.441011647665096
11,82,5.906590169560964
11,83,4.560789256667483
11,84,5.8860926627331525
11,85,7.314788071765203
11,86,10.939972877817757
11,87,12.74510727690176
12,1,29.73987457700541
12,2,26.724926456484962
12,3,23.56163958448436
12,4,20.766115640402397
12,5,17.122803069885897
12,6,14.45300202896811
12,7,12.173302636381225
12,8,13.334698719962581
12,9,10.058826434488916
12,10,6.521231849524504
12,11,3.8085553432510486
12,13,3.7882141618618403
12,14,6.6155909329800995
12,15,8.46542283461733
12,16,6.724859050824721
12,17,7.396520669841381
12,18,6.383678284417088
12,19,9.516537856881811
12,20,11.624333736603624
12,21,15.189146665584214
12,22,18.329512777096223
12,23,21.491331189100464
12,24,24.992218531923164
12,25,28.037828660216505
12,26,24.367319812148434
12,27,22.40476841403889
12,28,18.749357765602518
12,29,18.739291137494064
12,30,16.62705649552743
12,31,24.34460192838367
12,32,22.349018601902205
12,33,21.372300525922036
12,34,21.508594807220256
12,35,18.69292950293607
12,36,20.111899990236022
12,37,22.831765970833906
12,38,24.046223809972517
12,39,26.179184260256683
12,40,18.758510576106698
12,41,14.98610546561925
12,42,15.152584683626861
12,43,16.874748315406876
12,44,18.274379502796332
12,45,19.468879329716
12,46,22.02226555099076
12,47,21.88180519904813
12,48,25.114885518940905
12,49,26.266312923879852
12,50,26.313590574252633
12,51,25.159405644203954
12,52,21.363781188596757
12,53,19.268366287438702
12,54,15.856376880302271
12,55,14.354894932160876
12,56,11.746888736321806
12,57,10.362695151683655
12,58,11.304549864111772
12,59,9.929075204302654
12,60,7.867865286135516
12,61,9.542451331053652
12,62,9.604000976463665
12,63,12.269130352141804
12,64,10.56875011902151
12,65,9.626606577519489
12,66,12.29359695162851
12,67,14.01894498528112
12,68,14.477714184532852
12,69,17.27465257248887
12,70,19.570197522264273
12,71,23.34143923622424
12,72,26.303181981621318
12,73,29.340729025566876
12,74,29.35615389274898
12,75,27.85332721650167
12,76,24.339140757754382
12,77,21.705294422125757
12,78,20.067901273747328
12,79,17.229760852779368
12,80,13.626148727335323
12,81,11.229233194109787
12,82,7.865028623911851
12,83,6.295104162304741
12,84,5.073094692441595
12,85,6.395548195089248
12,86,9.2215901513465
12,87,10.230017687390529
13,1,33.2987266052598
13,2,30.18754334412179
13,3,27.02667461027849
13,4,24.378453076388542
13,5,20.683459945103234
13,6,18.170063071424707
13,7,15.952188819190741
13,8,16.974110735145615
13,9,13.567762067731769
13,10,10.210490768843535
13,11,7.026349993935403
13,12,3.7882141618618403
13,14,3.7965600284491865
13,15,6.182920879760527
13,16,5.99807805233082
13,17,8.387352181179928
13,18,8.848029243495185
13,19,12.376595487303504
13,20,14.93859180607819
13,21,18.57808795316907
13,22,21.67980920728945
13,23,24.94870115252982
13,24,28.379284023039435
13,25,30.647282600546152
13,26,27.089668362323234
13,27,24.904785977016125
13,28,21.212053639372364
13,29,21.06968941903087
13,30,18.714898394856707
13,31,26.26385985591013
13,32,24.387147719328627
13,33,23.03495712443321
13,34,23.304972085869633
13,35,20.317072337984033
13,36,21.904865164007177
13,37,24.923749800607098
13,38,26.317228877585066
13,39,28.252435267418516
13,40,19.044320335342977
13,41,15.339196595915077
13,42,16.396591692272363
13,43,18.422728788381587
13,44,20.416343009015836
13,45,21.69953076839624
13,46,24.579238612065296
13,47,24.600541888776885
13,48,27.76744370916807
13,49,29.251668288115752
13,50,29.246476745851933
13,51,28.37106411612408
13,52,24.576414470312457
13,53,22.22913194484102
13,54,18.647971828116376
13,55,16.959529104804243
13,56,13.864131760943552
13,57,11.755534255073133
13,58,11.701394034023462
13,59,9.166474304283287
13,60,7.613164235849548
13,61,8.312916081501825
13,62,8.339885850149042
13,63,11.769920362183143
13,64,11.079350025800599
13,65,10.716474688063013
13,66,14.06299060163656
13,67,16.479398644403815
13,68,17.21121815079237
13,69,20.28415689821839
13,70,22.572505232695807
13,71,26.301650039552385
13,72,29.28232739348689
13,73,32.12732588529694
13,74,32.218232065664566
13,75,30.985278431645867
13,76,27.47098212284674
13,77,25.05497176312636
13,78,23.444234708555037
13,79,20.388647266333567
13,80,16.938014170044937
13,81,14.19028287358302
13,82,10.637479517255796
13,83,8.19718024488853
13,84,5.270787190399332
13,85,4.89389096325671
13,86,6.306953384080675
13,87,6.563066702975975
14,1,34.325656811327555
14,2,31.0226401917193
14,3,27.892895551905085
14,4,25.643273828527988
14,5,21.876554096169485
14,6,19.88165397530712
14,7,18.0512963797302
14,8,18.99638434422434
14,9,15.814523787294954
14,10,12.523322620537234
14,11,9.792641078341457
14,12,6.6155909329800995
14,13,3.7965600284491865
14,15,3.7925978921194172
14,16,5.785003971286451
14,17,8.28674577066899
14,18,9.456583938333512
14,19,13.223227698433538
14,20,15.979136365948326
14,21,19.717059188549307
14,22,22.51216776777534
14,23,26.01395118209307
14,24,29.200883928326892
14,25,30.130058687250038
14,26,26.765480917050873
14,27,24.28292578065715
14,28,20.626133737126786
14,29,20.37969798217048
14,30,17.964848166400184
14,31,25.41014903164427
14,32,23.48226850517011
14,33,21.64651781310311
14,34,21.92643930663598
14,35,18.820003893792126
14,36,20.582755038797533
14,37,23.89213477957259
14,38,25.596607064832916
14,39,27.351980264777865
14,40,16.578567262010722
14,41,13.099722564941176
14,42,14.824803233419834
14,43,17.280052801475833
14,44,19.850120401466956
14,45,21.5229834951977
14,46,24.75917654724891
14,47,25.299786030146485
14,48,28.579391100666673
14,49,30.294340519407257
14,50,29.89043436827017
14,51,29.2424419416169
14,52,25.540496021383436
14,53,22.75541676956037
14,54,19.14790680333948
14,55,16.964828494450842
14,56,13.619704391905978
14,57,10.719452260070911
14,58,10.111431634128591
14,59,6.835950876511585
14,60,5.458537540986242
14,61,5.235588385839909
14,62,6.180060969969439
14,63,9.623492190446331
14,64,9.43132882690251
14,65,10.235572308458304
14,66,13.89280413014665
14,67,16.712059094590355
14,68,17.33030870606236
14,69,20.567979210810844
14,70,22.692561155168686
14,71,26.285611478335124
14,72,29.24170291203152
14,73,31.764480200808002
14,74,32.00408377812513
14,75,31.2114528768517
14,76,27.787369491966164
14,77,25.80864321791481
14,78,24.496822451822936
14,79,21.259253417495703
14,80,18.15467894870796
14,81,15.390446132380804
14,82,11.640809180697453
14,83,9.462303099557689
14,84,5.759075383250717
14,85,6.072696033375753
14,86,5.818437341126604
14,87,6.102740890921891
15,1,34.87507190703591
15,2,31.66616652695899
15,3,28.32396292852825
15,4,26.284517690004158
15,5,22.634440135187806
15,6,20.721458018461153
15,7,19.14734417012439
15,8,20.711178606043216
15,9,17.873899280334342
15,10,14.284552750066224
15,11,12.11482529600272
15,12,8.46542283461733
15,13,6.182920879760527
15,14,3.7925978921194172
15,16,3.795960885911586
15,17,6.786831095498634
15,18,9.387397577041344
15,19,12.767255470237819
15,20,16.079413183379245
15,21,19.605013115860906
15,22,22.49238997194866
15,23,25.901112641625247
15,24,29.01869519813074
15,25,29.531483722914764
15,26,26.34544999275044
15,27,24.112211057441815
15,28,20.681993669496933
15,29,21.051662361563725
15,30,19.18356186917545
15,31,27.05462187726851
15,32,24.71580678058942
15,33,22.496686506396006
15,34,22.176473390886294
15,35,18.71725235133182
15,36,19.89114874072237
15,37,23.068081287625223
15,38,24.448738934896344
15,39,25.887919446364936
15,40,14.836317596151044
15,41,11.428721447486776
15,42,13.708076845999463
15,43,15.68254674536107
15,44,18.49889514690346
15,45,19.828256827898397
15,46,23.226600148975603
15,47,23.789357679562055
15,48,26.872324246902323
15,49,28.98700229317744
15,50,28.61209932773175
15,51,28.440427536191283
15,52,24.802787226798117
15,53,21.866652443993
15,54,18.144692063134855
15,55,16.264721044657684
15,56,12.575402232132728
15,57,9.893140918472328
15,58,8.008985847391111
15,59,4.479982803414605
15,60,5.545293023160872
15,61,6.717075566352028
15,62,9.163077391785084
15,63,12.04377170943325
15,64,11.31999481566372
15,65,12.937996159567803
15,66,16.372402278918777
15,67,18.83416669746494
15,68,18.749493998234872
15,69,21.625410748638103
15,70,23.19191420588287
15,71,26.71975938433452
15,72,29.33198170307523
15,73,31.804063029107013
15,74,32.552076875503786
15,75,31.89106131077276
15,76,28.692734541907534
15,77,26.84155545164343
15,78,26.00039331895204
15,79,23.019969862650868
15,80,19.94110747009813
15,81,17.687940914536746
15,82,13.881854584384563
15,83,12.4467915400389
15,84,9.032889985850693
15,85,9.759270582078127
15,86,9.271238883555124
15,87,8.351374390399572
16,1,32.30613879743294
16,2,29.294106066116136
16,3,25.80541269066594
16,4,23.601987463044388
16,5,20.076879669491042
16,6,17.897623138168395
16,7,16.311273739920473
16,8,18.358321154039412
16,9,15.767164096588214
16,10,12.001912117988576
16,11,10.398994041947663
16,12,6.724859050824721
16,13,5.99807805233082
16,14,5.785003971286451
16,15,3.795960885911586
16,17,3.8051893657629683
16,18,6.7238342003916625
16,19,9.709818088738105
16,20,13.226821215508217
16,21,16.580126478510266
16,22,19.74576731725632
16,23,22.94894287280981
16,24,26.219099975443672
16,25,27.710965501149943
16,26,24.40786446010658
16,27,22.580125182617913
16,28,19.22143023864916
16,29,20.042998615120396
16,30,18.576196832087255
16,31,26.86974755099324
16,32,24.28885627752891
16,33,22.34473419611957
16,34,21.670092029230148
16,35,18.165573540079695
16,36,18.872476179604185
16,37,21.673699595733062
16,38,22.607114389332548
16,39,24.139326520908515
16,40,15.040649701915543
16,41,11.362250633638123
16,42,12.834084558085971
16,43,14.130228930133493
16,44,16.3989632083974
16,45,17.26035951460903
16,46,20.41462817767581
16,47,20.58781824304392
16,48,23.591039800683717
16,49,25.63915542368501
16,50,25.538504823331653
16,51,25.34739288145817
16,52,21.64855554445589
16,53,18.961123644047426
16,54,15.180500098126764
16,55,13.83719974485416
16,56,10.190294426769226
16,57,8.466681907634461
16,58,6.960850918094939
16,59,5.025297915839159
16,60,6.024519231061336
16,61,8.749460907456735
16,62,11.053689419785309
16,63,13.707326900504631
16,64,12.014076727877892
16,65,13.175011684168656
16,66,16.17806189312666
16,67,18.005918989938152
16,68,17.478440374576575
16,69,19.96082872953603
16,70,21.318557816095396
16,71,24.934075261798185
16,72,27.385088701049874
16,73,30.135761047658516
16,74,31.01982027340842
16,75,30.037763478829334
16,76,26.899158285661553
16,77,24.775333192181765
16,78,24.037248984760005
16,79,21.39399079811269
16,80,18.1168025131234
16,81,16.33274573396452
16,82,12.6677465297644
16,83,11.861988801884356
16,84,9.227180547942986
16,85,10.507958641775582
16,86,11.23859280092888
16,87,10.558163490128244
17,1,28.82952602481155
17,2,25.840668898017825
17,3,22.297727378666572
17,4,20.29948916183888
17,5,16.869117556477416
17,6,15.006281812846295
17,7,13.87483077440288
17,8,16.204164796587836
17,9,14.233751621958616
17,10,10.629568406654982
17,11,10.272827987508608
17,12,7.396520669841381
17,13,8.387352181179928
17,14,8.28674577066899
17,15,6.786831095498634
17,16,3.8051893657629683
17,18,3.809767486104046
17,19,6.234774318097318
17,20,9.862317025246615
17,21,13.106712477485289
17,22,16.14350824905821
17,23,19.37466506406398
17,24,22.545324792341336
17,25,23.990489822494023
17,26,20.68011777007776
17,27,19.017647930077807
17,28,15.776410102311532
17,29,16.98133596555606
17,30,16.01194824660331
17,31,24.52874413365287
17,32,21.662282358881104
17,33,19.77341346527858
17,34,18.71882720638154
17,35,15.20378918121218
17,36,15.556105077410155
17,37,18.13506715098602
17,38,18.92777162697729
17,39,20.55544113210239
17,40,12.928872460916208
17,41,9.20615744956813
17,42,9.799030007631682
17,43,10.732542859995528
17,44,12.703086794772254
17,45,13.64163527146726
17,46,16.78162027853443
17,47,17.155999111171916
17,48,20.356634912748927
17,49,22.277475754185442
17,50,21.94754454907192
17,51,21.70836217497225
17,52,18.049579923804654
17,53,15.226845701901606
17,54,11.462477158603354
17,55,10.052973389081432
17,56,6.412401791654443
17,57,5.3334161612191515
17,58,4.687237671199043
17,59,5.123780135427203
17,60,5.738809445594553
17,61,9.419897011387393
17,62,11.997384686401153
17,63,13.785927716412036
17,64,11.1670772891032
17,65,12.507618996665112
17,66,14.843545971954878
17,67,16.015528041467444
17,68,14.819656005698322
17,69,16.88442767635655
17,70,17.87864298329229
17,71,21.439880255163494
17,72,23.735235313304994
17,73,26.52126583316562
17,74,27.576189513830535
17,75,26.58942412116439
17,76,23.5952246668846
17,77,21.568492736613063
17,78,21.200742217494096
17,79,18.832423551768954
17,80,15.750706873481686
17,81,14.624534598098442
17,82,11.239386549959905
17,83,11.62472476949438
17,84,9.912247353286695
17,85,12.282861810395278
17,86,13.742531879910182
17,87,13.81730771926878
18,1,25.659785541129427
18,2,22.60178241646545
18,3,19.16396842825473
18,4,16.966272946033907
18,5,13.39354949198098
18,6,11.50479883349133
18,7,10.367795064738226
18,8,12.485424944055008
18,9,10.703429225654016
18,10,7.342954490029232
18,11,7.949066887516004
18,12,6.383678284417088
18,13,8.848029243495185
18,14,9.456583938333512
18,15,9.387397577041344
18,16,6.7238342003916625
18,17,3.809767486104046
18,19,3.8107496566441683
18,20,6.717572927599259
18,21,10.341701545735623
18,22,13.316573558668045
18,23,16.689445061028024
18,24,19.955699120695357
18,25,22.13487458849158
18,26,18.57768571109777
18,27,16.84125644234223
18,28,13.402649273525538
18,29,14.318530580217542
18,30,13.249135935190793
18,31,21.72441654730329
18,32,18.963840751471007
18,33,17.590477344778506
18,34,16.7939612210735
18,35,13.663677009864596
18,36,14.337653207061114
18,37,16.801504784238897
18,38,17.774674794099116
18,39,19.83188156128352
18,40,13.872726783125659
18,41,10.239678803294796
18,42,9.528624451251403
18,43,10.68320463880724
18,44,11.896663522606877
18,45,13.219127950570764
18,46,15.965287225066739
18,47,16.343338239679664
18,48,19.817272280257647
18,49,21.127427410742307
18,50,20.683712352255668
18,51,19.824545817988536
18,52,16.10319608863595
18,53,13.472530351508883
18,54,9.935862721080111
18,55,8.155531958547408
18,56,5.371961633526793
18,57,4.8851381913273
18,58,6.80692270554771
18,59,7.757209345929742
18,60,6.430507649283335
18,61,9.840480644433914
18,62,11.61964251917335
18,63,12.880304192760992
18,64,9.715511377997538
18,65,10.28039657633257
18,66,11.97634426471017
18,67,12.650593030833976
18,68,11.424000498930944
18,69,13.485464708510541
18,70,14.83682501247933
18,71,18.53491711519706
18,72,21.097703549415957
18,73,24.06462372455237
18,74,24.726338077777047
18,75,23.484762950011607
18,76,20.317914654905948
18,77,18.081477430328878
18,78,17.487202537223247
18,79,15.110630390223843
18,80,11.95973345998568
18,81,11.03219305127232
18,82,7.935018910149568
18,83,9.16838826621692
18,84,8.673096844267647
18,85,11.689975808828086
18,86,14.038413639865977
18,87,15.000922184887413
19,1,22.770731169121845
19,2,19.954588594042097
19,3,16.324268943893692
19,4,14.215112224453327
19,5,10.984043558182115
19,6,9.233173624499745
19,7,8.787059164211739
19,8,11.658393350667824
19,9,10.990115958475293
19,10,8.30100111119311
19,11,10.249484090509796
19,12,9.516537856881811
19,13,12.376595487303504
19,14,13.223227698433538
19,15,12.767255470237819
19,16,9.709818088738105
19,17,6.234774318097318
19,18,3.8107496566441683
19,20,3.8012819272029112
19,21,6.890372644050817
19,22,10.102682145404717
19,23,13.243452569010339
19,24,16.56750030232743
19,25,19.572336291282635
19,26,16.010885058039182
19,27,14.927796555743967
19,28,11.92354300692023
19,29,13.64285800166379
19,30,13.52729874600606
19,31,21.910082098264407
19,32,18.856857024955453
19,33,17.742375724526905
19,34,16.359850228055517
19,35,13.422030070038634
19,36,13.246052974096786
19,37,14.959606981820881
19,38,15.289371267710965
19,39,17.3976571656253
19,40,14.476245751527868
19,41,11.303453460140881
19,42,9.560352025471097
19,43,9.45661722041883
19,44,9.504507040707338
19,45,10.249950386780327
19,46,12.546493955284044
19,47,12.697524365443018
19,48,16.214365091212574
19,49,17.35226953092894
19,50,16.966584792833594
19,51,16.088697451212848
19,52,12.340276061626914
19,53,9.862032244540107
19,54,6.344618330530195
19,55,5.471601946709847
19,56,3.9559484608222233
19,57,6.196827422008575
19,58,8.399318239491391
19,59,10.591043059003983
19,60,9.865067724614207
19,61,13.368941759520911
19,62,15.2137150275838
19,63,16.025072377958434
19,64,12.514985376291115
19,65,12.978999121569636
19,66,13.7787556035294
19,67,13.412291881730651
19,68,11.289335095457446
19,69,12.277886576982512
19,70,12.876429988994717
19,71,16.45830096243744
19,72,18.60889117739157
19,73,21.790160355136322
19,74,22.780758488172673
19,75,21.307671385673096
19,76,18.427235519031214
19,77,16.104210539536137
19,78,16.048196952155724
19,79,14.41149202020675
19,80,11.536092843177554
19,81,11.835200543666623
19,82,9.714761443715402
19,83,11.89406691387757
19,84,12.176451031845689
19,85,15.225871121077938
19,86,17.778073905078863
19,87,18.67827657738423
20,1,19.12141365581352
20,2,16.286175168039023
20,3,12.707625409458682
20,4,10.455127400436888
20,5,7.186530041244827
20,6,5.7797399815756725
20,7,6.2138168440638735
20,8,8.976700763997194
20,9,9.460109232169318
20,10,8.058102999082056
20,11,11.120072885870908
20,12,11.624333736603624
20,13,14.93859180607819
20,14,15.979136365948326
20,15,16.079413183379245
20,16,13.226821215508217
20,17,9.862317025246615
20,18,6.717572927599259
20,19,3.8012819272029112
20,21,3.80069875149647
20,22,6.794657656515938
20,23,10.066548908429672
20,24,13.451102169480707
20,25,17.460983026797663
20,26,13.733003874503071
20,27,12.867719039523747
20,28,10.048565202693748
20,29,11.697587941937554
20,30,12.003130612394786
20,31,19.83787390944899
20,32,16.85605789352353
20,33,16.406800815615252
20,34,15.108814333378081
