1,2,3.8438557121601837
1,3,7.272047196904479
1,4,9.950512735927552
1,5,13.648937711419732
1,6,16.219452465546283
1,7,19.785165754585062
1,8,22.628272834242438
1,9,12.858305371897172
1,10,12.575744022823466
1,11,12.040714901978118
1,12,9.806495856518266
1,13,11.934555260569367
1,14,14.698820918781513
1,15,13.470903609419603
1,16,15.139701941362807
1,17,13.446137627813092
1,18,15.783082722448492
1,19,19.074022911626304
1,20,17.669180261054322
1,21,18.55400147032996
1,22,17.77097882103553
1,23,19.589061598468643
1,24,17.95613916374483
1,25,18.17816490850832
1,26,14.972896426054266
1,27,14.809372450315477
1,28,12.631359496329177
1,29,12.43520623667798
1,30,13.09222917597404
1,31,9.669454582096288
1,32,8.966630668136053
1,33,12.563910628391106
1,34,12.429504739585342
1,35,10.834750888896073
1,36,12.042788131985201
1,37,15.543024627292267
1,38,16.119732800971445
1,39,19.068608614287232
1,40,20.02665079549413
1,41,23.39599486038849
1,42,23.407772054915714
1,43,19.60593002683824
1,44,18.61121595055293
1,45,15.167890594956425
1,46,13.512405217669643
1,47,9.776123966587665
1,48,8.741491112036856
1,49,6.386779404857291
1,50,6.143736468763378
1,51,9.046186379224421
1,52,10.001149463503738
2,1,3.8438557121601837
2,3,3.798058344911203
2,4,6.332222606491428
2,5,9.936197312759408
2,6,12.719233306451114
2,7,16.191728791285747
2,8,19.210938582703555
2,9,10.922883463071127
2,10,10.23006589895383
2,11,10.56245279693145
2,12,8.316491794406028
2,13,11.387086273622332
2,14,13.27290806222181
2,15,11.806719631115064
2,16,14.125547964913945
2,17,13.172475172744779
2,18,15.544273620478728
2,19,18.930845412132765
2,20,17.541522704946043
2,21,17.972705645539172
2,22,16.609204425439174
2,23,17.86093463815308
2,24,15.63144016181337
2,25,15.550809497776417
2,26,12.166710830343627
2,27,11.857732582808728
2,28,9.611382522402545
2,29,9.93227571472746
2,30,11.59773364239584
2,31,8.966326278790026
2,32,7.4555785359322195
2,33,11.191995815753605
2,34,12.20833512104506
2,35,11.026082600118684
2,36,11.171283502227043
2,37,14.127382012633635
2,38,13.950343812910612
2,39,16.527847173427425
2,40,16.987683979672674
2,41,20.29175607952395
2,42,20.16175375285184
2,43,16.35654713430326
2,44,15.353187243155087
2,45,11.727977483189376
2,46,9.864128462766846
2,47,6.1682615776113865
2,48,5.491857203572806
2,49,4.624407388551141
2,50,5.012557668320175
2,51,8.779614578488319
2,52,10.793598017179518
3,1,7.272047196904479
3,2,3.798058344911203
3,4,3.83192888255447
3,5,6.868190682163346
3,6,10.061464431847766
3,7,13.540453179466017
3,8,16.508886315578188
3,9,8.806222874677333
3,10,8.540836081408631
3,11,10.234222758008618
3,12,8.986617122281208
3,13,12.666202627949533
3,14,13.755245963091095
3,15,12.69675213982484
3,16,15.692765543640022
3,17,15.550093200605462
3,18,18.038055440956057
3,19,21.3028744155591
3,20,19.743860228399488
3,21,19.583637558700865
3,22,17.56370162298657
3,23,18.023375842495817
3,24,15.350809873090293
3,25,15.304244995674857
3,26,12.05205405976969
3,27,11.840688665919412
3,28,9.723163648578417
3,29,10.544044328105993
3,30,13.19816939571588
3,31,11.4380033458721
3,32,9.710983061358183
3,33,13.189274286491132
3,34,14.98054844088167
3,35,14.083623258807247
3,36,13.465272918093428
3,37,15.782897246208611
3,38,14.89972405482859
3,39,16.805757576874335
3,40,16.53700412225777
3,41,19.5550281793038
3,42,18.973037512969054
3,43,15.256544928199855
3,44,13.838930694748925
3,45,10.122060507627687
3,46,8.359048335169721
3,47,5.460313031560961
3,48,5.392210914511689
3,49,6.25311691985526
3,50,5.6356902644629425
3,51,9.234596171468906
3,52,11.396198292411025
4,1,9.950512735927552
4,2,6.332222606491428
4,3,3.83192888255447
4,5,3.794897232534967
4,6,6.4379672993659645
4,7,9.958904964621704
4,8,12.947963051975494
4,9,7.8990669513460015
4,10,6.273919415352475
4,11,8.401594459189061
4,12,7.383042179968949
4,13,11.204317738139203
4,14,11.273520822768706
4,15,10.332458556457329
4,16,13.738510431416126
4,17,14.465202389518184
4,18,17.069626281545375
4,19,20.014397713993176
4,20,18.283988223592793
4,21,17.566226249698012
4,22,15.079931413313519
4,23,14.973566608202702
4,24,12.010728509096904
4,25,12.010576725940762
4,26,9.095198566794755
4,27,9.561321076288534
4,28,8.542887095291311
4,29,10.67032062767993
4,30,13.757024084271931
4,31,12.668856141685506
4,32,10.001504606334736
4,33,12.814418864478089
4,34,15.343782887935351
4,35,14.245866540062321
4,36,12.59474964693905
4,37,14.17840966002104
4,38,13.050701505407401
4,39,14.247318219695003
4,40,13.860592058962913
4,41,16.495658630447384
4,42,15.496639548725984
4,43,11.817589198583942
4,44,10.071869936858848
4,45,6.449150294122975
4,46,5.5849532328859635
4,47,4.098572389543081
4,48,6.492524812083618
4,49,8.890244114110056
4,50,9.301587174437516
4,51,12.86927539999909
4,52,15.215654942848
5,1,13.648937711419732
5,2,9.936197312759408
5,3,6.868190682163346
5,4,3.794897232534967
5,6,3.7937201760025676
5,7,6.8063988477485164
5,8,9.967877629143407
5,9,8.98341694511292
5,10,7.456484176904701
5,11,10.446537525555046
5,12,10.175754008052163
5,13,13.816031471248687
5,14,12.939851260767586
5,15,12.181066817584457
5,16,15.722924843291997
5,17,17.046361298667897
5,18,19.430605845959146
5,19,22.180544637158995
5,20,20.544767628652927
5,21,19.429067994019036
5,22,16.55375482656345
5,23,15.63893475876431
5,24,12.265201693401044
5,25,11.970099772754718
5,26,9.600218481194059
5,27,9.990164481897677
5,28,9.50752586743769
5,29,11.9398493579536
5,30,15.501146224098104
5,31,15.228915464399012
5,32,12.62341713264804
5,33,14.87336269277725
5,34,17.89804588585157
5,35,17.180232199456686
5,36,15.065002615231819
5,37,15.86240845602169
5,38,14.044620695528332
5,39,14.357897401803688
5,40,13.105043798964557
5,41,15.188584800358324
5,42,13.750323618930635
5,43,10.480462719496977
5,44,8.54394800517913
5,45,5.383343645471752
5,46,5.117578248953823
5,47,6.141958137491807
5,48,8.566947168911723
5,49,11.637335805809208
5,50,12.006835328564586
5,51,15.14447460199499
5,52,17.66408645636368
6,1,16.219452465546283
6,2,12.719233306451114
6,3,10.061464431847766
6,4,6.4379672993659645
6,5,3.7937201760025676
6,7,3.7987909563791966
6,8,6.516297022168391
6,9,9.326615226204584
6,10,7.0106991117682265
6,11,9.862695995990482
6,12,10.313114790845122
6,13,13.402502657509013
6,14,11.59271704902314
6,15,11.497889703510598
6,16,15.13721799621858
6,17,17.24786696420758
6,18,19.77146174092516
6,19,21.99864031311748
6,20,20.07698134376323
6,21,18.326106338680596
6,22,15.033180762922857
6,23,13.34684434661357
6,24,10.027984088590035
6,25,10.259631624511849
6,26,9.078003207354396
6,27,10.583264406288682
6,28,11.410298276391694
6,29,14.505507015324067
6,30,17.94953022509445
6,31,17.831303862942598
6,32,14.74718574499477
6,33,16.456269419668487
6,34,19.692543116321755
6,35,18.606287330050034
6,36,15.88600529667608
6,37,16.08205622913256
6,38,14.43390842583035
6,39,13.88529030333849
6,40,12.747343067700285
6,41,13.987716466164665
6,42,11.717702521819321
6,43,8.848146797483736
6,44,5.9161470358839505
6,45,4.3420396265851995
6,46,6.590459102882855
6,47,8.653665319578122
6,48,11.802908292405899
6,49,14.948628599731162
6,50,15.497013901756718
6,51,18.800989258196026
6,52,21.17956901627233
7,1,19.785165754585062
7,2,16.191728791285747
7,3,13.540453179466017
7,4,9.958904964621704
7,5,6.8063988477485164
7,6,3.7987909563791966
7,8,3.8146056483634716
7,9,12.758737476941144
7,10,10.494708183171028
7,11,13.093365863458443
7,12,13.542778863402216
7,13,16.239401438031905
7,14,13.773965481554976
7,15,13.578490900785436
7,16,16.910808384076446
7,17,19.405407913820532
7,18,21.56062417492079
7,19,23.499396740798165
7,20,21.812991607794554
7,21,19.83458536055352
7,22,16.468258647869554
7,23,14.191887717870566
7,24,10.790527958605109
7,25,10.500315894732069
7,26,10.243893963407645
7,27,11.58686172519001
7,28,13.025138102651656
7,29,16.23961956079623
7,30,19.74478807122493
7,31,20.254129497085167
7,32,17.199581105082483
7,33,18.295001526338446
7,34,21.825978106241077
7,35,21.04425153784636
7,36,17.994460184589563
7,37,17.43652845542504
7,38,15.348007872759771
7,39,13.900731481472734
7,40,12.125230312403284
7,41,12.414247292257224
7,42,9.631108312347218
7,43,7.845427216427987
7,44,5.305210759544454
7,45,5.874088931714753
7,46,8.3193348400134
7,47,11.371110458938016
7,48,14.458229101101205
7,49,17.924149312437013
7,50,18.75048752068098
7,51,21.86905351539704
7,52,24.463503496422376
8,1,22.628272834242438
8,2,19.210938582703555
8,3,16.508886315578188
8,4,12.947963051975494
8,5,9.967877629143407
8,6,6.516297022168391
8,7,3.8146056483634716
8,9,13.777879160537937
8,10,11.797045406569348
8,11,14.282122237771155
8,12,15.525672036773186
8,13,17.7725956703731
8,14,14.979923866076033
8,15,15.601418519008053
8,16,18.88810005812635
8,17,21.774315909860828
8,18,24.12004730389526
8,19,25.66048826382569
8,20,23.662918364274717
8,21,21.193583007356896
8,22,17.585005389694768
8,23,14.686148682434538
8,24,11.913032035980192
8,25,12.422952973151553
8,26,13.06791916997521
8,27,14.958986546544224
8,28,16.70213799817169
8,29,20.005193591258283
8,30,23.455546284031964
8,31,23.834364304954708
8,32,20.63490351844155
8,33,21.693802423823964
8,34,25.17755946513411
8,35,24.091361913739703
8,36,20.890925069299744
8,37,20.200970164237877
8,38,18.420549697782327
8,39,16.598967742102186
8,40,15.04447302897903
8,41,14.585518400761499
8,42,11.185268571584697
8,43,10.316163034551046
8,44,7.413148054345739
8,45,9.094811534914133
8,46,12.009224168886115
8,47,14.863603502755737
8,48,18.045613173589096
8,49,21.371652285751537
8,50,21.91528585773969
8,51,25.074929375975263
8,52,27.40249291538703
9,1,12.858305371897172
9,2,10.922883463071127
9,3,8.806222874677333
9,4,7.8990669513460015
9,5,8.98341694511292
9,6,9.326615226204584
9,7,12.758737476941144
9,8,13.777879160537937
9,10,3.845525143245462
9,11,6.485755601415103
9,12,8.953018667791627
9,13,11.747809931113093
9,14,12.245316034901768
9,15,13.722078043573813
9,16,17.28229902452594
9,17,18.48176025929896
9,18,21.9136733845818
9,19,24.207402235694545
9,20,21.45660670320333
9,21,19.889804453679258
9,22,16.949746734313287
9,23,16.24840580709595
9,24,14.551783733252313
9,25,16.414676078593263
9,26,14.829038048558418
9,27,16.63798831791278
9,28,16.30448914800795
9,29,18.42436602021575
9,30,21.20635418655107
9,31,19.377487665780983
9,32,16.741244211933072
9,33,19.730017398759745
9,34,21.705415636773825
9,35,19.61911058973256
9,36,18.11822954198585
9,37,19.985037832956444
9,38,19.749369961060342
9,39,20.525911151995956
9,40,20.51613914966096
9,41,22.402179426163546
9,42,20.356277214768525
9,43,17.094029243770496
9,44,13.944389674887201
9,45,11.784212118614668
9,46,12.885195499511191
9,47,11.85944526279357
9,48,13.777922004021763
9,49,14.865109678221629
9,50,13.526374630924659
9,51,16.739095257589597
9,52,17.466358017175747
10,1,12.575744022823466
10,2,10.23006589895383
10,3,8.540836081408631
10,4,6.273919415352475
10,5,7.456484176904701
10,6,7.0106991117682265
10,7,10.494708183171028
10,8,11.797045406569348
10,9,3.845525143245462
10,11,3.8137890258323415
10,12,6.049869429738052
10,13,8.957315992227137
10,14,8.74813360421481
10,15,10.133855047908868
10,16,13.80553184306619
10,17,15.409700527505041
10,18,18.797024542646856
10,19,20.922845573682903
10,20,18.20367954354323
10,21,16.467423415555448
10,22,13.378661822952186
10,23,12.587315528909928
10,24,10.7238204234485
10,25,12.634659173846877
10,26,11.289762481749614
10,27,13.531871198003603
10,28,13.84161099378923
10,29,16.494650066843526
10,30,19.234086166247778
10,31,17.689341955760536
10,32,14.569328058714143
10,33,17.103389454121125
10,34,19.36342689312089
10,35,17.18656859172694
10,36,15.157871447855618
10,37,16.635418992749557
10,38,16.463899330261484
10,39,17.006967636046397
10,40,17.253920890669413
10,41,19.025319782808182
10,42,16.994543949429325
10,43,13.701126783528245
10,44,10.562949598705634
10,45,8.624890047910451
10,46,10.344090404756457
10,47,9.764066146053493
10,48,12.519625136253465
10,49,14.197071673875758
10,50,13.87422632230354
10,51,17.488116373133536
10,52,18.850822167792163
11,1,12.040714901978118
11,2,10.56245279693145
11,3,10.234222758008618
11,4,8.401594459189061
11,5,10.446537525555046
11,6,9.862695995990482
11,7,13.093365863458443
11,8,14.282122237771155
11,9,6.485755601415103
11,10,3.8137890258323415
11,12,3.787710298112832
11,13,5.491173769262159
11,14,6.031747407039062
11,15,8.151626472357332
11,16,11.396152336042471
11,17,12.935162955571727
11,18,16.58742049174645
11,19,18.36565940292204
11,20,15.310064466203116
11,21,13.533098201160279
11,22,10.721799237470112
11,23,10.607902571095659
11,24,9.721476623810076
11,25,12.198902250557422
11,26,11.196939812461533
11,27,13.89147790018796
11,28,14.554941491002943
11,29,17.23646332683895
11,30,19.38851505509301
11,31,17.465589669167002
11,32,14.175042483170724
11,33,16.464787931272365
11,34,18.285501242372863
11,35,15.518401634532273
11,36,13.561829402481521
11,37,15.256827325538348
11,38,15.947723126756237
11,39,16.749615740243176
11,40,17.821232923823523
11,41,19.63216086234076
11,42,17.821375959080953
11,43,14.529701033221949
11,44,11.67726829549282
11,45,10.122535141304839
11,46,11.952168213479087
11,47,10.90005594521308
11,48,13.705754686802036
11,49,14.9059636627476
11,50,14.96896648435369
11,51,18.711524504995154
11,52,19.895898841824714
12,1,9.806495856518266
12,2,8.316491794406028
12,3,8.986617122281208
12,4,7.383042179968949
12,5,10.175754008052163
12,6,10.313114790845122
12,7,13.542778863402216
12,8,15.525672036773186
12,9,8.953018667791627
12,10,6.049869429738052
12,11,3.787710298112832
12,13,3.8436946403404777
12,14,5.194802642373963
12,15,5.500802857314982
12,16,8.592095407421835
12,17,9.566849583144899
12,18,13.115450876764662
12,19,15.280190643501422
12,20,12.596401874632615
12,21,11.528487852515324
12,22,9.291559936063472
12,23,10.200397524855282
12,24,8.925447570413704
12,25,10.544976898632738
12,26,8.829469907792182
12,27,11.154871302372698
12,28,11.667376799738973
12,29,14.209972592750795
12,30,15.98946176256902
12,31,14.01676866516355
12,32,10.632352732055868
12,33,12.811635597901294
12,34,14.518779718141973
12,35,11.755455200310033
12,36,9.846917572196778
12,37,11.853183596803756
12,38,12.749897745597725
12,39,14.124655349917516
12,40,15.552102927252012
12,41,17.838505300801906
12,42,16.713352172475812
12,43,13.172245176458972
12,44,11.17185933287724
12,45,9.070387262769946
12,46,10.130062181117694
12,47,8.51290616622055
12,48,11.245261461379402
12,49,12.356099360716037
12,50,13.204933014748454
12,51,17.020940532694024
12,52,18.618838769030656
13,1,11.934555260569367
13,2,11.387086273622332
13,3,12.666202627949533
13,4,11.204317738139203
13,5,13.816031471248687
13,6,13.402502657509013
13,7,16.239401438031905
13,8,17.7725956703731
13,9,11.747809931113093
13,10,8.957315992227137
13,11,5.491173769262159
13,12,3.8436946403404777
13,14,3.853611271110151
13,15,5.3188127720808716
13,16,7.078311967673519
13,17,8.214300781680391
13,18,12.009299967128738
13,19,13.385761849457005
13,20,10.12853751854872
13,21,8.77376188318669
13,22,7.019631195527132
13,23,8.78417668359457
13,24,9.017238303075224
13,25,11.25385252303811
13,26,10.491536842468067
13,27,13.235311394738702
13,28,14.307163453635882
13,29,16.854927446475962
13,30,18.05284191734484
13,31,15.947263427707856
13,32,12.587580493745671
13,33,14.111211368391418
13,34,15.305880506256985
13,35,11.94711907134096
13,36,10.064133406948228
13,37,11.90591869481696
13,38,13.785732758110479
13,39,15.060601948778237
13,40,17.214582435437915
13,41,19.187263303297634
13,42,18.097396748782256
13,43,14.911004945089497
13,44,13.089406763548636
13,45,11.84253163866458
13,46,13.297295193436163
13,47,11.88510260257064
13,48,14.5389558556024
13,49,15.319812018296643
13,50,16.351419104287228
13,51,20.076432942948202
13,52,21.42972886714505
14,1,14.698820918781513
14,2,13.27290806222181
14,3,13.755245963091095
14,4,11.273520822768706
14,5,12.939851260767586
14,6,11.59271704902314
14,7,13.773965481554976
14,8,14.979923866076033
14,9,12.245316034901768
14,10,8.74813360421481
14,11,6.031747407039062
14,12,5.194802642373963
14,13,3.853611271110151
14,15,3.847484099635574
14,16,6.336543635871342
14,17,9.080042892176904
14,18,12.505588793647993
14,19,13.468746528073021
14,20,10.293408120419636
14,21,7.874677927968914
14,22,4.71600869779625
14,23,5.199524638042328
14,24,5.370990082130811
14,25,8.232400738746238
14,26,8.537227047815641
14,27,11.958730307903927
14,28,13.920697928512705
14,29,17.079058053451934
14,30,18.684523871862147
14,31,17.304632156248932
14,32,13.602899757029984
14,33,14.539305338235604
14,34,16.487283970295803
14,35,13.53671359423825
14,36,10.68538058413815
14,37,11.31732770232622
14,38,12.722879725359023
14,39,13.037836570507844
14,40,15.064499464557345
14,41,16.443307586231835
14,42,14.938859529913358
14,43,12.10368650699873
14,44,10.116737199025218
14,45,9.853508965629308
14,46,12.200045223349242
14,47,11.934338708905806
14,48,15.247179227384935
14,49,16.88177645740684
14,50,18.197279847122545
14,51,22.021249630766317
14,52,23.779162502037153
15,1,13.470903609419603
15,2,11.806719631115064
15,3,12.69675213982484
15,4,10.332458556457329
15,5,12.181066817584457
15,6,11.497889703510598
15,7,13.578490900785436
15,8,15.601418519008053
15,9,13.722078043573813
15,10,10.133855047908868
15,11,8.151626472357332
15,12,5.500802857314982
15,13,5.3188127720808716
15,14,3.847484099635574
15,16,3.803530947402548
15,17,6.3733946939209405
15,18,9.43695291129834
15,19,11.044836918613942
15,20,8.637393232131677
15,21,7.29511230376936
15,22,5.108613453905444
15,23,6.6346274587931395
15,24,5.374696617108079
15,25,6.313769313746652
15,26,5.645956631264011
15,27,8.672851162114547
15,28,10.721893055484086
15,29,13.82532807361046
15,30,15.179037457276271
15,31,14.114116788449973
15,32,10.35859698817926
15,33,10.82958388460039
15,34,12.991322294963766
15,35,10.383990470103393
15,36,7.129412787306802
15,37,7.5889105859292725
15,38,8.973773922981335
15,39,9.786101727080046
15,40,12.100888462237055
15,41,14.017662807069652
15,42,13.314506162086234
15,43,10.215089591637229
15,44,9.335979655988917
15,45,8.504200520366501
15,46,10.02069750105834
15,47,9.668228414575553
15,48,12.857047935238365
15,49,14.643010238812762
15,50,16.654064238678703
15,51,20.381085070912974
15,52,22.581893464278256
16,1,15.139701941362807
16,2,14.125547964913945
16,3,15.692765543640022
16,4,13.738510431416126
16,5,15.722924843291997
16,6,15.13721799621858
16,7,16.910808384076446
16,8,18.88810005812635
16,9,17.28229902452594
16,10,13.80553184306619
16,11,11.396152336042471
16,12,8.592095407421835
16,13,7.078311967673519
16,14,6.336543635871342
16,15,3.803530947402548
16,17,3.805288970858252
16,18,6.427436862526765
16,19,7.339894484282857
16,20,4.949592366870078
16,21,4.373826242702283
16,22,4.400545755619481
16,23,7.514372775552421
16,24,7.5714970820974985
16,25,7.883336852272242
16,26,7.825996723879572
16,27,10.196546973394538
16,28,12.384996953081291
16,29,15.086042550599783
16,30,15.569847540477673
16,31,14.56337989383771
16,32,11.12825635869415
16,33,10.588288570502916
16,34,12.085326350384664
16,35,9.275392685157474
16,36,6.1078229391501875
16,37,6.002965793678287
16,38,8.774882242451898
16,39,9.852883882666033
16,40,13.033924615634708
16,41,14.837895962980234
16,42,14.795799454645831
16,43,12.217226318154223
16,44,12.197724263467814
16,45,11.764796619939876
16,46,12.873884463192779
16,47,12.37475783938115
16,48,15.097612563180839
16,49,16.48705455017508
16,50,18.902782776251456
16,51,22.453693786970163
16,52,24.654420068617267
17,1,13.446137627813092
17,2,13.172475172744779
17,3,15.550093200605462
17,4,14.465202389518184
17,5,17.046361298667897
17,6,17.24786696420758
17,7,19.405407913820532
17,8,21.774315909860828
17,9,18.48176025929896
17,10,15.409700527505041
17,11,12.935162955571727
17,12,9.566849583144899
17,13,8.214300781680391
17,14,9.080042892176904
17,15,6.3733946939209405
17,16,3.805288970858252
17,18,3.807537244239805
17,19,5.997431563071787
17,20,4.5789291664712195
17,21,6.542021442657583
17,22,7.8836508466535635
17,23,11.24071771934294
17,24,11.109620891391124
17,25,10.942061650920715
17,26,9.81569273341885
17,27,11.074654174763873
17,28,12.297490577107567
17,29,14.153716860546266
17,30,13.822515941821733
17,31,12.31836910229882
17,32,9.444089055085788
17,33,8.86321585096361
17,34,9.261159649286098
17,35,6.017168800813039
17,36,4.034571883835582
17,37,5.654102396447923
17,38,9.053815723112214
17,39,11.356190115438825
17,40,14.556533608432389
17,41,16.9705812134733
17,42,17.529319894579807
17,43,14.7277013887483
17,44,15.017859816008754
17,45,13.806801180946684
17,46,13.957270591759155
17,47,12.562821841123062
17,48,14.445293375067854
17,49,15.062073372806724
17,50,17.670748995157872
17,51,20.940697795216398
17,52,23.028598339311646
18,1,15.783082722448492
18,2,15.544273620478728
18,3,18.038055440956057
18,4,17.069626281545375
18,5,19.430605845959146
18,6,19.77146174092516
18,7,21.56062417492079
18,8,24.12004730389526
18,9,21.9136733845818
18,10,18.797024542646856
18,11,16.58742049174645
18,12,13.115450876764662
18,13,12.009299967128738
18,14,12.505588793647993
18,15,9.43695291129834
18,16,6.427436862526765
18,17,3.807537244239805
18,19,3.8150749657343104
18,20,5.304348466408147
18,21,8.374667483402884
18,22,10.483009078318135
18,23,13.732051395706982
18,24,13.485661856093664
18,25,12.44036675194582
18,26,11.408086633767148
18,27,11.781850494073959
18,28,12.992721263209546
18,29,14.336881333976491
18,30,13.20170843775211
18,31,12.332590471031999
18,32,10.163062890009503
18,33,8.226703992180896
18,34,8.032107736853039
18,35,5.900424370810676
18,36,4.711037473446392
18,37,4.892076210601515
18,38,8.548642517005227
18,39,11.047887264806569
18,40,14.481465725295951
18,41,16.88617926401258
18,42,18.20690750351075
18,43,15.832773409766254
18,44,16.957021783669347
18,45,15.912888831390088
18,46,15.611478400688565
18,47,14.454035691842481
18,48,15.893205108098988
18,49,16.469582201266622
18,50,19.549247231571616
18,51,22.485494049467192
18,52,24.823337062200043
19,1,19.074022911626304
19,2,18.930845412132765
19,3,21.3028744155591
19,4,20.014397713993176
19,5,22.180544637158995
19,6,21.99864031311748
19,7,23.499396740798165
19,8,25.66048826382569
19,9,24.207402235694545
19,10,20.922845573682903
19,11,18.36565940292204
19,12,15.280190643501422
19,13,13.385761849457005
19,14,13.468746528073021
19,15,11.044836918613942
19,16,7.339894484282857
19,17,5.997431563071787
19,18,3.8150749657343104
19,20,3.8322088832274055
19,21,7.136869066998181
19,22,10.237896991975573
19,23,13.586498232864507
19,24,14.247360373590627
19,25,13.570155934496471
19,26,13.553423960531156
19,27,14.499024053023353
19,28,16.29400363248853
19,29,17.927068329361482
19,30,16.844383470750007
19,31,16.13775317508583
19,32,13.915306732540985
19,33,11.855600961813298
19,34,11.673795082489805
19,35,9.585393754457002
19,36,8.26684531704317
19,37,7.433872100150751
19,38,11.07427458392566
19,39,12.644778996736711
19,40,16.366751181887555
19,41,18.09563835531892
19,42,19.27806099683967
19,43,17.43143713260258
19,44,18.537613651957773
19,45,18.18008696529296
19,46,18.469461627802417
19,47,17.703695994505104
19,48,19.482900182380618
19,49,20.187611353096678
19,50,23.15498388030961
19,51,26.183145645472692
19,52,28.40593301807538
20,1,17.669180261054322
20,2,17.541522704946043
20,3,19.743860228399488
20,4,18.283988223592793
20,5,20.544767628652927
20,6,20.07698134376323
20,7,21.812991607794554
20,8,23.662918364274717
20,9,21.45660670320333
20,10,18.20367954354323
20,11,15.310064466203116
20,12,12.596401874632615
20,13,10.12853751854872
20,14,10.293408120419636
20,15,8.637393232131677
20,16,4.949592366870078
20,17,4.5789291664712195
20,18,5.304348466408147
20,19,3.8322088832274055
20,21,3.789577438842093
20,22,7.088534178709689
20,23,10.748907328938808
20,24,11.966206576378333
20,25,12.264101985603178
20,26,12.494372169690417
20,27,14.304498714494098
20,28,16.233824967681947
20,29,18.332212641684958
20,30,17.87912043627369
20,31,16.67746101207834
20,32,13.910946772537473
20,33,12.757388359881277
20,34,12.98807424861162
20,35,10.028907086764308
20,36,8.21440843700342
20,37,8.124441179400758
20,38,11.760104727379995
20,39,13.089631490408348
20,40,16.699583769678487
20,41,18.333702110710274
20,42,18.75917808681013
20,43,16.633055508508207
20,44,16.96345023797249
20,45,16.67990292098364
20,46,17.523562900536266
20,47,16.68194687545263
20,48,18.878790899274062
20,49,19.63499541275459
20,50,22.165374423211453
20,51,25.474309560784018
20,52,27.437521452282656
21,1,18.55400147032996
21,2,17.972705645539172
21,3,19.583637558700865
21,4,17.566226249698012
21,5,19.429067994019036
21,6,18.326106338680596
21,7,19.83458536055352
21,8,21.193583007356896
21,9,19.889804453679258
21,10,16.467423415555448
21,11,13.533098201160279
21,12,11.528487852515324
21,13,8.77376188318669
21,14,7.874677927968914
21,15,7.29511230376936
21,16,4.373826242702283
21,17,6.542021442657583
21,18,8.374667483402884
21,19,7.136869066998181
21,20,3.789577438842093
21,22,3.786767327054346
21,23,7.320608470821267
21,24,9.329303059842115
21,25,10.499989461278211
21,26,11.61187956943809
21,27,14.270286355385604
21,28,16.7104023287598
21,29,19.407729276344405
21,30,19.662933208237536
21,31,18.57948791042131
21,32,15.321930734621015
21,33,14.554728457570198
21,34,15.554733654405503
21,35,12.544762346506337
21,36,9.951066041384122
21,37,9.448660918840185
21,38,12.495177486932166
21,39,12.937063265685168
21,40,16.327876866515247
21,41,17.42581417150855
21,42,17.125961069052593
21,43,15.191015303693488
21,44,14.973396120848852
21,45,15.3042555747542
21,46,16.942712876310274
21,47,16.621309044496527
21,48,19.40608107855358
21,49,20.627828347941172
21,50,22.857886353336227
21,51,26.4254450531176
21,52,28.363553139005315
22,1,17.77097882103553
22,2,16.609204425439174
22,3,17.56370162298657
22,4,15.079931413313519
22,5,16.55375482656345
22,6,15.033180762922857
22,7,16.468258647869554
22,8,17.585005389694768
22,9,16.949746734313287
22,10,13.378661822952186
22,11,10.721799237470112
22,12,9.291559936063472
22,13,7.019631195527132
22,14,4.71600869779625
22,15,5.108613453905444
22,16,4.400545755619481
22,17,7.8836508466535635
22,18,10.483009078318135
22,19,10.237896991975573
22,20,7.088534178709689
22,21,3.786767327054346
22,23,3.7935707314966547
22,24,5.892129694773756
22,25,7.99868169333735
22,26,9.488815089532807
22,27,12.780800826907127
22,28,15.421796446997421
22,29,18.56081304116892
22,30,19.54886893412555
22,31,18.56875264489011
22,32,14.952249607139716
22,33,14.726424444948307
22,34,16.45248253970445
22,35,13.550951116957217
22,36,10.426334043981228
22,37,9.936340735209358
22,38,12.103714352205413
22,39,12.012861536978233
22,40,14.866661548602993
22,41,15.774237409441618
22,42,14.772043711248035
22,43,12.687328215431174
22,44,11.804643162295152
22,45,12.411352601059354
22,46,14.637233118146515
22,47,14.735853400599902
22,48,17.95792528271984
22,49,19.621022123640756
22,50,21.55708927880354
22,51,25.291505404535435
22,52,27.27329882824144
23,1,19.589061598468643
23,2,17.86093463815308
23,3,18.023375842495817
23,4,14.973566608202702
23,5,15.63893475876431
23,6,13.34684434661357
23,7,14.191887717870566
23,8,14.686148682434538
23,9,16.24840580709595
23,10,12.587315528909928
23,11,10.607902571095659
23,12,10.200397524855282
23,13,8.78417668359457
23,14,5.199524638042328
23,15,6.6346274587931395
23,16,7.514372775552421
23,17,11.24071771934294
23,18,13.732051395706982
23,19,13.586498232864507
23,20,10.748907328938808
23,21,7.320608470821267
23,22,3.7935707314966547
23,24,3.8408425384842175
23,25,6.995215739616227
23,26,9.48235980811311
23,27,13.16329332836342
23,28,16.143875585523748
23,29,19.657074148223057
23,30,21.24287459560576
23,31,20.609539834100538
23,32,16.83454168371618
23,33,16.761607955463496
23,34,19.06171784776915
23,35,16.478788735414774
23,36,13.04706016248786
23,37,12.124682098554102
23,38,13.348351675689624
23,39,12.31512928107149
23,40,14.494144141438431
23,41,14.702190992885212
23,42,12.869423804065793
23,43,11.229972099392167
23,44,9.74410196460673
23,45,11.312353861587601
23,46,14.309645035150028
23,47,15.205672999928085
23,48,18.799483024991904
23,49,20.975148618023223
23,50,22.678475140218694
23,51,26.4841648965541
23,52,28.550471856394797
24,1,17.95613916374483
24,2,15.63144016181337
24,3,15.350809873090293
24,4,12.010728509096904
24,5,12.265201693401044
24,6,10.027984088590035
24,7,10.790527958605109
24,8,11.913032035980192
24,9,14.551783733252313
24,10,10.7238204234485
24,11,9.721476623810076
24,12,8.925447570413704
24,13,9.017238303075224
24,14,5.370990082130811
24,15,5.374696617108079
24,16,7.5714970820974985
24,17,11.109620891391124
24,18,13.485661856093664
24,19,14.247360373590627
24,20,11.966206576378333
24,21,9.329303059842115
24,22,5.892129694773756
24,23,3.8408425384842175
24,25,3.7969904092226834
24,26,6.133124632222436
24,27,9.873699914594273
24,28,12.907550534116547
24,29,16.578631934464745
24,30,18.582927186702708
24,31,18.302283441294577
24,32,14.503832251298148
24,33,14.56988137491811
24,34,17.395330592585974
24,35,15.326134260636932
24,36,11.690928778684038
24,37,10.667908522681158
24,38,10.907408177616722
24,39,9.703472368621982
24,40,11.271440548561982
24,41,11.76794154010338
24,42,9.852184039254698
24,43,7.642890928235625
24,44,6.061752315928269
24,45,7.585278021948948
24,46,10.674322804179324
24,47,12.056559871053691
24,48,15.773697040410013
24,49,18.366959731766467
24,50,20.172860038066577
24,51,23.922060857490298
24,52,26.284023341498656
25,1,18.17816490850832
25,2,15.550809497776417
25,3,15.304244995674857
25,4,12.010576725940762
25,5,11.970099772754718
25,6,10.259631624511849
25,7,10.500315894732069
25,8,12.422952973151553
25,9,16.414676078593263
25,10,12.634659173846877
25,11,12.198902250557422
25,12,10.544976898632738
25,13,11.25385252303811
25,14,8.232400738746238
25,15,6.313769313746652
25,16,7.883336852272242
25,17,10.942061650920715
25,18,12.44036675194582
25,19,13.570155934496471
25,20,12.264101985603178
25,21,10.499989461278211
25,22,7.99868169333735
25,23,6.995215739616227
25,24,3.7969904092226834
25,26,3.7962994078968664
25,27,6.977611367362996
25,28,10.5182450546527
25,29,14.20793847774002
25,30,16.16274043468546
25,31,16.57463849408031
25,32,12.948629605853608
25,33,12.35073635519131
25,34,15.571183224083937
25,35,14.25250674609724
25,36,10.44683839448099
25,37,8.581218659449034
25,38,7.867240488044635
25,39,6.04446096725294
25,40,7.551086245897516
25,41,8.252505617765765
25,42,7.125493137951658
25,43,4.73841542443308
25,44,5.225904585378293
25,45,6.649992805378766
25,46,8.982728841760254
25,47,10.932301932527741
25,48,14.46212581905924
25,49,17.38270303674203
25,50,19.720609647064627
25,51,23.273187485205195
25,52,26.059410358222095
26,1,14.972896426054266
26,2,12.166710830343627
26,3,12.05205405976969
26,4,9.095198566794755
26,5,9.600218481194059
26,6,9.078003207354396
26,7,10.243893963407645
26,8,13.06791916997521
26,9,14.829038048558418
26,10,11.289762481749614
26,11,11.196939812461533
26,12,8.829469907792182
26,13,10.491536842468067
26,14,8.537227047815641
26,15,5.645956631264011
26,16,7.825996723879572
26,17,9.81569273341885
26,18,11.408086633767148
26,19,13.553423960531156
26,20,12.494372169690417
26,21,11.61187956943809
26,22,9.488815089532807
26,23,9.48235980811311
26,24,6.133124632222436
26,25,3.7962994078968664
26,27,3.773142087318022
26,28,6.891171355461672
26,29,10.592172996015451
26,30,12.739870356384854
26,31,13.030791666564255
26,32,9.424495867262717
26,33,9.328387967217385
26,34,12.726710697590269
26,35,11.700125085550054
26,36,8.177957435245338
26,37,7.211766573718535
26,38,5.869150082521678
26,39,5.725947701924762
26,40,6.8134327662393375
26,41,9.127244106915
26,42,8.83435013210364
26,43,5.312009016025005
26,44,5.906563570054414
26,45,4.842826603667866
26,46,5.8378786488215795
26,47,7.305642172775945
26,48,10.711475646685725
26,49,13.643464558194367
26,50,16.12439876243236
26,51,19.596907444042937
26,52,22.498946369370785
27,1,14.809372450315477
27,2,11.857732582808728
27,3,11.840688665919412
27,4,9.561321076288534
27,5,9.990164481897677
27,6,10.583264406288682
27,7,11.58686172519001
27,8,14.958986546544224
27,9,16.63798831791278
27,10,13.531871198003603
27,11,13.89147790018796
27,12,11.154871302372698
27,13,13.235311394738702
27,14,11.958730307903927
27,15,8.672851162114547
27,16,10.196546973394538
27,17,11.074654174763873
27,18,11.781850494073959
27,19,14.499024053023353
27,20,14.304498714494098
27,21,14.270286355385604
27,22,12.780800826907127
27,23,13.16329332836342
27,24,9.873699914594273
27,25,6.977611367362996
27,26,3.773142087318022
27,28,3.797695657566792
27,29,7.361011622208552
27,30,9.60864485568716
27,31,10.724582027039334
27,32,7.690176165269629
27,33,7.154138328884961
27,34,10.928439604953356
27,35,11.057066673539413
27,36,8.136847398176258
27,37,7.176698302364895
27,38,4.248181345921626
27,39,5.169483017387358
27,40,5.2229926231494215
27,41,8.702337385947045
27,42,9.679098949651634
27,43,6.456407881785214
27,44,8.290608929189093
27,45,6.422449240989892
27,46,5.0011446999222455
27,47,6.408634760110428
27,48,8.886496327441492
27,49,11.99893124665538
27,50,14.974350964615288
27,51,18.038481661133936
27,52,21.31925985589554
28,1,12.631359496329177
28,2,9.611382522402545
28,3,9.723163648578417
28,4,8.542887095291311
28,5,9.50752586743769
28,6,11.410298276391694
28,7,13.025138102651656
28,8,16.70213799817169
28,9,16.30448914800795
28,10,13.84161099378923
28,11,14.554941491002943
28,12,11.667376799738973
28,13,14.307163453635882
28,14,13.920697928512705
28,15,10.721893055484086
28,16,12.384996953081291
28,17,12.297490577107567
28,18,12.992721263209546
28,19,16.29400363248853
28,20,16.233824967681947
28,21,16.7104023287598
28,22,15.421796446997421
28,23,16.143875585523748
28,24,12.907550534116547
28,25,10.5182450546527
28,26,6.891171355461672
28,27,3.797695657566792
28,29,3.7924619993905675
28,30,6.774064177201112
28,31,7.863025148589401
28,32,5.542395001875826
28,33,6.189670510208107
28,34,9.662067814857036
28,35,10.449816185771438
28,36,8.71215502022741
28,37,9.089182100818691
28,38,6.513489429393067
28,39,8.603879302179896
28,40,8.144775187249227
28,41,11.839545690129292
28,42,12.948552310695925
28,43,9.688780025401439
28,44,10.972211372506663
28,45,8.04630583758155
28,46,4.877988671340501
28,47,4.568651953336582
28,48,5.58015599577098
28,49,8.671223942879886
28,50,11.842500975003077
28,51,14.587866635540843
28,52,18.04089637786142
29,1,12.43520623667798
29,2,9.93227571472746
29,3,10.544044328105993
29,4,10.67032062767993
29,5,11.9398493579536
29,6,14.505507015324067
29,7,16.23961956079623
29,8,20.005193591258283
29,9,18.42436602021575
29,10,16.494650066843526
29,11,17.23646332683895
29,12,14.209972592750795
29,13,16.854927446475962
29,14,17.079058053451934
29,15,13.82532807361046
29,16,15.086042550599783
29,17,14.153716860546266
29,18,14.336881333976491
29,19,17.927068329361482
29,20,18.332212641684958
29,21,19.407729276344405
29,22,18.56081304116892
29,23,19.657074148223057
29,24,16.578631934464745
29,25,14.20793847774002
29,26,10.592172996015451
29,27,7.361011622208552
29,28,3.7924619993905675
29,30,3.821498084383774
29,31,5.636548261068543
29,32,5.436217995615227
29,33,6.284897344488863
29,34,8.774142660702648
29,35,10.649281213017778
29,36,10.228411856537623
29,37,11.160877959063916
29,38,8.876591948201689
29,39,11.51445501585494
29,40,10.979341291678963
29,41,14.745718713745896
29,42,16.319745362579795
29,43,13.296955000035945
29,44,14.693970554960355
29,45,11.613684736485988
29,46,8.079318979037845
29,47,6.748541264460268
29,48,5.242020611598906
29,49,7.224031976701058
29,50,10.746916484689713
29,51,12.68970166792586
29,52,16.34530765488215
30,1,13.09222917597404
30,2,11.59773364239584
30,3,13.19816939571588
30,4,13.757024084271931
30,5,15.501146224098104
30,6,17.94953022509445
30,7,19.74478807122493
30,8,23.455546284031964
30,9,21.20635418655107
30,10,19.234086166247778
30,11,19.38851505509301
30,12,15.98946176256902
30,13,18.05284191734484
30,14,18.684523871862147
30,15,15.179037457276271
30,16,15.569847540477673
30,17,13.822515941821733
30,18,13.20170843775211
30,19,16.844383470750007
30,20,17.87912043627369
30,21,19.662933208237536
30,22,19.54886893412555
30,23,21.24287459560576
30,24,18.582927186702708
30,25,16.16274043468546
30,26,12.739870356384854
30,27,9.60864485568716
30,28,6.774064177201112
30,29,3.821498084383774
30,31,3.843742306465704
30,32,5.553951939146592
30,33,5.186185660868767
30,34,6.226621379554369
30,35,9.17767904771479
30,36,9.850197799818167
30,37,10.981888467642536
30,38,9.44266888404073
30,39,12.688145759082289
30,40,12.913786962036774
30,41,16.6834023117589
30,42,18.75486760173085
30,43,15.919082322489697
30,44,17.60838903709301
30,45,14.747286323008613
30,46,11.512614908349688
30,47,9.81501334581715
30,48,8.078553583462021
30,49,8.52946711136148
30,50,12.289496659950746
30,51,13.749966000333139
30,52,17.19483858986744
31,1,9.669454582096288
31,2,8.966326278790026
31,3,11.4380033458721
31,4,12.668856141685506
31,5,15.228915464399012
31,6,17.831303862942598
31,7,20.254129497085167
31,8,23.834364304954708
31,9,19.377487665780983
31,10,17.689341955760536
31,11,17.465589669167002
31,12,14.01676866516355
31,13,15.947263427707856
31,14,17.304632156248932
31,15,14.114116788449973
31,16,14.56337989383771
31,17,12.31836910229882
31,18,12.332590471031999
31,19,16.13775317508583
31,20,16.67746101207834
31,21,18.57948791042131
31,22,18.56875264489011
31,23,20.609539834100538
31,24,18.302283441294577
31,25,16.57463849408031
31,26,13.030791666564255
31,27,10.724582027039334
31,28,7.863025148589401
31,29,5.636548261068543
31,30,3.843742306465704
31,32,3.8154160129412196
31,33,5.468075044852414
31,34,5.149829043959036
31,35,7.086053625795052
31,36,8.742870273500817
31,37,11.13304074042944
31,38,10.667385501676819
31,39,14.242601392913336
31,40,15.026781518492825
31,41,18.816768168576072
31,42,20.374595837038758
31,43,17.120851606140363
31,44,18.106155212863897
31,45,14.942080131621802
31,46,11.984030180555756
31,47,9.219113816192356
31,48,7.232635043718976
31,49,6.2811103694998085
31,50,9.945166941490802
31,51,11.653496172664497
31,52,14.676187556117762
32,1,8.966630668136053
32,2,7.4555785359322195
32,3,9.710983061358183
32,4,10.001504606334736
32,5,12.62341713264804
32,6,14.74718574499477
32,7,17.199581105082483
32,8,20.63490351844155
32,9,16.741244211933072
32,10,14.569328058714143
32,11,14.175042483170724
32,12,10.632352732055868
32,13,12.587580493745671
32,14,13.602899757029984
32,15,10.35859698817926
32,16,11.12825635869415
32,17,9.444089055085788
32,18,10.163062890009503
32,19,13.915306732540985
32,20,13.910946772537473
32,21,15.321930734621015
32,22,14.952249607139716
32,23,16.83454168371618
32,24,14.503832251298148
32,25,12.948629605853608
32,26,9.424495867262717
32,27,7.690176165269629
32,28,5.542395001875826
32,29,5.436217995615227
32,30,5.553951939146592
32,31,3.8154160129412196
32,33,3.7939101598918725
32,34,5.427888829178786
32,35,5.6873554883716535
32,36,5.804440644581791
32,37,8.283669989486887
32,38,7.948839641027325
32,39,11.397953635310841
32,40,12.493033312603817
32,41,16.168179862702324
32,42,17.318211139767833
32,43,13.902327021401925
32,44,14.637558089610595
32,45,11.607218712113728
32,46,9.155366581672272
32,47,6.492559883405022
32,48,6.133432388324941
32,49,6.651567289222787
32,50,10.197672626659282
32,51,12.938427026036747
32,52,15.89890870911432
33,1,12.563910628391106
33,2,11.191995815753605
33,3,13.189274286491132
33,4,12.814418864478089
33,5,14.87336269277725
33,6,16.456269419668487
33,7,18.295001526338446
33,8,21.693802423823964
33,9,19.730017398759745
33,10,17.103389454121125
33,11,16.464787931272365
33,12,12.811635597901294
33,13,14.111211368391418
33,14,14.539305338235604
33,15,10.82958388460039
33,16,10.588288570502916
33,17,8.86321585096361
33,18,8.226703992180896
33,19,11.855600961813298
33,20,12.757388359881277
33,21,14.554728457570198
33,22,14.726424444948307
33,23,16.761607955463496
33,24,14.56988137491811
33,25,12.35073635519131
33,26,9.328387967217385
33,27,7.154138328884961
33,28,6.189670510208107
33,29,6.284897344488863
