1,2,3.815552746462727
1,3,5.702830956562717
1,4,7.624907675774728
1,5,10.399991222017007
1,6,13.948837331226665
1,7,16.381591578321924
1,8,20.081613267722222
1,9,22.638141568994392
1,10,26.437905359507585
1,11,11.783631887950287
1,12,11.387532747845562
1,13,10.22523942473193
1,14,12.14835788508704
1,15,15.201988995680958
1,16,14.936485557395233
1,17,17.05868800770959
1,18,15.893972665382394
1,19,18.70843400093733
1,20,21.81088982076003
1,21,19.941301813001672
1,22,20.222365764785962
1,23,18.975173379928325
1,24,20.372980563084887
1,25,18.910244850876445
1,26,19.721127171271362
1,27,16.81574157799024
1,28,17.19824404836683
1,29,15.26039900436481
1,30,15.425518977056663
1,31,16.55918472336334
1,32,13.340551830496093
1,33,12.344577392928324
1,34,16.018495528242628
1,35,16.163686631561852
1,36,14.21999625848389
1,37,15.029005377927806
1,38,18.416683996331873
1,39,19.000871593677378
1,40,21.578986185258046
1,41,22.342033940389637
1,42,25.443491915417503
1,43,24.936974214807876
1,44,21.123324283900697
1,45,19.455440148111567
1,46,16.16130625883767
1,47,15.074549998583906
1,48,11.60418827171225
1,49,11.020622804424839
1,50,9.100305559816565
1,51,7.261438456150262
2,1,3.815552746462727
2,3,3.840171153285882
2,4,7.202967088799504
2,5,10.050592351524333
2,6,13.708725118957926
2,7,16.423218784646185
2,8,19.868579109863752
2,9,22.87280482086633
2,10,26.584975868458997
2,11,13.01750249867815
2,12,12.514808421068876
2,13,10.23177888199006
2,14,12.229135369095903
2,15,15.119869978889339
2,16,13.905028856874779
2,17,15.580147539163535
2,18,13.888023690888607
2,19,16.173677841612186
2,20,19.568462660065805
2,21,18.271467098418146
2,22,19.101848560204367
2,23,18.271163397973325
2,24,20.029873882210246
2,25,18.322429500615172
2,26,18.48391528259303
2,27,15.240068538075738
2,28,14.98845438121368
2,29,12.689918367701418
2,30,12.334462082709559
2,31,12.996003977408103
2,32,9.62068249172941
2,33,9.07254465694187
2,34,12.742490724131217
2,35,12.620728197168818
2,36,11.116588385532724
2,37,12.388927384115387
2,38,15.88184163130083
2,39,16.388095798821883
2,40,19.348214421235387
2,41,20.202223123340477
2,42,23.57399783141666
2,43,23.610639123546804
2,44,19.802051951663646
2,45,18.8000736503065
2,46,15.335574781892703
2,47,13.603266773300527
2,48,9.838507143690073
2,49,8.616746799608944
2,50,6.129166660485075
2,51,5.673437805203377
3,1,5.702830956562717
3,2,3.840171153285882
3,4,3.7836479255955187
3,5,6.368524938389197
3,6,9.96007753730682
3,7,12.800574092217998
3,8,16.154210004489265
3,9,19.27525891549301
3,10,22.954448911342013
3,11,10.433184910006878
3,12,10.669053497808939
3,13,8.353329840359775
3,14,11.292952453811818
3,15,13.381788527424892
3,16,11.939121331801491
3,17,14.227743216040702
3,18,13.271733078731144
3,19,15.621688124780906
3,20,19.06541903731443
3,21,17.77167748900763
3,22,18.140349902476796
3,23,16.765223814180107
3,24,17.99035793141334
3,25,15.736913673809411
3,26,15.614362705189395
3,27,12.230383284157131
3,28,11.906225702769614
3,29,9.623110871016571
3,30,9.888854447696236
3,31,11.560058211877763
3,32,8.971182211262482
3,33,7.469155508494381
3,34,11.233199643940798
3,35,12.261747068553824
3,36,11.055977628203628
3,37,11.238404667921749
3,38,14.210188549649114
3,39,14.031857737132142
3,40,16.6142841960038
3,41,17.03033727829188
3,42,20.319410151894168
3,43,20.204654885668063
3,44,16.393636341457054
3,45,15.371390527973531
3,46,11.75554244463577
3,47,9.89369641582735
3,48,6.183540927162088
3,49,5.4666510338585566
3,50,4.593407929391142
3,51,4.882170910790716
4,1,7.624907675774728
4,2,7.202967088799504
4,3,3.7836479255955187
4,5,3.8259650681094257
4,6,6.874229234362197
4,7,10.092715665352342
4,8,13.503229799638145
4,9,16.494917450871803
4,10,20.211328276583597
4,11,8.701744788669805
4,12,10.279082366606008
4,13,8.957928683065056
4,14,12.55798062677258
4,15,13.88321673304742
4,16,12.82062139363497
4,17,15.776903228141467
4,18,15.622029855362436
4,19,18.073695877645317
4,20,21.389936659309612
4,21,19.951086731553602
4,22,19.73968627135774
4,23,17.726065400901756
4,24,18.170151966267362
4,25,15.4720548199464
4,26,15.339037775529967
4,27,12.084628245106227
4,28,11.853750187009096
4,29,9.702246749113588
4,30,10.496520267322273
4,31,13.155106947150074
4,32,11.449222260032428
4,33,9.699964697524665
4,34,13.183502186263697
4,35,14.993175957332676
4,36,14.070928388039672
4,37,13.482918603181348
4,38,15.819685032161747
4,39,14.930450408972296
4,40,16.843750163060633
4,41,16.531434460249457
4,42,19.538469268554906
4,43,18.98537298048625
4,44,15.262603099430942
4,45,13.836869277696154
4,46,10.124249690360834
4,47,8.375584073121047
4,48,5.4568902429382105
4,49,5.383546209324766
4,50,6.258051486912139
4,51,5.566040351647657
5,1,10.399991222017007
5,2,10.050592351524333
5,3,6.368524938389197
5,4,3.8259650681094257
5,6,3.803926707322935
5,7,6.4739002751968755
5,8,9.916580502678565
5,9,12.948839515725002
5,10,16.650360330759206
5,11,6.335108417245112
5,12,8.378137597080405
5,13,7.347962508699347
5,14,11.177971058028467
5,15,11.486902796246637
5,16,10.528693732407332
5,17,13.8956624541066
5,18,14.607202586743693
5,19,17.163739843280293
5,20,20.15569386809781
5,21,18.558439948018663
5,22,17.79129659069736
5,23,15.31934116365872
5,24,15.191069291660975
5,25,12.196886681368966
5,26,12.080258701803777
5,27,9.159183874545906
5,28,9.585577092609068
5,29,8.524698092966963
5,30,10.633906844069907
5,31,13.750312219545444
5,32,12.70057042089037
5,33,10.017992144926056
5,34,12.832016414551587
5,35,15.380327265673714
5,36,14.274256810881834
5,37,12.65436743519858
5,38,14.256774438603017
5,39,13.101428804535924
5,40,14.300139758607035
5,41,13.847420553505364
5,42,16.470433731157062
5,43,15.502521177260537
5,44,11.821605525671698
5,45,10.076635069079414
5,46,6.457130408703729
5,47,5.592323678746535
5,48,4.097157235839512
5,49,6.488057952283407
5,50,8.899714177923423
5,51,9.234076516073891
6,1,13.948837331226665
6,2,13.708725118957926
6,3,9.96007753730682
6,4,6.874229234362197
6,5,3.803926707322935
6,7,3.7990872064790002
6,8,6.774812704893536
6,9,9.868833294703503
6,10,13.476065738640777
6,11,7.503143540606029
6,12,10.441645837372675
6,13,10.163142698028443
6,14,13.867513594729347
6,15,13.246937763585473
6,16,12.417440471253268
6,17,15.905250581691792
6,18,17.189735691405534
6,19,19.501811329340246
6,20,22.29303750532728
6,21,20.82196128423799
6,22,19.684297209699963
6,23,16.857399496431952
6,24,15.954671830725196
6,25,12.551482246273656
6,26,12.072221273326994
6,27,9.671999794008753
6,28,9.975801288837499
6,29,9.43021592171597
6,30,11.847877505468416
6,31,15.439190011986227
6,32,15.219858392182111
6,33,12.604158932754368
6,34,14.832426243492554
6,35,17.87883121817701
6,36,17.176475469019024
6,37,15.096686819816064
6,38,15.912204719719657
6,39,14.044798206129904
6,40,14.370831649810858
6,41,13.035186518077369
6,42,15.126375477064917
6,43,13.760583409287657
6,44,10.49246085822891
6,45,8.618668335685934
6,46,5.4336575530674525
6,47,5.09984688761189
6,48,6.121582436026905
6,49,8.525638879770778
6,50,11.612346315274241
6,51,11.936198121215087
7,1,16.381591578321924
7,2,16.423218784646185
7,3,12.800574092217998
7,4,10.092715665352342
7,5,6.4739002751968755
7,6,3.7990872064790002
7,8,3.7908357915692257
7,9,6.477826559818288
7,10,10.19542718753741
7,11,6.99051185879214
7,12,9.87614373643187
7,13,10.37730663013796
7,14,13.59562220826354
7,15,12.02657309271822
7,16,11.823232314511802
7,17,15.425959555006767
7,18,17.494636233664387
7,19,19.93727887902171
7,20,22.21556748099739
7,21,20.466693539480456
7,22,18.703016097441182
7,23,15.46092177666863
7,24,13.787722069098516
7,25,10.42197951291068
7,26,10.402910888639331
7,27,9.175721276747854
7,28,10.569664188177564
7,29,11.346865037702656
7,30,14.43436079189563
7,31,17.929341975798287
7,32,17.85959391563601
7,33,14.772992918314092
7,34,16.46086175190771
7,35,19.726843119332173
7,36,18.676731329455116
7,37,15.98674442488511
7,38,16.19079838408685
7,39,14.457780804931195
7,40,13.899727304449623
7,41,12.633887239160405
7,42,13.863601485311806
7,43,11.653334325214972
7,44,8.80137988436628
7,45,5.965391637922804
7,46,4.371482845874446
7,47,6.540310729826843
7,48,8.650100744783144
7,49,11.785554214940056
7,50,14.957510807942553
7,51,15.450067426629502
8,1,20.081613267722222
8,2,19.868579109863752
8,3,16.154210004489265
8,4,13.503229799638145
8,5,9.916580502678565
8,6,6.774812704893536
8,7,3.7908357915692257
8,9,3.7981524386114796
8,10,6.966790852906901
8,11,10.469624722600004
8,12,13.055698963781811
8,13,13.4859081767986
8,14,16.351300728117984
8,15,14.111189355792627
8,16,13.72078286305014
8,17,16.997797939550708
8,18,19.428780545226353
8,19,21.46595079986914
8,20,23.44612950989139
8,21,21.97317421544844
8,22,20.02388693371242
8,23,16.754114322277328
8,24,14.557471965992747
8,25,11.082604736352302
8,26,10.449494141456434
8,27,10.1004568876275
8,28,11.290065425229159
8,29,12.70669985637228
8,30,15.92929575299319
8,31,19.470678843033497
8,32,20.050347184990706
8,33,16.99369605927148
8,34,18.018158276795067
8,35,21.584787479383564
8,36,20.869885007587413
8,37,17.841934393209794
8,38,17.268498242665736
8,39,15.066822190718042
8,40,13.609605236921308
8,41,11.689517788804695
8,42,11.998588441572686
8,43,9.349133971787479
8,44,7.556174573603281
8,45,5.275517087910048
8,46,5.737284437868597
8,47,8.062302525909544
8,48,11.195187703132044
8,49,14.274149520550095
8,50,17.776373432649525
8,51,18.615918733028924
9,1,22.638141568994392
9,2,22.87280482086633
9,3,19.27525891549301
9,4,16.494917450871803
9,5,12.948839515725002
9,6,9.868833294703503
9,7,6.477826559818288
9,8,3.7981524386114796
9,10,3.8174668346601024
9,11,11.927687458316152
9,12,14.538546201520566
9,13,15.767502320747711
9,14,18.27021146696823
9,15,15.710015164499291
9,16,16.07124782771658
9,17,19.346300805928692
9,18,22.142060102476478
9,19,24.351209683728563
9,20,25.987401189984265
9,21,24.23330088013059
9,22,21.83086649155318
9,23,18.31185503301635
9,24,15.51135014234034
9,25,12.570355189505108
9,26,12.644137577802429
9,27,13.138781781096933
9,28,14.798418947731243
9,29,16.458632459305285
9,30,19.723181559891728
9,31,23.2463252948643
9,32,23.732330014552307
9,33,20.573435819618236
9,34,21.584954248038695
9,35,25.122076847647996
9,36,24.16168325424635
9,37,21.001247713243156
9,38,20.297035448109465
9,39,18.328631178078542
9,40,16.484242492655124
9,41,14.684631514119635
9,42,14.209679206279482
9,43,10.931229581377503
9,44,10.136030789301472
9,45,7.5123271034025
9,46,9.07155565415268
9,47,11.802324336674648
9,48,14.757990435619803
9,49,17.878448993776015
9,50,21.260567408562103
9,51,21.77954988257147
10,1,26.437905359507585
10,2,26.584975868458997
10,3,22.954448911342013
10,4,20.211328276583597
10,5,16.650360330759206
10,6,13.476065738640777
10,7,10.19542718753741
10,8,6.966790852906901
10,9,3.8174668346601024
10,11,15.599281126064831
10,12,17.985046536871316
10,13,19.212195851168214
10,14,21.435985082098515
10,15,18.52721706827302
10,16,18.88457197341435
10,17,21.858778928932583
10,18,24.88120723537792
10,19,26.836273526292455
10,20,28.160262721193003
10,21,26.5569785593191
10,22,23.989501950362207
10,23,20.524827123378472
10,24,17.401839851717497
10,25,14.74345891949315
10,26,14.603942488617466
10,27,15.720440611357823
10,28,17.287287398130847
10,29,19.272714176922044
10,30,22.551507679281773
10,31,26.021437712793265
10,32,26.847683076250032
10,33,23.702360123638865
10,34,24.31823303762499
10,35,27.970931593010597
10,36,27.15796687760257
10,37,23.81313625899201
10,38,22.63728999732868
10,39,20.52400275343511
10,40,18.12340505559944
10,41,16.09700738991793
10,42,14.748898421564528
10,43,11.289770410307337
10,44,11.770610529444587
10,45,9.899868799743606
10,46,12.203943621809985
10,47,14.873614281483238
10,48,18.130508430814185
10,49,21.224379760161163
10,50,24.734729924280145
10,51,25.41177246788905
11,1,11.783631887950287
11,2,13.01750249867815
11,3,10.433184910006878
11,4,8.701744788669805
11,5,6.335108417245112
11,6,7.503143540606029
11,7,6.99051185879214
11,8,10.469624722600004
11,9,11.927687458316152
11,10,15.599281126064831
11,12,3.8109850635904845
11,13,6.101733290667323
11,14,8.981396377782593
11,15,8.851780657469655
11,16,10.194017038041878
11,17,13.895129972394649
11,18,15.55193690016199
11,19,18.887885420913065
11,20,21.08058941604724
11,21,18.485046925234617
11,22,16.670956858707907
11,23,13.52812374222034
11,24,12.631613589723266
11,25,10.660537144581383
11,26,12.44927916459924
11,27,11.148834316869221
11,28,13.41171060725481
11,29,13.771946705364241
11,30,16.46514523841157
11,31,19.25498714341078
11,32,17.767498469377916
11,33,14.599241036499052
11,34,17.10586395035455
11,35,19.425280502709587
11,36,17.25083082267731
11,37,15.188789609909302
11,38,16.621010555196786
11,39,16.3902458413168
11,40,16.866089094295205
11,41,17.030206824156377
11,42,18.73291897677776
11,43,16.677352553952232
11,44,13.407314386280667
11,45,10.220595777164487
11,46,8.402785062103716
11,47,10.235200547138476
11,48,9.745672683301509
11,49,12.585289846156382
11,50,14.339430062622577
11,51,13.987850632768241
12,1,11.387532747845562
12,2,12.514808421068876
12,3,10.669053497808939
12,4,10.279082366606008
12,5,8.378137597080405
12,6,10.441645837372675
12,7,9.87614373643187
12,8,13.055698963781811
12,9,14.538546201520566
12,10,17.985046536871316
12,11,3.8109850635904845
12,13,3.8034740615969893
12,14,5.474662678353553
12,15,5.9744400872464265
12,16,8.063920956494115
12,17,11.395027689687147
12,18,13.003914750907207
12,19,16.614090791671632
12,20,18.491221757485864
12,21,15.547390940088011
12,22,13.690300385427491
12,23,10.780615312290031
12,24,10.5325660810331
12,25,9.50471237795665
12,26,11.918921690347513
12,27,10.948099698697485
12,28,13.672859328470006
12,29,14.385992557548146
12,30,17.096757282914265
12,31,19.304220056746757
12,32,17.421339058237407
12,33,14.089159050209393
12,34,16.37137849327915
12,35,18.252768433378307
12,36,15.497592061802715
12,37,13.499488632256748
12,38,15.149226073170034
12,39,15.781994635411294
12,40,16.52682643410088
12,41,17.529137885697047
12,42,19.28043178093025
12,43,17.44710720536101
12,44,14.169630637656885
12,45,11.282741495089873
12,46,9.846225536561414
12,47,11.755011303357028
12,48,10.768827841854234
12,49,13.654688576984464
12,50,14.93402064197124
12,51,14.972942311032051
13,1,10.22523942473193
13,2,10.23177888199006
13,3,8.353329840359775
13,4,8.957928683065056
13,5,7.347962508699347
13,6,10.163142698028443
13,7,10.37730663013796
13,8,13.4859081767986
13,9,15.767502320747711
13,10,19.212195851168214
13,11,6.101733290667323
13,12,3.8034740615969893
13,14,3.835916345193388
13,15,5.225477394152293
13,16,5.474776547076654
13,17,8.640203078407051
13,18,9.6574511124146
13,19,13.161709911695432
13,20,15.429404547820456
13,21,12.8631994362861
13,22,11.7212429512777
13,23,9.412165564147212
13,24,10.21674612847333
13,25,8.816718759842336
13,26,10.376058946920029
13,27,8.63944081791764
13,28,10.966884641890006
13,29,11.49167553252423
13,30,14.036489141820764
13,31,15.871648655206535
13,32,13.915976918663429
13,33,10.506434201896491
13,34,12.709272859822159
13,35,14.462906120962051
13,36,11.716243276789722
13,37,9.792084840489649
13,38,11.783353165875884
13,39,12.625801979128564
13,40,13.980924140162337
13,41,15.343542340461807
13,42,17.60194347216177
13,43,16.47735575494688
13,44,12.930288739516593
13,45,10.922283752390042
13,46,8.873045050514545
13,47,9.946159643743364
13,48,8.350259053620666
13,49,11.134232567625855
13,50,12.30195929331491
13,51,13.114450490978035
14,1,12.14835788508704
14,2,12.229135369095903
14,3,11.292952453811818
14,4,12.55798062677258
14,5,11.177971058028467
14,6,13.867513594729347
14,7,13.59562220826354
14,8,16.351300728117984
14,9,18.27021146696823
14,10,21.435985082098515
14,11,8.981396377782593
14,12,5.474662678353553
14,13,3.835916345193388
14,15,3.85704139421644
14,16,5.314470353615021
14,17,7.208495879856451
14,18,8.320596606598617
14,19,12.107060651301316
14,20,13.65097458049061
14,21,10.489606998726165
14,22,9.107987561767395
14,23,7.252900710697691
14,24,8.906078819765714
14,25,9.013648446174304
14,26,11.25350155532253
14,27,10.43740706594834
14,28,13.155565806763251
14,29,14.190953863479006
14,30,16.690397845838845
14,31,17.923083395359395
14,32,15.764616508216363
14,33,12.421701967006895
14,34,14.025763268712286
14,35,15.211752662835693
14,36,11.853448640758879
14,37,10.01888097344284
14,38,11.914821393091541
14,39,13.763795398813366
14,40,15.063749026114692
14,41,17.160490870862525
14,42,19.126145663177347
14,43,18.03724116413698
14,44,14.835801589797208
14,45,13.005019452798573
14,46,11.788149975063408
14,47,13.205057277995795
14,48,11.75045967271156
14,49,14.393358002667659
14,50,15.162157614253227
14,51,16.125465587680388
15,1,15.201988995680958
15,2,15.119869978889339
15,3,13.381788527424892
15,4,13.88321673304742
15,5,11.486902796246637
15,6,13.246937763585473
15,7,12.02657309271822
15,8,14.111189355792627
15,9,15.710015164499291
15,10,18.52721706827302
15,11,8.851780657469655
15,12,5.9744400872464265
15,13,5.225477394152293
15,14,3.85704139421644
15,16,3.8478079801107428
15,17,6.362358398477144
15,18,9.08968063666036
15,19,12.5047920652897
15,20,13.546887684500243
15,21,10.435269964164402
15,22,7.979125466515102
15,23,4.8110203506795015
15,24,5.256695574883993
15,25,5.403440005785073
15,26,8.286974994145343
15,27,8.593904137120038
15,28,12.006799676519954
15,29,13.972151942578398
15,30,17.0939978726539
15,31,18.704665563795995
15,32,17.26250312988881
15,33,13.570695381050953
15,34,14.52408039221324
15,35,16.431848400501284
15,36,13.455125106741436
15,37,10.63968156482137
15,38,11.305833577001291
15,39,12.74328720979601
15,40,13.078379052567742
15,41,15.102219541361196
15,42,16.453616354870498
15,43,14.962167170803479
15,44,12.142461040724916
15,45,10.184316274287541
15,46,10.004046745818085
15,47,12.316093007737932
15,48,12.014892283273943
15,49,15.32057399051224
15,50,16.926464364791244
15,51,18.19117888782321
16,1,14.936485557395233
16,2,13.905028856874779
16,3,11.939121331801491
16,4,12.82062139363497
16,5,10.528693732407332
16,6,12.417440471253268
16,7,11.823232314511802
16,8,13.72078286305014
16,9,16.07124782771658
16,10,18.88457197341435
16,11,10.194017038041878
16,12,8.063920956494115
16,13,5.474776547076654
16,14,5.314470353615021
16,15,3.8478079801107428
16,17,3.797428709294506
16,18,6.38313800975394
16,19,9.428449282382376
16,20,11.075215472562007
16,21,8.73870954513528
16,22,7.311619231963146
16,23,5.112195837563615
16,24,6.6050415727369405
16,25,5.336673414022234
16,26,6.338707607453058
16,27,5.695575213506799
16,28,8.712945572225026
16,29,10.77439823177473
16,30,13.843312136720662
16,31,15.214707883606994
16,32,14.094485097140115
16,33,10.349568223616135
16,34,10.823753535238446
16,35,12.952395866654383
16,36,10.326687853625566
16,37,7.091419095722999
16,38,7.572411000851584
16,39,8.989264095873116
16,40,9.813865570250192
16,41,12.124200296721552
16,42,14.008271903929572
16,43,13.31520433979762
16,44,10.23495174473592
16,45,9.379870570529038
16,46,8.625870332390406
16,47,10.113406040294835
16,48,9.752322880346593
16,49,12.932775728233793
16,50,14.701529553752247
16,51,16.66959447122067
17,1,17.05868800770959
17,2,15.580147539163535
17,3,14.227743216040702
17,4,15.776903228141467
17,5,13.8956624541066
17,6,15.905250581691792
17,7,15.425959555006767
17,8,16.997797939550708
17,9,19.346300805928692
17,10,21.858778928932583
17,11,13.895129972394649
17,12,11.395027689687147
17,13,8.640203078407051
17,14,7.208495879856451
17,15,6.362358398477144
17,16,3.797428709294506
17,18,3.803126829788426
17,19,6.4024624857574
17,20,7.375297223912571
17,21,5.042250053702763
17,22,4.375454575301445
17,23,4.386974870811182
17,24,7.487789961412299
17,25,7.529531033845803
17,26,7.927751639062644
17,27,7.854637609209988
17,28,10.191037726915757
17,29,12.381384358732781
17,30,15.032052971846575
17,31,15.534844886840894
17,32,14.46602833765704
17,33,11.067828674978502
17,34,10.530507008987419
17,35,11.98390062296688
17,36,9.18880897601398
17,37,6.044234851164929
17,38,5.951452404527771
17,39,8.751623505292907
17,40,9.860802000901522
17,41,13.035465467222311
17,42,14.821844621197846
17,43,14.79694344430818
17,44,12.234131210998063
17,45,12.251061577057932
17,46,11.85827256854757
17,47,12.911178106671922
17,48,12.408543642141296
17,49,15.108466648446129
17,50,16.48491555672319
17,51,18.874976204509778
18,1,15.893972665382394
18,2,13.888023690888607
18,3,13.271733078731144
18,4,15.622029855362436
18,5,14.607202586743693
18,6,17.189735691405534
18,7,17.494636233664387
18,8,19.428780545226353
18,9,22.142060102476478
18,10,24.88120723537792
18,11,15.55193690016199
18,12,13.003914750907207
18,13,9.6574511124146
18,14,8.320596606598617
18,15,9.08968063666036
18,16,6.38313800975394
18,17,3.803126829788426
18,19,3.8025282341324744
18,20,6.072768710592213
18,21,4.672826537535867
18,22,6.538222877241775
18,23,7.864684208131583
18,24,11.212682608961478
18,25,11.073240457305722
18,26,10.98779206866653
18,27,9.849558886276425
18,28,11.074005508869428
18,29,12.288120750212736
18,30,14.077004317927738
18,31,13.75761891317641
18,32,12.192472156705021
18,33,9.378506698841182
18,34,8.81364897587765
18,35,9.155592001332758
18,36,5.9351066167008
18,37,4.005787776608803
18,38,5.64111625110696
18,39,9.059301171235699
18,40,11.390232089814754
18,41,14.574903165450472
18,42,16.9736741922919
18,43,17.54364550109122
18,44,14.752508752808106
18,45,15.063423925155771
18,46,13.88264768638871
18,47,13.98009075812377
18,48,12.587824945567863
18,49,14.435840436941474
18,50,15.042674139084124
18,51,17.635820741055642
19,1,18.70843400093733
19,2,16.173677841612186
19,3,15.621688124780906
19,4,18.073695877645317
19,5,17.163739843280293
19,6,19.501811329340246
19,7,19.93727887902171
19,8,21.46595079986914
19,9,24.351209683728563
19,10,26.836273526292455
19,11,18.887885420913065
19,12,16.614090791671632
19,13,13.161709911695432
19,14,12.107060651301316
19,15,12.5047920652897
19,16,9.428449282382376
19,17,6.4024624857574
19,18,3.8025282341324744
19,20,3.8104457404469945
19,21,5.270960554137119
19,22,8.2967511890168
19,23,10.42407642393871
19,24,13.669807547658294
19,25,13.4179942796701
19,26,12.460756751799448
19,27,11.411797544836933
19,28,11.745725281995341
19,29,12.949901980543348
19,30,14.228197111843874
19,31,13.115894303653137
19,32,12.19549523515325
19,33,10.099907281374561
19,34,8.162227723740626
19,35,7.916777812547551
19,36,5.871960135801439
19,37,4.709754231967792
19,38,4.86781674887898
19,39,8.52570990240057
19,40,11.055024578746634
19,41,14.473341118960734
19,42,16.869475362629466
19,43,18.198985236742136
19,44,15.83412277615158
19,45,16.979963397106893
19,46,15.947276945042029
19,47,15.585289614295478
19,48,14.44570089081837
19,49,15.848268930671647
19,50,16.426233030762226
19,51,19.50315304219463
20,1,21.81088982076003
20,2,19.568462660065805
20,3,19.06541903731443
20,4,21.389936659309612
20,5,20.15569386809781
20,6,22.29303750532728
20,7,22.21556748099739
20,8,23.44612950989139
20,9,25.987401189984265
20,10,28.160262721193003
20,11,21.08058941604724
20,12,18.491221757485864
20,13,15.429404547820456
20,14,13.65097458049061
20,15,13.546887684500243
20,16,11.075215472562007
20,17,7.375297223912571
20,18,6.072768710592213
20,19,3.8104457404469945
20,21,3.8244458136993105
20,22,7.116296118593738
20,23,10.22739512685732
20,24,13.55526083741916
20,25,14.188173041497095
20,26,13.57194719180916
20,27,13.538256371732745
20,28,14.413916629343367
20,29,16.216733233619763
20,30,17.781274037482724
20,31,16.71139664139771
20,32,15.985452821732634
20,33,13.848256408858575
20,34,11.744440224359945
20,35,11.525459441684834
20,36,9.573804555883504
20,37,8.25968489946379
20,38,7.334408297950215
20,39,10.958107027301674
20,40,12.546108248316228
20,41,16.262994514297016
20,42,17.97724978383535
20,43,19.19692883623425
20,44,17.38436322691416
20,45,18.557536522898832
20,46,18.224250880725926
20,47,18.434811397392092
20,48,17.70686870578285
20,49,19.44596096681552
20,50,20.165315941788577
20,51,23.146728344966082
21,1,19.941301813001672
21,2,18.271467098418146
21,3,17.77167748900763
21,4,19.951086731553602
21,5,18.558439948018663
21,6,20.82196128423799
21,7,20.466693539480456
21,8,21.97317421544844
21,9,24.23330088013059
21,10,26.5569785593191
21,11,18.485046925234617
21,12,15.547390940088011
21,13,12.8631994362861
21,14,10.489606998726165
21,15,10.435269964164402
21,16,8.73870954513528
21,17,5.042250053702763
21,18,4.672826537535867
21,19,5.270960554137119
21,20,3.8244458136993105
21,22,3.797144878467724
21,23,7.1223954423191875
21,24,10.770755633202175
21,25,11.98485499312585
21,26,12.352259260151026
21,27,12.581276866567688
21,28,14.333028082052914
21,29,16.273156383076447
21,30,18.299968989992053
21,31,17.838911437259537
21,32,16.598611161691448
21,33,13.913982615258416
21,34,12.722955424518467
21,35,12.88737071741155
21,36,10.012639231127409
21,37,8.238509529504208
21,38,8.081609287847796
21,39,11.738265253885011
21,40,13.083539560014264
21,41,16.70067610569037
21,42,18.307012465225384
21,43,18.769331346393386
21,44,16.68525494076141
21,45,17.084705718236584
21,46,16.85066033941351
21,47,17.62490980589127
21,48,16.803034502204795
21,49,18.961116893484657
21,50,19.71308143454041
21,51,22.247943791608954
22,1,20.222365764785962
22,2,19.101848560204367
22,3,18.140349902476796
22,4,19.73968627135774
22,5,17.79129659069736
22,6,19.684297209699963
22,7,18.703016097441182
22,8,20.02388693371242
22,9,21.83086649155318
22,10,23.989501950362207
22,11,16.670956858707907
22,12,13.690300385427491
22,13,11.7212429512777
22,14,9.107987561767395
22,15,7.979125466515102
22,16,7.311619231963146
22,17,4.375454575301445
22,18,6.538222877241775
22,19,8.2967511890168
22,20,7.116296118593738
22,21,3.797144878467724
22,23,3.783055244336934
22,24,7.305622011548148
22,25,9.290676345957428
22,26,10.517736849775806
22,27,11.623813517464818
22,28,14.232468647011942
22,29,16.691144582602107
22,30,19.33312335614504
22,31,19.589725241099245
22,32,18.461726156782323
22,33,15.259000382704734
22,34,14.459718243411057
22,35,15.410936375960022
22,36,12.45397432312561
22,37,9.879946576318469
22,38,9.328023713155448
22,39,12.399726516288279
22,40,12.854760030728041
22,41,16.259678744751945
22,42,17.33001094462585
22,43,17.068415064802785
22,44,15.17364948336468
22,45,15.037829501502442
22,46,15.425068099980594
22,47,16.99371815662316
22,48,16.682461009239578
22,49,19.440501027848867
22,50,20.656905719652567
22,51,22.883246760529225
23,1,18.975173379928325
23,2,18.271163397973325
23,3,16.765223814180107
23,4,17.726065400901756
23,5,15.31934116365872
23,6,16.857399496431952
23,7,15.46092177666863
23,8,16.754114322277328
23,9,18.31185503301635
23,10,20.524827123378472
23,11,13.52812374222034
23,12,10.780615312290031
23,13,9.412165564147212
23,14,7.252900710697691
23,15,4.8110203506795015
23,16,5.112195837563615
23,17,4.386974870811182
23,18,7.864684208131583
23,19,10.42407642393871
23,20,10.22739512685732
23,21,7.1223954423191875
23,22,3.783055244336934
23,24,3.7888430731648057
23,25,5.8810894129520435
23,26,8.046982147007379
23,27,9.533847567644704
23,28,12.794361105101737
23,29,15.451424168595691
23,30,18.546727769309705
23,31,19.537573262160134
23,32,18.497858110306755
23,33,14.913006886582659
23,34,14.670479123072356
23,35,16.347275179828152
23,36,13.456843577814196
23,37,10.356468602071926
23,38,9.856858648888311
23,39,12.060168665889256
23,40,11.986652398995595
23,41,14.857165862296199
23,42,15.736078117161759
23,43,14.764169483838797
23,44,12.713438274608064
23,45,11.902850631837524
23,46,12.573374084586113
23,47,14.738768052274997
23,48,14.825012120642514
23,49,18.029812261642224
23,50,19.673352159721674
23,51,21.585975653786775
24,1,20.372980563084887
24,2,20.029873882210246
24,3,17.99035793141334
24,4,18.170151966267362
24,5,15.191069291660975
24,6,15.954671830725196
24,7,13.787722069098516
24,8,14.557471965992747
24,9,15.51135014234034
24,10,17.401839851717497
24,11,12.631613589723266
24,12,10.5325660810331
24,13,10.21674612847333
24,14,8.906078819765714
24,15,5.256695574883993
24,16,6.6050415727369405
24,17,7.487789961412299
24,18,11.212682608961478
24,19,13.669807547658294
24,20,13.55526083741916
24,21,10.770755633202175
24,22,7.305622011548148
24,23,3.7888430731648057
24,25,3.8312777774709077
24,26,7.015069018363088
24,27,9.506327605361939
24,28,13.173115627774969
24,29,16.17517661287378
24,30,19.66151357108626
24,31,21.253375796295433
24,32,20.557230130075528
24,33,16.794617866850512
24,34,16.70422864526758
24,35,18.962498069906943
24,36,16.3772561718314
24,37,12.963797579947355
24,38,12.041276096626449
24,39,13.295238963382022
24,40,12.272520706864336
24,41,14.475284790043135
24,42,14.652868151852664
24,43,12.850364506053776
24,44,11.244976691231864
24,45,9.842694320416237
24,46,11.473039614161294
24,47,14.415483326219727
24,48,15.286642414240038
24,49,18.876667120446022
24,50,21.028607655566812
24,51,22.69983383699651
25,1,18.910244850876445
25,2,18.322429500615172
25,3,15.736913673809411
25,4,15.4720548199464
25,5,12.196886681368966
25,6,12.551482246273656
25,7,10.42197951291068
25,8,11.082604736352302
25,9,12.570355189505108
25,10,14.74345891949315
25,11,10.660537144581383
25,12,9.50471237795665
25,13,8.816718759842336
25,14,9.013648446174304
25,15,5.403440005785073
25,16,5.336673414022234
25,17,7.529531033845803
25,18,11.073240457305722
25,19,13.4179942796701
25,20,14.188173041497095
25,21,11.98485499312585
25,22,9.290676345957428
25,23,5.8810894129520435
25,24,3.8312777774709077
25,26,3.789912486323757
25,27,6.148524485803422
25,28,9.889621049774863
25,29,12.946812803954549
25,30,16.603160476380566
25,31,18.618734222688627
25,32,18.277106279725736
25,33,14.473472138344812
25,34,14.51969975776373
25,35,17.31324435736133
25,36,15.22722101097484
25,37,11.601727496762523
25,38,10.58843360328493
25,39,10.858643969508316
25,40,9.666152488662911
25,41,11.26096492965873
25,42,11.729085712730841
25,43,9.845349815668063
25,44,7.664211119973417
25,45,6.1718923524318985
25,46,7.749393913481714
25,47,10.783452940856534
25,48,12.133033770866474
25,49,15.853930249629737
25,50,18.421484442024756
25,51,20.188601732143983
26,1,19.721127171271362
26,2,18.48391528259303
26,3,15.614362705189395
26,4,15.339037775529967
26,5,12.080258701803777
26,6,12.072221273326994
26,7,10.402910888639331
26,8,10.449494141456434
26,9,12.644137577802429
26,10,14.603942488617466
26,11,12.44927916459924
26,12,11.918921690347513
26,13,10.376058946920029
26,14,11.25350155532253
26,15,8.286974994145343
26,16,6.338707607453058
26,17,7.927751639062644
26,18,10.98779206866653
26,19,12.460756751799448
26,20,13.57194719180916
26,21,12.352259260151026
26,22,10.517736849775806
26,23,8.046982147007379
26,24,7.015069018363088
26,25,3.789912486323757
26,27,3.7917931901212087
26,28,6.975962002190387
26,29,10.533372211460069
26,30,14.223598238601062
26,31,16.226609291120752
26,32,16.580798411192674
26,33,12.945948940058557
26,34,12.33944955089578
26,35,15.547215186823188
26,36,14.225761405744384
26,37,10.425754611969577
26,38,8.583486288025485
26,39,7.85527736737853
26,40,6.037925291661392
26,41,7.527711360729803
26,42,8.20363894608295
26,43,7.086308382232513
26,44,4.708476201090077
26,45,5.2435939831846445
26,46,6.691407074144652
26,47,8.995242725342163
26,48,10.949480144432387
26,49,14.492094133856854
26,50,17.40502927430457
26,51,19.695112216157813
27,1,16.81574157799024
27,2,15.240068538075738
27,3,12.230383284157131
27,4,12.084628245106227
27,5,9.159183874545906
27,6,9.671999794008753
27,7,9.175721276747854
27,8,10.1004568876275
27,9,13.138781781096933
27,10,15.720440611357823
27,11,11.148834316869221
27,12,10.948099698697485
27,13,8.63944081791764
27,14,10.43740706594834
27,15,8.593904137120038
27,16,5.695575213506799
27,17,7.854637609209988
27,18,9.849558886276425
27,19,11.411797544836933
27,20,13.538256371732745
27,21,12.581276866567688
27,22,11.623813517464818
27,23,9.533847567644704
27,24,9.506327605361939
27,25,6.148524485803422
27,26,3.7917931901212087
27,28,3.7753064715630718
27,29,6.908426407070361
27,30,10.607491620912683
27,31,12.801583192210359
27,32,13.048818688678358
27,33,9.428964780746044
27,34,9.31814581254831
27,35,12.710732490710749
27,36,11.672759753368434
27,37,8.155589140913335
27,38,7.215322825765414
27,39,5.86692145745202
27,40,5.737165219789024
27,41,6.7996942135733445
27,42,9.094608624103675
27,43,8.821322257611733
27,44,5.30091578066566
27,45,5.915907347336101
27,46,4.87236262273144
27,47,5.846604142086498
27,48,7.326073664171751
27,49,10.743885429233055
27,50,13.670637503443832
27,51,16.106347876745975
28,1,17.19824404836683
28,2,14.98845438121368
28,3,11.906225702769614
28,4,11.853750187009096
28,5,9.585577092609068
28,6,9.975801288837499
28,7,10.569664188177564
28,8,11.290065425229159
28,9,14.798418947731243
28,10,17.287287398130847
28,11,13.41171060725481
28,12,13.672859328470006
28,13,10.966884641890006
28,14,13.155565806763251
28,15,12.006799676519954
28,16,8.712945572225026
28,17,10.191037726915757
28,18,11.074005508869428
28,19,11.745725281995341
28,20,14.413916629343367
28,21,14.333028082052914
28,22,14.232468647011942
28,23,12.794361105101737
28,24,13.173115627774969
28,25,9.889621049774863
28,26,6.975962002190387
28,27,3.7753064715630718
28,29,3.8185146924817963
28,30,7.38800313589354
28,31,9.686435181850904
28,32,10.766445949918586
28,33,7.7131521835261
28,34,7.135805691216398
28,35,10.913439878769674
28,36,11.028992415087172
28,37,8.107081374203682
28,38,7.166324342282092
28,39,4.235848411902579
28,40,5.185011442793452
28,41,5.228706985589341
28,42,8.699529740494667
28,43,9.704369976821466
28,44,6.483861113877076
28,45,8.319562864979373
28,46,6.42511528165013
28,47,4.979904541553234
28,48,6.422323819334255
28,49,8.911862825804677
28,50,12.024025244717503
28,51,14.967757361626129
29,1,15.26039900436481
29,2,12.689918367701418
29,3,9.623110871016571
29,4,9.702246749113588
29,5,8.524698092966963
29,6,9.43021592171597
29,7,11.346865037702656
29,8,12.70669985637228
29,9,16.458632459305285
29,10,19.272714176922044
29,11,13.771946705364241
29,12,14.385992557548146
29,13,11.49167553252423
29,14,14.190953863479006
29,15,13.972151942578398
29,16,10.77439823177473
29,17,12.381384358732781
29,18,12.288120750212736
29,19,12.949901980543348
29,20,16.216733233619763
29,21,16.273156383076447
29,22,16.691144582602107
29,23,15.451424168595691
29,24,16.17517661287378
29,25,12.946812803954549
29,26,10.533372211460069
29,27,6.908426407070361
29,28,3.8185146924817963
29,30,3.801995411444542
29,31,6.829351525120674
29,32,7.9148625774127215
29,33,5.5659281655880095
29,34,6.167988701524329
29,35,9.652801577422611
29,36,10.416221929102134
29,37,8.687664076380681
29,38,9.092306184579202
29,39,6.532515598413753
29,40,8.646192676064198
29,41,8.178167464902238
29,42,11.867374661937937
29,43,13.000652044283216
29,44,9.733383025058869
29,45,11.003319802696232
29,46,8.038082285886773
29,47,4.844069447581161
29,48,4.558804230188869
29,49,5.575489115567269
29,50,8.674640070135023
29,51,11.823062003958409
30,1,15.425518977056663
30,2,12.334462082709559
30,3,9.888854447696236
30,4,10.496520267322273
30,5,10.633906844069907
30,6,11.847877505468416
30,7,14.43436079189563
30,8,15.92929575299319
30,9,19.723181559891728
30,10,22.551507679281773
30,11,16.46514523841157
30,12,17.096757282914265
30,13,14.036489141820764
30,14,16.690397845838845
30,15,17.0939978726539
30,16,13.843312136720662
30,17,15.032052971846575
30,18,14.077004317927738
30,19,14.228197111843874
30,20,17.781274037482724
30,21,18.299968989992053
30,22,19.33312335614504
30,23,18.546727769309705
30,24,19.66151357108626
30,25,16.603160476380566
30,26,14.223598238601062
30,27,10.607491620912683
30,28,7.38800313589354
30,29,3.801995411444542
30,31,3.8269562964018946
30,32,5.660460065275714
30,33,5.418725300233993
30,34,6.223659998602054
30,35,8.718148887878835
30,36,10.56106866876316
30,37,10.16279913938007
30,38,11.132179973688904
30,39,8.890742370176735
30,40,11.566864414499946
30,41,11.053154983091199
30,42,14.820609339225287
30,43,16.412645629343274
30,44,13.371234317044323
30,45,14.743631315243778
30,46,11.617722851786054
30,47,8.071786447231428
30,48,6.733251980203441
30,49,5.201791298538131
30,50,7.181564230089141
30,51,10.717136707062313
31,1,16.55918472336334
31,2,12.996003977408103
31,3,11.560058211877763
31,4,13.155106947150074
31,5,13.750312219545444
31,6,15.439190011986227
31,7,17.929341975798287
31,8,19.470678843033497
31,9,23.2463252948643
31,10,26.021437712793265
31,11,19.25498714341078
31,12,19.304220056746757
31,13,15.871648655206535
31,14,17.923083395359395
31,15,18.704665563795995
31,16,15.214707883606994
31,17,15.534844886840894
31,18,13.75761891317641
31,19,13.115894303653137
31,20,16.71139664139771
31,21,17.838911437259537
31,22,19.589725241099245
31,23,19.537573262160134
31,24,21.253375796295433
31,25,18.618734222688627
31,26,16.226609291120752
31,27,12.801583192210359
31,28,9.686435181850904
31,29,6.829351525120674
31,30,3.8269562964018946
31,32,3.8346544136879435
31,33,5.573392372439994
31,34,5.197898471212418
31,35,6.195299353568418
31,36,9.121159993154922
31,37,9.834561782743133
31,38,11.010743852992624
31,39,9.533521108022331
31,40,12.811639668371614
31,41,13.057088494314787
31,42,16.82607126622803
31,43,18.898167627908332
31,44,16.040309543264218
31,45,17.695311471671978
31,46,14.788224297991263
31,47,11.531065569761353
31,48,9.82355482804293
31,49,8.034307570068862
31,50,8.457306318865877
31,51,12.239096031542424
32,1,13.340551830496093
32,2,9.62068249172941
32,3,8.971182211262482
32,4,11.449222260032428
32,5,12.70057042089037
32,6,15.219858392182111
32,7,17.85959391563601
32,8,20.050347184990706
32,9,23.732330014552307
32,10,26.847683076250032
32,11,17.767498469377916
32,12,17.421339058237407
32,13,13.915976918663429
32,14,15.764616508216363
32,15,17.26250312988881
32,16,14.094485097140115
32,17,14.46602833765704
32,18,12.192472156705021
32,19,12.19549523515325
32,20,15.985452821732634
32,21,16.598611161691448
32,22,18.461726156782323
32,23,18.497858110306755
32,24,20.557230130075528
32,25,18.277106279725736
32,26,16.580798411192674
32,27,13.048818688678358
32,28,10.766445949918586
32,29,7.9148625774127215
32,30,5.660460065275714
32,31,3.8346544136879435
32,33,3.8204469018255094
32,34,5.460620999557676
32,35,5.101831939342946
32,36,6.975346195448819
32,37,8.679153635930057
32,38,11.103747955248714
32,39,10.708380628523498
32,40,14.306245130237544
32,41,15.111358155760769
32,42,18.88933506457367
32,43,20.449999354227984
32,44,17.18392442708038
32,45,18.14244383995698
32,46,14.96748139575574
32,47,12.011981358047878
32,48,9.248388464053642
32,49,7.2504813803352866
32,50,6.289526198083074
32,51,9.96759716671782
33,1,12.344577392928324
33,2,9.07254465694187
33,3,7.469155508494381
33,4,9.699964697524665
33,5,10.017992144926056
33,6,12.604158932754368
33,7,14.772992918314092
33,8,16.99369605927148
33,9,20.573435819618236
33,10,23.702360123638865
33,11,14.599241036499052
33,12,14.089159050209393
33,13,10.506434201896491
33,14,12.421701967006895
33,15,13.570695381050953
33,16,10.349568223616135
33,17,11.067828674978502
33,18,9.378506698841182
33,19,10.099907281374561
33,20,13.848256408858575
33,21,13.913982615258416
33,22,15.259000382704734
33,23,14.913006886582659
33,24,16.794617866850512
33,25,14.473472138344812
33,26,12.945948940058557
33,27,9.428964780746044
33,28,7.7131521835261
33,29,5.5659281655880095
33,30,5.418725300233993
33,31,5.573392372439994
33,32,3.8204469018255094
33,34,3.8156863071897256
33,35,5.436420851463608
33,36,5.629111817675736
33,37,5.769993310974169
33,38,8.28649631373724
33,39,7.999143386883459
33,40,11.457373457150794
33,41,12.547365801289251
33,42,16.205245611933265
33,43,17.355827418257334
33,44,13.931015105614163
33,45,14.641256017426402
33,46,11.605238570502376
33,47,9.147324769774354
33,48,6.487911286428443
33,49,6.118259946077632
33,50,6.641727092097519
33,51,10.171360860408145
34,1,16.018495528242628
34,2,12.742490724131217
34,3,11.233199643940798
34,4,13.183502186263697
34,5,12.832016414551587
34,6,14.832426243492554
34,7,16.46086175190771
34,8,18.018158276795067
34,9,21.584954248038695
34,10,24.31823303762499
