1,2,3.796500463509155
1,3,6.777956621174755
1,4,9.227491124157023
1,5,12.755680761288287
1,6,15.560975270627647
1,7,18.152424728050917
1,8,17.75587820018546
1,9,21.5306095869895
1,10,23.14413003102134
1,11,26.88809542575114
1,12,28.960654289785296
1,13,32.666582814298835
1,14,33.62799908720486
1,15,34.575693971131344
1,16,32.117036239959916
1,17,28.93304340815982
1,18,25.4410295168634
1,19,22.318496605244956
1,20,18.680947419786605
1,21,16.194550923146554
1,22,13.044262583915259
1,23,10.884614939208456
1,24,8.458668129162985
1,25,15.939472113458546
1,26,14.44461342272955
1,27,16.18607774587904
1,28,17.261442236852606
1,29,18.341251637219226
1,30,20.974659589861496
1,31,21.572234252839834
1,32,25.3059264680112
1,33,27.933504259853912
1,34,27.59613265126764
1,35,23.835376233872136
1,36,23.263967325939944
1,37,21.129078076376306
1,38,22.88105103750753
1,39,21.48016188752002
1,40,22.787855103840126
1,41,21.768102032700433
1,42,19.78363991712249
1,43,19.004016894160188
1,44,21.014592375184442
1,45,29.380297890238385
1,46,30.027846331597885
1,47,29.17538717772569
1,48,25.39022619568779
1,49,24.331435993943348
1,50,21.17667843320778
1,51,21.600755864051475
1,52,19.47635855524403
1,53,20.036095536895868
1,54,21.408923396752407
1,55,18.206625642644862
1,56,16.971394287612696
1,57,13.321421275070579
1,58,14.582142850409788
1,59,16.503797540750988
1,60,19.18037362736188
1,61,19.74791237022601
1,62,23.309577005022923
1,63,25.927921831847122
1,64,29.322624760951125
1,65,31.982314297810138
1,66,30.243497524987998
1,67,32.56397131349137
1,68,32.81105315635562
1,69,31.766404413376875
1,70,28.420399170180602
1,71,27.562566537256057
1,72,24.898913501575667
1,73,21.188380374295484
1,74,18.678702455082846
1,75,15.042887309010217
1,76,13.138316711494515
1,77,11.361483821880737
1,78,10.749399039392147
1,79,12.852734298208258
1,80,13.55878229513304
1,81,17.02442148827496
1,82,17.662425709833617
1,83,17.591931188489138
1,84,16.29139763424944
1,85,15.622172358506214
1,86,11.971570612252242
1,87,10.629311035985902
1,88,7.358705651423781
1,89,9.272476951559806
1,90,9.535880447730808
1,91,11.65232259828335
1,92,15.283258673248216
1,93,17.545770063643648
1,94,21.329800491710525
1,95,23.788609713310976
1,96,27.04397644117366
1,97,29.909811833376914
1,98,33.025505686931346
1,99,36.68292641770437
1,100,38.22401558555048
2,1,3.796500463509155
2,3,3.8027793150192366
2,4,6.581218935930904
2,5,9.609480427776527
2,6,12.833319765294108
2,7,15.457329880609368
2,8,14.949615458524882
2,9,18.625584821386884
2,10,20.078279916056385
2,11,23.861173528355323
2,12,25.797911041055013
2,13,29.442277651040786
2,14,30.197989172892417
2,15,31.162743129210543
2,16,28.87365966840877
2,17,25.68524346209319
2,18,22.196675931616998
2,19,19.220294058087482
2,20,15.564072463835297
2,21,13.477444289005259
2,22,10.156881860065338
2,23,8.913394595411821
2,24,6.887405993479963
2,25,13.703718247316191
2,26,11.639763277993126
2,27,12.8506308064544
2,28,13.61376427541731
2,29,14.583872644858687
2,30,17.196693527181306
2,31,17.934081138366995
2,32,21.688407702298814
2,33,24.44590801440862
2,34,24.322763993968227
2,35,20.539361581452834
2,36,19.913833181237703
2,37,17.625997175670307
2,38,19.24266990721022
2,39,17.884231638524913
2,40,19.11883064399965
2,41,18.322784836136886
2,42,16.65767397561217
2,43,16.319023791044025
2,44,18.602201204030234
2,45,25.80881363239495
2,46,26.58807345809708
2,47,25.629842522002903
2,48,21.849875878288714
2,49,21.05488839234973
2,50,18.12026684824098
2,51,18.993758546118176
2,52,17.36208486682998
2,53,18.343502454596518
2,54,20.309549742923952
2,55,17.455546496729397
2,56,16.031787814263065
2,57,12.315388520456782
2,58,12.860619291987186
2,59,14.047899250486884
2,60,16.401499698020157
2,61,16.489082895368927
2,62,20.001119165234627
2,63,22.424546307975344
2,64,25.90233538091988
2,65,28.517976579069458
2,66,26.69101557857514
2,67,28.918291254145124
2,68,29.183849678974067
2,69,28.04194780800928
2,70,24.698556973166735
2,71,23.948105097897088
2,72,21.289107022302755
2,73,17.59968657361038
2,74,14.954905158770467
2,75,11.276889299960775
2,76,9.404230541152865
2,77,7.881321174414725
2,78,8.131249570902222
2,79,10.787336549419624
2,80,12.496498818558319
2,81,15.942013469886579
2,82,17.386193066650062
2,83,17.92609506354024
2,84,16.393084051940285
2,85,14.862928378876305
2,86,11.073896656067452
2,87,8.644759193886165
2,88,4.892898002995964
2,89,5.780773447304716
2,90,5.893327645130284
2,91,8.562448362826185
2,92,11.951955961081813
2,93,14.233412144292833
2,94,17.97958004554117
2,95,20.334245137623697
2,96,23.71701124013321
2,97,26.49483353183196
2,98,29.732330019232357
2,99,33.34596321786977
2,100,34.959257185795906
3,1,6.777956621174755
3,2,3.8027793150192366
3,4,3.7745616937715702
3,5,6.630267748378818
3,6,9.897831037754967
3,7,12.7226826303493
3,8,12.959049501066238
3,9,16.47674364508484
3,10,17.373018366211593
3,11,21.173773142406983
3,12,22.8127554403686
3,13,26.448788840452874
3,14,27.232289371049198
3,15,27.958872815898673
3,16,25.51059872499607
3,17,22.237855088283887
3,18,18.823384485213214
3,19,15.661327788966585
3,20,12.084451852020628
3,21,9.75207553940904
3,22,6.396137556003242
3,23,5.3376254303760255
3,24,4.32176414761104
3,25,12.663865579596594
3,26,9.867333695571759
3,27,11.083492464368058
3,28,11.345609881049146
3,29,12.987510380022831
3,30,15.638204046340096
3,31,17.06396082028321
3,32,20.841104363821852
3,33,23.87196817144237
3,34,24.322979523843397
3,35,20.546590855835152
3,36,19.898620584360618
3,37,17.226316982671474
3,38,18.17790142872642
3,39,16.43459846643634
3,40,16.975024112347448
3,41,15.959855397092575
3,42,14.505304414036836
3,43,13.953091625337372
3,44,16.41673442425703
3,45,23.253479205497896
3,46,23.656468546793704
3,47,22.591961828988136
3,48,18.85686164165054
3,49,17.80828653329121
3,50,14.825067442260499
3,51,15.509037534026247
3,52,14.038798719613261
3,53,14.905952975347013
3,54,17.178541682453307
3,55,14.500738713695739
3,56,13.306763011825048
3,57,9.596780299046642
3,58,9.398498101572525
3,59,10.412867894314187
3,60,12.658192261272927
3,61,13.003758087868873
3,62,16.53386648540965
3,63,19.200454803319833
3,64,22.556618786241753
3,65,25.252356819033942
3,66,23.66385154466268
3,67,26.16989013061463
3,68,26.74241872156598
3,69,25.862975992209783
3,70,22.323832956590408
3,71,21.812845936836716
3,72,19.58839408196297
3,73,16.128419791071895
3,74,13.100628428946541
3,75,9.483637612987062
3,76,7.272008854725317
3,77,6.99087339128334
3,78,7.712085567764384
3,79,11.237579038587402
3,80,13.47768709489342
3,81,17.030517853821692
3,82,18.93480362481168
3,83,19.88445602515035
3,84,18.75438422277497
3,85,16.907139232237736
3,86,13.247501613985586
3,87,10.340957554207655
3,88,6.902756727392965
3,89,6.4856028609994425
3,90,5.171079681175804
3,91,8.284874106408996
3,92,11.06688697058741
3,93,12.46130267632711
3,94,16.127421961630894
3,95,17.962859330947477
3,96,21.40784468455044
3,97,23.908792550340422
3,98,27.165572740747013
3,99,30.701831646631312
3,100,32.044920145069035
4,1,9.227491124157023
4,2,6.581218935930904
4,3,3.7745616937715702
4,5,3.822664352472431
4,6,6.415910531158692
4,7,9.174549624453205
4,8,9.59365915268666
4,9,13.154730860051732
4,10,14.182753066401292
4,11,17.93848783482308
4,12,19.838727428154627
4,13,23.563077696434295
4,14,24.71612404807893
4,15,25.67555189992878
4,16,23.073947006903076
4,17,20.0537397664976
4,18,16.45483023186521
4,19,13.47374544349808
4,20,9.745912354104023
4,21,7.693691133569058
4,22,5.5323817765283065
4,23,5.367637290646512
4,24,6.784541725729871
4,25,15.542609315899792
4,26,12.254503952823283
4,27,12.736446992776962
4,28,11.846961196772797
4,29,13.218630403996002
4,30,15.136803792456167
4,31,16.534696928286127
4,32,20.30627729516626
4,33,23.15146434639867
4,34,24.025688196733547
4,35,20.250925614713793
4,36,20.199798510165454
4,37,17.781947737571855
4,38,18.634003952580983
4,39,17.240362452465174
4,40,17.20548110847627
4,41,16.675188142001666
4,42,15.983654954117707
4,43,15.706623430101956
4,44,18.368621697965338
4,45,23.239156265028235
4,46,23.454814004092253
4,47,21.83163570196616
4,48,18.308614921059792
4,49,17.503938781449932
4,50,14.936296528518191
4,51,15.58457802024662
4,52,14.66640343497888
4,53,15.012323877097018
4,54,17.59500871014784
4,55,14.939823885567794
4,56,14.59162488042691
4,57,11.022050931492776
4,58,9.58880773602866
4,59,10.396554927912932
4,60,11.684458649820392
4,61,12.07449331805825
4,62,15.165739869482751
4,63,17.70388549497113
4,64,21.090275049379827
4,65,23.416858296388
4,66,21.65220562265389
4,67,24.205175697270565
4,68,24.583467234069705
4,69,24.13903855441714
4,70,20.61918826671797
4,71,19.712223180692387
4,72,17.746643581550007
4,73,14.460909749096267
4,74,11.79938075212773
4,75,8.782283472961392
4,76,7.868902506930868
4,77,9.193461336682962
4,78,10.905898823810455
4,79,14.527191908087072
4,80,17.083105959735107
4,81,20.533509111084417
4,82,22.612679342555946
4,83,23.610940870384113
4,84,22.325673276589498
4,85,20.30981722032953
4,86,16.645160840053048
4,87,13.469809791429569
4,88,10.005071907741334
4,89,8.378308455926032
4,90,5.308454838169991
4,91,6.956366459601913
4,92,9.388645286893361
4,93,9.93540472858651
4,94,13.571134835087586
4,95,15.420416091745597
4,96,18.59787604105197
4,97,21.23293292791772
4,98,24.262769355077968
4,99,27.869145180119684
4,100,29.17182167657989
5,1,12.755680761288287
5,2,9.609480427776527
5,3,6.630267748378818
5,4,3.822664352472431
5,6,3.7933913268551667
5,7,6.432473316784605
5,8,7.037363225697317
5,9,10.160015318811364
5,10,10.745261523801195
5,11,14.546040225920539
5,12,16.266699523474433
5,13,19.944147360212565
5,14,20.952172624577937
5,15,21.977806870835554
5,16,19.52050475506389
5,17,16.57202858624448
5,18,12.907072591677931
5,19,10.237357366537058
5,20,6.446429649098845
5,21,5.689353173040784
5,22,4.665836434606281
5,23,6.892214232237174
5,24,9.16585650077151
5,25,15.857723205029945
5,26,12.17713454439117
5,27,11.682131998786534
5,28,9.73625014551982
5,29,10.901274275486909
5,30,12.273811168499208
5,31,13.99733213551172
5,32,17.614922228807337
5,33,20.5142109160547
5,34,21.87065264657057
5,35,18.244609828827613
5,36,18.344671708498307
5,37,15.916871514493685
5,38,16.33880681854107
5,39,15.127520366018395
5,40,14.557162336922424
5,41,14.510770498465593
5,42,14.637602875249701
5,43,14.95359344065574
5,44,17.784211696378957
5,45,20.32785776140636
5,46,20.561358356238046
5,47,18.58312227593571
5,48,15.22440799631695
5,49,14.869682143471746
5,50,12.916393277389979
5,51,14.095744882488733
5,52,14.126177053528854
5,53,14.7738958083998
5,54,17.93008462808558
5,55,15.907156920797883
5,56,15.613251833040973
5,57,12.523804566733919
5,58,10.1292470269682
5,59,9.619982477055595
5,60,9.718546120897452
5,61,9.319129862496494
5,62,11.987609347163412
5,63,14.185524311360155
5,64,17.669364066816648
5,65,19.798803349130516
5,66,17.883672338377398
5,67,20.3940798332528
5,68,20.792249579872024
5,69,20.442431861807815
5,70,16.894655841051435
5,71,16.04164050764065
5,72,14.346468385735767
5,73,11.350266544548374
5,74,8.64132132244437
5,75,6.342761101499424
5,76,6.51336786260251
5,77,9.289960092834473
5,78,11.87595975563378
5,79,15.460163735777861
5,80,18.549567601397683
5,81,21.703448290134126
5,82,24.266286843482387
5,83,25.62896270069093
5,84,24.24481967608137
5,85,21.763668464373588
5,86,18.312725082534662
5,87,14.769231677835412
5,88,11.81706417942886
5,89,9.19809540464091
5,90,5.808196867670301
5,91,6.67846697920942
5,92,7.464936833567559
5,93,6.926009711984991
5,94,10.271087912618484
5,95,11.729815786893829
5,96,15.011037551461381
5,97,17.499594079299563
5,98,20.630358995164855
5,99,24.19278104222968
5,100,25.531554297966196
6,1,15.560975270627647
6,2,12.833319765294108
6,3,9.897831037754967
6,4,6.415910531158692
6,5,3.7933913268551667
6,7,2.9236541576866957
6,8,5.121368623186115
6,9,7.7436475620325265
6,10,8.094920260293591
6,11,11.736223099329715
6,12,13.692108152439939
6,13,17.46273079717255
6,14,19.03667061764954
6,15,20.211245902290084
6,16,17.463328270787624
6,17,14.901956427501148
6,18,11.17540500055608
6,19,8.853933900508451
6,20,5.483368430469446
6,21,5.508526454987078
6,22,6.866527538022405
6,23,8.854717986707579
6,24,11.936549934539393
6,25,19.23275495198707
6,26,15.484043493369434
6,27,14.874454805636562
6,28,12.425965303908297
6,29,13.45719625068191
6,30,14.040450892013599
6,31,15.732974096239815
6,32,19.067443922401374
6,33,21.682150657933768
6,34,23.475373194536058
6,35,20.027833180305354
6,36,20.624122114684184
6,37,18.479276814834968
6,38,18.66807147558881
6,39,17.68426394233128
6,40,16.50549588589743
6,41,16.705769563805315
6,42,17.32381983080517
6,43,17.567747660952623
6,44,20.34243833987618
6,45,21.48039856561605
6,46,21.32420550586424
6,47,18.867323589113354
6,48,15.980747192786945
6,49,15.699568221469557
6,50,14.241418563738522
6,51,15.022629969177933
6,52,15.432103575236804
6,53,15.381681195635283
6,54,18.529670190587964
6,55,16.62145619911574
6,56,17.13444040238573
6,57,14.37665569438827
6,58,11.379604505575255
6,59,10.934697386908013
6,60,10.02455354169131
6,61,10.038105050886616
6,62,11.769266357324982
6,63,13.792514361675993
6,64,17.001697779617977
6,65,18.641431671302627
6,66,16.72865944355139
6,67,19.37915148994365
6,68,19.67082816183043
6,69,20.01096201235153
6,70,16.5671814592024
6,71,15.351406441561528
6,72,14.317263756969815
6,73,11.957701959151336
6,74,10.02564953796876
6,75,9.015642002217263
6,76,9.959243662969318
6,77,13.025109842228416
6,78,15.583780328104654
6,79,19.20651849316101
6,80,22.271240823316123
6,81,25.45238165192922
6,82,28.005183494053238
6,83,29.33804109097378
6,84,27.9938698363365
6,85,25.550201724578258
6,86,22.076483230725486
6,87,18.542927891858962
6,88,15.510821313137328
6,89,12.845130914860993
6,90,9.255118852950474
6,91,8.959624023104126
6,92,9.019116097533425
6,93,6.962678283418516
6,94,9.524573814504588
6,95,10.532807251977946
6,96,13.199326059095679
6,97,15.657209939448695
6,98,18.377248399675352
6,99,21.95567041302197
6,100,23.067515018568148
7,1,18.152424728050917
7,2,15.457329880609368
7,3,12.7226826303493
7,4,9.174549624453205
7,5,6.432473316784605
7,6,2.9236541576866957
7,8,3.818890952048612
7,9,5.310439081317998
7,10,5.66563504827216
7,11,9.107079947663186
7,12,11.441490900054186
7,13,15.219967622601791
7,14,17.13622933305318
7,15,18.642565627269196
7,16,15.934815624887113
7,17,13.880369295710189
7,18,10.190171678470483
7,19,8.767691318910916
7,20,6.261049219607936
7,21,7.522174484923177
7,22,9.561078303085583
7,23,11.696464890312182
7,24,14.856451302027187
7,25,21.75916316864597
7,26,17.96782807289857
7,27,16.975789865954557
7,28,14.115694066479332
7,29,14.703026332908191
7,30,14.554326530590435
7,31,16.02549807382892
7,32,19.046379536481183
7,33,21.33874851950466
7,34,23.431828058014723
7,35,20.19863326882722
7,36,21.21767051703181
7,37,19.412205886252874
7,38,19.528827274421314
7,39,18.933748174742153
7,40,17.48638587253072
7,41,18.138658759948708
7,42,19.248019195765504
7,43,19.766182880579215
7,44,22.538162056191265
7,45,22.004680489195497
7,46,21.81763353423723
7,47,18.96966764365449
7,48,16.510968546218432
7,49,16.64734900470388
7,50,15.782591363868601
7,51,16.668724692337527
7,52,17.52724808002337
7,53,17.34544086279627
7,54,20.547080883827718
7,55,18.857274756956677
7,56,19.62989741659738
7,57,17.07663287851599
7,58,13.87774880893976
7,59,13.170714406761185
7,60,11.575668737933784
7,61,11.291936946345643
7,62,12.147442854423735
7,63,13.56933402832898
7,64,16.609108176142396
7,65,17.67133650665126
7,66,15.532312481511946
7,67,18.01142856372643
7,68,18.008912928085362
7,69,18.776221100854464
7,70,15.573844624152112
7,71,13.951236669915795
7,72,13.339123925858907
7,73,11.551666158975404
7,74,10.443020989466829
7,75,10.448226650493218
7,76,12.1255061965882
7,77,15.41788536252235
7,78,18.22521754241026
7,79,21.758196463594086
7,80,24.94756820357639
7,81,28.020044325331163
7,82,30.676083869860726
7,83,32.05355729502821
7,84,30.57843182835361
7,85,28.018069255475876
7,86,24.588916806126782
7,87,20.97912150718632
7,88,18.031506146296568
7,89,15.100688982650691
7,90,11.469164294684003
7,91,10.395497788954243
7,92,9.656637092806687
7,93,6.707100894146951
7,94,8.256116401312017
7,95,8.985066904304201
7,96,11.031496140505352
7,97,13.570871274713154
7,98,15.966100403994334
7,99,19.579142847199883
7,100,20.723834117706694
8,1,17.75587820018546
8,2,14.949615458524882
8,3,12.959049501066238
8,4,9.59365915268666
8,5,7.037363225697317
8,6,5.121368623186115
8,7,3.818890952048612
8,9,3.8044674754703585
8,10,6.4212124607194685
8,11,9.702413179698468
8,12,12.673900003178119
8,13,16.29983933989482
8,14,17.98932260966335
8,15,20.061612729225946
8,16,17.897325325905282
8,17,16.102806585413333
8,18,12.397669087654196
8,19,11.540069766768243
8,20,8.835404601083312
8,21,10.318821833864183
8,22,11.30070287981262
8,23,13.474757342206061
8,24,16.00373771090053
8,25,22.299540304577413
8,26,18.592304823132523
8,27,17.17328491214858
8,28,14.27787444314711
8,29,13.925043826411287
8,30,13.294937304870817
8,31,13.902664868078126
8,32,16.93031180414627
8,33,18.832532269758588
8,34,20.66908766097443
8,35,17.41683438108048
8,36,18.890783899684568
8,37,17.62037312130971
8,38,18.346637129448855
8,39,18.416548191982248
8,40,17.547848502314963
8,41,18.783869649204107
8,42,20.01729201528976
8,43,21.04943644398746
8,44,23.923745452896068
8,45,22.743288934265582
8,46,23.173270836512316
8,47,20.274373867757102
8,48,17.738981200942607
8,49,18.485196166292276
8,50,17.75775218827662
8,51,19.223668587575066
8,52,20.07621324637339
8,53,20.340526161975042
8,54,23.59838860960676
8,55,21.73159852425821
8,56,22.090946562730167
8,57,19.186272966067737
8,58,16.369364305966474
8,59,15.611363395376975
8,60,14.335427222778446
8,61,13.323945049457825
8,62,14.30127437891444
8,63,15.112927141135023
8,64,18.459612229500255
8,65,19.268943832175093
8,66,16.539499288751475
8,67,18.356845620231997
8,68,17.661994025141002
8,69,18.029947232214155
8,70,15.15870842825327
8,71,12.884126000986184
8,72,11.48446973732384
8,73,9.306722870245551
8,74,9.067743949529524
8,75,9.386854298684263
8,76,11.932493436894147
8,77,15.000677398534433
8,78,18.21513729968434
8,79,21.460460643049394
8,80,24.75684395302822
8,81,27.638905151164575
8,82,30.308576800962314
8,83,31.617888302997798
8,84,29.723754716860903
8,85,27.04918072523939
8,86,23.663739618733032
8,87,20.022013707861326
8,88,17.170878148486395
8,89,13.900527237305907
8,90,10.328653380315952
8,91,8.140600288493259
8,92,6.8863191296121675
8,93,4.115269947928658
8,94,5.9709222106365
8,95,8.217185896183965
8,96,10.23111933836306
8,97,13.509736869570217
8,98,15.934847409308063
8,99,19.71074531463056
8,100,21.49844263100562
9,1,21.5306095869895
9,2,18.625584821386884
9,3,16.47674364508484
9,4,13.154730860051732
9,5,10.160015318811364
9,6,7.7436475620325265
9,7,5.310439081317998
9,8,3.8044674754703585
9,10,3.7976933245518043
9,11,6.248875635886162
9,12,9.585383860545091
9,13,13.008187927555603
9,14,14.90718809510476
9,15,17.360301154594744
9,16,15.456692620455568
9,17,14.34402104853413
9,18,10.981839379598586
9,19,11.314701851636443
9,20,9.74215574041599
9,21,12.19749081734486
9,22,13.907721339022538
9,23,16.47926731623891
9,24,19.263211792656907
9,25,24.775045467315444
9,26,21.02627842111724
9,27,19.19810170003983
9,28,15.869800230247915
9,29,15.233966253129838
9,30,13.776271932702336
9,31,14.352944396446231
9,32,16.727377093285686
9,33,18.26056452500405
9,34,20.631268037644354
9,35,17.84546661209554
9,36,19.64665546401726
9,37,18.68017844634603
9,38,19.011471116354084
9,39,19.413661301114256
9,40,18.06856005589502
9,41,19.74259846730752
9,42,21.576001649587436
9,43,22.889293180431412
9,44,25.71210274337796
9,45,22.393833227854582
9,46,22.74475992426838
9,47,19.45791208751708
9,48,17.545298184627402
9,49,18.761265109537018
9,50,18.771243433234034
9,51,20.37118270371204
9,52,21.808534805554498
9,53,22.054798058366806
9,54,25.455480248974535
9,55,23.99291031977877
9,56,24.524417066713582
9,57,21.95692161441236
9,58,18.803236336437486
9,59,17.57073628189715
9,60,15.549855693562634
9,61,14.20261203172119
9,62,14.168928798861483
9,63,14.178034027288842
9,64,17.178242773744433
9,65,17.265213300699912
9,66,14.313076546818198
9,67,15.806963399322859
9,68,14.780122605621907
9,69,15.710059410741472
9,70,13.228852502141349
9,71,10.564045664603738
9,72,10.048769271096424
9,73,9.154385934714941
9,74,9.921631105869881
9,75,11.50410151299962
9,76,14.427747174675682
9,77,17.80507847397182
9,78,21.171572767296922
9,79,24.32126860212717
9,80,27.781612112279177
9,81,30.487058044051775
9,82,33.36388551342882
9,83,34.83978641935156
9,84,32.925050999707224
9,85,30.060173018238704
9,86,26.826368709485077
9,87,23.106554626370404
9,88,20.517581034181433
9,89,17.065806450375838
9,90,13.690814937633933
9,91,11.462064557792507
9,92,9.276682668130245
9,93,5.77001252447192
9,94,4.887872857513105
9,95,6.048673783332222
9,96,6.912128705449065
9,97,10.238771685396445
9,98,12.298810292765692
9,99,16.080759514774847
9,100,17.963086074556628
10,1,23.14413003102134
10,2,20.078279916056385
10,3,17.373018366211593
10,4,14.182753066401292
10,5,10.745261523801195
10,6,8.094920260293591
10,7,5.66563504827216
10,8,6.4212124607194685
10,9,3.7976933245518043
10,11,3.8081494116751244
10,12,6.260530607264671
10,13,9.940129598600242
10,14,11.828882129188091
10,15,13.897969851665513
10,16,11.74343326290069
10,17,10.606479272773887
10,18,7.374570685137269
10,19,8.328277580844242
10,20,7.900852643162031
10,21,11.010584145920271
10,22,13.439792839016366
10,23,16.370958005886827
10,24,19.475780185546654
10,25,24.33530874725616
10,26,20.56279763967263
10,27,18.7018053503423
10,28,15.175842883032729
10,29,15.051115037306905
10,30,13.632191590817532
10,31,15.044271652125229
10,32,17.14760152987903
10,33,19.028138396871576
10,34,21.816399380335053
10,35,19.229195706339258
10,36,20.58823189224683
10,37,19.206985504005896
10,38,18.77792221800525
10,39,18.778108134584183
10,40,16.74972802900556
10,41,18.248905871238694
10,42,20.368605709257967
10,43,21.590126493735227
10,44,24.28084459338645
10,45,20.08149456426795
10,46,19.98830353714086
10,47,16.56381367508259
10,48,15.038393964363522
10,49,16.184873113406002
10,50,16.638740587910846
10,51,18.11470205789911
10,52,20.011974986316357
10,53,20.223011913396228
10,54,23.722580457057482
10,55,22.765078294486962
10,56,23.406641037086853
10,57,21.329107867130055
10,58,17.850744206157223
10,59,16.140220108523806
10,60,13.481920297092547
10,61,12.107754562679256
10,62,11.293540026389785
10,63,11.114682128956455
10,64,13.769831312991103
10,65,13.753939467829028
10,66,11.099598240629895
10,67,13.10203209425553
10,68,12.761525719718366
10,69,14.134537889165028
10,70,11.386265112100487
10,71,9.483714828538227
10,72,10.127952094071759
10,73,10.022825605528238
10,74,10.19148460933673
10,75,12.086949617686136
10,76,14.615026864851558
10,77,18.297017686286498
10,78,21.50218961357551
10,79,24.716955180934896
10,80,28.230785989318093
10,81,30.8937182423248
10,82,33.93749452689877
10,83,35.62402300744173
10,84,34.00834749472672
10,85,31.054916034905897
10,86,27.933021350491433
10,87,24.170964179409204
10,88,21.77039802328814
10,89,18.394496257111864
10,90,15.15445546662682
10,91,13.713191103045775
10,92,11.418060083683237
10,93,7.622406189415777
10,94,6.247845420001302
10,95,4.902929458048483
10,96,5.776648610021737
10,97,7.991185619128922
10,98,10.32203102211004
10,99,13.945845455503258
10,100,15.314795218295405
11,1,26.88809542575114
11,2,23.861173528355323
11,3,21.173773142406983
11,4,17.93848783482308
11,5,14.546040225920539
11,6,11.736223099329715
11,7,9.107079947663186
11,8,9.702413179698468
11,9,6.248875635886162
11,10,3.8081494116751244
11,12,3.798957721874333
11,13,6.94947269117883
11,14,9.529418117061105
11,15,12.10027067435626
11,16,10.302048095399089
11,17,10.460018384404032
11,18,8.322107539645128
11,19,10.519217704209533
11,20,11.141645319579649
11,21,14.347257053692857
11,22,17.06042034246967
11,23,19.975103828382494
11,24,23.185754001163083
11,25,27.7616796708037
11,26,24.026963526498072
11,27,21.99878882129036
11,28,18.35229906301107
11,29,18.02612128827594
11,30,16.106057510149896
11,31,17.311164988438428
11,32,18.774967782004932
11,33,20.173153358471904
11,34,23.282985199678425
11,35,21.165194656402527
11,36,22.804571621037994
11,37,21.759203635475213
11,38,21.11903779623535
11,39,21.400381027073923
11,40,19.106859801149596
11,41,20.863168645170937
11,42,23.327607060090067
11,43,24.66765009619876
11,44,27.252537186571082
11,45,21.441644227926236
11,46,21.198555386787554
11,47,17.522181790559653
11,48,16.786744293874253
11,49,18.230843413042475
11,50,19.260150527226546
11,51,20.666662636482236
11,52,22.88886830607595
11,53,22.952418616538374
11,54,26.398808463850283
11,55,25.710378192050094
11,56,26.57279931699335
11,57,24.73988872951049
11,58,21.138217173573313
11,59,19.311789442057606
11,60,16.302781437683485
11,61,14.927894703223853
11,62,13.300281855839136
11,63,12.348248539799995
11,64,14.213471961245636
11,65,13.172592746602078
11,66,10.52874380559665
11,67,12.007435962371263
11,68,11.289898915416734
11,69,13.56944776900179
11,70,11.603950060364175
11,71,9.52767166547084
11,72,11.264824043562308
11,73,12.279689429872018
11,74,13.172778682009406
11,75,15.561319226244327
11,76,18.2205337547858
11,77,21.935290217507706
11,78,25.17725999149782
11,79,28.317736364487214
11,80,31.881061341041562
11,81,34.443034047912256
11,82,37.57008344842175
11,83,39.31935373492171
11,84,37.67322224147681
11,85,34.64121479002434
11,86,31.594576316776706
11,87,27.817796984247106
11,88,25.50954666986171
11,89,22.067710391142583
11,90,18.881967666956317
11,91,17.228438422061178
11,92,14.686500404673538
11,93,10.92979730480052
11,94,8.600356163478837
11,95,6.4640666252050485
11,96,4.82989031193516
11,97,5.984537353818493
11,98,7.137620552135709
11,99,10.663258708217198
11,100,11.947442354639687
12,1,28.960654289785296
12,2,25.797911041055013
12,3,22.8127554403686
12,4,19.838727428154627
12,5,16.266699523474433
12,6,13.692108152439939
12,7,11.441490900054186
12,8,12.673900003178119
12,9,9.585383860545091
12,10,6.260530607264671
12,11,3.798957721874333
12,13,3.7831500696211027
12,14,6.297159705917574
12,15,8.414467912941461
12,16,6.573572153957951
12,17,7.38620317684614
12,18,6.47490873711095
12,19,9.67825853423819
12,20,11.537537362145539
12,21,14.959165840775034
12,22,17.919652473030947
12,23,21.043202847141984
12,24,24.314018955191017
12,25,27.91892216836143
12,26,24.299972260262006
12,27,22.206127958477733
12,28,18.53768848976449
12,29,18.520111179241173
12,30,16.627921168017416
12,31,18.37292240640559
12,32,19.461322243444727
12,33,21.06175489737072
12,34,24.440945892235394
12,35,22.587561400082297
12,36,23.827842279756904
12,37,22.527297576050568
12,38,21.249876448650365
12,39,21.26514708779513
12,40,18.461246626685956
12,41,20.09607832873472
12,42,22.828629116813616
12,43,24.158693117850543
12,44,26.526904132648692
12,45,19.523418071481085
12,46,18.879379951619327
12,47,15.14194051603852
12,48,15.108919676945987
12,49,16.596830345969217
12,50,18.21720947340942
12,51,19.560306445691474
12,52,22.235861601534378
12,53,22.388561548749376
12,54,25.851763045876236
12,55,25.713438994367138
12,56,26.547722201350503
12,57,25.204156516596488
12,58,21.485762696345663
12,59,19.22532151733967
12,60,15.799893628847876
12,61,14.334777848360819
12,62,11.856983957147847
12,63,10.357404703621324
12,64,11.375383205938286
12,65,9.811068698823405
12,66,7.661100994041471
12,67,9.493370207519886
12,68,9.692769130457329
12,69,12.432665748409987
12,70,10.552095000891272
12,71,9.624170249104617
12,72,12.275369930505068
12,73,13.855799573294595
12,74,14.362151349091409
12,75,16.911640451819707
12,76,19.225097977970513
12,77,23.01500021291398
12,78,26.08641193642796
12,79,29.140874905931476
12,80,32.71672623884383
12,81,35.137422143809566
12,82,38.40694955344196
12,83,40.34855194213782
12,84,38.932394191268735
12,85,35.81221671539786
12,86,32.9408952132524
12,87,29.180158794300336
12,88,27.133400026028315
12,89,23.773752993526994
12,90,20.827005731581256
12,91,19.69220820936967
12,92,17.051180719866
12,93,13.32808653771223
12,94,10.94530859460047
12,95,7.755575480724603
12,96,6.314811853203973
12,97,4.992024304372803
12,98,6.121140575978776
12,99,8.897646518142622
12,100,9.391673463421522
13,1,32.666582814298835
13,2,29.442277651040786
13,3,26.448788840452874
13,4,23.563077696434295
13,5,19.944147360212565
13,6,17.46273079717255
13,7,15.219967622601791
13,8,16.29983933989482
13,9,13.008187927555603
13,10,9.940129598600242
13,11,6.94947269117883
13,12,3.7831500696211027
13,14,3.7958526613193726
13,15,6.273488599161813
13,16,5.776380511329023
13,17,8.340219988112324
13,18,9.02567344052333
13,19,12.639188568044585
13,20,14.975222380427802
13,21,18.42628449176912
13,22,21.404779834806845
13,23,24.598802328628363
13,24,27.848849518931278
13,25,30.764221348847048
13,26,27.265011498752582
13,27,24.995405249785694
13,28,21.310921012331967
13,29,21.14126403734663
13,30,18.945944086027605
13,31,20.60093415190985
13,32,21.07953950048502
13,33,22.339639135557057
13,34,25.938125857743653
13,35,24.563431534422875
13,36,25.838291114448946
13,37,24.7499058624978
13,38,23.186646685537834
13,39,23.387971962589372
13,40,20.39869279477762
13,41,22.210500097724914
13,42,25.225745143536788
13,43,26.70694470094451
13,44,28.904134209846575
13,45,20.309374787089418
13,46,19.55758858334676
13,47,15.813927739106347
13,48,16.65177767548709
13,49,18.416870888962094
13,50,20.579127799399405
13,51,21.948835039073682
13,52,24.92003380731343
13,53,25.128663732767425
13,54,28.53628883075099
13,55,28.734795293479824
13,56,29.578231243283746
13,57,28.497175708249696
13,58,24.758589981677517
13,59,22.300543777192754
13,60,18.712687493129526
13,61,17.133111189578354
13,62,14.155751182125902
13,63,11.9884576435537
13,64,11.979135949424235
13,65,9.295258690882092
13,66,7.670079428323732
13,67,8.533144132704539
13,68,8.752065296766387
13,69,12.19859564422412
13,70,11.3162059383383
13,71,10.836123438738799
13,72,14.147809146674678
13,73,16.430886060743052
13,74,17.26936808323746
13,75,20.11883689893024
13,76,22.466034439144835
13,77,26.239185418585272
13,78,29.310240999578635
13,79,32.21612547734947
13,80,35.83064058000833
13,81,38.07464586306972
13,82,41.4543896757206
13,83,43.50971935723716
13,84,42.10673228012844
13,85,38.88280795589295
13,86,36.16103207282869
13,87,32.408547535523105
13,88,30.557470507766865
13,89,27.156425188132893
13,90,24.35985625598763
13,91,23.205324258667257
13,92,20.351895364552398
13,93,16.713899938826415
13,94,13.93955320008174
13,95,10.556532385163056
13,96,8.35315238005092
13,97,5.466735088717272
13,98,4.695279065086348
13,99,5.926147976490012
13,100,5.6803926843138965
14,1,33.62799908720486
14,2,30.197989172892417
14,3,27.232289371049198
14,4,24.71612404807893
14,5,20.952172624577937
14,6,19.03667061764954
14,7,17.13622933305318
14,8,17.98932260966335
14,9,14.90718809510476
14,10,11.828882129188091
14,11,9.529418117061105
14,12,6.297159705917574
14,13,3.7958526613193726
14,15,3.7935584617589866
14,16,5.52853035414522
14,17,8.045175686979048
14,18,9.487749253320061
14,19,13.293992486007289
14,20,15.830745358567427
14,21,19.457706747428993
14,22,22.101103565085804
14,23,25.561717943535914
14,24,28.554091969303155
14,25,30.03600009167962
14,26,26.75333254337743
14,27,24.18762414080616
14,28,20.546071790856548
14,29,20.19181582949209
14,30,17.814074406382318
14,31,19.588565906287894
14,32,19.540030728213964
14,33,20.81022440176306
14,34,24.530676873024856
14,35,23.527598063328053
14,36,24.4990878774751
14,37,23.427434597341044
14,38,21.465207484754757
14,39,21.771081758821015
14,40,18.666297666235717
14,41,20.707163995960812
14,42,24.023818126223215
14,43,25.834737720585654
14,44,27.867431251735454
14,45,17.682106465802043
14,46,17.132560830179276
14,47,13.446430162576384
14,48,14.90012687433057
14,49,17.163891166917914
14,50,19.85898949548522
14,51,21.635739423176748
14,52,24.920222810832215
14,53,25.623165820083813
14,54,29.141579912617566
14,55,29.645448882003038
14,56,30.077794053513642
14,57,29.16714014347839
14,58,25.543101308235084
14,59,22.6642007533644
14,60,19.059286725042018
14,61,16.946695348318908
14,62,13.678430145364338
14,63,10.72234368506022
14,64,10.230348790233494
14,65,6.9632514991528875
14,66,5.284777139475788
14,67,5.171525245683109
14,68,6.183334890151596
14,69,9.570352155718624
14,70,9.192361108676362
14,71,9.762141596595896
14,72,13.429422006862424
14,73,16.170320560138688
14,74,16.990415963196273
14,75,20.100841551000173
14,76,22.383949558559124
14,77,26.054813019651746
14,78,29.10517315340399
14,79,31.705038202928208
14,80,35.36166549396952
14,81,37.29253924104764
14,82,40.823463436835375
14,83,43.05309112889846
14,84,41.674439262793776
14,85,38.30263961955743
14,86,35.861289026443664
14,87,32.16502088478205
14,88,30.72472293220069
14,89,27.31939971033223
14,90,24.92258987568335
14,91,24.024338886986907
14,92,20.91971916942547
14,93,17.55536723076703
14,94,14.62515005570973
14,95,10.948359050731453
14,96,9.220348596793235
14,97,5.5192281147360305
14,98,5.718691608367919
14,99,5.856902698923038
14,100,6.005051378447519
15,1,34.575693971131344
15,2,31.162743129210543
15,3,27.958872815898673
15,4,25.67555189992878
15,5,21.977806870835554
15,6,20.211245902290084
15,7,18.642565627269196
15,8,20.061612729225946
15,9,17.360301154594744
15,10,13.897969851665513
15,11,12.10027067435626
15,12,8.414467912941461
15,13,6.273488599161813
15,14,3.7935584617589866
15,16,3.8093030678320567
15,17,6.6235295175347835
15,18,9.44286115872851
15,19,13.06624874806518
15,20,16.21573514839222
15,21,19.597237682349615
15,22,22.339728701447704
15,23,25.73714566589558
15,24,28.73103913519332
15,25,29.65182021144518
15,26,26.550054762399544
15,27,24.203203497283795
15,28,20.78795831320342
15,29,20.98189406811595
15,30,19.07221438740958
15,31,21.381277961358656
15,32,21.403685433584428
15,33,23.070932712554207
15,34,26.75024177893895
15,35,25.695470394468973
15,36,26.18127193332818
15,37,24.6921953778079
15,38,22.279883208074757
15,39,22.051403674933933
15,40,18.598515699419416
15,41,20.13411589069955
15,42,23.38874226138336
15,43,24.931590070335933
15,44,26.67939620019044
15,45,16.400454890500033
15,46,15.163455706512982
15,47,11.755202049605588
15,48,13.854737542258066
15,49,15.714712869548142
15,50,18.703528532516103
15,51,20.169359651919915
15,52,23.654149563391766
15,53,24.335257743823167
15,54,27.700531440565683
15,55,28.664923307564496
15,56,29.105445495573456
15,57,28.672056581959865
15,58,25.077743643757
15,59,22.033420587293485
15,60,18.325458418488072
15,61,16.46840660831373
15,62,12.828655085120946
15,63,9.960853471226851
15,64,8.170861100381957
15,65,4.475386874185278
15,66,5.238304237200446
15,67,6.2528465398763355
15,68,8.867696356801323
15,69,11.590568898336592
15,70,10.847547110958553
15,71,12.423991407132323
15,72,15.932863824564043
15,73,18.38607438250333
15,74,18.537917994022845
15,75,21.323376728395402
15,76,23.067999804043513
15,77,26.665202463584475
15,78,29.385416532360658
15,79,31.947824682332836
15,80,35.480130740057135
15,81,37.362310378487514
15,82,40.90076262444914
15,83,43.229746341631966
15,84,42.161749283556496
15,85,38.843319705763584
15,86,36.51337976045062
15,87,32.9114798882288
15,88,31.600903042911657
15,89,28.42536601660448
15,90,26.182003218055808
15,91,25.78721472596686
15,92,22.904742324614187
15,93,19.601955943740506
15,94,17.11270027696154
15,95,13.321175351127026
15,96,12.36821853847931
15,97,8.894422926753228
15,98,9.441050413824057
15,99,9.081261024112033
15,100,7.885006088795376
16,1,32.117036239959916
16,2,28.87365966840877
16,3,25.51059872499607
16,4,23.073947006903076
16,5,19.52050475506389
16,6,17.463328270787624
16,7,15.934815624887113
16,8,17.897325325905282
16,9,15.456692620455568
16,10,11.74343326290069
16,11,10.302048095399089
16,12,6.573572153957951
16,13,5.776380511329023
16,14,5.52853035414522
16,15,3.8093030678320567
16,17,3.78107225842122
16,18,6.688317146154603
16,19,10.131362528865557
16,20,13.484225936489993
16,21,16.63040967423327
16,22,19.692481388192054
16,23,22.869033160447557
16,24,26.0738462945335
16,25,28.086717108068946
16,26,24.82352775633558
16,27,22.872173710783684
16,28,19.50201432662064
16,29,20.18327481293875
16,30,18.73915999207225
16,31,21.292592720468253
16,32,21.98738521996972
16,33,24.001813554118332
16,34,27.53021134550074
16,35,25.962756154033436
16,36,26.427413282959453
16,37,24.62056735508656
16,38,22.406302669474915
16,39,21.766068212079976
16,40,18.284298875584188
16,41,19.341286484592967
16,42,22.22773929782763
16,43,23.3189441492441
16,44,25.171420769692283
16,45,16.954846457967534
16,46,15.32652437763774
16,47,11.894579066256291
16,48,13.210915774470786
16,49,14.338538448942652
16,50,16.81288216647873
16,51,17.80053097564535
16,52,21.068671725426206
16,53,21.338944286219185
16,54,24.6279226019763
16,55,25.459040695023358
16,56,26.207839553052533
16,57,25.776780964107076
16,58,22.08311974485087
16,59,19.29580639367226
16,60,15.526259215986013
16,61,14.233565517372439
16,62,10.69348181479525
16,63,8.748095571324253
16,64,7.373146441874293
16,65,5.0023453462120075
16,66,5.836475532512591
16,67,8.504051379229914
16,68,10.901295623488876
16,69,13.501882225878658
16,70,11.77481202795105
16,71,12.917946769344272
16,72,16.026719679177777
16,73,17.828180698023406
16,74,17.50842062840968
16,75,19.8456349828679
16,76,21.33687967147223
16,77,25.003609853468856
16,78,27.583683046048957
16,79,30.43833024008452
16,80,33.877937885697094
16,81,36.06498787050328
16,82,39.455020983844406
16,83,41.65584157239271
16,84,40.713114658080244
16,85,37.56815017215279
16,86,35.00952428394981
16,87,31.39669450703544
16,88,29.76799693367013
16,89,26.72522414441256
16,90,24.22450887267637
16,91,23.96013389848861
16,92,21.447562361581028
16,93,17.985758539638677
16,94,15.99117066537773
16,95,12.338295641739078
16,96,11.827248665733686
16,97,9.073425042340487
16,98,10.02114184042975
16,99,10.715916282819535
16,100,9.39942566819416
17,1,28.93304340815982
17,2,25.68524346209319
17,3,22.237855088283887
17,4,20.0537397664976
17,5,16.57202858624448
17,6,14.901956427501148
17,7,13.880369295710189
17,8,16.102806585413333
17,9,14.34402104853413
17,10,10.606479272773887
17,11,10.460018384404032
17,12,7.38620317684614
17,13,8.340219988112324
17,14,8.045175686979048
17,15,6.6235295175347835
17,16,3.78107225842122
17,18,3.801277367170425
17,19,6.772223073474703
17,20,10.321311835315857
17,21,13.343208676789237
17,22,16.261851708426306
17,23,19.471060078691483
17,24,22.569117517838333
17,25,24.42099681466377
17,26,21.17211193690321
17,27,19.3974360444738
17,28,16.167937265399935
17,29,17.276409375632106
17,30,16.3684679731585
17,31,19.307219230122428
17,32,20.443441938017745
17,33,22.934442597898943
17,34,26.23524454098311
17,35,24.325861935428318
17,36,24.427360589019408
17,37,22.226375635091586
17,38,19.96781689181606
17,39,18.88292920457491
17,40,15.369331292235836
17,41,16.021016473257486
17,42,18.693259962439203
17,43,19.6155509244359
17,44,21.504445444846198
17,45,14.61353541804882
17,46,12.869353802230618
17,47,9.526489785067776
17,48,10.11018590827208
17,49,10.821001996358811
17,50,13.077568906780968
17,51,14.099076440904941
17,52,17.367806529467675
17,53,17.834816332030456
17,54,21.250730721015074
17,55,22.062746461097323
17,56,22.593244294824615
17,57,22.172796887928083
17,58,18.540366311250192
17,59,15.610308472047205
17,60,11.85060742846026
17,61,10.527002226146957
17,62,6.96235590393817
17,63,5.60898260243925
17,64,4.863478356243737
17,65,4.766588196214178
17,66,5.5624697741906965
17,67,9.239196419534796
17,68,11.919786835850461
17,69,13.658257410303658
17,70,11.02760307492106
17,71,12.491234730922212
17,72,14.973648109057912
17,73,16.11851077966046
17,74,15.08670765662068
17,75,16.985291415120777
17,76,18.06272508375957
17,77,21.652772738631963
17,78,24.050048133482804
17,79,26.927380266620723
17,80,30.29400476870823
17,81,32.533167483848494
17,82,35.875989462789406
17,83,38.070886229620804
17,84,37.255614595635954
17,85,34.18434881780434
17,86,31.630096409507285
17,87,28.079937730855473
17,88,26.490157515074287
