1,2,3.778291957116491
1,3,7.046941549895783
1,4,10.2528585080404
1,5,13.368496926199185
1,6,16.930536180721308
1,7,20.199938631569292
1,8,22.752439185041013
1,9,24.286758130954688
1,10,28.064546099987815
1,11,29.6203798386024
1,12,31.84752221159943
1,13,31.96124222972075
1,14,35.71081784474775
1,15,37.53649298279949
1,16,41.1971156296513
1,17,43.44375707731549
1,18,47.22800759981209
1,19,49.04647644101169
1,20,49.33314857717041
1,21,46.21997177925571
1,22,43.16413498523505
1,23,40.304335123954154
1,24,36.9772040960431
1,25,33.6896208950247
1,26,30.4176002936433
1,27,27.93848595099018
1,28,24.37204900389125
1,29,22.10242263714361
1,30,18.904719538376604
1,31,19.686764652016645
1,32,17.284375359017275
1,33,20.520514649315853
1,34,24.187786118404116
1,35,25.61869725027514
1,36,26.222036670894443
1,37,29.246667855027894
1,38,29.211539435878297
1,39,31.799587519644607
1,40,33.537834061118865
1,41,35.132676175153684
1,42,37.409776789065404
1,43,38.298308966180315
1,44,37.426160539977936
1,45,39.090570546794446
1,46,37.629067692415155
1,47,39.10020206607225
1,48,37.666726646038406
1,49,34.78007011065706
1,50,33.25854543169128
1,51,34.40263066026763
1,52,45.59492106201187
1,53,44.67383443614528
1,54,40.973145375766784
1,55,39.288290212060716
1,56,35.59665238727116
1,57,34.817069930873735
1,58,31.492628481956466
1,59,30.75079764531198
1,60,29.86624135690619
1,61,26.337718197011654
1,62,25.034047900148366
1,63,23.772933740847662
1,64,26.73887838045697
1,65,29.85923219844631
1,66,33.08515595527098
1,67,34.8695315658555
1,68,38.34762584143222
1,69,41.37350444011173
1,70,44.50513436157616
1,71,47.47415471667778
1,72,45.89826043167813
1,73,48.46077886032597
1,74,48.77803850708184
1,75,47.9501307254454
1,76,44.764255327052226
1,77,43.56010357145389
1,78,41.01287144456171
1,79,37.437960924238354
1,80,35.01339528995189
1,81,31.504396880712473
1,82,29.74606676710977
1,83,27.763472315440307
1,84,25.62345632070892
1,85,26.495321917002382
1,86,24.039261842895197
1,87,24.931141576903133
1,88,21.830562262029172
1,89,19.190942888927232
1,90,20.46382118366422
1,91,23.65467984978975
1,92,23.312540972747964
1,93,25.41725338551676
1,94,23.667488177265998
1,95,26.158351791662515
1,96,25.935302676006653
1,97,27.306314774202654
1,98,31.08116034233899
1,99,32.92895721134167
1,100,36.65859418009861
1,101,39.29699533989384
1,102,42.47789700559277
1,103,45.37535458811897
1,104,48.13480912976591
1,105,51.80764705991723
1,106,53.43032000969072
2,1,3.778291957116491
2,3,3.7316846180422423
2,4,6.989024714057459
2,5,9.900116577709097
2,6,13.523550321731912
2,7,16.73896147772932
2,8,19.528304813310413
2,9,21.12973738171961
2,10,24.86173877591051
2,11,26.553172714630232
2,12,28.796351013948144
2,13,28.6764937654228
2,14,32.45820328487596
2,15,34.40846914866118
2,16,38.08555556198214
2,17,40.4243362513429
2,18,44.22218078124265
2,19,45.97842692778532
2,20,46.39750866211416
2,21,43.386550833932695
2,22,40.38119665436954
2,23,37.38379950505144
2,24,34.173443195243586
2,25,30.757129676726382
2,26,27.64963144576248
2,27,25.056267590132368
2,28,21.646485481152876
2,29,19.403017946562642
2,30,16.53051510840059
2,31,17.54509449537787
2,32,15.580235900468592
2,33,19.013978398037242
2,34,22.630717906167664
2,35,23.764213737146317
2,36,23.927623131203898
2,37,26.728098337949397
2,38,26.45340626324287
2,39,28.799225806766053
2,40,30.40037033114416
2,41,31.79288454285158
2,42,33.94713184494107
2,43,34.70149558216899
2,44,33.89577003718194
2,45,35.690248066018725
2,46,34.400468398525284
2,47,35.958009001821445
2,48,34.741614766358175
2,49,32.00386075080455
2,50,30.763798815115756
2,51,32.10790826426459
2,52,42.7471502236392
2,53,41.7892709106955
2,54,38.05049342296111
2,55,36.591267594624846
2,56,32.96644733925544
2,57,32.48416103259435
2,58,29.349115478536973
2,59,28.85003628792853
2,60,28.391624214214662
2,61,24.882367067445074
2,62,23.42305304863448
2,63,21.7257726528943
2,64,24.451597151068565
2,65,27.39321577662026
2,66,30.512258989791103
2,67,32.03513126439498
2,68,35.53973199413043
2,69,38.418391035746644
2,70,41.6689136641921
2,71,44.55275299273043
2,72,42.81879574145611
2,73,45.25008278302128
2,74,45.446455671436745
2,75,44.52425877233758
2,76,41.41258216668976
2,77,40.132249219704505
2,78,37.49083112481862
2,79,33.88224995267092
2,80,31.56001111837871
2,81,28.0783484429357
2,82,26.491772629318813
2,83,24.523774347977334
2,84,22.627055978388274
2,85,23.657584991852595
2,86,21.52910904879219
2,87,22.72254051411684
2,88,19.96417403813413
2,89,17.38156894927235
2,90,18.247946567715157
2,91,21.191016669574317
2,92,20.401346805616488
2,93,22.258790455161645
2,94,20.301318912503177
2,95,22.6753354597701
2,96,22.450331523251645
2,97,23.718591035831142
2,98,27.504821366079316
2,99,29.48655505082276
2,100,33.213140435228766
2,101,35.96437727084253
2,102,39.1651731780275
2,103,42.14640449043378
2,104,44.94226545033151
2,105,48.62589476329153
2,106,50.39143762344869
3,1,7.046941549895783
3,2,3.7316846180422423
3,4,3.778736748277564
3,5,6.344706716920377
3,6,9.97069212196469
3,7,13.156738722631188
3,8,15.830011195046724
3,9,17.53047174189851
3,10,21.265618081640582
3,11,23.096952970065235
3,12,25.45287943147169
3,13,25.41824166306633
3,14,29.208280235776815
3,15,31.027855917924153
3,16,34.74796120228005
3,17,36.9897113570181
3,18,40.779424502640744
3,19,42.4387361139232
3,20,42.7995870138548
3,21,39.829223708476455
3,22,36.7820634241056
3,23,33.79400701468234
3,24,30.5764592601019
3,25,27.148613275091957
3,26,24.05261176100422
3,27,21.370589639772806
3,28,17.993725029527592
3,29,15.713381655433661
3,30,12.974338165842923
3,31,14.177170655453414
3,32,12.643451330997381
3,33,16.239464052996905
3,34,19.70583153073145
3,35,20.80249699730896
3,36,20.639658044706664
3,37,23.27019689127367
3,38,22.82234370320875
3,39,25.14532794456534
3,40,26.698600827204437
3,41,28.163302569120233
3,42,30.37323902239082
3,43,31.270167221990924
3,44,30.49612748688329
3,45,32.16805864476842
3,46,30.803056878496037
3,47,32.27645589557173
3,48,31.046973807177867
3,49,28.353003069769148
3,50,27.166764343850026
3,51,28.60834307029228
3,52,39.02761609737676
3,53,38.059528849200014
3,54,34.319127118874476
3,55,32.88275045001863
3,56,29.27318050421329
3,57,28.87907209582324
3,58,25.826452311153496
3,59,25.471372210248415
3,60,25.252102342894943
3,61,21.808431882064173
3,62,20.221233230249464
3,63,18.303679362465633
3,64,20.932182344571537
3,65,23.76923521316891
3,66,26.87764210132987
3,67,28.33161689959477
3,68,31.859047181173953
3,69,34.721143857695516
3,70,37.98319992204165
3,71,40.88872185920355
3,72,39.180730356538476
3,73,41.6276312394637
3,74,41.90619630269515
3,75,40.97297306659085
3,76,37.80929043604483
3,77,36.63220583703878
3,78,34.031356603840024
3,79,30.437321734260465
3,80,27.99342639128528
3,81,24.47615849207488
3,82,22.804703090430785
3,83,20.896516859993902
3,84,19.038953947391764
3,85,20.289364438271377
3,86,18.35218062862648
3,87,19.927840615810954
3,88,17.459855819162012
3,89,15.099199953720014
3,90,16.01792875622728
3,91,18.55492965560824
3,92,17.481600274635287
3,93,19.03521895531199
3,94,16.900808366394614
3,95,19.184669643615784
3,96,18.891818481599884
3,97,20.350308814405732
3,98,24.120469590718592
3,99,26.06561223754362
3,100,29.823333522007875
3,101,32.488101180148306
3,102,35.761565579319004
3,103,38.67514803109986
3,104,41.553338538214746
3,105,45.20328322749389
3,106,46.97797185320405
4,1,10.2528585080404
4,2,6.989024714057459
4,3,3.778736748277564
4,5,3.766644974520095
4,6,6.863543756209779
4,7,10.448511893276306
4,8,13.028513540846324
4,9,14.23832820523402
4,10,17.97147424769331
4,11,19.566698471328877
4,12,21.820830734479813
4,13,21.78571024822064
4,14,25.56106117897807
4,15,27.428963866318927
4,16,31.11733960588727
4,17,33.43724292452703
4,18,37.23574282490164
4,19,39.008573631985115
4,20,39.4865615982769
4,21,36.48443821984469
4,22,33.55353834018994
4,23,30.480936431615007
4,24,27.34745344338733
4,25,23.884838133525427
4,26,20.88480082096438
4,27,18.41687396482226
4,28,15.145091013557234
4,29,13.405501568796533
4,30,11.163346007438534
4,31,13.236203684288148
4,32,12.717650876929698
4,33,16.465030178772018
4,34,19.5358512394782
4,35,20.68612910109614
4,36,19.896692413475716
4,37,22.050509545896556
4,38,21.024046541919134
4,39,23.121754668319735
4,40,24.243891853389407
4,41,25.665848334605307
4,42,27.65259486902334
4,43,28.57337799157369
4,44,28.254518517998832
4,45,29.921940980664374
4,46,28.658901563023058
4,47,29.90196582448572
4,48,28.821007407506134
4,49,26.404819700532208
4,50,25.397087834362026
4,51,27.119558642681625
4,52,36.5942988826099
4,53,35.36470162848835
4,54,31.65641104388376
4,55,30.34449663978059
4,56,26.841454413341328
4,57,26.542550715876168
4,58,23.6788221897506
4,59,23.224049179380643
4,60,23.398018922046386
4,61,19.911855222630553
4,62,18.631548472757444
4,63,16.18250538421124
4,64,18.352519259778973
4,65,21.198872162134926
4,66,24.053407796531857
4,67,25.465047983266636
4,68,28.877598839359266
4,69,31.70496019835664
4,70,34.97550441508204
4,71,37.746238893676015
4,72,35.94066386710417
4,73,38.38665187929056
4,74,38.576964000691234
4,75,37.79686600547897
4,76,34.66043320270444
4,77,33.34411945591083
4,78,30.85151758829534
4,79,27.335213293243065
4,80,24.970523837272726
4,81,21.592667214362795
4,82,20.189421215287712
4,83,18.74398678261072
4,84,17.365120702649328
4,85,19.243589938879676
4,86,17.88592179891396
4,87,20.107560384102896
4,88,18.187534208238425
4,89,16.214381268128548
4,90,17.00536199029921
4,91,18.876123091463555
4,92,17.18596936124609
4,93,17.989577824483074
4,94,15.27354843363448
4,95,16.948097633226578
4,96,16.066788433256445
4,97,17.227916346321997
4,98,20.969189253028834
4,99,22.68484505700616
4,100,26.410162931609044
4,101,29.0629824769454
4,102,32.24616915907114
4,103,35.18756157801567
4,104,37.977241916115126
4,105,41.65360859255389
4,106,43.404715662321465
5,1,13.368496926199185
5,2,9.900116577709097
5,3,6.344706716920377
5,4,3.766644974520095
5,6,3.7203242751218677
5,7,6.883357053987103
5,8,9.78495673933961
5,9,11.549097116993424
5,10,15.1731277566532
5,11,17.277135391366382
5,12,19.722783342477534
5,13,19.48036267009719
5,14,23.28305160408092
5,15,25.11524783475359
5,16,28.866543274749848
5,17,31.128420739939518
5,18,34.91084143006406
5,19,36.43897123741467
5,20,36.92517991401829
5,21,34.10784680696479
5,22,31.13097427250637
5,23,27.98457711810001
5,24,24.95079118600517
5,25,21.371429701752643
5,26,18.5790019802461
5,27,15.753999052623874
5,28,12.78735638943557
5,29,10.81080580463425
5,30,9.270610570629461
5,31,11.23951838176387
5,32,11.412239541112307
5,33,14.90575918472012
5,34,17.6890219747112
5,35,18.353239121556634
5,36,17.10986332804935
5,37,18.986425814547314
5,38,17.833258864410336
5,39,19.68706699541936
5,40,20.836048362478667
5,41,22.10166822446389
5,42,24.1381048013204
5,43,25.035681338389256
5,44,24.54092102349866
5,45,26.23286016938501
5,46,25.03505711868536
5,47,26.435536016168086
5,48,25.51113148657016
5,49,23.16853066477628
5,50,22.463822189433653
5,51,24.30945547687981
5,52,33.43873185169141
5,53,32.33533182954702
5,54,28.577262466171952
5,55,27.479309725307175
5,56,24.039599180264588
5,57,24.131096771237832
5,58,21.526382026596377
5,59,21.58510877601757
5,60,22.222773281927857
5,61,19.035179554956247
5,62,17.344849006708664
5,63,14.600706760934372
5,64,16.48651245819673
5,65,18.87267109748107
5,66,21.679131711468955
5,67,22.696971552479596
5,68,26.212005165765014
5,69,28.854771473726082
5,70,32.25251506390691
5,71,35.028254538407396
5,72,33.14245817303529
5,73,35.453630417009066
5,74,35.6495948379596
5,75,34.65150669557
5,76,31.528729667151012
5,77,30.32327910210495
5,78,27.690662596618793
5,79,24.096254311642276
5,80,21.669782549288175
5,81,18.19309761777247
5,82,16.758578341179305
5,83,15.136819027954433
5,84,13.914078287277594
5,85,15.865735132378994
5,86,14.914596346126872
5,87,17.407360537341415
5,88,16.03068062385787
5,89,14.373273517606364
5,90,14.727151377317199
5,91,16.055583730737823
5,92,13.942758718721876
5,93,14.394936716021332
5,94,11.538916244993871
5,95,13.21862353838697
5,96,12.59040500696755
5,97,14.047553188126482
5,98,17.803288721307343
5,99,19.804361223834466
5,100,23.576024593790933
5,101,26.275540130283115
5,102,29.61193957606893
5,103,32.55464880737852
5,104,35.518738240226256
5,105,39.14735558161538
5,106,41.07083311907728
6,1,16.930536180721308
6,2,13.523550321731912
6,3,9.97069212196469
6,4,6.863543756209779
6,5,3.7203242751218677
6,7,3.7894966015793163
6,8,6.471236407678546
6,9,7.916378130231926
6,10,11.48621586018138
6,11,13.645078551598054
6,12,16.12848713100459
6,13,15.882186425667197
6,14,19.67008588173134
6,15,21.441776015804237
6,16,25.203884396378704
6,17,27.45321660205649
6,18,31.230804693849677
6,19,32.73892551872522
6,20,33.28473407202897
6,21,30.507905676894794
6,22,27.59506942986808
6,23,24.371740624872498
6,24,21.44048979104756
6,25,17.800411681450893
6,26,15.197490572421813
6,27,12.433605633387875
6,28,9.827729682898608
6,29,8.50554008351561
6,30,8.215502235522148
6,31,10.794383883236348
6,32,12.167449332734035
6,33,15.340364039621742
6,34,17.470017879878615
6,35,18.02264285100846
6,36,16.09135813857352
6,37,17.292595290388984
6,38,15.510455980640568
6,39,17.016914849340008
6,40,17.712509475778226
6,41,18.936176648590788
6,42,20.809077917185387
6,43,21.816364377031594
6,44,21.706154385964563
6,45,23.304586252619124
6,46,22.17127831015018
6,47,23.343336288066805
6,48,22.582505040655384
6,49,20.556457123043916
6,50,20.126941214045665
6,51,22.251331852470756
6,52,30.3080031064852
6,53,29.018537183935315
6,54,25.286973502160897
6,55,24.363985918106774
6,56,21.07191109357199
6,57,21.397924959298674
6,58,19.127112929695684
6,59,19.31924612676226
6,60,20.503170243147164
6,61,17.535356384687432
6,62,16.017587641197867
6,63,12.77869922376466
6,64,13.950363670756316
6,65,16.045110642522648
6,66,18.541926205511032
6,67,19.35212633127046
6,68,22.789624254151267
6,69,25.33943330280383
6,70,28.774732614297324
6,71,31.452305958004214
6,72,29.48677503654465
6,73,31.778380350702033
6,74,31.954352028137958
6,75,31.026299428750193
6,76,27.89484693972005
6,77,26.662307577926324
6,78,24.11426990481168
6,79,20.58004450891851
6,80,18.124283136839495
6,81,14.731830404183928
6,82,13.51240939345517
6,83,12.413685037870678
6,84,11.846595234768413
6,85,14.473016782312524
6,86,14.323213531370506
6,87,17.391657588490787
6,88,16.745739417102044
6,89,15.65318991239225
6,90,15.86322337909323
6,91,16.320967497604496
6,92,13.691811048382826
6,93,13.152459873681268
6,94,9.760092420815916
6,95,10.538026782340811
6,96,9.229091032815502
6,97,10.617626851736615
6,98,14.315297142653762
6,99,16.14349909620375
6,100,19.922376877188587
6,101,22.5655569760402
6,102,25.91117046894546
6,103,28.83549621761615
6,104,31.816182929115765
6,105,35.43525775804123
6,106,37.379271225665725
7,1,20.199938631569292
7,2,16.73896147772932
7,3,13.156738722631188
7,4,10.448511893276306
7,5,6.883357053987103
7,6,3.7894966015793163
7,8,3.8023055960916334
7,9,6.335929831126129
7,10,9.271260141503125
7,11,12.197380660932986
7,12,14.842044167673594
7,13,14.33378805499372
7,14,18.000353312502266
7,15,19.634440710896445
7,16,23.40297918821088
7,17,25.51626458944635
7,18,29.220946139140644
7,19,30.392332349160533
7,20,30.930568071480337
7,21,28.417097488077882
7,22,25.47538438280389
7,23,22.207851322959545
7,24,19.47297524384495
7,25,15.768762128922006
7,26,13.609458468593527
7,27,10.439162506259652
7,28,8.72333966768257
7,29,7.397386807128716
7,30,8.595089291615917
7,31,10.583427343674947
7,32,12.68176228672174
7,33,15.157397500563318
7,34,16.701995621630136
7,35,16.63016535506499
7,36,14.116625562162515
7,37,14.72229686515384
7,38,12.67711266344007
7,39,13.681259051803872
7,40,14.325973347191297
7,41,15.307760940583137
7,42,17.256276863378122
7,43,18.279428244626637
7,44,17.953459200426078
7,45,19.547156840563037
7,46,18.497141855387554
7,47,19.854788920807692
7,48,19.334624112080686
7,49,17.480069647252147
7,50,17.533298507410866
7,51,19.811422401250294
7,52,27.204381380417985
7,53,26.078378487284525
7,54,22.306941703641986
7,55,21.698511827282847
7,56,18.562953355788856
7,57,19.445004189945394
7,58,17.63646022250737
7,59,18.50016055687527
7,60,20.212356117913163
7,61,17.77724879689524
7,62,15.90726150799048
7,63,12.590220378248635
7,64,13.17942149469162
7,65,14.423630287790608
7,66,16.706686072420283
7,67,16.897790617081878
7,68,20.41099197113928
7,69,22.667474442643783
7,70,26.23908126175655
7,71,28.90379773552776
7,72,26.85658670645385
7,73,28.964732351460686
7,74,29.165545908748907
7,75,27.95998471504923
7,76,24.84509781996736
7,77,23.79215972329369
7,78,21.081576910924323
7,79,17.46514951396043
7,80,14.890007673877976
7,81,11.34517599430722
7,82,10.091852090298765
7,83,8.823873565373466
7,84,8.815596393826082
7,85,11.653141046545018
7,86,12.337616472396268
7,87,15.66150138943011
7,88,15.835250563627838
7,89,15.278013840929933
7,90,14.996720478784853
7,91,14.59762950295052
7,92,11.515715174980496
7,93,10.141683421708693
7,94,6.480206007292035
7,95,6.761772114722784
7,96,5.739928113725233
7,97,7.851067419703259
7,98,11.425781781816859
7,99,13.647969591881758
7,100,17.420455807686377
7,101,20.060234644952025
7,102,23.585188707054787
7,103,26.46088538917774
7,104,29.648235058055256
7,105,33.170102007534084
7,106,35.30573242058163
8,1,22.752439185041013
8,2,19.528304813310413
8,3,15.830011195046724
8,4,13.028513540846324
8,5,9.78495673933961
8,6,6.471236407678546
8,7,3.8023055960916334
8,9,3.7835760355466452
8,10,6.415712287162638
8,11,9.64037586258344
8,12,12.534915875490665
8,13,12.739288148208002
8,14,16.158050054309122
8,15,17.162202703924024
8,16,20.954835530531223
8,17,22.68440215985238
8,18,26.340413314074585
8,19,27.397233022830733
8,20,27.659383608365175
8,21,25.08851860227411
8,22,21.994634609528244
8,23,18.88794554060055
8,24,15.978774908402201
8,25,12.376751645939738
8,26,10.077334029361769
8,27,6.7011513018907625
8,28,5.377990206332672
8,29,4.830260297925865
8,30,7.527856591065902
8,31,9.648002394841754
8,32,12.654289534907722
8,33,14.615227698013015
8,34,15.361502907371499
8,35,15.49772918613775
8,36,12.563361573515627
8,37,12.510516624457113
8,38,9.867934213228109
8,39,10.955907796491255
8,40,11.33695858971071
8,41,12.947027527558781
8,42,15.155707690617426
8,43,16.8538500244777
8,44,16.75070461482786
8,45,17.699742033935667
8,46,16.207570257249003
8,47,17.021040101420752
8,48,16.19322744337867
8,49,14.413535717689225
8,50,14.352337876969754
8,51,16.785315752568486
8,52,23.83990005111709
8,53,22.608788453039026
8,54,18.852992584270535
8,55,18.040154450740175
8,56,14.868924497331433
8,57,15.710196234855662
8,58,14.073012729805775
8,59,15.078172097401847
8,60,17.15340588037655
8,61,15.101063928303999
8,62,13.347811457096043
8,63,9.904408380813697
8,64,9.835966285703764
8,65,10.701615256797334
8,66,12.925660137406002
8,67,13.200155552025583
8,68,16.767323527881153
8,69,19.204703803476054
8,70,22.689436819719603
8,71,25.499426346636717
8,72,23.68641151158854
8,73,26.030283871948825
8,74,26.575454086792355
8,75,25.544544296720485
8,76,22.203287114849424
8,77,21.498663920358755
8,78,19.139169659395357
8,79,15.758115325728179
8,80,12.684875951002022
8,81,9.109723086993402
8,82,7.248629693720733
8,83,6.82016036731232
8,84,7.135545934838719
8,85,10.690772761944284
8,86,11.85906698245253
8,87,15.558838831041653
8,88,16.19170780686659
8,89,16.216070491175106
8,90,16.392859306613182
8,91,15.347589369792958
8,92,12.508798808720309
8,93,10.48091619038096
8,94,7.199840584547994
8,95,6.440806605597143
8,96,4.593274931908486
8,97,7.495034061515919
8,98,10.344259016705191
8,99,11.859400732376667
8,100,15.561714993801473
8,101,17.672175951879805
8,102,21.291881955590178
8,103,23.848612947295194
8,104,27.14004131157873
8,105,30.55977805398589
8,106,32.51464163434192
9,1,24.286758130954688
9,2,21.12973738171961
9,3,17.53047174189851
9,4,14.23832820523402
9,5,11.549097116993424
9,6,7.916378130231926
9,7,6.335929831126129
9,8,3.7835760355466452
9,10,3.7980542658577647
9,11,6.148193783167622
9,12,8.996857341608493
9,13,9.585840319948462
9,14,13.032589619232605
9,15,14.054148019733155
9,16,17.86445811695252
9,17,19.766115520355502
9,18,23.50995963772667
9,19,24.944747767830695
9,20,25.38739656930499
9,21,22.59500115777994
9,22,19.710987847922013
9,23,16.45607351743133
9,24,13.589366488106391
9,25,9.903377719466569
9,26,7.653282529909926
9,27,5.392192412876941
9,28,4.766898020382511
9,29,6.695311224083401
9,30,9.41902919612081
9,31,12.271733843376028
9,32,15.395170389342564
9,33,17.51385113684223
9,34,18.04454083272155
9,35,18.596762834784375
9,36,15.613061812610743
9,37,15.132925840127282
9,38,11.977294260123925
9,39,12.655683587208195
9,40,11.965365002619484
9,41,13.521752878483285
9,42,15.069574109074244
9,43,16.821066235840757
9,44,17.761935628803506
9,45,18.60038176587658
9,46,17.322362513814284
9,47,17.47118926267456
9,48,16.83245323800475
9,49,15.673973851716246
9,50,15.683686075296977
9,51,18.297354211819165
9,52,23.641976262975156
9,53,21.843380170285318
9,54,18.269081650324736
9,55,17.539748567655664
9,56,14.672620285336254
9,57,15.348906681721294
9,58,14.025210191506092
9,59,14.41519461534467
9,60,16.821999824754446
9,61,14.741455540311385
9,62,13.926351098693214
9,63,10.178355044605741
9,64,9.040158871398628
9,65,10.064359141126937
9,66,11.515070528768643
9,67,12.002102456455127
9,68,15.161956898406489
9,69,17.68208530419975
9,70,21.06836003879383
9,71,23.632247917329703
9,72,21.707551289861176
9,73,24.18915754520515
9,74,24.60694973638079
9,75,24.03756128157282
9,76,20.71606865953221
9,77,19.68864328426854
9,78,17.703897196551967
9,79,14.615294876203968
9,80,11.776496744361221
9,81,8.875967278266126
9,82,8.049535385549111
9,83,9.246020960674775
9,84,10.357273124005559
9,85,14.085076920154961
9,86,15.429403880061788
9,87,19.18129319253777
9,88,19.78461447518121
9,89,19.786344040815013
9,90,20.12779775248931
9,91,19.120294721456652
9,92,16.254749062121522
9,93,14.008288545539774
9,94,10.657953027323956
9,95,8.947033230010089
9,96,5.67725001805089
9,97,6.893009525697211
9,98,9.261494474493329
9,99,9.707014845877563
9,100,13.350398724806308
9,101,15.3341000910947
9,102,18.733812566492166
9,103,21.33719805667075
9,104,24.403554160938278
9,105,27.930576335597898
9,106,29.72792160506978
10,1,28.064546099987815
10,2,24.86173877591051
10,3,21.265618081640582
10,4,17.97147424769331
10,5,15.1731277566532
10,6,11.48621586018138
10,7,9.271260141503125
10,8,6.415712287162638
10,9,3.7980542658577647
10,11,3.7983750876640348
10,12,6.55627564539814
10,13,7.163984844730385
10,14,10.108627991852417
10,15,10.757203547916056
10,16,14.546541993845894
10,17,16.332016724837214
10,18,20.029164074171742
10,19,21.29997047721863
10,20,21.851226620962137
10,21,19.237113846149832
10,22,16.485620395025634
10,23,13.060315387300726
10,24,10.582767078406864
10,25,6.789462902430795
10,26,5.852063808314286
10,27,4.583292900511113
10,28,6.585559011883284
10,29,9.190745169795804
10,30,12.511805574672962
10,31,14.944326343934629
10,32,18.358579340494515
10,33,19.982310064507093
10,34,19.92255242057274
10,35,20.1643471888168
10,36,16.810696361576877
10,37,15.46413339389104
10,38,11.847113029994489
10,39,11.535739217256364
10,40,9.773899958550388
10,41,11.017687825606101
10,42,12.05259603711288
10,43,14.011469858922252
10,44,15.607652788264598
10,45,16.164323482776044
10,46,15.114689415806767
10,47,14.809660362535546
10,48,14.620861102122396
10,49,14.265541672233978
10,50,14.916949728664019
10,51,17.72802502762113
10,52,20.787978474798344
10,53,18.735583394905913
10,54,15.283940472522627
10,55,15.066113951122
10,56,12.774304900461207
10,57,14.073754718075236
10,58,13.708300726613874
10,59,14.491656912937044
10,60,17.533138955671696
10,61,16.15550853272966
10,62,15.567161335313665
10,63,12.045902825110213
10,64,9.815617758435955
10,65,9.529121886696577
10,66,9.774735137911536
10,67,9.351708439623525
10,68,12.169345704245492
10,69,14.30647120732415
10,70,17.79380924998448
10,71,20.14721621841715
10,72,18.035584554604696
10,73,20.42049393727102
10,74,20.814741177661812
10,75,20.285684003049024
10,76,16.955047241678038
10,77,15.956774868145839
10,78,14.159491696142709
10,79,11.334229286430988
10,80,8.45007191992272
10,81,6.246166251994711
10,82,6.436696257025207
10,83,9.05961633170192
10,84,11.243829055867085
10,85,14.958395990999115
10,86,17.035065509662378
10,87,20.805764748163472
10,88,21.991325391275293
10,89,22.360051399226684
10,90,22.46493021308339
10,91,20.903580313818996
10,92,17.92218565817164
10,93,15.053832406431173
10,94,12.041578761988806
10,95,9.314541229916935
10,96,5.893578436372864
10,97,6.294784657644846
10,98,7.008384974925414
10,99,6.523650682029314
10,100,9.938313359769978
10,101,11.633764870907617
10,102,15.122593655008577
10,103,17.646019938897442
10,104,20.823852551178664
10,105,24.295734727053972
10,106,26.197936866591974
11,1,29.6203798386024
11,2,26.553172714630232
11,3,23.096952970065235
11,4,19.566698471328877
11,5,17.277135391366382
11,6,13.645078551598054
11,7,12.197380660932986
11,8,9.64037586258344
11,9,6.148193783167622
11,10,3.7983750876640348
11,12,2.990934615488495
11,13,5.105268328468251
11,14,7.666839453317524
11,15,8.133355497800252
11,16,11.90163192853764
11,17,13.894642600292693
11,18,17.685794537480394
11,19,19.510533798890563
11,20,20.25376022333911
11,21,17.332318921864033
11,22,14.937940976171642
11,23,11.459553199736893
11,24,9.17846912372007
11,25,5.771031386823624
11,26,5.436106406932943
11,27,6.578898034332858
11,28,8.455233480178508
11,29,11.795231148285964
11,30,14.758656949447632
11,31,17.60215674081977
11,32,20.97506271239093
11,33,22.78032182846685
11,34,22.680483216238805
11,35,23.317485562212127
11,36,20.08119760755572
11,37,18.702356741680628
11,38,15.032943025563142
11,39,14.736173364886398
11,40,12.505351472634715
11,41,13.669473470307164
11,42,14.012616525663969
11,43,15.873937747101403
11,44,18.28922596193111
11,45,18.69673288350614
11,46,17.823216583731746
11,47,16.913199723271212
11,48,16.7949126729337
11,49,16.88334117244764
11,50,17.374215734440313
11,51,20.137997570286277
11,52,21.773552147287393
11,53,19.171617256181868
11,54,16.13932199749354
11,55,15.919406023413147
11,56,14.08991162451777
11,57,14.961370029109986
11,58,14.830605539207676
11,59,14.852284503134365
11,60,17.944431570145277
11,61,16.58370331623606
11,62,16.863286960725734
11,63,13.398475991304299
11,64,10.6420217577565
11,65,10.630450078241854
11,66,9.960056798862363
11,67,9.987811109544163
11,68,11.87929783679926
11,69,14.03748630444407
11,70,17.161294695574668
11,71,19.137111888328455
11,72,16.99912478993362
11,73,19.557324903913425
11,74,19.82152568454926
11,75,19.965725881559248
11,76,16.771419759251998
11,77,15.41884251604433
11,78,14.309778021080342
11,79,12.17197928023129
11,80,9.993038035462389
11,81,9.059850475611162
11,82,9.88665656341945
11,83,12.804592170876921
11,84,14.903844647888903
11,85,18.642913901144727
11,86,20.574857401370284
11,87,24.36734922404838
11,88,25.3762482798831
11,89,25.654451164516
11,90,25.970971102736346
11,91,24.57054814125082
11,92,21.632849096735537
11,93,18.839184719811968
11,94,15.741993471394713
11,95,13.004075762547311
11,96,9.41356899384471
11,97,8.70839430426132
11,98,8.73566168840973
11,99,6.654218341559013
11,100,9.294853903133303
11,101,10.501627224582743
11,102,13.443712900498378
11,103,15.914604575596174
11,104,18.693429642928002
11,105,22.272767632338955
11,106,23.88994842299929
12,1,31.84752221159943
12,2,28.796351013948144
12,3,25.45287943147169
12,4,21.820830734479813
12,5,19.722783342477534
12,6,16.12848713100459
12,7,14.842044167673594
12,8,12.534915875490665
12,9,8.996857341608493
12,10,6.55627564539814
12,11,2.990934615488495
12,13,3.8211873721376852
12,14,5.290486770382053
12,15,5.783415663341689
12,16,9.389431337154909
12,17,11.746490483844804
12,18,15.544442530823618
12,19,17.74441231830734
12,20,18.84847665744285
12,21,15.91716515303945
12,22,14.06548455503054
12,23,10.536182573662266
12,24,9.036872376916115
12,25,6.454871099042395
12,26,7.3316977526785445
12,27,9.318519585889574
12,28,11.32519418382211
12,29,14.755106495548592
12,30,17.628376927285313
12,31,20.548902319224652
12,32,23.899948433663255
12,33,25.73546818273625
12,34,25.5788397733671
12,35,26.237730538612464
12,36,22.966547658315523
12,37,21.418003582523834
12,38,17.687413495896642
12,39,17.07659574613057
12,40,14.429847234227308
12,41,15.197250569180333
12,42,14.861259299576178
12,43,16.455096776438836
12,44,19.519248613254206
12,45,19.92056315155105
12,46,19.392660624230864
12,47,18.19062773799527
12,48,18.411950359416103
12,49,18.98223569927966
12,50,19.668652642185474
12,51,22.426733656569798
12,52,22.454081538290584
12,53,19.509972059394414
12,54,16.87807963346776
12,55,16.99855214903716
12,56,15.730743413473673
12,57,16.642243831798602
12,58,16.91386711872235
12,59,16.71345582355025
12,60,19.871920537866796
12,61,18.675390559854563
12,62,19.345300167820795
12,63,15.996860533014349
12,64,13.028038728824072
12,65,12.855338935141312
12,66,11.477360518290336
12,67,11.281424881446888
12,68,12.29149115625821
12,69,13.999374390806569
12,70,16.842036770909733
12,71,18.290822090160248
12,72,15.95235923921442
12,73,18.379771646401515
12,74,18.342941463395093
12,75,18.919487842659706
12,76,16.00798349880292
12,77,14.263319782891907
12,78,13.638068948349208
12,79,12.114275524174818
12,80,10.722145985486762
12,81,10.772358440941758
12,82,12.254142436870016
12,83,15.40555663005171
12,84,17.74301401418505
12,85,21.444934559324967
12,86,23.50441045917008
12,87,27.29040199316007
12,88,28.3553225837918
12,89,28.622933071313717
12,90,28.87116271408034
12,91,27.44365412173474
12,92,24.421923656444356
12,93,21.519666027392063
12,94,18.414674874038848
12,95,15.45655251089439
12,96,11.848795615630863
12,97,10.41772964978104
12,98,9.701303760760894
12,99,6.7233751894941225
12,100,8.297485520462347
12,101,9.143154901975802
12,102,11.47723620831805
12,103,13.99909728170508
12,104,16.41709812814328
12,105,20.07603377481432
12,106,21.625889469784546
13,1,31.96124222972075
13,2,28.6764937654228
13,3,25.41824166306633
13,4,21.78571024822064
13,5,19.48036267009719
13,6,15.882186425667197
13,7,14.33378805499372
13,8,12.739288148208002
13,9,9.585840319948462
13,10,7.163984844730385
13,11,5.105268328468251
13,12,3.8211873721376852
13,14,3.8138543387666637
13,15,6.557712153590901
13,16,9.884606028530051
13,17,12.95570315625455
13,18,16.6330222238606
13,19,18.665695943129005
13,20,20.33398070572121
13,21,17.8939186549597
13,22,16.39419318712901
13,23,12.645673828366368
13,24,11.826116115937937
13,25,9.041610639497799
13,26,10.226406008774148
13,27,11.189405299636913
13,28,13.11921432688188
13,29,16.02213114099654
13,30,18.924170942974303
13,31,21.76530278520538
13,32,24.977410699377288
13,33,26.938321722548206
13,34,27.050610917880455
13,35,27.293865137017196
13,36,23.897554685243318
13,37,22.356206803842294
13,38,18.651950308767816
13,39,17.563157125652815
13,40,14.834488081812275
13,41,14.69811199568525
13,42,13.768670188040751
13,43,14.532726562406257
13,44,17.91679596175407
13,45,18.96013011330773
13,46,19.10464131132867
13,47,18.456520683708806
13,48,19.327679401227737
13,49,20.05546303856334
13,50,21.255509899553857
13,51,24.111813750175397
13,52,23.736998831590967
13,53,20.972366668398895
13,54,18.26736367680522
13,55,18.996647885491953
13,56,17.8314006194786
13,57,19.305813718521826
13,58,19.633539191754842
13,59,19.856732226836396
13,60,23.025270317138048
13,61,21.656199689025566
13,62,21.88619407083676
13,63,18.337837162499355
13,64,15.724370826430194
13,65,15.463127160659079
13,66,14.342576649857389
13,67,13.429510988740436
13,68,14.593137783894491
13,69,15.645217188756138
13,70,18.767904806338517
13,71,19.884221188475237
13,72,17.00825505232494
13,73,18.77169821263497
13,74,18.051105313143278
13,75,18.180786885090985
13,76,15.672036583242585
13,77,13.273461001190423
13,78,11.947846795442736
13,79,10.060741609236604
13,80,9.539968877055925
13,81,9.886842345621693
13,82,12.282930094916868
13,83,15.212675459636246
13,84,17.98286114782757
13,85,21.55204851790158
13,86,23.858237196388757
13,87,27.569265963248938
13,88,28.757878977475343
13,89,28.896742561386258
13,90,28.652636339071716
13,91,27.22225323125877
13,92,23.89230722226349
13,93,20.867697696957812
13,94,17.65470932615373
13,95,14.420447854107346
13,96,10.879382665189123
13,97,8.379824838719765
13,98,7.221572439175708
13,99,4.46376104577718
13,100,6.193097649341576
13,101,8.474589736146186
13,102,10.826009797592222
13,103,14.079486921441063
13,104,16.47478675361326
13,105,20.241286497854546
13,106,22.335459634892896
14,1,35.71081784474775
14,2,32.45820328487596
14,3,29.208280235776815
14,4,25.56106117897807
14,5,23.28305160408092
14,6,19.67008588173134
14,7,18.000353312502266
14,8,16.158050054309122
14,9,13.032589619232605
14,10,10.108627991852417
14,11,7.666839453317524
14,12,5.290486770382053
14,13,3.8138543387666637
14,15,3.806825835476209
14,16,6.355313764904052
14,17,9.777327880599463
14,18,13.273645652046307
14,19,15.481207051805946
14,20,17.552770146194185
14,21,15.35604237749841
14,22,14.552071615585591
14,23,10.955959245985607
14,24,11.267381734773332
14,25,9.565192453752218
14,26,11.836766692375683
14,27,13.571966552223149
14,28,16.029235788498397
14,29,19.159432055399964
14,30,22.230010360292088
14,31,24.964617276610365
14,32,28.319142580403614
14,33,30.06423801831283
14,34,29.859615074082665
14,35,30.05779182601416
14,36,26.55977891482471
14,37,24.632441194957252
14,38,20.847719926830262
14,39,19.36167383311928
14,40,16.151971166386893
14,41,15.723639374521978
14,42,14.094027259701033
14,43,14.766377467645748
14,44,18.792170542632316
14,45,19.495618324749568
14,46,19.916659063365262
14,47,18.765300180612037
14,48,19.97708360782357
14,49,21.33642420895759
14,50,22.78998123095147
14,51,25.609135617923553
14,52,23.064402082411632
14,53,19.9861686879254
14,54,17.847955221833555
14,55,19.015900692271753
14,56,18.588456974593313
14,57,20.216397539594492
14,58,21.153203252991503
14,59,21.384887931536287
14,60,24.758126910360144
14,61,23.821334410960464
14,62,24.327206374545405
14,63,20.990269967750844
14,64,17.969381121758726
14,65,17.206106218248657
14,66,15.292220700455758
14,67,13.987235092362297
14,68,14.152619236177086
14,69,14.502076343871874
14,70,17.218344305988527
14,71,17.669708431090818
14,72,14.589949480640856
14,73,16.07434987529707
14,74,15.042934066684632
14,75,15.68957187229422
14,76,13.564114291877202
14,77,10.849775444000567
14,78,10.427775603899773
14,79,9.790426411110687
14,80,10.178619206918896
14,81,11.76648421010917
14,82,14.491614450504057
14,83,17.79160214652716
14,84,20.79002228991457
14,85,24.268100857541075
14,86,26.817464433320946
14,87,30.51150203212421
14,88,31.939264874249996
14,89,32.260474169150086
14,90,31.995434286593376
14,91,30.322238223910286
14,92,27.017395429645806
14,93,23.78559673571271
14,94,20.816200804529142
14,95,17.366662693625322
14,96,14.068290235577273
14,97,11.603479177782921
14,98,9.461200773328693
14,99,5.950104634832245
14,100,5.068067258127814
14,101,6.136439715523417
14,102,7.482546367155742
14,103,10.742377431428961
14,104,12.807143207357354
14,105,16.600117664212114
14,106,18.72094161485415
15,1,37.53649298279949
15,2,34.40846914866118
15,3,31.027855917924153
15,4,27.428963866318927
15,5,25.11524783475359
15,6,21.441776015804237
15,7,19.634440710896445
15,8,17.162202703924024
15,9,14.054148019733155
15,10,10.757203547916056
15,11,8.133355497800252
15,12,5.783415663341689
15,13,6.557712153590901
15,14,3.806825835476209
15,16,3.811571927506817
15,17,6.407587825609142
15,18,10.134583188118452
15,19,12.335841762194752
15,20,14.040078104381504
15,21,11.618007386787692
15,22,10.817100286352524
15,23,7.351901345779831
15,24,8.206866453621492
15,25,7.6320812424647455
15,26,10.625202841471388
15,27,13.11069124958571
15,28,16.026583234624404
15,29,19.4106097647077
15,30,22.64613387149553
15,31,25.187972921732346
15,32,28.732530960868072
15,33,30.13338047244967
15,34,29.483139599513088
15,35,29.803616698645115
15,36,26.310452344424135
15,37,24.078789533811676
15,38,20.282019617107395
15,39,18.79161951909879
15,40,15.3819088871345
15,41,15.40928196675396
15,42,13.948100000969882
15,43,15.356110811673885
15,44,19.27123308123732
15,45,19.224152654582298
15,46,19.23914258415154
15,47,17.40645307669152
15,48,18.363936675723675
15,49,20.02514260891738
15,50,21.36981864490949
15,51,24.068402321856283
15,52,20.41272895928009
15,53,17.07672216520322
15,54,15.317135037492422
15,55,16.407109235607464
15,56,16.456341207241472
15,57,17.965566470276173
15,58,19.373802061371777
15,59,19.59241781132978
15,60,23.11250462176282
15,61,22.70449193314699
15,62,23.444522745264614
15,63,20.460042792253986
15,64,17.04829578870217
15,65,15.786859157298197
15,66,13.20889706051422
15,67,11.850528651616191
15,68,11.206750306288017
15,69,11.431763532399309
15,70,13.774363533001798
15,71,14.170526840154944
15,72,11.360807652242395
15,73,13.352040996856013
15,74,12.97855540570138
15,75,14.153209707081889
15,76,11.702836299462204
15,77,9.733339191270264
15,78,10.394935461136487
15,79,10.5542506919748
15,80,10.41499709739312
15,81,12.33670228859284
15,82,14.604582912167045
15,83,18.224265126121097
15,84,21.10576890871774
15,85,24.541051966516047
15,86,27.13474713005309
15,87,30.82682116830622
15,88,32.40988944318157
15,89,33.00094507840993
15,90,33.00404771822331
15,91,31.094146421763934
15,92,28.033031978000587
15,93,24.720303862419854
15,94,22.04726297745036
15,95,18.627514808542738
15,96,15.492594467904208
15,97,13.778179367847951
15,98,11.472656558444552
15,99,7.687103187791872
15,100,6.305498253782836
15,101,4.9426074733877865
15,102,6.063497229409683
15,103,8.313781562300015
15,104,10.646256521737726
15,105,14.310743761759166
15,106,16.05554628864761
16,1,41.1971156296513
16,2,38.08555556198214
16,3,34.74796120228005
16,4,31.11733960588727
16,5,28.866543274749848
16,6,25.203884396378704
16,7,23.40297918821088
16,8,20.954835530531223
16,9,17.86445811695252
16,10,14.546541993845894
16,11,11.90163192853764
16,12,9.389431337154909
16,13,9.884606028530051
16,14,6.355313764904052
16,15,3.811571927506817
16,17,3.8078875696037873
16,18,7.006786561935897
16,19,9.689070878206326
16,20,12.042959676414212
16,21,10.086544382610793
16,22,10.585196365599835
16,23,7.994249341482929
16,24,10.192717700685005
16,25,10.762151860386602
16,26,13.986508718973093
16,27,16.704260868335258
16,28,19.7055594584023
16,29,23.131896399783454
16,30,26.376800234088147
16,31,28.880317278972104
16,32,32.45714836146208
16,33,33.763169561880254
16,34,32.952943793732864
16,35,33.246871884030746
16,36,29.73061647800442
16,37,27.300076009191795
16,38,23.53751042465031
16,39,21.81635935728394
16,40,18.227980597791124
16,41,17.973602779249113
16,42,16.018719654747482
16,43,17.15219210589973
16,44,21.40896304990012
16,45,21.163733619450284
16,46,21.46562378898192
16,47,19.329661381400037
16,48,20.561016841604488
16,49,22.667268607606733
16,50,24.165618467917508
16,51,26.75784827715165
16,52,21.199265643729106
16,53,17.661392508890625
16,54,16.676927325634182
16,55,18.129674576177617
16,56,18.853207609353735
16,57,20.380274116051865
16,58,22.188070201690074
16,59,22.344910939186054
16,60,25.87652892185697
16,61,25.754047209371695
16,62,26.71535168172615
16,63,23.909163898862417
16,64,20.371572166900343
16,65,18.91315179012178
16,66,15.945146021599932
16,67,14.441480061999451
16,68,12.899238684091827
16,69,12.287124499693286
16,70,13.798770418461405
16,71,13.170867218101309
16,72,10.29421544407926
16,73,11.755584747219604
16,74,10.961805320216156
16,75,12.993787830311366
16,76,11.324312459854855
16,77,9.24197244089643
16,78,11.075272360670336
16,79,12.402450372967621
16,80,13.047427659845996
16,81,15.55212236481339
16,82,17.98042143221634
16,83,21.657026186382065
16,84,24.63835077978679
16,85,27.969675871586603
16,86,30.68531612517931
16,87,34.3348734795039
16,88,36.04402054504941
16,89,36.71413400625742
16,90,36.67505950867093
16,91,34.65050087139324
16,92,31.589065870163804
16,93,28.18183552620518
16,94,25.63231549045191
16,95,22.119332082463462
16,96,19.119834162176765
16,97,17.24587412847781
