1,2,3.775970140895856
1,3,6.147490620780812
1,4,9.84888317328871
1,5,12.934610437984837
1,6,15.884258837640793
1,7,17.431933853621807
1,8,21.210638979367317
1,9,23.09675093588019
1,10,25.389232962510516
1,11,25.298237653073564
1,12,29.085551027671162
1,13,31.09815617853919
1,14,34.83085998203753
1,15,37.25691273881352
1,16,41.005778781532484
1,17,42.40262816652026
1,18,43.05569147370269
1,19,40.1541389213183
1,20,37.24964506343887
1,21,33.935265880259955
1,22,30.627115273919035
1,23,27.12815503056407
1,24,23.97837048549353
1,25,21.2671473051162
1,26,17.892216956183383
1,27,15.79836771840091
1,28,13.26175747155865
1,29,14.464582831153018
1,30,13.215181669693838
1,31,16.820959095324334
1,32,20.26202405984251
1,33,21.61633021147898
1,34,21.068769588019514
1,35,23.373507161986026
1,36,22.908784686841635
1,37,25.15567580751959
1,38,26.790817772740034
1,39,28.207115819256423
1,40,30.67772605608867
1,41,31.075274601914053
1,42,34.38005108460819
1,43,36.36446743272003
1,44,35.40170839142451
1,45,31.77032488642769
1,46,31.061562413957635
1,47,29.82146628386722
1,48,32.018748973998726
1,49,31.091352043085458
1,50,32.2805253477118
1,51,31.072962611197795
1,52,28.449520578676633
1,53,27.27274552691903
1,54,28.808782876967935
1,55,31.883166140909815
1,56,38.895195128216606
1,57,38.30807205901097
1,58,34.52109283281414
1,59,32.769590233701834
1,60,29.291067035882143
1,61,28.869830365654156
1,62,25.977930474730737
1,63,25.46049859893041
1,64,25.35234059600076
1,65,21.785984095522604
1,66,20.202655180469588
1,67,18.144995152568434
1,68,20.813853800803976
1,69,23.741943938038993
1,70,26.84175367241761
1,71,28.46741069943501
1,72,31.94228721934942
1,73,34.78336756939715
1,74,37.972860382922235
1,75,40.75679580365799
1,76,39.17579370127386
1,77,41.72028751506178
1,78,41.83189793657643
1,79,41.079014175848755
1,80,37.76024864396221
1,81,36.48278100383536
1,82,33.90515095802149
1,83,30.290024729972508
1,84,27.952050512511327
1,85,24.46218241625719
1,86,22.87767625235575
1,87,20.99509262145972
1,88,19.192790972160473
1,89,20.60266765382534
1,90,18.753260626821653
1,91,20.338337302493894
1,92,17.996793934489467
1,93,15.545793227134785
1,94,16.155373326963144
1,95,18.698675524300405
1,96,17.326345876764822
1,97,19.130890030334633
1,98,17.001668875200945
1,99,19.27700444027987
1,100,19.100726364645034
1,101,20.48286774921182
1,102,24.195186703626923
1,103,26.242655383147248
1,104,29.968030358325162
1,105,32.442656475554806
1,106,35.659782268703744
1,107,38.70263758349208
1,108,41.49019266517214
1,109,45.2030979629242
1,110,46.98786259655876
2,1,3.775970140895856
2,3,3.749207229557028
2,4,6.902507812257328
2,5,10.468493270011459
2,6,13.179318352699683
2,7,14.189397213883606
2,8,17.96618724995758
2,9,19.577793941318703
2,10,21.8062039850682
2,11,21.86815019184874
2,12,25.620809482690625
2,13,27.576419088520765
2,14,31.287690636449483
2,15,33.71215387452468
2,16,37.47645292004344
2,17,38.997389096400006
2,18,39.672882866725494
2,19,36.693827811313255
2,20,33.8712275178818
2,21,30.541913615294906
2,22,27.262339292900183
2,23,23.781851097477563
2,24,20.633142162101958
2,25,18.175950745187237
2,26,14.811917972165858
2,27,13.26365167050106
2,28,11.096669031639664
2,29,13.17720739802904
2,30,12.8930240729941
2,31,16.65230525141229
2,32,19.6961479093678
2,33,21.20671269021319
2,34,20.156988511450642
2,35,21.979172171477536
2,36,20.978949401635386
2,37,23.10073003916628
2,38,24.356629813497598
2,39,25.847825353162474
2,40,28.180424246775512
2,41,28.736091719659495
2,42,32.1956507937414
2,43,34.13831437908715
2,44,33.511903955953606
2,45,29.79943047624111
2,46,29.264592292166576
2,47,27.924996353765202
2,48,30.009451804110867
2,49,29.063673395925772
2,50,29.92809892072087
2,51,28.799204827095988
2,52,26.382969679177787
2,53,25.251611672796813
2,54,27.02526299709665
2,55,29.95307350911556
2,56,36.34491012541763
2,57,35.513482904113005
2,58,31.77280240127244
2,59,30.063100200144028
2,60,26.643337255470364
2,61,26.198103572399916
2,62,23.456035698861147
2,63,22.72878940514168
2,64,22.866387569664177
2,65,19.271989253192384
2,66,18.012897001227138
2,67,15.536872712259598
2,68,17.851866139589458
2,69,20.8686649040447
2,70,23.771068602115644
2,71,25.472497497812842
2,72,28.81879782714326
2,73,31.682160817564327
2,74,34.84301292986796
2,75,37.51862523253204
2,76,35.940333352877566
2,77,38.545880677159744
2,78,38.65885665896571
2,79,38.11149323619206
2,80,34.75372133247569
2,81,33.401866722509475
2,82,30.993321838077375
2,83,27.479058623739228
2,84,25.128677438256695
2,85,21.76683193751898
2,86,20.343010734721467
2,87,18.940210857589744
2,88,17.51135822996631
2,89,19.538251604376175
2,90,18.195753304659863
2,91,20.41949957710297
2,92,18.549035391936755
2,93,16.488170931716297
2,94,17.179627345318117
2,95,19.078351371739718
2,96,17.149667209328907
2,97,18.256284759563012
2,98,15.559924066274547
2,99,17.28556882240632
2,100,16.503637097157977
2,101,17.765322979079993
2,102,21.388138502747044
2,103,23.11527047482318
2,104,26.792711060255836
2,105,29.177563030695907
2,106,32.32533709283935
2,107,35.34058550941491
2,108,38.05022593535597
2,109,41.77657988917446
2,110,43.48168135522997
3,1,6.147490620780812
3,2,3.749207229557028
3,4,3.741566351976299
3,5,6.886736033014226
3,6,9.849708980290615
3,7,11.396763508386542
3,8,15.13881555303985
3,9,17.259160440055798
3,10,19.648393660899302
3,11,19.513068065765818
3,12,23.309449769670756
3,13,25.238741380930325
3,14,29.005733558066066
3,15,31.39187105649709
3,16,35.111496842856894
3,17,36.386241023921734
3,18,37.09480067864709
3,19,34.300919206117726
3,20,31.424152962702525
3,21,28.03248138350277
3,22,24.823166691238537
3,23,21.22837983813193
3,24,18.27224773841131
3,25,15.460002036121594
3,26,12.375961307192581
3,27,10.54879659235488
3,28,9.05595453836188
3,29,11.063888702151228
3,30,11.432541957824109
3,31,14.939818471810577
3,32,17.75226838054911
3,33,18.797482272799225
3,34,17.305164743357775
3,35,18.877832427838463
3,36,17.753932660875194
3,37,19.650331849543473
3,38,20.93447407165105
3,39,22.28615639016439
3,40,24.66658250145927
3,41,25.19160680487175
3,42,28.604896342433033
3,43,30.64941269085461
3,44,29.962954783049888
3,45,26.29362745168181
3,46,25.610323050225013
3,47,24.218996613166524
3,48,26.32450814530506
3,49,25.443483950449917
3,50,26.461973954141982
3,51,25.466371539652243
3,52,23.136354512247483
3,53,22.303018074926708
3,54,24.19873911099409
3,55,26.945322867277575
3,56,33.23542914322282
3,57,32.45744033759776
3,58,28.674274061453357
3,59,27.14807895594554
3,60,23.82249583226638
3,61,23.767145442739974
3,62,21.273058485779586
3,63,21.04092241107495
3,64,21.688834648323887
3,65,18.372775580841022
3,66,16.66139628899472
3,67,13.85516380359569
3,68,15.893588178202176
3,69,18.483764180631734
3,70,21.334612087680927
3,71,22.661017371045133
3,72,26.108244543766514
3,73,28.807806967595848
3,74,32.09246775346911
3,75,34.80282159160733
3,76,33.112922644577914
3,77,35.598707405587476
3,78,35.705190810254464
3,79,34.94172848161071
3,80,31.61294882280189
3,81,30.37021641125304
3,82,27.835380327670336
3,83,24.242756687665022
3,84,21.830371579566844
3,85,18.36270066007479
3,86,16.89447708942757
3,87,15.328753419091312
3,88,14.038521676768886
3,89,16.122371696864526
3,90,15.148921999859569
3,91,17.613662699147444
3,92,16.26040718115263
3,93,14.517714999521738
3,94,14.824037997640021
3,95,16.201357396284166
3,96,13.873936545106881
3,97,14.65367107097522
3,98,11.834726278106734
3,99,13.573762627753924
3,100,13.036008479147698
3,101,14.559429015584234
3,102,18.212932075116328
3,103,20.208423358181403
3,104,23.963410872957102
3,105,26.37290195301074
3,106,29.662902775268144
3,107,32.666999702371086
3,108,35.54458460856546
3,109,39.22698560684854
3,110,41.05804527582298
4,1,9.84888317328871
4,2,6.902507812257328
4,3,3.741566351976299
4,5,3.8071699294384103
4,6,6.543402539727265
4,7,7.726047124715123
4,8,11.428482057817893
4,9,13.61917141678626
4,10,16.034355974271445
4,11,15.890711884223242
4,12,19.6756129898424
4,13,21.5511480016772
4,14,25.32723785626782
4,15,27.706606870588107
4,16,31.41420865857234
4,17,32.667487670620766
4,18,33.4383930467859
4,19,30.686812505238233
4,20,27.87367028490615
4,21,24.41735203410692
4,22,21.305203313032724
4,23,17.645779664497322
4,24,14.87149971406489
4,25,12.123373034352225
4,26,9.399417141519079
4,27,8.232211717904443
4,28,8.066934857394138
4,29,10.706588260497496
4,30,12.270278442727161
4,31,15.422404175284438
4,32,17.596803734976657
4,33,18.459986426174822
4,34,16.31665793920742
4,35,17.172772319127
4,36,15.414929688698766
4,37,16.93798248971078
4,38,17.776861685862965
4,39,19.072072440041108
4,40,21.299098215284808
4,41,21.941894620019152
4,42,25.466755322862976
4,43,27.501978609885903
4,44,27.10788881305722
4,45,23.40790367723599
4,46,22.839524271409147
4,47,21.355029700939227
4,48,23.363032437123596
4,49,22.54038464501622
4,50,23.323939012159705
4,51,22.530339666624087
4,52,20.516866945440345
4,53,19.962293530685265
4,54,22.147922775184632
4,55,24.583473160637666
4,56,30.12401682719308
4,57,29.126837093941333
4,58,25.373844871053475
4,59,24.036867420227775
4,60,20.87076263746269
4,61,21.067639355220116
4,62,18.95050471810673
4,63,18.83202860623881
4,64,20.03918978661025
4,65,16.987345559903932
4,66,15.405626569030693
4,67,12.085332452517028
4,68,13.377662612392111
4,69,15.67272099778309
4,70,18.20286760989825
4,71,19.318401252917006
4,72,22.675949719150406
4,73,25.270218852928103
4,74,28.611408250871346
4,75,31.2193732308221
4,76,29.443979798051313
4,77,31.903279206777572
4,78,31.98562613793844
4,79,31.289897712700576
4,80,27.949889105882402
4,81,26.678123554456416
4,82,24.223691029049395
4,83,20.686135191664413
4,84,18.245304109910204
4,85,14.865815284609338
4,86,13.613260344682622
4,87,12.56025167177599
4,88,11.929817319065211
4,89,14.64181348249555
4,90,14.495308510755253
4,91,17.519173680224014
4,92,16.910445069814976
4,93,15.734155280176916
4,94,15.876016336153555
4,95,16.38580151098592
4,96,13.49688679998476
4,97,13.288925372214877
4,98,9.901782395161447
4,99,10.80276454981841
4,100,9.629709410050411
4,101,11.152327028186582
4,102,14.702596015263051
4,103,16.52922862785252
4,104,20.28388446289392
4,105,22.637709502330576
4,106,25.941022566542863
4,107,28.926849499759943
4,108,31.82328543207265
4,109,35.49649325954489
4,110,37.340094812472955
5,1,12.934610437984837
5,2,10.468493270011459
5,3,6.886736033014226
5,4,3.8071699294384103
5,6,3.802471027499048
5,7,6.1546069526080185
5,8,9.336586987446864
5,9,12.313346173248641
5,10,14.83127171825484
5,11,14.375947969067782
5,12,18.06985257943106
5,13,19.85152777183449
5,14,23.61957498515402
5,15,25.90595914831971
5,16,29.50138463376265
5,17,30.409527829378295
5,18,31.222299724236677
5,19,28.75075553783489
5,20,25.904801253809385
5,21,22.413881943413685
5,22,19.480648658019952
5,23,15.753770415093214
5,24,13.444557439956439
5,25,10.28237410274127
5,26,8.483435322560913
5,27,7.190226232837147
5,28,8.500253177956829
5,29,10.516761891868194
5,30,12.704139522101052
5,31,15.14837314300471
5,32,16.819794109841727
5,33,17.012578290354746
5,34,14.318741413238167
5,35,14.644529206780105
5,36,12.650373607884363
5,37,13.662635393572367
5,38,14.466381732800038
5,39,15.495488901967303
5,40,17.782223060411535
5,41,18.38293633729887
5,42,21.84655200205888
5,43,24.033070295709297
5,44,23.569290413639607
5,45,19.941965639974875
5,46,19.153339596664196
5,47,17.575872887477335
5,48,19.61511018934773
5,49,18.908741190059192
5,50,19.916240361463274
5,51,19.36241992585555
5,52,17.545690366591675
5,53,17.501721286605544
5,54,19.834045627478144
5,55,21.931875176568695
5,56,27.221531753459633
5,57,26.295823929467947
5,58,22.511351755327407
5,59,21.478665995472205
5,60,18.526670292715817
5,61,19.314703957533737
5,62,17.65774591316923
5,63,18.225574759989687
5,64,20.016482133006235
5,65,17.491636536354907
5,66,15.502352303020764
5,67,12.103586017859891
5,68,12.787864678195385
5,69,14.22190289489355
5,70,16.51541675123895
5,71,16.989766370345166
5,72,20.422536671874578
5,73,22.72600722324887
5,74,26.212429801815965
5,75,28.838557164099598
5,76,26.91743784402698
5,77,29.18807491310836
5,78,29.25682389144762
5,79,28.260109445530357
5,80,24.976407880269004
5,81,23.868334751448593
5,82,21.241664706269383
5,83,17.60652244057034
5,84,15.077362160107189
5,85,11.534932314288932
5,86,10.255434251232636
5,87,9.003558362259383
5,88,8.90615501946023
5,89,11.7407779635696
5,90,12.38433670019458
5,91,15.612362769660194
5,92,15.806877012494498
5,93,15.168015274213342
5,94,14.816617604936576
5,95,14.493093626977755
5,96,11.159356690301712
5,97,10.138588695407872
5,98,6.475417507395335
5,99,6.995796206436034
5,100,6.197811126768342
5,101,8.324174991162435
5,102,11.809613904110256
5,103,14.058726760879033
5,104,17.857848833862956
5,105,20.21056516442253
5,106,23.677503312446674
5,107,26.613977270310016
5,108,29.711550549877533
5,109,33.29357022154813
5,110,35.29094217773697
6,1,15.884258837640793
6,2,13.179318352699683
6,3,9.849708980290615
6,4,6.543402539727265
6,5,3.802471027499048
6,7,3.7966850533962333
6,8,6.537407287358119
6,9,9.840846728520788
6,10,12.616099289367462
6,11,12.810034269441132
6,12,16.244164959387493
6,13,17.413077285551584
6,14,21.194725202469165
6,15,23.106335373731856
6,16,26.645444704010497
6,17,27.391986095516412
6,18,27.936953620660375
6,19,25.454641944349238
6,20,22.4473653946885
6,21,19.08433068410145
6,22,16.018863386208295
6,23,12.395517280128853
6,24,10.033992619259774
6,25,6.615333942914482
6,26,5.377044629694188
6,27,4.764189014481457
6,28,7.623142013537758
6,29,9.716072736401332
6,30,12.79614320572538
6,31,14.678628325809331
6,32,15.522617406227658
6,33,15.781616291492526
6,34,12.703984365182029
6,35,12.271189557158749
6,36,9.667916907187442
6,37,10.682819206270285
6,38,11.262159990384541
6,39,12.860965370833428
6,40,15.391419930974203
6,41,16.67619097524977
6,42,20.243828029492473
6,43,22.73732696906404
6,44,22.719991695112725
6,45,19.25463193020283
6,46,18.208999418695882
6,47,16.058470565319247
6,48,17.481596326161252
6,49,16.318143000228403
6,50,16.837596518162492
6,51,16.04382045281133
6,52,14.28613547201557
6,53,14.185736818335242
6,54,16.687619441384154
6,55,18.632043184359862
6,56,23.64890063298449
6,57,22.715112054939976
6,58,18.930296530216516
6,59,17.746500796160614
6,60,14.76768428114362
6,61,15.596078483392683
6,62,14.1813546338722
6,63,14.95865222856631
6,64,17.1595281111565
6,65,15.094158914442776
6,66,13.15137320655475
6,67,9.676604279000822
6,68,9.63107830385035
6,69,10.575363409263229
6,70,12.777403016571368
6,71,13.25123695115979
6,72,16.754507442881373
6,73,19.20530960428575
6,74,22.60497764873138
6,75,25.370556619505
6,76,23.66935079301188
6,77,26.13800464179707
6,78,26.54103214957034
6,79,25.651175035035184
6,80,22.184568348222985
6,81,21.440380511182546
6,82,19.15654356978538
6,83,15.710717762126631
6,84,12.673284247493957
6,85,9.094385854760818
6,86,7.197124418468479
6,87,6.640510208181294
6,88,6.938493052378618
6,89,10.487674993686332
6,90,11.74785589072932
6,91,15.398353249360264
6,92,16.104594626072725
6,93,16.06971100152077
6,94,16.144329754105026
6,95,15.116905791132295
6,96,11.921782776103997
6,97,10.127481970866317
6,98,6.655003169818151
6,99,6.203840936512753
6,100,4.765555384353539
6,101,7.888260593393107
6,102,10.573103910801194
6,103,12.220367424377539
6,104,15.929872163306444
6,105,17.739034034194468
6,106,21.35960325635571
6,107,23.983642506725037
6,108,27.23466365670205
6,109,30.724807437971663
6,110,32.51281446834592
7,1,17.431933853621807
7,2,14.189397213883606
7,3,11.396763508386542
7,4,7.726047124715123
7,5,6.1546069526080185
7,6,3.7966850533962333
7,8,3.8178189283504596
7,9,6.3456100968710505
7,10,9.091115583795174
7,11,9.633285680312408
7,12,13.106888860581671
7,13,14.31747380999408
7,14,18.133854567112436
7,15,20.21164756493387
7,16,23.874871500908807
7,17,25.019250249387596
7,18,25.71306712483457
7,19,22.99169449723843
7,20,20.207811684438806
7,21,16.706005318166678
7,22,13.699998170894855
7,23,9.97030637813089
7,24,7.618738143364419
7,25,5.317994784243551
7,26,4.743709208610431
7,27,6.658084930322114
7,28,9.526724771387007
7,29,12.398334448108704
7,30,15.61058961311308
7,31,17.69229871271063
7,32,18.3247122518071
7,33,18.9545275320263
7,34,15.866681251398404
7,35,14.987358317215872
7,36,11.859711326951867
7,37,12.431541741386317
7,38,11.922519497583789
7,39,13.433371434290251
7,40,15.327260241577772
7,41,16.718344839044722
7,42,20.452842121007183
7,43,22.611392415472704
7,44,23.141003212396633
7,45,19.614493106765007
7,46,19.154084681321912
7,47,17.17948102862429
7,48,18.460631557117885
7,49,17.479300579077524
7,50,17.317008510130005
7,51,16.80857113592584
7,52,15.635724736979784
7,53,15.584193649789865
7,54,18.28233172995121
7,55,19.903723552596453
7,56,23.535075420890944
7,57,22.05265076516221
7,58,18.44180629549905
7,59,17.404756282306227
7,60,14.678937402590938
7,61,15.337572121506133
7,62,14.291133571004904
7,63,14.404330096105983
7,64,16.837811405246313
7,65,14.804789761390436
7,66,13.785610785826021
7,67,10.033596274732506
7,68,8.939758112456275
7,69,10.04255167884808
7,70,11.485428238884786
7,71,12.17518902639816
7,72,15.244868743326096
7,73,17.733933619750044
7,74,21.085571990038122
7,75,23.550755869568555
7,76,21.78228606891226
7,77,24.36697496891318
7,78,24.65311863528375
7,79,24.241882741095914
7,80,20.745526306427752
7,81,19.66023909984943
7,82,17.714112362436083
7,83,14.540502795994502
7,84,11.722901409227683
7,85,8.806740542133479
7,86,7.97598194656227
7,87,9.071314737066599
7,88,10.199935227656441
7,89,13.913966555580545
7,90,15.376801465854774
7,91,19.090037370679703
7,92,19.763891717579995
7,93,19.676057869709982
7,94,19.879226025463407
7,95,18.91155157159506
7,96,15.676579279437986
7,97,13.656105661085366
7,98,10.119902162112117
7,99,8.604320886541865
7,100,5.525146172830779
7,101,7.247344241707883
7,102,9.428378999946183
7,103,10.06572802551011
7,104,13.67010980654428
7,105,15.415954654493138
7,106,18.838626125011135
7,107,21.540669446248096
7,108,24.565598877857077
7,109,28.16320769367647
7,110,29.847392291501308
8,1,21.210638979367317
8,2,17.96618724995758
8,3,15.13881555303985
8,4,11.428482057817893
8,5,9.336586987446864
8,6,6.537407287358119
8,7,3.8178189283504596
8,9,3.807392548885786
8,10,6.4040296543003485
8,11,7.057514491422335
8,12,10.051602259234654
8,13,10.885540793867893
8,14,14.67362885166557
8,15,16.651987930410854
8,16,20.252496256426166
8,17,21.27445191876245
8,18,22.077745461048092
8,19,19.498208896301968
8,20,16.845796887336913
8,21,13.224502762050278
8,22,10.561738590709762
8,23,6.745819633219844
8,24,5.657805523383964
8,25,4.571439618168901
8,26,6.613948191234351
8,27,9.227724850614592
8,28,12.62987033393421
8,29,15.149891604353954
8,30,18.62872163144817
8,31,20.229575133179747
8,32,20.2827381630401
8,33,20.60242118858417
8,34,17.207892192173183
8,35,15.501446397584242
8,36,11.902242118683114
8,37,11.488716292815532
8,38,9.865684757707688
8,39,11.078232547752425
8,40,12.438059167096165
8,41,14.11120880527873
8,42,17.847414445947063
8,43,19.9377104902209
8,44,20.970286281627498
8,45,17.641526645290647
8,46,17.369131242764414
8,47,15.337072667079392
8,48,16.25572128593826
8,49,15.441403101943843
8,50,14.770727335949758
8,51,14.751916238267823
8,52,14.38759550543918
8,53,14.936710300463615
8,54,17.826866624661015
8,55,18.74628528717077
8,56,20.820873514505678
8,57,18.9626177878747
8,58,15.50633900242136
8,59,14.977140294396925
8,60,12.859768376540972
8,61,14.100260121670106
8,62,14.020928874474368
8,63,14.439277510596684
8,64,17.486911433158305
8,65,16.179823461347418
8,66,15.436778168080203
8,67,11.943377500250074
8,68,9.699650640901949
8,69,9.515087427375413
8,70,9.688594036743176
8,71,9.534044303111159
8,72,12.188042911664471
8,73,14.312617320031913
8,74,17.77147586147943
8,75,20.019801222164595
8,76,18.067390030279217
8,77,20.581331974227144
8,78,20.84576826501836
8,79,20.527259052797213
8,80,17.014449316231605
8,81,15.94329069603368
8,82,14.23744018473361
8,83,11.346874330248117
8,84,8.481799058440904
8,85,6.321537658532069
8,86,6.517676255614097
8,87,9.088469528010977
8,88,11.284266215704385
8,89,14.9475597820408
8,90,17.129297862145112
8,91,20.862172862290095
8,92,22.096848949460814
8,93,22.387647030826862
8,94,22.410670524754853
8,95,20.903327868065414
8,96,17.601485675007638
8,97,14.920308492446367
8,98,11.72239181460216
8,99,9.15057611329872
8,100,5.773342745199979
8,101,6.7130355520393685
8,102,7.258295844239751
8,103,6.899074169233067
8,104,10.25776461217587
8,105,11.676216962784297
8,106,15.173411260178424
8,107,17.776141693381533
8,108,20.889882898902272
8,109,24.44047189810245
8,110,26.16096430577192
9,1,23.09675093588019
9,2,19.577793941318703
9,3,17.259160440055798
9,4,13.61917141678626
9,5,12.313346173248641
9,6,9.840846728520788
9,7,6.3456100968710505
9,8,3.807392548885786
9,10,2.942810275644306
9,11,5.245524262023858
9,12,7.747334869194876
9,13,8.297584111769565
9,14,12.076634670276338
9,15,14.171523772657311
9,16,17.916359261853785
9,17,19.49866413888142
9,18,20.39035583979628
9,19,17.469509181950677
9,20,15.156754224214966
9,21,11.524970104499536
9,22,9.068084781335141
9,23,5.65394312573831
9,24,5.125650655732328
9,25,6.525802470969171
9,26,8.450483526352341
9,27,11.831059537965961
9,28,14.886009567895861
9,29,17.805476745331127
9,30,21.27940203846324
9,31,23.055835638088347
9,32,23.023629888380842
9,33,23.71598016649888
9,34,20.453424434608944
9,35,18.673038305182214
9,36,15.014004850733267
9,37,14.621450938125546
9,38,12.519519614208424
9,39,13.682715642480145
9,40,14.371640976606727
9,41,16.095294143276597
9,42,19.734608858426324
9,43,21.424990681218713
9,44,22.964800558433645
9,45,19.74939513131332
9,46,19.96361197221981
9,47,18.138547554001697
9,48,18.81286196093663
9,49,18.08120514965186
9,50,16.784672350579903
9,51,16.872214719259933
9,52,16.900385185771583
9,53,17.258189485859777
9,54,20.102298643859296
9,55,20.83416482948073
9,56,21.658320770607897
9,57,19.312931179922696
9,58,16.266210016294277
9,59,15.800231693614661
9,60,14.056998808770189
9,61,14.851587295454484
9,62,15.048923950015528
9,63,14.70561419424145
9,64,17.71385568464517
9,65,16.52524540339774
9,66,16.655722087415025
9,67,13.280306255805826
9,68,10.514301936481019
9,69,10.54140387293539
9,70,9.81830371984894
9,71,10.103497150547119
9,72,11.821504946665762
9,73,13.936548131996306
9,74,17.067362241274388
9,75,18.888067263046
9,76,17.020517375370304
9,77,19.699845728852967
9,78,19.908722901484378
9,79,20.28061743162426
9,80,16.83523981973255
9,81,15.456488929176802
9,82,14.436652848935829
9,83,12.251596514243747
9,84,10.024359001596457
9,85,9.135803194501925
9,86,9.922871782419692
9,87,12.807422466278648
9,88,14.908600815786723
9,89,18.608442925093083
9,90,20.668031399793364
9,91,24.441117095626996
9,92,25.51202337053541
9,93,25.713204746004024
9,94,25.942580463202535
9,95,24.585768885793097
9,96,21.323421880272647
9,97,18.720867254950285
9,98,15.467167587620366
9,99,12.882906044880754
9,100,9.34274550396159
9,101,9.249721407204737
9,102,9.084624841921942
9,103,7.158225152213261
9,104,9.640690309772065
9,105,10.594283440026217
9,106,13.590839160521591
9,107,16.122191836311195
9,108,18.854247193684085
9,109,22.489365371487427
9,110,23.961590548543793
10,1,25.389232962510516
10,2,21.8062039850682
10,3,19.648393660899302
10,4,16.034355974271445
10,5,14.83127171825484
10,6,12.616099289367462
10,7,9.091115583795174
10,8,6.4040296543003485
10,9,2.942810275644306
10,11,3.806355120062788
10,12,5.266726403267038
10,13,5.890065112460588
10,14,9.554145239290209
10,15,12.002474950431628
10,16,15.778483214551466
10,17,17.728471999141806
10,18,18.960030925126013
10,19,16.033348412719132
10,20,14.262826299497483
10,21,10.628112039373972
10,22,8.99965493500093
10,23,6.381424935002748
10,24,7.165417575548815
10,25,9.280171276062703
10,26,11.345321960771617
10,27,14.770591251407593
10,28,17.767303555365004
10,29,20.740607856831833
10,30,24.1980005357124
10,31,25.996307588176077
10,32,25.914521931790848
10,33,26.571807877287867
10,34,23.25963718029022
10,35,21.309166629199254
10,36,17.58433377980384
10,37,16.8291993357751
10,38,14.280869628203682
10,39,14.984043858944966
10,40,14.967089102603921
10,41,16.47327042968562
10,42,19.944511931277937
10,43,21.203944784257054
10,44,23.10382390473764
10,45,20.031133086131348
10,46,20.707953423065835
10,47,19.204167228208853
10,48,19.837540409603204
10,49,19.44669368964562
10,50,17.898824687116484
10,51,18.40478467524549
10,52,18.92110609987996
10,53,19.519168464660638
10,54,22.36582277129758
10,55,22.756748507136816
10,56,22.343464493847907
10,57,19.602841230264595
10,58,16.946050480969625
10,59,16.92149780294678
10,60,15.727328709457126
10,61,16.627597910417254
10,62,17.241312973585107
10,63,16.745080349561807
10,64,19.788878016254152
10,65,18.79412453279228
10,66,19.255813455138536
10,67,15.99125399542155
10,68,13.051908825423135
10,69,12.86880726704549
10,70,11.468281542733623
10,71,11.408523627978944
10,72,12.259741885351863
10,73,13.837832549843997
10,74,16.78466042089924
10,75,18.04114360865387
10,76,15.966897590470468
10,77,18.463169169163795
10,78,18.370338383901746
10,79,19.14764722240792
10,80,15.937722626033167
10,81,14.151250440730644
10,82,13.528902453773068
10,83,11.930502801884138
10,84,10.4861737536469
10,85,10.58677086141097
10,86,12.096222915596755
10,87,15.233166556475853
10,88,17.616434605387255
10,89,21.255111127942683
10,90,23.47421081116472
10,91,27.227918339837085
10,92,28.3876019079773
10,93,28.586247109173726
10,94,28.69994278539403
10,95,27.29728030006106
10,96,23.94865874825673
10,97,21.207632716877892
10,98,17.97151259724654
10,99,15.107651532090104
10,100,11.515368241930648
10,101,10.616656634239531
10,102,9.70612684961802
10,103,6.861043441798082
10,104,8.325953443326728
10,105,9.088092456152607
10,106,11.52945105026604
10,107,14.151854666089088
10,108,16.540794508165465
10,109,20.24181008512047
10,110,21.736398183983617
11,1,25.298237653073564
11,2,21.86815019184874
11,3,19.513068065765818
11,4,15.890711884223242
11,5,14.375947969067782
11,6,12.810034269441132
11,7,9.633285680312408
11,8,7.057514491422335
11,9,5.245524262023858
11,10,3.806355120062788
11,12,3.814644459223985
11,13,6.646193603597176
11,14,10.00921480964228
11,15,13.166485050798569
11,16,16.75876501709922
11,17,18.56602707273104
11,18,20.393911190309918
11,19,17.944291404143772
11,20,16.536973963429006
11,21,12.785899703309473
11,22,11.780892851502806
11,23,8.989352256994744
11,24,10.054036017484876
11,25,11.148143260819689
11,26,13.114232647827565
11,27,16.01280581943238
11,28,19.05976319127159
11,29,21.925178919088548
11,30,25.233155924921007
11,31,27.12576964682398
11,32,27.32830292402227
11,33,27.5975410959553
11,34,24.13080101775776
11,35,22.234454999393552
11,36,18.549348353570345
11,37,17.325249072275543
11,38,14.69274583018218
11,39,14.492157297550088
11,40,13.935831416218923
11,41,14.589941888746107
11,42,18.00778103233101
11,43,18.81652002082384
11,44,20.54471232994423
11,45,17.341311052024366
11,46,18.528914359926574
11,47,17.642668529050148
11,48,18.871121158892144
11,49,19.1827315988214
11,50,18.182425683817176
11,51,19.30354609055462
11,52,20.021989634253586
11,53,21.13651877050631
11,54,24.069866284520877
11,55,24.32301937250656
11,56,23.794801134027953
11,57,21.03511280005112
11,58,18.339966525289253
11,59,18.872230433480134
11,60,17.853702506488364
11,61,19.30565780617838
11,62,19.94520487406053
11,63,19.85906815904475
11,64,22.946020779541556
11,65,21.735595488154296
11,66,21.75996983345696
11,67,18.264656918934577
11,68,15.68889009831379
11,69,15.455625319543008
11,70,14.303371545589137
11,71,13.551062419822788
11,72,14.532399558110363
11,73,15.45863578687311
11,74,18.70835709360203
11,75,19.68204207447739
11,76,17.013738248571023
11,77,18.869972712049922
11,78,18.082721357043095
11,79,18.46149215599315
11,80,15.607006067201455
11,81,13.163536953757376
11,82,11.794239071590646
11,83,9.871224071860645
11,84,9.326123202906896
11,85,9.697543862327935
11,86,12.127032938609211
11,87,15.074607159956422
11,88,17.876000051518538
11,89,21.34030107225021
11,90,23.773478580053467
11,91,27.400060360349503
11,92,28.701357487682674
11,93,28.798873953796065
11,94,28.414729539879428
11,95,26.99794272064821
11,96,23.413265250715973
11,97,20.542360194784212
11,98,17.27435032050559
11,99,14.081345595222773
11,100,10.512640982363923
11,101,8.46260741286862
11,102,7.180245547902535
11,103,4.504532278498895
11,104,6.201806825399595
11,105,8.457141054716498
11,106,10.783264136621975
11,107,14.104785032309335
11,108,16.401451269184943
11,109,20.182338872194254
11,110,22.265963339784253
12,1,29.085551027671162
12,2,25.620809482690625
12,3,23.309449769670756
12,4,19.6756129898424
12,5,18.06985257943106
12,6,16.244164959387493
12,7,13.106888860581671
12,8,10.051602259234654
12,9,7.747334869194876
12,10,5.266726403267038
12,11,3.814644459223985
12,13,3.817381571967289
12,14,6.453155984045614
12,15,9.931823306634902
12,16,13.357809006938762
12,17,15.390457552951991
12,18,17.57686790477359
12,19,15.327349230814006
12,20,14.604530119581757
12,21,11.10869285688407
12,22,11.239348816190676
12,23,9.556850202281995
12,24,11.724052464718264
12,25,13.59759865834667
12,26,16.071096351144522
12,27,19.17942906022514
12,28,22.37005430661734
12,29,25.14800603223771
12,30,28.58762504985061
12,31,30.273335216193264
12,32,30.164487004714264
12,33,30.365179502750426
12,34,26.828372550520793
12,35,24.567511875529384
12,36,20.800232115972776
12,37,19.186453748228935
12,38,16.05502018156225
12,39,15.560458126014979
12,40,14.248433685386246
12,41,14.943189491075962
12,42,17.94508478373102
12,43,18.340219043387936
12,44,20.67594284336883
12,45,17.937414389304678
12,46,19.43850431326135
12,47,18.710020239251037
12,48,19.508760465083498
12,49,20.018942049092548
12,50,18.536619739739645
12,51,20.03570185408168
12,52,21.36438700138927
12,53,22.722429081901094
12,54,25.613537238586755
12,55,25.37076449301728
12,56,23.236569266503444
12,57,20.07837425752768
12,58,17.960137627619783
12,59,18.99356110597459
12,60,18.684996933177594
12,61,20.287689149463137
12,62,21.522223852141977
12,63,21.442823045131192
12,64,24.70189347418027
12,65,23.944399711376825
12,66,24.247470497011648
12,67,20.980345772529212
12,68,17.998914558054132
12,69,17.261175224905863
12,70,15.321795140792027
12,71,14.151103730129579
12,72,14.124943538480922
12,73,14.320046797630694
12,74,17.216231382782762
12,75,17.502745922954745
12,76,14.653265277601111
12,77,16.215163931170434
12,78,15.1492898286853
12,79,16.065031129421193
12,80,13.549037029631615
12,81,10.795903398656321
12,82,10.31344832453742
12,83,9.658988294764217
12,84,10.007558841433433
12,85,11.63428219820578
12,86,14.380403054996222
12,87,17.69314328111045
12,88,20.719531920285593
12,89,24.08000405507248
12,90,26.757322291374454
12,91,30.371084783964356
12,92,31.904189570470038
12,93,32.18426742562371
12,94,31.793008491933744
12,95,30.14010433200843
12,96,26.592708941864778
12,97,23.498708191588005
12,98,20.467168041874505
12,99,17.063695812300505
12,100,13.724830429353863
12,101,11.652933699689434
12,102,9.406102613878941
12,103,5.871099473129342
12,104,4.9162532738299785
12,105,6.146027870813181
12,106,7.475462187072444
12,107,10.78665578643895
12,108,12.735219653393468
12,109,16.53417199546705
12,110,18.64495302548414
13,1,31.09815617853919
13,2,27.576419088520765
13,3,25.238741380930325
13,4,21.5511480016772
13,5,19.85152777183449
13,6,17.413077285551584
13,7,14.31747380999408
13,8,10.885540793867893
13,9,8.297584111769565
13,10,5.890065112460588
13,11,6.646193603597176
13,12,3.817381571967289
13,14,3.8167222000527525
13,15,6.531981461794868
13,16,10.193308507217166
13,17,12.22860890311388
13,18,14.048139485651907
13,19,11.577452407541653
13,20,10.874103318940392
13,21,7.5412900565423335
13,22,8.3019554239148
13,23,7.810078514939857
13,24,10.740252442617855
13,25,13.357806552251725
13,26,16.286706754063548
13,27,19.626325643395315
13,28,22.94496343795469
13,29,25.561036059554354
13,30,29.17968367887673
13,31,30.543813297722853
13,32,29.985712118876418
13,33,30.274863889563346
13,34,26.784971692685147
13,35,24.212582480495374
13,36,20.425521487508206
13,37,18.79639106231743
13,38,15.444467274084607
13,39,15.383696883804602
13,40,14.127774903100587
13,41,15.610169152767043
13,42,18.42609941754263
13,43,19.1580207186639
13,44,21.86120164147511
13,45,19.49071482238581
13,46,20.562998099500113
13,47,19.33975054165382
13,48,19.385770928582794
13,49,19.441885891060696
13,50,17.297168023430043
13,51,18.60147490368029
13,52,20.211265646826817
13,53,21.46689342054242
13,54,24.2347770596387
13,55,23.69247192759942
13,56,20.613007977061894
13,57,17.264623406245207
13,58,15.537566707348526
13,59,16.582223542849476
13,60,16.72326621312708
13,61,18.21834960418812
13,62,19.9291906266602
13,63,19.844891644206662
13,64,23.23225115746573
13,65,23.0297770682203
13,66,23.579564563957387
13,67,20.691324247901147
13,68,17.30657935094592
13,69,16.052190310801123
13,70,13.440375369043643
13,71,12.173934875689653
13,72,11.316095330880318
13,73,11.336882770119068
13,74,13.841531183982228
13,75,13.98564262305533
13,76,11.442177698251701
13,77,13.45896496446311
13,78,13.031623119274833
13,79,14.46185871863422
13,80,11.706285695240037
13,81,9.680084175510256
13,82,10.378225336511155
13,83,10.521979719027089
13,84,10.362216009808298
13,85,12.372722813428497
13,86,14.668731318447424
13,87,18.277109765949174
13,88,21.202227030630972
13,89,24.529689581796376
13,90,27.27394404410459
13,91,30.92062262859162
13,92,32.59221080121592
13,93,33.12906312191669
13,94,33.02415588247074
13,95,31.143359717683886
13,96,27.80131417719715
13,97,24.61055252799012
13,98,21.821018609330736
13,99,18.478026720482553
13,100,15.322630422333038
13,101,14.011950377731198
13,102,11.557739753006818
13,103,7.775520443951352
13,104,6.25377479336373
13,105,4.938839232667179
13,106,6.130307293300632
13,107,8.420248952669365
13,108,10.659796682858842
13,109,14.351793206068061
13,110,15.95983790542783
14,1,34.83085998203753
14,2,31.287690636449483
14,3,29.005733558066066
14,4,25.32723785626782
14,5,23.61957498515402
14,6,21.194725202469165
14,7,18.133854567112436
14,8,14.67362885166557
14,9,12.076634670276338
14,10,9.554145239290209
14,11,10.00921480964228
14,12,6.453155984045614
14,13,3.8167222000527525
14,15,3.812585917926078
14,16,7.001344207950422
14,17,9.576106207028447
14,18,11.964760310714459
14,19,9.926850114118352
14,20,10.51809927145521
14,21,8.194893222750608
14,22,10.340102631519377
14,23,10.964487602146603
14,24,14.152164423211254
14,25,16.967181123397328
14,26,19.988885637926806
14,27,23.35589178541555
14,28,26.688089730680822
14,29,29.258892216028485
14,30,32.909097829551094
14,31,34.1710745847889
14,32,33.449868701244995
14,33,33.679359856111375
14,34,30.17604230161677
14,35,27.41552660682705
14,36,23.662685113789955
14,37,21.79417391690371
14,38,18.245869888607917
14,39,17.88671152830384
14,40,16.070974249007648
14,41,17.373933387965913
14,42,19.644386841720245
14,43,19.892613194798372
14,44,23.009285527278646
14,45,21.11309367909521
14,46,22.472213478352366
14,47,21.50952412643099
14,48,21.281731863551986
14,49,21.57382057931559
14,50,19.169296226219
14,51,20.77770259421386
14,52,22.82868806953388
14,53,24.253440653834026
14,54,26.91044120804635
14,55,25.972505276047322
14,56,21.43798245515431
14,57,17.804228562893922
14,58,16.85756555050489
14,59,18.355149902133395
14,60,19.13862803594997
14,61,20.678482731477654
14,62,22.774161840473784
14,63,22.669284039410034
14,64,26.053442036290754
14,65,26.152868684078953
14,66,26.904424922373387
14,67,24.196145064377607
14,68,20.68925751362869
14,69,19.21680381729871
14,70,16.230420102214545
14,71,14.751806239201368
14,72,13.028576656226363
14,73,12.173460795592908
14,74,13.914524352432567
14,75,13.01153797924588
14,76,10.413071474053341
14,77,11.828317521231144
14,78,11.025043668439473
14,79,13.281007789097833
14,80,11.280707178027843
14,81,9.164303494681757
14,82,10.994695786587656
14,83,12.32879357990828
14,84,12.952900433068029
14,85,15.54736937020813
14,86,18.007735087270994
14,87,21.67351565071329
14,88,24.70597877448798
14,89,27.91098747630813
14,90,30.786955110417246
14,91,34.38497831038146
14,92,36.19450227548827
14,93,36.81971532500136
14,94,36.66515792679371
14,95,34.66072631582574
14,96,31.33152924054646
14,97,28.028580106075097
14,98,25.38062371599072
14,99,21.933057990200183
14,100,18.916159476578766
14,101,17.409551535435355
14,102,14.622852904952081
14,103,10.870641869180764
14,104,8.261375860783529
14,105,6.022867619303848
14,106,4.6579253616848195
14,107,5.910899808102169
14,108,7.205793484450188
14,109,10.87510252628524
14,110,12.42256492966975
15,1,37.25691273881352
15,2,33.71215387452468
15,3,31.39187105649709
15,4,27.706606870588107
15,5,25.90595914831971
15,6,23.106335373731856
15,7,20.21164756493387
15,8,16.651987930410854
15,9,14.171523772657311
15,10,12.002474950431628
15,11,13.166485050798569
15,12,9.931823306634902
15,13,6.531981461794868
15,14,3.812585917926078
15,16,3.784414006971861
15,17,6.447245929272435
15,18,8.36003750901471
15,19,6.247773033443153
15,20,7.606335827957217
15,21,6.555821375880223
15,22,9.689746472155365
15,23,11.589272559277026
15,24,15.003465943017533
15,25,18.095600228074623
15,26,21.331935999750957
15,27,24.716110964655975
15,28,28.08700695936155
15,29,30.437663264947624
15,30,34.17404461666251
15,31,35.11749649690591
15,32,34.00467101997777
15,33,34.257847697274286
15,34,30.84817710597694
15,35,27.855774996629425
15,36,24.21510502368061
15,37,22.341450090253975
15,38,18.762404662125697
15,39,18.7069630974404
15,40,16.984076954508296
15,41,18.810754295875523
15,42,20.775431636529582
15,43,21.282913468890484
15,44,24.604016102235196
15,45,23.08080614592225
15,46,24.060664521487237
15,47,22.751115697327023
15,48,21.88182842052419
15,49,21.808645372194142
15,50,18.907849564358166
15,51,20.327225923237794
15,52,22.63263240811902
15,53,23.97567410533134
15,54,26.41183163791178
15,55,25.134062699233738
15,56,19.498138596437702
15,57,15.75557942286369
15,58,15.513198551661924
15,59,17.07729556697851
15,60,18.427583456429183
15,61,19.84793529370357
15,62,22.38198416893338
15,63,22.347276887546446
15,64,25.74490651719606
15,65,26.389377402979154
15,66,27.29302730032437
15,67,25.001221344949094
15,68,21.303770814978762
15,69,19.403791161411494
15,70,15.986381540290534
15,71,14.436128289891355
15,72,11.853121099768384
15,73,10.532515155808204
15,74,11.328062589723904
15,75,9.843763746414576
15,76,7.8535691666461656
15,77,9.594845088470386
15,78,9.721886048528761
15,79,12.56406392294427
15,80,10.67471554976203
15,81,9.752253295786224
15,82,12.481511456021222
15,83,14.297535868659697
15,84,14.564186290582642
15,85,17.27092542967629
15,86,19.31260404587869
15,87,23.040825171211615
15,88,25.9336314326027
15,89,29.000400307244
15,90,31.907943960668383
15,91,35.45812126833026
15,92,37.39779185540901
15,93,38.24997897198238
15,94,38.30082751932366
15,95,36.101197342453176
15,96,32.980604625233916
15,97,29.63034888931797
15,98,27.245931420022195
15,99,23.897624058976255
15,100,21.116263991691994
15,101,20.111310957026273
15,102,17.25651806841484
15,103,13.569120799465189
15,104,11.024549422749972
15,105,7.824772766652667
15,106,6.395529195103046
15,107,5.130489593083458
15,108,6.336739142828183
15,109,9.26560386393678
15,110,9.901264214851219
16,1,41.005778781532484
16,2,37.47645292004344
16,3,35.111496842856894
16,4,31.41420865857234
16,5,29.50138463376265
16,6,26.645444704010497
16,7,23.874871500908807
16,8,20.252496256426166
16,9,17.916359261853785
16,10,15.778483214551466
16,11,16.75876501709922
16,12,13.357809006938762
16,13,10.193308507217166
16,14,7.001344207950422
16,15,3.784414006971861
16,17,3.7928160394121595
16,18,6.24036705774194
16,19,5.638299405827883
16,20,8.583588918033206
16,21,9.029945298322662
16,22,12.61954255260143
16,23,14.968679481243125
16,24,18.468417921244228
16,25,21.532460098611963
16,26,24.875525275048336
16,27,28.19386632161594
16,28,31.61035274162347
16,29,33.818163998815734
16,30,37.58073044177304
16,31,38.33736818795227
16,32,37.020459777581934
16,33,37.15385394952924
16,34,33.75808312372013
