1,2,3.7791041883542738
1,3,6.700205043144761
1,4,8.808484251937054
1,5,12.000235191853195
1,6,14.471765003427368
1,7,17.309532072649084
1,8,16.325566175160557
1,9,17.001114583139433
1,10,20.26542150272353
1,11,22.029994256265063
1,12,22.498965067711545
1,13,24.202811435751325
1,14,25.175392312232493
1,15,25.12665162945097
1,16,27.91295061945539
1,17,29.56511326600506
1,18,28.366292546618336
1,19,31.786719668741167
1,20,30.65214846436569
1,21,30.45684271460944
1,22,26.86780652323628
1,23,25.316668162864424
1,24,23.26522225062754
1,25,21.744544028823995
1,26,19.73989208395417
1,27,18.005248877814484
1,28,17.356332054958557
1,29,14.786938277738225
1,30,15.773476714351968
1,31,13.076231586054806
1,32,10.529796501681394
1,33,9.024314068635046
1,34,6.85194755071031
1,35,5.211713476551285
1,36,6.056404481293791
1,37,9.807905107748857
1,38,11.94296574223984
1,39,15.08108685162081
1,40,18.231876196954925
1,41,21.985354780946057
1,42,24.825816482213632
1,43,28.43942089489705
1,44,31.236875280861632
1,45,32.49349826081222
1,46,29.314011361220377
1,47,26.785160874596887
1,48,24.724536709254558
1,49,24.001182658683593
1,50,21.469898771973607
1,51,23.83390869734668
1,52,21.561649223116177
1,53,21.5576905701894
1,54,18.752637068082098
1,55,19.83495743236862
1,56,16.71332353100549
1,57,14.303510860129583
1,58,10.64113401415971
1,59,11.20346927852343
1,60,8.740768790289167
1,61,9.809317606597654
1,62,9.98355395162222
1,63,12.181151415847305
1,64,15.152816390991687
1,65,14.929669451914382
1,66,13.546712704230012
1,67,14.787921355531877
1,68,17.318837446582947
1,69,17.539673571698785
1,70,20.339596950128815
1,71,21.589420322941237
1,72,24.862305392047144
1,73,26.459982145194854
1,74,29.46111793349928
1,75,32.79487958747187
1,76,33.52434204679137
1,77,32.15705560422875
1,78,28.36418979416391
1,79,25.94982596112063
1,80,22.60947666244174
1,81,19.78935568107199
1,82,16.71282914619268
1,83,15.52740941061198
1,84,19.028611771239436
1,85,20.288329304510835
1,86,22.917158133566517
1,87,25.5465347146675
1,88,28.353040114622548
1,89,28.735619320737573
1,90,32.04157833790112
1,91,32.087632010713136
1,92,35.59473503384776
1,93,37.05863180912945
1,94,36.70456598080419
2,1,3.7791041883542738
2,3,3.8175180230958268
2,4,6.521303045084173
2,5,9.063623200124317
2,6,11.613894054081527
2,7,14.48034275773232
2,8,14.099030292056682
2,9,15.298111783570254
2,10,18.877496349020785
2,11,21.064290849872652
2,12,22.121496266072043
2,13,23.993104174398912
2,14,24.555414943647868
2,15,24.62933483162183
2,16,27.749601045324656
2,17,29.70206309938169
2,18,28.976013227106975
2,19,32.54339015475381
2,20,31.59704202198034
2,21,31.017241568603243
2,22,27.31477984158265
2,23,25.409719660723233
2,24,23.56903841202194
2,25,21.731338247600416
2,26,19.79252007425701
2,27,17.552029809586664
2,28,16.848082404260452
2,29,13.833925437192597
2,30,14.422469469601811
2,31,11.35432503887318
2,32,9.325509657584066
2,33,9.183991285956395
2,34,8.028524693865842
2,35,5.294162680020046
2,36,6.064706999861774
2,37,9.00352027357366
2,38,10.316155459329858
2,39,13.913855043730754
2,40,16.903593103692096
2,41,20.60103810833694
2,42,23.11312720170987
2,43,26.834502478074597
2,44,29.32946623830162
2,45,30.441948395157205
2,46,27.301242173947728
2,47,24.485509000002427
2,48,22.502430608651633
2,49,22.303074124400432
2,50,20.103346711688367
2,51,22.86325139273763
2,52,20.954203642876713
2,53,21.581203593025634
2,54,19.169229473901996
2,55,20.87715794128931
2,56,18.002226859923265
2,57,15.829185728309701
2,58,12.03229486954861
2,59,12.220441720902562
2,60,9.926273860261231
2,61,10.618261873913124
2,62,11.73953966612323
2,63,13.68386345406676
2,64,16.916792129357063
2,65,16.451797355465917
2,66,14.867716574401069
2,67,15.2783770550971
2,68,18.085838136628894
2,69,17.98611675933713
2,70,20.91418270161564
2,71,21.80863834388573
2,72,24.92978668927308
2,73,26.01312000915245
2,74,28.856502645616423
2,75,32.0718447336491
2,76,32.40280004247225
2,77,30.7245884663631
2,78,26.922583865114543
2,79,24.279755218455353
2,80,21.19752495323762
2,81,18.005299135402673
2,82,15.134910917011931
2,83,13.217872261855916
2,84,16.432614023005975
2,85,18.197642703029302
2,86,20.98244472977539
2,87,23.97004063643926
2,88,26.813048338892024
2,89,27.611513886954082
2,90,30.94853349171216
2,91,31.367930208526
2,92,35.01447529339296
2,93,36.69473351078122
2,94,36.367904354215696
3,1,6.700205043144761
3,2,3.8175180230958268
3,4,3.7727618329396146
3,5,6.4004769097787175
3,6,8.152804506896503
3,7,11.408044645195439
3,8,11.454070862215415
3,9,12.335197535621324
3,10,15.971090947859258
3,11,18.11351922477358
3,12,19.614138217546866
3,13,21.321620500963622
3,14,21.480138959178813
3,15,21.486832798239366
3,16,24.773087711648827
3,17,26.876001870910525
3,18,26.51793108675914
3,19,30.15930247716684
3,20,29.383227487421752
3,21,28.511778337900363
3,22,24.75490017630823
3,23,22.59249291582055
3,24,20.96055596322055
3,25,18.997992572892674
3,26,17.32363404199574
3,27,14.965157863046782
3,28,14.703002645686807
3,29,11.826406955827034
3,30,12.85195292543835
3,31,10.26476180173153
3,32,9.562038837417209
3,33,9.781164262993578
3,34,9.043901559161702
3,35,5.406307644785633
3,36,4.79538746467626
3,37,6.187639915082415
3,38,6.834183317437149
3,39,10.550452927097014
3,40,13.508285031863307
3,41,17.11257531854886
3,42,19.5730932177505
3,43,23.330228125739602
3,44,25.711867317183827
3,45,26.95008155651999
3,46,23.951503267447297
3,47,21.028943967213905
3,48,19.335412020950027
3,49,19.250507204186203
3,50,17.00426248910254
3,51,19.800600817721225
3,52,17.966596678868605
3,53,19.079165438072117
3,54,16.915345960505608
3,55,19.05005441104687
3,56,16.434791420867647
3,57,14.743567083435092
3,58,11.090798723233465
3,59,10.707624873539206
3,60,8.984611301664918
3,61,9.794948392617439
3,62,12.079483536463561
3,63,14.35441891217436
3,64,17.254980120348286
3,65,16.064821108532335
3,66,13.93940894989806
3,67,13.416319763772298
3,68,16.141739899887092
3,69,15.628967668468126
3,70,18.560573044401885
3,71,19.198575645123174
3,72,22.209904383074765
3,73,22.963574892425335
3,74,25.77611919934236
3,75,28.84393239299081
3,76,28.95221244827882
3,77,27.11308360306231
3,78,23.3187093390784
3,79,20.569004941358227
3,80,17.57477862868613
3,81,14.273052999382259
3,82,11.534388412812978
3,83,9.446230480563846
3,84,12.701317062800223
3,85,14.570023893958126
3,86,17.254094193247223
3,87,20.312879992824936
3,88,23.119774764295173
3,89,24.06498940978814
3,90,27.411739734981115
3,91,28.03187234963364
3,92,31.736231855447066
3,93,33.580259695014824
3,94,33.37108160468517
4,1,8.808484251937054
4,2,6.521303045084173
4,3,3.7727618329396146
4,5,3.811874365042598
4,6,5.941280916161465
4,7,8.59813824260184
4,8,7.898467061169671
4,9,8.815780510510386
4,10,12.4735663077446
4,11,14.888228792028574
4,12,16.384579400800764
4,13,18.46242880797343
4,14,18.811529842808262
4,15,19.365017395809204
4,16,22.76033123951783
4,17,25.231892606983266
4,18,25.02980147491506
4,19,28.77468550310946
4,20,28.45978746933396
4,21,27.726725225871483
4,22,23.908987848415276
4,23,21.332779286386202
4,24,19.34845624105346
4,25,16.862796105290318
4,26,14.765328489382622
4,27,11.937317716423962
4,28,11.250457508209005
4,29,8.172395396906547
4,30,9.200272605627172
4,31,7.048424106854202
4,32,7.393960275751387
4,33,7.902376297014681
4,34,8.036606028508908
4,35,4.979048434915272
4,36,5.507763085333921
4,37,5.399341037338306
4,38,6.906644850818808
4,39,10.087797920709455
4,40,13.431067523145085
4,41,16.740757994878255
4,42,19.390812960275266
4,43,23.137101333638704
4,44,25.321741765433718
4,45,26.991872767617224
4,46,24.373762336824978
4,47,21.286324026603385
4,48,20.24229058260024
4,49,20.260892100692043
4,50,17.78064422427419
4,51,20.26242898582866
4,52,18.11946959371073
4,53,19.561759970229527
4,54,17.219113403122492
4,55,19.18789246519588
4,56,16.3899273418444
4,57,15.530306321735369
4,58,12.149731203522357
4,59,10.521082210454997
4,60,8.339726094610807
4,61,7.882165424139606
4,62,10.626667944939483
4,63,12.501918555539332
4,64,15.253978452653113
4,65,13.929295480742962
4,66,12.052834147262448
4,67,11.124587860835874
4,68,14.289758307895866
4,69,14.305654783687647
4,70,17.6486675477538
4,71,18.723701766490862
4,72,21.919809316307067
4,73,22.6445710726387
4,74,25.69391573749896
4,75,28.45562396562438
4,76,28.345292741283426
4,77,26.226897124015046
4,78,22.476931542454384
4,79,19.38851357890096
4,80,16.27443522269994
4,81,12.864802750815333
4,82,9.643848758616102
4,83,7.664491658001905
4,84,10.747233461353979
4,85,11.997843301610102
4,86,15.108476088590749
4,87,18.168650773538182
4,88,21.335573787681724
4,89,22.565422491637054
4,90,26.121509174234447
4,91,27.05636312101722
4,92,30.764071130241614
4,93,32.936122394137136
4,94,33.15215226061119
5,1,12.000235191853195
5,2,9.063623200124317
5,3,6.4004769097787175
5,4,3.811874365042598
5,6,3.806600206586511
5,7,5.496438798254196
5,8,5.738602519507253
5,9,8.01056725671907
5,10,11.784868021724321
5,11,14.842335982301181
5,12,16.898325778049013
5,13,19.276893951895325
5,14,19.29074725919947
5,15,20.23448228040996
5,16,23.855814406301953
5,17,26.668880339348885
5,18,26.93155318365902
5,19,30.718741265194677
5,20,30.710806458889284
5,21,29.745010278500917
5,22,25.937579634985227
5,23,23.03013713295753
5,24,21.19789478691455
5,25,18.365507064086724
5,26,16.275674894140238
5,27,12.957737926423128
5,28,11.906920759277517
5,29,8.542305724490896
5,30,8.39995336997768
5,31,6.171172131806895
5,32,7.792863004953022
5,33,9.799197468055647
5,34,10.87255553253497
5,35,8.455506937380274
5,36,9.279320769658089
5,37,8.467261033224519
5,38,8.821004350461752
5,39,11.728226426153258
5,40,14.584867935127548
5,41,17.45576974100288
5,42,19.615859367027703
5,43,23.336474220906382
5,44,25.00767264786097
5,45,26.60799352227607
5,46,24.237209101172283
5,47,20.82217236889939
5,48,20.148269067751592
5,49,20.8397540893256
5,50,18.80707005614371
5,51,21.493605514603576
5,52,19.75250301198935
5,53,21.75888402791445
5,54,19.815948350309387
5,55,22.081463259805837
5,56,19.528612066948195
5,57,18.94043327628712
5,58,15.697995129733666
5,59,13.922760515232067
5,60,11.928688834581024
5,61,10.920182138342364
5,62,13.598641032917579
5,63,14.783477943383817
5,64,17.59945328813037
5,65,16.43935450740446
5,66,14.88700577604564
5,67,13.489117540443432
5,68,16.72851395193018
5,69,16.71896312009167
5,70,20.048208938729225
5,71,20.903549164003913
5,72,23.865945749144352
5,73,24.080821533244006
5,74,26.933115264734298
5,75,29.40491021999305
5,76,28.803825599641613
5,77,26.284759530487225
5,78,22.661209484887053
5,79,19.270562274563854
5,80,16.619839809174618
5,81,12.911000650723931
5,82,10.169996606682565
5,83,7.248728577679044
5,84,9.142698960238445
5,85,10.879901628411925
5,86,14.3325459569395
5,87,17.76476772257577
5,88,21.029351379683554
5,89,22.859856415185256
5,90,26.419011967619497
5,91,27.852555848698806
5,92,31.608689694354297
5,93,34.05627569435535
5,94,34.42193207167929
6,1,14.471765003427368
6,2,11.613894054081527
6,3,8.152804506896503
6,4,5.941280916161465
6,5,3.806600206586511
6,7,3.8246511464046193
6,8,5.7381768262708785
6,9,6.845315893675846
6,10,10.377127151617525
6,11,13.125214282371626
6,12,15.823564252273037
6,13,17.731676370823415
6,14,17.065046103126022
6,15,17.75682634880035
6,16,21.493172767137665
6,17,24.350185213964647
6,18,25.04755692789104
6,19,28.799581567580404
6,20,28.875224706010194
6,21,27.54661809112876
6,22,23.803654401239935
6,23,20.754438171028582
6,24,19.363747146546597
6,25,16.60699452549108
6,26,15.131255020949611
6,27,11.997521938403633
6,28,11.879429160485396
6,29,9.336415703106697
6,30,10.0244979136228
6,31,9.051335869957235
6,32,11.316057133240207
6,33,12.87189831075822
6,34,13.65355422452515
6,35,10.864328800271036
6,36,10.489668065798053
6,37,8.337417661760707
6,38,7.400694257635845
6,39,9.532264515266197
6,40,11.828204737026505
6,41,14.27540687103364
6,42,16.18673162750843
6,43,19.843711947944445
6,44,21.33425805027934
6,45,23.019441791677774
6,46,20.844507643779778
6,47,17.389507134528184
6,48,17.114687334724223
6,49,17.94522711836504
6,50,16.033815468411873
6,51,18.64702512166409
6,52,17.176740544072523
6,53,19.653100123489406
6,54,18.19010526366665
6,55,20.81761112009854
6,56,18.771462232970446
6,57,18.57088162661415
6,58,15.766035093459996
6,59,13.884369873818647
6,60,12.836496058195445
6,61,12.357899222697123
6,62,15.637826991736308
6,63,17.249384343223635
6,64,19.567122035732968
6,65,17.755355016597544
6,66,15.664447670622028
6,67,13.41926051197886
6,68,16.12436996330036
6,69,15.482636330741956
6,70,18.483525383459288
6,71,18.871775181908383
6,72,21.49716485872859
6,73,21.262302671970087
6,74,23.93028316684786
6,75,26.20265235237491
6,76,25.354005977608104
6,77,22.696055203933906
6,78,19.13870883827853
6,79,15.682081623207143
6,80,13.313403483816902
6,81,9.520784317638821
6,82,7.400700891377924
6,83,3.963418775730921
6,84,5.382857842755464
6,85,7.6303055757467195
6,86,10.851633845094293
6,87,14.433900092008956
6,88,17.541322703043317
6,89,19.546445605881775
6,90,23.022387473102015
6,91,24.655321812801184
6,92,28.427396259960155
6,93,30.974007396582827
6,94,31.384763285756915
7,1,17.309532072649084
7,2,14.48034275773232
7,3,11.408044645195439
7,4,8.59813824260184
7,5,5.496438798254196
7,6,3.8246511464046193
7,8,3.814986884890284
7,9,6.053320725602611
7,10,9.023277925470294
7,11,12.363888253216029
7,12,15.229099231545485
7,13,17.586732382283607
7,14,16.972171801998584
7,15,18.374218219831107
7,16,22.129570391457033
7,17,25.34597482476066
7,18,26.310780058404575
7,19,30.054401076667556
7,20,30.583806951530818
7,21,29.33400071581846
7,22,25.659596311712225
7,23,22.307628550078796
7,24,20.743726393792727
7,25,17.572812114138813
7,26,15.812592346952037
7,27,12.307011818294093
7,28,11.537105805091814
7,29,9.088892551053574
7,30,8.765075188719374
7,31,8.590958657637334
7,32,11.74285149080375
7,33,13.873509513969143
7,34,15.33855828582853
7,35,13.263191029438872
7,36,13.607253954933942
7,37,11.456354242833788
7,38,10.981123646031108
7,39,12.535666693569636
7,40,14.640843972276764
7,41,16.498215164776695
7,42,18.15955827453575
7,43,21.58443860859004
7,44,22.580950852889128
7,45,24.465776939196658
7,46,22.76555843175781
7,47,19.19703091768533
7,48,19.52207924426777
7,49,20.684465627944864
7,50,18.938121700323293
7,51,21.31747596265018
7,52,19.87430614889894
7,53,22.568828273858333
7,54,21.129447430765815
7,55,23.59463195350897
7,56,21.50978820526126
7,57,21.726906352184585
7,58,19.053020765568583
7,59,16.73121193057189
7,60,15.390655337576282
7,61,14.101513699772806
7,62,17.156450809185017
7,63,18.08220837885137
7,64,20.275841717754556
7,65,18.68394387110048
7,66,17.132497821727057
7,67,14.776533866847913
7,68,17.638730794295597
7,69,17.481099807291272
7,70,20.6007873271773
7,71,21.231483972830215
7,72,23.808933774534488
7,73,23.3995812079699
7,74,26.054596947149967
7,75,27.92454120047116
7,76,26.712527253653757
7,77,23.719970322281693
7,78,20.42429573210162
7,79,16.726015101746142
7,80,14.725401600278161
7,81,11.14653375521723
7,82,9.323782452754322
7,83,6.559666954948629
7,84,5.9401320862261136
7,85,7.333205380587433
7,86,10.923014703579058
7,87,14.46749111937901
7,88,17.801373835872607
7,89,20.325368563263975
7,90,23.835627444952692
7,91,25.916805292605122
7,92,29.604941026240525
7,93,32.463226725215726
7,94,33.23260217463036
8,1,16.325566175160557
8,2,14.099030292056682
8,3,11.454070862215415
8,4,7.898467061169671
8,5,5.738602519507253
8,6,5.7381768262708785
8,7,3.814986884890284
8,9,3.8241419454632752
8,10,6.912727657228403
8,11,10.526901862517029
8,12,12.705575927788871
8,13,15.565547896868166
8,14,15.738285983992608
8,15,17.600541058475663
8,16,21.185710089559002
8,17,24.46397237349247
8,18,25.05177732196745
8,19,28.819294129062182
8,20,29.513422872909988
8,21,28.725014303372326
8,22,25.02497512896237
8,23,21.658605799814858
8,24,19.514913131006107
8,25,16.095783036952206
8,26,13.671036991005597
8,27,9.920480951717312
8,28,8.284620875977899
8,29,5.568258477662595
8,30,5.067400842191304
8,31,5.880261174273396
8,32,9.462774211500225
8,33,11.21282908267411
8,34,12.96438590813243
8,35,11.650495884757426
8,36,12.646379405795182
8,37,10.73877174229502
8,38,11.53582385164674
8,39,12.992225512596868
8,40,15.7584459359586
8,41,17.821251858952753
8,42,20.064114579156538
8,43,23.478395435534193
8,44,24.787824105835238
8,45,27.00621771511602
8,46,25.320461563697986
8,47,21.944910718769712
8,48,22.23340602532525
8,49,22.88737202010659
8,50,20.62988567813446
8,51,22.653128125193483
8,52,20.621427243536544
8,53,22.92094357526924
8,54,20.938620207273733
8,55,22.87875678520361
8,56,20.386130838934506
8,57,20.85531812866676
8,58,18.222035330744042
8,59,15.428063551127304
8,60,13.577798010471877
8,61,11.534339207312357
8,62,14.3115501792143
8,63,14.847890220805642
8,64,16.849007293669754
8,65,15.422162083857177
8,66,14.345966772091282
8,67,12.292299061972667
8,68,15.500676659191125
8,69,16.115772965580703
8,70,19.576218990643248
8,71,20.876825347657515
8,72,23.834364568839142
8,73,23.956369528690722
8,74,26.98452698085456
8,75,28.888516490405376
8,76,27.988418439171195
8,77,25.16296010917901
8,78,21.827276290650726
8,79,18.16457262843229
8,80,15.631908499649539
8,81,12.339681578488914
8,82,9.618190794359908
8,83,7.920452000219882
8,84,8.372518196386475
8,85,8.236126290873077
8,86,12.026943016453439
8,87,15.087558500037977
8,88,18.731473489493222
8,89,20.94718164975895
8,90,24.63794463328855
8,91,26.51174887713726
8,92,30.118001131566555
8,93,32.98611491531965
8,94,33.97453791070029
9,1,17.001114583139433
9,2,15.298111783570254
9,3,12.335197535621324
9,4,8.815780510510386
9,5,8.01056725671907
9,6,6.845315893675846
9,7,6.053320725602611
9,8,3.8241419454632752
9,10,3.8024012113587697
9,11,6.962416838713014
9,12,9.337970517696235
9,13,11.884072508811421
9,14,11.988361169013489
9,15,13.838494484654305
9,16,17.38304163406836
9,17,20.673489579286993
9,18,21.295591089725228
9,19,25.048744576322658
9,20,25.859851607940307
9,21,25.112912742194638
9,22,21.46326081890285
9,23,18.02095992378139
9,24,15.823163605260184
9,25,12.33874627910814
9,26,10.061299731452914
9,27,6.392947990274453
9,28,5.75695153255999
9,29,4.677410061572098
9,30,6.521470303228996
9,31,8.40563331892848
9,32,11.634546571564742
9,33,12.255269318465317
9,34,13.451535436021803
9,35,12.050188508624478
9,36,12.269760030206553
9,37,9.564593430052778
9,38,10.494767700839093
9,39,10.907182117363586
9,40,13.651379247762017
9,41,15.417749394936866
9,42,17.989525480206304
9,43,21.234706920528332
9,44,22.751454406554565
9,45,25.3266416110121
9,46,23.81455750368746
9,47,20.744625099945665
9,48,21.295963378611148
9,49,21.464341528709028
9,50,18.850964534511245
9,51,20.34577290134868
9,52,18.010114531827888
9,53,20.255756586765283
9,54,18.244977285612816
9,55,20.002994472723312
9,56,17.697210089090607
9,57,18.728808583979458
9,58,16.627766919860754
9,59,13.452900360271574
9,60,12.253840564249145
9,61,10.498758666729998
9,62,13.702903020225449
9,63,14.773179098887656
9,64,16.0353447464218
9,65,13.86209158926564
9,66,12.318799539870646
9,67,9.572684755693645
9,68,12.339168574724948
9,69,12.878633719943403
9,70,16.241845141991465
9,71,17.672617216003072
9,72,20.62662705624185
9,73,20.871827440650247
9,74,24.052412735675315
9,75,25.838889390560027
9,76,25.10229647825978
9,77,22.424149473585587
9,78,19.1266035676027
9,79,15.572837488892143
9,80,12.768768952051524
9,81,9.957924968798704
9,82,7.063002622432127
9,83,6.9206109616509215
9,84,7.6475637917372055
9,85,6.012728753566575
9,86,9.503515834670573
9,87,12.073355564034108
9,88,15.797773247119078
9,89,17.718414181275605
9,90,21.469316463640766
9,91,23.21070766851787
9,92,26.741955442523157
9,93,29.624492936868798
9,94,30.78397030447247
10,1,20.26542150272353
10,2,18.877496349020785
10,3,15.971090947859258
10,4,12.4735663077446
10,5,11.784868021724321
10,6,10.377127151617525
10,7,9.023277925470294
10,8,6.912727657228403
10,9,3.8024012113587697
10,11,3.7984972093813143
10,12,6.443434655325976
10,13,9.154509686286517
10,14,9.363986239656935
10,15,12.010473919228833
10,16,15.308987866200614
10,17,18.860471831676012
10,18,19.73265531271187
10,19,23.353311090007598
10,20,24.686190728818897
10,21,24.092106152354653
10,22,20.667911409682677
10,23,17.031046268755155
10,24,14.714972077823704
10,25,10.99327669055252
10,26,8.78075777506582
10,27,5.529692524923737
10,28,5.315196578597232
10,29,6.534176433432573
10,30,8.384485942049217
10,31,11.287690193759945
10,32,14.603256692397366
10,33,14.8917200680484
10,34,16.118509183107786
10,35,15.183311737783786
10,36,15.32159277699058
10,37,12.416267414854271
10,38,13.385729311533707
10,39,12.880719942365147
10,40,15.212822747900876
10,41,16.25447158604408
10,42,18.78266997138147
10,43,21.604027681138533
10,44,22.905792603027376
10,45,25.86293193841023
10,46,24.84118528606439
10,47,22.01799693452966
10,48,23.100750841781892
10,49,23.115960548059075
10,50,20.427422501193536
10,51,21.331085529654
10,52,18.87753129702715
10,53,21.14401364060071
10,54,19.22750800818436
10,55,20.638208585070092
10,56,18.579107989559184
10,57,20.292222375256312
10,58,18.76251065507143
10,59,15.27569262308762
10,60,14.457513620746063
10,61,12.547029460757877
10,62,15.509235066457217
10,63,16.31582430939947
10,64,16.791753412757096
10,65,14.385216359735537
10,66,13.138458043200185
10,67,10.108195949643262
10,68,12.191129386376215
10,69,13.072114966401497
10,70,16.15353799969605
10,71,17.81779735092102
10,72,20.588750843450303
10,73,20.802054983078424
10,74,24.00824623111
10,75,25.330920460356772
10,76,24.48513888402898
10,77,21.759904230940812
10,78,18.827680426031108
10,79,15.380116268911136
10,80,12.831042431745548
10,81,10.93871132202918
10,82,8.720718342193537
10,83,9.730072434233982
10,84,9.648375519561524
10,85,6.632400228071167
10,86,9.214336903927428
10,87,10.788262904052374
10,88,14.550188561533451
10,89,16.51052772325175
10,90,20.210782737030478
10,91,22.144358367744218
10,92,25.437449067714066
10,93,28.540548243058645
10,94,30.13888975540007
11,1,22.029994256265063
11,2,21.064290849872652
11,3,18.11351922477358
11,4,14.888228792028574
11,5,14.842335982301181
11,6,13.125214282371626
11,7,12.363888253216029
11,8,10.526901862517029
11,9,6.962416838713014
11,10,3.7984972093813143
11,12,3.80360154431554
11,13,5.538713813796832
11,14,5.700427173748933
11,15,8.728522632997741
11,16,11.742060357769288
11,17,15.35173834006981
11,18,16.320649225716203
11,19,19.839101684602436
11,20,21.441883283503323
11,21,20.962337962844412
11,22,17.737499389380194
11,23,14.063395766161246
11,24,11.705390568041144
11,25,7.998485679106771
11,26,6.359141982057853
11,27,4.654886994387888
11,28,6.352767103096855
11,29,9.030923464644879
11,30,11.5881800176305
11,31,14.542896643307476
11,32,17.535216860262597
11,33,17.17179681856984
11,34,17.950656027773917
11,35,17.050067090288294
11,36,16.651089137655656
11,37,13.49140779162167
11,38,14.453744200023726
11,39,12.99468568697996
11,40,14.941845802652223
11,41,15.436447136489427
11,42,18.126419694030435
11,43,20.53684531441889
11,44,21.978841705495356
11,45,25.24797467682603
11,46,24.492142220151138
11,47,22.118957621797648
11,48,23.43850065637707
11,49,22.979467402978315
11,50,20.072296398189962
11,51,20.291537638103335
11,52,17.61671466602236
11,53,19.68319259810902
11,54,17.848053258333515
11,55,18.88593977103191
11,56,17.199954944177435
11,57,19.532759780617617
11,58,18.7069858513813
11,59,15.112824556716616
11,60,15.030501121551914
11,61,13.573914305979216
11,62,16.509492823791668
11,63,17.65542656975274
11,64,17.389433476904184
11,65,14.46368440908524
11,66,12.953451624921485
11,67,9.600038097829435
11,68,10.515974364493685
11,69,11.328049240201956
11,70,13.918415777388429
11,71,15.729283181574425
11,72,18.321592767483004
11,73,18.6866912451703
11,74,21.96870636813742
11,75,23.029367546261696
11,76,22.391430928628488
11,77,19.93107214246143
11,78,17.25358502434143
11,79,14.208548772359961
11,80,11.64655763601298
11,81,10.886885985438772
11,82,9.200855963093494
11,83,11.452400030529246
11,84,11.506121964926397
11,85,7.892300938047837
11,86,9.011887091263354
11,87,9.222522301865087
11,88,12.720286472053385
11,89,14.137818978211042
11,90,17.75536658016381
11,91,19.493117341167842
11,92,22.5639544613363
11,93,25.677510347360883
11,94,27.539010845900734
12,1,22.498965067711545
12,2,22.121496266072043
12,3,19.614138217546866
12,4,16.384579400800764
12,5,16.898325778049013
12,6,15.823564252273037
12,7,15.229099231545485
12,8,12.705575927788871
12,9,9.337970517696235
12,10,6.443434655325976
12,11,3.80360154431554
12,13,3.8103004585721414
12,14,6.426215981275237
12,15,9.59862996363494
12,16,11.70476239110812
12,17,15.038114382571157
12,18,15.3204472955757
12,19,18.69274735665097
12,20,20.504272144211157
12,21,20.709603241314234
12,22,17.664608284659604
12,23,14.29629274676038
12,24,11.255748893579007
12,25,7.687901329251109
12,26,5.180690096190483
12,27,4.794367044295168
12,28,5.949911165022725
12,29,9.587666664290866
12,30,12.276186581135601
12,31,15.490933016091269
12,32,18.06405968535256
12,33,17.06688983860456
12,34,17.722317052934795
12,35,17.520606416780588
12,36,17.418167936387583
12,37,14.72467937493642
12,38,16.450123998774327
12,39,15.04146491537413
12,40,17.306809763365706
12,41,17.998312208854173
12,42,20.99301326255681
12,43,23.295413294940353
12,44,24.99843467712154
12,45,28.354178482955465
12,46,27.54563576237691
12,47,25.372588191656252
12,48,26.509307942781493
12,49,25.689225607076178
12,50,22.505526534489533
12,51,22.430596731045416
12,52,19.36505034369109
12,53,20.828712631402702
12,54,18.547500382261724
12,55,18.833623327525903
12,56,16.877721522859545
12,57,19.504745013482196
12,58,18.972192630432637
12,59,15.197530987761297
12,60,14.934419023062128
12,61,13.159552430681119
12,62,15.460789602483798
12,63,16.316493287581046
12,64,15.297644725129956
12,65,12.37142355627352
12,66,11.464855626758757
12,67,8.714263587339378
12,68,9.257332035023136
12,69,11.175867170425903
12,70,13.76645016077987
12,71,16.322680093938256
12,72,19.14507572589697
12,73,20.14572429973087
12,74,23.634048026923658
12,75,24.715430584108084
12,76,24.50985613448985
12,77,22.428330277227637
12,78,19.86959328337216
12,79,17.183908455823417
12,80,14.40100950943402
12,81,13.96756088151778
12,82,11.882929853972131
12,83,14.332116256731576
12,84,14.968741619355676
12,85,11.521688835921625
12,86,12.604391565392985
12,87,12.349807330553098
12,88,15.518113507980221
12,89,16.287140162799602
12,90,19.74251739000945
12,91,21.01724817722492
12,92,23.79559601879808
12,93,26.727746129568636
12,94,28.73958824053624
13,1,24.202811435751325
13,2,23.993104174398912
13,3,21.321620500963622
13,4,18.46242880797343
13,5,19.276893951895325
13,6,17.731676370823415
13,7,17.586732382283607
13,8,15.565547896868166
13,9,11.884072508811421
13,10,9.154509686286517
13,11,5.538713813796832
13,12,3.8103004585721414
13,14,3.7905668412340803
13,15,6.587276835184416
13,16,8.037689437763811
13,17,11.318980280756572
13,18,11.783781565889713
13,19,15.068031927242599
13,20,17.086950808575196
13,21,17.258989734393122
13,22,14.464927100754576
13,23,11.152258504775324
13,24,8.30963800894256
13,25,5.249849181726152
13,26,4.704343530801374
13,27,6.622404840164621
13,28,9.153404182139846
13,29,12.680965626556592
13,30,15.724182636411392
13,31,18.674336238526593
13,32,21.098121703660873
13,33,19.836398464067795
13,34,20.05255670119524
13,35,19.51903696126673
13,36,18.748756354770073
13,37,15.799159755744531
13,38,17.139715063459906
13,39,14.954434431619838
13,40,16.620018195878504
13,41,16.738465461975196
13,42,19.707239057032467
13,43,21.556401391820376
13,44,23.36829534544822
13,45,26.881027456634943
13,46,26.29555335783584
13,47,24.584214989943
13,48,25.88939125570232
13,49,24.68628313236153
13,50,21.443985188168682
13,51,20.75093629969713
13,52,17.657174404131805
13,53,18.936115762877684
13,54,16.953802804203626
13,55,16.99025641285287
13,56,15.675160025988571
13,57,18.789202061555383
13,58,18.970102445867433
13,59,15.399339965950928
13,60,16.035476571467616
13,61,15.053349649298447
13,62,17.487302789989677
13,63,18.872312524640797
13,64,17.53953653630184
13,65,14.212520968041915
13,66,12.729714554378553
13,67,9.775369166419386
13,68,8.783831916429177
13,69,9.994421129967263
13,70,11.65106121691701
13,71,14.066220274748943
13,72,16.505327323698957
13,73,17.56323295942417
13,74,20.991663248555195
13,75,21.821893645487137
13,76,21.845495982682504
13,77,20.11673598598825
13,78,17.860211852306776
13,79,15.730695112574644
13,80,13.137092253844344
13,81,13.719610790244015
13,82,12.349936345327594
13,83,15.47044952253854
13,84,16.087386972772347
13,85,12.524759732945741
13,86,12.50219274828722
13,87,11.218896870460025
13,88,13.738274439691114
13,89,13.792986936637517
13,90,16.98748789518112
13,91,17.9483606914244
13,92,20.476806677418754
13,93,23.336472281407755
13,94,25.51296301879067
14,1,25.175392312232493
14,2,24.555414943647868
14,3,21.480138959178813
14,4,18.811529842808262
14,5,19.29074725919947
14,6,17.065046103126022
14,7,16.972171801998584
14,8,15.738285983992608
14,9,11.988361169013489
14,10,9.363986239656935
14,11,5.700427173748933
14,12,6.426215981275237
14,13,3.7905668412340803
14,15,3.8227129844960985
14,16,6.2140954206124706
14,17,9.954734265107682
14,18,11.536787763951532
14,19,14.806221289566333
14,20,16.756859526554077
14,21,16.11473589639326
14,22,13.340568453963135
14,23,9.675481707694004
14,24,7.992421066902402
14,25,5.332701544482696
14,26,6.610139028795692
14,27,8.007699479398333
14,28,11.06202748183841
14,29,14.05637958217983
14,30,17.05582365811874
14,31,19.768607950449034
14,32,22.45239798414184
14,33,21.584560301712273
14,34,21.775860567214092
14,35,20.616679374465505
14,36,19.3703861061795
14,37,15.97127798232428
14,38,16.450994472696518
14,39,13.791971997049346
14,40,14.693013928894006
14,41,14.116552606952915
14,42,16.706106516473223
14,43,18.279357317830947
14,44,19.84287346863818
14,45,23.432807386732144
14,46,23.126093941007376
14,47,21.54691714630245
14,48,23.203224458804296
14,49,22.12408479725278
14,50,19.145202806822436
14,51,18.295326617626966
14,52,15.612287278753291
14,53,17.428619188416203
14,54,16.1358926889222
14,55,16.79310996274298
14,56,16.119722975129783
14,57,19.16927667227007
14,58,19.429170378634996
14,59,16.14239987131079
14,60,17.275851443006097
14,61,16.787653210839217
14,62,19.720987915878897
14,63,21.43607602809468
14,64,20.54682269191533
14,65,17.11540293661126
14,66,15.083024195474248
14,67,11.64130757497452
14,68,10.550840749698043
14,69,10.40096555918233
14,70,11.468393615718655
14,71,12.909868425344138
14,72,14.772028560200653
14,73,15.101293099686801
14,74,18.260126522238206
14,75,18.8066360317239
14,76,18.455112543567235
14,77,16.509956372906228
14,78,14.405549643453899
14,79,12.330832522287054
14,80,10.223211904008616
14,81,11.415847248381928
14,82,11.055100162078011
14,83,14.316867148090664
14,84,14.357112982161699
14,85,10.749257470484077
14,86,9.737480396676863
14,87,7.752024482794957
14,88,9.999114284206438
14,89,10.215713697957852
14,90,13.46333310839893
14,91,14.834415620292365
14,92,17.52128557223913
14,93,20.630066352770896
14,94,22.84170916199522
15,1,25.12665162945097
15,2,24.62933483162183
15,3,21.486832798239366
15,4,19.365017395809204
15,5,20.23448228040996
15,6,17.75682634880035
15,7,18.374218219831107
15,8,17.600541058475663
15,9,13.838494484654305
15,10,12.010473919228833
15,11,8.728522632997741
15,12,9.59862996363494
15,13,6.587276835184416
15,14,3.8227129844960985
15,16,3.798155884254125
15,17,7.148825141459623
15,18,9.073803757671765
15,19,12.407189831216854
15,20,13.881037125812925
15,21,12.721257613628893
15,22,9.867637970892739
15,23,6.12312484205252
15,24,5.549538427713051
15,25,4.553211659199559
15,26,7.676087636208424
15,27,9.788186904481881
15,28,13.378866736397097
15,29,16.025082966731812
15,30,19.335825216697405
15,31,21.573571977763276
15,32,23.96208217508319
15,33,22.881997216357128
15,34,22.625483297215823
15,35,21.04881619776376
15,36,19.152388685426875
15,37,15.68542951043871
15,38,15.699030648237898
15,39,12.455326799990102
15,40,12.65749281730293
15,41,11.638384199293869
15,42,14.280081752901589
15,43,15.54429222768074
15,44,17.50094733485605
15,45,21.067808716743055
15,46,20.6925804877115
15,47,19.586117837016054
15,48,21.1297330343198
15,49,19.590706726902688
15,50,16.548457865536044
15,51,15.17472538307425
15,52,12.49106411840537
15,53,14.15549931325049
15,54,13.298041041624913
15,55,14.036955580703554
15,56,14.094484287144397
15,57,17.246663406211553
15,58,18.036501889012207
15,59,15.22379003716262
15,60,17.15247352673548
15,61,17.50148192093646
15,62,20.584501717942654
15,63,22.851075430384817
15,64,22.02014411676906
15,65,18.35531444629254
15,66,15.734856715491818
15,67,12.296946834673061
15,68,10.391773266654244
15,69,9.001841513316107
15,70,8.94737637266014
15,71,9.671977037183858
15,72,11.093298946173242
15,73,11.400715132687571
15,74,14.594767704221848
15,75,15.261236260670767
15,76,15.310787763096167
15,77,13.843659837187307
15,78,11.717348990843991
15,79,10.354866341936344
15,80,8.26044188946461
15,81,10.464260922960234
15,82,10.80064897264746
15,83,14.416434581789872
15,84,14.774603062649822
15,85,11.67464221639071
15,86,9.855371361000275
15,87,7.396891739172081
15,88,8.600716782281278
15,89,7.559970415961847
15,90,10.70414356794821
15,91,11.466086830608313
15,92,14.2877787265942
15,93,17.18476053132857
15,94,19.19951955079587
16,1,27.91295061945539
16,2,27.749601045324656
16,3,24.773087711648827
16,4,22.76033123951783
16,5,23.855814406301953
16,6,21.493172767137665
16,7,22.129570391457033
16,8,21.185710089559002
16,9,17.38304163406836
16,10,15.308987866200614
16,11,11.742060357769288
16,12,11.70476239110812
16,13,8.037689437763811
16,14,6.2140954206124706
16,15,3.798155884254125
16,17,3.784553844796502
16,18,6.2668541781917835
16,19,9.089480278480435
16,20,11.186170934796541
16,21,10.367177452819407
16,22,8.374022941581739
16,23,5.440269858743842
16,24,5.570977376341705
16,25,6.47156752520442
16,26,9.823589225031863
16,27,12.688834783612174
16,28,16.176746555702056
16,29,19.15325107324624
16,30,22.523676345140025
16,31,24.89856780711415
16,32,27.143629126567642
16,33,25.7554491471659
16,34,25.334114897302104
16,35,23.99400950757517
16,36,22.03987627595075
16,37,18.781857345342356
16,38,18.97360153814045
16,39,15.603170213637139
16,40,15.561111968432469
16,41,14.238078168430295
16,42,16.661607125897596
16,43,17.266962832147584
16,44,19.213518756537123
16,45,22.825943408989502
16,46,22.7468879878161
16,47,22.16372080298997
16,48,23.767245436121154
16,49,21.880476414622702
16,50,18.869838812013953
16,51,16.854025411070147
16,52,14.218008404713725
16,53,15.214387726291436
16,54,14.545515271659207
16,55,14.506731717094683
16,56,15.104019227811941
16,57,18.620854154693106
16,58,20.04789417677874
16,59,17.420306482513567
16,60,19.604370343899223
16,61,20.07738831912165
16,62,22.83088619296144
16,63,25.082067186068997
16,64,23.763090611651773
16,65,20.06455953577274
16,66,17.632829136921266
16,67,14.601240801498125
16,68,11.968168150497005
16,69,10.798735601758255
16,70,9.672602647328416
16,71,10.446721142440033
16,72,11.16285506582662
16,73,11.84258321835888
16,74,14.759879191158817
16,75,14.905199488627353
16,76,15.440567761195783
16,77,14.697828916515695
16,78,13.339111409342578
16,79,12.914863608343781
16,80,11.365583643259502
16,81,14.01960891162954
16,82,14.45139752690261
16,83,18.126203672711732
16,84,18.549812605854388
16,85,15.44905936262309
16,86,13.452592603750505
16,87,10.556564109495582
16,88,10.777868125025508
16,89,8.76055043390811
16,90,10.834522222640754
16,91,10.822194720024383
16,92,12.804673652041942
16,93,15.487075126503276
16,94,17.919545372152733
17,1,29.56511326600506
17,2,29.70206309938169
17,3,26.876001870910525
17,4,25.231892606983266
17,5,26.668880339348885
17,6,24.350185213964647
17,7,25.34597482476066
17,8,24.46397237349247
17,9,20.673489579286993
17,10,18.860471831676012
17,11,15.35173834006981
17,12,15.038114382571157
17,13,11.318980280756572
17,14,9.954734265107682
17,15,7.148825141459623
17,16,3.784553844796502
17,18,3.79111162587377
17,19,5.743676867712332
17,20,7.792220270065143
17,21,6.9570625062249025
17,22,6.0142596004088436
17,23,4.887041837983104
17,24,6.41264197642731
17,25,8.966745486413673
17,26,12.490263388453519
17,27,15.721451649541729
17,28,19.272592832447117
17,29,22.19560027055419
17,30,25.71693322128175
17,31,27.901450970244685
17,32,29.866593015602312
17,33,28.189511929635422
17,34,27.441366753549232
17,35,26.070230014749463
17,36,23.819082799878394
17,37,20.7828694345503
17,38,20.918054410021053
17,39,17.391423785352078
17,40,16.982405291720326
17,41,15.496322041297041
17,42,17.778024368140315
17,43,17.878896599520633
17,44,20.067081982024146
17,45,23.514857590004357
17,46,23.461677173891587
17,47,23.441245671344255
17,48,24.86044158650556
17,49,22.515904409758335
17,50,19.53830102793104
17,51,16.94537595335037
17,52,14.415779099394676
17,53,14.651011784874912
17,54,14.330581524759705
17,55,13.704661569052506
17,56,15.064093874448439
17,57,18.671316062000663
17,58,20.744301348747186
17,59,18.599525408055715
17,60,21.229000799588153
17,61,22.170419146160896
17,62,24.72934324386994
17,63,27.216657911674996
17,64,25.695214251948823
17,65,21.958755910042402
17,66,19.414914494947734
17,67,16.763826143529812
17,68,13.583684048578487
17,69,12.07448518192118
17,70,9.798398711502658
17,71,10.11261752221785
17,72,9.958622022241865
17,73,11.087634063317573
17,74,13.671153907115523
17,75,13.66218647066896
17,76,14.988394037278535
17,77,15.188308419796778
17,78,14.288437492921135
17,79,14.771378845632723
17,80,13.473282482554417
17,81,16.474693978216308
17,82,17.076584072523715
17,83,20.807078410000354
17,84,21.50127530138202
17,85,18.6853987992559
17,86,16.51434087070296
17,87,13.592707644805815
17,88,13.104703565464732
17,89,10.20734082103434
17,90,11.24640512612216
17,91,9.985985742990996
17,92,11.185196262687885
17,93,13.189011997165117
17,94,15.62274466679215
18,1,28.366292546618336
18,2,28.976013227106975
18,3,26.51793108675914
18,4,25.02980147491506
18,5,26.93155318365902
18,6,25.04755692789104
18,7,26.310780058404575
18,8,25.05177732196745
18,9,21.295591089725228
18,10,19.73265531271187
18,11,16.320649225716203
18,12,15.3204472955757
18,13,11.783781565889713
18,14,11.536787763951532
18,15,9.073803757671765
18,16,6.2668541781917835
18,17,3.79111162587377
18,19,3.798326675305457
18,20,5.39119252631955
18,21,6.317968374371121
18,22,5.314748902903206
18,23,5.517239061495761
18,24,5.736347770097661
18,25,8.973690972683874
18,26,12.081061980110888
18,27,15.70904066669601
18,28,19.104520550597705
18,29,22.055716724962114
18,30,25.71009393586222
18,31,27.76796624458954
18,32,29.327553867142996
18,33,27.22089243841127
18,34,26.20354369690745
18,35,25.136273192327742
18,36,22.943973283055254
18,37,20.34310553720202
18,38,21.01213178239163
18,39,17.72486242388763
18,40,17.832765308045524
18,41,17.03651974972435
18,42,19.766826449404107
18,43,20.232309295411373
18,44,22.825976507614264
18,45,26.10595016621155
18,46,25.619469087283502
18,47,25.536163623010832
18,48,26.480296477643858
18,49,23.858558778359654
18,50,20.581236992588995
18,51,18.095202694162737
18,52,15.107854031405429
18,53,14.495644909585408
18,54,13.48321900692048
18,55,11.913535653549982
18,56,13.09188279109449
18,57,16.84090100008773
18,58,19.253445428837868
18,59,17.234636439718162
18,60,19.89518422224276
18,61,20.978210071501643
18,62,23.117007261131693
18,63,25.661342094069198
18,64,23.84309913207568
18,65,20.16915524565221
18,66,17.742275265146624
18,67,15.688160401844737
18,68,12.098608852761595
18,69,11.00171539627851
18,70,8.456314298482946
18,71,9.68412460305343
18,72,10.196157128141188
18,73,12.469745354769932
18,74,15.35569451197214
18,75,15.986782684301225
18,76,17.85784110522181
18,77,18.30438116332199
18,78,17.016587775797007
18,79,17.330509849091776
18,80,15.403151231391053
18,81,17.96374925020509
18,82,17.90249101065725
18,83,21.6520551780535
18,84,22.93371747671581
18,85,20.218259360965977
18,86,18.58664007624776
18,87,16.147573007177556
18,88,16.187512438467735
18,89,13.372687806190765
