1,2,3.8001892846122924
1,3,6.682819616778516
1,4,8.848803668635744
1,5,12.066834434894078
1,6,14.598324812399213
1,7,17.362027362414437
1,8,16.368167111557614
1,9,17.058730353081838
1,10,20.371684341213463
1,11,22.07720636926207
1,12,22.589707773605795
1,13,24.196076797446757
1,14,24.957380695857058
1,15,24.9601187362219
1,16,27.83612160496536
1,17,29.53688210236974
1,18,28.3636887400216
1,19,31.790804627014133
1,20,30.63288870433632
1,21,30.37847450073022
1,22,26.74308183858322
1,23,25.189277445525086
1,24,23.165154683326474
1,25,21.610082259547696
1,26,19.686807825192123
1,27,17.979937316641994
1,28,17.550880359239596
1,29,14.797363905750622
1,30,15.74860963900718
1,31,12.969818563493778
1,32,10.41729871869603
1,33,9.097795259513468
1,34,7.0051593692836756
1,35,5.357519753628918
1,36,5.960777929134132
1,37,9.702116553856154
1,38,11.828694490853291
1,39,14.97224143887755
1,40,18.10852722097588
1,41,21.877439488023402
1,42,24.78699120200377
1,43,28.452962973681586
1,44,30.343865031136623
1,45,31.32731236146873
1,46,28.980554953460686
1,47,25.64659259472351
1,48,24.610319881245616
1,49,23.92216338329401
1,50,21.48295196762168
1,51,23.900127108123456
1,52,21.63873281206814
1,53,21.772189611912516
1,54,18.752532659962828
1,55,19.585330466738014
1,56,16.532306131362635
1,57,14.240167409754024
1,58,10.581762917541633
1,59,11.085920090449546
1,60,8.706513494162529
1,61,9.861080663719601
1,62,10.214353981724914
1,63,12.28375085253945
1,64,15.434279476968767
1,65,14.933451350562885
1,66,13.471321518773115
1,67,14.821800334202994
1,68,17.30497582764479
1,69,17.45547799776865
1,70,20.24513219314211
1,71,21.467208988744954
1,72,24.748932051526452
1,73,26.402196153193465
1,74,29.400681086797213
1,75,32.66932612006408
1,76,33.52522071337206
1,77,32.173259692412486
1,78,28.376673872454827
1,79,25.85856418642948
1,80,22.5460946194917
1,81,19.69706653635449
1,82,16.648651371966515
1,83,15.536080255877213
1,84,19.061329216165134
1,85,20.324785631435574
1,86,22.88943944586669
1,87,25.52003837141722
1,88,28.340997820349155
1,89,28.78226711518608
1,90,32.10669526124973
1,91,31.844081417747805
1,92,35.25934280285092
1,93,36.67248066773769
1,94,37.00472791499771
2,1,3.8001892846122924
2,3,3.796236391451403
2,4,6.420711567877305
2,5,8.9718907518273
2,6,11.663080493869387
2,7,14.387734935146758
2,8,13.928079785012237
2,9,15.18661853837455
2,10,18.78817534395905
2,11,20.95988611128079
2,12,22.014355764284833
2,13,23.830880959281505
2,14,24.228379698227013
2,15,24.45429677471049
2,16,27.655926323238965
2,17,29.69781050035947
2,18,28.99568580408022
2,19,32.569018090102524
2,20,31.660557349068174
2,21,31.052089878541963
2,22,27.31762886481515
2,23,25.36793571203038
2,24,23.49398817098045
2,25,21.56186719700986
2,26,19.641708597795702
2,27,17.373360471987482
2,28,16.80328896727387
2,29,13.60363986645755
2,30,14.095812044485431
2,31,10.958525046689365
2,32,8.919510284130547
2,33,9.028337038833447
2,34,7.9723856558709585
2,35,5.261771256171244
2,36,5.989656683708215
2,37,8.934100754309352
2,38,10.345239559318175
2,39,13.925182980272071
2,40,16.968365996822293
2,41,20.666284553279684
2,42,23.296257851491585
2,43,27.046641840611365
2,44,28.57100301799617
2,45,29.266918198079097
2,46,27.085192513643516
2,47,23.553312822741912
2,48,22.644703130671715
2,49,22.498993789427384
2,50,20.38988025379205
2,51,23.18250482253545
2,52,21.263587916383276
2,53,22.051009491251442
2,54,19.34660367853779
2,55,20.78670026214458
2,56,17.908784913779552
2,57,16.06207799646788
2,58,12.25998823699419
2,59,12.192786733012168
2,60,9.95161017737067
2,61,10.521233253094469
2,62,11.75393894306273
2,63,13.460357944284146
2,64,16.7494207729085
2,65,16.289636203029577
2,66,14.650524818699264
2,67,15.186348676771456
2,68,18.017625716777136
2,69,17.95043188685771
2,70,20.917127698240183
2,71,21.845969062597383
2,72,24.99735434698018
2,73,26.151526709639164
2,74,29.026654641290833
2,75,32.14775210137244
2,76,32.58747319182568
2,77,30.89659088723623
2,78,27.08243400949757
2,79,24.299124773714723
2,80,21.23014772039082
2,81,17.997185112143615
2,82,15.077166233322291
2,83,13.220767412450558
2,84,16.449106146386146
2,85,18.170092854738648
2,86,20.9506326306252
2,87,23.94623357305681
2,88,26.83750263497659
2,89,27.72672291964111
2,90,31.150876247360067
2,91,31.282077679741263
2,92,34.862879716474026
2,93,36.40483268098846
2,94,37.11235902208769
3,1,6.682819616778516
3,2,3.796236391451403
3,4,3.7996873608646284
3,5,6.373027649129376
3,6,8.268078882978982
3,7,11.43321212718576
3,8,11.457006921834616
3,9,12.404953033247759
3,10,16.067323057596095
3,11,18.19657755446994
3,12,19.719363397146033
3,13,21.33024909373376
3,14,21.291962223142793
3,15,21.438073447794963
3,16,24.79528809287577
3,17,26.97298405550149
3,18,26.64413047178342
3,19,30.270348307389803
3,20,29.52054066701619
3,21,28.59892630850401
3,22,24.83550990475454
3,23,22.64480881204958
3,24,21.0110481573147
3,25,18.97847799151473
3,26,17.36718612102744
3,27,14.98608397077177
3,28,14.891033785966588
3,29,11.83409767142945
3,30,12.78153608038656
3,31,10.14337118861419
3,32,9.456643160097824
3,33,9.988433904186886
3,34,9.283612197682352
3,35,5.631856547125074
3,36,4.853557538960384
3,37,6.243602356867893
3,38,6.898273312132304
3,39,10.594161902101085
3,40,13.568145358105523
3,41,17.1733750390614
3,42,19.73467282327627
3,43,23.5017633107856
3,44,24.87823480893611
3,45,25.601887592730186
3,46,23.565562570075492
3,47,19.987322332501623
3,48,19.360509198820747
3,49,19.329428891519317
3,50,17.213000657460345
3,51,20.065567699177436
3,52,18.268630616908247
3,53,19.52178870532556
3,54,17.07661176748567
3,55,18.97964438159658
3,56,16.36366250688852
3,57,15.077987612784103
3,58,11.404137314573632
3,59,10.789422724212125
3,60,9.24642735381883
3,61,9.943228763768321
3,62,12.311107327663189
3,63,14.38535620509179
3,64,17.2176941004791
3,65,16.159956577712112
3,66,13.92887410268888
3,67,13.522466546506106
3,68,16.248326793886363
3,69,15.73234572457144
3,70,18.664840448665867
3,71,19.29242972940567
3,72,22.29971300447618
3,73,23.11133365013037
3,74,25.930968694349104
3,75,28.912787569671007
3,76,29.133383526138758
3,77,27.294249227004716
3,78,23.48776460265816
3,79,20.61826818717495
3,80,17.659580498621686
3,81,14.321393930195075
3,82,11.568708706303632
3,83,9.515062736764111
3,84,12.7756087597007
3,85,14.64577220980799
3,86,17.303210481667037
3,87,20.379920401238703
3,88,23.20769636462076
3,89,24.236189341402206
3,90,27.67304634558394
3,91,27.99208200730412
3,92,31.644474458088876
3,93,33.26982915851334
3,94,34.21784139008856
4,1,8.848803668635744
4,2,6.420711567877305
4,3,3.7996873608646284
4,5,3.808161866847298
4,6,6.053325418731538
4,7,8.614944656650387
4,8,7.88707853488707
4,9,8.824946412669892
4,10,12.499347221327048
4,11,14.86965036689697
4,12,16.37085036369985
4,13,18.332098341518943
4,14,18.494987674169728
4,15,19.176324603639355
4,16,22.62905537447634
4,17,25.15689924596009
4,18,24.979031872371433
4,19,28.717563760621086
4,20,28.421003546521302
4,21,27.634083973724692
4,22,23.824861057804917
4,23,21.23033816303204
4,24,19.240104663797496
4,25,16.698294273391575
4,26,14.670281763220183
4,27,11.840595640057302
4,28,11.352005268528519
4,29,8.143527434767554
4,30,9.139354276571572
4,31,6.984827656599438
4,32,7.387511517201156
4,33,8.21855464724852
4,34,8.318520880901916
4,35,5.098557316993465
4,36,5.400217501446411
4,37,5.334560975039883
4,38,6.8577996308347045
4,39,10.005432889769262
4,40,13.364969442035953
4,41,16.681534941056437
4,42,19.463075873463794
4,43,23.185694800356107
4,44,24.218437158156522
4,45,25.258396140350772
4,46,23.720363674715863
4,47,20.106775356806637
4,48,20.19980862514754
4,49,20.237990776245564
4,50,17.869765566910004
4,51,20.40152198505586
4,52,18.302929309761243
4,53,19.824180923035165
4,54,17.247030729814924
4,55,18.988530336528147
4,56,16.145286818925427
4,57,15.682108091815234
4,58,12.321435179416303
4,59,10.48544125306261
4,60,8.541424854241246
4,61,7.98822940082898
4,62,10.814461772515536
4,63,12.522915712306467
4,64,15.039660168572619
4,65,14.017722124982214
4,66,11.975356910397748
4,67,11.100861968291403
4,68,14.253464501041782
4,69,14.263764823973254
4,70,17.598607899112665
4,71,18.66155885703314
4,72,21.84261034681573
4,73,22.636615449698294
4,74,25.695941680525017
4,75,28.359383065303724
4,76,28.374852571958474
4,77,26.26141235659471
4,78,22.509477485304735
4,79,19.334891228382592
4,80,16.23669077802883
4,81,12.801555408351735
4,82,9.549032577574291
4,83,7.64340694445988
4,84,10.767850510881741
4,85,12.000073288875615
4,86,15.071787416360142
4,87,18.12701612696472
4,88,21.308590683660153
4,89,22.59704252476074
4,90,26.21890056040568
4,91,26.866506265915245
4,92,30.533023941167112
4,93,32.5399168520268
4,94,33.68614304963444
5,1,12.066834434894078
5,2,8.9718907518273
5,3,6.373027649129376
5,4,3.808161866847298
5,6,3.8087105553686547
5,7,5.455939489599798
5,8,5.718845436002064
5,9,7.980562280116915
5,10,11.735847562299265
5,11,14.759893007149289
5,12,16.80377998521936
5,13,19.05497338602685
5,14,18.88727990881021
5,15,19.99018149890809
5,16,23.647621074330893
5,17,26.517433941180904
5,18,26.810935534962038
5,19,30.584478179870537
5,20,30.60985918041143
5,21,29.585867791741702
5,22,25.811337211456667
5,23,22.88247260355567
5,24,21.04145068418034
5,25,18.154265737004206
5,26,16.13835073889859
5,27,12.811127668244243
5,28,11.940509828894452
5,29,8.543222606859183
5,30,8.401680761565785
5,31,6.296801976793488
5,32,8.008245753298832
5,33,10.222090383624298
5,34,11.194078576652432
5,35,8.549869892780526
5,36,9.174815981058732
5,37,8.398838041393649
5,38,8.752376160776027
5,39,11.591573589372285
5,40,14.47179123974424
5,41,17.33778758997765
5,42,19.660766948568128
5,43,23.311420853223595
5,44,23.762802550848033
5,45,24.48909526891631
5,46,23.341670461771233
5,47,19.598669015748076
5,48,20.042561300873505
5,49,20.74663540613581
5,50,18.83913493173879
5,51,21.567224072484386
5,52,19.88448555742766
5,53,21.963228321978697
5,54,19.775676027450658
5,55,21.841771429647547
5,56,19.234439500778002
5,57,19.10211644323564
5,58,15.871077182692124
5,59,13.874546927881276
5,60,12.133140615007196
5,61,11.039104247735787
5,62,13.80376102914955
5,63,14.83528597975984
5,64,17.288815282779016
5,65,16.586281190005657
5,66,14.82427665259196
5,67,13.429681044410328
5,68,16.658313275804836
5,69,16.65246675146634
5,70,19.964506512462755
5,71,20.8035336375929
5,72,23.73610189320927
5,73,24.0186470666348
5,74,26.884108621127286
5,75,29.24829618261864
5,76,28.76948068795787
5,77,26.255217025802548
5,78,22.624028885156253
5,79,19.16058812864397
5,80,16.525817080514013
5,81,12.807619790732064
5,82,10.002275198457586
5,83,7.119142785506629
5,84,9.079884379375931
5,85,10.794880876748481
5,86,14.226761917783207
5,87,17.652180448424538
5,88,20.91819724788549
5,89,22.80589985741344
5,90,26.472488907844046
5,91,27.6236826330857
5,92,31.36511830425197
5,93,33.54398090464629
5,94,35.07007187007137
6,1,14.598324812399213
6,2,11.663080493869387
6,3,8.268078882978982
6,4,6.053325418731538
6,5,3.8087105553686547
6,7,3.82597518694705
6,8,5.785496267739442
6,9,6.910912042746265
6,10,10.387570075438715
6,11,13.1280004813599
6,12,15.832109145782583
6,13,17.593276719662576
6,14,16.728862754581712
6,15,17.61303977702625
6,16,21.371714293129422
6,17,24.296012262093228
6,18,25.036662056094944
6,19,28.754344798938735
6,20,28.886394764974586
6,21,27.493803900487467
6,22,23.80811847307935
6,23,20.729300188779053
6,24,19.33729187830253
6,25,16.523154858246485
6,26,15.139001837286086
6,27,11.98271433946265
6,28,12.017953864326001
6,29,9.446704042505791
6,30,10.113401371139563
6,31,9.241512232384393
6,32,11.543212545577436
6,33,13.350189320136542
6,34,14.054153954493009
6,35,11.09399934731088
6,36,10.57372184509941
6,37,8.459262946970627
6,38,7.498198432932306
6,39,9.523523867906237
6,40,11.818571279621436
6,41,14.234180689442766
6,42,16.296413508615686
6,43,19.857043779559987
6,44,20.08234325970299
6,45,20.815541503783543
6,46,19.884903518689807
6,47,16.177085675119514
6,48,17.036971323248846
6,49,17.893945654379014
6,50,16.130465779157344
6,51,18.791287813952998
6,52,17.406118361833308
6,53,19.950343747382846
6,54,18.245188922948415
6,55,20.707864032640217
6,56,18.600056911995196
6,57,18.941845831176888
6,58,16.11814929280804
6,59,13.999799121030398
6,60,13.21341212104757
6,61,12.603770582366053
6,62,15.924900070895443
6,63,17.38655018671276
6,64,19.315013090227584
6,65,18.007698938280857
6,66,15.731374315133356
6,67,13.504871885085437
6,68,16.203167019289435
6,69,15.576565283681022
6,70,18.546368490946342
6,71,18.906997336315985
6,72,21.480472469519807
6,73,21.296385088866717
6,74,23.967629166218547
6,75,26.121611557920865
6,76,25.377476484534164
6,77,22.714668921637518
6,78,19.15196844854246
6,79,15.62073970503967
6,80,13.295032704096048
6,81,9.501519750224704
6,82,7.343998173583776
6,83,3.901590797014647
6,84,5.319013292497285
6,85,7.572166939057515
6,86,10.776413948850813
6,87,14.366852448338884
6,88,17.466620460217865
6,89,19.54736588987782
6,90,23.15712670891523
6,91,24.51965849851358
6,92,28.29179521437208
6,93,30.491884687664836
6,94,32.26137633857736
7,1,17.362027362414437
7,2,14.387734935146758
7,3,11.43321212718576
7,4,8.614944656650387
7,5,5.455939489599798
7,6,3.82597518694705
7,8,3.821508393015663
7,9,6.091065916151772
7,10,8.986592466296402
7,11,12.34263852366933
7,12,15.153650796186527
7,13,17.395289073522708
7,14,16.64861842672929
7,15,18.267122554235492
7,16,22.017957453019058
7,17,25.289601221366873
7,18,26.276983857985947
7,19,29.99717573234302
7,20,30.582313402839475
7,21,29.286188025157266
7,22,25.68105960428868
7,23,22.309614661432757
7,24,20.712534078652855
7,25,17.48679883530642
7,26,15.776000055709753
7,27,12.242709898544218
7,28,11.550361529955968
7,29,9.141558977783687
7,30,8.798653678726737
7,31,8.75040268522432
7,32,11.916740456667402
7,33,14.248323222019241
7,34,15.61618302692202
7,35,13.332663850101554
7,36,13.58029195871243
7,37,11.523364706602754
7,38,11.077764332136798
7,39,12.568476569445007
7,40,14.706243539706687
7,41,16.556255262606605
7,42,18.40855651632443
7,43,21.702803070650674
7,44,21.34387718181507
7,45,22.08546848130319
7,46,21.7690287216052
7,47,18.17017635152729
7,48,19.57097326967235
7,49,20.73212050034667
7,50,19.11362567266845
7,51,21.536167874938883
7,52,20.165940664029915
7,53,22.873636160604036
7,54,21.20332524622877
7,55,23.49637457028132
7,56,21.303622681437595
7,57,22.02222292020127
7,58,19.336189189532696
7,59,16.797225164163134
7,60,15.67696489372347
7,61,14.251018216505479
7,62,17.325272770628352
7,63,18.098036422858144
7,64,19.799149392553723
7,65,18.889369744656545
7,66,17.141592906849183
7,67,14.778513845545273
7,68,17.6583293741409
7,69,17.554248104409307
7,70,20.658331079773287
7,71,21.28838131486635
7,72,23.8239730893814
7,73,23.492202350456584
7,74,26.165456242330233
7,75,27.915435912788272
7,76,26.821838531963596
7,77,23.829602115023096
7,78,20.530265483640676
7,79,16.795074764821923
7,80,14.8019512261148
7,81,11.238624994016881
7,82,9.31422611919184
7,83,6.565966184486968
7,84,6.015116774630432
7,85,7.356398139189888
7,86,10.965575630786514
7,87,14.488149892833206
7,88,17.816309304625886
7,89,20.39075543020015
7,90,24.039206993411643
7,91,25.86845330690869
7,92,29.57535624296237
7,93,32.09144782482317
7,94,34.111759168119534
8,1,16.368167111557614
8,2,13.928079785012237
8,3,11.457006921834616
8,4,7.88707853488707
8,5,5.718845436002064
8,6,5.785496267739442
8,7,3.821508393015663
8,9,3.8208626011636446
8,10,6.871636697115665
8,11,10.463350739877223
8,12,12.576868868206102
8,13,15.333377421025844
8,14,15.390434934308894
8,15,17.4255843832046
8,16,21.01847201760493
8,17,24.33425523728766
8,18,24.93875550484744
8,19,28.706271301480914
8,20,29.43063151640655
8,21,28.59300211093949
8,22,24.948875874295794
8,23,21.574216678785035
8,24,19.399110979455184
8,25,15.935334893106731
8,26,13.550825217892932
8,27,9.789466298734794
8,28,8.244869348110639
8,29,5.603092669965137
8,30,5.109035677376894
8,31,6.034992732866744
8,32,9.60624527675139
8,33,11.558771430975568
8,34,13.197883651804602
8,35,11.631971447779422
8,36,12.541838162518836
8,37,10.742737812451033
8,38,11.556135232389948
8,39,12.963888508969653
8,40,15.743519146746204
8,41,17.81017799729125
8,42,20.229160342407056
8,43,23.536214846545846
8,44,23.452664300668825
8,45,24.673669202480916
8,46,24.3300630696509
8,47,20.8267659547085
8,48,22.236684984895216
8,49,22.882495468553785
8,50,20.735770074667553
8,51,22.80817868724366
8,52,20.846467909459903
8,53,23.13239289886323
8,54,20.973575704544174
8,55,22.725393322984694
8,56,20.114506361589193
8,57,20.992461814377524
8,58,18.39387052634888
8,59,15.4302072821722
8,60,13.790633805750215
8,61,11.639771561240028
8,62,14.433906554896044
8,63,14.843420630489565
8,64,16.300208489925833
8,65,15.618223125991602
8,66,14.327274566463254
8,67,12.223819878328419
8,68,15.441767986861525
8,69,16.09981126522026
8,70,19.54379509926412
8,71,20.84092570116084
8,72,23.758145033922005
8,73,23.960102902595317
8,74,27.002184665776085
8,75,28.784832772509443
8,76,28.012761849678355
8,77,25.187683060192132
8,78,21.861229133885278
8,79,18.175779069984987
8,80,15.635724344709947
8,81,12.34161206650833
8,82,9.541024484759813
8,83,7.893006084442663
8,84,8.42061892055927
8,85,8.250598033750059
8,86,12.038280858142818
8,87,15.065609664882087
8,88,18.71215116292207
8,89,20.960556566060184
8,90,24.721936628211076
8,91,26.361815912352515
8,92,29.97198657179426
8,93,32.65840428663434
8,94,34.44423902220398
9,1,17.058730353081838
9,2,15.18661853837455
9,3,12.404953033247759
9,4,8.824946412669892
9,5,7.980562280116915
9,6,6.910912042746265
9,7,6.091065916151772
9,8,3.8208626011636446
9,10,3.7916349403691436
9,11,6.906338114385687
9,12,9.239201039587536
9,13,11.657814615889182
9,14,11.642599281392659
9,15,13.6653888670378
9,16,17.219383819081155
9,17,20.545347693786674
9,18,21.185256016713208
9,19,24.93838262600284
9,20,25.78111413879735
9,21,24.982867044799985
9,22,21.39482096847243
9,23,17.944759362062715
9,24,15.717553914759463
9,25,12.1897536471174
9,26,9.961766971695008
9,27,6.280874077477459
9,28,5.753287899085832
9,29,4.7166816492240855
9,30,6.561080845343368
9,31,8.49161625103673
9,32,11.700868506082518
9,33,12.56932234307652
9,34,13.682317440167402
9,35,12.068363882197234
9,36,12.230292371545108
9,37,9.624167748398223
9,38,10.547895692541807
9,39,10.921664957784834
9,40,13.653722891552938
9,41,15.421018022988704
9,42,18.144160415346217
9,43,21.292398103806676
9,44,21.388179820541808
9,45,23.116791003867036
9,46,22.866784328545197
9,47,19.626412067843663
9,48,21.32028144906028
9,49,21.47625768333867
9,50,18.958947926487223
9,51,20.509983298653445
9,52,18.25005546917508
9,53,20.44800113691409
9,54,18.308303348206987
9,55,19.89064418669148
9,56,17.446965642959533
9,57,18.885544429838653
9,58,16.824052743293137
9,59,13.502386597756276
9,60,12.505409147555191
9,61,10.622075774216844
9,62,13.808417893865723
9,63,14.786756834178584
9,64,15.499677083827173
9,65,14.058999424727794
9,66,12.331474913221106
9,67,9.53051501424793
9,68,12.304521515872057
9,69,12.890390427458586
9,70,16.22924037036893
9,71,17.65186696933201
9,72,20.555702006229414
9,73,20.875013157599632
9,74,24.0629939868113
9,75,25.72155817118044
9,76,25.110178053765072
9,77,22.42645988694588
9,78,19.151452214578715
9,79,15.586292903412383
9,80,12.774413324605613
9,81,9.954214976732741
9,82,7.018236858749887
9,83,6.942008498876601
9,84,7.716564775653719
9,85,6.063366711192167
9,86,9.525747094133559
9,87,12.053521407629741
9,88,15.788546898619021
9,89,17.736340496895213
9,90,21.516107772925327
9,91,23.046290477349263
9,92,26.57505249174068
9,93,29.36159450371053
9,94,31.08031290831268
10,1,20.371684341213463
10,2,18.78817534395905
10,3,16.067323057596095
10,4,12.499347221327048
10,5,11.735847562299265
10,6,10.387570075438715
10,7,8.986592466296402
10,8,6.871636697115665
10,9,3.7916349403691436
10,11,3.7937575894720204
10,12,6.400301096688004
10,13,8.98396782959977
10,14,9.107831267823348
10,15,11.924034439720593
10,16,15.209736585171989
10,17,18.78426680379971
10,18,19.687420887325224
10,19,23.31460310066213
10,20,24.680954943284632
10,21,24.024648010810544
10,22,20.68194596567415
10,23,17.04288827991528
10,24,14.708506290283921
10,25,10.967923524081646
10,26,8.811414331327391
10,27,5.577406080578257
10,28,5.350951239235857
10,29,6.637726857068774
10,30,8.458082483987692
10,31,11.375968012744808
10,32,14.67337428653873
10,33,15.211979782922166
10,34,16.3762821880975
10,35,15.230929699331625
10,36,15.348084308626708
10,37,12.542500337197424
10,38,13.474696808583678
10,39,12.960868253531892
10,40,15.254547096268613
10,41,16.291664240491738
10,42,18.940249557455314
10,43,21.65201254452701
10,44,21.46284610446937
10,45,23.56985790795842
10,46,23.820839359737796
10,47,20.93901716002616
10,48,23.121311073291352
10,49,23.13377902862201
10,50,20.5409663948391
10,51,21.51595410359192
10,52,19.16012161745276
10,53,21.346039731871112
10,54,19.377868141021306
10,55,20.65693581245723
10,56,18.44027958566802
10,57,20.507374158736507
10,58,19.019610679106265
10,59,15.43184770362426
10,60,14.776092083019059
10,61,12.740454575776566
10,62,15.662137841037351
10,63,16.407720274968593
10,64,16.284492646455043
10,65,14.711451417766337
10,66,13.299535094041943
10,67,10.181103024387577
10,68,12.277156664861183
10,69,13.19995324417624
10,70,16.24567066601741
10,71,17.88316644898271
10,72,20.580690663680258
10,73,20.84534733692367
10,74,24.044246647426636
10,75,25.223588636994563
10,76,24.481974202112855
10,77,21.73120921486328
10,78,18.840511860631466
10,79,15.411215238901269
10,80,12.862697087342452
10,81,10.948917448727851
10,82,8.735385671997292
10,83,9.74979949037236
10,84,9.665862593514305
10,85,6.661164273513744
10,86,9.240641065760403
10,87,10.776367669593581
10,88,14.547472791362674
10,89,16.537507680738212
10,90,20.220080201513895
10,91,22.013233719387237
10,92,25.316460150005287
10,93,28.414297855877706
10,94,30.25529444944008
11,1,22.07720636926207
11,2,20.95988611128079
11,3,18.19657755446994
11,4,14.86965036689697
11,5,14.759893007149289
11,6,13.1280004813599
11,7,12.34263852366933
11,8,10.463350739877223
11,9,6.906338114385687
11,10,3.7937575894720204
11,12,3.7785167288043087
11,13,5.345800710700578
11,14,5.493879011235222
11,15,8.672790557412869
11,16,11.658178864317359
11,17,15.27550489028981
11,18,16.25969302343615
11,19,19.79061523810378
11,20,21.42191089617947
11,21,20.888685144762665
11,22,17.75092223969966
11,23,14.084819928504224
11,24,11.699193299420644
11,25,7.9928088800132695
11,26,6.3942220438070665
11,27,4.706263290322676
11,28,6.313752569006108
11,29,9.023337306391191
11,30,11.58277551032108
11,31,14.54121518957258
11,32,17.496473663683727
11,33,17.3700121171411
11,34,18.106228194670233
11,35,17.045266147361705
11,36,16.659482820516555
11,37,13.58825808341958
11,38,14.52235679337055
11,39,13.084424140738179
11,40,14.99145056434614
11,41,15.498546534109476
11,42,18.283804239181407
11,43,20.610852168428092
11,44,20.603242707467547
11,45,23.208493799963716
11,46,23.58496999036855
11,47,21.13044131858514
11,48,23.49807984677894
11,49,23.025394107249845
11,50,20.1830553384706
11,51,20.481897414041878
11,52,17.8935639836539
11,53,19.830169597968524
11,54,17.997674811686455
11,55,18.92481830191125
11,56,17.050751406551687
11,57,19.69458654305162
11,58,18.90760385544364
11,59,15.24098701132819
11,60,15.270446262268662
11,61,13.6702953826603
11,62,16.542272638401887
11,63,17.663856533860507
11,64,16.83642118319522
11,65,14.669834565697707
11,66,13.052523935380645
11,67,9.619788574484788
11,68,10.568979542239612
11,69,11.441876422596996
11,70,14.003247324144489
11,71,15.794136062230065
11,72,18.313292441908626
11,73,18.73297023605566
11,74,22.00726204811526
11,75,22.92813577171754
11,76,22.397808133694443
11,77,19.909535080637657
11,78,17.283390729478416
11,79,14.27555268924333
11,80,11.694586345102572
11,81,10.895232946008688
11,82,9.234138416237789
11,83,11.483961361277968
11,84,11.541861144116668
11,85,7.9504358802812805
11,86,9.077922171164031
11,87,9.255661617053233
11,88,12.777447388485154
11,89,14.201042923480106
11,90,17.736882350473167
11,91,19.371992114862557
11,92,22.44591258674684
11,93,25.678125538430734
11,94,27.414490223112512
12,1,22.589707773605795
12,2,22.014355764284833
12,3,19.719363397146033
12,4,16.37085036369985
12,5,16.80377998521936
12,6,15.832109145782583
12,7,15.153650796186527
12,8,12.576868868206102
12,9,9.239201039587536
12,10,6.400301096688004
12,11,3.7785167288043087
12,13,3.8115626220786347
12,14,6.466457690406399
12,15,9.65621718822175
12,16,11.763110854606735
12,17,15.084876699599825
12,18,15.388052531974541
12,19,18.804605154072203
12,20,20.619454783926873
12,21,20.766976180288477
12,22,17.78766768897425
12,23,14.431223790836015
12,24,11.375847132695908
12,25,7.825344391574237
12,26,5.3212047181985165
12,27,4.908327668843951
12,28,5.849533178786138
12,29,9.51791412778148
12,30,12.170982673989386
12,31,15.385691993312166
12,32,17.934151067748324
12,33,17.17752617985552
12,34,17.837163716777017
12,35,17.499383034408122
12,36,17.4614493510656
12,37,14.861497149645087
12,38,16.552090524052623
12,39,15.198494112928561
12,40,17.416593906635622
12,41,18.127151441606873
12,42,21.184339987819026
12,43,23.435445535561378
12,44,23.7211117067371
12,45,26.533020485927036
12,46,26.78427476857197
12,47,24.421668669462036
12,48,26.619134807245363
12,49,25.80900218832541
12,50,22.688115146390732
12,51,22.710590218091685
12,52,19.73099714333608
12,53,21.066153046208758
12,54,18.853648480857665
12,55,19.042619538945655
12,56,16.88851484964998
12,57,19.678924335742344
12,58,19.20893773214913
12,59,15.41764762317303
12,60,15.18992398241746
12,61,13.265922107156754
12,62,15.481657539500906
12,63,16.321300429010947
12,64,14.752959014406668
12,65,12.621767213462059
12,66,11.670252982976772
12,67,8.806295194351618
12,68,9.420666048811164
12,69,11.387923696427869
12,70,13.967240911695637
12,71,16.49491818667615
12,72,19.24928649851091
12,73,20.284826671580745
12,74,23.755563156989215
12,75,24.693648440283205
12,76,24.57791716311488
12,77,22.45020237122559
12,78,19.95645216495181
12,79,17.29255949946475
12,80,14.496766272642006
12,81,13.995100030634372
12,82,11.949816225754367
12,83,14.380732678831285
12,84,14.998257646444808
12,85,11.570634896298872
12,86,12.675891091793256
12,87,12.410981412081753
12,88,15.627652746894077
12,89,16.42738433263472
12,90,19.731314886094573
12,91,20.957412300347485
12,92,23.717253810852455
12,93,26.972132983341425
12,94,28.336794180341492
13,1,24.196076797446757
13,2,23.830880959281505
13,3,21.33024909373376
13,4,18.332098341518943
13,5,19.05497338602685
13,6,17.593276719662576
13,7,17.395289073522708
13,8,15.333377421025844
13,9,11.657814615889182
13,10,8.98396782959977
13,11,5.345800710700578
13,12,3.8115626220786347
13,14,3.8030199142013847
13,15,6.55342683289191
13,16,8.059502780145735
13,17,11.341232681077363
13,18,11.853325992684589
13,19,15.188480346363106
13,20,17.203249925477294
13,21,17.287685637108936
13,22,14.555598180673204
13,23,11.23715387343377
13,24,8.406273378382402
13,25,5.357401350489255
13,26,4.792878017648352
13,27,6.601709709640876
13,28,9.019124973985354
13,29,12.515426381005145
13,30,15.55482893654217
13,31,18.488773958915633
13,32,20.883500533279193
13,33,19.872319692320833
13,34,20.094369804057244
13,35,19.43729023451808
13,36,18.723923888826295
13,37,15.819430818714844
13,38,17.102350461919787
13,39,14.974079896441994
13,40,16.580988574756685
13,41,16.716972901948076
13,42,19.71314479085261
13,43,21.541973469526106
13,44,22.018169720231608
13,45,25.16559670040672
13,46,25.478130594648672
13,47,23.554660491015383
13,48,25.855486660246626
13,49,24.665233106825003
13,50,21.46546922047031
13,51,20.883182697928266
13,52,17.87453960801963
13,53,19.01762882323713
13,54,17.162229182609927
13,55,17.171632456196473
13,56,15.644979103353137
13,57,18.910082823587373
13,58,19.119693794814456
13,59,15.537233405602915
13,60,16.192950669791138
13,61,15.063422885613466
13,62,17.437155669340857
13,63,18.8472238251625
13,64,17.081216289843283
13,65,14.36244749579892
13,66,12.855219228894823
13,67,9.78674481615029
13,68,8.898892390541892
13,69,10.133834536216098
13,70,11.802519424842302
13,71,14.16191618059491
13,72,16.52586150197069
13,73,17.586616131656985
13,74,20.991899521371487
13,75,21.684314931210736
13,76,21.776548900659805
13,77,19.980561687696326
13,78,17.785923963982647
13,79,15.669832879045288
13,80,13.054501413256778
13,81,13.558629335383932
13,82,12.262847740889553
13,83,15.367993922687647
13,84,15.947772816179222
13,85,12.393982435191742
13,86,12.38101665491085
13,87,11.098034609643268
13,88,13.700499437587137
13,89,13.799381328493453
13,90,16.806940359244386
13,91,17.77728500110167
13,92,20.29729576773377
13,93,23.58195225390791
13,94,24.85677810546021
14,1,24.957380695857058
14,2,24.228379698227013
14,3,21.291962223142793
14,4,18.494987674169728
14,5,18.88727990881021
14,6,16.728862754581712
14,7,16.64861842672929
14,8,15.390434934308894
14,9,11.642599281392659
14,10,9.107831267823348
14,11,5.493879011235222
14,12,6.466457690406399
14,13,3.8030199142013847
14,15,3.8254574497997376
14,16,6.307481291116931
14,17,10.044456652818479
14,18,11.639484393371692
14,19,14.93587457944074
14,20,16.876214811350028
14,21,16.13866982061758
14,22,13.430386611049148
14,23,9.754736681637855
14,24,8.064609705052487
14,25,5.379106239468812
14,26,6.629946540734575
14,27,7.881918978658351
14,28,10.873485152185484
14,29,13.791755818362954
14,30,16.809514568591638
14,31,19.48979660533391
14,32,22.130275759940968
14,33,21.522667577969045
14,34,21.690185602298605
14,35,20.390219759134
14,36,19.169024311343936
14,37,15.801041116510275
14,38,16.21802541510453
14,39,13.612382928062038
14,40,14.475505788422135
14,41,13.941597041522094
14,42,16.577346120386217
14,43,18.14876803334109
14,44,18.392215337679556
14,45,21.59090871250215
14,46,22.135483841924678
14,47,20.437970488771025
14,48,23.007051933960884
14,49,21.9314039650082
14,50,18.98310360497118
14,51,18.267622898240663
14,52,15.668887566906921
14,53,17.349316593723763
14,54,16.136890610430576
14,55,16.80826378416302
14,56,15.905619816699266
14,57,19.210043678287352
14,58,19.431568890120438
14,59,16.091612162390845
14,60,17.283040241669863
14,61,16.651183475467082
14,62,19.547760479759617
14,63,21.288995759492586
14,64,19.996904876363924
14,65,17.138363054537486
14,66,15.033762616146774
14,67,11.51656518046495
14,68,10.54094856096075
14,69,10.414692305353425
14,70,11.52277366537345
14,71,12.906897411082916
14,72,14.708509199281824
14,73,15.044971562528534
14,74,18.1950184640157
14,75,18.639591998376684
14,76,18.35942492245727
14,77,16.335910457211124
14,78,14.244514713889155
14,79,12.16466400364952
14,80,9.992507485121633
14,81,11.08154306650641
14,82,10.784402238501025
14,83,14.021840788203367
14,84,14.041449668918252
14,85,10.451822722986865
14,86,9.464592203332312
14,87,7.52859129481385
14,88,9.914261916027636
14,89,10.189376103773803
14,90,13.319820227232434
14,91,14.692913693717149
14,92,17.43023625452137
14,93,20.79277363602714
14,94,22.47579912538306
15,1,24.9601187362219
15,2,24.45429677471049
15,3,21.438073447794963
15,4,19.176324603639355
15,5,19.99018149890809
15,6,17.61303977702625
15,7,18.267122554235492
15,8,17.4255843832046
15,9,13.6653888670378
15,10,11.924034439720593
15,11,8.672790557412869
15,12,9.65621718822175
15,13,6.55342683289191
15,14,3.8254574497997376
15,16,3.7925701452704916
15,17,7.151990355245664
15,18,9.04142250636731
15,19,12.3598230684077
15,20,13.867118239921293
15,21,12.657546638699477
15,22,9.894748087962045
15,23,6.1526448529003765
15,24,5.528279942986078
15,25,4.528826909817949
15,26,7.670574186437816
15,27,9.727046841948773
15,28,13.288419076195341
15,29,15.8414788808205
15,30,19.18400750286778
15,31,21.395690826736814
15,32,23.713560472770702
15,33,22.863161472014415
15,34,22.575525664729273
15,35,20.925895920660274
15,36,19.061095651513234
15,37,15.611715729443219
15,38,15.596079401118898
15,39,12.402632309084263
15,40,12.57358376235306
15,41,11.605296143048003
15,42,14.270490457274244
15,43,15.566968705251561
15,44,16.373238397192736
15,45,19.812391308816295
15,46,20.06085075102866
15,47,18.747382404515022
15,48,21.129096468250015
15,49,19.563333013912857
15,50,16.505301714828533
15,51,15.24099642394923
15,52,12.596107835265581
15,53,14.065493939551143
15,54,13.285104800625852
15,55,14.01404946311567
15,56,13.847544882386991
15,57,17.313801472841874
15,58,18.061284197241314
15,59,15.18429276824878
15,60,17.16851593179323
15,61,17.37452497604963
15,62,20.396302964018833
15,63,22.692152265211742
15,64,21.514040531121587
15,65,18.250372168513405
15,66,15.607202438299973
15,67,12.173912746876248
15,68,10.320002491741555
15,69,8.983124707310038
15,70,8.948804918245214
15,71,9.661776448340898
15,72,11.028232988798587
15,73,11.383933259598226
15,74,14.581209997248575
15,75,15.149940671229023
15,76,15.307894160570472
15,77,13.796937555463808
15,78,11.697061588214972
15,79,10.345085184627857
15,80,8.172340779226358
15,81,10.30145264568762
15,82,10.712749555694417
15,83,14.321151000575254
15,84,14.682439034641146
15,85,11.603006863269623
15,86,9.795492002582048
15,87,7.377973999089905
15,88,8.702859328220379
15,89,7.678349819745299
15,90,10.639539868025404
15,91,11.346391101041997
15,92,14.168661687535993
15,93,17.337619212940385
15,94,18.848542759456485
16,1,27.83612160496536
16,2,27.655926323238965
16,3,24.79528809287577
16,4,22.62905537447634
16,5,23.647621074330893
16,6,21.371714293129422
16,7,22.017957453019058
16,8,21.01847201760493
16,9,17.219383819081155
16,10,15.209736585171989
16,11,11.658178864317359
16,12,11.763110854606735
16,13,8.059502780145735
16,14,6.307481291116931
16,15,3.7925701452704916
16,17,3.782427265704209
16,18,6.282797256414602
16,19,9.084649834318833
16,20,11.232642784371698
16,21,10.3403480304908
16,22,8.46083290479421
16,23,5.519142706241709
16,24,5.647333703018856
16,25,6.5415096115027875
16,26,9.874930655524107
16,27,12.675486409723513
16,28,16.1105753233774
16,29,19.00208122075711
16,30,22.392197658367238
16,31,24.74320069419735
16,32,26.926744083106705
16,33,25.770960969756008
16,34,25.33917348374466
16,35,23.942967248173513
16,36,22.040725244539946
16,37,18.7797842090068
16,38,18.92269118187591
16,39,15.604280288382284
16,40,15.502903665120074
16,41,14.195414351849644
16,42,16.578279414757034
16,43,17.220067909813654
16,44,18.161734722852234
16,45,21.825875140588213
16,46,22.199823802857757
16,47,21.398504522211773
16,48,23.758819529583807
16,49,21.85854113218205
16,50,18.822017994841545
16,51,16.90129993448282
16,52,14.3028288325181
16,53,15.10217068524664
16,54,14.623976206035143
16,55,14.645336423753303
16,56,15.022728977924363
16,57,18.746499276260234
16,58,20.13992911895441
16,59,17.48313797895911
16,60,19.682247138082907
16,61,20.017041995864393
16,62,22.704147137473743
16,63,25.000981503003704
16,64,23.37845845546277
16,65,20.013982542627996
16,66,17.605166333460026
16,67,14.561467557518272
16,68,11.988273718302604
16,69,10.858006494490892
16,70,9.760922252078679
16,71,10.499234071020926
16,72,11.135613538757816
16,73,11.797362339590839
16,74,14.69561785672788
16,75,14.717796869308383
16,76,15.314478385631865
16,77,14.502731664171739
16,78,13.210295664591671
16,79,12.819629600417615
16,80,11.236132282633779
16,81,13.847305610833669
16,82,14.392626666902753
16,83,18.052712985066684
16,84,18.440024591774808
16,85,15.349442604500881
16,86,13.332736125763814
16,87,10.4305906405938
16,88,10.743793498198013
16,89,8.72843270058049
16,90,10.515670655264817
16,91,10.594673584858944
16,92,12.554894140765589
16,93,15.818096666964983
16,94,17.00689272660995
17,1,29.53688210236974
17,2,29.69781050035947
17,3,26.97298405550149
17,4,25.15689924596009
17,5,26.517433941180904
17,6,24.296012262093228
17,7,25.289601221366873
17,8,24.33425523728766
17,9,20.545347693786674
17,10,18.78426680379971
17,11,15.27550489028981
17,12,15.084876699599825
17,13,11.341232681077363
17,14,10.044456652818479
17,15,7.151990355245664
17,16,3.782427265704209
17,18,3.7933804902955885
17,19,5.6751315056783485
17,20,7.846025869914196
17,21,6.971790563302904
17,22,6.161973336444446
17,23,4.993657373384241
17,24,6.492842891243485
17,25,9.029015023017571
17,26,12.533190952021055
17,27,15.720402000604457
17,28,19.224930621215886
17,29,22.055560847023006
17,30,25.593856885352192
17,31,27.75866892372533
17,32,29.657938890503697
17,33,28.201430007131673
17,34,27.455977129441095
17,35,26.07427402487779
17,36,23.895817693882737
17,37,20.835957961008024
17,38,20.934295356229075
17,39,17.46611430439603
17,40,17.004112531020926
17,41,15.532140646972465
17,42,17.73022948772803
17,43,17.906905818394165
17,44,19.317021514478558
17,45,23.06661078572596
17,46,23.21904656669511
17,47,22.869602502859664
17,48,24.95515159586264
17,49,22.601442355335287
17,50,19.56713362821466
17,51,17.05925935727986
17,52,14.530595827355551
17,53,14.551847067152792
17,54,14.477899627158475
17,55,13.947485680208596
17,56,15.084993661738608
17,57,18.834471862529142
17,58,20.868890213305292
17,59,18.706026378168136
17,60,21.314017303734712
17,61,22.118251848903107
17,62,24.59944270035341
17,63,27.13829023627459
17,64,25.382531404167064
17,65,21.84640322724785
17,66,19.37763290544989
17,67,16.742613702411198
17,68,13.607464814154815
17,69,12.146069109700962
17,70,9.91337002304806
17,71,10.22351340213241
17,72,10.010247435058517
17,73,11.097544852769678
17,74,13.654822297139557
17,75,13.523795877133795
17,76,14.895348105363011
17,77,15.032071240357359
17,78,14.217409744408302
17,79,14.725016748753982
17,80,13.403182221378822
17,81,16.364679768620768
17,82,17.08337439810086
17,83,20.805220081046855
17,84,21.45526384906962
17,85,18.63662511002751
17,86,16.441268330270496
17,87,13.5093992816633
17,88,13.111161992291978
17,89,10.216433728358023
17,90,10.900693534616114
17,91,9.761742785087634
17,92,10.853509560784554
17,93,13.730959343240464
17,94,14.275301745629198
18,1,28.3636887400216
18,2,28.99568580408022
18,3,26.64413047178342
18,4,24.979031872371433
18,5,26.810935534962038
18,6,25.036662056094944
18,7,26.276983857985947
18,8,24.93875550484744
18,9,21.185256016713208
18,10,19.687420887325224
18,11,16.25969302343615
18,12,15.388052531974541
18,13,11.853325992684589
18,14,11.639484393371692
18,15,9.04142250636731
18,16,6.282797256414602
18,17,3.7933804902955885
18,19,3.798918982808636
18,20,5.4430362139729
18,21,6.31926834042826
18,22,5.358237199725946
18,23,5.525204914924202
18,24,5.776297791127505
18,25,9.01619105959511
18,26,12.110711533453772
18,27,15.716427268193641
18,28,19.07938391323655
18,29,21.91614271587973
18,30,25.583393112374175
18,31,27.608695048705304
18,32,29.097481494721094
18,33,27.197590784856235
18,34,26.198335657558022
18,35,25.147454774548073
18,36,23.043103155339015
18,37,20.409135505344288
18,38,21.03969866901273
18,39,17.816789006434455
18,40,17.859893059499875
18,41,17.076062534867468
18,42,19.716304836085325
18,43,20.28086573131482
18,44,22.119815972200353
18,45,25.783392557562753
18,46,25.49400203614604
18,47,24.912543274578486
18,48,26.590925871598895
18,49,23.9684555401835
18,50,20.633351787137702
18,51,18.230253584475324
18,52,15.229181734800884
18,53,14.410093926245306
18,54,13.691940910925961
18,55,12.21974254143416
18,56,13.181540174468623
18,57,16.93192767332603
18,58,19.346426079060013
18,59,17.354582322378644
18,60,19.952828704467397
18,61,20.91739668208581
18,62,22.9722150827337
18,63,25.58779821704583
18,64,23.61595985299974
18,65,20.012268541741317
18,66,17.70751806440353
18,67,15.676351917618323
18,68,12.118429616378823
18,69,11.049119541135187
18,70,8.545854043926488
18,71,9.763547009507002
18,72,10.227361553543972
18,73,12.461892324590117
18,74,15.319120249323422
18,75,15.841561467668006
18,76,17.770740821530875
18,77,18.169688550015724
18,78,16.967243919205224
18,79,17.287494528090175
18,80,15.341308041851297
18,81,17.8584047537405
18,82,17.92418038717707
18,83,21.679556029388117
18,84,22.918797822452778
18,85,20.200335558024875
18,86,18.535422730034377
18,87,16.084502080372538
18,88,16.211492119152396
18,89,13.406179352409367
18,90,14.336672872724074
