1,2,3.8067259180140884
1,3,6.573014894771916
1,4,9.896102525895483
1,5,12.971101678730225
1,6,14.948546812114078
1,7,18.43717188243698
1,8,18.845410474126002
1,9,22.65661442856834
1,10,23.527096748176838
1,11,26.9162359993576
1,12,27.80350486098076
1,13,27.50784751449675
1,14,30.004754510619804
1,15,33.06657520687787
1,16,32.4853695428048
1,17,36.1243914437695
1,18,37.589385814222105
1,19,41.356067118367385
1,20,42.26765744833889
1,21,45.79380252919148
1,22,46.534874151271026
1,23,46.148410487026226
1,24,43.330944369212006
1,25,39.80675147938711
1,26,36.97347393763831
1,27,33.445701402227954
1,28,30.52666136035544
1,29,27.1044883566756
1,30,23.63305337962092
1,31,21.379764897667418
1,32,17.644318388427912
1,33,14.271847991118943
1,34,10.927167872203484
1,35,8.517738461168937
1,36,10.208090661535955
1,37,13.323555582500768
1,38,14.996088995239463
1,39,18.517492480164453
1,40,21.429383019696747
1,41,24.606758115833635
1,42,27.55788797303215
1,43,29.82566907278407
1,44,33.39430326458729
1,45,34.934777903825996
1,46,32.087427334890286
1,47,32.827345725620525
1,48,30.891190712290697
1,49,32.44917558702334
1,50,33.12381465408298
1,51,36.34879193166856
1,52,38.493571920549506
1,53,40.89788539150627
1,54,41.104639550956044
1,55,43.673643676017754
1,56,42.01467076055676
1,57,38.603222722224
1,58,35.46459163864909
1,59,33.44383901829856
1,60,29.720567301861
1,61,27.255434870142615
1,62,23.515382745698655
1,63,24.052107900305653
1,64,25.355252775524345
1,65,23.802459636500917
1,66,27.39782832667388
1,67,30.24666993101325
1,68,33.63531480624733
1,69,36.96569297609453
1,70,40.25500012738011
1,71,43.66115231521184
1,72,42.4919801169559
1,73,45.08669301162277
1,74,45.71104794036798
1,75,43.967078359797036
1,76,40.69957976060818
1,77,40.813265074498325
1,78,37.967925779216266
1,79,34.44337086198876
1,80,31.609538469875996
1,81,28.09976546145059
1,82,25.04113270509743
1,83,22.261811914776487
1,84,18.876861894359315
1,85,16.417067887086013
1,86,13.364190288779964
1,87,12.013522843233442
1,88,9.994452546322089
1,89,12.966766876833288
1,90,16.373879520611133
1,91,18.580597818311414
1,92,22.31160887145769
1,93,25.203274066962116
1,94,28.950846233130747
1,95,31.53277379803743
1,96,35.17351580524411
1,97,37.67502029164302
1,98,41.371058791577916
1,99,43.90335503080886
1,100,47.096092826919616
1,101,50.546063250879406
2,1,3.8067259180140884
2,3,3.820802195513829
2,4,6.935720068752455
2,5,9.706657931488227
2,6,12.192277885739776
2,7,15.654431193121251
2,8,16.315820566893702
2,9,20.146518775738635
2,10,21.08959855099845
2,11,24.61396412644305
2,12,25.126769629684958
2,13,24.66280952442643
2,14,27.39047837120942
2,15,30.240822644830473
2,16,29.532705739885607
2,17,33.084476719865705
2,18,34.391528644186366
2,19,38.1310793930116
2,20,38.92228597247983
2,21,42.406294508688724
2,22,43.01159314872283
2,23,42.59361559898681
2,24,39.86340910363891
2,25,36.3136476871163
2,26,33.50499798466664
2,27,30.003461307032374
2,28,27.093985297276028
2,29,23.750013057186084
2,30,20.287363712206744
2,31,18.173955743791517
2,32,14.403689009534668
2,33,11.144609243839787
2,34,7.536577993836606
2,35,4.970901765029894
2,36,6.673301994342155
2,37,9.74817139290419
2,38,11.20508070192982
2,39,14.713740913382344
2,40,17.642197889561796
2,41,20.828670689804405
2,42,23.83509122580732
2,43,26.195116733016306
2,44,29.786508710555132
2,45,31.469214856791663
2,46,28.673522774682688
2,47,29.275361991369927
2,48,27.227084768407185
2,49,28.69967497999911
2,50,29.324775057254623
2,51,32.54704468192044
2,52,34.69477510027695
2,53,37.108003495144246
2,54,37.31549860237255
2,55,39.88547921552967
2,56,38.24700368892377
2,57,34.81567102130536
2,58,31.705888255520385
2,59,29.74823235967715
2,60,26.002398732508635
2,61,23.650445093386892
2,62,19.89765025406026
2,63,20.69018865525177
2,64,22.006635372539936
2,65,20.26516341470978
2,66,23.844964343826554
2,67,26.59182894546609
2,68,30.017824821683355
2,69,33.305327725108825
2,70,36.62805021300199
2,71,40.03075974707657
2,72,38.869513482189426
2,73,41.437132665839826
2,74,42.10869878768903
2,75,40.30986472235141
2,76,37.0537640949997
2,77,37.28755330441798
2,78,34.49771053157783
2,79,31.038457173828345
2,80,28.09504124473238
2,81,24.622686627061704
2,82,21.470969135178596
2,83,18.684020073491443
2,84,15.243605550417954
2,85,12.780015184258032
2,86,9.704563471886502
2,87,8.86323363752294
2,88,7.137439427731894
2,89,10.03788837552083
2,90,13.22028937004242
2,91,15.459567837809262
2,92,19.091656009138465
2,93,22.045414410645883
2,94,25.7363146932346
2,95,28.270514105020215
2,96,31.922576890306203
2,97,34.29143679284423
2,98,38.00124425513643
2,99,40.45272674357892
2,100,43.71440374210235
2,101,47.10094024258314
3,1,6.573014894771916
3,2,3.820802195513829
3,4,3.8297966361702107
3,5,6.444050434886061
3,6,8.508934104303899
3,7,12.090035953499049
3,8,13.047242537372384
3,9,16.796213836493067
3,10,17.443269455308183
3,11,21.018034755910893
3,12,21.692338010393936
3,13,21.10995621620623
3,14,23.699759279908445
3,15,26.642513374992483
3,16,25.964121350244838
3,17,29.57744643208111
3,18,31.029132760196905
3,19,34.79354319672512
3,20,35.75837006653907
3,21,39.3202712539228
3,22,40.12211674307588
3,23,39.87919846469572
3,24,37.06007787176393
3,25,33.613414540752046
3,26,30.644107087007402
3,27,27.192732642152997
3,28,24.130350786840072
3,29,20.779972442771825
3,30,17.209567378997026
3,31,15.243467924665246
3,32,11.42990575451156
3,33,8.486921067657711
3,34,5.180529790313537
3,35,4.857173636809443
3,36,7.317933254220363
3,37,9.157889009853674
3,38,9.773642183400996
3,39,13.433593439647547
3,40,15.73880663729079
3,41,18.959803641810385
3,42,21.594847979583946
3,43,23.87830184656507
3,44,27.31502631980372
3,45,28.889903310637354
3,46,26.28714342603324
3,47,27.23476904649544
3,48,25.44545832476277
3,49,26.772106915605153
3,50,27.68126880876717
3,51,30.709693864901126
3,52,33.16137458970705
3,53,35.31674450949051
3,54,35.28045368623943
3,55,37.87702716532319
3,56,36.348002447869455
3,57,32.999779408531296
3,58,29.74219036365361
3,59,27.880062979388768
3,60,24.225355885480834
3,61,21.938416860136062
3,62,18.353280023084892
3,63,19.17614161868239
3,64,19.88694198925277
3,65,17.9292711598621
3,66,21.36701015412721
3,67,24.162119354890446
3,68,27.605987596935496
3,69,30.87134195581951
3,70,34.22349219935541
3,71,37.51816243253113
3,72,36.19348427966013
3,73,38.7729713347767
3,74,39.32992894334779
3,75,37.72281680795971
3,76,34.396352011832946
3,77,34.39365590710639
3,78,31.5897394940525
3,79,28.05967795724613
3,80,25.227591003745047
3,81,21.773977144273562
3,82,18.71616180585011
3,83,16.195761563281202
3,84,12.760879501199128
3,85,10.930577628262686
3,86,8.778379686491169
3,87,9.103962036231682
3,88,6.532737415873438
3,89,8.04731585646904
3,90,10.75168390838454
3,91,12.353317889604574
3,92,15.99269008767843
3,93,18.72135610759422
3,94,22.46931466164279
3,95,24.975020589668265
3,96,28.634919914455747
3,97,31.13487776980447
3,98,34.822572396863244
3,99,37.383103043256895
3,100,40.55041512481636
3,101,44.02430720542748
4,1,9.896102525895483
4,2,6.935720068752455
4,3,3.8297966361702107
4,5,3.836548938129214
4,6,6.591891654404497
4,7,10.338543746064117
4,8,12.343835000783427
4,9,15.763071366243462
4,10,15.806947765228093
4,11,19.579917214656895
4,12,20.111262068387276
4,13,18.91584179690557
4,14,21.43786170733824
4,15,24.231897017854948
4,16,23.141186390322524
4,17,26.659563174772483
4,18,28.260719762731355
4,19,31.99123136439634
4,20,33.12015437021375
4,21,36.738317653271594
4,22,37.47585435361897
4,23,37.480132924127425
4,24,34.80789189463455
4,25,31.46240042041716
4,26,28.317611127642625
4,27,25.06404459200486
4,28,21.75556879865608
4,29,18.70131014248691
4,30,14.972882459638521
4,31,13.778243412641558
4,32,10.006061537415983
4,33,8.181350798764456
4,34,5.39489648207467
4,35,6.6080730256442
4,36,8.279080503996878
4,37,9.359516612285924
4,38,8.399328403345384
4,39,11.613356377835593
4,40,13.376922128601343
4,41,16.239272443665286
4,42,18.593626511804697
4,43,20.557752962435696
4,44,23.960611022329037
4,45,25.320564771224007
4,46,22.65402347650978
4,47,23.7918671684125
4,48,22.270082229482764
4,49,23.775721948156274
4,50,25.052434601732088
4,51,28.064378762163354
4,52,30.583683984023423
4,53,32.49702799987122
4,54,32.536100825358794
4,55,35.32141280734902
4,56,34.08290052014223
4,57,30.684088912383565
4,58,27.511883184816767
4,59,26.029548004527644
4,60,22.404596851505595
4,61,20.588257202071784
4,62,17.17892923903
4,63,18.601648001812183
4,64,18.89626455277834
4,65,16.327785942528617
4,66,19.463025830871427
4,67,21.90030327159193
4,68,25.495249743663376
4,69,28.536050097687582
4,70,32.04447325642506
4,71,35.16490777576148
4,72,33.5662929450469
4,73,35.94100110014098
4,74,36.25939157789893
4,75,34.57240703159751
4,76,31.346973188781437
4,77,31.17528981681712
4,78,28.216898651871194
4,79,24.632828964097587
4,80,21.961346086106957
4,81,18.391095403778422
4,82,15.576210747702518
4,83,12.873029715816253
4,84,9.74035807100439
4,85,7.961828850048948
4,86,6.7785704862437735
4,87,7.744116071841018
4,88,4.860327742053819
4,89,4.636703472609532
4,90,7.001225748106045
4,91,8.692576401325454
4,92,12.425065435952764
4,93,15.382152138672163
4,94,19.115066143923105
4,95,21.867933076314234
4,96,25.421546821806494
4,97,28.04983212462977
4,98,31.747112936318906
4,99,34.43900602432228
4,100,37.66498123485534
4,101,41.125246850546844
5,1,12.971101678730225
5,2,9.706657931488227
5,3,6.444050434886061
5,4,3.836548938129214
5,6,3.812656564908558
5,7,7.036875155126394
5,8,9.29132755945819
5,9,12.52085211645538
5,10,12.75128194939519
5,11,16.530623432872904
5,12,16.645215688986784
5,13,15.463161154837037
5,14,18.27343226278788
5,15,20.87213607226664
5,16,19.907039056987422
5,17,23.403933602490085
5,18,24.77165205536693
5,19,28.509981115037267
5,20,29.48897864732496
5,21,33.072262311071135
5,22,33.83483697582202
5,23,33.76133831311315
5,24,31.030213386636948
5,25,27.674281872032232
5,26,24.551708958216274
5,27,21.255844192047416
5,28,17.990815194487922
5,29,14.875261182812881
5,30,11.16443430965863
5,31,10.013566015191167
5,32,6.315853503514253
5,33,5.400466288100527
5,34,4.284945460560456
5,35,7.313902710979041
5,36,8.705641120470505
5,37,8.102327444842492
5,38,6.387263660838668
5,39,9.366373226843844
5,40,10.432002832620048
5,41,13.489858903221656
5,42,15.636998715942372
5,43,17.90131214841739
5,44,21.17073196740525
5,45,22.81801539141594
5,46,20.519231472960684
5,47,21.626870649068344
5,48,20.01279389786645
5,49,21.055666360929347
5,50,22.249869635391228
5,51,25.034743661723912
5,52,27.775384740315257
5,53,29.62640422634642
5,54,29.377101434109946
5,55,32.02949352421444
5,56,30.70663278359813
5,57,27.42122270672018
5,58,24.11414403915765
5,59,22.563878080018124
5,60,19.043519922109336
5,61,17.205358379228933
5,62,14.006747319521082
5,63,15.415678967275364
5,64,15.323415924767955
5,65,12.657281262260684
5,66,15.71911756009166
5,67,18.25773845377302
5,68,21.795766680172637
5,69,24.894754384532177
5,70,28.351111945228133
5,71,31.487214309753114
5,72,29.95969050124658
5,73,32.46120482899246
5,74,32.93016605259713
5,75,31.401628221938882
5,76,28.049215029449243
5,77,27.968220531158885
5,78,25.20547116138023
5,79,21.700935650955795
5,80,18.832977736755055
5,81,15.44887811582077
5,82,12.385043227703628
5,83,10.227159722430338
5,84,6.848526610412298
5,85,6.484049577626026
5,86,6.772598848654929
5,87,9.366000740890579
5,88,7.674645296272151
5,89,6.160744590691475
5,90,6.365520461151103
5,91,6.6119014229509165
5,92,9.883879774240269
5,93,12.456807777511122
5,94,16.151686602696763
5,95,18.591770118359374
5,96,22.261248770101005
5,97,24.704507065050347
5,98,28.400129891068527
5,99,30.970420173681973
5,100,34.1716609811303
5,101,37.62926496820724
6,1,14.948546812114078
6,2,12.192277885739776
6,3,8.508934104303899
6,4,6.591891654404497
6,5,3.812656564908558
6,7,3.835932210378131
6,8,6.3231772267395705
6,9,9.329610195326197
6,10,9.247698895809487
6,11,13.010542571097128
6,12,13.602585207627158
6,13,12.662133269979506
6,14,15.211786942130937
6,15,18.14537858632383
6,16,17.605408847251994
6,17,21.29540366256705
6,18,22.829357030975718
6,19,26.61636606071683
6,20,27.790044769884762
6,21,31.442537825800414
6,22,32.60577927277829
6,23,32.64720598765849
6,24,29.673004231310845
6,25,26.476107378602325
6,26,23.25192782239553
6,27,19.968906759370544
6,28,16.690446918169982
6,29,13.427756724586093
6,30,9.808687454217564
6,31,8.49928146806179
6,32,5.355557513733106
6,33,5.478512345487183
6,34,6.425680561039352
6,35,10.00807105637611
6,36,11.846875390300653
6,37,10.679993785375197
6,38,9.281522086250499
6,39,11.92618480713592
6,40,12.07169499574069
6,41,15.026603284619044
6,42,16.486544347648632
6,43,18.68143260213842
6,44,21.527228915342658
6,45,23.064132992087515
6,46,21.23910341708594
6,47,22.765574946035013
6,48,21.48442663395643
6,49,22.114391663131304
6,50,23.451453352377698
6,51,25.816234165264575
6,52,28.892451520015182
6,53,30.462136382107253
6,54,29.773695468335603
6,55,32.264853139097426
6,56,30.927880253378984
6,57,27.907508687730765
6,58,24.400605215397547
6,59,22.776831432846464
6,60,19.578264210815128
6,61,17.604489559334468
6,62,14.874201659197803
6,63,15.702781814003957
6,64,14.80195309850906
6,65,12.44892449663792
6,66,15.186176612790632
6,67,17.972926233885588
6,68,21.263227152025813
6,69,24.403241409302616
6,70,27.69958721283984
6,71,30.72431120060651
6,72,29.150660675898486
6,73,31.79415962302422
6,74,32.2382286478811
6,75,31.127198412039775
6,76,27.638740450560565
6,77,27.256926678095244
6,78,24.637619326366075
6,79,21.121941343076024
6,80,18.451196511951775
6,81,15.365644381607629
6,82,12.55262617094466
6,83,11.411931052962784
6,84,8.543319429963239
6,85,9.566285239406108
6,86,10.520655665187208
6,87,13.147559849728774
6,88,11.103238453692253
6,89,9.209635430177586
6,90,8.715106775708497
6,91,7.231053888872789
6,92,9.83610436459936
6,93,11.385561581694155
6,94,15.069958702607122
6,95,17.16555983932595
6,96,20.870608849708
6,97,23.439154417151645
6,98,27.03492952996754
6,99,29.679298717772735
6,100,32.631811376846365
6,101,36.23248929676813
7,1,18.43717188243698
7,2,15.654431193121251
7,3,12.090035953499049
7,4,10.338543746064117
7,5,7.036875155126394
7,6,3.835932210378131
7,8,3.796402112178416
7,9,5.789599561131134
7,10,5.814148482776937
7,11,9.52685899490053
7,12,9.785126392441995
7,13,9.079055994786984
7,14,11.87247123043742
7,15,14.712155777169468
7,16,14.609621538670634
7,17,18.31002676163997
7,18,19.625316844353755
7,19,23.408439457862823
7,20,24.493155410323194
7,21,28.114297148227987
7,22,29.475617303166793
7,23,29.480678599117976
7,24,26.35279998802308
7,25,23.244840261118288
7,26,20.03639681678481
7,27,16.755500692161185
7,28,13.604729378038204
7,29,10.260181736428914
7,30,6.981430725335993
7,31,5.726499010983153
7,32,4.286536787147961
7,33,6.447126750303213
7,34,9.03620646367331
7,35,12.818983120916322
7,36,14.410575279895216
7,37,12.350956166498976
7,38,10.845467528787292
7,39,12.736014839381927
7,40,11.906394254468166
7,41,14.647540783318313
7,42,15.487706984940662
7,43,17.803784638836557
7,44,20.201311162717516
7,45,21.915150298289802
7,46,20.693431021652255
7,47,22.276233832149046
7,48,21.08797942250884
7,49,21.110698918312718
7,50,22.367102829441265
7,51,24.27058333363908
7,52,27.60165042815449
7,53,28.974824285020127
7,54,27.85411260635986
7,55,30.104307804650933
7,56,28.69592849155609
7,57,25.95570595929533
7,58,22.315487480653847
7,59,20.6299404652022
7,60,17.813400566088223
7,61,15.846674930844221
7,62,13.767068776183754
7,63,14.214293060162152
7,64,12.491702097389224
7,65,10.410616503507162
7,66,12.648736035882422
7,67,15.57045591194811
7,68,18.550759458323864
7,69,21.70711763612315
7,70,24.814247439821845
7,71,27.77186382200207
7,72,26.275634775538617
7,73,29.084807498351047
7,74,29.67070426180451
7,75,28.907406385549123
7,76,25.291911088603737
7,77,24.883795742082768
7,78,22.589629707914632
7,79,19.260467985393614
7,80,16.57882451212391
7,81,14.035609960875423
7,82,11.342824091933847
7,83,11.437064570179551
7,84,9.178724719354896
7,85,11.470718002581933
7,86,13.13701288103485
7,87,16.239219140187362
7,88,14.638019672335343
7,89,12.464339501694942
7,90,11.078054640952988
7,91,8.481981004577344
7,92,9.658864206947719
7,93,9.92901062192378
7,94,13.221722717955272
7,95,14.63253454371998
7,96,18.3766883547328
7,97,20.734750013080035
7,98,24.22319212906579
7,99,26.73602612144083
7,100,29.526173575778177
7,101,33.16151481985101
8,1,18.845410474126002
8,2,16.315820566893702
8,3,13.047242537372384
8,4,12.343835000783427
8,5,9.29132755945819
8,6,6.3231772267395705
8,7,3.796402112178416
8,9,3.8670585119718655
8,10,6.136198796291051
8,11,8.934068022307958
8,12,9.144146337682661
8,13,9.986084515703588
8,14,12.817721355325963
8,15,15.603483653116387
8,16,16.355910706084295
8,17,19.965587238651164
8,18,20.85642919373818
8,19,24.552292162361194
8,20,25.297445882288997
8,21,28.73841163596125
8,22,30.245489572900933
8,23,29.886621675545175
8,24,26.525573322449343
8,25,23.365026996654453
8,26,20.502985210304857
8,27,17.012631976900153
8,28,14.478751452969828
8,29,10.809284801107308
8,30,8.393176147025533
8,31,5.594908150254708
8,32,5.105163891122861
8,33,6.313824192039554
8,34,9.653448436429148
8,35,13.222554507465121
8,36,14.98583864924656
8,37,12.638485160497114
8,38,12.17312786206938
8,39,14.28267469503269
8,40,13.764166746522722
8,41,16.826295657619838
8,42,17.84396231868126
8,43,20.545626784233995
8,44,22.81737689071591
8,45,24.842419966537822
8,46,23.879730176936157
8,47,25.21098289516488
8,48,23.73553977927214
8,49,23.347249014470126
8,50,24.11797870051599
8,51,25.827352481044134
8,52,29.166102178452093
8,53,30.72609998536516
8,54,29.326694201765083
8,55,31.203002073759112
8,56,29.407999957727093
8,57,26.897881295262827
8,58,23.124439717766016
8,59,20.929840473483253
8,60,18.30275101765757
8,61,15.72696339327774
8,62,13.785705004906813
8,63,13.187060743883633
8,64,11.484291414971725
8,65,10.60242342755812
8,66,13.00704063969844
8,67,16.431448871531064
8,68,18.960445028878574
8,69,22.3772193647813
8,70,25.12017224416241
8,71,28.241682552061842
8,72,27.18461144996713
8,73,30.300396619889078
8,74,31.266111313005
8,75,30.763440169160074
8,76,27.028162907427937
8,77,26.8669114238683
8,78,24.970063513893027
8,79,21.89285698469436
8,80,19.06790690288731
8,81,16.94054726198607
8,82,14.070497538149825
8,83,14.498445115634391
8,84,11.970620081589708
8,85,14.117102589796225
8,86,15.20351372828389
8,87,18.300064799559895
8,88,16.820319245896485
8,89,15.283058677965666
8,90,14.37872693011262
8,91,12.139725751179467
8,92,13.264113967915566
8,93,13.196959021586274
8,94,16.13068885494261
8,95,16.885204152661213
8,96,20.592500470169565
8,97,22.55675492279847
8,98,25.880580332273126
8,99,28.07272978804201
8,100,30.6621196252313
8,101,34.26215138177309
9,1,22.65661442856834
9,2,20.146518775738635
9,3,16.796213836493067
9,4,15.763071366243462
9,5,12.52085211645538
9,6,9.329610195326197
9,7,5.789599561131134
9,8,3.8670585119718655
9,10,3.83320310264524
9,11,5.4679488753391565
9,12,5.432322833944708
9,13,7.115044302040246
9,14,9.728150781799513
9,15,12.370003950582703
9,16,13.756400876413036
9,17,17.23127295202486
9,18,17.98667500913268
9,19,21.576963215918475
9,20,22.361591934313232
9,21,25.757560303428015
9,22,27.580285820316167
9,23,27.323262644988393
9,24,23.818320460069803
9,25,20.920770629432354
9,26,18.07149717593117
9,27,14.809699483520124
9,28,12.552294835043517
9,29,9.235753375555108
9,30,7.924588146202312
9,31,6.121200595963645
9,32,7.696231633513963
9,33,9.903394709648161
9,34,13.370321743579284
9,35,16.98940323378949
9,36,18.583948920750807
9,37,15.942870588231944
9,38,15.121032194067515
9,39,16.579060851370382
9,40,15.253678494316619
9,41,17.789169942107748
9,42,18.052195198457692
9,43,20.53823527613212
9,44,22.232061627808157
9,45,24.184836620588694
9,46,23.80449048907241
9,47,25.314054569602533
9,48,24.143107134209934
9,49,23.310072562078602
9,50,24.157777429949768
9,51,25.336439998060847
9,52,28.884092270418982
9,53,30.092924846114443
9,54,28.28580634677071
9,55,29.93535234739054
9,56,28.21572293989864
9,57,26.07274071880496
9,58,22.287020875683048
9,59,20.233993774411847
9,60,18.19082423245262
9,61,15.915418273116115
9,62,14.85997153396243
9,63,14.043942224389816
9,64,11.405246297839545
9,65,10.915839708836705
9,66,12.2756198542393
9,67,15.489382411169277
9,68,17.500289246517966
9,69,20.7206709471854
9,70,23.181533178727037
9,71,26.064343859375505
9,72,24.994525666973956
9,73,28.174484698998146
9,74,29.14946063026722
9,75,29.074259198012495
9,76,25.31628136482012
9,77,24.963186808467828
9,78,23.400631322426943
9,79,20.585184124724236
9,80,18.045460837367028
9,81,16.566889640337287
9,82,14.231259755187017
9,83,15.601709774668166
9,84,13.843368300227924
9,85,16.638994701126784
9,86,18.29835735477867
9,87,21.578274754535194
9,88,20.177990279624346
9,89,18.218512082487106
9,90,16.727268618446374
9,91,13.832097162161812
9,92,13.978383766741095
9,93,12.824462852467457
9,94,15.073083875037325
9,95,15.07583328608325
9,96,18.551168816672075
9,97,20.327495965388927
9,98,23.3989033096059
9,99,25.49349176009821
9,100,27.797268129576942
9,101,31.434247090755875
10,1,23.527096748176838
10,2,21.08959855099845
10,3,17.443269455308183
10,4,15.806947765228093
10,5,12.75128194939519
10,6,9.247698895809487
10,7,5.814148482776937
10,8,6.136198796291051
10,9,3.83320310264524
10,11,3.8357123510258013
10,12,5.33442223154642
10,13,5.276847381984486
10,14,7.0074372683786015
10,15,10.317738630137043
10,16,11.30333593343579
10,17,15.005332887332683
10,18,16.484380217784768
10,19,20.128792199302893
10,20,21.53570463020386
10,21,25.14222575157404
10,22,27.15551219556512
10,23,27.433330604183997
10,24,24.053947967461713
10,25,21.459408628354264
10,26,18.234448990916277
10,27,15.414567039913674
10,28,12.645528547513388
10,29,9.968019208398726
10,30,8.353349154196977
10,31,8.13420457151383
10,32,9.21986396841633
10,33,11.733949309331159
10,34,14.691538996490353
10,35,18.449345516929725
10,36,20.12012629912704
10,37,17.821318544142553
10,38,16.36022731865682
10,39,17.699132567075022
10,40,16.02054548196685
10,41,18.08388691079892
10,42,17.831463777009418
10,43,19.69742734192111
10,44,21.164865475083268
10,45,22.57527944632626
10,46,22.23230666362605
10,47,24.251381932238395
10,48,23.63615934675892
10,49,23.082288508721764
10,50,24.51020885750274
10,51,25.635208640851904
10,52,29.277435804561588
10,53,30.093534803331107
10,54,28.35797279264763
10,55,30.277442348066778
10,56,29.00634753232874
10,57,26.836506905896318
10,58,23.18066841279534
10,59,21.679223670131208
10,60,19.702709266164486
10,61,18.02062133088876
10,62,17.031484197391933
10,63,16.894019665453573
10,64,14.086042801906496
10,65,12.780417603457874
10,66,13.659934598418348
10,67,16.279891482924732
10,68,18.45071721242811
10,69,21.26974789315031
10,70,23.912760562050092
10,71,26.439294675385856
10,72,24.858792164547488
10,73,27.72676750447321
10,74,28.210078484460222
10,75,28.184288313766125
10,76,24.55483938534248
10,77,23.64938862511543
10,78,21.794966154496795
10,79,18.79725868873491
10,80,16.775912988750157
10,81,15.22285888810558
10,82,13.553969545584547
10,83,14.9854211802473
10,84,13.818583885552497
10,85,16.714395763750733
10,86,18.80713530943044
10,87,21.933558988262067
10,88,20.191134418868593
10,89,17.704983410684527
10,90,15.88031313758492
10,91,12.53237621196131
10,92,12.32775516405516
10,93,10.718124790454139
10,94,12.899633831210494
10,95,13.19531855224289
10,96,16.507051509365407
10,97,18.817140971844005
10,98,21.870589930945055
10,99,24.37790526039955
10,100,26.61863170541924
10,101,30.383413329986794
11,1,26.9162359993576
11,2,24.61396412644305
11,3,21.018034755910893
11,4,19.579917214656895
11,5,16.530623432872904
11,6,13.010542571097128
11,7,9.52685899490053
11,8,8.934068022307958
11,9,5.4679488753391565
11,10,3.8357123510258013
11,12,3.8086951149501815
11,13,5.4703921232508295
11,14,5.740001675277545
11,15,8.795743149363181
11,16,10.978384420960985
11,17,14.275502173878582
11,18,15.518783982133549
11,19,18.872148911149687
11,20,20.270030001035465
11,21,23.696327977846575
11,22,26.122296807072303
11,23,26.418984058865252
11,24,22.875051703530932
11,25,20.660687788688954
11,26,17.68116175909749
11,27,15.23509999150132
11,28,13.144058277528389
11,29,11.058095866977624
11,30,10.69480264175498
11,31,10.604577715409455
11,32,12.487570115500382
11,33,15.000023032933214
11,34,18.18975028490057
11,35,21.906203837711143
11,36,23.581789300042907
11,37,21.087731865232584
11,38,19.80357880579077
11,39,20.930109250725863
11,40,18.992419251938095
11,41,20.81793189767916
11,42,20.15497833526238
11,43,21.904815643213457
11,44,22.842544140591833
11,45,24.206055103657096
11,46,24.405296023988278
11,47,26.466098131297713
11,48,26.01684837672675
11,49,25.046861170563954
11,50,26.36284622611173
11,51,26.999927356286843
11,52,30.740033046771813
11,53,31.31138561352445
11,54,29.177168340569057
11,55,30.74725807209937
11,56,29.448421279209143
11,57,27.714844730153263
11,58,24.100221463826394
11,59,22.59766950007323
11,60,21.189576523658033
11,61,19.575881066851856
11,62,19.199199025428623
11,63,18.594503324615467
11,64,15.388355857738498
11,65,14.788878613299966
11,66,14.981643116279622
11,67,17.41142905245017
11,68,18.886034282289266
11,69,21.47780815112874
11,70,23.64084463738708
11,71,25.900516717167037
11,72,24.470040403821006
11,73,27.422959346162468
11,74,27.994149385670816
11,75,28.48656098455374
11,76,24.887957530277717
11,77,23.845674009992834
11,78,22.471588667107984
11,79,19.886852976438234
11,80,18.216418397458504
11,81,17.373390249243666
11,82,16.131876078197113
11,83,18.123467628315684
11,84,17.269235789765425
11,85,20.36012691472047
11,86,22.516859847778285
11,87,25.713116733292008
11,88,24.011671270548835
11,89,21.53606063933728
11,90,19.624168009709607
11,91,16.158971325590453
11,92,15.495735414096636
11,93,13.239281018744435
11,94,14.587749018416776
11,95,13.983314406754909
11,96,16.79557680234709
11,97,18.747529645527635
11,98,21.351812113445945
11,99,23.628703209872853
11,100,25.404788467222847
11,101,29.160927160802114
12,1,27.80350486098076
12,2,25.126769629684958
12,3,21.692338010393936
12,4,20.111262068387276
12,5,16.645215688986784
12,6,13.602585207627158
12,7,9.785126392441995
12,8,9.144146337682661
12,9,5.432322833944708
12,10,5.33442223154642
12,11,3.8086951149501815
12,13,3.883052773567035
12,14,5.862904589391836
12,15,7.53230493377491
12,16,9.82129843557558
12,17,12.818404619161152
12,18,13.256870414612655
12,19,16.64753890525002
12,20,17.505725932537622
12,21,20.858779728372994
12,22,23.044992301166783
12,23,23.052556687970988
12,24,19.477191921063657
12,25,17.054567945978082
12,26,14.169731070995324
12,27,11.549072797486033
12,28,9.767837804827634
12,29,7.802386398041743
12,30,8.455624817150198
12,31,8.748971469871373
12,32,11.609045823122688
12,33,14.627559783754126
12,34,18.10285208090864
12,35,21.790220620624112
12,36,23.06819828500298
12,37,20.135023898127997
12,38,18.726957511285182
12,39,19.277027578500743
12,40,16.984247108512726
12,41,18.58107906089339
12,42,17.757110243809894
12,43,19.745877946842096
12,44,20.52779185903276
12,45,22.308355162657442
12,46,22.775422319192575
12,47,24.443721655770823
12,48,23.75664526146093
12,49,22.369485851604015
12,50,23.37521923858644
12,51,23.78677824980464
12,52,27.523703382748682
12,53,28.15516616437276
12,54,25.86967269976604
12,55,27.25490753895371
12,56,25.80700433068151
12,57,24.181863069224587
12,58,20.558667939552947
12,59,18.99331949290677
12,60,17.85138135053933
12,61,16.38235729844571
12,62,16.52030160744542
12,63,15.889180379971776
12,64,12.385571817456379
12,65,12.030041211964752
12,66,11.668249239627222
12,67,14.015668493021728
12,68,15.215897240816426
12,69,17.86662287770727
12,70,19.949593426371205
12,71,22.345839318669267
12,72,21.129548875060625
12,73,24.26398894341195
12,74,25.16434353092513
12,75,25.641063183736904
12,76,21.952995909730937
12,77,21.31755774239644
12,78,20.266425106590802
12,79,17.962413033131583
12,80,15.967172821323391
12,81,15.568136463605931
12,82,14.225434611378574
12,83,16.726679478644048
12,84,16.12506406809899
12,85,19.545310669650654
12,86,21.916122622789366
12,87,25.39232973873099
12,88,24.233105454437673
12,89,21.75440413501299
12,90,19.516283585277236
12,91,16.057160179332197
12,92,14.886596985617864
12,93,12.422646666076833
12,94,13.323072416138332
12,95,12.106375663652605
12,96,15.004628615479351
12,97,16.384092315710102
12,98,19.034032911416045
12,99,20.980728897711995
12,100,22.92892271706554
12,101,26.589621420556597
13,1,27.50784751449675
13,2,24.66280952442643
13,3,21.10995621620623
13,4,18.91584179690557
13,5,15.463161154837037
13,6,12.662133269979506
13,7,9.079055994786984
13,8,9.986084515703588
13,9,7.115044302040246
13,10,5.276847381984486
13,11,5.4703921232508295
13,12,3.883052773567035
13,14,3.8462360350539813
13,15,5.729532900966029
13,16,6.6620725071644635
13,17,10.132845310556071
13,18,11.257115673310679
13,19,14.935593036581576
13,20,16.311758918741745
13,21,19.97106227748764
13,22,21.963610499992406
13,23,22.447300571005403
13,24,19.184070763203945
13,25,16.811512329587366
13,26,13.413077332476437
13,27,11.085410230398002
13,28,8.33036315430136
13,29,6.950209515280114
13,30,6.990675643191674
13,31,8.801758781793161
13,32,11.237797043392963
13,33,14.655394247523997
13,34,17.736212909241758
13,35,21.48584043832649
13,36,22.607697242622688
13,37,19.856867784254533
13,38,17.77977175970532
13,39,18.012758286509175
13,40,15.359649031339012
13,41,16.45765739016233
13,42,15.21474391838711
13,43,16.71225250459982
13,44,17.422472643313153
13,45,18.866539920276878
13,46,19.272834751882165
13,47,21.239180926918852
13,48,20.92863061135437
13,49,19.836795356546233
13,50,21.365589522262052
13,51,21.89593007446835
13,52,25.660148026539794
13,53,26.04441928092561
13,54,24.012981523651366
13,55,25.821873289352894
13,56,24.822947073087853
13,57,22.94669679708087
13,58,19.467989629389756
13,59,18.493007599388662
13,60,17.173124741321473
13,61,16.341175409449612
13,62,16.35454379722878
13,63,16.63122428650267
13,64,13.225172264191771
13,65,11.738042809757369
13,66,11.134536806161382
13,67,12.841001107754305
13,68,14.563635760387244
13,69,16.881688982111225
13,70,19.440896839011707
13,71,21.63974970635811
13,72,19.841853810194756
13,73,22.619892687906173
13,74,23.055282603337492
13,75,23.256378474796207
13,76,19.651428889283693
13,77,18.664190257918314
13,78,17.153697862722634
13,79,14.54972740805568
13,80,12.771888160288087
13,81,12.223196560950658
13,82,11.399775979644922
13,83,14.02379779174424
13,84,14.06134683458173
13,85,17.613312842626932
13,86,20.42767533468825
13,87,23.844811811358333
13,88,22.703040343272313
13,89,19.812032981160144
13,90,17.15502544241599
13,91,13.455319694016433
13,92,11.722872407961768
13,93,8.842473718161171
13,94,9.557205523961997
13,95,8.666041470441192
13,96,11.76150032324178
13,97,13.720534424365654
13,98,16.67824607866328
13,99,19.108310722762102
13,100,21.367425743090514
13,101,25.12242127964301
14,1,30.004754510619804
14,2,27.39047837120942
14,3,23.699759279908445
14,4,21.43786170733824
14,5,18.27343226278788
14,6,15.211786942130937
14,7,11.87247123043742
14,8,12.817721355325963
14,9,9.728150781799513
14,10,7.0074372683786015
14,11,5.740001675277545
14,12,5.862904589391836
14,13,3.8462360350539813
14,15,3.8129719870978698
14,16,5.5015757111525225
14,17,8.762132111968391
14,18,10.674723447622947
14,19,14.031336225205786
14,20,16.09628719468565
14,21,19.732896274187954
14,22,22.208914010885035
14,23,23.18635522932756
14,24,19.99170837183867
14,25,18.251792575240625
14,26,14.905466093283067
14,27,13.377639551267047
14,28,11.012212627515673
14,29,10.503646261882002
14,30,10.730249253559807
14,31,12.546939595437479
14,32,14.69207138582828
14,33,17.916755691616377
14,34,20.83437968240437
14,35,24.615926249232793
14,36,25.919788422180225
14,37,23.377262995073693
14,38,21.242999607047114
14,39,21.564084731364208
14,40,18.862943735972983
14,41,19.670477253314722
14,42,18.03196968742034
14,43,18.918369464928848
14,44,19.117332458525116
14,45,19.940966534060088
14,46,20.677729453884595
14,47,23.079268361325134
14,48,23.321908966025585
14,49,22.301436174708442
14,50,24.14996735349373
14,51,24.386039374998738
14,52,28.1742000992397
14,53,28.123066751925837
14,54,25.96025289070971
14,55,27.720029893806785
14,56,27.05467352031501
14,57,25.46445888348046
14,58,22.196303272362478
14,59,21.56808249334025
14,60,20.583372926508964
14,61,20.004273165631517
14,62,20.17300287975619
14,63,20.419955022536424
14,64,16.935182563569747
14,65,15.555023986084045
14,66,14.676334757842882
14,67,15.923309267728195
14,68,17.253186530313013
14,69,19.04362771114858
14,70,21.311214077249435
14,71,22.978516377830335
14,72,20.90935347909835
14,73,23.390601148447548
14,74,23.408820136889975
14,75,24.034547238333023
14,76,20.672711507310677
14,77,19.052282950285555
14,78,17.638616072780714
14,79,15.248067838896294
14,80,14.387634723675012
14,81,14.219796899039292
14,82,14.210647990310383
14,83,16.82440455498121
14,84,17.195870327104323
14,85,20.63577176498201
14,86,23.521191432226004
14,87,26.760301223171624
14,88,25.30438706632823
14,89,22.227342465412132
14,90,19.555276767465006
14,91,15.72193641393835
14,92,13.834805634076824
14,93,10.580497019823541
14,94,10.608728672743435
14,95,9.451484652808622
14,96,11.623963307976306
14,97,13.848275442041045
14,98,16.29511107207307
14,99,18.940592829938417
14,100,20.70196213032804
14,101,24.53835488827802
15,1,33.06657520687787
15,2,30.240822644830473
15,3,26.642513374992483
15,4,24.231897017854948
15,5,20.87213607226664
15,6,18.14537858632383
15,7,14.712155777169468
15,8,15.603483653116387
15,9,12.370003950582703
15,10,10.317738630137043
15,11,8.795743149363181
15,12,7.53230493377491
15,13,5.729532900966029
15,14,3.8129719870978698
15,16,3.799133217818325
15,17,5.771810827543538
15,18,7.08905698717886
15,19,10.301805450842107
15,20,12.371798070084438
15,21,15.976752833552744
15,22,18.57175481705419
15,23,19.72521882184144
15,24,16.636734735009625
15,25,15.306089268913757
15,26,12.066630880208491
15,27,11.351554535855344
15,28,9.653573144842806
15,29,10.455354681778976
15,30,11.804976935766632
15,31,14.173009951371341
15,32,16.85764340379337
15,33,20.35745333458584
15,34,23.38652448056633
15,35,27.123224949442907
15,36,28.135167839386863
15,37,25.32863934363331
15,38,23.025129146358424
15,39,22.761412992828795
15,40,19.64571634437545
15,41,19.87084536814946
15,42,17.67251615060146
15,43,18.281857426919473
15,44,17.785367234396773
15,45,18.627286014041577
15,46,20.038212873700935
15,47,22.25228175765367
15,48,22.674674286281515
15,49,21.190683805123566
15,50,22.956441638602115
15,51,22.6326518808889
15,52,26.41563618994592
15,53,26.01474760435841
15,54,23.558943636359725
15,55,25.072167699058316
15,56,24.598699069806116
15,57,23.39830399877547
15,58,20.387319063938065
15,59,20.14230772212283
15,60,19.793810718298598
15,61,19.760730478803634
15,62,20.61416075766378
15,63,20.95139271135419
15,64,17.278807275514914
15,65,16.079919525351315
15,66,14.317600525543002
15,67,14.790615355059037
15,68,15.449175261512565
15,69,16.647927051349594
15,70,18.58208321230353
15,71,19.83943126505653
15,72,17.68664119403251
15,73,20.077376104060093
15,74,20.105342424391825
15,75,21.098260362724712
15,76,17.84006298285459
15,77,16.156920976267536
15,78,15.314438775209373
15,79,13.585882087830583
15,80,13.127988959322566
15,81,13.971096364961525
15,82,14.558637913834358
15,83,17.74849982341731
15,84,18.691936061189022
15,85,22.355992233407516
15,86,25.49492968142301
15,87,28.877232285935087
15,88,27.802366402581196
15,89,24.6391638638902
15,90,21.64891187310287
15,91,17.825373615393204
15,92,15.306944019014171
15,93,11.680455302965163
15,94,10.491885910798535
15,95,8.086172070427855
15,96,9.378127298270622
15,97,10.899197186042556
15,98,12.938337289472875
15,99,15.372786860826926
15,100,16.96186841600679
15,101,20.78769823041755
16,1,32.4853695428048
16,2,29.532705739885607
16,3,25.964121350244838
16,4,23.141186390322524
16,5,19.907039056987422
16,6,17.605408847251994
16,7,14.609621538670634
16,8,16.355910706084295
16,9,13.756400876413036
16,10,11.30333593343579
16,11,10.978384420960985
16,12,9.82129843557558
16,13,6.6620725071644635
16,14,5.5015757111525225
16,15,3.799133217818325
16,17,3.830243448402026
16,18,6.458777301101715
16,19,9.91239897618195
16,20,12.421583135122706
16,21,16.222873193856465
16,22,18.325044067260094
16,23,19.85835824347601
16,24,17.230025495405837
16,25,15.825598812699877
16,26,12.252575018416085
16,27,11.742942139896428
16,28,9.306578492139241
16,29,10.548649955705432
16,30,11.33480921357764
16,31,14.42345018065423
16,32,16.662743600832364
16,33,20.264091000530126
16,34,22.89748901007609
16,35,26.548677019415397
16,36,27.368417990806908
16,37,24.755862004668394
16,38,22.00614666673681
16,39,21.448458836452307
16,40,18.165711355175603
16,41,17.88670174398038
16,42,15.357943168482393
16,43,15.374512833647225
16,44,14.757346736834467
16,45,15.189785457412498
16,46,16.554033801597615
16,47,19.029668553489063
16,48,19.835046068927852
16,49,18.691741135728687
16,50,20.931930997102548
16,51,20.782384744318655
16,52,24.497737924788346
16,53,23.910628742204025
16,54,21.819883018147994
16,55,23.79545166032393
16,56,23.742222301858643
16,57,22.233074944978892
16,58,19.429807880165427
16,59,19.704059561324968
16,60,19.12965301648067
16,61,19.59535593244972
16,62,20.265929936113356
16,63,21.292423675273543
16,64,17.864214559405518
16,65,15.904207603939186
16,66,14.130466251464362
16,67,14.027641721729387
16,68,15.20424050009212
16,69,16.09646697834857
16,70,18.526461482241647
16,71,19.674351637624873
16,72,16.994291775292925
16,73,18.939925587475944
16,74,18.464549085467173
16,75,18.990009314946093
16,76,15.857886016507525
16,77,13.823494437117109
16,78,12.32744129788491
16,79,10.217074982625544
16,80,10.177373153405357
16,81,10.995582478968617
16,82,12.30196855903198
16,83,15.435758893429664
16,84,16.98261947142563
16,85,20.56885055066196
16,86,23.970950284090588
16,87,27.21785173656165
16,88,26.260320610705357
16,89,22.866339704677078
16,90,19.603827603385326
16,91,15.822058646270856
16,92,12.842454745269022
16,93,9.054139235292038
16,94,7.150069720439988
16,95,4.9360059149790185
16,96,6.19038096924673
16,97,8.69172393551833
16,98,11.249508061621297
16,99,14.293414838556677
16,100,16.39731668664802
16,101,20.222721963113987
17,1,36.1243914437695
17,2,33.084476719865705
17,3,29.57744643208111
17,4,26.659563174772483
17,5,23.403933602490085
17,6,21.29540366256705
17,7,18.31002676163997
17,8,19.965587238651164
17,9,17.23127295202486
17,10,15.005332887332683
17,11,14.275502173878582
17,12,12.818404619161152
17,13,10.132845310556071
17,14,8.762132111968391
17,15,5.771810827543538
17,16,3.830243448402026
17,18,3.786381867188298
17,19,6.501853044495012
17,20,9.583640057722647
17,21,13.24798243816363
17,22,15.461433730351454
17,23,17.51393673617622
17,24,15.298904135154082
17,25,14.652975623201561
17,26,11.412463918445527
17,27,12.123740998006584
17,28,10.582656349292975
17,29,12.869584305736513
17,30,14.320723804108525
17,31,17.579798268670643
17,32,20.053392447611184
17,33,23.73759435009507
17,34,26.38295257913657
17,35,29.973224678884858
17,36,30.60927652368491
17,37,27.888863579963353
17,38,25.033167408575178
17,39,24.06028383164274
17,40,20.541227096800593
17,41,19.69037413150477
17,42,16.66154608936078
17,43,16.135992162912675
17,44,14.60763631036954
17,45,14.69618720630841
17,46,16.864512805476473
17,47,19.21568359157464
17,48,20.42051597693787
17,49,18.938873593350127
17,50,21.190810446281798
17,51,20.41454808876407
17,52,24.007899065767866
17,53,22.875862016851073
17,54,20.55543058046975
17,55,22.306186981524327
17,56,22.678654523683324
17,57,21.645811208886435
17,58,19.31624214956846
17,59,20.145484902451496
17,60,20.223873394520094
17,61,21.24669596372581
17,62,22.450935351818742
17,63,23.556481690242745
17,64,20.08561055130651
17,65,18.310855532236257
17,66,15.925047784810213
17,67,15.008411158157694
17,68,15.45741075539272
17,69,15.452751733887888
17,70,17.4271308816523
17,71,17.84942855706217
