1,2,3.8692101769946095
1,3,6.509056829624651
1,4,9.957508501325167
1,5,13.35256921994557
1,6,15.709500293499161
1,7,17.940702373577786
1,8,21.14146447285413
1,9,21.082095693239705
1,10,24.903055722542767
1,11,26.404535200660966
1,12,29.738380829455565
1,13,30.112814859412186
1,14,30.22770848651775
1,15,32.9796771768635
1,16,35.86889400144427
1,17,35.38626566434174
1,18,38.94592796290038
1,19,40.23645240270344
1,20,44.00522697546205
1,21,45.079657755978815
1,22,48.28459239880287
1,23,48.42121948094008
1,24,47.39741123340413
1,25,44.63355899150861
1,26,41.09829988075474
1,27,38.393482897449104
1,28,34.79160925704228
1,29,32.192754338529035
1,30,28.952516268414996
1,31,25.66766752700481
1,32,23.099187738015157
1,33,19.59505403980187
1,34,15.910775003321094
1,35,12.58407186912567
1,36,9.435764902492336
1,37,10.29071159235816
1,38,13.433114834693376
1,39,16.023134956877836
1,40,19.403986813827476
1,41,22.726805242365582
1,42,26.077965069912437
1,43,29.32462033325957
1,44,31.822326863416826
1,45,35.487385530915496
1,46,37.15820436233914
1,47,34.391710106382405
1,48,34.74291050409294
1,49,32.33729454450402
1,50,33.585603122556876
1,51,33.83360132999138
1,52,36.47446621381885
1,53,38.32664750625516
1,54,40.81464129812583
1,55,41.60378274982029
1,56,44.28455187228382
1,57,42.81440891831827
1,58,39.33673576812136
1,59,36.21083897698646
1,60,34.33605829522283
1,61,30.479978246164492
1,62,27.82306614476228
1,63,24.244973369290744
1,64,23.11632911538673
1,65,25.582146362975184
1,66,24.91183868783157
1,67,28.68662417067104
1,68,31.60327554433618
1,69,34.80517340932647
1,70,38.15487698984697
1,71,41.20449967725559
1,72,44.70703216933995
1,73,43.96843953091253
1,74,46.729769520154285
1,75,47.708612813564514
1,76,45.81560727679006
1,77,42.48710107210681
1,78,42.92319455432706
1,79,40.31275207429371
1,80,36.8984199242438
1,81,33.8254001493658
1,82,30.42037684015524
1,83,27.134156651364666
1,84,24.474729527157205
1,85,20.973427485956435
1,86,18.53239691974253
1,87,15.037713858081057
1,88,13.710253265744258
1,89,12.944556844041392
1,90,16.09628523457861
1,91,19.239621936657258
1,92,21.625099463418323
1,93,25.242803681017953
1,94,28.003246850868496
1,95,31.742000051030583
1,96,34.17790295109939
1,97,37.81436808944984
1,98,40.010154490884
1,99,43.7784576412075
1,100,46.1736634206396
1,101,49.34824647460983
2,1,3.8692101769946095
2,3,3.8181663654440023
2,4,6.778840594439237
2,5,10.254389412466058
2,6,12.954213425659796
2,7,14.897824260659261
2,8,18.272113913540238
2,9,18.524757659350378
2,10,22.313269992994854
2,11,23.439683380621215
2,12,26.86089283469116
2,13,27.52597853156962
2,14,27.445166617406976
2,15,29.9737975984133
2,16,33.0105610987788
2,17,32.46354226461996
2,18,36.095666103575766
2,19,37.632457105698165
2,20,41.42531938425128
2,21,42.739080766761155
2,22,46.079788151957736
2,23,46.414967925636276
2,24,45.62661926372205
2,25,42.765324421826435
2,26,39.353236157230015
2,27,36.4333283148133
2,28,32.87481846398803
2,29,30.055424137125815
2,30,26.798288857849748
2,31,23.37535375391391
2,32,20.984735313070473
2,33,17.3416927231331
2,34,13.818553041333741
2,35,10.379602499993402
2,36,8.012529785479028
2,37,9.652815617475458
2,38,12.607592633734347
2,39,14.607594725894092
2,40,18.241089358544187
2,41,21.20253372945183
2,42,24.568562280039533
2,43,27.535716752428254
2,44,29.86480512437191
2,45,33.457279084856665
2,46,34.88997836173155
2,47,32.17789693106178
2,48,32.898800878915374
2,49,30.78590740085625
2,50,32.09445477498751
2,51,32.712563200698305
2,52,35.36963285773175
2,53,37.47511834648282
2,54,39.708243668481444
2,55,40.307564890066985
2,56,43.04886574328663
2,57,41.73928005177116
2,58,38.312254351612225
2,59,35.08851260230755
2,60,33.3400056801575
2,61,29.458648625361004
2,62,26.904118430766136
2,63,23.38580070354476
2,64,22.355019021782265
2,65,24.34708317389496
2,66,23.353835295982257
2,67,27.02496226417955
2,68,29.96368613461955
2,69,33.263366104811084
2,70,36.59253758175405
2,71,39.74904765133756
2,72,43.131321610985744
2,73,42.163538615669616
2,74,44.87296944209748
2,75,45.64535932162401
2,76,43.87259592600493
2,77,40.519030809887994
2,78,40.66250247905254
2,79,37.934968253401024
2,80,34.408113729394124
2,81,31.509925993621273
2,82,28.028255780714144
2,83,24.89796654365526
2,84,22.281569781730404
2,85,18.836944692888437
2,86,16.608364421759063
2,87,13.465145388105585
2,88,12.499456161954173
2,89,10.7773549028862
2,90,13.47161016349239
2,91,16.623733020381433
2,92,18.749898768604336
2,93,22.472550667296538
2,94,25.16425397064272
2,95,28.972979928330655
2,96,31.515053406948574
2,97,35.11888415217486
2,98,37.53124409564026
2,99,41.287506577330845
2,100,43.87311603307294
2,101,46.937025298343166
3,1,6.509056829624651
3,2,3.8181663654440023
3,4,3.8420606000717243
3,5,6.872393683249257
3,6,9.578361782769619
3,7,12.073024733033185
3,8,15.595247018918133
3,9,16.36036285017463
3,10,20.136549497103594
3,11,21.090605097511485
3,12,24.670689757161064
3,13,25.070499092621304
3,14,24.66398477901595
3,15,27.324380785162578
3,16,30.18802685984584
3,17,29.39452186303577
3,18,32.93726897038513
3,19,34.449683589461486
3,20,38.211284618877635
3,21,39.54615971926368
3,22,42.86011466506169
3,23,43.082900553148384
3,24,42.381611039065284
3,25,39.623910746100705
3,26,36.25238092946786
3,27,33.276135096096795
3,28,29.800788676636294
3,29,26.858409419725884
3,30,23.776817184049328
3,31,20.23975190702104
3,32,18.17516333721097
3,33,14.438240252126565
3,34,11.170282668007701
3,35,7.428616241917168
3,36,5.127131662886076
3,37,6.715921891087449
3,38,9.711104491878164
3,39,11.144621260453905
3,40,14.744724898544854
3,41,17.62112054534984
3,42,20.892317542494308
3,43,23.83077512252674
3,44,26.087944683537106
3,45,29.700753979955707
3,46,31.126163296495186
3,47,28.386925352471696
3,48,29.081248586303627
3,49,26.994672218700437
3,50,28.36442859644242
3,51,29.099275427185873
3,52,31.839036330177134
3,53,33.94882532760312
3,54,36.073692744861525
3,55,36.709658491457
3,56,39.536917649815685
3,57,38.37442209060114
3,58,34.90987685556831
3,59,31.74800893509552
3,60,30.212328376906093
3,61,26.320788637643673
3,62,24.02130721330663
3,63,20.425489175652846
3,64,19.82697492222499
3,65,21.715127061056737
3,66,20.30932258387311
3,67,23.897547937805363
3,68,26.652006652145868
3,69,30.072341397581646
3,70,33.288183153675945
3,71,36.551300423954
3,72,39.866105718523556
3,73,38.76931695739822
3,74,41.37235673237933
3,75,42.067225790255925
3,76,40.20844442119843
3,77,36.910038772758845
3,78,37.05719102875725
3,79,34.290169071149165
3,80,30.78024764255042
3,81,27.88515669742362
3,82,24.366857058774542
3,83,21.27145581024769
3,84,18.53482783550818
3,85,15.149776121745559
3,86,12.805419599483653
3,87,9.714251737582746
3,88,9.034908684099628
3,89,7.252567381053429
3,90,9.846920787066972
3,91,12.919207424667011
3,92,15.207659971043059
3,93,18.904212059932373
3,94,21.74796851409904
3,95,25.504375167263984
3,96,28.130269916821035
3,97,31.697194292048575
3,98,34.093590424783244
3,99,37.86100405504293
3,100,40.44692058585035
3,101,43.5781855493206
4,1,9.957508501325167
4,2,6.778840594439237
4,3,3.8420606000717243
4,5,3.8059077984813605
4,6,6.283577648011907
4,7,8.321324585115407
4,8,11.910933153470056
4,9,12.930091505805823
4,10,16.625292341245856
4,11,17.341521706314612
4,12,20.96373569733835
4,13,21.50331239556937
4,14,21.009085270835655
4,15,23.556847705261905
4,16,26.5006582022412
4,17,25.76457766004746
4,18,29.371558109967456
4,19,30.99174391288798
4,20,34.77616977950855
4,21,36.230439638127685
4,22,39.6362161784125
4,23,40.056147881663286
4,24,39.49471284497659
4,25,36.62236565904237
4,26,33.353105342937695
4,27,30.238045428151413
4,28,26.789268283634605
4,29,23.735480613172882
4,30,20.601539046098935
4,31,17.02365990771042
4,32,15.066164926089966
4,33,11.298396702214152
4,34,8.351151589407785
4,35,4.89782792020491
4,36,4.934586771532011
4,37,7.2786299718238885
4,38,8.957083459228437
4,39,9.59360571674267
4,40,13.30666043605664
4,41,15.589850364733634
4,42,18.92199934541722
4,43,21.509230182823433
4,44,23.748014003136063
4,45,27.209041264146837
4,46,28.553302549901815
4,47,26.048925267025787
4,48,27.064494331905006
4,49,25.194452661853198
4,50,26.377011939820143
4,51,27.3592474642354
4,52,29.942550308078054
4,53,32.36419118194826
4,54,34.28776047928867
4,55,34.61006566782811
4,56,37.37431506017011
4,57,36.26192749302667
4,58,32.927024712013775
4,59,29.637474428010137
4,60,28.125900588696403
4,61,24.28261167495763
4,62,22.035237685403718
4,63,18.662455702887918
4,64,18.060183229614243
4,65,19.37376604521815
4,66,17.76871122324225
4,67,21.2073338928706
4,68,24.036888896171405
4,69,27.44701799360834
4,70,30.673758811616995
4,71,33.953668313616035
4,72,37.17069541406953
4,73,35.95762876111799
4,74,38.587873911130835
4,75,39.1978143104856
4,76,37.54235631440927
4,77,34.165631902853754
4,78,34.10898302079337
4,79,31.352104393548018
4,80,27.785644273954695
4,81,24.96746887711269
4,82,21.492503089125705
4,83,18.45598276500122
4,84,16.02828151704519
4,85,12.630684831514754
4,86,11.002155625908015
4,87,8.829035059930431
4,88,9.490230166198442
4,89,7.080180214518912
4,90,8.138665975771364
4,91,10.575342781044723
4,92,12.153399328075624
4,93,15.82530018783164
4,94,18.40132565419337
4,95,22.225385810267245
4,96,24.78391667039035
4,97,28.370056982238797
4,98,30.86169779629768
4,99,34.607646487349044
4,100,37.290578149457154
4,101,40.30648116691314
5,1,13.35256921994557
5,2,10.254389412466058
5,3,6.872393683249257
5,4,3.8059077984813605
5,6,3.817181565879295
5,7,6.447765616722849
5,8,10.222717645357779
5,9,12.302524181750778
5,10,15.653315393066181
5,11,15.743085667444703
5,12,19.524265120136683
5,13,19.94737426734336
5,14,18.84328960514222
5,15,21.318850952008383
5,16,24.1142421232245
5,17,22.962814746682746
5,18,26.477097947306248
5,19,28.261945138375054
5,20,31.99644528991557
5,21,33.64377385491534
5,22,37.079692679414194
5,23,37.459856283181246
5,24,37.15313360099952
5,25,34.39201328560134
5,26,31.27947151043687
5,27,28.002150631310318
5,28,24.75039370577921
5,29,21.427230452783892
5,30,18.621078987040676
5,31,14.87323766156368
5,32,13.696970708563626
5,33,9.988855478681629
5,34,8.190240002487615
5,35,5.443659640613772
5,36,6.828165666542651
5,37,8.358519139449113
5,38,9.339494943557373
5,39,8.408446762988453
5,40,11.673283191549292
5,41,13.35273491983874
5,42,16.341454023517453
5,43,18.61504783860058
5,44,20.524142528471078
5,45,23.948748347177307
5,46,25.053439433422376
5,47,22.4917541240677
5,48,23.719701608790007
5,49,22.134576127557104
5,50,23.5100192600642
5,51,24.875246712875718
5,52,27.578762602138344
5,53,30.04887134033814
5,54,31.67046178732751
5,55,31.996338999522845
5,56,34.90570412023338
5,57,34.095858494764464
5,58,30.763034320292604
5,59,27.58199245683973
5,60,26.464094725308044
5,61,22.69538754246418
5,62,20.929542357284312
5,63,17.642812491401653
5,64,17.698369043665846
5,65,18.57192533972561
5,66,16.292467231091955
5,67,19.39251512809075
5,68,21.87730214283944
5,69,25.449477378034086
5,70,28.448265851941333
5,71,31.889982370191245
5,72,34.92011367426164
5,73,33.41325272151495
5,74,35.83510733788869
5,75,36.19645503769373
5,76,34.47080753145224
5,77,31.196695908056412
5,78,30.9493730990415
5,79,28.03516953522449
5,80,24.415068829086394
5,81,21.78049003823255
5,82,18.184462571631087
5,83,15.420101544639243
5,84,12.808182825117136
5,85,9.765161869768342
5,86,8.221378478027923
5,87,7.038486974495855
5,88,8.329227659824952
5,89,5.546645988550091
5,90,4.877825204981544
5,91,6.924688035198942
5,92,8.526961038591173
5,93,12.304634690626127
5,94,15.127899473414244
5,95,18.90992347688732
5,96,21.723839475428846
5,97,25.194832736004116
5,98,27.837540713520966
5,99,31.57457486139104
5,100,34.3853062179344
5,101,37.413587449529196
6,1,15.709500293499161
6,2,12.954213425659796
6,3,9.578361782769619
6,4,6.283577648011907
6,5,3.817181565879295
6,7,3.8254656717333577
6,8,7.090864728398386
6,9,9.332253554953583
6,10,12.52565279280129
6,11,12.856128404728775
6,12,16.58558781527072
6,13,16.565977209162945
6,14,15.525393531656897
6,15,18.321809493649592
6,16,20.911154891644678
6,17,19.90869822675331
6,18,23.389720830184892
6,19,24.909183445494055
6,20,28.662515727569915
6,21,30.12565842638631
6,22,33.518593762464974
6,23,33.89528320959494
6,24,33.480365533171145
6,25,30.67369017836517
6,26,27.518774447744768
6,27,24.2797650898313
6,28,20.974671836919153
6,29,17.721444088215172
6,30,14.846584535490173
6,31,11.1184127072745
6,32,9.94779656227173
6,33,6.3004535069915075
6,34,5.348321200322
6,35,4.321775744197343
6,36,7.330290790539122
6,37,8.632779967925863
6,38,7.938100520183224
6,39,6.243842091638076
6,40,9.208520727044778
6,41,10.317953248121661
6,42,13.498472470785684
6,43,15.64288247832025
6,44,17.893796796548063
6,45,21.201504373187568
6,46,22.630422035541415
6,47,20.430044816943393
6,48,21.579254119867635
6,49,19.852345960561557
6,50,20.757457106459174
6,51,22.005629093026524
6,52,24.445788954056056
6,53,27.13853250159884
6,54,28.788219289644704
6,55,28.84361451215918
6,56,31.59540967808869
6,57,30.65470826855503
6,58,27.42336782716554
6,59,24.1247589218927
6,60,22.899401579778804
6,61,19.17638593982917
6,62,17.405890941961594
6,63,14.332562467957482
6,64,14.437721866656354
6,65,14.957089641233713
6,66,12.569632154221324
6,67,15.623526190375634
6,68,18.214426438233502
6,69,21.72470389888599
6,70,24.797126504485846
6,71,28.184638215738357
6,72,31.248585310091425
6,73,29.846589049432254
6,74,32.40290372399514
6,75,32.94009588277255
6,76,31.353675610202647
6,77,27.953181954683608
6,78,27.84136021950703
6,79,25.13386482656175
6,80,21.597376226813044
6,81,18.72490688794085
6,82,15.322966266221048
6,83,12.26161629128756
6,84,10.183740694603221
6,85,6.83394087206702
6,86,6.633128475736789
6,87,6.793824812150422
6,88,9.636029057548877
6,89,8.064724244557826
6,90,6.364966436253013
6,91,6.277434877849988
6,92,6.613394639127986
6,93,9.898974200673548
6,94,12.316139150876651
6,95,16.094831730615923
6,96,18.578815612479666
6,97,22.18066443406724
6,98,24.601678183784756
6,99,28.35629121991297
6,100,31.030039142006064
6,101,34.0788192012534
7,1,17.940702373577786
7,2,14.897824260659261
7,3,12.073024733033185
7,4,8.321324585115407
7,5,6.447765616722849
7,6,3.8254656717333577
7,8,3.8251827080788665
7,9,6.380513596320471
7,10,9.334830980651219
7,11,9.342528542877265
7,12,13.102270768985601
7,13,13.58804086330615
7,14,12.745589758740007
7,15,15.256226820053435
7,16,18.190017143886386
7,17,17.595676667451936
7,18,21.280585983139126
7,19,22.965586249574343
7,20,26.774419915727055
7,21,28.37468828545111
7,22,31.912496423968054
7,23,32.690865397770985
7,24,32.38883558054801
7,25,29.32827973025525
7,26,26.31523867353446
7,27,22.959266776876305
7,28,19.65113259994712
7,29,16.418264315245228
7,30,13.291680942351263
7,31,9.772671799948197
7,32,8.469520696312983
7,33,5.346637575086297
7,34,5.5487323209649455
7,35,6.430318024114525
7,36,10.08116379388306
7,37,11.869980211270104
7,38,10.633984702372015
7,39,9.212100247611975
7,40,11.751009460349854
7,41,11.97070763488093
7,42,15.005718950094879
7,43,16.47714159769269
7,44,18.677908519651254
7,45,21.571426184557758
7,46,22.87072265277114
7,47,21.162491126852306
7,48,22.73176874413746
7,49,21.335054552513874
7,50,21.83881384888629
7,51,23.23596249033738
7,52,25.271154123588698
7,53,28.31477325343185
7,54,29.76878940807533
7,55,29.341839460558376
7,56,31.85360234035464
7,57,30.843110528707562
7,58,27.902236881741683
7,59,24.436981083856384
7,60,23.05212439949883
7,61,19.544225824882503
7,62,17.655344005510223
7,63,15.19291014039947
7,64,14.824018447877052
7,65,14.48799825922828
7,66,12.375861247155127
7,67,15.07439636921664
7,68,17.908348403895683
7,69,21.14899317848575
7,70,24.2951483586199
7,71,27.531982706611373
7,72,30.48073729095649
7,73,29.064644904470327
7,74,31.748569687338318
7,75,32.25148138723844
7,76,31.080315653793082
7,77,27.554735870894167
7,78,27.15162145337867
7,79,24.575374411337165
7,80,21.026560762489584
7,81,18.338848296749674
7,82,15.241047188660826
7,83,12.425575273577849
7,84,11.3658395945956
7,85,8.53620010094351
7,86,9.710369323049594
7,87,10.550951682459328
7,88,13.436816770110982
7,89,11.536738396881281
7,90,9.438741787938891
7,91,8.671130606005184
7,92,7.228413489092478
7,93,9.832194154720476
7,94,11.194219356240113
7,95,15.016277858405545
7,96,17.15750968163007
7,97,20.792834817995534
7,98,23.324657067553716
7,99,26.992075287782498
7,100,29.773186129919385
7,101,32.56073376710198
8,1,21.14146447285413
8,2,18.272113913540238
8,3,15.595247018918133
8,4,11.910933153470056
8,5,10.222717645357779
8,6,7.090864728398386
8,7,3.8251827080788665
8,9,3.8362243577042374
8,10,5.7799380105152895
8,11,5.83372444549388
8,12,9.505743743394769
8,13,9.76493213821497
8,14,9.17901374381826
8,15,11.874071154033874
8,16,14.763040852943972
8,17,14.634358700554207
8,18,18.340616210626006
8,19,19.821740236006377
8,20,23.642928336265502
8,21,25.128058532486417
8,22,28.683060774254088
8,23,29.672580151771182
8,24,29.338255357259772
8,25,26.118059048476745
8,26,23.177142431103878
8,27,19.824636009038812
8,28,16.515006413897655
8,29,13.445550634399117
8,30,10.15215736926135
8,31,7.080349853122046
8,32,5.847713606897338
8,33,4.404525959231753
8,34,6.6231067807960855
8,35,9.144896600441795
8,36,12.960947518279658
8,37,14.579112379988416
8,38,12.494674978021767
8,39,10.948784551184461
8,40,12.670669919904974
8,41,11.967461130498064
8,42,14.731257334608248
8,43,15.602983733072163
8,44,17.931095513045896
8,45,20.3684351376595
8,46,21.832669837095924
8,47,20.738071783974277
8,48,22.376380243149555
8,49,21.084293915376442
8,50,20.99114155240205
8,51,22.31719611440507
8,52,23.858319097895556
8,53,27.18524489696186
8,54,28.52729248285495
8,55,27.640041768137774
8,56,29.85070110158706
8,57,28.71220411509564
8,58,26.067551885334744
8,59,22.49413174473585
8,60,20.970557005282927
8,61,17.757601481875483
8,62,15.901576358873855
8,63,14.17816125446982
8,64,13.629300588273669
8,65,12.373690656969428
8,66,10.483501424077994
8,67,12.650609893400256
8,68,15.616924320094272
8,69,18.519812913952617
8,70,21.706018288312794
8,71,24.753686616560838
8,72,27.62916178198103
8,73,26.313646872527173
8,74,29.155618136853963
8,75,29.790699451242347
8,76,28.97548226579141
8,77,25.330547538182884
8,78,24.90023597910485
8,79,22.641046582668906
8,80,19.27033892644259
8,81,16.571028772865244
8,82,14.03043217468894
8,83,11.341620587593471
8,84,11.519829371693602
8,85,9.285505406909863
8,86,11.682143674900173
8,87,13.241001748066655
8,88,16.55424945550004
8,89,15.069453644866687
8,90,12.70861906720088
8,91,11.083603300610905
8,92,8.564948001573953
8,93,9.734102780487945
8,94,9.756756059608813
8,95,13.25377166542415
8,96,14.702465272559786
8,97,18.37888343313225
8,98,20.694015513859085
8,99,24.26840492005988
8,100,26.945360089736116
8,101,29.584994160969732
9,1,21.082095693239705
9,2,18.524757659350378
9,3,16.36036285017463
9,4,12.930091505805823
9,5,12.302524181750778
9,6,9.332253554953583
9,7,6.380513596320471
9,8,3.8362243577042374
9,10,3.8307987218456505
9,11,6.177807327674991
9,12,8.961149806098128
9,13,9.14043651423605
9,14,10.09406546825017
9,15,12.832875479449342
9,16,15.665796240382647
9,17,16.405859091440664
9,18,20.01220990448526
9,19,21.035737572561683
9,20,24.800292377269447
9,21,25.877687104848256
9,22,29.308878398997326
9,23,30.413863211651776
9,24,29.706265677283582
9,25,26.307152165172013
9,26,23.218061605573915
9,27,20.19517313084488
9,28,16.674255882447753
9,29,14.280884055194239
9,30,10.570265092893564
9,31,8.399759524113467
9,32,5.618977063829269
9,33,5.114580446449561
9,34,6.459509781165973
9,35,9.708418520308436
9,36,13.356015174905286
9,37,15.180954681254923
9,38,12.76065033183266
9,39,12.206332744415448
9,40,14.078949331226642
9,41,13.735552102731184
9,42,16.778983262325262
9,43,17.861512790471874
9,44,20.593123660964945
9,45,22.900618983181953
9,46,24.716187931259576
9,47,23.87575322915444
9,48,25.23706130539658
9,49,23.640360138964496
9,50,23.11443235280708
9,51,23.934479989913775
9,52,25.096016616806146
9,53,28.474203623828316
9,54,30.113556314506134
9,55,29.017001497199256
9,56,30.87899662427678
9,57,29.30312057969275
9,58,26.83055449835085
9,59,23.10230011767486
9,60,21.003526635929095
9,61,17.882284696450846
9,62,15.39839786785799
9,63,14.006023740159005
9,64,12.452609371910057
9,65,11.158717739251964
9,66,10.536416794295096
9,67,12.912740435078444
9,68,16.361370230640883
9,69,18.78348695705061
9,70,22.24934285353601
9,71,24.925636261749574
9,72,27.98513700077737
9,73,27.148610083142536
9,74,30.3006697119782
9,75,31.32971989186565
9,76,30.76393347951897
9,77,26.99905211505171
9,78,26.8518553804708
9,79,24.99233767512502
9,80,21.872332853668684
9,81,18.99419833984852
9,82,16.882468059434974
9,83,13.977556793220963
9,84,14.508172160925634
9,85,11.962685893376031
9,86,14.247297361982058
9,87,15.25023576098112
9,88,18.564344822997505
9,89,17.292139694290647
9,90,15.5393167616302
9,91,14.34811339463062
9,92,12.220218403864155
9,93,13.320630384161126
9,94,12.99484981911051
9,95,16.155246749292434
9,96,16.93015846021139
9,97,20.58986873107837
9,98,22.471657839264825
9,99,25.912529627390246
9,100,28.275352813568773
9,101,30.79746374705008
10,1,24.903055722542767
10,2,22.313269992994854
10,3,20.136549497103594
10,4,16.625292341245856
10,5,15.653315393066181
10,6,12.52565279280129
10,7,9.334830980651219
10,8,5.7799380105152895
10,9,3.8307987218456505
10,11,3.8167908987811696
10,12,5.434072428117621
10,13,5.530190965745668
10,14,7.2695005779137585
10,15,9.748008669151703
10,16,12.473426503261821
10,17,13.848485950639756
10,18,17.327864395593906
10,19,18.211098130178648
10,20,21.884213064719464
10,21,22.936679364553626
10,22,26.392097224984138
10,23,27.817662059755584
10,24,27.21307078721181
10,25,23.660926147851356
10,26,20.81590899510633
10,27,17.80251167543631
10,28,14.496389534495483
10,29,12.426186225887117
10,30,8.926233262806365
10,31,7.977269777929276
10,32,6.205637403806974
10,33,7.693547745322132
10,34,10.016414598223864
10,35,13.415039457168698
10,36,17.09262628999543
10,37,18.76146535846263
10,38,16.07890636479806
10,39,15.162021597728826
10,40,16.372973150117836
10,41,15.235313539631566
10,42,17.725733948608497
10,43,18.07346455368386
10,44,20.609339201977487
10,45,22.349737107411208
10,46,24.094306672490497
10,47,23.83545751424926
10,48,25.372372402020776
10,49,24.080329749676412
10,50,23.13400264488216
10,51,24.032798607886935
10,52,24.718412187381936
10,53,28.311658659758105
10,54,29.675516480200322
10,55,28.123143234998924
10,56,29.67697390861716
10,57,28.108648478504822
10,58,26.031452897568272
10,59,22.32836317248829
10,60,20.275347778107243
10,61,17.669320659742088
10,62,15.511175483709225
10,63,15.034851004805379
10,64,13.599432614520754
10,65,11.26429118787121
10,66,10.892362893284062
10,67,12.195983074032677
10,68,15.430648970524702
10,69,17.320524236800296
10,70,20.625555994111448
10,71,23.033357083604486
10,72,25.852680973893907
10,73,25.030612098145244
10,74,28.232024369605778
10,75,29.261786483564563
10,76,29.118954292143858
10,77,25.343105759516877
10,78,25.017761488400172
10,79,23.477592467848297
10,80,20.6149120773362
10,81,18.008840343702577
10,82,16.547702907891313
10,83,14.170413551092611
10,84,15.617022113451213
10,85,13.833121329930716
10,86,16.734718868197294
10,87,18.31424272982562
10,88,21.800556913280737
10,89,20.586672570310025
10,90,18.43081810415565
10,91,16.68236022212357
10,92,13.898751050579836
10,93,14.026759562455664
10,94,12.626768474094682
10,95,15.137897680508692
10,96,15.165003811390648
10,97,18.602124879996033
10,98,20.282460405126237
10,99,23.48630545758468
10,100,25.776515310705925
10,101,28.022128700650196
11,1,26.404535200660966
11,2,23.439683380621215
11,3,21.090605097511485
11,4,17.341521706314612
11,5,15.743085667444703
11,6,12.856128404728775
11,7,9.342528542877265
11,8,5.83372444549388
11,9,6.177807327674991
11,10,3.8167908987811696
11,12,3.813376788149919
11,13,5.43859557659027
11,14,5.421777580213956
11,15,7.011181869539943
11,16,10.365129984391691
11,17,11.333616901757612
11,18,15.039975455183415
11,19,16.624577968689273
11,20,20.316163676078624
11,21,21.96338514647957
11,22,25.632050773472212
11,23,27.2801939821843
11,24,27.202641141458336
11,25,23.70602928534838
11,26,21.246026077773525
11,27,17.887939217168185
11,28,15.009981708188647
11,29,12.423889926559784
11,30,9.566730818407388
11,31,8.401896888127771
11,32,8.207869545164668
11,33,9.266039236215923
11,34,11.909391933537563
11,35,14.805467687897215
11,36,18.619397905806913
11,37,20.311535198246215
11,38,17.971701122265188
11,39,16.447349704923443
11,40,17.565583274350086
11,41,16.013715136849683
11,42,18.05802823477617
11,43,17.856410660543865
11,44,19.79040142440762
11,45,21.30643179670718
11,46,22.49476123162061
11,47,22.307377416268707
11,48,24.34756212044574
11,49,23.60722205287504
11,50,22.941154084616848
11,51,24.41148257598277
11,52,25.245108422779758
11,53,28.88811308248501
11,54,29.805798365169853
11,55,28.213439293350262
11,56,29.941907232595387
11,57,28.81981826182148
11,58,26.801745689479688
11,59,23.265501915044442
11,60,21.760527959807053
11,61,19.29682942213404
11,62,17.743813625345943
11,63,17.23057173579067
11,64,16.4637061256174
11,65,13.989096043202427
11,66,12.748255244260095
11,67,13.504623224409652
11,68,16.164792616585576
11,69,18.2125777903303
11,70,21.123253226975702
11,71,23.71507668135803
11,72,26.162615017980777
11,73,24.830415213664757
11,74,27.71702721071497
11,75,28.257173948813904
11,76,28.181371240068998
11,77,24.53840951280464
11,78,23.658800282282805
11,79,21.84222418580029
11,80,18.8252386410267
11,81,16.7457354789885
11,82,15.233619965035851
11,83,13.54339787087748
11,84,15.055551918361601
11,85,13.905602339732553
11,86,16.90631209359846
11,87,18.91326345578529
11,88,22.277088562699497
11,89,20.68773636690464
11,90,18.024837498887877
11,91,15.978438695226982
11,92,12.687062875376576
11,93,12.43897695715643
11,94,10.592072466549403
11,95,12.986557862655566
11,96,13.274034883234167
11,97,16.524061797124226
11,98,18.72542529238631
11,99,21.877716902369254
11,100,24.571767748478603
11,101,26.64993473060177
12,1,29.738380829455565
12,2,26.86089283469116
12,3,24.670689757161064
12,4,20.96373569733835
12,5,19.524265120136683
12,6,16.58558781527072
12,7,13.102270768985601
12,8,9.505743743394769
12,9,8.961149806098128
12,10,5.434072428117621
12,11,3.813376788149919
12,13,3.7907643144346355
12,14,5.325600708122466
12,15,5.569890352383809
12,16,8.619963395730478
12,17,10.79687700595492
12,18,14.089023644606225
12,19,15.351520069630988
12,20,18.78676032418749
12,21,20.276018326023948
12,22,23.873113652267474
12,23,25.917400858419718
12,24,25.849619349811032
12,25,22.199650806990267
12,26,20.056528289315466
12,27,16.943674822554108
12,28,14.43470776006938
12,29,12.603810410848823
12,30,10.24866949994519
12,31,10.469374903773785
12,32,10.475450684695527
12,33,12.399694638479453
12,34,15.114512224883482
12,35,18.2697268538165
12,36,22.05099466174618
12,37,23.725879693368427
12,38,21.15173748736983
12,39,19.754097848568765
12,40,20.57468941057293
12,41,18.737048933917606
12,42,20.477316558029926
12,43,19.8528612909289
12,44,21.694463829339078
12,45,22.663641701520493
12,46,23.853982432203946
12,47,24.231974663954535
12,48,26.276973632564705
12,49,25.691098774737135
12,50,24.588791477941417
12,51,25.92553082504339
12,52,26.24112138134879
12,53,29.99868339662155
12,54,30.76655005468836
12,55,28.745013757804678
12,56,30.051283107228276
12,57,28.81919339335935
12,58,27.253877031269827
12,59,23.78528805844476
12,60,22.187341945764175
12,61,20.26472897909397
12,62,18.827284895514197
12,63,19.048456597042588
12,64,18.07632798221628
12,65,15.082452184770373
12,66,14.468914138884294
12,67,14.474065995504123
12,68,16.90222727343126
12,69,18.20945197896626
12,70,20.9175958624731
12,71,23.036528997131732
12,72,25.224573095829935
12,73,24.085344503662576
12,74,27.050821349572672
12,75,27.693488749035645
12,76,28.12925591466449
12,77,24.523696022944783
12,78,23.558737279004685
12,79,22.232146386582684
12,80,19.648043607029194
12,81,17.879624143067137
12,82,17.124142933379197
12,83,15.853490630203211
12,84,17.965783500401553
12,85,17.154620699013662
12,86,20.38245664908708
12,87,22.500736806486888
12,88,25.957245879746907
12,89,24.474431288752076
12,90,21.803122312123957
12,91,19.621995710505338
12,92,16.205631825696642
12,93,15.432910879667782
12,94,12.926040899862615
12,95,14.455182442068068
12,96,13.785071337631882
12,97,16.562794920474907
12,98,18.338288855143766
12,99,21.068205295228882
12,100,23.536177277451742
12,101,25.203833039518305
13,1,30.112814859412186
13,2,27.52597853156962
13,3,25.070499092621304
13,4,21.50331239556937
13,5,19.94737426734336
13,6,16.565977209162945
13,7,13.58804086330615
13,8,9.76493213821497
13,9,9.14043651423605
13,10,5.530190965745668
13,11,5.43859557659027
13,12,3.7907643144346355
13,14,3.8396626629920023
13,15,5.904892689788625
13,16,7.565698407734388
13,17,9.81361258370535
13,18,12.785969694581869
13,19,13.251372606398773
13,20,16.755917670539688
13,21,17.743423837097836
13,22,21.215782192171663
13,23,22.966079693345797
13,24,22.591585251504522
13,25,18.942394603134137
13,26,16.535912643776022
13,27,13.495477247416426
13,28,10.775412354333227
13,29,9.255551585449387
13,30,6.942574699374547
13,31,8.18068614904286
13,32,8.568941004049494
13,33,11.440085620642714
13,34,14.62217024323785
13,35,18.107690189485375
13,36,21.797097229384928
13,37,23.096823438882076
13,38,20.106675796362275
13,39,18.574280913394965
13,40,18.793427977138744
13,41,16.6324763707056
13,42,18.115608835937817
13,43,17.373484827326656
13,44,19.46787113515121
13,45,20.296207640488454
13,46,21.93634409973778
13,47,22.541375380566638
13,48,24.182462753033473
13,49,23.350509560938146
13,50,21.8440212558419
13,51,22.86829768433662
13,52,22.901592778252056
13,53,26.677131380400283
13,54,27.5512760951552
13,55,25.42529836219097
13,56,26.58123719771261
13,57,25.18104807988281
13,58,23.676055360314678
13,59,20.191067835064242
13,60,18.508761610267342
13,61,16.79201921721547
13,62,15.529468095050534
13,63,16.223999292117966
13,64,15.464724573466574
13,65,12.112194460280508
13,66,11.637778776538799
13,67,11.1015810203585
13,68,13.45766426384909
13,69,14.519307166973194
13,70,17.31346769538574
13,71,19.379335242262755
13,72,21.731388679258156
13,73,20.80496165209089
13,74,23.95952879190419
13,75,24.940048160070962
13,76,25.324728295476067
13,77,21.622647288809215
13,78,21.088111676360473
13,79,20.06688615946438
13,80,17.735784973362183
13,81,15.609466854643445
13,82,15.277209667417399
13,83,13.872695739109936
13,84,16.47087314604358
13,85,15.877325317437899
13,86,19.39679618408132
13,87,21.738259709467574
13,88,25.424107199507787
13,89,24.483332808124924
13,90,21.837707466302984
13,91,19.339696503923342
13,92,16.000057797386802
13,93,14.74476448907828
13,94,12.060080579517145
13,95,13.19177257610515
13,96,11.944881902035284
13,97,14.848756575105996
13,98,16.052232004956423
13,99,18.8738469016854
13,100,21.00557403996858
13,101,22.945147951242262
14,1,30.22770848651775
14,2,27.445166617406976
14,3,24.66398477901595
14,4,21.009085270835655
14,5,18.84328960514222
14,6,15.525393531656897
14,7,12.745589758740007
14,8,9.17901374381826
14,9,10.09406546825017
14,10,7.2695005779137585
14,11,5.421777580213956
14,12,5.325600708122466
14,13,3.8396626629920023
14,15,3.82666756995174
14,16,5.69884325700529
14,17,6.6225449453676495
14,18,10.067260391928627
14,19,11.275216970000802
14,20,15.01210403941402
14,21,16.627104011321062
14,22,20.31872033338408
14,23,21.933362529034476
14,24,22.05489107897546
14,25,18.64234891077666
14,26,16.44388845742119
14,27,12.92192759992775
14,28,10.535231767431618
14,29,7.9566795343198775
14,30,6.400239290704439
14,31,6.958134584762124
14,32,8.84647754253265
14,33,11.26044419777489
14,34,14.79744365581331
14,35,17.904757765353747
14,36,21.630517561450183
14,37,22.761069941810682
14,38,19.990027720681805
14,39,17.826407802370483
14,40,17.790946643668267
14,41,15.231326305020888
14,42,16.242218509051213
14,43,15.044029296921689
14,44,16.627042241690884
14,45,17.37786874127456
14,46,18.628326538316987
14,47,19.195935919403667
14,48,21.166736839215407
14,49,20.739474063771322
14,50,19.55253625353675
14,51,21.12441842942981
14,52,21.481807808545238
14,53,25.23179850894816
14,54,25.743450617465015
14,55,23.777791818391435
14,56,25.308144894199273
14,57,24.41860101111636
14,58,22.741298366523974
14,59,19.437113513586944
14,60,18.422952469812238
14,61,16.62798500741844
14,62,16.014778796980366
14,63,16.37389978850885
14,64,16.442831050415883
14,65,13.267231125345948
14,66,11.628337946127415
14,67,10.815129887879774
14,68,12.531272411468647
14,69,14.147512423892403
14,70,16.565237511829398
14,71,19.104000377802098
14,72,21.21414206035693
14,73,19.65495065633941
14,74,22.442268251203444
14,75,22.934520068319753
14,76,23.073230785986382
14,77,19.460714109907435
14,78,18.519674637613377
14,79,17.046886610439895
14,80,14.427544600359976
14,81,12.571216278267189
14,82,12.098476137972321
14,83,11.267688616352181
14,84,13.964823482127128
14,85,14.039315620025327
14,86,17.655870880726745
14,87,20.434128345859847
14,88,24.046955626560585
14,89,23.041834955603637
14,90,20.00841266141879
14,91,17.144820651385157
14,92,13.531839556687
14,93,11.716296240903802
14,94,8.618981378167996
14,95,9.523215214816995
14,96,8.590138824421695
14,97,11.645482275611691
14,98,13.467631054650795
14,99,16.54687145900445
14,100,19.15740060424524
14,101,21.274231660856127
15,1,32.9796771768635
15,2,29.9737975984133
15,3,27.324380785162578
15,4,23.556847705261905
15,5,21.318850952008383
15,6,18.321809493649592
15,7,15.256226820053435
15,8,11.874071154033874
15,9,12.832875479449342
15,10,9.748008669151703
15,11,7.011181869539943
15,12,5.569890352383809
15,13,5.904892689788625
15,14,3.82666756995174
15,16,3.8080272735989213
15,17,5.498730576295432
15,18,8.763600549029762
15,19,10.700300256983668
15,20,14.103418430251725
15,21,16.270727674173738
15,22,20.051708891887213
15,23,22.2002154856581
15,24,22.816473258156254
15,25,19.418745961187707
15,26,17.87837093423155
15,27,14.451303329742446
15,28,12.859298858060333
15,29,10.71603908126772
15,30,9.980208983006868
15,31,10.697381692111074
15,32,12.545185923375545
15,33,14.668867698183952
15,34,18.016327414514137
15,35,20.937529868569897
15,36,24.724126552898024
15,37,26.027883177479147
15,38,23.464504482101855
15,39,21.267508259584005
15,40,21.35902901684344
15,41,18.749211811472442
15,42,19.50605357626187
15,43,17.91536945798504
15,44,18.915358853879795
15,45,19.177033137424345
15,46,19.816322856991214
15,47,20.719752230773693
15,48,23.111342385705942
15,49,23.22322641952634
15,50,22.126227804920706
15,51,23.99654441231839
15,52,24.210280971520724
15,53,27.955690243949096
15,54,28.069600796762227
15,55,25.885493255949275
15,56,27.26156369377569
15,57,26.64539553156901
15,58,25.31205630388762
15,59,22.240942268097637
15,60,21.496035694145302
15,61,20.05925373247428
15,62,19.662244692426555
15,63,20.177970328617906
15,64,20.21569477939298
15,65,16.95928185227292
15,66,15.438268238981808
15,67,14.366057001059652
15,68,15.637798206175416
15,69,16.844092544647577
15,70,18.760375338188734
15,71,21.008098792422754
15,72,22.586603531866313
15,73,20.786492143716387
15,74,23.268818547040073
15,75,23.34535409868099
15,76,23.921872015818806
15,77,20.563291816821433
15,78,19.008864345135994
15,79,17.631555987022296
15,80,15.246913056332977
15,81,14.297243183835176
15,82,14.198422278487227
15,83,14.161381848525405
15,84,16.81696233853558
15,85,17.21314566696658
15,86,20.713697194827652
15,87,23.541141702532034
15,88,27.000169155861517
15,89,25.663038542008618
15,90,22.453228764810543
15,91,19.614297198557217
15,92,15.824829470210398
15,93,13.878384907144687
15,94,10.48819953754861
15,95,10.686101697849146
15,96,9.480918261719085
15,97,11.613615976755264
15,98,13.674080773253957
15,99,16.21703597861549
15,100,19.052867484556575
15,101,20.58791539660466
16,1,35.86889400144427
16,2,33.0105610987788
16,3,30.18802685984584
16,4,26.5006582022412
16,5,24.1142421232245
16,6,20.911154891644678
16,7,18.190017143886386
16,8,14.763040852943972
16,9,15.665796240382647
16,10,12.473426503261821
16,11,10.365129984391691
16,12,8.619963395730478
16,13,7.565698407734388
16,14,5.69884325700529
16,15,3.8080272735989213
16,17,3.8334928983715435
16,18,5.772063249589932
16,19,7.094322402926319
16,20,10.377736526344485
16,21,12.510476400120455
16,22,16.290382868694202
16,23,18.564759237370634
16,24,19.369892232249615
16,25,16.054900345184077
16,26,14.958143558410807
16,27,11.664930755138332
16,28,10.924412360533855
16,29,9.468888541046747
16,30,10.063481260628429
16,31,11.819492047832528
16,32,14.226153573406359
16,33,16.868390065141064
16,34,20.473096426039195
16,35,23.534178622750282
16,36,27.240303165782766
16,37,28.262432001816563
16,38,25.456230550770577
16,39,23.075918256409775
16,40,22.572514226318678
16,41,19.54734208071936
16,42,19.67905378487561
16,43,17.52815073253983
16,44,18.242924010168338
16,45,17.798833273373443
16,46,18.473249147727643
16,47,20.03774663284858
16,48,22.243884619363165
16,49,22.558618461843913
16,50,21.03069782382137
16,51,22.825342526988404
16,52,22.558293749696986
16,53,26.2882019397605
16,54,26.0964220251251
16,55,23.573438377252657
16,56,24.632866252641627
16,57,24.161675461673017
16,58,23.24779435731015
16,59,20.47423833020937
16,60,20.067529634938857
16,61,19.28327887556681
16,62,19.47875638692746
16,63,20.59871875716567
16,64,20.997766390075192
16,65,17.480099171103692
16,66,16.025004842180383
16,67,14.058409085743019
16,68,14.521103308186689
16,69,15.062786863538227
16,70,16.382601672766082
16,71,18.319382921235203
16,72,19.472108206393727
16,73,17.580847837053316
16,74,19.95015048992509
16,75,20.019853173151446
16,76,20.95808443017986
16,77,17.719491608154243
16,78,16.109878450492396
16,79,15.288023495879406
16,80,13.562808396267064
16,81,13.022712867409334
16,82,13.94356465681317
16,83,14.518666976227923
16,84,17.722249059464442
16,85,18.69259984503872
16,86,22.384667265930585
16,87,25.489572772044035
16,88,29.053366534845207
16,89,28.08338100536331
16,90,24.800024533967374
16,91,21.652752704679575
16,92,17.894776856075374
16,93,15.309938425166372
16,94,11.586360013992618
16,95,10.542617244765726
16,96,8.0911644090025
16,97,9.359279211967168
16,98,10.69932016014393
16,99,12.849287902807367
16,100,15.489437316888257
16,101,16.87190281137574
17,1,35.38626566434174
17,2,32.46354226461996
17,3,29.39452186303577
17,4,25.76457766004746
17,5,22.962814746682746
17,6,19.90869822675331
17,7,17.595676667451936
17,8,14.634358700554207
17,9,16.405859091440664
17,10,13.848485950639756
17,11,11.333616901757612
17,12,10.79687700595492
17,13,9.81361258370535
17,14,6.6225449453676495
17,15,5.498730576295432
17,16,3.8334928983715435
17,18,3.8439846760033505
17,19,6.593386717083055
17,20,10.03295867576232
17,21,12.780116414144803
17,22,16.59602724077057
17,23,18.41298699177814
17,24,19.613359678876666
17,25,16.71544088605538
17,26,15.66151492694461
17,27,12.074348339195089
17,28,11.525826385315787
17,29,9.212051170585708
17,30,10.35254651754081
17,31,11.39094894525562
17,32,14.494892706986565
17,33,16.676965788179388
17,34,20.35373687991835
17,35,23.034285561586344
17,36,26.62928383853132
17,37,27.443214795417852
17,38,24.86030142606875
17,39,22.057739175016746
17,40,21.320760217440018
17,41,18.10064957498616
17,42,17.77029598831881
17,43,15.278825055740743
17,44,15.393536889162949
17,45,14.858423090060034
17,46,15.077057533399078
17,47,16.585212330043213
17,48,19.076920625796497
17,49,19.78911496831985
17,50,18.64399749826889
17,51,20.928214438295363
17,52,21.054122835549453
17,53,24.653214345806397
17,54,24.166138265499722
17,55,21.94409823077787
17,56,23.459331074642215
17,57,23.48345441035767
17,58,22.295025792904248
17,59,19.737777042677543
17,60,19.921644552380567
17,61,18.977952312564952
17,62,19.632225210068714
17,63,20.3654937644827
17,64,21.377136941854904
17,65,18.157682226973
17,66,15.930095873011119
17,67,13.97436905789857
17,68,13.900382590660898
17,69,15.03663339056836
17,70,16.030276216827307
17,71,18.476858292216637
17,72,19.51093667800142
