1,2,3.8024201353778264
1,3,6.538734195144883
1,4,6.280532820008744
1,5,9.950540647308484
1,6,11.895250290824432
1,7,14.748806654114842
1,8,17.867061556024314
1,9,20.069623580299446
1,10,18.652797591914908
1,11,22.289037969904467
1,12,24.707841667037947
1,13,28.272205620752068
1,14,30.926545656864885
1,15,34.45502787366331
1,16,35.14977673268525
1,17,36.30619323890447
1,18,34.2002910939876
1,19,31.254422346007203
1,20,27.750808272400256
1,21,25.291632487034615
1,22,21.536967058412305
1,23,19.58542944966925
1,24,16.29723521275699
1,25,15.345670168613125
1,26,13.374417857097171
1,27,13.936438466405274
1,28,13.963426002561299
1,29,14.46450625741244
1,30,16.85919905718427
1,31,18.17779711677459
1,32,18.36031390879605
1,33,16.217267154504658
1,34,17.107742263040596
1,35,16.179863363104587
1,36,17.133245097560767
1,37,18.36000227477449
1,38,18.329470721622602
1,39,20.443665004760724
1,40,19.924529392164754
1,41,23.358880283757223
1,42,24.98395162881259
1,43,22.785072724835707
1,44,19.568881974309598
1,45,21.02902009844455
1,46,19.414071153599426
1,47,21.919587444939467
1,48,21.379061149272417
1,49,23.259932351784975
1,50,22.92346038532713
1,51,21.052913154184854
1,52,21.153230278145674
1,53,22.894564368108714
1,54,25.83304542049627
1,55,30.60758110805254
1,56,31.29466214065258
1,57,30.805454787411815
1,58,27.042589902017646
1,59,26.668816116512186
1,60,23.824397105029213
1,61,24.995877275076236
1,62,23.561164896384003
1,63,24.611939941602667
1,64,26.30388315819635
1,65,23.381970754386472
1,66,20.67535529476049
1,67,18.015034240260718
1,68,19.456029389586778
1,69,20.33127913707373
1,70,22.72242255559373
1,71,22.519843801494222
1,72,25.896849137103374
1,73,27.818849760445946
1,74,31.473354623208262
1,75,33.904426355547585
1,76,31.636680731240283
1,77,33.35532423278154
1,78,33.31679484394646
1,79,31.370455888765456
1,80,28.626706985478293
1,81,27.43066942680305
1,82,24.20833625392583
1,83,20.426646476535865
1,84,18.6286384898062
1,85,15.224730569344128
1,86,14.152273277736532
1,87,11.969981297299158
1,88,11.467053101358825
1,89,12.587624161505351
1,90,12.875643643814248
1,91,15.899268033352062
1,92,16.674996006289028
1,93,16.23830458023387
1,94,13.960484614411548
1,95,13.12526501473643
1,96,9.650111181691301
1,97,9.092765435422482
1,98,6.724347894127585
1,99,8.610756520132373
1,100,9.812850966441985
1,101,11.297200791126443
1,102,14.694355792198252
1,103,17.769557714043554
1,104,21.340994176266243
1,105,24.394300347037007
1,106,27.806442843562994
1,107,30.99472448735819
1,108,34.18046409814942
1,109,37.77220522436774
1,110,39.99615571304704
1,111,43.244022244646594
2,1,3.8024201353778264
2,3,3.803354099184299
2,4,5.737601515375043
2,5,9.433649353333248
2,6,11.963530718609093
2,7,15.32537330285695
2,8,18.419483517544894
2,9,20.88846396427625
2,10,20.124859107599743
2,11,23.869288426075887
2,12,25.95945908285853
2,13,29.656213902025566
2,14,32.08213688067348
2,15,35.67712280577803
2,16,36.43321011749854
2,17,37.25374514931959
2,18,34.90520770465093
2,19,31.742584428536883
2,20,28.38818053139865
2,21,25.5474742052942
2,22,21.866261275577454
2,23,19.374913108634498
2,24,15.96560759711836
2,25,14.22192799938603
2,26,11.675809194193226
2,27,11.320650264775447
2,28,11.078104876794365
2,29,11.022822557667318
2,30,13.65355417131511
2,31,15.42561345825833
2,32,16.060412185922452
2,33,14.43106191949529
2,34,16.006452370369225
2,35,15.545925941790758
2,36,17.31493898995496
2,37,18.994263572363238
2,38,19.693199315599735
2,39,22.257407790737275
2,40,22.295974918013332
2,41,25.846386086424506
2,42,27.83356689974237
2,43,25.921757080638237
2,44,22.538692847663363
2,45,23.622206301752037
2,46,21.56669551345728
2,47,23.629946067165424
2,48,22.505385176712252
2,49,24.131480247807417
2,50,23.19584017803762
2,51,20.848749938339164
2,52,20.280673138787794
2,53,21.706998758149563
2,54,24.98460217203561
2,55,31.220805744837417
2,56,31.53833157729568
2,57,31.288906013103045
2,58,27.467590284529145
2,59,26.574531999443998
2,60,23.38076375763789
2,61,24.037660524144844
2,62,22.08697084002176
2,63,22.92305113192947
2,64,24.149372285506065
2,65,21.00830709824472
2,66,18.162187908378968
2,67,15.884626024516743
2,68,17.95530932330155
2,69,19.310922362262428
2,70,22.17978485112805
2,71,22.533899958863767
2,72,26.12464128227242
2,73,28.44511308012639
2,74,31.940045446965726
2,75,34.647958334041455
2,76,32.72374012541348
2,77,34.78074346185992
2,78,35.093077035989346
2,79,33.3039977599311
2,80,30.29335673352949
2,81,29.3629225936783
2,82,26.378560428120686
2,83,22.645742255273976
2,84,20.368632285847063
2,85,16.71658829545891
2,86,14.89405603977059
2,87,12.586873260262646
2,88,10.981606055546129
2,89,11.963830278722881
2,90,11.265147892960117
2,91,14.41110807895722
2,92,14.498578523865033
2,93,13.699474364389635
2,94,12.045726382885336
2,95,12.000099876705463
2,96,9.04597093837008
2,97,9.500160778535577
2,98,7.480618384828524
2,99,10.143980372100339
2,100,11.203498452935868
2,101,13.398358526878805
2,102,16.915259292784746
2,103,19.572011370666065
2,104,23.29922035364584
2,105,26.051725866109276
2,106,29.603341872517007
2,107,32.62247490081397
2,108,35.87165515982839
2,109,39.45323453061298
2,110,41.399681287460346
2,111,44.663655125731346
3,1,6.538734195144883
3,2,3.803354099184299
3,4,3.8230429436511284
3,5,6.6783419360409155
3,6,9.307162905797075
3,7,12.903489394175395
3,8,15.844943871160067
3,9,18.474814941584608
3,10,18.32526484968498
3,11,22.064710054885214
3,12,23.795888739077842
3,13,27.557505386975834
3,14,29.7687607347071
3,15,33.399913951635696
3,16,34.26829658490149
3,17,34.845157067039366
3,18,32.28284179389348
3,19,29.022735783179005
3,20,25.77574464830203
3,21,22.69129508659866
3,22,19.10018743190182
3,23,16.26849732017262
3,24,12.93624204412606
3,25,10.727628038320322
3,26,8.175196743256892
3,27,7.666472241775356
3,28,8.132685011245
3,29,8.868979468318212
3,30,11.973705014716613
3,31,13.367419532523861
3,32,14.726909175325746
3,33,12.907945422302797
3,34,14.331951384622984
3,35,13.522755294326894
3,36,15.702461397907983
3,37,17.241976366482458
3,38,18.54760141239681
3,39,21.274537589854134
3,40,21.908723711666426
3,41,25.614723601875962
3,42,27.982801952130618
3,43,26.51355338070092
3,44,23.086749411321815
3,45,23.978046587577552
3,46,21.479149429634205
3,47,23.042658465141905
3,48,21.529211958696997
3,49,22.609600392599283
3,50,21.34214903828771
3,51,18.94395771888174
3,52,17.947301970491846
3,53,19.44218725942096
3,54,22.859858193540735
3,55,29.41269639863744
3,56,29.329414108996367
3,57,29.016758240922943
3,58,25.2119827219581
3,59,23.957657343192956
3,60,20.606336157823332
3,61,20.88697521724777
3,62,18.748983129252164
3,63,19.311547648955298
3,64,20.468168962721002
3,65,17.287748976484984
3,66,14.593744473077878
3,67,12.167814573417624
3,68,14.307013159894963
3,69,15.961359104158538
3,70,18.99071011247153
3,71,19.769383675549438
3,72,23.41135400447831
3,73,26.040864583257616
3,74,29.386732941808432
3,75,32.20528744434846
3,76,30.537730459437405
3,77,32.89797487036594
3,78,33.47449742387678
3,79,31.969851985328425
3,80,28.72657919609919
3,81,27.945069539643328
3,82,25.291768975764292
3,83,21.68800826912515
3,84,19.047745782270063
3,85,15.3380595847214
3,86,13.143792976736595
3,87,11.399054244318593
3,88,9.516897433109575
3,89,11.347182212405428
3,90,10.742547625294636
3,91,14.328965381154372
3,92,14.506992958212827
3,93,13.993969310367595
3,94,13.28048329970713
3,95,13.113495651709309
3,96,10.302169702667275
3,97,10.211809485940531
3,98,7.6424492001828845
3,99,9.707651926825777
3,100,9.951803376313121
3,101,12.564462228258213
3,102,16.039618580177596
3,103,18.108055919469038
3,104,21.89749799652005
3,105,24.311165595123953
3,106,27.924486140711366
3,107,30.768651485479914
3,108,34.01595757052963
3,109,37.574149537705836
3,110,39.24874408235055
3,111,42.487432034745424
4,1,6.280532820008744
4,2,5.737601515375043
4,3,3.8230429436511284
4,5,3.801524482075973
4,6,6.522146425448989
4,7,9.72279604114305
4,8,13.008305890656985
4,9,15.628077762518714
4,10,15.21126130819074
4,11,18.867149953728234
4,12,20.598255419063182
4,13,24.298062589349684
4,14,26.53509066833004
4,15,30.111417358733643
4,16,30.846458156718136
4,17,31.567784985963844
4,18,29.18052464341851
4,19,26.00573130263262
4,20,22.662477780511946
4,21,19.82156925346384
4,22,16.144554639925758
4,23,13.767391760280898
4,24,10.331673591164725
4,25,9.120359176349522
4,26,7.225947790933633
4,27,8.546567278491933
4,28,9.344109699325571
4,29,11.249324160659404
4,30,13.863616643315051
4,31,14.311644516669624
4,32,15.245420425921045
4,33,12.583526663776661
4,34,12.98660169640431
4,35,11.372650884336524
4,36,12.86478099208602
4,37,13.94905778941594
4,38,14.960758130373728
4,39,17.52928985437544
4,40,18.145524216099684
4,41,21.881366698146827
4,42,24.297584451037743
4,43,22.97621805645029
4,44,19.572447349623552
4,45,20.493016894661654
4,46,17.962555712949584
4,47,19.54691187245011
4,48,18.256819287305227
4,49,19.313605552142203
4,50,18.43082435696183
4,51,16.462632244066665
4,52,16.056154366768638
4,53,17.99127868440918
4,54,21.075019175561348
4,55,26.30930228959475
4,56,26.428837970728203
4,57,25.906099407259543
4,58,22.109094486699185
4,59,21.23150695942979
4,60,18.15328067142331
4,61,18.969037797769445
4,62,17.43879298124273
4,63,18.3650997771318
4,64,20.202234103351877
4,65,17.453900990888876
4,66,14.918839709592806
4,67,11.989555718410179
4,68,13.196169829075929
4,69,14.115369497446384
4,70,16.67957151362816
4,71,16.91048725936259
4,72,20.449482120008984
4,73,22.815062298910945
4,74,26.29827253732499
4,75,28.977017145928748
4,76,27.11413321556894
4,77,29.319620049895114
4,78,29.795828709322464
4,79,28.211307208796324
4,80,25.02680572694098
4,81,24.213610130160284
4,82,21.499086567359953
4,83,17.887216611945323
4,84,15.265292795874323
4,85,11.56288061301354
4,86,9.620420297805248
4,87,8.166467145686402
4,88,7.31547611317657
4,89,9.953787164143195
4,90,10.682857651579804
4,91,14.40723769997095
4,92,15.552434039465046
4,93,15.704338476283937
4,94,14.690915494799821
4,95,13.498910384135808
4,96,10.149345690291852
4,97,8.647113614531177
4,98,5.198945053626378
4,99,6.148443683516379
4,100,6.1615574043549675
4,101,9.038077515266586
4,102,12.348648714934157
4,103,14.52629237657004
4,104,18.292163293428764
4,105,20.736324563516643
4,106,24.376552371109987
4,107,27.231554713642463
4,108,30.53653455496731
4,109,34.073965647127665
4,110,35.875451627568054
4,111,39.17362661511251
5,1,9.950540647308484
5,2,9.433649353333248
5,3,6.6783419360409155
5,4,3.801524482075973
5,6,3.78735986348217
5,7,6.671392044645699
5,8,10.0130984369439
5,9,12.834874428254254
5,10,13.091513691068164
5,11,16.55206238302273
5,12,17.758663118749354
5,13,21.45173902645492
5,14,23.39799654458843
5,15,26.95398392371078
5,16,27.686285163132503
5,17,28.185229613906184
5,18,25.67959924260748
5,19,22.416742454050343
5,20,19.16933665393823
5,21,16.174199398253737
5,22,12.571931477029233
5,23,10.064862540539842
5,24,6.54685837545473
5,25,5.65220484433257
5,26,4.629375359200437
5,27,7.385390326053255
5,28,8.94145680580752
5,29,11.896497859617574
5,30,14.297940088430261
5,31,13.877122150707958
5,32,15.13813707406254
5,33,12.093855998086054
5,34,11.70161588437025
5,35,9.280942229594595
5,36,10.751480381957936
5,37,11.345683349482346
5,38,12.961671071557873
5,39,15.593461696160391
5,40,16.899909610610475
5,41,20.676477328868238
5,42,23.472221909878286
5,43,22.719624653959727
5,44,19.382632358080567
5,45,20.020258931624046
5,46,17.09292888469767
5,47,18.049047499153797
5,48,16.443547131333272
5,49,16.838046445692658
5,50,15.772364892678645
5,51,14.030845342825002
5,52,13.493783589207855
5,53,15.708855849749398
5,54,18.663857305822628
5,55,23.505229765589654
5,56,23.29988599783066
5,57,22.634899689602697
5,58,18.873847208866206
5,59,17.790127788187302
5,60,14.699660524698626
5,61,15.424931355516334
5,62,14.10655103869285
5,63,15.012560315295984
5,64,17.216131902639727
5,65,14.820215735542794
5,66,12.629342312508749
5,67,9.36106376721292
5,68,9.818132967434313
5,69,10.447874727774684
5,70,12.893014984393275
5,71,13.270356503320693
5,72,16.831814895981864
5,73,19.40258545426437
5,74,22.782757886402493
5,75,25.53649706351493
5,76,23.88021326379167
5,77,26.33084379070093
5,78,27.077646857120175
5,79,25.74120531998329
5,80,22.35164472741962
5,81,21.76131017115487
5,82,19.435157478230447
5,83,16.075229380632706
5,84,13.052815415583302
5,85,9.436588543017198
5,86,7.134583223726289
5,87,6.936431336537294
5,88,6.593901172007541
5,89,10.146141601097973
5,90,11.477784299144767
5,91,15.2181847753038
5,92,16.741355317050935
5,93,17.34528480942298
5,94,16.90905536262775
5,95,15.397255235035663
5,96,12.319489612886649
5,97,10.23678504697175
5,98,7.013342130504452
5,99,6.426957595925487
5,100,5.1713014695038
5,101,8.402138040263818
5,102,11.089277933473285
5,103,12.449583273098124
5,104,16.13988036932328
5,105,18.100775747758963
5,106,21.806014404036063
5,107,24.408944200960143
5,108,27.75260687719681
5,109,31.218591346339142
5,110,32.785961055443515
5,111,36.10314178107711
6,1,11.895250290824432
6,2,11.963530718609093
6,3,9.307162905797075
6,4,6.522146425448989
6,5,3.78735986348217
6,7,3.8066569346152233
6,8,6.570644866143308
6,9,9.284454952418841
6,10,9.650988636696852
6,11,13.190194480542857
6,12,14.557872649279627
6,13,18.332369579420654
6,14,20.51618465953433
6,15,24.191936599396065
6,16,25.30512555035308
6,17,26.03178184409022
6,18,23.380719746109186
6,19,20.36102660780048
6,20,16.902100222949176
6,21,14.027785102353622
6,22,10.28490617229748
6,23,7.925165725666734
6,24,5.425529440695808
6,25,5.373860219265442
6,26,6.782248208589794
6,27,9.54775082946682
6,28,12.012128234359395
6,29,15.042300702148413
6,30,17.67984834119658
6,31,17.16524544436682
6,32,18.668380308045215
6,33,15.560632653913329
6,34,14.718389511061467
6,35,11.72582543556724
6,36,12.488304571850074
6,37,11.910766476355054
6,38,13.234287720140067
6,39,15.132515661496287
6,40,16.44580996885289
6,41,20.23407340053209
6,42,22.902384890675535
6,43,22.29311437024722
6,44,19.33784643607908
6,45,20.390613426496575
6,46,17.6563301302163
6,47,18.559518077079048
6,48,17.36227129518021
6,49,17.214851715768248
6,50,16.61945463540475
6,51,15.62337700900973
6,52,15.346734102089071
6,53,17.853510495044798
6,54,20.479689195408625
6,55,23.662487958879247
6,56,23.30678178447856
6,57,22.043668261919027
6,58,18.471386760083778
6,59,17.578006179950325
6,60,14.87771636449906
6,61,15.566988253429518
6,62,14.716415520287278
6,63,15.053261508118545
6,64,17.517987623948965
6,65,15.317065767325264
6,66,13.989758698731316
6,67,10.29582487124266
6,68,9.624216717419545
6,69,10.293116598454308
6,70,11.936580201716307
6,71,12.35141219829785
6,72,15.507338818903586
6,73,18.066543882970777
6,74,21.440042917246803
6,75,23.842442170218256
6,76,22.014255678342778
6,77,24.509237256733677
6,78,25.021292956461778
6,79,24.077801993918513
6,80,20.72736160744214
6,81,19.70482716603662
6,82,17.61722447612808
6,83,14.41071787055534
6,84,11.743042543665988
6,85,8.696462916321314
6,86,7.691907310558655
6,87,9.083089029770074
6,88,9.88176668345022
6,89,13.59649933421581
6,90,15.221411300866729
6,91,18.925486012158107
6,92,20.51982984644006
6,93,21.09558794578366
6,94,20.621468905294254
6,95,19.078204595036443
6,96,15.85006604595628
6,97,13.457902033428608
6,98,9.968662012022648
6,99,8.174502331724774
6,100,5.0955560917822496
6,101,6.817645789638701
6,102,9.293757664614372
6,103,9.857205416024906
6,104,13.524273917007177
6,105,15.535294772202185
6,106,19.074233152353653
6,107,21.833506743267062
6,108,24.962067397951145
6,109,28.53318194467756
6,110,30.085489508025393
6,111,33.24960074648526
7,1,14.748806654114842
7,2,15.32537330285695
7,3,12.903489394175395
7,4,9.72279604114305
7,5,6.671392044645699
7,6,3.8066569346152233
7,8,3.7957564116576346
7,9,6.474413482125851
7,10,7.05426252840375
7,11,10.129048582223074
7,12,11.087501237819433
7,13,14.793494087980987
7,14,16.873883946494644
7,15,20.502737624266555
7,16,21.523881648857422
7,17,22.335836228553863
7,18,19.80126882166383
7,19,16.89407702605004
7,20,13.326926122034386
7,21,10.772880920753533
7,22,6.969336888992603
7,23,5.739619398242476
7,24,4.384276446537036
7,25,6.717767154739736
7,26,9.096176459158809
7,27,12.426005364161993
7,28,14.727821507256639
7,29,18.08860011722831
7,30,20.336386993963945
7,31,19.231922245863572
7,32,20.46439877020846
7,33,17.05447009491624
7,34,15.383107726096009
7,35,11.849549418952632
7,36,11.631742053221986
7,37,9.943630495874189
7,38,11.04561586354219
7,39,12.38820357084062
7,40,14.058860174270606
7,41,17.707071913457565
7,42,20.51146482419532
7,43,20.39928354436239
7,44,17.723140990195617
7,45,18.661982196577537
7,46,15.906422749349838
7,47,16.407046452188602
7,48,15.443017568959574
7,49,14.768303221619158
7,50,14.658592388124568
7,51,14.49576357251547
7,52,14.806490129615812
7,53,17.605567855529166
7,54,19.63938967241264
7,55,20.927944055669933
7,56,20.60239981151627
7,57,18.941632088677135
7,58,15.539551199052012
7,59,15.06596747447172
7,60,12.966565460041219
7,61,14.163979698390733
7,62,14.24769317569903
7,63,14.819152637682356
7,64,17.865349907847815
7,65,16.39247165585618
7,66,15.503844265166698
7,67,11.920374567900636
7,68,10.049503857706304
7,69,9.536765869370754
7,70,9.958380546986199
7,71,9.627870935647334
7,72,12.357533876173253
7,73,14.63360449008884
7,74,18.07390744463243
7,75,20.26023974856985
7,76,18.28493773850453
7,77,20.74643831693412
7,78,21.25495703116361
7,79,20.443586828308668
7,80,17.064338709183247
7,81,16.051573370488786
7,82,14.235773658758308
7,83,11.343813875943532
7,84,8.638560693949225
7,85,6.352556889183392
7,86,6.448261492801319
7,87,9.275001446526854
7,88,11.154818931786735
7,89,14.910073937013092
7,90,17.199630410797855
7,91,20.675619242606707
7,92,22.755715458630426
7,93,23.707747589316895
7,94,23.21260231587896
7,95,21.20895010924014
7,96,18.01126633014223
7,97,15.080580569645447
7,98,11.887203580958921
7,99,9.105695430474174
7,100,5.765181281606518
7,101,6.473470065913418
7,102,7.310648901245153
7,103,6.764890877689013
7,104,10.180359082062747
7,105,11.834574724685064
7,106,15.423163853978378
7,107,18.06902745970583
7,108,21.26145658490117
7,109,24.79237280528857
7,110,26.360638253266536
7,111,29.58612731389871
8,1,17.867061556024314
8,2,18.419483517544894
8,3,15.844943871160067
8,4,13.008305890656985
8,5,10.0130984369439
8,6,6.570644866143308
8,7,3.7957564116576346
8,9,2.9328321648657076
8,10,5.1385699247067596
8,11,7.68022080874116
8,12,8.314580005481112
8,13,12.092274250687359
8,14,14.2686366346246
8,15,18.023235809365612
8,16,19.588068390844263
8,17,20.486315929228876
8,18,17.672646191157494
8,19,15.092894102140557
8,20,11.475232000573259
8,21,9.088261225233978
8,22,5.674738888439795
8,23,5.090513915152128
8,24,6.317160084130964
8,25,8.455953736149176
8,26,11.697210540077041
8,27,14.680354296809359
8,28,17.473052405705587
8,29,20.84920549849907
8,30,23.256627394139034
8,31,22.11344128701862
8,32,23.667568720902025
8,33,20.363943266222158
8,34,18.621879578194203
8,35,15.016731183661548
8,36,14.699016611766899
8,37,12.463505850838045
8,38,13.494827352653859
8,39,14.09264540742289
8,40,15.855305884894996
8,41,19.224517766955323
8,42,21.871571122778427
8,43,22.03947880621274
8,44,19.841545561871445
8,45,20.974228755554392
8,46,18.428831249711
8,47,18.656825978032508
8,48,17.901057702343017
8,49,16.605219460561393
8,50,16.688128605646327
8,51,17.02279562405298
8,52,17.23043184756627
8,53,20.023259483067438
8,54,21.811912633807573
8,55,21.94830963667625
8,56,21.26817399793982
8,57,19.078348839214698
8,58,16.121674914444753
8,59,15.637438120623509
8,60,14.031148835856921
8,61,14.82516472651612
8,62,15.22812047472742
8,63,15.086981981768584
8,64,18.116887510944107
8,65,16.946417054617292
8,66,16.891979517584765
8,67,13.332553125140354
8,68,10.776054302280016
8,69,10.452909750249376
8,70,9.924721828658662
8,71,9.984842021943535
8,72,11.836402045986496
8,73,14.131507159361796
8,74,17.236996630066617
8,75,18.994906534881693
8,76,17.074899941166738
8,77,19.705240912132567
8,78,20.101198389878082
8,79,19.960330822140637
8,80,16.664488581521606
8,81,15.31227688813469
8,82,14.192819296556959
8,83,11.96935075876954
8,84,9.957389471594452
8,85,8.97965224497447
8,86,9.81116743719407
8,87,12.96741830334588
8,88,14.83007125726703
8,89,18.60242434950392
8,90,20.801609240037056
8,91,24.2867102964091
8,92,26.265571091907148
8,93,27.156961855103685
8,94,26.82127078869028
8,95,24.939194340470976
8,96,21.757282085662133
8,97,18.871292379548553
8,98,15.617827274493509
8,99,12.78672792035955
8,100,9.261254861376074
8,101,8.825717803885189
8,102,8.919994087320559
8,103,6.789321176809264
8,104,9.353063706108395
8,105,10.48597286542322
8,106,13.631964855610164
8,107,16.222060567358838
8,108,19.048176744839008
8,109,22.624301710361824
8,110,23.96962080865294
8,111,26.970039399782753
9,1,20.069623580299446
9,2,20.88846396427625
9,3,18.474814941584608
9,4,15.628077762518714
9,5,12.834874428254254
9,6,9.284454952418841
9,7,6.474413482125851
9,8,2.9328321648657076
9,10,3.806000476783256
9,11,5.278688065811697
9,12,5.93937139106499
9,13,9.67850297907021
9,14,12.183718553438721
9,15,15.975831107389281
9,16,17.91944099636399
9,17,19.13531658607948
9,18,16.348825479190623
9,19,14.279619500368518
9,20,10.64438665449502
9,21,9.023594798781204
9,22,6.432214328459739
9,23,7.090283849045356
9,24,9.084091899993616
9,25,11.272905378242847
9,26,14.60803459753667
9,27,17.50005534257872
9,28,20.37951667948002
9,29,23.72867536836935
9,30,26.17893152782483
9,31,25.01764008939715
9,32,26.554921976223767
9,33,23.213394167667865
9,34,21.32507471183553
9,35,17.64572336838196
9,36,16.979961945511672
9,37,14.332012956145656
9,38,14.931839770747288
9,39,14.821835522465033
9,40,16.392466977414557
9,41,19.467373599856177
9,42,21.848650800758552
9,43,22.170946591018495
9,44,20.421613104459674
9,45,21.775807261583846
9,46,19.544670105948473
9,47,19.7370634954541
9,48,19.375266688006025
9,49,17.85545495180801
9,50,18.358206180402604
9,51,19.157793069006573
9,52,19.602880730867525
9,53,22.43410162038719
9,54,23.940642632245023
9,55,22.73515967076219
9,56,22.066012356866953
9,57,19.460334296529446
9,58,16.90990615401937
9,59,16.78143785295071
9,60,15.73790512818825
9,61,16.594472818238803
9,62,17.379767336781768
9,63,17.03989569543613
9,64,20.082574061385436
9,65,19.15946843800737
9,66,19.454852598840883
9,67,15.966765869375665
9,68,13.18528456621023
9,69,12.736745610829821
9,70,11.529906104738046
9,71,11.336463735613783
9,72,12.327423480862345
9,73,14.164992272373096
9,74,17.050455157216586
9,75,18.252230908603128
9,76,16.144462057900274
9,77,18.61647960626603
9,78,18.684400520205088
9,79,18.959551778440158
9,80,15.924751998315575
9,81,14.141563855532102
9,82,13.444406791650298
9,83,11.765367205824475
9,84,10.57048382839117
9,85,10.555307692728066
9,86,12.106728565405195
9,87,15.431995088607392
9,88,17.57589090868368
9,89,21.312071525168218
9,90,23.638533350250412
9,91,27.09302176121194
9,92,29.147430118158315
9,93,30.048220945710916
9,94,29.62022480100936
9,95,27.671232361295257
9,96,24.412613733782866
9,97,21.408593876024785
9,98,18.134810259224214
9,99,15.07829281617282
9,100,11.496780276807666
9,101,10.244097614094517
9,102,9.630992895799379
9,103,6.661701131960508
9,104,8.195084338645398
9,105,9.068951395240894
9,106,11.682415678996655
9,107,14.363522995142008
9,108,16.848342582226515
9,109,20.482877319972797
9,110,21.85322957713593
9,111,24.677624155045912
10,1,18.652797591914908
10,2,20.124859107599743
10,3,18.32526484968498
10,4,15.21126130819074
10,5,13.091513691068164
10,6,9.650988636696852
10,7,7.05426252840375
10,8,5.1385699247067596
10,9,3.806000476783256
10,11,3.822398077507458
10,12,6.669962984656066
10,13,10.147600064845966
10,14,13.349605342867395
10,15,16.998795723359358
10,16,18.75876129662941
10,17,20.566793337067594
10,18,18.28866855311643
10,19,16.534173739181334
10,20,12.77515332892189
10,21,11.818256204564921
10,22,9.055092113209707
10,23,9.973436394690177
10,24,10.89501097712547
10,25,13.152990837352506
10,26,15.924176082681264
10,27,18.895692962778075
10,28,21.5203695375785
10,29,24.68210934076283
10,30,27.19298007372514
10,31,26.264524706804547
10,32,27.438645551294833
10,33,23.95834869823334
10,34,22.082597074651865
10,35,18.429291509584345
10,36,17.338510402411217
10,37,14.651978680177884
10,38,14.32909094564036
10,39,13.716978607052102
10,40,14.436782882397042
10,41,17.490850615489286
10,42,19.405301683096734
10,43,19.31907431820828
10,44,17.79533094932173
10,45,19.660181934284928
10,46,17.932923961329575
10,47,18.74744337760092
10,48,19.031782605167912
10,49,18.101439507489122
10,50,19.18244747472011
10,51,20.094622987924627
10,52,21.04315261918913
10,53,23.96641455033068
10,54,25.44018704708246
10,55,23.59010035366763
10,56,23.519260913059092
10,57,20.902511168863445
10,58,18.282539499001036
10,59,18.765502910525182
10,60,17.837884256400034
10,61,19.25278503260951
10,62,20.07316171241933
10,63,20.147700460678944
10,64,23.241137492086295
10,65,22.05154879264557
10,66,21.870625160470976
10,67,18.23129867857018
10,68,15.879871946177314
10,69,15.338554934523751
10,70,14.384495244010436
10,71,13.492679815762685
10,72,14.554595959955787
10,73,15.74866376127768
10,74,18.941105175623974
10,75,19.86045532597555
10,76,17.17155265556076
10,77,19.001529895458038
10,78,18.415304532008026
10,79,18.263261073386587
10,80,15.620688546640482
10,81,13.213965244049557
10,82,11.774766440359297
10,83,9.673659433540385
10,84,9.371321481543156
10,85,9.591040803102377
10,86,12.014646061107925
10,87,15.052047661922238
10,88,17.650056022666835
10,89,21.235010531145264
10,90,23.769601992782057
10,91,27.20239249108739
10,92,29.398005258521994
10,93,30.24684733827494
10,94,29.336401289223563
10,95,27.23137116752616
10,96,23.7423071871631
10,97,20.572588762120755
10,98,17.239043196506795
10,99,13.912243275447588
10,100,10.37665536676997
10,101,8.015192211071561
10,102,6.99195873568729
10,103,4.31878639360396
10,104,6.09141585656972
10,105,8.443309489365507
10,106,10.999400220464876
10,107,14.350705914548339
10,108,16.81560022909927
10,109,20.5881545773773
10,110,22.553689294365707
10,111,25.37926569664784
11,1,22.289037969904467
11,2,23.869288426075887
11,3,22.064710054885214
11,4,18.867149953728234
11,5,16.55206238302273
11,6,13.190194480542857
11,7,10.129048582223074
11,8,7.68022080874116
11,9,5.278688065811697
11,10,3.822398077507458
11,12,3.8104645533985537
11,13,6.631433921910192
11,14,10.156375373442035
11,15,13.652217530481693
11,16,15.641922684097253
11,17,17.808242947146596
11,18,15.775192922586374
11,19,14.69328029073489
11,20,11.165049262877522
11,21,11.319280863638593
11,22,9.662652194840211
11,23,11.695988470356621
11,24,13.413237115688933
11,25,16.072977821347788
11,26,19.084070988409856
11,27,22.189340130694987
11,28,24.79801684714474
11,29,28.10785920504025
11,30,30.461144715556593
11,31,29.253751695823407
11,32,30.34499515602858
11,33,26.78512292128802
11,34,24.55958338767008
11,35,20.796428489238767
11,36,19.274640416034277
11,37,16.09653260225417
11,38,15.497247542170525
11,39,14.091709392766328
11,40,14.868886115723669
11,41,17.309292331889974
11,42,19.01795294372668
11,43,19.469744067164672
11,44,18.561791817799023
11,45,20.33736017891257
11,46,18.88671159208294
11,47,19.311109241464514
11,48,19.926019440750764
11,49,18.551521813171178
11,50,20.056444206430687
11,51,21.588557789902694
11,52,22.81982712697606
11,53,25.77029872105976
11,54,26.775311798586774
11,55,23.157997946441643
11,56,23.081658609525107
11,57,20.032108418244597
11,58,18.00356598800534
11,59,18.924386243389115
11,60,18.736843312352615
11,61,20.29731280522676
11,62,21.694938540778335
11,63,21.755609072841715
11,64,25.009190296054893
11,65,24.30056505129721
11,66,24.45653286542074
11,67,20.9742833916202
11,68,18.181984413409822
11,69,17.190275011098144
11,70,15.42985146651117
11,71,14.1606585985283
11,72,14.208826309132876
11,73,14.716334334222076
11,74,17.538286251416732
11,75,17.768627738551253
11,76,14.898679238334685
11,77,16.44366922099487
11,78,15.52142782165977
11,79,15.917140157647314
11,80,13.64661881897853
11,81,10.873186240455205
11,82,10.317281749351336
11,83,9.461283709059252
11,84,10.090485462913023
11,85,11.586252145541344
11,86,14.401206775336695
11,87,17.746449008026126
11,88,20.603514706422374
11,89,24.11375300496834
11,90,26.876681306490674
11,91,30.168111635781088
11,92,32.56633347255855
11,93,33.590735764031386
11,94,32.7140008602867
11,95,30.418540581246305
11,96,26.992583853670265
11,97,23.651892571683927
11,98,20.52617966800713
11,99,17.007932010784803
11,100,13.700727296297508
11,101,11.2935020894629
11,102,9.261726794580415
11,103,5.810811518758023
11,104,4.882202467180388
11,105,6.125158908765293
11,106,7.715277667880645
11,107,11.076575349976459
11,108,13.188082307086503
11,109,16.97521060709837
11,110,19.000381694752093
11,111,21.713364190683095
12,1,24.707841667037947
12,2,25.95945908285853
12,3,23.795888739077842
12,4,20.598255419063182
12,5,17.758663118749354
12,6,14.557872649279627
12,7,11.087501237819433
12,8,8.314580005481112
12,9,5.93937139106499
12,10,6.669962984656066
12,11,3.8104645533985537
12,13,3.8050425618184374
12,14,6.695831259473558
12,15,10.39552244508113
12,16,12.454194005189372
12,17,14.278640497522609
12,18,12.02451006714004
12,19,11.022315932639035
12,20,7.674291176473475
12,21,8.450198974719173
12,22,7.984010529192598
12,23,10.815139329210531
12,24,13.310300010321019
12,25,16.274343461484293
12,26,19.549130034600324
12,27,22.77007002135429
12,28,25.34059281448477
12,29,28.87118102899507
12,30,30.960431862840306
12,31,29.354236914489377
12,32,30.499699115239153
12,33,26.966958714059167
12,34,24.455369642614997
12,35,20.651417787122742
12,36,19.05954908340586
12,37,15.63760424848013
12,38,15.496552024618557
12,39,14.094869680823702
12,40,15.658681303844109
12,41,17.807043525571075
12,42,19.916677107108082
12,43,21.029119748497365
12,44,20.11515656280851
12,45,21.295638810642295
12,46,19.523969960965545
12,47,19.19692950503455
12,48,19.477243566321352
12,49,17.43048431734747
12,50,18.802110486272785
12,51,20.674880728601778
12,52,21.84022245949307
12,53,24.718621203748235
12,54,25.364280166095448
12,55,21.020559140845844
12,56,20.558752084990907
12,57,17.287514628026347
12,58,15.6911654633266
12,59,16.564567232940217
12,60,16.881249510742595
12,61,18.329419738234268
12,62,20.18610055946607
12,63,20.21632072896269
12,64,23.58813428858094
12,65,23.445142165926676
12,66,23.948038677458715
12,67,20.7625415559604
12,68,17.52094881790108
12,69,16.073786540940507
12,70,13.609893673594105
12,71,12.278273565978624
12,72,11.500599919601719
12,73,11.845272384372938
12,74,14.249082990815678
12,75,14.311976199489193
12,76,11.739876169031955
12,77,13.723695594734101
12,78,13.364924956637797
12,79,14.326946259784078
12,80,11.806114602631608
12,81,9.673765884238714
12,82,10.305775390314018
12,83,10.38316714924677
12,84,10.517698484091241
12,85,12.444654508897674
12,86,14.893361280733973
12,87,18.559214461355307
12,88,21.32533604459257
12,89,24.818835411168884
12,90,27.64468642908472
12,91,30.793365601375903
12,92,33.29135017666818
12,93,34.52810263632577
12,94,33.97927911361474
12,95,31.59609034368578
12,96,28.397274108891548
12,97,25.023304436808484
12,98,22.133961647733297
12,99,18.64122001084943
12,100,15.494080539363638
12,101,13.790309879949257
12,102,11.549957918220375
12,103,7.758135879680249
12,104,6.214665158531123
12,105,4.906646164785131
12,106,6.215194547345726
12,107,8.632914794227498
12,108,10.910753469335837
12,109,14.559539344668782
12,110,16.104147434517273
12,111,18.97878289803767
13,1,28.272205620752068
13,2,29.656213902025566
13,3,27.557505386975834
13,4,24.298062589349684
13,5,21.45173902645492
13,6,18.332369579420654
13,7,14.793494087980987
13,8,12.092274250687359
13,9,9.67850297907021
13,10,10.147600064845966
13,11,6.631433921910192
13,12,3.8050425618184374
13,14,3.805029288902371
13,15,7.0744188556467975
13,16,9.534999157220152
13,17,11.89381347461527
13,18,10.178049720250007
13,19,10.405916625201503
13,20,8.021498347635667
13,21,10.213158951499477
13,22,10.912286321826183
13,23,14.10341754901817
13,24,16.7862910751058
13,25,19.861070367668407
13,26,23.152151385377238
13,27,26.41644915534511
13,28,28.924066695111627
13,29,32.510225749867466
13,30,34.47343474976259
13,31,32.69198608364775
13,32,33.72563654352189
13,33,30.164756220397354
13,34,27.432490286705953
13,35,23.644921636607865
13,36,21.74727867973937
13,37,18.119777826650896
13,38,17.697930948124554
13,39,15.719696262815214
13,40,17.172520350269707
13,41,18.61506491585361
13,42,20.41065338206701
13,43,21.970090503317063
13,44,21.62516574143115
13,45,22.69240038157153
13,46,21.256554433354957
13,47,20.634384412571897
13,48,21.23140459790398
13,49,18.927088453461117
13,50,20.650505649377177
13,51,22.98987290498141
13,52,24.392028046709896
13,53,27.211759793524532
13,54,27.42175098334579
13,55,21.432034334256468
13,56,21.01344486316945
13,57,17.41994404685242
13,58,16.62441055479971
13,59,17.93960584398647
13,60,18.966764975812584
13,61,20.510599462700032
13,62,22.78646385996563
13,63,22.845657898129037
13,64,26.24223856376681
13,65,26.47247088439311
13,66,27.176540294599313
13,67,24.159790693129484
13,68,20.752917668699613
13,69,19.044009772835366
13,70,16.142007486747598
13,71,14.556039715332954
13,72,12.853911649575917
13,73,12.275280844803135
13,74,13.93607186143584
13,75,12.985340254883607
13,76,10.333571906319811
13,77,11.761060595070965
13,78,10.989989914894132
13,79,12.800836208217445
13,80,11.011397915411195
13,81,8.800358588363745
13,82,10.651807847088078
13,83,11.9700101306667
13,84,12.827723029223607
13,85,15.403019484367674
13,86,18.030825649173334
13,87,21.725687169821587
13,88,24.64320366356168
13,89,28.010754684763175
13,90,30.985116800937828
13,91,33.992227858598795
13,92,36.63835440724025
13,93,37.998893693074635
13,94,37.43562680400305
13,95,34.90851651226014
13,96,31.759281402168153
13,97,28.281625302131054
13,98,25.555357355930255
13,99,21.9672828472421
13,100,19.00083648154353
13,101,17.16563634244984
13,102,14.523317098385627
13,103,10.824549384177132
13,104,8.190074531426987
13,105,5.6925353689946
13,106,4.4255877532389185
13,107,5.808724864518038
13,108,7.311412212900378
13,109,10.925118511560743
13,110,12.488794126164738
13,111,15.259671696954623
14,1,30.926545656864885
14,2,32.08213688067348
14,3,29.7687607347071
14,4,26.53509066833004
14,5,23.39799654458843
14,6,20.51618465953433
14,7,16.873883946494644
14,8,14.2686366346246
14,9,12.183718553438721
14,10,13.349605342867395
14,11,10.156375373442035
14,12,6.695831259473558
14,13,3.805029288902371
14,15,3.7934399693399863
14,16,6.430222370814865
14,17,8.311603164030213
14,18,6.549265356103206
14,19,7.60855755423056
14,20,6.532446755020536
14,21,9.66511191233674
14,22,11.626891829450814
14,23,15.060854785366942
14,24,18.043486894571746
14,25,21.209224777129194
14,26,24.535839273213085
14,27,27.824331596552796
14,28,30.205210127347165
14,29,33.90834930839814
14,30,35.595121026183975
14,31,33.486630311227266
14,32,34.50250724546492
14,33,31.02182822573947
14,34,28.08205806952351
14,35,24.38699375159861
14,36,22.448227542701485
14,37,18.78803060243014
14,38,18.70993541517372
14,39,16.816115831074587
14,40,18.785312169986895
14,41,19.875556055370225
14,42,21.922943863869136
14,43,23.98292601920056
14,44,23.639816654959702
14,45,24.180429759223316
14,46,22.550948376494727
14,47,21.300213258458445
14,48,21.616701079273543
14,49,18.808789341735288
14,50,20.383735211649963
14,51,23.00060470013962
14,52,24.352053369777607
14,53,27.003579241895174
14,54,26.797614716120634
14,55,19.981893393482686
14,56,19.200088369514447
14,57,15.464056783769307
14,58,15.410658357898793
14,59,16.72512983388215
14,60,18.355651661028215
14,61,19.770798468350122
14,62,22.45399512417561
14,63,22.550921461970024
14,64,25.949376062868822
14,65,26.72368794199857
14,66,27.67596323416996
14,67,25.01989244187973
14,68,21.39045138192389
14,69,19.32254720274047
14,70,15.958697801007462
14,71,14.35389517890073
14,72,11.788846005075463
14,73,10.733569660966092
14,74,11.434349305920936
14,75,9.90185327506971
14,76,7.869819126715773
14,77,9.636500815121854
14,78,9.706183427930938
14,79,12.225355549429546
14,80,10.50565694326536
14,81,9.471092210578965
14,82,12.22995417926913
14,83,14.107794043716032
14,84,14.5677302399776
14,85,17.265184246284097
14,86,19.51339313711894
14,87,23.2777171680742
14,88,26.06547913969608
14,89,29.311585504497128
14,90,32.305971653726786
14,91,35.121157018974294
14,92,37.84219963536082
14,93,39.384368661909775
14,94,39.07965506785007
14,95,36.48209271229467
14,96,33.56114092515019
14,97,30.095378183938443
14,98,27.620027954033347
14,99,24.11438529198402
14,100,21.358586721175016
14,101,19.995482423192897
14,102,17.29835360383112
14,103,13.624890046939923
14,104,11.07478175247687
14,105,7.730625532175329
14,106,6.245435433271851
14,107,5.030079337660694
14,108,6.218918313717438
14,109,9.061595225376967
14,110,9.742285686078674
14,111,12.767252107842115
15,1,34.45502787366331
15,2,35.67712280577803
15,3,33.399913951635696
15,4,30.111417358733643
15,5,26.95398392371078
15,6,24.191936599396065
15,7,20.502737624266555
15,8,18.023235809365612
15,9,15.975831107389281
15,10,16.998795723359358
15,11,13.652217530481693
15,12,10.39552244508113
15,13,7.0744188556467975
15,14,3.7934399693399863
15,16,3.7948065357336964
15,17,6.108184207141419
15,18,5.853384215289715
15,19,8.582792195476495
15,20,9.029628638063299
15,21,12.581957856435425
15,22,15.005238936772026
15,23,18.518181486077694
15,24,21.491215850155072
15,25,24.726136773985846
15,26,27.995496174573994
15,27,31.321914675540057
15,28,33.58437302299958
15,29,37.32627155790082
15,30,38.84329054018047
15,31,36.55629333884038
15,32,37.43658132361005
15,33,33.969610669557916
15,34,30.856204007966284
15,35,27.250462471077107
15,36,25.102440052925413
15,37,21.402505006846688
15,38,21.165649903405843
15,39,18.985152619839475
15,40,20.88910877472797
15,41,21.370959279342486
15,42,23.185490323181526
15,43,25.628813140496632
15,44,25.672917710334378
15,45,25.985233917069145
15,46,24.594111270726113
15,47,23.044156723311776
15,48,23.535204549394315
15,49,20.575790163432128
15,50,22.343647280666026
15,51,25.2779473345057
15,52,26.800033300817617
15,53,29.324452707660786
15,54,28.695724559820107
15,55,20.53749896310232
15,56,19.794657591468233
15,57,15.992244832996489
15,58,16.80334569152332
15,59,18.433850713945134
15,60,20.62845621643786
15,61,22.101939605409648
15,62,25.0809634912672
15,63,25.281106394633266
15,64,28.649466789532724
15,65,29.753233685008595
15,66,30.8045366844699
15,67,28.3439916937081
15,68,24.652748654722632
15,69,22.372959895662685
15,70,18.815570059383152
15,71,17.0543355587649
15,72,13.9907175862381
15,73,12.201991997675313
15,74,11.902979459125689
15,75,9.244635881736686
15,76,7.749082453232925
15,77,8.554101854045067
15,78,8.581088644654999
15,79,11.92554652813183
15,80,11.156080955903839
15,81,10.673393502667647
15,82,14.070074693770716
15,83,16.61394783478072
15,84,17.381857437366563
15,85,20.371764249902263
15,86,22.646507538967906
15,87,26.366595787787194
15,88,29.222089167518387
15,89,32.31077211593236
15,90,35.40754598725776
15,91,38.048942554627985
15,92,40.89567688077445
15,93,42.5692905550511
15,94,42.284479072034536
15,95,39.56014891974238
15,96,36.73656721742833
15,97,33.21241375398483
15,98,30.926374735237
15,99,27.389997571280354
15,100,24.820270262472587
15,101,23.459584293061866
15,102,20.54272161896448
15,103,16.9909814157489
15,104,14.101120535709656
15,105,10.586458211385764
15,106,8.241265877220643
15,107,5.333725990769059
15,108,4.687898691013752
15,109,6.058428101648035
15,110,6.014622010961491
15,111,9.210293750379192
16,1,35.14977673268525
16,2,36.43321011749854
16,3,34.26829658490149
16,4,30.846458156718136
16,5,27.686285163132503
16,6,25.30512555035308
16,7,21.523881648857422
16,8,19.588068390844263
16,9,17.91944099636399
16,10,18.75876129662941
16,11,15.641922684097253
16,12,12.454194005189372
16,13,9.534999157220152
16,14,6.430222370814865
16,15,3.7948065357336964
16,17,3.7785305631254964
16,18,5.705202996637098
16,19,8.431268375272534
