1,2,3.8121077864026813
1,3,6.733332173853984
1,4,10.079434523517431
1,5,13.234427508396013
1,6,14.889800176877786
1,7,17.823132789937976
1,8,20.420022256135546
1,9,22.985444843048647
1,10,22.813611872065206
1,11,25.8709087473551
1,12,27.026409368039843
1,13,27.859620333827692
1,14,29.838186734338763
1,15,31.717877111489788
1,16,29.709759687154435
1,17,31.037587822300253
1,18,32.05061640188991
1,19,31.001747210612635
1,20,33.41233258809833
1,21,31.88127037089439
1,22,32.60509474972105
1,23,28.966371173615304
1,24,28.19740062518347
1,25,25.873253129590232
1,26,25.145211322035266
1,27,24.01679063993349
1,28,22.82233633838413
1,29,22.560428195817423
1,30,20.329376987584748
1,31,21.85386747890323
1,32,19.02551898033705
1,33,17.094178857212516
1,34,14.141229031652484
1,35,12.235199626169537
1,36,9.825156967865137
1,37,10.494239758529337
1,38,11.783688078590016
1,39,15.490741724975038
1,40,17.76701013122552
1,41,20.131005122079547
1,42,22.87339953306817
1,43,26.574411979297288
1,44,29.12356452687499
1,45,32.90768448233147
1,46,33.39290706735948
1,47,32.258945758807386
1,48,32.83346728040223
1,49,30.913738376715656
1,50,28.321462623759395
1,51,28.43623588204679
1,52,26.363989238212614
1,53,28.395626431652186
1,54,27.56101775599202
1,55,23.96751446116748
1,56,21.073588090689086
1,57,21.21544338182577
1,58,18.02703081608152
1,59,15.135475379184967
1,60,12.11992063158477
1,61,14.155359459921284
1,62,12.24155394871737
1,63,13.657593962961467
1,64,12.091906488285076
1,65,14.382172610063582
1,66,14.407728765327093
1,67,18.18411393352949
1,68,20.604605357590643
1,69,22.38179861108442
1,70,19.98414632521868
1,71,20.834135230274548
1,72,18.984448483577086
1,73,20.70467048596474
1,74,20.263786236301335
1,75,22.676836193525467
1,76,24.122637344099413
1,77,26.620775512371395
1,78,29.323743923906918
1,79,31.90131464755846
1,80,35.44233575229385
1,81,37.41469027028643
1,82,36.35583911256327
1,83,32.993978043750516
1,84,30.70504149478667
1,85,27.5237403223417
1,86,25.540851770306656
1,87,22.676469741280727
1,88,21.420513280961565
1,89,22.40984576077864
1,90,25.42971167508222
1,91,28.376465965072292
1,92,26.46352203520108
1,93,25.49237439940207
1,94,27.24776637578681
1,95,29.153100146130463
1,96,31.139432295468033
1,97,33.69796764438679
1,98,33.43716520155534
1,99,36.18845784001534
1,100,35.590673251396375
1,101,38.55599592006492
2,1,3.8121077864026813
2,3,3.792063595640916
2,4,6.756598077020983
2,5,9.993987372008569
2,6,12.269253818782193
2,7,15.097442516429716
2,8,18.065353607902384
2,9,20.640665190575884
2,10,20.665938718454374
2,11,23.919402139639356
2,12,25.248768597739865
2,13,26.555080862653643
2,14,28.534393349008212
2,15,30.133457009140532
2,16,28.022212597018708
2,17,29.624992424621702
2,18,30.598643917102983
2,19,29.88365264104533
2,20,32.45792894154498
2,21,30.722118429483857
2,22,31.062537144473986
2,23,27.364072276631887
2,24,26.541106155539293
2,25,24.48576210355489
2,26,23.568666140422668
2,27,22.74151366435298
2,28,21.29653903035478
2,29,21.26152182537469
2,30,18.817672435441605
2,31,20.31575699653198
2,32,17.541534733055506
2,33,16.242212059625754
2,34,12.891636236949346
2,35,11.412697023042075
2,36,9.311261545402154
2,37,8.577098644054999
2,38,9.228118740646218
2,39,13.0237728565081
2,40,14.753819938637438
2,41,17.34023038869574
2,42,19.954330576651323
2,43,23.69433249663697
2,44,25.985589178435934
2,45,29.742622777953187
2,46,30.00023861059713
2,47,28.864875370022958
2,48,29.25793960503209
2,49,27.278952951999035
2,50,24.82733041695944
2,51,24.973600924233317
2,52,23.1334711602196
2,53,25.432023222564002
2,54,24.958653861010255
2,55,21.511816236075642
2,56,18.889446583873344
2,57,19.646205450669886
2,58,16.69226875571967
2,59,13.786672764512334
2,60,10.50204537440762
2,61,12.541737137170776
2,62,10.907010378042607
2,63,12.698077634417269
2,64,12.20778508528885
2,65,14.658798408975567
2,66,14.505361191387538
2,67,18.093373083604124
2,68,19.939912265830298
2,69,21.609909236270223
2,70,19.52449654874159
2,71,20.17569936906797
2,72,18.18713993661723
2,73,19.73754090596765
2,74,18.897942337961037
2,75,21.182985435597303
2,76,22.142136511768452
2,77,24.595528476538817
2,78,26.995134707013523
2,79,29.408203677609976
2,80,33.04510466637672
2,81,34.86465192697221
2,82,33.640630332030085
2,83,30.171274428884097
2,84,27.873969236806612
2,85,24.88560462473369
2,86,22.6551144379312
2,87,19.95339066635701
2,88,18.46856295507962
2,89,19.104647482196775
2,90,22.073053622847397
2,91,25.1945793435784
2,92,23.57086014698255
2,93,22.527101827983152
2,94,24.546774210677835
2,95,26.404974117161164
2,96,28.61515740538296
2,97,31.07780257631954
2,98,31.01273498175924
2,99,33.825654583667124
2,100,33.4150350570224
2,101,36.53271921806304
3,1,6.733332173853984
3,2,3.792063595640916
3,4,3.7585342747014847
3,5,6.506502116721452
3,6,8.502083866218285
3,7,11.501194406094928
3,8,14.36853481619937
3,9,16.85599568823935
3,10,16.919060038047572
3,11,20.242369162801346
3,12,21.750441512815698
3,13,23.19883155800682
3,14,25.335637383643267
3,15,26.959583829195374
3,16,25.04015765153709
3,17,26.94748406623215
3,18,28.20119129652996
3,19,27.85973373270622
3,20,30.71965912621255
3,21,29.168503762203024
3,22,29.156022607770588
3,23,25.37426967481821
3,24,24.143487902081446
3,25,21.98551058930938
3,26,20.652583557896804
3,27,19.695640200484302
3,28,17.927421966947435
3,29,17.809467720399734
3,30,15.228043971288743
3,31,16.722166895732347
3,32,14.096323042403794
3,33,13.271973387953405
3,34,9.947807178922309
3,35,8.49498024628112
3,36,6.768892230980546
3,37,5.011521221538125
3,38,5.799345427468213
3,39,9.606384303071072
3,40,11.48991386562485
3,41,14.376811040208295
3,42,17.32318347858316
3,43,21.09766743008535
3,44,23.362359781902025
3,45,27.114111818168066
3,46,27.331955140388658
3,47,25.897003200049678
3,48,26.40884607594685
3,49,24.760713328782924
3,50,22.19384328297884
3,51,22.78977629041129
3,52,21.050694701643337
3,53,23.4293489017326
3,54,23.11815849292897
3,55,19.853455563756437
3,56,17.134559338663305
3,57,18.23637793136426
3,58,15.182789418322592
3,59,12.903539812036353
3,60,9.202263040518858
3,61,10.234189416077987
3,62,8.176747054937692
3,63,9.679180303818562
3,64,10.010729751240762
3,65,12.345398040585359
3,66,12.174375299126856
3,67,15.44421832295394
3,68,16.812379472670877
3,69,18.342847141833925
3,70,16.509189171291442
3,71,17.15866065856713
3,72,15.353463725481955
3,73,17.106730956221625
3,74,16.44643813149302
3,75,19.00935260435858
3,76,19.940936856408655
3,77,22.713592580967884
3,78,24.825046410931144
3,79,27.410134174565194
3,80,31.006406766103165
3,81,32.522989441472305
3,82,31.01815113322001
3,83,27.468973681896344
3,84,24.9052569167079
3,85,21.855174621480167
3,86,19.44041735097551
3,87,16.524926536829497
3,88,14.881550728623674
3,89,15.69132835076628
3,90,18.706074438483885
3,91,21.67129505522472
3,92,19.8762283558503
3,93,18.905912627070716
3,94,20.925584158559175
3,95,22.970773836443925
3,96,25.304177284722694
3,97,27.94461447533527
3,98,28.140685473618365
3,99,31.15544273592593
3,100,31.0625823140649
3,101,34.34522249014637
4,1,10.079434523517431
4,2,6.756598077020983
4,3,3.7585342747014847
4,5,3.7821642147755066
4,6,6.4717708651406145
4,7,8.679922558670349
4,8,12.058539856305632
4,9,14.810017809697637
4,10,15.528818958957462
4,11,19.126496709484815
4,12,21.100418585792863
4,13,22.996675071934586
4,14,25.319720018859194
4,15,26.763423316603564
4,16,24.997072907164558
4,17,27.321351929596656
4,18,28.70316577360118
4,19,28.833691203852517
4,20,31.891337923802
4,21,30.288292911981262
4,22,29.8120639793697
4,23,26.02940388103558
4,24,24.572903953376745
4,25,22.63848819415163
4,26,20.886300816823756
4,27,20.03957968780707
4,28,17.76895522534446
4,29,17.540096707231367
4,30,14.552558317284747
4,31,15.521012761812461
4,32,12.831418266667331
4,33,12.671563421937543
4,34,9.100116845902496
4,35,8.96175872072392
4,36,8.397523896849359
4,37,5.519742936744646
4,38,5.952423663428256
4,39,9.12622842445657
4,40,10.073239258135741
4,41,13.515399345485767
4,42,16.375265537980567
4,43,20.09907341808263
4,44,21.87416714035854
4,45,25.510530535944294
4,46,25.26878484836434
4,47,23.584017708933576
4,48,23.72600157557457
4,49,22.226257984499913
4,50,19.989089950214623
4,51,20.93168216966542
4,52,19.750783274659153
4,53,22.545277754021853
4,54,22.81756323825368
4,55,19.924608917497345
4,56,17.62654937832637
4,57,19.412658698441057
4,58,16.704205387866224
4,59,14.784267822514302
4,60,11.178420789349131
4,61,11.607892656951478
4,62,9.731851053536987
4,63,10.769859140075459
4,64,12.020406531417477
4,65,13.754415757803113
4,66,12.956031571314869
4,67,15.742499750249344
4,68,16.50825813151172
4,69,18.162972187695825
4,70,17.030402456125362
4,71,17.813242007587863
4,72,16.343141483767553
4,73,18.138152629340162
4,74,17.38964804562935
4,75,19.888248708177283
4,76,20.315003148535038
4,77,23.085285745097227
4,78,24.674261903602968
4,79,27.076171943584402
4,80,30.701293828862404
4,81,31.875329658941816
4,82,30.03140432744603
4,83,26.342199162903743
4,84,23.61766926283635
4,85,20.853824860121932
4,86,17.959175373122232
4,87,15.128604743283047
4,88,12.80295046506718
4,89,12.903137085486325
4,90,15.56799938338173
4,91,18.640962768710718
4,92,17.215162054075993
4,93,16.572581476827786
4,94,19.093430954621102
4,95,21.3474653187741
4,96,24.094473438468132
4,97,26.74862396583574
4,98,27.393576739895725
4,99,30.56547720103012
4,100,30.85955034412697
4,101,34.32985814083899
5,1,13.234427508396013
5,2,9.993987372008569
5,3,6.506502116721452
5,4,3.7821642147755066
5,6,3.7842558239250654
5,7,6.139811831271945
5,8,9.407089782179872
5,9,11.650957714060905
5,10,12.259249478472858
5,11,15.856326808774037
5,12,17.879912176193923
5,13,20.117433677199116
5,14,22.382651303566377
5,15,23.610671925257638
5,16,21.91954729464607
5,17,24.49649524516046
5,18,25.99705586251634
5,19,26.51470907383233
5,20,29.74732309920171
5,21,28.24092591767545
5,22,27.38662169677984
5,23,23.630934344605077
5,24,21.90174002734918
5,25,20.103551357269836
5,26,18.059033642702346
5,27,17.393985972005037
5,28,14.936330779729714
5,29,14.981826216830346
5,30,12.106057666856394
5,31,13.266692790721047
5,32,11.2539679091456
5,33,12.19936991673348
5,34,9.238812378219551
5,35,9.15026129525591
5,36,9.179927506977714
5,37,5.506067420889342
5,38,4.568350979009778
5,39,6.330773331627904
5,40,6.683750397450933
5,41,10.371723664748144
5,42,13.357787073587346
5,43,16.98568020366753
5,44,18.664897064760652
5,45,22.24699280550793
5,46,22.014522868700737
5,47,20.122990520573477
5,48,20.468492969691795
5,49,19.270228615299757
5,50,16.861428586108822
5,51,18.21157170228924
5,52,17.12401315821621
5,53,19.913966659759396
5,54,20.37528257305016
5,55,17.80984229249153
5,56,15.650237817551277
5,57,17.824311112787857
5,58,15.371954095299007
5,59,14.186981530207225
5,60,10.831330971756023
5,61,10.276993511271293
5,62,8.833239151831718
5,63,9.725944310720362
5,64,12.087482692659341
5,65,13.745648029591807
5,66,13.311724277882966
5,67,15.372284310361575
5,68,15.267533284992098
5,69,16.36030172203013
5,70,15.542180105117259
5,71,15.919513961130928
5,72,14.492123333814225
5,73,16.068811714796123
5,74,15.240224769382605
5,75,17.685103905327246
5,76,17.844733062587892
5,77,20.73874502159384
5,78,21.93980914340333
5,79,24.391299032298615
5,80,27.927852211408275
5,81,28.814253014400606
5,82,26.74937792564373
5,83,23.026877004749018
5,84,20.13213132446712
5,85,17.419671156087734
5,86,14.360328606360973
5,87,11.500601486239344
5,88,9.027214833354241
5,89,9.282377078307077
5,90,12.201084353464752
5,91,15.210589512977753
5,92,13.68673335026565
5,93,12.816484130286806
5,94,15.347060237234174
5,95,17.61696110448315
5,96,20.46738297743987
5,97,23.16587541797627
5,98,24.027368353019448
5,99,27.31416308950591
5,100,27.885326917175426
5,101,31.46487036419411
6,1,14.889800176877786
6,2,12.269253818782193
6,3,8.502083866218285
6,4,6.4717708651406145
6,5,3.7842558239250654
6,7,3.784188903992167
6,8,6.107547968223227
6,9,8.43677823788149
6,10,9.189314110632576
6,11,12.880286177375648
6,12,15.269707908431446
6,13,17.266346721100877
6,14,19.92835151250105
6,15,21.539976503681817
6,16,20.378176303572666
6,17,23.193138954401114
6,18,25.18559918117492
6,19,25.94987417094027
6,20,29.396950392830725
6,21,28.351384157600624
6,22,27.37822878655593
6,23,23.633137723185953
6,24,21.374867040578597
6,25,19.174161070550536
6,26,16.60389993596071
6,27,15.311974631004064
6,28,12.370843031651933
6,29,11.77062220012629
6,30,8.571042720857982
6,31,9.48823515530764
6,32,7.610262622784266
6,33,9.089461563654499
6,34,6.9135611431108295
6,35,7.052597889758645
6,36,8.075481272108213
6,37,4.984032264700811
6,38,5.418252530433199
6,39,5.810279891881217
6,40,7.161151537234441
6,41,10.695949351506421
6,42,14.145373283265606
6,43,17.54675345603315
6,44,19.341941039190615
6,45,22.794914523801552
6,46,22.689363018956573
6,47,20.343569928391354
6,48,20.995868621143543
6,49,20.454951457776353
6,50,17.9130826298027
6,51,19.841353719462877
6,52,18.763665568188326
6,53,21.28383319689234
6,54,21.610790793051926
6,55,19.24157916473421
6,56,16.8110783439153
6,57,18.737870247811824
6,58,16.055329058060938
6,59,15.609291900465644
6,60,12.26479859365297
6,61,10.569702509248813
6,62,8.397845299951802
6,63,7.845082177323583
6,64,10.559464618896724
6,65,11.424252525397486
6,66,10.88485393461158
6,67,12.267037777315936
6,68,11.688578602041757
6,69,12.75255550094291
6,70,12.357848699955204
6,71,13.105740411135923
6,72,12.415449667854835
6,73,14.573860772357591
6,74,14.563756364580406
6,75,17.48665324506228
6,76,18.083832439578025
6,77,21.370153900414937
6,78,22.417803395240316
6,79,25.193436398596894
6,80,28.508005629994937
6,81,29.085681334744137
6,82,26.785499364832948
6,83,23.12361482599099
6,84,19.860338663346624
6,85,16.929343993065476
6,86,13.882773106762697
6,87,10.454710747481895
6,88,7.845577107400473
6,89,8.961079192892969
6,90,11.671534555756601
6,91,13.931435645071815
6,92,11.65067159240796
6,93,11.30334378980155
6,94,13.540257614205151
6,95,16.344144569895374
6,96,19.18537408957973
6,97,22.297627531903913
6,98,23.42724220109239
6,99,26.93341446469803
6,100,27.81270112704831
6,101,31.438950393731364
7,1,17.823132789937976
7,2,15.097442516429716
7,3,11.501194406094928
7,4,8.679922558670349
7,5,6.139811831271945
7,6,3.784188903992167
7,8,3.8074713644800906
7,9,6.9673218203722085
7,10,9.226964511698243
7,11,12.981294455371788
7,12,16.02159434852986
7,13,18.25738867227024
7,14,21.172643916934692
7,15,22.699255327214292
7,16,21.944421883740823
7,17,25.106786696006722
7,18,27.282213146489617
7,19,28.45848539107614
7,20,32.01712611985644
7,21,31.04132716666966
7,22,29.719649502016054
7,23,26.078414498022283
7,24,23.611377532657617
7,25,21.591784256236576
7,26,18.66641604601112
7,27,17.339803581547688
7,28,13.976622433812464
7,29,12.928697724741586
7,30,9.448005925124379
7,31,8.97628913057774
7,32,7.12214205407678
7,33,9.332878073204826
7,34,7.602539823001108
7,35,9.331436702585387
7,36,11.072791200434708
7,37,8.458672237764155
7,38,9.098096489132097
7,39,8.936748374664944
7,40,9.1626824155832
7,41,12.675895346170142
7,42,15.772630123366186
7,43,18.837417779950474
7,44,20.011065448431133
7,45,23.15595480683962
7,46,22.511334217402528
7,47,19.753456565448257
7,48,19.94906636397668
7,49,19.86219614511963
7,50,17.845018533941943
7,51,20.267859181879224
7,52,19.87489530414714
7,53,22.663712034112926
7,54,23.50910641885835
7,55,21.56942547900485
7,56,19.546642113189783
7,57,21.815687268471063
7,58,19.408697689832838
7,59,19.12037140505265
7,60,15.892737365632199
7,61,14.136127004177153
7,62,12.107631254244039
7,63,11.10477504856695
7,64,13.721016463629688
7,65,13.803222413754408
7,66,12.50927869108705
7,67,13.194865198927364
7,68,12.039906207249738
7,69,13.399377234806307
7,70,14.038130383375545
7,71,15.172589432051868
7,72,15.146418709411158
7,73,17.3732927403503
7,74,17.507889808456287
7,75,20.304671135068777
7,76,20.566858516548347
7,77,23.76625094406557
7,78,24.3076141170019
7,79,26.878569981828566
7,80,30.09423584626405
7,81,30.261518703198963
7,82,27.60519977492637
7,83,23.91293216058578
7,84,20.48475284427654
7,85,17.980910483764077
7,86,14.55183619188229
7,87,11.391159085733921
7,88,7.984679404621375
7,89,7.955597641814282
7,90,9.547710484026755
7,91,11.472690281391078
7,92,9.514452930096564
7,93,10.30161506300883
7,94,13.129434734506974
7,95,16.33831657383995
7,96,19.591745749779182
7,97,22.745365636411606
7,98,24.43590663766253
7,99,28.063566278113743
7,100,29.379981867296923
7,101,33.110484694218975
8,1,20.420022256135546
8,2,18.065353607902384
8,3,14.36853481619937
8,4,12.058539856305632
8,5,9.407089782179872
8,6,6.107547968223227
8,7,3.8074713644800906
8,9,3.7984207441874704
8,10,6.766959267570662
8,11,10.24576787603769
8,12,13.681022788092337
8,13,15.68844414097775
8,14,18.90043297385511
8,15,20.671621331989193
8,16,20.518483941332626
8,17,23.86734351744198
8,18,26.444563298749035
8,19,27.90895798891985
8,20,31.600282892426247
8,21,31.048083549265975
8,22,29.568364299101745
8,23,26.04989121686895
8,24,23.164504923829554
8,25,20.942393803951745
8,26,17.620181274046665
8,27,15.859653029177155
8,28,12.183707143484618
8,29,10.521528719163484
8,30,7.0942454594503355
8,31,5.725807379007432
8,32,5.072836391906769
8,33,8.447049281877453
8,34,8.39484501169878
8,35,10.041461218025896
8,36,12.274101213711106
8,37,10.384252031873855
8,38,11.226850243130471
8,39,10.114242915375407
8,40,10.695205201061736
8,41,13.58622974144176
8,42,16.753932996235957
8,43,19.418397805451303
8,44,20.623162316660878
8,45,23.51774067741382
8,46,23.04272669909111
8,47,19.957772541379068
8,48,20.51725464844955
8,49,21.071684954228296
8,50,18.960169358706967
8,51,21.78720559388282
8,52,21.377979477238824
8,53,23.824172476673244
8,54,24.547565022724154
8,55,22.874567302005804
8,56,20.75727867607449
8,57,22.825527126220887
8,58,20.422637358344794
8,59,20.7699458440092
8,60,17.74907707259064
8,61,15.289069076681098
8,62,13.178744501685069
8,63,11.326029111762566
8,64,14.061056990319155
8,65,13.431368497645677
8,66,12.281763828088527
8,67,11.8352327761162
8,68,9.722725304699072
8,69,10.682312925802343
8,70,12.142806443783657
8,71,13.448080361509708
8,72,14.241580351838909
8,73,16.688189925893848
8,74,17.461915098855403
8,75,20.422715760503102
8,76,20.939635028469823
8,77,24.33269625367744
8,78,24.64928482367622
8,79,27.419583804484414
8,80,30.35000156071117
8,81,30.190444541092052
8,82,27.346832763804162
8,83,23.81907997766416
8,84,20.160112853853903
8,85,17.621298183900297
8,86,14.418757864041634
8,87,11.122571790444166
8,88,8.132262821954754
8,89,8.940115549426652
8,90,10.013095485540367
8,91,10.684286672860976
8,92,7.846740346660133
8,93,9.366586823865209
8,94,11.575189528243168
8,95,15.176735442875984
8,96,18.28752116255728
8,97,21.726490231003098
8,98,23.678247490633296
8,99,27.423451377170565
8,100,29.04722855535916
8,101,32.759938522033416
9,1,22.985444843048647
9,2,20.640665190575884
9,3,16.85599568823935
9,4,14.810017809697637
9,5,11.650957714060905
9,6,8.43677823788149
9,7,6.9673218203722085
9,8,3.7984207441874704
9,10,3.796795859768405
9,11,6.815150994281838
9,12,10.428778425883296
9,13,12.726235148049206
9,14,15.834404114390708
9,15,17.407030737105934
9,16,17.573399547058113
9,17,21.10169129473152
9,18,23.848173954207567
9,19,25.673679321197604
9,20,29.431187915995476
9,21,29.119274599407714
9,22,27.362183623418968
9,23,24.03991250273868
9,24,20.890379630590374
9,25,18.804200998036652
9,26,15.243851117305224
9,27,13.60699840617597
9,28,9.897367225600103
9,29,8.566628904811934
9,30,6.167951839219466
9,31,5.423633381991832
9,32,7.13785130793395
9,33,10.903031657690383
9,34,11.569151944231503
9,35,12.430326626199328
9,36,14.443446040335571
9,37,12.555211073375329
9,38,12.657215220960879
9,39,10.4133568252493
9,40,10.663784961014832
9,41,12.643162130491667
9,42,15.55448629555288
9,43,17.679119695625882
9,44,18.84136645760386
9,45,21.456041695262083
9,46,21.233750585444596
9,47,18.014787036353436
9,48,19.077383471857548
9,49,20.103237375101205
9,50,17.810170961433283
9,51,20.89492080885759
9,52,20.44283285076554
9,53,22.492932613857004
9,54,23.165123376671882
9,55,21.90420163308912
9,56,19.94979379889834
9,57,22.002730832850958
9,58,19.9448075608157
9,59,20.96033545245456
9,60,18.42915970202621
9,61,15.454011487875368
9,62,13.94919284868298
9,63,12.124070819781942
9,64,15.284030245612085
9,65,14.771825057530712
9,66,14.39553921800087
9,67,13.329952909027321
9,68,10.421437729661468
9,69,10.023518731356743
9,70,11.77899142238119
9,71,12.315971182717368
9,72,13.30344980824176
9,73,15.305084268793005
9,74,16.201461371190813
9,75,18.935603487818724
9,76,19.34994909315999
9,77,22.729476169764105
9,78,22.68077691730255
9,79,25.500531336255957
9,80,28.138186186513206
9,81,27.672453282837903
9,82,24.698448364515876
9,83,21.351870927312692
9,84,17.58621148511226
9,85,15.145683594130592
9,86,12.23553738210513
9,87,9.154915890122417
9,88,6.956674956997917
9,89,8.59074650330654
9,90,9.550533310101331
9,91,9.27663623671748
9,92,5.653701134987416
9,93,7.008169021161074
9,94,8.376268350700204
9,95,12.11065698756721
9,96,15.061477466500506
9,97,18.616774095308987
9,98,20.76219673116892
9,99,24.545429041288394
9,100,26.435697171996363
9,101,30.120423356384567
10,1,22.813611872065206
10,2,20.665938718454374
10,3,16.919060038047572
10,4,15.528818958957462
10,5,12.259249478472858
10,6,9.189314110632576
10,7,9.226964511698243
10,8,6.766959267570662
10,9,3.796795859768405
10,11,3.7853199958053443
10,12,6.9399091061484395
10,13,9.36114101923224
10,14,12.280590509020627
10,15,13.906466229279465
10,16,13.959578549408354
10,17,17.40806575729072
10,18,20.23329251645562
10,19,22.012160513998605
10,20,25.782395742193955
10,21,25.646873100541296
10,22,23.96587598011915
10,23,20.67952451567052
10,24,17.39847961413379
10,25,15.15122803869806
10,26,11.528464521101563
10,27,9.84418428351922
10,28,6.187804698525763
10,29,5.635027977187141
10,30,4.647562774336336
10,31,6.186003130858224
10,32,8.64610333314993
10,33,12.071183912961867
10,34,12.894742826749649
10,35,12.613408233397543
10,36,14.131579906535238
10,37,12.390456072239765
10,38,11.93144980600519
10,39,8.956679654275163
10,40,9.659166689396407
10,41,10.70901612347708
10,42,13.694367799525239
10,43,15.651484355203834
10,44,17.361977087462122
10,45,20.054571447032572
10,46,20.50256178059262
10,47,17.593722253889123
10,48,19.359135308820914
10,49,20.24965924339411
10,50,17.42422842686874
10,51,20.2567211668812
10,52,19.225818223482324
10,53,20.742717405703825
10,54,20.921521651480706
10,55,19.643954771404328
10,56,17.48446528426017
10,57,19.195767103405217
10,58,17.2163734513873
10,59,18.752990089364793
10,60,16.651355927046286
10,61,13.262593669038539
10,62,12.243606272271116
10,63,10.573121682688946
10,64,13.986809471886799
10,65,13.932326760846177
10,66,14.55109566448163
10,67,13.502807436008696
10,68,10.590208379010837
10,69,8.998930857622037
10,70,10.004815028290409
10,71,9.497485866949914
10,72,10.22741581412439
10,73,11.842918572153136
10,74,12.903531371150885
10,75,15.624281217402867
10,76,16.31635852837387
10,77,19.817647521089135
10,78,19.917277516697677
10,79,23.001929384556792
10,80,25.501487569197767
10,81,25.169973279784102
10,82,22.41413475727603
10,83,19.219517436591342
10,84,15.491647222599386
10,85,12.624449838807516
10,86,10.359682051045858
10,87,7.080499259546713
10,88,6.509295717632958
10,89,9.52665540203176
10,90,11.374217457527589
10,91,11.260217272413193
10,92,7.55078399876098
10,93,7.092172428042504
10,94,6.905107628928735
10,95,10.22379555840588
10,96,12.560590360137732
10,97,16.25724305468107
10,98,17.99283986341779
10,99,21.743973242274887
10,100,23.448702520418212
10,101,27.044759725913384
11,1,25.8709087473551
11,2,23.919402139639356
11,3,20.242369162801346
11,4,19.126496709484815
11,5,15.856326808774037
11,6,12.880286177375648
11,7,12.981294455371788
11,8,10.24576787603769
11,9,6.815150994281838
11,10,3.7853199958053443
11,12,3.8032452317540417
11,13,6.2873297321883195
11,14,9.15884693863129
11,15,10.815837761982774
11,16,11.65972540729894
11,17,15.205211160543362
11,18,18.374949044505932
11,19,20.5111735052965
11,20,24.2956879717989
11,21,24.62678399268426
11,22,22.761158933211476
11,23,19.817384812026475
11,24,16.220261209982525
11,25,14.017491946481234
11,26,10.218223278763926
11,27,8.461701249047895
11,28,5.359139739518167
11,29,5.33995949220202
11,30,6.689482943895738
11,31,8.236258810315023
11,32,11.503665274517472
11,33,14.799447579526383
11,34,16.180194570330414
11,35,15.606985134651511
11,36,17.01576803894202
11,37,15.635997872978889
11,38,15.022750502586787
11,39,11.741265741576166
11,40,12.38303747168223
11,41,12.410710924489706
11,42,14.886627501347489
11,43,16.091266764180652
11,44,17.814035876180306
11,45,20.062438910630675
11,46,20.90428065035387
11,47,18.042988218294898
11,48,20.301523014224806
11,49,21.60452629063083
11,50,18.71819252511655
11,51,21.601288173078757
11,52,20.47139051263657
11,53,21.409391314232604
11,54,21.356528558457185
11,55,20.495394015051755
11,56,18.467684687909856
11,57,19.85896049329158
11,58,18.222874874011808
11,59,20.38685305764468
11,60,18.812351068741712
11,61,15.157756259388526
11,62,14.58372022454819
11,63,12.867325914270307
11,64,16.094300289630862
11,65,15.897996438513243
11,66,16.983888473277567
11,67,15.390479861680841
11,68,12.145824033169035
11,69,9.506858193272965
11,70,10.699010051024844
11,71,9.446661664662315
11,72,10.636246852082357
11,73,11.66746553952881
11,74,13.148179592431497
11,75,15.5305473225895
11,76,16.34570737951021
11,77,19.74415893531719
11,78,19.543402587104094
11,79,22.701438611050328
11,80,24.734165619353778
11,81,24.088254799981833
11,82,21.315936440014987
11,83,18.540726877405127
11,84,14.879957927372727
11,85,12.184919156410126
11,86,10.8818484608386
11,87,8.433093820524913
11,88,9.20583140909826
11,89,12.289690042409918
11,90,13.78432965489962
11,91,12.906321873960678
11,92,9.318153413772688
11,93,8.648614499568492
11,94,6.702630897241791
11,95,9.393144655649548
11,96,10.834245109088998
11,97,14.628351517887257
11,98,16.412367095694716
11,99,20.0936340674687
11,100,22.039132694452455
11,101,25.472720563176637
12,1,27.026409368039843
12,2,25.248768597739865
12,3,21.750441512815698
12,4,21.100418585792863
12,5,17.879912176193923
12,6,15.269707908431446
12,7,16.02159434852986
12,8,13.681022788092337
12,9,10.428778425883296
12,10,6.9399091061484395
12,11,3.8032452317540417
12,13,3.7872271866514136
12,14,5.584501994446363
12,15,7.105181087656811
12,16,8.08818909589868
12,17,11.546009571159416
12,18,14.875822967001154
12,19,17.107109539771116
12,20,20.863558396921505
12,21,21.492185524164704
12,22,19.631996379471527
12,23,16.927034795042754
12,24,13.182133801014915
12,25,10.985677876090858
12,26,7.265520357065946
12,27,5.868499929125056
12,28,4.465551388050079
12,29,6.3344828972715055
12,30,9.075920787208887
12,31,11.429277651474766
12,32,14.587561730907293
12,33,17.527567373410083
12,34,18.848406243896846
12,35,17.624047257011643
12,36,18.55804799919744
12,37,17.31606223278595
12,38,16.245753506086842
12,39,12.734807280971099
12,40,13.457559395421235
12,41,12.44447494529468
12,42,14.472189375425527
12,43,15.150613230572294
12,44,17.25409882666829
12,45,19.328554007019722
12,46,20.833056958980407
12,47,18.43335773602953
12,48,21.23459698604593
12,49,22.418129090906675
12,50,19.242069913375776
12,51,21.766862970789383
12,52,20.19111908817683
12,53,20.45652954068031
12,54,19.898523397631088
12,55,19.22298753799463
12,56,17.212687273937615
12,57,18.146142521701883
12,58,16.8752788859236
12,59,19.600964994591756
12,60,18.684686510615343
12,61,14.929063114585913
12,62,15.058839495763667
12,63,13.78948356225735
12,64,16.900735348712224
12,65,17.15787232337637
12,66,18.94638324216849
12,67,17.495056012212043
12,68,14.536067402664145
12,69,11.349855712993147
12,70,11.659713226783888
12,71,9.245950818323557
12,72,9.895256063103544
12,73,9.843110974538368
12,74,11.374634622541931
12,75,13.287503937273852
12,76,14.306464678440504
12,77,17.58138178843309
12,78,17.399974192980423
12,79,20.712387708982618
12,80,22.41117181087674
12,81,21.829690745703907
12,82,19.36755006842396
12,83,16.987378569101814
12,84,13.643454827954336
12,85,10.825824026154367
12,86,10.761861620559314
12,87,9.02731469456788
12,88,11.120800269041503
12,89,14.514539319108163
12,90,16.362492110123
12,91,15.643254274608307
12,92,12.367193126213115
12,93,10.801900275762591
12,94,7.898366290080458
12,95,9.115618994896113
12,96,9.187478913304266
12,97,12.810366180483314
12,98,13.99709165903547
12,99,17.479325863047425
12,100,19.242661772711458
12,101,22.47680850377433
13,1,27.859620333827692
13,2,26.555080862653643
13,3,23.19883155800682
13,4,22.996675071934586
13,5,20.117433677199116
13,6,17.266346721100877
13,7,18.25738867227024
13,8,15.68844414097775
13,9,12.726235148049206
13,10,9.36114101923224
13,11,6.2873297321883195
13,12,3.7872271866514136
13,14,3.828521014914173
13,15,7.104644424041327
13,16,9.000597899287675
13,17,11.67358514949351
13,18,15.337301962584533
13,19,17.212002334357173
13,20,20.83318257985518
13,21,22.037888873270802
13,22,20.60155986988281
13,23,18.10081900417638
13,24,14.34287488432045
13,25,11.607120018593895
13,26,8.309931380101421
13,27,5.740681792392424
13,28,5.425609912963201
13,29,6.226022041819201
13,30,9.839846795037067
13,31,12.140985298053
13,32,15.419727998324065
13,33,17.869797241226298
13,34,19.731799269416502
13,35,18.19264356104238
13,36,19.092528002902995
13,37,18.578652429611775
13,38,18.00203661345949
13,39,14.845292433567794
13,40,16.292882790258055
13,41,15.381578430232786
13,42,17.59749988366579
13,43,18.343160421858215
13,44,20.70680473035728
13,45,22.752808049361303
13,46,24.468214113442805
13,47,22.165578766785938
13,48,25.014284807948485
13,49,26.174822129019276
13,50,22.936417627299964
13,51,25.320975369617248
13,52,23.50562817307335
13,53,23.543410068951612
13,54,22.569244072818805
13,55,21.686560172450083
13,56,19.335815352859207
13,57,19.60690776699718
13,58,18.057843367061004
13,59,20.916657437668455
13,60,20.054388637166344
13,61,16.225794687948746
13,62,16.02106466539191
13,63,14.278037355905592
13,64,16.767595221325784
13,65,16.618137283731524
13,66,18.742363909458856
13,67,16.900857348999445
13,68,14.072453203243233
13,69,10.408452385391568
13,70,10.527926422614446
13,71,7.987060134753235
13,72,9.509805556089793
13,73,9.76085184353598
13,74,12.29552747690932
13,75,14.437793504096836
13,76,16.2168541229776
13,77,19.524316012211347
13,78,19.732248057929343
13,79,23.20889472265116
13,80,24.675873689759225
13,81,24.231756744605857
13,82,22.076675775004368
13,83,20.027961926206522
13,84,16.932812687420377
13,85,14.06291573441868
13,86,14.362753621912876
13,87,12.45217167129091
13,88,14.402997783947637
13,89,17.90360605531401
13,90,19.805142575662618
13,91,19.013024710045965
13,92,15.548933625924745
13,93,14.382537368812555
13,94,11.63077948474355
13,95,12.79266740887185
13,96,12.331896410438915
13,97,15.69070690851194
13,98,16.432823936436222
13,99,19.590341354349782
13,100,21.080994238555448
13,101,23.972267461984696
14,1,29.838186734338763
14,2,28.534393349008212
14,3,25.335637383643267
14,4,25.319720018859194
14,5,22.382651303566377
14,6,19.92835151250105
14,7,21.172643916934692
14,8,18.90043297385511
14,9,15.834404114390708
14,10,12.280590509020627
14,11,9.15884693863129
14,12,5.584501994446363
14,13,3.828521014914173
14,15,3.7882265042858774
14,16,6.211875367495743
14,17,8.359473979548845
14,18,12.12336833492167
14,19,14.225269374003943
14,20,17.721450957285665
14,21,19.25568680777362
14,22,17.722195502446098
14,23,15.68883998730005
14,24,11.955673599198976
14,25,9.648003988981998
14,26,7.116033567250445
14,27,5.986375092051901
14,28,7.64661493200425
14,29,9.631392555642464
14,30,13.22918645535496
14,31,15.81452087558463
14,32,18.971388054745347
14,33,21.377360599557157
14,34,22.981107387653175
14,35,21.153531244444874
14,36,21.692290754008493
14,37,21.029521644411687
14,38,19.938012533043963
14,39,16.61455155691213
14,40,17.744962398657627
14,41,16.032816155007698
14,42,17.593120704204512
14,43,17.69704286218296
14,44,20.148487250522447
14,45,21.8597677510586
14,46,24.064491808365226
14,47,22.20618283654515
14,48,25.42422804736563
14,49,26.531716379099894
14,50,23.192044547955085
14,51,25.264288369107817
14,52,23.21876342479426
14,53,22.643689197550398
14,54,21.33171764129882
14,55,20.81401924392744
14,56,18.746497929749893
14,57,18.687668584543726
14,58,17.75409546352387
14,59,21.046477489286758
14,60,20.875729084607485
14,61,17.179339724227585
14,62,17.732153550194372
14,63,16.614836679254676
14,64,19.084217909531137
14,65,19.440208008379994
14,66,21.915626747973114
14,67,20.342198318984366
14,68,17.730275062856574
14,69,14.068165492573009
14,70,13.67332893499109
14,71,10.551847990983514
14,72,11.11234832566916
14,73,10.02511966930711
14,74,12.062004872389249
14,75,13.295174174466993
14,76,14.966534556769995
14,77,17.852134272991933
14,78,17.89901680550987
14,79,21.311379955525872
14,80,22.324180208849583
14,81,21.85611740458332
14,82,20.043221943694324
14,83,18.519110975653973
14,84,15.926305626660719
14,85,13.332062186544784
14,86,14.641781100146526
14,87,13.566703691225731
14,88,16.254185424400653
14,89,19.76722009760456
14,90,21.776651253205262
14,91,21.03828609198243
14,92,17.890718344630926
14,93,16.135833622114056
14,94,12.903673130888652
14,95,12.9447400159509
14,96,11.375508195358949
14,97,14.134770581368413
14,98,14.258457613500202
14,99,16.993089528839263
14,100,18.316368625894075
14,101,20.8996510600918
15,1,31.717877111489788
15,2,30.133457009140532
15,3,26.959583829195374
15,4,26.763423316603564
15,5,23.610671925257638
15,6,21.539976503681817
15,7,22.699255327214292
15,8,20.671621331989193
15,9,17.407030737105934
15,10,13.906466229279465
15,11,10.815837761982774
15,12,7.105181087656811
15,13,7.104644424041327
15,14,3.7882265042858774
15,16,3.832662891281732
15,17,6.170180210572864
15,18,9.708593613692123
15,19,12.560947140038703
15,20,15.968607344807943
15,21,17.407309316123516
15,22,15.319635963923709
15,23,13.746815017991938
15,24,10.088258273553894
15,25,8.970152218734906
15,26,7.126588055034068
15,27,7.952837137173146
15,28,9.867923088326084
15,29,12.513331182302716
15,30,15.789317452558755
15,31,18.397744452279955
15,32,21.51437420497806
15,33,24.181062892717367
15,34,25.43736773689254
15,35,23.685239316647834
15,36,24.09269361052668
15,37,22.96364468562685
15,38,21.32516869302023
15,39,17.761028472573955
15,40,18.18515109152584
15,41,15.850887347457322
15,42,16.597043813155196
15,43,15.920331914789676
15,44,18.105203832381402
15,45,19.338699141336555
15,46,21.81629382586238
15,47,20.30188692863701
15,48,23.771794233363444
15,49,24.95099083893804
15,50,21.68906941930981
15,51,23.600045675242622
15,52,21.622567080734086
15,53,20.612964667978463
15,54,19.353138635946177
15,55,19.450000447397453
15,56,17.99191758415551
15,57,18.138164794083274
15,58,17.97786941730432
15,59,21.467124004905706
15,60,21.775935623829188
15,61,18.28332017288248
15,62,19.485343401582707
15,63,18.946881417508482
15,64,21.710954027000145
15,65,22.466272362961806
15,66,24.908566028423834
15,67,23.569032026693343
15,68,20.895242420086714
15,69,17.36413967993908
15,70,16.990501037904885
15,71,13.740083435997999
15,72,13.601050849391687
15,73,11.71242570085442
15,74,12.69591001407734
15,75,12.902847775292608
15,76,13.778968899348024
15,77,16.09396225480725
15,78,15.525111329924776
15,79,18.65704571091492
15,80,19.262961855293106
15,81,18.500470585938
15,82,16.73766785208204
15,83,15.642752929103521
15,84,13.47337730083843
15,85,11.480581940594673
15,86,13.572446632573847
15,87,13.5180776979573
15,88,16.67275598640465
15,89,19.940641302970498
15,90,21.816973566138866
15,91,21.032480169677118
15,92,18.359615438384058
15,93,16.14198381382453
15,94,12.575894561220638
15,95,11.527812426654199
15,96,9.023763790340228
15,97,11.107771977632357
15,98,10.979092496196586
15,99,13.474570870921054
15,100,15.024541992123615
15,101,17.547449277671152
16,1,29.709759687154435
16,2,28.022212597018708
16,3,25.04015765153709
16,4,24.997072907164558
16,5,21.91954729464607
16,6,20.378176303572666
16,7,21.944421883740823
16,8,20.518483941332626
16,9,17.573399547058113
16,10,13.959578549408354
16,11,11.65972540729894
16,12,8.08818909589868
16,13,9.000597899287675
16,14,6.211875367495743
16,15,3.832662891281732
16,17,3.800218705190343
16,18,6.900801920616586
16,19,9.699035502304392
16,20,13.318376559121116
16,21,14.178399894493932
16,22,12.038850497139919
16,23,10.080009759396233
16,24,6.346231796985199
16,25,5.658795101125736
16,26,4.600543206632396
16,27,7.165076528877845
16,28,9.638721277710856
16,29,13.033076986429386
16,30,15.934812644127833
16,31,18.99538660841642
16,32,21.65590924886102
16,33,24.204053717035993
16,34,24.913952295382337
16,35,22.911497011691175
16,36,22.93580024967565
16,37,21.51698933389905
16,38,19.391421471625193
16,39,15.871762234885052
16,40,16.076754623460655
16,41,13.250021010207819
16,42,13.623731919625275
16,43,12.88543944805961
16,44,15.471971241744054
16,45,16.99299521434645
16,46,19.786676733878846
16,47,18.730737283499135
16,48,22.28168644309468
16,49,22.944915347136565
16,50,19.465221892791195
16,51,20.918569423293327
16,52,18.574335732155824
16,53,17.330951208204404
16,54,15.757879865871873
16,55,15.775225111778003
16,56,14.398049578830227
16,57,14.51031715012626
16,58,14.734156354414331
16,59,18.301986014626763
16,60,19.012611893114226
16,61,15.7962675889923
16,62,17.613342298828922
16,63,17.78362147123782
16,64,20.654021254913136
16,65,22.038296930482677
16,66,24.63460901351992
16,67,23.875766904091023
16,68,21.55072774118964
16,69,18.305377111928195
16,70,17.34985098314925
16,71,13.827990739160398
16,72,12.644228904975114
16,73,9.974502496845892
16,74,9.943016939354576
16,75,9.446185096680276
16,76,10.040673704064835
16,77,12.272741220452788
16,78,11.923584692108587
16,79,15.242891960330553
16,80,16.139016454283848
16,81,15.894824255228796
16,82,14.459071762245761
16,83,13.157045486472022
16,84,11.260868769763801
16,85,8.937672662828456
16,86,11.550863875114038
16,87,11.845988400718392
16,88,15.399210933135357
16,89,18.666482934860365
16,90,20.965769669269044
16,91,20.797153164791204
16,92,18.33789470745081
16,93,15.505148471793444
16,94,12.239069411140733
16,95,10.665594924259187
16,96,8.090574109999233
16,97,9.794845168336098
16,98,8.74277287020766
16,99,11.269375053253919
16,100,12.228744744398364
16,101,15.005888369090634
17,1,31.037587822300253
17,2,29.624992424621702
17,3,26.94748406623215
17,4,27.321351929596656
17,5,24.49649524516046
17,6,23.193138954401114
17,7,25.106786696006722
17,8,23.86734351744198
17,9,21.10169129473152
17,10,17.40806575729072
17,11,15.205211160543362
17,12,11.546009571159416
17,13,11.67358514949351
17,14,8.359473979548845
17,15,6.170180210572864
17,16,3.800218705190343
17,18,3.7749434437780915
17,19,6.413081766349185
17,20,9.839202442480682
17,21,11.311062283008546
17,22,9.564780429092515
17,23,8.350250127803074
17,24,5.289675181952223
17,25,5.321597608840844
17,26,6.633254717397826
17,27,9.241542008269787
17,28,12.465606650981146
17,29,15.831875049787193
17,30,18.886352577550273
17,31,22.1467353350566
17,32,24.666348482651387
17,33,26.91058363080183
17,34,27.572853100311153
17,35,25.210778761570435
17,36,24.90178812262388
17,37,23.72673228336615
17,38,21.517750778521318
17,39,18.271867041034447
17,40,18.69253545280469
17,41,15.619284799775778
17,42,15.670881833336429
17,43,14.718539576317795
17,44,17.49417735326478
17,45,18.833900110461755
17,46,22.023069041271615
17,47,21.48384823704571
17,48,25.128521104211448
17,49,25.516811973589245
17,50,21.984054179926435
17,51,22.926529171013932
17,52,20.231515215253413
17,53,18.414792116068437
17,54,16.207874713883477
17,55,16.258808990041835
17,56,14.952009936742835
17,57,14.221525765616327
17,58,14.894453028244207
17,59,18.65967974810799
17,60,19.996489190223194
17,61,17.11130739527653
17,62,19.271500391621306
17,63,19.745984586129783
17,64,22.226562578384954
17,65,23.864870345637645
17,66,26.805460093092428
17,67,26.21533288175106
17,68,24.19976737354954
17,69,20.901831159062965
17,70,19.488516941823445
