1,2,3.815171138216008
1,3,6.587202553659748
1,4,10.31477849800435
1,5,13.12590057864332
1,6,15.739025172431077
1,7,18.858938201238317
1,8,22.332819133689124
1,9,25.360299526437373
1,10,28.252965647239204
1,11,28.333307155512145
1,12,31.945121510599034
1,13,33.88516017974602
1,14,37.65089583507615
1,15,39.46789050332222
1,16,43.027528767941625
1,17,43.6880178659443
1,18,43.49816364208861
1,19,40.99852877059876
1,20,37.47497140677171
1,21,34.58405880009435
1,22,31.167279161307633
1,23,27.800015339808482
1,24,24.739578333528485
1,25,21.308111438991215
1,26,18.573862039609327
1,27,14.981003029573678
1,28,12.294542693634268
1,29,10.625456100843516
1,30,7.643344406123392
1,31,9.87076672669957
1,32,13.619565314036038
1,33,14.023593153613769
1,34,14.446172718276276
1,35,17.586349758482214
1,36,18.93330914744774
1,37,21.698532972736103
1,38,24.415394409672032
1,39,25.936268186788244
1,40,29.33898598608641
1,41,30.09003787022017
1,42,32.90632850331703
1,43,34.50831716090562
1,44,32.89189154581623
1,45,29.311005036408915
1,46,28.90949666878284
1,47,26.819010710160757
1,48,28.77335561992462
1,49,27.306486344990066
1,50,29.264974877041936
1,51,27.467679677899028
1,52,24.132702755656634
1,53,22.623830134634932
1,54,22.861989951165608
1,55,26.14805914541087
1,56,26.57693995202112
1,57,28.693858405409177
1,58,30.05914734824216
1,59,32.18906820145547
1,60,33.7203032074353
1,61,36.520013714360935
1,62,34.64485838478153
1,63,35.7465602681865
1,64,35.78634498236547
1,65,36.05401781186526
1,66,32.32876133180174
1,67,30.487627238061158
1,68,26.927105739931523
1,69,26.749998160496226
1,70,23.821982718685586
1,71,24.565826754274
1,72,24.101221699486743
1,73,21.91102981846702
1,74,18.688895015546002
1,75,17.47507574815525
1,76,20.72583712293681
1,77,22.750570240748015
1,78,26.304849128631297
1,79,27.314164256919096
1,80,31.102684895193036
1,81,33.989293309404566
1,82,37.08558606887457
1,83,40.484789490530126
1,84,39.245535810054704
1,85,41.65677096378506
1,86,42.50903584044709
1,87,40.677456674184626
1,88,37.487298178412814
1,89,36.94964180269847
1,90,34.42396608320499
1,91,30.82821763829858
1,92,28.075476426170543
1,93,24.285376408040594
1,94,21.497123895232367
1,95,18.50585038484035
1,96,15.390096695785694
1,97,14.718313922079997
1,98,11.744587937585244
1,99,12.793496944679376
1,100,10.0720431296779
1,101,8.041471275930695
1,102,8.969520293921658
1,103,12.005716628899691
1,104,11.889208115034464
1,105,14.348819646543284
1,106,14.378027527693042
1,107,17.784295369045143
1,108,19.06050109576688
1,109,21.84433232525004
1,110,25.219499959383768
1,111,27.954249186861308
1,112,31.656474568185686
1,113,34.17495747665254
1,114,37.93723649812972
1,115,40.26073200352284
1,116,43.729018386968704
1,117,47.31534434548905
2,1,3.815171138216008
2,3,3.7960520495857533
2,4,7.026268000218587
2,5,10.015883690048518
2,6,13.033696710835555
2,7,15.950912424079352
2,8,19.496504607367434
2,9,22.508308026172447
2,10,25.333019724025633
2,11,25.112091278823005
2,12,28.771381723903122
2,13,30.94268257074023
2,14,34.71534655767912
2,15,36.75698173072629
2,16,40.359340383250796
2,17,41.16625513874358
2,18,41.23751051949953
2,19,38.760044579045676
2,20,35.3621213959866
2,21,32.26253683864404
2,22,28.961240645288793
2,23,25.422686994019433
2,24,22.528877956895677
2,25,19.096223906579564
2,26,16.51265044773177
2,27,13.162779519214538
2,28,10.927861302444834
2,29,10.173472068723363
2,30,8.389544149808259
2,31,11.308369852328807
2,32,14.794979172416607
2,33,15.034111138548354
2,34,14.4679778535514
2,35,17.00754675574364
2,36,17.631490875066145
2,37,20.089904518783953
2,38,22.41840361249554
2,39,23.64574073223156
2,40,26.83671163424811
2,41,27.344166105184417
2,42,30.182758296780783
2,43,31.55518418235184
2,44,30.051411522796396
2,45,26.384584572236143
2,46,26.338499952924565
2,47,24.44138627476199
2,48,26.646938497023108
2,49,25.501022519830403
2,50,27.47867067085069
2,51,26.04786772815941
2,52,22.986001340133413
2,53,21.875937464977877
2,54,22.586588171839434
2,55,25.71493970056558
2,56,26.150512072646457
2,57,28.678984081037733
2,58,29.91424860691002
2,59,31.650394596529782
2,60,33.216348595510404
2,61,35.77578200030458
2,62,33.563504870511956
2,63,34.34961711566672
2,64,34.51205188723647
2,65,34.418148819873394
2,66,30.634361209086475
2,67,29.074889237560193
2,68,25.617211137020227
2,69,25.724332076502233
2,70,23.070023141305413
2,71,23.76050002317706
2,72,23.815115196473826
2,73,21.45650777131845
2,74,18.443857020281353
2,75,16.50745989251476
2,76,19.33342576557985
2,77,21.299883406716635
2,78,24.635982783941465
2,79,25.418016837180474
2,80,29.170373754653998
2,81,31.951464151120877
2,82,35.21222172013309
2,83,38.45321029501817
2,84,36.95954617597027
2,85,39.267660904659806
2,86,39.8690432832784
2,87,38.06488901361444
2,88,34.959107899604874
2,89,34.14118485619936
2,90,31.488326266241828
2,91,27.81819501523384
2,92,25.280736331542442
2,93,21.521691587133862
2,94,19.0849157975248
2,95,16.25915391882923
2,96,13.641692185689614
2,97,13.627322305939991
2,98,11.449279368694148
2,99,13.46156291120376
2,100,11.676553185581724
2,101,10.235835434119654
2,102,9.982073901547468
2,103,12.145606231210039
2,104,10.824481325787088
2,105,12.535317401231882
2,106,11.73437281591555
2,107,14.921906750868652
2,108,15.980420465662892
2,109,18.475079287166132
2,110,21.969613882025293
2,111,24.78624109722231
2,112,28.528717956689828
2,113,31.24375978988585
2,114,34.959045736902134
2,115,37.476176293932674
2,116,40.85649662864398
2,117,44.508423930568554
3,1,6.587202553659748
3,2,3.7960520495857533
3,4,3.808912595359686
3,5,6.823280595165004
3,6,9.417051390319031
3,7,12.341395219981004
3,8,15.892739796474261
3,9,18.875315514979178
3,10,21.73958537792356
3,11,21.75487409286383
3,12,25.386669277031178
3,13,27.39815583217017
3,14,31.18014257800172
3,15,33.13180842436164
3,16,36.74311108721068
3,17,37.58928799244959
3,18,37.604788229339924
3,19,35.05541251748881
3,20,31.65616123675327
3,21,28.563891218451882
3,22,25.220185660296767
3,23,21.693656963669543
3,24,18.74495160833696
3,25,15.351720736535436
3,26,12.721635865569054
3,27,9.437791325104897
3,28,7.450588176986378
3,29,7.344070776061299
3,30,6.906117664898039
3,31,10.181695872191543
3,32,13.189212306897476
3,33,13.69756249155405
3,34,12.460626233289105
3,35,14.543119078944967
3,36,14.644296187300416
3,37,17.220292745337055
3,38,19.28673108395876
3,39,20.754999494300034
3,40,23.936370358955674
3,41,24.721675349100998
3,42,27.812351465579013
3,43,29.360555945105094
3,44,28.22962281841126
3,45,24.478376126796885
3,46,24.427075558199597
3,47,22.254990547141723
3,48,24.217642671305228
3,49,22.90119178527108
3,50,24.547778837164064
3,51,23.06716272913924
3,52,20.07585332471234
3,53,18.927942380965
3,54,19.927897131591386
3,55,23.071836002182486
3,56,23.835776825051063
3,57,26.60109742606267
3,58,28.054137038573693
3,59,29.50247340889043
3,60,30.798868783278728
3,61,33.1252874638047
3,62,30.776500615352695
3,63,31.314407997746596
3,64,31.30508103187322
3,65,31.053243631998708
3,66,27.291757569193088
3,67,25.67653355296806
3,68,22.20146190856674
3,69,22.26434734275077
3,70,19.69032657150761
3,71,20.29523525199472
3,72,20.62987549382283
3,73,18.270201063815172
3,74,15.382305776777597
3,75,13.059421403954637
3,76,15.671162513946388
3,77,17.64619133613669
3,78,20.935345397716578
3,79,21.802431444022037
3,80,25.53287516354828
3,81,28.399330654378122
3,82,31.623384248781385
3,83,34.867408628760025
3,84,33.435609884762194
3,85,35.861362684601524
3,86,36.54318806970247
3,87,34.90818706747638
3,88,31.691574464898665
3,89,30.891001565254218
3,90,28.417296704458074
3,91,24.81585756057477
3,92,22.112929883691297
3,93,18.33952369568988
3,94,15.829607742994114
3,95,13.340621378181112
3,96,10.821495857471007
3,97,11.662174555215858
3,98,9.980253328501963
3,99,12.809877410056979
3,100,11.751718252772566
3,101,11.230819148795263
3,102,10.986665585407
3,103,12.2007235811524
3,104,10.371949817175773
3,105,11.05017811574046
3,106,9.621398327281774
3,107,12.339568588076787
3,108,12.888682431753978
3,109,15.550133070631471
3,110,18.991930671292327
3,111,21.554591289993215
3,112,25.292355665478087
3,113,27.858777132219586
3,114,31.588966663010112
3,115,34.01980492439638
3,116,37.404963809356865
3,117,41.033272216618364
4,1,10.31477849800435
4,2,7.026268000218587
4,3,3.808912595359686
4,5,3.830952789820543
4,6,6.609026112823029
4,7,9.035772008153339
4,8,12.663475361420971
4,9,15.563909599424237
4,10,18.347391924719904
4,11,18.119330968181455
4,12,21.79864798328297
4,13,23.999371622270935
4,14,27.787502281299872
4,15,29.94033344338047
4,16,33.59272355134179
4,17,34.612724387076014
4,18,34.87169525925273
4,19,32.32218400385657
4,20,29.078092731291644
4,21,25.790441754713406
4,22,22.584876512212105
4,23,18.911263160542845
4,24,16.181634899425866
4,25,12.919152594956156
4,26,10.580419756470638
4,27,8.037239239522892
4,28,7.249838988665726
4,29,8.597377411402794
4,30,9.646516256658119
4,31,12.808096772672426
4,32,15.19154650657253
4,33,15.613528720067913
4,34,13.542504856251188
4,35,14.696004892676575
4,36,13.808836194231718
4,37,15.940037631513444
4,38,17.34751234085849
4,39,18.559840868692945
4,40,21.428199503455744
4,41,22.06441113448903
4,42,25.25892552018599
4,43,26.62195713624355
4,44,25.795378437465523
4,45,21.971421507305983
4,46,22.307649466935327
4,47,20.269275911676857
4,48,22.339830749088488
4,49,21.317357255717564
4,50,22.790788368731853
4,51,21.70534628248498
4,52,19.13004698210085
4,53,18.415669186544918
4,54,19.930886345731672
4,55,22.805545370754583
4,56,23.674685132905275
4,57,26.798924504102196
4,58,28.17694195462
4,59,29.144774614362706
4,60,30.34497644418839
4,61,32.32404047132713
4,62,29.650984206135487
4,63,29.775430194569424
4,64,29.811529411216988
4,65,29.137870886823617
4,66,25.384546671184463
4,67,24.062904712529228
4,68,20.774321406943294
4,69,21.10081110697774
4,70,18.932988784088142
4,71,19.40502455707541
4,72,20.341397199052555
4,73,17.92134147058775
4,74,15.491800034825983
4,75,12.45853296800836
4,76,14.276087432060596
4,77,16.10375447850956
4,78,19.00728139567375
4,79,19.64913701684735
4,80,23.2560406841694
4,81,26.013832463473893
4,82,29.35482429058077
4,83,32.40921157151092
4,84,30.754879301891936
4,85,33.11394520094084
4,86,33.567839467078606
4,87,32.04875363733146
4,88,28.889817599250808
4,89,27.796417044138053
4,90,25.283088771897766
4,91,21.654001941641045
4,92,19.14600790131442
4,93,15.460172012953583
4,94,13.435943830149576
4,95,11.506277679645653
4,96,9.941474119023429
4,97,11.837732089150268
4,98,11.335281404894433
4,99,14.748613405941876
4,100,14.521841373114773
4,101,14.451687404387664
4,102,13.66422379889807
4,103,14.018030281664545
4,104,11.370997258517155
4,105,10.779449043683268
4,106,8.162329511811755
4,107,9.936232927491643
4,108,9.733583004900424
4,109,12.019831251080289
4,110,15.579174167321012
4,111,18.079603467070015
4,112,21.854949645435468
4,113,24.566701632577235
4,114,28.23889214383927
4,115,30.834745067975053
4,116,34.117139806688364
4,117,37.79655434456947
5,1,13.12590057864332
5,2,10.015883690048518
5,3,6.823280595165004
5,4,3.830952789820543
5,6,3.8145230060009685
5,7,6.7206516084147525
5,8,9.833582445040232
5,9,13.18770688097121
5,10,15.941939352012826
5,11,15.541745784763446
5,12,19.040119197759367
5,13,21.148122573687253
5,14,24.86840455917743
5,15,26.954814946648746
5,16,30.52305806805772
5,17,31.3446259078834
5,18,31.675252209283723
5,19,29.330407349091203
5,20,26.120693223427008
5,21,22.80423401352838
5,22,19.798126763020996
5,23,16.11504774626254
5,24,13.837098970543844
5,25,10.371365540630352
5,26,9.036115231245882
5,27,6.984863818222515
5,28,8.088770228683726
5,29,9.31942156062505
5,30,11.380648343974219
5,31,13.803572570759263
5,32,15.404027459421517
5,33,15.259770352864814
5,34,12.426842031646238
5,35,12.637414376004363
5,36,11.077543009479305
5,37,12.646499063845349
5,38,13.779929930180433
5,39,14.775142500891059
5,40,17.60487211902894
5,41,18.273938346208695
5,42,21.51918587675685
5,43,23.03199527931313
5,44,22.337925480784296
5,45,18.52648849470826
5,46,18.74796027339798
5,47,16.591758750379356
5,48,18.60279480770549
5,49,17.692236524818558
5,50,19.18584649076266
5,51,18.392733582397643
5,52,16.138534975805122
5,53,15.984492486292586
5,54,17.821412239671634
5,55,20.29333372624096
5,56,21.00704554241879
5,57,24.360849109434664
5,58,25.54693247191105
5,59,26.171695687914287
5,60,27.40992863186856
5,61,29.213594172712437
5,62,26.364143598880645
5,63,26.366863188445976
5,64,26.61743227249669
5,65,25.82594022379137
5,66,22.047800374181545
5,67,21.05758670364882
5,68,18.014539517747902
5,69,18.882904405757404
5,70,17.272862719900548
5,71,18.207016255049087
5,72,19.78793521817226
5,73,17.876834142256225
5,74,15.50679393157457
5,75,12.08337339370265
5,76,13.085239032754373
5,77,14.096261995630408
5,78,16.601374327227784
5,79,16.669675582999552
5,80,20.24130050513011
5,81,22.741540296809
5,82,26.211580827833686
5,83,29.169623409702673
5,84,27.361565530920565
5,85,29.57127107501072
5,86,29.993121732882095
5,87,28.34344485913275
5,88,25.230891374223773
5,89,24.213354882061058
5,90,21.648709912218305
5,91,18.02305699498789
5,92,15.45126727916515
5,93,11.733389357556232
5,94,9.774908322858082
5,95,7.920874221843543
5,96,7.180855296991318
5,97,9.734334783610723
5,98,10.455251409569046
5,99,14.170788420279791
5,100,14.945991008022363
5,101,15.495514349945331
5,102,14.156992781468954
5,103,13.459247701027461
5,104,10.360791833460125
5,105,8.54940401840129
5,106,5.3183153841714494
5,107,6.2530828879848865
5,108,6.076923188977628
5,109,8.862304191986912
5,110,12.188119792396108
5,111,14.836114964055957
5,112,18.55569896167329
5,113,21.230184476671113
5,114,24.94647325419627
5,115,27.492800835159926
5,116,30.85691965584186
5,117,34.51973325519435
6,1,15.739025172431077
6,2,13.033696710835555
6,3,9.417051390319031
6,4,6.609026112823029
6,5,3.8145230060009685
6,7,3.7905824256696974
6,8,6.658492777415751
6,9,10.047700635238094
6,10,12.922323461631875
6,11,13.193044364369555
6,12,16.544749982313693
6,13,18.209469785616868
6,14,21.943744828257667
6,15,23.773074865103492
6,16,27.35118189733493
6,17,28.18758938222187
6,18,28.31998968981707
6,19,25.828857203141318
6,20,22.550372104686442
6,21,19.3026256290462
6,22,16.145639700752962
6,23,12.503331548190976
6,24,10.055131433512447
6,25,6.577443018159524
6,26,5.500509960065079
6,27,4.521516102784658
6,28,7.193079108675663
6,29,9.09366432038208
6,30,12.153514250922933
6,31,14.20399075476404
6,32,14.998801914491446
6,33,15.211449936359063
6,34,12.075450581262373
6,35,11.517537543786924
6,36,9.161672586099769
6,37,10.850080586849131
6,38,11.41333462050334
6,39,13.022014190388461
6,40,15.815538364586999
6,41,17.115281790644453
6,42,20.68587195707312
6,43,22.53650873731924
6,44,22.413674297298513
6,45,18.69655567386965
6,46,18.74550142089196
6,47,16.167643232181007
6,48,17.52530250258816
6,49,16.208324606601316
6,50,17.006423692999338
6,51,16.009002374176593
6,52,13.905009669524782
6,53,13.609729972933273
6,54,15.76660664712022
6,55,18.169904398100897
6,56,19.401681680610142
6,57,22.8671614780619
6,58,24.38706805260123
6,59,24.699745944716895
6,60,25.47499493286144
6,61,26.962709082700833
6,62,24.051399545731886
6,63,23.74288879675058
6,64,23.6462586184602
6,65,22.70379542813068
6,66,18.998564406439137
6,67,17.81599783346511
6,68,14.746413234791646
6,69,15.473542904971294
6,70,14.05881747437875
6,71,14.860808970527767
6,72,16.83273101202049
6,73,15.134412102372922
6,74,13.170505511278183
6,75,9.478358161585174
6,76,9.692660826933912
6,77,10.500200053001521
6,78,12.864814666172201
6,79,13.13676367060433
6,80,16.695309191182055
6,81,19.411400498372853
6,82,22.76710450434134
6,83,25.800550095909404
6,84,24.19592494101061
6,85,26.66170163585738
6,86,27.32507027297199
6,87,25.967965689580762
6,88,22.635197792548627
6,89,21.771116503072445
6,90,19.62605725020282
6,91,16.24073743961995
6,92,13.275325478148632
6,93,9.62172291912939
6,94,7.405909156318531
6,95,6.79756485299223
6,96,6.652896809036734
6,97,10.173701477025185
6,98,11.3564895003282
6,99,15.135816741014654
6,100,16.28815985704983
6,101,17.36749962593463
6,102,16.442191494346353
6,103,15.359324121395048
6,104,12.610149373553437
6,105,10.244657672840217
6,106,7.3805393698700925
6,107,6.759450501517149
6,108,5.076017653793632
6,109,8.084126547244669
6,110,10.837389167741836
6,111,12.72512992639442
6,112,16.3378521802448
6,113,18.59562185496848
6,114,22.34770640256891
6,115,24.65066649767176
6,116,28.057840103733895
6,117,31.654274487927097
7,1,18.858938201238317
7,2,15.950912424079352
7,3,12.341395219981004
7,4,9.035772008153339
7,5,6.7206516084147525
7,6,3.7905824256696974
7,8,3.8090829382752265
7,9,6.588077035614748
7,10,9.437379518202881
7,11,9.80017490846847
7,12,13.2933069233761
7,13,15.104008108159254
7,14,18.907967973170063
7,15,20.975101080006052
7,16,24.6658806414311
7,17,25.895229138697363
7,18,26.256804826281268
7,19,23.59256125659565
7,20,20.549549939902512
7,21,17.086273974792736
7,22,14.037245811966343
7,23,10.26023162337786
7,24,8.015276905112692
7,25,5.608672922575118
7,26,5.195800120940239
7,27,6.647270375879453
7,28,9.36140033447573
7,29,12.084933547039078
7,30,15.258502140786431
7,31,17.48207881935821
7,32,18.10118457211965
7,33,18.621710367544907
7,34,15.462027240526442
7,35,14.470909656400062
7,36,11.54277737739397
7,37,12.66834636284592
7,38,12.084078246707234
7,39,13.470026195347259
7,40,15.549916057084875
7,41,16.79950023185438
7,42,20.483337134091233
7,43,22.071450184257248
7,44,22.523665233035587
7,45,18.885524387639464
7,46,19.445282427726937
7,47,17.110355912863096
7,48,18.330251766296808
7,49,17.304820974067407
7,50,17.532867548551184
7,51,16.928483906758444
7,52,15.46297641977494
7,53,15.386622438350933
7,54,17.849454794743167
7,55,19.958822177358915
7,56,21.47996018508555
7,57,25.060403701050813
7,58,26.63753736420601
7,59,26.499685495603735
7,60,26.962928165278004
7,61,27.972370540504386
7,62,24.841253954483292
7,63,23.95159450774889
7,64,23.654366119321423
7,65,22.15454353860886
7,66,18.66205413630639
7,67,17.699326756971892
7,68,14.977806977831454
7,69,15.623853971946057
7,70,14.657184384858427
7,71,14.827367226633491
7,72,17.18822210204354
7,73,15.340153746799093
7,74,14.276174496433732
7,75,10.47219810573564
7,76,9.552621399702447
7,77,10.397930352355203
7,78,11.963638633114552
7,79,12.303208027255906
7,80,15.42673713492877
7,81,18.12661701011156
7,82,21.43191263839626
7,83,24.206180186650403
7,84,22.477903563813978
7,85,25.016086415523763
7,86,25.45901068792761
7,87,24.504909777669706
7,88,21.188511548167696
7,89,19.898946537864276
7,90,17.96610325636221
7,91,14.741525640468428
7,92,12.089613927835108
7,93,8.97695828049399
7,94,8.007798012851058
7,95,9.023942427681545
7,96,9.961136222447927
7,97,13.663321207839216
7,98,15.090584359444543
7,99,18.851182981448474
7,100,20.019905941929558
7,101,21.078074878732682
7,102,20.199699031706977
7,103,19.099609875230882
7,104,16.222419686997064
7,105,13.585981204453073
7,106,10.412155322220364
7,107,8.6776621626
7,108,5.414317888733375
7,109,6.734039505226699
7,110,9.208563970100068
7,111,10.284671731736442
7,112,13.888296904266756
7,113,16.172309088118602
7,114,19.79157251064205
7,115,22.255881069550206
7,116,25.459059852028094
7,117,29.100640634773363
8,1,22.332819133689124
8,2,19.496504607367434
8,3,15.892739796474261
8,4,12.663475361420971
8,5,9.833582445040232
8,6,6.658492777415751
8,7,3.8090829382752265
8,9,3.8135723149634186
8,10,6.469139991893271
8,11,7.116513697398978
8,12,10.130090802266864
8,13,11.567517578590625
8,14,15.32565332361285
8,15,17.282677619429304
8,16,20.93661226860112
8,17,22.101796372103124
8,18,22.546405709302036
8,19,19.98060292407532
8,20,17.04843004144886
8,21,13.482277164710986
8,22,10.708984373546878
8,23,6.907965144742694
8,24,5.791573137639934
8,25,4.555694517647389
8,26,6.564604353089439
8,27,9.082170240442
8,28,12.394931208161763
8,29,14.834564248827023
8,30,18.29166420372533
8,31,20.047361208814472
8,32,20.06662933544424
8,33,20.348494552852717
8,34,16.927943362210815
8,35,15.11221317025612
8,36,11.614811341259388
8,37,11.84638348127606
8,38,10.164128450596163
8,39,11.375752897900027
8,40,12.86733578295367
8,41,14.407849292633422
8,42,18.176516969137445
8,43,19.905105794520182
8,44,20.906477661365734
8,45,17.54378386779509
8,46,18.071256782951423
8,47,15.701830307339783
8,48,16.424950880362054
8,49,15.511077383513971
8,50,15.167336726732449
8,51,14.990525602012452
8,52,14.305942891610064
8,53,14.800206803237943
8,54,17.548240427705352
8,55,19.042542874326056
8,56,20.61909127182329
8,57,24.294698828378184
8,58,25.778765754680247
8,59,25.118580768983858
8,60,25.338487531523953
8,61,25.89124750795241
8,62,22.574229331306217
8,63,21.240651868898418
8,64,20.94873675683034
8,65,19.057938713425212
8,66,15.736409426747139
8,67,15.202542202879572
8,68,13.063831402841956
8,69,14.183689510562829
8,70,14.144036250829668
8,71,14.496235717985535
8,72,17.49595424597718
8,73,16.273042545793615
8,74,15.675551713853391
8,75,12.04125096647632
8,76,9.955448593593276
8,77,9.602194139608942
8,78,9.940661922923022
8,79,9.572276642812216
8,80,12.269705518984102
8,81,14.694450438661512
8,82,18.053058559986518
8,83,20.628018077766555
8,84,18.764045247077462
8,85,21.281909754956573
8,86,21.713058998365458
8,87,20.915504063230852
8,88,17.565456550198096
8,89,16.261263029822796
8,90,14.615283940448128
8,91,11.703062161574394
8,92,8.994679532416422
8,93,6.579221092079839
8,94,6.67089383848575
8,95,9.203842349464992
8,96,11.208099873238805
8,97,14.976556188443192
8,98,17.055946466291303
8,99,20.691636700284246
8,100,22.379005403045973
8,101,23.766316232089032
8,102,22.72841070118972
8,103,21.116436398700426
8,104,18.26362171492986
8,105,15.136164419495156
8,106,12.242799319522538
8,107,9.53397417576135
8,108,6.0392558398164935
8,109,6.415471758087468
8,110,7.232872486754275
8,111,7.223021312008043
8,112,10.528404562242951
8,113,12.481609585938013
8,114,16.121454136674522
8,115,18.472916554807277
8,116,21.719854514354353
8,117,25.33817855738163
9,1,25.360299526437373
9,2,22.508308026172447
9,3,18.875315514979178
9,4,15.563909599424237
9,5,13.18770688097121
9,6,10.047700635238094
9,7,6.588077035614748
9,8,3.8135723149634186
9,10,2.9481213264555697
9,11,5.05166626244964
9,12,7.749081593638135
9,13,8.93502632941256
9,14,12.72792554566392
9,15,14.818237293197901
9,16,18.585227265224248
9,17,20.27343279293985
9,18,20.84867521728122
9,19,17.996137221393095
9,20,15.40764333063592
9,21,11.771507824327442
9,22,9.229138660553259
9,23,5.8392858464593225
9,24,5.48156863949675
9,25,6.686700345949224
9,26,8.49661538728978
9,27,11.779661920133247
9,28,14.789016928499935
9,29,17.635815797801264
9,30,21.122269124316194
9,31,22.988994107399325
9,32,22.89645261361819
9,33,23.534317203375497
9,34,20.24228479602698
9,35,18.37193614139509
9,36,14.832245891240744
9,37,14.990852569704161
9,38,12.771547656999125
9,39,13.906250628535595
9,40,14.635839612009748
9,41,16.184360734660686
9,42,19.842964642045743
9,43,21.324950309332458
9,44,22.87747671312729
9,45,19.77033635668587
9,46,20.611703959600167
9,47,18.4722084799857
9,48,18.90060735241187
9,49,18.103914496199334
9,50,17.14319700070122
9,51,17.121671648456058
9,52,16.88206231299789
9,53,17.26362365185441
9,54,20.039880653934453
9,55,21.369075253691758
9,56,23.268262349961617
9,57,26.87278324499752
9,58,28.507954305305514
9,59,27.561279709096677
9,60,27.392349382847346
9,61,27.502564722296285
9,62,24.16200660717732
9,63,22.319868466809393
9,64,21.6576906642849
9,65,19.302394549501898
9,66,16.462625218143025
9,67,16.002002329635435
9,68,14.32053312395266
9,69,15.033467602054804
9,70,15.318164869742851
9,71,14.92942160123689
9,72,18.035889999824985
9,73,16.76393422023994
9,74,17.020448788400365
9,75,13.655698268828212
9,76,10.944632551948725
9,77,10.750677834345606
9,78,10.169741541589898
9,79,10.198048879523876
9,80,11.949001546599636
9,81,14.318590632617404
9,82,17.30041168561854
9,83,19.53392340542544
9,84,17.755202100793362
9,85,20.43416015616613
9,86,20.739693931654198
9,87,20.595865370890063
9,88,17.313431713421856
9,89,15.665646136854152
9,90,14.637778055429964
9,91,12.362701929968674
9,92,10.294824228131544
9,93,9.138411066762902
9,94,10.000898173887345
9,95,12.913571478874406
9,96,14.90360146727345
9,97,18.688274783141765
9,98,20.65567389263969
9,99,24.26840421994974
9,100,25.83700551335839
9,101,27.208846632500986
9,102,26.362847427976636
9,103,24.862842792634645
9,104,22.04474451258171
9,105,18.948278899018597
9,106,15.990743581535108
9,107,13.210035165043486
9,108,9.588143978023021
9,109,8.858043373308488
9,110,8.895392687559767
9,111,7.265039138064935
9,112,9.789702168769239
9,113,11.261217145431402
9,114,14.499720748470988
9,115,16.825147155558312
9,116,19.734931674134813
9,117,23.308524490335063
10,1,28.252965647239204
10,2,25.333019724025633
10,3,21.73958537792356
10,4,18.347391924719904
10,5,15.941939352012826
10,6,12.922323461631875
10,7,9.437379518202881
10,8,6.469139991893271
10,9,2.9481213264555697
10,11,3.805617578736348
10,12,5.3666532820587225
10,13,6.330099404517821
10,14,10.066146432349516
10,15,12.395545145538678
10,16,16.182175514333956
10,17,18.20377294767547
10,18,19.076186976754965
10,19,16.240353387206984
10,20,14.120295424488083
10,21,10.452208958023423
10,22,8.682133755015768
10,23,6.17518401172114
10,24,7.218955300529467
10,25,9.253182937936625
10,26,11.31351477365998
10,27,14.695746680185808
10,28,17.690142643429237
10,29,20.55686346717446
10,30,24.059364075912555
10,31,25.887877199108704
10,32,25.677457396574688
10,33,26.281749872214444
10,34,22.945110370696394
10,35,20.858043649787938
10,36,17.213588879644135
10,37,16.971236134899154
10,38,14.281007180243213
10,39,15.036273446363456
10,40,15.048735449228047
10,41,16.450433016166652
10,42,19.904399989833298
10,43,21.15492010398145
10,44,23.144840010302346
10,45,20.337914459799055
10,46,21.40724081923272
10,47,19.540782300499075
10,48,19.78188042036556
10,49,19.270795432807166
10,50,17.981575967236846
10,51,18.353606486574556
10,52,18.638538534784622
10,53,19.280813788325716
10,54,22.103314097355845
10,55,23.09068543662779
10,56,24.986575960756443
10,57,28.57291274965714
10,58,30.117237590005278
10,59,28.846824619895422
10,60,28.51600974027164
10,61,28.252279722478253
10,62,24.835734725040563
10,63,22.601822156790615
10,64,21.9110684609729
10,65,19.156117055695184
10,66,16.736950460328767
10,67,16.68689775887838
10,68,15.605625636842444
10,69,16.423672684883627
10,70,17.190670351661606
10,71,16.661070062852712
10,72,19.90332792997547
10,73,18.826106006597506
10,74,19.45092726026189
10,75,16.26584096768225
10,76,13.276070567946789
10,77,12.778713982546524
10,78,11.420978284361938
10,79,11.129688178704809
10,80,11.970216058092914
10,81,13.834549999074405
10,82,16.575338360193154
10,83,18.32640732326594
10,84,16.404086134760117
10,85,18.9682122762991
10,86,19.012865346715234
10,87,19.277506010360693
10,88,16.20249865429775
10,89,14.220978259100912
10,90,13.614150664196558
10,91,11.929867792281902
10,92,10.565888470148144
10,93,10.447389721235075
10,94,12.032604356238112
10,95,15.24750166646591
10,96,17.545279511880075
10,97,21.28733047499713
10,98,23.43275781908924
10,99,27.011600378529412
10,100,28.69798710269101
10,101,30.109020221931473
10,102,29.18349944728895
10,103,27.565770297696712
10,104,24.690063804768418
10,105,21.458082467473982
10,106,18.504346781678638
10,107,15.461765593628702
10,108,11.87615292677001
10,109,10.473309150205928
10,110,9.659457794965062
10,111,6.973194880808747
10,112,8.4779440552981
10,113,9.527021637819452
10,114,12.33654886405877
10,115,14.708675084573168
10,116,17.33199630063496
10,117,20.887828196673635
11,1,28.333307155512145
11,2,25.112091278823005
11,3,21.75487409286383
11,4,18.119330968181455
11,5,15.541745784763446
11,6,13.193044364369555
11,7,9.80017490846847
11,8,7.116513697398978
11,9,5.05166626244964
11,10,3.805617578736348
11,12,3.8153389583104422
11,13,6.871874091508967
11,14,10.407771976558095
11,15,13.487947556048713
11,16,17.131284314866935
11,17,19.125640487577936
11,18,20.60526259754789
11,19,18.255508124756545
11,20,16.470341934327493
11,21,12.70002864088788
11,22,11.557642848771435
11,23,8.933334802313093
11,24,10.1412864698588
11,25,11.120640347230744
11,26,13.148396124713353
11,27,15.985794564158555
11,28,18.944992765259666
11,29,21.72697094600599
11,30,25.035778862386387
11,31,27.053259378962537
11,32,27.176021920414172
11,33,27.415481505652046
11,34,23.91790672315385
11,35,21.854699999780767
11,36,18.184949784948387
11,37,17.4940866169158
11,38,14.771872122909777
11,39,14.61990925656937
11,40,14.20900944792684
11,41,14.741191406830369
11,42,17.948075364804208
11,43,18.636315458648983
11,44,20.5861365833875
11,45,17.794973537088644
11,46,19.416922422603342
11,47,18.126023118454402
11,48,18.931767084784926
11,49,19.12465652069568
11,50,18.392941524338326
11,51,19.368630694963848
11,52,19.819486372383587
11,53,20.95345696728263
11,54,23.825212399029503
11,55,24.684356122107733
11,56,26.09331868754815
11,57,29.810931769399843
11,58,30.942725145337082
11,59,29.6080762511338
11,60,29.70714120195748
11,61,29.53020184219131
11,62,25.93169609202151
11,63,23.763250025542405
11,64,23.64945304320548
11,65,20.813132014141953
11,66,18.27280046633882
11,67,18.79244834521385
11,68,17.837881906912845
11,69,19.19514659006101
11,70,19.960214571965903
11,71,19.82037049447619
11,72,23.038383860261163
11,73,21.808160927765865
11,74,21.99413779270537
11,75,18.523341872127922
11,76,15.947992565788967
11,77,15.435043340413765
11,78,14.34945128959227
11,79,13.376880061244524
11,80,14.353128998799665
11,81,15.609842333283963
11,82,18.66636372592546
11,83,20.076861539505945
11,84,17.55978925254331
11,85,19.506355227435133
11,86,18.887897774130433
11,87,18.757724212924614
11,88,16.104494249200464
11,89,13.500162138505909
11,90,12.106351703695115
11,91,10.021961514225772
11,92,9.585123180937416
11,93,9.70387320927729
11,94,12.129934059324942
11,95,15.098972927988767
11,96,17.812126127786453
11,97,21.425992977016968
11,98,23.806955405415167
11,99,27.45203515800583
11,100,29.22203883619175
11,101,30.45217213490711
11,102,29.101935615720176
11,103,27.406644323159238
11,104,24.210021584886977
11,105,20.858493467232886
11,106,17.680628635664466
11,107,14.391223465668542
11,108,10.887668658519
11,109,8.411256697229636
11,110,7.232211225763643
11,111,4.643391179876753
11,112,6.517470977566412
11,113,8.900487884121473
11,114,11.670156008063229
11,115,14.774409615017468
11,116,17.256565075213395
11,117,20.992033058311318
12,1,31.945121510599034
12,2,28.771381723903122
12,3,25.386669277031178
12,4,21.79864798328297
12,5,19.040119197759367
12,6,16.544749982313693
12,7,13.2933069233761
12,8,10.130090802266864
12,9,7.749081593638135
12,10,5.3666532820587225
12,11,3.8153389583104422
12,13,3.7936459524513464
12,14,6.813401660152132
12,15,10.203982474946356
12,16,13.690372061019076
12,17,15.87170133794645
12,18,17.74454529540107
12,19,15.671300164045311
12,20,14.530668314474852
12,21,10.97550868837416
12,22,11.000687995069969
12,23,9.53672331687159
12,24,11.875673009032047
12,25,13.552329542616823
12,26,16.085937314997
12,27,19.128676914321446
12,28,22.284142484602132
12,29,24.939924602730546
12,30,28.37996779050291
12,31,30.159535628457412
12,32,29.963587504368178
12,33,30.08930965481828
12,34,26.52130841308767
12,35,24.089143596370267
12,36,20.311048681583646
12,37,19.14115572451562
12,38,15.91571374425537
12,39,15.444475863759251
12,40,14.170367152807565
12,41,14.691748281365246
12,42,17.523708901759296
12,43,18.08939912155513
12,44,20.647132994312738
12,45,18.423240395931455
12,46,20.040799842521412
12,47,18.97646896656568
12,48,19.301558309073805
12,49,19.72790312234088
12,50,18.51527637265425
12,51,19.920388991716678
12,52,21.02789731742782
12,53,22.483018186563505
12,54,25.38223936258886
12,55,25.74864413021758
12,56,27.132109787861918
12,57,30.77246378031783
12,58,31.7794123791057
12,59,30.02038260169201
12,60,29.891363515149358
12,61,29.238009995416366
12,62,25.603367972105662
12,63,23.001992406134224
12,64,22.909168388272427
12,65,19.68266074888983
12,66,17.715947740854816
12,67,18.767242260883272
12,68,18.567270154035402
12,69,20.134171998985202
12,70,21.517725589443756
12,71,21.43195019344355
12,72,24.875327826231658
12,73,24.058298974909615
12,74,24.52844517475476
12,75,21.25921272794355
12,76,18.289438104471873
12,77,17.234956379582123
12,78,15.351083986070703
12,79,13.931992702547973
12,80,13.89987654838714
12,81,14.367598031324045
12,82,17.078113704617
12,83,17.83484535077138
12,84,15.114432209986507
12,85,16.768197784155625
12,86,15.82370674232232
12,87,16.16924349873972
12,88,13.852288561581329
12,89,10.923571542878452
12,90,10.27552011682769
12,91,9.381352979980525
12,92,9.846651221268932
12,93,11.303577757166298
12,94,14.185002259320704
12,95,17.51878888655282
12,96,20.52117665831061
12,97,24.038620389170287
12,98,26.6799407624784
12,99,30.20742749385807
12,100,32.23631082865623
12,101,33.64252465185665
12,102,32.22653119799239
12,103,30.27183517730104
12,104,27.141384814754158
12,105,23.620697738275723
12,106,20.68632723659348
12,107,17.168924221510224
12,108,13.943726024463977
12,109,11.466016191128912
12,110,9.235753045282916
12,111,5.663692667980253
12,112,4.91841919452989
12,113,6.220125877951595
12,114,8.240123950345017
12,115,11.403885514251275
12,116,13.58414784698886
12,117,17.30287626205944
13,1,33.88516017974602
13,2,30.94268257074023
13,3,27.39815583217017
13,4,23.999371622270935
13,5,21.148122573687253
13,6,18.209469785616868
13,7,15.104008108159254
13,8,11.567517578590625
13,9,8.93502632941256
13,10,6.330099404517821
13,11,6.871874091508967
13,12,3.7936459524513464
13,14,3.8198509138898524
13,15,6.622731053782295
13,16,10.289319793836398
13,17,12.51718688768105
13,18,14.150055859061018
13,19,11.92410804061815
13,20,11.003222341483454
13,21,7.6927756415665405
13,22,8.559873180063711
13,23,8.424163658008988
13,24,11.504825906512762
13,25,13.93940971503957
13,26,16.828720143011626
13,27,20.146181807506732
13,28,23.466951141543362
13,29,25.977991032394485
13,30,29.60162260757586
13,31,31.040527606160666
13,32,30.396475163960243
13,33,30.59666507506
13,34,27.089103146209293
13,35,24.380371739790654
13,36,20.596290463301127
13,37,19.344316339238812
13,38,15.86216987566632
13,39,15.777908566964825
13,40,14.32205619381247
13,41,15.545137101487246
13,42,18.328345548194164
13,43,19.365809860438635
13,44,22.20675898539417
13,45,20.285993424790735
13,46,21.3874972288154
13,47,19.993393921944488
13,48,19.585178686297503
13,49,19.63311722727403
13,50,17.728648924412298
13,51,19.016895522459578
13,52,20.489982337943363
13,53,21.89815201026616
13,54,24.74190149381915
13,55,24.789206447201682
13,56,26.41759896643703
13,57,29.88462773865443
13,58,31.049813226620614
13,59,29.04840687930598
13,60,28.48098614696956
13,61,27.442882728081738
13,62,23.93269254689345
13,63,21.009134168887375
13,64,20.558512347381726
13,65,17.129283687455477
13,66,15.701594136239661
13,67,16.815042925117748
13,68,17.16582842703054
13,69,18.63044480765683
13,70,20.510471726054103
13,71,20.382266549017043
13,72,23.967426895451364
13,73,23.640015468700938
13,74,24.446775427405072
13,75,21.527931861144655
13,76,18.15880776407243
13,77,16.630703350908767
13,78,14.041412215972533
13,79,12.568408638520532
13,80,11.597843918343953
13,81,11.72290592015641
13,82,13.936505936777385
13,83,14.441906717318457
13,84,11.990630005677476
13,85,13.979808315090652
13,86,13.481537721828879
13,87,14.459672225812659
13,88,11.963393954212926
13,89,9.55971118777744
13,90,10.228362191672078
13,91,10.38887984699141
13,92,10.487648690528282
13,93,12.458667574552946
13,94,15.038314880301408
13,95,18.6853755654279
13,96,21.622361154797133
13,97,25.10196451550788
13,98,27.790697305290283
13,99,31.160266282280503
13,100,33.346688871666686
13,101,35.00494476124741
13,102,33.78804235626294
13,103,31.67422387684078
13,104,28.810568575906196
13,105,25.25112680890368
13,106,22.647518323488374
13,107,19.135821020020742
13,108,16.049189136416423
13,109,14.200161683400776
13,110,11.746017474600269
13,111,7.966185023328449
13,112,6.250999622529655
13,113,5.029843593142418
13,114,6.499054152013228
13,115,8.726389570355108
13,116,11.035459156789884
13,117,14.60843839646306
14,1,37.65089583507615
14,2,34.71534655767912
14,3,31.18014257800172
14,4,27.787502281299872
14,5,24.86840455917743
14,6,21.943744828257667
14,7,18.907967973170063
14,8,15.32565332361285
14,9,12.72792554566392
14,10,10.066146432349516
14,11,10.407771976558095
14,12,6.813401660152132
14,13,3.8198509138898524
14,15,3.8150087388499085
14,16,6.984366607412829
14,17,9.686811840767785
14,18,11.946601801060972
14,19,10.27633480085273
14,20,10.612948545766734
14,21,8.311516443129928
14,22,10.551665401203708
14,23,11.49839309092111
14,24,14.845574895856002
14,25,17.464360087252377
14,26,20.47004405422676
14,27,23.814602072859667
14,28,27.180248232386685
14,29,29.616004025004116
14,30,33.27814045659575
14,31,34.58086558963164
14,32,33.751071837567046
14,33,33.87000152196497
14,34,30.356330458856778
14,35,27.4527137307638
14,36,23.690125549432906
14,37,22.14183574426637
14,38,18.4768488164639
14,39,18.120836480381385
14,40,16.069120843951513
14,41,17.14091089631901
14,42,19.373564758422713
14,43,20.203806953462646
14,44,23.447368772972375
14,45,22.079168963431066
14,46,23.178475057772864
14,47,22.06468432494785
14,48,21.317260123383004
14,49,21.58978180974703
14,50,19.383773475885505
14,51,20.990312235024636
14,52,22.940612700536107
14,53,24.55145821672083
14,54,27.32896778282099
14,55,26.973081316501634
14,56,28.527470320277786
14,57,31.84254546772431
14,58,32.866540653210045
14,59,30.521563608936415
14,60,29.751405693700708
14,61,28.26009283063794
14,62,24.832641714800527
14,63,21.563745453695418
14,64,21.135773140971484
14,65,17.444353481872533
14,66,16.807889225725322
14,67,18.37563661692183
14,68,19.400285748645572
14,69,20.94276427109172
14,70,23.223498433395164
14,71,23.113630968008437
14,72,26.737573780151656
14,73,26.697915317397555
14,74,27.702922515757002
14,75,24.968322626093443
14,76,21.463900683918112
14,77,19.68688760755006
14,78,16.704060801723447
14,79,15.034517069475099
14,80,13.214776325590897
14,81,12.403086537464269
14,82,13.841916006104038
14,83,13.321001208559386
14,84,10.817562236508687
14,85,12.239424414122375
14,86,11.309531049644518
14,87,13.128476648875113
14,88,11.36121380122076
14,89,8.941598195686915
14,90,10.723201787933384
14,91,12.103817744146934
14,92,12.91569068507748
14,93,15.509179295170231
14,94,18.245576979633856
14,95,21.94455516739996
14,96,25.006898511212107
14,97,28.36527164502784
14,98,31.193419249038683
14,99,34.45796731954245
14,100,36.79722436337193
14,101,38.54787171996291
14,102,37.27450064526706
14,103,35.006428458495215
14,104,32.18503290237572
14,105,28.551111875316582
14,106,26.09317551704233
14,107,22.491586991735666
14,108,19.59195418724406
14,109,17.641764937758296
14,110,14.844972337918058
14,111,11.078848671337438
14,112,8.345861567834366
14,113,5.857928199743557
14,114,4.791072026714277
14,115,6.164394920824346
14,116,7.58767519639243
14,117,11.02396215917957
15,1,39.46789050332222
15,2,36.75698173072629
15,3,33.13180842436164
15,4,29.94033344338047
15,5,26.954814946648746
15,6,23.773074865103492
15,7,20.975101080006052
15,8,17.282677619429304
15,9,14.818237293197901
15,10,12.395545145538678
15,11,13.487947556048713
15,12,10.203982474946356
15,13,6.622731053782295
15,14,3.8150087388499085
15,16,3.7879830909860286
15,17,6.454357152032596
15,18,8.304721863716159
15,19,6.643281650094407
15,20,7.800125589180217
15,21,6.781669778563365
15,22,9.992259316762087
15,23,12.129444988588965
15,24,15.660258546755534
15,25,18.570783089803957
15,26,21.73759414979928
15,27,25.132262217128215
15,28,28.57467175410537
15,29,30.792940062116056
15,30,34.546764287663486
15,31,35.50664637770207
15,32,34.28357508731531
15,33,34.41980985046762
15,34,31.01843767003097
15,35,27.92455338448906
15,36,24.283726520965196
15,37,22.690329017914166
15,38,18.996969131699508
15,39,18.974269017268988
15,40,16.928586600639488
15,41,18.54770345341159
15,42,20.664756091043348
15,43,21.936084050707212
