1,2,3.8046267066740382
1,3,6.651797338192831
1,4,9.424978545480352
1,5,13.222084130177247
1,6,15.680588615527443
1,7,18.150734969872843
1,8,21.458248225411687
1,9,24.74262682593911
1,10,27.95328683516444
1,11,30.94425433345789
1,12,31.318568447516537
1,13,34.714089752941064
1,14,36.32886740441385
1,15,40.00091282935023
1,16,41.611376506122234
1,17,44.9701053989352
1,18,45.13299114388327
1,19,44.80303673390927
1,20,42.483923495874464
1,21,38.869010557527986
1,22,36.28747681265478
1,23,32.82016615320582
1,24,29.717349880158913
1,25,26.721991557184268
1,26,23.190831143442413
1,27,20.708418060249784
1,28,16.963928411710995
1,29,14.311734184771275
1,30,11.95811050014738
1,31,8.560228699668363
1,32,9.65734986201898
1,33,13.25417474228404
1,34,13.331915596949782
1,35,14.4438645376738
1,36,17.857158935558648
1,37,19.716228561728926
1,38,22.4937710822203
1,39,25.523786760631214
1,40,26.957804740421082
1,41,30.370280286873854
1,42,31.31252888201121
1,43,34.67965017971277
1,44,36.51189000034898
1,45,36.093251377242765
1,46,32.295449889476565
1,47,31.873351454814124
1,48,29.09062819958219
1,49,30.21512447912271
1,50,28.063829002115515
1,51,29.98710517208497
1,52,27.987140223626135
1,53,24.55845644354687
1,54,22.994344207386565
1,55,22.910134926896927
1,56,26.187123500576323
1,57,26.56246296106563
1,58,28.570476091139735
1,59,29.87610065561386
1,60,32.022577804990554
1,61,35.462770667098354
1,62,36.66746391297338
1,63,34.36370089293473
1,64,35.881828047003
1,65,36.04009498823988
1,66,36.67579881302376
1,67,33.02125238649557
1,68,31.160349199314304
1,69,27.738681299629803
1,70,27.65749214072642
1,71,24.773452151950167
1,72,25.720674618912913
1,73,25.089843084917064
1,74,23.309460003014383
1,75,19.776281415805048
1,76,19.059807297462424
1,77,22.38423709394525
1,78,24.065324038342712
1,79,27.67246319704844
1,80,28.66509205937211
1,81,32.44784530020128
1,82,35.28662303752984
1,83,38.195296705795585
1,84,41.69704359101553
1,85,40.63037789440138
1,86,42.88971857898629
1,87,43.96742078132873
1,88,41.97496846161398
1,89,38.687758456113514
1,90,38.607492632718824
1,91,36.159051742197704
1,92,32.68067664952975
1,93,29.78081755313866
1,94,26.016987898934698
1,95,23.012825545372024
1,96,19.804199259950465
1,97,16.494468921344335
1,98,15.24606583319171
1,99,11.9580523543443
1,100,12.278879234690695
1,101,9.13384902077498
1,102,6.594454434026823
1,103,8.147583958299808
1,104,11.677735009245922
1,105,12.415872354807581
1,106,15.327748394332666
1,107,15.968244160106188
1,108,19.547794745560996
1,109,21.191889546051534
1,110,24.183641100285243
1,111,27.41196805859718
1,112,30.136539967641497
1,113,33.731005297949274
1,114,36.06573783255244
1,115,39.8688707252609
1,116,42.006219234847464
1,117,45.64129692818929
1,118,48.895710593545815
2,1,3.8046267066740382
2,3,3.83286352547948
2,4,6.552671950541177
2,5,10.335101279089448
2,6,13.339891495844904
2,7,15.77228805672414
2,8,18.757187285180088
2,9,22.25715314265978
2,10,25.257627375248305
2,11,28.230184320305543
2,12,28.61603028620664
2,13,32.13908873497743
2,14,33.87887524333174
2,15,37.62224866781908
2,16,39.387999493253865
2,17,42.86717050690752
2,18,43.309583302069065
2,19,43.0977063957788
2,20,40.595371748231436
2,21,37.04145788207839
2,22,34.298069904516204
2,23,30.767395479388828
2,24,27.5258845541796
2,25,24.388538896755527
2,26,20.98745420820453
2,27,18.210431265155396
2,28,14.633595638265502
2,29,11.680891039542416
2,30,10.159269941312148
2,31,7.073293858092711
2,32,9.601655870952033
2,33,13.396415375517137
2,34,14.101810376353304
2,35,14.540402656964275
2,36,17.64721657316094
2,37,18.867415641054063
2,38,21.770706350551055
2,39,24.42126570469592
2,40,25.933901226070688
2,41,29.18418411869449
2,42,30.104098581232282
2,43,33.57587635911888
2,44,35.24723977975124
2,45,35.183244725356595
2,46,31.36615059838791
2,47,31.244194277263293
2,48,28.464640418764407
2,49,29.67744724128181
2,50,27.59820435460013
2,51,29.29974043527405
2,52,27.38466497340822
2,53,24.03934509737515
2,54,22.433849596493296
2,55,22.74662898041703
2,56,26.130869530918115
2,57,26.879649831056632
2,58,29.237994020831323
2,59,30.723130183086138
2,60,32.48598822715215
2,61,36.02183281070727
2,62,36.86299707747426
2,63,34.25312591244048
2,64,35.388679779327845
2,65,35.45449474794806
2,66,35.71365892144636
2,67,31.997970670569707
2,68,30.127425485164466
2,69,26.586316755260082
2,70,26.36441585972719
2,71,23.398852546746728
2,72,23.91806764775713
2,73,23.400626497110682
2,74,21.186164915236535
2,75,17.88983379547805
2,76,16.833469035258897
2,77,20.141951902884962
2,78,22.209078902729047
2,79,25.81861619209381
2,80,27.01731229958905
2,81,30.807888059212637
2,82,33.784711027284885
2,83,36.765672399663245
2,84,40.22091799845978
2,85,39.05677594661698
2,86,41.43215526691492
2,87,42.38365579583318
2,88,40.60040965668925
2,89,37.24532224176872
2,90,36.892990235671625
2,91,34.46102910842878
2,92,30.914728106151774
2,93,28.07706881649349
2,94,24.287464254544425
2,95,21.4548174504711
2,96,18.58274104657051
2,97,15.458083355596372
2,98,15.103369255464607
2,99,12.196088296657058
2,100,13.591808670870227
2,101,10.975843321432043
2,102,9.096836096562859
2,103,10.207793123491324
2,104,13.132453070919931
2,105,12.883966344941745
2,106,15.039446862633039
2,107,14.775246952738438
2,108,18.037026995391773
2,109,19.105098524827746
2,110,21.86393965068788
2,111,25.281131359271075
2,112,27.867784743557316
2,113,31.558097528588966
2,114,33.989692470667116
2,115,37.769431933183284
2,116,40.049343265153475
2,117,43.589307865635384
2,118,46.91857425590834
3,1,6.651797338192831
3,2,3.83286352547948
3,4,3.7970118306401694
3,5,7.153607694341498
3,6,10.193767997847756
3,7,13.11679472426617
3,8,16.011156879627386
3,9,19.527135874298445
3,10,22.624725525015993
3,11,25.542331812786074
3,12,25.569877830960177
3,13,29.129866945993236
3,14,31.113682038917645
3,15,34.85309391490296
3,16,36.841675649121996
3,17,40.34824162458167
3,18,40.88127728145881
3,19,40.94717136570366
3,20,38.5197907026392
3,21,35.08447479860163
3,22,32.11995864156827
3,23,28.717164945492154
3,24,25.2825371589279
3,25,22.36121796689985
3,26,18.881033559397768
3,27,16.36838169673923
3,28,12.974943861995147
3,29,10.601520397838318
3,30,9.838470634573213
3,31,7.991998060272217
3,32,11.018535572221706
3,33,14.529021160053404
3,34,14.80866085336469
3,35,14.254033837439023
3,36,16.765673119413076
3,37,17.33474314324264
3,38,19.877095254487553
3,39,22.21342758013223
3,40,23.374239397093568
3,41,26.411739315169193
3,42,27.04339074625246
3,43,30.46088094102314
3,44,31.913638037918286
3,45,31.91423650918811
3,46,28.085657090830093
3,47,28.244423991391113
3,48,25.648802075655606
3,49,27.158907920026603
3,50,25.405520224748944
3,51,27.24515953280134
3,52,25.724602820090478
3,53,22.661830327425516
3,54,21.531834651653128
3,55,22.284856823688283
3,56,25.44127740784753
3,57,26.069790370832703
3,58,28.79071543482749
3,59,30.035441254537915
3,60,31.48002195877891
3,61,34.927764698259764
3,62,35.455416051120764
3,63,32.72669045674549
3,64,33.69047865399345
3,65,34.02331736638997
3,66,33.99881218873869
3,67,30.207849067532194
3,68,28.6837295393614
3,69,25.26240837883109
3,70,25.42859865149362
3,71,22.78929892122486
3,72,23.37074363863069
3,73,23.44704580430461
3,74,21.153125298627064
3,75,17.990678499535427
3,76,16.152798485971655
3,77,19.008421904767232
3,78,20.907528053901167
3,79,24.290397591482975
3,80,25.162553483947622
3,81,28.952624286106357
3,82,31.763250988518106
3,83,34.954507777736005
3,84,38.25090817216818
3,85,36.79460849822607
3,86,39.01123592853732
3,87,39.702032028295015
3,88,37.85972185605716
3,89,34.60708356555947
3,90,34.00788894044146
3,91,31.398276167005193
3,92,27.76648321225024
3,93,25.149249716964736
3,94,21.381176004863942
3,95,18.877799612554277
3,96,16.060756957649602
3,97,13.409768825848554
3,98,13.5510813184215
3,99,11.42971590182526
3,100,13.622489876798932
3,101,11.953059511775592
3,102,10.519544437050541
3,103,10.329615609392123
3,104,12.481563915448442
3,105,11.147373330377443
3,106,12.701106712395255
3,107,11.785562870876888
3,108,14.910667970102455
3,109,15.937534855696859
3,110,18.46430930344708
3,111,21.959796083187694
3,112,24.71991602822839
3,113,28.444081393572294
3,114,31.08864719855924
3,115,34.832600827145285
3,116,37.303774966189
3,117,40.79899699425299
3,118,44.228405221343984
4,1,9.424978545480352
4,2,6.552671950541177
4,3,3.7970118306401694
4,5,3.863337383392777
4,6,6.892771996071781
4,7,9.43592478170423
4,8,12.343182239469694
4,9,15.85822124120531
4,10,18.932213967121537
4,11,21.87846462798102
4,12,22.10111822976008
4,13,25.624514846000505
4,14,27.473251477116026
4,15,31.221232965786847
4,16,33.14320172154624
4,17,36.662794706179795
4,18,37.24507064503039
4,19,37.28209882337059
4,20,34.79066995203671
4,21,31.365112219373753
4,22,28.387189012690936
4,23,24.96007871026872
4,24,21.523149333088355
4,25,18.569098199877555
4,26,15.117643858615745
4,27,12.593297424551638
4,28,9.275927663014699
4,29,7.2292964107669295
4,30,7.154546818898369
4,31,6.782810514519745
4,32,10.119478232353234
4,33,13.116392036187811
4,34,13.596101948767057
4,35,12.309827951980992
4,36,14.302390941405871
4,37,14.317780642683475
4,38,16.948807397412455
4,39,19.01279840194974
4,40,20.39725502260545
4,41,23.39467485396949
4,42,24.267996246896615
4,43,27.814363236622007
4,44,29.395686055000787
4,45,29.721004597009838
4,46,25.955524514852637
4,47,26.058610658757026
4,48,23.282576104027434
4,49,24.575513820954413
4,50,22.71226025651672
4,51,24.244489842024795
4,52,22.70262568646433
4,53,19.7271112974343
4,54,18.596902281872776
4,55,19.65866949396776
4,56,22.782792597799002
4,57,23.70305515562086
4,58,26.653222038305984
4,59,28.063731954396182
4,60,29.157862995644038
4,61,32.6615900715796
4,62,32.914398679480826
4,63,29.975975468914466
4,64,30.65635295394936
4,65,30.873881757786236
4,66,30.644481442291177
4,67,26.856701085211668
4,68,25.311783047748634
4,69,21.86730865995043
4,70,22.02554896629962
4,71,19.488858978869242
4,72,19.99761838602238
4,73,20.400628524975104
4,74,18.11429255825878
4,75,15.085139726637479
4,76,12.80520884205715
4,77,15.408303568221962
4,78,17.29152866975099
4,79,20.6096492177839
4,80,21.533753133062252
4,81,25.306607448426163
4,82,28.18163624858818
4,83,31.365661759183304
4,84,34.649910152711904
4,85,33.21601382638485
4,86,35.53448738809532
4,87,36.276636830637656
4,88,34.59642248179373
4,89,31.254410344341384
4,90,30.652164835239176
4,91,28.19990143060499
4,92,24.62487957007287
4,93,21.871637561504834
4,94,18.101944854685335
4,95,15.546861738142145
4,96,13.063374065587135
4,97,10.524769922874587
4,98,11.521252291722007
4,99,9.983934629228095
4,100,12.977458228712372
4,101,12.094103618914941
4,102,11.562157100613987
4,103,11.272873398662163
4,104,12.45492104383193
4,105,10.57687777933973
4,106,11.078561864214295
4,107,9.527647735676346
4,108,12.178667242731958
4,109,12.717350576088355
4,110,15.394370270892267
4,111,18.840459577994654
4,112,21.3585636124756
4,113,25.075547661085647
4,114,27.592976010208652
4,115,31.348020420362488
4,116,33.753885670578576
4,117,37.23905505910898
4,118,40.63964430163573
5,1,13.222084130177247
5,2,10.335101279089448
5,3,7.153607694341498
5,4,3.863337383392777
5,6,3.8190216451326306
5,7,6.566478978181558
5,8,8.988169205523192
5,9,12.568625039081176
5,10,15.595243387472818
5,11,18.46504314876666
5,12,18.427314345033384
5,13,22.01315004383768
5,14,24.070616777319195
5,15,27.829659978647463
5,16,29.966316023026305
5,17,33.53947615532378
5,18,34.310513737525916
5,19,34.6049417880469
5,20,32.10771554830979
5,21,28.841085433243556
5,22,25.64262459439521
5,23,22.344614608480704
5,24,18.729991923656485
5,25,15.98748069579689
5,26,12.654880077532718
5,27,10.44080136731432
5,28,7.890073886955753
5,29,7.114610559713389
5,30,8.525579255443047
5,31,9.656076980475246
5,32,12.843869882024348
5,33,15.21158661922591
5,34,15.580142798460562
5,35,13.450360326800253
5,36,14.473278673114802
5,37,13.46829800926908
5,38,15.650400099495684
5,39,17.03962224425207
5,40,18.180008035161585
5,41,20.8183441500166
5,42,21.51650531830488
5,43,25.056951953615805
5,44,26.4282857183858
5,45,27.074432826297542
5,46,23.38103653237225
5,47,23.80578746457858
5,48,21.17832182909892
5,49,22.627744398617956
5,50,21.077093907538394
5,51,22.471053252767184
5,52,21.33358546509993
5,53,18.789463144796237
5,54,18.102723908218607
5,55,19.684698630852864
5,56,22.499059677316843
5,57,23.503981893725296
5,58,26.78290986318437
5,59,28.08296533670383
5,60,28.691784517831795
5,61,32.094308412321524
5,62,31.90901630659546
5,63,28.77250705514669
5,64,29.076232292885294
5,65,29.42740407599551
5,66,28.77392142765021
5,67,24.97898503494564
5,68,23.751530106260134
5,69,20.469754361597655
5,70,20.899302993227398
5,71,18.767202989361127
5,72,19.125920773297498
5,73,20.151502172152124
5,74,17.797974834925064
5,75,15.24557443337242
5,76,12.221546351477588
5,77,14.017868849941063
5,78,15.766795165254196
5,79,18.694997865314527
5,80,19.38927501269257
5,81,23.06326833266044
5,82,25.81777727033697
5,83,29.154332039150727
5,84,32.24669972070131
5,85,30.560316226291803
5,86,32.80714199384995
5,87,33.305114372808696
5,88,31.726238991700605
5,89,28.438695284516832
5,90,27.527862478715406
5,91,25.01334447550816
5,92,21.391941807008727
5,93,18.842972476074486
5,94,15.157868112477809
5,95,13.09536781663396
5,96,11.187328913529084
5,97,9.625203225092532
5,98,11.702753133726139
5,99,11.384745252279721
5,100,14.900559273824202
5,101,14.861648487526555
5,102,14.775908059194052
5,103,13.929484477288089
5,104,14.24241482480984
5,105,11.55720636050578
5,106,10.78213403112189
5,107,8.051967256495884
5,108,9.701301311765574
5,109,9.47944362899162
5,110,11.782329994040738
5,111,15.346577926009903
5,112,17.829562916341583
5,113,21.595727185039816
5,114,24.275963991150228
5,115,27.975353047671817
5,116,30.560049638283484
5,117,33.954125820496444
5,118,37.439680554437736
6,1,15.680588615527443
6,2,13.339891495844904
6,3,10.193767997847756
6,4,6.892771996071781
6,5,3.8190216451326306
6,7,3.813010092961719
6,8,6.716186292880763
6,9,9.743882297146483
6,10,13.195252650312812
6,11,16.021734548349833
6,12,15.82238578575853
6,13,19.197256258134743
6,14,21.16587109710488
6,15,24.841675234510245
6,16,26.925704309652424
6,17,30.403017643822125
6,18,30.992111666090786
6,19,31.376953242388385
6,20,29.081488045158988
6,21,25.865425790270937
6,22,22.62907554217247
6,23,19.519759092106124
6,24,15.89348961919766
6,25,13.613905401606065
6,26,10.106911973841122
6,27,8.939781629885024
6,28,6.960340957204622
6,29,8.092477992173295
6,30,9.37352302927517
6,31,11.472557995876544
6,32,13.931385596967253
6,33,15.52214435440724
6,34,15.322075447398756
6,35,12.440644160702659
6,36,12.499013489460083
6,37,10.792518353346546
6,38,12.40026850533484
6,39,13.489105132209236
6,40,14.41419437603229
6,41,17.003223703816417
6,42,17.745839535599426
6,43,21.32535466951158
6,44,22.850560876043385
6,45,23.554069429197327
6,46,19.914884333605244
6,47,20.20668295430154
6,48,17.504710976204247
6,49,18.906388395425903
6,50,17.4746945534845
6,51,18.89420668923741
6,52,18.05954663362378
6,53,15.859763992966688
6,54,15.747339516062311
6,55,17.65410368012231
6,56,20.0427135854941
6,57,20.87505389114832
6,58,24.35570155743545
6,59,25.440679387651844
6,60,25.73699265619592
6,61,29.014031305431534
6,62,28.597139836753623
6,63,25.42226907113446
6,64,25.63821938906281
6,65,26.212550116351437
6,66,25.461033956566354
6,67,21.653800187510726
6,68,20.768399083699734
6,69,17.747598036240642
6,70,18.72064783238087
6,71,17.16913238178587
6,72,17.977079727526608
6,73,19.652339922250516
6,74,17.80717905986688
6,75,15.381994826988015
6,76,11.969723481845458
6,77,12.880006295732242
6,78,13.801459380626952
6,79,16.30603993419258
6,80,16.420132339899585
6,81,20.05201415794001
6,82,22.546542262958766
6,83,26.006418795137947
6,84,28.993510394559916
6,85,27.159647045127688
6,86,29.251400294905544
6,87,29.709318260981046
6,88,28.008969504371002
6,89,24.76380731207365
6,90,23.92125428043849
6,91,21.369437050373122
6,92,17.76367758840032
6,93,15.143507305639703
6,94,11.423840955849382
6,95,9.429484223310292
6,96,7.634030401227966
6,97,6.9481964194518095
6,98,9.691334256690348
6,99,10.60009652176515
6,100,14.339549684902694
6,101,15.27832946457265
6,102,15.792105810429396
6,103,14.409127687243188
6,104,13.69282812495881
6,105,10.57978886275741
6,106,8.614937035984237
6,107,5.309517690616869
6,108,6.05218350442253
6,109,5.833758966208337
6,110,8.65095904275956
6,111,11.970865495085093
6,112,14.572746324976707
6,113,18.27074343838194
6,114,20.9094164542154
6,115,24.645061694339226
6,116,27.17967707910727
6,117,30.65042801104952
6,118,34.1225278049944
7,1,18.150734969872843
7,2,15.77228805672414
7,3,13.11679472426617
7,4,9.43592478170423
7,5,6.566478978181558
7,6,3.813010092961719
7,8,3.790990012644943
7,9,6.600177571408301
7,10,10.02796789156726
7,11,12.966709295302687
7,12,13.434933660626116
7,13,16.65621693320562
7,14,18.19248339023889
7,15,21.893736866504476
7,16,23.736090860819708
7,17,27.2361070700301
7,18,27.86581164375037
7,19,28.058126925898197
7,20,25.600304105518894
7,21,22.320952814686294
7,22,19.145111348308365
7,23,15.890335206120119
7,24,12.304074818047644
7,25,9.832138642256309
7,26,6.326275069333497
7,27,5.405410756462435
7,28,4.565078504233912
7,29,7.270992108948148
7,30,9.207703225973578
7,31,12.287722127973929
7,32,14.361421871701046
7,33,15.162559302259286
7,34,15.326593790771856
7,35,12.164918571813695
7,36,11.460488312089264
7,37,8.984899220847948
7,38,10.726134486578797
7,39,11.236811479053674
7,40,12.831451401989018
7,41,15.353695315429897
7,42,16.723279066896556
7,43,20.43505010952416
7,44,22.253962693587134
7,45,23.420303561437546
7,46,20.044794919730595
7,47,20.07199018576159
7,48,17.100744264214004
7,49,17.874942810837094
7,50,16.121129178558277
7,51,16.82194488429197
7,52,15.77099601461881
7,53,13.71219184033451
7,54,13.434894672975112
7,55,15.650244820626883
7,56,17.941014912384347
7,57,19.285110864285734
7,58,22.844723348462093
7,59,24.2538376610914
7,60,24.154304683742563
7,61,27.49000285230412
7,62,26.806214918608628
7,63,23.39962608741024
7,64,23.210408849242743
7,65,23.44652839476997
7,66,22.469085592409208
7,67,18.719180965285616
7,68,17.63691265209211
7,69,14.55517005067101
7,70,15.363699440763092
7,71,13.988156720189842
7,72,14.639175727351908
7,73,16.70312942078828
7,74,15.058392025906098
7,75,13.078191231763082
7,76,9.397251121946635
7,77,9.495750583651303
7,78,10.236596383256765
7,79,12.596809298300178
7,80,12.939011456409188
7,81,16.5566031959652
7,82,19.27514074381197
7,83,22.631070806357116
7,84,25.686544104030506
7,85,24.036489255778726
7,86,26.398890617615503
7,87,27.08604278794356
7,88,25.707956238957742
7,89,22.26112202934462
7,90,21.55640946789148
7,91,19.433584166783255
7,92,16.067003122337155
7,93,13.077257443990685
7,94,9.466800688500209
7,95,7.225297483711018
7,96,6.752697179615747
7,97,6.606924174760152
7,98,10.211306334238262
7,99,11.546173820046285
7,100,15.319680521916387
7,101,16.60229784523006
7,102,17.636884393508552
7,103,16.67184578851706
7,104,15.591699136433467
7,105,12.835424222856833
7,106,10.364796435993236
7,107,7.485082584971124
7,108,6.7408295070614725
7,109,4.976248329102395
7,110,7.962443356130801
7,111,10.70954421464638
7,112,12.488548722934503
7,113,16.074474178962532
7,114,18.29738085028015
7,115,22.065934469768454
7,116,24.369847049480818
7,117,27.849197428867512
7,118,31.221866248641636
8,1,21.458248225411687
8,2,18.757187285180088
8,3,16.011156879627386
8,4,12.343182239469694
8,5,8.988169205523192
8,6,6.716186292880763
8,7,3.790990012644943
8,9,3.8010801356421893
8,10,6.6367942782430145
8,11,9.555582325728828
8,12,10.08406241715771
8,13,13.494261782841221
8,14,15.215287311116157
8,15,19.00558717157483
8,16,21.103441752529406
8,17,24.745964112563787
8,18,25.799784437625775
8,19,26.225101076659165
8,20,23.576906321736896
8,21,20.537681379099613
8,22,17.122836131826773
8,23,13.978481283366076
8,24,10.223966248034243
8,25,7.909827096875076
8,26,5.512797583656102
8,27,5.1724485138607985
8,28,6.712234937109438
8,29,9.443538231135237
8,30,12.194470437604323
8,31,15.385008576762138
8,32,17.628717515329306
8,33,18.272702616026
8,34,18.751751142224933
8,35,15.581987658153913
8,36,14.47652052010242
8,37,11.480699195766983
8,38,12.673905757440044
8,39,12.05707984991919
8,40,13.475676005051538
8,41,15.220190357340284
8,42,16.485216364790773
8,43,20.06779818062584
8,44,21.567761907590608
8,45,23.307316063787678
8,46,20.219593709556612
8,47,20.646124986859512
8,48,17.96979748050568
8,49,18.711283836685016
8,50,17.319268086253558
8,51,17.493626160059268
8,52,16.827785845661314
8,53,15.395205795257723
8,54,15.305126807679628
8,55,17.79856842251885
8,56,19.77410367475643
8,57,21.3917428984097
8,58,25.025721730789634
8,59,26.478121720503996
8,60,25.899139446411603
8,61,29.08707654606868
8,62,27.952312650339433
8,63,24.36696769863321
8,64,23.59205756040077
8,65,23.72467125688092
8,66,22.161302253100065
8,67,18.602168943853844
8,68,17.746178971320983
8,69,14.951839043746517
8,70,15.642030437766774
8,71,14.659995140597426
8,72,14.647821972546962
8,73,17.083038462380742
8,74,15.25627534875901
8,75,14.175051928155193
8,76,10.37425585962489
8,77,9.406419938910885
8,78,10.268504303240679
8,79,11.838739638915975
8,80,12.27973964332043
8,81,15.488648758736007
8,82,18.178169967838155
8,83,21.52895918778747
8,84,24.322683561926898
8,85,22.50568191930019
8,86,24.947267254149992
8,87,25.392210322122672
8,88,24.41147816347962
8,89,20.993501826056306
8,90,19.83505288341759
8,91,17.89177250954296
8,92,14.653195402050281
8,93,12.019953213001221
8,94,8.987003745499715
8,95,8.016836390349452
8,96,9.128191005577337
8,97,9.999430252275525
8,98,13.73965087733052
8,99,15.288554982944184
8,100,19.038254655454065
8,101,20.333254013945403
8,102,21.349804538065463
8,103,20.43192974376479
8,104,19.334552822215826
8,105,16.45567519534724
8,106,13.730939972779435
8,107,10.564556202078053
8,108,8.744846054283835
8,109,5.445476976659504
8,110,6.681378285874372
8,111,9.147653082527558
8,112,10.133284236662579
8,113,13.729530939386008
8,114,16.00711899041095
8,115,19.639548055567285
8,116,22.129602555747944
8,117,25.39982357948073
8,118,28.84561433202134
9,1,24.74262682593911
9,2,22.25715314265978
9,3,19.527135874298445
9,4,15.85822124120531
9,5,12.568625039081176
9,6,9.743882297146483
9,7,6.600177571408301
9,8,3.8010801356421893
9,10,3.816458278352751
9,11,6.531972117232424
9,12,7.282219431183331
9,13,10.220963579796027
9,14,11.627563297755916
9,15,15.372202017747853
9,16,17.40284581247922
9,17,21.008873883054996
9,18,22.02823168124892
9,19,22.571060899992133
9,20,20.022073318572126
9,21,17.122478403708275
9,22,13.5807049774896
9,23,10.718941104310398
9,24,6.918404639023976
9,25,5.748841515053187
9,26,4.602296117550548
9,27,6.641946561649828
9,28,9.204604059439687
9,29,12.529855980964848
9,30,14.974154449260539
9,31,18.429196851943022
9,32,20.210018533376388
9,33,20.270567656675524
9,34,20.4916933339204
9,35,17.061544407017013
9,36,15.145351879579312
9,37,11.611185112112274
9,38,11.890465944210387
9,39,10.184742066355573
9,40,11.452562644840857
9,41,12.570115084418996
9,42,14.091039793087674
9,43,17.554420390039315
9,44,19.170223702618678
9,45,21.295308667677965
9,46,18.6032061832287
9,47,18.913533353273024
9,48,16.326148198553504
9,49,16.69107634949634
9,50,15.518108063931379
9,51,15.167255318919882
9,52,14.9483660149131
9,53,14.307816956140423
9,54,14.79849323636409
9,55,17.556782247871386
9,56,18.882517419369044
9,57,20.504213660542792
9,58,24.190356139024278
9,59,25.512055242800166
9,60,24.411894570796985
9,61,27.36350039382968
9,62,25.811944352111734
9,63,22.143258706146206
9,64,20.93088973238643
9,65,21.129007667412655
9,66,19.171487090608874
9,67,15.784777963749466
9,68,15.38258931637445
9,69,13.158575517805005
9,70,14.316659775738987
9,71,14.25867759045819
9,72,14.445441945719159
9,73,17.50795030162998
9,74,16.302141814675515
9,75,15.721083881210532
9,76,12.090770939466418
9,77,9.95655784495812
9,78,9.631976973731183
9,79,9.949090164820467
9,80,9.662400073396732
9,81,12.44455070013531
9,82,14.828900851797696
9,83,18.254399116939386
9,84,20.827519375483824
9,85,18.845640376434787
9,86,21.250513391937254
9,87,21.651925436464115
9,88,20.82915663048388
9,89,17.39837679792154
9,90,16.19686791733622
9,91,14.528093872621104
9,92,11.59067949404469
9,93,8.93972839522866
9,94,6.652430693287866
9,95,6.765144064881353
9,96,9.35251619356275
9,97,11.275509619417933
9,98,15.025747668343321
9,99,17.215019802997542
9,100,20.804387358172335
9,101,22.61337026495454
9,102,23.957335258016673
9,103,22.86695453402427
9,104,21.250851267783098
9,105,18.392312168422393
9,106,15.193506700012481
9,107,12.329340238361999
9,108,9.568136718918357
9,109,6.0753662846865435
9,110,6.362906836821452
9,111,7.155615603665648
9,112,7.015752581025655
9,113,10.314997254613173
9,114,12.290092376743114
9,115,15.937658975933504
9,116,18.33919993486903
9,117,21.636327261586842
9,118,25.062683692664933
10,1,27.95328683516444
10,2,25.257627375248305
10,3,22.624725525015993
10,4,18.932213967121537
10,5,15.595243387472818
10,6,13.195252650312812
10,7,10.02796789156726
10,8,6.6367942782430145
10,9,3.816458278352751
10,11,3.0093541329172355
10,12,5.180635470644612
10,13,7.844628095688014
10,14,8.990468859983189
10,15,12.79229236048022
10,16,14.929266132630639
10,17,18.676352386119238
10,18,20.224483341419838
10,19,20.868452261208102
10,20,18.02284033118437
10,21,15.456236067051183
10,22,11.839016147494668
10,23,9.233653105942448
10,24,5.834268746840943
10,25,5.401175676483311
10,26,6.705838020232078
10,27,8.54224374365767
10,28,11.869513108162312
10,29,14.950713996448552
10,30,17.767248434941028
10,31,21.283210063765022
10,32,23.121717324433455
10,33,23.027711318889732
10,34,23.59864597495108
10,35,20.293813672438347
10,36,18.296009866225212
10,37,14.73440540718589
10,38,14.933293004510357
10,39,12.69551566003316
10,40,13.963083894702313
10,41,14.332668054755553
10,42,15.859753544001608
10,43,18.962584279215662
10,44,20.307866846640255
10,45,22.942290162719917
10,46,20.68957930926915
10,47,21.19029970650393
10,48,18.883725103574072
10,49,18.992914596191294
10,50,18.000955868795966
10,51,17.02385134138459
10,52,16.93916842197226
10,53,16.73824369246719
10,54,17.099499807300013
10,55,19.873305593053345
10,56,20.995135661166522
10,57,22.940247142432938
10,58,26.520178583096524
10,59,27.996907046092144
10,60,26.54362698182644
10,61,29.352792559016176
10,62,27.473448955954982
10,63,23.73008732345086
10,64,21.957522524111937
10,65,21.843967045140786
10,66,19.377908880318987
10,67,16.444326068331723
10,68,16.102829462035896
10,69,14.278432128511982
10,70,15.010208823313054
10,71,15.264150094275006
10,72,14.734713771268312
10,73,17.91819695242641
10,74,16.69384652591523
10,75,16.972733685410244
10,76,13.620384334789172
10,77,10.868553342311454
10,78,10.689538209412714
10,79,10.068693624116712
10,80,10.171665567559456
10,81,12.03682789593364
10,82,14.355656169700278
10,83,17.45722073951413
10,84,19.698873673563668
10,85,17.763819072671343
10,86,20.357160656332635
10,87,20.640514403276946
10,88,20.475004397295653
10,89,17.130874249195543
10,90,15.595375347102527
10,91,14.544506804494096
10,92,12.241633677604124
10,93,10.24004752449989
10,94,9.232065828475502
10,95,10.066202582297763
10,96,13.034294267157229
10,97,14.933323087505434
10,98,18.685006255104586
10,99,20.775402222674746
10,100,24.332936515792763
10,101,26.049961431273708
10,102,27.412147691835106
10,103,26.5195964566007
10,104,24.985808704830237
10,105,22.18645912636489
10,106,19.006466593687392
10,107,16.118859392106863
10,108,13.282043233383247
10,109,9.692421250427751
10,110,8.95421837253407
10,111,8.910305699707045
10,112,7.1464843314217905
10,113,9.614544109591156
10,114,11.068594490356398
10,115,14.31138401845059
10,116,16.67510802216969
10,117,19.625491610154594
10,118,23.004437312308006
11,1,30.94425433345789
11,2,28.230184320305543
11,3,25.542331812786074
11,4,21.87846462798102
11,5,18.46504314876666
11,6,16.021734548349833
11,7,12.966709295302687
11,8,9.555582325728828
11,9,6.531972117232424
11,10,3.0093541329172355
11,12,3.8138313549271476
11,13,5.401777404320277
11,14,6.356374468924373
11,15,10.106451368616664
11,16,12.48227094936449
11,17,16.2653837841192
11,18,18.173389602121457
11,19,19.112195891887485
11,20,16.276602941864695
11,21,14.1943521166007
11,22,10.53116328848111
11,23,8.72182298202597
11,24,6.200278951616474
11,25,7.19729565849006
11,26,9.333033634589569
11,27,11.412116188100136
11,28,14.838517850459066
11,29,17.913361413133057
11,30,20.740605484954116
11,31,24.27826207038705
11,32,26.06391898251871
11,33,25.83703095767813
11,34,26.370931939393945
11,35,23.023410355311853
11,36,20.802580259474553
11,37,17.147324439143215
11,38,16.933765919593235
11,39,14.221377394015258
11,40,15.14061760596505
11,41,14.789059413019201
11,42,16.152385688208085
11,43,18.849512449282596
11,44,19.935673316903564
11,45,22.93097519329012
11,46,21.10878059951318
11,47,21.763501629398434
11,48,19.79318181729324
11,49,19.787260382743796
11,50,19.147349960090516
11,51,17.85257226465485
11,52,18.16626088137627
11,53,18.503547580844362
11,54,19.123762453801124
11,55,21.930381518975985
11,56,22.68283299971544
11,57,24.60781322670542
11,58,28.13327283239918
11,59,29.506794019926286
11,60,27.722202285835543
11,61,30.286099218717844
11,62,28.08794990669596
11,63,24.372725942951206
11,64,22.20851484380502
11,65,22.111406492642246
11,66,19.245222243881013
11,67,16.735194466870432
11,68,16.80392788342493
11,69,15.568951681717497
11,70,16.389905876038917
11,71,17.13312335500365
11,72,16.47744970309493
11,73,19.79212842234154
11,74,18.77526071234037
11,75,19.440257370539513
11,76,16.275475359523192
11,77,13.24841003233223
11,78,12.764462891838527
11,79,11.350378955221343
11,80,11.116342384372532
11,81,12.064140558576312
11,82,13.85556144998028
11,83,16.745859744878864
11,84,18.498887105361383
11,85,16.393632306850755
11,86,18.88034126422312
11,87,18.891807385046302
11,88,19.141050594670578
11,89,16.023744036856193
11,90,14.141070130593523
11,91,13.517110075953873
11,92,11.817062318625897
11,93,10.545768735622069
11,94,10.595686595956627
11,95,12.145476681188551
11,96,15.414990464410295
11,97,17.623653100932582
11,98,21.319833343507362
11,99,23.588429049485068
11,100,27.093642847571743
11,101,28.939438897623226
11,102,30.353923937978635
11,103,29.383387163033195
11,104,27.717577665904972
11,105,24.871753062086146
11,106,21.557450447874643
11,107,18.696133811168238
11,108,15.598695413588404
11,109,12.059514859641448
11,110,10.676793989756204
11,111,9.758553396416984
11,112,6.956078034271163
11,113,8.33927915444355
11,114,9.336617140043874
11,115,12.123732562720237
11,116,14.531027645463706
11,117,17.185466158225385
11,118,20.567989471424013
12,1,31.318568447516537
12,2,28.61603028620664
12,3,25.569877830960177
12,4,22.10111822976008
12,5,18.427314345033384
12,6,15.82238578575853
12,7,13.434933660626116
12,8,10.08406241715771
12,9,7.282219431183331
12,10,5.180635470644612
12,11,3.8138313549271476
12,13,3.820131708321454
12,14,6.882282699539151
12,15,10.370311792081305
12,16,13.511813138011881
12,17,17.13899907514247
12,18,19.05551431956205
12,19,20.62374256727356
12,20,18.269813159933168
12,21,16.553554122959476
12,22,12.781120793304185
12,23,11.584053325601568
12,24,8.955343439506343
12,25,10.164576849521064
12,26,11.293155875140084
12,27,13.374386403311066
12,28,16.298434646328964
12,29,19.311631482777806
12,30,22.087568697757387
12,31,25.430112612768337
12,32,27.42928438010288
12,33,27.535241633900444
12,34,27.72016995496737
12,35,24.211936894749826
12,36,22.010770806650264
12,37,18.29943886360154
12,38,17.636446764253773
12,39,14.85109556206407
12,40,14.84538514861113
12,41,13.992902654949019
12,42,14.464972962458662
12,43,16.898447345707527
12,44,17.383876555223555
12,45,20.45433643672231
12,46,18.68564428681939
12,47,19.91182991518513
12,48,18.464913263261355
12,49,19.086991925743863
12,50,19.119593141102435
12,51,18.39230762924059
12,52,19.330955405660397
12,53,19.87120183672636
12,54,20.988750242644578
12,55,23.85543876537399
12,56,24.48830854159084
12,57,25.93565225036194
12,58,29.59428738453219
12,59,30.547349291313726
12,60,28.778714650618348
12,61,31.156262760482015
12,62,28.876458395575586
12,63,25.290938554787306
12,64,23.286388274124292
12,65,23.779811708714544
12,66,20.901785627362912
12,67,18.322092250591382
12,68,18.974102468104427
12,69,17.918716795061957
12,70,19.275762012139808
12,71,20.04516115786374
12,72,19.741954574003273
12,73,23.035087358345287
12,74,21.85661581299397
12,75,22.10375496544262
12,76,18.657647241746346
12,77,16.019087528065203
12,78,15.52385087968046
12,79,14.363569181160369
12,80,13.458009211696634
12,81,14.505449759529343
12,82,15.677492853437704
12,83,18.851017888064813
12,84,20.24578909810682
12,85,17.57282010753192
12,86,19.421687102953435
12,87,18.752220392047718
12,88,18.607008750160304
12,89,15.889706720118246
12,90,13.34350949908039
12,91,11.948856644585549
12,92,9.890136632266065
12,93,9.596301167253012
12,94,9.937181859665918
12,95,12.363249416014842
12,96,15.432067054077933
12,97,18.086317268795714
12,98,21.692607036156858
12,99,24.195763967201856
12,100,27.76261703610722
12,101,29.699398065912757
12,102,30.931201546201965
12,103,29.54203206370756
12,104,27.796655105990578
12,105,24.628151994242764
12,106,21.192097007956455
12,107,18.106150105040452
12,108,14.739363561440603
12,109,11.277315067283135
12,110,8.828508068866956
12,111,7.459326649996855
12,112,4.722635683849602
12,113,6.349007017071017
12,114,8.672235168992023
12,115,11.365984028545057
12,116,14.514266219629844
12,117,17.060131569168902
12,118,20.715108757839623
13,1,34.714089752941064
13,2,32.13908873497743
13,3,29.129866945993236
13,4,25.624514846000505
13,5,22.01315004383768
13,6,19.197256258134743
13,7,16.65621693320562
13,8,13.494261782841221
13,9,10.220963579796027
13,10,7.844628095688014
13,11,5.401777404320277
13,12,3.820131708321454
13,14,3.7936748574454535
13,15,6.750192460617546
13,16,10.178652811068906
13,17,13.655169251459856
13,18,15.758358370676445
13,19,17.70207403904202
13,20,15.625623621362726
13,21,14.546792403963979
13,22,10.971319285561055
13,23,10.938566187883549
13,24,9.459203714368243
13,25,11.818531023200878
13,26,13.618808770559813
13,27,16.21362688194241
13,28,19.32077371605669
13,29,22.55197559958905
13,30,25.162819056586507
13,31,28.63791822644604
13,32,30.368259839337146
13,33,30.13433978247185
13,34,30.183714410116327
13,35,26.607214494215345
13,36,24.031087877780443
13,37,20.237653430465084
13,38,19.078416240618814
13,39,15.805854670313655
13,40,15.529514395662432
13,41,13.878627109234067
13,42,14.362955341719486
13,43,16.17464254096723
13,44,16.557064047992164
13,45,20.00101657786779
13,46,18.912909928485803
13,47,20.018171738263657
13,48,18.90367615670916
13,49,19.13265539636024
13,50,19.4896607402629
13,51,18.300047591192403
13,52,19.665826084969094
13,53,20.866681068333026
13,54,22.310096254828824
13,55,25.1826561971113
13,56,25.291519848749843
13,57,26.673697451724365
13,58,30.20500068537704
13,59,31.01146535222453
13,60,28.82820848736013
13,61,30.858753127876742
13,62,28.21497361906113
13,63,24.73221276789685
13,64,22.304391037409097
13,65,22.850887534316037
13,66,19.60934561071248
13,67,17.60125962991213
13,68,18.77605082306901
13,69,18.467114374108316
13,70,20.03542348439245
13,71,21.43619881155254
13,72,21.244289049049332
13,73,24.756865899351705
13,74,24.022489585748033
13,75,24.549534896547687
13,76,21.30990269085555
13,77,18.278020415945424
13,78,17.212736830128566
13,79,15.252660121469713
13,80,13.859552884510498
13,81,13.9061395844239
13,82,14.273588064818991
13,83,17.13603939679371
13,84,17.89277788598197
13,85,15.00488759954673
13,86,16.574099691789154
13,87,15.591971582777537
13,88,15.908285877602836
13,89,13.534724707598134
13,90,10.683585417670246
13,91,10.06230495111941
13,92,9.219883254299035
13,93,9.785432647353334
13,94,11.436149675832983
13,95,14.27665780534484
13,96,17.692270185633213
13,97,20.628532967249306
13,98,24.099348099555563
13,99,26.86084272907884
13,100,30.273750203164326
13,101,32.48149412999086
13,102,33.90819020088563
13,103,32.45374973792572
13,104,30.4286353769753
13,105,27.34872270661014
13,106,23.75461689181016
13,107,20.9547555064075
13,108,17.383528133441605
13,109,14.226986666624475
13,110,11.846605046879517
13,111,9.478671279036787
13,112,5.869244013243166
13,113,4.857343848193475
13,114,5.960439077359514
13,115,7.886175275766629
13,116,11.068510046367924
13,117,13.343635391788915
13,118,17.006163480668132
14,1,36.32886740441385
14,2,33.87887524333174
14,3,31.113682038917645
14,4,27.473251477116026
14,5,24.070616777319195
14,6,21.16587109710488
14,7,18.19248339023889
14,8,15.215287311116157
14,9,11.627563297755916
14,10,8.990468859983189
14,11,6.356374468924373
14,12,6.882282699539151
14,13,3.7936748574454535
14,15,3.8170525616936297
14,16,6.63225100332434
14,17,10.298902004778398
14,18,12.442877313142892
14,19,14.122897753913742
14,20,11.880581304171685
14,21,11.007848769003056
14,22,7.663369640150588
14,23,8.474266350157105
14,24,8.326607547726015
14,25,11.409895749385411
14,26,13.948226683486515
14,27,16.863048741585548
14,28,20.215373306790454
14,29,23.617452376634624
14,30,26.05404443359921
14,31,29.704634437224897
14,32,31.07333980427956
14,33,30.3865590947693
14,34,30.501309443926026
14,35,26.99532920172671
14,36,24.15517045470393
14,37,20.39797484436639
14,38,19.15892159648674
14,39,15.671147672764535
14,40,15.830055316520498
14,41,14.106235141357937
14,42,15.318163041349493
14,43,16.988168113518963
14,44,17.89432765490593
14,45,21.360354969402035
14,46,20.582014463176304
14,47,21.10152647688833
14,48,19.758707664631974
14,49,19.252693604468895
14,50,19.308398269570688
14,51,17.421876604274058
14,52,18.64805684743703
14,53,20.190073739889918
14,54,21.574510687042647
14,55,24.367337895863088
14,56,24.139290195378983
14,57,25.740448053722954
14,58,29.059725281267365
14,59,30.02357253536263
14,60,27.555699512786457
14,61,29.45863378669824
14,62,26.6424802161327
14,63,23.165851798754264
14,64,20.348903288962287
14,65,20.521144402845792
14,66,17.044536630360376
14,67,15.549075386816074
14,68,16.754836391807483
14,69,16.961503481386657
14,70,18.41027888535636
14,71,20.298057821529937
14,72,20.10834891430245
14,73,23.744766088188165
14,74,23.512162124946453
14,75,24.37953013138969
14,76,21.49580233010922
14,77,18.077763547468322
14,78,16.536779787521173
14,79,13.88098520658258
14,80,12.418832333294954
14,81,11.532335563076469
14,82,11.565017306715392
14,83,13.965979557806403
14,84,14.493346749807776
14,85,11.85491756470347
14,86,13.797006811628293
14,87,13.286679131654415
14,88,14.254772057272158
14,89,11.734194233573156
14,90,9.471180625872925
14,91,10.184952000497749
14,92,10.36872030228582
14,93,10.50232369189423
14,94,12.599979667826553
14,95,15.083673761189761
14,96,18.76773482251704
14,97,21.6030130790696
14,98,24.986655938972188
14,99,27.77839129351605
14,100,31.011098253441194
14,101,33.36282912178831
14,102,35.045535101872424
14,103,33.796163067913184
14,104,31.61589718417442
14,105,28.819674774303483
14,106,25.208435408840074
14,107,22.76138594583252
14,108,19.23882631540911
14,109,16.240048849726016
14,110,14.51161118097129
14,111,11.99743541159459
14,112,8.203130666960645
14,113,6.370465060379188
14,114,4.942831922649384
14,115,6.316051884791704
14,116,8.489032765217999
14,117,10.851158619534319
14,118,14.271806090009514
15,1,40.00091282935023
15,2,37.62224866781908
15,3,34.85309391490296
15,4,31.221232965786847
15,5,27.829659978647463
15,6,24.841675234510245
15,7,21.893736866504476
15,8,19.00558717157483
15,9,15.372202017747853
15,10,12.79229236048022
15,11,10.106451368616664
15,12,10.370311792081305
15,13,6.750192460617546
15,14,3.8170525616936297
15,16,3.8170596267166808
15,17,7.009624530927377
15,18,9.65046876683454
15,19,11.952402464851739
15,20,10.283419654405396
15,21,10.669226366481162
15,22,8.301258935593811
15,23,10.513545206739234
15,24,11.429261178315663
15,25,14.783158147615659
15,26,17.470406420724164
15,27,20.50499936100545
15,28,23.865950419997287
15,29,27.320450973110788
