1,2,3.8536611346129526
1,3,6.4930402848147555
1,4,8.841162133018862
1,5,12.464481284156374
1,6,15.248019859500669
1,7,17.941384531811362
1,8,17.581041694077452
1,9,21.370669167716215
1,10,23.1561728277131
1,11,27.00914875395055
1,12,29.016755177309314
1,13,32.750398519554494
1,14,33.79108266077062
1,15,34.3741808060806
1,16,31.63260883212912
1,17,28.4255781103606
1,18,25.344800040894352
1,19,22.377426818189544
1,20,18.705670479609605
1,21,15.947929625331493
1,22,12.75245290818509
1,23,10.310284962369087
1,24,7.452453290759356
1,25,7.8269608351963855
1,26,7.726528619890072
1,27,8.932742811470249
1,28,12.738654762090185
1,29,15.52213644580989
1,30,16.007658407990174
1,31,13.862472443921714
1,32,15.08747911239187
1,33,14.348343545105806
1,34,16.089741542462082
1,35,17.44404201380064
1,36,18.821177034620238
1,37,21.322286908329804
1,38,21.83141597964998
1,39,25.449256017436706
1,40,28.1983899207235
1,41,27.57838614793096
1,42,23.87145434190246
1,43,23.099319801560696
1,44,20.59885591066208
1,45,23.02058802176568
1,46,21.629282531551837
1,47,22.858168937472144
1,48,21.675819623550584
1,49,19.8451593751083
1,50,19.01324814373175
1,51,20.495567415571593
1,52,24.086971739988428
1,53,24.898224972982934
1,54,22.460924799506017
1,55,24.36230124473811
1,56,26.613966254019985
1,57,30.235212698822878
1,58,30.887572415331018
1,59,27.78677560337122
1,60,29.239345726176598
1,61,29.685915832288288
1,62,28.94341701043706
1,63,25.127586126978663
1,64,24.256345551198574
1,65,20.89379935920887
1,66,21.08982991498862
1,67,18.798352694114026
1,68,19.449801954364155
1,69,20.781317456828845
1,70,17.718876401576903
1,71,16.1358857964861
1,72,12.621385371920486
1,73,14.208349067642914
1,74,16.12454899280727
1,75,18.997079927646382
1,76,19.612009576466
1,77,23.241157717468198
1,78,25.785201583229988
1,79,29.044259573679838
1,80,31.88509891487772
1,81,30.151078393731442
1,82,32.56693629678124
1,83,32.90067334461307
1,84,31.787765762567332
1,85,28.364839532855033
1,86,27.663319797498872
1,87,24.89335066903042
1,88,21.213136925903537
1,89,18.681018111062443
1,90,14.995496921696924
1,91,13.18266937819043
1,92,11.70554678074569
1,93,9.951184115030939
1,94,11.531211056121666
1,95,11.364517734523023
1,96,15.0313817728427
1,97,15.576826857529866
1,98,16.07812174745494
1,99,14.08285896377646
1,100,13.806490448393099
1,101,10.736961755686087
1,102,10.63081907438428
1,103,7.910890849597589
1,104,9.807871926416007
1,105,9.56020687532194
1,106,11.799875891371093
1,107,15.38422557513109
1,108,17.448145806241726
1,109,21.29483505904589
1,110,23.79707426298515
1,111,27.399812988427268
1,112,30.037809196083163
1,113,33.23892418563404
1,114,36.95038270213666
1,115,38.409885624327984
1,116,41.55198523296202
2,1,3.8536611346129526
2,3,3.840265593370633
2,4,6.628465072046021
2,5,9.667688226801468
2,6,12.95341403389765
2,7,15.664831211945549
2,8,15.083948776058456
2,9,18.736445253161925
2,10,20.441700928461685
2,11,24.255575058213783
2,12,26.194435763349418
2,13,29.850710603371372
2,14,30.64800537485426
2,15,31.320904034806514
2,16,28.801835911152896
2,17,25.591039706703064
2,18,22.407025867794854
2,19,19.69824058243626
2,20,15.989203264715234
2,21,13.697443251608469
2,22,10.304449660167583
2,23,8.929039812481507
2,24,6.974680064031602
2,25,9.022941555612574
2,26,10.068930966995772
2,27,10.134602804233335
2,28,13.725665527370264
2,29,15.960330282816534
2,30,15.811687931056447
2,31,12.916799806062329
2,32,13.156850214251394
2,33,11.751770742156438
2,34,12.8559074837802
2,35,13.92673613964187
2,36,15.04191727408533
2,37,17.49784620675672
2,38,18.00873704869644
2,39,21.622503020579092
2,40,24.438887935225356
2,41,23.90437189530123
2,42,20.227694915753446
2,43,19.394860530811986
2,44,16.81272350914337
2,45,19.23019201849488
2,46,17.987620930078908
2,47,19.28286986365548
2,48,18.41426756047576
2,49,16.92515745372395
2,50,16.634254833206867
2,51,18.517092990241537
2,52,21.854074166763365
2,53,22.82852045519691
2,54,20.076185642739368
2,55,21.579876387756013
2,56,23.58937030530342
2,57,27.257635554741324
2,58,27.632778697608902
2,59,24.53417107292845
2,60,25.897698489842156
2,61,26.58303907263754
2,62,25.723432491786333
2,63,21.90509205871985
2,64,21.422688228115252
2,65,18.307868471876404
2,66,19.087310443330825
2,67,17.375920915741528
2,68,18.47913342011312
2,69,20.459406395283636
2,70,17.921359796914555
2,71,15.955381051188988
2,72,12.416869341471141
2,73,13.196176042168526
2,74,14.285757077943506
2,75,16.769437337353413
2,76,16.77249597436211
2,77,20.340388654800627
2,78,22.582156902102525
2,79,25.994102707191814
2,80,28.76983897368152
2,81,26.87644692271557
2,82,29.129044750734845
2,83,29.429186287624564
2,84,28.140164722166116
2,85,24.76664014110895
2,86,24.152777868991787
2,87,21.29732481060005
2,88,17.595105768878053
2,89,14.996161388040617
2,90,11.265037087517085
2,91,9.567938189505997
2,92,8.222272251820911
2,93,7.371637566446899
2,94,9.702831815353045
2,95,10.827821629806285
2,96,14.570671559184083
2,97,16.053077567323857
2,98,17.100804367569314
2,99,14.781923289256826
2,100,13.470349047931691
2,101,9.968744802435385
2,102,8.508246117333135
2,103,5.041126710859985
2,104,6.053687027576042
2,105,5.8831428934201675
2,106,8.594448026410273
2,107,11.95247543565681
2,108,14.252585269645257
2,109,18.073533079468447
2,110,20.552353317631834
2,111,24.229855014576874
2,112,26.828132345292204
2,113,30.14942758951443
2,114,33.81682472061481
2,115,35.42759050170214
2,116,38.668718467733186
3,1,6.4930402848147555
3,2,3.840265593370633
3,4,3.8523350759162365
3,5,6.619990200355338
3,6,9.935984150855468
3,7,12.829388148536479
3,8,13.003203979773225
3,9,16.49522893929579
3,10,17.65592421488729
3,11,21.47550741010822
3,12,23.10408978281582
3,13,26.744263249335695
3,14,27.563999099762455
3,15,27.999055048734622
3,16,25.345252233088143
3,17,22.05910890346236
3,18,19.02182994926966
3,19,16.09854549940501
3,20,12.466021080274883
3,21,9.939752202841527
3,22,6.503216231659724
3,23,5.322377340406025
3,24,4.546512249417583
3,25,7.903313760867488
3,26,10.343933357305493
3,27,10.2859188632322
3,28,13.66214335414618
3,29,15.031061870228122
3,30,15.165117877714243
3,31,11.950912710990092
3,32,11.768373623753751
3,33,9.611169976803051
3,34,10.92320615160751
3,35,11.522557055428257
3,36,13.26612269988791
3,37,15.75831958200164
3,38,16.98440206130896
3,39,20.69619177558712
3,40,23.72963793634902
3,41,23.745180321588094
3,42,20.17480643129048
3,43,19.258127408873946
3,44,16.224627523580928
3,45,18.031213062621475
3,46,16.423746651790058
3,47,17.016211000028477
3,48,15.948295244220906
3,49,14.724848620876116
3,50,14.133850027908677
3,51,16.115118367921397
3,52,19.386668283870723
3,53,20.900644552062825
3,54,18.41197173099485
3,55,19.55317359891973
3,56,21.86606341736881
3,57,25.348664784602704
3,58,25.563010372798633
3,59,22.198271529970658
3,60,23.23626543071208
3,61,23.547752894029575
3,62,22.567467073156376
3,63,18.798917714662633
3,64,18.026899246902833
3,65,14.884037358417403
3,66,15.506102328563749
3,67,13.951920486664505
3,68,14.953905998369335
3,69,17.24419254751629
3,70,15.035804317103423
3,71,13.135942969752836
3,72,9.566936467716596
3,73,9.651844737011487
3,74,10.56226231837647
3,75,12.961972478419188
3,76,13.197420400832042
3,77,16.791181288378905
3,78,19.29413515126237
3,79,22.563782481822436
3,80,25.409827501011634
3,81,23.74578540842107
3,82,26.27324544054073
3,83,26.866420432558336
3,84,25.846093333122422
3,85,22.270993345629616
3,86,21.887991846874474
3,87,19.44432909885677
3,88,15.988091210648445
3,89,12.978868419533761
3,90,9.340775080531483
3,91,7.255205525553735
3,92,7.083785718730419
3,93,6.355936736260257
3,94,9.746460512811883
3,95,11.322268649033276
3,96,15.102778582756747
3,97,16.972472816793474
3,98,18.481864804559052
3,99,16.699227883336388
3,100,15.06453700178931
3,101,11.940961178191365
3,102,10.006168133193128
3,103,6.90975530206259
3,104,6.515028500767684
3,105,5.033642126518656
3,106,8.25565165936631
3,107,10.88443017511721
3,108,12.341816097135474
3,109,16.098406202682654
3,110,18.06713785851126
3,111,21.802658250611888
3,112,24.102949490098315
3,113,27.45929526092326
3,114,31.066989625235866
3,115,32.41311348444197
3,116,35.70583267885069
4,1,8.841162133018862
4,2,6.628465072046021
4,3,3.8523350759162365
4,5,3.8467313266530083
4,6,6.461973408622997
4,7,9.265437966303836
4,8,9.526279149510097
4,9,13.1149528286308
4,10,14.439621848042915
4,11,18.29775955464846
4,12,20.20283616518521
4,13,23.955346845002303
4,14,25.17397442424435
4,15,25.85627203293272
4,16,23.02724364511372
4,17,20.03566693054186
4,18,16.79476533833531
4,19,13.976707623847636
4,20,10.197421461508972
4,21,7.938147192792745
4,22,5.699632083716302
4,23,5.096356871591893
4,24,6.53633147416088
4,25,10.008338602861803
4,26,12.929576016319839
4,27,13.56393123644093
4,28,16.967673200015692
4,29,18.024324294564398
4,30,18.50484146584548
4,31,15.270750011849422
4,32,14.775973178250883
4,33,11.997348567482847
4,34,12.758906923404215
4,35,12.193400803707744
4,36,13.62740793512868
4,37,15.350299308728719
4,38,16.56625274129855
4,39,20.413755690020835
4,40,23.161473483567512
4,41,23.700146079885773
4,42,20.076255011198413
4,43,19.776466315588024
4,44,16.922102333713536
4,45,18.639079353546943
4,46,17.43506375474703
4,47,17.464437915724787
4,48,16.89068409479007
4,49,16.45205774499365
4,50,15.986122108822688
4,51,18.134570363587983
4,52,21.13332744036013
4,53,23.171698071415392
4,54,20.800627571043716
4,55,21.36807931704084
4,56,23.62114363540782
4,57,26.938004899095198
4,58,26.67507286904771
4,59,23.112841379171055
4,60,23.52555101502518
4,61,23.610563018130353
4,62,22.045194857042436
4,63,18.51819777929419
4,64,17.81236562129441
4,65,15.071154678508842
4,66,15.59858281652168
4,67,14.490319515197202
4,68,14.785502793873878
4,69,17.336180749148305
4,70,15.277962424116591
4,71,14.169541599546069
4,72,10.514809062762573
4,73,9.376706427902612
4,74,10.413294306864692
4,75,11.954788603525806
4,76,12.351808359724979
4,77,15.510602278407472
4,78,17.980448878021253
4,79,21.263558164825685
4,80,23.7354074884978
4,81,21.886409905482136
4,82,24.418882182768293
4,83,24.768503082119395
4,84,24.187747849020298
4,85,20.6448181782716
4,86,19.814450270095943
4,87,17.621571785015306
4,88,14.368027030238013
4,89,11.760357460990452
4,90,8.755656224706385
4,91,7.99996110373681
4,92,9.448942073624641
4,93,9.715915988150092
4,94,13.367489702010399
4,95,15.112432770675756
4,96,18.86634773645027
4,97,20.746012300161087
4,98,22.240795012056733
4,99,20.508817607084957
4,100,18.89971129233483
4,101,15.69255413879535
4,102,13.493091518986045
4,103,10.1121441850447
4,104,8.527541866802748
4,105,5.304158068886587
4,106,6.982379120856135
4,107,9.258684796469847
4,108,9.786534749029762
4,109,13.492768006800278
4,110,15.502351278508588
4,111,19.05864457178605
4,112,21.525909502396022
4,113,24.649829383708663
4,114,28.34457862997269
4,115,29.645279008369492
4,116,32.76526987969046
5,1,12.464481284156374
5,2,9.667688226801468
5,3,6.619990200355338
5,4,3.8467313266530083
5,6,3.8309691847193093
5,7,6.539528306305295
5,8,7.09186925178931
5,9,10.174093677100808
5,10,11.03812892740805
5,11,14.856803611730541
5,12,16.600253486087755
5,13,20.300322048928923
5,14,21.380715803603856
5,15,22.138130645424365
5,16,19.44174985248668
5,17,16.517259103155215
5,18,13.128312349119746
5,19,10.619618937682963
5,20,6.779408256188702
5,21,5.662947660747115
5,22,4.5677599288556685
5,23,6.49858480500248
5,24,9.213231039782888
5,25,12.974591855409424
5,26,16.207922912256354
5,27,16.345339400149054
5,28,19.387465963941576
5,29,19.877785913599006
5,30,20.047881740711478
5,31,16.529990310108577
5,32,15.200714055202404
5,33,11.776307847262197
5,34,11.671224026115736
5,35,10.017333011781293
5,36,11.221328496141766
5,37,12.41881323323472
5,38,14.00830911784668
5,39,17.78856570779806
5,40,20.530335677270962
5,41,21.566612479245016
5,42,18.15879565888213
5,43,17.980401734497114
5,44,15.069645786231106
5,45,16.322431720162683
5,46,15.314141193737404
5,47,14.810535056303515
5,48,14.723934744303499
5,49,15.108923536698393
5,50,15.125886126578884
5,51,17.55910000161109
5,52,20.033621800977553
5,53,22.457809377337266
5,54,20.07157036923328
5,55,19.94264603831617
5,56,21.974462990602838
5,57,25.095125601320404
5,58,24.371254173379356
5,59,20.73333245933707
5,60,20.676461178700258
5,61,20.762653913873155
5,62,18.82088856288841
5,63,15.479987149681454
5,64,15.144012712560098
5,65,12.995876773767886
5,66,14.06484704142726
5,67,13.916851601655313
5,68,14.397763341650977
5,69,17.542775637565075
5,70,16.268955040897065
5,71,15.137106273917574
5,72,11.981946139058914
5,73,9.708600567047954
5,74,9.487152911265225
5,75,9.829730289737661
5,76,9.50427786870373
5,77,12.255241086656435
5,78,14.421038178212848
5,79,17.808920210997247
5,80,20.088898817198885
5,81,18.092191480761496
5,82,20.581900843581703
5,83,20.958227860321905
5,84,20.471663426247574
5,85,16.89410764320007
5,86,16.12746077219298
5,87,14.197618990439281
5,88,11.248094892394592
5,89,8.563200716950671
5,90,6.313863654258515
5,91,6.5642486650704
5,92,9.431347142713452
5,93,10.796585058131372
5,94,14.643610239745662
5,95,17.043784882091703
5,96,20.55607691058329
5,97,22.92863543930973
5,98,24.732790717207763
5,99,22.98860068726527
5,100,20.88657357600452
5,101,17.75307962544468
5,102,14.963924927477233
5,103,11.866318969371205
5,104,9.236417637440294
5,105,5.8379943845622035
5,106,6.74808650723498
5,107,7.279453817165948
5,108,6.766685914890276
5,109,10.209330375222196
5,110,11.815855704133199
5,111,15.444118085637662
5,112,17.75887302036975
5,113,20.976918097674822
5,114,24.62857641421623
5,115,25.96206196601309
5,116,29.16917349784375
6,1,15.248019859500669
6,2,12.95341403389765
6,3,9.935984150855468
6,4,6.461973408622997
6,5,3.8309691847193093
6,7,2.9727786985242064
6,8,5.1093055056888845
6,9,7.741672329010132
6,10,8.302497946173661
6,11,12.115363456001957
6,12,14.024609173497913
6,13,17.83541430741129
6,14,19.48374148468036
6,15,20.358289034759107
6,16,17.35844591499605
6,17,14.856982935468395
6,18,11.47820589686053
6,19,9.08840782934756
6,20,5.640515135290201
6,21,5.301729915357266
6,22,6.693132229231823
6,23,8.332496163181812
6,24,11.653397252268357
6,25,15.122955295247966
6,26,18.578070128493632
6,27,19.18743499308585
6,28,22.209739868236085
6,29,22.446142051329588
6,30,23.01934889163947
6,31,19.65565331857344
6,32,18.40900558686811
6,33,14.916398497344685
6,34,14.822690779189822
6,35,12.64055988490828
6,36,13.733770841620782
6,37,14.171179499291073
6,38,15.833448056697707
6,39,19.45691023024397
6,40,21.852149336316405
6,41,23.426555050160335
6,42,20.170386407302317
6,43,20.453269131088184
6,44,17.76065343530575
6,45,18.69436994650776
6,46,17.892381499427074
6,47,16.755183351183607
6,48,16.88427864789095
6,49,17.750822568360146
6,50,17.57680972778678
6,51,19.882194404472916
6,52,22.11749270348098
6,53,24.9341160637753
6,54,22.868781715374848
6,55,22.39165612757129
6,56,24.472884276239732
6,57,27.29923606541876
6,58,26.270451668826652
6,59,22.531444725824016
6,60,21.862769186002236
6,61,21.509876977344803
6,62,19.091541312277858
6,63,16.242763962734692
6,64,15.7352085237244
6,65,14.089632711183844
6,66,14.706422040681444
6,67,14.873549567083561
6,68,14.513408277718867
6,69,17.628316923129667
6,70,16.599448965998832
6,71,16.283657428866867
6,72,13.376430323849089
6,73,10.421032036492935
6,74,10.434092239011653
6,75,9.786902595483594
6,76,10.021687439765346
6,77,11.865986324837431
6,78,14.04452811635179
6,79,17.103776217008463
6,80,18.913822505636546
6,81,16.953764905414065
6,82,19.55964495076271
6,83,19.813550756393546
6,84,20.03134282791152
6,85,16.551961793111634
6,86,15.40819963924042
6,87,14.177537074380268
6,88,11.93867054553554
6,89,10.002183265412237
6,90,9.071381001068522
6,91,9.996497400310135
6,92,13.162241422059301
6,93,14.430614414346701
6,94,18.28830250293364
6,95,20.52030130430194
6,96,24.043127995035334
6,97,26.29337011705435
6,98,28.077067171702627
6,99,26.519315565953264
6,100,24.5655463009233
6,101,21.479501942575734
6,102,18.781489836509838
6,103,15.628732508288838
6,104,12.9753690485328
6,105,9.400148451883737
6,106,9.219291911420612
6,107,9.040286603785775
6,108,6.869425007954334
6,109,9.433027285266789
6,110,10.527650864534754
6,111,13.69321959646008
6,112,15.958894901197755
6,113,18.78991534291881
6,114,22.46929451171508
6,115,23.541462088299827
6,116,26.5267645447729
7,1,17.941384531811362
7,2,15.664831211945549
7,3,12.829388148536479
7,4,9.265437966303836
7,5,6.539528306305295
7,6,2.9727786985242064
7,8,3.8801025148050057
7,9,5.339413630808283
7,10,5.785283627536935
7,11,9.503557248168166
7,12,11.759760172298101
7,13,15.597150658938489
7,14,17.614986300270154
7,15,18.815449067930057
7,16,15.820329903993427
7,17,13.86400460083825
7,18,10.432922427970238
7,19,8.797219329566493
7,20,6.208929887877851
7,21,7.232246766868876
7,22,9.408134883811117
7,23,11.199612844953107
7,24,14.585521850588774
7,25,17.97550575085528
7,26,21.437319907502395
7,27,22.146058595747842
7,28,25.155452927858647
7,29,25.29800901641495
7,30,25.8814525499305
7,31,22.497097790565423
7,32,21.078219114918006
7,33,17.472002273809913
7,34,17.033619347218885
7,35,14.401328548664218
7,36,15.058130381433317
7,37,14.777173946319104
7,38,16.283176303299417
7,39,19.68954373330966
7,40,21.70794635002515
7,41,23.675395564020864
7,42,20.600112470028527
7,43,21.302822693132
7,44,18.9148716519678
7,45,19.692227214735407
7,46,19.271877481313822
7,47,17.852518164779507
7,48,18.417014613262033
7,49,19.760642701123537
7,50,19.79711944972707
7,51,22.134858403588773
7,52,24.070149762907608
7,53,27.064277585799186
7,54,25.049585451434286
7,55,24.21781924867626
7,56,26.104555726667627
7,57,28.74417798003753
7,58,27.370269718368366
7,59,23.668749941784384
7,60,22.549775668519526
7,61,22.12305111397613
7,62,19.300278876767905
7,63,16.904757554497852
7,64,16.661963816740975
7,65,15.621586388029966
7,66,16.304818186951735
7,67,16.915126549394813
7,68,16.29932377901803
7,69,19.43692742869954
7,70,18.692408216917467
7,71,18.696902953381517
7,72,16.001781994677692
7,73,12.800608371511156
7,74,12.606437518180117
7,75,11.198419728780706
7,76,11.227421767546272
7,77,12.162183298228694
7,78,13.855592889439311
7,79,16.728364552566113
7,80,17.963397589722064
7,81,15.808517905610653
7,82,18.22277863528907
7,83,18.171157965088987
7,84,18.840231911902418
7,85,15.609357376517153
7,86,14.040042484033618
7,87,13.28566485052405
7,88,11.679642674120034
7,89,10.564341368271197
7,90,10.649632677540604
7,91,12.265906494298674
7,92,15.664063828729946
7,93,17.233929133637556
7,94,21.088967010507265
7,95,23.438083684473803
7,96,26.92555075142995
7,97,29.241275079599934
7,98,31.039295858629664
7,99,29.433031535205295
7,100,27.41614710040575
7,101,24.275758010166086
7,102,21.445285922178954
7,103,18.25910771455797
7,104,15.349821855634517
7,105,11.743226322826864
7,106,10.797391921201843
7,107,9.879423331970655
7,108,6.773117051811958
7,109,8.219286008919157
7,110,8.95555641691202
7,111,11.592159203049153
7,112,13.938914786292855
7,113,16.429024654870773
7,114,20.137466192297783
7,115,21.204268707416578
7,116,24.007464473500594
8,1,17.581041694077452
8,2,15.083948776058456
8,3,13.003203979773225
8,4,9.526279149510097
8,5,7.09186925178931
8,6,5.1093055056888845
8,7,3.8801025148050057
8,9,3.8473443757420456
8,10,6.644861328065131
8,11,10.152043996753946
8,12,13.175918893745356
8,13,16.888971829502637
8,14,18.742516553869457
8,15,20.5498769335124
8,16,18.033492591459016
8,17,16.325470701042736
8,18,12.600370815037715
8,19,11.687440171203177
8,20,8.893797035236496
8,21,10.095794159889879
8,22,11.187847027447308
8,23,12.94655945777502
8,24,15.767490714771828
8,25,19.25446149266297
8,26,22.354020265141223
8,27,23.03583063485908
8,28,26.286694216836384
8,29,26.889131171723307
8,30,27.136767956672383
8,31,23.59233665277344
8,32,22.044097588094946
8,33,18.445801096662404
8,34,17.512406650592307
8,35,14.850946102686631
8,36,14.610959422563505
8,37,13.872434846555679
8,38,14.473479000534294
8,39,17.91319303079786
8,40,19.524975589473478
8,41,21.30696344339274
8,42,18.083980494073202
8,43,19.31194248646254
8,44,17.45634672550992
8,45,18.82540329046613
8,46,19.07307453552714
8,47,18.270909527373725
8,48,19.386313678160413
8,49,20.796764594322802
8,50,21.376244067840027
8,51,23.937393513319787
8,52,25.902868680447593
8,53,28.599395059881985
8,54,26.148990529840344
8,55,25.344723928347012
8,56,26.824305897768667
8,57,29.68912185097617
8,58,28.174733258666286
8,59,24.662972236752992
8,60,23.71417044343312
8,61,23.883787766220205
8,62,21.008144205588227
8,63,18.516718101300146
8,64,18.92403293180589
8,65,17.944818622206338
8,66,19.167675766504196
8,67,19.744608397545804
8,68,19.5430014605578
8,69,22.70653754342443
8,70,21.65881999275325
8,71,21.32846114403976
8,72,18.27655678228543
8,73,15.499899374356394
8,74,15.292072555132636
8,75,14.211631302905204
8,76,13.52447816737863
8,77,14.58153592629753
8,78,15.615142234368957
8,79,18.864351231028806
8,80,19.851431029501764
8,81,17.107309158956934
8,82,18.857073686759165
8,83,18.105721841499843
8,84,18.372057913384005
8,85,15.499380373334063
8,86,13.255744747985
8,87,11.727832489688524
8,88,9.711814966576389
8,89,9.513503285161852
8,90,9.785840095468533
8,91,12.280886175339043
8,92,15.467958518642444
8,93,17.542161030284507
8,94,21.306245026812647
8,95,23.859407644499324
8,96,27.390251028712093
8,97,29.760742973106076
8,98,31.415556212810877
8,99,29.377162580140133
8,100,27.28112809358527
8,101,23.85368468624891
8,102,20.84251251062707
8,103,17.446854586913684
8,104,14.24747447981829
8,105,10.637709529142896
8,106,8.522136265519245
8,107,7.342898054288313
8,108,4.424694870941282
8,109,6.132023611269402
8,110,8.430992500418856
8,111,11.01906327101739
8,112,14.176060294239548
8,113,16.607423112538306
8,114,20.447517488025387
8,115,22.148720199471864
8,116,24.841565512243015
9,1,21.370669167716215
9,2,18.736445253161925
9,3,16.49522893929579
9,4,13.1149528286308
9,5,10.174093677100808
9,6,7.741672329010132
9,7,5.339413630808283
9,8,3.8473443757420456
9,10,3.8462395657004387
9,11,6.639763193606456
9,12,10.058303160333756
9,13,13.58830859215412
9,14,15.643243006390648
9,15,17.85796087718463
9,16,15.604523190766786
9,17,14.592185105084807
9,18,11.005653479604316
9,19,11.227316625075039
9,20,9.569603687466524
9,21,11.888521641264596
9,22,13.73429897187512
9,23,15.986436939918821
9,24,19.113813785068885
9,25,22.663754751097954
9,26,25.91862024735296
9,27,26.451476207183397
9,28,29.53975343075121
9,29,29.845239207969016
9,30,30.003374886271306
9,31,26.398043425760118
9,32,24.514091255060592
9,33,20.756978292840685
9,34,19.424225398042015
9,35,16.254057168543067
9,36,15.66051898393762
9,37,14.105494650605472
9,38,14.736636257449058
9,39,17.663567759743724
9,40,18.837798171613418
9,41,21.220525441808284
9,42,18.466181053338374
9,43,20.010544173651947
9,44,18.456758528893893
9,45,19.33158019068478
9,46,19.9273405706405
9,47,18.665439567190422
9,48,20.246716987319108
9,49,22.255776781502657
9,50,23.091762908456875
9,51,25.68006007283702
9,52,27.185593129781562
9,53,30.10536213093851
9,54,27.770277028971876
9,55,26.460502140949252
9,56,27.68214868818945
9,57,30.22774924532487
9,58,28.282165542865847
9,59,24.87329897353291
9,60,23.367930434788512
9,61,23.467478925714676
9,62,20.188696749817108
9,63,18.317329983927603
9,64,19.08802271531185
9,65,18.869018028651414
9,66,20.27279001383024
9,67,21.463170442951096
9,68,21.20353612785701
9,69,24.519167857999026
9,70,23.96618197636425
9,71,23.771637722530613
9,72,21.06499232292952
9,73,17.899965552459822
9,74,17.1906035031123
9,75,15.300313060868726
9,76,14.261325242686025
9,77,14.293531989497557
9,78,14.596145209401854
9,79,17.538454822539503
9,80,17.811426388414773
9,81,14.845893858977213
9,82,16.223280422971
9,83,15.109380096933556
9,84,15.912255600349358
9,85,13.438474921340767
9,86,10.768083128706243
9,87,10.120971865243133
9,88,9.397484927447936
9,89,10.177512937250146
9,90,11.742717378836875
9,91,14.619745818051847
9,92,18.11129295356189
9,93,20.48946701379667
9,94,24.234415189203414
9,95,27.00658377921532
9,96,30.397071855699327
9,97,32.97181695071662
9,98,34.76973751130581
9,99,32.75709748225535
9,100,30.457039006322645
9,101,27.101759228579226
9,102,23.893458136439364
9,103,20.69482311149706
9,104,17.258039488168823
9,105,13.896511428282643
9,106,11.69970728131864
9,107,9.51001728651578
9,108,5.879498442356031
9,109,4.841127474897934
9,110,6.039824499974491
9,111,7.658323070544011
9,112,10.894779710276975
9,113,12.95644457060929
9,114,16.795199870293967
9,115,18.588159358264853
9,116,21.15260679333383
10,1,23.1561728277131
10,2,20.441700928461685
10,3,17.65592421488729
10,4,14.439621848042915
10,5,11.03812892740805
10,6,8.302497946173661
10,7,5.785283627536935
10,8,6.644861328065131
10,9,3.8462395657004387
10,11,3.859499133073891
10,12,6.536092806518169
10,13,10.27569789570992
10,14,12.386970919840426
10,15,14.265289804007647
10,16,11.805980842379665
10,17,10.90202184759137
10,18,7.524024610683003
10,19,8.290246219169614
10,20,7.851714113982385
10,21,10.899048925824767
10,22,13.52235055192262
10,23,16.19046866556746
10,24,19.704133080542245
10,25,23.264207829405002
10,26,26.79446192308788
10,27,27.090692083788074
10,28,29.85552901814415
10,29,29.659387462982536
10,30,29.861347995347003
10,31,26.31782270301386
10,32,24.24665294101458
10,33,20.4268773785136
10,34,19.11887740155974
10,35,15.709222097256806
10,36,15.546830032416354
10,37,13.991456318525024
10,38,15.453893716735788
10,39,18.088651745360615
10,40,19.527357426675877
10,41,22.26960548637057
10,42,19.879265991691277
10,43,20.988279789852726
10,44,19.095616961772333
10,45,19.206272898323274
10,46,19.434723042122034
10,47,17.47371404955222
10,48,18.931299239486567
10,49,21.254573504148784
10,50,21.954910726627013
10,51,24.408656176231204
10,52,25.54384037324691
10,53,28.746170596445737
10,54,26.766451327075753
10,55,25.11990775530459
10,56,26.4358067482511
10,57,28.619648653895453
10,58,26.542180548520047
10,59,23.08585415584217
10,60,21.163783759332443
10,61,20.833607730169973
10,62,17.385427937563293
10,63,15.963207642159077
10,64,16.59330954534399
10,65,16.8928632869131
10,66,18.203521220270492
10,67,19.892560934293588
10,68,19.564572950053343
10,69,22.986208734604006
10,70,23.02139034741291
10,71,22.91667375113209
10,72,20.724571862038786
10,73,17.183410193288793
10,74,15.9664924057248
10,75,13.37495289473999
10,76,12.327312480564924
10,77,11.528333004010339
10,78,11.695368404563203
10,79,14.212757332654295
10,80,14.299162431040672
10,81,11.623826920913652
10,82,13.445581589009988
10,83,12.943542126442585
10,84,14.273671194656641
10,85,11.578429725324105
10,86,9.59176252979509
10,87,10.149581643215095
10,88,10.303878238235683
10,89,10.543889636272034
10,90,12.529382468672287
10,91,14.993390732052049
10,92,18.74513587154544
10,93,21.020796769904972
10,94,24.757450022747623
10,95,27.57643246982448
10,96,30.790244695840762
10,97,33.50602574804949
10,98,35.52001307862792
10,99,33.80065824566186
10,100,31.36764655104154
10,101,28.279367772469715
10,102,25.042313396252293
10,103,22.156655864828373
10,104,18.75008569281689
10,105,15.571706034809914
10,106,14.128163074606386
10,107,11.689359953266809
10,108,7.843990458231374
10,109,6.284440955638005
10,110,4.882535147390295
10,111,6.238146193679553
10,112,8.376218598804241
10,113,10.648360463523721
10,114,14.381087106876988
10,115,15.67764004163343
10,116,18.50899371596813
11,1,27.00914875395055
11,2,24.255575058213783
11,3,21.47550741010822
11,4,18.29775955464846
11,5,14.856803611730541
11,6,12.115363456001957
11,7,9.503557248168166
11,8,10.152043996753946
11,9,6.639763193606456
11,10,3.859499133073891
11,12,3.858860668639869
11,13,7.068146014613325
11,14,9.689734126445149
11,15,12.136034747700887
11,16,10.166658714156252
11,17,10.563728287924732
11,18,8.078356962514503
11,19,10.18879470142452
11,20,10.943123794951457
11,21,14.252868837595226
11,22,17.10058505377609
11,23,19.87338938587293
11,24,23.458924940727705
11,25,26.99607220620483
11,26,30.57689511140014
11,27,30.821269242758742
11,28,33.48019800448325
11,29,33.098963237209965
11,30,33.25296817721418
11,31,29.716780045126505
11,32,27.462176943987394
11,33,23.627519841312086
11,34,22.084238608840245
11,35,18.474307663239234
11,36,18.036102479015756
11,37,15.939089424106005
11,38,17.28644550237815
11,39,19.29845111221458
11,40,20.234938249633817
11,41,23.40877113605739
11,42,21.519609675608336
11,43,22.868161888449702
11,44,21.318550304869646
11,45,21.04240709551148
11,46,21.56642846366859
11,47,19.310679641624116
11,48,21.096038572563366
11,49,23.814805592517963
11,50,24.68719109882649
11,51,27.083904365756705
11,52,27.806884644911165
11,53,31.128930229931125
11,54,29.296526535874563
11,55,27.26746485708888
11,56,28.322857062014506
11,57,30.14852325523642
11,58,27.709704722856547
11,59,24.46463207962061
11,60,22.040089641540774
11,61,21.609337193398396
11,62,17.88336456609328
11,63,17.274391579805595
11,64,18.197378230565313
11,65,19.19051321051364
11,66,20.548015465406685
11,67,22.648243736956623
11,68,22.241229898812005
11,69,25.63447185586797
11,70,26.034721487086394
11,71,26.077832513180848
11,72,24.15980944580515
11,73,20.48701352117451
11,74,19.04078208559572
11,75,16.0288619289851
11,76,14.835716311569247
11,77,13.122944570894179
11,78,12.445306495441278
11,79,14.230724496875219
11,80,13.270559995415713
11,81,10.557101447821092
11,82,11.750655819473087
11,83,10.836818946457335
11,84,13.063911008390441
11,85,11.171100870644302
11,86,9.020311851080734
11,87,10.841951089696378
11,88,12.229267269647616
11,89,13.175800508653342
11,90,15.753486216145365
11,91,18.357135156053197
11,92,22.146207516587143
11,93,24.568207052177613
11,94,28.238005318400788
11,95,31.161307924737265
11,96,34.26285175060928
11,97,37.08743935390308
11,98,39.17618838842296
11,99,37.47049408928657
11,100,34.92565802065129
11,101,31.88560131077621
11,102,28.551351258973515
11,103,25.779954162389558
11,104,22.271890715940046
11,105,19.239538995228113
11,106,17.63518169394446
11,107,14.867389993739904
11,108,11.096986583193472
11,109,8.494602059847098
11,110,6.013771659012932
11,111,4.758659252737951
11,112,5.900715933787375
11,113,7.168555072180431
11,114,10.822421875440115
11,115,12.083119035924598
11,116,14.73139809339062
12,1,29.016755177309314
12,2,26.194435763349418
12,3,23.10408978281582
12,4,20.20283616518521
12,5,16.600253486087755
12,6,14.024609173497913
12,7,11.759760172298101
12,8,13.175918893745356
12,9,10.058303160333756
12,10,6.536092806518169
12,11,3.858860668639869
12,13,3.8378660686007193
12,14,6.4881514192685135
12,15,8.431408544251086
12,16,6.403974595133722
12,17,7.540060934951059
12,18,6.278801540416563
12,19,9.25878856040209
12,20,11.318817117989958
12,21,14.815084436964856
12,22,17.944607666840753
12,23,20.94708659323558
12,24,24.6651912439505
12,25,28.145424258933577
12,26,31.862257477039304
12,27,31.839804393425347
12,28,34.159118574329725
12,29,33.345234258784174
12,30,33.46707811379269
12,31,30.041944568944288
12,32,27.627390052457006
12,33,23.865680967061184
12,34,22.33529890899276
12,35,18.688909497269904
12,36,18.582201565445946
12,37,16.593181784893062
12,38,18.534560921927792
12,39,20.179869460264676
12,40,21.33376163168765
12,41,24.682181958104596
12,42,23.156766340903882
12,43,24.06935200286331
12,44,22.293444466767465
12,45,21.34739191528944
12,46,21.546584539037717
12,47,18.7508329799567
12,48,20.388826564009445
12,49,23.339388116231895
12,50,24.128756956993733
12,51,26.329862861735773
12,52,26.604496747100963
12,53,30.09666029369906
12,54,28.632297865204798
12,55,26.28846364504581
12,56,27.342170127252338
12,57,28.732940248522034
12,58,26.17731371678076
12,59,23.02579341394472
12,60,20.203224766125633
12,61,19.3522521983615
12,62,15.557820176263974
12,63,15.656042535935805
12,64,16.498220851541568
12,65,18.115569853056044
12,66,19.405083772781513
12,67,21.974292277915055
12,68,21.627056342529393
12,69,25.021266674954656
12,70,25.994072187279663
12,71,26.02709934851445
12,72,24.638006460394053
12,73,20.823876278539608
12,74,18.92066707167267
12,75,15.456997357953341
12,76,14.222842100359518
12,77,11.644309205298235
12,78,10.551341730036286
12,79,11.430898499208528
12,80,9.936748328778929
12,81,7.806891843538919
12,82,9.414702023282638
12,83,9.503374873390865
12,84,12.253124704121005
12,85,10.409908260701298
12,86,9.494987221360763
12,87,12.195371996669374
12,88,14.053389306326768
12,89,14.519597964275974
12,90,17.219817857037402
12,91,19.3963780506626
12,92,23.20993608061915
12,93,25.520898285797585
12,94,29.062879804199937
12,95,32.00394371002076
12,96,34.871032093446125
12,97,37.811442777712884
12,98,40.075653548970145
12,99,38.617687251128956
12,100,35.954769816926905
12,101,33.18743268106802
12,102,29.86058539395394
12,103,27.419701726184066
12,104,23.99541122894936
12,105,21.220484357520395
12,106,20.15558642276387
12,107,17.295526454969657
12,108,13.62539930347927
12,109,11.150564332591344
12,110,7.765181243121054
12,111,6.450930393151768
12,112,4.988789402869275
12,113,6.213052158050321
12,114,9.151029628001679
12,115,9.54098345141718
12,116,12.663504896890393
13,1,32.750398519554494
13,2,29.850710603371372
13,3,26.744263249335695
13,4,23.955346845002303
13,5,20.300322048928923
13,6,17.83541430741129
13,7,15.597150658938489
13,8,16.888971829502637
13,9,13.58830859215412
13,10,10.27569789570992
13,11,7.068146014613325
13,12,3.8378660686007193
13,14,3.861542082780629
13,15,6.266930883898292
13,16,5.743842408178261
13,17,8.557989797602081
13,18,8.79067586082141
13,19,12.204606683423501
13,20,14.76032427064068
13,21,18.291028219684343
13,22,21.425807001865415
13,23,24.53000706587215
13,24,28.255705806338476
13,25,31.719652178286324
13,26,35.462679927464876
13,27,35.300588277470425
13,28,37.45774658731665
13,29,36.44127446724609
13,30,36.461649888778354
13,31,33.07826364141302
13,32,30.49218591204683
13,33,26.793024799439618
13,34,25.08263117674576
13,35,21.387467331279833
13,36,21.11618554366094
13,37,18.85855516221463
13,38,20.756465595929154
13,39,21.809386645960917
13,40,22.623524111463887
13,41,26.217871931671386
13,42,25.193299503045207
13,43,26.127634839781344
13,44,24.590487707558538
13,45,23.244901022694012
13,46,23.60216531691785
13,47,20.60537007821095
13,48,22.427868427579337
13,49,25.642910254776808
13,50,26.58194764839911
13,51,28.67201986781999
13,52,28.504029665416336
13,53,32.025196424032536
13,54,30.75239573698331
13,55,28.076375722486155
13,56,28.854564747142035
13,57,29.81681498659641
13,58,26.978380467971512
13,59,24.152010452801274
13,60,20.928984495699176
13,61,19.98322589016272
13,62,16.16617838744607
13,63,17.13710186244921
13,64,18.223346577341623
13,65,20.426561185820173
13,66,21.77266055452774
13,67,24.664912781336987
13,68,24.381418113482084
13,69,27.708836606443537
13,70,29.02961844732074
13,71,29.076330473352797
13,72,27.971824372356515
13,73,24.131651392134977
13,74,21.998766617932738
13,75,18.3525255396726
13,76,16.979788624098106
13,77,13.878400419151887
13,78,12.091730158832721
13,79,11.966155521531856
13,80,9.30776328385984
13,81,7.757315638041908
13,82,8.377331701539749
13,83,8.532135525649661
13,84,12.021691149937922
13,85,11.19793547533759
13,86,10.771574769909238
13,87,14.163264431262203
13,88,16.686020738680728
13,89,17.446009761301408
13,90,20.433269134292654
13,91,22.613455679754352
13,92,26.386540162120145
13,93,28.788469593335513
13,94,32.20944338459715
13,95,35.23552509529959
13,96,37.934610566093994
13,97,40.98791318256398
13,98,43.34202745151609
13,99,41.928335930970896
13,100,39.14227257722184
13,101,36.48163629370961
13,102,33.08796499326977
13,103,30.824332430473063
13,104,27.355771439330606
13,105,24.765008907864505
13,106,23.69627187305815
13,107,20.63250644519185
13,108,17.08024812521764
13,109,14.25605398545056
13,110,10.686640861182326
13,111,8.455242928292694
13,112,5.464742780138711
13,113,4.796795343322218
13,114,6.21523954090421
13,115,5.80768432623181
13,116,9.161239499801882
14,1,33.79108266077062
14,2,30.64800537485426
14,3,27.563999099762455
14,4,25.17397442424435
14,5,21.380715803603856
14,6,19.48374148468036
14,7,17.614986300270154
14,8,18.742516553869457
14,9,15.643243006390648
14,10,12.386970919840426
14,11,9.689734126445149
14,12,6.4881514192685135
14,13,3.861542082780629
14,15,3.8599766576268753
14,16,5.641264809725384
14,17,8.288976573685167
14,18,9.134466685080811
14,19,12.924621802538343
14,20,15.681770106588887
14,21,19.35926905622714
14,22,22.165745624704225
14,23,25.585563427272717
14,24,29.189585193792656
14,25,32.72856672906309
14,26,36.42226195650908
14,27,35.85032489735759
14,28,37.762981360279305
14,29,36.58377846860563
14,30,36.252468696094574
14,31,32.86220167735929
14,32,29.96891266897893
14,33,26.376399302885183
14,34,24.332533759328644
14,35,20.634410523454566
14,36,20.157539657975814
14,37,17.76486179297276
14,38,19.802151773134195
14,39,20.29005007119064
14,40,21.11454984226023
14,41,24.770249385342527
14,42,24.218387917534038
14,43,24.854747974927385
14,44,23.415134307263784
14,45,21.5733700154062
14,46,22.00915056094171
14,47,18.891659379219874
14,48,20.956372889540926
14,49,24.441326973228787
14,50,25.734715693384608
14,51,27.79533511910411
14,52,27.165566315315683
14,53,30.56216942421462
14,54,29.32840236154675
14,55,26.328772469616506
14,56,26.72527949250686
14,57,27.364352367734295
14,58,24.28585687408897
14,59,21.796824922060043
14,60,18.349026362020226
14,61,17.63005210039876
14,62,13.861661838836882
14,63,15.446794271654495
14,64,17.08245919318754
14,65,19.8189412686961
14,66,21.616810899032263
14,67,24.865204215811346
14,68,25.111899040098237
14,69,28.571377202975707
14,70,30.148333010104388
14,71,29.777367243172918
14,72,28.886820171800668
14,73,25.137558804144305
14,74,22.51496375247654
14,75,18.82093435680526
14,76,16.868561293547923
14,77,13.47090213244357
14,78,10.802401261150989
14,79,10.236320926802092
14,80,6.948324956101926
14,81,5.415435754822832
14,82,5.071052345200358
14,83,6.181105569034323
14,84,9.565551825091259
14,85,9.250841803649212
14,86,9.945611107129327
14,87,13.64492419583075
14,88,16.555971238422153
14,89,17.2674942457628
14,90,20.496638351302238
14,91,22.579422368419653
14,92,26.209186695225608
14,93,28.786164317296368
14,94,31.956799409663443
14,95,35.158331871116154
14,96,37.56768441730814
14,97,40.82671045378026
14,98,43.30558710210567
14,99,41.88258799624402
14,100,38.86964176615608
14,101,36.39415082171269
14,102,32.90456616702712
14,103,31.007426167899037
14,104,27.525371002012548
14,105,25.376951806482307
14,106,24.55723672150861
14,107,21.246377804665283
14,108,18.048635176160207
14,109,15.158122999475715
14,110,11.370325339223376
14,111,9.392760132152278
14,112,5.581214153441695
14,113,5.77479161489018
14,114,6.001614568639981
14,115,6.011319666761086
14,116,9.892446445150533
15,1,34.3741808060806
15,2,31.320904034806514
15,3,27.999055048734622
15,4,25.85627203293272
15,5,22.138130645424365
15,6,20.358289034759107
15,7,18.815449067930057
15,8,20.5498769335124
15,9,17.85796087718463
15,10,14.265289804007647
15,11,12.136034747700887
15,12,8.431408544251086
15,13,6.266930883898292
15,14,3.8599766576268753
15,16,3.861570862209888
15,17,6.6781818098676
15,18,9.085179662433186
15,19,12.490373707940691
15,20,15.838459400869606
15,21,19.233033614238135
15,22,22.13249998517323
15,23,25.50540210173563
15,24,29.111776072665954
15,25,32.468326793037924
15,26,36.21367867640989
15,27,35.482188050500454
15,28,37.06519938959962
15,29,35.51510524123925
15,30,35.26074311596047
15,31,32.08910817918985
15,32,29.241559578381285
15,33,25.849003981737877
15,34,24.09083331204687
15,35,20.62854080060724
15,36,20.74203157635238
15,37,18.890356540339894
15,38,21.47727596304216
15,39,22.023549079481043
15,40,23.32266069799661
15,41,26.80987195693748
15,42,26.25319278765232
15,43,26.371911274451623
15,44,24.526437825041466
15,45,22.292447032837284
15,46,22.128895300527564
15,47,18.63623318421538
15,48,20.164861250426757
15,49,23.551914559003333
15,50,24.523026712489003
15,51,26.27856568946907
15,52,25.345316884041658
15,53,28.85824620590708
15,54,28.0818923952383
15,55,25.00170525476571
15,56,25.612366126097605
15,57,25.871999522249297
15,58,22.956772502662453
