1,2,3.7923562874700614
1,3,5.25895736263822
1,4,4.975011094266335
1,5,6.116227119645084
1,6,8.61975212504396
1,7,9.674141308252779
1,8,10.362691291171556
1,9,12.262712879664836
1,10,14.231826525871604
1,11,15.205797492822546
1,12,16.35954773690094
1,13,18.424778074603903
1,14,20.146474285476778
1,15,23.585783539886258
1,16,25.44406851386289
1,17,23.242799400091563
1,18,24.72835460603447
1,19,22.90434159916574
1,20,23.325287663272945
1,21,21.5837251213233
1,22,18.702616259828673
1,23,18.377074761906265
1,24,18.587250809892645
1,25,15.775525283454892
1,26,13.47208721033725
1,27,14.542421526681888
1,28,14.211613827140607
1,29,10.5566030374797
1,30,10.116317468586686
1,31,12.602259531340337
1,32,11.544654695636659
1,33,8.0536805977367
1,34,9.890752928394289
1,35,12.284461954875857
1,36,10.356997761604822
1,37,12.966386907595641
1,38,15.871683294741668
1,39,14.952491553533203
1,40,14.670662333333896
1,41,17.976128067573672
1,42,19.53720045263286
1,43,18.791834076224735
1,44,20.296233982099398
1,45,23.28303352197909
1,46,23.830899311649166
1,47,23.703081553843923
1,48,26.30470472071145
1,49,28.45118337365985
1,50,28.26686444984291
1,51,29.514431350969037
1,52,32.42098826916545
1,53,33.19535074087897
1,54,33.43465092302841
1,55,35.86739467972995
1,56,38.046944029180025
1,57,38.09580917748735
1,58,39.526456752374926
2,1,3.7923562874700614
2,3,3.808049855150205
2,4,5.374104560070127
2,5,4.823964643987728
2,6,6.164465865149077
2,7,8.514503911784164
2,8,9.70955200655187
2,9,10.476200184519582
2,10,12.323094365029883
2,11,14.179176752406825
2,12,15.29341961627102
2,13,16.656197034986903
2,14,18.60157682905834
2,15,22.020405725168395
2,16,24.265562406950306
2,17,22.568012153599728
2,18,24.452510360883483
2,19,23.003659119134287
2,20,23.914411542215586
2,21,21.91336906504503
2,22,18.84535903801633
2,23,19.231214422341044
2,24,19.706888853882322
2,25,16.534445122412773
2,26,14.49463161459203
2,27,16.390429152026403
2,28,16.007186601174695
2,29,12.199172231411225
2,30,12.631065003763393
2,31,15.400006056576382
2,32,14.075693401289646
2,33,10.324962209698484
2,34,11.70924301095656
2,35,13.501202638732835
2,36,10.791924738953838
2,37,12.536951761149835
2,38,15.923471495823605
2,39,15.224695064827118
2,40,14.012459828287081
2,41,17.161204087626217
2,42,19.274576212153068
2,43,18.292980527391467
2,44,19.124510519112064
2,45,22.401803110674603
2,46,23.263996043834595
2,47,22.644052597738582
2,48,25.013867091227283
2,49,27.55702004691033
2,50,27.390098783644053
2,51,28.170456450363005
2,52,31.20004858974603
2,53,32.284664152078335
2,54,32.25189869122998
2,55,34.461535713272845
2,56,36.93395490573904
2,57,37.083150520769195
2,58,38.176258126413536
3,1,5.25895736263822
3,2,3.808049855150205
3,4,3.792170544361749
3,5,5.319609258095313
3,6,5.09950885819
3,7,6.091470302976012
3,8,8.530251889116247
3,9,9.81948527526048
3,10,10.585101467492093
3,11,12.181255671629556
3,12,14.155062841201666
3,13,15.475117792824618
3,14,16.700272578464634
3,15,20.36205741200193
3,16,22.219099664094383
3,17,20.418857200549994
3,18,22.57395003885482
3,19,21.499370795237596
3,20,22.0865979499277
3,21,19.659338229319047
3,22,16.9802062319304
3,23,17.67252028802605
3,24,17.571747820602823
3,25,14.11171517408017
3,26,12.819544368803106
3,27,14.770698033713655
3,28,13.668114820307135
3,29,9.947467619397035
3,30,11.382778449894564
3,31,13.732263325022364
3,32,11.804927489150224
3,33,8.039031233689796
3,34,8.951489413705351
3,35,10.145266162079553
3,36,7.237327080854048
3,37,8.730145313551352
3,38,12.158053037546305
3,39,11.740600064557297
3,40,10.605939866610383
3,41,13.58337690108176
3,42,15.790501699640727
3,43,15.21383138985597
3,44,16.05272499370078
3,45,19.1189039673069
3,46,20.229506256397276
3,47,19.9378241677286
3,48,22.109922874928206
3,49,24.580866837200894
3,50,24.770946401688146
3,51,25.663803231472883
3,52,28.454984536101293
3,53,29.666253982766968
3,54,29.95488144653752
3,55,32.036794545902126
3,56,34.3793583519575
3,57,34.79010199926068
3,58,35.98789413866625
4,1,4.975011094266335
4,2,5.374104560070127
4,3,3.792170544361749
4,5,3.8122946128379005
4,6,5.434123432563603
4,7,4.960519895215728
4,8,5.99299903881589
4,9,8.485832497786912
4,10,9.857840018861452
4,11,10.410455143899641
4,12,12.040008834845198
4,13,14.181305810246979
4,14,15.470654087675836
4,15,19.001467114522654
4,16,20.63350322711757
4,17,18.391212448910238
4,18,20.06518868542118
4,19,18.560726891598573
4,20,19.00846260451388
4,21,16.944487370356633
4,22,14.13214202304918
4,23,14.325295089681452
4,24,14.435336968881874
4,25,11.273071072456183
4,26,9.395618520035164
4,27,11.251873722310686
4,28,10.708484436281202
4,29,6.906902193666894
4,30,7.95427031093826
4,31,10.820116050423447
4,32,9.73895102279141
4,33,6.299537216805684
4,34,8.757336265190416
4,35,9.57750142757961
4,36,6.659263973802783
4,37,9.456111185692963
4,38,12.106990464669709
4,39,10.587233389973209
4,40,9.994202152363536
4,41,13.53177658712595
4,42,14.902287375825225
4,43,13.871914956539557
4,44,15.46468424845053
4,45,18.475361115902246
4,46,18.890646872290926
4,47,18.751209165657773
4,48,21.4224266060685
4,49,23.501403035815567
4,50,23.300286949053437
4,51,24.61079535936655
4,52,27.48243929150499
4,53,28.229407044055435
4,54,28.54114509435964
4,55,30.97620351736452
4,56,33.09655461292011
4,57,33.196035158397756
4,58,34.676384855800734
5,1,6.116227119645084
5,2,4.823964643987728
5,3,5.319609258095313
5,4,3.8122946128379005
5,6,3.8013086606603026
5,7,5.467768853763838
5,8,5.170192838252479
5,9,6.221018061271545
5,10,8.74203888404908
5,11,10.067302154768061
5,12,10.68517780092263
5,13,12.487421329079138
5,14,14.630489631248969
5,15,17.874331442331403
5,16,20.102494643032085
5,17,18.299168588557684
5,18,19.940020775051654
5,19,18.358314457239686
5,20,19.53630763515427
5,21,17.765094507696475
5,22,14.442586513347738
5,23,14.938741330734386
5,24,15.936079852647776
5,25,12.93933988978246
5,26,10.592504026068793
5,27,13.106671733276954
5,28,13.401940733361414
5,29,9.786808545249242
5,30,10.44528941680891
5,31,13.841901852602325
5,32,13.333642678335888
5,33,10.04949502579033
5,34,12.521636335081968
5,35,13.208763476089226
5,36,9.922318018839997
5,37,12.119512403875405
5,38,14.957011233608897
5,39,13.21618739946732
5,40,11.743386768364562
5,41,15.318091893873328
5,42,16.869562834906134
5,43,15.126616725866311
5,44,16.244279840355382
5,45,19.65822953772835
5,46,19.91676260698518
5,47,19.06414676981442
5,48,21.841916589735256
5,49,24.19311843975182
5,50,23.562849724117665
5,51,24.489400824577096
5,52,27.688649426918484
5,53,28.436047868745515
5,54,28.239963770675324
5,55,30.706132579723963
5,56,33.10192319483492
5,57,32.96052429591808
5,58,34.160151164585656
6,1,8.61975212504396
6,2,6.164465865149077
6,3,5.09950885819
6,4,5.434123432563603
6,5,3.8013086606603026
6,7,3.804499663418491
6,8,5.473425116570769
6,9,5.0823484785900535
6,10,6.2093372998954734
6,11,8.623737379681675
6,12,9.97431851720188
6,13,10.76906356491744
6,14,12.56346498390816
6,15,16.00475374630298
6,16,18.356400051870725
6,17,17.038671901880157
6,18,19.307740941210326
6,19,18.433722240750356
6,20,19.784660780396752
6,21,17.46563909577873
6,22,14.36708029907287
6,23,15.763914592548954
6,24,16.484715031150444
6,25,13.060310538074452
6,26,11.680662027207394
6,27,14.681889772920451
6,28,14.35355721741473
6,29,10.895908237611048
6,30,12.67629442100074
6,31,15.72037556940377
6,32,14.583539735150332
6,33,11.257448046525282
6,34,12.942098319060305
6,35,12.941941647305937
6,36,9.227890621308289
6,37,10.266098189993215
6,38,13.353527624266256
6,39,12.070663718656357
6,40,9.703844649594648
6,41,12.884607855752883
6,42,15.032591752029097
6,43,13.36034809112903
6,44,13.702307064028686
6,45,17.264200331103073
6,46,18.044052260593563
6,47,16.91641942357528
6,48,19.280275061844645
6,49,21.997886461511126
6,50,21.672650018043427
6,51,22.187245236991064
6,52,25.33059578004624
6,53,26.501867994575292
6,54,26.281738296818702
6,55,28.413442793988526
6,56,31.00951924977824
6,57,31.178702198313825
6,58,32.11776336231393
7,1,9.674141308252779
7,2,8.514503911784164
7,3,6.091470302976012
7,4,4.960519895215728
7,5,5.467768853763838
7,6,3.804499663418491
7,8,3.8252678676936878
7,9,5.38175822505128
7,10,5.196669348559186
7,11,6.101376050020677
7,12,8.498098901022853
7,13,9.959470825709582
7,14,10.807770448758466
7,15,14.484193699672419
7,16,16.179016447480333
7,17,14.35291928706456
7,18,16.608860202119935
7,19,15.842696581117186
7,20,16.72083624313336
7,21,14.140301980384963
7,22,11.372844663561136
7,23,12.830069103140897
7,24,13.050786968299715
7,25,9.461644349201787
7,26,8.684642550123563
7,27,11.718733513672765
7,28,11.015633947784533
7,29,7.894666281192526
7,30,10.442435342353752
7,31,13.162978462578499
7,32,12.04419535884717
7,33,9.285528578261205
7,34,11.153983117842385
7,35,10.267170404125272
7,36,6.486070453428196
7,37,7.9092775895272
7,38,10.330879831347012
7,39,8.478354235699854
7,40,6.364487460516476
7,41,9.927096948942962
7,42,11.562401265402109
7,43,9.931026543949434
7,44,10.920593025571078
7,45,14.257682351856424
7,46,14.812326679812756
7,47,14.196699771196895
7,48,16.754201524578214
7,49,19.113060341925692
7,50,18.91853045319694
7,51,19.905454277554675
7,52,22.849458724969054
7,53,23.828805930361234
7,54,24.006147857905397
7,55,26.268530551112796
7,56,28.561382269468385
7,57,28.79920457675083
7,58,30.073609477783318
8,1,10.362691291171556
8,2,9.70955200655187
8,3,8.530251889116247
8,4,5.99299903881589
8,5,5.170192838252479
8,6,5.473425116570769
8,7,3.8252678676936878
8,9,3.7980746051580883
8,10,5.605488551507503
8,11,5.303043933432896
8,12,6.077438404564886
8,13,8.626050899609602
8,14,10.249731924738441
8,15,13.455780375794738
8,16,15.289322011431898
8,17,13.215817528357709
8,18,14.791977073859043
8,19,13.370046251703267
8,20,14.62338717162324
8,21,12.750237367423937
8,22,9.367697738428191
8,23,10.40313943261352
8,24,11.609221946315563
8,25,8.662164573671198
8,26,6.697630401468918
8,27,10.109396772406566
8,28,10.693965462491045
8,29,7.907290169860207
8,30,9.530445936499785
8,31,12.855012495013538
8,32,12.865995341292923
8,33,10.568987188922538
8,34,13.36148110915289
8,35,12.617432193897741
8,36,9.204825881655776
8,37,11.339676612659781
8,38,13.165904433177676
8,39,10.467275870751507
8,40,8.847790149036815
8,41,12.527967127522407
8,42,13.296970452627619
8,43,10.856595870010308
8,44,12.370695792412588
8,45,15.691606306650847
8,46,15.341498816163577
8,47,14.459478573538094
8,48,17.586941330283192
8,49,19.616174319939176
8,50,18.696312497614805
8,51,19.903444753703255
8,52,23.104654827213157
8,53,23.55203665030836
8,54,23.42517317082617
8,55,26.087988034054217
8,56,28.293183453612578
8,57,28.03018248763359
8,58,29.435315744460873
9,1,12.262712879664836
9,2,10.476200184519582
9,3,9.81948527526048
9,4,8.485832497786912
9,5,6.221018061271545
9,6,5.0823484785900535
9,7,5.38175822505128
9,8,3.7980746051580883
9,10,3.8061825647019014
9,11,5.560053145219317
9,12,5.297408855141169
9,13,6.3093719737666705
9,14,8.913500292715998
9,15,11.866768683859444
9,16,14.494739538127993
9,17,13.333681121454307
9,18,15.283312054644956
9,19,14.34073985847716
9,20,16.368686155902854
9,21,14.499244702675908
9,22,11.031739304765985
9,23,12.836861065456688
9,24,14.475778298694486
9,25,11.613089000849996
9,26,10.073343166668161
9,27,13.686565569930616
9,28,14.31752094547234
9,29,11.61244940759389
9,30,13.286844330117873
9,31,16.64255052182121
9,32,16.459773875708603
9,33,13.8733117381776
9,34,16.27229364159205
9,35,15.511320359549357
9,36,11.805027835597613
9,37,13.041815048163272
9,38,15.204019627264145
9,39,12.90037136435182
9,40,10.317033224247316
9,41,13.535161333261517
9,42,14.84040304293228
9,43,12.056422514657914
9,44,12.501925842522622
9,45,16.16608240815159
9,46,16.062676144541552
9,47,14.32078859227646
9,48,17.18694504758833
9,49,19.695200363730383
9,50,18.591222810598865
9,51,19.098366868273043
9,52,22.555933903953026
9,53,23.292192556669995
9,54,22.642641528548403
9,55,25.089826017606807
9,56,27.689972586086306
9,57,27.40479246964867
9,58,28.347699198766694
10,1,14.231826525871604
10,2,12.323094365029883
10,3,10.585101467492093
10,4,9.857840018861452
10,5,8.74203888404908
10,6,6.2093372998954734
10,7,5.196669348559186
10,8,5.605488551507503
10,9,3.8061825647019014
10,11,3.805244621999128
10,12,5.535918682335708
10,13,5.222312256938485
10,14,6.382800813810815
10,15,9.894315522726817
10,16,12.255036494455032
10,17,11.414334360767812
10,18,14.117784709301386
10,19,14.079521115804992
10,20,15.903052746757824
10,21,13.346337269863618
10,22,10.496122363090704
10,23,13.139696159769398
10,24,14.111924413855695
10,25,10.936935913449888
10,26,10.697176312811852
10,27,14.379767980842672
10,28,14.250379304525929
10,29,11.95011387731606
10,30,14.529663000827634
10,31,17.360819016354775
10,32,16.6665018069024
10,33,14.317665746313006
10,34,16.105958434359863
10,35,14.606041908397913
10,36,10.915749858505611
10,37,11.181220538408043
10,38,13.00424641998396
10,39,10.999549783068694
10,40,7.764113528381482
10,41,10.40329420065629
10,42,11.976742271586325
10,43,9.245717197012727
10,44,8.97389329785425
10,45,12.729894522797691
10,46,13.079491752126982
10,47,11.225222556938336
10,48,13.738889272987663
10,49,16.506749735548613
10,50,15.831677125698969
10,51,16.12592696423294
10,52,19.431223707120044
10,53,20.55559312015739
10,54,20.128124376222594
10,55,22.27633171899851
10,56,24.93379630721271
10,57,25.05155736484252
10,58,25.913574512340652
11,1,15.205797492822546
11,2,14.179176752406825
11,3,12.181255671629556
11,4,10.410455143899641
11,5,10.067302154768061
11,6,8.623737379681675
11,7,6.101376050020677
11,8,5.303043933432896
11,9,5.560053145219317
11,10,3.805244621999128
11,12,3.7927005937763734
11,13,5.3651090525755105
11,14,5.312700994268972
11,15,8.779294937288393
11,16,10.244615825893648
11,17,8.438682194469864
11,18,10.824644075302524
11,19,10.622637149982147
11,20,12.151716224651086
11,21,9.575201510667538
11,22,6.739104085317536
11,23,9.570464024193411
11,24,10.511747885499043
11,25,7.641366265926222
11,26,7.846434473284389
11,27,11.541712641413408
11,28,11.660770107103122
11,29,10.17652423128683
11,30,12.823442459972052
11,31,15.406431791467684
11,32,15.238155646847693
11,33,13.667189546965073
11,34,15.83467677282104
11,35,13.840594769901791
11,36,10.588940337337272
11,37,11.455446353658374
11,38,12.286253384824551
11,39,9.416306272547805
11,40,6.993279052334226
11,41,9.806071386388712
11,42,10.136150850837048
11,43,6.8400520604594215
11,44,7.85636296120122
11,45,11.199140566452318
11,46,10.610230542221482
11,47,9.236220747182342
11,48,12.437891753636478
11,49,14.50895313385608
11,50,13.5249933928246
11,51,14.607137411660418
11,52,17.817017487784174
11,53,18.37702829311474
11,54,18.270643191587258
11,55,20.83135707326183
11,56,23.06888452325349
11,57,22.97892043692908
11,58,24.329158212156685
12,1,16.35954773690094
12,2,15.29341961627102
12,3,14.155062841201666
12,4,12.040008834845198
12,5,10.68517780092263
12,6,9.97431851720188
12,7,8.498098901022853
12,8,6.077438404564886
12,9,5.297408855141169
12,10,5.535918682335708
12,11,3.7927005937763734
12,13,3.8036442106772617
12,14,5.716510974400836
12,15,7.934064694200284
12,16,10.077688856458622
12,17,8.616861102430416
12,18,10.136363524047379
12,19,9.315744915488741
12,20,11.813299823699918
12,21,10.296792764081998
12,22,6.846284139405819
12,23,9.356152636123957
12,24,11.562781704601553
12,25,9.617949244449589
12,26,8.753098669332728
12,27,12.472929383878004
12,28,13.655213289982575
12,29,12.24941052267695
12,30,14.04872545143725
12,31,17.061191478621183
12,32,17.56714875513647
12,33,15.987875957285848
12,34,18.639117893020035
12,35,17.0290810244042
12,36,13.758243296772145
12,37,15.019344998862529
12,38,15.994142875038845
12,39,12.945729656732157
12,40,10.765749771540927
12,41,13.553379045712658
12,42,13.639168879521732
12,43,10.08301662646453
12,44,10.980833647204841
12,45,14.169309645706212
12,46,12.957025812234123
12,47,11.016014838931524
12,48,14.422402954798065
12,49,16.296510260348246
12,50,14.478597732367094
12,51,15.384153621113066
12,52,18.907922904554365
12,53,19.02315218109088
12,54,18.28575234784082
12,55,21.141280860021777
12,56,23.456247051238726
12,57,22.794576474658594
12,58,24.033098896782004
13,1,18.424778074603903
13,2,16.656197034986903
13,3,15.475117792824618
13,4,14.181305810246979
13,5,12.487421329079138
13,6,10.76906356491744
13,7,9.959470825709582
13,8,8.626050899609602
13,9,6.3093719737666705
13,10,5.222312256938485
13,11,5.3651090525755105
13,12,3.8036442106772617
13,14,3.833434468806478
13,15,5.725465075121766
13,16,8.900426073096382
13,17,8.940399344612848
13,18,11.238825458989787
13,19,11.51080420618296
13,20,14.319613037574374
13,21,12.505233972311622
13,22,9.674210974548505
13,23,12.75160390672014
13,24,14.670209012258036
13,25,12.528448168729177
13,26,12.274261496257319
13,27,16.032684206286902
13,28,16.777326665115282
13,29,15.237681702864247
13,30,17.40772649724812
13,31,20.350461496144675
13,32,20.406031941652284
13,33,18.54181187674751
13,34,20.7452004904223
13,35,18.990982190829943
13,36,15.51987575766046
13,37,15.935439273712703
13,38,17.082166111851173
13,39,14.569242698134708
13,40,11.646365381868483
13,41,13.736675243941786
13,42,14.382693704513368
13,43,10.856143131413207
13,44,10.410042878777034
13,45,13.745143183331942
13,46,13.046649517753128
13,47,10.231953347540111
13,48,13.044077801168548
13,49,15.495435208685896
13,50,13.745353359100585
13,51,13.704183752323456
13,52,17.40321095263166
13,53,18.037015820777086
13,54,16.840560813740883
13,55,19.277480085321685
13,56,22.045816026239663
13,57,21.58594604512227
13,58,22.26821696312381
14,1,20.146474285476778
14,2,18.60157682905834
14,3,16.700272578464634
14,4,15.470654087675836
14,5,14.630489631248969
14,6,12.56346498390816
14,7,10.807770448758466
14,8,10.249731924738441
14,9,8.913500292715998
14,10,6.382800813810815
14,11,5.312700994268972
14,12,5.716510974400836
14,13,3.833434468806478
14,15,3.8182852896206394
14,16,5.949266563913776
14,17,6.176600119199575
14,18,9.349969589948214
14,19,10.70163065349204
14,20,13.009993434315701
14,21,10.582987309021968
14,22,8.758585112679878
14,23,12.414067989659811
14,24,13.587523787101983
14,25,11.529596219422576
14,26,12.45323900062878
14,27,15.995079486213646
14,28,16.184136203906963
14,29,15.270915391619337
14,30,17.97995956886422
14,31,20.37744609971187
14,32,20.20765075514508
14,33,18.803542804156958
14,34,20.635320160535986
14,35,18.260720674891758
14,36,15.146007277867733
14,37,15.049383239749643
14,38,15.452846528127267
14,39,13.045856613148452
14,40,10.222376487203844
14,41,11.479741253563242
14,42,11.688018882554182
14,43,8.149206140523754
14,44,7.2839507613468735
14,45,10.244531444415898
14,46,9.45858767985767
14,47,6.4247789499033665
14,48,9.261107016585115
14,49,11.677377273640555
14,50,10.15814134981624
14,51,10.23252670358613
14,52,13.811606627731537
14,53,14.614213373666173
14,54,13.838946849904877
14,55,16.18302567923792
14,56,18.82501086751871
14,57,18.733575842010193
14,58,19.603230072159263
15,1,23.585783539886258
15,2,22.020405725168395
15,3,20.36205741200193
15,4,19.001467114522654
15,5,17.874331442331403
15,6,16.00475374630298
15,7,14.484193699672419
15,8,13.455780375794738
15,9,11.866768683859444
15,10,9.894315522726817
15,11,8.779294937288393
15,12,7.934064694200284
15,13,5.725465075121766
15,14,3.8182852896206394
15,16,3.8084964423427223
15,17,5.974903529616984
15,18,8.498195999402263
15,19,10.497493751796217
15,20,13.331050020982131
15,21,11.629269384019137
15,22,10.325880624045082
15,23,13.914371759386347
15,24,15.49720039912202
15,25,14.199963467312296
15,26,15.103038185532649
15,27,18.484312499974134
15,28,19.075409798087417
15,29,18.53706345104976
15,30,21.006681401388754
15,31,23.399825488081184
15,32,23.56269619915136
15,33,22.36362439321752
15,34,24.330454461833156
15,35,21.876465467800514
15,36,18.873994693162455
15,37,18.786386664440425
15,38,18.93795363989799
15,39,16.46222606214994
15,40,13.865429887160033
15,41,14.751780146406194
15,42,14.530444974231674
15,43,11.013943757990374
15,44,10.016401588906753
15,45,12.159196628057861
15,46,10.752416994102466
15,47,7.274001840416286
15,48,9.671612926005958
15,49,11.568331861368863
15,50,9.133416382326113
15,51,8.605493498920007
15,52,12.401223382938882
15,53,12.792582525041018
15,54,11.196831124063296
15,55,13.705921801893963
15,56,16.473897601794302
15,57,15.927751897921539
15,58,16.548821452504964
16,1,25.44406851386289
16,2,24.265562406950306
16,3,22.219099664094383
16,4,20.63350322711757
16,5,20.102494643032085
16,6,18.356400051870725
16,7,16.179016447480333
16,8,15.289322011431898
16,9,14.494739538127993
16,10,12.255036494455032
16,11,10.244615825893648
16,12,10.077688856458622
16,13,8.900426073096382
16,14,5.949266563913776
16,15,3.8084964423427223
16,17,3.8144745194968057
16,18,6.3479772733471425
16,19,9.438887351703972
16,20,11.602273673608275
16,21,9.85155910032869
16,22,9.853273866677055
16,23,13.418789425675518
16,24,14.447081987222186
16,25,13.752668193063352
16,26,15.411556573921228
16,27,18.331723236521402
16,28,18.71883832489079
16,29,18.919263935588845
16,30,21.520559304765957
16,31,23.4080978655885
16,32,23.663881834984807
16,33,23.040989828895526
16,34,24.879112848780714
16,35,22.018604618643348
16,36,19.505398482781715
16,37,19.35733448933991
16,38,18.74793207901233
16,39,16.216617452031322
16,40,14.234718996946839
16,41,14.557079069279311
16,42,13.478040399226305
16,43,10.231754426927743
16,44,9.61374418212494
16,45,10.615195187294052
16,46,8.402341297488192
16,47,5.3379427629362795
16,48,7.7488401695611495
16,49,8.55966182065728
16,50,5.560249006725557
16,51,5.909411344720912
16,52,9.46702019352333
16,53,9.288011828841988
16,54,8.225493258105853
16,55,11.156510408980624
16,56,13.406946160087289
16,57,12.917837522299763
16,58,14.153092818164586
17,1,23.242799400091563
17,2,22.568012153599728
17,3,20.418857200549994
17,4,18.391212448910238
17,5,18.299168588557684
17,6,17.038671901880157
17,7,14.35291928706456
17,8,13.215817528357709
17,9,13.333681121454307
17,10,11.414334360767812
17,11,8.438682194469864
17,12,8.616861102430416
17,13,8.940399344612848
17,14,6.176600119199575
17,15,5.974903529616984
17,16,3.8144745194968057
17,18,3.7671021814529455
17,19,6.5050031113771185
17,20,8.128527319598732
17,21,6.06313808373214
17,22,6.3143576075879055
17,23,9.817658868123274
17,24,10.654119595358013
17,25,10.2611012958737
17,26,12.088512264011882
17,27,14.735980431627734
17,28,15.207426829065286
17,29,15.774569781862272
17,30,18.248286449098167
17,31,19.939183575490933
17,32,20.44478595925924
17,33,20.174145962237727
17,34,22.20575110832389
17,35,19.33632450551471
17,36,17.091526076968965
17,37,17.473589429700734
17,38,16.60455918451335
17,39,13.632844078112788
17,40,12.300519141849684
17,41,13.116658621073418
17,42,11.424114402760043
17,43,8.019622247542939
17,44,8.848884030153329
17,45,9.877522749974545
17,46,6.947040028267023
17,47,5.262592416844243
17,48,8.781826293552792
17,49,9.018201499456438
17,50,6.398499475807816
17,51,8.506316339122632
17,52,11.482891758409115
17,53,10.800681180431141
17,54,10.776278541157524
17,55,13.966403299056106
17,56,15.550942371720959
17,57,15.001520332040895
17,58,16.926643820909117
18,1,24.72835460603447
18,2,24.452510360883483
18,3,22.57395003885482
18,4,20.06518868542118
18,5,19.940020775051654
18,6,19.307740941210326
18,7,16.608860202119935
18,8,14.791977073859043
18,9,15.283312054644956
18,10,14.117784709301386
18,11,10.824644075302524
18,12,10.136363524047379
18,13,11.238825458989787
18,14,9.349969589948214
18,15,8.498195999402263
18,16,6.3479772733471425
18,17,3.7671021814529455
18,19,3.7700361492850307
18,20,5.589384098206116
18,21,5.4653454816645946
18,22,6.313019121118519
18,23,8.74260463408953
18,24,10.141151355451264
18,25,11.034594823622864
18,26,12.434354586569377
18,27,14.5086183616579
18,28,15.688431423838765
18,29,16.7815776983491
18,30,18.651618801381133
18,31,20.234666642518732
18,32,21.395139415051634
18,33,21.539734544185723
18,34,23.937685342947805
18,35,21.20579391079264
18,36,19.22120647831877
18,37,20.15248499917492
18,38,19.122778786144334
18,39,15.820782333370012
18,40,15.093157830553473
18,41,16.227218270334912
18,42,14.070763886560764
18,43,10.862146276844419
18,44,12.379503870324509
18,45,13.07094980941472
18,46,9.660417494532881
18,47,8.791395048466228
18,48,12.069790324462181
18,49,11.435634342480201
18,50,8.341790320647997
18,51,10.896775493746041
18,52,13.449230464996079
18,53,11.710640130614305
18,54,11.613908971957244
18,55,15.242285969399306
18,56,16.203225940620772
18,57,14.900721993730706
18,58,17.295356104829477
19,1,22.90434159916574
19,2,23.003659119134287
19,3,21.499370795237596
19,4,18.560726891598573
19,5,18.358314457239686
19,6,18.433722240750356
19,7,15.842696581117186
19,8,13.370046251703267
19,9,14.34073985847716
19,10,14.079521115804992
19,11,10.622637149982147
19,12,9.315744915488741
19,13,11.51080420618296
19,14,10.70163065349204
19,15,10.497493751796217
19,16,9.438887351703972
19,17,6.5050031113771185
19,18,3.7700361492850307
19,20,3.8133519316848115
19,21,5.36293981984194
19,22,4.886204950434543
19,23,5.973026198626675
19,24,8.448493809309197
19,25,9.884145125581929
19,26,10.298395061738576
19,27,12.106301324415906
19,28,14.069690539042863
19,29,15.140690270739652
19,30,16.34713918356406
19,31,18.131614585367092
19,32,19.826591386690797
19,33,20.038038624948808
19,34,22.867833893347544
19,35,20.554601066839204
19,36,18.59149287414086
19,37,20.205303857846076
19,38,19.460871169135423
19,39,15.834806802819063
19,40,15.446455388841242
19,41,17.332414349179842
19,42,15.256264180928014
19,43,12.014117815467145
19,44,14.197049512354788
19,45,15.393671651373307
19,46,12.161557043856458
19,47,11.581718435201333
19,48,15.174092320863148
19,49,14.803935488517341
19,50,11.982768284915702
19,51,14.507982554579643
19,52,17.171953489180652
19,53,15.449229437715596
19,54,15.296273694209725
19,55,18.958134807605152
19,56,19.896298219586352
19,57,18.380685756972735
19,58,20.78853321738363
20,1,23.325287663272945
20,2,23.914411542215586
20,3,22.0865979499277
20,4,19.00846260451388
20,5,19.53630763515427
20,6,19.784660780396752
20,7,16.72083624313336
20,8,14.62338717162324
20,9,16.368686155902854
20,10,15.903052746757824
20,11,12.151716224651086
20,12,11.813299823699918
20,13,14.319613037574374
20,14,13.009993434315701
20,15,13.331050020982131
20,16,11.602273673608275
20,17,8.128527319598732
20,18,5.589384098206116
20,19,3.8133519316848115
20,21,3.8134808513303793
20,22,5.488108305551701
20,23,5.16254751400053
20,24,6.1885171426896255
20,25,8.801058253254137
20,26,9.93593087621303
20,27,10.665544938609234
20,28,12.343872036950522
20,29,14.313409943671957
20,30,15.46182193632268
20,31,16.48559481781132
20,32,18.33488719055261
20,33,19.2486354487853
20,34,21.91714076741961
20,35,19.4181701631638
20,36,18.130284464341706
20,37,19.886268910159195
20,38,18.552152740909126
20,39,14.93022732713025
20,40,15.440934763166181
20,41,17.091182038956152
20,42,14.391748217155955
20,43,11.835636440714637
20,44,14.674853372639612
20,45,15.201425429364873
20,46,11.789491318838042
20,47,12.404047495988902
20,48,15.81360267543045
20,49,14.811681099688755
20,50,12.559582119607619
20,51,15.747974850173211
20,52,17.805676146926398
20,53,15.88115945773197
20,54,16.584642655238273
20,55,20.15422084329751
20,56,20.53612116156156
20,57,19.28964198674469
20,58,22.154354176293026
21,1,21.5837251213233
21,2,21.91336906504503
21,3,19.659338229319047
21,4,16.944487370356633
21,5,17.765094507696475
21,6,17.46563909577873
21,7,14.140301980384963
21,8,12.750237367423937
21,9,14.499244702675908
21,10,13.346337269863618
21,11,9.575201510667538
21,12,10.296792764081998
21,13,12.505233972311622
21,14,10.582987309021968
21,15,11.629269384019137
21,16,9.85155910032869
21,17,6.06313808373214
21,18,5.4653454816645946
21,19,5.36293981984194
21,20,3.8134808513303793
21,22,3.811544475298712
21,23,5.429832960613402
21,24,5.064979551749104
21,25,6.3261025814343865
21,26,8.610373735652303
21,27,9.986429042997854
21,28,10.61604263815371
21,29,12.346616917421608
21,30,14.349322860256338
21,31,15.332421695926389
21,32,16.442130394508673
21,33,17.123048535760027
21,34,19.40378108734159
21,35,16.579323940998968
21,36,15.204323388599915
21,37,16.533764937341218
21,38,15.069960103509938
21,39,11.570053058113565
21,40,11.949179506612126
21,41,13.333151263866087
21,42,10.621887259702968
21,43,8.06828516464319
21,44,11.020825087949943
21,45,11.531619430039989
21,46,8.325774031722188
21,47,9.272347683216578
21,48,12.690785140965145
21,49,12.030263240134792
21,50,10.40061930783733
21,51,13.586644346675476
21,52,15.676495618464765
21,53,14.438583909201702
21,54,15.475276399571294
21,55,18.740400512880694
21,56,19.443432542748557
21,57,18.85215540570001
21,58,21.51003432207289
22,1,18.702616259828673
22,2,18.84535903801633
22,3,16.9802062319304
22,4,14.13214202304918
22,5,14.442586513347738
22,6,14.36708029907287
22,7,11.372844663561136
22,8,9.367697738428191
22,9,11.031739304765985
22,10,10.496122363090704
22,11,6.739104085317536
22,12,6.846284139405819
22,13,9.674210974548505
22,14,8.758585112679878
22,15,10.325880624045082
22,16,9.853273866677055
22,17,6.3143576075879055
22,18,6.313019121118519
22,19,4.886204950434543
22,20,5.488108305551701
22,21,3.811544475298712
22,23,3.8024071198500775
22,24,5.442042774733985
22,25,5.323370196638915
22,26,6.144650278586668
22,27,8.657455329725488
22,28,9.940228930662192
22,29,10.599252105321916
22,30,12.404494404467556
22,31,14.266742135945732
22,32,15.437313639183069
22,33,15.410419731618601
22,34,18.093655834202174
22,35,15.760260867094518
22,36,13.706705947889779
22,37,15.399831713939841
22,38,14.815001480755384
22,39,11.131871841586658
22,40,10.823944568853173
22,41,13.11009035407001
22,42,11.316662137018655
22,43,8.126632122245168
22,44,10.867077340928919
22,45,12.57065621954063
22,46,10.032884720095291
22,47,9.90158687782335
22,48,13.657868384878602
22,49,13.985169411622229
22,50,12.172701507977688
22,51,14.664721332757063
22,52,17.41548855394124
22,53,16.59586397952899
22,54,16.943111030329195
22,55,20.222037024706225
22,56,21.5120243610939
22,57,20.780040436979508
22,58,23.009653529564954
23,1,18.377074761906265
23,2,19.231214422341044
23,3,17.67252028802605
23,4,14.325295089681452
23,5,14.938741330734386
23,6,15.763914592548954
23,7,12.830069103140897
23,8,10.40313943261352
23,9,12.836861065456688
23,10,13.139696159769398
23,11,9.570464024193411
23,12,9.356152636123957
23,13,12.75160390672014
23,14,12.414067989659811
23,15,13.914371759386347
23,16,13.418789425675518
23,17,9.817658868123274
23,18,8.74260463408953
23,19,5.973026198626675
23,20,5.16254751400053
23,21,5.429832960613402
23,22,3.8024071198500775
23,24,3.797729195149179
23,25,5.532801145368007
23,26,5.07968734123576
23,27,6.153409678933086
23,28,8.561926454298147
23,29,9.852631341355888
23,30,10.600575375051285
23,31,12.230333979394516
23,32,14.246540364034326
23,33,14.786546523945352
23,34,17.848660735854846
23,35,15.924741686550469
23,36,14.401699799425687
23,37,16.818042521272112
23,38,16.165415210388513
23,39,12.366273362698303
23,40,12.954259218452805
23,41,15.547530175359105
23,42,13.5315896550924
23,43,10.962786374313636
23,44,14.163960550173066
23,45,15.645937834033003
23,46,13.065990754067458
23,47,13.508043152467781
23,48,17.19250737897578
23,49,17.159996331493147
23,50,15.398102921381462
23,51,18.18264012732739
23,52,20.715186219894054
23,53,19.532750992192934
23,54,20.053218419775956
23,55,23.472412397129233
23,56,24.42280517956022
23,57,23.459441912981095
23,58,25.96372050453952
24,1,18.587250809892645
24,2,19.706888853882322
24,3,17.571747820602823
24,4,14.435336968881874
24,5,15.936079852647776
24,6,16.484715031150444
24,7,13.050786968299715
24,8,11.609221946315563
24,9,14.475778298694486
24,10,14.111924413855695
24,11,10.511747885499043
24,12,11.562781704601553
24,13,14.670209012258036
24,14,13.587523787101983
24,15,15.49720039912202
24,16,14.447081987222186
24,17,10.654119595358013
24,18,10.141151355451264
24,19,8.448493809309197
24,20,6.1885171426896255
24,21,5.064979551749104
24,22,5.442042774733985
24,23,3.797729195149179
24,25,3.80500274295085
24,26,5.487846338959163
24,27,5.272854423824847
24,28,6.186232672816395
24,29,8.641482914280628
24,30,9.99190433761896
24,31,10.539153853317027
24,32,12.192983710840824
24,33,13.438619640359581
24,34,16.020706675394752
24,35,13.663291442492547
24,36,12.892700113711669
24,37,15.165253643963004
24,38,13.813093780327177
24,39,10.143916320581685
24,40,11.686818838251657
24,41,13.824200670878906
24,42,11.289873881578773
24,43,9.631653793658513
24,44,13.284574677616614
24,45,14.12333274539373
24,46,11.733858626031962
24,47,13.195308011734577
24,48,16.53659692038422
24,49,16.1826117109088
24,50,15.165728265423567
24,51,18.282079863494637
24,52,20.318889392990506
24,53,19.30156533790803
24,54,20.507586220070234
24,55,23.68765605182178
24,56,24.357182179311877
24,57,23.8595716272455
24,58,26.56774184217982
25,1,15.775525283454892
25,2,16.534445122412773
25,3,14.11171517408017
25,4,11.273071072456183
25,5,12.93933988978246
25,6,13.060310538074452
25,7,9.461644349201787
25,8,8.662164573671198
25,9,11.613089000849996
25,10,10.936935913449888
25,11,7.641366265926222
25,12,9.617949244449589
25,13,12.528448168729177
25,14,11.529596219422576
25,15,14.199963467312296
25,16,13.752668193063352
25,17,10.2611012958737
25,18,11.034594823622864
25,19,9.884145125581929
25,20,8.801058253254137
25,21,6.3261025814343865
25,22,5.323370196638915
25,23,5.532801145368007
25,24,3.80500274295085
25,26,3.8080496109187494
25,27,5.429294457876241
25,28,4.978421684881555
25,29,6.065531228336705
25,30,8.59121752406336
25,31,9.728195899347263
25,32,10.376096373474814
25,33,10.797285905358752
25,34,13.222122999136761
25,35,10.761219809975536
25,36,9.392851705037529
25,37,11.562709492565846
25,38,10.652701906175704
25,39,6.862001706209006
25,40,8.05156380887271
25,41,10.625040471210552
25,42,8.781016440878357
25,43,7.044522625901043
25,44,10.635343625874665
25,45,12.122889693637871
25,46,10.580577479000256
25,47,11.741063691599678
25,48,14.997667698535032
25,49,15.443555606806306
25,50,14.87145482300594
25,51,17.507544132158497
25,52,19.79281108485934
25,53,19.482448352584665
25,54,20.555076596755928
25,55,23.453429703609345
25,56,24.610639165414195
25,57,24.48819648728153
25,58,26.817057587767163
26,1,13.47208721033725
26,2,14.49463161459203
26,3,12.819544368803106
26,4,9.395618520035164
26,5,10.592504026068793
26,6,11.680662027207394
26,7,8.684642550123563
26,8,6.697630401468918
26,9,10.073343166668161
26,10,10.697176312811852
26,11,7.846434473284389
26,12,8.753098669332728
26,13,12.274261496257319
26,14,12.45323900062878
26,15,15.103038185532649
26,16,15.411556573921228
26,17,12.088512264011882
26,18,12.434354586569377
26,19,10.298395061738576
26,20,9.93593087621303
26,21,8.610373735652303
26,22,6.144650278586668
26,23,5.07968734123576
26,24,5.487846338959163
26,25,3.8080496109187494
26,27,3.8032422858785013
26,28,5.461998550234671
26,29,5.108340680595741
26,30,6.296987539455083
26,31,8.67963712252011
26,32,10.087827508356208
26,33,9.928709755626873
26,34,13.15330548847337
26,35,11.705361696139912
26,36,9.897295083572118
26,37,12.815282956689376
26,38,12.880162480772851
26,39,9.258174192567402
26,40,9.915632593069375
26,41,13.201061352250226
26,42,12.102293216386652
26,43,10.048377784786423
26,44,13.211804525759602
26,45,15.335060889636837
26,46,13.873510984031713
26,47,14.33943920533075
26,48,17.817978296793164
26,49,18.591833421804726
26,50,17.57605224763006
26,51,19.947964910094782
26,52,22.619003662545815
26,53,22.22112445406762
26,54,22.81375395549182
26,55,25.88835343477356
26,56,27.262223221390542
26,57,26.79384065520115
26,58,28.985011372046795
27,1,14.542421526681888
27,2,16.390429152026403
27,3,14.770698033713655
27,4,11.251873722310686
27,5,13.106671733276954
27,6,14.681889772920451
27,7,11.718733513672765
27,8,10.109396772406566
27,9,13.686565569930616
27,10,14.379767980842672
27,11,11.541712641413408
27,12,12.472929383878004
27,13,16.032684206286902
27,14,15.995079486213646
27,15,18.484312499974134
27,16,18.331723236521402
27,17,14.735980431627734
27,18,14.5086183616579
27,19,12.106301324415906
27,20,10.665544938609234
27,21,9.986429042997854
27,22,8.657455329725488
27,23,6.153409678933086
27,24,5.272854423824847
27,25,5.429294457876241
27,26,3.8032422858785013
27,28,3.8046011976854213
27,29,5.368183618230611
27,30,5.0413391274805575
27,31,6.112238749525102
27,32,8.619598947941672
27,33,9.769706049647798
27,34,12.992903298023945
27,35,11.791802932175758
27,36,11.161685786218532
27,37,14.421621921020414
27,38,13.958793611735912
27,39,10.551549955928294
27,40,12.336046289891177
27,41,15.303729458229736
27,42,13.71134080629706
27,43,12.42597141906283
27,44,15.95107383608717
27,45,17.49323330129766
27,46,15.8793681737011
27,47,17.029508855028446
27,48,20.390442449606
27,49,20.660335481070245
27,50,19.813898412400007
27,51,22.586223518250648
27,52,24.9137663697338
27,53,24.222804912317184
27,54,25.188478270418663
27,55,28.33161388787959
27,56,29.30659582900244
27,57,28.80758102060725
27,58,31.320496437508485
28,1,14.211613827140607
28,2,16.007186601174695
28,3,13.668114820307135
28,4,10.708484436281202
28,5,13.401940733361414
28,6,14.35355721741473
28,7,11.015633947784533
28,8,10.693965462491045
28,9,14.31752094547234
28,10,14.250379304525929
28,11,11.660770107103122
28,12,13.655213289982575
28,13,16.777326665115282
28,14,16.184136203906963
28,15,19.075409798087417
28,16,18.71883832489079
28,17,15.207426829065286
28,18,15.688431423838765
28,19,14.069690539042863
28,20,12.343872036950522
28,21,10.61604263815371
28,22,9.940228930662192
28,23,8.561926454298147
28,24,6.186232672816395
28,25,4.978421684881555
28,26,5.461998550234671
28,27,3.8046011976854213
28,29,3.809511600932448
28,30,5.404579600584905
28,31,5.0024716530873485
28,32,6.007310562869677
28,33,7.720850346976654
28,34,10.217200640889711
28,35,8.433604701671547
28,36,8.545871885619187
28,37,11.601535501766632
28,38,10.666918471444413
28,39,7.606356336152314
28,40,10.22571849706423
28,41,12.796629448961749
28,42,11.22638875404803
28,43,10.914557181613516
28,44,14.453451825150893
28,45,15.661155416766018
28,46,14.651287582374536
28,47,16.334412116460012
28,48,19.270694389134285
28,49,19.605181786650377
28,50,19.465963176430733
28,51,22.212471438646286
28,52,24.230175413118403
28,53,23.942530335845344
28,54,25.310428647634197
28,55,28.13434981522176
28,56,29.089928056628
28,57,29.077421651592477
28,58,31.559466103738693
29,1,10.5566030374797
29,2,12.199172231411225
29,3,9.947467619397035
29,4,6.906902193666894
29,5,9.786808545249242
29,6,10.895908237611048
29,7,7.894666281192526
29,8,7.907290169860207
29,9,11.61244940759389
29,10,11.95011387731606
29,11,10.17652423128683
29,12,12.24941052267695
29,13,15.237681702864247
29,14,15.270915391619337
29,15,18.53706345104976
29,16,18.919263935588845
29,17,15.774569781862272
29,18,16.7815776983491
29,19,15.140690270739652
29,20,14.313409943671957
29,21,12.346616917421608
29,22,10.599252105321916
29,23,9.852631341355888
29,24,8.641482914280628
29,25,6.065531228336705
29,26,5.108340680595741
29,27,5.368183618230611
29,28,3.809511600932448
29,30,3.800634898402165
29,31,5.465088154834868
29,32,5.349545131740555
29,33,4.9577727711593464
29,34,8.106495285878944
29,35,7.112826453757007
29,36,6.013715537306072
29,37,9.59809402316186
29,38,9.95247605093418
29,39,7.178497248902902
29,40,8.849146329244965
29,41,12.090555598134937
29,42,11.658017567256254
29,43,11.0442022610773
29,44,14.041913387629727
29,45,16.029709800814054
29,46,15.597866864779688
29,47,16.615333176342883
29,48,19.543553396325148
29,49,20.583684950496906
29,50,20.43628828169763
29,51,22.685906985729666
29,52,25.068095676747788
29,53,25.19095264793208
29,54,26.179131802711066
29,55,28.89185408291029
29,56,30.304721326984243
29,57,30.345226465682007
29,58,32.474102226736804
30,1,10.116317468586686
30,2,12.631065003763393
30,3,11.382778449894564
30,4,7.95427031093826
30,5,10.44528941680891
30,6,12.67629442100074
30,7,10.442435342353752
