1,2,3.8072789818783352
1,3,5.713469757086066
1,4,9.005161534582726
1,5,10.36851342399934
1,6,7.718081735500055
1,7,8.996266433768405
1,8,12.494528443018043
1,9,13.886358268346836
1,10,12.382924269298138
1,11,14.793939334466998
1,12,15.656487903024031
1,13,14.956462779972691
1,14,11.357520363145715
1,15,10.65027419260961
1,16,12.702561381120123
1,17,10.325077987368111
1,18,7.9406883349898205
1,19,11.13589137242668
1,20,11.054308853819366
1,21,8.675806378017832
1,22,11.728212281700294
1,23,14.300536157347093
1,24,14.330953348876713
1,25,14.724483568735906
1,26,17.80562157721439
1,27,20.46888632787286
1,28,19.281988368449248
1,29,19.06920955187445
1,30,22.274364526007275
1,31,24.610127923028692
1,32,39.29610943049706
1,33,40.47581687082737
1,34,39.4623911938367
1,35,37.90640792349181
1,36,34.49360537068236
1,37,35.11626163174255
1,38,36.16839629899306
1,39,33.04451454963696
1,40,30.52728393085718
1,41,32.03592504177561
1,42,31.933533713966224
1,43,28.258297582709247
1,44,27.99204297410145
1,45,30.07372745970094
1,46,28.352505887324277
1,47,24.93872501435474
1,48,26.53551817755186
1,49,28.73561684668718
1,50,26.185228069772403
1,51,23.997898228176837
1,52,27.04228993783628
1,53,28.032165100997002
1,54,24.94047750308018
1,55,25.26905909541865
1,56,28.95033485203789
1,57,28.377812588675848
1,58,25.794355571435474
1,59,28.665656296547915
1,60,31.455635887196927
1,61,29.79815651943059
1,62,29.365435968106848
1,63,25.59563781003435
1,64,25.550779621475712
1,65,22.399908379018957
1,66,20.3862990907221
1,67,17.55001134048594
1,68,19.14923576208365
1,69,22.95298661691264
1,70,25.328846415335793
1,71,28.558312470211593
1,72,32.1238570307144
1,73,32.855454667994834
1,74,32.997063491706534
1,75,31.54565516360497
1,76,34.40650936577251
1,77,33.8918953545834
1,78,35.42912636203391
1,79,32.151810417615096
1,80,30.33160161240977
1,81,32.00395606493141
1,82,28.874391661721205
1,83,27.81756858621466
1,84,24.748633471194466
1,85,23.486518250055706
1,86,24.54327928998495
1,87,22.24098086227778
1,88,19.044715439236374
1,89,18.865353977812333
1,90,20.26666264584416
1,91,19.98532773309928
1,92,17.34219566952246
1,93,17.655699450556785
1,94,19.242141161900648
1,95,22.055330720259857
1,96,22.461913681979755
1,97,23.290257752827184
1,98,25.632537989548627
1,99,27.476150783055928
1,100,27.728240939291066
1,101,28.391234607135765
1,102,32.077815880464925
1,103,31.884580425528572
1,104,29.33232011282456
1,105,32.2713057812932
1,106,34.10887079165673
1,107,31.326422992022426
1,108,30.926255114491642
1,109,34.630082323616
1,110,34.91138117229595
1,111,31.845025631588435
1,112,33.877351948828824
1,113,37.02668149848874
1,114,35.52634438149301
1,115,34.34206742878658
1,116,37.56951401650135
1,117,39.61966656562215
1,118,37.447640811024854
1,119,37.93592797657423
1,120,41.632246577371475
1,121,41.741783722139125
1,122,40.1504009854853
1,123,42.81116457627146
1,124,45.563606443042744
1,125,44.25702254412365
1,126,44.10749035289758
1,127,47.764633255972406
1,128,49.163660211364984
2,1,3.8072789818783352
2,3,3.8185206555506706
2,4,6.999236923378043
2,5,7.700401959938628
2,6,4.457166289433758
2,7,6.653573104040368
2,8,9.710433985245821
2,9,11.062431997032371
2,10,10.451332289375122
2,11,13.53235439038274
2,12,14.750868078625436
2,13,14.94402276688124
2,14,11.341699766580511
2,15,10.042106442155575
2,16,12.927475254745172
2,17,11.589217422696619
2,18,8.878356930879512
2,19,11.600997586166214
2,20,12.053266729292536
2,21,8.941908119813048
2,22,10.992583809318429
2,23,14.272402547365475
2,24,14.54671556886627
2,25,13.989350235321238
2,26,16.93138914732191
2,27,19.75961009795982
2,28,18.67656000540115
2,29,18.00803365532525
2,30,21.106899198939754
2,31,23.24650120443964
2,32,37.9272528175562
2,33,38.83504399066516
2,34,37.594471827062115
2,35,35.762436281985686
2,36,32.468186940303084
2,37,33.403139284396445
2,38,34.2986899940128
2,39,30.978656895739494
2,40,28.763759099675354
2,41,30.536000179916947
2,42,30.209463687048775
2,43,26.471115768439223
2,44,26.689700697377155
2,45,28.800532249792496
2,46,26.7644938944388
2,47,23.610052738120256
2,48,25.670584500676984
2,49,27.62151551030113
2,50,24.89903275771587
2,51,23.197657436221338
2,52,26.510031367936826
2,53,27.170555665485193
2,54,24.227026672415146
2,55,25.105812790208507
2,56,28.708661809076737
2,57,28.019030300275254
2,58,25.850996639870324
2,59,28.988268375397887
2,60,31.542030562866735
2,61,29.992507875535185
2,62,30.030757056417784
2,63,26.326776165773566
2,64,26.35933017322353
2,65,23.475843170965568
2,66,21.5702488165001
2,67,18.407189525798934
2,68,20.067913710206362
2,69,23.852744072957492
2,70,26.170793610395116
2,71,29.117617856453442
2,72,32.64185413246564
2,73,32.94159930773015
2,74,32.99869111971577
2,75,31.210445177152167
2,76,33.76512637185581
2,77,33.07926577275064
2,78,34.257698411925546
2,79,30.91783187754457
2,80,29.10884686289594
2,81,30.948529881700352
2,82,27.847570079669385
2,83,27.249675079409332
2,84,24.531267356923365
2,85,23.23329858969828
2,86,23.70082092414461
2,87,21.35657786743841
2,88,18.590390667350896
2,89,18.335963803921018
2,90,19.027360591530577
2,91,18.335533464005195
2,92,15.391916872220946
2,93,15.835627967556972
2,94,16.782059035480945
2,95,19.64996977364667
2,96,20.593034907463124
2,97,21.30183276270766
2,98,23.258257026311668
2,99,25.40636099755446
2,100,26.02069474309256
2,101,26.419476575541527
2,102,30.189254355947945
2,103,30.412594101917215
2,104,27.980965472308895
2,105,30.92867434141964
2,106,32.992923493928345
2,107,30.515298962942886
2,108,30.163778213573803
2,109,33.945344730214025
2,110,34.54098074418923
2,111,31.684773113846816
2,112,33.68825275977779
2,113,36.98200397065522
2,114,35.759506367640796
2,115,34.7794140482364
2,116,37.904985438231044
2,117,40.094466528158144
2,118,38.22868904325708
2,119,38.78546315535284
2,120,42.42546879457603
2,121,42.745521923179325
2,122,41.42273072050179
2,123,44.010176489727975
2,124,46.76327455106021
2,125,45.711215120019595
2,126,45.696376024199814
2,127,49.266026226113866
2,128,50.862184647636695
3,1,5.713469757086066
3,2,3.8185206555506706
3,4,3.779273843825997
3,5,6.157878762235647
3,6,4.7857697555890155
3,7,8.002289410311063
3,8,10.121422817443664
3,9,12.531425098416005
3,10,12.559631315363026
3,11,15.485926543820776
3,12,15.961112930574847
3,13,16.54403572692421
3,14,13.324462679793376
3,15,11.052413160765479
3,16,13.433600626895505
3,17,12.412124684598325
3,18,8.912567296724484
3,19,10.546245658540636
3,20,10.173700270196791
3,21,6.506470588270643
3,22,8.354980905744764
3,23,11.585639483194743
3,24,11.329071349327814
3,25,10.400403741192495
3,26,13.567006002577097
3,27,16.152987733107658
3,28,14.89777366278848
3,29,14.204240816393321
3,30,17.36930416424171
3,31,19.493570091260224
3,32,34.220488410903364
3,33,35.18706684997349
3,34,34.06177919883075
3,35,32.35223289975415
3,36,29.009131036986947
3,37,29.779924747095386
3,38,30.730636150499706
3,39,27.502730311312796
3,40,25.14228752100229
3,41,26.84179912643601
3,42,26.65174599630512
3,43,22.91547883869838
3,44,22.991980042111862
3,45,25.21405410433335
3,46,23.35933204624329
3,47,20.129137668672513
3,48,22.20470130309431
3,49,24.354569021778754
3,50,21.868083607820218
3,51,20.111565794428273
3,52,23.523167589418204
3,53,24.450898514735115
3,54,21.769687197652193
3,55,22.57511303868777
3,56,26.24297698417749
3,57,25.94986393873088
3,58,23.9132272150172
3,59,26.916981694157872
3,60,29.612030789856277
3,61,28.468845131651406
3,62,28.51121840993497
3,63,24.808949578431772
3,64,24.388123659370052
3,65,21.45966746309999
3,66,20.083253779436564
3,67,17.147250730627068
3,68,19.436807601105777
3,69,23.151297407979243
3,70,25.864253838287706
3,71,28.626982738371286
3,72,32.2730073390691
3,73,32.586351603861694
3,74,33.06313682355441
3,75,31.46903671123446
3,76,33.98255129846236
3,77,33.66134756670507
3,78,34.639596949810624
3,79,31.110579878645343
3,80,29.735792809210864
3,81,31.95920093157611
3,82,29.15246031209675
3,83,28.80654922105039
3,84,26.107461085454926
3,85,25.298505053508386
3,86,25.622000095451543
3,87,22.868917803957213
3,88,20.248665240352707
3,89,20.61852488574604
3,90,21.190502773754883
3,91,19.91398056695119
3,92,16.57262446276583
3,93,16.17567170369037
3,94,16.849374096841906
3,95,20.17252098448817
3,96,21.01579380450647
3,97,21.040817986860418
3,98,23.150202583848188
3,99,25.63427278628512
3,100,25.931922374677143
3,101,25.85723638475246
3,102,29.56787156629952
3,103,29.853408224377002
3,104,27.09750291571127
3,105,29.715207053478874
3,106,32.07041873777278
3,107,29.717262366432116
3,108,28.909850055437474
3,109,32.691591396797264
3,110,33.57741947834183
3,111,30.59700304615142
3,112,32.22480171266109
3,113,35.67271920039126
3,114,34.7400420386866
3,115,33.48309778404631
3,116,36.38849845184791
3,117,38.84975528500558
3,118,37.11719330970542
3,119,37.34662468973102
3,120,41.02470277839307
3,121,41.64134776520853
3,122,40.25151624001317
3,123,42.590821370093956
3,124,45.53349510066525
3,125,44.68310687839322
3,126,44.45265522002422
3,127,47.94340494819633
3,128,49.74811177799518
4,1,9.005161534582726
4,2,6.999236923378043
4,3,3.779273843825997
4,5,3.824964692759784
4,6,5.227272656598964
4,7,8.152032590180298
4,8,8.955906950961076
4,9,12.176320519323767
4,10,12.830563365886507
4,11,15.479467755954314
4,12,15.31194652144739
4,13,16.541868263873575
4,14,13.910967631581567
4,15,10.814792048089364
4,16,12.876772024890778
4,17,12.783399566275012
4,18,9.124878657659758
4,19,9.384835187723676
4,20,9.141159120316209
4,21,5.498261960987433
4,22,5.553572177318178
4,23,9.07222768069361
4,24,9.194092768637681
4,25,7.512832242704003
4,26,10.247650619048668
4,27,13.084931712370631
4,28,12.366890348169369
4,29,11.930336808275175
4,30,15.31103077147161
4,31,16.86231468335553
4,32,31.734167813740754
4,33,32.454107348123614
4,34,31.480067100303376
4,35,29.640128882373112
4,36,26.44478724916149
4,37,27.0940323621145
4,38,27.733012658324206
4,39,24.49983114096364
4,40,22.285083568543126
4,41,23.808846277112742
4,42,23.32221289580445
4,43,19.62833429100031
4,44,19.82873289765501
4,45,21.827662661287217
4,46,19.773046197293095
4,47,16.627232578640015
4,48,18.839978204500454
4,49,20.781754273591154
4,50,18.201542443765366
4,51,16.667984535047594
4,52,20.190734882021474
4,53,20.959158817270875
4,54,18.436899499566636
4,55,19.534638407303316
4,56,23.11632856084238
4,57,22.884416226877153
4,58,21.177169742996877
4,59,24.254151226886343
4,60,26.809209535883898
4,61,25.919160843113556
4,62,26.264686121642537
4,63,22.684972479335
4,64,22.16488426270682
4,65,19.535411192872786
4,66,18.474568793097745
4,67,15.525004153024025
4,68,18.087703933767727
4,69,21.60690688230208
4,70,24.445886849095956
4,71,26.860591610164786
4,72,30.49732256144459
4,73,30.584943200854745
4,74,31.302920196895286
4,75,29.727261637469038
4,76,32.05614377831872
4,77,31.96771522464761
4,78,32.6674375771293
4,79,29.015501235672517
4,80,28.018428895254548
4,81,30.58190192127521
4,82,28.09468166139888
4,83,28.12317868370465
4,84,25.624394644792705
4,85,25.289649391053185
4,86,25.280758944981653
4,87,22.19389828170999
4,88,19.94155158717256
4,89,20.883555482918727
4,90,21.137417945609727
4,91,19.238150624762728
4,92,15.618341307546997
4,93,14.476637893810928
4,94,14.809196760997395
4,95,18.41988106926525
4,96,19.184240142369127
4,97,18.61575503167988
4,98,20.774373671066254
4,99,23.502400999868634
4,100,23.58687051128363
4,101,23.11201536843581
4,102,26.746830719619513
4,103,27.154163090063484
4,104,24.244128764763097
4,105,26.629469826233183
4,106,29.208665047699473
4,107,27.067652181739188
4,108,26.012233051496807
4,109,29.787117140404597
4,110,30.96609749882808
4,111,28.049093198460888
4,112,29.443898924752947
4,113,33.00993379137634
4,114,32.38802516310873
4,115,31.12067610431307
4,116,33.83221482973035
4,117,36.479903720711135
4,118,35.01870969342886
4,119,35.142197562447876
4,120,38.76480277336218
4,121,39.64956529691924
4,122,38.43111031731722
4,123,40.5934766604553
4,124,43.59030706574128
4,125,43.02124943150651
4,126,42.80782031644456
4,127,46.17226809454241
4,128,48.202912572195764
5,1,10.36851342399934
5,2,7.700401959938628
5,3,6.157878762235647
5,4,3.824964692759784
5,6,3.8049321671211858
5,7,5.584624594121411
5,8,5.2696629882767025
5,9,8.735648818183208
5,10,9.866278295498747
5,11,12.483695335529703
5,12,12.414958695920792
5,13,14.281759548882727
5,14,11.974272217825332
5,15,8.692417609117733
5,16,11.271539616753577
5,17,12.124473248270919
5,18,9.078201218709989
5,19,9.288321963833857
5,20,10.502412433121439
5,21,7.568043068299006
5,22,6.415201306977187
5,23,10.195616132752846
5,24,11.551235941090145
5,25,9.857231595970632
5,26,11.518264899822698
5,27,14.859450924630307
5,28,14.934587833219613
5,29,14.655194735312934
5,30,17.96218938826136
5,31,18.953921844368086
5,32,33.649035060672894
5,33,33.97663090478083
5,34,32.9554908790033
5,35,30.76541082879627
5,36,27.846815076862462
5,37,28.668862370784176
5,38,28.86983955465789
5,39,25.493578319439944
5,40,23.746817036647794
5,41,25.234628073940268
5,42,24.196429133118347
5,43,20.606369920698288
5,44,21.261522252180264
5,45,22.820402960194688
5,46,20.239570395034303
5,47,17.462439292987785
5,48,19.833798457668813
5,49,21.130580706774612
5,50,18.068147238692884
5,51,17.034137300333512
5,52,20.498809914207325
5,53,20.56873701064831
5,54,17.86194145398178
5,55,19.53069862529349
5,56,22.860193709984276
5,57,22.054476333461974
5,58,20.62417014563081
5,59,24.034481032919526
5,60,26.16233314358064
5,61,24.983883767404876
5,62,25.771209307539937
5,63,22.33986784034211
5,64,22.390635881612237
5,65,20.209713757155257
5,66,18.741220912770324
5,67,15.37462127111753
5,68,17.361425481428068
5,69,20.77800729169605
5,70,23.218947214948173
5,71,25.436615549789064
5,72,28.906125487956956
5,73,28.613449678487022
5,74,29.02670494634125
5,75,27.11637517239286
5,76,29.228693684707107
5,77,28.889804848874505
5,78,29.442197945208886
5,79,25.8362336195775
5,80,24.70169557371508
5,81,27.25414675642732
5,82,24.761025255420922
5,83,25.045940519706036
5,84,22.82900232117829
5,85,22.48772061103344
5,86,22.09870938608789
5,87,19.034927503276453
5,88,17.151339651170925
5,89,18.098123720863274
5,90,17.91464792288545
5,91,15.748560664885135
5,92,12.045634174395834
5,93,10.998473175808414
5,94,11.080830834646054
5,95,14.641598682618993
5,96,15.618915302941026
5,97,15.220914168082471
5,98,17.18787710340042
5,99,19.906959550065725
5,100,20.271401547129003
5,101,19.910949555856412
5,102,23.635901195896523
5,103,24.21486581044667
5,104,21.585979392468037
5,105,24.222513699317616
5,106,26.720840931093107
5,107,24.70773114117324
5,108,24.03604881257356
5,109,27.846265197373455
5,110,29.030764785258935
5,111,26.401725840013366
5,112,28.07201637968586
5,113,31.59385673145415
5,114,30.97930283853189
5,115,30.133126483202556
5,116,32.917864924564455
5,117,35.42820302064269
5,118,34.1515725539679
5,119,34.622798347199044
5,120,38.12098796905548
5,121,38.9440440842431
5,122,38.058949815825436
5,123,40.34764510295051
5,124,43.150217261692255
5,125,42.672080700651186
5,126,42.78885085355712
5,127,46.10438481517589
5,128,48.14509804606382
6,1,7.718081735500055
6,2,4.457166289433758
6,3,4.7857697555890155
6,4,5.227272656598964
6,5,3.8049321671211858
6,7,3.8162265008837655
6,8,5.613942929439548
6,9,7.757394870001573
6,10,8.259375319803974
6,11,11.489914196039347
6,12,12.411192787230231
6,13,13.68302938535236
6,14,10.637882074534957
6,15,8.29994476496953
6,16,11.554199707235155
6,17,11.59714043761021
6,18,8.81961771741181
6,19,10.505771536141662
6,20,11.76376875630785
6,21,8.638293027578817
6,22,9.046146283377418
6,23,12.771803479897722
6,24,13.794521483267307
6,25,12.556930852582322
6,26,14.807257857160197
6,27,17.996756679910494
6,28,17.561925868086217
6,29,16.975968181044724
6,30,20.16390794229228
6,31,21.67368597477202
6,32,36.37691070800027
6,33,36.8823772502265
6,34,35.66343824930412
6,35,33.522652853666145
6,36,30.47458488564329
6,37,31.486093906843465
6,38,31.951869527786528
6,39,28.518786653312297
6,40,26.67814668223888
6,41,28.39511354748704
6,42,27.593339998494468
6,43,23.919372959566715
6,44,24.536786076612643
6,45,26.33234713579879
6,46,23.881063125089536
6,47,21.023499488323875
6,48,23.34813403022106
6,49,24.829502088089367
6,50,21.82450660359974
6,51,20.610364552671257
6,52,24.01705897485823
6,53,24.196622251063047
6,54,21.332494444902373
6,55,22.77109231896856
6,56,26.1790071019285
6,57,25.257952025038406
6,58,23.533925621690425
6,59,26.921735627582425
6,60,29.137721034008408
6,61,27.66501779118521
6,62,28.21650914142933
6,63,24.67246094794019
6,64,24.89437021761747
6,65,22.455807467141305
6,66,20.617791895283933
6,67,17.17623438783334
6,68,18.805766692695926
6,69,22.427472679490553
6,70,24.659319918147176
6,71,27.211924748579687
6,72,30.654672135238215
6,73,30.51652565555763
6,74,30.589131669567518
6,75,28.56956338557197
6,76,30.820146174191308
6,77,30.138875485425235
6,78,30.955048412579906
6,79,27.520295161060407
6,80,25.90773526784713
6,81,28.04620384209219
6,82,25.16517216014209
6,83,25.092859867895015
6,84,22.730227814318887
6,85,21.783244727090413
6,86,21.649122011914354
6,87,19.013479723348823
6,88,16.785437955695762
6,89,16.97571369648759
6,90,16.99874907152255
6,91,15.543636150226881
6,92,12.171961396650486
6,93,12.244127583187296
6,94,12.666683267313461
6,95,15.74831864090197
6,96,16.932556820040887
6,97,17.322679451628073
6,98,19.105535048999034
6,99,21.515927572040642
6,100,22.235160909133725
6,101,22.35227348914544
6,102,26.143099369116257
6,103,26.646335757982722
6,104,24.27706147735313
6,105,27.186732652783522
6,106,29.42316361845366
6,107,27.229469790536214
6,108,26.898623716751853
6,109,30.706836314202924
6,110,31.58778267039615
6,111,28.957333865747216
6,112,30.913479391111295
6,113,34.30389739852571
6,114,33.373377817498564
6,115,32.6187453860306
6,116,35.61328329542662
6,117,37.91103235218964
6,118,36.39408484284694
6,119,37.038854993702415
6,120,40.57367497531083
6,121,41.11482084474885
6,122,40.121843915961904
6,123,42.616280731825285
6,124,45.33024311287586
6,125,44.585829366539066
6,126,44.75274698688263
6,127,48.190213829755756
6,128,50.00894298277715
7,1,8.996266433768405
7,2,6.653573104040368
7,3,8.002289410311063
7,4,8.152032590180298
7,5,5.584624594121411
7,6,3.8162265008837655
7,8,3.826557325609424
7,9,5.337167243971729
7,10,4.7182576196227455
7,11,7.691638643297308
7,12,8.760432250422967
7,13,10.124935957699561
7,14,7.282116551817284
7,15,5.190020839809835
7,16,8.886462855670738
7,17,9.53568163471972
7,18,7.855704816783916
7,19,9.737727320811155
7,20,12.11471841737027
7,21,9.946820405325148
7,22,10.055998328255722
7,23,13.481120115903227
7,24,15.368638259254517
7,25,14.670861141602762
7,26,16.317906487404134
7,27,19.857673229983774
7,28,20.014232297108148
7,29,19.929877629367375
7,30,23.29397195100102
7,31,24.47812283652081
7,32,39.22133621697906
7,33,39.555797095217656
7,34,38.49246371066573
7,35,36.234652768418954
7,36,33.34576923608235
7,37,34.245026426300825
7,38,34.4095884318183
7,39,31.00487538471566
7,40,29.327436401224293
7,41,30.780355211689617
7,42,29.63993175991503
7,43,26.1085493999813
7,44,26.71315780209638
7,45,28.080560193233357
7,46,25.41053590800615
7,47,22.645830903859032
7,48,24.72357961694299
7,49,25.81735080221004
7,50,22.51795134774123
7,51,21.335405109966253
7,52,24.45806349077744
7,53,24.229225941484845
7,54,21.056915424106478
7,55,22.587827667381557
7,56,25.79591060822432
7,57,24.360276633193767
7,58,22.57989626750392
7,59,26.10943972025983
7,60,28.04524205640705
7,61,26.152811458762642
7,62,26.826449685113975
7,63,23.399568302648106
7,64,24.192884847717266
7,65,22.044614833280512
7,66,19.702580898957287
7,67,16.030241741149684
7,68,16.932251045047963
7,69,20.452250417397632
7,70,22.23929726930554
7,71,24.790158367274934
7,72,28.06734784891434
7,73,27.824426925765035
7,74,27.568215717191535
7,75,25.39924538633193
7,76,27.672502416451728
7,77,26.79184974891105
7,78,27.788903037461743
7,79,24.48619112232597
7,80,22.610471149167186
7,81,24.535875195156674
7,82,21.533946875825347
7,83,21.336065430483092
7,84,18.979926322243866
7,85,17.97669098723655
7,86,17.861397187235088
7,87,15.27057374662157
7,88,13.015823389026368
7,89,13.19553982024947
7,90,13.29092655648016
7,91,11.965904481028076
7,92,8.792264638831695
7,93,9.317237507778053
7,94,10.446138661154203
7,95,13.126223726382763
7,96,13.978606168386634
7,97,14.971504437762112
7,98,16.890716489573645
7,99,18.822612977019606
7,100,19.571020847520522
7,101,20.217679941717073
7,102,23.989714257068457
7,103,24.257811032507927
7,104,22.168507112620336
7,105,25.375213841002047
7,106,27.249558187323508
7,107,24.91372104861281
7,108,25.03159495420283
7,109,28.789819028696176
7,110,29.373333902061287
7,111,26.90715056592328
7,112,29.221215390827513
7,113,32.42561732828579
7,114,31.26247143289251
7,115,30.83914190909254
7,116,34.002439823725545
7,117,36.025715388038144
7,118,34.48222091803907
7,119,35.478586256548596
7,120,38.91355774267496
7,121,39.22437245658021
7,122,38.42139826535275
7,123,41.113279137013876
7,124,43.60456774091052
7,125,42.785093039328196
7,126,43.238280236463225
7,127,46.67932393964753
7,128,48.3764910138873
8,1,12.494528443018043
8,2,9.710433985245821
8,3,10.121422817443664
8,4,8.955906950961076
8,5,5.2696629882767025
8,6,5.613942929439548
8,7,3.826557325609424
8,9,3.810202396916129
8,10,5.618065685194293
8,11,8.173703584739155
8,12,8.817309481040914
8,13,11.42556147200537
8,14,9.620974515318597
8,15,7.010658971250375
8,16,10.285376727334507
8,17,12.067189706299938
8,18,10.437130521974424
8,19,11.132347811445483
8,20,13.703363982030462
8,21,11.609226758487074
8,22,10.413930152637434
8,23,13.83784130840393
8,24,16.049655576072528
8,25,14.723823926546316
8,26,15.680812577918799
8,27,19.276561114270528
8,28,19.874520274658988
8,29,19.716662931725345
8,30,22.92897219456049
8,31,23.599112900118282
8,32,37.97847870182521
8,33,37.96182228629501
8,34,36.86420670587009
8,35,34.353420265032355
8,36,31.72611481728646
8,37,32.747168523420115
8,38,32.565255793332874
8,39,29.094753049013125
8,40,27.81560341475739
8,41,29.270037277048548
8,42,27.75100455610111
8,43,24.349508781333476
8,44,25.371223546410658
8,45,26.48319446141121
8,46,23.48147953304752
8,47,21.130883437991614
8,48,23.473657734102336
8,49,24.1035719190825
8,50,20.632210486810315
8,51,20.052153796480283
8,52,23.220833888479348
8,53,22.521344874225964
8,54,19.581344639830924
8,55,21.685980183162563
8,56,24.62074388815074
8,57,23.028961790789907
8,58,21.807705322016435
8,59,25.4932505370942
8,60,27.065140175299245
8,61,25.34891465982224
8,62,26.541517871063203
8,63,23.352217673337766
8,64,24.225353825569822
8,65,22.525935725393527
8,66,20.42706332542736
8,67,16.716818409375115
8,68,17.625383382816885
8,69,20.828099380087263
8,70,22.50785452625012
8,71,24.56983225665192
8,72,27.703538808867016
8,73,26.9824976726709
8,74,26.754975856324638
8,75,24.336605548503535
8,76,26.19647382728847
8,77,25.298881824524667
8,78,25.813586531823184
8,79,22.4216298678918
8,80,20.789254189849323
8,81,23.05324618044297
8,82,20.34575219284142
8,83,20.819139979060207
8,84,18.98944451896194
8,85,18.3581737880587
8,86,17.495641123031177
8,87,14.714127383851022
8,88,13.324049887617619
8,89,13.909081345854132
8,90,13.0816604877091
8,91,10.80738984536271
8,92,7.145676568440691
8,93,7.159320610942415
8,94,7.140259652453962
8,95,10.138237622714694
8,96,11.533458524421619
8,97,12.076385552801588
8,98,13.613716746321467
8,99,15.972390237430021
8,100,16.97094550527243
8,101,17.19818374568956
8,102,21.00828431090886
8,103,21.711994330838362
8,104,19.740236664911894
8,105,22.862340400041784
8,106,24.97274619630623
8,107,23.042697024998866
8,108,23.166703422058216
8,109,26.91714717918185
8,110,27.8640616234545
8,111,25.687670819972272
8,112,27.87868572771632
8,113,31.17257180363763
8,114,30.373297238029668
8,115,30.165053244062605
8,116,33.12374023314669
8,117,35.27318324783288
8,118,34.114921959106866
8,119,35.14102003235014
8,120,38.44421155681631
8,121,39.00564121612845
8,122,38.50933222740831
8,123,41.05264853484413
8,124,43.51586365912164
8,125,43.01069434427881
8,126,43.58768814659676
8,127,46.87412040740529
8,128,48.78511959021618
9,1,13.886358268346836
9,2,11.062431997032371
9,3,12.531425098416005
9,4,12.176320519323767
9,5,8.735648818183208
9,6,7.757394870001573
9,7,5.337167243971729
9,8,3.810202396916129
9,10,3.833651738673815
9,11,6.7491063993419615
9,12,8.866446456594598
9,13,11.403042913581325
9,14,9.669474234708474
9,15,8.455239372586723
9,16,11.974626542447561
9,17,13.645911529510172
9,18,12.765550742018206
9,19,14.099089639909346
9,20,16.89777710986949
9,21,14.863086052091415
9,22,14.090397401894034
9,23,17.48948958566105
9,24,19.70201277319946
9,25,18.44212285557858
9,26,19.488552487190915
9,27,23.06750689302463
9,28,23.565059150745707
9,29,23.197250967482024
9,30,26.283975022069423
9,31,27.052845552155556
9,32,41.2704386021861
9,33,41.1619097613155
9,34,39.877758221002914
9,35,37.22322295173616
9,36,34.675680115186424
9,37,35.936432995228486
9,38,35.72844786413926
9,39,32.16710470280967
9,40,31.076026231612254
9,41,32.69944722361199
9,42,31.10959921628926
9,43,27.72818449461667
9,44,28.956775883692774
9,45,30.069623998196576
9,46,26.960138811917588
9,47,24.776561881326572
9,48,27.194456226550013
9,49,27.674337250177146
9,50,24.133563476530707
9,51,23.72102069491121
9,52,26.81023721384534
9,53,25.887458649868663
9,54,22.919620076566577
9,55,25.112955602190574
9,56,27.899678337123085
9,57,26.02005538617907
9,58,24.845578670772184
9,59,28.578435238019708
9,60,29.933040584097945
9,61,27.942956206866906
9,62,29.226513758886703
9,63,26.14491376749048
9,64,27.355113123901713
9,65,25.746731738601344
9,66,23.35294716038669
9,67,19.577079918900385
9,68,19.938409612017367
9,69,23.041617353404153
9,70,24.245979707028276
9,71,26.309372691532868
9,72,29.193975466375058
9,73,28.29517239319244
9,74,27.56161466271535
9,75,24.815970421410878
9,76,26.491180397683816
9,77,25.059312792771454
9,78,25.592769008845455
9,79,22.5114628477007
9,80,20.35800936508564
9,81,22.1511917741543
9,82,19.137461008988083
9,83,19.610563740620016
9,84,18.095919367432828
9,85,16.847801707653485
9,86,15.690376863450812
9,87,13.572985408862351
9,88,12.512914476180885
9,89,12.161993373308206
9,90,10.7406172384985
9,91,8.974515216614972
9,92,6.024074564399365
9,93,7.9657339638574465
9,94,7.74319790448443
9,95,9.43797951680677
9,96,11.429672497948838
9,97,12.943566099067423
9,98,13.777979870242444
9,99,15.696136743698794
9,100,17.38375670992188
9,101,18.08247220788617
9,102,21.81716710746709
9,103,22.660825951943615
9,104,21.262282346038692
9,105,24.615646548406175
9,106,26.419321572411807
9,107,24.57901801173397
9,108,25.225424224859555
9,109,28.86289132426773
9,110,29.60685049024961
9,111,27.722419722826025
9,112,30.20551946205379
9,113,33.309323418133964
9,114,32.34639489939085
9,115,32.48555856735466
9,116,35.548700404973765
9,117,37.444472261995976
9,118,36.28556736333258
9,119,37.61649134791993
9,120,40.813220731945485
9,121,41.157847428689436
9,122,40.814152487765384
9,123,43.52507550700907
9,124,45.78701540829185
9,125,45.181337710681966
9,126,45.98568526740362
9,127,49.28480236044536
9,128,51.0493483199235
10,1,12.382924269298138
10,2,10.451332289375122
10,3,12.559631315363026
10,4,12.830563365886507
10,5,9.866278295498747
10,6,8.259375319803974
10,7,4.7182576196227455
10,8,5.618065685194293
10,9,3.833651738673815
10,11,3.8025968426647396
10,12,6.586633310440398
10,13,8.170565957469575
10,14,6.1160762754110864
10,15,6.0598470740522155
10,16,9.545291929387067
10,17,10.813366913903263
10,18,10.750821491354683
10,19,12.689465237489792
10,20,15.737332644224708
10,21,14.224354298167084
10,22,14.129331124565846
10,23,17.236214998067503
10,24,19.593462491087358
10,25,19.061562723159078
10,26,20.276971828285884
10,27,23.960538489705876
10,28,24.455866110391337
10,29,24.46771174795216
10,30,27.804351192872268
10,31,28.77852082339833
10,32,43.365587365901746
10,33,43.47448309245949
10,34,42.37595155737369
10,35,39.91066417552197
10,36,37.213667302605536
10,37,38.22561018271285
10,38,38.132681603916645
10,39,34.67658397970473
10,40,33.290142499116264
10,41,34.70046273745677
10,42,33.245478851803895
10,43,29.84301528202587
10,44,30.65637485410801
10,45,31.720735698715206
10,46,28.796430037856215
10,47,26.295801149126664
10,48,28.322464522136286
10,49,28.980223726621876
10,50,25.44820900471128
10,51,24.540337991030746
10,52,27.40819539150756
10,53,26.67219923627614
10,54,23.375993823114285
10,55,25.127919953891507
10,56,27.997974453922247
10,57,26.000294546318838
10,58,24.36098550464658
10,59,27.996900780244484
10,60,29.484855135810488
10,61,27.157475055324404
10,62,28.079071190748497
10,63,24.92059704986437
10,64,26.354499053402243
10,65,24.604487969121074
10,66,21.82542141123422
10,67,18.067095023467683
10,68,17.999714748227493
10,69,21.187088591704864
10,70,22.206811027465797
10,71,24.618127143389863
10,72,27.511025863336723
10,73,26.970521913832442
10,74,26.080290768107965
10,75,23.520085039927658
10,76,25.5964387804525
10,77,24.158405239293266
10,78,25.254415056546673
10,79,22.29849023573237
10,80,19.866127298590925
10,81,21.285435900249997
10,82,17.988075552489377
10,83,17.742995801633164
10,84,15.708483698930419
10,85,14.185587891774832
10,86,13.776386837092803
10,87,11.741989267120994
10,88,9.843716275350385
10,89,9.210141339220549
10,90,8.827350512235885
10,91,8.061121509050084
10,92,5.8078160438839666
10,93,8.13893426949794
10,94,9.564130163847805
10,95,10.94756131310475
10,96,11.864851645548798
10,97,13.964198189649904
10,98,15.439045511090137
10,99,16.662885348816623
10,100,17.91748678678966
10,101,19.252880880893933
10,102,22.90538976244256
10,103,23.1417439108875
10,104,21.718943620092844
10,105,25.256191355746857
10,106,26.65958310868148
10,107,24.371075913673725
10,108,25.203391521943523
10,109,28.80067771430686
10,110,29.07285133816397
10,111,27.020386661399783
10,112,29.761792974850287
10,113,32.67932598564251
10,114,31.300361228089947
10,115,31.41959843133319
10,116,34.71427813208202
10,117,36.36082078867787
10,118,34.87916032935985
10,119,36.35120936399607
10,120,39.58696248799767
10,121,39.61496269231326
10,122,39.12308600036746
10,123,42.03418317081964
10,124,44.19833437396652
10,125,43.311224750845234
10,126,44.15699943861273
10,127,47.56289201407257
10,128,49.0948502393542
11,1,14.793939334466998
11,2,13.53235439038274
11,3,15.485926543820776
11,4,15.479467755954314
11,5,12.483695335529703
11,6,11.489914196039347
11,7,7.691638643297308
11,8,8.173703584739155
11,9,6.7491063993419615
11,10,3.8025968426647396
11,12,3.8042386881580543
11,13,5.360050659883909
11,14,5.145212652717375
11,15,6.173417401677072
11,16,8.437539836008023
11,17,10.347458434778781
11,18,11.479539549350012
11,19,13.020924263649574
11,20,16.527715531861496
11,21,15.856912045438943
11,22,15.572660523305949
11,23,18.124063155449832
11,24,20.95411227113408
11,25,20.879266323553207
11,26,21.633281874855932
11,27,25.423716526178932
11,28,26.35556203205837
11,29,26.82309514405498
11,30,30.30562306391491
11,31,31.029195656115803
11,32,45.58983077161294
11,33,45.60907336923589
11,34,44.73984226824708
11,35,42.27101289620521
11,36,39.68579077176345
11,37,40.48197302616446
11,38,40.16305195147572
11,39,36.821282178089376
11,40,35.484024653928536
11,41,36.577978652075885
11,42,34.91056548618807
11,43,31.685215401973736
11,44,32.34855065889925
11,45,33.033707639583085
11,46,30.063691572936257
11,47,27.624900221992384
11,48,29.30700572698939
11,49,29.678511916572972
11,50,26.048155553205586
11,51,25.095891394237817
11,52,27.57509991553085
11,53,26.570871327210327
11,54,23.110922678477856
11,55,24.7791648127799
11,56,27.365125278926296
11,57,24.979413800701412
11,58,23.30107329140535
11,59,26.894413189539975
11,60,28.08920629377152
11,61,25.414313347475915
11,62,26.385922750240358
11,63,23.470541606436946
11,64,25.393803763994306
11,65,23.998415993912708
11,66,20.907439229669297
11,67,17.226417697274723
11,68,16.383782497937652
11,69,19.20583374173381
11,70,19.674575565527135
11,71,21.98997986126811
11,72,24.627779724269846
11,73,24.034803648746514
11,74,22.836157497293563
11,75,20.223553516931993
11,76,22.37643049246696
11,77,20.825888400211348
11,78,22.227083808405492
11,79,19.461989555642432
11,80,16.805064363893077
11,81,17.950428693548687
11,82,14.562321904182005
11,83,14.035633972260397
11,84,11.9072500806087
11,85,10.499102178993905
11,86,10.240000045452144
11,87,8.097576277021867
11,88,6.076456946801848
11,89,5.754122610409554
11,90,5.810858230584779
11,91,5.403325774214492
11,92,4.49936347925898
11,93,7.09267929555393
11,94,9.564595186778318
11,95,10.110951076142024
11,96,9.999048361996843
11,97,12.731093313380354
11,98,14.475587366648757
11,99,14.87769622554617
11,100,15.85580052574704
11,101,17.832012530229342
11,102,21.254875282212776
11,103,21.047101848048925
11,104,19.91979351673636
11,105,23.618977673173795
11,106,24.543034650830528
11,107,22.0815813783043
11,108,23.3380387002937
11,109,26.758894673048232
11,110,26.656897169055085
11,111,24.784531789096224
11,112,27.81393286146349
11,113,30.45804254784826
11,114,28.83966026843979
11,115,29.26053947785641
11,116,32.65800528091649
11,117,33.99691770649509
11,118,32.49090305536919
11,119,34.267187461213915
11,120,37.35717702684938
11,121,37.15755472050652
11,122,36.84364430540985
11,123,39.89523210381503
11,124,41.825507980015985
11,125,40.87878856775434
11,126,41.97663061144713
11,127,45.34274041580503
11,128,46.75207481783623
12,1,15.656487903024031
12,2,14.750868078625436
12,3,15.961112930574847
12,4,15.31194652144739
12,5,12.414958695920792
12,6,12.411192787230231
12,7,8.760432250422967
12,8,8.817309481040914
12,9,8.866446456594598
12,10,6.586633310440398
12,11,3.8042386881580543
12,13,3.8015176014865046
12,14,5.451855651485952
12,15,5.2698119596335165
12,16,5.954040875707474
12,17,8.93404434210254
12,18,10.389212000430181
12,19,10.95806763697844
12,20,14.72294245160771
12,21,14.787203267428845
12,22,14.056346173283362
12,23,16.005029958642346
12,24,19.227690013879297
12,25,19.496838450546257
12,26,19.73867142829604
12,27,23.54689948786663
12,28,24.917337144523707
12,29,25.876719229220956
12,30,29.47695841027002
12,31,29.897646815370724
12,32,44.34177943227753
12,33,44.32787124279218
12,34,43.76105291069004
12,35,41.3895434123717
12,36,38.88036343096647
12,37,39.35577409534128
12,38,38.861333423147684
12,39,35.70218228248783
12,40,34.32345508458137
12,41,35.04510889186235
12,42,33.25567587099694
12,43,30.215262411877696
12,44,30.634496771586686
12,45,30.985193564198124
12,46,28.076476997152422
12,47,25.642126332803688
12,48,26.964091640323712
12,49,27.1650506656003
12,50,23.539223313731842
12,51,22.470524712851944
12,52,24.635930686181183
12,53,23.53935111456362
12,54,19.98224080644322
12,55,21.534447710790452
12,56,23.963447979617975
12,57,21.445150540986727
12,58,19.72365547951187
12,59,23.286302877579043
12,60,24.386255728899958
12,61,21.638931971925025
12,62,22.64821543586817
12,63,19.831441311318944
12,64,21.92761325502272
12,65,20.807381605833633
12,66,17.684188634803164
12,67,14.06510805451294
12,68,12.966955183804613
12,69,15.596958334512559
12,70,16.070621736980417
12,71,18.287644733957162
12,72,21.01666183588479
12,73,20.47385694088932
12,74,19.55193713843972
12,75,17.161225782520688
12,76,19.547534378834758
12,77,18.48640521876871
12,78,20.010942411371992
12,79,17.00809268981819
12,80,14.7776694293025
12,81,16.363103811300476
12,82,13.381403275326738
12,83,12.880313402801091
12,84,10.443331705656348
12,85,10.274298219532195
12,86,10.249998453227125
12,87,7.029459786759132
12,88,4.799303463518129
12,89,6.8713918517178705
12,90,7.54805790080434
12,91,6.113011231445587
12,92,4.893719168962899
12,93,5.283564130597122
12,94,8.821380735466015
12,95,9.747303854196671
12,96,8.36605151081856
12,97,10.663489434892847
12,98,13.214494908234842
12,99,13.447178576865706
12,100,13.558081457933401
12,101,15.597821542463956
12,102,18.920633607029664
12,103,18.26516935052665
12,104,16.84332927530684
12,105,20.50591916565003
12,106,21.34056080044453
12,107,18.653205669215282
12,108,19.804784542643198
12,109,23.22389781026743
12,110,23.043401668988324
12,111,21.04550885467824
12,112,24.079496280143406
12,113,26.71586622655903
12,114,25.08425221853508
12,115,25.458216162183724
12,116,28.85714278008736
12,117,30.216725066472435
12,118,28.731659977529688
12,119,30.488927836094547
12,120,33.572539911852
12,121,33.43563602047109
12,122,33.1610620573091
12,123,36.16803462441553
12,124,38.116580920166875
12,125,37.263019922371214
12,126,38.36672293470393
12,127,41.68836480295027
12,128,43.18565432719579
13,1,14.956462779972691
13,2,14.94402276688124
13,3,16.54403572692421
13,4,16.541868263873575
13,5,14.281759548882727
13,6,13.68302938535236
13,7,10.124935957699561
13,8,11.42556147200537
13,9,11.403042913581325
13,10,8.170565957469575
13,11,5.360050659883909
13,12,3.8015176014865046
13,14,3.8063288516288742
13,15,5.731230407139828
13,16,5.266354891241224
13,17,7.031459563778142
13,18,9.692409655872522
13,19,10.940168148073017
13,20,14.517651397553479
13,21,15.057879126681646
13,22,15.170299082464574
13,23,16.774719581335702
13,24,19.806991544373002
13,25,20.693604227869585
13,26,21.265600248895453
13,27,24.98467140192457
13,28,26.144050726430905
13,29,27.283364065135228
13,30,30.988885133524214
13,31,31.701046035978276
13,32,46.35729593615929
13,33,46.59625950475704
13,34,46.11989120976694
13,35,43.94284002829821
13,36,41.26163180901006
13,37,41.58787307913617
13,38,41.30261708893665
13,39,38.22119282633423
13,40,36.55732745975784
13,41,37.196152019838706
13,42,35.64997467112064
13,43,32.55761261445358
13,44,32.62800253899103
13,45,33.07846509452758
13,46,30.431869373940117
13,47,27.71344758228019
13,48,28.73329096010392
13,49,29.233639423277427
13,50,25.766535830655897
13,51,24.221567058058476
13,52,26.20643272467624
13,53,25.46993365401667
13,54,21.752818649857645
13,55,22.720588975183567
13,56,25.25934068548804
13,57,22.84163630843433
13,58,20.600241265377324
13,59,23.8902269391873
13,60,25.236028988002484
13,61,22.249817762730167
13,62,22.681104496632006
13,63,19.776283007985068
13,64,21.9542795152438
13,65,20.56922842720411
13,66,17.11342645238192
13,67,13.730126370691735
13,68,12.177207168525454
13,69,14.896806368119625
13,70,15.197954652494538
13,71,17.955737669242197
13,72,20.694720996226874
13,73,20.75514123318508
13,74,19.73723188321913
13,75,17.77712089292644
13,76,20.620890193662973
13,77,19.641145212410965
13,78,21.755682343021387
13,79,19.041762245933732
13,80,16.669252645268728
13,81,17.691182167491743
13,82,14.563234310408143
13,83,13.045326778390859
13,84,9.835010300663354
13,85,9.290615292939586
13,86,10.658701527498335
13,87,8.085311416849109
13,88,4.451751745496944
13,89,6.103015748878291
13,90,8.580997166678097
13,91,8.733178927666986
13,92,8.389869906600932
13,93,9.02251365902842
13,94,12.597809388337462
13,95,13.444525348236805
13,96,11.831352613378932
13,97,14.175597214788276
13,98,16.863692723974463
13,99,16.732434482693016
13,100,16.533199861270866
13,101,18.85729910112009
13,102,21.969305747018943
13,103,20.84485127351999
13,104,19.39426617732991
13,105,22.9946757950156
13,106,23.47697254922845
13,107,20.418630061309702
13,108,21.597422010652707
13,109,24.867087675703907
13,110,24.195223163793973
13,111,21.97896575768172
13,112,25.146962677130087
13,113,27.542033380008203
13,114,25.457269628840496
13,115,25.68511561339714
13,116,29.2873278813554
13,117,30.37938110272973
13,118,28.472110981710298
13,119,30.294138287107806
13,120,33.43196394875377
13,121,32.9312272664284
13,122,32.38980603483808
13,123,35.59603473419255
13,124,37.46753402457747
13,125,36.248989561880656
13,126,37.31909585202685
13,127,40.775548159115885
13,128,41.985410050629866
14,1,11.357520363145715
14,2,11.341699766580511
14,3,13.324462679793376
14,4,13.910967631581567
14,5,11.974272217825332
14,6,10.637882074534957
14,7,7.282116551817284
14,8,9.620974515318597
14,9,9.669474234708474
14,10,6.1160762754110864
14,11,5.145212652717375
14,12,5.451855651485952
14,13,3.8063288516288742
14,15,3.8124506663198034
14,16,5.380579938574651
14,17,5.6669864679214745
14,18,7.484539727261671
