1,2,3.8080610150252103
1,3,6.406589330343942
1,4,9.429216338337808
1,5,11.903414932620997
1,6,15.275561531156553
1,7,16.426925754292018
1,8,13.579302829255314
1,9,13.863371946236203
1,10,17.64751085029282
1,11,18.011291005706656
1,12,15.663078768741611
1,13,17.382021027835965
1,14,18.613586882916906
1,15,16.75241071543348
1,16,13.34808323730968
1,17,14.28603083117277
1,18,15.75507827709166
1,19,12.495039611951182
1,20,11.96391865688314
1,21,15.525134677456288
1,22,15.357598656102429
1,23,14.168389782799718
1,24,17.531720697670547
1,25,19.436504959228923
1,26,19.47274898218188
1,27,20.56416371467161
1,28,23.62912436203918
1,29,25.858162115535606
1,30,24.906520033649358
1,31,42.356633231780286
1,32,44.43640449734688
1,33,45.44840010360729
1,34,45.08406633684085
1,35,43.80891128264195
1,36,40.32350339145592
1,37,40.83682831924415
1,38,41.81723863785777
1,39,38.865087810358226
1,40,36.33242167720088
1,41,38.03352397157002
1,42,37.74658391432977
1,43,33.99523397713777
1,44,33.802552678030494
1,45,36.00524428736049
1,46,34.39602963679135
1,47,30.859670362696104
1,48,32.11632978388653
1,49,34.22115420084642
1,50,31.52990236909407
1,51,29.153942480985908
1,52,31.935000725488162
1,53,33.12057926550823
1,54,29.829851185760166
1,55,29.93419438365606
1,56,33.53830972977076
1,57,32.81818170048032
1,58,30.005366069210716
1,59,32.78067501581997
1,60,35.551831691782425
1,61,33.29304947200164
1,62,32.384695406994894
1,63,28.736574121749936
1,64,28.887167427787816
1,65,25.58108499276115
1,66,23.730378189903234
1,67,20.770357335953065
1,68,21.660270944104354
1,69,25.314837098319767
1,70,27.340256511368576
1,71,30.93252178200877
1,72,34.17837712747272
1,73,35.01547527871289
1,74,35.05799945746819
1,75,33.81150072634136
1,76,36.93295021027466
1,77,36.34873652180891
1,78,38.38355358600335
1,79,35.35424443485808
1,80,33.18088453326214
1,81,34.17408884850123
1,82,30.824469632812363
1,83,29.207098559299354
1,84,25.869333632584016
1,85,24.264741417414093
1,86,25.61188179068206
1,87,24.230461460078732
1,88,20.71133801464949
1,89,19.882604801308094
1,90,22.014495660541524
1,91,22.855340479984175
1,92,20.98862821069139
1,93,21.749157579609342
1,94,23.945030776610054
1,95,26.247628041998894
1,96,26.30876346017555
1,97,27.82934905186485
1,98,30.153218615526757
1,99,31.79546854400444
1,100,31.680671136033716
1,101,33.088010955435244
1,102,36.67279687883971
1,103,36.11016772381102
1,104,33.77948461458942
1,105,36.93020640463903
1,106,38.282652118148235
1,107,35.200481163391494
1,108,35.15970702413085
1,109,38.62235167274705
1,110,38.0348805849154
1,111,35.2183456486726
1,112,37.49706395210275
1,113,40.43156092451083
1,114,38.458876825912434
1,115,37.29469669542204
1,116,40.809847947799774
1,117,42.31465466576904
1,118,39.71609245298755
1,119,40.47229419671552
1,120,44.14570020354542
1,121,43.680423965884806
1,122,41.84130143986642
1,123,44.76844203459443
1,124,47.22225044501663
1,125,45.42378741696581
1,126,45.47064693231102
1,127,49.17161905782778
1,128,50.37403053373763
2,1,3.8080610150252103
2,3,3.8235032157751148
2,4,5.876317448545138
2,5,8.913637300476497
2,6,12.283393146673461
2,7,13.041339382191802
2,8,9.937921999405434
2,9,10.343780449144758
2,10,14.070756346612782
2,11,14.400859508939984
2,12,12.380357990845102
2,13,14.588663448918185
2,14,16.058335109558456
2,15,14.83233564217231
2,16,11.137820736514456
2,17,11.62976955531517
2,18,13.811061938897883
2,19,11.130415761979465
2,20,10.007984868923486
2,21,13.68002558702722
2,22,14.010812118540525
2,23,12.172465643819056
2,24,15.121569481271177
2,25,17.585843021382676
2,26,17.896263308413154
2,27,18.431242432601227
2,28,21.39730591144911
2,29,23.932313527246453
2,30,23.13057866610824
2,31,40.551667006874254
2,32,42.456479677257036
2,33,43.218179171235775
2,34,42.71822488002148
2,35,41.20857316129663
2,36,37.827397559316815
2,37,38.54351752515008
2,38,39.351672808484636
2,39,36.241440808367955
2,40,33.94037291812893
2,41,35.759441996915456
2,42,35.21813792334244
2,43,31.457979280393143
2,44,31.59447063945282
2,45,33.766638561107385
2,46,31.88859194779351
2,47,28.50018197646883
2,48,30.07451735203862
2,49,31.97766840556662
2,50,29.091377430575058
2,51,27.0390583083903
2,52,30.031684054558266
2,53,30.9601593718161
2,54,27.718322467103956
2,55,28.248603790945022
2,56,31.808045314880406
2,57,30.948675416297235
2,58,28.436229839664787
2,59,31.4749353501931
2,60,34.10762474363874
2,61,31.91798504331075
2,62,31.419804641574547
2,63,27.708471302363275
2,64,27.98432182201839
2,65,24.843857271799596
2,66,22.924817075482668
2,67,19.631184988744312
2,68,20.6337150276313
2,69,24.404877731901287
2,70,26.451819113172725
2,71,29.857669553006776
2,72,33.14841615828423
2,73,33.59787695170259
2,74,33.619144387087424
2,75,32.072636302241165
2,76,34.98446018702235
2,77,34.29301661461891
2,78,36.0527035781288
2,79,32.920008580012315
2,80,30.76007181041767
2,81,31.963880562397538
2,82,28.619734881132835
2,83,27.388621848157943
2,84,24.246926206367604
2,85,22.662484855774444
2,86,23.513684685929544
2,87,21.96758779547172
2,88,18.679142199551865
2,89,17.884052274715145
2,90,19.52198654445276
2,91,20.006367170518764
2,92,17.86010922199965
2,93,18.687389771117846
2,94,20.577218864126586
2,95,22.946004891407785
2,96,23.319457858263913
2,97,24.766080149745033
2,98,26.89369231438072
2,99,28.741472292899562
2,100,28.844702590231265
2,101,30.08007026018507
2,102,33.73510499675517
2,103,33.45153239987212
2,104,31.156294247038538
2,105,34.37101668743591
2,106,35.90382879711928
2,107,33.02480718931206
2,108,33.00613855343805
2,109,36.59369480658163
2,110,36.22655635324357
2,111,33.581851572220046
2,112,35.84784134304401
2,113,38.932442940481444
2,114,37.19205132299779
2,115,36.18059542789438
2,116,39.65518925054405
2,117,41.310282799701774
2,118,38.97648442753605
2,119,39.83057501962441
2,120,43.46097367262624
2,121,43.197595450355664
2,122,41.5998963337642
2,123,44.512559811091236
2,124,46.99305607718763
2,125,45.45159128227199
2,126,45.644900582781176
2,127,49.26014724640117
2,128,50.70446017438764
3,1,6.406589330343942
3,2,3.8235032157751148
3,4,3.812423093959254
3,5,5.561348733527133
3,6,8.87387933129673
3,7,10.318408470578003
3,8,7.840707229615043
3,9,9.091331944218155
3,10,12.591084843964747
3,11,13.882938211427904
3,12,12.423296243515535
3,13,14.879552788627397
3,14,15.723110313545613
3,15,15.022085022390435
3,16,11.471735697811999
3,17,10.698708018348535
3,18,12.775217033140537
3,19,10.243978817125303
3,20,7.9266364896587165
3,21,11.154066958573539
3,22,10.968381117486944
3,23,8.668436989254207
3,24,11.7359256291403
3,25,14.211517810739226
3,26,14.237852922561238
3,27,14.668259845178717
3,28,17.75338859190853
3,29,20.172570727930204
3,30,19.30753454840691
3,31,36.786100195574605
3,32,38.747446557996795
3,33,39.522096581306236
3,34,39.126429986055165
3,35,37.708464746461104
3,36,34.308810514619715
3,37,34.890833135586355
3,38,35.69291572869731
3,39,32.657920758099216
3,40,30.263678045674443
3,41,32.00933102996631
3,42,31.543513018874464
3,43,27.78426482009779
3,44,27.820252632013162
3,45,30.032986439219027
3,46,28.262785420408196
3,47,24.82466606363817
3,48,26.392823260075385
3,49,28.424145591164425
3,50,25.66132145720471
3,51,23.560284125506396
3,52,26.63485921928641
3,53,27.746583432361703
3,54,24.661010355022693
3,55,25.155112073978906
3,56,28.79246551161845
3,57,28.210193339784315
3,58,25.78911310560801
3,59,28.78523945812492
3,60,31.57060683591357
3,61,29.683085465016262
3,62,29.23330223128486
3,63,25.448281674003535
3,64,25.388053639214828
3,65,22.179289942335004
3,66,20.63461136358872
3,67,17.388268108459947
3,68,18.99192042696053
3,69,22.786740661039353
3,70,25.237006692680442
3,71,28.518011812012546
3,72,32.00217456032592
3,73,32.40473723994549
3,74,32.81763587904123
3,75,31.379442561355322
3,76,34.26640428673909
3,77,33.89795751987829
3,78,35.431929550044515
3,79,32.083244750430225
3,80,30.299762926589068
3,81,31.92328562619562
3,82,28.822556223601428
3,83,27.903124529458108
3,84,24.755863210161305
3,85,23.68275495007446
3,86,24.317476431487325
3,87,22.228589085361858
3,88,19.045517469291728
3,89,18.939097755231153
3,90,20.32236668844718
3,91,20.10616435730594
3,92,17.410396973633652
3,93,17.52064618836107
3,94,19.219402557641406
3,95,22.065139842187413
3,96,22.407422008235987
3,97,23.29360105267401
3,98,25.605302465081596
3,99,27.760941657960732
3,100,27.610473999870027
3,101,28.44927113395231
3,102,32.16587520972928
3,103,31.918007435917247
3,104,29.319577380814373
3,105,32.32090771259133
3,106,34.1308437643375
3,107,31.313351272809058
3,108,30.911699661118416
3,109,34.5314534071264
3,110,34.47235340082727
3,111,31.703504731059358
3,112,33.66887685759331
3,113,36.91761411519254
3,114,35.4386904895503
3,115,34.191602469195274
3,116,37.516692203629
3,117,39.44614273969566
3,118,37.2387902263906
3,119,37.84073738140633
3,120,41.50788386433385
3,121,41.538329048641614
3,122,39.89478292054076
3,123,42.61421792521226
3,124,45.28763569307399
3,125,43.959664959043025
3,126,43.98948264299314
3,127,47.52943330434761
3,128,49.182573484037654
4,1,9.429216338337808
4,2,5.876317448545138
4,3,3.812423093959254
4,5,3.814082288257578
4,6,6.957442805691765
4,7,7.6029177261090135
4,8,4.426720435474084
4,9,6.451313073069808
4,10,9.587926646124314
4,11,10.76013432837386
4,12,10.098716888466502
4,13,13.193547814373074
4,14,14.431185544875497
4,15,14.601409977251933
4,16,11.027571710412122
4,17,9.749295948915663
4,18,12.688475337503899
4,19,11.200216052011047
4,20,8.562107461897885
4,21,11.474226573991224
4,22,12.006479276895877
4,23,8.99359112701197
4,24,11.022415261219669
4,25,14.244465462135565
4,26,14.60350770748423
4,27,14.117896801471066
4,28,16.978678482972107
4,29,19.735711687126834
4,30,19.022649441772757
4,31,36.0371171983713
4,32,37.72015070016202
4,33,38.19487316461732
4,34,37.56524556236399
4,35,35.834333016422576
4,36,32.57665922349793
4,37,33.48257850529468
4,38,34.10587231935115
4,39,30.85416605257548
4,40,28.804729378201994
4,41,30.761697908943407
4,42,29.98347779766012
4,43,26.23050580225537
4,44,26.761032509590787
4,45,28.95854472008531
4,46,26.84395974874152
4,47,23.66643296996255
4,48,25.688441848730367
4,49,27.43587665826237
4,50,24.44239283493575
4,51,22.85035222398003
4,52,26.167906159540344
4,53,26.918389210110554
4,54,23.955862315941765
4,55,25.01234437716535
4,56,28.5187371464764
4,57,27.751496847116094
4,58,25.757453470777918
4,59,29.018052697162478
4,60,31.57280273936162
4,61,29.766736990459805
4,62,29.801982413472043
4,63,26.04011582825393
4,64,26.162517403661962
4,65,23.242978758552642
4,66,21.64049337033525
4,67,18.146653733018947
4,68,19.725624771450423
4,69,23.50150924215491
4,70,25.831791502035962
4,71,28.84117035472981
4,72,32.27273734733557
4,73,32.22394341286654
4,74,32.52795397868755
4,75,30.727525824772314
4,76,33.31134584150305
4,77,32.74314288430975
4,78,33.94680278187989
4,79,30.547521151592992
4,80,28.7343978796316
4,81,30.519439550352534
4,82,27.428557074416894
4,83,26.95269109107769
4,84,24.139358413665718
4,85,23.000729206995395
4,86,23.040312107047196
4,87,20.931107104808575
4,88,18.177754859528154
4,89,17.97271450587676
4,90,18.66350809780705
4,91,18.068303875569395
4,92,15.1079212810727
4,93,15.40751693062421
4,94,16.524899759075296
4,95,19.38554055533798
4,96,20.24745847699383
4,97,21.070475904215193
4,98,23.00284097502538
4,99,25.415609836717604
4,100,25.639931136744934
4,101,26.263856788111784
4,102,30.04137880350451
4,103,30.194964769063255
4,104,27.721383471664495
4,105,30.8047665407949
4,106,32.80523316894332
4,107,30.285378228970583
4,108,29.97169183574901
4,109,33.70382277956871
4,110,33.879988833229945
4,111,31.38384877128349
4,112,33.346712808256015
4,113,36.71380673377959
4,114,35.48933777978837
4,115,34.474903816603984
4,116,37.730170715156575
4,117,39.7680081518956
4,118,37.86401973431002
4,119,38.60627716256742
4,120,42.17851198178417
4,121,42.38024932062656
4,122,41.019761967743726
4,123,43.72592752510111
4,124,46.37068955954269
4,125,45.284832888443226
4,126,45.49171899032781
4,127,48.926218852382455
4,128,50.77527514285942
5,1,11.903414932620997
5,2,8.913637300476497
5,3,5.561348733527133
5,4,3.814082288257578
5,6,3.7785539633110727
5,7,6.138745578609744
5,8,4.778368601195595
5,9,7.881488646618358
5,10,10.097748128163449
5,11,12.322082489725828
5,12,12.349257670563814
5,13,15.368632328680112
5,14,15.91405503818932
5,15,16.48061496404613
5,16,13.29174308615837
5,17,11.0483980965071
5,18,13.521418167063612
5,19,12.250206798100292
5,20,8.780932790617431
5,21,10.626169915602576
5,22,10.354840778528848
5,23,6.736653961848619
5,24,8.541582789627828
5,25,11.751919377356193
5,26,11.526545389609126
5,27,10.63183259121221
5,28,13.745299935485916
5,29,16.248707378735354
5,30,15.307586635541714
5,31,32.23760087807821
5,32,33.9668958872715
5,33,34.507737155377306
5,34,33.96773855661901
5,35,32.37196383591536
5,36,29.054216273865432
5,37,29.818569043433943
5,38,30.511397234589438
5,39,27.347228013575
5,40,25.150875139408935
5,41,27.083381692369358
5,42,26.46705413676605
5,43,22.68819364219015
5,44,23.109060754491114
5,45,25.44677543015871
5,46,23.51601043327468
5,47,20.274201185127858
5,48,22.341133243848375
5,49,24.315892010046337
5,50,21.538331047997577
5,51,19.91194184956125
5,52,23.35077310996583
5,53,24.385444424817116
5,54,21.70325505424027
5,55,22.68747289138569
5,56,26.264087649476046
5,57,25.904743197164183
5,58,24.052527569228083
5,59,27.182269300260632
5,60,29.91889883505154
5,61,28.516960487459677
5,62,28.56648662276488
5,63,24.78721789236237
5,64,24.456780722735807
5,65,21.49076946094821
5,66,20.436925745539888
5,67,17.17112897303645
5,68,19.399112457767647
5,69,23.067615036871334
5,70,25.791921165006368
5,71,28.6303091866627
5,72,32.217661519498556
5,73,32.16587704859452
5,74,32.89299284851389
5,75,31.26610601285569
5,76,33.807841566817764
5,77,33.59429658695055
5,78,34.566565022823504
5,79,30.989877684429647
5,80,29.605994738066528
5,81,31.773592350228064
5,82,28.971795017898856
5,83,28.75839247231354
5,84,25.96542239236593
5,85,25.298539497403034
5,86,25.21570555029791
5,87,22.684401542956067
5,88,20.086374236284115
5,89,20.475964304961522
5,90,20.99659286737857
5,91,19.813916575474227
5,92,16.455420595041563
5,93,15.937555797526171
5,94,16.72105571482988
5,95,20.038495676425494
5,96,20.85670596091662
5,97,20.990512848169118
5,98,23.071067512355608
5,99,25.79952917376981
5,100,25.736618103648695
5,101,25.8692049855207
5,102,29.662383454478178
5,103,29.861512868057563
5,104,27.061131606384986
5,105,29.83434758386219
5,106,32.14697961639685
5,107,29.72593440362346
5,108,28.948974033086238
5,109,32.66869824046036
5,110,33.19834834515457
5,111,30.571755407322996
5,112,32.14485917799116
5,113,35.6633444478381
5,114,34.736938821237274
5,115,33.436542575495594
5,116,36.48245921757449
5,117,38.81180647177376
5,118,37.03671738734488
5,119,37.46022839846876
5,120,41.05275076204186
5,121,41.565357041688834
5,122,40.12313733657374
5,123,42.58426834815554
5,124,45.43203422741312
5,125,44.55260010454441
5,126,44.54291084811474
5,127,47.88455749522487
5,128,49.91686838917492
6,1,15.275561531156553
6,2,12.283393146673461
6,3,8.87387933129673
6,4,6.957442805691765
6,5,3.7785539633110727
6,7,3.824167569475644
6,8,5.228779960428368
6,9,8.033584997862528
6,10,8.959377750389145
6,11,12.042798963926995
6,12,12.690873897029428
6,13,15.469321529743295
6,14,15.382103502537797
6,15,16.59169008422178
6,16,13.996804343706776
6,17,10.928129117947378
6,18,13.0857024402166
6,19,12.682530463489611
6,20,8.986463499119766
6,21,9.487056525680625
6,22,9.384121896480696
6,23,5.683405354510467
6,24,5.75763605267324
6,25,9.283834517889929
6,26,9.377092423854089
6,27,7.714918437854458
6,28,10.403326780098514
6,29,13.205327590455349
6,30,12.754302175468398
6,31,29.65539972756948
6,32,31.390052394901
6,33,31.67621118872881
6,34,31.27198953329852
6,35,29.591204496263863
6,36,26.414954478258096
6,37,27.084223899141254
6,38,27.462936618474206
6,39,24.294205078213015
6,40,22.222470992541425
6,41,23.977126061627402
6,42,23.095714384142408
6,43,19.364168676719284
6,44,19.89468478763259
6,45,22.030006430053522
6,46,19.908679235850993
6,47,16.75387847111975
6,48,18.96774400702834
6,49,20.743662618235597
6,50,17.88040512185585
6,51,16.49178800973282
6,52,20.04108362789532
6,53,20.930488432719375
6,54,18.426926230549192
6,55,19.69683648204739
6,56,23.165752952752445
6,57,22.871846429234687
6,58,21.35919935310512
6,59,24.541938854308373
6,60,27.180020300050977
6,61,26.049184637400465
6,62,26.40549239981896
6,63,22.709124530566925
6,64,22.302662250012013
6,65,19.6321316002389
6,66,18.816635816240165
6,67,15.646967340103599
6,68,18.154959379255377
6,69,21.60183602215936
6,70,24.44107819734938
6,71,26.94081312083118
6,72,30.545950194381266
6,73,30.261691074257588
6,74,31.24234159740323
6,75,29.623783685603748
6,76,31.984639914244454
6,77,32.00505989439459
6,78,32.68069073206183
6,79,28.989143570079797
6,80,27.985360752110235
6,81,30.502324803555158
6,82,28.02260786654126
6,83,28.187131326676045
6,84,25.58384241621902
6,85,25.3881102099753
6,86,25.015008312042703
6,87,22.113054177345255
6,88,19.88441293257973
6,89,20.84563401636692
6,90,21.018614030615392
6,91,19.201374412566004
6,92,15.566901170534663
6,93,14.313410485012461
6,94,14.722433062230447
6,95,18.331566404714103
6,96,19.094812566395404
6,97,18.62415297039631
6,98,20.76744402574746
6,99,23.709240585070102
6,100,23.4471375130416
6,101,23.167239286026664
6,102,26.93160058492988
6,103,27.229025337804654
6,104,24.2612514909964
6,105,26.82034988654308
6,106,29.36842891702506
6,107,27.141518375084587
6,108,26.10581256437852
6,109,29.82413853581487
6,110,30.66724449183711
6,111,28.115590974697238
6,112,29.43795895002372
6,113,33.06633140806752
6,114,32.456922109805554
6,115,31.13482745160425
6,116,33.995741731930515
6,117,36.52304342417423
6,118,35.01887985077558
6,119,35.3563447483044
6,120,38.865058464106724
6,121,39.6480422546909
6,122,38.36487730644637
6,123,40.67160438314429
6,124,43.57821345997314
6,125,42.98429031378719
6,126,42.99462844538188
6,127,46.186855080323
6,128,48.443352728771686
7,1,16.426925754292018
7,2,13.041339382191802
7,3,10.318408470578003
7,4,7.6029177261090135
7,5,6.138745578609744
7,6,3.824167569475644
7,8,3.8062859247708554
7,9,5.444571513765571
7,10,5.268778006637672
7,11,8.641288854409455
7,12,9.730581563244959
7,13,12.452791037251016
7,14,12.431850764087176
7,15,14.276572872411034
7,16,12.018505809682633
7,17,8.759955129809919
7,18,11.382003038478796
7,19,11.97279973112696
7,20,8.843071194574517
7,21,9.301687314798567
7,22,10.64425322413041
7,23,7.6062599281721175
7,24,6.503320404248058
7,25,10.30066572662872
7,26,11.627485558888273
7,27,9.956707267071032
7,28,11.55289889311629
7,29,14.944900833324724
7,30,15.27969189654986
7,31,31.723324673000857
7,32,33.30972266002542
7,33,33.19535711634414
7,34,32.73740362930551
7,35,30.72761881676746
7,36,27.836074574604872
7,37,28.691773014975745
7,38,28.633854461608085
7,39,25.321923312071174
7,40,23.70639979181156
7,41,25.36207614265103
7,42,23.929816513683267
7,43,20.364812556610605
7,44,21.291004571401622
7,45,22.979716304188393
7,46,20.3453101076987
7,47,17.54514594752056
7,48,19.899693611822894
7,49,21.014078727191347
7,50,17.71454844494274
7,51,16.81849183022549
7,52,20.285330906843107
7,53,20.474711759423574
7,54,17.792020964411375
7,55,19.626176634440466
7,56,22.81107805795962
7,57,21.93750290750464
7,58,20.707468032310125
7,59,24.194323975611397
7,60,26.406751673676318
7,61,25.024113638606526
7,62,25.81323344087138
7,63,22.232527631625626
7,64,22.417771610358276
7,65,20.184383153174945
7,66,18.84592656833449
7,67,15.397217009712074
7,68,17.32512365205951
7,69,20.693301428335932
7,70,23.12501028017101
7,71,25.422563722821288
7,72,28.849306958120724
7,73,28.19113723427033
7,74,28.881805380799673
7,75,26.935797301114203
7,76,29.081412337165425
7,77,28.85985361510525
7,78,29.40309793927362
7,79,25.749282567288102
7,80,24.611276831409647
7,81,27.134675100219937
7,82,24.654857664316378
7,83,25.074432324573248
7,84,22.74123899608031
7,85,22.54361451694037
7,86,21.803078858698637
7,87,18.905482666777843
7,88,17.048827555032283
7,89,18.034732554071436
7,90,17.775674915421135
7,91,15.683693430581187
7,92,11.969733842406779
7,93,10.799639785074698
7,94,10.981008136927985
7,95,14.541934477861009
7,96,15.499459390401936
7,97,15.194554007875034
7,98,17.15206969608377
7,99,20.09122163064735
7,100,20.095100552439384
7,101,19.935797955112278
7,102,23.739839778435964
7,103,24.219082590784616
7,104,21.511732990577006
7,105,24.329400388780474
7,106,26.790204486697938
7,107,24.714070376658025
7,108,24.054583434231418
7,109,27.846483898176363
7,110,28.62311770622213
7,111,26.39503193935307
7,112,27.984450908091514
7,113,31.56742875498597
7,114,30.966536044913244
7,115,30.060506094388387
7,116,32.99089802710668
7,117,35.37226466872129
7,118,34.05901397659551
7,119,34.756565279897735
7,120,38.13030711981093
7,121,38.83591675666849
7,122,37.887541983117195
7,123,40.34604289562004
7,124,43.049187862382006
7,125,42.54369240619922
7,126,42.88563321710301
7,127,46.01968606881601
7,128,48.3195439630419
8,1,13.579302829255314
8,2,9.937921999405434
8,3,7.840707229615043
8,4,4.426720435474084
8,5,4.778368601195595
8,6,5.228779960428368
8,7,3.8062859247708554
8,9,3.815731923677659
8,10,5.6213283406302965
8,11,7.566138691533826
8,12,8.121193344770312
8,13,11.443782062530277
8,14,12.429505254852536
8,15,13.721066558694343
8,16,10.719587496803657
8,17,8.412963693021487
8,18,11.71910939331722
8,19,11.596008061421017
8,20,8.787430760251372
8,21,10.689767779756549
8,22,12.018171085080382
8,23,8.856163066820692
8,24,9.253621971341987
8,25,12.964084719639168
8,26,13.973985876622132
8,27,12.731254685854923
8,28,14.909508755106744
8,29,18.095774681972873
8,30,17.94474793837234
8,31,34.51983553345758
8,32,36.03984033401813
8,33,36.10487890618572
8,34,35.44511025095557
8,35,33.42830070406916
8,36,30.416405163473488
8,37,31.459061777162002
8,38,31.676893268519034
8,39,28.295723580583083
8,40,26.623552261099825
8,41,28.528228097290054
8,42,27.292161453718403
8,43,23.647554347902386
8,44,24.57834613134564
8,45,26.500595109860793
8,46,23.98485374213658
8,47,21.117276833149457
8,48,23.441948302950877
8,49,24.73311254764116
8,50,21.48542469722463
8,51,20.423259971750095
8,52,23.845549731946054
8,53,24.13143311948826
8,54,21.295963813288175
8,55,22.923541863713545
8,56,26.19726948764874
8,57,25.212997133786445
8,58,23.70371882995449
8,59,27.183957924019396
8,60,29.439699287978435
8,61,27.76520610722483
8,62,28.32766426463464
8,63,24.67281202397765
8,64,25.00014593602499
8,65,22.516321557816678
8,66,20.888028990719224
8,67,17.27885187930621
8,68,18.847789064509517
8,69,22.447302860457025
8,70,24.680203897685736
8,71,27.289583101277923
8,72,30.655189801406504
8,73,30.144684847873933
8,74,30.482419070585784
8,75,28.426035517422612
8,76,30.688318632970862
8,77,30.11395388764473
8,78,30.925347009862215
8,79,27.42996801093816
8,80,25.81110268023401
8,81,27.92316190091497
8,82,25.05383137653044
8,83,25.13516436206092
8,84,22.684058591605243
8,85,21.87400315182359
8,86,21.303668652129033
8,87,18.88754505954677
8,88,16.71205729414127
8,89,16.927949350798087
8,90,16.875038506965634
8,91,15.493006308968086
8,92,12.097063207140396
8,93,12.055734122738679
8,94,12.560174791259382
8,95,15.635533080299506
8,96,16.814476296658583
8,97,17.29580215383128
8,98,19.01691660431421
8,99,21.7085945165132
8,100,22.07977963404296
8,101,22.38514465522105
8,102,26.190505638829404
8,103,26.655047618205685
8,104,24.2236979387347
8,105,27.29230423254591
8,106,29.4938834313107
8,107,27.282998097416993
8,108,26.96953333741256
8,109,30.763163874164604
8,110,31.220052997618517
8,111,28.996516352834917
8,112,30.878218147119643
8,113,34.343374496118145
8,114,33.43708447417828
8,115,32.63529467275482
8,116,35.75632460676452
8,117,37.92087010466463
8,118,36.3814518697816
8,119,37.231051681243486
8,120,40.66413878154188
8,121,41.09359907229011
8,122,40.054794895738915
8,123,42.6943518640948
8,124,45.30582545919493
8,125,44.53859726178311
8,126,44.92612442500185
8,127,48.198472171156645
8,128,50.292204210532134
9,1,13.863371946236203
9,2,10.343780449144758
9,3,9.091331944218155
9,4,6.451313073069808
9,5,7.881488646618358
9,6,8.033584997862528
9,7,5.444571513765571
9,8,3.815731923677659
9,10,3.8102603548821863
9,11,5.320287758885096
9,12,4.690082471409753
9,13,7.689654262558183
9,14,8.70140785483558
9,15,10.089476602829889
9,16,7.318023943820324
9,17,5.145592361684378
9,18,8.831324899944207
9,19,9.400530695737965
9,20,7.63408513332453
9,21,9.6935925368172
9,22,12.101674250713689
9,23,9.881426557507119
9,24,10.018036525422993
9,25,13.41202588486104
9,26,15.305372986067697
9,27,14.620859129415921
9,28,16.196905276946755
9,29,19.70614786073129
9,30,20.174752183395963
9,31,37.10618503823793
9,32,38.742695736877586
9,33,38.634568128284506
9,34,38.15009532795167
9,35,36.06661011507984
9,36,33.20946378872653
9,37,34.13158196982632
9,38,34.03770526586471
9,39,30.70179987798547
9,40,29.148224411688588
9,41,30.75084663644002
9,42,29.226762701180668
9,43,25.722584242703714
9,44,26.57371425330626
9,45,28.06602267331515
9,46,25.345149640848284
9,47,22.55433835150395
9,48,24.607389259855807
9,49,25.492900522159466
9,50,22.02249250221617
9,51,20.956219592227466
9,52,24.07854070509176
9,53,23.951592323421156
9,54,20.80209479093346
9,55,22.51517263739155
9,56,25.593335414920936
9,57,24.10965348507482
9,58,22.527103487860952
9,59,26.1320422225394
9,60,28.087600153498606
9,61,26.02689429019615
9,62,26.696353019874188
9,63,23.155692255728706
9,64,24.035603703392013
9,65,21.829209603931567
9,66,19.642169027523533
9,67,15.87985794685129
9,68,16.740943475044546
9,69,20.276131081274023
9,70,22.08263987015699
9,71,24.682254408281697
9,72,27.87182977565729
9,73,27.279834707275707
9,74,27.311910201488335
9,75,25.13452552213972
9,76,27.428667989744394
9,77,26.687190572124763
9,78,27.693596708527146
9,79,24.310688564766696
9,80,22.45843895386837
9,81,24.373214396255996
9,82,21.401341327899175
9,83,21.355318959237625
9,84,18.895316018716805
9,85,18.07050624538533
9,86,17.543838604354775
9,87,15.129561101389305
9,88,12.90972085463712
9,89,13.182801363071837
9,90,13.230477505691002
9,91,11.960938816932174
9,92,8.742926184490932
9,93,9.06384166298133
9,94,10.326593902697343
9,95,13.035004359082407
9,96,13.82124299886573
9,97,14.874106962565603
9,98,16.75543672601587
9,99,19.00562983704911
9,100,19.359819278202245
9,101,20.189432277390885
9,102,23.926364578566965
9,103,24.164872478532793
9,104,21.997823562313407
9,105,25.316465245076426
9,106,27.157855044444958
9,107,24.82593462769375
9,108,24.942653364462725
9,109,28.70178588296842
9,110,28.820893582283727
9,111,26.75207052433783
9,112,28.985910109353142
9,113,32.27783981481347
9,114,31.141838514087592
9,115,30.659288567559393
9,116,33.93215001325768
9,117,35.820802087488
9,118,34.260013788576664
9,119,35.44089462277411
9,120,38.78909394977543
9,121,38.98522971524655
9,122,38.13615095286329
9,123,40.972219580092904
9,124,43.36044993941366
9,125,42.519404019970125
9,126,43.18042053254403
9,127,46.45972601693862
9,128,48.46696788586389
10,1,17.64751085029282
10,2,14.070756346612782
10,3,12.591084843964747
10,4,9.587926646124314
10,5,10.097748128163449
10,6,8.959377750389145
10,7,5.268778006637672
10,8,5.6213283406302965
10,9,3.8102603548821863
10,11,3.8049761698438553
10,12,5.545703491846959
10,13,8.14035966068323
10,14,8.77928175655683
10,15,11.404645691501969
10,16,9.66170292818535
10,17,7.059130435396295
10,18,10.311393072425115
10,19,11.988897576751409
10,20,10.265169339933706
10,21,11.169758269807986
10,22,13.824594408701513
10,23,11.635260943754448
10,24,10.47775017238153
10,25,13.90627772922432
10,26,16.102888563818592
10,27,14.784388239545775
10,28,15.650481256591743
10,29,19.3253208719092
10,30,20.18518415937725
10,31,36.18840631554275
10,32,37.61977219383715
10,33,37.15501288309971
10,34,36.60258670538145
10,35,34.273312744982086
10,36,31.684800808832787
10,37,32.75956480765151
10,38,32.32803239148407
10,39,28.914953166185942
10,40,27.764633078966565
10,41,29.33547553514333
10,42,27.424224331849203
10,43,24.10808534480698
10,44,25.354351229296018
10,45,26.589168845302876
10,46,23.540547572161532
10,47,21.16607247184787
10,48,23.48941964751789
10,49,23.91254032464051
10,50,20.278411476184317
10,51,19.834239562126232
10,52,22.984081079715157
10,53,22.384034881418906
10,54,19.482118323989535
10,55,21.757483367991508
10,56,24.519434546131773
10,57,22.857448840432347
10,58,21.848887038613963
10,59,25.583113416147192
10,60,27.20608480731681
10,61,25.34239509832273
10,62,26.53556031182579
10,63,23.18537585857862
10,64,24.199097813221307
10,65,22.444125247123285
10,66,20.369991083447918
10,67,16.705636816182995
10,68,17.548151318945937
10,69,20.749190909080685
10,70,22.409235198578106
10,71,24.525662027146524
10,72,27.58082002973237
10,73,26.50121945149895
10,74,26.556275227151527
10,75,24.107089540946344
10,76,25.98404561355087
10,77,25.205503669100047
10,78,25.73005338109068
10,79,22.268849038749018
10,80,20.635982509265634
10,81,22.90120606671449
10,82,20.215355358981355
10,83,20.838383668087356
10,84,18.89580571363508
10,85,18.406579242855667
10,86,17.167316938584726
10,87,14.545346217399507
10,88,13.210260413719462
10,89,13.85593899304026
10,90,12.948043973499924
10,91,10.72651759790116
10,92,7.0447929550016575
10,93,6.932282050400503
10,94,7.021930856740878
10,95,10.018817282251499
10,96,11.383319111340235
10,97,12.007492024466458
10,98,13.4977005172101
10,99,16.1399613225047
10,100,16.77535533790522
10,101,17.19676015171316
10,102,20.96688002776219
10,103,21.637933160994063
10,104,19.57490029113951
10,105,22.86555386309173
10,106,24.936790099011155
10,107,23.012771793795412
10,108,23.143428412730067
10,109,26.930548763512995
10,110,27.372925489037534
10,111,25.644118423739496
10,112,27.748615139803185
10,113,31.11048790682481
10,114,30.335537498318036
10,115,30.072012374297973
10,116,33.154885413754585
10,117,35.16464978177869
10,118,33.99051312623539
10,119,35.242671134568035
10,120,38.422270248064976
10,121,38.852306652844334
10,122,38.307545041856805
10,123,41.03631798374275
10,124,43.387438625998094
10,125,42.85676029663903
10,126,43.65607156865153
10,127,46.75870865262485
10,128,48.98026339524483
11,1,18.011291005706656
11,2,14.400859508939984
11,3,13.882938211427904
11,4,10.76013432837386
11,5,12.322082489725828
11,6,12.042798963926995
11,7,8.641288854409455
11,8,7.566138691533826
11,9,5.320287758885096
11,10,3.8049761698438553
11,12,3.801245290042631
11,13,6.742117886986464
11,14,8.879963241083866
11,15,11.422387169535117
11,16,9.662002336084118
11,17,8.464926621921183
11,18,11.983950240196366
11,19,13.601546667233798
11,20,12.599984260384659
11,21,14.157143490516328
11,22,16.976199551196057
11,23,14.835167350425351
11,24,14.132133034226532
11,25,17.546691620122544
11,26,19.714939899658166
11,27,18.45502902665549
11,28,19.446027954558662
11,29,23.10075282670442
11,30,23.827769905912746
11,31,39.609173517925974
11,32,40.88093426300465
11,33,40.34572740211034
11,34,39.586217703248074
11,35,37.08852688399071
11,36,34.57329440007109
11,37,35.89669723812308
11,38,35.47851998354734
11,39,31.961146797270235
11,40,31.00217244182138
11,41,32.74231020928251
11,42,30.753958603674274
11,43,27.479930691349868
11,44,28.92903968134807
11,45,30.18634365163184
11,46,27.04595121752194
11,47,24.821950246293756
11,48,27.22940662113682
11,49,27.531559596711432
11,50,23.851320584983245
11,51,23.555571054381158
11,52,26.639406242711413
11,53,25.84220096050795
11,54,22.916966326787485
11,55,25.26278305584436
11,56,27.89322623527873
11,57,25.96798809768353
11,58,24.9912865349683
11,59,28.761181487453364
11,60,30.16692666015815
11,61,28.05849886265381
11,62,29.318861521574647
11,63,26.069930528182535
11,64,27.38921504198269
11,65,25.695822662708977
11,66,23.328515224230188
11,67,19.60365301717765
11,68,19.92175462985469
11,69,23.077698587683713
11,70,24.287571346215852
11,71,26.409364629305248
11,72,29.199872159903276
11,73,27.975953055654735
11,74,27.524308408029693
11,75,24.76543673583139
11,76,26.456850280471983
11,77,25.13921656610682
11,78,25.716560406587494
11,79,22.547424363073297
11,80,20.38380576509867
11,81,22.191767318856954
11,82,19.187689884277006
11,83,19.794167490685894
11,84,18.156598357033296
11,85,17.01235917504896
11,86,15.443305092564808
11,87,13.535118039659197
11,88,12.514233741366162
11,89,12.192196074264762
11,90,10.74722769898972
11,91,9.073230296958391
11,92,6.1062934643207525
11,93,7.966509372815891
11,94,7.854867432728886
11,95,9.55388452297633
11,96,11.507664229049528
11,97,13.079436531892258
11,98,13.831870786170569
11,99,16.091499420614596
11,100,17.430747885322504
11,101,18.296864464479633
11,102,21.896149820496095
11,103,22.767180497304025
11,104,21.261207512698256
11,105,24.769113037774325
11,106,26.53830342453087
11,107,24.743597937613224
11,108,25.37752416692757
11,109,29.08786612355709
11,110,29.27709094187583
11,111,27.839151824609566
11,112,30.230944604318072
11,113,33.41389452378444
11,114,32.475329281539274
11,115,32.544367010617094
11,116,35.720104529528506
11,117,37.47629013738423
11,118,36.298488157334496
11,119,37.83327736915977
11,120,40.927031492624614
11,121,41.133447131679226
11,122,40.73382367978155
11,123,43.6277354233788
11,124,45.78163906621362
11,125,45.13987530129573
11,126,46.1471106038133
11,127,49.27763792227088
11,128,51.37394734370976
12,1,15.663078768741611
12,2,12.380357990845102
12,3,12.423296243515535
12,4,10.098716888466502
12,5,12.349257670563814
12,6,12.690873897029428
12,7,9.730581563244959
12,8,8.121193344770312
12,9,4.690082471409753
12,10,5.545703491846959
12,11,3.801245290042631
12,13,3.786774113642538
12,14,6.516966670205528
12,15,8.152198097311711
12,16,6.077404970433835
12,17,5.9665304174624705
12,18,9.453713620930277
12,19,10.775307255565561
12,20,10.609964796083087
12,21,12.717811333511044
12,22,15.748810117910049
12,23,14.159411710420096
12,24,14.130796564264395
12,25,17.221171495852055
12,26,19.563073044006124
12,27,19.030095698921972
12,28,20.193753874338324
12,29,23.853964767359795
12,30,24.632321094303332
12,31,41.35366337864877
12,32,42.90010009704865
12,33,42.57124396415299
12,34,42.026139466207326
12,35,39.736721563600874
12,36,37.07058867153945
12,37,38.132455916101485
12,38,37.80375910058639
12,39,34.405319415180735
12,40,33.13597569522035
12,41,34.68395764186533
12,42,32.86299527896912
12,43,29.513159387019368
12,44,30.549777955859547
12,45,31.756091403798592
12,46,28.790316095901566
12,47,26.258979579747795
12,48,28.270963593142802
12,49,28.720943995469224
12,50,25.075892293996212
12,51,24.27681842832949
12,52,27.14401705674962
12,53,26.507764824481164
12,54,23.24492374947289
12,55,25.174791099759148
12,56,27.912484462871053
12,57,25.878427673747044
12,58,24.43036308363414
12,59,28.121503820192576
12,60,29.607708197080623
12,61,27.15747088448616
12,62,28.06258761729626
12,63,24.782060970115552
12,64,26.28993407511456
12,65,24.462408280475078
12,66,21.760218896049604
12,67,17.999755851787082
12,68,17.893806360544005
12,69,21.155596420724603
12,70,22.1969653653131
12,71,24.646272790221566
12,72,27.42081599040236
12,73,26.556949239006787
12,74,25.942960770402593
12,75,23.380937375169164
12,76,25.464634546830894
12,77,24.15274178753522
12,78,25.2837455752282
12,79,22.22951874723107
12,80,19.809670263587584
12,81,21.229062886686155
12,82,17.95217970721199
12,83,17.860968461025795
12,84,15.72767165769941
12,85,14.348160953432563
12,86,13.48875751208373
12,87,11.666956146643296
12,88,9.809490305574439
12,89,9.24642546630894
12,90,8.838020787473901
12,91,8.150673349192706
12,92,5.839139191542147
12,93,8.026252314494082
12,94,9.551512509946383
12,95,10.960813815604075
12,96,11.827101940567164
12,97,13.9794903612132
12,98,15.361277384123547
12,99,16.96952334133197
12,100,17.864923735317213
12,101,19.362887844848373
12,102,22.877530531715085
12,103,23.161058621857958
12,104,21.662083489485468
12,105,25.28710711934123
12,106,26.6588685899637
12,107,24.436427753163464
12,108,25.263500414562998
12,109,28.90680245017538
12,110,28.645089042699688
12,111,27.008582688249444
12,112,29.67162338394732
12,113,32.686274689338205
12,114,31.337884738040437
12,115,31.398263852961144
12,116,34.78398254560004
12,117,36.288383768006874
12,118,34.79909836551606
12,119,36.444066475760465
12,120,39.60695475910231
12,121,39.506408113935436
12,122,38.9737730578718
12,123,42.03813748654645
12,124,44.092816467863514
12,125,43.17696170429065
12,126,44.218827207922885
12,127,47.47253785621341
12,128,49.35206385345325
13,1,17.382021027835965
13,2,14.588663448918185
13,3,14.879552788627397
13,4,13.193547814373074
13,5,15.368632328680112
13,6,15.469321529743295
13,7,12.452791037251016
13,8,11.443782062530277
13,9,7.689654262558183
13,10,8.14035966068323
13,11,6.742117886986464
13,12,3.786774113642538
13,14,3.7967393258625775
13,15,5.413628431311461
13,16,5.14355827803673
13,17,6.162386737835201
13,18,8.418480674749725
13,19,10.466141339392436
13,20,11.49645141080992
13,21,13.198481817987805
13,22,16.66667580050491
13,23,15.894577418570961
13,24,15.708560974163136
13,25,18.25572280479124
13,26,21.0693486937715
13,27,20.97750525356978
13,28,21.700872236339034
13,29,25.43129994570727
13,30,26.64170499984745
13,31,43.540997695513575
13,32,45.23348303877325
13,33,44.80582279165305
13,34,44.47606818517234
13,35,42.21410180006366
13,36,39.6571991227394
13,37,40.53067159605499
13,38,39.96902835051169
13,39,36.683653239201995
13,40,35.44150987497473
13,41,36.6812772588727
13,42,34.701826199764085
13,43,31.504640357152315
13,44,32.37076303994312
13,45,33.2104473307094
13,46,30.194026188071145
13,47,27.7319785450807
13,48,29.410754432539463
13,49,29.555035349752487
13,50,25.873743656377997
13,51,25.02522735221951
13,52,27.504498252663144
13,53,26.573291457928597
13,54,23.14985641315018
13,55,25.00776432663385
13,56,27.467563232988027
13,57,25.049819793059196
13,58,23.552800456532268
13,59,27.19357863333425
13,60,28.348180325581414
13,61,25.575436819617128
13,62,26.532004180583748
13,63,23.505888871277552
13,64,25.495574768190306
13,65,24.017836054444338
13,66,20.931002127566995
13,67,17.32110141946107
13,68,16.432856396304146
13,69,19.361021185335247
13,70,19.833837868675317
13,71,22.172264698564973
13,72,24.659095254304543
13,73,23.75242833972739
13,74,22.797815043961716
13,75,20.176369138990843
13,76,22.31583037413114
13,77,20.865214126713344
13,78,22.30170920276077
13,79,19.449041497439637
13,80,16.789254873238182
13,81,17.896082653071602
13,82,14.51323007479253
13,83,14.148333420167855
13,84,11.951701063774024
13,85,10.637752725437776
13,86,9.93254335279156
13,87,8.041561850432092
13,88,6.085972088191582
13,89,5.744561744424046
13,90,5.70684867315311
13,91,5.475621144812421
13,92,4.57346510955087
13,93,7.130009672491167
13,94,9.620633228173554
13,95,10.144496858056646
13,96,10.01927655188584
13,97,12.829437677274322
13,98,14.421007599863685
13,99,15.221856447517698
13,100,15.900132947438443
13,101,18.03779960740957
13,102,21.283401167869478
13,103,21.17111796958257
13,104,20.012448304827466
13,105,23.74987124696944
13,106,24.636677979599526
13,107,22.28670881462683
13,108,23.558384677101873
13,109,27.029719984126636
13,110,26.369741642514754
13,111,24.918085887975025
13,112,27.884512581788034
13,113,30.628915961566822
13,114,29.040531477853204
13,115,29.42146000770098
13,116,32.892858565570684
13,117,34.07679280579867
13,118,32.574967561777875
13,119,34.52042480959542
13,120,37.546941043554476
13,121,37.206037911952066
13,122,36.86530763713338
13,123,40.07642836997738
13,124,41.884369674022615
13,125,40.90540806645268
13,126,42.20069977830001
13,127,45.42015624206429
13,128,47.19725785989944
14,1,18.613586882916906
14,2,16.058335109558456
14,3,15.723110313545613
14,4,14.431185544875497
14,5,15.91405503818932
14,6,15.382103502537797
14,7,12.431850764087176
14,8,12.429505254852536
14,9,8.70140785483558
14,10,8.77928175655683
14,11,8.879963241083866
14,12,6.516966670205528
14,13,3.7967393258625775
14,15,3.8010636532740674
14,16,5.458351118030604
14,17,5.266768630144231
14,18,5.933857224928013
14,19,9.03081293242543
14,20,10.40746942175387
