1,2,3.826699915636615
1,3,5.933331777805574
1,4,9.18511399671355
1,5,10.35099883353563
1,6,7.834503371232448
1,7,9.07648998950313
1,8,12.618533342620523
1,9,14.216700423552748
1,10,12.551586821412002
1,11,14.527329422704748
1,12,15.047263211684026
1,13,14.142515207042605
1,14,10.579616562803603
1,15,10.09466105667618
1,16,11.939796075031438
1,17,9.294619066383511
1,18,7.6733818013227175
1,19,10.221303893360052
1,20,10.744492955720098
1,21,8.795554981294673
1,22,11.654552303085259
1,23,13.987893698611984
1,24,14.071098506049879
1,25,14.971358790512506
1,26,17.575762845642824
1,27,20.2892093531408
1,28,40.43991674348048
1,29,38.447827840646156
1,30,35.16584264113168
1,31,35.49283657183895
1,32,36.42537682879656
1,33,33.74738800749642
1,34,31.060658975404124
1,35,32.41014603482248
1,36,32.66913089338541
1,37,28.936906759844227
1,38,28.255826085909113
1,39,30.405054652964555
1,40,29.042391624930833
1,41,25.450126822766023
1,42,26.57679857544761
1,43,28.67388407735304
1,44,26.072833399498858
1,45,23.73652461764169
1,46,26.574825107902125
1,47,27.59705510715756
1,48,24.38906394395897
1,49,24.946030954260593
1,50,28.58398552817498
1,51,27.696269954329214
1,52,25.39071693821055
1,53,28.298263791622993
1,54,31.061402479563746
1,55,29.040977630029108
1,56,28.504258727958383
1,57,24.74837226144463
1,58,25.080668548541805
1,59,22.104878114546015
1,60,20.267734141950978
1,61,16.96957277325983
1,62,18.08289606198311
1,63,21.878731675673066
1,64,24.357600515694433
1,65,27.837997554892755
1,66,31.33349159721846
1,67,31.80803548852536
1,68,32.073829566245145
1,69,30.548766156726078
1,70,33.52565261860228
1,71,33.63208556974693
1,72,35.16540686107222
1,73,31.726855845912883
1,74,30.240442488270748
1,75,31.819581227147157
1,76,28.66851265222109
1,77,27.4514309421062
1,78,24.21513767759714
1,79,23.274016301045798
1,80,24.048474616457472
1,81,21.87743434026356
1,82,18.578211258467373
1,83,18.45133535907307
1,84,19.909705051960096
1,85,19.910527503909982
1,86,17.186502488231405
1,87,17.122124659977214
1,88,19.19383909241942
1,89,21.58168229323436
1,90,22.187914954617572
1,91,23.366425063222767
1,92,25.67414968821402
1,93,27.405520465981915
1,94,27.629990736433747
1,95,28.40786419292167
1,96,32.05956669724746
1,97,31.797759760907827
1,98,29.077031232640337
1,99,31.911614528019083
1,100,33.677650796490504
1,101,30.888034098443622
1,102,30.513028276834245
1,103,34.16182129467453
1,104,33.74224911969908
1,105,31.06233207476953
1,106,33.36152188573006
1,107,36.44033168636429
1,108,34.63883440728046
1,109,33.69519667727467
1,110,37.195639816797204
1,111,38.64155780176151
1,112,36.563597039920225
1,113,37.39012062436379
1,114,40.94965733649189
1,115,41.11947999434385
1,116,39.50585097488388
1,117,42.26209640549362
1,118,44.96218659454391
1,119,43.19553262891081
1,120,43.60018315270137
1,121,47.203131456127416
1,122,48.324123929720656
2,1,3.826699915636615
2,3,3.81214381225869
2,4,6.983752201144036
2,5,7.752596841808159
2,6,4.628529792431954
2,7,6.874029650559533
2,8,10.010359881823618
2,9,11.580941683380829
2,10,10.792982531058858
2,11,13.569082606558803
2,12,14.533107967608322
2,13,14.531542815256493
2,14,10.924862656800657
2,15,9.792229460988827
2,16,12.540735850319837
2,17,10.93374144743288
2,18,9.653753487340271
2,19,11.083383237467526
2,20,11.938846604769308
2,21,9.057854017582889
2,22,10.933824309565662
2,23,14.045967849345574
2,24,14.190784106428152
2,25,14.113933458478167
2,26,16.655988084458937
2,27,19.612858405111968
2,28,38.39207768358353
2,29,36.151598145604055
2,30,32.962230417025836
2,31,33.627838250666606
2,32,34.506085513914364
2,33,31.590917277025774
2,34,29.148411332489072
2,35,30.820668021861042
2,36,30.863534794454225
2,37,27.07567071759822
2,38,26.84758309303211
2,39,29.15043853171963
2,40,27.533051373763143
2,41,24.113290246313085
2,42,25.745775152861356
2,43,27.691778485227868
2,44,24.9013414390714
2,45,23.031653531503892
2,46,26.212403929903033
2,47,26.99174546904253
2,48,23.976420348359138
2,49,25.056772649089613
2,50,28.59927200699061
2,51,27.642149761966756
2,52,25.79285193577684
2,53,28.921383837066642
2,54,31.529242116537894
2,55,29.650623887328234
2,56,29.58258579790726
2,57,25.792750839895444
2,58,26.124829763465396
2,59,23.480051441156462
2,60,21.68415076414042
2,61,18.17259672647117
2,62,19.370740680902045
2,63,23.09262269970463
2,64,25.597390351648855
2,65,28.856542567384913
2,66,32.307083963594096
2,67,32.34498544530622
2,68,32.572789215250125
2,69,30.70273162667992
2,70,33.37874252453745
2,71,33.29245208807695
2,72,34.48216283808589
2,73,30.951233452045397
2,74,29.466030243894554
2,75,31.239385188810246
2,76,28.136711700413723
2,77,27.376478861559796
2,78,24.445689564473344
2,79,23.442793670567273
2,80,23.601697439275032
2,81,21.3683090176636
2,82,18.49445939843389
2,83,18.257658323520744
2,84,18.98434967332873
2,85,18.581045983105685
2,86,15.546622073893676
2,87,15.649973259695289
2,88,17.07740746533451
2,89,19.58251618373107
2,90,20.753934549538307
2,91,21.84930516658127
2,92,23.719348761807677
2,93,25.772290921935337
2,94,26.34125324751621
2,95,26.797045747953895
2,96,30.551844466636595
2,97,30.728950615062125
2,98,28.058261831241147
2,99,30.92503214873972
2,100,32.96194255047627
2,101,30.49742797559273
2,102,30.129261743920534
2,103,33.87801535047551
2,104,33.76235703779481
2,105,31.335446452034155
2,106,33.609149671351254
2,107,36.80579830893556
2,108,35.31336706922519
2,109,34.52062544080311
2,110,37.93974989215626
2,111,39.53653317629199
2,112,37.77313865913692
2,113,38.67782610015962
2,114,42.129730659713736
2,115,42.51149441084828
2,116,41.12554684891448
2,117,43.807999474538946
2,118,46.5640203863493
2,119,45.045873638714006
2,120,45.55691175223697
2,121,49.0611360266825
2,122,50.39434182468789
3,1,5.933331777805574
3,2,3.81214381225869
3,4,3.7848166732274064
3,5,6.22834562918218
3,6,4.940435866135307
3,7,8.200188646066122
3,8,10.405425323707938
3,9,12.933744686993201
3,10,12.861921381164578
3,11,15.622364616741613
3,12,15.92232516375575
3,13,16.40503331365454
3,14,13.169156664039354
3,15,11.046331538227086
3,16,13.308981496050844
3,17,12.013089562511771
3,18,9.791736412767259
3,19,10.223507090881933
3,20,10.177457928738518
3,21,6.625679219174602
3,22,8.311758925712994
3,23,11.395176952320181
3,24,10.990646177025775
3,25,10.507203538422745
3,26,13.317226987369743
3,27,16.07079801503728
3,28,34.787910628945575
3,29,32.66429092539462
3,30,29.426874450740662
3,31,29.951133954078355
3,32,30.873470495394574
3,33,28.062543054705788
3,34,25.495123457291655
3,35,27.112728299265182
3,36,27.300229673314504
3,37,23.534640456332227
3,38,23.17035711547666
3,39,25.58102871342917
3,40,24.151269104261356
3,41,20.668094941305476
3,42,22.34066169307339
3,43,24.498827653719502
3,44,21.922745810060373
3,45,20.021613486586396
3,46,23.29794017310096
3,47,24.354000415322687
3,48,21.60346705299387
3,49,22.617510755845316
3,50,26.20947173270529
3,51,25.642243106244788
3,52,23.98050551279008
3,53,26.957110285686294
3,54,29.73762272212634
3,55,28.255934667660934
3,56,28.246394492384567
3,57,24.44239346705357
3,58,24.302485904720776
3,59,21.708383794080653
3,60,20.423506971414923
3,61,17.094903450307854
3,62,18.964025741804527
3,63,22.555773817302835
3,64,25.456487395092054
3,65,28.526527535511235
3,66,32.1126334228701
3,67,32.141914975203555
3,68,32.79391240077319
3,69,31.083490843392273
3,70,33.70533248094091
3,71,33.954967009357695
3,72,34.87190526205999
3,73,31.203538786741596
3,74,30.15723739141017
3,75,32.31391387138478
3,76,29.50039482214017
3,77,29.017928219167302
3,78,26.06972983711256
3,79,25.549688972521885
3,80,25.58917798495914
3,81,22.937770757817898
3,82,20.226276925490414
3,83,20.591273353626605
3,84,21.15044328508803
3,85,20.13814514422499
3,86,16.726855689210748
3,87,16.039720572259675
3,88,17.10307805431318
3,89,20.14335924964155
3,90,21.220646676843938
3,91,21.653381772511864
3,92,23.557459624855806
3,93,25.991566291216685
3,94,26.23388363200868
3,95,26.21993476156013
3,96,29.962427680780095
3,97,30.214160882201565
3,98,27.237750089397064
3,99,29.76861412583383
3,100,32.10274515738354
3,101,29.750409082464795
3,102,28.92872769376288
3,103,32.674356869488996
3,104,32.91418274819267
3,105,30.36440170938578
3,106,32.279425676564934
3,107,35.67000656536415
3,108,34.454363233347266
3,109,33.36408436762474
3,110,36.60267434045349
3,111,38.521699599784725
3,112,36.83822621311323
3,113,37.44358932831466
3,114,40.90745667599276
3,115,41.602359153654184
3,116,40.129338709572615
3,117,42.566925147866584
3,118,45.522975211352495
3,119,44.20056650927832
3,120,44.50232395012021
3,121,47.93486463124076
3,122,49.48868867674982
4,1,9.18511399671355
4,2,6.983752201144036
4,3,3.7848166732274064
4,5,3.8352636105493447
4,6,5.230656498980037
4,7,8.248288468365597
4,8,9.140153439036608
4,9,12.383773919821836
4,10,13.02728067187323
4,11,15.680913727583553
4,12,15.457625615898722
4,13,16.679045382060558
4,14,14.005174375923712
4,15,11.03227332798532
4,16,13.0489037873326
4,17,12.702096872051465
4,18,10.536420280323181
4,19,9.537733931478753
4,20,9.526970997917124
4,21,5.8251210895209065
4,22,5.6848480315629235
4,23,9.168580397264689
4,24,9.131882124437448
4,25,7.8188734425855
4,26,10.128434266278513
4,27,13.181702890875268
4,28,31.9635943350011
4,29,29.74575009718505
4,30,26.674069242275483
4,31,27.15969033776828
4,32,27.777832247783472
4,33,24.889400259931776
4,34,22.49396533139761
4,35,24.02500590949051
4,36,23.926177739089255
4,37,20.137483150869283
4,38,19.981616359397854
4,39,22.24840861731191
4,40,20.587595300134456
4,41,17.206860451785733
4,42,19.088784162655337
4,43,21.044658447206803
4,44,18.355475977210105
4,45,16.73125510555809
4,46,20.17887027277652
4,47,21.06530705981488
4,48,18.514464532278122
4,49,19.863428607155598
4,50,23.32376478944883
4,51,22.804876174619803
4,52,21.54377978755255
4,53,24.58296382721986
4,54,27.243793832377524
4,55,26.018488603831443
4,56,26.373645182610847
4,57,22.63086926756916
4,58,22.36987988351775
4,59,20.183704219105174
4,60,19.10006081905006
4,61,15.829620580000139
4,62,17.96310231286198
4,63,21.279150419653295
4,64,24.31798293540964
4,65,27.060093989466985
4,66,30.626651091827032
4,67,30.392779677507004
4,68,31.285487304734268
4,69,29.54461240191815
4,70,31.956169915514632
4,71,32.3805344276316
4,72,32.958431230448845
4,73,29.20481251003437
4,74,28.519639481624985
4,75,31.02033045034233
4,76,28.522136456023357
4,77,28.44902916890598
4,78,25.667180861103166
4,79,25.585371567857127
4,80,25.308912262532008
4,81,22.313154964518027
4,82,19.990708295173945
4,83,20.885532188928664
4,84,21.072214643713295
4,85,19.408078446780735
4,86,15.740342565705447
4,87,14.39953055660479
4,88,14.986303594558445
4,89,18.395123621713612
4,90,19.43321637556174
4,91,19.296031740202125
4,92,21.111311866089252
4,93,23.845330100993877
4,94,23.899165934756258
4,95,23.472587453191107
4,96,27.18064489851106
4,97,27.59384714715077
4,98,24.477167456655714
4,99,26.790709176868422
4,100,29.368655992889295
4,101,27.246505299782296
4,102,26.189848743341248
4,103,29.936920714122756
4,104,30.508386499433964
4,105,28.06766039505543
4,106,29.774947799475562
4,107,33.28050335236535
4,108,32.39539173226705
4,109,31.286209764066513
4,110,34.35967163659561
4,111,36.48753393473738
4,112,35.0764362164576
4,113,35.62285975541507
4,114,38.971261121503055
4,115,39.93417862927086
4,116,38.62446084127571
4,117,40.898509598938254
4,118,43.93646647381839
4,119,42.90131332669368
4,120,43.230470310306565
4,121,46.52347615523606
4,122,48.32303076659703
5,1,10.35099883353563
5,2,7.752596841808159
5,3,6.22834562918218
5,4,3.8352636105493447
5,6,3.8047366024075573
5,7,5.528786629066097
5,8,5.428799094246857
5,9,8.923616826927379
5,10,9.93540146591753
5,11,12.572808094088865
5,12,12.421319142560632
5,13,14.250984434673786
5,14,11.946148408678551
5,15,8.711335303749289
5,16,11.19243867739393
5,17,11.826640820820785
5,18,10.768242704276933
5,19,9.3530886321973
5,20,10.73667223979036
5,21,7.754785054398867
5,22,6.399907034252286
5,23,10.212687793002084
5,24,11.447530724141629
5,25,10.196545360338844
5,26,11.33922942540698
5,27,14.904378205379478
5,28,33.413475825958606
5,29,30.922642999559244
5,30,28.149135463012993
5,31,28.81411345809307
5,32,29.01161578909665
5,33,25.90150671853483
5,34,23.94956846777878
5,35,25.45596649078885
5,36,24.792109151533705
5,37,21.01525594277191
5,38,21.344823013903667
5,39,23.228158166983516
5,40,21.0064584050219
5,41,17.951414265063942
5,42,19.979000199396435
5,43,21.291439088284484
5,44,18.128408286353697
5,45,16.959216412644647
5,46,20.40674926952689
5,47,20.594714094866656
5,48,17.8712795231787
5,49,19.775420990722374
5,50,22.970155179140306
5,51,21.87586668287449
5,52,20.849456096434878
5,53,24.223467939368877
5,54,26.46258044724068
5,55,24.9575927407144
5,56,25.716373776550487
5,57,22.04986638473422
5,58,22.353867009146512
5,59,20.588368416760087
5,60,18.982510081812546
5,61,15.459571726911655
5,62,16.968526995285355
5,63,20.1632409195626
5,64,22.847388960653458
5,65,25.446739942557123
5,66,28.822299047169953
5,67,28.221703739767136
5,68,28.831592105104143
5,69,26.775600283726735
5,70,28.987409128171198
5,71,29.163149436618905
5,72,29.649511742152146
5,73,25.914596664689913
5,74,25.08295450683219
5,75,27.5781492647717
5,76,25.089604836922042
5,77,25.249994032988834
5,78,22.710444883807373
5,79,22.62113386283835
5,80,22.000602615580508
5,81,18.995960515061945
5,82,17.01457567379843
5,83,17.940464148973934
5,84,17.735419245310922
5,85,15.809384293686875
5,86,12.079201789270261
5,87,10.82456800679304
5,88,11.237993137429067
5,89,14.586579568291285
5,90,15.80306963086748
5,91,15.857084608256072
5,92,17.52471507623938
5,93,20.211093736946683
5,94,20.52685720573363
5,95,20.224483776681076
5,96,23.994702429796135
5,97,24.554016451406294
5,98,21.67417625792907
5,99,24.269780031653784
5,100,26.76117318662814
5,101,24.773817182226235
5,102,24.100417244541855
5,103,27.89584970263799
5,104,28.388064851874738
5,105,26.27436766032926
5,106,28.26763962990789
5,107,31.65605286424783
5,108,30.803014048624735
5,109,30.111328203554706
5,110,33.24866261093546
5,111,35.188108195348676
5,112,34.01963014272727
5,113,34.92712115102031
5,114,38.11766121356266
5,115,38.98592159563234
5,116,38.010083579689685
5,117,40.427217792083916
5,118,43.29594806250136
5,119,42.35490885447376
5,120,43.01146627079557
5,121,46.23396081376456
5,122,48.0456055732192
6,1,7.834503371232448
6,2,4.628529792431954
6,3,4.940435866135307
6,4,5.230656498980037
6,5,3.8047366024075573
6,7,3.8008079709505918
6,8,5.739309169920003
6,9,7.998697380855354
6,10,8.34650134657389
6,11,11.482140374181077
6,12,12.27756527576306
6,13,13.46139229194727
6,14,10.433505527339994
6,15,8.171958578478234
6,16,11.370594759163403
6,17,11.237996207917817
6,18,10.519382701892644
6,19,10.454129816985942
6,20,12.027173855864183
6,21,8.986881885681107
6,22,9.121505244402428
6,23,12.812291939549468
6,24,13.700381912798347
6,25,12.879645464037432
6,26,14.646353019068613
6,27,18.0391970937097
6,28,36.26223658845776
6,29,33.75850836610182
6,30,30.84495307060161
6,31,31.672421562258748
6,32,32.14476381181688
6,33,29.009353462314994
6,34,26.959241584359
6,35,28.666143919969507
6,36,28.20732434860511
6,37,24.408806436052227
6,38,24.671964895307223
6,39,26.75757897064051
6,40,24.677993763457742
6,41,21.544909064434496
6,42,23.517944410156975
6,43,24.99795090771021
6,44,21.891469463845308
6,45,20.552905551846155
6,46,23.919099517943796
6,47,24.202464786821345
6,48,21.312184740007204
6,49,22.99791887858156
6,50,26.293732125954502
6,51,25.088708857047934
6,52,23.74361595102533
6,53,27.121224621475623
6,54,29.40771984476831
6,55,27.6154154522836
6,56,28.112482651874753
6,57,24.388403866803202
6,58,24.893637646156787
6,59,22.796410056376523
6,60,20.912516903368225
6,61,17.25363812947054
6,62,18.375726212526306
6,63,21.84825981279893
6,64,24.299152212037484
6,65,27.206501855987643
6,66,30.545835971954734
6,67,30.09782691010034
6,68,30.34760603887922
6,69,28.195424640311494
6,70,30.540088930243314
6,71,30.394006804337348
6,72,31.195751562234292
6,73,27.578953589007273
6,74,26.26276532500119
6,75,28.34546046480782
6,76,25.47347867502074
6,77,25.27206879097877
6,78,22.66018405617497
6,79,21.96500215540642
6,80,21.51179171524433
6,81,18.968858674559705
6,82,16.66158712937472
6,83,16.82232147736002
6,84,16.814571196024588
6,85,15.629420007116972
6,86,12.19435922614677
6,87,12.024741306882316
6,88,12.85618038415342
6,89,15.610498717077757
6,90,17.077740140213987
6,91,17.905680062534223
6,92,19.488977467639597
6,93,21.825032570662575
6,94,22.529826330586545
6,95,22.681141332598244
6,96,26.476095198040515
6,97,26.975336639608727
6,98,24.354232100203575
6,99,27.22410836167354
6,100,29.457185944929034
6,101,27.315086472058137
6,102,26.982805585668515
6,103,30.776338610025196
6,104,30.936331140932356
6,105,28.81683868019071
6,106,31.07522755070001
6,107,34.3249056001817
6,108,33.166358290318215
6,109,32.598874827949
6,110,35.907756159589454
6,111,37.605830189709906
6,112,36.23629843987069
6,113,37.28664600197078
6,114,40.554353243889956
6,115,41.14472961500376
6,116,40.09161638303728
6,117,42.70157592341482
6,118,45.457293891656455
6,119,44.26006148191589
6,120,44.96843832346723
6,121,48.313875789630636
6,122,49.89412065877916
7,1,9.07648998950313
7,2,6.874029650559533
7,3,8.200188646066122
7,4,8.248288468365597
7,5,5.528786629066097
7,6,3.8008079709505918
7,8,3.801111270895638
7,9,5.498143008539136
7,10,4.829437658325456
7,11,7.702492707875015
7,12,8.620163915586602
7,13,9.993070687180062
7,14,7.27506228682942
7,15,5.12926431181049
7,16,8.793441826770133
7,17,9.427055263551935
7,18,10.022223796204713
7,19,9.946239640368884
7,20,12.600775180768334
7,21,10.485805051224622
7,22,10.275040243266186
7,23,13.712636064212163
7,24,15.483300147296218
7,25,15.141014539999329
7,26,16.22842447183384
7,27,19.876415298818973
7,28,38.866848981414556
7,29,36.28411538840108
7,30,33.562791086504696
7,31,34.32182149007595
7,32,34.46828866992643
7,33,31.300026097592507
7,34,29.452093023295056
7,35,30.93262645774456
7,36,30.141492564948113
7,37,26.39335835214884
7,38,26.747556317029613
7,39,28.426275409500885
7,40,26.05151217619173
7,41,23.075336510618143
7,42,24.838933530414874
7,43,25.87551245327384
7,44,22.515354148929397
7,45,21.254363324878828
7,46,24.384994243963675
7,47,24.200053330462207
7,48,21.045833273300225
7,49,22.886888748319382
7,50,25.977203952963233
7,51,24.263399522807852
7,52,22.858026684588467
7,53,26.41452484850793
7,54,28.363379709410996
7,55,26.19319367500592
7,56,26.820986153243613
7,57,23.211800030451307
7,58,24.287305521781718
7,59,22.432403998959316
7,60,20.021661747901117
7,61,16.249692302768015
7,62,16.61703157040582
7,63,19.986747656910143
7,64,21.99501877459481
7,65,24.883877063829598
7,66,28.026116698795548
7,67,27.44106124503768
7,68,27.354179940352775
7,69,25.037347521506106
7,70,27.36865499343825
7,71,27.016846820985013
7,72,27.99457072749984
7,73,24.479052907458765
7,74,22.901497324947684
7,75,24.78582106951252
7,76,21.80070448564953
7,77,21.520777809058558
7,78,18.962598825124207
7,79,18.19829702746883
7,80,17.717492764719275
7,81,15.2215583441414
7,82,12.93071737579016
7,83,13.075615363566529
7,84,13.090838435298597
7,85,12.009017504818216
7,86,8.73877523010095
7,87,9.000425674412625
7,88,10.465029934027742
7,89,12.739876362673753
7,90,13.98227913569294
7,91,15.346160210493437
7,92,17.09406150327402
7,93,18.980767404911127
7,94,19.79892910348847
7,95,20.449072365358777
7,96,24.189215138885416
7,97,24.505078791822193
7,98,22.179031140212356
7,99,25.343124644160145
7,100,27.235508624176365
7,101,25.009853446693658
7,102,25.134862706175856
7,103,28.885529955068815
7,104,28.727157198924086
7,105,26.8099746322739
7,106,29.40018620170125
7,107,32.42921402820784
7,108,31.099187627126323
7,109,30.897871529220417
7,110,34.32043555745685
7,111,35.71443326698123
7,112,34.41633402499191
7,113,35.80705801628622
7,114,38.96529007618301
7,115,39.32626343048592
7,116,38.50176211734539
7,117,41.30160574202383
7,118,43.842422708366094
7,119,42.60732585779721
7,120,43.6042456297578
7,121,46.92436647106919
7,122,48.40048681775401
8,1,12.618533342620523
8,2,10.010359881823618
8,3,10.405425323707938
8,4,9.140153439036608
8,5,5.428799094246857
8,6,5.739309169920003
8,7,3.801111270895638
8,9,3.8030380190155157
8,10,5.538112966796424
8,11,8.24806425200099
8,12,8.883265433512966
8,13,11.485925152202848
8,14,9.787902335153776
8,15,7.147925734200436
8,16,10.361388392435645
8,17,12.075757567775913
8,18,12.72723668030096
8,19,11.60761214927126
8,20,14.294732372886234
8,21,12.15807451243878
8,22,10.717448407986195
8,23,14.212576689317794
8,24,16.27493462051576
8,25,15.298872252395919
8,26,15.708846260100776
8,27,19.468490487310266
8,28,37.191580266180466
8,29,34.409817252421
8,30,31.962100764906094
8,31,32.88845663162385
8,32,32.72479444730535
8,33,29.408874521540863
8,34,27.95243862913758
8,35,29.48615717716155
8,36,28.290862314490195
8,37,24.626107226327214
8,38,25.441246721549827
8,39,26.940328599036533
8,40,24.215715844074648
8,41,21.613851594811216
8,42,23.68707882381154
8,43,24.293889843877704
8,44,20.74003871268172
8,45,20.08269575349209
8,46,23.318260366135817
8,47,22.6892154130238
8,48,19.804570269835065
8,49,22.186510201041308
8,50,24.96358358856227
8,51,23.102186019129714
8,52,22.270146440922534
8,53,25.947158797778965
8,54,27.579588586724917
8,55,25.59323050147459
8,56,26.745276644752128
8,57,23.28634243822251
8,58,24.406408067021133
8,59,23.068202256032436
8,60,20.76415754752308
8,61,17.083715830722795
8,62,17.457110668758062
8,63,20.426290478772174
8,64,22.35508463115579
8,65,24.80896495727468
8,66,27.787068799057383
8,67,26.72321084546458
8,68,26.68374565898802
8,69,24.105472341746133
8,70,26.020786125682847
8,71,25.596832721140245
8,72,26.10054845652608
8,73,22.51266314987095
8,74,21.148781423267618
8,75,23.37370826513417
8,76,20.701650961030538
8,77,21.08455435986457
8,78,18.98447937319576
8,79,18.55055622958295
8,80,17.37492068792161
8,81,14.657312863736243
8,82,13.232128451664202
8,83,13.756474412755217
8,84,12.839202206762936
8,85,10.787312894193276
8,86,7.102856277794667
8,87,7.004354176131023
8,88,7.268443081741957
8,89,9.907507643060072
8,90,11.693484875358232
8,91,12.68131371965044
8,92,13.938538981834675
8,93,16.238421498392693
8,94,17.289572895821557
8,95,17.51013170608497
8,96,21.298142242298052
8,97,22.052812647646892
8,98,19.81003895616174
8,99,22.933608953201308
8,100,25.06778047068294
8,101,23.26062285417854
8,102,23.395489200273932
8,103,27.146219218108495
8,104,27.32504044683071
8,105,25.756252671827838
8,106,28.250207023817648
8,107,31.31527229514235
8,108,30.367325440545724
8,109,30.352134244182604
8,110,33.59862372873055
8,111,35.11382218024283
8,112,34.205802628379985
8,113,35.66686657229245
8,114,38.62760263177179
8,115,39.21337156378837
8,116,38.673115592916666
8,117,41.34548021435256
8,118,43.893172685205876
8,119,42.966151867269176
8,120,44.082880749543975
8,121,47.23579626404886
8,122,48.93428059214652
9,1,14.216700423552748
9,2,11.580941683380829
9,3,12.933744686993201
9,4,12.383773919821836
9,5,8.923616826927379
9,6,7.998697380855354
9,7,5.498143008539136
9,8,3.8030380190155157
9,10,3.7959837977079554
9,11,6.856859182649647
9,12,8.945128608336528
9,13,11.469740327892644
9,14,9.940117285619065
9,15,8.61831715669693
9,16,12.090479632616589
9,17,13.798871127292948
9,18,15.148873273142172
9,19,14.617510136343661
9,20,17.5646992040633
9,21,15.518447192941945
9,22,14.42995798723968
9,23,17.898925108109534
9,24,19.955235721369505
9,25,19.00975865910555
9,26,19.50126035498825
9,27,23.252966913389827
9,28,40.15671581553842
9,29,37.215759171617435
9,30,34.85872842795515
9,31,36.03152993476528
9,32,35.861217046295835
9,33,32.424330655528266
9,34,31.160300684311842
9,35,32.86759363040237
9,36,31.551595918814815
9,37,27.92863766820204
9,38,28.968207639249943
9,39,30.476796139658525
9,40,27.629899809785822
9,41,25.19377002762217
9,42,27.363364620541425
9,43,27.8078219514274
9,44,24.178794784492347
9,45,23.712891014649607
9,46,26.888872684737894
9,47,26.024425220938245
9,48,23.134998180378357
9,49,25.616285564359877
9,50,28.243436896675902
9,51,26.114098022323436
9,52,25.316579800878042
9,53,29.05721306084025
9,54,30.446639392077476
9,55,28.224587201335957
9,56,29.456792597681556
9,57,26.111737737273735
9,58,27.56254797409598
9,59,26.281278631407577
9,60,23.698858404621067
9,61,19.994135873083614
9,62,19.824435638081194
9,63,22.714756015248078
9,64,24.17065541807812
9,65,26.604969135230736
9,66,29.307068206804665
9,67,28.05527930282894
9,68,27.512462513493936
9,69,24.621696463500363
9,70,26.323524521674134
9,71,25.352194088146263
9,72,25.936953890373402
9,73,22.587145263784453
9,74,20.68381142493183
9,75,22.472807689047166
9,76,19.542600621685907
9,77,19.951560820326677
9,78,18.24631302873848
9,79,17.187053127062775
9,80,15.606171553906533
9,81,13.555835965672362
9,82,12.533916796574184
9,83,12.129973637960964
9,84,10.561880711183509
9,85,8.993906796182971
9,86,6.014386772156022
9,87,7.879048744098985
9,88,7.90740821199974
9,89,9.135043646615568
9,90,11.580663417478366
9,91,13.47250830071351
9,92,14.134258544936603
9,93,15.955342827759948
9,94,17.73328884975488
9,95,18.35145514532569
9,96,22.010007940879365
9,97,22.944513748025308
9,98,21.252547365804794
9,99,24.62746373650576
9,100,26.47961464512577
9,101,24.821442507606047
9,102,25.464590133914516
9,103,29.112274236594782
9,104,29.06230675101607
9,105,27.81667384017923
9,106,30.572612062931793
9,107,33.4045541947552
9,108,32.35011340204655
9,109,32.698087733435
9,110,36.00066810773404
9,111,37.23576612299473
9,112,36.40821277634557
9,113,38.15225306591523
9,114,41.00536235219886
9,115,41.37379277760365
9,116,41.018150711766374
9,117,43.84626459212641
9,118,46.19818023375919
9,119,45.20241767277947
9,120,46.538417750315894
9,121,49.684187802492936
9,122,51.24852774045717
10,1,12.551586821412002
10,2,10.792982531058858
10,3,12.861921381164578
10,4,13.02728067187323
10,5,9.93540146591753
10,6,8.34650134657389
10,7,4.829437658325456
10,8,5.538112966796424
10,9,3.7959837977079554
10,11,3.7859244659439364
10,12,6.504112543688678
10,13,8.15274775442405
10,14,6.407387551017314
10,15,6.164000972860921
10,16,9.644329588770775
10,17,11.04758117070612
10,18,13.039054763996592
10,19,13.18454914391008
10,20,16.44568845479311
10,21,14.937270717421308
10,22,14.524741945579697
10,23,17.701645161836034
10,24,19.925309222681562
10,25,19.691206670754397
10,26,20.341815841971023
10,27,24.099296413969864
10,28,42.67948051081356
10,29,39.91125084013551
10,30,37.40654877019357
10,31,38.32116014305111
10,32,38.22355551231712
10,33,34.93250410512014
10,34,33.39689787875099
10,35,34.875031265912256
10,36,33.74149695659305
10,37,30.07324447091742
10,38,30.713357456075812
10,39,32.128383613279375
10,40,29.443643098814853
10,41,26.75637926648386
10,42,28.515358689058754
10,43,29.088972717841475
10,44,25.5150067959302
10,45,24.56645638156846
10,46,27.498962876593808
10,47,26.772409302593523
10,48,23.54267438757091
10,49,25.63223476787732
10,50,28.38021046435028
10,51,26.129334731674728
10,52,24.839479854419515
10,53,28.530764373979913
10,54,29.98883076783731
10,55,27.439077499123268
10,56,28.30337111998207
10,57,24.94868251994458
10,58,26.646988186287388
10,59,25.127783816046968
10,60,22.24002127104281
10,61,18.519265447636926
10,62,17.92115492820842
10,63,20.96411227214319
10,64,22.202982520874986
10,65,24.937525171741456
10,66,27.646376269992317
10,67,26.741884986361796
10,68,26.0037021415175
10,69,23.291019629617065
10,70,25.37606269391243
10,71,24.424978998303832
10,72,25.557407781272662
10,73,22.321650229736736
10,74,20.14477072174589
10,75,21.540053930302243
10,76,18.28359751052984
10,77,18.004170066354412
10,78,15.871225019740779
10,79,14.530836525431061
10,80,13.626916257681165
10,81,11.72302155603984
10,82,9.887878115822208
10,83,9.160917980079102
10,84,8.587963807637383
10,85,8.070828818132304
10,86,5.698819938610648
10,87,7.9097620868953555
10,88,9.554943623141805
10,89,10.362964386971663
10,90,11.820025214747755
10,91,14.237921765056464
10,92,15.61648171034701
10,93,16.7763230356708
10,94,18.21998191324062
10,95,19.50103536708234
10,96,23.058905627377758
10,97,23.408566591502186
10,98,21.75414279286733
10,99,25.27751888831115
10,100,26.72275926640688
10,101,24.627878301779063
10,102,25.474145956340884
10,103,29.07679582538216
10,104,28.564071336830093
10,105,27.116843464843715
10,106,30.10213304304474
10,107,32.77448961672587
10,108,31.309214025027003
10,109,31.682477283280683
10,110,35.169607237428664
10,111,36.14130452124804
10,112,35.027197551104
10,113,36.876498682072764
10,114,39.82108186201142
10,115,39.88469093286323
10,116,39.414358402244254
10,117,42.42828681546362
10,118,44.65416812343806
10,119,43.39329104880327
10,120,44.77419487386462
10,121,48.02721110273661
10,122,49.353460776584456
11,1,14.527329422704748
11,2,13.569082606558803
11,3,15.622364616741613
11,4,15.680913727583553
11,5,12.572808094088865
11,6,11.482140374181077
11,7,7.702492707875015
11,8,8.24806425200099
11,9,6.856859182649647
11,10,3.7859244659439364
11,12,3.7950756567471666
11,13,5.317092964489309
11,14,5.379990689243162
11,15,6.198786697066002
11,16,8.493154943732339
11,17,10.510148028847407
11,18,13.38478057636843
11,19,13.514038277773713
11,20,17.169621413151
11,21,16.474731853338508
11,22,16.018425166442217
11,23,18.675737446707437
11,24,21.366652525380093
11,25,21.610082436766586
11,26,21.850217395301403
11,27,25.615203253882935
11,28,45.111649141422426
11,29,42.403300070518576
11,30,40.00325263595544
11,31,40.71197163020427
11,32,40.38832556141595
11,33,37.19265915103229
11,34,35.69869901180949
11,35,36.874333626257176
11,36,35.593746077067955
11,37,32.01425152971913
11,38,32.5334822986551
11,39,33.58614687518051
11,40,30.822291593444554
11,41,28.220931862954373
11,42,29.628131562752976
11,43,29.91538656744327
11,44,26.309538047327635
11,45,25.28225950444527
11,46,27.84641969266762
11,47,26.848376662211997
11,48,23.454050394449474
11,49,25.439484484778433
11,50,27.953306062872745
11,51,25.352528569772076
11,52,23.92520897225952
11,53,27.595306197803236
11,54,28.746394109801077
11,55,25.875866351844746
11,56,26.72733194207781
11,57,23.608528687634095
11,58,25.773349488399855
11,59,24.47855199752355
11,60,21.24255440009061
11,61,17.70140806249009
11,62,16.356711137903513
11,63,19.08561006080627
11,64,19.769049382936075
11,65,22.43417826635752
11,66,24.879881512224358
11,67,23.971084311049598
11,68,22.900261475223907
11,69,20.165042681264605
11,70,22.339833194730403
11,71,21.279338039247705
11,72,22.76119966070385
11,73,19.716861337487696
11,74,17.291129868737254
11,75,18.36365782859545
11,76,14.964215443919912
11,77,14.358162085283238
11,78,12.125526629608817
11,79,10.789922017127413
11,80,10.138911889486202
11,81,8.219896849055232
11,82,6.170771160471794
11,83,5.570967176465081
11,84,5.59359981210025
11,85,5.658608799392923
11,86,4.684504112756976
11,87,7.163330848608591
11,88,9.763806342101427
11,89,9.683163849512672
11,90,10.124896094615538
11,91,13.080618247638052
11,92,14.848207505094647
11,93,15.201161327295162
11,94,16.449262862050745
11,95,18.397726340886752
11,96,21.692199163750768
11,97,21.59213186188311
11,98,20.261230496387263
11,99,23.931788200249816
11,100,24.883753926332712
11,101,22.61288852717671
11,102,23.886525467343294
11,103,27.315442117265007
11,104,26.390127915771277
11,105,25.08933483219811
11,106,28.334069002822833
11,107,30.70709864769922
11,108,29.009254625839727
11,109,29.688384346901586
11,110,33.240444122976825
11,111,33.87199007364605
11,112,32.765363882638326
11,113,34.887996987045604
11,114,37.71281666476319
11,115,37.516517470340915
11,116,37.21930309777111
11,117,40.3827969105504
11,118,42.37701742147353
11,119,41.05107626056475
11,120,42.66267992041283
11,121,45.87427068611595
11,122,47.061953366756825
12,1,15.047263211684026
12,2,14.533107967608322
12,3,15.92232516375575
12,4,15.457625615898722
12,5,12.421319142560632
12,6,12.27756527576306
12,7,8.620163915586602
12,8,8.883265433512966
12,9,8.945128608336528
12,10,6.504112543688678
12,11,3.7950756567471666
12,13,3.806771451126315
12,14,5.55782222614917
12,15,5.169507503579346
12,16,5.866797828741011
12,17,8.900711976720558
12,18,11.9077765936041
12,19,11.383913773489637
12,20,15.213072728677563
12,21,15.208728168347315
12,22,14.437676882736774
12,23,16.530910108941843
12,24,19.6314560252397
12,25,20.23002185604511
12,26,19.997479546291537
12,27,23.693667375047855
12,28,44.09387701469949
12,29,41.54269646379607
12,30,39.21444516875838
12,31,39.61011556719386
12,32,39.08747617881801
12,33,36.07005144131362
12,34,34.539000661895436
12,35,35.34909401492714
12,36,34.010567827389096
12,37,30.536260805803963
12,38,30.840578289509434
12,39,31.556744095592688
12,40,28.819433099424153
12,41,26.25522293892521
12,42,27.297262658558026
12,43,27.409833344488487
12,44,23.86301497851925
12,45,22.69391040055527
12,46,24.95158189526491
12,47,23.853508377430913
12,48,20.356841854856963
12,49,22.216387914362436
12,50,24.60388133960621
12,51,21.88691704348126
12,52,20.36407244069405
12,53,24.006977974165466
12,54,25.066914733915873
12,55,22.123645186550885
12,56,22.986171159661218
12,57,19.94582607661006
12,58,22.26871049853659
12,59,21.190825510640913
12,60,17.86063345336468
12,61,14.457721976134417
12,62,12.866917377643622
12,63,15.401543079410231
12,64,16.092375480673006
12,65,18.709477102045156
12,66,21.255583111627452
12,67,20.424189384631443
12,68,19.622946225674337
12,69,17.105564569746477
12,70,19.54477619132294
12,71,18.992081994672777
12,72,20.544518125722313
12,73,17.336861981189294
12,74,15.352638286682875
12,75,16.808881075236307
12,76,13.738033751719884
12,77,13.113899297938078
12,78,10.417219569332298
12,79,10.271073657090472
12,80,10.122360870311441
12,81,7.105136243956566
12,82,4.597241504075554
12,83,6.459542588165355
12,84,7.287679622325379
12,85,6.291137127683391
12,86,5.050898787139328
12,87,5.403739500869191
12,88,8.973184821147562
12,89,9.3640721545336
12,90,8.493916930315429
12,91,10.97357298857401
12,92,13.541657936975042
12,93,13.788769514516316
12,94,14.20606511359753
12,95,16.287190723908488
12,96,19.50359072549234
12,97,18.93740474060501
12,98,17.355583481177625
12,99,20.951209980009995
12,100,21.790896487722918
12,101,19.259487883435543
12,102,20.44200328119055
12,103,23.857094817010317
12,104,22.844848381146463
12,105,21.388939217051554
12,106,24.63943448270496
12,107,27.0162522520332
12,108,25.274705000177757
12,109,25.898350162138243
12,110,29.462085623393854
12,111,30.11372191156454
12,112,28.99590559981075
12,113,31.104028667165025
12,114,33.925129307263504
12,115,33.77447701231085
12,116,33.487951879991094
12,117,36.62250038042546
12,118,38.63992875192159
12,119,37.382181569313516
12,120,38.996751239127946
12,121,42.171382598875574
12,122,43.434611591877676
13,1,14.142515207042605
13,2,14.531542815256493
13,3,16.40503331365454
13,4,16.679045382060558
13,5,14.250984434673786
13,6,13.46139229194727
13,7,9.993070687180062
13,8,11.485925152202848
13,9,11.469740327892644
13,10,8.15274775442405
13,11,5.317092964489309
13,12,3.806771451126315
13,14,3.798615550572952
13,15,5.653372495597982
13,16,5.371357203195511
13,17,7.177467437455797
13,18,10.823791763206636
13,19,11.378511287971575
13,20,15.100989341842773
13,21,15.556710107657848
13,22,15.65718827933713
13,23,17.42224152482837
13,24,20.327987248099916
13,25,21.49348185255707
13,26,21.63676327040725
13,27,25.17836828747683
13,28,46.547804241301485
13,29,44.149575363940144
13,30,41.63741988693163
13,31,41.882368465104776
13,32,41.55334245595107
13,33,38.65568724776101
13,34,36.85288591591233
13,35,37.57784661071944
13,36,36.515857415236724
13,37,32.998971640767714
13,38,32.95633003961735
13,39,33.742618131039116
13,40,31.26735912939067
13,41,28.459380229507605
13,42,29.204622695174155
13,43,29.596660453617552
13,44,26.232423229080997
13,45,24.609343785815444
13,46,26.670255224629884
13,47,25.904390482126185
13,48,22.23039206453456
13,49,23.549234801179534
13,50,26.100831526726232
13,51,23.49592594102467
13,52,21.43506410491214
13,53,24.856818533280766
13,54,26.10644417608535
13,55,22.943651366534286
13,56,23.225155887268357
13,57,20.197402832622835
13,58,22.60071215938758
13,59,21.12349509089628
13,60,17.613525139295728
13,61,14.34724826285757
13,62,12.384264658503598
13,63,15.13309270847668
13,64,15.606153863588904
13,65,18.665040727211377
13,66,21.229657044219902
13,67,20.997084422788465
13,68,20.040677634382018
13,69,17.949588846147098
13,70,20.807319234045664
13,71,20.330849064084315
13,72,22.440502345572103
13,73,19.51993749944984
13,74,17.37098757912864
13,75,18.245153915864364
13,76,14.964015647383585
13,77,13.358278765480778
13,78,10.081566036428415
13,79,9.458177082798333
13,80,10.633091194920233
13,81,8.414617745994327
13,82,4.684574088580706
13,83,5.818226885093963
13,84,8.438707532415268
13,85,9.017949847189032
13,86,8.56186990393489
13,87,9.143697528400624
13,88,12.754825998245936
13,89,13.052265715181388
13,90,11.960239735564087
13,91,14.456013605031815
13,92,17.19284216295806
13,93,17.092807232030392
13,94,17.269150621748377
13,95,19.638717730459955
13,96,22.662299860718488
13,97,21.67090567229458
13,98,20.12728234951318
13,99,23.632451222127507
13,100,24.134241732434763
13,101,21.24649222714232
13,102,22.46416369229779
13,103,25.73167536011703
13,104,24.29838448921599
13,105,22.560548091887604
13,106,25.898488785264746
13,107,28.09404748227247
13,108,25.904271984896976
13,109,26.422570768326928
13,110,30.132211874231988
13,111,30.52577659537604
13,112,29.00337816993604
13,113,31.116219918547763
13,114,34.06928598315114
13,115,33.57824696047079
13,116,33.056034560346916
13,117,36.36255345509888
13,118,38.26494515821866
13,119,36.655664522010476
13,120,38.230051625892884
13,121,41.54896683634761
13,122,42.51142427494654
14,1,10.579616562803603
14,2,10.924862656800657
14,3,13.169156664039354
14,4,14.005174375923712
14,5,11.946148408678551
14,6,10.433505527339994
14,7,7.27506228682942
14,8,9.787902335153776
14,9,9.940117285619065
14,10,6.407387551017314
14,11,5.379990689243162
14,12,5.55782222614917
14,13,3.798615550572952
14,15,3.8095268348290623
14,16,5.4862343472762
14,17,5.74753142531549
14,18,8.864767043713037
14,19,10.13379388408856
14,20,13.564677573210584
14,21,13.344246234750187
14,22,13.991483487784008
14,23,16.222587693696134
14,24,18.61162456697882
14,25,19.61662285160762
14,26,20.371816726289186
14,27,23.899255122262566
14,28,44.99843405955555
14,29,42.61165858903249
14,30,39.90078012904958
14,31,40.26871585971541
14,32,40.25451505118848
14,33,37.311141367687355
14,34,35.324458868622074
14,35,36.30677176690724
14,36,35.51675646513684
14,37,31.86862440881258
14,38,31.77505458188692
14,39,32.9668350087374
14,40,30.668638706582325
14,41,27.62937207178516
14,42,28.60756142225106
14,43,29.428274350553586
14,44,26.127063458273547
14,45,24.363669394521647
14,46,26.775162107666613
14,47,26.425788566510157
14,48,22.795487454925983
14,49,24.051667032289302
14,50,26.97323892039705
14,51,24.764048353186023
14,52,22.645299865212
14,53,26.062718678927673
14,54,27.7500253240853
14,55,24.857257971588506
14,56,24.96613842080556
14,57,21.62405968957318
14,58,23.510808604476875
14,59,21.572207232310607
14,60,18.37707206675947
14,61,14.838163121400191
14,62,13.739667985423619
14,63,17.025866669054256
14,64,18.156405667465314
14,65,21.416181576673424
14,66,24.28584307641746
14,67,24.195781225362662
14,68,23.538212335843145
14,69,21.506918734921182
14,70,24.33661585661208
14,71,23.899324943537284
14,72,25.7909852528861
14,73,22.694028109230388
14,74,20.628636438582024
14,75,21.685779556258773
14,76,18.348095999969974
14,77,16.926776147770997
14,78,13.794646938452598
14,79,12.73881487572666
14,80,13.59164685608296
14,81,11.568045166750544
14,82,8.107885369299316
14,83,8.09399506814481
14,84,10.1429896570673
14,85,10.686396478471876
14,86,9.238898370026748
14,87,10.02116223170455
14,88,13.24255812030867
14,89,14.190927619047468
14,90,13.95107331900019
14,91,16.227822067222714
14,92,18.739274378544717
14,93,19.2785683434401
14,94,19.69761119986177
14,95,21.57955692175455
14,96,24.90344294524165
14,97,24.265071800993244
