1,2,3.811994307910632
1,3,6.911929462817316
1,4,7.4868155677352854
1,5,10.811710007914877
1,6,13.030064299221616
1,7,11.344484121116492
1,8,12.79349105672813
1,9,16.18444183798965
1,10,18.03304872083918
1,11,16.156087620736887
1,12,17.87779902373039
1,13,17.989358721707646
1,14,17.02142217046213
1,15,13.548287786039774
1,16,13.325594338958332
1,17,14.374149356218044
1,18,11.098913508222658
1,19,8.699844979214587
1,20,11.619372551169343
1,21,11.06874866259759
1,22,9.302931487346768
1,23,12.871533599720449
1,24,14.508566018965153
1,25,13.809811995340848
1,26,15.120222912300159
1,27,18.03269412869142
1,28,20.192226688823062
1,29,40.42999744706024
1,30,38.87475726922204
1,31,35.416591136482396
1,32,35.38562337116989
1,33,36.5872325934102
1,34,34.28596917812464
1,35,31.35950187567383
1,36,32.38283755646721
1,37,32.99521028802195
1,38,29.403260069863066
1,39,28.45080703648052
1,40,30.716076754411112
1,41,29.750209727834065
1,42,26.034969327919974
1,43,26.943014130827322
1,44,29.217174660006105
1,45,26.965679315162184
1,46,24.324867136479188
1,47,27.101298510308293
1,48,28.546271434869162
1,49,25.379740550715084
1,50,25.347849655228327
1,51,29.101167096124875
1,52,28.685076752709637
1,53,26.203916953899874
1,54,28.831558108586233
1,55,31.83071809327283
1,56,29.94941379073423
1,57,29.157308649104397
1,58,25.410017153822427
1,59,25.27520745550565
1,60,22.062604270270246
1,61,20.49446591360142
1,62,17.65697669081697
1,63,19.101076544541183
1,64,22.84140381766933
1,65,25.537520723338666
1,66,29.099217456347393
1,67,32.68080976026094
1,68,33.67511021271124
1,69,34.32076379170573
1,70,32.91190466301204
1,71,35.9677690021817
1,72,36.33996716305367
1,73,38.049840360633326
1,74,34.62349590333672
1,75,33.37961407864698
1,76,34.89614096147985
1,77,31.771243173869056
1,78,30.275949853444573
1,79,26.935935105883015
1,80,26.252120324187846
1,81,27.220179277990095
1,82,24.928909549299462
1,83,21.564136347224757
1,84,21.581938581429885
1,85,23.306950196615155
1,86,23.46805341908734
1,87,20.681272576369047
1,88,20.38918752097892
1,89,22.48716143649754
1,90,25.12449233520808
1,91,25.40059865988683
1,92,26.346169675678304
1,93,28.776489083141158
1,94,30.52540522565103
1,95,30.487342729337957
1,96,31.3817883976945
1,97,34.970362524353675
1,98,34.308834799327975
1,99,31.533607853550905
1,100,34.137966134410284
1,101,35.943675379070754
1,102,33.08497320319928
1,103,32.338731893813616
1,104,35.898555199047344
1,105,35.54406951775764
1,106,32.643645488951954
1,107,34.68613075504997
1,108,37.74417635503173
1,109,35.74538808322202
1,110,34.442326068399005
1,111,37.903990455475046
1,112,39.60945706968061
1,113,37.17249705259814
1,114,37.88101775519694
1,115,41.51024173433269
1,116,41.63617049050144
1,117,39.61754793026303
1,118,42.34871129222432
1,119,44.983544797247575
1,120,43.02668309360121
1,121,43.16326893508455
1,122,46.8149092886886
1,123,47.808298033384865
2,1,3.811994307910632
2,3,3.81535938107795
2,4,5.648980703481746
2,5,9.032615002294639
2,6,10.288064667474421
2,7,8.160553280554392
2,8,9.142141609033274
2,9,12.694032337442275
2,10,14.315156468978477
2,11,12.347520538795996
2,12,14.179460120644507
2,13,14.544074546258482
2,14,13.848530771255561
2,15,10.237080702030534
2,16,9.95144730914539
2,17,11.647585729580635
2,18,8.82605066343357
2,19,7.172080434602945
2,20,9.92650874681113
2,21,10.569024705904656
2,22,8.565605989204936
2,23,11.50162834613748
2,24,13.82990804919479
2,25,13.95254525269806
2,26,14.8567191246236
2,27,17.32124223902961
2,28,20.06639241660516
2,29,40.39378919083961
2,30,38.53433131337226
2,31,35.23881320024809
2,32,35.441103777555305
2,33,36.34413623787501
2,34,33.76131143721789
2,35,31.138187558414554
2,36,32.27797585601884
2,37,32.4614533557092
2,38,28.757040321807295
2,39,28.22372892287357
2,40,30.334728728318087
2,41,28.91353069299109
2,42,25.32936736133436
2,43,26.53336349496828
2,44,28.40362934260052
2,45,25.76439672730011
2,46,23.458394970557595
2,47,26.415586994082616
2,48,27.381774153726525
2,49,24.105042923801836
2,50,24.559765852358353
2,51,28.191001307844754
2,52,27.36003903880791
2,53,25.099680179830063
2,54,28.076779201301843
2,55,30.77227804435006
2,56,28.686141729669497
2,57,28.29603429023841
2,58,24.519891934592803
2,59,24.801920999737604
2,60,21.928150241755144
2,61,19.886295794635647
2,62,16.610996371094902
2,63,17.650497631189598
2,64,21.450948649633503
2,65,23.93231965759372
2,66,27.447546512530067
2,67,30.92005557170012
2,68,31.56987704855371
2,69,31.97873442914004
2,70,30.26519888881093
2,71,33.158480185222984
2,72,33.2892989949026
2,73,34.92843923069247
2,74,31.50134174093049
2,75,30.099456800743944
2,76,31.604831524768827
2,77,28.41823642841118
2,78,27.07100506666666
2,79,23.88664082252302
2,80,23.065564492581252
2,81,23.76352699456463
2,82,21.500754596432348
2,83,18.270487628014585
2,84,18.16172203826773
2,85,19.653925988135036
2,86,19.77489423564531
2,87,16.98924912683045
2,88,16.957041390991485
2,89,19.04914769401768
2,90,21.519518216443455
2,91,21.944934333760298
2,92,23.116605251934732
2,93,25.409689362398165
2,94,27.102784460128852
2,95,27.310684447066368
2,96,28.280374547113702
2,97,31.90696273673868
2,98,31.391501475471625
2,99,28.806893426612056
2,100,31.625937620639036
2,101,33.401189533565535
2,102,30.64616351853229
2,103,30.17772142633901
2,104,33.825900484835294
2,105,33.44198653925691
2,106,30.79901923853602
2,107,33.09263105893942
2,108,36.11072434496993
2,109,34.19147470721643
2,110,33.22316939714899
2,111,36.745446996183844
2,112,38.356365069972234
2,113,36.142936645103966
2,114,37.170952402374105
2,115,40.67569571016933
2,116,40.80436359714652
2,117,39.09467281951683
2,118,41.9397655544409
2,119,44.47981618767247
2,120,42.66841758687639
2,121,43.11488692039573
2,122,46.70604437309825
2,123,47.77341991042363
3,1,6.911929462817316
3,2,3.81535938107795
3,4,3.8020520751548887
3,5,7.115346624807525
3,6,7.828847277329868
3,7,4.908285234794542
3,8,6.85275412410844
3,9,10.053583737802638
3,10,11.580847718815718
3,11,10.384175544027812
3,12,13.063866920662031
3,13,13.99082137388492
3,14,14.167069543014529
3,15,10.573851480520398
3,16,9.687528526479618
3,17,12.356944863133835
3,18,10.544418942220517
3,19,9.210973245083991
3,20,10.884141909937982
3,21,11.896750185270857
3,22,9.068180611325376
3,23,11.033969751608618
3,24,14.155764079756581
3,25,14.326209623974691
3,26,14.254022835542761
3,27,16.641917008256243
3,28,19.652463467909534
3,29,38.60943263589608
3,30,36.48815791734829
3,31,33.28550916911961
3,32,33.844651184764466
3,33,34.68675265641485
3,34,31.853115812812735
3,35,29.479294431816076
3,36,30.960836188741883
3,37,30.9337049725181
3,38,27.157421055543548
3,39,27.094424447120247
3,40,29.343185955395015
3,41,27.64249722831949
3,42,24.249664704881422
3,43,25.962802364167015
3,44,27.66016972886959
3,45,24.837424323536652
3,46,23.007896261845065
3,47,26.284354615388775
3,48,26.99091180440782
3,49,23.909465465777206
3,50,24.914285463761022
3,51,28.42665614309876
3,52,27.516647426009513
3,53,25.716688265856188
3,54,28.91274262218594
3,55,31.420786325799387
3,56,29.458710477029424
3,57,29.540943508779858
3,58,25.759121726660442
3,59,26.045292040310077
3,60,23.519196095965913
3,61,21.473978094745853
3,62,17.970624202584418
3,63,19.068431479659946
3,64,22.804538019537976
3,65,25.272552659493137
3,66,28.5850310172308
3,67,31.989219874318984
3,68,32.19917729000075
3,69,32.54064312409233
3,70,30.468721839421047
3,71,33.04762278788835
3,72,32.94532527613303
3,73,34.26023555787413
3,74,30.74364281191853
3,75,29.319092868872392
3,76,31.01388263789206
3,77,27.842106246284413
3,78,26.920898697429234
3,79,24.06458434760386
3,80,23.09717261675005
3,81,23.178934932798516
3,82,20.910346018469276
3,83,18.11722408055718
3,84,17.8155063494717
3,85,18.574861832324515
3,86,18.350319032895595
3,87,15.27185415101444
3,88,15.511279484339788
3,89,16.978264940667746
3,90,19.492561297327402
3,91,20.510300622962944
3,92,21.657540348544956
3,93,23.495608744570273
3,94,25.502336033845665
3,95,26.090543972352027
3,96,26.742840067678888
3,97,30.47843339609582
3,98,30.404947373324806
3,99,27.902446412661092
3,100,30.770749376757546
3,101,32.79795365104434
3,102,30.367296413292987
3,103,29.938183571741433
3,104,33.68936456217727
3,105,33.58329706729535
3,106,31.203892689109043
3,107,33.51685849928962
3,108,36.64144746863027
3,109,35.02607867402478
3,110,34.21765323959059
3,111,37.65811546328254
3,112,39.39822484134924
3,113,37.49343458792233
3,114,38.62447016459204
3,115,42.00639678782127
3,116,42.34796346015407
3,117,40.87424099007539
3,118,43.651917829170806
3,119,46.24764914781497
3,120,44.67871481759157
3,121,45.24454107231433
3,122,48.73776866163958
3,123,50.00121895071276
4,1,7.4868155677352854
4,2,5.648980703481746
4,3,3.8020520751548887
4,5,3.80374522667001
4,6,6.124090089240335
4,7,5.0176377019249125
4,8,7.904643334910703
4,9,10.22166863912437
4,10,12.762717326979278
4,11,12.309731117071804
4,12,15.026993507333529
4,13,15.26071270138186
4,14,15.949375608702463
4,15,12.715883657441095
4,16,10.796090583866414
4,17,12.940781830645733
4,18,11.38879279082854
4,19,9.011422641977964
4,20,9.701834505205078
4,21,9.81913658375837
4,22,6.32358480582965
4,23,8.12200592965769
4,24,11.27714336013752
4,25,10.961207872842616
4,26,10.552488813453706
4,27,13.182754729445636
4,28,16.023939273249894
4,29,35.059740024349814
4,30,33.05864233704612
4,31,29.81542761157407
4,32,30.215211006502784
4,33,31.083315149407493
4,34,28.36141951490398
4,35,25.863417510824096
4,36,27.26054035700888
4,37,27.3618031104467
4,38,23.61062195344028
4,39,23.40032211636346
4,40,25.735388279363878
4,41,24.21014530715928
4,42,20.75198483313573
4,43,22.47002663828399
4,44,24.374786248870073
4,45,21.761625316972104
4,46,19.867067348165925
4,47,23.216805134162758
4,48,24.1942915052796
4,49,21.33655254648088
4,50,22.290217812483146
4,51,25.85056238276369
4,52,25.323732676464264
4,53,23.686154433364216
4,54,26.735611404125688
4,55,29.4122897472991
4,56,27.83117378715034
4,57,27.958256195142283
4,58,24.17130005933413
4,59,23.990799264854683
4,60,21.517682297160594
4,61,19.943247676139258
4,62,16.619670667959337
4,63,18.40715724772759
4,64,22.03947392198825
4,65,24.91123740960777
4,66,28.041016975811456
4,67,31.590462395884842
4,68,31.804965017012844
4,69,32.573656335642674
4,70,30.64905044771445
4,71,33.194636365191705
4,72,33.43509919080275
4,73,34.48547901787616
4,74,30.831051984554744
4,75,29.858622220426778
4,76,31.93764852072752
4,77,29.047511173423246
4,78,28.4176111050401
4,79,25.523704030656
4,80,25.055258657191803
4,81,25.025026623467504
4,82,22.324769045077183
4,83,19.690368709712622
4,84,20.02029823025522
4,85,20.611301999230996
4,86,19.752540970118265
4,87,16.314797149871378
4,88,15.742550597688377
4,89,16.852488858095132
4,90,19.90429747150264
4,91,20.824228043190892
4,92,21.303873073979403
4,93,23.203320133927317
4,94,25.570033447224763
4,95,25.80852594462652
4,96,26.037198174768072
4,97,29.771797622791482
4,98,29.745959791301104
4,99,26.914221544931358
4,100,29.44480870440353
4,101,31.75979990369688
4,102,29.4495848314681
4,103,28.56891497960167
4,104,32.303754299692756
4,105,32.54794920744704
4,106,30.024260949948182
4,107,31.98978310955788
4,108,35.316624941951524
4,109,33.94685571085036
4,110,32.83402500249935
4,111,36.11039073709616
4,112,38.15913703007626
4,113,36.338236118475905
4,114,37.178792692593234
4,115,40.57586817656234
4,116,41.21571768211232
4,117,39.65923411664897
4,118,42.20365600012772
4,119,45.01274319467325
4,120,43.621024690417705
4,121,43.979977244868905
4,122,47.40551713900499
4,123,48.89352628623864
5,1,10.811710007914877
5,2,9.032615002294639
5,3,7.115346624807525
5,4,3.80374522667001
5,6,3.84779616612981
5,7,5.3761459951173
5,8,8.102985129272865
5,9,9.07402559937939
5,10,12.352678762172106
5,11,12.721301866951173
5,12,15.41589515112937
5,13,15.146833968690776
5,14,16.592305314936635
5,15,13.94085812363977
5,16,11.116956192685633
5,17,13.006688923012861
5,18,12.379843646975813
5,19,9.95018316040203
5,20,9.118946253709247
5,21,9.127863315631267
5,22,5.572105368505134
5,23,5.481868032422942
5,24,9.050301660989295
5,25,9.004811586073725
5,26,7.75807059864671
5,27,9.90760094022902
5,28,13.017848102771408
5,29,32.06218631140348
5,30,29.970365473858774
5,31,26.874364689462354
5,32,27.2426931749597
5,33,27.83170127366974
5,34,25.03520640575404
5,35,22.701768030538936
5,36,24.022351523704423
5,37,23.864262812163766
5,38,20.092108565802604
5,39,20.072854765779717
5,40,22.28206376838077
5,41,20.55973398714556
5,42,17.193622330515474
5,43,19.127043530855975
5,44,20.85893825286523
5,45,18.172784638971304
5,46,16.547153013673302
5,47,20.05826666179349
5,48,20.904288874738725
5,49,18.272881055904417
5,50,19.566561242536665
5,51,22.9880292765474
5,52,22.558722465894864
5,53,21.332951592637464
5,54,24.416729786440502
5,55,26.980164601434044
5,56,25.68876523364827
5,57,26.169537292489753
5,58,22.467801219490674
5,59,22.10465164268737
5,60,20.043720864472224
5,61,18.702118673683383
5,62,15.458479892216781
5,63,17.583974754037424
5,64,20.94441836238985
5,65,23.97554306497587
5,66,26.774237905441247
5,67,30.31030996704144
5,68,30.26967873462234
5,69,31.302552287724378
5,70,29.3466756948623
5,71,31.683863051317083
5,72,32.10607306086456
5,73,32.803624992753306
5,74,29.056359757070535
5,75,28.472702049991554
5,76,30.918036719413205
5,77,28.34030597496046
5,78,28.146029412087227
5,79,25.415692578177502
5,80,25.374380650526348
5,81,25.0211573658741
5,82,21.98108868444116
5,83,19.752875036564927
5,84,20.612015221727784
5,85,20.802292989999845
5,86,19.261925370491355
5,87,15.582750952807723
5,88,14.345180393590997
5,89,14.925118983493913
5,90,18.352073813457586
5,91,19.268606037204336
5,92,19.147027171624018
5,93,20.94852054424993
5,94,23.631497236342824
5,95,23.671790170095004
5,96,23.473307431361842
5,97,27.182093910888888
5,98,27.32476310427675
5,99,24.323337235849966
5,100,26.607171576216647
5,101,29.185630797452898
5,102,27.128298868486148
5,103,25.981671968529504
5,104,29.70875943660591
5,105,30.30845363386855
5,106,27.872087298263846
5,107,29.617844780463663
5,108,33.08018991473738
5,109,32.05204453953219
5,110,30.88484794191273
5,111,33.981125630516345
5,112,36.2539138911043
5,113,34.70791621946628
5,114,35.46609261538944
5,115,38.74435930666227
5,116,39.6816886810814
5,117,38.278557792631304
5,118,40.63653201596583
5,119,43.561983989120996
5,120,42.462810026414466
5,121,42.82594847311512
5,122,46.10817491774868
5,123,47.85386780516519
6,1,13.030064299221616
6,2,10.288064667474421
6,3,7.828847277329868
6,4,6.124090089240335
6,5,3.84779616612981
6,7,3.812935531816858
6,8,5.3530495641505125
6,9,5.3286116780897
6,10,8.839572051507401
6,11,9.656958724615547
6,12,12.389508843628153
6,13,12.233859282640731
6,14,14.300138545590361
6,15,12.08436344463991
6,16,8.938365719625525
6,17,11.345696189264876
6,18,11.731593250791875
6,19,10.405438093420234
6,20,9.106624090268747
6,21,10.519348145365582
6,22,7.8100462669652195
6,23,6.529346135905717
6,24,10.309680071740727
6,25,11.489705235363344
6,26,10.256584009447561
6,27,11.201893521438034
6,28,14.802055723735153
6,29,33.43962483377804
6,30,31.048531067680365
6,31,28.244353084820165
6,32,28.827593403218017
6,33,28.997812893871696
6,34,25.948425152406102
6,35,24.082674993024302
6,36,25.414960241283698
6,37,24.68810665529561
6,38,20.916500062580067
6,39,21.404509252287387
6,40,23.2286996271939
6,41,20.947362235820602
6,42,17.906515112380006
6,43,20.04000183540039
6,44,21.108346998361487
6,45,17.94705275234432
6,46,16.83758374929913
6,47,20.359944531978417
6,48,20.49777748097711
6,49,17.75190294363963
6,50,19.607704904720244
6,51,22.74393449615638
6,52,21.742281597240098
6,53,20.793532713759795
6,54,24.202409227519713
6,55,26.323585642122417
6,56,24.769778234277933
6,57,25.677587145640288
6,58,22.068326153356793
6,59,22.25401054778972
6,60,20.632252213103897
6,61,18.7887594001058
6,62,15.27914938714628
6,63,16.77860545688896
6,64,19.99947683449812
6,65,22.66213387331391
6,66,25.314698563227335
6,67,28.642373666951833
6,68,28.214857335945098
6,69,28.96658549640494
6,70,26.69545561666185
6,71,28.805300817631874
6,72,28.96420137052547
6,73,29.555721844180045
6,74,25.82070194476879
6,75,25.094243107550533
6,76,27.554144007982586
6,77,24.984589701129497
6,78,25.036513355123127
6,79,22.57292004036293
6,80,22.490081790437166
6,81,21.771889960226023
6,82,18.73942767653686
6,83,16.88276019705318
6,84,17.74909368173668
6,85,17.51083419927069
6,86,15.69499956272734
6,87,11.949736335654674
6,88,10.82245125056773
6,89,11.186540620984415
6,90,14.547440804535487
6,91,15.673815963132306
6,92,15.741849197050914
6,93,17.362999531792358
6,94,20.02581536267776
6,95,20.355262751022835
6,96,20.233540060723655
6,97,24.00230894214141
6,98,24.32053762851003
6,99,21.575265018085492
6,100,24.139916102064713
6,101,26.644112265580112
6,102,24.725091721684247
6,103,23.958611924564313
6,104,27.74948955748682
6,105,28.277019146826877
6,106,26.187811649523336
6,107,28.228729147443726
6,108,31.570264759020777
6,109,30.617463450762497
6,110,29.869207054889856
6,111,33.0033014983195
6,112,35.09826435826277
6,113,33.79641350153802
6,114,34.913632430208914
6,115,38.01662490009889
6,116,38.89718252152758
6,117,37.83287738589321
6,118,40.3126156075415
6,119,43.072801962674845
6,120,42.098091442963636
6,121,42.790362710206274
6,122,45.99220685343087
6,123,47.75020951225757
7,1,11.344484121116492
7,2,8.160553280554392
7,3,4.908285234794542
7,4,5.0176377019249125
7,5,5.3761459951173
7,6,3.812935531816858
7,8,3.8048404634815713
7,9,5.6163038473461615
7,10,7.821239421344517
7,11,8.007818387731017
7,12,11.248614792449498
7,13,12.100028000805722
7,14,13.58494002183335
7,15,10.706629153754452
7,16,8.55457009073475
7,17,11.718724524356674
7,18,11.440028114608758
7,19,10.53447200279039
7,20,10.570494338630349
7,21,12.208207993344324
7,22,9.303720855940341
7,23,9.43255349806072
7,24,13.133251039756212
7,25,13.958260543521373
7,26,13.029749260892475
7,27,14.611998103535017
7,28,18.04474452931831
7,29,36.17408629367031
7,30,33.75023876187296
7,31,30.824951389396382
7,32,31.606076400139557
7,33,32.04462898422891
7,34,28.95162494827092
7,35,27.01035089629775
7,36,28.58512137854542
7,37,28.049180782950465
7,38,24.253324373493957
7,39,24.735657863104183
7,40,26.780099663751503
7,41,24.605953232694354
7,42,21.529276715820288
7,43,23.658917070075653
7,44,24.87384677832921
7,45,21.75255211846218
7,46,20.534189814892823
7,47,24.010202991407727
7,48,24.212639129128863
7,49,21.33371788561323
7,50,23.00651501568231
7,51,26.2335503022672
7,52,25.108561261605438
7,53,23.891172166281194
7,54,27.322204995804363
7,55,29.477201229303013
7,56,27.650412852974643
7,57,28.344369061746384
7,58,24.66565156397856
7,59,25.06622768758399
7,60,23.136739567455294
7,61,21.03574201076914
7,62,17.3866474490366
7,63,18.471078717150398
7,64,21.937978235796823
7,65,24.355112837168676
7,66,27.28901768660489
7,67,30.564370597033342
7,68,30.24331795340105
7,69,30.621995436223784
7,70,28.237167741481247
7,71,30.431927783778352
7,72,30.243364177590617
7,73,31.11550878422961
7,74,27.49650854055672
7,75,26.27091144008114
7,76,28.33045300260865
7,77,25.394388150086474
7,78,25.103979863321413
7,79,22.622477549276045
7,80,21.921224098642792
7,81,21.307147727485305
7,82,18.747598786746973
7,83,16.6193675069595
7,84,16.686766040715952
7,85,16.579884179959034
7,86,15.49775709414425
7,87,11.993182758101556
7,88,12.002765218130202
7,89,12.71638529177738
7,90,15.47477712526234
7,91,16.904387212496985
7,92,17.751269266850592
7,93,19.215264748450277
7,94,21.57561558549178
7,95,22.34941784545938
7,96,22.612193813404296
7,97,26.401814176585336
7,98,26.721764599398586
7,99,24.27241523995414
7,100,27.119815210816718
7,101,29.387888211483475
7,102,27.33694639220427
7,103,26.923730395385064
7,104,30.725763227432907
7,105,30.944063071493026
7,106,28.895337276132125
7,107,31.191414810974624
7,108,34.389300148757776
7,109,33.17105061362658
7,110,32.574375884827276
7,111,35.866685918541094
7,112,37.73477009485105
7,113,36.25648822066837
7,114,37.52424184471967
7,115,40.6937676774547
7,116,41.30847457865118
7,117,40.18516779295544
7,118,42.853214034880956
7,119,45.48341473198931
7,120,44.27778663830551
7,121,45.034375394392676
7,122,48.35022052656462
7,123,49.887093219008484
8,1,12.79349105672813
8,2,9.142141609033274
8,3,6.85275412410844
8,4,7.904643334910703
8,5,8.102985129272865
8,6,5.3530495641505125
8,7,3.8048404634815713
8,9,3.8122533248732013
8,10,5.511786917428711
8,11,4.6462249485506275
8,12,7.529699363190984
8,13,8.356216835602924
8,14,10.041653001329752
8,15,7.575381264868348
8,16,5.344587832086781
8,17,8.925100060458488
8,18,9.454720841209996
8,19,9.806370931470493
8,20,9.746265866514294
8,21,12.44491768335866
8,22,10.52790146651563
8,23,10.353714273638147
8,24,13.733758626022754
8,25,15.462254988470384
8,26,15.086048453406727
8,27,15.964788496605133
8,28,19.64054917677237
8,29,38.70711792890965
8,30,36.217975344499706
8,31,33.473034326774005
8,32,34.15343143919409
8,33,34.262860246571286
8,34,31.146114846118632
8,35,29.39777087126832
8,36,30.709332702039724
8,37,29.843260047235802
8,38,26.100765857414007
8,39,26.62424250676041
8,40,28.238877673135224
8,41,25.803680024782626
8,42,22.838890261472365
8,43,24.73866094743513
8,44,25.51544264765238
8,45,22.13422198047733
8,46,20.974188539892495
8,47,24.214713910571675
8,48,23.968270168044473
8,49,20.83167626538491
8,50,22.60314439574679
8,51,25.644588799775043
8,52,24.012075533596903
8,53,22.72057445114121
8,54,26.319080782495206
8,55,28.156261171924513
8,56,25.958929830161484
8,57,26.76679736367747
8,58,23.191887224061613
8,59,24.150749843143892
8,60,22.444310258039256
8,61,19.850034390575775
8,62,16.07929957103306
8,63,16.432794606563558
8,64,19.786141329859888
8,65,21.78296957924784
8,66,24.705088498450493
8,67,27.79370374264018
8,68,27.354947710600705
8,69,27.432162080865652
8,70,24.927497151151474
8,71,27.12563201645345
8,72,26.776285908888564
8,73,27.834118868302934
8,74,24.306565110941634
8,75,22.84634674230687
8,76,24.72507307196998
8,77,21.69666836993643
8,78,21.314602329233026
8,79,18.858742285163228
8,80,18.137323916443467
8,81,17.537714304541588
8,82,14.975992759732142
8,83,12.839053725630258
8,84,12.968547960756705
8,85,12.931342393359012
8,86,11.92541591427571
8,87,8.559118198636341
8,88,8.86857628694628
8,89,10.288346557471488
8,90,12.649909898197032
8,91,13.76102049408571
8,92,15.101473886637901
8,93,16.796035907175483
8,94,18.705768244546327
8,95,19.538942443466645
8,96,20.286531600832124
8,97,24.01111513150661
8,98,24.116754896394678
8,99,21.941791572043492
8,100,25.078357999901318
8,101,27.00390499025908
8,102,24.822757942225532
8,103,24.83840368967909
8,104,28.613706989841983
8,105,28.50528245857542
8,106,26.640598400656096
8,107,29.25521068645267
8,108,32.231479625701425
8,109,30.860145879942415
8,110,30.610292960510364
8,111,34.00393558494051
8,112,35.582346206361045
8,113,34.15125300416534
8,114,35.736950291903135
8,115,38.802082865003875
8,116,39.20944735243195
8,117,38.29612595125562
8,118,41.13684269368503
8,119,43.553731668937964
8,120,42.32732977657267
8,121,43.36041984048991
8,122,46.649288741976996
8,123,48.07819940110385
9,1,16.18444183798965
9,2,12.694032337442275
9,3,10.053583737802638
9,4,10.22166863912437
9,5,9.07402559937939
9,6,5.3286116780897
9,7,5.6163038473461615
9,8,3.8122533248732013
9,10,3.7979923871292596
9,11,5.53564653532898
9,12,8.336213915967068
9,13,8.955733099363634
9,14,11.772222694652317
9,15,10.3072880405808
9,16,7.573533965793827
9,17,10.732523914578076
9,18,12.265057806234868
9,19,12.602646668770484
9,20,11.497276711708404
9,21,14.163944119190953
9,22,12.282279865666657
9,23,10.89681929890945
9,24,14.320857676176635
9,25,16.293699509532036
9,26,15.27809168664689
9,27,15.478141279947799
9,28,19.251367308132135
9,29,36.992136911948165
9,30,34.287729508076474
9,31,31.811082564317907
9,32,32.680118876635
9,33,32.47990021634969
9,34,29.197758131699885
9,35,27.851032824597578
9,36,29.238875874759586
9,37,27.976477228824255
9,38,24.308298830631056
9,39,25.296865118087215
9,40,26.72611817619415
9,41,23.942294331437886
9,42,21.35877638475485
9,43,23.58473161975297
9,44,23.93189609226849
9,45,20.379239523435754
9,46,19.845236515182627
9,47,23.17128448447831
9,48,22.48908767951795
9,49,19.66172074575547
9,50,21.991746045170252
9,51,24.697981435849503
9,52,22.9423559917268
9,53,22.24313440876057
9,54,25.937954429719674
9,55,27.444862068357587
9,56,25.452575473117165
9,57,26.780688539509534
9,58,23.38534501624181
9,59,24.35264941020076
9,60,23.170144359491104
9,61,20.695410729257212
9,62,17.023192231918234
9,63,17.422908617347083
9,64,20.3773675543606
9,65,22.292505595982504
9,66,24.781820553886533
9,67,27.696500166737707
9,68,26.77692662020459
9,69,26.90888140581598
9,70,24.148651053883754
9,71,25.9168785200146
9,72,25.484109638601996
9,73,26.057140191893644
9,74,22.451613609121654
9,75,21.227661944873113
9,76,23.47489005858078
9,77,20.752037921304872
9,78,21.044939197340717
9,79,19.061118387075375
9,80,18.619795077006632
9,81,17.324687207898148
9,82,14.583839129552421
9,83,13.340069211052288
9,84,13.813137652234264
9,85,12.819702171886833
9,86,10.833644223129603
9,87,7.101545244980464
9,88,7.082189661450726
9,89,7.207319401451056
9,90,9.899147704907797
9,91,11.608838527666663
9,92,12.553192920207168
9,93,13.720680304002725
9,94,16.07715391280688
9,95,17.15532029624315
9,96,17.425571059670336
9,97,21.20460617268094
9,98,21.769874278973642
9,99,19.676968205133957
9,100,22.75271955511574
9,101,24.930605631937432
9,102,23.18514216260931
9,103,23.199650692748225
9,104,26.9734115184641
9,105,27.210471500330065
9,106,25.689580187387165
9,107,28.218800011445754
9,108,31.238900790652128
9,109,30.270591314340823
9,110,30.186431010575888
9,111,33.38490338051423
9,112,35.08617332144693
9,113,34.04734617181657
9,114,35.69459053879774
9,115,38.549820778588504
9,116,39.211234807706454
9,117,38.58181064066348
9,118,41.27729130003541
9,119,43.72438745450983
9,120,42.81505487552699
9,121,43.95905842981464
9,122,47.07626133144833
9,123,48.730022374583356
10,1,18.03304872083918
10,2,14.315156468978477
10,3,11.580847718815718
10,4,12.762717326979278
10,5,12.352678762172106
10,6,8.839572051507401
10,7,7.821239421344517
10,8,5.511786917428711
10,9,3.7979923871292596
10,11,3.7982091918014227
10,12,6.806563129752045
10,13,8.855127027852607
10,14,11.559419332048714
10,15,10.37045154793751
10,16,8.819546175842893
10,17,12.294641400031608
10,18,13.910885290215074
10,19,14.994009985050068
10,20,14.456212930712582
10,21,17.41473902004365
10,22,15.610429090356057
10,23,14.587302840546018
10,24,17.976863286450175
10,25,19.96485313106896
10,26,18.9917205256144
10,27,19.270349863062982
10,28,23.038680789733764
10,29,40.00128427687457
10,30,37.13687348278185
10,31,34.75587035781308
10,32,35.865968990754475
10,33,35.645992400949034
10,34,32.24192073587177
10,35,31.087551169511322
10,36,32.64588522513114
10,37,31.26516958167278
10,38,27.635486635496658
10,39,28.842919880278014
10,40,30.26076924682736
10,41,27.34741412967653
10,42,24.937577453226595
10,43,27.24829226464112
10,44,27.419311689997958
10,45,23.791247685997806
10,46,23.451445462699393
10,47,26.705618843788056
10,48,25.776902808468627
10,49,22.95344284381338
10,50,25.371406479893153
10,51,27.924537930369347
10,52,25.8837296563458
10,53,25.219945797507688
10,54,28.979206714942645
10,55,30.236134960560644
10,56,28.004453655300896
10,57,29.41746458804322
10,58,26.131466278904867
10,59,27.446456397535364
10,60,26.320491339439435
10,61,23.57337003665731
10,62,19.866880921132772
10,63,19.70070770245642
10,64,22.55878786956738
10,65,23.988364404095858
10,66,26.457207590168068
10,67,29.084412103159643
10,68,27.96197709587656
10,69,27.585474831064452
10,70,24.54177397496331
10,71,26.08116495635547
10,72,25.100227975729656
10,73,25.755206441564336
10,74,22.37873886474249
10,75,20.608291384503485
10,76,22.448020787973405
10,77,19.478727330708367
10,78,19.77473489491287
10,79,18.20461384171116
10,80,17.128262432424506
10,81,15.431015210669079
10,82,13.356412615329633
10,83,12.525457530080658
10,84,12.091142878379165
10,85,10.453110189934353
10,86,8.93662437922449
10,87,5.825796043366571
10,88,7.772803423547277
10,89,7.747052409019651
10,90,8.998655051356959
10,91,11.345566738939251
10,92,13.22004036312395
10,93,13.799637442708624
10,94,15.696334398256528
10,95,17.50699975287192
10,96,18.120699178125225
10,97,21.76181598566816
10,98,22.521334121940995
10,99,21.005396728537363
10,100,24.346282652113235
10,101,26.229676167829002
10,102,24.60252166678671
10,103,25.14281637573333
10,104,28.827746081675123
10,105,28.817266252015784
10,106,27.635329987521363
10,107,30.43799772237992
10,108,33.21204334651515
10,109,32.1612075769992
10,110,32.44907847134025
10,111,35.69281347008756
10,112,37.111700753629094
10,113,36.14729212833024
10,114,38.078441427480485
10,115,40.81956966415925
10,116,41.2762933663194
10,117,40.8337027732541
10,118,43.679010656403165
10,119,45.918477987719164
10,120,44.95756643063142
10,121,46.32737246871364
10,122,49.43395620112038
10,123,50.94710998466425
11,1,16.156087620736887
11,2,12.347520538795996
11,3,10.384175544027812
11,4,12.309731117071804
11,5,12.721301866951173
11,6,9.656958724615547
11,7,8.007818387731017
11,8,4.6462249485506275
11,9,5.53564653532898
11,10,3.7982091918014227
11,12,3.7850822954604024
11,13,6.429966231028512
11,14,8.269507002242586
11,15,6.7934118430161865
11,16,6.202609511124277
11,17,9.794371299018351
11,18,11.10077713800312
11,19,12.819690456049075
11,20,12.985709351017022
11,21,16.239318100500984
11,22,14.873853470666047
11,23,14.57436344171277
11,24,17.699870484160215
11,25,19.827132870504897
11,26,19.552840812149245
11,27,20.051423821939693
11,28,23.817970114468483
11,29,42.4402980925416
11,30,39.760294427833955
11,31,37.21143162040649
11,32,38.06419969132597
11,33,37.95558756544136
11,34,34.70363637898186
11,35,33.25711146880025
11,36,34.595563315542144
11,37,33.416048334497106
11,38,29.739961389176237
11,39,30.53630112912106
11,40,31.908754204804268
11,41,29.189351600415954
11,42,26.489468268149064
11,43,28.407184829659787
11,44,28.75071540261252
11,45,25.165856574743735
11,46,24.32123223505483
11,47,27.382424267236757
11,48,26.629451015105698
11,49,23.45208964837269
11,50,25.437656070483047
11,51,28.162552467578355
11,52,26.015049925659554
11,53,24.83776967603202
11,54,28.557467168545877
11,55,29.934940635901523
11,56,27.381427634389485
11,57,28.40665042484771
11,58,25.06271455381397
11,59,26.613287564724455
11,60,25.19897918737858
11,61,22.180675398911887
11,62,18.438990140732766
11,63,17.86835836052302
11,64,20.902958692638677
11,65,22.155566078573138
11,66,24.94478101925049
11,67,27.608559117358343
11,68,26.854710787260842
11,69,26.299238284983048
11,70,23.449099005246246
11,71,25.392711943002826
11,72,24.45473847031466
11,73,25.66271599345876
11,74,22.399522460818947
11,75,20.34104230691693
11,76,21.75900346058589
11,77,18.468298109881832
11,78,18.054211742682188
11,79,16.03080229762014
11,80,14.693551201226917
11,81,13.697597680017104
11,82,11.746085952864469
11,83,10.046887692984455
11,84,9.279185493145578
11,85,8.6779329492259
11,86,8.265607060265003
11,87,5.70571015856045
11,88,7.919255477340364
11,89,9.536407680405938
11,90,10.4897135520418
11,91,11.823555723059492
11,92,14.199995638895869
11,93,15.516629611500376
11,94,16.75843955684639
11,95,18.2282659119845
11,96,19.509203979425987
11,97,23.052761376093425
11,98,23.228178384288363
11,99,21.72518357683297
11,100,25.220058335890037
11,101,26.71762309563706
11,102,24.62865310296937
11,103,25.344236020601784
11,104,29.00228573593706
11,105,28.539513513001886
11,106,27.138307840701827
11,107,30.139766091563413
11,108,32.765081389331186
11,109,31.299540262659935
11,110,31.600234361699098
11,111,35.0388937530483
11,112,36.216443452841546
11,113,34.942108122779764
11,114,36.95586103100027
11,115,39.81530655327728
11,116,39.96035985649073
11,117,39.3754872842819
11,118,42.408520640252476
11,119,44.517430395114985
11,120,43.283832255536474
11,121,44.68155258126344
11,122,47.90735249147335
11,123,49.178087352980654
12,1,17.87779902373039
12,2,14.179460120644507
12,3,13.063866920662031
12,4,15.026993507333529
12,5,15.41589515112937
12,6,12.389508843628153
12,7,11.248614792449498
12,8,7.529699363190984
12,9,8.336213915967068
12,10,6.806563129752045
12,11,3.7850822954604024
12,13,3.797163171090733
12,14,5.365122439256316
12,15,5.600125025550862
12,16,6.04268040631147
12,17,8.610789041949635
12,18,10.573369427033464
12,19,13.246067519912266
12,20,13.419527174796405
12,21,17.05896233125318
12,22,16.506506159336315
12,23,16.208565120259987
12,24,18.80963602942889
12,25,21.403787621219042
12,26,21.633363708872853
12,27,21.749951295377336
12,28,25.516041253394967
12,29,45.06597803632726
12,30,42.43842731920749
12,31,39.980304064222985
12,32,40.63849505838213
12,33,40.323949142667814
12,34,37.15634415241185
12,35,35.75209328486103
12,36,36.79730860717003
12,37,35.47157084500751
12,38,31.882354882512953
12,39,32.54445459888208
12,40,33.57174245923425
12,41,30.796928030197442
12,42,28.148602758484753
12,43,29.72683610459409
12,44,29.804015249181177
12,45,26.17036418819646
12,46,25.244291901197506
12,47,27.95852911126208
12,48,26.94870711616174
12,49,23.60800955227527
12,50,25.453263909632867
12,51,27.970588733361105
12,52,25.459932768442695
12,53,24.127751406838655
12,54,27.826783003372153
12,55,28.919486010421057
12,56,26.036609029697463
12,57,27.025335221052295
12,58,23.895505834863283
12,59,25.92626092845071
12,60,24.695296507386033
12,61,21.350737679351756
12,62,17.768352808820044
12,63,16.436389428446788
12,64,19.160132815131863
12,65,19.847700387444426
12,66,22.587000925577087
12,67,24.98413076328592
12,68,24.233454255217442
12,69,23.327534188459015
12,70,20.47604067001901
12,71,22.51385116461548
12,72,21.454984039254295
12,73,23.03078535614845
12,74,19.976362974754174
12,75,17.62705506737495
12,76,18.672307181045642
12,77,15.225692864671254
12,78,14.453576101824378
12,79,12.332588955521526
12,80,10.936455085123782
12,81,10.22667297849348
12,82,8.324008899748996
12,83,6.383029336749185
12,84,5.6071508204801805
12,85,5.625953994417197
12,86,5.927255989326814
12,87,4.808161002060793
12,88,7.272642001971966
12,89,9.872624904082278
12,90,9.966154193957294
12,91,10.300965366493385
12,92,13.23675728793244
12,93,14.940806933775029
12,94,15.349725377269316
12,95,16.653771077989116
12,96,18.60586308686479
12,97,21.876828580884574
12,98,21.614323728228
12,99,20.448336749475633
12,100,24.111550151167584
12,101,25.106636516666594
12,102,22.808283048603005
12,103,23.962778826293313
12,104,27.461402128700918
12,105,26.56506913720149
12,106,25.314270761763265
12,107,28.576081053785018
12,108,30.889492162434255
12,109,29.197049716559555
12,110,29.81350250621059
12,111,33.31651088070549
12,112,34.145535279409856
12,113,32.85540792309588
12,114,35.13652174094395
12,115,37.88447960614073
12,116,37.764133781812035
12,117,37.3409550060035
12,118,40.52482055218133
12,119,42.38791401459833
12,120,41.088886164275976
12,121,42.7184853404637
12,122,45.90851255412679
12,123,47.01967692942946
13,1,17.989358721707646
13,2,14.544074546258482
13,3,13.99082137388492
13,4,15.26071270138186
13,5,15.146833968690776
13,6,12.233859282640731
13,7,12.100028000805722
13,8,8.356216835602924
13,9,8.955733099363634
13,10,8.855127027852607
13,11,6.429966231028512
13,12,3.797163171090733
13,14,3.8031255384223366
13,15,5.552085211427403
13,16,4.789550701489517
13,17,5.8375437140472295
13,18,8.825202357731408
13,19,11.680658386251897
13,20,11.218873738065318
13,21,15.028077435964502
13,22,15.218582686209547
13,23,14.626122527247887
13,24,16.651244105388496
13,25,19.668619586198663
13,26,20.29575944495349
13,27,19.952764926653053
13,28,23.641475645764622
13,29,44.14847698873142
13,30,41.677652899625734
13,31,39.27916205504473
13,32,39.621874553790555
13,33,39.12228983299888
13,34,36.13067828222921
13,35,34.685854549747425
13,36,35.358761301008684
13,37,33.97166094461685
13,38,30.491219203525155
13,39,30.91523660796556
13,40,31.617053966974467
13,41,28.895527414348194
13,42,26.24829657257439
13,43,27.457823421440494
13,44,27.382673045122527
13,45,23.796622509830943
13,46,22.71248920963325
13,47,25.129046603240322
13,48,24.037115060904735
13,49,20.58326421128644
13,50,22.268354340061414
13,51,24.6786310364684
13,52,22.046796230912683
13,53,20.593688012887913
13,54,24.260350992012192
13,55,25.278682636603182
13,56,22.31011204230692
13,57,23.27976725624269
13,58,20.22321467231273
13,59,22.418244383268206
13,60,21.374735372982375
13,61,17.935959290882934
13,62,14.482060746874733
13,63,12.891141709431148
13,64,15.439277952939783
13,65,16.12815379713578
13,66,18.844337658132385
13,67,21.346811617541828
13,68,20.706355171131076
13,69,20.06530230864429
13,70,17.421731490369837
13,71,19.75285294929695
13,72,19.200911353752115
13,73,20.87555561525442
13,74,17.6809657822868
13,75,15.752633879814827
13,76,17.11628756386589
13,77,13.963295857712083
13,78,13.170755472756762
13,79,10.5308777206959
13,80,10.304027435011736
13,81,10.140977404111773
13,82,7.1485713106254964
13,83,4.65161370674483
13,84,6.310079947638252
13,85,7.190843013571791
13,86,6.443905858855742
13,87,5.202360460698397
13,88,5.5489659324597245
13,89,9.118844884584894
13,90,9.71445614489313
13,91,8.765315240963153
13,92,11.233126855773595
13,93,13.749382288527444
13,94,13.99761731315137
13,95,14.475662875959596
13,96,16.63140128382661
13,97,19.82160693126411
13,98,19.06787185423579
13,99,17.640521270785385
13,100,21.23388650707004
13,101,22.10487607157972
13,102,19.536043534232263
13,103,20.59552918774515
13,104,24.074748066222522
13,105,23.077890175483507
13,106,21.656694536926913
13,107,24.921736576360637
13,108,27.232857898545987
13,109,25.471148146028476
13,110,26.032751022880326
13,111,29.5570093703628
13,112,30.393578063538374
13,113,29.073282394408388
13,114,31.34066076126458
13,115,34.09342690876258
13,116,34.00050968793519
13,117,33.57817710888732
13,118,36.74134532043588
13,119,38.6258329240282
13,120,37.37814219274561
13,121,39.01002492403781
13,122,42.169255043644235
13,123,43.34321949744606
14,1,17.02142217046213
14,2,13.848530771255561
14,3,14.167069543014529
14,4,15.949375608702463
14,5,16.592305314936635
14,6,14.300138545590361
14,7,13.58494002183335
14,8,10.041653001329752
14,9,11.772222694652317
14,10,11.559419332048714
14,11,8.269507002242586
14,12,5.365122439256316
14,13,3.8031255384223366
14,15,3.7889428506753466
14,16,5.487750780820406
14,17,5.511773896119155
14,18,7.402040002085906
14,19,10.981727371399531
14,20,11.57974655081951
14,21,15.272511856803893
14,22,15.833026607286786
14,23,16.082108970589502
14,24,17.789999064349086
14,25,20.633605327158826
14,26,21.800797900542417
14,27,21.829454691688778
14,28,25.364914220344097
14,29,46.77344337268147
14,30,44.453967950204266
14,31,41.88566701641207
14,32,42.08073343649745
14,33,41.76849845075032
14,34,38.8982013939654
14,35,37.1955172997032
14,36,37.780345228216106
14,37,36.64799458596761
14,38,33.1371874741336
14,39,33.235682096013555
14,40,34.0111004427494
14,41,31.538251014073516
14,42,28.662802522666492
14,43,29.583687694419886
14,44,29.771603921582876
14,45,26.345491055916924
14,46,24.828907278511654
14,47,27.065715827993763
14,48,26.27568856191777
14,49,22.638034711136214
14,50,23.792428432213136
14,51,26.362646999607865
14,52,23.80760513612217
14,53,21.833355313829113
14,54,25.296074127418464
14,55,26.49533301422023
14,56,23.298041180382118
14,57,23.711815803240775
14,58,20.656807873914413
14,59,22.977697738460435
14,60,21.543508060840374
14,61,17.95039301581417
14,62,14.65497902648786
14,63,12.646832785347575
14,64,15.343939241738378
14,65,15.77543464530161
14,66,18.888292586555533
14,67,21.382383460872273
14,68,21.30408130727662
14,69,20.46301051754065
14,70,18.226390143469015
14,71,20.95806641298003
14,72,20.460196056905794
14,73,22.683564964518297
14,74,19.79759895741862
14,75,17.65126184956475
14,76,18.384593572187665
14,77,15.037339976666694
14,78,13.274041250002083
14,79,10.081659346504459
14,80,9.416367080811927
14,81,10.557805923995797
14,82,8.374499088044129
14,83,4.682662596567241
14,84,5.591023920906084
