1,2,3.7966402794644787
1,3,6.263945037633732
1,4,8.637486007634063
1,5,7.401076767467546
1,6,6.724655399096895
1,7,10.030136660474176
1,8,11.597290764876544
1,9,11.324894248334118
1,10,12.554673186487948
1,11,15.239092227195393
1,12,16.26017633563696
1,13,16.945444187039723
1,14,18.56884028382983
1,15,20.68581740008797
1,16,21.84695570225238
1,17,22.845637060963842
1,18,24.632871005601313
1,19,26.427380358126346
1,20,27.781126604602463
1,21,28.776489769545783
1,22,30.295092293340524
1,23,32.35504534625293
1,24,33.65854178022971
1,25,34.454250479779475
1,26,35.96866053741141
1,27,38.351801167781865
1,28,39.12286143597592
1,29,39.92934423683691
1,30,41.855549895770665
1,31,44.187029695056545
1,32,47.38566488981072
1,33,47.50110494602116
1,34,50.3207667138175
1,35,49.21989388385325
1,36,45.48951690184435
1,37,43.71727349219426
1,38,40.20462745687757
1,39,41.48608776427882
1,40,40.075522927270086
1,41,36.50287164491475
1,42,35.91928264600961
1,43,36.95280863349316
1,44,35.232616623687456
1,45,31.88006136762642
1,46,32.92591133028303
1,47,33.818290684879244
1,48,30.523027221471732
1,49,28.710303593986634
1,50,31.344247093770306
1,51,30.73635399793161
1,52,26.935406763223213
1,53,27.1972486456759
1,54,30.304703531957482
1,55,32.17640067424166
1,56,34.99221807575986
1,57,37.83561915003476
1,58,40.14317372998611
1,59,41.0445910892685
1,60,39.7013766682972
1,61,39.11402597969718
1,62,39.7607129716087
1,63,43.11600870896751
1,64,42.74454243536404
1,65,41.277241371768916
1,66,38.702183258315706
1,67,37.82701702812447
1,68,37.234494778065816
1,69,35.09927647800023
1,70,32.94088480391409
1,71,32.92616167239372
1,72,31.77228045944882
1,73,28.81953469439614
1,74,27.90308996534121
1,75,28.45480974615854
1,76,26.24418437201692
1,77,23.39433392477887
1,78,23.57316356556102
1,79,24.051069640806013
1,80,21.184990709811622
1,81,18.763404695934714
1,82,19.91557779587442
1,83,19.87317082400312
1,84,16.244233368032116
1,85,15.560770121813109
1,86,17.814511216917854
1,87,16.066458740799856
1,88,12.657789902995692
1,89,14.820295806384175
1,90,16.56398191742349
1,91,13.62319257897284
1,92,12.658265261125422
1,93,16.399561812823283
1,94,16.88866726161876
1,95,14.4481575804384
1,96,16.043198064256785
1,97,19.447311074847967
1,98,18.95878287534428
1,99,18.18841282769944
1,100,21.13924660269499
1,101,23.3190646856831
1,102,22.540375737363664
1,103,21.455897143310157
2,1,3.7966402794644787
2,3,3.7927680530669377
2,4,5.66672655539401
2,5,5.771587312089671
2,6,6.475293475355482
2,7,8.731247641903622
2,8,10.21972201579891
2,9,11.213383785846391
2,10,12.518054038322893
2,11,14.391034881200694
2,12,15.823130894954074
2,13,17.239845067488428
2,14,18.427566247149834
2,15,20.129633659092466
2,16,21.84810925145877
2,17,23.058167665631196
2,18,24.29922870812632
2,19,26.09273022706973
2,20,27.923527989431705
2,21,28.82721457317622
2,22,29.903212056379633
2,23,32.14473449284045
2,24,33.74322608424558
2,25,34.26059175369557
2,26,35.491105031517684
2,27,38.13136191440849
2,28,39.00612095815217
2,29,39.46714783658727
2,30,41.28544304969601
2,31,43.8706977602071
2,32,46.99306267644115
2,33,46.814396791692225
2,34,49.59338930779501
2,35,48.371968280896986
2,36,44.704541671626515
2,37,43.00091758957693
2,38,39.58961574965458
2,39,41.188098249857845
2,40,40.028350390929724
2,41,36.5981162045241
2,42,35.98398293350218
2,43,36.63229742422824
2,44,34.858567761850004
2,45,31.62672002440419
2,46,32.39669267528094
2,47,32.982223869967534
2,48,29.736258720323967
2,49,27.83992394518772
2,50,30.118699247058018
2,51,29.34779480307465
2,52,25.544708361019556
2,53,25.571499439534403
2,54,28.42096530066462
2,55,30.460785467007604
2,56,33.36592555754662
2,57,36.31290957778486
2,58,38.65305045987972
2,59,39.87390813958436
2,60,38.645815565184805
2,61,37.916469698116614
2,62,38.665795032411594
2,63,41.9413037885368
2,64,41.69601891086759
2,65,40.11291484777119
2,66,37.80403208199322
2,67,36.922478344659055
2,68,35.96590140141459
2,69,33.8899682852274
2,70,32.00857304860404
2,71,31.69848124767464
2,72,30.244206099141074
2,73,27.563487491036444
2,74,26.730576160404002
2,75,26.806488334492865
2,76,24.43136136219392
2,77,21.957106317150092
2,78,22.014173997904123
2,79,21.942755440164376
2,80,19.01528234692782
2,81,16.979195982381043
2,82,17.812385249264057
2,83,17.219103907465676
2,84,13.685582560992353
2,85,13.209822047559996
2,86,14.925816114465293
2,87,12.786714743072942
2,88,9.535862176941677
2,89,11.842890336244675
2,90,13.099847990997564
2,91,9.964745617773193
2,92,9.489486759985072
2,93,13.230227562744515
2,94,13.404026407310303
2,95,11.267339531022015
2,96,13.333806237353132
2,97,16.462076671962443
2,98,15.971754851520616
2,99,15.7780211507861
2,100,18.72521375722546
2,101,20.646405207880562
2,102,20.252486006708512
2,103,18.88851294592773
3,1,6.263945037633732
3,2,3.7927680530669377
3,4,3.805322424218458
3,5,5.590715889039879
3,6,5.207945349091869
3,7,5.973521442146745
3,8,8.477711352239059
3,9,10.019178686401109
3,10,10.357625982056797
3,11,11.914984238174055
3,12,14.100769145567863
3,13,15.481434468488974
3,14,15.970881868824293
3,15,17.809359783412194
3,16,19.958170784380204
3,17,20.82176674422705
3,18,21.71376112805749
3,19,23.84334067265815
3,20,25.793156875197496
3,21,26.315416131249528
3,22,27.279254318122764
3,23,29.80459810168597
3,24,31.32439335253048
3,25,31.52257516353304
3,26,32.80514527154965
3,27,35.61626215259815
3,28,36.30316818487945
3,29,36.57081255486603
3,30,38.52707538427712
3,31,41.212990597700696
3,32,44.20130178880504
3,33,43.97928822925014
3,34,46.870463215534045
3,35,45.79200592552739
3,36,42.12711348741859
3,37,40.656629887963796
3,38,37.20819438520662
3,39,38.850908288686504
3,40,37.95935576320202
3,41,34.613285799246405
3,42,34.303794075201026
3,43,34.81176993661742
3,44,32.74547860552724
3,45,29.726600433481806
3,46,30.668858035803126
3,47,30.901624599778703
3,48,27.51101233084431
3,49,25.95750236419342
3,50,28.17790248849692
3,51,27.00927898761043
3,52,23.23678258019253
3,53,23.637688220584188
3,54,26.275743142864265
3,55,28.657172752719873
3,56,31.316850681831998
3,57,34.477130292264164
3,58,36.55334487636024
3,59,37.89540512576417
3,60,36.433611061041205
3,61,35.410772456195566
3,62,35.92263889848233
3,63,39.07157369329629
3,64,38.652116579611544
3,65,36.88518028480541
3,66,34.61469413525433
3,67,33.94493919391252
3,68,32.89853520291709
3,69,30.646854876989558
3,70,28.95384275099609
3,71,28.78382277845312
3,72,27.11338038758346
3,73,24.391132077410894
3,74,23.89547663069496
3,75,23.981912946912292
3,76,21.342197995534853
3,77,18.991812058934535
3,78,19.49079572188354
3,79,19.337542220344645
3,80,16.1084764776139
3,81,14.446102550442129
3,82,15.81984360308838
3,83,14.953834664007188
3,84,11.249583579266936
3,85,11.723163197032072
3,86,13.62983110344987
3,87,11.125042160539323
3,88,8.555316903497792
3,89,11.792316852761507
3,90,12.78032240374812
3,91,9.900254597235774
3,92,10.68966228198604
3,93,14.307584498653108
3,94,14.194081356336296
3,95,12.885168502563214
3,96,15.458580809441818
3,97,18.136457713431962
3,98,17.639846126906953
3,99,18.166086666608212
3,100,21.063023247424244
3,101,22.62878503798738
3,102,22.566593468249096
3,103,20.767067287179582
4,1,8.637486007634063
4,2,5.66672655539401
4,3,3.805322424218458
4,5,3.8128588301915283
4,6,5.544955028656365
4,7,5.092908221875637
4,8,6.062599151470548
4,9,8.725983106431325
4,10,9.8008610022413
4,11,10.290223955747198
4,12,12.205826085690267
4,13,14.422806071720924
4,14,14.95121564497056
4,15,16.021958555337267
4,16,18.377042927624796
4,17,19.784457218410747
4,18,20.31479511231242
4,19,22.048880185687725
4,20,24.397979131516397
4,21,25.186914645110036
4,22,25.716031612298035
4,23,28.111601563607646
4,24,30.029739232064017
4,25,30.254090163783303
4,26,31.131434504104387
4,27,34.00593877306304
4,28,35.01739145857611
4,29,35.12493657543088
4,30,36.78005947964928
4,31,39.596821023993975
4,32,42.63501613046692
4,33,42.166433895369664
4,34,44.88066364271102
4,35,43.5610254325493
4,36,39.96605268397762
4,37,38.35952023812515
4,38,35.05671687860036
4,39,36.95485537270845
4,40,36.103906793089465
4,41,32.88081701888933
4,42,32.32392807237533
4,43,32.538387021101464
4,44,30.648436527098845
4,45,27.63293753467359
4,46,28.192354534239467
4,47,28.37781484363962
4,48,25.173531339165173
4,49,23.333183869149664
4,50,25.28314375345558
4,51,24.268474820952246
4,52,20.507872579991623
4,53,20.50262054832482
4,54,23.10123223082526
4,55,25.375989769817256
4,56,28.205518699933823
4,57,31.297749768356887
4,58,33.53370861243467
4,59,35.003777514572256
4,60,33.78445107614513
4,61,32.88762967725419
4,62,33.69747029651427
4,63,36.897835277940914
4,64,36.79385947426546
4,65,35.19591834806834
4,66,33.13764881523617
4,67,32.17012365032313
4,68,30.92423148440396
4,69,28.994009822868545
4,70,27.309409845825343
4,71,26.691565185782274
4,72,25.069706709002766
4,73,22.66611410131372
4,74,21.821546861209203
4,75,21.51450411439987
4,76,19.10455617172433
4,77,16.921698908424922
4,78,16.854222829405185
4,79,16.423310522935004
4,80,13.500894709905662
4,81,11.737804192813128
4,82,12.497870179163268
4,83,11.606642822361811
4,84,8.051994809828889
4,85,8.102397573845305
4,86,9.861428865283521
4,87,7.627207220580624
4,88,4.822727796968943
4,89,8.226588349482066
4,90,9.529461495355928
4,91,7.354179947119384
4,92,8.291396610621419
4,93,11.726138796770357
4,94,12.172925134913582
4,95,11.6928023015559
4,96,13.951983067086875
4,97,16.446429612203847
4,98,16.65210007000567
4,99,17.518628339797853
4,100,19.904447054285804
4,101,21.60882040639649
4,102,22.16396520243784
4,103,20.59524874830084
5,1,7.401076767467546
5,2,5.771587312089671
5,3,5.590715889039879
5,4,3.8128588301915283
5,6,3.8081569095449828
5,7,5.353400545378824
5,8,4.903852042121351
5,9,6.261130755041644
5,10,8.53838507933711
5,11,9.692637193994182
5,12,10.512656216809386
5,13,12.567512864854878
5,14,14.029883328187355
5,15,15.088085504635966
5,16,16.75498628566754
5,17,18.500721926107957
5,18,19.60851831593457
5,19,20.957669408091306
5,20,23.013051939212087
5,21,24.27200725156177
5,22,25.081500710409383
5,23,27.08239615517715
5,24,28.992807574112433
5,25,29.690611060111422
5,26,30.61086013727923
5,27,33.181967016416735
5,28,34.38348769476797
5,29,34.86042022799603
5,30,36.39029484277099
5,31,38.977637340236136
5,32,42.20755328569525
5,33,41.92658545071885
5,34,44.53406496020898
5,35,43.13214506049883
5,36,39.49372908458766
5,37,37.61314721700097
5,38,34.28146398533209
5,39,35.97751110148805
5,40,34.75487025895789
5,41,31.388540007627153
5,42,30.570777320657275
5,43,31.086201321845607
5,44,29.47432034179189
5,45,26.19029243831296
5,46,26.76015274226673
5,47,27.44020259003789
5,48,24.322414412748355
5,49,22.2199241728182
5,50,24.507436834878554
5,51,23.977254828168725
5,52,20.180571466208757
5,53,20.06701256709473
5,54,23.11886452305207
5,55,24.950139819424134
5,56,27.887845155374798
5,57,30.7268617686658
5,58,33.141290964619344
5,59,34.25068331109992
5,60,33.134773482525475
5,61,32.61438819036213
5,62,33.59709339720876
5,63,36.99512694387176
5,64,37.02017239772117
5,65,35.74957085794021
5,66,33.48379282166498
5,67,32.22811232480572
5,68,31.335222477520382
5,69,29.61210175907192
5,70,27.491765032695376
5,71,26.886905579303043
5,72,25.781463550434232
5,73,23.232151956933592
5,74,21.885907301543956
5,75,21.966553905656504
5,76,20.05846919730875
5,77,17.373644178873167
5,78,16.898214455377317
5,79,17.163575231917527
5,80,14.707560516270314
5,81,12.051884999380347
5,82,12.658065678984517
5,83,12.87728908882818
5,84,9.488368843196172
5,85,8.216682958216746
5,86,10.789523295649957
5,87,9.80832937861048
5,88,6.333435695216668
5,89,8.680923151969875
5,90,11.210904914179379
5,91,9.561616577187067
5,92,8.996600254866548
5,93,12.579406403946576
5,94,13.961472628258655
5,95,13.104596802455825
5,96,14.505750495916862
5,97,17.52404086784884
5,98,18.181511060127214
5,99,18.377513993508767
5,100,20.52751438380779
5,101,22.79780148228029
5,102,23.24620046902466
5,103,22.221432430509747
6,1,6.724655399096895
6,2,6.475293475355482
6,3,5.207945349091869
6,4,5.544955028656365
6,5,3.8081569095449828
6,7,3.8055211903482835
6,8,5.394837439653202
6,9,5.213672263010549
6,10,6.115512441652976
6,11,8.514663164663643
6,12,9.842430528452773
6,13,10.822186392889268
6,14,12.102901848599737
6,15,14.046902412196754
6,16,15.556172479407582
6,17,16.619408772567983
6,18,18.079649128341675
6,19,19.90593786888246
6,20,21.530604106300842
6,21,22.458559644559685
6,22,23.725356083666338
6,23,25.88729726372433
6,24,27.357819877503132
6,25,28.018504327067923
6,26,29.373247546426168
6,27,31.87308796400406
6,28,32.727054175862676
6,29,33.38766576966438
6,30,35.23514137264587
6,31,37.668731689319124
6,32,40.848912088166735
6,33,40.85245051353924
6,34,43.65610751857682
6,35,42.547829983844316
6,36,38.824138307834836
6,37,37.12464153058083
6,38,33.61187715254825
6,39,35.0041671209203
6,40,33.78318202583994
6,41,30.30267491088121
6,42,29.86129809351933
6,43,30.68399318805546
6,44,28.786107392393596
6,45,25.559950745252333
6,46,26.66464086068732
6,47,27.312657087405203
6,48,23.935974879639147
6,49,22.306727353053184
6,50,24.955601786521658
6,51,24.154835487820662
6,52,20.36571933817319
6,53,20.941260255073008
6,54,24.0340237370406
6,55,26.061450715142424
6,56,28.65459850050465
6,57,31.617384914311526
6,58,33.727074546177604
6,59,34.64013850117487
6,60,33.14326074671311
6,61,32.442575152964416
6,62,33.039180060305654
6,63,36.39234641666031
6,64,36.06183293899092
6,65,34.6725144557652
6,66,32.13402265237715
6,67,31.151806437513617
6,68,30.552778764579685
6,69,28.515869235041418
6,70,26.29493224255434
6,71,26.213046545244154
6,72,25.161120694788668
6,73,22.21079379302687
6,74,21.18442140255571
6,75,21.83698018855668
6,76,19.757417230785713
6,77,16.7506237060092
6,78,16.9850401126104
6,79,17.769879169139287
6,80,14.9899326937692
6,81,12.332462824552913
6,82,13.975667662286826
6,83,14.397001022648448
6,84,10.746277365755837
6,85,10.396901522434684
6,86,13.460799335350975
6,87,12.258749306835833
6,88,9.351621108032962
6,89,12.229273026419774
6,90,14.511801874402666
6,91,12.63415061837517
6,92,12.554747599897453
6,93,16.211207467327398
6,94,17.20881128434655
6,95,16.144666307019065
6,96,17.878865337651057
6,97,20.918219784389677
6,98,21.175899944660852
6,99,21.325877689316307
6,100,23.78842283563822
6,101,25.925483739632288
6,102,26.060422333693115
6,103,24.78474861305565
7,1,10.030136660474176
7,2,8.731247641903622
7,3,5.973521442146745
7,4,5.092908221875637
7,5,5.353400545378824
7,6,3.8055211903482835
7,8,3.8147814909157067
7,9,5.458111766680488
7,10,4.969479388799106
7,11,5.947432450394644
7,12,8.474177681114062
7,13,9.962313548132451
7,14,10.146132793151601
7,15,11.84353723730561
7,16,14.141735015954863
7,17,15.046225810762698
7,18,15.792477165770972
7,19,17.877805042359586
7,20,19.91567650839566
7,21,20.482701817348712
7,22,21.351966640849426
7,23,23.838446795660353
7,24,25.44171098633205
7,25,25.693144976550517
7,26,26.895035788994775
7,27,29.672856647194713
7,28,30.466195019811128
7,29,30.78123718762838
7,30,32.65089325506718
7,31,35.30402471401681
7,32,38.349407914284946
7,33,38.152069213960644
7,34,41.00755522702393
7,35,39.93080667442229
7,36,36.24204384522204
7,37,34.75006707954379
7,38,31.268924426777332
7,39,32.87788721772776
7,40,32.011458141752165
7,41,28.699951260117167
7,42,28.48277484283172
7,43,28.9573637046897
7,44,26.801059582111904
7,45,23.83750734486028
7,46,24.916466851027646
7,47,25.091421038761553
7,48,21.629410386922764
7,49,20.2560201154101
7,50,22.652879152403447
7,51,21.42823926483278
7,52,17.66006740549215
7,53,18.465643429142283
7,54,21.251329809379182
7,55,23.646140055214246
7,56,26.060650962239844
7,57,29.245813731485445
7,58,31.150023305885092
7,59,32.31430891028129
7,60,30.69038248544647
7,61,29.6887973574543
7,62,30.166045450703557
7,63,33.396438584557835
7,64,33.02138903337986
7,65,31.46042447625368
7,66,29.08876107620909
7,67,28.223800075523606
7,68,27.365093141308837
7,69,25.252154783394527
7,70,23.290504473319366
7,71,23.13025895335057
7,72,21.77869511417571
7,73,18.927753048919694
7,74,18.164173324789683
7,75,18.58623401237231
7,76,16.234405044009154
7,77,13.451562476694848
7,78,13.992619823441814
7,79,14.497402686051338
7,80,11.441591959563839
7,81,9.199133811680829
7,82,11.310428632892553
7,83,11.371161607430883
7,84,7.666457221732673
7,85,8.410341676496214
7,86,11.462951813841002
7,87,10.098503344951178
7,88,8.200493969799053
7,89,11.603449888015628
7,90,13.478004244829076
7,91,12.097560405316123
7,92,12.99991019851196
7,93,16.314847376315974
7,94,17.07440102546377
7,95,16.772783459905877
7,96,18.848567386885236
7,97,21.41151353203817
7,98,21.743072661678216
7,99,22.531038573053305
7,100,24.871767117367124
7,101,26.68371495430166
7,102,27.208811009699
7,103,25.62727723157738
8,1,11.597290764876544
8,2,10.21972201579891
8,3,8.477711352239059
8,4,6.062599151470548
8,5,4.903852042121351
8,6,5.394837439653202
8,7,3.8147814909157067
8,9,3.7991175082621083
8,10,5.471338205386891
8,11,5.095052787661948
8,12,6.185596600558543
8,13,8.84420785227755
8,14,9.767004721760673
8,15,10.362089406358136
8,16,12.451875993497925
8,17,14.27326178953817
8,18,14.955928726803478
8,19,16.29029696739785
8,20,18.614829584901656
8,21,19.786481493857657
8,22,20.3290732208728
8,23,22.41571112587661
8,24,24.457285921460137
8,25,25.021389590758766
8,26,25.799673288339708
8,27,28.462133456572108
8,28,29.71311279610294
8,29,30.0689752762598
8,30,31.540936559565054
8,31,34.198623451296015
8,32,37.39946160289155
8,33,37.048587310477274
8,34,39.65679940215655
8,35,38.278260368188874
8,36,34.637945590540134
8,37,32.83863644251975
8,38,29.49416255561632
8,39,31.265621909926246
8,40,30.220754567580595
8,41,26.951769595721984
8,42,26.2984952169551
8,43,26.63080549249514
8,44,24.834782084781082
8,45,21.694046408676694
8,46,22.343913303806662
8,47,22.773205125078636
8,48,19.560866137819055
8,49,17.66292115623729
8,50,19.983797325797664
8,51,19.23671256871113
8,52,15.428119970022964
8,53,15.684119805226969
8,54,18.7464277298307
8,55,20.7611947606142
8,56,23.453360865993005
8,57,26.429296166090953
8,58,28.629404342169593
8,59,29.730974989558874
8,60,28.43324373140282
8,61,27.79209726403184
8,62,28.70252094564298
8,63,32.09889876209841
8,64,32.135468759888546
8,65,30.936512694060326
8,66,28.69141920509204
8,67,27.349738825669043
8,68,26.474386800825254
8,69,24.841458102886495
8,70,22.657879827908218
8,71,21.999153339404746
8,72,21.012800910505934
8,73,18.471839899982598
8,74,16.99299728078784
8,75,17.186384659556467
8,76,15.44461694193486
8,77,12.583776676208071
8,78,12.102436922476816
8,79,12.75636018908689
8,80,10.455676958856115
8,81,7.397640175270863
8,82,8.629873501912098
8,83,9.559582492199768
8,84,6.333625087423536
8,85,5.5291495670339375
8,86,9.116922513395997
8,87,9.002373857601226
8,88,6.942775395316103
8,89,9.52425863645468
8,90,12.167221983793898
8,91,11.714113608085759
8,92,12.02995185170171
8,93,15.010310249620295
8,94,16.54497332872989
8,95,16.642138137600796
8,96,18.080481434234606
8,97,20.64264671597038
8,98,21.638656365964394
8,99,22.355651275508936
8,100,24.195754117159467
8,101,26.312882612864946
8,102,27.212043263410095
8,103,26.043590731622245
9,1,11.324894248334118
9,2,11.213383785846391
9,3,10.019178686401109
9,4,8.725983106431325
9,5,6.261130755041644
9,6,5.213672263010549
9,7,5.458111766680488
9,8,3.7991175082621083
9,10,3.8006035710355714
9,11,5.380174665636465
9,12,4.980042760985677
9,13,6.379365094772809
9,14,8.516582097635448
9,15,9.754171616835574
9,16,10.779568679351634
9,17,12.512513689876927
9,18,14.121393099389696
9,19,15.339120434458918
9,20,17.003820588306613
9,21,18.460461010379177
9,22,19.61013840189119
9,23,21.372853420907404
9,24,23.097714166938363
9,25,24.11738339478959
9,26,25.220631547116216
9,27,27.517119867547787
9,28,28.721391271096874
9,29,29.550787233779037
9,30,31.099417954397904
9,31,33.42572829699582
9,32,36.76169689766794
9,33,36.766236387370554
9,34,39.386929197806396
9,35,38.12301588542098
9,36,34.409466787490736
9,37,32.4771198886341
9,38,29.009865823242286
9,39,30.375922722008383
9,40,28.96625507908463
9,41,25.482148340436137
9,42,24.812561673521188
9,43,25.66246826442773
9,44,23.97006273621143
9,45,20.606427753109614
9,46,21.63334535185286
9,47,22.54882502606543
9,48,19.296621533789335
9,49,17.486460787163978
9,50,20.3557920242304
9,51,19.929601776313454
9,52,16.212207119444855
9,53,16.807023385462493
9,54,20.21058105275155
9,55,21.875226923331223
9,56,24.398526203741767
9,57,27.16160104903217
9,58,29.312150846983123
9,59,29.942080351041334
9,60,28.516381012716348
9,61,28.12492656690691
9,62,28.940753676166768
9,63,32.455804435859406
9,64,32.384312850355805
9,65,31.412200921314636
9,66,28.831855789187543
9,67,27.41679325623903
9,68,27.064445026362986
9,69,25.439285973906895
9,70,22.826526965194926
9,71,22.536297353948537
9,72,22.07417133964014
9,73,19.205672637319285
9,74,17.50841589018387
9,75,18.444075114944322
9,76,17.09870764627491
9,77,13.719551410895878
9,78,13.36132632933838
9,79,14.93976835840064
9,80,12.97187573595311
9,81,9.517020904700095
9,82,11.09867175947132
9,83,12.825619131008423
9,84,9.89470523448492
9,85,8.800967837766995
9,86,12.536723993837706
9,87,12.76327724457124
9,88,10.386938453356134
9,89,12.559619968004329
9,90,15.566041371593586
9,91,14.916557078834282
9,92,14.614410235425122
9,93,17.789394599951645
9,94,19.56903545259977
9,95,19.18790731288266
9,96,20.334619672205843
9,97,23.261777036301854
9,98,24.252146452113443
9,99,24.490819157308803
9,100,26.387433714489195
9,101,28.79394611682106
9,102,29.408126905241602
9,103,28.454443023428766
10,1,12.554673186487948
10,2,12.518054038322893
10,3,10.357625982056797
10,4,9.8008610022413
10,5,8.53838507933711
10,6,6.115512441652976
10,7,4.969479388799106
10,8,5.471338205386891
10,9,3.8006035710355714
10,11,3.8055329018968846
10,12,5.376788037393971
10,13,5.305991898842283
10,14,6.023587784319282
10,15,8.463657118103342
10,16,9.961428172507365
10,17,10.57596510576823
10,18,12.082820887262816
10,19,14.14051788659909
10,20,15.606641243088205
10,21,16.35326748982589
10,22,17.752574395985597
10,23,19.972905045687224
10,24,21.289031385299463
10,25,21.940901183344547
10,26,23.42820492764012
10,27,25.870285806684702
10,28,26.634843166546574
10,29,27.397518065742027
10,30,29.31784186575091
10,31,31.65522619579548
10,32,34.833884315294654
10,33,34.979087953963045
10,34,37.84432295978952
10,35,36.90113479509585
10,36,33.13586882812546
10,37,31.553803669173593
10,38,27.937329287950387
10,39,29.152398105097276
10,40,28.01892758675254
10,41,24.548670539746727
10,42,24.456917744750417
10,43,25.356722915237356
10,44,23.178121530320112
10,45,20.105741084677575
10,46,21.658044406554765
10,47,22.16039376156459
10,48,18.60344034857409
10,49,17.5179465442722
10,50,20.479637456888405
10,51,19.456135694238817
10,52,15.824287882080524
10,53,17.226011726914066
10,54,20.335416268456036
10,55,22.440019976504058
10,56,24.50883204925585
10,57,27.526691094913886
10,58,29.240434803604497
10,59,29.89635109001775
10,60,28.030629286301696
10,61,27.224007532863624
10,62,27.55285349387553
10,63,30.91172785851437
10,64,30.434628522487163
10,65,29.186050726323494
10,66,26.44886608112809
10,67,25.435525513226935
10,68,25.17897085094307
10,69,23.148715134419383
10,70,20.643172653608705
10,71,20.86929572604502
10,72,20.208588419840236
10,73,16.994852039948633
10,74,15.889352334403469
10,75,17.238322663527264
10,76,15.503254973558857
10,77,12.014116510868114
10,78,12.70171875095326
10,79,14.482462680307016
10,80,12.060403711616845
10,81,9.134441919968388
10,82,11.856896108949163
10,83,13.245430487409035
10,84,10.226849217453784
10,85,10.50361063846295
10,86,14.16727870672941
10,87,13.870469566245143
10,88,12.154394198064578
10,89,14.982278948785485
10,90,17.46357950903647
10,91,16.61006497281719
10,92,17.029130966529415
10,93,20.26688450363421
10,94,21.538801434159918
10,95,21.238608237607668
10,96,22.89472363978351
10,97,25.65440133506852
10,98,26.284648521469784
10,99,26.801712855379236
10,100,28.97053022725614
10,101,31.080010979217086
10,102,31.602933753016508
10,103,30.262895632495653
11,1,15.239092227195393
11,2,14.391034881200694
11,3,11.914984238174055
11,4,10.290223955747198
11,5,9.692637193994182
11,6,8.514663164663643
11,7,5.947432450394644
11,8,5.095052787661948
11,9,5.380174665636465
11,10,3.8055329018968846
11,12,3.8111333480387506
11,13,5.557610720183627
11,14,4.938350901151104
11,15,5.903701668317072
11,16,8.555448557501292
11,17,9.676497861906993
11,18,10.069310104459397
11,19,11.950929131231499
11,20,14.20604825022101
11,21,14.9249431046186
11,22,15.566200469376929
11,23,17.941427757233246
11,24,19.740495066695456
11,25,20.10158935024921
11,26,21.113865899134883
11,27,23.835218378656442
11,28,24.838889824740303
11,29,25.212367326602205
11,30,26.90504087824132
11,31,29.519824812064357
11,32,32.65346734768541
11,33,32.46092105100909
11,34,35.236898051316466
11,35,34.12424504937181
11,36,30.41435763336014
11,37,28.860299299751457
11,38,25.354092360636066
11,39,26.94664352724503
11,40,26.10216313610938
11,41,22.851559603051378
11,42,22.71518012881578
11,43,23.109793775304404
11,44,20.86354123072897
11,45,17.9700633758766
11,46,19.196100624188013
11,47,19.300266594166494
11,48,15.765425733494787
11,49,14.635570297654237
11,50,17.267463629228555
11,51,16.02114656672408
11,52,12.323520285085094
11,53,13.72657560331549
11,54,16.665195917611257
11,55,18.973737759260228
11,56,21.019746931339977
11,57,24.176568666517735
11,58,25.86123982903248
11,59,26.779714439152183
11,60,24.979705954664293
11,61,24.049003600856025
11,62,24.53128274619601
11,63,27.879539431017896
11,64,27.61952924206668
11,65,26.386050157882604
11,66,23.92144419733423
11,67,22.72691370314936
11,68,22.12828944556211
11,69,20.303618934129155
11,70,17.94721614484911
11,71,17.727367016343802
11,72,16.928178974694145
11,73,13.996988480219073
11,74,12.689207735040412
11,75,13.63647479487588
11,76,11.957084698505918
11,77,8.539869049157788
11,78,8.982592218133677
11,79,10.689206977222945
11,80,8.471047980149187
11,81,5.428095839839013
11,82,8.464037280887336
11,83,10.058864110335053
11,84,7.659398216424497
11,85,8.344551800248372
11,86,11.862710561925057
11,87,12.062266420575009
11,88,11.259007249422758
11,89,13.886093774132954
11,90,16.19499887021468
11,91,16.086006969932555
11,92,16.92164368426002
11,93,19.6916526240001
11,94,21.042269452971226
11,95,21.418903153592975
11,96,23.04854631580513
11,97,25.41897151792954
11,98,26.348555596591222
11,99,27.28956462325404
11,100,29.157363928607495
11,101,31.121776936462528
11,102,32.082542820931565
11,103,30.69924308823363
12,1,16.26017633563696
12,2,15.823130894954074
12,3,14.100769145567863
12,4,12.205826085690267
12,5,10.512656216809386
12,6,9.842430528452773
12,7,8.474177681114062
12,8,6.185596600558543
12,9,4.980042760985677
12,10,5.376788037393971
12,11,3.8111333480387506
12,13,3.8036568942246283
12,14,5.4286483583482275
12,15,5.1082527461528136
12,16,6.336468893045487
12,17,8.723588682386925
12,18,9.794403294968033
12,19,10.548173076129755
12,20,12.63478738861242
12,21,14.2934807837561
12,22,15.009534908355667
12,23,16.65523036916618
12,24,18.707642252745217
12,25,19.73409495433058
12,26,20.51349560428414
12,27,22.835046856963647
12,28,24.280284097352116
12,29,25.01701848138795
12,30,26.342977046261062
12,31,28.72607137453933
12,32,32.0934027569959
12,33,31.982231190207564
12,34,34.509901378616256
12,35,33.17109903848585
12,36,29.471641303045875
12,37,27.510371234334773
12,38,24.06828431988469
12,39,25.551245734311408
12,40,24.259650885247336
12,41,20.891621085121372
12,42,20.258859414226567
12,43,20.869646627065293
12,44,19.090143259516662
12,45,15.806632569625068
12,46,16.833230011171185
12,47,17.59462749674433
12,48,14.316682913393054
12,49,12.61628143209755
12,50,15.605003375000516
12,51,15.162913055462102
12,52,11.549251400734843
12,53,12.540502549406924
12,54,15.997991574165217
12,55,17.610754055237365
12,56,19.831929643883985
12,57,22.6039917953354
12,58,24.570747516227158
12,59,25.10265766697906
12,60,23.566978786388074
12,61,23.199803039794023
12,62,24.075470973715195
12,63,27.647123956683153
12,64,27.73315201216409
12,65,27.01059967820973
12,66,24.491060747840564
12,67,22.788120423097734
12,68,22.524984451741844
12,69,21.219851202444765
12,70,18.412955362829255
12,71,17.921416993836655
12,72,17.87226143882348
12,73,15.160269996990595
12,74,12.973800586205883
12,75,14.151289203735185
12,76,13.462030132145701
12,77,9.908523504010402
12,78,9.170078788423233
12,79,11.582497185588336
12,80,10.505135327629143
12,81,6.841277110856073
12,82,8.697450270919562
12,83,11.430328432111377
12,84,9.68080426137335
12,85,8.903703452523532
12,86,12.571917041855041
12,87,13.731037490907465
12,88,12.531986074313934
12,89,14.331482136110175
12,90,17.258292917039206
12,91,17.547546916763423
12,92,17.662698535211916
12,93,20.279738340408695
12,94,22.239666592772604
12,95,22.574294711223388
12,96,23.62525743524979
12,97,26.17286828804217
12,98,27.52501972048198
12,99,28.14333230630322
12,100,29.695462130959253
12,101,32.01641496351054
12,102,33.0631455697213
12,103,32.08932656037814
13,1,16.945444187039723
13,2,17.239845067488428
13,3,15.481434468488974
13,4,14.422806071720924
13,5,12.567512864854878
13,6,10.822186392889268
13,7,9.962313548132451
13,8,8.84420785227755
13,9,6.379365094772809
13,10,5.305991898842283
13,11,5.557610720183627
13,12,3.8036568942246283
13,14,3.813544043785432
13,15,5.388055559080106
13,16,5.07922425301255
13,17,6.279648036870049
13,18,8.633671710179756
13,19,9.852381626005597
13,20,10.856998632510583
13,21,12.349948472251752
13,22,13.975014776781
13,23,15.549739729064044
13,24,16.924935956880446
13,25,18.207202542068302
13,26,19.599282743014747
13,27,21.609379702335577
13,28,22.696270443051976
13,29,23.878266049170513
13,30,25.522995453429285
13,31,27.564165852061176
13,32,30.94720347955559
13,33,31.276463652252925
13,34,33.96258456196356
13,35,32.950262958079364
13,36,29.175796392378867
13,37,27.335747552310835
13,38,23.70844184518866
13,39,24.658101551534315
13,40,23.180396091149245
13,41,19.604710207322913
13,42,19.374454832143552
13,43,20.5773317614707
13,44,18.593493926882804
13,45,15.333955258845174
13,46,17.135793959251114
13,47,18.09464952167214
13,48,14.672058379066042
13,49,13.671480930768926
13,50,17.103137635476344
13,51,16.57951328875858
13,52,13.311702730610213
13,53,15.01754574581958
13,54,18.374386285502634
13,55,19.91810164381903
13,56,21.663612919463635
13,57,24.337537613606376
13,58,25.954536725945104
13,59,26.074392503725566
13,60,24.164766838745027
13,61,23.765213617313332
13,62,24.212546700663218
13,63,27.743476664552777
13,64,27.458623221157552
13,65,26.770017303502815
13,66,23.859716892070875
13,67,22.377844142809852
13,68,22.682106679558746
13,69,21.135173204611267
13,70,18.04436372863624
13,71,18.28084557115259
13,72,18.572649313815816
13,73,15.42382053817278
13,74,13.53574321968607
13,75,15.604973053792865
13,76,14.982539028575419
13,77,11.185127715329182
13,78,11.332455736908644
13,79,14.256446720770688
13,80,13.058216628890166
13,81,9.807390493502329
13,82,12.239243055563199
13,83,14.827186692286446
13,84,12.877766856154865
13,85,12.53514022452676
13,86,16.25127938416238
13,87,17.05883708550078
13,88,15.67575444015637
13,89,17.763800139662266
13,90,20.6676598539412
13,91,20.552079544363565
13,92,20.624520148709756
13,93,23.52115228059103
13,94,25.34387780336011
13,95,25.330010320783494
13,96,26.497233374731213
13,97,29.252028281268494
13,98,30.367209061569948
13,99,30.786760988893317
13,100,32.57161295750939
13,101,34.93993519227373
13,102,35.70385634227723
13,103,34.666197226449555
14,1,18.56884028382983
14,2,18.427566247149834
14,3,15.970881868824293
14,4,14.95121564497056
14,5,14.029883328187355
14,6,12.102901848599737
14,7,10.146132793151601
14,8,9.767004721760673
14,9,8.516582097635448
14,10,6.023587784319282
14,11,4.938350901151104
14,12,5.4286483583482275
14,13,3.813544043785432
14,15,3.802978541171351
14,16,5.413374449962249
14,17,4.9965692388911735
14,18,6.106625042743403
14,19,8.579516792917287
14,20,10.000615940074836
14,21,10.404888261004372
14,22,11.7753028564084
14,23,14.134891503939043
14,24,15.374204344147358
14,25,15.926303875859821
14,26,17.456338528614204
14,27,19.899493020064018
14,28,20.62421044410329
14,29,21.412340603464568
14,30,23.354307337709034
14,31,25.647370473313128
14,32,28.817046252394054
14,33,29.03920616267806
14,34,31.947204539600687
14,35,31.15316761877177
14,36,27.36361276205814
14,37,25.939402150277225
14,38,22.239791800789494
14,39,23.327743139305344
14,40,22.399152898958985
14,41,19.030738341355622
14,42,19.40747859052773
14,43,20.243874703625035
14,44,17.686256450857954
14,45,14.944873518819605
14,46,17.00360297156966
14,47,17.174268683938486
14,48,13.459097451200575
14,49,13.245824743058108
14,50,16.396829489480858
14,51,15.062186363467033
14,52,11.89846295386036
14,53,14.326007942763114
14,54,17.166547488893485
14,55,19.282523990710263
14,56,20.60800585535736
14,57,23.624418720709468
14,58,24.812069809067566
14,59,25.20946330639015
14,60,22.932100013022964
14,61,21.970762970237775
14,62,21.991604808604087
14,63,25.333828998457207
14,64,24.74113605186828
14,65,23.69808042274076
14,66,20.795514814151545
14,67,19.677653142268838
14,68,19.802914960841626
14,69,17.885725587796127
14,70,15.031596489987235
14,71,15.57989450947407
14,72,15.49039128564972
14,73,12.099567653782012
14,74,10.833019839681175
14,75,13.101311572953982
14,76,12.066015518242097
14,77,8.293918998727145
14,78,9.542268238286713
14,79,12.433978969714605
14,80,10.979745441122986
14,81,8.54852152223384
14,82,11.764096719347526
14,83,13.882303234962096
14,84,12.184002527528854
14,85,12.921656124233921
14,86,16.36143353362254
14,87,16.84043207242351
14,88,16.189162716585088
14,89,18.67466964309478
14,90,21.07227508599117
14,91,21.018171249192058
14,92,21.762131213245308
14,93,24.55572800276433
14,94,25.97840565379887
14,95,26.271397038385047
14,96,27.84502931463272
14,97,30.309926585070503
14,98,31.234990576546675
14,99,32.062227108585404
14,100,33.960182108480524
14,101,36.00573273674347
14,102,36.8784514873308
14,103,35.5000026166588
15,1,20.68581740008797
15,2,20.129633659092466
15,3,17.809359783412194
15,4,16.021958555337267
15,5,15.088085504635966
15,6,14.046902412196754
15,7,11.84353723730561
15,8,10.362089406358136
15,9,9.754171616835574
15,10,8.463657118103342
15,11,5.903701668317072
15,12,5.1082527461528136
15,13,5.388055559080106
15,14,3.802978541171351
15,16,3.8051717025193437
15,17,5.3233209925158835
15,18,4.896020151943046
15,19,6.056636530344238
15,20,8.664775008017351
15,21,9.74919073496018
15,22,10.039280891305577
15,23,12.104918230284746
15,24,14.19070068839198
15,25,14.822232932676746
15,26,15.56269137086525
15,27,18.111623878505892
15,28,19.431299399032472
15,29,19.97107299711851
15,30,21.39741987379538
15,31,23.891322195147804
15,32,27.160917741517206
15,33,27.030588681484957
15,34,29.68948271667024
15,35,28.546513806399062
15,36,24.805906338561723
15,37,23.142045739182358
15,38,19.58353660527248
15,39,21.082751659295543
15,40,20.20955953122904
15,41,17.01848901497559
15,42,17.01154071353453
15,43,17.362898559317507
15,44,14.987661946067158
15,45,12.179338193480781
15,46,13.734775934244388
15,47,13.805499312169957
15,48,10.167585713099214
15,49,9.583264220928541
15,50,12.644851536341733
15,51,11.492419043548002
15,52,8.258991258647344
15,53,10.638522067909603
15,54,13.57211372480295
15,55,15.515944749527787
15,56,16.892201766243904
15,57,19.867979080499474
15,58,21.199002535466406
15,59,21.67561965529498
15,60,19.616021730358053
15,61,18.849459827352884
15,62,19.32233085533693
15,63,22.82644034811227
15,64,22.718565494156753
15,65,22.004769907841975
15,66,19.4103105416559
15,67,17.731252493785743
15,68,17.635256654880124
15,69,16.31715575792397
15,70,13.355858452902911
15,71,13.110359473137827
15,72,13.370833885341044
15,73,10.522386894471376
15,74,8.254891516656976
15,75,10.260705655532943
15,76,10.05847794051515
15,77,6.365933009048967
15,78,6.441245662472991
15,79,9.84617559434947
15,80,9.48802488300448
15,81,6.989153070120618
15,82,9.553316513733344
15,83,12.288298463371317
15,84,11.573593186297632
15,85,11.938809529885527
15,86,15.060483443005692
15,87,16.3026409908779
15,88,16.12327406427798
15,89,18.039114282824816
15,90,20.489301706834443
15,91,21.122912236694198
15,92,21.829392319209084
15,93,24.17690984903934
15,94,25.893865979812546
15,95,26.642804427442925
15,96,27.931587251094786
15,97,30.160582964318444
15,98,31.484430546748303
15,99,32.47289651054009
15,100,33.994977513096956
15,101,36.074353177239885
15,102,37.31163204771384
15,103,36.098482362864814
16,1,21.84695570225238
16,2,21.84810925145877
16,3,19.958170784380204
16,4,18.377042927624796
16,5,16.75498628566754
16,6,15.556172479407582
16,7,14.141735015954863
16,8,12.451875993497925
16,9,10.779568679351634
16,10,9.961428172507365
16,11,8.555448557501292
16,12,6.336468893045487
16,13,5.07922425301255
16,14,5.413374449962249
16,15,3.8051717025193437
16,17,3.8126302985228535
16,18,5.424194533172146
16,19,5.068045591978881
16,20,6.37195422102484
16,21,8.648052594931864
16,22,9.728383929784467
16,23,10.760652838164464
16,24,12.628664637347836
16,25,14.203148726012508
16,26,15.11416556132905
16,27,16.963734169209342
16,28,18.496395793180444
16,29,19.7118904747119
16,30,20.964152628478942
16,31,22.967140559464436
16,32,26.460226678345613
16,33,26.70065888821712
16,34,29.203975016961163
16,35,28.06240430061863
16,36,24.310331101857436
16,37,22.329899017041775
16,38,18.736338384483886
16,39,19.731382356084673
16,40,18.247348017009372
16,41,14.755330371375106
16,42,14.500622922066508
16,43,15.53807571648407
16,44,13.527492162200504
16,45,10.269400215312478
16,46,12.248478066821232
16,47,13.22447855180958
16,48,9.895521343219782
16,49,9.252626497683659
16,50,12.910971175399757
16,51,12.620727658656932
16,52,9.991469867320513
16,53,12.149527799025368
16,54,15.324966488247904
16,55,16.488685466647475
16,56,17.700820440884804
16,57,20.15742980686189
16,58,21.516417737757525
16,59,21.329631717010585
16,60,19.312834429946157
16,61,19.116270340909473
16,62,19.68501810859311
16,63,23.312268750495946
16,64,23.29384508478613
16,65,23.08602175673771
16,66,20.24904912693545
16,67,18.275963554882427
16,68,18.880643089658406
16,69,17.92218900290981
16,70,14.492634422901526
16,71,14.492131166461617
16,72,15.623003900602832
16,73,12.885473069495898
16,74,10.267514581477265
16,75,12.800329729200557
16,76,13.341047054049158
16,77,9.84068254509663
16,78,9.469506892765354
16,79,13.110157605292496
16,80,13.188232473328439
16,81,10.433700393462837
16,82,12.41350162695308
16,83,15.563441532133174
16,84,14.800210797305745
16,85,14.482557102612805
16,86,17.76933859260643
16,87,19.303348597478557
16,88,18.648976200629622
16,89,20.26251916220182
16,90,23.10528368707529
16,91,23.703445610682774
16,92,23.912518572800447
16,93,26.341037440848993
16,94,28.37799677933203
16,95,28.877554259584713
16,96,29.851226364829056
16,97,32.32631047337777
16,98,33.79478865078936
16,99,34.44376983859065
16,100,35.88588410491993
16,101,38.24119829515506
16,102,39.37032476955313
16,103,38.408592995053205
17,1,22.845637060963842
17,2,23.058167665631196
17,3,20.82176674422705
17,4,19.784457218410747
17,5,18.500721926107957
17,6,16.619408772567983
17,7,15.046225810762698
17,8,14.27326178953817
17,9,12.512513689876927
17,10,10.57596510576823
17,11,9.676497861906993
17,12,8.723588682386925
17,13,6.279648036870049
17,14,4.9965692388911735
17,15,5.3233209925158835
17,16,3.8126302985228535
17,18,3.810888642317234
17,19,5.439967921891884
17,20,5.31214186230532
17,21,6.106028421062916
17,22,8.311534988518117
17,23,9.986271545929432
17,24,10.815024439490324
17,25,12.058579960596878
17,26,13.83266035428
17,27,15.699619954346524
17,28,16.497944363273113
17,29,17.87799953078671
17,30,19.72652381414913
17,31,21.57855774777191
17,32,24.904295801821018
17,33,25.49753335033805
17,34,28.32857794272942
17,35,27.674691122442496
17,36,23.869817455343295
17,37,22.364351028670136
17,38,18.58651864166699
17,39,19.140490485952764
17,40,17.93600621525493
17,41,14.447631873125406
