1,2,3.8145585832716606
1,3,6.252956196710805
1,4,8.835168700662095
1,5,7.804753699447924
1,6,7.020979470937318
1,7,10.20605032081936
1,8,11.997093007710587
1,9,11.603641182433572
1,10,12.706622507151174
1,11,15.469536841155785
1,12,16.608077903372905
1,13,17.162655804619305
1,14,18.739991025360123
1,15,20.93971705991031
1,16,22.158106820775455
1,17,23.06438995578579
1,18,24.839200058204405
1,19,26.756162309308333
1,20,28.01234299700573
1,21,28.910212437480947
1,22,30.495569241719448
1,23,32.54777701299764
1,24,33.8005667620018
1,25,34.55197719055566
1,26,36.14748914536741
1,27,38.57803929724395
1,28,39.230735323473866
1,29,39.94959509746857
1,30,42.07832941545474
1,31,44.429152005483154
1,32,46.5344210000433
1,33,47.548927652665576
1,34,50.50181352471251
1,35,49.54279605263084
1,36,45.794551088087495
1,37,44.16321459394691
1,38,40.59046350533978
1,39,41.74515133346188
1,40,40.50088853800754
1,41,36.893833910281195
1,42,36.421871072971676
1,43,37.40805107519049
1,44,35.636171011897325
1,45,32.28723812260971
1,46,33.38802421850641
1,47,34.30194426086113
1,48,30.935647916467985
1,49,29.210325793168916
1,50,31.611302108911794
1,51,31.11585726237542
1,52,27.28919483498052
1,53,27.589524117998543
1,54,30.688660278916263
1,55,32.4277614209158
1,56,35.31067955578457
1,57,38.408447867708404
1,58,40.76047400725221
1,59,41.55106616662813
1,60,40.228874533529996
1,61,39.54919137074857
1,62,40.029245725058914
1,63,43.30621417784768
1,64,42.78742659427916
1,65,41.34029627745965
1,66,38.77703233162601
1,67,37.89601202248989
1,68,37.379731608694115
1,69,35.14226493052305
1,70,33.07201818703847
1,71,33.10234645358845
1,72,31.808022585845755
1,73,28.823629930965392
1,74,28.034042401790426
1,75,28.59565585006499
1,76,26.304081285665543
1,77,23.457236674439493
1,78,23.91379720499957
1,79,24.256937961480148
1,80,21.277539311804013
1,81,18.965919277265368
1,82,20.229283530812015
1,83,20.08981609730573
1,84,16.42617727927292
1,85,15.9332973824435
1,86,18.181407128573607
1,87,16.336675545666463
1,88,13.013105421903932
1,89,15.305626468668125
1,90,16.857995601454085
1,91,13.802009482520782
1,92,13.056749267188987
1,93,16.791327154698575
1,94,17.141557922852673
1,95,14.665871293488006
1,96,16.324630012790987
1,97,19.66587239820645
1,98,19.077105764377194
1,99,18.496256755573313
1,100,21.47936837919879
1,101,23.731558114536004
1,102,22.47035419240158
1,103,21.200462581123045
2,1,3.8145585832716606
2,3,3.796877878193837
2,4,5.706751505318667
2,5,5.769688551741835
2,6,6.4662033374919865
2,7,8.734365184908325
2,8,10.294369387906613
2,9,11.107538811434928
2,10,12.449231979278478
2,11,14.405750168493343
2,12,15.848768074780809
2,13,17.178052724293657
2,14,18.414013125398096
2,15,20.149779821689123
2,16,21.871880618226783
2,17,23.065960419170743
2,18,24.32388746486513
2,19,26.161921536841067
2,20,27.905870459625714
2,21,28.779929913831335
2,22,29.912562609535332
2,23,32.108949263200245
2,24,33.69185845296964
2,25,34.21453990312443
2,26,35.48677263705373
2,27,38.15237937711428
2,28,38.96575539262518
2,29,39.35794535456614
2,30,41.34048966023655
2,31,43.93036937310185
2,32,45.97777714165664
2,33,46.70897614750024
2,34,49.5815613140875
2,35,48.46650053400841
2,36,44.78722468978962
2,37,43.187295971153794
2,38,39.71970858865837
2,39,41.19880263073288
2,40,40.171752146044
2,41,36.6984638967622
2,42,36.14254444581622
2,43,36.74964392159393
2,44,34.96128538017573
2,45,31.702726114138066
2,46,32.48865259269104
2,47,33.150839065423995
2,48,29.859086188211613
2,49,28.001275825031573
2,50,30.035827153646505
2,51,29.45415188612442
2,52,25.639324060801904
2,53,25.641572731090637
2,54,28.519062880670546
2,55,30.364903071515144
2,56,33.35725736243226
2,57,36.542951493496346
2,58,38.95123081860539
2,59,40.040048255872485
2,60,38.871475919366716
2,61,38.106979532888545
2,62,38.73392744334084
2,63,41.961357819498616
2,64,41.612654538216724
2,65,40.10074098418202
2,66,37.804463358192294
2,67,36.85546068041149
2,68,35.985296600370326
2,69,33.8555265355715
2,70,32.02190924133499
2,71,31.711659642479177
2,72,30.173300523278588
2,73,27.477377844077832
2,74,26.686867318776066
2,75,26.76815167767111
2,76,24.373831104472682
2,77,21.870154532824504
2,78,22.116353057977594
2,79,21.943966829365095
2,80,18.99353448849578
2,81,16.984013094102988
2,82,17.85451216057072
2,83,17.248913886876156
2,84,13.704040551072307
2,85,13.292564691864957
2,86,15.040870399544445
2,87,12.902728834301184
2,88,9.6695762603171
2,89,12.047234765210819
2,90,13.214609327717865
2,91,10.037571143256699
2,92,9.680901689695341
2,93,13.417081829516897
2,94,13.561478925760277
2,95,11.412113533106686
2,96,13.46139242534337
2,97,16.55757278346011
2,98,16.069128921438274
2,99,16.027632729200203
2,100,18.953953783496107
2,101,21.036918463119665
2,102,20.152360154574524
2,103,18.70431291276789
3,1,6.252956196710805
3,2,3.796877878193837
3,4,3.800726125204756
3,5,5.589596813541572
3,6,5.278435887502579
3,7,5.999603066851511
3,8,8.536896975102728
3,9,9.969441704093562
3,10,10.365570967297455
3,11,11.980113116922706
3,12,14.176593584079056
3,13,15.50521808651531
3,14,16.034576139181603
3,15,17.888618773716896
3,16,20.062695458975146
3,17,20.924781850268808
3,18,21.806212051466677
3,19,23.965896828843267
3,20,25.85075557861685
3,21,26.34299846048935
3,22,27.339561095840423
3,23,29.828029538388613
3,24,31.34650452897539
3,25,31.54033745285487
3,26,32.83656398600106
3,27,35.67927348456164
3,28,36.318981010464746
3,29,36.50238931638748
3,30,38.60725971777337
3,31,41.317601522288335
3,32,43.17332962480111
3,33,43.89363094575513
3,34,46.86142065040137
3,35,45.878695673574
3,36,42.21314905050129
3,37,40.84724806351496
3,38,37.35368819418969
3,39,38.894820267988344
3,40,38.14730998506248
3,41,34.778540785847596
3,42,34.51731628073005
3,43,34.955039521944904
3,44,32.87820888002008
3,45,29.833477450503114
3,46,30.76679511416509
3,47,31.06526997526427
3,48,27.643165186720445
3,49,26.121339453247902
3,50,28.080876812344982
3,51,27.092006283993843
3,52,23.321838279509592
3,53,23.661041980417806
3,54,26.319564245158286
3,55,28.526675619905436
3,56,31.297144850809193
3,57,34.65789731001775
3,58,36.811883115248584
3,59,38.03688670175538
3,60,36.64572235436319
3,61,35.590070630036145
3,62,35.99002764697101
3,63,39.082498532563974
3,64,38.572924453624616
3,65,36.874251476502096
3,66,34.63682818759156
3,67,33.89217781468501
3,68,32.91164864399009
3,69,30.61656037980202
3,70,28.985971073337755
3,71,28.791212164756267
3,72,27.025769325350996
3,73,24.314978451239547
3,74,23.85949782394468
3,75,23.920226840506853
3,76,21.259046525732984
3,77,18.904299771735324
3,78,19.571307378632056
3,79,19.289043003858016
3,80,16.041261126703198
3,81,14.443438014744757
3,82,15.812473268399017
3,83,14.894184747109115
3,84,11.214180510534097
3,85,11.755219406569012
3,86,13.653695605069741
3,87,11.147018113131567
3,88,8.625121584169827
3,89,11.896895263744725
3,90,12.795493078564167
3,91,9.87130558967813
3,92,10.77788330701742
3,93,14.380949320232931
3,94,14.23139259339725
3,95,12.923492512258631
3,96,15.499736176676935
3,97,18.129076849025054
3,98,17.65669310257293
3,99,18.34307305134892
3,100,21.213193527210617
3,101,22.97634076387578
3,102,22.374745243417916
3,103,20.517183608180275
4,1,8.835168700662095
4,2,5.706751505318667
4,3,3.800726125204756
4,5,3.797764966004633
4,6,5.5585068053901985
4,7,5.129645152876751
4,8,6.130210261056289
4,9,8.687676954820319
4,10,9.830066060180688
4,11,10.383079525185009
4,12,12.310750201918982
4,13,14.477947554941146
4,14,15.049044834496412
4,15,16.140211366814643
4,16,18.507657961459877
4,17,19.911563536727485
4,18,20.443917309738914
4,19,22.200178481503578
4,20,24.48746542048764
4,21,25.24896321086639
4,22,25.815807056357624
4,23,28.179829655306367
4,24,30.097273118164864
4,25,30.322487759840207
4,26,31.215894400158607
4,27,34.12168288445604
4,28,35.09328147503868
4,29,35.11864867345373
4,30,36.925844465149275
4,31,39.75092756230036
4,32,41.715509250194394
4,33,42.15190408135802
4,34,44.93821462451785
4,35,43.70815119892062
4,36,40.11054129068692
4,37,38.60497615442681
4,38,35.249021551186125
4,39,37.046722883901815
4,40,36.33269009370248
4,41,33.07215613063771
4,42,32.55891649574373
4,43,32.714343719582516
4,44,30.81025559230144
4,45,27.764197131559676
4,46,28.31212997568591
4,47,28.57873280882295
4,48,25.340674015900767
4,49,23.526288411310322
4,50,25.20357967584896
4,51,24.391745865727426
4,52,20.63764762317596
4,53,20.560935244966014
4,54,23.18192701618826
4,55,25.263365147124784
4,56,28.194432913423693
4,57,31.512694963871517
4,58,33.823727126109034
4,59,35.17490052756823
4,60,34.03282593767203
4,61,33.112980920124365
4,62,33.81491272406242
4,63,36.97159529417995
4,64,36.78095499058411
4,65,35.261440423253305
4,66,33.22999774612156
4,67,32.18104508437274
4,68,31.00211913895117
4,69,29.031210834344805
4,70,27.401837902607188
4,71,26.75758722815463
4,72,25.051695276603517
4,73,22.65432100728891
4,74,21.836637033939734
4,75,21.503973286232544
4,76,19.078758535680606
4,77,16.88560924305475
4,78,16.97407523068039
4,79,16.41629474708713
4,80,13.500944325351362
4,81,11.784236519239002
4,82,12.525025126565268
4,83,11.589225319299725
4,84,8.050735651740116
4,85,8.157020821320158
4,86,9.892948203543677
4,87,7.641981388919813
4,88,4.888481289566426
4,89,8.312773025725457
4,90,9.517860709839175
4,91,7.275115599106333
4,92,8.329774303601258
4,93,11.747629602554321
4,94,12.14010477235463
4,95,11.646669911951548
4,96,13.943312516215569
4,97,16.37675421138871
4,98,16.60466266912168
4,99,17.58959466230254
4,100,19.952319590224487
4,101,21.861356601192686
4,102,21.887960163704832
4,103,20.303663531222917
5,1,7.804753699447924
5,2,5.769688551741835
5,3,5.589596813541572
5,4,3.797764966004633
5,6,3.7858877851601926
5,7,5.377802156326369
5,8,4.997355807356177
5,9,6.2194271577763045
5,10,8.542619651807083
5,11,9.728682637635872
5,12,10.585394395202115
5,13,12.591576892269794
5,14,14.078522904190368
5,15,15.14571542802681
5,16,16.836556051873536
5,17,18.573052580963665
5,18,19.679956969424627
5,19,21.070425397767952
5,20,23.063964866731258
5,21,24.291729914730517
5,22,25.14025189754022
5,23,27.105228200308055
5,24,29.01707274451869
5,25,29.710906688763295
5,26,30.66456903989291
5,27,33.27319269493766
5,28,34.4246886530512
5,29,34.817526301240214
5,30,36.508603906340724
5,31,39.096879939787094
5,32,41.32792816776089
5,33,41.88094524053545
5,34,44.581660731057205
5,35,43.27320574566815
5,36,39.62201335157053
5,37,37.84122486937962
5,38,34.45526113078329
5,39,36.047592883143416
5,40,34.961844204109155
5,41,31.547005323345548
5,42,30.781894146230897
5,43,31.246211949734693
5,44,29.61936496198762
5,45,26.31125834941956
5,46,26.881726564090606
5,47,27.635842829046748
5,48,24.47503121736866
5,49,22.39933268430016
5,50,24.424959775846144
5,51,24.088219267546826
5,52,20.271039247156764
5,53,20.123511767589942
5,54,23.191116974835282
5,55,24.82662180147843
5,56,27.852627218175563
5,57,30.94032609103754
5,58,33.431957833695336
5,59,34.42067033833809
5,60,33.37596882033412
5,61,32.81876826311171
5,62,33.6903844039236
5,63,37.04720205847216
5,64,36.979732670708984
5,65,35.78381337813486
5,66,33.536207082268284
5,67,32.20871805551059
5,68,31.38624290064127
5,69,29.61529204363071
5,70,27.549091299240143
5,71,26.930251564599157
5,72,25.731229153902298
5,73,23.171388025308143
5,74,21.864520547744323
5,75,21.92841830813827
5,76,19.997321199587525
5,77,17.298928262078462
5,78,17.00164701436463
5,79,17.140082194807196
5,80,14.643135133056527
5,81,12.022516795324949
5,82,12.6518012974066
5,83,12.829843122176875
5,84,9.412610360450303
5,85,8.216829001118164
5,86,10.773776554314903
5,87,9.76698837164153
5,88,6.321738078645922
5,89,8.699474865736544
5,90,11.13307085277038
5,91,9.416047818365138
5,92,8.952025088485515
5,93,12.52492384949448
5,94,13.8644589489951
5,95,12.989645877035777
5,96,14.416042038298492
5,97,17.381692523888475
5,98,18.05901778149621
5,99,18.35114550189065
5,100,20.46033110618752
5,101,22.913048393132744
5,102,22.92292685746456
5,103,21.874362783437597
6,1,7.020979470937318
6,2,6.4662033374919865
6,3,5.278435887502579
6,4,5.5585068053901985
6,5,3.7858877851601926
6,7,3.80622142132788
6,8,5.388330471787757
6,9,5.072966137834389
6,10,6.048513470344792
6,11,8.466645918691167
6,12,9.807126660800922
6,13,10.752584291154891
6,14,12.069093033499803
6,15,14.003226818012443
6,16,15.54969969141743
6,17,16.618997292569794
6,18,18.063539024728176
6,19,19.928186623569225
6,20,21.49231461741954
6,21,22.397145972205767
6,22,23.692600283839163
6,23,25.80576087448543
6,24,27.286024080426568
6,25,27.9433758792099
6,26,29.320898790088872
6,27,31.855702784637455
6,28,32.663193099138375
6,29,33.238742529115456
6,30,35.23458654226673
6,31,37.68633501095099
6,32,39.815867815662926
6,33,40.68263932614047
6,34,43.57951790845893
6,35,42.56329168849834
6,36,38.829668213788345
6,37,37.2250213242043
6,38,33.67125461014234
6,39,34.96178826073804
6,40,33.88100733269938
6,41,30.371686191285104
6,42,29.97919264831444
6,43,30.73244299489763
6,44,28.832513496762907
6,45,25.582186251519516
6,46,26.681223856492792
6,47,27.391923518197054
6,48,23.981989350507
6,49,22.37546822463769
6,50,24.784143636982183
6,51,24.15389415347271
6,52,20.336816559360127
6,53,20.879467730437224
6,54,23.995039142191096
6,55,25.850099874205885
6,56,28.552594998164043
6,57,31.708820579792608
6,58,33.9104876783426
6,59,34.70092890320137
6,60,33.27370000141771
6,61,32.53324884808249
6,62,33.0244055019028
6,63,36.326235229641924
6,64,35.90946033119771
6,65,34.59337493810047
6,66,32.08000510764213
6,67,31.02201224021654
6,68,30.493736416278328
6,69,28.416761426028863
6,70,26.24992359604549
6,71,26.146987370281984
6,72,24.99787045884002
6,73,22.0447457135504
6,74,21.05854965492777
6,75,21.693726083147858
6,76,19.59740603063478
6,77,16.57856009689147
6,78,16.98789883289771
6,79,17.653107255010422
6,80,14.801393051756959
6,81,12.189847407474831
6,82,13.863144948900288
6,83,14.247140007012327
6,84,10.59062647143705
6,85,10.31362382309694
6,86,13.381550094079003
6,87,12.199007135606093
6,88,9.343702026131131
6,89,12.217450970182021
6,90,14.444933378622572
6,91,12.535898322867036
6,92,12.541617628793496
6,93,16.177421542884044
6,94,17.166594461137436
6,95,16.10628449438343
6,96,17.827988338243532
6,97,20.82323681928558
6,98,21.127927335597633
6,99,21.391749058761462
6,100,23.7917563291029
6,101,26.131751396373083
6,102,25.81969504596971
6,103,24.512102670396498
7,1,10.20605032081936
7,2,8.734365184908325
7,3,5.999603066851511
7,4,5.129645152876751
7,5,5.377802156326369
7,6,3.80622142132788
7,8,3.819785806932883
7,9,5.420302629440575
7,10,4.978389379488753
7,11,5.987410687702319
7,12,8.537663635170805
7,13,9.991605502816363
7,14,10.196916059537722
7,15,11.899994124145534
7,16,14.241181010043546
7,17,15.138959807190494
7,18,15.859712142723932
7,19,17.977364551456763
7,20,19.95944751029517
7,21,20.491078747977166
7,22,21.38517457877012
7,23,23.839783533583212
7,24,25.44803880687698
7,25,25.68847050985579
7,26,26.90031413060149
7,27,29.71421637295342
7,28,30.46568863867326
7,29,30.689255792270174
7,30,32.70530001048063
7,31,35.38330332783687
7,32,37.32756115673862
7,33,38.0376257178908
7,34,40.97205270525352
7,35,39.98566883386125
7,36,36.29530198182467
7,37,34.90455915303991
7,38,31.38280610621438
7,39,32.895614520553046
7,40,32.17637146470854
7,41,28.847149308215705
7,42,28.67829436283471
7,43,29.071898753294537
7,44,26.906687277615358
7,45,23.918066447011505
7,46,24.982574109775683
7,47,25.218313252277483
7,48,21.728853172296294
7,49,20.384934202327404
7,50,22.530728957787492
7,51,21.469679203267848
7,52,17.69339043087485
7,53,18.44047762125913
7,54,21.24712338603453
7,55,23.489493107914047
7,56,26.024087988116246
7,57,29.37707628259069
7,58,31.371359128692013
7,59,32.419222197566874
7,60,30.86620536345825
7,61,29.827772724529584
7,62,30.197146625025724
7,63,33.37135754888424
7,64,32.910846603791185
7,65,31.420217560969483
7,66,29.08199684222372
7,67,28.140429949698653
7,68,27.343445652028194
7,69,25.1895922474006
7,70,23.291342354368442
7,71,23.10243305575289
7,72,21.648345582409135
7,73,18.806292713810034
7,74,18.087193392704776
7,75,18.47823456507766
7,76,16.10076746083032
7,77,13.317930907476583
7,78,14.03300878150297
7,79,14.405454782131079
7,80,11.273283281438168
7,81,9.117622700876224
7,82,11.240806592331564
7,83,11.22824600307338
7,84,7.53245760078767
7,85,8.383094344463593
7,86,11.417948202784107
7,87,10.058685645047817
7,88,8.24287468727965
7,89,11.632681461074878
7,90,13.457213263123021
7,91,12.037203193063363
7,92,13.029108533853442
7,93,16.321020229625823
7,94,17.052827767307395
7,95,16.75404972187269
7,96,18.846295193219063
7,97,21.353002578372035
7,98,21.72921352514061
7,99,22.6258248671804
7,100,24.91712691786054
7,101,26.952722122507016
7,102,26.972483923247967
7,103,25.38050266918046
8,1,11.997093007710587
8,2,10.294369387906613
8,3,8.536896975102728
8,4,6.130210261056289
8,5,4.997355807356177
8,6,5.388330471787757
8,7,3.819785806932883
8,9,3.800924216555829
8,10,5.465507908260801
8,11,5.0552538007977095
8,12,6.223336783449088
8,13,8.857169956041018
8,14,9.768019774447087
8,15,10.360282618057932
8,16,12.499843172430325
8,17,14.303522302865074
8,18,14.962238631978526
8,19,16.336029307620922
8,20,18.614838998508972
8,21,19.745887353294304
8,22,20.313478019776348
8,23,22.37642122856438
8,24,24.426157788507982
8,25,24.97633460557923
8,26,25.775336442492957
8,27,28.4803593603534
8,28,29.689899757955885
8,29,29.95145352268966
8,30,31.578731047529594
8,31,34.24215732902802
8,32,36.444023395094646
8,33,36.91942253741822
8,34,39.6141580299415
8,35,38.32355153747833
8,36,34.674514020268965
8,37,32.9761514748401
8,38,29.581673876517673
8,39,31.258190015202537
8,40,30.358813043618817
8,41,27.0522167960811
8,42,26.453294802326067
8,43,26.716613432677075
8,44,24.901545473319953
8,45,21.73938852783882
8,46,22.38095654771893
8,47,22.876426339721373
8,48,19.62611809112928
8,49,17.75875307665009
8,50,19.81643591519217
8,51,19.247628981295424
8,52,15.418895185463896
8,53,15.635741166258084
8,54,18.713667993653235
8,55,20.55852594036937
8,56,23.34823505470572
8,57,26.539259541714216
8,58,28.822487523473523
8,59,29.806499285255306
8,60,28.579552500350527
8,61,27.898967353983753
8,62,28.70064525936715
8,63,32.05416805105557
8,64,32.00443354789567
8,65,30.882876785566985
8,66,28.66140507083839
8,67,27.24342918357965
8,68,26.430913486133033
8,69,24.75592423391998
8,70,22.629338715012818
8,71,21.947446348400895
8,72,20.86449274116238
8,73,18.318475429477253
8,74,16.877026887897937
8,75,17.044155351492034
8,76,15.279981053685331
8,77,12.411155669999616
8,78,12.10534109573109
8,79,12.630594296704514
8,80,10.255232106827046
8,81,7.24015496166685
8,82,8.512382082524647
8,83,9.389762269568418
8,84,6.131495608051706
8,85,5.446466685240406
8,86,9.026156386312204
8,87,8.914186973147833
8,88,6.9546444942035865
8,89,9.517377411171525
8,90,12.113331610179356
8,91,11.631826790257659
8,92,12.039315878284388
8,93,14.984968914214969
8,94,16.485599430300336
8,95,16.59340529823088
8,96,18.06707581979537
8,97,20.557373001874744
8,98,21.5970935127572
8,99,22.394182522895388
8,100,24.174279671952892
8,101,26.500288970194795
8,102,26.954912001529998
8,103,25.796466322137288
9,1,11.603641182433572
9,2,11.107538811434928
9,3,9.969441704093562
9,4,8.687676954820319
9,5,6.2194271577763045
9,6,5.072966137834389
9,7,5.420302629440575
9,8,3.800924216555829
9,10,3.789208244258332
9,11,5.356561600813822
9,12,5.055449000074347
9,13,6.433501970479975
9,14,8.556361245989507
9,15,9.791643351104492
9,16,10.884279449002241
9,17,12.595885950232674
9,18,14.185452018121715
9,19,15.470819164841947
9,20,17.080783825179754
9,21,18.49707583529859
9,22,19.67950068422703
9,23,21.406529960511428
9,24,23.139471571565753
9,25,24.14357368078062
9,26,25.287413587554337
9,27,27.62933473700972
9,28,28.77853721062413
9,29,29.516230195853332
9,30,31.225961481861308
9,31,33.56031664269319
9,32,35.937236207069674
9,33,36.72229874869555
9,34,39.45143020752256
9,35,38.279701817056264
9,36,34.548799099877776
9,37,32.71206515077151
9,38,29.20089673532492
9,39,30.46702396643079
9,40,29.19949824673326
9,41,25.67487296204421
9,42,25.06372304752848
9,43,25.848190673430093
9,44,24.147928720743206
9,45,20.765255531919586
9,46,21.792082364347753
9,47,22.764184032774523
9,48,19.47125248388584
9,49,17.6831984869725
9,50,20.319823852039992
9,51,20.04714165795297
9,52,16.27452776809396
9,53,16.859870002478935
9,54,20.27672077490276
9,55,21.784818589937835
9,56,24.412302875152314
9,57,27.373699803045096
9,58,29.62375946039306
9,59,30.137108207296308
9,60,28.778688430300203
9,61,28.333963592375177
9,62,29.04213478257917
9,63,32.50996106479356
9,64,32.347073059348666
9,65,31.440796524270876
9,66,28.877730454147432
9,67,27.40089032851709
9,68,27.113306538942137
9,69,25.436653704437113
9,70,22.88241607035507
9,71,22.58269582520566
9,72,22.00687828810833
9,73,19.118540972761473
9,74,17.47966334289013
9,75,18.396263196008487
9,76,17.01484195194668
9,77,13.630305322698176
9,78,13.463640641099317
9,79,14.910085574406219
9,80,12.807280418093448
9,81,9.394193608466262
9,82,11.040995216163743
9,83,12.705489953947474
9,84,9.727090353992766
9,85,8.720916438338076
9,86,12.44661923254594
9,87,12.662684678539854
9,88,10.330919898940433
9,89,12.480911986268348
9,90,15.446969228723272
9,91,14.741515171930338
9,92,14.501828504522726
9,93,17.658832822390348
9,94,19.41614380619458
9,95,19.01925717616135
9,96,20.176149517329915
9,97,23.055102415378638
9,98,24.081505842440045
9,99,24.384232176776962
9,100,26.213872820181905
9,101,28.823290589878404
9,102,29.026353978102886
9,103,28.067925410668163
10,1,12.706622507151174
10,2,12.449231979278478
10,3,10.365570967297455
10,4,9.830066060180688
10,5,8.542619651807083
10,6,6.048513470344792
10,7,4.978389379488753
10,8,5.465507908260801
10,9,3.789208244258332
10,11,3.801886243297384
10,12,5.408124389580941
10,13,5.3206061166316525
10,14,6.055290895946991
10,15,8.486848644918311
10,16,10.051679383035223
10,17,10.657715011586214
10,18,12.133139262443985
10,19,14.243677430904224
10,20,15.648308106546729
10,21,16.362151526684833
10,22,17.789557201510238
10,23,19.964343838973598
10,24,21.289235013906165
10,25,21.93011996194604
10,26,23.44145067414598
10,27,25.919682723865048
10,28,26.636524141276684
10,29,27.31080678596991
10,30,29.377806976907202
10,31,31.740878156312196
10,32,33.8667337124843
10,33,34.866908350836525
10,34,37.82951515312321
10,35,36.97708920113072
10,36,33.20218767266091
10,37,31.711672827223584
10,38,28.062993294863762
10,39,29.177685066899304
10,40,28.186920527533225
10,41,24.70173109266341
10,42,24.65991774533233
10,43,25.47631445105677
10,44,23.302325707019655
10,45,20.20453805310601
10,46,21.747618259225383
10,47,22.30374657843182
10,48,18.721167901108753
10,49,17.65572804087253
10,50,20.410171748933216
10,51,19.51999401427273
10,52,15.84331289788044
10,53,17.220342976419857
10,54,20.355701683502136
10,55,22.331327770842975
10,56,24.52904470711692
10,57,27.671524106292665
10,58,29.49619559550974
10,59,30.031052952466595
10,60,28.231476486127008
10,61,27.377882473611404
10,62,27.603650360471516
10,63,30.90417719682723
10,64,30.341780678123662
10,65,29.160007710611094
10,66,26.447948754402695
10,67,25.36553070365594
10,68,25.17681391330781
10,69,23.10392942936609
10,70,20.655729801588507
10,71,20.86409853874002
10,72,20.093248048752994
10,73,16.87127081222398
10,74,15.82271167993466
10,75,17.15471124786876
10,76,15.39387672672447
10,77,11.901418014322429
10,78,12.769082942123296
10,79,14.435725338729483
10,80,11.865025870442194
10,81,9.01070099582251
10,82,11.789676349618558
10,83,13.117122954521287
10,84,10.096346359129392
10,85,10.459641473497838
10,86,14.114122905310008
10,87,13.835147264229255
10,88,12.179527440760989
10,89,14.967090571940853
10,90,17.427469041579673
10,91,16.529734074679297
10,92,17.00424641840442
10,93,20.220978863632713
10,94,21.482993718942303
10,95,21.172560992617555
10,96,22.826001149502233
10,97,25.54238121559226
10,98,26.22323820151056
10,99,26.81752777252413
10,100,28.917757577360703
10,101,31.257040627039515
10,102,31.31716942417833
10,103,29.975062073842455
11,1,15.469536841155785
11,2,14.405750168493343
11,3,11.980113116922706
11,4,10.383079525185009
11,5,9.728682637635872
11,6,8.466645918691167
11,7,5.987410687702319
11,8,5.0552538007977095
11,9,5.356561600813822
11,10,3.801886243297384
11,12,3.7923483228505117
11,13,5.532982258857571
11,14,4.955155709166432
11,15,5.92019598296724
11,16,8.602949747496336
11,17,9.716510918521351
11,18,10.10298922758947
11,19,12.006439145271473
11,20,14.199979652346185
11,21,14.897313987926015
11,22,15.573869963304382
11,23,17.906439792851476
11,24,19.71474579629005
11,25,20.0794108977759
11,26,21.105854339084424
11,27,23.854155374794374
11,28,24.82850072172359
11,29,25.120809867740004
11,30,26.955133856447294
11,31,29.57978709867385
11,32,31.677843694375305
11,33,32.3455993807612
11,34,35.20151304519739
11,35,34.171041541695764
11,36,30.454683288701524
11,37,28.985896370772874
11,38,25.440702862818174
11,39,26.93167792922511
11,40,26.219708858192433
11,41,22.945765483325072
11,42,22.84910482266333
11,43,23.16837541776484
11,44,20.925187392352285
11,45,17.992955475987028
11,46,19.20421922029629
11,47,19.38835238975192
11,48,15.832129666202327
11,49,14.716689156186497
11,50,17.137360265960393
11,51,16.052608450866447
11,52,12.324337053543497
11,53,13.679976921060918
11,54,16.661651333115834
11,55,18.829976140924682
11,56,21.00556521700217
11,57,24.27659260101058
11,58,26.073800363994902
11,59,26.859683051963533
11,60,25.13309641092246
11,61,24.17619888779182
11,62,24.56160175076529
11,63,27.864103104970372
11,64,27.527787263276885
11,65,26.38190621797114
11,66,23.93853686754345
11,67,22.65571850870902
11,68,22.132930033861836
11,69,20.279187910235116
11,70,17.96522539492246
11,71,17.718502229237817
11,72,16.835679342042887
11,73,13.898990346520145
11,74,12.616120208378213
11,75,13.552891331417642
11,76,11.87431280148987
11,77,8.439426108790279
11,78,9.03715610429028
11,79,10.656149385409805
11,80,8.309637032364392
11,81,5.31300632311971
11,82,8.397798278668725
11,83,9.960479660124905
11,84,7.5826678480184775
11,85,8.32524508202686
11,86,11.83622892294684
11,87,12.076801445311913
11,88,11.333455642793425
11,89,13.894260884241293
11,90,16.217779313281532
11,91,16.076400962042605
11,92,16.943374032433695
11,93,19.688112146511294
11,94,21.03615560606641
11,95,21.4034851186947
11,96,23.040010394804284
11,97,25.362268164779827
11,98,26.354164667043648
11,99,27.346493878129387
11,100,29.143033224280924
11,101,31.356244559793932
11,102,31.843935949652003
11,103,30.4959865880356
12,1,16.608077903372905
12,2,15.848768074780809
12,3,14.176593584079056
12,4,12.310750201918982
12,5,10.585394395202115
12,6,9.807126660800922
12,7,8.537663635170805
12,8,6.223336783449088
12,9,5.055449000074347
12,10,5.408124389580941
12,11,3.7923483228505117
12,13,3.79510067561888
12,14,5.415356621502369
12,15,5.074389612240254
12,16,6.345253056381399
12,17,8.707504379550947
12,18,9.785854923923598
12,19,10.591388182543065
12,20,12.61336136552261
12,21,14.247272038618998
12,22,15.008102847644196
12,23,16.60760894711304
12,24,18.669042277921147
12,25,19.697256737493326
12,26,20.518846477627005
12,27,22.87219197765852
12,28,24.276858810757307
12,29,24.934573137195773
12,30,26.415086424327505
12,31,28.786904489477905
12,32,31.250286818559236
12,33,31.88772839888193
12,34,34.5169878503911
12,35,33.26349111948729
12,36,29.545622079164914
12,37,27.667282139302465
12,38,24.180877313725833
12,39,25.555726622776145
12,40,24.391504431864888
12,41,20.976263988591214
12,42,20.39516466863296
12,43,20.950032147024125
12,44,19.17095140149534
12,45,15.856067663487476
12,46,16.88564840566214
12,47,17.7290306392869
12,48,14.418445707752287
12,49,12.733972414280872
12,50,15.523139764831466
12,51,15.241275959534377
12,52,11.564232976194234
12,53,12.561507261578246
12,54,16.047758618285417
12,55,17.50834614017299
12,56,19.830928183316153
12,57,22.753105850227264
12,58,24.831292765925063
12,59,25.226443337553597
12,60,23.759280839833746
12,61,23.353506017404946
12,62,24.128973615470947
12,63,27.663823992093118
12,64,27.667221456634653
12,65,27.031071734810677
12,66,24.517449588267773
12,67,22.739983397961332
12,68,22.55829935138232
12,69,21.216074456129263
12,70,18.44566411928142
12,71,17.94918051574754
12,72,17.815989295407867
12,73,15.075313647578621
12,74,12.924075471110763
12,75,14.108537442083911
12,76,13.416505234060157
12,77,9.850090765788295
12,78,9.27749217327578
12,79,11.608261936956396
12,80,10.387028578919155
12,81,6.741689470696207
12,82,8.67893791854632
12,83,11.387598195229673
12,84,9.623160562984253
12,85,8.905279034439095
12,86,12.560445607654056
12,87,13.744858016302983
12,88,12.600430976555193
12,89,14.330712713718276
12,90,17.26655589208717
12,91,17.519523231512636
12,92,17.66225412498371
12,93,20.24882033680635
12,94,22.203762840066112
12,95,22.525009604799195
12,96,23.583202176752756
12,97,26.079846075400063
12,98,27.487021635004908
12,99,28.133175031511477
12,100,29.601743168575588
12,101,32.15180026281128
12,102,32.78943851453109
12,103,31.853085094759034
13,1,17.162655804619305
13,2,17.178052724293657
13,3,15.50521808651531
13,4,14.477947554941146
13,5,12.591576892269794
13,6,10.752584291154891
13,7,9.991605502816363
13,8,8.857169956041018
13,9,6.433501970479975
13,10,5.3206061166316525
13,11,5.532982258857571
13,12,3.79510067561888
13,14,3.7992455097990336
13,15,5.364937270275194
13,16,5.149005476949585
13,17,6.3085222470371205
13,18,8.653343723310869
13,19,9.958978868006815
13,20,10.890264971735304
13,21,12.351670878681803
13,22,14.020246734252716
13,23,15.536876679257292
13,24,16.920671513704907
13,25,18.196815196645755
13,26,19.639508806047306
13,27,21.683658814993336
13,28,22.717383806552853
13,29,23.819142065149325
13,30,25.615494043357415
13,31,27.664175233760727
13,32,30.11931931017589
13,33,31.196723380224352
13,34,33.99924967485876
13,35,33.076349699851214
13,36,29.28125581129152
13,37,27.52071131716093
13,38,23.86388966625135
13,39,24.70524467448762
13,40,23.35883868358671
13,41,19.75561818540539
13,42,19.58048636808919
13,43,20.711440783347715
13,44,18.743425578984706
13,45,15.459275198199686
13,46,17.262988469722657
13,47,18.27711598815406
13,48,14.828691562195356
13,49,13.836052846329006
13,50,17.113612691081205
13,51,16.69600465940009
13,52,13.341522294851249
13,53,15.068697201768309
13,54,18.45249340345226
13,55,19.886817928901948
13,56,21.752447604004274
13,57,24.520646415362673
13,58,26.265309243635706
13,59,26.257501696510488
13,60,24.409490809461126
13,61,23.955570204543342
13,62,24.3054902187335
13,63,27.785278952424456
13,64,27.41562170970596
13,65,26.796654017123043
13,66,23.894535709257028
13,67,22.35289557443253
13,68,22.73430507278959
13,69,21.144168044602576
13,70,18.097187060508254
13,71,18.334923382490786
13,72,18.521176195831575
13,73,15.34103728059956
13,74,13.515178737773521
13,75,15.588142074643669
13,76,14.945580384102804
13,77,11.148007706493594
13,78,11.457014827385073
13,79,14.296077597387917
13,80,12.908941536915519
13,81,9.704102894136174
13,82,12.218084734839696
13,83,14.761137740016293
13,84,12.793996835397794
13,85,12.514383107406426
13,86,16.22226008019335
13,87,17.05000487677581
13,88,15.713085937880887
13,89,17.738170011554647
13,90,20.645995413398836
13,91,20.484009317122954
13,92,20.58409267819837
13,93,23.456250282358788
13,94,25.27794876271026
13,95,25.243724017502064
13,96,26.40306294843792
13,97,29.1178839943737
13,98,30.28629810212028
13,99,30.742169083447717
13,100,32.441323492750335
13,101,35.041241453388466
13,102,35.38938139501261
13,103,34.371723179196785
14,1,18.739991025360123
14,2,18.414013125398096
14,3,16.034576139181603
14,4,15.049044834496412
14,5,14.078522904190368
14,6,12.069093033499803
14,7,10.196916059537722
14,8,9.768019774447087
14,9,8.556361245989507
14,10,6.055290895946991
14,11,4.955155709166432
14,12,5.415356621502369
14,13,3.7992455097990336
14,15,3.798761888877883
14,16,5.479662899449558
14,17,5.042056511504825
14,18,6.127597346765241
14,19,8.648242409422235
14,20,9.992081510164496
14,21,10.372121386323812
14,22,11.783449154785204
14,23,14.085192401317942
14,24,15.332645901957413
14,25,15.885946354543366
14,26,17.43915688818307
14,27,19.905317775970254
14,28,20.59463354123341
14,29,21.30511300792236
14,30,23.383721944033972
14,31,25.698547015493464
14,32,27.828774767191767
14,33,28.898930720777745
14,34,31.900873805738613
14,35,31.191389077921432
14,36,27.391888574351512
14,37,26.04445528652794
14,38,22.32068813432355
14,39,23.3023135404134
14,40,22.504957309201316
14,41,19.13285685730455
14,42,19.551561134855802
14,43,20.29957315649043
14,44,17.761580553212138
14,45,14.981096686257512
14,46,17.031114815705347
14,47,17.26416609990271
14,48,13.537989352575309
14,49,13.333703518197224
14,50,16.34871186588408
14,51,15.1122829626992
14,52,11.888311338536063
14,53,14.30764967399409
14,54,17.190679860686565
14,55,19.22008616417954
14,56,20.687929605057192
14,57,23.729069725957718
14,58,25.04971103272341
14,59,25.313666611918542
14,60,23.099022980162502
14,61,22.0994648245127
14,62,22.027892612581628
14,63,25.312708206721197
14,64,24.644028087207946
14,65,23.680288036658297
14,66,20.795037507230315
14,67,19.599325800965953
14,68,19.80632985157061
14,69,17.8603097225426
14,70,15.04509576635664
14,71,15.579054827744686
14,72,15.398510776834406
14,73,11.991943578548481
14,74,10.77370230468216
14,75,13.04939509348657
14,76,12.016259067751745
14,77,8.249974038471033
14,78,9.626122128531621
14,79,12.460792696994544
14,80,10.826860270760903
14,81,8.472103766888518
14,82,11.740312255488995
14,83,13.817612176315055
14,84,12.142659702340334
14,85,12.929534592014807
14,86,16.36110225811804
14,87,16.8792332616261
14,88,16.279669217522105
14,89,18.69458007698075
14,90,21.116050383216077
14,91,21.023806894094612
14,92,21.789186938104105
14,93,24.559424159653858
14,94,25.98707668266959
14,95,26.26472835961241
14,96,27.833123524111183
14,97,30.25855694679385
14,98,31.24865837033931
14,99,32.11939404336337
14,100,33.93679152926765
14,101,36.2390984262569
14,102,36.64534656969377
14,103,35.30007951427926
15,1,20.93971705991031
15,2,20.149779821689123
15,3,17.888618773716896
15,4,16.140211366814643
15,5,15.14571542802681
15,6,14.003226818012443
15,7,11.899994124145534
15,8,10.360282618057932
15,9,9.791643351104492
15,10,8.486848644918311
15,11,5.92019598296724
15,12,5.074389612240254
15,13,5.364937270275194
15,14,3.798761888877883
15,16,3.8038875503711713
15,17,5.2908055408208226
15,18,4.907867771407955
15,19,6.092874243878976
15,20,8.619282807583977
15,21,9.698216606739171
15,22,10.050056532057496
15,23,12.057087833484806
15,24,14.15110603873703
15,25,14.803048999506286
15,26,15.574743123626769
15,27,18.13677179250255
15,28,19.434994215671914
15,29,19.908116263779757
15,30,21.474494791836847
15,31,23.956206144046988
15,32,26.285975792752236
15,33,26.942885019611417
15,34,29.688637328699933
15,35,28.622920946608716
15,36,24.86931063010665
15,37,23.273648499392948
15,38,19.67930539965045
15,39,21.064900992524077
15,40,20.305980870156155
15,41,17.08221834619875
15,42,17.11062087726619
15,43,17.397845462564405
15,44,15.040185434478753
15,45,12.173800529223696
15,46,13.725281438084808
15,47,13.900150803551343
15,48,10.251631992481204
15,49,9.661404867645738
15,50,12.594812978924052
15,51,11.580323580478282
15,52,8.279355499542625
15,53,10.648537303416385
15,54,13.63887749919373
15,55,15.475036040282335
15,56,16.981417376639687
15,57,19.987214155625406
15,58,21.457221965482518
15,59,21.78311485024344
15,60,19.795320040568228
15,61,19.009475614560753
15,62,19.39483470281472
15,63,22.860526852190585
15,64,22.682294639823805
15,65,22.07011819454867
15,66,19.48054838839888
15,67,17.71260274100704
15,68,17.71116191561511
15,69,16.373817475436702
15,70,13.43533702468593
15,71,13.180466554023527
15,72,13.378492241826638
15,73,10.508524130256566
15,74,8.262030176172967
15,75,10.28824306225208
15,76,10.112674962321842
15,77,6.437002199380906
15,78,6.6004014698796984
15,79,9.964221401241376
15,80,9.434492810216604
15,81,6.975716035060418
15,82,9.579301726198521
15,83,12.294830881725531
15,84,11.587209460481844
15,85,11.972256481626594
15,86,15.08763881476354
15,87,16.369260821590245
15,88,16.227254954118514
15,89,18.06068420158811
15,90,20.557041818342125
15,91,21.15237849514558
15,92,21.86102871792369
15,93,24.184142506857604
15,94,25.90798760199946
15,95,26.63634378986023
15,96,27.92906376571533
15,97,30.116067774128165
15,98,31.50628659212967
15,99,32.507770119394856
15,100,33.94546131137785
15,101,36.283736821716325
15,102,37.07570788795816
15,103,35.923390957247335
16,1,22.158106820775455
16,2,21.871880618226783
16,3,20.062695458975146
16,4,18.507657961459877
16,5,16.836556051873536
16,6,15.54969969141743
16,7,14.241181010043546
16,8,12.499843172430325
16,9,10.884279449002241
16,10,10.051679383035223
16,11,8.602949747496336
16,12,6.345253056381399
16,13,5.149005476949585
16,14,5.479662899449558
16,15,3.8038875503711713
16,17,3.8040818287620155
16,18,5.452961073133434
16,19,5.145717034350607
16,20,6.360208955219148
16,21,8.650169140073166
16,22,9.77832786196511
16,23,10.716774217390435
16,24,12.610385109840115
16,25,14.206108910561756
16,26,15.16475614415293
16,27,17.02895349286339
16,28,18.534486729508888
16,29,19.682375381579757
16,30,21.068963078057134
16,31,23.051181020560314
16,32,25.729486004649356
16,33,26.632438236467365
16,34,29.24370301391415
16,35,28.175527543994924
16,36,24.401181518912267
16,37,22.47572170931901
16,38,18.858750821795322
16,39,19.740497648901403
16,40,18.363333985893796
16,41,14.830409690518552
16,42,14.60963753379741
16,43,15.58603785896812
16,44,13.618719357731056
16,45,10.314599178150964
16,46,12.287987582446663
16,47,13.356696722098969
16,48,10.026275470423924
16,49,9.350925108197258
16,50,12.923975446196888
16,51,12.737611309169843
16,52,10.00030236061832
16,53,12.192383541099924
16,54,15.406304518885234
16,55,16.471861224043234
16,56,17.799869079804832
16,57,20.28187601233185
16,58,21.793676751118827
16,59,21.461706373499368
16,60,19.517819042408135
16,61,19.288251446363887
16,62,19.78358235986319
16,63,23.374128249192143
16,64,23.29171954376069
16,65,23.179511930424933
16,66,20.34354140505458
16,67,18.295995518732436
16,68,18.988093329750736
16,69,18.012761103414782
16,70,14.607832454364909
16,71,14.604477466131756
16,72,15.662425709898047
16,73,12.898894878730593
16,74,10.316472666504438
16,75,12.858793631457734
16,76,13.413803362719527
16,77,9.935879033678583
16,78,9.635816210537085
16,79,13.237444531236056
16,80,13.137441341374988
16,81,10.411371622289389
16,82,12.439438733949006
16,83,15.57168585889525
16,84,14.803486954061984
16,85,14.506086991956517
16,86,17.77825285671386
16,87,19.353655212457216
16,88,18.738650941080866
16,89,20.257521361963192
16,90,23.137901909286448
16,91,23.704192991239918
16,92,23.91175617769683
16,93,26.304596048157503
16,94,28.355194471208456
16,95,28.836296840672187
16,96,29.79788173077315
16,97,32.22941928096675
16,98,33.76660086426874
16,99,34.41943277800744
16,100,35.7583724896361
16,101,38.36004946344501
16,102,39.09263791987093
16,103,38.188102539765
17,1,23.06438995578579
17,2,23.065960419170743
17,3,20.924781850268808
17,4,19.911563536727485
17,5,18.573052580963665
17,6,16.618997292569794
17,7,15.138959807190494
17,8,14.303522302865074
17,9,12.595885950232674
17,10,10.657715011586214
17,11,9.716510918521351
17,12,8.707504379550947
17,13,6.3085222470371205
17,14,5.042056511504825
17,15,5.2908055408208226
17,16,3.8040818287620155
17,18,3.805738911470512
17,19,5.4700300229845915
17,20,5.252050429778418
17,21,6.080267815107009
17,22,8.323476586287939
17,23,9.88692323175825
17,24,10.746648395548252
17,25,12.015950186382263
17,26,13.818962820942252
17,27,15.694433730654987
17,28,16.473061861406507
17,29,17.787999427073846
17,30,19.752399922178533
17,31,21.61719279083011
17,32,24.01223459830936
17,33,25.351700943106614
17,34,28.286969100781636
17,35,27.705544965883476
17,36,23.8828082492475
17,37,22.425630582725347
17,38,18.639138739201915
17,39,19.084086770827057
17,40,17.989393438964594
