1,2,3.828363169083336
1,3,6.169782799008912
1,4,9.15493481882589
1,5,12.552072176437074
1,6,13.349185457738331
1,7,10.226800760140785
1,8,10.761585638701616
1,9,14.451088532993712
1,10,15.07836592531412
1,11,13.07019992921686
1,12,15.190377618470004
1,13,16.400254359421236
1,14,15.018260534790606
1,15,11.348324965748585
1,16,12.00874157446191
1,17,14.022106371854152
1,18,11.20088421086298
1,19,10.012643809313918
1,20,13.631033996193928
1,21,13.92117718292158
1,22,12.079216904429844
1,23,15.065923441031183
1,24,17.373875567775695
1,25,17.302232528647796
1,26,18.29373672722026
1,27,20.979647260247962
1,28,23.580788879840767
1,29,22.817131837169942
1,30,20.86743518618773
1,31,17.775462084545058
1,32,42.536081155683554
1,33,41.31718042939778
1,34,37.67200857190737
1,35,38.723587570264435
1,36,39.891778325404
1,37,37.216481212991795
1,38,34.50608190488154
1,39,36.00417483910859
1,40,36.21901490108325
1,41,32.41751092915968
1,42,31.78847387044991
1,43,33.91471330772579
1,44,32.41047845848954
1,45,28.8617475248498
1,46,30.133375261817427
1,47,32.203921491708
1,48,29.440020490038055
1,49,27.292448699632395
1,50,30.270107078424118
1,51,31.047165731635673
1,52,27.67756762428324
1,53,28.184723305756524
1,54,31.753251516990783
1,55,30.92140091894674
1,56,28.473857434872393
1,57,31.379459857602605
1,58,33.98502914467068
1,59,31.838122335751986
1,60,31.239063863293826
1,61,27.49836279263817
1,62,27.860414735016
1,63,24.891291095541177
1,64,22.962536852505785
1,65,19.780967470062482
1,66,20.309116363789517
1,67,24.101131031780085
1,68,26.37151362162509
1,69,29.8517050372373
1,70,33.275637792353685
1,71,33.71258579512575
1,72,33.624625430627134
1,73,32.08786563749211
1,74,35.008603461060304
1,75,34.778090708165124
1,76,36.522363280309776
1,77,33.42798873688647
1,78,31.40385931608406
1,79,32.64733750506493
1,80,29.337713181419275
1,81,28.201619309551162
1,82,25.203870284353208
1,83,23.278154759807588
1,84,24.12817157617072
1,85,22.52234105851992
1,86,19.098587641839753
1,87,18.312356178966457
1,88,20.009634732870232
1,89,20.525940387787163
1,90,18.397147846109817
1,91,19.072337094064526
1,92,21.063150330403996
1,93,23.229692438066262
1,94,23.806666696610428
1,95,25.06839935762139
1,96,27.617734468594566
1,97,28.926533043477672
1,98,29.42879582894056
1,99,30.75193243041546
1,100,34.319318407035716
1,101,33.92880495149584
1,102,31.45045478989385
1,103,34.43773138745944
1,104,36.07454124255285
1,105,33.135482170924476
1,106,32.97314324439291
1,107,36.58899809530248
1,108,36.26039735454216
1,109,33.4630280885524
1,110,36.00200986928971
1,111,39.159869274045136
1,112,37.183964216878465
1,113,36.3394646836336
1,114,39.814076424355626
1,115,41.471682344483064
1,116,39.03217872787786
1,117,39.94419340341494
1,118,43.531509338386556
1,119,43.411627864155506
1,120,41.91922986147096
1,121,44.73357622235083
1,122,47.05352839758328
1,123,45.06158168568665
1,124,45.810025999369245
1,125,49.36476086778785
1,126,50.89715437365776
2,1,3.828363169083336
2,3,3.805762739293586
2,4,5.637809964932487
2,5,9.135124662287295
2,6,10.657016336258707
2,7,8.043182955203497
2,8,9.63909502486692
2,9,12.986277096713234
2,10,14.481427513563618
2,11,13.162689324409978
2,12,15.623795003379305
2,13,16.361214154822573
2,14,15.635202112099938
2,15,12.033057291525525
2,16,11.447839018157461
2,17,13.491891800126565
2,18,10.933436109673329
2,19,8.536269079309504
2,20,11.644007776921958
2,21,11.417540688664541
2,22,8.942703298674331
2,23,11.948364065400861
2,24,14.356138348157401
2,25,13.90710955599772
2,26,14.650587872137756
2,27,17.536481710356576
2,28,20.01568758970477
2,29,19.082583814256875
2,30,17.062000839330008
2,31,13.9657009982683
2,32,38.750340164721464
2,33,37.58915241035002
2,34,33.92372823438723
2,35,34.91651430910758
2,36,36.11436536610564
2,37,33.49061197651029
2,38,30.723245844537974
2,39,32.22425477143701
2,40,32.52343758081707
2,41,28.727371259703332
2,42,28.056377214571263
2,43,30.287158873033547
2,44,28.888646306382785
2,45,25.316080149498962
2,46,26.670001688370096
2,47,28.890047325873763
2,48,26.24625679052366
2,49,24.121709635271277
2,50,27.22389579939988
2,51,28.18975172935875
2,52,25.002398448308515
2,53,25.538070597237933
2,54,29.18709106645281
2,55,28.658748356926225
2,56,26.37811317600526
2,57,29.23104435057463
2,58,31.989848310180424
2,59,30.176880049985446
2,60,29.691521703678642
2,61,25.885837929562395
2,62,25.86906022579773
2,63,22.92545445858844
2,64,21.380581731357584
2,65,18.189088434754737
2,66,19.361298539984997
2,67,23.146070234145824
2,68,25.823813295859637
2,69,29.141772656820283
2,70,32.71620702888824
2,71,33.07285955907306
2,72,33.36717162237378
2,73,31.865255986780152
2,74,34.718755027147495
2,75,34.76302360645511
2,76,36.21389311572196
2,77,32.89470784620962
2,78,31.21813606499339
2,79,32.882180860902544
2,80,29.80940580467609
2,81,29.06981828498762
2,82,26.097681262595557
2,83,24.591188179840376
2,84,25.139895679159878
2,85,23.041238935822065
2,86,19.772870447781518
2,87,19.571114585991392
2,88,20.93898590493259
2,89,20.755092970567976
2,90,18.059639980608377
2,91,18.113879498329
2,92,19.797629193354254
2,93,22.465869425146252
2,94,23.05035189528024
2,95,23.74620945036984
2,96,26.40611948216132
2,97,28.12526713480141
2,98,28.394845262994686
2,99,29.309256667351214
2,100,32.92543989704343
2,101,32.69818163526746
2,102,29.94231963326749
2,103,32.70490141392111
2,104,34.645454977134214
2,105,31.8269869735025
2,106,31.290081848080625
2,107,34.940202890344914
2,108,34.969277630949996
2,109,32.09138756484139
2,110,34.36491905796219
2,111,37.70509464970648
2,112,36.02952989966217
2,113,34.97044315670794
2,114,38.2863502952064
2,115,40.242094338294336
2,116,37.96279149038884
2,117,38.65728023337347
2,118,42.23705420176779
2,119,42.43839762170593
2,120,40.918005480676726
2,121,43.51663322456079
2,122,46.05858330509648
2,123,44.293693337652485
2,124,44.88630653560808
2,125,48.358020904461426
2,126,50.10089383407641
3,1,6.169782799008912
3,2,3.805762739293586
3,4,3.807862419444182
3,5,6.969515279067726
3,6,7.674389771571757
3,7,4.503440974890152
3,8,6.7022127908630855
3,9,9.68132194555012
3,10,11.166730790021186
3,11,10.547786656215283
3,12,13.556363392742778
3,13,14.6227612906491
3,14,14.712773929055675
3,15,11.121509790993384
3,16,10.02260933280741
3,17,12.870071784562652
3,18,11.311837509196934
3,19,8.505427820271636
3,20,11.384242745432033
3,21,11.96497355775449
3,22,8.903215820414909
3,23,10.84162387084578
3,24,14.004295125214773
3,25,13.991423861359293
3,26,13.87457993399287
3,27,16.467325352341188
3,28,19.354997645691494
3,29,18.632611756679964
3,30,16.119852717281226
3,31,12.887482076047183
3,32,37.28936960920171
3,33,35.79904125371555
3,34,32.212999990629
3,35,33.54421285608151
3,36,34.56285903233818
3,37,31.673897544897056
3,38,29.206108144478293
3,39,30.934907015312113
3,40,30.88699007585312
3,41,27.06721156040786
3,42,26.875395104501816
3,43,29.058930328705824
3,44,27.29147403382093
3,45,23.926726486444572
3,46,25.709457220346426
3,47,27.649406212586868
3,48,24.739428240580285
3,49,23.093353932091407
3,50,26.433824342226497
3,51,27.028617089653753
3,52,23.91457138799128
3,53,25.003235852860808
3,54,28.514291634717686
3,55,27.795497217097232
3,56,25.93101549719726
3,57,29.05617401339362
3,58,31.572776401861468
3,59,29.78015557776473
3,60,29.778387859897503
3,61,25.98562052713563
3,62,26.14978316590806
3,63,23.598609746048417
3,64,21.903744668309407
3,65,18.41686709598307
3,66,19.510920684898114
3,67,23.230121877460263
3,68,25.84245772541147
3,69,28.915301857578235
3,70,32.40133193962185
3,71,32.31855934254319
3,72,32.52901706634113
3,73,30.6781012220279
3,74,33.241434002339986
3,75,33.102214203668474
3,76,34.255041834582464
3,77,30.879889096294203
3,78,29.16942856827078
3,79,30.984335873841705
3,80,27.971755688900206
3,81,27.63327948649111
3,82,24.983132469993638
3,83,23.471442018789762
3,84,23.46146373472287
3,85,21.301715136963523
3,86,18.40813468555087
3,87,18.167705621529137
3,88,18.899159180575456
3,89,18.345262551123252
3,90,15.393861006754747
3,91,15.598041407698982
3,92,16.780829875859602
3,93,19.511975516887006
3,94,20.5280126409143
3,95,21.134274712400334
3,96,23.49825761644907
3,97,25.441431235810622
3,98,25.999236505233128
3,99,26.69291742467987
3,100,30.404123886368918
3,101,30.525931617315916
3,102,27.87592739800364
3,103,30.74155336459365
3,104,32.86559992862496
3,105,30.318278242052315
3,106,29.893508004368236
3,107,33.64013629526206
3,108,33.86651288413953
3,109,31.25282861198632
3,110,33.606545252877225
3,111,37.02767202857512
3,112,35.56443134043716
3,113,34.75982430876306
3,114,38.04533118409223
3,115,40.05338720742338
3,116,38.06485642504999
3,117,38.95415591886046
3,118,42.39894359887237
3,119,42.748224581695716
3,120,41.52293609282706
3,121,44.10706312149315
3,122,46.63647375670965
3,123,45.09849180308954
3,124,45.883666204073656
3,125,49.23042018444447
3,126,51.181386120639445
4,1,9.15493481882589
4,2,5.637809964932487
4,3,3.807862419444182
4,5,3.7780874578919583
4,6,6.172597702346428
4,7,4.868512350199519
4,8,8.099191941475757
4,9,10.107652955456564
4,10,12.61133357435976
4,11,12.676494638406204
4,12,15.579658983110527
4,13,15.966209470394354
4,14,16.511446515995214
4,15,13.297093664873827
4,16,11.19748766650817
4,17,13.58532902830205
4,18,12.29529687257335
4,19,8.737352531672656
4,20,10.49369289257858
4,21,10.310198898950157
4,22,6.651125496992375
4,23,8.271329578797456
4,24,11.429215327380836
4,25,10.867964060461883
4,26,10.31929558640501
4,27,13.188784473517282
4,28,15.858205670944724
4,29,14.914380517387846
4,30,12.32562259748415
4,31,9.101928981384102
4,32,33.658782039832055
4,33,32.288047670871784
4,34,28.651666254451502
4,35,29.851926122826722
4,36,30.914250087343834
4,37,28.12570157016635
4,38,25.538587875024202
4,39,27.22556579935627
4,40,27.3212952045887
4,41,23.50417249734182
4,42,23.194331471013292
4,43,25.50506256121967
4,44,23.918274783563326
4,45,20.497035708227664
4,46,22.33082047643476
4,47,24.484677243523013
4,48,21.779366289667728
4,49,20.117366972329123
4,50,23.555557199032922
4,51,24.43037382637821
4,52,21.576390749798787
4,53,22.610304366035006
4,54,26.185809431022356
4,55,25.87173469890819
4,56,24.17592447765877
4,57,27.141151165388177
4,58,29.834519483102486
4,59,28.448618998983783
4,60,28.493207607447076
4,61,24.706440002764815
4,62,24.408770491231095
4,63,21.905331657565124
4,64,20.720964595145485
4,65,17.41126802290596
4,66,19.186025209041723
4,67,22.762868651164652
4,68,25.747762229028627
4,69,28.62294235281063
4,70,32.22325091882531
4,71,32.14879970036199
4,72,32.78663770659929
4,73,31.0872582159198
4,74,33.60413403254813
4,75,33.811659085275835
4,76,34.70293402844263
4,77,31.146287208721873
4,78,29.864380832684233
4,79,32.0632395619735
4,80,29.34883856325745
4,81,29.319827929014636
4,82,26.66902684831376
4,83,25.617070890520584
4,84,25.472823237846033
4,85,22.891652884951878
4,86,20.17302153560031
4,87,20.534093879879137
4,88,21.10521789437379
4,89,19.945239545635353
4,90,16.59260784110572
4,91,15.992576930004853
4,92,16.842326581608294
4,93,20.063973519063122
4,94,20.9328813801894
4,95,20.851769282576647
4,96,23.35921201021291
4,97,25.686729670879146
4,98,25.882919427552665
4,99,26.12722818612571
4,100,29.811228326692007
4,101,30.039267348855756
4,102,27.08248478727413
4,103,29.613918787859088
4,104,32.02527208871274
4,105,29.596000867670764
4,106,28.720070102113777
4,107,32.435445849132606
4,108,33.02591941793638
4,109,30.30666183789017
4,110,32.310121988924934
4,111,35.87912611089393
4,112,34.724381851610765
4,113,33.64562050231972
4,114,36.72169406264562
4,115,39.02494658173907
4,116,37.17614217997293
4,117,37.7848905976266
4,118,41.21079290763299
4,119,41.87247317958719
4,120,40.57459777687111
4,121,42.90783860034607
4,122,45.65258869785705
4,123,44.32342149862626
4,124,44.90408549408089
4,125,48.1596766542267
4,126,50.27759469659285
5,1,12.552072176437074
5,2,9.135124662287295
5,3,6.969515279067726
5,4,3.7780874578919583
5,6,3.821440028446258
5,7,5.250980218196783
5,8,8.224644542864507
5,9,8.915446456566134
5,10,12.190220886448968
5,11,12.91040852706141
5,12,15.580729878660712
5,13,15.402113068130912
5,14,16.64861569390346
5,15,14.012834266522766
5,16,11.066485361042945
5,17,13.197330629895434
5,18,12.812930872953865
5,19,9.060951447787739
5,20,9.4969436978356
5,21,9.531836113923072
5,22,5.884728533968901
5,23,5.638459495582382
5,24,9.163878232388857
5,25,9.012386296351211
5,26,7.5964259614980625
5,27,9.96537701349698
5,28,12.948070720349964
5,29,12.474210959687982
5,30,9.803880005687546
5,31,7.134560476325598
5,32,31.012844662909146
5,33,29.508311710922296
5,34,25.86299665838326
5,35,27.09604738300106
5,36,27.854000071234847
5,37,24.98572277075968
5,38,22.564161959914486
5,39,24.153573864865816
5,40,23.965667391812502
5,41,20.149831200212866
5,42,20.042644451274167
5,43,22.165141558661347
5,44,20.353079555393894
5,45,17.031457243621198
5,46,19.054608346589294
5,47,21.009323293408308
5,48,18.198003641037538
5,49,16.814132316173133
5,50,20.38510937732302
5,51,21.097664852160005
5,52,18.41977908179712
5,53,19.777902621683943
5,54,23.230320208398854
5,55,22.982559134824303
5,56,21.666693019527028
5,57,24.684947576789817
5,58,27.261633270006033
5,59,26.124348260716193
5,60,26.512002363410883
5,61,22.817525048276835
5,62,22.42139346418013
5,63,20.322828072582233
5,64,19.320090384592298
5,65,16.047171665643496
5,66,18.113669998505713
5,67,21.412205598602707
5,68,24.518535839466093
5,69,27.045643852471223
5,70,30.609000541670362
5,71,30.29873368583548
5,72,31.19178838226757
5,73,29.4668703934985
5,74,31.787279997764056
5,75,32.1975862184605
5,76,32.765474085161514
5,77,29.090644446334295
5,78,28.167350556716393
5,79,30.707147601865348
5,80,28.321188463754872
5,81,28.7071784544411
5,82,26.233682370586305
5,83,25.63277433811028
5,84,25.175397020842478
5,85,22.24283552992836
5,86,19.91357613546132
5,87,20.822927254880966
5,88,21.044079024910715
5,89,19.240652142551642
5,90,15.607309822473015
5,91,14.318048338102733
5,92,14.754360209181888
5,93,18.29806692681944
5,94,19.06251693097934
5,95,18.389854815867686
5,96,20.917689400525898
5,97,23.539384198477737
5,98,23.4972981236074
5,99,23.350130843681715
5,100,26.9899795840238
5,101,27.380811018152553
5,102,24.279612844332437
5,103,26.599532925508804
5,104,29.24153207312293
5,105,27.031813283884084
5,106,25.92714800895573
5,107,29.630281103124204
5,108,30.53654388274205
5,109,27.923197052729414
5,110,29.737744881165096
5,111,33.40077434565516
5,112,32.5624545860579
5,113,31.488240612149838
5,114,34.39659185652341
5,115,36.873253404339344
5,116,35.30527028442795
5,117,35.881070772973416
5,118,39.17469344134564
5,119,40.09833863627798
5,120,38.97273823664817
5,121,41.14367384923708
5,122,43.969396551052
5,123,42.922703659378065
5,124,43.52986110778445
5,125,46.62234697474687
5,126,48.964388147275145
6,1,13.349185457738331
6,2,10.657016336258707
6,3,7.674389771571757
6,4,6.172597702346428
6,5,3.821440028446258
6,7,3.8049918881038947
6,8,5.58272620465614
6,9,5.225927640896803
6,10,8.753188070815233
6,11,9.873065176095562
6,12,12.486957298239435
6,13,12.410373762903966
6,14,14.26276283107256
6,15,11.973850411473945
6,16,8.840298272446885
6,17,11.45749378374564
6,18,12.035068156447196
6,19,8.772021482947661
6,20,9.228622574931263
6,21,10.70043215511061
6,22,7.763024081487623
6,23,6.472358654360715
6,24,10.269574674085847
6,25,11.389896610124733
6,26,9.99634247984597
6,27,11.193759410061654
6,28,14.721799258630302
6,29,15.039093017119004
6,30,12.489117677562888
6,31,10.33209512562663
6,32,32.67171294925412
6,33,30.82503245295554
6,34,27.298886321334873
6,35,28.794636540791224
6,36,29.150408534756984
6,37,26.04821842361173
6,38,24.063417056217773
6,39,25.633097696369134
6,40,24.889247199184524
6,41,21.145892500237313
6,42,21.51487577774309
6,43,23.20225043738509
6,44,20.847022149886207
6,45,17.851600726047007
6,46,20.013754536308582
6,47,21.331237871812807
6,48,18.075497391785284
6,49,17.151509988560726
6,50,20.686299781126042
6,51,20.702435416950106
6,52,17.84864348767104
6,53,19.753260609153447
6,54,22.92058275729493
6,55,22.10068846889818
6,56,21.04592230938797
6,57,24.403351242729578
6,58,26.549432698191197
6,59,25.11305821328827
6,60,25.910448300717192
6,61,22.30457788232145
6,62,22.48397090136075
6,63,20.81205729095868
6,64,19.269579692562452
6,65,15.721563700401493
6,66,17.17604455782825
6,67,20.36811732122212
6,68,23.123947864761572
6,69,25.48553667187583
6,70,28.858972014463923
6,71,28.17481377789153
6,72,28.78643877224711
6,73,26.741770783420417
6,74,28.85175315935503
6,75,29.01408889183397
6,76,29.480615132734865
6,77,25.845669456330224
6,78,24.764950495557784
6,79,27.291328051067584
6,80,24.913787206932472
6,81,25.516351489032193
6,82,23.30553763117726
6,83,22.712589065431313
6,84,21.904646913074814
6,85,18.981765026467535
6,86,16.99191748052073
6,87,17.91937444978197
6,88,17.736680951593172
6,89,15.680478688067344
6,90,11.973760941640556
6,91,10.789958807850345
6,92,11.025519439238675
6,93,14.51859017939155
6,94,15.493343299614805
6,95,15.003557654936678
6,96,17.363536661171736
6,97,19.943430701071097
6,98,20.182669824399657
6,99,20.146949274156142
6,100,23.869440789819212
6,101,24.39187404368233
6,102,21.537268678036376
6,103,24.154883296523487
6,104,26.722564378120868
6,105,24.641860920279846
6,106,23.935619840754967
6,107,27.716633824946275
6,108,28.52058078839756
6,109,26.21695671129662
6,110,28.334828262839157
6,111,31.92590932919936
6,112,31.060407557681796
6,113,30.411188975566116
6,114,33.41949799000388
6,115,35.70293773822959
6,116,34.3091436885378
6,117,35.25794867412388
6,118,38.41216421255056
6,119,39.23770051514835
6,120,38.443967050707194
6,121,40.76654190637308
6,122,43.39975518014179
6,123,42.42621775368243
6,124,43.356281951912635
6,125,46.37299434103393
6,126,48.777206086415234
7,1,10.226800760140785
7,2,8.043182955203497
7,3,4.503440974890152
7,4,4.868512350199519
7,5,5.250980218196783
7,6,3.8049918881038947
7,8,3.81231645934807
7,9,5.507110462996275
7,10,7.74855835999525
7,11,8.248209859929315
7,12,11.457221463055696
7,13,12.3322635434833
7,14,13.548487284859286
7,15,10.527547671243816
7,16,8.398312580455988
7,17,11.666768201636119
7,18,11.49721993513839
7,19,8.513446587525443
7,20,10.44739115481062
7,21,11.92226741522178
7,22,8.832707110379856
7,23,9.087286585868195
7,24,12.777674297580907
7,25,13.535356729013904
7,26,12.654208794106086
7,27,14.477000479633192
7,28,17.821787036900783
7,29,17.683536491144793
7,30,14.985701683742057
7,31,12.151495745870509
7,32,35.44474330627909
7,33,33.629667321559864
7,34,30.120140716512424
7,35,31.691432112220014
7,36,32.31955889372706
7,37,29.208029321269425
7,38,27.11703559704518
7,39,28.868639846797873
7,40,28.33076505086502
7,41,24.550972667507864
7,42,24.83103313704076
7,43,26.732122923620107
7,44,24.51881612316533
7,45,21.43776708037835
7,46,23.530888252283248
7,47,25.017536135618677
7,48,21.816552183814448
7,49,20.69415067372379
7,50,24.16147171893223
7,51,24.273926064357372
7,52,21.25516595053711
7,53,22.92713072676616
7,54,26.19321225186708
7,55,25.245204595016787
7,56,23.87036681751811
7,57,27.23551159830111
7,58,29.43185697504483
7,59,27.703654084563407
7,60,28.242895006213093
7,61,24.550461307347664
7,62,24.91391877230363
7,63,22.90343832007728
7,64,21.093176620989208
7,65,17.43073289038144
7,66,18.47216330427509
7,67,21.951918385950457
7,68,24.49859339566694
7,69,27.191522496295928
7,70,30.552814080096795
7,71,30.011050959176544
7,72,30.256585846475083
7,73,28.130186782614995
7,74,30.371830925836512
7,75,30.200679050422025
7,76,30.97835853075718
7,77,27.508756117438768
7,78,25.953140932315424
7,79,28.06445563092799
7,80,25.291921021125425
7,81,25.494801027117184
7,82,23.188928235941685
7,83,22.00280325128597
7,84,21.392813364636645
7,85,18.936260685762676
7,86,16.5898981980616
7,87,16.756639924847473
7,88,16.784560426651044
7,89,15.471262484317375
7,90,12.098519229504754
7,91,12.011858464322312
7,92,12.631768255986634
7,93,15.600864402838594
7,94,16.866636907358636
7,95,17.16056644496624
7,96,19.33577800781454
7,97,21.558150132336472
7,98,22.213729232099677
7,99,22.615386596616688
7,100,26.37638929041086
7,101,26.801193980549208
7,102,24.20340710663279
7,103,27.091133359783818
7,104,29.402758393500356
7,105,27.155164269841382
7,106,26.78219838638567
7,107,30.578929459729462
7,108,31.046067792890746
7,109,28.71910717264859
7,110,31.087772446902555
7,111,34.56833182059828
7,112,33.38403345195862
7,113,32.82820369926531
7,114,36.02306399695571
7,115,38.09527228721878
7,116,36.46277401401136
7,117,37.52840116333401
7,118,40.78538505984701
7,119,41.33112156511373
7,120,40.442109779377155
7,121,42.961105966447114
7,122,45.47537425998503
7,123,44.236971002957944
7,124,45.21635548542677
7,125,48.381223689142196
7,126,50.581379257635646
8,1,10.761585638701616
8,2,9.63909502486692
8,3,6.7022127908630855
8,4,8.099191941475757
8,5,8.224644542864507
8,6,5.58272620465614
8,7,3.81231645934807
8,9,3.813025409722595
8,10,5.375862809727815
8,11,4.740134598077245
8,12,7.669173483794157
8,13,8.66738846947218
8,14,9.990019595059639
8,15,7.213569446899993
8,16,5.29935051059904
8,17,8.99539347924924
8,18,9.525684974077064
8,19,7.574963012471427
8,20,9.710652162110655
8,21,12.24565113443353
8,22,10.113455518177021
8,23,10.15496029955113
8,24,13.537468402085038
8,25,15.187092410965473
8,26,14.813850376982082
8,27,15.964479034184524
8,28,19.573172713985773
8,29,20.06355732319598
8,30,17.753946613006644
8,31,15.339382209052923
8,32,38.230658086915035
8,33,36.31889884070127
8,34,32.83201249721462
8,35,34.376117482781936
8,36,34.688050287366764
8,37,31.552027161005974
8,38,29.635876292080322
8,39,31.141241750519754
8,40,30.297202878848946
8,41,26.593272009880682
8,42,26.919058878740945
8,43,28.395183609409077
8,44,25.927103848820526
8,45,22.967412666735687
8,46,24.815922038097035
8,47,25.87296256189503
8,48,22.446881759776865
8,49,21.347984438567263
8,50,24.56411416609297
8,51,24.22932767356293
8,52,20.94480963918828
8,53,22.725027613943215
8,54,25.77819236888281
8,55,24.31139765706534
8,56,22.87246784558714
8,57,26.41660972646887
8,58,28.285948040665218
8,59,26.15794949162472
8,60,26.808869999423354
8,61,23.216726047099254
8,62,24.148316942422912
8,63,22.36701286263404
8,64,20.013978673456016
8,65,16.22744490490568
8,66,16.522658075408422
8,67,19.92929450250823
8,68,22.0571063060808
8,69,24.749214609354997
8,70,27.937479108145478
8,71,27.28023851095744
8,72,27.196149518677803
8,73,24.934971159131692
8,74,27.18795735957975
8,75,26.824878395507778
8,76,27.80054598082736
8,77,24.46034747204271
8,78,22.6523297205287
8,79,24.55107233927353
8,80,21.651388423142485
8,81,21.729155274837723
8,82,19.437413649285254
8,83,18.201039331711733
8,84,17.607196460335672
8,85,15.193050114835946
8,86,12.818346374949655
8,87,12.985908479206971
8,88,13.095210515569528
8,89,11.904313141841044
8,90,8.732955415605828
8,91,9.074122878232476
8,92,10.396938722926159
8,93,12.886119077418607
8,94,13.914214050842112
8,95,14.839652140393898
8,96,17.08368247967655
8,97,18.817919612236487
8,98,19.590367014395063
8,99,20.507179236848515
8,100,24.20822365012996
8,101,24.38718738262143
8,102,22.07195233134845
8,103,25.243164237810223
8,104,27.20906513410105
8,105,24.849794709502792
8,106,24.927173088354078
8,107,28.707301250038938
8,108,28.825039339788542
8,109,26.66343349615961
8,110,29.360210520854103
8,111,32.66396040947828
8,112,31.249112333516965
8,113,31.031173216821447
8,114,34.38126854262979
8,115,36.15857132352686
8,116,34.51313040650151
8,117,35.90469385259528
8,118,39.08981184892393
8,119,39.396286429952866
8,120,38.71027992917573
8,121,41.43113053642865
8,122,43.71281128378281
8,123,42.40653186917813
8,124,43.65942043072234
8,125,46.81415443959849
8,126,48.95271884573544
9,1,14.451088532993712
9,2,12.986277096713234
9,3,9.68132194555012
9,4,10.107652955456564
9,5,8.915446456566134
9,6,5.225927640896803
9,7,5.507110462996275
9,8,3.813025409722595
9,10,3.8083030426748805
9,11,5.635682306549072
9,12,8.258967992912556
9,13,8.98629381554896
9,14,11.541056142132108
9,15,9.761280508214716
9,16,7.316430211527475
9,17,10.63040935991476
9,18,12.209240250187296
9,19,10.233293492689644
9,20,11.226870860345942
9,21,13.94862086255817
9,22,11.819273246319655
9,23,10.588891971322063
9,24,14.056193356161668
9,25,15.992385174606516
9,26,14.906323516217238
9,27,15.400131649826426
9,28,19.14478482771854
9,29,19.954838924530826
9,30,17.510402115111827
9,31,15.478221781006807
9,32,36.59574590699289
9,33,34.41372718183078
9,34,31.072449145630223
9,35,32.84929453835412
9,36,32.87682345047494
9,37,29.574476386775633
9,38,28.04282926161044
9,39,29.624820363278783
9,40,28.388559311300458
9,41,24.8032269809115
9,42,25.598581638251577
9,43,26.871157316409192
9,44,24.062433430824274
9,45,21.480640330636163
9,46,23.651211320498476
9,47,24.304410067604152
9,48,20.70784674271302
9,49,20.226267270899683
9,50,23.52050269259881
9,51,22.766711234755324
9,52,19.741287935463685
9,53,22.07288460858176
9,54,24.82465113505725
9,55,23.243296937530772
9,56,22.38668605330258
9,57,26.049178572673835
9,58,27.612722755541288
9,59,25.669195608852043
9,60,26.839849529669436
9,61,23.423311108336843
9,62,24.40598828615437
9,63,23.13239015467626
9,64,20.88233598340293
9,65,17.14995455884473
9,66,17.510765880412496
9,67,20.5293362160782
9,68,22.579009546712545
9,69,24.805396978955404
9,70,27.818156505588018
9,71,26.689981655650573
9,72,26.67426313988025
9,73,24.137517697253177
9,74,25.965338578023708
9,75,25.551719456614773
9,76,26.03739015677488
9,77,22.604304783854428
9,78,20.997216518099886
9,79,23.238425446484374
9,80,20.664853525228658
9,81,21.403820476371582
9,82,19.607941925932785
9,83,18.72557154926245
9,84,17.420430101331455
9,85,14.80583877476842
9,86,13.295217610792783
9,87,13.822410025130463
9,88,12.980455837437018
9,89,10.849050687274065
9,90,7.196616232697224
9,91,7.160818751633887
9,92,7.247576637518644
9,93,10.12214614640781
9,94,11.696756443159538
9,95,12.138598352352105
9,96,13.996191884860414
9,97,16.188486860857253
9,98,17.170041912467255
9,99,17.622643914484414
9,100,21.40140748599487
9,101,22.040820475060368
9,102,19.80684617359195
9,103,22.956083800373484
9,104,25.1852140948888
9,105,23.24430794820536
9,106,23.33483784718207
9,107,27.125482265068655
9,108,27.57021300889791
9,109,25.746603453706975
9,110,28.36604181537149
9,111,31.718568530275363
9,112,30.657729581024842
9,113,30.64728122108126
9,114,33.829101512990086
9,115,35.70347791784233
9,116,34.43869315877102
9,117,35.92430832457025
9,118,38.9029881758136
9,119,39.44247089724748
9,120,39.04636516788079
9,121,41.636597337606275
9,122,43.92886122007274
9,123,42.927241091756144
9,124,44.29107052666169
9,125,47.254675104546735
9,126,49.616006123545716
10,1,15.07836592531412
10,2,14.481427513563618
10,3,11.166730790021186
10,4,12.61133357435976
10,5,12.190220886448968
10,6,8.753188070815233
10,7,7.74855835999525
10,8,5.375862809727815
10,9,3.8083030426748805
10,11,3.806898437007979
10,12,6.753825018154589
10,13,8.939870555808628
10,14,11.398621736045499
10,15,9.74563295270573
10,16,8.679695210653401
10,17,12.215047924764608
10,18,13.804679356406572
10,19,12.574886266438597
10,20,14.169726906361007
10,21,17.107732956443243
10,22,15.082949831747728
10,23,14.261762851289204
10,24,17.681701666269877
10,25,19.627879732476043
10,26,18.63545912681899
10,27,19.207577447978235
10,28,22.951108102243833
10,29,23.685627347886463
10,30,21.109170884110245
10,31,18.839007092609286
10,32,39.72726752763751
10,33,37.38097661030278
10,34,34.15566325379238
10,35,36.13613324010503
10,36,36.162677311698566
10,37,32.74807461878284
10,38,31.38859317316966
10,39,33.12048405272921
10,40,31.770626415973354
10,41,28.238689339484193
10,42,29.22482434017905
10,43,30.48106524551192
10,44,27.557830981043793
10,45,25.127830611255412
10,46,27.361591158094186
10,47,27.856564546062753
10,48,24.193222131583703
10,49,23.864104172857765
10,50,27.075180114876275
10,51,26.089174939472013
10,52,23.037648647763856
10,53,25.44700941752409
10,54,28.04362981995269
10,55,26.164424176600427
10,56,25.3321796260013
10,57,29.067025427168115
10,58,30.385715697351557
10,59,28.17014268813826
10,60,29.413997722081742
10,61,26.1000837896427
10,62,27.43521756623227
10,63,26.209996394926005
10,64,23.65328389836161
10,65,19.89329570156562
10,66,19.669798170936733
10,67,22.62974601721684
10,68,24.208653324300556
10,69,26.43697442123942
10,70,29.19098364000685
10,71,27.877381589313625
10,72,27.34763382325287
10,73,24.51028650096107
10,74,26.135802262238812
10,75,25.172628517030795
10,76,25.750583769003544
10,77,22.61339731760323
10,78,20.46573356890944
10,79,22.24700810067564
10,80,19.389325501401345
10,81,20.049870584921926
10,82,18.613454855912764
10,83,17.163189455682048
10,84,15.519779112915145
10,85,13.589318095463065
10,86,12.401303111251963
10,87,11.99805346758927
10,88,10.554815939095652
10,89,8.966109185179652
10,90,6.039670684805516
10,91,7.951986683289495
10,92,7.8633065560585145
10,93,9.42086535357093
10,94,11.686915052773749
10,95,13.064023973203533
10,96,14.208461800145953
10,97,15.909008449273685
10,98,17.630922221843218
10,99,18.462087456360663
10,100,22.150256210241775
10,101,22.89708795416721
10,102,21.21631535049984
10,103,24.63872771167266
10,104,26.576526770550615
10,105,24.749311450666905
10,106,25.36455369692669
10,107,29.084843852207527
10,108,29.249653405897728
10,109,27.719760215626618
10,110,30.61520385229541
10,111,33.77194351663204
10,112,32.53621965395432
10,113,32.878172015609145
10,114,36.16160536043857
10,115,37.75319349857797
10,116,36.493483313534604
10,117,38.26361001562727
10,118,41.16548418385304
10,119,41.4708503812234
10,120,41.24192647816242
10,121,44.00735341698875
10,122,46.08236489769522
10,123,44.982451954243786
10,124,46.564651191789665
10,125,49.539107317343166
10,126,51.798140066601725
11,1,13.07019992921686
11,2,13.162689324409978
11,3,10.547786656215283
11,4,12.676494638406204
11,5,12.91040852706141
11,6,9.873065176095562
11,7,8.248209859929315
11,8,4.740134598077245
11,9,5.635682306549072
11,10,3.806898437007979
11,12,3.7898770984526777
11,13,6.561759887576914
11,14,8.103952062131809
11,15,6.197209425948109
11,16,6.240544728451886
11,17,9.737485648591592
11,18,11.038674123849281
11,19,10.642518313805159
11,20,12.791123866229121
11,21,15.927785118178683
11,22,14.43562008023109
11,23,14.313467497411194
11,24,17.405815035367123
11,25,19.521542326762646
11,26,19.265757579484212
11,27,19.972154015011238
11,28,23.702855666294074
11,29,24.52410102581184
11,30,22.280985525961828
11,31,19.978206633739376
11,32,42.140485884930506
11,33,40.00931599691656
11,34,36.64182215436106
11,35,38.356733760877724
11,36,38.43503909235865
11,37,35.17711240005407
11,38,33.55312736177136
11,39,35.04155607524357
11,40,33.86915623523933
11,41,30.2753878659724
11,42,30.857060565215495
11,43,32.039711459606124
11,44,29.28547212562623
11,45,26.59616702687422
11,46,28.415837026144988
11,47,29.019804131260766
11,48,25.406483237194312
11,49,24.583646450705753
11,50,27.576785544815504
11,51,26.715717948655058
11,52,23.353789637728834
11,53,25.357718150011053
11,54,28.055090256195708
11,55,26.030677920949877
11,56,24.721395650378224
11,57,28.4082565168977
11,58,29.790312839861425
11,59,27.253513047650106
11,60,28.13859748237353
11,61,24.790380144659355
11,62,26.357430312932095
11,63,24.908519671962626
11,64,22.054370432880575
11,65,18.303409641105514
11,66,17.629028015128124
11,67,20.73773518969613
11,68,22.11733540705768
11,69,24.668693127722005
11,70,27.45120746610426
11,71,26.478781220383556
11,72,25.752647948726935
11,73,23.117542577328763
11,74,25.136083951020808
11,75,24.18808408164722
11,76,25.318871982343875
11,77,22.314942640801437
11,78,19.931341682029053
11,79,21.330325888519372
11,80,18.1450675988999
11,81,18.125940748106764
11,82,16.21055711206686
11,83,14.480707349693738
11,84,13.531653558815284
11,85,11.710808529418026
11,86,9.705082886346839
11,87,9.026689715449299
11,88,8.622032092923787
11,89,8.019831455500778
11,90,5.787160155780929
11,91,8.005421691157782
11,92,9.546838067423598
11,93,10.655417358381607
11,94,11.955973591861872
11,95,13.983923767090719
11,96,15.673193361254365
11,97,16.68149116210603
11,98,18.095849615481974
11,99,19.59736966742049
11,100,23.14829527937682
11,101,23.290923538769775
11,102,21.63507463745229
11,103,25.16747234903403
11,104,26.69750951903267
11,105,24.44283380165091
11,106,25.23982975202096
11,107,28.91718106445719
11,108,28.636983424602874
11,109,26.905811444678598
11,110,29.997739886233376
11,111,33.01057208168794
11,112,31.38064619181352
11,113,31.713033547153472
11,114,35.18466576446864
11,115,36.54851125985788
11,116,34.984185822495185
11,117,36.82677106751767
11,118,39.84090870759808
11,119,39.845838183885895
11,120,39.48909556698845
11,121,42.438987048432615
11,122,44.384425829509325
11,123,43.02109368321281
11,124,44.64312360053286
11,125,47.74592552646003
11,126,49.7958368646795
12,1,15.190377618470004
12,2,15.623795003379305
12,3,13.556363392742778
12,4,15.579658983110527
12,5,15.580729878660712
12,6,12.486957298239435
12,7,11.457221463055696
12,8,7.669173483794157
12,9,8.258967992912556
12,10,6.753825018154589
12,11,3.7898770984526777
12,13,3.797138447654448
12,14,5.357121779697079
12,15,5.329271088276394
12,16,6.271600440330641
12,17,8.602515003638175
12,18,10.638176054267937
12,19,11.422953718006077
12,20,13.1484394675129
12,21,16.685547755801544
12,22,16.026836175005265
12,23,15.784488637347188
12,24,18.334597742027015
12,25,20.956394253775553
12,26,21.12024326372719
12,27,21.35129963122081
12,28,25.097997382917526
12,29,26.378023822280543
12,30,24.538261916982506
12,31,22.599552024015637
12,32,44.4663317891145
12,33,42.35782509853753
12,34,38.985485600733874
12,35,40.55457558490946
12,36,40.37596940849421
12,37,37.2013701290493
12,38,35.64939921715338
12,39,36.8330345356205
12,40,35.48862964961654
12,41,32.006007226684666
12,42,32.49260876680468
12,43,33.29548643745241
12,44,30.458880820551055
12,45,27.871484821588037
12,46,29.350962629451995
12,47,29.6255011829107
12,48,25.98210936419322
12,49,25.104296073490282
12,50,27.73395946627046
12,51,26.567285305234947
12,52,23.084253776319777
12,53,25.012415531920823
12,54,27.42848445687675
12,55,25.010426773649986
12,56,23.63602594322094
12,57,27.322487592237636
12,58,28.36761861881912
12,59,25.510251551069995
12,60,26.437441427986652
12,61,23.32522803496975
12,62,25.372332820835755
12,63,24.202412115453477
12,64,20.99221291219389
12,65,17.41551136495057
12,66,16.00197247293763
12,67,18.77282818961061
12,68,19.605222225472236
12,69,22.0572966127426
12,70,24.581408364225823
12,71,23.55703410017952
12,72,22.50745130837562
12,73,19.835188582942987
12,74,21.91834714531324
12,75,20.85872420847734
12,76,22.301499550736274
12,77,19.49445497317098
12,78,16.904265649687737
12,79,18.017739890323178
12,80,14.710110092458669
12,81,14.433268120952636
12,82,12.422894710594761
12,83,10.788244555415083
12,84,10.00128920481111
12,85,8.080426893520398
12,86,5.956398550551407
12,87,5.575927606378597
12,88,5.641116578149189
12,89,5.388752476137131
12,90,4.538270908060494
12,91,7.023742325965955
12,92,9.537150040355108
12,93,9.68472246467592
12,94,10.072935632637067
12,95,12.808392354639674
12,96,14.62514077020601
12,97,14.82202854735093
12,98,16.098464563317535
12,99,18.233515193965005
12,100,21.508720347504482
12,101,21.205533187380894
12,102,19.87449671021116
12,103,23.534832529832794
12,104,24.592287481416033
12,105,22.19782101307853
12,106,23.422071130351018
12,107,26.948642711825293
12,108,26.268455339864484
12,109,24.70568044413991
12,110,28.037491255709888
12,111,30.79185380164052
12,112,28.932648944179487
12,113,29.56879673577598
12,114,33.1237833732291
12,115,34.17059397964335
12,116,32.59624917384807
12,117,34.70848515401036
12,118,37.612907984377756
12,119,37.382500480381424
12,120,37.212269394498726
12,121,40.30746382877778
12,122,42.012537372429456
12,123,40.60156460532949
12,124,42.45382706529665
12,125,45.50946982743462
12,126,47.484283329210015
13,1,16.400254359421236
13,2,16.361214154822573
13,3,14.6227612906491
13,4,15.966209470394354
13,5,15.402113068130912
13,6,12.410373762903966
13,7,12.3322635434833
13,8,8.66738846947218
13,9,8.98629381554896
13,10,8.939870555808628
13,11,6.561759887576914
13,12,3.797138447654448
13,14,3.801090890656294
13,15,5.53159703981181
13,16,5.182157943263849
13,17,5.988897510778674
13,18,9.042043788377901
13,19,10.216282350080464
13,20,10.998567379603381
13,21,14.763478155249908
13,22,14.836678509772083
13,23,14.247978195876344
13,24,16.207170397871383
13,25,19.25856962523308
13,26,19.744863977079174
13,27,19.479416305440953
13,28,23.15483353607369
13,29,24.873015103328328
13,30,23.508680324743732
13,31,22.0773692216976
13,32,43.46581892750703
13,33,41.496666220179435
13,34,38.08162375195768
13,35,39.38828306562062
13,36,38.998513921257185
13,37,35.997981940852874
13,38,34.418267923502555
13,39,35.239030574006684
13,40,33.83810780161743
13,41,30.463319569340605
13,42,30.742498996876876
13,43,31.21931769588868
13,44,28.424451116522466
13,45,25.868051037372677
13,46,26.982848271573275
13,47,27.068732404173574
13,48,23.489009639009918
13,49,22.46496385165004
13,50,24.797363859255544
13,51,23.52691094321515
13,52,19.965352385346087
13,53,21.7677266494533
13,54,24.043478008292574
13,55,21.49589046464024
13,56,20.047425703338437
13,57,23.714325408038924
13,58,24.665290091344175
13,59,21.741749028324442
13,60,22.691407531150926
13,61,19.65777550255124
13,62,21.864245315399145
13,63,20.931602470499108
13,64,17.62473957425869
13,65,14.172274602350155
13,66,12.546281253083341
13,67,15.114164770393986
13,68,15.96540465745335
13,69,18.34918191186458
13,70,20.973133034410793
13,71,20.02845239609025
13,72,19.26509680029025
13,73,16.81574113468729
13,74,19.17397292915035
13,75,18.64181117168299
13,76,20.16233527632922
13,77,17.141985061468176
13,78,15.008995738464337
13,79,16.523679840177753
13,80,13.571984652833583
13,81,13.386209120047917
13,82,10.94641016809119
13,83,10.45039108117925
13,84,10.098228798677109
13,85,7.039717877314873
13,86,4.6252579399089235
13,87,6.691331540574939
13,88,7.49288925548689
13,89,6.182902361210085
13,90,5.032047658286167
13,91,5.314953099076189
13,92,8.868882118594092
13,93,9.360441743144587
13,94,8.372575996814554
13,95,10.803331023602084
13,96,13.361587034668641
13,97,13.423023760424767
13,98,13.851244893759832
13,99,16.157783192734087
13,100,19.304649958258643
13,101,18.551226376096125
13,102,16.95317655394764
13,103,20.51141117383748
13,104,21.45732374204873
13,105,18.815460739954073
13,106,19.9362160708582
13,107,23.443915252326725
13,108,22.69894244980677
13,109,20.98986821749459
13,110,24.317176012833844
13,111,27.07436553067647
13,112,25.195087419857135
13,113,25.77451176653625
13,114,29.334047929627555
13,115,30.406664711377392
13,116,28.838005569266997
13,117,30.93398846519965
13,118,33.82961460573859
13,119,33.65518379136248
13,120,33.504306824123624
13,121,36.563251103489364
13,122,38.29716726764725
13,123,36.966653969439605
13,124,38.81904399430514
13,125,41.82644545493401
13,126,43.87764970663888
14,1,15.018260534790606
14,2,15.635202112099938
14,3,14.712773929055675
14,4,16.511446515995214
14,5,16.64861569390346
14,6,14.26276283107256
14,7,13.548487284859286
14,8,9.990019595059639
14,9,11.541056142132108
14,10,11.398621736045499
14,11,8.103952062131809
14,12,5.357121779697079
14,13,3.801090890656294
14,15,3.7992428147801043
14,16,5.585989882168446
14,17,5.320150156170807
14,18,7.261922615587776
14,19,9.667077301579772
14,20,11.102621176158049
14,21,14.594081159842027
14,22,15.113749368662994
14,23,15.404984788769694
14,24,17.01318018573741
14,25,19.869082826414424
14,26,20.96876103185183
14,27,21.069403396248504
14,28,24.5655103583953
14,29,26.111132219218348
14,30,24.947060132960413
14,31,23.363539286783954
14,32,45.79504130744986
14,33,44.03138767404992
14,34,40.507130908813835
14,35,41.62136133987576
14,36,41.410660294808174
14,37,38.54568290994496
14,38,36.694684349700715
14,39,37.41513579864022
14,40,36.29045172439185
14,41,32.848864878711005
14,42,32.769044616391554
14,43,33.34211760500413
14,44,30.81354993873212
14,45,28.006050752602548
14,46,28.8140362810204
