1,2,3.809907593652321
1,3,6.310683384238433
1,4,9.361193384031933
1,5,12.90567243224972
1,6,14.854573143719284
1,7,18.61144883664145
1,8,19.721579648633746
1,9,23.410938851464604
1,10,24.67801670033462
1,11,28.17961449878839
1,12,29.789619584031882
1,13,33.53244199896807
1,14,35.38293914917772
1,15,38.99705216610139
1,16,40.80436598662281
1,17,40.935233958907695
1,18,37.85636971986609
1,19,34.458933218512826
1,20,31.430124837970602
1,21,27.967298795984586
1,22,25.126086638922164
1,23,21.6911048474975
1,24,18.33348110068229
1,25,15.240360980643374
1,26,11.949065124911453
1,27,8.75047932474029
1,28,8.183181143463424
1,29,10.968917844031704
1,30,9.588908980419495
1,31,10.495912593796014
1,32,13.797229246068163
1,33,16.115086523429753
1,34,18.59701627515751
1,35,18.59323820652995
1,36,21.709237191414182
1,37,23.585855311108876
1,38,25.882765644819617
1,39,28.240854064637322
1,40,28.07543744305622
1,41,26.19939901196118
1,42,29.069448392357536
1,43,29.498347412226853
1,44,31.51989008711955
1,45,30.235402555709722
1,46,31.34916353720306
1,47,28.94897312214803
1,48,28.744957489148963
1,49,27.201497111681604
1,50,25.814881079572434
1,51,25.86953802709459
1,52,26.878665920361357
1,53,29.865010894028565
1,54,32.36820673522373
1,55,33.9581939050648
1,56,33.139421322820226
1,57,35.96108454955909
1,58,34.897311585813654
1,59,31.141445767836647
1,60,29.736740677476913
1,61,26.187628151596822
1,62,25.699726747274067
1,63,24.052424055767666
1,64,27.28153504166703
1,65,27.65182097642895
1,66,25.4664042237363
1,67,22.982766453374254
1,68,20.722752649319286
1,69,16.93353295460002
1,70,17.72895341440742
1,71,15.012081997100621
1,72,18.00814891469949
1,73,19.524964375131837
1,74,22.371921437679966
1,75,25.405346279128832
1,76,29.088295502546593
1,77,31.769148956290742
1,78,35.35011799323397
1,79,38.748874115441836
1,80,37.66049501812312
1,81,39.88439158767705
1,82,39.72352804303436
1,83,39.426766183722236
1,84,36.02810422242704
1,85,34.70130811280653
1,86,32.003805693678466
1,87,28.309055768395815
1,88,25.957259099768898
1,89,22.508341635915787
1,90,19.714817646536368
1,91,18.17524807952954
1,92,15.522828831802475
1,93,16.908231270877483
1,94,15.902362977354999
1,95,18.396583824229968
1,96,21.205694723526502
1,97,24.20377257769981
1,98,26.75090065540882
1,99,24.757182356412752
1,100,21.305015281450252
1,101,20.161864834904858
1,102,18.29157807946034
1,103,14.60234900289693
1,104,13.90273359095134
1,105,16.81154724227382
1,106,17.30528956469583
1,107,19.53831057205723
1,108,22.350974670189657
1,109,25.032683001316258
1,110,28.75740829091917
1,111,31.27494462455504
1,112,34.65919007082981
2,1,3.809907593652321
2,3,3.7942437322069233
2,4,6.4568591058326845
2,5,10.029335735792305
2,6,12.386216131493775
2,7,16.130775597507817
2,8,17.711576455255226
2,9,21.236909242534843
2,10,22.152683727437662
2,11,25.65519884771694
2,12,27.474258251635117
2,13,31.19768712324334
2,14,33.14320345437071
2,15,36.69742713129161
2,16,38.388886406682474
2,17,38.71007026742542
2,18,35.790662868333285
2,19,32.45129936906483
2,20,29.3259295605223
2,21,26.05505398196392
2,22,22.917834208029923
2,23,19.717716555157615
2,24,16.251876720556204
2,25,13.690170441425268
2,26,10.357159498711244
2,27,7.994592851667975
2,28,7.998131262543429
2,29,10.552858504649752
2,30,9.108046773261949
2,31,9.171914680855235
2,32,12.603819112740743
2,33,14.183003288399462
2,34,16.46514290684917
2,35,16.17381080271836
2,36,18.94184537681533
2,37,20.664364049764018
2,38,22.657684446043564
2,39,24.92221111948597
2,40,24.534730274411583
2,41,22.50799314395685
2,42,25.32806525523591
2,43,25.8098309049664
2,44,27.94193530714729
2,45,26.74924990572667
2,46,28.076137421284404
2,47,25.880507048566244
2,48,25.857711592724172
2,49,24.618169096264715
2,50,23.377416702656372
2,51,23.907459973658682
2,52,24.928755337133026
2,53,27.619963822496842
2,54,29.951432678405844
2,55,31.663639377229053
2,56,30.75695563134567
2,57,33.704338941075534
2,58,32.63020964615561
2,59,28.947179321172296
2,60,27.93906224990263
2,61,24.584653143701548
2,62,24.44373276562723
2,63,23.15709554732813
2,64,26.285396088750133
2,65,27.175628428791295
2,66,25.08997604019619
2,67,22.99397735685674
2,68,21.09686436058037
2,69,17.308632492826515
2,70,17.51994414522512
2,71,14.379931567555499
2,72,17.04796699503698
2,73,17.885715252858777
2,74,20.663570086051845
2,75,23.392747157775023
2,76,27.11826621945796
2,77,29.489574375519833
2,78,33.1763373922262
2,79,36.43165348083954
2,80,35.12085026068838
2,81,37.11859229567796
2,82,36.793390996519605
2,83,36.32422074746187
2,84,33.01139329612033
2,85,31.643682323239965
2,86,28.79891728320487
2,87,25.08895904523696
2,88,22.829007051307993
2,89,19.265444538255437
2,90,16.70026826987154
2,91,14.934911166020104
2,92,12.534295643031076
2,93,13.997213446574186
2,94,13.315396929795675
2,95,16.300979687803057
2,96,18.968534239609433
2,97,22.1761335321359
2,98,24.415517233406757
2,99,22.315617641461685
2,100,18.73065695736603
2,101,17.154285086707375
2,102,14.93530218471509
2,103,11.186075876706736
2,104,10.251338670063372
2,105,13.200411414977866
2,106,13.994180892383659
2,107,16.298860177977932
2,108,19.236798586159914
2,109,22.18880806512221
2,110,25.860309959307727
2,111,28.481515284302482
2,112,31.93325165488118
3,1,6.310683384238433
3,2,3.7942437322069233
3,4,3.7901124066361174
3,5,6.819292878551598
3,6,9.45280929042559
3,7,13.107468316757322
3,8,14.995834962391532
3,9,18.398517548555752
3,10,19.65875504654614
3,11,22.95634104828417
3,12,24.463646514239915
3,13,28.120897570663626
3,14,29.841878332318668
3,15,33.348753968749655
3,16,34.945551780772355
3,17,35.12213463008327
3,18,32.2119507773363
3,19,28.81234468634855
3,20,25.78095463886865
3,21,22.465039841649876
3,22,19.3864780771397
3,23,16.21084065288239
3,24,12.642001339725974
3,25,10.08603430512467
3,26,6.638591176372358
3,27,4.9562795434665965
3,28,5.3596747509165334
3,29,7.917073361904847
3,30,7.5952936757876435
3,31,8.02713713546552
3,32,10.716708266745195
3,33,11.748174796591625
3,34,13.457178181662595
3,35,12.76669525421544
3,36,15.639926155591171
3,37,17.311913953317074
3,38,19.607771821220126
3,39,21.99002519768233
3,40,22.02654488788882
3,41,20.42605964593526
3,42,23.44228178112475
3,43,23.964990929319683
3,44,25.710305877130228
3,45,24.161976568886647
3,46,25.141828969831234
3,47,22.78625286276944
3,48,22.49202708460181
3,49,21.130590271122603
3,50,20.02664883374638
3,51,20.48505362324903
3,52,21.808593183412917
3,53,24.524916935962974
3,54,26.711549943701222
3,55,28.214171149141645
3,56,27.18888747993479
3,57,30.045849281561356
3,58,28.927576871908702
3,59,25.22415583246577
3,60,24.154554802053948
3,61,20.796644348653313
3,62,20.69391690070837
3,63,19.484440251324674
3,64,22.602540051687782
3,65,23.644037245082696
3,66,21.69220929705718
3,67,19.742142797654218
3,68,18.17509213555047
3,69,14.488793406028805
3,70,14.215326016641436
3,71,10.895318934131938
3,72,13.41796982868735
3,73,14.098050151053931
3,74,16.93347015549908
3,75,19.645681343454417
3,76,23.383340661898256
3,77,25.819211138114902
3,78,29.476665083352973
3,79,32.787235168669156
3,80,31.608249874537062
3,81,33.73840037422807
3,82,33.61423621213651
3,83,33.20083132036434
3,84,29.778611900370645
3,85,28.57195955694297
3,86,25.940539252613366
3,87,22.30754212077512
3,88,19.770691606179984
3,89,16.302495654038115
3,90,13.416463448314694
3,91,11.962318398894016
3,92,9.557536707082402
3,93,11.658658009534637
3,94,11.788691142508622
3,95,14.853408073726174
3,96,17.9233048151169
3,97,21.42243784201176
3,98,23.28912646808954
3,99,20.710330059315247
3,100,16.993427048938862
3,101,15.717108081681864
3,102,13.304882865370113
3,103,9.895099625566596
3,104,8.40716583387783
3,105,10.964849366665037
3,106,11.369747100698996
3,107,14.08121551461632
3,108,16.55056493460903
3,109,19.322450383052967
3,110,23.0707883998852
3,111,25.42330201458321
3,112,28.939628656794337
4,1,9.361193384031933
4,2,6.4568591058326845
4,3,3.7901124066361174
4,5,3.7955301240714774
4,6,6.024221519076731
4,7,9.712972731812139
4,8,11.674346682389658
4,9,14.998625723494232
4,10,15.983303046041522
4,11,19.353000854714633
4,12,21.088854265915643
4,13,24.784697119793343
4,14,26.738220441840504
4,15,30.28267135364199
4,16,32.0103604563838
4,17,32.46944434022081
4,18,29.56537922908486
4,19,26.333177649187096
4,20,23.081338838310142
4,21,19.958264192587517
4,22,16.670570157346685
4,23,13.59507651464802
4,24,10.26046056076017
4,25,8.418683514880652
4,26,5.9986732224102415
4,27,5.624644371274092
4,28,7.8209461370037054
4,29,10.279270146485894
4,30,10.735663230530369
4,31,10.87515271372455
4,32,13.044459360028386
4,33,13.061347021937284
4,34,13.871265532185154
4,35,12.190488131337
4,36,14.41665048248815
4,37,15.315461038903473
4,38,17.32164603648151
4,39,19.255090345657326
4,40,19.15205669801347
4,41,17.71675695870976
4,42,20.997791765671163
4,43,22.019849223692894
4,44,23.761808093546122
4,45,21.961721530851776
4,46,23.042066140083286
4,47,21.055633522696922
4,48,20.50080370400773
4,49,19.670059583150806
4,50,19.209813034818715
4,51,20.157686162889167
4,52,21.910812125181742
4,53,24.26034953483799
4,54,25.97273454623779
4,55,27.24947735906228
4,56,25.790590904964493
4,57,28.511688019975725
4,58,27.04623196738308
4,59,23.482138863131876
4,60,22.73874809964361
4,61,19.609687853362075
4,62,19.43583858614216
4,63,18.924056285892377
4,64,22.110712683536548
4,65,23.523694245691097
4,66,22.08105058827989
4,67,20.306641071387578
4,68,19.421982019794264
4,69,16.011793020636084
4,70,14.830775820884929
4,71,11.126263824994478
4,72,12.630801123059502
4,73,12.829102115358682
4,74,15.059886609986789
4,75,17.653338285311882
4,76,21.281777917356205
4,77,23.485877551362943
4,78,27.212823976018363
4,79,30.34768290021281
4,80,28.871357399354178
4,81,30.851258745715448
4,82,30.47924316253601
4,83,30.203797448921094
4,84,26.900843702573493
4,85,25.4000586654575
4,86,22.656316622922127
4,87,18.956653583796914
4,88,16.703057152673743
4,89,13.341624587509925
4,90,10.881984187701775
4,91,10.070168282078958
4,92,8.837534228950197
4,93,11.754733616147085
4,94,12.915528422432683
4,95,16.351264730224063
4,96,19.26325019638182
4,97,22.931030101585883
4,98,24.302523084954476
4,99,21.486294713787263
4,100,17.685140387929042
4,101,15.984694051055742
4,102,12.911774011269939
4,103,9.866633748322155
4,104,7.04708268578127
4,105,8.45493232391512
4,106,8.048805777840917
4,107,10.418294133893758
4,108,13.011198944324772
4,109,15.79550455435323
4,110,19.51135363185503
4,111,22.05531380058122
4,112,25.502978710654425
5,1,12.90567243224972
5,2,10.029335735792305
5,3,6.819292878551598
5,4,3.7955301240714774
5,6,3.7782313417333135
5,7,6.791366223712031
5,8,9.630300614735571
5,9,12.43122839145296
5,10,13.536968341532571
5,11,16.56876133340185
5,12,18.065600688694598
5,13,21.64225594748669
5,14,23.40978377169199
5,15,26.8560277811986
5,16,28.417643311770604
5,17,28.856420837527583
5,18,26.06622441952099
5,19,22.832742416224868
5,20,19.61870826941626
5,21,16.628179695756547
5,22,13.194514206929512
5,23,10.43669907082387
5,24,7.047197834002892
5,25,6.35875941541885
5,26,5.1305296666465985
5,27,7.055587065806551
5,28,9.255603568866592
5,29,10.80266637504448
5,30,12.006448788057922
5,31,12.022099524905522
5,32,13.22638753208051
5,33,12.239645720717094
5,34,12.019125047332055
5,35,9.534263039838562
5,36,11.259438932963318
5,37,11.71183121476552
5,38,13.807312177277462
5,39,15.724125525801528
5,40,15.990533097871392
5,41,15.049934394061841
5,42,18.485593132862288
5,43,19.618522250814344
5,44,20.95865643309728
5,45,18.805268006660803
5,46,19.615551134843944
5,47,17.653797017792552
5,48,16.848064154080056
5,49,16.187050996443407
5,50,16.127067750845406
5,51,17.347751229480902
5,52,19.427576133939986
5,53,21.506466404146654
5,54,22.8690044825851
5,55,23.946426108870725
5,56,22.26993038681894
5,57,24.927313827450327
5,58,23.37582581450238
5,59,19.87859520537406
5,60,19.378350385174866
5,61,16.478997343655845
5,62,16.57346108551855
5,63,16.51165346640263
5,64,19.501688845806985
5,65,21.35643899105127
5,66,20.2134815055972
5,67,18.89709066874589
5,68,18.613834962537396
5,69,15.627117156756258
5,70,13.725051015365782
5,71,10.059471701702831
5,72,10.669120756458014
5,73,9.972759778894998
5,74,11.936232703411244
5,75,14.174869405226202
5,76,17.7804724164074
5,77,19.802335521288033
5,78,23.55863048135355
5,79,26.64000426522367
5,80,25.1451424129663
5,81,27.11911491100243
5,82,26.84722696007772
5,83,26.539942781423804
5,84,23.176441942736467
5,85,21.803762168473344
5,86,19.206771437509623
5,87,15.593952316542586
5,88,13.0834043533936
5,89,9.802270063002506
5,90,7.172067108784143
5,91,7.045721966583524
5,92,6.8044858682578795
5,93,10.381023128414526
5,94,12.591664630938013
5,95,15.946362600024168
5,96,18.862973828540152
5,97,22.642326538203072
5,98,23.473994698731516
5,99,20.310133728191655
5,100,16.565825931422722
5,101,15.018332528967516
5,102,11.77662808536427
5,103,9.675652072158913
5,104,6.401865372352652
5,105,6.318312293103943
5,106,5.09161690759942
5,107,8.046382908302324
5,108,9.888380540779654
5,109,12.598008576143307
5,110,16.34297845001251
5,111,18.632867399090465
5,112,22.188852034677804
6,1,14.854573143719284
6,2,12.386216131493775
6,3,9.45280929042559
6,4,6.024221519076731
6,5,3.7782313417333135
6,7,3.775144210656403
6,8,5.9157181025539955
6,9,9.014215361562279
6,10,10.351800987466566
6,11,13.542057773020124
6,12,15.096840692490602
6,13,18.815386145112843
6,14,20.85086169771053
6,15,24.464370246246098
6,16,26.415069934447036
6,17,27.05300984752539
6,18,24.045960272067042
6,19,21.016683225118484
6,20,17.55601937111851
6,21,14.60568941661736
6,22,11.292542558100797
6,23,8.277826538819742
6,24,5.843557618483574
6,25,5.753141761400705
6,26,6.589234234714015
6,27,8.243453761010334
6,28,11.393255712835328
6,29,13.409435957721156
6,30,15.151329973372247
6,31,15.548477105337282
6,32,16.648428027702696
6,33,15.653128806209947
6,34,14.950460520380588
6,35,11.951354117339212
6,36,13.183076388722553
6,37,12.652895974864881
6,38,14.600233445222742
6,39,15.782453988038528
6,40,16.165476444426073
6,41,15.78381279501711
6,42,19.48526917689665
6,43,21.206369135053585
6,44,22.368108960839308
6,45,19.82430787719662
6,46,20.451332487180974
6,47,18.845923577179068
6,48,17.39646534042244
6,49,17.145525278015935
6,50,17.826500396577025
6,51,19.036599560368934
6,52,21.613114309134474
6,53,23.53447123675823
6,54,24.438330295786773
6,55,25.008398731404576
6,56,22.83022943328535
6,57,25.045658940221188
6,58,22.96941365829993
6,59,19.658755020214993
6,60,19.118097419173733
6,61,16.364091112169127
6,62,15.809801548751187
6,63,16.400443881704565
6,64,19.608479336564802
6,65,21.366176758868946
6,66,20.86451068868085
6,67,19.353994684812957
6,68,19.622353325430897
6,69,16.948128443633966
6,70,14.496517796045927
6,71,10.851554918515353
6,72,10.373436762457894
6,73,10.004955440045887
6,74,10.845389603509977
6,75,13.346161508816424
6,76,16.611185070641884
6,77,18.689397047994483
6,78,22.364233728578462
6,79,25.33599599960852
6,80,23.676958485436813
6,81,25.721050708861313
6,82,25.284690095236684
6,83,25.47464928427654
6,84,22.233266114185486
6,85,20.44352459495145
6,86,17.954290827345854
6,87,14.359783563408877
6,88,12.32945426679913
6,89,9.793553330649441
6,90,7.9463132736052495
6,91,9.385885332068417
6,92,10.130584282330377
6,93,13.850486502611107
6,94,16.30939071128003
6,95,19.60417900360602
6,96,22.522093014651688
6,97,26.308757702719205
6,98,26.969710311386205
6,99,23.70029173519233
6,100,20.020426814168534
6,101,18.461885754011703
6,102,15.085306123928387
6,103,13.232834545993747
6,104,9.682769181809425
6,105,8.494847772214534
6,106,5.5465361232697905
6,107,6.839571922878754
6,108,8.340177601595038
6,109,10.319795614090568
6,110,14.077966979056326
6,111,16.50809962275816
6,112,19.816974521762113
7,1,18.61144883664145
7,2,16.130775597507817
7,3,13.107468316757322
7,4,9.712972731812139
7,5,6.791366223712031
7,6,3.775144210656403
7,8,3.8300646887044363
7,9,5.690380215100213
7,10,7.240716364453525
7,11,10.017961208141497
7,12,11.3903237030386
7,13,15.073830686674476
7,14,17.136784860203168
7,15,20.74314682982449
7,16,22.75263117921199
7,17,23.555036943651473
7,18,20.578599200076557
7,19,17.734426808816867
7,20,14.13946412171826
7,21,11.514144769112265
7,22,8.107662658734919
7,23,5.6931120940350874
7,24,4.91027655380425
7,25,6.940513057593988
7,26,9.200229491761718
7,27,11.504996775387271
7,28,14.533026703442973
7,29,16.097670224534816
7,30,18.182867661673118
7,31,18.52800955134321
7,32,19.111652250825053
7,33,17.556752756833184
7,34,16.082061746505097
7,35,12.577251982047963
7,36,12.902442948684074
7,37,11.340446521360391
7,38,12.995380927734157
7,39,13.531346247917906
7,40,14.277463400805983
7,41,14.703304261022598
7,42,18.475881098764297
7,43,20.548302241111482
7,44,21.27149314813731
7,45,18.327436868151608
7,46,18.637248469991604
7,47,17.398166495390914
7,48,15.42981412863882
7,49,15.708978225003285
7,50,17.168397439431562
7,51,18.62754879251244
7,52,21.566247823000378
7,53,23.065422270101354
7,54,23.3902128334537
7,55,23.533359695270985
7,56,20.925551695433903
7,57,22.79454903648152
7,58,20.3577516990074
7,59,17.343427162484154
7,60,17.14335737818156
7,61,14.899094455649616
7,62,14.316654954309382
7,63,15.759683171955949
7,64,18.69867513715507
7,65,20.789400950581598
7,66,20.878225891109775
7,67,19.7634684294543
7,68,20.719037503447815
7,69,18.591404359617588
7,70,15.586219317216056
7,71,12.354796651059486
7,72,10.701370878957967
7,73,9.600678937794152
7,74,9.14925343856021
7,75,11.09180069535916
7,76,13.912495987328901
7,77,15.67157648034945
7,78,19.287010745011553
7,79,22.057020799708802
7,80,20.215473825283393
7,81,22.2223804793588
7,82,21.727765355259177
7,83,22.165622293885022
7,84,19.000272671574596
7,85,17.050532084677485
7,86,14.779709790929347
7,87,11.37516993244429
7,88,9.573848457324475
7,89,8.009886037064048
7,90,7.129750304093118
7,91,9.899994389617838
7,92,11.73137965193424
7,93,15.447790071719878
7,94,18.445888978715686
7,95,21.57284657476019
7,96,24.355020595605026
7,97,28.12125759942751
7,98,28.328061783815187
7,99,24.888251766352813
7,100,21.403956323585966
7,101,19.941559403818633
7,102,16.569832268772586
7,103,15.471263279547987
7,104,11.931235625724364
7,105,9.64746532916526
7,106,5.979845112426111
7,107,6.053830113820494
7,108,5.823708866729122
7,109,6.830391985506264
7,110,10.570684249515864
7,111,12.831551317403385
7,112,16.09226616349802
8,1,19.721579648633746
8,2,17.711576455255226
8,3,14.995834962391532
8,4,11.674346682389658
8,5,9.630300614735571
8,6,5.9157181025539955
8,7,3.8300646887044363
8,9,3.8142375143078358
8,10,6.126020906425809
8,11,9.053652666488187
8,12,10.388352757208883
8,13,14.184695589401711
8,14,16.570484406208298
8,15,20.351307835779295
8,16,22.888770989001753
8,17,23.822726308770683
8,18,20.56253891696586
8,19,18.029507142418694
8,20,14.342853714296504
8,21,11.793351310682558
8,22,9.20647448095494
8,23,6.670627840599715
8,24,7.294298909902988
8,25,8.503128910075093
8,26,11.194240459988594
8,27,12.707644865489806
8,28,16.183262798433116
8,29,18.25749235435517
8,30,20.549878098593187
8,31,21.24797383053806
8,32,22.024872876544638
8,33,20.83876718710854
8,34,19.482136013146594
8,35,16.036704427839513
8,36,16.53759123410621
8,37,14.837698361567297
8,38,16.425178019822212
8,39,16.495412121718545
8,40,17.202118417072203
8,41,17.817189768591472
8,42,21.599383139026234
8,43,23.96166542487009
8,44,24.68227461211272
8,45,21.64759707575291
8,46,21.85468910770659
8,47,20.801900859839126
8,48,18.502110717683184
8,49,18.846910745754887
8,50,20.520320465655114
8,51,21.693491977339626
8,52,24.83279673993658
8,53,26.419419957629344
8,54,26.607702599140037
8,55,26.40374161668662
8,56,23.566126766834984
8,57,24.996945282981095
8,58,22.19687455433541
8,59,19.40559239076624
8,60,18.913410885233287
8,61,16.71212105890819
8,62,15.31742931475557
8,63,17.00683995674753
8,64,20.16758870432059
8,65,21.81782027320019
8,66,22.34508952087377
8,67,20.835304995862984
8,68,21.992413984854657
8,69,20.0120091782389
8,70,16.932368320522105
8,71,13.850084806295879
8,72,11.86556607971278
8,73,11.70065172156982
8,74,10.543821039082287
8,75,12.853460067612914
8,76,15.107084934926652
8,77,17.04438601659985
8,78,20.344684541130896
8,79,22.98696104538777
8,80,21.13866093650984
8,81,23.25055083693745
8,82,22.630363856249353
8,83,23.65551241965449
8,84,20.72893142100117
8,85,18.42471820988618
8,86,16.420205743743654
8,87,13.314313279052152
8,88,12.254776121258562
8,89,11.430000032261331
8,90,10.904623306123792
8,91,13.71089163677117
8,92,15.31009535931794
8,93,19.075447701241774
8,94,21.895086050102854
8,95,25.045018007790684
8,96,27.944250255974545
8,97,31.727252537922027
8,98,32.06416539016488
8,99,28.62900611364226
8,100,25.10449815668466
8,101,23.643739181101047
8,102,20.230415770102248
8,103,18.839611702915796
8,104,15.196300178878653
8,105,13.121055836666606
8,106,9.409189375369744
8,107,8.444131314509718
8,108,8.290131105663258
8,109,7.991260026083119
8,110,11.14226134186269
8,111,13.414626520393398
8,112,16.06278856878435
9,1,23.410938851464604
9,2,21.236909242534843
9,3,18.398517548555752
9,4,14.998625723494232
9,5,12.43122839145296
9,6,9.014215361562279
9,7,5.690380215100213
9,8,3.8142375143078358
9,10,3.7914282604356684
9,11,5.531290309387709
9,12,6.589584011506574
9,13,10.395748532097295
9,14,12.961513386663182
9,15,16.728000746550485
9,16,19.382777703533147
9,17,20.593217991578964
9,18,17.42659506773101
9,19,15.274719367379593
9,20,11.496662155075581
9,21,9.705217537772011
9,22,7.504494846033167
9,23,6.570440016577659
9,24,8.750764546149917
9,25,11.074835461992027
9,26,14.15554660970783
9,27,16.164267043171865
9,28,19.4438445596739
9,29,21.12291867023121
9,30,23.545769831463147
9,31,24.104705320960104
9,32,24.523256257990592
9,33,22.886220967823
9,34,21.006847229163238
9,35,17.32308404894026
9,36,17.06960220419226
9,37,14.627075942419458
9,38,15.736029841990685
9,39,15.084029132377934
9,40,16.045861748092346
9,41,17.37791703129462
9,42,21.024841774447065
9,43,23.639028977605257
9,44,23.957725599963734
9,45,20.6809112555949
9,46,20.613375399620903
9,47,20.017610196558426
9,48,17.36601215754454
9,49,18.26761672836606
9,50,20.571361847403455
9,51,21.978696741199663
9,52,25.300003803973098
9,53,26.435806399905367
9,54,26.078241051778186
9,55,25.499722941585002
9,56,22.31921910790105
9,57,23.347606619508515
9,58,20.23020297668283
9,59,17.925052069703252
9,60,17.881528559938445
9,61,16.377787764289117
9,62,15.090947969272769
9,63,17.530405673025836
9,64,20.24509137016066
9,65,22.206949230399797
9,66,23.2291420534962
9,67,22.176809002391142
9,68,23.85314912697131
9,69,22.319511268919364
9,70,18.93049296516096
9,71,16.241192587604296
9,72,13.616824356913071
9,73,12.785218656957191
9,74,10.61790089033426
9,75,11.979591636160634
9,76,13.419905694129483
9,77,14.779659795947198
9,78,17.841837754869236
9,79,20.107912021583484
9,80,18.010201125926322
9,81,19.98293474745561
9,82,19.229326058724258
9,83,20.581371906354267
9,84,17.882855660621296
9,85,15.374195360320527
9,86,13.739298531782726
9,87,11.15892719596962
9,88,10.725263104069793
9,89,11.127328750604368
9,90,11.55719729881953
9,91,14.921241174114446
9,92,17.180734790531165
9,93,20.826748084424242
9,94,24.00007245457749
9,95,27.017584512512943
9,96,29.74505330381996
9,97,33.47769372154918
9,98,33.419104072088935
9,99,29.897810222322327
9,100,26.58140395351186
9,101,25.17463122318803
9,102,21.81327485078624
9,103,21.00256043891476
9,104,17.422227697992405
9,105,14.725677103760571
9,106,10.960483055644973
9,107,9.365962880437833
9,108,7.746325478304707
9,109,5.736541788741016
9,110,8.09770131440989
9,111,10.02999326998946
9,112,12.384536473354732
10,1,24.67801670033462
10,2,22.152683727437662
10,3,19.65875504654614
10,4,15.983303046041522
10,5,13.536968341532571
10,6,10.351800987466566
10,7,7.240716364453525
10,8,6.126020906425809
10,9,3.7914282604356684
10,11,3.8128226945154213
10,12,6.927803113126373
10,13,10.447872894253136
10,14,13.672817838370651
10,15,17.195880094295294
10,16,19.809943314770916
10,17,21.625012974796718
10,18,18.85755712613586
10,19,17.15532514243196
10,20,13.383527679675884
10,21,12.400941669684721
10,22,9.95661834204956
10,23,9.712445674746233
10,24,11.345782810030867
10,25,13.796267083418396
10,26,16.36744310507691
10,27,18.264189980986423
10,28,21.572904849035805
10,29,23.327854159834043
10,30,25.325059345568608
10,31,25.500527978226952
10,32,26.186902678637335
10,33,24.36202401795228
10,34,22.59143007882043
10,35,18.909680098584136
10,36,18.18725688395797
10,37,15.453361423597558
10,38,15.686179442395318
10,39,14.348863873350156
10,40,14.522093360597733
10,41,15.687386247465215
10,42,19.215124912898812
10,43,22.22960835106719
10,44,22.827102000804448
10,45,19.781733739235648
10,46,20.24610281578777
10,47,20.276360485762467
10,48,18.003060118524328
10,49,19.5466030460207
10,50,21.977760809133223
10,51,23.909315948559733
10,52,27.013974931346834
10,53,27.80126774716434
10,54,27.2786733266637
10,55,26.92597649587836
10,56,23.72090242899122
10,57,24.87930881565791
10,58,21.796018519203614
10,59,19.782827574686234
10,60,20.353527826741978
10,61,19.17211590178868
10,62,18.350639505902155
10,63,20.838223889786324
10,64,23.376496214384
10,65,25.60438807297601
10,66,26.49031724113803
10,67,25.593830336505455
10,68,27.118880053057904
10,69,25.37028453508057
10,70,22.099552439311655
10,71,19.174222831518417
10,72,16.858908187409963
10,73,15.646852984937544
10,74,13.725460723492983
10,75,14.537229389466379
10,76,15.841962929246055
10,77,16.44694619171892
10,78,19.482490605228165
10,79,21.256670809781966
10,80,18.598706171755087
10,81,19.893142601775917
10,82,18.442344018340297
10,83,19.65477541331271
10,84,17.394187967558434
10,85,14.343217117165274
10,86,12.144654802413214
10,87,9.500457276023917
10,88,10.241821349178823
10,89,10.850695014327435
10,90,12.338498156866558
10,91,15.419314831269729
10,92,18.130104558339593
10,93,21.579088726185073
10,94,24.761355653992183
10,95,27.97576953259942
10,96,30.36463205426447
10,97,34.03670621971127
10,98,33.82557842833009
10,99,30.47852987841713
10,100,27.215513775295918
10,101,25.365595543776813
10,102,21.831753689908172
10,103,21.176165450704705
10,104,17.521485416757823
10,105,14.441642570926495
10,106,10.83917985495125
10,107,8.104387246690605
10,108,6.5989031592355865
10,109,4.652599497660751
10,110,6.194447477811146
10,111,9.214367592944777
10,112,11.329844171186094
11,1,28.17961449878839
11,2,25.65519884771694
11,3,22.95634104828417
11,4,19.353000854714633
11,5,16.56876133340185
11,6,13.542057773020124
11,7,10.017961208141497
11,8,9.053652666488187
11,9,5.531290309387709
11,10,3.8128226945154213
11,12,3.803509577087702
11,13,6.825969669170873
11,14,10.274255711874472
11,15,13.635972626632727
11,16,16.355194937942755
11,17,18.457152781403046
11,18,15.881552862155955
11,19,14.73332951678845
11,20,11.165409693314869
11,21,11.229163201429987
11,22,9.630859356048123
11,23,10.6939256313944
11,24,13.19274203177607
11,25,16.125694160288386
11,26,19.058347936093355
11,27,21.30316405138283
11,28,24.464196053991806
11,29,25.895981953275598
11,30,28.11513512610949
11,31,28.300921593913177
11,32,28.607646504583215
11,33,26.490316680411077
11,34,24.284575429446107
11,35,20.509341837912185
11,36,19.28958531885797
11,37,16.0910355873912
11,38,16.00177711926046
11,39,14.064239131480798
11,40,14.68262985108483
11,41,16.645891532770992
11,42,19.865329896801438
11,43,22.94574885104449
11,44,23.010246258735176
11,45,19.748137242745013
11,46,19.76771346194086
11,47,20.17796181355288
11,48,17.56042532913389
11,49,19.48787477217458
11,50,22.40887132183613
11,51,24.37840037650869
11,52,27.62379343540306
11,53,28.04137707441824
11,54,27.01970864711086
11,55,26.241071609977404
11,56,22.773253490405672
11,57,23.43406772007369
11,58,20.098894133551145
11,59,18.674596908440083
11,60,19.588863461695468
11,61,19.081773143211137
11,62,18.3227790857335
11,63,21.320264481383123
11,64,23.415907316893115
11,65,25.801497461525667
11,66,27.126203346775053
11,67,26.59882152969537
11,68,28.561777351847756
11,69,27.246009980512515
11,70,23.74881713217279
11,71,21.222390685507474
11,72,18.4358647838981
11,73,16.90166717750879
11,74,14.312580602480844
11,75,14.322329878127745
11,76,14.711524216203875
11,77,14.680102057946927
11,78,17.25221650609324
11,79,18.53588614675233
11,80,15.68664344064427
11,81,16.807448663896515
11,82,15.249926217255869
11,83,16.936372169816586
11,84,15.009275718003243
11,85,11.806803868628403
11,86,10.352395167387764
11,87,8.812279660300291
11,88,10.213980284173568
11,89,12.068559428750362
11,90,14.009752784017133
11,91,17.41355066732795
11,92,20.41293815311829
11,93,23.728465507272176
11,94,27.145991044958656
11,95,30.13888864754605
11,96,32.441204365834125
11,97,36.04136244993386
11,98,35.503555902014085
11,99,32.07217936100364
11,100,29.040333522425847
11,101,27.40248322192213
11,102,24.048440722192858
11,103,23.862185435408406
11,104,20.3783378729194
11,105,17.052251386635085
11,106,13.603699980535872
11,107,11.076437367495341
11,108,8.530349723993519
11,109,5.155334618063284
11,110,4.306157783087748
11,111,6.347273692412025
11,112,7.743632721784421
12,1,29.789619584031882
12,2,27.474258251635117
12,3,24.463646514239915
12,4,21.088854265915643
12,5,18.065600688694598
12,6,15.096840692490602
12,7,11.3903237030386
12,8,10.388352757208883
12,9,6.589584011506574
12,10,6.927803113126373
12,11,3.803509577087702
12,13,3.817064758095584
12,14,6.811118399465245
12,15,10.443024881061822
12,16,13.353768016920542
12,17,15.143568566871751
12,18,12.314602057293682
12,19,11.290077887124207
12,20,7.872959624784032
12,21,8.516488405731232
12,22,8.149910257518204
12,23,10.02545212754651
12,24,13.28457525033878
12,25,16.369321596647996
12,26,19.711918035802874
12,27,22.215135756153085
12,28,25.195747562591944
12,29,26.326174569987806
12,30,28.92317707119337
12,31,29.341752414895726
12,32,29.218053570919935
12,33,27.033046096696438
12,34,24.479094763724873
12,35,20.699086347628715
12,36,19.444398943459312
12,37,16.18005641139593
12,38,16.479802538266604
12,39,14.712253407155059
12,40,16.189510143998746
12,41,18.6761700107715
12,42,21.778722493201542
12,43,24.569885278707105
12,44,24.09649301260145
12,45,20.561108249158824
12,46,19.869901976189215
12,47,20.061303055023828
12,48,16.94938613532703
12,49,18.66138798816772
12,50,21.820959584463008
12,51,23.429694115620947
12,52,26.892277595910976
12,53,27.27164945949564
12,54,26.000914712523944
12,55,24.727446698823655
12,56,21.095616900952926
12,57,21.233527503703286
12,58,17.665998311889677
12,59,16.54492600833781
12,60,17.292984051336603
12,61,17.177469175394037
12,62,16.192368898396246
12,63,19.541505164167333
12,64,21.320385704853013
12,65,23.635712525949284
12,66,25.396353767603557
12,67,25.09102804647914
12,68,27.468131135730104
12,69,26.644725501693785
12,70,22.970986188196516
12,71,20.957226795000235
12,72,17.72275636822466
12,73,16.18613972101281
12,74,13.00574464111871
12,75,12.603568851788053
12,76,12.17526759904455
12,77,12.118425099771715
12,78,14.254862611984455
12,79,15.527671677330291
12,80,13.019098473479986
12,81,14.673205955809768
12,82,13.767552551623728
12,83,15.941263933316504
12,84,13.886580828223634
12,85,11.213028521151305
12,86,10.944603988597565
12,87,10.223994844742913
12,88,10.990243235864053
12,89,13.367134780650781
12,90,14.888760460956883
12,91,18.586837904787878
12,92,21.456923650571355
12,93,24.766222228327322
12,94,28.305390865092125
12,95,31.0022655682907
12,96,33.454596186312415
12,97,37.03025099640752
12,98,36.37744774617925
12,99,32.78628348846926
12,100,29.894382126962327
12,101,28.700966305082186
12,102,25.5931408523537
12,103,25.60219092784064
12,104,22.282803146565826
12,105,19.055127607695027
12,106,15.617847579761435
12,107,13.773119630444203
12,108,10.7701493037764
12,109,7.037927680860052
12,110,6.03944316905955
12,111,5.648356942115094
12,112,6.5327989518057885
13,1,33.53244199896807
13,2,31.19768712324334
13,3,28.120897570663626
13,4,24.784697119793343
13,5,21.64225594748669
13,6,18.815386145112843
13,7,15.073830686674476
13,8,14.184695589401711
13,9,10.395748532097295
13,10,10.447872894253136
13,11,6.825969669170873
13,12,3.817064758095584
13,14,3.817713826489522
13,15,7.000893848254692
13,16,10.19785253949441
13,17,12.448805132939126
13,18,10.040270861930603
13,19,10.173278072878537
13,20,7.714047338904793
13,21,9.87114604127235
13,22,10.570161123491973
13,23,13.127223595027434
13,24,16.551868079224565
13,25,19.760435932733994
13,26,23.173001040329705
13,27,25.818325605384953
13,28,28.67625672991206
13,29,29.58699067607807
13,30,32.26726524559854
13,31,32.65667951776123
13,32,32.29131115495723
13,33,29.91399171686675
13,34,27.101325285655783
13,35,23.36833012366247
13,36,21.753475957880728
13,37,18.28826245547957
13,38,18.24189529448209
13,39,16.062296296403268
13,40,17.741124366501165
13,41,20.668460587675714
13,42,23.383739106272387
13,43,26.161705050786374
13,44,25.270294994453877
13,45,21.71193117563818
13,46,20.667630955233655
13,47,21.24855900614571
13,48,18.018343284285628
13,49,20.020089666589193
13,50,23.47925449843172
13,51,25.087459815796777
13,52,28.550873606209347
13,53,28.554989181548635
13,54,26.826153833712045
13,55,25.16042829526845
13,56,21.390417468689375
13,57,20.930555269613624
13,58,17.2237632309223
13,59,16.933230533755207
13,60,18.035052794604468
13,61,18.661162661992478
13,62,17.819831672853034
13,63,21.445766001373993
13,64,22.703612679679342
13,65,25.080935546503902
13,66,27.1979356964606
13,67,27.238759685070697
13,68,29.91797173031265
13,69,29.45057247219229
13,70,25.706281443511422
13,71,24.031805194172588
13,72,20.611537777116784
13,73,18.906942849696755
13,74,15.477174273617237
13,75,14.378071464389784
13,76,12.961433123383486
13,77,12.058933729976351
13,78,13.250947251066608
13,79,13.655785921042632
13,80,11.017055754324897
13,81,12.349002747633545
13,82,11.420661162235824
13,83,14.262305587582429
13,84,12.863219946604179
13,85,10.377382408444939
13,86,11.264351992643812
13,87,11.809401942089657
13,88,13.022380434598453
13,89,16.00703424193686
13,90,17.80147410992676
13,91,21.50334060152043
13,92,24.51672845113994
13,93,27.643091035902625
13,94,31.287644773695575
13,95,33.80129057631953
13,96,36.125579875585316
13,97,39.597733111079606
13,98,38.674873051959814
13,99,35.07958010992875
13,100,32.423834161487854
13,101,31.37185455640891
13,102,28.430562585683724
13,103,28.769540445487717
13,104,25.59377969030041
13,105,22.242144183352007
13,106,18.9884328368448
13,107,17.146671503099363
13,108,13.897694312261045
13,109,10.119202797031027
13,110,7.974521466329395
13,111,5.942416418652507
13,112,4.623994231715993
14,1,35.38293914917772
14,2,33.14320345437071
14,3,29.841878332318668
14,4,26.738220441840504
14,5,23.40978377169199
14,6,20.85086169771053
14,7,17.136784860203168
14,8,16.570484406208298
14,9,12.961513386663182
14,10,13.672817838370651
14,11,10.274255711874472
14,12,6.811118399465245
14,13,3.817713826489522
14,15,3.815754653002162
14,16,6.998096101366254
14,17,8.775813516355136
14,18,6.290148555638337
14,19,7.119003735397642
14,20,5.933969740682524
14,21,9.145331609224392
14,22,10.976384868954689
14,23,14.048296760708368
14,24,17.61239908457445
14,25,20.872211723261316
14,26,24.384719614611708
14,27,27.271167587167184
14,28,29.830055692264224
14,29,30.3509939719508
14,30,33.23485725478059
14,31,33.71886661171481
14,32,32.93532405683595
14,33,30.44297280980372
14,34,27.34310967503845
14,35,23.74991546080514
14,36,22.01759807855407
14,37,18.621925814952434
14,38,18.776835813272754
14,39,16.832328455148073
14,40,19.1267547927061
14,41,22.3730789946886
14,42,24.87098298508117
14,43,27.294824185650416
14,44,25.910792078805077
14,45,22.24564795095816
14,46,20.57708042917434
14,47,21.002456960136957
14,48,17.528288931911266
14,49,19.32433497782079
14,50,22.902498670837378
14,51,24.208046023012507
14,52,27.710686852582644
14,53,27.546165121315017
14,54,25.532431302056168
14,55,23.414217913829
14,56,19.60878057670797
14,57,18.55631527543048
14,58,14.77440449808246
14,59,15.076139531636475
14,60,16.191974655348396
14,61,17.44260934463157
14,62,16.7160264219062
14,63,20.505288139646193
14,64,21.194325147550334
14,65,23.578007487098713
14,66,26.01361067524799
14,67,26.448057115287252
14,68,29.43784643802213
14,69,29.443631659629396
14,70,25.664862234021516
14,71,24.512618722143852
14,72,20.902606855727786
14,73,19.070233734061283
14,74,15.448075401565884
14,75,13.743238839304361
14,76,11.406925885517726
14,77,10.084901831148912
14,78,10.333834875204897
14,79,10.391639878061465
14,80,8.29669700047653
14,81,10.218511036346646
14,82,10.370201340268894
14,83,13.44353307030629
14,84,12.033953763737854
14,85,10.60132064291242
14,86,12.539670698679826
14,87,13.658950191374506
14,88,14.295030470849353
14,89,17.491162710746078
14,90,18.984311556888308
14,91,22.7057503920489
14,92,25.595626056627623
14,93,28.548943196688928
14,94,32.25022660564262
14,95,34.426515428809736
14,96,36.76792107622972
14,97,40.13452673101495
14,98,39.04163099555868
14,99,35.375334047857024
14,100,32.955474177836116
14,101,32.31044769258561
14,102,29.674024313672827
14,103,30.28301229137716
14,104,27.357413036834576
14,105,24.10297334629626
14,106,21.033905297057835
14,107,19.72063926539327
14,108,16.23624721248683
14,109,12.580885089817423
14,110,10.69500545069786
14,111,7.656939356079348
14,112,6.338030276586494
15,1,38.99705216610139
15,2,36.69742713129161
15,3,33.348753968749655
15,4,30.28267135364199
15,5,26.8560277811986
15,6,24.464370246246098
15,7,20.74314682982449
15,8,20.351307835779295
15,9,16.728000746550485
15,10,17.195880094295294
15,11,13.635972626632727
15,12,10.443024881061822
15,13,7.000893848254692
15,14,3.815754653002162
15,16,3.79142945888216
15,17,6.298374927097999
15,18,5.380900754055258
15,19,8.001320949087303
15,20,8.486443603164703
15,21,12.140681820286567
15,22,14.22642293877626
15,23,17.533398291226803
15,24,21.021002771528355
15,25,24.35602188929329
15,26,27.824604967873817
15,27,30.836431720976968
15,28,33.24989161639962
15,29,33.54632908954112
15,30,36.43250821047404
15,31,36.840648450601904
15,32,35.84448867832884
15,33,33.17693895143753
15,34,29.896468041637583
15,35,26.426804056820778
15,36,24.39490324274342
15,37,20.94995860591689
15,38,20.78085910178289
15,39,18.616638079396765
15,40,20.989234024321547
15,41,24.481360464073052
15,42,26.572632119741563
15,43,28.87674599880173
15,44,27.12037893843734
15,45,23.557539003761985
15,46,21.604899338622563
15,47,22.36844855570025
15,48,18.990999027835755
15,49,20.977692064230407
15,50,24.67775216603045
15,51,25.98757794488611
15,52,29.35661414778813
15,53,28.796656690758986
15,54,26.376690283562443
15,55,23.953916502868346
15,56,20.19391731371943
15,57,18.567725367489537
15,58,14.936863369182781
15,59,16.16370779679712
15,60,17.648992785709897
15,61,19.54991378073347
15,62,19.13381246384157
15,63,22.946030599628575
15,64,23.097105562839584
15,65,25.535511161504715
15,66,28.152098259678816
15,67,28.949436765489356
15,68,32.10563462848022
15,69,32.38563306758655
15,70,28.627059170121196
15,71,27.733351848157653
15,72,24.099367135760737
15,73,22.09586420983188
15,74,18.50465495987997
15,75,16.32677624467575
15,76,13.460042470672953
15,77,11.382655085005132
15,78,10.420852188405316
15,79,9.1152758733224
15,80,7.245716629034447
15,81,8.493746835779257
15,82,9.041190814998556
15,83,12.516608490858637
15,84,11.974474972988421
15,85,11.221309904800036
15,86,13.99948109765507
15,87,15.935701968534518
15,88,16.79502703293777
15,89,20.261555578788958
15,90,21.941347025509334
15,91,25.556817568112464
15,92,28.53517045775396
15,93,31.261937359425882
15,94,35.01223294551142
15,95,36.99110249745437
15,96,39.16257752185155
15,97,42.38579503812151
15,98,41.02983890596921
15,99,37.41266709182525
15,100,35.26238972945987
15,101,34.754478412797525
15,102,32.314981154270974
15,103,33.23251432469882
15,104,30.477071710867133
15,105,27.149044397162168
15,106,24.285359589681757
15,107,23.002905103771354
15,108,19.39477008838339
15,109,15.826994809568001
15,110,13.507659839156341
15,111,10.07815358965797
15,112,7.913097650398936
16,1,40.80436598662281
16,2,38.388886406682474
