1,2,3.8158160250541684
1,3,7.1144749284528235
1,4,10.594372275573447
1,5,13.055214437155872
1,6,16.83499253677452
1,7,18.468934150125314
1,8,21.999511932528808
1,9,23.333698836900375
1,10,26.789455186471972
1,11,28.41008687903116
1,12,31.69812158668409
1,13,34.040777037628146
1,14,37.73915377184333
1,15,39.03964615531754
1,16,38.822846753906816
1,17,36.105492190961236
1,18,32.52774579258103
1,19,29.6616927322897
1,20,26.246675680224662
1,21,23.25920990344734
1,22,20.18437468317744
1,23,16.562312968751208
1,24,13.592086250196553
1,25,10.120269554294861
1,26,7.266908278807679
1,27,6.886099870634051
1,28,9.527682987266015
1,29,8.165700547374872
1,30,9.081007486774457
1,31,12.316126288621135
1,32,14.140100075903138
1,33,16.451294334143363
1,34,16.295009698554704
1,35,19.299490860957018
1,36,21.123319386732522
1,37,23.300089601829242
1,38,25.97246758003647
1,39,26.0539745549795
1,40,24.095766105845595
1,41,26.759056044480896
1,42,27.946383415847865
1,43,30.01859150703344
1,44,27.446664285252655
1,45,28.223220582341792
1,46,26.045899053504506
1,47,26.2049118973583
1,48,24.644618306809186
1,49,23.60314094159846
1,50,23.453191956817268
1,51,24.92229846439191
1,52,27.698429014402535
1,53,29.994971432161055
1,54,31.618418572381028
1,55,30.495694664863365
1,56,33.13310167229706
1,57,32.381159423153015
1,58,28.688618260168045
1,59,27.745730408790784
1,60,24.43409395279396
1,61,23.930246575671934
1,62,21.775142919616936
1,63,24.873010553217554
1,64,25.740422000719953
1,65,24.988708506722105
1,66,21.813669566419694
1,67,20.15232690200888
1,68,16.398781815600714
1,69,16.535598061658202
1,70,13.612128865695057
1,71,16.203055852210756
1,72,17.101628617238287
1,73,19.974055048549683
1,74,23.158820181441733
1,75,26.81720599767543
1,76,29.409318558321267
1,77,32.92951072070228
1,78,36.2826387650884
1,79,35.13010943913348
1,80,37.50740191391304
1,81,37.91856197806526
1,82,36.846506610067856
1,83,33.28116274601028
1,84,32.55937998713543
1,85,29.85443433802045
1,86,26.165558902970965
1,87,23.696797866083735
1,88,20.21973447306602
1,89,17.44501032691669
1,90,15.693707310798063
1,91,13.067060423314922
1,92,14.467524525078156
1,93,13.617150327401971
1,94,16.376692003618132
1,95,18.97164016505049
1,96,22.663291607095886
1,97,24.96422644833456
1,98,23.484452883376317
1,99,19.855299302034044
1,100,17.870928686760248
1,101,16.166884042358532
1,102,12.469729599154144
1,103,11.612781143568501
1,104,14.39252469268279
1,105,15.05733033252408
1,106,17.609780692632693
1,107,20.39223142636925
1,108,23.03050467083743
1,109,26.674723178238473
1,110,29.12421709085613
1,111,32.81933138358608
1,112,36.00382962237954
1,113,38.71925704842476
2,1,3.8158160250541684
2,3,3.8060148491430823
2,4,6.8881204046680375
2,5,9.620886341784042
2,6,13.320245756698055
2,7,15.298240558779069
2,8,18.68485680141156
2,9,20.087459459592914
2,10,23.411641325839998
2,11,24.88143691982652
2,12,28.090376129795604
2,13,30.365992435135286
2,14,34.03833575640555
2,15,35.26551352294142
2,16,35.042598595154516
2,17,32.37500863183903
2,18,28.804356851244453
2,19,25.9270379082001
2,20,22.561168373822532
2,21,19.515751160517993
2,22,16.534802164215883
2,23,12.852564880348721
2,24,10.08824165360948
2,25,6.564792401344567
2,26,4.5450235170021065
2,27,5.047690133220975
2,28,7.772401518395784
2,29,7.613183962156808
2,30,8.477014718294896
2,31,11.032366772367443
2,32,11.999629238728975
2,33,13.647387095232933
2,34,12.927832666327005
2,35,15.821329899230973
2,36,17.445642688021763
2,37,19.72480053325621
2,38,22.382378126397136
2,39,22.6838231975966
2,40,21.012572530854268
2,41,23.875373830209814
2,42,25.18756297790805
2,43,26.982875716312243
2,44,24.198024473484107
2,45,24.78514301168721
2,46,22.58786160213771
2,47,22.548222044296814
2,48,21.052460814582922
2,49,20.268526906059368
2,50,20.299060265483806
2,51,22.093579270998774
2,52,24.755982140938247
2,53,26.810554584797643
2,54,28.25461220448681
2,55,26.93716013279952
2,56,29.5296903083671
2,57,28.660410923101278
2,58,24.992385783729254
2,59,24.16382249476419
2,60,20.952611366336342
2,61,20.51330380464421
2,62,18.645346033510442
2,63,21.829994629409267
2,64,22.976325218987228
2,65,22.6700299974934
2,66,19.455496849929432
2,67,18.319411627024284
2,68,14.68215438370422
2,69,14.06910890081047
2,70,10.791549207369384
2,71,12.97868456835351
2,72,13.51832015484896
2,73,16.319364907942983
2,74,19.436185856468125
2,75,23.096334181530956
2,76,25.623246670321
2,77,29.168880779807612
2,78,32.4929573694889
2,79,31.319904659601747
2,80,33.702421661753846
2,81,34.165435855693154
2,82,33.11187390476761
2,83,29.518317561823093
2,84,28.867410654997517
2,85,26.261949340610002
2,86,22.62100825213955
2,87,20.020803404532913
2,88,16.610976243830166
2,89,13.711310121339501
2,90,12.21043677530529
2,91,9.818910836568016
2,92,11.878913070104428
2,93,11.920648601404977
2,94,14.963932398411176
2,95,17.806498691407665
2,96,21.568903285262373
2,97,23.723758846895524
2,98,21.725204390530376
2,99,17.9591545858789
2,100,16.01561525300158
2,101,13.843871436836775
2,102,10.339681714322326
2,103,8.839115483530147
2,104,11.164058924630597
2,105,11.620320457771097
2,106,14.466369815203747
2,107,16.94577373133073
2,108,19.476555209180486
2,109,23.164859106937453
2,110,25.47081396296102
2,111,29.19628720392251
2,112,32.31984865288342
2,113,35.0968088604241
3,1,7.1144749284528235
3,2,3.8060148491430823
3,4,3.7977779722560325
3,5,6.21211093753681
3,6,9.893875358534244
3,7,11.968547201960014
3,8,15.236263882279735
3,9,16.386284950877435
3,10,19.784030566858345
3,11,21.46778234974746
3,12,24.75271619886324
3,13,27.229278947536177
3,14,30.93465235687976
3,15,32.28928233032731
3,16,32.350143758103854
3,17,29.703095206017153
3,18,26.272249752165568
3,19,23.151151333761717
3,20,19.9311020543323
3,21,16.67649418674959
3,22,13.89399032063766
3,23,10.340967745805958
3,24,8.269511776166235
3,25,5.629615547170209
3,26,5.209875448376333
3,27,7.512499907612539
3,28,10.06088112890936
3,29,10.685511271547526
3,30,11.158464251042949
3,31,13.209431785598925
3,32,13.139675093581873
3,33,13.877311215846298
3,34,12.175254559674185
3,35,14.409616805484593
3,36,15.280694546967776
3,37,17.266185853417376
3,38,19.52493894925155
3,39,19.66944789896564
3,40,18.130966703149088
3,41,21.253319679961702
3,42,22.997006594514925
3,43,24.68914850171092
3,44,21.77221228932145
3,45,22.495461752687437
3,46,20.660936270869247
3,47,20.435012677475175
3,48,19.440516809063215
3,49,19.303837850907044
3,50,19.866905298651073
3,51,22.101088734240488
3,52,24.409689542372913
3,53,25.974544453108216
3,54,27.17191605073474
3,55,25.439463632030606
3,56,27.955678280117663
3,57,26.70024962499115
3,58,23.167575612231822
3,59,22.655685148330857
3,60,19.721553382318707
3,61,19.124984875593725
3,62,17.89792266971133
3,63,21.313376926970854
3,64,23.011008742405874
3,65,23.28784277209433
3,66,19.98567440783716
3,67,19.560669524482904
3,68,16.235589184072264
3,69,14.733493996917696
3,70,11.061335996875286
3,71,12.135894664336918
3,72,12.179774590532418
3,73,14.351281926955735
3,74,17.40994102255379
3,75,20.9225322461635
3,76,23.260598329609433
3,77,26.88076795654843
3,78,30.019745404537794
3,79,28.542269847027534
3,80,30.780771466798132
3,81,30.998421604271087
3,82,30.073604592826122
3,83,26.53378629290069
3,84,25.592984303339463
3,85,22.894708616536573
3,86,19.200485804942907
3,87,16.858579040814732
3,88,13.545436432635745
3,89,11.021327993105995
3,90,10.11323077866482
3,91,8.855765066116751
3,92,11.780742156187275
3,93,12.9038388317471
3,94,16.30835238741733
3,95,18.97769181221902
3,96,22.69658586282628
3,97,24.410855380885337
3,98,22.07785876156072
3,99,18.311216573784797
3,100,16.03896627832821
3,101,13.13898851650526
3,102,9.917718985312764
3,103,7.139593393625039
3,104,8.403690875057698
3,105,8.128917696635229
3,106,10.737641879492639
3,107,13.336557460261295
3,108,15.920636353624118
3,109,19.56128304589527
3,110,22.051762928754254
3,111,25.725276488514837
3,112,28.962649517685275
3,113,31.678834092459038
4,1,10.594372275573447
4,2,6.8881204046680375
4,3,3.7977779722560325
4,5,3.823072167484154
4,6,6.880049481682094
4,7,9.748194299488866
4,8,12.554589723982676
4,9,13.776371313864042
4,10,16.87785593158267
4,11,18.281276011997058
4,12,21.408535020039533
4,13,23.75871586364115
4,14,27.41297994191642
4,15,28.622652776374824
4,16,28.65068763799528
4,17,26.10046507250823
4,18,22.679291979158155
4,19,19.5603486372818
4,20,16.451350078278494
4,21,13.082057766365365
4,22,10.5697138256762
4,23,6.975642819509478
4,24,5.930764178874077
4,25,4.47966710861335
4,26,6.571803167617334
4,27,8.861200949479818
4,28,10.535563571736983
4,29,12.017511625083346
4,30,12.33705970714473
4,31,13.422546139573285
4,32,12.379522716514243
4,33,12.070728126371604
4,34,9.552985859243748
4,35,11.307707081015847
4,36,11.725549117389745
4,37,13.842939362611009
4,38,16.068315766232086
4,39,16.5931275693112
4,40,15.559185363373954
4,41,18.892143141417296
4,42,20.72950777644927
4,43,21.98422514356387
4,44,18.807357373413733
4,45,19.216734488855924
4,46,17.366728793284835
4,47,16.844479670997963
4,48,15.982205877231424
4,49,16.259101336183605
4,50,17.099153357196677
4,51,19.677661903831357
4,52,21.746546796807532
4,53,22.957561343985596
4,54,23.90925251368196
4,55,21.948126933077326
4,56,24.395317429355593
4,57,23.009495706276702
4,58,19.54213440964911
4,59,19.240847894468978
4,60,16.543900782402524
4,61,16.117833408167467
4,62,15.417601468144426
4,63,18.78457551777354
4,64,20.76947817900275
4,65,21.600649406380008
4,66,18.449425317817926
4,67,18.66486551260355
4,68,15.744170632608538
4,69,13.495104120160073
4,70,9.86571223250192
4,71,9.975474233347335
4,72,9.182667467654678
4,73,11.036758008329127
4,74,13.852201865050242
4,75,17.334524575299163
4,76,19.525952336500232
4,77,23.180569661667523
4,78,26.274727727185216
4,79,24.782669437215866
4,80,27.026233106800653
4,81,27.341495910987454
4,82,26.408057681291332
4,83,22.822829059558714
4,84,22.026657851253308
4,85,19.48848372770706
4,86,15.887955359375173
4,87,13.29030478583447
4,88,10.108758324819348
4,89,7.367992536634949
4,90,7.195009983996101
4,91,6.9299690683684725
4,92,10.534572812265111
4,93,12.691117899722137
4,94,15.979019225272026
4,95,18.694741313986537
4,96,22.26193616942054
4,97,23.77052874613802
4,98,20.96650704829497
4,99,17.267741298933704
4,100,15.255664851452597
4,101,12.054892491627239
4,102,9.686824903647876
4,103,6.486857298898655
4,104,6.188058865330146
4,105,5.255495498966098
4,106,8.468993413891752
4,107,10.287940643198992
4,108,12.662209186893715
4,109,16.368198653375917
4,110,18.592820671542157
4,111,22.32293600072114
4,112,25.460140251375417
4,113,28.29576456949933
5,1,13.055214437155872
5,2,9.620886341784042
5,3,6.21211093753681
5,4,3.823072167484154
5,6,3.8097112766061896
5,7,5.985774901094799
5,8,9.092085365403063
5,9,10.675112383768266
5,10,13.874021715093589
5,11,15.359678422241371
5,12,18.70092535421488
5,13,21.230779274490885
5,14,24.983311371182058
5,15,26.600025494543264
5,16,26.85062728469437
5,17,24.06272572518735
5,18,20.799303369877833
5,19,17.48429973562945
5,20,14.337298781779023
5,21,11.110341625273463
5,22,8.403785241320334
5,23,5.600180990124239
5,24,5.292774204509671
5,25,6.156726000982423
5,26,8.06134846305798
5,27,11.248216319398596
5,28,13.356697737261637
5,29,15.309337418113257
5,30,15.971109557543421
5,31,16.917302948275978
5,32,15.825323878462427
5,33,15.016979570059332
5,34,11.983072208047538
5,35,13.178405941217717
5,36,12.579228040752065
5,37,14.532144503770004
5,38,16.023564809211784
5,39,16.618478957671922
5,40,16.121865033311554
5,41,19.76094621246151
5,42,22.112674272612796
5,43,23.067675578129236
5,44,19.708898650203103
5,45,20.003075449468994
5,46,18.504879957294783
5,47,17.362466192630645
5,48,16.87159861678853
5,49,17.89300472731431
5,50,18.789566328849457
5,51,21.804642031324367
5,52,23.740708556953336
5,53,24.51508897345768
5,54,24.938402926726088
5,55,22.492705920701603
5,56,24.49812122696789
5,57,22.57637855637539
5,58,19.266212417682233
5,59,18.87618731937682
5,60,16.367140269613316
5,61,15.219195828471367
5,62,15.010736828803246
5,63,18.63651340067207
5,64,21.185503747166685
5,65,22.273996331636518
5,66,18.948812064629404
5,67,19.708145213249356
5,68,17.214112214048136
5,69,14.507471275164164
5,70,10.868566902075882
5,71,9.821330314533324
5,72,9.459502696009736
5,73,10.050692200418421
5,74,13.07938126754526
5,75,16.1204252615723
5,76,18.43495462710926
5,77,21.957171969814443
5,78,24.90651262528366
5,79,23.241841953309837
5,80,25.562444924245245
5,81,25.725504932408732
5,82,25.289029702921578
5,83,21.715499048859336
5,84,20.53136018539058
5,85,18.163240352671963
5,86,14.633994519583437
5,87,12.482396053358068
5,88,10.070611808197567
5,89,8.025365408577562
5,90,9.439725338315215
5,91,10.243728658670179
5,92,13.998269876567205
5,93,16.42842239883637
5,94,19.641227467773657
5,95,22.36518778349251
5,96,25.86427246108822
5,97,27.240295504901415
5,98,24.277538543324297
5,99,20.666740311135737
5,100,18.67045717480786
5,101,15.269132687080099
5,102,13.196556731731896
5,103,9.67502514315081
5,104,8.182045549971106
5,105,5.323353816225946
5,106,7.157036054709605
5,107,8.743380979254376
5,108,10.404614513078515
5,109,14.13163140714634
5,110,16.460397285884785
5,111,20.107078517585975
5,112,23.234573308106423
5,113,25.755520627956948
6,1,16.83499253677452
6,2,13.320245756698055
6,3,9.893875358534244
6,4,6.880049481682094
6,5,3.8097112766061896
6,7,3.8269342288170427
6,8,5.725291097477572
6,9,7.396574465637429
6,10,10.250999485674388
6,11,11.586404614427279
6,12,14.906897473547428
6,13,17.507406745601426
6,14,21.261245739404835
6,15,22.949695274238437
6,16,23.399816465816247
6,17,20.654379375220923
6,18,17.577789771988453
6,19,14.082502105716674
6,20,11.222318515311644
6,21,7.891446785301082
6,22,5.911881387477583
6,23,4.6977983625681805
6,24,6.729465687239365
6,25,8.98712523431034
6,26,11.514442615962015
6,27,14.522540232020694
6,28,16.171668396134763
6,29,18.428361564646448
6,30,18.95716693906413
6,31,19.41673724257008
6,32,17.752654151908892
6,33,16.184256403893244
6,34,12.656074241588119
6,35,12.887246584310489
6,36,11.23385731497302
6,37,12.84432409918039
6,38,13.649424124877681
6,39,14.50864534217703
6,40,14.769138340319499
6,41,18.545492993060716
6,42,21.17169263940862
6,43,21.62889655398749
6,44,18.118771332472935
6,45,18.16830716086004
6,46,17.03867726805051
6,47,15.41398685066859
6,48,15.462347142954252
6,49,17.251128038072505
6,50,18.50978517035368
6,51,21.825848824556367
6,52,23.34128792146338
6,53,23.537445095586456
6,54,23.524561472031742
6,55,20.674928324496893
6,56,22.383548782249534
6,57,20.050958830866502
6,58,17.048652152431522
6,59,17.001967824568304
6,60,15.068985044811898
6,61,13.837008212104518
6,62,14.578740049524125
6,63,18.04085963333168
6,64,21.006884890223663
6,65,22.681861918815045
6,66,19.586250989141313
6,67,21.01318023549311
6,68,19.05060865751396
6,69,15.849553461830068
6,70,12.617905625820635
6,71,10.46627022086599
6,72,9.416417959477444
6,73,8.59925961624295
6,74,11.025499707915333
6,75,13.53063479647484
6,76,15.536666408797903
6,77,18.99193738524646
6,78,21.696790424508578
6,79,19.80723645013225
6,80,22.057486980865026
6,81,22.12134056594744
6,82,21.923534018257065
6,83,18.389248407120167
6,84,17.041248501810053
6,85,14.891396287296761
6,86,11.570713473679675
6,87,9.661827136486616
6,88,8.220547489433107
6,89,7.1172691992483825
6,90,9.865960749727963
6,91,11.809692030185053
6,92,15.561448454291797
6,93,18.540152350802497
6,94,21.588572709547993
6,95,24.16551687000642
6,96,27.441847058082683
6,97,28.519429856331303
6,98,25.28454984694441
6,99,21.90100610468077
6,100,20.068996253064853
6,101,16.5539437165806
6,102,15.237916988546855
6,103,11.733082053369465
6,104,9.098923023717878
6,105,5.526496393375135
6,106,6.147925437792804
6,107,6.161763181999729
6,108,6.841935460394509
6,109,10.573793161623769
6,110,12.746733448212758
6,111,16.37213275805412
6,112,19.45800059334527
6,113,21.946605627899213
7,1,18.468934150125314
7,2,15.298240558779069
7,3,11.968547201960014
7,4,9.748194299488866
7,5,5.985774901094799
7,6,3.8269342288170427
7,8,3.8159556304796944
7,9,6.495437718565749
7,10,9.331459422529838
7,11,10.735474150892415
7,12,14.289265508846661
7,13,17.029406155412115
7,14,20.82397240839784
7,15,23.069364652491974
7,16,23.706707557868913
7,17,20.649435735557137
7,18,17.842630331898047
7,19,14.358337527705508
7,20,11.531043960290228
7,21,9.059799933459132
7,22,6.9680416361624955
7,23,7.157390972724787
7,24,8.481991273842915
7,25,11.175785185088174
7,26,12.965571428176794
7,27,16.402201192475435
7,28,18.539915938341625
7,29,20.94414829284828
7,30,21.81697857420738
7,31,22.443248868218216
7,32,21.111465996689883
7,33,19.648299894300457
7,34,16.172323015739284
7,35,16.533617056064454
7,36,14.70797519194437
7,37,16.212814157197684
7,38,16.50026485172024
7,39,17.274311184262036
7,40,17.74813504263555
7,41,21.541029464555262
7,42,24.43079545406594
7,43,24.808418110294948
7,44,21.32913848351275
7,45,21.346821472090614
7,46,20.422711679102335
7,47,18.466211386859925
7,48,18.583612562414892
7,49,20.586021521752514
7,50,21.600399022497125
7,51,25.062103636564245
7,52,26.66685578626637
7,53,26.7457518878218
7,54,26.386760643996862
7,55,23.322358981617256
7,56,24.573567594203514
7,57,21.896856875904234
7,58,19.092951239125835
7,59,18.718097844846145
7,60,16.850006457672002
7,61,14.832702692167828
7,62,15.654458925769577
7,63,19.23845893100386
7,64,22.48567728001197
7,65,24.058683814978867
7,66,20.791882264788555
7,67,22.384853324958833
7,68,20.666324809172757
7,69,17.47401857595128
7,70,14.33210151663589
7,71,11.898535087853595
7,72,11.80784865255873
7,73,10.338411777711027
7,74,12.90799228811883
7,75,14.763452799468558
7,76,16.96611063319542
7,77,20.03874775248699
7,78,22.56186219608073
7,79,20.65040771387835
7,80,22.99089063780257
7,81,22.917794966542473
7,82,23.328628919645446
7,83,19.942131369759547
7,84,18.22392981104112
7,85,16.400068061443392
7,86,13.426264477834334
7,87,12.261042869433265
7,88,11.575493435090522
7,89,10.875876860857877
7,90,13.683801339969982
7,91,15.444899681121026
7,92,19.23045363267579
7,93,22.04036920247958
7,94,25.108717444633054
7,95,27.79745414651761
7,96,31.141273456635975
7,97,32.29448775622197
7,98,29.08753056715583
7,99,25.667240240534397
7,100,23.793012957704487
7,101,20.252849716593975
7,102,18.6938247280472
7,103,15.06293617836742
7,104,12.61617213780463
7,105,8.904241867392923
7,106,8.361381345809816
7,107,8.491652890629862
7,108,8.030872207413543
7,109,11.16653153559066
7,110,13.320017372134288
7,111,16.576179900954017
7,112,19.500695597115747
7,113,21.414156970224813
8,1,21.999511932528808
8,2,18.68485680141156
8,3,15.236263882279735
8,4,12.554589723982676
8,5,9.092085365403063
8,6,5.725291097477572
8,7,3.8159556304796944
8,9,3.7949658128651684
8,10,5.669365128964271
8,11,6.991603592801757
8,12,10.602866477768286
8,13,13.553943753249168
8,14,17.3211511094371
8,15,19.69805155638302
8,16,20.679245714666717
8,17,17.752239937286436
8,18,15.34172847417534
8,19,11.706120220502285
8,20,9.615950994947628
8,21,7.512591497721467
8,22,7.0754889596111346
8,23,8.773163686495236
8,24,11.213985029912447
8,25,14.211833666496748
8,26,16.45860550873808
8,27,19.69869611351098
8,28,21.460613038227386
8,29,23.964858159666154
8,30,24.63887486908929
8,31,24.952602975548906
8,32,23.171339496205967
8,33,21.213078736400234
8,34,17.51239097916669
8,35,17.08945583603546
8,36,14.521708148615373
8,37,15.47615235624267
8,38,14.963997032603988
8,39,15.852467170452801
8,40,17.0072627055044
8,41,20.717959923473188
8,42,23.781067497840514
8,43,23.711789403460816
8,44,20.25643355195985
8,45,20.109846391910878
8,46,19.660277417738573
8,47,17.405855589316783
8,48,18.117149595935576
8,49,20.7105180291325
8,50,22.07522997805429
8,51,25.653766071433424
8,52,26.805285306478186
8,53,26.344001192443475
8,54,25.625786032313847
8,55,22.265578344967047
8,56,23.20333597786034
8,57,20.16149352468777
8,58,17.862285228692684
8,59,17.947184162538612
8,60,16.815072732268774
8,61,14.918679106270785
8,62,16.61510822303593
8,63,19.835287755136644
8,64,23.313712279541512
8,65,25.384878854915993
8,66,22.43279329725985
8,67,24.491462597399558
8,68,23.14971566136457
8,69,19.686597292695232
8,70,16.897746219883434
8,71,13.950102854994217
8,72,13.224287568934558
8,73,10.840114803843916
8,74,12.39990788294386
8,75,13.40101024207665
8,76,15.00541260662085
8,77,17.84022604517555
8,78,19.921165433905472
8,79,17.69363066121895
8,80,19.821622753229196
8,81,19.525445381646193
8,82,20.256624481076408
8,83,17.06544755987554
8,84,15.075591137954982
8,85,13.59267816055088
8,86,11.14572866813099
8,87,10.668514514488855
8,88,11.181512479679167
8,89,11.489286051701955
8,90,14.832366772104507
8,91,17.27322260304413
8,92,20.93926144171053
8,93,24.106044074455415
8,94,27.05655583451943
8,95,29.552807201574073
8,96,32.68093211854623
8,97,33.53302547417126
8,98,30.160960898473544
8,99,26.985397739689837
8,100,25.21992503609329
8,101,21.648726688543288
8,102,20.67218527626526
8,103,17.12418373801113
8,104,14.07461351577974
8,105,10.387280606125312
8,106,9.059631406428512
8,107,7.752371191541289
8,108,5.709832329177529
8,109,8.069025080577106
8,110,9.952467187537973
8,111,12.969572381267456
8,112,15.836897633129233
8,113,17.631883136601733
9,1,23.333698836900375
9,2,20.087459459592914
9,3,16.386284950877435
9,4,13.776371313864042
9,5,10.675112383768266
9,6,7.396574465637429
9,7,6.495437718565749
9,8,3.7949658128651684
9,10,3.802148753347061
9,11,6.93381546453533
9,12,10.399777225495876
9,13,13.862468781630525
9,14,17.430922111437614
9,15,19.71118136981586
9,16,21.278697323595015
9,17,18.82499861325291
9,18,16.85391462003986
9,19,13.093312508555206
9,20,11.86640718238217
9,21,9.472245967862774
9,22,9.987203228052433
9,23,11.237023544850475
9,24,13.877778440251461
9,25,16.368939527458878
9,26,18.614772144824634
9,27,21.827039083777272
9,28,23.551569868898756
9,29,25.67090022218327
9,30,25.952134463308244
9,31,26.47108393996544
9,32,24.443089681781103
9,33,22.511606354385712
9,34,18.79884778665236
9,35,17.82932062118308
9,36,14.929807075792239
9,37,14.950018792694303
9,38,13.744626897399268
9,39,13.854104773196742
9,40,14.910478912844159
9,41,18.47419934108013
9,42,21.834591305897337
9,43,21.887919109872463
9,44,18.723315217403638
9,45,19.120345608306668
9,46,19.354024666952586
9,47,17.532184731424504
9,48,18.952098708899474
9,49,21.71416015908301
9,50,23.63059360573029
9,51,27.04842843913787
9,52,27.79548306605318
9,53,27.077421385368396
9,54,26.545359733717277
9,55,23.170822009489953
9,56,24.32773697475136
9,57,21.24404615788235
9,58,19.301591131164546
9,59,20.055984434866648
9,60,19.310890816694204
9,61,17.9148861854594
9,62,19.808443800588968
9,63,22.89592039161014
9,64,26.29099483903619
9,65,28.51051531271697
9,66,25.658841136298907
9,67,27.626165789739815
9,68,26.075318339849186
9,69,22.655787942923066
9,70,19.713018794863075
9,71,16.998576569904127
9,72,15.736046017318204
9,73,13.56310001277299
9,74,14.578010566304703
9,75,15.443346833981089
9,76,16.254443323972016
9,77,19.124322550003775
9,78,20.719870273253964
9,79,17.935755180371743
9,80,19.38478892635186
9,81,18.394617862771817
9,82,18.97528338518555
9,83,16.144524476871393
9,84,13.520823606693803
9,85,11.490476360823578
9,86,9.005782178187271
9,87,9.715312205104164
9,88,10.521676581764087
9,89,11.985687116074155
9,90,15.087754386420752
9,91,18.004370028156973
9,92,21.48155930393649
9,93,24.748280401797217
9,94,27.859380498892005
9,95,29.969494256769885
9,96,32.97638362355381
9,97,33.42483231841961
9,98,30.172791007299924
9,99,27.17974226029717
9,100,25.102086639938655
9,101,21.40589056808438
9,102,20.69797594583096
9,103,17.138264900538882
9,104,13.771901019999547
9,105,10.285678264267254
9,106,7.771134200227164
9,107,6.251377416157904
9,108,4.414141959993306
9,109,5.706974142077272
9,110,8.675294004693896
9,111,11.359620066330027
9,112,14.748596675296572
9,113,16.595996143099736
10,1,26.789455186471972
10,2,23.411641325839998
10,3,19.784030566858345
10,4,16.87785593158267
10,5,13.874021715093589
10,6,10.250999485674388
10,7,9.331459422529838
10,8,5.669365128964271
10,9,3.802148753347061
10,11,3.7408484498049233
10,12,6.856386251566456
10,13,10.466366523732544
10,14,13.876303880327221
10,15,16.311856858089943
10,16,18.19505505211016
10,17,15.91366313011022
10,18,14.507567151452438
10,19,10.918546103710908
10,20,10.724644831805493
10,21,9.290918044275438
10,22,10.966607390748138
10,23,13.177445772904582
10,24,16.258976110757
10,25,19.121311498696368
10,26,21.663277953168944
10,27,24.72985138699211
10,28,26.160612497841328
10,29,28.51555950672705
10,30,28.80024012624244
10,31,28.948737176579623
10,32,26.659785223447354
10,33,24.31494902735459
10,34,20.53080177778081
10,35,19.09677345953194
10,36,15.77228037244569
10,37,15.507418959674157
10,38,13.636286475226528
10,39,14.148690020121645
10,40,16.040541921173006
10,41,19.339896829241624
10,42,22.647270936576163
10,43,22.101325613485603
10,44,18.9913730032889
10,45,18.967219975081484
10,46,19.51952885279635
10,47,17.30478763236689
10,48,19.074454282444584
10,49,22.26671876758827
10,50,24.262431854916528
10,51,27.757808933766157
10,52,28.171459105973703
10,53,26.985829655430294
10,54,26.004142702210867
10,55,22.412948232130933
10,56,23.09365930805494
10,57,19.71241287230693
10,58,18.363236386543566
10,59,19.383367407789848
10,60,19.30745704372074
10,61,17.957067100646395
10,62,20.45354690614583
10,63,23.138307500738225
10,64,26.670475053377302
10,65,29.24858533567262
10,66,26.69922111082196
10,67,29.07215989272113
10,68,27.94464331669471
10,69,24.334994818694703
10,70,21.784868150550846
10,71,18.668836728193206
10,72,17.197603237433558
10,73,14.399285661080906
10,74,14.573267001354717
10,75,14.491787350167671
10,76,14.704735998391136
10,77,17.071672938327104
10,78,18.13298963546568
10,79,15.15392709360556
10,80,16.40014550221376
10,81,15.260748556101188
10,82,16.37393416367429
10,83,13.839757674036495
10,84,11.029732462259796
10,85,9.858268845210066
10,86,8.597870577025493
10,87,9.957594277868775
10,88,11.999409478068204
10,89,13.847943469740994
10,90,17.264573983556065
10,91,20.42715937132604
10,92,23.76502920225963
10,93,27.237359069682604
10,94,30.112998890327823
10,95,32.16998002366148
10,96,34.96983788745843
10,97,35.27573611962959
10,98,31.857295837245832
10,99,29.095102508233808
10,100,27.30608338409437
10,101,23.738198486651175
10,102,23.47907384287962
10,103,20.11691577336629
10,104,16.55017959980519
10,105,13.29263641753258
10,106,11.013147779858475
10,107,8.519373723465895
10,108,5.288991443152593
10,109,4.250509933541098
10,110,6.008972143001348
10,111,8.04938581074806
10,112,11.196930189358934
10,113,12.824135741904579
11,1,28.41008687903116
11,2,24.88143691982652
11,3,21.46778234974746
11,4,18.281276011997058
11,5,15.359678422241371
11,6,11.586404614427279
11,7,10.735474150892415
11,8,6.991603592801757
11,9,6.93381546453533
11,10,3.7408484498049233
11,12,3.6524557575029943
11,13,6.983342931868374
11,14,10.60223194624197
11,15,13.155054164823206
11,16,14.775592062279484
11,17,12.277418338335838
11,18,10.996209271978795
11,19,7.603962030760574
11,20,8.068116905787482
11,21,7.8885356203999955
11,22,10.257930615769904
11,23,13.289590813992614
11,24,16.581707988146285
11,25,19.832781424084153
11,26,22.639938811987225
11,27,25.48846884526273
11,28,26.600773243091233
11,29,29.303428487492422
11,30,29.752549124346263
11,31,29.454210255045822
11,32,27.066011787789993
11,33,24.373690195133253
11,34,20.60100634651911
11,35,19.078436803683367
11,36,15.67269761847915
11,37,15.766452321705037
11,38,13.958715090051006
11,39,15.344566875582418
11,40,17.81669749645737
11,41,21.015412894291696
11,42,24.00991684734726
11,43,22.94529807685168
11,44,19.688982056084587
11,45,18.941759850897473
11,46,19.23734889453639
11,47,16.462399157093635
11,48,18.040873405669213
11,49,21.44086391976161
11,50,23.17686140362207
11,51,26.77678158802114
11,52,27.13043528935605
11,53,25.72435349774757
11,54,24.270475512571565
11,55,20.544832150691786
11,56,20.692551975272682
11,57,17.115384619789445
11,58,16.074140288142114
11,59,16.966290188065635
11,60,17.325444122358242
11,61,15.892021487836878
11,62,18.819132384829775
11,63,21.10580140273498
11,64,24.72204448214832
11,65,27.539968353982502
11,66,25.282846383371346
11,67,28.01879022509735
11,68,27.369673258759654
11,69,23.63150358351296
11,70,21.567919260297742
11,71,18.104080479791175
11,72,16.631556859373283
11,73,13.317054946051842
11,74,12.874942291093241
11,75,11.955789920850728
11,76,12.034721070087306
11,77,13.92865909679737
11,78,14.890732753382448
11,79,12.162110917915596
11,80,13.85662909684374
11,81,13.320035252228394
11,82,14.892360605966037
11,83,12.265216907087089
11,84,10.08803488868897
11,85,10.161075944434522
11,86,9.778962253930798
11,87,10.511591847328425
11,88,13.125168136131325
11,89,14.587686364887638
11,90,18.284749205053817
11,91,21.361183764292978
11,92,24.630981572911498
11,93,28.197137226121374
11,94,30.755760298640922
11,95,32.96533459247636
11,96,35.64135272903943
11,97,36.07179665578883
11,98,32.45645931458842
11,99,29.79530772024628
11,100,28.447321919321986
11,101,25.08436702769431
11,102,25.05486802208119
11,103,21.8917769737112
11,104,18.34771478433155
11,105,15.204371719240777
11,106,13.648561502394932
11,107,10.692714374897573
11,108,6.924936481767001
11,109,5.901306163907573
11,110,5.09392650914032
11,111,6.9023609852748
11,112,9.089041571319921
11,113,10.698581301578669
12,1,31.69812158668409
12,2,28.090376129795604
12,3,24.75271619886324
12,4,21.408535020039533
12,5,18.70092535421488
12,6,14.906897473547428
12,7,14.289265508846661
12,8,10.602866477768286
12,9,10.399777225495876
12,10,6.856386251566456
12,11,3.6524557575029943
12,13,3.6770513226558004
12,14,7.042011392889489
12,15,9.69677131567204
12,16,11.709499999469866
12,17,9.619368144690373
12,18,9.343269132441977
12,19,6.786323479576338
12,20,8.886757153003847
12,21,9.787387163024853
12,22,12.77079341108852
12,23,16.043552655192602
12,24,19.48393640470068
12,25,22.794691679855504
12,26,25.78899889639836
12,27,28.439161673712412
12,28,29.253620163862298
12,29,32.05382262507464
12,30,32.441737034473604
12,31,31.840497314456922
12,32,29.240296388188526
12,33,26.262939675482716
12,34,22.571781509939367
12,35,20.67746941650284
12,36,17.116502692611583
12,37,16.925295022836558
12,38,14.713694366626282
12,39,16.388049542885287
12,40,19.366836836897424
12,41,22.195638199812247
12,42,24.989337738622837
12,43,23.41359058162198
12,44,20.3453499196506
12,45,19.206217254875032
12,46,19.773263894264065
12,47,16.806298098445687
12,48,18.64590866139009
12,49,22.27853289528198
12,50,24.064691520057732
12,51,27.58799485665386
12,52,27.569493077937473
12,53,25.726865710330426
12,54,23.873069047669166
12,55,20.077682456387652
12,56,19.70425180512968
12,57,15.964940652811684
12,58,15.738887404557628
12,59,16.961897930795836
12,60,18.07186451196693
12,61,16.93035332580724
12,62,20.26659929737124
12,63,22.005312431818183
12,64,25.568044914372095
12,65,28.677092137208213
12,66,26.810003287297448
12,67,29.81465647741415
12,68,29.51754673484381
12,69,25.726548871947852
12,70,24.04426640472295
12,71,20.45125359764045
12,72,18.773707000978924
12,73,15.267113222014139
12,74,13.998492391403552
12,75,12.147192208269724
12,76,11.332235185918208
12,77,12.356409182074733
12,78,12.480868143699803
12,79,9.594958620633296
12,80,10.991274966809115
12,81,10.480996720088967
12,82,12.71027934365785
12,83,10.62321115917983
12,84,8.745811531754528
12,85,10.143448748576532
12,86,11.058523950905498
12,87,12.069143631343184
12,88,15.269600647512958
12,89,16.942551210233987
12,90,20.63163134721605
12,91,23.816250968010703
12,92,26.85757361018888
12,93,30.52572790712949
12,94,32.8393630281379
12,95,34.934918404069045
12,96,37.372431747734986
12,97,37.64979675793063
12,98,33.94554021912371
12,99,31.554868491904486
12,100,30.478235159502038
12,101,27.296781007974516
12,102,27.653430880215176
12,103,24.715046071780797
12,104,21.09883655073133
12,105,18.235786544277893
12,106,16.800632704289796
12,107,13.524505824606868
12,108,9.765106332431747
12,109,7.836687140373287
12,110,5.247625387760809
12,111,5.193373776212073
12,112,5.953455218685608
12,113,7.377241294435948
13,1,34.040777037628146
13,2,30.365992435135286
13,3,27.229278947536177
13,4,23.75871586364115
13,5,21.230779274490885
13,6,17.507406745601426
13,7,17.029406155412115
13,8,13.553943753249168
13,9,13.862468781630525
13,10,10.466366523732544
13,11,6.983342931868374
13,12,3.6770513226558004
13,14,3.7994677145178706
13,15,6.565722783550104
13,16,8.298946148009335
13,17,6.217149050723013
13,18,6.970542176475014
13,19,5.936362587371471
13,20,9.1155598826097
13,21,11.153088237687394
13,22,14.308807807277171
13,23,17.820756916624045
13,24,21.24460290828979
13,25,24.671581776237392
13,26,27.805475334500112
13,27,30.205417021883655
13,28,30.709199410665416
13,29,33.70794222875199
13,30,34.1765392080505
13,31,33.2059059406629
13,32,30.531006831148453
13,33,27.31459795250013
13,34,23.77524708368292
13,35,21.80339747511416
13,36,18.346902087294694
13,37,18.350996059769127
13,38,16.27454439852876
13,39,18.46357750705638
13,40,21.734795073154984
13,41,24.35204346068426
13,42,26.81059346663493
13,43,24.8197815651784
13,44,21.798812258842283
13,45,20.094826042178607
13,46,20.49199946417541
13,47,17.224748423348842
13,48,18.863619771144627
13,49,22.538303778398063
13,50,24.070390997280903
13,51,27.534787319013873
13,52,27.35825437014501
13,53,25.263141926793516
13,54,22.946605041994708
13,55,19.1668296674667
13,56,18.12744041556862
13,57,14.327331406962731
13,58,14.764736514814475
13,59,15.928543024661511
13,60,17.63820814368621
13,61,16.64516026568465
13,62,20.2568806838357
13,63,21.401530964010888
13,64,24.869567166345245
13,65,28.182175824857975
13,66,26.726933259209368
13,67,29.998732042888186
13,68,30.1518735662458
13,69,26.36007958454862
13,70,25.174038022412546
13,71,21.46586759081341
13,72,19.794913172725654
13,73,16.142647016728805
13,74,14.265060984131411
13,75,11.557935521725168
13,76,10.275700352514953
13,77,10.17685249478866
13,78,9.679642103566904
13,79,7.298509322349029
13,80,9.060603813877314
13,81,9.48789077276618
13,82,12.197429575117871
13,83,10.462944079790864
13,84,9.718843657630892
13,85,12.127397835574032
13,86,13.606206325913018
13,87,14.17811639553794
13,88,17.527587162043382
13,89,18.918140372837083
13,90,22.60607261041068
13,91,25.658278508664647
13,92,28.52262912188495
13,93,32.20186640368572
13,94,34.197468698493786
13,95,36.337357278056146
13,96,38.593393042288916
13,97,38.92167650701867
13,98,35.10887148391669
13,99,32.89678863289071
13,100,32.20954851053283
13,101,29.26677498610389
13,102,29.846796282781362
13,103,27.134329741506086
13,104,23.599053197901707
13,105,20.928663865705214
13,106,19.910624435706268
13,107,16.493000978786736
13,108,12.777747706018179
13,109,11.072846705084347
13,110,7.819908492407646
13,111,7.1211491899332415
13,112,5.733859231667008
13,113,6.7064686205439
14,1,37.73915377184333
14,2,34.03833575640555
14,3,30.93465235687976
14,4,27.41297994191642
14,5,24.983311371182058
14,6,21.261245739404835
14,7,20.82397240839784
14,8,17.3211511094371
14,9,17.430922111437614
14,10,13.876303880327221
14,11,10.60223194624197
14,12,7.042011392889489
14,13,3.7994677145178706
14,15,3.7969070615729237
14,16,6.354766181953405
14,17,5.750695936805558
14,18,8.362535428554926
14,19,8.835712609545356
14,20,12.371957954059281
14,21,14.667784572400128
14,22,17.91113482944311
14,23,21.42261645319439
14,24,24.860475836057173
14,25,28.275346554332884
14,26,31.47385192701198
14,27,33.76216186175152
14,28,34.092300474209864
14,29,37.120652680572604
14,30,37.53736696470303
14,31,36.38464906133388
14,32,33.58852932109837
14,33,30.226661913279123
14,34,26.811021272381335
14,35,24.621510467674117
14,36,21.16653903920622
14,37,20.919539987169678
14,38,18.6164371152528
14,39,20.813222270021498
14,40,24.299803303004346
14,41,26.562591885346112
14,42,28.83313522610603
14,43,26.49016829657767
14,44,23.762901995858773
14,45,21.857437039850478
14,46,22.510616379340536
14,47,19.291239922187156
14,48,21.077431277538224
14,49,24.781659958966497
14,50,26.31469569471118
14,51,29.608541779080777
14,52,29.098883227165985
14,53,26.654673069586444
14,54,24.030166493058182
14,55,20.374553925616404
14,56,18.81541997816784
14,57,15.142813635936452
14,58,16.44253358072457
14,59,17.807346588019815
14,60,20.04873429531593
14,61,19.317511356175714
14,62,23.045788906320677
14,63,23.720464704163252
14,64,27.021742466906503
14,65,30.482185847247848
14,66,29.374065688111244
14,67,32.78931791370667
14,68,33.20515897795898
14,69,29.441066654127987
14,70,28.51781921853511
14,71,24.80162571693404
14,72,23.062261307029598
14,73,19.43147919288497
14,74,17.177379744458925
14,75,14.060848860278746
14,76,12.171944845242987
14,77,10.971200495659486
14,78,9.162784992357574
14,79,7.215608427090182
14,80,8.027356310497273
14,81,8.595995194348422
14,82,11.950624899701427
14,83,11.293951886470785
14,84,11.064435117190191
14,85,14.170904445842794
14,86,16.34533486278907
14,87,17.157818613858517
14,88,20.698091374476313
14,89,22.237779833377214
14,90,25.835240181305878
14,91,28.93127745838056
14,92,31.607455489606362
14,93,35.31689094785313
14,94,37.13005172268891
14,95,39.14558763021697
14,96,41.19008397384838
14,97,41.370837657232926
14,98,37.540292469318615
14,99,35.57699503421519
14,100,35.076128245683556
14,101,32.28416649771282
14,102,33.11891221600618
14,103,30.555555852468803
14,104,26.992566628347888
14,105,24.488041679131374
14,106,23.44237616558835
14,107,19.92941032349956
14,108,16.287658334443265
14,109,14.19558360456672
14,110,10.726737073561441
14,111,8.937891318012406
14,112,5.8790707657901295
14,113,5.528216286118902
15,1,39.03964615531754
15,2,35.26551352294142
15,3,32.28928233032731
15,4,28.622652776374824
15,5,26.600025494543264
15,6,22.949695274238437
15,7,23.069364652491974
15,8,19.69805155638302
15,9,19.71118136981586
15,10,16.311856858089943
15,11,13.155054164823206
15,12,9.69677131567204
15,13,6.565722783550104
15,14,3.7969070615729237
15,16,3.7951305573436027
15,17,5.575478777790506
15,18,8.576260819503247
15,19,9.880251383281939
15,20,13.669213043162973
15,21,15.872023361746903
15,22,19.368594359096697
15,23,22.674897340752214
15,24,26.218407234465836
15,25,29.452445902081678
15,26,32.86393120822271
15,27,34.83090918001666
15,28,34.76591623160779
15,29,37.73396082540488
15,30,37.97168216086858
15,31,36.531201767532956
15,32,33.52102748630962
15,33,29.98243889200735
15,34,26.790029087503598
15,35,24.289194050495066
15,36,20.924811732344207
15,37,20.465080723816325
15,38,18.170558303518515
15,39,20.612950966361076
15,40,24.29581555634018
15,41,26.17069634357588
15,42,28.028489469962075
15,43,25.308271173791763
15,44,22.816733571079858
15,45,20.553097156121748
15,46,21.29954442298868
15,47,18.18472770979386
15,48,20.09158737511952
15,49,23.756898936122003
15,50,25.38314835927064
15,51,28.402908741768748
15,52,27.48193551383273
15,53,24.711621738236243
15,54,21.9158920374542
15,55,18.453043518398218
15,56,16.634353162823658
15,57,13.226960496677025
15,58,15.301539706823634
15,59,17.154248985350826
15,60,19.933486403656385
15,61,19.882978487503998
15,62,23.690270600858202
15,63,23.886312502146424
15,64,26.87310210019861
15,65,30.517828588408253
15,66,29.811409783278318
15,67,33.2501967833258
15,68,33.79928671394956
15,69,30.097335397952733
15,70,29.44838054880531
15,71,25.853217736820998
15,72,23.74151540196535
15,73,20.317617241074487
15,74,17.495786311342655
15,75,14.208823371948913
15,76,11.520866935278638
15,77,9.682409419080123
15,78,6.827374020199023
15,79,5.194268305785021
15,80,5.177536266417594
15,81,6.822197779172407
15,82,9.898584830996882
15,83,9.85614414569089
15,84,10.750576821807922
15,85,14.325895421082517
15,86,16.945662075044964
15,87,17.547464443508954
15,88,21.186198012213957
15,89,22.777236700595708
15,90,26.155113139973974
15,91,29.250509240435772
15,92,31.57086568424147
15,93,35.28866603468302
15,94,36.80085522027743
15,95,38.6147923419653
15,96,40.35687030215685
15,97,40.37652352350691
15,98,36.54285334485855
15,99,34.90979936953369
