1,2,3.8008446819125026
1,3,6.633284327290621
1,4,10.131340047952238
1,5,12.785788686688148
1,6,16.514765250806587
1,7,18.47752252794853
1,8,21.830612922435662
1,9,22.025727143191947
1,10,25.470254368839935
1,11,27.15748480949553
1,12,30.931817707727348
1,13,32.733065784740575
1,14,36.4375742545358
1,15,38.32921701792331
1,16,38.89966564064307
1,17,35.76946089694865
1,18,32.48156898434863
1,19,29.30234394342121
1,20,25.936740092685707
1,21,22.720048843965298
1,22,19.84351655658095
1,23,16.2445615168662
1,24,13.552035118922282
1,25,10.11259564640887
1,26,7.917201936784163
1,27,8.155567501538856
1,28,10.430042994111318
1,29,9.04415238293818
1,30,9.251833430651798
1,31,12.760241623210586
1,32,14.285799815486925
1,33,16.466649684988937
1,34,16.013533695936996
1,35,18.596591166971862
1,36,20.31468992332063
1,37,22.087711371850745
1,38,24.634612279374185
1,39,24.110236151223553
1,40,21.881834284918135
1,41,23.9916856035735
1,42,26.765060269510577
1,43,28.432214852134745
1,44,25.63444942502018
1,45,27.22132355112
1,46,25.1267224486764
1,47,25.559420940679043
1,48,24.319477448653206
1,49,23.198311490669493
1,50,23.7250282452939
1,51,25.792075427602363
1,52,27.045713409589002
1,53,29.21957047300899
1,54,31.297339716310024
1,55,30.610103737759516
1,56,33.465248119719014
1,57,33.06573794654689
1,58,29.265365216223763
1,59,28.010829453377553
1,60,24.68377721162072
1,61,24.598946483966227
1,62,22.946440727335304
1,63,25.48431432845278
1,64,26.33351863875018
1,65,25.910397261646118
1,66,22.591192252788282
1,67,21.121381618713134
1,68,17.394573748283175
1,69,17.402386847066328
1,70,14.496837413262705
1,71,17.20201423017923
1,72,17.868774368211866
1,73,20.42778617376203
1,74,23.435228860984
1,75,27.07717863168696
1,76,29.924213075143626
1,77,33.60766999797625
1,78,35.974033892568904
1,79,34.59409492250336
1,80,36.817303559194514
1,81,36.41190133679239
1,82,35.77809938746383
1,83,32.42624939466377
1,84,31.098337779623932
1,85,28.302073857666002
1,86,24.702334955458838
1,87,22.286512493964068
1,88,18.58172779809433
1,89,16.545709550940156
1,90,14.833143765128675
1,91,12.620446042478216
1,92,13.804216668127864
1,93,13.059384306665404
1,94,16.17714886262181
1,95,18.745695266485324
1,96,22.444432928459864
1,97,24.420681421183836
1,98,22.07838142432402
1,99,18.656089845537537
1,100,16.703615116684063
1,101,14.89409084640391
1,102,11.16254554041505
1,103,9.986751167721573
1,104,12.739516174768628
1,105,13.47635285547771
1,106,15.584233531855125
1,107,18.676509422428534
1,108,21.74620259520308
1,109,25.35942638290859
1,110,28.013718204403776
1,111,31.501412148184386
1,112,34.89095870281853
2,1,3.8008446819125026
2,3,3.7923369004180234
2,4,6.845871340822981
2,5,9.730800193256167
2,6,13.37689176443062
2,7,15.535485050437035
2,8,18.891038790441744
2,9,19.47572953798056
2,10,22.71726676246897
2,11,24.067036596249526
2,12,27.79439881621839
2,13,29.399043633872534
2,14,33.08670101611652
2,15,34.90283734810371
2,16,35.32343853139378
2,17,32.169083900377196
2,18,28.823435557336765
2,19,25.7306943890285
2,20,22.305682629873914
2,21,19.18090392785648
2,22,16.24371982117185
2,23,12.585517988028634
2,24,9.831873950904551
2,25,6.321145852739807
2,26,4.664363476530313
2,27,5.327940975715736
2,28,7.658028734214759
2,29,7.58934600328453
2,30,8.404136243574
2,31,11.1889988809794
2,32,12.16902401428486
2,33,13.713463710310302
2,34,12.815685193187601
2,35,15.53098446033486
2,36,17.15323457713871
2,37,19.271857848984283
2,38,21.87309228474969
2,39,21.814080585861518
2,40,20.042683698860337
2,41,22.48637682135056
2,42,25.188582702603973
2,43,26.41501256423831
2,44,23.329718679228154
2,45,24.541006272715183
2,46,22.289743055283445
2,47,22.367587618680524
2,48,20.99842198843006
2,49,20.057379029334008
2,50,20.54760267671039
2,51,22.918929645371367
2,52,24.287509289684316
2,53,26.278086718189204
2,54,28.101987394832797
2,55,27.247505109747152
2,56,29.96825316923844
2,57,29.43093374583105
2,58,25.636409973574715
2,59,24.28192183320905
2,60,20.92857790638006
2,61,20.80399341704464
2,62,19.231702928087614
2,63,21.867034664972188
2,64,22.935139113477092
2,65,22.725146651743874
2,66,19.31419782462891
2,67,18.212106658558273
2,68,14.580332319274131
2,69,14.062768611037178
2,70,10.914592399858046
2,71,13.452798170162389
2,72,14.088381955995184
2,73,16.66358129889942
2,74,19.72110286148134
2,75,23.359517632006195
2,76,26.29099764624341
2,77,29.92699199252334
2,78,32.365373814968116
2,79,31.130105067459237
2,80,33.500854428739565
2,81,33.30506963246028
2,82,32.76115248379691
2,83,29.294185340538903
2,84,28.128007454153117
2,85,25.569327082904216
2,86,22.079923040207095
2,87,19.386391850595455
2,88,15.787054347259842
2,89,13.374941259486514
2,90,12.075764479876614
2,91,9.9137741174421
2,92,11.812307487423126
2,93,11.886174925315458
2,94,15.014291745421787
2,95,18.026901673023087
2,96,21.805643127910802
2,97,23.54040677714646
2,98,20.867603595271714
2,99,17.20545354413438
2,100,15.674459352570274
2,101,13.544363711260099
2,102,10.185181149687791
2,103,8.426764974487357
2,104,10.639799891301266
2,105,10.902739280465886
2,106,13.44947363663304
2,107,16.10297388815537
2,108,18.893993478409207
2,109,22.621789580230157
2,110,25.00581007968317
2,111,28.50418853915627
2,112,31.819965104759962
3,1,6.633284327290621
3,2,3.7923369004180234
3,4,3.8086285537132856
3,5,6.172834743312965
3,6,9.885106539887914
3,7,12.025832706424334
3,8,15.291654662505508
3,9,15.71336264664989
3,10,19.02339381832229
3,11,20.549038703924808
3,12,24.313192785213428
3,13,26.12215180457239
3,14,29.84331660557167
3,15,31.832585861979272
3,16,32.48745553949929
3,17,29.322716468679037
3,18,26.151142236451605
3,19,22.85786190055533
3,20,19.54569398672908
3,21,16.28728382871504
3,22,13.434513303751704
3,23,10.014804431470422
3,24,7.836540255668862
3,25,5.362570382942069
3,26,4.921036564915066
3,27,7.445536208577385
3,28,9.640519446368346
3,29,10.63901963934159
3,30,11.347388391561406
3,31,13.58816943368315
3,32,13.625450518450828
3,33,14.250696016228883
3,34,12.35899378463066
3,35,14.463227795842174
3,36,15.283206071403582
3,37,17.161598814476065
3,38,19.31821748015741
3,39,19.30033491708781
3,40,17.5982930935301
3,41,20.431747719733046
3,42,23.396723525094924
3,43,24.448415720755523
3,44,21.273218356719948
3,45,22.524252574907784
3,46,20.640787332272676
3,47,20.451643834991494
3,48,19.562795864008223
3,49,19.294307461403477
3,50,20.288091439695464
3,51,23.008482852034756
3,52,24.05335449179816
3,53,25.54144781202179
3,54,27.123480755622143
3,55,25.811213813190296
3,56,28.3378021263286
3,57,27.554252061801797
3,58,23.83231014740511
3,59,22.720120316510574
3,60,19.56115673964412
3,61,19.254956043712724
3,62,18.297233666374872
3,63,21.354118984900456
3,64,23.015588197569123
3,65,23.137082162624512
3,66,19.53758908616821
3,67,19.163548989815034
3,68,15.852827471335932
3,69,14.43467563874629
3,70,10.793220812350414
3,71,12.31632854758265
3,72,12.665159396479035
3,73,14.540688465835736
3,74,17.600429761003355
3,75,21.069097616672153
3,76,23.901169191416937
3,77,27.56685446811844
3,78,29.729910455693602
3,79,28.292592023605554
3,80,30.58689970974828
3,81,30.19144324863624
3,82,29.85864753341789
3,83,26.474358918712294
3,84,25.017488277192037
3,85,22.418023078156782
3,86,18.852879240261743
3,87,16.386143260473666
3,88,12.907960793576681
3,89,10.930527558062831
3,90,10.419577614817609
3,91,9.440595792764636
3,92,12.269249837063313
3,93,13.405884187082563
3,94,16.78289784919811
3,95,19.717347564194075
3,96,23.507878611557246
3,97,24.86801051826639
3,98,21.797429558310085
3,99,18.075013823159352
3,100,16.356371577922488
3,101,13.512684261066566
3,102,10.577951294231383
3,103,7.606740164501458
3,104,8.485141914453736
3,105,7.7325760670173596
3,106,9.911041875436355
3,107,12.61919464604548
3,108,15.361515959420796
3,109,19.056556437949904
3,110,21.592850084519313
3,111,25.01876529002818
3,112,28.432762687998753
4,1,10.131340047952238
4,2,6.845871340822981
4,3,3.8086285537132856
4,5,3.7909417115911377
4,6,6.844583364679388
4,7,9.756527261862106
4,8,12.623632094624867
4,9,13.241740724499483
4,10,16.181821507691154
4,11,17.406626454189674
4,12,21.130873556452144
4,13,22.6917674954396
4,14,26.359570319842533
4,15,28.197946263264953
4,16,28.829861342381964
4,17,25.751750954074772
4,18,22.551349275283087
4,19,19.252971628693814
4,20,16.035378810610265
4,21,12.653559106165808
4,22,10.066571412644473
4,23,6.605843602662504
4,24,5.520447899512593
4,25,4.413776712618003
4,26,6.507801869173325
4,27,8.787234629622484
4,28,9.926950987081101
4,29,11.83492036219498
4,30,12.45447272711678
4,31,13.76970967844509
4,32,12.837094474576514
4,33,12.456954965314964
4,34,9.791890492690328
4,35,11.41384117532025
4,36,11.760391447203725
4,37,13.766111597376531
4,38,15.86194239632393
4,39,16.264560315468046
4,40,15.09328022330057
4,41,18.194480300001974
4,42,21.02184060831225
4,43,21.62092330285283
4,44,18.238146216128843
4,45,19.172660282230037
4,46,17.304726961582293
4,47,16.83280206815058
4,48,16.09241810637679
4,49,16.23749719872393
4,50,17.537238006892938
4,51,20.486729669641903
4,52,21.33687815574382
4,53,22.457349237501166
4,54,23.82339925859535
4,55,22.27768879087503
4,56,24.71014552174385
4,57,23.880854204054895
4,58,20.191115448352875
4,59,19.28530697215549
4,60,16.3395875943497
4,61,16.2453852568919
4,62,15.80952151894113
4,63,18.976275304913713
4,64,21.074229904597882
4,65,21.73253792276246
4,66,18.19091936250159
4,67,18.441120385148967
4,68,15.496912392686857
4,69,13.300536431501524
4,70,9.531088171731069
4,71,10.060416992635854
4,72,9.624466720540678
4,73,11.148071350912966
4,74,13.985942214911088
4,75,17.441033465454108
4,76,20.154355210568585
4,77,23.86220826082305
4,78,26.00082916200425
4,79,24.537358279300484
4,80,26.838679163461137
4,81,26.552265776745823
4,82,26.2035921076994
4,83,22.756960765119924
4,84,21.438653462742117
4,85,19.01396373037295
4,86,15.589901691299177
4,87,12.854245714015518
4,88,9.506216545784174
4,89,7.288179450422001
4,90,7.5560909978950415
4,91,7.5075841998746125
4,92,11.034009611661352
4,93,13.172244208513417
4,94,16.395739338476538
4,95,19.35828339805139
4,96,23.03565047468344
4,97,24.0038514661245
4,98,20.63809704807488
4,99,16.917563146721548
4,100,15.522348483863036
4,101,12.390658140568604
4,102,10.377506352469318
4,103,7.114517767016771
4,104,6.525354892038043
4,105,4.944681064928772
4,106,7.791331017020846
4,107,9.648782512379741
4,108,12.150168646269583
4,109,15.922079198603756
4,110,18.17163630412257
4,111,21.68220675633108
4,112,24.974771797676635
5,1,12.785788686688148
5,2,9.730800193256167
5,3,6.172834743312965
5,4,3.7909417115911377
5,6,3.810910784407854
5,7,6.057800453501806
5,8,9.171811754606743
5,9,10.04938525956171
5,10,13.135536668904942
5,11,14.44326417342925
5,12,18.191436549518016
5,13,20.11707440696379
5,14,23.878333356776505
5,15,26.084727299338574
5,16,26.884860483269545
5,17,23.64931563395846
5,18,20.719507473998902
5,19,17.26185341286385
5,20,14.073962652438249
5,21,10.865735779542332
5,22,8.09153822703962
5,23,5.668169651408218
5,24,5.446953961975001
5,25,6.5651789243359175
5,26,8.203908242168863
5,27,11.300100175397022
5,28,12.882868107049937
5,29,15.190689882561632
5,30,16.11018785892241
5,31,17.313009123084427
5,32,16.296918755076053
5,33,15.42524524985165
5,34,12.299673545428089
5,35,13.387228385793884
5,36,12.745159804132212
5,37,14.527894169174273
5,38,15.843067613679548
5,39,16.515218143853485
5,40,15.629248108424761
5,41,19.126774288658083
5,42,22.155679063510473
5,43,22.453166624828285
5,44,19.026121970527026
5,45,19.79802805100221
5,46,18.36816250785196
5,47,17.314369845049683
5,48,17.011413527730163
5,49,17.916310459912825
5,50,19.365475399040715
5,51,22.628966542105026
5,52,23.392997774326183
5,53,24.006056657048834
5,54,24.900102770056108
5,55,22.830905840189867
5,56,24.803834349674815
5,57,23.473872151298657
5,58,19.994310341769093
5,59,19.09072248630563
5,60,16.329185020911027
5,61,15.586568277610642
5,62,15.691242224283611
5,63,19.229401508183287
5,64,21.743819742005936
5,65,22.37989003437104
5,66,18.728975547189194
5,67,19.566156444833844
5,68,17.07364807871204
5,69,14.422155168505398
5,70,10.711493539297567
5,71,10.147819814934243
5,72,10.087514438835784
5,73,10.380251004204062
5,74,13.372938169296315
5,75,16.34385204751437
5,76,19.106322571747576
5,77,22.64652769270332
5,78,24.45209365817999
5,79,22.943337510135176
5,80,25.32471577751766
5,81,24.90358145130406
5,82,25.064577548428097
5,83,21.718915689183742
5,84,20.018404411053726
5,85,17.76305240614184
5,86,14.361529400641992
5,87,12.067041450936145
5,88,9.418422537242073
5,89,8.069161400100272
5,90,9.810049145835933
5,91,10.76185480827109
5,92,14.465115987260894
5,93,16.87352727853684
5,94,20.030660253171526
5,95,22.97950176054134
5,96,26.60195927685075
5,97,27.40741485366036
5,98,23.92118539663306
5,99,20.262150049437572
5,100,18.895327918881133
5,101,15.559889615302549
5,102,13.843686624154186
5,103,10.310829962774283
5,104,8.65128322938035
5,105,5.4622968860514005
5,106,6.604201944264254
5,107,8.086111485621377
5,108,9.88927303872311
5,109,13.601610845095742
5,110,15.973163283195063
5,111,19.20810626600269
5,112,22.691200959321645
6,1,16.514765250806587
6,2,13.37689176443062
6,3,9.885106539887914
6,4,6.844583364679388
6,5,3.810910784407854
6,7,3.8216022250654076
6,8,5.852848361393635
6,9,7.1355448668318955
6,10,9.681360592701056
6,11,10.694906702754185
6,12,14.437087718844321
6,13,16.327812448535717
6,14,20.085269524948767
6,15,22.340553180411028
6,16,23.27042269242549
6,17,20.07809662035027
6,18,17.323262927395238
6,19,13.73692770281203
6,20,10.807143419216876
6,21,7.567923944998495
6,22,5.42882691878444
6,23,4.807916564763453
6,24,6.852879934851929
6,25,9.299456477188485
6,26,11.583061065560383
6,27,14.423580014504745
6,28,15.47716534294325
6,29,18.14427765213672
6,30,18.991220456299637
6,31,19.66857615281683
6,32,18.077949195553405
6,33,16.453393925399432
6,34,12.881606630431175
6,35,13.097684031185864
6,36,11.455304546246595
6,37,12.967332282813569
6,38,13.598732144753933
6,39,14.781030432446673
6,40,14.598561124424885
6,41,18.31972374716141
6,42,21.206451479604617
6,43,20.96845478395861
6,44,17.488653447719575
6,45,17.88530869934391
6,46,16.8354712875451
6,47,15.26996287838095
6,48,15.474671983781256
6,49,17.145932160510814
6,50,18.924371559761006
6,51,22.345226407014962
6,52,22.816353652408196
6,53,22.83389657445992
6,54,23.305542907175163
6,55,20.79705091490126
6,56,22.402486543322237
6,57,20.806635277616277
6,58,17.57364920744094
6,59,17.007027538615414
6,60,14.762598103358778
6,61,13.972519333262023
6,62,14.978364230739304
6,63,18.592371178585612
6,64,21.59092685860561
6,65,22.680331321529305
6,66,19.206682342356558
6,67,20.710842660323024
6,68,18.746340713655936
6,69,15.57120204028395
6,70,12.192234135182042
6,71,10.404408416345069
6,72,9.674215620949264
6,73,8.593321008806132
6,74,11.050636887924403
6,75,13.513679838533333
6,76,16.02748912627061
6,77,19.483992226812358
6,78,21.00427714849656
6,79,19.379627646225074
6,80,21.75074296232149
6,81,21.315055877848263
6,82,21.732037061889237
6,83,18.43952253867787
6,84,16.635893343628336
6,85,14.682308043719773
6,86,11.553042971027894
6,87,9.425462126653043
6,88,7.805129678360419
6,89,7.271118925698046
6,90,10.256347129571086
6,91,12.210160254234346
6,92,15.9846263002111
6,93,18.933809556060776
6,94,21.876404966354947
6,95,24.701522034078174
6,96,28.136637022105727
6,97,28.581628592350953
6,98,24.930874220356497
6,99,21.446677145399107
6,100,20.314507552333463
6,101,16.889668074755757
6,102,15.94377800722347
6,103,12.498070358996651
6,104,9.869348703556934
6,105,6.2289620088901705
6,106,6.398228742884144
6,107,5.98007774874596
6,108,6.550796734778648
6,109,10.2161958762161
6,110,12.315951185181346
6,111,15.477791019610724
6,112,18.94352870550321
7,1,18.47752252794853
7,2,15.535485050437035
7,3,12.025832706424334
7,4,9.756527261862106
7,5,6.057800453501806
7,6,3.8216022250654076
7,8,3.8239396736465863
7,9,6.163491404707594
7,10,8.721912749776786
7,11,9.672081879805102
7,12,13.223686036154467
7,13,15.632294306941436
7,14,19.428054946435395
7,15,22.165607945144487
7,16,23.15416464485456
7,17,19.747009379594083
7,18,17.404282148403354
7,19,13.910078144588619
7,20,11.0984624148313
7,21,8.83837476257885
7,22,6.6333063481934245
7,23,7.409114819966299
7,24,8.769901212503507
7,25,11.60403156349909
7,26,13.120380330923595
7,27,16.369518114434495
7,28,17.94911336634185
7,29,20.739317114224168
7,30,21.916559792069517
7,31,22.73816458402838
7,32,21.45330351871032
7,33,19.87823405015097
7,34,16.359185513193854
7,35,16.7152633641974
7,36,14.913246425176949
7,37,16.33701092009088
7,38,16.45548105169901
7,39,17.72962641046014
7,40,17.62411278390624
7,41,21.410147070872966
7,42,24.398283832301097
7,43,24.051996991469416
7,44,20.6720873304479
7,45,20.944012599705477
7,46,20.13687296254004
7,47,18.210047186833453
7,48,18.500464740333257
7,49,20.420451691352028
7,50,21.987202590113917
7,51,25.55399760386435
7,52,26.174471369953714
7,53,26.00661101945012
7,54,26.112642488161587
7,55,23.337105728391236
7,56,24.468582945547983
7,57,22.390874461083946
7,58,19.473328336887104
7,59,18.66256094317468
7,60,16.506505006732827
7,61,14.908490920413485
7,62,16.03586298478865
7,63,19.792513483346823
7,64,22.86612454491217
7,65,23.631714046040997
7,66,20.119898854837704
7,67,21.881435211428983
7,68,20.244746467735318
7,69,17.063145518758546
7,70,13.933059082412063
7,71,11.871613874818074
7,72,12.038296957593257
7,73,10.362140514379291
7,74,12.920163309352695
7,75,14.660670787486543
7,76,17.25889757012132
7,77,20.275223738678545
7,78,21.457339907423588
7,79,20.005782470396877
7,80,22.503689334502337
7,81,22.013903923982802
7,82,23.054019720037925
7,83,19.978353763032537
7,84,17.884055894918564
7,85,16.295003576013873
7,86,13.46505943390092
7,87,12.060081957546025
7,88,11.183507991938326
7,89,11.020975589488359
7,90,14.075472629412493
7,91,15.876283443817782
7,92,19.667947813537104
7,93,22.467103932020905
7,94,25.416790625677073
7,95,28.35367930438735
7,96,31.831471646989197
7,97,32.344626305882585
7,98,28.71671448528557
7,99,25.20069561291798
7,100,24.06658219299379
7,101,20.62959999263836
7,102,19.461626412803806
7,103,15.895143492889522
7,104,13.403409566449236
7,105,9.656525021461523
7,106,8.78176601613747
7,107,8.420632944046224
7,108,7.8352932260613235
7,109,10.735248566239251
7,110,12.763776757808431
7,111,15.231078872732049
7,112,18.833608186703596
8,1,21.830612922435662
8,2,18.891038790441744
8,3,15.291654662505508
8,4,12.623632094624867
8,5,9.171811754606743
8,6,5.852848361393635
8,7,3.8239396736465863
8,9,3.7918369414406543
8,10,5.095124929536004
8,11,5.987689619858842
8,12,9.567280062670799
8,13,12.260372457556425
8,14,16.010637591673888
8,15,18.909095141005757
8,16,20.264953026804413
8,17,17.035937115619756
8,18,15.161262844307638
8,19,11.559884159996784
8,20,9.599503760827293
8,21,7.778563714957424
8,22,7.274884360393555
8,23,9.383707605862181
8,24,11.764163353710465
8,25,14.79173089164197
8,26,16.717463169256106
8,27,19.792314103792755
8,28,20.999158313087186
8,29,23.85478735964247
8,30,24.823635488954697
8,31,25.38627667841945
8,32,23.659520728970985
8,33,21.65934789251938
8,34,17.945404270323788
8,35,17.534863398680187
8,36,15.003664810387653
8,37,15.826107948390204
8,38,15.10395615672364
8,39,16.579813697473547
8,40,16.991703631050957
8,41,20.773372121293704
8,42,23.605354093448447
8,43,22.874983649433577
8,44,19.678099139525656
8,45,19.755623793192136
8,46,19.524935087102044
8,47,17.360802490466337
8,48,18.302104795343425
8,49,20.816879770393143
8,50,22.746171213342805
8,51,26.27169805404798
8,52,26.49052796801649
8,53,25.77981662779849
8,54,25.583127890105818
8,55,22.466441367651925
8,56,23.229158019944556
8,57,20.994504990331738
8,58,18.504088722178015
8,59,18.255824943181413
8,60,16.83049085707041
8,61,15.411433919696993
8,62,17.351308379225646
8,63,20.969936605786465
8,64,24.363210180439523
8,65,25.550288275692896
8,66,22.279883229815095
8,67,24.438972493745602
8,68,23.103314749066087
8,69,19.67269239526084
8,70,16.770623411257173
8,71,14.166518949248132
8,72,13.659657275619809
8,73,11.110000770152801
8,74,12.660330968279647
8,75,13.568409736586997
8,76,15.523993390698049
8,77,18.308019932599187
8,78,18.92700956591846
8,79,17.182956862127284
8,80,19.445288051443306
8,81,18.719556946204406
8,82,20.093271506566257
8,83,17.30503928369424
8,84,14.927322889333768
8,85,13.665823593476487
8,86,11.342464615869934
8,87,10.70875495231905
8,88,11.0503238741872
8,89,11.85143237697674
8,90,15.308298879249058
8,91,17.768625972899194
8,92,21.482163227764953
8,93,24.62061234531983
8,94,27.47685573686984
8,95,30.19809899105547
8,96,33.506987988990616
8,97,33.705746850179644
8,98,29.96999393435125
8,99,26.667873873539307
8,100,25.580661718802485
8,101,22.07847002287456
8,102,21.45959245123219
8,103,17.962873229244437
8,104,14.90947440554985
8,105,11.230330337981478
8,106,9.689094369920863
8,107,7.994334624520649
8,108,5.816394177471538
8,109,7.694972051463619
8,110,9.458056126491737
8,111,11.559962712016025
8,112,15.205021676857234
9,1,22.025727143191947
9,2,19.47572953798056
9,3,15.71336264664989
9,4,13.241740724499483
9,5,10.04938525956171
9,6,7.1355448668318955
9,7,6.163491404707594
9,8,3.7918369414406543
9,10,3.8270979898680397
9,11,6.924277134116484
9,12,10.388329285644899
9,13,13.441169411126863
9,14,16.961345785680496
9,15,19.833330196495755
9,16,21.765579199962094
9,17,18.94224232143606
9,18,17.371249777821046
9,19,13.649437849520083
9,20,12.318068167216698
9,21,10.00505260298064
9,22,10.087628808824366
9,23,11.493854814381518
9,24,13.888981453961872
9,25,16.31529432720071
9,26,18.142184895437598
9,27,21.295633691569417
9,28,22.539889621513876
9,29,24.99028719119939
9,30,25.56561479766609
9,31,26.425695867061204
9,32,24.561386288742096
9,33,22.755708897133317
9,34,19.050282579078665
9,35,18.22042089172538
9,36,15.488503281583649
9,37,15.466679333532687
9,38,14.255869411047067
9,39,14.954759502359815
9,40,14.920324091231038
9,41,18.618035890630686
9,42,21.685568916174397
9,43,21.28261697705858
9,44,18.443115051182914
9,45,19.132463060118646
9,46,19.476455946788494
9,47,17.869165004130934
9,48,19.38605919685422
9,49,21.91654549444553
9,50,24.29993368379885
9,51,27.59559626127602
9,52,27.37392147644649
9,53,26.59772381385704
9,54,26.732711465276175
9,55,23.67610679886668
9,56,24.682601583722235
9,57,22.803086749323082
9,58,20.35852545952172
9,59,20.673213012663023
9,60,19.46519017925988
9,61,18.550471723548565
9,62,20.514370359866128
9,63,24.086173047760727
9,64,27.458143103236825
9,65,28.7642896415781
9,66,25.442050580265004
9,67,27.366134259136704
9,68,25.69243363415058
9,69,22.381184201355573
9,70,19.186071256807747
9,71,16.94988421829245
9,72,16.009261788182826
9,73,13.765074372851931
9,74,14.951868369651413
9,75,15.965553658128988
9,76,17.34049546438746
9,77,20.270490568514045
9,78,20.52039139677748
9,79,18.180178545453913
9,80,19.78913280383729
9,81,18.357336088338247
9,82,19.516879440505452
9,83,17.109551652551954
9,84,14.153457827712616
9,85,12.201698482033049
9,86,9.551707178001436
9,87,9.954270386277972
9,88,10.34501076832329
9,89,12.197790523364803
9,90,15.270388658044467
9,91,18.126823042851008
9,92,21.683044360778034
9,93,24.832622473159628
9,94,27.91884906119626
9,95,30.311161415733807
9,96,33.60024203867251
9,97,33.697179387653364
9,98,29.915881846804535
9,99,26.749755504868137
9,100,25.217821840555988
9,101,21.54306538972347
9,102,21.006434524694566
9,103,17.437599066043568
9,104,14.117782025801365
9,105,10.640298993685533
9,106,8.015386894694084
9,107,6.387019386505025
9,108,4.706179791331269
9,109,5.888741870534074
9,110,8.906675684457802
9,111,11.080351345194703
9,112,14.878773893728289
10,1,25.470254368839935
10,2,22.71726676246897
10,3,19.02339381832229
10,4,16.181821507691154
10,5,13.135536668904942
10,6,9.681360592701056
10,7,8.721912749776786
10,8,5.095124929536004
10,9,3.8270979898680397
10,11,3.8075585447806453
10,12,6.824760580414682
10,13,9.985723040174964
10,14,13.33016121047968
10,15,16.287251561281916
10,16,18.47628579362632
10,17,15.890002062598525
10,18,14.846779271931714
10,19,11.312331385060542
10,20,10.995070422440941
10,21,9.550867874647325
10,22,10.85541628062067
10,23,13.198988852956992
10,24,16.147161797341
10,25,18.95575288731464
10,26,21.152897533851288
10,27,24.101092895665793
10,28,24.991073919316896
10,29,27.67206296511871
10,30,28.24232365986213
10,31,28.707327108892326
10,32,26.52448926204686
10,33,24.27737934150037
10,34,20.49765031332781
10,35,19.179572045587403
10,36,15.978536680543872
10,37,15.6652058703968
10,38,13.762198976132593
10,39,14.979978311943976
10,40,15.781121858282612
10,41,19.320569006081723
10,42,21.973950195770307
10,43,20.978942470134033
10,44,18.299016276044444
10,45,18.47798778061564
10,46,19.224964933046905
10,47,17.23193295394344
10,48,19.14764459487053
10,49,22.158195647967514
10,50,24.64541918166163
10,51,27.91090789424002
10,52,27.469258917822827
10,53,26.185372944795485
10,54,25.88508770465347
10,55,22.540474971733385
10,56,23.055422279278897
10,57,20.974721659170136
10,58,19.054837469676603
10,59,19.760434127452164
10,60,19.224813408112823
10,61,18.385421740786715
10,62,20.94168113100206
10,63,24.304939807898243
10,64,27.89416313560406
10,65,29.527609319701217
10,66,26.477827109784407
10,67,28.79888927661535
10,68,27.51843947871062
10,69,23.98153768282498
10,70,21.121815233639097
10,71,18.377292573079547
10,72,17.112295589183965
10,73,14.233096248274858
10,74,14.56361397903702
10,75,14.681457080330667
10,76,15.410201476112274
10,77,17.91419626465303
10,78,17.622895963664742
10,79,15.143861100603377
10,80,16.5691898574608
10,81,15.05733124973622
10,82,16.67931842092271
10,83,14.580224916843315
10,84,11.51484260988593
10,85,10.34953699406895
10,86,8.808104696443738
10,87,9.872609960580636
10,88,11.577577548660098
10,89,13.701423784132139
10,90,17.085727688366767
10,91,20.219926224575815
10,92,23.67424068872508
10,93,27.07175833390078
10,94,29.906495837306938
10,95,32.210880744101544
10,96,35.29813818009166
10,97,35.12375888491403
10,98,31.309372795809534
10,99,28.349360834313174
10,100,27.110769305975495
10,101,23.5511923966832
10,102,23.52256351681965
10,103,20.17126150479453
10,104,16.633332281391432
10,105,13.377983305187847
10,106,11.09095425193341
10,107,8.431611982493179
10,108,5.209884379762558
10,109,4.021069298929751
10,110,5.936281640639359
10,111,7.400420938401053
10,112,11.198243817680678
11,1,27.15748480949553
11,2,24.067036596249526
11,3,20.549038703924808
11,4,17.406626454189674
11,5,14.44326417342925
11,6,10.694906702754185
11,7,9.672081879805102
11,8,5.987689619858842
11,9,6.924277134116484
11,10,3.8075585447806453
11,12,3.8042319254810093
11,13,6.570568198470212
11,14,10.196236051081637
11,15,13.204631839400225
11,16,15.03310554939127
11,17,12.220147327982321
11,18,11.252127342501765
11,19,7.90551872758745
11,20,8.112250024306082
11,21,7.898618186957561
11,22,9.86887945137646
11,23,13.034984992696769
11,24,16.234195542396233
11,25,19.48180638683481
11,26,21.962171537061046
11,27,24.653829515018955
11,28,25.24145953694279
11,29,28.265395817860036
11,30,29.044846745705883
11,31,29.06225957785934
11,32,26.772171144924275
11,33,24.148518459376323
11,34,20.384085780539724
11,35,19.041811534183402
11,36,15.765364811591917
11,37,15.89111663815698
11,38,14.062412959784984
11,39,16.13863344085651
11,40,17.652806514050845
11,41,21.133282875439253
11,42,23.361067983600833
11,43,21.819180345133777
11,44,18.96765224758571
11,45,18.36902484880802
11,46,18.870376664971634
11,47,16.258331787861138
11,48,17.968889161426265
11,49,21.22777994687253
11,50,23.445130581092616
11,51,26.800950078791725
11,52,26.52518493295073
11,53,24.984575585199504
11,54,24.171291284645687
11,55,20.628822554770128
11,56,20.63717707616765
11,57,18.168346709530805
11,58,16.593936669547038
11,59,17.196163749435318
11,60,17.04598182751919
11,61,16.025163010430525
11,62,18.971543811672607
11,63,22.121873634145153
11,64,25.828208513353875
11,65,27.635704245651265
11,66,24.868526095405667
11,67,27.55848728890292
11,68,26.75281480410186
11,69,23.055680148374663
11,70,20.657963405859352
11,71,17.450070292474816
11,72,16.17712493898808
11,73,12.790556434888426
11,74,12.61010133713044
11,75,11.92719433600468
11,76,12.550597294768425
11,77,14.636160871048677
11,78,14.284054463806514
11,79,12.213991774170797
11,80,14.171500192329027
11,81,13.371567588727974
11,82,15.40413523129552
11,83,13.12157180469839
11,84,10.70657856835475
11,85,10.740979934620272
11,86,10.115088502686374
11,87,10.51317837419552
11,88,12.736851361767547
11,89,14.270360624942564
11,90,17.9683154208386
11,91,20.967499523097743
11,92,24.407108239070233
11,93,27.917019703880484
11,94,30.422165936851226
11,95,32.869940823609056
11,96,35.82732754141109
11,97,35.55851316617517
11,98,31.779884798100213
11,99,28.87382525296099
11,100,28.122554382522416
11,101,24.775948989985796
11,102,24.989788518923604
11,103,21.8368300049379
11,104,18.372921436681615
11,105,15.157916299708136
11,106,13.637892307644776
11,107,10.602367356846377
11,108,6.88363648345773
11,109,5.836976938818899
11,110,5.16649697659455
11,111,5.994351935893702
11,112,9.421855124449637
12,1,30.931817707727348
12,2,27.79439881621839
12,3,24.313192785213428
12,4,21.130873556452144
12,5,18.191436549518016
12,6,14.437087718844321
12,7,13.223686036154467
12,8,9.567280062670799
12,9,10.388329285644899
12,10,6.824760580414682
12,11,3.8042319254810093
12,13,3.8024129530683752
12,14,6.916720018673383
12,15,10.355194798921655
12,16,12.494257900710792
12,17,10.043257411415347
12,18,10.272669325445765
12,19,7.908086344568742
12,20,9.557674567734042
12,21,10.57155373753838
12,22,12.949493116273821
12,23,16.394267542608862
12,24,19.63049807917969
12,25,23.01109675038845
12,26,25.53780598373088
12,27,28.150880738667983
12,28,28.612646676756192
12,29,31.750014468959712
12,30,32.56503423623977
12,31,32.37736333959566
12,32,29.968278926886974
12,33,27.12770280702399
12,34,23.420170847740568
12,35,21.857750163052206
12,36,18.443037026587426
12,37,18.372753117697727
12,38,16.14479656413455
12,39,18.414611888474916
12,40,20.341644103287365
12,41,23.581543984504545
12,42,25.47744649930272
12,43,23.551570610615492
12,44,20.98795463510815
12,45,20.004775348062704
12,46,20.8246296621839
12,47,17.995782461053565
12,48,19.89927932365188
12,49,23.4032826449443
12,50,25.564087171617686
12,51,28.826341725616484
12,52,28.423970529504512
12,53,26.48060933114986
12,54,25.22028674375626
12,55,21.502408266216317
12,56,20.871235251110612
12,57,18.152069110496285
12,58,17.355254574891294
12,59,18.21281715464838
12,60,18.716065432560313
12,61,17.651039289877456
12,62,20.932068524628217
12,63,23.777164104131753
12,64,27.545896164532344
12,65,29.502451175170645
12,66,27.03269168918151
12,67,30.001406191345485
12,68,29.55624366493489
12,69,25.798428167615583
12,70,23.724568853164257
12,71,20.293835806603823
12,72,19.01667481481351
12,73,15.395613660174735
12,74,14.609359431992715
12,75,12.955658093422697
12,76,12.799976940784148
12,77,13.919221490592669
12,78,12.694826744997785
12,79,10.766948586116728
12,80,12.464630493615205
12,81,11.755469781313684
12,82,14.55513378586816
12,83,12.938825473092313
12,84,10.779300465012355
12,85,11.926264208416308
12,86,12.411952498514763
12,87,13.269716267037747
12,88,15.998910682678401
12,89,17.602687618513354
12,90,21.30703708084253
12,91,24.360585850853383
12,92,27.692123000671796
12,93,31.279363399841994
12,94,33.61238445783937
12,95,35.9948189723295
12,96,38.79814670893575
12,97,38.35629286503987
12,98,34.603457765726205
12,99,31.868802363894293
12,100,31.302191167842786
12,101,28.059673609924605
12,102,28.51164386371504
12,103,25.469395219306957
12,104,21.956906042409585
12,105,18.86287323604389
12,106,17.323159770227765
12,107,14.159945871871631
12,108,10.384629162064197
12,109,8.413892418572972
12,110,6.368295249490291
12,111,4.75348676533908
12,112,7.14827908207754
13,1,32.733065784740575
13,2,29.399043633872534
13,3,26.12215180457239
13,4,22.6917674954396
13,5,20.11707440696379
13,6,16.327812448535717
13,7,15.632294306941436
13,8,12.260372457556425
13,9,13.441169411126863
13,10,9.985723040174964
13,11,6.570568198470212
13,12,3.8024129530683752
13,14,3.804723218029031
13,15,6.855591554270998
13,16,8.725386774745234
13,17,6.427910273414208
13,18,7.200686299940868
13,19,5.89194816789798
13,20,8.847638969428237
13,21,10.786593727248942
13,22,13.744978355155915
13,23,17.330248653025038
13,24,20.750899649374144
13,25,24.192044933368933
13,26,27.037927656718516
13,27,29.2780363214095
13,28,29.29814557084688
13,29,32.56257544258691
13,30,33.36096017124561
13,31,32.74083221382311
13,32,30.121253084025735
13,33,26.970524839883893
13,34,23.419997651697145
13,35,21.627182690244016
13,36,18.206483377068547
13,37,18.221366058399386
13,38,16.018201271043512
13,39,18.80911464444145
13,40,21.307712934613917
13,41,24.310219046906123
13,42,25.70459864031137
13,43,23.305899039915186
13,44,20.793476357990837
13,45,19.16455391260952
13,46,19.921013843227342
13,47,16.790210271605478
13,48,18.652371245963195
13,49,22.307198841557245
13,50,24.328975786946494
13,51,27.437635321249015
13,52,26.97070528937874
13,53,24.701144548909014
13,54,23.0069268843881
13,55,19.2145880455278
13,56,18.067378635024323
13,57,15.206458538133678
13,58,15.037712168530255
13,59,16.181360408262353
13,60,17.381478176783236
13,61,16.640811109692393
13,62,20.23657456952463
13,63,22.6223294075508
13,64,26.40117777785419
13,65,28.692111089743776
13,66,26.618564617154966
13,67,29.794081228227117
13,68,29.694446736563936
13,69,25.892867551716368
13,70,24.239564061576363
13,71,20.61730795271987
13,72,19.04198459999757
13,73,15.315323309481585
13,74,13.706510360932965
13,75,11.22915357351168
13,76,10.284431011208408
13,77,10.662838734928345
13,78,9.01842023160848
13,79,7.395819883421978
13,80,9.45853527068554
13,81,9.697921267103096
13,82,12.65201307788882
13,83,11.081880182378235
13,84,9.967756259727825
13,85,12.170939857214824
13,86,13.456910440909429
13,87,13.92864221984261
13,88,17.007926558104717
13,89,18.325265904265567
13,90,21.999705047488487
13,91,24.9928235453705
13,92,28.100816971021473
13,93,31.768205964645894
13,94,33.74233068068657
13,95,36.05990977601101
13,96,38.61964903764608
13,97,37.985856612604664
13,98,34.32127143143227
13,99,31.805837821391073
13,100,31.650104095479783
13,101,28.678733002063932
13,102,29.513165070210935
13,103,26.788030346474894
13,104,23.32967438742216
13,105,20.53394628961363
13,106,19.539401806167305
13,107,16.091202600472005
13,108,12.344034185106473
13,109,10.513100905266906
13,110,7.334537942499013
13,111,5.573256473115852
13,112,6.072456964263331
14,1,36.4375742545358
14,2,33.08670101611652
14,3,29.84331660557167
14,4,26.359570319842533
14,5,23.878333356776505
14,6,20.085269524948767
14,7,19.428054946435395
14,8,16.010637591673888
14,9,16.961345785680496
14,10,13.33016121047968
14,11,10.196236051081637
14,12,6.916720018673383
14,13,3.804723218029031
14,15,3.7902915405549926
14,16,6.404115071158235
14,17,5.72781317360392
14,18,8.263659095317035
14,19,8.535035289038483
14,20,12.016167476858433
14,21,14.241906829961032
14,22,17.35365388548089
14,23,20.92805149503098
14,24,24.38748944158144
14,25,27.81957164618157
14,26,30.745408734871255
14,27,32.87721893771665
14,28,32.72855467437865
14,29,36.010166586533664
14,30,36.750457353834115
14,31,35.948020582727004
14,32,33.18553439096386
14,33,29.88571592969921
14,34,26.45347123202386
14,35,24.421330857581648
14,36,20.959719722673476
14,37,20.70497168134121
14,38,18.235483931076956
14,39,21.0326717475115
14,40,23.817771459872294
14,41,26.50919578512486
14,42,27.52871967127914
14,43,24.820475221288053
14,44,22.687126633284727
14,45,20.781313314406678
14,46,21.858308968702364
14,47,18.761003449550042
14,48,20.80018075432518
14,49,24.540903066017265
14,50,26.54311400337492
14,51,29.417779503093175
14,52,28.738498129695174
14,53,26.10459379047492
14,54,24.06707774993825
14,55,20.283272827411775
14,56,18.564144924130783
14,57,15.755721408641516
14,58,16.471897372326108
14,59,17.978526397437143
14,60,19.782408525893224
14,61,19.251178518879964
14,62,22.974808916578777
14,63,24.98205139693839
14,64,28.70677885862218
14,65,31.175011897520065
14,66,29.411542289846142
14,67,32.72160742511737
14,68,32.85762344447272
14,69,29.062707033584587
14,70,27.637308660849673
14,71,23.95656103601291
14,72,22.27187624249543
14,73,18.56379569556931
14,74,16.52043696563436
14,75,13.562970070935153
14,76,11.781995527793454
14,77,11.009322946603842
14,78,8.223179688650811
14,79,6.9549367067904635
14,80,8.098650038135302
14,81,8.673086465189137
14,82,12.150860963026254
14,83,11.578417322207528
14,84,11.058152766134134
14,85,13.996114692426476
14,86,16.03365951727784
14,87,16.833386630086917
14,88,20.17928784066365
14,89,21.614629813807124
14,90,25.1812312246059
14,91,28.232434495283346
14,92,31.166354266561257
14,93,34.88115790792445
14,94,36.67817494877738
14,95,38.84869360951879
14,96,41.2071577062366
14,97,40.373739749905134
14,98,36.77618812762701
14,99,34.49651973149271
14,100,34.49173229295296
14,101,31.655344601522323
14,102,32.75223266720377
14,103,30.17617812783511
14,104,26.678655384844966
14,105,24.05616850239264
14,106,23.0445153547991
14,107,19.49716390548399
14,108,15.790146854812166
14,109,13.5355373824543
14,110,10.091005971829585
14,111,7.4457070697894325
14,112,5.765948219226174
15,1,38.32921701792331
15,2,34.90283734810371
15,3,31.832585861979272
15,4,28.197946263264953
15,5,26.084727299338574
15,6,22.340553180411028
15,7,22.165607945144487
15,8,18.909095141005757
15,9,19.833330196495755
15,10,16.287251561281916
15,11,13.204631839400225
15,12,10.355194798921655
15,13,6.855591554270998
15,14,3.7902915405549926
15,16,3.799047531842837
15,17,5.452265062137135
15,18,8.336550312233413
15,19,9.700822357248489
15,20,13.502278274541302
15,21,15.820144457037742
15,22,19.213124734623698
15,23,22.630993443287903
15,24,26.193828510469586
15,25,29.50933203971087
15,26,32.67730576950984
15,27,34.48462430841249
15,28,33.94209302471187
15,29,37.200498191288844
15,30,37.80921741894623
15,31,36.67869734129108
15,32,33.70675429844387
15,33,30.21907123168856
15,34,27.014450848177603
15,35,24.70704849511939
15,36,21.320191308998645
15,37,20.931812809067786
15,38,18.480099289322794
15,39,21.46680598660582
15,40,24.633901080292507
15,41,26.96660299605981
15,42,27.468213546388412
15,43,24.401437496156838
15,44,22.521357172226566
15,45,20.1641753056025
15,46,21.322827271121387
15,47,18.259696145786034
15,48,20.34682620738138
15,49,24.084753442731287
15,50,26.040447821698653
15,51,28.58609808071177
15,52,27.68522049951206
15,53,24.72879385188556
15,54,22.38901754184782
15,55,18.71416193745131
15,56,16.548894927051666
15,57,13.998632232099963
15,58,15.491571584957219
15,59,17.47909502366956
15,60,19.917287461527977
15,61,19.93361443944509
15,62,23.740351778460994
15,63,25.271712415168704
15,64,28.88921238146269
15,65,31.676048378827648
15,66,30.265316085466218
15,67,33.60803343603518
15,68,33.915728882943334
15,69,30.16391969353585
15,70,29.00913406011659
15,71,25.33928078551209
15,72,23.318983213823167
15,73,19.76648055945964
15,74,17.119318282411392
15,75,13.858055522180505
15,76,11.213914581432093
15,77,9.606383285357575
15,78,6.0914062638278645
15,79,5.248168163338542
15,80,5.67269919748283
15,81,7.501410511370527
15,82,10.652940310353443
15,83,10.579332131679562
15,84,11.228616298685354
15,85,14.728693552822433
15,86,17.31801945558848
15,87,17.945811684820484
15,88,21.455066853629337
15,89,22.784251001422128
15,90,26.14021093385125
15,91,29.15508800078949
15,92,31.779755878260882
15,93,35.51742204636466
15,94,36.993625428449946
15,95,38.9722755346135
15,96,41.03991874263819
15,97,39.98027364740518
15,98,36.513749851595556
15,99,34.542264786914124
15,100,34.836827977147784
15,101,32.282094459221575
15,102,33.760214374437055
15,103,31.516768450461875
15,104,28.08339930493768
15,105,25.82336643886863
15,106,25.163682252852038
15,107,21.46940795157988
15,108,17.95078574653325
15,109,15.770242909833643
15,110,12.034164054297621
15,111,9.821848821243991
15,112,7.151973166063887
16,1,38.89966564064307
16,2,35.32343853139378
