1,2,3.813425797063587
1,3,6.73703618789574
1,4,8.687152457608322
1,5,11.561003504525537
1,6,14.87215316958611
1,7,16.622966249421104
1,8,20.346997042928695
1,9,21.611764198645183
1,10,25.305107833783346
1,11,27.078419847648775
1,12,30.065945081425916
1,13,31.31378987480982
1,14,34.99698611235245
1,15,36.68699321953213
1,16,40.366643956879074
1,17,41.94238051063327
1,18,41.842272628661256
1,19,38.956044328805
1,20,35.36130579618294
1,21,32.60125686659585
1,22,29.086077721899315
1,23,26.382970564826962
1,24,22.975009604374055
1,25,19.626362204410192
1,26,16.05341495023116
1,27,12.9386868944034
1,28,9.679437832118666
1,29,7.960991367377463
1,30,9.961505032783013
1,31,9.043503341373082
1,32,11.328679221430653
1,33,14.081424075023941
1,34,17.05738271029556
1,35,19.4867713977685
1,36,19.744669472886883
1,37,23.09610576182279
1,38,25.092223121781615
1,39,27.61597480207601
1,40,30.406522644181685
1,41,31.06063880666348
1,42,29.599987670110863
1,43,30.83664333464945
1,44,32.51907214262074
1,45,34.3056250021182
1,46,31.366562630863182
1,47,32.618238885211504
1,48,30.377555617186214
1,49,30.151285199486367
1,50,27.785060038388703
1,51,25.9671890721529
1,52,23.725198487332158
1,53,24.704567094960133
1,54,28.457519638756978
1,55,31.397261248929127
1,56,33.16194483649215
1,57,33.15722870432697
1,58,35.6197549479174
1,59,35.198757340330516
1,60,31.423224592286303
1,61,29.87282788056788
1,62,26.187719622637076
1,63,25.46930991463243
1,64,23.081715039754446
1,65,23.358522425112007
1,66,21.234692388296327
1,67,22.014236881409076
1,68,19.87871289859791
1,69,17.079156900202427
1,70,14.51025144248379
1,71,16.042005311581573
1,72,14.516545309334655
1,73,17.92032206115423
1,74,19.90853548732239
1,75,22.747265301984008
1,76,26.174788285998957
1,77,29.788605190732895
1,78,32.70746704699484
1,79,36.11932126207357
1,80,39.56975382996236
1,81,38.45915076437425
1,82,41.18737850432742
1,83,41.58420869550799
1,84,40.710354200678
1,85,37.11812724001625
1,86,36.584307323129515
1,87,34.06208317538845
1,88,30.414991658534362
1,89,27.881865176878716
1,90,24.560864938233973
1,91,21.610607649220277
1,92,20.17520132560288
1,93,17.30439341474811
1,94,18.51157364863311
1,95,17.27234202328938
1,96,19.662473462431024
1,97,22.307075009583535
1,98,25.933247961402568
1,99,28.75593445292993
1,100,26.610054765678182
1,101,23.02180008009225
1,102,21.845012598726967
1,103,20.636000498424107
1,104,17.02903139752979
1,105,16.65735932363967
1,106,19.12899577078651
1,107,19.479808647645626
1,108,22.053046613652064
1,109,24.7356606876536
1,110,26.996174217004697
1,111,30.71723933193327
1,112,32.828869719468074
1,113,36.38214715631469
1,114,39.2909771392293
1,115,42.286602672500464
1,116,45.975248684929014
1,117,48.262490479401315
2,1,3.813425797063587
2,3,3.7959377213910037
2,4,6.5354800449149115
2,5,8.85228959199878
2,6,12.516871563858631
2,7,14.222457282396855
2,8,18.034041130183507
2,9,19.32187821370552
2,10,22.948229921733645
2,11,24.332582656704115
2,12,27.513344728124974
2,13,29.11553827867983
2,14,32.82914335063353
2,15,34.80813826956869
2,16,38.54860885795186
2,17,40.16703450764154
2,18,40.374650778553146
2,19,37.59518310897137
2,20,34.10323562283057
2,21,31.080466075544678
2,22,27.710096998476004
2,23,24.726362175506953
2,24,21.431757533912442
2,25,18.02398150550607
2,26,14.742005449354858
2,27,11.68882239027267
2,28,8.559913649486367
2,29,7.930138970622658
2,30,10.663707162811955
2,31,9.520736119105928
2,32,11.250641308705815
2,33,14.460749370725125
2,34,16.85902809510816
2,35,19.02597181023579
2,36,18.75511993586029
2,37,21.742679461855996
2,38,23.409836121812198
2,39,25.57070488920484
2,40,28.1332420747592
2,41,28.43810202030827
2,42,26.766518431899147
2,43,28.00159944082571
2,44,29.936067711766487
2,45,31.815935522701473
2,46,29.023587398664077
2,47,30.570286220327016
2,48,28.67888117823892
2,49,28.603959652411753
2,50,26.630420912825713
2,51,25.09378012378232
2,52,23.340870685002233
2,53,24.536931907896733
2,54,28.229879423830738
2,55,30.919018343204375
2,56,32.67148178371156
2,57,32.366233052025365
2,58,34.93073038104414
2,59,34.232219269872765
2,60,30.532436026641882
2,61,29.332404179233382
2,62,25.786756545315253
2,63,25.14544937090898
2,64,23.24812320642789
2,65,23.95267927724728
2,66,21.698856370639618
2,67,23.026179419975694
2,68,21.246991542192784
2,69,18.802825657220584
2,70,16.175888988947356
2,71,16.888253945164244
2,72,14.589494419887371
2,73,17.572943480296132
2,74,19.139782528695957
2,75,21.72703159728737
2,76,25.15706276515737
2,77,28.7372126019443
2,78,31.445899117970193
2,79,34.982809859329485
2,80,38.26270018897932
2,81,36.82538954466105
2,82,39.3443138297925
2,83,39.433639107282104
2,84,38.57435747012734
2,85,35.07052351950297
2,86,34.24226933772926
2,87,31.522309087368658
2,88,27.797122551176173
2,89,25.56092598315402
2,90,22.175019218053823
2,91,19.590881815867473
2,92,18.1574948615797
2,93,15.691014253121326
2,94,17.20727165589287
2,95,16.458422131578164
2,96,19.351767951671043
2,97,21.774848719465197
2,98,25.457584483121565
2,99,28.026505317453783
2,100,25.732505155990832
2,101,22.13610149632586
2,102,20.40316388634683
2,103,18.699550677452372
2,104,14.941473873859525
2,105,14.082789700464271
2,106,16.462139302769927
2,107,16.772134252595023
2,108,19.016145029052225
2,109,21.9876677537633
2,110,24.447970763628472
2,111,28.085861922347632
2,112,30.48695733581439
2,113,33.986895940957844
2,114,37.08940710847542
2,115,40.120808399780934
2,116,43.82718684143188
2,117,46.26245141736422
3,1,6.73703618789574
3,2,3.7959377213910037
3,4,3.8060284781198077
3,5,6.47497399884888
3,6,10.128427887461037
3,7,12.560338406104412
3,8,16.298048308106768
3,9,18.20336489730636
3,10,21.567999645202104
3,11,22.67597953849326
3,12,25.759688777911975
3,13,27.48567569009252
3,14,31.140291309525555
3,15,33.141478183376215
3,16,36.849963846734354
3,17,38.21590085035722
3,18,38.49129043459947
3,19,35.952951587409665
3,20,32.460189369401505
3,21,29.343628403989047
3,22,26.186529401001824
3,23,22.94374899760699
3,24,19.974562125677572
3,25,16.354280478867043
3,26,13.497675868782185
3,27,10.157978161100392
3,28,8.065622589804844
3,29,7.356947820678244
3,30,9.655567351805637
3,31,7.952807200562839
3,32,8.879398199763536
3,33,12.32302885252632
3,34,14.222409772272133
3,35,16.346670614209007
3,36,16.014462186714592
3,37,18.766292213283126
3,38,20.517125239398872
3,39,22.44436534538017
3,40,25.0878563460075
3,41,25.249726764676108
3,42,23.410418119863202
3,43,24.4425925411253
3,44,26.260860998116012
3,45,28.25425235031775
3,46,25.56691158774566
3,47,27.269653774067738
3,48,25.479814722258926
3,49,25.7192413226964
3,50,23.901032950527167
3,51,22.30062248428632
3,52,20.906416415919676
3,53,21.973171451864502
3,54,25.586072103857745
3,55,28.189444146533507
3,56,30.11635042648352
3,57,29.82981403056794
3,58,32.61535983239565
3,59,31.975200525421748
3,60,28.382521589562803
3,61,27.579913085127824
3,62,24.212018760526565
3,63,24.04327192629738
3,64,22.421580575095025
3,65,23.06763634434254
3,66,20.430591644191587
3,67,21.9446393632765
3,68,20.760543202058237
3,69,18.458081088365347
3,70,16.277328119651095
3,71,16.42986251384777
3,72,13.871014429278288
3,73,16.652527258095407
3,74,17.49434688279257
3,75,20.191196807674594
3,76,23.358541195559987
3,77,27.001420202484084
3,78,29.39840968774859
3,79,33.05279411879046
3,80,36.23069502932713
3,81,34.66850524016334
3,82,36.98794657847569
3,83,36.96785072753046
3,84,35.857644882007165
3,85,32.46348855816668
3,86,31.682135715381783
3,87,28.804543998246213
3,88,25.090553222389406
3,89,22.85489438831651
3,90,19.295102631976484
3,91,16.82341512998137
3,92,14.97037264658909
3,93,12.501300209082968
3,94,13.853833246533174
3,95,13.27362361945802
3,96,16.41352066180151
3,97,18.65904602362406
3,98,22.346052995308344
3,99,24.728016607235276
3,100,22.364200042315847
3,101,18.807504988024697
3,102,16.81779404651896
3,103,14.995283580029858
3,104,11.211820820463478
3,105,10.491762521488825
3,106,13.194734837988769
3,107,14.070243833330075
3,108,16.496222980912524
3,109,19.433670164934778
3,110,22.229690616474805
3,111,25.807959378958586
3,112,28.286677676198728
3,113,31.86965551420153
3,114,35.00799898360377
3,115,38.21918439193899
3,116,41.860618438913775
3,117,44.49550665383161
4,1,8.687152457608322
4,2,6.5354800449149115
4,3,3.8060284781198077
4,5,3.8018440634410884
4,6,6.859520050769595
4,7,9.711569223029098
4,8,13.302851804709803
4,9,15.609536665038789
4,10,18.84697130786701
4,11,20.233379906918824
4,12,23.018910185824982
4,13,24.457673173466297
4,14,28.059365946187466
4,15,29.850161130417817
4,16,33.508907917099634
4,17,34.75556310398542
4,18,34.893006493780305
4,19,32.381832200691576
4,20,28.839963873822498
4,21,25.80034927400667
4,22,22.653202139777285
4,23,19.436060831670225
4,24,16.54558520647665
4,25,12.838264799716118
4,26,10.07334699006988
4,27,6.570616902129492
4,28,5.432196815050174
4,29,5.018836926955029
4,30,7.3172942829589305
4,31,6.676465370822362
4,32,7.584104476885615
4,33,10.316360767894668
4,34,11.582147736024945
4,35,13.139730478752702
4,36,12.439681205123767
4,37,15.250520835440584
4,38,16.96011432836105
4,39,19.143586384609765
4,40,21.884321791915834
4,41,22.413304866618372
4,42,20.959464410430126
4,43,22.297953825364072
4,44,24.059697589738324
4,45,25.692478292330662
4,46,22.736545238767146
4,47,24.117743217726055
4,48,22.147483255097793
4,49,22.14976798066659
4,50,20.241165754785584
4,51,18.765386557480717
4,52,17.369439213069533
4,53,18.750564335710692
4,54,22.32730647810139
4,55,24.777304438752275
4,56,26.525679196288394
4,57,26.127803390885997
4,58,28.849453078855273
4,59,28.190701008834754
4,60,24.583364047919424
4,61,23.787813563928037
4,62,20.453761084433587
4,63,20.414018773028225
4,64,18.923651063987528
4,65,19.648911314628627
4,66,16.98069116134002
4,67,18.80157005180517
4,68,17.867875147909533
4,69,15.987252005259938
4,70,13.90150719476429
4,71,13.40425318107826
4,72,10.59737356303797
4,73,13.1646889466186
4,74,13.741623203920264
4,75,16.510565171960508
4,76,19.60242565648874
4,77,23.274989935915038
4,78,25.66972247782999
4,79,29.315952386922895
4,80,32.532644768069694
4,81,31.07578951627382
4,82,33.47701692908477
4,83,33.63466849727594
4,84,32.51065169292
4,85,29.047757953024167
4,86,28.47545627305844
4,87,25.764118273590743
4,88,22.123564363773582
4,89,19.604339424469543
4,90,16.105596385781343
4,91,13.334530708638189
4,92,11.67294042424686
4,93,9.196076118044713
4,94,11.122899118283145
4,95,11.244500184081279
4,96,14.647273875138044
4,97,17.3054556370397
4,98,21.08914925489403
4,99,23.2047281468773
4,100,20.429144565690674
4,101,16.7221652650265
4,102,14.977851937883539
4,103,12.887976484984174
4,104,9.322832315186016
4,105,8.162926862593734
4,106,10.468258691395242
4,107,11.199275705673177
4,108,14.13325941353416
4,109,16.624728047397877
4,110,19.270801553024917
4,111,22.92551069211069
4,112,25.141569964335517
4,113,28.80635346684699
4,114,31.794163549950312
4,115,35.04788547787129
4,116,38.65429085755398
4,117,41.260759678418886
5,1,11.561003504525537
5,2,8.85228959199878
5,3,6.47497399884888
5,4,3.8018440634410884
5,6,3.815840471432065
5,7,6.224324215905188
5,8,9.868034752743263
5,9,12.117485025960573
5,10,15.284149301875628
5,11,16.49366274880025
5,12,19.39754416020321
5,13,21.04442032696012
5,14,24.681306583024938
5,15,26.70323486892261
5,16,30.416620769642684
5,17,31.822036239533563
5,18,32.236522447228474
5,19,29.727027754563895
5,20,26.335195978152584
5,21,23.078575416210363
5,22,20.03731211604556
5,23,16.66696256739388
5,24,13.835824333207528
5,25,10.284870949815044
5,26,8.059731360202754
5,27,5.572397862842191
5,28,5.371776976790046
5,29,7.216805090123701
5,30,9.891574026300052
5,31,10.116942157018718
5,32,10.754580275860267
5,33,12.970511939887302
5,34,13.314121440272581
5,35,13.910008359194629
5,36,12.161961356705518
5,37,14.325970284812115
5,38,15.215418299810814
5,39,17.11737756256181
5,40,19.417395947430226
5,41,19.79533635112451
5,42,18.48139125786543
5,43,20.255713402965505
5,44,22.462323884464773
5,45,23.826547233730942
5,46,20.832878268441412
5,47,22.268506252101787
5,48,20.675696150049273
5,49,20.44360670278733
5,50,19.030837963565073
5,51,18.246884720017473
5,52,17.381240725180398
5,53,19.341334954370343
5,54,22.67461959021295
5,55,24.62337206075308
5,56,26.008148467640822
5,57,25.077830294958527
5,58,27.638193584947686
5,59,26.519293222149074
5,60,23.005866686123465
5,61,22.42042589187589
5,62,19.293583135415485
5,63,19.05585326382014
5,64,18.222418100853847
5,65,19.614148333787174
5,66,17.266164453222707
5,67,19.736616987747542
5,68,18.9540569334264
5,69,17.76356292264224
5,70,15.471802202773194
5,71,14.11948141161102
5,72,10.67001179101902
5,73,12.217543233361557
5,74,12.472558227702088
5,75,14.565853665238185
5,76,17.70175511250379
5,77,21.17717848508273
5,78,23.46213711442767
5,79,27.1301968437886
5,80,30.171549298440762
5,81,28.43533664578185
5,82,30.739098961333475
5,83,30.67497133913879
5,84,29.772604547166743
5,85,26.316571823877165
5,86,25.425349519907932
5,87,22.68206111059161
5,88,18.97277306682607
5,89,16.72667251960007
5,90,13.36988553836487
5,91,11.021903119329881
5,92,10.113523845737957
5,93,8.849370167376994
5,94,11.722017327886189
5,95,12.969843448312519
5,96,16.650073556699763
5,97,19.19387475709165
5,98,22.897034633722544
5,99,24.5641931100186
5,100,21.490166796838455
5,101,17.86114864169588
5,102,15.788752050409116
5,103,12.947443426730715
5,104,9.707498044740394
5,105,7.082481304523855
5,106,8.146948227362243
5,107,7.958957051326431
5,108,10.590893731989727
5,109,13.2460879814389
5,110,15.827302155100927
5,111,19.465984750752618
5,112,21.855238205718315
5,113,25.433928808664902
5,114,28.553193211478632
5,115,31.745723009568938
5,116,35.39227065609061
5,117,38.024087859624764
6,1,14.87215316958611
6,2,12.516871563858631
6,3,10.128427887461037
6,4,6.859520050769595
6,5,3.815840471432065
6,7,3.805415327129716
6,8,6.734583737851345
6,9,9.735133837848657
6,10,12.457129780500317
6,11,13.833544529689009
6,12,16.327260341908804
6,13,17.732182465996413
6,14,21.28825783764872
6,15,23.164627029356197
6,16,26.831862096411772
6,17,28.106011671122218
6,18,28.494245799612354
6,19,26.07560666593913
6,20,22.69505357128687
6,21,19.414799519726746
6,22,16.505538362105373
6,23,13.025089759078815
6,24,10.482549136239768
6,25,6.90482745319453
6,26,5.739023838305721
6,27,4.585157759530685
6,28,6.70563724812527
6,29,8.910910210084486
6,30,10.887724855681332
6,31,11.89097830253401
6,32,12.214817842391108
6,33,13.489712945637015
6,34,12.835438231170274
6,35,12.370204196058252
6,36,9.777247967023271
6,37,11.399629152617306
6,38,11.744665746263717
6,39,13.72993109520664
6,40,15.930929989411139
6,41,16.648643858387572
6,42,15.84324828650456
6,43,18.047222966876728
6,44,20.27443141918763
6,45,21.14993245450903
6,46,17.922748459638644
6,47,19.03190095683468
6,48,17.448490680559654
6,49,16.91277372857312
6,50,15.697214864015445
6,51,15.404619033006599
6,52,14.924947267269904
6,53,17.34678736148562
6,54,20.39301991203162
6,55,21.914922097849455
6,56,22.98608361700442
6,57,21.735588704776422
6,58,24.191966456617116
6,59,22.884960973201043
6,60,19.444772533926066
6,61,19.0743251522126
6,62,16.18599718608908
6,63,16.14172445019661
6,64,15.86151462024801
6,65,17.54812260973996
6,66,15.334330464516203
6,67,18.275141540996568
6,68,17.952222912212815
6,69,17.471746779835712
6,70,15.47130623710004
6,71,13.254420081740617
6,72,9.657370442312397
6,73,10.114467485296023
6,74,9.549875412450037
6,75,11.269903430352423
6,76,14.186533875686747
6,77,17.587994712863576
6,78,19.723831128538134
6,79,23.41606068684677
6,80,26.40001491042789
6,81,24.636349068231468
6,82,26.942717373343083
6,83,26.959066338239435
6,84,26.0648683903331
6,85,22.56202949072398
6,86,21.789977269753837
6,87,19.189963437941056
6,88,15.557890366832643
6,89,13.080505989609675
6,90,9.855222005337398
6,91,7.382494972627958
6,92,7.286865170229163
6,93,7.11786237978447
6,94,10.699985357905653
6,95,12.949308773329694
6,96,16.598595767010423
6,97,19.218519302737597
6,98,22.781629186206445
6,99,24.001097319673562
6,100,20.598558271646727
6,101,17.077716424079146
6,102,15.214272816334828
6,103,12.079787229591755
6,104,9.706158951186461
6,105,6.5420052972958675
6,106,5.9167230415509415
6,107,4.87937328174078
6,108,8.127620642692754
6,109,10.04154564737351
6,110,12.446351437194433
6,111,16.136890072033758
6,112,18.29127059173775
6,113,21.94809997780412
6,114,24.955865909814893
6,115,28.21436865035723
6,116,31.82061189275265
6,117,34.47722820771921
7,1,16.622966249421104
7,2,14.222457282396855
7,3,12.560338406104412
7,4,9.711569223029098
7,5,6.224324215905188
7,6,3.805415327129716
7,8,3.8154986958987887
7,9,6.04293832779924
7,10,9.13673668530514
7,11,10.84520852235855
7,12,13.533352500608073
7,13,14.970294321215556
7,14,18.65760458402541
7,15,20.747049668302914
7,16,24.509408513824738
7,17,26.200454309419303
7,18,26.806374714529852
7,19,24.159675126003
7,20,20.96324427686716
7,21,17.552839426765388
7,22,14.552144820429863
7,23,11.231532211891903
7,24,8.37007046293601
7,25,5.5937288923421
7,26,5.097605835347497
7,27,6.244898023529394
7,28,7.799080683692938
7,29,11.038947639665485
7,30,13.516277203153926
7,31,15.050567152347007
7,32,15.748863226103134
7,33,16.910589674188927
7,34,16.257258121187963
7,35,15.363827355177587
7,36,12.350510639358996
7,37,13.495287582638415
7,38,12.877274569191062
7,39,14.685466837507684
7,40,16.150355594564445
7,41,16.898964620136837
7,42,16.558049480747616
7,43,19.30730508747132
7,44,21.933345348178314
7,45,22.37699724581681
7,46,19.137676540467456
7,47,20.03261429316243
7,48,18.781043847360355
7,49,17.66190704343367
7,50,16.853559717840614
7,51,17.320107531181062
7,52,16.977758110588223
7,53,19.876501346701698
7,54,22.687843387732958
7,55,23.798197096913476
7,56,24.325392616792875
7,57,22.564948326913782
7,58,24.558094735619825
7,59,22.73093104494648
7,60,19.376837159005824
7,61,18.836677365288608
7,62,16.10256305578272
7,63,15.349091500336852
7,64,15.606740080483272
7,65,18.017794851792157
7,66,16.53104183765016
7,67,19.81957918939721
7,68,19.198979470071052
7,69,19.225236106731213
7,70,16.815365594099987
7,71,14.290633747617555
7,72,10.52954582112729
7,73,9.983684916995893
7,74,9.864555034547482
7,75,10.386021182603946
7,76,13.534538825683859
7,77,16.507345361022598
7,78,18.813212000222784
7,79,22.337393194804285
7,80,25.196482821706255
7,81,23.281878822792
7,82,25.67966334188119
7,83,25.599268796891234
7,84,25.229571393332968
7,85,21.667084403728566
7,86,20.533239651590993
7,87,18.183682290529674
7,88,14.600427855441787
7,89,12.527086518749163
7,90,10.076897421850717
7,91,8.347729396330022
7,92,9.754800608057264
7,93,10.499959598375135
7,94,14.231319578490702
7,95,16.681167030887384
7,96,20.276430283841417
7,97,22.93649535627444
7,98,26.45232418388606
7,99,27.518448651828677
7,100,24.018674315624512
7,101,20.58545803489038
7,102,18.750466997173582
7,103,15.45570774898302
7,104,13.328167727922825
7,105,9.87108999350876
7,106,8.202066285962575
7,107,5.308156101574459
7,108,7.180833818638914
7,109,8.933598401963804
7,110,10.49525391301761
7,111,14.21227587826876
7,112,16.378648766844133
7,113,19.826424338957406
7,114,22.899631875179075
7,115,25.90125569276599
7,116,29.60974728402125
7,117,32.092643645134345
8,1,20.346997042928695
8,2,18.034041130183507
8,3,16.298048308106768
8,4,13.302851804709803
8,5,9.868034752743263
8,6,6.734583737851345
8,7,3.8154986958987887
8,9,3.8361232720509015
8,10,5.786556327607219
8,11,7.787101878437845
8,12,9.954042205433261
8,13,11.19921467927567
8,14,14.86393174431946
8,15,16.980354856342167
8,16,20.745304755374917
8,17,22.472573344938983
8,18,23.23763396892948
8,19,20.65323267940453
8,20,17.628162457838833
8,21,14.0749603976554
8,22,11.345955824953547
8,23,7.949608870936447
8,24,5.706613268542741
8,25,4.461652281621276
8,26,6.45163255223925
8,27,8.951950598291962
8,28,11.16811174317948
8,29,14.301526162071877
8,30,16.355256226071774
8,31,18.174715691735138
8,32,18.672917285847944
8,33,19.330605724174497
8,34,18.06653918379329
8,35,16.415252120241362
8,36,12.911024267576444
8,37,13.132281177709492
8,38,11.486199612322778
8,39,12.961633139404391
8,40,13.746524497149718
8,41,14.736537311887199
8,42,15.112867808995635
8,43,18.337015383647277
8,44,21.058807073140553
8,45,20.895284948080217
8,46,17.617216592329175
8,47,18.136131285281134
8,48,17.20930680134882
8,49,15.63622638845528
8,50,15.406054418147875
8,51,16.695650508803713
8,52,16.89832878754077
8,53,20.144144978458637
8,54,22.4748844294297
8,55,22.979482085326758
8,56,23.013633519617823
8,57,20.752804087171732
8,58,22.41752325717461
8,59,20.1608894881917
8,60,17.076543108081538
8,61,16.83930887783749
8,62,14.659609314750265
8,63,13.896606476872735
8,64,15.076123580926192
8,65,17.905156966769095
8,66,16.85701350934656
8,67,20.468604317699747
8,68,20.222242034022837
8,69,20.905193175923113
8,70,18.759863417076613
8,71,15.7017528237137
8,72,12.19963803044652
8,73,10.430283835831112
8,74,9.54684987531888
8,75,8.72591109479154
8,76,11.330620891633433
8,77,13.76671679430131
8,78,15.803025248143971
8,79,19.23145996610399
8,80,21.867099276180554
8,81,19.767336776429893
8,82,22.117600591014188
8,83,21.9883017343337
8,84,21.86386243426575
8,85,18.295089166377895
8,86,17.041115623360216
8,87,14.961159106289628
8,88,11.57887434431967
8,89,9.67713756766645
8,90,8.182350031573897
8,91,7.37818519639904
8,92,10.08837374106381
8,93,11.947370764181949
8,94,15.704837728658639
8,95,18.688419174924725
8,96,22.126299728904076
8,97,24.69170790391793
8,98,27.993012036725403
8,99,28.639594603119185
8,100,24.981622651624743
8,101,21.80715691223245
8,102,20.122026834078575
8,103,16.73604401444988
8,104,15.364991807089902
8,105,11.876954988409082
8,106,9.126399514610782
8,107,5.5182667752276675
8,108,6.288704101128145
8,109,6.496427197865329
8,110,7.024201957836933
8,111,10.730220647406702
8,112,12.668044291643929
8,113,16.078699216280327
8,114,19.109206996704824
8,115,22.087312041702724
8,116,25.79737956356824
8,117,28.284018794962495
9,1,21.611764198645183
9,2,19.32187821370552
9,3,18.20336489730636
9,4,15.609536665038789
9,5,12.117485025960573
9,6,9.735133837848657
9,7,6.04293832779924
9,8,3.8361232720509015
9,10,3.8202087519475696
9,11,6.515903925445737
9,12,8.976602792297662
9,13,10.227328795353666
9,14,13.94413301255664
9,15,16.32575270984573
9,16,20.11792504732045
9,17,22.417490992557035
9,18,23.411089027485087
9,19,20.549679596507527
9,20,17.863272937556527
9,21,14.384539569676795
9,22,11.661636083390112
9,23,9.088684601089467
9,24,6.765238017590024
9,25,7.075362925378915
9,26,8.467374598114509
9,27,11.364520756198871
9,28,12.72202333388316
9,29,16.2852523926106
9,30,18.782324896347983
9,31,20.801140004881148
9,32,21.64769125153093
9,33,22.469549953791443
9,34,21.517010369679717
9,35,19.958448069927346
9,36,16.51734350622505
9,37,16.819688742540475
9,38,14.959549916939965
9,39,16.275268168207187
9,40,16.498875018171614
9,41,17.34467613638628
9,42,17.897196382542873
9,43,21.276768468630657
9,44,24.23675224094301
9,45,23.912221797297995
9,46,20.785791214201932
9,47,21.21801478647785
9,48,20.53158567790926
9,49,18.649116872249454
9,50,18.594560568967452
9,51,20.15362828962553
9,52,20.21025336279166
9,53,23.60067246733992
9,54,25.88858194576182
9,55,26.26672218915637
9,56,25.96925658079576
9,57,23.471124078477274
9,58,24.686236466734762
9,59,22.09249986662484
9,60,19.17093121288307
9,61,18.61656544666871
9,62,16.562049707361005
9,63,15.012829435047125
9,64,16.39022816344612
9,65,19.645593382591787
9,66,19.204658436191178
9,67,22.838334398875958
9,68,22.155820427579787
9,69,23.00348168117026
9,70,20.462293297224427
9,71,17.52043573869046
9,72,14.084541607226226
9,73,12.097365144544307
9,74,12.059674820254598
9,75,10.544767801647762
9,76,13.197686862073347
9,77,14.991091006716813
9,78,17.20105800864853
9,79,20.23133838556478
9,80,22.672434039517086
9,81,20.526000806820292
9,82,22.932664511986694
9,83,22.69801165003617
9,84,23.19621011265299
9,85,19.715255491093757
9,86,18.08442989635925
9,87,16.399318527778714
9,88,13.343085968363098
9,89,12.175418959758604
9,90,11.474847392635699
9,91,11.121803941839627
9,92,13.921096471169465
9,93,15.641779402480404
9,94,19.42608739512588
9,95,22.258607886902357
9,96,25.73233070567535
9,97,28.376203339081894
9,98,31.73912168009301
9,99,32.45423064689355
9,100,28.806443373966797
9,101,25.595797928324014
9,102,23.87247142688113
9,103,20.447877684778195
9,104,18.860649521542374
9,105,15.25995701760373
9,106,12.652640642071928
9,107,8.940576302335286
9,108,8.535191159358027
9,109,8.847074083006692
9,110,8.176875165190484
9,111,11.287214231205933
9,112,13.110515214251164
9,113,15.959203445408818
9,114,18.969821417277885
9,115,21.46457768422311
9,116,25.248209487496926
9,117,27.431160580509573
10,1,25.305107833783346
10,2,22.948229921733645
10,3,21.567999645202104
10,4,18.84697130786701
10,5,15.284149301875628
10,6,12.457129780500317
10,7,9.13673668530514
10,8,5.786556327607219
10,9,3.8202087519475696
10,11,3.784060330708218
10,12,5.254913400411695
10,13,6.571038217878191
10,14,10.26316089101499
10,15,12.942008018735361
10,16,16.71476863017548
10,17,19.087962944479326
10,18,20.44366138230394
10,19,17.79071907303415
10,20,15.51962857944444
10,21,11.921990892168782
10,22,9.982521837227235
10,23,7.768485566949974
10,24,7.1063648180047245
10,25,8.803775673878247
10,26,11.304872122121239
10,27,14.408273502491921
10,28,16.249682603428287
10,29,19.653148189590343
10,30,21.837371070672972
10,31,23.866472253925874
10,32,24.452371461273103
10,33,25.0033757117761
10,34,23.576889677866173
10,35,21.551394083204237
10,36,17.874327219146398
10,37,17.39115094012022
10,38,14.797882314612849
10,39,15.500638398613361
10,40,14.891615404395129
10,41,15.718347135606239
10,42,16.85371089877209
10,43,20.48464469792459
10,44,23.489016750782024
10,45,22.65896633791004
10,46,19.71311607746624
10,47,19.89745135094406
10,48,19.70486883753018
10,49,17.614703435132817
10,50,18.251850846138773
10,51,20.449480105476827
10,52,21.074650066249212
10,53,24.568310558952664
10,54,26.391014652107355
10,55,26.217039532351563
10,56,25.546773209897598
10,57,22.63972155818849
10,58,23.548486324702342
10,59,20.56132626977872
10,60,18.132520060938155
10,61,18.068262682268855
10,62,16.755117288443454
10,63,15.4208193217686
10,64,17.580617150276147
10,65,20.968475931358846
10,66,20.758745013823738
10,67,24.52986514521888
10,68,24.25899562719328
10,69,25.502820576560456
10,70,23.269329194224152
10,71,20.026351391099556
10,72,16.821756321708957
10,73,14.269086004448651
10,74,13.520969865913127
10,75,11.164691426695509
10,76,12.833403187713657
10,77,13.77438411035642
10,78,15.365253905030096
10,79,18.136066433613845
10,80,20.116333269387816
10,81,17.646887636216384
10,82,19.801112873023214
10,83,19.32823030207052
10,84,20.148508041729126
10,85,16.83921227207604
10,86,14.901249046281064
10,87,13.555479838493456
10,88,10.984224990004702
10,89,10.532605572552983
10,90,11.011963712630571
10,91,11.708162180675101
10,92,14.998176767083452
10,93,17.42015573346948
10,94,21.086429879464102
10,95,24.274160091506214
10,96,27.63077575294014
10,97,30.086808647383865
10,98,33.2279343587252
10,99,33.560839401229224
10,100,29.853505978848244
10,101,26.928759552762678
10,102,25.243180390796265
10,103,21.771720991541713
10,104,20.763203946497505
10,105,17.186007728553644
10,106,14.010633104163981
10,107,10.324916747371434
10,108,9.048924335269447
10,109,7.9994339722053525
10,110,5.8347815442614905
10,111,8.147488709492288
10,112,9.73286583258642
10,113,12.27875400388325
10,114,15.329688480267356
10,115,17.752034119805973
10,116,21.536422179348214
10,117,23.791170372449574
11,1,27.078419847648775
11,2,24.332582656704115
11,3,22.67597953849326
11,4,20.233379906918824
11,5,16.49366274880025
11,6,13.833544529689009
11,7,10.84520852235855
11,8,7.787101878437845
11,9,6.515903925445737
11,10,3.784060330708218
11,12,3.8318087887876047
11,13,7.108599962600497
11,14,10.29030930981175
11,15,13.63268773208057
11,16,17.21167898862902
11,17,19.457340999606714
11,18,21.39696583934733
11,19,19.243316571171977
11,20,17.417515375072572
11,21,13.735190966856011
11,22,12.626624602803316
11,23,10.265077024404901
11,24,10.345160044651037
11,25,11.54314238322808
11,26,14.06997831324718
11,27,16.686419699746672
11,28,18.480711225693835
11,29,21.84473172550335
11,30,24.091752096738567
11,31,25.671103036833053
11,32,25.96003443663081
11,33,26.783201030255913
11,34,25.201632013717866
11,35,23.25517599355366
11,36,19.542943218152644
11,37,18.60105205739152
11,38,15.774684910611366
11,39,15.592632481286646
11,40,14.368986053479704
11,41,14.323094170335814
11,42,15.177331341652975
11,43,18.75907481222714
11,44,22.058246945155787
11,45,21.294787217993235
11,46,18.81291169249891
11,47,19.48074517794422
11,48,19.978083095118983
11,49,18.38038067787646
11,50,19.627920134415426
11,51,21.92240430337058
11,52,23.0511243973598
11,53,26.342306320319945
11,54,28.027331569454343
11,55,27.681888176929743
11,56,27.167891577488685
11,57,24.175250614526448
11,58,25.26340726857604
11,59,22.186158235441656
11,60,20.117421167899707
11,61,20.64928622174186
11,62,19.642978261689287
11,63,18.73856239261036
11,64,20.986029578911452
11,65,24.224395521121252
11,66,23.70520427444688
11,67,27.46553669405467
11,68,27.42016076033807
11,69,28.473257174800665
11,70,26.32301037894149
11,71,23.13546727204547
11,72,19.781061073677776
11,73,17.48822930004193
11,74,16.352498365645083
11,75,14.220391150171345
11,76,15.484206340200615
11,77,16.250093134140222
11,78,17.12910652585703
11,79,19.86192069964627
11,80,21.340307620153087
11,81,18.375681233123803
11,82,19.865187897915472
11,83,18.66933234813377
11,84,19.455880708636446
11,85,16.55634468712244
11,86,13.92497861567347
11,87,12.108324917855235
11,88,9.56393283542553
11,89,10.356875903605017
11,90,11.038506687803794
11,91,12.765095006516747
11,92,15.742931651409915
11,93,18.556595957835704
11,94,22.03446908100233
11,95,25.327685498500358
11,96,28.756353023430073
11,97,30.843809374684703
11,98,33.83887710256332
11,99,33.957777260668806
11,100,30.354581889510936
11,101,27.645745863248838
11,102,25.586485950084477
11,103,21.94896592474025
11,104,21.14188883255719
11,105,17.481683562620695
11,106,14.108791295274246
11,107,10.656527979891303
11,108,8.10310843122077
11,109,7.118288371111551
11,110,5.198605674610749
11,111,6.425457130646303
11,112,9.109100159796098
11,113,11.238813776690694
11,114,14.775139644998225
11,115,17.230216345567595
11,116,20.92285324219951
11,117,23.50304514006299
12,1,30.065945081425916
12,2,27.513344728124974
12,3,25.759688777911975
12,4,23.018910185824982
12,5,19.39754416020321
12,6,16.327260341908804
12,7,13.533352500608073
12,8,9.954042205433261
12,9,8.976602792297662
12,10,5.254913400411695
12,11,3.8318087887876047
12,13,3.792957946015471
12,14,6.54723503508325
12,15,9.999092298605337
12,16,13.476114526107763
12,17,15.711794977719045
12,18,17.8410282908728
12,19,15.892764076495688
12,20,14.493204776125175
12,21,10.968397314133675
12,22,10.778217599300163
12,23,9.226149426500667
12,24,10.583801615492888
12,25,12.729347988539066
12,26,15.847909348176392
12,27,18.80945428680712
12,28,21.030139314482756
12,29,24.241377236651143
12,30,26.12969039116231
12,31,27.959281139649363
12,32,28.158916794627583
12,33,28.538310141417128
12,34,26.598555763951516
12,35,24.194337826344654
12,36,20.400624032643588
12,37,18.962826754619524
12,38,15.67319748251543
12,39,15.245367883952158
12,40,13.383541515482547
12,41,13.777109207836169
12,42,15.518815037620545
12,43,19.243948357867566
12,44,22.268452344126054
12,45,20.857162908131475
12,46,18.434172502737354
12,47,18.494550851295756
12,48,19.20764841859229
12,49,17.217907107478702
12,50,18.89461233305984
12,51,21.711850342028896
12,52,23.138094271681354
12,53,26.53187934462763
12,54,27.759133251724077
12,55,26.919083045610712
12,56,25.949057409807367
12,57,22.645501676683384
12,58,23.296609526987922
12,59,19.935567562584353
12,60,18.373994588788097
12,61,19.19751115307915
12,62,18.870007388723486
12,63,18.107212543150712
12,64,20.90822930509227
12,65,24.195471413806917
12,66,24.01249864504111
12,67,27.818241194930824
12,68,28.08120424142125
12,69,29.57569465036009
12,70,27.71624078735601
12,71,24.266938980362273
12,72,21.242916605058664
12,73,18.43811477225235
12,74,16.922842238450738
12,75,14.179207872577095
12,76,14.555990373499853
12,77,14.456857808688596
12,78,14.769489104256763
12,79,17.07861569953528
12,80,18.129426777835814
12,81,15.027618728847726
12,82,16.382300136249793
12,83,15.186319745465624
12,84,16.37920444594097
12,85,13.608318384827196
12,86,10.917308453077185
12,87,9.933428609542233
12,88,8.425219352573654
12,89,9.638195003306231
12,90,11.585362445586517
12,91,13.669939908111404
12,92,17.03501427882449
12,93,20.152965928695323
12,94,23.50028133505286
12,95,27.007590021911046
12,96,30.206068238137565
12,97,32.2777428575014
12,98,35.0737470894016
12,99,34.89821471012898
12,100,31.229876153213397
12,101,28.7592530841283
12,102,27.014042223320114
12,103,23.536699444033346
12,104,23.234972812928056
12,105,19.789979688094892
12,106,16.180233925557
12,107,12.937083558727457
12,108,10.756351699436388
12,109,8.465684078678125
12,110,5.099647956940899
12,111,4.4115220494438505
12,112,5.894294940182751
12,113,7.574714337879532
12,114,10.994684913312557
12,115,13.42185771292994
12,116,17.13259643963652
12,117,19.729399787610785
13,1,31.31378987480982
13,2,29.11553827867983
13,3,27.48567569009252
13,4,24.457673173466297
13,5,21.04442032696012
13,6,17.732182465996413
13,7,14.970294321215556
13,8,11.19921467927567
13,9,10.227328795353666
13,10,6.571038217878191
13,11,7.108599962600497
13,12,3.792957946015471
13,14,3.737362176753974
13,15,6.588366196512455
13,16,10.282648445531489
13,17,12.731383985336395
13,18,14.539537632385255
13,19,12.282604924790192
13,20,10.964098795922407
13,21,7.66103229366063
13,22,7.941594343263933
13,23,7.6613410842313705
13,24,9.754077740690198
13,25,12.776698630229323
13,26,16.11494594349025
13,27,19.45256575542316
13,28,21.89672807369813
13,29,24.977380017605654
13,30,26.574440831648353
13,31,28.807097499472217
13,32,29.12797435748379
13,33,29.058333570213836
13,34,27.002771337173865
13,35,24.272462127656706
13,36,20.515437587735455
13,37,19.047332593260364
13,38,15.66294401323384
13,39,15.662110393813787
13,40,13.850850187348385
13,41,15.128297532583701
13,42,17.501745525339444
13,43,21.263687666475757
13,44,23.89837711579117
13,45,22.065581734676837
13,46,19.415458884260296
13,47,18.723337427061463
13,48,19.089340261410197
13,49,16.4814871065846
13,50,18.03078718639107
13,51,21.141053558299323
13,52,22.431899680577473
13,53,25.98892167938719
13,54,26.948471931849603
13,55,25.850780872639472
13,56,24.40353555669626
13,57,20.927816739204793
13,58,21.03597078241635
13,59,17.490158077787815
13,60,16.14804284577441
13,61,16.771897109746483
13,62,16.874685847522514
13,63,15.939536121354982
13,64,19.123410149655847
13,65,22.49331858245502
13,66,22.809435910336443
13,67,26.595697382083976
13,68,26.938454750095584
13,69,28.87081192132822
13,70,27.193225278837776
13,71,23.58597697584655
13,72,20.974284871726848
13,73,17.720299868507098
13,74,16.20630885463986
13,75,12.919149589042965
13,76,12.702334055041577
13,77,11.806718946437151
13,78,12.102864228263599
13,79,13.95882324371188
13,80,14.997690641188596
13,81,12.1934720447454
13,82,14.052230982023788
13,83,13.557775637120667
13,84,15.165495357510421
13,85,12.221199719872853
13,86,10.242761343380094
13,87,10.47020768517565
13,88,9.782406975148232
13,89,10.260990199133168
13,90,12.766546146597491
13,91,14.385042558281542
13,92,18.06602491173748
13,93,21.079540975590124
13,94,24.40316196776058
13,95,27.93998033320431
13,96,30.9166729613834
13,97,33.19245668137548
13,98,35.934564700989206
13,99,35.70507543447755
13,100,31.951891255267896
13,101,29.52053509692576
13,102,28.22223659282348
13,103,24.97503755331253
13,104,24.85151871503243
13,105,21.60654526069062
13,106,18.026279181527663
13,107,14.83056063514488
13,108,13.429725854010114
13,109,10.688348017041056
13,110,6.9238055533799
13,111,6.224115296980502
13,112,5.152431448203448
13,113,6.514179533296469
13,114,8.985409936082162
13,115,11.241054194508198
13,116,15.024216216104804
13,117,17.286152450865643
14,1,34.99698611235245
14,2,32.82914335063353
14,3,31.140291309525555
14,4,28.059365946187466
14,5,24.681306583024938
14,6,21.28825783764872
14,7,18.65760458402541
14,8,14.86393174431946
14,9,13.94413301255664
14,10,10.26316089101499
14,11,10.29030930981175
14,12,6.54723503508325
14,13,3.737362176753974
14,15,3.7765889473699743
14,16,6.983625705446607
14,17,9.639759222222796
14,18,12.015267477016613
14,19,10.280329757638402
14,20,10.126524910817961
14,21,7.724434429561385
14,22,9.529241909278033
14,23,10.287303802401343
14,24,12.953527396941787
14,25,16.15361737165267
14,26,19.5990734504584
14,27,22.96001869793641
14,28,25.522407613472833
14,29,28.515480628714762
14,30,29.937115249760215
14,31,32.21701286992153
14,32,32.44337937277221
14,33,32.17128242657758
14,34,29.90222457654551
14,35,26.94600744551913
14,36,23.237184804246603
14,37,21.403922628853064
14,38,17.822818167890464
14,39,17.431730880226183
14,40,15.073018805860267
14,41,16.364151371867788
14,42,19.166295040512292
14,43,22.829202270559584
14,44,25.25194990425222
14,45,22.967781753113783
14,46,20.647157435129177
14,47,19.58162535071891
14,48,20.312666252274372
14,49,17.609034219026412
14,50,19.589186458246523
14,51,23.0172039432172
14,52,24.587269206888518
14,53,28.08183128158241
14,54,28.609408707994234
14,55,27.06108354411905
14,56,25.234782140152397
14,57,21.547789535232884
14,58,21.155898209562032
14,59,17.399671417666433
14,60,16.853512945257172
14,61,17.821365064774845
14,62,18.651651571096824
14,63,17.90096387640479
14,64,21.38937754405322
14,65,24.66897331686734
14,66,25.234853603168702
14,67,28.947381158989355
14,68,29.519279955295044
14,69,31.711199467859462
14,70,30.243290021647894
14,71,26.556785082511528
14,72,24.192405119354863
14,73,20.769908239937283
14,74,19.08131699551515
14,75,15.621229091649985
14,76,14.663809401976463
14,77,12.871243861122336
14,78,12.296947452792487
14,79,13.23468699773597
14,80,13.346799808429141
14,81,10.376058040656618
14,82,11.724136600720552
14,83,11.075182090110765
14,84,13.439688669365975
14,85,11.12511216492939
14,86,9.156634739930544
14,87,10.601636398134616
14,88,11.22392276235739
14,89,12.270672539687288
14,90,15.368511675304228
14,91,17.29019435864351
14,92,20.951079022665976
14,93,24.124090166217247
14,94,27.261430496212036
14,95,30.88900028113342
14,96,33.694009141518315
14,97,35.850017459511754
14,98,38.387940232998645
14,99,37.89503372638147
14,100,34.173621108883744
14,101,32.00379107832743
14,102,30.849200800560453
14,103,27.719550077682683
14,104,27.9323673898648
14,105,24.823875898052282
14,106,21.16007292643289
14,107,18.17946459606336
14,108,16.664204702732846
14,109,13.63894192962633
14,110,9.879613852438514
14,111,7.933605249899537
14,112,5.471796699829817
14,113,4.484324590310101
14,114,5.827285701490741
14,115,7.556471037977767
14,116,11.33861194140435
14,117,13.56464328863974
15,1,36.68699321953213
15,2,34.80813826956869
15,3,33.141478183376215
15,4,29.850161130417817
15,5,26.70323486892261
15,6,23.164627029356197
15,7,20.747049668302914
15,8,16.980354856342167
15,9,16.32575270984573
15,10,12.942008018735361
15,11,13.63268773208057
15,12,9.999092298605337
15,13,6.588366196512455
15,14,3.7765889473699743
15,16,3.8016941299499996
15,17,6.563797704207925
15,18,8.462690975482513
15,19,6.586497573638152
15,20,7.153166795865732
15,21,6.033707082065506
15,22,8.881343498629255
15,23,10.848818291403468
15,24,13.892357684560663
15,25,17.361408295355798
15,26,20.84378893141255
15,27,24.29669860110877
15,28,27.05340405425412
15,29,29.811356915709048
15,30,30.883960125708082
15,31,33.40765258497163
15,32,33.654285926494346
15,33,32.969318679380216
15,34,30.564088567569826
15,35,27.355436482873426
15,36,23.807280289176248
15,37,21.903243813058925
15,38,18.387633391182288
15,39,18.26656854120667
15,40,16.05196763112717
15,41,17.969444168683843
15,42,21.150167099116857
15,43,24.716996017715648
15,44,26.721953298727446
