1,2,3.7885942412717006
1,3,6.655168613529321
1,4,8.654857773779716
1,5,11.32258067741332
1,6,14.635724914324213
1,7,16.37750129119724
1,8,20.120767313928244
1,9,21.28175036176992
1,10,24.984576818356548
1,11,27.020676610954144
1,12,29.935028145522324
1,13,31.23247540859468
1,14,34.981109657248126
1,15,36.558804652814416
1,16,40.21215848396525
1,17,41.79251232508812
1,18,41.61856084511657
1,19,38.74617120483275
1,20,35.15645178915061
1,21,32.43868091542127
1,22,28.85721090831953
1,23,26.114062122493998
1,24,22.77219223148183
1,25,19.42032244856394
1,26,15.83534388131259
1,27,12.70640927460328
1,28,9.42003544628335
1,29,7.697444468938283
1,30,9.774418346587371
1,31,8.840113154316319
1,32,11.297743226474658
1,33,13.864216285715308
1,34,16.813513031330253
1,35,19.186729203192318
1,36,19.558733454993064
1,37,22.931352212806182
1,38,24.937176754758166
1,39,27.43181980412068
1,40,30.164848042306684
1,41,30.63943771061401
1,42,28.930718834242466
1,43,30.121628821210436
1,44,32.068006580882916
1,45,34.09689599272964
1,46,31.198733016759096
1,47,32.32711890690162
1,48,30.19443485869757
1,49,29.8797584903047
1,50,27.585622910700646
1,51,25.761432038623862
1,52,23.6116032448836
1,53,24.69415752165582
1,54,28.473454168601382
1,55,31.392485356532525
1,56,33.50625249002755
1,57,32.969746591308656
1,58,35.508386471034825
1,59,34.948624392148034
1,60,31.175125891059793
1,61,29.569994249268454
1,62,25.888865428569073
1,63,25.30283829731893
1,64,22.869088252669812
1,65,23.088501380757076
1,66,21.02899938901283
1,67,21.853338155365392
1,68,19.575604060475587
1,69,16.786441053175956
1,70,14.389719552636471
1,71,15.811628933464126
1,72,14.267721656820493
1,73,17.70852876413521
1,74,19.664485530861377
1,75,22.535874885257265
1,76,25.93319998607738
1,77,29.540241667909964
1,78,32.45630864651472
1,79,35.85831626697346
1,80,39.33149848825426
1,81,38.27494543213168
1,82,40.996531932670486
1,83,41.26613875158621
1,84,40.384955637243834
1,85,36.7446087069125
1,86,36.24518014838183
1,87,33.76046998736282
1,88,30.200551285178545
1,89,27.639307746779394
1,90,24.315950865133498
1,91,21.342314353931382
1,92,19.922919907126943
1,93,17.085969220152197
1,94,18.378175805501904
1,95,17.037276835777277
1,96,19.45736863513628
1,97,21.355991288304324
1,98,24.49386222419234
1,99,27.276844614209473
1,100,25.883635622960618
1,101,22.6605985780896
1,102,21.92256660471947
1,103,20.56898544040728
1,104,16.931634582135683
1,105,16.399382574509453
1,106,18.766737110760996
1,107,19.06915302624728
1,108,21.726554680113452
1,109,24.40755660193055
1,110,26.69030352112038
1,111,30.468898629289036
1,112,32.62106673695064
1,113,36.154462262675615
1,114,38.923876872800854
1,115,41.8168911392216
1,116,41.267712040952325
2,1,3.7885942412717006
2,3,3.803583683313455
2,4,6.472876000525274
2,5,8.550445256188214
2,6,12.205129202306564
2,7,13.888862295730037
2,8,17.689182492979505
2,9,18.870356107038138
2,10,22.521840494862406
2,11,24.19912996079165
2,12,27.314356873297015
2,13,28.95215216053727
2,14,32.74869092323461
2,15,34.58930798542988
2,16,38.310322398331614
2,17,39.93611716007507
2,18,40.069886276373424
2,19,37.29196764050604
2,20,33.80434545766215
2,21,30.821489070236595
2,22,27.35652877725162
2,23,24.348219917600822
2,24,21.09133269247281
2,25,17.719743365996404
2,26,14.423562793510799
2,27,11.400181660312745
2,28,8.202113390874775
2,29,7.613614509693071
2,30,10.453672346157527
2,31,9.40525870213116
2,32,11.36853652047361
2,33,14.368543118089718
2,34,16.700491627006382
2,35,18.74095489162177
2,36,18.56051033087477
2,37,21.576284152849002
2,38,23.22159661069052
2,39,25.36701151713192
2,40,27.847648627382544
2,41,28.001272582041832
2,42,26.148203438165144
2,43,27.394996267169724
2,44,29.61659841719542
2,45,31.66046564534716
2,46,28.88411491303726
2,47,30.284204105048204
2,48,28.506710138357928
2,49,28.296649129848475
2,50,26.40202225300915
2,51,24.89152061885421
2,52,23.22565176260698
2,53,24.554473472743034
2,54,28.22497380156826
2,55,30.909786750484926
2,56,32.965172887302586
2,57,32.14522640266035
2,58,34.775092649072036
2,59,33.93160706680633
2,60,30.239280875771097
2,61,28.971830518007046
2,62,25.408613051647343
2,63,24.8870195065553
2,64,22.939542438249276
2,65,23.638706082273217
2,66,21.479989809062644
2,67,22.878107192345293
2,68,20.920579828514708
2,69,18.521696439022797
2,70,15.992268260697639
2,71,16.574302886498426
2,72,14.240192624509657
2,73,17.248172381666734
2,74,18.824022057557407
2,75,21.4142886744124
2,76,24.841603621940312
2,77,28.40557531137539
2,78,31.122140185112094
2,79,34.654199016594305
2,80,37.96383526990969
2,81,36.58003047724604
2,82,39.09054545901823
2,83,39.0568666744815
2,84,38.20152369548899
2,85,34.63686417843791
2,86,33.842647158265024
2,87,31.16885608158034
2,88,27.510402622131288
2,89,25.240174274506785
2,90,21.886081931189793
2,91,19.273366793070235
2,92,17.896240701925276
2,93,15.489867991314165
2,94,17.13286544219708
2,95,16.327786054787957
2,96,19.268747154001996
2,97,20.963036597035995
2,98,24.187672372703673
2,99,26.979415293954066
2,100,25.276664953959397
2,101,21.882202668191127
2,102,20.572649211196076
2,103,18.70723319778378
2,104,14.957694963985043
2,105,13.871082387543769
2,106,16.09700599243278
2,107,16.29072613145308
2,108,18.627798771786043
2,109,21.590313154085134
2,110,24.054140010458813
2,111,27.771762896494845
2,112,30.203920932066627
2,113,33.68718098118946
2,114,36.66266559594762
2,115,39.62298590691993
2,116,39.0472333155876
3,1,6.655168613529321
3,2,3.803583683313455
3,4,3.793763306896306
3,5,6.449541747742627
3,6,10.095190901185047
3,7,12.561367172221015
3,8,16.266420604954583
3,9,18.101858151876755
3,10,21.49204545274682
3,11,22.864436364443193
3,12,25.913161398061213
3,13,27.64225230133736
3,14,31.447386778147322
3,15,33.23228404678915
3,16,36.933563761791824
3,17,38.29233670199883
3,18,38.50118003415047
3,19,35.97628869987157
3,20,32.48087436776915
3,21,29.399392225100886
3,22,26.145460632787334
3,23,22.870156383741012
3,24,19.973068765765607
3,25,16.381106443682175
3,26,13.525916311061566
3,27,10.201350206661294
3,28,8.061591702638182
3,29,7.2768828341662655
3,30,9.577310700717454
3,31,7.904187374849634
3,32,9.060866874771115
3,33,12.378734529772062
3,34,14.217146524740974
3,35,16.247774715465802
3,36,16.059506011980776
3,37,18.825610766089223
3,38,20.56875625012489
3,39,22.45002474590272
3,40,25.01129934244635
3,41,24.96269160795239
3,42,22.884834023420648
3,43,23.886681552880166
3,44,26.006173878086805
3,45,28.199726767818273
3,46,25.562169110647837
3,47,27.161536321602817
3,48,25.494988145801425
3,49,25.636399296889635
3,50,23.90751429705449
3,51,22.31777146140962
3,52,21.030587111779226
3,53,22.182561326806642
3,54,25.737103579288107
3,55,28.37769820539906
3,56,30.606692756498962
3,57,29.8613264416702
3,58,32.727461082317355
3,59,31.964406218950813
3,60,28.386524551285067
3,61,27.532827139891484
3,62,24.16794349288303
3,63,24.153090439926874
3,64,22.47749870777845
3,65,23.13694890886584
3,66,20.56282368950122
3,67,22.13685140966339
3,68,20.778427584266133
3,69,18.489622281623188
3,70,16.42727654229254
3,71,16.452095481923447
3,72,13.882029773013036
3,73,16.688089050541365
3,74,17.504197172675568
3,75,20.20144990440374
3,76,23.35508625535793
3,77,26.986567279106403
3,78,29.375845773019375
3,79,33.02596024257182
3,80,36.22513138180002
3,81,34.72609569035896
3,82,37.03188646257035
3,83,36.88170596355103
3,84,35.751235321593626
3,85,32.30302924683178
3,86,31.561410850459392
3,87,28.706488456731368
3,88,25.033610545238343
3,89,22.77063577470205
3,90,19.22140288950842
3,91,16.756939768250483
3,92,14.90432601559092
3,93,12.469384792898797
3,94,13.886568902730566
3,95,13.20139114166308
3,96,16.36790767839091
3,97,17.83797287916276
3,98,21.07352459552666
3,99,23.843382046167942
3,100,22.01989656368948
3,101,18.613742114564477
3,102,17.006084123234512
3,103,15.061136707869668
3,104,11.27337173354171
3,105,10.361110797968474
3,106,12.97517515452113
3,107,13.796325815167352
3,108,16.311526535541603
3,109,19.27180317448051
3,110,22.104704654675984
3,111,25.754412533408445
3,112,28.287837671212102
3,113,31.870023307461565
3,114,34.90215313787248
3,115,38.07477432695691
3,116,37.803208695214366
4,1,8.654857773779716
4,2,6.472876000525274
4,3,3.793763306896306
4,5,3.8316172637725177
4,6,6.855098924513342
4,7,9.789854683952848
4,8,13.351420741769239
4,9,15.623556892420075
4,10,18.85918642113785
4,11,20.45737087414122
4,12,23.208805371685177
4,13,24.646546418733884
4,14,28.417242072634284
4,15,29.972822451555242
4,16,33.62363481056002
4,17,34.849524876968225
4,18,34.92880455097667
4,19,32.45162038757568
4,20,28.90838776870485
4,21,25.8993537369696
4,22,22.678607724066634
4,23,19.41287316312451
4,24,16.644268406141062
4,25,12.942467312621561
4,26,10.224825965305417
4,27,6.737922247420254
4,28,5.6486657415461785
4,29,5.1202764501311435
4,30,7.307104198997682
4,31,6.674341789895471
4,32,7.589247023237629
4,33,10.252258938218137
4,34,11.439758730767183
4,35,12.927557942915598
4,36,12.40104310122411
4,37,15.212318898036552
4,38,16.946445314855964
4,39,19.058718694965496
4,40,21.74246238040257
4,41,22.046681150621264
4,42,20.300713465710785
4,43,21.573345139437595
4,44,23.60491198051478
4,45,25.501831744716817
4,46,22.605596634236868
4,47,23.89766847248927
4,48,22.05972009902312
4,49,22.006878204427846
4,50,20.194884420253764
4,51,18.704995344239098
4,52,17.441126691230043
4,53,18.86717054030966
4,54,22.379284387741716
4,55,24.875831700909053
4,56,26.963165707661172
4,57,26.119863806570734
4,58,28.947851111954396
4,59,28.177448745068535
4,60,24.59578513036799
4,61,23.784645829380157
4,62,20.47440296730244
4,63,20.6359123547448
4,64,19.10904512919642
4,65,19.847203425160007
4,66,17.200118789491597
4,67,19.07472293049824
4,68,18.019354160922546
4,69,16.147993334384726
4,70,14.200561323299606
4,71,13.567446806638648
4,72,10.769720589890401
4,73,13.340940629879624
4,74,13.823414318886453
4,75,16.595794871962806
4,76,19.643998716902516
4,77,23.307221838471033
4,78,25.666773288636495
4,79,29.31266262186987
4,80,32.53775866120693
4,81,31.136074271401764
4,82,33.51040795416614
4,83,33.52575530656874
4,84,32.358801827507676
4,85,28.85794865368831
4,86,28.327338223289715
4,87,25.621803609572865
4,88,22.044551837455543
4,89,19.50102260437945
4,90,15.977829525512751
4,91,13.225932023225726
4,92,11.49860016244531
4,93,9.03981256478203
4,94,10.97639789588206
4,95,10.958013988693805
4,96,14.384989188134114
4,97,16.37629015646767
4,98,19.814383448092467
4,99,22.15225868374773
4,100,19.892907515708853
4,101,16.26891435351026
4,102,14.903640450647497
4,103,12.715054296444668
4,104,9.17363717381644
4,105,7.895093519505171
4,106,10.144582363794767
4,107,10.913177433927876
4,108,13.93112536366567
4,109,16.44675157399585
4,110,19.158143259509462
4,111,22.8547029760074
4,112,25.142261155845013
4,113,28.808743342713896
4,114,31.688145433639495
4,115,34.896328378571184
4,116,34.798918649236256
5,1,11.32258067741332
5,2,8.550445256188214
5,3,6.449541747742627
5,4,3.8316172637725177
5,6,3.8094858990499545
5,7,6.238344664806682
5,8,9.852084543765514
5,9,12.025417589160702
5,10,15.22776336637247
5,11,16.69634167718643
5,12,19.571413743124417
5,13,21.215260683309634
5,14,25.01535348649307
5,15,26.815093987798434
5,16,30.52576726694414
5,17,31.934109586321135
5,18,32.28290733544227
5,19,29.775471480593946
5,20,26.38068629787001
5,21,23.157424435907394
5,22,19.99525360958528
5,23,16.607849185071434
5,24,13.818508306671095
5,25,10.31863426686861
5,26,8.07834666328291
5,27,5.641353519552904
5,28,5.334335355757442
5,29,7.142668280213431
5,30,9.819051155977625
5,31,10.162882733853982
5,32,10.87121359273717
5,33,12.988848887089462
5,34,13.309011290247176
5,35,13.788444348635297
5,36,12.182971949983667
5,37,14.407524265521076
5,38,15.305128962135457
5,39,17.188674932590907
5,40,19.416633037464024
5,41,19.65883196784817
5,42,18.165113363024545
5,43,19.956144046931527
5,44,22.418523485198147
5,45,23.955331157681375
5,46,20.97260395285139
5,47,22.256217471041417
5,48,20.78993040079846
5,49,20.42430427512892
5,50,19.085311387850496
5,51,18.307276183035693
5,52,17.506938961700488
5,53,19.544379153377395
5,54,22.79747660465173
5,55,24.814338231314885
5,56,26.50015077677491
5,57,25.14189481124387
5,58,27.79096633646486
5,59,26.554772473944265
5,60,23.06173327293119
5,61,22.416948154214566
5,62,19.249855167236447
5,63,19.16296603339987
5,64,18.252761118195853
5,65,19.686000020318108
5,66,17.401971093495288
5,67,19.918045092045617
5,68,18.951504551751178
5,69,17.776367161367634
5,70,15.497551256186958
5,71,14.063619536316752
5,72,10.61311009020684
5,73,12.207752139699156
5,74,12.495136166996916
5,75,14.576984253616514
5,76,17.73264043765894
5,77,21.191694392663795
5,78,23.480818789711122
5,79,27.154108940374204
5,80,30.22572301423797
5,81,28.541666939081693
5,82,30.82603822306721
5,83,30.630352100596056
5,84,29.715537721794718
5,85,26.20289867559175
5,86,25.346407097520572
5,87,22.632626274263835
5,88,18.990255741724035
5,89,16.70718647069964
5,90,13.381139994688418
5,91,11.002598627266867
5,92,10.115259714307498
5,93,8.899132177451515
5,94,11.807348516068288
5,95,12.927338805414138
5,96,16.60373995968677
5,97,18.629726438369705
5,98,22.068039684652774
5,99,24.09007701032217
5,100,21.3929612595165
5,101,17.645897222341905
5,102,15.960069919783948
5,103,13.045610197999961
5,104,9.932668055116613
5,105,7.212248805563389
5,106,8.08902947908966
5,107,7.782497788105299
5,108,10.489740194289329
5,109,13.15038096321749
5,110,15.746434110433976
5,111,19.453801169109337
5,112,21.895353166928373
5,113,25.466299087891297
5,114,28.47802740811117
5,115,31.62711853604841
5,116,31.377552543029513
6,1,14.635724914324213
6,2,12.205129202306564
6,3,10.095190901185047
6,4,6.855098924513342
6,5,3.8094858990499545
6,7,3.804928835810114
6,8,6.7266907349040395
6,9,9.66169439476328
6,10,12.413855931528598
6,11,14.006435231408625
6,12,16.49196249870488
6,13,17.876567376510017
6,14,21.635298284057075
6,15,23.259703807196185
6,16,26.931744928896883
6,17,28.214654355451415
6,18,28.546780916604963
6,19,26.131152415099834
6,20,22.74922431116106
6,21,19.49622671044525
6,22,16.4612885608709
6,23,12.965003075255591
6,24,10.476280116163778
6,25,6.952557956626306
6,26,5.775069258767891
6,27,4.68267414901494
6,28,6.701199854338405
6,29,8.893056114354541
6,30,10.856397843999051
6,31,11.989687236923274
6,32,12.281435999179656
6,33,13.50131502378595
6,34,12.82829477685868
6,35,12.24082592345937
6,36,9.771113815990157
6,37,11.467010382806656
6,38,11.831230160079333
6,39,13.796165236652628
6,40,15.934105038128806
6,41,16.537655285419422
6,42,15.551164199768474
6,43,17.77989459721902
6,44,20.233016775638784
6,45,21.30092770182322
6,46,18.075637280954865
6,47,19.022510682368708
6,48,17.57754737522571
6,49,16.90645006492344
6,50,15.767279704654442
6,51,15.479075857540026
6,52,15.055443224901898
6,53,17.53905806430136
6,54,20.49074365553991
6,55,22.09717899019011
6,56,23.469962877358977
6,57,21.815352629802476
6,58,24.368807547684845
6,59,22.945566223641592
6,60,19.53449927094605
6,61,19.11498024366569
6,62,16.18065484650603
6,63,16.295735159113903
6,64,15.941606956550325
6,65,17.70208547467575
6,66,15.53562369995301
6,67,18.519227661096313
6,68,18.028548568598847
6,69,17.562281841323315
6,70,15.525434807931074
6,71,13.238285899817614
6,72,9.643488830832567
6,73,10.137709249434685
6,74,9.614129909071854
6,75,11.298440510396375
6,76,14.24620994911799
6,77,17.624360973540796
6,78,19.760183434999163
6,79,23.459707529069693
6,80,26.467971433366447
6,81,24.748349756546876
6,82,27.030590623542853
6,83,26.906599152479675
6,84,25.99974197670865
6,85,22.44571346622768
6,86,21.70092797229956
6,87,19.125136045987524
6,88,15.581898614259128
6,89,13.071381163978026
6,90,9.87170281988884
6,91,7.366019661476365
6,92,7.288502227453495
6,93,7.182958275566892
6,94,10.76547309009092
6,95,12.89297147462855
6,96,16.52585251509433
6,97,18.794518579086205
6,98,22.203339806626634
6,99,23.694741833989543
6,100,20.58241101687107
6,101,16.810641833992385
6,102,15.298938826819045
6,103,12.112580853154777
6,104,9.911412057193791
6,105,6.744571832953568
6,106,5.921631613172892
6,107,4.756312382111474
6,108,8.025884986143401
6,109,9.942233851225925
6,110,12.35654176521448
6,111,16.09432531528388
6,112,18.316251977258
6,113,21.963699451805574
6,114,24.86661784900308
6,115,28.073212868624317
6,116,28.013874150030475
7,1,16.37750129119724
7,2,13.888862295730037
7,3,12.561367172221015
7,4,9.789854683952848
7,5,6.238344664806682
7,6,3.804928835810114
7,8,3.8006397360781623
7,9,5.958155744186229
7,10,9.075414797925363
7,11,11.023635557265816
7,12,13.664437767864506
7,13,15.137553686176313
7,14,18.944936038054983
7,15,20.868043806777738
7,16,24.62076169558595
7,17,26.31789220746089
7,18,26.8551160396847
7,19,24.203111135963926
7,20,21.006567778237656
7,21,17.628262333326518
7,22,14.48254232866161
7,23,11.163070591407536
7,24,8.26394339542182
7,25,5.575097687140001
7,26,5.0602593899118595
7,27,6.277508737025071
7,28,7.785719679470353
7,29,11.019228071128927
7,30,13.473933955063245
7,31,15.125055214954344
7,32,15.782281490416917
7,33,16.833078055263115
7,34,16.172881472445322
7,35,15.151359536768213
7,36,12.230762048948105
7,37,13.482097469740907
7,38,12.907077737334973
7,39,14.74653832541546
7,40,16.176614122736655
7,41,16.934789941524404
7,42,16.525425138064975
7,43,19.31101426904183
7,44,22.075532759752207
7,45,22.652134982315378
7,46,19.374338706152542
7,47,20.055762671537124
7,48,18.92250662977968
7,49,17.643339335204004
7,50,16.875387617871347
7,51,17.3271426145407
7,52,16.992896985668263
7,53,19.959422317615623
7,54,22.69024904925684
7,55,23.88373624415469
7,56,24.71943262618884
7,57,22.57366782504671
7,58,24.675480846336733
7,59,22.74702902366469
7,60,19.423004930412045
7,61,18.827121183328355
7,62,15.982156026004377
7,63,15.379295466139068
7,64,15.536303514800364
7,65,17.992971366789718
7,66,16.557976079991278
7,67,19.871722553091708
7,68,19.097143847503826
7,69,19.149565997916817
7,70,16.66702997572043
7,71,14.10723816248729
7,72,10.354150579353433
7,73,9.852567448275735
7,74,9.834558215616637
7,75,10.349393216916773
7,76,13.561593201168407
7,77,16.514487262865426
7,78,18.830921822739814
7,79,22.382661727407307
7,80,25.28647998789855
7,81,23.396397698323558
7,82,25.752638286593573
7,83,25.53710616349826
7,84,25.15823913494993
7,85,21.541983920867995
7,86,20.43640010015033
7,87,18.127203058149
7,88,14.672656352065696
7,89,12.547458575614963
7,90,10.165744820995762
7,91,8.317628717831917
7,92,9.757466705780752
7,93,10.544626120833744
7,94,14.27091268117477
7,95,16.600215732611225
7,96,20.163783667172222
7,97,22.528847910925673
7,98,25.923666030003968
7,99,27.269592655641517
7,100,24.029485627996955
7,101,20.286420010262944
7,102,18.816633428946997
7,103,15.490700640142512
7,104,13.564774500347257
7,105,10.143707753421339
7,106,8.353756283137503
7,107,5.404993758727343
7,108,7.255285679338549
7,109,8.923833189789402
7,110,10.456470828620755
7,111,14.22934021557307
7,112,16.430543122275463
7,113,19.85174321752971
7,114,22.805393693534903
7,115,25.751503087511562
7,116,25.287741375428233
8,1,20.120767313928244
8,2,17.689182492979505
8,3,16.266420604954583
8,4,13.351420741769239
8,5,9.852084543765514
8,6,6.7266907349040395
8,7,3.8006397360781623
8,9,3.8206284443234053
8,10,5.742511786389813
8,11,7.845276269054154
8,12,10.034935214542049
8,13,11.378781284612876
8,14,15.185241731591574
8,15,17.155189691937764
8,16,20.916348757069507
8,17,22.652810189971436
8,18,23.38010869303453
8,19,20.801339558863003
8,20,17.792386632904098
8,21,14.251939344988113
8,22,11.37951386132193
8,23,7.988705883796836
8,24,5.689656591396466
8,25,4.5797986861600855
8,26,6.547748754548394
8,27,9.056588813895132
8,28,11.222861213524219
8,29,14.358985754627023
8,30,16.40129444159776
8,31,18.305469122653484
8,32,18.711140397306565
8,33,19.305661239812622
8,34,18.03666058858435
8,35,16.27084916808078
8,36,12.826470272708894
8,37,13.136913704412974
8,38,11.530127845670792
8,39,13.016586300640832
8,40,13.768779969366149
8,41,14.810592061301445
8,42,15.149229128125011
8,43,18.40554738015776
8,44,21.217755938748795
8,45,21.182127040598413
8,46,17.85764858038887
8,47,18.17603642684017
8,48,17.395799025125722
8,49,15.682387842360558
8,50,15.506348599105614
8,51,16.777445345088644
8,52,16.987840573692953
8,53,20.277718502300765
8,54,22.511526374589927
8,55,23.112101692167954
8,56,23.44782411524652
8,57,20.85358700891558
8,58,22.649898289299138
8,59,20.300928035310367
8,60,17.270509050351176
8,61,17.013687798968014
8,62,14.70396797248303
8,63,14.102631288617065
8,64,15.183531447663434
8,65,18.076075511848938
8,66,17.04610067439338
8,67,20.674928054511234
8,68,20.30055903279231
8,69,20.99189008009965
8,70,18.734638144074783
8,71,15.669636934274475
8,72,12.17676719909278
8,73,10.458207917657248
8,74,9.680967559269144
8,75,8.846635330191809
8,76,11.529038159557562
8,77,13.929122919264843
8,78,15.947483836712275
8,79,19.419579815727776
8,80,22.08482309464089
8,81,19.969291290777434
8,82,22.237334148376604
8,83,21.935950588741864
8,84,21.79875043142011
8,85,18.191519495416838
8,86,16.927207037920628
8,87,14.858943654531261
8,88,11.62454182089671
8,89,9.706877162971583
8,90,8.28518593592985
8,91,7.3794491077866295
8,92,10.094323416809756
8,93,12.01007101307378
8,94,15.739275319300868
8,95,18.621822978500912
8,96,22.02910864557893
8,97,24.40418136929888
8,98,27.66954143088541
8,99,28.598953160993982
8,100,25.10529309018348
8,101,21.503721849329285
8,102,20.10893165087641
8,103,16.696638009716647
8,104,15.547903284513529
8,105,12.110847954160482
8,106,9.280316224877627
8,107,5.688846816168695
8,108,6.307001631546254
8,109,6.452109348167742
8,110,6.960686837546849
8,111,10.696628053779474
8,112,12.718367110765652
8,113,16.088535043078174
8,114,19.026797321852285
8,115,21.95807123862661
8,116,21.540879310722165
9,1,21.28175036176992
9,2,18.870356107038138
9,3,18.101858151876755
9,4,15.623556892420075
9,5,12.025417589160702
9,6,9.66169439476328
9,7,5.958155744186229
9,8,3.8206284443234053
9,10,3.8153080972385403
9,11,6.633386748295366
9,12,9.076109554977638
9,13,10.55972539663924
9,14,14.255938112795198
9,15,16.653086660336616
9,16,20.41568905350307
9,17,22.714603193717643
9,18,23.646588409063128
9,19,20.779057926682363
9,20,18.10081032159726
9,21,14.642723462607806
9,22,11.756855076609893
9,23,9.198786584363447
9,24,6.669380868855497
9,25,7.083209254109014
9,26,8.438764544290109
9,27,11.352789554774505
9,28,12.669879927118789
9,29,16.24217103429779
9,30,18.734315439915314
9,31,20.82455301093643
9,32,21.60143703234115
9,33,22.318769204325267
9,34,21.384081577704155
9,35,19.7241982575931
9,36,16.350319126123434
9,37,16.776412640044082
9,38,14.984538556723585
9,39,16.362065053311817
9,40,16.597487310976106
9,41,17.586183942993124
9,42,18.161485457979445
9,43,21.56382085903393
9,44,24.555586701897415
9,45,24.3262955750947
9,46,21.11830991430166
9,47,21.328455372232426
9,48,20.748562488356693
9,49,18.720777589780074
9,50,18.67049945253299
9,51,20.181322634797116
9,52,20.2018465397167
9,53,23.642498508105174
9,54,25.864198428392886
9,55,26.338829127323446
9,56,26.356601898980582
9,57,23.539187683321934
9,58,24.89729548132602
9,59,22.234657054368533
9,60,19.34775209618307
9,61,18.755112915010955
9,62,16.501247868428997
9,63,15.082289669472967
9,64,16.32827293426831
9,65,19.604491633384253
9,66,19.19638021938911
9,67,22.82849224320538
9,68,22.014920005220276
9,69,22.874643443198032
9,70,20.203588892745397
9,71,17.29412945820805
9,72,13.875585923222783
9,73,11.95372498593154
9,74,12.073393225212666
9,75,10.600711780227732
9,76,13.37247220118685
9,77,15.167363910300601
9,78,17.38565895742167
9,79,20.489331290142974
9,80,22.99560848432915
9,81,20.81780245280148
9,82,23.13019879726669
9,83,22.739758102863323
9,84,23.222231370424943
9,85,19.699306605009685
9,86,18.065975166861573
9,87,16.40381564466432
9,88,13.508963377311005
9,89,12.290677202401497
9,90,11.645348360723792
9,91,11.114177765558818
9,92,13.910789710856484
9,93,15.652953605928785
9,94,19.41639719179215
9,95,22.126770204941135
9,96,25.56528023198799
9,97,28.002568437087685
9,98,31.320811578392835
9,99,32.33891703952213
9,100,28.879342813406627
9,101,25.249803156794183
9,102,23.848887689645228
9,103,20.406364259827196
9,104,19.02782242337707
9,105,15.47596106102859
9,106,12.817954160001197
9,107,9.117605937991112
9,108,8.694858734972707
9,109,8.94644075374148
9,110,8.284438502484884
9,111,11.44247480989387
9,112,13.301787333882952
9,113,16.093160891779746
9,114,18.99530545051036
9,115,21.439126766715493
9,116,20.368172004542622
10,1,24.984576818356548
10,2,22.521840494862406
10,3,21.49204545274682
10,4,18.85918642113785
10,5,15.22776336637247
10,6,12.413855931528598
10,7,9.075414797925363
10,8,5.742511786389813
10,9,3.8153080972385403
10,11,3.7827867997852698
10,12,5.331990430962346
10,13,6.92622389534972
10,14,10.595363641978423
10,15,13.270990115347649
10,16,17.016827723345624
10,17,19.397559245698318
10,18,20.688661353079382
10,19,18.010069815185737
10,20,15.74359052307828
10,21,12.164217979874318
10,22,10.005179530483483
10,23,7.851996636850556
10,24,6.905797236518367
10,25,8.764947769612062
10,26,11.247798568175838
10,27,14.394629990997954
10,28,16.197788000827515
10,29,19.615337174857373
10,30,21.793496961961623
10,31,23.91841739791201
10,32,24.42857492842599
10,33,24.8907069517866
10,34,23.485254618516542
10,35,21.352880187114085
10,36,17.72093933904997
10,37,17.364049701611005
10,38,14.831866021049075
10,39,15.629903552416652
10,40,15.055239797707165
10,41,16.12691697530074
10,42,17.353318936577445
10,43,21.009096666281177
10,44,23.982987747127268
10,45,23.211770500280224
10,46,20.14990841036277
10,47,20.09362845064671
10,48,19.988262534045802
10,49,17.73237318887719
10,50,18.348762264600772
10,51,20.5048312851452
10,52,21.065612687540366
10,53,24.60953541520648
10,54,26.34563988091979
10,55,26.282270289818943
10,56,25.87860591999967
10,57,22.717793693334603
10,58,23.763463168095445
10,59,20.724064115017605
10,60,18.332443825433476
10,61,18.21879878598012
10,62,16.67830451029735
10,63,15.436556924622062
10,64,17.477751756652193
10,65,20.927299826846546
10,66,20.753005973940503
10,67,24.527347104593296
10,68,24.129129843362612
10,69,25.393648157532162
10,70,23.00169838345106
10,71,19.79101793537701
10,72,16.613173025778437
10,73,14.095433484247362
10,74,13.518509566536528
10,75,11.165416733806467
10,76,12.997829983521012
10,77,13.941429757322105
10,78,15.564905808062097
10,79,18.420515450100588
10,80,20.480362620642364
10,81,17.974233968526327
10,82,20.023877455510718
10,83,19.401853679979197
10,84,20.21747006602449
10,85,16.866796147827664
10,86,14.922122775972456
10,87,13.61325292728212
10,88,11.230107213354364
10,89,10.706138878113427
10,90,11.249321061402147
10,91,11.738978244146862
10,92,15.03710961617689
10,93,17.4706553724029
10,94,21.11270121651751
10,95,24.194208786001667
10,96,27.51027180772777
10,97,29.86194462087123
10,98,33.03324232596261
10,99,33.723972506535794
10,100,30.09685196693825
10,101,26.640466917886148
10,102,25.236324601197104
10,103,21.765909839897063
10,104,20.977680576378827
10,105,17.465955171827392
10,106,14.265331475254651
10,107,10.59585013459513
10,108,9.30086823797454
10,109,8.2069988986186
10,110,6.044377002851593
10,111,8.380631121950497
10,112,9.974393644077672
10,113,12.440879770251605
10,114,15.38501267274319
10,115,17.76656394764867
10,116,16.689405165916444
11,1,27.020676610954144
11,2,24.19912996079165
11,3,22.864436364443193
11,4,20.45737087414122
11,5,16.69634167718643
11,6,14.006435231408625
11,7,11.023635557265816
11,8,7.845276269054154
11,9,6.633386748295366
11,10,3.7827867997852698
11,12,3.8000282547949054
11,13,7.1926593676439055
11,14,10.433589109269684
11,15,13.663315070746517
11,16,17.237390962530913
11,17,19.491691008657607
11,18,21.38562271072694
11,19,19.199031727509368
11,20,17.398527898622223
11,21,13.72371301495371
11,22,12.426363751846875
11,23,10.189369544335236
11,24,10.1256163480317
11,25,11.594351011442752
11,26,14.163273442408812
11,27,16.872554550795233
11,28,18.643792480528827
11,29,22.004508375576236
11,30,24.221769778262274
11,31,25.934120557322306
11,32,26.187135790151775
11,33,26.911681431691996
11,34,25.320402811362708
11,35,23.216277840535103
11,36,19.537756451094815
11,37,18.68182497579381
11,38,15.847909365171672
11,39,15.751028263698572
11,40,14.482260558238597
11,41,14.77973772090471
11,42,15.92312989641059
11,43,19.574937846619882
11,44,22.796712916725383
11,45,21.941980348131032
11,46,19.319137597482506
11,47,19.692136152780925
11,48,20.286174675269436
11,49,18.455036229190572
11,50,19.720639892539406
11,51,22.04245060556668
11,52,23.129725161541337
11,53,26.488818852067272
11,54,28.013529155101548
11,55,27.762321568591954
11,56,27.415461873028924
11,57,24.197482780536163
11,58,25.37316318567501
11,59,22.22707759626844
11,60,20.232943221175958
11,61,20.72191005767295
11,62,19.54566146821501
11,63,18.722603025560105
11,64,20.906963941197965
11,65,24.249243420870425
11,66,23.806105567387572
11,67,27.589480806244485
11,68,27.411020783825116
11,69,28.52152564297881
11,70,26.227289494006524
11,71,23.03383078059032
11,72,19.72209689648065
11,73,17.412926607522255
11,74,16.420860835971396
11,75,14.203535735159042
11,76,15.576026513647378
11,77,16.273430712426308
11,78,17.16225129319604
11,79,19.954287796488654
11,80,21.492382810091286
11,81,18.492256893428202
11,82,19.86752681578551
11,83,18.533399155605178
11,84,19.353086469082893
11,85,16.408173406005954
11,86,13.765900451498922
11,87,12.047844907769997
11,88,9.69487834270679
11,89,10.43182798288435
11,90,11.337781983807444
11,91,12.900428147875068
11,92,15.940185610685923
11,93,18.78932556840442
11,94,22.247263021958393
11,95,25.472500596823668
11,96,28.857458429469844
11,97,30.846637467060095
11,98,33.86955015060026
11,99,34.56247592756423
11,100,30.910861278582694
11,101,27.576773771197097
11,102,25.766506859410647
11,103,22.141101573389562
11,104,21.591970888361395
11,105,17.995112520300165
11,106,14.585960167863545
11,107,11.11039866939349
11,108,8.591028671226361
11,109,7.4363262602407465
11,110,5.328060534708817
11,111,6.5618943396129215
11,112,9.13223685690454
11,113,11.167391953519436
11,114,14.630801957176752
11,115,17.129117058145187
11,116,16.11473196590177
12,1,29.935028145522324
12,2,27.314356873297015
12,3,25.913161398061213
12,4,23.208805371685177
12,5,19.571413743124417
12,6,16.49196249870488
12,7,13.664437767864506
12,8,10.034935214542049
12,9,9.076109554977638
12,10,5.331990430962346
12,11,3.8000282547949054
12,13,3.799382621623758
12,14,6.707770649435368
12,15,10.007180487696917
12,16,13.497571868894086
12,17,15.786694753666946
12,18,17.855826035596426
12,19,15.832119554715511
12,20,14.455299355963376
12,21,10.94083364490147
12,22,10.526371079705552
12,23,9.177728388801972
12,24,10.350792738165364
12,25,12.749814171490181
12,26,15.882550376057855
12,27,18.9404317386242
12,28,21.128337574267228
12,29,24.354463474064225
12,30,26.22425152901569
12,31,28.205078639354795
12,32,28.347762936374533
12,33,28.641171201089946
12,34,26.71605244882152
12,35,24.1753704374306
12,36,20.402424402007156
12,37,19.079397279579208
12,38,15.811871429764079
12,39,15.529805609425681
12,40,13.705597031884338
12,41,14.539719644881785
12,42,16.526527900455527
12,43,20.292625048737218
12,44,23.1877082764531
12,45,21.72902047361384
12,46,19.12996915250187
12,47,18.88880173236427
12,48,19.64664030860717
12,49,17.418278353590374
12,50,19.053341814762657
12,51,21.878141356398025
12,52,23.21167170099306
12,53,26.669409346034154
12,54,27.751113106679814
12,55,27.018524160322343
12,56,26.18584168976581
12,57,22.71511233132929
12,58,23.44075742824247
12,59,20.02934694454166
12,60,18.531483011209588
12,61,19.28201575665827
12,62,18.75493963659894
12,63,18.02188420388779
12,64,20.762190268496276
12,65,24.175514484945072
12,66,24.06971263796248
12,67,27.89260189608272
12,68,28.026191421004295
12,69,29.579484609562954
12,70,27.54287520982027
12,71,24.10531717851093
12,72,21.134755028542514
12,73,18.305512065151127
12,74,16.964861837668764
12,75,14.126789822512924
12,76,14.648058679525622
12,77,14.480012004311483
12,78,14.848257739572931
12,79,17.213528883993025
12,80,18.346235354912643
12,81,15.21920815577963
12,82,16.476997481582536
12,83,15.17481350717604
12,84,16.431801531422394
12,85,13.620708090244188
12,86,10.941526287190452
12,87,10.114222236256706
12,88,8.866201627028058
12,89,9.93808051824706
12,90,12.019286781106102
12,91,13.878457346860163
12,92,17.294784493414365
12,93,20.413325596613266
12,94,23.74104946387804
12,95,27.173712137858566
12,96,30.32151498518448
12,97,32.41493867875937
12,98,35.326364066089276
12,99,35.643752941675274
12,100,31.882270093281235
12,101,28.73021027282557
12,102,27.21941406538085
12,103,23.773760972865716
12,104,23.70760221461953
12,105,20.339700844776896
12,106,16.72236186686386
12,107,13.461477595742837
12,108,11.291656025197744
12,109,8.955164701702975
12,110,5.515640878976443
12,111,4.892253640294104
12,112,6.119601155249645
12,113,7.629418296057554
12,114,10.924537774769362
12,115,13.342313578206278
12,116,12.455759630461639
13,1,31.23247540859468
13,2,28.95215216053727
13,3,27.64225230133736
13,4,24.646546418733884
13,5,21.215260683309634
13,6,17.876567376510017
13,7,15.137553686176313
13,8,11.378781284612876
13,9,10.55972539663924
13,10,6.92622389534972
13,11,7.1926593676439055
13,12,3.799382621623758
13,14,3.814434536317182
13,15,6.540247548815748
13,16,10.223872121594875
13,17,12.662946525115776
13,18,14.407953510011419
13,19,12.129739586705414
13,20,10.831821237978122
13,21,7.528648601886983
13,22,7.684033731346926
13,23,7.627151020289608
13,24,9.63266407479276
13,25,12.810903690424889
13,26,16.194221816933453
13,27,19.578381347090982
13,28,22.052817563543634
13,29,25.12209258141021
13,30,26.658358567339683
13,31,29.013196000014
13,32,29.18774338482266
13,33,29.00819406143448
13,34,26.933363038995598
13,35,24.065236135524113
13,36,20.31955876834874
13,37,18.904231065368826
13,38,15.542288705708756
13,39,15.640183863514306
13,40,13.887313530782583
13,41,15.589699382241976
13,42,18.132838868160917
13,43,21.902936173280946
13,44,24.376870739831176
13,45,22.558722106225744
13,46,19.750172169965303
13,47,18.76368842502969
13,48,19.189749169615855
13,49,16.40172381472676
13,50,17.926949360817947
13,51,21.039651872251838
13,52,22.27011028029669
13,53,25.857222891081506
13,54,26.663826639090793
13,55,25.63180788529923
13,56,24.34105909223252
13,57,20.709507293136607
13,58,20.9188003829925
13,59,17.33865926382086
13,60,16.093090810284064
13,61,16.727838525407808
13,62,16.66267461059987
13,63,15.82808177142826
13,64,18.974714494693256
13,65,22.42648629883237
13,66,22.762375901112115
13,67,26.54855565795892
13,68,26.853508081446353
13,69,28.84261164553732
13,70,27.022058582863874
13,71,23.433840822703335
13,72,20.899395061577348
13,73,17.624230224109194
13,74,16.198789306993287
13,75,12.849809969294457
13,76,12.6987880586849
13,77,11.727337280678634
13,78,11.999764573932124
13,79,13.936055943643415
13,80,15.03892654350682
13,81,12.156977980489541
13,82,13.879102071029042
13,83,13.262590885857122
13,84,14.891824856488746
13,85,11.933455602092291
13,86,9.970604404490327
13,87,10.345054594953645
13,88,10.002178559186767
13,89,10.380608117799135
13,90,12.983572422939366
13,91,14.435001109647615
13,92,18.1356865620664
13,93,21.178284959382363
13,94,24.435561857764977
13,95,27.90720208632302
13,96,30.798641315663108
13,97,33.145677095759005
13,98,36.02886190013375
13,99,36.049831619287694
13,100,32.24544843438655
13,101,29.199553643168358
13,102,28.15394448993131
13,103,24.964109167286033
13,104,25.128333168786245
13,105,22.007835955106543
13,106,18.406286954294114
13,107,15.278505042929865
13,108,13.853597711016098
13,109,11.020344405481737
13,110,7.22803319745398
13,111,6.40150807759064
13,112,5.165323894399438
13,113,6.373515740218905
13,114,8.665900286109974
13,115,10.879928048294248
13,116,10.16470511709757
14,1,34.981109657248126
14,2,32.74869092323461
14,3,31.447386778147322
14,4,28.417242072634284
14,5,25.01535348649307
14,6,21.635298284057075
14,7,18.944936038054983
14,8,15.185241731591574
14,9,14.255938112795198
14,10,10.595363641978423
14,11,10.433589109269684
14,12,6.707770649435368
14,13,3.814434536317182
14,15,3.797931721118391
14,16,6.94638955156548
14,17,9.78681758333088
14,18,12.073737297320475
14,19,10.200184658470418
14,20,10.143779405499256
14,21,7.834583158611366
14,22,9.466562549818063
14,23,10.541406042906244
14,24,12.986085361464578
14,25,16.353750431335644
14,26,19.780902810282488
14,27,23.22508158442011
14,28,25.756557429869854
14,29,28.78073247429588
14,30,30.189150199407614
14,31,32.62781607837806
14,32,32.748044180453945
14,33,32.38889771253971
14,34,30.15684353003289
14,35,27.096430400446867
14,36,23.39386492322208
14,37,21.686466710101683
14,38,18.16696393144408
14,39,17.957264549047785
14,40,15.736429643895454
14,41,17.491818682751695
14,42,20.436373371043217
14,43,24.122380450738778
14,44,26.372263237095787
14,45,24.11950438841394
14,46,21.598973719279
14,47,20.262901926063584
14,48,20.983743004683163
14,49,18.08630986217993
14,50,19.949048826573748
14,51,23.35112342245441
14,52,24.772690651709745
14,53,28.311765014991586
14,54,28.717707859007668
14,55,27.26116707486254
14,56,25.52808117528329
14,57,21.761327041265087
14,58,21.411029576392394
14,59,17.64549296675659
14,60,17.169891736850232
14,61,18.04432089180643
14,62,18.661114049343983
14,63,17.864398199513815
14,64,21.31185353639693
14,65,24.716455665127782
14,66,25.363669904571125
14,67,29.069226265800793
14,68,29.55060666316055
14,69,31.811686238844782
14,70,30.13879660502665
14,71,26.501079182958204
14,72,24.222111819766
14,73,20.76905315640437
14,74,19.27411808782013
14,75,15.731547775846446
14,76,14.921163357537617
14,77,13.047518762083612
14,78,12.574907054719326
14,79,13.531375103170808
14,80,13.73563296310467
14,81,10.755209692109286
14,82,11.989361624679841
14,83,11.294304616622359
14,84,13.770608609661593
14,85,11.502765031922145
14,86,9.5886427709237
14,87,11.174584875207195
14,88,12.037747823631506
14,89,12.941696891983318
14,90,16.039330821335056
14,91,17.727832469472283
14,92,21.41830697636049
14,93,24.567552728196908
14,94,27.673431509826493
14,95,31.218804653226584
14,96,33.95330690030246
14,97,36.27998514815031
14,98,39.04216988287734
14,99,38.82278697004062
14,100,34.990230306753446
14,101,32.13000657744783
14,102,31.204098581240316
14,103,28.131602195138516
14,104,28.56619055874949
14,105,25.55587114474901
14,106,21.896942852160546
14,107,18.9189520799281
14,108,17.369061327435816
14,109,14.346863584382428
14,110,10.54546642306948
14,111,8.621707598756766
14,112,6.171348390387332
14,113,4.986531348158728
14,114,5.927091907986421
14,115,7.286307071511556
14,116,6.383381097573802
15,1,36.558804652814416
15,2,34.58930798542988
15,3,33.23228404678915
15,4,29.972822451555242
15,5,26.815093987798434
15,6,23.259703807196185
15,7,20.868043806777738
15,8,17.155189691937764
15,9,16.653086660336616
15,10,13.270990115347649
15,11,13.663315070746517
15,12,10.007180487696917
15,13,6.540247548815748
15,14,3.797931721118391
15,16,3.7838790762748102
15,17,6.4888270647105655
15,18,8.337437765346769
15,19,6.478985093641441
15,20,7.074120866402072
15,21,5.949802664446112
15,22,8.80743580678341
15,23,10.922347643793445
15,24,13.896811830500605
15,25,17.39155097229471
15,26,20.9078826773707
15,27,24.373035244203948
15,28,27.177461801310137
15,29,29.925577595827317
15,30,30.931536040005582
15,31,33.56053502459071
15,32,33.59670011216699
15,33,32.81716708232469
15,34,30.392366643579344
15,35,27.077668948162632
15,36,23.528366621010097
15,37,21.650263030023353
15,38,18.179306971094874
15,39,18.143041686218268
15,40,16.048027608120417
15,41,18.389464701725075
15,42,21.673392691431687
15,43,25.222907932709848
15,44,27.01249419862222
15,45,24.475919875536146
15,46,21.90074846325043
15,47,19.942544122913375
15,48,20.413107195466385
15,49,17.218412400831408
15,50,19.027517061478225
15,51,22.59880755507371
15,52,24.03338180773471
15,53,27.50707348484662
15,54,27.52513736608838
15,55,25.724159136609014
15,56,23.562003223072843
