1,2,3.8203111122515017
1,3,6.67227985283147
1,4,8.909137440198638
1,5,11.69666776923149
1,6,15.122148615011977
1,7,16.902359132775167
1,8,20.681431907624162
1,9,21.911071788928012
1,10,25.555643570733388
1,11,27.189267461022535
1,12,30.54469461659887
1,13,31.9447577713719
1,14,35.72979530824526
1,15,37.398776761180386
1,16,41.1115598167542
1,17,42.63425713302331
1,18,42.517152416040936
1,19,39.66351560441033
1,20,36.03748622191955
1,21,33.18964925680959
1,22,29.749812726232328
1,23,26.910217388599268
1,24,23.59405213283068
1,25,20.176321683145446
1,26,16.72116878055782
1,27,13.766741518279888
1,28,10.388718807518025
1,29,8.791880951441208
1,30,10.912229470730685
1,31,9.656777829286325
1,32,11.85742567462096
1,33,14.88754676307762
1,34,17.733506194884082
1,35,19.954846462392208
1,36,20.139069797225442
1,37,23.45809237573614
1,38,25.385708009790186
1,39,27.908999790773883
1,40,30.65153578454336
1,41,30.602583788770307
1,42,28.56105034985795
1,43,31.302187316003934
1,44,31.85844189599853
1,45,34.36614344046858
1,46,31.813058496018122
1,47,32.714019638713395
1,48,30.579680057735658
1,49,30.481965125750847
1,50,28.247034002444266
1,51,26.420856775493498
1,52,24.380443921273134
1,53,25.379544462665113
1,54,29.14513133679017
1,55,32.0705647345306
1,56,34.536444149511325
1,57,33.843627272291776
1,58,36.54824427840863
1,59,35.94799170946453
1,60,32.14650816542092
1,61,30.75592671359226
1,62,27.076493054964057
1,63,26.420329247663112
1,64,24.335874850487563
1,65,24.546301545423155
1,66,22.19167902757606
1,67,22.9308899052923
1,68,21.195939428064726
1,69,18.191735765901193
1,70,15.811135555902991
1,71,17.321648146274136
1,72,15.545358221413906
1,73,18.939728478261824
1,74,20.693061666421407
1,75,23.444040478932912
1,76,26.922697060336574
1,77,30.533342005800616
1,78,33.189205487430144
1,79,36.7481423583651
1,80,40.16033231537953
1,81,38.95650951982462
1,82,41.52709066323618
1,83,41.79226944017917
1,84,40.89899163443888
1,85,37.31095063800277
1,86,36.813823231753794
1,87,34.18929301583598
1,88,30.519914828434725
1,89,27.98396281033626
1,90,24.54780701345943
1,91,21.82695564488035
1,92,20.233108603834754
1,93,17.467315231941154
1,94,18.758659180999036
1,95,17.40689809017597
1,96,19.81238122926592
1,97,22.131035252610705
1,98,25.630421889615164
1,99,28.13465590693208
1,100,26.07909364156581
1,101,22.97240356474495
1,102,21.78660916033318
1,103,20.497982514649486
1,104,16.893337493936933
1,105,16.54602622483978
1,106,19.23285450109454
1,107,19.47234109022726
1,108,21.82588416674124
1,109,24.77240289162833
1,110,27.078133503230987
1,111,30.87915533736679
1,112,33.125948226647814
1,113,36.67819577345748
1,114,39.674508024986906
1,115,42.41577441500017
2,1,3.8203111122515017
2,3,3.8398416553043173
2,4,6.5045125640132495
2,5,8.605577322852003
2,6,12.29278913657972
2,7,13.987651906825548
2,8,17.75621334881398
2,9,19.024497821164037
2,10,22.587787595230466
2,11,23.92306843315843
2,12,27.405807268483162
2,13,29.074233510516414
2,14,32.881629594624364
2,15,34.776628854732216
2,16,38.551050937471906
2,17,40.10985405530751
2,18,40.2631977123322
2,19,37.491480098104915
2,20,33.96575439497308
2,21,30.887141396613668
2,22,27.58402814017879
2,23,24.527137551763037
2,24,21.307637921753987
2,25,17.90309430140694
2,26,14.748556921668811
2,27,11.914619312447728
2,28,8.67111994437593
2,29,8.147232539559274
2,30,11.106687451443547
2,31,9.902208968515644
2,32,11.720734460420315
2,33,14.990143289361143
2,34,17.18697520863794
2,35,19.018326303602418
2,36,18.603536760734436
2,37,21.594792198041873
2,38,23.13570556358379
2,39,25.368294416078548
2,40,27.867127315351464
2,41,27.571375916090112
2,42,25.473708886293686
2,43,28.28095745702261
2,44,29.121411091339304
2,45,31.617935612826233
2,46,29.06732391089412
2,47,30.207174799380393
2,48,28.384601669141798
2,49,28.350384042442077
2,50,26.485707677520896
2,51,24.982522914197173
2,52,23.38544106213068
2,53,24.702507203815273
2,54,28.34688649976728
2,55,30.98494847583551
2,56,33.333346305440095
2,57,32.34216999748915
2,58,35.101893859619466
2,59,34.24045247210168
2,60,30.507329369615025
2,61,29.432515066117812
2,62,25.867925517621526
2,63,25.253565489100698
2,64,23.66408060783502
2,65,24.316450148979037
2,66,21.90059042599286
2,67,23.22832926386452
2,68,21.81013823362814
2,69,19.25133469453033
2,70,16.641092267505297
2,71,17.334692009327267
2,72,14.829012135614095
2,73,17.778881508996623
2,74,19.16393171932698
2,75,21.652622441421844
2,76,25.131523751972406
2,77,28.68877118002351
2,78,31.165606237158045
2,79,34.82676984945054
2,80,38.0757944911131
2,81,36.58483698061213
2,82,38.97052360226418
2,83,38.986396763852845
2,84,38.141055979545435
2,85,34.62595338524589
2,86,33.86880633624177
2,87,31.108063549905175
2,88,27.375787950575273
2,89,25.091044238842432
2,90,21.658742203762923
2,91,19.271576897971823
2,92,17.79433798287169
2,93,15.473146086102116
2,94,17.195881617317767
2,95,16.435436070072175
2,96,19.35677186821896
2,97,21.566588695552763
2,98,25.15815949807686
2,99,27.4868071590052
2,100,25.230415685925234
2,101,21.917250114061993
2,102,20.233735343140008
2,103,18.409571321717202
2,104,14.728382325450223
2,105,13.760775960807718
2,106,16.22763973468723
2,107,16.32207108759304
2,108,18.38651865123947
2,109,21.530134174985214
2,110,23.966627315610975
2,111,27.709960705008864
2,112,30.175363729840676
2,113,33.66612487634761
2,114,36.80464175317145
2,115,39.540796235835714
3,1,6.67227985283147
3,2,3.8398416553043173
3,4,3.85847063124634
3,5,6.416580557128639
3,6,10.048748680597704
3,7,12.549809322716456
3,8,16.17386765883224
3,9,18.112608531471484
3,10,21.398155514806753
3,11,22.398871984578822
3,12,25.82737158468787
3,13,27.53888852411611
3,14,31.343325883308495
3,15,33.16016782497219
3,16,36.92889777814135
3,17,38.1998564712774
3,18,38.38639847358317
3,19,35.85995732633627
3,20,32.32235489376976
3,21,29.171301860943856
3,22,26.095417548652975
3,23,22.793708445740418
3,24,19.92397858079659
3,25,16.319704926427292
3,26,13.580946867698431
3,27,10.361898030514432
3,28,8.146801122176612
3,29,7.375811865182822
3,30,9.9501430588832
3,31,8.150082630856305
3,32,9.188162884798198
3,33,12.629344671577591
3,34,14.362063308017197
3,35,16.213786807938
3,36,15.778245764032992
3,37,18.566510470494126
3,38,20.2197329780679
3,39,22.234865766174355
3,40,24.84087503313329
3,41,24.411748725041086
3,42,22.1302835907258
3,43,24.772227762518558
3,44,25.433817277219102
3,45,28.030338587372242
3,46,25.61828575650503
3,47,26.87538943453998
3,48,25.128002080699893
3,49,25.41454782973265
3,50,23.68406331431813
3,51,22.075850860505327
3,52,20.82625631677342
3,53,21.98876659257557
3,54,25.55793237540295
3,55,28.11377165079407
3,56,30.596925132735517
3,57,29.69370503027272
3,58,32.66432265475377
3,59,31.930934376969688
3,60,28.29076167496188
3,61,27.589976562615643
3,62,24.209581269689732
3,63,24.10177412690602
3,64,22.74203292849535
3,65,23.29534039072911
3,66,20.51401998146035
3,67,22.01036623463215
3,68,21.215465219752133
3,69,18.857371063740953
3,70,16.65008007072051
3,71,16.76972998116289
3,72,14.070694323480055
3,73,16.802349573496343
3,74,17.455279813030792
3,75,20.107805358750984
3,76,23.307518154840672
3,77,26.942666433995072
3,78,29.08941299251769
3,79,32.85370347759699
3,80,36.01697929626381
3,81,34.43598259105578
3,82,36.64381526524298
3,83,36.55769240978517
3,84,35.43857114070464
3,85,32.035564377976165
3,86,31.37704188889275
3,87,28.472272574735182
3,88,24.752963317711394
3,89,22.431432330982865
3,90,18.829040107790284
3,91,16.52592923175181
3,92,14.595285248125696
3,93,12.201684429914254
3,94,13.719442123359437
3,95,13.076503941461494
3,96,16.19823312608583
3,97,18.253610119049306
3,98,21.856675400363
3,99,24.072019433607345
3,100,21.764641219524282
3,101,18.427119844600906
3,102,16.518965399770355
3,103,14.63673523178901
3,104,10.929650036497987
3,105,10.162483875516847
3,106,12.978213872059385
3,107,13.692740390410489
3,108,16.020507268068968
3,109,19.11222567064634
3,110,21.884516602344842
3,111,25.57266308590499
3,112,28.060298303678422
3,113,31.62038920586425
3,114,34.81383140121782
3,115,37.772280028264916
4,1,8.909137440198638
4,2,6.5045125640132495
4,3,3.85847063124634
4,5,3.7865601231760966
4,6,6.776440092381117
4,7,9.647168921380116
4,8,13.183361403858466
4,9,15.460853415361763
4,10,18.652963457189532
4,11,19.919563233842272
4,12,23.10386919778777
4,13,24.487686741398985
4,14,28.266555489244002
4,15,29.841275672190328
4,16,33.56173944984506
4,17,34.73723489208128
4,18,34.76543947003632
4,19,32.242184121906725
4,20,28.649652011536684
4,21,25.59403890369796
4,22,22.502119424762355
4,23,19.248421606239052
4,24,16.43141354651132
4,25,12.736702299923655
4,26,10.033704189309113
4,27,6.631002981898286
4,28,5.236205699881791
4,29,4.819405189213049
4,30,7.505215688316112
4,31,6.79619682732955
4,32,7.926544824831689
4,33,10.644936900790462
4,34,11.772871486915733
4,35,13.008776623889888
4,36,12.221653536240462
4,37,15.10029721209798
4,38,16.727970805760776
4,39,19.048078245714063
4,40,21.766202451197824
4,41,21.750823119826112
4,42,19.84939708188304
4,43,22.74625988477344
4,44,23.46571078147048
4,45,25.706579681028256
4,46,22.990500516657203
4,47,23.88006831930604
4,48,21.916236619056154
4,49,21.915856114377124
4,50,20.06123738497603
4,51,18.587114409864487
4,52,17.278602711769505
4,53,18.77785197704803
4,54,22.278208275288478
4,55,24.715615640920657
4,56,27.031265927258914
4,57,26.009802797251037
4,58,28.898565423818063
4,59,28.135396720843165
4,60,24.468493751753552
4,61,23.731810542083064
4,62,20.364140016552152
4,63,20.34762753697731
4,64,19.091830260394882
4,65,19.73597372633102
4,66,16.957216665968517
4,67,18.761307461416646
4,68,18.178868380904404
4,69,16.258494516752986
4,70,14.05574946549874
4,71,13.556250529328537
4,72,10.636419207589674
4,73,13.157206666164868
4,74,13.613212519208734
4,75,16.340294967154655
4,76,19.49348917098398
4,77,23.159292157861763
4,78,25.3380424432437
4,79,29.080391437955182
4,80,32.300886350747724
4,81,30.848595399924605
4,82,33.1758693215359
4,83,33.29215195493615
4,84,32.187768722726545
4,85,28.690670655744423
4,86,28.25328929344778
4,87,25.54318145276281
4,88,21.91390457200801
4,89,19.28347298783234
4,90,15.74145994366341
4,91,13.088454705806509
4,92,11.395986061474165
4,93,9.021643845577747
4,94,11.167175976216653
4,95,11.256159095592325
4,96,14.655921562067537
4,97,17.224443793497844
4,98,20.96730216624983
4,99,22.888550482692033
4,100,20.11816317610304
4,101,16.509552600923026
4,102,14.909817792968349
4,103,12.70734871672747
4,104,9.311655915448595
4,105,8.08663369128026
4,106,10.46111978267497
4,107,10.92366518062763
4,108,13.77454620941835
4,109,16.41274259597454
4,110,18.97530402956714
4,111,22.732132184514526
4,112,24.937809228326678
4,113,28.57897720713238
4,114,31.626415865295655
4,115,34.64396588165822
5,1,11.69666776923149
5,2,8.605577322852003
5,3,6.416580557128639
5,4,3.7865601231760966
5,6,3.8205441704190255
5,7,6.245713735421156
5,8,9.77747561162738
5,9,12.005670392209755
5,10,15.127105273337252
5,11,16.231496434471012
5,12,19.52706892527139
5,13,21.132387192945362
5,14,24.933952906947884
5,15,26.760192392359034
5,16,30.540297898774856
5,17,31.879080815557128
5,18,32.19240406617927
5,19,29.6593970080101
5,20,26.217626392968274
5,21,22.93600448537938
5,22,19.94602755433088
5,23,16.55348312769844
5,24,13.773028111087363
5,25,10.283236507923132
5,26,8.159686819678894
5,27,5.775865673546741
5,28,5.297565653933379
5,29,7.167929392544053
5,30,10.137478932153922
5,31,10.248444067530944
5,32,11.120612011281066
5,33,13.349816759350762
5,34,13.5875673115651
5,35,13.871759949482474
5,36,12.052043544938343
5,37,14.298616668103605
5,38,15.086428692956968
5,39,17.13732491556304
5,40,19.404706567276452
5,41,19.275376222555014
5,42,17.59748862486807
5,43,20.804171846134068
5,44,22.083216079677022
5,45,24.0590878453181
5,46,21.153578810694114
5,47,22.1623139920157
5,48,20.574491861224338
5,49,20.343551695761576
5,50,18.98305506403349
5,51,18.199081750432892
5,52,17.39123613697437
5,53,19.479255316441467
5,54,22.65485199019618
5,55,24.61097884894895
5,56,26.549811410113872
5,57,25.03195088752168
5,58,27.77676799003175
5,59,26.568820757142905
5,60,23.001819734572187
5,61,22.500426764108056
5,62,19.303393772488402
5,63,19.079241136939498
5,64,18.494164388874843
5,65,19.80150107627064
5,66,17.345701085886695
5,67,19.793606916592328
5,68,19.316923872545217
5,69,18.05114972309929
5,70,15.553470622741994
5,71,14.274150853943834
5,72,10.749001851828423
5,73,12.278074652659285
5,74,12.438992491950271
5,75,14.489489210081032
5,76,17.682358260911663
5,77,21.145049612344042
5,78,23.23107380537584
5,79,27.00547530898554
5,80,30.040395621307574
5,81,28.299508930572966
5,82,30.509456300128637
5,83,30.421229388928563
5,84,29.549888051457494
5,85,26.060326836870914
5,86,25.283454060982468
5,87,22.541397776566544
5,88,18.841195193037226
5,89,16.48815404476187
5,90,13.107258291843232
5,91,10.900998831593357
5,92,9.993011986820026
5,93,8.883685215238804
5,94,11.93449120948721
5,95,13.104689496944005
5,96,16.77230424092987
5,97,19.237491226463913
5,98,22.916417548300355
5,99,24.516973016256664
5,100,21.50284929413964
5,101,17.76273464769041
5,102,15.813571846762011
5,103,12.862148358662639
5,104,9.870514817195346
5,105,7.178586946777891
5,106,8.30973342360569
5,107,7.801012651389073
5,108,10.294971250699925
5,109,13.089269302750292
5,110,15.590670060792645
5,111,19.34434680565853
5,112,21.742861673569493
5,113,25.29916916995628
5,114,28.45620278324974
5,115,31.373828405661992
6,1,15.122148615011977
6,2,12.29278913657972
6,3,10.048748680597704
6,4,6.776440092381117
6,5,3.8205441704190255
6,7,3.8087604401825845
6,8,6.65632940267054
6,9,9.603882701488006
6,10,12.302955080213838
6,11,13.51301282108808
6,12,16.476422702713112
6,13,17.791704844712083
6,14,21.555720564262543
6,15,23.1899755410631
6,16,26.93711552072941
6,17,28.152148869798996
6,18,28.42296759113352
6,19,25.965011649843962
6,20,22.52705179397198
6,21,19.231348935050164
6,22,16.35865977532604
6,23,12.870534705292249
6,24,10.358462684232704
6,25,6.853605804132208
6,26,5.750923445570196
6,27,4.534509369585742
6,28,6.485227717704016
6,29,8.77844802783876
6,30,11.013740287468153
6,31,11.917764506134171
6,32,12.471759218878871
6,33,13.771677100345853
6,34,13.043994553575356
6,35,12.276492579943513
6,36,9.643140220242374
6,37,11.373348009901102
6,38,11.635327931962324
6,39,13.809849568541475
6,40,15.99476235521531
6,41,16.261065575094733
6,42,15.110785345946022
6,43,18.581026468550842
6,44,20.049229447560336
6,45,21.543220261318197
6,46,18.335617791436704
6,47,19.01263223340448
6,48,17.40389666845276
6,49,16.843004937350027
6,50,15.652328173762921
6,51,15.356971877374294
6,52,14.882275474849385
6,53,17.44128235592196
6,54,20.26819194444548
6,55,21.83324997318758
6,56,23.454783416056525
6,57,21.64906401290005
6,58,24.288511993489106
6,59,22.906173925396832
6,60,19.404275388115693
6,61,19.10140732699629
6,62,16.114983402099178
6,63,16.071581126099396
6,64,16.017651830168784
6,65,17.63200693867166
6,66,15.33516621548609
6,67,18.266852429727912
6,68,18.21578027497391
6,69,17.686707369707733
6,70,15.394831045536018
6,71,13.243468770893895
6,72,9.598048480236598
6,73,10.021219268209075
6,74,9.411212384797327
6,75,11.112513830950862
6,76,14.104236969577471
6,77,17.501480346956576
6,78,19.459620419350575
6,79,23.252516307780752
6,80,26.241421283630647
6,81,24.489696947127428
6,82,26.725011824352652
6,83,26.737335885010935
6,84,25.89080699461144
6,85,22.339006994775755
6,86,21.69473121055704
6,87,19.11908136789258
6,88,15.519503160637344
6,89,12.912188609061308
6,90,9.672446608727581
6,91,7.302961410820425
6,92,7.2595892266710855
6,93,7.276277184055806
6,94,10.981305988364403
6,95,13.142464232078849
6,96,16.792682945192453
6,97,19.406999549468807
6,98,22.986290110496153
6,99,24.177255804893633
6,100,20.829404231347578
6,101,17.023242079882035
6,102,15.304942328347657
6,103,12.03780918224631
6,104,9.978155184799972
6,105,6.814728512707097
6,106,6.305796882610768
6,107,4.874576414049122
6,108,7.962601642374417
6,109,9.984272169971604
6,110,12.250233881684093
6,111,16.04056968564393
6,112,18.18638292617189
6,113,21.816133735402904
6,114,24.872070026211606
6,115,27.878719387842644
7,1,16.902359132775167
7,2,13.987651906825548
7,3,12.549809322716456
7,4,9.647168921380116
7,5,6.245713735421156
7,6,3.8087604401825845
7,8,3.785151287355024
7,9,5.922400896944496
7,10,9.019101300933686
7,11,10.718169246268667
7,12,13.76505967713723
7,13,15.129991025684669
7,14,18.938022130778197
7,15,20.841778886558586
7,16,24.64381872559613
7,17,26.28639020187109
7,18,26.76030085280188
7,19,24.05657581582332
7,20,20.79206784683049
7,21,17.381445262124437
7,22,14.376680325234647
7,23,11.089791343660918
7,24,8.182981329298695
7,25,5.501197752765353
7,26,5.080329446283915
7,27,6.238314098752707
7,28,7.674419172851246
7,29,10.970420965316332
7,30,13.581757214630022
7,31,15.045347628675854
7,32,15.984494339161197
7,33,17.155091973906192
7,34,16.423679413600325
7,35,15.205623866573212
7,36,12.194795509900729
7,37,13.459959955895972
7,38,12.803542498935485
7,39,14.842081372651732
7,40,16.324999438291876
7,41,16.748837020736634
7,42,16.19997094737105
7,43,19.930839017465647
7,44,21.943375699147047
7,45,22.99997295992683
7,46,19.592482582956276
7,47,20.12557263360805
7,48,18.8079687265738
7,49,17.657678071143824
7,50,16.823083828679906
7,51,17.27282765948006
7,52,16.86812123904728
7,53,19.90143826727611
7,54,22.436372664872998
7,55,23.627210184593714
7,56,24.725843378290804
7,57,22.43651948240037
7,58,24.63342245871191
7,59,22.726246099173157
7,60,19.323998362874296
7,61,18.866149812674436
7,62,15.977344647966904
7,63,15.200810586723396
7,64,15.683525334248783
7,65,18.007649631813376
7,66,16.42064576494721
7,67,19.676950062305348
7,68,19.268770008979406
7,69,19.189424920871733
7,70,16.477173752212543
7,71,14.089504829059036
7,72,10.315360207786197
7,73,9.79649264583603
7,74,9.700779496025824
7,75,10.198508741178493
7,76,13.418042757036705
7,77,16.381750707019663
7,78,18.5740874239723
7,79,22.20697354471037
7,80,25.070264748328793
7,81,23.178890461830076
7,82,25.49410529872887
7,83,25.476853126348196
7,84,25.166635847263855
7,85,21.545809248209338
7,86,20.534687835454918
7,87,18.233135869158257
7,88,14.717765770613273
7,89,12.495955629965152
7,90,10.058947510618024
7,91,8.383184461710561
7,92,9.825584293271074
7,93,10.700343824064156
7,94,14.524230520160744
7,95,16.876157869378197
7,96,20.478006368846785
7,97,23.148980197645916
7,98,26.696027022973887
7,99,27.772793896762376
7,100,24.33630046426656
7,101,20.542763040436295
7,102,18.86601628242813
7,103,15.453540106602953
7,104,13.642594276944783
7,105,10.202088403624826
7,106,8.7241367663619
7,107,5.673706631130198
7,108,7.314808812983442
7,109,9.031764999809427
7,110,10.41127424493048
7,111,14.225573833820038
7,112,16.39755085754217
7,113,19.84896857495936
7,114,22.883552903789397
7,115,25.5680307706859
8,1,20.681431907624162
8,2,17.75621334881398
8,3,16.17386765883224
8,4,13.183361403858466
8,5,9.77747561162738
8,6,6.65632940267054
8,7,3.785151287355024
8,9,3.786405280949874
8,10,5.687486695045212
8,11,7.436598613136784
8,12,10.12790262334333
8,13,11.38923890224168
8,14,15.197923852441068
8,15,17.165526228804115
8,16,20.985743040158763
8,17,22.656277625866128
8,18,23.33574150695034
8,19,20.717169777611144
8,20,17.646163282116664
8,21,14.058987657495049
8,22,11.375844333058762
8,23,7.997499371818686
8,24,5.764603875681629
8,25,4.685033742526427
8,26,6.705940915424068
8,27,9.011712392298163
8,28,11.165897312868346
8,29,14.345385556435703
8,30,16.531773714572186
8,31,18.19767033687014
8,32,18.872819365544586
8,33,19.592111154339918
8,34,18.24393497797675
8,35,16.3280698207233
8,36,12.847441759951021
8,37,13.134938901041147
8,38,11.451577495615803
8,39,13.073271917346235
8,40,13.869225209019554
8,41,14.550887741178448
8,42,14.743696425267911
8,43,18.59549049560559
8,44,20.976797783023788
8,45,21.454088993540577
8,46,17.890496935476698
8,47,18.203093014069104
8,48,17.250535219610654
8,49,15.718050143337774
8,50,15.49988441089407
8,51,16.75993274239704
8,52,16.92546053322138
8,53,20.27286547856323
8,54,22.25859700979843
8,55,22.85577301222981
8,56,23.45513074356001
8,57,20.732402407687214
8,58,22.645908097486835
8,59,20.331375675713034
8,60,17.229418987424367
8,61,17.1582897605757
8,62,14.817917949065304
8,63,14.082484179821735
8,64,15.477950732286963
8,65,18.214702116561767
8,66,17.037866671546723
8,67,20.622702113480422
8,68,20.577135345397295
8,69,21.139318695219902
8,70,18.65821179099354
8,71,15.745696201434512
8,72,12.247946591969194
8,73,10.531607987898395
8,74,9.647953578360342
8,75,8.849968801050355
8,76,11.456407249136557
8,77,13.873681277057251
8,78,15.759608868478457
8,79,19.31123806083617
8,80,21.90954553585585
8,81,19.784322162103784
8,82,21.993259631740646
8,83,21.89317037034615
8,84,21.821525691404187
8,85,18.216872772978405
8,86,17.023803260371192
8,87,14.941974688159943
8,88,11.623224861650245
8,89,9.642073744955423
8,90,8.141480550628339
8,91,7.459799492323374
8,92,10.13949701974354
8,93,12.146936132248657
8,94,15.950545276702995
8,95,18.85307555160003
8,96,22.33393105499495
8,97,24.902073490992695
8,98,28.25778552445386
8,99,28.976532363737977
8,100,25.40738817654095
8,101,21.72630789632241
8,102,20.120834595429205
8,103,16.575858541056526
8,104,15.528756219745048
8,105,12.010181094465153
8,106,9.415033415907264
8,107,5.752429118549123
8,108,6.233773826740681
8,109,6.44514288236979
8,110,6.866781440131442
8,111,10.639040399310936
8,112,12.690407762588485
8,113,16.096086146235155
8,114,19.120043707500713
8,115,21.78922399746123
9,1,21.911071788928012
9,2,19.024497821164037
9,3,18.112608531471484
9,4,15.460853415361763
9,5,12.005670392209755
9,6,9.603882701488006
9,7,5.922400896944496
9,8,3.786405280949874
9,10,3.7919309909923316
9,11,6.616000058914969
9,12,9.254191692682195
9,13,10.563531662578034
9,14,14.250886336023507
9,15,16.580458202315878
9,16,20.35905508516062
9,17,22.603781435913536
9,18,23.483163282135138
9,19,20.57083602166101
9,20,17.813774076736333
9,21,14.325723351807227
9,22,11.579682868295334
9,23,9.057799266795467
9,24,6.631485756211979
9,25,7.046654633318773
9,26,8.527018137636565
9,27,11.362401092240937
9,28,12.706018505407839
9,29,16.287599955552235
9,30,18.829937436346103
9,31,20.738941145904167
9,32,21.784883016578874
9,33,22.636080645599478
9,34,21.587694153445675
9,35,19.722012246457854
9,36,16.319285124018297
9,37,16.70572066137592
9,38,14.845736185866373
9,39,16.35811210161099
9,40,16.64174110394608
9,41,17.32045209942531
9,42,17.79569818871768
9,43,21.63217031045336
9,44,24.28985703774327
9,45,24.58428109523234
9,46,21.040934272639344
9,47,21.298408429769996
9,48,20.533623168815765
9,49,18.672722047318665
9,50,18.569587832552802
9,51,20.090554071163726
9,52,20.06039373060025
9,53,23.557470745453887
9,54,25.48410829719548
9,55,25.975939013935665
9,56,26.256422462890413
9,57,23.309551121381944
9,58,24.783660531958503
9,59,22.12168514026196
9,60,19.186144705620087
9,61,18.796287512234564
9,62,16.532101506221917
9,63,14.991188495185138
9,64,16.57811706609532
9,65,19.730846750889437
9,66,19.144618926649365
9,67,22.732591475176804
9,68,22.209852861351834
9,69,22.89867941963234
9,70,20.052926741871445
9,71,17.30657928038669
9,72,13.904049467637588
9,73,12.004503392674918
9,74,11.996598502807997
9,75,10.497828958884012
9,76,13.156758391760484
9,77,14.94374142078288
9,78,17.093575840795026
9,79,20.260080770993454
9,80,22.677365653393387
9,81,20.52843513785786
9,82,22.79169393768176
9,83,22.67708120178135
9,84,23.22086888290963
9,85,19.689498659525235
9,86,18.132327995726616
9,87,16.46914021510556
9,88,13.49842614489076
9,89,12.200413020173368
9,90,11.480619905716233
9,91,11.142137908885324
9,92,13.92127147848915
9,93,15.761121246710545
9,94,19.602542900836607
9,95,22.349371532718266
9,96,25.856790108685455
9,97,28.51055281719126
9,98,31.927501337927442
9,99,32.71581079648257
9,100,29.149370639704408
9,101,25.443981520290066
9,102,23.83584754733984
9,103,20.277257181274177
9,104,19.013506638702115
9,105,15.401574968419945
9,106,12.965145344691553
9,107,9.229242784136392
9,108,8.70306109117047
9,109,8.901883189830901
9,110,8.149117304499166
9,111,11.321066064162526
9,112,13.25846183161432
9,113,16.16723382669394
9,114,19.036533309659617
9,115,21.144820245547397
10,1,25.555643570733388
10,2,22.587787595230466
10,3,21.398155514806753
10,4,18.652963457189532
10,5,15.127105273337252
10,6,12.302955080213838
10,7,9.019101300933686
10,8,5.687486695045212
10,9,3.7919309909923316
10,11,3.7926830400511697
10,12,5.541850123109184
10,13,6.939138168023644
10,14,10.601541489635638
10,15,13.221165048402405
10,16,17.002454134426124
10,17,19.313526895003545
10,18,20.561851451100093
10,19,17.84677190624446
10,20,15.502851698824403
10,21,11.879718793411271
10,22,9.910835122038335
10,23,7.763556001338732
10,24,6.967335620995404
10,25,8.788299206737753
10,26,11.345423885911243
10,27,14.336346956513045
10,28,16.18427063821014
10,29,19.614566284522343
10,30,21.864592604746367
10,31,23.771607689414385
10,32,24.541050870465213
10,33,25.124588849088305
10,34,23.608254799116477
10,35,21.317172062989002
10,36,17.688587329503655
10,37,17.283723662593612
10,38,14.697147161222283
10,39,15.576179458312158
10,40,15.044367105082852
10,41,15.822043669974454
10,42,16.96285749808964
10,43,20.694581453797554
10,44,23.63651340836163
10,45,23.40466156371526
10,46,19.892776405021007
10,47,20.016181278715553
10,48,19.73680887146015
10,49,17.684909899829396
10,50,18.262486478586926
10,51,20.410627748123193
10,52,20.93502183423383
10,53,24.53130784561469
10,54,25.951777519410875
10,55,25.896387700015065
10,56,25.74045928846013
10,57,22.469515084750057
10,58,23.64632372218008
10,59,20.630430528228533
10,60,18.188601272047887
10,61,18.305969263387638
10,62,16.753555869313875
10,63,15.436181350259675
10,64,17.769799467809438
10,65,21.078202432618752
10,66,20.73812245711046
10,67,24.481481439761193
10,68,24.344786458449796
10,69,25.455353207860266
10,70,22.882268112120833
10,71,19.813216620855933
10,72,16.65189847157686
10,73,14.161585156550881
10,74,13.455169491062316
10,75,11.148204767080008
10,76,12.81026274638341
10,77,13.759398405679256
10,78,15.322644301154037
10,79,18.234046074631173
10,80,20.181215418252496
10,81,17.70187083974872
10,82,19.690724475697625
10,83,19.36137609621121
10,84,20.231340979840944
10,85,16.87720265599003
10,86,14.988541141108822
10,87,13.659114184962927
10,88,11.180481603182011
10,89,10.60713024130059
10,90,11.069375689025625
10,91,11.745059907572369
10,92,15.013425445555496
10,93,17.533802823053264
10,94,21.238503504696162
10,95,24.345980646304827
10,96,27.747059826192476
10,97,30.23500728204911
10,98,33.454354887444204
10,99,33.93850164660909
10,100,30.327696560861902
10,101,26.775314564932877
10,102,25.176959243544562
10,103,21.56995447550723
10,104,20.882014685993607
10,105,17.28063882459612
10,106,14.24428853587531
10,107,10.57249117148189
10,108,9.227291026040197
10,109,8.048807145213486
10,110,5.855875400480248
10,111,8.193514959678458
10,112,9.953098320528781
10,113,12.558799657464705
10,114,15.438121909823554
10,115,17.45231002735833
11,1,27.189267461022535
11,2,23.92306843315843
11,3,22.398871984578822
11,4,19.919563233842272
11,5,16.231496434471012
11,6,13.51301282108808
11,7,10.718169246268667
11,8,7.436598613136784
11,9,6.616000058914969
11,10,3.7926830400511697
11,12,3.8457829555579943
11,13,7.043686104541041
11,14,10.359000199687111
11,15,13.520058319511213
11,16,17.206140500118828
11,17,19.274544054961996
11,18,21.08977804282785
11,19,18.907264863645604
11,20,16.974679230136015
11,21,13.213845462262128
11,22,12.160028333303195
11,23,9.791830725670655
11,24,9.91718538120611
11,25,11.277976091826831
11,26,13.96951068705994
11,27,16.43800531956882
11,28,18.338632138914495
11,29,21.648111543041384
11,30,23.935771291870505
11,31,25.38382548432031
11,32,25.808333127215388
11,33,26.589560256305298
11,34,24.85010595903938
11,35,22.624674283481472
11,36,18.92676577727069
11,37,18.00462243295573
11,38,15.102304351757882
11,39,15.046496979786161
11,40,13.857605357223719
11,41,13.890849497914543
11,42,14.987803581248416
11,43,18.515263348148626
11,44,21.795375808020275
11,45,21.527210288596162
11,46,18.316079146552873
11,47,18.96523077872931
11,48,19.387621064164886
11,49,17.833851594544264
11,50,19.075531936975967
11,51,21.342183488759762
11,52,22.445111104555224
11,53,25.84247957219804
11,54,27.088014216526847
11,55,26.793872678864545
11,56,26.68855376902342
11,57,23.392175720875546
11,58,24.753095509786046
11,59,21.719309463375556
11,60,19.637163843547235
11,61,20.41122098181919
11,62,19.220770982825798
11,63,18.441168632922498
11,64,20.891879230295302
11,65,24.024792451876174
11,66,23.363017257393423
11,67,27.11501014023709
11,68,27.294421076243978
11,69,28.270396020629075
11,70,25.826674031930825
11,71,22.747729558460453
11,72,19.448866363499548
11,73,17.15785897693517
11,74,15.91675617865395
11,75,13.839744613635293
11,76,15.00357120674935
11,77,15.786683800518837
11,78,16.557076925210776
11,79,19.463064123817134
11,80,20.91245676169079
11,81,17.921516000941413
11,82,19.225532593608605
11,83,18.18193578000485
11,84,18.946992852017807
11,85,15.99181828404108
11,86,13.441001567460601
11,87,11.6078525898366
11,88,9.084559495600145
11,89,9.725455156001582
11,90,10.53662591579494
11,91,12.321907800473053
11,92,15.330586805634814
11,93,18.274363367827288
11,94,21.765377405271487
11,95,25.006792101039714
11,96,28.43274782401876
11,97,30.5297561795707
11,98,33.56999360910348
11,99,33.91799465305419
11,100,30.446345642855007
11,101,27.041639203985778
11,102,25.072943934244652
11,103,21.349701933098682
11,104,20.929167336335695
11,105,17.256838291256162
11,106,13.919417352073369
11,107,10.545696311486523
11,108,8.04039014532065
11,109,6.60412099188278
11,110,4.587576346356141
11,111,5.997990859644681
11,112,8.839991938593572
11,113,11.121328743375317
11,114,14.501894384973726
11,115,16.619572103371695
12,1,30.54469461659887
12,2,27.405807268483162
12,3,25.82737158468787
12,4,23.10386919778777
12,5,19.52706892527139
12,6,16.476422702713112
12,7,13.76505967713723
12,8,10.12790262334333
12,9,9.254191692682195
12,10,5.541850123109184
12,11,3.8457829555579943
12,13,3.7561108081023793
12,14,6.602881825927681
12,15,9.945696291791116
12,16,13.515271969932398
12,17,15.672977248576851
12,18,17.749480948294213
12,19,15.748257820915772
12,20,14.344230853988556
12,21,10.787885492417994
12,22,10.70074095426572
12,23,9.315022508862587
12,24,10.650638007342835
12,25,12.978890331478393
12,26,16.156421583230113
12,27,18.97199061296071
12,28,21.22641821620192
12,29,24.45189089147554
12,30,26.425162408011726
12,31,28.13028533232416
12,32,28.487149031442694
12,33,28.870040708597056
12,34,26.822775158222786
12,35,24.18904370535511
12,36,20.443193986693945
12,37,19.04227748757728
12,38,15.719773801182788
12,39,15.386026401396832
12,40,13.539498714060738
12,41,14.105209894534868
12,42,16.067256972548332
12,43,19.35095454454319
12,44,22.64869346200363
12,45,21.716598988804
12,46,18.519458131644598
12,47,18.66310398882985
12,48,19.319647282569548
12,49,17.36644222443145
12,50,19.023928786237526
12,51,21.81858345728073
12,52,23.16904680430103
12,53,26.66536472195075
12,54,27.418112627249748
12,55,26.638984056952186
12,56,26.00510216564512
12,57,22.452321211188238
12,58,23.32055783493492
12,59,19.984476620838812
12,60,18.457969985587543
12,61,19.494493245431517
12,62,18.975877527043036
12,63,18.251351488555972
12,64,21.225183691063314
12,65,24.468450656803835
12,66,24.211917091894467
12,67,28.018779234654396
12,68,28.41705212675298
12,69,29.851361033878703
12,70,27.629482568490797
12,71,24.303936166052402
12,72,21.347375635457812
12,73,18.53938311155671
12,74,17.040720597307804
12,75,14.336042403559807
12,76,14.621889421671373
12,77,14.467200833565867
12,78,14.725371413643423
12,79,17.114562670158847
12,80,18.064857916875535
12,81,14.923707104822894
12,82,16.04477689595284
12,83,14.999128245910391
12,84,16.300854768025374
12,85,13.538824165510515
12,86,10.832638516087275
12,87,9.945375693551286
12,88,8.63264223900447
12,89,9.810578516460689
12,90,11.863589162028422
12,91,13.927738758447344
12,92,17.295112388027846
12,93,20.49860115986142
12,94,23.850549372956053
12,95,27.29712256141411
12,96,30.52688072728754
12,97,32.6439276583646
12,98,35.52462818522581
12,99,35.6050796933888
12,100,32.060625446745135
12,101,28.811140054156517
12,102,27.127455657509078
12,103,23.5409555154967
12,104,23.57936589554163
12,105,20.10577945238599
12,106,16.56002609510247
12,107,13.390441876177587
12,108,11.197837068284457
12,109,8.698956789048259
12,110,5.358949980955023
12,111,4.442124695591211
12,112,6.055637295714976
12,113,7.657527810175426
12,114,10.834470759153515
12,115,12.787460465075702
13,1,31.9447577713719
13,2,29.074233510516414
13,3,27.53888852411611
13,4,24.487686741398985
13,5,21.132387192945362
13,6,17.791704844712083
13,7,15.129991025684669
13,8,11.38923890224168
13,9,10.563531662578034
13,10,6.939138168023644
13,11,7.043686104541041
13,12,3.7561108081023793
13,14,3.8133202266733845
13,15,6.530119206956201
13,16,10.27452399727728
13,17,12.589370586265476
13,18,14.346604808716146
13,19,12.08883760529512
13,20,10.759598325229204
13,21,7.4185309906832675
13,22,7.8774008576577685
13,23,7.727461026302157
13,24,9.8644471013082
13,25,12.972282438508952
13,26,16.388047472786266
13,27,19.54740613394149
13,28,22.09281137472862
13,29,25.188501740930466
13,30,26.801352651429628
13,31,28.890075398293973
13,32,29.315298144932036
13,33,29.246020479108935
13,34,27.051822748038752
13,35,24.0769918329376
13,36,20.396601857942592
13,37,18.885049146327685
13,38,15.489148640214681
13,39,15.514400981401952
13,40,13.72153048958195
13,41,15.191662727433949
13,42,17.683722026665905
13,43,20.910698469321325
13,44,23.9176963609105
13,45,22.57000851820217
13,46,19.206415792034406
13,47,18.598868532937956
13,48,18.92042075842197
13,49,16.37199108445923
13,50,17.92386544802772
13,51,21.03017756285995
13,52,22.267239414956354
13,53,25.8895089356786
13,54,26.317282786915538
13,55,25.287137340767938
13,56,24.20846322964437
13,57,20.502938910316846
13,58,20.859869912647703
13,59,17.31794495485352
13,60,16.05935334925159
13,61,16.976909258337773
13,62,16.90857106483844
13,63,16.088353692004397
13,64,19.417697486335427
13,65,22.72920688930049
13,66,22.9366625648692
13,67,26.72282142731331
13,68,27.215802820085603
13,69,29.087154660496186
13,70,27.08513349849936
13,71,23.58857591994266
13,72,21.067549136109946
13,73,17.81722878258865
13,74,16.27934508553166
13,75,13.06221038641919
13,76,12.681003469812827
13,77,11.727517659563976
13,78,11.93635357602301
13,79,13.886172523242202
13,80,14.79581395571888
13,81,11.913607746302073
13,82,13.514492294465741
13,83,13.192033639909106
13,84,14.875677482569454
13,85,11.923436991086994
13,86,9.917118888127066
13,87,10.229398089555604
13,88,9.784321431882868
13,89,10.26701256318858
13,90,12.84007115385724
13,91,14.46242876608742
13,92,18.12680904649686
13,93,21.272346906136594
13,94,24.559960583493964
13,95,28.07254302419549
13,96,31.0923636800978
13,97,33.41937897711871
13,98,36.25082798207668
13,99,36.19037812704952
13,100,32.5268019189214
13,101,29.345547952739214
13,102,28.117252632114635
13,103,24.738353452493037
13,104,25.007336228947818
13,105,21.767155107501615
13,106,18.244633130384273
13,107,15.145750865401084
13,108,13.70386541800564
13,109,10.76131908405684
13,110,6.999775778476613
13,111,5.915950655094643
13,112,4.996088433406178
13,113,6.4006145424185075
13,114,8.662479253734615
13,115,10.600361488755642
14,1,35.72979530824526
14,2,32.881629594624364
14,3,31.343325883308495
14,4,28.266555489244002
14,5,24.933952906947884
14,6,21.555720564262543
14,7,18.938022130778197
14,8,15.197923852441068
14,9,14.250886336023507
14,10,10.601541489635638
14,11,10.359000199687111
14,12,6.602881825927681
14,13,3.8133202266733845
14,15,3.838810939631929
14,16,7.032913485509924
14,17,9.71762747586627
14,18,12.07151152790766
14,19,10.261874724200384
14,20,10.199606319307234
14,21,7.883130414047359
14,22,9.72775734336792
14,23,10.67252525345139
14,24,13.22577710929188
14,25,16.53116766038216
14,26,19.988384200955178
14,27,23.208402008068067
14,28,25.816104373488265
14,29,28.87191019374803
14,30,30.35262221072636
14,31,32.51807871581575
14,32,32.88742390322224
14,33,32.64078471945584
14,34,30.28600339808875
14,35,27.133958619526872
14,36,23.514210753556892
14,37,21.702607806105018
14,38,18.16255540365323
14,39,17.832274818827713
14,40,15.542996112015599
14,41,17.113765251522793
14,42,20.018691472353648
14,43,22.881327802157248
14,44,25.896023724310407
14,45,24.076859203432527
14,46,20.959593217323658
14,47,20.09161026801677
14,48,20.74271406697085
14,49,18.08932529434965
14,50,19.997545116041657
14,51,23.392127466732852
14,52,24.83080749492503
14,53,28.3994898658892
14,54,28.408554990361644
14,55,26.96073843672945
14,56,25.419316871943604
14,57,21.602660889845996
14,58,21.40319800116977
14,59,17.674561825752757
14,60,17.205491723129125
14,61,18.363809596988627
14,62,18.972709121237006
14,63,18.22009103796993
14,64,21.803753524537363
14,65,25.08882398903196
14,66,25.61550793926283
14,67,29.33728190112185
14,68,29.961437680171997
14,69,32.10822120431032
14,70,30.257402189755926
14,71,26.69629045310619
14,72,24.42549713526508
14,73,20.99963267091261
14,74,19.40291810872125
14,75,15.997939690806438
14,76,14.970434568241119
14,77,13.128585639916263
14,78,12.641967766486884
14,79,13.586754598209383
14,80,13.55058165317655
14,81,10.577926772880632
14,82,11.64368619224319
14,83,11.256650407026031
14,84,13.781939678646657
14,85,11.52625612219471
14,86,9.492221967122601
14,87,11.016421711872297
14,88,11.810058045196639
14,89,12.862365797789924
14,90,15.930858217275937
14,91,17.769734342352432
14,92,21.423679625613133
14,93,24.67637373056613
14,94,27.805616099530976
14,95,31.39587654512401
14,96,34.2745625101426
14,97,36.528593769150106
14,98,39.20296290887517
14,99,38.94322576068456
14,100,35.30063427362701
14,101,32.290453653476966
14,102,31.18516119959784
14,103,27.910184233772902
14,104,28.444077115705024
14,105,25.306259461944624
14,106,21.706322349195077
14,107,18.77269119930133
14,108,17.21197881629666
14,109,14.086947945863663
14,110,10.362338133423386
14,111,8.171697818641357
14,112,6.024696316428579
14,113,5.029399574160949
14,114,5.865930345004088
14,115,6.957497381336939
15,1,37.398776761180386
15,2,34.776628854732216
15,3,33.16016782497219
15,4,29.841275672190328
15,5,26.760192392359034
15,6,23.1899755410631
15,7,20.841778886558586
15,8,17.165526228804115
15,9,16.580458202315878
15,10,13.221165048402405
15,11,13.520058319511213
15,12,9.945696291791116
15,13,6.530119206956201
15,14,3.838810939631929
15,16,3.8388014399215424
15,17,6.415077137859848
15,18,8.31480295136909
15,19,6.493734046080148
15,20,7.115351412077127
15,21,6.050199526038219
15,22,9.000584854149931
15,23,11.009955125897047
15,24,14.050538840642892
15,25,17.53048048475189
15,26,21.057204139460705
15,27,24.320311128472724
15,28,27.19916941571327
15,29,30.00082504831185
15,30,31.065405966661288
15,31,33.4437026752551
15,32,33.76110033303552
15,33,33.08627799450387
15,34,30.553033764023326
15,35,27.146814704738734
15,36,23.71395184121784
15,37,21.73542204385157
15,38,18.270305170311122
15,39,18.117680625808042
15,40,15.955624796964273
15,41,18.17453867498496
15,42,21.399739389414673
15,43,24.08334797279245
15,44,26.738617261726468
15,45,24.566247819234736
15,46,21.44363771681458
15,47,19.920919850826206
15,48,20.308022275743916
15,49,17.295760317061895
15,50,19.137353195941778
15,51,22.71832053026034
15,52,24.144112711523004
15,53,27.6527752353752
15,54,27.245699001980544
15,55,25.489493808263955
15,56,23.50110309592352
15,57,19.662249580090116
15,58,18.89002532660513
15,59,15.088653693872116
15,60,15.202094508317503
15,61,16.41734140480881
15,62,17.69270419767081
15,63,17.16513649017505
15,64,20.935593150551252
15,65,24.039816684687374
15,66,24.900288670127278
15,67,28.474832006430457
15,68,29.33364469288801
15,69,31.844013915342813
15,70,30.344962974510935
15,71,26.684013321213396
15,72,24.88460674364362
