1,2,3.784771103402993
1,3,6.405155189562746
1,4,10.004669720266541
1,5,12.683171385024394
1,6,16.383050246900684
1,7,18.352549437738222
1,8,21.624349867267174
1,9,22.65541888814975
1,10,26.15214929222905
1,11,27.666842385062342
1,12,31.47513152182883
1,13,33.31740857260527
1,14,36.95463107759343
1,15,38.23863121311196
1,16,38.3134748728242
1,17,35.777429146477985
1,18,32.541182436531905
1,19,29.28889191197821
1,20,26.123597021367587
1,21,22.954704339116656
1,22,20.112998063074695
1,23,16.435460004039577
1,24,13.63807838288495
1,25,10.26748609664878
1,26,8.228404871343619
1,27,7.227362264445598
1,28,9.638238894811543
1,29,8.218319537712544
1,30,8.98971294621895
1,31,12.349910994937655
1,32,14.317632332000587
1,33,16.402733388321025
1,34,15.83952450625475
1,35,18.55432186228562
1,36,20.262045285841822
1,37,22.18116951970359
1,38,24.67617022185347
1,39,24.44136560502775
1,40,21.92251969410008
1,41,23.708079639206463
1,42,25.299112603850528
1,43,27.799535596157437
1,44,25.380267046376947
1,45,26.742905645507093
1,46,25.262232703393796
1,47,25.466353287346415
1,48,23.751094642611008
1,49,22.12501812635708
1,50,21.16941900126468
1,51,22.397648220730428
1,52,25.73226639767662
1,53,28.36846692758445
1,54,30.490473754782315
1,55,29.759932553241022
1,56,32.814314794269634
1,57,32.08635393770493
1,58,28.38513902537727
1,59,27.52874268203498
1,60,24.172497344922114
1,61,24.199031509270426
1,62,22.679565576647015
1,63,23.27887572728165
1,64,20.571840941106665
1,65,22.316965591363033
1,66,21.41870535136606
1,67,18.26027399051866
1,68,16.63605954802406
1,69,16.749991116259732
1,70,14.227332844815882
1,71,16.865921134514554
1,72,17.356546436319185
1,73,20.18853324516109
1,74,23.359461225938375
1,75,27.034635341418834
1,76,29.15957703262181
1,77,32.931765465692756
1,78,35.78781688822426
1,79,34.104293885620656
1,80,36.53252280792662
1,81,36.45746992614065
1,82,35.41565867330106
1,83,32.01400218873433
1,84,31.364035453915626
1,85,28.305181701859972
1,86,24.619029715945167
1,87,22.322165305231835
1,88,18.686780253725814
1,89,16.424916521290907
1,90,14.63723886469129
1,91,12.214900968080244
1,92,13.803766157268582
1,93,13.028526588175094
1,94,15.456647696100607
1,95,19.11447851894386
1,96,21.540073399117663
1,97,23.543802496494607
1,98,21.70200769758895
1,99,18.632267061035318
1,100,16.48258231648818
1,101,14.746978190247592
1,102,10.998906853083156
1,103,10.13647789607381
1,104,12.872180046632561
1,105,13.830597787973627
1,106,16.266917862638593
1,107,19.26977686893838
1,108,22.034035675958854
1,109,25.550095564969713
1,110,27.938324913331535
1,111,31.65910096080008
1,112,35.092101241682066
1,113,37.910633817624806
1,114,41.49659904057318
2,1,3.784771103402993
2,3,3.816465323917571
2,4,6.739376364980189
2,5,9.761112490739244
2,6,13.302583659077332
2,7,15.629222187841805
2,8,18.818327040348375
2,9,20.112898753245876
2,10,23.414959129369425
2,11,24.602116066564438
2,12,28.390561176121142
2,13,30.01232072985368
2,14,33.59211591999589
2,15,34.79199911154175
2,16,34.72274000817481
2,17,32.193846082905615
2,18,28.891430031509863
2,19,25.72086797577868
2,20,22.53909239407157
2,21,19.413618376327282
2,22,16.62442712103641
2,23,12.877263425070485
2,24,10.15548223352006
2,25,6.674662271614235
2,26,5.559953353001435
2,27,4.979658375674194
2,28,7.38630178171747
2,29,7.108520123897696
2,30,7.869047519516083
2,31,10.462550809347794
2,32,11.85621652495046
2,33,13.350271829786118
2,34,12.379629395206328
2,35,15.157152480626406
2,36,16.810121665575437
2,37,19.014022454165936
2,38,21.599417119518957
2,39,21.76813015166838
2,40,19.619337900669706
2,41,21.727894254698374
2,42,23.30052082261264
2,43,25.484583847710898
2,44,22.7480643165319
2,45,23.765284322553853
2,46,22.080970029770846
2,47,22.008910115193924
2,48,20.19889835154715
2,49,18.721645314115662
2,50,17.739871963615595
2,51,19.305445723567363
2,52,22.600368343286124
2,53,25.07591305494551
2,54,27.003753850998233
2,55,26.160631043635007
2,56,29.13383643975697
2,57,28.347956975777045
2,58,24.629539124206136
2,59,23.75092009050128
2,60,20.413400255068016
2,61,20.51506288041651
2,62,19.13257861161492
2,63,19.818552606396707
2,64,17.12399818911787
2,65,19.167756795473903
2,66,18.546500086064395
2,67,15.72773634518178
2,68,14.216972281611513
2,69,13.696470281769791
2,70,10.908995830127065
2,71,13.308777980327976
2,72,13.589630474944634
2,73,16.467303358039157
2,74,19.598840218226105
2,75,23.291256305436445
2,76,25.446384891519923
2,77,29.205811487364002
2,78,32.12364410193966
2,79,30.557560077707976
2,80,33.100116257932584
2,81,33.21657937848325
2,82,32.1565032475263
2,83,28.675914665972105
2,84,28.23007764363678
2,85,25.353996962929305
2,86,21.735697723829542
2,87,19.15313865028747
2,88,15.598532306203248
2,89,13.001797609673638
2,90,11.445573307655744
2,91,9.088958335933167
2,92,11.307448144736258
2,93,11.33230006574948
2,94,14.207445036946583
2,95,17.577538934398845
2,96,20.4867585232187
2,97,22.450957038612472
2,98,20.14815981275128
2,99,16.729782686801215
2,100,14.908509153739576
2,101,12.844304198588832
2,102,9.387432779164332
2,103,7.957080978260397
2,104,10.249011953313634
2,105,11.028414195262144
2,106,13.96550854913168
2,107,16.536397117699398
2,108,19.0729688004016
2,109,22.700950189258283
2,110,24.81098107290641
2,111,28.5870858435009
2,112,31.91759363536854
2,113,34.820276053301555
2,114,38.39483091830684
3,1,6.405155189562746
3,2,3.816465323917571
3,4,3.8293813163912156
3,5,6.3678817610677125
3,6,10.001402537310364
3,7,12.209556808544713
3,8,15.316922967857346
3,9,16.427064771278246
3,10,19.832733529047392
3,11,21.26281730967589
3,12,25.07047008580419
3,13,26.945066550497145
3,14,30.60401443297609
3,15,31.977080441399803
3,16,32.19498728273369
3,17,29.64044527052733
3,18,26.543772794041484
3,19,23.149874565074896
3,20,20.094782392761843
3,21,16.807657245710853
3,22,14.056123393300917
3,23,10.493099780011342
3,24,8.300761220212088
3,25,5.929240707340221
3,26,5.65975397958668
3,27,7.36259327641883
3,28,10.113590699528629
3,29,10.636150214166369
3,30,11.155530294445308
3,31,13.254897788448373
3,32,13.797489756665088
3,33,14.364581222071783
3,34,12.3999460194442
3,35,14.502776859080166
3,36,15.287562126518601
3,37,17.21061769717798
3,38,19.30720315006915
3,39,19.352004630834035
3,40,17.39737543394224
3,41,19.924504658730154
3,42,22.00508031787858
3,43,23.82796128600352
3,44,21.011305303031296
3,45,22.163355686149583
3,46,20.8620082082325
3,47,20.533056705566718
3,48,19.244714125243387
3,49,18.475587266758907
3,50,18.009083734444555
3,51,20.128978212205922
3,52,23.111955196420688
3,53,25.100777936956646
3,54,26.687983217838177
3,55,25.32485634334572
3,56,28.137772240943605
3,57,26.924417523206255
3,58,23.283509613112518
3,59,22.65799093624487
3,60,19.510650234302307
3,61,19.38029325217501
3,62,18.64354914590565
3,63,19.970461158699205
3,64,17.604751912260067
3,65,20.257352187235536
3,66,19.92900839396019
3,67,17.643468129785518
3,68,15.934928347009961
3,69,14.593391510625455
3,70,11.155929255909953
3,71,12.544629860736293
3,72,12.535195932145047
3,73,14.720204408524458
3,74,17.884529936722224
3,75,21.40539408468498
3,76,23.443411242283982
3,77,27.209047634134304
3,78,29.88894300730544
3,79,28.04303859441701
3,80,30.457093428219455
3,81,30.400578925513376
3,82,29.624708302461027
3,83,26.13267270012636
3,84,25.34070025321186
3,85,22.403117084097392
3,86,18.714462863712843
3,87,16.424923668830832
3,88,13.009281823702413
3,89,10.897149668836473
3,90,10.180869332220672
3,91,9.094890526047598
3,92,12.172149017256777
3,93,13.253123628628623
3,94,16.626932663657485
3,95,19.656396618743205
3,96,22.706679460560547
3,97,24.3434555212109
3,98,21.624504680996488
3,99,18.020911545116142
3,100,15.933009329356874
3,101,13.095879765383325
3,102,9.972326942040674
3,103,7.137876307364536
3,104,8.115751879227608
3,105,7.880417546786046
3,106,10.448528731998683
3,107,13.213806345998206
3,108,15.726666563281581
3,109,19.328017273750095
3,110,21.645147727652397
3,111,25.362474070102248
3,112,28.757278818759744
3,113,31.529077851203343
3,114,35.13821202634697
4,1,10.004669720266541
4,2,6.739376364980189
4,3,3.8293813163912156
4,5,3.79527863001576
4,6,6.769096381413515
4,7,9.708741044451694
4,8,12.433073868031688
4,9,13.706732650971876
4,10,16.817114226894603
4,11,17.9130431968111
4,12,21.689085663385494
4,13,23.373141940916895
4,14,26.978262983045376
4,15,28.240811807132637
4,16,28.405025495569276
4,17,25.913379887286126
4,18,22.806057907906577
4,19,19.428852396545036
4,20,16.468068390440305
4,21,13.086934381831501
4,22,10.576151321087586
4,23,6.98844079515009
4,24,5.77194127408979
4,25,4.754214278692098
4,26,6.778586732586514
4,27,8.962060456156786
4,28,10.957299223995921
4,29,12.241506135414179
4,30,12.477711834783598
4,31,13.620374597284732
4,32,13.225588336517005
4,33,12.760740518117254
4,34,10.015352156902106
4,35,11.611369173165741
4,36,11.866973832754667
4,37,13.937237615283085
4,38,15.94313641677127
4,39,16.413504931246496
4,40,15.002845734006184
4,41,17.922447831791303
4,42,20.044825786271346
4,43,21.38972136369505
4,44,18.270448449374793
4,45,19.075683092836954
4,46,17.725980697238217
4,47,17.046854292341234
4,48,15.923049768682839
4,49,15.641565941096031
4,50,15.483964698934967
4,51,18.051438251216997
4,52,20.734500116729876
4,53,22.322034128113685
4,54,23.601488611701228
4,55,21.949229766037
4,56,24.639185906630196
4,57,23.25630243552148
4,58,19.66569195672005
4,59,19.22409931455987
4,60,16.28041012709364
4,61,16.29168274430627
4,62,16.085871339573075
4,63,17.66289106761245
4,64,15.454548718679117
4,65,18.5297215044357
4,66,18.71847688177489
4,67,17.084166846535744
4,68,15.682705330857857
4,69,13.49248617508807
4,70,9.869774104441863
4,71,10.193157243042043
4,72,9.453543531216413
4,73,11.269978072300834
4,74,14.26000264693985
4,75,17.72333249348047
4,76,19.650203943509208
4,77,23.42229816317049
4,78,26.065781494995157
4,79,24.229062669378628
4,80,26.69073499063099
4,81,26.75783451219788
4,82,25.99179217466064
4,83,22.435838837887257
4,84,21.78463865776688
4,85,19.02492754526806
4,86,15.422865463165039
4,87,12.871353391788348
4,88,9.625220892648464
4,89,7.320445649773799
4,90,7.479949863673278
4,91,7.492264030542778
4,92,11.192445559072647
4,93,13.295504967189856
4,94,16.886612985292743
4,95,19.364851377641408
4,96,22.690751735005744
4,97,24.11277278280424
4,98,20.981107623869477
4,99,17.210265582607903
4,100,15.456376727930097
4,101,12.303645577844655
4,102,10.07340280885372
4,103,6.750876701920955
4,104,6.063907890608833
4,105,4.967507099996886
4,106,8.163389249485565
4,107,10.155025436743774
4,108,12.382010471405676
4,109,16.07802101153664
4,110,18.113052968351493
4,111,21.883294474610327
4,112,25.202982710420336
4,113,28.081781617000743
4,114,31.660796249200498
5,1,12.683171385024394
5,2,9.761112490739244
5,3,6.3678817610677125
5,4,3.79527863001576
5,6,3.8131279010480785
5,7,5.999043800580198
5,8,9.063783185763564
5,9,10.746917758560437
5,10,13.950351869015238
5,11,15.12604998725242
5,12,18.942280109599427
5,13,20.854699624224004
5,14,24.56954515354705
5,15,26.238091935222243
5,16,26.591758135420562
5,17,23.8605770807488
5,18,20.99604937832541
5,19,17.423632579402874
5,20,14.426745687880224
5,21,11.212962542941874
5,22,8.373888442540379
5,23,5.582380175600575
5,24,5.0789798095062615
5,25,6.370801156530756
5,26,8.014923929555115
5,27,11.235589320825135
5,28,13.634409890822727
5,29,15.457228378877753
5,30,16.040259571547114
5,31,17.013727567309434
5,32,16.57296171620921
5,33,15.643819943594982
5,34,12.483706538375069
5,35,13.576737029184557
5,36,12.877278304624916
5,37,14.798530101676675
5,38,16.065845858902893
5,39,16.691196375053014
5,40,15.875475901073273
5,41,19.23001904354022
5,42,21.762604453013566
5,43,22.570378708575063
5,44,19.35491944491702
5,45,20.018033367201813
5,46,18.94294537724311
5,47,17.67030506197041
5,48,16.956471295445926
5,49,17.43162241321911
5,50,17.37121371500327
5,51,20.399526496166246
5,52,22.84363908527684
5,53,23.990631179322875
5,54,24.732584687838333
5,55,22.6288129188635
5,56,24.88377705792324
5,57,22.959048234096798
5,58,19.48152540354766
5,59,18.957292289310033
5,60,16.17157141314537
5,61,15.47728762511782
5,62,15.795246496908378
5,63,18.10645587940581
5,64,16.61507061710095
5,65,20.038995579124535
5,66,20.100074955782247
5,67,18.908247136400718
5,68,17.074245456215376
5,69,14.52494357990484
5,70,10.724903112543513
5,71,10.046093666291787
5,72,9.74529527027894
5,73,10.348041665133898
5,74,13.493429092949485
5,75,16.56188062461527
5,76,18.65226348842687
5,77,22.263762288896395
5,78,24.721649279217672
5,79,22.759283942241037
5,80,25.256404551650718
5,81,25.360460712663482
5,82,25.12312504564576
5,83,21.4891509154839
5,84,20.498939230919092
5,85,17.94806852317132
5,86,14.423554930841192
5,87,12.253683021407067
5,88,9.798832422808816
5,89,8.230240872373587
5,90,9.886419502780734
5,91,10.81544494321465
5,92,14.633206510955594
5,93,16.9939141865304
5,94,20.573758054682816
5,95,22.90562598040222
5,96,26.310082027984635
5,97,27.660788039060026
5,98,24.393770886458324
5,99,20.600047215220123
5,100,18.923906974342202
5,101,15.596426303278765
5,102,13.653915573863252
5,103,10.090207758770651
5,104,8.334122122814838
5,105,5.3776665959091625
5,106,7.170785713472396
5,107,8.909982580653685
5,108,10.33268860495105
5,109,14.089163573485962
5,110,16.14690271381462
5,111,19.800352980062154
5,112,23.020767768389636
5,113,25.589410649040218
5,114,29.288104733828188
6,1,16.383050246900684
6,2,13.302583659077332
6,3,10.001402537310364
6,4,6.769096381413515
6,5,3.8131279010480785
6,7,3.8563510321671552
6,8,5.785283635221572
6,9,7.766214803738814
6,10,10.517727312843773
6,11,11.373439494924185
6,12,15.181820517285047
6,13,17.052551926656292
6,14,20.769662077732853
6,15,22.47084005461203
6,16,22.939578618356553
6,17,20.239350829017475
6,18,17.545275516652012
6,19,13.864160788866325
6,20,11.12863770308862
6,21,7.827852220852345
6,22,5.527410870388543
6,23,4.265448029353985
6,24,6.3092323443296
6,25,8.982453170210157
6,26,11.32606306001063
6,27,14.461157352070217
6,28,16.38404274288208
6,29,18.468939957625874
6,30,18.84793531151419
6,31,19.289207176333218
6,32,18.22879435534912
6,33,16.536301832684668
6,34,12.949339187081442
6,35,13.134979098488872
6,36,11.436467151757922
6,37,13.096673369208906
6,38,13.723612164171362
6,39,14.745682732593567
6,40,14.759707772161157
6,41,18.42378800011683
6,42,21.06160803487738
6,43,21.218700687844077
6,44,17.867923966115697
6,45,18.1917911387108
6,46,17.348277335567346
6,47,15.592178966949719
6,48,15.417728149947337
6,49,16.705815502744013
6,50,17.10406392175433
6,51,20.460116636736274
6,52,22.40620179157436
6,53,22.958961251403494
6,54,23.217585564957204
6,55,20.6730103587354
6,56,22.592980639428376
6,57,20.28769257875985
6,58,17.055556601116333
6,59,16.858636514828408
6,60,14.59566507327698
6,61,13.861855054400822
6,62,15.08294489358659
6,63,17.7635943599103
6,64,16.719249584219746
6,65,20.41830350428128
6,66,20.937115947124518
6,67,20.411196974799545
6,68,18.852566419444894
6,69,15.759159096292029
6,70,12.198337344534906
6,71,10.29002210554723
6,72,9.29164817924403
6,73,8.516739659071785
6,74,11.114855495486792
6,75,13.703120481662829
6,76,15.553163408731496
6,77,19.050000142409303
6,78,21.274911071148438
6,79,19.17859879225988
6,80,21.647726290212418
6,81,21.80952363671884
6,82,21.817978774856282
6,83,18.156591444801492
6,84,17.094766516217618
6,85,14.837372377029137
6,86,11.55827738566381
6,87,9.509393111179104
6,88,8.07546198562608
6,89,7.324535115575851
6,90,10.237767887559963
6,91,12.226650155870798
6,92,16.007836041888822
6,93,18.932476243842334
6,94,22.536496497215985
6,95,24.38664515891603
6,96,27.86905168207927
6,97,28.96725389123568
6,98,25.44652034033887
6,99,21.686838738131883
6,100,20.25317242014493
6,101,16.82207487895726
6,102,15.647866438950988
6,103,12.108394228112468
6,104,9.327227381769163
6,105,5.7633292106634295
6,106,6.559377170454455
6,107,6.655111347022461
6,108,6.954060265295112
6,109,10.743681350847895
6,110,12.499999557303374
6,111,16.128567219158665
6,112,19.258838287567094
6,113,21.82425902848232
6,114,25.52565366164472
7,1,18.352549437738222
7,2,15.629222187841805
7,3,12.209556808544713
7,4,9.708741044451694
7,5,5.999043800580198
7,6,3.8563510321671552
7,8,3.848380690034158
7,9,6.740016068060918
7,10,9.500122243945443
7,11,10.54499321499663
7,12,14.228775544470949
7,13,16.43756942878284
7,14,20.21501803643024
7,15,22.493589972090536
7,16,23.170146396233733
7,17,20.171765638747058
7,18,17.889073861040593
7,19,14.174686359826937
7,20,11.513179715037094
7,21,9.067533077875408
7,22,6.635426254561559
7,23,6.949722484273275
7,24,8.31357274463948
7,25,11.33922717691698
7,26,12.845923157062053
7,27,16.440022183460137
7,28,18.806977559705054
7,29,21.108527476384825
7,30,21.846542086740204
7,31,22.44860176646162
7,32,21.70729379127017
7,33,20.111366202218292
7,34,16.581279577430998
7,35,16.85536774276327
7,36,14.964279685245714
7,37,16.457835228646044
7,38,16.53323236635814
7,39,17.47275358556971
7,40,17.736630119340568
7,41,21.471749587257975
7,42,24.356109190614625
7,43,24.281234376201777
7,44,21.041383094573423
7,45,21.35461602395144
7,46,20.7184232652885
7,47,18.666768009132547
7,48,18.663402851604975
7,49,20.20517404930607
7,50,20.424137256194534
7,51,23.916351103649674
7,52,25.848343103677436
7,53,26.25308049338441
7,54,26.172773517575028
7,55,23.446427027546186
7,56,24.938038154833535
7,57,22.248082803845186
7,58,19.21838973432524
7,59,18.764260723483208
7,60,16.61978703506058
7,61,15.080638730597276
7,62,16.44663155449466
7,63,19.601938872111376
7,64,19.15875574564913
7,65,22.888495796551425
7,66,23.03014558157863
7,67,22.620924939498327
7,68,20.587777723696714
7,69,17.592637576759117
7,70,14.0870576970655
7,71,12.014483268984309
7,72,11.921565248876684
7,73,10.474842985005036
7,74,13.060331336267994
7,75,15.018163401338686
7,76,17.067149180339907
7,77,20.1742269216011
7,78,22.151935773107027
7,79,20.036539916786005
7,80,22.477908023484872
7,81,22.67361931612975
7,82,23.30499625745341
7,83,19.719388431289516
7,84,18.284091724169986
7,85,16.362105028737535
7,86,13.417610479641093
7,87,12.113020838825959
7,88,11.429525019553921
7,89,11.120790987411995
7,90,14.087148044879847
7,91,15.932313087607726
7,92,19.75192487203568
7,93,22.521815445069883
7,94,26.096386937499418
7,95,28.08587748131912
7,96,31.587436355034487
7,97,32.760746844033314
7,98,29.273366915686154
7,99,25.50035592103311
7,100,24.01631711452181
7,101,20.551583752152307
7,102,19.15152084708231
7,103,15.496696693128156
7,104,12.845799173904334
7,105,9.102277546425812
7,106,8.688858706620602
7,107,8.892320558425789
7,108,8.141811510823437
7,109,11.365088292760404
7,110,13.074028677712816
7,111,16.262787149651963
7,112,19.122119126865968
7,113,21.112106689650993
7,114,24.924692164434664
8,1,21.624349867267174
8,2,18.818327040348375
8,3,15.316922967857346
8,4,12.433073868031688
8,5,9.063783185763564
8,6,5.785283635221572
8,7,3.848380690034158
8,9,3.824311704644971
8,10,5.743860624578113
8,11,6.8456135522469435
8,12,10.51189038561805
8,13,13.018664785790959
8,14,16.812323594320343
8,15,19.16098354664185
8,16,20.22489255585843
8,17,17.418982727486654
8,18,15.602923465053342
8,19,11.814577659106122
8,20,10.005490421239298
8,21,7.827294921423874
8,22,7.058749397366401
8,23,8.761172991282505
8,24,11.260657703831889
8,25,14.46146494987711
8,26,16.42279664456105
8,27,19.859176218926837
8,28,21.926110572566877
8,29,24.18136841195248
8,30,24.63205467774352
8,31,24.990150082854594
8,32,23.760099148488415
8,33,21.708851065920285
8,34,17.985960852409978
8,35,17.45484379138969
8,36,14.815854141402198
8,37,15.670920726291934
8,38,14.916357008001306
8,39,15.912528352182106
8,40,16.860573313955882
8,41,20.66544629702386
8,42,23.65192127877029
8,43,23.00388753510969
8,44,19.881882358954904
8,45,20.06836643880213
8,46,19.900483156922256
8,47,17.66487035498853
8,48,18.372238912827154
8,49,20.556009930073166
8,50,21.32650825531269
8,51,24.894228708590553
8,52,26.323233305556197
8,53,26.183351002271728
8,54,25.75367288635022
8,55,22.651818386903056
8,56,23.8339596180505
8,57,20.833404774637412
8,58,18.274907770387745
8,59,18.38441401255835
8,60,16.965847350414688
8,61,15.647526654018124
8,62,17.793792565687202
8,63,21.024687173640014
8,64,20.788320853993984
8,65,24.610987443145326
8,66,25.20728356957467
8,67,25.203950064952085
8,68,23.500438427800216
8,69,20.217829388272925
8,70,16.917542577419464
8,71,14.298279415846126
8,72,13.505288926580905
8,73,11.209581247956656
8,74,12.785551255317325
8,75,13.934634668082051
8,76,15.343148331953326
8,77,18.15634844147672
8,78,19.605551746940115
8,79,17.163363448767623
8,80,19.303303792500092
8,81,19.31959002559556
8,82,20.31285519974848
8,83,16.895310611427906
8,84,15.130026339067594
8,85,13.51662694127835
8,86,11.07259851442627
8,87,10.52238884134719
8,88,11.027176396993607
8,89,11.759480989918671
8,90,15.165137678064621
8,91,17.700111795529693
8,92,21.36236962901641
8,93,24.49788435627634
8,94,28.12210513665573
8,95,29.74251468989558
8,96,33.203665502324284
8,97,34.085792459674444
8,98,30.430133493982822
8,99,26.768178450177132
8,100,25.336807486062465
8,101,21.790798895133594
8,102,20.96101331021689
8,103,17.348014633188573
8,104,14.127727897029217
8,105,10.40711254989689
8,106,9.098836027150673
8,107,7.931857614300866
8,108,5.762327956790818
8,109,8.203216173043712
8,110,9.717820169358795
8,111,12.623534028046654
8,112,15.442928528240353
8,113,17.33402372844363
8,114,21.14065186726459
9,1,22.65541888814975
9,2,20.112898753245876
9,3,16.427064771278246
9,4,13.706732650971876
9,5,10.746917758560437
9,6,7.766214803738814
9,7,6.740016068060918
9,8,3.824311704644971
9,10,3.797654791950449
9,11,6.845381406225488
9,12,10.155096813477861
9,13,13.307711213639301
9,14,16.977927976220954
9,15,19.120369642938414
9,16,20.810365794379027
9,17,18.524707033191998
9,18,17.155177874565343
9,19,13.403883285736411
9,20,12.452942690238874
9,21,10.012214689574055
9,22,10.12890230510016
9,23,11.350243364230609
9,24,13.961506270798942
9,25,16.689950447586067
9,26,18.643079867316686
9,27,21.95820095712217
9,28,24.06875218475498
9,29,25.8845519806463
9,30,25.998251250635885
9,31,26.593944797453943
9,32,25.14590757069225
9,33,23.130015317798634
9,34,19.384616437402258
9,35,18.338614044119577
9,36,15.38326343196464
9,37,15.315074134263693
9,38,13.901155964699969
9,39,14.108007728460281
9,40,15.015102477812936
9,41,18.700892191939673
9,42,21.987593498991163
9,43,21.201317671707173
9,44,18.494797184357207
9,45,19.21035388872058
9,46,19.751074699290225
9,47,17.993391869588162
9,48,19.353298608203445
9,49,21.67527307733056
9,50,23.015565419939268
9,51,26.380559017515274
9,52,27.567591966184864
9,53,27.25280595965451
9,54,26.984706899963896
9,55,23.752278234934497
9,56,25.08823338081598
9,57,22.14220026449363
9,58,19.89424812943593
9,59,20.645928938387712
9,60,19.562028145010604
9,61,18.756244642465823
9,62,21.038415226910402
9,63,24.057499273725494
9,64,23.483089956539516
9,65,27.282493508565743
9,66,28.1412908742061
9,67,27.982071101310275
9,68,26.463914895684276
9,69,23.2231748680171
9,70,19.802847901691745
9,71,17.397071960678225
9,72,16.09346433097229
9,73,14.011505942753875
9,74,15.12857582020791
9,75,16.11235484919931
9,76,16.740008169823916
9,77,19.48575951093414
9,78,20.386366081646234
9,79,17.407081578847695
9,80,18.85016921388646
9,81,18.115645160765496
9,82,19.182964196488918
9,83,16.132752475731337
9,84,13.66044902515688
9,85,11.574647069837404
9,86,9.155140071910008
9,87,9.848953205686215
9,88,10.64101535678172
9,89,12.491093430451214
9,90,15.641283342500893
9,91,18.569567089647737
9,92,22.023206432267028
9,93,25.243867856180625
9,94,28.989834184974757
9,95,30.52552188082468
9,96,33.77525384670471
9,97,34.36549741234972
9,98,30.68574268510602
9,99,27.177645618757833
9,100,25.392172349031647
9,101,21.6913543340833
9,102,21.088271441709846
9,103,17.462639623808894
9,104,13.9930059904757
9,105,10.478504929622387
9,106,7.937861245611789
9,107,6.558053391096157
9,108,4.70690802958197
9,109,5.947028738222383
9,110,8.618321679707112
9,111,11.195436477827995
9,112,14.446051973937655
9,113,16.312114434062554
9,114,19.96938109371898
10,1,26.15214929222905
10,2,23.414959129369425
10,3,19.832733529047392
10,4,16.817114226894603
10,5,13.950351869015238
10,6,10.517727312843773
10,7,9.500122243945443
10,8,5.743860624578113
10,9,3.797654791950449
10,11,3.822334099182249
10,12,6.522501958503293
10,13,9.9193409164806
10,14,13.453460329737817
10,15,15.692055557576884
10,16,17.70030677708889
10,17,15.630043119872715
10,18,14.861989545077302
10,19,11.388267436530375
10,20,11.462436386816773
10,21,9.89024105227099
10,22,11.167685168928488
10,23,13.31851806047385
10,24,16.418948445403036
10,25,19.46304910192976
10,26,21.728862120485907
10,27,24.97458109221711
10,28,26.797555678007836
10,29,28.796217067963077
10,30,28.83465334178347
10,31,29.071075263881088
10,32,27.307473028344155
10,33,24.89131952100938
10,34,21.106677565348225
10,35,19.586125630661744
10,36,16.20495082335054
10,37,15.818532495167533
10,38,13.735452867732235
10,39,14.339677011444738
10,40,16.11480401666881
10,41,19.706909939008344
10,42,22.820119742414168
10,43,21.396884767355314
10,44,18.776328979331087
10,45,19.04440693579055
10,46,19.824480232347717
10,47,17.737761691138008
10,48,19.55485550061049
10,49,22.389442964419555
10,50,23.971549224043837
10,51,27.406554394114885
10,52,28.152014144558304
10,53,27.333481194363973
10,54,26.60573108801112
10,55,23.112685510841825
10,56,23.965217680567658
10,57,20.74386168025672
10,58,19.055214400411533
10,59,20.132646809197784
10,60,19.715532632340384
10,61,18.954387466622986
10,62,21.76701180316072
10,63,24.84762748621433
10,64,24.63689816815103
10,65,28.44334917881186
10,66,29.582805891756415
10,67,29.87124220556273
10,68,28.565486294571755
10,69,25.098431336735395
10,70,21.95842471813361
10,71,19.092369519299258
10,72,17.5535262506932
10,73,14.849149581044045
10,74,15.114132550413435
10,75,15.197950785601154
10,76,15.26564470424209
10,77,17.45928600540711
10,78,17.791257446124654
10,79,14.664373888873675
10,80,15.817525628549774
10,81,15.084196502822046
10,82,16.684850173519976
10,83,13.883982227257258
10,84,11.225699067940724
10,85,10.018614850144907
10,86,8.804872970447231
10,87,10.136780120827463
10,88,12.1491586883634
10,89,14.306379745448043
10,90,17.720028517687254
10,91,20.928317446290343
10,92,24.221773352509604
10,93,27.66742575443936
10,94,31.327414345088087
10,95,32.51062227642112
10,96,35.778440585687434
10,97,36.20447317691838
10,98,32.41985192171484
10,99,29.023324219898072
10,100,27.52150101160503
10,101,23.932005036381906
10,102,23.792922223992985
10,103,20.348451662571485
10,104,16.691247589090807
10,105,13.418168885207002
10,106,11.10487384697118
10,107,8.707428181691787
10,108,5.577270235227468
10,109,4.61933851630209
10,110,6.089109007393421
10,111,7.870570655757285
10,112,10.843519098543043
10,113,12.524799447616562
10,114,16.20202092304313
11,1,27.666842385062342
11,2,24.602116066564438
11,3,21.26281730967589
11,4,17.9130431968111
11,5,15.12604998725242
11,6,11.373439494924185
11,7,10.54499321499663
11,8,6.8456135522469435
11,9,6.845381406225488
11,10,3.822334099182249
11,12,3.8186478290776313
11,13,6.490078200174029
11,14,10.225000309627386
11,15,12.582675922515282
11,16,14.212555846040635
11,17,11.890325279745477
11,18,11.158739468923683
11,19,7.827856184321202
11,20,8.483969278101316
11,21,7.981774784697158
11,22,10.074187444701842
11,23,13.044890050629556
11,24,16.449218430850834
11,25,19.823694644476735
11,26,22.413704231273858
11,27,25.529940884029884
11,28,26.979367579468896
11,29,29.31375405944173
11,30,29.421316131580166
11,31,29.184196349516654
11,32,27.24856473689178
11,33,24.48312637809916
11,34,20.741078118288552
11,35,19.117119283839067
11,36,15.64857076899115
11,37,15.63548311613668
11,38,13.631137117556221
11,39,15.169560020663706
11,40,17.51285086513017
11,41,21.104305549763858
11,42,23.806253839399684
11,43,22.07338840329429
11,44,19.18413093561851
11,45,18.685948462177876
11,46,19.079218383540557
11,47,16.422513385319427
11,48,18.147730362472995
11,49,21.28074543406123
11,50,22.72968650242
11,51,26.28680998884896
11,52,26.790821452103607
11,53,25.675494737246748
11,54,24.48733949703536
11,55,20.89770497957169
11,56,21.273106484596816
11,57,17.822021464928618
11,58,16.403488359323223
11,59,17.412836984516197
11,60,17.439207273846215
11,61,16.590288557980962
11,62,19.775081233050056
11,63,22.889779700048315
11,64,23.117047335882393
11,65,26.876408129049906
11,66,28.174112708568266
11,67,28.93607270891526
11,68,27.824890041984755
11,69,24.176782699532797
11,70,21.42865772211343
11,71,18.138912338215018
11,72,16.55305234611653
11,73,13.316933206302375
11,74,12.920128365806079
11,75,12.25767394314519
11,76,12.25380605941199
11,77,14.064118488692882
11,78,14.391320250959774
11,79,11.558187932423776
11,80,13.20620906918025
11,81,13.282055471007512
11,82,15.048766760761847
11,83,12.063413763143604
11,84,10.15083488845268
11,85,10.092768091104688
11,86,9.646593940013274
11,87,10.247475919704499
11,88,12.854923636513776
11,89,14.548395715197401
11,90,18.224453950811224
11,91,21.406473767899858
11,92,24.626272571177818
11,93,28.191632261944637
11,94,31.673849615741798
11,95,32.58032563541352
11,96,35.97441682407057
11,97,36.44336054184904
11,98,32.60458934978012
11,99,29.226840548444212
11,100,28.207011800589076
11,101,24.839023598631105
11,102,24.967695271130086
11,103,21.7210775509278
11,104,18.074546295587258
11,105,14.93966140607355
11,106,13.44430570046363
11,107,10.536395051180868
11,108,6.782521115971626
11,109,5.986569467030583
11,110,4.886971476050973
11,111,6.503653478797555
11,112,8.713233459325869
11,113,10.613031099094943
11,114,14.41179690399844
12,1,31.47513152182883
12,2,28.390561176121142
12,3,25.07047008580419
12,4,21.689085663385494
12,5,18.942280109599427
12,6,15.181820517285047
12,7,14.228775544470949
12,8,10.51189038561805
12,9,10.155096813477861
12,10,6.522501958503293
12,11,3.8186478290776313
12,13,3.7840421072427404
12,14,7.041115389833838
12,15,9.763868561961903
12,16,12.007605485883689
12,17,10.144510943319156
12,18,10.677123209291494
12,19,8.382634693420513
12,20,10.372318941255749
12,21,10.90131608979161
12,22,13.420795572652526
12,23,16.619332241180583
12,24,20.077073777034123
12,25,23.511128403962473
12,26,26.153188341351118
12,27,29.240921044309697
12,28,30.570134198897527
12,29,32.959585059899474
12,30,33.014798146870824
12,31,32.61172801944516
12,32,30.50544718488094
12,33,27.545905733998126
12,34,23.86995788709352
12,35,21.95298486761071
12,36,18.33151222669128
12,37,17.97182865689154
12,38,15.49920080163165
12,39,17.07824855581511
12,40,19.869338684285808
12,41,23.222027539291332
12,42,25.780213216887553
12,43,23.576104071072773
12,44,20.970228330051977
12,45,20.21094934736756
12,46,20.89653057595647
12,47,18.15757906135508
12,48,20.244341189331845
12,49,23.667620181411014
12,50,25.292790941242018
12,51,28.79202684414477
12,52,28.90786556847392
12,53,27.364606478611144
12,54,25.779027850417645
12,55,22.053398396004955
12,56,21.874042058405692
12,57,18.253936591733734
12,58,17.60445022861501
12,59,18.894897383961435
12,60,19.572524071174385
12,61,18.77050260392023
12,62,22.234972016409305
12,63,25.30669879333756
12,64,25.832440872357903
12,65,29.498546848087102
12,66,30.96414825019694
12,67,32.02693812148625
12,68,31.045096468206957
12,69,27.330031925032877
12,70,24.80494678967021
12,71,21.350081498061034
12,72,19.71981181298759
12,73,16.27346028543914
12,74,15.250123995592764
12,75,13.714000545181667
12,76,13.02921284967514
12,77,13.840573682890776
12,78,13.210327251266238
12,79,10.347956120732187
12,80,11.342032266286168
12,81,11.444264726200723
12,82,14.017437370259541
12,83,11.727970988385191
12,84,9.78866258512924
12,85,10.940950514317317
12,86,11.726755666240079
12,87,12.891008976931666
12,88,15.981454510290888
12,89,17.88298814376607
12,90,21.523658775139413
12,91,24.817821919550664
12,92,27.87321151183988
12,93,31.5248451681903
12,94,34.93373531140086
12,95,35.599374792414764
12,96,38.94457982914463
12,97,39.25888751709005
12,98,35.38850765389726
12,99,32.153957231053624
12,100,31.277806860919668
12,101,27.99980764616953
12,102,28.398646476098286
12,103,25.262761931598128
12,104,21.55727602907337
12,105,18.581444639350693
12,106,16.950674021026725
12,107,13.873813125060531
12,108,10.180131229355734
12,109,8.262459651106456
12,110,6.0626641431419435
12,111,5.189955082244418
12,112,5.81020917008268
12,113,6.959338404054402
12,114,10.787914178169991
13,1,33.31740857260527
13,2,30.01232072985368
13,3,26.945066550497145
13,4,23.373141940916895
13,5,20.854699624224004
13,6,17.052551926656292
13,7,16.43756942878284
13,8,13.018664785790959
13,9,13.307711213639301
13,10,9.9193409164806
13,11,6.490078200174029
13,12,3.7840421072427404
13,14,3.797950381496806
13,15,6.607607201958301
13,16,8.364666943158305
13,17,6.439117575842976
13,18,7.6424136694249745
13,19,6.545208552097293
13,20,9.558560103835092
13,21,11.176972561918321
13,22,14.155892186790485
13,23,17.617646442809566
13,24,21.164141969506737
13,25,24.66803300954255
13,26,27.553437114830174
13,27,30.420187915673235
13,28,31.361055334699067
13,29,33.936417871282906
13,30,33.982336144171086
13,31,33.164800923773484
13,32,30.88383354596523
13,33,27.66173339528423
13,34,24.155580686256275
13,35,22.122888437871218
13,36,18.575503471167774
13,37,18.43600466212456
13,38,16.12736571287092
13,39,18.338662459186956
13,40,21.46641487319933
13,41,24.6868000509172
13,42,26.81630404695727
13,43,24.378069761845754
13,44,21.669805258240345
13,45,20.25935302343055
13,46,20.629385878586977
13,47,17.547060804457256
13,48,19.543852969960998
13,49,23.14022242935174
13,50,24.683894359497778
13,51,28.142419471920917
13,52,27.934358703579637
13,53,26.063051981171206
13,54,24.029848962360404
13,55,20.30609917718646
13,56,19.551536223018434
13,57,15.817573951023293
13,58,15.73921177755526
13,59,17.070976998601296
13,60,18.363921676550213
13,61,17.69033928899996
13,62,21.389744391660454
13,63,24.28507846639643
13,64,25.162672458101785
13,65,28.648966022245514
13,66,30.323063238655102
13,67,31.81494060663261
13,68,31.11597427400422
13,69,27.322020903789344
13,70,25.23522301386909
13,71,21.56769476288509
13,72,19.854555848795805
13,73,16.216143561216644
13,74,14.4731238778287
13,75,12.104041489102249
13,76,11.024734159983737
13,77,10.945308113844717
13,78,9.942345314811945
13,79,7.631951820878181
13,80,9.05423091326911
13,81,10.301155892885554
13,82,12.898148421645665
13,83,10.768203575599237
13,84,9.995819774606625
13,85,12.145139768098284
13,86,13.46478600719678
13,87,14.064181076168618
13,88,17.384720695483363
13,89,18.924188106004422
13,90,22.562349359023035
13,91,25.774869091369773
13,92,28.63284516814493
13,93,32.33163721197829
13,94,35.523246865429655
13,95,35.879464606793746
13,96,39.25844783929176
13,97,39.55708090357205
13,98,35.68965511647881
13,99,32.56612118261383
13,100,32.12425510188531
13,101,29.108142658182036
13,102,29.78690792246948
13,103,26.9025472715265
13,104,23.274516166570997
13,105,20.548615511000392
13,106,19.471321688859664
13,107,16.151067573525655
13,108,12.438590759234117
13,109,10.815532392243485
13,110,7.62089382604115
13,111,6.437896299691728
13,112,5.242214612962222
13,113,6.548631974840118
13,114,9.904540962596752
14,1,36.95463107759343
14,2,33.59211591999589
14,3,30.60401443297609
14,4,26.978262983045376
14,5,24.56954515354705
14,6,20.769662077732853
14,7,20.21501803643024
14,8,16.812323594320343
14,9,16.977927976220954
14,10,13.453460329737817
14,11,10.225000309627386
14,12,7.041115389833838
14,13,3.797950381496806
14,15,3.7941665085791807
14,16,6.069205822107609
14,17,5.489950027077962
14,18,8.385864651964766
14,19,8.954848217806282
14,20,12.425863610418869
14,21,14.476920746225385
14,22,17.606999216425912
14,23,21.096123445190127
14,24,24.659472719304677
14,25,28.15046940311469
14,26,31.125402125749147
14,27,33.88852130315147
14,28,34.63674245921085
14,29,37.24899319771939
14,30,37.22847790537199
14,31,36.20134276827462
14,32,33.75915573364843
14,33,30.378473688912916
14,34,27.017922654547657
14,35,24.78142459819534
14,36,21.24728618575426
14,37,20.913236188822317
14,38,18.444362012414224
14,39,20.727965605807682
14,40,24.11998590532418
14,41,27.080045521817684
14,42,28.946858862375862
14,43,26.172679108911666
14,44,23.712378749740456
14,45,21.99935743866875
14,46,22.489854608050763
14,47,19.42153043282921
14,48,21.58291016051287
14,49,25.304354301962313
14,50,26.947037453381615
14,51,30.258432369595432
14,52,29.6622673545916
14,53,27.409409559420805
14,54,25.009453586970135
14,55,21.32321772682825
14,56,19.983722795795586
14,57,16.31917960272548
14,58,17.087912691760078
14,59,18.62326733320526
14,60,20.50223546463318
14,61,20.001845023385705
14,62,23.798124020158824
14,63,26.495708270955618
14,64,27.6010995578937
14,65,30.897766301345385
14,66,32.753288157270156
14,67,34.53412251507246
14,68,34.037186923875836
14,69,30.225426559082532
14,70,28.40567171776674
14,71,24.666548616461515
14,72,22.892104676733567
14,73,19.238092481295592
14,74,17.04551667221503
14,75,14.136620193807621
14,76,12.494967606702975
14,77,11.234187029471766
14,78,9.100024631375387
14,79,7.492724636372834
14,80,8.005230829209665
14,81,9.74607101866288
14,82,12.76121905646695
14,83,11.595626276685069
14,84,11.365704557703522
14,85,14.293684687300987
14,86,16.29157429884666
14,87,17.05435445752515
14,88,20.567231737229555
14,89,22.152109007117495
14,90,25.692992965763292
14,91,28.93137843590338
14,92,31.5864879282946
14,93,35.32443394719106
14,94,38.38338062624423
14,95,38.47017957764003
14,96,41.781770260298394
14,97,41.945449930462225
14,98,38.092188988380094
14,99,35.14521361118714
14,100,34.9163122180035
14,101,32.06013888180974
14,102,32.998432753576324
14,103,30.27459334353521
14,104,26.648815831686093
14,105,24.104280356050662
14,106,23.05942628267689
14,107,19.620465221773287
14,108,15.991941278203047
14,109,14.02695561343316
14,110,10.627872245509133
14,111,8.483055153719345
14,112,5.516142097795593
14,113,5.558437674339738
14,114,7.713784137517677
15,1,38.23863121311196
15,2,34.79199911154175
15,3,31.977080441399803
15,4,28.240811807132637
15,5,26.238091935222243
15,6,22.47084005461203
15,7,22.493589972090536
15,8,19.16098354664185
15,9,19.120369642938414
15,10,15.692055557576884
15,11,12.582675922515282
15,12,9.763868561961903
15,13,6.607607201958301
15,14,3.7941665085791807
15,16,3.8491813716772
15,17,5.755551027635632
15,18,8.67690713267817
15,19,10.071402584989881
15,20,13.846432581405143
15,21,15.732197860595294
15,22,19.22655564590787
15,23,22.47501753284768
15,24,26.17090363442388
15,25,29.454248752126244
15,26,32.688648599133344
15,27,35.16569599539978
15,28,35.568483659813275
15,29,38.03772894567217
15,30,37.77021435367764
15,31,36.50604661218364
15,32,33.770451279025146
15,33,30.227720382948466
15,34,27.07365251768513
15,35,24.47726508543895
15,36,20.97322368435686
15,37,20.31780777310795
15,38,17.771133901087314
15,39,20.198556378572853
15,40,23.833139939463795
15,41,26.435787480475064
15,42,27.883808939145727
15,43,24.834600246333228
15,44,22.60268972752633
15,45,20.549383667832416
15,46,21.16572968121614
15,47,18.2729993676591
15,48,20.710784993782593
15,49,24.51590920517588
15,50,26.461193648797575
15,51,29.49204759713095
15,52,28.442070778648322
15,53,25.82713122617473
15,54,23.275279339532627
15,55,19.643136421944146
15,56,18.060636956712578
15,57,14.673721261996475
15,58,16.175286938239
15,59,18.279859055596468
15,60,20.687150785408484
15,61,20.838710229054605
15,62,24.66506321405507
15,63,26.94059612387674
15,64,27.886002932396007
15,65,30.972332709564288
15,66,33.204577846268194
15,67,35.134039460261754
15,68,35.04332164470571
15,69,31.211548127965706
15,70,29.601519328306377
15,71,25.904693085927843
15,72,23.718466871180187
15,73,20.260945411631134
15,74,17.53473495411019
15,75,14.444573305595643
15,76,11.942231436868202
15,77,10.07800849013389
15,78,6.965468978816226
15,79,5.585560767295027
15,80,5.015334614982439
15,81,7.461364506547161
15,82,10.20815788374469
15,83,9.83844937456087
15,84,10.492890175965773
15,85,13.989984922551576
15,86,16.56126577006082
