1,2,3.7783295215403525
1,3,6.113924651081317
1,4,9.798214782983566
1,5,12.228230711461343
1,6,15.940923135861604
1,7,17.562073568340757
1,8,21.06520141036223
1,9,22.035466831316924
1,10,25.380142597088014
1,11,27.160492276135514
1,12,30.961056888084936
1,13,32.49112974548828
1,14,36.12968129703313
1,15,37.43377991200501
1,16,37.954635704263616
1,17,35.50432567486159
1,18,32.05330859567871
1,19,28.867235086997752
1,20,25.537479780949695
1,21,22.462769144852516
1,22,19.683408771329574
1,23,16.155569568219462
1,24,13.60422267755131
1,25,10.317687055979913
1,26,8.342417728214818
1,27,7.368416326766009
1,28,9.48469443689594
1,29,7.831426576032713
1,30,8.681690379402045
1,31,12.108320523522949
1,32,14.003819630629101
1,33,15.940069081528067
1,34,15.724281440756718
1,35,18.30797504575953
1,36,20.212352844176003
1,37,22.12526387647622
1,38,24.79869602642897
1,39,24.66737889622506
1,40,22.616740468851393
1,41,24.07172350582291
1,42,26.181496428733585
1,43,28.215797993595142
1,44,25.31679425833703
1,45,26.631952666124576
1,46,24.799396925596636
1,47,25.29728981776381
1,48,23.57035662132709
1,49,21.998799306290746
1,50,21.109978214196673
1,51,22.566775757620583
1,52,25.53279043822507
1,53,28.933457850903725
1,54,30.036575428120845
1,55,29.721596122161625
1,56,32.938041600698135
1,57,31.99154970380114
1,58,28.495669854046014
1,59,28.016127236943362
1,60,24.54931509295284
1,61,24.067798755191866
1,62,22.69291260974857
1,63,23.80404951997174
1,64,21.219849318930244
1,65,23.06572829442447
1,66,22.06279636786053
1,67,19.57229117105393
1,68,16.672457009812202
1,69,16.81172195035922
1,70,14.043998315249997
1,71,16.56364311144189
1,72,17.38030494329724
1,73,20.12399233558334
1,74,23.090909633624722
1,75,26.77405164288022
1,76,28.806925729328366
1,77,32.456343194587866
1,78,35.66633561533492
1,79,33.96037882688317
1,80,36.491342091184436
1,81,36.73738635226121
1,82,35.4123662626031
1,83,32.1266253266482
1,84,31.228300739876712
1,85,28.47103525358115
1,86,24.811406948079547
1,87,22.401208504346418
1,88,18.831661598676412
1,89,16.373009364680087
1,90,14.520321306550429
1,91,12.128833867857233
1,92,13.625908371440794
1,93,12.648224047902636
1,94,15.435093222952673
1,95,17.956550327371502
1,96,21.70449222625776
1,97,23.609630719779066
1,98,20.531302195857844
1,99,17.71716752511903
1,100,16.412392280650714
1,101,14.673616364416425
1,102,10.933680552898553
1,103,10.193842243467069
1,104,12.923884646889515
1,105,13.530865853239618
1,106,15.895462650009582
1,107,18.95394098760813
1,108,21.698864248824
1,109,25.26269460520708
1,110,27.736314278017364
1,111,31.410230314104343
1,112,34.48192852801554
1,113,37.26344313390829
1,114,40.25649170098657
1,115,41.281238376006776
1,116,43.120985981420816
2,1,3.7783295215403525
2,3,3.8410964929904865
2,4,6.843460201840612
2,5,9.762045053753145
2,6,13.267826957587998
2,7,15.311157403817312
2,8,18.68205823613591
2,9,19.923952668616995
2,10,22.996424029394124
2,11,24.43083276069251
2,12,28.21560619148276
2,13,29.45689103338872
2,14,33.01082285418955
2,15,34.20770765019402
2,16,34.54048757210431
2,17,32.09209641734439
2,18,28.56878594266148
2,19,25.492503494864312
2,20,22.136984996347646
2,21,19.144978897982952
2,22,16.425896429151788
2,23,12.796769445634377
2,24,10.248870619826798
2,25,6.784449262645923
2,26,5.759558817672668
2,27,4.842101796989485
2,28,6.802275807564268
2,29,6.152635870133459
2,30,7.192904519007583
2,31,9.895973065994434
2,32,11.288121737965296
2,33,12.695125091862046
2,34,12.199425083051247
2,35,14.951566164739917
2,36,16.877950506896997
2,37,19.12551207958306
2,38,21.96511830965795
2,39,22.27638823400929
2,40,20.61638235554013
2,41,22.34778606610023
2,42,24.291692100116325
2,43,25.98462018762994
2,44,22.85162465790358
2,45,23.792937328504117
2,46,21.71100485744601
2,47,21.939544873044497
2,48,20.034279330019842
2,49,18.525764088483218
2,50,17.572774175792933
2,51,19.305474029310236
2,52,22.251540558564287
2,53,25.521437092115843
2,54,26.444637491744803
2,55,26.087198783563164
2,56,29.249080886272527
2,57,28.318365308987868
2,58,24.782503266250675
2,59,24.247056032885162
2,60,20.78262881542654
2,61,20.402776182464113
2,62,19.08282574988955
2,63,20.227081238362505
2,64,17.634706736376707
2,65,19.704897739374413
2,66,18.89491768029004
2,67,16.736378170204013
2,68,13.93899176059968
2,69,13.535248680777752
2,70,10.632719711577439
2,71,13.009931519617131
2,72,13.641437120461525
2,73,16.501249008732877
2,74,19.421801576288438
2,75,23.142751773376215
2,76,25.229671176435353
2,77,28.84585142983985
2,78,32.12560725885479
2,79,30.573529842918585
2,80,33.2141467491157
2,81,33.68616235128634
2,82,32.413454585148294
2,83,29.011794609418654
2,84,28.363852173887523
2,85,25.794873527516085
2,86,22.271184318204895
2,87,19.534619947691937
2,88,16.04414962832838
2,89,13.194106647581492
2,90,11.546430164293051
2,91,9.056279198712554
2,92,11.109011260417077
2,93,10.762860484989258
2,94,13.832204053806116
2,95,16.777030086591108
2,96,20.60563503177428
2,97,22.243601121291263
2,98,18.895498834662323
2,99,15.727004653188802
2,100,14.831544887636207
2,101,12.892734800697424
2,102,9.422856593200567
2,103,8.343559116513738
2,104,10.716538214781702
2,105,11.129076846676055
2,106,14.080935050151144
2,107,16.633590554274967
2,108,19.10869836372774
2,109,22.777403297480145
2,110,24.931095808147152
2,111,28.664804156392726
2,112,31.54791561308215
2,113,34.42735579791531
2,114,37.264191824206016
2,115,38.27634546570301
2,116,39.99678256308631
3,1,6.113924651081317
3,2,3.8410964929904865
3,4,3.8684759945982488
3,5,6.198008252073043
3,6,9.842686065859263
3,7,11.756291708036652
3,8,15.110178958938564
3,9,16.208961952541216
3,10,19.404612219868582
3,11,21.066943174070957
3,12,24.866359982653943
3,13,26.386279865979926
3,14,30.037884024277545
3,15,31.396929034565204
3,16,32.03558204160235
3,17,29.581806291390784
3,18,26.22799906479353
3,19,22.925355319606613
3,20,19.669958039718697
3,21,16.497146704205125
3,22,13.782154978225034
3,23,10.336999336557813
3,24,8.33543300169863
3,25,5.97914073190923
3,26,5.39072607433413
3,27,6.936010111931346
3,28,9.484527590101617
3,29,9.707589899168438
3,30,10.499269978751256
3,31,12.753859379123787
3,32,13.242200868171183
3,33,13.661306328201098
3,34,12.07550513385969
3,35,14.177788716315792
3,36,15.286303082914051
3,37,17.277806374713993
3,38,19.671402428867054
3,39,19.821412122213257
3,40,18.39250738170518
3,41,20.574008641969936
3,42,22.939487461392115
3,43,24.32052297879712
3,44,21.06904860047154
3,45,22.209282449978392
3,46,20.49356344410468
3,47,20.456257808324875
3,48,19.029864125248924
3,49,18.235681134348727
3,50,17.887348514441037
3,51,20.116934025252476
3,52,22.646520361494485
3,53,25.61350898616854
3,54,26.22681867541481
3,55,25.31121136390129
3,56,28.25824609557464
3,57,26.86943185104376
3,58,23.43743896486519
3,59,23.148022423584216
3,60,19.80540182030872
3,61,19.182152714888126
3,62,18.505570716429983
3,63,20.314055077397985
3,64,18.1263482470121
3,65,20.777970546975563
3,66,20.04633002670378
3,67,18.46314409889705
3,68,15.509503537702576
3,69,14.31037956551952
3,70,10.80478641034557
3,71,12.164834062935302
3,72,12.574431623271177
3,73,14.745524703538326
3,74,17.701374235311405
3,75,21.237156112897697
3,76,23.201502871619972
3,77,26.8577276026729
3,78,29.958300794243897
3,79,28.10570333761496
3,80,30.660657277879398
3,81,30.847613268148837
3,82,29.737909891724012
3,83,26.3979462057035
3,84,25.407548404002767
3,85,22.843885696100497
3,86,19.22927001633208
3,87,16.77409511511587
3,88,13.434718869979077
3,89,10.993111457028034
3,90,10.15242619085832
3,91,8.930686688036085
3,92,11.871463488665928
3,93,12.672522510085047
3,94,16.181941417712522
3,95,18.917151861648634
3,96,22.766243079453723
3,97,23.8691869729536
3,98,20.57126003064993
3,99,17.10476000867941
3,100,15.796577900795548
3,101,13.07195144392882
3,102,9.948782867932708
3,103,7.393899675546789
3,104,8.515970435288413
3,105,7.974019507878263
3,106,10.61499637391204
3,107,13.286702471381062
3,108,15.732185279243163
3,109,19.38646802355567
3,110,21.732732318045578
3,111,25.391499223156195
3,112,28.42116386422314
3,113,31.170357104097288
3,114,34.164175909750156
3,115,35.17037722459409
3,116,37.04989302695008
4,1,9.798214782983566
4,2,6.843460201840612
4,3,3.8684759945982488
4,5,3.819310805329968
4,6,6.662507166309225
4,7,9.431620099205642
4,8,12.291324218896497
4,9,13.403237897051103
4,10,16.290830757417606
4,11,17.728596384257862
4,12,21.499622590057115
4,13,22.837937342064084
4,14,26.43276233382019
4,15,27.645524569029142
4,16,28.262073001001482
4,17,25.91403580057451
4,18,22.587679895237663
4,19,19.25548291083111
4,20,16.121983796671262
4,21,12.809788681226767
4,22,10.424988442492143
4,23,6.931750266752364
4,24,6.040194621660732
4,25,5.095894010042437
4,26,6.755553363632833
4,27,8.806721329724493
4,28,10.592023189221818
4,29,11.509947963120686
4,30,11.967549456631074
4,31,13.302138564719186
4,32,12.751816296544986
4,33,12.078666910108437
4,34,9.601522462363883
4,35,11.156594533936957
4,36,11.727880096232484
4,37,13.80217766025762
4,38,16.12133382943955
4,39,16.61312191459622
4,40,15.685653331555516
4,41,18.249501039547262
4,42,20.561644821709876
4,43,21.479285387095178
4,44,18.02586434980539
4,45,18.916646191614866
4,46,17.213830319762103
4,47,16.872771487532894
4,48,15.641523000231942
4,49,15.342228861203214
4,50,15.455456177357478
4,51,18.05429585866505
4,52,20.186958831221382
4,53,22.842672484385158
4,54,23.213797258351764
4,55,21.96150709876509
4,56,24.784591443780787
4,57,23.21407256334457
4,58,19.87191670930864
4,59,19.831270730252182
4,60,16.688971416102714
4,61,16.2607668935856
4,62,16.15820954631286
4,63,18.26563337804142
4,64,16.244950013217093
4,65,19.329796033613054
4,66,19.041517648881765
4,67,18.140921408644612
4,68,15.543713368411776
4,69,13.452813478073317
4,70,9.863407274743343
4,71,10.100507175431558
4,72,9.687653870624667
4,73,11.464179392460576
4,74,14.164537381571998
4,75,17.642139810587448
4,76,19.430390040124273
4,77,23.125133167515717
4,78,26.155821066532514
4,79,24.26193099557404
4,80,26.802387755049345
4,81,27.055719109441963
4,82,25.962299474908846
4,83,22.573456903654186
4,84,21.696851496614546
4,85,19.253980023473886
4,86,15.75339718045443
4,87,13.079423545855478
4,88,9.876227861362658
4,89,7.290108969936056
4,90,7.276127142850752
4,91,7.188285656100096
4,92,10.792208090855144
4,93,12.695560754227493
4,94,16.330532747128345
4,95,19.0304203483892
4,96,22.768944877529087
4,97,23.34211039311442
4,98,20.019170484329933
4,99,16.320994238475528
4,100,15.171098864826927
4,101,12.10026048193558
4,102,9.869295200871042
4,103,6.737366873513946
4,104,6.258941461625046
4,105,4.902107418921909
4,106,8.172738586438962
4,107,10.07903101296197
4,108,12.28666220043834
4,109,15.9934754003312
4,110,18.107889345010044
4,111,21.826722073698637
4,112,24.758725288759184
4,113,27.627538172027954
4,114,30.5166950151634
4,115,31.628447219172358
4,116,33.534344875239356
5,1,12.228230711461343
5,2,9.762045053753145
5,3,6.198008252073043
5,4,3.819310805329968
5,6,3.826494286808899
5,7,5.722913997512534
5,8,8.933577090702743
5,9,10.412768531133477
5,10,13.41259846799554
5,11,14.971578841159523
5,12,18.773832803914168
5,13,20.456884479784673
5,14,24.18212301512884
5,15,25.811884030684567
5,16,26.729567779150006
5,17,24.18179375305292
5,18,21.06839214067443
5,19,17.569896568113492
5,20,14.458464768671645
5,21,11.267527250395075
5,22,8.545490752983781
5,23,5.952023748828238
5,24,5.734387283594887
5,25,6.806084769744704
5,26,7.808283261341656
5,27,10.991048917782642
5,28,13.384871929404165
5,29,14.799222658088937
5,30,15.592548456885146
5,31,16.86404056638905
5,32,16.31404727167133
5,33,15.233122406920463
5,34,12.289864753589653
5,35,13.327649048133011
5,36,12.889586743612607
5,37,14.7479071578794
5,38,16.340107227996203
5,39,16.80494484363076
5,40,16.422119035726716
5,41,19.47397330233186
5,42,22.137606030288048
5,43,22.599394242177663
5,44,19.082823655721832
5,45,19.99775873156183
5,46,18.649180201621622
5,47,17.74721107254565
5,48,16.922880956460443
5,49,17.386175350010664
5,50,17.72095028937944
5,51,20.716828518673708
5,52,22.574210716113534
5,53,24.80951156158737
5,54,24.69689829717707
5,55,22.975694815495796
5,56,25.358393834144376
5,57,23.28036216415595
5,58,20.045350238751386
5,59,19.94871020191631
5,60,16.92604733510688
5,61,15.84267231603661
5,62,16.253819239899723
5,63,18.995285487354366
5,64,17.688265495540573
5,65,21.043314119654017
5,66,20.461239141086246
5,67,19.935127189638397
5,68,17.09047744938028
5,69,14.7547220903612
5,70,11.018908210126352
5,71,10.350546282618122
5,72,10.376936018633804
5,73,10.974143606870733
5,74,13.85728171654048
5,75,16.868557140979153
5,76,18.769548305856144
5,77,22.301271698063818
5,78,25.169559482617508
5,79,23.058731066023444
5,80,25.650116077118756
5,81,25.638095973380892
5,82,25.00230433001596
5,83,21.650527578826562
5,84,20.34970108480638
5,85,18.193298572534108
5,86,14.728867622897933
5,87,12.528338950212529
5,88,10.072453645827995
5,89,8.292517765870164
5,90,9.75634740101364
5,91,10.640051976082939
5,92,14.350187180546817
5,93,16.483035622626584
5,94,20.11120720529339
5,95,22.788069991994075
5,96,26.495831982036098
5,97,26.898570815089037
5,98,23.62253346793216
5,99,19.88707740223221
5,100,18.66091490750777
5,101,15.374745889970674
5,102,13.39424596921943
5,103,9.904917148148982
5,104,8.309842554737047
5,105,5.231796386607025
5,106,7.1322401026537126
5,107,8.74837386461777
5,108,10.264299017210032
5,109,13.996655506680316
5,110,16.192750512455603
5,111,19.701411762222072
5,112,22.708094378923754
5,113,25.242655883076417
5,114,28.33656493849511
5,115,29.188764130810952
5,116,31.12132474892573
6,1,15.940923135861604
6,2,13.267826957587998
6,3,9.842686065859263
6,4,6.662507166309225
6,5,3.826494286808899
6,7,3.8245799403458554
6,8,5.705907994377103
6,9,7.341725986144601
6,10,9.871896804824804
6,11,11.225103828077925
6,12,15.025550167798604
6,13,16.68874811027541
6,14,20.41963239253054
6,15,22.048357105008936
6,16,23.112795408880462
6,17,20.641020772443582
6,18,17.706790469889995
6,19,14.082686361630369
6,20,11.251753235023275
6,21,7.948076598090692
6,22,5.83300420961469
6,23,4.652785331712477
6,24,6.722322468278042
6,25,9.21950966518992
6,26,11.036245736884682
6,27,14.164260703582011
6,28,16.101334239675033
6,29,17.798044313251594
6,30,18.397740527024737
6,31,19.142437457955275
6,32,17.958656226450785
6,33,16.105644855346583
6,34,12.629324962221249
6,35,12.770375459583553
6,36,11.29186962592114
6,37,12.883475101531214
6,38,13.872205311725708
6,39,14.65096913913125
6,40,15.07038479270659
6,41,18.514958786482477
6,42,21.15375403640458
6,43,20.990645452151313
6,44,17.40737171567825
6,45,18.073090442370177
6,46,17.0044692785633
6,47,15.6058595026667
6,48,15.295516286773259
6,49,16.570897740016385
6,50,17.4487961087151
6,51,20.701430941014735
6,52,22.00920499466895
6,53,23.73404063599522
6,54,23.241169154681433
6,55,21.030967176899285
6,56,23.048017220164688
6,57,20.590492186300263
6,58,17.62065621713904
6,59,17.844910843383417
6,60,15.272212252405344
6,61,14.215273238836383
6,62,15.498309775458006
6,63,18.604202397422007
6,64,17.747630885320472
6,65,21.3860114927332
6,66,21.151397164127754
6,67,21.28260485095241
6,68,18.800528065593248
6,69,15.893846884222233
6,70,12.4568212323625
6,71,10.603743181118572
6,72,9.886809729514715
6,73,9.216510426129847
6,74,11.544802143818538
6,75,14.063680511085478
6,76,15.684012593486138
6,77,19.13728168594621
6,78,21.78458747166852
6,79,19.4950557562582
6,80,22.04074463890769
6,81,21.94591843915501
6,82,21.518168720666015
6,83,18.17618750343754
6,84,16.780435720906954
6,85,14.91970958597213
6,86,11.699022463386283
6,87,9.636513085045305
6,88,8.128928713377347
6,89,7.180817305512077
6,90,9.980714661854377
6,91,11.959311683007853
6,92,15.66866884757599
6,93,18.41661355358717
6,94,21.982848823195905
6,95,24.513477714299224
6,96,28.04288983469579
6,97,27.989642142124442
6,98,24.81720635104125
6,99,21.05316854212311
6,100,19.93548295103131
6,101,16.542295239276395
6,102,15.34698022706836
6,103,11.831620143300862
6,104,9.143410900599074
6,105,5.52586192314193
6,106,6.481299565247435
6,107,6.337438555756779
6,108,6.764783142149109
6,109,10.525514584469107
6,110,12.462681263569714
6,111,15.93840360492423
6,112,18.892315747675713
6,113,21.431336583068198
6,114,24.510796558634503
6,115,25.411648155319934
6,116,27.426042028990956
7,1,17.562073568340757
7,2,15.311157403817312
7,3,11.756291708036652
7,4,9.431620099205642
7,5,5.722913997512534
7,6,3.8245799403458554
7,8,3.893573014816959
7,9,6.562291589703171
7,10,9.089505433681268
7,11,10.521377965973283
7,12,14.193538021820867
7,13,16.31052389777252
7,14,20.1112061912713
7,15,22.324696767761292
7,16,23.66038392341798
7,17,20.909734391530403
7,18,18.285314837168617
7,19,14.718139674600673
7,20,11.995231343975142
7,21,9.471542370602238
7,22,7.040154960073675
7,23,7.242478813212755
7,24,8.523978939330494
7,25,11.308850670781029
7,26,12.179259486612816
7,27,15.795008805002901
7,28,18.28289213214592
7,29,20.200710859446005
7,30,21.1640350883142
7,31,22.11062543101859
7,32,21.299742655983582
7,33,19.59739122004082
7,34,16.203005954578977
7,35,16.501404067827792
7,36,14.854698296997261
7,37,16.316179591063538
7,38,16.803673313103545
7,39,17.421736258291364
7,40,18.037229507874333
7,41,21.586434684685745
7,42,24.44456437946278
7,43,24.12800254968056
7,44,20.645150555776056
7,45,21.362934465683722
7,46,20.495926684013526
7,47,18.81314055113886
7,48,18.6039619038983
7,49,20.085226091874492
7,50,20.775386645951215
7,51,24.168082057816157
7,52,25.519351821827765
7,53,27.06070157940498
7,54,26.261778287957455
7,55,23.90668874494395
7,56,25.537885136183274
7,57,22.789912487612238
7,58,19.930444368657284
7,59,19.85637244178857
7,60,17.337705222831616
7,61,15.54844106423192
7,62,16.89571680771935
7,63,20.32357397399575
7,64,20.02670290162897
7,65,23.634985546768153
7,66,22.92745677121579
7,67,23.09774909243699
7,68,20.30449346191999
7,69,17.59325477500318
7,70,14.170767257666906
7,71,12.24399087585147
7,72,12.419094295266301
7,73,11.181186600703876
7,74,13.689186179665262
7,75,15.607439882719992
7,76,17.453258594706206
7,77,20.51722754770551
7,78,22.98625372374719
7,79,20.634699995670573
7,80,23.22477065123052
7,81,22.873541433157026
7,82,23.009018609061172
7,83,19.824395983211772
7,84,18.029049479885447
7,85,16.60463698720833
7,86,13.649755944641429
7,87,12.330568758044373
7,88,11.51004082108108
7,89,10.970156349524837
7,90,13.774393315724064
7,91,15.552737700214355
7,92,19.302049448802755
7,93,21.832685021728263
7,94,25.412195404860434
7,95,28.04780129035281
7,96,31.648377195500068
7,97,31.71973860600962
7,98,28.51659372285372
7,99,24.748735378294395
7,100,23.57782700318192
7,101,20.148034072403416
7,102,18.6783391159008
7,103,15.047912794824882
7,104,12.53312547426698
7,105,8.81486936461109
7,106,8.658422664232646
7,107,8.651671766578648
7,108,8.137265498563181
7,109,11.335537836696993
7,110,13.220166283746673
7,111,16.15312838002588
7,112,19.063888773222367
7,113,21.015773671191063
7,114,24.310909014470358
7,115,24.748549504243595
7,116,26.68260721222274
8,1,21.06520141036223
8,2,18.68205823613591
8,3,15.110178958938564
8,4,12.291324218896497
8,5,8.933577090702743
8,6,5.705907994377103
8,7,3.893573014816959
8,9,3.8278319762090525
8,10,5.310929527383267
8,11,6.772416653290427
8,12,10.404700554899394
8,13,12.811898750476663
8,14,16.63059416353045
8,15,18.90190030037386
8,16,20.58525911396208
8,17,18.02858335293726
8,18,15.847385897408488
8,19,12.207230669236912
8,20,10.256864659984007
8,21,8.059685554377033
8,22,7.149137026052824
8,23,8.81006708901525
8,24,11.237228475147298
8,25,14.386896784401104
8,26,15.78996945510059
8,27,19.261991510660934
8,28,21.40845003173637
8,29,23.354765412698658
8,30,24.079705721312976
8,31,24.733061644305085
8,32,23.43361295369479
8,33,21.243435676566573
8,34,17.58527481018807
8,35,17.107653313977732
8,36,14.680951995168842
8,37,15.581868396678722
8,38,15.256059053046572
8,39,15.958934332031733
8,40,17.278547520946827
8,41,21.015097867811587
8,42,23.83223594018024
8,43,22.960594553287006
8,44,19.61606414815016
8,45,20.19918154820304
8,46,19.78824459564599
8,47,17.805122641903218
8,48,18.243011491028344
8,49,20.39217874139637
8,50,21.61272457111662
8,51,25.06007798256728
8,52,25.86600128036107
8,53,26.935282799731283
8,54,25.860532208186335
8,55,23.060000510898945
8,56,24.272175788919395
8,57,21.162783311852575
8,58,18.785429660426132
8,59,19.155880462608604
8,60,17.28564350462561
8,61,15.684614212462808
8,62,17.821725571458057
8,63,21.397853652183393
8,64,21.41382319595204
8,65,25.15757140355698
8,66,24.82170022829199
8,67,25.468814869230695
8,68,23.019645457421014
8,69,19.955751111212514
8,70,16.82046998865163
8,71,14.261274254439309
8,72,13.758524013266543
8,73,11.601838173204088
8,74,13.175171285475313
8,75,14.26807268311395
8,76,15.544297828670835
8,77,18.349967721860633
8,78,20.35889093931459
8,79,17.712201869313684
8,80,20.069364903989097
8,81,19.43088261598429
8,82,19.855320847678747
8,83,16.87930037579554
8,84,14.796265873912063
8,85,13.7944346392373
8,86,11.351822913119221
8,87,10.735452370606017
8,88,11.133041940695263
8,89,11.607841429124885
8,90,14.959136175608275
8,91,17.43395075575628
8,92,21.050112884756675
8,93,24.000173342441226
8,94,27.540016094499887
8,95,29.96264794345967
8,96,33.392779080200405
8,97,33.05049882741568
8,98,30.010489386499014
8,99,26.27946567151875
8,100,25.10167364013525
8,101,21.613328448229687
8,102,20.741942293572244
8,103,17.128279756552715
8,104,14.007339274940115
8,105,10.377495954052257
8,106,9.403408648448197
8,107,7.922128451184541
8,108,5.8516912478457
8,109,8.25240758802241
8,110,9.832249450092114
8,111,12.442236960285957
8,112,15.368755564824081
8,113,17.1926293152377
8,114,20.57119520834336
8,115,21.09750688318267
8,116,23.24779741261965
9,1,22.035466831316924
9,2,19.923952668616995
9,3,16.208961952541216
9,4,13.403237897051103
9,5,10.412768531133477
9,6,7.341725986144601
9,7,6.562291589703171
9,8,3.8278319762090525
9,10,3.8035327323654706
9,11,7.126619167071573
9,12,10.3469978276549
9,13,13.319705726866484
9,14,17.025751362749276
9,15,18.953353242194723
9,16,21.127999754460944
9,17,19.13774454864873
9,18,17.37255057347014
9,19,13.665344548067846
9,20,12.470977142118807
9,21,9.927662927872348
9,22,10.010227784460595
9,23,11.16541451417157
9,24,13.84831548259858
9,25,16.548841202011506
9,26,17.999714340818034
9,27,21.322255140998216
9,28,23.40634947119648
9,29,24.87205280224874
9,30,25.222135328283603
9,31,26.092061281381095
9,32,24.533829892347047
9,33,22.36297678627626
9,34,18.673565512722377
9,35,17.6052940262395
9,36,14.901569046603502
9,37,14.859422518440747
9,38,13.850689029537223
9,39,13.767320095452828
9,40,15.015833076976115
9,41,18.719062597153165
9,42,21.794140220124564
9,43,20.900003992411424
9,44,17.881655701389548
9,45,19.006532161573375
9,46,19.28157827295634
9,47,17.77152584553391
9,48,18.897279639876874
9,49,21.191208166020033
9,50,22.968655605344203
9,51,26.16236891418063
9,52,26.64394163162625
9,53,27.728313045435137
9,54,26.92647357032513
9,55,23.9404502792859
9,56,25.243004363303193
9,57,22.089470648269344
9,58,20.10610561110381
9,59,21.121411811695836
9,60,19.586864969236238
9,61,18.5436693474199
9,62,20.853319504845583
9,63,24.27668221390898
9,64,23.954817661957282
9,65,27.724377891958664
9,66,27.715157915839637
9,67,28.26372295139277
9,68,25.891366596248865
9,69,22.815112638118
9,70,19.564880834426887
9,71,17.186111203304193
9,72,16.12706965531381
9,73,14.170712017129532
9,74,15.175902073933953
9,75,16.167491371728453
9,76,16.63686068421417
9,77,19.51617863536826
9,78,21.041296276382
9,79,17.92531123277376
9,80,19.63327115490019
9,81,18.358938536492637
9,82,18.44203920828114
9,83,15.906419740065493
9,84,13.217511558514785
9,85,11.68399329299989
9,86,9.073519478740074
9,87,9.612056222611248
9,88,10.309049471662084
9,89,11.951809942308257
9,90,15.040063120585287
9,91,17.99762154361453
9,92,21.354277127318316
9,93,24.48190803204724
9,94,28.109790106209974
9,95,30.12274561924699
9,96,33.45653965853101
9,97,32.80529460281694
9,98,30.033909004935886
9,99,26.39844896831694
9,100,24.795704169017476
9,101,21.160225873296184
9,102,20.612517401920098
9,103,16.948772508394484
9,104,13.49186455296941
9,105,10.20166536129372
9,106,7.982250184143743
9,107,6.197755348547292
9,108,4.468510475991721
9,109,5.84508702745218
9,110,8.599330134716231
9,111,11.074532045961043
9,112,14.571108301310261
9,113,16.46744332758701
9,114,20.03936051358074
9,115,21.11097134270839
9,116,23.779298825892273
10,1,25.380142597088014
10,2,22.996424029394124
10,3,19.404612219868582
10,4,16.290830757417606
10,5,13.41259846799554
10,6,9.871896804824804
10,7,9.089505433681268
10,8,5.310929527383267
10,9,3.8035327323654706
10,11,3.809354163828341
10,12,6.601524499072566
10,13,9.758375648389565
10,14,13.374697908547924
10,15,15.413606993521338
10,16,17.82330436951626
10,17,15.969752400186971
10,18,14.716213434718917
10,19,11.23254887371662
10,20,10.95998697092404
10,21,9.325831065610219
10,22,10.497317085306044
10,23,12.67028387180494
10,24,15.788258789488241
10,25,18.90471614999426
10,26,20.711561092851618
10,27,23.98707835535473
10,28,25.801220869698817
10,29,27.545535093154555
10,30,27.890609807282768
10,31,28.359063990755626
10,32,26.518253641160868
10,33,23.935992305161644
10,34,20.148638819139986
10,35,18.701415997176227
10,36,15.524898617649889
10,37,15.317228440114807
10,38,13.713087278282524
10,39,14.146089015579754
10,40,16.247151928120243
10,41,19.983781502640955
10,42,22.72984187194365
10,43,21.205391888429848
10,44,18.311012647353085
10,45,18.931566830900813
10,46,19.388664156768318
10,47,17.386055240795418
10,48,18.85350404125431
10,49,21.666490792327572
10,50,23.634454635349567
10,51,26.914846225004148
10,52,26.99114958003082
10,53,27.544046664794685
10,54,26.3408623646987
10,55,23.04709134039768
10,56,23.80157115892039
10,57,20.362650961594426
10,58,18.857962576818203
10,59,20.048739809606552
10,60,19.115233229689075
10,61,18.101996316497836
10,62,20.936632798667297
10,63,24.433731162225474
10,64,24.549919322557457
10,65,28.344673818480842
10,66,28.52938912875149
10,67,29.543217279353513
10,68,27.467139604492413
10,69,24.14103973007054
10,70,21.241083896733404
10,71,18.361306877196252
10,72,17.071414958595764
10,73,14.421622299537187
10,74,14.680672038550608
10,75,14.75612645407572
10,76,14.799612907490538
10,77,17.17506325501836
10,78,18.24493874884563
10,79,15.020862772582005
10,80,16.602250087530425
10,81,15.203445568850588
10,82,15.843765648309441
10,83,13.490359188235995
10,84,10.698104388019326
10,85,10.176509382330387
10,86,8.757700290907257
10,87,9.78059039764378
10,88,11.717769569396424
10,89,13.594651171692457
10,90,17.06163181717539
10,91,20.23202583891465
10,92,23.49748983283847
10,93,26.844957378231218
10,94,30.319792377777137
10,95,32.32355209006506
10,96,35.49157882512501
10,97,34.596115370860744
10,98,31.886576464113844
10,99,28.30489971753083
10,100,26.975100018131958
10,101,23.47098068612477
10,102,23.330730116643757
10,103,19.84060879966257
10,104,16.225451180298318
10,105,13.10652407151661
10,106,11.228248468715034
10,107,8.492206421660766
10,108,5.234390019224426
10,109,4.608657082503801
10,110,5.920712662901298
10,111,7.687557647270616
10,112,10.992671309267722
10,113,12.702217835796574
10,114,16.289728785308835
10,115,17.316992202900664
10,116,20.056060084763192
11,1,27.160492276135514
11,2,24.43083276069251
11,3,21.066943174070957
11,4,17.728596384257862
11,5,14.971578841159523
11,6,11.225103828077925
11,7,10.521377965973283
11,8,6.772416653290427
11,9,7.126619167071573
11,10,3.809354163828341
11,12,3.802932558794444
11,13,6.271253884631768
11,14,10.045635344244683
11,15,12.374203123037528
11,16,14.52008877359276
11,17,12.35531642635176
11,18,11.202297962985194
11,19,7.9500735489697005
11,20,8.262841702075683
11,21,7.8929427136820545
11,22,9.71268182350944
11,23,12.736712747052628
11,24,16.000450091378653
11,25,19.480087838368277
11,26,21.591384656814753
11,27,24.766780028815436
11,28,26.293126880853652
11,29,28.4336844689344
11,30,28.909024570652463
11,31,28.922122778163754
11,32,26.968631355720525
11,33,24.07066888065796
11,34,20.295327558333753
11,35,18.85765747460385
11,36,15.553922048282455
11,37,15.776304592794059
11,38,14.279225041683727
11,39,15.60009273026955
11,40,18.211320343882488
11,41,21.936225741876463
11,42,24.24222918296882
11,43,22.336929131398314
11,44,19.341626541166132
11,45,19.21980501490176
11,46,19.33951381081556
11,47,16.712889513670294
11,48,18.005711809196665
11,49,21.098219326539347
11,50,22.906451148593437
11,51,26.32961459817164
11,52,26.244154780869938
11,53,26.356678714260973
11,54,24.693669980424488
11,55,21.297865536343135
11,56,21.551457354425388
11,57,17.944218504995877
11,58,16.625929323799795
11,59,17.613753316365123
11,60,17.080769249924405
11,61,15.923142599676083
11,62,19.105467750665337
11,63,22.63248558176086
11,64,23.24656673050353
11,65,26.98916846685064
11,66,27.239282861321286
11,67,28.689791432971504
11,68,26.90992035754695
11,69,23.41657478497596
11,70,20.953860841982852
11,71,17.658554288561753
11,72,16.362574301788225
11,73,13.142647831036049
11,74,12.900823177195505
11,75,12.157669136064772
11,76,12.260807056214126
11,77,14.130381973351987
11,78,15.166920325693454
11,79,12.219453013894777
11,80,14.255560333896995
11,81,13.418305186146203
11,82,14.696198687030439
11,83,12.118320536473343
11,84,10.016924409842709
11,85,10.69643961755663
11,86,10.223625290357864
11,87,10.59282870122248
11,88,13.035855188661477
11,89,14.425004624234328
11,90,18.183027696712323
11,91,21.232128197984505
11,92,24.49078848063365
11,93,27.895032103619837
11,94,31.164884174781957
11,95,33.351392449487584
11,96,36.41318811739225
11,97,35.49588559347856
11,98,32.70461882934586
11,99,29.14542149536038
11,100,28.273581866969035
11,101,24.983541005854754
11,102,25.00537265257622
11,103,21.71426366356476
11,104,18.174766651292586
11,105,15.090035342065486
11,106,13.976339639406545
11,107,10.899225098224715
11,108,7.115755500762223
11,109,6.530086245594072
11,110,5.356080263146092
11,111,6.567695964117449
11,112,8.835160324309278
11,113,10.517452756482566
11,114,13.808335217945087
11,115,14.446036479998964
11,116,16.825717557839972
12,1,30.961056888084936
12,2,28.21560619148276
12,3,24.866359982653943
12,4,21.499622590057115
12,5,18.773832803914168
12,6,15.025550167798604
12,7,14.193538021820867
12,8,10.404700554899394
12,9,10.3469978276549
12,10,6.601524499072566
12,11,3.802932558794444
12,13,3.8633827388168234
12,14,7.08214682376051
12,15,9.769314000266702
12,16,12.49244214881271
12,17,10.758828337044434
12,18,10.841224566269718
12,19,8.567290080729403
12,20,10.24390807550413
12,21,10.869961131745143
12,22,13.105128868825332
12,23,16.325118994690417
12,24,19.61286958187515
12,25,23.155602122178944
12,26,25.312946649743196
12,27,28.4700488819149
12,28,29.900913203896845
12,29,32.107055024783975
12,30,32.54456939597784
12,31,32.40583840643074
12,32,30.300093004018315
12,33,27.22774024304793
12,34,23.483901084281953
12,35,21.777359353263844
12,36,18.285632945639907
12,37,18.166487586827863
12,38,16.149590155963153
12,39,17.494422991579466
12,40,20.491438748391268
12,41,24.080903779481773
12,42,26.18922588178876
12,43,23.862603548636546
12,44,21.21091563230744
12,45,20.865331847049852
12,46,21.320573077626946
12,47,18.547916951074072
12,48,20.19177688975599
12,49,23.57004389322541
12,50,25.542786583457406
12,51,28.896698259459477
12,52,28.447315504728678
12,53,28.108241087134104
12,54,26.170645570954626
12,55,22.570998943197598
12,56,22.224882757850295
12,57,18.449675240918527
12,58,17.847840273054942
12,59,19.023582984468096
12,60,19.148691897012203
12,61,18.091204251274647
12,62,21.536717221120107
12,63,24.988243147970095
12,64,25.92319678611242
12,65,29.583749901355084
12,66,29.965048737115527
12,67,31.699079565768383
12,68,30.11440746475489
12,69,26.557625115430213
12,70,24.336734287052074
12,71,20.888680677944198
12,72,19.524900286245284
12,73,16.083324394361064
12,74,15.26400990130347
12,75,13.646019231450342
12,76,13.128932947741728
12,77,14.057853592109026
12,78,14.183632647030947
12,79,11.196534046900947
12,80,12.687963197482421
12,81,11.472668959459533
12,82,13.605836424790175
12,83,11.751643505697045
12,84,9.647051834746208
12,85,11.477098691456039
12,86,12.167322454847394
12,87,13.161667503947648
12,88,16.114411134729444
12,89,17.77566610834638
12,90,21.52060457398616
12,91,24.68628272878085
12,92,27.80541356602635
12,93,31.307451017909482
12,94,34.48361673253763
12,95,36.56617689502381
12,96,39.4851186189128
12,97,38.35432111538081
12,98,35.69365165978655
12,99,32.230624370964726
12,100,31.425784206945217
12,101,28.209438075523693
12,102,28.481493469136893
12,103,25.270091501989512
12,104,21.651482280624865
12,105,18.71760730514457
12,106,17.417584856075027
12,107,14.18249935704113
12,108,10.409360703431812
12,109,8.677064055171375
12,110,6.425992254937081
12,111,5.224230511907465
12,112,6.244287152884972
12,113,6.971154517051738
12,114,10.35777497360562
12,115,10.825618600870571
12,116,13.457391480798606
13,1,32.49112974548828
13,2,29.45689103338872
13,3,26.386279865979926
13,4,22.837937342064084
13,5,20.456884479784673
13,6,16.68874811027541
13,7,16.31052389777252
13,8,12.811898750476663
13,9,13.319705726866484
13,10,9.758375648389565
13,11,6.271253884631768
13,12,3.8633827388168234
13,14,3.822525608733386
13,15,6.587690662397179
13,16,8.814532292928824
13,17,6.909090649733812
13,18,7.491612872407136
13,19,6.261816688568439
13,20,9.037086457240562
13,21,10.783627250880313
13,22,13.521489773203426
13,23,16.958898833209457
13,24,20.298473424527693
13,25,23.905124771709794
13,26,26.40178013407202
13,27,29.297573334438045
13,28,30.321904253655926
13,29,32.73838498959347
13,30,33.16586161653605
13,31,32.58397807012749
13,32,30.302995680840926
13,33,26.976575123523656
13,34,23.37383903605716
13,35,21.59348306224498
13,36,18.120867384166512
13,37,18.25749069387312
13,38,16.423942448294625
13,39,18.462144071665143
13,40,21.76138391593203
13,41,25.22351418218068
13,42,26.849059259790554
13,43,24.241369250326052
13,44,21.591833784186218
13,45,20.569276943755025
13,46,20.735530273017307
13,47,17.563352358164483
13,48,19.075394644189675
13,49,22.612293520086077
13,50,24.498238901491202
13,51,27.810194617693444
13,52,27.10638852517742
13,53,26.306938057947963
13,54,24.007417407455392
13,55,20.379628541235995
13,56,19.505011234497545
13,57,15.693638658774349
13,58,15.515200906910415
13,59,16.648090341937916
13,60,17.389875279773992
13,61,16.559679475998287
13,62,20.232246709850077
13,63,23.458265487748744
13,64,24.71381879413877
13,65,28.211966766076895
13,66,28.830505137786187
13,67,30.950905377733168
13,68,29.784801721523806
13,69,26.121460725980196
13,70,24.38645352836652
13,71,20.730957151899695
13,72,19.18484474692532
13,73,15.541076095019818
13,74,14.034685875021777
13,75,11.58412662685677
13,76,10.768628348420767
13,77,10.864948530036337
13,78,10.71544142767414
13,79,8.185701002915662
13,80,10.138410366597371
13,81,9.908736841009027
13,82,12.498422834277587
13,83,10.528737505165829
13,84,9.663024183130805
13,85,12.298643462307606
13,86,13.602552039469685
13,87,13.992953857838422
13,88,17.15525371281583
13,89,18.468027207272183
13,90,22.236667321761768
13,91,25.27952592823753
13,92,28.2266755757758
13,93,31.759440535776427
13,94,34.671000478806725
13,95,36.80614306874582
13,96,39.53718405778435
13,97,38.32594411040859
13,98,35.67990239951213
13,99,32.3314833194131
13,100,31.942675528432247
13,101,28.997933608894964
13,102,29.520859459971224
13,103,26.593288883312624
13,104,23.079604529509542
13,105,20.369072660870263
13,106,19.650655654460053
13,107,16.189151967289185
13,108,12.386146668997833
13,109,10.937451531617144
13,110,7.683525631179942
13,111,6.421511401486093
13,112,5.3006630381915985
13,113,6.35226982703024
13,114,8.566239211238507
13,115,8.82360121634021
13,116,10.896999421071984
14,1,36.12968129703313
14,2,33.01082285418955
14,3,30.037884024277545
14,4,26.43276233382019
14,5,24.18212301512884
14,6,20.41963239253054
14,7,20.1112061912713
14,8,16.63059416353045
14,9,17.025751362749276
14,10,13.374697908547924
14,11,10.045635344244683
14,12,7.08214682376051
14,13,3.822525608733386
14,15,3.815556416198894
14,16,6.311272811140699
14,17,5.442278763241335
14,18,7.939306117778477
14,19,8.455664175107591
14,20,11.816471752272331
14,21,14.040615485687278
14,22,16.943682931597227
14,23,20.396424252237722
14,24,23.724095313078053
14,25,27.322913421196052
14,26,29.936008828002343
14,27,32.71646564881717
14,28,33.53933145146432
14,29,36.02283659177352
14,30,36.39963953789195
14,31,35.58537578345266
14,32,33.15449816456943
14,33,29.676371103452215
14,34,26.20086823624612
14,35,24.24576924371644
14,36,20.76124662295531
14,37,20.731738560969184
14,38,18.70236457941914
14,39,20.87133067555581
14,40,24.40000010850884
14,41,27.66217489402263
14,42,28.960968430718424
14,43,26.028040224415673
14,44,23.691091076299784
14,45,22.329261215860647
14,46,22.635754142869988
14,47,19.384646260558263
14,48,21.04724064653299
14,49,24.707729027349004
14,50,26.652505768242538
14,51,29.811448590985265
14,52,28.75569707617805
14,53,27.471139295520572
14,54,24.90641010206126
14,55,21.240740876811156
14,56,19.70495961030755
14,57,15.96904779545038
14,58,16.603349191435615
14,59,17.836510110329755
14,60,19.25737493663294
14,61,18.67019914549842
14,62,22.42486370994975
14,63,25.397935248575386
14,64,26.91511014341856
14,65,30.223614401611893
14,66,31.033737772203054
14,67,33.438300088403714
14,68,32.56632733523662
14,69,28.87716937771898
14,70,27.459976267111603
14,71,23.732674729975265
14,72,22.098213053794623
14,73,18.426460786661554
14,74,16.454965958242525
14,75,13.410867668899074
14,76,12.06403660367924
14,77,10.936549147125842
14,78,9.602264892369693
14,79,7.738430579793514
14,80,8.957694939259566
14,81,9.015791592565945
14,82,12.367669543447898
14,83,11.24444429443443
14,84,11.069598322214196
14,85,14.380084035469311
14,86,16.39469570905259
14,87,16.948115035958047
14,88,20.320118772650815
14,89,21.689523967508
14,90,25.380205409744796
14,91,28.43153718833693
14,92,31.193190804666465
14,93,34.770928127990786
14,94,37.509074215946974
14,95,39.55714513515999
14,96,42.096588884530036
14,97,40.704876656969766
14,98,38.19024733017323
14,99,34.98646011601304
14,100,34.77384909472318
14,101,31.992883238742298
14,102,32.76141943884997
14,103,29.991613922367797
14,104,26.48082249216368
14,105,23.945110980483932
14,106,23.262781819292147
14,107,19.692337242806087
14,108,15.950551520511235
14,109,14.154929371253024
14,110,10.638530466367406
14,111,8.491252829523674
14,112,5.538266384023574
14,113,5.257448508225443
14,114,5.727565381692116
14,115,5.550145410801443
14,116,7.414702975227485
15,1,37.43377991200501
15,2,34.20770765019402
15,3,31.396929034565204
15,4,27.645524569029142
15,5,25.811884030684567
15,6,22.048357105008936
15,7,22.324696767761292
15,8,18.90190030037386
15,9,18.953353242194723
15,10,15.413606993521338
15,11,12.374203123037528
15,12,9.769314000266702
15,13,6.587690662397179
15,14,3.815556416198894
15,16,3.809676547253012
15,17,5.419013468321539
15,18,8.320376056527696
15,19,9.454318447821818
15,20,13.17107254758684
15,21,15.207061355191517
15,22,18.56475644108659
15,23,21.741985914424472
15,24,25.23834051103501
15,25,28.64391483128509
15,26,31.567704493299257
15,27,34.073882004615086
15,28,34.53503048440138
15,29,36.86347225823895
15,30,36.983011791992034
15,31,35.936871673375734
15,32,33.203152317446154
15,33,29.574271642173056
15,34,26.259122854203984
15,35,23.922489849375406
15,36,20.41656666781227
15,37,20.024357678291757
15,38,17.810987883843193
15,39,20.150264610092627
15,40,23.870992684576013
15,41,26.82179827034853
15,42,27.67059131428045
15,43,24.455097650876226
15,44,22.458564174906808
15,45,20.754951206234065
15,46,21.2743138463217
15,47,18.136275304935243
15,48,20.145062248787497
15,49,23.908398825757306
15,50,26.15135126162587
15,51,29.0036823992509
15,52,27.491639192337466
15,53,25.845178877726923
15,54,23.298219656578393
15,55,19.56560476768653
15,56,17.72786725402687
15,57,14.149600843327145
