1,2,3.8206682681438546
1,3,6.2504149359821914
1,4,9.271290252957847
1,5,12.64856785589743
1,6,13.459023856197126
1,7,10.378752243706227
1,8,10.904938224877155
1,9,14.610799038659815
1,10,15.153918116491075
1,11,13.131506390256245
1,12,15.224724125233257
1,13,16.566466670801827
1,14,15.047843255412696
1,15,11.404307872070161
1,16,12.072046574664194
1,17,14.049391718136379
1,18,11.28853352721874
1,19,10.148918215153728
1,20,13.76750437196332
1,21,13.977346460032871
1,22,12.065005426583237
1,23,15.121425922581878
1,24,17.438124113999926
1,25,17.291879429859737
1,26,18.29358866504563
1,27,21.055033970086775
1,28,23.61089468604477
1,29,22.795332622472184
1,30,20.826036376451018
1,31,17.84206632637688
1,32,44.472454913857966
1,33,43.01994088500726
1,34,41.442313582651565
1,35,37.86620743351628
1,36,38.82163975479644
1,37,39.679128646554034
1,38,36.92149327769978
1,39,34.30454621627198
1,40,36.01084320727359
1,41,36.02971811522775
1,42,32.2451879060504
1,43,31.693004205376504
1,44,33.83713863860504
1,45,32.271970775629974
1,46,28.771808714871707
1,47,30.22298385125391
1,48,32.27383494748921
1,49,29.498901601235715
1,50,27.324397468065044
1,51,30.19321289666928
1,52,30.991487117927203
1,53,27.687307142282314
1,54,28.25962906947137
1,55,31.847852693979036
1,56,30.91322777893053
1,57,28.549381138489636
1,58,31.454408655467994
1,59,34.0800435208819
1,60,31.871074440486552
1,61,31.411483666741976
1,62,27.6965973839159
1,63,27.886406243221803
1,64,24.96429217838991
1,65,23.010824891330014
1,66,19.80655424255317
1,67,20.435386622983174
1,68,24.230797609079534
1,69,26.51447024560093
1,70,29.988526888008177
1,71,33.38863128462824
1,72,33.87943906873692
1,73,34.00714418437932
1,74,32.38084431438349
1,75,35.22329353686616
1,76,34.905552929191764
1,77,36.72437615782728
1,78,33.591707179448385
1,79,31.59067293815723
1,80,32.862518354188204
1,81,29.568954696980356
1,82,28.360424842681734
1,83,25.42040201725283
1,84,23.59193949542853
1,85,24.36620211605726
1,86,22.6951223407643
1,87,19.387525312697846
1,88,18.541359268604825
1,89,20.469148868647977
1,90,20.647454481713094
1,91,18.616765430027545
1,92,19.467900707778032
1,93,21.32524019223401
1,94,23.597935407400136
1,95,24.048371951604384
1,96,25.2883048414618
1,97,27.851543071476605
1,98,29.174931873589973
1,99,29.68184976670409
1,100,31.08648959576606
1,101,34.61617425825884
1,102,34.127143408786935
1,103,31.752674440557012
1,104,34.72474066502102
1,105,36.31694139791731
1,106,33.41589691520932
1,107,33.239014660437064
1,108,36.83774685632256
1,109,36.537580567937894
1,110,33.74614432968599
1,111,36.18714223392206
1,112,39.35881077615995
1,113,37.46313341670403
1,114,36.537085727104234
1,115,40.002937386416654
1,116,41.58190218099918
1,117,39.09385568014341
1,118,39.978827836291366
1,119,43.62664318835141
1,120,43.484911277902036
1,121,41.89056798736032
1,122,44.724402748390766
1,123,47.113421339530305
1,124,45.289878446099785
1,125,45.86170492720835
1,126,49.450666971862596
1,127,50.869958228874175
2,1,3.8206682681438546
2,3,3.806968369256776
2,4,5.738365107988772
2,5,9.186484605620725
2,6,10.68559285455244
2,7,8.068235947411528
2,8,9.614638668665872
2,9,13.012989938409588
2,10,14.391398353655877
2,11,13.066622365548763
2,12,15.515784270163413
2,13,16.41459987303563
2,14,15.5392247801621
2,15,11.952052935447457
2,16,11.37865955414305
2,17,13.451222492275063
2,18,11.040089345815657
2,19,8.683713282787677
2,20,11.830700582660368
2,21,11.541934521354888
2,22,8.993342151376709
2,23,12.04299011403773
2,24,14.470921939937034
2,25,13.969216555020019
2,26,14.672353161273316
2,27,17.61618319277832
2,28,20.067305425196288
2,29,19.088067868765215
2,30,17.03602905613111
2,31,14.027508935929161
2,32,40.653884864929424
2,33,39.22190418598457
2,34,37.682061019603495
2,35,34.09242420960667
2,36,35.00695176032538
2,37,35.88558422002244
2,38,33.16225575614451
2,39,30.504479456911508
2,40,32.22763119967811
2,41,32.31515598409369
2,42,28.53131170948086
2,43,27.96314073960438
2,44,30.209459210961285
2,45,28.72441006259548
2,46,25.215404277264927
2,47,26.769349204188824
2,48,28.952628158757147
2,49,26.285188136327406
2,50,24.151094819490325
2,51,27.167988417440593
2,52,28.124949573244216
2,53,25.013815070045464
2,54,25.639183515787142
2,55,29.294500441410833
2,56,28.640113316971004
2,57,26.473042810222402
2,58,29.34069733344331
2,59,32.10473259040469
2,60,30.215566426212824
2,61,29.897681561823347
2,62,26.113823881132323
2,63,25.939182240043227
2,64,23.067455350746975
2,65,21.47718766002676
2,66,18.247718464350147
2,67,19.50133953494167
2,68,23.280557828423326
2,69,25.96519177806981
2,70,29.27945421338476
2,71,32.82893638860322
2,72,33.21701194252675
2,73,33.7085596213966
2,74,32.099959185186194
2,75,34.8632709257304
2,76,34.79387781607541
2,77,36.315100238869476
2,78,32.96609398057258
2,79,31.30574579880151
2,80,32.99443454320508
2,81,29.93220834724043
2,82,29.13127123285905
2,83,26.221208144369104
2,84,24.810490662710528
2,85,25.275913136463082
2,86,23.125108138843316
2,87,19.97035089303324
2,88,19.659666107952372
2,89,21.25289273355979
2,90,20.737450261131947
2,91,18.130677502048606
2,92,18.39698631603789
2,93,19.94532746989807
2,94,22.6950710603357
2,95,23.18442352522941
2,96,23.870494195421866
2,97,26.51998447293308
2,98,28.250059621384107
2,99,28.55642873497772
2,100,29.557678647210338
2,101,33.14903989144691
2,102,32.82887263909216
2,103,30.185363178867398
2,104,32.932302713963146
2,105,34.829516969465665
2,106,32.07830428307082
2,107,31.534622044795334
2,108,35.171579460165304
2,109,35.22694479770632
2,110,32.37434961895273
2,111,34.54395369909434
2,112,37.89479018702848
2,113,36.304885802400854
2,114,35.18557771593697
2,115,38.495921392265465
2,116,40.37471070896848
2,117,38.05842607963213
2,118,38.72641955913299
2,119,42.36359090935698
2,120,42.544521783377334
2,121,40.947103063181316
2,122,43.569919951629934
2,123,46.176022875192764
2,124,44.59533822567646
2,125,45.01201236132469
2,126,48.51329140924848
2,127,50.15665799966948
3,1,6.2504149359821914
3,2,3.806968369256776
3,4,3.815815530217105
3,5,7.0378343556461465
3,6,7.696622624570047
3,7,4.510692039529944
3,8,6.649821346435892
3,9,9.700601812623384
3,10,11.044039376238134
3,11,10.407485079456626
3,12,13.403993962186762
3,13,14.61911493343213
3,14,14.567307294425168
3,15,10.976860097735504
3,16,9.883494781790922
3,17,12.766581706944018
3,18,11.371810602934605
3,19,8.63851977321169
3,20,11.562804000273108
3,21,12.055215295813074
3,22,8.916956085406696
3,23,10.930202844260286
3,24,14.100930862851374
3,25,14.072153591710249
3,26,13.948608688183297
3,27,16.57591652532128
3,28,19.43714794894077
3,29,18.657992140704675
3,30,16.05932099749187
3,31,12.974483930666398
3,32,39.38539735999979
3,33,37.79835444985918
3,34,35.94615270619862
3,35,32.48658668925271
3,36,33.698683977712136
3,37,34.36656914509726
3,38,31.39259225364526
3,39,29.053828391572964
3,40,30.974575523639235
3,41,30.714909666411145
3,42,26.905859633327818
3,43,26.81898244694424
3,44,29.010733846305087
3,45,27.147076590305723
3,46,23.86890674672807
3,47,25.831960752803127
3,48,27.719650165267073
3,49,24.79172213281547
3,50,23.134426136697595
3,51,26.389847567979587
3,52,26.954098783518866
3,53,23.92192165507298
3,54,25.096901626958438
3,55,28.61318755995337
3,56,27.75081290378641
3,57,26.001692819546506
3,58,29.13872474152431
3,59,31.656193760657146
3,60,29.779422289577305
3,61,29.94384233892919
3,62,26.166557077975416
3,63,26.179721841878827
3,64,23.713212595371008
3,65,21.964237691703104
3,66,18.450943790915364
3,67,19.622174830513345
3,68,23.319254593974172
3,69,25.94610699092871
3,70,29.009686083745613
3,71,32.4672834731097
3,72,32.41706442749533
3,73,32.813502636109256
3,74,30.865027121149218
3,75,33.33063170365992
3,76,33.066208268067356
3,77,34.29618263171543
3,78,30.89869999120494
3,79,29.209363523642672
3,80,31.03935321767674
3,81,28.032208657507194
3,82,27.621917127161236
3,83,25.035632612159965
3,84,23.630218130077417
3,85,23.543182560918677
3,86,21.328212219443092
3,87,18.57353455574463
3,88,18.1868284082792
3,89,19.166936625941847
3,90,18.292560595718047
3,91,15.416575955220361
3,92,15.840127730997196
3,93,16.892773119231745
3,94,19.696141571379123
3,95,20.6131497916784
3,96,21.218775765543224
3,97,23.57482017206375
3,98,25.52140391025631
3,99,26.11999499677825
3,100,26.906983115244973
3,101,30.597387948706203
3,102,30.621349032766275
3,103,28.096560480178937
3,104,30.93123033051353
3,105,33.01019176682941
3,106,30.526560636082777
3,107,30.082596100736392
3,108,33.81750630855383
3,109,34.07480238633694
3,110,31.489611298336754
3,111,33.72566215912193
3,112,37.157739184218975
3,113,35.77939402279599
3,114,34.919048458887275
3,115,38.20530637983059
3,116,40.13880812054613
3,117,38.10792884132595
3,118,38.96081955190614
3,119,42.47787376818627
3,120,42.80345894325073
3,121,41.50390056251919
3,122,44.11317430606882
3,123,46.7103275177849
3,124,45.35528938960135
3,125,45.96042211381321
3,126,49.34603995943216
3,127,51.19425978189685
4,1,9.271290252957847
4,2,5.738365107988772
4,3,3.815815530217105
4,5,3.7848242186476675
4,6,6.094988792107472
4,7,4.714116954979611
4,8,7.933157701383723
4,9,10.007933978054531
4,10,12.381308776040763
4,11,12.485618743575449
4,12,15.394714454270241
4,13,15.942085815489175
4,14,16.358164186602764
4,15,13.15774862441704
4,16,11.040071120055387
4,17,13.51854303291136
4,18,12.463797233945199
4,19,8.952033683192392
4,20,10.794480858362816
4,21,10.542405695122753
4,22,6.843947796594328
4,23,8.480086674502983
4,24,11.638073877310223
4,25,11.081104831362117
4,26,10.442328577919977
4,27,13.315963469475063
4,28,15.970231256798849
4,29,14.968180477157354
4,30,12.27105757400188
4,31,9.165314067001642
4,32,35.628897986173655
4,33,34.10441778801566
4,34,32.34486470148647
4,35,28.845556885356636
4,36,29.951506597495943
4,37,30.661167526994348
4,38,27.76594752458524
4,39,25.3232303280204
4,40,27.228632273908882
4,41,27.09650601050038
4,42,23.28599989516975
4,43,23.11662533363774
4,44,25.439079605999872
4,45,23.729344521770297
4,46,20.414495584306668
4,47,22.46122653612828
4,48,24.547165740148078
4,49,21.813124826980708
4,50,20.1672815864605
4,51,23.551857811135267
4,52,24.366854735391772
4,53,21.61596173116677
4,54,22.763934426252398
4,55,26.326891517011532
4,56,25.854715004067124
4,57,24.312182137714306
4,58,27.301694715547917
4,59,29.982016156005912
4,60,28.50641990362428
4,61,28.745095467930692
4,62,24.971372268506318
4,63,24.533142759102365
4,64,22.138449776152168
4,65,20.889240134355095
4,66,17.543578866622518
4,67,19.37813010140316
4,68,22.923495513653574
4,69,25.918471587854985
4,70,28.78550994575135
4,71,32.35821783867485
4,72,32.29177338660889
4,73,33.101166342731666
4,74,31.286944278305803
4,75,33.69445337996753
4,76,33.75724333727373
4,77,34.711489008267264
4,78,31.137432550221423
4,79,29.87456491023658
4,80,32.09356632740504
4,81,29.38570936895214
4,82,29.308565564353035
4,83,26.727132019502513
4,84,25.780999392588434
4,85,25.54699472822318
4,86,22.922028068152603
4,87,20.333207403237658
4,88,20.52594886292546
4,89,21.310389341201844
4,90,19.83294131303739
4,91,16.531821825734898
4,92,16.163734869320727
4,93,16.872274511986415
4,94,20.149398653528614
4,95,20.96726471393816
4,96,20.882520876083085
4,97,23.350566803618847
4,98,25.691410305743815
4,99,25.961518141245456
4,100,26.290770236534005
4,101,29.970391660519663
4,102,30.115332306441136
4,103,27.283963627765875
4,104,29.78202573985275
4,105,32.157600268665554
4,106,29.829640393031465
4,107,28.938856890694744
4,108,32.6460770721961
4,109,33.27027091089091
4,110,30.599227832296712
4,111,32.47598308974662
4,112,36.05407220403764
4,113,34.994614782988464
4,114,33.87866911867327
4,115,36.95369160205207
4,116,39.1888668462591
4,117,37.313386944592544
4,118,37.88285932714275
4,119,41.373572409836704
4,120,42.01810915324654
4,121,40.67026174389575
4,122,43.02885124792299
4,123,45.83760956103895
4,124,44.70827877615321
4,125,45.10731391365737
4,126,48.39388988589005
4,127,50.42511685465597
5,1,12.64856785589743
5,2,9.186484605620725
5,3,7.0378343556461465
5,4,3.7848242186476675
5,6,3.8229983914130696
5,7,5.242543810217697
5,8,8.109624162067588
5,9,8.895250014433332
5,10,12.091545888777443
5,11,12.816252763388112
5,12,15.446399281876431
5,13,15.369822763371065
5,14,16.453860028029737
5,15,13.851745436130095
5,16,10.8753091002706
5,17,13.057020101602758
5,18,12.894272758453381
5,19,9.160633144883892
5,20,9.69770834089512
5,21,9.59445585439378
5,22,5.924803627933583
5,23,5.788266173582464
5,24,9.242631410326231
5,25,9.09078029139573
5,26,7.65449721547047
5,27,10.02352859527714
5,28,12.98119417623278
5,29,12.443034539520543
5,30,9.588804875179758
5,31,7.136020608850951
5,32,32.84035764902634
5,33,31.45827157506839
5,34,29.5799069968742
5,35,26.18782107718398
5,36,27.229582119559332
5,37,27.62133151486241
5,38,24.692206033428985
5,39,22.370016086596905
5,40,24.138695805807284
5,41,23.728916495109182
5,42,19.928885620759857
5,43,19.928594318952694
5,44,22.05410228832213
5,45,20.135081055024934
5,46,16.91275664727768
5,47,19.11475678649304
5,48,21.005157855703697
5,49,18.178027278938863
5,50,16.78381778371857
5,51,20.29592100700269
5,52,20.952591781646497
5,53,18.381843111075472
5,54,19.824833011382474
5,55,23.268887610511616
5,56,22.864461981090315
5,57,21.691838126269975
5,58,24.720162165691494
5,59,27.294544655215983
5,60,26.065756213016243
5,61,26.62791922901854
5,62,22.937060723926876
5,63,22.393428030612508
5,64,20.39833308211112
5,65,19.33939018671344
5,66,16.052950481612527
5,67,18.18592062963141
5,68,21.441468001206456
5,69,24.574916635405273
5,70,27.105004945684733
5,71,30.65094547358756
5,72,30.365367024546313
5,73,31.430631578804455
5,74,29.615845500820285
5,75,31.84296710847372
5,76,32.1194698013252
5,77,32.76303328229898
5,78,29.07636513316895
5,79,28.186358076581648
5,80,30.74607853972333
5,81,28.3696918617766
5,82,28.698752622193027
5,83,26.265103084920387
5,84,25.790818539980926
5,85,25.285186516426425
5,86,22.304714641895433
5,87,20.06436917086818
5,88,20.81062440857443
5,89,21.267277815709168
5,90,19.178599919854378
5,91,15.58581380362106
5,92,14.488950917573952
5,93,14.848705277932934
5,94,18.433582489471622
5,95,19.12865117667389
5,96,18.448517362622194
5,97,20.955766758170025
5,98,23.575965482135764
5,99,23.59093652112527
5,100,23.540770009956184
5,101,27.177818648818903
5,102,27.459761459789313
5,103,24.46826844073973
5,104,26.736061361864625
5,105,29.335195898132543
5,106,27.225874800816204
5,107,26.08541880610611
5,108,29.775927258272574
5,109,30.70938882143297
5,110,28.13257688403337
5,111,29.797716213972254
5,112,33.46677876172322
5,113,32.71806813628832
5,114,31.595912054543458
5,115,34.505081433658134
5,116,36.92228918068714
5,117,35.316945189903755
5,118,35.827399458931474
5,119,39.19937084991518
5,120,40.10490480052969
5,121,38.92513318357305
5,122,41.11749121050764
5,123,44.013009089773526
5,124,43.16445409010129
5,125,43.57181975439259
5,126,46.70274901938493
5,127,48.95741893401502
6,1,13.459023856197126
6,2,10.68559285455244
6,3,7.696622624570047
6,4,6.094988792107472
6,5,3.8229983914130696
6,7,3.802266699501898
6,8,5.459420890553053
6,9,5.1893979529555
6,10,8.645976239110384
6,11,9.77702185275312
6,12,12.353722918902092
6,13,12.373808748686779
6,14,14.0839055289298
6,15,11.814253937574977
6,16,8.657830706158576
6,17,11.333356277362018
6,18,12.113337033883045
6,19,8.883687229987277
6,20,9.428692537648972
6,21,10.750513013677981
6,22,7.721692245188028
6,23,6.526930204485749
6,24,10.324887195227719
6,25,11.449086690138412
6,26,10.095314974948637
6,27,11.317995241207711
6,28,14.822053173797118
6,29,15.053154706677617
6,30,12.217053368607981
6,31,10.338354321733021
6,32,34.5249824870182
6,33,33.14005496461006
6,34,30.939686037990025
6,35,27.78280499109137
6,36,29.010581237809713
6,37,28.989248338148034
6,38,25.868488998225867
6,39,23.963122613924376
6,40,25.679928492738885
6,41,24.720294684976437
6,42,21.005545585239837
6,43,21.46774770048044
6,44,23.16096747234403
6,45,20.716046019430454
6,46,17.82676720394557
6,47,20.143932483144315
6,48,21.395481801748037
6,49,18.130975692518206
6,50,17.203806694171455
6,51,20.659526415587912
6,52,20.61816841790938
6,53,17.864467067924082
6,54,19.84942707869554
6,55,23.01923934530713
6,56,22.03896001916707
6,57,21.11366875025056
6,58,24.47562299395033
6,59,26.620097566632573
6,60,25.094377180513675
6,61,26.056607575614073
6,62,22.449136002161982
6,63,22.48494971467073
6,64,20.916484319493037
6,65,19.32025524754436
6,66,15.770833159390259
6,67,17.292273716755826
6,68,20.43324346982595
6,69,23.22220836138877
6,70,25.57715101261223
6,71,28.927597058513452
6,72,28.270261599050244
6,73,29.04472713602016
6,74,26.914892913994365
6,75,28.924449114844077
6,76,28.943939398779197
6,77,29.49091360114793
6,78,25.846639872049543
6,79,24.796889564138887
6,80,27.33505391672428
6,81,24.959923079611855
6,82,25.49771479404543
6,83,23.328609329967883
6,84,22.858732252539237
6,85,22.00705284505518
6,86,19.03862985319544
6,87,17.150810293319804
6,88,17.88240552626865
6,89,17.93526482813319
6,90,15.618086448776339
6,91,11.942505275944646
6,92,10.9675780304875
6,93,11.126329228408606
6,94,14.65828910885335
6,95,15.564460911704876
6,96,15.076106082327481
6,97,17.417669527858205
6,98,19.993780154146105
6,99,20.293839377104863
6,100,20.356005588702452
6,101,24.07330699290056
6,102,24.49203448141634
6,103,21.761540705853637
6,104,24.322886791198403
6,105,26.848898256014174
6,106,24.852736572437085
6,107,24.100088542083018
6,108,27.87187249738907
6,109,28.71385801890079
6,110,26.444608645029987
6,111,28.410497609899025
6,112,32.01317506930747
6,113,31.235641369852036
6,114,30.537055845048894
6,115,33.55169651104578
6,116,35.77687271105424
6,117,34.33879665854915
6,118,35.21957048715209
6,119,38.46733023034899
6,120,39.27195054774011
6,121,38.4167551442255
6,122,40.75944125972902
6,123,43.4692218060523
6,124,42.68494622460187
6,125,43.41638969430704
6,126,46.48334484590095
6,127,48.79094782091411
7,1,10.378752243706227
7,2,8.068235947411528
7,3,4.510692039529944
7,4,4.714116954979611
7,5,5.242543810217697
7,6,3.802266699501898
7,8,3.818092275516944
7,9,5.570399311944059
7,10,7.67292026693028
7,11,8.203976003607348
7,12,11.405485566261595
7,13,12.405205289941305
7,14,13.497127915404322
7,15,10.475471821847492
7,16,8.329109974366348
7,17,11.641042113616773
7,18,11.64802195541455
7,19,8.716586755355365
7,20,10.689786821243612
7,21,12.014596056884214
7,22,8.806732732833193
7,23,9.147524388288339
7,24,12.852890926485182
7,25,13.588481813784067
7,26,12.713974268630578
7,27,14.577686010097741
7,28,17.8885160310096
7,29,17.656161428027357
7,30,14.748633037597994
7,31,12.129119319730572
7,32,37.436020737155715
7,33,35.86029184355689
7,34,33.69776041131072
7,35,30.444332196930464
7,36,31.815968399999562
7,37,32.07787101946483
7,38,28.917569453555366
7,39,26.940268173868333
7,40,28.8593514833504
7,41,28.116983350467592
7,42,24.354631300404254
7,43,24.73682164075964
7,44,26.65560965599287
7,45,24.35364871253974
7,46,21.37630076878639
7,47,23.63930313372037
7,48,25.07298622217936
7,49,21.867557261387933
7,50,20.742550578456378
7,51,24.132130562534638
7,52,24.206547739408588
7,53,21.287928451512666
7,54,23.04300246533501
7,55,26.317910593481812
7,56,25.22871994908004
7,57,23.9792842782069
7,58,27.346858983366037
7,59,29.54800020417282
7,60,27.74521981109152
7,61,28.449085008994636
7,62,24.76214502838679
7,63,24.965027542404087
7,64,23.049151210914047
7,65,21.19963866429439
7,66,17.531290331159923
7,67,18.665238175324834
7,68,22.102550610687214
7,69,24.684454534171966
7,70,27.36028391254866
7,71,30.695427046243783
7,72,30.18348855652137
7,73,30.609366785524134
7,74,28.395231184275005
7,75,30.52924045609576
7,76,30.224077915764795
7,77,31.0739891088113
7,78,27.586211836451916
7,79,26.064584012895065
7,80,28.192195463136244
7,81,25.425729313904117
7,82,25.562238893831708
7,83,23.31795298723096
7,84,22.250694426299997
7,85,21.57147832206384
7,86,19.05934573444425
7,87,16.8614916468854
7,88,16.840132836783475
7,89,17.11309455807577
7,90,15.500021811376278
7,91,12.171842570374624
7,92,12.301176926804462
7,93,12.78088625759835
7,94,15.820006226674703
7,95,17.005184644215888
7,96,17.285297728024617
7,97,19.44440145291263
7,98,21.680403273568373
7,99,22.38513588608638
7,100,22.865643287218585
7,101,26.614077639536415
7,102,26.94991204543
7,103,24.478468944164103
7,104,27.31087643625303
7,105,29.59046084243089
7,106,27.41580561346964
7,107,26.994900528567324
7,108,30.782450021703717
7,109,31.30007881475994
7,110,29.00323883676759
7,111,31.22682371324018
7,112,34.72499328577015
7,113,33.63589885690755
7,114,33.02080475982273
7,115,36.215559145638814
7,116,38.2295500643681
7,117,36.55489706931278
7,118,37.56029600801191
7,119,40.905415762562974
7,120,41.435786409675565
7,121,40.47386787952621
7,122,43.00901485179562
7,123,45.603500184669464
7,124,44.552895094060894
7,125,45.33753837990325
7,126,48.549422091173994
7,127,50.649932144025776
8,1,10.904938224877155
8,2,9.614638668665872
8,3,6.649821346435892
8,4,7.933157701383723
8,5,8.109624162067588
8,6,5.459420890553053
8,7,3.818092275516944
8,9,3.8078388412982673
8,10,5.375813907175641
8,11,4.757734287695164
8,12,7.629197293813594
8,13,8.699150672265047
8,14,9.904064447948217
8,15,7.127756382684912
8,16,5.156239046245312
8,17,8.862752281462454
8,18,9.531905883209653
8,19,7.598981991957524
8,20,9.723052961854462
8,21,12.13327731834607
8,22,9.853049818960852
8,23,9.942942893189548
8,24,13.392893294937148
8,25,15.03361064874523
8,26,14.719073951708165
8,27,15.924705385134526
8,28,19.51541406069243
8,29,19.928515630945558
8,30,17.362368994918985
8,31,15.226757568696236
8,32,39.980503102027875
8,33,38.58386835464762
8,34,36.334130375635624
8,35,33.20296425874525
8,36,34.469769307075595
8,37,34.414964252692045
8,38,31.275088063101773
8,39,29.415683107775767
8,40,31.060804145891883
8,41,30.011647073548485
8,42,26.339758418843747
8,43,26.734385463858928
8,44,28.22213205564407
8,45,25.69398279475663
8,46,22.809114151381724
8,47,24.806738665064767
8,48,25.81981475175318
8,49,22.387388451054743
8,50,21.27847554962391
8,51,24.389342638520965
8,52,24.038670235969537
8,53,20.829099225395797
8,54,22.682981439469398
8,55,25.763332360040707
8,56,24.169829986259796
8,57,22.827723545556186
8,58,26.369165384372028
8,59,28.25352787279378
8,60,26.063188210309917
8,61,26.86177442215185
8,62,23.270945131117365
8,63,24.03681973712773
8,64,22.34133106162919
8,65,19.959747105496074
8,66,16.17305708866945
8,67,16.58290125080988
8,68,19.94962690664205
8,69,22.130072867901312
8,70,24.796226440373665
8,71,27.961999275385974
8,72,27.34735065801155
8,73,27.462075063848463
8,74,25.12834217261763
8,75,27.282283625305073
8,76,26.809921600133283
8,77,27.8619514162823
8,78,24.491502719447375
8,79,22.730865569540136
8,80,24.658791288726892
8,81,21.774788356442613
8,82,21.781868999169095
8,83,19.53659650513044
8,84,18.440519479789266
8,85,17.79551021933874
8,86,15.299387464678897
8,87,13.067210985670906
8,88,13.07405060899425
8,89,13.450239721212434
8,90,11.94282089230456
8,91,8.823483927701643
8,92,9.3280361430745
8,93,10.51855736826729
8,94,13.123693579519944
8,95,14.020994224363916
8,96,14.906811884333393
8,97,17.174045446566588
8,98,18.927914556443476
8,99,19.70759007219974
8,100,20.69446001033583
8,101,24.370303717242237
8,102,24.455616991666666
8,103,22.251503810656722
8,104,25.371631852880228
8,105,27.308574271840406
8,106,24.991570099946784
8,107,25.00584153802443
8,108,28.77908744616815
8,109,28.95759552993029
8,110,26.807243218577163
8,111,29.362603326027426
8,112,32.69324107868578
8,113,31.372193750938592
8,114,31.077782297142985
8,115,34.42844249949601
8,116,36.15208445260674
8,117,34.45736317620318
8,118,35.78568140328188
8,119,39.06925245671096
8,120,39.36355667546491
8,121,38.58900809043511
8,122,41.32023875381579
8,123,43.69250413447082
8,124,42.566647210206916
8,125,43.624355688252365
8,126,46.833835033677516
8,127,48.86661849300028
9,1,14.610799038659815
9,2,13.012989938409588
9,3,9.700601812623384
9,4,10.007933978054531
9,5,8.895250014433332
9,6,5.1893979529555
9,7,5.570399311944059
9,8,3.8078388412982673
9,10,3.8020971360659805
9,11,5.602343565658726
9,12,8.142033734363732
9,13,8.896030619718063
9,14,11.37259959836625
9,15,9.6118836182317
9,16,7.139899570667126
9,17,10.457058727911269
9,18,12.194665817523065
9,19,10.267716922277403
9,20,11.26609350492565
9,21,13.876364791297815
9,22,11.642734344162147
9,23,10.447557177475868
9,24,13.95971159632838
9,25,15.928378279840738
9,26,14.92950135702495
9,27,15.449475279783028
9,28,19.18242647741262
9,29,19.91469033490592
9,30,17.16411972851371
9,31,15.45754432140347
9,32,38.467536612741974
9,33,37.03871960795097
9,34,34.53670035123157
9,35,31.637004931556667
9,36,33.07807452712725
9,37,32.71652510083625
9,38,29.439464353504576
9,39,27.9658963396397
9,40,29.648253408622956
9,41,28.208022156317814
9,42,24.661326435483346
9,43,25.52093355381653
9,44,26.792542342277834
9,45,23.918837504203868
9,46,21.43422042411848
9,47,23.721188811179633
9,48,24.310452097038745
9,49,20.71156040971387
9,50,20.22219866080736
9,51,23.41094045483964
9,52,22.609667311381802
9,53,19.66164874153366
9,54,22.062339414483084
9,55,24.833648560430447
9,56,23.1009011153199
9,57,22.34326718490534
9,58,26.003330954013432
9,59,27.56895511020006
9,60,25.54844653120854
9,61,26.865724439945964
9,62,23.444652059639115
9,63,24.2887831180421
9,64,23.117591026163772
9,65,20.823072571893732
9,66,17.10325707002402
9,67,17.545341222798204
9,68,20.504699470505937
9,69,22.602054555312964
9,70,24.80016859105981
9,71,27.784729081988367
9,72,26.692698388465242
9,73,26.84532391367493
9,74,24.24225634671507
9,75,25.965663803513934
9,76,25.42118056527974
9,77,25.99352992585029
9,78,22.544153201221025
9,79,20.98231819447254
9,80,23.23599272065227
9,81,20.666017323488145
9,82,21.327060687560643
9,83,19.57304761927453
9,84,18.83170086931555
9,85,17.492762440391225
9,86,14.804031067281612
9,87,13.433324855926315
9,88,13.758019193401722
9,89,13.175409621709465
9,90,10.79217674615274
9,91,7.151146105078613
9,92,7.289437776636633
9,93,7.30598199346243
9,94,10.262011492266195
9,95,11.707192329368212
9,96,12.138940305260816
9,97,14.022624763859517
9,98,16.2117902466876
9,99,17.216663388997087
9,100,17.75946909644502
9,101,21.521726834825575
9,102,22.057570954797075
9,103,19.95241841903057
9,104,23.03794345180619
9,105,25.23086271409521
9,106,23.33166100668723
9,107,23.353724267415693
9,108,27.141449827941543
9,109,27.6438343701563
9,110,25.84034582942044
9,111,28.310986296499323
9,112,31.68641811492716
9,113,30.71262959648326
9,114,30.642531863474698
9,115,33.834709373941706
9,116,35.65468367746401
9,117,34.33799387858512
9,118,35.755715667714355
9,119,38.84343834876305
9,120,39.36320665566194
9,121,38.891306352685824
9,122,41.496182107856434
9,123,43.87551106796763
9,124,43.051500716097536
9,125,44.222310219388355
9,126,47.24753787744372
9,127,49.50200346925323
10,1,15.153918116491075
10,2,14.391398353655877
10,3,11.044039376238134
10,4,12.381308776040763
10,5,12.091545888777443
10,6,8.645976239110384
10,7,7.67292026693028
10,8,5.375813907175641
10,9,3.8020971360659805
10,11,3.792869925315026
10,12,6.735875328185682
10,13,8.950845763506722
10,14,11.366216320103911
10,15,9.663509672516923
10,16,8.593085514559148
10,17,12.120234077414127
10,18,13.78388781882953
10,19,12.595196230275107
10,20,14.199990563150656
10,21,17.024694849056576
10,22,14.862787531645898
10,23,14.101139164009027
10,24,17.58186326983109
10,25,19.534960858330702
10,26,18.62284221633666
10,27,19.25028705882352
10,28,22.975488512752683
10,29,23.604085691645917
10,30,20.726834561422706
10,31,18.747015682624777
10,32,41.71596749022792
10,33,40.12362709301775
10,34,37.478110114132654
10,35,34.660308509581654
10,36,36.32125553075186
10,37,35.969094500141374
10,38,32.57594042318966
10,39,31.28740280961557
10,40,33.1225419333307
10,41,31.59097837553487
10,42,28.087033117516853
10,43,29.135375711973786
10,44,30.411169038502837
10,45,27.433586965575863
10,46,25.09607060637926
10,47,27.44791656849375
10,48,27.898587820636074
10,49,24.241844646682836
10,50,23.89875185502052
10,51,27.0118349470037
10,52,26.000477570288147
10,53,23.02254833602461
10,54,25.491134172890895
10,55,28.12537235985715
10,56,26.1176215541393
10,57,25.36476162748973
10,58,29.09175579774608
10,59,30.427466949784
10,60,28.14952545967822
10,61,29.521303448449665
10,62,26.196305148449177
10,63,27.380266414927323
10,64,26.237422980350846
10,65,23.650108514764533
10,66,19.900323501121512
10,67,19.781059008590645
10,68,22.69972855191587
10,69,24.342009727206758
10,70,26.540185921470997
10,71,29.268936793274573
10,72,28.003403914534132
10,73,27.6459010930579
10,74,24.753319718690385
10,75,26.273466806008106
10,76,25.18526699447238
10,77,25.850215705860037
10,78,22.69123771316693
10,79,20.59071635865413
10,80,22.377042397401038
10,81,19.512698369050483
10,82,20.074636587404683
10,83,18.689424215312613
10,84,17.36113378551576
10,85,15.679783729753234
10,86,13.665590104043275
10,87,12.656167087843551
10,88,12.02139779086419
10,89,10.87031819539777
10,90,9.056129870487897
10,91,6.13038640597333
10,92,8.17361492124505
10,93,7.977257250680326
10,94,9.675023193565043
10,95,11.802582347326936
10,96,13.16138908675664
10,97,14.346683512715611
10,98,16.06588493551288
10,99,17.79551310212764
10,100,18.692779450129112
10,101,22.3662183227731
10,102,23.028718593570026
10,103,21.47580421152479
10,104,24.830454241036865
10,105,26.747102885758935
10,106,24.93356092707976
10,107,25.466525853013795
10,108,29.19018444710222
10,109,29.428639497027433
10,110,27.905463425362672
10,111,30.656371173844562
10,112,33.8467552730171
10,113,32.69780034966584
10,114,32.96663684390506
10,115,36.26171002250061
10,116,37.80488434675235
10,117,36.48486980186427
10,118,38.18535863774509
10,119,41.206153811843876
10,120,41.4941153690139
10,121,41.17120513819593
10,122,43.947852181635106
10,123,46.119110525441
10,124,45.18400806444737
10,125,46.573308608332766
10,126,49.618055094452835
10,127,51.76145568983203
11,1,13.131506390256245
11,2,13.066622365548763
11,3,10.407485079456626
11,4,12.485618743575449
11,5,12.816252763388112
11,6,9.77702185275312
11,7,8.203976003607348
11,8,4.757734287695164
11,9,5.602343565658726
11,10,3.792869925315026
11,12,3.7917274037742024
11,13,6.631109349909006
11,14,8.119920206935156
11,15,6.149103378183834
11,16,6.216335698547299
11,17,9.676172481206038
11,18,11.004210181006709
11,19,10.644507904690851
11,20,12.78524931104948
11,21,15.833350349534639
11,22,14.186254902439405
11,23,14.112360626260351
11,24,17.289093302310032
11,25,19.393117527297814
11,26,19.218500702216517
11,27,19.999678231786728
11,28,23.716265271326513
11,29,24.442826759787454
11,30,21.906894629146304
11,31,19.88767639825256
11,32,43.95594732655934
11,33,42.53299424714463
11,34,40.08070960691574
11,35,37.11981663423262
11,36,38.52488219487316
11,37,38.24122820627216
11,38,35.0014683331741
11,39,33.41910630456354
11,40,35.034979849149906
11,41,33.66999756874106
11,42,30.110819771469846
11,43,30.750740507326224
11,44,31.956000711222256
11,45,29.159395756824022
11,46,26.536952149160314
11,47,28.494168829500357
11,48,29.0642231667092
11,49,25.44736679239324
11,50,24.616354733565807
11,51,27.495102997697753
11,52,26.63165162996524
11,53,23.32760733788101
11,54,25.39709331491506
11,55,28.138837587171395
11,56,26.000840075679466
11,57,24.758587316782393
11,58,28.439262684536146
11,59,29.84251054218144
11,60,27.252451692243064
11,61,28.262118672373607
11,62,24.90873224078053
11,63,26.318089552662684
11,64,24.93931979291622
11,65,22.0612509828983
11,66,18.31404607954741
11,67,17.754220508562085
11,68,20.83489821528703
11,69,22.27434673981892
11,70,24.79089172878579
11,71,27.546122750232268
11,72,26.62433038004166
11,73,26.08835898362638
11,74,23.389400508874868
11,75,25.305517851180984
11,76,24.248557063425533
11,77,25.4607764991064
11,78,22.42340637706151
11,79,20.079282342839036
11,80,21.495375687969066
11,81,18.313788620991595
11,82,18.200619825762587
11,83,16.34063880674481
11,84,14.729920466630244
11,85,13.730746968709857
11,86,11.821424057330466
11,87,10.002450544346376
11,88,9.11631174655368
11,89,9.015540766294418
11,90,8.117532272085866
11,91,5.950124404268538
11,92,8.28319931762068
11,93,9.67688026051284
11,94,10.947805398768047
11,95,12.106456953272032
11,96,14.100187259803153
11,97,15.829782700208485
11,98,16.868437326938363
11,99,18.27627488606669
11,100,19.83362894143471
11,101,23.355512101445218
11,102,23.42412508714107
11,103,21.887040534075073
11,104,25.378689327457895
11,105,26.88720337799215
11,106,24.635733272848725
11,107,25.366041244609516
11,108,29.04434126088828
11,109,28.836456157060468
11,110,27.105244686624662
11,111,30.072163759457155
11,112,33.12090101887614
11,113,31.576945349063866
11,114,31.827284684656906
11,115,35.30664048816869
11,116,36.61620527737247
11,117,34.99216085869252
11,118,36.778135453899736
11,119,39.904188805675794
11,120,39.8924259751813
11,121,39.43139771797424
11,122,42.39175134398804
11,123,44.43372024346028
11,124,43.23086150457366
11,125,44.66702517087338
11,126,47.83812614932285
11,127,49.76821576591797
12,1,15.224724125233257
12,2,15.515784270163413
12,3,13.403993962186762
12,4,15.394714454270241
12,5,15.446399281876431
12,6,12.353722918902092
12,7,11.405485566261595
12,8,7.629197293813594
12,9,8.142033734363732
12,10,6.735875328185682
12,11,3.7917274037742024
12,13,3.7976007194426944
12,14,5.367828914553951
12,15,5.263528850677777
12,16,6.24954818958313
12,17,8.50358215424971
12,18,10.508961180895888
12,19,11.323477771830095
12,20,13.011587069330105
12,21,16.50392452670594
12,22,15.697120574832272
12,23,15.469603187166872
12,24,18.118423506158503
12,25,20.73305927437753
12,26,20.999005769073634
12,27,21.311393839989417
12,28,25.056648398099686
12,29,26.253665928223832
12,30,24.08676920448034
12,31,22.46183940513353
12,32,46.00201485087473
12,33,44.810838474356984
12,34,42.37709632321584
12,35,39.498710706469936
12,36,40.70613112531406
12,37,40.1756352284978
12,38,37.049664944934335
12,39,35.487568770366785
12,40,36.79043661771243
12,41,35.25003697244946
12,42,31.815274377533136
12,43,32.34155177151572
12,44,33.16616861094268
12,45,30.309795545166985
12,46,27.76414069200894
12,47,29.374321466190008
12,48,29.62286181960371
12,49,25.96947966601393
12,50,25.08840116405343
12,51,27.586747988806337
12,52,26.435462839375738
12,53,22.987241020400578
12,54,24.978337091200167
12,55,27.451481264471894
12,56,24.936350557878324
12,57,23.603661527357385
12,58,27.283608713274553
12,59,28.35543514459382
12,60,25.456922128402077
12,61,26.49270247443387
12,62,23.370121660924553
12,63,25.266615168420184
12,64,24.157255926355177
12,65,20.929867735004876
12,66,17.35888353459526
12,67,16.061058548339282
12,68,18.813922863596193
12,69,19.71760072487056
12,70,22.128190256116035
12,71,24.62837693095215
12,72,23.65974250499094
12,73,22.810897983752078
12,74,20.08103378550212
12,75,22.06943821940081
12,76,20.921596097522915
12,77,22.44468407072272
12,78,19.590397646738605
12,79,17.042272091428504
12,80,18.188718306618657
12,81,14.89437009761146
12,82,14.524556722491443
12,83,12.552103402068958
12,84,11.046832258393172
12,85,10.231696770641076
12,86,8.196896067397134
12,87,6.241097651066535
12,88,5.649029104764867
12,89,6.0252313594992195
12,90,5.463490474837784
12,91,4.670215145224944
12,92,7.187703503878932
12,93,9.59893627609069
12,94,9.95289985525734
12,95,10.191267193319112
12,96,12.873376783403408
12,97,14.75771027997584
12,98,15.001284176359137
12,99,16.240489871295523
12,100,18.415466273593488
12,101,21.655413934362485
12,102,21.288466409294195
12,103,20.057068165061192
12,104,23.698293531327153
12,105,24.74111433476436
12,106,22.321895935257757
12,107,23.47726032544688
12,108,27.010451536701378
12,109,26.410248166596336
12,110,24.83187991574228
12,111,28.054170379418387
12,112,30.853270542698006
12,113,29.076383793922833
12,114,29.62003876123476
12,115,33.18490502207716
12,116,34.18112379871498
12,117,32.54323644312936
12,118,34.60185909495983
12,119,37.624754012960274
12,120,37.38010803940952
12,121,37.09509824507025
12,122,40.19701043807944
12,123,42.00580060674545
12,124,40.74651746133659
12,125,42.417354004948706
12,126,45.54798475103097
12,127,47.39917519709791
13,1,16.566466670801827
13,2,16.41459987303563
13,3,14.61911493343213
13,4,15.942085815489175
13,5,15.369822763371065
13,6,12.373808748686779
13,7,12.405205289941305
13,8,8.699150672265047
13,9,8.896030619718063
13,10,8.950845763506722
13,11,6.631109349909006
13,12,3.7976007194426944
13,14,3.8050424212510876
13,15,5.582131857850718
13,16,5.3220183274661
13,17,6.017203463136861
13,18,9.048417928981982
13,19,10.221789314518707
13,20,10.928237191462538
13,21,14.677997039456821
13,22,14.613622711074985
13,23,13.98464981079421
13,24,16.051985844014776
13,25,19.10700786665451
13,26,19.694400555002805
13,27,19.49863482915385
13,28,23.187367058489148
13,29,24.84330990391101
13,30,23.11245784346137
13,31,22.025196181985034
13,32,44.74236744657281
13,33,43.84544258822296
13,34,41.529540150263216
13,35,38.701582927272405
13,36,39.609368065127605
13,37,38.871907657815925
13,38,35.94080107426227
13,39,34.31197403879199
13,40,35.251188199385815
13,41,33.63403055826873
13,42,30.32752702589439
13,43,30.645837842890344
13,44,31.13272551211787
13,45,28.325047849697103
13,46,25.802407833386972
13,47,27.051011738230212
13,48,27.099075435979934
13,49,23.49719714180431
13,50,22.495986775954826
13,51,24.680829972116488
13,52,23.416667782169895
13,53,19.88234876235698
13,54,21.763762722643815
13,55,24.08546667721391
13,56,21.434122162394342
13,57,20.036077392878315
13,58,23.69997074353725
13,59,24.66016542624925
13,60,21.694998253153937
13,61,22.768108103617095
13,62,19.732275474433496
13,63,21.8053349061506
13,64,20.950902734369652
13,65,17.626877067209804
13,66,14.192888665850539
13,67,12.666215406062538
13,68,15.189415134723209
13,69,16.094507733781736
13,70,18.41790263343464
13,71,21.003492595065815
13,72,20.092377018583385
13,73,19.52058705267918
13,74,16.991074655083903
13,75,19.241232288710336
13,76,18.604060241336086
13,77,20.199941998351477
13,78,17.13904809297551
13,79,15.031505562270562
13,80,16.584004697767153
13,81,13.652896846380846
13,82,13.408649028519966
13,83,11.004598659678281
13,84,10.636337640634657
13,85,10.251748674403155
13,86,7.1282618176970605
13,87,4.815192564438137
13,88,6.662263550537631
13,89,7.620513626846362
13,90,6.077458372384602
13,91,5.05332089918206
13,92,5.407350028700973
13,93,8.89510885586176
13,94,9.531928204681641
13,95,8.422612341508842
13,96,10.808180939118426
13,97,13.408458414611731
13,98,13.494340419003029
13,99,13.905046328863818
13,100,16.259610214767026
13,101,19.36055926811512
13,102,18.54776775561067
13,103,17.05449227244007
13,104,20.617784932624005
13,105,21.53924966391841
13,106,18.890838088742594
13,107,19.962734970350986
13,108,23.4726096064816
13,109,22.803250351334636
13,110,21.09444834322036
13,111,24.31960480578501
13,112,27.114849364488585
13,113,25.321328181170383
13,114,25.82298202610813
13,115,29.38969326172134
13,116,30.40579768475608
13,117,28.78591101525891
13,118,30.835942169836027
13,119,33.84231845767712
13,120,33.653261608906355
13,121,33.40432320192372
13,122,36.469370546320306
13,123,38.301513429788
13,124,37.132764663586414
13,125,38.80924223477956
13,126,41.88646966949373
13,127,43.81974917151646
14,1,15.047843255412696
14,2,15.5392247801621
14,3,14.567307294425168
14,4,16.358164186602764
14,5,16.453860028029737
14,6,14.0839055289298
14,7,13.497127915404322
14,8,9.904064447948217
14,9,11.37259959836625
14,10,11.366216320103911
14,11,8.119920206935156
14,12,5.367828914553951
14,13,3.8050424212510876
14,15,3.7981987601729497
14,16,5.580286912587943
14,17,5.157996589568139
14,18,7.015732940072075
14,19,9.430083687407553
14,20,10.769804056483645
14,21,14.282953886329949
14,22,14.67872920988611
14,23,14.940655380793814
14,24,16.648265620720817
14,25,19.48735357007866
14,26,20.696771002929395
14,27,20.882807489834107
14,28,24.387358238857452
14,29,25.883033649352214
14,30,24.402029692616907
14,31,23.140674380020748
14,32,46.848173344830904
14,33,46.01971547734773
