1,2,3.832463360226845
1,3,6.355987740115723
1,4,9.600923075421084
1,5,12.967607011636824
1,6,14.522245917239594
1,7,17.24349943725536
1,8,18.738365063632205
1,9,22.09176589697028
1,10,22.75407218164958
1,11,19.410186743284026
1,12,20.08323124616322
1,13,21.395424892818813
1,14,20.586980221831123
1,15,19.50688012531307
1,16,15.934817630994505
1,17,14.92883061548295
1,18,11.197309793836641
1,19,9.436952396057803
1,20,6.6567418220911705
1,21,8.308221667148835
1,22,9.875799985097178
1,23,11.545801434473638
1,24,13.895163104277144
1,25,16.621769848755132
1,26,14.875122106471512
1,27,15.032882889983565
1,28,12.911844264406632
1,29,14.010830330707078
1,30,15.005988255476787
1,31,18.518137238937303
1,32,18.67267028463518
1,33,17.25126848204932
1,34,19.715294077226385
1,35,22.550145998790704
1,36,22.41222760088936
1,37,21.877134313563268
1,38,24.57927524133408
1,39,27.05028083964723
1,40,27.06026972289011
1,41,28.01943127700702
1,42,31.74294431100544
1,43,30.993542673418943
1,44,29.072980771125305
1,45,32.02632977263891
1,46,34.69146134850906
1,47,32.97156590298083
1,48,33.55639380317375
1,49,31.081922253496852
1,50,29.59596372863203
1,51,26.481022382893382
1,52,25.80084514582625
1,53,23.725911919772873
1,54,21.312929810757158
1,55,21.20060582035002
1,56,20.541016203640616
1,57,17.830744254240702
1,58,16.068005556181205
1,59,15.803740097185557
1,60,15.695331122854226
1,61,13.330821973163358
1,62,11.577212585941352
1,63,10.84645820502368
1,64,7.712192255833269
1,65,8.755109944755178
1,66,8.525876663025434
1,67,8.675336478599919
1,68,8.931985845268535
1,69,6.5943067276108245
1,70,9.409764435599463
1,71,10.386823456044143
1,72,12.781970540380001
1,73,15.28042812752459
1,74,18.497726620406688
1,75,21.440167293153642
1,76,24.212427569942903
1,77,26.59354620038298
1,78,24.80656458638759
1,79,24.884986656750105
1,80,28.4763364069568
1,81,29.551661767697325
1,82,28.180375701210853
1,83,29.73959918052522
1,84,32.97976270257498
1,85,33.41496980196295
1,86,32.291255623540174
1,87,33.050741000382516
1,88,36.81261923859319
1,89,36.40199962638407
1,90,34.14812008105223
1,91,36.92238076394554
1,92,39.47933212299743
1,93,37.81562389516506
1,94,37.96612935996655
1,95,34.46018843714679
1,96,33.00862666700147
1,97,30.016493356746558
1,98,27.289970447439114
1,99,27.00644775659623
1,100,23.205455042547626
1,101,23.264786198100623
1,102,25.65313119890856
1,103,25.249586873881857
1,104,26.088864860355738
1,105,22.65421089086192
1,106,21.22660163492724
1,107,21.330960052305798
1,108,24.35040706672981
1,109,24.22394550272026
1,110,24.806438805924504
1,111,25.9662892654833
1,112,23.315470666810977
1,113,21.20236159837119
1,114,19.183260891752763
1,115,17.89459165372819
1,116,17.524089252043634
1,117,18.14764007293184
1,118,18.452107271143788
1,119,22.001258106901762
1,120,23.94083956740972
2,1,3.832463360226845
2,3,3.791724993483819
2,4,6.702793546533735
2,5,10.191789465008316
2,6,12.403291595145213
2,7,14.860295804051647
2,8,16.982810147718094
2,9,20.225085905917418
2,10,21.45030706247511
2,11,18.2709046319814
2,12,18.39599464518305
2,13,19.933837389198978
2,14,19.80103944600421
2,15,18.89637904013294
2,16,15.14814713115593
2,17,13.295474366336821
2,18,9.558317114795324
2,19,8.507828666583162
2,20,6.309262440830553
2,21,8.173720496204135
2,22,10.48787974096208
2,23,12.548165707044948
2,24,15.611184805442166
2,25,17.78958554626559
2,26,15.894208330317909
2,27,15.137973288558031
2,28,12.53734367082759
2,29,12.66783654095031
2,30,13.469258567656937
2,31,16.809376563050066
2,32,17.688410144345998
2,33,16.620431983982055
2,34,18.573693710664127
2,35,21.50878207193428
2,36,21.999649153810378
2,37,21.49755369997518
2,38,23.72667080783533
2,39,26.531199167824653
2,40,26.78433158630813
2,41,27.287429711144718
2,42,31.11180024866844
2,43,30.764986526694237
2,44,28.637710011477502
2,45,31.269121908376313
2,46,34.22920922261201
2,47,32.73383360250014
2,48,33.71991827194161
2,49,31.41407244781645
2,50,29.716946622649974
2,51,26.928455648081695
2,52,26.103811111074283
2,53,23.562745176835744
2,54,21.446881914565918
2,55,21.89965952069952
2,56,20.93567334242354
2,57,17.8170634436531
2,58,16.747144548954722
2,59,16.797576585467798
2,60,15.942160204793494
2,61,13.07836852575104
2,62,12.231511339140996
2,63,11.297892354843286
2,64,7.9420210917707035
2,65,9.098650643430204
2,66,8.240866611997724
2,67,9.73667583184951
2,68,10.996377700347102
2,69,9.693893713099088
2,70,12.678429135342887
2,71,13.300552090917824
2,72,15.00370269105789
2,73,17.34814703919548
2,74,20.143553601420454
2,75,23.371187622993872
2,76,26.286707336359296
2,77,28.353056918177515
2,78,26.148960670895363
2,79,26.352529316576913
2,80,30.059097298067787
2,81,30.737110880573518
2,82,29.097996833404267
2,83,30.920198279114484
2,84,34.14775206984654
2,85,34.16871263704487
2,86,32.90960655218973
2,87,33.96643837300533
2,88,37.618193780328056
2,89,36.83233109562503
2,90,34.67315987364249
2,91,37.67756209228293
2,92,39.95256542534116
2,93,38.051245187224595
2,94,38.46944167893434
2,95,35.13881775127619
2,96,34.03796373915548
2,97,31.172628714764045
2,98,28.50243389230408
2,99,28.673109811208274
2,100,24.905732835295453
2,101,24.88180439783715
2,102,27.622862235588574
2,103,27.310346104475865
2,104,28.571297935100848
2,105,25.256968520329664
2,106,23.70885344563015
2,107,24.020597832037783
2,108,26.87826415837925
2,109,26.481612327648552
2,110,27.275572876962308
2,111,28.774652031948154
2,112,26.336090019095543
2,113,24.16461144612948
2,114,22.481592186613018
2,115,21.03086052086147
2,116,20.18193566758928
2,117,20.383935846181455
2,118,20.031153417132817
2,119,23.30713510236322
2,120,24.87446639215604
3,1,6.355987740115723
3,2,3.791724993483819
3,4,3.8099745108846763
3,5,6.764464341463818
3,6,9.026593028992842
3,7,11.902721706759674
3,8,14.138314052552534
3,9,17.082131387064937
3,10,18.256445697092285
3,11,14.975391626783098
3,12,14.793490757373226
3,13,16.194541142221446
3,14,16.24118065642953
3,15,15.378782647195791
3,16,11.615902410448172
3,17,9.525519841564948
3,18,5.824518404934091
3,19,5.523891890352614
3,20,5.0725096421197104
3,21,8.090775080146962
3,22,10.891330672270865
3,23,12.094456555345927
3,24,15.408095038229
3,25,17.485047488090313
3,26,16.243784799072355
3,27,14.920929238800007
3,28,12.855991080568916
3,29,12.110532195084978
3,30,11.819324551330013
3,31,15.311868860332961
3,32,16.631016617049752
3,33,15.099905354220754
3,34,16.46881245162343
3,35,19.765055139255487
3,36,20.36022644980964
3,37,19.358127989979543
3,38,21.325951371727214
3,39,24.393921320626426
3,40,24.387794802151838
3,41,24.53764452019567
3,42,28.358559926533346
3,43,28.03405859847049
3,44,25.64198568802372
3,45,28.129704872041273
3,46,31.17190598360436
3,47,29.624357532829524
3,48,30.85783814081297
3,49,28.530419981294685
3,50,26.604495614777587
3,51,24.039795543300794
3,52,23.33089165686356
3,53,20.55017698370325
3,54,18.45835007428882
3,55,19.3895649401503
3,56,18.537558310561394
3,57,15.12348031531196
3,58,14.352080264501845
3,59,15.042443988568888
3,60,14.071365048284498
3,61,10.694852864270583
3,62,10.155405005697654
3,63,8.750893582891281
3,64,5.631916457841037
3,65,7.2382586056548135
3,66,7.2342941726985375
3,67,9.966748522369787
3,68,10.960321813124619
3,69,10.550287087817892
3,70,13.097799136174897
3,71,13.080779389747313
3,72,13.815154744033686
3,73,15.999112129391374
3,74,18.25549368574562
3,75,21.624364180083337
3,76,24.711180254919658
3,77,26.375496531279143
3,78,23.86974245921427
3,79,24.351396332493955
3,80,28.075960012581746
3,81,28.354522905129205
3,82,26.67347379977264
3,83,28.817117104968926
3,84,31.89419949325316
3,85,31.61589559399591
3,86,30.469481248976
3,87,31.86519141118832
3,88,35.405102526025246
3,89,34.460926430864
3,90,32.567171474037636
3,91,35.758542042485196
3,92,37.82153051617117
3,93,35.96899227609386
3,94,36.711544367779396
3,95,33.496412178863224
3,96,32.47739154499905
3,97,29.548955231501655
3,98,27.187932708026196
3,99,27.77911382704962
3,100,24.129470007403828
3,101,23.635097731627294
3,102,26.51529776116347
3,103,25.99800323098421
3,104,27.661582452732908
3,105,24.635400461356877
3,106,22.73817618179423
3,107,23.11948995724235
3,108,25.675357543698357
3,109,24.959053772210144
3,110,26.03411442722946
3,111,27.90430874745261
3,112,25.845324700342918
3,113,23.775015903393342
3,114,22.599631955342556
3,115,20.78876618478935
3,116,19.31575250245944
3,117,18.975823107141093
3,118,17.96983002135193
3,119,20.926660434054337
3,120,22.186580754278864
4,1,9.600923075421084
4,2,6.702793546533735
4,3,3.8099745108846763
4,5,3.7825907742880105
4,6,6.063506247833865
4,7,8.348671223971195
4,8,10.981382791746602
4,9,13.898368995876737
4,10,15.591875695983394
4,11,12.727395445526792
4,12,12.328575351916767
4,13,14.367086256238851
4,14,15.016129408970324
4,15,14.921047575685266
4,16,11.383816552521289
4,17,8.471005225522186
4,18,5.34521803890981
4,19,5.239492989304757
4,20,5.831187960957271
4,21,7.95017377136542
4,22,10.873471168202476
4,23,12.043656085703832
4,24,15.714834802626605
4,25,17.051171033975535
4,26,15.901948766730355
4,27,13.748092763364209
4,28,11.747032012859625
4,29,9.93263366008933
4,30,9.044840405124107
4,31,12.238057753397827
4,32,14.170897091937839
4,33,12.93525900794661
4,34,13.699791212596713
4,35,16.986543112937234
4,36,18.117315317850412
4,37,17.21586675326118
4,38,18.68862394769559
4,39,21.951779429364723
4,40,22.246846903825823
4,41,22.049484600546112
4,42,25.902846931830865
4,43,26.006721561475263
4,44,23.60614066385329
4,45,25.788360675301913
4,46,29.045800276571097
4,47,27.862481092009777
4,48,29.3687873496877
4,49,27.387313242436697
4,50,25.51172236185578
4,51,23.294988302467267
4,52,22.19661119200681
4,53,19.079547311923683
4,54,17.600772746507598
4,55,18.863644446629188
4,56,17.481479956328165
4,57,13.94403813506396
4,58,14.16066640184276
4,59,14.801262726729256
4,60,12.970633513271302
4,61,9.54578168601582
4,62,10.395283267522887
4,63,9.70179647974173
4,64,7.797435472387575
4,65,10.058766099932829
4,66,10.493472879009634
4,67,13.601605088507444
4,68,14.463469352991241
4,69,14.067741171811985
4,70,16.20044177908523
4,71,15.49606130901969
4,72,15.74532834658859
4,73,17.253273869205614
4,74,19.010725721508816
4,75,22.603822555720406
4,76,25.528965549807904
4,77,26.96835723886249
4,78,24.072101197250312
4,79,24.385666292159755
4,80,28.14958088348781
4,81,28.128847472408882
4,82,26.05137679721251
4,83,28.25885508150646
4,84,31.357076812519676
4,85,30.696036933501897
4,86,29.27638620737345
4,87,30.834163631135535
4,88,34.216176182869276
4,89,32.8965127103228
4,90,31.032645720102696
4,91,34.37094916672661
4,92,36.15157203558605
4,93,34.05189408172809
4,94,34.99157238802866
4,95,31.992568914514234
4,96,31.370176985898436
4,97,28.68271470181819
4,98,26.376967913165863
4,99,27.42141317177881
4,100,23.921323829452707
4,101,23.451241347924604
4,102,26.66329847145223
4,103,26.431245344942877
4,104,28.5170577531767
4,105,25.646305755655
4,106,23.880045816902264
4,107,24.731728728658688
4,108,27.220841807534605
4,109,26.550548407566993
4,110,28.05580610885396
4,111,30.011079939583635
4,112,28.298625777738966
4,113,26.520054544494645
4,114,25.479084549914855
4,115,23.29021205362877
4,116,21.63074450432959
4,117,20.690972816532437
4,118,19.196516014700926
4,119,21.731891366714883
4,120,22.88258078410314
5,1,12.967607011636824
5,2,10.191789465008316
5,3,6.764464341463818
5,4,3.7825907742880105
5,6,3.7974186413590636
5,7,6.269559211999701
5,8,9.37628148647693
5,9,11.474227815903605
5,10,13.371756263319206
5,11,10.658591081051597
5,12,9.34046906961006
5,13,11.257201316891305
5,14,12.612130691671569
5,15,12.714520592948535
5,16,9.52760696860725
5,17,5.971655987386676
5,18,4.5576468942146215
5,19,6.32096728408913
5,20,8.633234662705233
5,21,10.88313020100041
5,22,13.700087189518175
5,23,14.15977626411406
5,24,17.732287706697175
5,25,18.843738908455034
5,26,18.26646190863496
5,27,15.732119126184859
5,28,14.290898557195618
5,29,11.792126328085478
5,30,9.763027552684635
5,31,12.51223894933796
5,32,15.024782933445204
5,33,13.543846726122128
5,34,13.28285961927434
5,35,16.78656513065566
5,36,18.185970870032158
5,37,16.772322848561927
5,38,17.642179764590644
5,39,21.202871058983064
5,40,21.257398880608942
5,41,20.45769522723734
5,42,24.23300752933381
5,43,24.499137797965318
5,44,21.75831214323857
5,45,23.576064164366592
5,46,26.98326845325255
5,47,25.82730249003988
5,48,27.732137142467934
5,49,25.811779189013887
5,50,23.632357759579715
5,51,21.86801865688026
5,52,20.926287343527747
5,53,17.49120727737642
5,54,16.245355341724533
5,55,18.199126124894427
5,56,16.96538988259454
5,57,13.241448954368074
5,58,14.04612548134294
5,59,15.399182901349217
5,60,13.473601676474344
5,61,9.870858193378648
5,62,11.243025626761868
5,63,10.18465224328066
5,64,9.173437876526476
5,65,11.068276415228185
5,66,11.811281581243056
5,67,15.377281132395508
5,68,16.212997101259052
5,69,16.50103423674415
5,70,18.379205881369817
5,71,17.411073669084097
5,72,16.857678767954575
5,73,18.139282248236103
5,74,19.194718489549878
5,75,22.75179155775822
5,76,25.76522069519336
5,77,26.691218815373198
5,78,23.52144750315243
5,79,24.16875815575334
5,80,27.836308631711127
5,81,27.305932379901403
5,82,25.204998822635478
5,83,27.763434836869635
5,84,30.607592107956407
5,85,29.540645674483606
5,86,28.261753336928216
5,87,30.230228755316457
5,88,33.39545213850334
5,89,31.8411703806277
5,90,30.337749105081144
5,91,33.861645771939955
5,92,35.319164711149135
5,93,33.25318132640756
5,94,34.589043235522226
5,95,31.81053217693801
5,96,31.35669427784611
5,97,28.69452614990521
5,98,26.786730188329233
5,99,28.2726394723426
5,100,25.005689651109694
5,101,24.093286034628278
5,102,27.359364277374002
5,103,26.93053723080607
5,104,29.36524052103266
5,105,26.85197879968014
5,106,24.80402506528108
5,107,25.655130425637406
5,108,27.749872279956037
5,109,26.729971212672645
5,110,28.420962754675525
5,111,30.71782547608507
5,112,29.36511651871674
5,113,27.651182918420247
5,114,27.08849040689731
5,115,24.75105655481755
5,116,22.600441037243993
5,117,21.24663995344971
5,118,19.123075619160915
5,119,21.119002233625388
5,120,21.755668485743417
6,1,14.522245917239594
6,2,12.403291595145213
6,3,9.026593028992842
6,4,6.063506247833865
6,5,3.7974186413590636
6,7,3.8119046576274966
6,8,5.901425924711471
6,9,8.154082048685984
6,10,9.719100968705954
6,11,7.038285185380292
6,12,6.425196878486617
6,13,9.11426969580787
6,14,10.163357702254112
6,15,11.259653271176262
6,16,8.688505582690112
6,17,5.788146467395096
6,18,5.393996153301504
6,19,5.911951482684979
6,20,8.773701385752203
6,21,10.486727001040077
6,22,12.915831533062976
6,23,12.57199954998621
6,24,15.937241076907771
6,25,16.652482006852946
6,26,16.68440723151578
6,27,13.938219957131087
6,28,13.361659429930045
6,29,10.678111981616714
6,30,7.7038398610858545
6,31,10.365953562736223
6,32,12.689764623809044
6,33,10.720860242441235
6,34,10.007359950893155
6,35,13.677491187151059
6,36,14.893744177615956
6,37,13.175399922405854
6,38,13.968854229980568
6,39,17.55242891240962
6,40,17.485930613962783
6,41,16.68296826754698
6,42,20.469078797732706
6,43,20.72618835893785
6,44,18.064138875255402
6,45,19.959682860184788
6,46,23.33907920208488
6,47,22.295348798938267
6,48,24.150960254978457
6,49,22.416439700993088
6,50,20.45828095937554
6,51,18.770933626193163
6,52,17.497475565327914
6,53,14.008996868624862
6,54,13.198494912444925
6,55,15.150711934255064
6,56,13.597266935136178
6,57,9.957065676923232
6,58,11.474741387867324
6,59,12.776614391666046
6,60,10.540387484224631
6,61,7.20908848870106
6,62,9.491828960142957
6,63,9.348720424997015
6,64,9.767738585823967
6,65,12.407844315480032
6,66,14.123279149883881
6,67,17.490710545143596
6,68,17.56004077457675
6,69,17.59079101803729
6,70,18.748687022666793
6,71,17.02499670116071
6,72,16.01772082429441
6,73,16.525739466031478
6,74,17.102265557370767
6,75,20.72616506241249
6,76,23.462901432856132
6,77,24.265560858802463
6,78,20.893672262031277
6,79,21.304583326018463
6,80,24.936715113090052
6,81,24.297119950864865
6,82,21.94109859922835
6,83,24.4542522619916
6,84,27.30963139094232
6,85,26.106904572120417
6,86,24.669244201934966
6,87,26.66829484996413
6,88,29.75957601465647
6,89,28.10689185851559
6,90,26.624666093208212
6,91,30.1852591072062
6,92,31.56164584083924
6,93,29.49024436607916
6,94,30.905440287099136
6,95,28.200407618084373
6,96,27.846729057109304
6,97,25.273589682600846
6,98,23.516984906200506
6,99,25.284755406091982
6,100,22.225456238346634
6,101,21.172228678595012
6,102,24.553581379456464
6,103,24.280799611213144
6,104,27.000522417571542
6,105,24.714877651309372
6,106,22.786793225256766
6,107,24.04633742521686
6,108,26.06944496648183
6,109,25.2516432910734
6,110,27.378817455899814
6,111,29.582979752760306
6,112,28.613270496934373
6,113,27.354129999724844
6,114,26.869702788201316
6,115,24.11619893332558
6,116,21.91920609726454
6,117,20.00228895881412
6,118,17.652465694366676
6,119,19.2882660776804
6,120,20.136529296264314
7,1,17.24349943725536
7,2,14.860295804051647
7,3,11.902721706759674
7,4,8.348671223971195
7,5,6.269559211999701
7,6,3.8119046576274966
7,8,3.8400426074225584
7,9,5.988998782153173
7,10,8.774254765664182
7,11,7.601104939615156
7,12,7.014109929770461
7,13,10.510690527218397
7,14,12.151708200132108
7,15,14.03277800390035
7,16,12.045823404100123
7,17,9.174496436188551
7,18,9.14804396368862
7,19,9.22048769096243
7,20,11.337673922218688
7,21,11.977900497239817
7,22,14.061684406483312
7,23,13.987992735475059
7,24,17.358116765431003
7,25,17.246495155903514
7,26,17.163103764116155
7,27,13.854547727719545
7,28,13.35432899508285
7,29,9.961620590859798
7,30,6.68323528671712
7,31,7.997726305270603
7,32,11.054360231129463
7,33,9.927707061763147
7,34,8.242940258035212
7,35,11.484072185014492
7,36,13.539822645820552
7,37,12.330778222291114
7,38,12.275030542491262
7,39,15.94044622751937
7,40,16.521379548134707
7,41,15.350724389007654
7,42,19.085509500290623
7,43,20.021125062359427
7,44,17.61024942090996
7,45,19.02477862091595
7,46,22.604859974913012
7,47,22.186641038448588
7,48,24.235941946658137
7,49,23.06857682592415
7,50,21.406287885256265
7,51,20.14132973087327
7,52,18.328427002253395
7,53,14.74375359840611
7,54,14.89740141410002
7,55,16.811956800804538
7,56,14.60576617069498
7,57,11.419855702746537
7,58,13.806772569851267
7,59,14.55661718005544
7,60,11.569679988305788
7,61,9.134577890670705
7,62,12.255511450299494
7,63,12.839166287162229
7,64,13.372382100026849
7,65,16.141500038045265
7,66,17.641218768171022
7,67,21.01709516326559
7,68,21.20022669283318
7,69,20.966164844908995
7,70,22.103225578847553
7,71,20.189920792067806
7,72,19.29097511594907
7,73,19.34971096039091
7,74,19.72618184718535
7,75,23.365321971202032
7,76,25.769558989785335
7,77,26.513786622954452
7,78,22.979382785188825
7,79,23.026040079236914
7,80,26.57197361254077
7,81,25.80436920441799
7,82,23.051332887306582
7,83,25.38142141330463
7,84,28.26350473605224
7,85,26.75307683226443
7,86,24.917760362356063
7,87,26.90232541648858
7,88,29.767753525390056
7,89,27.70780231592617
7,90,26.159334891256712
7,91,29.76089701342114
7,92,30.827879864175117
7,93,28.409488132765457
7,94,29.926482772951104
7,95,27.51536341859819
7,96,27.676284107197944
7,97,25.52250388136755
7,98,23.742183424269506
7,99,25.84242456668147
7,100,23.011905854776412
7,101,22.24800399648839
7,102,25.845609390169294
7,103,26.010262186092998
7,104,28.93776818780072
7,105,26.732878309556707
7,106,25.14788112689897
7,107,26.8067329717633
7,108,28.875792889607627
7,109,28.26829898670018
7,110,30.631202951160414
7,111,32.72421272836221
7,112,31.902195197407906
7,113,30.844874585558845
7,114,30.256629225712945
7,115,27.35544922218812
7,116,25.29057109480634
7,117,23.163573121494494
7,118,20.779498273615445
7,119,22.135791973633097
7,120,23.006570868159915
8,1,18.738365063632205
8,2,16.982810147718094
8,3,14.138314052552534
8,4,10.981382791746602
8,5,9.37628148647693
8,6,5.901425924711471
8,7,3.8400426074225584
8,9,3.853881349203648
8,10,5.8123529518702455
8,11,5.469628711863778
8,12,6.636690290616635
8,13,10.380725337116807
8,14,11.2651523120647
8,15,13.931854011923075
8,16,12.630504947734382
8,17,10.72750774819376
8,18,10.962837329319221
8,19,10.196544116635426
8,20,12.255379838513571
8,21,12.376620760822744
8,22,13.846978537418616
8,23,12.956970849578015
8,24,15.823454464528375
8,25,15.238447904826199
8,26,15.851670743663503
8,27,12.557282157224662
8,28,13.12275993904464
8,29,10.034674364114478
8,30,6.261190561708915
8,31,7.0465428710842675
8,32,9.323912410102466
8,33,7.58727875957359
8,34,5.082821040319335
8,35,8.501530581326465
8,36,10.208083829192125
8,37,8.66019424843387
8,38,8.488642195758555
8,39,12.17775979455844
8,40,12.689715002097643
8,41,11.666556461859212
8,42,15.45896141400217
8,43,16.365610110993774
8,44,14.220791379126046
8,45,15.82563611491174
8,46,19.29044410128466
8,47,19.042228996040436
8,48,20.88903658670776
8,49,19.989580088456037
8,50,18.751086200196543
8,51,17.527465904320344
8,52,15.254831753407814
8,53,11.829913228159608
8,54,12.652231686643763
8,55,14.252338403012336
8,56,11.607567132588724
8,57,8.981782440375971
8,58,12.059200013836424
8,59,12.46147192515854
8,60,9.25311972098438
8,61,7.894775621859573
8,62,11.517632917934671
8,63,12.964741570032968
8,64,14.442721123411724
8,65,17.585391779540203
8,66,19.71327693583324
8,67,22.844825241244088
8,68,22.41510850518757
8,69,21.938177845174618
8,70,22.44234281421581
8,71,19.962160163269917
8,72,18.780597588047442
8,73,18.089307562290756
8,74,18.03822480131906
8,75,21.592810781239066
8,76,23.587614118597596
8,77,24.270073592856225
8,78,20.66274667765258
8,79,20.34021387714976
8,80,23.770381808820567
8,81,22.99624635589618
8,82,19.977782684911613
8,83,22.11565167996822
8,84,25.02825700420489
8,85,23.45702451407211
8,86,21.38907778927131
8,87,23.29728363192137
8,88,26.097428174287195
8,89,23.970506594898648
8,90,22.36468206717508
8,91,25.96655221010649
8,92,27.004067493736095
8,93,24.572956190753878
8,94,26.106497492533183
8,95,23.741000121078
8,96,23.999526114004404
8,97,21.978852434954444
8,98,20.337511483135426
8,99,22.69985571985196
8,100,20.15157149038242
8,101,19.314931092141652
8,102,22.96841884653947
8,103,23.361309148981746
8,104,26.495145589807343
8,105,24.542438498675313
8,106,23.18469256774196
8,107,25.23691954277114
8,108,27.238922297095044
8,109,26.9172864023285
8,110,29.63142041447087
8,111,31.53319551761226
8,112,31.052649385299176
8,113,30.44557576516562
8,114,29.88326931600296
8,115,26.674760792905236
8,116,24.69237112418168
8,117,22.153121139598476
8,118,19.752884771119717
8,119,20.771201618245126
8,120,21.931742931756947
9,1,22.09176589697028
9,2,20.225085905917418
9,3,17.082131387064937
9,4,13.898368995876737
9,5,11.474227815903605
9,6,8.154082048685984
9,7,5.988998782153173
9,8,3.853881349203648
9,10,3.7865331339907655
9,11,5.4500559326775315
9,12,5.532675636401933
9,13,9.018613996247026
9,14,10.60096281219901
9,15,13.743159911341131
9,16,13.34528849998488
9,17,11.70733647240645
9,18,13.069622307144408
9,19,13.114152058006084
9,20,15.686515581256328
9,21,16.147235859439327
9,22,17.6375758357911
9,23,16.470359890376468
9,24,19.061228729542684
9,25,18.397517612254585
9,26,19.392788768854338
9,27,16.140873926697946
9,28,16.919346461079616
9,29,13.762892444561142
9,30,10.038070451878863
9,31,10.078677531456359
9,32,12.423056475515802
9,33,10.823866405811657
9,34,7.578472499533034
9,35,10.224419933624432
9,36,12.009599410702945
9,37,9.962222758365794
9,38,8.491247483874123
9,39,12.243292345667914
9,40,12.361868602729265
9,41,10.230990400641042
9,42,13.70476808046098
9,43,14.996598041846205
9,44,12.479841839573485
9,45,13.315583917203726
9,46,17.01614615616411
9,47,17.00888823084646
9,48,19.403018818985036
9,49,18.792710156157288
9,50,17.34151503919313
9,51,16.89941165614969
9,52,14.776757455397332
9,53,11.178759465684436
9,54,12.680213371332798
9,55,14.926553700728823
9,56,12.631248470640731
9,57,10.390489742479193
9,58,13.809015512083867
9,59,14.80766873878129
9,60,12.00918266316948
9,61,10.864931504820094
9,62,14.231633098950637
9,63,15.269995758076261
9,64,17.05376517489981
9,65,19.835054934090138
9,66,22.013614926272414
9,67,25.326672396280735
9,68,24.92278847198003
9,69,24.86191037959833
9,70,25.270483838700418
9,71,22.738732740197573
9,72,21.063506816348195
9,73,20.222951861015975
9,74,19.517830836973086
9,75,22.822602476318437
9,76,24.75123615953096
9,77,24.86245816973515
9,78,21.095333239071415
9,79,21.075719272245006
9,80,24.210089924267425
9,81,22.855048573252212
9,82,19.841356192745945
9,83,22.26814250520985
9,84,24.763170720033074
9,85,22.67049099510305
9,86,20.759598681929372
9,87,23.13234138034894
9,88,25.522556969046565
9,89,23.071291651674535
9,90,21.99911774189081
9,91,25.735597713027055
9,92,26.27705948921464
9,93,23.911915357674356
9,94,25.95308457275402
9,95,23.99370150450083
9,96,24.514473280557063
9,97,22.665727431522427
9,98,21.611560747304942
9,99,24.386682093811384
9,100,22.251427643070205
9,101,21.00031680446027
9,102,24.52291150909445
9,103,24.729289348677522
9,104,28.11815557667867
9,105,26.597343772221667
9,106,25.04990233704199
9,107,27.053044048108976
9,108,28.627514811471364
9,109,28.029520751971816
9,110,30.88019814082914
9,111,33.01795132675354
9,112,32.88421721872544
9,113,32.368171037327734
9,114,32.189950265762256
9,115,28.93125452788696
9,116,26.623739850549967
9,117,23.815740465120626
9,118,20.987147872663567
9,119,21.3665788999109
9,120,22.005382460922323
10,1,22.75407218164958
10,2,21.45030706247511
10,3,18.256445697092285
10,4,15.591875695983394
10,5,13.371756263319206
10,6,9.719100968705954
10,7,8.774254765664182
10,8,5.8123529518702455
10,9,3.7865331339907655
10,11,3.8299283888779834
10,12,5.639040677468668
10,13,8.254255964856492
10,14,8.661165603038116
10,15,12.276491694657146
10,16,12.650824494716867
10,17,12.110759784998976
10,18,13.740423395781747
10,19,13.5036780408452
10,20,16.245029072553848
10,21,16.84460186538668
10,22,18.039299443115258
10,23,16.099265643298292
10,24,18.09247338093716
10,25,17.546020887492553
10,26,19.253074485811233
10,27,16.449635701503137
10,28,17.91258019410747
10,29,15.32274431224493
10,30,11.583752965096728
10,31,12.059060740081991
10,32,13.450500588861129
10,33,11.028911508882953
10,34,8.103728366259336
10,35,10.68879148084362
10,36,11.305482128130574
10,37,8.32266517959582
10,38,7.159855323979578
10,39,10.645287287439949
10,40,9.70731053887087
10,41,7.620592793108269
10,42,11.119922104495657
10,43,11.751252613012221
10,44,8.96843871560764
10,45,10.346205342250455
10,46,13.872171546916368
10,47,13.488281585376455
10,48,15.749798362784215
10,49,15.015372422770085
10,50,13.665461452023095
10,51,13.248926271607628
10,52,11.058093200536977
10,53,7.502238388251303
10,54,9.496907719987034
10,55,11.747020561408117
10,56,9.682620416253462
10,57,8.05344859975827
10,58,11.670997889922898
10,59,12.907688051467062
10,60,10.737671197411407
10,61,10.251349751903414
10,62,13.26244346804347
10,63,14.518345451784409
10,64,17.038458850138387
10,65,19.82621328623797
10,66,22.523214874386326
10,67,25.594198469229454
10,68,24.66178924134158
10,69,24.645627947703453
10,70,24.50454112391823
10,71,21.641359172209235
10,72,19.537607484955956
10,73,18.21137387421934
10,74,16.94622744596923
10,75,19.997355795341683
10,76,21.692522241069074
10,77,21.54896987618227
10,78,17.75342508281555
10,79,17.74357351198015
10,80,20.704416962295753
10,81,19.185793357649
10,82,16.167062127213534
10,83,18.703094543756997
10,84,21.059629726688524
10,85,18.918591186531227
10,86,17.1462719257435
10,87,19.686337991059847
10,88,22.07168569850429
10,89,19.772047477227062
10,90,18.90947900656592
10,91,22.686603474715348
10,92,23.298991835478297
10,93,21.26515181204326
10,94,23.415645007824587
10,95,21.384381062679992
10,96,21.643524979971854
10,97,19.62816185736209
10,98,18.98234606995318
10,99,21.894234398371076
10,100,20.033032936963053
10,101,18.331865332132125
10,102,21.66775197012474
10,103,21.69721504519883
10,104,25.22503620981424
10,105,24.066816320235077
10,106,22.449229146837816
10,107,24.527880309622454
10,108,25.832569423774462
10,109,25.281655999998076
10,110,28.34456573275029
10,111,30.431502615385885
10,112,30.642902949650605
10,113,30.45490822872652
10,114,30.486378368826415
10,115,27.071311040656443
10,116,24.692871827499065
10,117,21.575059048922192
10,118,18.64581234460071
10,119,18.587029438455552
10,120,19.307354118442387
11,1,19.410186743284026
11,2,18.2709046319814
11,3,14.975391626783098
11,4,12.727395445526792
11,5,10.658591081051597
11,6,7.038285185380292
11,7,7.601104939615156
11,8,5.469628711863778
11,9,5.4500559326775315
11,10,3.8299283888779834
11,12,3.8105232950046806
11,13,6.375533859564519
11,14,6.113719882307258
11,15,9.28206326050804
11,16,9.084031762523551
11,17,8.725065086140411
11,18,10.210242005558912
11,19,10.040491650962796
11,20,13.08593291756714
11,21,14.273579173333555
11,22,15.758160300017511
11,23,13.768250731762457
11,24,15.970974819759755
11,25,16.170582327030154
11,26,17.719545248977955
11,27,15.20960284085188
11,28,16.354330761089106
11,29,14.058119164270751
11,30,10.39855687434005
11,31,12.068456449948002
11,32,13.394054214356824
11,33,10.426299676703534
11,34,8.572769824682233
11,35,11.983217425803714
11,36,12.207955064323418
11,37,9.116159955231081
11,38,9.472789375507897
11,39,12.908293168504278
11,40,11.73884843142533
11,41,10.598990515080075
11,42,14.180812540834888
11,43,14.034365096422032
11,44,11.120804617346591
11,45,13.209988195743618
11,46,16.42527479007811
11,47,15.262538146434158
11,48,17.17898265943412
11,49,15.627601298940395
11,50,13.844845839047416
11,51,12.593785964969435
11,52,11.002285824845412
11,53,7.2909894703405564
11,54,7.628666645759805
11,55,10.077556370030866
11,56,8.525873310092157
11,57,5.641432856953101
11,58,8.734915912441124
11,59,10.55398710432756
11,60,8.799646359620905
11,61,7.309715440441181
11,62,9.91227838361157
11,63,10.76645079273293
11,64,13.309754841102103
11,65,16.02940593846941
11,66,18.82860434726395
11,67,21.8329925385959
11,68,20.856548162320614
11,69,20.96432603759337
11,70,20.899329295728556
11,71,18.202525616194183
11,72,16.082456149248035
11,73,15.181725368744209
11,74,14.255076495809385
11,75,17.53301555671297
11,76,19.70798708915503
11,77,19.81741123301514
11,78,16.096116849306473
11,79,16.43829387779179
11,80,19.73256868439905
11,81,18.514227583066255
11,82,15.880662577582312
11,83,18.614269872228903
11,84,21.154031706337875
11,85,19.509204376615212
11,86,18.115747028755457
11,87,20.51649143809557
11,88,23.32251807440682
11,89,21.543864423071838
11,90,20.515922491112942
11,91,24.20522790702479
11,92,25.304384791005663
11,93,23.52916569850489
11,94,25.358337178314276
11,95,22.88716601676171
11,96,22.56963569096548
11,97,20.047019498931373
11,98,19.10584274925557
11,99,21.53306907517448
11,100,19.189867473061604
11,101,17.367308250160143
11,102,20.64067437964566
11,103,20.285683839968065
11,104,23.57735344895455
11,105,22.11865827586475
11,106,20.17092123201497
11,107,21.89801518852085
11,108,23.333785329923842
11,109,22.608542270863992
11,110,25.434419435018928
11,111,27.623778895201276
11,112,27.55555242948659
11,113,27.101586904577648
11,114,27.11414487817685
11,115,23.829718249552165
11,116,21.368158277998734
11,117,18.462757234561025
11,118,15.551140853997968
11,119,15.966216850481752
11,120,16.79445718095771
12,1,20.08323124616322
12,2,18.39599464518305
12,3,14.793490757373226
12,4,12.328575351916767
12,5,9.34046906961006
12,6,6.425196878486617
12,7,7.014109929770461
12,8,6.636690290616635
12,9,5.532675636401933
12,10,5.639040677468668
12,11,3.8105232950046806
12,13,3.792183048990397
12,14,5.847313997609688
12,15,8.457521749889027
12,16,8.244857637896814
12,17,7.073681206920503
12,18,9.574018972244222
12,19,10.752126712061264
12,20,14.204037480128026
12,21,15.924925521396663
12,22,17.892896969335688
12,23,16.437257093091592
12,24,19.031951903325446
12,25,19.457480006700028
12,26,20.584429388260947
12,27,17.877123577954485
12,28,18.375496907421816
12,29,15.659627198914535
12,30,12.007238092246268
12,31,13.59808801474688
12,32,15.727691527535768
12,33,13.24718577492531
12,34,11.127872497796314
12,35,14.537745709724696
12,36,15.443159986176635
12,37,12.627561471472923
12,38,12.365726541151425
12,39,15.992747204501685
12,40,14.995992672255895
12,41,13.176812339033065
12,42,16.53104166869881
12,43,16.73500212366595
12,44,13.460531020760147
12,45,14.79583762155233
12,46,18.234217013746765
12,47,17.083534360523686
12,48,19.533070153447788
12,49,17.929649536569805
12,50,15.56101878530875
12,51,14.836550855187497
12,52,13.888191036914957
12,53,10.093157227857288
12,54,10.085870894667197
12,55,13.155600091302643
12,56,12.168800672609256
12,57,9.096668433774774
12,58,11.549664304314746
12,59,13.839587355445525
12,60,12.163448590797643
12,61,9.859523535829972
12,62,12.10490980241195
12,63,11.89257085417391
12,64,13.773667394150472
12,65,15.890444404888811
12,66,18.213258493635905
12,67,21.575609098921404
12,68,21.152081899875412
12,69,21.78324215298246
12,70,22.227938665862027
12,71,20.019083819654213
12,72,17.871421922779188
12,73,17.63301153779905
12,74,16.782684108596143
12,75,19.962362438393146
12,76,22.491814817814145
12,77,22.316744475134527
12,78,18.62420040501273
12,79,19.5126846068316
12,80,22.702953687021726
12,81,21.15821808324917
12,82,18.837715046630656
12,83,21.860644923729993
12,84,24.104065197568833
12,85,22.222349224454035
12,86,21.144446508240275
12,87,23.831884508990512
12,88,26.435997544564504
12,89,24.522206824713496
12,90,23.81585698903324
12,91,27.560532012705554
12,92,28.395251697503973
12,93,26.62377904595131
12,94,28.69687608505443
12,95,26.414714125752354
12,96,26.21224761884718
12,97,23.719469302716355
12,98,22.899096937699117
12,99,25.322945490423926
12,100,22.925783718672754
12,101,21.05144725597536
12,102,24.229832281912504
12,103,23.609813157113123
12,104,26.827978507728794
12,105,25.36417013071636
12,106,23.12807183853389
12,107,24.4438445008318
12,108,25.67963608254917
12,109,24.48297712619773
12,110,27.023933131657824
12,111,29.562992080120214
12,112,29.380562080544067
12,113,28.53946673079471
12,114,28.7846639141046
12,115,25.76784672630497
12,116,23.01541917282827
12,117,20.3633469789038
12,118,17.19472351387775
12,119,17.538688884209854
12,120,17.632761038445754
13,1,21.395424892818813
13,2,19.933837389198978
13,3,16.194541142221446
13,4,14.367086256238851
13,5,11.257201316891305
13,6,9.11426969580787
13,7,10.510690527218397
13,8,10.380725337116807
13,9,9.018613996247026
13,10,8.254255964856492
13,11,6.375533859564519
13,12,3.792183048990397
13,14,3.807980144970218
13,15,5.7945562950151555
13,16,6.927416924037517
13,17,7.027601445427972
13,18,10.462037250701187
13,19,12.353732331350429
13,20,16.095866615165683
13,21,18.384923874988182
13,22,20.430728610642195
13,23,18.712546135218552
13,24,21.02984457319898
13,25,21.90908829373224
13,26,23.277487079059114
13,27,20.91012064105451
13,28,21.44939592241821
13,29,18.997446995360338
13,30,15.45583723897515
13,31,17.315272116333666
13,32,19.27634878771644
13,33,16.517313231484483
13,34,14.633081027476594
13,35,18.030432613277224
13,36,18.548288222059835
13,37,15.37734642974252
13,38,15.250327731013686
13,39,18.644389566020322
13,40,17.014243767265693
13,41,15.111709039198656
13,42,18.047502583152458
13,43,17.749251485089488
13,44,14.132666282897418
13,45,15.356697421432354
13,46,18.47730154814217
13,47,16.738219227290113
13,48,19.32749359060018
13,49,17.2817834219919
13,50,14.300184971246233
13,51,13.858243751418405
13,52,13.894802184269029
13,53,10.384362051869553
13,54,9.686918084936169
13,55,13.27897016465473
13,56,13.362205572896327
13,57,10.507561873811806
13,58,12.197641742269967
13,59,15.237600975971805
13,60,14.427687835039785
13,61,12.040528657488757
13,62,13.349222153177445
13,63,12.307867988278227
13,64,14.342678696283231
13,65,15.71049092742574
13,66,18.12140518083324
13,67,21.39759472874965
13,68,20.882375916976198
13,69,22.103621862596302
13,70,22.407301316223506
13,71,20.390862796625957
13,72,17.76284417374098
13,73,17.755447541511554
13,74,16.462109857146775
13,75,19.226604862717224
13,76,21.977290182238946
13,77,21.299891070511983
13,78,17.726685670904164
13,79,19.32113026256808
13,80,22.24726854445428
13,81,20.33251701964975
13,82,18.578434908783702
13,83,21.976726939715657
13,84,23.77452490996909
13,85,21.84382450260157
13,86,21.412575584952926
13,87,24.398670518752528
13,88,26.869589116803613
13,89,25.201143950740914
13,90,24.959561727593425
13,91,28.662565503323428
13,92,29.445424132482962
13,93,28.09549359569193
13,94,30.346521522566558
13,95,28.093988911776258
13,96,27.595062376568084
13,97,24.881478933934044
13,98,24.481204878295788
13,99,26.83282385867237
13,100,24.5588496088209
13,101,22.21503319804696
13,102,25.021152398294152
13,103,23.84898762979395
13,104,27.004723046446657
13,105,25.853542247890132
13,106,23.194687041629777
13,107,24.040342839766616
13,108,24.777244494029897
13,109,23.083288869197535
13,110,25.463746699238676
13,111,28.329761241258456
13,112,28.35069590859552
13,113,27.421371774836597
13,114,28.153101745572396
13,115,25.304817081231057
13,116,22.179866282995896
13,117,19.53452628122274
13,118,16.032895893899877
13,119,15.890164248595244
13,120,15.24266530628869
14,1,20.586980221831123
14,2,19.80103944600421
14,3,16.24118065642953
14,4,15.016129408970324
14,5,12.612130691671569
14,6,10.163357702254112
14,7,12.151708200132108
14,8,11.2651523120647
14,9,10.60096281219901
14,10,8.661165603038116
14,11,6.113719882307258
14,12,5.847313997609688
14,13,3.807980144970218
14,15,3.8056657671325214
14,16,5.884309080474628
14,17,7.717049240026591
14,18,10.562852580313002
14,19,11.716326159453093
14,20,15.333816562051616
14,21,17.644894984389634
14,22,19.37947133380736
14,23,17.10011790462618
14,24,18.885767522428274
14,25,20.046404312541394
14,26,21.842733895556957
14,27,19.969626521951003
14,28,20.950316972213418
14,29,19.070251519754663
14,30,15.673333302245759
14,31,17.900729273301227
14,32,19.159537955378216
14,33,15.900909703461958
14,34,14.587097081739724
14,35,17.98556938337662
14,36,17.716509237306706
14,37,14.255790102723912
14,38,14.852111234657832
14,39,17.863092070683642
14,40,15.704432797341477
14,41,14.47996217148641
14,42,17.340591773132207
14,43,16.281544711048163
14,44,12.788698524944667
14,45,14.78245439657085
14,46,17.43128666715228
14,47,15.137095475951229
14,48,17.180577942984254
14,49,14.654762389920192
14,50,11.6994290169285
14,51,10.598380713016654
14,52,11.0130570201185
14,53,7.887442242087002
14,54,6.241564936253226
14,55,9.865035649466021
14,56,10.651665801240298
14,57,8.114802702308959
14,58,9.200624793384113
14,59,12.592004885492193
14,60,12.60568061056654
14,61,10.638670089524531
14,62,11.26208932365001
14,63,10.388438937503436
14,64,13.180150992903803
14,65,14.669720942477174
14,66,17.676629586479766
14,67,20.522628603359227
14,68,19.3566450396566
14,69,20.454347950889836
14,70,20.17547710340623
14,71,17.85563262939087
14,72,14.880249677433056
14,73,14.520637008746515
14,74,12.862033881494046
14,75,15.48033907647609
14,76,18.21150315788164
14,77,17.509238454827724
14,78,13.96827241582903
14,79,15.707288615368725
14,80,18.632194522123367
14,81,16.84924385750157
14,82,15.318871399404049
14,83,18.76487352649044
14,84,20.577468444154338
14,85,18.98797686617187
14,86,18.799006229212683
14,87,21.66345239583068
14,88,24.32721049915567
14,89,23.082463021757874
14,90,22.80486080220504
14,91,26.376997390967432
14,92,27.483264632906913
14,93,26.454363879225394
14,94,28.502504803282815
14,95,26.022043978424037
14,96,25.101725654649304
14,97,22.127024857433604
14,98,21.85481867174543
14,99,24.00529959407165
14,100,21.794620730871273
14,101,19.16540695242842
14,102,21.71910341769494
14,103,20.291023185748042
14,104,23.396591376678828
14,105,22.405390140219886
14,106,19.626997080098185
14,107,20.430769901325927
14,108,21.047437198219253
14,109,19.421559376816518
14,110,21.96705343224877
14,111,24.742783043876845
14,112,24.9465358696749
14,113,24.288836368931857
14,114,25.103495374326886
14,115,22.1130467088417
14,116,18.97496455898193
14,117,16.087390694888075
14,118,12.520830036831692
14,119,12.202661970202803
