1,2,3.812811456092201
1,3,7.263991296884072
1,4,10.712685267971077
1,5,13.304457296846325
1,6,15.695011103139445
1,7,17.54794031057433
1,8,20.91099364527862
1,9,21.514014739410705
1,10,18.48507670504995
1,11,19.13618545512374
1,12,21.398228815573404
1,13,20.02480332313679
1,14,19.181784537949145
1,15,15.464946684486527
1,16,13.874923557433299
1,17,10.195524827191482
1,18,9.02105195271653
1,19,6.402505806033944
1,20,7.212004114734851
1,21,9.565736631528033
1,22,11.947183910993726
1,23,14.7493492158318
1,24,17.09922053028939
1,25,15.275733029260431
1,26,14.591537505983702
1,27,12.08215142035292
1,28,12.428716526584715
1,29,13.744520770526485
1,30,17.071690999826366
1,31,18.17671768920203
1,32,16.91970721060477
1,33,18.97977953836535
1,34,21.856685024819523
1,35,22.23693269260249
1,36,21.88910286450384
1,37,24.4862426164861
1,38,26.996701821363853
1,39,27.172642014545254
1,40,28.22686323959561
1,41,31.91960122731927
1,42,31.07200013787302
1,43,28.769629534455653
1,44,31.59214135264423
1,45,34.357538480115245
1,46,32.50604063941925
1,47,33.77251567460615
1,48,31.123410056351442
1,49,29.75782417161639
1,50,26.591994037655912
1,51,26.038564874685125
1,52,23.645030350839694
1,53,21.48013282464694
1,54,21.686919623242535
1,55,20.855154906915423
1,56,17.83970044842769
1,57,16.600084750709676
1,58,16.923374754895075
1,59,15.953702965554477
1,60,13.349621619339922
1,61,12.317279840320449
1,62,11.391178535359677
1,63,8.026246449671522
1,64,8.969583314385229
1,65,8.71706456217618
1,66,9.274060564242829
1,67,7.5387165507577185
1,68,8.877779980163485
1,69,10.487687917208214
1,70,13.58389009146889
1,71,16.713525929433747
1,72,19.3529036797657
1,73,22.43809168383807
1,74,25.49619822979062
1,75,27.448564761538986
1,76,25.220179195816257
1,77,25.735799711027315
1,78,29.459728926546468
1,79,30.03049949707632
1,80,28.4981624400572
1,81,30.509494686984734
1,82,33.684487227273884
1,83,33.312141626955906
1,84,32.801719107751296
1,85,33.83811273205155
1,86,37.525929527340566
1,87,36.86837998613559
1,88,34.75425886563007
1,89,37.673759543574015
1,90,40.233231363692965
1,91,38.817896454775166
1,92,38.51287208775707
1,93,34.93623420270452
1,94,33.86406820238443
1,95,30.91450795838703
1,96,28.323633940320356
1,97,28.238447025930203
1,98,24.483365604291745
1,99,24.744409683763568
1,100,27.6536075709529
1,101,27.224997833054616
1,102,27.946716445791754
1,103,24.471527983785094
1,104,22.955490566030292
1,105,23.561663748463815
1,106,26.013898826427027
1,107,24.70685066123017
1,108,27.219924502424654
1,109,27.536553250531835
1,110,25.184434879899428
1,111,22.00380177060507
1,112,18.96078451717105
1,113,18.74327231975282
1,114,18.594785130563782
1,115,21.5127325999992
1,116,24.762717322299608
1,117,26.52340302566111
1,118,29.34288299623544
2,1,3.812811456092201
2,3,3.800924491926869
2,4,6.960237927009897
2,5,9.550685682727076
2,6,12.144559809370598
2,7,14.117729681870358
2,8,17.315852625501527
2,9,18.035710678749624
2,10,14.946220904540032
2,11,15.3707801942653
2,12,17.698897814224157
2,13,16.568917135679477
2,14,16.00187624349402
2,15,12.27919192654622
2,16,10.352763834052437
2,17,6.608590277600659
2,18,5.744425466999207
2,19,4.492775076807082
2,20,6.417580780111908
2,21,9.335765609418116
2,22,10.840548369859379
2,23,13.98634515443737
2,24,16.232965832500593
2,25,14.94154091266472
2,26,13.676887335863654
2,27,11.54705221471286
2,28,10.865057369352943
2,29,11.207344129355874
2,30,14.721484347000056
2,31,16.275950443267412
2,32,14.692254570617937
2,33,16.186304389378755
2,34,19.36137458452978
2,35,20.011339509386872
2,36,19.290033193653635
2,37,21.620445709045693
2,38,24.404794949493024
2,39,24.451392544553826
2,40,25.165720704728756
2,41,28.884995624945457
2,42,28.1265574609073
2,43,25.602422558583918
2,44,28.262341221434113
2,45,31.137253362967424
2,46,29.332871571749486
2,47,30.855580704183925
2,48,28.298186839855493
2,49,26.762970196592256
2,50,23.80721942698488
2,51,23.27276284593288
2,52,20.582879224273807
2,53,18.606046073226764
2,54,19.25804724587374
2,55,18.29585983997973
2,56,14.990936819875246
2,57,14.288345488039205
2,58,15.020173689303025
2,59,13.670667968137789
2,60,10.56908656787963
2,61,10.124156688917072
2,62,8.999065065411449
2,63,5.985079486209339
2,64,8.372129839319154
2,65,9.510463116133261
2,66,10.617570308770674
2,67,9.763628976151319
2,68,10.008278627324149
2,69,10.213962405757666
2,70,13.11097845264839
2,71,15.921411902522628
2,72,17.978177441405343
2,73,21.276905100097423
2,74,24.374360798191304
2,75,25.95803178184382
2,76,23.342093131188065
2,77,23.973109340815714
2,78,27.7235721334096
2,79,27.91246708042281
2,80,26.179304644178057
2,81,28.432339712992224
2,82,31.53783415369771
2,83,30.815545362827585
2,84,30.295384129323157
2,85,31.638523760640684
2,86,35.227556479738176
2,87,34.32091424719003
2,88,32.38518067854072
2,89,35.505501198109016
2,90,37.83511000144702
2,91,36.37477481466514
2,92,36.37138157451723
2,93,32.9037133243129
2,94,32.09848297262064
2,95,29.152997557721154
2,96,26.805389093243093
2,97,27.200983256395087
2,98,23.54969361354528
2,99,23.39305882114407
2,100,26.52473291040388
2,101,26.11069811766616
2,102,27.336974199694733
2,103,24.004643908137744
2,104,22.350213261084996
2,105,23.241075353033317
2,106,25.47958521389711
2,107,24.077022562872525
2,108,26.847817959447458
2,109,27.576209408245248
2,110,25.62810753291271
2,111,22.26682118756271
2,112,18.9419597306145
2,113,18.028141229574477
2,114,17.13955968466713
2,115,19.5922593729733
2,116,23.103390126196825
2,117,24.528476443122074
2,118,27.051512824765698
3,1,7.263991296884072
3,2,3.800924491926869
3,4,3.82117206892644
3,5,6.764058109173747
3,6,8.90586511417149
3,7,11.519996198644613
3,8,14.533555397075109
3,9,15.883667770150568
3,10,13.043459855869864
3,11,12.82459112933608
3,12,15.54784224831411
3,13,15.189784218622332
3,14,15.223217381891716
3,15,11.661122067058278
3,16,8.868466703814537
3,17,5.573583915110242
3,18,5.75645538755337
3,19,6.57708304619742
3,20,8.076536675872024
3,21,10.904642634381302
3,22,11.97047323479849
3,23,15.443446714510838
3,24,17.142556211443782
3,25,16.017115526976294
3,26,13.939584729490669
3,27,11.847220805430087
3,28,9.93610404011184
3,29,9.415432890065388
3,30,12.636303232565831
3,31,14.938822500969398
3,32,13.586333912481452
3,33,14.31963321944068
3,34,17.560810791735886
3,35,18.84785031087474
3,36,18.06620355798716
3,37,19.824764927636224
3,38,22.96611649124908
3,39,23.19544510479338
3,40,23.410439052659306
3,41,27.19087254230561
3,42,26.813116580684806
3,43,24.07497885779893
3,44,26.362756971533546
3,45,29.501389297820477
3,46,27.97106300176218
3,47,29.873765570377206
3,48,27.600340922252574
3,49,25.94263083859425
3,50,23.361212088559906
3,51,22.679093459758622
3,52,19.58237079897117
3,53,18.138156012676117
3,54,19.28831860705323
3,55,17.91205430701286
3,56,14.424886112766725
3,57,14.690244269340885
3,58,15.546909573014869
3,59,13.46776663936456
3,60,10.152219857328062
3,61,10.95751163367758
3,62,10.027875879553623
3,63,7.967742639868039
3,64,11.104593023132004
3,65,12.7587516548068
3,66,14.161726313063845
3,67,13.485010644852203
3,68,13.276016470191834
3,69,12.770092833679982
3,70,15.516652808454317
3,71,17.841136984902704
3,72,19.365321369441055
3,73,22.833152148510337
3,74,25.817675344543698
3,75,27.08626189850607
3,76,24.089273668722306
3,77,24.67510266826762
3,78,28.416546375960376
3,79,28.23983389894306
3,80,26.170738495783894
3,81,28.561505160047474
3,82,31.63466112189478
3,83,30.48552426105608
3,84,29.783089292711516
3,85,31.393082231855725
3,86,34.824860655005736
3,87,33.526013610165315
3,88,31.684137547859397
3,89,35.00430374381641
3,90,37.027905010737044
3,91,35.34375304017236
3,92,35.62530850383232
3,93,32.350645543875025
3,94,31.977934329630724
3,95,29.220604589089387
3,96,27.012749720872577
3,97,27.899995721959176
3,98,24.43790550588363
3,99,24.098570440094502
3,100,27.485590477433902
3,101,27.295419776955878
3,102,28.940833102432357
3,103,25.710006881759867
3,104,24.156608586241756
3,105,25.39905520928659
3,106,27.51521202304295
3,107,26.13464266561417
3,108,29.09397001396446
3,109,30.090570451176966
3,110,28.45380028376387
3,111,24.99844136767319
3,112,21.575425899345785
3,113,20.140823770323998
3,114,18.643357979114096
3,115,20.527182231447895
3,116,24.2331879324105
3,117,25.27528008221907
3,118,27.380037912790904
4,1,10.712685267971077
4,2,6.960237927009897
4,3,3.82117206892644
4,5,3.7946982010198345
4,6,6.525423200315022
4,7,9.325121183292197
4,8,11.682437869121653
4,9,13.159616667828109
4,10,10.215381955685801
4,11,9.32646739521983
4,12,11.967344660059517
4,13,12.05983358994501
4,14,12.404300880567009
4,15,9.168500457233765
4,16,5.897049978890975
4,17,3.902041949063801
4,18,5.6806592674336835
4,19,8.387107066397679
4,20,10.435457955027365
4,21,13.105424164381693
4,22,13.14851304021614
4,23,16.381149801633253
4,24,18.003829927239966
4,25,17.580960197365098
4,26,15.339200054151659
4,27,13.967609655776
4,28,11.446208366304967
4,29,9.594331859682104
4,30,12.630074187914277
4,31,15.27525760677407
4,32,13.500431823712669
4,33,13.260438072731818
4,34,16.783223445649373
4,35,18.278024184758543
4,36,16.898849704286576
4,37,18.21353586031733
4,38,21.613886608500618
4,39,21.520000036963236
4,40,21.239202411378795
4,41,24.941834441525657
4,42,24.58263544523899
4,43,21.544960467642873
4,44,23.57768751273511
4,45,26.771109177332516
4,46,25.219026343222207
4,47,27.427341381636563
4,48,25.230604005819504
4,49,23.291241108807114
4,50,21.06303023363059
4,51,20.586621889369354
4,52,17.204684490831198
4,53,15.982508832068387
4,54,17.767623960953966
4,55,16.482602723215287
4,56,12.807344417518298
4,57,13.72095388886966
4,58,15.187280483847651
4,59,13.033861190518051
4,60,9.43663499158888
4,61,10.789761608323664
4,62,9.568077897884075
4,63,8.626021202079281
4,64,12.066840134266494
4,65,14.382842775666656
4,66,16.087697228580126
4,67,16.086829241968367
4,68,15.472108303072243
4,69,14.121739542068877
4,70,16.238989148748804
4,71,18.171070166654093
4,72,18.950590129485942
4,73,22.35674450652208
4,74,25.327517995962747
4,75,26.098789844649808
4,76,22.82806764095002
4,77,23.658147072698956
4,78,27.26706220764273
4,79,26.61557527769775
4,80,24.482245055200856
4,81,27.163370943389626
4,82,30.01283536555747
4,83,28.49011974793667
4,84,27.913949277693593
4,85,29.90523530453032
4,86,33.15680612473203
4,87,31.644040938185185
4,88,30.12903682268843
4,89,33.62188785475575
4,90,35.356585013729386
4,91,33.73440633288742
4,92,34.39534988260676
4,93,31.289977326214977
4,94,31.157802740975495
4,95,28.398682785627752
4,96,26.600162590415366
4,97,27.935876740307716
4,98,24.687626285865477
4,99,23.83005819691587
4,100,27.252277702077624
4,101,26.947709300952923
4,102,29.031710150171865
4,103,26.093035413173975
4,104,24.34345308017791
4,105,25.667829349343606
4,106,27.417547139860012
4,107,25.88713304128696
4,108,28.923938230132396
4,109,30.331461002054205
4,110,29.06144059214608
4,111,25.61644023139621
4,112,22.06336848482266
4,113,20.15132679593952
4,114,17.99698385448128
4,115,19.217559203254513
4,116,23.00809245487325
4,117,23.56478765708727
4,118,25.302482768433773
5,1,13.304457296846325
5,2,9.550685682727076
5,3,6.764058109173747
5,4,3.7946982010198345
5,6,3.8117883073132495
5,7,5.734460051245193
5,8,8.06067470681535
5,9,9.396585430954739
5,10,6.6944441402087875
5,11,6.210009256889572
5,12,9.390553156343119
5,13,9.736025687273221
5,14,11.143787746907002
5,15,8.692265155940012
5,16,6.26284360540111
5,17,5.486288949865428
5,18,5.998825334870083
5,19,9.298303603540202
5,20,10.886103764121184
5,21,13.037055762820493
5,22,12.18062570146304
5,23,15.170981160004446
5,24,16.336783071365907
5,25,16.48267980216585
5,26,14.078013115900802
5,27,13.549519467106695
5,28,10.714217033092725
5,29,7.818386133789544
5,30,10.615648506269878
5,31,13.140365764500872
5,32,10.988362347228694
5,33,10.075577818000387
5,34,13.728339156277354
5,35,15.221829549989213
5,36,13.52076173568902
5,37,14.605330066338135
5,38,18.074217209890616
5,39,17.89750835175166
5,40,17.466487647146064
5,41,21.163807322043784
5,42,20.906015239786313
5,43,17.87798113527387
5,44,19.865954430452213
5,45,23.11253183597831
5,46,21.737368790442474
5,47,23.998196974070876
5,48,22.039536676845703
5,49,20.293248601018785
5,50,18.243359258654834
5,51,17.42979616541434
5,52,13.931571231922996
5,53,13.275009695974813
5,54,15.133691727499302
5,55,13.467522633122176
5,56,9.930236354371601
5,57,11.698307172410672
5,58,13.049542367500601
5,59,10.559002546141706
5,60,7.266856400943851
5,61,9.651575241609068
5,62,9.361187923656507
5,63,9.892561687028833
5,64,13.601693795577411
5,65,16.52951257574262
5,66,17.72239419353876
5,67,17.72980813941448
5,68,16.320988427799975
5,69,14.22402627418593
5,70,16.061052762389046
5,71,17.218108021403904
5,72,17.49552757810253
5,73,20.97741222547903
5,74,23.613506380771355
5,75,24.21994761083218
5,76,20.724796737869113
5,77,21.29044387319272
5,78,24.826133736453954
5,79,24.03478626587292
5,80,21.596052553671505
5,81,24.222434281656124
5,82,27.07238347821959
5,83,25.350858591061947
5,84,24.573395810193002
5,85,26.64112957707997
5,86,29.783245109864946
5,87,28.09647881713243
5,88,26.62167497554811
5,89,30.181027981494395
5,90,31.771289622064256
5,91,30.097355738045444
5,92,30.89564943559797
5,93,27.903750360861835
5,94,27.984876116748787
5,95,25.352566408671628
5,96,23.747393794191858
5,97,25.44299105966748
5,98,22.450866760845777
5,99,21.37156837940022
5,100,24.89152898826176
5,101,24.803644739790755
5,102,27.210319078542852
5,103,24.457154219947007
5,104,22.899756179841624
5,105,24.629347226327088
5,106,26.33254673353408
5,107,25.103922790338164
5,108,28.38468394739957
5,109,29.8449150478991
5,110,29.025328606559363
5,111,25.464304703377167
5,112,22.0568215738961
5,113,19.592899527191733
5,114,17.114124544695155
5,115,17.854877302521622
5,116,21.640736005399855
5,117,22.1581351391951
5,118,23.4532794671106
6,1,15.695011103139445
6,2,12.144559809370598
6,3,8.90586511417149
6,4,6.525423200315022
6,5,3.8117883073132495
6,7,3.843142726871432
6,8,6.152220069374511
6,9,8.749597734269617
6,10,7.587261758734848
6,11,6.76403361136549
6,12,10.541741720254072
6,13,11.867279908407498
6,14,14.052176128420568
6,15,12.15636901948846
6,16,9.734816132687834
6,17,9.202250241409727
6,18,9.292965988594489
6,19,12.051670766352371
6,20,12.655830871061427
6,21,14.37216276214974
6,22,13.673036795773172
6,23,16.78043983022082
6,24,17.12431267531434
6,25,17.08299223124794
6,26,14.077124394107814
6,27,13.57416263783763
6,28,10.103737896675584
6,29,6.775244931129963
6,30,8.28817302914203
6,31,11.413199216755975
6,32,10.07197494700943
6,33,8.331378725314176
6,34,11.534263864106533
6,35,13.842176944817128
6,36,12.631945121313809
6,37,12.901389195534465
6,38,16.57772589405958
6,39,17.035258811808816
6,40,16.219135592381157
6,41,19.94942730225657
6,42,20.379865303766174
6,43,17.493272889109846
6,44,18.9926902487087
6,45,22.531034751034685
6,46,21.7785442699161
6,47,24.231519543692457
6,48,22.82816114409899
6,49,21.3893668576772
6,50,19.735265430455627
6,51,18.383213521918783
6,52,14.821562753565749
6,53,15.108008019666165
6,54,16.834343199650693
6,55,14.478662549314432
6,56,11.487929888750472
6,57,14.001896726482705
6,58,14.672934273949542
6,59,11.508340005619331
6,60,9.156675418531512
6,61,12.350774975159693
6,62,12.816629431581509
6,63,13.430756140099792
6,64,17.19750505946075
6,65,20.02484125029507
6,66,21.014756628600583
6,67,20.584683156648858
6,68,18.999603520547453
6,69,16.970410905892976
6,70,19.05517829317695
6,71,19.803870399533423
6,72,20.03389952233044
6,73,23.59524103245033
6,74,25.872608609526047
6,75,26.507296121830883
6,76,22.89681669240242
6,77,23.01752398266867
6,78,26.476648015352097
6,79,25.66733412938952
6,80,22.82397591140351
6,81,25.183588845439456
6,82,28.107570850867003
6,83,26.15326950489766
6,84,24.912373367799017
6,85,26.922783683816125
6,86,29.876122867526718
6,87,27.805187050542393
6,88,26.190914378716474
6,89,29.79347188672949
6,90,31.129030655381854
6,91,29.071338753481065
6,92,29.95184745962223
6,93,27.20037197422595
6,94,27.755896423674365
6,95,25.538807885525465
6,96,23.869023069355382
6,97,25.8697602799742
6,98,23.150497115155083
6,99,22.304615801797574
6,100,25.99448024823895
6,101,26.39208867784914
6,102,28.919373663919075
6,103,26.168875235553518
6,104,25.047139354548328
6,105,27.173552012676936
6,106,29.02763187943544
6,107,28.112849155813144
6,108,31.530238499362653
6,109,32.87740045194116
6,110,32.213948430189724
6,111,28.5671200753498
6,112,25.30967740630379
6,113,22.68383585706859
6,114,20.223330925823124
6,115,20.759716390869517
6,116,24.476015741894635
6,117,24.977281969444697
6,118,25.883835675394916
7,1,17.54794031057433
7,2,14.117729681870358
7,3,11.519996198644613
7,4,9.325121183292197
7,5,5.734460051245193
7,6,3.843142726871432
7,8,3.8265754820665134
7,9,5.538037387977269
7,10,5.453418449511258
7,11,6.274251643053046
7,12,9.850008037615027
7,13,10.849148584380593
7,14,13.697671377584502
7,15,12.52120956784664
7,16,11.184118334981076
7,17,10.899835506651469
7,18,10.098504737246692
7,19,12.778383034387723
7,20,13.06944163190883
7,21,14.173902125998563
7,22,12.609271893719459
7,23,15.163702006606659
7,24,15.066064821322929
7,25,15.691289518785187
7,26,12.880857618889394
7,27,13.43384771693323
7,28,10.301746707091601
7,29,6.502915783324758
7,30,7.597201177731514
7,31,9.821867724795448
7,32,7.82514143068281
7,33,5.266088011659485
7,34,8.686762304504583
7,35,10.641944441202828
7,36,8.98693298707756
7,37,9.201636032000673
7,38,12.869515428120435
7,39,13.192633666060043
7,40,12.486102681430246
7,41,16.263245445336796
7,42,16.67206286240634
7,43,13.980071095839007
7,44,15.671006630052112
7,45,19.1471890882333
7,46,18.53563448124574
7,47,20.81006092953951
7,48,19.617172108438766
7,49,18.586536177615052
7,50,16.982751774176847
7,51,15.169472973610247
7,52,11.761297021378775
7,53,12.665452242273663
7,54,14.082757947507373
7,55,11.32651845771629
7,56,8.913925224845794
7,57,12.03514481764844
7,58,12.338249622535136
7,59,9.082180064532702
7,60,7.732163066104243
7,61,11.385480422243525
7,62,12.709559019653465
7,63,14.280702309956894
7,64,18.00162666351901
7,65,21.203207908997708
7,66,21.688107172186974
7,67,21.30107515463077
7,68,19.096079968547574
7,69,16.540123629020112
7,70,18.271677881574064
7,71,18.277872317093497
7,72,18.11640628532287
7,73,21.62308554664787
7,74,23.488909891627024
7,75,24.067372691189696
7,76,20.404882069293638
7,77,20.159490781429266
7,78,23.498846071562983
7,79,22.717966821751954
7,80,19.629515989617147
7,81,21.790325106995496
7,82,24.749780753270592
7,83,22.766535024793722
7,84,21.295282988840487
7,85,23.238634023714702
7,86,26.141729502096474
7,87,24.02636863755147
7,88,22.36272630892659
7,89,25.969555034965435
7,90,27.292344950619377
7,91,25.245705653471305
7,92,26.14307991024962
7,93,23.417902284626084
7,94,24.059310788266274
7,95,21.935054571480645
7,96,20.43189275521509
7,97,22.695506016260975
7,98,20.254232130066196
7,99,19.229648869286038
7,100,22.92429122612021
7,101,23.534019308884204
7,102,26.26188915663845
7,103,23.724720878674805
7,104,22.83802290638411
7,105,25.290981043306893
7,106,27.118080640513618
7,107,26.561808446732485
7,108,30.133293734499272
7,109,31.418628673259022
7,110,31.147450706499683
7,111,27.463092399917716
7,112,24.457127580100877
7,113,21.46949912325803
7,114,18.945261984360027
7,115,19.164750655666
7,116,22.707771855693835
7,117,23.339167994362352
7,118,23.912657607507434
8,1,20.91099364527862
8,2,17.315852625501527
8,3,14.533555397075109
8,4,11.682437869121653
8,5,8.06067470681535
8,6,6.152220069374511
8,7,3.8265754820665134
8,9,3.8015184260911963
8,10,5.411493494110533
8,11,5.109879308384798
8,12,8.094936380147946
8,13,10.122325219724393
8,14,13.522419887099403
8,15,13.292684994075428
8,16,12.248851461218742
8,17,13.07352595860032
8,18,12.988363772253205
8,19,16.073824771624267
8,20,16.734360393728476
8,21,17.8574873861799
8,22,15.974052558648665
8,23,18.13137338492198
8,24,17.980793727621066
8,25,19.049564427369226
8,26,16.377521237918643
8,27,17.189866112560626
8,28,14.043176015173405
8,29,10.248322985126045
8,30,10.647764105728177
8,31,12.770417233740739
8,32,10.903701488451663
8,33,7.580118619824763
8,34,10.246992584813338
8,35,12.28207548259141
8,36,10.069658891812482
8,37,9.069072186972162
8,38,12.818543473402617
8,39,12.708962007420642
8,40,10.954949438754074
8,41,14.43847651040225
8,42,15.110941589459738
8,43,12.056706901086548
8,44,13.031001089124684
8,45,16.68376393888418
8,46,16.305171126945872
8,47,19.061335953467808
8,48,18.233034884319736
8,49,16.985756136499504
8,50,16.137097063959782
8,51,14.512495636745447
8,52,10.950948158486332
8,53,12.598653143717161
8,54,14.637432905703976
8,55,12.15197860452897
8,56,10.182543274673218
8,57,13.733053761910936
8,58,14.510467613122914
8,59,11.696210326698942
8,60,10.593955956597503
8,61,13.997747003815455
8,62,14.97686117857203
8,63,16.91789076776162
8,64,20.51969204586724
8,65,23.864975773676427
8,66,24.59131908871747
8,67,24.57450653856103
8,68,22.36375154947113
8,69,19.550259937109992
8,70,20.794161961766328
8,71,20.528087906660428
8,72,19.71692173381176
8,73,22.93262299871116
8,74,24.633097706747915
8,75,24.66173447470635
8,76,20.869800248793258
8,77,20.818633619148564
8,78,23.80134997549591
8,79,22.477715590134434
8,80,19.34469193979957
8,81,21.700469825251773
8,82,24.26675001261274
8,83,21.792339464115486
8,84,20.407774035303817
8,85,22.794099642200237
8,86,25.311541171548694
8,87,22.85233874438003
8,88,21.675514714083562
8,89,25.41860139412425
8,90,26.250413249912878
8,91,24.248204285338485
8,92,25.67436936294724
8,93,23.326917271331272
8,94,24.360073820300777
8,95,22.414074558215063
8,96,21.502071805778566
8,97,24.201848678704064
8,98,22.167882217614387
8,99,20.679135650214594
8,100,24.210630054505792
8,101,24.73169827905764
8,102,27.805151100810033
8,103,25.663236418974332
8,104,24.6673120968708
8,105,27.105641050389703
8,106,28.53714450545165
8,107,27.892127244312
8,108,31.41970407493037
8,109,33.02467185416144
8,110,33.06822780832724
8,111,29.49831856822226
8,112,26.494514240153354
8,113,23.27165504839393
8,114,20.345939623171006
8,115,19.861329242812104
8,116,23.241586571270552
8,117,23.330707434077464
8,118,23.34368138398662
9,1,21.514014739410705
9,2,18.035710678749624
9,3,15.883667770150568
9,4,13.159616667828109
9,5,9.396585430954739
9,6,8.749597734269617
9,7,5.538037387977269
9,8,3.8015184260911963
9,10,3.8204897903288404
9,11,5.740206265819538
9,12,7.465249850134741
9,13,8.395628571864938
9,14,12.035202843877896
9,15,12.465920237072979
9,16,12.543354408733375
9,17,13.498631625034566
9,18,12.929121447594486
9,19,15.928384750775063
9,20,16.736556110673355
9,21,17.56414723058634
9,22,14.985910455163602
9,23,16.43301403977919
9,24,16.376949518985374
9,25,18.145391845638148
9,26,16.08055745890937
9,27,17.592183781900115
9,28,15.038322491159532
9,29,11.354719601224359
9,30,12.219220315999255
9,31,13.373268997499228
9,32,10.700429459615645
9,33,7.732161246454339
9,34,10.428017154437342
9,35,11.286701606377251
9,36,8.169760589550826
9,37,7.742757022587101
9,38,11.048840378944353
9,39,9.976550954328152
9,40,8.545081949441737
9,41,12.007413460486745
9,42,11.95349558455484
9,43,8.794925348756458
9,44,10.520997386765732
9,45,13.879092092444202
9,46,13.072327555479337
9,47,15.57877199310223
9,48,14.546664550872322
9,49,13.473679906539298
9,50,12.485985881623378
9,51,10.712898927680314
9,52,7.200096924059553
9,53,9.23826082009674
9,54,11.179109706114849
9,55,8.839904135910144
9,56,7.432772537386785
9,57,11.178857766887063
9,58,12.084927076013225
9,59,9.929787094694312
9,60,9.457329669887068
9,61,12.497484038706755
9,62,13.805350718975182
9,63,16.463283933099152
9,64,19.800202452658695
9,65,23.38703651221227
9,66,23.783918808292672
9,67,24.032065524541036
9,68,21.46778829633506
9,69,18.253617150763706
9,70,18.932624061210067
9,71,18.138987358161653
9,72,16.84704727729762
9,73,19.84536002633364
9,74,21.302461960096824
9,75,21.15448440436425
9,76,17.360335896980626
9,77,17.25728604902122
9,78,20.105112635160282
9,79,18.71350226978624
9,80,15.557605192080608
9,81,17.978239451541985
9,82,20.48619312512504
9,83,18.04371887410185
9,84,16.779711541196484
9,85,19.25979383742378
9,86,21.84957037861903
9,87,19.595530175863306
9,88,18.5545656859472
9,89,22.311665735826598
9,90,23.2876505328376
9,91,21.63174633781699
9,92,23.07099868255161
9,93,20.59650599415736
9,94,21.37808800515388
9,95,19.213405965063867
9,96,18.640262017903265
9,97,21.42865373939214
9,98,19.559241359851036
9,99,17.64408979918593
9,100,21.003497957077744
9,101,21.376200830957437
9,102,24.616337403244255
9,103,22.764611454596427
9,104,21.709744457934196
9,105,24.190841663844285
9,106,25.427730917329754
9,107,24.941537216475385
9,108,28.499398663556516
9,109,30.137134043045048
9,110,30.49815467706695
9,111,27.0018572617948
9,112,24.204026540010087
9,113,20.754133430178506
9,114,17.754507427057746
9,115,16.92837938917027
9,116,20.094541368761412
9,117,20.24947359455923
9,118,20.06711336268644
10,1,18.48507670504995
10,2,14.946220904540032
10,3,13.043459855869864
10,4,10.215381955685801
10,5,6.6944441402087875
10,6,7.587261758734848
10,7,5.453418449511258
10,8,5.411493494110533
10,9,3.8204897903288404
10,11,3.8166548703124312
10,12,5.721869331766594
10,13,5.6584633139715415
10,14,8.852893515077145
10,15,8.741582549020679
10,16,8.919701514931935
10,17,9.925361678423133
10,18,9.62648944313369
10,19,12.918887678422129
10,20,14.379319919100974
10,21,15.652000105959978
10,22,13.191530760429025
10,23,14.860349126218118
10,24,15.640281257568304
10,25,17.228761933901552
10,26,15.398756246323952
10,27,16.487004554810156
10,28,14.099861131114123
10,29,10.58645454887401
10,30,12.576805798975402
10,31,13.977577024825859
10,32,10.899278993451967
10,33,8.892830265585209
10,34,12.352736184501655
10,35,12.977985783248664
10,36,9.935667069212318
10,37,10.707914805085153
10,38,13.898532604042765
10,39,12.651025680698064
10,40,11.921459040049825
10,41,15.331605624565967
10,42,14.625049187929568
10,43,11.395809071819672
10,44,13.592572553946278
10,45,16.605623100214803
10,46,15.053173810927717
10,47,17.352854646260308
10,48,15.522070026058419
10,49,13.882252309393389
10,50,12.196146065947406
10,51,11.21229994961251
10,52,7.505800496359906
10,53,7.823471103165581
10,54,10.204324377739812
10,55,8.600614383820277
10,56,5.734064003148559
10,57,8.925421152478782
10,58,10.681920370696151
10,59,8.873035912067815
10,60,7.093683827874496
10,61,9.66333576850962
10,62,10.310394584064001
10,63,12.906776742512747
10,64,16.19085043217753
10,65,19.77317097639226
10,66,20.412462121191464
10,67,20.937359515054823
10,68,18.641802684233703
10,69,15.481582576758546
10,70,16.10963079199412
10,71,15.892962972084366
10,72,14.818443830734083
10,73,17.942506177203263
10,74,19.987176732995152
10,75,19.93645548596675
10,76,16.16418782128516
10,77,16.64123561140478
10,78,19.78993460162955
10,79,18.487565758980512
10,80,15.802876815996056
10,81,18.60114146092531
10,82,21.154091268031202
10,83,19.048471254741163
10,84,18.338157069231404
10,85,20.79173350545734
10,86,23.689519603071144
10,87,21.899600842968177
10,88,20.868047269362933
10,89,24.534516195660174
10,90,25.86496444428511
10,91,24.506552022051626
10,92,25.70643274824393
10,93,22.915295452295982
10,94,23.14402482214005
10,95,20.511229620061506
10,96,19.713440712114974
10,97,22.020650420267852
10,98,19.638879443955666
10,99,17.693988591624368
10,100,21.019276795589285
10,101,20.885131278268997
10,102,23.913652532663114
10,103,21.84134851248108
10,104,20.302213044544903
10,105,22.366550564732506
10,106,23.57521260069761
10,107,22.669718932517455
10,108,26.13067004431936
10,109,27.872265072864547
10,110,27.91334152690652
10,111,24.43121643250636
10,112,21.365936832529957
10,113,18.10732599350484
10,114,15.029138643920188
10,115,14.541761694108603
10,116,18.025652659714506
10,117,18.221746346145355
10,118,18.649972026794224
11,1,19.13618545512374
11,2,15.3707801942653
11,3,12.82459112933608
11,4,9.32646739521983
11,5,6.210009256889572
11,6,6.76403361136549
11,7,6.274251643053046
11,8,5.109879308384798
11,9,5.740206265819538
11,10,3.8166548703124312
11,12,3.8161734193148007
11,13,5.953916119044725
11,14,8.896456143442979
11,15,8.730780231677475
11,16,7.831055542542492
11,17,9.746037594919068
11,18,10.761866799999757
11,19,14.413905635826085
11,20,16.199223529615335
11,21,17.92285658737225
11,22,16.014651917848166
11,23,18.12026247105807
11,24,19.016334768173103
11,25,20.193199231331796
11,26,17.99915020907405
11,27,18.461944378272268
11,28,15.591022912278907
11,29,12.00352751986987
11,30,13.764714478903038
11,31,15.98273407164936
11,32,13.454773782141235
11,33,11.071659140510853
11,34,14.439542253070087
11,35,15.830209059521295
11,36,13.09479224993665
11,37,13.12728757442477
11,38,16.631868072138435
11,39,15.636493836141884
11,40,14.186969843877034
11,41,17.44545236611697
11,42,17.142309303874907
11,43,13.614689674954509
11,44,15.006125883932222
11,45,18.235722630982213
11,46,16.842893321895403
11,47,19.65361779626616
11,48,17.987296888544112
11,49,15.833093144726655
11,50,14.734465332095686
11,51,14.280512921750228
11,52,10.47987198279148
11,53,10.769107117126559
11,54,13.676821661006612
11,55,12.378624704836788
11,56,9.438360440682814
11,57,12.261307781884353
11,58,14.292493180143893
11,59,12.315556445967948
11,60,9.943785449459414
11,61,12.368467945008524
11,62,12.099954598026192
11,63,13.999007980785288
11,64,17.31432053479423
11,65,20.66175129608381
11,66,21.925995569739317
11,67,22.587817874268097
11,68,20.79665119956086
11,69,17.958498892247256
11,70,18.74064980182872
11,71,19.043342745865125
11,72,18.04216145494054
11,73,21.056154061495945
11,74,23.33940095820828
11,75,23.03961079253771
11,76,19.276021394285177
11,77,20.128386166219002
11,78,23.14568122298021
11,79,21.51384785037614
11,80,19.011859582743316
11,81,22.000525701247604
11,82,24.288462521017877
11,83,21.896059499871626
11,84,21.358425451889154
11,85,24.075728132095545
11,86,26.744720108568536
11,87,24.715200553665387
11,88,23.948573742463658
11,89,27.689890839241695
11,90,28.70052337157052
11,91,27.247970529418843
11,92,28.729910200075043
11,93,26.160803933569312
11,94,26.649931170927882
11,95,24.143643257707314
11,96,23.42905394393854
11,97,25.80562467055594
11,98,23.416288005536643
11,99,21.509932496571587
11,100,24.813097486052136
11,101,24.568750836350887
11,102,27.5989076444283
11,103,25.520810030835733
11,104,23.81209557345138
11,105,25.629814213644238
11,106,26.666120580044886
11,107,25.396795189708325
11,108,28.67811478350084
11,109,30.66263480634291
11,110,30.528442283696947
11,111,27.142507067305797
11,112,23.84857878176472
11,113,20.799481412593536
11,114,17.567290735050108
11,115,16.96114819498176
11,116,20.48238704713912
11,117,20.15000551278633
11,118,20.502513620178625
12,1,21.398228815573404
12,2,17.698897814224157
12,3,15.54784224831411
12,4,11.967344660059517
12,5,9.390553156343119
12,6,10.541741720254072
12,7,9.850008037615027
12,8,8.094936380147946
12,9,7.465249850134741
12,10,5.721869331766594
12,11,3.8161734193148007
12,13,3.8158044283633696
12,14,6.81093439118358
12,15,8.205617600422396
12,16,8.536144355329787
12,17,11.4268904700638
12,18,12.840407025758624
12,19,16.55438830357562
12,20,18.80643615815926
12,21,20.54330403989089
12,22,18.293031718552392
12,23,19.883744919109414
12,24,21.101789365286102
12,25,22.71726027168472
12,26,20.936229625892683
12,27,21.650520112691062
12,28,19.04639615653653
12,29,15.527535180927616
12,30,17.4119151297529
12,31,19.34682467117185
12,32,16.513555401245085
12,33,14.180616698328626
12,34,17.435564536143676
12,35,18.37984120759582
12,36,15.186261832414774
12,37,15.201065178543153
12,38,18.35934359225002
12,39,16.640904644252974
12,40,14.99621842686456
12,41,17.729793506236177
12,42,16.903028565890526
12,43,13.169257633301676
12,44,14.413379885456237
12,45,17.188531368105068
12,46,15.281708210210793
12,47,18.22804033068786
12,48,16.32535968832591
12,49,13.577242181633597
12,50,12.938639221112297
12,51,13.377928213310476
12,52,9.796610096105042
12,53,9.806891477631552
12,54,13.343691203570094
12,55,12.996892095047059
12,56,10.399350578452236
12,57,12.838645438385125
12,58,15.529758959470836
12,59,14.36853028637213
12,60,12.123151483615942
12,61,13.772104577022857
12,62,12.979688997981269
12,63,15.256787167101077
12,64,18.067740975033498
12,65,21.479681472589345
12,66,22.915105813422933
12,67,24.141834059952107
12,68,22.39823230767844
12,69,19.346226969933923
12,70,19.41133006945174
12,71,19.571025559334082
12,72,17.94400722534896
12,73,20.45807579875762
12,74,22.752962258348834
12,75,21.856970527416507
12,76,18.153040654302693
12,77,19.563033547106603
12,78,22.20103578640759
12,79,20.062600571913215
12,80,17.986317189461513
12,81,21.331129707805857
12,82,23.114208187899678
12,83,20.531557941090156
12,84,20.580469073885265
12,85,23.667584781459517
12,86,26.114557451066474
12,87,24.22060437494084
12,88,24.012931043661002
12,89,27.722826348292234
12,90,28.551435867801672
12,91,27.5296314093727
12,92,29.300277645317895
12,93,26.864915948065786
12,94,27.24135907567605
12,95,24.590352385362667
12,96,24.40935546606986
12,97,26.85261838600682
12,98,24.64868486943587
12,99,22.245169329791786
12,100,25.19756818368421
12,101,24.51096342678004
12,102,27.71218817506968
12,103,26.047342387894382
12,104,23.986924946933502
12,105,25.483056905201487
12,106,25.97719734399123
12,107,24.4339238034775
12,108,27.509714549078467
12,109,29.876687953806776
12,110,30.001528150358485
12,111,26.867539655445484
12,112,23.604429185879056
12,113,20.478123131909484
12,114,16.91767679217812
12,115,15.60315792063967
12,116,18.85466980243841
12,117,17.88426311088684
12,118,17.89521157320722
13,1,20.02480332313679
13,2,16.568917135679477
13,3,15.189784218622332
13,4,12.05983358994501
13,5,9.736025687273221
13,6,11.867279908407498
13,7,10.849148584380593
13,8,10.122325219724393
13,9,8.395628571864938
13,10,5.6584633139715415
13,11,5.953916119044725
13,12,3.8158044283633696
13,14,3.8031830856504523
13,15,5.836987175049647
13,16,7.763843888250773
13,17,10.362325360944054
13,18,11.299080837871479
13,19,14.773959239888521
13,20,17.296364495742825
13,21,18.92469849659789
13,22,16.376320793386594
13,23,17.49111874917259
13,24,19.159254759514404
13,25,21.053659380819735
13,26,19.84792596622509
13,27,20.8028560055392
13,28,18.7656201006089
13,29,15.559301995897568
13,30,18.002943044876595
13,31,19.40644745944878
13,32,16.11262549036471
13,33,14.491016378832466
13,34,17.918203270308986
13,35,18.139277981865376
13,36,14.764032707648424
13,37,15.648659644615101
13,38,18.41981058994084
13,39,16.295628756586233
13,40,15.432876569811146
13,41,18.141419666036025
13,42,16.59183503179011
13,43,13.104564623153383
13,44,15.185834568058604
13,45,17.476785530402722
13,46,14.958303582606911
13,47,17.30447931172476
13,48,14.750563573367343
13,49,11.96741432751723
13,50,10.496027223528548
13,51,11.397962436514417
13,52,8.155485354566398
13,53,6.853759349121329
13,54,10.459588375246948
13,55,10.911183709525295
13,56,8.222429764847769
13,57,9.85457416763979
13,58,13.041214583520052
13,59,12.701289854635544
13,60,10.45805102328265
13,61,11.216170096214348
13,62,10.239288382986683
13,63,13.01456542698185
13,64,15.439146864176312
13,65,18.993806050479986
13,66,20.175778843990397
13,67,21.6924885482563
13,68,19.826509454544862
13,69,16.59991535908689
13,70,16.16652165503503
13,71,16.2606602114075
13,72,14.450921142830738
13,73,16.815669667174017
13,74,19.283896446052932
13,75,18.40218009943276
13,76,14.783302568103112
13,77,16.50959979438184
13,78,19.227192263263383
13,79,17.24507766521485
13,80,15.52802035818972
13,81,19.012289164218476
13,82,20.831893696428832
13,83,18.664904478489504
13,84,19.07542437466706
13,85,22.003833855740172
13,86,24.712168894439237
13,87,23.322552867551853
13,88,23.058008211224323
13,89,26.61692091038481
13,90,27.8371954949114
13,91,27.157579937956395
13,92,28.643177338041504
13,93,25.93062199029128
13,94,25.789292695207028
13,95,22.7930102455633
13,96,22.620346972591268
13,97,24.73628096720058
13,98,22.38844553518887
13,99,19.815032737838912
13,100,22.550139006006592
13,101,21.49182105872872
13,102,24.577771397689972
13,103,22.983206538151872
13,104,20.652090537988297
13,105,21.90464762309567
13,106,22.27821956790233
13,107,20.637217169332406
13,108,23.697508915789438
13,109,26.080414199245524
13,110,26.235127393073512
13,111,23.157959070907165
13,112,19.936802712920823
13,113,16.782487738306337
13,114,13.16330806348395
13,115,11.820046216077952
13,116,15.14572858031524
13,117,14.377968403497558
13,118,14.80487903050489
14,1,19.181784537949145
14,2,16.00187624349402
14,3,15.223217381891716
14,4,12.404300880567009
14,5,11.143787746907002
14,6,14.052176128420568
14,7,13.697671377584502
14,8,13.522419887099403
14,9,12.035202843877896
14,10,8.852893515077145
14,11,8.896456143442979
14,12,6.81093439118358
14,13,3.8031830856504523
14,15,3.8094086119306403
14,16,6.961129119471373
14,17,9.778944122331222
14,18,11.242565655806352
14,19,14.46123652616198
14,20,17.557776718885464
14,21,19.43271565769698
14,22,17.122419930158216
14,23,18.100245324521925
14,24,20.404558784893997
14,25,22.166548126976636
14,26,21.337914976395638
14,27,21.997596506756008
14,28,20.301740564747867
14,29,17.50639752410587
14,30,20.41600673031682
14,31,21.817278301506416
14,32,18.44557755556106
14,33,17.38149369052499
14,34,20.968837355300632
14,35,21.004860430432924
14,36,17.742559599129542
14,37,19.067370473329902
14,38,21.72503322549404
14,39,19.515473562527788
14,40,18.990281810007748
14,41,21.619845364895436
14,42,19.739980453608315
14,43,16.416784872656578
14,44,18.64896334784581
14,45,20.60769105060156
14,46,17.72321047397562
14,47,19.73650425766521
14,48,16.73614640113615
14,49,13.710502628356167
14,50,11.908012108706025
14,51,13.576781478573686
14,52,10.93101024840436
14,53,8.47265101253032
14,54,11.764804031090192
14,55,13.051810453070305
14,56,10.218670057442669
14,57,10.515620744582353
14,58,14.167165065061498
14,59,14.457089642309864
14,60,11.7885671952364
14,61,11.39032948511501
14,62,9.28421876991455
14,63,11.692125136150851
14,64,13.37585379544115
14,65,16.715395100400375
14,66,18.249693798480546
14,67,20.31679368835547
14,68,18.905937432869226
14,69,15.927905479458241
14,70,15.063235926830052
14,71,15.75457514127993
14,72,14.061948035781544
14,73,16.058966731725395
14,74,19.005061939448407
14,75,18.04528383806831
14,76,14.803879549985178
14,77,17.178517087664424
14,78,19.83509452251734
14,79,17.936644520406528
14,80,16.939395697935993
14,81,20.543021785057512
14,82,22.174786759823906
14,83,20.393382895199657
14,84,21.31015234708504
14,85,24.132390523772816
14,86,26.935221092471036
14,87,25.95302994729858
14,88,25.77074414399579
14,89,29.169727561301976
14,90,30.594441033517082
14,91,30.189395200980027
14,92,31.52541723860327
14,93,28.665464332825763
14,94,28.131423388607296
14,95,24.87626727945008
14,96,24.662695390990713
14,97,26.364673606842302
14,98,23.786557193802143
14,99,21.200726226131923
14,100,23.650207467345652
14,101,22.076709700987
14,102,24.8647364052623
14,103,23.29062772231169
14,104,20.50092670199597
14,105,21.103367596972618
14,106,21.184866938275693
14,107,18.990860797993257
14,108,21.711757803466426
14,109,24.32214460919141
14,110,24.215820683408047
14,111,21.381464391973967
14,112,17.989357518158855
14,113,15.24122227878647
14,114,11.63302082018531
14,115,10.463144688921847
14,116,13.75525480060156
14,117,12.753889888658456
14,118,13.887657925317082
15,1,15.464946684486527
15,2,12.27919192654622
15,3,11.661122067058278
15,4,9.168500457233765
15,5,8.692265155940012
15,6,12.15636901948846
15,7,12.52120956784664
15,8,13.292684994075428
15,9,12.465920237072979
15,10,8.741582549020679
15,11,8.730780231677475
15,12,8.205617600422396
15,13,5.836987175049647
15,14,3.8094086119306403
15,16,3.814657167369329
15,17,6.1150359700934604
15,18,7.934204946159134
15,19,11.145684136559957
15,20,14.461418182347408
15,21,16.637253647622725
15,22,14.861788792479235
15,23,16.37504268257417
15,24,18.88764440969091
15,25,20.09253127061862
15,26,19.144822712624098
15,27,19.293482215697793
15,28,17.6648193015654
