1,2,3.8056262685086932
1,3,6.905697061108107
1,4,7.9085511024853865
1,5,11.533990833009003
1,6,14.168094494424315
1,7,17.193906695973684
1,8,17.031649714577764
1,9,18.333007061508333
1,10,15.562811675589954
1,11,16.759349506990016
1,12,15.979450500864731
1,13,17.865931306212246
1,14,21.316227424547623
1,15,23.26185470918925
1,16,23.992811708704192
1,17,24.15271735992757
1,18,20.40915489415613
1,19,19.2664869795489
1,20,18.107964133005314
1,21,16.632358380920873
1,22,13.64277892163603
1,23,12.109545578591339
1,24,13.023985311116816
1,25,13.406325265968045
1,26,16.304584939261595
1,27,18.284669684048406
1,28,22.04393753404481
1,29,24.512732304405954
1,30,24.01587639755691
1,31,25.988295014298537
1,32,28.725867966307394
1,33,29.460154518037136
1,34,28.407323684053935
1,35,27.390446152999402
1,36,26.154583194808925
1,37,24.734155705500555
1,38,28.103737245220522
1,39,30.0942505592459
1,40,27.59753764973661
1,41,27.316481009890488
1,42,31.100802609687427
1,43,31.67574363084814
1,44,29.305540959839448
1,45,30.975080127791667
1,46,33.96811961640865
1,47,32.24686284298279
1,48,31.327144726969504
1,49,34.35222278784601
1,50,33.18440249609167
1,51,29.832221763892424
1,52,31.68633641460302
1,53,34.05390508758504
1,54,31.281628990440925
1,55,33.14460951870756
1,56,29.99563059044158
1,57,26.821863785820327
1,58,24.736235799255898
1,59,26.5361717856623
1,60,24.264372853727608
1,61,21.217464983833754
1,62,23.442207783463843
1,63,24.96251545417966
1,64,21.67287597863873
1,65,20.428686456604105
1,66,23.73699471516411
1,67,24.12718545608184
1,68,20.562777341636256
1,69,18.863362424309543
1,70,15.09012668984985
1,71,14.284188231789477
1,72,12.91365158402581
1,73,13.241302099990346
1,74,16.966258267145438
1,75,19.462644242192482
1,76,20.956074894143462
1,77,20.24274340042146
1,78,19.890828500852322
1,79,22.611188635358264
1,80,22.3289437415977
1,81,23.739308894961106
1,82,27.40618119748472
1,83,26.97912091176804
1,84,24.806692664133713
1,85,27.723223422815394
1,86,30.363167509171166
1,87,29.017863813625095
1,88,28.854491183479908
1,89,32.257311112815806
1,90,33.93720089483922
1,91,34.37015987732748
1,92,34.49121511051017
1,93,36.726063991796686
1,94,39.75388160480496
1,95,38.98765754839866
1,96,38.689950137833435
1,97,41.92628166407431
1,98,43.523914076424504
1,99,42.774201216056575
1,100,44.563643466024686
1,101,41.889027383310854
1,102,40.59707276079636
1,103,37.02264427928863
1,104,35.936158966504124
1,105,36.39590479816456
1,106,33.09292871291349
1,107,31.401320922655824
1,108,33.34762603956682
1,109,31.38118312179837
1,110,33.38110466047466
1,111,31.50172732519637
1,112,28.13858302720703
1,113,27.618075255027716
1,114,27.993858136329653
1,115,24.886732799311307
1,116,25.36628815896636
1,117,23.989318120020446
1,118,24.851572456907743
1,119,23.902099717443008
1,120,20.796155726554687
1,121,20.475856051586437
1,122,18.540023618027163
1,123,19.174270933590105
1,124,21.742938186853475
2,1,3.8056262685086932
2,3,3.783449857476147
2,4,6.355976427083932
2,5,9.586010755413932
2,6,12.58112502910924
2,7,15.444913488171114
2,8,16.05550928451832
2,9,17.146049455712667
2,10,14.681463207882521
2,11,16.599842328583506
2,12,16.419261683317277
2,13,18.09211050911282
2,14,21.77793649811728
2,15,23.412782865057483
2,16,24.569392323679438
2,17,24.328627642656016
2,18,20.51470824408222
2,19,20.060875506209555
2,20,19.063035893138178
2,21,16.947387780610814
2,22,13.612648522142349
2,23,11.98043339244574
2,24,13.455710581897158
2,25,13.153092600703351
2,26,15.323676590896032
2,27,16.76755728659888
2,28,20.517535862965918
2,29,22.742198988341773
2,30,22.130802152262554
2,31,23.748464044591373
2,32,26.782081414798686
2,33,27.545389042767134
2,34,26.941127657797196
2,35,26.059464671665573
2,36,25.32943863374419
2,37,24.24678531788028
2,38,27.838788938036284
2,39,29.410431968684616
2,40,26.758159939023443
2,41,26.953828156096964
2,42,30.74882149945703
2,43,30.905277518469617
2,44,28.597525925950166
2,45,30.680521826858342
2,46,33.43850074449943
2,47,31.636522921718942
2,48,31.161987319362
2,49,34.218717832483016
2,50,32.74602650112059
2,51,29.62837822224263
2,52,31.871694522266278
2,53,34.043723003801546
2,54,31.089774194709058
2,55,32.54999109378019
2,56,29.228700913023125
2,57,26.314424338110474
2,58,23.83051446871871
2,59,25.636041529098502
2,60,23.72597449478533
2,61,20.362280353310094
2,62,22.05358585028411
2,63,23.82251720535663
2,64,20.716553170938013
2,65,18.86106907088728
2,66,22.023144779926188
2,67,22.858463006772425
2,68,19.503859984789546
2,69,17.203600604153284
2,70,13.448580714573234
2,71,12.443875585334439
2,72,10.263155204365844
2,73,10.26388434058457
2,74,13.940681098725463
2,75,16.844494699600705
2,76,18.301607793700633
2,77,17.767128391998536
2,78,17.101756904863105
2,79,19.95141584361762
2,80,19.89158028231106
2,81,21.09449562461585
2,82,24.842889130295124
2,83,24.67099254060153
2,84,22.821658682542367
2,85,25.716060309701934
2,86,28.373150402929305
2,87,27.417839669940815
2,88,27.468416598088215
2,89,30.68340469988855
2,90,32.41903067553414
2,91,33.248076270836904
2,92,33.40573253063227
2,93,35.33399378857651
2,94,38.50364139914923
2,95,38.0618136782672
2,96,37.63904464934825
2,97,40.68944848675905
2,98,42.56717149306402
2,99,41.9290231176108
2,100,43.44440501026167
2,101,40.58908721182667
2,102,39.00530239899053
2,103,35.341618909512604
2,104,34.17354698089135
2,105,34.29106635410875
2,106,30.988952001190864
2,107,29.41701690188508
2,108,31.11210876593704
2,109,28.98957377465299
2,110,30.689367780286844
2,111,28.758173874064457
2,112,25.35530077526304
2,113,24.551508080387197
2,114,24.981741959567124
2,115,21.83029493793244
2,116,22.06893264221204
2,117,20.51526901310099
2,118,21.20225022064246
2,119,20.404903080516736
2,120,17.379123522784358
2,121,17.462211297238113
2,122,16.001308697090778
2,123,17.013427365026953
2,124,19.37459514138223
3,1,6.905697061108107
3,2,3.783449857476147
3,4,3.811928123243025
3,5,6.401294058928743
3,6,9.291317525416433
3,7,12.122168768027244
3,8,13.305613200967043
3,9,14.568010868223482
3,10,12.73090453271551
3,11,15.338260904281517
3,12,16.0266474950732
3,13,17.96586261665658
3,14,21.65706743485811
3,15,23.38681970255349
3,16,25.098660200875226
3,17,24.929663003441295
3,18,21.14208804372751
3,19,21.031249089162113
3,20,20.64063670237876
3,21,18.45204527858011
3,22,15.314110852326953
3,23,13.039026246077883
3,24,14.109880847217486
3,25,12.757151442513225
3,26,14.259210196881844
3,27,14.878404762323022
3,28,18.425793092851016
3,29,20.556740595200804
3,30,20.34441197504646
3,31,21.976487093558855
3,32,25.21137972975513
3,33,25.58683176617281
3,34,25.221372758415423
3,35,24.07521572057747
3,36,23.743827630510513
3,37,23.205522057302776
3,38,26.895390421122425
3,39,28.263556304077127
3,40,25.79953353873153
3,41,26.479054714113385
3,42,30.23764265088791
3,43,30.25798116157628
3,44,28.308500026748806
3,45,30.69431896181749
3,46,33.39966750756202
3,47,31.854222062676282
3,48,31.723077129249937
3,49,34.96597265949654
3,50,33.501914431696285
3,51,30.61930421946365
3,52,33.13529853676324
3,53,35.37039706690258
3,54,32.49079930625831
3,55,33.69374238283021
3,56,30.4088646114735
3,57,27.81711904739682
3,58,24.968924438412664
3,59,26.401237863942566
3,60,24.548260118798325
3,61,21.140522845479424
3,62,22.317470750723462
3,63,23.858689512869002
3,64,20.735540320720194
3,65,18.538476212923207
3,66,21.24805513918392
3,67,22.065949671602958
3,68,18.79632446868432
3,69,16.230968665030673
3,70,12.657876265929628
3,71,10.748911619419486
3,72,8.019048258461092
3,73,6.959604911561059
3,74,10.73179576536768
3,75,13.639910762434578
3,76,15.551432216907099
3,77,15.666284540074129
3,78,15.374738601204223
3,79,18.65602369060863
3,80,19.297125534482003
3,81,20.69857819317095
3,82,24.49049406524687
3,83,24.889269040430747
3,84,23.180673366048513
3,85,25.739832033958276
3,86,28.632028053014963
3,87,28.149785757087436
3,88,28.063936628278025
3,89,30.999368748936405
3,90,33.03196666192922
3,91,34.12482774078109
3,92,34.018527087798766
3,93,35.61140410340126
3,94,38.97810328926569
3,95,38.67238125080805
3,96,37.9103326308095
3,97,40.85082257713127
3,98,42.98131717593186
3,99,42.19596320133215
3,100,43.433308165955914
3,101,40.364495072668724
3,102,38.65584883468152
3,103,34.99440727190003
3,104,33.48214836895197
3,105,33.27474102442183
3,106,29.832425089046797
3,107,28.683779795534754
3,108,30.378923782248286
3,109,28.410677818971656
3,110,29.764743747603035
3,111,27.48941001948832
3,112,24.286163751865192
3,113,23.45750784575059
3,114,24.34727578683599
3,115,21.405987072857453
3,116,21.489782558392317
3,117,19.775843365797808
3,118,19.79872900492402
3,119,19.073853543187983
3,120,15.941655828455144
3,121,16.52452223119188
3,122,15.753743847415345
3,123,17.550649246354595
3,124,19.93237834315841
4,1,7.9085511024853865
4,2,6.355976427083932
4,3,3.811928123243025
4,5,3.8294836276152133
4,6,6.359805431448937
4,7,9.401956165279119
4,8,9.926788832910177
4,9,11.639499468188061
4,10,9.965340535197749
4,11,12.540407720254208
4,12,13.628220413109117
4,13,16.151516715207606
4,14,19.630297204009338
4,15,21.823138135980766
4,16,23.758849725914796
4,17,24.10860878633343
4,18,20.409469239685805
4,19,19.99958297775685
4,20,20.21474710459124
4,21,18.55748921016076
4,22,15.968837968223477
4,23,12.993238983742133
4,24,13.008327001907967
4,25,11.077441167719346
4,26,12.731713367574109
4,27,13.176065255660266
4,28,16.55737029420996
4,29,18.96063486707156
4,30,19.342759709185007
4,31,21.526672350758027
4,32,24.54184495567122
4,33,24.45631800911186
4,34,23.717984166207362
4,35,22.09941129287679
4,36,21.537282031501675
4,37,21.18672807728329
4,38,24.755853997087993
4,39,26.40235055694903
4,40,24.329467232885513
4,41,24.99167371831971
4,42,28.71495193184794
4,43,29.083172193274017
4,44,27.467528182390993
4,45,29.725255967948375
4,46,32.65846598873042
4,47,31.514870162436935
4,48,31.269826375509183
4,49,34.71707935029927
4,50,33.62197036969684
4,51,30.740814043768903
4,52,33.1626883509286
4,53,35.71211550287765
4,54,33.13030961198052
4,55,34.49921556733251
4,56,31.457594228735122
4,57,28.936858831047953
4,58,26.09111596886913
4,59,27.064861225348444
4,60,24.82112746819267
4,61,21.714108141200235
4,62,22.973337081446417
4,63,23.92808694928997
4,64,20.525474885837767
4,65,18.72057055798712
4,66,21.132731572895544
4,67,21.32268197881649
4,68,17.849104397976944
4,69,15.787296067471372
4,70,12.363356006047468
4,71,9.733148493705805
4,72,7.9561963806773015
4,73,6.809037767772676
4,74,10.472875732354515
4,75,12.470529975310964
4,76,14.819390803205202
4,77,15.267160856691747
4,78,15.900573469618978
4,79,19.39584863201519
4,80,20.45114489341827
4,81,22.41803248930218
4,82,26.15018804027459
4,83,26.840046569950132
4,84,24.792870972658307
4,85,27.00125961671422
4,86,30.17733271081546
4,87,29.722121552372528
4,88,29.167218367522466
4,89,32.03247832782732
4,90,34.37418203792224
4,91,35.270647865304106
4,92,34.77862901529851
4,93,36.36818394020667
4,94,39.80389430814502
4,95,39.24098641887475
4,96,38.21416561589986
4,97,41.27185132746752
4,98,43.35589809137498
4,99,42.242184770683146
4,100,43.493513589438734
4,101,40.39585130121345
4,102,38.925937949392235
4,103,35.38136980181671
4,104,33.570295222653414
4,105,33.47181950464831
4,106,29.86390128402228
4,107,29.026782535252938
4,108,31.09503840204732
4,109,29.54276429126623
4,110,30.966733727484623
4,111,28.378648677243568
4,112,25.470893692876718
4,113,25.105308435276626
4,114,26.440818831509063
4,115,23.826459485004534
4,116,24.224827525275945
4,117,22.747839591490596
4,118,22.366756081082446
4,119,21.329074361423743
4,120,17.93052448446579
4,121,18.25809217503866
4,122,17.423490028614754
4,123,19.545684433326468
4,124,22.3289348659284
5,1,11.533990833009003
5,2,9.586010755413932
5,3,6.401294058928743
5,4,3.8294836276152133
5,6,3.79656700139079
5,7,5.872557017825694
5,8,7.083840383384617
5,9,8.47709161987151
5,10,7.630767170597107
5,11,10.955096851156574
5,12,12.985564054961252
5,13,15.422359848266696
5,14,18.75434226099595
5,15,20.828933344011368
5,16,23.2892741895682
5,17,23.609323860973504
5,18,20.089029776022173
5,19,20.15812400054226
5,20,20.945742556496832
5,21,19.2155335092896
5,22,16.968863084880873
5,23,13.672898971423768
5,24,13.392988680934266
5,25,10.53912986922648
5,26,11.111832017603815
5,27,10.542083132347145
5,28,13.553413158708066
5,29,15.812031831538029
5,30,16.592059288895687
5,31,18.81918514369301
5,32,21.885602957154873
5,33,21.42746760598723
5,34,20.888898296378347
5,35,19.081079011824603
5,36,18.94893414660225
5,37,19.153340891967513
5,38,22.75821458431852
5,39,24.09911739376082
5,40,22.21818658231985
5,41,23.370706978762914
5,42,26.970508524885922
5,43,27.157710232731773
5,44,25.92144057326803
5,45,28.445409770476424
5,46,31.251982034637305
5,47,30.37957319264962
5,48,30.49327551082366
5,49,34.06015819200391
5,50,32.9916398041071
5,51,30.4080226694829
5,52,33.07035166858046
5,53,35.63611170604472
5,54,33.18384104069198
5,55,34.28264780215183
5,56,31.36166823266122
5,57,29.21774145451079
5,58,26.09649532808921
5,59,26.629679438930026
5,60,24.48143456936339
5,61,21.47089402262937
5,62,22.205471088610285
5,63,22.836908689606762
5,64,19.5376563207479
5,65,17.538704018322
5,66,19.366425155538373
5,67,19.46475055297457
5,68,16.232050504086537
5,69,14.074014044133026
5,70,11.19579113934455
5,71,7.8111195609969215
5,72,6.217620665853325
5,73,4.466166258966942
5,74,7.440269302549775
5,75,8.840265948909886
5,76,11.52087702225704
5,77,12.55291673776344
5,78,13.789496526438795
5,79,17.49532896903637
5,80,19.187551481216016
5,81,21.433177232744164
5,82,25.0449691302965
5,83,26.258682032903007
5,84,24.265711885470957
5,85,26.027693318123635
5,86,29.402092906023316
5,87,29.36131783520086
5,88,28.589611145842383
5,89,31.13144614518685
5,90,33.76014381264604
5,91,34.83638216200424
5,92,34.04516663610359
5,93,35.30438726039242
5,94,38.88124430202362
5,95,38.4145073131223
5,96,37.055137955230514
5,97,39.98814821774744
5,98,42.275718260251764
5,99,41.00862680001756
5,100,41.990036400877564
5,101,38.7303928642151
5,102,37.199614566492684
5,103,33.72362733012661
5,104,31.598227508480228
5,105,31.257291755352256
5,106,27.562021868848575
5,107,27.149649126106738
5,108,29.26712332416253
5,109,27.98984643631433
5,110,29.158745362247725
5,111,26.26773599861359
5,112,23.682491507711333
5,113,23.52272027348078
5,114,25.3409817305169
5,115,23.126289966329466
5,116,23.644474066930176
5,117,22.361632664635717
5,118,21.381829795027965
5,119,20.12912380281331
5,120,16.650672877526116
5,121,17.10658542187525
5,122,16.79115236663708
5,123,19.507863935978506
5,124,22.34163494010024
6,1,14.168094494424315
6,2,12.58112502910924
6,3,9.291317525416433
6,4,6.359805431448937
6,5,3.79656700139079
6,7,3.815548969641037
6,8,5.442754852043365
6,9,8.187744620237867
6,10,8.827036117312273
6,11,12.114986034670322
6,12,14.752285617481263
6,13,17.605905159287182
6,14,20.558900117646505
6,15,22.95419391479609
6,16,25.623579599706982
6,17,26.297319117512068
6,18,22.94016494228235
6,19,22.849821294164705
6,20,23.98859230317525
6,21,22.563978970269876
6,22,20.543907125169152
6,23,17.097913059418325
6,24,16.304525371811298
6,25,13.200167273592177
6,26,13.56155323528068
6,27,12.344813910609052
6,28,14.628158130310071
6,29,16.812656519632238
6,30,18.33546939295325
6,31,20.719576322384032
6,32,23.68511489189976
6,33,22.648816987342826
6,34,22.101506572742036
6,35,19.764602053927877
6,36,19.793090286861606
6,37,20.54357272862824
6,38,23.929797751952016
6,39,25.33405581085411
6,40,23.941067290931016
6,41,25.28654460077331
6,42,28.726818895897434
6,43,29.07898855830429
6,44,28.252542744217905
6,45,30.75440372531645
6,46,33.61418530541737
6,47,33.069338621601595
6,48,33.229851636942165
6,49,36.896203086688445
6,50,36.01810754067397
6,51,33.527459054369544
6,52,36.16081704577088
6,53,38.85216171415367
6,54,36.552319779212674
6,55,37.647750985453875
6,56,34.83584612522819
6,57,32.78774607214121
6,58,29.642381349912295
6,59,29.960285821603037
6,60,27.73016373331661
6,61,24.880372014624143
6,62,25.488474845087655
6,63,25.828232996837784
6,64,22.52490944971378
6,65,20.64425430659356
6,66,22.064407913126175
6,67,21.857659566990712
6,68,18.74487141318353
6,69,16.871994151274574
6,70,14.407278295696564
6,71,10.75147288094433
6,72,9.564604870841642
6,73,7.138677397673526
6,74,9.052878798818146
6,75,9.443399950461414
6,76,12.844818980615337
6,77,14.703933178039557
6,78,16.458091011483695
6,79,20.24281428701361
6,80,22.331985154282794
6,81,24.64351757872866
6,82,28.168908863785216
6,83,29.635549878330565
6,84,27.71450952746774
6,85,29.2618430206452
6,86,32.71152773994946
6,87,32.84650468262065
6,88,31.957416238131465
6,89,34.343787244705595
6,90,37.11322216318993
6,91,38.22144045324813
6,92,37.25004043727221
6,93,38.3672625433595
6,94,41.999624247278874
6,95,41.50484546180211
6,96,39.939136673193374
6,97,42.83329679250023
6,98,45.183166012904714
6,99,43.73772446491795
6,100,44.59392841406677
6,101,41.26103287031695
6,102,39.7808566185765
6,103,36.403944330080506
6,104,34.022228848188035
6,105,33.52387648332971
6,106,29.769034387182874
6,107,29.747770551764567
6,108,31.91817357592274
6,109,30.852275969170858
6,110,31.783992701512137
6,111,28.67499918504311
6,112,26.36918515586753
6,113,26.229978253230552
6,114,28.28916102520454
6,115,26.224959487868375
6,116,26.54648336802283
6,117,25.07369682673442
6,118,23.73343575699852
6,119,22.729234825812725
6,120,19.418259464626594
6,121,20.206551449762877
6,122,20.238862907149308
6,123,23.13024012087926
6,124,25.897620160640926
7,1,17.193906695973684
7,2,15.444913488171114
7,3,12.122168768027244
7,4,9.401956165279119
7,5,5.872557017825694
7,6,3.815548969641037
7,8,3.813937226389588
7,9,5.574672830344107
7,10,7.64656003147645
7,11,11.11060245234412
7,12,14.393377231153451
7,13,16.944775981240642
7,14,19.572357585790087
7,15,21.764496407326632
7,16,24.826249919218565
7,17,25.482021041922533
7,18,22.415533733555932
7,19,22.725588033265225
7,20,24.338040787988305
7,21,22.939877201245267
7,22,21.32249922274316
7,23,17.75754337193776
7,24,16.72618003268559
7,25,13.156205574834448
7,26,12.528441696485647
7,27,10.382055512585822
7,28,11.867849224072769
7,29,13.804500403370605
7,30,15.820721689894858
7,31,18.266797559388568
7,32,21.081000989072045
7,33,19.627626014929415
7,34,19.201567507132303
7,35,16.66330516133481
7,36,17.109777187192936
7,37,18.423697546756866
7,38,21.703175348428964
7,39,22.788337317591168
7,40,21.67079417883858
7,41,23.429005260806857
7,42,26.651404397802434
7,43,26.86594679778647
7,44,26.445949534301157
7,45,29.10471545536458
7,46,31.815444692651802
7,47,31.569585156215375
7,48,32.0233162081367
7,49,35.74723184406035
7,50,34.95428030353446
7,51,32.764671682922
7,52,35.54352355490766
7,53,38.24226772957224
7,54,36.128929683962895
7,55,37.00772715955939
7,56,34.38777532249996
7,57,32.69730334252519
7,58,29.405768065773884
7,59,29.280054038619163
7,60,27.129344695373177
7,61,24.503438307587047
7,62,24.687214962474805
7,63,24.639003044762138
7,64,21.517726100920733
7,65,19.655030694080622
7,66,20.442660701793102
7,67,20.03414704299685
7,68,17.29235416753565
7,69,15.593071970520953
7,70,13.900621248305386
7,71,10.111299624716894
7,72,9.69318499935482
7,73,7.7633223090878865
7,74,8.034830080496834
7,75,6.903805316432328
7,76,10.393826496890789
7,77,12.757176229981988
7,78,15.165687640079256
7,79,18.864365540239614
7,80,21.425656215384457
7,81,24.003449734482448
7,82,27.290878543727683
7,83,29.170628169366033
7,84,27.243100058017983
7,85,28.316409467200852
7,86,31.900400811279134
7,87,32.3478291896963
7,88,31.200796001874767
7,89,33.26477047471782
7,90,36.27708029443162
7,91,37.461233860520025
7,92,36.187176790097226
7,93,37.020277398737306
7,94,40.724186600814235
7,95,40.26259201516677
7,96,38.398616605622685
7,97,41.17336203483383
7,98,43.650614710987696
7,99,42.03964115132424
7,100,42.66568561742726
7,101,39.23741398259841
7,102,37.77901284358624
7,103,34.53856828240516
7,104,31.884137923225552
7,105,31.234873348619658
7,106,27.45369121285377
7,107,27.850081942114144
7,108,30.105765988049125
7,109,29.39888268466286
7,110,30.155799247366502
7,111,26.812539489603765
7,112,24.91932526884802
7,113,25.11793049792877
7,114,27.595273051496864
7,115,25.995233807722787
7,116,26.562304184510356
7,117,25.437912732865826
7,118,23.664200770001074
7,119,22.343737463234056
7,120,19.03718992576795
7,121,19.708995727267308
7,122,20.052094089253547
7,123,23.284691481357562
7,124,26.103756329281293
8,1,17.031649714577764
8,2,16.05550928451832
8,3,13.305613200967043
8,4,9.926788832910177
8,5,7.083840383384617
8,6,5.442754852043365
8,7,3.813937226389588
8,9,3.8126560561443643
8,10,5.7453836595001935
8,11,8.398245275510993
8,12,11.76538983985146
8,13,14.729689265470968
8,14,17.002402266980425
8,15,19.631636300338467
8,16,22.599229001875678
8,17,23.75472226420567
8,18,20.833052244430874
8,19,20.690087008344662
8,20,22.624920295542235
8,21,21.78859373880276
8,22,20.641977474993162
8,23,16.875537611283185
8,24,15.086080774832677
8,25,11.566743259356493
8,26,11.414203706324239
8,27,9.843426566088734
8,28,11.256648035937472
8,29,13.656347101551411
8,30,15.896062276541134
8,31,18.91818412351754
8,32,21.248304027233804
8,33,19.70209182739972
8,34,18.547566080897766
8,35,15.702567404895492
8,36,15.381733422642512
8,37,16.45376846908979
8,38,19.49970748203548
8,39,21.108424736379796
8,40,20.3075295582971
8,41,21.65486661253721
8,42,24.85236159576203
8,43,25.57359852150064
8,44,25.252732546474153
8,45,27.54028087050224
8,46,30.524367736694867
8,47,30.526978242702537
8,48,30.63309622845343
8,49,34.42943314774307
8,50,34.011827598679716
8,51,31.695889904371636
8,52,34.2039233876538
8,53,37.15875883041189
8,54,35.31011780529763
8,55,36.495056486219376
8,56,34.10213058634158
8,57,32.307418003720755
8,58,29.24425604959185
8,59,28.907367181792093
8,60,26.36357808873578
8,61,24.08291532695585
8,62,24.657933712420544
8,63,24.191516282612284
8,64,20.833389640327393
8,65,19.617325150090107
8,66,20.45827163541204
8,67,19.394351466395552
8,68,16.39993569587802
8,69,15.491661593794449
8,70,13.845924137257065
8,71,10.256970407843268
8,72,10.994483027487824
8,73,10.11013734704063
8,74,10.850893140262304
8,75,9.412184468957905
8,76,12.218025999894287
8,77,13.902121737308963
8,78,16.667831735048654
8,79,20.15992853979286
8,80,22.476806046327404
8,81,25.396609603451314
8,82,28.63520594968095
8,83,30.34940375309784
8,84,28.017008565484566
8,85,29.016958999789672
8,86,32.69702031335313
8,87,32.84217346011651
8,88,31.348543963328552
8,89,33.534551103997856
8,90,36.63212137103798
8,91,37.446824198228356
8,92,35.974805835126645
8,93,37.03905317157392
8,94,40.662541100257286
8,95,39.84821793530815
8,96,37.960147083903564
8,97,40.93012538715287
8,98,43.16956135398175
8,99,41.33047374138635
8,100,42.17786170536256
8,101,38.89151543958648
8,102,37.784796921974205
8,103,34.66845696218388
8,104,31.997110499712967
8,105,31.75180135523651
8,106,27.937447657015053
8,107,28.27067898626728
8,108,30.897755505253734
8,109,30.460229103245968
8,110,31.587729686092064
8,111,28.26094732266963
8,112,26.44282053840643
8,113,27.065968365191246
8,114,29.54427509647612
8,115,28.00301288936397
8,116,28.94712944047893
8,117,28.085569353510436
8,118,26.553124829018262
8,119,24.904972241670933
8,120,21.38001311468395
8,121,21.46086752844838
8,122,21.219605533645716
8,123,24.231448765451596
8,124,27.388502407799923
9,1,18.333007061508333
9,2,17.146049455712667
9,3,14.568010868223482
9,4,11.639499468188061
9,5,8.47709161987151
9,6,8.187744620237867
9,7,5.574672830344107
9,8,3.8126560561443643
9,10,3.808412353983639
9,11,6.466610195855472
9,12,10.18679534102592
9,13,12.460745425810785
9,14,14.571877915831482
9,15,16.78623918218707
9,16,20.04861933201338
9,17,21.001173861432264
9,18,18.322904574342253
9,19,18.675037167569027
9,20,20.914169812731057
9,21,20.004592944342466
9,22,19.245614353331483
9,23,15.529707301257554
9,24,13.719315087481224
9,25,9.950528057865698
9,26,8.73913105689627
9,27,6.53244168583589
9,28,7.469512503966096
9,29,9.923008350327688
9,30,12.260547969568874
9,31,15.448072675209062
9,32,17.56027238956836
9,33,15.977503576782013
9,34,14.737418360574585
9,35,11.969006435223323
9,36,11.792389165872887
9,37,13.05083290446768
9,38,16.201988083022194
9,39,17.513447263641098
9,40,16.663915572367856
9,41,18.276909483549684
9,42,21.396844835602657
9,43,21.933892673092487
9,44,21.76028956966364
9,45,24.188743738557097
9,46,27.03836063221146
9,47,27.158453521505038
9,48,27.484231892693007
9,49,31.28769383133887
9,50,30.880235933946935
9,51,28.793022311193685
9,52,31.427487948600042
9,53,34.33417970884684
9,54,32.612635548734104
9,55,33.62375774201064
9,56,31.395827270766556
9,57,29.892809134227665
9,58,26.760449107326227
9,59,26.073135467771984
9,60,23.611762643671227
9,61,21.54772519500977
9,62,21.82444946279403
9,63,21.04953287578003
9,64,17.856542947680534
9,65,16.745134660133704
9,66,17.15660406139957
9,67,15.905654912858994
9,68,13.180622423553013
9,69,12.519781682776475
9,70,11.609835002085559
9,71,8.310188142543046
9,72,10.05446494006157
9,73,10.23509517245489
9,74,10.073721844969443
9,75,7.875644688546089
9,76,9.722636647565597
9,77,11.046797571837848
9,78,14.240503490356092
9,79,17.44108430406603
9,80,19.892512856682565
9,81,23.064436362922237
9,82,26.066352370522672
9,83,27.97142710583166
9,84,25.540807400284912
9,85,26.177156580943052
9,86,29.931004360842692
9,87,30.21581430903162
9,88,28.49038636553286
9,89,30.466059037171345
9,90,33.71241284471178
9,91,34.51700988465006
9,92,32.837060311382515
9,93,33.75152859561187
9,94,37.390363785396175
9,95,36.57330218890269
9,96,34.52721703048891
9,97,37.43997432082287
9,98,39.72608799568801
9,99,37.81276455254844
9,100,38.55777770260966
9,101,35.24450018659715
9,102,34.181012767726806
9,103,31.14912826449485
9,104,28.37750050646167
9,105,28.175276060704796
9,106,24.3634693625372
9,107,24.833247135167554
9,108,27.585755344493045
9,109,27.420498543259324
9,110,28.605079411868495
9,111,25.22142692536245
9,112,23.65664963524758
9,113,24.680222659881053
9,114,27.36851305646855
9,115,26.203038788260937
9,116,27.533482372726564
9,117,27.140467353802176
9,118,25.508458427116725
9,119,23.418710723074877
9,120,19.850289467165656
9,121,19.500465898464764
9,122,19.2431045811486
9,123,22.370734250803885
9,124,25.611240022315755
10,1,15.562811675589954
10,2,14.681463207882521
10,3,12.73090453271551
10,4,9.965340535197749
10,5,7.630767170597107
10,6,8.827036117312273
10,7,7.64656003147645
10,8,5.7453836595001935
10,9,3.808412353983639
10,11,3.7939113201684407
10,12,6.954400404499331
10,13,9.313250923404738
10,14,11.998648279919372
10,15,14.280763520872824
10,16,17.21779424169422
10,17,18.10291181702688
10,18,15.130708614453361
10,19,15.264641336964496
10,20,17.274254865780446
10,21,16.377267507219823
10,22,15.61743761656571
10,23,11.849103746894167
10,24,9.941701967365566
10,25,6.196526445443026
10,26,5.7482616331289655
10,27,5.193771411754116
10,28,7.726226444172841
10,29,10.580703112766464
10,30,11.890356879730598
10,31,15.166462214844932
10,32,17.25311734265827
10,33,16.42630954750858
10,34,14.85015833868779
10,35,12.705114304419846
10,36,11.756373470219584
10,37,11.869205738395864
10,38,15.304458466346407
10,39,16.972493395487323
10,40,15.558931036005374
10,41,16.574604457514788
10,42,20.028677711647557
10,43,20.700356317779455
10,44,19.953217183158387
10,45,22.196816794258325
10,46,25.23113626632705
10,47,25.019169481733947
10,48,25.01420059756464
10,49,28.786311439316027
10,50,28.339203014658217
10,51,25.96048845893662
10,52,28.469734733550318
10,53,31.41447729469733
10,54,29.597021366152806
10,55,30.847156854236232
10,56,28.546574252026705
10,57,26.77445457371128
10,58,23.80121775839427
10,59,23.33393531592737
10,60,20.671341457577494
10,61,18.540932075127124
10,62,19.297185953515736
10,63,18.691901150909217
10,64,15.217907674726208
10,65,14.345832486939639
10,66,15.431086661629422
10,67,14.190978721138793
10,68,10.899561316095786
10,69,10.350076037678072
10,70,8.804039484825653
10,71,5.85617183041836
10,72,8.298962614911845
10,73,9.566640072216961
10,74,10.332977746976361
10,75,9.253045275312916
10,76,10.408488922600814
10,77,10.50412880799958
10,78,13.20292544030266
10,79,16.259128760500637
10,80,18.096933770224208
10,81,21.31087488971594
10,82,24.43392613414322
10,83,25.91782706168149
10,84,23.223750705990398
10,85,24.164084499908583
10,86,27.868364834519515
10,87,27.75257949545337
10,88,26.034987532550083
10,89,28.336355867957906
10,90,31.428749789426174
10,91,32.009534626971245
10,92,30.497303203557937
10,93,31.76051222026296
10,94,35.306593685160784
10,95,34.339269830303564
10,96,32.57446922217671
10,97,35.67413893709217
10,98,37.76199410862283
10,99,35.96898755716619
10,100,37.02278417498131
10,101,33.85993250346818
10,102,32.884451109017064
10,103,29.744029229153885
10,104,27.29862238160154
10,105,27.473196827405964
10,106,23.69904397806212
10,107,23.60708380252794
10,108,26.456099602403086
10,109,26.08549445752911
10,110,27.699544769169684
10,111,24.593717804861875
10,112,22.667105080210447
10,113,23.738044285097775
10,114,26.089293972104297
10,115,24.695171517820185
10,116,26.257296856839844
10,117,26.014617302714804
10,118,24.873447444103533
10,119,22.590717395011293
10,120,18.84346592001548
10,121,17.993481929881852
10,122,17.06762695229081
10,123,19.833178992504347
10,124,23.27931408176074
11,1,16.759349506990016
11,2,16.599842328583506
11,3,15.338260904281517
11,4,12.540407720254208
11,5,10.955096851156574
11,6,12.114986034670322
11,7,11.11060245234412
11,8,8.398245275510993
11,9,6.466610195855472
11,10,3.7939113201684407
11,12,3.814670965457853
11,13,6.521403717051074
11,14,8.639476933391414
11,15,11.447656032485133
11,16,14.250623856035563
11,17,15.732424563058485
11,18,13.079605134309965
11,19,12.707299787856943
11,20,15.231525515849203
11,21,15.110600118289447
11,22,15.170837021722578
11,23,11.475781922769093
11,24,8.586991020779909
11,25,5.463399129837747
11,26,5.726897447650141
11,27,6.6603753092137365
11,28,8.506216266203722
11,29,11.40871789617824
11,30,12.582979651100516
11,31,16.177314539569256
11,32,17.534043276133303
11,33,16.797566155023983
11,34,14.442675993446864
11,35,12.338615021937372
11,36,10.28990988733194
11,37,9.631742420586217
11,38,12.730385426412436
11,39,15.050973510443187
11,40,13.926288054069554
11,41,14.254504174553983
11,42,17.663920125425754
11,43,18.930078832893656
11,44,18.237456629006516
11,45,19.964169119452112
11,46,23.28001274653976
11,47,23.33653942546982
11,48,22.91732545842935
11,49,26.724672757465036
11,50,26.716906380679106
11,51,24.25012049590201
11,52,26.422662578118782
11,53,29.622339218298038
11,54,28.15625453836983
11,55,29.71478508332542
11,56,27.748852443861317
11,57,25.95012623097497
11,58,23.318802135169424
11,59,22.54683573058652
11,60,19.48955572650712
11,61,17.935912081728866
11,62,19.10480074021861
11,63,17.959281174011885
11,64,14.375181818507755
11,65,14.484571530906697
11,66,15.528313521042362
11,67,13.50797206459577
11,68,10.13625481942037
11,69,10.900518858364256
11,70,9.836851980354817
11,71,8.138281034096012
11,72,11.258812706775727
11,73,13.089773851310625
11,74,13.926056963731158
11,75,12.714470785981838
11,76,13.253660343871
11,77,12.657861516584735
11,78,15.367337183601576
11,79,17.879277825956
11,80,19.314804578221032
11,81,22.74800378393137
11,82,25.648475671065487
11,83,26.921528436542946
11,84,23.864511477895178
11,85,24.6335339991308
11,86,28.330261007199088
11,87,27.893163615880685
11,88,25.78929809988016
11,89,28.147076419047472
11,90,31.27875273487106
11,91,31.423556674022997
11,92,29.690038630692793
11,93,31.189098675781132
11,94,34.581580150622564
11,95,33.22762885710317
11,96,31.462104123355076
11,97,34.74042758697947
11,98,36.531861282115166
11,99,34.513316239743176
11,100,35.815012048474166
11,101,32.86244100365987
11,102,32.29977878289095
11,103,29.357702492672562
11,104,26.978897613137143
11,105,27.637216174046614
11,106,23.958713350742578
11,107,23.754809899934354
11,108,26.93485264567779
11,109,26.8861105060283
11,110,28.869800605808937
11,111,25.898369995454026
11,112,24.13684299944633
11,113,25.639278614992012
11,114,27.92654864018424
11,115,26.692420264293112
11,116,28.621143205778864
11,117,28.6957422510594
11,118,27.776814818218273
11,119,25.22659623368354
11,120,21.45061053202437
11,121,20.045120501566057
11,122,18.580076652698928
11,123,20.946943695421762
11,124,24.603502839483003
12,1,15.979450500864731
12,2,16.419261683317277
12,3,16.0266474950732
12,4,13.628220413109117
12,5,12.985564054961252
12,6,14.752285617481263
12,7,14.393377231153451
12,8,11.76538983985146
12,9,10.18679534102592
12,10,6.954400404499331
12,11,3.814670965457853
12,13,3.787558756473858
12,14,6.253572961265902
12,15,9.328709374301468
12,16,11.396618737665952
12,17,13.119232369112687
12,18,10.371556213945285
12,19,9.273389851731356
12,20,11.778066770488445
12,21,12.209216628538858
12,22,12.773701918502711
12,23,9.348456159299678
12,24,5.810323392973817
12,25,4.331810738276618
12,26,6.240597327552462
12,27,8.881243301289075
12,28,11.043754878407064
12,29,13.774040638896539
12,30,14.111978024305062
12,31,17.539064914973224
12,32,18.58206654999722
12,33,18.48140695335725
12,34,15.846441366877855
12,35,14.40517447622846
12,36,11.753276120470694
12,37,9.822626572133073
12,38,12.634406924987141
12,39,15.353226773765522
12,40,13.896920094543281
12,41,13.247029577933993
12,42,16.77818811791313
12,43,18.365919340236335
12,44,17.144457953265633
12,45,18.360711617593935
12,46,21.88838315672691
12,47,21.713684039703654
12,48,20.761061054832886
12,49,24.475377939477152
12,50,24.619987321987363
12,51,21.844373238889023
12,52,23.683347198403514
12,53,27.003709092559035
12,54,25.609808559408837
12,55,27.531895710215156
12,56,25.66589012790328
12,57,23.60546979370306
12,58,21.359996594239107
12,59,20.708957009987582
12,60,17.343103035216537
12,61,16.065960489109823
12,62,17.888473850417007
12,63,16.739408949902668
12,64,13.029742880575412
12,65,13.863047107418387
12,66,15.45262676175249
12,67,13.310910280682647
12,68,9.752124140561945
12,69,11.132598283746034
12,70,9.869167658792756
12,71,9.439347554460078
12,72,12.627766467342346
12,73,15.038955007416194
12,74,16.331655607403412
12,75,15.696495659411756
12,76,15.813271825541904
12,77,14.434996640521701
12,78,16.55685120338397
12,79,18.61919196184177
12,80,19.32973191192986
12,81,22.70716245785386
12,82,25.531488417873955
12,83,26.32345563084782
12,84,22.991106841059565
12,85,23.952640755033578
12,86,27.493824589483417
12,87,26.57172034121128
12,88,24.377532827227807
12,89,27.01252916667786
12,90,29.94673518276714
12,91,29.70592475341217
12,92,28.080670866180167
12,93,29.978212894595124
12,94,33.16946059772862
12,95,31.544008605166937
12,96,30.078390028218035
12,97,33.54781196615026
12,98,35.01826981131275
12,99,33.05603095146216
12,100,34.721864818847095
12,101,32.03017553732251
12,102,31.703083979326813
12,103,28.793645515566404
12,104,26.789500451783084
12,105,27.912699958498237
12,106,24.409035895217162
12,107,23.697089840101288
12,108,26.968316521388097
12,109,26.850337378406618
12,110,29.255816104870643
12,111,26.629504456537
12,112,24.686149870118342
12,113,26.302675790311817
12,114,28.233311795858423
12,115,26.895496384019943
12,116,29.065784516834768
12,117,29.34539842628057
12,118,28.884429684645262
12,119,26.19366722189376
12,120,22.416958910708946
12,121,20.533146992665177
12,122,18.4097350639994
12,123,20.165637334814505
12,124,23.94048063470453
13,1,17.865931306212246
13,2,18.09211050911282
13,3,17.96586261665658
13,4,16.151516715207606
13,5,15.422359848266696
13,6,17.605905159287182
13,7,16.944775981240642
13,8,14.729689265470968
13,9,12.460745425810785
13,10,9.313250923404738
13,11,6.521403717051074
13,12,3.787558756473858
13,14,3.800782844305823
13,15,5.854286636093996
13,16,8.031528089945358
13,17,9.402893037315243
13,18,6.809192344440934
13,19,6.389683280930577
13,20,9.394911980614271
13,21,9.874475536909728
13,22,11.291921687940711
13,23,8.498413490811677
13,24,5.411122914937603
13,25,5.232578056640556
13,26,5.947146451138196
13,27,9.124522461127297
13,28,10.916159162394369
13,29,13.190986597297448
13,30,12.712021811715086
13,31,15.888391189230477
13,32,16.440695502294993
13,33,16.896889587236693
13,34,14.133967133663718
13,35,13.540019279104515
13,36,10.733665223473775
13,37,7.8751918150294085
13,38,10.628800799098222
13,39,13.10458936673349
13,40,11.15656111101895
13,41,10.03789636294714
13,42,13.682548498370084
13,43,15.157955573794457
13,44,13.599700044128006
13,45,14.733319666957886
13,46,18.249111011960355
13,47,17.96482000744014
13,48,16.98397835141302
13,49,20.705087555238073
13,50,20.86050606810073
13,51,18.152542377168082
13,52,20.056758179530554
13,53,23.36912042716236
13,54,22.093086134278437
13,55,23.973372610146065
13,56,22.30700906222939
13,57,20.461291834741992
13,58,18.318268223478615
13,59,17.3242575093255
13,60,13.8789223700559
13,61,13.051966195514296
13,62,14.891578375130536
13,63,13.380519468409728
13,64,9.78938406293561
13,65,11.358206206089745
13,66,12.829091058652804
13,67,10.4336983872178
13,68,7.139099101462317
13,69,9.435264837819467
13,70,9.10155846104061
13,71,10.037406535311261
13,72,13.548959448454514
13,73,16.590566568560195
13,74,17.450892010842182
13,75,16.832791460613628
13,76,16.072605220702467
13,77,13.925351043659473
13,78,15.746096602520646
13,79,17.08149224624593
13,80,17.388352226451875
13,81,20.852010093455874
13,82,23.326250102486497
13,83,24.021007229163878
13,84,20.509578507518984
13,85,21.18933578591081
13,86,24.667742624627305
13,87,23.64555753672259
13,88,21.182217299904842
13,89,23.7417634769121
13,90,26.7043958964026
13,91,26.279778348863587
13,92,24.51273531182374
13,93,26.468340814119088
13,94,29.579989433272264
13,95,27.844490610701552
13,96,26.389931519944888
13,97,29.904335928672634
13,98,31.2842386513472
13,99,29.31780410729684
13,100,31.069223031897458
13,101,28.47422312607359
13,102,28.275541000661672
13,103,25.44708865780084
13,104,23.610137945675866
13,105,25.043797703507057
13,106,21.71588520043106
13,107,20.771948131101347
13,108,24.157612950660248
13,109,24.23355596356095
13,110,26.897390792836305
13,111,24.497857837663155
13,112,22.707573586320557
13,113,24.688702355674376
13,114,26.54911845482162
13,115,25.52855456945616
13,116,28.087187482394956
13,117,28.84204910036604
13,118,28.512191800596774
13,119,25.495513350427622
13,120,21.84470240398605
13,121,19.42486000160467
13,122,17.01810371523156
13,123,18.47649494143513
13,124,22.264207942983965
14,1,21.316227424547623
14,2,21.77793649811728
14,3,21.65706743485811
14,4,19.630297204009338
14,5,18.75434226099595
14,6,20.558900117646505
14,7,19.572357585790087
14,8,17.002402266980425
14,9,14.571877915831482
14,10,11.998648279919372
14,11,8.639476933391414
14,12,6.253572961265902
14,13,3.800782844305823
14,15,3.829215642769254
14,16,6.041025934787356
14,17,8.613321415574802
14,18,7.565780083525989
14,19,6.827483689651432
14,20,10.566906397812508
14,21,12.009551084647082
14,22,14.22248811995411
14,23,11.930848591495518
14,24,8.847883237870251
14,25,8.952791235898149
14,26,9.14980916991893
14,27,11.657158292219421
14,28,12.395792178631025
14,29,14.33536080175518
14,30,14.122626470729433
14,31,17.353230739011117
14,32,17.099630801667328
14,33,17.328076787735768
14,34,14.031084354423868
14,35,13.468499442304505
14,36,10.024189027736334
14,37,6.679927854832619
14,38,8.169531473239035
14,39,11.256224365770512
14,40,10.107475067138143
14,41,8.14512064058583
14,42,11.314065994642108
14,43,13.591249624195704
14,44,12.556934908534918
14,45,12.926362997385663
14,46,16.651250639835055
14,47,17.034953486735997
14,48,15.746940370140257
14,49,19.462175989045473
14,50,20.284250937220303
14,51,17.82870726064228
14,52,19.315692448083045
14,53,22.861031143609836
14,54,22.208439937165522
14,55,24.212904176382136
14,56,23.12074280622667
14,57,21.591289106647345
14,58,19.833612051242138
14,59,18.265890084392407
14,60,14.710162782045092
14,61,14.834423238420225
14,62,16.56876097336279
14,63,14.310126990454746
14,64,11.250357993082673
14,65,13.610981942872588
14,66,14.365407309124402
14,67,11.246880945851787
14,68,8.917005468577143
