1,2,3.7940679022311494
1,3,7.0438676509313405
1,4,8.29197041450794
1,5,11.860114128069435
1,6,14.850380607558488
1,7,17.524411664848635
1,8,17.11868256545069
1,9,18.152160575804082
1,10,15.413798068196135
1,11,16.34490486414428
1,12,15.569117674451611
1,13,17.44324501904411
1,14,20.738833474048008
1,15,22.660103956459174
1,16,23.558116343407814
1,17,23.91784707102729
1,18,20.188697420368413
1,19,18.41298767245567
1,20,17.43402941857479
1,21,15.826277219334951
1,22,12.931896629747103
1,23,11.427022893345258
1,24,12.107489980755735
1,25,12.94089962217438
1,26,16.068061201714052
1,27,17.821815311303347
1,28,21.54927848526782
1,29,24.061161069162008
1,30,23.513634663646997
1,31,25.385318944648695
1,32,28.353816861902544
1,33,29.128779352676357
1,34,28.010621597589186
1,35,27.051693089806882
1,36,26.16233529996878
1,37,24.41078169379902
1,38,27.58907749848273
1,39,29.585390979302517
1,40,27.198017095688815
1,41,26.84326168693077
1,42,30.632904620426274
1,43,31.31617333995948
1,44,29.036347009879407
1,45,30.634527880532453
1,46,33.666090105557934
1,47,31.8770132369944
1,48,30.96440043523235
1,49,34.0165132697427
1,50,32.87147895828311
1,51,29.472715260014866
1,52,31.26962852107227
1,53,33.91852979838501
1,54,31.299853624743385
1,55,33.042277796082814
1,56,30.01083563419896
1,57,26.761704573411983
1,58,24.828172812910644
1,59,26.35760090794319
1,60,23.91607040560036
1,61,20.935211197535683
1,62,23.194956423421825
1,63,24.79771791344854
1,64,21.64269852144651
1,65,20.30339039640067
1,66,23.47090343396383
1,67,23.846638070671982
1,68,20.214316081738968
1,69,18.5206878400146
1,70,14.760212305302675
1,71,13.71509612772247
1,72,12.62860020221772
1,73,13.400927274870034
1,74,17.049464665785624
1,75,19.74933560051925
1,76,20.91379206048228
1,77,20.12852952288043
1,78,19.791453946985264
1,79,22.460621837556413
1,80,22.149203287409346
1,81,23.717878013720807
1,82,27.371028754319127
1,83,26.96999745176515
1,84,24.780256410432607
1,85,27.53521893374658
1,86,30.30076060559821
1,87,28.822138344955317
1,88,28.600372978255038
1,89,32.004134664061745
1,90,33.95443344067809
1,91,34.53821522437513
1,92,34.25954312308206
1,93,36.476442445248594
1,94,39.45436678535379
1,95,38.935934850536775
1,96,38.55748360627056
1,97,41.74427367276233
1,98,43.33867733221861
1,99,42.580462208402565
1,100,44.36092555144681
1,101,41.70326817488659
1,102,40.43001671541943
1,103,36.891190651858366
1,104,35.7018842370146
1,105,36.08669224506293
1,106,32.70316920164783
1,107,31.123472604918394
1,108,33.26475178477108
1,109,31.318985880544695
1,110,33.383716766694484
1,111,31.532550610549052
1,112,28.299940658155606
1,113,27.815092991256517
1,114,28.019587635028884
1,115,24.80035600101427
1,116,25.27972875484162
1,117,24.452055430241746
1,118,24.082422997660835
1,119,23.728604250163755
1,120,20.712273674343376
1,121,20.389919579601866
1,122,18.410118488539887
1,123,19.448270387377626
1,124,21.249811109826922
1,125,21.566377234996782
1,126,21.651602863711496
2,1,3.7940679022311494
2,3,3.7899232760029737
2,4,6.460070407822799
2,5,9.740574887377672
2,6,12.844226204448718
2,7,15.559636073010182
2,8,15.944817098896502
2,9,16.94035971468825
2,10,14.69294499563576
2,11,16.4501408018799
2,12,16.38567418787113
2,13,18.115868511331357
2,14,21.69240859688635
2,15,23.36890004559899
2,16,24.74175463821325
2,17,24.78252691753171
2,18,21.002486059856533
2,19,19.822438451971696
2,20,18.978934910303497
2,21,16.720378413528543
2,22,13.570374394811381
2,23,11.869345284637518
2,24,13.034195620382144
2,25,13.054983328071664
2,26,15.52445171917136
2,27,16.626168341003222
2,28,20.350614249509977
2,29,22.644595595782214
2,30,22.118885453125547
2,31,23.648255686664527
2,32,26.909519920760378
2,33,27.670241754827046
2,34,27.012007424373166
2,35,26.134943622787926
2,36,25.77955218632161
2,37,24.400152618219934
2,38,27.849770311409387
2,39,29.430479021647027
2,40,26.89880919606773
2,41,27.04774907532815
2,42,30.841465937926692
2,43,31.11484170619173
2,44,28.936824043175488
2,45,30.960316912946837
2,46,33.772290139089904
2,47,31.910191454910255
2,48,31.44665114110278
2,49,34.55591884309469
2,50,33.124131227117005
2,51,29.94983455281465
2,52,32.131420077856404
2,53,34.578057256937754
2,54,31.800941953239125
2,55,33.13698164245014
2,56,29.92654585941431
2,57,26.90813381489022
2,58,24.55754009680435
2,59,26.133621519562254
2,60,24.052266388431548
2,61,20.734021676859676
2,62,22.441443121563335
2,63,24.27410478856805
2,64,21.260197398189387
2,65,19.318407556440356
2,66,22.33028410266599
2,67,23.15366193340207
2,68,19.679257094174094
2,69,17.380249805236403
2,70,13.619696865338405
2,71,12.266064065934808
2,72,10.250603714986362
2,73,10.436942514449802
2,74,14.117191868624946
2,75,17.151001686867314
2,76,18.501820210312772
2,77,18.005344023895127
2,78,17.404121602140304
2,79,20.29550059389811
2,80,20.281927394153758
2,81,21.636639034766347
2,82,25.38422890144993
2,83,25.265469462787614
2,84,23.44109186513972
2,85,26.181444845201813
2,86,28.950320782442112
2,87,27.859000548337928
2,88,27.897948058855707
2,89,31.113318422774935
2,90,33.152586309761034
2,91,34.138550499052535
2,92,33.87152530011661
2,93,35.76411710025212
2,94,38.88404759915431
2,95,38.70039759411008
2,96,38.18488601274553
2,97,41.17317808475868
2,98,43.05934821316656
2,99,42.40923016289785
2,100,43.90626026675407
2,101,41.052742931854375
2,102,39.47533472505197
2,103,35.839371431574556
2,104,34.550820169874754
2,105,34.562888380039084
2,106,31.17231019978367
2,107,29.744975732973685
2,108,31.631823912647583
2,109,29.550065050389048
2,110,31.273058211610365
2,111,29.351579262910207
2,112,26.048286757040106
2,113,25.239631127572018
2,114,25.489042930385285
2,115,22.220132601789203
2,116,22.417047460426996
2,117,21.294232021611606
2,118,20.702607282683758
2,119,20.60295382135846
2,120,17.676801798888885
2,121,17.865358651298784
2,122,16.43806169309987
2,123,17.930189155477933
2,124,19.377644807521683
2,125,20.22101685411667
2,126,20.939451593892997
3,1,7.0438676509313405
3,2,3.7899232760029737
3,4,3.8060394273633698
3,5,6.381525027354067
3,6,9.441876291216666
3,7,12.115285953838484
3,8,13.039625152425593
3,9,14.141742878663878
3,10,12.522082046205956
3,11,14.988157953450637
3,12,15.779143564296682
3,13,17.662044643066896
3,14,21.29468288277964
3,15,23.005574731687233
3,16,24.924187763567915
3,17,25.01285216903917
3,18,21.32964550446793
3,19,20.494101341361148
3,20,20.222219955555357
3,21,17.739426638694102
3,22,14.901949772193705
3,23,12.540958616562184
3,24,13.35677461907257
3,25,12.291457756941723
3,26,14.119528501218985
3,27,14.40276599512565
3,28,17.94793833468314
3,29,20.135376422872483
3,30,19.990426354237094
3,31,21.512566546920578
3,32,24.908640589480047
3,33,25.33756564389719
3,34,24.929214079517994
3,35,23.853953251313612
3,36,23.923396479114967
3,37,23.048345272532924
3,38,26.668709606495245
3,39,27.979837143978916
3,40,25.580874690790292
3,41,26.225270380128688
3,42,29.96592553060817
3,43,30.049715941262185
3,44,28.21688215692609
3,45,30.560896241450152
3,46,33.29244078441627
3,47,31.65003826231255
3,48,31.56120776406092
3,49,34.848860869771016
3,50,33.41455387281806
3,51,30.47941980862496
3,52,32.96667921897905
3,53,35.41568907061104
3,54,32.73840151123276
3,55,33.77084180180396
3,56,30.60322913733496
3,57,27.90679969090431
3,58,25.168370035677064
3,59,26.39791522748516
3,60,24.418369397053898
3,61,21.024892672999645
3,62,22.21118785908952
3,63,23.829932559804273
3,64,20.76344355415188
3,65,18.51681099763755
3,66,21.072948873264085
3,67,21.93721639859446
3,68,18.55404318608435
3,69,15.997487865896417
3,70,12.422749734202423
3,71,10.273383420987159
3,72,7.67665820963863
3,73,6.946870085055903
3,74,10.726154389601298
3,75,13.692041778078995
3,76,15.443493133603278
3,77,15.520910084473556
3,78,15.25738604553661
3,79,18.553083587799556
3,80,19.21142554904329
3,81,20.768985986784543
3,82,24.560478588379343
3,83,25.003824162442577
3,84,23.31761804059502
3,85,25.71420507572384
3,86,28.691981849758943
3,87,28.083559209085763
3,88,28.01903700618845
3,89,30.947773516374873
3,90,33.285955739465976
3,91,34.50628638339353
3,92,33.9622794827031
3,93,35.51724275744319
3,94,38.83910841277513
3,95,38.798063012190816
3,96,37.94867182231301
3,97,40.81345274117055
3,98,42.95419233563656
3,99,42.17196762761199
3,100,43.38401132738523
3,101,40.32043872775034
3,102,38.60490566418061
3,103,34.97372212215161
3,104,33.36453994829782
3,105,33.04788064289477
3,106,29.54687072895486
3,107,28.524526085788363
3,108,30.400148393582104
3,109,28.500383328612816
3,110,29.90255866303037
3,111,27.656206444994712
3,112,24.522498668303662
3,113,23.713881535642873
3,114,24.40494917325759
3,115,21.35861382899254
3,116,21.553535937213095
3,117,20.281225017303996
3,118,19.048341830846347
3,119,18.938099773047345
3,120,15.833436739459692
3,121,16.501570600095697
3,122,15.738373200009132
3,123,17.959917103750765
3,124,19.423569848184467
3,125,20.94703169787673
3,126,22.04208674075481
4,1,8.29197041450794
4,2,6.460070407822799
4,3,3.8060394273633698
4,5,3.827104048542819
4,6,6.585647451363285
4,7,9.431722756427968
4,8,9.717966882415212
4,9,11.369391228285796
4,10,9.943487231501022
4,11,12.413974039981298
4,12,13.687586840533992
4,13,16.169740459564082
4,14,19.556427321628135
4,15,21.733185564393644
4,16,23.87294490257774
4,17,24.478040664107837
4,18,20.963830180928262
4,19,19.845210565458924
4,20,20.24149070922003
4,21,18.19137085875352
4,22,15.972464188706827
4,23,12.925567450383449
4,24,12.639423055305613
4,25,10.912787839866615
4,26,12.838253972364502
4,27,12.847753440846347
4,28,16.16629004450958
4,29,18.600565807553835
4,30,19.073270702784516
4,31,21.147693697253633
4,32,24.314376005923624
4,33,24.233639459083847
4,34,23.490733311812914
4,35,21.90965211263355
4,36,21.829355044661753
4,37,21.217886260119172
4,38,24.761517413794333
4,39,26.292535646992285
4,40,24.313025551915555
4,41,25.004673050581093
4,42,28.694547513952234
4,43,29.086382893880703
4,44,27.62341534009384
4,45,29.870295132733602
4,46,32.80684760588632
4,47,31.575897759548603
4,48,31.423124017843616
4,49,34.90765314792428
4,50,33.8339022095258
4,51,30.921951739871776
4,52,33.35530289864643
4,53,36.07160253149805
4,54,33.7060471679824
4,55,34.84637270226194
4,56,31.930138664446357
4,57,29.338623642662423
4,58,26.589439151548905
4,59,27.337178514025563
4,60,25.02145003592853
4,61,21.91126215514589
4,62,23.139593627139288
4,63,24.18534436831388
4,64,20.81755937365908
4,65,18.952316260959453
4,66,21.115453146267328
4,67,21.387374477697453
4,68,17.853205300494064
4,69,15.792872528509971
4,70,12.416973247947073
4,71,9.478139995429652
4,72,7.794479021395136
4,73,6.905942433519584
4,74,10.52381116824419
4,75,12.596862231518852
4,76,14.716205857661238
4,77,15.229429395701775
4,78,15.898398535694954
4,79,19.396273882825945
4,80,20.509122314378615
4,81,22.596310804185865
4,82,26.334163554799453
4,83,27.097268503155377
4,84,25.12022581755711
4,85,27.13510879337044
4,86,30.383447350767995
4,87,29.887552473820307
4,88,29.380821926386137
4,89,32.19862357124434
4,90,34.817020768823504
4,91,35.848919389750485
4,92,34.930496835392
4,93,36.45803208147692
4,94,39.87929505746929
4,95,39.60423705330736
4,96,38.476070377978395
4,97,41.43985000256344
4,98,43.557025468963346
4,99,42.449458046161475
4,100,43.64054300456699
4,101,40.53317457054849
4,102,39.025239268733245
4,103,35.51893520570832
4,104,33.59021748442342
4,105,33.31933969415267
4,106,29.661747754857938
4,107,28.997604818954116
4,108,31.207709011777858
4,109,29.723931952628675
4,110,31.156406124636508
4,111,28.574362134120605
4,112,25.762591635163602
4,113,25.38066173819624
4,114,26.541798477701402
4,115,23.803679787521602
4,116,24.318928911812513
4,117,23.213863596525172
4,118,21.578478226344494
4,119,21.163466074494032
4,120,17.782010431600927
4,121,18.31896676891625
4,122,17.589897708046347
4,123,20.08642244797105
4,124,21.995945398174587
4,125,23.65527497942687
4,126,24.479059742195076
5,1,11.860114128069435
5,2,9.740574887377672
5,3,6.381525027354067
5,4,3.827104048542819
5,6,3.7941382331179097
5,7,5.819739079573575
5,8,6.864186598495732
5,9,8.287060342818954
5,10,7.851691755595405
5,11,11.125471567972305
5,12,13.326043969968813
5,13,15.639299432232566
5,14,18.930684757558065
5,15,20.951563807078653
5,16,23.594162955109187
5,17,24.154306909094785
5,18,20.874831951258745
5,19,20.235082900371573
5,20,21.126366646719916
5,21,18.910453351353333
5,22,17.109951332414113
5,23,13.766064600217536
5,24,13.263105770935631
5,25,10.574360369264513
5,26,11.421207418433015
5,27,10.386034659473735
5,28,13.309966952100032
5,29,15.56377606969786
5,30,16.45608371693415
5,31,18.531602572429836
5,32,21.706656442074102
5,33,21.275591071585907
5,34,20.77982517190477
5,35,19.049919319507673
5,36,19.451163918507646
5,37,19.395339797075284
5,38,23.042930050057493
5,39,24.20391887446376
5,40,22.375825739071054
5,41,23.582167986048393
5,42,27.127073330479387
5,43,27.286403219137824
5,44,26.198922390333053
5,45,28.73150575769505
5,46,31.514593324031566
5,47,30.521193365873422
5,48,30.754317762486306
5,49,34.34739137467839
5,50,33.28613571608481
5,51,30.672247570187665
5,52,33.368347763178
5,53,36.03380072235468
5,54,33.81183289370329
5,55,34.641257048271264
5,56,31.84037656070798
5,57,29.617752545644333
5,58,26.578208935761563
5,59,26.935867506999518
5,60,24.7726347007985
5,61,21.72377135051567
5,62,22.416096459508687
5,63,23.1629657643252
5,64,19.86394206095
5,65,17.829214620015467
5,66,19.39383270991601
5,67,19.646050000405307
5,68,16.372919859366117
5,69,14.213052370440755
5,70,11.40334247859303
5,71,7.855350329676023
5,72,6.231873226581978
5,73,4.615284940899621
5,74,7.5184555099216785
5,75,8.979593235212839
5,76,11.424985651153643
5,77,12.556523520993315
5,78,13.790334484447726
5,79,17.48712896002098
5,80,19.23586826571441
5,81,21.555878627124816
5,82,25.179121079939367
5,83,26.460650049410845
5,84,24.57623500797494
5,85,26.150874678715233
5,86,29.554780907902213
5,87,29.505824752538533
5,88,28.841589663773465
5,89,31.32334918463101
5,90,34.2047452921948
5,91,35.40259842042383
5,92,34.20115694438197
5,93,35.39016454917858
5,94,38.958755160441015
5,95,38.79669572745879
5,96,37.348694019191356
5,97,40.167858266584645
5,98,42.496323142310196
5,99,41.25870109602666
5,100,42.16666747175497
5,101,38.895448042649754
5,102,37.29867616095217
5,103,33.859409502223315
5,104,31.63569987558501
5,105,31.08919544490902
5,106,27.37324066735997
5,107,27.132817459489292
5,108,29.350048426282935
5,109,28.142838601561017
5,110,29.3034029007722
5,111,26.42828402893771
5,112,23.913772637072128
5,113,23.70512748491926
5,114,25.337446821347733
5,115,22.98376637639281
5,116,23.67653497817074
5,117,22.687850591627626
5,118,20.52641039549999
5,119,19.861475209875906
5,120,16.374781528224574
5,121,17.12095284576046
5,122,16.95634450030243
5,123,19.96230644687807
5,124,21.93865489055197
5,125,24.102129068379472
5,126,25.130483601258206
6,1,14.850380607558488
6,2,12.844226204448718
6,3,9.441876291216666
6,4,6.585647451363285
6,5,3.7941382331179097
6,7,3.8126445197858643
6,8,5.547693860891003
6,9,8.231521205280744
6,10,9.263888020847007
6,11,12.57154203623153
6,12,15.381021014766727
6,13,18.00854080330788
6,14,20.93826558122339
6,15,23.200181464826073
6,16,26.05675758573856
6,17,26.903291479610935
6,18,23.833976731540627
6,19,23.134973964618375
6,20,24.379785313730867
6,21,22.361404597404075
6,22,20.778756974208083
6,23,17.314933691858727
6,24,16.392396382383957
6,25,13.396913823351149
6,26,13.894931901387327
6,27,12.153144283059543
6,28,14.284299030533633
6,29,16.376774336571632
6,30,18.018613246591773
6,31,20.193096241691325
6,32,23.220710499167442
6,33,22.2079423040083
6,34,21.796081479126286
6,35,19.57681069748079
6,36,20.260320829937253
6,37,20.82008682107775
6,38,24.34038145330274
6,39,25.436343445865855
6,40,24.05798446397157
6,41,25.543871146158903
6,42,28.90515257991821
6,43,29.12708758655439
6,44,28.46566420638821
6,45,31.038384295278785
6,46,33.81766445320596
6,47,33.13302704220945
6,48,33.492828498890596
6,49,37.172297583906754
6,50,36.26139176620033
6,51,33.780703661460855
6,52,36.506606548576514
6,53,39.23462032516494
6,54,37.15854069049877
6,55,37.91100219805972
6,56,35.2123889328714
6,57,33.13187830285864
6,58,30.023017613118657
6,59,30.164458819706585
6,60,27.996499036810363
6,61,25.07538945111477
6,62,25.561801206031447
6,63,26.04207360877579
6,64,22.7517408965145
6,65,20.789498320912287
6,66,21.880988332878278
6,67,21.914216232366616
6,68,18.83436690496602
6,69,16.904066396753496
6,70,14.556524052256902
6,71,10.810175596634403
6,72,9.482256677366717
6,73,7.0828040162983985
6,74,8.859023039995927
6,75,9.156082729296564
6,76,12.378183316507428
6,77,14.418254438756545
6,78,16.140288062948954
6,79,19.91563814785824
6,80,22.11192297304398
6,81,24.464348891294705
6,82,27.985303948216043
6,83,29.56561707199472
6,84,27.807291780110212
6,85,29.138707244932565
6,86,32.59575086302325
6,87,32.79355586377394
6,88,32.05300089676055
6,89,34.33500306757115
6,90,37.35401596794314
6,91,38.614494587517626
6,92,37.23435750546353
6,93,38.23132788308837
6,94,41.875401245491894
6,95,41.72960204796321
6,96,40.05921175037734
6,97,42.799796491281754
6,98,45.22902027713776
6,99,43.83430357999962
6,100,44.56630983298924
6,101,41.200171196557115
6,102,39.60410391356205
6,103,36.265829036535514
6,104,33.7799966365258
6,105,33.00462172587332
6,106,29.25943370810487
6,107,29.445128925809023
6,108,31.65941410297197
6,109,30.679245685013058
6,110,31.552630659863848
6,111,28.451802061483807
6,112,26.2144006540696
6,113,26.00380338390132
6,114,27.897565606518807
6,115,25.738809041619465
6,116,26.267032626166618
6,117,25.04146663842437
6,118,22.524081681961288
6,119,22.085956545783542
6,120,18.76332268888919
6,121,19.912946113374268
6,122,20.185213233366113
6,123,23.38753085420039
6,124,25.258040995653477
6,125,27.621161798298573
6,126,28.780050029000982
7,1,17.524411664848635
7,2,15.559636073010182
7,3,12.115285953838484
7,4,9.431722756427968
7,5,5.819739079573575
7,6,3.8126445197858643
7,8,3.8081917366240625
7,9,5.4786254362761415
7,10,7.853614718838336
7,11,11.356351914275972
7,12,14.721848716147182
7,13,16.99128582465585
7,14,19.65000733466421
7,15,21.684282090425864
7,16,24.887202447056268
7,17,25.70822304126282
7,18,22.96985715648832
7,19,22.676798467836175
7,20,24.342701803274267
7,21,22.32509130498174
7,22,21.237706441050328
7,23,17.653186644841
7,24,16.516453160651388
7,25,13.026349376714496
7,26,12.546944850524094
7,27,9.986330212777865
7,28,11.33279000663313
7,29,13.175194704082351
7,30,15.284538421779887
7,31,17.54225570502706
7,32,20.348293852099683
7,33,18.958726747739778
7,34,18.656140907730844
7,35,16.292265059599686
7,36,17.367895608308878
7,37,18.435871204436204
7,38,21.914841388268208
7,39,22.667614150216107
7,40,21.509946759875472
7,41,23.387203473468638
7,42,26.525588456977523
7,43,26.591694463418868
7,44,26.309622135882062
7,45,29.03033048063756
7,46,31.6584071075093
7,47,31.249284820851717
7,48,31.892982434318892
7,49,35.62151022403854
7,50,34.80763090770082
7,51,32.61382413493172
7,52,35.485588675695475
7,53,38.177466199325835
7,54,36.31746991487525
7,55,36.847538548536846
7,56,34.35707950268559
7,57,32.62297443142242
7,58,29.37757720613281
7,59,29.092425698251276
7,60,27.019055616951558
7,61,24.32095587937658
7,62,24.41656042763778
7,63,24.493684185173713
7,64,21.32499740904854
7,65,19.45618676845968
7,66,19.922049636392217
7,67,19.766022064378888
7,68,17.052666864162813
7,69,15.343600134706042
7,70,13.768898392263562
7,71,10.038208906326087
7,72,9.516886659691732
7,73,7.710159451607415
7,74,7.864202766086547
7,75,6.625249745823442
7,76,9.773287624749557
7,77,12.260731361829142
7,78,14.656219734503923
7,79,18.301856929368697
7,80,20.934238635656435
7,81,23.563082142799182
7,82,26.849280404669432
7,83,28.81645451256026
7,84,27.0229559847805
7,85,27.875911515205917
7,86,31.447929853583332
7,87,31.96296984965741
7,88,30.966705709095944
7,89,32.93047820257274
7,90,36.1659545068601
7,91,37.446520483882054
7,92,35.77248071498152
7,93,36.510832513233716
7,94,40.22894452641425
7,95,40.09046219499377
7,96,38.13952707481431
7,97,40.77057148272461
7,98,43.307513913543524
7,99,41.75234274985805
7,100,42.271896059595235
7,101,38.824803695940595
7,102,37.25777819693429
7,103,34.060137397026324
7,104,31.325379136059052
7,105,30.419862852325576
7,106,26.66518283599439
7,107,27.242513114629215
7,108,29.543749364207347
7,109,28.940010452520678
7,110,29.680805136270127
7,111,26.350062888978055
7,112,24.51575860644567
7,113,24.681726013340548
7,114,27.007313068150125
7,115,25.308176728310016
7,116,26.193579776897383
7,117,25.32577959140419
7,118,22.514391999981843
7,119,21.616523336381235
7,120,18.23860789872893
7,121,19.219607048297398
7,122,19.753730351921718
7,123,23.17929471374271
7,124,25.235539896054085
7,125,27.86347985279581
7,126,28.988151631093817
8,1,17.11868256545069
8,2,15.944817098896502
8,3,13.039625152425593
8,4,9.717966882415212
8,5,6.864186598495732
8,6,5.547693860891003
8,7,3.8081917366240625
8,9,3.813847819526535
8,10,5.794015439195662
8,11,8.55757077861551
8,12,12.024834739060411
8,13,14.737079852136409
8,14,17.028577936551905
8,15,19.50967569851328
8,16,22.59718968932427
8,17,23.901339897820055
8,18,21.317280133892638
8,19,20.607231764830374
8,20,22.634498923640958
8,21,21.14464255773657
8,22,20.506416771380124
8,23,16.723022614608777
8,24,14.828398130043283
8,25,11.347094410334282
8,26,11.304840675316164
8,27,9.339525960154473
8,28,10.61365124551077
8,29,12.959033342948716
8,30,15.241020003673752
8,31,18.135799033245352
8,32,20.50413964208977
8,33,18.978696148228337
8,34,17.91979667533286
8,35,15.181848330206535
8,36,15.512616816582327
8,37,16.38591230069676
8,38,19.648036304214976
8,39,20.91810148585308
8,40,20.105923922168518
8,41,21.593350839620296
8,42,24.72794989703831
8,43,25.304533741883848
8,44,25.11778248592678
8,45,27.473784740246057
8,46,30.3839743823721
8,47,30.232259601116695
8,48,30.530226524671498
8,49,34.32771460499209
8,50,33.88519366332014
8,51,31.558815659208854
8,52,34.174289138763115
8,53,37.11985445447093
8,54,35.51482701767818
8,55,36.349048535937015
8,56,34.08557320053735
8,57,32.252935336309896
8,58,29.246836916354482
8,59,28.72407055957944
8,60,26.255124279243255
8,61,23.893756317164186
8,62,24.401456621143193
8,63,24.075363144454915
8,64,20.645811886677592
8,65,19.41091467972112
8,66,19.912318051446206
8,67,19.07618247091404
8,68,16.12001541561052
8,69,15.191415035564578
8,70,13.63174854038442
8,71,9.987069214526542
8,72,10.661490813786529
8,73,9.962395008694203
8,74,10.639445228394482
8,75,9.349195293255983
8,76,11.632779317898857
8,77,13.425806135527717
8,78,16.18881265443652
8,79,19.608276641357232
8,80,21.977475440399235
8,81,24.95318677299141
8,82,28.208182401919423
8,83,29.999682251734612
8,84,27.786812119481535
8,85,28.56519650525917
8,86,32.25294028691847
8,87,32.4905157894998
8,88,31.127528161739345
8,89,33.213646269952726
8,90,36.502732199650474
8,91,37.41049488446648
8,92,35.56203267999564
8,93,36.5479298960378
8,94,40.20596795784052
8,95,39.70788951440034
8,96,37.7349552338682
8,97,40.57788242845576
8,98,42.87633863863008
8,99,41.08751727087188
8,100,41.830166423402126
8,101,38.523249015529686
8,102,37.307831426646075
8,103,34.2343687245085
8,104,31.46981294079526
8,105,30.96563691286803
8,106,27.158476380158554
8,107,27.677845527773762
8,108,30.355014687890492
8,109,29.99347482694446
8,110,31.11494512414729
8,111,27.783461001181085
8,112,26.059968023439293
8,113,26.64953115507135
8,114,28.991874571544866
8,115,27.31253074413787
8,116,28.53697145757261
8,117,27.962075056205784
8,118,25.375891191440637
8,119,24.16517389042646
8,120,20.57819994518129
8,121,20.95693639518263
8,122,20.890555012765116
8,123,24.06255610031226
8,124,26.54962965877667
8,125,28.8669176119521
8,126,29.514452802250634
9,1,18.152160575804082
9,2,16.94035971468825
9,3,14.141742878663878
9,4,11.369391228285796
9,5,8.287060342818954
9,6,8.231521205280744
9,7,5.4786254362761415
9,8,3.813847819526535
9,10,3.807570159870995
9,11,6.73730160221295
9,12,10.442917112256161
9,13,12.395492288976977
9,14,14.630615845327444
9,15,16.649981797536462
9,16,20.00768907386716
9,17,21.068187374826767
9,18,18.72026306085997
9,19,18.53198594075796
9,20,20.7689382230079
9,21,19.172415571949593
9,22,18.96081446043655
9,23,15.239782665940341
9,24,13.409096702138935
9,25,9.647160423421633
9,26,8.503767601307642
9,27,5.947721912644527
9,28,6.800834641957885
9,29,9.213796628252505
9,30,11.515083062619112
9,31,14.567333714655089
9,32,16.75889795030098
9,33,15.256288251007389
9,34,14.145213032586181
9,35,11.574961223657322
9,36,12.084819678096462
9,37,13.058693852081378
9,38,16.468375473104718
9,39,17.413791723037107
9,40,16.471322065836812
9,41,18.215129830876037
9,42,21.284744784550963
9,43,21.647815025511434
9,44,21.558617741917683
9,45,24.066991628151328
9,46,26.83655485746773
9,47,26.75624905958366
9,48,27.27043587063147
9,49,31.068490937194
9,50,30.618461601171486
9,51,28.50346517736016
9,52,31.253698255004718
9,53,34.11128493701204
9,54,32.628911964741434
9,55,33.28130926668633
9,56,31.16964382850812
9,57,29.61023487844603
9,58,26.531293329112057
9,59,25.70006167883179
9,60,23.339955390591943
9,61,21.164632279544314
9,62,21.391158497163786
9,63,20.78084934624968
9,64,17.473559554778376
9,65,16.35431039578042
9,66,16.456607996725722
9,67,15.485973917515047
9,68,12.785165399027322
9,69,12.07403729402545
9,70,11.233046645248843
9,71,7.981582337930215
9,72,9.629213140287652
9,73,9.980940402239533
9,74,9.74637144010397
9,75,7.926053278133552
9,76,9.070137517965653
9,77,10.446768893558302
9,78,13.626519839377785
9,79,16.731086400339425
9,80,19.206347748680994
9,81,22.417420358054734
9,82,25.45421980528552
9,83,27.413330288356914
9,84,25.099718485977828
9,85,25.533524168861202
9,86,29.280366688756647
9,87,29.669862876677147
9,88,28.098495902275538
9,89,29.983972645778938
9,90,33.38916284174532
9,91,34.27114884813103
9,92,32.24757489457258
9,93,33.10245266135915
9,94,36.781139910434156
9,95,36.28025569036073
9,96,34.17540536428829
9,97,36.96695097094058
9,98,39.306950433093284
9,99,37.46657489126214
9,100,38.12116114936721
9,101,34.7914633462153
9,102,33.60515803548929
9,103,30.59967699826218
9,104,27.76039199475715
9,105,27.304529687929556
9,106,23.498145276846586
9,107,24.117839036168863
9,108,26.90465880964823
9,109,26.782438379000677
9,110,27.976731104066197
9,111,24.591639801676134
9,112,23.106944414096898
9,113,24.087192928486484
9,114,26.64541136647634
9,115,25.308608685843055
9,116,26.941513798441207
9,117,26.827748431189878
9,118,24.241027603837672
9,119,22.51916567773957
9,120,18.878250247219132
9,121,18.811442845023343
9,122,18.716005772342253
9,123,21.908693575303968
9,124,24.601050317661446
9,125,27.01156637669054
9,126,27.537998383218554
10,1,15.413798068196135
10,2,14.69294499563576
10,3,12.522082046205956
10,4,9.943487231501022
10,5,7.851691755595405
10,6,9.263888020847007
10,7,7.853614718838336
10,8,5.794015439195662
10,9,3.807570159870995
10,11,3.801664485782408
10,12,7.039168670832039
10,13,9.169193556930933
10,14,11.871372253811515
10,15,14.050614938164898
10,16,17.103017931244757
10,17,18.18076119796385
10,18,15.539497455655868
10,19,15.043454202987943
10,20,17.137103634662225
10,21,15.655994331802644
10,22,15.492314517568643
10,23,11.704640866127665
10,24,9.639041689739532
10,25,5.921186302997559
10,26,5.634967708931383
10,27,4.825037970623247
10,28,7.268243435918111
10,29,10.141008190571311
10,30,11.375419219670128
10,31,14.583279174318866
10,32,16.790670462567775
10,33,15.9990567098002
10,34,14.433172121354763
10,35,12.390550678640517
10,36,11.976706247539983
10,37,11.795666186365349
10,38,15.318529224491686
10,39,16.770690539604384
10,40,15.390532080613415
10,41,16.46423796163037
10,42,19.873829222936223
10,43,20.500106493530694
10,44,19.866663595692074
10,45,22.11792044119845
10,46,25.125871078483264
10,47,24.77623383455146
10,48,24.893110403504657
10,49,28.671631131540224
10,50,28.23734901305787
10,51,25.81543146888014
10,52,28.38721226856182
10,53,31.358754711585874
10,54,29.801977299753904
10,55,30.752962919944007
10,56,28.597013556740375
10,57,26.756374322460083
10,58,23.888152785033473
10,59,23.223297500908817
10,60,20.584252034309166
10,61,18.40594235582191
10,62,19.17475663869946
10,63,18.687552156079573
10,64,15.11353163392525
10,65,14.285658609046088
10,66,15.069639977450167
10,67,13.975978449258614
10,68,10.679952012402746
10,69,10.181937070870664
10,70,8.705290187015809
10,71,5.716369433451354
10,72,8.24147861914796
10,73,9.754130224003914
10,74,10.465321055839828
10,75,9.860087012068368
10,76,10.326572678243318
10,77,10.416924392883017
10,78,13.10919904294964
10,79,16.02813271838009
10,80,17.845750430435885
10,81,21.131201126166232
10,82,24.283882093908463
10,83,25.798242046586935
10,84,23.172000444931857
10,85,23.90271291078294
10,86,27.63332441700059
10,87,27.581657748666476
10,88,25.948308033662308
10,89,28.174562276023238
10,90,31.431381258953696
10,91,32.06778141566631
10,92,30.195044248074385
10,93,31.431676259055664
10,94,35.0026850341648
10,95,34.30825700388063
10,96,32.47704161713785
10,97,35.48863854461573
10,98,37.59712971957954
10,99,35.836089521426835
10,100,36.83138533238936
10,101,33.672445493746295
10,102,32.63494058793617
10,103,29.54097077800305
10,104,27.009781581995064
10,105,26.99309239355853
10,106,23.197668535205107
10,107,23.25670164335667
10,108,26.197280383084003
10,109,25.868119471879798
10,110,27.522028742545977
10,111,24.412889103588896
10,112,22.61938839686941
10,113,23.674484343329265
10,114,25.896012145885074
10,115,24.308898057439194
10,116,26.116478541040372
10,117,26.213876762453847
10,118,24.069939019780797
10,119,22.1978610404363
10,120,18.414162095493232
10,121,17.78759769764317
10,122,16.959076877264046
10,123,19.771403382790716
10,124,22.73087448041376
10,125,24.741202513100177
10,126,24.902407084619984
11,1,16.34490486414428
11,2,16.4501408018799
11,3,14.988157953450637
11,4,12.413974039981298
11,5,11.125471567972305
11,6,12.57154203623153
11,7,11.356351914275972
11,8,8.55757077861551
11,9,6.73730160221295
11,10,3.801664485782408
11,12,3.822140011645551
11,13,6.421594152106906
11,14,8.53113316279537
11,15,11.27997586962997
11,16,14.131156025463842
11,17,15.795347133488997
11,18,13.468704523398825
11,19,12.50182458409723
11,20,15.13294658929257
11,21,14.439142721828402
11,22,15.058667521367077
11,23,11.373406644038592
11,24,8.357315591644838
11,25,5.273158670047885
11,26,5.659296017579668
11,27,6.607069542218867
11,28,8.328205237966142
11,29,11.21530768848195
11,30,12.204681710411686
11,31,15.758914360770484
11,32,17.289366486879604
11,33,16.559990202992438
11,34,14.199148459685762
11,35,12.145331509839865
11,36,10.57126480380916
11,37,9.660007570036177
11,38,12.796709841337307
11,39,14.947084693270329
11,40,13.903020630531339
11,41,14.272775018348385
11,42,17.661281415338824
11,43,18.910930940380346
11,44,18.307710628666033
11,45,20.02408931524599
11,46,23.328566758658134
11,47,23.25265632910708
11,48,22.932044954235113
11,49,26.731154113894465
11,50,26.735795494628807
11,51,24.207774943555084
11,52,26.440382063847665
11,53,29.66187012137516
11,54,28.441671868564896
11,55,29.715987005111796
11,56,27.89019984724944
11,57,26.016628223794804
11,58,23.51552144768311
11,59,22.54121244301637
11,60,19.504038300629432
11,61,17.89682943827128
11,62,19.12455462257097
11,63,18.12764882707333
11,64,14.4261895589359
11,65,14.566901497950521
11,66,15.334921550193897
11,67,13.431498673179114
11,68,10.084338697714836
11,69,10.879973982889418
11,70,9.818669353582473
11,71,8.024408672633983
11,72,11.205419941902152
11,73,13.25722143860566
11,74,14.085788296675725
11,75,13.433637128554645
11,76,13.343884470306532
11,77,12.771925289900983
11,78,15.444535305019631
11,79,17.810566651524955
11,80,19.19017750246138
11,81,22.671690773322773
11,82,25.621520869083362
11,83,26.898604663543278
11,84,23.89680784324365
11,85,24.47782107805088
11,86,28.20864211114423
11,87,27.85363451055469
11,88,25.82030744490322
11,89,28.112196791782697
11,90,31.352753369392026
11,91,31.540976120248434
11,92,29.496352660428805
11,93,30.99983952679914
11,94,34.43023511111104
11,95,33.33422306949597
11,96,31.52117518315284
11,97,34.73303599509071
11,98,36.533682030309855
11,99,34.54773107587223
11,100,35.804118899559796
11,101,32.863634082218915
11,102,32.242875134359906
11,103,29.346855857664018
11,104,26.885465606921034
11,105,27.35939192277032
11,106,23.649463266757234
11,107,23.582150267700307
11,108,26.841687584182544
11,109,26.786535643704116
11,110,28.817740131929686
11,111,25.835305807146547
11,112,24.230095009519136
11,113,25.69630941784051
11,114,27.863640371013467
11,115,26.391406352068902
11,116,28.50973738714916
11,117,28.92880341016003
11,118,27.036759545939418
11,119,24.90824886320735
11,120,21.118082137769367
11,121,19.93262297740535
11,122,18.544473565943743
11,123,20.88617965873802
11,124,24.189618145087294
11,125,25.79920273256579
11,126,25.40307111736105
12,1,15.569117674451611
12,2,16.38567418787113
12,3,15.779143564296682
12,4,13.687586840533992
12,5,13.326043969968813
12,6,15.381021014766727
12,7,14.721848716147182
12,8,12.024834739060411
12,9,10.442917112256161
12,10,7.039168670832039
12,11,3.822140011645551
12,13,3.794187538805677
12,14,6.084267975453277
12,15,9.130100932732004
12,16,11.25701249548557
12,17,13.147165622211423
12,18,10.69162193544449
12,19,9.046076773589151
12,20,11.742689893036177
12,21,11.666220744746946
12,22,12.761304469587486
12,23,9.403658075678356
12,24,5.798384750220551
12,25,4.463257720508373
12,26,6.265866112380346
12,27,8.924804282877783
12,28,10.939474258246205
12,29,13.637402117200036
12,30,13.749881891365268
12,31,17.133692222697764
12,32,18.421767071518953
12,33,18.300057309055404
12,34,15.64917592074173
12,35,14.227908785743644
12,36,11.944076664643475
12,37,9.816922747072356
12,38,12.49924238488506
12,39,15.153692405512102
12,40,13.844651290896532
12,41,13.214948455852296
12,42,16.743309414053616
12,43,18.370487724468923
12,44,17.242396395207564
12,45,18.427738644125455
12,46,21.956448222589238
12,47,21.686271175961416
12,48,20.81271146422808
12,49,24.512093202913647
12,50,24.673831412690774
12,51,21.847308105897163
12,52,23.73073476372384
12,53,27.10861051075568
12,54,25.946572170910912
12,55,27.603613546180647
12,56,25.883327418982674
12,57,23.767679871027937
12,58,21.676726082611953
12,59,20.780808713963385
12,60,17.415618314809592
12,61,16.12011691577816
12,62,18.003135159478077
12,63,16.996601664727443
12,64,13.239693993183662
12,65,14.05158055457783
12,66,15.36860737846337
12,67,13.280723984050328
12,68,9.793077291295353
12,69,11.180527441796821
12,70,9.942673647949206
12,71,9.349472282617961
12,72,12.654128476299876
12,73,15.293291526083689
12,74,16.529964680160443
12,75,16.458047110325918
12,76,15.98317627343211
12,77,14.641505964164079
12,78,16.744804515675895
12,79,18.651533187183478
12,80,19.3016440379047
12,81,22.726953923099444
12,82,25.592246305380506
12,83,26.3882588010214
12,84,23.097393903613682
12,85,23.864709276627295
12,86,27.463998282361693
12,87,26.63249981921038
12,88,24.463865395951007
12,89,27.026103897517263
12,90,30.052832688848714
12,91,29.870519735473213
12,92,27.953335477959065
12,93,29.86145210130366
12,94,33.08837047757982
12,95,31.712914816641213
12,96,30.195988454197753
12,97,33.61147149694861
12,98,35.08575377277904
12,99,33.14333116014798
12,100,34.768855587780195
12,101,32.0933618747237
12,102,31.7266628548327
12,103,28.868675859094292
12,104,26.767841615478616
12,105,27.726990888249055
12,106,24.1715936218441
12,107,23.598893193672716
12,108,26.959936702164395
12,109,26.80729759358642
12,110,29.256667534503407
12,111,26.611416468389518
12,112,24.869183077541475
12,113,26.453287505737894
12,114,28.284790202661313
12,115,26.70355277687618
12,116,28.992347446262073
12,117,29.663238578718907
12,118,28.209375390469248
12,119,25.957067856364745
12,120,22.21254478829658
12,121,20.516623054384098
12,122,18.46290113424126
12,123,20.183260387930353
12,124,23.690778897592825
12,125,24.768697389007418
12,126,23.856449671791108
13,1,17.44324501904411
13,2,18.115868511331357
13,3,17.662044643066896
13,4,16.169740459564082
13,5,15.639299432232566
13,6,18.00854080330788
13,7,16.99128582465585
13,8,14.737079852136409
13,9,12.395492288976977
13,10,9.169193556930933
13,11,6.421594152106906
13,12,3.794187538805677
13,14,3.8015873040728545
13,15,5.690197136487303
13,16,8.054075603931397
13,17,9.505304208759037
13,18,7.199747553634153
13,19,6.400526342148793
13,20,9.482690622041378
13,21,9.41781211941874
13,22,11.39242937835443
13,23,8.656580075095565
13,24,5.7327498633543446
13,25,5.402598543037074
13,26,5.755249017839569
13,27,9.046112300390904
13,28,10.68502566786869
13,29,12.903342322000036
13,30,12.146854089130851
13,31,15.278816483482201
13,32,16.150509391681084
13,33,16.57463439256223
13,34,13.830108633119192
13,35,13.267418904004844
13,36,10.787374619050228
13,37,7.793887784816429
13,38,10.369547380363297
13,39,12.800525773479922
13,40,10.982488024453996
13,41,9.93442709991822
13,42,13.600519917757934
13,43,15.104900853683239
13,44,13.642768417010181
13,45,14.789578978023766
13,46,18.29421258142414
13,47,17.913215789189696
13,48,17.04380776909137
13,49,20.758296588930396
13,50,20.91048686757113
13,51,18.16665524166545
13,52,20.14982371502348
13,53,23.4877326489548
13,54,22.440227861328175
13,55,24.021202566596056
13,56,22.48863857546095
13,57,20.601718229270986
13,58,18.58419927692106
13,59,17.347683664209818
13,60,13.939029243746718
13,61,13.063452895140525
13,62,14.93549403918421
13,63,13.56774263560849
13,64,9.91614045432449
13,65,11.416911756805549
13,66,12.61752718785159
13,67,10.257976538786714
13,68,7.050324907052259
13,69,9.317588120896394
13,70,9.036051993875507
13,71,9.846526333801119
13,72,13.460107421728665
13,73,16.6554625513461
13,74,17.403288139148415
13,75,17.363612772363126
13,76,16.050451093364252
13,77,13.949182415799806
13,78,15.780652780430664
13,79,16.95674905570618
13,80,17.220786624147237
13,81,20.72396920845134
13,82,23.24785798989303
13,83,23.96603637499199
13,84,20.4998613571373
13,85,20.976342762332724
13,86,24.525042104701278
13,87,23.649768190956355
13,88,21.20937904227532
13,89,23.674057729019236
13,90,26.715266323996627
13,91,26.3678817627632
13,92,24.327241200282472
13,93,26.280138816238164
13,94,29.447262256634545
13,95,27.977412672910074
13,96,26.462164940246947
13,97,29.917257067199227
13,98,31.319754660459374
13,99,29.378050681857626
13,100,31.07297447419366
13,101,28.47885363136819
13,102,28.223848855026798
13,103,25.43702445892143
13,104,23.487701743493655
13,105,24.74550981076216
13,106,21.3456405945865
13,107,20.5483030122408
13,108,24.012577141749507
13,109,24.025400807314664
13,110,26.714612366657263
13,111,24.269937059990795
13,112,22.711370111251995
13,113,24.655541895262264
13,114,26.465323860500405
13,115,25.19538096593624
13,116,27.84987379297156
13,117,28.98873683721823
13,118,27.730333623387114
13,119,25.096110746304802
13,120,21.497454728435827
13,121,19.256942821407
13,122,16.944163330467063
13,123,18.30562647824399
13,124,21.99937810768766
13,125,22.942661123665797
13,126,21.73402084517243
14,1,20.738833474048008
14,2,21.69240859688635
14,3,21.29468288277964
14,4,19.556427321628135
14,5,18.930684757558065
14,6,20.93826558122339
14,7,19.65000733466421
14,8,17.028577936551905
14,9,14.630615845327444
14,10,11.871372253811515
14,11,8.53113316279537
14,12,6.084267975453277
14,13,3.8015873040728545
14,15,3.8267201597652836
14,16,5.965148340970146
14,17,8.637316830985561
14,18,7.841354623433821
14,19,6.901314731356497
14,20,10.674641894639805
14,21,11.68396170134318
14,22,14.340823873669605
14,23,12.09027096426749
14,24,9.123067163361007
14,25,9.078956850325175
14,26,9.056375479464586
14,27,11.771696099859405
14,28,12.404009937707555
14,29,14.298030988118795
14,30,13.79915615229138
14,31,17.02216656855306
14,32,17.080581334396918
14,33,17.23274780820657
14,34,13.944430329014102
14,35,13.338151768993397
14,36,10.0766071620992
14,37,6.713449697569927
14,38,7.958535490290335
14,39,11.10120434588186
14,40,10.162137714383102
14,41,8.274543796632562
14,42,11.46440129178047
