1,2,3.7973115311686554
1,3,6.7596998543305356
1,4,9.82669366829149
1,5,13.310180608835841
1,6,16.50924442214447
1,7,19.896427256679885
1,8,22.711270548766194
1,9,26.18173457892273
1,10,28.44596751702667
1,11,32.10724228040513
1,12,31.639446167583973
1,13,27.878476455621907
1,14,26.235871676601
1,15,23.1043550723278
1,16,19.325891828336736
1,17,16.391354953424965
1,18,12.606160543271336
1,19,9.9829678295427
1,20,6.315162308644777
1,21,6.323090977097145
1,22,6.004130406503035
1,23,9.45734683562937
1,24,11.569955222263488
1,25,13.915438394085943
1,26,11.866040428808477
1,27,11.510795792620959
1,28,15.181809228873723
1,29,16.26895417046597
1,30,14.883073605679991
1,31,16.49892035900126
1,32,19.696172975317502
1,33,20.29482832353286
1,34,19.85950893104845
1,35,22.22424594400183
1,36,24.70314884258164
1,37,24.560090543056337
1,38,25.680657953445195
1,39,28.21576076581205
1,40,26.93975274375499
1,41,28.081274185662984
1,42,27.754926941388632
1,43,26.78764409982836
1,44,23.196642476051895
1,45,21.973654816444565
1,46,18.75808685368916
1,47,18.035558830731095
1,48,15.395429684040524
1,49,16.13226243395253
1,50,14.814424895630141
1,51,12.428471732701707
1,52,15.15030764497881
1,53,17.12040168640804
1,54,20.639935903890663
1,55,23.097127199312848
1,56,26.68765177940393
1,57,29.661429270151636
1,58,32.99681149548445
1,59,34.881098667085226
1,60,32.79628958392019
2,1,3.7973115311686554
2,3,3.805195971868455
2,4,6.589009360170972
2,5,10.145451136014891
2,6,13.541998315456423
2,7,16.75920888059476
2,8,19.82239419276713
2,9,23.116543082275676
2,10,25.645063468447898
2,11,29.34009616631818
2,12,29.131564808913808
2,13,25.4304960864583
2,14,23.501573505447496
2,15,20.387200927584413
2,16,16.63267821596724
2,17,14.14172319104427
2,18,10.411347524754179
2,19,8.516226134374785
2,20,5.67844434401099
2,21,5.976606167293513
2,22,6.212737895920653
2,23,8.402512750490988
2,24,9.349380380603039
2,25,12.39414671415581
2,26,11.044184694545073
2,27,9.768586783473175
2,28,13.148136713050075
2,29,15.023060363078061
2,30,13.773314223748137
2,31,14.588140967551816
2,32,17.858583335948392
2,33,19.05586400574819
2,34,18.418633830775455
2,35,20.262417907112557
2,36,23.069063776494882
2,37,23.30822811690301
2,38,24.02648028027614
2,39,26.383618976531054
2,40,24.693574936652496
2,41,25.6933046316288
2,42,25.002334972869694
2,43,23.80900121691491
2,44,20.19879958345083
2,45,18.66485581657017
2,46,15.358132777909736
2,47,14.392258780666685
2,48,11.903362275976097
2,49,12.538375331583987
2,50,11.034938708230156
2,51,8.699740245308863
2,52,11.535847359033344
2,53,13.82784629805824
2,54,17.345362542442327
2,55,20.090113742689063
2,56,23.566644519703377
2,57,26.730623156013547
2,58,29.946438812130328
2,59,31.734889248271283
2,60,29.64211471069247
3,1,6.7596998543305356
3,2,3.805195971868455
3,4,3.820162783720405
3,5,6.773066781611648
3,6,10.2986548054838
3,7,13.384063002070484
3,8,16.458101974017953
3,9,19.82034887044836
3,10,22.346370283728724
3,11,25.975393176244577
3,12,25.610334708628915
3,13,21.883266698705604
3,14,19.86541001870906
3,15,16.659459760852663
3,16,12.899533007448074
3,17,10.459868414946575
3,18,6.813624971393328
3,19,5.828676033367825
3,20,4.63374842212325
3,21,6.67727982921449
3,22,8.609695857110092
3,23,9.966093661442224
3,24,9.7050411053662
3,25,12.714674781819411
3,26,11.276743782358691
3,27,8.81603314095368
3,28,11.98701138077783
3,29,14.080218537274359
3,30,12.223640997480729
3,31,12.309740789290851
3,32,15.870669158435016
3,33,17.09419863424675
3,34,15.84789572641888
3,35,17.518402255559373
3,36,20.618664646391604
3,37,20.731607337043958
3,38,21.027513342838322
3,39,23.529371354094415
3,40,21.790907092797724
3,41,23.10701319080437
3,42,22.47873098245617
3,43,21.58939545219536
3,44,18.196598975792288
3,45,16.856132933805142
3,46,13.911459576011566
3,47,13.169829015244375
3,48,11.613116606013698
3,49,12.182466837565556
3,50,9.6469640523384
3,51,7.365503800907384
3,52,9.18323874577853
3,53,11.500880970724022
3,54,14.670304758278228
3,55,17.37207175581643
3,56,20.72815654302507
3,57,23.84966774600828
3,58,27.160768004368553
3,59,28.707994236284758
3,60,26.39852653234089
4,1,9.82669366829149
4,2,6.589009360170972
4,3,3.820162783720405
4,5,3.7882523299782704
4,6,6.996100385936584
4,7,10.259384604924735
4,8,13.29003925291112
4,9,16.54092209774933
4,10,19.10675094997129
4,11,22.815189558131912
4,12,22.80440351685646
4,13,19.19663178051651
4,14,17.216458051873765
4,15,14.364109676357778
4,16,10.715934148452316
4,17,8.761561961362505
4,18,5.611221482331183
4,19,5.473114876499084
4,20,6.170638832815413
4,21,7.269438395169994
4,22,9.45892010513106
4,23,9.317585240598712
4,24,7.6867560367537155
4,25,10.62415694862081
4,26,9.878968720420216
4,27,6.64705779751616
4,28,9.010343428819121
4,29,11.692285625530502
4,30,10.208502241346778
4,31,9.442253742435762
4,32,12.821210426558613
4,33,14.630139418602504
4,34,13.492836053140552
4,35,14.568590524053695
4,36,17.779416074498606
4,37,18.409537698984852
4,38,18.533611636355026
4,39,20.662451073164622
4,40,18.590564572345055
4,41,19.62747549482119
4,42,18.784398491547197
4,43,17.780057008615234
4,44,14.386899830440099
4,45,13.12119927780416
4,46,10.386783603461554
4,47,10.205576224885183
4,48,9.381112505550586
4,49,10.679261048229264
4,50,7.9705967689921025
4,51,4.965975178146943
4,52,5.808688809569518
4,53,7.702216200561672
4,54,10.957430858529557
4,55,13.666860565762772
4,56,17.073219778986815
4,57,20.240861274899757
4,58,23.48941967943873
4,59,25.181991033476645
4,60,23.074197648596513
5,1,13.310180608835841
5,2,10.145451136014891
5,3,6.773066781611648
5,4,3.7882523299782704
5,6,3.8064058178577476
5,7,6.633091339694783
5,8,9.846438830133485
5,9,13.072060948299269
5,10,15.771127633792894
5,11,19.40701621616657
5,12,19.35852588567085
5,13,15.782980492777623
5,14,13.54912315019433
5,15,10.666365453299347
5,16,7.115812224695586
5,17,5.9970523405095415
5,18,4.3459722374796375
5,19,6.54668043742856
5,20,8.874267574760893
5,21,10.540489457148293
5,22,13.09920993989027
5,23,12.585624273541919
5,24,10.278098062178726
5,25,12.754451188514452
5,26,12.251565060344937
5,27,8.531348292215279
5,28,9.778193016597797
5,29,12.553574085591766
5,30,10.759745580905914
5,31,8.735095458754737
5,32,12.039576379502458
5,33,14.019491360419739
5,34,12.173568716326491
5,35,12.593930432549612
5,36,16.172571145344634
5,37,16.831345734358127
5,38,16.249535239934165
5,39,18.370441518817277
5,40,16.069012699893616
5,41,17.38977169491078
5,42,16.460173323688178
5,43,15.765693968820944
5,44,12.808804904848518
5,45,11.7560944740058
5,46,9.81462807290439
5,47,9.934515013855302
5,48,10.506788095783232
5,49,11.501804050140292
5,50,8.151103119682023
5,51,6.2250346681493705
5,52,4.577839715382455
5,53,6.107323922920865
5,54,8.378883192272959
5,55,11.081509008953287
5,56,14.17870791740319
5,57,17.348319100008087
5,58,20.628635504263595
5,59,21.985853305806526
5,60,19.627016037424717
6,1,16.50924442214447
6,2,13.541998315456423
6,3,10.2986548054838
6,4,6.996100385936584
6,5,3.8064058178577476
6,7,3.7939292893564867
6,8,6.303059212001301
6,9,9.679073454974153
6,10,12.12302709448536
6,11,15.81999373630834
6,12,15.94070771326039
6,13,12.471699726202106
6,14,10.56263697989268
6,15,8.3780707295848
6,16,5.452444651648604
6,17,5.3530007610438215
6,18,5.869514629486024
6,19,8.259346308148835
6,20,11.353228097137555
6,21,12.664396384909091
6,22,15.43197165608424
6,23,14.295181028992715
6,24,11.513364642818548
6,25,13.103681407498819
6,26,12.868648521804504
6,27,9.118530401515642
6,28,9.014623185284911
6,29,11.576733965321218
6,30,9.940736354270271
6,31,6.827593492492935
6,32,9.54351117047355
6,33,11.771381110245887
6,34,9.743306080286775
6,35,9.314698548940418
6,36,13.014345208521801
6,37,14.014733366305888
6,38,13.077348561592103
6,39,14.87358132587545
6,40,12.355759212462193
6,41,13.707668980580374
6,42,12.875121750030571
6,43,12.61533181918887
6,44,10.117504551372747
6,45,9.93449314138967
6,46,9.235883482253055
6,47,10.534231230581298
6,48,12.121778080380274
6,49,13.632555432737092
6,50,10.570002649176747
6,51,8.740650239141209
6,52,5.706601645665898
6,53,4.786814007581855
6,54,5.6686808477478055
6,55,7.609313268516394
6,56,10.728900463847163
6,57,13.685368378531127
6,58,17.092839150074827
6,59,18.54364204656923
6,60,16.314957729859856
7,1,19.896427256679885
7,2,16.75920888059476
7,3,13.384063002070484
7,4,10.259384604924735
7,5,6.633091339694783
7,6,3.7939292893564867
7,8,3.801209087902805
7,9,6.527338044311078
7,10,9.56011709714191
7,11,13.080025466231547
7,12,13.43812907510289
7,13,10.26060570508309
7,14,7.642934934620611
7,15,5.809768087767028
7,16,4.3929415522144515
7,17,6.771403271809388
7,18,8.718984921745744
7,19,11.737974357968136
7,20,14.92097583432098
7,21,16.41437677040104
7,22,19.088429787112872
7,23,17.825045195090425
7,24,14.787508956469678
7,25,16.36418270931524
7,26,16.491049198047413
7,27,12.804177911435843
7,28,12.159230055368445
7,29,14.714368489498431
7,30,13.259078792108207
7,31,9.75866090508354
7,32,11.672735331716318
7,33,13.98722015728759
7,34,11.630538916825689
7,35,10.172976146530917
7,36,13.890446741553424
7,37,15.041246792606165
7,38,13.180439259270923
7,39,14.622005703569934
7,40,11.694678107560925
7,41,13.114865989398622
7,42,11.851037703252896
7,43,11.762766886764904
7,44,10.155985538226137
7,45,9.938412588319402
7,46,10.199040531936392
7,47,11.293258000849146
7,48,13.762460106239338
7,49,14.740676708130835
7,50,11.658358586588184
7,51,10.94852664802923
7,52,7.328655083599348
7,53,6.399301373975716
7,54,4.892229737042855
7,55,6.58650802363644
7,56,8.544121885260347
7,57,11.583856234122752
7,58,14.770783439219313
7,59,15.63295782045316
7,60,13.044399802512498
8,1,22.711270548766194
8,2,19.82239419276713
8,3,16.458101974017953
8,4,13.29003925291112
8,5,9.846438830133485
8,6,6.303059212001301
8,7,3.801209087902805
8,9,3.8071072579905714
8,10,5.952656537156354
8,11,9.562287768414466
8,12,9.927744428752558
8,13,6.891860631682759
8,14,5.116899934077782
8,15,5.23304411375195
8,16,5.804916842795802
8,17,8.228456346587963
8,18,10.962560104558218
8,19,13.720627863943959
8,20,17.222615696899386
8,21,18.594764768280633
8,22,21.47634302561274
8,23,20.016248041872213
8,24,16.972270909094863
8,25,17.817650740199173
8,26,17.87591324165163
8,27,14.423298893229731
8,28,13.13639881906856
8,29,15.022338156582471
8,30,13.635456540830676
8,31,9.911729992571905
8,32,10.847883820107521
8,33,12.8325765490825
8,34,10.364637609276249
8,35,8.013665616313114
8,36,11.442295022977534
8,37,12.70029216348
8,38,10.29834616402178
8,39,11.321111885145356
8,40,8.322036341661455
8,41,10.1106408092447
8,42,9.354799267223653
8,43,10.357865628179166
8,44,9.857081956009372
8,45,10.914112706848732
8,46,12.270668611458873
8,47,14.134715978363435
8,48,16.829347972377168
8,49,18.17316247497392
8,50,15.306032029811636
8,51,14.330810802539363
8,52,10.672524137688514
8,53,8.67402624841294
8,54,6.117451432250223
8,55,5.3409577703030635
8,56,6.478811551586877
8,57,8.626249277549313
8,58,12.076027509083897
8,59,12.926255387792597
8,60,10.422235725830646
9,1,26.18173457892273
9,2,23.116543082275676
9,3,19.82034887044836
9,4,16.54092209774933
9,5,13.072060948299269
9,6,9.679073454974153
9,7,6.527338044311078
9,8,3.8071072579905714
9,10,3.7937304493696407
9,11,6.956940035587047
9,12,8.4724864556821
9,13,6.794247404540011
9,14,5.060132056896187
9,15,7.005492690068059
9,16,8.903879014846538
9,17,11.85918861878675
9,18,14.641837033648194
9,19,17.460606045931698
9,20,20.882909855956456
9,21,22.09216848926304
9,22,24.77490423193357
9,23,23.02119013890744
9,24,19.726323439708732
9,25,20.483519159191342
9,26,21.003691490578543
9,27,17.68416800780219
9,28,15.927506283648114
9,29,17.89662424116739
9,30,16.974642530361937
9,31,13.182437335525027
9,32,13.381392986382156
9,33,15.561072566395508
9,34,13.434728545309408
9,35,10.426232549771578
9,36,13.222655150600103
9,37,14.89306922362617
9,38,12.082403262040593
9,39,12.134040807967642
9,40,8.805953044346161
9,41,9.892632810544193
9,42,8.443624018764202
9,43,9.512322455436253
9,44,10.239850987655192
9,45,11.344659889082743
9,46,13.52793819183948
9,47,15.369908616156065
9,48,18.579624010693923
9,49,19.745795037551165
9,50,17.21060541719826
9,51,16.777539299769007
9,52,12.976620132455857
9,53,10.891203932439806
9,54,7.419679647096563
9,55,5.9494952832024905
9,56,4.540681421411685
9,57,6.236671304328863
9,58,9.095258239450564
9,59,9.34736748455727
9,60,6.683352808732539
10,1,28.44596751702667
10,2,25.645063468447898
10,3,22.346370283728724
10,4,19.10675094997129
10,5,15.771127633792894
10,6,12.12302709448536
10,7,9.56011709714191
10,8,5.952656537156354
10,9,3.7937304493696407
10,11,3.78038103528917
10,12,5.492172373174694
10,13,4.879805412315407
10,14,5.583815789889892
10,15,8.751986380826374
10,16,11.079018885444883
10,17,13.576754489395686
10,18,16.627901357572444
10,19,19.169123568103405
10,20,22.758249275497754
10,21,23.91292680615945
10,22,26.782341330426423
10,23,25.000348347740356
10,24,21.852383986596212
10,25,22.04629921408278
10,26,22.349300709690564
10,27,19.288283013155485
10,28,17.281358539323854
10,29,18.551521160262936
10,30,17.626298378570937
10,31,14.009582625660824
10,32,13.491155771157123
10,33,15.055334212601975
10,34,13.022725413000355
10,35,9.676122034718714
10,36,11.61557903426828
10,37,13.17856478079625
10,38,10.039482694757698
10,39,9.405251813038985
10,40,6.477065599345966
10,41,7.977010957266454
10,42,7.6905726031839965
10,43,10.13335368592736
10,44,11.72756241994051
10,45,13.778421836156548
10,46,16.319195986824028
10,47,18.618668034142566
10,48,21.72441386777018
10,49,23.20250809901463
10,50,20.681977311370833
10,51,19.868360948456935
10,52,16.126303272376184
10,53,13.603411055085425
10,54,10.299141556735698
10,55,7.638551895599578
10,56,5.830941628795029
10,57,4.974541798702757
10,58,7.928683852035255
10,59,8.173028214305749
10,60,6.059938383258774
11,1,32.10724228040513
11,2,29.34009616631818
11,3,25.975393176244577
11,4,22.815189558131912
11,5,19.40701621616657
11,6,15.81999373630834
11,7,13.080025466231547
11,8,9.562287768414466
11,9,6.956940035587047
11,10,3.78038103528917
11,12,3.8010124832027103
11,13,5.979940956202208
11,14,7.5408377087832585
11,15,11.24441397623221
11,16,14.16872298454552
11,17,16.803194522255936
11,18,20.075821466826408
11,19,22.69353939920477
11,20,26.347105820648537
11,21,27.595452264816558
11,22,30.520657431317904
11,23,28.74388722208686
11,24,25.600343878039876
11,25,25.676401143348258
11,26,25.969320812870958
11,27,22.98325884218947
11,28,20.91165196981992
11,29,21.960400359237372
11,30,21.03950172661659
11,31,17.539793793614848
11,32,16.754650935420106
11,33,17.96598371987709
11,34,15.969256352897895
11,35,12.656758641316921
11,36,13.884708336928211
11,37,15.171028812035996
11,38,11.781091727798605
11,39,10.604243642814883
11,40,8.57628653178621
11,41,9.867899415649832
11,42,9.959645444294416
11,43,12.675791735000423
11,44,14.91960062434692
11,45,17.048188451312143
11,46,19.822244592505715
11,47,22.063301634764738
11,48,25.302380142905356
11,49,26.65268445933803
11,50,24.15994362296864
11,51,23.547885043614524
11,52,19.777600454949432
11,53,17.324247400371842
11,54,13.903175545690106
11,55,11.190007385262405
11,56,8.692556014403346
11,57,6.539463599178389
11,58,7.954811025334484
11,59,6.894468634953029
11,60,5.094647239280441
12,1,31.639446167583973
12,2,29.131564808913808
12,3,25.610334708628915
12,4,22.80440351685646
12,5,19.35852588567085
12,6,15.94070771326039
12,7,13.43812907510289
12,8,9.927744428752558
12,9,8.4724864556821
12,10,5.492172373174694
12,11,3.8010124832027103
12,13,3.8281187530904073
12,14,6.565883016657016
12,15,10.169638426028676
12,16,13.311645975912064
12,17,15.680462934172542
12,18,19.238562298877465
12,19,21.916560710440084
12,20,25.68652644955764
12,21,27.33052283326521
12,22,30.54137073135032
12,23,29.183414538599056
12,24,26.327119870397155
12,25,26.46290156104472
12,26,26.2077346975886
12,27,23.139571066943788
12,28,21.54788522417709
12,29,22.276110196995152
12,30,20.75968955116928
12,31,17.502032430887148
12,32,17.15226175332953
12,33,17.6783846514342
12,34,15.13771314596656
12,35,12.427051589436426
12,36,13.682558343290136
12,37,13.986008233573067
12,38,10.256454305733598
12,39,9.995934376226893
12,40,9.022295974347628
12,41,11.517847153434696
12,42,12.452815750486764
12,43,15.396828902866078
12,44,17.092923718663442
12,45,19.20903556972007
12,46,21.540813901919563
12,47,23.64639938275464
12,48,26.619042675871377
12,49,27.86391298210061
12,50,24.996576476745783
12,51,24.248301279731052
12,52,20.581122855612204
12,53,18.40365554769962
12,54,15.369665039887
12,55,12.920093291149001
12,56,11.293519210714836
12,57,9.664328693296387
12,58,11.644957727982021
12,59,10.64304395145859
12,60,8.374269165390666
13,1,27.878476455621907
13,2,25.4304960864583
13,3,21.883266698705604
13,4,19.19663178051651
13,5,15.782980492777623
13,6,12.471699726202106
13,7,10.26060570508309
13,8,6.891860631682759
13,9,6.794247404540011
13,10,4.879805412315407
13,11,5.979940956202208
13,12,3.8281187530904073
13,14,3.812729354193254
13,15,6.886945295515194
13,16,9.68764509217362
13,17,11.866270375091657
13,18,15.436619971981102
13,19,18.14850271995875
13,20,21.92677997877717
13,21,23.706113218762766
13,22,26.985036992980852
13,23,25.833454648820034
13,24,23.113056571548974
13,25,23.445360585498374
13,26,22.95744210620509
13,27,19.758115234149468
13,28,18.520603644531995
13,29,19.350260198098137
13,30,17.51469031421419
13,31,14.266733025749028
13,32,14.494122252998261
13,33,15.032947905119956
13,34,12.103753422714759
13,35,9.762551202735196
13,36,11.809554162105162
13,37,11.88440790634108
13,38,8.185363045054325
13,39,9.091235209993101
13,40,7.770552498332138
13,41,10.867886556359764
13,42,11.753607343279233
13,43,14.392275554126874
13,44,15.271992842799994
13,45,17.167818257344926
13,46,19.01229810584145
13,47,21.002426299616634
13,48,23.707944197581185
13,49,24.95343976545474
13,50,21.90834949289727
13,51,20.977898276121103
13,52,17.42975271024917
13,53,15.448423381674361
13,54,12.821048182206695
13,55,10.80634178764035
13,56,10.214124985942659
13,57,9.724687871944536
13,58,12.64562385070254
13,59,12.369118588810757
13,60,9.683577886524693
14,1,26.235871676601
14,2,23.501573505447496
14,3,19.86541001870906
14,4,17.216458051873765
14,5,13.54912315019433
14,6,10.56263697989268
14,7,7.642934934620611
14,8,5.116899934077782
14,9,5.060132056896187
14,10,5.583815789889892
14,11,7.5408377087832585
14,12,6.565883016657016
14,13,3.812729354193254
14,15,3.7741507121319757
14,16,7.164979021162839
14,17,10.236298298664385
14,18,13.79185670205804
14,19,16.981412764810294
14,20,20.65414979674328
14,21,22.61290484154041
14,22,25.74878459763614
14,23,24.677720215224067
14,24,21.817925532979878
14,25,22.738775265780646
14,26,22.44296238710319
14,27,18.938254622693695
14,28,17.986150611570583
14,29,19.49728546094356
14,30,17.623872275756597
14,31,14.154272422141744
14,32,15.06890126928825
14,33,16.237265661571413
14,34,13.1830114500316
14,35,11.035128079763698
14,36,13.907518453232342
14,37,14.262662902770446
14,38,10.898559706697696
14,39,12.126923849632295
14,40,9.997280164930254
14,41,12.574462281560237
14,42,12.417616029739024
14,43,14.167555025013927
14,44,14.531783675945427
14,45,15.612181620788373
14,46,17.09560964846445
14,47,18.532506666447553
14,48,21.3174831416759
14,49,22.124305301069572
14,50,18.98837240794057
14,51,18.554328473853857
14,52,14.968186549224663
14,53,13.581729007054374
14,54,10.916181421226867
14,55,9.933241892060156
14,56,9.444483641466359
14,57,10.232362374464804
14,58,13.101608699729006
14,59,12.571101152991028
14,60,9.235379466585732
15,1,23.1043550723278
15,2,20.387200927584413
15,3,16.659459760852663
15,4,14.364109676357778
15,5,10.666365453299347
15,6,8.3780707295848
15,7,5.809768087767028
15,8,5.23304411375195
15,9,7.005492690068059
15,10,8.751986380826374
15,11,11.24441397623221
15,12,10.169638426028676
15,13,6.886945295515194
15,14,3.7741507121319757
15,16,3.7793848427736765
15,17,7.182626253860171
15,18,10.708025739992397
15,19,14.196101843377004
15,20,17.755182777368578
15,21,20.052790997475597
15,22,23.208013752267625
15,23,22.527248489943933
15,24,19.888047902527287
15,25,21.275547692490026
15,26,20.712922066655377
15,27,17.028160599108727
15,28,16.763238385469
15,29,18.52853969064474
15,30,16.27587677387975
15,31,13.02807639861741
15,32,14.85789825661725
15,33,16.03951259957759
15,34,12.742799397097594
15,35,11.474781894207808
15,36,14.882711332596877
15,37,14.918623473011351
15,38,12.070492371430113
15,39,14.094915865052995
15,40,12.0372303511335
15,41,14.652701228486517
15,42,14.33446054061234
15,43,15.483931659959508
15,44,14.910519156941502
15,45,15.351508531620821
15,46,15.992332272172527
15,47,16.90802650237507
15,48,19.29160439485594
15,49,19.802330246297885
15,50,16.377864965734027
15,51,16.017622727210192
15,52,12.719079014746693
15,53,12.126198004315123
15,54,10.294452322737989
15,55,10.508187821552847
15,56,11.11659994400556
15,57,12.852968226744544
15,58,15.95252078789834
15,59,15.734294936068098
15,60,12.37331747430284
16,1,19.325891828336736
16,2,16.63267821596724
16,3,12.899533007448074
16,4,10.715934148452316
16,5,7.115812224695586
16,6,5.452444651648604
16,7,4.3929415522144515
16,8,5.804916842795802
16,9,8.903879014846538
16,10,11.079018885444883
16,11,14.16872298454552
16,12,13.311645975912064
16,13,9.68764509217362
16,14,7.164979021162839
16,15,3.7793848427736765
16,17,3.7856694178592827
16,18,7.002808221661314
16,19,10.586016912987015
16,20,14.048797484254747
16,21,16.421806816208537
16,22,19.566960129488745
16,23,19.10775502672776
16,24,16.688270687739816
16,25,18.331751459179834
16,26,17.55637658413068
16,27,13.806568620447933
16,28,14.099956246117733
16,29,16.025940413764808
16,30,13.589622926685935
16,31,10.636833586321886
16,32,13.210510897561548
16,33,14.473515102022967
16,34,11.292773979566435
16,35,10.850123977564655
16,36,14.558615570388739
16,37,14.569671441785209
16,38,12.535448376129466
16,39,14.94714186759197
16,40,12.90238272724024
16,41,15.316889400391702
16,42,14.948281678124095
16,43,15.58973240805572
16,44,14.113760845131736
16,45,14.180326520113761
16,46,14.019834893848074
16,47,14.74138192427544
16,48,16.586133340202302
16,49,17.19234653510721
16,50,13.630351070875248
16,51,12.868764465835037
16,52,9.932514343067103
16,53,9.832593556339788
16,54,9.165137545359578
16,55,10.265911034139382
16,56,12.059685207773958
16,57,14.413381489503529
16,58,17.781789521961763
16,59,18.20528634194828
16,60,15.156441127793594
17,1,16.391354953424965
17,2,14.14172319104427
17,3,10.459868414946575
17,4,8.761561961362505
17,5,5.9970523405095415
17,6,5.3530007610438215
17,7,6.771403271809388
17,8,8.228456346587963
17,9,11.85918861878675
17,10,13.576754489395686
17,11,16.803194522255936
17,12,15.680462934172542
17,13,11.866270375091657
17,14,10.236298298664385
17,15,7.182626253860171
17,16,3.7856694178592827
17,18,3.7988703898901375
17,19,7.158396263903035
17,20,10.75653103871403
17,21,13.376985274440907
17,22,16.781660440523783
17,23,16.76592041961906
17,24,14.906361357311168
17,25,16.425651383468217
17,26,14.994768140635475
17,27,11.383172519766925
17,28,12.439959320076992
17,29,13.905458744393597
17,30,10.94693786222879
17,31,8.776513435035115
17,32,11.993520344148951
17,33,12.674146067901987
17,34,9.517070904592194
17,35,10.355124105617353
17,36,13.907282015050656
17,37,13.423839058284216
17,38,12.268522653662588
17,39,15.178342769256544
17,40,13.710007317805998
17,41,16.21712623843798
17,42,16.346546019288358
17,43,17.012863082816587
17,44,15.01627749230051
17,45,15.239115951556554
17,46,14.501818399421037
17,47,15.339380223362086
17,48,16.412845441231028
17,49,17.349472500669474
17,50,13.80279150481678
17,51,12.221046690332134
17,52,10.059194680216873
17,53,10.089140674563538
17,54,10.643479593752629
17,55,11.755413317742562
17,56,14.336556796299522
17,57,16.6036675271287
17,58,20.20775169614962
17,59,21.104875117065742
17,60,18.332360866537165
18,1,12.606160543271336
18,2,10.411347524754179
18,3,6.813624971393328
18,4,5.611221482331183
18,5,4.3459722374796375
18,6,5.869514629486024
18,7,8.718984921745744
18,8,10.962560104558218
18,9,14.641837033648194
18,10,16.627901357572444
18,11,20.075821466826408
18,12,19.238562298877465
18,13,15.436619971981102
18,14,13.79185670205804
18,15,10.708025739992397
18,16,7.002808221661314
18,17,3.7988703898901375
18,19,3.789473578455556
18,20,7.087307168239621
18,21,9.8558858640212
18,22,13.197870858264926
18,23,13.570863621303172
18,24,12.181837666020128
18,25,14.066039903420416
18,26,12.368658454990126
18,27,8.866725116947578
18,28,10.903726848116243
18,29,12.519959648329172
18,30,9.608121622825779
18,31,8.408452793814453
18,32,12.132651530878636
18,33,12.918382987332468
18,34,10.515206996262979
18,35,12.042086319539813
18,36,15.408360566197155
18,37,15.087312157020735
18,38,14.771647357470862
18,39,17.587389241510493
18,40,16.110023048926227
18,41,18.15488531873625
18,42,18.102320963521738
18,43,18.20775103932111
18,44,15.54422813219903
18,45,15.299648561309034
18,46,13.704843920248576
18,47,14.195626904900347
18,48,14.411382008945175
18,49,15.435862106974625
18,50,12.063747569660922
18,51,9.936178178902713
18,52,8.882170989883639
18,53,9.641890443297342
18,54,11.495803962506727
18,55,13.25190817856925
18,56,16.372043326504976
18,57,18.980714523803815
18,58,22.56127286386497
18,59,23.83137890110386
18,60,21.28935143369692
19,1,9.9829678295427
19,2,8.516226134374785
19,3,5.828676033367825
19,4,5.473114876499084
19,5,6.54668043742856
19,6,8.259346308148835
19,7,11.737974357968136
19,8,13.720627863943959
19,9,17.460606045931698
19,10,19.169123568103405
19,11,22.69353939920477
19,12,21.916560710440084
19,13,18.14850271995875
19,14,16.981412764810294
19,15,14.196101843377004
19,16,10.586016912987015
19,17,7.158396263903035
19,18,3.789473578455556
19,20,3.79800413523408
19,21,6.473777243505036
19,22,10.092913695719826
19,23,10.901721847885224
19,24,10.381427043663153
19,25,11.91203471312645
19,26,9.502382107574471
19,27,6.614641543573644
19,28,9.599403233664203
19,29,10.575004013942111
19,30,7.607420193187296
19,31,7.985765476961296
19,32,11.710033391317568
19,33,12.058559710440885
19,34,10.510573490499844
19,35,12.836086920121518
19,36,15.656200293702748
19,37,15.259172337505937
19,38,15.876173458456625
19,39,18.626230341215877
19,40,17.50927732375551
19,41,19.27601432462781
19,42,19.4885519917628
19,43,19.48593767834737
19,44,16.513708717835158
19,45,16.42504329347652
19,46,14.487546681617143
19,47,15.19568025939282
19,48,14.632131320451181
19,49,16.152036194445277
19,50,13.312731505110143
19,51,10.403771867557202
19,52,10.373530635301456
19,53,10.897592728531055
19,54,13.467989682899072
19,55,15.037976063983905
19,56,18.531556818059137
19,57,21.022346420480964
19,58,24.639068144158124
19,59,26.33808497108179
19,60,24.12645318986736
20,1,6.315162308644777
20,2,5.67844434401099
20,3,4.63374842212325
20,4,6.170638832815413
20,5,8.874267574760893
20,6,11.353228097137555
20,7,14.92097583432098
20,8,17.222615696899386
20,9,20.882909855956456
20,10,22.758249275497754
20,11,26.347105820648537
20,12,25.68652644955764
20,13,21.92677997877717
20,14,20.65414979674328
20,15,17.755182777368578
20,16,14.048797484254747
20,17,10.75653103871403
20,18,7.087307168239621
20,19,3.79800413523408
20,21,3.8094387937553176
20,22,7.099898598772697
20,23,9.019107254341904
20,24,9.713974130486738
20,25,11.526703513289599
20,26,8.853865151018793
20,27,7.125061867782358
20,28,10.83742816836732
20,29,11.696911082094637
20,30,9.390224722058043
20,31,10.743975735955505
20,32,14.206688173742943
20,33,14.545048281256747
20,34,13.676891565976256
20,35,16.16153712819406
20,36,18.706435319918647
20,37,18.381524142193026
20,38,19.391244227402478
20,39,22.03758492001918
20,40,20.945492150497326
20,41,22.416742509605985
20,42,22.48293216211666
20,43,22.097455926633398
20,44,18.811629658912818
20,45,18.32457427760907
20,46,15.804317570669168
20,47,16.049596464505843
20,48,14.570427882221647
20,49,15.987936739315668
20,50,13.678575402451466
20,51,10.659117887181278
20,52,11.905002408640804
20,53,12.996858156103173
20,54,16.117719109315587
20,55,18.01898190985309
20,56,21.631615532875443
20,57,24.28679154312732
20,58,27.813359925083766
20,59,29.664901454344133
20,60,27.554130282078333
21,1,6.323090977097145
21,2,5.976606167293513
21,3,6.67727982921449
21,4,7.269438395169994
21,5,10.540489457148293
21,6,12.664396384909091
21,7,16.41437677040104
21,8,18.594764768280633
21,9,22.09216848926304
21,10,23.91292680615945
21,11,27.595452264816558
21,12,27.33052283326521
21,13,23.706113218762766
21,14,22.61290484154041
21,15,20.052790997475597
21,16,16.421806816208537
21,17,13.376985274440907
21,18,9.8558858640212
21,19,6.473777243505036
21,20,3.8094387937553176
21,22,3.7727989474141728
21,23,5.517321961086537
21,24,7.140036017338098
21,25,8.524044357116438
21,26,5.835035914471576
21,27,5.546283807609801
21,28,9.27607775630085
21,29,9.95864444224692
21,30,8.811196962656224
21,31,10.811152099800749
21,32,13.666972124027904
21,33,14.275135586725408
21,34,14.40274861375522
21,35,16.731269106081008
21,36,18.87235344150006
21,37,19.062067467743645
21,38,20.541911841676217
21,39,22.719805298857572
21,40,21.536333874638288
21,41,22.42912950279558
21,42,22.378657970392972
21,43,21.64652012304341
21,44,18.164783428994276
21,45,17.681497898250335
21,46,15.017698353348125
21,47,15.544290674113284
21,48,13.605519344612105
21,49,15.656823570660821
21,50,14.13720392441278
21,51,10.653317486346978
21,52,12.377265941137301
21,53,13.033826345534038
21,54,16.497080042340933
21,55,18.298689254017642
21,56,22.064260679777018
21,57,24.705204374318637
21,58,28.080192661471408
21,59,30.330757358607663
21,60,28.63238491793424
22,1,6.004130406503035
22,2,6.212737895920653
22,3,8.609695857110092
22,4,9.45892010513106
22,5,13.09920993989027
22,6,15.43197165608424
22,7,19.088429787112872
22,8,21.47634302561274
22,9,24.77490423193357
22,10,26.782341330426423
22,11,30.520657431317904
22,12,30.54137073135032
22,13,26.985036992980852
22,14,25.74878459763614
22,15,23.208013752267625
22,16,19.566960129488745
22,17,16.781660440523783
22,18,13.197870858264926
22,19,10.092913695719826
22,20,7.099898598772697
22,21,3.7727989474141728
22,23,3.824024620776401
22,24,6.973250089763082
22,25,8.472759391776673
22,26,6.792765928437439
22,27,7.8510582373598155
22,28,11.011836535885157
22,29,11.86647009457073
22,30,11.733898335145334
22,31,13.757068880745482
22,32,16.177303414317333
22,33,17.10165329567399
22,34,17.705716147870543
22,35,19.790658885828638
22,36,21.780031082803173
22,37,22.30157029236668
22,38,23.904739595291854
22,39,25.81364154451827
22,40,24.449843312141102
22,41,24.9227542523105
22,42,24.569833665748565
22,43,23.374885770108264
22,44,19.718063948968993
22,45,18.82806150937219
22,46,15.804804977392871
22,47,15.956321302523241
22,48,13.28961373617214
22,49,15.343021230050393
22,50,14.70037302422628
22,51,11.391017989446436
22,52,13.921025434599505
22,53,14.83744375347853
22,54,18.533981944040704
22,55,20.57347855206337
22,56,24.317376928618017
22,57,27.106105432586695
22,58,30.275794922438504
22,59,32.68520725981466
22,60,31.184062141394243
23,1,9.45734683562937
23,2,8.402512750490988
23,3,9.966093661442224
23,4,9.317585240598712
23,5,12.585624273541919
23,6,14.295181028992715
23,7,17.825045195090425
23,8,20.016248041872213
23,9,23.02119013890744
23,10,25.000348347740356
23,11,28.74388722208686
23,12,29.183414538599056
23,13,25.833454648820034
23,14,24.677720215224067
23,15,22.527248489943933
23,16,19.10775502672776
23,17,16.76592041961906
23,18,13.570863621303172
23,19,10.901721847885224
23,20,9.019107254341904
23,21,5.517321961086537
23,22,3.824024620776401
23,24,3.7638435138971422
23,25,4.99393373313816
23,26,4.869599745311252
23,27,6.317612382959371
23,28,8.434330086143751
23,29,9.749579813771986
23,30,10.686783999062532
23,31,12.28306504328103
23,32,14.104027584791123
23,33,15.64112060681148
23,34,16.718868505942336
23,35,18.23396703266983
23,36,20.09015829241396
23,37,21.228059681423886
23,38,22.81114557352463
23,39,24.22432862165388
23,40,22.57174165426079
23,41,22.536760580566504
23,42,21.925367641750906
23,43,20.43284542782553
23,44,16.75254788161509
23,45,15.890391354167342
23,46,13.010461883280254
23,47,13.648901118448356
23,48,11.184149989273632
23,49,13.967336002546864
23,50,13.751327745605545
23,51,10.204185327892656
23,52,12.412329005478414
23,53,12.699769226141438
23,54,16.368367058939175
23,55,18.25865314296966
23,56,21.95305992925675
23,57,24.70991437750653
23,58,27.66731443119917
23,59,30.303462729424485
23,60,29.148270233438637
24,1,11.569955222263488
24,2,9.349380380603039
24,3,9.7050411053662
24,4,7.6867560367537155
24,5,10.278098062178726
24,6,11.513364642818548
24,7,14.787508956469678
24,8,16.972270909094863
24,9,19.726323439708732
24,10,21.852383986596212
24,11,25.600343878039876
24,12,26.327119870397155
24,13,23.113056571548974
24,14,21.817925532979878
24,15,19.888047902527287
24,16,16.688270687739816
24,17,14.906361357311168
24,18,12.181837666020128
24,19,10.381427043663153
24,20,9.713974130486738
24,21,7.140036017338098
24,22,6.973250089763082
24,23,3.7638435138971422
24,25,3.810316451622094
24,26,5.4158114976951035
24,27,5.029159304758169
24,28,5.9827056235268445
24,29,8.581408429360636
24,30,9.776027000027087
24,31,10.23158954213452
24,32,11.911339481542006
24,33,14.2048275656854
24,34,15.091953987733081
24,35,15.925009431749563
24,36,18.061643943393033
24,37,19.64511574384462
24,38,20.797610938787425
24,39,21.944377650113662
24,40,19.870475184642846
24,41,19.62682980779327
24,42,18.643370253198068
24,43,16.92144125101452
24,44,13.178866448812762
24,45,12.135671283034725
24,46,9.282160504682752
24,47,10.280715104316942
24,48,8.41666632951923
24,49,11.656000874768846
24,50,11.32216732400904
24,51,7.675477826133785
24,52,9.282936824402544
24,53,9.189355476971421
24,54,12.825333388260129
24,55,14.830859574174964
24,56,18.439025615873415
24,57,21.325128375315735
24,58,24.169021649933637
24,59,26.77485471571329
24,60,25.688767402944606
25,1,13.915438394085943
25,2,12.39414671415581
25,3,12.714674781819411
25,4,10.62415694862081
25,5,12.754451188514452
25,6,13.103681407498819
25,7,16.36418270931524
25,8,17.817650740199173
25,9,20.483519159191342
25,10,22.04629921408278
25,11,25.676401143348258
25,12,26.46290156104472
25,13,23.445360585498374
25,14,22.738775265780646
25,15,21.275547692490026
25,16,18.331751459179834
25,17,16.425651383468217
25,18,14.066039903420416
25,19,11.91203471312645
25,20,11.526703513289599
25,21,8.524044357116438
25,22,8.472759391776673
25,23,4.99393373313816
25,24,3.810316451622094
25,26,3.8175853610038044
25,27,5.4057691813739215
25,28,4.949448685029178
25,29,6.205772044498236
25,30,8.652121308131202
25,31,9.78588954398714
25,32,10.423568799185505
25,33,12.445219183837372
25,34,14.244179268019288
25,35,15.13051404294134
25,36,16.52307118922702
25,37,18.302670605995896
25,38,20.003662541778013
25,39,20.776015031867193
25,40,19.048298980611953
25,41,18.47298329779118
25,42,17.913813073291518
25,43,16.45966548540514
25,44,12.993987037392737
25,45,12.904736984181644
25,46,10.936316718612902
25,47,12.89967852502107
25,48,11.580411479376604
25,49,15.10375220716512
25,50,14.840202125165874
25,51,11.192056168017926
25,52,12.046224605982943
25,53,10.839570714869044
25,54,13.996599245548376
25,55,15.105359622519908
25,56,18.715079854552638
25,57,21.09959529744819
25,58,23.893038515741612
25,59,26.85662150766778
25,60,26.174270377270158
26,1,11.866040428808477
26,2,11.044184694545073
26,3,11.276743782358691
26,4,9.878968720420216
26,5,12.251565060344937
26,6,12.868648521804504
26,7,16.491049198047413
26,8,17.87591324165163
26,9,21.003691490578543
26,10,22.349300709690564
26,11,25.969320812870958
26,12,26.2077346975886
26,13,22.95744210620509
26,14,22.44296238710319
26,15,20.712922066655377
26,16,17.55637658413068
26,17,14.994768140635475
26,18,12.368658454990126
26,19,9.502382107574471
26,20,8.853865151018793
26,21,5.835035914471576
26,22,6.792765928437439
26,23,4.869599745311252
26,24,5.4158114976951035
26,25,3.8175853610038044
26,27,3.808627618558647
26,28,5.472665407268419
26,29,5.237575437040935
26,30,6.379511938909465
26,31,8.746506337485354
26,32,10.127147222574933
26,33,11.098536322769968
26,34,12.647535664563259
26,35,14.451628135370466
26,36,15.817351324419175
26,37,16.83338860931761
26,38,18.830303248364437
26,39,20.1675418995798
26,40,18.976127266452853
26,41,19.085608242070897
26,42,19.14106285472168
26,43,18.340575945493462
26,44,15.011499163133099
26,45,15.27327747797058
26,46,13.327369753812617
26,47,15.09375246079579
26,48,13.716021666722295
26,49,16.83570680648715
26,50,15.888667291623223
26,51,12.065195436064611
26,52,12.92614070231781
26,53,12.00373781475189
26,54,15.177529730581707
26,55,16.148282871516162
26,56,19.92165911539969
26,57,22.152268108736195
26,58,25.301040885932505
26,59,28.08929297456828
26,60,27.071411181088127
27,1,11.510795792620959
27,2,9.768586783473175
27,3,8.81603314095368
27,4,6.64705779751616
27,5,8.531348292215279
27,6,9.118530401515642
27,7,12.804177911435843
27,8,14.423298893229731
27,9,17.68416800780219
27,10,19.288283013155485
27,11,22.98325884218947
27,12,23.139571066943788
27,13,19.758115234149468
27,14,18.938254622693695
27,15,17.028160599108727
27,16,13.806568620447933
27,17,11.383172519766925
27,18,8.866725116947578
27,19,6.614641543573644
27,20,7.125061867782358
27,21,5.546283807609801
27,22,7.8510582373598155
27,23,6.317612382959371
27,24,5.029159304758169
27,25,5.4057691813739215
27,26,3.808627618558647
27,28,3.814860785312312
27,29,5.383867923103274
27,30,5.008622025540662
27,31,6.046024845956606
27,32,8.492129640330889
27,33,9.988252957075234
27,34,10.518354051226867
27,35,12.079061137636119
27,36,14.219913222409515
27,37,15.196768763748597
27,38,16.546593859136422
27,39,18.15482039720803
27,40,16.62513557722632
27,41,17.113621547244506
27,42,16.967833288699772
27,43,16.260802451632205
27,44,12.881343535657214
27,45,12.970351077635444
27,46,11.01711317202695
27,47,12.704633375915083
27,48,11.888581360201025
27,49,14.743773820672917
27,50,13.141667338159344
27,51,9.37328650028982
27,52,9.630405399553885
27,53,8.795767769816242
27,54,11.980996445543285
27,55,13.256962767803193
27,56,17.066783527104924
27,57,19.541714668071915
27,58,22.840752842353435
27,59,25.3283248951248
27,60,23.97763619783917
28,1,15.181809228873723
28,2,13.148136713050075
28,3,11.98701138077783
28,4,9.010343428819121
28,5,9.778193016597797
28,6,9.014623185284911
28,7,12.159230055368445
28,8,13.13639881906856
28,9,15.927506283648114
28,10,17.281358539323854
28,11,20.91165196981992
28,12,21.54788522417709
28,13,18.520603644531995
28,14,17.986150611570583
28,15,16.763238385469
28,16,14.099956246117733
28,17,12.439959320076992
28,18,10.903726848116243
28,19,9.599403233664203
28,20,10.83742816836732
28,21,9.27607775630085
28,22,11.011836535885157
28,23,8.434330086143751
28,24,5.9827056235268445
28,25,4.949448685029178
28,26,5.472665407268419
28,27,3.814860785312312
28,29,3.8016596884819807
28,30,5.418298983308053
28,31,5.085179002885126
28,32,5.944673112875559
28,33,8.521475209285228
28,34,9.773564305226325
28,35,10.304081537680078
28,36,12.128095248958028
28,37,13.977149538178551
28,38,15.272206264606886
28,39,16.1356265805848
28,40,14.291839769220744
28,41,14.115803860554289
28,42,13.793292865062593
28,43,12.942560415878518
28,44,9.661401424045986
28,45,10.371153897277706
28,46,9.2663662599717
28,47,11.94524948603035
28,48,11.950725611515214
28,49,15.262031965448005
28,50,13.982171876949144
28,51,10.437379206725632
28,52,9.746540020361094
28,53,7.5394562110446905
28,54,10.152129645469099
28,55,10.763257448047252
28,56,14.499647257888057
28,57,16.757960375575024
28,58,19.857605392679037
28,59,22.654759797853323
28,60,21.761797340652667
29,1,16.26895417046597
29,2,15.023060363078061
29,3,14.080218537274359
29,4,11.692285625530502
29,5,12.553574085591766
29,6,11.576733965321218
29,7,14.714368489498431
29,8,15.022338156582471
29,9,17.89662424116739
29,10,18.551521160262936
29,11,21.960400359237372
29,12,22.276110196995152
