1,2,3.81443768838245
1,3,6.955150737466846
1,4,9.748977713896313
1,5,13.304188535110258
1,6,16.464460380158577
1,7,19.97043242853234
1,8,22.770174656034914
1,9,26.324027782555426
1,10,28.30565828443985
1,11,31.990067179205333
1,12,31.392372033192462
1,13,27.65149355292471
1,14,26.248439093626843
1,15,23.251945728366017
1,16,19.471195398031874
1,17,16.45094827600762
1,18,12.643231971085738
1,19,9.928665719621865
1,20,6.2379968711796865
1,21,5.725957061446748
1,22,5.40599513550949
1,23,8.504418127035335
1,24,11.004127511570134
1,25,13.201433594313613
1,26,11.602035599981443
1,27,11.052917504967608
1,28,14.696268729580796
1,29,15.75919662644763
1,30,14.646618139129727
1,31,16.210281333927743
1,32,19.29992060275666
1,33,19.711814610277052
1,34,19.54755141778184
1,35,21.93230193507227
1,36,24.243320211386077
1,37,24.481053756585084
1,38,25.40048854784932
1,39,27.96502431664138
1,40,26.612525273380804
1,41,27.702556859323792
1,42,27.290611347098324
1,43,26.424423913673664
1,44,22.780344206010113
1,45,21.701882793908563
1,46,18.548206519148092
1,47,17.967348540617184
1,48,15.331488293242591
1,49,16.236325427622962
1,50,15.13990885343361
1,51,12.553865602529843
1,52,15.1719232182572
1,53,16.887239928772516
1,54,20.48473574054273
1,55,22.839881990019066
1,56,26.477897512708374
1,57,29.294270720434888
1,58,32.574557723618405
1,59,34.737615215074456
2,1,3.81443768838245
2,3,3.8060780408361103
2,4,6.527299074093922
2,5,10.081747956646065
2,6,13.492343670643395
2,7,16.813939623146858
2,8,19.885596492390285
2,9,23.299265551973086
2,10,25.58507412809075
2,11,29.30920727218382
2,12,28.918585865653675
2,13,25.209981877789
2,14,23.46894372364555
2,15,20.38701208341649
2,16,16.60921928860944
2,17,14.008372708543604
2,18,10.284693580572634
2,19,8.37831425412346
2,20,5.590025657903816
2,21,5.750609220608886
2,22,6.369066463666346
2,23,7.8897599571285575
2,24,9.214965352181443
2,25,12.219231697446592
2,26,11.259726303972704
2,27,9.664347454202542
2,28,13.006481804139987
2,29,14.899625470286018
2,30,13.786440259764474
2,31,14.478159322513156
2,32,17.722528448895172
2,33,18.73096746824165
2,34,18.247858045560285
2,35,20.12092404130619
2,36,22.802553062612994
2,37,23.37143899532881
2,38,23.839267823709445
2,39,26.221367430644484
2,40,24.468445590051246
2,41,25.536321718125567
2,42,24.757968543687486
2,43,23.6931729692282
2,44,20.041267606449335
2,45,18.623501908543652
2,46,15.340103761044295
2,47,14.464227398612621
2,48,11.990902246502763
2,49,12.692507772702761
2,50,11.350586785075947
2,51,8.891227561871254
2,52,11.604693172768407
2,53,13.72203176323797
2,54,17.299348666828873
2,55,19.981253394212757
2,56,23.490372035927678
2,57,26.525695636189553
2,58,29.70808753687724
2,59,31.71799809530358
3,1,6.955150737466846
3,2,3.8060780408361103
3,4,3.8018676800509237
3,5,6.715812137523414
3,6,10.275450253406275
3,7,13.43765155856612
3,8,16.550034517646253
3,9,20.01482188255247
3,10,22.32345775576887
3,11,25.99473816851038
3,12,25.45654695172275
3,13,21.719477443680017
3,14,19.854390018007432
3,15,16.67288221819018
3,16,12.890064943426863
3,17,10.347384264351387
3,18,6.7219633703444215
3,19,5.793152181256809
3,20,4.703692978396724
3,21,6.661277119043486
3,22,8.889528622170813
3,23,9.72493982124287
3,24,9.671431235872442
3,25,12.728381062762315
3,26,11.599736789303456
3,27,8.887758394000082
3,28,11.96015925504767
3,29,14.132294139348197
3,30,12.390641186700064
3,31,12.314532351109733
3,32,15.863857432790319
3,33,16.945198571745287
3,34,15.823511367161952
3,35,17.490630791691665
3,36,20.515503487985537
3,37,20.969840896894382
3,38,20.97434025257162
3,39,23.44525470957796
3,40,21.635627232485714
3,41,23.046854053022827
3,42,22.305238942569176
3,43,21.531341842131916
3,44,18.081525149937413
3,45,16.814999578654394
3,46,13.822977843359578
3,47,13.129148097708033
3,48,11.55583577615066
3,49,12.105738946396885
3,50,9.723639358050413
3,51,7.446668124649444
3,52,9.177831478504949
3,53,11.367771503750939
3,54,14.614002574661214
3,55,17.302921021812807
3,56,20.680212728370865
3,57,23.682595925346998
3,58,26.969775542591254
3,59,28.728845826949325
4,1,9.748977713896313
4,2,6.527299074093922
4,3,3.8018676800509237
4,5,3.795287350132745
4,6,7.006543636991418
4,7,10.37481373136072
4,8,13.418566872556818
4,9,16.784390585501384
4,10,19.134104415690523
4,11,22.87624645496019
4,12,22.699689309392706
4,13,19.085179210232038
4,14,17.26122105748241
4,15,14.406313639542095
4,16,10.733396875097002
4,17,8.667252195568382
4,18,5.565217709625209
4,19,5.373886916518301
4,20,6.186034381205202
4,21,7.2326638604648315
4,22,9.673855844942608
4,23,9.140594171156309
4,24,7.631634428594357
4,25,10.647317926139843
4,26,10.081799007386962
4,27,6.701584527393663
4,28,8.949697806890711
4,29,11.697565438102519
4,30,10.293121404632418
4,31,9.40737440156863
4,32,12.781906174756557
4,33,14.456922776690925
4,34,13.448340245859816
4,35,14.535607191780068
4,36,17.629301791112525
4,37,18.583664459111006
4,38,18.472092276906583
4,39,20.55396015334573
4,40,18.425556875713458
4,41,19.57431203052911
4,42,18.624466041773875
4,43,17.737987366667966
4,44,14.285156500033114
4,45,13.104414714669398
4,46,10.323213365348087
4,47,10.224591803095311
4,48,9.384316009098585
4,49,10.696814229798022
4,50,8.154313468003416
4,51,5.156851731479223
4,52,5.913255129725117
4,53,7.606893001526126
4,54,10.949898434134967
4,55,13.622303913100872
4,56,17.057211666941118
4,57,20.10815192417255
4,58,23.323051756449313
4,59,25.22577224396853
5,1,13.304188535110258
5,2,10.081747956646065
5,3,6.715812137523414
5,4,3.795287350132745
5,6,3.816077999322289
5,7,6.749333555990606
5,8,9.998045894260335
5,9,13.335000189179292
5,10,15.8493809069339
5,11,19.53847333462383
5,12,19.33244071591332
5,13,15.746870274878951
5,14,13.631661655550094
5,15,10.7067929934957
5,16,7.111773250975345
5,17,5.861636280447016
5,18,4.315982545027423
5,19,6.492513242040177
5,20,8.904049404206114
5,21,10.558564315144121
5,22,13.325249269020942
5,23,12.524651711015524
5,24,10.275343733969557
5,25,12.889707090569532
5,26,12.442005324737542
5,27,8.674220404557255
5,28,9.792119733863897
5,29,12.664712021353001
5,30,10.90084632661502
5,31,8.771490037135207
5,32,12.091462008641297
5,33,13.993008969683537
5,34,12.246517513282376
5,35,12.656385492354474
5,36,16.15521489434429
5,37,17.127441131844353
5,38,16.305539027300707
5,39,18.28917842717611
5,40,15.937067469728186
5,41,17.42306556699221
5,42,16.368771184715417
5,43,15.778935928381996
5,44,12.744948068228796
5,45,11.728384279653566
5,46,9.637576253716784
5,47,9.81316994958678
5,48,10.3553551097228
5,49,11.311905105789448
5,50,8.036966268021077
5,51,6.18986907924107
5,52,4.51227339857791
5,53,5.935121053989504
5,54,8.340547423080546
5,55,11.072806841062508
5,56,14.19238962126887
5,57,17.258171342535952
5,58,20.519311929272483
5,59,22.079121580663436
6,1,16.464460380158577
6,2,13.492343670643395
6,3,10.275450253406275
6,4,7.006543636991418
6,5,3.816077999322289
6,7,3.8066247027572415
6,8,6.415224806321957
6,9,9.861560396574081
6,10,12.155766189981946
6,11,15.889160661427908
6,12,15.880918959871677
6,13,12.421516754392727
6,14,10.582853101166513
6,15,8.344987984689238
6,16,5.399299693105212
6,17,5.280380653763513
6,18,5.932127351813316
6,19,8.266876440823058
6,20,11.428658470934216
6,21,12.762400021306442
6,22,15.668015786218486
6,23,14.427540576841803
6,24,11.556681143992341
6,25,13.336210174137886
6,26,13.018402617624583
6,27,9.315961445900664
6,28,9.086345889283535
6,29,11.77003227435344
6,30,10.10442925383027
6,31,6.922489651489365
6,32,9.66288868397011
6,33,11.869545366946022
6,34,9.906469585102982
6,35,9.43972993765409
6,36,13.062907366816441
6,37,14.34475375929474
6,38,13.184505158400297
6,39,14.799065337248502
6,40,12.226788293539778
6,41,13.761605192878392
6,42,12.777458332576813
6,43,12.612466353418563
6,44,10.03248992794723
6,45,9.849220600449422
6,46,9.009635351357606
6,47,10.366882650409691
6,48,11.983743604759695
6,49,13.434313400857663
6,50,10.400058111421806
6,51,8.70888626546525
6,52,5.617474004205865
6,53,4.579352910489332
6,54,5.544230030605856
6,55,7.5675135564166816
6,56,10.684431248540253
6,57,13.544720165417681
6,58,16.923587983066195
6,59,18.551984044279443
7,1,19.97043242853234
7,2,16.813939623146858
7,3,13.43765155856612
7,4,10.37481373136072
7,5,6.749333555990606
7,6,3.8066247027572415
7,8,3.804082476143769
7,9,6.688144702246941
7,10,9.587805090869981
7,11,13.17248939067705
7,12,13.387226012400022
7,13,10.21412058192409
7,14,7.648646763443085
7,15,5.642418393607891
7,16,4.199382282591648
7,17,6.6202380210753535
7,18,8.770828841984178
7,19,11.743138047188143
7,20,15.014945873410003
7,21,16.54011483394897
7,22,19.39314163151118
7,23,17.993840410003973
7,24,14.915604151194804
7,25,16.653183665995723
7,26,16.6310143785937
7,27,13.014265380818708
7,28,12.246628596635036
7,29,14.878888452636966
7,30,13.341292751662529
7,31,9.78439656269968
7,32,11.734805855610578
7,33,14.051951993672256
7,34,11.715539975047038
7,35,10.223890572925463
7,36,13.888272790849195
7,37,15.258456300790748
7,38,13.224147783221326
7,39,14.360647621750662
7,40,11.418072021114602
7,41,13.143297952518243
7,42,11.77205251665587
7,43,11.80836462915442
7,44,10.145632638800292
7,45,9.943416629303977
7,46,10.029922040727621
7,47,11.216250901805118
7,48,13.70096125258643
7,49,14.625223736699615
7,50,11.536680174319027
7,51,10.977509924193892
7,52,7.329336345678213
7,53,6.3201911216473095
7,54,4.813005803396348
7,55,6.573208978922056
7,56,8.514002555170782
7,57,11.444972749101261
7,58,14.63890062908884
7,59,15.669231208398916
8,1,22.770174656034914
8,2,19.885596492390285
8,3,16.550034517646253
8,4,13.418566872556818
8,5,9.998045894260335
8,6,6.415224806321957
8,7,3.804082476143769
8,9,3.807088090130646
8,10,5.897160118885289
8,11,9.554463629880356
8,12,9.84597384925551
8,13,6.881336674860736
8,14,5.087546096114699
8,15,5.158193289819757
8,16,5.83081046130672
8,17,8.29231706186117
8,18,11.1221077307411
8,19,13.799897275408954
8,20,17.359496701411597
8,21,18.76701417250632
8,22,21.76370547512945
8,23,20.306009540947688
8,24,17.105141896494917
8,25,18.13401177136864
8,26,17.965568065013336
8,27,14.64724821520971
8,28,13.246377923508478
8,29,15.226791341950223
8,30,13.730224992233145
8,31,9.994286282924831
8,32,10.963089809931088
8,33,13.018026795995823
8,34,10.55026908354517
8,35,8.151582239063526
8,36,11.544578831286573
8,37,12.95962433030119
8,38,10.437803179670082
8,39,11.064276446474343
8,40,8.056367083812825
8,41,10.156868132670992
8,42,9.27456814241219
8,43,10.383109405817178
8,44,9.831551406236766
8,45,10.878123688376789
8,46,12.117224815857815
8,47,14.058631764407954
8,48,16.795331834219567
8,49,18.074830540205355
8,50,15.199242758895025
8,51,14.393373649387145
8,52,10.705584692753177
8,53,8.655364454406214
8,54,6.053206312585778
8,55,5.335148942648183
8,56,6.383753273348362
8,57,8.394015638139994
8,58,11.856356928955321
8,59,12.849210960011142
9,1,26.324027782555426
9,2,23.299265551973086
9,3,20.01482188255247
9,4,16.784390585501384
9,5,13.335000189179292
9,6,9.861560396574081
9,7,6.688144702246941
9,8,3.807088090130646
9,10,3.7961735562496384
9,11,6.96063225239486
9,12,8.403875630201515
9,13,6.838770344613567
9,14,5.117138522818558
9,15,6.947358196609043
9,16,8.955088379163662
9,17,11.926555131933718
9,18,14.839750516603196
9,19,17.570234844551294
9,20,21.074126754745215
9,21,22.326481294034544
9,22,25.152867710115547
9,23,23.39229659552042
9,24,19.973417311541056
9,25,20.8815128590171
9,26,21.11526221394933
9,27,17.957820099182584
9,28,16.091498136276204
9,29,18.090400707639258
9,30,17.026262049221067
9,31,13.24673690733807
9,32,13.456269451218779
9,33,15.691569916801281
9,34,13.528291546802336
9,35,10.474758996879617
9,36,13.20318758045981
9,37,14.939335649186038
9,38,12.086473280350631
9,39,11.652503107143165
9,40,8.381244980860588
9,41,9.895353969527996
9,42,8.434629470975002
9,43,9.655415672584743
9,44,10.377319144130249
9,45,11.499931507205432
9,46,13.556898663264162
9,47,15.501437557491824
9,48,18.726658088530577
9,49,19.859650405771966
9,50,17.294194343610993
9,51,16.98457854606066
9,52,13.182888682139934
9,53,11.060801101348467
9,54,7.582852888896931
9,55,6.108336185412015
9,56,4.603400539380924
9,57,6.054848435102296
9,58,8.93190513460528
9,59,9.277620781691512
10,1,28.30565828443985
10,2,25.58507412809075
10,3,22.32345775576887
10,4,19.134104415690523
10,5,15.8493809069339
10,6,12.155766189981946
10,7,9.587805090869981
10,8,5.897160118885289
10,9,3.7961735562496384
10,11,3.7861120783183058
10,12,5.37823801297567
10,13,4.8468643782704195
10,14,5.5497753570753945
10,15,8.688707714013173
10,16,11.0552580776875
10,17,13.513127086412474
10,18,16.623767430672874
10,19,19.039899089140345
10,20,22.6885878129014
10,21,23.902603389289045
10,22,26.879585355867988
10,23,25.243831073929186
10,24,21.902660941314664
10,25,22.252008932173354
10,26,22.171205307682598
10,27,19.3160557267951
10,28,17.246535068319687
10,29,18.527382224425256
10,30,17.40256763908122
10,31,13.85369902798361
10,32,13.378459668281836
10,33,14.998195863773445
10,34,12.87450580170099
10,35,9.521677957983043
10,36,11.465302201133918
10,37,12.9493858374161
10,38,9.836520812540781
10,39,8.727624686641198
10,40,5.964661623436518
10,41,7.970765321127984
10,42,7.799949485640938
10,43,10.366480123896405
10,44,11.850040003509767
10,45,13.916827875060145
10,46,16.321387139036634
10,47,18.710810763715433
10,48,21.81018464369661
10,49,23.257440360242104
10,50,20.680146175946707
10,51,19.962710398796112
10,52,16.222476836467525
10,53,13.668792733014493
10,54,10.404743990290203
10,55,7.776753912587696
10,56,6.058382690133055
10,57,4.977581822986196
10,58,8.022005737318354
10,59,8.382985346009953
11,1,31.990067179205333
11,2,29.30920727218382
11,3,25.99473816851038
11,4,22.87624645496019
11,5,19.53847333462383
11,6,15.889160661427908
11,7,13.17248939067705
11,8,9.554463629880356
11,9,6.96063225239486
11,10,3.7861120783183058
11,12,3.826595452674478
11,13,6.092131322646447
11,14,7.655188840255137
11,15,11.331673871550155
11,16,14.253554454936253
11,17,16.811877247598467
11,18,20.115072133805082
11,19,22.57470216612042
11,20,26.275668129913345
11,21,27.561508206572686
11,22,30.58392885216124
11,23,28.96701159918491
11,24,25.621401366557055
11,25,25.815601968947146
11,26,25.70220966488638
11,27,22.964030241525275
11,28,20.812221209829087
11,29,21.83419611899063
11,30,20.728718495783923
11,31,17.330738513408466
11,32,16.53947596404321
11,33,17.80658462621293
11,34,15.740871246133235
11,35,12.41689279276753
11,36,13.621355109179767
11,37,14.762773073804418
11,38,11.482396272998475
11,39,9.735963588229685
11,40,8.026785646845623
11,41,9.700470837587684
11,42,9.993894085157986
11,43,12.8358674071845
11,44,14.996138373551972
11,45,17.177041615587875
11,46,19.83358891954219
11,47,22.19631890374144
11,48,25.42054529004205
11,49,26.770648164428554
11,50,24.22182774974154
11,51,23.680122529654287
11,52,19.915219452065283
11,53,17.403989830005372
11,54,14.024782001538382
11,55,11.294381502585285
11,56,8.88844911299132
11,57,6.536779936552066
11,58,8.103753211087199
11,59,7.2201574453607
12,1,31.392372033192462
12,2,28.918585865653675
12,3,25.45654695172275
12,4,22.699689309392706
12,5,19.33244071591332
12,6,15.880918959871677
12,7,13.387226012400022
12,8,9.84597384925551
12,9,8.403875630201515
12,10,5.37823801297567
12,11,3.826595452674478
12,13,3.829686877953776
12,14,6.533965864932555
12,15,10.206488926559459
12,16,13.310303593535192
12,17,15.574729421088067
12,18,19.122440588644228
12,19,21.647592730072464
12,20,25.438894106837836
12,21,27.128327628762438
12,22,30.426015439487436
12,23,29.26569993466687
12,24,26.195637024696293
12,25,26.46930826241494
12,26,25.818437692934364
12,27,22.97864703676513
12,28,21.330220172783502
12,29,22.065922370850856
12,30,20.35261184219769
12,31,17.196011407058275
12,32,16.885012304388738
12,33,17.46578493218057
12,34,14.833317615132865
12,35,12.138384889038916
12,36,13.508420967545032
12,37,13.641742401768095
12,38,9.959303336607567
12,39,9.214996897486586
12,40,8.60073292825318
12,41,11.418687701297621
12,42,12.48101684731298
12,43,15.516618866782062
12,44,17.075927402884613
12,45,19.223069408012787
12,46,21.40653800553007
12,47,23.61121015149749
12,48,26.56313959498133
12,49,27.77501571491788
12,50,24.85398116486271
12,51,24.215515297758195
12,52,20.545139450637564
12,53,18.317699586491084
12,54,15.347106643400883
12,55,12.935846207588739
12,56,11.413125880167723
12,57,9.628390659513581
12,58,11.799861940080593
12,59,10.998243766793156
13,1,27.65149355292471
13,2,25.209981877789
13,3,21.719477443680017
13,4,19.085179210232038
13,5,15.746870274878951
13,6,12.421516754392727
13,7,10.21412058192409
13,8,6.881336674860736
13,9,6.838770344613567
13,10,4.8468643782704195
13,11,6.092131322646447
13,12,3.829686877953776
13,14,3.795155613339695
13,15,6.966849378849893
13,16,9.704242526704732
13,17,11.76182518040996
13,18,15.317984527097071
13,19,17.892054118242893
13,20,21.690682466338163
13,21,23.52147616958694
13,22,26.892768368947753
13,23,25.91857338330581
13,24,22.994492847724338
13,25,23.482549452855906
13,26,22.639641912707255
13,27,19.6318868667923
13,28,18.342955387969884
13,29,19.214109165410413
13,30,17.18727145452394
13,31,14.013262544294289
13,32,14.310773725082274
13,33,14.89842463770898
13,34,11.881749569434275
13,35,9.565932757132861
13,36,11.770863925642981
13,37,11.769514471419322
13,38,8.034551548039433
13,39,8.532413556491619
13,40,7.471531895880712
13,41,10.88101090436077
13,42,11.8105026250272
13,43,14.539606145762956
13,44,15.268246916898566
13,45,17.182459516464576
13,46,18.865762519405497
13,47,20.938302332107252
13,48,23.625364328172523
13,49,24.816904077831886
13,50,21.729126577344864
13,51,20.931179215781434
13,52,17.374429251521118
13,53,15.346502421858487
13,54,12.793855083993178
13,55,10.851307751794986
13,56,10.35462607774748
13,57,9.694913457666136
13,58,12.758689552116037
13,59,12.682165255266552
14,1,26.248439093626843
14,2,23.46894372364555
14,3,19.854390018007432
14,4,17.26122105748241
14,5,13.631661655550094
14,6,10.582853101166513
14,7,7.648646763443085
14,8,5.087546096114699
14,9,5.117138522818558
14,10,5.5497753570753945
14,11,7.655188840255137
14,12,6.533965864932555
14,13,3.795155613339695
14,15,3.779890379948235
14,16,7.170536179241486
14,17,10.151429578996279
14,18,13.783888546681927
14,19,16.877450939813333
14,20,20.59846355623341
14,21,22.599742577422575
14,22,25.88071979670795
14,23,24.83598304068332
14,24,21.852608140963408
14,25,22.924141599638865
14,26,22.353165672027274
14,27,18.991112076456126
14,28,17.949337719284124
14,29,19.51379319061435
14,30,17.490462517532514
14,31,14.038603640871477
14,32,15.002744397341843
14,33,16.211320983154593
14,34,13.112141860745165
14,35,10.951923119470905
14,36,13.908576342966441
14,37,14.312828662930809
14,38,10.853224666153094
14,39,11.624298892462775
14,40,9.635410366547143
14,41,12.580970900675764
14,42,12.430763294602242
14,43,14.301898364609
14,44,14.564997898133143
14,45,15.669974463481504
14,46,16.977050341525057
14,47,18.510082683618904
14,48,21.28330433985884
14,49,22.034595267382635
14,50,18.859925762073402
14,51,18.57954109060601
14,52,14.974821680997044
14,53,13.534272139776062
14,54,10.913941082867407
14,55,9.990016839872721
14,56,9.541678637742745
14,57,10.144600023325257
14,58,13.132946697238264
14,59,12.791114282462315
15,1,23.251945728366017
15,2,20.38701208341649
15,3,16.67288221819018
15,4,14.406313639542095
15,5,10.7067929934957
15,6,8.344987984689238
15,7,5.642418393607891
15,8,5.158193289819757
15,9,6.947358196609043
15,10,8.688707714013173
15,11,11.331673871550155
15,12,10.206488926559459
15,13,6.966849378849893
15,14,3.779890379948235
15,16,3.7898897955629183
15,17,7.1830863939073595
15,18,10.787383129388418
15,19,14.229600522450992
15,20,17.819648691377328
15,21,20.12436924750424
15,22,23.42095227210428
15,23,22.636736916132758
15,24,19.89725938097
15,25,21.463178661478572
15,26,20.769468609849195
15,27,17.161510083990763
15,28,16.76284204059364
15,29,18.66525548825759
15,30,16.354305286733656
15,31,13.048297888339333
15,32,14.914259140353892
15,33,16.188249965999333
15,34,12.925829751485065
15,35,11.580299037614271
15,36,15.075389337163243
15,37,15.339784834931159
15,38,12.320491450904072
15,39,13.883225291247115
15,40,11.820944465568182
15,41,14.685711882374896
15,42,14.234269855884547
15,43,15.444269610379699
15,44,14.78000725801495
15,45,15.190701789022771
15,46,15.648514960237796
15,47,16.622221062438875
15,48,19.029976355214433
15,49,19.442405444468815
15,50,16.00752726430779
15,51,15.885233658219285
15,52,12.530106713772255
15,53,11.89648232280706
15,54,10.066693429724772
15,55,10.411761261265337
15,56,10.998772838430192
15,57,12.634120045028984
15,58,15.792988495553516
15,59,15.754725176878146
16,1,19.471195398031874
16,2,16.60921928860944
16,3,12.890064943426863
16,4,10.733396875097002
16,5,7.111773250975345
16,6,5.399299693105212
16,7,4.199382282591648
16,8,5.83081046130672
16,9,8.955088379163662
16,10,11.0552580776875
16,11,14.253554454936253
16,12,13.310303593535192
16,13,9.704242526704732
16,14,7.170536179241486
16,15,3.7898897955629183
16,17,3.7918459672640137
16,18,7.100797285158108
16,19,10.655546968803801
16,20,14.138665460030769
16,21,16.510876074895776
16,22,19.796193232031357
16,23,19.19279421834935
16,24,16.690165361171083
16,25,18.523679747317118
16,26,17.692163524168794
16,27,13.975337638789732
16,28,14.130272427905224
16,29,16.221642371318687
16,30,13.772441549215769
16,31,10.730026058597147
16,32,13.334434167607807
16,33,14.662751894094244
16,34,11.555580126089906
16,35,11.02429770083208
16,36,14.785044256161415
16,37,15.097928502250133
16,38,12.817915082234009
16,39,14.873034300708149
16,40,12.775648370090178
16,41,15.383946898977399
16,42,14.84770631443617
16,43,15.547882465921363
16,44,13.972583668524255
16,45,14.00050693359538
16,46,13.651497084975853
16,47,14.405606224622678
16,48,16.277064332941592
16,49,16.76897662060095
16,50,13.203309987687042
16,51,12.693209587734755
16,52,9.678533027787823
16,53,9.546507056284325
16,54,8.912134729351957
16,55,10.170612470341057
16,56,11.95203260698442
16,57,14.216366001576576
16,58,17.60908906177249
16,59,18.2190382333047
17,1,16.45094827600762
17,2,14.008372708543604
17,3,10.347384264351387
17,4,8.667252195568382
17,5,5.861636280447016
17,6,5.280380653763513
17,7,6.6202380210753535
17,8,8.29231706186117
17,9,11.926555131933718
17,10,13.513127086412474
17,11,16.811877247598467
17,12,15.574729421088067
17,13,11.76182518040996
17,14,10.151429578996279
17,15,7.1830863939073595
17,16,3.7918459672640137
17,18,3.8088588245379422
17,19,7.195389814985773
17,20,10.781202363997126
17,21,13.423673920857611
17,22,16.937810695338655
17,23,16.860691617249614
17,24,14.869789748903028
17,25,16.59605751423913
17,26,15.14985253137818
17,27,11.528871355299787
17,28,12.47577292914911
17,29,14.142433498222898
17,30,11.204356276369415
17,31,8.920245844644414
17,32,12.171836063948493
17,33,12.889737241216995
17,34,9.822195605050666
17,35,10.554687274601667
17,36,14.184909977565084
17,37,14.043807792943342
17,38,12.543983757455093
17,39,15.232899718018711
17,40,13.686074233902385
17,41,16.305097834591624
17,42,16.26096499146392
17,43,16.995566878138543
17,44,14.889414624275151
17,45,15.08468191415193
17,46,14.189114591501175
17,47,15.029792257094464
17,48,16.12319877021881
17,49,16.926730816995757
17,50,13.386078988451377
17,51,12.044095228433813
17,52,9.798395098947609
17,53,9.80174688162886
17,54,10.429073810863073
17,55,11.679668932273882
17,56,14.253805561737133
17,57,16.412274046010825
17,58,20.029440469288268
17,59,21.10998417659876
18,1,12.643231971085738
18,2,10.284693580572634
18,3,6.7219633703444215
18,4,5.565217709625209
18,5,4.315982545027423
18,6,5.932127351813316
18,7,8.770828841984178
18,8,11.1221077307411
18,9,14.839750516603196
18,10,16.623767430672874
18,11,20.115072133805082
18,12,19.122440588644228
18,13,15.317984527097071
18,14,13.783888546681927
18,15,10.787383129388418
18,16,7.100797285158108
18,17,3.8088588245379422
18,19,3.7990171815592904
18,20,7.08729712711816
18,21,9.87429421272855
18,22,13.356202993232202
18,23,13.630374759710604
18,24,12.1764441498432
18,25,14.216421883425708
18,26,12.577755130647494
18,27,9.015122785402324
18,28,10.952686541434252
18,29,12.715382759257523
18,30,9.858810254616957
18,31,8.536465263321805
18,32,12.269400389444723
18,33,12.98097876727398
18,34,10.67141343773488
18,35,12.158154488558806
18,36,15.535161765582858
18,37,15.541684935597907
18,38,14.886738808255407
18,39,17.611596250863272
18,40,16.07445048787528
18,41,18.21681860918617
18,42,18.032859760500603
18,43,18.243676838629582
18,44,15.490580370237714
18,45,15.274206002608977
18,46,13.566126546866634
18,47,14.075816544642759
18,48,14.287098954228789
18,49,15.210587811594516
18,50,11.890800479983788
18,51,9.928973789936332
18,52,8.812085358516983
18,53,9.495866374239833
18,54,11.441371952276176
18,55,13.253192162104126
18,56,16.37836216469033
18,57,18.852430113333128
18,58,22.431938067665115
18,59,23.900219014514782
19,1,9.928665719621865
19,2,8.37831425412346
19,3,5.793152181256809
19,4,5.373886916518301
19,5,6.492513242040177
19,6,8.266876440823058
19,7,11.743138047188143
19,8,13.799897275408954
19,9,17.570234844551294
19,10,19.039899089140345
19,11,22.57470216612042
19,12,21.647592730072464
19,13,17.892054118242893
19,14,16.877450939813333
19,15,14.229600522450992
19,16,10.655546968803801
19,17,7.195389814985773
19,18,3.7990171815592904
19,20,3.8038682085277187
19,21,6.473952882965222
19,22,10.182187292255719
19,23,11.000955882717843
19,24,10.303038861034144
19,25,11.945690567868063
19,26,9.659988994018795
19,27,6.635325875390489
19,28,9.535829614872657
19,29,10.650289908699762
19,30,7.7858245789383815
19,31,7.994831128877445
19,32,11.710631908587661
19,33,11.935982946641998
19,34,10.492826567373825
19,35,12.795486857787116
19,36,15.60096564446756
19,37,15.535669984395534
19,38,15.810736434034064
19,39,18.587702503487574
19,40,17.39509747182865
19,41,19.184858112455526
19,42,19.28112724646909
19,43,19.398242573315756
19,44,16.352811321990885
19,45,16.336066995737426
19,46,14.381828190746747
19,47,15.131539726786006
19,48,14.60616791883266
19,49,16.06266945918302
19,50,13.309055022270261
19,51,10.506253926909054
19,52,10.365761678945669
19,53,10.745900583451851
19,54,13.372772358195954
19,55,14.935671898446556
19,56,18.435046288857173
19,57,20.77190983039099
19,58,24.367066269928593
19,59,26.268552406474765
20,1,6.2379968711796865
20,2,5.590025657903816
20,3,4.703692978396724
20,4,6.186034381205202
20,5,8.904049404206114
20,6,11.428658470934216
20,7,15.014945873410003
20,8,17.359496701411597
20,9,21.074126754745215
20,10,22.6885878129014
20,11,26.275668129913345
20,12,25.438894106837836
20,13,21.690682466338163
20,14,20.59846355623341
20,15,17.819648691377328
20,16,14.138665460030769
20,17,10.781202363997126
20,18,7.08729712711816
20,19,3.8038682085277187
20,21,3.7968238464602297
20,22,7.225834923918364
20,23,9.094465763129568
20,24,9.724055759089778
20,25,11.563261287691507
20,26,9.14781669486459
20,27,7.172163204736637
20,28,10.843965200189167
20,29,11.7676865782893
20,30,9.574886074260025
20,31,10.784569859063332
20,32,14.225880531776177
20,33,14.369190348757144
20,34,13.618002747376464
20,35,16.124039160954336
20,36,18.60934069236932
20,37,18.587523561766144
20,38,19.28517088700675
20,39,22.017273570543846
20,40,20.862626455538926
20,41,22.355080157550958
20,42,22.330982161668405
20,43,22.083221687345347
20,44,18.74606165287558
20,45,18.36028975198383
20,46,15.869660496678913
20,47,16.160341933559035
20,48,14.727028751496952
20,49,16.09764974479118
20,50,13.894833787086728
20,51,10.932884225667845
20,52,12.046034476344769
20,53,12.982438526105634
20,54,16.139092037941595
20,55,17.996405242983432
20,56,21.615779334346048
20,57,24.110189104041424
20,58,27.60834190675152
20,59,29.662431257265254
21,1,5.725957061446748
21,2,5.750609220608886
21,3,6.661277119043486
21,4,7.2326638604648315
21,5,10.558564315144121
21,6,12.762400021306442
21,7,16.54011483394897
21,8,18.76701417250632
21,9,22.326481294034544
21,10,23.902603389289045
21,11,27.561508206572686
21,12,27.128327628762438
21,13,23.52147616958694
21,14,22.599742577422575
21,15,20.12436924750424
21,16,16.510876074895776
21,17,13.423673920857611
21,18,9.87429421272855
21,19,6.473952882965222
21,20,3.7968238464602297
21,22,3.7941242650847897
21,23,5.687171569951806
21,24,7.156374433625091
21,25,8.553703603558377
21,26,6.250270809162499
21,27,5.596071120254323
21,28,9.341048879422251
21,29,10.064637587732847
21,30,9.040528378817072
21,31,10.904743614311126
21,32,13.738431339818122
21,33,14.134360137074024
21,34,14.383888058755298
21,35,16.74569414954976
21,36,18.772901148210433
21,37,19.245638402229485
21,38,20.46319630140451
21,39,22.78963290394721
21,40,21.529780692093915
21,41,22.416931469224572
21,42,22.271730608944356
21,43,21.664858813173645
21,44,18.145433826623073
21,45,17.758526982421504
21,46,15.181506316607749
21,47,15.725656247884768
21,48,13.85644121708671
21,49,15.864338228524598
21,50,14.44722405431206
21,51,10.976611082837206
21,52,12.578345556871351
21,53,13.102085709278855
21,54,16.578997235225817
21,55,18.32009077191588
21,56,22.087882425429967
21,57,24.58809539505991
21,58,27.90351482461938
21,59,30.339057227297385
22,1,5.40599513550949
22,2,6.369066463666346
22,3,8.889528622170813
22,4,9.673855844942608
22,5,13.325249269020942
22,6,15.668015786218486
22,7,19.39314163151118
22,8,21.76370547512945
22,9,25.152867710115547
22,10,26.879585355867988
22,11,30.58392885216124
22,12,30.426015439487436
22,13,26.892768368947753
22,14,25.88071979670795
22,15,23.42095227210428
22,16,19.796193232031357
22,17,16.937810695338655
22,18,13.356202993232202
22,19,10.182187292255719
22,20,7.225834923918364
22,21,3.7941242650847897
22,23,3.8204865812053668
22,24,7.094467070233079
22,25,8.34826408324605
22,26,7.062944766359758
22,27,7.862299379809765
22,28,11.052169554618983
22,29,11.78604864637963
22,30,11.814088977059656
22,31,13.81723499566796
22,32,16.164269354791085
22,33,16.81395785249673
22,34,17.609855720962035
22,35,19.771333366664923
22,36,21.54678561784137
22,37,22.331851538901763
22,38,23.769091151996022
22,39,25.83483805540269
22,40,24.432057476047298
22,41,24.88891328871016
22,42,24.490607454258495
22,43,23.443518469978645
22,44,19.78056588584587
22,45,19.057002366813812
22,46,16.20395003221963
22,47,16.44567466676254
22,48,13.89649403510752
22,49,15.988844243756581
22,50,15.44067156561199
22,51,12.034203514501028
22,52,14.390981110773174
22,53,15.101200621460457
22,54,18.786523480257024
22,55,20.68883210140427
22,56,24.44837464676527
22,57,27.076741949983337
22,58,30.175532719422595
22,59,32.790375924955974
23,1,8.504418127035335
23,2,7.8897599571285575
23,3,9.72493982124287
23,4,9.140594171156309
23,5,12.524651711015524
23,6,14.427540576841803
23,7,17.993840410003973
23,8,20.306009540947688
23,9,23.39229659552042
23,10,25.243831073929186
23,11,28.96701159918491
23,12,29.26569993466687
23,13,25.91857338330581
23,14,24.83598304068332
23,15,22.636736916132758
23,16,19.19279421834935
23,17,16.860691617249614
23,18,13.630374759710604
23,19,11.000955882717843
23,20,9.094465763129568
23,21,5.687171569951806
23,22,3.8204865812053668
23,24,3.800818709922343
23,25,5.36056826347413
23,26,5.8584107343754015
23,27,6.674139124965336
23,28,8.862712877586747
23,29,10.306543710613896
23,30,11.291944429283214
23,31,12.691872587822935
23,32,14.558748268282812
23,33,15.963503605597353
23,34,17.088152741429305
23,35,18.604313789391135
23,36,20.333008665602197
23,37,21.750694955263693
23,38,23.094059972317854
23,39,24.673118521481793
23,40,22.880774336465187
23,41,22.858328332258413
23,42,22.073609849215188
23,43,20.61833370197954
23,44,16.900989591323725
23,45,15.999774805986851
23,46,13.180074527672254
23,47,13.663504756940199
23,48,11.18871838403811
23,49,13.88841534170444
23,50,13.826693845733834
23,51,10.241131946066877
23,52,12.502913347279009
23,53,12.839730455431145
23,54,16.529943621935136
23,55,18.440324508535877
23,56,22.120000676534424
23,57,24.84279811586699
23,58,27.683050949880542
23,59,30.448280705518762
24,1,11.004127511570134
24,2,9.214965352181443
24,3,9.671431235872442
24,4,7.631634428594357
24,5,10.275343733969557
24,6,11.556681143992341
24,7,14.915604151194804
24,8,17.105141896494917
24,9,19.973417311541056
24,10,21.902660941314664
24,11,25.621401366557055
24,12,26.195637024696293
24,13,22.994492847724338
24,14,21.852608140963408
24,15,19.89725938097
24,16,16.690165361171083
24,17,14.869789748903028
24,18,12.1764441498432
24,19,10.303038861034144
24,20,9.724055759089778
24,21,7.156374433625091
24,22,7.094467070233079
24,23,3.800818709922343
24,25,3.814189650510958
24,26,5.625616183267382
24,27,5.021432780019254
24,28,5.988616020786867
24,29,8.540820873583623
24,30,9.810599932687404
24,31,10.216463092721614
24,32,11.877403923838322
24,33,13.993693310394178
24,34,15.01135221118024
24,35,15.890029929101328
24,36,17.79219084213593
24,37,19.643610181937582
24,38,20.66716373973643
24,39,21.91629842698096
24,40,19.780081949600035
24,41,19.578217678105034
24,42,18.506115317984513
24,43,16.894774627036778
24,44,13.146774452870844
24,45,12.218747058864645
24,46,9.554486733968163
24,47,10.58290434166546
24,48,8.840644390419879
24,49,12.062340209443128
24,50,11.799467113113495
24,51,8.060628658167673
24,52,9.569834457340248
24,53,9.33950700099698
24,54,12.942569926739367
24,55,14.831717499795754
24,56,18.45010120631189
24,57,21.242124038794852
24,58,23.985492229142316
24,59,26.755961773470947
25,1,13.201433594313613
25,2,12.219231697446592
25,3,12.728381062762315
25,4,10.647317926139843
25,5,12.889707090569532
25,6,13.336210174137886
25,7,16.653183665995723
25,8,18.13401177136864
25,9,20.8815128590171
25,10,22.252008932173354
25,11,25.815601968947146
25,12,26.46930826241494
25,13,23.482549452855906
25,14,22.924141599638865
25,15,21.463178661478572
25,16,18.523679747317118
25,17,16.59605751423913
25,18,14.216421883425708
25,19,11.945690567868063
25,20,11.563261287691507
25,21,8.553703603558377
25,22,8.34826408324605
25,23,5.36056826347413
25,24,3.814189650510958
25,26,3.7986832088282663
25,27,5.446029135487335
25,28,5.158028271385307
25,29,6.267075671654615
25,30,8.771326779547373
25,31,9.954983240564317
25,32,10.571364047251734
25,33,12.379803702109403
25,34,14.312715500385208
25,35,15.271984507080846
25,36,16.390956052365528
25,37,18.384625537718776
25,38,20.016066035450713
25,39,20.9826569578354
25,40,19.200470381329737
25,41,18.59386584269494
25,42,17.956321454273155
25,43,16.59835689379407
25,44,13.140134443346199
25,45,13.143278784987872
25,46,11.389610044601142
25,47,13.306528870476056
25,48,12.065783707149645
25,49,15.557527083598899
25,50,15.357113851520833
25,51,11.628569784466645
25,52,12.459521005341974
25,53,11.192992438871602
25,54,14.305425916849813
25,55,15.29877224802891
25,56,18.901086601414157
25,57,21.185885532543583
25,58,23.848315506265624
25,59,26.959169802742995
26,1,11.602035599981443
26,2,11.259726303972704
26,3,11.599736789303456
26,4,10.081799007386962
26,5,12.442005324737542
26,6,13.018402617624583
26,7,16.6310143785937
26,8,17.965568065013336
26,9,21.11526221394933
26,10,22.171205307682598
26,11,25.70220966488638
26,12,25.818437692934364
26,13,22.639641912707255
26,14,22.353165672027274
26,15,20.769468609849195
26,16,17.692163524168794
26,17,15.14985253137818
26,18,12.577755130647494
26,19,9.659988994018795
26,20,9.14781669486459
26,21,6.250270809162499
26,22,7.062944766359758
26,23,5.8584107343754015
26,24,5.625616183267382
26,25,3.7986832088282663
26,27,3.811630442443427
26,28,5.356950872085432
26,29,4.885253274202425
26,30,6.25361204631345
26,31,8.644631079913955
26,32,9.867613269262117
26,33,10.58851992017098
26,34,12.364498435800362
26,35,14.204657186674993
26,36,15.292208564380775
26,37,16.562532045143378
26,38,18.457570574884958
26,39,19.98157842252301
26,40,18.749275892456723
26,41,18.75695464202045
26,42,18.776442166069245
26,43,18.131537329657657
26,44,14.828872462922204
26,45,15.294937104255546
26,46,13.630072885664665
26,47,15.489549055961419
26,48,14.303386655306209
26,49,17.421768712389643
26,50,16.52342273411452
26,51,12.68468732443004
26,52,13.348373281148302
26,53,12.193524773920087
26,54,15.265551383314719
26,55,16.036075618587518
26,56,19.788811769267667
26,57,21.828691346442632
26,58,24.866979008227098
26,59,27.84141609173199
27,1,11.052917504967608
27,2,9.664347454202542
27,3,8.887758394000082
27,4,6.701584527393663
27,5,8.674220404557255
27,6,9.315961445900664
27,7,13.014265380818708
27,8,14.64724821520971
27,9,17.957820099182584
27,10,19.3160557267951
27,11,22.964030241525275
27,12,22.97864703676513
27,13,19.6318868667923
27,14,18.991112076456126
27,15,17.161510083990763
27,16,13.975337638789732
27,17,11.528871355299787
27,18,9.015122785402324
27,19,6.635325875390489
27,20,7.172163204736637
27,21,5.596071120254323
27,22,7.862299379809765
27,23,6.674139124965336
27,24,5.021432780019254
27,25,5.446029135487335
27,26,3.811630442443427
27,28,3.8083253911387183
27,29,5.3500580501745345
27,30,5.060617141639414
27,31,6.0955856951153224
27,32,8.484237244177054
27,33,9.760844931259749
27,34,10.45342744584473
27,35,12.06693199901963
27,36,14.007416662749582
27,37,15.249295019363634
27,38,16.433968060395166
27,39,18.17575859697565
27,40,16.599076622572145
27,41,17.068104133306303
27,42,16.84347694342906
27,43,16.267519594203844
27,44,12.858619363213714
27,45,13.072605691210203
27,46,11.256676410017226
27,47,12.979537400657879
27,48,12.239775335880532
27,49,15.064025579160516
27,50,13.555089786987889
27,51,9.812707230168353
27,52,9.983325829071845
27,53,8.990470848450885
27,54,12.145385683746403
27,55,13.306838412965266
27,56,17.11314529578582
27,57,19.435381465397313
27,58,22.652436000327004
27,59,25.32449571427823
28,1,14.696268729580796
28,2,13.006481804139987
28,3,11.96015925504767
28,4,8.949697806890711
28,5,9.792119733863897
28,6,9.086345889283535
28,7,12.246628596635036
28,8,13.246377923508478
28,9,16.091498136276204
28,10,17.246535068319687
28,11,20.812221209829087
28,12,21.330220172783502
28,13,18.342955387969884
28,14,17.949337719284124
28,15,16.76284204059364
28,16,14.130272427905224
28,17,12.47577292914911
28,18,10.952686541434252
28,19,9.535829614872657
28,20,10.843965200189167
28,21,9.341048879422251
28,22,11.052169554618983
28,23,8.862712877586747
28,24,5.988616020786867
28,25,5.158028271385307
28,26,5.356950872085432
28,27,3.8083253911387183
28,29,3.8083241218870856
28,30,5.356868068954362
28,31,5.047603780126469
28,32,5.9013971801117115
28,33,8.328775250313521
28,34,9.68095430450341
28,35,10.24956126942974
28,36,11.837456769213672
28,37,13.922130348602636
28,38,15.110813851516783
28,39,16.11729329144675
28,40,14.221494891294578
28,41,14.034729273305011
28,42,13.619930624486498
28,43,12.891170198958418
28,44,9.588948733217064
28,45,10.407674851815285
28,46,9.476896150439366
28,47,12.154041462990675
28,48,12.248898006465902
28,49,15.519851502231408
28,50,14.280833598532869
28,51,10.739643605149407
28,52,9.99801964250664
28,53,7.702007908454745
28,54,10.249384853044361
28,55,10.73958482549772
28,56,14.464006640752563
28,57,16.59853051967202
28,58,19.591076586067288
28,59,22.540999145979637
29,1,15.75919662644763
29,2,14.899625470286018
29,3,14.132294139348197
29,4,11.697565438102519
29,5,12.664712021353001
29,6,11.77003227435344
29,7,14.878888452636966
29,8,15.226791341950223
29,9,18.090400707639258
29,10,18.527382224425256
29,11,21.83419611899063
29,12,22.065922370850856
29,13,19.214109165410413
29,14,19.51379319061435
29,15,18.66525548825759
29,16,16.221642371318687
29,17,14.142433498222898
29,18,12.715382759257523
29,19,10.650289908699762
29,20,11.7676865782893
29,21,10.064637587732847
29,22,11.78604864637963
29,23,10.306543710613896
29,24,8.540820873583623
29,25,6.267075671654615
29,26,4.885253274202425
29,27,5.3500580501745345
29,28,3.8083241218870856
29,30,3.809115090027472
29,31,5.668723180459412
29,32,5.386102513582317
29,33,6.215027161445144
29,34,8.731248217957246
29,35,10.091662707602305
29,36,10.62908287751931
29,37,12.310314581901695
29,38,14.394930202167393
