1,2,3.79194430730466
1,3,5.467314825894093
1,4,5.617457759674265
1,5,6.533066151586383
1,6,8.85333162472056
1,7,10.082625808034967
1,8,10.92097157985573
1,9,12.787551768326235
1,10,14.607892844006635
1,11,15.839137911475257
1,12,16.85645356967232
1,13,18.61396402000072
1,14,20.45684059551699
1,15,21.80447549127018
1,16,22.936752236996895
1,17,24.714225603170306
1,18,26.528874239277723
1,19,27.483555155372358
1,20,28.956670595777993
1,21,30.81945420094293
1,22,33.518036295070125
1,23,34.2944232967351
1,24,37.02801540907801
1,25,40.59748383717369
1,26,41.59980826166021
1,27,39.95727274010744
1,28,36.2578417697547
1,29,33.172500976528475
1,30,30.94519139581103
1,31,27.59962243530871
1,32,24.616445130130522
1,33,20.880505812543884
1,34,20.673408434048387
1,35,16.860000043804998
1,36,17.19775173666221
1,37,19.50449016895109
1,38,21.160183666171868
1,39,24.84207174681826
1,40,27.27691201859305
1,41,30.779807004912236
1,42,32.81721372933655
1,43,36.579908465817574
1,44,38.0162808987431
1,45,38.98786061641859
1,46,36.55850072941028
1,47,33.60306092912366
1,48,30.682260114394396
1,49,28.296753711959337
1,50,25.102449406107986
1,51,23.12347631512009
1,52,20.33341811228722
1,53,17.27818712896813
1,54,15.67861538839059
1,55,12.093652109773712
1,56,13.00868623262527
1,57,11.828144475710847
1,58,15.632482256704227
1,59,16.749367468651542
1,60,18.996278414169836
1,61,21.253649787940944
1,62,21.621711110761076
1,63,21.789704097361735
1,64,25.472712281521286
1,65,25.100827808584814
1,66,25.267692878895687
1,67,24.599854522340237
1,68,27.832549956924918
1,69,28.98359348862643
1,70,32.51126109605014
1,71,33.77481705808598
1,72,36.834953904540775
1,73,40.22281535119852
1,74,39.80564302757596
1,75,36.912452632070526
1,76,34.56143560796111
1,77,31.518628082538374
1,78,31.71851821020147
1,79,29.516580137541343
1,80,29.48853771916261
1,81,27.142188827199913
1,82,27.21351591466481
1,83,23.87027750899863
1,84,25.2963365883605
1,85,25.01815583099615
1,86,21.199838183531853
1,87,20.832010710063066
1,88,18.974060773416017
1,89,21.94122390115748
1,90,21.10609943234043
2,1,3.79194430730466
2,3,3.8165301507333895
2,4,5.5378050080892205
2,5,5.146983733029764
2,6,6.151036171307196
2,7,8.527230256311956
2,8,9.79584400541397
2,9,10.611637992474005
2,10,12.382724222539721
2,11,14.382719433964521
2,12,15.183323880568492
2,13,16.303619951553177
2,14,18.507997394885198
2,15,20.218466760530692
2,16,20.896964676085275
2,17,22.41379340364144
2,18,24.6313937707905
2,19,25.661151168103903
2,20,26.71268212613076
2,21,28.54635537756966
2,22,31.441706012420312
2,23,32.315179494952325
2,24,34.872223863156634
2,25,38.53048134662892
2,26,39.7982788502079
2,27,38.423583993030256
2,28,34.69017907068833
2,29,31.834751286034383
2,30,29.675946235679035
2,31,26.139623747393646
2,32,23.502680084385855
2,33,19.8489159764531
2,34,20.154055409301474
2,35,16.534754842177744
2,36,16.399551384824928
2,37,18.067108846838128
2,38,19.42993352131215
2,39,23.19631982463136
2,40,25.327849800026733
2,41,28.92437318709692
2,42,30.962844209067633
2,43,34.7328493560469
2,44,36.472445758416264
2,45,37.508475957908175
2,46,34.866670570212364
2,47,31.951942259958894
2,48,28.842397913825693
2,49,26.227456478344543
2,50,22.832152727574297
2,51,20.588271229591044
2,52,18.06175234868727
2,53,14.964283568527184
2,54,12.786087488478724
2,55,9.570263236193037
2,56,11.010431902659331
2,57,9.820298563407295
2,58,13.549323347620884
2,59,14.112840183567126
2,60,16.081199649666207
2,61,18.750182092034155
2,62,19.213062808254687
2,63,18.926498773443015
2,64,22.67080058098346
2,65,22.71635480987704
2,66,23.103197482502754
2,67,22.899720324046733
2,68,26.277232621678724
2,69,27.71818480327198
2,70,31.298824256823952
2,71,32.487711626887645
2,72,35.76358935451163
2,73,39.032023132350126
2,74,38.838023534424686
2,75,35.779698793901986
2,76,33.72813377351151
2,77,30.669870580136607
2,78,31.074195934262676
2,79,29.22785336710995
2,80,29.01086295575773
2,81,26.34170158974472
2,82,26.136585894959317
2,83,22.663883421435184
2,84,24.096193921463907
2,85,23.28590301466023
2,86,19.51865894221783
2,87,19.648662100778953
2,88,17.8387594997443
2,89,20.600004470492706
2,90,20.227719796882464
3,1,5.467314825894093
3,2,3.8165301507333895
3,4,3.8117164968861252
3,5,5.561060122726236
3,6,5.2438893114916
3,7,6.180685036528504
3,8,8.690058356530109
3,9,9.979093303327968
3,10,10.619685555326326
3,11,12.56845410020395
3,12,14.263911606967795
3,13,15.194583213825856
3,14,16.74913112512505
3,15,18.848219885534213
3,16,20.00173020139529
3,17,21.083639198527102
3,18,23.045381354051138
3,19,24.57116916391996
3,20,25.764488279969182
3,21,27.157554231673306
3,22,29.782389938671983
3,23,30.251773282870207
3,24,32.69791461172849
3,25,36.33007642909526
3,26,37.377736932546554
3,27,35.816545098170394
3,28,32.05255806363297
3,29,29.083833597601224
3,30,27.19207766870478
3,31,23.733340418400807
3,32,20.981943984766232
3,33,17.253681461952976
3,34,17.164858945573798
3,35,13.563103739881676
3,36,12.9859690374807
3,37,14.871095482853248
3,38,16.711934646982268
3,39,20.376703315173067
3,40,22.834728705940748
3,41,26.485145916706173
3,42,28.23808347150974
3,43,31.969471765190267
3,44,33.51807046668137
3,45,34.33011486321473
3,46,31.686605538761356
3,47,28.643689240747715
3,48,25.695540456681652
3,49,23.100221494843723
3,50,19.893208814772716
3,51,17.738597744701845
3,52,14.90698113314104
3,53,11.953635127599101
3,54,10.36647552210622
3,55,6.7358594700494745
3,56,7.648676840082016
3,57,7.083213529669897
3,58,10.867427496898836
3,59,11.504202118311714
3,60,14.106698902029269
3,61,16.355055049674625
3,62,16.35718483448072
3,63,16.439809352646435
3,64,20.07081308736908
3,65,19.661573387386618
3,66,19.86969351855487
3,67,19.42517477293045
3,68,22.796254933854488
3,69,24.26051271438671
3,70,27.8896138546621
3,71,29.294862110471943
3,72,32.51813291704045
3,73,35.8793104731712
3,74,35.80909229917967
3,75,32.890855837238554
3,76,30.712534035437145
3,77,27.50102077405032
3,78,27.666848153129642
3,79,25.733477100316406
3,80,25.348607245999446
3,81,22.649322011269724
3,82,22.413018176579012
3,83,18.951870309985395
3,84,20.421769380270945
3,85,19.829564972105203
3,86,16.018586338516037
3,87,16.096880919116572
3,88,14.575532585159465
3,89,17.640949339112577
3,90,17.54407207962681
4,1,5.617457759674265
4,2,5.5378050080892205
4,3,3.8117164968861252
4,5,3.810117868834034
4,6,5.35857870257383
4,7,4.8050331056405495
4,8,6.089553522150581
4,9,8.616412918271488
4,10,9.689790117488668
4,11,10.540298212225744
4,12,12.211985498362905
4,13,14.001998073486781
4,14,15.286913589509327
4,15,16.78342283456759
4,16,18.351268122065235
4,17,19.889187895447026
4,18,21.4075633260029
4,19,22.68833215062704
4,20,24.35968534994131
4,21,25.91506845991369
4,22,28.383096553461545
4,23,28.946560199461704
4,24,31.705629099410505
4,25,35.22385032319661
4,26,36.09398594262922
4,27,34.37410531565989
4,28,30.68090442653949
4,29,27.562902529308293
4,30,25.36525940233352
4,31,22.050991170167904
4,32,19.026354243585374
4,33,15.275654912172323
4,34,15.144980159669728
4,35,11.384176029254498
4,36,11.862119315137612
4,37,14.099405714996752
4,38,15.685592855509837
4,39,19.324096757830162
4,40,21.852379968820266
4,41,25.307843246270863
4,42,27.337913163269018
4,43,31.093184633215913
4,44,32.46250611035795
4,45,33.51429420236727
4,46,31.19276634184662
4,47,28.35991064646504
4,48,25.413134541216913
4,49,23.27564957839211
4,50,20.152912012895754
4,51,18.645770893820764
4,52,16.03867392286089
4,53,12.71040963352188
4,54,11.900046114666173
4,55,8.175728139128333
4,56,9.750683945578936
4,57,10.305287985592077
4,58,13.918092796436785
4,59,14.16378642475568
4,60,17.154284009155283
4,61,19.32210963843651
4,62,18.739486908724707
4,63,18.68112812979693
4,64,22.093329418758653
4,65,21.31552400747963
4,66,20.861712904141655
4,67,19.841836625747685
4,68,22.846247616434606
4,69,23.725964920060157
4,70,27.16331944823907
4,71,28.264078060171926
4,72,31.323971318330333
4,73,34.672385086451605
4,74,34.21741552293488
4,75,31.298330128036525
4,76,28.98456484061819
4,77,25.980404828324172
4,78,26.34934431404838
4,79,24.34338037028112
4,80,24.50635687126551
4,81,22.221999477342866
4,82,22.630672388284218
4,83,19.514888725755213
4,84,21.525743656528654
4,85,21.33657829474944
4,86,17.53370334453353
4,87,17.79961034574944
4,88,16.879474434661756
4,89,20.285754625093904
4,90,20.330179226048465
5,1,6.533066151586383
5,2,5.146983733029764
5,3,5.561060122726236
5,4,3.810117868834034
5,6,3.82184880393869
5,7,5.335247567534976
5,8,4.945568096500066
5,9,6.3413552829544715
5,10,8.754615558013061
5,11,9.94836488038484
5,12,10.431612829240631
5,13,12.233355240530319
5,14,14.338516622895066
5,15,15.526323507960901
5,16,16.432404085800513
5,17,18.35354772345375
5,18,20.25112932795759
5,19,21.039577486843857
5,20,22.453184067517846
5,21,24.442879596099818
5,22,27.24077210280612
5,23,28.281591026639195
5,24,31.12413554507193
5,25,34.684152966305554
5,26,35.886714495009265
5,27,34.49258064611293
5,28,30.841942911559197
5,29,27.979601476223934
5,30,25.48823441387522
5,31,22.018119728316602
5,32,19.34332862031415
5,33,15.810113027904805
5,34,16.5541001187148
5,35,13.09292637666609
5,36,13.83106324659722
5,37,15.293417988092607
5,38,16.03244755751916
5,39,19.789165679850328
5,40,21.758782903599386
5,41,25.148737093336745
5,42,27.544492514212795
5,43,31.337169449876118
5,44,33.051096974088665
5,45,34.45178495826785
5,46,32.096275964939956
5,47,29.509257692275582
5,48,26.272899705585868
5,49,24.12070320105688
5,50,20.7072576574952
5,51,19.177905426614902
5,52,17.13524401622371
5,53,13.505285890434774
5,54,12.04322737418566
5,55,8.87990113413139
5,56,11.521950373851467
5,57,12.04011691746834
5,58,15.587962770420543
5,59,15.179924871965717
5,60,17.759075168815272
5,61,20.49805342773075
5,62,20.035383038930487
5,63,19.275815153094797
5,64,22.732422687766473
5,65,22.47174974845944
5,66,22.060956373849866
5,67,21.413646490789148
5,68,24.390932025409498
5,69,25.268618027932703
5,70,28.606384682235344
5,71,29.318912226430918
5,72,32.52568953881702
5,73,35.66429110840935
5,74,35.13392844496047
5,75,31.96413189266293
5,76,29.98916851704342
5,77,27.223337180675458
5,78,28.06484622736659
5,79,26.45165176234598
5,80,26.798122788903616
5,81,24.435908970278476
5,82,24.864097551406388
5,83,21.772187268694555
5,84,23.94752991842665
5,85,23.291522545733233
5,86,19.560462476429194
5,87,20.351461541892867
5,88,19.459096042397054
5,89,22.641623222357314
5,90,22.91313415913007
6,1,8.85333162472056
6,2,6.151036171307196
6,3,5.2438893114916
6,4,5.35857870257383
6,5,3.82184880393869
6,7,3.8052041610615497
6,8,5.313593995185231
6,9,5.000147048083373
6,10,6.285239440573469
6,11,8.766109449564986
6,12,9.65759983460495
6,13,10.293235954170063
6,14,12.453990966640488
6,15,14.45796903208823
6,16,15.096269586611399
6,17,16.336683663448706
6,18,18.601578834023165
6,19,19.84786467656083
6,20,20.81562994106372
6,21,22.463709643254546
6,22,25.331512741248336
6,23,26.20229598429534
6,24,28.753333501768612
6,25,32.41552147361018
6,26,33.77257547682303
6,27,32.544981591981575
6,28,28.82863942669032
6,29,26.144820952076163
6,30,23.943069357382143
6,31,20.30837594401686
6,32,17.974217798778806
6,33,14.512525331461354
6,34,15.541134295083685
6,35,12.403069315085471
6,36,12.230760971808301
6,37,13.019143285528836
6,38,13.722371957966061
6,39,17.522316484440598
6,40,19.3612419450703
6,41,22.92855470661596
6,42,25.11022774235895
6,43,28.890812776129852
6,44,30.81302136131333
6,45,32.097373881036894
6,46,29.486448436290495
6,47,26.830855928909397
6,48,23.503630743046305
6,49,21.065465710399838
6,50,17.526199952806856
6,51,15.695187215937635
6,52,13.794502499015174
6,53,10.197709698949556
6,54,8.326675220494689
6,55,5.538574332765808
6,56,8.7417535048123
6,57,9.707431006151799
6,58,12.846746834857557
6,59,11.829073587605864
6,60,14.362743983640256
6,61,17.237704019028786
6,62,16.655135418400526
6,63,15.600160670235562
6,64,19.04016725400225
6,65,18.99924960614949
6,66,18.770792849629988
6,67,18.535550527366876
6,68,21.676332427035497
6,69,22.927841370886405
6,70,26.35998748110535
6,71,27.178598408702914
6,72,30.576326855090713
6,73,33.65906157801162
6,74,33.476146023121316
6,75,30.24671684767331
6,76,28.49869875539896
6,77,25.599338235596957
6,78,26.445302744397328
6,79,25.12061319884121
6,80,25.106730143113257
6,81,22.395518089406202
6,82,22.454386247651335
6,83,19.25049225625871
6,84,21.356012916586774
6,85,20.275427148935186
6,86,16.650391835157812
6,87,17.875108778768713
6,88,17.158914734957648
6,89,20.15197465563291
6,90,20.90467422945892
7,1,10.082625808034967
7,2,8.527230256311956
7,3,6.180685036528504
7,4,4.8050331056405495
7,5,5.335247567534976
7,6,3.8052041610615497
7,8,3.8081658845981967
7,9,5.374418920924906
7,10,5.062481580282802
7,11,6.4180802920458895
7,12,8.635086293294847
7,13,9.740676228939874
7,14,10.770610187742383
7,15,12.803059180239387
7,16,14.349289298001079
7,17,15.417454856165389
7,18,17.032606766466458
7,19,18.666468412347935
7,20,20.14326992989125
7,21,21.41629054615314
7,22,23.86830396037569
7,23,24.354039393188096
7,24,27.008375422523848
7,25,30.57303109417416
7,26,31.568066518735755
7,27,30.01391178975494
7,28,26.28953750580808
7,29,23.344210126390678
7,30,21.21022138135271
7,31,17.731074419479167
7,32,15.010690985834833
7,33,11.348276979845298
7,34,11.92298020393287
7,35,8.635291128362026
7,36,8.705643840055233
7,37,10.003682045996952
7,38,11.130374141362182
7,39,14.868685083890298
7,40,17.194315336853858
7,41,20.71620887987802
7,42,22.776686037999397
7,43,26.553668001441824
7,44,28.14125755395155
7,45,29.334855817002747
7,46,26.924537138202005
7,47,24.24163542713898
7,48,21.08783403797502
7,49,18.97581663622706
7,50,15.713057455752791
7,51,14.457229748576603
7,52,12.35603710143927
7,53,8.695824149789297
7,54,8.329703903555256
7,55,5.225564165999919
7,56,8.01200478571818
7,57,10.113511551630015
7,58,13.010862242178993
7,59,12.03199348796256
7,60,15.254321042720344
7,61,17.53276037976195
7,62,16.24695031944397
7,63,15.595126241921882
7,64,18.71578591913054
7,65,17.94306288418798
7,66,17.09910882809876
7,67,16.180880224218512
7,68,19.073782497086295
7,69,19.956035894199953
7,70,23.342789526300656
7,71,24.214903699871144
7,72,27.462632300656736
7,73,30.667448992157087
7,74,30.35821710427472
7,75,27.26896012189422
7,76,25.25991148066049
7,77,22.29952919858849
7,78,23.01563314106712
7,79,21.52465036570362
7,80,21.692571059792794
7,81,19.215167067233438
7,82,19.67276675891649
7,83,16.713687956065037
7,84,19.186550029060047
7,85,18.625600867347615
7,86,15.005163569093833
7,87,16.231511121761542
7,88,16.13182319290639
7,89,19.50974305536975
7,90,20.458537405047053
8,1,10.92097157985573
8,2,9.79584400541397
8,3,8.690058356530109
8,4,6.089553522150581
8,5,4.945568096500066
8,6,5.313593995185231
8,7,3.8081658845981967
8,9,3.8056332526158223
8,10,5.454978870621589
8,11,5.222982179886319
8,12,6.185775001058829
8,13,8.576775324161895
8,14,9.954588455089242
8,15,10.90181859340002
8,16,12.429340739471916
8,17,14.354829863011144
8,18,15.753037178742987
8,19,16.706838891595442
8,20,18.5238482371732
8,21,20.30676481460895
8,22,22.833453758967305
8,23,23.767482823213356
8,24,26.773274927997658
8,25,30.231788201770993
8,26,31.276968625526372
8,27,29.79607521254069
8,28,26.200537433416052
8,29,23.30873998396475
8,30,20.670112309093657
8,31,17.276664961068235
8,32,14.554948981745216
8,33,11.140558010924323
8,34,12.311472033562623
8,35,9.273512724965792
8,36,10.689119943445995
8,37,11.751139196978873
8,38,11.919445531679962
8,39,15.538734523214806
8,40,17.461637899244423
8,41,20.666798479118537
8,42,23.226902199420916
8,43,26.99841371862977
8,44,28.620169992471478
8,45,30.236662437552848
8,46,28.127431538319343
8,47,25.81726272693276
8,48,22.56360463232293
8,49,20.88806637245549
8,50,17.634079626824064
8,51,16.908456208577753
8,52,15.370120291076011
8,53,11.595184252196775
8,54,11.287333938423746
8,55,8.73175609735094
8,56,11.800592576466094
8,57,13.750124725490224
8,58,16.74656748391357
8,59,15.582515733312087
8,60,18.624680254607863
8,61,21.121766270482055
8,62,19.768572222001076
8,63,18.759309961451887
8,64,21.73275081694647
8,65,21.055471082425427
8,66,19.869873098456015
8,67,18.775225939193906
8,68,21.271003438700678
8,69,21.634298844767322
8,70,24.713421839339773
8,71,25.06102057577238
8,72,28.193036136428013
8,73,31.224628455722367
8,74,30.501927415566456
8,75,27.282573651400604
8,76,25.37307172222463
8,77,22.814078050309178
8,78,23.991350083541672
8,79,22.66706554162724
8,80,23.425518482512402
8,81,21.338295139255667
8,82,22.295560534592575
8,83,19.677520636127507
8,84,22.45844179712462
8,85,21.977315620084457
8,86,18.480572759480378
8,87,19.86534449480343
8,88,19.90957296978219
8,89,23.31375613172729
8,90,24.22393237075222
9,1,12.787551768326235
9,2,10.611637992474005
9,3,9.979093303327968
9,4,8.616412918271488
9,5,6.3413552829544715
9,6,5.000147048083373
9,7,5.374418920924906
9,8,3.8056332526158223
9,10,3.810748710225199
9,11,5.364709562634465
9,12,4.833445837598097
9,13,5.922125701512755
9,14,8.51237427129362
9,15,9.868245863749374
9,16,10.294003536749244
9,17,12.065937152424464
9,18,14.237393815191957
9,19,15.060545321337257
9,20,16.20026660140825
9,21,18.164431096094425
9,22,21.09717160509662
9,23,22.35865029620786
9,24,25.19224018321319
9,25,28.765630751486828
9,26,30.234903456759746
9,27,29.183604370852876
9,28,25.596929784782304
9,29,23.10510259810858
9,30,20.483352568191364
9,31,16.860953476455464
9,32,14.838368450740239
9,33,11.84450056306599
9,34,13.890914191897904
9,35,11.488658997114827
9,36,12.210012156939275
9,37,12.14479443212795
9,38,11.511648746926822
9,39,15.1553152154827
9,40,16.392410449912926
9,41,19.64643135916641
9,42,22.341286156476414
9,43,26.10479902627094
9,44,28.178367183557835
9,45,29.969068034252395
9,46,27.64110794957354
9,47,25.489195395489133
9,48,21.971241620881962
9,49,20.074369636705818
9,50,16.536032263768163
9,51,15.589768682438425
9,52,14.683769593607433
9,53,10.897464214025536
9,54,9.88290665063231
9,55,8.400258430347991
9,56,12.082493713981274
9,57,14.027184250518477
9,58,16.661596605485688
9,59,14.80924320352149
9,60,17.379929180987816
9,61,20.277781290572488
9,62,19.00913874156964
9,63,17.31933761669361
9,64,20.22804709956744
9,65,20.132537535485806
9,66,19.16192747065514
9,67,18.700139171491287
9,68,21.266471204516723
9,69,21.934272638063955
9,70,24.974363947138567
9,71,25.111230006807496
9,72,28.47626404409276
9,73,31.27451066702808
9,74,30.776830776740823
9,75,27.339658183824625
9,76,25.906219912415587
9,77,23.46071160972361
9,78,24.96134366503191
9,79,24.135881148786964
9,80,24.703631875628748
9,81,22.318047937622886
9,82,22.956123170898127
9,83,20.28575896078532
9,84,23.01577449959734
9,85,21.924469886668483
9,86,18.61687647549304
9,87,20.52886027000556
9,88,20.593015113210207
9,89,23.66042393234574
9,90,24.914843127620475
10,1,14.607892844006635
10,2,12.382724222539721
10,3,10.619685555326326
10,4,9.689790117488668
10,5,8.754615558013061
10,6,6.285239440573469
10,7,5.062481580282802
10,8,5.454978870621589
10,9,3.810748710225199
10,11,3.798260188663392
10,12,5.3931198826584765
10,13,4.954993595491103
10,14,6.269878968533649
10,15,8.876114031140451
10,16,9.852925861043712
10,17,10.501043858537468
10,18,12.52904089432526
10,19,14.273658660627978
10,20,15.338500382039268
10,21,16.547652827300006
10,22,19.20181394081418
10,23,19.933286879713293
10,24,22.54420516097777
10,25,26.175005928429766
10,26,27.5117987863496
10,27,26.353687013801135
10,28,22.666499732183073
10,29,20.131659075078467
10,30,17.87958645014362
10,31,14.174904685402888
10,32,12.224680608598927
10,33,9.190175301858412
10,34,11.26771345023027
10,35,9.333455775918392
10,36,9.279863048067444
10,37,8.569583927251283
10,38,7.9874289509319825
10,39,11.71971403543831
10,40,13.217832178953799
10,41,16.703956265803356
10,42,19.07825712863427
10,43,22.863167790871593
10,44,24.89655792272799
10,45,26.484054731076014
10,46,24.027929224958203
10,47,21.760533664339963
10,48,18.257590969866477
10,49,16.29258954855669
10,50,12.787050768214995
10,51,12.011089787624737
10,52,11.230608721343097
10,53,7.510437668002488
10,54,7.402791761732642
10,55,6.686413270954221
10,56,10.157506105602645
10,57,12.925293944128693
10,58,14.92738079918307
10,59,12.666544896845187
10,60,15.529421469341356
10,61,18.0460815467235
10,62,16.231620553233405
10,63,14.568140082676148
10,64,17.166152811830937
10,65,16.752902711711386
10,66,15.49668228976346
10,67,14.964678485379384
10,68,17.486008149003016
10,69,18.262407493159234
10,70,21.368007719806556
10,71,21.668673041806947
10,72,25.124171158542985
10,73,27.979635834197484
10,74,27.744493460650204
10,75,24.360310159387744
10,76,22.93838706076184
10,77,20.296010234137214
10,78,21.685981077853175
10,79,21.019926780908364
10,80,21.351891091181905
10,81,18.815567824499734
10,82,19.36627329565657
10,83,16.813857738761993
10,84,19.68167705141971
10,85,18.561254734450728
10,86,15.452106251070127
10,87,17.721850895795882
10,88,18.314686603090312
10,89,21.36064894999009
10,90,23.056719254323472
11,1,15.839137911475257
11,2,14.382719433964521
11,3,12.56845410020395
11,4,10.540298212225744
11,5,9.94836488038484
11,6,8.766109449564986
11,7,6.4180802920458895
11,8,5.222982179886319
11,9,5.364709562634465
11,10,3.798260188663392
11,12,3.7993004515293496
11,13,5.346678534029735
11,14,5.051205343496249
11,15,6.490529444379204
11,16,8.738906728759057
11,17,9.973141701401858
11,18,10.92065125026457
11,19,12.515342856716895
11,20,14.465338354832483
11,21,15.693649693298534
11,22,17.931443915130092
11,23,18.622982148797398
11,24,21.634600955721865
11,25,25.061185324218894
11,26,26.056995969552805
11,27,24.609930974541587
11,28,21.01464380480173
11,29,18.226514985699453
11,30,15.58867831747206
11,31,12.103565814534125
11,32,9.637839955845715
11,33,6.538299294121992
11,34,8.847050487979256
11,35,7.229492951093578
11,36,8.606894035538938
11,37,8.26948437422598
11,38,7.25715663070782
11,39,10.66279994803273
11,40,12.354438094549275
11,41,15.461350174328151
11,42,18.11965125567092
11,43,21.872927972313192
11,44,23.5648577989179
11,45,25.38056151749172
11,46,23.381752112524264
11,47,21.38580699307717
11,48,18.051589192915156
11,49,16.812910310183753
11,50,13.755898962170054
11,51,13.939843316457265
11,52,13.28300377459373
11,53,9.80875326938218
11,54,10.741279309788917
11,55,9.647838483561609
11,56,12.657631732987692
11,57,15.648812988986222
11,58,17.76230281865417
11,59,15.769696685354011
11,60,18.912668776049557
11,61,21.10551281704292
11,62,18.94668063817075
11,63,17.573974657044573
11,64,19.84171586492193
11,65,18.89891209106694
11,66,16.996107367325695
11,67,15.698313979691019
11,68,17.61706042543512
11,69,17.595515358637677
11,70,20.377229284522002
11,71,20.321624708669795
11,72,23.51197743945292
11,73,26.36186313530595
11,74,25.664688056577784
11,75,22.31651155122855
11,76,20.68590796989736
11,77,18.304263820698058
11,78,19.928868087100017
11,79,19.216537984725605
11,80,20.18793335691695
11,81,18.225512276506084
11,82,19.513560860677096
11,83,17.470135682773652
11,84,20.736463673611386
11,85,20.188699422673547
11,86,17.2049906116233
11,87,19.34885821169636
11,88,20.329608076829974
11,89,23.642498836527718
11,90,25.285220941606237
12,1,16.85645356967232
12,2,15.183323880568492
12,3,14.263911606967795
12,4,12.211985498362905
12,5,10.431612829240631
12,6,9.65759983460495
12,7,8.635086293294847
12,8,6.185775001058829
12,9,4.833445837598097
12,10,5.3931198826584765
12,11,3.7993004515293496
12,13,3.8102801983644814
12,14,5.367471951927209
12,15,5.277005273253666
12,16,6.286956656027386
12,17,8.716168235709828
12,18,10.12703207247889
12,19,10.627678348324283
12,20,12.421238447966422
12,21,14.477736413501557
12,22,17.162584932472047
12,23,18.619876879300033
12,24,21.795853186570948
12,25,25.17647841869054
12,26,26.5402146621785
12,27,25.496234972248445
12,28,22.08483815250387
12,29,19.69656992485734
12,30,16.675434222180282
12,31,13.248884736190233
12,32,11.477216735229293
12,33,9.250514501815296
12,34,12.122997841160586
12,35,10.82335841549115
12,36,12.398822008646745
12,37,11.708434497244566
12,38,9.88447114156337
12,39,12.927236635955644
12,40,13.656096629371335
12,41,16.38739150131471
12,42,19.513412874778645
12,43,23.171697861378405
12,44,25.1811662171786
12,45,27.398852090324834
12,46,25.496609630845562
12,47,23.870241597378918
12,48,20.37893990393705
12,49,19.242680346644995
12,50,16.058764859436877
12,51,16.21365360304914
12,52,16.066973558456525
12,53,12.552294369557236
12,54,12.696034369626814
12,55,11.905220832794617
12,56,15.373681899954232
12,57,17.979392328845748
12,58,20.250146038325692
12,59,18.04550840802251
12,60,20.781142225556135
12,61,23.3991126687586
12,62,21.498200520216905
12,63,19.634857389918697
12,64,21.926661480524903
12,65,21.495386196047072
12,66,19.75536332658452
12,67,18.84990724205408
12,68,20.666049186690845
12,69,20.59394170744749
12,70,23.120168201042926
12,71,22.60297791151996
12,72,25.781146948529
12,73,28.311762869910353
12,74,27.437444730501014
12,75,23.90554955721405
12,76,22.68934581348163
12,77,20.751776905200792
12,78,22.811484086759453
12,79,22.42632272468027
12,80,23.601561423198753
12,81,21.712794560961765
12,82,22.98906624117393
12,83,20.980884211934242
12,84,24.20586669632835
12,85,23.349897859305038
12,86,20.42061442834134
12,87,22.711740894714104
12,88,23.47861685336907
12,89,26.65054218207983
12,90,28.25907023105395
13,1,18.61396402000072
13,2,16.303619951553177
13,3,15.194583213825856
13,4,14.001998073486781
13,5,12.233355240530319
13,6,10.293235954170063
13,7,9.740676228939874
13,8,8.576775324161895
13,9,5.922125701512755
13,10,4.954993595491103
13,11,5.346678534029735
13,12,3.8102801983644814
13,14,3.809760370832067
13,15,5.563107632959367
13,16,5.113099566807337
13,17,6.157345831856275
13,18,8.707929133756904
13,19,9.829047700720714
13,20,10.571085263172767
13,21,12.276008875431948
13,22,15.29598721231143
13,23,16.736712294360498
13,24,19.537783459442323
13,25,23.101735434517227
13,26,24.823794166256214
13,27,24.14358926792227
13,28,20.680964885049015
13,29,18.686109435179024
13,30,16.02842881212736
13,31,12.373187750736824
13,32,11.453987156158949
13,33,9.701989816558573
13,34,12.966907682046541
13,35,12.204773545733204
13,36,12.742963331667184
13,37,11.02202110930175
13,38,8.627444084505868
13,39,11.53426315503224
13,40,11.63448385615359
13,41,14.562980724174508
13,42,17.560924183542614
13,43,21.20273423002211
13,44,23.62713605022395
13,45,25.81558630247411
13,46,23.60007372258559
13,47,22.024118677941985
13,48,18.34564996748572
13,49,16.93485238845151
13,50,13.576679907899605
13,51,13.613556624139383
13,52,14.137019920458464
13,53,10.9533023712848
13,54,10.9304620975937
13,55,11.31435356496692
13,56,14.801874124108007
13,57,17.552315332688945
13,58,19.248786145622162
13,59,16.485665383797045
13,60,18.854912806462657
13,61,21.52486369090944
13,62,19.529591131947036
13,63,17.189250231712254
13,64,19.193418165626902
13,65,19.142527754952354
13,66,17.53829047985351
13,67,17.216641078352474
13,68,19.06548816556391
13,69,19.395689019008742
13,70,21.925370243197403
13,71,21.395433887204923
13,72,24.82116975342975
13,73,27.18109819685444
13,74,26.735855701467237
13,75,23.08794554520173
13,76,22.308242808853546
13,77,20.319003563436127
13,78,22.475114758103384
13,79,22.533905595716302
13,80,23.307947212559988
13,81,21.0712151114655
13,82,21.932288024497176
13,83,19.927231255250078
13,84,23.036886105162655
13,85,21.679447324562265
13,86,19.064139194301386
13,87,21.809872494426262
13,88,22.738312877520006
13,89,25.57170990424393
13,90,27.568668649601904
14,1,20.45684059551699
14,2,18.507997394885198
14,3,16.74913112512505
14,4,15.286913589509327
14,5,14.338516622895066
14,6,12.453990966640488
14,7,10.770610187742383
14,8,9.954588455089242
14,9,8.51237427129362
14,10,6.269878968533649
14,11,5.051205343496249
14,12,5.367471951927209
14,13,3.809760370832067
14,15,3.8049942757963535
14,16,5.394473242244868
14,17,5.19023837983598
14,18,6.323633540895499
14,19,8.602219000159645
14,20,10.037173748165404
14,21,10.784599917136314
14,22,13.114634438207462
14,23,13.946716557291612
14,24,16.88243283122149
14,25,20.382756530203014
14,26,21.730147895086056
14,27,20.733349650992007
14,28,17.20138692234972
14,29,14.98822104232153
14,30,12.356988005001385
14,31,8.661886005245657
14,32,7.712271561837296
14,33,6.451613634089331
14,34,10.053976855195081
14,35,10.284415528591126
14,36,10.90755359170198
14,37,8.715913909087815
14,38,5.629328874636243
14,39,8.059584750440104
14,40,8.332256956471719
14,41,11.244735968080267
14,42,14.246153838894465
14,43,17.930466876483212
14,44,20.108279206580466
14,45,22.31569642449403
14,46,20.309963561105306
14,47,18.864948243085916
14,48,15.306837787780761
14,49,14.43762459724227
14,50,11.526525196934028
14,51,12.524013615278275
14,52,13.284397246300546
14,53,10.55855006408602
14,54,11.807452669087033
14,55,12.326022783406021
14,56,15.27285608997183
14,57,18.550258228821843
14,58,19.90724004146899
14,59,17.147455235248128
14,60,19.8570122371378
14,61,21.99010227911506
14,62,19.4356134625271
14,63,17.400232412687522
14,64,18.899606304193796
14,65,18.22036340218522
14,66,15.955460829731418
14,67,15.068607886997553
14,68,16.356275842701386
14,69,16.185203680276754
14,70,18.476194398924356
14,71,17.769428428361298
14,72,21.1129733093571
14,73,23.500796897618006
14,74,22.973571358478928
14,75,19.35652272710182
14,76,18.499781594199067
14,77,16.561173752665123
14,78,18.856532583820375
14,79,19.125337601154662
14,80,20.121916875330093
14,81,18.181359815665317
14,82,19.448993911300924
14,83,17.958161149738014
14,84,21.36949982035462
14,85,20.3765750938451
14,86,18.079150915480586
14,87,20.949305271694293
14,88,22.465505031655372
14,89,25.397375824299825
14,90,27.630110766358
15,1,21.80447549127018
15,2,20.218466760530692
15,3,18.848219885534213
15,4,16.78342283456759
15,5,15.526323507960901
15,6,14.45796903208823
15,7,12.803059180239387
15,8,10.90181859340002
15,9,9.868245863749374
15,10,8.876114031140451
15,11,6.490529444379204
15,12,5.277005273253666
15,13,5.563107632959367
15,14,3.8049942757963535
15,16,3.808417410040373
15,17,5.55204014729482
15,18,5.25823835164605
15,19,6.1161645213697
15,20,8.706250032758312
15,21,10.182421963058108
15,22,12.321802328289213
15,23,13.74970133922581
15,24,17.172504506135535
15,25,20.344225545920764
15,26,21.592133963747052
15,27,20.607801840307026
15,28,17.3865072921375
15,29,15.268060353184607
15,30,11.986085177840577
15,31,8.831022208464482
15,32,7.9800737538775355
15,33,7.563071780753774
15,34,11.204906296434528
15,35,11.661835420717399
15,36,13.31446532018144
15,37,11.663887751397647
15,38,8.62715728477024
15,39,10.277105660440272
15,40,10.09411221866239
15,41,12.027031454474516
15,42,15.500655964606285
15,43,18.93780358080738
15,44,20.927855202640593
15,45,23.549802013515535
15,46,22.066625784330085
15,47,21.085495436723885
15,48,17.72952348079253
15,49,17.470113456241496
15,50,14.922129703119095
15,51,16.250036798113214
15,52,16.999394907714592
15,53,14.193129903429604
15,54,15.330973780096471
15,55,15.386177329794547
15,56,18.469455903045393
15,57,21.62018848283888
15,58,23.30667963742692
15,59,20.72071032087369
15,60,23.469520725165435
15,61,25.695696753177383
15,62,23.190253665131536
15,63,21.189085743997254
15,64,22.684148680987217
15,65,21.954861539985426
15,66,19.52862055086092
15,67,18.349590228933284
15,68,19.239481819770614
15,69,18.471692411874464
15,70,20.304093646535122
15,71,19.055958214447784
15,72,22.038545292529765
15,73,24.177210045536025
15,74,23.08400560969079
15,75,19.448759657080537
15,76,18.677191733518573
15,77,17.349852413441575
15,78,20.029083207154105
15,79,20.375019825639136
15,80,21.983284037614187
15,81,20.57083476406964
15,82,22.31543089656086
15,83,21.108187608816582
15,84,24.65829914247627
15,85,23.93017750282071
15,86,21.61275076013341
15,87,24.323175481198618
15,88,25.819635544803972
15,89,28.90384743160085
15,90,30.97616933878659
16,1,22.936752236996895
16,2,20.896964676085275
16,3,20.00173020139529
16,4,18.351268122065235
16,5,16.432404085800513
16,6,15.096269586611399
16,7,14.349289298001079
16,8,12.429340739471916
16,9,10.294003536749244
16,10,9.852925861043712
16,11,8.738906728759057
16,12,6.286956656027386
16,13,5.113099566807337
16,14,5.394473242244868
16,15,3.808417410040373
16,17,3.806669213047941
16,18,5.424614469864264
16,19,4.975975427440484
16,20,6.147338548183573
16,21,8.628251072699944
16,22,11.654900168608554
16,23,13.895116880249162
16,24,17.066246426141568
16,25,20.299955934954397
16,26,22.158384380457022
16,27,21.811826331612547
16,28,18.763819136266534
16,29,17.28385033536154
16,30,14.16668239536893
16,31,11.078810384837182
16,32,11.181497775396249
16,33,10.97188500833351
16,34,14.699225631585472
16,35,14.936414066811112
16,36,16.128954974585458
16,37,14.10674874657646
16,38,10.85240855587479
16,39,12.470166589909056
16,40,11.378687559403856
16,41,13.132486492750026
16,42,16.69953974702862
16,43,19.978825313969736
16,44,22.476765689058148
16,45,25.26350712630198
16,46,23.587365730803857
16,47,22.797554552763867
16,48,19.25659125314116
16,49,18.7252881224639
16,50,15.943043571728962
16,51,16.920304429348857
16,52,18.130056317632146
16,53,15.367917407552612
16,54,15.79216944235554
16,55,16.360205599016194
16,56,19.739581148351927
16,57,22.625730660616085
16,58,24.220874958995854
16,59,21.329801548855094
16,60,23.598029100518666
16,61,26.160362339322916
16,62,23.911023631556585
16,63,21.40544779559464
16,64,22.866602880373645
16,65,22.75443666141513
16,66,20.688393544983686
16,67,20.160355888195834
16,68,21.213022885991734
16,69,20.836996835435905
16,70,22.634948752093617
16,71,21.246665819242942
16,72,24.36383429212214
16,73,26.19183987833533
16,74,25.319845469986753
16,75,21.5647265515541
16,76,21.332815141339275
16,77,20.177151203203636
16,78,22.995722660910946
16,79,23.62955103673822
16,80,24.98657701700019
16,81,23.295295589573254
16,82,24.65619091852271
16,83,23.276329399867073
16,84,26.643285399510216
16,85,25.418823860519403
16,86,23.18157421436621
16,87,26.116354432036132
16,88,27.40449880587452
16,89,30.23520003768157
16,90,32.397267278977075
17,1,24.714225603170306
17,2,22.41379340364144
17,3,21.083639198527102
17,4,19.889187895447026
17,5,18.35354772345375
17,6,16.336683663448706
17,7,15.417454856165389
17,8,14.354829863011144
17,9,12.065937152424464
17,10,10.501043858537468
17,11,9.973141701401858
17,12,8.716168235709828
17,13,6.157345831856275
17,14,5.19023837983598
17,15,5.55204014729482
17,16,3.806669213047941
17,18,3.804320652761706
17,19,5.459502093825803
17,20,5.22539363545955
17,21,6.13360167992995
17,22,9.265786432362876
17,23,11.105900424090905
17,24,13.90265583426647
17,25,17.359289275651445
17,26,19.412813337937493
17,27,19.27957679119908
17,28,16.149503145135682
17,29,15.01926492221331
17,30,12.430244125270637
17,31,9.262850108237227
17,32,10.315009171430535
17,33,10.722554159382865
17,34,14.492336304806956
17,35,15.333068898671153
17,36,15.771310436978656
17,37,13.000017026663867
17,38,9.385199489642233
17,39,10.295371556492592
17,40,8.430159932171795
17,41,10.195663619164195
17,42,13.581222765997254
17,43,16.818376799544698
17,44,19.619485983462884
17,45,22.33870213572223
17,46,20.457169766196625
17,47,19.79636186427704
17,48,16.21339814171188
17,49,15.722347797279816
17,50,13.151462187071328
17,51,14.473116477544263
17,52,16.330542304007032
17,53,14.206911010140209
17,54,15.000445536605042
17,55,16.361238364757106
17,56,19.40512360381523
17,57,22.526117558823273
17,58,23.53641486165416
17,59,20.329912094866053
17,60,22.414135877223785
17,61,24.698628831378336
17,62,22.18007616315328
17,63,19.514440798869888
17,64,20.437785408891532
17,65,20.360584614460244
17,66,18.176289607573178
17,67,17.93394206561836
17,68,18.71523027583818
17,69,18.497084368988247
17,70,20.139796967757746
17,71,18.70011124486912
17,72,21.97065039082395
17,73,23.64167370044295
17,74,23.193783664423723
17,75,19.399957510430188
17,76,19.548274363777814
17,77,18.36178855511203
17,78,21.223342230346145
17,79,22.293115654794754
17,80,23.333352793081552
17,81,21.497208982992753
17,82,22.624943032138326
17,83,21.497289747596913
17,84,24.79718071115106
17,85,23.349913736365227
17,86,21.567780444384653
17,87,24.820947849803996
17,88,26.44232334035567
17,89,29.007194278602366
17,90,31.529633974782932
18,1,26.528874239277723
18,2,24.6313937707905
18,3,23.045381354051138
18,4,21.4075633260029
18,5,20.25112932795759
18,6,18.601578834023165
18,7,17.032606766466458
18,8,15.753037178742987
18,9,14.237393815191957
18,10,12.52904089432526
18,11,10.92065125026457
18,12,10.12703207247889
18,13,8.707929133756904
18,14,6.323633540895499
18,15,5.25823835164605
18,16,5.424614469864264
18,17,3.804320652761706
18,19,3.8166703449877337
18,20,5.475985043965066
18,21,5.321926288550167
18,22,7.123274991554269
18,23,8.703296104292185
18,24,12.103046727019453
18,25,15.255174059634236
18,26,16.837309817403664
18,27,16.387228692077624
18,28,13.388442563401439
18,29,12.174739028040303
18,30,9.176812120699028
18,31,6.5126333113111725
18,32,8.12441139059527
18,33,9.704152130386623
18,34,13.393647177110717
18,35,15.010348993585268
18,36,15.928701419866718
18,37,13.2702099178959
18,38,9.540981172323482
18,39,9.406491000196052
18,40,7.348212423821744
18,41,8.07278434421057
18,42,11.811372081395117
18,43,14.867671074021604
18,44,17.285183290894732
18,45,20.291325654444055
18,46,18.968648740190954
18,47,18.732104801431813
18,48,15.480452456214955
18,49,15.858767122517687
18,50,13.973231059713108
18,51,16.084889436969473
18,52,17.887518704027492
18,53,15.972984364826198
18,54,17.457647495771063
18,55,18.507694032984787
18,56,21.299265577205407
18,57,24.676969048956924
18,58,25.69470326898525
18,59,22.660768110954955
18,60,25.06411032662584
18,61,27.021149954047345
18,62,24.181482894245423
18,63,21.861521860216886
18,64,22.52007908508057
18,65,21.8972994095249
18,66,19.193108221296754
18,67,18.323512809362782
18,68,18.438422993427583
18,69,17.45706088394064
18,70,18.56410739872983
18,71,16.624111717921284
18,72,19.549901590909577
18,73,21.060529208303365
18,74,20.18368465163708
18,75,16.39746287250879
18,76,16.60367507160092
18,77,15.915912233638473
18,78,19.11183866365254
18,79,20.423581001779144
18,80,21.962978211933173
18,81,20.700301474107455
18,82,22.388409858205414
18,83,21.809290264904284
18,84,25.348266281047312
18,85,24.370357997868556
18,86,22.777191958529848
18,87,25.945543436964485
18,88,27.923114074890027
18,89,30.655597633210707
18,90,33.20821096858648
19,1,27.483555155372358
19,2,25.661151168103903
19,3,24.57116916391996
19,4,22.68833215062704
19,5,21.039577486843857
19,6,19.84786467656083
19,7,18.666468412347935
19,8,16.706838891595442
19,9,15.060545321337257
19,10,14.273658660627978
19,11,12.515342856716895
19,12,10.627678348324283
19,13,9.829047700720714
19,14,8.602219000159645
19,15,6.1161645213697
19,16,4.975975427440484
19,17,5.459502093825803
19,18,3.8166703449877337
19,20,3.831651881153078
19,21,5.808863635260184
19,22,7.901465589123471
19,23,10.64652901893607
19,24,14.101761620142389
19,25,16.81982924402995
19,26,18.592110991644024
19,27,18.480384844210995
19,28,15.962396802869582
19,29,15.080548160119315
19,30,11.803192293963429
19,31,9.787817040868854
19,32,11.084138061766303
19,33,12.44652525422962
19,34,16.125204649501754
19,35,17.3793504082538
19,36,18.801275627960898
19,37,16.513128179826477
19,38,12.902637692755714
19,39,13.127462051803477
19,40,11.13713485241409
19,41,11.382574426638225
19,42,15.159655061287687
19,43,17.8668834240892
19,44,20.242881244774107
19,45,23.489390948351193
19,46,22.434844381692095
19,47,22.43064659273879
19,48,19.24686639780411
19,49,19.63983363876682
19,50,17.629667769015185
19,51,19.469908099238676
19,52,21.164069612735027
19,53,18.905950966923477
19,54,19.923927470556546
19,55,20.703039778440655
19,56,23.823497668732532
19,57,26.977373516499448
19,58,28.326918419698853
19,59,25.33927694273063
19,60,27.64399623131234
19,61,29.9084532888739
19,62,27.302346568263467
19,63,24.826701700812492
19,64,25.711335968801595
19,65,25.343141917488715
19,66,22.810367453996633
19,67,22.014842151195047
19,68,22.23573576038228
