1,2,3.807069815787242
1,3,6.2392221649904185
1,4,8.901157648809113
1,5,10.06015685033606
1,6,11.583835604500342
1,7,13.363649340097625
1,8,15.1341329511225
1,9,16.12528695179202
1,10,17.40320976685037
1,11,19.38565320872184
1,12,21.028735554045692
1,13,21.98530547067976
1,14,23.711136088396973
1,15,25.329604467865234
1,16,26.492800064934226
1,17,27.99079919480406
1,18,29.87174729514006
1,19,31.182545127621843
1,20,32.5486228026082
1,21,33.91665890109753
1,22,37.46979876224026
1,23,37.57844252611027
1,24,39.903642407667384
1,25,43.4873206930706
1,26,44.34061666732778
1,27,42.55159516701283
1,28,38.856839148980775
1,29,35.616292406682504
1,30,33.772436820912304
1,31,30.57316968252696
1,32,27.61872896529214
1,33,23.92163888085597
1,34,23.671776352469564
1,35,20.00121709016003
1,36,19.425056099693585
1,37,21.427112534068602
1,38,23.560110906444255
1,39,27.16775976632307
1,40,30.029574826310444
1,41,33.48612195833348
1,42,35.01945083515752
1,43,38.71137026172101
1,44,40.049954519428624
1,45,40.49777090662413
1,46,37.875150761658894
1,47,34.71875080116145
1,48,32.122046678868664
1,49,29.531675825014613
1,50,26.553684944143928
1,51,24.072033188664214
1,52,20.795469794433394
1,53,18.236344149232078
1,54,16.142967699257856
1,55,13.045434916882778
1,56,12.819418913832667
1,57,10.2915533571762
1,58,13.66878226480607
1,59,15.58790682694147
1,60,17.505599066359764
1,61,18.679756942402
1,62,20.409401685289698
1,63,20.85427444678241
1,64,24.547630353071824
1,65,24.33052983028878
1,66,25.451664958138956
1,67,25.19325387310263
1,68,28.524427327358048
1,69,30.01439061183037
1,70,33.787728975953854
1,71,35.46619411119814
1,72,38.530443192220545
1,73,42.08616948513375
1,74,41.94716409594613
1,75,38.97738580730411
1,76,36.712084993647466
1,77,33.79375948609043
1,78,34.53718876735048
1,79,32.58182804840669
1,80,32.52621475594246
1,81,29.07949644148591
1,82,27.57845078285194
1,83,23.84702210858857
1,84,24.50277204126862
1,85,24.249299396541637
1,86,20.66663805263391
1,87,19.59107659977595
1,88,17.310807842265117
1,89,19.671111252786684
1,90,19.242078920989083
1,91,18.92480118011209
1,92,18.832998354045873
1,93,17.025117018714322
1,94,13.304484426555609
1,95,10.761015991861996
1,96,11.95414193873131
1,97,9.25586525636573
1,98,9.309541006128995
1,99,12.94932656676875
1,100,13.429676420585396
1,101,11.946214360245083
1,102,13.886819657388337
1,103,16.84712946049716
1,104,17.013414058639018
1,105,17.138040757928984
1,106,20.417586153840624
2,1,3.807069815787242
2,3,3.805078595573748
2,4,5.464631023697239
2,5,6.5542923202153665
2,6,8.726311613466066
2,7,10.29310534702116
2,8,11.571122135292455
2,9,12.829380299840324
2,10,14.431645505345532
2,11,16.092096486820093
2,12,17.548694687945922
2,13,18.827083004409126
2,14,20.58151354123058
2,15,21.90444133713891
2,16,23.129934608871412
2,17,24.857690658359136
2,18,26.59002984404511
2,19,27.74338391954773
2,20,29.291195752882324
2,21,30.79681258801997
2,22,34.34624860407655
2,23,34.50527532875592
2,24,37.009612553980844
2,25,40.53190484393541
2,26,41.46259790764869
2,27,39.74538402370154
2,28,36.11230413636819
2,29,32.87040167931031
2,30,30.790886132743672
2,31,27.626613488858577
2,32,24.56914587411541
2,33,20.917282342221252
2,34,20.907283626700195
2,35,17.169368975550203
2,36,17.092550036886713
2,37,19.089948352476636
2,38,20.920857735355337
2,39,24.612936553992668
2,40,27.4103602767743
2,41,30.75188420255853
2,42,32.53653854154663
2,43,36.26949160164761
2,44,37.646008673274586
2,45,38.36768845934978
2,46,35.86535533297737
2,47,32.912250944037694
2,48,30.11601719322863
2,49,27.754738616483387
2,50,24.75343767211159
2,51,22.64505215479436
2,52,19.560035619110838
2,53,16.52133982765524
2,54,14.632740770298222
2,55,11.170123383455703
2,56,11.832993875358461
2,57,10.368764497818074
2,58,14.140141362639664
2,59,15.324463781149042
2,60,17.71067611840834
2,61,19.347072469029378
2,62,20.44982543970012
2,63,20.471051867158735
2,64,24.139154564667756
2,65,23.770509150721104
2,66,24.375498553827587
2,67,23.78829098398725
2,68,26.98865308382946
2,69,28.136527079657693
2,70,31.854422538684606
2,71,33.20659318284265
2,72,36.23804611312389
2,73,39.732979445607704
2,74,39.3344716048879
2,75,36.24398073079513
2,76,34.032171847622486
2,77,31.32338314149989
2,78,32.36358284917801
2,79,30.651508223493312
2,80,30.88877782589183
2,81,27.553495211331
2,82,26.451642339021586
2,83,22.84614957506271
2,84,24.081416412488885
2,85,23.897502001289748
2,86,20.14810893306113
2,87,19.49366778883742
2,88,17.879450329198022
2,89,20.680837399563206
2,90,20.726240631243126
2,91,19.996571619588707
2,92,20.263168774125873
2,93,19.080377493075517
2,94,15.57764094317246
2,95,12.425847411082364
2,96,13.24865679548188
2,97,10.090598252289045
2,98,9.199849678626878
2,99,12.972982273769267
2,100,13.172280282820658
2,101,10.694332387852173
2,102,12.439458401117069
2,103,15.67434546918403
2,104,15.221363404872758
2,105,14.826883927130442
2,106,18.365816259705493
3,1,6.2392221649904185
3,2,3.805078595573748
3,4,3.8111020433183893
3,5,5.0029826365753785
3,6,5.576953605576535
3,7,7.195059289035599
3,8,9.348545324051361
3,9,10.294749688818175
3,10,11.209850093058542
3,11,13.236159716168027
3,12,15.093987873434937
3,13,15.964630857431969
3,14,17.499640056871648
3,15,19.25212804896653
3,16,20.53369848186885
3,17,21.863866239565695
3,18,23.69376412696936
3,19,25.167934100740954
3,20,26.54045043370276
3,21,27.763045411811916
3,22,31.278928445529658
3,23,31.339865231433215
3,24,33.68089372126339
3,25,37.25834603504336
3,26,38.1626999852481
3,27,36.46285776709983
3,28,32.77899911604939
3,29,29.60728463395274
3,30,27.661829940375828
3,31,24.398072290883363
3,32,21.51626850812365
3,33,17.88308261227808
3,34,18.006395320243286
3,35,14.42603255455613
3,36,13.891726870167563
3,37,15.575029084031604
3,38,17.434843032380194
3,39,21.108832728054775
3,40,23.892785752042048
3,41,27.322384450759138
3,42,29.00097666858237
3,43,32.730980848347684
3,44,34.192571956672005
3,45,34.88153518908405
3,46,32.26902828509841
3,47,29.308786449597186
3,48,26.47565428213181
3,49,24.02323863695437
3,50,20.97392426240939
3,51,18.84489414801505
3,52,15.805415312556024
3,53,12.728900214330695
3,54,10.87863263207342
3,55,7.36953165468752
3,56,8.259775032010962
3,57,7.4390206202882005
3,58,11.25609450957951
3,59,11.925861256979177
3,60,14.587898720620078
3,61,16.41474148966466
3,62,17.116623914989745
3,63,16.960244419418125
3,64,20.57288960613571
3,65,20.16023473487292
3,66,20.659248345344956
3,67,20.144956903195585
3,68,23.41794274168127
3,69,24.69678594515245
3,70,28.43509944050776
3,71,29.822858200127573
3,72,32.97503151301734
3,73,36.429300010034126
3,74,36.174663066431435
3,75,33.07298355367429
3,76,30.997773985568188
3,77,28.210217874268256
3,78,29.299612139286463
3,79,27.741253883419976
3,80,27.76984386455754
3,81,24.34100500635748
3,82,23.15724169352208
3,83,19.556873640770768
3,84,20.95308223537424
3,85,20.549056419496733
3,86,16.754486699015683
3,87,16.52519408283678
3,88,15.322123209040782
3,89,18.204735798898344
3,90,18.83138441579352
3,91,18.142140320399417
3,92,19.07223465394919
3,93,18.390342844213663
3,94,15.182452354933611
3,95,11.615287150260666
3,96,12.968642411412523
3,97,10.386485076668961
3,98,8.125456036920342
3,99,11.466940117625729
3,100,12.467814052779492
3,101,9.824338355551763
3,102,10.392562923692624
3,103,14.032760365572445
3,104,14.007533163557385
3,105,12.874015743030899
3,106,16.172941679634107
4,1,8.901157648809113
4,2,5.464631023697239
4,3,3.8111020433183893
4,5,3.817554971768104
4,6,5.4260027251654215
4,7,5.314896314854048
4,8,6.583691292789939
4,9,8.74395368067621
4,10,9.930444299447862
4,11,10.942256639553147
4,12,12.781305196352017
4,13,14.447828434944734
4,14,15.698782865691072
4,15,16.87817375480202
4,16,18.556950438013782
4,17,20.210734042917863
4,18,21.575581173145377
4,19,22.915285088011874
4,20,24.738399029980584
4,21,26.06192088264645
4,22,29.49056675148916
4,23,29.436724267250813
4,24,31.986224051619224
4,25,35.428704856360106
4,26,36.268844100223774
4,27,34.50290662724399
4,28,30.922949930666345
4,29,27.638104281306276
4,30,25.465780549053168
4,31,22.404296066914664
4,32,19.223709830995773
4,33,15.572827688670058
4,34,15.657310734013818
4,35,11.916952568979756
4,36,12.312963856313399
4,37,14.373644357297207
4,38,16.035236091286073
4,39,19.701081475307202
4,40,22.565907094922945
4,41,25.736884781260926
4,42,27.623662984790727
4,43,31.347443658225433
4,44,32.64870425161142
4,45,33.566210713175494
4,46,31.243130069138253
4,47,28.50102400666105
4,48,25.5904990579447
4,49,23.584834984011344
4,50,20.754402717071976
4,51,19.25976840413606
4,52,16.412264750821354
4,53,12.962394852963866
4,54,11.928769246549889
4,55,8.168514869128636
4,56,9.685217263218483
4,57,10.147430727152688
4,58,13.810190392020578
4,59,14.070633010972784
4,60,17.156198885243164
4,61,19.005225164949632
4,62,19.060765751812824
4,63,18.787331279091166
4,64,22.15750662851379
4,65,21.333857861681334
4,66,21.161004188768494
4,67,20.027453045284606
4,68,22.935150822225978
4,69,23.637116191542145
4,70,27.24954928470908
4,71,28.29619150391376
4,72,31.25815014590023
4,73,34.699434606466205
4,74,34.11041607861
4,75,30.968973564872087
4,76,28.77269559026086
4,77,26.220556906709472
4,78,27.504974677224066
4,79,26.06171889964698
4,80,26.575946601558538
4,81,23.414683285651606
4,82,22.82208114389203
4,83,19.49211281677128
4,84,21.44619570577061
4,85,21.460230906932072
4,86,17.67477080605489
4,87,17.543062008700172
4,88,16.99347660177936
4,89,20.283236941487917
4,90,20.960893448220922
4,91,19.671978075737393
4,92,20.530373479705876
4,93,20.347212424820523
4,94,17.407243094110317
4,95,13.714696450823132
4,96,14.196063122756554
4,97,11.244338441899204
4,98,8.905851601224175
4,99,11.999972644358667
4,100,12.179330871107757
4,101,8.738468308254115
4,102,9.392183536569398
4,103,12.857209672527265
4,104,11.909970326897424
4,105,10.482641385376565
4,106,14.088333643863304
5,1,10.06015685033606
5,2,6.5542923202153665
5,3,5.0029826365753785
5,4,3.817554971768104
5,6,3.8067322160009747
5,7,5.695262287639656
5,8,5.7111256875443726
5,9,6.402674189153594
5,10,8.731965705816036
5,11,10.334207302401865
5,12,11.187754655202012
5,13,12.500174536953507
5,14,14.58672524355398
5,15,15.699935810337012
5,16,16.654762270613464
5,17,18.594983890437273
5,18,20.42104798809848
5,19,21.333939474118562
5,20,22.83571017341663
5,21,24.54231544591213
5,22,28.144375459752794
5,23,28.571591211983748
5,24,31.29060576919241
5,25,34.78002571422686
5,26,36.00887845565248
5,27,34.61456402802387
5,28,31.068341648619942
5,29,28.04217226395283
5,30,25.581009541056986
5,31,22.296170090087184
5,32,19.402201847896375
5,33,16.055146654600318
5,34,17.00863100578817
5,35,13.540376907007232
5,36,13.994220217195052
5,37,15.199621256469497
5,38,16.065764274523914
5,39,19.859963579129484
5,40,22.229561381869786
5,41,25.463273708630815
5,42,27.704532898705498
5,43,31.48793056465061
5,44,33.17916233126604
5,45,34.402116382616505
5,46,31.92214737913283
5,47,29.388762375150154
5,48,26.18679278680469
5,49,24.057660890176372
5,50,20.887165145788252
5,51,19.327484010815393
5,52,16.965073639983014
5,53,13.327145620561376
5,54,11.562176058778054
5,55,8.306578480449913
5,56,10.93394351427837
5,57,11.390770417157194
5,58,14.960688750824556
5,59,14.51165012254158
5,60,17.11597883390564
5,61,19.607557095832
5,62,19.748964647611764
5,63,18.764404369977964
5,64,22.22926004199368
5,65,21.972673166068507
5,66,21.855290310784543
5,67,21.115733807960805
5,68,24.15560352585512
5,69,24.955925095637603
5,70,28.511730044761
5,71,29.27575061574715
5,72,32.40825648355851
5,73,35.658352359289104
5,74,34.96239639760812
5,75,31.599032327393353
5,76,29.787584773210227
5,77,27.464121622921382
5,78,29.148160654276012
5,79,28.12188845995483
5,80,28.546431687409306
5,81,25.34663543793879
5,82,24.725244762782143
5,83,21.44693851833209
5,84,23.522247785591517
5,85,23.007036105136883
5,86,19.21441868028756
5,87,19.696638212974115
5,88,19.216267003697077
5,89,22.19931004267214
5,90,23.263193672820663
5,91,22.417461968519113
5,92,23.5742444407654
5,93,23.20552310351169
5,94,20.108325015195774
5,95,16.462743293015762
5,96,17.481871085723473
5,97,14.618549096006355
5,98,12.272608988141403
5,99,15.36623413668562
5,100,15.903555212016858
5,101,12.529809551924078
5,102,12.804546045719077
5,103,16.393116229151072
5,104,15.445195526312501
5,105,13.53218695254519
5,106,16.993057229544206
6,1,11.583835604500342
6,2,8.726311613466066
6,3,5.576953605576535
6,4,5.4260027251654215
6,5,3.8067322160009747
6,7,3.807212725997876
6,8,5.565927755590874
6,9,5.068314935964221
6,10,5.959359401621501
6,11,8.585644989241551
6,12,10.086870374791957
6,13,10.46623365869878
6,14,12.30947253403968
6,15,14.23740075249996
6,16,15.168051249521202
6,17,16.427690731655453
6,18,18.52154304503481
6,19,19.926177146035535
6,20,21.065532535106755
6,21,22.352097954196154
6,22,25.93843256334335
6,23,26.254970414475306
6,24,28.706756853433934
6,25,32.308551846516174
6,26,33.505427921471934
6,27,32.130277496016774
6,28,28.48970630333925
6,29,25.57167395307595
6,30,23.35370990092513
6,31,19.889622210578448
6,32,17.310419594085555
6,33,14.012452634720061
6,34,15.154068368309193
6,35,12.025469921213473
6,36,11.669831609487524
6,37,12.254917120157046
6,38,13.134519363119548
6,39,16.926125709480754
6,40,19.258185557316224
6,41,22.691153924759476
6,42,24.73984589566662
6,43,28.52600581591864
6,44,30.351996818181867
6,45,31.45961147324433
6,46,28.77737652392153
6,47,26.17825944318909
6,48,22.957377075347466
6,49,20.60482800291225
6,50,17.307715429155596
6,51,15.588898228502002
6,52,13.337520362407238
6,53,9.716096198744971
6,54,7.8063456765189
6,55,4.815754465279054
6,56,8.065300763919286
6,57,9.286559716231716
6,58,12.396258906969244
6,59,11.279950370997511
6,60,13.943739288961485
6,61,16.599954166878824
6,62,16.39126568872233
6,63,15.162361373432953
6,64,18.540756700826794
6,65,18.3546892764867
6,66,18.241222441984934
6,67,17.750898222785327
6,68,20.934331569549695
6,69,22.025375252143704
6,70,25.61730854067199
6,71,26.517292790699102
6,72,29.829932035846397
6,73,33.03793702959586
6,74,32.61191756360437
6,75,29.264453394691813
6,76,27.635252073599574
6,77,25.153253789826735
6,78,26.81767418059146
6,79,25.929425570754546
6,80,25.98897266203176
6,81,22.65146098994926
6,82,21.806678340296592
6,83,18.54415499948551
6,84,20.642110762801565
6,85,19.78485853319434
6,86,16.051346651678543
6,87,17.031653249416294
6,88,16.902710135149114
6,89,19.72808886711439
6,90,21.30428176953061
6,91,20.663682401374682
6,92,22.37934977616595
6,93,22.328923874124236
6,94,19.531849245372854
6,95,15.814529627625662
6,96,17.339865831290567
6,97,15.125025359889268
6,98,12.075392998247015
6,99,14.548377066885946
6,100,15.865972117393886
6,101,12.784283206949219
6,102,11.966768120744943
6,103,15.710019714475504
6,104,15.429797768317774
6,105,12.968073675532366
6,106,15.923131870526044
7,1,13.363649340097625
7,2,10.29310534702116
7,3,7.195059289035599
7,4,5.314896314854048
7,5,5.695262287639656
7,6,3.807212725997876
7,8,3.811643261964777
7,9,5.413807467445804
7,10,4.958511416426127
7,11,6.16838865726757
7,12,8.744348739293423
7,13,9.9023956310594
7,14,10.659958734818236
7,15,12.383986396163186
7,16,14.208975603157777
7,17,15.328774905013367
7,18,16.742884659913564
7,19,18.49899485696914
7,20,20.139303249788743
7,21,21.106553715545246
7,22,24.485826365905403
7,23,24.34458458036364
7,24,26.78133154350735
7,25,30.279703561498405
7,26,31.17072441854273
7,27,29.516065293148774
7,28,25.896689908002994
7,29,22.748103110818487
7,30,20.5811378465988
7,31,17.34273083903379
7,32,14.398032096489304
7,33,10.846686517596625
7,34,11.586784788697232
7,35,8.282439536864958
7,36,8.388570313249543
7,37,9.581149279658089
7,38,10.807318929534146
7,39,14.538737814599648
7,40,17.281342140861085
7,41,20.510627332061002
7,42,22.460254018732854
7,43,26.21513627217183
7,44,27.717345819730802
7,45,28.80633674910662
7,46,26.391684958757118
7,47,23.83385145389426
7,48,20.706745820449893
7,49,18.770759676394125
7,50,15.883851592324518
7,51,14.806472391184759
7,52,12.483058881452898
7,53,8.736222126401689
7,54,8.415377014417993
7,55,5.274850683698801
7,56,7.994102836273979
7,57,10.288873455382832
7,58,13.151512703708796
7,59,12.105109124546674
7,60,15.367230372184991
7,61,17.548379168855472
7,62,16.666970752397102
7,63,15.810236949094174
7,64,18.793736906610985
7,65,17.875398951271823
7,66,17.109966636067153
7,67,15.869358734526292
7,68,18.67714464469456
7,69,19.291445885922933
7,70,22.83122040839541
7,71,23.644589899486505
7,72,26.778986242875522
7,73,30.08018021895117
7,74,29.529793875912848
7,75,26.264528520959292
7,76,24.37633658651544
7,77,21.89232085611115
7,78,23.51639413288926
7,79,22.56961846960141
7,80,22.945886034914402
7,81,19.799831948362094
7,82,19.41193535129893
7,83,16.378646009908945
7,84,18.907122155569564
7,85,18.6045990513788
7,86,14.945588229330546
7,87,15.818559379465713
7,88,16.31264119739471
7,89,19.549954632584573
7,90,21.10173637248529
7,91,19.8488916920595
7,92,21.562945160417392
7,93,22.084968693231204
7,94,19.673872888495936
7,95,15.853663808752609
7,96,16.747541833577525
7,97,14.612787795201333
7,98,11.314096116663698
7,99,13.212848465592973
7,100,14.17210495488578
7,101,10.876783249081557
7,102,9.546693086023932
7,103,13.029008839067222
7,104,12.437144841017822
7,105,9.553770430416453
7,106,12.416742152329526
8,1,15.1341329511225
8,2,11.571122135292455
8,3,9.348545324051361
8,4,6.583691292789939
8,5,5.7111256875443726
8,6,5.565927755590874
8,7,3.811643261964777
8,9,3.8118253754807694
8,10,5.361857117904685
8,11,5.080276513517532
8,12,6.254489191014111
8,13,8.541001006705532
8,14,9.797654729453244
8,15,10.42906232488564
8,16,12.119731662081833
8,17,14.07973000163518
8,18,15.284451590495932
8,19,16.3739878933627
8,20,18.35502527849105
8,21,19.869402669677786
8,22,23.297914971142045
8,23,23.466793527150124
8,24,26.30997065464183
8,25,29.664938053694886
8,26,30.800547286422308
8,27,29.372868142031624
8,28,25.938057677384812
8,29,22.889955507753733
8,30,20.21572817120238
8,31,17.103559725885614
8,32,14.042573435523792
8,33,10.865451306806694
8,34,12.2665227776726
8,35,9.184127161143632
8,36,10.600358363507212
8,37,11.535402197957934
8,38,11.748821905363162
8,39,15.386218423498258
8,40,17.710488145764586
8,41,20.60877765107605
8,42,23.064765444918663
8,43,26.79989447790908
8,44,28.389532081767154
8,45,29.917383305603977
8,46,27.733784601671463
8,47,25.572489767692446
8,48,22.25712831141676
8,49,20.722400887894672
8,50,17.905557434595732
8,51,17.33645892292043
8,52,15.553085044303277
8,53,11.748046376420586
8,54,11.394168167756346
8,55,8.708056913922977
8,56,11.764891043615487
8,57,13.858255784084012
8,58,16.84894111670338
8,59,15.622970877400327
8,60,18.6612790705975
8,61,21.11522929551983
8,62,20.191930542903588
8,63,18.971349933927748
8,64,21.85183683809923
8,65,21.076089362515845
8,66,19.987414001189254
8,67,18.57491097668516
8,68,21.047587152468427
8,69,21.16463880882575
8,70,24.447928412714056
8,71,24.707179057390793
8,72,27.685117829842987
8,73,30.806520491570932
8,74,29.803070178368152
8,75,26.365294263356123
8,76,24.62156911161819
8,77,22.625111683441013
8,78,24.683933490975754
8,79,24.09502468011942
8,80,24.917098545683537
8,81,22.090259625767324
8,82,22.192548874430404
8,83,19.472284425951084
8,84,22.283909668588887
8,85,22.04377290680676
8,86,18.48693138060292
8,87,19.493901378331834
8,88,20.10108055573882
8,89,23.360829929711695
8,90,24.871833917190436
8,91,23.51785966547738
8,92,25.05858356481979
8,93,25.526848731070338
8,94,22.98520936726583
8,95,19.169011545617547
8,96,19.75331264345301
8,97,17.192922078542928
8,98,14.280545640899735
8,99,16.427153755966344
8,100,16.78990212103084
8,101,13.15403423938019
8,102,12.369432698281493
8,103,15.521440104654342
8,104,14.085802203955764
8,105,11.175278977492509
8,106,14.165084020898936
9,1,16.12528695179202
9,2,12.829380299840324
9,3,10.294749688818175
9,4,8.74395368067621
9,5,6.402674189153594
9,6,5.068314935964221
9,7,5.413807467445804
9,8,3.8118253754807694
9,10,3.804259848951509
9,11,5.456249530548749
9,12,5.3703819121452785
9,13,6.1110962257247445
9,14,8.588570016866464
9,15,9.820242569766101
9,16,10.386079235947422
9,17,12.23701017453071
9,18,14.299714076135162
9,19,15.200772486406343
9,20,16.47864587328984
9,21,18.18559124730097
9,22,21.82992907417313
9,23,22.483515158344122
9,24,25.302310522310286
9,25,28.78554736830965
9,26,30.296698155366812
9,27,29.25636060018682
9,28,25.80582437930218
9,29,23.11851768975492
9,30,20.390139337787264
9,31,16.95406995099292
9,32,14.523503637400957
9,33,11.830456539142425
9,34,14.028544423762508
9,35,11.523475628559838
9,36,12.185589651537704
9,37,11.989288833860453
9,38,11.444975165856789
9,39,15.113007732792228
9,40,16.836273147132534
9,41,19.94080191276931
9,42,22.57860997026667
9,43,26.344433267898026
9,44,28.39088103609546
9,45,30.063443327597987
9,46,27.586703787035077
9,47,25.54129391080616
9,48,22.012303194950988
9,49,20.166341292800134
9,50,16.958949981448356
9,51,16.147212408739083
9,52,14.8868747485287
9,53,11.153536454856471
9,54,10.030695853247396
9,55,8.290203595069219
9,56,11.972553832905929
9,57,13.998579979869618
9,58,16.683435924801525
9,59,14.807918049872546
9,60,17.303320379183848
9,61,20.25218386900885
9,62,19.388667414748063
9,63,17.520006964796288
9,64,20.4079646199503
9,65,20.24310849809057
9,66,19.35929901885495
9,67,18.565566303247124
9,68,21.265513630999717
9,69,21.75352236848174
9,70,24.99789374823163
9,71,25.171610854861694
9,72,28.400327570973843
9,73,31.314547245315318
9,74,30.444425776718393
9,75,26.86324200619839
9,76,25.600219800319046
9,77,23.68489904568316
9,78,25.97138920887575
9,79,25.730823700137147
9,80,26.173676467506173
9,81,23.21129406878002
9,82,23.021831651517353
9,83,20.30242307115968
9,84,23.015953854684323
9,85,22.147513736490257
9,86,18.667029862803105
9,87,20.24634176772802
9,88,20.84071156394721
9,89,23.70811084600874
9,90,25.618020040556868
9,91,24.771143428214017
9,92,26.671211586571516
9,93,26.980140774271543
9,94,24.358367728230128
9,95,20.582347744123012
9,96,21.791645753023065
9,97,19.450717003705904
9,98,16.36225499299845
9,99,18.525268243427327
9,100,19.47903595685833
9,101,16.05335011471063
9,102,14.94497281459224
9,103,18.33968458780631
9,104,17.39961597968766
9,105,14.326271267337978
9,106,17.00118188054155
10,1,17.40320976685037
10,2,14.431645505345532
10,3,11.209850093058542
10,4,9.930444299447862
10,5,8.731965705816036
10,6,5.959359401621501
10,7,4.958511416426127
10,8,5.361857117904685
10,9,3.804259848951509
10,11,3.79865966406231
10,12,5.693278744801515
10,13,5.307223376225022
10,14,6.40562226370935
10,15,8.85875150976106
10,16,10.021949983789076
10,17,10.725764548997178
10,18,12.719627147538562
10,19,14.52269970988246
10,20,15.63553990472246
10,21,16.57241207486028
10,22,20.079783874211227
10,23,20.297452041984144
10,24,22.77439285901009
10,25,26.3614272455303
10,26,27.635499266039787
10,27,26.416997281301803
10,28,22.832918390833672
10,29,20.102917535284924
10,30,17.717614849131625
10,31,14.153627901825804
10,32,11.892886884054919
10,33,9.115408297711678
10,34,11.337515602370065
10,35,9.316812381313353
10,36,9.228701749233387
10,37,8.386870757110476
10,38,7.88329934897243
10,39,11.627333202999493
10,40,13.600721738899377
10,41,16.9199700779139
10,42,19.255345376759994
10,43,23.045650538241603
10,44,25.058461520742178
10,45,26.545134937710145
10,46,23.958344861949715
10,47,21.806857233988783
10,48,18.30481695860662
10,49,16.38246738234671
10,50,13.211209981761055
10,51,12.568148692361468
10,52,11.461113112426435
10,53,7.806017373729236
10,54,7.565776355018496
10,55,6.6239300341574845
10,56,10.090170206201465
10,57,12.924252925272874
10,58,14.972706409456192
10,59,12.685406376370558
10,60,15.382985413025295
10,61,18.1177636993357
10,62,16.678403990709064
10,63,14.830752934937042
10,64,17.37816360910445
10,65,16.913875180272292
10,66,15.72755686045034
10,67,14.842522215012076
10,68,17.50800492598689
10,69,18.104372303782792
10,70,21.38155222121157
10,71,21.71711284563064
10,72,25.064685844593473
10,73,28.019291485488267
10,74,27.418953636333928
10,75,23.91639619461524
10,76,22.6755252910484
10,77,20.53411897889566
10,78,22.720316110290103
10,79,22.54118197676441
10,80,22.725225118599166
10,81,19.71248754818599
10,82,19.476387324926428
10,83,16.91314725658434
10,84,19.76200568505356
10,85,18.8316049537146
10,86,15.534560939052131
10,87,17.476571089592376
10,88,18.58754993777527
10,89,21.395295278814462
10,90,23.634908369914466
10,91,22.740806048622346
10,92,25.013140274762115
10,93,25.744582148971894
10,94,23.531998893390867
10,95,19.784654195226555
10,96,21.1053332291723
10,97,19.30945823673572
10,98,15.820253624842225
10,99,17.270417121212798
10,100,18.65170693069729
10,101,15.559343441473633
10,102,13.595727532577046
10,103,16.820510696031327
10,104,16.40444750369611
10,105,12.97826122650807
10,106,15.000576949944397
11,1,19.38565320872184
11,2,16.092096486820093
11,3,13.236159716168027
11,4,10.942256639553147
11,5,10.334207302401865
11,6,8.585644989241551
11,7,6.16838865726757
11,8,5.080276513517532
11,9,5.456249530548749
11,10,3.79865966406231
11,12,3.7970665308170783
11,13,5.458954729963815
11,14,5.053717953581554
11,15,6.279959854388378
11,16,8.653704540715053
11,17,9.758718882597357
11,18,10.678966700716613
11,19,12.481095705464273
11,20,14.419832771628938
11,21,15.348664790509504
11,22,18.63663277113961
11,23,18.546330791983454
11,24,21.280294694647274
11,25,24.662003647557054
11,26,25.76873410960993
11,27,24.396302179605595
11,28,20.948078056107725
11,29,18.02701305922655
11,30,15.324119507412988
11,31,12.080483761360462
11,32,9.245991471765683
11,33,6.441102162613293
11,34,8.932515309537912
11,35,7.189453374603716
11,36,8.522297420730446
11,37,8.130282970335498
11,38,7.195661593006365
11,39,10.628245634568058
11,40,12.739932671293278
11,41,15.540484005443776
11,42,18.102918634151326
11,43,21.824479990315705
11,44,23.540531477204365
11,45,25.277232764770503
11,46,23.12841900063669
11,47,21.282800204199198
11,48,17.820108136145024
11,49,16.63788314192979
11,50,14.070284007118635
11,51,14.356956926928008
11,52,13.443572887464402
11,53,9.9885245711527
11,54,10.820970092446922
11,55,9.559740735603755
11,56,12.540147067034754
11,57,15.614096192046254
11,58,17.73956217317346
11,59,15.715687830166747
11,60,18.69912369345036
11,61,21.1213600315979
11,62,19.349916593055884
11,63,17.792846049690375
11,64,19.98308854127895
11,65,18.990118872014467
11,66,17.172285713923845
11,67,15.515545033009017
11,68,17.525772301082498
11,69,17.31059516278313
11,70,20.32427660394684
11,71,20.21031071266128
11,72,23.258657344854207
11,73,26.19258979158805
11,74,25.1766803933654
11,75,21.637583490340823
11,76,20.219056043847853
11,77,18.40312815577173
11,78,20.83459650163395
11,79,20.831164203468596
11,80,21.60300372154795
11,81,19.018686247580945
11,82,19.510603856511096
11,83,17.387985925396798
11,84,20.65131628525136
11,85,20.287938733007277
11,86,17.17630371390464
11,87,18.92027935973282
11,88,20.420409071389514
11,89,23.525413325866005
11,90,25.60203993748971
11,91,24.20563504765517
11,92,26.294459047962953
11,93,27.352822866822223
11,94,25.31572718632577
11,95,21.53012716291113
11,96,22.247621830167542
11,97,20.296910838634087
11,98,16.934136792427104
11,99,18.150980833861357
11,100,18.93572804373268
11,101,15.652797079244115
11,102,13.719425381474283
11,103,16.421475945890442
11,104,15.359089654118769
11,105,11.739628417435238
11,106,13.550348761021654
12,1,21.028735554045692
12,2,17.548694687945922
12,3,15.093987873434937
12,4,12.781305196352017
12,5,11.187754655202012
12,6,10.086870374791957
12,7,8.744348739293423
12,8,6.254489191014111
12,9,5.3703819121452785
12,10,5.693278744801515
12,11,3.7970665308170783
12,13,3.796636840160144
12,14,5.08351395036909
12,15,4.664552767135084
12,16,5.901245984365248
12,17,8.28446094343818
12,18,9.506994837186681
12,19,10.200221365276496
12,20,12.15395037166905
12,21,13.930622894630636
12,22,17.399551342816217
12,23,17.995887030036446
12,24,21.13230774347411
12,25,24.393811867974712
12,26,25.971048724165776
12,27,25.076522313650475
12,28,21.874388911080853
12,29,19.34305005981211
12,30,16.179390823327957
12,31,13.033375509773855
12,32,10.69640057638821
12,33,8.969479559905594
12,34,12.011952588472731
12,35,10.653063375397283
12,36,12.291980056324538
12,37,11.543923851465264
12,38,9.718644348216348
12,39,12.721311469150345
12,40,13.91236506321709
12,41,16.36573106217251
12,42,19.454187878308108
12,43,23.072563608469892
12,44,25.085894487095985
12,45,27.2472145715639
12,46,25.18034773307374
12,47,23.744328550491055
12,48,20.127621301443472
12,49,19.103151226482172
12,50,16.45157662467174
12,51,16.848418623441848
12,52,16.420314853864955
12,53,13.010587231900004
12,54,13.190942034033263
12,55,12.1565781867923
12,56,15.561044435109109
12,57,18.308276880462437
12,58,20.595302285358677
12,59,18.374435074654386
12,60,20.986907663933348
12,61,23.786180120495228
12,62,22.18758561036329
12,63,20.184529207594743
12,64,22.39071030871218
12,65,21.84363047903262
12,66,20.07478569287146
12,67,18.703154900735495
12,68,20.610662467241756
12,69,20.273321207893392
12,70,23.004617774161407
12,71,22.421029046769878
12,72,25.383217747706123
12,73,27.999265427375835
12,74,26.660280659328635
12,75,22.95855170780889
12,76,21.96529132315724
12,77,20.681242808152575
12,78,23.489873188304994
12,79,23.87847378338482
12,80,24.78793861802986
12,81,22.39260896181624
12,82,23.001758874892438
12,83,21.00620829699194
12,84,24.267190262849468
12,85,23.670201655632127
12,86,20.593330890821157
12,87,22.505541018139073
12,88,23.86536453878586
12,89,26.853308703661973
12,90,28.980342475175828
12,91,27.754580756344556
12,92,29.80198278708337
12,93,30.64462439837065
12,94,28.377386690508736
12,95,24.564600449156284
12,96,25.36298363828575
12,97,23.12311584581104
12,98,19.936845961500055
12,99,21.5325430041041
12,100,22.171478575769605
12,101,18.69159513523553
12,102,17.163022305760904
12,103,19.935668307082985
12,104,18.549644615116257
12,105,15.073833545029867
12,106,17.052510222931044
13,1,21.98530547067976
13,2,18.827083004409126
13,3,15.964630857431969
13,4,14.447828434944734
13,5,12.500174536953507
13,6,10.46623365869878
13,7,9.9023956310594
13,8,8.541001006705532
13,9,6.1110962257247445
13,10,5.307223376225022
13,11,5.458954729963815
13,12,3.796636840160144
13,14,3.8050690345672944
13,15,5.45952129886045
13,16,5.004754088259346
13,17,6.182857790189038
13,18,8.773799896432294
13,19,9.839815484953148
13,20,10.600632549716643
13,21,12.127677731633398
13,22,15.819443452090962
13,23,16.74504148270601
13,24,19.619241682651133
13,25,23.090966539929422
13,26,24.927703400777755
13,27,24.333431130542387
13,28,21.051984105474062
13,29,18.899657088090525
13,30,15.975916839786741
13,31,12.465164022215715
13,32,11.046246788831002
13,33,9.818215864834839
13,34,13.211456772596053
13,35,12.337554377945219
13,36,12.950243187959444
13,37,11.17198301343292
13,38,8.750816452000791
13,39,11.607045185717972
13,40,12.174052245452156
13,41,14.968992132175277
13,42,18.036232145152745
13,43,21.670258374375777
13,44,24.120377580867277
13,45,26.264049225731256
13,46,23.84167945611149
13,47,22.443893067664554
13,48,18.69613098738348
13,49,17.312077221398006
13,50,14.349229509680855
13,51,14.596453510361245
13,52,14.780440176727689
13,53,11.729718579851967
13,54,11.625944494883631
13,55,11.676867494751889
13,56,15.168007982094553
13,57,17.97571871287065
13,58,19.762272451589073
13,59,17.00266808627405
13,60,19.134000809255237
13,61,22.16330065387042
13,62,20.45499127935067
13,63,17.969073643162552
13,64,19.95759122247427
13,65,19.865159297220785
13,66,18.225193411178672
13,67,17.448040444258243
13,68,19.528039244993188
13,69,19.648500862309707
13,70,22.34458826057458
13,71,21.837749298646045
13,72,25.080624816660784
13,73,27.52075543835205
13,74,26.51521384037433
13,75,22.77677141775666
13,76,22.245701800532995
13,77,20.873184585736904
13,78,23.721482995533922
13,79,24.353725230886592
13,80,24.746782740337586
13,81,22.195725359714345
13,82,22.44585810044863
13,83,20.503346925733233
13,84,23.613964081905017
13,85,22.467016129310274
13,86,19.593877227630745
13,87,22.01665246603363
13,88,23.46812515618735
13,89,26.066727717659937
13,90,28.57499101657571
13,91,27.76216685081523
13,92,30.18066647730389
13,93,31.00597910701738
13,94,28.81867995631747
13,95,25.08122584229607
13,96,26.386143292180574
13,97,24.484867066874852
13,98,21.06353851146849
13,99,22.48483526061492
13,100,23.70625094882364
13,101,20.48059433659483
13,102,18.539118034063836
13,103,21.493271910889533
13,104,20.705933178842773
13,105,17.09791834482109
13,106,18.75969606012282
14,1,23.711136088396973
14,2,20.58151354123058
14,3,17.499640056871648
14,4,15.698782865691072
14,5,14.58672524355398
14,6,12.30947253403968
14,7,10.659958734818236
14,8,9.797654729453244
14,9,8.588570016866464
14,10,6.40562226370935
14,11,5.053717953581554
14,12,5.08351395036909
14,13,3.8050690345672944
14,15,3.8082733356184595
14,16,5.3585601182951885
14,17,4.931978503083631
14,18,6.3654347175617625
14,19,8.726241120748764
14,20,9.969594651011782
14,21,10.46740062162063
14,22,13.8351142374169
14,23,14.01444935326149
14,24,16.753441847731096
14,25,20.23278782828111
14,26,21.722011623742535
14,27,20.838565924347627
14,28,17.479432173191928
14,29,15.157338272071057
14,30,12.292334765512589
14,31,8.747911601302672
14,32,7.31488169068746
14,33,6.587368290188989
14,34,10.257274381870314
14,35,10.330683271083606
14,36,10.99663825566798
14,37,8.827058975197607
14,38,5.767476891057797
14,39,8.160805263866433
14,40,8.896255245937303
14,41,11.570294874571502
14,42,14.596112861798131
14,43,18.25034586009082
14,44,20.503321797210745
14,45,22.671391407725682
14,46,20.432382028731993
14,47,19.173637207364813
14,48,15.463486684153812
14,49,14.569259164729086
14,50,12.135059131622551
14,51,13.240610822590586
14,52,13.717450420207657
14,53,11.076197918031488
14,54,12.19147854483721
14,55,12.462118807462094
14,56,15.411586312247504
14,57,18.729620925299095
14,58,20.150148346084308
14,59,17.383701481312645
14,60,19.802790207730997
14,61,22.4090154890867
14,62,20.14817449910937
14,63,17.959847954261694
14,64,19.43289240759868
14,65,18.753347778950683
14,66,16.493615107458677
14,67,15.1712573029389
14,68,16.710914532707978
14,69,16.375072334424306
14,70,18.862059653082586
14,71,18.156619359516853
14,72,21.325049892414146
14,73,23.774864065192084
14,74,22.74306475826027
14,75,19.02154205470434
14,76,18.447838133381023
14,77,17.121486929420048
14,78,20.07106418630886
14,79,20.92477470923664
14,80,21.439443295394273
14,81,19.169718923356562
14,82,19.83910296191581
14,83,18.3704887262772
14,84,21.759426730953106
14,85,20.92055123912101
14,86,18.38213750376264
14,87,20.89502700863802
14,88,22.88968327602205
14,89,25.570739958653995
14,90,28.166996296309446
14,91,27.05088526733194
14,92,29.58754569925488
14,93,30.86540032181625
14,94,29.066120224715064
14,95,25.370020480680413
14,96,26.417378362084378
14,97,24.813610102608372
14,98,21.262766822754973
14,99,22.09228234620522
14,100,23.274350417394906
14,101,20.25544680657791
14,102,17.853517956485323
14,103,20.33029363485896
14,104,19.624315297436233
14,105,15.84972482232381
14,106,16.814857260208665
15,1,25.329604467865234
15,2,21.90444133713891
15,3,19.25212804896653
15,4,16.87817375480202
15,5,15.699935810337012
15,6,14.23740075249996
15,7,12.383986396163186
15,8,10.42906232488564
15,9,9.820242569766101
15,10,8.85875150976106
15,11,6.279959854388378
15,12,4.664552767135084
15,13,5.45952129886045
15,14,3.8082733356184595
15,16,3.800347005006454
15,17,5.272465405884913
15,18,5.054211209423905
15,19,6.2619468543922645
15,20,8.763529079886789
15,21,10.019435774495628
15,22,13.183164033698176
15,23,13.544968197030116
15,24,16.824215862550012
15,25,19.930104455580583
15,26,21.53023994824357
15,27,20.785522262445017
15,28,17.792449516026057
15,29,15.544160300630114
15,30,12.112076573853667
15,31,9.260520011002848
15,32,7.561579732370005
15,33,7.567001193805184
15,34,11.184782097675397
15,35,11.362667508949462
15,36,13.114852373201755
15,37,11.636458583591399
15,38,8.767347342577045
15,39,10.529454389080305
15,40,10.926902719778797
15,41,12.628460873495902
15,42,16.023154495340133
15,43,19.419089027725246
15,44,21.45691742053713
15,45,24.00179189327485
15,46,22.252571178403468
15,47,21.41331091475003
15,48,17.825599972126426
15,49,17.54380651790965
15,50,15.538868886633146
15,51,16.944799867930275
15,52,17.326334844683995
15,53,14.543946031073357
15,54,15.603497179324581
15,55,15.300181492391498
15,56,18.354350695260766
15,57,21.558486960852466
15,58,23.340803801422684
15,59,20.80990675093206
15,60,23.36165453788141
15,61,25.977854604382056
15,62,23.79769380485527
15,63,21.710291572437267
15,64,23.228289834538614
15,65,22.431892569944097
15,66,20.022635998441462
15,67,18.356607543024936
15,68,19.498113132626873
15,69,18.558156489687168
15,70,20.69621912324077
15,71,19.4559019608
15,72,22.20106436008653
15,73,24.457219285675002
15,74,22.8470804549796
15,75,19.07061631804417
15,76,18.51198241779486
15,77,17.812155540412803
15,78,21.04225887433325
15,79,22.097986519202237
15,80,23.19023178828984
15,81,21.331353461433856
15,82,22.498986094095432
15,83,21.231562576579766
15,84,24.77588602231547
15,85,24.27505372484684
15,86,21.710115914171435
15,87,23.96302844189864
15,88,25.933176744546248
15,89,28.832489101320604
15,90,31.22009068613622
15,91,29.841832536978032
15,92,32.12541622774482
15,93,33.40864266383342
15,94,31.51184613580905
15,95,27.748158527233244
15,96,28.426800286814167
15,97,26.492557851436704
15,98,23.161727037093396
15,99,24.17914721736357
15,100,24.845123419619917
15,101,21.57853775699757
15,102,19.562481772586633
15,103,21.810666740754694
15,104,20.47385759584308
15,105,16.810349971984685
15,106,17.892539144166015
16,1,26.492800064934226
16,2,23.129934608871412
16,3,20.53369848186885
16,4,18.556950438013782
16,5,16.654762270613464
16,6,15.168051249521202
16,7,14.208975603157777
16,8,12.119731662081833
16,9,10.386079235947422
16,10,10.021949983789076
16,11,8.653704540715053
16,12,5.901245984365248
16,13,5.004754088259346
16,14,5.3585601182951885
16,15,3.800347005006454
16,17,3.804946874358157
16,18,5.44389582091581
16,19,5.043433399670376
16,20,6.306184183876676
16,21,8.639664451823585
16,22,12.191125142358175
16,23,13.603975907972957
16,24,16.973253076769975
16,25,20.07581205012754
16,26,22.26277971939662
16,27,22.13338690637338
16,28,19.32927806623192
16,29,17.67192738759824
16,30,14.266603268390753
16,31,11.383503087678953
16,32,10.674924145189912
16,33,10.995048512941677
16,34,14.726023007802546
16,35,14.757619915542936
16,36,16.082635583252863
16,37,14.172460028601764
16,38,10.998229162526382
16,39,12.64971093394155
16,40,12.14767334048617
16,41,13.822704540736511
16,42,17.42884652886311
16,43,20.69473633410343
16,44,23.20599252114429
16,45,25.932184527630795
16,46,23.978372134254734
16,47,23.340663298127343
16,48,19.635111795140674
16,49,19.088819362134227
16,50,16.771665382299076
16,51,17.920338184326358
16,52,18.716561526909246
16,53,16.024499219175553
16,54,16.415642772133754
16,55,16.551892205711056
16,56,19.922616301725316
16,57,22.8800303025399
16,58,24.607781564786023
16,59,21.779662778202432
16,60,23.855002445611873
16,61,26.82743111908503
16,62,24.831751990416006
16,63,22.265712324838724
16,64,23.783106425428855
16,65,23.573595296490712
16,66,21.434207368371197
16,67,20.354397398247002
16,68,21.706390980221265
16,69,21.12412855586523
16,70,23.172443416667388
16,71,21.84107779088537
16,72,24.699816760168595
16,73,26.65062436883685
16,74,25.10514931126366
16,75,21.283933274792382
16,76,21.266102407265734
16,77,20.75104839096768
16,78,24.081996735904898
16,79,25.347781254410165
16,80,26.15652457654971
16,81,24.194927810019216
16,82,25.071947345066448
16,83,23.72092605641571
16,84,27.10315893814466
16,85,26.139805045655493
16,86,23.590378682154167
16,87,26.122830585839136
16,88,27.91572958604415
16,89,30.56174890811447
16,90,33.128087199461426
16,91,32.1092705570135
16,92,34.52365155586788
16,93,35.56858405967195
16,94,33.486378298106025
16,95,29.722141018720315
