1,2,3.7849861689498447
1,3,6.963742912372191
1,4,9.607647040959167
1,5,13.210607875517148
1,6,16.084470603660037
1,7,19.67819558736564
1,8,22.347821728479644
1,9,25.71152801446128
1,10,27.83146612748831
1,11,31.573106651759623
1,12,31.39664725174938
1,13,27.76131589061974
1,14,26.04031312000154
1,15,23.04235244408482
1,16,19.295836465032156
1,17,16.250864550648963
1,18,12.455446131559789
1,19,9.583701231266357
1,20,5.844686899977042
1,21,4.886763723054952
1,22,4.528122862065227
1,23,7.46704857697949
1,24,10.199451902858003
1,25,12.318101609378278
1,26,10.412036996798797
1,27,10.040222281138549
1,28,13.722733906066264
1,29,14.787364316292871
1,30,13.679251753298479
1,31,15.442910432524688
1,32,18.42356995168928
1,33,18.819603681953158
1,34,18.913045134732013
1,35,21.326406678006716
1,36,23.37784529489856
1,37,23.777500905985093
1,38,25.26879381316945
1,39,27.660998373819414
1,40,26.328087957841138
1,41,27.57260637048058
1,42,26.67837605316101
1,43,25.601489435341154
1,44,21.9518626326306
1,45,21.02061669826205
1,46,17.943718882181432
1,47,17.945251258287296
1,48,15.669196263377438
1,49,17.052431228785082
1,50,15.484013526422213
1,51,12.677964695605262
1,52,15.214948765227263
1,53,16.508978983755156
1,54,20.094557538919965
1,55,22.279445424063795
1,56,25.947125162376935
1,57,29.100840902554403
1,58,32.58933021733735
2,1,3.7849861689498447
2,3,3.778278920999317
2,4,6.686118282604778
2,5,10.2191505430413
2,6,13.508580901061727
2,7,16.858630728192992
2,8,19.871880764082274
2,9,23.07009397062195
2,10,25.517321909552297
2,11,29.253024946945956
2,12,29.129582551885303
2,13,25.54177810263974
2,14,23.448431201014454
2,15,20.34263019827288
2,16,16.625610781907007
2,17,13.969409765148589
2,18,10.208150870643731
2,19,8.248841780404277
2,20,5.274256927286235
2,21,5.716375777539826
2,22,6.47717619808144
2,23,7.638488783496423
2,24,9.196982342294417
2,25,12.219021229495967
2,26,10.985322467821046
2,27,9.441995892919332
2,28,12.888065759359646
2,29,14.787040848070573
2,30,13.530770938937005
2,31,14.366718155145623
2,32,17.661875533282274
2,33,18.545925676602575
2,34,18.09478675791361
2,35,20.09186460560191
2,36,22.633253950106173
2,37,23.172007138978735
2,38,24.115428120284783
2,39,26.55426907504231
2,40,24.858634913154177
2,41,26.178319196131046
2,42,24.951315152525638
2,43,23.75604975397794
2,44,20.09867291796551
2,45,18.801293666268943
2,46,15.560366120624188
2,47,15.062375991349795
2,48,12.956278821291468
2,49,13.889647279571921
2,50,11.970552787238105
2,51,9.473484187143196
2,52,12.107681240036241
2,53,13.992767670752466
2,54,17.514721184497166
2,55,20.100417524302138
2,56,23.599318200100562
2,57,26.93108855419465
2,58,30.315092936764234
3,1,6.963742912372191
3,2,3.778278920999317
3,4,3.795155506949233
3,5,6.763729535690324
3,6,10.172212491113683
3,7,13.418658595718327
3,8,16.463584656440204
3,9,19.70616739007967
3,10,22.179269430207583
3,11,25.873930252131323
3,12,25.59457570644085
3,13,21.988106273070347
3,14,19.80028104324065
3,15,16.61206367037779
3,16,12.892120898838698
3,17,10.332197623100509
3,18,6.65918467402018
3,19,5.660225538898227
3,20,4.436474490554659
3,21,6.602398714162654
3,22,8.885975634954077
3,23,9.143813273709766
3,24,9.232508755217337
3,25,12.370239691512937
3,26,11.154780744999904
3,27,8.43342664685143
3,28,11.533374208836841
3,29,13.711761241729045
3,30,11.93298379769258
3,31,11.993972608300682
3,32,15.58556608462757
3,33,16.546683759259146
3,34,15.484653308777707
3,35,17.28691124260134
3,36,20.176745492384065
3,37,20.597135619177585
3,38,21.12395675894881
3,39,23.703270818203162
3,40,21.933749232134915
3,41,23.531236502684674
3,42,22.330328882732402
3,43,21.418808414182195
3,44,17.945598615682318
3,45,16.828936077087597
3,46,13.88008036918154
3,47,13.450448050939444
3,48,12.229255244528497
3,49,13.03024570592371
3,50,10.282676321133513
3,51,7.811264097774531
3,52,9.519267573044084
3,53,11.490012066617563
3,54,14.683549755886908
3,55,17.271224352698596
3,56,20.66758272534274
3,57,23.94715309840236
3,58,27.362786591230954
4,1,9.607647040959167
4,2,6.686118282604778
4,3,3.795155506949233
4,5,3.7902827283686955
4,6,6.924778992740831
4,7,10.245365259070809
4,8,13.291971897625627
4,9,16.400946218867936
4,10,18.93511661594658
4,11,22.669857745860135
4,12,22.748897426953892
4,13,19.296976716070997
4,14,17.10210280336159
4,15,14.271444893848747
4,16,10.714874794500794
4,17,8.729138887022035
4,18,5.657774789369992
4,19,5.472432721670046
4,20,6.187081032077946
4,21,7.461154149982258
4,22,9.879275181524488
4,23,8.718514549418597
4,24,7.253438116921619
4,25,10.38940672509483
4,26,9.913153998047072
4,27,6.580719704953831
4,28,8.747552689512851
4,29,11.563842534323024
4,30,10.244259456188297
4,31,9.394811067735148
4,32,12.817263238493291
4,33,14.44427163768978
4,34,13.427748138771806
4,35,14.57545746068783
4,36,17.596080555614833
4,37,18.525997091765305
4,38,18.789555567298216
4,39,21.020903141039312
4,40,18.88347685250511
4,41,20.213520305554965
4,42,18.753044394710095
4,43,17.686721327548952
4,44,14.212433243671835
4,45,13.085139050039892
4,46,10.305703311445606
4,47,10.2745092414849
4,48,9.759814814378505
4,49,11.116203893043522
4,50,8.316858227225831
4,51,5.2248444814068264
4,52,6.066308849702955
4,53,7.696826387280876
4,54,10.965630721934101
4,55,13.622288997836149
4,56,17.019700183163064
4,57,20.37883362248066
4,58,23.73710443026448
5,1,13.210607875517148
5,2,10.2191505430413
5,3,6.763729535690324
5,4,3.7902827283686955
5,6,3.7938883101343954
5,7,6.67673265399199
5,8,9.930814103177113
5,9,12.988567193680595
5,10,15.675166439669571
5,11,19.343544107744037
5,12,19.31179444608957
5,13,15.904275793388438
5,14,13.458484528647459
5,15,10.590718299871044
5,16,7.163408832103973
5,17,6.063992612708825
5,18,4.548068076085065
5,19,6.6413851803615565
5,20,8.942175876728994
5,21,10.772902228953129
5,22,13.515650627335646
5,23,12.118560946319931
5,24,9.88714045230205
5,25,12.582372198209606
5,26,12.325585093188069
5,27,8.607619305375971
5,28,9.573987435269121
5,29,12.448847086898244
5,30,10.838941603045434
5,31,8.75156130087084
5,32,12.130561788876276
5,33,13.930841047949261
5,34,12.143184989268757
5,35,12.662903209462879
5,36,16.121479006309706
5,37,16.989934615629895
5,38,16.54496857540811
5,39,18.82479001647946
5,40,16.48283216396076
5,41,18.098252483356987
5,42,16.569891581034216
5,43,15.843280830186092
5,44,12.788087917209292
5,45,11.877310192509555
5,46,9.804712391069911
5,47,9.803663051199056
5,48,10.637376930507603
5,49,11.57688886649563
5,50,8.240830434217306
5,51,6.18024326353964
5,52,4.6211923734748535
5,53,6.163426170074139
5,54,8.44515486829072
5,55,11.157920989792938
5,56,14.249160497489141
5,57,17.558067383686147
5,58,20.880481818222787
6,1,16.084470603660037
6,2,13.508580901061727
6,3,10.172212491113683
6,4,6.924778992740831
6,5,3.7938883101343954
6,7,3.79501302960955
6,8,6.3730011313397945
6,9,9.660881306032888
6,10,12.045978809676345
6,11,15.765247469944448
6,12,15.879615001226604
6,13,12.551466880979362
6,14,10.437210938270074
6,15,8.212321266152985
6,16,5.372168178275908
6,17,5.324423679555897
6,18,5.946543361890741
6,19,8.16648792234009
6,20,11.281220336093515
6,21,12.782568455585066
6,22,15.696904589022669
6,23,13.967893337406275
6,24,11.118942631532638
6,25,12.906065722393242
6,26,12.813541009538696
6,27,9.17026041061409
6,28,8.747379868274347
6,29,11.35116742381529
6,30,9.91772189039599
6,31,6.7842568502523335
6,32,9.600849261592856
6,33,11.690185871591037
6,34,9.685148926117401
6,35,9.373185889685574
6,36,12.972149636871084
6,37,14.11601742434621
6,38,13.301048335778134
6,39,15.306804342139582
6,40,12.772866151308852
6,41,14.425695292562002
6,42,12.995644011783883
6,43,12.700558455273388
6,44,10.09288755698691
6,45,10.041552940691249
6,46,9.192596546680866
6,47,10.248986981176367
6,48,12.118976653401118
6,49,13.526508901153896
6,50,10.575580990148648
6,51,8.622684561895875
6,52,5.601991553173445
6,53,4.817276230665847
6,54,5.715368194698128
6,55,7.698247580793166
6,56,10.831725293022279
6,57,13.941609955479372
6,58,17.39415344229992
7,1,19.67819558736564
7,2,16.858630728192992
7,3,13.418658595718327
7,4,10.245365259070809
7,5,6.67673265399199
7,6,3.79501302960955
7,8,3.797245968294179
7,9,6.360107013930603
7,10,9.336158527427513
7,11,12.884875583646151
7,12,13.161107305219392
7,13,10.194828159999677
7,14,7.462528673994999
7,15,5.78540954078216
7,16,4.639180588251891
7,17,7.001990709348794
7,18,8.973174356614471
7,19,11.766758692105599
7,20,14.948748371350623
7,21,16.549561222122886
7,22,19.362050798351277
7,23,17.401046094064025
7,24,14.296843796065174
7,25,15.99786433031187
7,26,16.31764096419815
7,27,12.805820221310913
7,28,11.78509686924535
7,29,14.344003075707759
7,30,13.148277676899292
7,31,9.614396667401794
7,32,11.58668674901421
7,33,13.83586341559611
7,34,11.47698635162808
7,35,10.086783257427467
7,36,13.776184728224395
7,37,15.001562774721648
7,38,13.239678726656006
7,39,14.916108397353323
7,40,11.98215921559748
7,41,13.646308997001826
7,42,11.867117699175708
7,43,11.777626817846233
7,44,10.038447058269853
7,45,9.962734051896884
7,46,10.029561886726583
7,47,10.749848720359934
7,48,13.48487148098362
7,49,14.349747688118391
7,50,11.51572399936948
7,51,10.675230741935632
7,52,7.000652226635807
7,53,6.245505567630645
7,54,4.704259369924739
7,55,6.5425662978656955
7,56,8.546298376082023
7,57,11.616816541378864
7,58,14.773276572754659
8,1,22.347821728479644
8,2,19.871880764082274
8,3,16.463584656440204
8,4,13.291971897625627
8,5,9.930814103177113
8,6,6.3730011313397945
8,7,3.797245968294179
8,9,3.802368741765775
8,10,5.770426229374555
8,11,9.424251449378527
8,12,9.715543300679338
8,13,6.852730146309789
8,14,5.010359339849654
8,15,5.234823066958912
8,16,5.962212107667497
8,17,8.480157938440893
8,18,11.220424326849374
8,19,13.754371399652154
8,20,17.25633819745358
8,21,18.728801374901593
8,22,21.692723778113606
8,23,19.745207937525446
8,24,16.526494128840188
8,25,17.493516757887857
8,26,17.689025772496194
8,27,14.455264504769326
8,28,12.770454576549215
8,29,14.613770473638755
8,30,13.51646752413561
8,31,9.782885557521166
8,32,10.714875277522044
8,33,12.736258842028828
8,34,10.273775068895889
8,35,7.924342888306289
8,36,11.382374735864717
8,37,12.661101392737972
8,38,10.331616177099773
8,39,11.604981637056904
8,40,8.587668111458903
8,41,10.532133900502984
8,42,9.235718793643587
8,43,10.212889488651035
8,44,9.602350005220435
8,45,10.781921085551154
8,46,12.020097735793735
8,47,13.512959354542762
8,48,16.50452343501131
8,49,17.717706572400466
8,50,15.149181995276992
8,51,14.085744363602217
8,52,10.373505324701027
8,53,8.511195215640463
8,54,5.834266377395392
8,55,5.151302261967406
8,56,6.39486282282527
8,57,8.613499885091402
8,58,11.995455842166285
9,1,25.71152801446128
9,2,23.07009397062195
9,3,19.70616739007967
9,4,16.400946218867936
9,5,12.988567193680595
9,6,9.660881306032888
9,7,6.360107013930603
9,8,3.802368741765775
9,10,3.7972384362154368
9,11,6.877597777582662
9,12,8.18306859174372
9,13,6.766700506051453
9,14,4.931283434122511
9,15,7.00022709858695
9,16,9.005453086064028
9,17,12.053473256540983
9,18,14.817570821661665
9,19,17.435676836544957
9,20,20.83606060089745
9,21,22.156116505053763
9,22,24.912503157900698
9,23,22.648387962834473
9,24,19.208108110502202
9,25,20.103877756613308
9,26,20.7788728037786
9,27,17.714790303828412
9,28,15.642811273510377
9,29,17.60211580038974
9,30,16.962952984265872
9,31,13.189785511432373
9,32,13.488225670507505
9,33,15.756986222547964
9,34,13.573720098786268
9,35,10.642187841414728
9,36,13.540446056681901
9,37,15.113572461664065
9,38,12.311735829213022
9,39,12.70823930285759
9,40,9.38460685851795
9,41,10.590787884936333
9,42,8.731415560755206
9,43,9.665983142392962
9,44,10.188762254855241
9,45,11.21335602487495
9,46,13.17667625343423
9,47,14.462132267852178
9,48,17.90963892873259
9,49,18.852497587333804
9,50,16.699874305656945
9,51,16.260053874123233
9,52,12.43074252298504
9,53,10.630159536976514
9,54,7.080667905661087
9,55,5.9705827252953805
9,56,4.659777064546823
9,57,6.3607850883012995
9,58,9.028658797696819
10,1,27.83146612748831
10,2,25.517321909552297
10,3,22.179269430207583
10,4,18.93511661594658
10,5,15.675166439669571
10,6,12.045978809676345
10,7,9.336158527427513
10,8,5.770426229374555
10,9,3.7972384362154368
10,11,3.766520725914157
10,12,5.353420832872942
10,13,4.867787069061798
10,14,5.535294168255903
10,15,8.696965394187938
10,16,11.068395287768992
10,17,13.724619655090324
10,18,16.762188261768713
10,19,19.102245820014325
10,20,22.677381207565965
10,21,23.919808607986
10,22,26.813673307193106
10,23,24.684304663133965
10,24,21.288468623634458
10,25,21.616679015906364
10,26,22.038322212163287
10,27,19.24432881484547
10,28,16.88408669578622
10,29,18.12032736670634
10,30,17.507866207927385
10,31,13.90494018712855
10,32,13.400066424663537
10,33,15.175657932945496
10,34,13.120844436929533
10,35,9.754328427880193
10,36,11.877067420106206
10,37,13.3313441287242
10,38,10.178445741552844
10,39,9.86868649629859
10,40,6.83402931070815
10,41,8.247623293618256
10,42,7.494293466842092
10,43,9.813911511713066
10,44,11.32688974651624
10,45,13.355382861793473
10,46,15.806676511056322
10,47,17.643562897288604
10,48,21.023453047270085
10,49,22.309714869577594
10,50,20.186004683966917
10,51,19.35729165622097
10,52,15.571420294033567
10,53,13.24035838078203
10,54,9.809181726216504
10,55,7.293958432761124
10,56,5.487643999219003
10,57,4.700525011937835
10,58,7.50876259510057
11,1,31.573106651759623
11,2,29.253024946945956
11,3,25.873930252131323
11,4,22.669857745860135
11,5,19.343544107744037
11,6,15.765247469944448
11,7,12.884875583646151
11,8,9.424251449378527
11,9,6.877597777582662
11,10,3.766520725914157
11,12,3.8121995520658993
11,13,6.102903612912316
11,14,7.686373018024754
11,15,11.36813891019532
11,16,14.283902427094526
11,17,17.091551088933986
11,18,20.318315726133847
11,19,22.733126517528742
11,20,26.357129211384
11,21,27.642089607720408
11,22,30.551933424144
11,23,28.405515500298115
11,24,24.979563754255683
11,25,25.17435235896899
11,26,25.634542558505878
11,27,22.93906223575688
11,28,20.47550674176444
11,29,21.50256027822214
11,30,20.948993589306426
11,31,17.451140419599746
11,32,16.621087502947898
11,33,18.12888670626651
11,34,16.145796536724863
11,35,12.737435160318974
11,36,14.196497710045554
11,37,15.399248032651967
11,38,11.978883613541988
11,39,11.009911563066641
11,40,8.73518123034514
11,41,9.717781037697952
11,42,9.499576721399308
11,43,12.098302827425066
11,44,14.348204522395289
11,45,16.433108728773963
11,46,19.161182044368108
11,47,20.920716955152795
11,48,24.430418379087524
11,49,25.57834222545418
11,50,23.564473467656626
11,51,22.967151263110324
11,52,19.156559571087236
11,53,16.888702964844054
11,54,13.330471018332323
11,55,10.74652001460066
11,56,8.152109847516368
11,57,5.755320807472773
11,58,6.703432637026225
12,1,31.39664725174938
12,2,29.129582551885303
12,3,25.59457570644085
12,4,22.748897426953892
12,5,19.31179444608957
12,6,15.879615001226604
12,7,13.161107305219392
12,8,9.715543300679338
12,9,8.18306859174372
12,10,5.353420832872942
12,11,3.8121995520658993
12,13,3.8235350572567053
12,14,6.440622098808152
12,15,10.038398770251275
12,16,13.26516174603648
12,17,15.975142923349354
12,18,19.533689103709623
12,19,22.14057413246206
12,20,25.896404337684913
12,21,27.608423912313608
12,22,30.807994609923686
12,23,29.072252057595183
12,24,25.887855098662303
12,25,26.25201463100402
12,26,26.191838452938697
12,27,23.286846774965483
12,28,21.284463620906795
12,29,22.06329741849886
12,30,20.871479907270825
12,31,17.541542066337307
12,32,17.15606747701484
12,33,17.98605135350709
12,34,15.433061522962337
12,35,12.556089834761698
12,36,14.173051388601973
12,37,14.413215403081495
12,38,10.65218921111448
12,39,10.572248663551782
12,40,9.263922243101899
12,41,11.48059262040698
12,42,12.029083475118851
12,43,14.891998880263202
12,44,16.59293355733394
12,45,18.68204164345393
12,46,20.95920530795956
12,47,22.558080023718382
12,48,25.88241940186974
12,49,26.872005644767412
12,50,24.40529673489243
12,51,23.74290212416723
12,52,19.980412795920078
12,53,18.02692129545002
12,54,14.79007215660339
12,55,12.49201430671547
12,56,10.775496200209208
12,57,9.03293660208305
12,58,10.504038975788761
13,1,27.76131589061974
13,2,25.54177810263974
13,3,21.988106273070347
13,4,19.296976716070997
13,5,15.904275793388438
13,6,12.551466880979362
13,7,10.194828159999677
13,8,6.852730146309789
13,9,6.766700506051453
13,10,4.867787069061798
13,11,6.102903612912316
13,12,3.8235350572567053
13,14,3.7940598748501375
13,15,6.809335300979189
13,16,9.711532932187119
13,17,12.206851441061028
13,18,15.795019593621781
13,19,18.42120748229065
13,20,22.19540477816675
13,21,24.057948924381044
13,22,27.35985406483225
13,23,25.83658118984663
13,24,22.824347912127674
13,25,23.36550437374199
13,26,23.028655976200614
13,27,19.970064972799317
13,28,18.31386566489478
13,29,19.130634130811163
13,30,17.57940910112542
13,31,14.282851755256782
13,32,14.433386498905552
13,33,15.132319016500869
13,34,12.207732947624883
13,35,9.72296615048903
13,36,12.022014097509219
13,37,12.016430188249089
13,38,8.340408655605316
13,39,9.427158783794725
13,40,7.944313195850102
13,41,10.940295979922261
13,42,11.420577997808106
13,43,14.072594846209977
13,44,14.942965389620001
13,45,16.926337264231137
13,46,18.713700214052654
13,47,20.28338446732568
13,48,23.349525810103856
13,49,24.395090501452188
13,50,21.665971988885182
13,51,20.75480934329653
13,52,17.105768911714726
13,53,15.297133314911557
13,54,12.487941588535183
13,55,10.547228791184246
13,56,9.967143733251735
13,57,9.423844775300376
13,58,12.013508667828432
14,1,26.04031312000154
14,2,23.448431201014454
14,3,19.80028104324065
14,4,17.10210280336159
14,5,13.458484528647459
14,6,10.437210938270074
14,7,7.462528673994999
14,8,5.010359339849654
14,9,4.931283434122511
14,10,5.535294168255903
14,11,7.686373018024754
14,12,6.440622098808152
14,13,3.7940598748501375
14,15,3.7682066377464074
14,16,7.184637361495187
14,17,10.446158685441299
14,18,13.972597686010596
14,19,17.038225257306486
14,20,20.693323191435717
14,21,22.722409995348567
14,22,25.92792513252242
14,23,24.297636962899517
14,24,21.255834583535286
14,25,22.363403113776375
14,26,22.253977711743907
14,27,18.89163692009702
14,28,17.536359521624743
14,29,19.042558359243635
14,30,17.439962773031848
14,31,13.925144132915083
14,32,14.837153029922394
14,33,16.06872133947492
14,34,12.993504528864944
14,35,10.81317894525512
14,36,13.892668891500074
14,37,14.188858715466775
14,38,10.909723231768181
14,39,12.39680776913007
14,40,10.195974181662445
14,41,12.799097928303189
14,42,12.225072756926485
14,43,13.971284185285139
14,44,14.208635589534262
14,45,15.381090344526951
14,46,16.70325924954733
14,47,17.685605628889586
14,48,20.768011221520837
14,49,21.389465446853766
14,50,18.56342506205886
14,51,18.10223245822213
14,52,14.439444021639314
14,53,13.265645035169259
14,54,10.489449500052578
14,55,9.665387867192115
14,56,9.294593338436544
14,57,10.027787782060244
14,58,12.619368679411531
15,1,23.04235244408482
15,2,20.34263019827288
15,3,16.61206367037779
15,4,14.271444893848747
15,5,10.590718299871044
15,6,8.212321266152985
15,7,5.78540954078216
15,8,5.234823066958912
15,9,7.00022709858695
15,10,8.696965394187938
15,11,11.36813891019532
15,12,10.038398770251275
15,13,6.809335300979189
15,14,3.7682066377464074
15,16,3.7661758932334912
15,17,7.270157112417517
15,18,10.798713376400377
15,19,14.176910554864435
15,20,17.736089917998058
15,21,20.113442956563123
15,22,23.397181573946234
15,23,22.069463252016067
15,24,19.329952656714674
15,25,20.892155442617604
15,26,20.496992955919147
15,27,16.890420773776842
15,28,16.23421892924984
15,29,17.96185759591148
15,30,15.907132281351098
15,31,12.610493364815907
15,32,14.459118380285128
15,33,15.543077283173288
15,34,12.19897619944364
15,35,10.990014231948754
15,36,14.548693108616709
15,37,14.531503543712063
15,38,11.840383419703668
15,39,14.146035116786233
15,40,12.110612540554897
15,41,14.89239576544514
15,42,14.183527428131896
15,43,15.407769874371496
15,44,14.691715386089136
15,45,15.340686395607648
15,46,15.799559341961281
15,47,16.360975493753255
15,48,19.018030540349656
15,49,19.41250549592078
15,50,16.202581438384662
15,51,15.724908796530203
15,52,12.35890272408388
15,53,11.927527415293069
15,54,10.057758210614717
15,55,10.350454967043506
15,56,11.142804275949619
15,57,12.802706043680715
15,58,15.71570673550194
16,1,19.295836465032156
16,2,16.625610781907007
16,3,12.892120898838698
16,4,10.714874794500794
16,5,7.163408832103973
16,6,5.372168178275908
16,7,4.639180588251891
16,8,5.962212107667497
16,9,9.005453086064028
16,10,11.068395287768992
16,11,14.283902427094526
16,12,13.26516174603648
16,13,9.711532932187119
16,14,7.184637361495187
16,15,3.7661758932334912
16,17,3.7705193752372512
16,18,7.0663747698656545
16,19,10.537975232419413
16,20,14.017881686466916
16,21,16.502721443836663
16,22,19.813001782911876
16,23,18.699293838716834
16,24,16.231427680449602
16,25,18.045763295571007
16,26,17.40653681893167
16,27,13.685719879325335
16,28,13.6169759311793
16,29,15.492975059775874
16,30,13.192490445722205
16,31,10.19386468122393
16,32,12.823852832059329
16,33,13.882722863300588
16,34,10.657665225529902
16,35,10.369469854169107
16,36,14.141619096194976
16,37,14.155591732429547
16,38,12.343583821552636
16,39,15.018942854973814
16,40,13.032129906421073
16,41,15.693896045213005
16,42,14.888374162054827
16,43,15.617026963505063
16,44,14.01535304113589
16,45,14.351214774873098
16,46,14.036701175912546
16,47,14.523818216017311
16,48,16.639791216109476
16,49,17.188814504729947
16,50,13.76339495851046
16,51,12.821778934680244
16,52,9.851337127410083
16,53,9.832353831288563
16,54,9.169621188215695
16,55,10.256723263303579
16,56,12.211513754617586
16,57,14.541482198768962
16,58,17.820468423203494
17,1,16.250864550648963
17,2,13.969409765148589
17,3,10.332197623100509
17,4,8.729138887022035
17,5,6.063992612708825
17,6,5.324423679555897
17,7,7.001990709348794
17,8,8.480157938440893
17,9,12.053473256540983
17,10,13.724619655090324
17,11,17.091551088933986
17,12,15.975142923349354
17,13,12.206851441061028
17,14,10.446158685441299
17,15,7.270157112417517
17,16,3.7705193752372512
17,18,3.8117297928095044
17,19,7.121202225104019
17,20,10.703020866516258
17,21,13.434591905172372
17,22,16.96202286592172
17,23,16.389578629553064
17,24,14.449349577327334
17,25,16.2032635353552
17,26,14.910391417568693
17,27,11.22797982241103
17,28,11.951526709628267
17,29,13.418334335349261
17,30,10.566291497196794
17,31,8.354807610254163
17,32,11.632812885544396
17,33,12.087283661163404
17,34,8.985203942336408
17,35,10.023114423154416
17,36,13.575129489590937
17,37,13.226754961711658
17,38,12.390007804289802
17,39,15.45211834977738
17,40,13.98640655944907
17,41,16.6989243214019
17,42,16.280579433483116
17,43,16.954314900393772
17,44,14.830972791561942
17,45,15.292231618546108
17,46,14.443076239315724
17,47,15.159975409735077
17,48,16.553378756165333
17,49,17.46447648359294
17,50,13.97377659166192
17,51,12.241852119269874
17,52,10.06227854842472
17,53,10.092231692403796
17,54,10.658419564089026
17,55,11.749550497838086
17,56,14.47971131917873
17,57,16.85945242114647
17,58,20.41422687019272
18,1,12.455446131559789
18,2,10.208150870643731
18,3,6.65918467402018
18,4,5.657774789369992
18,5,4.548068076085065
18,6,5.946543361890741
18,7,8.973174356614471
18,8,11.220424326849374
18,9,14.817570821661665
18,10,16.762188261768713
18,11,20.318315726133847
18,12,19.533689103709623
18,13,15.795019593621781
18,14,13.972597686010596
18,15,10.798713376400377
18,16,7.0663747698656545
18,17,3.8117297928095044
18,19,3.7776322551420662
18,20,7.024055824197405
18,21,9.935057347736896
18,22,13.419640727462157
18,23,13.179162697544403
18,24,11.796970488828865
18,25,13.922590042884456
18,26,12.38113382273271
18,27,8.72840164041981
18,28,10.515441695410184
18,29,12.174415443082262
18,30,9.34900148816749
18,31,8.142271865808432
18,32,11.920377159148181
18,33,12.442543865308359
18,34,10.188266982904992
18,35,11.901054786086354
18,36,15.154095527174062
18,37,15.060085255124317
18,38,15.0354121276862
18,39,17.957718121021877
18,40,16.465071518663045
18,41,18.75046887042845
18,42,18.112834134409308
18,43,18.198718762895997
18,44,15.425764227635534
18,45,15.405658292647454
18,46,13.735215702250116
18,47,14.234904328549042
18,48,14.772642859692079
18,49,15.818455934869178
18,50,12.421357355456127
18,51,10.155614984066439
18,52,9.1158895140013
18,53,9.763623115388908
18,54,11.626903532614511
18,55,13.323717155187374
18,56,16.53933682729347
18,57,19.304890288309164
18,58,22.902344640950528
19,1,9.583701231266357
19,2,8.248841780404277
19,3,5.660225538898227
19,4,5.472432721670046
19,5,6.6413851803615565
19,6,8.16648792234009
19,7,11.766758692105599
19,8,13.754371399652154
19,9,17.435676836544957
19,10,19.102245820014325
19,11,22.733126517528742
19,12,22.14057413246206
19,13,18.42120748229065
19,14,17.038225257306486
19,15,14.176910554864435
19,16,10.537975232419413
19,17,7.121202225104019
19,18,3.7776322551420662
19,20,3.8030778021463623
19,21,6.507420303453975
19,22,10.202532969511328
19,23,10.522229008683274
19,24,9.883704543233776
19,25,11.629790681510544
19,26,9.397116693730672
19,27,6.204022131363505
19,28,8.977949624752934
19,29,10.0550394981977
19,30,7.2053407100096
19,31,7.564168931149072
19,32,11.266214543390198
19,33,11.425312792133647
19,34,10.18674725356083
19,35,12.586045442337685
19,36,15.207821057319988
19,37,15.21428581419646
19,38,16.102999553105125
19,39,18.843801595665273
19,40,17.63711839088348
19,41,19.594943871233376
19,42,19.161741874699693
19,43,19.070683187471012
19,44,16.006809996451917
19,45,16.127630076929044
19,46,14.207607881941403
19,47,15.111812618261588
19,48,14.950610407273212
19,49,16.57517372632566
19,50,13.660511083219555
19,51,10.636660511228138
19,52,10.531823230783116
19,53,10.769685566288546
19,54,13.336741086251795
19,55,14.801367365607758
19,56,18.381165748323603
19,57,21.115146541704846
19,58,24.80914591296636
20,1,5.844686899977042
20,2,5.274256927286235
20,3,4.436474490554659
20,4,6.187081032077946
20,5,8.942175876728994
20,6,11.281220336093515
20,7,14.948748371350623
20,8,17.25633819745358
20,9,20.83606060089745
20,10,22.677381207565965
20,11,26.357129211384
20,12,25.896404337684913
20,13,22.19540477816675
20,14,20.693323191435717
20,15,17.736089917998058
20,16,14.017881686466916
20,17,10.703020866516258
20,18,7.024055824197405
20,19,3.8030778021463623
20,21,3.7853024372737094
20,22,7.201486731780657
20,23,8.572261198983915
20,24,9.31138581702291
20,25,11.30222562586288
20,26,8.838773640129402
20,27,6.7198588200050535
20,28,10.368186148706858
20,29,11.355281942599238
20,30,9.160345414794797
20,31,10.48523364229235
20,32,13.887997959343599
20,33,14.030294821763428
20,34,13.473646007328133
20,35,16.00506955649314
20,36,18.311041585354292
20,37,18.414709786181533
20,38,19.663688364780175
20,39,22.288060072167173
20,40,21.101803967890646
20,41,22.77946869688008
20,42,22.201954965859287
20,43,21.714888201501843
20,44,18.355447939989
20,45,18.050212293966386
20,46,15.569844673697036
20,47,16.12225903923182
20,48,15.04224599758946
20,49,16.622777008077957
20,50,14.12062399402798
20,51,11.010463660451848
20,52,12.157522527697735
20,53,12.916507073536403
20,54,16.037959640714824
20,55,17.8253288479599
20,56,21.49033235648923
20,57,24.400031313834788
20,58,28.03790256875812
21,1,4.886763723054952
21,2,5.716375777539826
21,3,6.602398714162654
21,4,7.461154149982258
21,5,10.772902228953129
21,6,12.782568455585066
21,7,16.549561222122886
21,8,18.728801374901593
21,9,22.156116505053763
21,10,23.919808607986
21,11,27.642089607720408
21,12,27.608423912313608
21,13,24.057948924381044
21,14,22.722409995348567
21,15,20.113442956563123
21,16,16.502721443836663
21,17,13.434591905172372
21,18,9.935057347736896
21,19,6.507420303453975
21,20,3.7853024372737094
21,22,3.7822475532435242
21,23,5.376497377054613
21,24,7.053047640155985
21,25,8.492773857302023
21,26,5.9698729239489685
21,27,5.382987836206021
21,28,9.122065154031118
21,29,9.921368842290649
21,30,8.917062939741651
21,31,10.8718965461644
21,32,13.625925446904851
21,33,14.08367084207405
21,34,14.514955912106045
21,35,16.84002903488275
21,36,18.672843730859196
21,37,19.3181907332236
21,38,20.96864009137232
21,39,23.116698599224843
21,40,21.827731223346394
21,41,22.94009825905091
21,42,22.24304164381656
21,43,21.368940824656466
21,44,17.844168280770372
21,45,17.485722327173015
21,46,14.915960249669094
21,47,15.826662700167134
21,48,14.27590936917553
21,49,16.466745870307058
21,50,14.724425594674077
21,51,11.216936075843886
21,52,12.842821543566448
21,53,13.135026296307686
21,54,16.58354551491768
21,55,18.25222143767828
21,56,22.024068685784183
21,57,24.963640235192898
21,58,28.5216186937946
22,1,4.528122862065227
22,2,6.47717619808144
22,3,8.885975634954077
22,4,9.879275181524488
22,5,13.515650627335646
22,6,15.696904589022669
22,7,19.362050798351277
22,8,21.692723778113606
22,9,24.912503157900698
22,10,26.813673307193106
22,11,30.551933424144
22,12,30.807994609923686
22,13,27.35985406483225
22,14,25.92792513252242
22,15,23.397181573946234
22,16,19.813001782911876
22,17,16.96202286592172
22,18,13.419640727462157
22,19,10.202532969511328
22,20,7.201486731780657
22,21,3.7822475532435242
22,23,3.8243504641678663
22,24,7.226514497152305
22,25,8.441068296842111
22,26,6.814399111230664
22,27,7.799668680332024
22,28,11.012380133589565
22,29,11.878156260348923
22,30,11.860023749357651
22,31,13.894875193755018
22,32,16.19053450112729
22,33,16.936122430167206
22,34,17.84436368845553
22,35,19.944749403693354
22,36,21.553186405119426
22,37,22.520381269743503
22,38,24.300129483418445
22,39,26.171327759778226
22,40,24.73561835196808
22,41,25.43538876612621
22,42,24.494165604153338
22,43,23.172399379258028
22,44,19.512682311579308
22,45,18.76485912824283
22,46,15.909317051405548
22,47,16.60302353911627
22,48,14.32506567719747
22,49,16.602318339252317
22,50,15.64368417039828
22,51,12.28901643007801
22,52,14.658148386673448
22,53,15.114927606605413
22,54,18.785696395940526
22,55,20.631046987265982
22,56,24.352550865915646
22,57,27.412087564246356
22,58,30.815992934675286
23,1,7.46704857697949
23,2,7.638488783496423
23,3,9.143813273709766
23,4,8.718514549418597
23,5,12.118560946319931
23,6,13.967893337406275
23,7,17.401046094064025
23,8,19.745207937525446
23,9,22.648387962834473
23,10,24.684304663133965
23,11,28.405515500298115
23,12,29.072252057595183
23,13,25.83658118984663
23,14,24.297636962899517
23,15,22.069463252016067
23,16,18.699293838716834
23,17,16.389578629553064
23,18,13.179162697544403
23,19,10.522229008683274
23,20,8.572261198983915
23,21,5.376497377054613
23,22,3.8243504641678663
23,24,3.7728378182478104
23,25,5.483173601423728
23,26,5.597266906547345
23,27,6.438878795101588
23,28,8.770650652043761
23,29,10.510670770720465
23,30,11.334041438955854
23,31,12.608374772212086
23,32,14.58478692396858
23,33,16.14107634960629
23,34,17.166861589388716
23,35,18.59657994243159
23,36,20.305405923187486
23,37,21.850698895078523
23,38,23.335621990298453
23,39,24.82930448006635
23,40,22.957139065038866
23,41,23.248060543625336
23,42,21.898508379027458
23,43,20.172474722882512
23,44,16.43729131856682
23,45,15.392986573985338
23,46,12.484019931460148
23,47,13.340175213399107
23,48,11.08927781857571
23,49,13.841798930269366
23,50,13.33673151041452
23,51,9.85421081036925
23,52,12.17551063501656
23,53,12.370996266457585
23,54,16.088487402022114
23,55,18.04766812257818
23,56,21.647155785728195
23,57,24.821220939128676
23,58,28.03876281904929
24,1,10.199451902858003
24,2,9.196982342294417
24,3,9.232508755217337
24,4,7.253438116921619
24,5,9.88714045230205
24,6,11.118942631532638
24,7,14.296843796065174
24,8,16.526494128840188
24,9,19.208108110502202
24,10,21.288468623634458
24,11,24.979563754255683
24,12,25.887855098662303
24,13,22.824347912127674
24,14,21.255834583535286
24,15,19.329952656714674
24,16,16.231427680449602
24,17,14.449349577327334
24,18,11.796970488828865
24,19,9.883704543233776
24,20,9.31138581702291
24,21,7.053047640155985
24,22,7.226514497152305
24,23,3.7728378182478104
24,25,3.8154102515173545
24,26,5.448981340934192
24,27,4.954968681606525
24,28,6.0111923730233325
24,29,8.795415233756547
24,30,9.976400238562947
24,31,10.239021668203995
24,32,12.034533784571959
24,33,14.27499999928369
24,34,15.140910256481124
24,35,15.938789627424827
24,36,17.850674932445344
24,37,19.778600864187844
24,38,20.87816536400514
24,39,22.12672932162257
24,40,19.908878023041922
24,41,20.020134376451555
24,42,18.3927667655656
24,43,16.517378012578963
24,44,12.74502360893742
24,45,11.636668001258768
24,46,8.844403677531599
24,47,10.19011083689498
24,48,8.672737934916594
24,49,11.886261202601613
24,50,11.293256716122006
24,51,7.620758133788656
24,52,9.187381348067055
24,53,8.833292743052104
24,54,12.491703099896418
24,55,14.461003851989512
24,56,17.98372274267647
24,57,21.212218514629356
24,58,24.350775245172454
25,1,12.318101609378278
25,2,12.219021229495967
25,3,12.370239691512937
25,4,10.38940672509483
25,5,12.582372198209606
25,6,12.906065722393242
25,7,15.99786433031187
25,8,17.493516757887857
25,9,20.103877756613308
25,10,21.616679015906364
25,11,25.17435235896899
25,12,26.25201463100402
25,13,23.36550437374199
25,14,22.363403113776375
25,15,20.892155442617604
25,16,18.045763295571007
25,17,16.2032635353552
25,18,13.922590042884456
25,19,11.629790681510544
25,20,11.30222562586288
25,21,8.492773857302023
25,22,8.441068296842111
25,23,5.483173601423728
25,24,3.8154102515173545
25,26,3.800216465908532
25,27,5.517484754952849
25,28,5.164747567283461
25,29,6.718158593493971
25,30,9.16267243932452
25,31,10.05813885921137
25,32,10.733125031490733
25,33,12.873128462465584
25,34,14.664071366369335
25,35,15.400357328904215
25,36,16.530738127820847
25,37,18.74813451765592
25,38,20.335803856917064
25,39,21.1295282455892
25,40,19.1826059578658
25,41,18.863483147900016
25,42,17.591928449320235
25,43,15.838757987728783
25,44,12.342299717760238
25,45,12.097806029882602
25,46,10.265208470377395
25,47,12.585668710962944
25,48,11.552776349298705
25,49,15.106633996481506
25,50,14.764766908739784
25,51,11.132539483969413
25,52,11.975052405204057
25,53,10.497301394148428
25,54,13.653902719997012
25,55,14.7152852741181
25,56,18.223992669294837
25,57,21.037434894099164
25,58,24.149859458210678
26,1,10.412036996798797
26,2,10.985322467821046
26,3,11.154780744999904
26,4,9.913153998047072
26,5,12.325585093188069
26,6,12.813541009538696
26,7,16.31764096419815
26,8,17.689025772496194
26,9,20.7788728037786
26,10,22.038322212163287
26,11,25.634542558505878
26,12,26.191838452938697
26,13,23.028655976200614
26,14,22.253977711743907
26,15,20.496992955919147
26,16,17.40653681893167
26,17,14.910391417568693
26,18,12.38113382273271
26,19,9.397116693730672
26,20,8.838773640129402
26,21,5.9698729239489685
26,22,6.814399111230664
26,23,5.597266906547345
26,24,5.448981340934192
26,25,3.800216465908532
26,27,3.809957888057228
26,28,5.307937834952142
26,29,5.311219419819631
26,30,6.72360348494018
26,31,8.862161449479723
26,32,10.066991855211327
26,33,11.143956215744616
26,34,12.923907993986909
26,35,14.54819439276699
26,36,15.567274440985454
26,37,17.125193855719075
26,38,19.12825407192027
26,39,20.391303089863516
26,40,19.007746362998365
26,41,19.295537503083988
26,42,18.657514941816018
26,43,17.610016414948916
26,44,14.269498783525275
26,45,14.571954923641668
26,46,12.82968832221208
26,47,15.003811945243958
26,48,14.033302340365934
26,49,17.232827825924296
26,50,16.17600909991181
26,51,12.357695330619299
26,52,13.11321483114612
26,53,11.812657074779517
26,54,14.934121269007727
26,55,15.755275441589788
26,56,19.486367767193737
26,57,22.10463957605
26,58,25.51616217346198
27,1,10.040222281138549
27,2,9.441995892919332
27,3,8.43342664685143
27,4,6.580719704953831
27,5,8.607619305375971
27,6,9.17026041061409
27,7,12.805820221310913
27,8,14.455264504769326
27,9,17.714790303828412
27,10,19.24432881484547
27,11,22.93906223575688
27,12,23.286846774965483
27,13,19.970064972799317
27,14,18.89163692009702
27,15,16.890420773776842
27,16,13.685719879325335
27,17,11.22797982241103
27,18,8.72840164041981
27,19,6.204022131363505
27,20,6.7198588200050535
27,21,5.382987836206021
27,22,7.799668680332024
27,23,6.438878795101588
27,24,4.954968681606525
27,25,5.517484754952849
27,26,3.809957888057228
27,28,3.803445375743614
27,29,5.463277913443019
27,30,5.2443449745219874
27,31,6.244334969049078
27,32,8.654536031274471
27,33,10.030128910408976
27,34,10.73657318018699
27,35,12.298523459770701
27,36,14.143007560354468
27,37,15.497172496486778
27,38,16.925154290447193
27,39,18.591180448840323
27,40,16.957082174086253
27,41,17.738501950747633
27,42,16.931319132335222
27,43,16.071438055997067
27,44,12.644802531653673
27,45,12.80194651650515
27,46,10.931147596563301
27,47,12.84495200425135
27,48,12.382565181954854
27,49,15.218523221390132
27,50,13.501318027868304
27,51,9.723747336560141
27,52,9.969952253500676
27,53,8.899594182605002
27,54,12.057504244002338
27,55,13.236181361482744
27,56,17.03736225461688
27,57,19.85772161349564
27,58,23.388571860968696
28,1,13.722733906066264
28,2,12.888065759359646
28,3,11.533374208836841
28,4,8.747552689512851
28,5,9.573987435269121
28,6,8.747379868274347
28,7,11.78509686924535
28,8,12.770454576549215
28,9,15.642811273510377
28,10,16.88408669578622
28,11,20.47550674176444
28,12,21.284463620906795
28,13,18.31386566489478
28,14,17.536359521624743
28,15,16.23421892924984
28,16,13.6169759311793
28,17,11.951526709628267
28,18,10.515441695410184
28,19,8.977949624752934
28,20,10.368186148706858
28,21,9.122065154031118
28,22,11.012380133589565
28,23,8.770650652043761
28,24,6.0111923730233325
28,25,5.164747567283461
28,26,5.307937834952142
28,27,3.803445375743614
28,29,3.7999913607558407
28,30,5.44841142970812
28,31,5.048540819522187
28,32,6.038615357516879
28,33,8.572503038345392
28,34,9.80918901783069
28,35,10.321958553087029
28,36,11.884373669386719
28,37,14.042634524741048
28,38,15.299328515725952
28,39,16.29382580485122
28,40,14.328641682380105
28,41,14.533673704515293
28,42,13.559911848044537
28,43,12.560210187713984
28,44,9.243009470293535
28,45,9.997963164535465
28,46,9.04582848324649
28,47,11.888751410905838
28,48,12.258215078511041
28,49,15.483700350945782
28,50,14.125067317170968
28,51,10.551181754486375
28,52,9.800670544634173
28,53,7.3856663124248705
28,54,9.949035381338373
28,55,10.456195444492472
28,56,14.182282167702274
28,57,16.83472801631522
28,58,20.25570357615194
29,1,14.787364316292871
29,2,14.787040848070573
29,3,13.711761241729045
29,4,11.563842534323024
29,5,12.448847086898244
29,6,11.35116742381529
29,7,14.344003075707759
29,8,14.613770473638755
29,9,17.60211580038974
29,10,18.12032736670634
29,11,21.50256027822214
29,12,22.06329741849886
29,13,19.130634130811163
29,14,19.042558359243635
29,15,17.96185759591148
29,16,15.492975059775874
29,17,13.418334335349261
29,18,12.174415443082262
29,19,10.0550394981977
29,20,11.355281942599238
29,21,9.921368842290649
29,22,11.878156260348923
29,23,10.510670770720465
29,24,8.795415233756547
29,25,6.718158593493971
29,26,5.311219419819631
29,27,5.463277913443019
29,28,3.7999913607558407
29,30,3.810666462925353
29,31,5.430579228292764
29,32,5.099960320699892
29,33,6.279118802597651
29,34,8.745147750829771
29,35,9.93632808129265
29,36,10.402660382354417
29,37,12.314159689830635
29,38,14.436657855690195
29,39,15.311758666692002
29,40,14.156811632412186
29,41,14.420534834191935
29,42,14.376511626548892
29,43,14.091229126953571
29,44,11.416664168915473
29,45,13.041733652384954
29,46,12.654908748200242
29,47,15.662529590449136
29,48,15.968306811032672
29,49,19.22894662549034
29,50,17.796728314427266
29,51,14.157014013024094
29,52,13.409301383747485
29,53,10.87371619377412
29,54,12.878954020174408
29,55,12.473768083379726
29,56,16.07171020040935
29,57,18.091984252249137
29,58,21.586007985178416
30,1,13.679251753298479
30,2,13.530770938937005
30,3,11.93298379769258
30,4,10.244259456188297
30,5,10.838941603045434
30,6,9.91772189039599
30,7,13.148277676899292
30,8,13.51646752413561
