1,2,3.8537359968982825
1,3,6.757920536108369
1,4,10.212217686536581
1,5,12.046665923944184
1,6,9.664255258381784
1,7,8.996729896617364
1,8,7.636058108782842
1,9,10.83315317481285
1,10,9.991455074431762
1,11,9.256224123271608
1,12,9.80956847187757
1,13,8.201632531892068
1,14,11.65393120242256
1,15,13.63831156402372
1,16,15.140194580496765
1,17,18.842124883994504
1,18,19.977563473999194
1,19,23.17725725206162
1,20,26.28491600441234
1,21,24.624161259079234
1,22,24.043820324771733
1,23,22.503965035038828
1,24,25.120403168157605
1,25,23.220339858860417
1,26,20.287849308308697
1,27,17.014176695998394
1,28,18.250715284354417
1,29,17.7245471773522
1,30,19.189783023690996
1,31,19.441007977663922
1,32,17.05243865812158
1,33,18.03726288085994
1,34,21.506635512202987
1,35,22.435169360523727
1,36,25.99518743582498
1,37,27.732453425485197
1,38,29.53807421099692
1,39,33.24417639141084
1,40,35.91579057765362
1,41,36.10982474889454
1,42,32.3693958935797
1,43,29.58533546678062
1,44,25.94849477157286
1,45,25.45376022419448
1,46,21.649800743158796
1,47,18.410815165132675
1,48,18.317239272264093
1,49,18.29479978655766
1,50,21.94109989861398
1,51,25.17605465789956
1,52,27.419029538425377
1,53,29.539919876505508
1,54,33.36742421540345
1,55,34.66159691460028
1,56,36.52171144844919
1,57,40.33700024370828
1,58,42.40087397624424
1,59,44.98553803544946
1,60,47.93069091896226
1,61,50.415130508994594
1,62,49.546317164769434
1,63,49.984481732216096
1,64,46.525677706902655
1,65,46.374563321613714
1,66,43.77636304995611
1,67,43.1582483578625
1,68,40.48151325921404
1,69,39.41123081250943
1,70,35.75004167725256
1,71,33.65170729840699
1,72,30.429920556187444
1,73,28.39770527701842
1,74,30.630751472975124
1,75,32.81153438314948
1,76,36.65441346332563
1,77,38.262292806898756
1,78,41.088937237058914
1,79,43.688825527598034
1,80,46.60409460298967
1,81,49.87227602419322
1,82,53.079279157917604
1,83,54.607580342194474
1,84,51.37513653760188
1,85,48.34520381829908
1,86,44.79844658389077
1,87,44.649170846801695
1,88,41.1464051075424
1,89,38.18748284037985
1,90,35.80254877101474
1,91,35.979690025494875
1,92,39.25896830391474
1,93,41.872777854853695
1,94,41.128802615242755
1,95,43.62426890701906
1,96,46.8142250059181
1,97,50.18608498139287
1,98,53.598098888463035
1,99,55.15147018883873
1,100,58.31930872840561
1,101,53.63151056148859
1,102,52.98019844148776
1,103,49.8060503124484
1,104,46.19317929505488
1,105,44.892127986128315
1,106,47.417525021626545
1,107,48.64404784998877
1,108,52.425308911275756
1,109,54.743120270440016
1,110,58.6094834475611
2,1,3.8537359968982825
2,3,3.8566874676449845
2,4,6.839401232789796
2,5,8.385949434018334
2,6,6.018257471172372
2,7,6.427340330692636
2,8,6.495763453647107
2,9,9.951391939295288
2,10,10.500588154193448
2,11,9.582032833290958
2,12,8.553470717971136
2,13,5.658428130764881
2,14,8.680035931204431
2,15,10.086549542659037
2,16,11.791884887345773
2,17,15.427447943977953
2,18,16.552237056613833
2,19,19.944532236826646
2,20,22.897201410498344
2,21,21.174029415153214
2,22,20.824635073777273
2,23,19.426141659846504
2,24,22.052137274380794
2,25,20.366433914565523
2,26,17.769505330506206
2,27,14.620091385233046
2,28,16.32460243310709
2,29,16.33565805371906
2,30,17.289763865646577
2,31,16.907394048592792
2,32,14.106482285102324
2,33,14.917011760765659
2,34,18.1670915987074
2,35,18.94466863394462
2,36,22.434471300764027
2,37,24.140139017834738
2,38,26.138972645297898
2,39,29.80836802944634
2,40,32.54951345617575
2,41,32.97238570631103
2,42,29.28306867727328
2,43,26.532372982647104
2,44,22.979609330178544
2,45,22.651972581522518
2,46,18.96919751786577
2,47,15.499064810791817
2,48,15.595845900417856
2,49,15.595439457305922
2,50,19.376855971897406
2,51,22.350461000268034
2,52,24.447107563845922
2,53,26.831089932286407
2,54,30.605193620421996
2,55,31.882327660870924
2,56,33.9983410294574
2,57,37.77980581620227
2,58,39.97063515634001
2,59,42.72907572564846
2,60,45.5172440785
2,61,48.14106346451365
2,62,47.471048649104546
2,63,47.78235433744695
2,64,44.23619587516072
2,65,43.85319496368763
2,66,41.088219441925666
2,67,40.45214251439114
2,68,37.60318371949391
2,69,36.375666872017696
2,70,32.7209266147287
2,71,30.423612182990656
2,72,27.118632785970224
2,73,25.25322405304168
2,74,27.739226047266655
2,75,30.079073007012408
2,76,33.91278495912302
2,77,35.68265646130318
2,78,38.66511989739541
2,79,41.401448317246484
2,80,44.4642996205009
2,81,47.606156488024666
2,82,50.89166646263665
2,83,52.59047959878022
2,84,49.4469467115227
2,85,46.575952058392986
2,86,43.091873767112354
2,87,43.13312756986649
2,88,39.770314335416884
2,89,36.8265492433547
2,90,34.310779247968796
2,91,34.123413622716676
2,92,37.46023162915362
2,93,39.83360402012467
2,94,39.00789985510221
2,95,41.713183351378255
2,96,44.9317178281864
2,97,48.42321747566513
2,98,51.782421164642166
2,99,53.478702839943765
2,100,56.72860790038684
2,101,51.77575462688899
2,102,50.94074533616751
2,103,47.692815875120516
2,104,44.035494416107966
2,105,42.97762490357993
2,106,45.66007508594224
2,107,47.10580124640713
2,108,50.85582737058399
2,109,53.351794404795996
2,110,57.25049676678754
3,1,6.757920536108369
3,2,3.8566874676449845
3,4,3.835246406619121
3,5,6.8608535785719145
3,6,6.371141482568848
3,7,8.468359947179028
3,8,9.849892115700147
3,9,13.289867804164473
3,10,14.266031325999718
3,11,13.10144158450724
3,12,11.544374549838183
3,13,8.109289250929677
3,14,10.323744046417431
3,15,10.42802291635247
3,16,12.102934638033483
3,17,15.250098644793738
3,18,15.653295026076963
3,19,19.069858481201244
3,20,22.015050536338858
3,21,20.674431154048417
3,22,21.021085882236694
3,23,20.151652473868463
3,24,22.854207121196772
3,25,21.583065889289873
3,26,19.500237600662125
3,27,16.604728099922973
3,28,18.618845601490317
3,29,18.872457561549478
3,30,19.17267625473054
3,31,18.304164729359226
3,32,15.207867412372451
3,33,15.89116261485497
3,34,18.595679710853478
3,35,18.93467670959544
3,36,22.11068253338906
3,37,23.439779679574873
3,38,25.714273320005525
3,39,29.33097653599968
3,40,31.963341507408437
3,41,32.72057653367493
3,42,29.18332446322202
3,43,26.25895890822516
3,44,22.78190593285748
3,45,22.1479609627356
3,46,18.648902104545936
3,47,15.243275077629924
3,48,16.206982309196082
3,49,16.760641387006277
3,50,20.51878713914741
3,51,23.176390551475972
3,52,24.792981609553948
3,53,27.33317472283765
3,54,30.97648100677339
3,55,31.921505662260113
3,56,34.178054023872505
3,57,37.91189193512855
3,58,40.00387653100025
3,59,42.97702540912425
3,60,45.54296289741144
3,61,48.38642623496195
3,62,47.74306302646383
3,63,47.7473259620806
3,64,44.101606809921606
3,65,43.44430365842453
3,66,40.541675352202454
3,67,39.59442409830831
3,68,36.64861468379921
3,69,35.53914697654977
3,70,32.00705768193644
3,71,29.44169902905431
3,72,26.26064907168825
3,73,24.276127070448492
3,74,26.97072940750982
3,75,29.68631848720141
3,76,33.446004239620606
3,77,35.082160818244404
3,78,38.28500517276553
3,79,40.94310471843548
3,80,44.17282348566183
3,81,47.14598912077668
3,82,50.36379390058297
3,83,52.295500511518135
3,84,49.32854320587381
3,85,46.51489632373634
3,86,43.19383868730321
3,87,43.57716404454865
3,88,40.32558195778962
3,89,37.21727700185389
3,90,34.8668472479641
3,91,34.32509675567992
3,92,37.500273689219036
3,93,39.70950972193505
3,94,39.1195644660967
3,95,42.047317269134446
3,96,45.12871540120122
3,97,48.702365228076346
3,98,51.91026333953639
3,99,53.53570763825785
3,100,56.92981242508852
3,101,51.34069425550793
3,102,50.24104192322051
3,103,47.07850098410477
3,104,43.33469601852652
3,105,42.560497671138904
3,106,45.18506771880876
3,107,46.89988608770542
3,108,50.65510329238965
3,109,53.15720828530904
3,110,57.05604522849434
4,1,10.212217686536581
4,2,6.839401232789796
4,3,3.835246406619121
4,5,3.8426065095775095
4,6,5.570358833000324
4,7,8.63406324186901
4,8,11.29537035045813
4,9,14.562683014208904
4,10,16.396712758390283
4,11,15.57112806935632
4,12,13.27596136563241
4,13,9.470209267190508
4,14,10.29572710944226
4,15,8.977984507125258
4,16,10.085068566062324
4,17,12.598902059068402
4,18,12.43232918729396
4,19,15.81115112386493
4,20,18.684875183664545
4,21,17.631773935045796
4,22,18.48492535414791
4,23,18.157697389136022
4,24,20.999415380835224
4,25,20.298897032483925
4,26,18.682706478227285
4,27,16.34054772075825
4,28,18.910419603363085
4,29,19.839770872772007
4,30,19.775962846648603
4,31,18.166693962084135
4,32,14.673083684486876
4,33,14.692123454491648
4,34,16.802674541278144
4,35,16.523738067811514
4,36,19.365966127691724
4,37,20.307841036199434
4,38,22.64974589062094
4,39,26.218696061823024
4,40,28.72818673964478
4,41,29.66770172745934
4,42,26.26022042086245
4,43,23.259478348215413
4,44,19.90046232213863
4,45,19.177663610205794
4,46,15.93035884123716
4,47,12.59467742199741
4,48,14.169459965523405
4,49,15.186521262428819
4,50,18.76996445335803
4,51,21.089362930883965
4,52,22.257616503718722
4,53,24.885121072215195
4,54,28.37943679412837
4,55,29.097359066503287
4,56,31.48665978677155
4,57,35.14937512369311
4,58,37.22358060637968
4,59,40.35043129148075
4,60,42.730037514153565
4,61,45.71764139514138
4,62,45.17916234492304
4,63,44.99241502733014
4,64,41.28534810605525
4,65,40.414034490513956
4,66,37.40066925428676
4,67,36.3397565137467
4,68,33.29977256110302
4,69,32.182849541896616
4,70,28.727025668945362
4,71,26.011737889160326
4,72,22.90245697046297
4,73,20.914745306203578
4,74,23.764016016056797
4,75,26.67942534413039
4,76,30.36485365300953
4,77,32.00861760307431
4,78,35.34686820788419
4,79,38.031062661817366
4,80,41.37860207405075
4,81,44.207771476406634
4,82,47.43319909269883
4,83,49.52579983944519
4,84,46.683733386287734
4,85,44.003151635851005
4,86,40.80131187641284
4,87,41.424106947207285
4,88,38.334706596357336
4,89,35.21254559777931
4,90,32.872288413820236
4,91,31.971863805615722
4,92,35.083029228605184
4,93,37.06572188398904
4,94,36.52762604767695
4,95,39.635132552887846
4,96,42.65181414470667
4,97,46.30052192085754
4,98,49.40236659504571
4,99,51.07976139259922
4,100,54.555163257658066
4,101,48.63449543620641
4,102,47.354750086699624
4,103,44.18419114922138
4,104,40.411315551775346
4,105,39.876216809826666
4,106,42.57084894675314
4,107,44.49448983536449
4,108,48.20507513858904
4,109,50.81698336123508
4,110,54.71773864228704
5,1,12.046665923944184
5,2,8.385949434018334
5,3,6.8608535785719145
5,4,3.8426065095775095
5,6,3.87188942724385
5,7,7.03538998245748
5,8,10.517477303384819
5,9,13.290389382354645
5,10,15.922503607605764
5,11,15.615555908507663
5,12,12.774202161753772
5,13,9.032841477865572
5,14,8.417277322619372
5,15,6.103482458349951
5,16,6.423773595278797
5,17,8.761464436642775
5,18,8.841865935109427
5,19,12.392967125946337
5,20,15.17676766410514
5,21,13.908310905221443
5,22,14.648706937776229
5,23,14.441545963113999
5,24,17.423710785569963
5,25,17.05280380142962
5,26,15.602374953643864
5,27,13.78631116477218
5,28,16.83023518840736
5,29,18.435752393489647
5,30,18.395747395973636
5,31,16.246778887623517
5,32,12.488249766544602
5,33,11.699953826117529
5,34,13.57813046261255
5,35,12.94174304262232
5,36,15.79232318958026
5,37,16.74097620498856
5,38,18.94576636442176
5,39,22.56330643346514
5,40,25.12304211749866
5,41,25.974512391849157
5,42,22.517231036308342
5,43,19.611577632093667
5,44,16.281113919636418
5,45,15.917407050169224
5,46,12.751458388248228
5,47,9.196454159226459
5,48,10.613862964117223
5,49,11.634065971920895
5,50,15.117540417285761
5,51,17.293107614058798
5,52,18.430677501063958
5,53,21.12878834961305
5,54,24.61716288622918
5,55,25.46297033971151
5,56,27.959893802120387
5,57,31.606975067993975
5,58,33.8319023783668
5,59,36.95933815123253
5,60,39.33804379159709
5,61,42.294268669001745
5,62,41.905540344848504
5,63,41.81038210815262
5,64,38.10903957071018
5,65,37.23169018312433
5,66,34.1840742571538
5,67,33.35008863506477
5,68,30.243963947591514
5,69,28.90942915975509
5,70,25.36944109494913
5,71,22.704071125637594
5,72,19.444805967953236
5,73,17.660569628097186
5,74,20.574661637157572
5,75,23.351088252040142
5,76,27.064661813654144
5,77,28.948348083575134
5,78,32.250585771103225
5,79,35.110113738915125
5,80,38.454389008490736
5,81,41.280623318723904
5,82,44.62074591692498
5,83,46.68441305082389
5,84,43.805687552997576
5,85,41.25187597298267
5,86,38.014450602933294
5,87,38.581075014967084
5,88,35.58707729218508
5,89,32.63356271391598
5,90,30.07684375940082
5,91,29.049897842678426
5,92,32.29967772707525
5,93,34.14143541909586
5,94,33.363180922144466
5,95,36.49929135935451
5,96,39.61393354548703
5,97,43.297961513017135
5,98,46.439500687633746
5,99,48.295691227212316
5,100,51.728811330893336
5,101,46.06463513237445
5,102,44.82768589009018
5,103,41.52741013523088
5,104,37.802145609864745
5,105,37.28467552463677
5,106,40.17083838453031
5,107,42.08846543632146
5,108,45.73754070679238
5,109,48.51186565682939
5,110,52.42377423785845
6,1,9.664255258381784
6,2,6.018257471172372
6,3,6.371141482568848
6,4,5.570358833000324
6,5,3.87188942724385
6,7,3.854213418033927
6,8,6.889991194002927
6,9,9.540396026361526
6,10,12.129049241752277
6,11,11.826894050735785
6,12,8.995010129166978
6,13,5.326699763272072
6,14,5.1058582494667295
6,15,4.529459885144895
6,16,5.9531926940306565
6,17,9.49214486236744
6,18,10.897702284272965
6,19,14.491892904485583
6,20,17.142520131016525
6,21,15.214274727370023
6,22,14.992072034349901
6,23,13.846375350215347
6,24,16.62272261031428
6,25,15.498574746238743
6,26,13.418072191235144
6,27,10.983614077157117
6,28,13.727644098068959
6,29,15.04584182249211
6,30,15.468934640584926
6,31,13.81415319125798
6,32,10.257875359204734
6,33,9.979186487706674
6,34,12.787882515872065
6,35,13.074243572416602
6,36,16.47846463069089
6,37,18.126619437640247
6,38,20.177314246107894
6,39,23.818153565047847
6,40,26.62631473678348
6,41,27.199626316349274
6,42,23.55768716426651
6,43,20.93517714101982
6,44,17.543124693781046
6,45,17.667364329652905
6,46,14.270606532232048
6,47,10.51783774450225
6,48,10.579442690211662
6,49,10.550746966480979
6,50,14.365692078314598
6,51,16.933032228781624
6,52,18.828251362165172
6,53,21.49898917025402
6,54,25.17765758005604
6,55,26.50459164381846
6,56,28.927886694601796
6,57,32.63295115935552
6,58,35.030269891006064
6,59,37.94539218669821
6,60,40.55651092311313
6,61,43.28722139773424
6,62,42.91477235463587
6,63,43.15331894494426
6,64,39.54573821134315
6,65,38.93051757391791
6,66,35.99820517060298
6,67,35.503174849109264
6,68,32.465740684682984
6,69,30.94832722209387
6,70,27.277027215998277
6,71,24.849763430500207
6,72,21.402042783256636
6,73,19.87947821971603
6,74,22.61587913838526
6,75,24.97855554873784
6,76,28.77705663140048
6,77,30.85372042684524
6,78,33.93737883964957
6,79,36.904687605937596
6,80,40.08890165291622
6,81,43.08135924312124
6,82,46.50174902835199
6,83,48.341603977485406
6,84,45.281365570107766
6,85,42.67390426843803
6,86,39.25689197343537
6,87,39.45659741830084
6,88,36.33140261566248
6,89,33.54680485142662
6,90,30.782107190287253
6,91,30.136497661433037
6,92,33.58712294436156
6,93,35.597631998388735
6,94,34.536682300807726
6,95,37.45218187159906
6,96,40.738432452380394
6,97,44.35140134637582
6,98,47.661981497230165
6,99,49.6096853880651
6,100,52.89906341716542
6,101,47.87409738272687
6,102,46.89022329290964
6,103,43.50142963846137
6,104,39.85889823418964
6,105,39.064607351035065
6,106,42.013490002016496
6,107,43.664957909741474
6,108,47.31627682798486
6,109,50.08600349164333
6,110,54.00326439287317
7,1,8.996729896617364
7,2,6.427340330692636
7,3,8.468359947179028
7,4,8.63406324186901
7,5,7.03538998245748
7,6,3.854213418033927
7,8,3.8837128172795987
7,9,6.727899355397583
7,10,9.416175630339948
7,11,10.240358453731057
7,12,8.073168105967738
7,13,5.411268917691081
7,14,5.4331889585751965
7,15,6.466563685267246
7,16,6.644349473760593
7,17,10.378015674004413
7,18,12.189107177523596
7,19,15.306374284509992
7,20,18.127900719708524
7,21,16.143244620124136
7,22,15.169516865748152
7,23,13.701997363135979
7,24,16.649000870305454
7,25,15.350290550015124
7,26,12.523673450441098
7,27,10.148855998690482
7,28,12.877053845962772
7,29,14.274777262235807
7,30,15.637274146552535
7,31,14.397456795322892
7,32,11.17256323833111
7,33,10.497167919435565
7,34,13.783068088132405
7,35,14.172349814525331
7,36,17.70669910397429
7,37,19.428740058848604
7,38,20.882268289768984
7,39,24.585390417768362
7,40,27.2746710353814
7,41,27.319975109500195
7,42,23.544116433132825
7,43,20.97758068930081
7,44,17.45128752036103
7,45,17.615899115318342
7,46,13.993276823576076
7,47,10.511964955108272
7,48,9.617000711198083
7,49,9.32474149532146
7,50,13.033170108489182
7,51,16.19311373166496
7,52,18.461319650413145
7,53,20.68402813314314
7,54,24.503254421107567
7,55,26.012737249829232
7,56,28.093203802563494
7,57,31.86211750824764
7,58,34.2089761136204
7,59,36.857135700946834
7,60,39.728869619156995
7,61,42.221283316894606
7,62,41.688121087979944
7,63,42.21076194605875
7,64,38.73021928354958
7,65,38.47526528153824
7,66,35.77870514753747
7,67,35.53223226537686
7,68,32.72619555728643
7,69,31.279332283902395
7,70,27.536259406761516
7,71,25.553531315757205
7,72,22.174034227656698
7,73,20.54405806147848
7,74,22.81137251168966
7,75,24.722004662429296
7,76,28.567674911444044
7,77,30.602405198357214
7,78,33.39665755421979
7,79,36.32656544170412
7,80,39.29003134057718
7,81,42.48321361303992
7,82,45.90431077969505
7,83,47.47072713847437
7,84,44.23260795729621
7,85,41.50094065703013
7,86,37.9309594756831
7,87,37.79250220242398
7,88,34.519841424306094
7,89,31.846583093291187
7,90,29.009199190201752
7,91,28.807304090370632
7,92,32.352009903110236
7,93,34.616750834811725
7,94,33.435951861463195
7,95,36.072013581413685
7,96,39.438466301549475
7,97,42.932478198881384
7,98,46.37791603521466
7,99,48.303981325229394
7,100,51.453172071764875
7,101,47.028896794494564
7,102,46.34846148809756
7,103,42.93399613136836
7,104,39.39202421354184
7,105,38.24275718996397
7,106,41.16232668160613
7,107,42.50200963666991
7,108,46.159710394171974
7,109,48.85389036856794
7,110,52.757348024868826
8,1,7.636058108782842
8,2,6.495763453647107
8,3,9.849892115700147
8,4,11.29537035045813
8,5,10.517477303384819
8,6,6.889991194002927
8,7,3.8837128172795987
8,9,3.8668853842182362
8,10,5.611054879644939
8,11,6.816515356467139
8,12,5.75920057829355
8,13,4.834627632906291
8,14,6.381891767033129
8,15,9.102181943994319
8,16,9.981263802356459
8,17,13.73637847847984
8,18,15.918137378572947
8,19,18.965375283722008
8,20,21.659064745717718
8,21,19.419436176454504
8,22,17.958495429890878
8,23,15.901115029089322
8,24,18.410094237609123
8,25,16.44088068520317
8,26,13.145333609017067
8,27,10.210492219957622
8,28,11.950916218138026
8,29,12.525314041501202
8,30,14.593527119942056
8,31,14.311888816958014
8,32,11.85524749942649
8,33,11.993488029768244
8,34,15.701044141310332
8,35,16.79929827290444
8,36,20.488955957660146
8,37,22.588227183796985
8,38,23.963470954618547
8,39,27.58179245789519
8,40,30.382120134265453
8,41,30.253127803689726
8,42,26.441245840431133
8,43,24.110231908893464
8,44,20.656688249546264
8,45,21.010354127069654
8,46,17.390002521167705
8,47,14.088408941402454
8,48,12.620065186279339
8,49,11.606307195579209
8,50,15.095188420194736
8,51,18.378709775823165
8,52,21.102470958887455
8,53,23.173858237427904
8,54,27.0131436213331
8,55,28.809047688921535
8,56,30.742834103712607
8,57,34.49394289793333
8,58,36.88768713857291
8,59,39.318324530144174
8,60,42.35616555505822
8,61,44.63830604605972
8,62,44.063693838528486
8,63,44.837270322049164
8,64,41.47028378970314
8,65,41.43936872559248
8,66,38.87516708196346
8,67,38.81753252509964
8,68,36.10876432034889
8,69,34.61229157914849
8,70,30.84602342840604
8,71,29.029867600516297
8,72,25.618782341030293
8,73,24.122401052707858
8,74,26.234376305714772
8,75,27.874188974265863
8,76,31.703986569028544
8,77,33.773985058986646
8,78,36.37544183742548
8,79,39.29636403098482
8,80,42.0978881156705
8,81,45.403738236504395
8,82,48.82628360270766
8,83,50.19868587726136
8,84,46.840942014725265
8,85,44.04116224917527
8,86,40.367910143705835
8,87,39.928034757419894
8,88,36.55065224024176
8,89,34.01190626537916
8,90,31.13214117360725
8,91,31.31009986439282
8,92,34.90636906751294
8,93,37.329716181613705
8,94,36.01796834618958
8,95,38.41384101419853
8,96,41.84847428268102
8,97,45.227174719568595
8,98,48.775846360057805
8,99,50.70018987165486
8,100,53.71159296646018
8,101,49.79415264578073
8,102,49.32100901482105
8,103,45.900487286144056
8,104,42.43855876240633
8,105,41.064895242102786
8,106,43.94274340279608
8,107,45.04284493465771
8,108,48.692684962593056
8,109,51.30406876848607
8,110,55.18173307504961
9,1,10.83315317481285
9,2,9.951391939295288
9,3,13.289867804164473
9,4,14.562683014208904
9,5,13.290389382354645
9,6,9.540396026361526
9,7,6.727899355397583
9,8,3.8668853842182362
9,10,3.938198772112123
9,11,5.901580923765278
9,12,4.967413616684062
9,13,6.351889815260805
9,14,6.764590109460067
9,15,10.120821721693268
9,16,11.104388015750667
9,17,14.573027114320672
9,18,17.408530671420568
9,19,20.32946662284134
9,20,22.56944897598163
9,21,19.88135820035463
9,22,17.779066880266797
9,23,15.089015674213686
9,24,17.020169572150973
9,25,14.54608872282993
9,26,10.972849064800057
9,27,7.992516426207124
9,28,9.004058226385688
9,29,9.546511528035438
9,30,12.265873639141848
9,31,12.407409884470747
9,32,10.746531914487006
9,33,11.047857879550149
9,34,14.862209298433443
9,35,16.55152192781267
9,36,20.266544767377273
9,37,22.797438929284198
9,38,24.010669953731323
9,39,27.427138839341996
9,40,30.394044412930832
9,41,30.12259078219659
9,42,26.334055874298233
9,43,24.47450046644549
9,44,21.29991956197249
9,45,22.263941299701212
9,46,18.923341168027356
9,47,15.750766180968641
9,48,13.428915168712077
9,49,11.379568803449262
9,50,14.470530848629592
9,51,17.56076508846169
9,52,20.76722392741591
9,53,22.816391998776414
9,54,26.57247066387104
9,55,28.810555030444977
9,56,30.778961405918654
9,57,34.41909665057177
9,58,37.04020429862852
9,59,39.293088858370886
9,60,42.397955317529345
9,61,44.47440593843249
9,62,44.097414161046466
9,63,45.146322192856445
9,64,41.89374718490739
9,65,41.973043090316274
9,66,39.46397616822037
9,67,39.77237059859269
9,68,37.06346182564088
9,69,35.28338533928185
9,70,31.50542888724186
9,71,29.849311629185287
9,72,26.339506706586853
9,73,25.307533541511273
9,74,27.35043504255764
9,75,28.611564655989742
9,76,32.35783427514848
9,77,34.70549020027156
9,78,37.113340757377614
9,79,40.192608006605944
9,80,42.866127546896806
9,81,46.18542790847224
9,82,49.705328873879424
9,83,50.934798647258475
9,84,47.49957167869768
9,85,44.83487522042287
9,86,41.09697462840384
9,87,40.39320929158037
9,88,37.091811756886436
9,89,34.875264714750216
9,90,31.753095463518743
9,91,32.05099087540347
9,92,35.785841199750834
9,93,38.10883571097363
9,94,36.435360195886766
9,95,38.671911099790634
9,96,42.240685767293094
9,97,45.55451858587631
9,98,49.18854294196755
9,99,51.310520861017146
9,100,54.1657018784382
9,101,50.8566996504186
9,102,50.5313711922158
9,103,47.005435077589155
9,104,43.67244193395993
9,105,42.22589495343581
9,106,45.246899824377245
9,107,46.201340347788545
9,108,49.749653160375956
9,109,52.46302108918086
9,110,56.31100807167376
10,1,9.991455074431762
10,2,10.500588154193448
10,3,14.266031325999718
10,4,16.396712758390283
10,5,15.922503607605764
10,6,12.129049241752277
10,7,9.416175630339948
10,8,5.611054879644939
10,9,3.938198772112123
10,11,3.8693099022158135
10,12,5.826789911167707
10,13,8.121054855464083
10,14,9.914357279457544
10,15,13.48342361737506
10,16,14.756531001314277
10,17,18.354087520077798
10,18,20.9997849049392
10,19,23.948504120624534
10,20,26.358634187832216
10,21,23.764319255529767
10,22,21.707830578369432
10,23,19.004264113709713
10,24,20.798697365579336
10,25,18.105732615554256
10,26,14.535655037841092
10,27,11.423063285057921
10,28,11.446320618632763
10,29,10.72391212894811
10,30,13.788495606230542
10,31,14.878081611396151
10,32,13.78074699609717
10,33,14.699622127503904
10,34,18.544175094467473
10,35,20.40968434729429
10,36,24.14675198308678
10,37,26.700262438424915
10,38,27.938833232284047
10,39,31.363689487094668
10,40,34.31015128937526
10,41,33.9698405011754
10,42,30.17360929925942
10,43,28.259463360588995
10,44,25.010924233570965
10,45,25.74610528216144
10,46,22.260580361665184
10,47,19.149678890751716
10,48,17.035479160659033
10,49,15.219916887623407
10,50,18.203420894649504
10,51,21.378585720218606
10,52,24.605079697402598
10,53,26.496395898269625
10,54,30.255514725101385
10,55,32.47084732852663
10,56,34.26322140882265
10,57,37.91692527202215
10,58,40.431037063219044
10,59,42.5564089848604
10,60,45.76779060591524
10,61,47.738489296526524
10,62,47.20792787266335
10,63,48.34614258365902
10,64,45.15739066634777
10,65,45.39157352071561
10,66,42.98835559105627
10,67,43.25965809426467
10,68,40.64878230630026
10,69,38.99557686552745
10,70,35.219791147914115
10,71,33.619516621169176
10,72,30.15593902910327
10,73,28.96002064731567
10,74,30.910797187582528
10,75,32.15870233354182
10,76,35.91637426457115
10,77,38.12049218052564
10,78,40.45021721005516
10,79,43.41314893902264
10,80,45.99130249567877
10,81,49.40006009780445
10,82,52.8527019896292
10,83,53.9652357681552
10,84,50.46752444197373
10,85,47.66872439312428
10,86,43.88656943583512
10,87,43.03622165151219
10,88,39.613821939703534
10,89,37.36775891846242
10,90,34.37983746357005
10,91,34.97151017147343
10,92,38.641803061328645
10,93,41.16084934821674
10,94,39.58261496257717
10,95,41.65685618303523
10,96,45.190928908067846
10,97,48.404180526428966
10,98,52.075552406264535
10,99,54.071892439358116
10,100,56.86075997171607
10,101,53.73603669646536
10,102,53.53418638034449
10,103,50.07446872339969
10,104,46.755795041131414
10,105,45.1390078554338
10,106,48.02209671263316
10,107,48.81722799598807
10,108,52.400341859728584
10,109,54.958422941990364
10,110,58.782193736743935
11,1,9.256224123271608
11,2,9.582032833290958
11,3,13.10144158450724
11,4,15.57112806935632
11,5,15.615555908507663
11,6,11.826894050735785
11,7,10.240358453731057
11,8,6.816515356467139
11,9,5.901580923765278
11,10,3.8693099022158135
11,12,3.853152429000778
11,13,6.814442750199844
11,14,9.38474962111521
11,15,13.119863722059753
11,16,15.31941329386288
11,17,19.02173464033768
11,18,21.664749524117564
11,19,24.98650059151204
11,20,27.265882934263615
11,21,24.53121329453863
11,22,22.783018277146134
11,23,19.990437354295924
11,24,21.488932710117727
11,25,18.526741719791275
11,26,15.364360535559605
11,27,11.734535572168626
11,28,11.209422009938365
11,29,9.571146571576605
11,30,11.985787614618127
11,31,13.530001090197086
11,32,12.730811541545506
11,33,14.592954022864086
11,34,18.387031496120308
11,35,20.628012846443635
11,36,24.405581270957487
11,37,27.152225306836737
11,38,28.871977995664633
11,39,32.245234744916885
11,40,35.4028833788869
11,41,35.46095493169833
11,42,31.701646298330072
11,43,29.80206330476258
11,44,26.595250793182256
11,45,27.393529837156514
11,46,23.922028165647962
11,47,20.48720841975645
11,48,18.722482879123223
11,49,16.82498768050089
11,50,20.129032298700746
11,51,22.994490874702947
11,52,26.186946510420366
11,53,28.4886040794576
11,54,32.22862276951206
11,55,34.44946098905963
11,56,36.543933344642134
11,57,40.19491489580519
11,58,42.82319193030642
11,59,45.1455214621757
11,60,48.21213250357055
11,61,50.34468832236521
11,62,49.95784738307313
11,63,50.94048625578663
11,64,47.64104854835176
11,65,47.62759603973179
11,66,45.028043364819936
11,67,45.15995434800773
11,68,42.34486290429367
11,69,40.5750570246578
11,70,36.79867243995429
11,71,34.85878503466908
11,72,31.26342986002752
11,73,30.202135768668388
11,74,32.517683486165915
11,75,34.07212176207009
11,76,37.85746657421322
11,77,40.15767098042681
11,78,42.710919268045885
11,79,45.750646041288704
11,80,48.503737959586694
11,81,51.80557713434882
11,82,55.29357782463105
11,83,56.5970361139476
11,84,53.18782982259773
11,85,50.4520840420209
11,86,46.72765636188069
11,87,46.075081143941645
11,88,42.70455549273335
11,89,40.35725774480643
11,90,37.36451794411371
11,91,37.68319558621388
11,92,41.357973129208794
11,93,43.74097703090516
11,94,42.19622067195016
11,95,44.47717075554813
11,96,48.01070008230883
11,97,51.33102220512905
11,98,54.95093589436931
11,99,56.98920382604236
11,100,59.879975407005766
11,101,56.360147462087994
11,102,55.95298764582604
11,103,52.481455400536255
11,104,49.065542997269965
11,105,47.67081361089135
11,106,50.599450995511035
11,107,51.603843407366675
11,108,55.215514237901886
11,109,57.8349434310805
11,110,61.69257730556249
12,1,9.80956847187757
12,2,8.553470717971136
12,3,11.544374549838183
12,4,13.27596136563241
12,5,12.774202161753772
12,6,8.995010129166978
12,7,8.073168105967738
12,8,5.75920057829355
12,9,4.967413616684062
12,10,5.826789911167707
12,11,3.853152429000778
12,13,3.836414774916447
12,14,5.74362508405013
12,15,9.514310746878081
12,16,12.06406494553311
12,17,15.669696998104136
12,18,18.440885700664975
12,19,21.89260944796795
12,20,23.951085904996162
12,21,21.096587835317752
12,22,19.496443089253688
12,23,16.727969740512346
12,24,18.19339104103158
12,25,15.330627049544459
12,26,12.44923463852241
12,27,8.666799295521663
12,28,8.749619167440184
12,29,7.946619681588129
12,30,9.659806621664687
12,31,10.367944795077506
12,32,9.039932900248658
12,33,10.961380152175696
12,34,14.709243039734565
12,35,16.97526074287269
12,36,20.742615265995088
12,37,23.540475422969
12,38,25.4556819704913
12,39,28.785592785606116
12,40,32.03145729299211
12,41,32.31999686566802
12,42,28.60910947965917
12,43,26.767519208721925
12,44,23.670493701957234
12,45,24.67158762125758
12,46,21.367499340374856
12,47,17.778574014866233
12,48,16.07328720367721
12,49,14.029586549764378
12,50,17.49720423649275
12,51,20.085140386651602
12,52,23.182674770170813
12,53,25.772561624316676
12,54,29.464192083441144
12,55,31.675194772949197
12,56,34.02478712966299
12,57,37.64091673506058
12,58,40.38444062605307
12,59,42.8834871881974
12,60,45.78791509172838
12,61,48.06893326363882
12,62,47.86477895448013
12,63,48.70264170727798
12,64,45.31765948152838
12,65,45.074493729508546
12,66,42.31829161937858
12,67,42.42242062902913
12,68,39.45463766978932
12,69,37.540815032640296
12,70,33.78248510859027
12,71,31.66124909127912
12,72,27.991758321217613
12,73,27.131763691396845
12,74,29.667259251358367
12,75,31.354750299211446
12,76,35.11647398844553
12,77,37.56044580965449
12,78,40.25724572368751
12,79,43.41002860450925
12,80,46.30171151654544
12,81,49.47348296395292
12,82,53.020773691996645
12,83,54.49448708319001
12,84,51.18382057701246
12,85,48.595242687880614
12,86,44.94541975230933
12,87,44.498152811019075
12,88,41.263658535442744
12,89,38.91140093374435
12,90,35.823633282958944
12,91,35.78787480190125
12,92,39.495526363993314
12,93,41.64846527096779
12,94,40.048813805080044
12,95,42.537645337865015
12,96,46.082221335264364
12,97,49.51720571519232
12,98,53.07235302282505
12,99,55.22624712529313
12,100,58.20658083049549
12,101,54.384122859066366
12,102,53.79373144481859
12,103,50.27098970220312
12,104,46.81699239954567
12,105,45.65878217251768
12,106,48.71293331149273
12,107,49.93038248385487
12,108,53.51226902582388
12,109,56.28265117081433
12,110,60.16542895629319
13,1,8.201632531892068
13,2,5.658428130764881
13,3,8.109289250929677
13,4,9.470209267190508
13,5,9.032841477865572
13,6,5.326699763272072
13,7,5.411268917691081
13,8,4.834627632906291
13,9,6.351889815260805
13,10,8.121054855464083
13,11,6.814442750199844
13,12,3.836414774916447
13,14,3.8301476320121948
13,15,6.834714458583068
13,16,9.480513533992323
13,17,13.219248913513372
13,18,15.514291787404915
13,19,19.099293830220446
13,20,21.40125962624409
13,21,18.87537905246307
13,22,17.850669366808447
13,23,15.657011109317441
13,24,17.67001527747846
13,25,15.42327123223289
13,26,12.833517259517299
13,27,9.346263083120379
13,28,10.743963723773383
13,29,10.904636072000452
13,30,11.806710468975124
13,31,11.393758813671228
13,32,8.860634378295453
13,33,10.17943573485663
13,34,13.742495786595004
13,35,15.357347325549147
13,36,19.073799683186493
13,37,21.48020424501419
13,38,23.556220587331634
13,39,27.035915912388276
13,40,30.149984373262676
13,41,30.613494034067383
13,42,26.91027196536982
13,43,24.72487686413522
13,44,21.477530800839663
13,45,22.1106930413666
13,46,18.72526243140895
13,47,15.01326652129564
13,48,13.989026552589758
13,49,12.664158567409524
13,50,16.439074387983332
13,51,19.067808180088164
13,52,21.721338525908944
13,53,24.41189202108609
13,54,28.136145607764405
13,55,29.98624216152182
13,56,32.39674941545465
13,57,36.073171558327026
13,58,38.67802087124536
13,59,41.376639331269764
13,60,44.1590016849454
13,61,46.652868227143564
13,62,46.36921153718038
13,63,46.93635434384275
13,64,43.43832256875585
13,65,43.020929713343115
13,66,40.169513369036295
13,67,39.98821220090031
13,68,36.970323061296
13,69,35.22355724953777
13,70,31.49147508431584
13,71,29.19193064629408
13,72,25.58604690037939
13,73,24.45157924428885
13,74,27.116088918377972
13,75,29.130560429745582
13,76,32.92894922207894
13,77,35.21523407056828
13,78,38.104737831793884
13,79,41.17731740723314
13,80,44.21293723462112
13,81,47.31205676811054
13,82,50.80341643374387
13,83,52.45083644597299
13,84,49.24718347009614
13,85,46.63034251396021
13,86,43.073102119491864
13,87,42.91250563625941
13,88,39.698182903058544
13,89,37.125219068638934
13,90,34.18290591994823
13,91,33.897304150725375
13,92,37.50093754119855
13,93,39.61449730775722
13,94,38.26364950442556
13,95,40.95144914812377
13,96,44.38983888032456
13,97,47.913297905206754
13,98,51.36816147106871
13,99,53.41995215769483
13,100,56.549217301558684
13,101,52.15469066949891
13,102,51.37937386309891
13,103,47.92045337220801
13,104,44.36636482963525
13,105,43.36817725815168
13,106,46.3649566285136
13,107,47.77927864215196
13,108,51.409785466290515
13,109,54.16714724239085
13,110,58.07284504169802
14,1,11.65393120242256
14,2,8.680035931204431
14,3,10.323744046417431
14,4,10.29572710944226
14,5,8.417277322619372
14,6,5.1058582494667295
14,7,5.4331889585751965
14,8,6.381891767033129
14,9,6.764590109460067
14,10,9.914357279457544
14,11,9.38474962111521
14,12,5.74362508405013
14,13,3.8301476320121948
14,15,3.84174747950255
14,16,6.576147998100986
14,17,10.056873556440273
14,18,12.873159380432789
14,19,16.41133570002836
14,20,18.3199058576592
14,21,15.492620485575863
14,22,14.25961981426822
14,23,11.917067807385186
14,24,13.865140299877192
14,25,11.780286541578096
14,26,9.429779564613831
14,27,6.300119740572395
14,28,8.658403397325772
14,29,10.079763339743176
14,30,10.61370749094232
14,31,9.102190440219614
14,32,5.8975755668024075
14,33,6.418412835469878
14,34,10.007333070499929
14,35,11.639747155317721
14,36,15.393939943036004
14,37,17.963640521214643
14,38,20.005421668208072
14,39,23.405265772276177
14,40,26.61174084767168
14,41,27.11583502470493
14,42,23.44944301417852
14,43,21.500155628738305
14,44,18.46571895874635
14,45,19.572813344607507
14,46,16.507263995988918
14,47,12.805913285889677
14,48,11.367275579136965
14,49,9.533996448481053
14,50,13.243280338679977
14,51,15.538079737341672
14,52,18.245060440508787
14,53,21.11908698232379
14,54,24.758850719902203
14,55,26.76102564896245
14,56,29.35567215522158
14,57,32.9481038147071
14,58,35.721440183861304
14,59,38.4617043484148
14,60,41.149780234412255
14,61,43.65452399393768
14,62,43.58639999355193
14,63,44.17016033793774
14,64,40.67376430318678
14,65,40.153384922406005
14,66,37.23285329961266
14,67,37.22854371084383
14,68,34.124042428315114
14,69,32.1450650184306
14,70,28.41739151701621
14,71,26.113984979654273
14,72,22.417766468799176
14,73,21.652213536189826
14,74,24.396509947865987
14,75,26.285108512928737
14,76,30.016494404830144
14,77,32.538856309856186
14,78,35.41731027350735
14,79,38.644462457385174
14,80,41.704039788095066
14,81,44.7119001284069
14,82,48.28971443106448
14,83,49.978455221815764
14,84,46.814097161877434
14,85,44.38422548849632
14,86,40.86457993698549
14,87,40.73938581720258
14,88,37.691013997012995
14,89,35.289400443454525
14,90,32.1701315876322
14,91,31.65168215777071
14,92,35.331232123556894
14,93,37.20603652439303
14,94,35.6420678328309
14,95,38.40448074236612
14,96,41.89895291796699
14,97,45.467402354923976
14,98,48.902399715735264
14,99,51.13257711807174
14,100,54.24515927278197
14,101,49.94932367759264
14,102,49.12843804256647
14,103,45.57943669571263
14,104,42.07955331165445
14,105,41.21277853197618
14,106,44.376832199320674
14,107,45.86680225776559
14,108,49.407471791515675
14,109,52.33080198314532
14,110,56.22978908651907
15,1,13.63831156402372
15,2,10.086549542659037
15,3,10.42802291635247
15,4,8.977984507125258
15,5,6.103482458349951
15,6,4.529459885144895
15,7,6.466563685267246
15,8,9.102181943994319
15,9,10.120821721693268
15,10,13.48342361737506
15,11,13.119863722059753
15,12,9.514310746878081
15,13,6.834714458583068
15,14,3.84174747950255
15,16,3.848285733437929
15,17,6.877803699683986
15,18,9.422870986218882
15,19,13.131704943382752
15,20,14.937552967538624
15,21,12.274898792215476
15,22,11.73842785326897
15,23,10.15328892072347
15,24,12.479915014494967
15,25,11.350212187214595
15,26,9.909460922440658
15,27,7.975511198465361
15,28,11.058332742007774
15,29,13.126942591020082
15,30,12.940035215803363
15,31,10.439159262795737
15,32,6.608675971985182
15,33,5.730198145810988
15,34,8.283123272711926
15,35,8.940050589800236
15,36,12.50891176057943
15,37,14.712084877113735
15,38,17.00232182278827
15,39,20.450650935576185
15,40,23.58943402626105
15,41,24.379653512602133
15,42,20.807636398875005
15,43,18.69386071060387
15,44,15.729546901758559
15,45,16.776967690937937
15,46,13.97254560946241
15,47,10.228523448906358
15,48,9.513906428709623
15,49,8.385017021232185
15,50,12.03014112348227
15,51,13.884100505438859
15,52,15.994819065699422
15,53,19.10378249511672
15,54,22.625512899439645
15,55,24.328793347745908
15,56,27.124265912341144
15,57,30.67494608535324
15,58,33.414942086123126
15,59,36.375579061824844
15,60,38.84733177218414
15,61,41.56252825216824
15,62,41.57611186029919
15,63,41.89546436140594
15,64,38.301281088914415
15,65,37.515299833132076
15,66,34.44431364113346
15,67,34.2557863105036
15,68,31.024795423404314
15,69,29.044990236778972
15,70,25.37444134822478
15,71,22.829462588818025
15,72,19.13798460346669
15,73,18.38750152423833
15,74,21.381786184043225
15,75,23.561395305529143
15,76,27.245793639480198
15,77,29.765348562112
15,78,32.838941857832054
15,79,36.07796156619262
15,80,39.295010167956406
15,81,42.14378072047343
15,82,45.712263121128494
15,83,47.606080889866455
15,84,44.592249236174844
15,85,42.27544203247085
15,86,38.89763728975978
15,87,39.08292498897034
15,88,36.190599485558245
15,89,33.70750223565542
15,90,30.654348596737396
15,91,29.723532251244823
15,92,33.30921581842596
15,93,34.95656450109889
15,94,33.511070163664414
15,95,36.50946182772163
15,96,39.911227818911634
15,97,43.57669174383997
15,98,46.88109203285734
15,99,49.12120838024215
15,100,52.35452999627014
15,101,47.57097718475269
15,102,46.52645035334205
15,103,42.99456375497946
15,104,39.439123611473974
15,105,38.84494710606012
15,106,42.04702250420095
15,107,43.7840600282403
15,108,47.2974824549351
15,109,50.30247194323178
15,110,54.20449038851125
16,1,15.140194580496765
16,2,11.791884887345773
16,3,12.102934638033483
16,4,10.085068566062324
16,5,6.423773595278797
16,6,5.9531926940306565
16,7,6.644349473760593
16,8,9.981263802356459
16,9,11.104388015750667
16,10,14.756531001314277
16,11,15.31941329386288
16,12,12.06406494553311
16,13,9.480513533992323
16,14,6.576147998100986
16,15,3.848285733437929
16,17,3.8480982872674954
16,18,6.480554160031514
16,19,9.85646494416054
16,20,12.005355981046987
16,21,9.645465653256633
16,22,9.05541280693513
16,23,8.240380668537703
16,24,11.461627883342425
16,25,11.328241793444327
16,26,9.84613360571402
16,27,9.126743889623485
16,28,12.816436495094962
16,29,15.501833966179879
16,30,15.784503954401554
16,31,13.06768909115324
16,32,9.345498017545976
16,33,6.865230396898651
16,34,8.713057124988918
16,35,7.937401836981886
16,36,11.226658336602293
16,37,12.792621951198845
16,38,14.463650663680921
16,39,18.128982679460805
16,40,20.957380496465277
16,41,21.396688566371537
16,42,17.726127640504263
16,43,15.341549136874441
