1,2,3.8095973740579114
1,3,5.545701289306053
1,4,7.6250151825522225
1,5,10.227359998119187
1,6,13.784077027970865
1,7,14.783199550150687
1,8,11.431502248622603
1,9,12.964616712249734
1,10,10.074247502092717
1,11,7.630321424566495
1,12,7.072371360084655
1,13,6.036715023432943
1,14,9.251526674337056
1,15,10.94809902770363
1,16,14.510559044129314
1,17,16.829067187330747
1,18,18.16838675744675
1,19,18.625271367110063
1,20,22.12168679937323
1,21,21.240414079669083
1,22,22.230534018298133
1,23,21.014016140084326
1,24,19.53100512009383
1,25,21.774170598993337
1,26,20.535868931208324
1,27,20.499221970676402
1,28,23.117729265423566
1,29,25.560455919133123
1,30,28.200231185205734
1,31,28.88986643226094
1,32,29.027588686165423
1,33,28.00874151050969
1,34,29.268176290784567
1,35,27.56078089266325
1,36,27.53959441850053
1,37,23.925302629879543
1,38,23.943422645746793
1,39,21.197880926398646
1,40,23.650936262468036
1,41,23.07515030973371
1,42,19.383858394314974
1,43,17.67495907150994
1,44,14.357612477708404
1,45,16.697353244281143
1,46,18.091081183430354
1,47,17.943031215790096
1,48,19.68274466299852
1,49,16.83682302597958
1,50,16.815275106518484
1,51,13.14813961394082
1,52,13.048212196838442
1,53,13.109998387978404
1,54,15.329422332273364
1,55,17.705720432611923
1,56,20.27640733433177
1,57,19.03865999528534
1,58,21.128846603201605
1,59,19.79218684203398
1,60,18.35467996788962
1,61,14.863535503984568
1,62,13.271620228722295
1,63,16.258331188583732
1,64,18.160340340762616
1,65,21.809648531303583
1,66,22.919372689606497
1,67,25.153413057190853
1,68,27.679852078816015
1,69,30.168714161079333
1,70,30.998682258279768
1,71,27.513171423378626
1,72,26.37802864768934
1,73,22.92142335185527
1,74,20.947259914245294
1,75,17.79164795041155
1,76,15.219875848423694
1,77,14.263176395510603
1,78,10.61946844663237
1,79,10.232367749071987
1,80,10.439421565490541
1,81,8.196166692031118
2,1,3.8095973740579114
2,3,3.798824339285809
2,4,7.037009451938576
2,5,10.513470555273743
2,6,13.945745114571658
2,7,14.373100636509417
2,8,11.107416371259706
2,9,13.23284975597014
2,10,11.248396741591986
2,11,7.85495514429076
2,12,7.488067114303234
2,13,4.7481336447330404
2,14,7.037860391026224
2,15,7.768521879055513
2,16,11.527666967358481
2,17,13.442741367250957
2,18,14.837253193931765
2,19,15.169658913402815
2,20,18.561580266571372
2,21,17.58255081563675
2,22,18.81041171798501
2,23,17.814419573365356
2,24,16.733491905582284
2,25,19.388953107709995
2,26,18.66477141101212
2,27,19.12411337796533
2,28,22.013642245307576
2,29,23.99084619886357
2,30,26.510338431335768
2,31,26.75397887008209
2,32,26.622760765049374
2,33,25.876879356979014
2,34,27.550261708132368
2,35,26.22443087005887
2,36,26.716837693296945
2,37,23.294339758723694
2,38,23.69302158608893
2,39,21.283151013564925
2,40,24.18709930122593
2,41,23.629702956407684
2,42,19.81566675159571
2,43,18.464920498170823
2,44,14.812363990977792
2,45,16.381929732904
2,46,18.08146300646165
2,47,17.75849283744391
2,48,18.779490845351653
2,49,15.483525706856383
2,50,14.813211255143644
2,51,11.166438943182815
2,52,10.91583666817721
2,53,11.940576602450955
2,54,14.502562819506004
2,55,17.334494715392555
2,56,20.150449913896566
2,57,18.668045748304962
2,58,20.141839409029767
2,59,18.388076614482525
2,60,17.049754077334153
2,61,13.345679342158144
2,62,11.461949525782238
2,63,14.035527928704735
2,64,15.863828334340333
2,65,19.489453132282815
2,66,20.124545581394774
2,67,22.25151163786371
2,68,24.621061758831058
2,69,27.347819847848825
2,70,28.08667515643731
2,71,24.654280918740636
2,72,23.900295414013005
2,73,20.4836021633023
2,74,18.22429228364858
2,75,15.117119408942115
2,76,12.14213810287195
2,77,10.819915380257722
2,78,7.399282969605719
2,79,7.422214716455345
2,80,8.846885670671533
2,81,7.839286200844934
3,1,5.545701289306053
3,2,3.798824339285809
3,4,3.7962151073009096
3,5,7.169903426138529
3,6,10.604384256787887
3,7,11.37777264625743
3,8,8.636408009648077
3,9,11.526040148466755
3,10,10.102179098939526
3,11,7.069677488407272
3,12,8.54834099482655
3,13,6.926224456719239
3,14,9.547698369768547
3,15,9.157972033172104
3,16,12.700767342201
3,17,13.928751980432178
3,18,14.335463308073214
3,19,14.036996117574166
3,20,17.71581442421248
3,21,17.533040575918218
3,22,18.934958090519043
3,23,18.582403357513318
3,24,17.333670011103706
3,25,20.102007127062507
3,26,19.812932933437647
3,27,19.861100024689108
3,28,23.086963816037326
3,29,24.941407639797323
3,30,27.038989149875274
3,31,27.29244155688509
3,32,26.914615494199882
3,33,25.787804122493323
3,34,27.454214930407513
3,35,25.917245866249203
3,36,26.428202935808223
3,37,23.16213488108201
3,38,24.05297312846737
3,39,22.015864474725863
3,40,24.848494637719195
3,41,23.713419792985967
3,42,19.90594108584316
3,43,19.186247586770367
3,44,15.500906802330485
3,45,17.197806991204654
3,46,19.522258645632014
3,47,19.854966838573784
3,48,20.808568805328118
3,49,17.42843434578135
3,50,16.173837400589715
3,51,12.438846627240705
3,52,10.978331018879194
3,53,11.425439507812682
3,54,13.126161659152835
3,55,16.358584759197974
3,56,18.679372004736212
3,57,16.608290154240365
3,58,18.20029389875655
3,59,16.05733223065429
3,60,14.141793500169248
3,61,10.656314586448824
3,62,9.738356709742684
3,63,12.850238376553358
3,64,15.456939853864458
3,65,19.190640045080055
3,66,20.040324002339126
3,67,22.647228753689813
3,68,24.581777745114984
3,69,27.195227355170015
3,70,27.450758045820802
3,71,23.815414299214435
3,72,23.080184432561897
3,73,19.430334061053138
3,74,16.88343320062328
3,75,13.385731980633942
3,76,11.007375668589985
3,77,9.591604297876913
3,78,5.8375428970074985
3,79,4.95034819896106
3,80,5.230760204013379
3,81,4.650767375506843
4,1,7.6250151825522225
4,2,7.037009451938576
4,3,3.7962151073009096
4,5,3.8025567742680013
4,6,6.943436045489159
4,7,7.722736759951653
4,8,5.174245368221989
4,9,8.377773315490233
4,10,7.526060974594765
4,11,5.395273491897241
4,12,8.402063944810315
4,13,8.339792354064437
4,14,11.32253777000787
4,15,10.813893331774587
4,16,13.788205840435513
4,17,14.940054433158277
4,18,14.63302835766669
4,19,14.406305151846329
4,20,18.198158748904916
4,21,18.580813823942595
4,22,19.571437391816357
4,23,19.403726907922575
4,24,17.593306143223753
4,25,20.015059129999003
4,26,19.75217673227698
4,27,19.13328738207396
4,28,22.466468181141476
4,29,24.41927071644442
4,30,26.181476406254863
4,31,26.74376338351301
4,32,26.376364268826745
4,33,24.742294818014425
4,34,26.091031908612088
4,35,24.17633526014156
4,36,24.436170221677592
4,37,21.260200191922017
4,38,22.421088815136084
4,39,20.66993551261606
4,40,23.27961402050714
4,41,21.64286334407567
4,42,17.94868864403549
4,43,17.78126425461281
4,44,14.267161278601504
4,45,16.186839188794846
4,46,18.95857907963038
4,47,20.010493323952126
4,48,21.10659368088416
4,49,17.918352996154237
4,50,16.493534031645797
4,51,12.825842734622082
4,52,10.55775290786793
4,53,9.864018900082092
4,54,10.56921800383479
4,55,13.815314924138622
4,56,15.63715106314197
4,57,13.304243082011862
4,58,15.249098931624388
4,59,13.221765330325912
4,60,11.093888573340603
4,61,7.90381084437647
4,62,7.821607517388456
4,63,11.464129982509293
4,64,14.547026390399523
4,65,18.26069824091719
4,66,19.695332363614877
4,67,22.72881411646482
4,68,24.476992630369757
4,69,26.70192597335954
4,70,26.731730175420353
4,71,22.970002376646963
4,72,21.854879823819733
4,73,18.097090856897946
4,74,15.78630681484973
4,75,12.220309809633134
4,76,10.851971602557207
4,77,10.39393245469993
4,78,6.894479578832407
4,79,6.636284805292312
4,80,5.071822857885648
4,81,5.22965269801636
5,1,10.227359998119187
5,2,10.513470555273743
5,3,7.169903426138529
5,4,3.8025567742680013
5,6,3.7918261662761985
5,7,6.226201443021954
5,8,5.288142488933368
5,9,8.284233349757748
5,10,7.796604260406798
5,11,7.519055388266896
5,12,11.019844055815739
5,13,11.795153697167642
5,14,14.96766508895794
5,15,14.496922034868177
5,16,17.241670984105
5,17,18.198060420258
5,18,17.376048735650446
5,19,16.83878478536492
5,20,20.609054909945755
5,21,21.501920558382817
5,22,22.456148129489403
5,23,22.556158869537526
5,24,20.55124477352639
5,25,22.755118433802366
5,26,22.524325607940675
5,27,21.427795167286522
5,28,24.736614028823
5,29,26.780595569433448
5,30,28.256244443055895
5,31,29.047159690025307
5,32,28.653845946026657
5,33,26.633555272757174
5,34,27.70021706047121
5,35,25.44607193731994
5,36,25.404906515172378
5,37,22.370500029430012
5,38,23.693058196634524
5,39,22.141327518676647
5,40,24.35081128889362
5,41,22.241650213899582
5,42,18.804299312978536
5,43,19.022327479197447
5,44,15.896951210938704
5,45,18.158368385886078
5,46,21.086106874913142
5,47,22.598826198192317
5,48,23.92878256072947
5,49,20.962644642294336
5,50,19.555820849229494
5,51,16.011097770560628
5,52,13.421061860786988
5,53,11.916341931649262
5,54,11.450032862934835
5,55,14.41393084308999
5,56,15.355394377743924
5,57,12.655171451270853
5,58,15.126229204646732
5,59,13.177394496353417
5,60,10.451182942495402
5,61,8.34531255254486
5,62,9.67484239914865
5,63,13.421465413192037
5,64,16.8100933518069
5,65,20.3680904910658
5,66,22.14091014176854
5,67,25.43101415137842
5,68,26.918273108064216
5,69,28.87333381719429
5,70,28.59088043681026
5,71,24.767325007206068
5,72,23.4809887885051
5,73,19.70165894669204
5,74,17.50672901749012
5,75,13.952780146236307
5,76,13.46556983721198
5,77,13.20428230829012
5,78,10.099975616743015
5,79,9.258629247023874
5,80,6.267114383720486
5,81,6.068979902800305
6,1,13.784077027970865
6,2,13.945745114571658
6,3,10.604384256787887
6,4,6.943436045489159
6,5,3.7918261662761985
6,7,3.792186906218355
6,8,5.346811874798032
6,9,7.725411321814412
6,10,8.686304199112174
6,11,9.461272129868114
6,12,13.240917450651676
6,13,14.525963404243189
6,14,17.4782984053752
6,15,16.710400495225976
6,16,18.896889514732408
6,17,19.561513263392282
6,18,18.137610677237586
6,19,17.575573334388608
6,20,21.175566691115574
6,21,22.56252243408577
6,22,23.21781620825451
6,23,23.596224277850588
6,24,21.334632251149987
6,25,23.23802450059223
6,26,23.22478221690458
6,27,21.690043857398262
6,28,25.02552075663705
6,29,26.932966959524894
6,30,27.9539741059911
6,31,28.88507852123829
6,32,28.407627724411306
6,33,25.99979892207522
6,34,26.824135523490455
6,35,24.349006494210673
6,36,24.19443484252216
6,37,21.493622910951196
6,38,23.206559221198514
6,39,22.16165453328388
6,40,24.146407498267607
6,41,21.557718756337795
6,42,18.44328936128234
6,43,19.372573876002598
6,44,16.607711292873987
6,45,18.68300784514025
6,46,21.92781346569867
6,47,23.959504778091958
6,48,25.17217531869806
6,49,22.38669007994494
6,50,20.732459387873078
6,51,17.514122362611026
6,52,14.45956779072214
6,53,12.369694753912244
6,54,10.71938642302787
6,55,13.409219255956845
6,56,13.470563283232
6,57,10.35937462418694
6,58,12.955083234621389
6,59,11.115837484611765
6,60,8.154942533403144
6,61,7.422513493067794
6,62,9.87915956627395
6,63,13.327295791188723
6,64,16.867469475037854
6,65,20.105123173220043
6,66,22.210863126528793
6,67,25.752415729847257
6,68,26.90940091354303
6,69,28.480977257624662
6,70,27.88948618091348
6,71,24.077978392892284
6,72,22.58825284627022
6,73,18.902840319109764
6,74,16.99354087617395
6,75,13.72130066680717
6,76,14.267894524535077
6,77,14.660286525835488
6,78,12.206832816597291
6,79,11.848724461480673
6,80,8.803673092754703
6,81,9.52095781984645
7,1,14.783199550150687
7,2,14.373100636509417
7,3,11.37777264625743
7,4,7.722736759951653
7,5,6.226201443021954
7,6,3.792186906218355
7,8,3.7894522654115157
7,9,5.747667906529952
7,10,8.247852042344178
7,11,8.817447239461075
7,12,12.515798862910033
7,13,13.924492918138304
7,14,16.368279113496627
7,15,15.311382385318431
7,16,16.83782629925149
7,17,17.396155964986193
7,18,15.729900331427137
7,19,15.626819190312338
7,20,19.03322932489139
7,21,20.46270594039203
7,22,20.638674171841252
7,23,21.007958457287614
7,24,18.50214810352392
7,25,20.137439873215534
7,26,20.302508669962073
7,27,18.607109891878096
7,28,22.00488026014714
7,29,23.693619111410666
7,30,24.46633545750275
7,31,25.40160727859137
7,32,24.89817517997136
7,33,22.35567252672762
7,34,23.13532760801008
7,35,20.68479143375463
7,36,20.692223846450375
7,37,18.17164640423447
7,38,20.21250300691924
7,39,19.573684358823346
7,40,21.74182692222847
7,41,19.07227259166221
7,42,16.003828705759325
7,43,17.432139849507987
7,44,14.699509435060747
7,45,16.20200204163992
7,46,19.719275672990193
7,47,21.984352005298366
7,48,22.841817899556453
7,49,20.13256905516424
7,50,18.196620649401606
7,51,15.356917779310336
7,52,12.004805338891215
7,53,9.686766034639188
7,54,7.424455996152679
7,55,10.242803932133064
7,56,10.332683528344765
7,57,6.988452128645234
7,58,9.242391138606926
7,59,7.43501877830613
7,60,5.016912988885645
7,61,4.479587283380466
7,62,7.1303540423585625
7,63,10.169297855595739
7,64,13.639693162688712
7,65,16.659077771477538
7,66,18.981868656421504
7,67,22.61233504175787
7,68,23.69891570191756
7,69,25.0286677902709
7,70,24.46706761159222
7,71,20.69519538000155
7,72,18.987836008295943
7,73,15.374354502901097
7,74,13.815381976156516
7,75,10.900435751608823
7,76,12.047310665182222
7,77,13.334060711475422
7,78,11.455409013867136
7,79,12.244118180979843
7,80,10.086661729609563
7,81,11.661043430417827
8,1,11.431502248622603
8,2,11.107416371259706
8,3,8.636408009648077
8,4,5.174245368221989
8,5,5.288142488933368
8,6,5.346811874798032
8,7,3.7894522654115157
8,9,3.7928334381719946
8,10,5.289277570352922
8,11,5.044447689378517
8,12,8.746879079581992
8,13,10.238556389623042
8,14,12.885147944871855
8,15,12.331775821972586
8,16,14.187591952004293
8,17,15.386751948218036
8,18,14.494769783023001
8,19,14.915338476717896
8,20,18.488656098120714
8,21,19.228653064863263
8,22,19.35400488548894
8,23,19.154894233498865
8,24,16.58795053557381
8,25,18.288469469868026
8,26,17.992457153804434
8,27,16.521995455616253
8,28,19.856562001457657
8,29,21.84474988318463
8,30,23.155504725584354
8,31,24.14556704233007
8,32,23.893331883196215
8,33,21.665140511725806
8,34,22.51865921142777
8,35,20.180025262871297
8,36,20.13921693534094
8,37,17.14024913069569
8,38,18.66190655059816
8,39,17.44206009099457
8,40,19.840078083074076
8,41,17.65853398389539
8,42,14.193728975725017
8,43,14.93708639241126
8,44,11.81045955806104
8,45,13.565705811496288
8,46,16.860484819147427
8,47,18.801080762958073
8,48,19.851959038660873
8,49,17.066077943451123
8,50,15.478954987294523
8,51,12.314698471776651
8,52,9.37467480456012
8,53,7.089009491111741
8,54,6.165288513766333
8,55,9.24042654028322
8,56,10.573546330869014
8,57,8.16306450778628
8,58,10.450398923647313
8,59,9.07522440536857
8,60,7.613867961026032
8,61,5.0247670007874055
8,62,5.455075328125074
8,63,9.079643449894695
8,64,12.248451676520675
8,65,15.662607474821677
8,66,17.911796402583878
8,67,21.300937680549396
8,68,22.930506002447046
8,69,24.517173287660043
8,70,24.486478781753707
8,71,20.73067060210124
8,72,18.96475728962857
8,73,15.295500030290668
8,74,13.761370181128601
8,75,10.704484246370285
8,76,10.749303564576381
8,77,11.963564445625309
8,78,9.42080873734808
8,79,10.610820366909719
8,80,9.07978098875933
8,81,10.088228216538077
9,1,12.964616712249734
9,2,13.23284975597014
9,3,11.526040148466755
9,4,8.377773315490233
9,5,8.284233349757748
9,6,7.725411321814412
9,7,5.747667906529952
9,8,3.7928334381719946
9,10,3.830208518677709
9,11,5.609751873207069
9,12,8.5454883646401
9,13,11.184367378484472
9,14,13.756229880726927
9,15,13.889198707817565
9,16,15.217474736768839
9,17,16.94374820222076
9,18,16.319930985139823
9,19,17.42647704444337
9,20,20.76286221499477
9,21,21.262706151946514
9,22,20.762628647255685
9,23,20.09417194242243
9,24,17.018497461024673
9,25,17.958785506612056
9,26,17.106965345808185
9,27,14.966561821528353
9,28,17.935985554455392
9,29,20.295697287572196
9,30,21.600396151463244
9,31,23.145338402952824
9,32,23.278201393391587
9,33,20.75198885734204
9,34,20.995510228338738
9,35,18.247264494814484
9,36,17.599792213777857
9,37,14.45368811329064
9,38,15.690840860301485
9,39,14.450086508629393
9,40,16.479675318824604
9,41,14.099281283695513
9,42,10.783333466152412
9,43,11.795487707203115
9,44,9.194448194633027
9,45,11.257781667198742
9,46,14.517768901804446
9,47,16.991035594604117
9,48,18.37838290545689
9,49,16.169912581674257
9,50,15.091087644925587
9,51,12.347536569121523
9,52,9.876902831647554
9,53,6.468510702313864
9,54,4.824712428659146
9,55,6.474650922653791
9,56,7.701027325429763
9,57,6.384445233226307
9,58,9.339018316923125
9,59,9.453818870859093
9,60,9.233543174434987
9,61,7.4919351695329786
9,62,7.137833713715239
9,63,9.966905904015524
9,64,12.386306265059273
9,65,15.432127530245367
9,66,18.27548029399538
9,67,21.593428497015896
9,68,23.478010993256298
9,69,24.60066270330761
9,70,24.894234245030017
9,71,21.309632727022123
9,72,18.94669533295639
9,73,15.593314677438192
9,74,14.96220355602386
9,75,12.602201526589422
9,76,12.955618847353927
9,77,14.84807211551853
9,78,12.47619407286322
9,79,14.10878443601342
9,80,12.780569124364712
9,81,13.338997512714377
10,1,10.074247502092717
10,2,11.248396741591986
10,3,10.102179098939526
10,4,7.526060974594765
10,5,7.796604260406798
10,6,8.686304199112174
10,7,8.247852042344178
10,8,5.289277570352922
10,9,3.830208518677709
10,11,3.826728071214163
10,12,6.3042162952132825
10,13,9.403760042719153
10,14,12.611930944156317
10,15,13.606689280262787
10,16,15.599956284552734
10,17,17.85657243108298
10,18,17.907355529168363
10,19,19.00221397400283
10,20,22.510133514905167
10,21,22.56548875076395
10,22,22.33364825991279
10,23,21.290512450474516
10,24,18.3974865732627
10,25,19.493019875487555
10,26,18.13573401884815
10,27,16.303390104188736
10,28,18.990288935849602
10,29,21.736310954705136
10,30,23.576959872705054
10,31,25.17339707710227
10,32,25.51494154215582
10,33,23.31009343646229
10,34,23.585610747275048
10,35,20.931854757821263
10,36,20.099079675074417
10,37,16.6230609060862
10,38,17.09498284690876
10,39,15.046965493643386
10,40,16.915024976802915
10,41,15.079623688379323
10,42,11.630454531085203
10,43,11.416161620364097
10,44,8.669797435783348
10,45,11.638290627889216
10,46,14.212398337177257
10,47,16.201217270358217
10,48,18.172582019692936
10,49,16.01345443074492
10,50,15.62372985065346
10,51,12.47812420432903
10,52,10.85973653952187
10,53,7.988348197574403
10,54,7.969689524947399
10,55,9.304676034316115
10,56,10.94508198163251
10,57,10.150906487227687
10,58,13.121688262890169
10,59,13.0887889490779
10,60,12.445778311581519
10,61,10.098553183541606
10,62,9.219684078020531
10,63,12.37075031308842
10,64,14.558765937338102
10,65,17.845139011883344
10,66,20.428777861988333
10,67,23.46318732628936
10,68,25.712387140827026
10,69,27.11713573618872
10,70,27.70154702295468
10,71,24.131652656662453
10,72,21.90526899850684
10,73,18.53017525610604
10,74,17.667329645636087
10,75,15.02531369577166
10,76,14.488621238388994
10,77,15.732833905794173
10,78,12.687842653425772
10,79,13.830421705639557
10,80,12.513717494740956
10,81,12.002971869878543
11,1,7.630321424566495
11,2,7.85495514429076
11,3,7.069677488407272
11,4,5.395273491897241
11,5,7.519055388266896
11,6,9.461272129868114
11,7,8.817447239461075
11,8,5.044447689378517
11,9,5.609751873207069
11,10,3.826728071214163
11,12,3.804122737200087
11,13,5.901064026586821
11,14,9.105079603531255
11,15,9.908480871068775
11,16,12.253271668659313
11,17,14.525629991266824
11,18,14.916913296307436
11,19,16.01992005030847
11,20,19.54896797144147
11,21,19.302312678768207
11,22,19.32652708146257
11,23,18.252393333238178
11,24,15.709899024504962
11,25,17.321343720574625
11,26,16.20329488272338
11,27,15.105853168264392
11,28,18.074945022516378
11,29,20.530075569955535
11,30,22.600482583286585
11,31,23.7148076805204
11,32,23.875545682060388
11,33,22.124565711689087
11,34,22.953632589939787
11,35,20.79945732984998
11,36,20.586420115996752
11,37,17.08964230374444
11,38,17.679765136151833
11,39,15.562819482551696
11,40,18.094905958183794
11,41,16.759452386790127
11,42,12.998313945878987
11,43,12.45389219387191
11,44,8.935033366706657
11,45,11.203973517782083
11,46,13.789026596793994
11,47,15.094032445582977
11,48,16.606622723256645
11,49,13.872145874774503
11,50,13.165600805881907
11,51,9.634006583251477
11,52,8.113295181686166
11,53,6.388736366324736
11,54,7.870764242644246
11,55,10.187913665636726
11,56,12.67127145052776
11,57,11.568471867321291
11,58,13.724026954615013
11,59,12.974972249483967
11,60,12.274001129628868
11,61,9.042818556747235
11,62,7.239708450624567
11,63,10.421938513377373
11,64,12.574795042720465
11,65,16.150462656091328
11,66,18.197442298917014
11,67,21.054004031313873
11,68,23.392320180488383
11,69,25.217869970410163
11,70,25.889806365280506
11,71,22.309032061401386
11,72,20.50005785870322
11,73,17.025681024667314
11,74,15.721537707184348
11,75,12.890681440267759
11,76,11.572925029127493
11,77,12.482284504604817
11,78,9.314578192588966
11,79,10.787761523850785
11,80,10.320759990953738
11,81,10.130514313177041
12,1,7.072371360084655
12,2,7.488067114303234
12,3,8.54834099482655
12,4,8.402063944810315
12,5,11.019844055815739
12,6,13.240917450651676
12,7,12.515798862910033
12,8,8.746879079581992
12,9,8.5454883646401
12,10,6.3042162952132825
12,11,3.804122737200087
12,13,3.8125769544139194
12,14,6.821342825563335
12,15,8.987802425482903
12,16,11.2254365535162
12,17,14.25494150457844
12,18,15.565294203846156
12,19,17.240093274556145
12,20,20.505421219276236
12,21,19.54673792731629
12,22,19.32669917243458
12,23,17.56953001235239
12,24,15.084316339067442
12,25,16.43249069246301
12,26,14.678200408087283
12,27,13.943314742731179
12,28,16.462650255632404
12,29,19.172701356148437
12,30,21.758972997219804
12,31,22.939660006632874
12,32,23.425337879463587
12,33,22.072777547857825
12,34,22.854235896479423
12,35,20.93645954962148
12,36,20.665259006727972
12,37,16.980068510277253
12,38,16.872278756457206
12,39,14.199121193729743
12,40,16.837921535075786
12,41,16.30035005046382
12,42,12.54578742300423
12,43,11.012333249925252
12,44,7.434960163023686
12,45,9.670880533972706
12,46,11.422503052196953
12,47,12.048588817432147
12,48,13.848883326068604
12,49,11.284252242585184
12,50,11.445560719520834
12,51,8.023467282634991
12,52,8.135204344115934
12,53,7.2526030975725915
12,54,9.912416833833609
12,55,11.482376047150007
12,56,14.532975663723052
12,57,14.234533498741417
12,58,16.07573125147942
12,59,15.727381261504659
12,60,15.575545189239232
12,61,12.205327311327132
12,62,9.548699014867307
12,63,11.896086292300893
12,64,13.053729243488661
12,65,16.43145710799181
12,66,18.279292938897836
12,67,20.61778198416587
12,68,23.42997914203887
12,69,25.319646237845085
12,70,26.519380399396358
12,71,23.177602113831888
12,72,21.338974229466547
12,73,18.1740070331906
12,74,17.19511140097729
12,75,14.791090879506168
12,76,12.85902562745275
12,77,13.755014444924829
12,78,10.749352988189774
12,79,12.55228671345753
12,80,12.935642712862364
12,81,12.368281169217848
13,1,6.036715023432943
13,2,4.7481336447330404
13,3,6.926224456719239
13,4,8.339792354064437
13,5,11.795153697167642
13,6,14.525963404243189
13,7,13.924492918138304
13,8,10.238556389623042
13,9,11.184367378484472
13,10,9.403760042719153
13,11,5.901064026586821
13,12,3.8125769544139194
13,14,3.786810773865927
13,15,5.994266817754652
13,16,8.983915904848114
13,17,11.893716382562186
13,18,13.677880914079184
13,19,15.150376614443607
13,20,18.32845287517185
13,21,17.020679163130513
13,22,17.274192207342136
13,23,15.58146757611826
13,24,13.790656364704374
13,25,15.820423798702862
13,26,14.525936831726646
13,27,14.751469575872951
13,28,17.44459767118026
13,29,19.665497387699112
13,30,22.35595034517177
13,31,22.937520162610763
13,32,23.153960603849693
13,33,22.322336746628157
13,34,23.67917866205644
13,35,22.289005410399458
13,36,22.60438258468258
13,37,19.08884441764305
13,38,19.199438692134155
13,39,16.69318100912151
13,40,19.700423969575574
13,41,19.424679631390006
13,42,15.645989021612696
13,43,14.149983159244076
13,44,10.480582568190263
13,45,11.776044283177226
13,46,13.358414705197466
13,47,13.127370718025606
13,48,14.220055884014124
13,49,11.058145070361403
13,50,10.779338637704486
13,51,7.133681782829377
13,52,7.672233910810562
13,53,8.547698411336516
13,54,11.738085244262013
13,55,13.958936575477384
13,56,17.19354893967438
13,57,16.4672451431751
13,58,17.77064771763949
13,59,16.76155557874184
13,60,16.3778627129087
13,61,12.659827027010628
13,62,9.778595747469039
13,63,11.80347193032408
13,64,12.868259752697682
13,65,16.33130547077912
13,66,17.40649755679171
13,67,19.449226881595578
13,68,22.2321244956852
13,69,24.59810807346172
13,70,25.78322836152161
13,71,22.49097184995285
13,72,21.22441549997481
13,73,18.05295571219838
13,74,16.55455120075603
13,75,14.039953558567397
13,76,11.294568728580783
13,77,11.441171825176628
13,78,8.527558875969186
13,79,10.363535766788015
13,80,11.736281526046119
13,81,11.40624103053721
14,1,9.251526674337056
14,2,7.037860391026224
14,3,9.547698369768547
14,4,11.32253777000787
14,5,14.96766508895794
14,6,17.4782984053752
14,7,16.368279113496627
14,8,12.885147944871855
14,9,13.756229880726927
14,10,12.611930944156317
14,11,9.105079603531255
14,12,6.821342825563335
14,13,3.786810773865927
14,15,3.805471809476331
14,16,6.136090785082354
14,17,9.426956603478502
14,18,12.038308421013229
14,19,14.041470478984914
14,20,16.688341807394817
14,21,14.726402892205913
14,22,14.753975935241202
14,23,12.615763114234085
14,24,11.250018173801308
14,25,13.394423922646332
14,26,12.220838152172874
14,27,13.337974732498518
14,28,15.888375196496963
14,29,17.668338393042106
14,30,20.52523709954168
14,31,20.691460083746957
14,32,20.885608086034498
14,33,20.614232799561222
14,34,22.301164515768093
14,35,21.474171887744717
14,36,22.24589336849816
14,37,18.946852724714475
14,38,19.036467181840514
14,39,16.726018751992154
14,40,20.072843327258436
14,41,20.26149895627145
14,42,16.620163042885086
14,43,15.135374554737695
14,44,11.6108230913531
14,45,11.742945698683833
14,46,12.962407016968495
14,47,12.006020628504006
14,48,12.22669915164194
14,49,8.748402040097977
14,50,8.309071113887256
14,51,5.2128616910903345
14,52,7.123729664569257
14,53,9.400516484842383
14,54,13.063834355350188
14,55,15.134223031229684
14,56,18.675581723623246
14,57,18.192782062171915
14,58,18.79288899281075
14,59,17.786682098927823
14,60,17.91038386640185
14,61,14.206464075448475
14,62,10.832898787311699
14,63,11.702357079550644
14,64,11.8133942071715
14,65,14.886452436867646
14,66,15.346008605286439
14,67,16.821249754233843
14,68,19.814974827136965
14,69,22.367189911535924
14,70,23.874154837997953
14,71,20.876300316502846
14,72,19.90018090749593
14,73,17.107581326806635
14,74,15.763702107280363
14,75,13.854272753650195
14,76,10.700942191994967
14,77,10.98823583297819
14,78,9.137474212212785
14,79,11.652150335197941
14,80,13.913631464465421
14,81,14.188047480179282
15,1,10.94809902770363
15,2,7.768521879055513
15,3,9.157972033172104
15,4,10.813893331774587
15,5,14.496922034868177
15,6,16.710400495225976
15,7,15.311382385318431
15,8,12.331775821972586
15,9,13.889198707817565
15,10,13.606689280262787
15,11,9.908480871068775
15,12,8.987802425482903
15,13,5.994266817754652
15,14,3.805471809476331
15,16,3.804937742901498
15,17,6.088630287234695
15,18,8.463724652830823
15,19,10.270113590714798
15,20,12.931519490080941
15,21,11.158560351727957
15,22,11.556255976099553
15,23,10.095932049222
15,24,9.182606844776204
15,25,12.137377367608142
15,26,12.09312958066238
15,27,13.491292068554221
15,28,16.550283789362613
15,29,17.65949107011411
15,30,20.028206254757656
15,31,19.66590519650348
15,32,19.34716143255941
15,33,19.14639615585274
15,34,21.319847078876784
15,35,20.77666874155168
15,36,22.089595228969927
15,37,19.13482196171204
15,38,19.934504558595062
15,39,18.244942742561257
15,40,21.80821702533192
15,41,21.597148485127907
15,42,17.93924392917973
15,43,17.197073278050183
15,44,13.537560130531677
15,45,13.172957644796547
15,46,15.09217255327135
15,47,14.558001005682913
15,48,14.037743872157018
15,49,10.253417249161563
15,50,8.324799839741871
15,51,5.451383641558626
15,52,5.847524090156226
15,53,9.070132549468914
15,54,12.422903233549052
15,55,15.089156955153253
15,56,18.461857783325183
15,57,17.452040844848785
15,58,17.502853339187958
15,59,15.915094019307697
15,60,15.951144797286801
15,61,12.322048851405514
15,62,9.098068257147728
15,63,9.464542413441572
15,64,9.846373017846261
15,65,12.98423869041412
15,66,12.920933221652586
15,67,14.627830699151698
15,68,17.18107488741175
15,69,20.014963930445745
15,70,21.12503175159708
15,71,18.021750788409925
15,72,17.518700003563374
15,73,14.612895425568412
15,74,12.7496946191821
15,75,10.798250027788342
15,76,7.315450895005864
15,77,7.449495970065586
15,78,6.489912509400449
15,79,9.602962206277578
15,80,12.36582241637147
15,81,13.6032743766067
16,1,14.510559044129314
16,2,11.527666967358481
16,3,12.700767342201
16,4,13.788205840435513
16,5,17.241670984105
16,6,18.896889514732408
16,7,16.83782629925149
16,8,14.187591952004293
16,9,15.217474736768839
16,10,15.599956284552734
16,11,12.253271668659313
16,12,11.2254365535162
16,13,8.983915904848114
16,14,6.136090785082354
16,15,3.804937742901498
16,17,3.8041143307159597
16,18,6.8807126951829956
16,19,9.83766541415406
16,20,11.647555820276487
16,21,9.42331211755525
16,22,8.737146997004483
16,23,6.6045429152967845
16,24,5.536857788899906
16,25,8.563917882836673
16,26,9.00976866156155
16,27,11.031371037267757
16,28,14.030041249720473
16,29,14.543988446454073
16,30,16.790649769053744
16,31,16.099638878594455
16,32,15.733161320012014
16,33,15.877667565406657
16,34,18.27510870674085
16,35,18.21667010332101
16,36,19.949283985982824
16,37,17.36212286073406
16,38,18.320130383157615
16,39,17.12078607668532
16,40,20.871439877282697
16,41,20.874883833165597
16,42,17.503631006077352
16,43,17.115440597685645
16,44,13.792265559150236
16,45,12.364187252136121
16,46,14.230027566804022
16,47,13.670724053939786
16,48,12.224218892178628
16,49,8.492479202614415
16,50,5.668025169968298
16,51,4.517860360180013
16,52,5.538875407539402
16,53,9.295378608315211
16,54,12.597557363957906
16,55,14.78954686634072
16,56,18.25257908698972
16,57,17.653998023133664
16,58,16.982152401321724
16,59,15.736238437828186
16,60,16.58640619082374
16,61,13.356137149387106
16,62,9.880959972146497
16,63,8.737716584358566
16,64,7.712995628744603
16,65,10.139189687600805
16,66,9.635601511263136
16,67,10.96091875691669
16,68,13.768976542231023
16,69,16.547571441498995
16,70,18.007087534359794
16,71,15.20419052654482
16,72,14.736061413020925
16,73,12.358720091906973
16,74,11.11536281869386
16,75,10.308056890036948
16,76,7.321033091252135
16,77,8.690820970183028
16,78,9.108397782144646
16,79,12.641736095051781
16,80,15.376791499587721
16,81,17.04821305297488
17,1,16.829067187330747
17,2,13.442741367250957
17,3,13.928751980432178
17,4,14.940054433158277
17,5,18.198060420258
17,6,19.561513263392282
17,7,17.396155964986193
17,8,15.386751948218036
17,9,16.94374820222076
17,10,17.85657243108298
17,11,14.525629991266824
17,12,14.25494150457844
17,13,11.893716382562186
17,14,9.426956603478502
17,15,6.088630287234695
17,16,3.8041143307159597
17,18,3.784841076010705
17,19,6.701124246515448
17,20,7.936147332373705
17,21,5.664078388197287
17,22,5.472484776709654
17,23,4.83300544197014
17,24,5.375285463091698
17,25,9.150506350327243
17,26,10.984336958206592
17,27,13.130772907162251
17,28,16.280836058908076
17,29,16.04329540260787
17,30,17.629227527426664
17,31,16.25415097891277
17,32,15.221379038570952
17,33,15.604732696010773
17,34,18.551530941366547
17,35,18.911732564076505
17,36,21.18205658976977
17,37,19.073512044572283
17,38,20.60962578533931
17,39,19.943254236714182
17,40,23.72175816582607
17,41,23.425409653908517
17,42,20.147659108554926
17,43,20.25775292040003
17,44,16.940310130059974
17,45,15.369585612439913
17,46,17.559736746467067
17,47,17.22207901594424
17,48,15.419889851625753
17,49,11.856976615813876
17,50,8.546687596142844
17,51,7.9835153235779375
17,52,7.589863591074387
17,53,11.29453740497393
17,54,13.91781678766949
17,55,16.47149310295926
17,56,19.578544014793657
17,57,18.502535680760058
17,58,17.27568513291402
17,59,15.456109296128968
17,60,16.190875368633037
17,61,13.341063802054986
17,62,10.4941093421186
17,63,8.714271608731217
17,64,7.931527413296919
17,65,9.841881428466168
17,66,8.246693196983209
17,67,9.602753096975626
17,68,11.58800058434138
17,69,14.81620095149621
17,70,15.735484627287438
17,71,12.938209683801855
17,72,13.336800085567202
17,73,11.079821434877937
17,74,9.194774818020498
17,75,8.776818632420119
17,76,5.900539718331576
17,77,7.035342904179646
17,78,9.022871980006059
17,79,12.45537650941872
17,80,15.424167784654415
17,81,17.765876838977995
18,1,18.16838675744675
18,2,14.837253193931765
18,3,14.335463308073214
18,4,14.63302835766669
18,5,17.376048735650446
18,6,18.137610677237586
18,7,15.729900331427137
18,8,14.494769783023001
18,9,16.319930985139823
18,10,17.907355529168363
18,11,14.916913296307436
18,12,15.565294203846156
18,13,13.677880914079184
18,14,12.038308421013229
18,15,8.463724652830823
18,16,6.8807126951829956
18,17,3.784841076010705
18,19,3.791602062310137
18,20,5.335577044337332
18,21,5.0800347398938825
18,22,5.148433082874161
18,23,6.647433667332687
18,24,6.712222831752158
18,25,10.214322122747415
18,26,12.681923086969404
18,27,14.132328421012783
18,28,17.59008918368638
18,29,17.12980174006057
18,30,18.007146096249212
18,31,16.574903538505506
18,32,15.089272345061683
18,33,14.93983911522542
18,34,17.989670078638838
18,35,18.228350722136422
18,36,20.68879505474636
18,37,18.918330825822757
18,38,21.072605184944518
18,39,20.894619406816805
18,40,24.57937270671143
18,41,23.739382383705642
18,42,20.54761014506145
18,43,21.288861370858697
18,44,17.998078784265335
18,45,16.518126950149295
18,46,19.277255910682396
18,47,19.591916532011307
18,48,17.892766293420127
18,49,14.440062204916478
18,50,10.811438737722012
18,51,10.082448573031176
18,52,8.236141899525206
18,53,11.300677688430536
18,54,12.980961789509283
18,55,15.809327684464636
18,56,18.406665255528676
18,57,16.85785935200395
18,58,15.228162372157389
18,59,12.943876636075275
18,60,13.624691884168971
18,61,11.345406225320643
18,62,9.298540133140396
18,63,7.0796777665759585
18,64,7.13840057929043
18,65,8.926442477499526
18,66,7.441928799498771
18,67,9.781401972403149
18,68,10.688135883001612
18,69,13.758570919611747
18,70,13.80498320613618
18,71,10.580219708798294
18,72,11.283688672153263
18,73,8.679755077695912
18,74,5.983371903629707
18,75,5.707755190691377
18,76,3.9215097259012914
18,77,5.872856321430334
18,78,8.763944296496655
18,79,12.084323602715646
18,80,14.595227599633185
18,81,17.541237995117257
19,1,18.625271367110063
19,2,15.169658913402815
19,3,14.036996117574166
19,4,14.406305151846329
19,5,16.83878478536492
19,6,17.575573334388608
19,7,15.626819190312338
19,8,14.915338476717896
19,9,17.42647704444337
19,10,19.00221397400283
19,11,16.01992005030847
19,12,17.240093274556145
19,13,15.150376614443607
19,14,14.041470478984914
19,15,10.270113590714798
19,16,9.83766541415406
19,17,6.701124246515448
19,18,3.791602062310137
19,20,3.802795544906464
19,21,5.5117514301776005
19,22,7.504595636774457
19,23,9.907698785488435
19,24,10.493580163152306
19,25,13.976515784060707
19,26,16.440697555198263
19,27,17.708870068451706
19,28,21.2578952691096
19,29,20.855784188560595
19,30,21.55515401418054
19,31,20.04637771447134
19,32,18.33114744974299
19,33,18.071715328136804
19,34,21.141705493786574
19,35,21.258647312788614
19,36,23.68027460639382
19,37,21.950971136534996
19,38,24.28257997906364
19,39,24.071563898901918
19,40,27.671400419137917
19,41,26.536909787276954
19,42,23.243757331643895
19,43,24.04834925060001
19,44,20.5951442709589
19,45,19.582062324715626
19,46,22.502235226479286
19,47,22.881367613790342
19,48,21.435593873487797
19,49,17.86527382574975
19,50,14.363215999819955
19,51,13.077457293288466
19,52,10.818928826421411
19,53,13.481844065164104
19,54,14.67109788473149
19,55,17.93278213031812
19,56,20.138672960699942
19,57,17.95923347258299
19,58,16.49477967794454
19,59,13.510256762746936
19,60,13.28211469768303
19,61,11.29048869761788
19,62,10.339108883865238
19,63,9.030559964541409
19,64,10.265046940738875
19,65,12.161468504649243
19,66,10.724641425486555
19,67,13.014253066347655
19,68,13.143612024660897
19,69,16.251787368640638
19,70,15.53299255186729
19,71,12.301956815272666
19,72,13.568009293128496
19,73,10.84420340055713
19,74,7.3327593800348225
19,75,6.062435744805655
19,76,4.701738625638609
19,77,4.503481465891646
19,78,8.206433016552579
19,79,10.629913560877974
19,80,13.0903226908684
19,81,16.418962659233433
20,1,22.12168679937323
20,2,18.561580266571372
20,3,17.71581442421248
20,4,18.198158748904916
20,5,20.609054909945755
20,6,21.175566691115574
20,7,19.03322932489139
20,8,18.488656098120714
20,9,20.76286221499477
20,10,22.510133514905167
20,11,19.54896797144147
20,12,20.505421219276236
20,13,18.32845287517185
20,14,16.688341807394817
20,15,12.931519490080941
20,16,11.647555820276487
20,17,7.936147332373705
20,18,5.335577044337332
20,19,3.802795544906464
20,21,3.8119237292488064
20,22,5.948131411812697
20,23,9.371779015305126
20,24,10.953080623558892
20,25,14.199297201130928
20,26,17.24853983536344
20,27,18.936229652261694
20,28,22.23371941692686
20,29,21.185699705990682
20,30,21.52159875676058
20,31,19.41415673493543
20,32,17.33367283386149
20,33,17.644184970504497
20,34,21.070240679744032
20,35,21.82022987116984
20,36,24.68613112511452
20,37,23.419479976560723
20,38,25.872009621968452
20,39,26.006581348567504
20,40,29.667270241010524
20,41,28.703021309080555
20,42,25.63026262543489
20,43,26.564300582113994
20,44,23.290506005020838
20,45,21.786747376119013
20,46,24.53668293409099
20,47,24.741929043593657
20,48,22.786998539718375
20,49,19.419442127498815
20,50,15.789843160685095
20,51,15.323608633008046
20,52,13.5122055376173
20,53,16.371462202528974
20,54,17.537005100914985
20,55,20.47354276182535
20,56,22.626387168975064
20,57,20.668158265154474
20,58,18.670912781367093
20,59,15.89285347431355
20,60,16.13945233756214
20,61,14.614179189385082
20,62,13.631408001674831
20,63,11.589581931468562
20,64,11.88363043193386
20,65,12.718582506410957
20,66,10.309044391413309
20,67,11.814259345881748
20,68,11.113289466813796
20,69,14.416970111688755
20,70,13.44573314070009
20,71,10.835861315498125
20,72,13.066362154858973
20,73,11.28989258260456
20,74,8.325917013577193
20,75,8.674652378710414
20,76,8.029642201200714
20,77,8.139145984559557
20,78,11.887500585263638
20,79,14.20731871077781
20,80,16.777033887999142
20,81,20.11882328870701
21,1,21.240414079669083
21,2,17.58255081563675
21,3,17.533040575918218
21,4,18.580813823942595
21,5,21.501920558382817
21,6,22.56252243408577
21,7,20.46270594039203
21,8,19.228653064863263
21,9,21.262706151946514
21,10,22.56548875076395
21,11,19.302312678768207
21,12,19.54673792731629
21,13,17.020679163130513
21,14,14.726402892205913
21,15,11.158560351727957
21,16,9.42331211755525
21,17,5.664078388197287
21,18,5.0800347398938825
21,19,5.5117514301776005
21,20,3.8119237292488064
21,22,3.807640651689485
21,23,6.5699307461182785
21,24,9.060795795589463
21,25,12.492517032495503
21,26,15.332378500446664
21,27,17.635806614794355
21,28,20.664901755806135
21,29,19.607356311993524
21,30,20.435686657890262
21,31,18.20484365652288
21,32,16.39876700543904
21,33,17.302770172511746
21,34,20.789963628460242
21,35,21.77649881002954
21,36,24.615434688170858
21,37,23.1330533638578
21,38,25.141288082706858
21,39,24.977309148090175
21,40,28.74531577501875
21,41,28.257120312881327
21,42,25.140723197703554
21,43,25.626964375978197
21,44,22.365685061753837
21,45,20.659560328959156
21,46,22.95844665729442
21,47,22.642098324049666
21,48,20.476619673769974
21,49,17.137130627190594
21,50,13.72614804550699
21,51,13.615959678296624
21,52,12.725440312859877
21,53,16.127504771642872
21,54,18.042224326324607
21,55,20.77793056121478
21,56,23.421166023856955
21,57,21.89768281808565
21,58,20.09272549683871
21,59,17.715972877879622
21,60,18.214971101826034
21,61,16.078678007728023
21,62,14.242129421922662
21,63,12.146810551823076
21,64,11.652640892257086
21,65,12.48505498719125
21,66,9.643804829821521
21,67,10.284667613616795
