1,2,3.8834880513193837
1,3,6.950528566134105
1,4,8.365879028164864
1,5,6.115903718044239
1,6,6.62417565732631
1,7,10.138113065165935
1,8,10.915308377414561
1,9,10.319439095571042
1,10,12.574802524832345
1,11,14.948215013550845
1,12,15.73178676704215
1,13,17.320726938721947
1,14,19.321162299594846
1,15,22.774397607633265
1,16,24.241496949275266
1,17,22.980477782945524
1,18,23.384154283784248
1,19,23.581964868051067
1,20,23.04360038122606
1,21,20.190081095050775
1,22,18.360005198508357
1,23,19.027108838503057
1,24,17.926202665324503
1,25,14.578769269511682
1,26,13.837774363930555
1,27,15.411799469613618
1,28,13.657878893796546
1,29,10.003201595399503
1,30,11.12968290990585
1,31,12.94235095763312
1,32,10.47345256495548
1,33,8.016707251060406
1,34,11.380069056257163
1,35,12.696989649310956
1,36,9.954091072735148
1,37,9.883950859792652
1,38,6.690769639143918
1,39,7.133488707287216
1,40,10.853949994410145
1,41,10.932355330153147
1,42,9.649212200190494
1,43,12.144306482826527
1,44,14.774174523757985
1,45,14.445440500589566
1,46,15.011408352463805
1,47,17.86753880755945
1,48,19.5485159400424
1,49,19.475377030004612
1,50,21.14265300456538
1,51,23.923266703408647
1,52,24.907512188371605
1,53,23.70735220590752
1,54,22.194973023324028
1,55,18.878988998333114
1,56,21.138810762138952
1,57,22.531763297279632
1,58,19.24158327254873
1,59,17.815820590367615
1,60,21.37133980766568
1,61,21.597792208295754
1,62,18.186568112329287
1,63,19.2139784880925
1,64,22.48330238953799
1,65,21.45300680306532
1,66,17.873486248023777
1,67,18.700326906253395
1,68,16.0735134642111
1,69,18.198464703012597
1,70,21.645889758313
1,71,24.010342733764585
1,72,21.415906692786834
1,73,23.423746817361828
1,74,22.179201045332512
1,75,20.98870717633184
1,76,23.720770997270492
1,77,23.46834270249852
1,78,26.342954233742198
1,79,28.565261805422324
1,80,32.036093930605965
1,81,33.49885579482435
1,82,32.7837626968223
1,83,33.861502197650395
1,84,30.786680428274245
1,85,28.51328242514234
1,86,27.133350146303695
1,87,30.198585987047124
1,88,28.713323382883647
1,89,27.621942440695385
1,90,31.12459095706391
1,91,32.60014657750249
1,92,30.264116575797374
1,93,30.993545963346637
1,94,32.89290836700216
1,95,34.44787430482019
1,96,32.10731306155836
1,97,33.24962019383511
1,98,34.082837389137445
1,99,30.872400501533114
1,100,28.0947045487392
1,101,24.90980667506813
1,102,21.887721067780728
1,103,23.20381365788038
1,104,26.583328155163095
1,105,25.152930696934817
1,106,25.13236221384589
1,107,22.039809302863198
1,108,22.950439791537775
1,109,26.128427123055175
1,110,27.405984852709658
1,111,29.52711199596548
1,112,32.27704850264036
1,113,33.99007656690519
1,114,37.22568801571487
1,115,35.278491164662135
1,116,35.12212561031216
1,117,32.1717109206337
1,118,31.26229153123782
1,119,28.48086922995685
1,120,26.597740923737554
1,121,27.591474935427794
1,122,26.251552067167324
2,1,3.8834880513193837
2,3,3.870586736411671
2,4,5.469425107152967
2,5,5.136920847840096
2,6,6.266927847912095
2,7,8.647941796091082
2,8,9.99022168707879
2,9,10.73672508944674
2,10,12.489160357752434
2,11,14.254843103680965
2,12,15.847702519227834
2,13,17.656052154228494
2,14,18.924733250498925
2,15,22.212878987629605
2,16,23.12343477741301
2,17,21.30627173496296
2,18,21.234112434143686
2,19,21.810460234296215
2,20,21.215690595106224
2,21,18.848734841245996
2,22,16.601406009107798
2,23,16.723212188608095
2,24,16.122769703065998
2,25,13.087099926767374
2,26,11.413756235541886
2,27,12.942349721568505
2,28,12.031372841463678
2,29,8.243303044862289
2,30,8.356766599386901
2,31,10.907548961727663
2,32,9.535327900135664
2,33,6.5168572483434986
2,34,9.391145263885628
2,35,11.76758292267863
2,36,9.954300889171577
2,37,10.562334118019386
2,38,7.537041862118496
2,39,9.630444936087205
2,40,12.844781395588802
2,41,12.059524428889137
2,42,11.442147474735819
2,43,14.592358681234694
2,44,16.53412239826353
2,45,15.799877348315166
2,46,17.070273417515757
2,47,20.025750436969066
2,48,21.091590378897582
2,49,21.066185684714544
2,50,23.269121940419904
2,51,25.74732373736817
2,52,26.449534587163658
2,53,24.75542223525847
2,54,22.867823631452445
2,55,19.25022504270895
2,56,20.90445053216169
2,57,22.67281618759493
2,58,19.731055942712658
2,59,17.59974216424822
2,60,20.933584291600543
2,61,21.70551059569268
2,62,18.302129093090496
2,63,18.541748345601523
2,64,22.048606709034416
2,65,21.59051552628744
2,66,18.10084391079654
2,67,18.735147893458294
2,68,15.562764963099015
2,69,17.161373543715012
2,70,20.79696178586646
2,71,22.641177514562944
2,72,19.616487793674363
2,73,21.125401528957727
2,74,19.661265775750987
2,75,17.988163875590672
2,76,20.43768679686826
2,77,20.065166557675095
2,78,22.756014337390997
2,79,25.078166916409156
2,80,28.496259027710288
2,81,30.136207801789165
2,82,29.676034623552276
2,83,30.826515342917645
2,84,27.65643721243493
2,85,25.563243375277974
2,86,24.476800399698977
2,87,27.77672251732335
2,88,26.66392987824481
2,89,25.372893937308614
2,90,28.680159667633685
2,91,30.49330199633335
2,92,28.199638188972713
2,93,28.550308116902098
2,94,30.49245825583869
2,95,31.873525575367214
2,96,29.512741659346798
2,97,30.943019306167145
2,98,31.790963389855428
2,99,28.75653101636333
2,100,25.962761367818793
2,101,23.078406388011015
2,102,20.242177381832
2,103,22.140525281047584
2,104,25.30258058858673
2,105,23.713817956907974
2,106,23.152717346233686
2,107,19.89329793512585
2,108,20.264811310737542
2,109,23.185923935143446
2,110,24.249433339763886
2,111,26.140992755997186
2,112,28.80202116063784
2,113,30.342519979814295
2,114,33.648063291263476
2,115,31.768590331478354
2,116,31.812084290844552
2,117,29.036461467897716
2,118,28.393219416712267
2,119,25.87250239131212
2,120,24.24346976896486
2,121,25.677129153282998
2,122,24.794578389918197
3,1,6.950528566134105
3,2,3.870586736411671
3,4,3.864496716381987
3,5,5.58138415991489
3,6,5.239601829550571
3,7,6.154114660471276
3,8,8.70044548114046
3,9,10.020841433933436
3,10,10.645265786752798
3,11,12.213387962088236
3,12,14.61076865602386
3,13,16.04845711969008
3,14,16.649887015102447
3,15,19.903960348577385
3,16,20.59483628376354
3,17,18.5336910460217
3,18,18.029882173286392
3,19,18.478123756534192
3,20,17.62435761729566
3,21,15.511897775761074
3,22,13.29127168232723
3,23,13.014618610156889
3,24,12.457098846638429
3,25,9.719753018754265
3,26,7.681028021895049
3,27,9.111521203637357
3,28,8.623155075489944
3,29,4.918702640871426
3,30,4.931565197684427
3,31,8.11279161799288
3,32,7.5901587613430825
3,33,5.539583750800579
3,34,8.25659918579902
3,35,10.876207992631489
3,36,10.307040921725994
3,37,10.388581567761234
3,38,7.473649133370466
3,39,10.539560762062415
3,40,12.944810318273767
3,41,11.096925347544534
3,42,11.01988612975313
3,43,14.642952949801597
3,44,15.738319462128239
3,45,14.562691222500465
3,46,16.540588882215136
3,47,19.447732650833657
3,48,19.818939898700012
3,49,19.92824111764756
3,50,22.620762682715725
3,51,24.668192739239146
3,52,25.145935594293746
3,53,22.979589874649122
3,54,20.90240899837175
3,55,17.121709042033462
3,56,18.19657715245837
3,57,20.120534532091902
3,58,17.520049844991426
3,59,14.873438238005884
3,60,17.955540572674572
3,61,19.149597140788913
3,62,15.905063992557427
3,63,15.57641868037031
3,64,19.239855833528615
3,65,19.329056190010835
3,66,16.134173282085243
3,67,16.984623603040284
3,68,13.65682135292688
3,69,14.499224139475064
3,70,18.29167559605708
3,71,19.895132216710575
3,72,16.711368544529456
3,73,17.892649315183277
3,74,16.092153521090648
3,75,14.44879992742666
3,76,16.916216212840478
3,77,16.518303035110257
3,78,19.4377774347332
3,79,21.70729217177643
3,80,25.253357827350168
3,81,26.65321810711156
3,82,26.01995910720226
3,83,27.29867116403136
3,84,24.275809949438344
3,85,21.98555173596697
3,86,21.036544632619734
3,87,24.351699249200053
3,88,23.22804544147302
3,89,21.709456693619412
3,90,24.963702625192226
3,91,26.77850136859172
3,92,24.417606563947682
3,93,24.693778279512514
3,94,26.627463091943135
3,95,28.042285356280356
3,96,25.76281468951467
3,97,27.28964979399811
3,98,28.31979006203517
3,99,25.429357770614075
3,100,22.470949835533574
3,101,19.744346252853674
3,102,16.848516623964986
3,103,19.04007844230347
3,104,21.96835514972785
3,105,20.185722540591645
3,106,19.455108108651565
3,107,16.10523613448378
3,108,16.439255492320896
3,109,19.427265022800526
3,110,20.523980213108455
3,111,22.59422621746162
3,112,25.33058025187043
3,113,27.11351991895218
3,114,30.303514702638495
3,115,28.385987043466884
3,116,28.216053637114598
3,117,25.338941870918543
3,118,24.571376745020565
3,119,22.024835442401816
3,120,20.38213432161922
3,121,21.90070138784992
3,122,21.18492917396532
4,1,8.365879028164864
4,2,5.469425107152967
4,3,3.864496716381987
4,5,3.880705784694205
4,6,5.5082724867038
4,7,5.070996758533503
4,8,6.173752784341948
4,9,8.70313790644983
4,10,9.919225068314343
4,11,10.372482899241529
4,12,12.63279562143953
4,13,14.836988392879865
4,14,15.270282351006593
4,15,18.119651345212898
4,16,18.429610147939062
4,17,16.252618765053466
4,18,16.146625523753315
4,19,17.21379943004972
4,20,17.154841568296483
4,21,15.172354965523873
4,22,12.244246614010333
4,23,12.575585900295678
4,24,12.992673988944528
4,25,9.978198302126167
4,26,7.717334569960343
4,27,10.45257813452612
4,28,10.812158281006782
4,29,7.330575993158406
4,30,7.765727599518133
4,31,11.418020027680722
4,32,11.19312741580473
4,33,9.397724887301521
4,34,11.920554376022734
4,35,14.726179450555444
4,36,14.058165716652793
4,37,14.001592813281855
4,38,10.694710046996912
4,39,13.139805828945187
4,40,15.835623612680521
4,41,13.786597683510722
4,42,12.823266200220601
4,43,16.550215539454165
4,44,17.852674939466763
4,45,15.994010675404663
4,46,17.533129227276184
4,47,20.874953093989784
4,48,21.078582470742507
4,49,20.493896207131
4,50,23.33154002536157
4,51,25.585898500766177
4,52,25.526826299945164
4,53,23.452752903328832
4,54,20.878148195973903
4,55,17.139299604304643
4,56,18.255687664857383
4,57,20.776378727647106
4,58,18.557228936763785
4,59,15.976815051389686
4,60,19.191472727822102
4,61,20.89084538312586
4,62,18.058727992340433
4,63,17.73014497335652
4,64,21.552611147014797
4,65,22.004722937722917
4,66,19.09651599846271
4,67,20.373669013998928
4,68,17.1751034299732
4,69,17.590559091720298
4,70,21.451388126135985
4,71,22.93250842760136
4,72,19.649493139169902
4,73,20.340305326307114
4,74,17.985825729866516
4,75,15.981401452092376
4,76,17.787434179718623
4,77,16.53951862975503
4,78,19.091981878453872
4,79,20.84800219787521
4,80,24.14178498149755
4,81,25.740763346425414
4,82,25.230511834983233
4,83,25.992070135522233
4,84,22.71902288613132
4,85,20.78266621536888
4,86,19.420886566120128
4,87,22.71542424186517
4,88,21.838006131574392
4,89,20.856135146193054
4,90,24.135446596644847
4,91,26.18100773293502
4,92,24.311853731614832
4,93,24.696629919401857
4,94,27.101816293114354
4,95,28.79917751357966
4,96,26.919698655915177
4,97,28.85291982541406
4,98,30.256091183657457
4,99,27.68210196899959
4,100,24.494483538864912
4,101,22.097452411241733
4,102,19.07169019279708
4,103,21.46160072918487
4,104,24.02945353132643
4,105,21.737656435778003
4,106,20.93025798526645
4,107,17.266632714362505
4,108,17.379752336554624
4,109,20.224941503192877
4,110,20.636077655967235
4,111,22.75270700815538
4,112,25.020090163929414
4,113,26.657434615487837
4,114,30.040364561064433
4,115,28.579712271148182
4,116,28.45610475393153
4,117,25.788392449537927
4,118,24.95172771124285
4,119,22.72167290905554
4,120,20.80300469248073
4,121,22.6300420796007
4,122,21.84747326425391
5,1,6.115903718044239
5,2,5.136920847840096
5,3,5.58138415991489
5,4,3.880705784694205
5,6,3.8578242600144885
5,7,5.5548314807591925
5,8,5.227101524932504
5,9,6.327724128182852
5,10,8.811136897705552
5,11,9.918924362884928
5,12,11.073554809184595
5,13,13.43421425466313
5,14,14.828258010704912
5,15,17.880217459049057
5,16,18.835480041244022
5,17,17.364334002984968
5,18,18.010934029335445
5,19,18.71377253936341
5,20,18.881148833857853
5,21,16.25902832709886
5,22,13.707457233884464
5,23,14.880704637207948
5,24,14.751332840055735
5,25,11.16379894093994
5,26,10.13873232915724
5,27,12.98723474925979
5,28,12.324860463249333
5,29,8.61665270512027
5,30,10.20949952202869
5,31,13.295992729006011
5,32,11.916347541832783
5,33,10.20490773575311
5,34,13.487724093401068
5,35,15.646282767888147
5,36,14.130672558000821
5,37,13.57115282524575
5,38,9.819122141612121
5,39,11.178069310826785
5,40,14.296250790200608
5,41,12.722258905308514
5,42,10.838695452770363
5,43,14.26040405387752
5,44,16.21648440292063
5,45,14.40710773637284
5,46,15.187915490749743
5,47,18.70837379761715
5,48,19.428936458973237
5,49,18.536680724715936
5,50,20.976244740827177
5,51,23.643574043005852
5,52,23.685172316369464
5,53,22.116478937834277
5,54,19.72979982621687
5,55,16.217186832343256
5,56,18.11792089330477
5,57,20.427415286068797
5,58,17.851433260187186
5,59,15.9815220538712
5,60,19.592714110819923
5,61,20.848985779328512
5,62,18.011291178140123
5,63,18.50930140949934
5,64,22.216700706711173
5,65,22.16359315774315
5,66,19.140811180214182
5,67,20.71482084998599
5,68,17.919008490193388
5,69,18.841682062914742
5,70,22.645148421912836
5,71,24.663497803156872
5,72,21.715962247607187
5,73,22.915350212395186
5,74,20.743315860251077
5,75,19.18912050882696
5,76,21.29653756171401
5,77,20.149709560497257
5,78,22.835864151443854
5,79,24.440925743984096
5,80,27.723004926490393
5,81,29.176336238878307
5,82,28.42359758505965
5,83,29.00952214949386
5,84,25.812295973529675
5,85,23.75503522237464
5,86,21.97729440568184
5,87,24.96614758627845
5,88,23.68547624439447
5,89,23.057548971338104
5,90,26.575512899153406
5,91,28.270774179483716
5,92,26.43709364549874
5,93,27.276053206578883
5,94,29.70990535710897
5,95,31.638482347849447
5,96,29.815334444928187
5,97,31.503231035156084
5,98,32.93532586073472
5,99,30.184555098376393
5,100,26.9616083052165
5,101,24.24073704515325
5,102,20.949613488033357
5,103,22.799029405897517
5,104,25.60251737526126
5,105,23.376949777749555
5,106,23.14471261654463
5,107,19.58470336588007
5,108,20.28793903359464
5,109,23.416978074333908
5,110,24.003741039916942
5,111,26.346714241310455
5,112,28.64979871025825
5,113,30.41492888641504
5,114,33.7554741323591
5,115,32.283985097085534
5,116,31.984464005357758
5,117,29.165593383104387
5,118,28.04824378683049
5,119,25.565102783757244
5,120,23.32298300268747
5,121,24.702633560376018
5,122,23.37403199608321
6,1,6.62417565732631
6,2,6.266927847912095
6,3,5.239601829550571
6,4,5.5082724867038
6,5,3.8578242600144885
6,7,3.8639272284946733
6,8,5.480727561282216
6,9,5.100506896372292
6,10,6.276016213588251
6,11,8.623745638800779
6,12,10.189049049745375
6,13,11.490177527266544
6,14,12.929833680774745
6,15,16.41539240487861
6,16,17.854976055230264
6,17,16.671768044984535
6,18,17.141669991885667
6,19,17.069601212749774
6,20,16.70701807615853
6,21,13.731188302003218
6,22,11.899878965578205
6,23,13.08488837739006
6,24,12.094627683172734
6,25,8.408458589077158
6,26,8.387058466424055
6,27,10.824431998203904
6,28,9.311217293023384
6,29,5.879407920545254
6,30,8.662972990225358
6,31,11.07381674447121
6,32,9.22014340462203
6,33,8.66746499568189
6,34,12.27455611668126
6,35,13.735467340060957
6,36,12.563236834178062
6,37,11.121001197199162
6,38,7.346297457480885
6,39,8.89471192326264
6,40,11.361708813704904
6,41,9.21082760340715
6,42,7.491613780979752
6,43,11.205913099876915
6,44,12.662035787136869
6,45,10.779324162354806
6,46,12.077881477695772
6,47,15.426931227486905
6,48,15.90732950335016
6,49,15.392021806919702
6,50,18.007467175826143
6,51,20.38174383768301
6,52,20.629641297310418
6,53,18.84510485388905
6,54,16.712168844645618
6,55,13.1130542931807
6,56,15.012466914235972
6,57,16.971128275996975
6,58,14.204423202260326
6,59,12.358111065193397
6,60,16.01267789359472
6,61,17.05306684052609
6,62,14.182582185081014
6,63,14.896111033353108
6,64,18.531069903268595
6,65,18.40022547209757
6,66,15.484680761957852
6,67,17.360008821688183
6,68,14.862382596604787
6,69,15.670870289957133
6,70,19.415768038728302
6,71,21.70841253831745
6,72,19.06917407721042
6,73,20.573326726157777
6,74,18.518686154796224
6,75,17.608087917520898
6,76,20.15885123868478
6,77,19.41447797585607
6,78,22.5513613006751
6,79,24.204834265474084
6,80,27.723454579458426
6,81,28.717695749186372
6,82,27.536714215511775
6,83,28.390377227776046
6,84,25.5330805582984
6,85,22.99103449707161
6,86,21.24955300816612
6,87,24.046542779295443
6,88,22.299104367538856
6,89,21.406938739054393
6,90,25.049463221118028
6,91,26.340016836504393
6,92,24.202143053779402
6,93,25.28561473549617
6,94,27.4864442161701
6,95,29.49247687754224
6,96,27.629988905202474
6,97,28.991627171684467
6,98,30.439545828771866
6,99,27.57556306199208
6,100,24.316646802399582
6,101,21.378482682755227
6,102,17.91062408875854
6,103,19.40366684391905
6,104,22.29790381672757
6,105,20.19344402166196
6,106,20.361876839502802
6,107,17.007894099454074
6,108,18.29859576152768
6,109,21.739641740565396
6,110,22.789804037928317
6,111,25.454732311441482
6,112,28.059566937426624
6,113,30.229330629086455
6,114,33.30890278863258
6,115,31.573914020256836
6,116,30.898443881333847
6,117,27.77885756495206
6,118,26.34214218197
6,119,23.49725733225835
6,120,21.1055475043255
6,121,22.02060325668928
6,122,20.422615283869963
7,1,10.138113065165935
7,2,8.647941796091082
7,3,6.154114660471276
7,4,5.070996758533503
7,5,5.5548314807591925
7,6,3.8639272284946733
7,8,3.8469505478901476
7,9,5.503131374177811
7,10,5.128866422063611
7,11,6.07855895679927
7,12,8.853850358533153
7,13,10.244017019349034
7,14,10.579050013117756
7,15,13.781963414622501
7,16,14.679736735148705
7,17,13.087684242393038
7,18,13.327354128955127
7,19,13.496521811351213
7,20,13.379506944515096
7,21,10.744864432578774
7,22,8.331716529425174
7,23,9.625105052495803
7,24,9.384991467736423
7,25,5.742128292832489
7,26,5.382164203334769
7,27,8.71220922106215
7,28,8.351026935154398
7,29,5.691747881711602
7,30,8.285868931894559
7,31,11.190406151034251
7,32,10.505195061270994
7,33,10.474546803421996
7,34,13.478916899124881
7,35,15.345331880776943
7,36,15.033338145257112
7,37,13.669273846520168
7,38,10.263781170584005
7,39,12.363434837887274
7,40,14.255575357923345
7,41,11.370616348496025
7,42,10.089566426454105
7,43,13.905778024445432
7,44,14.565357556192454
7,45,12.00505823227874
7,46,13.764651125601432
7,47,17.11559055226077
7,48,16.74783175174119
7,49,15.99358057146783
7,50,19.15521392635695
7,51,21.127905271945416
7,52,20.807331949477785
7,53,18.55406292461385
7,54,15.870731676096794
7,55,12.112336735175402
7,56,13.235860485306093
7,57,15.838968231330822
7,58,13.813949222360954
7,59,11.355432409535817
7,60,14.71683964852885
7,61,16.596432621817833
7,62,14.222829995437506
7,63,14.196385764170333
7,64,18.019682872729906
7,65,18.699162582414495
7,66,16.300290199460157
7,67,18.399375394243105
7,68,15.809432215698495
7,69,15.675911469838603
7,70,19.488349038998102
7,71,21.351186477157743
7,72,18.516667508540387
7,73,19.366736919157145
7,74,16.735937637111274
7,75,15.645284903551213
7,76,17.749224933756054
7,77,16.517897238044924
7,78,19.591999015336892
7,79,20.880385486930983
7,80,24.33278427986759
7,81,25.210998728223235
7,82,23.954651292532283
7,83,24.6390971224154
7,84,21.79256216934577
7,85,19.265250095130583
7,86,17.409345723413587
7,87,20.221991183906002
7,88,18.61021119327986
7,89,17.797859665822234
7,90,21.417002538365285
7,91,22.881188369799148
7,92,20.971100477486758
7,93,22.018665989713583
7,94,24.49495721067404
7,95,26.66763429687423
7,96,25.112552484422373
7,97,26.816254178290794
7,98,28.609526846764254
7,99,26.09389836198981
7,100,22.612654085674176
7,101,20.09216477899461
7,102,16.600584587478448
7,103,18.54239424589715
7,104,20.928318401307163
7,105,18.3355848904032
7,106,18.22110533594121
7,107,14.602057699127581
7,108,15.683815900767218
7,109,19.04100778859014
7,110,19.69927755792
7,111,22.513430739510376
7,112,24.891866613561326
7,113,27.161195157767914
7,114,30.2165418316481
7,115,28.71075671107662
7,116,27.90347130710262
7,117,24.85267204499607
7,118,23.296267720570576
7,119,20.652121216215
7,120,18.10254967920742
7,121,19.330736348628477
7,122,17.90941719361924
8,1,10.915308377414561
8,2,9.99022168707879
8,3,8.70044548114046
8,4,6.173752784341948
8,5,5.227101524932504
8,6,5.480727561282216
8,7,3.8469505478901476
8,9,3.8925998960560153
8,10,5.46966983889899
8,11,4.9680436227913685
8,12,6.5083448334052925
8,13,9.195738194609623
8,14,10.038000261222777
8,15,12.788002699600316
8,16,13.658607704485052
8,17,12.45500223376452
8,18,13.664968546929328
8,19,14.321689683568126
8,20,15.170577270186175
8,21,12.508333710028646
8,22,9.770719794553106
8,23,11.971269123294432
8,24,12.371007000339878
8,25,8.764683288598894
8,26,8.65936624836849
8,27,12.3244530786162
8,28,12.14808618923559
8,29,9.44153285511671
8,30,11.833579679943236
8,31,14.926169998018958
8,32,13.989739001587267
8,33,13.510684359361395
8,34,16.695509834438617
8,35,18.672079101159603
8,36,17.845960078324012
8,37,16.52810539662896
8,38,12.81086687682706
8,39,14.122236130899521
8,40,16.467264005030213
8,41,13.962111354293155
8,42,11.748560723660846
8,43,15.246873218944259
8,44,16.471770985674578
8,45,13.616913983120664
8,46,14.426418783550083
8,47,18.13526373238122
8,48,17.993345240737277
8,49,16.446810189528243
8,50,19.39527067005789
8,51,21.784641258705474
8,52,21.04428973994425
8,53,19.256938946838506
8,54,16.275576247896126
8,55,12.869156734057833
8,56,14.499127215577168
8,57,17.42285800028044
8,58,15.598915088029484
8,59,13.768325874562732
8,60,17.257380673385352
8,61,19.182791456309065
8,62,17.13940475370412
8,63,17.510710977689953
8,64,21.251567803830845
8,65,21.854902398814733
8,66,19.544787989054633
8,67,21.84713841836824
8,68,19.41493970261965
8,69,19.427823064086358
8,70,23.209003775552162
8,71,25.162990789361523
8,72,22.358858524405367
8,73,23.12025661467266
8,74,20.341555217995698
8,75,19.066682968771108
8,76,20.79198980598604
8,77,19.06058626968835
8,78,21.765539409361054
8,79,22.62186541493423
8,80,25.772206645185737
8,81,26.812463668153043
8,82,25.64551753311244
8,83,25.78296937430237
8,84,22.768468131474865
8,85,20.617338403961657
8,86,18.2443193748234
8,87,20.817982459722938
8,88,19.305717113608694
8,89,19.238806238871522
8,90,22.879660893025083
8,91,24.381329833679377
8,92,22.98168654931113
8,93,24.26382499967484
8,94,27.07790775481863
8,95,29.487709061202928
8,96,28.236208597220344
8,97,30.1247325781337
8,98,32.112220521418465
8,99,29.739711949258414
8,100,26.18259294994289
8,101,23.781808385385226
8,102,20.241274633862936
8,103,22.077531452180764
8,104,24.317223844717184
8,105,21.508066958961905
8,106,21.524673585560084
8,107,17.853224318208056
8,108,18.857352868845144
8,109,22.064916024207292
8,110,22.25172410682296
8,111,25.042326171610814
8,112,27.02648168251044
8,113,29.123740661307867
8,114,32.316097542231375
8,115,31.174845619373237
8,116,30.427639607451745
8,117,27.560364474098726
8,118,25.946434095535906
8,119,23.535424600206763
8,120,20.771608512380297
8,121,22.054514627583348
8,122,20.412056011994753
9,1,10.319439095571042
9,2,10.73672508944674
9,3,10.020841433933436
9,4,8.70313790644983
9,5,6.327724128182852
9,6,5.100506896372292
9,7,5.503131374177811
9,8,3.8925998960560153
9,10,3.8592140360976352
9,11,5.517793402714007
9,12,5.4506967517372935
9,13,7.334953915711928
9,14,9.554655895869168
9,15,12.78923538808259
9,16,14.682626270050921
9,17,14.38482930525919
9,18,15.951844120194869
9,19,15.776753672519398
9,20,16.351181698567785
9,21,13.036888214335793
9,22,11.310566386268876
9,23,13.859889704583367
9,24,13.266162062548108
9,25,9.444860522977171
9,26,10.60728744520007
9,27,13.77433163122492
9,28,12.497095644781826
9,29,9.95887510552967
9,30,13.14329901492039
9,31,15.53619790307832
9,32,13.706458210275548
9,33,13.707070838764665
9,34,17.317284881583547
9,35,18.562096960059698
9,36,17.332853579209157
9,37,15.36940656947301
9,38,11.641683500591794
9,39,12.006628509257608
9,40,14.149206502967587
9,41,11.89152009670708
9,42,8.959317755530806
9,43,12.03918281180157
9,44,13.534693402861715
9,45,10.657102864014876
9,46,10.834248309613274
9,47,14.643858658458363
9,48,14.860485970841669
9,49,13.143359259409408
9,50,15.795304335516157
9,51,18.455074572517255
9,52,17.935255187076372
9,53,16.56438678955064
9,54,13.963544575391616
9,55,10.801278849952988
9,56,13.313079418324051
9,57,15.70859133837131
9,58,13.432003095990574
9,59,12.443143134548913
9,60,16.21558249997174
9,61,17.52595407055335
9,62,15.529226129241337
9,63,16.73954306340083
9,64,20.221781732372442
9,65,20.30951279725646
9,66,18.02230759404445
9,67,20.629202178038412
9,68,18.722081264749214
9,69,19.104269471165786
9,70,22.708108784833517
9,71,25.168453860796557
9,72,22.796769961462623
9,73,24.102837164652907
9,74,21.63720312037805
9,75,20.949088601054093
9,76,23.144535906493513
9,77,21.821879453953244
9,78,24.830961204198342
9,79,25.776296867179266
9,80,29.058692850337746
9,81,29.81231772211885
9,82,28.31728181393467
9,83,28.568077732656274
9,84,25.81511783117211
9,85,23.34641501003986
9,86,20.86442566491256
9,87,23.097208892354384
9,88,21.042653502699
9,89,21.010679956871915
9,90,24.81427251394319
9,91,25.79352958463338
9,92,24.201171791370754
9,93,25.89686328134192
9,94,28.500634135351966
9,95,31.03117489635446
9,96,29.725690131046573
9,97,31.205478165413165
9,98,33.13047922858284
9,99,30.538440386181183
9,100,27.019515300210724
9,101,24.26339314964517
9,102,20.536411811426973
9,103,21.72369986620295
9,104,24.200540022978856
9,105,21.624711223816774
9,106,22.283611465829985
9,107,18.90432984639502
9,108,20.56894469699297
9,109,24.07238485520803
9,110,24.702243196526336
9,111,27.71086639532987
9,112,29.93735066597299
9,113,32.272645411914226
9,114,35.30835587418497
9,115,33.95410408793206
9,116,32.96059501040702
9,117,29.84672540568946
9,118,27.955901038322335
9,119,25.177883332874252
9,120,22.220465582298047
9,121,22.87874105879241
9,122,20.70415180405887
10,1,12.574802524832345
10,2,12.489160357752434
10,3,10.645265786752798
10,4,9.919225068314343
10,5,8.811136897705552
10,6,6.276016213588251
10,7,5.128866422063611
10,8,5.46966983889899
10,9,3.8592140360976352
10,11,3.8477860715658303
10,12,5.44406279094325
10,13,5.470338164425042
10,14,6.836333804170951
10,15,10.512174870673732
10,16,12.61109485126656
10,17,12.395014656987367
10,18,13.618777707666451
10,19,12.738727168742157
10,20,12.934798214955004
10,21,9.402215496990037
10,22,8.337337618521605
10,23,11.040425054482334
10,24,10.010188282910953
10,25,6.4075998512064585
10,26,8.705916401047467
10,27,11.567357206932101
10,28,10.224636426830077
10,29,8.790821057089873
10,30,12.32660545279011
10,31,14.260557468355685
10,32,12.789661618629566
10,33,13.778423263032215
10,34,17.11216587350563
10,35,18.068337429214367
10,36,17.560310632815295
10,37,15.186527639250448
10,38,11.890828089611531
10,39,12.773307988999653
10,40,13.976930866880274
10,41,10.923636039561192
10,42,8.707050778490427
10,43,11.897278520086099
10,44,12.249750692943506
10,45,8.858784612067089
10,46,10.026994906305774
10,47,13.50206879288981
10,48,12.787030004495302
10,49,11.345339405385998
10,50,14.634310922064387
10,51,16.620503372100764
10,52,15.925094529800079
10,53,13.898605280886128
10,54,11.1015849885114
10,55,7.556850894004194
10,56,9.606586635045293
10,57,12.162097348031258
10,58,10.21501649666912
10,59,8.885225054659655
10,60,12.53854480041473
10,61,14.208403022840322
10,62,12.60099829684488
10,63,13.576598020920299
10,64,17.02295650075744
10,65,17.555204730503693
10,66,15.762654653340434
10,67,18.69841660775649
10,68,17.04805274437547
10,69,16.787132551246554
10,70,20.26293088200651
10,71,22.652933855909943
10,72,20.49246167642519
10,73,21.66161241905422
10,74,19.067814226611166
10,75,18.849790705914188
10,76,21.09511303751068
10,77,19.907133863898057
10,78,23.146399329237116
10,79,23.95113356150701
10,80,27.33199933092124
10,81,27.649257329773828
10,82,25.78867766979589
10,83,26.198790903104932
10,84,23.79060074178359
10,85,20.959744171834032
10,86,18.518304834536004
10,87,20.536720928063247
10,88,18.13279890293111
10,89,17.89601873319808
10,90,21.75165072948765
10,91,22.430636052550657
10,92,20.690693555504296
10,93,22.588479328750935
10,94,25.09873416833068
10,95,27.75696664653912
10,96,26.597213207195946
10,97,27.96056035357526
10,98,30.05814139627091
10,99,27.593861209569866
10,100,23.98263557050637
10,101,21.327656305283963
10,102,17.51988337429893
10,103,18.58995243676331
10,104,20.7959582993986
10,105,18.06683930958536
10,106,18.96073250686951
10,107,15.726772486300314
10,108,17.785302944543844
10,109,21.40378581969001
10,110,22.20788739007109
10,111,25.48070979193485
10,112,27.805136125002868
10,113,30.467289260277422
10,114,33.24236897782152
10,115,31.794300139261143
10,116,30.456209989494685
10,117,27.17863965195802
10,118,24.991802294828407
10,119,22.054670890367724
10,120,18.920409267636348
10,121,19.28304838511115
10,122,16.932365665725836
11,1,14.948215013550845
11,2,14.254843103680965
11,3,12.213387962088236
11,4,10.372482899241529
11,5,9.918924362884928
11,6,8.623745638800779
11,7,6.07855895679927
11,8,4.9680436227913685
11,9,5.517793402714007
11,10,3.8477860715658303
11,12,3.870750299775163
11,13,5.285066408120879
11,14,5.099209150886563
11,15,7.991789253976947
11,16,9.372212707370451
11,17,8.970484282204566
11,18,10.732761394730812
11,19,10.523885836857888
11,20,11.763140808782486
11,21,8.815893774319912
11,22,6.769298046248845
11,23,10.128524051021774
11,24,10.426174431452417
11,25,7.351173226406913
11,26,8.9596349863796
11,27,12.419675786669965
11,28,12.230500926611004
11,29,10.94409489236721
11,30,13.890960647572365
11,31,16.37232607201765
11,32,15.606956134116398
11,33,16.27818864715279
11,34,19.339745471019516
11,35,20.819279182441402
11,36,20.532699521103712
11,37,18.522115309240288
11,38,15.145573216345985
11,39,16.319102716124203
11,40,17.741851601412527
11,41,14.630994994704395
11,42,12.524432861136605
11,43,15.701707359567415
11,44,16.00257628600036
11,45,12.46719046489801
11,46,13.440515370671692
11,47,16.900563433399604
11,48,15.823183605014357
11,49,13.911640142703655
11,50,17.299355058960867
11,51,19.141158964153995
11,52,17.767179878810097
11,53,15.670770496300129
11,54,12.263532512502747
11,55,9.086313385561201
11,56,10.307872186736589
11,57,13.651203317212548
11,58,12.675100799091137
11,59,11.107148708190484
11,60,14.239774553186118
11,61,16.61925226254658
11,62,15.501657259920064
11,63,15.878318864997114
11,64,19.36624942560892
11,65,20.46976299048114
11,66,18.97007780369143
11,67,21.871017666113985
11,68,20.015191969002714
11,69,19.296409070009172
11,70,22.81144489526296
11,71,24.792663317029835
11,72,22.396266541760568
11,73,22.9652696686579
11,74,19.914974113108496
11,75,19.30590247479441
11,76,20.91082116317592
11,77,19.06801760375397
11,78,21.93600752269304
11,79,22.20645057074141
11,80,25.298817249176142
11,81,25.665338179772462
11,82,23.87525260665689
11,83,23.797522920212206
11,84,21.28086863641678
11,85,18.76446692774805
11,86,15.92289432417934
11,87,17.814921056522447
11,88,15.672452460526173
11,89,16.02937626785676
11,90,19.821353150961777
11,91,20.773824161232135
11,92,19.615128159172837
11,93,21.510425302267045
11,94,24.459692660209846
11,95,27.313591580329824
11,96,26.560439790035844
11,97,28.36126441541352
11,98,30.77676821823888
11,99,28.69263469075322
11,100,24.942779577279655
11,101,22.75969023309368
11,102,19.06750974278018
11,103,20.569453389691137
11,104,22.26923974181989
11,105,19.097270320708013
11,106,19.629242063479307
11,107,16.181139349203615
11,108,17.79325702757308
11,109,21.11284073821502
11,110,21.258010766552342
11,111,24.52355951465446
11,112,26.38961366518942
11,113,28.94977466054235
11,114,31.79273184287485
11,115,30.761599962359476
11,116,29.439223833600142
11,117,26.404538821640998
11,118,24.197492661780334
11,119,21.675101690086493
11,120,18.40777940658565
11,121,19.207862986849563
11,122,17.070531881362125
12,1,15.73178676704215
12,2,15.847702519227834
12,3,14.61076865602386
12,4,12.63279562143953
12,5,11.073554809184595
12,6,10.189049049745375
12,7,8.853850358533153
12,8,6.5083448334052925
12,9,5.4506967517372935
12,10,5.44406279094325
12,11,3.870750299775163
12,13,3.8736197092174884
12,14,5.799987238449049
12,15,8.101085019019514
12,16,10.252276311196438
12,17,11.008799492213944
12,18,13.622478248935558
12,19,13.345343135833577
12,20,14.969055535341488
12,21,11.864725849258155
12,22,10.386985960518233
12,23,13.925167003652268
12,24,13.993775082128405
12,25,10.842942124762656
12,26,12.656458176678779
12,27,16.06908602096188
12,28,15.405764486171963
12,29,13.822994153945267
12,30,17.00479045777411
12,31,19.407829754410574
12,32,18.067833440249043
12,33,18.579345001793353
12,34,21.97269483427031
12,35,23.236783169507625
12,36,22.42446491036945
12,37,20.215477987816723
12,38,16.68079654537651
12,39,17.009168803481607
12,40,18.59331730704529
12,41,15.943963264569222
12,42,13.079826912045604
12,43,15.656562066812569
12,44,16.456756468582064
12,45,12.888732001095168
12,46,12.72273143166687
12,47,16.326493875366836
12,48,15.642300350266758
12,49,12.974970922837871
12,50,15.882351548321985
12,51,18.182552491915075
12,52,16.537761758151042
12,53,15.217102671552034
12,54,11.893250804631188
12,55,9.505835187119382
12,56,11.70191663035752
12,57,14.727977378147179
12,58,13.663565299895167
12,59,13.136705261926718
12,60,16.396197358880034
12,61,18.316191503425944
12,62,17.405525145942256
12,63,18.478487273468225
12,64,21.732604108981057
12,65,22.431430873995993
12,66,20.948576459056607
12,67,24.041856542206528
12,68,22.49003414726874
12,69,22.142559617085396
12,70,25.56883787185465
12,71,27.871382097422277
12,72,25.671795804041142
12,73,26.515278827103696
12,74,23.59675583253
12,75,23.091316111720666
12,76,24.771220776940396
12,77,22.901953935755717
12,78,25.683087478784035
12,79,25.822323508286374
12,80,28.767580646426236
12,81,29.147932420130708
12,82,27.319584326793738
12,83,26.95208010077783
12,84,24.47480550925354
12,85,22.129681802234586
12,86,19.013108741477794
12,87,20.503629473909122
12,88,18.227299644050074
12,89,19.117251182898436
12,90,22.88029756609377
12,91,23.552296034996832
12,92,22.65721115060182
12,93,24.8604932123621
12,94,27.84518562838084
12,95,30.84701599010877
12,96,30.209870767428242
12,97,31.888994909560612
12,98,34.333303205148866
12,99,32.187981660795366
12,100,28.451156499593154
12,101,26.12074834284787
12,102,22.339875021716963
12,103,23.448347145376573
12,104,25.237681764240357
12,105,22.155169813582088
12,106,23.065631678567886
12,107,19.77131142151216
12,108,21.58773642625157
12,109,24.94185071421896
12,110,25.063596397577257
12,111,28.34379327532475
12,112,30.103028588964058
12,113,32.615280748100844
12,114,35.48112482011642
12,115,34.558196880081795
12,116,33.20680946582041
12,117,30.18827209673525
12,118,27.878366123843445
12,119,25.33457680920549
12,120,21.943965827237687
12,121,22.449246654549103
12,122,19.951992271808063
13,1,17.320726938721947
13,2,17.656052154228494
13,3,16.04845711969008
13,4,14.836988392879865
13,5,13.43421425466313
13,6,11.490177527266544
13,7,10.244017019349034
13,8,9.195738194609623
13,9,7.334953915711928
13,10,5.470338164425042
13,11,5.285066408120879
13,12,3.8736197092174884
13,14,3.877600892531233
13,15,6.846669818706396
13,16,10.060930652217527
13,17,11.529287131891506
13,18,13.913359304202405
13,19,12.547586105436809
13,20,13.703372702956672
13,21,10.245828124291489
13,22,10.102961456281985
13,23,13.698870850410207
13,24,13.002324458067816
13,25,10.33360532387199
13,26,13.16243462580287
13,27,15.976131418269771
13,28,14.83258127008881
13,29,14.090981031476955
13,30,17.619659858843843
13,31,19.36350538306577
13,32,17.88847964767215
13,33,19.171331923078128
13,34,22.506808686754717
13,35,23.221937545043858
13,36,22.690045727859516
13,37,19.97776045114062
13,38,16.847951805219257
13,39,17.016991057057865
13,40,17.808077116500677
13,41,14.929979394940924
13,42,12.337578552196387
13,43,14.458402380433206
13,44,14.507738148314305
13,45,10.717972198930765
13,46,10.696435579496804
13,47,13.864482444974673
13,48,12.549053254434845
13,49,9.790654025073817
13,50,13.01266637750894
13,51,14.8323824915223
13,52,12.983142928518486
13,53,11.42700160658075
13,54,8.023282565460486
13,55,5.918284586196853
13,56,8.41640625750398
13,57,11.177814557077602
13,58,10.42344696979665
13,59,10.547058492389647
13,60,13.542767164921448
13,61,15.30590199543747
13,62,14.98101039218592
13,63,16.35879589738719
13,64,19.227193064838108
13,65,19.961631611692606
13,66,19.00171697818877
13,67,22.42302575157768
13,68,21.418512961096567
13,69,20.8189921419787
13,70,23.924555776918094
13,71,26.39723689447723
13,72,24.649136037799128
13,73,25.65644345814141
13,74,22.880409226515237
13,75,23.00982380573207
13,76,24.925698843510357
13,77,23.397996248070452
13,78,26.455926649481096
13,79,26.57021931341777
13,80,29.637471985521316
13,81,29.54442454844493
13,82,27.28519246973922
13,83,27.120664986266778
13,84,25.08847112786228
13,85,22.331238212675963
13,86,19.27070548125746
13,87,20.350576794502597
13,88,17.495412113902503
13,89,18.255474963973914
13,90,22.063874379003845
13,91,22.13018402113718
13,92,21.049989739677848
13,93,23.655035016457
13,94,26.39809211844366
13,95,29.540834784997696
13,96,29.012001005585336
13,97,30.343130578124786
13,98,32.86149371045999
13,99,30.72998516852456
13,100,27.00930580738619
13,101,24.623025957237743
13,102,20.794071138390734
13,103,21.383128466766042
13,104,23.00144117383576
13,105,19.997755590415462
13,106,21.47195656468845
13,107,18.58032305731239
13,108,20.977250282513406
13,109,24.480071974007778
13,110,24.960309233608697
13,111,28.49225890814686
13,112,30.44103671938385
13,113,33.292618190933766
13,114,35.86226942408302
13,115,34.750237259952875
13,116,33.02613802891099
13,117,29.784905148590667
13,118,27.130098674974654
13,119,24.312152739893623
13,120,20.74354924668634
13,121,20.612824966775747
13,122,17.668660044913278
14,1,19.321162299594846
14,2,18.924733250498925
14,3,16.649887015102447
14,4,15.270282351006593
14,5,14.828258010704912
14,6,12.929833680774745
14,7,10.579050013117756
14,8,10.038000261222777
14,9,9.554655895869168
14,10,6.836333804170951
14,11,5.099209150886563
14,12,5.799987238449049
14,13,3.877600892531233
14,15,3.8351822092024803
14,16,6.727654635057519
14,17,8.157155617587119
14,18,10.420862799885498
14,19,8.812571080481206
14,20,10.379668907990556
14,21,7.394873309020914
14,22,7.374593779941471
14,23,11.144874534551802
14,24,11.057874663811306
14,25,9.256566566530019
14,26,12.020646745416848
14,27,14.73005295607406
14,28,14.360862172182248
14,29,14.275842632912058
14,30,17.434559576270672
14,31,19.232656531348127
14,32,18.49785958957415
14,33,19.987364205487367
14,34,22.91993756204226
14,35,23.87793195643319
14,36,23.928031199339912
14,37,21.388625570579133
14,38,18.431654525550755
14,39,19.29705344176871
14,40,19.89648020184536
14,41,16.570193086696975
14,42,14.661087988864521
14,43,17.151574667593454
14,44,16.60666570239765
14,45,12.772799538528366
14,46,13.640731774103314
14,47,16.481553562611133
14,48,14.474346648159917
14,49,12.204192942054705
14,50,15.77127470697806
14,51,16.870410280557277
14,52,14.732325380310085
14,53,12.429308052907636
14,54,8.632707226777455
14,55,6.473301191532785
14,56,7.000147762515149
14,57,10.592117247022303
14,58,10.912175951645578
14,59,10.191712332310617
14,60,12.486464100333473
14,61,15.095367976515607
14,62,15.20111065665023
14,63,15.73780740322077
14,64,18.62034563084245
14,65,20.09548507887377
14,66,19.531364914626106
14,67,22.90663902867443
14,68,21.76344641437403
14,69,20.49938117125165
14,70,23.545773852246775
14,71,25.57261399223065
14,72,23.740574721434932
14,73,24.21155906355275
14,74,21.119698898641044
14,75,21.247594477724164
14,76,22.74606788702409
14,77,20.97273633826746
14,78,23.88314133458607
14,79,23.625331687714482
14,80,26.550749209675168
14,81,26.206762750867718
14,82,23.79365856278872
14,83,23.49825550126586
14,84,21.671352769979514
14,85,18.880465454785195
14,86,15.720911521640868
14,87,16.56345744983175
14,88,13.633791203745986
14,89,14.568017788750872
14,90,18.325071094741098
14,91,18.408108531806658
14,92,17.585736189946665
14,93,20.242016466743706
