1,2,3.8730126043771365
1,3,6.559408743020817
1,4,10.276801802849375
1,5,12.88113595797806
1,6,16.522451817548475
1,7,18.61109890188885
1,8,21.74316739327536
1,9,23.474245697169803
1,10,23.657264349465486
1,11,20.219346786221912
1,12,19.89522749078412
1,13,16.13199155980476
1,14,14.275334906545627
1,15,10.533054301631251
1,16,8.5547736413036
1,17,5.473219967895976
1,18,5.806764837799943
1,19,5.94108454785206
1,20,6.13019527127832
1,21,5.400874405894778
1,22,5.009512570995292
1,23,7.502677188877852
1,24,10.824136553718866
1,25,11.069551464619428
1,26,12.227019643719137
1,27,10.265680077089966
1,28,12.65693456433047
1,29,14.289615088394914
1,30,16.809820000905873
1,31,20.102413365343246
1,32,21.707796552390587
1,33,18.48866277756863
1,34,16.479942314960137
1,35,13.70897035459825
1,36,11.557743752082997
1,37,9.978692415437607
1,38,9.89519942762748
1,39,11.78808362646578
1,40,13.933696307858334
1,41,17.062312330049597
1,42,20.480489692158557
1,43,23.064337925878544
1,44,26.616054903434737
1,45,28.79249906665074
1,46,30.3854295692087
1,47,30.149903543262322
1,48,26.40456858821052
1,49,26.17806658757084
1,50,22.99322807012371
1,51,23.649812379978872
1,52,21.467424120196114
1,53,22.803094588325326
1,54,21.407082696210104
1,55,23.26422554724389
1,56,23.424179681243984
1,57,25.323987627877504
1,58,27.231250734510347
1,59,28.067404289181404
1,60,27.00903131004756
1,61,26.31622467613199
1,62,25.804058280155328
1,63,23.64241335976304
1,64,25.699149002640993
1,65,24.959501029487928
1,66,23.166855724813463
1,67,23.840811818206866
1,68,24.571207759669598
1,69,25.05035865780457
1,70,22.360756627172176
1,71,24.222572563976286
1,72,23.87592216562478
1,73,20.13398161159087
1,74,20.603951829915626
1,75,25.944763733620444
1,76,28.14614417173165
1,77,28.07308654505497
1,78,26.50875563294109
1,79,23.732299146307202
1,80,20.07567139861108
1,81,18.92319760452924
1,82,15.755662308078028
1,83,15.352974888163587
1,84,13.441307052949016
1,85,14.89625053018941
1,86,15.755730273899351
1,87,17.783851043942256
1,88,19.490511577516138
1,89,20.08431935355773
1,90,23.74335089152209
1,91,24.608590684947174
1,92,26.883636265671573
1,93,24.384511609609543
1,94,25.098481155772426
1,95,23.0091557852935
1,96,21.87575689975698
1,97,20.18919361777838
1,98,20.773954188527277
1,99,19.213603716856458
1,100,18.935886661522044
1,101,17.557078578497556
1,102,19.151077478284105
1,103,18.779063195031124
1,104,21.11466096818939
1,105,23.097945457261243
1,106,31.57978704819676
1,107,32.91989513123181
1,108,30.516022635316173
1,109,26.702100111392472
1,110,24.090322798606685
1,111,20.778624127000956
1,112,19.71817158902293
1,113,16.966777509366363
1,114,16.928693326374606
1,115,14.285152723977312
1,116,15.908468710714748
1,117,13.706584029367944
1,118,13.72593411050131
1,119,16.088539404603157
1,120,18.144232624769558
1,121,19.399193277939194
1,122,21.294961123312625
2,1,3.8730126043771365
2,3,3.817518671036632
2,4,7.091126968083271
2,5,9.591925014778626
2,6,13.019994590753479
2,7,14.950358487486444
2,8,18.25006244260448
2,9,19.88878979723165
2,10,19.93322857484151
2,11,16.449260236999276
2,12,16.388877956805008
2,13,12.664637013465736
2,14,10.73466912863149
2,15,7.00855096958869
2,16,5.51977108859007
2,17,4.116539970064649
2,18,6.3072190520879206
2,19,8.410450384481905
2,20,9.145237581427109
2,21,7.033831605513316
2,22,5.700497855734612
2,23,5.953218010544511
2,24,9.241779388861216
2,25,10.816031648094542
2,26,12.5355571655831
2,27,10.787521956079136
2,28,13.851256888978195
2,29,15.26846773626282
2,30,18.357854217926295
2,31,21.32748847327998
2,32,23.1728132454341
2,33,20.178346267528624
2,34,17.865047536292014
2,35,14.591442980910694
2,36,12.30359463787168
2,37,9.64028694251132
2,38,9.036421072632251
2,39,9.660166353386659
2,40,11.469324228314388
2,41,14.11345810994919
2,42,17.418801339877596
2,43,19.957199184247425
2,44,23.367198889891657
2,45,25.77609321276248
2,46,27.67653194798583
2,47,27.72083163600009
2,48,24.270559453671982
2,49,24.20638909954986
2,50,21.0946788996224
2,51,21.660807532308002
2,52,19.695907229738264
2,53,20.946053291449783
2,54,19.917049197422717
2,55,21.811194098739453
2,56,22.512763046492893
2,57,24.306902264957216
2,58,25.799181709700395
2,59,26.88699806202706
2,60,25.467034074265907
2,61,25.039223888404077
2,62,24.4136694920771
2,63,22.710049214899787
2,64,25.163944719711367
2,65,24.720048910118656
2,66,22.48964255481612
2,67,23.190848326689384
2,68,23.321149534194472
2,69,23.779808372301602
2,70,20.85446854088117
2,71,22.972065030616715
2,72,23.17498574619769
2,73,19.509403256176533
2,74,19.59021492567893
2,75,23.81610503206296
2,76,25.65186233128693
2,77,25.206742655745693
2,78,23.575170156103948
2,79,21.11390403232375
2,80,17.60119417552639
2,81,16.894554737451166
2,82,14.197789498379542
2,83,14.14593628689424
2,84,13.117097790143996
2,85,14.554551306338922
2,86,16.08523919395371
2,87,17.963844296042748
2,88,20.25846401857226
2,89,20.77376101336419
2,90,24.505634976143472
2,91,25.80248117733001
2,92,27.712383574308546
2,93,24.831242223444978
2,94,25.36860490336816
2,95,23.47629639819248
2,96,21.8860381804284
2,97,20.089255133896437
2,98,19.954150250090002
2,99,18.161046439140527
2,100,17.19587572268015
2,101,15.768627412448673
2,102,16.808057686584366
2,103,16.40358288260791
2,104,18.428155159898257
2,105,20.522170367616415
2,106,28.93147884450602
2,107,29.963891647551588
2,108,27.4519673870338
2,109,23.642006326541022
2,110,21.073008078338606
2,111,17.63812064735239
2,112,16.53290830341668
2,113,13.803051443357894
2,114,14.057363556316435
2,115,11.90403506107327
2,116,13.980890341262159
2,117,12.55581855643443
2,118,13.236116893098824
2,119,16.263319501914783
2,120,18.66021015708642
2,121,20.58084184451236
2,122,23.00011420401183
3,1,6.559408743020817
3,2,3.817518671036632
3,4,3.8154154107744893
3,5,6.547837684726367
3,6,10.208276646471612
3,7,12.813974142448986
3,8,15.833737073514891
3,9,18.055568517280463
3,10,18.649454552007395
3,11,15.476453521621396
3,12,16.013330367185002
3,13,12.378846242252314
3,14,11.17960074383137
3,15,7.689010387140425
3,16,5.676443190248626
3,17,5.824497062769673
3,18,6.8132336871542405
3,19,9.746277167640947
3,20,9.885277880790303
3,21,6.615934067370134
3,22,5.356125313980525
3,23,3.9754812383995795
3,24,6.054958532108736
3,25,8.254026744404586
3,26,9.973631827708822
3,27,8.605821416405048
3,28,12.12631329894429
3,29,13.670072755855339
3,30,17.156705737937255
3,31,19.922417313445084
3,32,22.244968441008925
3,33,19.715742326660145
3,34,17.698087891232767
3,35,14.127207205815216
3,36,12.622202468069062
3,37,9.942384538107895
3,38,10.369756917110504
3,39,10.435306853748873
3,40,12.677901767812928
3,41,14.710205085719423
3,42,18.020291955501154
3,43,20.019019366142984
3,44,23.281848132573206
3,45,25.716320268234423
3,46,27.949977831999437
3,47,27.92363289752732
3,48,23.96832100142443
3,49,23.464296969286764
3,50,20.109178866726538
3,51,20.021795643189925
3,52,17.687260755117652
3,53,18.35299232462176
3,54,17.052878193090137
3,55,18.578249065114917
3,56,19.3047499885716
3,57,20.842950158023694
3,58,22.302504108724083
3,59,23.648366215353235
3,60,22.328522188941037
3,61,22.290094181493686
3,62,22.047898805641093
3,63,20.711275902930616
3,64,23.53781119746258
3,65,23.65756524991119
3,66,21.51233616896439
3,67,22.76843188154818
3,68,22.70270700481147
3,69,23.70223969338682
3,70,21.04683292616782
3,71,23.67993623901533
3,72,23.915384606658904
3,73,20.515262486816624
3,74,20.916633896848005
3,75,24.81074682040726
3,76,26.456672759790035
3,77,25.802439011015547
3,78,24.44439710227948
3,79,22.408486122312457
3,80,19.0504694333075
3,81,18.393459670648696
3,82,15.949374900553812
3,83,15.399084922211145
3,84,14.499980232193353
3,85,15.050385103271054
3,86,16.26034250520991
3,87,17.37188048699323
3,88,19.646335210725063
3,89,19.5552545002922
3,90,23.15124039231965
3,91,24.465723975826197
3,92,25.916976165859783
3,93,22.757784806434756
3,94,22.87473619957496
3,95,20.930123324298265
3,96,18.937552869277148
3,97,16.971721013376257
3,98,16.482094704926652
3,99,14.784608463585043
3,100,13.740465732938599
3,101,12.781344449802766
3,102,14.061841956771726
3,103,14.383933701440407
3,104,16.765900475916865
3,105,19.421410875872446
3,106,28.379901498386417
3,107,29.11910084511819
3,108,26.252765088552856
3,109,22.436239362190737
3,110,20.381308319979485
3,111,16.680635742107036
3,112,14.811853096237952
3,113,11.54033187820244
3,114,10.998574192810961
3,115,8.485849678093606
3,116,10.258200328458827
3,117,9.020884000718514
3,118,10.254733390228427
3,119,13.52789966545767
3,120,16.293103492901686
3,121,18.602362150325774
3,122,21.479817569068086
4,1,10.276801802849375
4,2,7.091126968083271
4,3,3.8154154107744893
4,5,3.8162052906519706
4,6,6.9479648630861135
4,7,9.997466453878033
4,8,12.999817250935196
4,9,15.50529270368906
4,10,16.20031001569203
4,11,13.240511643017086
4,12,14.578470939387218
4,13,11.375204842361432
4,14,10.520823711759208
4,15,7.986049414398163
4,16,7.07912481226484
4,17,8.88867190904561
4,18,10.14031005278815
4,19,13.389143074166983
4,20,13.448139083383678
4,21,9.90422447064238
4,22,8.299113493568687
4,23,5.255657280742489
4,24,5.399874830957039
4,25,8.873929003793691
4,26,10.989268123514666
4,27,10.452645728334906
4,28,14.134086616707398
4,29,15.604854315438397
4,30,19.324708762454694
4,31,21.743003665158703
4,32,24.347429196680448
4,33,22.205803867893255
4,34,20.252120765355365
4,35,16.531410229700132
4,36,15.328568275164512
4,37,12.37741489227453
4,38,12.724071527407203
4,39,11.727170168078842
4,40,13.482755252220704
4,41,14.56494506389867
4,42,17.468734802792405
4,43,19.119617580530285
4,44,22.005696010912345
4,45,24.674191782197873
4,46,27.316661214233307
4,47,27.564132669008757
4,48,23.822701288693036
4,49,23.295554186384685
4,50,20.02494318800814
4,51,19.507371826142318
4,52,17.269264782171412
4,53,17.41561854521825
4,54,16.315056455855835
4,55,17.468583629366197
4,56,18.620780361329587
4,57,19.73124088505435
4,58,20.800371980210763
4,59,22.587319769912437
4,60,21.095980206153055
4,61,21.605947736428142
4,62,21.548538929068073
4,63,20.869471644822646
4,64,24.097218049460373
4,65,24.703288362071856
4,66,22.36954175960132
4,67,23.839765057837642
4,68,23.237642022396184
4,69,24.406436714452212
4,70,21.763458934863003
4,71,24.67336595216812
4,72,25.32547025200704
4,73,22.181213110060874
4,74,22.3713501978178
4,75,25.083218067790654
4,76,26.253396640727363
4,77,25.141424375488732
4,78,23.800753365572334
4,79,22.317297641864833
4,80,19.332944400384513
4,81,19.180298580326262
4,82,17.36275876914223
4,83,17.005181410950144
4,84,16.77977096865821
4,85,17.04707397651484
4,86,18.47410843138737
4,87,19.15735909062893
4,88,21.64680991460133
4,89,21.239214483776912
4,90,24.67223861990749
4,91,26.16963344820629
4,92,27.137229678113666
4,93,23.69489871259343
4,94,23.406546923129348
4,95,21.566862895667622
4,96,19.054015404243707
4,97,16.88101669952788
4,98,15.62699020313335
4,99,14.044384007460717
4,100,12.376854921778213
4,101,11.944999680415876
4,102,12.716324569203652
4,103,13.54931341446312
4,104,15.658464066175608
4,105,18.634095433814128
4,106,27.490463301221705
4,107,27.744560509308144
4,108,24.636763525219415
4,109,20.919184880101188
4,110,19.254487898239375
4,111,15.438684847930256
4,112,13.126798696661558
4,113,9.670416865633731
4,114,8.799324202414072
4,115,6.912398571135855
4,116,8.562071003926729
4,117,8.493617343286031
4,118,10.7676626755975
4,119,14.242876753846135
4,120,17.318828530083064
4,121,20.05025876073747
4,122,23.317896321002483
5,1,12.88113595797806
5,2,9.591925014778626
5,3,6.547837684726367
5,4,3.8162052906519706
5,6,3.8394331752925446
5,7,6.826626534486181
5,8,9.44841468552553
5,9,12.12781611884546
5,10,13.38257178649552
5,11,10.96428461586743
5,12,12.27371702275674
5,13,9.397101620895896
5,14,9.84078521545341
5,15,8.072751591085636
5,16,7.101795191984718
5,17,9.936306804314219
5,18,11.16163500815348
5,19,14.861160722618578
5,20,15.551083199869737
5,21,12.236198670511545
5,22,11.535221621138604
5,23,8.929200887434629
5,24,8.321968561056975
5,25,11.609503765898825
5,26,12.886365940690283
5,27,11.886659215399495
5,28,15.158114465908012
5,29,15.813084625197256
5,30,19.62192412730557
5,31,21.464625635035024
5,32,23.977387599312188
5,33,22.112176618017013
5,34,19.95442494024294
5,35,16.172911121044752
5,36,15.115288266435632
5,37,11.973512778209273
5,38,12.430883876122941
5,39,10.697091243326943
5,40,12.461705995050268
5,41,12.884788535092444
5,42,15.685781131539315
5,43,16.67408543740281
5,44,19.44995585238137
5,45,21.907947438123436
5,46,24.660957165641918
5,47,24.782459566804512
5,48,20.824641341736882
5,49,20.142646557223575
5,50,16.93557067693247
5,51,16.17797722043017
5,52,14.1534536245156
5,53,14.253683182152772
5,54,13.70374116786809
5,55,15.128301855003096
5,56,16.944922882488648
5,57,18.290582660929825
5,58,18.73022147625582
5,59,20.37437965716788
5,60,18.408247338788406
5,61,18.90534110525619
5,62,18.596684658253896
5,63,18.319977394672684
5,64,21.725290563303403
5,65,22.562383033422226
5,66,19.995454360001823
5,67,21.535048166840213
5,68,20.50798333610485
5,69,21.836450685925357
5,70,19.358320098448967
5,71,22.536257550249903
5,72,23.407598988308745
5,73,20.624436034767108
5,74,20.85843746994186
5,75,23.019595841840513
5,76,24.05637400461684
5,77,22.945307487846502
5,78,22.06009257167534
5,79,20.899774268355188
5,80,18.124345146618605
5,81,17.881810479624427
5,82,16.4541540194764
5,83,15.808193303702803
5,84,16.08322216729429
5,85,15.856242067686324
5,86,17.480285260687047
5,87,17.820071067446456
5,88,20.641789350855063
5,89,20.256391719837033
5,90,23.57657169933156
5,91,25.51858574938328
5,92,26.198874745911066
5,93,22.597941210695872
5,94,22.422570618652248
5,95,21.137514897860576
5,96,18.629850660107444
5,97,16.985950576788237
5,98,15.049578289709217
5,99,12.845609703594286
5,100,10.318046937261377
5,101,9.416877226618439
5,102,9.360391603474199
5,103,10.177292816260529
5,104,12.107148653813848
5,105,15.265231676106279
5,106,24.208728132397802
5,107,24.335935556823774
5,108,21.097976886552676
5,109,17.416671169016137
5,110,16.102107593955818
5,111,12.261955923863955
5,112,9.548944785184721
5,113,5.959059072255956
5,114,5.2271069661443805
5,115,4.659394961112364
5,116,7.441776542161889
5,117,8.945661830590884
5,118,10.776455344745916
5,119,14.502152004568382
5,120,17.189480374117682
5,121,20.406102783624682
5,122,23.829784607719205
6,1,16.522451817548475
6,2,13.019994590753479
6,3,10.208276646471612
6,4,6.9479648630861135
6,5,3.8394331752925446
6,7,3.822840504766263
6,8,6.222557741760955
6,9,9.137953956861631
6,10,10.56851451680026
6,11,8.80497472064326
6,12,10.980132355711966
6,13,9.180244757350602
6,14,10.26919317116881
6,15,9.931082359648052
6,16,10.028821903225241
6,17,13.355761160209173
6,18,14.853186230181258
6,19,18.611576813537496
6,20,19.389520607172752
6,21,16.04490040033181
6,22,15.134527622678283
6,23,12.144958860394468
6,24,11.100255673776633
6,25,14.596305992395077
6,26,15.982550506311304
6,27,15.352910265718444
6,28,18.521594199907717
6,29,18.98950651125486
6,30,22.79677128798692
6,31,24.290454494953728
6,32,26.835056858214788
6,33,25.234440595070037
6,34,23.045690020753444
6,35,19.302518896457347
6,36,18.317574100526677
6,37,15.082967095505921
6,38,15.24011435578666
6,39,12.790028653243079
6,40,13.799724416310898
6,41,13.130506285802658
6,42,15.184958731692312
6,43,15.61378518383577
6,44,17.793039114827792
6,45,20.403201005704645
6,46,23.52848725044292
6,47,23.970783718730118
6,48,20.51635244178885
6,49,19.962739740555687
6,50,17.130859422927834
6,51,16.090773385449236
6,52,14.581751811069852
6,53,14.29540069267793
6,54,14.37874028741414
6,55,15.526134743643015
6,56,17.91117727033483
6,57,18.905705246989548
6,58,18.669733031664553
6,59,20.583720190379577
6,60,18.282929226544326
6,61,19.223871671445366
6,62,18.88370651797113
6,63,19.339224852737097
6,64,22.938293584099807
6,65,24.103553368719748
6,66,21.334282793044917
6,67,22.856026862531603
6,68,21.23382732760225
6,69,22.54436571572747
6,70,20.12046794406145
6,71,23.38304365330912
6,72,24.722385977344253
6,73,22.29305235340645
6,74,22.216237717470417
6,75,22.961037641605486
6,76,23.430125043990124
6,77,21.865475027905735
6,78,21.097243304187263
6,79,20.602931625216485
6,80,18.390910959784012
6,81,18.669372479853315
6,82,17.99027957026179
6,83,17.63701696496324
6,84,18.57535880954634
6,85,18.260803496409284
6,86,20.13777627727603
6,87,20.257951041386036
6,88,23.255677562028154
6,89,22.798091805598645
6,90,25.909741914172983
6,91,28.072327723610595
6,92,28.38455499795802
6,93,24.65939742537833
6,94,24.28389035690598
6,95,23.284546710520832
6,96,20.537661937396273
6,97,18.966371263561495
6,98,16.402453020733063
6,99,14.28142694266421
6,100,11.140760218214172
6,101,10.587354804936789
6,102,9.391853552940736
6,103,10.375415180913313
6,104,11.405423926182197
6,105,14.583258844748274
6,106,22.86444063932054
6,107,22.424411479173532
6,108,19.015579527909527
6,109,15.582349840275878
6,110,14.787510140822178
6,111,11.12363481773263
6,112,8.167306445992631
6,113,5.238010613906879
6,114,4.9584137511313555
6,115,6.675561628730831
6,116,8.946765510413078
6,117,11.484472956672812
6,118,13.585618849992724
6,119,17.169893997275775
6,120,19.803417980298097
6,121,23.237785633126418
6,122,26.813247205292768
7,1,18.61109890188885
7,2,14.950358487486444
7,3,12.813974142448986
7,4,9.997466453878033
7,5,6.826626534486181
7,6,3.822840504766263
7,8,3.8323506584373552
7,9,5.583405171923169
7,10,6.809472925160149
7,11,5.538880367392477
7,12,7.799355495452427
7,13,7.1048042337978785
7,14,9.122555724398932
7,15,10.09732767019236
7,16,10.990017319079016
7,17,14.729279212285624
7,18,16.72590435488709
7,19,20.54572051824867
7,20,21.8813082272273
7,21,18.827930598894287
7,22,18.041270724561368
7,23,15.224151600294967
7,24,14.69269945976662
7,25,18.213181756618745
7,26,19.532342772676255
7,27,18.516648861713644
7,28,21.513897217944344
7,29,21.54697554966834
7,30,25.274161528210435
7,31,26.517251056998965
7,32,28.73534238957697
7,33,27.070029800024933
7,34,24.530493032461376
7,35,20.880647116764177
7,36,19.535158822716614
7,37,16.083865999653575
7,38,15.616790321838536
7,39,12.475105079689863
7,40,12.636489252909156
7,41,10.991717093276721
7,42,12.370968085833448
7,43,12.317279426650344
7,44,14.160568587581258
7,45,16.820223433886376
7,46,20.101004602715612
7,47,20.804128443240643
7,48,18.058774568615007
7,49,17.973040443187013
7,50,15.697303208124568
7,51,15.056219232576757
7,52,14.480736648752856
7,53,14.698688141038597
7,54,15.73376933353547
7,55,17.328854311541253
7,56,20.192895549269437
7,57,21.446891500839072
7,58,20.673858778866975
7,59,22.284724337698023
7,60,19.486634932925295
7,61,20.15561875739315
7,62,19.207856846233963
7,63,19.904654786925498
7,64,23.364061957911478
7,65,24.349583429855496
7,66,21.209097335951178
7,67,22.27461938641996
7,68,20.117702325034294
7,69,21.01973148928559
7,70,18.459999203240255
7,71,21.573090119551328
7,72,23.420690665968962
7,73,21.279257950521608
7,74,20.745143826526576
7,75,20.188720037627217
7,76,20.257608392116026
7,77,18.466763936738978
7,78,17.881107624212056
7,79,17.812988523857065
7,80,16.073460812995727
7,81,16.701387542016185
7,82,16.75973348296142
7,83,16.77429722618
7,84,18.469670285961232
7,85,18.335687629802628
7,86,20.726990127852833
7,87,21.06466299060042
7,88,24.404761882389565
7,89,24.364311003679646
7,90,27.46226851689749
7,91,29.99115787459777
7,92,30.334513204109086
7,93,26.65338675696351
7,94,26.605918722123185
7,95,26.02422321205725
7,96,23.489762359750305
7,97,22.279227870084334
7,98,19.568708976705313
7,99,17.10970817698466
7,100,13.642122889305632
7,101,12.418716690214083
7,102,10.107042811793736
7,103,10.018278318793817
7,104,9.710391211341436
7,105,12.309529398562265
7,106,19.672317109180888
7,107,19.004993430853848
7,108,15.701976129433797
7,109,12.369676677639507
7,110,11.552262973470151
7,111,8.159264138145788
7,112,5.7999314240363145
7,113,4.800145099910859
7,114,6.741006272409936
7,115,9.568569752511321
7,116,12.300640981182328
7,117,15.014936181621167
7,118,16.674118375558187
7,119,20.324092920199092
7,120,22.610333198882863
7,121,26.15411101897802
7,122,29.635231748669288
8,1,21.74316739327536
8,2,18.25006244260448
8,3,15.833737073514891
8,4,12.999817250935196
8,5,9.44841468552553
8,6,6.222557741760955
8,7,3.8323506584373552
8,9,3.836864442459431
8,10,6.965116140653209
8,11,7.768381278981689
8,12,9.661718117265433
8,13,9.880445483901696
8,14,12.572288380726528
8,15,13.597349302179145
8,16,14.005544143131146
8,17,17.627126050397106
8,18,19.16443211840382
8,19,23.0132395000519
8,20,24.381666868489912
8,21,21.367798817688602
8,22,20.972152232783365
8,23,18.242706841444793
8,24,17.163484679136968
8,25,20.46804684115134
8,26,21.315337728215777
8,27,20.319737242271156
8,28,22.96217551263087
8,29,22.594091787472458
8,30,26.21419057984957
8,31,26.952055074099082
8,32,29.1624248351392
8,33,27.92734768327738
8,34,25.52761442840708
8,35,22.032770336721935
8,36,21.135871777538416
8,37,17.987367322428447
8,38,17.943294399690078
8,39,14.850887560274895
8,40,15.204352660519405
8,41,13.241105995623641
8,42,14.248150442754689
8,43,13.152041911741005
8,44,14.436897318962753
8,45,16.55770385801559
8,46,19.912874052454743
8,47,20.37846980624112
8,48,17.323703526129215
8,49,16.822623873862586
8,50,14.79657080119631
8,51,13.513876565813002
8,52,13.258245296274673
8,53,12.964360964547117
8,54,14.540971079049077
8,55,15.933585898871298
8,56,19.210047879239063
8,57,20.368621457052786
8,58,18.95408376202919
8,59,20.473664708670707
8,60,17.403981706406686
8,61,18.30023632401692
8,62,17.361338719435537
8,63,18.73076439553464
8,64,22.2599978858737
8,65,23.667392959322427
8,66,20.59956532850131
8,67,21.896640783929993
8,68,19.394915955814096
8,69,20.651166953863296
8,70,18.62530639809247
8,71,21.949027022822598
8,72,23.831405945564487
8,73,22.23090345128421
8,74,21.946657410054733
8,75,20.958687249461626
8,76,20.834634637806307
8,77,19.109605997929282
8,78,19.19429030855556
8,79,19.58213260016823
8,80,18.21452371123888
8,81,18.635360137990588
8,82,18.94438806915223
8,83,18.53191576770476
8,84,20.31185257366661
8,85,19.58601135406542
8,86,21.732931678316742
8,87,21.521378056690523
8,88,24.805092701288203
8,89,24.545957059277683
8,90,27.29378025381159
8,91,30.005768410340544
8,92,29.932784356892572
8,93,26.221870840388142
8,94,26.06955512014413
8,95,25.921182840243645
8,96,23.396835153273212
8,97,22.581006699664954
8,98,19.461740833004136
8,99,16.912071140284276
8,100,13.181103275408885
8,101,12.114381256937481
8,102,9.11124354925897
8,103,9.381419111353207
8,104,8.527508602671256
8,105,11.235525023352535
8,106,18.22783018436549
8,107,17.167669928089555
8,108,13.549794283001708
8,109,10.596176398852773
8,110,11.008948787390963
8,111,8.241944318915719
8,112,5.375814126238808
8,113,5.631812010838346
8,114,7.019648514598024
8,115,10.656253912216272
8,116,12.981240586534495
8,117,16.297191443575294
8,118,17.69628407242165
8,119,21.104490458946376
8,120,23.06643636372803
8,121,26.795650307963864
8,122,30.34419544765869
9,1,23.474245697169803
9,2,19.88878979723165
9,3,18.055568517280463
9,4,15.50529270368906
9,5,12.12781611884546
9,6,9.137953956861631
9,7,5.583405171923169
9,8,3.836864442459431
9,10,3.8562044721847455
9,11,6.20973602814415
9,12,7.555533838692392
9,13,9.202996465100146
9,14,12.233323362986363
9,15,14.185954460971466
9,16,15.245763378317031
9,17,19.006910606692735
9,18,21.00694709079959
9,19,24.810832219206343
9,20,26.586502536508625
9,21,23.804998633444498
9,22,23.364534913776584
9,23,20.730848951993906
9,24,20.166181545320597
9,25,23.582754848541505
9,26,24.56329085147113
9,27,23.294455939350023
9,28,25.921021011471183
9,29,25.359587160746944
9,30,28.90429976730757
9,31,29.586897259846506
9,32,31.47978752283617
9,33,30.067809794791252
9,34,27.353231210272483
9,35,23.969175822563784
9,36,22.652007243716934
9,37,19.346612671727403
9,38,18.6633930541596
9,39,15.16262944500633
9,40,14.649176424740004
9,41,11.894370710505806
9,42,11.958055858644348
9,43,10.275929646874525
9,44,10.927664030987794
9,45,13.094139046950382
9,46,16.623064703027467
9,47,17.49379692266714
9,48,15.585536802394278
9,49,15.81589488337292
9,50,14.582696468861059
9,51,14.024802742048594
9,52,14.765177590121372
9,53,15.157101845240545
9,54,17.33758227717593
9,55,19.1161466147523
9,56,22.532977564571535
9,57,23.914687610136934
9,58,22.308481037409127
9,59,23.533999699152282
9,60,20.20799481122782
9,61,20.724432761985202
9,62,19.213921154964723
9,63,20.561829254134018
9,64,23.794566352887525
9,65,24.851993556361254
9,66,21.48434127877506
9,67,22.18321833999779
9,68,19.2633521897169
9,69,19.905997533608385
9,70,17.69781796342023
9,71,20.660875600352675
9,72,23.06385345385846
9,73,21.718068521956624
9,74,20.88669585160407
9,75,18.43146840796794
9,76,17.796794303441445
9,77,15.79123729598008
9,78,16.068174180624045
9,79,16.957250046172554
9,80,16.208205530499022
9,81,17.042199217408342
9,82,18.10347840873372
9,83,18.18054417642246
9,84,20.598333251299156
9,85,20.22542625790758
9,86,22.839285311981808
9,87,22.994986080975966
9,88,26.522827686532672
9,89,26.719340480243723
9,90,29.511185509011554
9,91,32.46048299000776
9,92,32.55141868777078
9,93,28.947891531615262
9,94,29.126360221962425
9,95,29.191972800305635
9,96,26.870762649206153
9,97,26.20362624305485
9,98,23.160188176754946
9,99,20.439491706173417
9,100,16.69564829534033
9,101,15.144280599982652
9,102,11.792179538043248
9,103,10.939456730293255
9,104,8.763588848700309
9,105,10.222756157251855
9,106,15.484463698857446
9,107,14.118829303108758
9,108,10.743391190099967
9,109,8.037336761217464
9,110,8.39099611979378
9,111,6.56021697719927
9,112,5.587177833211905
9,113,7.7865527957898015
9,114,10.30847190858868
9,115,13.896572199164146
9,116,16.58618366083294
9,117,19.73201179715387
9,118,20.932153861777564
9,119,24.441856450613493
9,120,26.230878070920667
9,121,29.945815110556556
9,122,33.3649320864919
10,1,23.657264349465486
10,2,19.93322857484151
10,3,18.649454552007395
10,4,16.20031001569203
10,5,13.38257178649552
10,6,10.56851451680026
10,7,6.809472925160149
10,8,6.965116140653209
10,9,3.8562044721847455
10,11,3.8806682245071915
10,12,5.605311058161421
10,13,8.338693104281042
10,14,10.744452427682399
10,15,13.570996255838319
10,16,15.545365008039713
10,17,19.366309798651542
10,18,21.942100486142927
10,19,25.644751435997858
10,20,27.519728283677487
10,21,24.79626247931701
10,22,23.93694806994985
10,23,21.216746943979377
10,24,21.18362735306981
10,25,24.79479595965901
10,26,26.237868852907706
10,27,24.996298142110422
10,28,27.881531816855375
10,29,27.572487370862014
10,30,31.165416464584823
10,31,32.15867341346829
10,32,33.965043756850775
10,33,32.21653999993745
10,34,29.295447245079203
10,35,25.86638320288095
10,36,24.065541059104422
10,37,20.502542966527503
10,38,19.136536047037925
10,39,15.400379555796228
10,40,13.979137290252684
10,41,10.741163040392749
10,42,9.859267661659777
10,43,8.6650041825699
10,44,8.777613290569434
10,45,11.784447211704867
10,46,15.487200260387675
10,47,17.1276118669506
10,48,16.66555033264596
10,49,17.70455220490437
10,50,16.82330951750031
10,51,16.9633237637341
10,52,17.889359118436854
10,53,18.66792971189311
10,54,20.73098657532433
10,55,22.612493540316148
10,56,25.890872651848547
10,57,27.25882659654881
10,58,25.876137975592343
10,59,27.199722761728708
10,60,23.937592158098166
10,61,24.35763824704447
10,62,22.719832519372048
10,63,23.767362885597567
10,64,26.868888871454885
10,65,27.561290673088408
10,66,24.03103683538832
10,67,24.287031599278773
10,68,21.370846948369863
10,69,21.394378819168622
10,70,18.717844988882522
10,71,21.191486222310946
10,72,23.94917466683489
10,73,22.39672248142993
10,74,20.93416667309103
10,75,17.385067340823948
10,76,16.243116891711097
10,77,13.637393909218735
10,78,13.271196560019833
10,79,14.521095508667935
10,80,14.260052131981343
10,81,15.897565653027819
10,82,17.48050814703662
10,83,18.37512873823143
10,84,21.151006089259518
10,85,21.45738403834209
10,86,24.47122822824224
10,87,25.159574451837145
10,88,28.81306426418613
10,89,29.31074238006459
10,90,32.321092009220855
10,91,35.23776291426524
10,92,35.606397851135554
10,93,32.03486269354846
10,94,32.31662719294572
10,95,32.16808982899383
10,96,29.819669485743578
10,97,28.88595223608323
10,98,26.02360667379563
10,99,23.399045758903046
10,100,19.748070647853112
10,101,18.1333871797125
10,102,15.013608277144009
10,103,13.788764342819384
10,104,11.50933267352127
10,105,12.253713305057776
10,106,16.096026311680863
10,107,14.639642904540676
10,108,11.933270788952772
10,109,9.553762719238591
10,110,8.831971981684944
10,111,7.508544310739678
10,112,8.016190892688652
10,113,10.06623250793868
10,114,12.946329901086115
10,115,16.147157516654005
10,116,18.995021817783883
10,117,21.793154459621146
10,118,23.215905833834647
10,119,26.878864789568016
10,120,28.874210185647218
10,121,32.47554493240147
10,122,35.83796923185935
11,1,20.219346786221912
11,2,16.449260236999276
11,3,15.476453521621396
11,4,13.240511643017086
11,5,10.96428461586743
11,6,8.80497472064326
11,7,5.538880367392477
11,8,7.768381278981689
11,9,6.20973602814415
11,10,3.8806682245071915
11,12,3.8292847639445466
11,13,5.419771344118488
11,14,7.058154789546407
11,15,10.004882653699228
11,16,12.423290906079428
11,17,16.212436296062176
11,18,19.083668136559485
11,19,22.69055962636978
11,20,24.486874630610586
11,21,21.78524797389862
11,22,20.668928722763837
11,23,17.994061178828023
11,24,18.415684323037212
11,25,22.055494772095724
11,26,23.779492580318813
11,27,22.528737827339988
11,28,25.614099471578584
11,29,25.623161207278795
11,30,29.25925086271749
11,31,30.650220938642285
11,32,32.49504180661534
11,33,30.43738009678006
11,34,27.47975954664506
11,35,23.949519774552844
11,36,21.868926971052744
11,37,18.14273189904689
11,38,16.507257357716547
11,39,12.836784146985527
11,40,11.307659134595731
11,41,8.49650698691554
11,42,8.328400790200808
11,43,8.700211183596233
11,44,10.00081364808333
11,45,13.360257473735771
11,46,16.752047725630348
11,47,18.31394699908502
11,48,17.515452243653694
11,49,18.597281304089723
11,50,17.198894492841756
11,51,17.622189729343976
11,52,18.009243541729486
11,53,19.013058290163958
11,54,20.55479213971522
11,55,22.54012981807253
11,56,25.478703752863954
11,57,26.923252343098024
11,58,26.0743757750563
11,59,27.486466482327685
11,60,24.468409329151804
11,61,24.766175794525864
11,62,23.244838916996294
11,63,23.75265228803551
11,64,26.86110920042044
11,65,27.287532722755667
11,66,23.790620147781183
11,67,24.018953495464512
11,68,21.545749881990602
11,69,21.47228621288971
11,70,18.395821841159265
11,71,20.79363529977851
11,72,23.320440434213182
11,73,21.204735387619294
11,74,19.68702093556231
11,75,17.177903103671753
11,76,16.548525898253125
11,77,14.137010679633201
11,78,12.966423875974998
11,79,13.369084396047155
11,80,12.392707754115428
11,81,14.111646506279056
11,82,15.240359432693719
11,83,16.4322547850538
11,84,18.98000083864329
11,85,19.732725951642337
11,86,22.827297802196508
11,87,23.891503434492837
11,88,27.510344435764026
11,89,28.099493078891967
11,90,31.367421157349003
11,91,34.0759330978046
11,92,34.760430766803246
11,93,31.213681809659594
11,94,31.53772790579354
11,95,31.025062924148
11,96,28.682611003995117
11,97,27.468187235207886
11,98,24.953740040676358
11,99,22.410520089257254
11,100,18.997232761426993
11,101,17.323707457598864
11,102,14.759445741194575
11,103,13.511084545611602
11,104,11.993582048784791
11,105,13.104569552980237
11,106,18.202674450832493
11,107,17.398091352174305
11,108,14.829216586390558
11,109,11.87434193231503
11,110,10.088111995824063
11,111,7.7361634554507805
11,112,8.07042415107764
11,113,9.01605436809184
11,114,11.958619484040362
11,115,14.50236241527665
11,116,17.519333952565336
11,117,19.81218842468536
11,118,21.35476384211799
11,119,25.1202560648426
11,120,27.33312552487924
11,121,30.75255609245402
11,122,34.039698277972605
12,1,19.89522749078412
12,2,16.388877956805008
12,3,16.013330367185002
12,4,14.578470939387218
12,5,12.27371702275674
12,6,10.980132355711966
12,7,7.799355495452427
12,8,9.661718117265433
12,9,7.555533838692392
12,10,5.605311058161421
12,11,3.8292847639445466
12,13,3.8111912707960136
12,14,6.443275289441142
12,15,9.503881401674747
12,16,11.762880546119703
12,17,15.342472262630244
12,18,18.314613890873442
12,19,21.75517708035511
12,20,24.071055519356037
12,21,21.848123380960168
12,22,21.192632952468205
12,23,19.08355305349988
12,24,19.9551901355482
12,25,23.35326553274788
12,26,24.75029829992782
12,27,22.945423857375783
12,28,25.73198480341724
12,29,25.33336365721388
12,30,28.767088348069525
12,31,30.03227058808415
12,32,31.46590352295337
12,33,29.243978815514875
12,34,26.014610242272393
12,35,22.707883195386916
12,36,20.310880111541863
12,37,16.64261847330931
12,38,14.571447410744979
12,39,10.749396668868917
12,40,8.634501992099306
12,41,5.21732340350841
12,42,4.784910666161416
12,43,5.200295373591691
12,44,7.48224962666976
12,45,10.580064977044136
12,46,13.606480864226373
12,47,15.002076325573027
12,48,14.47232441690273
12,49,16.03279768546676
12,50,14.985898541739298
12,51,16.17127878590371
12,52,17.06729127376896
12,53,18.802120792797076
12,54,20.676736008161544
12,55,23.195445373530063
12,56,26.15745056022386
12,57,28.08053832939233
12,58,27.235861334508943
12,59,28.16724969914398
12,60,24.982103329776884
12,61,24.688471620482183
12,62,22.65529035833216
12,63,22.808840150345908
12,64,25.543263507141774
12,65,25.50750080005408
12,66,21.853503163310112
12,67,21.558463814383355
12,68,19.04789656101133
12,69,18.470099826894973
12,70,15.194325022475116
12,71,17.275334954910505
12,72,19.991310408354213
12,73,17.972040786183246
12,74,16.15673757613986
12,75,13.393604325563237
12,76,13.02719444802122
12,77,11.035524406227484
12,78,10.155536525566053
12,79,10.102417463822501
12,80,8.98000956038426
12,81,10.519908905395173
12,82,12.051718403422942
12,83,13.433986912735673
12,84,16.415165015642895
12,85,17.390580045728164
12,86,20.79041162442587
12,87,22.193569647844313
12,88,25.951146527449914
12,89,27.015246629227793
12,90,30.31965293570396
12,91,33.21967104090097
12,92,34.16736644576388
12,93,30.808347504940677
12,94,31.595947315279968
12,95,31.341102237333484
12,96,29.395062438341835
12,97,28.53840059074218
12,98,26.23919510738516
12,99,23.333825209694993
12,100,19.989454362859398
12,101,17.651129661213513
12,102,14.964773913942892
12,103,12.790706538173213
12,104,10.825603027495196
12,105,11.006161442279344
12,106,15.631783213984827
12,107,15.454862621991685
12,108,13.368400323179676
12,109,10.280729108567888
12,110,7.500078245673565
12,111,5.635239257726038
12,112,7.625642432405121
12,113,9.443895109727777
12,114,13.022713730610255
12,115,15.455418614564744
12,116,18.912876923891144
12,117,20.994806744769754
12,118,21.92589894478098
12,119,25.705580208859924
12,120,27.522908222056696
12,121,30.875090664423357
12,122,33.915820925250074
13,1,16.13199155980476
13,2,12.664637013465736
13,3,12.378846242252314
13,4,11.375204842361432
13,5,9.397101620895896
13,6,9.180244757350602
13,7,7.1048042337978785
13,8,9.880445483901696
13,9,9.202996465100146
13,10,8.338693104281042
13,11,5.419771344118488
13,12,3.8111912707960136
13,14,3.820874240478983
13,15,5.909242318577236
13,16,7.9544288316782135
13,17,11.55856630606697
13,18,14.565309078626383
13,19,18.010703697612662
13,20,20.269146207774767
13,21,18.080513240014273
13,22,17.512177782073277
13,23,15.636578390745047
13,24,16.75852762487014
13,25,19.990460911044725
13,26,21.3381818982516
13,27,19.40560632266311
13,28,22.219191726296387
13,29,21.974944875147973
13,30,25.414596776039595
13,31,26.933193303604398
13,32,28.431935733492345
13,33,26.04771056928099
13,34,22.871570091446284
13,35,19.467631303344678
13,36,16.99122972342567
13,37,13.229331199232302
13,38,11.213911665756191
13,39,7.488741097241732
13,40,6.034893609438244
13,41,4.096435346239755
13,42,6.291113929039102
13,43,7.832613859783554
13,44,10.916974091890971
13,45,13.600383832779604
13,46,16.180299121638814
13,47,16.969488703581916
13,48,15.161976452957884
13,49,16.208388421538704
13,50,14.385184737972438
13,51,15.502989253815903
13,52,15.667195880642002
13,53,17.475707792509738
13,54,18.7980493479921
13,55,21.379787793604024
13,56,23.9910546490011
13,57,26.024723654497848
13,58,25.63907433599789
13,59,26.557514824601647
13,60,23.645273680298644
13,61,23.232217943803377
13,62,21.401285487552986
13,63,21.07968477918639
13,64,23.838662428326312
13,65,23.68993090078802
13,66,20.198434581469336
13,67,20.13180373169114
13,68,18.181548845462178
13,69,17.894016125380976
13,70,14.511713830129729
13,71,16.825561152018093
13,72,18.96362092118304
13,73,16.400344299943193
13,74,15.030444113412017
13,75,14.519437726780456
13,76,15.07588474565816
13,77,13.770122744593435
13,78,12.71877353922223
13,79,11.584814927492825
13,80,9.216549692454283
13,81,9.883497383384823
13,82,10.177061342092133
13,83,11.214444330134063
13,84,13.638201914275246
13,85,14.71498688211846
13,86,17.988678560790422
13,87,19.53780444389332
13,88,23.189312262022323
13,89,24.208863304424707
13,90,27.675892637594824
13,91,30.368286817430338
13,92,31.518633766976688
13,93,28.195793261368166
13,94,29.004969280622763
13,95,28.497670806138515
13,96,26.628610771242368
13,97,25.66785824166914
13,98,23.697021182453312
13,99,20.819361789815282
13,100,17.7694594411614
13,101,15.349296548915726
13,102,13.286407895916133
13,103,11.236853293350617
13,104,10.362414015158048
13,105,11.290216487457133
13,106,17.774930182968433
13,107,18.126467713172136
13,108,15.823473398417148
13,109,12.285336811447035
13,110,9.417248056535687
13,111,6.408956679615763
13,112,7.2453528723474045
13,113,7.656949733279676
13,114,11.026801383612648
13,115,12.734829754114244
13,116,16.31573201453956
13,117,17.945281005859844
13,118,18.759807551830832
13,119,22.550201167649384
13,120,24.431985801765926
13,121,27.63288567991718
13,122,30.59839596414394
14,1,14.275334906545627
14,2,10.73466912863149
14,3,11.17960074383137
14,4,10.520823711759208
14,5,9.84078521545341
14,6,10.26919317116881
14,7,9.122555724398932
14,8,12.572288380726528
14,9,12.233323362986363
14,10,10.744452427682399
14,11,7.058154789546407
14,12,6.443275289441142
14,13,3.820874240478983
14,15,3.8639919492199444
14,16,7.387318557508938
14,17,10.588858555851342
14,18,14.113975232783046
14,19,17.245513949211613
14,20,19.24308206995111
14,21,17.067024780708753
14,22,15.868028413484911
14,23,13.976017352835322
14,24,15.752181645393227
14,25,18.990778426586342
14,26,20.873523208602187
14,27,19.190038395090475
14,28,22.287717115877207
14,29,22.59024482852827
14,30,26.027299438207134
14,31,28.016084570270525
14,32,29.595771885767327
14,33,26.91797600115997
14,34,23.807401693058953
14,35,20.375944550386766
14,36,17.61924434744539
14,37,13.814786773790102
14,38,11.377906002030588
14,39,8.209379436597354
14,40,6.372726764385533
14,41,5.766076147560475
14,42,7.674451863367083
14,43,10.443184012348258
14,44,13.288486145268505
14,45,16.300903818715643
14,46,18.71624285929476
14,47,19.812090067451837
14,48,18.50338561249505
14,49,19.6954631310578
14,50,17.766582059217974
14,51,18.94910053384307
14,52,18.728967395730265
14,53,20.42367747445818
14,54,21.237158283929187
14,55,23.61657067902233
14,56,25.866443097472875
14,57,27.71760907179309
14,58,27.750692579742346
14,59,28.904902848245403
14,60,26.28273207934621
14,61,25.993250492557753
14,62,24.419415778850762
14,63,23.817379061407717
14,64,26.552701106410765
14,65,26.23994823584137
14,66,22.901828478831785
14,67,22.79638148366791
14,68,21.243772261360892
14,69,20.797656060669766
14,70,17.236272724846142
14,71,19.164793493749325
14,72,21.119882473772662
14,73,18.126913274117225
14,74,16.54979438719895
14,75,16.42341944628212
14,76,16.98295085067577
14,77,15.52666708718891
14,78,13.597094331054357
14,79,12.063378400539504
14,80,9.486492279175554
14,81,10.691098509066652
14,82,10.59639069868134
14,83,12.35107459340805
14,84,14.353563404987597
14,85,16.12193955755837
14,86,19.345239282459243
14,87,21.278195893050952
14,88,24.743091871202594
14,89,25.779915978440872
14,90,29.414817344426282
14,91,31.801094276884715
