1,2,3.800534832007463
1,3,6.050369073509109
1,4,9.659416427339655
1,5,13.149008049861461
1,6,16.056356251910334
1,7,19.760534689324963
1,8,22.839311364964512
1,9,26.43154375265131
1,10,29.38561531210057
1,11,32.698588654798996
1,12,34.769755596773216
1,13,31.549188049147165
1,14,28.52759100474805
1,15,25.543815700671928
1,16,21.806599055041183
1,17,19.32875133435961
1,18,15.547080396760627
1,19,14.027716849475441
1,20,10.471786785326946
1,21,9.563623880666109
1,22,7.513027249302737
1,23,10.72053681345228
1,24,11.18914095780694
1,25,9.696432965234008
1,26,12.392785762541356
1,27,12.856604209974195
1,28,15.44692681455838
1,29,16.461889008041805
1,30,13.61938188021924
1,31,15.26986449182707
1,32,14.974943981145199
1,33,17.257238851143555
1,34,19.17174409932888
1,35,21.035052702814394
1,36,23.65662425312693
1,37,26.258713314178294
1,38,27.512916894366125
1,39,31.074073529992518
1,40,31.734753170796107
1,41,28.52754166285962
1,42,25.944878846432786
1,43,23.035958398931133
1,44,22.94744591173466
1,45,20.876742921928056
1,46,19.9144330120009
1,47,21.25904003657393
1,48,19.450140703444383
1,49,21.013796829875268
1,50,19.916185982549422
1,51,16.234631451790996
1,52,16.99840129737772
1,53,17.513399097732385
1,54,20.83003956200893
1,55,22.716800065112775
1,56,26.340661133327426
1,57,28.383667754983083
1,58,30.987365034813227
1,59,30.379866441965433
1,60,28.19446682812178
1,61,29.5858559961778
1,62,27.99802630577393
1,63,28.21340937954969
1,64,25.777017705283914
1,65,21.993916339720446
1,66,20.673749248342585
1,67,17.608827385628437
1,68,15.256003149360513
1,69,13.07674617533683
1,70,11.570799702692495
1,71,13.585934464636768
1,72,14.088310363665402
1,73,17.79033233594735
1,74,18.61061732913812
1,75,15.632260842328904
1,76,13.092265821604226
1,77,9.35350808288752
1,78,8.505488537590622
1,79,11.268071067439866
1,80,12.812793662065033
1,81,16.546224238160665
1,82,18.225427188045263
1,83,21.900804601615466
1,84,22.7934934446284
1,85,25.75592749376316
1,86,23.799865517213842
1,87,21.581996414376064
1,88,24.509098870120877
1,89,24.706828371612843
1,90,27.842741962486055
2,1,3.800534832007463
2,3,3.8033591698957907
2,4,6.671602909819075
2,5,10.43247668242255
2,6,12.915711366181748
2,7,16.65373635711359
2,8,19.585130694518927
2,9,23.108805666972433
2,10,26.110929149362008
2,11,29.521803228229924
2,12,31.512975902699512
2,13,27.95540287632563
2,14,25.036911195155835
2,15,21.96094805062722
2,16,18.273973708472553
2,17,15.706668815858047
2,18,11.940318305786935
2,19,10.559729163687788
2,20,7.141872171687717
2,21,7.300113943822912
2,22,6.0628725265615815
2,23,9.559409319946417
2,24,10.022974604794703
2,25,7.875848820163154
2,26,10.588751888081578
2,27,10.07174618508424
2,28,12.944431831996742
2,29,14.004862373709607
2,30,10.847913201874757
2,31,12.008839239252058
2,32,11.522531991378735
2,33,14.095735257871146
2,34,16.103533906486124
2,35,18.39495207210658
2,36,21.195624185100353
2,37,23.600191668863822
2,38,24.600675974652983
2,39,28.113371023648263
2,40,28.79074034079479
2,41,25.695283756569356
2,42,23.37322785111639
2,43,20.24402692539283
2,44,19.763348206412775
2,45,17.521624384945998
2,46,16.275329078967975
2,47,17.5468130534589
2,48,15.785419896325944
2,49,17.42283076202685
2,50,16.61030437404486
2,51,12.877018865688493
2,52,13.349048548509629
2,53,13.715984161093838
2,54,17.040121479460126
2,55,19.004713168418494
2,56,22.638114163289234
2,57,24.795970889050608
2,58,27.51043578076348
2,59,27.070169399058905
2,60,25.03660204404016
2,61,26.717816457719845
2,62,25.212738068994074
2,63,25.803998627543
2,64,23.728619885043706
2,65,19.974757062321004
2,66,18.26026532654267
2,67,15.311336272397966
2,68,12.444867042445097
2,69,10.4518982255016
2,70,8.715285440998263
2,71,11.237407022895866
2,72,12.121071735051641
2,73,15.870392242452736
2,74,16.939964952698777
2,75,14.487707485367453
2,76,11.722601255590137
2,77,8.176172128392077
2,78,7.164458737793931
2,79,9.579172731252662
2,80,11.073766658470014
2,81,14.742142242195637
2,82,16.112278094716338
2,83,19.650646573174377
2,84,20.056398420370062
2,85,23.17183818768195
2,86,21.504178820179103
2,87,18.957167532787295
2,88,21.696950198118497
2,89,21.845283609559015
2,90,25.142894261360876
3,1,6.050369073509109
3,2,3.8033591698957907
3,4,3.7979262982416766
3,5,7.168635864545644
3,6,10.079325582894038
3,7,13.758542308277976
3,8,16.894654092986478
3,9,20.507785802730144
3,10,23.457937314957736
3,11,26.700937137257164
3,12,28.875605492265514
3,13,26.019787672330935
3,14,22.95483225805109
3,15,20.004001643776977
3,16,16.228040775958267
3,17,13.88098883226206
3,18,10.169900343715044
3,19,9.171312523669066
3,20,6.436754819318207
3,21,5.7819171481776825
3,22,6.546017547710123
3,23,10.327968593299998
3,24,11.96828238094454
3,25,10.490914341422457
3,26,13.546675093933933
3,27,12.441860385173408
3,28,15.614491297476947
3,29,16.657484944087184
3,30,13.205248960498352
3,31,13.370670345766454
3,32,11.822899735805736
3,33,13.94437238036053
3,34,15.099479887380587
3,35,17.362649827274584
3,36,19.691548294413337
3,37,21.72135393921409
3,38,23.145614641522993
3,39,26.806081057509303
3,40,27.965650225934393
3,41,25.164936455003456
3,42,22.716432015538356
3,43,19.824435540502503
3,44,19.442729692648676
3,45,17.646358592440777
3,46,16.133877238206953
3,47,17.724453503187117
3,48,16.315830105947047
3,49,17.768991549531833
3,50,17.193868766870857
3,51,13.389834695181234
3,52,12.936269782994154
3,53,13.303874134957791
3,54,16.147221978276406
3,55,17.943586158660434
3,56,21.32818117622613
3,57,23.452792390321836
3,58,25.813897378922796
3,59,25.535393531244093
3,60,23.1190172708321
3,61,24.56648749773742
3,62,22.651187623079565
3,63,23.201381498220442
3,64,21.084596195031185
3,65,17.334907200400274
3,66,16.08447885629171
3,67,13.637895509906235
3,68,10.99116787862838
3,69,10.130525116256633
3,70,9.670825438345279
3,71,12.986249322291167
3,72,14.712124553940635
3,73,18.292897690868436
3,74,18.97833942343181
3,75,16.616648462808133
3,76,13.327478617867184
3,77,10.281720730662121
3,78,7.8816532511550585
3,79,8.788168208866809
3,80,8.92839476363127
3,81,12.284403299852903
3,82,13.094248883506774
3,83,16.550024652345183
3,84,17.08715315489043
3,85,19.948870815122945
3,86,17.997481611304558
3,87,15.583286728672826
3,88,18.465349164013
3,89,18.776398233989816
3,90,22.023585475162
4,1,9.659416427339655
4,2,6.671602909819075
4,3,3.7979262982416766
4,5,3.803603346092078
4,6,6.487018224888611
4,7,10.131178889747122
4,8,13.340166794128452
4,9,16.859782334286763
4,10,19.95549084714276
4,11,23.191040090142515
4,12,25.463162841790037
4,13,22.551062118113936
4,14,19.61773503753751
4,15,16.5329853007958
4,16,12.805429314921968
4,17,10.29327431048152
4,18,6.652771024126783
4,19,5.892596132204669
4,20,4.4841781680462685
4,21,4.817453431731354
4,22,7.439443288045139
4,23,10.611990252132612
4,24,12.560711593661276
4,25,11.244734521113891
4,26,14.159307741090382
4,27,12.268992161094932
4,28,15.600816999880609
4,29,16.792530993240668
4,30,13.356804154914144
4,31,12.661493151314659
4,32,10.585216879945488
4,33,12.759515792826985
4,34,13.508704777391497
4,35,16.251288867333876
4,36,18.461352171643078
4,37,19.950545773168674
4,38,21.242606211419478
4,39,24.849097054450617
4,40,26.24702337989835
4,41,23.778029283073185
4,42,21.667198212824566
4,43,18.702404607063713
4,44,17.834772675803837
4,45,16.04472101819313
4,46,13.953799488981012
4,47,15.381623027637923
4,48,14.108884626468106
4,49,15.272254496162788
4,50,14.987981714196913
4,51,11.331606474127423
4,52,10.061195480279611
4,53,10.519096026810898
4,54,13.017451410263618
4,55,14.970877922482012
4,56,18.146910089378768
4,57,20.50603780130162
4,58,22.82337700240321
4,59,22.948670136720672
4,60,20.557253322255814
4,61,22.269680784520695
4,62,20.200243766984382
4,63,21.250714438049126
4,64,19.622478244847695
4,65,16.04137147444878
4,66,14.64831271004372
4,67,12.840670896258937
4,68,9.834551807872305
4,69,10.050687706943993
4,70,9.958078519329991
4,71,13.597030070281544
4,72,15.640444468868887
4,73,18.985801424528233
4,74,19.8349598716008
4,75,18.07855455891104
4,76,14.771923715265094
4,77,12.297185722004517
4,78,9.901640898182357
4,79,9.791704589348345
4,80,9.104618261499203
4,81,11.723844666026839
4,82,11.57336418728216
4,83,14.571969629463219
4,84,14.416920548484113
4,85,17.206211227227396
4,86,15.391043987307295
4,87,12.521918180428642
4,88,15.081644053969422
4,89,15.212808438249892
4,90,18.555843910251596
5,1,13.149008049861461
5,2,10.43247668242255
5,3,7.168635864545644
5,4,3.803603346092078
5,6,3.8055121237956224
5,7,6.9121065418272
5,8,10.445017500341645
5,9,13.895271030914465
5,10,17.005142960928467
5,11,19.995413510225536
5,12,22.533992348442236
5,13,20.36284271687316
5,14,17.450172285449142
5,15,14.507345072446432
5,16,10.931012239120017
5,17,8.771160038666613
5,18,6.009388133588662
5,19,6.099049218556678
5,20,6.783667213084615
5,21,6.666508374446763
5,22,10.193535990981943
5,23,12.801426656723773
5,24,15.26696216062548
5,25,14.432318072980424
5,26,17.334987458703928
5,27,15.178868604749505
5,28,18.511826468241285
5,29,19.72000893258344
5,30,16.33937510404769
5,31,14.996606642291935
5,32,12.371232702875512
5,33,13.992525420198408
5,34,13.814612815722418
5,35,16.526526328193157
5,36,18.137549448026522
5,37,18.935771560755416
5,38,20.492927012330874
5,39,24.076985947273986
5,40,25.952390145069632
5,41,23.947142659427694
5,42,21.96811664388168
5,43,19.29823613329085
5,44,18.33977639598393
5,45,16.998696987112353
5,46,14.607507536155639
5,47,16.051487696075995
5,48,15.173697637227518
5,49,15.917632493480603
5,50,15.902793744450342
5,51,12.646923559702971
5,52,10.4905545041067
5,53,11.007092427589848
5,54,12.558535987761399
5,55,14.306389717085258
5,56,16.91836895763645
5,57,19.300007563658564
5,58,21.183763447588184
5,59,21.696263764051494
5,60,19.035431765266665
5,61,20.61611707818347
5,62,18.09268742389884
5,63,19.36807053725246
5,64,18.0311739040912
5,65,14.733408939657773
5,66,13.844317616310605
5,67,13.02933468550247
5,68,10.471280186638348
5,69,11.946127776507161
5,70,12.671023606383706
5,71,16.421486342260053
5,72,18.799494741772513
5,73,21.903360894100125
5,74,22.58348190600793
5,75,21.070904077753084
5,76,17.64764192024598
5,77,15.601128230976421
5,78,12.86588150303398
5,79,11.787753430503884
5,80,9.935601118795907
5,81,11.430226203269212
5,82,10.054818241962352
5,83,12.375027167634654
5,84,11.879298958371901
5,85,14.179784949409882
5,86,12.09447384405983
5,87,9.049978201686123
5,88,11.477146604566524
5,89,11.613424104885313
5,90,14.918795812408597
6,1,16.056356251910334
6,2,12.915711366181748
6,3,10.079325582894038
6,4,6.487018224888611
6,5,3.8055121237956224
6,7,3.794998117741335
6,8,6.874583384292733
6,9,10.44222699514853
6,10,13.492819406824031
6,11,16.706593634000946
6,12,19.028633100743722
6,13,16.594029376015985
6,14,13.651968244365808
6,15,10.735720853883745
6,16,7.165049575985546
6,17,5.521894828320471
6,18,4.046674879954474
6,19,6.270938493187839
6,20,8.54553542789455
6,21,9.72612647843619
6,22,13.165673991668019
6,23,15.482519061057992
6,24,17.52317502820127
6,25,16.304103646687818
6,26,18.655416586455132
6,27,15.864775389182624
6,28,18.807122447676726
6,29,19.65290095367375
6,30,16.373740465052546
6,31,14.226806646267562
6,32,11.18603953622868
6,33,12.288745901759297
6,34,11.546988542053896
6,35,14.463007027516554
6,36,15.912030551665014
6,37,16.215581655749187
6,38,17.49769144903066
6,39,20.932452424455462
6,40,22.933028507102765
6,41,21.252521710401922
6,42,19.63661804904919
6,43,17.047454756663864
6,44,15.779522473626235
6,45,14.734141987660987
6,46,12.193906973442203
6,47,13.772659044626936
6,48,13.601155332418855
6,49,14.482982732821192
6,50,15.292932757383289
6,51,12.5572233605141
6,52,9.482238641442668
6,53,9.144994769953382
6,54,9.685965405699008
6,55,10.984362810290282
6,56,13.298276655125024
6,57,15.63263040925791
6,58,17.436546372413446
6,59,18.14715347147043
6,60,15.591713607164035
6,61,17.44949064985775
6,62,15.039597884451771
6,63,16.82652255156486
6,64,16.111989147901614
6,65,13.177620163507132
6,66,11.892221265361371
6,67,11.753274718277503
6,68,9.22814627093859
6,69,11.546969431181633
6,70,12.687042185407488
6,71,16.29383872031175
6,72,18.966532638450484
6,73,21.61781027258734
6,74,22.197096272265377
6,75,21.248188005890434
6,76,17.95593295393034
6,77,16.609891817101726
6,78,14.05831960952361
6,79,12.376915142318765
6,80,10.406135678329688
6,81,10.985870600531694
6,82,9.027079324134684
6,83,10.573851974515751
6,84,9.104273066088064
6,85,11.632824806661995
6,86,10.378100961164316
6,87,6.9155089806573855
6,88,9.007275677789757
6,89,9.568439410204254
6,90,13.27680621734626
7,1,19.760534689324963
7,2,16.65373635711359
7,3,13.758542308277976
7,4,10.131178889747122
7,5,6.9121065418272
7,6,3.794998117741335
7,8,3.797993547076237
7,9,7.01150491624366
7,10,10.213836971788648
7,11,13.183445952046732
7,12,15.809535269919333
7,13,14.039103086498702
7,14,11.366033967174241
7,15,8.686251555146374
7,16,5.9801674126413005
7,17,5.465297926833801
7,18,6.432318265293623
7,19,8.67108827915737
7,20,11.667905413148961
7,21,12.690886570726727
7,22,16.31981262794388
7,23,18.18742321638698
7,24,20.383602885716908
7,25,19.45920898773217
7,26,21.6997215264669
7,27,18.77754386900214
7,28,21.610134237167614
7,29,22.496954251332642
7,30,19.439772205361045
7,31,16.957698017551337
7,32,13.88507970874172
7,33,14.570018894574964
7,34,13.196064432916438
7,35,15.954522168024093
7,36,16.80294156401339
7,37,16.22490101856547
7,38,17.47111648101398
7,39,20.61594447181035
7,40,22.997405420119527
7,41,21.91913547296353
7,42,20.694357626213925
7,43,18.443801606308067
7,44,16.955889060001297
7,45,16.30591464685132
7,46,13.58559775041536
7,47,14.853076218930635
7,48,15.061581158956686
7,49,15.418164425260342
7,50,16.500659128204354
7,51,14.434379244634183
7,52,10.972990929806516
7,53,10.716492416028748
7,54,10.001951936621412
7,55,10.920024731399842
7,56,12.175870641074102
7,57,14.526352655432548
7,58,15.791755486235298
7,59,17.140619122825168
7,60,14.572811111540267
7,61,16.43973285893998
7,62,13.715486448838472
7,63,16.027407408048678
7,64,16.014119007935268
7,65,13.77080342503483
7,66,12.891488929046945
7,67,13.778639964843528
7,68,11.81821811568932
7,69,14.663329909937703
7,70,16.031718445789807
7,71,19.48294703464523
7,72,22.20255774210686
7,73,24.594638549027167
7,74,25.152692532884693
7,75,24.513377542730584
7,76,21.301412584379857
7,77,20.231061520747915
7,78,17.68661555328663
7,79,15.69149588771078
7,80,13.365864512863121
7,81,13.045768824031411
7,82,10.22156801853066
7,83,10.396184164871034
7,84,7.9584495868267275
7,85,9.557361178403918
7,86,8.597081060432565
7,87,4.794729253387644
7,88,5.548110527648519
7,89,6.069372657860106
7,90,9.891810194941305
8,1,22.839311364964512
8,2,19.585130694518927
8,3,16.894654092986478
8,4,13.340166794128452
8,5,10.445017500341645
8,6,6.874583384292733
8,7,3.797993547076237
8,9,3.799500205105855
8,10,6.6299549595933955
8,11,9.956313563463013
8,12,12.216215833783307
8,13,10.466717549620618
8,14,7.703623795950841
8,15,5.582320726963152
8,16,4.130509844900908
8,17,5.9856194295739
8,18,8.551497596259212
8,19,11.474794126482491
8,20,14.722049591533102
8,21,16.2235996723932
8,22,19.72916251518465
8,23,21.55845768477826
8,24,23.456386647693073
8,25,22.245095469066992
8,26,24.08034695765603
8,27,20.83018431965764
8,28,23.23282467511884
8,29,23.720194137379583
8,30,20.83618263857143
8,31,17.852077269202177
8,32,14.662302737133645
8,33,14.62631925646604
8,34,12.641367024655736
8,35,15.143811402379216
8,36,15.538382153028014
8,37,14.232991163341273
8,38,15.155799174356517
8,39,17.937626454251536
8,40,20.522505981185837
8,41,19.97805472376289
8,42,19.2039602084364
8,43,17.31829907129931
8,44,15.700045761534083
8,45,15.631642320745037
8,46,13.150692151531107
8,47,14.517762457950278
8,48,15.567256382421233
8,49,16.080744381735894
8,50,17.88032306143452
8,51,16.374913199111226
8,52,12.61757925413349
8,53,11.556531839978536
8,54,9.585074052428677
8,55,9.373633925053802
8,56,9.590830233352218
8,57,11.525870705992096
8,58,12.313588258186378
8,59,13.999113809037345
8,60,11.575588295209377
8,61,13.625520686516136
8,62,11.080913293392092
8,63,13.996203026366311
8,64,14.83104972258179
8,65,13.336256793667644
8,66,12.305700515715769
8,67,13.966544409415555
8,68,12.521382691912896
8,69,15.761926091075063
8,70,17.445792927665337
8,71,20.57636631248615
8,72,23.467082935453508
8,73,25.381915151185638
8,74,25.736561063360227
8,75,25.551548484919955
8,76,22.5302265647721
8,77,22.053243790216804
8,78,19.665446278337587
8,79,17.307586420499135
8,80,15.017801981234541
8,81,13.954914347506122
8,82,10.981846985781907
8,83,10.067454680603902
8,84,6.631720934530449
8,85,7.928501717035226
8,86,8.522033857472152
8,87,5.5576221096520175
8,88,4.9949174370297325
8,89,6.527683571245909
8,90,10.073252992161683
9,1,26.43154375265131
9,2,23.108805666972433
9,3,20.507785802730144
9,4,16.859782334286763
9,5,13.895271030914465
9,6,10.44222699514853
9,7,7.01150491624366
9,8,3.799500205105855
9,10,3.8085172073803615
9,11,6.84001806818531
9,12,9.338616184679529
9,13,7.976472985496879
9,14,6.328764480314684
9,15,5.136823583229657
9,16,6.2906260469927515
9,17,8.378903860930395
9,18,11.612147101386638
9,19,14.22553447638688
9,20,17.756787702733828
9,21,19.3039008622632
9,22,22.82499511150423
9,23,24.271881475551737
9,24,26.13323243343513
9,25,25.1023925746359
9,26,26.751072190639086
9,27,23.43076946550094
9,28,25.66665349194334
9,29,26.216864744367253
9,30,23.638188489909822
9,31,20.526755660118145
9,32,17.574151705441825
9,33,17.456707482178235
9,34,15.405273465531304
9,35,17.771577434716505
9,36,17.861731617286022
9,37,15.9216653187672
9,38,16.426641459131545
9,39,18.594741787575515
9,40,21.286567150706325
9,41,21.352647627300474
9,42,21.1407205110234
9,43,19.507608739261272
9,44,17.599163913667045
9,45,17.684404321692742
9,46,15.134115353588191
9,47,15.943261805109374
9,48,17.187202259878003
9,49,17.19319706437332
9,50,19.170300274468907
9,51,18.34197183654647
9,52,14.592075747010552
9,53,13.70498994606569
9,54,11.029137784074353
9,55,10.577621400167045
9,56,9.408391769095923
9,57,11.236045636515888
9,58,11.389880823287317
9,59,13.953307457016656
9,60,12.091515850870808
9,61,14.244395308466556
9,62,11.922829009379736
9,63,15.303018912080743
9,64,16.892431671459633
9,65,16.090312335381125
9,66,15.20404735022551
9,67,17.24669684811509
9,68,15.98013831981787
9,69,19.215022766311254
9,70,20.77709927345198
9,71,23.694033342852162
9,72,26.459202540871942
9,73,28.136546916641446
9,74,28.601239279977687
9,75,28.739107796770547
9,76,25.89489295486547
9,77,25.563919107527717
9,78,23.33616408054449
9,79,20.99335718882226
9,80,18.74596338742773
9,81,17.453883345456276
9,82,14.361505635398306
9,83,12.781681004699081
9,84,9.112757570427103
9,85,9.183760456996922
9,86,10.415632452438928
9,87,8.186753992374946
9,88,5.774901616600502
9,89,6.52512766932675
9,90,9.0328460943548
10,1,29.38561531210057
10,2,26.110929149362008
10,3,23.457937314957736
10,4,19.95549084714276
10,5,17.005142960928467
10,6,13.492819406824031
10,7,10.213836971788648
10,8,6.6299549595933955
10,9,3.8085172073803615
10,11,3.8089229213298057
10,12,5.645157265737114
10,13,6.526382212526942
10,14,5.18002205158998
10,15,6.495852876082879
10,16,8.650442358626462
10,17,11.585935624304879
10,18,14.840677928012605
10,19,17.76381097780814
10,20,21.19789630536578
10,21,22.775742289629886
10,22,26.293974155735803
10,23,27.9229894285932
10,24,29.738160626745856
10,25,28.520005497251923
10,26,30.052320578478515
10,27,26.611589007239818
10,28,28.61545263777969
10,29,28.81014174224844
10,30,26.237552623724216
10,31,22.88881719798931
10,32,19.799719296224872
10,33,19.02270626590196
10,34,16.435505917273776
10,35,18.158927299826175
10,36,17.55126771539718
10,37,14.920527682965409
10,38,15.385977389598285
10,39,17.034325239290126
10,40,20.04497222436824
10,41,20.746791792054154
10,42,20.78970255850862
10,43,19.79650107325254
10,44,18.19756714042008
10,45,18.999834499624022
10,46,17.007603433014108
10,47,18.117341138446243
10,48,19.92575779048905
10,49,20.20961062010812
10,50,22.515991556946968
10,51,21.805997544476632
10,52,18.01230530828001
10,53,16.66323711415052
10,54,13.62600725182569
10,55,12.216601464005924
10,56,10.184186205846057
10,57,10.774606815482704
10,58,9.652470805867035
10,59,12.362187782228972
10,60,10.591169120996746
10,61,12.264994969145897
10,62,10.13228384347674
10,63,13.685425968842413
10,64,15.986155257660988
10,65,16.056679445621548
10,66,15.488843811745058
10,67,18.156474097927283
10,68,17.593203242130805
10,69,21.066506623245377
10,70,23.02749392522025
10,71,25.763679971428267
10,72,28.733737146118056
10,73,30.092655345673904
10,74,30.210613912384357
10,75,30.52610210051426
10,76,27.748931595628456
10,77,27.83352801360678
10,78,25.54487625852749
10,79,22.849318488436705
10,80,20.466398270167634
10,81,18.553593100557197
10,82,15.419544987709768
10,83,13.038189568089265
10,84,9.42145011993264
10,85,8.619720830809888
10,86,10.967634183161815
10,87,9.990354113313547
10,88,7.65280684326442
10,89,9.324128458944365
10,90,11.042091805806658
11,1,32.698588654798996
11,2,29.521803228229924
11,3,26.700937137257164
11,4,23.191040090142515
11,5,19.995413510225536
11,6,16.706593634000946
11,7,13.183445952046732
11,8,9.956313563463013
11,9,6.84001806818531
11,10,3.8089229213298057
11,12,3.822048988265407
11,13,8.428280738421158
11,14,8.345187612677025
11,15,10.11751193593172
11,16,12.408105280491379
11,17,15.12153622101323
11,18,18.331114674744736
11,19,21.019022275435614
11,20,24.484067530041813
11,21,25.782446768367723
11,22,29.406016520385567
11,23,30.904550011759767
11,24,32.914540811409395
11,25,31.922407423788545
11,26,33.56161548506961
11,27,30.185399626260335
11,28,32.262100734749914
11,29,32.554952440445525
11,30,30.009658562813456
11,31,26.683539358550163
11,32,23.601771998539245
11,33,22.786301505996278
11,34,20.079762967616915
11,35,21.542630723700118
11,36,20.54176380874032
11,37,17.568960396942533
11,38,18.171136847933003
11,39,19.410650539388136
11,40,22.593371440255567
11,41,23.723016001958666
11,42,23.883155492318657
11,43,23.220235387225696
11,44,21.754103242505625
11,45,22.7138418406459
11,46,20.760737710616787
11,47,21.71505547983556
11,48,23.45965233510134
11,49,23.455101918567287
11,50,25.6286744964315
11,51,25.090759654316624
11,52,21.354837494155873
11,53,20.276044416839486
11,54,17.22263918318239
11,55,15.896456986452183
11,56,13.53308369614579
11,57,13.814413059366789
11,58,12.000916215499958
11,59,14.848491061395034
11,60,13.274176464927198
11,61,14.302265391781075
11,62,12.135689332792428
11,63,15.394947583108976
11,64,17.95750577576564
11,65,18.55469763996763
11,66,18.52065710870498
11,67,21.461123984820745
11,68,21.162293915526124
11,69,24.71608478279719
11,70,26.768075075085353
11,71,29.549829715984064
11,72,32.536971392495545
11,73,33.89379466807982
11,74,33.96865014604525
11,75,34.268276450948115
11,76,31.44613550131346
11,77,31.504484972587257
11,78,29.088053595536106
11,79,26.295374012639858
11,80,23.6897378242721
11,81,21.54374543173841
11,82,18.201890494546742
11,83,15.397464817752269
11,84,12.14248668198545
11,85,10.241183715514005
11,86,12.474171515321483
11,87,12.253946450555823
11,88,9.350989771563993
11,89,10.696404585679863
11,90,11.137949883004671
12,1,34.769755596773216
12,2,31.512975902699512
12,3,28.875605492265514
12,4,25.463162841790037
12,5,22.533992348442236
12,6,19.028633100743722
12,7,15.809535269919333
12,8,12.216215833783307
12,9,9.338616184679529
12,10,5.645157265737114
12,11,3.822048988265407
12,13,7.499978453902778
12,14,8.006186522739968
12,15,10.957165402474319
12,16,13.77339553648803
12,17,16.970488853840585
12,18,20.324555355561415
12,19,23.34098549933204
12,20,26.780919555980084
12,21,28.410009467228384
12,22,31.918627389513496
12,23,33.552447461048274
12,24,35.30006614539204
12,25,33.989936931163804
12,26,35.340522566376634
12,27,31.792609608184314
12,28,33.51683494248452
12,29,33.42757103031818
12,30,31.017070371296168
12,31,27.482146063398012
12,32,24.447489592695945
12,33,23.159876362098043
12,34,20.26507270152274
12,35,21.303128225997355
12,36,19.99469731014298
12,37,16.669112685130077
12,38,16.808099224355836
12,39,17.35346724778121
12,40,20.51236041494962
12,41,22.17944495027891
12,42,22.764640111160077
12,43,22.552945160336755
12,44,21.20301058351488
12,45,22.634004172141736
12,46,21.1661102291989
12,47,22.254659680937625
12,48,24.508514925953868
12,49,24.82507221124792
12,50,27.40724395529661
12,51,27.03715877843354
12,52,23.26764644497206
12,53,21.677623440759163
12,54,18.31691190945595
12,55,16.298792407206484
12,56,13.425743379482846
12,57,12.729074909147629
12,58,10.076728863922838
12,59,12.88503421317087
12,60,11.940752426788404
12,61,12.781692665360758
12,62,11.508301182389108
12,63,14.810694416348026
12,64,17.94313824794361
12,65,19.10392838479081
12,66,18.87676266033689
12,67,22.007570997228672
12,68,22.05890981226802
12,69,25.598684394127815
12,70,27.780525224125583
12,71,30.235913698877987
12,72,33.28125611453878
12,73,34.23936183611368
12,74,34.09341321815714
12,75,34.70726449477952
12,76,32.11092984528724
12,77,32.60857602225768
12,78,30.368606276952704
12,79,27.44497930552069
12,80,25.040150411209666
12,81,22.641112681368188
12,82,19.608606498532215
12,83,16.61855277423598
12,84,13.453480809206646
12,85,11.837719298843796
12,86,14.80925700008691
12,87,14.8986804780272
12,88,12.540547006045088
12,89,14.238605299433555
12,90,14.941825366874248
13,1,31.549188049147165
13,2,27.95540287632563
13,3,26.019787672330935
13,4,22.551062118113936
13,5,20.36284271687316
13,6,16.594029376015985
13,7,14.039103086498702
13,8,10.466717549620618
13,9,7.976472985496879
13,10,6.526382212526942
13,11,8.428280738421158
13,12,7.499978453902778
13,14,3.813347176290851
13,15,6.033021615003471
13,16,9.792599063438153
13,17,12.68646622991843
13,18,16.38404469829358
13,19,19.37476272488829
13,20,22.900425678464764
13,21,25.315729760963745
13,22,28.41597255568534
13,23,29.759841073365003
13,24,30.839898374144205
13,25,29.23725457546291
13,26,29.973200759615473
13,27,26.277565657888786
13,28,27.515312302064576
13,29,27.347994833166748
13,30,25.44588347167484
13,31,21.87565074655237
13,32,19.42965417434086
13,33,18.535604501017588
13,34,16.47571755411844
13,35,18.3451105638847
13,36,18.27288628551761
13,37,15.757114012261624
13,38,14.59206740830129
13,39,15.178816023011757
13,40,17.366462892423712
13,41,18.49312104844016
13,42,19.68203529888734
13,43,18.584255404122153
13,44,16.229921374181522
13,45,16.96934630012388
13,46,15.224474478116697
13,47,15.637617746579895
13,48,18.103652892538584
13,49,18.44909573784624
13,50,21.467059108970755
13,51,21.630449511682006
13,52,18.050370767275364
13,53,16.12384837721938
13,54,12.397908771389575
13,55,10.293651866724218
13,56,6.757405503006023
13,57,6.785379087005155
13,58,5.933801340023698
13,59,9.70414683473378
13,60,10.13604005947808
13,61,12.999212782916082
13,62,12.755015697785604
13,63,16.566227199248814
13,64,19.300858481255933
13,65,19.4320530728073
13,66,17.766870578628126
13,67,19.957197604954764
13,68,19.048080826957708
13,69,22.00042018233625
13,70,23.42129115497495
13,71,25.39532601729223
13,72,27.99191575572909
13,73,28.659841120973198
13,74,29.005636471173062
13,75,30.128356675872002
13,76,27.997627681212414
13,77,28.585077680462753
13,78,27.055859213822504
13,79,24.71919699553652
13,80,23.185508310105316
13,81,21.63658398381516
13,82,19.27063372243193
13,83,17.41911511387624
13,84,13.739598952013324
13,85,14.147578983793057
13,86,16.834617082091967
13,87,15.335972330699795
13,88,13.46929591851135
13,89,14.360742605181324
13,90,16.1791189049808
14,1,28.52759100474805
14,2,25.036911195155835
14,3,22.95483225805109
14,4,19.61773503753751
14,5,17.450172285449142
14,6,13.651968244365808
14,7,11.366033967174241
14,8,7.703623795950841
14,9,6.328764480314684
14,10,5.18002205158998
14,11,8.345187612677025
14,12,8.006186522739968
14,13,3.813347176290851
14,15,3.812036368351713
14,16,6.934636863818754
14,17,10.413000588775747
14,18,13.837704124370955
14,19,17.177005370020204
14,20,20.499003622165002
14,21,22.814251755013487
14,22,25.951632302708333
14,23,27.6770228726226
14,24,28.877525677662632
14,25,27.11524027909316
14,26,28.07792382634496
14,27,24.39396309208813
14,28,25.819270709668483
14,29,25.52155161564838
14,30,23.229147604603007
14,31,19.625933105047046
14,32,16.775452927845997
14,33,15.62588035687267
14,34,13.207679396458103
14,35,14.997075952160177
14,36,14.846911709143706
14,37,12.447528488797792
14,38,11.779333561982844
14,39,13.133372380222054
14,40,15.653666577622763
14,41,16.32157173181999
14,42,16.911194869018946
14,43,15.776246120161098
14,44,13.792181597730373
14,45,14.766167716376588
14,46,13.181688172102097
14,47,14.397770406851608
14,48,16.909030493965084
14,49,17.791921315571518
14,50,20.728037956779037
14,51,20.24076734029447
14,52,16.504963718886096
14,53,14.280730294351304
14,54,10.80968452735861
14,55,8.344950511541944
14,56,5.694486832554512
14,57,5.5975176346589155
14,58,5.06934829245543
14,59,7.985096648286047
14,60,7.219983405673258
14,61,10.162952712271085
14,62,9.511662865640197
14,63,13.305464693525263
14,64,15.752957829508157
14,65,15.667113878390351
14,66,13.994186335744581
14,67,16.264542316981615
14,68,15.539851533623628
14,69,18.695214505215173
14,70,20.455352079701107
14,71,22.64418676951278
14,72,25.51882559384999
14,73,26.379974913435625
14,74,26.46529678999495
14,75,27.27964957095262
14,76,24.91870238917751
14,77,25.504161651168136
14,78,23.7402008079568
14,79,21.20329548385474
14,80,19.52531887515024
14,81,17.84905135263914
14,82,15.519593893758064
14,83,13.740932363305058
14,84,10.10866230723669
14,85,11.005771338513519
14,86,13.760763965992505
14,87,12.320806320711286
14,88,11.171927564220677
14,89,12.784068996954806
14,90,15.258695314929033
15,1,25.543815700671928
15,2,21.96094805062722
15,3,20.004001643776977
15,4,16.5329853007958
15,5,14.507345072446432
15,6,10.735720853883745
15,7,8.686251555146374
15,8,5.582320726963152
15,9,5.136823583229657
15,10,6.495852876082879
15,11,10.11751193593172
15,12,10.957165402474319
15,13,6.033021615003471
15,14,3.812036368351713
15,16,3.8035049783134793
15,17,6.778023374594296
15,18,10.390877169543726
15,19,13.54890529594575
15,20,16.978498780325545
15,21,19.40244055014142
15,22,22.481883728910127
15,23,24.028288591786147
15,24,25.1918240267128
15,25,23.548037856126683
15,26,24.5663712554721
15,27,20.938829914311917
15,28,22.569130270237466
15,29,22.625347315023618
15,30,20.328028029157245
15,31,16.90298377900198
15,32,14.185857987094604
15,33,13.795930502661518
15,34,12.034614167744662
15,35,14.651253946741809
15,36,15.333692704696768
15,37,13.750668617766154
15,38,13.23060728745842
15,39,15.20797374860603
15,40,17.316330331023888
15,41,17.194900007495317
15,42,17.456460118680784
15,43,15.533050041614777
15,44,13.11590461752856
15,45,13.145346976330877
15,46,10.770915427004647
15,47,11.63155222960485
15,48,13.643875644326751
15,49,14.318762517229029
15,50,17.068167908333525
15,51,16.497268728395344
15,52,12.74360899885799
15,53,10.76941944352113
15,54,7.379429289534117
15,55,5.844865171644582
15,56,4.32893651821403
15,57,6.580691017816858
15,58,7.998953381597168
15,59,10.391191817744373
15,60,9.41132729756569
15,61,12.587723820641493
15,62,11.50577347306442
15,63,15.061437901622357
15,64,16.770423996912434
15,65,15.806584466336796
15,66,13.798510450456947
15,67,15.36019493864291
15,68,13.805773982046393
15,69,16.690007417040277
15,70,17.98328804906817
15,71,20.354884516947525
15,72,23.014475390138383
15,73,24.21269539502662
15,74,24.707212056688032
15,75,25.359229081084546
15,76,22.934307242581983
15,77,23.097235790176352
15,78,21.439241279108753
15,79,19.289955175462044
15,80,17.81415355805809
15,81,16.807596997994636
15,82,14.5700669566654
15,83,13.5956773748332
15,84,9.932035334127571
15,85,11.532774680193954
15,86,13.391716080576701
15,87,10.983009451617566
15,88,10.031009531321175
15,89,10.937420729710842
15,90,13.874601374168593
16,1,21.806599055041183
16,2,18.273973708472553
16,3,16.228040775958267
16,4,12.805429314921968
16,5,10.931012239120017
16,6,7.165049575985546
16,7,5.9801674126413005
16,8,4.130509844900908
16,9,6.2906260469927515
16,10,8.650442358626462
16,11,12.408105280491379
16,12,13.77339553648803
16,13,9.792599063438153
16,14,6.934636863818754
16,15,3.8035049783134793
16,17,3.8065540141828955
16,18,6.919791131962835
16,19,10.387553874991465
16,20,13.589937685487245
16,21,15.954207094615807
16,22,19.027058991630405
16,23,20.869525937650096
16,24,22.136927054490677
16,25,20.416278378775015
16,26,21.715639231051448
16,27,18.188545678965585
16,28,20.139275879747697
16,29,20.292983344465238
16,30,17.611759132513686
16,31,14.362262540320362
16,32,11.331460034214015
16,33,11.275426239550793
16,34,9.72282200806637
16,35,12.728699359239332
16,36,13.872935043932845
16,37,13.071476292629807
16,38,13.148971538472452
16,39,15.882730027681728
16,40,17.89722534308236
16,41,17.017860606532743
16,42,16.543581481144347
16,43,14.207604147260685
16,44,12.073633754098672
16,45,11.68795049627396
16,46,9.114970537512525
16,47,10.579981579444418
16,48,12.09794714092187
16,49,13.177068590393466
16,50,15.548188387479515
16,51,14.210445446816333
16,52,10.41617558464352
16,53,8.388167633953852
16,54,5.95640023454565
16,55,5.301124217148964
16,56,6.370415070635682
16,57,8.714519392245794
16,58,10.615141656314524
16,59,11.973101121996628
16,60,10.222709745872134
16,61,13.085951911355426
16,62,11.565474628745026
16,63,14.571549322530906
16,64,15.430014560634964
16,65,13.690784960886482
16,66,11.542056835272385
16,67,12.54607296138219
16,68,10.555654005419047
16,69,13.419524997575168
16,70,14.741875651996343
16,71,17.474573750549684
16,72,20.249971603271387
16,73,21.85620486877125
16,74,22.338857707871465
16,75,22.557164293771002
16,76,19.86862895374374
16,77,19.72422309837693
16,78,17.87735163474648
16,79,15.797905144639236
16,80,14.311824606964475
16,81,13.71086455247796
16,82,11.654700568581166
16,83,11.48726512553376
16,84,8.229358065235324
16,85,10.71633028125909
16,86,11.801179139431014
16,87,8.89759352083443
16,88,9.113447817612835
16,89,10.180648110149084
16,90,13.734883661947014
17,1,19.32875133435961
17,2,15.706668815858047
17,3,13.88098883226206
17,4,10.29327431048152
17,5,8.771160038666613
17,6,5.521894828320471
17,7,5.465297926833801
17,8,5.9856194295739
17,9,8.378903860930395
17,10,11.585935624304879
17,11,15.12153622101323
17,12,16.970488853840585
17,13,12.68646622991843
17,14,10.413000588775747
17,15,6.778023374594296
17,16,3.8065540141828955
17,18,3.7992939569461406
17,19,6.782574013503448
17,20,10.22486175312011
17,21,12.749019143892188
17,22,15.73437358139138
17,23,17.279031196301826
17,24,18.528883977479175
17,25,17.035599228810216
17,26,18.46951431960666
17,27,15.088789927132169
17,28,17.39814920621294
17,29,18.12702416022321
17,30,15.50186939201486
17,31,12.729867463508523
17,32,10.15320534749509
17,33,11.367126112615175
17,34,10.96703941442925
17,35,14.46394305334981
17,36,16.266980440603767
17,37,16.13036115676314
17,38,16.237294076007565
17,39,19.10674757556905
17,40,20.74415749134616
17,41,19.38259610409918
17,42,18.731979112565792
17,43,15.862788963982268
17,44,13.50761735254813
17,45,12.062693459675062
17,46,8.782548573579696
17,47,9.468999607234757
17,48,9.79334801830741
17,49,10.430281283337372
17,50,12.23908543809906
17,51,10.629486921530678
17,52,6.827871748006036
17,53,5.654079247280621
17,54,4.59429169564167
17,55,6.440132849140057
17,56,8.581045083510544
17,57,11.65108525209537
17,58,14.077332144338287
17,59,15.41610180935345
17,60,13.8492847583166
17,61,16.69123741764034
17,62,15.066675324062823
17,63,17.775550029887427
17,64,18.08824824562495
17,65,15.75526888663475
17,66,13.56250243211663
17,67,13.66094940718157
17,68,10.80981563076949
17,69,12.933337899405322
17,70,13.423899963346138
17,71,16.320035212407767
17,72,18.66434828473604
17,73,20.70499161032793
17,74,21.717441000628128
17,75,21.712212569501457
17,76,19.030830416458755
17,77,18.262142541540033
17,78,16.62059843534965
17,79,15.229392615885928
17,80,14.117161128564558
17,81,14.480729232091413
17,82,12.741617331470216
17,83,13.47015888221189
17,84,10.73080652846399
17,85,13.268733776021826
17,86,13.373064971305602
17,87,9.837426560754423
17,88,10.232312345989888
17,89,10.179665001401194
17,90,13.770362944823244
18,1,15.547080396760627
18,2,11.940318305786935
18,3,10.169900343715044
18,4,6.652771024126783
18,5,6.009388133588662
18,6,4.046674879954474
18,7,6.432318265293623
18,8,8.551497596259212
18,9,11.612147101386638
18,10,14.840677928012605
18,11,18.331114674744736
18,12,20.324555355561415
18,13,16.38404469829358
18,14,13.837704124370955
18,15,10.390877169543726
18,16,6.919791131962835
18,17,3.7992939569461406
18,19,3.807962323844842
18,20,6.671757334220102
18,21,9.297608905069238
18,22,12.149009748494095
18,23,14.063655347997555
18,24,15.368197100839582
18,25,13.774349591424054
18,26,15.58346712495724
18,27,12.455428752996118
18,28,15.194784035210272
18,29,16.139798469784743
18,30,13.160257404766785
18,31,10.975014844776464
18,32,8.474250356995123
18,33,10.463084798678297
18,34,10.806685242962446
18,35,14.32960292471635
18,36,16.5556910285254
18,37,17.195811090126913
18,38,17.662453571718096
18,39,20.877227344362186
18,40,22.30359664484866
18,41,20.372146363415006
18,42,19.167918327527936
18,43,16.046542949407495
18,44,14.111934096655602
18,45,12.234306681706899
18,46,9.199143453431674
18,47,10.185175410154987
18,48,9.60591815423511
18,49,10.615224368129565
18,50,11.611602379234705
18,51,8.950479322331455
18,52,5.739910930731125
18,53,5.202034753155288
18,54,6.629342088215026
18,55,8.868558145353736
18,56,11.81001890368623
18,57,14.616892243865557
18,58,17.179510306822607
18,59,17.936962540451585
18,60,16.10015429486754
18,61,18.610405101964403
18,62,16.885995699544974
18,63,18.993062462396097
18,64,18.54733743057368
18,65,15.609012177463757
18,66,13.44323593984298
18,67,12.635372875649319
18,68,9.292347353373847
18,69,10.719827135068593
18,70,10.804870067530311
18,71,14.040678178761171
18,72,16.278872605285
18,73,18.82640050952367
18,74,19.925487146901897
18,75,19.39903804199828
18,76,16.530683302179693
18,77,15.217038928060488
18,78,13.503241602033413
18,79,12.584517658378385
18,80,11.786649659203121
18,81,13.037354224773729
18,82,11.915382899958862
18,83,13.661992283592614
18,84,11.83361590189075
18,85,14.722873673967985
18,86,14.086540203381677
18,87,10.550730751614793
18,88,11.95168455655785
18,89,11.895380875348321
18,90,15.535051618943529
19,1,14.027716849475441
19,2,10.559729163687788
19,3,9.171312523669066
19,4,5.892596132204669
19,5,6.099049218556678
19,6,6.270938493187839
19,7,8.67108827915737
19,8,11.474794126482491
19,9,14.22553447638688
19,10,17.76381097780814
19,11,21.019022275435614
19,12,23.34098549933204
19,13,19.37476272488829
19,14,17.177005370020204
19,15,13.54890529594575
19,16,10.387553874991465
19,17,6.782574013503448
19,18,3.807962323844842
19,20,3.7956407471646547
19,21,6.418128315058171
19,22,9.14294680305967
19,23,10.503031371163573
19,24,12.002029411261383
19,25,11.015930549828337
19,26,13.238664578226281
19,27,10.6536537268259
19,28,13.951355138916544
19,29,15.734931433978522
19,30,13.03391438453611
19,31,11.844710161585592
19,32,10.322346989912187
19,33,13.127795513878038
19,34,14.135504130567108
19,35,17.648600881335856
19,36,20.06353591421023
19,37,20.91238121866226
19,38,21.406399021373463
19,39,24.612447700662816
19,40,25.882968160911012
19,41,23.78787929298383
19,42,22.545800034183742
19,43,19.253347998294576
19,44,17.263165176881596
19,45,14.875974592289623
19,46,11.714994474818218
19,47,11.832069496946383
19,48,9.982254649642433
19,49,10.116063853869171
19,50,9.804642561881366
19,51,6.6416933772349
19,52,4.635335385031881
19,53,6.469784811441729
19,54,8.98842260591767
19,55,12.012082707733557
19,56,14.907076355588362
19,57,18.019005504944303
19,58,20.708302585822125
19,59,21.63603277717567
19,60,19.892073599566878
19,61,22.395342329035163
19,62,20.541236886839453
19,63,22.555640136869158
19,64,21.877659453428855
19,65,18.746872474788436
19,66,16.80382430615519
