1,2,3.809040541676137
1,3,6.935114231217679
1,4,9.924933548138933
1,5,13.209363055421797
1,6,15.692952247211837
1,7,18.460141913486662
1,8,21.16593519710026
1,9,23.891652898880512
1,10,24.16766456808147
1,11,27.563014085408415
1,12,29.045724217302748
1,13,30.55387539165668
1,14,32.70388443088556
1,15,33.9150344248725
1,16,31.792252659510204
1,17,33.15730626610544
1,18,33.68846217442971
1,19,32.9980836044432
1,20,34.91872547593289
1,21,32.56941057055661
1,22,33.443071231070356
1,23,30.05013858970755
1,24,29.65652923351961
1,25,27.930240760903345
1,26,27.095935995842222
1,27,26.79299937845902
1,28,25.328056206729002
1,29,24.844389940654988
1,30,22.514703470523095
1,31,24.041088832804757
1,32,21.050938662865143
1,33,19.809441072255023
1,34,16.690980892106513
1,35,14.420904060581798
1,36,11.842042309727264
1,37,11.818048605521012
1,38,12.133638348155525
1,39,15.802301640248285
1,40,17.452129704287472
1,41,20.250033684067343
1,42,22.527130576777953
1,43,26.199388268313935
1,44,28.32311364852283
1,45,31.83751390058974
1,46,33.13211106212269
1,47,32.19900172324977
1,48,33.093875216187044
1,49,31.24875653137848
1,50,28.354514113392153
1,51,28.176037798335486
1,52,25.640957556630905
1,53,27.36639294050633
1,54,26.685046837424604
1,55,23.317489413102034
1,56,21.042451252664225
1,57,21.245101386823723
1,58,19.19388951758285
1,59,16.05904525236392
1,60,14.185022832378916
1,61,15.115169374598308
1,62,13.197946984758026
1,63,15.197388050318924
1,64,14.654823577739856
1,65,16.515703202061076
1,66,19.210750106246824
1,67,19.77967547779095
1,68,22.36051383580721
1,69,25.370279952770062
1,70,24.62784606611377
1,71,24.869496615543582
1,72,22.41686691815645
1,73,23.77202533928727
1,74,22.4960223497691
1,75,24.165021673035845
1,76,24.864217940906535
1,77,27.137512549461857
1,78,29.4415412106252
1,79,31.896810600985546
1,80,35.582239073168616
1,81,37.498982608220814
1,82,36.353377880157076
1,83,32.78698602333197
1,84,30.709764020658632
1,85,27.81279571501227
1,86,25.52255062275982
1,87,23.07271368708624
1,88,21.02779710588735
1,89,21.240710739107648
1,90,23.53528115929064
1,91,26.707645822369454
1,92,26.265494919703777
1,93,25.30445773661167
1,94,27.64394017301458
1,95,29.46312971326011
1,96,31.820609020777137
1,97,34.176486719800664
1,98,34.02349913232525
1,99,36.594658535580024
1,100,36.14152888447195
1,101,39.560601609788435
1,102,40.596739382706154
1,103,40.67767781663287
2,1,3.809040541676137
2,3,3.798204474010279
2,4,6.771380017995467
2,5,9.657597184753207
2,6,12.296616048969259
2,7,15.242948950764307
2,8,17.976901013545525
2,9,20.494611870981817
2,10,20.659439639451843
2,11,24.060291986251034
2,12,25.523326224792307
2,13,27.23317727782972
2,14,29.337011475259466
2,15,30.42180213200158
2,16,28.31255625568063
2,17,29.849171283738194
2,18,30.477288186227643
2,19,30.05102352468133
2,20,32.18006814319022
2,21,29.87715909770519
2,22,30.464330295832855
2,23,26.965494780295682
2,24,26.362851583974866
2,25,24.67481871283854
2,26,23.67883681826566
2,27,23.50988024489444
2,28,21.966414523323284
2,29,21.668546604728125
2,30,19.373245079040796
2,31,21.08929546395563
2,32,18.302277332875377
2,33,17.610071988857943
2,34,14.446494039547881
2,35,12.23365527703271
2,36,9.776580613196758
2,37,8.774758528083453
2,38,8.511125314595589
2,39,12.135519565913977
2,40,13.648382441365008
2,41,16.51365531182696
2,42,18.874671848579155
2,43,22.586295241940793
2,44,24.691581406591737
2,45,28.26312681668789
2,46,29.46021620806846
2,47,28.466547297577847
2,48,29.46595981302737
2,49,27.73780979397666
2,50,24.749170453586675
2,51,24.741451114919286
2,52,22.228168377317193
2,53,24.039491977406797
2,54,23.459813041563255
2,55,20.167965143750212
2,56,17.795564161982202
2,57,18.362840549540937
2,58,16.33477341788176
2,59,13.578107498588295
2,60,11.65895458669238
2,61,11.932461574804101
2,62,10.211013117103471
2,63,12.436225978165796
2,64,12.710543617059026
2,65,14.998375696525047
2,66,17.747742737737806
2,67,17.658252962357764
2,68,20.147160962609078
2,69,22.876297923096267
2,70,22.15473812616618
2,71,22.050081390049368
2,72,19.452794363961424
2,73,20.708163896062445
2,74,19.22739677230005
2,75,21.000168873531596
2,76,21.580768915473236
2,77,24.00019425417725
2,78,26.103483909429524
2,79,28.61991177307116
2,80,32.30974935519684
2,81,34.05750122010838
2,82,32.76519872383916
2,83,29.158104374775228
2,84,26.981585775785724
2,85,24.084719744559266
2,86,21.727773498062533
2,87,19.289652610456443
2,88,17.257375245777446
2,89,17.546278442211822
2,90,20.011609673981617
2,91,23.21620605000652
2,92,22.695644141767566
2,93,21.573549588212806
2,94,23.875960395798174
2,95,25.660222413343345
2,96,28.052348029780372
2,97,30.43030535638662
2,98,30.384029761152572
2,99,33.04573597169861
2,100,32.76471797661755
2,101,36.263705050483495
2,102,37.460179662707276
2,103,37.62449962385213
3,1,6.935114231217679
3,2,3.798204474010279
3,4,3.7912177604500954
3,5,6.650977677394852
3,6,8.765568462273425
3,7,11.704134208586424
3,8,14.294790691060578
3,9,16.960987652973767
3,10,17.386488673052394
3,11,20.901998340505077
3,12,22.697342121361874
3,13,24.42399091532876
3,14,26.817820382015366
3,15,28.11987196150239
3,16,26.369019243028152
3,17,28.251286018883366
3,18,29.30852162940922
3,19,29.236052812722424
3,20,31.726152496385577
3,21,29.73045869983374
3,22,30.029571876163235
3,23,26.360132066528124
3,24,25.234892414584877
3,25,23.256854157798394
3,26,21.741271978424553
3,27,21.229523310824632
3,28,19.2421953261285
3,29,18.576622088412485
3,30,15.977069798340532
3,31,17.439271895426636
3,32,14.555143233842411
3,33,13.965189186134653
3,34,10.75042972837392
3,35,8.754569400034056
3,36,6.651765481524401
3,37,5.170106380356281
3,38,5.816728338953864
3,39,9.62629744178664
3,40,11.545079091520979
3,41,14.81873587800022
3,42,17.671249029815414
3,43,21.454947325452597
3,44,23.481072280419486
3,45,27.17735235420551
3,46,27.96274006000241
3,47,26.5672839065632
3,48,27.677503050772092
3,49,26.38049867557925
3,50,23.3483981004862
3,51,23.907478841168864
3,52,21.63486622046482
3,53,23.664732185858323
3,54,23.255314432040894
3,55,20.11673730219276
3,56,17.424728347458245
3,57,18.327657926016574
3,58,15.965535596823976
3,59,13.902320670934607
3,60,11.374669391400513
3,61,10.558434253264325
3,62,8.158050012166271
3,63,9.576298669186713
3,64,10.12365526998543
3,65,12.181251041937097
3,66,15.218654987370655
3,67,14.912378905996457
3,68,16.99373442339078
3,69,19.73397306268879
3,70,19.42185302051715
3,71,19.472678985582224
3,72,17.20725428547605
3,73,18.910525112515455
3,74,17.72197737507556
3,75,20.042278551315896
3,76,20.83527989067046
3,77,23.663561782810692
3,78,25.468714692306648
3,79,28.19400063504721
3,80,31.8239900845171
3,81,33.21261816833495
3,82,31.571759290448032
3,83,27.88831790313232
3,84,25.330658200931758
3,85,22.31080227457406
3,86,19.68397611180437
3,87,16.88290008202221
3,88,14.534317855945371
3,89,14.985219550194886
3,90,17.305710757919375
3,91,20.232069430793818
3,92,19.487380425816838
3,93,18.70026270106344
3,94,21.09321011866519
3,95,23.25611404606527
3,96,25.818036346009546
3,97,28.504880456568134
3,98,28.81202950818905
3,99,31.76495724835025
3,100,31.869416912787738
3,101,35.49075332926872
3,102,37.04615309402481
3,103,37.47122689291999
4,1,9.924933548138933
4,2,6.771380017995467
4,3,3.7912177604500954
4,5,3.7921957950079244
4,6,6.541955924262113
4,7,8.73824177162696
4,8,11.905151119709688
4,9,14.76228025941586
4,10,15.761758224309046
4,11,19.470654905108617
4,12,21.631736186674686
4,13,23.789762548552623
4,14,26.28113472852028
4,15,27.409750993716212
4,16,25.84848891857957
4,17,28.136806368493833
4,18,29.363873585797748
4,19,29.769479270222455
4,20,32.49311386690201
4,21,30.51659684415941
4,22,30.340775992147584
4,23,26.618533391178552
4,24,25.198604114746455
4,25,23.400798478191113
4,26,21.497918447644793
4,27,21.13513466946671
4,28,18.742550253350014
4,29,18.039781949236133
4,30,15.103179214062143
4,31,16.167372974845186
4,32,13.24268881377576
4,33,13.23502889143458
4,34,9.701478058023206
4,35,9.011972922874328
4,36,8.027630017507017
4,37,5.2869836461555355
4,38,5.804709328169061
4,39,9.00811924305425
4,40,10.072713909326337
4,41,13.74376398956943
4,42,16.506440359831398
4,43,20.195912137954878
4,44,21.719123909343207
4,45,25.357261678013113
4,46,25.743710524267836
4,47,24.04561792585009
4,48,24.86168665440729
4,49,23.715258470695474
4,50,20.929725849440995
4,51,21.826462405864717
4,52,20.043830534041415
4,53,22.5375915853398
4,54,22.69072767047028
4,55,19.970478590249947
4,56,17.54894791465349
4,57,19.17793362369306
4,58,17.164867814458805
4,59,15.730232256459145
4,60,13.497830646639256
4,61,11.70290025437896
4,62,9.683229575316435
4,63,10.50581274058267
4,64,11.807899692396067
4,65,13.450209691544625
4,66,16.722007706049958
4,67,15.986047250669277
4,68,17.382643723804083
4,69,19.869950855917974
4,70,20.068418809654883
4,71,19.91773034518606
4,72,17.802973917467444
4,73,19.49371284579942
4,74,18.065434402393045
4,75,20.484759469862656
4,76,20.86500294016932
4,77,23.703836075305784
4,78,24.967838908697736
4,79,27.513576803397484
4,80,31.137007434650464
4,81,32.16830528712864
4,82,30.195490552291837
4,83,26.423423366677717
4,84,23.69581484472557
4,85,20.94314439092247
4,86,17.8838372569048
4,87,15.236972616412295
4,88,12.3075499241515
4,89,12.061853647220893
4,90,13.94217675242267
4,91,16.895821373832284
4,92,16.56390939746779
4,93,16.075514720964716
4,94,18.900269088232044
4,95,21.25389849847978
4,96,24.180426217528876
4,97,26.926598897813353
4,98,27.66715786907942
4,99,30.77585661549586
4,100,31.268071738009372
4,101,34.989453484124795
4,102,36.704586848646656
4,103,37.05740738387676
5,1,13.209363055421797
5,2,9.657597184753207
5,3,6.650977677394852
5,4,3.7921957950079244
5,6,3.7846934754782415
5,7,6.199325026411232
5,8,9.293506950493109
5,9,11.621334820445233
5,10,12.45174505368727
5,11,16.137432203846426
5,12,18.28280445571684
5,13,20.730398683424205
5,14,23.127100208148406
5,15,24.0721895482098
5,16,22.600381175325886
5,17,25.116323328975618
5,18,26.48773988816701
5,19,27.247956158957248
5,20,30.17357320183059
5,21,28.34266898069541
5,22,27.810737320821037
5,23,24.059745165339294
5,24,22.34325633398394
5,25,20.626299395354735
5,26,18.47391944051529
5,27,18.28631771881982
5,28,15.780784952595425
5,29,15.37356020600315
5,30,12.588754909394634
5,31,13.908243916248503
5,32,11.57423054546189
5,33,12.63079377690655
5,34,9.599641384840616
5,35,9.318190618848604
5,36,9.048341856011689
5,37,5.351325022893583
5,38,4.5455467902683155
5,39,6.289606572525741
5,40,6.767395166702205
5,41,10.561591233575658
5,42,13.452672866320349
5,43,17.05049196171649
5,44,18.48301241768937
5,45,22.154971908691845
5,46,22.334994640659033
5,47,20.500003221765052
5,48,21.525094771284085
5,49,20.651515682725165
5,50,17.73665481514654
5,51,18.99639316258037
5,52,17.3515766111441
5,53,19.892953162692777
5,54,20.198033516910197
5,55,17.771166919899123
5,56,15.348317994831335
5,57,17.41620276161039
5,58,15.593329232264741
5,59,14.974958229647195
5,60,12.999086654838653
5,61,10.303003883150057
5,62,9.001592409771428
5,63,9.63172062823136
5,64,12.011746872075873
5,65,13.898080331929215
5,66,16.795834356200093
5,67,15.246115198492346
5,68,16.341472324058756
5,69,18.22422388446719
5,70,18.463273743588964
5,71,17.818752981500037
5,72,15.672647530519871
5,73,17.157335208553697
5,74,15.559167661961343
5,75,18.067635626305584
5,76,18.28465210565391
5,77,21.24501519580361
5,78,22.14343900234916
5,79,24.729671537872626
5,80,28.255848854783277
5,81,29.01711507479284
5,82,26.845955332438024
5,83,23.06809844637994
5,84,20.17096416363103
5,85,17.442858939084303
5,86,14.251194879692266
5,87,11.582985623765637
5,88,8.52537948598236
5,89,8.451691864553847
5,90,10.691195586474096
5,91,13.646737935380521
5,92,13.086832903272938
5,93,12.328153147458849
5,94,15.123299267619524
5,95,17.487600850549644
5,96,20.4813426374388
5,97,23.285477046209795
5,98,24.214616169475097
5,99,27.43848527455483
5,100,28.18670327778283
5,101,31.953218116394044
5,102,33.869977123340654
5,103,34.35418745520549
6,1,15.692952247211837
6,2,12.296616048969259
6,3,8.765568462273425
6,4,6.541955924262113
6,5,3.7846934754782415
6,7,3.8181772902143254
6,8,5.865928296196708
6,9,8.295862805226783
6,10,9.348092067636363
6,11,13.118840398889967
6,12,15.64771056039177
6,13,17.87781550792036
6,14,20.63612206509073
6,15,21.986303257829736
6,16,21.028748743515752
6,17,23.773800437874016
6,18,25.63447446970347
6,19,26.60657756751881
6,20,29.79445292235852
6,21,28.412095863053732
6,22,27.787370573408683
6,23,23.98586640198551
6,24,21.771040187030064
6,25,19.618186726726574
6,26,16.961532640679316
6,27,16.16171029472972
6,28,13.184842461289445
6,29,12.187213372336803
6,30,9.068901100368164
6,31,10.128944506924336
6,32,7.906709043360759
6,33,9.486882681900301
6,34,7.123276992544733
6,35,7.353276761677859
6,36,8.143995225588046
6,37,4.91806653082644
6,38,5.423533265347614
6,39,5.795543337048166
6,40,7.255076589312154
6,41,10.744925659964943
6,42,14.133000203495865
6,43,17.54264314381364
6,44,19.074845469920756
6,45,22.767690627145004
6,46,22.564111936717634
6,47,20.35751198596717
6,48,21.7447611704023
6,49,21.51544580079853
6,50,18.531295006951357
6,51,20.365968365570527
6,52,18.870468547352697
6,53,21.22722663632569
6,54,21.385277270206757
6,55,19.083592578675518
6,56,16.305433511278547
6,57,18.209348200035087
6,58,15.981916215089818
6,59,15.970577356665844
6,60,13.542469986075885
6,61,10.331457796209556
6,62,8.621035549365814
6,63,7.814378321961982
6,64,10.406114655466743
6,65,11.830845422700781
6,66,14.5115218804433
6,67,12.660213927062589
6,68,13.157564485265127
6,69,14.85287508480938
6,70,15.528041715022159
6,71,15.121120555275638
6,72,13.586129786882717
6,73,15.622256109888626
6,74,14.709043842011722
6,75,17.765454866676546
6,76,18.48999724254901
6,77,21.814939990036617
6,78,22.571483817159134
6,79,25.43968662694104
6,80,28.74998754976763
6,81,29.205685640004056
6,82,26.805030055687812
6,83,23.112709774156563
6,84,19.849908770869046
6,85,16.895651058170653
6,86,13.725924175209686
6,87,10.465362370267822
6,88,7.393384019138132
6,89,8.328991241535267
6,90,10.325912493738816
6,91,12.421871514486712
6,92,11.004892032902022
6,93,10.771990854157506
6,94,13.31815265023322
6,95,16.20182785945063
6,96,19.148312863493214
6,97,22.341899919001648
6,98,23.534456624553176
6,99,27.00072227604377
6,100,28.051085260681216
6,101,31.822311741266926
6,102,34.08752727871808
6,103,34.95483148272271
7,1,18.460141913486662
7,2,15.242948950764307
7,3,11.704134208586424
7,4,8.73824177162696
7,5,6.199325026411232
7,6,3.8181772902143254
7,8,3.8160368199784918
7,9,6.942696257089169
7,10,9.431261379340802
7,11,13.149054842789223
7,12,16.25032236901757
7,13,18.718717072684985
7,14,21.648140320495894
7,15,22.94881961799264
7,16,22.436508539927328
7,17,25.542372105798737
7,18,27.633144520860895
7,19,29.017859871648987
7,20,32.3608864179276
7,21,31.098905372078192
7,22,30.115539574247755
7,23,26.368646651531265
7,24,23.890277909377268
7,25,21.87866867397944
7,26,18.877730672134142
7,27,18.036102934539294
7,28,14.68417866207837
7,29,13.352981823969104
7,30,9.954771788551806
7,31,9.764518362594552
7,32,7.586849635390473
7,33,9.607329713927674
7,34,7.489476414571369
7,35,9.40617945359288
7,36,10.934556023498144
7,37,8.276340818844906
7,38,9.16204222841263
7,39,9.105446675657355
7,40,9.537320307963661
7,41,12.808877121275899
7,42,15.83551353464378
7,43,18.86795957009987
7,44,19.743620145288094
7,45,23.21484364691801
7,46,22.403791521498434
7,47,19.710406989814523
7,48,20.707529256603852
7,49,20.903464147430565
7,50,18.388437300349608
7,51,20.71639589244758
7,52,19.906637376447065
7,53,22.629391315575326
7,54,23.311019815892703
7,55,21.47319856114855
7,56,19.025866282857034
7,57,21.307422453651146
7,58,19.34215218656492
7,59,19.596828136728504
7,60,17.3088291975674
7,61,13.966265642732315
7,62,12.37566021472359
7,63,11.072665043216682
7,64,13.341948131234894
7,65,13.942029745735129
7,66,16.721502244183302
7,67,14.981939520711432
7,68,14.561795933614867
7,69,16.016273529254637
7,70,17.432984429635287
7,71,17.175952719490947
7,72,16.18944434132151
7,73,18.284723489286975
7,74,17.450547507883943
7,75,20.50025779088619
7,76,20.949429168582366
7,77,24.18502192897661
7,78,24.423423924679252
7,79,27.06427173176574
7,80,30.248432061848554
7,81,30.276480922743502
7,82,27.520240491190172
7,83,23.855652833664706
7,84,20.418113481914332
7,85,17.887027083067878
7,86,14.378453628345113
7,87,11.471543498803761
7,88,7.912984066033403
7,89,7.737718769777685
7,90,8.279238437814609
7,91,9.721249253992227
7,92,8.747423502396453
7,93,9.722331294143236
7,94,12.809517559454333
7,95,16.094402826561698
7,96,19.405418617533726
7,97,22.693563973304485
7,98,24.449324132553624
7,99,28.047703732313526
7,100,29.538748185045872
7,101,33.32316706570904
7,102,35.7610434111107
7,103,36.60406505053907
8,1,21.16593519710026
8,2,17.976901013545525
8,3,14.294790691060578
8,4,11.905151119709688
8,5,9.293506950493109
8,6,5.865928296196708
8,7,3.8160368199784918
8,9,3.8205928389441666
8,10,6.890733871758611
8,11,10.335671698202875
8,12,13.793197563482089
8,13,15.944649344383826
8,14,19.16012127567783
8,15,20.830568597458722
8,16,20.883565154925925
8,17,24.12678412246086
8,18,26.63716376784141
8,19,28.204036958750905
8,20,31.72560334589648
8,21,30.905489937484624
8,22,29.84822905274196
8,23,26.14721193967602
8,24,23.279007723122383
8,25,20.947193050426936
8,26,17.588624487313353
8,27,16.201073695698636
8,28,12.544095508846087
8,29,10.63953748011217
8,30,7.1763061873520035
8,31,6.246040332871928
8,32,4.960445250268053
8,33,8.06823453255094
8,34,7.5944452530550075
8,35,9.702185138738358
8,36,11.842482043662908
8,37,9.894967480552626
8,38,10.9984657885244
8,39,10.055519280745747
8,40,10.975926583025077
8,41,13.575400213142967
8,42,16.78092371035985
8,43,19.503628366504643
8,44,20.5126983343043
8,45,23.903023510976375
8,46,22.826870685563627
8,47,19.933000951474035
8,48,21.360775047201585
8,49,22.141309249967485
8,50,19.565077811293417
8,51,22.255676225449218
8,52,21.483099735921762
8,53,23.887976972413604
8,54,24.353018429736274
8,55,22.642372986550754
8,56,19.971740681903334
8,57,22.033652750154513
8,58,19.847868501087763
8,59,20.62111928241937
8,60,18.163010368445057
8,61,14.631521428178848
8,62,13.073219147172463
8,63,10.914559648138363
8,64,13.17417887703658
8,65,13.350381435026621
8,66,15.533169943057695
8,67,13.458890022177131
8,68,12.273000307348639
8,69,13.166230602640626
8,70,15.058173038112432
8,71,14.96134491110881
8,72,14.71861700370394
8,73,17.132633410516753
8,74,16.95922933535767
8,75,20.30633806590018
8,76,21.17011043634017
8,77,24.615432125366144
8,78,24.738914298341488
8,79,27.591688815064646
8,80,30.50921287067281
8,81,30.275389693961056
8,82,27.387506603379283
8,83,23.912228437718227
8,84,20.254784421802942
8,85,17.59678267850085
8,86,14.391777043668277
8,87,11.21438985051831
8,88,8.353564472789271
8,89,9.300171761855584
8,90,9.705107637284875
8,91,9.87486334129794
8,92,7.652099693874658
8,93,9.207146519953241
8,94,11.558932276132165
8,95,15.185168397278703
8,96,18.23536478022349
8,97,21.802705949189075
8,98,23.736130507285495
8,99,27.47057067284137
8,100,29.199679080594258
8,101,32.91356404103344
8,102,35.643886252179215
8,103,36.8519386060785
9,1,23.891652898880512
9,2,20.494611870981817
9,3,16.960987652973767
9,4,14.76228025941586
9,5,11.621334820445233
9,6,8.295862805226783
9,7,6.942696257089169
9,8,3.8205928389441666
9,10,3.8168268862622385
9,11,6.79903144690475
9,12,10.398315984360657
9,13,12.778532020800347
9,14,15.885653458857309
9,15,17.44352553800349
9,16,17.836886303353996
9,17,21.26325265465218
9,18,23.992763886555114
9,19,25.892316944580912
9,20,29.539612273953995
9,21,29.01247792903405
9,22,27.676474963849984
9,23,24.10760441233505
9,24,20.94455581102856
9,25,18.670368375557434
9,26,15.082710543187273
9,27,13.733730402407925
9,28,10.04992575709228
9,29,8.532975837774181
9,30,6.040773296849282
9,31,5.676234423554637
9,32,6.789018714338719
9,33,10.508776409354045
9,34,10.908116887315012
9,35,12.420011020075247
9,36,14.418647247421085
9,37,12.364799871105426
9,38,12.652657843104194
9,39,10.556150597773764
9,40,11.032258037361276
9,41,12.639954776113727
9,42,15.608355550381358
9,43,17.809260419180763
9,44,18.77716251040947
9,45,21.983428418624655
9,46,20.70156657885902
9,47,17.75809168640683
9,48,19.630948697031208
9,49,20.864495393523192
9,50,18.238344547888346
9,51,21.198204717056594
9,52,20.542761415044417
9,53,22.631986193833992
9,54,23.044946542177897
9,55,21.7046257673784
9,56,19.137801759720798
9,57,21.254483276315103
9,58,19.308404484338467
9,59,20.76916104646651
9,60,18.670747966750497
9,61,14.92824610569764
9,62,14.154816787390532
9,63,12.111341429329016
9,64,14.852469799315877
9,65,15.362128912357166
9,66,16.79676904244762
9,67,14.059264727111636
9,68,12.692117260563133
9,69,12.44697964794021
9,70,14.191812648491172
9,71,13.45175576713959
9,72,13.457398786184553
9,73,15.504503550667811
9,74,15.470727853352779
9,75,18.73911370932466
9,76,19.58865102827269
9,77,23.014999242008063
9,78,22.799185995422956
9,79,25.67112769830359
9,80,28.295375335241022
9,81,27.764864020123596
9,82,24.759875905569572
9,83,21.49187989733271
9,84,17.729169679693875
9,85,15.153428104963625
9,86,12.283073774810594
9,87,9.278574734413612
9,88,7.421657449897811
9,89,9.181347377063197
9,90,9.743419369981368
9,91,9.137030106505728
9,92,5.780159480790141
9,93,7.073660854755994
9,94,8.486118964634764
9,95,12.204756090415342
9,96,15.025269265347108
9,97,18.70423882957466
9,98,20.81678625697448
9,99,24.607877885112803
9,100,26.59117894193034
9,101,30.22079543543261
9,102,33.16415825132291
9,103,34.6003810336406
10,1,24.16766456808147
10,2,20.659439639451843
10,3,17.386488673052394
10,4,15.761758224309046
10,5,12.45174505368727
10,6,9.348092067636363
10,7,9.431261379340802
10,8,6.890733871758611
10,9,3.8168268862622385
10,11,3.8040491552107407
10,12,6.928586756992325
10,13,9.429367212007682
10,14,12.369332942009073
10,15,13.94585985727955
10,16,14.199102190625052
10,17,17.536883612703846
10,18,20.32709717040013
10,19,22.185986944661245
10,20,25.859540159539172
10,21,25.504440147603916
10,22,24.220299233224306
10,23,20.68969267822228
10,24,17.419890099153495
10,25,14.985555780808879
10,26,11.341061726052907
10,27,9.948877888660936
10,28,6.336060316719314
10,29,5.657609608699491
10,30,4.70232536700734
10,31,6.4927435728611105
10,32,8.512121871382929
10,33,12.119077070519673
10,34,12.766185901357533
10,35,13.223848888359404
10,36,14.784083964874835
10,37,12.722229161785311
10,38,12.265703351390155
10,39,9.335857651308974
10,40,9.98280473109665
10,41,10.624392122800923
10,42,13.626686054669383
10,43,15.64552930413145
10,44,17.146455715021688
10,45,20.387155937077043
10,46,19.488331449678657
10,47,16.979861424682095
10,48,19.47441037824904
10,49,20.620759132749715
10,50,17.60322905478066
10,51,20.338424301376218
10,52,19.251581674926175
10,53,20.783152129512498
10,54,20.72721735545998
10,55,19.35832433069403
10,56,16.638174356632515
10,57,18.47567232577031
10,58,16.551088204567908
10,59,18.49584659925269
10,60,16.668202658701976
10,61,12.936203788298952
10,62,12.88183712106066
10,63,11.176075315982171
10,64,14.33283806028333
10,65,15.494320411183333
10,66,16.254451148735807
10,67,12.940898470608339
10,68,12.118302555487167
10,69,11.152350321403555
10,70,12.05478716850183
10,71,10.502623137129776
10,72,10.30022253503283
10,73,11.98816555718418
10,74,12.122839140546912
10,75,15.402215388333174
10,76,16.52681457189355
10,77,20.04280752293826
10,78,19.959409857754594
10,79,23.063348603367142
10,80,25.55266597493024
10,81,25.1476512301125
10,82,22.354670299576682
10,83,19.219974619950634
10,84,15.511761940199706
10,85,12.553113948751871
10,86,10.33642230239823
10,87,7.093422207361207
10,88,6.818506877917241
10,89,9.851494687217375
10,90,11.479809998235744
10,91,11.308793449679445
10,92,7.691773875457905
10,93,7.167097001769677
10,94,7.046458191505483
10,95,10.278614961467557
10,96,12.481513520939126
10,97,16.209690726970113
10,98,17.926911662680723
10,99,21.685867910446007
10,100,23.498609211722094
10,101,27.07318403017818
10,102,30.064358458349155
10,103,31.719932679667046
11,1,27.563014085408415
11,2,24.060291986251034
11,3,20.901998340505077
11,4,19.470654905108617
11,5,16.137432203846426
11,6,13.118840398889967
11,7,13.149054842789223
11,8,10.335671698202875
11,9,6.79903144690475
11,10,3.8040491552107407
11,12,3.801377102474158
11,13,6.277602522540331
11,14,9.178792422979361
11,15,10.916478202997213
11,16,11.980455946762028
11,17,15.437088302908869
11,18,18.61972289857978
11,19,20.808505538435732
11,20,24.579900410067697
11,21,24.732336108650195
11,22,23.237563619286387
11,23,19.987754675918687
11,24,16.396980367357518
11,25,13.947069315399801
11,26,10.148409674558946
11,27,8.521785656771536
11,28,5.391787180326667
11,29,5.459953227798819
11,30,6.728267264830532
11,31,8.30177104718054
11,32,11.312005283066489
11,33,14.850316524803835
11,34,16.098299859703335
11,35,16.431568380888663
11,36,17.99332595579302
11,37,16.20418518672974
11,38,15.582203737890579
11,39,12.348288124711361
11,40,12.812285945247384
11,41,12.462291227817774
11,42,14.937835670256202
11,43,16.203419999335203
11,44,17.67907564462108
11,45,20.532219791624794
11,46,19.470073779656076
11,47,17.081890498794706
11,48,19.97834949854288
11,49,21.57352019846295
11,50,18.665774358756643
11,51,21.507803193321607
11,52,20.539628582904573
11,53,21.590121049966015
11,54,21.356642292799723
11,55,20.377170416580366
11,56,17.817146266718307
11,57,19.423032809171872
11,58,17.71719165653397
11,59,20.217520693112295
11,60,18.69293782745078
11,61,15.14516636864641
11,62,15.56216861828087
11,63,13.866288493249547
11,64,16.886344689499666
11,65,17.98090995892487
11,66,18.050917281498723
11,67,14.517888585787228
11,68,13.425838682840304
11,69,11.372522408201998
11,70,12.093544717030497
11,71,10.074357808352225
11,72,10.588940862839369
11,73,11.781821609048002
11,74,12.463265096645436
11,75,15.47225181930295
11,76,16.752423138504344
11,77,20.129806542159308
11,78,19.75259982813747
11,79,22.856312613866947
11,80,24.87708719021376
11,81,24.142031561071768
11,82,21.325168364842376
11,83,18.636275421762402
11,84,14.99984223505595
11,85,12.26982978436841
11,86,11.021701346309104
11,87,8.570998801502993
11,88,9.640637156570241
11,89,12.695449751254154
11,90,14.120856476933469
11,91,13.32517483447805
11,92,9.572526038093468
11,93,8.896359618089367
11,94,7.074857735736549
11,95,9.62130665192323
11,96,10.875189918495119
11,97,14.62428582658406
11,98,16.422465516610266
11,99,20.14136656018862
11,100,22.206703015816284
11,101,25.562719708639623
11,102,28.81641100732981
11,103,30.82472330147867
12,1,29.045724217302748
12,2,25.523326224792307
12,3,22.697342121361874
12,4,21.631736186674686
12,5,18.28280445571684
12,6,15.64771056039177
12,7,16.25032236901757
12,8,13.793197563482089
12,9,10.398315984360657
12,10,6.928586756992325
12,11,3.801377102474158
12,13,3.8050435833106886
12,14,5.647244360276838
12,15,7.18389518214123
12,16,8.371598704099991
12,17,11.778105073206557
12,18,15.115686725987663
12,19,17.434534085152638
12,20,21.2226161955107
12,21,21.6809809979192
12,22,20.112995435480634
12,23,17.09369088559118
12,24,13.368388593887591
12,25,10.95215246589914
12,26,7.264504935347964
12,27,5.957107175736642
12,28,4.508666753862917
12,29,6.6326548567953205
12,30,9.294895963732703
12,31,11.575184463519422
12,32,14.558014407150564
12,33,17.88731537339005
12,34,19.106426031234445
12,35,18.868951099502166
12,36,20.044642343564853
12,37,18.253157972683187
12,38,17.07441598407964
12,39,13.517713684987616
12,40,13.817477406050784
12,41,12.44102993062808
12,42,14.39082494488352
12,43,15.072730534228576
12,44,16.89045318468685
12,45,19.487627193944963
12,46,18.794206697454044
12,47,16.997166675016995
12,48,20.335032266373084
12,49,21.853774505654396
12,50,18.806951635131824
12,51,21.333334117798746
12,52,20.10724189766298
12,53,20.493305259668038
12,54,19.832897699991253
12,55,19.0636271027625
12,56,16.64364816835989
12,57,17.90579690030401
12,58,16.524256890322597
12,59,19.528333665056973
12,60,18.526958820302674
12,61,15.295068312871797
12,62,16.466894392212126
12,63,15.314591716136954
12,64,18.432733157709084
12,65,19.98092125040305
12,66,19.549759175520926
12,67,15.799048529073117
12,68,15.264309557010113
12,69,12.75747209659586
12,70,12.478230121738365
12,71,9.592241791672985
12,72,9.853892273311311
12,73,9.969169656848818
12,74,10.804370384400023
12,75,13.31756019931991
12,76,14.731540322481912
12,77,17.92718296028446
12,78,17.519326104929736
12,79,20.704240278893952
12,80,22.385996564952382
12,81,21.67621926078553
12,82,19.13884008653016
12,83,16.831172206080193
12,84,13.514056420947663
12,85,10.761070807593587
12,86,10.752322089324908
12,87,9.010498546716345
12,88,11.353139349689318
12,89,14.666352411834291
12,90,16.54759103015825
12,91,16.02816554891015
12,92,12.48680191917924
12,93,10.909397674119122
12,94,8.076139107813042
12,95,9.13949245264912
12,96,9.04627912896201
12,97,12.502515437736609
12,98,13.772315221232962
12,99,17.316536499347205
12,100,19.25295685280601
12,101,22.434266908243117
12,102,25.76987060554504
12,103,28.044069099845068
13,1,30.55387539165668
13,2,27.23317727782972
13,3,24.42399091532876
13,4,23.789762548552623
13,5,20.730398683424205
13,6,17.87781550792036
13,7,18.718717072684985
13,8,15.944649344383826
13,9,12.778532020800347
13,10,9.429367212007682
13,11,6.277602522540331
13,12,3.8050435833106886
13,14,3.8099366099652543
13,15,7.123569728120007
13,16,9.111391698842404
13,17,11.744784136885466
13,18,15.391051632461973
13,19,17.34143116371576
13,20,21.042366704187373
13,21,22.058579096757384
13,22,20.888813359051223
13,23,18.112129894487595
13,24,14.44627895677748
13,25,11.536502338345208
13,26,8.301074271336816
13,27,5.693878390508528
13,28,5.301974189106465
13,29,6.628516353161727
13,30,10.158245744175236
13,31,12.301808400840006
13,32,15.576925252435176
13,33,18.507273050404173
13,34,20.303593778610782
13,35,19.778791586666806
13,36,20.973839643774678
13,37,19.807610823816503
13,38,18.98579269735952
13,39,15.67047977895798
13,40,16.65664511567824
13,41,15.353808733142017
13,42,17.461186235768885
13,43,18.173109294348016
13,44,20.284113584350493
13,45,22.794911166707497
13,46,22.27273677325032
13,47,20.645901459343595
13,48,24.050843848969155
13,49,25.58748864313917
13,50,22.50354743622964
13,51,24.88483609223204
13,52,23.435796728920117
13,53,23.51122370956116
13,54,22.42275247818374
13,55,21.439189172419123
13,56,18.779410685454508
13,57,19.360483516582295
13,58,17.617324250347213
13,59,20.625379543428597
13,60,19.408426399113935
13,61,16.589847943027728
13,62,17.535319875408106
13,63,16.04061239455924
13,64,18.653413344830213
13,65,19.954817353525442
13,66,18.818173158022653
13,67,15.144203577643307
13,68,14.46974954890871
13,69,11.329510641563969
13,70,10.7409905825831
13,71,8.01536005389755
13,72,9.452860695149859
13,73,9.860302984356181
13,74,11.894217255008591
13,75,14.43762720520467
13,76,16.556033736563375
13,77,19.75145458170359
13,78,19.733097867671116
13,79,23.067127232741452
13,80,24.493032926803963
13,81,23.909682192709074
13,82,21.694540765028353
13,83,19.739789546022035
13,84,16.707041381621902
13,85,13.93317922603263
13,86,14.334855392217449
13,87,12.422127755088262
13,88,14.646506312578328
13,89,18.116677316262212
13,90,20.037341908526344
13,91,19.434127504342804
13,92,15.753527307192718
13,93,14.536828351527276
13,94,11.848331223569438
13,95,12.808095100141596
13,96,12.138125401290344
13,97,15.22058277752167
13,98,16.015144741894094
13,99,19.224670886269205
13,100,20.88685822411346
13,101,23.750483403395368
13,102,27.12191801610689
13,103,29.7307060412487
14,1,32.70388443088556
14,2,29.337011475259466
14,3,26.817820382015366
14,4,26.28113472852028
14,5,23.127100208148406
14,6,20.63612206509073
14,7,21.648140320495894
14,8,19.16012127567783
14,9,15.885653458857309
14,10,12.369332942009073
14,11,9.178792422979361
14,12,5.647244360276838
14,13,3.8099366099652543
14,15,3.7934824463396
14,16,6.396899165809419
14,17,8.623344256890872
14,18,12.400270188901926
14,19,14.639196642479776
14,20,18.281554710491125
14,21,19.6722246692638
14,22,18.284182686931672
14,23,15.966399175926298
14,24,12.313042619301129
14,25,9.886475601175386
14,26,7.458676236005509
14,27,6.168783471595768
14,28,7.714233597418696
14,29,10.074104248914985
14,30,13.628403199415452
14,31,16.00869308990607
14,32,19.172981445030207
14,33,22.126891405783017
14,34,23.708434105556602
14,35,22.965462074840733
14,36,23.88670916271311
14,37,22.51782784877936
14,38,21.198617515698047
14,39,17.679455610240208
14,40,18.222460298462035
14,41,16.176077892857137
14,42,17.578962581082617
14,43,17.590925772851655
14,44,19.73241382040165
14,45,21.8099446803981
14,46,21.529552152613483
14,47,20.437630287094446
14,48,24.074052742172558
14,49,25.590676207152537
14,50,22.56531906837684
14,51,24.679467412684215
14,52,23.192704770719217
14,53,22.704552607225416
14,54,21.38346463558602
14,55,20.80726511194443
14,56,18.549691545565288
14,57,18.933534991856543
14,58,17.771633927529095
14,59,21.16394288778394
14,60,20.58538855407032
14,61,18.064483348436962
14,62,19.65911024875823
14,63,18.734036329385
14,64,21.488682201515395
14,65,23.145873858884233
14,66,21.868821185556552
14,67,18.15394213718658
14,68,17.9067097730084
14,69,14.776275548842907
14,70,13.596273198375323
14,71,10.44696836388852
14,72,11.215065283928828
14,73,10.317199823984698
14,74,12.038091403095274
14,75,13.659752727798399
14,76,15.569554031181058
14,77,18.293279373260397
14,78,18.05403910106737
14,79,21.232667997287127
14,80,22.17867850564273
14,81,21.50489112054415
14,82,19.592789016058298
14,83,18.18166988413702
14,84,15.657316044055527
14,85,13.279588780940808
14,86,14.677620020262077
14,87,13.611601927230854
14,88,16.51406897581023
14,89,19.92766134448146
14,90,22.00735336696721
14,91,21.507100739882535
14,92,18.041758090286304
14,93,16.28758793890235
14,94,13.073986681178795
14,95,12.920434503381308
14,96,11.152753436238422
14,97,13.51764188452518
14,98,13.774809393055014
14,99,16.578586571492025
14,100,18.155665989228567
14,101,20.701806010170205
14,102,24.14776872219235
14,103,26.99638334112619
15,1,33.9150344248725
15,2,30.42180213200158
15,3,28.11987196150239
15,4,27.409750993716212
15,5,24.0721895482098
15,6,21.986303257829736
15,7,22.94881961799264
15,8,20.830568597458722
15,9,17.44352553800349
15,10,13.94585985727955
15,11,10.916478202997213
15,12,7.18389518214123
15,13,7.123569728120007
15,14,3.7934824463396
15,16,3.834084938371246
15,17,6.378936144656874
15,18,9.9748034724215
15,19,12.919644093666491
15,20,16.52165565409786
15,21,17.845731154288885
15,22,15.873768013217457
15,23,13.905485083198569
15,24,10.259598650089034
15,25,8.947721057571615
15,26,7.25480787857236
15,27,7.914477816479481
15,28,9.864199493313711
15,29,12.857745603163357
15,30,16.10100777723359
15,31,18.610499127224536
15,32,21.601986388097085
15,33,24.762152786357728
15,34,25.942915416068605
15,35,25.23481925802437
15,36,25.982746257425372
15,37,24.169195993383628
15,38,22.347109754648027
15,39,18.63387519013019
15,40,18.45294206979867
15,41,15.81350494184611
15,42,16.390489663457465
15,43,15.630560746370557
15,44,17.51772348532237
15,45,19.120890443336222
15,46,18.94170828318666
15,47,18.30633493358874
15,48,22.05688469305571
15,49,23.560039672010387
15,50,20.702804338464706
15,51,22.630316481571114
15,52,21.311653853118003
15,53,20.47255110959182
15,54,19.249523454346555
15,55,19.272415772212867
15,56,17.62582671670177
15,57,18.278033031358408
15,58,17.89237719978494
15,59,21.5285358965269
15,60,21.57925021568284
15,61,19.086706799284332
15,62,21.22307924566346
15,63,20.838536487445673
15,64,23.915787130678275
15,65,25.89346526393151
15,66,24.89224234055963
15,67,21.102741548810904
15,68,21.110257991598484
15,69,18.210086811694197
15,70,16.934482310674863
15,71,13.514812651403401
15,72,13.441331197801428
15,73,11.65612407462583
15,74,12.351665357869555
15,75,13.04777334503492
15,76,14.17392277645125
15,77,16.332322583491578
15,78,15.517194906351934
15,79,18.367101242246353
15,80,18.942275608592617
15,81,18.007187968299853
15,82,16.154622645191154
15,83,15.153713302968026
15,84,13.062622757420074
15,85,11.309376754478176
15,86,13.490436531308786
15,87,13.433046794760486
15,88,16.79425561017496
15,89,19.92382272702925
15,90,22.010102482444065
15,91,21.604075741240354
15,92,18.501649185889292
15,93,16.255450394377707
15,94,12.70076248635593
15,95,11.46022842737181
15,96,8.79164162297764
15,97,10.38931695425293
15,98,10.37378526081422
15,99,12.973431100124117
15,100,14.766295710493123
15,101,17.217613341200984
15,102,20.775611066431097
15,103,23.645536738102653
16,1,31.792252659510204
16,2,28.31255625568063
16,3,26.369019243028152
16,4,25.84848891857957
16,5,22.600381175325886
16,6,21.028748743515752
16,7,22.436508539927328
16,8,20.883565154925925
16,9,17.836886303353996
16,10,14.199102190625052
16,11,11.980455946762028
16,12,8.371598704099991
16,13,9.111391698842404
16,14,6.396899165809419
16,15,3.834084938371246
16,17,3.793456823017613
16,18,6.953065826128774
16,19,9.91143746082406
16,20,13.613252605043135
16,21,14.431890294214165
16,22,12.422132785202063
16,23,10.163974841698064
16,24,6.456602981464934
16,25,5.58223200221721
16,26,4.862288737305613
16,27,7.237952689663714
16,28,9.838066879930755
16,29,13.425675060917891
16,30,16.40941772436982
16,31,19.4246802063099
16,32,21.93118701515724
16,33,24.98385656925404
16,34,25.67541439150175
16,35,24.61256919622215
16,36,24.96316963377542
16,37,22.916602756512084
16,38,20.61732206088645
16,39,16.92479333721181
16,40,16.49323758250571
16,41,13.41118761165627
16,42,13.577403488392306
16,43,12.71328489686755
16,44,15.06492768728236
16,45,16.800731733137365
16,46,17.305270516233286
16,47,17.21403553394162
16,48,20.99609876866137
16,49,21.92261317661234
16,50,18.814227016580343
16,51,20.232906157151863
16,52,18.49545533092641
16,53,17.30429223377585
16,54,15.725965510696117
16,55,15.687529605291088
16,56,14.196325199104006
16,57,14.761886502632827
16,58,14.81370422755697
16,59,18.55255077065979
16,60,19.110929868579127
16,61,16.87627364441818
16,62,19.520845129244
16,63,19.804623600769904
16,64,23.05550743983975
16,65,25.502699556087673
16,66,24.697838233081136
16,67,20.90636135358508
16,68,21.550913952431074
16,69,19.123294786259702
16,70,17.36460617397512
16,71,13.645610935133018
16,72,12.517153976430919
16,73,9.887887471757487
16,74,9.698147733370233
16,75,9.639959684157947
16,76,10.494077035834634
16,77,12.525275428983802
16,78,11.93350295280555
16,79,14.998930909221292
16,80,15.841090754671306
16,81,15.459574694389262
16,82,13.988199284138911
16,83,12.76106557524869
16,84,11.008934477974803
16,85,8.958448124396726
16,86,11.702456292326824
16,87,11.970748322473163
16,88,15.642258209369782
16,89,18.761696476453977
16,90,21.306524500897453
16,91,21.54085042309237
16,92,18.70633258708256
16,93,15.860621049489884
16,94,12.583401551035577
16,95,10.840088188137136
16,96,8.149997913632983
16,97,9.275278689827443
16,98,8.188898517293405
16,99,10.72756362371292
16,100,11.897999597294664
16,101,14.689037075568509
16,102,18.014983211730517
16,103,20.705927350268833
17,1,33.15730626610544
17,2,29.849171283738194
17,3,28.251286018883366
17,4,28.136806368493833
17,5,25.116323328975618
17,6,23.773800437874016
17,7,25.542372105798737
17,8,24.12678412246086
17,9,21.26325265465218
17,10,17.536883612703846
17,11,15.437088302908869
17,12,11.778105073206557
17,13,11.744784136885466
17,14,8.623344256890872
17,15,6.378936144656874
17,16,3.793456823017613
17,18,3.791014393793703
17,19,6.57082032195756
17,20,10.159239592474117
17,21,11.587965448519475
17,22,9.88741246093228
17,23,8.376214572105154
17,24,5.441595470425944
17,25,5.29332141688888
17,26,6.86335731823408
17,27,9.170306823967591
17,28,12.50556689991629
17,29,16.066274253992376
17,30,19.22966206663641
17,31,22.439015177384434
17,32,24.844690761476574
17,33,27.651901754008207
17,34,28.342670141053528
17,35,26.88986406252504
17,36,26.953199516491456
17,37,25.109410301599233
17,38,22.6660613848091
17,39,19.164445915382736
