1,2,3.8807179414972777
1,3,5.680904454805154
1,4,5.047301362693661
1,5,7.716160757128134
1,6,9.688575913268942
1,7,11.980137554099738
1,8,15.157809938789665
1,9,15.21213848782251
1,10,17.98710893863376
1,11,14.72313931267802
1,12,12.97745065444278
1,13,15.614018622065826
1,14,16.71785986741462
1,15,19.214299546123552
1,16,22.591195594682837
1,17,23.740881168629237
1,18,22.55633740538034
1,19,22.10935681178334
1,20,25.08663617638618
1,21,27.331950250508616
1,22,30.422179090622716
1,23,29.71518594480881
1,24,31.37778722930398
1,25,32.15719777994567
1,26,35.922164717470544
1,27,36.73943587455327
1,28,40.58266299516102
1,29,41.7593947201783
1,30,42.44090929167535
1,31,40.40946514738189
1,32,39.57474538309104
1,33,43.422421066868104
1,34,44.593646963527505
1,35,42.00109338760378
1,36,43.63830830297268
1,37,40.79752911501175
1,38,41.152511018315295
1,39,38.919705137565785
1,40,39.13524686233034
1,41,36.41697632023978
1,42,35.70208677907193
1,43,34.0273196755948
1,44,33.023501263837225
1,45,32.37622876347922
1,46,30.22262386668458
1,47,30.87549792697023
1,48,27.69611923571603
1,49,25.486866033583738
1,50,24.742181164155546
1,51,26.06681719193295
1,52,28.833145383938017
1,53,30.256583917839574
1,54,28.526046553935977
1,55,30.8193714171576
1,56,31.21801839073454
1,57,33.72556009306326
1,58,35.95439984837581
1,59,38.04425806666682
1,60,41.70018506282456
1,61,43.11316669760423
1,62,42.41857635347397
1,63,44.222341331064335
1,64,44.248846245790766
1,65,47.129338026478074
1,66,49.695273414588776
1,67,51.9232306554422
1,68,54.66365193470434
1,69,52.212181337170364
1,70,52.145494109382085
1,71,49.14162203969049
1,72,48.57885288293225
1,73,46.892513320187085
1,74,47.06162766237572
1,75,43.501399802711255
1,76,40.696076184351675
1,77,38.83981154108856
1,78,35.1266535227841
1,79,32.58864370500374
1,80,29.62327156257096
1,81,26.35365606281888
1,82,23.375629109883217
1,83,19.962710289103324
1,84,19.83184620880508
1,85,18.07994185083885
1,86,20.407426077056417
1,87,20.128863206623734
1,88,21.931635954013707
1,89,23.779947468307654
1,90,23.939823265568087
1,91,26.78663814674166
1,92,30.253270249643816
1,93,30.88008210693452
1,94,29.93664099910058
1,95,26.539196738502987
1,96,25.056383513517943
1,97,21.283971071128946
1,98,19.58377965184064
1,99,17.224737421073222
1,100,15.873065672460958
1,101,17.624982520376278
1,102,17.71905141685193
1,103,21.415992391086416
1,104,23.08073094340007
1,105,25.879622679908174
1,106,29.008554474270404
1,107,29.955270533244384
1,108,33.32698688789158
1,109,35.06783142661327
1,110,36.24856848901709
1,111,39.20151085565264
1,112,38.41843179258966
1,113,41.12680561479752
1,114,40.841185814037985
1,115,40.91142964326288
1,116,42.435689633003534
1,117,40.66427496761782
2,1,3.8807179414972777
2,3,3.876147116610747
2,4,5.757827205942509
2,5,8.20833226691061
2,6,11.234414097710491
2,7,13.735047279270962
2,8,16.612662865762005
2,9,15.822444646378703
2,10,18.50853435831418
2,11,13.670656433679394
2,12,11.198639002983144
2,13,13.129599826338714
2,14,13.606841840775678
2,15,15.861994121798288
2,16,19.091661210971143
2,17,20.00277815696076
2,18,18.700748021556983
2,19,18.245460098041228
2,20,21.250770249168134
2,21,23.46067209200694
2,22,26.575963274492878
2,23,25.959467802637942
2,24,27.712909324132387
2,25,28.682358516354107
2,26,32.48742406802264
2,27,33.375729970434094
2,28,37.222366646008965
2,29,38.53232707698614
2,30,39.35170261113182
2,31,37.495371959097504
2,32,36.773331335115465
2,33,40.655777755414036
2,34,41.85094515681285
2,35,39.45435885131437
2,36,41.342135785678806
2,37,38.582888716843925
2,38,38.70665774672207
2,39,36.432462409479584
2,40,36.54071651428642
2,41,33.690881669148084
2,42,33.051674914444085
2,43,31.177656192571234
2,44,30.355316841862013
2,45,29.557669502016637
2,46,27.551751114703723
2,47,28.093939743880096
2,48,25.09392205410505
2,49,22.656327434960044
2,50,21.52832863319054
2,51,22.764715531116398
2,52,25.74505349479162
2,53,27.17502355111858
2,54,25.631412529473366
2,55,27.91692305232897
2,56,28.644658048000196
2,57,31.21998908809599
2,58,33.726995902567246
2,59,35.91267876099824
2,60,39.49699660592168
2,61,41.14699846291776
2,62,40.753697247816746
2,63,42.50162264985867
2,64,42.29658199695054
2,65,44.97672653444528
2,66,47.56316797510705
2,67,49.61276497884833
2,68,52.38328080453304
2,69,49.884424582042726
2,70,50.048758665810084
2,71,47.20343017249328
2,72,46.827432527572284
2,73,45.380904104937194
2,74,45.69624632892582
2,75,42.02804886155977
2,76,39.155366277437835
2,77,37.01706516971467
2,78,33.42245819311246
2,79,30.645653702799184
2,80,27.556148390543406
2,81,24.228050740724097
2,82,20.959438139988794
2,83,17.54639035686844
2,84,16.918582844050373
2,85,15.044646571259442
2,86,17.380818483105056
2,87,17.17578162792305
2,88,19.414948365822372
2,89,21.30362153912612
2,90,21.999557327304434
2,91,25.057153132122036
2,92,28.333031798036387
2,93,28.984102918828714
2,94,27.994624647450088
2,95,24.843529583676098
2,96,22.987442910260732
2,97,19.22883519780799
2,98,17.123772154689735
2,99,14.965636914139385
2,100,13.266059350735507
2,101,15.324910935986654
2,102,15.506324250809481
2,103,19.119207624682346
2,104,20.970990686897093
2,105,23.40471070973419
2,106,26.672053870714883
2,107,27.30047983460901
2,108,30.816915091621723
2,109,32.839964726806755
2,110,34.15900451896478
2,111,37.324658799658586
2,112,36.87634045225607
2,113,39.80095536304885
2,114,39.79340571536312
2,115,40.19657932365273
2,116,42.01316412421417
2,117,40.55664292781419
3,1,5.680904454805154
3,2,3.876147116610747
3,4,3.887930281465842
3,5,6.846814683321871
3,6,10.425391856956626
3,7,12.045574686653731
3,8,15.104512903591756
3,9,13.722894074754352
3,10,15.832275826434499
3,11,9.827264587567065
3,12,7.672980788934119
3,13,10.206824329304743
3,14,11.239901612361054
3,15,14.106966347780658
3,16,17.44765632902238
3,17,19.007648190039696
3,18,18.339293181248586
3,19,18.61057085343019
3,20,21.949698434253612
3,21,23.665640353685287
3,22,27.096287123410537
3,23,26.783452675732768
3,24,28.460141918985055
3,25,29.6928129584476
3,26,33.536663890435776
3,27,34.13028003058203
3,28,37.951860654155816
3,29,39.59283492530235
3,30,40.25172295123871
3,31,38.663189519024826
3,32,37.68317313673088
3,33,41.545206876545365
3,34,43.05530257265209
3,35,40.82087677180349
3,36,42.821418726667524
3,37,39.897746343671535
3,38,39.725079349165505
3,39,37.15214336037806
3,40,36.866374912743716
3,41,33.7903424903535
3,42,32.72980808404926
3,43,30.59565905137169
3,44,29.354805717965544
3,45,28.201845236434664
3,46,25.795730989257613
3,47,26.00686454780692
3,48,22.736060500040985
3,49,20.749018838568652
3,50,20.013060035682287
3,51,21.671072845242325
3,52,24.360630336097323
3,53,26.254992453913825
3,54,25.06697821196713
3,55,27.779836891619407
3,56,28.709612656721607
3,57,31.631361922903647
3,58,34.16335383053622
3,59,36.679606542572415
3,60,40.1232442820206
3,61,41.98850128740051
3,62,41.74828499156875
3,63,43.76510509294637
3,64,43.70471541033882
3,65,46.31567176284077
3,66,49.10970856696682
3,67,51.19145770765492
3,68,53.79142779031136
3,69,51.091192948336605
3,70,51.24976297404196
3,71,48.39165610001633
3,72,48.27391956874882
3,73,46.77363660432761
3,74,47.37333983075357
3,75,43.72120572010617
3,76,40.63731921394944
3,77,38.3632013012902
3,78,34.79905770318156
3,79,31.81707589075029
3,80,28.978875281293917
3,81,25.413481464220823
3,82,22.20996445606745
3,83,18.544405849745345
3,84,17.396997443451596
3,85,14.788040472444349
3,86,16.34350561013208
3,87,15.34844652430575
3,88,17.074541226545037
3,89,18.523485522858063
3,90,18.861639128498645
3,91,21.67574770345529
3,92,24.973330452105486
3,93,25.476905255489637
3,94,24.458271123029935
3,95,21.18971678978344
3,96,19.55436230155273
3,97,15.813905413083324
3,98,14.14291049618938
3,99,12.236231096086527
3,100,11.416582203991354
3,101,14.02783906302861
3,102,15.143706178623033
3,103,18.924377435657284
3,104,21.365962482554124
3,105,23.857602674570145
3,106,27.37463868513399
3,107,28.219979174640326
3,108,31.85576325498303
3,109,34.11844550580038
3,110,35.80875131829676
3,111,39.06527264437975
3,112,38.81500676254307
3,113,41.87457495183586
3,114,41.74099541802388
3,115,42.31294958220186
3,116,44.03986508378959
3,117,42.5393298165191
4,1,5.047301362693661
4,2,5.757827205942509
4,3,3.887930281465842
4,5,3.8741620469533586
4,6,6.879495469486252
4,7,8.373490965928735
4,8,11.634832128461584
4,9,10.882687891894312
4,10,13.278476272984394
4,11,10.255050087042662
4,12,8.744484709656286
4,13,11.829941227456517
4,14,13.837384047453032
4,15,16.588646786010372
4,16,20.19875528262093
4,17,22.085711374250373
4,18,21.71900109975284
4,19,21.82141436642326
4,20,25.255163853160273
4,21,27.125409399186903
4,22,30.50928754820081
4,23,30.348779889671906
4,24,32.17854481593935
4,25,33.4489533589062
4,26,37.29553469366129
4,27,37.970930861428776
4,28,41.798084117191
4,29,43.39005424634549
4,30,44.07603586170487
4,31,42.41711552909799
4,32,41.45107620885075
4,33,45.31141916284154
4,34,46.77297442553545
4,35,44.45081140448026
4,36,46.346628713984735
4,37,43.41248248813676
4,38,43.37020438764544
4,39,40.83379928427101
4,40,40.59922562712073
4,41,37.56288574607562
4,42,36.44649832602347
4,43,34.34715847025988
4,44,32.972123120488305
4,45,31.775760655138537
4,46,29.19766565647282
4,47,29.274580922612586
4,48,25.838906692598062
4,49,24.161040515062865
4,50,23.619413964915104
4,51,25.407372060794046
4,52,27.99018606379069
4,53,30.006429192660903
4,54,28.840082481345238
4,55,31.59311079566744
4,56,32.421115613338095
4,57,35.322671640783334
4,58,37.73815796565773
4,59,40.20453601737051
4,60,43.69289149240887
4,61,45.43806073113008
4,62,45.02882258606487
4,63,47.05709797311733
4,64,47.09533277730349
4,65,49.81215089981369
4,66,52.567009964411646
4,67,54.71489379368136
4,68,57.33951734318083
4,69,54.684763620628075
4,70,54.74641219037561
4,71,51.81078155890279
4,72,51.56716755676095
4,73,49.941303004159764
4,74,50.41829141576718
4,75,46.81765362252067
4,76,43.797648448480686
4,77,41.68701739832633
4,78,38.047325381064056
4,79,35.20434806673252
4,80,32.37883838215006
4,81,28.860371967343955
4,82,25.752616176056616
4,83,22.101013525879267
4,84,21.183810393754186
4,85,18.628443695146654
4,86,20.102962562470424
4,87,18.875654431491323
4,88,20.241121894490984
4,89,21.340353522043667
4,90,21.197241563668573
4,91,23.59327906695649
4,92,26.92177630798667
4,93,27.095936163136475
4,94,25.833694575443506
4,95,22.413738190906496
4,96,21.39409950770994
4,97,17.822148549398875
4,98,16.84668937178917
4,99,15.194008590866899
4,100,14.924396364398849
4,101,17.49119502218425
4,102,18.654708431633427
4,103,22.491160954565473
4,104,24.850257546315312
4,105,27.517296260204585
4,106,30.973417239616367
4,107,31.923815020840944
4,108,35.50526423348969
4,109,37.6301334830621
4,110,39.19930351358093
4,111,42.3496274757051
4,112,41.886793279715725
4,113,44.80392673601931
4,114,44.534653205663936
4,115,44.85859490009709
4,116,46.40700159719714
4,117,44.681091338777
5,1,7.716160757128134
5,2,8.20833226691061
5,3,6.846814683321871
5,4,3.8741620469533586
5,6,3.873378998706217
5,7,6.1563751582159565
5,8,8.546214417224908
5,9,7.709682069704565
5,10,10.754279932940266
5,11,11.031203212988084
5,12,9.184566757437352
5,13,11.751961405224037
5,14,14.36989979608345
5,15,16.540010751887564
5,16,20.371871485174946
5,17,22.48019782999498
5,18,22.51710007500556
5,19,22.367966554726046
5,20,25.94547446467137
5,21,27.978417110640518
5,22,31.268175823708976
5,23,31.51416401907814
5,24,33.711720792842705
5,25,35.29291604184509
5,26,39.152047641005446
5,27,40.073649602751175
5,28,43.88574146463439
5,29,45.54721737756861
5,30,46.479869404673366
5,31,44.93504580796949
5,32,44.17458747245989
5,33,48.059385362385946
5,34,49.434393807199676
5,35,47.23178129927476
5,36,49.269653441055
5,37,46.46214446730072
5,38,46.3538197124758
5,39,43.863051703521435
5,40,43.602527135772014
5,41,40.48208498222742
5,42,39.41526066758794
5,43,37.119391299739064
5,44,35.812590312591716
5,45,34.35537326416437
5,46,31.737632975712184
5,47,31.451096748909983
5,48,28.028745717069068
5,49,26.487872642628744
5,50,25.690827952401435
5,51,27.55886044219062
5,52,30.275573441959423
5,53,32.480689514607995
5,54,31.60427175949626
5,55,34.3803385087956
5,56,35.47709694568009
5,57,38.397989104379185
5,58,40.98480387696799
5,59,43.45547374278752
5,60,46.92064961519927
5,61,48.75895054468365
5,62,48.46024815317095
5,63,50.39090228462597
5,64,50.26298237985367
5,65,52.88129921654633
5,66,55.56121643072043
5,67,57.562779528041915
5,68,60.28214721305266
5,69,57.673674377256226
5,70,57.89139472143988
5,71,55.054365498956464
5,72,54.821290384867716
5,73,53.323017888216086
5,74,53.75075037456306
5,75,50.103057880437206
5,76,47.13987786969642
5,77,44.95086256116973
5,78,41.3606708346885
5,79,38.47056323214194
5,80,35.50765038061279
5,81,32.04231964358449
5,82,28.759197690158533
5,83,25.195973630142706
5,84,24.020817303924638
5,85,21.39499460353328
5,86,22.70443910622973
5,87,21.19807526589175
5,88,22.649118835834265
5,89,23.274449774980162
5,90,23.22479691735591
5,91,25.295380716038757
5,92,28.351985032719536
5,93,28.015274326508337
5,94,26.250565688402563
5,95,23.02612478694411
5,96,22.413686910542868
5,97,19.158793705101292
5,98,18.618453114457473
5,99,17.65429331019892
5,100,17.696846147142672
5,101,20.635940789860474
5,102,21.978973359617004
5,103,25.759500856066737
5,104,28.191962264932112
5,105,30.636392587731194
5,106,34.133966538847325
5,107,34.81466597006995
5,108,38.45990929721018
5,109,40.69787570404637
5,110,42.20448515734026
5,111,45.42856806557317
5,112,45.03466763947878
5,113,47.96579549182628
5,114,47.85562645584333
5,115,48.17870070349875
5,116,49.82309515107486
5,117,48.14850608474911
6,1,9.688575913268942
6,2,11.234414097710491
6,3,10.425391856956626
6,4,6.879495469486252
6,5,3.873378998706217
6,7,3.869112927314838
6,8,5.66952947256865
6,9,6.60801687420473
6,10,10.073129096520411
6,11,13.836235477318569
6,12,12.552565763875078
6,13,15.121795156939326
6,14,18.01224070839915
6,15,20.000574584731176
6,16,23.871984163140404
6,17,26.051125896632204
6,18,26.16838423087837
6,19,25.82124372946364
6,20,29.362215580024916
6,21,31.551825160413646
6,22,34.74071666358071
6,23,35.03522282557491
6,24,37.33236781791207
6,25,38.88568858454779
6,26,42.73435931247933
6,27,43.75404939820661
6,28,47.57400313355231
6,29,49.14317855251643
6,30,50.11654913473022
6,31,48.472808279877725
6,32,47.758052789194835
6,33,51.64577212560182
6,34,52.934582726303816
6,35,50.63626343192365
6,36,52.57090508491851
6,37,49.78082147628688
6,38,49.820921257202336
6,39,47.40221924051076
6,40,47.24169656269845
6,41,44.18351918776107
6,42,43.136188491265195
6,43,40.90835257432868
6,44,39.56329294968414
6,45,38.13994409416519
6,46,35.461700499508495
6,47,35.154354848905626
6,48,31.663583024588686
6,49,30.24888845703749
6,50,29.539032845157767
6,51,31.427666940725878
6,52,34.11222478488887
6,53,36.32452550720954
6,54,35.39032950866659
6,55,38.138921410798844
6,56,39.12380006711195
6,57,41.98365199540289
6,58,44.47850275335397
6,59,46.862896616833694
6,60,50.3863591331179
6,61,52.09668117620191
6,62,51.64027524524506
6,63,53.53696489238585
6,64,53.46571793832186
6,65,56.17872362508717
6,66,58.79247811932792
6,67,60.84166968188874
6,68,63.60779439457378
6,69,61.07001375908373
6,70,61.20946280880443
6,71,58.312231604130986
6,72,57.93582756886563
6,73,56.346063971329556
6,74,56.62790653448685
6,75,53.025402136075414
6,76,50.15088348939963
6,77,48.114287366250124
6,78,44.464895010103106
6,79,41.71406498557263
6,80,38.73128596833126
6,81,35.33478892401839
6,82,32.120199890626445
6,83,28.59407844425867
6,84,27.644251805525595
6,85,25.132988957418476
6,86,26.51986117294834
6,87,25.00661631341811
6,88,26.310587802301118
6,89,26.822389629479613
6,90,26.50965433756481
6,91,28.324868806895847
6,92,31.37007069177046
6,93,30.83013788191979
6,94,28.92510078078762
6,95,25.67859786585322
6,96,25.480281221982416
6,97,22.391835929123182
6,98,22.183076179738535
6,99,21.254104457051138
6,100,21.42232668930681
6,101,24.245589411977058
6,102,25.488943580919123
6,103,29.30356866535405
6,104,31.607216553100965
6,105,34.17825876802927
6,106,37.60195490422929
6,107,38.338731487054204
6,108,41.92628662467899
6,109,44.02226171349797
6,110,45.38066517438341
6,111,48.50205801048745
6,112,47.91056291792732
6,113,50.69878704886035
6,114,50.49973764803766
6,115,50.59389044539757
6,116,52.10070980746065
6,117,50.25568900841912
7,1,11.980137554099738
7,2,13.735047279270962
7,3,12.045574686653731
7,4,8.373490965928735
7,5,6.1563751582159565
7,6,3.869112927314838
7,8,3.896406084677765
7,9,5.188946651347945
7,10,7.594270311272991
7,11,12.917801240651727
7,12,12.717670440068675
7,13,15.686040908791549
7,14,18.98041655273082
7,15,21.312912392412358
7,16,25.10943456038014
7,17,27.683813228119
7,18,28.142696046761504
7,19,28.243854704040334
7,20,31.9082011938895
7,21,33.78138034412765
7,22,37.15215247225644
7,23,37.522487118109545
7,24,39.67558876710012
7,25,41.27217919724892
7,26,45.13548783142061
7,27,45.90619220965735
7,28,49.710838374010834
7,29,51.4411484292379
7,30,52.22431849936362
7,31,50.67804329478831
7,32,49.72626266460939
7,33,53.584887038059485
7,34,55.08946908909176
7,35,52.81198512440303
7,36,54.71928622295091
7,37,51.770766123466736
7,38,51.70223717351597
7,39,49.0971019837225
7,40,48.719732622694565
7,41,45.58348501657646
7,42,44.23694844556712
7,43,41.954618724520586
7,44,40.27846648462183
7,45,38.724185092181514
7,46,35.774423597760034
7,47,35.31608443867662
7,48,31.656998557836577
7,49,30.680591237476143
7,50,30.401660590554556
7,51,32.52146037001072
7,52,34.881898562023004
7,53,37.327569828385215
7,54,36.52516570929344
7,55,39.50479323750378
7,56,40.46075929016693
7,57,43.49534063416708
7,58,45.87981298703347
7,59,48.438552100342164
7,60,51.88873019605342
7,61,53.645569445665565
7,62,53.17421334229506
7,63,55.284877961961065
7,64,55.4148950282297
7,65,58.16482803343025
7,66,60.92789993932306
7,67,63.0856886874793
7,68,65.71024013241835
7,69,63.039391671743786
7,70,63.070394109216274
7,71,60.09454492610721
7,72,59.83124528510279
7,73,58.102691788799255
7,74,58.53921037201909
7,75,54.990149910219806
7,76,51.986156056976675
7,77,49.96378662580684
7,78,46.289464234919194
7,79,43.49233015614389
7,80,40.72128141826546
7,81,37.19277366122116
7,82,34.12133687274446
7,83,30.449560475280656
7,84,29.418993857818904
7,85,26.632305009392347
7,86,27.619189397995218
7,87,25.73019525331773
7,88,26.48659121176163
7,89,26.661151033820456
7,90,25.824162842934687
7,91,27.20577991990042
7,92,30.238010858442887
7,93,29.541733868859435
7,94,27.671964108462067
7,95,24.315261459675252
7,96,24.61453233539287
7,97,21.764394234989652
7,98,22.154170561053277
7,99,21.391562085964487
7,100,22.17154257121212
7,101,24.998550145752915
7,102,26.625596051470428
7,103,30.480884907982706
7,104,33.01018217538981
7,105,35.73491790478287
7,106,39.24041663484611
7,107,40.24222169422497
7,108,43.846497622571746
7,109,45.98652717466037
7,110,47.549024950310326
7,111,50.656731395075425
7,112,50.07809152189924
7,113,52.89045517504223
7,114,52.49156511282882
7,115,52.59357039268982
7,116,53.926616741967095
7,117,51.940254821969766
8,1,15.157809938789665
8,2,16.612662865762005
8,3,15.104512903591756
8,4,11.634832128461584
8,5,8.546214417224908
8,6,5.66952947256865
8,7,3.896406084677765
8,9,3.891934104850288
8,10,6.506637774734927
8,11,15.178891862665028
8,12,14.785999646752288
8,13,17.150360463378426
8,14,20.653671801782956
8,15,22.476233456924447
8,16,26.278797779651306
8,17,28.965363062686162
8,18,29.727888940033683
8,19,29.663233307666935
8,20,33.366594384186854
8,21,35.31836595142866
8,22,38.57882362851466
8,23,39.26527034270892
8,24,41.6775178138517
8,25,43.50667585687909
8,26,47.36324044969495
8,27,48.31612540443338
8,28,52.09737830108644
8,29,53.88688263397475
8,30,54.861839616107936
8,31,53.41486148966226
8,32,52.6213330864819
8,33,56.49759724068736
8,34,57.93927713955681
8,35,55.763358438357415
8,36,57.78940861439902
8,37,54.93816347010328
8,38,54.80838722541788
8,39,52.2328346763693
8,40,51.8281688498735
8,41,48.62227177878293
8,42,47.31269323414954
8,43,44.8768219080923
8,44,43.258056890766035
8,45,41.506029821101144
8,46,38.54242431079436
8,47,37.80883842997689
8,48,34.19544593224843
8,49,33.31980388415731
8,50,32.851058985610024
8,51,35.010284236349825
8,52,37.45572325540741
8,53,40.03142670073093
8,54,39.44970629514729
8,55,42.442945215699815
8,56,43.60670960908714
8,57,46.660517115588945
8,58,49.184330046520294
8,59,51.75444188020897
8,60,55.1862348564788
8,61,57.02652446695103
8,62,56.65189864365362
8,63,58.689933351191385
8,64,58.68498911905678
8,65,61.35266475647893
8,66,64.06105462923142
8,67,66.09838216867581
8,68,68.79727733888562
8,69,66.1585202396953
8,70,66.32036881778517
8,71,63.42537916080227
8,72,63.179072089627454
8,73,61.55629501427838
8,74,61.96228125026981
8,75,58.36980615238404
8,76,55.402244805105504
8,77,53.306586550450476
8,78,49.66950710938277
8,79,46.82318153095908
8,80,43.945058359759194
8,81,40.44658637689581
8,82,37.23889481887879
8,83,33.62211994321917
8,84,32.40362338038547
8,85,29.572966415906322
8,86,30.45485932049528
8,87,28.403688421950065
8,88,29.23348686497327
8,89,29.07899153409276
8,90,28.34645854526295
8,91,29.46323754480269
8,92,32.211700734667026
8,93,31.095411668540955
8,94,28.833456272922554
8,95,25.751791810295675
8,96,26.390140002322553
8,97,23.876801703675156
8,98,24.546324263399338
8,99,24.24520071833452
8,100,25.16617829212652
8,101,28.223352974511283
8,102,29.95533397243363
8,103,33.77854997197217
8,104,36.367703453597606
8,105,38.92786388067115
8,106,42.47209412001349
8,107,43.27001530034591
8,108,46.926954860858146
8,109,49.16339022725227
8,110,50.687866073124894
8,111,53.86108483678342
8,112,53.34759666971951
8,113,56.18126652677427
8,114,55.9132433277479
8,115,56.027949399855494
8,116,57.44663770723117
8,117,55.51053151129163
9,1,15.21213848782251
9,2,15.822444646378703
9,3,13.722894074754352
9,4,10.882687891894312
9,5,7.709682069704565
9,6,6.60801687420473
9,7,5.188946651347945
9,8,3.891934104850288
9,10,3.865920640008466
9,11,12.248367684411228
9,12,11.746818099909492
9,13,13.759563388438238
9,14,17.415134830578012
9,15,19.14481190853424
9,16,22.865379706238265
9,17,25.753733956772187
9,18,26.834510971573582
9,19,27.052849758764538
9,20,30.848961945887666
9,21,32.541100687505214
9,22,35.8859291890675
9,23,36.78406396140241
9,24,39.20578569717551
9,25,41.24241418763893
9,26,45.08842160880351
9,27,45.96231017583592
9,28,49.69299258987734
9,29,51.6821677530927
9,30,52.6720389799679
9,31,51.44950730412455
9,32,50.632204645557906
9,33,54.49013231336663
9,34,56.05860612238678
9,35,54.077384583171266
9,36,56.28465261824608
9,37,53.43459193455846
9,38,53.05694547202058
9,39,50.36383238079166
9,40,49.74845918490446
9,41,46.40848552533262
9,42,44.9948697798496
9,43,42.36092396118981
9,44,40.703481841670005
9,45,38.71924811512949
9,46,35.71318864066344
9,47,34.7278712632801
9,48,31.164335803270735
9,49,30.424975483075634
9,50,29.90556638206887
9,51,32.16008874542989
9,52,34.54944508272243
9,53,37.30069768589946
9,54,37.008889410939624
9,55,40.11534605367133
9,56,41.535488068646195
9,57,44.719796984082485
9,58,47.39031341596892
9,59,50.11760412606115
9,60,53.43088143096085
9,61,55.484283822453676
9,62,55.35035256643593
9,63,57.446300160525475
9,64,57.35550449285359
9,65,59.86456550008869
9,66,62.65569316436524
9,67,64.58881275755493
9,68,67.22872922941464
9,69,64.49071845833112
9,70,64.793999653162
9,71,62.00332864092231
9,72,61.972087525723474
9,73,60.48116739267916
9,74,61.084298383487
9,75,57.437128330292126
9,76,54.35742429680647
9,77,52.053025889267005
9,78,48.51118714672039
9,79,45.47361536500594
9,80,42.63475874252558
9,81,39.05598963794634
9,82,35.758853026439326
9,83,32.12074701893921
9,84,30.51623458052663
9,85,27.45649847220389
9,86,27.984448562901694
9,87,25.65892650263355
9,88,26.442255693770118
9,89,25.986558845694645
9,90,25.39743765571557
9,91,26.41148797573413
9,92,28.962700585003766
9,93,27.68191129281998
9,94,25.25874325372208
9,95,22.32461089125888
9,96,22.975584194470695
9,97,20.64149392237064
9,98,21.484170492126154
9,99,21.625984530344223
9,100,22.825769968700005
9,101,26.142396262862732
9,102,28.202218467542075
9,103,31.94177202204125
9,104,34.77681497083673
9,105,37.12397940977105
9,106,40.78127418463726
9,107,41.46905077530669
9,108,45.21008430457183
9,109,47.67491635893668
9,110,49.403318238902635
9,111,52.71865515373689
9,112,52.47462031468216
9,113,55.48326194478423
9,114,55.334886258967366
9,115,55.71651278398193
9,116,57.28809213561382
9,117,55.53103125529895
10,1,17.98710893863376
10,2,18.50853435831418
10,3,15.832275826434499
10,4,13.278476272984394
10,5,10.754279932940266
10,6,10.073129096520411
10,7,7.594270311272991
10,8,6.506637774734927
10,9,3.865920640008466
10,11,11.760392792854022
10,12,12.301282496556585
10,13,14.261898191900459
10,14,18.112512780792603
10,15,19.99344937012678
10,16,23.461995963341767
10,17,26.70654608573355
10,18,28.19114567602758
10,19,28.869763847309724
10,20,32.73206599718532
10,21,34.04701574924302
10,22,37.52460099855235
10,23,38.56782391070429
10,24,40.86322062559283
10,25,43.00703209193672
10,26,46.83291934263007
10,27,47.47617406317629
10,28,51.149794418265486
10,29,53.34316394367961
10,30,54.18835611658635
10,31,53.1451343318725
10,32,52.138126384013184
10,33,55.947376764573434
10,34,57.73262214613519
10,35,55.85772525917973
10,36,58.11128094317881
10,37,55.1501758453549
10,38,54.58591182738997
10,39,51.709073948833556
10,40,50.831999828510966
10,41,47.3896905959195
10,42,45.69498971658418
10,43,42.9434131733479
10,44,41.00530498735303
10,45,38.81130766599641
10,46,35.58176158905745
10,47,34.332666397850396
10,48,30.69883821181377
10,49,30.444158254867972
10,50,30.27796981888538
10,51,32.73673353623574
10,52,34.78956212780682
10,53,37.792885330746955
10,54,37.753517921501825
10,55,41.06725358541707
10,56,42.567291207009696
10,57,45.92330655655186
10,58,48.55265123594402
10,59,51.46973181157778
10,60,54.65762688318981
10,61,56.830329558130856
10,62,56.7862879705394
10,63,59.06603465580295
10,64,59.096878288664456
10,65,61.560797615948424
10,66,64.49406797597057
10,67,66.46267057777409
10,68,68.96113535991427
10,69,66.08380447551069
10,70,66.36123859703359
10,71,63.560934717762684
10,72,63.70761526176498
10,73,62.16656659920584
10,74,62.96725839271425
10,75,59.34992030569025
10,76,56.13638789365874
10,77,53.76802368838733
10,78,50.26079284946723
10,79,47.126884803869984
10,80,44.48032565574886
10,81,40.79473124559095
10,82,37.59573359231191
10,83,33.87783034846515
10,84,32.08273660594541
10,85,28.771170287194895
10,86,28.821934732318987
10,87,26.108096829386426
10,88,26.37594422280524
10,89,25.44523557086676
10,90,24.451007369457958
10,91,24.914929607784234
10,92,27.253625386842167
10,93,25.67326142997577
10,94,23.174556372956125
10,95,20.314559921496638
10,96,21.56008540719697
10,97,19.700462992815503
10,98,21.220186821573783
10,99,21.761982729455962
10,100,23.57015065642784
10,101,26.921102991444094
10,102,29.378802427772452
10,103,33.05467755680628
10,104,36.13034768807671
10,105,38.483097422284565
10,106,42.21883087741709
10,107,43.05938700184446
10,108,46.82367395565366
10,109,49.40258707197702
10,110,51.36002730775892
10,111,54.70863746556169
10,112,54.58009103264185
10,113,57.665068146722525
10,114,57.411966683786275
10,115,57.89906367797026
10,116,59.39236938319769
10,117,57.599436132431975
11,1,14.72313931267802
11,2,13.670656433679394
11,3,9.827264587567065
11,4,10.255050087042662
11,5,11.031203212988084
11,6,13.836235477318569
11,7,12.917801240651727
11,8,15.178891862665028
11,9,12.248367684411228
11,10,11.760392792854022
11,12,3.8762412512847217
11,13,6.807536854561682
11,14,9.553133907268107
11,15,12.980702594159276
11,16,15.85263105480048
11,17,18.95985499321913
11,18,20.091469523602793
11,19,21.84347555977573
11,20,25.533210733509772
11,21,26.05097251264916
11,22,29.87098696645458
11,23,30.395202225051722
11,24,31.936089851327583
11,25,33.802992115498014
11,26,37.54967214365459
11,27,37.57104817785033
11,28,41.17034233610208
11,29,43.54061769545594
11,30,43.93499094991421
11,31,43.06303734251363
11,32,41.64925332665202
11,33,45.34870785354268
11,34,47.484611694985794
11,35,45.74434680072109
11,36,48.02965144619044
11,37,44.89483130334361
11,38,44.01921322002003
11,39,40.89123556650192
11,40,39.70015172738994
11,41,36.19374689047294
11,42,34.23626117888447
11,43,31.486346517319678
11,44,29.353383012131694
11,45,27.213798532611175
11,46,23.934700385722927
11,47,22.95965698570937
11,48,19.239174017172303
11,49,18.916268295058437
11,50,19.205499669467738
11,51,21.76908117999343
11,52,23.46650230233347
11,53,26.474065041127535
11,54,26.442728376585784
11,55,29.934782753641645
11,56,31.429657982911966
11,57,34.9631785912671
11,58,37.53645388980586
11,59,40.69196718649565
11,60,43.67101022897661
11,61,46.03539964781063
11,62,46.23822539004678
11,63,48.7383918670401
11,64,48.88884296636578
11,65,51.21460509642391
11,66,54.37970892832769
11,67,56.407852262313554
11,68,58.624875430985135
11,69,55.53345694004727
11,70,55.77664511966013
11,71,53.01605383638423
11,72,53.50690936229303
11,73,52.01257642619275
11,74,53.2217507737563
11,75,49.64230396857208
11,76,46.1967558881398
11,77,43.62312162123177
11,78,40.28346588386955
11,79,36.9413181075722
11,80,34.676468275578515
11,81,30.858303592640052
11,82,27.90363856910048
11,83,24.157785346510035
11,84,22.012167871239633
11,85,18.370709166851316
11,86,17.7610212879809
11,87,14.802246529705425
11,88,14.687993754123845
11,89,14.067520608989808
11,90,13.193433341694575
11,91,14.577819790676086
11,92,17.53973301236527
11,93,17.168325729270094
11,94,15.773825605453245
11,95,12.256744606121675
11,96,11.846418031936059
11,97,8.853539574208058
11,98,9.793781929966066
11,99,10.10378230437742
11,100,12.46152423667382
11,101,15.795023207098932
11,102,18.805179673362733
11,103,22.220632175688955
11,104,25.64385144569974
11,105,27.857790871724696
11,106,31.663308982778354
11,107,32.74934235573061
11,108,36.486192677864906
11,109,39.24325751197974
11,110,41.64159358385487
11,111,45.05280325946277
11,112,45.29771758136886
11,113,48.607216719537625
11,114,48.32325154093239
11,115,49.28732276738535
11,116,50.88539776119897
11,117,49.397003960944225
12,1,12.97745065444278
12,2,11.198639002983144
12,3,7.672980788934119
12,4,8.744484709656286
12,5,9.184566757437352
12,6,12.552565763875078
12,7,12.717670440068675
12,8,14.785999646752288
12,9,11.746818099909492
12,10,12.301282496556585
12,11,3.8762412512847217
12,13,3.8788890222821952
12,14,6.82117079373589
12,15,10.041103236008066
12,16,13.37961361904419
12,17,16.24665613395965
12,18,17.174312546921687
12,19,18.519364645521367
12,20,22.28356660230618
12,21,23.143688434949105
12,22,26.874844516839936
12,23,27.47155575960842
12,24,29.303635979522443
12,25,31.28421942606639
12,26,35.084321847732724
12,27,35.43714869479068
12,28,39.09462220692193
12,29,41.36438093171564
12,30,42.04334799105106
12,31,41.11688305386656
12,32,40.00434260007992
12,33,43.77962482163312
12,34,45.68945026748751
12,35,43.969680109733936
12,36,46.367448933444486
12,37,43.4122177199445
12,38,42.59918147997231
12,39,39.649771705305454
12,40,38.668169775943284
12,41,35.17712251942769
12,42,33.57037845712194
12,43,30.779017289202127
12,44,29.07459466348816
12,45,26.991798802477994
12,46,24.05059165675784
12,47,23.155729217551347
12,48,19.67923954071376
12,49,18.70174060617754
12,50,18.21799184668569
12,51,20.55791466220171
12,52,22.814295601785986
12,53,25.629729443601967
12,54,25.53849651646521
12,55,28.81505045915776
12,56,30.47991499655385
12,57,33.87103573283197
12,58,36.6707279453891
12,59,39.673092936738875
12,60,42.74375330338144
12,61,45.120321764605606
12,62,45.39450608868324
12,63,47.656236225146316
12,64,47.535541725973495
12,65,49.79225578803401
12,66,52.80769663919994
12,67,54.68123349314818
12,68,57.07951838150513
12,69,54.11452546365328
12,70,54.53386172026521
12,71,51.880122928671724
12,72,52.27758612214053
12,73,50.971089428470655
12,74,52.03063415920035
12,75,48.355965732562716
12,76,45.027124683725084
12,77,42.37232647789516
12,78,39.05513840782599
12,79,35.6913002381264
12,80,33.129950813041916
12,81,29.402435935088672
12,82,26.162375280780655
12,83,22.51184653029636
12,84,20.242859835932926
12,85,16.742139866125505
12,86,16.583519284295715
12,87,13.968955431388682
12,88,14.85782804160263
12,89,14.652821333447914
12,90,14.781206238785307
12,91,16.7255086170313
12,92,19.494097994582567
12,93,19.146965852475034
12,94,17.492964795345337
12,95,14.404159679191984
12,96,13.361950103402974
12,97,10.186286101480148
12,98,9.99596384885627
12,99,10.2521215119843
12,100,11.646700841240513
12,101,15.298773828715868
12,102,17.936020388732043
12,103,21.37795095947272
12,104,24.64365109009219
12,105,26.621849442329218
12,106,30.426323691934517
12,107,31.127585733273783
12,108,34.933252667070654
12,109,37.73922689178373
12,110,39.95400337460056
12,111,43.45121776639798
12,112,43.741181517395965
12,113,47.076377996478094
12,114,47.05302819594266
12,115,48.04705863978862
12,116,49.870684703175925
12,117,48.54989587239628
13,1,15.614018622065826
13,2,13.129599826338714
13,3,10.206824329304743
13,4,11.829941227456517
13,5,11.751961405224037
13,6,15.121795156939326
13,7,15.686040908791549
13,8,17.150360463378426
13,9,13.759563388438238
13,10,14.261898191900459
13,11,6.807536854561682
13,12,3.8788890222821952
13,14,3.869570459848521
13,15,6.438435257581872
13,16,9.798453261346689
13,17,12.917808750405394
13,18,14.38573577010287
13,19,15.910386626275555
13,20,19.72545791101207
13,21,20.37091995251562
13,22,24.07079219990447
13,23,25.083556022395232
13,24,27.125770827721755
13,25,29.471289362879457
13,26,33.21230930309635
13,27,33.69312893705077
13,28,37.260069259001355
13,29,39.70303241106831
13,30,40.59682025637691
13,31,39.94273158203349
13,32,39.02426497338411
13,33,42.766829729577275
13,34,44.657230908098335
13,35,43.21473000683095
13,36,45.862250871650986
13,37,43.074563125972766
13,38,42.02148275750892
13,39,39.09095205743738
13,40,37.983168562202124
13,41,34.38374172730389
13,42,32.870597948116774
13,43,29.816874315746126
13,44,28.335825112241064
13,45,25.95155402953458
13,46,23.193117957176614
13,47,21.90276479292286
13,48,18.744383547664984
13,49,17.70937219770664
13,50,16.67172002678827
13,51,18.977316895363
13,52,21.408319503137754
13,53,24.35204370952651
13,54,24.714863806245702
13,55,27.940192235194967
13,56,30.038906725450026
13,57,33.43388416805157
13,58,36.49508585221906
13,59,39.53713675563336
13,60,42.46379741568063
13,61,45.06072531532912
13,62,45.64240266895896
13,63,47.78859418353417
13,64,47.408738817638095
13,65,49.41314756443546
13,66,52.38478283155613
13,67,54.01868335859552
13,68,56.44637771203258
13,69,53.48196629460711
13,70,54.168010213195494
13,71,51.72693477450678
13,72,52.2931532890979
13,73,51.25650372649292
13,74,52.40907410191341
13,75,48.67566352873656
13,76,45.36044492471059
13,77,42.48225768607368
13,78,39.35387924228115
13,79,35.84602070059027
13,80,33.217504334449075
13,81,29.58246661148843
13,82,26.18626649904892
13,83,22.77210041440393
13,84,20.018784948874586
13,85,16.5109255733925
13,86,15.98560509166716
13,87,13.211934395044596
13,88,14.505753716836917
13,89,13.876477914611542
13,90,14.820093202801948
13,91,16.712985902653397
13,92,18.90576918460821
13,93,18.278682851142438
13,94,16.26661312022909
13,95,13.836944930765222
13,96,12.473611639583316
13,97,9.829606045404253
13,98,9.459832485195006
13,99,10.795659169982594
13,100,12.085099079725632
13,101,15.940934849671482
13,102,18.651098798146865
13,103,21.725346031341367
13,104,25.059106869396366
13,105,26.514810787723288
13,106,30.32837225141974
13,107,30.61719049689799
13,108,34.470687587745836
13,109,37.52004904430424
13,110,39.799637934382616
13,111,43.43751611106734
13,112,44.03109869489382
13,113,47.49336427501895
13,114,47.748931534088165
13,115,48.986347538674664
13,116,51.048675668059346
13,117,49.99622352676364
14,1,16.71785986741462
14,2,13.606841840775678
14,3,11.239901612361054
14,4,13.837384047453032
14,5,14.36989979608345
14,6,18.01224070839915
14,7,18.98041655273082
14,8,20.653671801782956
14,9,17.415134830578012
14,10,18.112512780792603
14,11,9.553133907268107
14,12,6.82117079373589
14,13,3.869570459848521
14,15,3.885659489852819
14,16,6.737034759096941
14,17,9.482090226589795
14,18,10.759472349535471
14,19,12.711363002380946
14,20,16.403292843721523
14,21,16.75366529992398
14,22,20.531622834662983
14,23,21.46635468394157
14,24,23.382100376504013
14,25,25.773909722076063
14,26,29.478123421742282
14,27,29.9107513614534
14,28,33.44550485819133
14,29,35.950353685694076
14,30,36.86702615829543
14,31,36.32792241002064
14,32,35.45905833720216
14,33,39.17453458611628
14,34,41.075344600615296
14,35,39.771392263650306
14,36,42.53687678766113
14,37,39.829573981862595
14,38,38.63294924383982
14,39,35.71658725573845
14,40,34.56508237170674
14,41,30.93955609775739
14,42,29.545393849288104
14,43,26.417702893251292
14,44,25.18032663034202
14,45,22.793800454921435
14,46,20.328469352384847
14,47,19.123943370464882
14,48,16.300072164298598
14,49,14.801964629676533
14,50,13.249976380295973
14,51,15.394648174628614
14,52,18.05684281850027
14,53,20.88493983165873
14,54,21.365252813289814
14,55,24.49115399510594
14,56,26.797610046208046
14,57,30.156179025803034
14,58,33.358493217920085
14,59,36.400317041511286
14,60,39.23475163345188
14,61,41.94822227065716
14,62,42.72591251127452
14,63,44.79579138534376
14,64,44.270346708722045
14,65,46.11984391530734
14,66,49.08139553921719
14,67,50.60159829880914
14,68,53.013276137870584
14,69,50.04059212296509
14,70,50.857561233684244
14,71,48.540797337370265
14,72,49.222690765285584
14,73,48.35841947613088
14,74,49.59945299958738
14,75,45.84764841232324
14,76,42.53316031473716
14,77,39.50981976068085
14,78,36.53339073513125
14,79,32.937253446706976
14,80,30.324796689111785
14,81,26.769150486097164
14,82,23.344088624202357
14,83,20.145585861818798
14,84,17.06449145497505
14,85,13.612709560675931
14,86,12.883956159549799
14,87,10.294984167207682
14,88,12.234208695431953
14,89,11.964974498548637
14,90,13.839934553904568
14,91,16.253577037072883
14,92,18.26204826747095
14,93,18.120502408312763
14,94,16.528564622589446
14,95,14.526273851512157
14,96,12.222234969617036
14,97,9.586639351646468
14,98,7.96966968842862
14,99,9.412606325507873
14,100,10.056214320828248
14,101,13.82839390494853
14,102,16.42864841001614
14,103,19.117994778194763
14,104,22.435339072793585
14,105,23.49441484259398
14,106,27.277484997863283
14,107,27.332795200850573
14,108,31.187794176801983
14,109,34.37404260471894
14,110,36.72953891252829
14,111,40.43852769334618
14,112,41.260675745989886
14,113,44.814952729537715
14,114,45.242062723993165
14,115,46.701381761629314
14,116,48.93165795402381
14,117,48.12294338381609
15,1,19.214299546123552
15,2,15.861994121798288
15,3,14.106966347780658
15,4,16.588646786010372
15,5,16.540010751887564
15,6,20.000574584731176
15,7,21.312912392412358
15,8,22.476233456924447
15,9,19.14481190853424
15,10,19.99344937012678
15,11,12.980702594159276
15,12,10.041103236008066
15,13,6.438435257581872
15,14,3.885659489852819
15,16,3.8871140398558772
15,17,6.713853750009799
15,18,8.76794013732132
15,19,10.501840313480807
15,20,14.201351171905763
15,21,14.54169246501085
15,22,18.12505690659182
15,23,19.63972533181256
15,24,21.978224465227523
15,25,24.787758700869695
15,26,28.389183311280416
15,27,29.148346817964967
15,28,32.566266684009726
15,29,35.14357789087222
15,30,36.4079583138852
15,31,36.089534449209985
15,32,35.56586267587047
15,33,39.23343221497847
15,34,40.97323587430072
15,35,39.925846444704774
15,36,42.90931045198662
15,37,40.46166763578109
15,38,39.1311286533676
15,39,36.36806671160795
15,40,35.23523447510434
15,41,31.606087739848395
15,42,30.47798472765384
15,43,27.199480762207095
15,44,26.36529271790798
15,45,23.824696202660157
15,46,21.749251248437226
15,47,20.262571905154417
15,48,17.985004982604384
15,49,16.379873360407238
15,50,14.123275923087137
15,51,15.915715855461036
15,52,18.821660195471498
15,53,21.53747237798925
