1,2,3.900082661508849
1,3,5.9802494149967975
1,4,13.583063966459648
1,5,13.276859329007323
1,6,16.16773598266414
1,7,17.08007570519313
1,8,19.60739497983618
1,9,23.11095399905232
1,10,24.25519062578452
1,11,22.843342924154864
1,12,22.80002655831023
1,13,25.514137002868974
1,14,26.49523508142138
1,15,30.05908063971937
1,16,29.398688336206064
1,17,31.145424027724555
1,18,31.98153487501729
1,19,35.82217595501395
1,20,36.820717679229425
1,21,40.58310614481442
1,22,41.758364887205474
1,23,42.61375200155216
1,24,40.6292763495217
1,25,40.098232415213324
1,26,43.95192388265506
1,27,44.87885977409624
1,28,42.3734190872834
1,29,44.05138872823551
1,30,41.28584913328359
1,31,41.740820215864254
1,32,39.517987583797726
1,33,39.884321391638295
1,34,37.37282525921502
1,35,36.181311688022745
1,36,34.3053980983951
1,37,32.40364815665799
1,38,32.38643886180959
1,39,30.10956350029812
1,40,30.24741740467353
1,41,26.984963459307473
1,42,25.130369337150956
1,43,24.532960453375548
1,44,26.106111412484623
1,45,28.83732804615398
1,46,30.38903567721417
1,47,28.934169079218663
1,48,31.546747467452303
1,49,31.839065773398406
1,50,34.324342742715025
1,51,36.51773904017843
1,52,38.92646152682156
1,53,42.61103189094041
1,54,44.12139653408245
1,55,43.598366556373655
1,56,45.02996142855769
1,57,45.019345421974876
1,58,47.88595182325037
1,59,50.13329438900179
1,60,52.15020304524149
1,61,54.96742225142153
1,62,52.58642788171057
1,63,53.069993791657
1,64,50.153475834228374
1,65,49.38243176573476
1,66,47.904050205960004
1,67,47.88053737182248
1,68,44.31888467270122
1,69,41.648845268804216
1,70,39.72836459211373
1,71,36.03830612148786
1,72,33.408107304709745
1,73,30.33458302580602
1,74,27.06995734962225
1,75,23.962904336136624
1,76,20.44916932410536
1,77,20.2500208743113
1,78,18.051458556985146
1,79,20.175264657501916
1,80,19.619733319379538
1,81,21.341545795163828
1,82,23.079179901924068
1,83,23.186031453885885
1,84,25.749469743883903
1,85,28.835653421917236
1,86,30.57940742890674
1,87,28.4833456412057
1,88,25.472570749898516
1,89,24.230949766030953
1,90,20.501007447621568
1,91,18.80998002388364
1,92,16.34888908379879
1,93,15.599554285847605
1,94,17.76431821989328
1,95,18.161096061129317
1,96,21.92669201815076
1,97,23.801587302254525
1,98,26.530434978304882
1,99,29.571267951419358
1,100,30.501541659389282
1,101,33.878066335918575
1,102,35.79142904705209
1,103,36.84395198654211
1,104,39.78157585824643
1,105,39.18182115910097
1,106,41.99060206722641
1,107,41.474436067603186
1,108,41.60265825228209
1,109,43.188174600406725
2,1,3.900082661508849
2,3,3.895230510737824
2,4,12.19313301775623
2,5,11.034284409940623
2,6,13.321841603231906
2,7,13.795163620895318
2,8,16.021990203826107
2,9,19.49433212144991
2,10,20.518366705246873
2,11,19.107732054245446
2,12,18.987431395937048
2,13,21.818800266896865
2,14,22.87846467817677
2,15,26.442390724217027
2,16,25.956042591813162
2,17,27.91509137184622
2,18,29.032949611187167
2,19,32.883353154964034
2,20,34.09172986347255
2,21,37.77398298472718
2,22,39.0797429354489
2,23,40.165846727654525
2,24,38.36550582756087
2,25,38.02893509909663
2,26,41.90780681481411
2,27,42.802317835038316
2,28,40.5221986308891
2,29,42.47406193688712
2,30,39.851869750164155
2,31,40.079601727351445
2,32,37.870967804348346
2,33,38.12343756388831
2,34,35.51156083283912
2,35,34.44156704921725
2,36,32.33049704696066
2,37,30.51513650107049
2,38,30.221474855677382
2,39,28.015120564804114
2,40,27.882521786364087
2,41,24.8074785587349
2,42,22.82894220268588
2,43,21.78621809940635
2,44,23.321528683876995
2,45,26.276206241198476
2,46,27.93715541513585
2,47,26.782826999625886
2,48,29.471950566766047
2,49,30.164273199662578
2,50,32.70208859927961
2,51,35.21073838965731
2,52,37.68508450785618
2,53,41.292439815137165
2,54,43.02024598945902
2,55,42.807202103859794
2,56,44.12501713066142
2,57,43.83329055891809
2,58,46.48211788714572
2,59,48.69990727286256
2,60,50.49410946278185
2,61,53.369214331631426
2,62,50.99234312697092
2,63,51.73886207234853
2,64,49.00685512162242
2,65,48.403607196748645
2,66,47.20070141929289
2,67,47.27954154315759
2,68,43.60779833505578
2,69,40.932533631347034
2,70,38.747571077665086
2,71,35.187998146984256
2,72,32.35022194185375
2,73,29.115875581870913
2,74,25.89150060685642
2,75,22.488306143428648
2,76,19.12480173101523
2,77,18.31915821189016
2,78,15.857824655820954
2,79,17.781106155201353
2,80,17.128677402645867
2,81,19.289590048728133
2,82,20.895807811339598
2,83,21.501299773513992
2,84,24.18786530814281
2,85,26.98143050586508
2,86,28.601122537302746
2,87,26.422468627684804
2,88,23.740210084243063
2,89,22.194183359259757
2,90,18.45140487328826
2,91,16.50013165952372
2,92,14.43251200053229
2,93,13.560011610821936
2,94,16.24522696084619
2,95,16.90781833517631
2,96,20.572280935643168
2,97,22.65600825807388
2,98,24.964202810449304
2,99,28.146105585801674
2,100,28.67469229173948
2,101,32.183000502528856
2,102,34.381580820379014
2,103,35.50316613326017
2,104,38.65123923640125
2,105,38.382822663145674
2,106,41.393208350110505
2,107,41.205687794242564
2,108,41.64655165583075
2,109,43.5449920119944
3,1,5.9802494149967975
3,2,3.895230510737824
3,4,8.370326934332574
3,5,7.4028246456861755
3,6,10.227521195257415
3,7,11.299645474931243
3,8,14.091805043954768
3,9,17.629841739640668
3,10,19.222845529079965
3,11,18.413980477710677
3,12,19.00924389282316
3,13,22.174230793631835
3,14,22.73083478284089
3,15,26.479683023635836
3,16,26.502202118338154
3,17,28.417990231959294
3,18,29.854204362116302
3,19,33.71720589580407
3,20,34.775305365173864
3,21,38.380387488975735
3,22,40.03630398007901
3,23,41.06440770001698
3,24,39.569320099156755
3,25,39.04448351503628
3,26,42.933882203381934
3,27,44.109950355988936
3,28,42.02390330888828
3,29,44.13610551011093
3,30,41.4043463091213
3,31,41.317564435463005
3,32,38.841590915171516
3,33,38.71260798957063
3,34,35.82085848253822
3,35,34.409348150378385
3,36,32.003804115979946
3,37,29.809988907650318
3,38,29.142829155040165
3,39,26.5542757641846
3,40,26.069967169007406
3,41,22.77671470411463
3,42,21.319389485214614
3,43,20.57936767980473
3,44,22.51023850337499
3,45,25.166440991855332
3,46,27.289979241628508
3,47,26.522670180937578
3,48,29.573223718323295
3,49,30.52268065395995
3,50,33.393224507381255
3,51,36.00315118571801
3,52,38.768815030578644
3,53,42.24524659413263
3,54,44.22892449189572
3,55,44.208439776357984
3,56,45.75496147714439
3,57,45.53218749498496
3,58,48.08537953324457
3,59,50.49710810702785
3,60,52.28062629549806
3,61,55.018170666930786
3,62,52.458432963059046
3,63,53.258291468209855
3,64,50.53997900447709
3,65,50.19698880321717
3,66,48.999930149451195
3,67,49.3495118276033
3,68,45.65476677676262
3,69,42.7804650838556
3,70,40.40629243542797
3,71,36.87710850074356
3,72,33.8151372743132
3,73,30.7607234129598
3,74,27.329814759778614
3,75,23.95183541210933
3,76,20.451044481328065
3,77,19.13725395026588
3,78,16.091648290714947
3,79,17.2224190316665
3,80,15.756461986080339
3,81,17.41723215175236
3,82,18.460970784489852
3,83,18.67055666007928
3,84,21.01432440304895
3,85,23.752851588989362
3,86,25.18419970052179
3,87,22.879561730329478
3,88,20.12174993542654
3,89,18.875575925924583
3,90,15.244952034891577
3,91,13.851676210279102
3,92,12.226549701099117
3,93,12.376677693087531
3,94,15.478459879228415
3,95,17.003910677414947
3,96,20.74165741026332
3,97,23.362311205358512
3,98,25.668568761033978
3,99,29.12331092877288
3,100,29.757092625377428
3,101,33.42004269317521
3,102,35.8776067651087
3,103,37.35171202486259
3,104,40.63568341883001
3,105,40.60060318876742
3,106,43.74883553762958
3,107,43.52248431571887
3,108,44.14744612697005
3,109,46.04129980020042
4,1,13.583063966459648
4,2,12.19313301775623
4,3,8.370326934332574
4,5,3.8804359155379746
4,6,7.211689020355099
4,7,9.166749596883957
4,8,12.894862002915303
4,9,15.673166848343168
4,10,18.186978121105188
4,11,18.63584031582076
4,12,20.74282553035462
4,13,24.085039364912575
4,14,23.422038434530506
4,15,27.27023134098106
4,16,28.22502542456951
4,17,29.778134931323848
4,18,31.67219899934057
4,19,35.3872382164275
4,20,35.99130370253787
4,21,39.33166842157568
4,22,41.654849987095126
4,23,42.45212726971413
4,24,41.613834677329045
4,25,40.65614521927707
4,26,44.4559341200444
4,27,46.222367311423355
4,28,44.56468465265268
4,29,46.93640310580178
4,30,44.01740381575975
4,31,43.28212493229856
4,32,40.305156620760854
4,33,39.376591958322564
4,34,35.99950251241365
4,35,33.899556971631576
4,36,30.990104491188678
4,37,28.072928480188978
4,38,26.645831845465533
4,39,23.33747064809873
4,40,22.12316995719993
4,41,18.510015847067816
4,42,18.475399899558738
4,43,18.654998135632187
4,44,21.279093353769515
4,45,22.95647809317951
4,46,25.930184316918254
4,47,26.00731681185859
4,48,29.62902027631735
4,49,31.031736437726913
4,50,34.46349569465573
4,51,37.16555096785673
4,52,40.4494927950987
4,53,43.54935841646422
4,54,46.02159420001569
4,55,46.41126011995631
4,56,48.41011258797647
4,57,48.348533390884825
4,58,50.66063011880317
4,59,53.45700886708865
4,60,55.21866462029105
4,61,57.60256507747678
4,62,54.67804238526509
4,63,55.55607385080168
4,64,52.901624660979266
4,65,53.12253528606176
4,66,51.95639668446196
4,67,52.88558735995424
4,68,49.20458412040435
4,69,45.96461012635568
4,70,43.24794903736033
4,71,39.881440166932784
4,72,36.45978720872007
4,73,33.90125665585063
4,74,30.219506600618004
4,75,27.111615800724984
4,76,23.62324103010791
4,77,21.511401015685397
4,78,17.791542849533965
4,79,17.13017528868436
4,80,14.12603282930305
4,81,14.156817725804508
4,82,13.611570555948838
4,83,12.634859232649681
4,84,13.894878455294899
4,85,16.455861295174035
4,86,17.529495879372067
4,87,15.151669712795279
4,88,12.089726471215348
4,89,11.631626176680836
4,90,8.590343057136847
4,91,9.243567939926768
4,92,9.297432670483806
4,93,11.992730955672835
4,94,15.189217718442803
4,95,18.2374049991488
4,96,21.610316617279793
4,97,25.063752174179296
4,98,27.19332058524442
4,99,30.986453853192
4,100,31.836580547105164
4,101,35.64300224738767
4,102,38.528562491429
4,103,40.69377780056591
4,104,44.16773681957577
4,105,44.618240011657356
4,106,47.99754655697028
4,107,47.70188808030459
4,108,48.73077401349031
4,109,50.617740470037106
5,1,13.276859329007323
5,2,11.034284409940623
5,3,7.4028246456861755
5,4,3.8804359155379746
5,6,3.876580577772205
5,7,6.473209554103677
5,8,9.81093810953751
5,9,13.066206725118537
5,10,15.751618432437025
5,11,16.371714890168196
5,12,18.125377775694172
5,13,21.7061673671914
5,14,21.46503673538705
5,15,25.26161906592398
5,16,26.34013652778999
5,17,28.320442533227467
5,18,30.47438727697392
5,19,34.191910318172845
5,20,35.196287441315974
5,21,38.47720868651083
5,22,40.744412822381015
5,23,41.883454472708486
5,24,41.05027697091758
5,25,40.44809603261649
5,26,44.27145319757943
5,27,45.796026013586534
5,28,44.23414477336693
5,29,46.75732840761213
5,30,44.05877596270729
5,31,43.341877386502325
5,32,40.56409088474054
5,33,39.777667521268995
5,34,36.4661670564671
5,35,34.68966716569615
5,36,31.688664195435756
5,37,29.05546670410321
5,38,27.48327532669391
5,39,24.411409604587362
5,40,22.94682024594003
5,41,19.649455131859156
5,42,19.24539423936528
5,43,18.637613745500566
5,44,21.09587994547201
5,45,23.248679913965205
5,46,26.193970785496084
5,47,26.440859519850548
5,48,29.96663012694255
5,49,31.633827006001933
5,50,34.91794610628087
5,51,37.851667591882396
5,52,41.00230569467866
5,53,44.13501529347218
5,54,46.620408135252774
5,55,47.121872401764776
5,56,48.858845736693915
5,57,48.504284716547104
5,58,50.69673130420167
5,59,53.30885537754637
5,60,54.858091695471444
5,61,57.41565501600796
5,62,54.64105186269132
5,63,55.73044935865977
5,64,53.229048655215166
5,65,53.387040638253005
5,66,52.438565186151564
5,67,53.22328706944488
5,68,49.469868281546404
5,69,46.38338381314897
5,70,43.60033896690162
5,71,40.3042483160071
5,72,36.875588979768615
5,73,34.04225523248607
5,74,30.52839190082447
5,75,27.14366634910364
5,76,23.845509918172507
5,77,21.512963175920007
5,78,17.809887782594704
5,79,17.309279438072704
5,80,14.456261119553217
5,81,15.357826419561567
5,82,14.804419237899962
5,83,14.707452874050848
5,84,16.12988417428447
5,85,18.15169490123576
5,86,18.829387651005316
5,87,16.053999323148307
5,88,13.705354920816848
5,89,12.97028716835119
5,90,10.009611774987325
5,91,10.124368586483309
5,92,10.66683831282675
5,93,12.727081543050508
5,94,16.382418886610136
5,95,19.20516346179364
5,96,22.528753086870385
5,97,25.85482249205976
5,98,27.651754225625563
5,99,31.413998679108794
5,100,31.821713237539466
5,101,35.65827351876322
5,102,38.62670993499957
5,103,40.58408587145736
5,104,44.13467649281492
5,105,44.66070570847763
5,106,48.07929318708801
5,107,48.055039515675155
5,108,49.12672386581367
5,109,51.21308249659317
6,1,16.16773598266414
6,2,13.321841603231906
6,3,10.227521195257415
6,4,7.211689020355099
6,5,3.876580577772205
6,7,3.877410326257409
6,8,6.43896737550843
6,9,9.663471610745987
6,10,12.74920555388196
6,11,14.024345930779225
6,12,15.895163658680673
6,13,19.620895612757
6,14,19.370224460773294
6,15,23.019564545081785
6,16,24.535058467914027
6,17,26.77589977742862
6,18,29.316246884543535
6,19,32.90641642983884
6,20,34.156421560693225
6,21,37.22873037825878
6,22,39.63924182147236
6,23,41.04614048511986
6,24,40.463172828536365
6,25,40.10042240027966
6,26,43.86906154952107
6,27,45.32479938076603
6,28,44.04067274046584
6,29,46.79879132180869
6,30,44.304753109217984
6,31,43.37881739080573
6,32,40.67893208125282
6,33,39.78033059004517
6,34,36.42632417287091
6,35,34.81099537085638
6,36,31.598197254059038
6,37,29.10928541220865
6,38,27.16672170727349
6,39,24.228389290745515
6,40,22.301868982615602
6,41,19.40892354710914
6,42,19.070956068009966
6,43,17.91749342127279
6,44,20.293799760454306
6,45,22.553225500322373
6,46,25.64689326513922
6,47,26.363296190190056
6,48,29.87624618676455
6,49,31.957061909127923
6,50,35.20376138924636
6,51,38.381802175530396
6,52,41.5209931185032
6,53,44.515816593211625
6,54,47.16604522575949
6,55,47.94345246250185
6,56,49.5318948377859
6,57,48.90816052401673
6,58,50.85586766591367
6,59,53.385565824545395
6,60,54.680968676828385
6,61,57.27886805690164
6,62,54.55518513138142
6,63,55.90116805555229
6,64,53.61552038603672
6,65,53.91392933137378
6,66,53.23500410697289
6,67,54.07355450321704
6,68,50.272388726856235
6,69,47.24867439516947
6,70,44.28825617689882
6,71,41.17542760339797
6,72,37.65387964149449
6,73,34.744957899886366
6,74,31.400280665300304
6,75,27.895453533821332
6,76,24.921974882110348
6,77,22.163512903006417
6,78,18.46098753144681
6,79,17.54978148293901
6,80,14.579045267756301
6,81,15.807296769513975
6,82,14.761033626869928
6,83,15.30290167577492
6,84,16.542423974073174
6,85,17.821569613996896
6,86,18.014121188153062
6,87,15.00293508199824
6,88,13.534801455529982
6,89,12.5979969459359
6,90,10.225378576582091
6,91,10.400216642284557
6,92,11.989281837944041
6,93,13.93748245240471
6,94,17.74651620665565
6,95,20.6454284261208
6,96,23.621710281122652
6,97,26.97059000558895
6,98,28.27474194144083
6,99,32.025164750040176
6,100,32.00796088896775
6,101,35.85285377549457
6,102,39.02188947328122
6,103,40.978765389825895
6,104,44.64423986704325
6,105,45.439767571930105
6,106,48.962834141173964
6,107,49.22543126704639
6,108,50.50843010040344
6,109,52.81776447833325
7,1,17.08007570519313
7,2,13.795163620895318
7,3,11.299645474931243
7,4,9.166749596883957
7,5,6.473209554103677
7,6,3.877410326257409
7,8,3.8830626038510525
7,9,6.76409048231782
7,10,9.287393875366085
7,11,10.285637400253512
7,12,12.478440063424452
7,13,16.073217795598808
7,14,15.572555721499898
7,15,19.25666970909458
7,16,20.795619900147376
7,17,22.956770722994605
7,18,25.557010361222616
7,19,29.10564180016255
7,20,30.36282581433942
7,21,33.38786547582155
7,22,35.84055140138922
7,23,37.28935719589949
7,24,36.80398433744718
7,25,36.50590318256041
7,26,40.24305965717097
7,27,41.69247186948101
7,28,40.53695493602765
7,29,43.401707939991375
7,30,40.999241622647176
7,31,39.94667682735074
7,32,37.2868936787584
7,33,36.352121231413484
7,34,33.012795661748086
7,35,31.548306599176478
7,36,28.28961096540522
7,37,25.998277489227338
7,38,24.01244840842166
7,39,21.330320278934828
7,40,19.417668743206004
7,41,16.84625225614259
7,42,16.116113250212493
7,43,14.49642520058337
7,44,16.72015006998711
7,45,19.177704677400286
7,46,22.18139817760386
7,47,23.026462314135806
7,48,26.468856461848198
7,49,28.743944468243196
7,50,31.93103008313126
7,51,35.23737772695991
7,52,38.3492204348537
7,53,41.256069399016994
7,54,43.989876593784935
7,55,44.94142918468498
7,56,46.44544250167563
7,57,45.68020360630981
7,58,47.48499142675132
7,59,49.99763697421119
7,60,51.18718433087732
7,61,53.76761033188272
7,62,51.0501982868157
7,63,52.51096370810482
7,64,50.34189082768211
7,65,50.74431702506779
7,66,50.22830168969042
7,67,51.1428111631572
7,68,47.32713956333943
7,69,44.32344388704949
7,70,41.24179782855069
7,71,38.271679601933364
7,72,34.68982066601179
7,73,31.788864873671493
7,74,28.5661691372507
7,75,25.047263128936592
7,76,22.351432876183424
7,77,19.286716724612468
7,78,15.646776055862855
7,79,14.479919620617551
7,80,11.654356822178597
7,81,13.414112295995476
7,82,12.618108027680591
7,83,14.080579149947674
7,84,15.893824107016615
7,85,17.028835194836645
7,86,17.62352279213556
7,87,15.132696460267022
7,88,13.996778544415276
7,89,12.032336966350186
7,90,9.502531654304903
7,91,8.574362891463755
7,92,10.395564337123359
7,93,11.804639835829706
7,94,15.583338929850203
7,95,18.4011502957353
7,96,21.02285724986466
7,97,24.32652197846095
7,98,25.256478463052144
7,99,28.968022371915616
7,100,28.70925247823608
7,101,32.54006483558203
7,102,35.82090130578985
7,103,37.82442218135077
7,104,41.55245496936615
7,105,42.55652662885594
7,106,46.15856050847822
7,107,46.599553145514605
7,108,48.09002942514204
7,109,50.56538810108272
8,1,19.60739497983618
8,2,16.021990203826107
8,3,14.091805043954768
8,4,12.894862002915303
8,5,9.81093810953751
8,6,6.43896737550843
8,7,3.8830626038510525
8,9,3.8758222014572588
8,10,6.68096688505694
8,11,8.467314890101028
8,12,10.314189897923717
8,13,14.04701689621766
8,14,13.890469950666875
8,15,17.262064387892377
8,16,19.188138935855466
8,17,21.777888152524355
8,18,24.746586311805174
8,19,28.11701552142859
8,20,29.768711571700635
8,21,32.56079882059798
8,22,35.02352284910775
8,23,36.82963490711804
8,24,36.507674743411044
8,25,36.576195552767196
8,26,40.231950965140726
8,27,41.4732289462544
8,28,40.557506790811345
8,29,43.60840464397109
8,30,41.48716679868901
8,31,40.34122885741828
8,32,37.89023454776087
8,33,36.99577018436482
8,34,33.746633732708645
8,35,32.60342507827228
8,36,29.273578750704363
8,37,27.315443995581003
8,38,25.13439520357054
8,39,22.80730755733285
8,40,20.62803546271379
8,41,18.65298992249547
8,42,17.781587111258077
8,43,15.488609787424641
8,44,17.322870713322754
8,45,19.999792351081467
8,46,22.887326012173183
8,47,24.061789224752513
8,48,27.29126057949486
8,49,29.87674934634473
8,50,32.864663524188295
8,51,36.361200105493346
8,52,39.32881040927479
8,53,42.129371379816845
8,54,44.92036052070445
8,55,46.07263271482628
8,56,47.32966705823903
8,57,46.25782783404296
8,58,47.832027409309816
8,59,50.164185191636186
8,60,51.07159956901837
8,61,53.751734941343756
8,62,51.17584560073434
8,63,52.89041691050117
8,64,50.95228015258313
8,65,51.39443121290611
8,66,51.15611413882763
8,67,52.01252378059079
8,68,48.17286426090701
8,69,45.326675753854076
8,70,42.15392824268179
8,71,39.37575053279969
8,72,35.80973081894107
8,73,32.78331854066117
8,74,29.84135955798468
8,75,26.22880771916497
8,76,23.940129386088348
8,77,20.691375538438013
8,78,17.35072877578652
8,79,16.16474144500592
8,80,13.742509851237248
8,81,15.909849857997848
8,82,15.002598111454644
8,83,16.97567057975408
8,84,18.64156807017733
8,85,19.162901482588804
8,86,19.33483102466745
8,87,16.79196776229001
8,88,16.45791455859617
8,89,14.494825103995304
8,90,12.59966324417018
8,91,11.644314631752051
8,92,13.697833028396742
8,93,14.60190511204989
8,94,18.247629211570757
8,95,20.780848730680848
8,96,23.057282020823962
8,97,26.147781111649763
8,98,26.595136399906774
8,99,30.151186871519617
8,100,29.401527447463238
8,101,33.14878724721414
8,102,36.520568725520185
8,103,38.36765240910379
8,104,42.143694980005634
8,105,43.33147108843453
8,106,46.96652853236747
8,107,47.71033062241963
8,108,49.325131176611
8,109,52.00126135687076
9,1,23.11095399905232
9,2,19.49433212144991
9,3,17.629841739640668
9,4,15.673166848343168
9,5,13.066206725118537
9,6,9.663471610745987
9,7,6.76409048231782
9,8,3.8758222014572588
9,10,3.8520196813040926
9,11,7.055199955986629
9,12,9.656797550817258
9,13,12.895557217727768
9,14,12.044240738504161
9,15,15.070033424629095
9,16,17.60101943006981
9,17,20.060789684118458
9,18,23.337482066267697
9,19,26.43095095972843
9,20,28.060656194341572
9,21,30.547202488658822
9,22,33.25826176952491
9,23,35.14582698992132
9,24,35.20457248954811
9,25,35.32839925198019
9,26,38.84137627635805
9,27,40.173110960080905
9,28,39.602371514127825
9,29,42.84511879392786
9,30,40.86564461421765
9,31,39.40481393537192
9,32,36.9437967495518
9,33,35.793220121690794
9,34,32.489905670599775
9,35,31.39636045071681
9,36,27.89994645778214
9,37,26.05744334942532
9,38,23.52243206925529
9,39,21.40747041882687
9,40,18.856845937862488
9,41,17.500800227414075
9,42,16.843639381211027
9,43,14.28618392316801
9,44,15.918590007954206
9,45,18.334271937677645
9,46,21.309273494218118
9,47,23.02993007820112
9,48,26.193497678030337
9,49,29.14099783378809
9,50,32.109178068294
9,51,35.73503509782623
9,52,38.7360765450627
9,53,41.275903188530044
9,54,44.265172928833444
9,55,45.72453054361551
9,56,46.95229364001084
9,57,45.72837381101217
9,58,47.023924309057996
9,59,49.372197607944074
9,60,50.08087202981945
9,61,52.65276206989025
9,62,50.041878133539875
9,63,51.94865922851682
9,64,50.21821723251611
9,65,50.914959211680646
9,66,50.90138755239731
9,67,51.94972342092933
9,68,48.131007036158096
9,69,45.278497394276556
9,70,41.93011687087435
9,71,39.403741244945685
9,72,35.75917837684026
9,73,32.89733001763685
9,74,30.134442832933733
9,75,26.665717996052486
9,76,24.77342025245655
9,77,21.21565804555612
9,78,18.061471603663193
9,79,16.262180072546137
9,80,13.87845442401525
9,81,15.88949145721568
9,82,14.585179886512691
9,83,17.021521231696198
9,84,18.50310015855645
9,85,18.360172590908324
9,86,18.353747623171323
9,87,16.21004958548206
9,88,16.63685773722476
9,89,14.370991137849636
9,90,13.242884585793897
9,91,12.34947269839531
9,92,14.968119358349645
9,93,15.855853977282646
9,94,19.14335856869626
9,95,21.737920024121532
9,96,23.46068842956864
9,97,26.544570574553074
9,98,26.49516811264974
9,99,29.957438321658795
9,100,28.933853447314977
9,101,32.59114694668175
9,102,36.14173822290785
9,103,38.139939540643105
9,104,41.976881097045556
9,105,43.49421425175079
9,106,47.217340861554206
9,107,48.152077519507415
9,108,50.036244913281145
9,109,52.8589122895418
10,1,24.25519062578452
10,2,20.518366705246873
10,3,19.222845529079965
10,4,18.186978121105188
10,5,15.751618432437025
10,6,12.74920555388196
10,7,9.287393875366085
10,8,6.68096688505694
10,9,3.8520196813040926
10,11,3.858234531498748
10,12,6.729654448862865
10,13,9.415226624822234
10,14,8.295978826080198
10,15,11.219001622929316
10,16,13.845474396121839
10,17,16.338533340932628
10,18,19.72814442555671
10,19,22.71544152695824
10,20,24.484228955801775
10,21,26.887987521334757
10,22,29.5630936653753
10,23,31.580532130851225
10,24,31.703133220890305
10,25,32.00956514082581
10,26,35.458415881535714
10,27,36.67759418038399
10,28,36.24108148894199
10,29,39.57475809414987
10,30,37.769170101965365
10,31,36.24080441116922
10,32,33.93552326930533
10,33,32.85641244227676
10,34,29.687032549401195
10,35,28.915396095970742
10,36,25.496678756626775
10,37,24.078742677445522
10,38,21.658445025425365
10,39,20.094035732859865
10,40,17.790451282711633
10,41,17.034886118304545
10,42,15.789483899381947
10,43,12.621470355011333
10,44,13.647550772788064
10,45,16.356220456920425
10,46,18.91797260588237
10,47,20.698321481253007
10,48,23.559863751251715
10,49,26.660532448281604
10,50,29.401477998418038
10,51,33.12265795214356
10,52,35.97408589935569
10,53,38.41763850287096
10,54,41.41766435392396
10,55,43.02198961648402
10,56,44.07528548667156
10,57,42.661253332203344
10,58,43.794523988374266
10,59,46.04856659102712
10,60,46.61266875586782
10,61,49.20636601307323
10,62,46.668864560361854
10,63,48.70551529151085
10,64,47.123516421489846
10,65,47.86666491676565
10,66,48.046273939371126
10,67,49.09801070874743
10,68,45.29300082975034
10,69,42.5440810732383
10,70,39.13099196373152
10,71,36.79738599435618
10,72,33.18710930540215
10,73,30.32577306576723
10,74,27.834950534564058
10,75,24.42792896217698
10,76,22.99803485698937
10,77,19.333722883555488
10,78,16.632348869639184
10,79,14.8634232975443
10,80,13.232414291101462
10,81,15.737737695008862
10,82,15.020500712917528
10,83,18.089992250229
10,84,20.034564644472113
10,85,19.915023735478137
10,86,20.34856950885797
10,87,18.77581322737124
10,88,19.21550478978152
10,89,16.41996192291903
10,90,15.158673987571293
10,91,13.466218483349722
10,92,15.66887553755624
10,93,15.752564251819164
10,94,18.61626757076959
10,95,20.76475308495922
10,96,21.993450060079912
10,97,24.771045045501687
10,98,24.248807228884385
10,99,27.498775075373793
10,100,26.11650268223872
10,101,29.65363734124128
10,102,33.24345551216494
10,103,35.172977983658484
10,104,39.018906655149046
10,105,40.715003479029264
10,106,44.46057381074622
10,107,45.6062666300313
10,108,47.65176683750751
10,109,50.626995582045055
11,1,22.843342924154864
11,2,19.107732054245446
11,3,18.413980477710677
11,4,18.63584031582076
11,5,16.371714890168196
11,6,14.024345930779225
11,7,10.285637400253512
11,8,8.467314890101028
11,9,7.055199955986629
11,10,3.858234531498748
11,12,3.8744174532077924
11,13,6.369968744625323
11,14,5.436108791214596
11,15,8.998110992517189
11,16,10.82951798480883
11,17,13.348943266840012
11,18,16.48701128700585
11,19,19.722974306630356
11,20,21.54866342398952
11,21,24.233758980526176
11,22,26.65879324267416
11,23,28.64452774039766
11,24,28.469472951852925
11,25,28.829360697311234
11,26,32.36907361964171
11,27,33.45913620407619
11,28,32.82621623684635
11,29,36.08412678095514
11,30,34.275512286681725
11,31,32.92664745479754
11,32,30.734974133473123
11,33,29.927668442438442
11,34,26.917123707118947
11,35,26.399838752186124
11,36,23.21563445003267
11,37,22.12313305045261
11,38,20.185796629028577
11,39,19.009561537536932
11,40,17.370684732111805
11,41,16.668040746271206
11,42,14.59751291706451
11,43,11.050678061456704
11,44,11.581592036527812
11,45,14.87022111768912
11,46,16.87385565377735
11,47,18.161789406228383
11,48,20.787111411204183
11,49,23.721786961613272
11,50,26.27920725670168
11,51,29.992692808615754
11,52,32.699334252354234
11,53,35.27411190482748
11,54,38.1364977446484
11,55,39.63583029681524
11,56,40.581876469691935
11,57,39.13931251634766
11,58,40.367452486025826
11,59,42.56869475811701
11,60,43.20774010204848
11,61,45.88619547057578
11,62,43.40393068439621
11,63,45.375655357021934
11,64,43.73441858811565
11,65,44.33664163677433
11,66,44.49777545291312
11,67,45.43968296846758
11,68,41.62266595717
11,69,38.93729369062698
11,70,35.5779844981384
11,71,33.21869466853367
11,72,29.671336686150333
11,73,26.69427232694091
11,74,24.30114928828193
11,75,20.842819107380024
11,76,19.59825967330968
11,77,15.998209715745014
11,78,13.654505496797153
11,79,12.373239369830168
11,80,11.636226278744184
11,81,14.784594616892289
11,82,15.035520281683135
11,83,18.398997227740313
11,84,20.960148941685162
11,85,21.372658710573468
11,86,22.422797360028905
11,87,21.143056415287393
11,88,21.061018382275062
11,89,17.900964603902118
11,90,16.029680228932264
11,91,13.485848525980883
11,92,14.823925043615537
11,93,13.982618642079077
11,94,16.5317097216437
11,95,18.121897930217024
11,96,19.183678997920953
11,97,21.650724368988367
11,98,21.01447293643173
11,99,24.15261854835127
11,100,22.6569483727111
11,101,26.188661644323602
11,102,29.699691940523643
11,103,31.499565767388457
11,104,35.330666761544556
11,105,36.96091835827275
11,106,40.68740498971245
11,107,41.86725120727006
11,108,43.89598826426832
11,109,46.90930661669632
12,1,22.80002655831023
12,2,18.987431395937048
12,3,19.00924389282316
12,4,20.74282553035462
12,5,18.125377775694172
12,6,15.895163658680673
12,7,12.478440063424452
12,8,10.314189897923717
12,9,9.656797550817258
12,10,6.729654448862865
12,11,3.8744174532077924
12,13,3.881693149091708
12,14,5.629002065330733
12,15,8.466037132436124
12,16,9.52743101759733
12,17,12.78323598779225
12,18,15.786865512970461
12,19,18.995342935889603
12,20,21.36534898370983
12,21,24.060300735920407
12,22,26.044109488940194
12,23,28.35744231549629
12,24,27.8873775412843
12,25,28.691624815749936
12,26,32.21063196267468
12,27,32.862576052768254
12,28,32.130749462688534
12,29,35.34652888996445
12,30,33.79228636382019
12,31,32.73358865950296
12,32,30.92345208021641
12,33,30.557989872854236
12,34,27.88782459051766
12,35,27.843989807817646
12,36,24.976930780712205
12,37,24.34539726351383
12,38,22.808509456502886
12,39,22.016281287402936
12,40,20.74116395487282
12,41,20.118825756520508
12,42,17.66955364573974
12,43,14.011864130715649
12,44,14.050299757299106
12,45,17.624753553753255
12,46,19.02070170423392
12,47,19.869130629470156
12,48,22.014527848297995
12,49,24.746027045575318
12,50,26.88376857811783
12,51,30.575369452072657
12,52,32.934404647805685
12,53,35.61895357082808
12,54,38.24743376842265
12,55,39.636099102635946
12,56,40.24873894383602
12,57,38.58093674635715
12,58,39.80365261474367
12,59,41.715406780560315
12,60,42.2159907840179
12,61,45.12110602466849
12,62,42.8973114163205
12,63,44.947464876970386
12,64,43.392208082233985
12,65,43.74399369267878
12,66,44.02846901157388
12,67,44.674236149052916
12,68,40.852357553457594
12,69,38.42980075269115
12,70,35.201226017792784
12,71,32.88626176188476
12,72,29.547948516538042
12,73,26.299544235070236
12,74,24.22397850427724
12,75,20.647360229384248
12,76,19.692982657369402
12,77,16.450469993342537
12,78,14.681667454564906
12,79,14.329483839483556
12,80,14.330786020909201
12,81,17.825416179774983
12,82,18.52515027739706
12,83,21.837026404880845
12,84,24.553048085733153
12,85,25.14641813680551
12,86,26.189694841228686
12,87,24.733853081061547
12,88,24.52956691855412
12,89,21.47670360209938
12,90,19.328267676975855
12,91,16.617042636502482
12,92,17.406526302266805
12,93,15.998604725762947
12,94,18.457777179988106
12,95,19.406755815425335
12,96,20.47790508789235
12,97,22.44054896237522
12,98,21.686447722866284
12,99,24.51522254854038
12,100,22.674702747094578
12,101,26.034915517241444
12,102,29.343477332964078
12,103,30.698911156773747
12,104,34.45065979763659
12,105,35.956894830446764
12,106,39.58557793162616
12,107,40.96384205941635
12,108,42.88345420485313
12,109,45.995699352392855
13,1,25.514137002868974
13,2,21.818800266896865
13,3,22.174230793631835
13,4,24.085039364912575
13,5,21.7061673671914
13,6,19.620895612757
13,7,16.073217795598808
13,8,14.04701689621766
13,9,12.895557217727768
13,10,9.415226624822234
13,11,6.369968744625323
13,12,3.881693149091708
13,14,3.884990328869916
13,15,5.3746157358958335
13,16,5.817302139341817
13,17,9.374048214107965
13,18,12.461832756143874
13,19,15.436418830113531
13,20,18.093203791023175
13,21,20.621556444878088
13,22,22.475780793220043
13,23,24.997157816466025
13,24,24.609487441949863
13,25,25.710742779156817
13,26,29.093168097795573
13,27,29.558691618824575
13,28,29.03197475038015
13,29,32.36212317775528
13,30,31.07780653192394
13,31,29.93323102189074
13,32,28.37976519466273
13,33,28.12927355320737
13,34,25.71714837979083
13,35,26.122203754450425
13,36,23.47295965202438
13,37,23.41825211664471
13,38,22.106478395165553
13,39,21.981465281352826
13,40,21.032377534281256
13,41,21.029721604446017
13,42,18.279727577536015
13,43,14.449312154582685
13,44,13.695598770063492
13,45,17.21964468326201
13,46,17.91626659021755
13,47,18.742891830731487
13,48,20.311415711624495
13,49,23.131118128376283
13,50,24.867694418040458
13,51,28.60213356942304
13,52,30.709741955487555
13,53,33.21778036173447
13,54,35.833721299316394
13,55,37.40978578574681
13,56,37.78641758472975
13,57,35.868888648728735
13,58,36.85136583298262
13,59,38.62216464749365
13,60,38.913124899050366
13,61,41.83878588338835
13,62,39.72298639395909
13,63,41.94577511491944
13,64,40.604112710284305
13,65,41.02581114111134
13,66,41.57149860377752
13,67,42.22816839616776
13,68,38.45140885598798
13,69,36.18745328948019
13,70,32.90015632229339
13,71,30.889473563444458
13,72,27.65785675765249
13,73,24.48304570455608
13,74,22.87321947788196
13,75,19.536022182108457
13,76,19.314389747623974
13,77,16.17088327541346
13,78,15.22898326524836
13,79,14.973018878757642
13,80,15.768043606632764
13,81,19.27918420893772
13,82,20.300847859753677
13,83,23.88019983854153
13,84,26.74400204198185
13,85,27.238580740663295
13,86,28.48534353674598
13,87,27.42225142439292
13,88,27.341992584853724
13,89,24.052053336877574
13,90,22.03751587773754
13,91,19.09129548598035
13,92,19.669438331908086
13,93,17.80822184939723
13,94,19.62504580623738
13,95,20.049584198335094
13,96,20.44059255137031
13,97,21.898708268446857
13,98,20.529695111332323
13,99,22.92755080267754
13,100,20.599899316183187
13,101,23.678364961013664
13,102,26.979252231887852
13,103,28.207584555270255
13,104,31.933146501830773
13,105,33.68552737777792
13,106,37.31644162671373
13,107,38.970062667554465
13,108,41.09521751427081
13,109,44.37802339575139
14,1,26.49523508142138
14,2,22.87846467817677
14,3,22.73083478284089
14,4,23.422038434530506
14,5,21.46503673538705
14,6,19.370224460773294
14,7,15.572555721499898
14,8,13.890469950666875
14,9,12.044240738504161
14,10,8.295978826080198
14,11,5.436108791214596
14,12,5.629002065330733
14,13,3.884990328869916
14,15,3.874292624305747
14,16,5.678700517281708
14,17,8.112170192141098
14,18,11.561576356592019
14,19,14.51069439573176
14,20,16.58514819394398
14,21,19.058027533515492
14,22,21.458544699226724
14,23,23.670801053674733
14,24,23.69751799806448
14,25,24.382243739793267
14,26,27.750288820907805
14,27,28.67652555166945
14,28,28.3622356450914
14,29,31.803112433259383
14,30,30.327251579909372
14,31,28.786779779847148
14,32,26.880543244670047
14,33,26.147256461167174
14,34,23.427120174495705
14,35,23.5130072182038
14,36,20.569008344294097
14,37,20.32160626963615
14,38,18.672055576075923
14,39,18.561065673740806
14,40,17.44078195512864
14,41,17.78540216502401
14,42,15.209169500523863
14,43,11.342729835507692
14,44,10.473792572573975
14,45,13.740361087170307
14,46,14.670298627162493
14,47,16.037081681429566
14,48,17.87587191651894
14,49,21.041674120842735
14,50,23.09392767100335
14,51,26.91160975106387
14,52,29.324134500638696
14,53,31.632052650494295
14,54,34.53167232090183
14,55,36.32952166519178
14,56,36.98999417572022
14,57,35.22263994061317
14,58,36.107932265417936
14,59,38.1653684596282
14,60,38.53222771307728
14,61,41.19971989773361
14,62,38.81976106925564
14,63,41.031119294568015
14,64,39.68015415823474
14,65,40.427264751929265
14,66,40.94417229499434
14,67,41.94951781842444
14,68,38.193217962279
14,69,35.68777384225043
14,70,32.213055252795726
14,71,30.279005756722988
14,72,26.836348179207892
14,73,23.999983713096228
14,74,22.215875480592132
14,75,19.10007206553824
14,76,18.873078657953503
14,77,15.34561302862106
14,78,14.18993017545467
14,79,13.040660483077598
14,80,13.636358701126722
14,81,16.8015570264704
14,82,17.607249162388843
14,83,21.348606954013604
14,84,24.12295367192079
14,85,24.387152279237583
14,86,25.74871935590662
14,87,25.08914372155527
14,88,25.186529343906923
14,89,21.717661294481942
14,90,20.05861908562492
14,91,17.175337817518432
14,92,18.086897400156445
14,93,16.49454275268488
14,94,18.040541523670885
14,95,18.831170500230588
14,96,18.860996970561114
14,97,20.627609793245817
14,98,19.06748172385847
14,99,21.64016720231808
14,100,19.46774612717949
14,101,22.65174142580154
14,102,26.216516544837418
14,103,27.929257616167792
14,104,31.745417053424354
14,105,33.74932979903142
14,106,37.49760039916795
14,107,39.03752576112827
14,108,41.37355774829461
14,109,44.61707328697388
15,1,30.05908063971937
15,2,26.442390724217027
15,3,26.479683023635836
15,4,27.27023134098106
15,5,25.26161906592398
15,6,23.019564545081785
15,7,19.25666970909458
15,8,17.262064387892377
15,9,15.070033424629095
15,10,11.219001622929316
15,11,8.998110992517189
15,12,8.466037132436124
15,13,5.3746157358958335
15,14,3.874292624305747
15,16,3.8802482860214482
15,17,6.360383766863009
15,18,10.181124285182312
15,19,12.339023502207866
15,20,14.867929721594408
15,21,16.768968322552947
15,22,19.149361218413198
15,23,21.760845209974033
15,24,22.12728257455602
15,25,23.26209267224466
15,26,26.331391175557236
15,27,27.01138806182308
15,28,27.125826822713215
15,29,30.73655656141637
15,30,29.681539024001367
15,31,27.96726975825369
15,32,26.407778717465426
15,33,25.713298885514742
15,34,23.308041786365415
15,35,23.886330799894168
15,36,21.150395515780378
15,37,21.498296668553046
15,38,19.912348320715886
15,39,20.432720804229824
15,40,19.396285422886972
15,41,20.38112208432851
15,42,17.873671817658668
15,43,14.093007890338168
15,44,12.666731442923513
15,45,15.46574752816931
15,46,15.770483792439856
15,47,17.336565127265764
15,48,18.500118879175947
15,49,21.798001320931768
15,50,23.37065673758342
15,51,27.19375982408795
15,52,29.299059650718952
15,53,31.292517654570318
15,54,34.20391131973861
15,55,36.26958061411183
15,56,36.63506770589145
15,57,34.53941639438642
15,58,35.03886494035643
15,59,36.87453096590948
15,60,36.87470324592799
15,61,39.54364717869158
15,62,37.33357288838516
15,63,39.82900572108744
15,64,38.82276631512731
15,65,39.69752916780187
15,66,40.57569288926281
15,67,41.59289423829027
15,68,37.925698295493795
15,69,35.649300040934065
15,70,32.129415161160985
15,71,30.607585202761076
15,72,27.33808394465132
15,73,24.65507800442595
15,74,23.42371929473982
15,75,20.63515130428312
15,76,21.064948743092987
15,77,17.75214163327052
15,78,17.221361301104398
15,79,16.145698129525183
15,80,17.077316853252494
15,81,20.062968047290862
15,82,20.82382910443635
15,83,24.639110410074633
15,84,27.30218124882735
15,85,27.27840482027198
15,86,28.53375030245025
15,87,28.068895528602315
15,88,28.46989462125496
15,89,24.999416848783554
15,90,23.615436379092
15,91,20.82289542646063
15,92,21.783752519263704
15,93,20.09697075706123
15,94,21.3058548964252
15,95,21.785123911358895
15,96,21.315694403952104
15,97,22.634434750433243
15,98,20.516878578271903
15,99,22.565859333266314
15,100,19.87994463568493
15,101,22.615334326730952
15,102,26.128600368196697
15,103,27.661144372439136
15,104,31.387475309673608
15,105,33.68166182448146
15,106,37.38396193197215
15,107,39.25532866040936
15,108,41.78941413195166
15,109,45.20211065321613
16,1,29.398688336206064
16,2,25.956042591813162
16,3,26.502202118338154
16,4,28.22502542456951
16,5,26.34013652778999
16,6,24.535058467914027
16,7,20.795619900147376
16,8,19.188138935855466
16,9,17.60101943006981
16,10,13.845474396121839
16,11,10.82951798480883
16,12,9.52743101759733
16,13,5.817302139341817
16,14,5.678700517281708
16,15,3.8802482860214482
16,17,3.8674175053925586
16,18,7.121096781624711
16,19,9.693459696450315
16,20,12.548175757397257
16,21,14.883805978636104
16,22,16.710830667483055
16,23,19.354553778709302
16,24,19.21037193766585
16,25,20.550741137094516
16,26,23.723816215810352
16,27,24.123990068001323
16,28,23.95528081172661
16,29,27.47140231624535
16,30,26.478403166468777
16,31,25.055912052075737
16,32,23.753446895891063
16,33,23.52458099603563
16,34,21.461728982151506
16,35,22.462910060428776
16,36,20.19296710680954
16,37,20.99837534217227
16,38,20.100547494080146
16,39,20.992845718103393
16,40,20.650488336510364
16,41,21.523847865899512
16,42,18.50403122383152
16,43,14.826200139440303
16,44,13.00015093432571
16,45,16.036372280186185
16,46,15.565245697711603
16,47,16.331279584916423
16,48,16.936706152594205
16,49,19.85076326050687
16,50,21.00621387399908
16,51,24.74446337531368
16,52,26.554137887090427
16,53,28.70722892708222
16,54,31.38204987335865
16,55,33.29241385971491
16,56,33.45926994500548
16,57,31.28226578510109
