1,2,3.866493127291696
1,3,5.447593383299734
1,4,5.2803797882804
1,5,6.388243954632835
1,6,8.83207568229063
1,7,9.772759968478477
1,8,10.933219559622614
1,9,12.39714346417017
1,10,14.203033040124932
1,11,15.301019666847134
1,12,16.780263499834458
1,13,18.48263742332535
1,14,19.801672082172587
1,15,21.28111493997622
1,16,22.551171923381116
1,17,24.46962929534399
1,18,25.61798485193742
1,19,27.17396950151306
1,20,28.473388902103732
1,21,30.38975418859571
1,22,31.730830714685492
1,23,29.591850499805307
1,24,30.616754606185886
1,25,28.80668465623855
1,26,25.44492414013736
1,27,26.87479942337339
1,28,26.29992150520034
1,29,22.490033682247915
1,30,22.122524136723687
1,31,24.423397534644216
1,32,22.309062995000218
1,33,19.113558954870317
1,34,21.45626673487653
1,35,22.922058978169183
1,36,19.804413635418967
1,37,17.985480848447416
1,38,21.47670704043849
1,39,20.97203142286264
1,40,22.891683282216235
1,41,22.693694691271325
1,42,21.401227852390846
1,43,22.140019588958264
1,44,25.94291923350709
1,45,26.80123236071138
1,46,27.134359485787584
1,47,29.61765285155884
1,48,32.60440289290335
1,49,31.48831221584741
1,50,28.531690294589723
1,51,30.293231427217712
1,52,31.64895250543788
1,53,28.17564147644891
1,54,26.85155529167076
1,55,26.929304574068254
1,56,30.69725864274457
1,57,32.076490596403936
1,58,35.793932040562474
1,59,36.60963480366651
1,60,38.171109491426776
1,61,37.38048180616288
1,62,34.565315696739724
1,63,31.383207389381976
1,64,27.90438241580379
1,65,25.497087043224404
1,66,21.674555069805805
1,67,20.329098182962333
1,68,17.522619536842644
1,69,15.180007096626417
1,70,15.473881024381093
1,71,15.13808568176951
1,72,12.017722775115793
1,73,10.302941479759694
1,74,12.345910331275189
1,75,10.829089776744897
1,76,7.398238068333491
1,77,9.283557347832426
1,78,13.114423878468239
2,1,3.866493127291696
2,3,3.8732208579017984
2,4,5.54579551540307
2,5,5.1941366267945215
2,6,6.364756649293149
2,7,8.616491413835838
2,8,10.212387013968891
2,9,10.558411766946305
2,10,12.095377865973136
2,11,14.081139686159663
2,12,15.443686029445603
2,13,16.40354900207487
2,14,17.92202034705877
2,15,19.961016467568108
2,16,20.928483592389917
2,17,22.445456093336063
2,18,23.99779297346527
2,19,25.763227902768975
2,20,26.612606678226232
2,21,28.493208207002624
2,22,30.238829987097553
2,23,28.40298443344824
2,24,29.760417013216674
2,25,28.373860579006298
2,26,24.82882186505003
2,27,26.318746970598145
2,28,26.30731876254632
2,29,22.546583534620183
2,30,21.67847421521902
2,31,24.298714533554314
2,32,22.744034894602127
2,33,19.26783162760271
2,34,21.25512311660581
2,35,23.28924112546393
2,36,20.620089705170944
2,37,18.32445972981639
2,38,21.501207863278417
2,39,20.32744514124929
2,40,21.80322692901114
2,41,21.058562494399048
2,42,19.220844767381884
2,43,19.652896774210557
2,44,23.347610697921656
2,45,24.643111441119483
2,46,25.287251940612478
2,47,27.620617346225306
2,48,30.845463083884816
2,49,29.88991674194918
2,50,27.21374012368083
2,51,29.086883096883547
2,52,30.840432379782097
2,53,27.623635743372137
2,54,26.197276285299715
2,55,26.738190499064302
2,56,30.567608982380015
2,57,31.930838668624297
2,58,35.74385975405707
2,59,36.24377279750346
2,60,37.43334036200426
2,61,36.48114396187248
2,62,33.408560019601104
2,63,30.42708906029585
2,64,26.83093841040099
2,65,24.37164038414656
2,66,20.531972545658544
2,67,18.75310267232194
2,68,16.283213774628265
2,69,13.308714526633327
2,70,13.863739634661657
2,71,14.458408563918264
2,72,11.402842330018315
2,73,9.332505352417535
2,74,12.27845265949694
2,75,11.774313391748894
2,76,8.676842800084337
2,77,9.71275474555116
2,78,13.401053417634174
3,1,5.447593383299734
3,2,3.8732208579017984
3,4,3.864432725966976
3,5,5.630076672654578
3,6,5.259747659166865
3,7,6.074062079578396
3,8,8.87346225733502
3,9,9.943808619018043
3,10,10.379293169292254
3,11,12.10150165247583
3,12,14.33063358500646
3,13,15.286452714790359
3,14,15.997891573287276
3,15,18.123220804756514
3,16,19.713004883241485
3,17,20.942038865457885
3,18,22.026827095759153
3,19,24.16999201312366
3,20,25.29587575376683
3,21,26.744462718090887
3,22,28.440233176844345
3,23,26.302559236133952
3,24,27.901169057695338
3,25,26.33159046285996
3,26,22.982372156304503
3,27,24.959982403451036
3,28,24.959499689772116
3,29,21.138582819351925
3,30,20.71094698347196
3,31,23.674572036393027
3,32,22.13005958567616
3,33,18.930827132153702
3,34,21.37737539804855
3,35,23.566229828924172
3,36,21.001433638862643
3,37,19.193980535250454
3,38,22.529073607978024
3,39,21.213095769757516
3,40,22.24558188030603
3,41,21.195694276133125
3,42,19.553864300069502
3,43,20.581953022276206
3,44,24.210806581828056
3,45,25.421201657724378
3,46,25.624160764870965
3,47,27.534859336040192
3,48,30.592667870698158
3,49,29.192175582882538
3,50,26.702140123648125
3,51,29.009309016804952
3,52,30.545685181634386
3,53,27.31393786425832
3,54,26.411173020044885
3,55,27.24505639168828
3,56,31.107833109650056
3,57,32.89368905499136
3,58,36.722519584010755
3,59,37.47007924064577
3,60,38.614205158244296
3,61,37.98896941314643
3,62,34.96484207306923
3,63,32.18062526424192
3,64,28.741528642242226
3,65,25.911555605843006
3,66,22.092487529040998
3,67,19.863677936111625
3,68,16.99096334946098
3,69,14.19261220251303
3,70,15.680470260879567
3,71,16.046577281326858
3,72,12.487032602229885
3,73,11.517543831336628
3,74,14.711629554092601
3,75,13.59289733827831
3,76,11.029174154305585
3,77,12.949208511575678
3,78,16.54649632595487
4,1,5.2803797882804
4,2,5.54579551540307
4,3,3.864432725966976
4,5,3.8956966909484496
4,6,5.371482344789874
4,7,4.7148679795776935
4,8,6.24036345312142
4,9,8.484331470124394
4,10,9.673852698149398
4,11,10.276458739260844
4,12,12.29705230826076
4,13,14.158837460520939
4,14,14.954337457598156
4,15,16.32316359822128
4,16,18.010666586207197
4,17,19.83616460811424
4,18,20.636240581975986
4,19,22.35529480578137
4,20,23.890442688299242
4,21,25.56299019212689
4,22,26.800551749821192
4,23,24.498447530654722
4,24,25.65734770310941
4,25,23.81942669995542
4,26,20.51372499165868
4,27,22.27724386798934
4,28,21.8744938245407
4,29,18.01743459775746
4,30,17.842797530600965
4,31,20.558277872968645
4,32,18.683145224646022
4,33,15.62299354474436
4,34,18.33601072281163
4,35,20.22421709590833
4,36,17.485174091856823
4,37,16.03219675163247
4,38,19.570907355782747
4,39,18.64184214293941
4,40,19.92314272488061
4,41,19.359091483425793
4,42,18.353710747872356
4,43,19.848912927112632
4,44,23.59410528671887
4,45,24.230136744346346
4,46,24.017325543588832
4,47,26.07273884718146
4,48,28.864921405492872
4,49,27.336099748042216
4,50,24.544502107528512
4,51,26.736407417819635
4,52,27.93110316780936
4,53,24.496866735053644
4,54,23.702234426460016
4,55,24.263042884019246
4,56,28.093460990663594
4,57,29.992771332991193
4,58,33.765965599797745
4,59,34.78694424931802
4,60,36.17421630886697
4,61,35.79102656227769
4,62,32.998811106933466
4,63,30.144016167301558
4,64,26.884996813826167
4,65,23.93009137207644
4,66,20.147880000941203
4,67,18.1517865763123
4,68,14.872807605504455
4,69,12.767244923181552
4,70,14.309897568632161
4,71,13.813330190407777
4,72,10.041611657356246
4,73,9.933996408632455
4,74,12.707399000362242
4,75,10.832177726803003
4,76,8.886417999717498
4,77,11.743612611319296
4,78,15.074540264077497
5,1,6.388243954632835
5,2,5.1941366267945215
5,3,5.630076672654578
5,4,3.8956966909484496
5,6,3.884345498744833
5,7,5.529768456136528
5,8,5.419180480520005
5,9,6.063803456904453
5,10,8.490073884806465
5,11,9.742051195010845
5,12,10.62791715680042
5,13,12.23583440940371
5,14,13.985251744820367
5,15,15.447747502462757
5,16,16.320018691482854
5,17,18.325460547529445
5,18,19.760408837216488
5,19,21.13362243576898
5,20,22.22323450247287
5,21,24.336567556864736
5,22,25.754332818351333
5,23,23.924189737122134
5,24,24.970809808557277
5,25,23.59408782583714
5,26,19.987624599384436
5,27,21.251592255173197
5,28,21.21074868599934
5,29,17.49896254523207
5,30,16.51756938203913
5,31,19.106811001404186
5,32,17.646904161659535
5,33,14.135808913031411
5,34,16.196460863277476
5,35,18.370469803537457
5,36,15.917897061807903
5,37,13.741132624843704
5,38,16.96676805371286
5,39,15.699501176262814
5,40,17.048029810553242
5,41,16.473737350432113
5,42,15.186470567073425
5,43,16.32316892827108
5,44,20.12298459061301
5,45,20.83723946932889
5,46,20.962418017601575
5,47,23.29193920676167
5,48,26.28890642837685
5,49,25.177546026378387
5,50,22.32863533529396
5,51,24.22566130484018
5,52,25.785873406964296
5,53,22.499193439209748
5,54,21.235782588907345
5,55,21.86519578850754
5,56,25.72078220309961
5,57,27.350770350639944
5,58,31.180638560845363
5,59,31.883924423650843
5,60,33.10441459711664
5,61,32.48667475439603
5,62,29.55652590918646
5,63,26.69764866063124
5,64,23.324667472645373
5,65,20.467560855842574
5,66,16.6434016736664
5,67,14.666979316493592
5,68,11.689466638505465
5,69,9.228169720677258
5,70,10.510764473372282
5,71,10.45281493798434
5,72,6.863892878344563
5,73,6.3172910407771115
5,74,9.583797349312908
5,75,8.636542325553867
5,76,7.093603680174674
5,77,9.333926812054631
5,78,12.302256189176404
6,1,8.83207568229063
6,2,6.364756649293149
6,3,5.259747659166865
6,4,5.371482344789874
6,5,3.884345498744833
6,7,3.8922351271563134
6,8,5.516757527666189
6,9,4.971313967148951
6,10,5.736004858148316
6,11,8.166146722339501
6,12,9.69110083710973
6,13,10.24999852862824
6,14,11.575242339650156
6,15,13.843637582465885
6,16,14.877224774227518
6,17,16.151352100673712
6,18,17.695557138950633
6,19,19.626182522311357
6,20,20.424773709377426
6,21,22.15770255567398
6,22,23.994178359646064
6,23,22.253186454136998
6,24,23.8471070113535
6,25,22.769563383887668
6,26,19.159866667518212
6,27,20.86727250436989
6,28,21.400323450910484
6,29,17.761674322433937
6,30,16.645786189368078
6,31,19.76807226678777
6,32,18.877876623243107
6,33,15.4499109287978
6,34,17.426214878337618
6,35,20.152091764930994
6,36,18.223643841282872
6,37,16.078945439305603
6,38,18.98471163111801
6,39,17.048611937029722
6,40,17.570648064636096
6,41,16.152263136889456
6,42,14.378110062207591
6,43,15.602606904963228
6,44,19.183561426486115
6,45,20.340398293598355
6,46,20.491458898976475
6,47,22.313644402442456
6,48,25.438019704807584
6,49,24.167526012777003
6,50,21.78568826451286
6,51,24.112718748172572
6,52,25.906171492079245
6,53,22.908708413845456
6,54,21.94594359731241
6,55,23.208125043366433
6,56,27.065688552634253
6,57,28.920093152102783
6,58,32.788148437447454
6,59,33.353410621541165
6,60,34.19691253556282
6,61,33.62779560221717
6,62,30.51540915110333
6,63,28.00073631005783
6,64,24.66366211627928
6,65,21.605479271964544
6,66,17.890678715933603
6,67,15.21307292799148
6,68,12.455326819764066
6,69,9.496976544778146
6,70,11.734664961540952
6,71,12.532400947370698
6,72,9.098322523506909
6,73,8.924620663860377
6,74,12.64078002937039
6,75,12.205934281812555
6,76,10.907428713603304
6,77,12.680876103857479
6,78,15.515416298856044
7,1,9.772759968478477
7,2,8.616491413835838
7,3,6.074062079578396
7,4,4.7148679795776935
7,5,5.529768456136528
7,6,3.8922351271563134
7,8,3.8940839689684723
7,9,5.783494069319611
7,10,5.41121663680419
7,11,6.115170751552061
7,12,8.851672688314057
7,13,10.224271495748493
7,14,10.444549786088297
7,15,12.173431289760712
7,16,14.12913411082074
7,17,15.52128062085948
7,18,16.22245792580334
7,19,18.295081895843634
7,20,19.756332912885593
7,21,21.138705047730383
7,22,22.559424066935215
7,23,20.298973586873466
7,24,21.841315856396484
7,25,20.29050739122995
7,26,16.940869785021604
7,27,19.080986731942147
7,28,19.260896527572896
7,29,15.505232129822925
7,30,15.163237339125963
7,31,18.428836722653973
7,32,17.23425211368449
7,33,14.28020517249304
7,34,16.934876379118585
7,35,19.459268575407574
7,36,17.44884133546197
7,37,16.091923206516267
7,38,19.266150408092464
7,39,17.639292056478716
7,40,18.016479272324318
7,41,16.76188371690966
7,42,15.724879034793348
7,43,17.718435554623824
7,44,21.217611820607246
7,45,21.89350079682764
7,46,21.37039071434486
7,47,22.886726632481633
7,48,25.614659688203602
7,49,23.80893468832772
7,50,21.39656043421146
7,51,24.03667440498217
7,52,25.32068091364845
7,53,22.149636202102258
7,54,21.785756219868695
7,55,23.031645307911162
7,56,26.851256679749813
7,57,29.112971374730456
7,58,32.914065512778265
7,59,33.89769956603161
7,60,34.92079862439509
7,61,34.768352433577085
7,62,31.895639391738143
7,63,29.458755652409852
7,64,26.38274669260475
7,65,23.060504383534425
7,66,19.450961969883164
7,67,16.74994258842778
7,68,13.44797081468778
7,69,11.368845348692124
7,70,14.050605114934317
7,71,13.970835395714577
7,72,10.203537295046768
7,73,11.169143767571102
7,74,14.442380099748966
7,75,13.039161219637988
7,76,12.157753840281398
7,77,14.821767088198984
7,78,17.65316859078269
8,1,10.933219559622614
8,2,10.212387013968891
8,3,8.87346225733502
8,4,6.24036345312142
8,5,5.419180480520005
8,6,5.516757527666189
8,7,3.8940839689684723
8,9,3.887637558548349
8,10,5.489331128772415
8,11,4.775056499459773
8,12,6.146596290092177
8,13,8.662864849838131
8,14,9.688610914150873
8,15,10.44854666954582
8,16,11.92627478054755
8,17,14.160745280960132
8,18,14.971302949990223
8,19,16.294560359616476
8,20,17.91577740208744
8,21,19.83469876913558
8,22,20.874496513130563
8,23,18.766826975268653
8,24,19.744548566615453
8,25,18.222475927457463
8,26,14.680250495332913
8,27,16.24178308036926
8,28,16.25149688759396
8,29,12.499023370183401
8,30,11.841712913669053
8,31,14.860423696615547
8,32,13.624569730443786
8,33,10.473779545461403
8,34,13.083846060717551
8,35,15.580330816680284
8,36,13.669862281946234
8,37,12.320006219698872
8,38,15.457367989035125
8,39,13.950892247734068
8,40,14.508070586427117
8,41,13.729142133951937
8,42,13.286829826064038
8,43,15.612218852476863
8,44,19.178334832739402
8,45,19.294952499477837
8,46,18.4973339167045
8,47,20.3004667548271
8,48,22.86813441771231
8,49,21.168823115785713
8,50,18.388419237646605
8,51,20.765244237206584
8,52,21.920622656089908
8,53,18.60583244410511
8,54,18.1099888691928
8,55,19.18666258662873
8,56,23.009118399817314
8,57,25.272966289845463
8,58,29.05991366453434
8,59,30.130778209772544
8,60,31.27500288368423
8,61,31.24068865078437
8,62,28.519271087228237
8,63,26.051866095292958
8,64,23.13105265516822
8,65,19.724944350516825
8,66,16.197053251931358
8,67,13.693967692011164
8,68,10.10470539328573
8,69,8.805364810701294
8,70,11.53817363931741
8,71,10.803678709674285
8,72,7.116287878988575
8,73,9.194860030728554
8,74,12.013490949362387
8,75,10.506807145484396
8,76,10.742377701097572
8,77,13.593530469923104
8,78,15.779202927687605
9,1,12.39714346417017
9,2,10.558411766946305
9,3,9.943808619018043
9,4,8.484331470124394
9,5,6.063803456904453
9,6,4.971313967148951
9,7,5.783494069319611
9,8,3.887637558548349
9,10,3.8803991563287847
9,11,5.337304019511239
9,12,5.11048380769893
9,13,6.204055000472448
9,14,8.475389042923654
9,15,10.032566073857906
9,16,10.418376077836276
9,17,12.347496373480793
9,18,14.110900879572956
9,19,15.404025081545859
9,20,16.211359486466318
9,21,18.42270303163552
9,22,19.9982993940292
9,23,18.53586767506734
9,24,19.758880745707494
9,25,18.98414793980767
9,26,15.188767890540865
9,27,16.408973406890503
9,28,17.210627949378598
9,29,13.815705406788021
9,30,12.08962501760987
9,31,15.194253550035432
9,32,14.822207525915436
9,33,11.323765749502492
9,34,12.903497349290237
9,35,15.998839576121773
9,36,14.716087443758768
9,37,12.558159676633288
9,38,15.03703728825689
9,39,12.709404180869248
9,40,12.791497962851338
9,41,11.338418464119263
9,42,10.069225934237505
9,43,12.060552869737016
9,44,15.625026655040298
9,45,16.169910506541235
9,46,15.854494717671077
9,47,17.706469804204026
9,48,20.680215034952322
9,49,19.413182460063886
9,50,16.870912155499536
9,51,19.157636518076142
9,52,20.94827490810982
9,53,18.021564448783593
9,54,17.09637859936904
9,55,18.626517476733614
9,56,22.448187858944692
9,57,24.469856250283847
9,58,28.32574884833
9,59,28.92850822366184
9,60,29.669631869090008
9,61,29.347613010019625
9,62,26.33834984414446
9,63,24.044347497176915
9,64,20.981796238439546
9,65,17.60384043205566
9,66,14.085665771031577
9,67,11.098813599294955
9,68,8.075046318464802
9,69,5.807768083093151
9,70,9.076464140939654
9,71,9.538108993919694
9,72,6.489113939866382
9,73,8.151800889645495
9,74,11.467045771374549
9,75,11.258528074295143
9,76,11.615311910804925
9,77,13.511500167893697
9,78,15.315159080412563
10,1,14.203033040124932
10,2,12.095377865973136
10,3,10.379293169292254
10,4,9.673852698149398
10,5,8.490073884806465
10,6,5.736004858148316
10,7,5.41121663680419
10,8,5.489331128772415
10,9,3.8803991563287847
10,11,3.867007771347352
10,12,5.54034812860859
10,13,5.175505081082101
10,14,5.845755283461649
10,15,8.483455479426068
10,16,9.693425567050287
10,17,10.566999732776479
10,18,12.007314804939847
10,19,14.172963114703744
10,20,14.96593835662798
10,21,16.466460370117556
10,22,18.370539816097683
10,23,16.729737937020747
10,24,18.61346049312194
10,25,17.938133347450904
10,26,14.337069448443726
10,27,16.318800457758524
10,28,17.529954176363066
10,29,14.24391038725109
10,30,12.906837883259001
10,31,16.508615307451525
10,32,16.478404371626514
10,33,13.473862306539061
10,34,15.277199974268202
10,35,18.551816617972687
10,36,17.569915956295514
10,37,15.869804958105409
10,38,18.217544402941115
10,39,15.676911794762107
10,40,15.005720001176329
10,41,12.843768116904005
10,42,11.443590621785345
10,43,13.696296047829236
10,44,16.812309731284635
10,45,17.645546176877584
10,46,17.08969475283268
10,47,18.157696505775
10,48,21.02585063167281
10,49,19.319159272838228
10,50,17.36427316773222
10,51,20.229373577130566
10,52,21.967515856822793
10,53,19.315146123823308
10,54,19.008767205073866
10,55,21.0263037958166
10,56,24.73911811707257
10,57,27.075859237124885
10,58,30.872973303419933
10,59,31.52842923971535
10,60,32.02282040360301
10,61,31.895994083659243
10,62,28.862663958193693
10,63,26.90838051912789
10,64,24.007726302528226
10,65,20.501590742187478
10,66,17.22713408370435
10,67,13.86416971759595
10,68,11.115996884276255
10,69,9.014004098812475
10,70,12.574007929890943
10,71,13.307138278514053
10,72,10.33373305612069
10,73,11.875107655258686
10,74,15.315758513031177
10,75,14.926180963369566
10,76,14.962392929349809
10,77,16.969791989855224
10,78,19.048590524258195
11,1,15.301019666847134
11,2,14.081139686159663
11,3,12.10150165247583
11,4,10.276458739260844
11,5,9.742051195010845
11,6,8.166146722339501
11,7,6.115170751552061
11,8,4.775056499459773
11,9,5.337304019511239
11,10,3.867007771347352
11,12,3.86030082824803
11,13,5.658359451797302
11,14,5.2189585274643395
11,15,6.0865857523470135
11,16,8.32272146211645
11,17,9.994069045311754
11,18,10.38691993516545
11,19,12.204862312781211
11,20,13.93190194781253
11,21,15.390687416648733
11,22,16.540757445097753
11,23,14.369119829716869
11,24,15.843344842139205
11,25,14.646279553906673
11,26,11.116638609892373
11,27,13.307655562713487
11,28,14.095670415909382
11,29,10.677351428415365
11,30,9.982432812529598
11,31,13.664685964272024
11,32,13.391765603194083
11,33,10.881423428069393
11,34,13.260715725088222
11,35,16.284351751954805
11,36,15.364591722225672
11,37,14.447048123030148
11,38,16.920344246593686
11,39,14.801793528446368
11,40,14.113514134430039
11,41,12.481425518505818
11,42,12.261278740837302
11,43,15.246487961107674
11,44,18.277352862491014
11,45,18.3258195029695
11,46,16.993058823752623
11,47,17.940080124404606
11,48,20.26286362833597
11,49,18.070201883548076
11,50,15.849764900767964
11,51,18.865965899332966
11,52,19.982543573811185
11,53,17.07434499070855
11,54,17.326861928413894
11,55,19.21357824133943
11,56,22.85060958753573
11,57,25.547627771032133
11,58,29.245649100866693
11,59,30.334026561532532
11,60,31.079591008181346
11,61,31.38355353717357
11,62,28.67777315983611
11,63,26.75746684224221
11,64,24.181222641581442
11,65,20.482379556514772
11,66,17.39179434119714
11,67,14.273777561300182
11,68,11.005960681532706
11,69,10.179636749888704
11,70,13.766464327773532
11,71,13.463569797439638
11,72,10.449702649583033
11,73,12.98952548835938
11,74,15.848410505012993
11,75,14.730701676663424
11,76,15.401768690067795
11,77,18.027737531602067
11,78,19.89821219738589
12,1,16.780263499834458
12,2,15.443686029445603
12,3,14.33063358500646
12,4,12.29705230826076
12,5,10.62791715680042
12,6,9.69110083710973
12,7,8.851672688314057
12,8,6.146596290092177
12,9,5.11048380769893
12,10,5.54034812860859
12,11,3.86030082824803
12,13,3.869639342495913
12,14,5.605808398712551
12,15,5.453190382415564
12,16,5.851856724714813
12,17,8.582198693605047
12,18,9.809167964860658
12,19,10.559606136951604
12,20,11.914582506717945
12,21,14.228940975601132
12,22,15.276697257924942
12,23,13.76539093576998
12,24,14.705633796813055
12,25,14.078330162735066
12,26,10.222976447523582
12,27,11.375796904917387
12,28,12.551622979374056
12,29,9.493296240848643
12,30,7.501307527616374
12,31,11.025927036372968
12,32,11.399120627771671
12,33,8.55746940059508
12,34,10.093526147477863
12,35,13.511430392041778
12,36,13.195311691041276
12,37,11.916853988340923
12,38,13.808897375534022
12,39,11.301634999892913
12,40,10.296711183387586
12,41,8.67139340421603
12,42,8.866261458312922
12,43,12.153050239790021
12,44,15.116625077217595
12,45,14.747510458809563
12,46,13.28328406053041
12,47,14.535591656269318
12,48,16.93154319108974
12,49,15.084376945999765
12,50,12.545013399586395
12,51,15.293845928480623
12,52,16.682096179121412
12,53,13.837803331996193
12,54,13.725679676416634
12,55,15.797721882872901
12,56,19.434570889231686
12,57,22.019622816642862
12,58,25.74164666814891
12,59,26.654446296899955
12,60,27.285980879726882
12,61,27.559189991497185
12,62,24.850087191548237
12,63,23.025752585762575
12,64,20.573327797320815
12,65,16.812667915365015
12,66,13.928144240104263
12,67,10.757197078238214
12,68,7.651457985196685
12,69,7.642254455840786
12,70,11.301306271490743
12,71,10.970087003326059
12,72,8.820312327423203
12,73,11.854235531869993
12,74,14.292639193633647
12,75,13.748009316719566
12,76,15.205064221060361
12,77,17.43338647754543
12,78,18.591944194575447
13,1,18.48263742332535
13,2,16.40354900207487
13,3,15.286452714790359
13,4,14.158837460520939
13,5,12.23583440940371
13,6,10.24999852862824
13,7,10.224271495748493
13,8,8.662864849838131
13,9,6.204055000472448
13,10,5.175505081082101
13,11,5.658359451797302
13,12,3.869639342495913
13,14,3.8801648742455024
13,15,5.743646864372655
13,16,5.064283773995712
13,17,6.21867474170854
13,18,8.627498712521021
13,19,10.023143546313904
13,20,10.23059985262864
13,21,12.37964562715629
13,22,14.340484087367775
13,23,13.479582841158924
13,24,15.154201534532833
13,25,15.35824383521886
13,26,11.63116332419382
13,27,12.912160582147793
13,28,14.983154644344406
13,29,12.466233656350873
13,30,10.0954744848918
13,31,13.604237066940998
13,32,14.719082848276036
13,33,12.011301903930779
13,34,12.769395350874223
13,35,16.481366471254663
13,36,16.593944088006605
13,37,14.90350050269916
13,38,16.26527938204873
13,39,13.132210107574133
13,40,11.36162193956205
13,41,8.518700806231452
13,42,7.497735160064087
13,43,10.536204288991447
13,44,13.082261055195632
13,45,13.429438896860205
13,46,12.39790596526979
13,47,13.078813367454012
13,48,15.88953872917386
13,49,14.25788985038551
13,50,12.528319241092062
13,51,15.498231167912554
13,52,17.516244764201456
13,53,15.363690120624247
13,54,15.169100746920483
13,55,17.81793444707186
13,56,21.281032777097145
13,57,23.710070444157022
13,58,27.397823247965547
13,59,27.87924098267437
13,60,27.993304173790328
13,61,28.061174888193623
13,62,25.076570493102167
13,63,23.613727382456027
13,64,21.122846166422587
13,65,17.449297334373743
13,66,14.784978645424506
13,67,11.103781859152157
13,68,9.060655013624096
13,69,8.156160782881708
13,70,12.010801242034798
13,71,12.845245474051485
13,72,11.102175799361724
13,73,13.403125441290637
13,74,16.259768069667764
13,75,16.428300974368028
13,76,17.51246505353708
13,77,19.196573937265875
13,78,20.366457070886067
14,1,19.801672082172587
14,2,17.92202034705877
14,3,15.997891573287276
14,4,14.954337457598156
14,5,13.985251744820367
14,6,11.575242339650156
14,7,10.444549786088297
14,8,9.688610914150873
14,9,8.475389042923654
14,10,5.845755283461649
14,11,5.2189585274643395
14,12,5.605808398712551
14,13,3.8801648742455024
14,15,3.8794569770131497
14,16,5.520860400925549
14,17,5.309869099652178
14,18,6.212903856035698
14,19,8.848659361441236
14,20,9.750349206402365
14,21,10.753550147557892
14,22,12.668429185103445
14,23,11.157929827250642
14,24,13.4802054018092
14,25,13.45117439925866
14,26,10.104121455978577
14,27,12.426342163975919
14,28,14.540650713524085
14,29,12.115923249117596
14,30,10.719816065107556
14,31,14.52608139779815
14,32,15.564046079652334
14,33,13.519089428426367
14,34,14.905651693278081
14,35,18.40405040509829
14,36,18.492602496338773
14,37,17.46024366052775
14,38,19.051448957046592
14,39,16.214398441790568
14,40,14.294821538828904
14,41,11.571948219662243
14,42,11.09008961466445
14,43,14.21321497870105
14,44,16.39153882127742
14,45,16.660299884459576
14,46,15.169319898373065
14,47,15.08474067055736
14,48,17.349203416958517
14,49,14.994127938790143
14,50,13.779074730153848
14,51,17.261965974225564
14,52,18.75797819232989
14,53,16.700165719858703
14,54,17.329734355427544
14,55,20.07774719847716
14,56,23.396065041299558
14,57,26.198686904481598
14,58,29.765300696170563
14,59,30.54393512947879
14,60,30.67179069802893
14,61,31.07528907877962
14,62,28.266879227538755
14,63,26.980496176298193
14,64,24.69480895939207
14,65,20.9418084461808
14,66,18.403784289046254
14,67,14.806762250710428
14,68,12.517355038971907
14,69,11.811490196363719
14,70,15.689502018100951
14,71,16.177238528801077
14,72,13.974529325155517
14,73,16.405335723675947
14,74,19.35301988383035
14,75,18.957315169741808
14,76,19.832248301432486
14,77,21.952381477489176
14,78,23.478074559961154
15,1,21.28111493997622
15,2,19.961016467568108
15,3,18.123220804756514
15,4,16.32316359822128
15,5,15.447747502462757
15,6,13.843637582465885
15,7,12.173431289760712
15,8,10.44854666954582
15,9,10.032566073857906
15,10,8.483455479426068
15,11,6.0865857523470135
15,12,5.453190382415564
15,13,5.743646864372655
15,14,3.8794569770131497
15,16,3.8806972765919814
15,17,5.38698293242734
15,18,4.72370284321798
15,19,6.175975158099162
15,20,8.402927779331021
15,21,9.722583398162515
15,22,10.479077576136335
15,23,8.5242650159708
15,24,10.130971802707306
15,25,9.831770150219718
15,26,6.288560668104894
15,27,8.63842675874244
15,28,10.72730820100136
15,29,8.616625953496417
15,30,7.470950408756008
15,31,11.233818253253055
15,32,12.494363308659468
15,33,11.170377667266855
15,34,12.618089839580497
15,35,15.872596463036949
15,36,16.35868482883912
15,37,16.002515202232164
15,38,17.373724979952495
15,39,14.894115432312896
15,40,12.828519041627315
15,41,10.730841244188849
15,42,11.57080891945514
15,43,15.215391952285392
15,44,17.252089159649564
15,45,16.638204492953705
15,46,14.359573817707842
15,47,14.189680139846962
15,48,15.769932954202448
15,49,12.946220976069442
15,50,11.39579529038496
15,51,14.987165732164126
15,52,15.844990588892484
15,53,13.648494343882113
15,54,14.885986101342292
15,55,17.592234727959923
15,56,20.719193805516852
15,57,23.83157783414986
15,58,27.247826554263355
15,59,28.38342235423085
15,60,28.697677137807492
15,61,29.522781397106417
15,62,27.068162966504357
15,63,25.881161569853326
15,64,23.987417064708808
15,65,20.127480697924053
15,66,17.921267088914437
15,67,14.67598273624851
15,68,12.199126506576333
15,69,12.68169280919747
15,70,16.397017176662334
15,71,16.092504776638954
15,72,14.202963218247822
15,73,17.30436157166629
15,74,19.67013545760215
15,75,18.910843320823787
15,76,20.415554726626993
15,77,22.83518120845169
15,78,24.00698540992766
16,1,22.551171923381116
16,2,20.928483592389917
16,3,19.713004883241485
16,4,18.010666586207197
16,5,16.320018691482854
16,6,14.877224774227518
16,7,14.12913411082074
16,8,11.92627478054755
16,9,10.418376077836276
16,10,9.693425567050287
16,11,8.32272146211645
16,12,5.851856724714813
16,13,5.064283773995712
16,14,5.520860400925549
16,15,3.8806972765919814
16,17,3.865031959197054
16,18,5.494385139284267
16,19,5.274595220745844
16,20,6.086846633701533
16,21,8.77067434680248
16,22,9.88989008039888
16,23,9.358054703953131
16,24,10.48684261489673
16,25,11.300069749039118
16,26,7.761120809431979
16,27,8.464113650310914
16,28,11.293462628092287
16,29,9.857588684072198
16,30,7.2106642482069265
16,31,10.477278410150376
16,32,12.620145966202719
16,33,11.037517809333828
16,34,11.254936039602491
16,35,14.868094695030534
16,36,15.996447546525046
16,37,15.134119218524784
16,38,15.741198563916255
16,39,12.74875016451085
16,40,10.018549043046326
16,41,7.3814063481134164
16,42,8.42446069685099
16,43,12.150768657013987
16,44,13.777675947749245
16,45,12.932351156675134
16,46,10.569022666058817
16,47,10.356598893925264
16,48,12.224783807877072
16,49,9.846457587297477
16,50,8.26477843916253
16,51,11.775720897785991
16,52,13.313442948619151
16,53,11.562305319025109
16,54,12.335766671756623
16,55,15.482986068385538
16,56,18.494650755240055
16,57,21.372610589555073
16,58,24.78764415347834
16,59,25.54198390604693
16,60,25.528519730031938
16,61,26.213805217862276
16,62,23.645179966626444
16,63,22.705554723369065
16,64,20.942275444723688
16,65,17.129808640371046
16,66,15.311766879664267
16,67,11.986625419225362
16,68,10.329814010853454
16,69,11.223570793642603
16,70,14.743772014746002
16,71,14.817910275820596
16,72,13.794950097376436
16,73,16.830716917663555
16,74,18.95653024158807
16,75,18.882229709494847
16,76,20.740579742542995
16,77,22.648359396888722
16,78,23.29063291233157
17,1,24.46962929534399
17,2,22.445456093336063
17,3,20.942038865457885
17,4,19.83616460811424
17,5,18.325460547529445
17,6,16.151352100673712
17,7,15.52128062085948
17,8,14.160745280960132
17,9,12.347496373480793
17,10,10.566999732776479
17,11,9.994069045311754
17,12,8.582198693605047
17,13,6.21867474170854
17,14,5.309869099652178
17,15,5.38698293242734
17,16,3.865031959197054
17,18,3.8643114790077155
17,19,5.386729193348215
17,20,4.660946895007131
17,21,6.186592004242855
17,22,8.643657364519003
17,23,8.681648733267803
17,24,10.997574862773888
17,25,12.47903066447208
17,26,9.586396378738064
17,27,10.926797188812095
17,28,14.1516159045476
17,29,13.022208945713153
17,30,10.851481594691878
17,31,14.057787971125402
17,32,16.31795187668207
17,33,14.856249053874851
17,34,15.078719518995205
17,35,18.701113133246796
17,36,19.8467795275823
17,37,18.868593616982324
17,38,19.43095110697485
17,39,16.231554555659173
17,40,13.268674548359046
17,41,10.066018356479681
17,42,10.132692851869733
17,43,13.347283420435119
17,44,14.362698917765984
17,45,14.200470667586123
17,46,12.215389914916834
17,47,10.996055115232457
17,48,12.863500290818216
17,49,10.42388223075949
17,50,10.261928694673019
17,51,13.91488777561932
17,52,15.678875765145039
17,53,14.634728781456214
17,54,15.577505217060233
17,55,18.971800403282835
17,56,21.76163105023236
17,57,24.579897123720446
17,58,27.876117107422907
17,59,28.39661310512829
17,60,27.98101609611273
17,61,28.60259212870117
17,62,25.907620223026644
17,63,25.31289111404466
17,64,23.57595913325164
17,65,19.892064914145195
17,66,18.212677549309948
17,67,14.654029180161102
17,68,13.456413530101022
17,69,13.619316259296312
17,70,17.249219550667164
17,71,17.936605531547215
17,72,16.763492822140954
17,73,19.389554270349063
17,74,21.909741391132375
17,75,22.02944184152363
17,76,23.494462365771046
17,77,25.252694252476036
17,78,26.125334629782866
18,1,25.61798485193742
18,2,23.99779297346527
18,3,22.026827095759153
18,4,20.636240581975986
18,5,19.760408837216488
18,6,17.695557138950633
18,7,16.22245792580334
18,8,14.971302949990223
18,9,14.110900879572956
18,10,12.007314804939847
18,11,10.38691993516545
18,12,9.809167964860658
18,13,8.627498712521021
18,14,6.212903856035698
18,15,4.72370284321798
18,16,5.494385139284267
18,17,3.8643114790077155
18,19,3.87481617353327
18,20,5.496011392895708
18,21,5.287782418316881
18,22,6.564525922596682
18,23,5.286108059163267
18,24,8.178382686853926
18,25,9.357492773542738
18,26,7.093010005306011
18,27,9.375473016784813
18,28,12.443231075200355
18,29,11.646451745615739
18,30,10.546883380272442
18,31,13.743859303217288
18,32,15.825237908570568
18,33,15.118067405236696
18,34,15.919426565177439
18,35,19.16455546433218
18,36,20.28635359932877
18,37,20.01832238111439
18,38,20.811035385696623
18,39,18.07477116635271
18,40,15.269023562814063
18,41,12.669923967059
18,42,13.453302648984195
18,43,16.916513313697866
18,44,18.034664367488563
18,45,17.4808009055737
18,46,14.993814581915535
18,47,13.572458521390077
18,48,14.575604180713192
18,49,11.362134070391276
18,50,11.299560296372707
18,51,15.18354750259888
18,52,16.049932343025734
18,53,14.907644258361703
18,54,16.684948770093236
18,55,19.91306651002726
18,56,22.536767387494184
18,57,25.735909501893754
18,58,28.873988200997655
18,59,29.84408761311128
18,60,29.651687376978536
18,61,30.692933527426923
18,62,28.31380965534714
18,63,27.738486860923704
18,64,26.22137953912922
18,65,22.44171361447623
18,66,20.790658646970655
18,67,17.44386200871054
18,68,15.72703945593501
18,69,16.23940531024257
18,70,19.943169935087113
18,71,20.04961103580353
18,72,18.534569206918206
18,73,21.494518104071407
18,74,23.91251579423172
18,75,23.449818741691736
18,76,24.97038928433991
18,77,27.19009859625074
18,78,28.23871619304259
19,1,27.17396950151306
19,2,25.763227902768975
19,3,24.16999201312366
19,4,22.35529480578137
19,5,21.13362243576898
19,6,19.626182522311357
19,7,18.295081895843634
19,8,16.294560359616476
19,9,15.404025081545859
19,10,14.172963114703744
19,11,12.204862312781211
19,12,10.559606136951604
19,13,10.023143546313904
19,14,8.848659361441236
19,15,6.175975158099162
19,16,5.274595220745844
19,17,5.386729193348215
19,18,3.87481617353327
19,20,3.8709185171087865
19,21,5.288084934435738
19,22,4.820031846218675
19,23,4.642839820007524
19,24,5.776902687004209
19,25,7.86536725802315
19,26,5.7717295131852016
19,27,6.50937584737946
19,28,10.151635332801167
19,29,10.33922034165318
19,30,8.784941229298273
19,31,11.22397667310544
19,32,13.976227388924864
19,33,13.817239931035093
19,34,13.947376556396293
19,35,16.983222830499248
19,36,18.74526703587092
19,37,18.741149812411987
19,38,18.93448135769774
19,39,16.352866682372426
19,40,13.251676558200643
19,41,11.1429778162438
19,42,12.902530037260556
19,43,16.51017968070628
19,44,17.29770734675178
19,45,15.96503730476244
19,46,12.892155376201133
19,47,11.302170146376506
19,48,11.582128291710353
19,49,8.052932982312782
19,50,7.944516659931073
19,51,11.810505473743518
19,52,12.342200052218052
19,53,11.555457016822364
19,54,13.714020410904324
19,55,17.06205494671695
19,56,19.319140292020027
19,57,22.604333416456548
19,58,25.541923928867224
19,59,26.593083470461668
19,60,26.36728354535399
19,61,27.694943717682218
19,62,25.600766530773384
19,63,25.267110925322783
19,64,24.182183558073973
19,65,20.459734547119293
19,66,19.337688321174337
19,67,16.381856878520598
19,68,15.019205422144523
19,69,16.402344373020412
19,70,19.777979274689937
19,71,19.5284514262695
19,72,18.643739817243524
19,73,21.90522118043351
19,74,23.793138360640757
19,75,23.423716010573262
19,76,25.48886619217098
19,77,27.6306862845923
19,78,28.18050372895884
20,1,28.473388902103732
20,2,26.612606678226232
20,3,25.29587575376683
20,4,23.890442688299242
20,5,22.22323450247287
20,6,20.424773709377426
20,7,19.756332912885593
20,8,17.91577740208744
20,9,16.211359486466318
20,10,14.96593835662798
20,11,13.93190194781253
20,12,11.914582506717945
20,13,10.23059985262864
20,14,9.750349206402365
20,15,8.402927779331021
20,16,6.086846633701533
20,17,4.660946895007131
20,18,5.496011392895708
20,19,3.8709185171087865
20,21,3.866859047678307
20,22,5.493567402881354
20,23,7.386265894434672
20,24,8.851464822387246
20,25,11.581623774917754
20,26,9.601680746863638
20,27,9.722484429041902
20,28,13.519333245489843
20,29,13.688022996494846
20,30,11.38644162238971
20,31,13.62127103949524
20,32,16.691761673098775
20,33,16.04146683931221
20,34,15.488306962560381
20,35,18.81368443020123
20,36,20.78491315647319
20,37,20.182362034735963
20,38,19.956588170637186
20,39,16.881604209018143
20,40,13.362388194303106
20,41,10.561890524474807
20,42,11.691701627473433
20,43,14.833485894960052
20,44,14.905570915037952
20,45,13.892675326494093
20,46,11.166168581977981
20,47,8.800673615390885
20,48,9.425803002126548
20,49,6.4691247376127885
20,50,7.650533477337226
20,51,11.277178815561712
20,52,12.793415126019953
20,53,12.80471512517066
20,54,14.319207079345246
20,55,18.017240061071526
20,56,20.128970547290923
20,57,23.035869959318134
20,58,25.938897239603786
20,59,26.44173133894955
20,60,25.69147673921032
20,61,26.732552722021445
20,62,24.39766060935826
20,63,24.41969704381951
20,64,23.363639959659906
20,65,19.825390537372922
20,66,19.002470998780954
20,67,15.88625921247861
20,68,15.346728965496
20,69,16.41872464137788
20,70,19.663030737474035
20,71,20.08136472365137
20,72,19.596393593895137
20,73,22.4931862193144
20,74,24.500543237603637
20,75,24.726687012537084
20,76,26.705076975245646
20,77,28.388597725946173
20,78,28.763450565734516
21,1,30.38975418859571
21,2,28.493208207002624
21,3,26.744462718090887
21,4,25.56299019212689
21,5,24.336567556864736
21,6,22.15770255567398
21,7,21.138705047730383
21,8,19.83469876913558
21,9,18.42270303163552
21,10,16.466460370117556
21,11,15.390687416648733
21,12,14.228940975601132
21,13,12.37964562715629
21,14,10.753550147557892
21,15,9.722583398162515
21,16,8.77067434680248
21,17,6.186592004242855
21,18,5.287782418316881
21,19,5.288084934435738
21,20,3.866859047678307
21,22,3.8877749903409318
21,23,6.030539008469906
21,24,8.677963230912189
21,25,11.575993209478536
21,26,10.504262834903136
21,27,11.539962237805272
21,28,15.213121824127555
21,29,15.517983129839061
21,30,13.99070163191685
21,31,16.397647770772853
21,32,19.25397716881901
21,33,18.884095306950076
21,34,18.806664494594607
21,35,22.012824199986795
21,36,23.82712618847508
21,37,23.470038711872522
21,38,23.511547213558586
21,39,20.542682434057873
21,40,17.126789890016834
21,41,14.311603009078949
21,42,15.127479140595694
21,43,18.15507512505587
21,44,18.151897174236783
21,45,17.50022845328888
21,46,14.945761800503888
21,47,12.290967836506802
21,48,12.49286480865501
21,49,9.393840747954746
21,50,11.156230749831431
21,51,14.748582658239334
21,52,15.7993244069797
21,53,15.959981426672387
21,54,17.897048701294576
21,55,21.52480574984115
21,56,23.522951235778827
21,57,26.58120133810101
21,58,29.35250349072534
21,59,29.982470174842323
21,60,29.169055941974225
21,61,30.356290186658637
21,62,28.105055936423444
21,63,28.247943314550774
21,64,27.222072800844835
21,65,23.686170155477292
21,66,22.76936315185018
21,67,19.542602398294076
21,68,18.755197496536848
21,69,19.493371651612996
21,70,22.94922528481961
21,71,23.41296463156821
21,72,22.52572795873688
21,73,25.37853203274956
21,74,27.647011164638673
21,75,27.642522888923203
21,76,29.370527418533822
21,77,31.24569886025908
21,78,31.930262752324097
22,1,31.730830714685492
22,2,30.238829987097553
22,3,28.440233176844345
22,4,26.800551749821192
22,5,25.754332818351333
22,6,23.994178359646064
22,7,22.559424066935215
22,8,20.874496513130563
22,9,19.9982993940292
22,10,18.370539816097683
22,11,16.540757445097753
22,12,15.276697257924942
22,13,14.340484087367775
22,14,12.668429185103445
22,15,10.479077576136335
22,16,9.88989008039888
22,17,8.643657364519003
22,18,6.564525922596682
22,19,4.820031846218675
22,20,5.493567402881354
22,21,3.8877749903409318
22,23,3.8613922791064055
22,24,5.34985052130882
22,25,8.814094728024482
22,26,8.811497283958875
22,27,9.394407368969796
22,28,12.936233760296231
22,29,14.079667019900226
22,30,13.103879895093142
22,31,14.90397286345173
22,32,17.86067459967797
22,33,18.272975418177165
22,34,18.218903066635136
22,35,20.957290273640382
22,36,23.043137671155378
22,37,23.288615924914595
22,38,23.183304441024838
22,39,20.669587892857194
22,40,17.335401128829723
22,41,15.224860180976194
22,42,16.895844661331918
22,43,20.218818393906858
22,44,20.315494124217395
22,45,18.99012564628294
22,46,15.86899104842201
22,47,13.299752706597713
22,48,12.532574961438423
