1,2,3.8668198165426046
1,3,5.408029155665452
1,4,5.257555641217852
1,5,6.396252424751773
1,6,8.819217001288171
1,7,9.747125493328145
1,8,10.926732746660958
1,9,12.407214849922848
1,10,14.194147083716935
1,11,15.278877049324748
1,12,16.788845169586974
1,13,18.482574992882032
1,14,19.77533555260229
1,15,21.26012247532111
1,16,22.553178543168926
1,17,24.452634918618838
1,18,25.580020534226353
1,19,27.171843018594856
1,20,28.472849636386375
1,21,30.347081291313827
1,22,31.713142303408404
1,23,29.569552645802684
1,24,30.608259711290014
1,25,28.811352999555016
1,26,25.44383356511867
1,27,26.885692642505028
1,28,26.301052299080578
1,29,22.488889420520174
1,30,22.14260427055056
1,31,24.463608199350926
1,32,22.34187429463152
1,33,19.156875770130668
1,34,21.51857625251749
1,35,22.97711281603854
1,36,19.854342143682228
1,37,18.04178341822558
1,38,21.5416047936956
1,39,21.044865044408848
1,40,22.953712947007617
1,41,22.748277505489696
1,42,21.445960867905423
1,43,22.252034497425498
1,44,26.071133820814868
1,45,26.860771715929857
1,46,27.3866509624811
1,47,29.69297029806133
1,48,32.68686463003796
1,49,31.539519934190743
1,50,28.579880994118223
1,51,30.34214662179654
1,52,31.6933087216984
1,53,28.214686694633187
1,54,26.904297768779543
1,55,27.014779368861543
1,56,30.794972608503773
1,57,32.17569739314446
1,58,35.87469467739476
1,59,36.69118873733461
1,60,38.32162609462687
1,61,37.49325955541033
1,62,34.67171990090285
1,63,31.486488803176503
1,64,27.9964831542079
1,65,25.58061165911702
1,66,21.75014725125344
1,67,20.385827865503366
1,68,17.574352983947456
1,69,15.228213250682545
1,70,15.530823199679567
1,71,15.2070910860245
1,72,12.075896656729084
1,73,10.366230435716986
1,74,12.422788934675568
1,75,10.912433859386116
1,76,7.487229497586833
1,77,9.732076940263399
2,1,3.8668198165426046
2,3,3.877318698886836
2,4,5.548144779432479
2,5,5.188328916850339
2,6,6.353885795436416
2,7,8.610528360764393
2,8,10.203626880052234
2,9,10.559663985071472
2,10,12.095222763518784
2,11,14.071298998892066
2,12,15.444235392302057
2,13,16.397830310155953
2,14,17.909574808363995
2,15,19.949054807584393
2,16,20.927413020335564
2,17,22.434192753779183
2,18,23.974066880580693
2,19,25.763903373416266
2,20,26.610717657514964
2,21,28.458898177595138
2,22,30.22702020843378
2,23,28.39543564816611
2,24,29.757711041491984
2,25,28.389976606238115
2,26,24.835668623956472
2,27,26.32758404350573
2,28,26.30563650775114
2,29,22.54396083115788
2,30,21.688348227838958
2,31,24.32184349205511
2,32,22.75858759479994
2,33,19.287195713246287
2,34,21.28550387552633
2,35,23.31016613731012
2,36,20.633225320337566
2,37,18.334586860762972
2,38,21.52026654356705
2,39,20.357701283674647
2,40,21.83082797056016
2,41,21.086105271087625
2,42,19.241536472982787
2,43,19.726774946641488
2,44,23.45221587658626
2,45,24.68013342649049
2,46,25.520422092636895
2,47,27.6765962975053
2,48,30.908977274429827
2,49,29.929005855995808
2,50,27.243265297899622
2,51,29.109243655967916
2,52,30.860990374473435
2,53,27.637740205618904
2,54,26.218374828799405
2,55,26.783887241955664
2,56,30.6220933561763
2,57,31.972635131010158
2,58,35.76685522885481
2,59,36.267070280624395
2,60,37.530409411059914
2,61,36.53720905914421
2,62,33.45905571313766
2,63,30.472607703690993
2,64,26.87097527269253
2,65,24.40504385439062
2,66,20.562699624306397
2,67,18.768970852061155
2,68,16.300358885709635
2,69,13.325862385672796
2,70,13.872410152350755
2,71,14.47667548168693
2,72,11.42016267716496
2,73,9.345330991492075
2,74,12.294370029230551
2,75,11.797753675083623
2,76,8.70691363065271
2,77,10.227496472354247
3,1,5.408029155665452
3,2,3.877318698886836
3,4,3.8632152337478476
3,5,5.623303918522493
3,6,5.2514321653897476
3,7,6.066889242497919
3,8,8.867069990220184
3,9,9.950486587601564
3,10,10.38498692845656
3,11,12.088627036311168
3,12,14.327365575185585
3,13,15.27137177057257
3,14,15.97500407795458
3,15,18.10338725572566
3,16,19.702960747876585
3,17,20.9172351296289
3,18,21.989698482029432
3,19,24.157244753482573
3,20,25.2780043337891
3,21,26.69093835636136
3,22,28.41269108746825
3,23,26.28051574735475
3,24,27.886868715789298
3,25,26.33924409934726
3,26,22.977936304253333
3,27,24.957077192821078
3,28,24.947225654893213
3,29,21.1260051525875
3,30,20.710498882013155
3,31,23.68589126240398
3,32,22.135391094554514
3,33,18.94187797709972
3,34,21.396541998142506
3,35,23.577259937862983
3,36,21.00306082300352
3,37,19.189913989319916
3,38,22.534228844303268
3,39,21.230652307758696
3,40,22.259994393012036
3,41,21.211862099994743
3,42,19.567464692027855
3,43,20.637597189200967
3,44,24.294577921658643
3,45,25.44772231819267
3,46,25.851574419260437
3,47,27.573245730550347
3,48,30.639325105867737
3,49,29.21525207114029
3,50,26.717083674530596
3,51,29.01757887888076
3,52,30.552715701893916
3,53,27.314893499305853
3,54,26.419432734625765
3,55,27.280519946430907
3,56,31.14951646550101
3,57,32.923608830369204
3,58,36.73696863044998
3,59,37.487021327075716
3,60,38.711674465849796
3,61,38.044719878080656
3,62,35.00516110411941
3,63,32.21384186659488
3,64,28.772009081379466
3,65,25.935489298317304
3,66,22.112920038888447
3,67,19.873091632183996
3,68,17.000829146779456
3,69,14.203390366252037
3,70,15.684322609228833
3,71,16.058856514238332
3,72,12.499008576658234
3,73,11.525827069613769
3,74,14.722174297922615
3,75,13.606064625365804
3,76,11.051000244440946
3,77,13.399559123816607
4,1,5.257555641217852
4,2,5.548144779432479
4,3,3.8632152337478476
4,5,3.8921963628454916
4,6,5.376517355903739
4,7,4.713439940448263
4,8,6.239145737097615
4,9,8.4934595184724
4,10,9.677841774939226
4,11,10.263434044370605
4,12,12.299914852352595
4,13,14.15337505864185
4,14,14.933497115363638
4,15,16.304823396604036
4,16,18.003847900117716
4,17,19.81446591660642
4,18,20.60111036646152
4,19,22.34718953910941
4,20,23.87868241186065
4,21,25.51693385477097
4,22,26.780053109082083
4,23,24.479803368823404
4,24,25.647509936698835
4,25,23.82856608201663
4,26,20.511876268208606
4,27,22.27655116048113
4,28,21.86449741538243
4,29,18.007407448147617
4,30,17.84497084142479
4,31,20.571691723507325
4,32,18.690935636056505
4,33,15.63712656612599
4,34,18.35747600691566
4,35,20.23614078786631
4,36,17.487115394018552
4,37,16.0275741108801
4,38,19.574207851426397
4,39,18.659597181560258
4,40,19.939294192587315
4,41,19.37824728571652
4,42,18.367666322236772
4,43,19.911770005474565
4,44,23.666124714196794
4,45,24.24443617660655
4,46,24.23548047740557
4,47,26.110626363631177
4,48,28.912280142238085
4,49,27.361150857349177
4,50,24.563336473425732
4,51,26.747363798764287
4,52,27.940642328615183
4,53,24.501168686189047
4,54,23.71151338555581
4,55,24.300525263579157
4,56,28.1380524993999
4,57,30.029222683658382
4,58,33.78741219374459
4,59,34.810335279170594
4,60,36.278771619373984
4,61,35.85330167261522
4,62,33.04190101161323
4,63,30.176987153575475
4,64,26.910564190611378
4,65,23.95318754756037
4,66,20.163149401613676
4,67,18.16290279178686
4,68,14.883658221985922
4,69,12.777788342493118
4,70,14.31495387405592
4,71,13.82610089202183
4,72,10.054568425261348
4,73,9.939492278426862
4,74,12.713633672539542
4,75,10.838998452725741
4,76,8.896258324755358
4,77,12.057105147917714
5,1,6.396252424751773
5,2,5.188328916850339
5,3,5.623303918522493
5,4,3.8921963628454916
5,6,3.886349170107419
5,7,5.521970528542266
5,8,5.411140831797706
5,9,6.06942232280772
5,10,8.48578423127674
5,11,9.73402360818212
5,12,10.635933412330731
5,13,12.241764315559635
5,14,13.97837597288053
5,15,15.44108093734112
5,16,16.32546516845527
5,17,18.320854791825685
5,18,19.743628571790428
5,19,21.14266855774818
5,20,22.230424856170597
5,21,24.313821285433242
5,22,25.753123716522047
5,23,23.925522365710712
5,24,24.976278917472197
5,25,23.616414857965815
5,26,20.002159733599452
5,27,21.267530946988938
5,28,21.216252040897867
5,29,17.50352760347078
5,30,16.53397126126499
5,31,19.135527678531062
5,32,17.66633716887582
5,33,14.159555145532197
5,34,16.23005857913952
5,35,18.39357111055649
5,36,15.930159735387859
5,37,13.746197886375123
5,38,16.9818727818737
5,39,15.729064184416488
5,40,17.077912634511293
5,41,16.506075943705973
5,42,15.210366440365048
5,43,16.400368080883954
5,44,20.21055727676527
5,45,20.864377345687238
5,46,21.193687208257987
5,47,23.34862884239232
5,48,26.354986691885877
5,49,25.22153737650002
5,50,22.364137377507955
5,51,24.252122165776868
5,52,25.811054847926016
5,53,22.518159260496457
5,54,21.2595317263654
5,55,21.91310702676456
5,56,25.775933436091737
5,57,27.391621473233272
5,58,31.204585681340177
5,59,31.910481132658305
5,60,33.21136441494371
5,61,32.55194307526586
5,62,29.60705186659071
5,63,26.738346316535424
5,64,23.35898499534101
5,65,20.499364904928207
5,66,16.669298120055267
5,67,14.68636775801886
5,68,11.710320332128445
5,69,9.247711268325734
5,70,10.520918980880438
5,71,10.471137064877471
5,72,6.883585958234007
5,73,6.324981447010357
5,74,9.59122663530248
5,75,8.64229747882398
5,76,7.101697333247055
5,77,9.67472976219474
6,1,8.819217001288171
6,2,6.353885795436416
6,3,5.2514321653897476
6,4,5.376517355903739
6,5,3.886349170107419
6,7,3.8955879368131767
6,8,5.523135635752469
6,9,4.991322377580676
6,10,5.74753725926466
6,11,8.174655702854961
6,12,9.703105367192483
6,13,10.250589737342933
6,14,11.575560109952818
6,15,13.847286268925522
6,16,14.886163848435784
6,17,16.148059136173533
6,18,17.685676106392332
6,19,19.63781251243003
6,20,20.428639530937218
6,21,22.132040631822047
6,22,23.993168518718562
6,23,22.261880929543512
6,24,23.85894779263696
6,25,22.804785106428202
6,26,19.184067280377462
6,27,20.890281423634068
6,28,21.414658237608098
6,29,17.775439603749067
6,30,16.66710755752938
6,31,19.799575075234607
6,32,18.901884196472018
6,33,15.475043150551992
6,34,17.45616322353807
6,35,20.1750351451004
6,36,18.234075731500827
6,37,16.075872896785015
6,38,18.992892542706887
6,39,17.069004397097263
6,40,17.592118245259584
6,41,16.17718665542538
6,42,14.397764604866369
6,43,15.651952435398554
6,44,19.259296316559826
6,45,20.370238612748402
6,46,20.7290764471048
6,47,22.362804666126756
6,48,25.498286161544208
6,49,24.208811973774836
6,50,21.81667128790375
6,51,24.133721760941704
6,52,25.929179593445788
6,53,22.925153556958097
6,54,21.96613981350909
6,55,23.251445064993263
6,56,27.112785150877897
6,57,28.945403404162324
6,58,32.799717566542135
6,59,33.36900974405011
6,60,34.2982186713972
6,61,33.68572681318066
6,62,30.55182268193106
6,63,28.02702401390151
6,64,24.6903391424057
6,65,21.627507777962368
6,66,17.91045209315625
6,67,15.224254350124138
6,68,12.471080635757868
6,69,9.50951138362435
6,70,11.733179758262045
6,71,12.541845485075545
6,72,9.110767630125956
6,73,8.924428450750385
6,74,12.642032252251159
6,75,12.206295581983118
6,76,10.916800124831253
6,77,13.08002618098311
7,1,9.747125493328145
7,2,8.610528360764393
7,3,6.066889242497919
7,4,4.713439940448263
7,5,5.521970528542266
7,6,3.8955879368131767
7,8,3.895583243952459
7,9,5.793135841406135
7,10,5.417471699866346
7,11,6.1062951402054555
7,12,8.848940521274182
7,13,10.207259849929521
7,14,10.420538476100823
7,15,12.156041139654198
7,16,14.11647907330898
7,17,15.492300689166692
7,18,16.186544668533447
7,19,18.2825333407236
7,20,19.734702700334314
7,21,21.085580017057797
7,22,22.534682642546873
7,23,20.28254616766377
7,24,21.83228252191492
7,25,20.30700531935621
7,26,16.94236312066384
7,27,19.079818431700524
7,28,19.253198055692067
7,29,15.497694121265209
7,30,15.161239375533325
7,31,18.435897058693264
7,32,17.237961043138068
7,33,14.285469328044007
7,34,16.941611062447286
7,35,19.460682237373994
7,36,17.437449248667036
7,37,16.065291381351464
7,38,19.249415207250806
7,39,17.635638011304874
7,40,18.01287160993212
7,41,16.763425398040063
7,42,15.7243362411448
7,43,17.746086799797105
7,44,21.257192019191343
7,45,21.893306135251976
7,46,21.57805496228697
7,47,22.905127005203063
7,48,25.645525998792298
7,49,23.82180609159042
7,50,21.401635001983408
7,51,24.03236709220772
7,52,25.318634784621764
7,53,22.141846418001677
7,54,21.780692122138767
7,55,23.053918121570444
7,56,26.876586029852405
7,57,29.12235134899691
7,58,32.912875111066526
7,59,33.90155025790002
7,60,35.01438687013413
7,61,34.81828406191905
7,62,31.91517059751233
7,63,29.465559782493322
7,64,26.388577884115573
7,65,23.063104541617232
7,66,19.447366187476586
7,67,16.74413929723403
7,68,13.443188108988966
7,69,11.36185812235573
7,70,14.037057169571327
7,71,13.96498342672721
7,72,10.199190841583045
7,73,11.157646823183278
7,74,14.43148279710313
7,75,13.023627135194031
7,76,12.153702286096436
7,77,15.122803525236524
8,1,10.926732746660958
8,2,10.203626880052234
8,3,8.867069990220184
8,4,6.239145737097615
8,5,5.411140831797706
8,6,5.523135635752469
8,7,3.895583243952459
8,9,3.8854079271088526
8,10,5.478715150069655
8,11,4.767935257475371
8,12,6.149483620676196
8,13,8.659776719401066
8,14,9.675224672685255
8,15,10.438882107462339
8,16,11.920196539601081
8,17,14.142709620368638
8,18,14.948336902792684
8,19,16.295324181639913
8,20,17.90855138821345
8,21,19.802110135726267
8,22,20.867271334837277
8,23,18.766246708288225
8,24,19.74865201620977
8,25,18.24901285641298
8,26,14.695005062403023
8,27,16.2512868031799
8,28,16.254782889373814
8,29,12.503318458055366
8,30,11.84789634134085
8,31,14.874664079227209
8,32,13.634549216281961
8,33,10.482051101848349
8,34,13.091308653271415
8,35,15.581825605746142
8,36,13.656779396156148
8,37,12.285598494601924
8,38,15.433838630362613
8,39,13.941369644196447
8,40,14.50305968779922
8,41,13.731321161620576
8,42,13.281564036573478
8,43,15.642279960764313
8,44,19.20320285924344
8,45,19.279028920441185
8,46,18.693009331255393
8,47,20.3210526099434
8,48,22.90350751733175
8,49,21.189277926807215
8,50,18.401084972559765
8,51,20.765098330603532
8,52,21.92400062827807
8,53,18.60377845857244
8,54,18.105875364694025
8,55,19.20855722603527
8,56,23.035233343770752
8,57,25.28182976565389
8,58,29.05842280210485
8,59,30.133811727650038
8,60,31.36835522592835
8,61,31.289472430712
8,62,28.535384874931804
8,63,26.051792303132764
8,64,23.125812454418945
8,65,19.719896724630534
8,66,16.181295292323693
8,67,13.682105279813314
8,68,10.09290345144776
8,69,8.78772701987502
8,70,11.51527921609004
8,71,10.786778267434329
8,72,7.098987513823294
8,73,9.169395069144832
8,74,11.988138840410498
8,75,10.47310852686155
8,76,10.72074992995993
8,77,13.764485314841657
9,1,12.407214849922848
9,2,10.559663985071472
9,3,9.950486587601564
9,4,8.4934595184724
9,5,6.06942232280772
9,6,4.991322377580676
9,7,5.793135841406135
9,8,3.8854079271088526
9,10,3.8730022892491522
9,11,5.347590410156178
9,12,5.11225119298954
9,13,6.210335572937926
9,14,8.484697906193212
9,15,10.036469259979135
9,16,10.420969807058643
9,17,12.346742407403198
9,18,14.107683495177298
9,19,15.416003648200261
9,20,16.216074180646995
9,21,18.40812307823719
9,22,20.00256776998843
9,23,18.551504290803532
9,24,19.769959585701166
9,25,19.017319326191707
9,26,15.213541534183825
9,27,16.425944978753304
9,28,17.218633902880452
9,29,13.824600773220384
9,30,12.099533823258726
9,31,15.210021486104495
9,32,14.829593686855134
9,33,11.326727443390718
9,34,12.906211596259624
9,35,15.996092112604854
9,36,14.699291079228788
9,37,12.518718138993108
9,38,15.009614778882824
9,39,12.69379340704947
9,40,12.783172142488022
9,41,11.33973266777871
9,42,10.064921674072968
9,43,12.08433791523036
9,44,15.657526760047705
9,45,16.163629244417425
9,46,16.06388577035373
9,47,17.735883178427777
9,48,20.72317786511218
9,49,19.44255641075296
9,50,16.886870351133407
9,51,19.157843461323278
9,52,20.952218161924492
9,53,18.018109144716487
9,54,17.09109015427782
9,55,18.640781761475456
9,56,22.464833110849195
9,57,24.459238934402393
9,58,28.30412970486836
9,59,28.913658539754856
9,60,29.746984571571698
9,61,29.381776436996933
9,62,26.343227753504323
9,63,24.033879926170975
9,64,20.972458450729555
9,65,17.591519236517154
9,66,14.067875235730334
9,67,11.079625580651786
9,68,8.058115002861742
9,69,5.784063135723073
9,70,9.044384767675497
9,71,9.511778718738302
9,72,6.465984789653589
9,73,8.124349043377052
9,74,11.437982595900108
9,75,11.222811011789494
9,76,11.59970518283524
9,77,13.74428178367063
10,1,14.194147083716935
10,2,12.095222763518784
10,3,10.38498692845656
10,4,9.677841774939226
10,5,8.48578423127674
10,6,5.74753725926466
10,7,5.417471699866346
10,8,5.478715150069655
10,9,3.8730022892491522
10,11,3.8697572654558976
10,12,5.511971188136622
10,13,5.135860927352309
10,14,5.835070051941729
10,15,8.470110916211013
10,16,9.669712120786183
10,17,10.538824201859285
10,18,11.984152368603814
10,19,14.158620186720626
10,20,14.938813522875797
10,21,16.421046186458472
10,22,18.348506557114007
10,23,16.72596299040796
10,24,18.604532909066496
10,25,17.958551355301847
10,26,14.342048726556007
10,27,16.312421508826365
10,28,17.517162050916358
10,29,14.231560831786318
10,30,12.890260938398125
10,31,16.497378023517513
10,32,16.463278268476067
10,33,13.45311203621692
10,34,15.252539950353674
10,35,18.52674591233993
10,36,17.531784453127226
10,37,15.809553226234534
10,38,18.167632769290286
10,39,15.636192848240093
10,40,14.967226453102386
10,41,12.813242805305052
10,42,11.416295863047644
10,43,13.676192914908263
10,44,16.813858559506556
10,45,17.624439116980344
10,46,17.275640315840235
10,47,18.153077006073193
10,48,21.036544852971158
10,49,19.317606538568317
10,50,17.347274585430874
10,51,20.199201719710004
10,52,21.94311948221746
10,53,19.28256894135545
10,54,18.975856609387403
10,55,21.015279312461708
10,56,24.727458943662917
10,57,27.03653839738683
10,58,30.826357937180195
10,59,31.491096609903508
10,60,32.08234425636593
10,61,31.912981263330067
10,62,28.842925773185343
10,63,26.87400219172989
10,64,23.9810875396156
10,65,20.468843506826655
10,66,17.192289776993942
10,67,13.826102338940062
10,68,11.079411732807046
10,69,8.976384606082922
10,70,12.53170996697746
10,71,13.269369055441866
10,72,10.301509149119402
10,73,11.843823082183597
10,74,15.281268803533697
10,75,14.884182158674339
10,76,14.944702646087348
10,77,17.24921636306956
11,1,15.278877049324748
11,2,14.071298998892066
11,3,12.088627036311168
11,4,10.263434044370605
11,5,9.73402360818212
11,6,8.174655702854961
11,7,6.1062951402054555
11,8,4.767935257475371
11,9,5.347590410156178
11,10,3.8697572654558976
11,12,3.859327700002787
11,13,5.6583743486644265
11,14,5.211235934989732
11,15,6.079719574726262
11,16,8.317196414578538
11,17,9.977281737608415
11,18,10.366401905643578
11,19,12.202510371065989
11,20,13.921098812403569
11,21,15.356308015427462
11,22,16.530941732182708
11,23,14.368748088005985
11,24,15.843528601636844
11,25,14.670877683256677
11,26,11.1264352036579
11,27,13.309131095604894
11,28,14.088077082857774
11,29,10.667875015812655
11,30,9.974279510018933
11,31,13.661423414739838
11,32,13.381686079122877
11,33,10.866946622149484
11,34,13.24666627179172
11,35,16.267746906667004
11,36,15.328710083978503
11,37,14.391247928480754
11,38,16.878493371463676
11,39,14.775197483846432
11,40,14.093094172218729
11,41,12.474298021801623
11,42,12.259123290886185
11,43,15.255916074172017
11,44,18.283761659114973
11,45,18.313215048319126
11,46,17.183737267884272
11,47,17.950153085618012
11,48,20.289063475917374
11,49,18.08325243681161
11,50,15.85097931232256
11,51,18.85500578929721
11,52,19.974490046281048
11,53,17.056818503266612
11,54,17.309139311713714
11,55,19.21855502121787
11,56,22.855392671800555
11,57,25.531757021191826
11,58,29.22525050541286
11,59,30.325830468359946
11,60,31.173245805537636
11,61,31.43461141476566
11,62,28.684725366676336
11,63,26.74471827736224
11,64,24.17182894036823
11,65,20.47081046066064
11,66,17.371552829539848
11,67,14.261630516689614
11,68,10.9893899715169
11,69,10.163175283958841
11,70,13.746590100253975
11,71,13.441687724847142
11,72,10.427505476289129
11,73,12.966789184104274
11,74,15.821117689566565
11,75,14.686135117092446
11,76,15.375629239621073
11,77,18.203917452198674
12,1,16.788845169586974
12,2,15.444235392302057
12,3,14.327365575185585
12,4,12.299914852352595
12,5,10.635933412330731
12,6,9.703105367192483
12,7,8.848940521274182
12,8,6.149483620676196
12,9,5.11225119298954
12,10,5.511971188136622
12,11,3.859327700002787
12,13,3.8749071853656014
12,14,5.598265753910059
12,15,5.4476800936774605
12,16,5.843750956640028
12,17,8.564900636023136
12,18,9.794066757501298
12,19,10.564372509741291
12,20,11.908635954400236
12,21,14.20567136832269
12,22,15.27473415089474
12,23,13.775113757581193
12,24,14.713559066498911
12,25,14.110032043620448
12,26,10.24859906861355
12,27,11.394162670161883
12,28,12.565984212775462
12,29,9.510315501675434
12,30,7.514421266415028
12,31,11.04415799521305
12,32,11.412673083127965
12,33,8.563003744797161
12,34,10.094003897400249
12,35,13.514156517982872
12,36,13.182074735516178
12,37,11.877046768102227
12,38,13.780301927571012
12,39,11.281131669575448
12,40,10.279976945751114
12,41,8.662568513759194
12,42,8.853944247220188
12,43,12.155115957954774
12,44,15.10229772528041
12,45,14.72019879312111
12,46,13.466717898501205
12,47,14.543792239676222
12,48,16.95967182220863
12,49,15.101935757633647
12,50,12.553046891039168
12,51,15.288194103046795
12,52,16.683675128967863
12,53,13.832886809230244
12,54,13.718359456194017
12,55,15.813895906042042
12,56,19.449819533402618
12,57,22.00852869444877
12,58,25.726289233942673
12,59,26.65087933828791
12,60,27.3828434036297
12,61,27.61368014696887
12,62,24.858108776250255
12,63,23.014233747497425
12,64,20.565356231876265
12,65,16.802634718648992
12,66,13.909361950235416
12,67,10.744950638762814
12,68,7.638031474450432
12,69,7.623765006226485
12,70,11.285599549700821
12,71,10.95618719404346
12,72,8.809030114517252
12,73,11.841722640641033
12,74,14.277251585210506
12,75,13.717640338096597
12,76,15.193945913903221
12,77,17.55818784570908
13,1,18.482574992882032
13,2,16.397830310155953
13,3,15.27137177057257
13,4,14.15337505864185
13,5,12.241764315559635
13,6,10.250589737342933
13,7,10.207259849929521
13,8,8.659776719401066
13,9,6.210335572937926
13,10,5.135860927352309
13,11,5.6583743486644265
13,12,3.8749071853656014
13,14,3.8792970608136943
13,15,5.753422322359007
13,16,5.080629428878444
13,17,6.2149160839698565
13,18,8.626651683289593
13,19,10.041139260999861
13,20,10.236390410884647
13,21,12.363309577074473
13,22,14.345343029623697
13,23,13.500217469577837
13,24,15.171332933704953
13,25,15.39878434415298
13,26,11.666841226995409
13,27,12.94840358616368
13,28,15.012206985061619
13,29,12.492989006756064
13,30,10.12606035213065
13,31,13.642152525111163
13,32,14.747162922677926
13,33,12.032320604013957
13,34,12.792764918509782
13,35,16.507093041051345
13,36,16.60089076255632
13,37,14.888460677267316
13,38,16.265978323387074
13,39,13.14043647198492
13,40,11.37400648650382
13,41,8.537280454976788
13,42,7.5161384246442555
13,43,10.535827061973983
13,44,13.090415887276869
13,45,13.448868902988858
13,46,12.625942027089124
13,47,13.114223992990416
13,48,15.943822830151932
13,49,14.299836763983153
13,50,12.558698175550251
13,51,15.518550763421212
13,52,17.54300411657269
13,53,15.382128674558507
13,54,15.191422770128028
13,55,17.85779408795006
13,56,21.31717213861343
13,57,23.713033158508896
13,58,27.397382428513858
13,59,27.894001386389107
13,60,28.11044171011157
13,61,28.138101918681926
13,62,25.106883624613438
13,63,23.626780199352865
13,64,21.14766467720137
13,65,17.468126774877597
13,66,14.801173518609007
13,67,11.119432620843673
13,68,9.076847984303528
13,69,8.16120059916859
13,70,12.014847421209062
13,71,12.852688070809958
13,72,11.107033280576227
13,73,13.404414880715223
13,74,16.26230698874013
13,75,16.413788820034547
13,76,17.513883602739966
13,77,19.41382216585161
14,1,19.77533555260229
14,2,17.909574808363995
14,3,15.97500407795458
14,4,14.933497115363638
14,5,13.97837597288053
14,6,11.575560109952818
14,7,10.420538476100823
14,8,9.675224672685255
14,9,8.484697906193212
14,10,5.835070051941729
14,11,5.211235934989732
14,12,5.598265753910059
14,13,3.8792970608136943
14,15,3.878640759859533
14,16,5.5262285524848895
14,17,5.302012176137164
14,18,6.201759787817814
14,19,8.849216355553144
14,20,9.74336610644468
14,21,10.72234431272349
14,22,12.65914835748159
14,23,11.162443586283914
14,24,13.479321801824124
14,25,13.473344042961186
14,26,10.112858340905063
14,27,12.432670915905343
14,28,14.536293259953885
14,29,12.106603204911151
14,30,10.714637575262804
14,31,14.526153619300848
14,32,15.55480978292567
14,33,13.505338349370241
14,34,14.895084983267283
14,35,18.39503847251333
14,36,18.462575153019287
14,37,17.413045374896683
14,38,19.0209049866694
14,39,16.196836948277156
14,40,14.282550565554656
14,41,11.57307834782855
14,42,11.106554414855877
14,43,14.20968860893671
14,44,16.396699607893495
14,45,16.677486757089607
14,46,15.370393231127826
14,47,15.103386026075029
14,48,17.385175711092323
14,49,15.016761504491148
14,50,13.78514199331365
14,51,17.260584689666906
14,52,18.758980886035253
14,53,16.68813799946422
14,54,17.323247480622822
14,55,20.08857876769956
14,56,23.402251638736104
14,57,26.177936681503734
14,58,29.744467675225973
14,59,30.54310939872425
14,60,30.78057619865617
14,61,31.14546138803261
14,62,28.28525950549374
14,63,26.978281474063515
14,64,24.705921151651076
14,65,20.94624753151118
14,66,18.403475049103648
14,67,14.812134874257813
14,68,12.515318359178703
14,69,11.809079172963296
14,70,15.685607417224144
14,71,16.167939708988076
14,72,13.961833654907029
14,73,16.394560937249995
14,74,19.338930094383073
14,75,18.92050827322322
14,76,19.814631088494927
14,77,22.167601240652047
15,1,21.26012247532111
15,2,19.949054807584393
15,3,18.10338725572566
15,4,16.304823396604036
15,5,15.44108093734112
15,6,13.847286268925522
15,7,12.156041139654198
15,8,10.438882107462339
15,9,10.036469259979135
15,10,8.470110916211013
15,11,6.079719574726262
15,12,5.4476800936774605
15,13,5.753422322359007
15,14,3.878640759859533
15,16,3.880119228328462
15,17,5.37496662956423
15,18,4.712541532624561
15,19,6.1783400221284985
15,20,8.396410319840808
15,21,9.700414188894108
15,22,10.477887377976193
15,23,8.534965000363819
15,24,10.135157325737211
15,25,9.858378410112833
15,26,6.301829495364955
15,27,8.641806629151382
15,28,10.722039334595582
15,29,8.606355014795126
15,30,7.456414691658939
15,31,11.223123368908864
15,32,12.477561861480883
15,33,11.14604136644162
15,34,12.592569176932502
15,35,15.85187119603588
15,36,16.317316610723
15,37,15.942063747288664
15,38,17.32652851901133
15,39,14.859672990090388
15,40,12.79963068713525
15,41,10.717535216128235
15,42,11.570996095829614
15,43,15.203377909848184
15,44,17.221750408286205
15,45,16.62109557863908
15,46,14.515742428697475
15,47,14.186295595090128
15,48,15.7883868070721
15,49,12.955907171655912
15,50,11.390729689178443
15,51,14.973144056455457
15,52,15.835354582925262
15,53,13.625754503898452
15,54,14.864553791652451
15,55,17.5897485223947
15,56,20.712129156255152
15,57,23.80126732405273
15,58,27.221033267500946
15,59,28.377456022050144
15,60,28.80401897563988
15,61,29.58943469215923
15,62,27.07469253253425
15,63,25.86307588446214
15,64,23.979071461538364
15,65,20.116219684612666
15,66,17.90107000620839
15,67,14.669947988667351
15,68,12.184860946494288
15,69,12.667997107691376
15,70,16.38493210136596
15,71,16.073440166482495
15,72,14.182499026912684
15,73,17.28622477037004
15,74,19.646517390976303
15,75,18.86360825630917
15,76,20.388174006568494
15,77,22.94862401773986
16,1,22.553178543168926
16,2,20.927413020335564
16,3,19.702960747876585
16,4,18.003847900117716
16,5,16.32546516845527
16,6,14.886163848435784
16,7,14.11647907330898
16,8,11.920196539601081
16,9,10.420969807058643
16,10,9.669712120786183
16,11,8.317196414578538
16,12,5.843750956640028
16,13,5.080629428878444
16,14,5.5262285524848895
16,15,3.880119228328462
16,17,3.864494893698879
16,18,5.498143414010878
16,19,5.286170711582625
16,20,6.091239803942049
16,21,8.767757054184479
16,22,9.895726517953898
16,23,9.377458675373937
16,24,10.491559478587117
16,25,11.32226424767232
16,26,7.781654298156567
16,27,8.480281329429456
16,28,11.301800063016454
16,29,9.863090491020715
16,30,7.210990546260994
16,31,10.481408248978836
16,32,12.616915453348595
16,33,11.024349281860477
16,34,11.23891611468076
16,35,14.860850674864649
16,36,15.971543488186786
16,37,15.088603845322199
16,38,15.707569241749674
16,39,12.721848256512777
16,40,9.994290043285648
16,41,7.368390791770338
16,42,8.425761989603023
16,43,12.131873656590757
16,44,13.734354011867184
16,45,12.915888495446358
16,46,10.726245834508818
16,47,10.356805166961644
16,48,12.250687946814697
16,49,9.8655547614743
16,50,8.265970624886982
16,51,11.767071704898154
16,52,13.311687030117598
16,53,11.548156599934751
16,54,12.324196829005698
16,55,15.487022269109742
16,56,18.492451990900875
16,57,21.33962849615153
16,58,24.75831216619563
16,59,25.535750310722303
16,60,25.63482541106134
16,61,26.283164698831765
16,62,23.654049015627034
16,63,22.690851465296653
16,64,20.941863499401457
16,65,17.124470498756843
16,66,15.300716748332365
16,67,11.987252021550596
16,68,10.323785812997581
16,69,11.216771564542094
16,70,14.741400959312225
16,71,14.808540925646858
16,72,13.784801355161049
16,73,16.82440272390698
16,74,18.945828515945404
16,75,18.848273366720314
16,76,20.727666604141344
16,77,22.755253489109677
17,1,24.452634918618838
17,2,22.434192753779183
17,3,20.9172351296289
17,4,19.81446591660642
17,5,18.320854791825685
17,6,16.148059136173533
17,7,15.492300689166692
17,8,14.142709620368638
17,9,12.346742407403198
17,10,10.538824201859285
17,11,9.977281737608415
17,12,8.564900636023136
17,13,6.2149160839698565
17,14,5.302012176137164
17,15,5.37496662956423
17,16,3.864494893698879
17,18,3.8632552501891415
17,19,5.38417256725631
17,20,4.658104048584142
17,21,6.171774655213679
17,22,8.636525658044764
17,23,8.689653695782383
17,24,10.990485583608233
17,25,12.488634476163762
17,26,9.588350694956516
17,27,10.933516292125377
17,28,14.149373793729984
17,29,13.013104014048363
17,30,10.844235615830055
17,31,14.057132955188504
17,32,16.307631165794348
17,33,14.839186324538975
17,34,15.065359857314121
17,35,18.695165315740372
17,36,19.8201118818508
17,37,18.825815812992158
17,38,19.405465250174135
17,39,16.214822248405753
17,40,13.256305178756016
17,41,10.06497955529105
17,42,10.152447325575192
17,43,13.32493981776922
17,44,14.339738863337155
17,45,14.22567774732685
17,46,12.38734213160562
17,47,11.012138352777319
17,48,12.902258720565529
17,49,10.451744263683665
17,50,10.266694455701234
17,51,13.917692018856686
17,52,15.684585314829713
17,53,14.624277181612392
17,54,15.576071310010411
17,55,18.98159799773315
17,56,21.76376453900829
17,57,24.550255897244938
17,58,27.851610030230464
17,59,28.399646306433286
17,60,28.09945054525651
17,61,28.687470533961488
17,62,25.931275584106135
17,63,25.313529024097196
17,64,23.596595452603818
17,65,19.9033440737904
17,66,18.21995321071161
17,67,14.66731260644153
17,68,13.458056019810023
17,69,13.619108928361438
17,70,17.253464730607412
17,71,17.932060942923478
17,72,16.752999818901817
17,73,19.384148116282343
17,74,21.902279622258593
17,75,21.995136284257757
17,76,23.480186198646912
17,77,25.426802512924695
18,1,25.580020534226353
18,2,23.974066880580693
18,3,21.989698482029432
18,4,20.60111036646152
18,5,19.743628571790428
18,6,17.685676106392332
18,7,16.186544668533447
18,8,14.948336902792684
18,9,14.107683495177298
18,10,11.984152368603814
18,11,10.366401905643578
18,12,9.794066757501298
18,13,8.626651683289593
18,14,6.201759787817814
18,15,4.712541532624561
18,16,5.498143414010878
18,17,3.8632552501891415
18,19,3.8735847932007554
18,20,5.49654562266028
18,21,5.273157711768495
18,22,6.565567628841009
18,23,5.296326683901115
18,24,8.17542159576249
18,25,9.367292546027324
18,26,7.084968170198514
18,27,9.373768182477965
18,28,12.431333585805202
18,29,11.624867225576667
18,30,10.528001615305739
18,31,13.729034790606427
18,32,15.801520239631515
18,33,15.08883558793409
18,34,15.89371375936626
18,35,19.145073081609567
18,36,20.243237000911677
18,37,19.960283529301094
18,38,20.77014143179222
18,39,18.046723217483535
18,40,15.24785566669158
18,41,12.664202741854535
18,42,13.467118560669237
18,43,16.896466554269562
18,44,18.002987993692116
18,45,17.490840652827075
18,46,15.136804324405457
18,47,13.576161432508053
18,48,14.603265707645692
18,49,11.381393684261138
18,50,11.298500406780786
18,51,15.181298601387617
18,52,16.04989587953732
18,53,14.889454871068397
18,54,16.67321667344349
18,55,19.913645104939466
18,56,22.530012811195835
18,57,25.704266863332002
18,58,28.851074823703673
18,59,29.849850335874923
18,60,29.77671626061246
18,61,30.782320138987902
18,62,28.334833296722312
18,63,27.732290701742986
18,64,26.230874732922857
18,65,22.44482296528012
18,66,20.784988504518598
18,67,17.450551825525114
18,68,15.719934427137728
18,69,16.230935769529435
18,70,19.938645675700634
18,71,20.035013511735123
18,72,18.513357498867524
18,73,21.47702902790349
18,74,23.891509092489184
18,75,23.399978821991798
18,76,24.938985659364924
18,77,27.322482328009702
19,1,27.171843018594856
19,2,25.763903373416266
19,3,24.157244753482573
19,4,22.34718953910941
19,5,21.14266855774818
19,6,19.63781251243003
19,7,18.2825333407236
19,8,16.295324181639913
19,9,15.416003648200261
19,10,14.158620186720626
19,11,12.202510371065989
19,12,10.564372509741291
19,13,10.041139260999861
19,14,8.849216355553144
19,15,6.1783400221284985
19,16,5.286170711582625
19,17,5.38417256725631
19,18,3.8735847932007554
19,20,3.867883478815719
19,21,5.280948193015134
19,22,4.816175145570754
19,23,4.65053647128209
19,24,5.770671396153088
19,25,7.873599522016482
19,26,5.779724470494871
19,27,6.524344135409222
19,28,10.162494486399495
19,29,10.345383386156737
19,30,8.788082672905881
19,31,11.227921403318538
19,32,13.976287508792433
19,33,13.810823700546267
19,34,13.93904127562729
19,35,16.98527892983182
19,36,18.72796187639481
19,37,18.707764604694095
19,38,18.912957967711236
19,39,16.33981779847931
19,40,13.241671648198535
19,41,11.144634254247835
19,42,12.919225090300218
19,43,16.49549165975742
19,44,17.24378769534442
19,45,15.958926804635933
19,46,12.993356197204449
19,47,11.289732357259428
19,48,11.595602691187446
19,49,8.060646652513858
19,50,7.943520403693503
19,51,11.810229642096681
19,52,12.347200046439749
19,53,11.548792064334783
19,54,13.713880234347142
19,55,17.074825865889967
19,56,19.32116040434817
19,57,22.581540636302424
19,58,25.529569171268193
19,59,26.61055151080545
19,60,26.50267473027424
19,61,27.796375982547275
19,62,25.627352377924105
19,63,25.267211828817352
19,64,24.19875010782921
19,65,20.47262464055816
19,66,19.34258086468329
19,67,16.402597265072522
19,68,15.02949475856775
19,69,16.409500951565395
19,70,19.792700148692617
19,71,19.534977208577594
19,72,18.64536716693954
19,73,21.91028874608263
19,74,23.795386683802903
19,75,23.398411160394595
19,76,25.481643678590693
19,77,27.714289886686572
20,1,28.472849636386375
20,2,26.610717657514964
20,3,25.2780043337891
20,4,23.87868241186065
20,5,22.230424856170597
20,6,20.428639530937218
20,7,19.734702700334314
20,8,17.90855138821345
20,9,16.216074180646995
20,10,14.938813522875797
20,11,13.921098812403569
20,12,11.908635954400236
20,13,10.236390410884647
20,14,9.74336610644468
20,15,8.396410319840808
20,16,6.091239803942049
20,17,4.658104048584142
20,18,5.49654562266028
20,19,3.867883478815719
20,21,3.871750891388806
20,22,5.485649808660863
20,23,7.3934200682708004
20,24,8.843431078035525
20,25,11.585770458172382
20,26,9.607735715637071
20,27,9.742246503612174
20,28,13.534946338817075
20,29,13.695998111205578
20,30,11.394552698679211
20,31,13.63633238615374
20,32,16.698877739102556
20,33,16.040200980679746
20,34,15.489918022741904
20,35,18.827836899057445
20,36,20.778854109171704
20,37,20.1603957671885
20,38,19.950846842316675
20,39,16.880414245970442
20,40,13.364109249744635
20,41,10.569863808760656
20,42,11.714943171501467
20,43,14.80827586763461
20,44,14.851944954767907
20,45,13.913686489312338
20,46,11.276206649353039
20,47,8.803930201858519
20,48,9.461570473706772
20,49,6.502040539712298
20,50,7.663297792536781
20,51,11.294688848325261
20,52,12.816235257311694
20,53,12.812337932053701
20,54,14.336767558953706
20,55,18.04192223134843
20,56,20.14297365676186
20,57,23.01725884677144
20,58,25.93071155201867
20,59,26.466191594516445
20,60,25.833837557745706
20,61,26.844757302376227
20,62,24.436440392547695
20,63,24.433531489637943
20,64,23.399569405022348
20,65,19.852725713021645
20,66,19.024103039272024
20,67,15.915657167064401
20,68,15.363280335472965
20,69,16.429213607485217
20,70,19.68344743910854
20,71,20.093904680370716
20,72,19.600771505754288
20,73,22.502384556221937
20,74,24.51021422940431
20,75,24.708033300791445
20,76,26.70425142226048
20,77,28.51293329167882
21,1,30.347081291313827
21,2,28.458898177595138
21,3,26.69093835636136
21,4,25.51693385477097
21,5,24.313821285433242
21,6,22.132040631822047
21,7,21.085580017057797
21,8,19.802110135726267
21,9,18.40812307823719
21,10,16.421046186458472
21,11,15.356308015427462
21,12,14.20567136832269
21,13,12.363309577074473
21,14,10.72234431272349
21,15,9.700414188894108
21,16,8.767757054184479
21,17,6.171774655213679
21,18,5.273157711768495
21,19,5.280948193015134
21,20,3.871750891388806
21,22,3.888317561669751
21,23,6.029283300003037
21,24,8.674616992262749
21,25,11.575211853252245
21,26,10.494681559330706
21,27,11.553652251169124
21,28,15.219359741181306
21,29,15.508369315029402
21,30,13.98583082033005
21,31,16.40341081645964
21,32,19.247715939210263
21,33,18.868293825906918
21,34,18.799819353708102
21,35,22.018210618223076
21,36,23.805497568823707
21,37,23.433123412906202
21,38,23.49731652162516
21,39,20.535720936317645
21,40,17.126619145327314
21,41,14.318234976188377
21,42,15.148815154296992
21,43,18.12479677215676
21,44,18.110613997063915
21,45,17.53806844440112
21,46,15.06211011768798
21,47,12.308425592513393
21,48,12.544106940566685
21,49,9.439839487065875
21,50,11.176373988415639
21,51,14.779287597470153
21,52,15.834790947343523
21,53,15.971513638290645
21,54,17.917122132610857
21,55,21.55105766316996
21,56,23.542389574382863
21,57,26.571898096394822
21,58,29.358304656779044
21,59,30.023341215396876
21,60,29.331984728270456
21,61,30.48758876626799
21,62,28.158160206078186
21,63,28.271163796170978
21,64,27.263865979751206
21,65,23.716825713708364
21,66,22.788458346879423
21,67,19.56686888069975
21,68,18.760658009277705
21,69,19.48961955747055
21,70,22.95590577163284
21,71,23.411452242105444
21,72,22.51066125817173
21,73,25.366778831012258
21,74,27.638129410164492
21,75,27.602108258450752
21,76,29.34447701391085
21,77,31.380769110178807
22,1,31.713142303408404
22,2,30.22702020843378
22,3,28.41269108746825
22,4,26.780053109082083
22,5,25.753123716522047
22,6,23.993168518718562
22,7,22.534682642546873
22,8,20.867271334837277
22,9,20.00256776998843
22,10,18.348506557114007
22,11,16.530941732182708
22,12,15.27473415089474
22,13,14.345343029623697
22,14,12.65914835748159
22,15,10.477887377976193
22,16,9.895726517953898
22,17,8.636525658044764
22,18,6.565567628841009
22,19,4.816175145570754
22,20,5.485649808660863
22,21,3.888317561669751
22,23,3.8697829067998266
22,24,5.353818732016901
22,25,8.821342458314488
22,26,8.814461168134384
22,27,9.412881264819474
22,28,12.954682578458199
22,29,14.087111057510906
22,30,13.107941499874121
22,31,14.911053075596127
22,32,17.86390974466783
22,33,18.267461683411852
22,34,18.21322355975704
22,35,20.965044768972298
22,36,23.029048323494138
22,37,23.258160227332755
22,38,23.16720380617222
22,39,20.65973237036888
22,40,17.32878635494363
22,41,15.225534106279326
22,42,16.91037251455717
22,43,20.189699184957608
22,44,20.248165297509924
22,45,18.9919507069852
22,46,15.931199920897056
22,47,13.27979720589578
22,48,12.53945786767539
22,49,8.873983448263767
22,50,10.518363345617637
22,51,13.991037409888587
22,52,14.094804704304101
22,53,14.402170545606912
22,54,17.04132147102517
22,55,20.481940529222936
22,56,22.10052660216957
22,57,25.3979936551937
22,58,27.920472330014505
22,59,28.979639422745336
22,60,28.493596577624377
22,61,30.108709305978298
22,62,28.192351421825666
22,63,28.38550286000419
22,64,27.744115148112936
22,65,24.189242531695953
22,66,23.51220677244247
22,67,20.66494226321343
22,68,19.660926755117774
