1,2,3.8091864767959973
1,3,6.307688281972329
1,4,9.89103774012136
1,5,13.047585346374843
1,6,16.60103035472276
1,7,18.10517843514451
1,8,21.3020410603864
1,9,22.815527416732788
1,10,26.240322252141098
1,11,27.22832604301217
1,12,30.52504591484298
1,13,33.6917874746432
1,14,33.085903716449856
1,15,30.026518082333677
1,16,27.642929361068422
1,17,24.38924120878032
1,18,21.981620760004215
1,19,18.693318588949293
1,20,16.010743380086325
1,21,12.36588302756017
1,22,10.357917013139195
1,23,6.867866003251855
1,24,6.314523102227636
1,25,5.80672205509563
1,26,8.654361001163913
1,27,10.617908169725414
1,28,11.820809303843129
1,29,11.755910306442805
1,30,15.141561377575886
1,31,14.49866959804306
1,32,11.998702352484642
1,33,12.943394219151683
1,34,12.722307929268055
1,35,14.233901982769336
1,36,15.641065727733144
1,37,16.706723405146594
1,38,19.581831638885873
1,39,19.906886764464197
1,40,23.537851530051675
1,41,25.1268871687732
1,42,23.54331021967956
1,43,23.26956231563699
1,44,20.34813865884542
1,45,21.310013102281363
1,46,19.934942343503494
1,47,20.757120566070032
1,48,20.053155245798468
1,49,17.950991859337186
1,50,18.076701892260846
1,51,16.84130698642438
1,52,16.70799654131721
1,53,18.171371472117016
1,54,18.52349506686876
1,55,22.239127708221204
1,56,23.180393686350836
1,57,23.031014230855
1,58,21.21763352577392
1,59,21.938147781384604
1,60,20.61352401476695
1,61,20.405985689286112
1,62,24.127427873589227
1,63,25.407706298104152
1,64,28.172925765639953
1,65,25.59339651610715
1,66,22.4524206733189
1,67,22.454175330542988
1,68,19.31755618623515
1,69,19.233117826076036
1,70,16.89300026254039
1,71,17.36834267600126
1,72,15.310942521324291
1,73,11.664564941356772
1,74,13.012273061121979
1,75,14.345440790225105
1,76,17.615075258577278
1,77,18.439111612350416
1,78,21.873574517077092
1,79,23.0433344597928
1,80,26.80376863773472
1,81,29.53126701081118
1,82,28.62933383523732
1,83,31.42901129237777
1,84,31.739699868630577
1,85,30.86233239565672
1,86,27.322506666777027
1,87,26.444574908510305
1,88,23.473873208560484
1,89,19.7267683468391
1,90,17.649240640936274
1,91,13.957603630397083
1,92,11.767041482624068
1,93,9.876203157458244
1,94,8.051620235492868
1,95,8.52662275911122
1,96,8.693266145755086
1,97,12.018261470528417
1,98,13.89102849359487
1,99,14.559251650861276
1,100,13.399579069448542
1,101,11.436950190002824
1,102,9.849032790695798
1,103,6.116812549346839
1,104,5.630666379709771
1,105,4.209669764908158
1,106,7.225931909433037
1,107,9.023173149650193
1,108,11.847739834564374
1,109,14.282732732045536
1,110,17.145347798513164
1,111,20.696873062621666
1,112,23.165982596319097
1,113,26.86572142722187
1,114,29.124793940118614
1,115,32.36078050464656
1,116,35.12535898223987
2,1,3.8091864767959973
2,3,3.817013780089816
2,4,6.645580376731717
2,5,10.170374981937641
2,6,13.467331481473789
2,7,15.001583354624755
2,8,18.367694761255606
2,9,20.078731860624405
2,10,23.671225826553787
2,11,25.057283782575308
2,12,28.323403201435198
2,13,31.647522316516813
2,14,31.343052294311722
2,15,28.42277471184047
2,16,25.919482942280965
2,17,22.44653315175758
2,18,19.925133472726575
2,19,16.38651131815039
2,20,13.77507387979843
2,21,10.427972255356634
2,22,8.312795635835355
2,23,5.5774167320045125
2,24,5.633669630424056
2,25,7.228419516139222
2,26,10.129389521358602
2,27,12.592300317708188
2,28,13.624292138360802
2,29,14.032776193931161
2,30,17.25808411418705
2,31,16.80733616752904
2,32,13.967095557357288
2,33,14.759900679390949
2,34,13.62918250045578
2,35,14.914807823359407
2,36,15.483878612944372
2,37,16.57808977177492
2,38,18.97018326969432
2,39,19.171198576609093
2,40,22.615136332209158
2,41,24.290589549288594
2,42,23.216879055077257
2,43,23.245315328007642
2,44,20.458342713814382
2,45,21.55243915645058
2,46,20.40474079752142
2,47,20.72105464680854
2,48,20.40790576301838
2,49,18.832864386774816
2,50,19.183809025068502
2,51,18.44263099205009
2,52,18.08511149542325
2,53,19.932131661906777
2,54,19.94395186758165
2,55,23.473313994800787
2,56,24.396832392819253
2,57,23.698178440149903
2,58,21.351058366291404
2,59,21.952993009674728
2,60,21.195580604111548
2,61,20.73194103046153
2,62,24.266240281319988
2,63,25.559351595198052
2,64,28.02396776833862
2,65,25.17294558909036
2,66,22.0043645753669
2,67,21.89459193655539
2,68,18.804121408556593
2,69,18.7489982272627
2,70,16.607856437694455
2,71,16.58347542506527
2,72,14.7810869754424
2,73,10.999021821754068
2,74,11.718811713448627
2,75,13.407286885167789
2,76,16.187944413316693
2,77,17.179500614943255
2,78,20.49606105411273
2,79,21.866534539989665
2,80,25.667802368761215
2,81,28.490895845295437
2,82,27.2995804404049
2,83,29.982030004016554
2,84,30.093555856729992
2,85,29.59790069373773
2,86,26.097764893188383
2,87,24.786872381011836
2,88,21.870138253915403
2,89,18.100287636455132
2,90,16.29619114146428
2,91,12.874093034532988
2,92,10.93961012820598
2,93,10.309070499536729
2,94,9.258898963073033
2,95,11.032325046131826
2,96,11.546870052256876
2,97,15.153602107275471
2,98,16.9537069988689
2,99,17.676082289337792
2,100,16.90342465268295
2,101,15.06733759216745
2,102,13.562084293194095
2,103,9.831971410152631
2,104,8.752272432295431
2,105,5.822349434992855
2,106,7.20975125250843
2,107,7.272819431921033
2,108,9.621943654813562
2,109,12.261811475057831
2,110,14.788452333430747
2,111,18.371888610550315
2,112,20.977781774075858
2,113,24.569395019131825
2,114,27.061179914472806
2,115,30.117465397816826
2,116,33.11284707188348
3,1,6.307688281972329
3,2,3.817013780089816
3,4,3.8095285926421965
3,5,6.747243136577894
3,6,10.348191005576892
3,7,12.213599456067616
3,8,15.250142003177077
3,9,16.620129503772382
3,10,20.11568465656722
3,11,21.330445953128518
3,12,24.584546003184318
3,13,27.885633316898517
3,14,27.53040925330212
3,15,24.61632796805747
3,16,22.106614725920632
3,17,18.646794662958396
3,18,16.18435030349812
3,19,12.719920229990448
3,20,10.332926216036677
3,21,6.873943702835167
3,22,5.718986164083929
3,23,4.425181537161715
3,24,6.88302465658611
3,25,9.40100762011245
3,26,12.874200434749854
3,27,14.658272199369568
3,28,14.754837297897192
3,29,14.565458134166317
3,30,17.212343350303488
3,31,16.313605557131968
3,32,12.984279259698827
3,33,13.178690352663168
3,34,11.206310562751076
3,35,12.222891193782303
3,36,12.282614896884473
3,37,13.682337184774312
3,38,15.964749076445043
3,39,16.592826257088504
3,40,20.036924261413656
3,41,22.14185543145356
3,42,21.46543797134303
3,43,21.1873031035784
3,44,18.21647822286161
3,45,18.9524101929031
3,46,17.66852889393851
3,47,17.520136431850553
3,48,17.323592012964223
3,49,16.13252711198916
3,50,16.729804706177422
3,51,16.589770356177898
3,52,16.414849247438486
3,53,18.844888225953806
3,54,19.083226834346792
3,55,22.42732409612076
3,56,22.878181066290992
3,57,21.69890144566974
3,58,19.126401382016812
3,59,19.247944679695216
3,60,18.660548485046945
3,61,17.787308313980045
3,62,21.138491676357948
3,63,22.30424149370926
3,64,24.573662323097842
3,65,21.61409620248746
3,66,18.474423514485665
3,67,18.446485616441837
3,68,15.546587430959066
3,69,15.886054614357928
3,70,14.297500875197073
3,71,14.615528450564913
3,72,13.632707649717599
3,73,9.961630127027023
3,74,9.466499921223633
3,75,10.474629419620564
3,76,12.909442475969309
3,77,13.566809748482319
3,78,16.765191643455307
3,79,18.098247030045584
3,80,21.8975095594002
3,81,24.747721180061838
3,82,23.570329902721625
3,83,26.319792958026575
3,84,26.57388683900954
3,85,26.21210425424361
3,86,22.641352108376246
3,87,21.408578193431833
3,88,18.7231745130615
3,89,15.041370500227655
3,90,12.925048142221405
3,91,9.726454418005476
3,92,7.545825479386087
3,93,7.8738145679246845
3,94,7.525948326003321
3,95,10.434871840314672
3,96,11.727312185718576
3,97,15.347823531012555
3,98,17.491966308078922
3,99,18.758182730589763
3,100,18.532227859407087
3,101,17.054244654392434
3,102,14.933101728033751
3,103,11.292845075086012
3,104,9.396388183188206
3,105,5.712731378945682
3,106,5.837362405862456
3,107,4.599078094638606
3,108,7.574246498294392
3,109,9.306924355038186
3,110,11.450428270101202
3,111,15.164251164082795
3,112,17.477556599926405
3,113,21.131491879515206
3,114,23.451735724360038
3,115,26.49902498575003
3,116,29.471771926057887
4,1,9.89103774012136
4,2,6.645580376731717
4,3,3.8095285926421965
4,5,3.8062700561909657
4,6,6.980349793292766
4,7,9.247744488691756
4,8,12.299778101230961
4,9,13.721866923499427
4,10,17.37595268369682
4,11,19.028088114985273
4,12,22.158631468741444
4,13,25.629818798236958
4,14,25.588333468243082
4,15,22.919929277626547
4,16,20.263669840018444
4,17,16.62224674551906
4,18,14.02758831458779
4,19,10.329134404630903
4,20,8.215880482127156
4,21,5.7923291105455395
4,22,5.256415552004459
4,23,6.303416469016121
4,24,8.871268971822236
4,25,12.154752312396328
4,26,15.403682791385862
4,27,17.31821154122058
4,28,17.237541702152665
4,29,17.36115383361953
4,30,19.74435003994202
4,31,19.04553161350362
4,32,15.684491372755376
4,33,15.791900677742802
4,34,13.237398913802425
4,35,13.9865379444521
4,36,13.151064152904208
4,37,14.594329626631653
4,38,16.178476784202623
4,39,16.79882340493233
4,40,19.866382228381806
4,41,22.11756553406157
4,42,22.08092225881735
4,43,22.013678541113347
4,44,19.25304708113978
4,45,19.95635558980632
4,46,18.880645361615993
4,47,18.098058292168464
4,48,18.27016663298596
4,49,17.68907416744657
4,50,18.410953924983506
4,51,18.731740043943024
4,52,18.3311233157567
4,53,20.977342659818746
4,54,20.9059560346983
4,55,23.92603174005996
4,56,24.314481238372284
4,57,22.612681715371032
4,58,19.59431551794733
4,59,19.54671065884571
4,60,19.621961285425634
4,61,18.534320737095793
4,62,21.498513886179563
4,63,22.66584659210724
4,64,24.53251573507763
4,65,21.39073050796934
4,66,18.32418465010819
4,67,18.11500872756805
4,68,15.443060805917082
4,69,15.810982290766052
4,70,14.641634851810934
4,71,14.430139674203787
4,72,13.97690311127288
4,73,10.685847567776811
4,74,9.244508059618077
4,75,10.391454369646452
4,76,11.823265432562186
4,77,12.636651438403916
4,78,15.491224535890291
4,79,17.083692386671125
4,80,20.796025712820175
4,81,23.729326608064568
4,82,22.296441753554312
4,83,24.905812499638536
4,84,25.009601638702815
4,85,25.156728200284686
4,86,21.68296836077212
4,87,20.019157789252922
4,88,17.6031855591333
4,89,14.119648287034943
4,90,12.348738583829405
4,91,9.989461063099316
4,92,8.388583189746647
4,93,10.20334384001053
4,94,10.499249201630729
4,95,13.81203320912664
4,96,15.104470331753468
4,97,18.746260293117853
4,98,20.736732940538683
4,99,22.003952264626157
4,100,22.058383752300852
4,101,20.67881697180394
4,102,18.662371274627684
4,103,15.062495031765021
4,104,13.15582176459241
4,105,9.418902913189562
4,106,8.617244197837291
4,107,5.708803510787934
4,108,7.260224490650065
4,109,8.442265359708582
4,110,9.527247324176042
4,111,13.178409473486402
4,112,15.427870614143743
4,113,18.8809138693899
4,114,21.367391832231483
4,115,24.12477863934679
4,116,27.351534340469872
5,1,13.047585346374843
5,2,10.170374981937641
5,3,6.747243136577894
5,4,3.8062700561909657
5,6,3.816103923488369
5,7,6.57190820771354
5,8,8.96380638068685
5,9,10.012852911701007
5,10,13.610479136221057
5,11,15.234066840508861
5,12,18.404397383225067
5,13,21.85426387746956
5,14,21.93242315926479
5,15,19.276187128238924
5,16,16.70165643127962
5,17,12.987645888963993
5,18,10.646872483164309
5,19,7.072381583119725
5,20,6.1411307556046335
5,21,4.873741562897949
5,22,6.688606721477631
5,23,9.019832221646254
5,24,12.187142740094714
5,25,15.480115189723604
5,26,18.910568951998908
5,27,20.483023228448666
5,28,19.922582606574128
5,29,19.608369468205286
5,30,21.487963512697007
5,31,20.407658415409042
5,32,16.84921408490968
5,33,16.31356224638277
5,34,13.121452244504983
5,35,13.218792826895923
5,36,11.483136825986833
5,37,12.927654537043768
5,38,13.919509401759292
5,39,14.85114411732971
5,40,17.620893301076887
5,41,20.22349779423575
5,42,20.733922799291012
5,43,20.483119543127764
5,44,17.792414597783598
5,45,18.19779023887248
5,46,17.2376291027199
5,47,15.892656533767733
5,48,16.470425429843903
5,49,16.61314019622994
5,50,17.736174851582078
5,51,18.78815434093929
5,52,18.688697132934042
5,53,21.768786525085325
5,54,21.95625563047109
5,55,24.68321636324862
5,56,24.56307448117436
5,57,22.400980117139202
5,58,19.252493296655302
5,59,18.555300692310123
5,60,18.868745232185656
5,61,17.21983980997084
5,62,19.719218588569266
5,63,20.555698604724434
5,64,21.971477757039832
5,65,18.64876028521293
5,66,15.8508713602986
5,67,15.887549732684251
5,68,13.795694502765395
5,69,14.80236944387485
5,70,14.556275508550655
5,71,14.709528699682611
5,72,15.22047661773472
5,73,12.456442689524247
5,74,9.912306171636345
5,75,9.925734159566478
5,76,10.237506313846731
5,77,10.286920297877034
5,78,12.539158463871743
5,79,13.922496134036475
5,80,17.517602044693174
5,81,20.36553250549326
5,82,18.76319628870331
5,83,21.300385546615523
5,84,21.42292443201814
5,85,21.815098125929573
5,86,18.377030130746903
5,87,16.635662421151803
5,88,14.571301998233425
5,89,11.404637618554853
5,90,9.624809340873533
5,91,8.277563873397868
5,92,7.31923324149624
5,93,10.348941097586753
5,94,11.559353758874236
5,95,15.266220626129899
5,96,17.090658333250683
5,97,20.499351895138897
5,98,22.73567142732648
5,99,24.356915658519714
5,100,24.669059107485324
5,101,23.469980581951074
5,102,21.07965842690405
5,103,17.62287063538125
5,104,15.26988911706003
5,105,11.569862774944658
5,106,9.887122903511434
5,107,6.3975779255920635
5,108,7.163468436516696
5,109,6.559811115963723
5,110,6.3141536401407805
5,111,9.925974322570793
5,112,11.79593838301013
5,113,15.230486437359831
5,114,17.618618880008576
5,115,20.332446486247644
5,116,23.573329005664313
6,1,16.60103035472276
6,2,13.467331481473789
6,3,10.348191005576892
6,4,6.980349793292766
6,5,3.816103923488369
6,7,3.7909212114207596
6,8,5.696367730781382
6,9,7.078850266666504
6,10,10.857293607562013
6,11,13.198776614557996
6,12,16.24792052977178
6,13,19.758241237137515
6,14,20.397605960802967
6,15,18.015645101839034
6,16,15.586422962683097
6,17,11.796678153161938
6,18,9.892318141941281
6,19,6.769893053889766
6,20,7.441007128137566
6,21,7.942069813865565
6,22,9.937108249250487
6,23,12.619254897056958
6,24,15.566259820387547
6,25,19.009800772828143
6,26,22.283331315036996
6,27,24.009507487863914
6,28,23.470836242446214
6,29,23.29005949188385
6,30,25.05503563259982
6,31,24.0096287345191
6,32,20.459931970213017
6,33,19.76100040202483
6,34,16.360997871688767
6,35,16.043510623849592
6,36,13.64941268218056
6,37,14.680272991236308
6,38,14.728857926928205
6,39,15.388934137699234
6,40,17.475007456006246
6,41,20.025633266923307
6,42,21.192883735635565
6,43,21.24631140867545
6,44,19.004251651661413
6,45,19.502711217479852
6,46,18.987114721154626
6,47,17.264380545408404
6,48,18.374223751651613
6,49,19.15487409528154
6,50,20.520657623868704
6,51,21.954954288080142
6,52,21.88215262378542
6,53,25.067077309562396
6,54,25.16564518659989
6,55,27.643244166086827
6,56,27.394714282046547
6,57,24.90284964376074
6,58,21.577204606734163
6,59,20.614918587499567
6,60,21.34250322936731
6,61,19.430320515342956
6,62,21.404703446622428
6,63,21.985967146335632
6,64,22.822972338062296
6,65,19.362929394983627
6,66,17.002444858501583
6,67,17.136225297356876
6,68,15.64437332045065
6,69,16.84626220863522
6,70,17.11294101886334
6,71,16.997242541243555
6,72,17.909932105327517
6,73,15.535597852150884
6,74,12.691199345250725
6,75,12.585656170962347
6,76,11.831949619461058
6,77,11.6036619965523
6,78,12.882483992442683
6,79,14.090683558770523
6,80,17.27766371576563
6,81,19.902769695158515
6,82,17.864499779121353
6,83,19.97641581526718
6,84,19.73446540950655
6,85,20.67012393962436
6,86,17.562648799111344
6,87,15.257771881774515
6,88,13.58182844439584
6,89,11.008448122372762
6,90,10.177359333184807
6,91,10.10550505740514
6,92,10.216332180064862
6,93,13.62114754431862
6,94,15.226767512962667
6,95,18.976929913901348
6,96,20.890922992450612
6,97,24.262813707419664
6,98,26.50558120460591
6,99,28.135837873896563
6,100,28.476862287965957
6,101,27.24698163515979
6,102,24.864648407635222
6,103,21.373895530689342
6,104,18.91114197131227
6,105,15.194619364058672
6,106,13.100362425750287
6,107,9.388073540703985
6,108,8.728670308134166
6,109,7.4951959080153
6,110,5.549651833818957
6,111,8.165300034464943
6,112,9.898716734748335
6,113,12.812298278429555
6,114,15.491430160838858
6,115,17.833836865701564
6,116,21.305316835430766
7,1,18.10517843514451
7,2,15.001583354624755
7,3,12.213599456067616
7,4,9.247744488691756
7,5,6.57190820771354
7,6,3.7909212114207596
7,8,3.8159741606168667
7,9,7.036320715797534
7,10,10.598603469793265
7,11,13.385625898854613
7,12,16.656633462361924
7,13,19.847689024995653
7,14,21.050268691438482
7,15,18.50135068659028
7,16,16.741882499411982
7,17,13.037169923877547
7,18,12.144319705995857
7,19,9.721589287903683
7,20,11.039776646248525
7,21,11.14648825061218
7,22,13.173151490476505
7,23,15.324353604778812
7,24,18.116333665443612
7,25,21.32812674010795
7,26,24.532990597750086
7,27,26.544531681771865
7,28,26.3166300747539
7,29,26.04077058355241
7,30,27.97987040371009
7,31,26.67864869871541
7,32,23.003661816770947
7,33,21.9300902330428
7,34,18.47908094678351
7,35,17.495761478097325
7,36,14.682562132024987
7,37,14.749292986166076
7,38,14.01411891222312
7,39,13.830414907377742
7,40,15.36373659597183
7,41,17.489042715440743
7,42,18.958071577236364
7,43,19.547614563433257
7,44,17.894479163853482
7,45,18.94929029498137
7,46,19.18409518633561
7,47,17.788645354176346
7,48,19.59037143821864
7,49,20.78695310062453
7,50,22.68504105271017
7,51,24.365847027455466
7,52,24.725778486872073
7,53,28.0127607593222
7,54,28.390764755900307
7,55,31.000481055266384
7,56,30.610075583778748
7,57,28.18292154798042
7,58,24.98479519305438
7,59,23.76901277305018
7,60,24.217278392134446
7,61,21.949286575102086
7,62,23.800016098145292
7,63,23.86183411121267
7,64,24.353715207234647
7,65,20.67980059977897
7,66,18.84446751826039
7,67,19.602513703894914
7,68,18.52336691783842
7,69,20.147222728811194
7,70,20.57648274039845
7,71,20.687936610341453
7,72,21.508442757241966
7,73,18.910472901519906
7,74,16.236670247329233
7,75,15.950444839937568
7,76,15.256207385714315
7,77,14.429125906851716
7,78,15.180848361602502
7,79,15.566085284152761
7,80,18.473633484576194
7,81,20.524891264695732
7,82,17.904839040679764
7,83,19.390583862124966
7,84,18.441844665770112
7,85,19.283919189471362
7,86,16.572768905696297
7,87,13.698270661101661
7,88,11.663304041677657
7,89,9.278249794737492
7,90,9.811401265148623
7,91,10.214078821780443
7,92,11.59598080243317
7,93,14.88161501001352
7,94,17.12077267979809
7,95,20.79616758646735
7,96,23.079341052619
7,97,26.355293613937185
7,98,28.895318743582344
7,99,30.565343776048245
7,100,30.541157844494105
7,101,29.07739093289843
7,102,26.56537507657607
7,103,22.983664777122947
7,104,20.16429039369654
7,105,16.5121564549185
7,106,13.75967026139517
7,107,10.069399056699002
7,108,7.9742211835911405
7,109,6.699414677212344
7,110,4.762983049910774
7,111,6.071942145728795
7,112,8.788587647749292
7,113,11.28108075617543
7,114,14.575645155431074
7,115,17.01479203868958
7,116,20.378870806074715
8,1,21.3020410603864
8,2,18.367694761255606
8,3,15.250142003177077
8,4,12.299778101230961
8,5,8.96380638068685
8,6,5.696367730781382
8,7,3.8159741606168667
8,9,3.8018679503018866
8,10,6.968963982369051
8,11,10.052676189075877
8,12,13.198030004625934
8,13,16.279204080038305
8,14,17.80189546017204
8,15,15.46689332831554
8,16,13.998389766490947
8,17,10.544088763121367
8,18,10.485792842372403
8,19,9.191015561624894
8,20,11.689238295669142
8,21,12.715267994691233
8,22,15.361907817869168
8,23,17.982623817321716
8,24,21.066919727909777
8,25,24.355088631022998
8,26,27.699667268333364
8,27,29.433577156834914
8,28,28.840550980496985
8,29,28.32812767101557
8,30,29.883926031100593
8,31,28.417189652985858
8,32,24.740480529644703
8,33,23.37079419863945
8,34,19.69863575449929
8,35,18.412938267315525
8,36,15.167019649775636
8,37,15.239698807622668
8,38,13.843606337266756
8,39,14.042289643358338
8,40,14.922300108177673
8,41,17.35975304825139
8,42,19.452357170067163
8,43,19.770190853110385
8,44,18.30689145300072
8,45,18.912630168358504
8,46,19.228398040646205
8,47,17.29125224960981
8,48,19.36058262294213
8,49,21.135336473846674
8,50,23.17782256589417
8,51,25.31230234185739
8,52,25.790646906357146
8,53,29.26068988954592
8,54,29.747522453986356
8,55,32.05145555806061
8,56,31.31133333816218
8,57,28.57095845078374
8,58,25.369075207577538
8,59,23.7217354702945
8,60,24.4206937787973
8,61,21.856280191839875
8,62,23.12156675780404
8,63,22.884943650733348
8,64,22.820091131899467
8,65,19.167715393521807
8,66,17.831789781004463
8,67,18.737823672312416
8,68,18.34903940890714
8,69,20.3129090829023
8,70,21.3953784490775
8,71,21.68721100120747
8,72,23.099309246436835
8,73,20.929800173034707
8,74,17.80548996468869
8,75,16.941099478987073
8,76,15.449551731316783
8,77,14.10229452145011
8,78,13.883828464851497
8,79,13.907415465091988
8,80,16.25709717171953
8,81,18.016167212704705
8,82,15.185131251745132
8,83,16.36563226002835
8,84,15.360999611858288
8,85,16.74008171825186
8,86,14.30086593593538
8,87,11.258162909554335
8,88,10.161907125293473
8,89,8.950149998083214
8,90,9.784977468562051
8,91,11.490138020671369
8,92,13.126845283059186
8,93,16.735248007287563
8,94,19.19487017368992
8,95,22.95072518509214
8,96,25.3957430466859
8,97,28.493406011423787
8,98,31.08388159641203
8,99,32.96060780112496
8,100,33.19877481690182
8,101,31.92040259148686
8,102,29.223335447358263
8,103,25.789922744442524
8,104,22.865724703038662
8,105,19.31800893257418
8,106,16.472849284716396
8,107,12.923648170592703
8,108,11.083974140343408
8,109,8.743136351357894
8,110,5.41619733135234
8,111,4.691499967368053
8,112,6.032607891178204
8,113,7.878234312870379
8,114,11.129697027309504
8,115,13.29746468949156
8,116,16.753142364483832
9,1,22.815527416732788
9,2,20.078731860624405
9,3,16.620129503772382
9,4,13.721866923499427
9,5,10.012852911701007
9,6,7.078850266666504
9,7,7.036320715797534
9,8,3.8018679503018866
9,10,3.794908552175739
9,11,6.698589986709163
9,12,9.672968544491402
9,13,13.01217687132927
9,14,14.294045338818867
9,15,12.223764809258927
9,16,10.456508962266792
9,17,7.1257509978047295
9,18,7.404603993754257
9,19,7.272125607108751
9,20,10.59748219751294
9,21,12.507134157745973
9,22,15.571424594399579
9,23,18.653061181750203
9,24,21.993237225118957
9,25,25.35525194996067
9,26,28.82963573207928
9,27,30.146100121029992
9,28,29.083216501293805
9,29,28.376396493299367
9,30,29.478454085689247
9,31,27.986763728095557
9,32,24.426798038175797
9,33,22.99433204061462
9,34,19.236353937323656
9,35,18.06494685209658
9,36,14.782514056679503
9,37,15.447859977382539
9,38,14.121490694886154
9,39,15.214645227739908
9,40,16.07217356645736
9,41,19.00907661163881
9,42,21.224229914266346
9,43,20.931230008216225
9,44,19.18881098838151
9,45,19.043634063002795
9,46,18.8945399801848
9,47,16.31776900913795
9,48,18.122809965773733
9,49,20.12530445602162
9,50,21.96267084943803
9,51,24.339416119287954
9,52,24.711692529717865
9,53,28.248547623601475
9,54,28.717788223643137
9,55,30.659939969514348
9,56,29.66173872840283
9,57,26.64776209125579
9,58,23.44844212291447
9,59,21.525173919892765
9,60,22.563074622587656
9,61,19.943961769065076
9,62,20.715917594641258
9,63,20.50919157988326
9,64,20.16059318837578
9,65,16.694135226348592
9,66,15.504126774432775
9,67,16.18041905303602
9,68,16.26528836119417
9,69,18.33446339241145
9,70,19.954979458277812
9,71,20.37722290802971
9,72,22.35088673195711
9,73,20.708595083516403
9,74,17.215587671720037
9,75,15.857386865831597
9,76,13.64528020295537
9,77,12.044221431909358
9,78,11.076941016382301
9,79,11.233454846221841
9,80,13.212194375244747
9,81,15.145536928644258
9,82,12.619577750191738
9,83,14.120458087658905
9,84,13.80360006274764
9,85,15.651992128341927
9,86,13.107575833501942
9,87,10.63264196213611
9,88,10.672591232279487
9,89,10.16091454082264
9,90,10.130347154475809
9,91,12.413569850700117
9,92,13.531415726233261
9,93,17.321675764862885
9,94,19.599697439708013
9,95,23.377352153027047
9,96,25.75206085396038
9,97,28.68948781102222
9,98,31.15405930243062
9,99,33.183313567161676
9,100,33.828884049811684
9,101,32.8435282582401
9,102,30.064572637527917
9,103,26.84463218372563
9,104,24.036012379874066
9,105,20.600421992782515
9,106,18.0333353722502
9,107,14.652731491837752
9,108,13.617168355004516
9,109,10.732101068395458
9,110,6.950475052222041
9,111,6.271272788173844
9,112,5.126475503318628
9,113,6.730124101386087
9,114,8.96036470539151
9,115,10.834832185530717
9,116,14.430924320071878
10,1,26.240322252141098
10,2,23.671225826553787
10,3,20.11568465656722
10,4,17.37595268369682
10,5,13.610479136221057
10,6,10.857293607562013
10,7,10.598603469793265
10,8,6.968963982369051
10,9,3.794908552175739
10,11,3.7853951831201016
10,12,6.313142049513266
10,13,9.411309324586508
10,14,11.19885818793879
10,15,9.548004155930808
10,16,8.492030120968161
10,17,6.278082448915609
10,18,8.159079439821213
10,19,9.615052006806321
10,20,13.312419523166579
10,21,15.534095662430904
10,22,18.808397746416407
10,23,21.984536360821505
10,24,25.4375006237667
10,25,28.753029409974697
10,26,32.29518762626569
10,27,33.40939560207848
10,28,32.10831861769535
10,29,31.185007033794225
10,30,31.965096613093856
10,31,30.311694759924396
10,32,26.826634104716476
10,33,25.13362221601153
10,34,21.3500191409216
10,35,19.907883248975725
10,36,16.46475115546454
10,37,17.000005639109567
10,38,15.175338727431829
10,39,16.493187043877704
10,40,16.69342015130403
10,41,19.710658272830077
10,42,22.335401947212045
10,43,21.808641828237366
10,44,20.342440808437296
10,45,19.802312370506417
10,46,19.773248496802534
10,47,16.85677105433455
10,48,18.850267102362913
10,49,21.343574858492705
10,50,23.289910899012554
10,51,26.025376099566692
10,52,26.56464939955853
10,53,30.178746541208817
10,54,30.79618169112338
10,55,32.44117879955128
10,56,31.10148065780115
10,57,27.892901498535533
10,58,24.844390411370554
10,59,22.524102514619003
10,60,23.697755028613113
10,61,20.854911956720162
10,62,20.945004020436762
10,63,20.338966475255493
10,64,19.307718001862703
10,65,16.055809709123963
10,66,15.636850991388771
10,67,16.52067677370441
10,68,17.42020165953142
10,69,19.764566048441825
10,70,21.93151786099818
10,71,22.57235679597633
10,72,24.947580347732085
10,73,23.647407876290412
10,74,19.994158022731774
10,75,18.21347492925371
10,76,15.542854139252892
10,77,13.505320237228185
10,78,11.471655396612258
10,79,10.992687767978005
10,80,11.866325468555152
10,81,13.178565798204056
10,82,10.509507980611591
10,83,11.471084863701272
10,84,11.246389196221502
10,85,13.777437254978452
10,86,11.80472809057767
10,87,9.592754341871666
10,88,10.961685396935462
10,89,11.70375545018888
10,90,11.926678041455853
10,91,14.884387641414625
10,92,16.1891062712194
10,93,19.931001076732606
10,94,22.343764794860544
10,95,26.043891908664992
10,96,28.540741747420117
10,97,31.25091260314325
10,98,33.75907151012787
10,99,35.9449265651795
10,100,36.75101136351229
10,101,35.90152931336753
10,102,32.982948695125735
10,103,29.921300906087637
10,104,27.03658029422546
10,105,23.76388617699872
10,106,21.130649286157084
10,107,17.96002069594841
10,108,16.94559290917929
10,109,13.747023080756653
10,110,9.975533644182462
10,111,8.273458209957857
10,112,5.470783111089939
10,113,5.023061898880213
10,114,6.030215492767779
10,115,7.191457302016461
10,116,10.882164099275663
11,1,27.22832604301217
11,2,25.057283782575308
11,3,21.330445953128518
11,4,19.028088114985273
11,5,15.234066840508861
11,6,13.198776614557996
11,7,13.385625898854613
11,8,10.052676189075877
11,9,6.698589986709163
11,10,3.7853951831201016
11,12,3.7919808930892547
11,13,6.697735342467096
11,14,7.7673052050585785
11,15,5.77346365744207
11,16,5.12021376870531
11,17,4.195872870620625
11,18,7.499067189375635
11,19,10.165237646635768
11,20,13.953421773546381
11,21,16.165769915433273
11,22,19.719565585807192
11,23,22.87071912502967
11,24,26.510921329466452
11,25,29.638881265976316
11,26,33.30665509904749
11,27,34.03151408781517
11,28,32.38661593122018
11,29,31.09022001330309
11,30,31.459490440862663
11,31,29.56993980430808
11,32,26.216732243115516
11,33,24.24813562720905
11,34,20.53253564171362
11,35,18.932265554138574
11,36,15.557146493822287
11,37,16.296633833911628
11,38,14.514564293673931
11,39,16.50345889802963
11,40,16.686251982682098
11,41,20.026784934569662
11,42,22.56492021811628
11,43,21.434754978140088
11,44,19.80544226565591
11,45,18.59727607752036
11,46,18.2688133666821
11,47,14.990440336330664
11,48,16.84557312097941
11,49,19.64325422607618
11,50,21.5922783450966
11,51,24.626944410419924
11,52,25.38065924686158
11,53,29.045312375758492
11,54,29.926329577621576
11,55,31.320949413723646
11,56,29.589721918732742
11,57,26.31633137389287
11,58,23.561495295342368
11,59,20.823264073586735
11,60,21.91500933234584
11,61,18.869569391632574
11,62,18.41064745519522
11,63,17.464459171429517
11,64,16.01393434582307
11,65,12.977782520668304
11,66,13.135325545364433
11,67,14.269753859789072
11,68,15.898497194192757
11,69,18.59973863904288
11,70,21.271492147084466
11,71,22.397269955145553
11,72,25.12291222214515
11,73,24.117628547763832
11,74,20.36907207644578
11,75,17.989613510577144
11,76,15.129871749171002
11,77,12.518478952387463
11,78,9.661069827331277
11,79,8.47417806955246
11,80,8.470766663249162
11,81,9.526562936888784
11,82,7.162665390721142
11,83,8.580605770996348
11,84,9.455744151597209
11,85,11.974427828843051
11,86,9.926422544319015
11,87,8.916430726890685
11,88,11.127794362130036
11,89,12.363129120524796
11,90,11.97449326140428
11,91,15.233457463043113
11,92,16.337287799638776
11,93,19.896789331562385
11,94,22.298258805702375
11,95,25.820603315547128
11,96,28.405673867222955
11,97,30.777755367196757
11,98,33.307896789077574
11,99,35.68945676519645
11,100,36.71406414917868
11,101,36.094702554016465
11,102,33.014413582416424
11,103,30.242786185595584
11,104,27.361254940577687
11,105,24.384948429353102
11,106,21.883214257290607
11,107,19.119474716300903
11,108,18.62381045496975
11,109,15.090150133928487
11,110,11.548851184010749
11,111,10.036080866243518
11,112,6.40811339090887
11,113,6.012886390487749
11,114,4.639482237434868
11,115,5.997279748078319
11,116,9.050323260740548
12,1,30.52504591484298
12,2,28.323403201435198
12,3,24.584546003184318
12,4,22.158631468741444
12,5,18.404397383225067
12,6,16.24792052977178
12,7,16.656633462361924
12,8,13.198030004625934
12,9,9.672968544491402
12,10,6.313142049513266
12,11,3.7919808930892547
12,13,3.7895386808709
12,14,5.252801591039735
12,15,5.39171161144494
12,16,5.212478306533472
12,17,6.459279963388598
12,18,9.435126412937748
12,19,12.623939575703107
12,20,16.303239512024163
12,21,18.971485937567504
12,22,22.403822436899485
12,23,25.75134977786615
12,24,29.34648363847969
12,25,32.54894003339603
12,26,36.17115842035721
12,27,36.73285593997625
12,28,34.87497740136328
12,29,33.61360816699773
12,30,33.704116427084934
12,31,31.946656532942303
12,32,28.786162947575345
12,33,26.932756645255004
12,34,23.321999358164955
12,35,21.937198324734325
12,36,18.75836754010808
12,37,19.72643847024621
12,38,17.996724664493318
12,39,20.10431625558367
12,40,20.061965228995295
12,41,23.343889921615176
12,42,26.021555729550702
12,43,24.786223865964477
12,44,23.236451034293605
12,45,21.758804704724945
12,46,21.272376677887507
12,47,17.794666274077205
12,48,19.33824194576145
12,49,22.155241242306435
12,50,23.800541143991058
12,51,26.863552024179334
12,52,27.412299104269152
12,53,30.97130317057719
12,54,31.696110463479947
12,55,32.69894814037104
12,56,30.85249046497599
12,57,27.37832644601718
12,58,24.679657717390253
12,59,21.87410955792101
12,60,23.383705235303406
12,61,20.525556431611598
12,62,19.46144533927511
12,63,18.586455228275867
12,64,16.667912726533157
12,65,14.289246541285607
12,66,14.830341742726368
12,67,15.50545244252471
12,68,17.548542767875983
12,69,19.999316842075473
12,70,22.945596557978384
12,71,23.912727545042237
12,72,26.93449881896443
12,73,26.38196669120705
12,74,22.573716140708747
12,75,20.18894716042675
12,76,16.93013443142381
12,77,14.604298909284612
12,78,11.31833620653504
12,79,10.489173125753085
12,80,9.311761664370366
12,81,9.949771417287593
12,82,8.457052829922361
12,83,9.330201427378272
12,84,10.695431907023021
12,85,13.762602958905333
12,86,12.415605936371275
12,87,11.88113153598531
12,88,14.58398848518831
12,89,16.107110686968884
12,90,15.679203615228456
12,91,18.896947252691323
12,92,19.736839255368185
12,93,23.25524154654392
12,94,25.42889638017655
12,95,28.890174553465116
12,96,31.30315746726377
12,97,33.59458456619148
12,98,35.93921870099346
12,99,38.32679617722142
12,100,39.60268975183997
12,101,39.14264559346937
12,102,36.11881932661928
12,103,33.452107762203575
12,104,30.715099686209797
12,105,27.771151992401204
12,106,25.44739480407116
12,107,22.679511832267966
12,108,22.29195631586663
12,109,18.81532192982922
12,110,15.225123781548254
12,111,13.713749093837373
12,112,10.10861211195471
12,113,8.90542898741365
12,114,6.555079294211224
12,115,5.597209027001335
12,116,8.146983469707079
13,1,33.6917874746432
13,2,31.647522316516813
13,3,27.885633316898517
13,4,25.629818798236958
13,5,21.85426387746956
13,6,19.758241237137515
13,7,19.847689024995653
13,8,16.279204080038305
13,9,13.01217687132927
13,10,9.411309324586508
13,11,6.697735342467096
13,12,3.7895386808709
13,14,3.8145049837448006
13,15,5.3462224784319305
13,16,7.26044674023471
13,17,9.555239174475288
13,18,12.862658360174871
13,19,16.18774305056306
13,20,19.85714293878285
13,21,22.363177841910176
13,22,25.895267411513057
13,23,29.143630162862838
13,24,32.80207903807088
13,25,35.89542191496442
13,26,39.57201510910915
13,27,40.033621119223326
13,28,38.087254176808074
13,29,36.61338362369794
13,30,36.52339961680677
13,31,34.564351066308376
13,32,31.467977481889875
13,33,29.352988342927233
13,34,25.82138949869267
13,35,24.139537314592165
13,36,20.93885502650856
13,37,21.58852436620197
13,38,19.5253409915196
13,39,21.59535571283776
13,40,21.03146295849628
13,41,24.17524342137029
13,42,27.04234188347748
13,43,25.65926554217735
13,44,24.451787465245186
13,45,22.768310346121822
13,46,22.514980592350483
13,47,19.082129346532106
13,48,20.806001375140074
13,49,23.93707328131746
13,50,25.747762359283772
13,51,29.038873122660036
13,52,29.8581946219051
13,53,33.42895232507572
13,54,34.383941584349785
13,55,35.23094230400056
13,56,33.09741000948287
13,57,29.639876019153476
13,58,27.231278623601174
13,59,24.1637113878798
13,60,25.51262995886063
13,61,22.500558971886637
13,62,20.951128118769734
13,63,19.56375719505421
13,64,17.015463846166757
13,65,15.092214437326646
13,66,16.490907674277814
13,67,17.537604419402772
13,68,20.09014491635244
13,69,22.74460082159868
13,70,25.92157201902632
13,71,27.139844977007257
13,72,30.272929078675126
13,73,29.792245454427597
13,74,25.992077104822634
13,75,23.379043682985607
13,76,20.1644580382536
13,77,17.57346956193683
13,78,14.026780432832295
13,79,12.529937348654313
13,80,10.334804472612657
13,81,9.614810378546753
13,82,8.375189713527215
13,83,8.034875280178177
13,84,9.63556224542722
13,85,12.931305837339263
13,86,12.536474856545466
13,87,12.60692037013558
13,88,15.917053590011317
13,89,18.107872523024085
13,90,17.962459148962136
13,91,21.430069969501968
13,92,22.527530869296577
13,93,25.88432566046427
13,94,28.227225080267395
13,95,31.554584030865914
13,96,34.12242343138188
13,97,36.18080480146123
13,98,38.62513350333967
13,99,41.13506554918515
13,100,42.42341292073744
13,101,42.020912370624146
13,102,38.86440233818861
13,103,36.33173194499254
13,104,33.48613253360522
13,105,30.713136094387576
13,106,28.270065816000997
13,107,25.694029274756932
13,108,25.215539589126458
13,109,21.606453999610228
13,110,18.150783130464593
13,111,16.203803881423365
13,112,12.45440256382869
13,113,10.525589717756949
13,114,7.216292299044411
13,115,5.082610438631109
13,116,5.732034582771525
14,1,33.085903716449856
14,2,31.343052294311722
14,3,27.53040925330212
14,4,25.588333468243082
14,5,21.93242315926479
14,6,20.397605960802967
14,7,21.050268691438482
14,8,17.80189546017204
14,9,14.294045338818867
14,10,11.19885818793879
14,11,7.7673052050585785
14,12,5.252801591039735
14,13,3.8145049837448006
14,15,3.805270024599632
14,16,5.532226139399691
14,17,8.967045753739276
14,18,12.063127134100219
14,19,15.734579041820405
14,20,19.13116730442318
14,21,21.607155913589565
14,22,25.140134535376706
14,23,28.339367286596982
14,24,32.02985839255036
14,25,34.95868678204595
14,26,38.651234026541275
14,27,38.75832244894036
14,28,36.52904446890017
14,29,34.85405758432428
14,30,34.41560274631217
14,31,32.421180221623366
14,32,29.552785155216398
14,33,27.440212867617
14,34,24.111151618726087
14,35,22.633307876506414
14,36,19.79797165943266
14,37,20.904617736943365
14,38,19.34324065561037
14,39,21.963623099409535
14,40,21.850568426650476
14,41,25.26393586612766
14,42,27.76513767919671
14,43,25.919893354114976
14,44,24.308246823071386
14,45,22.124901800025032
14,46,21.315211619552617
14,47,17.680835115288946
14,48,18.841099633906147
14,49,21.85199780136377
14,50,23.354142088726505
14,51,26.663157745709913
14,52,27.451002014082587
14,53,30.92381282786836
14,54,31.956136767270337
14,55,32.547102842216475
14,56,30.203863272561914
14,57,26.742798259757148
14,58,24.595888857620956
14,59,21.360852146774395
14,60,22.72988249163545
14,61,19.81583219494499
14,62,17.8539457434192
14,63,16.496329825571046
14,64,13.811341065221866
14,65,12.422911860381255
14,66,13.998580835703708
14,67,14.837236419042824
14,68,17.76928030463065
14,69,20.425322358557636
14,70,23.848546850963462
14,71,25.337961360949336
14,72,28.66254966897422
14,73,28.49002585957761
14,74,24.7367280681977
14,75,21.832922257726658
14,76,18.59781624488694
14,77,15.925107796990872
14,78,12.164695854613885
14,79,10.701696710067708
14,80,7.809357621100311
14,81,7.250007933591721
14,82,7.5756941070884585
14,83,8.493735158482869
14,84,11.299256528701147
14,85,13.872018899098787
14,86,12.936091655861036
14,87,13.883558419654994
14,88,17.016917813962483
14,89,18.867333801991045
14,90,17.988646830633787
14,91,21.238742597459947
14,92,21.845062665281308
14,93,24.967957500908675
14,94,27.026807427575562
14,95,30.143949305101028
14,96,32.57734796131203
14,97,34.38567544371178
14,98,36.68651827310335
14,99,39.264886879426584
14,100,40.79602725694373
14,101,40.62771273220745
14,102,37.47182012884642
14,103,35.20867865795889
14,104,32.54408007042512
14,105,30.011120633399084
14,106,27.889650993547594
14,107,25.614458776891762
14,108,25.687865557538142
14,109,22.03482521447095
14,110,18.795035246070984
14,111,17.452289008118967
14,112,13.68176866812889
14,113,12.675868814233867
14,114,9.3374864590542
14,115,8.41515616782084
14,116,8.701539447649669
15,1,30.026518082333677
15,2,28.42277471184047
15,3,24.61632796805747
15,4,22.919929277626547
15,5,19.276187128238924
15,6,18.015645101839034
15,7,18.50135068659028
15,8,15.46689332831554
15,9,12.223764809258927
15,10,9.548004155930808
15,11,5.77346365744207
15,12,5.39171161144494
15,13,5.3462224784319305
15,14,3.805270024599632
15,16,3.8138093895367566
15,17,6.645742343160175
15,18,10.196634410973601
15,19,13.627823427297576
15,20,17.065978393898025
15,21,19.070016471974302
15,22,22.753170812398377
15,23,25.724757294524718
15,24,29.484760038959514
15,25,32.28135008566985
15,26,36.039587269446784
15,27,36.23264484322975
15,28,34.152628687377096
15,29,32.34594730880979
15,30,32.1000028000412
15,31,29.887443078181843
15,32,26.844601903547808
15,33,24.505760713411128
15,34,21.090812766102232
15,35,19.299187854445663
15,36,16.294675169896628
15,37,17.178113326603913
15,38,15.547577397481655
15,39,18.226072232800064
15,40,18.252608127688976
15,41,21.76210488685862
15,42,24.111147625332176
15,43,22.197508876890463
15,44,20.510807562252626
15,45,18.36606781821747
15,46,17.655953927528746
15,47,14.081978443916467
15,48,15.577079729057976
15,49,18.75612122057628
15,50,20.636109344488982
15,51,24.050226027444356
15,52,25.153291734052825
15,53,28.771261956044793
15,54,30.057194272814026
15,55,31.01308842761161
15,56,28.679839666490093
15,57,25.40681454471565
15,58,23.267803608793088
15,59,19.960666066933978
