1,2,3.7985129760666583
1,3,6.331273189569154
1,4,9.850744087928005
1,5,13.017889123839987
1,6,16.44624268832021
1,7,17.753038635463575
1,8,21.051353827867917
1,9,22.638390260316715
1,10,26.30523230869585
1,11,27.688274083914585
1,12,30.728153681747962
1,13,34.128433833405246
1,14,33.72283639627458
1,15,30.748809902436996
1,16,28.128185568022374
1,17,25.013278291666754
1,18,22.651512150547806
1,19,19.330225208274292
1,20,16.61864577458247
1,21,13.029007404770889
1,22,11.114834493963311
1,23,7.75525873444782
1,24,7.228462062886928
1,25,7.0481839214372695
1,26,7.801670455689242
1,27,10.835356426244928
1,28,12.48673757286502
1,29,12.336591486709544
1,30,15.602659749147291
1,31,15.11927949589189
1,32,12.75943846380903
1,33,13.502307766693889
1,34,13.095225454492331
1,35,14.483292951632627
1,36,15.939537669389951
1,37,17.020637201825533
1,38,19.791378949069216
1,39,19.906777826054498
1,40,23.435907358335264
1,41,25.016498135332967
1,42,22.158983645312258
1,43,22.615217253997983
1,44,20.399590133133916
1,45,21.72805448775855
1,46,20.38747562422894
1,47,21.209581616893086
1,48,20.36345308345999
1,49,18.30073803323521
1,50,18.280090028035893
1,51,17.658496151833887
1,52,16.876507732075396
1,53,18.103394968323094
1,54,17.4145052111809
1,55,20.73501184454847
1,56,22.539133544004976
1,57,22.10878586559168
1,58,20.11196250469341
1,59,22.051718930296982
1,60,21.985255256238162
1,61,23.393477142985553
1,62,26.13226924552941
1,63,26.509601971099965
1,64,28.485809141880246
1,65,26.076313580446982
1,66,23.220562794319328
1,67,23.882368507119804
1,68,21.225285497113273
1,69,21.09632242368241
1,70,18.65478691367817
1,71,18.79300715926744
1,72,16.369102685036637
1,73,12.776323317370375
1,74,14.353274778261115
1,75,15.769443079979766
1,76,18.866092310631682
1,77,19.558881483036735
1,78,22.951266382508393
1,79,23.795853668119666
1,80,27.47911359546886
1,81,29.657187646117183
1,82,26.38178182135059
1,83,23.38795525728116
1,84,19.689028736439205
1,85,17.833718401603218
1,86,14.124862496476712
1,87,12.125420309961612
1,88,10.159939012401678
1,89,8.483181003143327
1,90,9.029785133894645
1,91,9.195497050577332
1,92,12.479469991585244
1,93,14.290893015081526
1,94,14.777841475657382
1,95,13.556578752430555
1,96,11.401055767659544
1,97,10.09360786430623
1,98,6.4067025479469235
1,99,6.071214749518571
1,100,4.528637984497066
1,101,7.370318477748532
1,102,9.11609871440313
1,103,11.801969481844342
1,104,14.511865622245468
1,105,17.44489253096021
1,106,21.094190806781604
1,107,23.702989770008912
1,108,27.18698824781259
1,109,30.034609730232948
1,110,32.86890269874652
2,1,3.7985129760666583
2,3,3.801135911105024
2,4,6.5355694844205185
2,5,10.012378766608363
2,6,13.1783652769409
2,7,14.547168148386127
2,8,17.953035243514478
2,9,19.680301254581263
2,10,23.421459628120296
2,11,25.15231127711426
2,12,28.190085137795272
2,13,31.676525666199208
2,14,31.59830739636572
2,15,28.72207184751191
2,16,26.11467575352313
2,17,22.754503271295313
2,18,20.319191309436356
2,19,16.773588941101227
2,20,14.093748222159501
2,21,10.798587808146882
2,22,8.89753004990687
2,23,6.287691831826074
2,24,6.543654566742124
2,25,8.26572927648378
2,26,9.632845965603286
2,27,12.895346003409491
2,28,14.122794302439843
2,29,14.337446391279103
2,30,17.356951758256677
2,31,17.08749482305479
2,32,14.342317358092608
2,33,14.854256852504303
2,34,13.529275609577324
2,35,14.760442443602145
2,36,15.445416544708143
2,37,16.65183827900312
2,38,18.98449866130566
2,39,19.113423917805925
2,40,22.495502645796165
2,41,24.300693747320302
2,42,21.844938324661
2,43,22.630952785855897
2,44,20.411733532219756
2,45,21.794409328129834
2,46,20.56471759150653
2,47,20.82398150410166
2,48,20.284564114720233
2,49,18.704848927236068
2,50,18.79114091914608
2,51,18.73166823501668
2,52,17.754978924363154
2,53,19.276484430712326
2,54,18.07718039688788
2,55,20.989319162022532
2,56,22.98401499209397
2,57,22.09348602266082
2,58,20.126983070160655
2,59,22.442994529049976
2,60,22.2266958369326
2,61,24.008021463229554
2,62,26.372190278451672
2,63,26.23398348226448
2,64,28.048424834624683
2,65,25.293537436686687
2,66,22.367299138292424
2,67,22.947709017508995
2,68,20.158186031999122
2,69,20.00127924325156
2,70,17.769022501761047
2,71,17.597122627613345
2,72,15.530716563678252
2,73,11.759748297411166
2,74,12.649589834203269
2,75,14.323653190806054
2,76,16.99410714418731
2,77,17.949337627341514
2,78,21.27565872619745
2,79,22.285774282935797
2,80,25.961845983216776
2,81,28.159151575500324
2,82,24.505205904683095
2,83,21.751386950530396
2,84,17.9655968108069
2,85,16.246763095209772
2,86,12.831443306798171
2,87,10.986771136864292
2,88,10.262597958848668
2,89,9.298264600842211
2,90,11.161869718675012
2,91,11.736969668175675
2,92,15.330572883401727
2,93,17.14976760424278
2,94,17.71784557681785
2,95,16.951134855885954
2,96,14.98118502206003
2,97,13.677098039796066
2,98,9.953342493093402
2,99,8.950202042532654
2,100,5.910720006138687
2,101,7.13784800284349
2,102,7.150533844449055
2,103,9.426039448911737
2,104,12.339445982135313
2,105,14.929954045830462
2,106,18.56303604958536
2,107,21.217003709901505
2,108,24.51629404336316
2,109,27.490745599802487
2,110,30.094860271170063
3,1,6.331273189569154
3,2,3.801135911105024
3,4,3.8032237495049195
3,5,6.731474045316651
3,6,10.288356170917124
3,7,12.104148643426916
3,8,15.1381535464027
3,9,16.44464676180646
3,10,20.102750584174576
3,11,21.602389173251563
3,12,24.585508028746453
3,13,28.06380404349088
3,14,27.86585049819966
3,15,25.019440793317557
3,16,22.349110619876033
3,17,19.0364931994419
3,18,16.61069734056497
3,19,13.15224879643778
3,20,10.616666876589942
3,21,7.156444422700159
3,22,6.036830110324051
3,23,4.586964281064323
3,24,7.01050476421691
3,25,9.44453081332262
3,26,11.945681618028582
3,27,14.596899491978808
3,28,14.889842681460536
3,29,14.48536695034539
3,30,16.86619592442782
3,31,16.204206090704673
3,32,12.960095645144323
3,33,12.880325345345678
3,34,10.791345142849979
3,35,11.86628064700935
3,36,12.182350411050788
3,37,13.785387361522211
3,38,16.108513531478273
3,39,16.764928205387235
3,40,20.22521209887614
3,41,22.494508835142778
3,42,20.40023424863254
3,43,20.860727783547603
3,44,18.274730218874375
3,45,19.24409183510498
3,46,17.77284847196345
3,47,17.57700458951805
3,48,17.037890552558366
3,49,15.736233517955814
3,50,15.943536896345705
3,51,16.436369864508507
3,52,15.65350022885118
3,53,17.724186572782717
3,54,16.616519771215135
3,55,19.307850970399056
3,56,20.968335726838777
3,57,19.558701820921286
3,58,17.323220908559502
3,59,19.63751041526554
3,60,19.15432018704494
3,61,21.09097989643929
3,62,23.181391100180775
3,63,22.787242247196676
3,64,24.5168594137755
3,65,21.665467835498198
3,66,18.712719413026516
3,67,19.32692296655377
3,68,16.629543376141076
3,69,16.7658221989847
3,70,14.960962834685056
3,71,15.229889117306035
3,72,13.839207176524507
3,73,10.071932546970917
3,74,10.001346076365254
3,75,11.061914963739062
3,76,13.48388694876428
3,77,14.213742494138211
3,78,17.486849318145655
3,79,18.513823150627505
3,80,22.204555787989634
3,81,24.49269388451747
3,82,21.502667089562927
3,83,18.998953692463175
3,84,15.275139457595987
3,85,13.102043288564664
3,86,9.869848384675272
3,87,7.597252527136037
3,88,7.673862589458189
3,89,7.263867857000147
3,90,10.210977270935482
3,91,11.543845390272192
3,92,15.148765926154
3,93,17.345110089358204
3,94,18.444556528815724
3,95,18.26620695041596
3,96,16.670647858663973
3,97,14.740781746006082
3,98,11.081132562161015
3,99,9.298904848261143
3,100,5.63912273974654
3,101,5.784684722859359
3,102,4.695948750326778
3,103,7.740748611677332
3,104,9.747809375743065
3,105,11.902527745356403
3,106,15.667760229451376
3,107,17.977596777033213
3,108,21.391390590963525
3,109,24.16049723909353
3,110,26.823623766828653
4,1,9.850744087928005
4,2,6.5355694844205185
4,3,3.8032237495049195
4,5,3.7974157425807142
4,6,6.916527704258991
4,7,9.173616367839212
4,8,12.143418499326387
4,9,13.453628295713479
4,10,17.16283484639686
4,11,19.07147139516698
4,12,21.981134598420027
4,13,25.556667490802567
4,14,25.73576436015013
4,15,23.078485418612527
4,16,20.42444009749986
4,17,16.856983004206977
4,18,14.336570378540724
4,19,10.637497230909808
4,20,8.262531551308332
4,21,5.731671639122245
4,22,5.264206898172975
4,23,6.135178437705518
4,24,8.839604946128679
4,25,12.090929141973934
4,26,14.678201968425196
4,27,17.328021802872385
4,28,17.326141135860674
4,29,17.22215144721638
4,30,19.294487033530324
4,31,18.864512062858587
4,32,15.562183380074151
4,33,15.344539587270244
4,34,12.646999561405245
4,35,13.477406110394842
4,36,12.899150670132473
4,37,14.599555048559164
4,38,16.263588416054183
4,39,17.02020559348295
4,40,20.156216288172846
4,41,22.666773103035943
4,42,21.124857037480933
4,43,21.834726619595955
4,44,19.310190585402076
4,45,20.204068143730108
4,46,18.862841310176005
4,47,17.99189613933957
4,48,17.77988522954923
4,49,17.07672955226608
4,50,17.334534782530685
4,51,18.341847902237234
4,52,17.399118284738446
4,53,19.60694427267449
4,54,18.081459517010114
4,55,20.199662109159114
4,56,21.960176121515513
4,57,20.112906024741296
4,58,18.03476149829421
4,59,20.64108535726746
4,60,20.04231221613801
4,61,22.31408217922877
4,62,23.926328564583756
4,63,22.948991095045777
4,64,24.46404298299434
4,65,21.31387258290667
4,66,18.363651623215233
4,67,18.80907240959487
4,68,16.064095943434488
4,69,16.16405656876515
4,70,14.778953668568924
4,71,14.70454941965204
4,72,13.953723269996805
4,73,10.4598576994456
4,74,9.284243779734622
4,75,10.453330784116472
4,76,11.995862927470432
4,77,13.060602403943765
4,78,16.09414959471981
4,79,17.35789922740153
4,80,20.93712025629575
4,81,23.24535903905719
4,82,20.092941569083976
4,83,18.050513511899755
4,84,14.42356854516363
4,85,12.436501376631892
4,86,10.038055028892044
4,87,8.23794196220306
4,88,9.885442873584857
4,89,10.156658673471826
4,90,13.52788828995286
4,91,14.893549708166992
4,92,18.51206261077855
4,93,20.586534821290236
4,94,21.67634101911552
4,95,21.78249429451398
4,96,20.295506862368022
4,97,18.467530649514988
4,98,14.851768035830425
4,99,13.026915292577723
4,100,9.304634814418957
4,101,8.433640329537505
4,102,5.569939215652931
4,103,7.257482875679615
4,104,8.803533982453036
4,105,9.958308006584458
4,106,13.57233640146498
4,107,15.736551850545386
4,108,18.861074098521204
4,109,21.695670129855078
4,110,24.034493951714882
5,1,13.017889123839987
5,2,10.012378766608363
5,3,6.731474045316651
5,4,3.7974157425807142
5,6,3.806541892585556
5,7,6.524668947949076
5,8,8.82968472404961
5,9,9.789814096271265
5,10,13.473189187698479
5,11,15.300030063272212
5,12,18.296988172374864
5,13,21.824111452362406
5,14,22.07735011106371
5,15,19.380568830517344
5,16,16.859844498060472
5,17,13.23314841788629
5,18,11.00822224597252
5,19,7.4182816913778025
5,20,6.144048254449792
5,21,4.588492059803698
5,22,6.556337872086505
5,23,8.804601312075636
5,24,12.088506450561976
5,25,15.276614521416862
5,26,18.165085857211377
5,27,20.552184996917624
5,28,20.135089322598596
5,29,19.590126802351694
5,30,21.146095861686522
5,31,20.321372785291842
5,32,16.77529750880736
5,33,15.856195053364646
5,34,12.534160638094292
5,35,12.651469936179428
5,36,11.127962991853924
5,37,12.800284344364721
5,38,13.891733088040176
5,39,14.989055543591533
5,40,17.8802477421319
5,41,20.74643350815483
5,42,19.759973812467425
5,43,20.32830928134558
5,44,17.72351537956661
5,45,18.33274402525981
5,46,17.09058022237237
5,47,15.665836557059047
5,48,15.874815076567852
5,49,15.912175976043459
5,50,16.593195306596343
5,51,18.3414206408693
5,52,17.828865000824408
5,53,20.522515730898654
5,54,19.235696564402105
5,55,21.018191869202088
5,56,22.311964860763
5,57,19.89067298108079
5,58,17.527824515205136
5,59,19.91181592197331
5,60,18.81089872445377
5,61,21.059887971214266
5,62,22.11664684313745
5,63,20.80025565462319
5,64,21.91911727360531
5,65,18.531935431562122
5,66,15.827174496028334
5,67,16.53208968310719
5,68,14.210547062980853
5,69,14.937566480965408
5,70,14.460196417925225
5,71,14.927631058702875
5,72,15.126263857057268
5,73,12.083696253517134
5,74,9.757734895334508
5,75,9.745933982404893
5,76,10.155714854220177
5,77,10.59558278735958
5,78,13.114842786592366
5,79,14.139693515258022
5,80,17.55940291734968
5,81,19.75154824042643
5,82,16.75674013150332
5,83,15.115501304658999
5,84,11.737923786613504
5,85,9.632659371960571
5,86,8.201446209576645
5,87,6.9974556125075775
5,88,9.949995103300095
5,89,11.227186095712039
5,90,14.96956220711854
5,91,16.9232862220828
5,92,20.28779162764043
5,93,22.66880068993446
5,94,24.119237288075166
5,95,24.450762262658365
5,96,23.11051781920377
5,97,20.8795177806019
5,98,17.373852319595937
5,99,15.03894606841449
5,100,11.382300611883592
5,101,9.557224577183279
5,102,6.0948330180877575
5,103,6.963999316115423
5,104,6.79063163969401
5,105,6.7216682936215
5,106,10.25359017239787
5,107,12.059988390394224
5,108,15.208115543167956
5,109,17.932652229112488
5,110,20.31902818655614
6,1,16.44624268832021
6,2,13.1783652769409
6,3,10.288356170917124
6,4,6.916527704258991
6,5,3.806541892585556
6,7,3.7731545892878597
6,8,5.522842447449096
6,9,6.842914353396318
6,10,10.602316868181791
6,11,13.104755344151705
6,12,16.12465886042693
6,13,19.610636104641056
6,14,20.456484130656364
6,15,17.923580415660915
6,16,15.764981008484517
6,17,11.97732537264672
6,18,10.229216166490188
6,19,6.976243899945739
6,20,7.20031428581977
6,21,7.528438114876447
6,22,9.690013448400954
6,23,12.333454910820135
6,24,15.40693223907879
6,25,18.791901354392024
6,26,21.556128121145935
6,27,24.051721783957422
6,28,23.635294962511832
6,29,23.250703796239094
6,30,24.704283874985748
6,31,23.943159543337103
6,32,20.401050718040853
6,33,19.33345522395809
6,34,15.828912279868245
6,35,15.544361316805789
6,36,13.3363602316157
6,37,14.583829435224922
6,38,14.738561753540655
6,39,15.624774740775841
6,40,17.877544049268117
6,41,20.76476112281159
6,42,20.39919044620112
6,43,21.297713056220005
6,44,19.024551100087795
6,45,19.706233676732477
6,46,18.875615046742045
6,47,17.044170582485126
6,48,17.799460432819146
6,49,18.484600240112808
6,50,19.39060961224039
6,51,21.499412516200668
6,52,21.053876787634152
6,53,23.812877923391426
6,54,22.392543843143578
6,55,23.795190513960762
6,56,25.048910487768655
6,57,22.344719342896273
6,58,20.093456492771082
6,59,22.457502768317614
6,60,21.13839902413992
6,61,23.40642104889618
6,62,23.94067237417281
6,63,22.219946337763446
6,64,22.889421671553777
6,65,19.274275267447322
6,66,16.946681541331618
6,67,17.703933774342925
6,68,15.737508504572391
6,69,16.630274263820073
6,70,16.720345299892347
6,71,17.00600758444962
6,72,17.707144506574423
6,73,15.037859403052222
6,74,12.267943469906141
6,75,12.119553077090325
6,76,11.395487528767633
6,77,11.731204000330216
6,78,13.395575393020987
6,79,14.252443791726279
6,80,17.193106901000835
6,81,19.071042524115867
6,82,15.360190879201005
6,83,14.331677250889715
6,84,11.406818116954826
6,85,10.114488728323565
6,86,9.98254796232579
6,87,9.877804760899947
6,88,13.264666836759961
6,89,14.923846082932108
6,90,18.696134119669708
6,91,20.724374962374153
6,92,24.061786598945158
6,93,26.44828937187804
6,94,27.889027096228673
6,95,28.2327300108193
6,96,26.84865486834837
6,97,24.64191834891086
6,98,21.093205165960338
6,99,18.65256158188169
6,100,14.961704509614155
6,101,12.720934543278501
6,102,9.00868045959696
6,103,8.340986898072131
6,104,7.4844125011846465
6,105,5.785442532960442
6,106,8.306288537139162
6,107,9.935465462920149
6,108,12.487643209804205
6,109,15.398100868926454
6,110,17.390279435555744
7,1,17.753038635463575
7,2,14.547168148386127
7,3,12.104148643426916
7,4,9.173616367839212
7,5,6.524668947949076
7,6,3.7731545892878597
7,8,3.8140636310681164
7,9,7.035071237335078
7,10,10.602110526794933
7,11,13.39358171059411
7,12,16.76958048291883
7,13,19.87926788163503
7,14,21.11349374415815
7,15,18.31552211566595
7,16,16.8766442078755
7,17,13.256627810791496
7,18,12.503426549650625
7,19,9.891994119232118
7,20,10.806267874630258
7,21,10.762119935622383
7,22,12.958167003545181
7,23,15.074300361408442
7,24,18.006661442810106
7,25,21.21769391652707
7,26,23.66569219031642
7,27,26.451973892907453
7,28,26.40536955111215
7,29,25.954047218000042
7,30,27.616107071505507
7,31,26.603249112298823
7,32,22.94908947004944
7,33,21.552232946210324
7,34,18.02561594571199
7,35,17.08042409410555
7,36,14.429315763314406
7,37,14.706070419564197
7,38,14.077421749133157
7,39,14.146123339989956
7,40,15.844890077421262
7,41,18.38034151831935
7,42,18.28758524360835
7,43,19.718081459531106
7,44,18.027672207536614
7,45,19.25042821703823
7,46,19.15844671185648
7,47,17.6342139661247
7,48,19.103815089150462
7,49,20.21580336304604
7,50,21.688190745039474
7,51,23.988468160149125
7,52,23.93895506055814
7,53,26.854725540957567
7,54,25.68369509461977
7,55,27.29670322411678
7,56,28.42211331022429
7,57,25.685304054762433
7,58,23.176344222525476
7,59,25.22085531298042
7,60,23.509259322776753
7,61,25.36382387260852
7,62,25.693380643417576
7,63,24.174008094430388
7,64,24.35047848355209
7,65,20.594798202213564
7,66,18.822054269074638
7,67,20.158135615606863
7,68,18.660822891289573
7,69,19.97776731655952
7,70,20.243279311078325
7,71,20.71670597190152
7,72,21.31141311338506
7,73,18.447640577573562
7,74,15.873676699597752
7,75,15.558972138278975
7,76,14.78646840249485
7,77,14.504230589713488
7,78,15.625962127465927
7,79,15.663787222002666
7,80,18.177756145712355
7,81,19.359012115982644
7,82,13.523577442054538
7,83,12.332934318274543
7,84,9.567245603751719
7,85,9.601739239175291
7,86,9.991855124471705
7,87,11.207213634611877
7,88,14.548827824408635
7,89,16.824511446762493
7,90,20.500037078676925
7,91,22.859034751410952
7,92,26.106595222991746
7,93,28.758262492343086
7,94,30.23708369969396
7,95,30.202963166547864
7,96,28.56683792778214
7,97,26.240354697485355
7,98,22.595879837381595
7,99,19.81059946382469
7,100,16.159865471856076
7,101,13.285050125937824
7,102,9.604642991651936
7,103,7.441505131218492
7,104,6.395597486082137
7,105,4.698950486144847
7,106,6.153689445676271
7,107,8.803861962677919
7,108,10.987533341829106
7,109,14.447201999173561
7,110,16.51381384736249
8,1,21.051353827867917
8,2,17.953035243514478
8,3,15.1381535464027
8,4,12.143418499326387
8,5,8.82968472404961
8,6,5.522842447449096
8,7,3.8140636310681164
8,9,3.810156534458864
8,10,6.961549336361713
8,11,9.960244786925925
8,12,13.30711656230169
8,13,16.26685924877811
8,14,17.791467425310902
8,15,15.155704430929635
8,16,14.08274290502807
8,17,10.642838761042812
8,18,10.66590985587959
8,19,9.071102733845773
8,20,11.22518345428491
8,21,12.184505634731815
8,22,14.96890176815637
8,23,17.622555464669396
8,24,20.815057486923617
8,25,24.075065642054327
8,26,26.7995944004186
8,27,29.34887015853664
8,28,28.93821551131127
8,29,28.27735743352034
8,30,29.541743493147695
8,31,28.395384733935273
8,32,24.71620763346831
8,33,23.038907877133344
8,34,19.312672190206456
8,35,18.097455791787855
8,36,15.00241027325244
8,37,15.298368963453475
8,38,14.048569752095732
8,39,14.558297387717287
8,40,15.701390862265105
8,41,18.547398492542715
8,42,19.170958011363425
8,43,20.313257501481026
8,44,18.606965200467208
8,45,19.353308413924644
8,46,19.299869587985217
8,47,17.207963015101264
8,48,18.940412060712234
8,49,20.62052175380896
8,50,22.20918195629461
8,51,24.91694540708367
8,52,25.04570336105167
8,53,28.14329941410113
8,54,27.058141101396807
8,55,28.306640011041473
8,56,29.117916602850286
8,57,26.03871587200906
8,58,23.5332289599707
8,59,25.395798383739518
8,60,23.443182330496786
8,61,25.291873746462443
8,62,25.065869412201902
8,63,23.170812123718555
8,64,22.94175646201577
8,65,19.131108091691384
8,66,17.76785916547599
8,67,19.14013893118119
8,68,18.151217834113442
8,69,19.79295180421779
8,70,20.73948458604599
8,71,21.456265983668157
8,72,22.676750650983617
8,73,20.244049573116026
8,74,17.17191222101474
8,75,16.27089465429221
8,76,14.61955142109041
8,77,13.925426550421404
8,78,14.144379112635704
8,79,13.929976504667762
8,80,15.865790999785998
8,81,16.7906465709448
8,82,11.444882224976853
8,83,11.326852327680589
8,84,9.556603980588532
8,85,9.722349972885867
8,86,11.394538001209979
8,87,12.800647987439802
8,88,16.491014356299164
8,89,18.967421144975685
8,90,22.724945945996772
8,91,25.241489906555962
8,92,28.322658698671773
8,93,31.036588022799563
8,94,32.7106969362717
8,95,32.94967386256204
8,96,31.495631005421117
8,97,28.989888489015904
8,98,25.473629603235683
8,99,22.583935793100636
8,100,19.049860719389354
8,101,16.103474355593594
8,102,12.561162484102649
8,103,10.698739354204134
8,104,8.539441832464425
8,105,5.266174351195257
8,106,4.631557035716253
8,107,5.88224619108628
8,108,7.4666063241160545
8,109,10.819982390302604
8,110,12.71710316009569
9,1,22.638390260316715
9,2,19.680301254581263
9,3,16.44464676180646
9,4,13.453628295713479
9,5,9.789814096271265
9,6,6.842914353396318
9,7,7.035071237335078
9,8,3.810156534458864
9,10,3.801918863906811
9,11,6.6319064725592165
9,12,9.773015266418291
9,13,13.021086967298633
9,14,14.379014124404437
9,15,12.03965222871413
9,16,10.650164051771869
9,17,7.1856347262272395
9,18,7.420168974159189
9,19,6.856958471839433
9,20,9.939451318200048
9,21,11.835726446967442
9,22,14.983771597066493
9,23,18.13106206244473
9,24,21.533687300189825
9,25,24.798876764397846
9,26,27.871093165494703
9,27,30.039318465278665
9,28,29.146285301003704
9,29,28.299405512553946
9,30,29.093925905354517
9,31,27.93773494915631
9,32,24.34798958752482
9,33,22.60588348644167
9,34,18.81216539642706
9,35,17.730675588453135
9,36,14.614140909363254
9,37,15.497627876007979
9,38,14.361830712861169
9,39,15.752162100199653
9,40,16.947251871030645
9,41,20.21141455859114
9,42,21.05086647925789
9,43,21.585321578261198
9,44,19.469480661870612
9,45,19.475275232620138
9,46,18.943953277928248
9,47,16.2362034379258
9,48,17.686028928945532
9,49,19.56386829805787
9,50,20.916714649510954
9,51,23.832904754585368
9,52,23.940353495435055
9,53,27.084041755109446
9,54,26.01576979860582
9,55,26.851582835405882
9,56,27.39493343624099
9,57,24.069046128799503
9,58,21.705903895373883
9,59,23.513198425198137
9,60,21.575985426325364
9,61,23.620099377843168
9,62,23.04615409283948
9,63,20.727543496140964
9,64,20.464798424077294
9,65,16.7324188590533
9,66,15.394252144577775
9,67,16.447829069824184
9,68,15.723968932648797
9,69,17.47178319137587
9,70,18.971752168865244
9,71,19.89224802607959
9,72,21.69348527964809
9,73,19.782524695980857
9,74,16.31441117464568
9,75,14.898304211359328
9,76,12.5023788345614
9,77,11.638510446045556
9,78,11.21502390524593
9,79,11.279648737544132
9,80,12.977125086772741
9,81,14.249964475731325
9,82,11.476193121546741
9,83,12.203121339966462
9,84,10.995628890115865
9,85,10.261445151083754
9,86,12.39991223102096
9,87,13.223765900140844
9,88,17.055768437692375
9,89,19.3434029230446
9,90,23.124667873139536
9,91,25.586448043461893
9,92,28.51292560068256
9,93,31.129301082284055
9,94,32.94865700212527
9,95,33.60045516133603
9,96,32.441511464134116
9,97,29.850619303847818
9,98,26.532709088170176
9,99,23.75056383486922
9,100,20.352723189233835
9,101,17.688401485104208
9,102,14.31365016487479
9,103,13.287038120505946
9,104,10.665726920083646
9,105,6.944276699336986
9,106,6.308099742366985
9,107,5.083914979984812
9,108,6.536828538516685
9,109,8.840343115667329
9,110,10.632206171574945
10,1,26.30523230869585
10,2,23.421459628120296
10,3,20.102750584174576
10,4,17.16283484639686
10,5,13.473189187698479
10,6,10.602316868181791
10,7,10.602110526794933
10,8,6.961549336361713
10,9,3.801918863906811
10,11,3.801084901278643
10,12,6.514094169565095
10,13,9.492565384838032
10,14,11.404094118020565
10,15,9.563950202478981
10,16,8.923630515628648
10,17,6.405626223661622
10,18,8.032528642536194
10,19,9.104590153594517
10,20,12.637539129159748
10,21,14.98709014784337
10,22,18.235821133520624
10,23,21.54419819116924
10,24,24.99546164546001
10,25,28.236774847085314
10,26,31.424201618646652
10,27,33.43409725087215
10,28,32.31727135970976
10,29,31.342664625786295
10,30,31.83144514574243
10,31,30.59411958421141
10,32,27.07241181347775
10,33,25.16107714711393
10,34,21.370209250459318
10,35,20.11314508225012
10,36,16.848731911172386
10,37,17.630714254567817
10,38,16.047951417182933
10,39,17.63602931725886
10,40,18.25177387094733
10,41,21.552589009021858
10,42,22.94458633740726
10,43,23.267347442219307
10,44,21.275842928372178
10,45,20.899548541185638
10,46,20.462129252536336
10,47,17.406345124398246
10,48,19.020756952213773
10,49,21.331357289627977
10,50,22.732790672115126
10,51,25.893166431900276
10,52,26.155551128902452
10,53,29.357037841353574
10,54,28.387371886736275
10,55,28.881675840807915
10,56,29.129409801321724
10,57,25.590459496145808
10,58,23.335310064744803
10,59,24.888539113162892
10,60,22.794409241137096
10,61,24.73947580535694
10,62,23.60122544847814
10,63,20.95803673638532
10,64,20.221894865493717
10,65,16.648394494789894
10,66,15.922203179949957
10,67,16.914200893220396
10,68,16.837817978691803
10,69,18.789995200255174
10,70,20.863123815502945
10,71,21.93760233488503
10,72,24.183943872767763
10,73,22.675329682824806
10,74,19.02573416337906
10,75,17.26762038910463
10,76,14.304617221926803
10,77,13.134750802736939
10,78,11.631003812905957
10,79,11.376538531678738
10,80,11.975069136235824
10,81,12.788712019617964
10,82,11.392608677091294
10,83,13.234771840194052
10,84,13.066680484861068
10,85,12.600763687114659
10,86,15.33383730164774
10,87,16.287943438485204
10,88,20.102845651444415
10,89,22.45967556608405
10,90,26.180451039702763
10,91,28.708219326781872
10,92,31.460137135640316
10,93,34.087862990004844
10,94,36.02600200767857
10,95,36.85455448166353
10,96,35.82146424562994
10,97,33.13250549027097
10,98,29.93285221266443
10,99,27.107430093528677
10,100,23.836070188443706
10,101,21.145468041642044
10,102,17.916623080544284
10,103,16.88093065182855
10,104,13.986512797080108
10,105,10.179668804433708
10,106,8.514733833713773
10,107,5.715580259987555
10,108,5.1628922310043635
10,109,6.006412099012573
10,110,7.137362154022358
11,1,27.688274083914585
11,2,25.15231127711426
11,3,21.602389173251563
11,4,19.07147139516698
11,5,15.300030063272212
11,6,13.104755344151705
11,7,13.39358171059411
11,8,9.960244786925925
11,9,6.6319064725592165
11,10,3.801084901278643
11,12,3.7881410871052403
11,13,6.657303464144266
11,14,7.851055209940095
11,15,5.779232399625126
11,16,5.503748241930388
11,17,4.307337612697092
11,18,7.442487489196817
11,19,9.866824003612251
11,20,13.657115567258796
11,21,15.962761048494396
11,22,19.4846739403582
11,23,22.77953560393888
11,24,26.39890419415544
11,25,29.394556503351513
11,26,32.7776197435436
11,27,34.485397438231026
11,28,33.08358867743282
11,29,31.73166019719683
11,30,31.82688099511007
11,31,30.310650093569787
11,32,26.868924267458834
11,33,24.65673678580997
11,34,20.947628766740515
11,35,19.45266912869476
11,36,16.168367262876906
11,37,17.003454696869117
11,38,15.344008603671393
11,39,17.4868167486429
11,40,17.99129139608627
11,41,21.497583696960877
11,42,23.078768476618844
11,43,22.81776892737529
11,44,20.64635758235493
11,45,19.64973400587997
11,46,19.03744179707462
11,47,15.671297989157834
11,48,17.279766695827494
11,49,19.952483552187985
11,50,21.456609226374745
11,51,24.86292419660073
11,52,25.47275012962588
11,53,28.809129445655007
11,54,28.206967703263903
11,55,28.561612968062725
11,56,28.315682608043137
11,57,24.614104248863335
11,58,22.252667935824157
11,59,23.33493745939067
11,60,20.98145550337169
11,61,22.68873412835542
11,62,21.0826262615624
11,63,18.30900391559848
11,64,17.180648529989018
11,65,13.794711224813728
11,66,13.655004149922924
11,67,14.817239223169851
11,68,15.527943560111188
11,69,17.955967872526447
11,70,20.570623883796088
11,71,22.177895669357934
11,72,24.740135429692
11,73,23.52102845335392
11,74,19.813109231667802
11,75,17.422232659274147
11,76,14.222500263279992
11,77,12.319765120148977
11,78,9.852505685829842
11,79,8.984873630351528
11,80,8.674397295764475
11,81,9.327871982027103
11,82,10.770625167368369
11,83,13.12897512009642
11,84,13.592981265868294
11,85,12.729853446781087
11,86,15.817486892014209
11,87,16.689127766885623
11,88,20.341260578558597
11,89,22.763451044364736
11,90,26.309546119071765
11,91,28.979812249534163
11,92,31.39175477897147
11,93,34.09711233341953
11,94,36.255484205221336
11,95,37.27716556953451
11,96,36.44787254404783
11,97,33.554333961245526
11,98,30.61206144161815
11,99,27.727675307114
11,100,24.764723065006287
11,101,22.145659606554513
11,102,19.316407378239187
11,103,18.72439182995631
11,104,15.425008962686636
11,105,11.749058489860833
11,106,10.114516433673298
11,107,6.485810787456028
11,108,6.1855981449615856
11,109,4.936028543814018
11,110,6.722571170553676
12,1,30.728153681747962
12,2,28.190085137795272
12,3,24.585508028746453
12,4,21.981134598420027
12,5,18.296988172374864
12,6,16.12465886042693
12,7,16.76958048291883
12,8,13.30711656230169
12,9,9.773015266418291
12,10,6.514094169565095
12,11,3.7881410871052403
12,13,3.7939404188198247
12,14,5.347474091047523
12,15,5.396801617326702
12,16,5.454012515802229
12,17,6.141654811783485
12,18,8.909138531667304
12,19,11.997320763795619
12,20,15.661073722510482
12,21,18.427538223119832
12,22,21.787654634975087
12,23,25.2685723293447
12,24,28.822545343282137
12,25,31.83435819329556
12,26,35.33294253808905
12,27,36.810997892445805
12,28,35.12410406598283
12,29,33.78863886644116
12,30,33.56099123187477
12,31,32.18180921615721
12,32,28.93928826404715
12,33,26.852012031820703
12,34,23.27530926930617
12,35,22.040365315823628
12,36,18.998132362097486
12,37,20.13705493866811
12,38,18.628605316740867
12,39,20.99676026283087
12,40,21.407487604833275
12,41,24.912148695421795
12,42,26.623522195463142
12,43,26.154993836863284
12,44,23.910472085438755
12,45,22.556747094308484
12,46,21.697236715018963
12,47,18.11370079064826
12,48,19.351277459566848
12,49,21.994047587017313
12,50,23.1451182392653
12,51,26.525063765130394
12,52,26.9965385144711
12,53,30.183210795462795
12,54,29.50327531138686
12,55,29.391040188417648
12,56,28.981564300453964
12,57,25.196809121048844
12,58,23.21655198138317
12,59,24.246720405074825
12,60,22.099908590049395
12,61,23.940519395372295
12,62,21.99109848845262
12,63,18.82565122709423
12,64,17.62812325873759
12,65,14.7484718219946
12,66,14.818078010450549
12,67,15.346472151562175
12,68,16.360511688088387
12,69,18.551548333540044
12,70,21.52398339929211
12,71,23.0494759957287
12,72,25.995688020443314
12,73,25.285994289258486
12,74,21.492542163212896
12,75,19.046436864350568
12,76,15.485043213261958
12,77,13.856935380026814
12,78,10.904136988833821
12,79,10.562235737513761
12,80,9.382979604467035
12,81,10.105431587729676
12,82,13.965904914356441
12,83,16.63927798825604
12,84,17.31338879368344
12,85,16.28065309432349
12,86,19.278690652290006
12,87,19.796393945630136
12,88,23.353365115810647
12,89,25.500774726139547
12,90,28.969326867877843
12,91,31.457286699470384
12,92,33.76969076855625
12,93,36.28868406095816
12,94,38.454857735657626
12,95,39.759731671909336
12,96,39.12401963559331
12,97,36.287359188313296
12,98,33.47695218954977
12,99,30.76073521628089
12,100,27.865934137297078
12,101,25.472816329090826
12,102,22.677270663117113
12,103,22.297943224916523
12,104,19.075413199276866
12,105,15.407316193750553
12,106,13.880902473085719
12,107,10.251624894164099
12,108,9.336494728903807
12,109,6.9520790378922745
12,110,7.013340687765158
13,1,34.128433833405246
13,2,31.676525666199208
13,3,28.06380404349088
13,4,25.556667490802567
13,5,21.824111452362406
13,6,19.610636104641056
13,7,19.87926788163503
13,8,16.26685924877811
13,9,13.021086967298633
13,10,9.492565384838032
13,11,6.657303464144266
13,12,3.7939404188198247
13,14,3.8273502451139
13,15,5.433340843299363
13,16,7.4672210245389286
13,17,9.367102784721295
13,18,12.484505316669066
13,19,15.686297478125965
13,20,19.375718292070044
13,21,22.017829659380265
13,22,25.45946922693711
13,23,28.878519433385627
13,24,32.478521669899855
13,25,35.41583395476554
13,26,38.92737471831354
13,27,40.37473988992971
13,28,38.65243007110599
13,29,37.16520011602831
13,30,36.80586615552894
13,31,35.2539605284295
13,32,32.04139735989419
13,33,29.74388200420224
13,34,26.233582105740986
13,35,24.713425795808085
13,36,21.57800031850986
13,37,22.357003779877687
13,38,20.463490976066574
13,39,22.72754105552102
13,40,22.601944460075632
13,41,25.93463379825292
13,42,28.05947244290712
13,43,27.46480410068004
13,44,25.493622510961824
13,45,23.97841945325481
13,46,23.410639419727612
13,47,19.872300855114553
13,48,21.377386259411864
13,49,24.334032977857248
13,50,25.694281073133336
13,51,29.207745695339543
13,52,29.95123738272306
13,53,33.20013072987207
13,54,32.73664793259265
13,55,32.55181517482219
13,56,31.869738765068707
13,57,28.041272389475594
13,58,26.03577060559793
13,59,26.68601413228187
13,60,24.330146418974874
13,61,25.807732879067565
13,62,23.413065449219474
13,63,20.307313274655105
13,64,18.522120582337244
13,65,16.055839465051235
13,66,16.915731056044795
13,67,17.6659577972041
13,68,19.242760842237402
13,69,21.63010814453832
13,70,24.813086775286653
13,71,26.51195786522695
13,72,29.55226602459634
13,73,28.92020238807269
13,74,25.143364862439885
13,75,22.536633720499506
13,76,18.984349037613814
13,77,17.08066009084388
13,78,13.789826475611768
13,79,12.84038835244117
13,80,10.614169607207396
13,81,10.203808459291759
13,82,14.817345710365405
13,83,18.01532691659365
13,84,19.382329481556937
13,85,18.738481442143073
13,86,22.029587800521064
13,87,22.855462636713064
13,88,26.33044062381821
13,89,28.659348315098445
13,90,32.030390319721526
13,91,34.662258934684935
13,92,36.79550926246906
13,93,39.413078848812596
13,94,41.68874265040576
13,95,42.9924336305014
13,96,42.38130949734505
13,97,39.42017149367179
13,98,36.68994671823358
13,99,33.851913858337724
13,100,31.077645412321154
13,101,28.545599610071783
13,102,25.876092287215755
13,103,25.335250862678404
13,104,21.94354355884141
13,105,18.317978805149078
13,106,16.29760913894193
13,107,12.5265938437218
13,108,10.881990876749404
13,109,7.488644858877368
13,110,6.695792875040244
14,1,33.72283639627458
14,2,31.59830739636572
14,3,27.86585049819966
14,4,25.73576436015013
14,5,22.07735011106371
14,6,20.456484130656364
14,7,21.11349374415815
14,8,17.791467425310902
14,9,14.379014124404437
14,10,11.404094118020565
14,11,7.851055209940095
14,12,5.347474091047523
14,13,3.8273502451139
14,15,3.829891599341228
14,16,5.689195937110033
14,17,8.887458773438864
14,18,11.991273152959563
14,19,15.585080282653646
14,20,19.125315403879274
14,21,21.57905739281145
14,22,25.069184299195058
14,23,28.374962069378395
14,24,32.02154327303931
14,25,34.693634044968015
14,26,38.32318575835453
14,27,39.4714563914536
14,28,37.52423334613781
14,29,35.75485068053239
14,30,35.0752805124028
14,31,33.35059056146846
14,32,30.298812481348907
14,33,27.88178290057704
14,34,24.58216413218904
14,35,23.06719081168874
14,36,20.195409551423175
14,37,21.197532970359713
14,38,19.631712428529315
14,39,22.356183735454106
14,40,22.50094019968461
14,41,25.988729208545855
14,42,27.917177595830097
14,43,26.815519728719675
14,44,24.55510526270449
14,45,22.536047391391453
14,46,21.601012622734245
14,47,17.9549920130076
14,48,19.121290029957805
14,49,22.097467227569574
14,50,23.36149396342214
14,51,26.907287711125257
14,52,27.861503413913393
14,53,31.116687445920252
14,54,30.96202177316176
14,55,30.702506608182926
14,56,29.634453544912322
14,57,25.792068792498743
14,58,23.759905535803092
14,59,24.01916998579617
14,60,21.593388123390987
14,61,22.899308468034896
14,62,20.250593606786428
14,63,17.093068672998328
14,64,15.169850491012788
14,65,13.1322789262578
14,66,14.348762940549292
14,67,15.049452510443492
14,68,17.178719457610367
14,69,19.8062571767158
14,70,23.249351396114253
14,71,25.34887883716026
14,72,28.504398403875435
14,73,28.092961522971116
14,74,24.411888522248546
14,75,21.42660609179084
14,76,17.952717070546576
14,77,15.667824404826959
14,78,12.0281703622311
14,79,10.89226055093657
14,80,8.047609527819315
14,81,7.897318571275453
14,82,15.358256283247897
14,83,18.305757518405617
14,84,19.63478156150528
14,85,18.45169328896853
14,86,21.615125899674087
14,87,22.132732838534757
14,88,25.321694561267147
14,89,27.511727256418894
14,90,30.646300847213094
14,91,33.26881822702708
14,92,35.09610936221817
14,93,37.68504568852168
14,94,40.08979707966179
14,95,41.56687640945134
14,96,41.16032840577508
14,97,38.10997837197417
14,98,35.650560657995385
14,99,32.88919650086496
14,100,30.41682683164872
14,101,28.10731796332036
14,102,25.804334251697803
14,103,25.753100414411538
14,104,22.25262002404752
14,105,18.875620557402833
14,106,17.332259510858407
14,107,13.561938350634994
14,108,12.854409780440097
14,109,9.640423725482407
14,110,10.022805508268084
15,1,30.748809902436996
15,2,28.72207184751191
15,3,25.019440793317557
15,4,23.078485418612527
15,5,19.380568830517344
15,6,17.923580415660915
15,7,18.31552211566595
15,8,15.155704430929635
15,9,12.03965222871413
15,10,9.563950202478981
15,11,5.779232399625126
15,12,5.396801617326702
15,13,5.433340843299363
15,14,3.829891599341228
15,16,3.8283479542472443
15,17,6.635034367611796
15,18,10.263077405516908
15,19,13.548562339702166
15,20,17.173128990322013
15,21,19.16522898986333
15,22,22.832086975786826
15,23,25.934667091155507
15,24,29.66273688574176
15,25,32.25569445684697
15,26,35.802771272096905
15,27,37.11352544924672
15,28,35.39545226245691
15,29,33.529643610089316
15,30,33.09452410763228
15,31,31.163360174777512
15,32,27.92259901563115
15,33,25.296181604645003
15,34,21.886555941108583
15,35,20.02919123627621
15,36,16.91811980158622
15,37,17.606241807323507
15,38,15.85823980556983
15,39,18.530130416676638
15,40,18.71093639634033
15,41,22.24512501725977
15,42,24.099487446640904
15,43,23.022692870984596
15,44,20.787488905940524
15,45,18.913829125737777
15,46,18.18586116089953
15,47,14.631313859343521
15,48,16.224558218626218
15,49,19.391961816790378
15,50,21.07962078353395
15,51,24.73933290924873
15,52,25.93207723484378
15,53,29.38406404333366
15,54,29.388836676324715
15,55,29.581496417748554
15,56,28.585252442603032
15,57,24.777761774000183
15,58,22.306795557847504
15,59,22.510233122721328
15,60,19.763313777307648
15,61,20.861592915759893
15,62,18.426549537626016
15,63,15.631784604611443
15,64,13.603815910833104
15,65,10.909596503678786
15,66,12.19891628851133
15,67,13.698140310836955
15,68,15.757354497994159
15,69,18.763993274531597
15,70,21.97991306607088
15,71,24.272079984012656
15,72,27.116564578524606
15,73,26.26637573464116
15,74,22.664317663963338
15,75,19.599410971859214
15,76,16.423545815883678
15,77,13.692142050477708
15,78,10.201542293141515
15,79,8.190524742652496
15,80,5.468400739634483
15,81,4.909327976162763
15,82,11.780173727804634
15,83,14.565533688291891
15,84,15.922864219058406
15,85,14.812698206043281
15,86,18.10628696967069
15,87,18.93594820771797
15,88,22.126456299476388
15,89,24.596903208180326
15,90,27.749662804855145
15,91,30.590009743359303
15,92,32.433980557775136
15,93,35.235194151936845
15,94,37.68184730504447
15,95,38.90942397743903
15,96,38.35077530133765
15,97,35.1980814287818
15,98,32.672262071028555
15,99,29.7347849596263
15,100,27.288892677926786
15,101,24.793705324760726
15,102,22.596176201983123
15,103,22.458816834485823
15,104,18.847146632452127
15,105,15.614315691305947
15,106,14.042670543488459
15,107,10.347750491995928
15,108,10.205076784704096
15,109,7.431311483037294
15,110,9.230023548219432
16,1,28.128185568022374
16,2,26.11467575352313
16,3,22.349110619876033
16,4,20.42444009749986
16,5,16.859844498060472
16,6,15.764981008484517
16,7,16.8766442078755
16,8,14.08274290502807
16,9,10.650164051771869
16,10,8.923630515628648
16,11,5.503748241930388
16,12,5.454012515802229
16,13,7.4672210245389286
16,14,5.689195937110033
16,15,3.8283479542472443
16,17,3.8061028403737853
16,18,6.869636015790149
16,19,10.428038611684611
16,20,13.871413821969512
16,21,16.049387058839578
16,22,19.597723226144534
16,23,22.796646104339782
16,24,26.473386699513615
16,25,29.065416455710746
16,26,32.69360168515061
16,27,33.84751590463013
16,28,31.975534438328044
16,29,30.191959603467616
16,30,29.67511743888779
16,31,27.94310338557489
16,32,24.78084064641497
16,33,22.41555098199783
16,34,19.018670651391606
