1,2,3.8284556050403897
1,3,5.855708493257754
1,4,5.378944846553417
1,5,8.347069406528291
1,6,10.318065888211677
1,7,10.203295605085584
1,8,11.163102933073368
1,9,13.823655227480604
1,10,15.188610430345827
1,11,15.327078073555251
1,12,17.161673351900635
1,13,19.146090955503286
1,14,20.29206076494447
1,15,20.681402723775445
1,16,22.70318509821523
1,17,25.11896321864477
1,18,25.307929000028405
1,19,26.405531318737427
1,20,29.238900075968942
1,21,30.69479919034602
1,22,30.90590692115232
1,23,30.322728925572896
1,24,33.183317280888296
1,25,31.42206870381193
1,26,27.901824985589403
1,27,27.469553025178286
1,28,27.994077633732573
1,29,24.781625462895963
1,30,22.84195205290188
1,31,24.672111171621033
1,32,23.941625131231365
1,33,20.172231364353625
1,34,20.917125176090373
1,35,22.94410613171259
1,36,20.7194263834546
1,37,17.61830131165722
1,38,20.215432621470494
1,39,21.635998767355577
1,40,18.825475257325
1,41,18.740582019526602
1,42,16.13775936380497
1,43,16.25510292612782
1,44,14.360363897870753
1,45,12.17233298258426
1,46,15.25762109160887
1,47,15.314242780504943
1,48,11.841954298053992
1,49,12.907983851930764
1,50,16.319399380516714
1,51,15.068525489373226
1,52,14.713219201276148
1,53,17.869570626760073
1,54,19.904424138264854
1,55,23.15703779610108
1,56,24.35491688827717
1,57,27.80298022104931
1,58,29.94190147053979
1,59,33.60539463252875
2,1,3.8284556050403897
2,3,3.8176958549928903
2,4,5.984001740926211
2,5,8.305912207419262
2,6,8.996867236845572
2,7,9.508310989277229
2,8,11.538418964794333
2,9,13.464887148832272
2,10,14.39399601975915
2,11,15.395445651614057
2,12,17.572713845803587
2,13,18.90965779433544
2,14,19.525951041817
2,15,20.219069879767424
2,16,22.730196017654787
2,17,24.706654234330763
2,18,24.554119133166488
2,19,26.069674922042804
2,20,28.961180401798835
2,21,29.956295093545364
2,22,30.06599669265002
2,23,29.055515586074176
2,24,31.67525028888431
2,25,29.722864044515653
2,26,26.23654448111998
2,27,25.3454271641737
2,28,25.986517481059288
2,29,23.06176554381779
2,30,20.71791676926471
2,31,22.267584051784873
2,32,21.932571415339055
2,33,18.14062787340837
2,34,18.30322813486373
2,35,20.47950101206687
2,36,18.71281873371184
2,37,15.31085686782153
2,38,17.477293336649865
2,39,19.306521951045287
2,40,16.589942657963935
2,41,15.897163922785241
2,42,12.940275142954526
2,43,12.973970759269914
2,44,10.712991628424188
2,45,8.890217783826566
2,46,12.311348106440985
2,47,12.435694493479502
2,48,9.379904497204807
2,49,11.010044817220233
2,50,14.355598224282373
2,51,13.539303551304856
2,52,14.113974137944068
2,53,17.1424331742228
2,54,19.666089433261693
2,55,22.69281562374511
2,56,23.480333757132726
2,57,27.122062271825413
2,58,28.996965705738504
2,59,32.68619433592008
3,1,5.855708493257754
3,2,3.8176958549928903
3,4,3.793394783995784
3,5,5.446301499243552
3,6,5.274652255837938
3,7,5.926019170181092
3,8,8.246042261312038
3,9,9.818802937546723
3,10,10.626734335972056
3,11,11.936658727727451
3,12,14.120571076329973
3,13,15.205461697500652
3,14,15.735050137339616
3,15,16.600858885729423
3,16,19.15110446766995
3,17,20.969984301033907
3,18,20.88014150184475
3,19,22.55637366017537
3,20,25.33561921950982
3,21,26.283606298541134
3,22,26.554335649383074
3,23,25.63068261547433
3,24,28.37324898286202
3,25,26.658397261376898
3,26,23.305898169809534
3,27,22.461016287441463
3,28,22.75511900889379
3,29,19.70234056072071
3,30,17.625541009297955
3,31,19.09134100287505
3,32,18.41849527407049
3,33,14.64662718564606
3,34,15.133631713051056
3,35,17.13462412657645
3,36,15.1093268021871
3,37,11.882826307642432
3,38,14.460921605531558
3,39,16.142053479609256
3,40,13.679202107253923
3,41,13.45378019253723
3,42,11.068132798103097
3,43,10.669679340524079
3,44,9.373741332911042
3,45,6.821748766129467
3,46,9.803329930741095
3,47,10.739963648239444
3,48,7.859706267545408
3,49,8.27916974895159
3,50,11.969762150801694
3,51,11.92252518898809
3,52,12.299260939983517
3,53,14.764783867464589
3,54,17.656816955311303
3,55,20.332067623227623
3,56,20.72894437181334
3,57,24.339323439138745
3,58,25.956900060617926
3,59,29.56636641173655
4,1,5.378944846553417
4,2,5.984001740926211
4,3,3.793394783995784
4,5,3.8185672106280726
4,6,5.6451147513391655
4,7,5.264549052133793
4,8,5.868392069886134
4,9,8.49638776915829
4,10,9.961577735171543
4,11,10.205611339277889
4,12,11.933741268319636
4,13,13.772002116780758
4,14,14.994408293135553
4,15,15.578036194906645
4,16,17.52698045947868
4,17,19.817007680886686
4,18,20.197842381208545
4,19,21.457412980939672
4,20,24.10672027816276
4,21,25.57837050436809
4,22,26.056497417242397
4,23,25.671369305453883
4,24,28.72878444030556
4,25,27.341966443956867
4,26,24.0347351022279
4,27,23.72522090651291
4,28,23.74395437066047
4,29,20.34557557491359
4,30,18.88221557674096
4,31,20.600337043479087
4,32,19.342637674443612
4,33,15.694639483336006
4,34,16.973304111898166
4,35,18.661716687723438
4,36,16.030779586073486
4,37,13.351305875895182
4,38,16.46563350645643
4,39,17.54120059919152
4,40,15.091187696773964
4,41,15.729441419429623
4,42,13.955312026525627
4,43,13.642043405270693
4,44,12.933006444506146
4,45,10.12251967769438
4,46,12.456331537236064
4,47,13.435524733265458
4,48,10.25190132023223
4,49,9.713154727566373
4,50,13.430046534000361
4,51,13.13045876653879
4,52,12.370742625317174
4,53,14.721698486581705
4,54,17.20717101813765
4,55,19.97225082599926
4,56,20.657432977428865
4,57,24.021692436446575
4,58,25.813444876300014
4,59,29.347258408367452
5,1,8.347069406528291
5,2,8.305912207419262
5,3,5.446301499243552
5,4,3.8185672106280726
5,6,3.8200547795848028
5,7,5.5993310312032705
5,8,5.0918269877263596
5,9,6.125161215692962
5,10,8.7162832160725
5,11,9.745197533295773
5,12,10.533977734097713
5,13,11.636833873165246
5,14,13.341101655068416
5,15,14.784772338223416
5,16,16.472455210673633
5,17,18.29044126941621
5,18,19.149679349033022
5,19,20.86708708030013
5,20,23.060994344078836
5,21,24.447464418763673
5,22,25.42792450853528
5,23,25.150219415356414
5,24,28.314024187418745
5,25,27.301724142754995
5,26,24.309236402705796
5,27,23.765622463040817
5,28,23.217512223077204
5,29,19.86080890798264
5,30,18.698518523642605
5,31,19.811013205443537
5,32,18.103215517947874
5,33,14.688527338902434
5,34,15.882866241080722
5,35,16.84413575012157
5,36,13.879072429492531
5,37,11.314832938575838
5,38,14.37452684888897
5,39,14.76786149189292
5,40,12.095070728143618
5,41,13.366762560810724
5,42,12.285476757225533
5,43,12.542565622181234
5,44,12.739485387985134
5,45,10.499952566868298
5,46,12.647255776786494
5,47,14.615795299215858
5,48,12.134188340339591
5,49,10.922182720989825
5,50,14.680569823472874
5,51,15.29550015604678
5,52,14.72228160780677
5,53,16.378408942064066
5,54,19.218526565855445
5,55,21.489384588116668
5,56,21.583781072827595
5,57,24.855122603582828
5,58,26.156108303868542
5,59,29.497970366786735
6,1,10.318065888211677
6,2,8.996867236845572
6,3,5.274652255837938
6,4,5.6451147513391655
6,5,3.8200547795848028
6,7,3.8122528389723667
6,8,5.345117817791193
6,9,5.028970311415348
6,10,6.295004285599829
6,11,8.561150337256556
6,12,10.10509255083033
6,13,10.362919760920875
6,14,11.068613839516688
6,15,12.704732357919916
6,16,15.072334575622637
6,17,16.42482955984842
6,18,16.748092128125847
6,19,18.853301520361946
6,20,21.193587781830672
6,21,22.082294886943703
6,22,22.870245775809874
6,23,22.189946126157878
6,24,25.16385740590599
6,25,24.015290243950048
6,26,21.070024833240208
6,27,20.23287560320145
6,28,19.707952120011853
6,29,16.515387139554285
6,30,15.119153663923688
6,31,16.083608733301343
6,32,14.592942109539985
6,33,11.07802749909994
6,34,12.08579049530585
6,35,13.266775875898748
6,36,10.569344465852033
6,37,7.805561279594207
6,38,11.015515898955602
6,39,11.94695064034013
6,40,9.81569218253503
6,41,10.75844805559251
6,42,9.844700001746686
6,43,9.303730917541856
6,44,10.031940674120596
6,45,7.59270417980886
6,46,9.13726984554729
6,47,11.564995675653812
6,48,9.755135983885754
6,49,8.07292973864286
6,50,11.680709188459291
6,51,13.009871818553847
6,52,13.023183166300212
6,53,14.224319921597866
6,54,17.50449559617323
6,55,19.410708453007206
6,56,19.04059455027207
6,57,22.438427299870213
6,58,23.46504216530198
6,59,26.817178763530396
7,1,10.203295605085584
7,2,9.508310989277229
7,3,5.926019170181092
7,4,5.264549052133793
7,5,5.5993310312032705
7,6,3.8122528389723667
7,8,3.808695219591874
7,9,5.454571579937997
7,10,5.136898224579813
7,11,6.093015399058912
7,12,8.745452522104179
7,13,9.996484381581919
7,14,10.278913273010417
7,15,10.75014192206528
7,16,13.273531530942302
7,17,15.259150881343357
7,18,15.204572436772056
7,19,16.703886238400464
7,20,19.46947500097208
7,21,20.614275240908924
7,22,20.980631309784435
7,23,20.450491112400577
7,24,23.49836155120843
7,25,22.213294628847375
7,26,19.031757647196027
7,27,18.77109383408526
7,28,18.57798951129289
7,29,15.116078489315344
7,30,13.895378364738201
7,31,15.704828974995268
7,32,14.283716553830905
7,33,10.699990878985261
7,34,12.537184625466699
7,35,14.322932341342653
7,36,11.706541306528303
7,37,9.638107677388177
7,38,13.191897434141435
7,39,14.475458839191813
7,40,13.02727198683281
7,41,13.882213843754831
7,42,12.875981030720762
7,43,11.433251631972773
7,44,11.786688540260306
7,45,8.42169208008489
7,46,9.171321906015379
7,47,10.701816304124907
7,48,8.33767036123206
7,49,5.984589334575285
7,50,9.509303736315331
7,51,10.318332001858163
7,52,9.598574720586049
7,53,10.854282731364538
7,54,13.905145118176266
7,55,16.018203441726936
7,56,16.074607665892394
7,57,19.452919809122726
7,58,20.90176339139764
7,59,24.383053242995366
8,1,11.163102933073368
8,2,11.538418964794333
8,3,8.246042261312038
8,4,5.868392069886134
8,5,5.0918269877263596
8,6,5.345117817791193
8,7,3.808695219591874
8,9,3.8083147954312495
8,10,5.375352552981851
8,11,4.869879650852052
8,12,6.076819140524066
8,13,8.1588751392557
8,14,9.764692387264157
8,15,10.362397910945518
8,16,11.836217393341938
8,17,14.18567428549576
8,18,15.017838695599723
8,19,16.229112723533348
8,20,18.557183231029494
8,21,20.280647428031095
8,22,21.150474993664982
8,23,21.279096671989464
8,24,24.65047395231999
8,25,23.88635131537403
8,26,20.964132557866424
8,27,21.091196162552762
8,28,20.39758916743235
8,29,16.739990034556207
8,30,16.28688254097653
8,31,17.9357838256121
8,32,15.812946678054404
8,33,12.660459435300384
8,34,14.975702040565725
8,35,16.03775523307955
8,36,12.801197246760022
8,37,11.364010747695211
8,38,15.068911270262197
8,39,15.450661249802678
8,40,13.860109344785483
8,41,15.5800473812162
8,42,15.127152997313305
8,43,14.265253139188363
8,44,15.006951719415827
8,45,11.9493688765337
8,46,12.728988407163667
8,47,14.478427863978068
8,48,12.083634104679852
8,49,9.602356841901942
8,50,12.838369728631182
8,51,13.554217151835925
8,52,12.039764471388983
8,53,12.927088417307468
8,54,15.496335131162992
8,55,17.449469279005577
8,56,17.57649260990816
8,57,20.553378260669927
8,58,21.93960389355813
8,59,25.192866466803284
9,1,13.823655227480604
9,2,13.464887148832272
9,3,9.818802937546723
9,4,8.49638776915829
9,5,6.125161215692962
9,6,5.028970311415348
9,7,5.454571579937997
9,8,3.8083147954312495
9,10,3.804559345546217
9,11,5.420463750792239
9,12,5.468182106836681
9,13,5.589814404390551
9,14,7.387056493803293
9,15,9.315401757982775
9,16,10.807880433311373
9,17,12.24191853312153
9,18,13.382695652671721
9,19,15.343560747231775
9,20,17.195422846208057
9,21,18.544641032510196
9,22,19.87363444102309
9,23,19.913093284695357
9,24,23.274337581940838
9,25,22.833533311378776
9,26,20.29195021139905
9,27,20.042511134668636
9,28,18.78523789126313
9,29,15.302081572471199
9,30,15.106123401701991
9,31,16.028004777217937
9,32,13.497412108113263
9,33,10.691157956854152
9,34,12.88790253980887
9,35,13.19421332717146
9,36,9.659488009309333
9,37,8.654670513443214
9,38,12.300025802959961
9,39,12.09695022402108
9,40,10.799074475421365
9,41,13.07118935581144
9,42,13.45859453970448
9,43,12.758828337053304
9,44,14.410308505662956
9,45,11.917613900573043
9,46,12.237346548872079
9,47,14.832524885385235
9,48,13.286818022168488
9,49,10.438421020749919
9,50,13.42511467636609
9,51,15.096097494768854
9,52,14.154491105934275
9,53,14.335433010492915
9,54,17.319450811423962
9,55,18.63491507875562
9,56,17.980621299123413
9,57,20.87010670031779
9,58,21.606366431733196
9,59,24.63182129825273
10,1,15.188610430345827
10,2,14.39399601975915
10,3,10.626734335972056
10,4,9.961577735171543
10,5,8.7162832160725
10,6,6.295004285599829
10,7,5.136898224579813
10,8,5.375352552981851
10,9,3.804559345546217
10,11,3.8167680787568736
10,12,5.781935093877541
10,13,5.542642828681937
10,14,5.1628749902410975
10,15,6.4291894281641495
10,16,9.022322908480344
10,17,10.3622740290754
10,18,10.550202251369406
10,19,12.582416828434747
10,20,14.929689071612488
10,21,15.917003946981538
10,22,16.763526047358535
10,23,16.495359499425682
10,24,19.7727585887469
10,25,19.13745449832318
10,26,16.50607381333786
10,27,16.374594697279058
10,28,15.272190510578257
10,29,11.689467603213982
10,30,11.53828642007387
10,31,12.86924679621429
10,32,10.479337262642439
10,33,7.575234725188184
10,34,10.383930391866071
10,35,11.262371300893273
10,36,8.12359782964913
10,37,7.713915003570807
10,38,11.508829875898282
10,39,12.062602435759766
10,40,11.744575912641565
10,41,13.466471479494272
10,42,13.83780606087333
10,43,12.104683731368299
10,44,13.876245095648247
10,45,11.015463905764754
10,46,10.233173827737236
10,47,12.618613069813424
10,48,11.57637568603152
10,49,8.109599611975234
10,50,10.39488944108308
10,51,12.488697649238937
10,52,11.65466811108107
10,53,11.162234910361477
10,54,14.340757164670977
10,55,15.283534800328754
10,56,14.335163035303061
10,57,17.30581156043425
10,58,17.99126455628074
10,59,21.120793118018753
11,1,15.327078073555251
11,2,15.395445651614057
11,3,11.936658727727451
11,4,10.205611339277889
11,5,9.745197533295773
11,6,8.561150337256556
11,7,6.093015399058912
11,8,4.869879650852052
11,9,5.420463750792239
11,10,3.8167680787568736
11,12,3.800935707490163
11,13,5.941933986614496
11,14,6.372926614834249
11,15,5.72687734430122
11,16,7.411729227988536
11,17,10.05123811471068
11,18,10.52477971098316
11,19,11.405625290574116
11,20,13.945234544433761
11,21,15.729901314177425
11,22,16.433398992757706
11,23,16.824372903133256
11,24,20.32134130394951
11,25,19.83949997676532
11,26,17.137166688790412
11,27,17.820811837780894
11,28,16.88793513869629
11,29,13.094165939006766
11,30,13.478312169424841
11,31,15.451598272525398
11,32,13.013495431178946
11,33,10.484115517366876
11,34,13.70452987854148
11,35,14.736930830014684
11,36,11.645681701981573
11,37,11.5293114302754
11,38,15.319892675720224
11,39,15.749087679260636
11,40,15.324139573352173
11,41,17.17006415213955
11,42,17.307026759943806
11,43,15.597583316877605
11,44,16.906080774609624
11,45,13.6452802582753
11,46,13.016092405122599
11,47,14.645843423597507
11,48,12.972189221662134
11,49,9.54179318053483
11,50,11.585572838761966
11,51,12.820061631645276
11,52,10.864780035662411
11,53,10.311956581428287
11,54,12.732761445675164
11,55,13.862781893703676
11,56,13.580626495910412
11,57,16.214112676514894
11,58,17.412049009706976
11,59,20.52368029362486
12,1,17.161673351900635
12,2,17.572713845803587
12,3,14.120571076329973
12,4,11.933741268319636
12,5,10.533977734097713
12,6,10.10509255083033
12,7,8.745452522104179
12,8,6.076819140524066
12,9,5.468182106836681
12,10,5.781935093877541
12,11,3.800935707490163
12,13,3.824325199130148
12,14,6.326464946264298
12,15,6.6888783102534335
12,16,6.47167090842501
12,17,8.992727619801961
12,18,10.820728267572079
12,19,11.719001633649983
12,20,13.308886522921917
12,21,15.547018313052613
12,22,17.046629599668222
12,23,18.042243072016753
12,24,21.72234780185
12,25,21.852987711597972
12,26,19.60898083402791
12,27,20.333526249376945
12,28,18.799489176776625
12,29,15.108827108027382
12,30,16.0742379886077
12,31,17.484549026997904
12,32,14.457542330960951
12,33,12.505405976610021
12,34,15.702127063476787
12,35,15.87113403710401
12,36,12.348079436870671
12,37,12.748619358405346
12,38,16.41166232212846
12,39,15.93865752846979
12,40,15.470812575106455
12,41,18.016455605177647
12,42,18.705630866711623
12,43,17.55239180367353
12,44,19.26107012250389
12,45,16.355714411544078
12,46,15.942906616085828
12,47,18.019895204658972
12,48,16.412636698773138
12,49,13.049588893388163
12,50,15.212727700585692
12,51,16.607249163527968
12,52,14.610006514956343
12,53,13.931370252620644
12,54,16.08174599628611
12,55,16.886346535119426
12,56,16.378977400696787
12,57,18.533339870240727
12,58,19.328406149493734
12,59,22.02194846052842
13,1,19.146090955503286
13,2,18.90965779433544
13,3,15.205461697500652
13,4,13.772002116780758
13,5,11.636833873165246
13,6,10.362919760920875
13,7,9.996484381581919
13,8,8.1588751392557
13,9,5.589814404390551
13,10,5.542642828681937
13,11,5.941933986614496
13,12,3.824325199130148
13,14,3.8225348511236326
13,15,6.222498873490735
13,16,6.3185005161980925
13,17,7.092055164796411
13,18,9.231056602857608
13,19,11.228021580285722
13,20,12.251541653125372
13,21,13.831769281918962
13,22,15.812515277040253
13,23,16.570377824971285
13,24,20.161834196137242
13,25,20.577479440980767
13,26,18.743745384909715
13,27,19.011514312967673
13,28,16.937387279325403
13,29,13.529257834706018
13,30,14.73175197409842
13,31,15.375926230486858
13,32,11.984650543652764
13,33,10.604122172929483
13,34,13.620243517901532
13,35,13.035795321599364
13,36,9.425346961057004
13,37,10.610008125263686
13,38,13.935341212756413
13,39,12.971740331097067
13,40,13.102911868354887
13,41,15.932420699732866
13,42,17.3130505769774
13,43,16.204216293311553
13,44,18.572506088766517
13,45,16.169835090392844
13,46,15.345848945532643
13,47,18.00561281211111
13,48,17.118299173808282
13,49,13.612679931328136
13,50,15.521669328409274
13,51,17.687326093006035
13,52,16.3515913310121
13,53,15.24017412713779
13,54,17.84718250471665
13,55,18.114811746609092
13,56,16.815709835479996
13,57,18.932299004786227
13,58,19.009051740999215
13,59,21.463162318345486
14,1,20.29206076494447
14,2,19.525951041817
14,3,15.735050137339616
14,4,14.994408293135553
14,5,13.341101655068416
14,6,11.068613839516688
14,7,10.278913273010417
14,8,9.764692387264157
14,9,7.387056493803293
14,10,5.1628749902410975
14,11,6.372926614834249
14,12,6.326464946264298
14,13,3.8225348511236326
14,15,3.8186797550856064
14,16,5.694368057639876
14,17,5.518119836361188
14,18,6.221666935829059
14,19,8.942679698777006
14,20,10.476211564665068
14,21,11.262213148902946
14,22,12.811241575225765
14,23,13.059810509260343
14,24,16.552142732487965
14,25,16.83440316733935
14,26,15.068569241069438
14,27,15.261948443992084
14,28,13.120628597971695
14,29,9.729389122159805
14,30,11.180802490302337
14,31,11.858637433199103
14,32,8.442916795649058
14,33,7.471305087161675
14,34,10.86049753005857
14,35,10.52387362822951
14,36,7.457983409007213
14,37,9.38013148229076
14,38,12.524952468506674
14,39,12.215010170621559
14,40,13.212246048502926
14,41,15.484899034482726
14,42,16.905851778931158
14,43,15.071973829996951
14,44,17.613118626459837
14,45,15.202239424060894
14,46,13.52519449966449
14,47,16.080962600302552
14,48,15.853558900685123
14,49,12.143612073073946
14,50,13.23996959557637
14,51,15.878620919559395
14,52,14.93076940660552
14,53,13.179694058992729
14,54,15.97934690636495
14,55,15.71712988258845
14,56,13.857788525636405
14,57,16.012976881322853
14,58,15.763743695968008
14,59,18.272690002926776
15,1,20.681402723775445
15,2,20.219069879767424
15,3,16.600858885729423
15,4,15.578036194906645
15,5,14.784772338223416
15,6,12.704732357919916
15,7,10.75014192206528
15,8,10.362397910945518
15,9,9.315401757982775
15,10,6.4291894281641495
15,11,5.72687734430122
15,12,6.6888783102534335
15,13,6.222498873490735
15,14,3.8186797550856064
15,16,3.8533737825438656
15,17,5.337980145320045
15,18,4.822976262150697
15,19,6.160511141150027
15,20,8.758703004089341
15,21,10.069705416013186
15,22,10.826664029632202
15,23,11.429046134844352
15,24,15.079805210033273
15,25,15.227551276410267
15,26,13.225075849928436
15,27,14.301149340041533
15,28,12.63910457788213
15,29,8.98432360335514
15,30,10.82738142533241
15,31,12.542611118859117
15,32,9.632742981507345
15,33,8.709475111512113
15,34,12.492651667280079
15,35,12.998998611179006
15,36,10.510091987441111
15,37,12.120587359321295
15,38,15.372721680382059
15,39,15.645823445019
15,40,16.58303649372466
15,41,18.48521643754766
15,42,19.4185681420988
15,43,17.150204847855175
15,44,19.201323796763266
15,45,16.290324267161754
15,46,14.35849871106082
15,47,16.12860152982322
15,48,15.682253179281997
15,49,11.876785084715353
15,50,12.3475170734555
15,51,14.514045794740337
15,52,12.961489967776428
15,53,10.67942954414841
15,54,12.92570783252754
15,55,12.39742709689532
15,56,10.785051874033746
15,57,12.713753475351382
15,58,12.922367346246299
15,59,15.612469677042393
16,1,22.70318509821523
16,2,22.730196017654787
16,3,19.15110446766995
16,4,17.52698045947868
16,5,16.472455210673633
16,6,15.072334575622637
16,7,13.273531530942302
16,8,11.836217393341938
16,9,10.807880433311373
16,10,9.022322908480344
16,11,7.411729227988536
16,12,6.47167090842501
16,13,6.3185005161980925
16,14,5.694368057639876
16,15,3.8533737825438656
16,17,3.8076515408375657
16,18,5.554571709467118
16,19,5.578644771389556
16,20,6.887105766458068
16,21,9.44734045608492
16,22,11.038435603974984
16,23,12.797745575939507
16,24,16.576163177110526
16,25,17.45088266757513
16,26,15.97620778583155
16,27,17.444796015438673
16,28,15.422757114952761
16,29,12.063106137692788
16,30,14.42372581978255
16,31,15.852117870180477
16,32,12.615278065387784
16,33,12.219344366318385
16,34,15.9290730047777
16,35,15.854126446110673
16,36,13.082173069614964
16,37,14.984195532886204
16,38,18.203515121385422
16,39,17.81020332109164
16,40,18.679809169615524
16,41,21.089322396063245
16,42,22.297940460533468
16,43,20.396531973012582
16,44,22.55354184095699
16,45,19.67139364498009
16,46,18.022973524677752
16,47,19.866775373201982
16,48,19.145884826988397
16,49,15.377880348609319
16,50,16.065916919118884
16,51,17.934206803094558
16,52,15.915499273857398
16,53,13.700100682962164
16,54,15.292385015007868
16,55,14.602263373302547
16,56,13.252017850576571
16,57,14.351498057921852
16,58,14.399644718190192
16,59,16.471395716946965
17,1,25.11896321864477
17,2,24.706654234330763
17,3,20.969984301033907
17,4,19.817007680886686
17,5,18.29044126941621
17,6,16.42482955984842
17,7,15.259150881343357
17,8,14.18567428549576
17,9,12.24191853312153
17,10,10.3622740290754
17,11,10.05123811471068
17,12,8.992727619801961
17,13,7.092055164796411
17,14,5.518119836361188
17,15,5.337980145320045
17,16,3.8076515408375657
17,18,3.7961402202390406
17,19,5.567837935761311
17,20,5.386127688198099
17,21,6.915900045653415
17,22,9.429614722950006
17,23,11.11524701591594
17,24,14.779237571049496
17,25,16.202289563654205
17,26,15.411101094219507
17,27,16.49921123329719
17,28,13.796914683877468
17,29,10.969378831062606
17,30,13.827910440320007
17,31,14.431430026038397
17,32,10.890316972135105
17,33,11.549821218236294
17,34,14.991653860522835
17,35,14.18682374391312
17,36,11.779159924807216
17,37,14.497132280835503
17,38,17.16404494425369
17,39,16.41223590851529
17,40,17.962831135234396
17,41,20.45392941949748
17,42,22.21816451516596
17,43,20.32130691768557
17,44,22.97197500032451
17,45,20.535812029259553
17,46,18.514540091825943
17,47,20.745884178713595
17,48,20.655597709112826
17,49,16.85125288653124
17,50,17.237003358588705
17,51,19.709532716598392
17,52,18.268436064207187
17,53,15.754077639148417
17,54,17.672269424098637
17,55,16.456929291931583
17,56,14.305279066592783
17,57,15.167506895226747
17,58,14.249932188745957
17,59,15.82168796262591
18,1,25.307929000028405
18,2,24.554119133166488
18,3,20.88014150184475
18,4,20.197842381208545
18,5,19.149679349033022
18,6,16.748092128125847
18,7,15.204572436772056
18,8,15.017838695599723
18,9,13.382695652671721
18,10,10.550202251369406
18,11,10.52477971098316
18,12,10.820728267572079
18,13,9.231056602857608
18,14,6.221666935829059
18,15,4.822976262150697
18,16,5.554571709467118
18,17,3.7961402202390406
18,19,3.816997426145028
18,20,5.376098299603835
18,21,5.411952085188548
18,22,6.629513584792111
18,23,7.618510117991716
18,24,11.345304151113888
18,25,12.472722665322106
18,26,11.638126880824174
18,27,12.917857267886916
18,28,10.377016057708262
18,29,7.586993257128776
18,30,10.80159702587772
18,31,11.761753608101477
18,32,8.695413574294772
18,33,9.760183668506635
18,34,13.252492960543458
18,35,13.051060671459476
18,36,11.433152199438197
18,37,14.159346590423528
18,38,16.63892864785938
18,39,16.649601387434064
18,40,18.530536769102273
18,41,20.42288958780545
18,42,21.9353002862763
18,43,19.490988214158218
18,44,21.999846137478173
18,45,19.51210551947201
18,46,16.95175512128516
18,47,18.799886829002745
18,48,19.15110202764127
18,49,15.405090930018403
18,50,15.007409407566435
18,51,17.62541094308004
18,52,16.492837811879863
18,53,13.50981113521166
18,54,15.419270210021688
18,55,13.7156630440165
18,56,11.073863071080844
18,57,11.932665901075312
18,58,10.755938534738274
18,59,12.582840770527552
19,1,26.405531318737427
19,2,26.069674922042804
19,3,22.55637366017537
19,4,21.457412980939672
19,5,20.86708708030013
19,6,18.853301520361946
19,7,16.703886238400464
19,8,16.229112723533348
19,9,15.343560747231775
19,10,12.582416828434747
19,11,11.405625290574116
19,12,11.719001633649983
19,13,11.228021580285722
19,14,8.942679698777006
19,15,6.160511141150027
19,16,5.578644771389556
19,17,5.567837935761311
19,18,3.816997426145028
19,20,3.835487939749281
19,21,5.547088558972382
19,22,5.815990591340963
19,23,8.113872672268878
19,24,11.777528000814403
19,25,13.04008738427524
19,26,12.233930973849233
19,27,14.48274954138778
19,28,12.513228736169046
19,29,9.863793871041551
19,30,13.070768512395883
19,31,14.71659012813061
19,32,12.09888891647051
19,33,12.838885648165776
19,34,16.463043484033356
19,35,16.682100314224904
19,36,15.00663581630352
19,37,17.405899564116577
19,38,20.136935759449948
19,39,20.275587189055543
19,40,21.892921426632018
19,41,23.78869691126108
19,42,25.01109122153391
19,43,22.479155641762397
19,44,24.642025097822756
19,45,21.799486553123202
19,46,19.33180348461585
19,47,20.653742216019573
19,48,20.63720241414648
19,49,16.940697732801144
19,50,16.331179526465615
19,51,18.330132701490907
19,52,16.57149281614143
19,53,13.376596790732913
19,54,14.360645782290785
19,55,12.329202584171615
19,56,10.196401546648149
19,57,10.144029080570458
19,58,9.413876057126947
19,59,11.003877063236514
20,1,29.238900075968942
20,2,28.961180401798835
20,3,25.33561921950982
20,4,24.10672027816276
20,5,23.060994344078836
20,6,21.193587781830672
20,7,19.46947500097208
20,8,18.557183231029494
20,9,17.195422846208057
20,10,14.929689071612488
20,11,13.945234544433761
20,12,13.308886522921917
20,13,12.251541653125372
20,14,10.476211564665068
20,15,8.758703004089341
20,16,6.887105766458068
20,17,5.386127688198099
20,18,5.376098299603835
20,19,3.835487939749281
20,21,3.824114662175521
20,22,6.099623419004695
20,23,9.301057071428342
20,24,12.678083722001997
20,25,14.865951332268315
20,26,14.893995143248832
20,27,16.9362838294799
20,28,14.362536130717693
20,29,12.274365887031047
20,30,15.791894387569421
20,31,16.730229056742704
20,32,13.765053698430705
20,33,15.131140585332238
20,34,18.570954328395704
20,35,18.05435726593229
20,36,16.346331521368455
20,37,19.215439052771842
20,38,21.68514639838734
20,39,21.223159869005134
20,40,23.087837838183088
20,41,25.341404014207413
20,42,27.018330885043998
20,43,24.75323430190057
20,44,27.258284475530036
20,45,24.653270786272476
20,46,22.227951767722782
20,47,23.907679657973567
20,48,23.99298341299037
20,49,20.23063023735844
20,50,19.812509409452435
20,51,22.008365228447786
20,52,20.30272894681266
20,53,17.1817787954092
20,54,18.163413838000277
20,55,16.039509680398584
20,56,13.792479809476998
20,57,13.244623899689758
20,58,11.815116860656675
20,59,12.332828989001273
21,1,30.69479919034602
21,2,29.956295093545364
21,3,26.283606298541134
21,4,25.57837050436809
21,5,24.447464418763673
21,6,22.082294886943703
21,7,20.614275240908924
21,8,20.280647428031095
21,9,18.544641032510196
21,10,15.917003946981538
21,11,15.729901314177425
21,12,15.547018313052613
21,13,13.831769281918962
21,14,11.262213148902946
21,15,10.069705416013186
21,16,9.44734045608492
21,17,6.915900045653415
21,18,5.411952085188548
21,19,5.547088558972382
21,20,3.824114662175521
21,22,3.7856506145980418
21,23,6.505596958549332
21,24,9.54823756062835
21,25,12.194542087095188
21,26,12.949358015538472
21,27,14.665836287444892
21,28,11.725355192488617
21,29,10.491746566483675
21,30,14.262172100963754
21,31,14.65916667651396
21,32,12.01166984510261
21,33,14.2236946374484
21,34,17.244565299971622
21,35,16.540589470897658
21,36,15.589093598018106
21,37,18.79849788446871
21,38,20.72296808435053
21,39,20.426258943198995
21,40,22.81855998633388
21,41,24.763962436107796
21,42,26.634287737158477
21,43,24.170371204411214
21,44,26.873695854236946
21,45,24.598245807797024
21,46,21.770897928881862
21,47,23.50198238320723
21,48,24.193245704914077
21,49,20.528684921307818
21,50,19.642243517651192
21,51,22.249896911845912
21,52,21.13063090933891
21,53,17.78039592788177
21,54,19.05350843147314
21,55,16.537842881454086
21,56,13.604693787319283
21,57,12.98373738941391
21,58,10.602850684941405
21,59,10.68067756208312
22,1,30.90590692115232
22,2,30.06599669265002
22,3,26.554335649383074
22,4,26.056497417242397
22,5,25.42792450853528
22,6,22.870245775809874
22,7,20.980631309784435
22,8,21.150474993664982
22,9,19.87363444102309
22,10,16.763526047358535
22,11,16.433398992757706
22,12,17.046629599668222
22,13,15.812515277040253
22,14,12.811241575225765
22,15,10.826664029632202
22,16,11.038435603974984
22,17,9.429614722950006
22,18,6.629513584792111
22,19,5.815990591340963
22,20,6.099623419004695
22,21,3.7856506145980418
22,23,3.799798104667945
22,24,6.736568297337085
22,25,9.191580547693157
22,26,10.10017822925564
22,27,12.472327470549697
22,28,10.185509573588153
22,29,9.348902471081228
22,30,13.06709851834193
22,31,14.057232133081948
22,32,12.234285140903895
22,33,14.351065081122817
22,34,17.297905167926608
22,35,17.313855173456908
22,36,16.831038460143414
22,37,19.731719279887926
22,38,21.64746246072791
22,39,21.992484659661322
22,40,24.374613297087265
22,41,25.866274388289032
22,42,27.35794679109735
22,43,24.50473987882747
22,44,26.886200679931093
22,45,24.468924572841555
22,46,21.37342128849815
22,47,22.54925493881128
22,48,23.41852152555346
22,49,19.947348150948084
22,50,18.425902405575954
22,51,20.81706327513789
22,52,19.79318804556845
22,53,16.16746174096035
22,54,17.035558788449304
22,55,14.047337210295016
22,56,10.952710987856927
22,57,9.763096894149028
22,58,6.984769812671498
22,59,6.944210188275623
23,1,30.322728925572896
23,2,29.055515586074176
23,3,25.63068261547433
23,4,25.671369305453883
23,5,25.150219415356414
23,6,22.189946126157878
23,7,20.450491112400577
23,8,21.279096671989464
23,9,19.913093284695357
23,10,16.495359499425682
23,11,16.824372903133256
23,12,18.042243072016753
23,13,16.570377824971285
23,14,13.059810509260343
23,15,11.429046134844352
23,16,12.797745575939507
23,17,11.11524701591594
23,18,7.618510117991716
23,19,8.113872672268878
23,20,9.301057071428342
23,21,6.505596958549332
23,22,3.799798104667945
23,24,3.778424666262277
23,25,5.695620846819072
23,26,6.90790160204393
23,27,8.890674037784576
23,28,6.646927780006985
23,29,6.7222732102938565
23,30,10.263106424513902
23,31,11.0906387538494
23,32,10.085863726518179
23,33,12.506002070867448
23,34,14.945324271298073
23,35,15.279920175113368
23,36,15.53753280556739
23,37,18.30233445514127
23,38,19.80878083649763
23,39,20.644557579133394
23,40,23.227763911420297
23,41,24.22169050170742
23,42,25.591254794527757
23,43,22.49639907490946
23,44,24.821628656648627
23,45,22.659662589617852
23,46,19.266245637881582
23,47,20.298932462407496
23,48,21.69169345044725
23,49,18.477138542366554
23,50,16.493040110809666
23,51,19.160636044679396
23,52,18.794022045918023
23,53,15.163527590640063
23,54,16.42792581144419
23,55,13.406027449825672
23,56,9.803548225930674
23,57,9.23394633703618
23,58,6.017802554790516
23,59,6.6805709819521
24,1,33.183317280888296
24,2,31.67525028888431
24,3,28.37324898286202
24,4,28.72878444030556
24,5,28.314024187418745
24,6,25.16385740590599
24,7,23.49836155120843
24,8,24.65047395231999
24,9,23.274337581940838
24,10,19.7727585887469
24,11,20.32134130394951
24,12,21.72234780185
24,13,20.161834196137242
24,14,16.552142732487965
24,15,15.079805210033273
24,16,16.576163177110526
24,17,14.779237571049496
24,18,11.345304151113888
24,19,11.777528000814403
24,20,12.678083722001997
24,21,9.54823756062835
24,22,6.736568297337085
24,23,3.778424666262277
24,25,3.831778758373974
24,26,6.998694653472196
24,27,8.664517424729045
24,28,7.042730744851968
24,29,8.840435127917521
24,30,11.72818855716683
24,31,12.153950229559948
24,32,12.14080749137399
24,33,14.868606211691299
24,34,16.642606628335027
24,35,17.054056052531838
24,36,18.022385190411644
24,37,20.740882325354193
24,38,21.74912628751403
24,39,22.826599960510368
24,40,25.660226466560776
24,41,26.29076553448597
24,42,27.64100876303329
24,43,24.39695214792525
24,44,26.65161179133503
24,45,24.764193392039616
24,46,21.150749390592804
24,47,21.89955795332613
24,48,23.74074632297276
24,49,20.852617865048614
24,50,18.400086231679886
24,51,21.046165197078583
24,52,21.097363040357823
24,53,17.4593516528659
24,54,18.51762773824492
24,55,15.239962052082337
24,56,11.62386254070631
24,57,10.588810413009073
24,58,6.945037031279734
24,59,6.347148088671796
25,1,31.42206870381193
25,2,29.722864044515653
25,3,26.658397261376898
25,4,27.341966443956867
25,5,27.301724142754995
25,6,24.015290243950048
25,7,22.213294628847375
25,8,23.88635131537403
25,9,22.833533311378776
25,10,19.13745449832318
25,11,19.83949997676532
25,12,21.852987711597972
25,13,20.577479440980767
25,14,16.83440316733935
25,15,15.227551276410267
25,16,17.45088266757513
25,17,16.202289563654205
25,18,12.472722665322106
25,19,13.04008738427524
25,20,14.865951332268315
25,21,12.194542087095188
25,22,9.191580547693157
25,23,5.695620846819072
25,24,3.831778758373974
25,26,3.834327600037834
25,27,5.566857570056583
25,28,5.660324544553812
25,29,7.7596325864138365
25,30,9.617451543886594
25,31,10.641726446327146
25,32,11.633119982824491
25,33,13.774813647052264
25,34,15.205532181029724
25,35,16.40118622350504
25,36,17.673425393183354
25,37,19.832830739942736
25,38,20.797172527505403
25,39,22.485075773924876
25,40,25.099581069384065
25,41,25.250995914720225
25,42,26.149201874980672
25,43,22.668368843897888
25,44,24.530550947939044
25,45,22.646621930076318
25,46,18.941314862844976
25,47,19.193747533297266
25,48,21.251448779446584
25,49,18.74510953335513
25,50,15.851347511495167
25,51,18.349084345787052
25,52,18.818505877648185
25,53,15.320824906000714
25,54,16.429615158531615
25,55,13.29801694153216
25,56,9.730219840645002
25,57,9.369856167974316
25,58,6.490395113205863
25,59,7.375909977833422
26,1,27.901824985589403
26,2,26.23654448111998
26,3,23.305898169809534
26,4,24.0347351022279
26,5,24.309236402705796
26,6,21.070024833240208
26,7,19.031757647196027
26,8,20.964132557866424
26,9,20.29195021139905
26,10,16.50607381333786
26,11,17.137166688790412
26,12,19.60898083402791
26,13,18.743745384909715
26,14,15.068569241069438
26,15,13.225075849928436
26,16,15.97620778583155
26,17,15.411101094219507
26,18,11.638126880824174
26,19,12.233930973849233
26,20,14.893995143248832
26,21,12.949358015538472
26,22,10.10017822925564
26,23,6.90790160204393
26,24,6.998694653472196
26,25,3.834327600037834
26,27,3.83508210821283
26,28,5.426682282183848
26,29,5.992669900781827
26,30,6.996883654458179
26,31,9.228514003544982
26,32,10.397641520740109
26,33,11.546866836524059
26,34,13.185467007942252
26,35,15.101459211364455
26,36,16.063496269343233
26,37,17.6622618768619
26,38,19.003784768574576
26,39,21.048658341879303
26,40,23.22678167928736
26,41,23.228925708228193
26,42,23.69642440963371
26,43,20.112125431103692
26,44,21.622582352245555
26,45,19.459935881335273
26,46,15.840594973786079
26,47,15.772847565333976
26,48,17.639093330784807
26,49,15.227900316861607
26,50,12.187416470755146
26,51,14.535976436444953
26,52,15.058791388286947
26,53,11.651224341872686
26,54,12.969880797632184
26,55,10.18475296379672
26,56,6.669974165582541
26,57,7.594705686378702
26,58,6.168535437218226
26,59,8.802605807064667
27,1,27.469553025178286
27,2,25.3454271641737
27,3,22.461016287441463
27,4,23.72522090651291
27,5,23.765622463040817
27,6,20.23287560320145
27,7,18.77109383408526
27,8,21.091196162552762
27,9,20.042511134668636
27,10,16.374594697279058
27,11,17.820811837780894
27,12,20.333526249376945
27,13,19.011514312967673
27,14,15.261948443992084
27,15,14.301149340041533
27,16,17.444796015438673
27,17,16.49921123329719
27,18,12.917857267886916
27,19,14.48274954138778
27,20,16.9362838294799
27,21,14.665836287444892
27,22,12.472327470549697
27,23,8.890674037784576
27,24,8.664517424729045
27,25,5.566857570056583
27,26,3.83508210821283
27,28,3.8199242687493875
27,29,5.667600833314328
27,30,5.15291352784133
27,31,6.414065834704825
27,32,8.776362778460307
27,33,10.080643158488071
27,34,10.680492757945643
27,35,12.6866706926666
27,36,14.411961786513388
27,37,15.834235385372665
27,38,16.52675419047436
27,39,18.862090105802867
27,40,21.215483734196624
27,41,20.789457729152463
27,42,21.306644121908867
27,43,17.692004171087767
27,44,19.331407243906174
27,45,17.72267406045843
27,46,13.931127500934666
27,47,14.130860973663735
27,48,16.656824248051034
27,49,14.570761084989998
27,50,11.561160865474612
27,51,14.463192778426418
27,52,15.823752861721319
27,53,12.940955647102665
27,54,15.026138198490305
27,55,12.921771161475025
27,56,9.625480790704042
27,57,11.287677923597487
27,58,9.896330817295697
27,59,12.21458748388048
28,1,27.994077633732573
28,2,25.986517481059288
28,3,22.75511900889379
28,4,23.74395437066047
28,5,23.217512223077204
28,6,19.707952120011853
28,7,18.57798951129289
28,8,20.39758916743235
28,9,18.78523789126313
28,10,15.272190510578257
28,11,16.88793513869629
28,12,18.799489176776625
28,13,16.937387279325403
28,14,13.120628597971695
28,15,12.63910457788213
28,16,15.422757114952761
28,17,13.796914683877468
28,18,10.377016057708262
28,19,12.513228736169046
28,20,14.362536130717693
28,21,11.725355192488617
28,22,10.185509573588153
28,23,6.646927780006985
28,24,7.042730744851968
28,25,5.660324544553812
28,26,5.426682282183848
28,27,3.8199242687493875
28,29,3.8136323713691307
28,30,5.3917389721301525
28,31,5.175036627073645
28,32,6.281693168256556
28,33,8.819595176066978
28,34,9.841913798537128
28,35,10.76762622760454
28,36,12.352307319023767
28,37,14.576208673534097
28,38,15.238201264050325
28,39,16.91634144177067
28,40,19.64560532121816
28,41,19.753682808498088
28,42,20.911297110447325
28,43,17.584380875642587
28,44,19.869205412703753
28,45,18.35182216344781
28,46,14.647057472324187
28,47,15.752629345801816
28,48,18.04427621924392
28,49,15.404259692392086
28,50,13.106807872095011
28,51,16.39001783158645
28,52,17.32237673690279
28,53,14.287991399141031
28,54,16.609461965604705
28,55,14.401818680458854
28,56,10.771521049667053
28,57,12.100588303604779
28,58,9.951975367264296
28,59,11.798875000835498
29,1,24.781625462895963
29,2,23.06176554381779
29,3,19.70234056072071
29,4,20.34557557491359
29,5,19.86080890798264
29,6,16.515387139554285
29,7,15.116078489315344
29,8,16.739990034556207
29,9,15.302081572471199
29,10,11.689467603213982
29,11,13.094165939006766
29,12,15.108827108027382
29,13,13.529257834706018
29,14,9.729389122159805
29,15,8.98432360335514
29,16,12.063106137692788
29,17,10.969378831062606
29,18,7.586993257128776
29,19,9.863793871041551
29,20,12.274365887031047
29,21,10.491746566483675
29,22,9.348902471081228
29,23,6.7222732102938565
29,24,8.840435127917521
29,25,7.7596325864138365
29,26,5.992669900781827
29,27,5.667600833314328
29,28,3.8136323713691307
29,30,3.8145046919761945
29,31,5.264726942801372
29,32,4.684923156753418
29,33,6.1957362364354465
29,34,8.521643834599613
29,35,9.770458716748067
29,36,10.2452635515623
29,37,12.308206962814353
