1,2,3.8595023893473273
1,3,5.732143360627958
1,4,5.845429925715619
1,5,7.925571799757982
1,6,10.475310922081581
1,7,10.516034699299752
1,8,11.215717674225075
1,9,13.777758514188562
1,10,15.500460684593627
1,11,15.621785480455872
1,12,17.229333830128564
1,13,19.203014498535467
1,14,20.602893404938136
1,15,20.91597773603104
1,16,23.02263085359819
1,17,25.375452764501556
1,18,25.5340074235068
1,19,26.62746451324142
1,20,29.112733020427193
1,21,30.704461435364237
1,22,30.365877491940864
1,23,30.36299128838508
1,24,33.2188736973895
1,25,31.31566510366822
1,26,27.672215120231616
1,27,27.689846503869198
1,28,28.071646076058073
1,29,24.78977583122508
1,30,23.10424793660192
1,31,24.9867941577885
1,32,24.014687634359223
1,33,20.29731388250981
1,34,21.060776112856484
1,35,23.067987626817445
1,36,20.478216476493674
1,37,17.72169022773084
1,38,20.301849069180317
1,39,20.894373604535993
1,40,17.70827481319194
1,41,18.443536867117004
1,42,15.871664266338835
1,43,16.764251844350788
1,44,14.293236081907096
1,45,12.531061674397968
1,46,15.78069147544677
1,47,15.985654102813204
1,48,12.646294750693526
1,49,13.370054600598344
1,50,16.932373045515085
1,51,16.25373969654185
1,52,14.897928288205645
1,53,18.312165131683965
1,54,20.491161494208118
1,55,23.731072472107048
1,56,25.132229664072714
1,57,28.640608893140477
1,58,30.750068116632225
2,1,3.8595023893473273
2,3,3.8518126865662077
2,4,6.0906571386408395
2,5,8.70858946006752
2,6,9.90120378321549
2,7,10.050934509386245
2,8,11.993616648242481
2,9,14.123576481902115
2,10,15.129781905881261
2,11,15.858219184933073
2,12,18.063897271309422
2,13,19.599960007872088
2,14,20.326144768058754
2,15,20.621167289272595
2,16,23.257729044417275
2,17,25.33917446726086
2,18,24.98514933840091
2,19,26.325831406834048
2,20,29.049975078246796
2,21,30.234993119898434
2,22,29.56887368408606
2,23,29.09487012287018
2,24,31.653284193403962
2,25,29.42690538947984
2,26,25.7341145570797
2,27,25.428062995273425
2,28,26.172012165842823
2,29,23.134571040485433
2,30,20.982011577462437
2,31,22.88831884454423
2,32,22.450924723593552
2,33,18.653408834510714
2,34,18.969981345884168
2,35,21.386029010747762
2,36,19.30468424267735
2,37,16.18819352601142
2,38,18.627220257673837
2,39,19.889582481314577
2,40,16.97782830724368
2,41,17.124765482364722
2,42,14.02407289184455
2,43,14.306474295935992
2,44,11.369382176714897
2,45,9.661411535161609
2,46,13.03755001557085
2,47,12.843839933159007
2,48,9.698956822223543
2,49,11.252800066773395
2,50,14.606291299171122
2,51,13.874581198895246
2,52,13.362007113228524
2,53,16.897122819528224
2,54,19.304801159729227
2,55,22.469972920676707
2,56,23.719111292493956
2,57,27.39513015450363
2,58,29.43326219840538
3,1,5.732143360627958
3,2,3.8518126865662077
3,4,3.7889204173949698
3,5,5.737275081862579
3,6,6.13186736586169
3,7,6.88159810124986
3,8,9.100761188676394
3,9,10.640173405170085
3,10,11.615601986923316
3,11,12.86621092267437
3,12,15.007446226340836
3,13,16.123673991697913
3,14,16.745236785964575
3,15,17.374564183020908
3,16,20.1088341289184
3,17,21.907733853780826
3,18,21.621988617987704
3,19,23.252962172460624
3,20,25.81959191550184
3,21,26.84125720220777
3,22,26.363297137128395
3,23,25.945482390156446
3,24,28.608506163961287
3,25,26.582888319838162
3,26,23.01387436135917
3,27,22.58691796066194
3,28,22.97611369508386
3,29,19.945537426741552
3,30,17.90697911008791
3,31,19.55558838259393
3,32,18.871551416231505
3,33,15.111173297047824
3,34,15.493383995599174
3,35,17.699335346019694
3,36,15.484814794707164
3,37,12.4405962817868
3,38,15.04044121796071
3,39,16.190752014115343
3,40,13.419407319500841
3,41,13.890357064598895
3,42,10.877769029335042
3,43,11.200829504399556
3,44,8.909419884963606
3,45,6.864885372250223
3,46,10.17246579825534
3,47,10.894762113684124
3,48,8.09698882067475
3,49,8.647554088629622
3,50,12.31712193985746
3,51,12.525350847093025
3,52,11.867295540091874
3,53,14.941477703227356
3,54,17.854960704120383
3,55,20.61961682260176
3,56,21.368281891185315
3,57,25.043472497649148
3,58,26.74499591055865
4,1,5.845429925715619
4,2,6.0906571386408395
4,3,3.7889204173949698
4,5,3.811644305283591
4,6,5.334789354547943
4,7,4.687096463432787
4,8,5.910322372727277
4,9,8.431271921124983
4,10,9.692339855361526
4,11,10.026364765614174
4,12,11.993434030226874
4,13,13.763146961473366
4,14,14.841132810900286
4,15,15.137231118363681
4,16,17.440586624276452
4,17,19.65748973231994
4,18,19.70775842696959
4,19,20.943228506205145
4,20,23.42630458931316
4,21,24.890461490970704
4,22,24.58142116042972
4,23,24.639970121374894
4,24,27.600485540622202
4,25,25.911788989139225
4,26,22.382533299617336
4,27,22.511678508778438
4,28,22.571298201940788
4,29,19.192281457119627
4,30,17.827091301656292
4,31,19.71109148974592
4,32,18.441327334495284
4,33,14.793405924024245
4,34,16.061693131137556
4,35,17.97993372098125
4,36,15.21718658071179
4,37,12.900865525425697
4,38,16.025696857191907
4,39,16.57440641962035
4,40,13.93300526441279
4,41,15.350648140115453
4,42,12.855728377742384
4,43,13.25272546960156
4,44,11.773630551517194
4,45,9.116315951452279
4,46,11.570886517006137
4,47,12.45104976112634
4,48,9.3412508236491
4,49,8.604239397204273
4,50,12.331364732824616
4,51,12.524569488305879
4,52,10.734662428174309
4,53,13.582079867464506
4,54,16.256198878688142
4,55,19.052782636572385
4,56,19.98936897406155
4,57,23.46582112124611
4,58,25.306306519418342
5,1,7.925571799757982
5,2,8.70858946006752
5,3,5.737275081862579
5,4,3.811644305283591
5,6,3.805106644180157
5,7,5.36683511132666
5,8,4.953638952270285
5,9,6.145652134943052
5,10,8.679138427143936
5,11,9.627541717976227
5,12,10.529075288825062
5,13,11.71537530810176
5,14,13.390577404689774
5,15,14.54910839013332
5,16,16.532026916671224
5,17,18.339436196814518
5,18,18.958937255250962
5,19,20.580923086686337
5,20,22.555035994961525
5,21,23.954431246605736
5,22,24.202877874114122
5,23,24.53973219003459
5,24,27.6905399456405
5,25,26.382608590158735
5,26,23.122513992244436
5,27,23.032103338026317
5,28,22.50491111487501
5,29,19.23655604181887
5,30,18.122945317235214
5,31,19.36352085915811
5,32,17.597848125539112
5,33,14.219986421271246
5,34,15.379450384970676
5,35,16.540733047180822
5,36,13.403295959787805
5,37,11.322585563630566
5,38,14.165061981307973
5,39,13.968487268288339
5,40,11.048381990611766
5,41,12.974094909153962
5,42,11.254961255510432
5,43,12.534903699269902
5,44,11.867396748071679
5,45,9.960580424173024
5,46,12.309381429398025
5,47,14.196245588055051
5,48,11.781792348967729
5,49,10.354272326440766
5,50,14.073272187646987
5,51,15.132010485940691
5,52,13.342120130511914
5,53,15.540120596745094
5,54,18.514784204916822
5,55,20.838037502909497
5,56,21.215810743055975
5,57,24.55374915921378
5,58,25.930302133853573
6,1,10.475310922081581
6,2,9.90120378321549
6,3,6.13186736586169
6,4,5.334789354547943
6,5,3.805106644180157
6,7,3.8162318488234206
6,8,5.304236504427209
6,9,4.935777751507365
6,10,6.191477785704684
6,11,8.408067577519093
6,12,9.986316916765503
6,13,10.288711603827762
6,14,10.998830520726932
6,15,12.356688666179204
6,16,14.963526565509445
6,17,16.30305049982161
6,18,16.420979708824557
6,19,18.456283934043324
6,20,20.572898416308398
6,21,21.488857878686034
6,22,21.531718680190217
6,23,21.499963764538506
6,24,24.484592703113815
6,25,23.060975109669396
6,26,19.857470844694756
6,27,19.477478132935563
6,28,18.960153209773907
6,29,15.855814357282947
6,30,14.513619522900576
6,31,15.618106264386775
6,32,14.040993747836751
6,33,10.567613172082353
6,34,11.589701340688286
6,35,12.96103971996853
6,36,10.058148333923343
6,37,7.787595190402671
6,38,10.952416595679567
6,39,11.312919703904566
6,40,9.009565206752717
6,41,10.841195743146322
6,42,8.824419633450649
6,43,9.38170554159919
6,44,9.36259024983224
6,45,7.218365836110937
6,46,8.90642507421521
6,47,11.311100720797143
6,48,9.629829015023772
6,49,7.662336841473125
6,50,11.17540819012365
6,51,12.962654592993792
6,52,11.69734992851845
6,53,13.421647981561577
6,54,16.821333288311003
6,55,18.7266761915387
6,56,18.618203244517844
6,57,22.0451589381663
6,58,23.135508560087786
7,1,10.516034699299752
7,2,10.050934509386245
7,3,6.88159810124986
7,4,4.687096463432787
7,5,5.36683511132666
7,6,3.8162318488234206
7,8,3.821670413803569
7,9,5.495487303509918
7,10,5.285740746743062
7,11,6.059443047529306
7,12,8.737211698172683
7,13,10.094104100154105
7,14,10.480250842500993
7,15,10.619889249548278
7,16,13.282542315343976
7,17,15.310986522150703
7,18,15.089643383677569
7,19,16.47970618566707
7,20,19.032344847860124
7,21,20.306427814596635
7,22,19.934098715115994
7,23,19.991645820942498
7,24,23.020915750163788
7,25,21.51674578747187
7,26,18.115651506668698
7,27,18.384660897002615
7,28,18.152367511128336
7,29,14.677578198525666
7,30,13.694095663282829
7,31,15.634732183672675
7,32,14.098489207923166
7,33,10.569741835686417
7,34,12.50417513798905
7,35,14.366398104991868
7,36,11.557503323906571
7,37,9.95769316804644
7,38,13.582527174363594
7,39,14.178380641907994
7,40,12.443514506897724
7,41,14.376325853229325
7,42,12.131977647230975
7,43,11.788850405793216
7,44,11.486272347068596
7,45,8.30099314216978
7,46,9.234824118226163
7,47,10.699289458225403
7,48,8.373109575418498
7,49,5.807643073711362
7,50,9.216519280648134
7,51,10.446164135887432
7,52,8.403500103927248
7,53,10.217428424027801
7,54,13.347576755131866
7,55,15.525151047195282
7,56,15.918761661742229
7,57,19.33496946201724
7,58,20.893039973097427
8,1,11.215717674225075
8,2,11.993616648242481
8,3,9.100761188676394
8,4,5.910322372727277
8,5,4.953638952270285
8,6,5.304236504427209
8,7,3.821670413803569
8,9,3.811202193449051
8,10,5.504971013432966
8,11,4.9322362429495055
8,12,6.10138951073457
8,13,8.239526670080373
8,14,9.94363775515494
8,15,10.329207306177556
8,16,11.98675628528926
8,17,14.309048222843867
8,18,15.004309263037165
8,19,16.12117171209733
8,20,18.16266524783998
8,21,19.95323701087906
8,22,20.175015875938325
8,23,20.927093675694092
8,24,24.293767985203846
8,25,23.32796350379334
8,26,20.190849666620558
8,27,20.774536357485186
8,28,19.979904132542025
8,29,16.40588114505889
8,30,16.148280601715957
8,31,17.78227683510022
8,32,15.53877421372747
8,33,12.483797102957594
8,34,14.79209676582012
8,35,15.857400217418649
8,36,12.471793768779978
8,37,11.614247881734347
8,38,15.087663382103086
8,39,14.704635162378368
8,40,12.791320603736388
8,41,15.445461532733223
8,42,13.970527353702481
8,43,14.40636816975361
8,44,14.47310550333012
8,45,11.724913909091121
8,46,12.727749533053295
8,47,14.48351498862613
8,48,12.161245054334843
8,49,9.50328310922823
8,50,12.611307042381892
8,51,13.821631442885176
8,52,11.16784616177217
8,53,12.51017857303952
8,54,15.211647777262801
8,55,17.20975463424166
8,56,17.59228772208926
8,57,20.620356898346614
8,58,22.071080186461877
9,1,13.777758514188562
9,2,14.123576481902115
9,3,10.640173405170085
9,4,8.431271921124983
9,5,6.145652134943052
9,6,4.935777751507365
9,7,5.495487303509918
9,8,3.811202193449051
9,10,3.8028823146902595
9,11,5.380354691446939
9,12,5.4376083430551185
9,13,5.632559868002186
9,14,7.444106535648012
9,15,9.153945283465834
9,16,10.90401748749309
9,17,12.308946808419622
9,18,13.283759447343074
9,19,15.150873194945126
9,20,16.726696649777075
9,21,18.062386762955466
9,22,18.71935787283571
9,23,19.470547125820303
9,24,22.867016840303293
9,25,22.175984056534524
9,26,19.368465032476564
9,27,19.530453924222552
9,28,18.208657138599733
9,29,14.923293254367472
9,30,14.781485331120114
9,31,15.66865286543192
9,32,13.051189417545379
9,33,10.363639588261703
9,34,12.497182463878277
9,35,12.841364683895536
9,36,9.209023961308139
9,37,8.875025721101085
9,38,12.120808568209027
9,39,11.241362882837239
9,40,9.715998744644198
9,41,12.798735546664169
9,42,12.019168773154044
9,43,12.706983047384098
9,44,13.712701180028573
9,45,11.573803574066996
9,46,12.101577989731666
9,47,14.70590193270272
9,48,13.26241833992497
9,49,10.245016059722186
9,50,13.047332634182705
9,51,15.181664547438693
9,52,13.07862518246688
9,53,13.73412661083979
9,54,16.855285003628982
9,55,18.18440599799064
9,56,17.754325734025258
9,57,20.675015349669685
9,58,21.477040128156524
10,1,15.500460684593627
10,2,15.129781905881261
10,3,11.615601986923316
10,4,9.692339855361526
10,5,8.679138427143936
10,6,6.191477785704684
10,7,5.285740746743062
10,8,5.504971013432966
10,9,3.8028823146902595
10,11,3.805705331421672
10,12,5.74826369891879
10,13,5.531092018075326
10,14,5.215789626779237
10,15,6.189004798686477
10,16,8.960209580569144
10,17,10.301809543157763
10,18,10.344806415186026
10,19,12.303278637849782
10,20,14.404328139340135
10,21,15.43978062278387
10,22,15.559958979040198
10,23,15.984651372089681
10,24,19.293792161179784
10,25,18.45039508026733
10,26,15.582911049478977
10,27,15.904331403587655
10,28,14.701802851349827
10,29,11.266422471220386
10,30,11.289062483361391
10,31,12.582301206245583
10,32,10.08301051072163
10,33,7.316731557316177
10,34,10.162026129187955
10,35,11.017473934144817
10,36,7.820839438334198
10,37,8.016718454924487
10,38,11.67353049909731
10,39,11.603866695605134
10,40,11.09052630946859
10,41,13.793663021150207
10,42,12.600517602501629
10,43,12.151073441591947
10,44,13.438679959139954
10,45,10.815725851725404
10,46,10.19910028202827
10,47,12.612857255547647
10,48,11.671794519830405
10,49,8.096602971937122
10,50,10.095188728398238
10,51,12.617188639667205
10,52,10.69238495596123
10,53,10.598161604721057
10,54,13.874757221563833
10,55,14.796926792280106
10,56,14.074810318948455
10,57,17.053701314656355
10,58,17.821748964351904
11,1,15.621785480455872
11,2,15.858219184933073
11,3,12.86621092267437
11,4,10.026364765614174
11,5,9.627541717976227
11,6,8.408067577519093
11,7,6.059443047529306
11,8,4.9322362429495055
11,9,5.380354691446939
11,10,3.805705331421672
11,12,3.816043943288193
11,13,5.980776791240603
11,14,6.524362587969163
11,15,5.657308147203297
11,16,7.449181786572153
11,17,10.090222670284353
11,18,10.45403609542363
11,19,11.23274253112338
11,20,13.50078895646444
11,21,15.39108880511102
11,22,15.435976063885981
11,23,16.43310053716458
11,24,19.921787779809094
11,25,19.29248502323709
11,26,16.408096598460464
11,27,17.54459533037834
11,28,16.451279098483443
11,29,12.74984564611976
11,30,13.428024453425849
11,31,15.293775783351498
11,32,12.7438896545847
11,33,10.347599294432731
11,34,13.592767198295581
11,35,14.52960254778069
11,36,11.394543156371018
11,37,11.817227930768897
11,38,15.474524529794712
11,39,15.19586029770547
11,40,14.485442128328978
11,41,17.346423237517076
11,42,16.07159402982537
11,43,15.664426582154423
11,44,16.473739924925216
11,45,13.426671746052435
11,46,12.986561845503216
11,47,14.656363378561979
11,48,13.045336043925179
11,49,9.525394890125881
11,50,11.325180064268297
11,51,13.007914346049326
11,52,10.13333695261855
11,53,9.901536468998271
11,54,12.424389179895426
11,55,13.580138084223213
11,56,13.534959423156325
11,57,16.20653951865257
11,58,17.49512686726117
12,1,17.229333830128564
12,2,18.063897271309422
12,3,15.007446226340836
12,4,11.993434030226874
12,5,10.529075288825062
12,6,9.986316916765503
12,7,8.737211698172683
12,8,6.10138951073457
12,9,5.4376083430551185
12,10,5.74826369891879
12,11,3.816043943288193
12,13,3.826530405284621
12,14,6.3940584590103215
12,15,6.684079217396868
12,16,6.6793973082410165
12,17,9.109302171466659
12,18,10.8439708503437
12,19,11.6344962673779
12,20,12.878481064788069
12,21,15.121657961894066
12,22,16.072837705523963
12,23,17.739501691784664
12,24,21.43838854310924
12,25,21.405980249147223
12,26,18.956607267822136
12,27,20.051186387863822
12,28,18.347005151689007
12,29,14.878413284571613
12,30,16.00793681356156
12,31,17.22873321051839
12,32,14.10397484432649
12,33,12.326865202994345
12,34,15.458242591112338
12,35,15.501341004751577
12,36,11.992613177584802
12,37,13.024511826891258
12,38,16.28747347994731
12,39,15.090631794022212
12,40,14.388582946457705
12,41,17.75336679527827
12,42,17.231500448231152
12,43,17.501457568947277
12,44,18.673668379984303
12,45,16.079122575610775
12,46,15.874917985226343
12,47,18.00233127977833
12,48,16.47467119300432
12,49,13.006578932349488
12,50,14.944978952726325
12,51,16.80327933841705
12,52,13.923278370113623
12,53,13.578127297977305
12,54,15.865834786729568
12,55,16.691875140992234
12,56,16.35192829781797
12,57,18.547589199164218
12,58,19.403832285599584
13,1,19.203014498535467
13,2,19.599960007872088
13,3,16.123673991697913
13,4,13.763146961473366
13,5,11.71537530810176
13,6,10.288711603827762
13,7,10.094104100154105
13,8,8.239526670080373
13,9,5.632559868002186
13,10,5.531092018075326
13,11,5.980776791240603
13,12,3.826530405284621
13,14,3.8092948075687345
13,15,6.169331857643425
13,16,6.483340638910561
13,17,7.189882457091822
13,18,9.236631848643762
13,19,11.116890759809051
13,20,11.792485835578198
13,21,13.28843959298834
13,22,14.713883600674484
13,23,16.26452722900088
13,24,19.920599943307927
13,25,20.13421926213017
13,26,18.05771103723817
13,27,18.654544938743015
13,28,16.44114460659159
13,29,13.385066743394638
13,30,14.614341714076955
13,31,15.040302874209164
13,32,11.57657199048868
13,33,10.429168584773784
13,34,13.322618681816309
13,35,12.602585059305712
13,36,9.096605426760172
13,37,10.93766218209421
13,38,13.751057985686387
13,39,12.179616177045787
13,40,12.206135120863468
13,41,15.697906501442118
13,42,15.768595483748545
13,43,16.08468262066836
13,44,17.980705521481855
13,45,15.912707362091346
13,46,15.285126169816973
13,47,17.992022729344566
13,48,17.20060471801966
13,49,13.610189726209704
13,50,15.25802328863656
13,51,17.835433943584846
13,52,15.568645000406494
13,53,14.826611594786687
13,54,17.543245492849884
13,55,17.797596151748582
13,56,16.641888856713603
13,57,18.755833135705853
13,58,18.888536181319054
14,1,20.602893404938136
14,2,20.326144768058754
14,3,16.745236785964575
14,4,14.841132810900286
14,5,13.390577404689774
14,6,10.998830520726932
14,7,10.480250842500993
14,8,9.94363775515494
14,9,7.444106535648012
14,10,5.215789626779237
14,11,6.524362587969163
14,12,6.3940584590103215
14,13,3.8092948075687345
14,15,3.8103639827012232
14,16,5.712224640046036
14,17,5.460332754745092
14,18,6.147247235443747
14,19,8.808828063000574
14,20,10.007418384522158
14,21,10.72812670695201
14,22,11.643104718130694
14,23,12.72490083177831
14,24,16.289426774509025
14,25,16.406258357339848
14,26,14.435980663414647
14,27,14.956266415026207
14,28,12.641746156698963
14,29,9.651171455266669
14,30,11.165169888036871
14,31,11.571231786359299
14,32,8.073585464969469
14,33,7.416054384361535
14,34,10.69363902967537
14,35,10.150750350715866
14,36,7.2781251842031365
14,37,9.725034715263337
14,38,12.580269426862392
14,39,11.7825986086723
14,40,12.68063099364676
14,41,15.71517028706342
14,42,15.505539297678986
14,43,14.980737284167366
14,44,17.20191454197228
14,45,15.05466684795136
14,46,13.547682381945982
14,47,16.17578768609513
14,48,16.045202497733406
14,49,12.315689967635077
14,50,13.109837936494964
14,51,16.087675690997692
14,52,14.319770116300267
14,53,12.895023430428626
14,54,15.746608281156005
14,55,15.426475634243277
14,56,13.688235248205222
14,57,15.796555074152272
14,58,15.599770663662031
15,1,20.91597773603104
15,2,20.621167289272595
15,3,17.374564183020908
15,4,15.137231118363681
15,5,14.54910839013332
15,6,12.356688666179204
15,7,10.619889249548278
15,8,10.329207306177556
15,9,9.153945283465834
15,10,6.189004798686477
15,11,5.657308147203297
15,12,6.684079217396868
15,13,6.169331857643425
15,14,3.8103639827012232
15,16,3.8397428886844907
15,17,5.375010531444241
15,18,4.808486485508175
15,19,6.119947498787037
15,20,8.476209653518168
15,21,9.849900427842767
15,22,9.872999784510029
15,23,11.121047963717801
15,24,14.782280927642296
15,25,14.797261496324895
15,26,12.617899134490635
15,27,14.039327802394975
15,28,12.182187700260142
15,29,8.744023528153905
15,30,10.815323799294049
15,31,12.276777222902526
15,32,9.32015852925626
15,33,8.549483012167183
15,34,12.313789220875034
15,35,12.64111597532069
15,36,10.288147787303773
15,37,12.249391775731882
15,38,15.458554863237337
15,39,15.226859213841918
15,40,15.920969116968836
15,41,18.746486425952515
15,42,17.954228695045682
15,43,16.91949907493388
15,44,18.662246608095753
15,45,15.912671634113744
15,46,14.14325225040559
15,47,15.995075160140505
15,48,15.607787253480033
15,49,11.813704050538426
15,50,11.995979202855505
15,51,14.486092924197422
15,52,12.34411254737696
15,53,10.307746570241575
15,54,12.613777559749733
15,55,12.08047446891115
15,56,10.624648412321193
15,57,12.587410002022702
15,58,12.930337211083708
16,1,23.02263085359819
16,2,23.257729044417275
16,3,20.1088341289184
16,4,17.440586624276452
16,5,16.532026916671224
16,6,14.963526565509445
16,7,13.282542315343976
16,8,11.98675628528926
16,9,10.90401748749309
16,10,8.960209580569144
16,11,7.449181786572153
16,12,6.6793973082410165
16,13,6.483340638910561
16,14,5.712224640046036
16,15,3.8397428886844907
16,17,3.803684080834344
16,18,5.428495218854591
16,19,5.255980926168435
16,20,6.289481320645309
16,21,8.890343404263765
16,22,9.906507206840612
16,23,12.318823892192578
16,24,16.10537881785487
16,25,16.89755614464075
16,26,15.290309368662884
16,27,17.070395058456718
16,28,14.835029586697733
16,29,11.777924768765685
16,30,14.355320618126052
16,31,15.499071915805617
16,32,12.252993328802878
16,33,12.083805928017753
16,34,15.747386900333192
16,35,15.481730768623255
16,36,12.945929592290618
16,37,15.29061510155096
16,38,18.280509154721933
16,39,17.39253745575422
16,40,18.082273579547557
16,41,21.274059827243697
16,42,20.902028825163562
16,43,20.2791089659916
16,44,22.08475612876375
16,45,19.39729147403233
16,46,17.876098591022885
16,47,19.759571221139364
16,48,19.123816828616736
16,49,15.345144710479184
16,50,15.686179339277563
16,51,17.888004499245497
16,52,15.351868770813295
16,53,13.288356951534958
16,54,14.915901619277635
16,55,14.174953567478461
16,56,12.895242256882163
16,57,13.980454845994732
16,58,14.129399101658167
17,1,25.375452764501556
17,2,25.33917446726086
17,3,21.907733853780826
17,4,19.65748973231994
17,5,18.339436196814518
17,6,16.30305049982161
17,7,15.310986522150703
17,8,14.309048222843867
17,9,12.308946808419622
17,10,10.301809543157763
17,11,10.090222670284353
17,12,9.109302171466659
17,13,7.189882457091822
17,14,5.460332754745092
17,15,5.375010531444241
17,16,3.803684080834344
17,18,3.797341575350772
17,19,5.414199399888637
17,20,4.876382194633391
17,21,6.227692819435312
17,22,8.27286167544014
17,23,10.782459976510598
17,24,14.503223081253314
17,25,15.812676865057803
17,26,14.86239195282677
17,27,16.169480815214506
17,28,13.273327866571506
17,29,10.923323056883449
17,30,13.812209794647194
17,31,14.069446982670087
17,32,10.566025327716849
17,33,11.48910385369138
17,34,14.819368252664603
17,35,13.793035384294539
17,36,11.736064917743168
17,37,14.80402184145216
17,38,17.20311901592205
17,39,16.11167213918176
17,40,17.543141864807783
17,41,20.65800028456933
17,42,20.780545938535994
17,43,20.130591561331855
17,44,22.504182532966663
17,45,20.276850826313186
17,46,18.390469526191314
17,47,20.67340006834957
17,48,20.66822207174504
17,49,16.875631669433936
17,50,16.92734572793943
17,51,19.676715633579615
17,52,17.69323650083811
17,53,15.393108431834502
17,54,17.329375264808128
17,55,16.050366730406644
17,56,13.929790778587687
17,57,14.72306335145612
17,58,13.87234105679011
18,1,25.5340074235068
18,2,24.98514933840091
18,3,21.621988617987704
18,4,19.70775842696959
18,5,18.958937255250962
18,6,16.420979708824557
18,7,15.089643383677569
18,8,15.004309263037165
18,9,13.283759447343074
18,10,10.344806415186026
18,11,10.45403609542363
18,12,10.8439708503437
18,13,9.236631848643762
18,14,6.147247235443747
18,15,4.808486485508175
18,16,5.428495218854591
18,17,3.797341575350772
18,19,3.7891188896337704
18,20,5.286325470697802
18,21,5.26073062199162
18,22,5.5259140235685225
18,23,7.302043921715609
18,24,11.07510905044232
18,25,12.081869308263796
18,26,11.094552151808221
18,27,12.597643610554536
18,28,9.87027173517797
18,29,7.499877590985182
18,30,10.782119602558325
18,31,11.418497816053288
18,32,8.43828488802703
18,33,9.669463138478253
18,34,13.100741347472152
18,35,12.703405018841547
18,36,11.408832332505725
18,37,14.29051595364587
18,38,16.778828428684868
18,39,16.524455652181768
18,40,18.193898433643028
18,41,20.85028566047892
18,42,20.502391844880677
18,43,19.169277302107663
18,44,21.48800328868745
18,45,19.11890167317836
18,46,16.678104805026685
18,47,18.585831559630982
18,48,18.99912149181054
18,49,15.318983762112891
18,50,14.595683843706956
18,51,17.405504957075404
18,52,15.884524635984393
18,53,13.088249907078051
18,54,14.9743902556674
18,55,13.207330862302301
18,56,10.597996186921916
18,57,11.415930976755376
18,58,10.381032063050982
19,1,26.62746451324142
19,2,26.325831406834048
19,3,23.252962172460624
19,4,20.943228506205145
19,5,20.580923086686337
19,6,18.456283934043324
19,7,16.47970618566707
19,8,16.12117171209733
19,9,15.150873194945126
19,10,12.303278637849782
19,11,11.23274253112338
19,12,11.6344962673779
19,13,11.116890759809051
19,14,8.808828063000574
19,15,6.119947498787037
19,16,5.255980926168435
19,17,5.414199399888637
19,18,3.7891188896337704
19,20,3.7961438317902756
19,21,5.632425129662253
19,22,5.183910940158861
19,23,7.937571462088479
19,24,11.56450762704077
19,25,12.827915474816926
19,26,11.959452369008618
19,27,14.383833305013615
19,28,12.180423720706989
19,29,9.774722473235355
19,30,13.193978365404096
19,31,14.502661589749666
19,32,11.921274073220557
19,33,12.760858094505606
19,34,16.371571891788857
19,35,16.356895199163894
19,36,14.912096652330694
19,37,17.505273724385212
19,38,20.27412188922799
19,39,20.025473136789234
19,40,21.372315062851364
19,41,24.144355948708167
19,42,23.561500837864713
19,43,22.18732524029648
19,44,24.141346423591308
19,45,21.39175751690617
19,46,19.061751144724408
19,47,20.45713153414447
19,48,20.467481379107756
19,49,16.836513099056972
19,50,15.94202339906215
19,51,18.12368144294712
19,52,16.16396987809247
19,53,13.08187998871203
19,54,14.036731151790452
19,55,11.995498173823563
19,56,9.903070874180708
19,57,9.851034549964304
19,58,9.348565014809544
20,1,29.112733020427193
20,2,29.049975078246796
20,3,25.81959191550184
20,4,23.42630458931316
20,5,22.555035994961525
20,6,20.572898416308398
20,7,19.032344847860124
20,8,18.16266524783998
20,9,16.726696649777075
20,10,14.404328139340135
20,11,13.50078895646444
20,12,12.878481064788069
20,13,11.792485835578198
20,14,10.007418384522158
20,15,8.476209653518168
20,16,6.289481320645309
20,17,4.876382194633391
20,18,5.286325470697802
20,19,3.7961438317902756
20,21,3.812723206909245
20,22,5.821556347086998
20,23,9.43087772819271
20,24,12.847824564427286
20,25,14.951397809186547
20,26,14.802608979664114
20,27,16.894742370473747
20,28,14.104560017923166
20,29,12.317283340391397
20,30,15.86044247522683
20,31,16.42312096406522
20,32,13.473385214223688
20,33,14.918658002390544
20,34,18.30820869040827
20,35,17.528126601978702
20,36,16.064038717119793
20,37,19.140853092719393
20,38,21.52072080698479
20,39,20.706029042907755
20,40,22.323712465324153
20,41,25.311245936881377
20,42,25.266618572973492
20,43,24.24187304187094
20,44,26.52753717599356
20,45,24.06144305916457
20,46,21.82178668409032
20,47,23.600180251891235
20,48,23.68870090133067
20,49,19.96708324978354
20,50,19.324345455917054
20,51,21.715886707641733
20,52,19.72038822781352
20,53,16.78714633441713
20,54,17.801543433200703
20,55,15.733199866834084
20,56,13.513284434888554
20,57,13.002132299550828
20,58,11.77787165181806
21,1,30.704461435364237
21,2,30.234993119898434
21,3,26.84125720220777
21,4,24.890461490970704
21,5,23.954431246605736
21,6,21.488857878686034
21,7,20.306427814596635
21,8,19.95323701087906
21,9,18.062386762955466
21,10,15.43978062278387
21,11,15.39108880511102
21,12,15.121657961894066
21,13,13.28843959298834
21,14,10.72812670695201
21,15,9.849900427842767
21,16,8.890343404263765
21,17,6.227692819435312
21,18,5.26073062199162
21,19,5.632425129662253
21,20,3.812723206909245
21,22,3.820026126448958
21,23,7.0549317294619
21,24,10.151345462446875
21,25,12.697250822953787
21,26,13.265548107405252
21,27,14.890701718281989
21,28,11.709878262662132
21,29,10.862345704319106
21,30,14.527641818497262
21,31,14.455614801563236
21,32,11.807198504573428
21,33,14.118487240843322
21,34,17.065298176442663
21,35,16.002448343312494
21,36,15.324520786714348
21,37,18.660576091195548
21,38,20.561377861349506
21,39,19.994933101603895
21,40,22.179823732641985
21,41,24.839421140929584
21,42,24.94544904902285
21,43,23.64857481946672
21,44,26.271517249302946
21,45,24.13483371931158
21,46,21.49386794226257
21,47,23.38791703889405
21,48,24.083552781470697
21,49,20.47078514218937
21,50,19.41361634029992
21,51,22.177046724394867
21,52,20.78471749142101
21,53,17.664303858150454
21,54,18.96673146947654
21,55,16.49849696741627
21,56,13.56285141865319
21,57,12.930844919045517
21,58,10.709647389793927
22,1,30.365877491940864
22,2,29.56887368408606
22,3,26.363297137128395
22,4,24.58142116042972
22,5,24.202877874114122
22,6,21.531718680190217
22,7,19.934098715115994
22,8,20.175015875938325
22,9,18.71935787283571
22,10,15.559958979040198
22,11,15.435976063885981
22,12,16.072837705523963
22,13,14.713883600674484
22,14,11.643104718130694
22,15,9.872999784510029
22,16,9.906507206840612
22,17,8.27286167544014
22,18,5.5259140235685225
22,19,5.183910940158861
22,20,5.821556347086998
22,21,3.820026126448958
22,23,3.793688162682032
22,24,7.031967772968849
22,25,9.36637539478224
22,26,10.014182487106792
22,27,12.194753126839252
22,28,9.574833551980372
22,29,8.827994839866067
22,30,12.632300504036994
22,31,13.2140793717665
22,32,11.344938509678848
22,33,13.47495683079424
22,34,16.458334137369647
22,35,16.173865491968936
22,36,15.895434117441447
22,37,18.81735515027943
22,38,20.946309253413364
22,39,21.059169541793736
22,40,23.155445445761263
22,41,25.500014309848165
22,42,25.085731613533728
22,43,23.272162624609866
22,44,25.63230604906049
22,45,23.268667775544223
22,46,20.32186838105793
22,47,21.688938895965492
22,48,22.554994465949434
22,49,19.152161832716903
22,50,17.481962865986716
22,51,20.006736370524802
22,52,18.923045611617624
22,53,15.467480992003212
22,54,16.425465177384186
22,55,13.53043868455247
22,56,10.357018344638668
22,57,9.360992684354049
22,58,6.89645614764088
23,1,30.36299128838508
23,2,29.09487012287018
23,3,25.945482390156446
23,4,24.639970121374894
23,5,24.53973219003459
23,6,21.499963764538506
23,7,19.991645820942498
23,8,20.927093675694092
23,9,19.470547125820303
23,10,15.984651372089681
23,11,16.43310053716458
23,12,17.739501691784664
23,13,16.26452722900088
23,14,12.72490083177831
23,15,11.121047963717801
23,16,12.318823892192578
23,17,10.782459976510598
23,18,7.302043921715609
23,19,7.937571462088479
23,20,9.43087772819271
23,21,7.0549317294619
23,22,3.793688162682032
23,24,3.7965235565957447
23,25,5.660882834182554
23,26,6.789145106681555
23,27,8.754470533917296
23,28,6.42043344070571
23,29,6.659647380658662
23,30,10.238265185128164
23,31,10.83430488652211
23,32,9.99794984278786
23,33,12.323971142297996
23,34,14.818672842261313
23,35,14.989324142524602
23,36,15.47877105015996
23,37,18.073879814236324
23,38,19.993828234598126
23,39,20.75174330054514
23,40,23.016606172790798
23,41,24.87227934784222
23,42,24.18884255662382
23,43,21.9088520678801
23,44,24.245834465133388
23,45,22.034706083215845
23,46,18.724197798313654
23,47,19.822465533793114
23,48,21.216323670735576
23,49,18.147488373743343
23,50,15.910763333888342
23,51,18.528637778191893
23,52,18.1583245090673
23,53,14.634690290822686
23,54,15.757535142114753
23,55,12.659328323894506
23,56,8.983778165493677
23,57,8.282593403048706
23,58,5.18804162825687
24,1,33.2188736973895
24,2,31.653284193403962
24,3,28.608506163961287
24,4,27.600485540622202
24,5,27.6905399456405
24,6,24.484592703113815
24,7,23.020915750163788
24,8,24.293767985203846
24,9,22.867016840303293
24,10,19.293792161179784
24,11,19.921787779809094
24,12,21.43838854310924
24,13,19.920599943307927
24,14,16.289426774509025
24,15,14.782280927642296
24,16,16.10537881785487
24,17,14.503223081253314
24,18,11.07510905044232
24,19,11.56450762704077
24,20,12.847824564427286
24,21,10.151345462446875
24,22,7.031967772968849
24,23,3.7965235565957447
24,25,3.819919241585876
24,26,6.958447755791209
24,27,8.522717561372309
24,28,7.033799021787186
24,29,8.808646925075132
24,30,11.68618231506435
24,31,12.031151820328024
24,32,12.237696918890911
24,33,14.769223389245271
24,34,16.644201672317557
24,35,16.968614182926313
24,36,18.13216142532245
24,37,20.54681646184113
24,38,22.11668688015067
24,39,23.239197100287285
24,40,25.720788753181477
24,41,27.206488675738964
24,42,26.44368154506255
24,43,23.84328450981805
24,44,26.169859076961117
24,45,24.149182391750536
24,46,20.58925203249436
24,47,21.34589426055397
24,48,23.170126279952022
24,49,20.475273820457332
24,50,17.764959830704978
24,51,20.217853841633957
24,52,20.40331094011393
24,53,16.830269752665306
24,54,17.647171743593454
24,55,14.254978590454629
24,56,10.568284977001037
24,57,9.267367407088155
24,58,5.633865029451382
25,1,31.31566510366822
25,2,29.42690538947984
25,3,26.582888319838162
25,4,25.911788989139225
25,5,26.382608590158735
25,6,23.060975109669396
25,7,21.51674578747187
25,8,23.32796350379334
25,9,22.175984056534524
25,10,18.45039508026733
25,11,19.29248502323709
25,12,21.405980249147223
25,13,20.13421926213017
25,14,16.406258357339848
25,15,14.797261496324895
25,16,16.89755614464075
25,17,15.812676865057803
25,18,12.081869308263796
25,19,12.827915474816926
25,20,14.951397809186547
25,21,12.697250822953787
25,22,9.36637539478224
25,23,5.660882834182554
25,24,3.819919241585876
25,26,3.838657711468982
25,27,5.368290718401729
25,28,5.591443033502237
25,29,7.413920044926166
25,30,9.361444567480765
25,31,10.370168636957283
25,32,11.524222250076011
25,33,13.41974238278811
25,34,14.984136603133491
25,35,16.096280364663702
25,36,17.480563147633642
25,37,19.275137329678707
25,38,20.946876461771897
25,39,22.634109438216477
25,40,24.87398591751523
25,41,25.996036766850995
25,42,24.78559322885279
25,43,21.83864935054079
25,44,23.84221200569609
25,45,21.790029301338425
25,46,18.11663588448143
25,47,18.418306706471743
25,48,20.468074602180234
25,49,18.175516343087224
25,50,15.083633348138651
25,51,17.363929725310683
25,52,18.088982789616434
25,53,14.669255533293592
25,54,15.581994158799017
25,55,12.3866759744709
25,56,8.77854864203946
25,57,8.394984194896912
25,58,5.838297021660536
26,1,27.672215120231616
26,2,25.7341145570797
26,3,23.01387436135917
26,4,22.382533299617336
26,5,23.122513992244436
26,6,19.857470844694756
26,7,18.115651506668698
26,8,20.190849666620558
26,9,19.368465032476564
26,10,15.582911049478977
26,11,16.408096598460464
26,12,18.956607267822136
26,13,18.05771103723817
26,14,14.435980663414647
26,15,12.617899134490635
26,16,15.290309368662884
26,17,14.86239195282677
26,18,11.094552151808221
26,19,11.959452369008618
26,20,14.802608979664114
26,21,13.265548107405252
26,22,10.014182487106792
26,23,6.789145106681555
26,24,6.958447755791209
26,25,3.838657711468982
26,27,3.798097118095211
26,28,5.234732654607164
26,29,5.2318998625679285
26,30,6.575997914300341
26,31,8.83035339020734
26,32,10.029094050170468
26,33,10.912023134842416
26,34,12.739505283445851
26,35,14.547061468708065
26,36,15.525968538873032
26,37,16.805330835044185
26,38,18.911894008743044
26,39,20.80934043791404
26,40,22.597518201925585
26,41,23.69921304067026
26,42,22.10401868663818
26,43,19.092126299459164
26,44,20.740830165193717
26,45,18.40725479438889
26,46,14.819997406332316
26,47,14.883653118132456
26,48,16.735425319817022
26,49,14.49671926410713
26,50,11.31181212121384
26,51,13.535977884264538
26,52,14.311293171253725
26,53,11.003764210409077
26,54,12.234904754305393
26,55,9.470024384274094
26,56,5.988399920707457
26,57,7.222970294615383
26,58,6.348250854345676
27,1,27.689846503869198
27,2,25.428062995273425
27,3,22.58691796066194
27,4,22.511678508778438
27,5,23.032103338026317
27,6,19.477478132935563
27,7,18.384660897002615
27,8,20.774536357485186
27,9,19.530453924222552
27,10,15.904331403587655
27,11,17.54459533037834
27,12,20.051186387863822
27,13,18.654544938743015
27,14,14.956266415026207
27,15,14.039327802394975
27,16,17.070395058456718
27,17,16.169480815214506
27,18,12.597643610554536
27,19,14.383833305013615
27,20,16.894742370473747
27,21,14.890701718281989
27,22,12.194753126839252
27,23,8.754470533917296
27,24,8.522717561372309
27,25,5.368290718401729
27,26,3.798097118095211
27,28,3.813988619279342
27,29,5.418463360813296
27,30,5.007885841037605
27,31,6.244017738588506
27,32,8.69604145113725
27,33,9.824802087024256
27,34,10.548174766452885
27,35,12.41891175738448
27,36,14.203182318121312
27,37,15.240160878947883
27,38,16.7476982184172
27,39,19.040656919022005
27,40,21.08717647483026
27,41,21.696573076883663
27,42,20.187028646582583
27,43,16.9756071137438
27,44,18.886718051909117
27,45,17.14054573816673
27,46,13.350674506732965
27,47,13.718578081843331
27,48,16.278376326607624
27,49,14.379968341481733
27,50,11.289959130096223
27,51,14.016938452276994
27,52,15.455652364499302
27,53,12.757479651039882
27,54,14.7011101321319
27,55,12.552886336040322
27,56,9.35566789331865
27,57,11.01680538713011
27,58,9.83061670019321
28,1,28.071646076058073
28,2,26.172012165842823
28,3,22.97611369508386
28,4,22.571298201940788
28,5,22.50491111487501
28,6,18.960153209773907
28,7,18.152367511128336
28,8,19.979904132542025
28,9,18.208657138599733
28,10,14.701802851349827
28,11,16.451279098483443
28,12,18.347005151689007
28,13,16.44114460659159
28,14,12.641746156698963
28,15,12.182187700260142
28,16,14.835029586697733
28,17,13.273327866571506
28,18,9.87027173517797
28,19,12.180423720706989
28,20,14.104560017923166
28,21,11.709878262662132
28,22,9.574833551980372
28,23,6.42043344070571
28,24,7.033799021787186
28,25,5.591443033502237
28,26,5.234732654607164
28,27,3.813988619279342
28,29,3.80612157792456
28,30,5.35423300368422
28,31,5.0263175482603435
28,32,6.204437219746595
28,33,8.60128648298208
28,34,9.778089086211505
28,35,10.536216998154954
28,36,12.219073023656012
28,37,14.131601427752106
28,38,15.49377206506053
28,39,17.165979594082955
28,40,19.594979209728145
28,41,20.63180374153789
28,42,19.721623261829055
28,43,16.97559330433326
28,44,19.449844924892293
28,45,17.832398981493814
28,46,14.192674838363269
28,47,15.449463069019345
28,48,17.719956749628825
28,49,15.194512704750998
28,50,12.766411220916751
28,51,15.950282009603594
28,52,16.68802828631391
28,53,13.85715951664963
28,54,16.04955258786553
28,55,13.76877462904718
28,56,10.18361442806947
28,57,11.450115116153148
28,58,9.460114211562853
29,1,24.78977583122508
29,2,23.134571040485433
29,3,19.945537426741552
29,4,19.192281457119627
29,5,19.23655604181887
29,6,15.855814357282947
29,7,14.677578198525666
29,8,16.40588114505889
29,9,14.923293254367472
29,10,11.266422471220386
29,11,12.74984564611976
29,12,14.878413284571613
29,13,13.385066743394638
29,14,9.651171455266669
29,15,8.744023528153905
29,16,11.777924768765685
29,17,10.923323056883449
29,18,7.499877590985182
29,19,9.774722473235355
29,20,12.317283340391397
29,21,10.862345704319106
29,22,8.827994839866067
29,23,6.659647380658662
29,24,8.808646925075132
29,25,7.413920044926166
29,26,5.2318998625679285
29,27,5.418463360813296
29,28,3.80612157792456
29,30,3.805119362152936
29,31,5.410596583022784
29,32,5.087193880718483
29,33,6.206574947172069
29,34,8.66458265858043
29,35,9.916712870220383
29,36,10.4594442466857
29,37,12.20196880917841
29,38,14.394605704315865
29,39,15.861517875379283
29,40,17.739300933656004
29,41,19.180928269027273
29,42,18.00457025824174
29,43,15.462734930817183
29,44,17.63661361234972
29,45,15.486164541487557
29,46,12.089948256325973
29,47,13.407819044065494
29,48,15.048062994519524
29,49,12.11607405502067
29,50,9.996724231560975
29,51,13.215997011492062
29,52,13.382331899573577
29,53,10.557805016028215
29,54,13.028623026035037
29,55,11.172414275092324
29,56,7.900816676464112
29,57,10.007541496532069
29,58,9.04660067828275
30,1,23.10424793660192
30,2,20.982011577462437
30,3,17.90697911008791
30,4,17.827091301656292
30,5,18.122945317235214
30,6,14.513619522900576
30,7,13.694095663282829
