1,2,3.864063041998462
1,3,5.120407456850723
1,4,5.64579612406289
1,5,8.716688812984158
1,6,9.737498751291788
1,7,13.49712401916417
1,8,16.345175107213496
1,9,18.441664981328913
1,10,21.129257181833665
1,11,24.128155714783052
1,12,23.70022050831662
1,13,26.35609319005041
1,14,29.128117411894216
1,15,29.172376933755164
1,16,32.551407733461474
1,17,33.104912600012405
1,18,36.734798106056104
1,19,37.91267499883105
1,20,38.383714598968176
1,21,36.97177446961992
1,22,33.506726467918256
1,23,33.69395706220671
1,24,34.60257153180107
1,25,31.99662813284817
1,26,29.318537250029827
1,27,30.685371977434112
1,28,31.007692758995642
1,29,27.573925472701056
1,30,25.445032872584513
1,31,24.53840478659462
1,32,22.356275154012295
1,33,20.245611595442288
1,34,17.439822590634417
1,35,18.31673621482075
1,36,15.31175160122371
1,37,13.121553164132393
1,38,9.613444415712959
1,39,10.29560949621732
1,40,10.079590519683627
1,41,12.401145778520856
1,42,16.040222486999305
1,43,17.28846134294791
1,44,16.10235929276469
1,45,18.401712492265105
1,46,22.11427539772874
1,47,22.700322820803844
1,48,21.878794096587235
1,49,22.153207859276478
1,50,19.43201188471249
1,51,17.020717141937045
1,52,18.01472353024649
1,53,17.748596334357533
1,54,14.05854015397824
1,55,13.29012953991147
1,56,15.39710516605651
1,57,13.872387665447794
1,58,10.23514539380134
1,59,11.593197057967908
1,60,13.991922515999303
1,61,11.858889530124575
1,62,9.796482319901918
1,63,13.241341613400978
1,64,15.042472378049604
1,65,13.147369182384352
1,66,13.23680083280086
1,67,16.922946121033
1,68,18.038173042576428
1,69,17.606896935009754
1,70,19.88568202256355
1,71,22.598845510073225
1,72,22.15355010947264
1,73,23.090335392647592
1,74,22.619132314892706
1,75,25.559531203409854
1,76,25.7243519947603
1,77,27.331903074259362
1,78,24.330258875638236
1,79,21.808478274913174
1,80,24.359095455508715
1,81,24.638199990901008
1,82,20.970710469618968
1,83,20.968282750970804
1,84,23.616100981934583
1,85,22.506166555630664
1,86,18.798742527849296
1,87,20.442930114410206
1,88,22.642414907021806
1,89,19.886864499173118
1,90,17.83522921805507
1,91,21.124936213812152
1,92,21.7660763731107
1,93,18.419800482525357
1,94,19.462697013141195
1,95,22.79736262076956
1,96,21.318307755446
1,97,19.70194474616673
1,98,23.124303917234496
1,99,25.23180836987301
2,1,3.864063041998462
2,3,3.8264768248425325
2,4,5.5176739673432
2,5,7.823701031381398
2,6,9.657170416817685
2,7,13.276228673482398
2,8,16.075805063203514
2,9,18.797725084468574
2,10,21.634671415848818
2,11,24.968927235540527
2,12,25.08482003011428
2,13,27.747215112909526
2,14,30.814012760294304
2,15,31.11024602307785
2,16,34.627493222437224
2,17,35.48357362883862
2,18,39.127053828945485
2,19,40.47195631525028
2,20,40.891588594945866
2,21,39.72664085423421
2,22,36.209938151628734
2,23,36.09535203495023
2,24,37.08387934830641
2,25,34.713202913536556
2,26,31.831133623736875
2,27,32.92122908905829
2,28,33.44023438341054
2,29,30.17498047842802
2,30,27.75685757724647
2,31,26.67336616871125
2,32,24.890219376383527
2,33,22.704930095241966
2,34,19.549613481212436
2,35,19.739761189388666
2,36,16.39804501751634
2,37,14.386966375169548
2,38,10.919838351122147
2,39,10.967105088670863
2,40,10.038275338971804
2,41,11.19294708378159
2,42,15.001942703847668
2,43,15.804852824373993
2,44,15.286473514443136
2,45,18.06198153408011
2,46,21.711368663033475
2,47,22.68514596936248
2,48,22.18448333031533
2,49,23.080810476408185
2,50,20.33903052643948
2,51,17.64263223874123
2,52,19.186706611654827
2,53,19.48793778713614
2,54,15.79356078819166
2,55,14.901265655155942
2,56,17.62471538021339
2,57,16.642512852358813
2,58,13.020604571595864
2,59,14.152345956532047
2,60,17.05383253762206
2,61,15.363865029455035
2,62,13.148216645113848
2,63,16.315608491403104
2,64,18.53101791869592
2,65,16.760942669018174
2,66,16.379254505412668
2,67,20.037874667580866
2,68,21.483891609294442
2,69,20.822103813081974
2,70,22.860700237678717
2,71,25.831700110553584
2,72,25.420001948472972
2,73,26.582506625798565
2,74,26.053746056789567
2,75,29.054631418901714
2,76,29.192246100052586
2,77,30.574090085063727
2,78,27.493696633466733
2,79,25.025034434397565
2,80,27.392150666400223
2,81,27.40594022673961
2,82,23.677677497461605
2,83,23.614190679255838
2,84,25.920653856559305
2,85,24.54115819175551
2,86,20.797723551837933
2,87,22.21666307280318
2,88,24.01461237903972
2,89,21.070334699744002
2,90,18.86087807419177
2,91,21.822092409559556
2,92,22.11271353031216
2,93,18.487173840646665
2,94,19.328634608377254
2,95,22.40497805935778
2,96,20.55454605234058
2,97,18.569620950462834
2,98,21.984121342619428
2,99,23.79199218743486
3,1,5.120407456850723
3,2,3.8264768248425325
3,4,3.8426496037864535
3,5,6.990543516464497
3,6,9.869864571586117
3,7,13.085398941010824
3,8,16.45028618764896
3,9,19.179396224531388
3,10,21.493747315051042
3,11,24.827663132243583
3,12,24.713819760917513
3,13,26.95859116620927
3,14,29.964929066968722
3,15,29.904002343236428
3,16,33.2941415450332
3,17,34.02352805971022
3,18,37.5659183491562
3,19,39.201743649276466
3,20,39.93612464576501
3,21,38.91768732531808
3,22,35.28575105771848
3,23,35.227311227174425
3,24,36.581607490702574
3,25,34.285848038530844
3,26,31.29408667860297
3,27,32.62840621578842
3,28,33.487618279427714
3,29,30.246670768637923
3,30,27.697668212144126
3,31,27.119632381710872
3,32,25.371808918732217
3,33,22.74321979077998
3,34,19.652750605062653
3,35,19.8534513899032
3,36,16.36302145707034
3,37,13.660785724833541
3,38,9.949058805259426
3,39,8.800857639059474
3,40,6.894976788485767
3,41,8.27653555966308
3,42,12.019869544555599
3,43,12.610019093982656
3,44,11.640980919057352
3,45,14.452628040292916
3,46,18.099884897725868
3,47,19.238500423031613
3,48,19.04104810987645
3,49,19.8943463129699
3,50,16.932882826368655
3,51,14.468038889348303
3,52,16.424023528493358
3,53,16.612265797038177
3,54,12.889939364052887
3,55,12.58743135677683
3,56,15.625621032201432
3,57,14.66599130394015
3,58,11.385817006616536
3,59,13.182446839788138
3,60,16.185806817723787
3,61,14.715566628978907
3,62,13.329449382770568
3,63,16.6410204935527
3,64,18.735069819719154
3,65,17.494969101131648
3,66,17.72884023393558
3,67,21.21090242545047
3,68,22.549697553685718
3,69,22.481613064203536
3,70,24.567593555265386
3,71,27.2152663212852
3,72,26.37316911730525
3,73,27.066094873097377
3,74,26.06482648395612
3,75,28.72361203960258
3,76,28.36834968358051
3,77,29.744530954416295
3,78,26.916036428411964
3,79,24.10786242278037
3,80,26.0825874336713
3,81,26.32663028676859
3,82,22.709618958967095
3,83,22.056547178144005
3,84,24.306646280654924
3,85,23.302698609020236
3,86,19.46697697914955
3,87,20.291077994321398
3,88,22.296078139193344
3,89,19.724121897828372
3,90,16.984169791434674
3,91,19.680685929953455
3,92,20.467686839377162
3,93,16.885477744941912
3,94,17.08035909951518
3,95,20.411415804797645
3,96,19.0869772553124
3,97,16.722612157104376
3,98,19.812220618985616
3,99,22.08715540575089
4,1,5.64579612406289
4,2,5.5176739673432
4,3,3.8426496037864535
4,5,3.787211228558007
4,6,6.373051637968817
4,7,9.495908818865336
4,8,12.975373889903029
4,9,15.521062416344115
4,10,17.713319029832324
4,11,21.006348347628744
4,12,20.886459787861245
4,13,23.151595045434828
4,14,26.2066968863232
4,15,26.28716318260213
4,16,29.760777772346522
4,17,30.676646294111258
4,18,34.265892650601124
4,19,35.86857300347826
4,20,36.476571835275394
4,21,35.58565669786144
4,22,31.952699604601708
4,23,31.703678471686057
4,24,33.053008877044306
4,25,30.90316985426039
4,26,27.800927933527355
4,27,28.99501100149495
4,28,29.97490961300992
4,29,26.84848441389849
4,30,24.136720260853334
4,31,23.597970222734457
4,32,22.078713162093223
4,33,19.31164370073346
4,34,16.097943339939956
4,35,16.105912280145215
4,36,12.576438689273685
4,37,9.84841464000912
4,38,6.201913099564163
4,39,5.464228959393659
4,40,5.03416601000221
4,41,7.036649040628703
4,42,10.587539461010142
4,43,12.312843153897303
4,44,11.67471094565861
4,45,13.690032175402807
4,46,17.37454224673595
4,47,17.783760376424272
4,48,16.894698007872204
4,49,17.767569884697718
4,50,15.303154970763739
4,51,12.354916706744039
4,52,13.735493280384519
4,53,14.366299106436554
4,54,10.855400697221745
4,55,9.612628066770911
4,56,12.684980023675848
4,57,12.374295846864232
4,58,8.991329703690756
4,59,10.023335074511602
4,60,13.395860993246076
4,61,12.631582902135927
4,62,11.028687015069757
4,63,13.895626895686682
4,64,16.45141839582533
4,65,15.808414800310116
4,66,15.730690634097824
4,67,18.910775509034544
4,68,20.705021641713103
4,69,20.998928956552255
4,70,22.616106324071865
4,71,25.25268355455963
4,72,24.03009622903363
4,73,24.78266751294158
4,74,23.520807255762215
4,75,26.22348001465857
4,76,25.92139288365525
4,77,26.93551126358791
4,78,23.985352893351696
4,79,21.35489174737742
4,80,23.250232191373758
4,81,23.131722241405182
4,82,19.465822428663344
4,83,19.02151414342464
4,84,21.034392331106222
4,85,19.744865502181096
4,86,15.944319339718493
4,87,16.97549258867912
4,88,18.76130455402266
4,89,16.016052198006193
4,90,13.495258504220821
4,91,16.38639585246538
4,92,16.965965850846192
4,93,13.425576902173031
4,94,14.098750670944478
4,95,17.406046150604038
4,96,16.023887546940834
4,97,14.14928954542783
4,98,17.4961228659574
4,99,19.72025734404444
5,1,8.716688812984158
5,2,7.823701031381398
5,3,6.990543516464497
5,4,3.787211228558007
5,6,3.812339352128454
5,7,6.226196863652184
5,8,9.697947889279913
5,9,12.652897106531803
5,10,14.856165598261468
5,11,18.386739153081926
5,12,18.81968699570492
5,13,21.121903499753813
5,14,24.454278560773755
5,15,24.95619277790012
5,16,28.59090967613624
5,17,29.9529720971957
5,18,33.55816592450874
5,19,35.20847422619808
5,20,35.60425117761205
5,21,35.02964895033857
5,22,31.417568662648687
5,23,30.72876983110521
5,24,32.07368087356281
5,25,30.278117488768974
5,26,26.966141436067257
5,27,27.73433160077041
5,28,28.94043529671689
5,29,26.110762405500886
5,30,23.068980100614294
5,31,22.361669369789567
5,32,21.431309449283255
5,33,18.616891496227353
5,34,15.093969624256513
5,35,14.242543466380194
5,36,10.511501776897482
5,37,8.32638112450568
5,38,5.643897336344144
5,39,5.210532125607019
5,40,5.956694467867661
5,41,6.475121288956634
5,42,9.521327678079533
5,43,11.885960927610014
5,44,12.320926796705157
5,45,13.905617342367998
5,46,17.36247083267699
5,47,17.393474943894148
5,48,16.119670225930488
5,49,17.58765851522825
5,50,15.761780798911802
5,51,12.269777829082358
5,52,13.42764873341226
5,53,15.00263013854391
5,54,12.053169260678583
5,55,9.865507454417335
5,56,13.086843930500635
5,57,13.831682119350655
5,58,10.725652779235151
5,59,10.57681134257931
5,60,14.299280761704976
5,61,14.424329256162219
5,62,12.472206487640916
5,63,14.537487092887245
5,64,17.668796699015523
5,65,17.494617302984572
5,66,16.764506846634465
5,67,19.598011749005682
5,68,21.972793077349895
5,69,22.322106635413345
5,70,23.351426536114396
5,71,26.154252756673323
5,72,24.703668485104583
5,73,25.72565884096992
5,74,24.298292254105974
5,75,27.08347219967725
5,76,26.895254848917965
5,77,27.3956108758051
5,78,24.30063035382795
5,79,22.008629958997695
5,80,23.698982689465765
5,81,22.99180940627306
5,82,19.336150488688958
5,83,19.16955367164467
5,84,20.585510747450652
5,85,18.74764283808113
5,86,15.146042420824966
5,87,16.233167613887996
5,88,17.271702113704457
5,89,14.188857748963015
5,90,11.994287513935662
5,91,14.63287347380358
5,92,14.482919938111475
5,93,10.776302208873378
5,94,11.893283575544597
5,95,14.734698861503336
5,96,12.813338013101744
5,97,11.208011548301279
5,98,14.848055730934087
5,99,16.62280313125227
6,1,9.737498751291788
6,2,9.657170416817685
6,3,9.869864571586117
6,4,6.373051637968817
6,5,3.812339352128454
6,7,3.829821255099827
6,8,6.758817485704668
6,9,9.345175507583022
6,10,11.995278264340177
6,11,15.42798267066526
6,12,15.94528131833375
6,13,18.66242307896661
6,14,22.00768232844595
6,15,22.884012952452604
6,16,26.63004429896514
6,17,28.164763119974054
6,18,31.850330268996338
6,19,33.1982223164777
6,20,33.25956298375177
6,21,32.62840203438903
6,22,29.13660411163188
6,23,28.30995967452063
6,24,29.3408297410184
6,25,27.576278002583532
6,26,24.308817706481136
6,27,24.802620344857388
6,28,25.81159293124912
6,29,23.04833281443653
6,30,20.010388153402662
6,31,18.954447876288125
6,32,18.18428569640937
6,33,15.618970598622838
6,34,11.967742932410065
6,35,10.93021644453826
6,36,7.297821366810878
6,37,6.120342577607731
6,38,4.683487206526859
6,39,6.596838272231159
6,40,8.933147445957129
6,41,9.920325512298636
6,42,12.403012956953459
6,43,15.247452669336546
6,44,15.701882928517113
6,45,16.768094575397882
6,46,20.104957787264475
6,47,19.54103098270894
6,48,17.610647573942384
6,49,18.818667343665826
6,50,17.53407572933464
6,51,13.975878847554759
6,52,14.145584449756026
6,53,15.814712202627776
6,54,13.254545891949652
6,55,10.260866453899903
6,56,12.704057517098118
6,57,13.783103559180319
6,58,10.70437380127776
6,59,9.281751688012548
6,60,12.873739386328843
6,61,13.445498866043812
6,62,10.911964729603309
6,63,12.180908841729025
6,64,15.688753265858866
6,65,15.751807584286244
6,66,14.39181341943047
6,67,16.88845533911566
6,68,19.68275078690429
6,69,20.03488351472699
6,70,20.567016986514453
6,71,23.468583380250518
6,72,21.95314709697724
6,73,23.29614475225719
6,74,21.989232678720892
6,75,24.990918482899538
6,76,25.20158351029844
6,77,25.431259236888874
6,78,22.1073464533477
6,79,20.2755412296992
6,80,22.184478004056107
6,81,21.04486226610548
6,82,17.34838568670236
6,83,17.884766581353635
6,84,19.164547759962637
6,85,16.834533354540607
6,86,13.482766990247894
6,87,15.336117650364557
6,88,16.037789189509866
6,89,12.564745058615442
6,90,11.353532029149854
6,91,14.360881659902232
6,92,13.638630344152311
6,93,10.270024777266467
6,94,12.516445939997679
6,95,14.965269179107944
6,96,12.741437173579344
6,97,12.264196430489887
6,98,16.082793507078716
6,99,17.4238580332991
7,1,13.49712401916417
7,2,13.276228673482398
7,3,13.085398941010824
7,4,9.495908818865336
7,5,6.226196863652184
7,6,3.829821255099827
7,8,3.798289391621172
7,9,6.624843423627385
7,10,8.764024838324252
7,11,12.41911003368159
7,12,13.448164363299272
7,13,15.953349432581375
7,14,19.519395223304866
7,15,20.709366545521537
7,16,24.516584256196026
7,17,26.45647764007838
7,18,30.070466725760554
7,19,31.545145166447824
7,20,31.502132910074085
7,21,31.269765655803344
7,22,27.80794289175863
7,23,26.54749911464249
7,24,27.716656897129035
7,25,26.39992556107294
7,26,22.924199895065453
7,27,23.055164298088673
7,28,24.468352911891984
7,29,22.11850969659244
7,30,18.735831221684442
7,31,17.83019066488411
7,32,17.80054083634824
7,33,15.067415239317649
7,34,11.391544687910164
7,35,9.283050535896853
7,36,5.717432823459463
7,37,5.50415568849617
7,38,6.27830582490754
7,39,7.721381444288916
7,40,10.470409351956128
7,41,10.76257129125372
7,42,12.167081257367004
7,43,15.464505243743776
7,44,16.462589091919277
7,45,16.853337528759035
7,46,19.77838916528949
7,47,18.69789202049461
7,48,16.34921554461813
7,49,17.907792825282435
7,50,17.36493772028982
7,51,13.647162824550772
7,52,13.400008988797062
7,53,15.814525868931652
7,54,14.031708864473721
7,55,10.59799123175893
7,56,12.848032296065393
7,57,14.897395420904394
7,58,12.519197747992385
7,59,10.44880399290482
7,60,13.928896427560215
7,61,15.415704450298385
7,62,13.246511948304365
7,63,13.6591187618083
7,64,17.33091479572499
7,65,18.09612807343152
7,66,16.588504265625208
7,67,18.450212040328307
7,68,21.572925516126517
7,69,22.279757881167402
7,70,22.263554229809447
7,71,25.007829154694655
7,72,23.084187585312137
7,73,24.389057089091775
7,74,22.71857517132198
7,75,25.528722441671626
7,76,25.63141608151988
7,77,25.303276519418688
7,78,22.04738287063706
7,79,20.510011217626296
7,80,21.958161612595195
7,81,20.302343128818816
7,82,16.8403804697002
7,83,17.43872051447956
7,84,17.96612434091615
7,85,15.230842739640586
7,86,12.318057002374942
7,87,13.962186682551074
7,88,13.797230286226613
7,89,10.18518546695563
7,90,9.530738002904657
7,91,12.022364789389448
7,92,10.531286193998529
7,93,7.360778731575854
7,94,10.228397076449392
7,95,11.990728978981629
7,96,9.486162852294322
7,97,9.876825459925595
7,98,13.640164202080626
7,99,14.59078213786772
8,1,16.345175107213496
8,2,16.075805063203514
8,3,16.45028618764896
8,4,12.975373889903029
8,5,9.697947889279913
8,6,6.758817485704668
8,7,3.798289391621172
8,9,3.7641126113004617
8,10,6.608891019437302
8,11,10.25105704411727
8,12,12.132695024934367
8,13,14.962938316344351
8,14,18.607946691934657
8,15,20.459131688765787
8,16,24.315291262379546
8,17,26.632021537380854
8,18,30.209317746385235
8,19,31.42604640039207
8,20,30.95813788327158
8,21,30.87888813734261
8,22,27.633793849431203
8,23,26.002770743845296
8,24,26.83282743448264
8,25,25.82208665788723
8,26,22.385280892588423
8,27,21.912298616381566
8,28,23.232414304040713
8,29,21.260342166306856
8,30,17.82145037441996
8,31,16.411896125656515
8,32,17.041149210765035
8,33,14.808191596126823
8,34,11.24870042646816
8,35,8.282937219894922
8,36,5.786679712181925
8,37,7.699730314170256
8,38,9.511417026016105
8,39,11.434960824084415
8,40,14.266857936076915
8,41,14.344456201689306
8,42,15.468689735502561
8,43,18.765208906077007
8,44,20.066749877350823
8,45,20.302636860163215
8,46,23.009171945727655
8,47,21.67531650242775
8,48,19.0686176374903
8,49,20.683124413348562
8,50,20.599005538097657
8,51,16.92242440968124
8,52,16.24589075003375
8,53,18.81704629981742
8,54,17.40224848988574
8,55,13.776275961357603
8,56,15.444944203029813
8,57,17.726894154493902
8,58,15.529327790983453
8,59,12.86112051910095
8,60,15.907225131597842
8,61,17.69118334007653
8,62,15.218863526547723
8,63,14.83754707040491
8,64,18.628622449072928
8,65,19.533445626329673
8,66,17.41578827110383
8,67,18.778349701809628
8,68,22.26447703967552
8,69,22.829497851545533
8,70,22.202168058319888
8,71,25.04288859825031
8,72,23.13915456032104
8,73,24.828666306824275
8,74,23.322876455348197
8,75,26.24875726170174
8,76,26.728320452489065
8,77,26.000306342295232
8,78,22.627195450781635
8,79,21.69376926573957
8,80,23.158087061367176
8,81,20.969991023179304
8,82,17.724550765271765
8,83,18.95474860113027
8,84,19.038215742376256
8,85,15.78208112963911
8,86,13.577331088227538
8,87,15.616815633562792
8,88,14.697950880126045
8,89,10.991232883763487
8,90,11.568669433229125
8,91,13.678127875788185
8,92,11.289652195257657
8,93,9.0062218826618
8,94,12.403837475074646
8,95,13.17377848790705
8,96,10.228115100240183
8,97,11.681629131410718
8,98,15.211065253570837
8,99,15.3040922215662
9,1,18.441664981328913
9,2,18.797725084468574
9,3,19.179396224531388
9,4,15.521062416344115
9,5,12.652897106531803
9,6,9.345175507583022
9,7,6.624843423627385
9,8,3.7641126113004617
9,10,3.79481000293706
9,11,6.91131794046167
9,12,8.844098082452426
9,13,12.00512910521046
9,14,15.516730966898708
9,15,17.706046259276075
9,16,21.540828152000103
9,17,23.98702695259609
9,18,27.53979879201506
9,19,28.48806792078709
9,20,27.750674619437596
9,21,27.694373651022147
9,22,24.607716356172666
9,23,22.819164303574453
9,24,23.4208531799575
9,25,22.559591827788154
9,26,19.180770273764455
9,27,18.414398120871734
9,28,19.696592225821814
9,29,17.960307620058583
9,30,14.494360545753095
9,31,12.983282983980601
9,32,14.100169595939269
9,33,12.112756849067107
9,34,8.92179062660549
9,35,5.404844533254897
9,36,4.69882897401684
9,37,7.999071243489752
9,38,10.889628590683316
9,39,13.331886718252932
9,40,16.643111425835354
9,41,17.22203909166931
9,42,18.08702782818988
9,43,21.612078538138302
9,44,22.622269182015312
9,45,22.42164741230739
9,46,24.984933812170098
9,47,23.17766665673452
9,48,20.142006117948718
9,49,21.30732810012189
9,50,21.68418478078397
9,51,18.25215718991921
9,52,16.802586135267145
9,53,19.22816403074329
9,54,18.331433009389546
9,55,14.541854320713327
9,56,15.31040074517292
9,57,17.820557277683466
9,58,16.12684496767331
9,59,12.860003949508009
9,60,15.225925583163038
9,61,17.518505741748537
9,62,15.23214196875894
9,63,13.922972565253618
9,64,17.59525631699753
9,65,19.026676730894636
9,66,16.77125710262296
9,67,17.37028965392543
9,68,21.02650003870725
9,69,21.9164611283193
9,70,20.747735020779988
9,71,23.305049184770795
9,72,21.11789137991016
9,73,22.826436197423387
9,74,21.23451947721222
9,75,24.0659949008321
9,76,24.747032075020627
9,77,23.632511900629666
9,78,20.265388714269807
9,79,19.860516852013006
9,80,21.242076367451354
9,81,18.641361442200832
9,82,15.68675658548458
9,83,17.46485896025295
9,84,17.210504246348368
9,85,13.63373605040502
9,86,12.155996421230189
9,87,14.647572880846703
9,88,13.352153558898646
9,89,9.77736236222934
9,90,11.56121496375608
9,91,13.649170602545697
9,92,11.104917105491309
9,93,9.941301335448433
9,94,13.69742783518431
9,95,14.173529705711852
9,96,11.79438769814422
9,97,14.023571181938163
9,98,17.188782352402146
9,99,17.266559364785873
10,1,21.129257181833665
10,2,21.634671415848818
10,3,21.493747315051042
10,4,17.713319029832324
10,5,14.856165598261468
10,6,11.995278264340177
10,7,8.764024838324252
10,8,6.608891019437302
10,9,3.79481000293706
10,11,3.7888728439811756
10,12,6.200043827485758
10,13,8.73496374958227
10,14,12.3985580570763
10,15,14.752903341803906
10,16,18.535517898235494
10,17,21.279643349293373
10,18,24.69001536342665
10,19,25.821180533646995
10,20,25.12994835221518
10,21,25.48664692245451
10,22,22.421332150334784
10,23,20.288346835469035
10,24,21.208668294494956
10,25,20.81663597112572
10,26,17.269566031223057
10,27,16.328585842984744
10,28,18.22033019038171
10,29,16.960140500429194
10,30,13.252777732296304
10,31,12.507455936980449
10,32,14.250325624616483
10,33,11.983342986522457
10,34,9.44600964538086
10,35,5.7276368991330875
10,36,6.239940240535808
10,37,9.050463314032585
10,38,12.527175150694116
10,39,14.470511407692431
10,40,17.860680327470256
10,41,18.36888640096476
10,42,18.49564062607469
10,43,22.1845828266654
10,44,23.205805775034857
10,45,22.385380374670497
10,46,24.52306973512627
10,47,22.23819135569476
10,48,18.900292114893283
10,49,19.98715232113397
10,50,21.019661442352685
10,51,17.841741977375495
10,52,15.920418993332293
10,53,18.60425541540643
10,54,18.466908931021052
10,55,14.73258220974399
10,56,15.0629916260355
10,57,18.130098463071764
10,58,17.169414836805846
10,59,13.851675511826505
10,60,15.85196727496357
10,61,18.73133015225506
10,62,17.10323276594477
10,63,15.466188346872302
10,64,18.87548501208906
10,65,20.916000571752647
10,66,19.048033558240615
10,67,19.17499872696106
10,68,22.73184117913616
10,69,24.131799663547657
10,70,22.786584756521812
10,71,24.902110600248122
10,72,22.266567690334693
10,73,23.566659606271493
10,74,21.49915023341717
10,75,23.874263947977767
10,76,24.230750282534
10,77,22.641036536311738
10,78,19.588605293857885
10,79,19.3574061627777
10,80,20.109141614591362
10,81,17.18702591280123
10,82,14.732867416179094
10,83,16.328486537451635
10,84,15.299590514049779
10,85,11.59878676054759
10,86,10.946097679473583
10,87,12.962765825297431
10,88,10.84271132192827
10,89,7.749179518499946
10,90,10.3856173247126
10,91,11.68884392487867
10,92,8.787726144499327
10,93,8.942845092686408
10,94,12.63889191655797
10,95,12.468798977608461
10,96,10.770945800818112
10,97,13.722119443990245
10,98,16.260194400139625
10,99,16.309889444566533
11,1,24.128155714783052
11,2,24.968927235540527
11,3,24.827663132243583
11,4,21.006348347628744
11,5,18.386739153081926
11,6,15.42798267066526
11,7,12.41911003368159
11,8,10.25105704411727
11,9,6.91131794046167
11,10,3.7888728439811756
11,12,3.812473071558574
11,13,6.14084727123626
11,14,9.454867864623967
11,15,12.410540872101507
11,16,16.012505832594957
11,17,19.01297805311533
11,18,22.265992867972656
11,19,23.114826405279135
11,20,22.08745036472521
11,21,22.6466373518814
11,22,19.848652619838013
11,23,17.376244559880988
11,24,18.09268162208468
11,25,18.132347127113437
11,26,14.69056101707392
11,27,13.213904118652833
11,28,15.297082767220898
11,29,14.651663430417718
11,30,11.007567249864397
11,31,10.533181789384304
11,32,13.06791492632283
11,33,11.274210533392175
11,34,9.85037312174603
11,35,6.646627780915697
11,36,8.828799469969969
11,37,11.70645769651389
11,38,15.421759957512526
11,39,17.500029758263405
11,40,21.024408391520822
11,41,21.774505996762592
11,42,21.699335552206293
11,43,25.445219169842474
11,44,26.288537243020695
11,45,25.13794660339593
11,46,27.05652983301389
11,47,24.426164111476414
11,48,20.856702138745284
11,49,21.53791745334528
11,50,23.012073044019047
11,51,20.189726051011675
11,52,17.744598822134503
11,53,20.20454608672789
11,54,20.590855974505477
11,55,16.97043232267632
11,56,16.533635891888476
11,57,19.675223500696074
11,58,19.246424870935556
11,59,15.73197123161051
11,60,16.976359446906176
11,61,20.176010360329688
11,62,18.864625040993
11,63,16.588334776046157
11,64,19.611048051636676
11,65,22.078448566303837
11,66,20.240065189938235
11,67,19.643656857522355
11,68,23.15758593456872
11,69,24.855639997055356
11,70,23.05320706664913
11,71,24.747663188794935
11,72,21.859495489674803
11,73,23.041888243974554
11,74,20.8633860343484
11,75,22.927350535100835
11,76,23.40192289707106
11,77,21.3039987180512
11,78,18.479721423358942
11,79,18.89440720382835
11,80,19.335156560135122
11,81,15.97959684522455
11,82,14.219571040290294
11,83,16.229528338733587
11,84,14.642096323669103
11,85,10.844468239390263
11,86,11.460036424391989
11,87,13.527919069575079
11,88,10.970833972303668
11,89,8.82237609027917
11,90,12.279849624194169
11,91,13.18457846174343
11,92,10.489532926624605
11,93,11.732742445612717
11,94,15.190736928500925
11,95,14.68270229992299
11,96,13.61803759553399
11,97,16.86304600370072
11,98,18.955901915879075
11,99,18.930204487441436
12,1,23.70022050831662
12,2,25.08482003011428
12,3,24.713819760917513
12,4,20.886459787861245
12,5,18.81968699570492
12,6,15.94528131833375
12,7,13.448164363299272
12,8,12.132695024934367
12,9,8.844098082452426
12,10,6.200043827485758
12,11,3.812473071558574
12,13,3.793991225068292
12,14,6.781130158649612
12,15,9.274012149287147
12,16,12.983565459799408
12,17,15.659065821571248
12,18,19.074441395263026
12,19,19.84967518504329
12,20,19.01255259294471
12,21,19.299770518056917
12,22,16.316417143352105
12,23,14.140104337096474
12,24,15.041772738300134
12,25,14.746208011784333
12,26,11.17247617824142
12,27,10.265790334861958
12,28,12.523288539471027
12,29,11.561705933238457
12,30,7.804938032036609
12,31,8.35220080098857
12,32,10.555001548520675
12,33,8.39635099438874
12,34,7.848109543887078
12,35,5.904068236386081
12,36,8.77077838739857
12,37,11.080128880210758
12,38,14.856893481028166
12,39,17.02987426048636
12,40,20.691855224993876
12,41,22.020687345347795
12,42,21.98143310042477
12,43,25.769441986599013
12,44,26.071923501644942
12,45,24.70305709343987
12,46,26.633201115464942
12,47,23.821933391259968
12,48,20.12339797260415
12,49,20.127317912601413
12,50,21.664817044119065
12,51,19.24448859702523
12,52,16.313792926010702
12,53,18.252666975488342
12,54,18.967322284177918
12,55,15.562128324349585
12,56,14.341128993621064
12,57,17.388273477183922
12,58,17.505981978517394
12,59,13.975292272508076
12,60,14.50415759001544
12,61,17.953280316378944
12,62,17.200315759733275
12,63,14.610458171403586
12,64,17.18184410278855
12,65,20.07912013910217
12,66,18.706913603729497
12,67,17.739953534149258
12,68,20.96877094129118
12,69,23.133862499212096
12,70,21.401932665297764
12,71,22.633256614173888
12,72,19.423790106075412
12,73,20.151734108066215
12,74,17.6625141942709
12,75,19.433605550111867
12,76,19.752190994080173
12,77,17.545254710223542
12,78,14.844489695795664
12,79,15.362997138905905
12,80,15.644433973613214
12,81,12.205615595694255
12,82,10.696888804765123
12,83,12.897445907968736
12,84,11.259001978175986
12,85,7.482091897664872
12,86,8.781234999556453
12,87,11.111651727051145
12,88,8.98080142019564
12,89,7.472837853321527
12,90,11.232036306045824
12,91,12.44591723795458
12,92,10.74135614772955
12,93,12.235675305211682
12,94,15.445475226602785
12,95,15.558852282580888
12,96,15.214947544242573
12,97,18.141934889067688
12,98,20.174485784880105
12,99,20.805688585095453
13,1,26.35609319005041
13,2,27.747215112909526
13,3,26.95859116620927
13,4,23.151595045434828
13,5,21.121903499753813
13,6,18.66242307896661
13,7,15.953349432581375
13,8,14.962938316344351
13,9,12.00512910521046
13,10,8.73496374958227
13,11,6.14084727123626
13,12,3.793991225068292
13,14,3.774993981383372
13,15,6.361094922309184
13,16,9.951993475771001
13,17,13.048051399190559
13,18,16.226126611235163
13,19,17.380240377075996
13,20,16.789198351143774
13,21,17.68422943221382
13,22,14.725451935012773
13,23,12.14753831322965
13,24,13.761419674439933
13,25,14.144026298418725
13,26,10.527655813947948
13,27,9.705857046367308
13,28,12.837665497094475
13,29,12.558070037807129
13,30,9.12565500412455
13,31,10.84433344434936
13,32,13.087713582596068
13,33,10.859799786438177
13,34,10.9374415200616
13,35,9.43052179379261
13,36,11.803259457707645
13,37,13.408485933379552
13,38,17.11794130334381
13,39,18.716905515328495
13,40,22.204141349617593
13,41,23.413274106680042
13,42,22.797580244692504
13,43,26.553689630081042
13,44,26.819611114431698
13,45,24.948553808085986
13,46,26.40839841144238
13,47,23.24668652633087
13,48,19.445570869071265
13,49,19.26210732939589
13,50,21.399270755835662
13,51,19.421503060816406
13,52,16.229001066259332
13,53,18.22731809939571
13,54,19.666705810763503
13,55,16.614609397475014
13,56,15.115765715963628
13,57,18.446640834320938
13,58,19.214452300990914
13,59,16.00706028324216
13,60,16.275274201354854
13,61,19.949289510821643
13,62,19.79439684402005
13,63,17.31762862896682
13,64,19.525380234242636
13,65,22.721371077084395
13,66,21.782258631519262
13,67,20.69034377037008
13,68,23.636969595934804
13,69,26.127665134805877
13,70,24.46560404145172
13,71,25.321937781136217
13,72,21.87308108649396
13,73,22.09043944559587
13,74,19.203464424285787
13,75,20.313022991959386
13,76,20.10287310838637
13,77,17.486190614310875
13,78,15.447158984019755
13,79,15.983602448263131
13,80,15.363167875120162
13,81,11.849651784327781
13,82,11.291841523742658
13,83,12.81081202659321
13,84,10.190603953017552
13,85,6.950910830186396
13,86,9.425408687026875
13,87,10.60398142937282
13,88,7.747278256391615
13,89,7.873168288903581
13,90,11.650217163183875
13,91,11.831732740512468
13,92,10.458024555796886
13,93,12.975392599842978
13,94,15.574784993919492
13,95,15.237138459248321
13,96,15.71760692731014
13,97,18.801982187172502
13,98,20.162147993138163
13,99,20.878442974107152
14,1,29.128117411894216
14,2,30.814012760294304
14,3,29.964929066968722
14,4,26.2066968863232
14,5,24.454278560773755
14,6,22.00768232844595
14,7,19.519395223304866
14,8,18.607946691934657
14,9,15.516730966898708
14,10,12.3985580570763
14,11,9.454867864623967
14,12,6.781130158649612
14,13,3.774993981383372
14,15,3.8145440374551662
14,16,6.74486834835148
14,17,10.049948236960468
14,18,12.98909810682147
14,19,13.857442359505223
14,20,13.093815933805333
14,21,14.264649777260157
14,22,11.559195297674487
14,23,8.622654581783141
14,24,10.46459795001847
14,25,11.4250347072939
14,26,8.109595144580137
14,27,7.219626731307283
14,28,10.83718780034136
14,29,11.31156518499386
14,30,8.662762054536312
14,31,11.258467919815805
14,32,13.536612891633709
14,33,11.856174579371235
14,34,13.016373735670726
14,35,12.325318696100767
14,36,15.033486954955682
14,37,16.473090187106152
14,38,20.076678969921925
14,39,21.688765687032088
14,40,25.155737576258566
14,41,26.604997609191706
14,42,25.910860885544174
14,43,29.62286713775823
14,44,29.625798923380064
14,45,27.533205263036827
14,46,28.80388413464581
14,47,25.461831485566815
14,48,21.651683332274583
14,49,20.958654236163593
14,50,23.33282528231753
14,51,21.834153656794623
14,52,18.372037490108042
14,53,19.89528462664269
14,54,21.74319432962402
14,55,19.03621056573354
14,56,16.946139452357517
14,57,20.043326516074814
14,58,21.317173501898797
14,59,18.23155115866286
14,60,17.785955366310606
14,61,21.50235560476165
14,62,21.774376745507656
14,63,19.00941768726975
14,64,20.62763831973609
14,65,24.102385918736644
14,66,23.42658798279163
14,67,21.825242186952053
14,68,24.447568997152853
14,69,27.23977760824431
14,70,25.395143623542918
14,71,25.708515860778853
14,72,22.081237265912993
14,73,21.908315750025373
14,74,18.887468346058252
14,75,19.3748794634301
14,76,19.071275165047584
14,77,15.96853911835593
14,78,14.572580973397525
14,79,15.698312961054553
14,80,14.536081439620006
14,81,10.900458259202734
14,82,11.571280178897673
14,83,13.14571242984955
14,84,10.134529580069511
14,85,7.874522359924016
14,86,11.301395306758053
14,87,12.197212335806226
14,88,9.759431589006233
14,89,10.878754494841951
14,90,14.450387981050676
14,91,14.444863954253533
14,92,13.653404047643095
14,93,16.38428346417389
14,94,18.664636152203215
14,95,18.35075546391005
14,96,19.221239195359715
14,97,22.24640508433447
14,98,23.354405800297677
14,99,24.185156071369562
15,1,29.172376933755164
15,2,31.11024602307785
15,3,29.904002343236428
15,4,26.28716318260213
15,5,24.95619277790012
15,6,22.884012952452604
15,7,20.709366545521537
15,8,20.459131688765787
15,9,17.706046259276075
15,10,14.752903341803906
15,11,12.410540872101507
15,12,9.274012149287147
15,13,6.361094922309184
15,14,3.8145440374551662
15,16,3.861213355733264
15,17,6.703914319326294
15,18,9.944186439148966
15,19,11.397099326652576
15,20,11.588060448632087
15,21,12.646633537658092
15,22,9.505898478816126
15,23,7.271558168650926
15,24,10.198423952428664
15,25,10.74646429220765
15,26,7.5933710207724285
15,27,8.377785185696606
15,28,11.898870285895685
15,29,11.932997675138896
15,30,9.813847954675621
15,31,13.135081786182177
15,32,14.540829598576114
15,33,12.48256631196514
15,34,13.954175926302504
15,35,14.008042737249719
15,36,16.30689433193265
15,37,16.957910596565814
15,38,20.239438807472553
15,39,21.50567128381196
15,40,24.783337942951004
15,41,26.501164315265463
15,42,25.65776141818194
15,43,29.24417589553347
15,44,28.83624337348895
15,45,26.486578773934323
15,46,27.57020297783495
15,47,24.12273632873857
15,48,20.38981318934298
15,49,19.102224376001054
15,50,21.60487281134017
15,51,20.679368216846925
15,52,17.015964740510416
15,53,18.030460658185856
15,54,20.339426671886944
15,55,18.164116439724225
15,56,15.61853345797454
15,57,18.551490457395243
15,58,20.440183660816984
15,59,17.798488804211853
15,60,16.900946006851672
15,61,20.617373158930373
15,62,21.559604665638552
15,63,19.014069687094214
15,64,20.135568421223017
15,65,23.801758551478027
15,66,23.742091582609437
15,67,22.18088747245291
15,68,24.350507942922082
15,69,27.473160437360736
15,70,25.99438095774321
15,71,25.95552056450037
15,72,22.1796124333092
15,73,21.37556592732054
15,74,17.99435073977623
15,75,17.878510539110323
15,76,16.917767961814132
15,77,13.807472474601264
15,78,13.065549372626473
15,79,13.835349032481481
15,80,11.92822052550301
15,81,8.685976675611508
15,82,10.16617110110165
15,83,10.938156167013954
15,84,7.544880286679186
15,85,6.730259435655373
15,86,10.532554193730839
15,87,10.6690645530966
15,88,8.943822060440917
15,89,11.117738008060275
15,90,14.105704965678616
15,91,13.957389419547832
15,92,14.178855861165538
15,93,16.943804238641153
15,94,18.660094049738206
15,95,18.771211199088878
15,96,20.243319950346383
15,97,22.87408873058355
15,98,23.757809975271496
15,99,25.1179191338992
16,1,32.551407733461474
16,2,34.627493222437224
16,3,33.2941415450332
16,4,29.760777772346522
16,5,28.59090967613624
16,6,26.63004429896514
16,7,24.516584256196026
16,8,24.315291262379546
16,9,21.540828152000103
16,10,18.535517898235494
16,11,16.012505832594957
16,12,12.983565459799408
16,13,9.951993475771001
16,14,6.74486834835148
16,15,3.861213355733264
16,17,3.804123645786832
16,18,6.315768562727345
16,19,7.980337274478837
16,20,8.63715711944208
16,21,10.372887655971061
16,22,7.766061282008641
16,23,5.564569031214038
16,24,9.188506803213834
16,25,10.457063999464355
16,26,8.416306336722045
16,27,9.43353052356536
16,28,12.808787668293746
16,29,13.500222394632377
16,30,12.31097572743207
16,31,15.86301896289094
16,32,17.180563871212197
16,33,15.539352263974036
16,34,17.44967437440152
16,35,17.770383113303
16,36,20.122945521525576
16,37,20.637041195224594
16,38,23.78385299532883
16,39,24.899897745881304
16,40,28.042588305195853
16,41,29.821321276573933
16,42,28.79801258587018
16,43,32.27628277156737
16,44,31.70591961822848
16,45,29.12510973742862
16,46,29.90915034044716
16,47,26.341138056682727
16,48,22.7327207011315
16,49,21.102342836476147
16,50,23.83263553993792
16,51,23.39716469669312
16,52,19.695367864492635
16,53,20.357368236178996
16,54,23.023968626323096
16,55,21.250481832437426
16,56,18.463372787163475
16,57,21.145564662377986
16,58,23.422314312854503
16,59,21.035272798511436
16,60,19.748316144920416
16,61,23.35776486713855
16,62,24.65859798162204
16,63,22.077041234848846
16,64,22.736934923427093
16,65,26.510913755839436
16,66,26.716515852503868
16,67,24.89114629974304
16,68,26.7205787926976
16,69,30.03667307417703
16,70,28.51480631763413
16,71,28.039843977810623
16,72,24.211239950025185
16,73,23.009158651708628
16,74,19.58333985037261
16,75,18.74542241482032
16,76,17.495883743068266
16,77,14.094801869825982
16,78,14.340317557865813
16,79,15.420044872682766
16,80,12.885382211700524
16,81,10.194732016001653
16,82,12.679049264751523
16,83,13.078670066512135
16,84,9.727187804876642
16,85,10.089368864694276
16,86,13.868222725048485
16,87,13.54691616875887
16,88,12.138017404543692
16,89,14.749721923946456
16,90,17.453630557903907
16,91,16.97541143248276
16,92,17.500659457198452
16,93,20.444104340795487
16,94,21.819728977700677
16,95,21.815411140002304
16,96,23.612116429341256
16,97,26.201292054625615
16,98,26.761051946254238
16,99,28.17202755209721
17,1,33.104912600012405
17,2,35.48357362883862
17,3,34.02352805971022
17,4,30.676646294111258
17,5,29.9529720971957
17,6,28.164763119974054
17,7,26.45647764007838
17,8,26.632021537380854
17,9,23.98702695259609
17,10,21.279643349293373
17,11,19.01297805311533
17,12,15.659065821571248
17,13,13.048051399190559
17,14,10.049948236960468
17,15,6.703914319326294
17,16,3.804123645786832
17,18,3.7543948206549964
17,19,5.678416007517623
17,20,7.706752554404213
17,21,8.696126568409245
17,22,6.005015775692307
17,23,5.837138063817213
17,24,9.50093200104884
17,25,10.018405707999873
17,26,8.888743055935524
17,27,11.032786371336108
17,28,13.741333746483118
17,29,14.062314711609305
17,30,13.619796078961068
17,31,17.406524151881058
17,32,18.014430109392833
17,33,16.46976263597445
17,34,18.751749017028665
17,35,19.74507595035027
17,36,21.961385263410207
17,37,22.05769027698246
17,38,24.859541932318272
17,39,25.898623900482846
17,40,28.889122882034947
17,41,30.999153149070686
17,42,30.084231221883805
17,43,33.42019996869426
17,44,32.42834832858596
17,45,29.812866089357772
17,46,30.576456395893608
17,47,27.080089380936638
17,48,23.660220412636043
17,49,21.468530639101356
17,50,24.01903281074227
17,51,24.071946006845618
17,52,20.33286884207745
17,53,20.299243367042386
17,54,23.113142872853583
17,55,21.840727132702852
17,56,18.662386486757377
17,57,20.82774521411237
17,58,23.515970611739544
17,59,21.518350603120915
17,60,19.680132438512565
17,61,23.048712502932773
17,62,24.851765836530188
17,63,22.3746228613877
17,64,22.417456849715556
17,65,26.243429788063537
17,66,26.93787191867876
17,67,25.00261287560489
17,68,26.31289826269928
17,69,29.853471513461095
17,70,28.572428951502005
17,71,27.667629046088997
17,72,23.833050894825075
17,73,22.082888928563566
17,74,18.567227962008158
17,75,17.050632054665794
17,76,15.340913830727441
17,77,12.006002130727827
17,78,13.17012313072331
17,79,14.183491779915267
17,80,11.150129362403975
17,81,9.374322702319995
17,82,12.600441327943152
17,83,12.55897559001322
17,84,9.748704693397615
17,85,11.334331416828473
17,86,14.858462664733505
17,87,14.373474339907425
17,88,13.923967335096995
17,89,16.70130425881274
17,90,18.932446001487612
17,91,18.707063737245722
17,92,19.851091399558666
17,93,22.522564722273707
17,94,23.643550357570888
17,95,24.104475842567073
17,96,26.08653121821322
17,97,28.33500859436264
17,98,28.92633734778482
17,99,30.705152370163475
18,1,36.734798106056104
18,2,39.127053828945485
18,3,37.5659183491562
18,4,34.265892650601124
18,5,33.55816592450874
