1,2,3.8541847860797085
1,3,5.327066628617286
1,4,5.7208365384323985
1,5,8.809082133544434
1,6,10.206750959869693
1,7,13.973840199505899
1,8,16.74271019621452
1,9,18.811339760303557
1,10,21.40318369232553
1,11,24.467327186890568
1,12,23.973106312166454
1,13,26.593086970589017
1,14,29.39576171097135
1,15,29.31781410022252
1,16,32.65934682571321
1,17,33.07323089352578
1,18,36.739737891731856
1,19,37.9891395763143
1,20,38.49542304467996
1,21,37.03681643722412
1,22,33.58768989328068
1,23,33.848656948226676
1,24,34.73304847706748
1,25,32.003573623637415
1,26,29.326735860757864
1,27,30.721103059926136
1,28,31.136023986769544
1,29,27.620730375035016
1,30,25.53880528016669
1,31,24.57570217345762
1,32,22.5396142331222
1,33,20.34896295192053
1,34,17.499508068222184
1,35,18.627753205029443
1,36,15.480233775699496
1,37,13.273648822479588
1,38,9.779998683466438
1,39,10.40275481203262
1,40,10.105047387195219
1,41,12.58894895140707
1,42,16.252330681704354
1,43,17.466616031289234
1,44,16.119261482691574
1,45,18.376519671077517
1,46,22.09668818156534
1,47,22.857692163544126
1,48,21.94819096760469
1,49,21.97129570269556
1,50,19.238117191593602
1,51,16.88210489787737
1,52,18.034985023518715
1,53,17.596044192627183
1,54,13.852196180990148
1,55,13.23636189874164
1,56,15.345376238384773
1,57,13.613693389423542
1,58,9.996945694209792
1,59,11.686903989874551
1,60,14.137554488900875
1,61,11.791296962634927
1,62,9.797969797920269
1,63,13.222443987663457
1,64,15.00649492185144
1,65,13.04687999991317
1,66,13.269520394801344
1,67,16.95873188345238
1,68,18.162436180849447
1,69,17.624884164549883
1,70,19.807988078281856
1,71,22.299975953889998
1,72,22.26182453534985
1,73,23.03848591437604
1,74,23.030215459583015
1,75,25.96275218602999
1,76,25.672446771811835
1,77,27.452924348792752
1,78,24.467661612753396
1,79,21.899249228852096
1,80,24.24351932464226
1,81,24.668178743964823
1,82,21.00359335626152
1,83,20.90170241325192
1,84,23.5800651233775
1,85,22.577709823635008
1,86,18.9052043022928
1,87,20.418734028455646
1,88,22.653083066507797
1,89,19.97429103211146
1,90,17.84374016517351
1,91,21.213830052241104
1,92,21.809050896680276
1,93,18.517588473381657
1,94,19.550800939568067
1,95,22.94220352710258
1,96,21.62751894045176
1,97,19.758701072459314
1,98,22.775049995885148
1,99,25.898625938973563
1,100,25.437683014641998
1,101,23.166344124360027
2,1,3.8541847860797085
2,3,3.855244300706736
2,4,5.473381425305373
2,5,7.847016122712558
2,6,10.065356644097351
2,7,13.756005406757644
2,8,16.503949813563082
2,9,19.19576919779725
2,10,21.961605103156067
2,11,25.34545595902758
2,12,25.36936313923723
2,13,27.993855734280448
2,14,31.08682122495298
2,15,31.24962444525764
2,16,34.71708343603968
2,17,35.431836267248855
2,18,39.108308152319466
2,19,40.536190254939854
2,20,41.00820818824533
2,21,39.79256794530275
2,22,36.28997096504852
2,23,36.25585251668432
2,24,37.225622221006944
2,25,34.72043207271683
2,26,31.84063199626022
2,27,32.97154262031365
2,28,33.5961170661395
2,29,30.237746762309435
2,30,27.8641992400745
2,31,26.741935317517946
2,32,25.105760970796403
2,33,22.82025509549259
2,34,19.601646668399958
2,35,20.06128363767458
2,36,16.581408596400326
2,37,14.50980791323437
2,38,11.034012342495028
2,39,10.963874894760245
2,40,9.915938885071554
2,41,11.263966125214269
2,42,15.095737606552358
2,43,15.864410638723438
2,44,15.177742819016958
2,45,17.91190567911154
2,46,21.64030273968092
2,47,22.79795183494775
2,48,22.17075344147189
2,49,22.821538070949362
2,50,20.068053186812
2,51,17.446009109253048
2,52,19.14503657088537
2,53,19.267679635400558
2,54,15.51278809377423
2,55,14.7547355303209
2,56,17.496943892649714
2,57,16.30746478459924
2,58,12.68474043662546
2,59,14.215159877412326
2,60,17.175301329750006
2,61,15.265382699438918
2,62,13.134537253393688
2,63,16.289310512517556
2,64,18.492908081913846
2,65,16.638219808299894
2,66,16.377401658486164
2,67,20.084083441173885
2,68,21.602387376250576
2,69,20.808567884496853
2,70,22.742573676607403
2,71,25.516279473233038
2,72,25.52619201469014
2,73,26.530512043071717
2,74,26.487562404396662
2,75,29.454652649479055
2,76,29.12001447713953
2,77,30.677958377079165
2,78,27.61761701298158
2,79,25.11100868967273
2,80,27.230411240509653
2,81,27.41339667778138
2,82,23.700980394830744
2,83,23.51344856370472
2,84,25.85481152080004
2,85,24.612810324955262
2,86,20.892761099636182
2,87,22.163655746114205
2,88,24.013712700051723
2,89,21.13837651639168
2,90,18.851982922611946
2,91,21.901623007188313
2,92,22.15789728163662
2,93,18.57637103306399
2,94,19.3759708743931
2,95,22.536817807297197
2,96,20.88174856681119
2,97,18.610095148903508
2,98,21.585079462215123
2,99,24.713194218179478
2,100,24.14229890768392
2,101,21.431443109030162
3,1,5.327066628617286
3,2,3.855244300706736
3,4,3.83811659568223
3,5,6.860351735503009
3,6,10.032734530121456
3,7,13.374320156171446
3,8,16.68322275844605
3,9,19.41843584189176
3,10,21.671554972929957
3,11,25.04252602596473
3,12,24.854260762159146
3,13,27.067172215017646
3,14,30.13398442705739
3,15,29.96557491933027
3,16,33.28713287876695
3,17,33.90929047619381
3,18,37.48668179661344
3,19,39.21033986718388
3,20,39.988568346916516
3,21,38.9568823346383
3,22,35.32355539433763
3,23,35.3277283757115
3,24,36.67206582237069
3,25,34.262803251640115
3,26,31.25436260059468
3,27,32.60157712133493
3,28,33.582377950117625
3,29,30.26882063858
3,30,27.741564846771475
3,31,27.122784729619273
3,32,25.555368072064773
3,33,22.82634654765636
3,34,19.62619020611453
3,35,20.067995533447238
3,36,16.458098654815636
3,37,13.71629535585405
3,38,10.014694980044348
3,39,8.746491696563664
3,40,6.7072033065773855
3,41,8.207462817877486
3,42,11.94988519211672
3,43,12.526006305457553
3,44,11.44065227437397
3,45,14.212334892091562
3,46,17.92151850681388
3,47,19.23483481613077
3,48,18.905963250666325
3,49,19.55546062407604
3,50,16.611144092014495
3,51,14.194713701384458
3,52,16.31577202216232
3,53,16.378168148575693
3,54,12.624466124612916
3,55,12.409475091977765
3,56,15.478850451177584
3,57,14.384116251751626
3,58,11.121118434143415
3,59,13.279942774587353
3,60,16.35986401752134
3,61,14.756159907026813
3,62,13.438797605376397
3,63,16.661886522997797
3,64,18.81633300882631
3,65,17.566468860958544
3,66,17.82640414428559
3,67,21.312941326249316
3,68,22.815966633656117
3,69,22.633536358667712
3,70,24.558331168383905
3,71,27.04084494512614
3,72,26.577994178324712
3,73,27.12748516613892
3,74,26.560355548411504
3,75,29.19145696088653
3,76,28.372449230688492
3,77,29.868167331166116
3,78,27.06630809025659
3,79,24.249996783244093
3,80,25.928271065618507
3,81,26.325718654250245
3,82,22.74845550370629
3,83,21.9757447904413
3,84,24.209422022484993
3,85,23.333509040599434
3,86,19.503315985225647
3,87,20.160672300711095
3,88,22.184055987443827
3,89,19.663554584704386
3,90,16.859234853234867
3,91,19.633769277321594
3,92,20.35395550669086
3,93,16.828321334268637
3,94,16.981594683176453
3,95,20.350953437304376
3,96,19.20969746089253
3,97,16.62253161207137
3,98,19.195077260158353
3,99,22.597949633196453
3,100,22.58140737548004
3,101,20.013907450392743
4,1,5.7208365384323985
4,2,5.473381425305373
4,3,3.83811659568223
4,5,3.700324484674138
4,6,6.459535124297629
4,7,9.776747952824177
4,8,13.166885832514266
4,9,15.718551872043854
4,10,17.882358778619814
4,11,21.21578769109916
4,12,21.03236214077076
4,13,23.29926336762543
4,14,26.41289339807521
4,15,26.40520055018674
4,16,29.826695445426424
4,17,30.639192247164456
4,18,34.26927166078186
4,19,35.940249700704804
4,20,36.57336330113436
4,21,35.64740898177796
4,22,32.02710217910334
4,23,31.838353052531783
4,24,33.14846967135808
4,25,30.86968660559183
4,26,27.763915505985917
4,27,28.960557117674806
4,28,30.03684240616405
4,29,26.827486636538968
4,30,24.15047051226225
4,31,23.539931385801882
4,32,22.1921951109591
4,33,19.35282851965694
4,34,16.01592847544251
4,35,16.281526704097377
4,36,12.645876677590426
4,37,9.912095613316094
4,38,6.277312472391686
4,39,5.498735916001531
4,40,5.0172682359275695
4,41,7.186797245231403
4,42,10.780281492622786
4,43,12.506145668488903
4,44,11.732513065199692
4,45,13.68041655802939
4,46,17.420884091197127
4,47,18.010271424116976
4,48,16.977640409648988
4,49,17.639333418816555
4,50,15.201606918066984
4,51,12.273340754171706
4,52,13.787104612856599
4,53,14.299783524652932
4,54,10.743538908994461
4,55,9.538437464726531
4,56,12.626776836407185
4,57,12.163844844146022
4,58,8.737281917804014
4,59,10.125569254722881
4,60,13.568918229071583
4,61,12.62385968785845
4,62,11.057647416408072
4,63,13.829692395359874
4,64,16.458403200909782
4,65,15.734975016826917
4,66,15.61532789156718
4,67,18.85107938223458
4,68,20.811072107753887
4,69,20.902998779705335
4,70,22.367620412217136
4,71,24.897530562168594
4,72,24.093263637403304
4,73,24.73903355105013
4,74,23.98509921227167
4,75,26.656455929081936
4,76,25.919128520196743
4,77,27.06834523157304
4,78,24.11912311129321
4,79,21.521595805907655
4,80,23.129501219265737
4,81,23.159394265082387
4,82,19.5256460145231
4,83,18.99018153949167
4,84,21.00950928079827
4,85,19.827261513251127
4,86,16.044486843699325
4,87,16.961803278340884
4,88,18.752224576708908
4,89,16.03094668794054
4,90,13.48288247558862
4,91,16.46562061327697
4,92,16.947988288965735
4,93,13.452597777173526
4,94,14.131415640628182
4,95,17.476248132274623
4,96,16.228874510989275
4,97,14.12418597173007
4,98,17.06000182546455
4,99,20.23763907564024
4,100,19.981513966521195
4,101,17.768487974139944
5,1,8.809082133544434
5,2,7.847016122712558
5,3,6.860351735503009
5,4,3.700324484674138
5,6,3.8525758692088714
5,7,6.627102040039961
5,8,10.01805228128576
5,9,12.98674813851693
5,10,15.186306418322442
5,11,18.742169086655107
5,12,19.094098889577005
5,13,21.395672746148094
5,14,24.77341330978017
5,15,25.172812102395824
5,16,28.751998387704916
5,17,30.005775219261576
5,18,33.64365794365969
5,19,35.37516443187671
5,20,35.81503749344919
5,21,35.19206900273942
5,22,31.59872278557813
5,23,30.975827412262436
5,24,32.283231944955105
5,25,30.34360076955912
5,26,27.036804338005545
5,27,27.823104173320623
5,28,29.132304582166153
5,29,26.205840528162426
5,30,23.203336783123188
5,31,22.4405510383119
5,32,21.67378231501147
5,33,18.777033438076373
5,34,15.119076566880283
5,35,14.540960491803089
5,36,10.726132035959235
5,37,8.48164920967911
5,38,5.766530179074116
5,39,5.149517132550364
5,40,5.7816672368137
5,41,6.483473967825574
5,42,9.645029578765344
5,43,11.99126506914003
5,44,12.259786869679512
5,45,13.77749532041808
5,46,17.353126263673488
5,47,17.602147658227288
5,48,16.18166645383486
5,49,17.459329103092916
5,50,15.644038123237683
5,51,12.184159881410748
5,52,13.482993279509348
5,53,14.944507991072019
5,54,11.93411684304146
5,55,9.779814999072238
5,56,13.049302014389456
5,57,13.637147707977503
5,58,10.474382588530355
5,59,10.730418844166891
5,60,14.521802258739104
5,61,14.432390559841815
5,62,12.5560687580722
5,63,14.55475487412515
5,64,17.742921717269432
5,65,17.433459905731052
5,66,16.64493289520967
5,67,19.598587733793835
5,68,22.10513592405166
5,69,22.18913393122271
5,70,23.076428201762432
5,71,25.8221095152123
5,72,24.81407159100137
5,73,25.73764071739655
5,74,24.868927726105973
5,75,27.579799350679284
5,76,26.944002206846573
5,77,27.599707996638305
5,78,24.50345531237105
5,79,22.259692786558613
5,80,23.62337542267515
5,81,23.093485646428007
5,82,19.481366039318207
5,83,19.186179751991943
5,84,20.63032601924665
5,85,18.93368130765765
5,86,15.349986670015554
5,87,16.310355120773753
5,88,17.36815192786564
5,89,14.309094013318784
5,90,12.084895012146045
5,91,14.790032931024733
5,92,14.563946635826682
5,93,10.879488454072074
5,94,11.937983101125981
5,95,14.859760214745984
5,96,13.087981144208943
5,97,11.144612482652489
5,98,14.437487336691031
5,99,17.310154126312042
5,100,16.652110990234725
5,101,14.393913611067099
6,1,10.206750959869693
6,2,10.065356644097351
6,3,10.032734530121456
6,4,6.459535124297629
6,5,3.8525758692088714
6,7,3.8157592291979165
6,8,6.772213325293285
6,9,9.418312849921572
6,10,11.96624486346586
6,11,15.483564741959157
6,12,15.975271879579177
6,13,18.643800620219654
6,14,22.0433941863919
6,15,22.825857183668944
6,16,26.551468970805278
6,17,28.012259734232025
6,18,31.71914835106337
6,19,33.18305919335295
6,20,33.29445731903661
6,21,32.648732456603824
6,22,29.183631331791165
6,23,28.36887925578291
6,24,29.391832783571196
6,25,27.529048069796424
6,26,24.240625018127783
6,27,24.731680847976442
6,28,25.904775646165003
6,29,23.079822584414448
6,30,20.035603571086316
6,31,18.961429820585973
6,32,18.430653356330463
6,33,15.731535527171783
6,34,11.938979754153022
6,35,11.060045934996793
6,36,7.2891661685797215
6,37,6.010905934356598
6,38,4.681690559222674
6,39,6.342353006526591
6,40,8.714988030331064
6,41,9.77960492890446
6,42,12.287411918239776
6,43,15.183239664941105
6,44,15.527377695625432
6,45,16.44110183028404
6,46,19.837215820361624
6,47,19.439848358565428
6,48,17.351205795213858
6,49,18.428195848038357
6,50,17.212158749622503
6,51,13.630839891522449
6,52,13.91620013500764
6,53,15.589560254211301
6,54,13.03357073590662
6,55,10.010823956609437
6,56,12.54984261275739
6,57,13.603322708796858
6,58,10.53653038708904
6,59,9.413924776009578
6,60,13.122745123261089
6,61,13.578284589089355
6,62,11.201034260438476
6,63,12.348818120657622
6,64,15.92610090132161
6,65,15.90497572528341
6,66,14.472672399361223
6,67,17.076375647599814
6,68,20.007944063018233
6,69,20.101485262559873
6,70,20.453346293063866
6,71,23.31349824913389
6,72,22.192826571987993
6,73,23.429371909151044
6,74,22.667769287819674
6,75,25.539568973521813
6,76,25.268844580994116
6,77,25.61619868963196
6,78,22.28641291446423
6,79,20.51918398904588
6,80,22.04516160844404
6,81,21.027393415194044
6,82,17.37557503779786
6,83,17.748744976364947
6,84,18.999509161241008
6,85,16.76635489711807
6,86,13.477573405556463
6,87,15.170381502657346
6,88,15.807292244973237
6,89,12.354954162109228
6,90,11.099070710331693
6,91,14.093351230457616
6,92,13.254704484270551
6,93,9.85762822743543
6,94,12.083926784464452
6,95,14.604071168083369
6,96,12.475259120328062
6,97,11.639524830335727
6,98,15.297228509575184
6,99,17.5637789201572
6,100,16.309002094026827
6,101,14.567405360429415
7,1,13.973840199505899
7,2,13.756005406757644
7,3,13.374320156171446
7,4,9.776747952824177
7,5,6.627102040039961
7,6,3.8157592291979165
7,8,3.7699404172698388
7,9,6.620409035447481
7,10,8.715958773865705
7,11,12.408401255442556
7,12,13.4041574980827
7,13,15.902128894904054
7,14,19.509024171630813
7,15,20.63302268080961
7,16,24.41718120518699
7,17,26.296409117670414
7,18,29.927073691220365
7,19,31.49317067383902
7,20,31.48300198825149
7,21,31.217987554352472
7,22,27.802092846958484
7,23,26.551100934598452
7,24,27.67869672009206
7,25,26.251268879228334
7,26,22.77625403592074
7,27,22.889157972418793
7,28,24.442330682083206
7,29,22.028348989212798
7,30,18.655833236290576
7,31,17.71629353202704
7,32,17.917937799258475
7,33,15.093553970928596
7,34,11.271667529222235
7,35,9.31492651641798
7,36,5.747197410279657
7,37,5.518114482526788
7,38,6.444614023283009
7,39,7.755988452468223
7,40,10.556627418823158
7,41,10.941296628742828
7,42,12.383732698459982
7,43,15.729654694664099
7,44,16.590107269801322
7,45,16.806356974396763
7,46,19.79419759138313
7,47,18.86158749019178
7,48,16.33035818779834
7,49,17.758283307585597
7,50,17.311075493485482
7,51,13.595355163705186
7,52,13.375479227745714
7,53,15.797433919326592
7,54,14.045149531729171
7,55,10.556711110634364
7,56,12.816175589471827
7,57,14.843309387902444
7,58,12.478695732304555
7,59,10.626081086928322
7,60,14.162662020112748
7,61,15.536045894425694
7,62,13.487676998047512
7,63,13.752157910377429
7,64,17.49510050714687
7,65,18.145353231986334
7,66,16.486301581963634
7,67,18.463359809842764
7,68,21.729769816166172
7,69,22.12682798304633
7,70,21.90593866732099
7,71,24.6694676444649
7,72,23.142580583661363
7,73,24.38501173293036
7,74,23.299443347488012
7,75,25.96560791243327
7,76,25.63880739979276
7,77,25.418809984959033
7,78,22.140237839512505
7,79,20.73673312989391
7,80,21.79268685757736
7,81,20.251759115840226
7,82,16.86017973421928
7,83,17.33329239413721
7,84,17.836877815229887
7,85,15.191761033532009
7,86,12.378787370260413
7,87,13.927995144402646
7,88,13.670040941674523
7,89,10.05364870975504
7,90,9.479878447200408
7,91,11.920928434617451
7,92,10.269817716952453
7,93,7.096993621939955
7,94,9.997404161087125
7,95,11.802410474948521
7,96,9.34417612390285
7,97,9.432095109084784
7,98,13.170922447696388
7,99,14.829839435057002
7,100,13.22695521196775
7,101,12.057304883261576
8,1,16.74271019621452
8,2,16.503949813563082
8,3,16.68322275844605
8,4,13.166885832514266
8,5,10.01805228128576
8,6,6.772213325293285
8,7,3.7699404172698388
8,9,3.787780457432411
8,10,6.641601400203106
8,11,10.334069028304912
8,12,12.190607557905471
8,13,15.02031287577696
8,14,18.667273534430453
8,15,20.452096275791718
8,16,24.31323941831751
8,17,26.560830579486137
8,18,30.147760901079117
8,19,31.452953109169275
8,20,31.02071929709226
8,21,30.87873645710922
8,22,27.70033136189626
8,23,26.07534995133774
8,24,26.847883817628393
8,25,25.71466686149638
8,26,22.296617024096133
8,27,21.814192378213605
8,28,23.261673383917962
8,29,21.212587485946926
8,30,17.795254630798162
8,31,16.347682312944226
8,32,17.186849761628427
8,33,14.869925334586558
8,34,11.19589692051103
8,35,8.345193839193962
8,36,5.863329473327525
8,37,7.731274310273589
8,38,9.628036097927772
8,39,11.452143104525394
8,40,14.322565130738845
8,41,14.507563800305174
8,42,15.712218238866186
8,43,19.049089819625195
8,44,20.200166350961624
8,45,20.283780359122293
8,46,23.07720521370459
8,47,21.902522035585147
8,48,19.131733596429697
8,49,20.621595942261337
8,50,20.600051316388946
8,51,16.92871003237897
8,52,16.279288488753934
8,53,18.844448720909437
8,54,17.427662513678115
8,55,13.766829523652468
8,56,15.457015165894488
8,57,17.689668853162946
8,58,15.479824842409482
8,59,13.00308051563508
8,60,16.11481801683963
8,61,17.760875962814808
8,62,15.399606116753565
8,63,14.919930003184744
8,64,18.75556020391601
8,65,19.4931160036586
8,66,17.217132573100205
8,67,18.747241031918335
8,68,22.32708857784124
8,69,22.529592151907075
8,70,21.707589129695414
8,71,24.61486759458245
8,72,23.12384704994663
8,73,24.77819672638494
8,74,23.902792733511518
8,75,26.667261685885332
8,76,26.737798346044602
8,77,26.14580196346656
8,78,22.728412970335864
8,79,21.934277613833956
8,80,23.036695796100865
8,81,20.960290333373656
8,82,17.766003610507834
8,83,18.875717012815752
8,84,18.97304469861989
8,85,15.798060117018748
8,86,13.708610996721115
8,87,15.690906048303987
8,88,14.702694081947508
8,89,11.001665877320082
8,90,11.647889801278701
8,91,13.690404255351988
8,92,11.186874376849353
8,93,8.887284642236644
8,94,12.28219743359348
8,95,13.123301000306943
8,96,10.18485114135731
8,97,11.302420786424397
8,98,14.951605723132701
8,99,15.754485844414903
8,100,13.366365774514152
8,101,12.61866024864142
9,1,18.811339760303557
9,2,19.19576919779725
9,3,19.41843584189176
9,4,15.718551872043854
9,5,12.98674813851693
9,6,9.418312849921572
9,7,6.620409035447481
9,8,3.787780457432411
9,10,3.7646205766648984
9,11,6.999934669320749
9,12,8.941825221805258
9,13,12.10436676078895
9,14,15.590579894818923
9,15,17.720094125193253
9,16,21.588094824141898
9,17,23.961761218950837
9,18,27.518545007489504
9,19,28.54675133503573
9,20,27.836412486386386
9,21,27.701607826791662
9,22,24.699268763078663
9,23,22.90732498218341
9,24,23.43673859256901
9,25,22.451729464864396
9,26,19.104808162711503
9,27,18.321840003584523
9,28,19.7183832166856
9,29,17.906454654119464
9,30,14.470621569423885
9,31,12.911360615911505
9,32,14.231715477819591
9,33,12.184620050306314
9,34,8.9144167847322
9,35,5.4574436524542
9,36,4.821495213548375
9,37,8.078025943527326
9,38,11.024023596561367
9,39,13.406664210277667
9,40,16.75203963822128
9,41,17.43689827684654
9,42,18.40693278267183
9,43,21.959189689940164
9,44,22.80687930556178
9,45,22.47227847501829
9,46,25.08571644220303
9,47,23.437156625789456
9,48,20.2868051165173
9,49,21.33232649235772
9,50,21.750447265507812
9,51,18.314417426474563
9,52,16.892456772986705
9,53,19.319057752164603
9,54,18.412952611914363
9,55,14.609503676000333
9,56,15.39660536273316
9,57,17.858307347919034
9,58,16.154407438397115
9,59,13.006802144340194
9,60,15.427232772020893
9,61,17.592072816934948
9,62,15.413724504710693
9,63,14.02450083820471
9,64,17.72443318345903
9,65,18.97299555957027
9,66,16.532907768780095
9,67,17.301219948427512
9,68,21.035185010892548
9,69,21.54255496183588
9,70,20.18634802774413
9,71,22.84792368162669
9,72,21.05064101095755
9,73,22.748003329437186
9,74,21.797058267746173
9,75,24.453753861302832
9,76,24.759542626700046
9,77,23.78900430521803
9,78,20.36093228508909
9,79,20.114696324277478
9,80,21.160446424041947
9,81,18.65438120006014
9,82,15.742472166284866
9,83,17.412546788070845
9,84,17.189548274606434
9,85,13.66730019571018
9,86,12.334419969676356
9,87,14.804565702092628
9,88,13.433375350053229
9,89,9.886430620043248
9,90,11.72053725020038
9,91,13.707913100975723
9,92,11.075843864960019
9,93,9.900479700736563
9,94,13.659724197766405
9,95,14.200280148804026
9,96,11.787879900123569
9,97,13.742032631608042
9,98,17.092681744662205
9,99,17.47251890615415
9,100,15.112433477966173
9,101,15.204884284380103
10,1,21.40318369232553
10,2,21.961605103156067
10,3,21.671554972929957
10,4,17.882358778619814
10,5,15.186306418322442
10,6,11.96624486346586
10,7,8.715958773865705
10,8,6.641601400203106
10,9,3.7646205766648984
10,11,3.7887153554662873
10,12,6.118073932631502
10,13,8.748977947818245
10,14,12.37473699035022
10,15,14.669434154047638
10,16,18.47789077603567
10,17,21.143860394720793
10,18,24.56073074308167
10,19,25.75095475891586
10,20,25.08470318987561
10,21,25.343075481896168
10,22,22.35906769318196
10,23,20.243095847371098
10,24,21.075454397613022
10,25,20.532079652001435
10,26,17.027530776200273
10,27,16.07831564962486
10,28,18.062001777761814
10,29,16.71038263016801
10,30,13.038078487363299
10,31,12.264847741020594
10,32,14.16703511260358
10,33,11.864190241435061
10,34,9.241941809665324
10,35,5.548212149012651
10,36,6.290000894478256
10,37,9.071752928752026
10,38,12.5860291737732
10,39,14.532508429648942
10,40,17.97972854834694
10,41,18.61727695148086
10,42,18.88450526805073
10,43,22.605337753750895
10,44,23.42909681868933
10,45,22.48258903655792
10,46,24.661234026883783
10,47,22.523752507761415
10,48,19.096341860064015
10,49,20.054101079007637
10,50,21.11194647340115
10,51,17.938834144760435
10,52,15.998963610078649
10,53,18.67443273091714
10,54,18.530288028711002
10,55,14.772426324734985
10,56,15.071308738611666
10,57,18.09416985014342
10,58,17.129921570437688
10,59,13.871365525790173
10,60,15.87781006333646
10,61,18.66430262737302
10,62,17.14580099335879
10,63,15.399716892987401
10,64,18.84114769618273
10,65,20.726040152076475
10,66,18.654105314700992
10,67,18.90608224681371
10,68,22.557749499750816
10,69,23.60063231901735
10,70,22.0727067856624
10,71,24.300311868891484
10,72,22.00540110496485
10,73,23.299019189268574
10,74,21.833392406307475
10,75,24.02751367609807
10,76,24.054875698676828
10,77,22.59292831436152
10,78,19.475039833390134
10,79,19.44510280422237
10,80,19.856644789544905
10,81,17.03609269060559
10,82,14.647931591368065
10,83,16.15781498195434
10,84,15.178259638901965
10,85,11.54104168138087
10,86,11.022251069207293
10,87,13.089545781416478
10,88,10.927577993977154
10,89,7.857561897325017
10,90,10.573973872518557
10,91,11.783994798739478
10,92,8.867101111190332
10,93,9.009417816751046
10,94,12.698990280998776
10,95,12.62359000137325
10,96,10.874546908201728
10,97,13.613838580100992
10,98,16.41498121232712
10,99,16.306063558132163
10,100,14.219543078407318
10,101,15.24467455092551
11,1,24.467327186890568
11,2,25.34545595902758
11,3,25.04252602596473
11,4,21.21578769109916
11,5,18.742169086655107
11,6,15.483564741959157
11,7,12.408401255442556
11,8,10.334069028304912
11,9,6.999934669320749
11,10,3.7887153554662873
11,12,3.7945828418198855
11,13,6.152466159020991
11,14,9.392573440712567
11,15,12.296682458603115
11,16,15.949509301469863
11,17,18.888090736656686
11,18,22.125671674443968
11,19,23.050703578082896
11,20,22.05954207178139
11,21,22.532268323228156
11,22,19.828593423702173
11,23,17.347500243465372
11,24,17.99489063957038
11,25,17.90861148258597
11,26,14.516503699434168
11,27,13.026800701870414
11,28,15.226602735464725
11,29,14.517537170209307
11,30,10.91006713335239
11,31,10.476670102058897
11,32,13.134190667117036
11,33,11.313853002736057
11,34,9.865771385025132
11,35,6.630985875596237
11,36,8.994938317328877
11,37,11.807380007928385
11,38,15.537399378782222
11,39,17.593820976046604
11,40,21.157625440301786
11,41,22.002819888694457
11,42,22.03994810595988
11,43,25.814344946830776
11,44,26.473538948339197
11,45,25.190651441455955
11,46,27.100673368282198
11,47,24.599177483976728
11,48,20.982400795620382
11,49,21.57298388283695
11,50,23.07452750079907
11,51,20.252936461242143
11,52,17.791654840149153
11,53,20.280887047989896
11,54,20.67862629248298
11,55,17.055455885419224
11,56,16.605300122715985
11,57,19.734049850355518
11,58,19.318269674573788
11,59,15.824128957098914
11,60,17.07037376536611
11,61,20.21275138628803
11,62,19.02972900582398
11,63,16.6842805690712
11,64,19.72188616343478
11,65,22.043967428706218
11,66,20.015665036792683
11,67,19.540560371755557
11,68,23.121588203866708
11,69,24.4780052929559
11,70,22.523286670742838
11,71,24.348317445962852
11,72,21.742734486540282
11,73,22.91745367386099
11,74,21.286071745477106
11,75,23.136812228794213
11,76,23.30718851269318
11,77,21.321238696503734
11,78,18.438683065202802
11,79,19.06048344887762
11,80,19.158792999199232
11,81,15.888032842473532
11,82,14.212177330034068
11,83,16.110933926499662
11,84,14.554515023565186
11,85,10.807934143385932
11,86,11.57527977840323
11,87,13.680361291975998
11,88,11.053311639149141
11,89,8.960634187278735
11,90,12.453308031707946
11,91,13.193957838495944
11,92,10.50063744701375
11,93,11.751184195028326
11,94,15.185635730587634
11,95,14.725281543214436
11,96,13.591502828384215
11,97,16.698556483663364
11,98,19.079722089754934
11,99,18.55723495995934
11,100,16.62556328553279
11,101,18.238277358657005
12,1,23.973106312166454
12,2,25.36936313923723
12,3,24.854260762159146
12,4,21.03236214077076
12,5,19.094098889577005
12,6,15.975271879579177
12,7,13.4041574980827
12,8,12.190607557905471
12,9,8.941825221805258
12,10,6.118073932631502
12,11,3.7945828418198855
12,13,3.7479563298894036
12,14,6.73326969194052
12,15,9.128957819154945
12,16,12.911994394398697
12,17,15.518519075902628
12,18,18.92600375314397
12,19,19.800368513225376
12,20,19.013220189483405
12,21,19.236952794981022
12,22,16.326591561501605
12,23,14.146132937154976
12,24,15.018130904538495
12,25,14.596481900285447
12,26,11.051210919779784
12,27,10.148739594456124
12,28,12.549984893041376
12,29,11.525479205123197
12,30,7.803208822235963
12,31,8.431123453495607
12,32,10.71781236238464
12,33,8.524056744077877
12,34,7.935199016750151
12,35,5.940868149033417
12,36,8.917017783362953
12,37,11.150328009664756
12,38,14.919788343739821
12,39,17.07122399020664
12,40,20.758565847602693
12,41,22.160394589976107
12,42,22.219915906631456
12,43,26.023351815202524
12,44,26.14589949512463
12,45,24.653912162320584
12,46,26.513365818677855
12,47,23.822707198925166
12,48,20.128714539568772
12,49,20.04986928671864
12,50,21.611083248759712
12,51,19.181959219545767
12,52,16.25221698291587
12,53,18.244660560941814
12,54,18.9847405679713
12,55,15.601811746148014
12,56,14.381789410451777
12,57,17.443234836505265
12,58,17.590184966053474
12,59,14.03258118889111
12,60,14.570520138014587
12,61,17.99635983549337
12,62,17.37930915248972
12,63,14.75029541305137
12,64,17.346645642913305
12,65,20.121500190450842
12,66,18.570795510152617
12,67,17.711176943902434
12,68,21.023211526020976
12,69,22.884882689774543
12,70,21.046738802704798
12,71,22.40073214385391
12,72,19.43165874358252
12,73,20.128466319218354
12,74,18.127095201223657
12,75,19.685146158745557
12,76,19.690089698389837
12,77,17.59325499948848
12,78,14.844263216157062
12,79,15.54816505774822
12,80,15.475701594255371
12,81,12.12414608384564
12,82,10.701927221029516
12,83,12.75234113032212
12,84,11.12691548727976
12,85,7.3749248861750845
12,86,8.831983908702975
12,87,11.181747663150363
12,88,8.936427482596493
12,89,7.520859348568522
12,90,11.276459110005868
12,91,12.290322241066548
12,92,10.591694310430539
12,93,12.135195727138841
12,94,15.32828656998472
12,95,15.456325374637732
12,96,15.067353807982943
12,97,17.896750378451024
12,98,20.139399667059514
12,99,20.05268239657547
12,100,18.73301753946255
12,101,20.341629736791678
13,1,26.593086970589017
13,2,27.993855734280448
13,3,27.067172215017646
13,4,23.29926336762543
13,5,21.395672746148094
13,6,18.643800620219654
13,7,15.902128894904054
13,8,15.02031287577696
13,9,12.10436676078895
13,10,8.748977947818245
13,11,6.152466159020991
13,12,3.7479563298894036
13,14,3.7896759844870274
13,15,6.252606298512421
13,16,9.880007024518974
13,17,12.920629648036698
13,18,16.083350853209627
13,19,17.32479014051027
13,20,16.786167163097847
13,21,17.62095012102319
13,22,14.722462294743774
13,23,12.163988593786708
13,24,13.744093616300425
13,25,13.987589783790582
13,26,10.415010465462927
13,27,9.601603090597157
13,28,12.837563822701393
13,29,12.5003909120178
13,30,9.113839124470388
13,31,10.911023435869557
13,32,13.183481572840641
13,33,10.954152589104138
13,34,10.978625072580257
13,35,9.44952792268395
13,36,11.965265556706301
13,37,13.504160496775
13,38,17.180789468463868
13,39,18.78285713556681
13,40,22.29748116825328
13,41,23.5681961621655
13,42,23.063009607990463
13,43,26.835280766032096
13,44,26.920582090762444
13,45,24.94218663973195
13,46,26.313401614843283
13,47,23.259971133864326
13,48,19.501621501024577
13,49,19.265431144763294
13,50,21.409467866717343
13,51,19.42248298105798
13,52,16.211795642857247
13,53,18.274921192340386
13,54,19.735841335733085
13,55,16.69641879276215
13,56,15.182092592898169
13,57,18.533365628550087
13,58,19.319579999053826
13,59,16.061686585772584
13,60,16.310589716537507
13,61,19.983437751557258
13,62,19.95020698774092
13,63,17.41991992044545
13,64,19.66588668459539
13,65,22.758223962573297
13,66,21.625011845107792
13,67,20.612704353942057
13,68,23.66226769533867
13,69,25.869387810295397
13,70,24.109158255087628
13,71,25.09717933302405
13,72,21.854425664805916
13,73,22.049021959185467
13,74,19.57509559643216
13,75,20.482805289511695
13,76,20.01845409647925
13,77,17.47858403548648
13,78,15.403907276235392
13,79,16.153239241464828
13,80,15.17985351927644
13,81,11.77202173377385
13,82,11.338591153315571
13,83,12.718068153822573
13,84,10.11918061493949
13,85,6.956433768042899
13,86,9.501858759677626
13,87,10.74594300750506
13,88,7.814043007358668
13,89,7.9965638811482975
13,90,11.764352916049464
13,91,11.74189890772892
13,92,10.419727062985753
13,93,12.96702897304145
13,94,15.537910776956465
13,95,15.202484101462728
13,96,15.612003603210402
13,97,18.66490738268206
13,98,20.269406838949315
13,99,19.865508049145618
13,100,19.02701973776465
13,101,21.1970395640574
14,1,29.39576171097135
14,2,31.08682122495298
14,3,30.13398442705739
14,4,26.41289339807521
14,5,24.77341330978017
14,6,22.0433941863919
14,7,19.509024171630813
14,8,18.667273534430453
14,9,15.590579894818923
14,10,12.37473699035022
14,11,9.392573440712567
14,12,6.73326969194052
14,13,3.7896759844870274
14,15,3.808346002988987
14,16,6.793823720820653
14,17,10.047289327197893
14,18,12.937572950166501
14,19,13.852374064379312
14,20,13.097649183190725
14,21,14.208331097643757
14,22,11.595307269373034
14,23,8.649275462582047
14,24,10.41649714913036
14,25,11.267081358303004
14,26,8.032335297837177
14,27,7.08191287079676
14,28,10.76513523102437
14,29,11.23769328839751
14,30,8.64906125881411
14,31,11.302625526116172
14,32,13.582574134141323
14,33,11.96262669194487
14,34,13.105274184261127
14,35,12.335085492961817
14,36,15.199893422660818
14,37,16.625419771877034
14,38,20.19969814005233
14,39,21.848146030503997
14,40,25.346774142070647
14,41,26.8462638062078
14,42,26.272797025425202
14,43,30.000163024339148
14,44,29.834380751888805
14,45,27.65961483022384
14,46,28.815476838870666
14,47,25.573296016008445
14,48,21.84791218734806
14,49,21.132687074135426
14,50,23.48939057919276
14,51,21.95973048367385
14,52,18.48878392401774
14,53,20.091536236475136
14,54,21.94326827562357
14,55,19.245278647453222
14,56,17.152954114657074
14,57,20.278837336686415
14,58,21.550431433749665
14,59,18.34831524792626
14,60,17.87056772604798
14,61,21.61257045372874
14,62,21.975177304086397
14,63,19.157943467215098
14,64,20.815973717982054
14,65,24.198240824574714
14,66,23.310165594873997
14,67,21.755637858348578
14,68,24.480955849191442
14,69,27.007466653351333
14,70,25.07773959416386
14,71,25.54028112117062
14,72,22.062631817286547
14,73,21.897125975673376
14,74,19.213650525800535
14,75,19.515054323433702
14,76,19.05812064486006
14,77,16.002978608364014
14,78,14.559567493439204
14,79,15.92787938959786
14,80,14.497713440476359
14,81,10.933133764519956
14,82,11.713171471681218
14,83,13.205737494871657
14,84,10.247361480007713
14,85,7.996130897788123
14,86,11.460113595320552
14,87,12.48021957970753
14,88,9.966019013850444
14,89,11.091644632980502
14,90,14.657241651995408
14,91,14.468903687967064
14,92,13.71499571611305
14,93,16.461029683422435
14,94,18.742277520209544
14,95,18.40679368309536
14,96,19.174547225389457
14,97,22.205793807896196
14,98,23.57261822010388
14,99,23.09670643505917
14,100,22.477627973114842
14,101,24.82187599099992
15,1,29.31781410022252
15,2,31.24962444525764
15,3,29.96557491933027
15,4,26.40520055018674
15,5,25.172812102395824
15,6,22.825857183668944
15,7,20.63302268080961
15,8,20.452096275791718
15,9,17.720094125193253
15,10,14.669434154047638
15,11,12.296682458603115
15,12,9.128957819154945
15,13,6.252606298512421
15,14,3.808346002988987
15,16,3.8823359014156864
15,17,6.67514573725007
15,18,9.902000984779027
15,19,11.385841499672804
15,20,11.571284854761835
15,21,12.595724654561382
15,22,9.483867115605063
15,23,7.27668920094773
15,24,10.153144690248158
15,25,10.571010839950699
15,26,7.457230399563056
15,27,8.204422278281937
15,28,11.767047541750195
15,29,11.789975714825122
15,30,9.711612689213954
15,31,13.086268108172893
15,32,14.481472350135844
15,33,12.483543830677016
15,34,13.926261373114075
15,35,13.942543714660422
15,36,16.38483298555727
15,37,17.032139453520077
15,38,20.272158627688498
15,39,21.601575170961915
15,40,24.912172514144146
15,41,26.669468530392134
15,42,25.951381701333375
15,43,29.54986401637163
15,44,28.97789533289374
15,45,26.571051097708494
15,46,27.50363533200116
15,47,24.145870403359435
15,48,20.541915818367567
15,49,19.247392918402156
15,50,21.71428465265249
15,51,20.742376440165067
15,52,17.07220282397985
15,53,18.18016893364026
15,54,20.488801717497896
15,55,18.319974393918745
15,56,15.765282180461522
15,57,18.7445670977502
15,58,20.62582997002308
15,59,17.823433837531923
15,60,16.878810924026244
15,61,20.655069425114117
15,62,21.671204546390943
15,63,19.063971974284623
15,64,20.246127630549395
15,65,23.854569109235694
15,66,23.578744507841076
15,67,22.030412421864288
15,68,24.33994413515337
15,69,27.238050156833797
15,70,25.692699440801963
15,71,25.789970477870654
15,72,22.13451800294103
15,73,21.328347061105596
15,74,18.193124145742328
15,75,17.930752610136267
15,76,16.85142894677434
15,77,13.75399221325696
15,78,12.974739313791813
15,79,13.98559138669
15,80,11.827130295860355
15,81,8.657897513504924
15,82,10.256176814303037
15,83,10.973147326506872
15,84,7.638444237192922
15,85,6.79198626159699
15,86,10.575072950425337
15,87,10.871103420136683
15,88,9.052438937333289
15,89,11.222683413864004
15,90,14.211243911625985
15,91,13.901650146607293
15,92,14.165233981487281
15,93,16.96036877089859
15,94,18.696434669662942
15,95,18.769730372532916
15,96,20.147373518537712
15,97,22.82326439345077
15,98,23.909323225657662
15,99,23.800696333858824
15,100,23.761037361947675
15,101,26.050135582055578
16,1,32.65934682571321
16,2,34.71708343603968
16,3,33.28713287876695
16,4,29.826695445426424
16,5,28.751998387704916
16,6,26.551468970805278
16,7,24.41718120518699
16,8,24.31323941831751
16,9,21.588094824141898
16,10,18.47789077603567
16,11,15.949509301469863
16,12,12.911994394398697
16,13,9.880007024518974
16,14,6.793823720820653
16,15,3.8823359014156864
16,17,3.807646404808661
16,18,6.247770121794082
16,19,8.02812293234848
16,20,8.74870631439806
16,21,10.501545078401245
16,22,7.8777831684429875
16,23,5.759612909011387
16,24,9.384701352480517
16,25,10.533827141003238
16,26,8.535210873932462
16,27,9.536451337765252
16,28,12.905607321218646
16,29,13.581878997018151
16,30,12.401602628906945
16,31,16.00723115785344
16,32,17.261599993127984
16,33,15.648216364848892
16,34,17.50432996281453
16,35,17.76487106109528
16,36,20.217484772689673
16,37,20.6922447850302
16,38,23.78020942683423
16,39,24.929567002536196
16,40,28.086533139015643
16,41,29.88319024258274
16,42,28.954019981091474
16,43,32.43496341241849
16,44,31.70407398138949
16,45,29.05885122038893
16,46,29.64106710322612
16,47,26.135536335575516
16,48,22.697019968742513
16,49,21.081340885114344
16,50,23.785371801420585
16,51,23.320828980697573
16,52,19.608175695202885
16,53,20.379876964630327
16,54,23.075929592875546
16,55,21.32868467798211
16,56,18.538598015614124
16,57,21.299306120656865
16,58,23.585376350514213
16,59,21.0369259639991
16,60,19.708075401752343
16,61,23.404155451852223
16,62,24.789926932847298
16,63,22.183100572770346
16,64,22.911443797957933
16,65,26.648793080421168
16,66,26.660560114342328
16,67,24.859594268159462
16,68,26.824559932885112
16,69,29.949817934369644
16,70,28.40868397185562
16,71,28.09075422651186
16,72,24.328535483273164
16,73,23.118043410980878
16,74,19.80745920157908
16,75,18.825239319645128
16,76,17.49998077044299
16,77,14.086969658190005
16,78,14.329738704180787
16,79,15.577371190213139
16,80,12.83000530883021
16,81,10.228288541815317
16,82,12.799814937771421
16,83,13.103451906718542
16,84,9.772424213209693
16,85,10.122672111164508
16,86,13.849680141661073
16,87,13.615629881913527
16,88,12.120479277611775
16,89,14.779136631339803
16,90,17.451342820314395
16,91,16.78023621300738
16,92,17.39317528769801
16,93,20.381178797227676
16,94,21.7388440014372
16,95,21.68055342410077
16,96,23.414822869643668
16,97,26.069068752092523
16,98,26.80724093255446
16,99,26.584089523374267
16,100,26.827002378626364
16,101,29.3187862716428
17,1,33.07323089352578
17,2,35.431836267248855
17,3,33.90929047619381
17,4,30.639192247164456
17,5,30.005775219261576
17,6,28.012259734232025
17,7,26.296409117670414
17,8,26.560830579486137
17,9,23.961761218950837
17,10,21.143860394720793
17,11,18.888090736656686
17,12,15.518519075902628
17,13,12.920629648036698
17,14,10.047289327197893
17,15,6.67514573725007
17,16,3.807646404808661
17,18,3.784193813225628
17,19,5.77300714147513
17,20,7.8015562226841215
17,21,8.836704442415403
17,22,6.028227508166022
17,23,5.9458047858723955
17,24,9.652012366021916
17,25,10.059681419855574
17,26,8.923041236905169
17,27,11.050438102694576
17,28,13.735172734680866
17,29,14.04333847649199
17,30,13.60059145451512
17,31,17.43254726288454
17,32,17.959046469864617
17,33,16.451934153772136
17,34,18.69911605782295
17,35,19.653143401951713
17,36,21.951364502491195
17,37,22.0211017692001
17,38,24.756948466533057
17,39,25.853610298991818
17,40,28.85817946565229
17,41,30.987778700309082
17,42,30.17511669923038
17,43,33.508144689304295
17,44,32.35520446873182
17,45,29.701889184577905
17,46,30.23700017643386
17,47,26.799348405094943
17,48,23.58322081509404
17,49,21.39896832172102
17,50,23.902295512556016
17,51,23.915349577442136
17,52,20.176098132099074
17,53,20.243029931195846
17,54,23.08203231099476
17,55,21.84563672230227
17,56,18.65796587592573
17,57,20.910516547408857
17,58,23.608656728202547
17,59,21.40463191857554
17,60,19.505065347492042
17,61,22.989302038296824
17,62,24.861796361798774
17,63,22.36130728261222
17,64,22.474165749981942
17,65,26.297910833672525
17,66,26.807409220282768
17,67,24.863115668338704
17,68,26.32284996585
17,69,29.719973502328802
17,70,28.446788728265567
