1,2,3.78634006908847
1,3,6.692591323965648
1,4,10.37086511410528
1,5,12.925105235109251
1,6,16.084954954491174
1,7,19.441312496814046
1,8,22.764889972795157
1,9,23.279859744413688
1,10,21.77599724380449
1,11,20.013802887694077
1,12,16.396009598752304
1,13,13.866214681547689
1,14,10.251618466854149
1,15,9.776812613830735
1,16,8.06138865750175
1,17,10.473383890597802
1,18,13.031121761586366
1,19,11.544764858184836
1,20,12.257166580844888
1,21,12.585503617243141
1,22,15.655707697728417
1,23,17.22100468493348
1,24,19.80489111963097
1,25,20.325438671422432
1,26,22.69099639146633
1,27,22.548626149445358
1,28,22.9708742297006
1,29,19.612533482011262
1,30,16.188790749810323
1,31,13.723477559545694
1,32,10.207642064381997
1,33,8.543297870899526
1,34,5.616437395608345
1,35,5.381016640181344
1,36,6.56484967251487
1,37,8.89558531546108
1,38,11.411924384241845
1,39,10.665645503736355
1,40,9.793139809935061
1,41,10.826309775714991
1,42,11.832876117749015
1,43,11.676048502872543
1,44,17.43171135897281
1,45,20.469464626502386
1,46,19.9112229128101
1,47,22.30932293548236
1,48,20.945567792163956
1,49,23.627228884855228
1,50,21.782683760688275
1,51,18.7446737471948
1,52,18.012276399722733
1,53,15.388203922430424
1,54,16.427763124964617
1,55,16.154191429987982
1,56,20.005201792093082
1,57,20.054507554224585
1,58,19.329266966003747
1,59,19.75391661674753
1,60,21.036043511049378
1,61,20.121397054432478
1,62,18.00097510676702
1,63,23.344562038486817
1,64,23.24910703603795
1,65,24.201437892828825
1,66,27.756492399284998
1,67,28.200862977837435
1,68,29.71076935362653
1,69,26.62483524931419
1,70,24.550610736891702
1,71,25.268126047222673
1,72,23.80887192839733
1,73,24.923214348974096
1,74,24.884825063227215
1,75,21.202236822734697
1,76,20.11267635899917
1,77,19.85913067701581
1,78,21.25404201297232
1,79,23.113925869797125
1,80,26.912222836353468
1,81,28.52938002117591
1,82,31.06586527408642
1,83,30.07299594817629
1,84,26.429023745793454
1,85,26.86884814788358
1,86,23.91063593600553
1,87,21.948570217902724
1,88,18.518287842477598
1,89,16.168656504420778
1,90,14.730977737947159
1,91,14.845670317945519
1,92,15.16618981026185
1,93,16.10278418184967
1,94,17.931579317073034
1,95,19.280515906697723
2,1,3.78634006908847
2,3,3.8305217759542662
2,4,7.022601801096227
2,5,9.888068196516503
2,6,12.973234917447341
2,7,16.308214276737885
2,8,19.722910699386233
2,9,20.65463342971258
2,10,19.46714382514741
2,11,18.211230104488852
2,12,14.738925893327655
2,13,12.960576204899532
2,14,9.859358139122808
2,15,10.78977710276244
2,16,10.348338472089578
2,17,13.448572951046106
2,18,15.419077833793065
2,19,13.30296370807197
2,20,13.024581809717645
2,21,12.272764632958182
2,22,14.771367821071697
2,23,15.553854641023614
2,24,17.600874519458824
2,25,17.622756677837508
2,26,19.61249679125361
2,27,19.154041522633705
2,28,19.330649116783054
2,29,15.899107493480997
2,30,12.533004276545887
2,31,10.079201165475228
2,32,6.500564122097247
2,33,5.614565069053122
2,34,4.283962240427964
2,35,6.288574136209869
2,36,8.819179062770413
2,37,11.824461228273025
2,38,13.26889216500712
2,39,11.632431206322904
2,40,9.585824484788978
2,41,9.587225235352761
2,42,9.48987881653768
2,43,9.605388332361969
2,44,14.569645786870568
2,45,17.299117056851507
2,46,16.812444641008163
2,47,19.510401157689998
2,48,18.571338536649076
2,49,21.441209305290293
2,50,20.11571645768257
2,51,17.494617137557952
2,52,17.524367893191606
2,53,15.55078367556285
2,54,17.327405421567082
2,55,17.85238311539157
2,56,20.763622923386333
2,57,20.212928195337355
2,58,18.78791331710044
2,59,18.70152899644985
2,60,19.319886569673137
2,61,18.360292806403606
2,62,16.682974127931647
2,63,22.1724788500276
2,64,22.399057187871414
2,65,23.118246739557282
2,66,26.77303028925565
2,67,27.652347759949205
2,68,28.888317150102665
2,69,25.533490646560775
2,70,23.899772485192237
2,71,25.128452514415635
2,72,24.225712549856485
2,73,25.651034879067698
2,74,26.10861502427593
2,75,22.489125367547576
2,76,20.794075889258185
2,77,20.04254392526682
2,78,20.822446855088046
2,79,22.115339631449125
2,80,25.9499730118352
2,81,27.20255819105627
2,82,29.46482141104632
2,83,28.618348014491975
2,84,24.855684385248278
2,85,24.87455835525908
2,86,21.67903112445834
2,87,19.707664416306105
2,88,16.61482972130173
2,89,14.256961185007894
2,90,13.700983183604155
2,91,14.58235358958592
2,92,15.808971636273519
2,93,17.35699900038985
2,94,19.77145732266717
2,95,21.418668363420146
3,1,6.692591323965648
3,2,3.8305217759542662
3,4,3.7935850579211516
3,5,6.627050972604892
3,6,9.447162255258895
3,7,12.94626320005168
3,8,16.186378735174415
3,9,17.019308313457156
3,10,15.678622791834439
3,11,14.568478756535994
3,12,11.110512112472167
3,13,9.813087047275028
3,14,7.300069027505514
3,15,9.441880278011654
3,16,10.356150883982597
3,17,14.016762026729264
3,18,15.306835901326101
3,19,12.94344261588641
3,20,11.57135649079985
3,21,10.224455072486938
3,22,11.952213844114516
3,23,12.454430027241763
3,24,14.20642026053786
3,25,14.441760377707094
3,26,16.537226588420157
3,27,16.4722705625877
3,28,16.900945819275073
3,29,13.603586972490856
3,30,9.940414386814853
3,31,8.244444220033628
3,32,5.598149441502645
3,33,5.348471890124163
3,34,5.9921098217983175
3,35,7.59198832215616
3,36,11.029663876829197
3,37,13.678670532268015
3,38,14.220472707853173
3,39,12.70610072757426
3,40,9.810745193136087
3,41,10.054164620841389
3,42,9.73714847529633
3,43,11.131682283506148
3,44,13.603903865101183
3,45,15.81296215681391
3,46,14.598345445484995
3,47,17.052610470501076
3,48,15.916553874897703
3,49,18.488810059410486
3,50,17.28765719733768
3,51,15.04940582222137
3,52,15.413056950327812
3,53,14.104572130484845
3,54,16.114885188385426
3,55,17.306116593419933
3,56,20.802166209349746
3,57,20.222552581809186
3,58,18.34604199123279
3,59,18.448661875913615
3,60,18.675617963807206
3,61,18.36714872715082
3,62,17.456233210336784
3,63,22.3970252167335
3,64,22.335061241221567
3,65,22.42161104689804
3,66,25.94171667448325
3,67,26.810130234736384
3,68,27.551032504530355
3,69,24.015246657069635
3,70,22.461568288662605
3,71,23.771663899233456
3,72,23.28120970542637
3,73,24.557754317958423
3,74,25.204981169486203
3,75,21.587064276877193
3,76,19.56877902360326
3,77,18.850189256278036
3,78,19.014608666376038
3,79,20.09050515281573
3,80,23.892777058380343
3,81,24.719439935471136
3,82,27.029023322912305
3,83,26.6026024021903
3,84,22.889832060198856
3,85,22.981767286462464
3,86,19.51592343366941
3,87,18.09778344550175
3,88,15.309318727847014
3,89,13.706024193190725
3,90,13.695565700869155
3,91,14.42343297101531
3,92,16.335112094148855
3,93,17.726381715669472
3,94,20.600473748758056
3,95,21.977500832304337
4,1,10.37086511410528
4,2,7.022601801096227
4,3,3.7935850579211516
4,5,3.7985333054721573
4,6,6.050649648396718
4,7,9.54188146544847
4,8,12.8221786583826
4,9,14.169689885715803
4,10,13.27035431218099
4,11,12.939442557657426
4,12,10.006865224581597
4,13,10.060492468507737
4,14,8.894548949630913
4,15,11.96779018856951
4,16,13.645631252783515
4,17,17.426964037627002
4,18,18.244180178582234
4,19,15.595170974638863
4,20,13.52925496967547
4,21,11.295102552148258
4,22,11.951668959771315
4,23,11.330567689138135
4,24,12.112323926255323
4,25,11.721318994755194
4,26,13.293720813748964
4,27,12.995648236293965
4,28,13.246887492684161
4,29,9.970453614716831
4,30,6.2282145517895815
4,31,5.324321784209906
4,32,4.324032483992228
4,33,5.839388586628501
4,34,8.383095535357098
4,35,10.585491396657954
4,36,14.219672422590941
4,37,17.043682238121875
4,38,16.921838449613798
4,39,14.987975885644936
4,40,11.541576593635275
4,41,10.993255570717455
4,42,9.649962683409877
4,43,11.573047688803676
4,44,11.807795802562339
4,45,13.242832303799721
4,46,11.79659344966032
4,47,14.431797238742893
4,48,13.79377503051641
4,49,16.38220931375467
4,50,15.896382986394375
4,51,14.405110392622884
4,52,15.647005112287612
4,53,15.226137635091643
4,54,17.74796923248473
4,55,19.580987668048206
4,56,22.2363504816791
4,57,21.193508505511375
4,58,18.720540106426917
4,59,18.40938210150456
4,60,17.87409344373026
4,61,17.762880569103874
4,62,17.559263446693464
4,63,22.187487765265846
4,64,22.32973058125033
4,65,22.026271042675685
4,66,25.47653246309289
4,67,26.714794597363273
4,68,27.05861145827316
4,69,23.32543923562234
4,70,22.276830993462184
4,71,24.034460846806567
4,72,24.146424193687448
4,73,25.622919105306753
4,74,26.70736719370507
4,75,23.27675783844095
4,76,20.788862349906246
4,77,19.67337250599664
4,78,19.12214023662507
4,79,19.518517765997284
4,80,23.195173079281965
4,81,23.513024418360637
4,82,25.490587469666256
4,83,25.33925071981515
4,84,21.626803846955582
4,85,21.29818484107973
4,86,17.59732552237276
4,87,16.435134243398963
4,88,14.305656261395473
4,89,13.126491071137306
4,90,14.140687572916827
4,91,15.41132125635051
4,92,18.014610031576765
4,93,19.74502541379785
4,94,22.971769799994195
4,95,24.48671721286269
5,1,12.925105235109251
5,2,9.888068196516503
5,3,6.627050972604892
5,4,3.7985333054721573
5,6,3.8449617237118976
5,7,6.556863148618187
5,8,10.083894797853548
5,9,11.022019570679594
5,10,10.692381470454347
5,11,10.289986435323545
5,12,8.103469086056707
5,13,8.903210124127693
5,14,9.019989665347781
5,15,12.478574960744766
5,16,14.884638446753128
5,17,18.669552511473018
5,18,18.608634267780896
5,19,15.546775908477102
5,20,12.949042178503747
5,21,9.896308763161878
5,22,9.731360911109359
5,23,8.174508910746743
5,24,8.59302560025841
5,25,7.994189776543901
5,26,9.916145367428976
5,27,10.219788491011844
5,28,11.401774214568322
5,29,8.922958990049944
5,30,5.705027737033529
5,31,5.187924206642359
5,32,6.297952741740073
5,33,6.756325033903998
5,34,9.797003614119177
5,35,11.586082923693665
5,36,15.37719514714955
5,37,18.05737732387776
5,38,16.924372619314184
5,39,14.865817851657116
5,40,11.086963100889104
5,41,10.525952941700593
5,42,9.33700284259379
5,43,12.285971326667749
5,44,9.928074457927064
5,45,10.981812735082896
5,46,8.749519918374393
5,47,10.903544546088735
5,48,10.049180481246722
5,49,12.599020029992898
5,50,12.329695493643188
5,51,11.251288527460424
5,52,13.118730387476488
5,53,13.471841890711355
5,54,16.439271803553467
5,55,18.89667558922167
5,56,20.671079165320332
5,57,19.404175156190277
5,58,16.553143588995955
5,59,16.300081182260865
5,60,15.438094381815016
5,61,15.99844829710562
5,62,16.531617834191646
5,63,20.317225504590752
5,64,20.184704055939665
5,65,19.365965538981328
5,66,22.62108221653247
5,67,23.911648682473416
5,68,23.908586388635708
5,69,20.10453019142866
5,70,19.296256897471338
5,71,21.284345130990594
5,72,21.867879922106994
5,73,23.48141217422751
5,74,24.976693498652473
5,75,21.822775915270093
5,76,18.91376411021037
5,77,17.455399811915434
5,78,16.34212965239366
5,79,16.283355144103812
5,80,19.83968346376717
5,81,19.92361547020454
5,82,21.785524110847277
5,83,21.77534007623813
5,84,18.12001282040192
5,85,17.80201157870766
5,86,14.020491570332638
5,87,13.274804513059618
5,88,11.50400167830454
5,89,11.192301290803954
5,90,12.674308710329532
5,91,13.889291420581252
5,92,17.024045594384813
5,93,18.819307757763436
5,94,22.364745389177326
5,95,23.902912704748218
6,1,16.084954954491174
6,2,12.973234917447341
6,3,9.447162255258895
6,4,6.050649648396718
6,5,3.8449617237118976
6,7,3.8446186343183126
6,8,6.7851513596914925
6,9,8.401731684760271
6,10,8.098596410210614
6,11,9.01562270570068
6,12,7.657627860094459
6,13,9.916900094791089
6,14,11.017920023482644
6,15,14.772145158096313
6,16,17.531591088333048
6,17,21.358059434635564
6,18,21.234703443723827
6,19,18.409654241148253
6,20,15.379474828907119
6,21,12.388841893922642
6,22,11.115684876030613
6,23,8.974590859890064
6,24,7.8445320150364735
6,25,7.0626566143277305
6,26,8.172390459868916
6,27,8.734958682682027
6,28,9.691311733487968
6,29,7.647936721209498
6,30,4.911894604285929
6,31,6.912822542482222
6,32,8.98743321600891
6,33,10.399479742185768
6,34,13.506723668079356
6,35,15.253653306977288
6,36,19.069348189136637
6,37,21.59449893934922
6,38,20.475319188319034
6,39,18.604766269500125
6,40,14.823605126155107
6,41,14.275803882263002
6,42,12.7920021137014
6,43,15.619736513882419
6,44,12.071322104336895
6,45,11.924156137588866
6,46,9.19211338853314
6,47,10.954885090437438
6,48,10.47057706178506
6,49,12.264417969778915
6,50,12.740346527269784
6,51,12.727243081044676
6,52,14.972530339640585
6,53,16.024797883756563
6,54,18.839211924931565
6,55,21.537532131820477
6,56,23.806598835383358
6,57,22.538778265674235
6,58,19.493298869786134
6,59,19.208817238375097
6,60,17.87219067203143
6,61,18.720006243608548
6,62,19.727863937425077
6,63,23.104496670998863
6,64,22.97503204728209
6,65,21.72738735097876
6,66,24.71342214978103
6,67,26.085851762626397
6,68,25.573254254447267
6,69,21.723241064999247
6,70,21.21127276134408
6,71,23.261748553932918
6,72,24.24146764199231
6,73,25.64510367427833
6,74,27.2065642939556
6,75,24.15655647953939
6,76,21.18758158975655
6,77,19.877573770583663
6,78,18.18334966885343
6,79,17.720311572824045
6,80,20.95024473762559
6,81,20.32207247727473
6,82,21.98705223723657
6,83,22.58094382034354
6,84,19.1736103895927
6,85,18.68186409172449
6,86,14.753793050124354
6,87,14.775663308194817
6,88,13.866467683406459
6,89,14.177325279293441
6,90,16.090472447100378
6,91,17.269442012801413
6,92,20.548847582030174
6,93,22.18122244096081
6,94,25.78697273039874
6,95,27.099206781678035
7,1,19.441312496814046
7,2,16.308214276737885
7,3,12.94626320005168
7,4,9.54188146544847
7,5,6.556863148618187
7,6,3.8446186343183126
7,8,3.8100170798832775
7,9,5.8675943436914215
7,10,7.307809119002988
7,11,9.004509352242534
7,12,9.250502981042953
7,13,12.101643525443885
7,14,13.912437560157347
7,15,17.641504057549852
7,16,20.63813527098057
7,17,24.39973847892885
7,18,23.78861167095297
7,19,20.739799320598195
7,20,17.540430238925644
7,21,14.158728708561494
7,22,12.240671267988553
7,23,9.122799102831102
7,24,6.604881934069067
7,25,4.490655154412465
7,26,4.472511881925246
7,27,5.71034341194738
7,28,7.6090978238348335
7,29,7.192627606323537
7,30,6.39517593191496
7,31,8.630818808961038
7,32,11.626609721841936
7,33,12.828250748556616
7,34,16.188295096756853
7,35,17.938735873817887
7,36,21.711611595524428
7,37,24.252992582280264
7,38,22.536680998617914
7,39,20.473655358854817
7,40,16.648178204899732
7,41,15.800437459405309
7,42,14.16160088423712
7,43,17.279977188752294
7,44,11.723263719701473
7,45,10.543189666342453
7,46,7.288385277105604
7,47,8.265641486308605
7,48,8.388431590202808
7,49,9.801143258752749
7,50,11.331256298323114
7,51,12.370265244514561
7,52,15.327876564301652
7,53,17.129745374371133
7,54,20.221543345457636
7,55,23.32158144671744
7,56,24.438027870284785
7,57,22.835401746152655
7,58,19.459258755860663
7,59,18.94566141938787
7,60,17.03300833967749
7,61,18.323742950827516
7,62,20.050155486229347
7,63,22.56850465973732
7,64,22.435945175512707
7,65,20.73587451500317
7,66,23.394403527583002
7,67,25.012319522496473
7,68,24.066304322670124
7,69,20.225253608166064
7,70,20.295464436706425
7,71,22.6987577358174
7,72,24.26367890256894
7,73,25.85803539915319
7,74,27.854812722256423
7,75,25.18356178168005
7,76,21.88747785910144
7,77,20.19405557731514
7,78,17.905523011515974
7,79,16.67289485722967
7,80,19.478466700182977
7,81,18.32808090418828
7,82,19.498529707757456
7,83,20.367043229218545
7,84,17.187279556408146
7,85,16.33269628851818
7,86,12.444959144780265
7,87,13.089554062780902
7,88,13.179499943821892
7,89,14.26659302188331
7,90,16.74939405069398
7,91,18.096611430186396
7,92,21.698858204083947
7,93,23.49121294756164
7,94,27.25378845279857
7,95,28.67161830144427
8,1,22.764889972795157
8,2,19.722910699386233
8,3,16.186378735174415
8,4,12.8221786583826
8,5,10.083894797853548
8,6,6.7851513596914925
8,7,3.8100170798832775
8,9,3.8091862795816005
8,10,5.958237406160499
8,11,8.973531134303602
8,12,10.387718758018554
8,13,13.868276091187207
8,14,16.285331893671557
8,15,20.030972815393724
8,16,23.284617905962733
8,17,26.99754005922107
8,18,26.19172465584571
8,19,23.34246891242519
8,20,19.873809678502692
8,21,16.651668412927
8,22,14.059038887162924
8,23,10.912392854732836
8,24,7.524657781958097
8,25,6.138222746644904
8,26,5.101854278296114
8,27,7.1405615783531955
8,28,8.867895756834743
8,29,9.512170166468575
8,30,9.451839748417285
8,31,12.250913131588712
8,32,15.244231094186734
8,33,16.571895240555264
8,34,19.840013984315018
8,35,21.381508946379473
8,36,25.179951742265445
8,37,27.510405570035932
8,38,25.703270025729854
8,39,23.881343666026677
8,40,20.097986681350015
8,41,19.477549614345513
8,42,17.946554150290666
8,43,21.076055277767345
8,44,15.120930951492955
8,45,13.385766448745532
8,46,10.087593006598746
8,47,10.055142878584414
8,48,10.181169162102075
8,49,10.266370215298918
8,50,12.309453902236735
8,51,14.216550861945882
8,52,17.196075883591565
8,53,19.488485103001448
8,54,22.339223181679746
8,55,25.600368378748477
8,56,27.16366354327622
8,57,25.682773306018493
8,58,22.29250278780194
8,59,21.954327873151872
8,60,19.89836214199185
8,61,21.522289355605864
8,62,23.53701107198796
8,63,25.561148010434344
8,64,25.254876330989365
8,65,23.165161021791437
8,66,25.438190446825264
8,67,26.955844750534293
8,68,25.515055546908705
8,69,21.80459103552453
8,70,22.051846570735815
8,71,24.34356958155131
8,72,26.21531672749815
8,73,27.534957467660092
8,74,29.55468430072173
8,75,27.06802707667223
8,76,23.797854211284942
8,77,22.319393984505307
8,78,19.613291061574383
8,79,18.136864908231512
8,80,20.449113007246645
8,81,18.62057307085863
8,82,19.592712191400274
8,83,21.12283807919337
8,84,18.419444429571875
8,85,17.642145908681716
8,86,13.984512865412503
8,87,15.449266663666423
8,88,16.101095437002428
8,89,17.669956621475457
8,90,20.16710938088245
8,91,21.26694651292463
8,92,24.883779285902534
8,93,26.427629532525295
8,94,30.202753533528263
8,95,31.361856544750573
9,1,23.279859744413688
9,2,20.65463342971258
9,3,17.019308313457156
9,4,14.169689885715803
9,5,11.022019570679594
9,6,8.401731684760271
9,7,5.8675943436914215
9,8,3.8091862795816005
9,10,3.8050582159671067
9,11,6.313304650782075
9,12,8.912356991183744
9,13,12.452746971622824
9,14,15.49451497529673
9,15,19.026278239407826
9,16,22.566660234465353
9,17,26.086009495078628
9,18,24.730969775395177
9,19,21.950059690525407
9,20,18.302808653670343
9,21,15.166086901118865
9,22,12.00183312513115
9,23,8.876485102623485
9,24,5.180354181735954
9,25,5.468060575193036
9,26,6.1763409398655025
9,27,9.506037717135008
9,28,12.086049141397224
9,29,12.732681041045293
9,30,12.153157836525784
9,31,14.302823229207798
9,32,16.950612313705967
9,33,17.51446367145255
9,34,20.40502004591153
9,35,21.31774202873171
9,36,25.039987698550945
9,37,26.955821258733295
9,38,24.74400832152205
9,39,23.308918471197803
9,40,19.698876284091355
9,41,19.664184816361924
9,42,18.825275715027274
9,43,22.310721912706335
9,44,16.269027837291656
9,45,14.965591148692829
9,46,11.24942585279057
9,47,10.1202793110493
9,48,9.025742163214536
9,49,7.920785498472459
9,50,9.589281583703556
9,51,11.960435123045228
9,52,14.798933520367896
9,53,17.540925997156105
9,54,20.16822080739246
9,55,23.61729550479097
9,56,25.472588926902777
9,57,24.3013432438805
9,58,21.083570904197405
9,59,21.3140231843815
9,60,19.611831709817753
9,61,21.80848910448798
9,62,23.926490029312145
9,63,25.352498186654532
9,64,24.484135023612588
9,65,22.028949398810923
9,66,23.973981565789366
9,67,25.054864272951534
9,68,23.324041847793353
9,69,19.767936789157154
9,70,19.773504087026648
9,71,21.746574039608337
9,72,23.738392906748846
9,73,24.765100268027517
9,74,26.788115479131402
9,75,24.52686304480195
9,76,21.282516517518935
9,77,20.027622302621662
9,78,17.0473328705979
9,79,15.62348821238351
9,80,17.67745637830733
9,81,15.635535017554457
9,82,16.95991415045212
9,83,18.84166448473365
9,84,16.433523951935385
9,85,16.351375502668294
9,86,12.903788960291452
9,87,15.051220835355123
9,88,15.614799871775995
9,89,17.79179511099792
9,90,19.86174300289889
9,91,20.33316037561708
9,92,23.858237898249616
9,93,24.987081855468375
9,94,28.734559533720965
9,95,29.582606774611776
10,1,21.77599724380449
10,2,19.46714382514741
10,3,15.678622791834439
10,4,13.27035431218099
10,5,10.692381470454347
10,6,8.098596410210614
10,7,7.307809119002988
10,8,5.958237406160499
10,9,3.8050582159671067
10,11,3.8446434426368343
10,12,6.238706554210101
10,13,9.99853385127915
10,14,13.217641651912974
10,15,16.67123410692024
10,16,20.287676793370018
10,17,23.73580721905641
10,18,22.526479691170262
10,19,20.148907926672283
10,20,16.388979917024546
10,21,13.785989137913706
10,22,10.510929591092479
10,23,8.390171069203857
10,24,5.767444170528487
10,25,7.708059816838982
10,26,9.353903672757202
10,27,12.300141857630535
10,28,14.422431282122876
10,29,14.176857801978352
10,30,12.658517761946182
10,31,14.804018012698938
10,32,16.777498332442477
10,33,17.278477832915065
10,34,19.74504705696845
10,35,20.27429003276322
10,36,23.987610267098628
10,37,25.585022855593092
10,38,23.76534920365393
10,39,22.80018696417338
10,40,19.311760274043532
10,41,19.846935583498638
10,42,19.373194354845666
10,43,22.75402439154424
10,44,17.973046272250144
10,45,17.289745354466067
10,46,13.60601144374387
10,47,12.99272887247875
10,48,11.239617889513458
10,49,10.286016729823107
10,50,10.650502128036862
10,51,12.235492159325826
10,52,14.26618058585078
10,53,16.654809889597587
10,54,18.760758023218973
10,55,21.967622599504768
10,56,25.500087807169685
10,57,24.83254446985394
10,58,21.958592337157018
10,59,22.636338905021436
10,60,21.468419045545183
10,61,23.53653189682706
10,62,25.179040557100283
10,63,27.102152389493263
10,64,26.027306749254503
10,65,23.761190814808046
10,66,25.86118147642351
10,67,26.53649747474011
10,68,25.00592839683167
10,69,21.493918378377863
10,70,20.838960007240104
10,71,22.27281099844946
10,72,23.779731202302752
10,73,24.336222242096763
10,74,25.857760479841843
10,75,23.306887027501595
10,76,20.443892902961544
10,77,19.8314163457512
10,78,17.201329710492917
10,79,16.59665796593888
10,80,18.925769760309898
10,81,17.218170465433875
10,82,19.18868553864689
10,83,21.04178730774799
10,84,18.566572372863153
10,85,19.024547225638926
10,86,15.518405402911132
10,87,17.38341085497738
10,88,17.181156380166012
10,89,19.02622573033172
10,90,20.543790078524193
10,91,20.569365934713268
10,92,23.78486273806845
10,93,24.480206402797627
10,94,28.075548275929876
10,95,28.548187437941262
11,1,20.013802887694077
11,2,18.211230104488852
11,3,14.568478756535994
11,4,12.939442557657426
11,5,10.289986435323545
11,6,9.01562270570068
11,7,9.004509352242534
11,8,8.973531134303602
11,9,6.313304650782075
11,10,3.8446434426368343
11,12,3.839849718084392
11,13,7.044492390131949
11,14,10.654244166636927
11,15,13.770802256630393
11,16,17.524757246098744
11,17,20.771188207859133
11,18,19.151754810839233
11,19,16.794823329507768
11,20,12.981999641360908
11,21,10.549840327773058
11,22,6.993510524332518
11,23,5.614597721125605
11,24,4.6297738897659375
11,25,8.043517234863081
11,26,10.932760020279131
11,27,14.042661187677618
11,28,16.560925759191928
11,29,15.941090595198272
11,30,13.864304974915745
11,31,15.115457329744691
11,32,16.506452167478763
11,33,16.18408495156513
11,34,18.099403118965085
11,35,17.991944178750398
11,36,21.530538763178697
11,37,22.746351181961256
11,38,20.69812455964592
11,39,20.11744715754125
11,40,16.89840716701062
11,41,18.04409994514851
11,42,18.288966795077435
11,43,21.811699233814924
11,44,17.67909730184963
11,45,17.737463312818612
11,46,14.039074310997638
11,47,13.233774495347596
11,48,10.530873371158771
11,49,9.574936614469411
11,50,8.542206607106376
11,51,9.40962774403993
11,52,10.81294820867632
11,53,13.172602058345248
11,54,15.038774699889652
11,55,18.278872262863796
11,56,22.310875752687707
11,57,22.024023550266964
11,58,19.487086264606056
11,59,20.704357198443343
11,60,20.12805905010215
11,61,22.38748612580438
11,62,23.783186795282802
11,63,25.562636519560083
11,64,24.078620014564528
11,65,21.848208905535753
11,66,23.92051968222718
11,67,24.155794572645565
11,68,22.810442778077196
11,69,19.418581844502896
11,70,18.201457854105286
11,71,19.21002757629449
11,72,20.41600876718837
11,73,20.747153339881258
11,74,22.10008931394493
11,75,19.50453561017126
11,76,16.747670269829154
11,77,16.435338177631024
11,78,14.005289668823643
11,79,14.005886242801816
11,80,16.539560974235226
11,81,15.358560954952619
11,82,17.93133885488973
11,83,19.512829108614863
11,84,16.996576022240667
11,85,18.11730710788174
11,86,14.788072368413351
11,87,16.550548033043473
11,88,15.73649412492834
11,89,17.666041534725725
11,90,18.544302728748818
11,91,17.962097426475395
11,92,20.91481317463019
11,93,21.22403663148466
11,94,24.72211487138075
11,95,24.969460848381434
12,1,16.396009598752304
12,2,14.738925893327655
12,3,11.110512112472167
12,4,10.006865224581597
12,5,8.103469086056707
12,6,7.657627860094459
12,7,9.250502981042953
12,8,10.387718758018554
12,9,8.912356991183744
12,10,6.238706554210101
12,11,3.839849718084392
12,13,3.792592998574612
12,14,7.062864099843006
12,15,10.433472588363873
12,16,14.078125259122931
12,17,17.499911820789634
12,18,16.406222283730397
12,19,14.132184616949774
12,20,10.425999741494282
12,21,8.274129145525052
12,22,5.646259657591555
12,23,5.609926084245314
12,24,6.389165267404609
12,25,9.22641923680166
12,26,12.276042713747302
12,27,14.670852118304758
12,28,16.71369812757313
12,29,15.229384090317614
12,30,12.405133547050623
12,31,13.222456072155394
12,32,13.866502612588647
12,33,13.471733496401741
12,34,15.037575793757311
12,35,14.856611451314908
12,36,18.422939585576366
12,37,19.678043486859718
12,38,18.1904443306023
12,39,17.695683241369373
12,40,14.505348001868716
12,41,15.861134827101063
12,42,16.225683056583915
12,43,19.46336398880895
12,44,16.78722544845347
12,45,17.473636158438293
12,46,14.133183282145152
12,47,14.245860116874084
12,48,11.655900489719908
12,49,11.846268214771413
12,50,10.346191832840168
12,51,9.818700634077645
12,52,10.564430694734915
12,53,11.853236844655582
12,54,13.600430981381994
12,55,16.402129744973504
12,56,21.310254366247396
12,57,21.188461952114206
12,58,18.883027621178428
12,59,20.091642149388132
12,60,19.880920016686886
12,61,21.632227632998987
12,62,22.440667808817338
12,63,25.034791942042034
12,64,23.7329224872825
12,65,22.039607594663103
12,66,24.549888000162703
12,67,24.78426338427013
12,68,24.018099535531643
12,69,20.54006330049156
12,70,18.947663902859812
12,71,19.835263276939624
12,72,20.407488142243277
12,73,20.777511807575532
12,74,21.742286251427828
12,75,18.65840394282443
12,76,16.177958424459106
12,77,16.06728921318318
12,78,14.426156401845956
12,79,15.104839510535403
12,80,18.191575288839395
12,81,17.724650077015877
12,82,20.46082147681814
12,83,21.47968381698899
12,84,18.551567317305146
12,85,19.59320446679536
12,86,16.086458657740756
12,87,17.021969410224973
12,88,15.445326587158847
12,89,16.60327089972555
12,90,17.100258888835235
12,91,16.523069319181236
12,92,19.212875498306516
12,93,19.520638049023514
12,94,22.904383610470965
12,95,23.2019526731754
13,1,13.866214681547689
13,2,12.960576204899532
13,3,9.813087047275028
13,4,10.060492468507737
13,5,8.903210124127693
13,6,9.916900094791089
13,7,12.101643525443885
13,8,13.868276091187207
13,9,12.452746971622824
13,10,9.99853385127915
13,11,7.044492390131949
13,12,3.792592998574612
13,14,3.788455583150957
13,15,6.7453067564687395
13,16,10.483212045487571
13,17,13.793862929833763
13,18,12.624772175521638
13,19,10.441813119923907
13,20,6.78881590475992
13,21,5.400874441068443
13,22,4.159791204528103
13,23,6.423459324228566
13,24,8.917928057030696
13,25,11.689334460167215
13,26,15.05876142979739
13,27,17.183350039791048
13,28,19.194530030989178
13,29,17.289277946763452
13,30,14.07341611704927
13,31,13.963662020314786
13,32,13.66578121132686
13,33,12.465257376941443
13,34,13.094008173235608
13,35,12.124438369446478
13,36,15.418625982802126
13,37,16.256043375209774
13,38,14.945689231887766
13,39,14.958862102958026
13,40,12.21389229633961
13,41,14.306348058810189
13,42,15.422506989813975
13,43,18.453765017670563
13,44,17.239952787134047
13,45,18.705795272476063
13,46,15.729839648320167
13,47,16.064031753812323
13,48,13.185044865940082
13,49,13.79828625132865
13,50,11.449459424742972
13,51,9.64784902221066
13,52,9.143551041131973
13,53,9.326335636596937
13,54,10.571440045397036
13,55,12.967836558614277
13,56,18.947129246666993
13,57,19.298516653212356
13,58,17.537338174579517
13,59,19.16653971842612
13,60,19.658766698316025
13,61,21.223486574942342
13,62,21.47838821659133
13,63,24.310987284806234
13,64,22.80842314750626
13,65,21.495586919535846
13,66,24.12758863549585
13,67,24.004968268669924
13,68,23.716731589453598
13,69,20.423103603009203
13,70,18.256356459805634
13,71,18.671495329574885
13,72,18.55779398178773
13,73,18.73525474072196
13,74,19.25922044167281
13,75,15.864120404815258
13,76,13.78374010450508
13,77,14.133697428268203
13,78,13.344576517632664
13,79,14.907279249019838
13,80,18.23880288693158
13,81,18.531204333343734
13,82,21.599389122886656
13,83,22.13707946965109
13,84,19.125783405511616
13,85,20.538042234950517
13,86,17.272763544922388
13,87,17.70340369652166
13,88,15.383922326799796
13,89,16.10440395401871
13,90,15.760410784884131
13,91,14.614460806612101
13,92,16.749159829262048
13,93,16.644922479668036
13,94,19.794599360664755
13,95,19.89597492942382
14,1,10.251618466854149
14,2,9.859358139122808
14,3,7.300069027505514
14,4,8.894548949630913
14,5,9.019989665347781
14,6,11.017920023482644
14,7,13.912437560157347
14,8,16.285331893671557
14,9,15.49451497529673
14,10,13.217641651912974
14,11,10.654244166636927
14,12,7.062864099843006
14,13,3.788455583150957
14,15,3.8022605704043384
14,16,7.113077343511208
14,17,10.739870511518776
14,18,10.452309563446388
14,19,8.36120260640912
14,20,5.591724752303148
14,21,5.311561161027179
14,22,6.639365106048484
14,23,9.076040955330711
14,24,11.862624230811711
14,25,13.970929430627317
14,26,17.172977511501273
14,27,18.662883954137087
14,28,20.248758356688455
14,29,17.77455659184455
14,30,14.216055167188488
14,31,13.400372327565996
14,32,12.092913705958301
14,33,10.575232064202307
14,34,10.353665256963394
14,35,9.074463394082112
14,36,12.23961530426321
14,37,13.116967274800274
14,38,12.631248863686094
14,39,12.757076135353081
14,40,10.332898677211357
14,41,12.65496175502517
14,42,14.006169307427953
14,43,16.486507022219097
14,44,17.103311894930755
14,45,19.153490266857148
14,46,16.753375632054336
14,47,17.75409477948806
14,48,15.191323277066054
14,49,16.52147927958128
14,50,14.159872581186752
14,51,11.663521989256983
14,52,10.730204274799773
14,53,9.533884082635074
14,54,10.514275406781675
14,55,12.005033746342793
14,56,18.378001370660353
14,57,18.853642518637628
14,58,17.46057092452405
14,59,18.9700109937417
14,60,19.843163649737942
14,61,20.805994825230222
14,62,20.388933713879275
14,63,23.94875699917169
14,64,22.69289921097044
14,65,22.00109956978104
14,66,24.95218913815979
14,67,24.86945865887242
14,68,25.152829218887234
14,69,21.90607377240074
14,70,19.5672211593235
14,71,19.92126304959523
14,72,19.214529126189873
14,73,19.53787130889165
14,74,19.711657711529693
14,75,16.008120574764977
14,76,14.354627491292556
14,77,14.760789366607561
14,78,14.866510074926019
14,79,16.79922658658525
14,80,20.375859031552153
14,81,21.197589527292244
14,82,24.22463865997328
14,83,24.274633108753758
14,84,21.030755450261804
14,85,22.279539147514118
14,86,19.05249883283919
14,87,18.74453595662775
14,88,15.877388599957168
14,89,15.71986054330982
14,90,14.877321358771217
14,91,13.794201176891507
14,92,15.409372630424267
14,93,15.35398574516378
14,94,18.222819271103525
14,95,18.48167748420676
15,1,9.776812613830735
15,2,10.78977710276244
15,3,9.441880278011654
15,4,11.96779018856951
15,5,12.478574960744766
15,6,14.772145158096313
15,7,17.641504057549852
15,8,20.030972815393724
15,9,19.026278239407826
15,10,16.67123410692024
15,11,13.770802256630393
15,12,10.433472588363873
15,13,6.7453067564687395
15,14,3.8022605704043384
15,16,3.819984696275141
15,17,7.080553320413233
15,18,6.812104662101712
15,19,5.498438824092696
15,20,4.090230636005143
15,21,6.337873503129682
15,22,8.718055169533304
15,23,11.895871556709844
15,24,15.106068757676075
15,25,17.37355037773898
15,26,20.71706367412093
15,27,22.213430908969922
15,28,23.83718264575027
15,29,21.275121916717644
15,30,17.681084411484495
15,31,16.440743843700844
15,32,14.571806370429249
15,33,12.502779562529959
15,34,11.098618868653976
15,35,8.63807816928304
15,36,10.818265055160584
15,37,10.65445792725251
15,38,10.707744275511239
15,39,11.891547231244498
15,40,10.583654143875341
15,41,13.634036529236946
15,42,15.712735874818721
15,43,17.780468649833825
15,44,19.601924794137485
15,45,22.07055022109813
15,46,19.907380102327124
15,47,20.825667281506743
15,48,18.072326952414812
15,49,19.343063368525456
15,50,16.52682070917102
15,51,13.556109849520274
15,52,11.624739225177299
15,53,9.396637905023933
15,54,9.126304927267132
15,55,9.460339465120889
15,56,17.444078575961175
15,57,18.595473424496312
15,58,17.971482830875733
15,59,19.926978789396397
15,60,21.447553233866675
15,61,22.297413297316304
15,62,21.399197124803337
15,63,24.92291159261884
15,64,23.420089813516707
15,65,23.04153271800056
15,66,25.89786678976783
15,67,25.373116862257355
15,68,26.007883959753183
15,69,23.105248744220965
15,70,20.308002115765802
15,71,20.05571856866513
15,72,18.644711239214594
15,73,18.56186232378117
15,74,18.07494893638974
15,75,14.206422508740818
15,76,13.403264816470353
15,77,14.517422640137035
15,78,15.490195127449377
15,79,18.097390940213423
15,80,21.57120867104197
15,81,22.8829937617515
15,82,26.13290031508806
15,83,25.927003832022645
15,84,22.833383908498117
15,85,24.443527987958518
15,86,21.551282417603744
15,87,21.06082321871282
15,88,17.840312435750597
15,89,17.447005327915225
15,90,15.794647693296506
15,91,14.043744656732178
15,92,14.698769248623263
15,93,13.89067640681277
15,94,16.159841259619075
15,95,15.93959983180894
16,1,8.06138865750175
16,2,10.348338472089578
16,3,10.356150883982597
16,4,13.645631252783515
16,5,14.884638446753128
16,6,17.531591088333048
16,7,20.63813527098057
16,8,23.284617905962733
16,9,22.566660234465353
16,10,20.287676793370018
16,11,17.524757246098744
16,12,14.078125259122931
16,13,10.483212045487571
16,14,7.113077343511208
16,15,3.819984696275141
16,17,3.846938467931481
16,18,5.686350225351163
16,19,5.616254312525967
16,20,6.697732942190236
16,21,9.322376950999738
16,22,12.28968443146377
16,23,15.353383563322799
16,24,18.617008929087696
16,25,20.572051258326937
16,26,23.788597320110696
16,27,24.910078169636925
16,28,26.252987634724505
16,29,23.398253979933045
16,30,19.740262292893004
16,31,18.056247887401806
16,32,15.513120949421188
16,33,13.282805400394482
16,34,10.886800461847672
16,35,7.9565074767487145
16,36,8.932644603857163
16,37,8.114518854351084
16,38,9.708361835211186
16,39,11.386356612609742
16,40,11.078225459117663
16,41,14.154582876750387
16,42,16.442321549120027
16,43,17.76157066973896
16,44,21.19816095509651
16,45,24.037105250898737
16,46,22.34271106666905
16,47,23.605879895696653
16,48,21.06846832056884
16,49,22.67370632366853
16,50,19.86309296339378
16,51,16.631278295637852
16,52,14.528600356863533
16,53,11.632197808455246
16,54,10.928858094013199
16,55,9.969838403457803
16,56,17.958338599845927
16,57,19.33712241990266
16,58,19.24368082969314
16,59,21.108624483193037
16,60,22.988553690703224
16,61,23.33541918222268
16,62,21.82004420403439
16,63,25.773388027866503
16,64,24.453789940220673
16,65,24.62755571288097
16,66,27.605145986127514
16,67,27.028439342172852
16,68,28.128246212578556
16,69,25.399302033234488
16,70,22.49818228486241
16,71,22.099951376583643
16,72,20.178401802129358
16,73,20.11874984202988
16,74,19.22069145887314
16,75,15.350068491289884
16,76,15.18096280037019
16,77,16.385651242248322
16,78,18.032999862599056
16,79,20.832123052672998
16,80,24.327535715385626
16,81,25.998996350872847
16,82,29.207033125020782
16,83,28.66037038483826
16,84,25.507518408861817
16,85,27.037971151987115
16,86,24.285272540567348
16,87,23.330072283271676
16,88,19.833207552035493
16,89,18.81888574758622
16,90,16.708474651560127
16,91,14.97931663182901
16,92,14.80791785892044
16,93,13.853051928510986
16,94,15.405566936286647
16,95,15.176630697772946
17,1,10.473383890597802
17,2,13.448572951046106
17,3,14.016762026729264
17,4,17.426964037627002
17,5,18.669552511473018
17,6,21.358059434635564
17,7,24.39973847892885
17,8,26.99754005922107
17,9,26.086009495078628
17,10,23.73580721905641
17,11,20.771188207859133
17,12,17.499911820789634
17,13,13.793862929833763
17,14,10.739870511518776
17,15,7.080553320413233
17,16,3.846938467931481
17,18,4.332517910400785
17,19,6.475862535932459
17,20,8.933993928372576
17,21,12.20644118913983
17,22,15.233629991419013
17,23,18.562306164844347
17,24,21.993254178373046
17,25,24.10176321609607
17,26,27.42189330576482
17,27,28.618806819539305
17,28,30.032160834771492
17,29,27.183981327396275
17,30,23.543839928507083
17,31,21.71697375061331
17,32,19.024645209007613
17,33,16.601994294186184
17,34,13.755017614691797
17,35,10.446875109092014
17,36,10.056386168409198
17,37,7.76972054245858
17,38,10.085771936843422
17,39,12.72289343243008
17,40,13.465592140351372
17,41,16.757497936935177
17,42,19.408985052500586
17,43,20.42009220990358
17,44,24.425569859397367
17,45,27.449458827151414
17,46,25.85727055503608
17,47,26.987009880141297
17,48,24.310797095072587
17,49,25.788526655252056
17,50,22.72303907682407
17,51,19.340338440671044
17,52,16.736059406047037
17,53,13.506469343078773
17,54,11.8660861720691
17,55,9.669060798198268
17,56,18.452073109578308
17,57,20.416047886735498
17,58,21.004290294638402
17,59,23.173390489015322
17,60,25.4819578422208
17,61,25.788241015612776
17,62,23.983661213345567
17,63,27.713267935860966
17,64,26.19320612610899
17,65,26.582140583510167
17,66,29.3710555754902
17,67,28.409451143940576
17,68,29.750072508996798
17,69,27.380193069011753
17,70,24.199347378926383
17,71,23.291614443036046
17,72,20.84292729588397
17,73,20.3693082466285
17,74,18.821132140734665
17,75,15.11908683459143
17,76,15.88068308101062
17,77,17.627414032906568
17,78,19.82446034905132
17,79,22.991055121754798
17,80,26.275576127911343
17,81,28.24951044010504
17,82,31.582961009444784
17,83,30.885425807345428
17,84,27.9319644345699
17,85,29.73181450835915
17,86,27.259623519862554
17,87,26.264762860884385
17,88,22.64679896627041
17,89,21.589700368282564
17,90,19.015669628852322
17,91,16.859724257967947
17,92,15.83954441641511
17,93,14.169381160981699
17,94,14.767916212494814
17,95,13.893459148594113
18,1,13.031121761586366
18,2,15.419077833793065
18,3,15.306835901326101
18,4,18.244180178582234
18,5,18.608634267780896
18,6,21.234703443723827
18,7,23.78861167095297
18,8,26.19172465584571
18,9,24.730969775395177
18,10,22.526479691170262
18,11,19.151754810839233
18,12,16.406222283730397
18,13,12.624772175521638
18,14,10.452309563446388
18,15,6.812104662101712
18,16,5.686350225351163
18,17,4.332517910400785
18,19,3.8317195596094438
18,20,6.569229114099757
18,21,10.262261133393382
18,22,13.08324974231653
18,23,16.665948333415514
18,24,20.308300537241884
18,25,22.749662814527937
18,26,26.32249617766685
18,27,27.97267450885501
18,28,29.888204317903686
18,29,27.455511216768734
18,30,23.986262621466523
18,31,22.2192478679913
18,32,20.070163704749852
18,33,17.26874933821211
18,34,14.809566302464082
18,35,11.213557693842805
18,36,11.183964656477388
18,37,8.71185348152066
18,38,8.90719174698323
18,39,12.031985437523877
18,40,12.816337944010929
18,41,16.5227551668016
18,42,19.571335759172598
18,43,21.23049426258387
18,44,23.982815052686792
18,45,26.917780403292817
18,46,25.01922094850646
18,47,25.562007868912563
18,48,22.513083998063102
18,49,23.58106159930884
18,50,20.19301074824787
18,51,16.78297228195123
18,52,13.684474917246689
18,53,10.477422851424675
18,54,8.05551877512251
18,55,5.526626013683752
18,56,15.578363872293949
18,57,17.950899468542648
18,58,18.736675159964605
18,59,21.431880343611898
18,60,23.920190142651016
18,61,24.803521507215613
18,62,23.41299205748909
18,63,26.272023874261542
18,64,24.236567516063918
18,65,24.240930866178257
18,66,26.67305767160096
18,67,25.321468107875468
18,68,26.478610276392306
18,69,24.359752888283527
