1,2,3.869381242153414
1,3,6.923849801935298
1,4,10.51927193444068
1,5,13.3162399591737
1,6,16.9977691771446
1,7,19.05838964390915
1,8,22.42141795025377
1,9,25.531438927362032
1,10,28.867485716489284
1,11,28.8773613638559
1,12,27.329971618932163
1,13,24.984271142686598
1,14,21.515310181164352
1,15,18.371810820835044
1,16,14.729458427816272
1,17,12.573486262786412
1,18,9.272539603383004
1,19,9.033737854157994
1,20,7.516700849667444
1,21,12.276433959158128
1,22,12.073401661000403
1,23,11.77387907399677
1,24,14.269236639217734
1,25,15.833736507293963
1,26,19.498415340975555
1,27,21.72911199266468
1,28,24.8639251076803
1,29,25.71268535338883
1,30,28.418141577969987
1,31,28.48749442432792
1,32,29.238519025749103
1,33,26.064717062173376
1,34,22.78348259740957
1,35,20.00296788722298
1,36,16.554111711836523
1,37,14.112108786681619
1,38,10.359012001766835
1,39,8.327691682614187
1,40,5.618139033337354
1,41,5.285223384840409
1,42,6.55691752236215
1,43,9.488954772697717
1,44,14.672669913718272
1,45,11.661479724112773
1,46,10.608410230867097
1,47,9.858402409154488
1,48,10.570204847681657
1,49,12.087122394531729
1,50,13.961256390708954
1,51,16.093871419803325
1,52,15.433683774632302
1,53,18.8723654839328
1,54,19.422448033397263
1,55,21.99190729037395
1,56,22.050332579557242
1,57,25.538264409127752
1,58,25.311684224384095
1,59,27.304714658953603
1,60,25.661573000109875
1,61,28.162092511185996
1,62,25.771956494535914
1,63,22.24136192122619
1,64,20.623834335467013
1,65,17.183892706437288
1,66,17.12989699773519
1,67,15.424707648888294
1,68,16.4814042020147
1,69,17.232204545883558
1,70,17.38272540277339
1,71,19.877979633636002
1,72,19.336643076539513
1,73,20.57524243318169
1,74,19.967244258959937
1,75,19.144438446807982
1,76,19.978028859686606
1,77,20.546043980242743
1,78,21.421262865659305
1,79,23.63036885946143
1,80,22.219885754269782
1,81,18.943821794047064
1,82,19.287241838877414
1,83,19.296331077014443
1,84,20.86351586392731
1,85,23.56576261482248
1,86,24.002318077583826
1,87,23.213662984744172
1,88,21.694537115711384
1,89,24.455502941795526
1,90,24.196745610798036
1,91,25.8657056349125
1,92,29.17870589915534
1,93,28.88788557545376
1,94,31.16737984941992
1,95,28.78215051366455
1,96,26.26197554874454
1,97,26.257507482041554
1,98,24.009531387681502
1,99,24.66078411849452
1,100,23.52339438464639
1,101,20.60566170516039
1,102,20.572567691365215
1,103,20.857008463337507
1,104,23.222423596034226
1,105,25.76494299042787
1,106,29.344949742323074
1,107,31.70149868059835
1,108,34.37985596133404
1,109,32.854749676185655
1,110,29.502121768459926
1,111,30.302290309101792
1,112,27.956953226099493
1,113,25.808469587401376
1,114,22.103700592510815
1,115,19.470188046826078
1,116,16.894694090541133
1,117,16.171616627067333
1,118,14.75926252558102
1,119,14.839159419452004
1,120,15.154848243590717
1,121,16.12074113156122
1,122,17.752988156672906
1,123,18.15264965925981
2,1,3.869381242153414
2,3,3.81940369703769
2,4,6.924251485247527
2,5,10.02660178170475
2,6,13.553114400935165
2,7,15.71544741387084
2,8,19.14103643688853
2,9,22.21655992372348
2,10,25.671658008627244
2,11,25.977527943057236
2,12,24.683701369085004
2,13,22.649634258267803
2,14,19.203559211773516
2,15,16.458205237500394
2,16,12.851544931559848
2,17,11.641578887136179
2,18,9.171275637811293
2,19,10.462156240891286
2,20,10.187107989462968
2,21,14.252620988282484
2,22,13.055613140082754
2,23,11.762972661971942
2,24,13.390395527199653
2,25,14.085330410468579
2,26,17.594756025754844
2,27,19.309438564503413
2,28,22.160285617115473
2,29,22.63105524564869
2,30,25.09768216673215
2,31,24.91982448555326
2,32,25.51779982459576
2,33,22.313742371941455
2,34,19.122331928747332
2,35,16.241304013720384
2,36,12.751005082389772
2,37,10.41580348286951
2,38,6.719306639444055
2,39,5.641042968173968
2,40,4.196750801274164
2,41,6.406573473663744
2,42,8.863852530700486
2,43,12.378767925007356
2,44,16.973677283037624
2,45,13.618479658840947
2,46,11.620248768042075
2,47,9.763598001422606
2,48,9.194587847426217
2,49,9.676940684587288
2,50,10.914389983700818
2,51,12.574041586695992
2,52,11.891814382342096
2,53,15.478562148644679
2,54,16.220413570594484
2,55,18.597441197806415
2,56,18.534012828447583
2,57,21.934365244099126
2,58,21.830146040836148
2,59,24.06963923403949
2,60,22.726892599496257
2,61,25.463437976684006
2,62,23.429007588426625
2,63,20.09101615567484
2,64,19.061204512712067
2,65,15.97537864688874
2,66,16.73889732152414
2,67,15.87789821236849
2,68,17.512230973237116
2,69,18.995427604499383
2,70,18.968871642900037
2,71,21.068131883292093
2,72,20.01675540386359
2,73,21.42099194572877
2,74,20.202429733814206
2,75,18.685398644027035
2,76,18.86510701135213
2,77,18.75262280968275
2,78,19.168397844587233
2,79,20.921522061385776
2,80,19.391485442460624
2,81,16.27426256950008
2,82,16.938649270345035
2,83,16.65910029995306
2,84,18.511366039604543
2,85,21.486151454005082
2,86,21.616062038046874
2,87,21.104919459018156
2,88,19.57362494277186
2,89,22.188270551821113
2,90,22.24041767811304
2,91,23.79158711304973
2,92,27.31437302847797
2,93,27.456896629934754
2,94,29.564152950418652
2,95,26.87671826470745
2,96,24.692750753970888
2,97,25.201065031547024
2,98,23.444928423039485
2,99,24.532774328577297
2,100,23.979380300623262
2,101,20.919842909972612
2,102,20.172987886370276
2,103,19.91361510572667
2,104,21.793949545680526
2,105,23.913522433516572
2,106,27.609413119524785
2,107,29.716391462155602
2,108,32.19377785848176
2,109,30.738325181732375
2,110,27.209796165445045
2,111,27.65368143012267
2,112,25.111767690174247
2,113,22.839414125695043
2,114,19.255876104499556
2,115,16.44858374257837
2,116,14.359244476482559
2,117,14.32827360880807
2,118,13.744592273568925
2,119,14.6551349269639
2,120,15.850695088704432
2,121,17.354594097852452
2,122,19.644097666701423
2,123,20.452334159651194
3,1,6.923849801935298
3,2,3.81940369703769
3,4,3.7980788365775324
3,5,6.641013355656539
3,6,10.317991976114282
3,7,12.900158879181099
3,8,16.03285088341824
3,9,19.371067471341487
3,10,22.689916379646988
3,11,23.181117205608246
3,12,21.691405116417233
3,13,19.95770212062991
3,14,16.361448893425035
3,15,13.928385596609152
3,16,10.286985575194667
3,17,9.84298521703132
3,18,8.115328741924111
3,19,10.554700632057969
3,20,11.578148623012282
3,21,15.185221197643209
3,22,13.151508860019948
3,23,11.708118805705126
3,24,12.324092744845442
3,25,12.650294212665049
3,26,15.705579975829211
3,27,17.245937335958136
3,28,19.785205569446696
3,29,20.294938435258125
3,30,22.651152090088413
3,31,22.498292959001006
3,32,22.927451558173573
3,33,19.580235525816203
3,34,16.165697992071248
3,35,13.728166175056884
3,36,10.215301384278574
3,37,8.55464549677144
3,38,5.624765397591329
3,39,5.449647188300131
3,40,6.525413830374821
3,41,8.851848493671072
3,42,12.009163189215126
3,43,15.360517508699056
3,44,19.604651346606218
3,45,16.011044805086588
3,46,14.055877249744531
3,47,11.42472531670579
3,48,10.67136639197923
3,49,9.780847118298158
3,50,10.836879543519606
3,51,11.864281660144838
3,52,11.71889821966166
3,53,15.509745477542223
3,54,16.413098291678317
3,55,18.12945998787609
3,56,17.37577682365946
3,57,20.407622327956666
3,58,19.94172612477918
3,59,22.311481008799724
3,60,21.007138537912645
3,61,23.643479537448936
3,62,21.82510621882012
3,63,18.7827075299903
3,64,18.107371632309874
3,65,15.485606850731333
3,66,16.52500290293243
3,67,16.236289624467112
3,68,17.739499493913463
3,69,19.77446565552296
3,70,20.180262890510807
3,71,22.324981461230678
3,72,21.38626253102263
3,73,23.29886307956239
3,74,22.027037132225907
3,75,20.034652900306227
3,76,20.04353032178653
3,77,19.302512673148808
3,78,19.661321048497054
3,79,20.895381704649715
3,80,19.66740841968323
3,81,17.054494422882936
3,82,18.353294847529313
3,83,17.895248267220158
3,84,20.06491105888045
3,85,23.255866962009083
3,86,22.977841341206766
3,87,22.644509571234746
3,88,20.89805932575629
3,89,23.078414476113036
3,90,23.118031805257182
3,91,24.179979562736584
3,92,27.781840071784387
3,93,28.090857590085882
3,94,29.762516008834172
3,95,26.74963261227257
3,96,24.67609166869642
3,97,25.374709900832812
3,98,24.00450301997151
3,99,25.028268943462944
3,100,24.716755713330656
3,101,21.3432988636694
3,102,20.256378533102534
3,103,20.03404985927811
3,104,21.332942883315233
3,105,23.252259143090157
3,106,27.04592820849653
3,107,28.71624279809962
3,108,31.23193163602597
3,109,30.178997207485295
3,110,26.547326296427933
3,111,26.87759838757212
3,112,23.939418837844315
3,113,21.96616467694689
3,114,18.60508603894747
3,115,16.065521230268498
3,116,14.631639796426974
3,117,14.866436483347279
3,118,15.161110406826445
3,119,16.139640920247253
3,120,17.96625479148281
3,121,19.23651088865565
3,122,21.696523692487933
3,123,22.271986522598628
4,1,10.51927193444068
4,2,6.924251485247527
4,3,3.7980788365775324
4,5,3.828512800314076
4,6,6.985388492150661
4,7,9.86989459297076
4,8,12.938854049041925
4,9,16.242185725298214
4,10,19.660122778655136
4,11,20.5715574119354
4,12,19.411627225864166
4,13,18.18473141054435
4,14,14.751528875141169
4,15,13.089440308594183
4,16,9.937589503890429
4,17,10.891192018293783
4,18,10.429389375918669
4,19,13.546789627507838
4,20,15.042184680554227
4,21,18.068560909174696
4,22,15.531070919445625
4,23,13.467310245338307
4,24,13.107145910031187
4,25,12.358510041089229
4,26,14.843076371869577
4,27,15.59333775226444
4,28,17.591441373930806
4,29,17.59036136293144
4,30,19.562383096313237
4,31,19.086980368029405
4,32,19.272495910420353
4,33,15.853898707446053
4,34,12.508562849365896
4,35,10.067598187535737
4,36,6.491281158930309
4,37,5.606167988079492
4,38,4.2656875122167275
4,39,6.3092872089378575
4,40,8.754583898016575
4,41,11.766762713287454
4,42,15.07100053674976
4,43,18.592138292364695
4,44,22.422618095353712
4,45,18.751254236874043
4,46,16.33808827181014
4,47,13.245712949410962
4,48,11.605807571197671
4,49,9.545755116523763
4,50,9.532095660837454
4,51,9.484137627425197
4,52,9.581690359177902
4,53,13.288770565291882
4,54,14.39626240234607
4,55,15.573701586506889
4,56,14.478197373487156
4,57,17.20292406619465
4,58,16.810492630075927
4,59,19.489442259998043
4,60,18.609260768572696
4,61,21.44944080642581
4,62,20.15279011553935
4,63,17.52370641725591
4,64,17.61802718783267
4,65,15.640738537224925
4,66,17.424665404400834
4,67,17.927798960943786
4,68,19.801310575925946
4,69,22.291830685309524
4,70,22.535472989061127
4,71,24.295624438127064
4,72,22.990643662445112
4,73,24.97346112959316
4,74,23.262561550991002
4,75,20.755631378877375
4,76,20.160774201667696
4,77,18.716437540269645
4,78,18.56612572225884
4,79,19.13260589055749
4,80,17.89973063518887
4,81,15.753642442933405
4,82,17.443501234511135
4,83,16.697065778075746
4,84,19.096986742742946
4,85,22.41613131123357
4,86,21.764192995940363
4,87,21.7431735585603
4,88,20.028841313739996
4,89,21.873346737587262
4,90,22.22145716452415
4,91,23.04097536902851
4,92,26.748347984292966
4,93,27.49994343150465
4,94,28.903159574420414
4,95,25.62300327411354
4,96,23.981296057521835
4,97,25.189631794271595
4,98,24.376254943981756
4,99,25.758102855131515
4,100,25.986554317759627
4,101,22.61523516093958
4,102,20.922100835984402
4,103,20.196169466792742
4,104,20.870823923529134
4,105,22.229182813508146
4,106,26.032753712668473
4,107,27.337674343927368
4,108,29.586880714143305
4,109,28.683135346074284
4,110,24.934902086467975
4,111,24.84261131431979
4,112,21.679805321728804
4,113,19.676907856587697
4,114,16.648711885412222
4,115,14.115176206271705
4,116,13.563618796240364
4,117,14.584115154565795
4,118,15.773070216835533
4,119,17.367164690681378
4,120,19.770198458843176
4,121,21.363851194256142
4,122,24.20195351034034
4,123,25.05829593908317
5,1,13.3162399591737
5,2,10.02660178170475
5,3,6.641013355656539
5,4,3.828512800314076
5,6,3.797666018762617
5,7,6.637428732026052
5,8,9.442639768631398
5,9,12.922559452067585
5,10,16.157331052407933
5,11,16.95672710642212
5,12,15.629619234073145
5,13,14.538563800675394
5,14,11.113653432432868
5,15,9.922908064433575
5,16,7.321782125458026
5,17,9.459792077063609
5,18,10.342190437231148
5,19,14.016227356679577
5,20,16.322497909053006
5,21,18.42191481329776
5,22,15.30242336183096
5,23,13.017665094006112
5,24,11.599937119869734
5,25,10.27428879093865
5,26,11.999810735319112
5,27,12.494395135373269
5,28,14.212867937161281
5,29,14.446535796077534
5,30,16.53621076810664
5,31,16.466694004276974
5,32,16.909430222025964
5,33,13.634031349964223
5,34,9.973615674696886
5,35,8.287056540816373
5,36,5.638843440226872
5,37,5.3728921707136035
5,38,5.989385104915482
5,39,7.525856039119089
5,40,10.913244345885873
5,41,13.560396957838925
5,42,17.199648926919426
5,43,20.518965014018345
5,44,23.725715281602287
5,45,19.958522285990295
5,46,17.631117514081406
5,47,14.12698038700731
5,48,12.648340259243893
5,49,9.768573865120663
5,50,9.986802941363736
5,51,9.800975396292321
5,52,11.162771040285184
5,53,14.697282329225406
5,54,15.262686006867426
5,55,15.547299934491974
5,56,13.559536630699757
5,57,15.797454846245216
5,58,14.654985963849192
5,59,17.084261909088877
5,60,15.985661686253449
5,61,18.524503098858585
5,62,17.336205203817883
5,63,15.063853607649861
5,64,15.482119409728126
5,65,14.151665044479092
5,66,16.165394091699817
5,67,17.30644827772268
5,68,19.15554546098144
5,69,22.10808903843227
5,70,22.524435194922578
5,71,24.108650209289127
5,72,22.87275241052645
5,73,25.26800803912757
5,74,23.578827612085146
5,75,20.740962226349662
5,76,20.13437890808346
5,77,18.250936290616416
5,78,18.325601093101813
5,79,18.539890876840744
5,80,17.997831345755873
5,81,16.567565635946117
5,82,18.94619219007695
5,83,18.572091736092336
5,84,21.39395314827845
5,85,24.523843638005562
5,86,23.3238997751378
5,87,23.08128316073404
5,88,20.94325956915709
5,89,22.166116200588753
5,90,22.18207248895956
5,91,22.368399051506067
5,92,25.958441027437537
5,93,26.685919852587606
5,94,27.599040477460253
5,95,24.128207612288676
5,96,22.53659493847962
5,97,23.805743117805488
5,98,23.37304667154634
5,99,24.643593502798478
5,100,25.146414015536276
5,101,21.650150686083308
5,102,19.641405636725505
5,103,18.962131938824232
5,104,19.040506773517198
5,105,20.205211587973732
5,106,23.97906792783866
5,107,24.874340381203634
5,108,27.199264206571016
5,109,26.719635244504513
5,110,23.006621337407093
5,111,23.00581737123209
5,112,19.56733059166214
5,113,18.120153024287056
5,114,15.392326287465302
5,115,13.594749625371476
5,116,13.534788748122667
5,117,14.397566884452814
5,118,16.250573336584175
5,119,17.67290798369945
5,120,20.533107997752488
5,121,21.860546790988028
5,122,24.83519553584244
5,123,25.60046253704288
6,1,16.9977691771446
6,2,13.553114400935165
6,3,10.317991976114282
6,4,6.985388492150661
6,5,3.797666018762617
6,7,3.7991590074413772
6,8,6.052118949969455
6,9,9.51881080676537
6,10,12.796852209103339
6,11,14.115361993682162
6,12,13.234449803544154
6,13,12.924051381190077
6,14,10.037876086309245
6,15,10.197179806053315
6,16,8.909013647752676
6,17,11.981477859257941
6,18,13.63275279101922
6,19,17.42661064469767
6,20,19.919770635318166
6,21,21.57350852190846
6,22,18.226053884722383
6,23,15.658426714108636
6,24,13.553782986651237
6,25,11.34465468855491
6,26,12.001579573936256
6,27,11.376647619070116
6,28,12.12498691787817
6,29,11.728710096084935
6,30,13.287692405208976
6,31,12.982304180146231
6,32,13.24683941553351
6,33,9.994968165904877
6,34,6.253430881142319
6,35,5.336724919831418
6,36,4.309791081708328
6,37,5.8313286083218685
6,38,8.36640384716348
6,39,10.506829985544806
6,40,14.108916414094898
6,41,16.932088927982054
6,42,20.56818899337892
6,43,23.925434882269677
6,44,26.76703326874977
6,45,23.016138022453557
6,46,20.475275319908956
6,47,16.822762731118157
6,48,14.929710226992421
6,49,11.499475578673962
6,50,10.893071221313306
6,51,9.69959224892244
6,52,11.567761915976252
6,53,14.502892512365852
6,54,14.9828717297098
6,55,14.367792316988655
6,56,11.751487432677596
6,57,13.224167393069791
6,58,11.8326880226831
6,59,14.457319800344825
6,60,13.844909273549918
6,61,16.417681171075287
6,62,15.942817014556203
6,63,14.40996106376435
6,64,15.710025409175612
6,65,15.262750416952333
6,66,17.794845408654705
6,67,19.575984845698553
6,68,21.619255362869385
6,69,24.847754074425417
6,70,25.13948874941212
6,71,26.363905244219254
6,72,24.890252868678413
6,73,27.32737348042821
6,74,25.354208584702242
6,75,22.16489938213609
6,76,21.095791378428515
6,77,18.610809454139986
6,78,18.283458774134747
6,79,17.738852693598727
6,80,17.46195505288224
6,81,16.78435107290671
6,82,19.524226004759303
6,83,19.057966024625784
6,84,22.030146247417886
6,85,25.073190198693766
6,86,23.463228156368928
6,87,23.417571653654193
6,88,21.282179558003588
6,89,21.983706801868895
6,90,22.176878039749095
6,91,21.956047648831213
6,92,25.48486092751774
6,93,26.59078302035722
6,94,27.104222004474973
6,95,23.4290674653132
6,96,22.32733638659337
6,97,24.041191663992144
6,98,24.206436470047922
6,99,25.722939050402882
6,100,26.71538123584871
6,101,23.328895943705085
6,102,20.84851698325199
6,103,19.769637368981794
6,104,19.12643573143088
6,105,19.618490059750254
6,106,23.24536578490119
6,107,23.62729269055228
6,108,25.638977645761837
6,109,25.445275787249063
6,110,21.728217975750518
6,111,21.31349293031751
6,112,17.644974973650395
6,113,16.437189502066072
6,114,14.359357028107711
6,115,13.01487258468828
6,116,13.97747907760079
6,117,15.387537915456447
6,118,17.928786418990107
6,119,19.688440586868545
6,120,22.89708480849633
6,121,24.3790598370967
6,122,27.567357266810426
6,123,28.515074810599792
7,1,19.05838964390915
7,2,15.71544741387084
7,3,12.900158879181099
7,4,9.86989459297076
7,5,6.637428732026052
7,6,3.7991590074413772
7,8,3.811669133156104
7,9,6.507286547006639
7,10,10.02505251612047
7,11,10.943792981939653
7,12,10.630581054205708
7,13,10.252299387537178
7,14,8.122968466985608
7,15,9.02710460876691
7,16,9.012598716181392
7,17,12.479608822102586
7,18,14.863472753191619
7,19,18.659128202371154
7,20,21.274070702502335
7,21,22.08713263927479
7,22,18.575871830323155
7,23,15.59867369570279
7,24,12.958678490235497
7,25,9.944266663748634
7,26,9.773943493806811
7,27,8.216955467378735
7,28,8.591237952837776
7,29,7.9924866490257465
7,30,9.90566728863092
7,31,10.21271207183557
7,32,11.407320849149746
7,33,8.965161411160878
7,34,5.7036072439804855
7,35,5.180626926263177
7,36,6.259353631567141
7,37,6.74869286867275
7,38,9.80671705059512
7,39,11.51201654518914
7,40,15.296787648074531
7,41,17.975356985129153
7,42,21.599780721672808
7,43,24.83351255787648
7,44,26.927693025976655
7,45,23.263340207744523
7,46,20.59261703129792
7,47,16.836842709341326
7,48,14.833036446884549
7,49,11.080869259640695
7,50,10.43744677939383
7,51,9.41675156485597
7,52,12.309731542220725
7,53,14.856536231745952
7,54,14.45198659850521
7,55,13.105842866089228
7,56,9.87741505456138
7,57,10.996120531434006
7,58,8.809030295311459
7,59,10.941513262957132
7,60,10.105582125165801
7,61,12.632305925661269
7,62,12.373349381566637
7,63,11.256459657403381
7,64,13.17895163831039
7,65,13.50498086718328
7,66,16.48103513383236
7,67,18.88963133782432
7,68,21.252472764167575
7,69,24.722915821451405
7,70,24.707296724321527
7,71,25.43198773639161
7,72,23.71440004906927
7,73,26.20407304561515
7,74,24.057074696955908
7,75,20.60446519943689
7,76,19.313910567392057
7,77,16.449603016615374
7,78,16.19740088445128
7,79,15.346478932999336
7,80,15.778907981767368
7,81,15.829045073835772
7,82,19.069393929084498
7,83,19.161445590718607
7,84,22.501883681728017
7,85,25.13315205523761
7,86,22.999421916781003
7,87,22.597128714082082
7,88,20.09924376764889
7,89,20.177350926170405
7,90,20.06415707765478
7,91,19.319433766114294
7,92,22.662465128218436
7,93,23.820235336600582
7,94,23.97849893715601
7,95,20.223754478309306
7,96,19.347303777407344
7,97,21.284233346623278
7,98,21.91158176880311
7,99,23.60026812044791
7,100,25.045454470805407
7,101,21.866813120029637
7,102,18.966975482629906
7,103,17.54674815703768
7,104,16.339215599324906
7,105,16.383429026742302
7,106,19.880687803238256
7,107,20.023543081966324
7,108,21.9369613845093
7,109,21.899351431394667
7,110,18.235969208022393
7,111,17.84371165881029
7,112,14.087712830595958
7,113,13.306951119088897
7,114,11.587427973829108
7,115,11.110122120153688
7,116,12.520938058037633
7,117,13.879347537395194
7,118,16.950749267914162
7,119,18.77281997049619
7,120,22.297118087548895
7,121,23.820689052108268
7,122,27.2114020617686
7,123,28.4125362796137
8,1,22.42141795025377
8,2,19.14103643688853
8,3,16.03285088341824
8,4,12.938854049041925
8,5,9.442639768631398
8,6,6.052118949969455
8,7,3.811669133156104
8,9,3.8398806535994825
8,10,6.760703875163178
8,11,8.344574673353128
8,12,8.0578554220507
8,13,8.99117629837171
8,14,7.687040869404139
8,15,10.014197944294322
8,16,10.982686846275232
8,17,14.740912414770103
8,18,17.48692028667409
8,19,21.321587503651322
8,20,24.252227123306255
8,21,24.824061859337235
8,22,21.153039343499845
8,23,18.413612990093075
8,24,15.364406459988581
8,25,12.393780998154837
8,26,11.121569999351726
8,27,8.990654207984237
8,28,7.847009780716678
8,29,7.0790078575047
8,30,8.181305011874475
8,31,8.746957725992347
8,32,9.716826205064255
8,33,7.717202705516196
8,34,4.925328727913325
8,35,6.881696931752863
8,36,8.942029200896881
8,37,10.369343598557036
8,38,13.488170602424411
8,39,15.14706294691685
8,40,18.95347976273084
8,41,21.477503460157457
8,42,25.167152672713915
8,43,28.299213126292994
8,44,30.287871770090184
8,45,26.626496224247475
8,46,24.123935601575596
8,47,20.346550880490025
8,48,18.53450208584348
8,49,14.783830596638781
8,50,14.151665303719106
8,51,12.838941985765961
8,52,15.60973280985656
8,53,17.77130736995357
8,54,17.4758890904449
8,55,15.57258016001734
8,56,12.008879548085426
8,57,11.948661138798489
8,58,9.223261928706894
8,59,10.990146119771175
8,60,10.491755710734363
8,61,12.294243577836992
8,62,12.764954276971292
8,63,12.683801721975408
8,64,14.98835550651703
8,65,16.010672420478336
8,66,18.847940226291378
8,67,21.488253124051457
8,68,23.57130902632704
8,69,27.177334444297973
8,70,27.41718403625614
8,71,28.118208442874465
8,72,26.57362071778928
8,73,29.259895881401746
8,74,27.205017890357038
8,75,23.68644212826
8,76,22.39956390081013
8,77,19.342984769391954
8,78,19.077766974959154
8,79,17.77180475723042
8,80,18.545061129646992
8,81,19.08730487480193
8,82,22.4119285520974
8,83,22.397851481874167
8,84,25.68291501382277
8,85,28.29421389469745
8,86,26.006751778485437
8,87,25.740585682714336
8,88,23.271629160237328
8,89,22.96903053921474
8,90,22.831690937557656
8,91,21.64936183702728
8,92,24.735709126176218
8,93,25.981457265419472
8,94,25.63113301860728
8,95,21.81462424032038
8,96,21.215516854029097
8,97,23.211225747277386
8,98,24.216388713746234
8,99,25.736317990342656
8,100,27.33235774573371
8,101,24.15495157461316
8,102,21.188023586411088
8,103,19.910778216792163
8,104,18.136294953733127
8,105,17.77967879145304
8,106,20.952144251851912
8,107,20.39456737523448
8,108,22.140990121141012
8,109,22.70743684563567
8,110,19.269845925401537
8,111,18.720202310574294
8,112,14.815794591089551
8,113,14.78332759789664
8,114,13.909229245220962
8,115,14.077874910104486
8,116,15.904128852896081
8,117,17.213310447219044
8,118,20.428451951339294
8,119,22.083371721174803
8,120,25.67150820917256
8,121,26.973110082796033
8,122,30.29664107856438
8,123,31.31476302726145
9,1,25.531438927362032
9,2,22.21655992372348
9,3,19.371067471341487
9,4,16.242185725298214
9,5,12.922559452067585
9,6,9.51881080676537
9,7,6.507286547006639
9,8,3.8398806535994825
9,10,3.812064989671954
9,11,5.859707127699876
9,12,7.328491928989016
9,13,9.017972057918167
9,14,9.307137743234211
9,15,12.193400033662495
9,16,13.871976773717517
9,17,17.604318289268654
9,18,20.58183262362494
9,19,24.349437907247104
9,20,27.236359157341955
9,21,27.370916830590673
9,22,23.69411694754792
9,23,20.723880076090904
9,24,17.50784866105961
9,25,14.148483099307262
9,26,12.23976161106589
9,27,9.128418154116817
9,28,6.612069169738403
9,29,4.495702202456481
9,30,4.473226158096803
9,31,5.706933489754998
9,32,7.618514969586502
9,33,7.23777668257381
9,34,6.348952280062179
9,35,8.536853456239273
9,36,11.52637066894313
9,37,12.750796228302637
9,38,16.13547744009989
9,39,17.803757826121636
9,40,21.57720056219118
9,41,24.1224235091866
9,42,27.712356380620978
9,43,30.80526542617815
9,44,32.30635944163076
9,45,28.76778194590775
9,46,26.119781962571636
9,47,22.385324987168687
9,48,20.377846796728754
9,49,16.584480145525887
9,50,15.633121182244766
9,51,14.151280658008517
9,52,17.213885496202835
9,53,18.761548943792615
9,54,17.99289035671405
9,55,15.399307068622585
9,56,11.608149033234724
9,57,10.536170852521405
9,58,7.254924535484834
9,59,8.267025209656106
9,60,8.35382560996583
9,61,9.819614509208655
9,62,11.338193698450008
9,63,12.308149512941144
9,64,15.321800289242749
9,65,17.091539602056837
9,66,20.2116422465977
9,67,23.259487779654226
9,68,25.575869863433415
9,69,29.27432574673478
9,70,29.220397568622
9,71,29.46312259718883
9,72,27.661712424845014
9,73,30.243682369450905
9,74,27.973994701875245
9,75,24.28830548629907
9,76,22.663347131698213
9,77,19.27323395033116
9,78,18.785799954860387
9,79,16.915487478765158
9,80,18.19492312827238
9,81,19.498940872159178
9,82,23.02203639665845
9,83,23.24414495351193
9,84,26.63948623335545
9,85,28.896779224124156
9,86,26.21414447008568
9,87,25.872846952142144
9,88,23.348403699833874
9,89,22.43674160142378
9,90,22.268174227897553
9,91,20.618782412830026
9,92,23.386414904203125
9,93,24.893039287673687
9,94,24.10221904184323
9,95,20.281505942858328
9,96,20.252986896793203
9,97,22.605776097141874
9,98,24.191166081735478
9,99,25.946597108564944
9,100,28.013526372740532
9,101,25.160883800959684
9,102,21.864441447586085
9,103,20.191625095702648
9,104,17.823628684926422
9,105,16.692805388417796
9,106,19.42520909024542
9,107,18.336924265244562
9,108,19.612506343570903
9,109,20.464918352617673
9,110,17.244340172849302
9,111,16.346455120225542
9,112,12.479387605741524
9,113,13.051940089915064
9,114,13.158083557106576
9,115,14.142435297848108
9,116,16.538409748477125
9,117,18.012633097988502
9,118,21.552679016464726
9,119,23.371315201100067
9,120,27.111026008197538
9,121,28.541455454212738
9,122,32.004849862101224
9,123,33.27649651034162
10,1,28.867485716489284
10,2,25.671658008627244
10,3,22.689916379646988
10,4,19.660122778655136
10,5,16.157331052407933
10,6,12.796852209103339
10,7,10.02505251612047
10,8,6.760703875163178
10,9,3.812064989671954
10,11,3.7905832359636693
10,12,5.968624711656989
10,13,8.965718199365332
10,14,10.41341557589477
10,15,13.913172149186677
10,16,16.221556231576063
10,17,19.96950076493896
10,18,23.21361475999589
10,19,26.930097533297122
10,20,30.04874597998052
10,21,29.821703379515615
10,22,26.061721054376637
10,23,23.29273008141626
10,24,19.82162819205861
10,25,16.60965560599035
10,26,14.017416301395821
10,27,10.875068830279364
10,28,7.495447285596967
10,29,6.119267131261721
10,30,5.087548925001786
10,31,7.134687848857545
10,32,8.87289364708888
10,33,9.549588428599677
10,34,9.406135841281035
10,35,12.16103349335406
10,36,15.151630998601533
10,37,16.495247296905244
10,38,19.785657091915756
10,39,21.2360616888448
10,40,25.035691986974577
10,41,27.369353120700822
10,42,31.00047512321537
10,43,33.94373051458472
10,44,35.211951079497965
10,45,31.71886348940233
10,46,29.25946585229435
10,47,25.533744741690352
10,48,23.77376442223824
10,49,20.027858944898615
10,50,19.305505176931415
10,51,17.936328793425464
10,52,21.012116397195605
10,53,22.441840663778454
10,54,21.608544271892285
10,55,18.80344838339709
10,56,15.009616187701031
10,57,13.3891455567651
10,58,10.035140573820627
10,59,10.0383544985553
10,60,10.103991934155626
10,61,10.251953703030537
10,62,12.277485141315125
10,63,14.109701472181296
10,64,17.147959664276478
10,65,19.415860353505533
10,66,22.303048834457265
10,67,25.508271496002582
10,68,27.57339949427034
10,69,31.344854978304426
10,70,31.469227793392868
10,71,31.630176496014112
10,72,30.015515828880794
10,73,32.76791270457642
10,74,30.651142475138045
10,75,26.979109149910744
10,76,25.481140787545016
10,77,22.080639210155706
10,78,21.78538232369685
10,79,19.79134047702875
10,80,21.43153426218641
10,81,23.020005172308174
10,82,26.60820621933117
10,83,26.916110269394164
10,84,30.314161959758202
10,85,32.475002952393034
10,86,29.665372661600262
10,87,29.269108836192537
10,88,26.67579636748709
10,89,25.449451431101338
10,90,25.08385667408124
10,91,23.037720932483893
10,92,25.427691932626765
10,93,26.84005538587102
10,94,25.54682904846263
10,95,21.836287097728423
10,96,21.972033303554646
10,97,24.209798005455774
10,98,26.08491104335979
10,99,27.5991950086713
10,100,29.773442757819655
10,101,27.007142918034223
10,102,23.729962080569436
10,103,22.26862343595369
10,104,19.495162017194822
10,105,18.113820842595793
10,106,20.360390912238408
10,107,18.59722323955065
10,108,19.706930640315285
10,109,21.226542182757917
10,110,18.457119606949902
10,111,17.657977961647816
10,112,14.006846793881497
10,113,15.404805809000438
10,114,16.069346713225826
10,115,17.54621237046237
10,116,19.94205051580934
10,117,21.156887440826043
10,118,24.712092512770887
10,119,26.27686210300835
10,120,30.032794523366537
10,121,31.207406119225585
10,122,34.576991851931375
10,123,35.68937952180123
11,1,28.8773613638559
11,2,25.977527943057236
11,3,23.181117205608246
11,4,20.5715574119354
11,5,16.95672710642212
11,6,14.115361993682162
11,7,10.943792981939653
11,8,8.344574673353128
11,9,5.859707127699876
11,10,3.7905832359636693
11,12,3.7986977540091895
11,13,6.285343833578738
11,14,8.897207328987692
11,15,12.437942493257781
11,16,15.390553759563026
11,17,18.92488135906691
11,18,22.45670170156307
11,19,25.976491542255854
11,20,29.184576152807807
11,21,28.302551792559694
11,22,24.55748746388683
11,23,21.855356136298063
11,24,18.217726686837
11,25,15.088717493818407
11,26,11.926360180696344
11,27,8.809686505504487
11,28,5.1388790204574715
11,29,5.465216692172718
11,30,6.2145717421373625
11,31,9.530725196937833
11,32,12.102276455691216
11,33,12.7683285878204
11,34,12.092180586521161
11,35,14.201436305817927
11,36,16.833985649114606
11,37,17.41216128322765
11,38,20.329606950878667
11,39,21.141543611353384
11,40,24.87315885620193
11,41,26.79581651567537
11,42,30.366894691813805
11,43,33.02459518959936
11,44,33.75941459004856
11,45,30.409645711234436
11,46,28.1814189165071
11,47,24.549733042062737
11,48,23.182345215813903
11,49,19.618638025822055
11,50,19.47948620450824
11,51,18.805897418908252
11,52,22.243671579857068
11,53,23.92644356119535
11,54,22.60309166710942
11,55,19.927831517921323
11,56,16.146310488719628
11,57,14.984363665779586
11,58,11.237737922737233
11,59,10.140647422626667
11,60,8.9802663440819
11,61,7.94220935611502
11,62,9.567740784952534
11,63,11.837595655225229
11,64,14.728693764481314
11,65,17.441386201476583
11,66,20.108985467172996
11,67,23.497635255903816
11,68,25.469060785894968
11,69,29.26912435299395
11,70,29.366217745238433
11,71,29.31691182465743
11,72,27.846364939607913
11,73,30.74274049465313
11,74,28.84880592419571
11,75,25.26331844987622
11,76,24.078674739208438
11,77,20.857474877270796
11,78,21.1420810462692
11,79,19.531332167911636
11,80,21.70761535748779
11,81,23.34243711522985
11,82,27.090162012805255
11,83,27.894220922506033
11,84,31.488947187239475
11,85,33.43569383805019
11,86,30.505470542685504
11,87,29.63601545134877
11,88,26.687557949000446
11,89,25.257646821861847
11,90,24.323603652764525
11,91,21.930901667581455
11,92,24.011109818345645
11,93,24.981735467369184
11,94,23.405310960849313
11,95,19.832401756832102
11,96,19.708688824765538
11,97,21.619159151772266
11,98,23.58498365702612
11,99,24.82961369549664
11,100,27.065302155860344
11,101,24.442988285263684
11,102,21.190095207651453
11,103,19.951164669196935
11,104,16.929293730088553
11,105,15.610209280740385
11,106,17.634616732839156
11,107,15.692108974752328
11,108,17.18264869385522
11,109,19.034238670554803
11,110,16.53046928044804
11,111,16.43871051505278
11,112,12.973809625447787
11,113,15.059057865588311
11,114,15.621981049202754
11,115,17.66152141732581
11,116,19.607763756828057
11,117,20.191845251418535
11,118,23.656429937297673
11,119,24.80634591964543
11,120,28.537973942926396
11,121,29.411423894915703
11,122,32.67917040392018
11,123,33.727225678389544
12,1,27.329971618932163
12,2,24.683701369085004
12,3,21.691405116417233
12,4,19.411627225864166
12,5,15.629619234073145
12,6,13.234449803544154
12,7,10.630581054205708
12,8,8.0578554220507
12,9,7.328491928989016
12,10,5.968624711656989
12,11,3.7986977540091895
12,13,3.835630961874013
12,14,6.223676920923337
12,15,9.977310072878161
12,16,13.122539101909291
12,17,16.576019039843757
12,18,20.190912815635706
12,19,23.638585442110756
12,20,27.075241636368265
12,21,26.152007032617302
12,22,22.353218969050545
12,23,20.0580701724134
12,24,16.3275674202703
12,25,13.71702986495445
12,26,10.444694132558842
12,27,8.343952305636513
12,28,5.768010827708842
12,29,7.738855002318377
12,30,9.402597849420976
12,31,12.32989939908264
12,32,14.442466927241421
12,33,14.223119391915583
12,34,12.624754914565134
12,35,14.730131086793282
12,36,16.69144997061619
12,37,17.199749351101715
12,38,19.68857406111634
12,39,20.112156151808087
12,40,23.82678189635561
12,41,25.43256658548596
12,42,29.08920288304585
12,43,31.584354771280623
12,44,32.50170909425798
12,45,29.097158347672444
12,46,27.215412718518007
12,47,23.57905613207872
12,48,22.682343715296295
12,49,19.245161442195826
12,50,19.681094335820458
12,51,19.380182107108876
12,52,22.712888185958064
12,53,24.914490309769036
12,54,23.827242480676972
12,55,21.60981631993552
12,56,17.86288932738276
12,57,17.314612937275673
12,58,13.625352248795425
12,59,13.033272083192323
12,60,11.246017758975148
12,61,10.334023195093277
12,62,10.665606095229784
12,63,12.126338055633793
12,64,14.214959267112164
12,65,16.570593221928583
12,66,18.723879169574623
12,67,21.856495680823
12,68,23.370549225617864
12,69,27.152199817856804
12,70,27.69263994152825
12,71,28.04235917469533
12,72,27.019695063936894
12,73,30.195087063128824
12,74,28.684998275172834
12,75,25.292238365540957
12,76,24.611668852758985
12,77,21.738594147329785
12,78,22.465202609132014
12,79,21.38676970086757
12,80,23.37630684690121
12,81,24.47910316148965
12,82,28.158394713444437
12,83,28.917113201220772
12,84,32.48935697468877
12,85,34.67882217480441
12,86,32.00732072585679
12,87,31.065777319511685
12,88,28.024087166069993
12,89,26.985056981654377
12,90,25.866692351010077
12,91,23.684163187267224
12,92,25.920771690198308
12,93,26.47698114419764
12,94,25.11221747243586
12,95,21.587055366610226
12,96,20.81277450976838
12,97,22.18155931639277
12,98,23.649638578836885
12,99,24.40635041662668
12,100,26.174203633256962
12,101,23.239286876710057
12,102,20.364068997321123
12,103,19.771841060917605
12,104,17.11950573782566
12,105,16.622350938857764
12,106,18.953367767259827
12,107,17.374134866872772
12,108,19.48258183409273
12,109,21.281078077129557
12,110,18.705427282040702
12,111,19.133496812614275
12,112,15.609219413393667
12,113,17.419528836250237
12,114,17.235766753935703
12,115,18.894249912446117
12,116,20.28066330030556
12,117,20.425259057614255
12,118,23.579072941057845
12,119,24.29614171112737
12,120,27.884218624834677
12,121,28.369338129160983
12,122,31.401339843135787
12,123,32.04759352142196
13,1,24.984271142686598
13,2,22.649634258267803
13,3,19.95770212062991
13,4,18.18473141054435
13,5,14.538563800675394
13,6,12.924051381190077
13,7,10.252299387537178
13,8,8.99117629837171
13,9,9.017972057918167
13,10,8.965718199365332
13,11,6.285343833578738
13,12,3.835630961874013
13,14,3.8312165437547314
13,15,7.014155098157296
13,16,10.575112239183968
13,17,13.690170112274227
13,18,17.442201555664198
13,19,20.684995607014184
13,20,24.08793540920613
13,21,22.74018453220626
13,22,18.98764136905211
13,23,16.704614628824647
13,24,12.927815983527115
13,25,10.480301961176979
13,26,6.9254094790352605
13,27,5.564413383181865
13,28,4.636765748945724
13,29,8.069513540056118
13,30,10.977293538940573
13,31,14.071707039213342
13,32,16.584310538693618
13,33,15.99827317084872
13,34,13.848732495120467
13,35,15.063159720466496
13,36,16.438155806968
13,37,16.116542091388897
13,38,18.059661003620956
13,39,17.84181557427655
13,40,21.386080323104565
13,41,22.613604741993157
13,42,26.173664517795483
13,43,28.44159985528143
13,44,29.041143579186663
13,45,25.73298610569622
13,46,24.042702321989346
13,47,20.518719404746683
13,48,20.005819203694976
13,49,16.844996342953916
13,50,17.891163323938763
13,51,18.305322277900565
13,52,21.79115712195269
13,53,24.304648891348968
13,54,22.917649518246723
13,55,21.101632367472515
13,56,17.561566442791015
13,57,17.75659465883525
13,58,14.08216304148526
13,59,13.275135857578935
13,60,10.566047742811502
13,61,9.623861812731699
13,62,8.569264002248062
13,63,9.298804355274452
13,64,10.762358852661546
13,65,13.088434414881325
13,66,15.008476503906373
13,67,18.17473769833238
13,68,19.684951516952623
13,69,23.474721754828625
13,70,23.957738505779854
13,71,24.266450170689396
13,72,23.362489736121496
13,73,26.636217198531966
13,74,25.338612719219235
13,75,22.093078446989505
13,76,21.790362971678658
13,77,19.257548253855994
13,78,20.52180741806095
13,79,20.042251534935744
13,80,22.173453817993494
13,81,22.9912780156978
13,82,26.662254683799052
13,83,27.776751158873644
13,84,31.438561966811516
13,85,33.512654590333185
13,86,30.910873424792577
13,87,29.60274803988391
13,88,26.333475055172407
13,89,25.424283189559414
13,90,23.908110622204372
13,91,21.778882740927248
13,92,23.9882718367187
13,93,24.096997540056982
13,94,22.921433455495237
13,95,19.51934994710738
13,96,18.19151447614847
13,97,19.1339135452197
13,98,20.290632181652636
13,99,20.816612152418273
13,100,22.425235875823212
13,101,19.443026464322458
13,102,16.6701184103487
13,103,16.373641710743975
13,104,13.937581522344201
13,105,14.046880478000382
13,106,16.611320805510402
13,107,15.580879316454123
13,108,18.26167494083834
13,109,19.772526626741083
13,110,17.156918832800464
13,111,18.23437466744681
13,112,14.87983911800412
13,113,16.606604854872014
13,114,15.822529921784456
13,115,17.52526307909244
13,116,18.263919209523564
13,117,17.800755593818145
13,118,20.69696327106026
13,119,21.032131782242285
13,120,24.52883459678783
13,121,24.79419618652596
13,122,27.742700433443176
13,123,28.352591639182112
14,1,21.515310181164352
14,2,19.203559211773516
14,3,16.361448893425035
14,4,14.751528875141169
14,5,11.113653432432868
14,6,10.037876086309245
14,7,8.122968466985608
14,8,7.687040869404139
14,9,9.307137743234211
14,10,10.41341557589477
14,11,8.897207328987692
14,12,6.223676920923337
14,13,3.8312165437547314
14,15,3.7922006486700157
14,16,6.990055667818212
14,17,10.353767729120433
14,18,13.999461238072122
14,19,17.417008052191402
14,20,20.863051621469356
14,21,20.064963790576893
14,22,16.247826730089933
14,23,14.06080050787962
14,24,10.388971833059687
14,25,8.23260228034648
14,26,5.6178704635810774
14,27,5.6303876137291455
14,28,6.442626213792759
14,29,9.298914208992684
14,30,12.35724849109118
14,31,14.74176336806297
14,32,16.782931154319165
14,33,15.334091352710868
14,34,12.452529898129226
14,35,13.237739942088076
14,36,13.86009727804738
14,37,13.45773122872531
14,38,15.036282436682566
14,39,14.735860211167596
14,40,18.295134168741104
14,41,19.55199683864744
14,42,23.22023311276212
14,43,25.60443335422529
14,44,26.77211476957095
14,45,23.292380095355885
14,46,21.63384098028757
14,47,18.029410701595644
14,48,17.609070327751212
14,49,14.48005782512061
14,50,15.756605073487629
14,51,16.298297788610782
14,52,19.49755647885544
14,53,22.392369194158604
14,54,21.380164271644464
14,55,20.073439975366576
14,56,16.729040374090697
14,57,17.536756137483426
14,58,14.238911960875395
14,59,14.336503885501811
14,60,11.756875315421333
14,61,11.929062881315629
14,62,10.415692545969412
14,63,9.765613645236682
14,64,10.561343824043187
14,65,11.805533859334426
14,66,13.58988837051039
14,67,16.306473879238446
14,68,17.72390278285247
14,69,21.462865669485545
14,70,22.16890139723289
14,71,22.97647381162397
14,72,22.19699538322985
14,73,25.48223134360601
14,74,24.261900232380555
14,75,21.12968953941964
14,76,20.997306961278085
14,77,18.701220879252656
14,78,19.947327648908733
14,79,19.818499506652767
