1,2,3.932375689432272
1,3,6.908911338914456
1,4,10.542507389396825
1,5,13.226152102814387
1,6,16.93551494039258
1,7,18.93925563941681
1,8,22.29111906051314
1,9,25.449555768831736
1,10,28.727354221453837
1,11,28.722121378616496
1,12,27.09657783371575
1,13,24.71992613076296
1,14,21.23149982532262
1,15,17.978201595323423
1,16,14.34108364473181
1,17,12.07776622704483
1,18,8.71637230064192
1,19,8.413935974342678
1,20,6.92659086955698
1,21,9.530757267947928
1,22,12.593501421098903
1,23,14.407146740656621
1,24,12.127866631295632
1,25,13.518299696204252
1,26,11.684433777017087
1,27,11.431517993669834
1,28,11.298675608943086
1,29,13.835519197836403
1,30,15.513302205584035
1,31,19.157925687904942
1,32,21.477848244077414
1,33,24.670540976589514
1,34,25.61772810598661
1,35,28.34309980299987
1,36,28.327681991819688
1,37,29.21558664374207
1,38,26.048163931755496
1,39,22.726629633975925
1,40,20.070672359669153
1,41,16.656696400197713
1,42,14.177385494643042
1,43,10.448701012495833
1,44,8.257631764796777
1,45,5.622868432140099
1,46,5.051065890139148
1,47,6.464724195212586
1,48,9.3017696411721
1,49,12.676450551544683
1,50,14.413877448580946
1,51,16.770356534538564
1,52,14.045666938017172
1,53,16.333988660980115
1,54,14.42240574128378
1,55,11.371592471931526
1,56,10.423784529973265
1,57,9.640087966573388
1,58,10.546400387712422
1,59,12.061034777681714
1,60,14.067903453056536
1,61,16.2862528597302
1,62,15.712752353153828
1,63,22.376725404442247
1,64,22.26701410665347
1,65,25.66554523019107
1,66,25.286237162128295
1,67,27.40391597906666
1,68,25.517048659491024
1,69,27.997620416762196
1,70,25.525631148231504
1,71,21.990172782415566
1,72,20.293482746465273
1,73,16.833935173871588
1,74,16.702006953459577
1,75,14.94380393729079
1,76,15.864955823051373
1,77,16.689538821710812
1,78,16.90527119942007
1,79,19.42814930814778
1,80,18.974451399012843
1,81,20.297370718247596
1,82,19.758217294970358
1,83,19.007292025201036
1,84,19.94193506306377
1,85,20.48241632484493
1,86,21.536650660074077
1,87,23.803044545173382
1,88,23.49808337583541
1,89,25.346339079675545
1,90,24.50975369307276
1,91,25.91194446592053
1,92,29.26461836735224
1,93,29.049805657445503
1,94,31.12331311037537
1,95,28.68826436931206
1,96,26.1027157250279
1,97,26.028396314219485
1,98,23.729578696330737
1,99,24.24713803852843
1,100,23.060667533107406
1,101,20.100118396957694
1,102,20.136040793648277
1,103,20.537198881743105
1,104,22.917611477540248
1,105,25.523629180359563
1,106,29.090144761805306
1,107,31.417255983070874
1,108,34.18577404256192
1,109,32.68544612113058
1,110,29.35267563850499
1,111,30.198116832088658
1,112,27.839959645736602
1,113,25.755026430470046
1,114,22.035175154232423
1,115,19.499805779797725
1,116,17.000159555489965
1,117,16.099192182314773
1,118,14.68790288989335
1,119,14.643510336622823
1,120,14.951544747722867
1,121,15.795012958825096
1,122,17.43825883056597
1,123,17.777207976234738
2,1,3.932375689432272
2,3,3.8186168861936483
2,4,6.967166514992131
2,5,10.044310177612623
2,6,13.605040638840553
2,7,15.739086727515081
2,8,19.177779111530107
2,9,22.29390960008055
2,10,25.717659599858518
2,11,26.04160167896302
2,12,24.709082278798327
2,13,22.66320969815906
2,14,19.19747202942031
2,15,16.346859410759276
2,16,12.7438373260414
2,17,11.478941511918817
2,18,8.96577130726126
2,19,10.248634984949305
2,20,9.972934003882141
2,21,13.104939006996084
2,22,16.24229868427017
2,23,17.65276829008403
2,24,14.944126977184455
2,25,16.44878516355126
2,26,14.037808630595016
2,27,12.808977502933688
2,28,11.598220296284563
2,29,13.266825324420081
2,30,14.008795968175399
2,31,17.523541552132354
2,32,19.283418908624125
2,33,22.18422191548846
2,34,22.69998809079241
2,35,25.156448319237832
2,36,24.845524520952555
2,37,25.55445675481007
2,38,22.354332225034923
2,39,19.150943070461306
2,40,16.34980130765014
2,41,12.872106070008623
2,42,10.506188372515284
2,43,6.814066955954903
2,44,5.647593121243932
2,45,4.1641249036284345
2,46,6.320165212683436
2,47,8.798602099051427
2,48,12.284774453950671
2,49,15.563732259973758
2,50,17.673772205073497
2,51,20.130989720685708
2,52,17.435012792733986
2,53,19.291583124236663
2,54,16.864959350815653
2,55,13.500237382338367
2,56,11.530551150325408
2,57,9.671808726574547
2,58,9.19454081168647
2,59,9.714553559647113
2,60,11.008271150971362
2,61,12.724618003292747
2,62,12.031863584641
2,63,18.88873440194668
2,64,18.731210077889727
2,65,22.053551527694648
2,66,21.86729124863393
2,67,24.254738391890093
2,68,22.716075622814962
2,69,25.47439558956282
2,70,23.38531189229272
2,71,20.03946059966195
2,72,18.967565233051495
2,73,15.853690112238903
2,74,16.596013051113303
2,75,15.706156547156933
2,76,17.273274344413267
2,77,18.814913154405424
2,78,18.790480187181075
2,79,20.874324478648035
2,80,19.85998909260595
2,81,21.28562964906658
2,82,20.08981494758721
2,83,18.647289841280433
2,84,18.880036392859896
2,85,18.74634593082886
2,86,19.285547053394588
2,87,21.10011940499761
2,88,20.539871607069227
2,89,22.986802418589086
2,90,22.524666295651112
2,91,23.8758049798154
2,92,27.434937090205338
2,93,27.680564209379106
2,94,29.612712663004405
2,95,26.883771377624463
2,96,24.677977226049027
2,97,25.1514432696858
2,98,23.348149778296527
2,99,24.350928747429094
2,100,23.77262840496065
2,101,20.697698510470044
2,102,19.99217518079683
2,103,19.788215794740477
2,104,21.700980005306427
2,105,23.851318696875126
2,106,27.54241359605525
2,107,29.63965613000714
2,108,32.176810352034444
2,109,30.6980694195214
2,110,27.173324344061484
2,111,27.62803414406676
2,112,25.08240110243605
2,113,22.833544034450487
2,114,19.232212745605374
2,115,16.477871071556898
2,116,14.48234625049274
2,117,14.322619583544384
2,118,13.720596778496231
2,119,14.585384497468894
2,120,15.757748304849658
2,121,17.218311201180555
2,122,19.52636726809613
2,123,20.32695797318768
3,1,6.908911338914456
3,2,3.8186168861936483
3,4,3.787333853960522
3,5,6.626882641756137
3,6,10.309146795540242
3,7,12.861947779470674
3,8,16.011335296771286
3,9,19.369707249996445
3,10,22.672855732673447
3,11,23.207819295855636
3,12,21.70839452630691
3,13,19.98215563949921
3,14,16.378049952948135
3,15,13.857846562844896
3,16,10.240814930028597
3,17,9.79241132204927
3,18,8.06607866394731
3,19,10.51519812981085
3,20,11.538294252445624
3,21,15.081416588989274
3,22,17.907232795137425
3,23,18.5691235226616
3,24,15.603267450710861
3,25,17.62757681577285
3,26,15.156310820283354
3,27,13.087481066925454
3,28,11.668550166983117
3,29,12.283623407736318
3,30,12.609555731305848
3,31,15.665801838248628
3,32,17.209344978851984
3,33,19.779908292309866
3,34,20.293633364513784
3,35,22.617246001202872
3,36,22.3095850871074
3,37,22.837090749022817
3,38,19.489526706621405
3,39,16.082061535046638
3,40,13.718784934608866
3,41,10.225398935918484
3,42,8.542097786906686
3,43,5.62715270288144
3,44,5.449456560246751
3,45,6.513131329843844
3,46,8.889695706471846
3,47,12.038779685159255
3,48,15.369694663854922
3,49,18.876110394263094
3,50,21.092610560401447
3,51,23.27074178100268
3,52,20.26005439324729
3,53,21.954011206105694
3,54,19.602586583236853
3,55,16.011796570298756
3,56,14.050371974330334
3,57,11.41018019840417
3,58,10.680254982177262
3,59,9.802100231916897
3,60,10.855051254476267
3,61,11.876167577762457
3,62,11.674526700710162
3,63,18.24676357478012
3,64,17.431886121151656
3,65,20.36518815487898
3,66,19.86253845063472
3,67,22.375029816178056
3,68,20.921430732805913
3,69,23.604279628422038
3,70,21.753564226100906
3,71,18.71880868743841
3,72,18.035892558196256
3,73,15.406195453062347
3,74,16.458092989718526
3,75,16.184547233530044
3,76,17.662443694672067
3,77,19.75978414544133
3,78,20.143649512110986
3,79,22.249707554053614
3,80,21.327229701753314
3,81,23.24808612960074
3,82,21.973266820286348
3,83,20.033646653875262
3,84,20.058405350411604
3,85,19.29563622902637
3,86,19.73889551364952
3,87,20.997750292671828
3,88,20.59471946031134
3,89,23.72672890391233
3,90,23.32126599508548
3,91,24.195809387617953
3,92,27.81483854661625
3,93,28.244476731642717
3,94,29.737452741995277
3,95,26.686985992644214
3,96,24.63716220390309
3,97,25.3325804897126
3,98,23.94701719705895
3,99,24.909025641071914
3,100,24.598598283414418
3,101,21.22145090924551
3,102,20.147988974028745
3,103,19.94179967895638
3,104,21.256503426485096
3,105,23.1690366314444
3,106,26.95089264064829
3,107,28.602273858218688
3,108,31.153550276164605
3,109,30.059959617722672
3,110,26.426691481993203
3,111,26.75623966977819
3,112,23.819066624587283
3,113,21.865586044294066
3,114,18.501255837320503
3,115,16.026534195418147
3,116,14.723381456508454
3,117,14.863282723718894
3,118,15.166106153416665
3,119,16.14252807572433
3,120,17.955533208106946
3,121,19.210715167750603
3,122,21.69691926577714
3,123,22.28846856351062
4,1,10.542507389396825
4,2,6.967166514992131
4,3,3.787333853960522
4,5,3.8311422557829427
4,6,7.008845288440655
4,7,9.86147933862221
4,8,12.95477204934896
4,9,16.265704505124916
4,10,19.67376119919387
4,11,20.625718818630038
4,12,19.469036772419678
4,13,18.243229396070195
4,14,14.80671718182692
4,15,13.039446897457188
4,16,9.926803587868163
4,17,10.873090467617613
4,18,10.402431257756165
4,19,13.51836155347924
4,20,15.006020777235033
4,21,18.664057516446334
4,22,21.52963563851775
4,23,21.96852647723721
4,24,18.819554403637174
4,25,20.795702443854502
4,26,18.05353559328001
4,27,15.491555171041105
4,28,13.432437568559097
4,29,13.081181987383994
4,30,12.321257793818706
4,31,14.822072472661748
4,32,15.56902251795289
4,33,17.60463680319874
4,34,17.59764292394242
4,35,19.534728076201684
4,36,18.90149168827189
4,37,19.18878562285384
4,38,15.776560613372771
4,39,12.448381365999595
4,40,10.06397170865735
4,41,6.506742704223781
4,42,5.586549216943051
4,43,4.250584546659636
4,44,6.302126895730553
4,45,8.734369830841008
4,46,11.796243597084077
4,47,15.095526688707038
4,48,18.601667986574043
4,49,22.016543689641836
4,50,24.446909593268007
4,51,26.64216036372694
4,52,23.645293610621582
4,53,25.046185222797234
4,54,22.426206729237354
4,55,18.753933049205006
4,56,16.331505366580288
4,57,13.22794639122908
4,58,11.604305106314236
4,59,9.557010973977324
4,60,9.535850844234787
4,61,9.467016567379847
4,62,9.489915029324509
4,63,15.63415883886955
4,64,14.502837838120797
4,65,17.126975908490714
4,66,16.723902078785073
4,67,19.52797716844068
4,68,18.51680416153154
4,69,21.409913115951007
4,70,20.0830234822773
4,71,17.4595234980572
4,72,17.550858461879713
4,73,15.560402058372647
4,74,17.360827627591657
4,75,17.881580913042434
4,76,19.74853967781941
4,77,22.29231528117163
4,78,22.50581786588119
4,79,24.22309810884818
4,80,22.934251844785127
4,81,24.922541003277804
4,82,23.207889486910556
4,83,20.74879883675074
4,84,20.16743088503143
4,85,18.710623335104795
4,86,18.63837294062483
4,87,19.232565969058662
4,88,18.669427857312307
4,89,22.44925733273016
4,90,22.394791817506196
4,91,23.050385656581167
4,92,26.754315510724556
4,93,27.61867324642894
4,94,28.84584617978098
4,95,25.534586467786756
4,96,23.93597557940628
4,97,25.144463813520865
4,98,24.31561303819907
4,99,25.64044242910124
4,100,25.87167827932681
4,101,22.500756197443543
4,102,20.81931980260645
4,103,20.100063596801615
4,104,20.800242095878787
4,105,22.14335403033476
4,106,25.93976806481296
4,107,27.233745910588308
4,108,29.51175587986646
4,109,28.54785477958708
4,110,24.791208718190116
4,111,24.701170351401952
4,112,21.53692331598628
4,113,19.561803831260004
4,114,16.530213110843547
4,115,14.074447239037315
4,116,13.65938341810732
4,117,14.581341296197536
4,118,15.77613322018115
4,119,17.371652546209678
4,120,19.76224110587608
4,121,21.342283191204576
4,122,24.200874324726648
4,123,25.074308511595422
5,1,13.226152102814387
5,2,10.044310177612623
5,3,6.626882641756137
5,4,3.8311422557829427
5,6,3.785499193637627
5,7,6.598806057118135
5,8,9.430982306197196
5,9,12.913082972571171
5,10,16.147519664588604
5,11,16.998093350411008
5,12,15.681888897699196
5,13,14.598913207612021
5,14,11.175415633236785
5,15,9.882463447771624
5,16,7.335860470692204
5,17,9.473344577659427
5,18,10.345069086452844
5,19,14.010500089676382
5,20,16.31406766598123
5,21,20.12805297150508
5,22,22.869315692535352
5,23,22.758184442500045
5,24,19.354853932988515
5,25,21.333020296649718
5,26,18.452291014195243
5,27,15.314995930323654
5,28,13.018674694195235
5,29,11.597359550474769
5,30,10.256080801108478
5,31,11.994614250731091
5,32,12.471804881702749
5,33,14.218105731499632
5,34,14.43031861138908
5,35,16.48006084125644
5,36,16.251903705967052
5,37,16.792138102919232
5,38,13.50797167538573
5,39,9.864143425859009
5,40,8.234610259463638
5,41,5.592587788088964
5,42,5.340629223245679
5,43,5.98480229531568
5,44,7.536939829312432
5,45,10.916571110430754
5,46,13.621949472811227
5,47,17.257999040289594
5,48,20.558760842910974
5,49,24.09770399535713
5,50,26.789592050583757
5,51,28.595886432870227
5,52,25.334404639751995
5,53,26.361960552688252
5,54,23.772125882753425
5,55,20.007049578478426
5,56,17.672171870464688
5,57,14.157208915558485
5,58,12.694767805502664
5,59,9.822150131678537
5,60,10.032717136407284
5,61,9.770733340479035
5,62,11.064383068315125
5,63,15.589311907690146
5,64,13.568131652987585
5,65,15.68641167067246
5,66,14.542517779443122
5,67,17.084967930478943
5,68,15.880345583094346
5,69,18.47863756009453
5,70,17.26574881679928
5,71,15.010069978995139
5,72,15.4343657617518
5,73,14.10200521962616
5,74,16.12716468756948
5,75,17.29814567200619
5,76,19.15335005989575
5,77,22.150229811753835
5,78,22.53821512703776
5,79,24.082349390852773
5,80,22.871527088950998
5,81,25.277027077553992
5,82,23.58919733222713
5,83,20.790892705042726
5,84,20.1949879755465
5,85,18.32091195096881
5,86,18.46325486393953
5,87,18.66476838624033
5,88,18.67747220077194
5,89,22.687666540743514
5,90,22.368644271196125
5,91,22.386816156478478
5,92,25.949403321696565
5,93,26.786384431386267
5,94,27.5193376482013
5,95,24.026814490645098
5,96,22.5027547442006
5,97,23.78128920537437
5,98,23.351156722414913
5,99,24.562695960795697
5,100,25.070819153430076
5,101,21.578042716978842
5,102,19.579011397226697
5,103,18.9011751217513
5,104,18.995523320786244
5,105,20.128229926991768
5,106,23.884682441903806
5,107,24.75887963810577
5,108,27.101501459191102
5,109,26.558711680605786
5,110,22.84042896944989
5,111,22.85024633513523
5,112,19.417870050878687
5,113,18.010081831364605
5,114,15.296381060075444
5,115,13.614454096123685
5,116,13.693882309642081
5,117,14.461405244568969
5,118,16.326270180037586
5,119,17.74487589412763
5,120,20.58819209137411
5,121,21.894874417989048
5,122,24.878061980315163
5,123,25.65504199581186
6,1,16.93551494039258
6,2,13.605040638840553
6,3,10.309146795540242
6,4,7.008845288440655
6,5,3.785499193637627
6,7,3.786146108667578
6,8,6.0446635221550755
6,9,9.505777597973639
6,10,12.78178271700924
6,11,14.14167249080213
6,12,13.26719345641063
6,13,12.955431292944864
6,14,10.06420145932898
6,15,10.11304616560643
6,16,8.889610132069846
6,17,11.963571815812603
6,18,13.606874882392928
6,19,17.392754993268348
6,20,19.896379948574797
6,21,23.72842060706027
6,22,26.467855372081917
6,23,26.180714228094377
6,24,22.69725914324031
6,25,24.587918871209734
6,26,21.588104994878613
6,27,18.222363873972775
6,28,15.641535258321314
6,29,13.527867254026418
6,30,11.307299824273965
6,31,11.976308702799278
6,32,11.337858245035475
6,33,12.11511744843882
6,34,11.701955048571904
6,35,13.225794410163948
6,36,12.777986904769266
6,37,13.145839670935326
6,38,9.885701361905223
6,39,6.158890186439175
6,40,5.314336529395263
6,41,4.303068956750339
6,42,5.866215407322001
6,43,8.403813612141153
6,44,10.535273413699715
6,45,14.137139325848688
6,46,17.001419573566267
6,47,20.644861820118056
6,48,23.98021832866877
6,49,27.442425827312338
6,50,30.282271066069093
6,51,32.04093945720511
6,52,28.77812057409073
6,53,29.55999832384252
6,54,26.832509875661945
6,55,23.078041201394306
6,56,20.540368208311122
6,57,16.87169193700472
6,58,15.009591503853274
6,59,11.583041375931403
6,60,10.99668181158637
6,61,9.723291714766845
6,62,11.534438173312726
6,63,14.428468362078148
6,64,11.789689168588398
6,65,13.124291315396356
6,66,11.74227000290654
6,67,14.4362433699128
6,68,13.741629052544097
6,69,16.363865760699966
6,70,15.863751941435833
6,71,14.353935578005945
6,72,15.658278759625217
6,73,15.212151404631248
6,74,17.74298287208858
6,75,19.554798508802538
6,76,21.60484360039165
6,77,24.87256209524751
6,78,25.146165732041126
6,79,26.337886320402053
6,80,24.903694192530445
6,81,27.362100027179796
6,82,25.402553794597257
6,83,22.248158535939524
6,84,21.201301824506977
6,85,18.74341913302592
6,86,18.489559675098004
6,87,17.929286199537255
6,88,18.001032564157793
6,89,22.479723980344385
6,90,22.397444333961968
6,91,22.023877194619956
6,92,25.49598211205215
6,93,26.691401924979935
6,94,27.020584040722245
6,95,23.331365130422494
6,96,22.312235812502003
6,97,24.03015220243892
6,98,24.19986599308227
6,99,25.648688644139522
6,100,26.64111332128692
6,101,23.254879664001535
6,102,20.78927508962444
6,103,19.719937259040723
6,104,19.09433704146484
6,105,19.55110649092534
6,106,23.161697371792574
6,107,23.519914750556254
6,108,25.54737842876195
6,109,25.285194348526474
6,110,21.560575231938433
6,111,21.172451427403292
6,112,17.50333775167029
6,113,16.368159454776553
6,114,14.315585948768936
6,115,13.12360220545454
6,116,14.202732065905732
6,117,15.503132249669104
6,118,18.050915615886094
6,119,19.790788468913647
6,120,22.98386950521226
6,121,24.43021177347343
6,122,27.61583626154514
6,123,28.562289542877423
7,1,18.93925563941681
7,2,15.739086727515081
7,3,12.861947779470674
7,4,9.86147933862221
7,5,6.598806057118135
7,6,3.786146108667578
7,8,3.85108290431901
7,9,6.556549055563174
7,10,10.061730634629795
7,11,10.992032942091186
7,12,10.66933565892633
7,13,10.266392315850622
7,14,8.110787648996517
7,15,8.898273551911746
7,16,8.945513090044933
7,17,12.418286410401409
7,18,14.793998380157984
7,19,18.587577466468396
7,20,21.225410149161515
7,21,25.035113271032746
7,22,27.922475920591488
7,23,27.571167878571806
7,24,23.889337022585835
7,25,25.335521707953355
7,26,22.069347856245273
7,27,18.53689267716562
7,28,15.54063907663748
7,29,12.893735055835965
7,30,9.865768601620129
7,31,9.71202888659673
7,32,8.155339430231829
7,33,8.580304220003873
7,34,7.990957775720761
7,35,9.89390549788008
7,36,10.075939251014692
7,37,11.39247907257306
7,38,8.948388498618531
7,39,5.720727660865731
7,40,5.196345842568132
7,41,6.2362039985716375
7,42,6.77329600275339
7,43,9.821190738536107
7,44,11.511584460302515
7,45,15.307356932918973
7,46,18.020378623687105
7,47,21.66605533480469
7,48,24.880444197811293
7,49,28.2064696840054
7,50,31.346432549195335
7,51,32.84939014735117
7,52,29.5733058961827
7,53,29.86829534661528
7,54,26.990081589373897
7,55,23.315159862134493
7,56,20.652556742401007
7,57,16.87377504300409
7,58,14.908692393732638
7,59,11.152751173237878
7,60,10.556075917373356
7,61,9.44804528269976
7,62,12.300045795505257
7,63,13.209250694253166
7,64,9.962851489318975
7,65,10.965450906214716
7,66,8.766084389986036
7,67,10.956540028346877
7,68,10.017970741036327
7,69,12.586203141105177
7,70,12.287333219779766
7,71,11.18660761860019
7,72,13.10619209119116
7,73,13.431449872714497
7,74,16.397287468877536
7,75,18.834413762319453
7,76,21.209196522291744
7,77,24.715237805137182
7,78,24.687635784511762
7,79,25.385418017975574
7,80,23.71926609583084
7,81,26.240930061602324
7,82,24.11922956989258
7,83,20.69500191593694
7,84,19.43778208741431
7,85,16.626292039080322
7,86,16.454118147111057
7,87,15.569219280454806
7,88,16.251202714967153
7,89,20.61952304409852
7,90,20.29167735852193
7,91,19.40038756119339
7,92,22.668048782290285
7,93,23.899589508376497
7,94,23.879683667344658
7,95,20.119887861687957
7,96,19.330941487268337
7,97,21.266683900282466
7,98,21.898402563074182
7,99,23.51303749582479
7,100,24.953265465473102
7,101,21.771675599984217
7,102,18.8902365657092
7,103,17.487122046405492
7,104,16.300650244698726
7,105,16.312807125937912
7,106,19.795414619664335
7,107,19.919011352112573
7,108,21.84932581263875
7,109,21.737069673691973
7,110,18.0671075422335
7,111,17.71824881356625
7,112,13.970243455741551
7,113,13.275643532822523
7,114,11.58794663845921
7,115,11.290190784953325
7,116,12.777269652457376
7,117,14.019080150750371
7,118,17.092621344514228
7,119,18.87881809542428
7,120,22.389778775013095
7,121,23.865212322586864
7,122,27.242460808325458
7,123,28.43195932753663
8,1,22.29111906051314
8,2,19.177779111530107
8,3,16.011335296771286
8,4,12.95477204934896
8,5,9.430982306197196
8,6,6.0446635221550755
8,7,3.85108290431901
8,9,3.82677367593069
8,10,6.755789140722943
8,11,8.368367381395853
8,12,8.069823502028187
8,13,8.990116273855639
8,14,7.662262591959526
8,15,9.91243627024611
8,16,10.948605379334
8,17,14.708182592890909
8,18,17.44341391948655
8,19,21.26593551099213
8,20,24.21930984183357
8,21,28.02328664648994
8,22,30.674075613136445
8,23,29.95254817750489
8,24,26.31817863549841
8,25,27.94403548261634
8,26,24.838268037240553
8,27,21.15387216111945
8,28,18.396574524823734
8,29,15.332863865404837
8,30,12.365253064444408
8,31,11.101404924925292
8,32,8.965232398222465
8,33,7.8398562049453195
8,34,7.060581225590797
8,35,8.144065595925015
8,36,8.621459988925361
8,37,9.68790028780091
8,38,7.66939455710372
8,39,4.917968289135853
8,40,6.900720495142887
8,41,8.940496979790819
8,42,10.426661958712371
8,43,13.53545101169397
8,44,15.180206514616888
8,45,18.99320864402976
8,46,21.55233045046359
8,47,25.260288628075383
8,48,28.368397673794576
8,49,31.770574996108376
8,50,34.892663474988694
8,51,36.26631035673668
8,52,32.87254326174002
8,53,33.12721649852376
8,54,30.384087808181413
8,55,26.714704554095366
8,56,24.224975509866198
8,57,20.427368798783338
8,58,18.655950240039463
8,59,14.902389068981178
8,60,14.312693324485972
8,61,12.905795985445037
8,62,15.632154172201584
8,63,15.679526178480355
8,64,12.10965618051896
8,65,11.917221830469568
8,66,9.21731214089693
8,67,10.96532490411873
8,68,10.443689502303945
8,69,12.27277818974794
8,70,12.715840952936938
8,71,12.670034847806125
8,72,14.969522212379243
8,73,15.995968318567337
8,74,18.806277749345625
8,75,21.47615424534824
8,76,23.570095624531994
8,77,27.201034659648894
8,78,27.437221361367126
8,79,28.120803079343702
8,80,26.637544880826617
8,81,29.358563575334216
8,82,27.335163654300445
8,83,23.84309368570424
8,84,22.591489932844336
8,85,19.60409931651814
8,86,19.407594319500745
8,87,18.05626443258496
8,88,18.90313252925369
8,89,23.393622231403135
8,90,23.103988778190867
8,91,21.789786446487437
8,92,24.77750743287583
8,93,26.083145136909653
8,94,25.55308549636706
8,95,21.744052207394642
8,96,21.251745899800195
8,97,23.247180914923167
8,98,24.266519800522904
8,99,25.707080608268857
8,100,27.292828066602205
8,101,24.11363448475943
8,102,21.171583369542937
8,103,19.91535800520227
8,104,18.159082395180317
8,105,17.761635446864616
8,106,20.90641761264744
8,107,20.315202358674764
8,108,22.066329458700412
8,109,22.56229248910165
8,110,19.125413071305875
8,111,18.634373235843373
8,112,14.744667955851211
8,113,14.82237746528132
8,114,13.98979920944662
8,115,14.330743106418195
8,116,16.214849511788746
8,117,17.41910829774321
8,118,20.632810025148608
8,119,22.250360140347155
8,120,25.819435926412797
8,121,27.068237259810708
8,122,30.369315975015713
8,123,31.368179785040333
9,1,25.449555768831736
9,2,22.29390960008055
9,3,19.369707249996445
9,4,16.265704505124916
9,5,12.913082972571171
9,6,9.505777597973639
9,7,6.556549055563174
9,8,3.82677367593069
9,10,3.7861317434602006
9,11,5.856889331704306
9,12,7.302529453787429
9,13,9.000516812438836
9,14,9.268355161000459
9,15,12.116095052505626
9,16,13.855709774040603
9,17,17.595886785069855
9,18,20.562134821920168
9,19,24.324846016467568
9,20,27.24539442085216
9,21,31.009365166859013
9,22,33.77134697092163
9,23,33.07046064157281
9,24,29.35359483405626
9,25,30.683693113472476
9,26,27.42772613216096
9,27,23.7324473092575
9,28,20.746019894035065
9,29,17.516376110695703
9,30,14.160543850839636
9,31,12.25525522440481
9,32,9.146264389677881
9,33,6.62946530547165
9,34,4.5179861849867535
9,35,4.468111480903504
9,36,5.656175714448002
9,37,7.626275658620802
9,38,7.228115835134904
9,39,6.385634758982311
9,40,8.560570522819898
9,41,11.521694803585714
9,42,12.83139370364831
9,43,16.211633729701955
9,44,17.874933750940514
9,45,21.665905180343042
9,46,24.244638155225946
9,47,27.866363618213487
9,48,30.942393816596255
9,49,34.183849841512014
9,50,37.47710514141217
9,51,38.75592845738754
9,52,35.42964212207561
9,53,35.36302085017668
9,54,32.482106635332656
9,55,28.92469352614305
9,56,26.29209247547796
9,57,22.52776159398145
9,58,20.560883414037228
9,59,16.750868977525723
9,60,15.846298941976315
9,61,14.260218122811471
9,62,17.285285633190323
9,63,15.54703990010698
9,64,11.756756755602611
9,65,10.571861646977476
9,66,7.3396925406692874
9,67,8.266631270635123
9,68,8.38995384718333
9,69,9.84775421363315
9,70,11.350045593769778
9,71,12.361362040329649
9,72,15.366828841478133
9,73,17.13889401371556
9,74,20.225053356365308
9,75,23.2977149698064
9,76,25.623423469379382
9,77,29.34558975380416
9,78,29.298998043559056
9,79,29.53365653871607
9,80,27.803894268877183
9,81,30.43134126267999
9,82,28.201238801783855
9,83,24.532535724074343
9,84,22.94897123296604
9,85,19.640023862282007
9,86,19.215146418101686
9,87,17.287800504726125
9,88,18.43182236957312
9,89,22.841312121259197
9,90,22.60957753449491
9,91,20.85634083332553
9,92,23.503654389976163
9,93,25.05243151480926
9,94,24.08863583089845
9,95,20.28489632401133
9,96,20.37635891986403
9,97,22.725015132384886
9,98,24.324116873552125
9,99,25.996528953440027
9,100,28.047749711284613
9,101,25.186955854115208
9,102,21.91873569448193
9,103,20.275027676048104
9,104,17.927845940516555
9,105,16.757815542842238
9,106,19.464632944323874
9,107,18.338993575389946
9,108,19.60895310309906
9,109,20.38944027853739
9,110,17.171704513428054
9,111,16.341888615706875
9,112,12.493426315577404
9,113,13.199877916689356
9,114,13.351777683180865
9,115,14.495407997937846
9,116,16.917093058580555
9,117,18.300061733338524
9,118,21.83999678067486
9,119,23.615497966910738
9,120,27.343187755834045
9,121,28.713139197069076
9,122,32.1473419179792
9,123,33.38840463914364
10,1,28.727354221453837
10,2,25.717659599858518
10,3,22.672855732673447
10,4,19.67376119919387
10,5,16.147519664588604
10,6,12.78178271700924
10,7,10.061730634629795
10,8,6.755789140722943
10,9,3.7861317434602006
10,11,3.808451630930709
10,12,5.9574194854920925
10,13,8.958681010513242
10,14,10.38389255325576
10,15,13.861810761466673
10,16,16.214286180584292
10,17,19.964319313604037
10,18,23.19146889188263
10,19,26.896064476610835
10,20,30.043667331175016
10,21,33.759880501578955
10,22,36.33679927231762
10,23,35.331256854657504
10,24,31.65318525752032
10,25,33.00650958325424
10,26,29.876591469388817
10,27,26.10589353699028
10,28,23.31442490301258
10,29,19.829996273647268
10,30,16.627881403610548
10,31,14.048953281745842
10,32,10.91135129683159
10,33,7.530176792391271
10,34,6.135325914406614
10,35,5.10050934139224
10,36,7.167697525671837
10,37,8.90264091393874
10,38,9.54008803717681
10,39,9.431674285245164
10,40,12.16760922139287
10,41,15.134937938221313
10,42,16.554984749602532
10,43,19.8419824377789
10,44,21.288498879959654
10,45,25.102143994262303
10,46,27.473278188316563
10,47,31.133162286715294
10,48,34.05818190786023
10,49,37.33531296189096
10,50,40.65529240879731
10,51,41.738618569191125
10,52,38.312713366973384
10,53,38.1200005763055
10,54,35.37312070999693
10,55,31.863522053725948
10,56,29.417923082526986
10,57,25.664261146963625
10,58,23.940194640026334
10,59,20.176916844731114
10,60,19.495090484016483
10,61,18.01681235573357
10,62,21.057618497913104
10,63,18.91426488140084
10,64,15.123032054457761
10,65,13.405532544847942
10,66,10.11565397931057
10,67,9.997369279414851
10,68,10.1648859548391
10,69,10.312873653605976
10,70,12.318770345284497
10,71,14.182255366432031
10,72,17.208315311011045
10,73,19.473356237045753
10,74,22.320297216126658
10,75,25.549542291908
10,76,27.631393449960505
10,77,31.41587630792227
10,78,31.548124542817707
10,79,31.707161418772085
10,80,30.166594899613358
10,81,32.96331433584778
10,82,30.886880123273773
10,83,27.226864887467713
10,84,25.766537113545837
10,85,22.45792718556097
10,86,22.21009982252892
10,87,20.14197490573463
10,88,21.561870060514472
10,89,25.7757572696501
10,90,25.40010086804165
10,91,23.2631536447363
10,92,25.522883402940156
10,93,26.966192895733673
10,94,25.51206986091301
10,95,21.83257365405614
10,96,22.098885051247287
10,97,24.33730289282845
10,98,26.232481408372685
10,99,27.666942647440532
10,100,29.82127811459926
10,101,27.04907399640666
10,102,23.802982391163734
10,103,22.366819758642546
10,104,19.617247540097154
10,105,18.194909677877735
10,106,20.40902420320274
10,107,18.60864418533865
10,108,19.697987127738557
10,109,21.142415151087445
10,110,18.38346563842508
10,111,17.665541509701214
10,112,14.049696545140668
10,113,15.564044160065432
10,114,16.264852347687256
10,115,17.883074838161104
10,116,20.298616063792082
10,117,21.438074800218327
10,118,24.99508612980091
10,119,26.521095365110025
10,120,30.262293671670754
10,121,31.378468405496495
10,122,34.71373841427487
10,123,35.79418576154687
11,1,28.722121378616496
11,2,26.04160167896302
11,3,23.207819295855636
11,4,20.625718818630038
11,5,16.998093350411008
11,6,14.14167249080213
11,7,10.992032942091186
11,8,8.368367381395853
11,9,5.856889331704306
11,10,3.808451630930709
11,12,3.81308977031716
11,13,6.296678621055987
11,14,8.901963602285171
11,15,12.447348050927094
11,16,15.433967132368364
11,17,18.971072409145386
11,18,22.48666158806938
11,19,25.995184459196736
11,20,29.23225133879698
11,21,32.81147641380226
11,22,35.333634381991644
11,23,34.19405252427154
11,24,30.484446744105465
11,25,31.529552123124787
11,26,28.404197642302975
11,27,24.651200040507355
11,28,21.9156668677191
11,29,18.26480221791341
11,30,15.142394346562714
11,31,11.989428823325609
11,32,8.870467784601463
11,33,5.178300840647787
11,34,5.462355068537606
11,35,6.208957306906692
11,36,9.538558004301402
11,37,12.124710852014935
11,38,12.76705557573066
11,39,12.134735823415996
11,40,14.218017216863375
11,41,16.836347141521777
11,42,17.485723255914877
11,43,20.4079776631935
11,44,21.22001681971503
11,45,24.966200451578775
11,46,26.931068888016355
11,47,30.531262521551817
11,48,33.172487603726786
11,49,36.36949545165307
11,50,39.798889686513164
11,51,40.554679155371524
11,52,37.087774438381565
11,53,36.58204789537631
11,54,33.94933879434673
11,55,30.586424307579335
11,56,28.366109428301865
11,57,24.70792406801033
11,58,23.367347727567388
11,59,19.78269649296911
11,60,19.676354536448716
11,61,18.882081430939937
11,62,22.293324536808807
11,63,20.044166193741876
11,64,16.250771507975756
11,65,15.000174443896356
11,66,11.282052555404855
11,67,10.088951398599805
11,68,9.02590589849487
11,69,7.979649775735653
11,70,9.603048388070837
11,71,11.921796550072877
11,72,14.806827310956391
11,73,17.527722834474293
11,74,20.153518463899378
11,75,23.571568263534548
11,76,25.571644586473802
11,77,29.37903775656881
11,78,29.477758201101043
11,79,29.420903990893294
11,80,28.02161922301659
11,81,30.95934758214994
11,82,29.10315484152325
11,83,25.521966126910357
11,84,24.364849731453063
11,85,21.244274527840084
11,86,21.558615936938843
11,87,19.83086027424868
11,88,21.874453681005875
11,89,25.525237689223857
11,90,24.601626638580242
11,91,22.098459169606166
11,92,24.039839844685954
11,93,25.046419039652
11,94,23.30766508511162
11,95,19.777991945695465
11,96,19.803040836758587
11,97,21.726985689837097
11,98,23.734268895876326
11,99,24.90570683470885
11,100,27.129639426681635
11,101,24.51220789865156
11,102,21.286326581701385
11,103,20.062860951911258
11,104,17.051941699228028
11,105,15.670636942461563
11,106,17.634376989205652
11,107,15.632634101672997
11,108,17.079102521604813
11,109,18.87139473088807
11,110,16.39969176931696
11,111,16.389430039196306
11,112,12.994801160450633
11,113,15.181105298088738
11,114,15.805246525981211
11,115,17.988259056552874
11,116,19.9568504567163
11,117,20.485253828214514
11,118,23.959531677662877
11,119,25.074764203108685
11,120,28.792347515854047
11,121,29.610824409140758
11,122,32.84138274430026
11,123,33.86168253737419
12,1,27.09657783371575
12,2,24.709082278798327
12,3,21.70839452630691
12,4,19.469036772419678
12,5,15.681888897699196
12,6,13.26719345641063
12,7,10.66933565892633
12,8,8.069823502028187
12,9,7.302529453787429
12,10,5.9574194854920925
12,11,3.81308977031716
12,13,3.8366191270749206
12,14,6.222120088122879
12,15,9.989011323545865
12,16,13.163778065665614
12,17,16.611711249363005
12,18,20.21001809303381
12,19,23.634565961289976
12,20,27.093749740955364
12,21,30.61755751960447
12,22,32.865060334374974
12,23,31.436628220191007
12,24,27.83310629471364
12,25,29.102313008790407
12,26,26.230466367826256
12,27,22.43310913252442
12,28,20.104885971099808
12,29,16.354528388625067
12,30,13.764384602985396
12,31,10.50052052670424
12,32,8.395123085389255
12,33,5.79298423799209
12,34,7.728559745339122
12,35,9.390831596183117
12,36,12.303650164711753
12,37,14.45213891606832
12,38,14.19966090004408
12,39,12.63914902942312
12,40,14.751836156382577
12,41,16.704476435517943
12,42,17.270685116458075
12,43,19.759899199116244
12,44,20.17498384108892
12,45,23.89398719794105
12,46,25.542238835293567
12,47,29.216260137956766
12,48,31.684410603035158
12,49,35.04192832425198
12,50,38.337704421838474
12,51,38.958133049230334
12,52,35.34040140725253
12,53,34.997320208438445
12,54,32.640528814842504
12,55,29.235307583624913
12,56,27.364292619867957
12,57,23.711937852863294
12,58,22.846279809699865
12,59,19.40019224816625
12,60,19.869481083296368
12,61,19.451955923577813
12,62,22.750203879263236
12,63,21.73992213326825
12,64,17.974823747620864
12,65,17.322979115883662
12,66,13.651871904407653
12,67,13.005727084164532
12,68,11.26620212851448
12,69,10.36386232367993
12,70,10.678328133999559
12,71,12.19256739007028
12,72,14.270609253241904
12,73,16.640064323124093
12,74,18.742357360135923
12,75,21.908708789958542
12,76,23.449946047228412
12,77,27.231541657075923
12,78,27.772357860501586
12,79,28.11462149508769
12,80,27.163702233624054
12,81,30.37474437335974
12,82,28.90186911300204
12,83,25.52209098311617
12,84,24.867958932817352
12,85,22.097516483774882
12,86,22.858830319156933
12,87,21.665820920414284
12,88,23.692951482549383
12,89,27.30865451471209
12,90,26.135996863980665
12,91,23.813623958209572
12,92,25.9253210326271
12,93,26.52620614597597
12,94,24.992427888470147
12,95,21.508773475943677
12,96,20.869297944916998
12,97,22.251618871751123
12,98,23.768359033811297
12,99,24.447287392597012
12,100,26.203173450654944
12,101,23.279517602641782
12,102,20.434442268234914
12,103,19.85709644154496
12,104,17.207869398979117
12,105,16.64691352164586
12,106,18.90333305149356
12,107,17.255575218119763
12,108,19.334931239958628
12,109,21.089147595476753
12,110,18.552957809346
12,111,19.06519466042547
12,112,15.613942769463515
12,113,17.510764877495852
12,114,17.385242690224693
12,115,19.19478532619933
12,116,20.618843264086948
12,117,20.6980991671288
12,118,23.857840161359732
12,119,24.540069226844206
12,120,28.10256567352193
12,121,28.533215970438107
12,122,31.525552200334523
12,123,32.14627164684287
13,1,24.71992613076296
13,2,22.66320969815906
13,3,19.98215563949921
13,4,18.243229396070195
13,5,14.598913207612021
13,6,12.955431292944864
13,7,10.266392315850622
13,8,8.990116273855639
13,9,9.000516812438836
13,10,8.958681010513242
13,11,6.296678621055987
13,12,3.8366191270749206
13,14,3.831312881084484
13,15,7.05295973499558
13,16,10.628172877324898
13,17,13.740542532836319
13,18,17.476104441569504
13,19,20.699598676455985
13,20,24.126348992117702
13,21,27.531401503881337
13,22,29.809669752291214
13,23,28.425798650209106
13,24,24.77087237228072
13,25,25.755703960950303
13,26,22.832333197212268
13,27,19.081210890607082
13,28,16.760649806172236
13,29,12.964918323759173
13,30,10.538050784265584
13,31,6.988820973559789
13,32,5.615373352636395
13,33,4.641104028099788
13,34,8.054311403946881
13,35,10.963515075063787
13,36,14.0107924178666
13,37,16.579034643493163
13,38,15.964064885022527
13,39,13.848618443660651
13,40,15.071785615089542
13,41,16.440493598903345
13,42,16.173803529672067
13,43,18.12402354855998
13,44,17.902075333652125
13,45,21.452029974214074
13,46,22.725955258748034
13,47,26.30439896926815
13,48,28.54791954315498
13,49,31.83147341665561
13,50,35.1768612299248
13,51,35.598905687298924
13,52,31.98095265570761
13,53,31.465022439234176
13,54,29.18228169000248
13,55,25.87597440319782
13,56,24.19185770247018
13,57,20.653426431454868
13,58,20.164915822192878
13,59,16.993002298363685
13,60,18.066244625226517
13,61,18.359542830233572
13,62,21.814979531127772
13,63,21.241373789993872
13,64,17.666921719353144
13,65,17.766832378903736
13,66,14.077459263340572
13,67,13.276690530637543
13,68,10.559925417157336
13,69,9.629933000634804
13,70,8.555050616476711
13,71,9.353308839311214
13,72,10.811058207449063
13,73,13.161850243896287
13,74,15.029114114523958
13,75,18.232669991275365
13,76,19.774748042007598
13,77,23.563877154224365
13,78,24.042884510840757
13,79,24.339026408247694
13,80,23.50400679782222
13,81,26.810272163534542
13,82,25.546885167828385
13,83,22.312838857639125
13,84,22.029255578358985
13,85,19.59802424094775
13,86,20.88931779717504
13,87,20.274211099119622
13,88,22.601661054445106
13,89,25.75026816045414
13,90,24.15213275281671
13,91,21.85767132961829
13,92,23.955826168692898
13,93,24.122090305171216
13,94,22.776026409374012
13,95,19.412293307890295
13,96,18.21244919564688
13,97,19.175036511362126
13,98,20.39215594530997
13,99,20.841900500255633
13,100,22.445269768792716
13,101,19.480795422388372
13,102,16.73531019607728
13,103,16.448966175333407
13,104,14.002414526612046
13,105,14.037148950555201
13,106,16.513623625278868
13,107,15.405560640414471
13,108,18.066628291317425
13,109,19.544775613725246
13,110,16.9760728080485
13,111,18.131299239962374
13,112,14.862097007944302
13,113,16.65515649843251
13,114,15.93927438481729
13,115,17.79221600379985
13,116,18.578597567900633
13,117,18.062927570988837
13,118,20.971041855302108
13,119,21.275135795985257
13,120,24.745293759421966
13,121,24.959331943506943
13,122,27.868125437173408
13,123,28.456332338637942
14,1,21.23149982532262
14,2,19.19747202942031
14,3,16.378049952948135
14,4,14.80671718182692
14,5,11.175415633236785
14,6,10.06420145932898
14,7,8.110787648996517
14,8,7.662262591959526
14,9,9.268355161000459
14,10,10.38389255325576
14,11,8.901963602285171
14,12,6.222120088122879
14,13,3.831312881084484
14,15,3.795910874586031
14,16,7.037239893170384
14,17,10.391891558075205
14,18,14.023145802824972
14,19,17.416583472314247
14,20,20.880693721896584
14,21,24.398606544268304
14,22,26.67203766411288
14,23,25.36458246967928
14,24,21.708508679077006
14,25,23.015693622780883
14,26,20.13461796842853
14,27,16.31969843349381
14,28,14.097220832599184
14,29,10.399804127394322
14,30,8.263404643623629
14,31,5.638539939610454
14,32,5.622030521669647
14,33,6.416018529235092
14,34,9.26164151018095
14,35,12.313951400771234
14,36,14.62030512889668
14,37,16.740768738613877
14,38,15.265976084146436
14,39,12.41476534893816
14,40,13.234085194827522
14,41,13.85899634550372
14,42,13.501476037164634
14,43,15.088267080277697
14,44,14.78044975278291
14,45,18.339260803689832
14,46,19.64486484446498
14,47,23.322569124217996
14,48,25.677481911914178
14,49,29.122319391158534
14,50,32.320633906880396
14,51,32.93151603723035
14,52,29.266709137896083
14,53,29.113713539725282
14,54,26.871061786444486
14,55,23.39983566919647
14,56,21.74668484134003
14,57,18.133867651778573
14,58,17.739895641802764
14,59,14.60918309139717
14,60,15.908390637829859
14,61,16.335482536240153
14,62,19.498259623049915
14,63,20.19980205498203
14,64,16.816697608940824
14,65,17.51319673051034
14,66,14.194110182280953
14,67,14.330740380572898
14,68,11.69791284653855
14,69,11.898463658500175
14,70,10.352420266466027
14,71,9.760868585142035
14,72,10.554775883853603
14,73,11.832276017293756
14,74,13.572581849997862
14,75,16.33427701109614
14,76,17.779086875967234
14,77,21.525626436034752
14,78,22.220745642590593
14,79,23.007229742431495
14,80,22.28869057832658
