1,2,3.836501772966333
1,3,6.904583743493497
1,4,10.503849435728183
1,5,13.31089247593863
1,6,17.00405516520608
1,7,19.049301775411287
1,8,22.35511007150525
1,9,25.481935464662786
1,10,28.766798009153415
1,11,28.73615539355615
1,12,27.200582969314496
1,13,24.887701796288955
1,14,21.41682793563552
1,15,18.213111542805663
1,16,14.558782590672845
1,17,12.370412537188912
1,18,9.046574705832372
1,19,8.840886060455405
1,20,7.4181466191361585
1,21,9.993358809070978
1,22,13.150394756246596
1,23,14.966235859216662
1,24,12.649907162952823
1,25,14.017125404464833
1,26,12.113243504629853
1,27,11.840621785206926
1,28,11.621648519511709
1,29,14.113717023922382
1,30,15.69826640348155
1,31,19.357584527248104
1,32,21.59806048634578
1,33,24.730352143802243
1,34,25.579709404045065
1,35,28.197788041097407
1,36,28.05528047334957
1,37,29.21080040482403
1,38,26.100132190783512
1,39,22.825230979884203
1,40,20.114727838636874
1,41,16.618283397186993
1,42,14.0691072220404
1,43,10.320802596567086
1,44,8.300978215494194
1,45,5.591186797390737
1,46,5.293768637158184
1,47,6.573501151209257
1,48,9.518385217262296
1,49,14.686215395391473
1,50,11.653311678321892
1,51,10.62916430385341
1,52,9.842168427796546
1,53,10.566405655779342
1,54,12.027370929835822
1,55,13.961939124087916
1,56,16.13829107048869
1,57,15.56607881333458
1,58,18.82587386861606
1,59,19.28680555579145
1,60,21.89242120387094
1,61,21.865420222745524
1,62,25.133884539921514
1,63,24.94917192223475
1,64,26.915857312555424
1,65,25.4917639662185
1,66,28.06517622984255
1,67,25.641130838856256
1,68,22.101227002649555
1,69,20.491094104800517
1,70,17.03115836940589
1,71,16.964955567796164
1,72,15.261273084952508
1,73,16.290466654318575
1,74,17.09349649603237
1,75,17.2921490786902
1,76,19.787618933842328
1,77,19.257413605864254
1,78,20.589093668364566
1,79,19.982719103298322
1,80,19.152923941659346
1,81,20.03213017663326
1,82,20.594005589529246
1,83,21.548780801830812
1,84,23.740444911125593
1,85,22.530717075816145
1,86,22.34083698733168
1,87,24.87745425445062
1,88,24.431758259690305
1,89,25.978658203895012
1,90,29.335935728447446
1,91,29.178543843193694
1,92,31.275109298335654
1,93,28.72920050462193
1,94,26.238248109012222
1,95,26.195328975950964
1,96,23.89156479018484
1,97,24.485615095981817
1,98,23.341128020953263
1,99,20.373993248782398
1,100,20.362778163414045
1,101,20.712675533419535
1,102,23.08072833711465
1,103,25.661890375074666
1,104,29.265066759206928
1,105,31.5590578209295
1,106,34.18907609753401
1,107,32.847937941778326
1,108,29.44143733931432
1,109,30.21888759294401
1,110,27.79730269537682
1,111,25.668608067961355
1,112,22.002712388814842
1,113,19.457202612418055
1,114,16.905269420530573
1,115,16.145106578829783
1,116,14.774259511881528
1,117,14.823079590639937
1,118,15.182336206492781
1,119,16.112183127510406
1,120,17.76153700738273
2,1,3.836501772966333
2,3,3.8079520822625472
2,4,6.926080760268074
2,5,10.037708041231092
2,6,13.585576801899366
2,7,15.7392868920212
2,8,19.114609938637255
2,9,22.19438362221095
2,10,25.606781491708514
2,11,25.864102333539133
2,12,24.585222517873596
2,13,22.58686389996126
2,14,19.13927157677227
2,15,16.308531748322487
2,16,12.69978768763086
2,17,11.45539569233189
2,18,8.97234795853576
2,19,10.302587574423642
2,20,10.117565966795993
2,21,13.280514482636793
2,22,16.516071707871756
2,23,17.88254279038197
2,24,15.097320580876996
2,25,16.572613305051625
2,26,14.096905697189266
2,27,12.835399882761424
2,28,11.597861208303007
2,29,13.228570039656615
2,30,13.940530865377188
2,31,17.45824739568402
2,32,19.181997081202336
2,33,22.04064746144877
2,34,22.512915807845292
2,35,24.88952162299464
2,36,24.503963164316186
2,37,25.51353265975881
2,38,22.386910700232754
2,39,19.20726050358197
2,40,16.394239934310157
2,41,12.849574483533473
2,42,10.406643687064975
2,43,6.703588798426028
2,44,5.610825073463588
2,45,4.166998261475766
2,46,6.409248689235599
2,47,8.859978501872927
2,48,12.381751016287673
2,49,16.965906356805014
2,50,13.593101583570064
2,51,11.620556413128918
2,52,9.739776798017305
2,53,9.202576395245904
2,54,9.625575614137459
2,55,10.932422175139385
2,56,12.642225604325175
2,57,12.043077752303812
2,58,15.507522259541497
2,59,16.149961802523386
2,60,18.532676812419503
2,61,18.372617255459822
2,62,21.525531032599105
2,63,21.468088133574778
2,64,23.676292470203485
2,65,22.562438567091363
2,66,25.36531415667468
2,67,23.293153923448166
2,68,19.940688348765015
2,69,18.916540503913627
2,70,15.805344978044786
2,71,16.557897882421525
2,72,15.701482102294761
2,73,17.331716310070167
2,74,18.86285993488522
2,75,18.86814337182751
2,76,20.958142487943796
2,77,19.916090209436454
2,78,21.40482817699235
2,79,20.191189421123415
2,80,18.670946096708153
2,81,18.897215176070585
2,82,18.79522658245931
2,83,19.29282310909426
2,84,21.037920328743986
2,85,19.70095372464458
2,86,20.214309289457272
2,87,22.60665644736906
2,88,22.46991920717367
2,89,23.894765724809286
2,90,27.443447912945583
2,91,27.7113244589538
2,92,29.63527425307964
2,93,26.79868139576063
2,94,24.648555336127046
2,95,25.11757742281179
2,96,23.297131496698473
2,97,24.33234093630937
2,98,23.77290292776135
2,99,20.67360304251814
2,100,19.946366788750066
2,101,19.74407924508372
2,102,21.639517396932643
2,103,23.798676564051902
2,104,27.51460237808981
2,105,29.57280562840333
2,106,31.97821148441894
2,107,30.704854754569045
2,108,27.132617758101794
2,109,27.556878793323094
2,110,24.939352011767475
2,111,22.70023371340529
2,112,19.161414281891858
2,113,16.447553568102354
2,114,14.382603934201253
2,115,14.300117848642973
2,116,13.749556434942004
2,117,14.628287949780928
2,118,15.85707297417145
2,119,17.327985682303748
2,120,19.627532387777983
3,1,6.904583743493497
3,2,3.8079520822625472
3,4,3.8086538771322576
3,5,6.660143673838508
3,6,10.335022847332448
3,7,12.897165156973243
3,8,15.978153357998822
3,9,19.307176880744123
3,10,22.604884190292058
3,11,23.074751720471113
3,12,21.60604172409397
3,13,19.91968161072503
3,14,16.324253184598447
3,15,13.818735156819718
3,16,10.194170325778742
3,17,9.751368073404347
3,18,8.051379590330704
3,19,10.524443022126208
3,20,11.628134369103718
3,21,15.187263901575134
3,22,18.111992882407915
3,23,18.729714778979503
3,24,15.689045397005136
3,25,17.674230788085286
3,26,15.158850275876736
3,27,13.06878871062462
3,28,11.653136839843413
3,29,12.235541957362507
3,30,12.551494144050123
3,31,15.60909712545939
3,32,17.12485594803334
3,33,19.654081190470094
3,34,20.1531995574304
3,35,22.409808874435857
3,36,22.038264650116556
3,37,22.885702912919427
3,38,19.57687947647061
3,39,16.191754515518667
3,40,13.817056534492917
3,41,10.295185483936455
3,42,8.537301564377172
3,43,5.642405128186578
3,44,5.475061366791209
3,45,6.539162426166219
3,46,8.93841759164203
3,47,12.066071158596591
3,48,15.42780591740384
3,49,19.67592061104907
3,50,16.07431066898131
3,51,14.131597423527975
3,52,11.49201104154432
3,53,10.757417334165437
3,54,9.802442634752234
3,55,10.884384778220875
3,56,11.895641061824506
3,57,11.787783247317911
3,58,15.59047876445317
3,59,16.3661191964488
3,60,18.0580963777821
3,61,17.20440241056615
3,62,19.937530414351674
3,63,19.537315950682515
3,64,21.882355733984827
3,65,20.8261021257185
3,66,23.53309697503611
3,67,21.685447411360194
3,68,18.642895069479184
3,69,17.995415726035183
3,70,15.372463511419227
3,71,16.4152333427825
3,72,16.16377944210557
3,73,17.694448794955168
3,74,19.779462407238007
3,75,20.2032428065738
3,76,22.321072896248236
3,77,21.381912174779927
3,78,23.363316164175025
3,79,22.083122464904317
3,80,20.077411557786125
3,81,20.105397220026923
3,82,19.36833604069834
3,83,19.777882128077852
3,84,20.987856821978987
3,85,19.922750371761033
3,86,21.479549368830945
3,87,23.44069330843818
3,88,23.319007027095456
3,89,24.25196974020968
3,90,27.859687244092086
3,91,28.30401439825537
3,92,29.786680988446875
3,93,26.644897357252468
3,94,24.629695854028995
3,95,25.313010933467734
3,96,23.901401240983816
3,97,24.887308723431065
3,98,24.590401854724448
3,99,21.19306528513296
3,100,20.105520096133663
3,101,19.910422529357504
3,102,21.20947827446466
3,103,23.141734029496792
3,104,26.94034770608624
3,105,28.552172099005777
3,106,30.954975381315787
3,107,30.088335445910865
3,108,26.430124339643985
3,109,26.73317013500808
3,110,23.731549409050665
3,111,21.801546414324157
3,112,18.50751722254466
3,113,16.073690439510628
3,114,14.69227344229617
3,115,14.895785091861216
3,116,15.232822535752076
3,117,16.20347679224765
3,118,18.05854000328467
3,119,19.313273484340034
3,120,21.781121887406975
4,1,10.503849435728183
4,2,6.926080760268074
4,3,3.8086538771322576
4,5,3.827086414919791
4,6,6.98819895090632
4,7,9.844478880444793
4,8,12.885377227577022
4,9,16.148578044662553
4,10,19.567054158630548
4,11,20.449202806264164
4,12,19.32543685130099
4,13,18.148465342302327
4,14,14.725286777123202
4,15,12.968898610494328
4,16,9.86454845175852
4,17,10.827345395053001
4,18,10.406074218045479
4,19,13.53965402922847
4,20,15.096488154524677
4,21,18.770711985312516
4,22,21.736657905178024
4,23,22.138008399662006
4,24,18.911379104268633
4,25,20.824702379255225
4,26,18.036455921783954
4,27,15.452200653915355
4,28,13.385200950861536
4,29,12.994683836132308
4,30,12.21333904306087
4,31,14.711859567584064
4,32,15.421011924768276
4,33,17.418178467308024
4,34,17.39775209059786
4,35,19.265991168266247
4,36,18.5753156295971
4,37,19.19486405355894
4,38,15.830193004055817
4,39,12.53030715673839
4,40,10.129977948827381
4,41,6.554207465178189
4,42,5.555947634692604
4,43,4.251133193746336
4,44,6.277996445442728
4,45,8.73439056038481
4,46,11.814928020677485
4,47,15.09929748143284
4,48,18.63340693003284
4,49,22.458569524906288
4,50,18.77780068667147
4,51,16.363451950857606
4,52,13.26186670348957
4,53,11.640985118064181
4,54,9.518591579256384
4,55,9.519952558503652
4,56,9.443791862789329
4,57,9.560382062722557
4,58,13.409457508076313
4,59,14.362569005479939
4,60,15.46868879732826
4,61,14.25978104757767
4,62,16.64276024006828
4,63,16.32583051594365
4,64,18.978177324976475
4,65,18.36077964082457
4,66,21.267563412030945
4,67,19.943109021918183
4,68,17.312057031825944
4,69,17.443777635147168
4,70,15.470394716887547
4,71,17.27093993230002
4,72,17.821507398615218
4,73,19.748596041873586
4,74,22.286216367681796
4,75,22.527134300467353
4,76,24.246632998088533
4,77,22.931628662178476
4,78,24.973223129928652
4,79,23.24842741745635
4,80,20.722995636347413
4,81,20.135725883668265
4,82,18.70212218234672
4,83,18.59288072099792
4,84,19.141552262644204
4,85,18.048696892814633
4,86,20.492316769878016
4,87,22.131220636310026
4,88,22.32837354855324
4,89,23.017642083257407
4,90,26.71235601833705
4,91,27.594308404243026
4,92,28.811356085495984
4,93,25.416557900436228
4,94,23.844444065589798
4,95,25.047119361503235
4,96,24.19480943296341
4,97,25.552513599855754
4,98,25.805418894314453
4,99,22.42399289299604
4,100,20.719909056731996
4,101,19.99962588206617
4,102,20.679313961500487
4,103,22.040354166382034
4,104,25.84367352337169
4,105,27.104893347147446
4,106,29.208398479723552
4,107,28.483723315939166
4,108,24.720310197619227
4,109,24.59948834632197
4,110,21.376401277938786
4,111,19.430909759321487
4,112,16.479713388502514
4,113,14.055355079378046
4,114,13.56143946646477
4,115,14.546600223640219
4,116,15.776110507547253
4,117,17.372836738077176
4,118,19.80384712278359
4,119,21.392193985299933
4,120,24.24163045616476
5,1,13.31089247593863
5,2,10.037708041231092
5,3,6.660143673838508
5,4,3.827086414919791
5,6,3.7896415264695156
5,7,6.578551631167943
5,8,9.357863349087179
5,9,12.804634907575704
5,10,16.045159230336616
5,11,16.838597917039355
5,12,15.54767412574846
5,13,14.521456964738682
5,14,11.110629834257313
5,15,9.841329837442212
5,16,7.321625374213782
5,17,9.484931868549655
5,18,10.41082743401946
5,19,14.080184248183238
5,20,16.436654803002174
5,21,20.257988355261112
5,22,23.0785967939736
5,23,22.93566402575258
5,24,19.469655998459494
5,25,21.376948661531348
5,26,18.47118916739818
5,27,15.318632629587393
5,28,13.028446086311057
5,29,11.564263316020329
5,30,10.199624778990172
5,31,11.919418853682053
5,32,12.346852179678958
5,33,14.042746379981732
5,34,14.25332265501785
5,35,16.24171824546083
5,36,15.960716849882484
5,37,16.840158022740123
5,38,13.562942256222733
5,39,9.93258895393064
5,40,8.243630039912562
5,41,5.6219197423909595
5,42,5.352349713908615
5,43,6.077612696414802
5,44,7.580040713681536
5,45,10.956586284710868
5,46,13.670683957430706
5,47,17.297002071302273
5,48,20.625814639188327
5,49,23.8485544410445
5,50,20.072607193967034
5,51,17.749439416709297
5,52,14.24487682912288
5,53,12.802221328718105
5,54,9.878021324992368
5,55,10.094276365058203
5,56,9.793554149820606
5,57,11.150002396152617
5,58,14.888659986305234
5,59,15.283934032005497
5,60,15.50830160084601
5,61,13.41234561310378
5,62,15.305796824954378
5,63,14.211743494754051
5,64,16.605413237089646
5,65,15.761498901061733
5,66,18.362946069895116
5,67,17.151981654655135
5,68,14.897549153632653
5,69,15.36701943284779
5,70,14.067810124137763
5,71,16.09216658786353
5,72,17.293602072910055
5,73,19.20143061740815
5,74,22.195885214984067
5,75,22.615391452869694
5,76,24.161193525295456
5,77,22.925412406250242
5,78,25.37656719093078
5,79,23.677748854042395
5,80,20.816460326821854
5,81,20.20702206055903
5,82,18.327398577418204
5,83,18.42140284833895
5,84,18.595097251531783
5,85,18.171658894346937
5,86,21.417696708431258
5,87,22.43274197557077
5,88,22.328561108091503
5,89,22.377728208474352
5,90,25.93492013864293
5,91,26.794173415954727
5,92,27.51420009775054
5,93,23.952748838393646
5,94,22.446220169964644
5,95,23.725123788734418
5,96,23.27496123520536
5,97,24.52121726005956
5,98,25.05648291933143
5,99,21.559860323054068
5,100,19.53428658292712
5,101,18.849716160692918
5,102,18.91530680048518
5,103,20.06120007674457
5,104,23.818203663587663
5,105,24.653344879255158
5,106,26.806147486899043
5,107,26.51350359904148
5,108,22.803597816203048
5,109,22.775500596992664
5,110,19.292170939037206
5,111,17.919253895100084
5,112,15.292794866753246
5,113,13.63492532118714
5,114,13.654553219445997
5,115,14.487419706513437
5,116,16.381028385739015
5,117,17.803000946449522
5,118,20.682357649643993
5,119,21.999363133899596
5,120,24.973543354293323
6,1,17.00405516520608
6,2,13.585576801899366
6,3,10.335022847332448
6,4,6.98819895090632
6,5,3.7896415264695156
6,7,3.7989109864681967
6,8,6.011345416681773
6,9,9.417549860729894
6,10,12.719125802998914
6,11,14.04617390016385
6,12,13.19752410932899
6,13,12.974718573101233
6,14,10.104730326864892
6,15,10.174753891642164
6,16,8.978707247160818
6,17,12.05319850881532
6,18,13.723934771125784
6,19,17.505225624409093
6,20,20.045119408371107
6,21,23.88256915022042
6,22,26.69508873488646
6,23,26.384464963690235
6,24,22.84696291889118
6,25,24.665076036726024
6,26,21.65105138655941
6,27,18.280455751743627
6,28,15.713865991109234
6,29,13.576508076764242
6,30,11.347444383565747
6,31,11.996282281495953
6,32,11.296153506824865
6,33,12.00697441231152
6,34,11.58207548924293
6,35,13.020578032644034
6,36,12.506288921898781
6,37,13.200966564473967
6,38,9.918587513760606
6,39,6.204293352886148
6,40,5.24832726383817
6,41,4.272151161879523
6,42,5.924816726101563
6,43,8.508568555278387
6,44,10.601074549478938
6,45,14.193596085381772
6,46,17.06905938482062
6,47,20.699489273907776
6,48,24.06386700866544
6,49,26.936835570958344
6,50,23.17406455194134
6,51,20.64362650248365
6,52,16.993435910014544
6,53,15.152817460477225
6,54,11.698869314355978
6,55,11.097578634493544
6,56,9.767283744563493
6,57,11.581549830290427
6,58,14.834112785091733
6,59,15.157021322557721
6,60,14.457650261864378
6,61,11.738174387357034
6,62,12.805225876703311
6,63,11.451417020711624
6,64,14.03717455184744
6,65,13.691877208037278
6,66,16.303365896771954
6,67,15.81633208532089
6,68,14.317838088735662
6,69,15.669879572073555
6,70,15.259692815081277
6,71,17.78743640921255
6,72,19.61775966336778
6,73,21.71376990294865
6,74,24.97496872809152
6,75,25.276798766737425
6,76,26.47293173397341
6,77,25.010747289676694
6,78,27.501355585485467
6,79,25.527732783660518
6,80,22.318695012266513
6,81,21.247900856991937
6,82,18.777724627081582
6,83,18.45886429402774
6,84,17.874538640792636
6,85,17.67559704310274
6,86,21.772472817779697
6,87,22.291807617042597
6,88,22.3904380062337
6,89,22.034499874747027
6,90,25.508076319171376
6,91,26.735834394119593
6,92,27.057206692563952
6,93,23.313242523734527
6,94,22.30537917795969
6,95,24.03310107730525
6,96,24.182569901872764
6,97,25.672792378093177
6,98,26.6923001046085
6,99,23.310667029402765
6,100,20.82097793130162
6,101,19.736360126851242
6,102,19.083335352873906
6,103,19.547749426074027
6,104,23.146056139777816
6,105,23.46993287101938
6,106,25.274142368277094
6,107,25.271237267193825
6,108,21.57652443861102
6,109,21.133681171864687
6,110,17.424435443607564
6,111,16.32256667150235
6,112,14.370608719451035
6,113,13.169967466423437
6,114,14.206405837541176
6,115,15.576570384066562
6,116,18.140421192079938
6,117,19.8930314693533
6,118,23.1102052769985
6,119,24.575558244840234
6,120,27.75382307876301
7,1,19.049301775411287
7,2,15.7392868920212
7,3,12.897165156973243
7,4,9.844478880444793
7,5,6.578551631167943
7,6,3.7989109864681967
7,8,3.7973794484495222
7,9,6.457471830215185
7,10,9.941263922322452
7,11,10.819689867489286
7,12,10.520874997055584
7,13,10.228667493922977
7,14,8.103793112971342
7,15,8.906902286120781
7,16,8.995026799848818
7,17,12.472973409749704
7,18,14.886900784419327
7,19,18.676974622479445
7,20,21.351470403963248
7,21,25.16670896428917
7,22,28.094731662465026
7,23,27.715907680346792
7,24,23.99526616101103
7,25,25.365096917784935
7,26,22.10225019473344
7,27,18.563347860287692
7,28,15.59360708146737
7,29,12.915553481476985
7,30,9.897003402183726
7,31,9.69747956160006
7,32,8.086024629233977
7,33,8.436596778813385
7,34,7.846343125093794
7,35,9.680540666976231
7,36,9.84006401954483
7,37,11.481278110948642
7,38,9.035131290477153
7,39,5.745537399602163
7,40,5.084261004130922
7,41,6.17074717469827
7,42,6.8457980337716275
7,43,9.957698647536354
7,44,11.590972931168835
7,45,15.383935827838759
7,46,18.08764392178379
7,47,21.732078760848736
7,48,24.96257192716107
7,49,27.09020260012418
7,50,23.40694290351959
7,51,20.76149535894054
7,52,17.001041187054128
7,53,15.085360676608953
7,54,11.320266151420013
7,55,10.723561938197543
7,56,9.557278028370572
7,57,12.403741250768055
7,58,15.251413658251984
7,59,14.697279933640008
7,60,13.322093165714456
7,61,10.022010314744396
7,62,10.824346266837638
7,63,8.58421751496635
7,64,10.603362224351455
7,65,9.97915396948587
7,66,12.510316563410006
7,67,12.219767156862305
7,68,11.14300298418224
7,69,13.10146396082201
7,70,13.475372756903619
7,71,16.42479368295909
7,72,18.877143983182442
7,73,21.273994981605046
7,74,24.777849021755923
7,75,24.79085249875079
7,76,25.501069878315953
7,77,23.820406721332894
7,78,26.377936381376276
7,79,24.25344564629489
7,80,20.783362596649322
7,81,19.510500262420226
7,82,16.672505506757673
7,83,16.44368489921492
7,84,15.560602223470324
7,85,16.064939759397934
7,86,20.6175870722541
7,87,20.523060948779293
7,88,20.325185050232882
7,89,19.43874380540373
7,90,22.70623832992477
7,91,23.961623085191288
7,92,23.925986438378466
7,93,20.12361871601512
7,94,19.32926732357689
7,95,21.267929925141477
7,96,21.87965482280932
7,97,23.52355258352076
7,98,24.985956887942294
7,99,21.809561429319704
7,100,18.910333779511575
7,101,17.50359245428923
7,102,16.282480985027206
7,103,16.30731972049739
7,104,19.769329607372683
7,105,19.85352220688377
7,106,21.56302450698053
7,107,21.72302778351038
7,108,18.096566019086083
7,109,17.703054218947244
7,110,13.91854717484936
7,111,13.280879049768135
7,112,11.696594342773428
7,113,11.395244165076058
7,114,12.848940005342962
7,115,14.131948493409187
7,116,17.21028914533413
7,117,18.99462607319328
7,118,22.52263400708091
7,119,24.00385093533868
7,120,27.371102358604432
8,1,22.35511007150525
8,2,19.114609938637255
8,3,15.978153357998822
8,4,12.885377227577022
8,5,9.357863349087179
8,6,6.011345416681773
8,7,3.7973794484495222
8,9,3.815715621628835
8,10,6.735598924645762
8,11,8.322415529216356
8,12,7.99277866170229
8,13,9.016445466372188
8,14,7.68467105069579
8,15,9.919539430698809
8,16,10.96980062064657
8,17,14.72639605066749
8,18,17.48675678056006
8,19,21.303469779996874
8,20,24.287284545985106
8,21,28.093966186607382
8,22,30.787098045896556
8,23,30.040715439977365
8,24,26.368831410254366
8,25,27.918507895981875
8,26,24.82354483486063
8,27,21.13781690414764
8,28,18.41207885555992
8,29,15.331266713006462
8,30,12.384026950386732
8,31,11.103296775262004
8,32,8.941548446578032
8,33,7.762746303181974
8,34,7.049012335384021
8,35,8.08481739605921
8,36,8.552942391450918
8,37,9.917968995363147
8,38,7.776634856563323
8,39,4.906833152535899
8,40,6.746503774702716
8,41,8.872598457550346
8,42,10.462460546895672
8,43,13.61401314137824
8,44,15.201339479503309
8,45,19.00683339922382
8,46,21.55865636133748
8,47,25.266935863484605
8,48,28.39598826127671
8,49,30.439388430132098
8,50,26.757450950157782
8,51,24.284930608169073
8,52,20.50563387085654
8,53,18.784007195394196
8,54,15.024932637736704
8,55,14.437128358787621
8,56,12.984926707658122
8,57,15.689982582139653
8,58,18.23573286485031
8,59,17.799205168517545
8,60,15.882928783773336
8,61,12.283084869198182
8,62,11.950586151011429
8,63,9.213338786036365
8,64,10.842881112526495
8,65,10.506701109128802
8,66,12.271948897920803
8,67,12.697332534508616
8,68,12.65959554349548
8,69,14.97260192173772
8,70,16.0306353873945
8,71,18.820357059098836
8,72,21.49355263419273
8,73,23.608644540620066
8,74,27.238348958848995
8,75,27.514457080133877
8,76,28.214025104965575
8,77,26.716639549069836
8,78,29.466792084486723
8,79,27.440548769058463
8,80,23.90868647011705
8,81,22.6424609125596
8,82,19.621457114278655
8,83,19.371792715724517
8,84,18.047061839146327
8,85,18.84946785988806
8,86,23.785685922765367
8,87,23.333277402505797
8,88,23.13183274401563
8,89,21.821559560950814
8,90,24.818937620025284
8,91,26.1462865167719
8,92,25.610384921583403
8,93,21.781064784671685
8,94,21.259384365462726
8,95,23.25644593663996
8,96,24.245434052418982
8,97,25.714285826627446
8,98,27.317409244008246
8,99,24.14489452529865
8,100,21.189820084883788
8,101,19.92940953197522
8,102,18.15362002326191
8,103,17.7808383697017
8,104,20.901970894365988
8,105,20.283632329651844
8,106,21.798353340302928
8,107,22.566343461377617
8,108,19.194689653802616
8,109,18.660120878629872
8,110,14.759866168904935
8,111,14.880322345495076
8,112,14.119767150603957
8,113,14.421176172895555
8,114,16.266609839367426
8,115,17.50586902929143
8,116,20.71439634230092
8,117,22.33206201035772
8,118,25.91488710870876
8,119,27.173104830777334
8,120,30.46502110013928
9,1,25.481935464662786
9,2,22.19438362221095
9,3,19.307176880744123
9,4,16.148578044662553
9,5,12.804634907575704
9,6,9.417549860729894
9,7,6.457471830215185
9,8,3.815715621628835
9,10,3.7754759098225072
9,11,5.8691828556355015
9,12,7.297983122805497
9,13,9.114827070387639
9,14,9.356023220480076
9,15,12.159231755199116
9,16,13.892637782452686
9,17,17.629744534271016
9,18,20.61055094996701
9,19,24.37034397511875
9,20,27.308531027033705
9,21,31.07799004906446
9,22,33.87430792082031
9,23,33.160673270798895
9,24,29.414156140099358
9,25,30.664821681983696
9,26,27.422856987321364
9,27,23.73059887250531
9,28,20.76998847633607
9,29,17.534468510473815
9,30,14.19920298141004
9,31,12.295671216334215
9,32,9.174696663189646
9,33,6.641731452314467
9,34,4.5817411525284495
9,35,4.448386277767601
9,36,5.619411099116855
9,37,7.780324857918639
9,38,7.216053389833927
9,39,6.208461084630263
9,40,8.278541773673426
9,41,11.341533556905635
9,42,12.79494508024733
9,43,16.235650921763852
9,44,17.862645741805757
9,45,21.65122268992786
9,46,24.23007324187847
9,47,27.853008435570988
9,48,30.951729162747338
9,49,32.5261703994394
9,50,28.95704717336136
9,51,26.33138297053296
9,52,22.58516435860756
9,53,20.658268038086835
9,54,16.844819693692383
9,55,15.917668522046979
9,56,14.263675810882674
9,57,17.246580478991365
9,58,19.180959809015594
9,59,18.319125594565698
9,60,15.730352621600124
9,61,11.934549608002145
9,62,10.699915033337792
9,63,7.427797008930069
9,64,8.278238462752132
9,65,8.495121962307811
9,66,9.885564884154478
9,67,11.374427216318727
9,68,12.385860785920613
9,69,15.399454042708191
9,70,17.19206940009359
9,71,20.265951083235798
9,72,23.333994138000822
9,73,25.678415490714677
9,74,29.398244006700367
9,75,29.38516307142947
9,76,29.638288725063664
9,77,27.888333617291362
9,78,30.53235656428187
9,79,28.29253746313949
9,80,24.589103851682427
9,81,22.97788052670745
9,82,19.622062987974978
9,83,19.126440955596877
9,84,17.23226907227828
9,85,18.48089767556125
9,86,23.818694157597598
9,87,22.79214509736247
9,88,22.60799277202163
9,89,20.851984753559805
9,90,23.522279412456886
9,91,25.104774828311832
9,92,24.146013474798846
9,93,20.336541069243967
9,94,20.39033187017527
9,95,22.75256608484805
9,96,24.320110789493445
9,97,26.029630340425136
9,98,28.096973027054403
9,99,25.24682992957275
9,100,21.9660720907823
9,101,20.307254350081227
9,102,17.948820114412612
9,103,16.800694316173317
9,104,19.47829719424449
9,105,18.34260360330064
9,106,19.350479748923355
9,107,20.392292082606346
9,108,17.253714361583718
9,109,16.362887063634467
9,110,12.52006114984175
9,111,13.248533696069575
9,112,13.457235698182865
9,113,14.525118903792567
9,114,16.9393153832641
9,115,18.3621027562007
9,116,21.894675756208713
9,117,23.684724672208265
9,118,27.42076452879126
9,119,28.811265589746977
9,120,32.24318183504607
10,1,28.766798009153415
10,2,25.606781491708514
10,3,22.604884190292058
10,4,19.567054158630548
10,5,16.045159230336616
10,6,12.719125802998914
10,7,9.941263922322452
10,8,6.735598924645762
10,9,3.7754759098225072
10,11,3.811835670819292
10,12,5.913617532412813
10,13,8.981866248087783
10,14,10.396370785044457
10,15,13.83586056299422
10,16,16.20445970480174
10,17,19.950906118250362
10,18,23.20291904530739
10,19,26.90044549728713
10,20,30.061335936324433
10,21,33.777910823868986
10,22,36.38722274275956
10,23,35.37163912653648
10,24,31.663720746920646
10,25,32.91982291232275
10,26,29.8055601824576
10,27,26.03998215023259
10,28,23.268735423061077
10,29,19.775424164450076
10,30,16.58374046025986
10,31,13.991532615550318
10,32,10.829677246958292
10,33,7.427490606531528
10,34,6.124138180391696
10,35,5.156054912391096
10,36,7.268181270590586
10,37,9.134870515060474
10,38,9.555442639581402
10,39,9.302496074204754
10,40,11.918468550312266
10,41,14.992054064918984
10,42,16.50470847872737
10,43,19.847644638878787
10,44,21.238401504673035
10,45,25.045758936069173
10,46,27.40685638801103
10,47,31.068601454121872
10,48,34.01149082526215
10,49,35.34107772597328
10,50,31.821553964733855
10,51,29.383690552564406
10,52,25.649019963040562
10,53,23.97123025535152
10,54,20.208363066395943
10,55,19.51415089378651
10,56,17.98895582988496
10,57,21.00867040617979
10,58,22.833312213176146
10,59,21.873578183506904
10,60,19.081746726544463
10,61,15.287152324012371
10,62,13.604781566670233
10,63,10.247706914495687
10,64,10.096993790458315
10,65,10.16246452084983
10,66,10.217712804688402
10,67,12.201284921487781
10,68,14.0831457788504
10,69,17.118861200350846
10,70,19.423982046650153
10,71,22.264492274333502
10,72,25.499027779590342
10,73,27.604236272289153
10,74,31.39376120855876
10,75,31.548875806916023
10,76,31.711370837533984
10,77,30.14644569754364
10,78,32.95537338976535
10,79,30.867804146943087
10,80,27.173472843118287
10,81,25.68430320899
10,82,22.311725849886987
10,83,22.00736550507998
10,84,19.989205625964736
10,85,21.604431978822426
10,86,27.017054635058187
10,87,25.665969384905768
10,88,25.28788345116372
10,89,23.130148886763934
10,90,25.406365095886297
10,91,26.87661069540944
10,92,25.417858942566102
10,93,21.754429104545096
10,94,21.970573766867325
10,95,24.226296177727413
10,96,26.100977799179756
10,97,27.5732793378956
10,98,29.75551243739226
10,99,27.00564217611619
10,100,23.738725919186763
10,101,22.278337347043422
10,102,19.506344770619442
10,103,18.094223891550353
10,104,20.26831804464212
10,105,18.45427161080669
10,106,19.279275995069057
10,107,20.982565548878984
10,108,18.323361118948863
10,109,17.557779366525033
10,110,13.970052607911144
10,111,15.52053769179718
10,112,16.26632665356687
10,113,17.83525382893993
10,114,20.245643218568265
10,115,21.407821145096012
10,116,24.960381579108674
10,117,26.49620303180901
10,118,30.249561703113987
10,119,31.385164478115485
10,120,34.7226919063227
11,1,28.73615539355615
11,2,25.864102333539133
11,3,23.074751720471113
11,4,20.449202806264164
11,5,16.838597917039355
11,6,14.04617390016385
11,7,10.819689867489286
11,8,8.322415529216356
11,9,5.8691828556355015
11,10,3.811835670819292
11,12,3.83062509312928
11,13,6.309128048546678
11,14,8.892849544123198
11,15,12.377824144767326
11,16,15.372938642722449
11,17,18.905753992257402
11,18,22.441933720711717
11,19,25.9436263035796
11,20,29.17772887838776
11,21,32.75642788498302
11,22,35.298667649461436
11,23,34.164886299998805
11,24,30.43523776177314
11,25,31.372781721069362
11,26,28.26677309349529
11,27,24.524118157203098
11,28,21.80076976992736
11,29,18.149067758098184
11,30,15.029067795525203
11,31,11.870240894941425
11,32,8.722158174155599
11,33,5.019576261634176
11,34,5.392814620888458
11,35,6.256636620113861
11,36,9.591836934554493
11,37,12.298185836814762
11,38,12.773388588858412
11,39,11.991811800375114
11,40,13.906898685358156
11,41,16.612607261323898
11,42,17.330987021634588
11,43,20.328322957274313
11,44,21.08780115987947
11,45,24.822546910268077
11,46,26.776888083037765
11,47,30.38221207817471
11,48,33.04185743119553
11,49,33.832291462977174
11,50,30.457652472198003
11,51,28.23909043288021
11,52,24.598962086690474
11,53,23.301603566838658
11,54,19.72152502593339
11,55,19.59561804883119
11,56,18.75013178710443
11,57,22.15809629841456
11,58,24.140079449137176
11,59,22.663131074460047
11,60,20.036334026806756
11,61,16.271796725669535
11,62,15.14206906973033
11,63,11.38165870882263
11,64,10.1417390788103
11,65,8.92946620868837
11,66,7.816219939081399
11,67,9.40145951081225
11,68,11.738848261416036
11,69,14.636240935926999
11,70,17.39808304866716
11,71,20.029162878296983
11,72,23.45276063064701
11,73,25.479215428244178
11,74,29.294480495807726
11,75,29.407010497346608
11,76,29.349434656686626
11,77,27.91906831420272
11,78,30.859912843131557
11,79,28.98627086066711
11,80,25.371052813565196
11,81,24.178717735344204
11,82,20.97056641205488
11,83,21.22839323603342
11,84,19.571812606834587
11,85,21.741653508810867
11,86,26.875191646300777
11,87,25.29793565228571
11,88,24.36308298950942
11,89,21.85836551049255
11,90,23.82237903835514
11,91,24.856017193861085
11,92,23.119606168956114
11,93,19.612717860619238
11,94,19.5813680947534
11,95,21.530221016100548
11,96,23.518560798621536
11,97,24.735945025474262
11,98,26.9932225963892
11,99,24.40276571287195
11,100,21.149804177868344
11,101,19.888502861704296
11,102,16.85654290433548
11,103,15.479518820097178
11,104,17.415205615706473
11,105,15.409044685689823
11,106,16.613184430850442
11,107,18.637417788819395
11,108,16.248809848157382
11,109,16.196835600290495
11,110,12.834752916975868
11,111,15.039602683944166
11,112,15.686529419754303
11,113,17.831596464479876
11,114,19.80430959439285
11,115,20.353809650828442
11,116,23.824105950579263
11,117,24.95518523287824
11,118,28.686652305048902
11,119,29.531379346560236
11,120,32.77122119872335
12,1,27.200582969314496
12,2,24.585222517873596
12,3,21.60604172409397
12,4,19.32543685130099
12,5,15.54767412574846
12,6,13.19752410932899
12,7,10.520874997055584
12,8,7.99277866170229
12,9,7.297983122805497
12,10,5.913617532412813
12,11,3.83062509312928
12,13,3.8498509232681326
12,14,6.205969020944502
12,15,9.949327233227645
12,16,13.134002206702306
12,17,16.58898647265496
12,18,20.208097684434797
12,19,23.63037792452544
12,20,27.09236585272835
12,21,30.61624310197558
12,22,32.8826070051257
12,23,31.4522330295848
12,24,27.82871684933957
12,25,29.003740789706214
12,26,26.157654730922786
12,27,22.3670141689652
12,28,20.058878147795447
12,29,16.303883129168945
12,30,13.716072573643816
12,31,10.446798990975973
12,32,8.311499346702998
12,33,5.674072269278981
12,34,7.707332345010866
12,35,9.427088318207389
12,36,12.318858043040489
12,37,14.637193553670935
12,38,14.196720380803985
12,39,12.512244809628397
12,40,14.477986373730545
12,41,16.533161493470306
12,42,17.160380175329934
12,43,19.732623095976543
12,44,20.10237848994238
12,45,23.80668151701476
12,46,25.450480827268734
12,47,29.136302502411453
12,48,31.632357909344236
12,49,32.61736760957111
12,50,29.190594675752173
12,51,27.324928485349595
12,52,23.685066254704697
12,53,22.860998400896918
12,54,19.41160398320825
12,55,19.86137236389357
12,56,19.382335370113363
12,57,22.684448764550897
12,58,25.175034978544456
12,59,23.918002210401657
12,60,21.752825495933262
12,61,18.00941671654974
12,62,17.42212761415361
12,63,13.73115178351608
12,64,13.027294832897994
12,65,11.248124761835289
12,66,10.310913754445194
12,67,10.581425708526014
12,68,12.103451904026352
12,69,14.190598228977702
12,70,16.596349624436137
12,71,18.7004441425648
12,72,21.871900550817866
12,73,23.438701712220553
12,74,27.23318673020667
12,75,27.798274497632878
12,76,28.145367425167088
12,77,27.167628853627473
12,78,30.38793797490455
12,79,28.897784661478077
12,80,25.4782967374779
12,81,24.792017381721383
12,82,21.929825591731845
12,83,22.632964858606144
12,84,21.503859711062645
12,85,23.51106613882498
12,86,28.335319238296176
12,87,27.128262926852
12,88,25.989889380672526
12,89,23.69048817881389
12,90,25.822968401379153
12,91,26.45184758436837
12,92,24.917433391790304
12,93,21.449022792798544
12,94,20.763276738479487
12,95,22.166187610876225
12,96,23.66122594591136
12,97,24.381652341043637
12,98,26.1706356966842
12,99,23.26678208043954
12,100,20.39413922325635
12,101,19.784355415704294
12,102,17.11617300712656
12,103,16.564075586793127
12,104,18.8018089573317
12,105,17.131538361831137
12,106,18.988523380272657
12,107,20.972795833556876
12,108,18.506123459046908
12,109,18.9723989429536
12,110,15.54301312679225
12,111,17.449646655993117
12,112,17.352724453883678
12,113,19.127110307591018
12,114,20.547000682719244
12,115,20.66258386804534
12,116,23.820965836065145
12,117,24.518752358916167
12,118,28.10190610570894
12,119,28.55711182919925
12,120,31.556389086540396
13,1,24.887701796288955
13,2,22.58686389996126
13,3,19.91968161072503
13,4,18.148465342302327
13,5,14.521456964738682
13,6,12.974718573101233
13,7,10.228667493922977
13,8,9.016445466372188
13,9,9.114827070387639
13,10,8.981866248087783
13,11,6.309128048546678
13,12,3.8498509232681326
13,14,3.8347920719586095
13,15,7.015494082306284
13,16,10.60978220175689
13,17,13.718956254770507
13,18,17.47793167064944
13,19,20.692423741523175
13,20,24.122049941015753
13,21,27.52277548532111
13,22,29.79515738079299
13,23,28.402700813887048
13,24,24.741235988507132
13,25,25.6334548216523
13,26,22.75078249685549
13,27,19.00851893978465
13,28,16.724775060692686
13,29,12.924163675790252
13,30,10.523489462360043
13,31,6.96234587560071
13,32,5.60997562013256
13,33,4.641983133117067
13,34,8.124097106015343
13,35,11.065314083141256
13,36,14.081951146173717
13,37,16.83656663309954
13,38,16.08570121597501
13,39,13.847251689224924
13,40,14.91168055438078
13,41,16.34181428012328
13,42,16.11769588488063
13,43,18.15266246122881
13,44,17.876376222263534
13,45,21.40451877664379
13,46,22.658503679691552
13,47,26.253136524602073
13,48,28.514525706909094
13,49,29.17732463437811
13,50,25.849377603092105
13,51,24.18423925585678
13,52,20.659580072007618
13,53,20.229766689610116
13,54,17.063122896501525
13,55,18.130623136347417
13,56,18.36803491841725
13,57,21.840342157624423
13,58,24.559853689253774
13,59,22.99389146064271
13,60,21.265877704223637
13,61,17.733790213488113
13,62,17.924687440639243
13,63,14.237198268984887
13,64,13.320745869352418
13,65,10.625381181642021
13,66,9.678936939928418
13,67,8.539672538769587
13,68,9.331851092715045
13,69,10.768118381344275
13,70,13.151117679951728
13,71,14.998197659021363
13,72,18.19991640674314
13,73,19.744887416355898
13,74,23.545677099360294
13,75,24.06541221854344
13,76,24.37570405185323
13,77,23.531159368389037
13,78,26.85480004023145
13,79,25.58744875836903
13,80,22.320522369657326
13,81,22.021149050989973
13,82,19.49939763243093
13,83,20.748249376306433
13,84,20.215033234888722
13,85,22.39174395396401
13,86,26.71945646560205
13,87,25.6284210536548
13,88,24.078990797550254
13,89,21.830769564289774
13,90,23.944073428793786
13,91,24.123320450967842
13,92,22.775339931399337
13,93,19.42581658819085
13,94,18.17523099988403
13,95,19.13789260096623
13,96,20.324218192408594
13,97,20.796243799549273
13,98,22.42188225942019
13,99,19.473371474407436
13,100,16.71336910147137
13,101,16.4163118606572
13,102,13.957097155799236
13,103,14.018194045312232
13,104,16.481756422394326
13,105,15.3458547656549
13,106,17.827744415338078
13,107,19.526443681494506
13,108,17.011292867177406
13,109,18.13972889233265
13,110,14.889732146353712
13,111,16.68885020863922
13,112,15.987833038073472
13,113,17.818092134101995
13,114,18.588516300149866
13,115,18.095942805313257
13,116,20.99281456447698
13,117,21.296191757309362
13,118,24.782528328434747
13,119,25.005149091073317
13,120,27.911706652238372
14,1,21.41682793563552
14,2,19.13927157677227
14,3,16.324253184598447
14,4,14.725286777123202
14,5,11.110629834257313
14,6,10.104730326864892
14,7,8.103793112971342
14,8,7.68467105069579
14,9,9.356023220480076
14,10,10.396370785044457
14,11,8.892849544123198
14,12,6.205969020944502
14,13,3.8347920719586095
14,15,3.777628422115543
14,16,7.032406761924278
14,17,10.386591963952572
14,18,14.04031162971954
14,19,17.426059685179297
14,20,20.902093259430206
14,21,24.4171844278138
14,22,26.697953180886657
14,23,25.375251049207446
14,24,21.703905283438292
14,25,22.93009357852639
14,26,20.083820486526022
14,27,16.274116808237377
14,28,14.094352077927947
14,29,10.389894214726825
14,30,8.283226082761388
14,31,5.65744683095503
14,32,5.639474708476849
14,33,6.391678230592316
14,34,9.29794634413627
14,35,12.352875755906359
14,36,14.622919407528393
14,37,16.98984403925148
14,38,15.39553289590218
14,39,12.449076933234949
14,40,13.117376837836918
14,41,13.797183026226033
14,42,13.470657389799786
14,43,15.14099568548701
14,44,14.782933694492234
14,45,18.316332768387557
14,46,19.607913547350194
14,47,23.300519291476633
14,48,25.67935427198205
14,49,26.909896226224923
14,50,23.414754883987012
14,51,21.783345251462176
14,52,18.184289437320487
14,53,17.844382718616714
14,54,14.712439268591814
14,55,16.006369631107614
14,56,16.374556421232548
14,57,19.559161334073195
14,58,22.65313070286059
14,59,21.456636937680894
14,60,20.21996863026292
14,61,16.860884254525065
14,62,17.571752884982025
14,63,14.266738477070037
14,64,14.257810533948057
14,65,11.763064050351048
14,66,11.953807598844163
14,67,10.370051994862902
14,68,9.775013508728769
14,69,10.563450717709195
14,70,11.865733116859014
14,71,13.580966617036372
14,72,16.340157726481927
14,73,17.79488558766295
14,74,21.54796439677652
14,75,22.290364230645068
14,76,23.094530471657222
14,77,22.366986436468927
14,78,25.70353536930034
14,79,24.507505630193975
14,80,21.357597730712502
14,81,21.23002318007623
14,82,18.945504809356095
14,83,20.185261666302043
14,84,20.003327463471688
14,85,21.653964892079323
14,86,25.70904711052834
14,87,25.161186927110005
14,88,23.793890789556354
14,89,22.085410834828092
14,90,24.639385200455617
14,91,24.82132207518737
14,92,24.049295702497748
14,93,20.59798102891994
14,94,18.988580663141363
14,95,19.82094317311879
14,96,20.377603043495736
14,97,20.824728840452707
14,98,21.976925564299535
14,99,18.64162001264708
14,100,16.166636475778514
14,101,16.094190399180558
14,102,14.41560171928708
14,103,15.170377301866933
14,104,18.199859849291432
14,105,17.76803066979282
14,106,20.399763954647053
14,107,21.543573729975268
14,108,18.616755764684545
14,109,19.63349561497579
14,110,16.18124397454888
14,111,17.1650287874047
14,112,15.728066771843835
14,113,16.782023247305215
14,114,17.18284496710441
14,115,16.69633250827563
14,116,19.324747331041777
14,117,19.62320206872141
14,118,22.993579037741117
14,119,23.242865999836464
