1,2,3.8995572588374903
1,3,6.986441264434224
1,4,10.569219678166863
1,5,13.341403031981987
1,6,17.021361362179277
1,7,19.00021371409728
1,8,22.352939028081405
1,9,25.439050465335267
1,10,28.78762468267913
1,11,28.811843004920043
1,12,27.21766049708547
1,13,24.897489652239436
1,14,21.417299276277785
1,15,18.21061850481869
1,16,14.575311409452036
1,17,12.441305759819503
1,18,9.199075371265302
1,19,9.006343872636352
1,20,12.21525195509481
1,21,11.69042079901014
1,22,14.291003681392034
1,23,15.702934406342226
1,24,19.383289752847052
1,25,21.61290644115685
1,26,24.77151167967687
1,27,25.62377397113661
1,28,28.315306006752227
1,29,28.423667423545258
1,30,29.371471684917484
1,31,26.168933095666954
1,32,22.861295213561647
1,33,20.07726776731316
1,34,16.637514443535284
1,35,14.113759086276165
1,36,10.360694002026078
1,37,8.275008638008362
1,38,5.526628595166288
1,39,5.086462523925148
1,40,6.2910197840015964
1,41,9.363680675320959
1,42,12.502887550102164
1,43,14.415736172972444
1,44,16.948288948252124
1,45,14.464754184423287
1,46,16.60167577850049
1,47,14.458967829694632
1,48,11.397341848666764
1,49,10.347592377112402
1,50,9.679460601088964
1,51,10.439779908239057
1,52,12.008753285341086
1,53,13.980003528124135
1,54,16.178183894267143
1,55,15.237545117554319
1,56,18.991352727165143
1,57,19.64078917300632
1,58,22.222548756309447
1,59,22.143870686266116
1,60,25.580234496911746
1,61,25.261170041842625
1,62,27.176732376524335
1,63,25.555691176037275
1,64,28.06150762162967
1,65,25.656923018230927
1,66,22.139381510285872
1,67,20.49394539073893
1,68,17.065817401045027
1,69,17.00512853083428
1,70,15.021799688889713
1,71,16.662520376831555
1,72,17.57474247018571
1,73,17.476353788941793
1,74,19.881759759329153
1,75,19.201973013254452
1,76,20.317666596992808
1,77,19.64933986852559
1,78,18.953162590040566
1,79,19.80603501888998
1,80,20.430935141053762
1,81,21.355024869961483
1,82,23.58603137522256
1,83,22.18448757255381
1,84,18.831622168653933
1,85,19.21813212211492
1,86,19.549014669354566
1,87,21.416210752700042
1,88,24.174703196065565
1,89,24.207441175456736
1,90,23.043446548763416
1,91,21.51823926645126
1,92,24.341167382193852
1,93,24.018894835819488
1,94,25.716474621743835
1,95,28.93465754606978
1,96,28.56485227633172
1,97,30.9205972797944
1,98,28.579996428646574
1,99,26.116759038178017
1,100,26.142109544583683
1,101,23.914317269646034
1,102,24.651677152632857
1,103,23.55631837073352
1,104,20.887989514135466
1,105,20.57447920484118
1,106,20.76530284863049
1,107,23.094363143625753
1,108,25.642802000424794
1,109,29.195646690590323
1,110,31.596108225823514
1,111,34.320321509705416
1,112,32.71830533319953
1,113,29.40667386863475
1,114,30.24168327530209
1,115,27.92854657415953
1,116,25.78797059590984
1,117,22.080528817891764
1,118,19.446163719112366
1,119,16.848266268572758
1,120,16.067806451543625
1,121,14.581063256582832
1,122,14.651090091718771
1,123,14.870928289713028
1,124,15.915922363174435
1,125,17.554436613976993
1,126,18.085741747662595
2,1,3.8995572588374903
2,3,3.822797861752919
2,4,6.9222851240533005
2,5,10.025816540744174
2,6,13.561976550850757
2,7,15.68510195378141
2,8,19.09815071779944
2,9,22.170681946642343
2,10,25.636688574431517
2,11,25.980026432272382
2,12,24.63253984647319
2,13,22.646457884835957
2,14,19.166436266263037
2,15,16.350261741551765
2,16,12.745897830160677
2,17,11.577889763837854
2,18,9.19087683620999
2,19,10.530945488573588
2,20,13.26614192597013
2,21,11.823609216536743
2,22,13.559122517405727
2,23,14.082098561589746
2,24,17.595066783830195
2,25,19.295422231821153
2,26,22.159261365664975
2,27,22.618257495722297
2,28,25.05235907135049
2,29,24.893510299755736
2,30,25.666079865889643
2,31,22.416326648059936
2,32,19.194265053009293
2,33,16.31454613876474
2,34,12.815890801020856
2,35,10.43466386991175
2,36,6.739716229220106
2,37,5.648530099004774
2,38,4.170338414860337
2,39,6.352392341890546
2,40,8.780311835069327
2,41,12.373897492878074
2,42,15.314965003737292
2,43,17.545537903514187
2,44,20.182738775553716
2,45,17.792733695751203
2,46,19.503083333419326
2,47,16.865007742165776
2,48,13.524035703714672
2,49,11.527755213927037
2,50,9.720751398523406
2,51,9.17335199982006
2,52,9.685437684954914
2,53,11.001404354177275
2,54,12.691162149420634
2,55,11.729191382459874
2,56,15.431372245073874
2,57,16.398038498967658
2,58,18.85193983617995
2,59,18.664729447161168
2,60,22.005655711513217
2,61,21.82942503149416
2,62,24.013334095312835
2,63,22.714830687155303
2,64,25.468416490000532
2,65,23.436724423725146
2,66,20.116825917582158
2,67,19.0751163967502
2,68,16.01723922418626
2,69,16.795265976594838
2,70,15.654478806837627
2,71,17.719691059280617
2,72,19.360489495337923
2,73,19.16693485389298
2,74,21.211281786986792
2,75,20.033681686840044
2,76,21.318321198166604
2,77,20.039523315897828
2,78,18.63424447699277
2,79,18.821260616655834
2,80,18.753903922858107
2,81,19.187055115204586
2,82,20.94703805630482
2,83,19.39605574779961
2,84,16.159776436707812
2,85,16.803783484099586
2,86,16.792447878829964
2,87,18.88298566340362
2,88,21.897219216529646
2,89,21.708825420921976
2,90,20.892367180035794
2,91,19.406576084717273
2,92,22.12254647783442
2,93,22.14495184699382
2,94,23.734507893066638
2,95,27.181384009165225
2,96,27.264315963816426
2,97,29.457933206139103
2,98,26.809464441360642
2,99,24.687771140072257
2,100,25.23411966084085
2,101,23.50482441640467
2,102,24.67358040893855
2,103,24.1624213013562
2,104,21.344424648573213
2,105,20.335126456330464
2,106,19.983052573205565
2,107,21.8127470331139
2,108,23.92972013819257
2,109,27.61356574518472
2,110,29.766286536675555
2,111,32.29292775313509
2,112,30.742998865495284
2,113,27.24012210238042
2,114,27.698238108396005
2,115,25.177307761866665
2,116,22.899624357350678
2,117,19.320600028261175
2,118,16.489434402336098
2,119,14.395569000393388
2,120,14.334744421654682
2,121,13.68598121251858
2,122,14.607997939046607
2,123,15.73076064701397
2,124,17.305904160656123
2,125,19.598682882932305
2,126,20.5007648424934
3,1,6.986441264434224
3,2,3.822797861752919
3,4,3.8061946851100164
3,5,6.647212413111686
3,6,10.331154691264063
3,7,12.88491967600879
3,8,16.000571150883406
3,9,19.334456268336442
3,10,22.666535285422693
3,11,23.208685055772467
3,12,21.669321645170616
3,13,20.000019655363012
3,14,16.372300451128385
3,15,13.874312834625892
3,16,10.24196236227906
3,17,9.840682583926542
3,18,8.223067271888938
3,19,10.693972257755036
3,20,13.328765525063636
3,21,11.830177948692674
3,22,12.557349808839398
3,23,12.72503131559698
3,24,15.775802458712192
3,25,17.28681929098576
3,26,19.826624475466225
3,27,20.304791029749243
3,28,22.61451635729694
3,29,22.463891244316773
3,30,23.05612296469667
3,31,19.669032991731108
3,32,16.233367739512985
3,33,13.78958086569974
3,34,10.280780963903506
3,35,8.582232937662399
3,36,5.638984316557542
3,37,5.461553953582436
3,38,6.5110826670274795
3,39,8.827761197734521
3,40,11.944526187397978
3,41,15.414078063747573
3,42,18.627790734014617
3,43,21.046027046423628
3,44,23.42864543226849
3,45,20.7184362610932
3,46,22.208702194053934
3,47,19.547231404633852
3,48,15.940479330503484
3,49,13.990738063141064
3,50,11.402489459282634
3,51,10.660103777478131
3,52,9.796595198020608
3,53,10.914229877133822
3,54,11.956932715509982
3,55,11.6052523811746
3,56,15.021096096663431
3,57,16.455787557172005
3,58,18.334769332554202
3,59,17.4872440484583
3,60,20.44403254305897
3,61,19.93794005703954
3,62,22.263660535595157
3,63,21.021678313115416
3,64,23.684014239952866
3,65,21.884189025170123
3,66,18.867307017754626
3,67,18.19258192208979
3,68,15.607345451538913
3,69,16.6871276086265
3,70,16.141875010056395
3,71,17.932229282676087
3,72,20.114601603239645
3,73,20.397495960841606
3,74,22.52280220755477
3,75,21.45437382222269
3,76,23.250856666090172
3,77,21.920967273363562
3,78,20.035830521731096
3,79,20.050676517416242
3,80,19.34684269363902
3,81,19.683926716120688
3,82,20.909300816559988
3,83,19.629152982564694
3,84,16.85395517248088
3,85,18.08908484064641
3,86,17.815518695058206
3,87,20.16904535202225
3,88,23.396663137773
3,89,22.868281939331432
3,90,22.3351400004483
3,91,20.67854704124633
3,92,22.991393802989762
3,93,23.03885690375127
3,94,24.14979124805432
3,95,27.69372148838283
3,96,27.965701586872367
3,97,29.732791001937027
3,98,26.750401900797616
3,99,24.734039331108104
3,100,25.47789685968862
3,101,24.1398492050601
3,102,25.24415040929286
3,103,24.98558585607804
3,104,21.82551809402904
3,105,20.492243422705304
3,106,20.173513763155334
3,107,21.418544681427264
3,108,23.33044835075258
3,109,27.128137039053897
3,110,28.843841341179335
3,111,31.407438044710375
3,112,30.24172581116273
3,113,26.620054689412267
3,114,26.9427457579373
3,115,24.02175111164575
3,116,22.027175885964862
3,117,18.665642157359304
3,118,16.08681934108869
3,119,14.657999113469069
3,120,14.890960369165889
3,121,15.126834964463983
3,122,16.128046363749483
3,123,17.881744127717955
3,124,19.217419428952265
3,125,21.688007263836287
3,126,22.333915270966312
4,1,10.569219678166863
4,2,6.9222851240533005
4,3,3.8061946851100164
4,5,3.834792284871948
4,6,7.004873409589876
4,7,9.867853303294883
4,8,12.93508638118066
4,9,16.23272628021879
4,10,19.66350668745586
4,11,20.628266319316364
4,12,19.427365405172452
4,13,18.26671921906026
4,14,14.796032616259959
4,15,13.048562672338214
4,16,9.925276313971994
4,17,10.911372915040767
4,18,10.556194917195642
4,19,13.686007422120504
4,20,15.656246504789905
4,21,13.576650546689653
4,22,13.350345297893957
4,23,12.45814444671422
4,24,14.941862881637542
4,25,15.657215154125755
4,26,17.661266483458824
4,27,17.61571358624175
4,28,19.53279798392045
4,29,19.05020018761824
4,30,19.40035847209527
4,31,15.943273125006115
4,32,12.58215271195454
4,33,10.117087455412051
4,34,6.546281238136235
4,35,5.611077166304453
4,36,4.226131915892028
4,37,6.277691647873655
4,38,8.695675162374856
4,39,11.716033009946141
4,40,14.99620008544765
4,41,18.608471200075943
4,42,21.633572789149703
4,43,24.219661788294744
4,44,26.652892412620897
4,45,24.038435061912256
4,46,25.24074010266845
4,47,22.302378289430756
4,48,18.659405858403087
4,49,16.243148678947975
4,50,13.177978044020369
4,51,11.536058220910904
4,52,9.502255818652053
4,53,9.540566696513713
4,54,9.5069193994513
4,55,9.49387451577402
4,56,12.421014710844858
4,57,14.25666265293339
4,58,15.689558720895311
4,59,14.535351737340616
4,60,17.191103584114718
4,61,16.78736858419152
4,62,19.426845716615897
4,63,18.62185410999086
4,64,21.496127142625028
4,65,20.223053892234322
4,66,17.612258837581116
4,67,17.706232802340026
4,68,15.764116631464569
4,69,17.597621414552258
4,70,17.84953791541243
4,71,19.886594544891683
4,72,22.523570993480917
4,73,22.686203151007216
4,74,24.439242331895528
4,75,23.00791314064646
4,76,24.87543407449612
4,77,23.10835846271481
4,78,20.69697892410659
4,79,20.105664857904113
4,80,18.700517510247597
4,81,18.508132158687058
4,82,19.067685738365423
4,83,17.760670266180608
4,84,15.412264134996938
4,85,16.990078332110844
4,86,16.370287854680527
4,87,18.906005182532667
4,88,22.237429969124445
4,89,21.410894704239166
4,90,21.26814131212725
4,91,19.677163639983167
4,92,21.681396475149423
4,93,22.058301564658713
4,94,22.93469504397267
4,95,26.598496722335394
4,96,27.32294890723872
4,97,28.835430602959867
4,98,25.591464361740396
4,99,24.00216360065363
4,100,25.252781976839316
4,101,24.46774092154869
4,102,25.92520185060428
4,103,26.20594552361048
4,104,23.038953821224492
4,105,21.12930615825473
4,106,20.310239109776568
4,107,20.938100903966156
4,108,22.289120654175186
4,109,26.10645963318951
4,110,27.474685060564216
4,111,29.77550352531899
4,112,28.728815002708398
4,113,24.981374327590018
4,114,24.87156344929729
4,115,21.731205582509116
4,116,19.69051657394318
4,117,16.65939797910078
4,118,14.067574418482327
4,119,13.515863557025565
4,120,14.545169532515716
4,121,15.674622626483824
4,122,17.2999489857683
4,123,19.647301871597943
4,124,21.30293050751058
4,125,24.157337445990297
4,126,25.073914993004866
5,1,13.341403031981987
5,2,10.025816540744174
5,3,6.647212413111686
5,4,3.834792284871948
5,6,3.7951819910395406
5,7,6.622485745455205
5,8,9.410522946622832
5,9,12.881888658222458
5,10,16.137154909441076
5,11,17.00591362459057
5,12,15.643073967119898
5,13,14.635260384351657
5,14,11.17540494509169
5,15,9.906734117551704
5,16,7.350751994280466
5,17,9.505887583913518
5,18,10.47633086324717
5,19,14.148639372002535
5,20,15.357057209061672
5,21,13.137557168708673
5,22,11.85047475194329
5,23,10.423674434276716
5,24,12.141293656405441
5,25,12.589509802183201
5,26,14.295867397524047
5,27,14.4654114141083
5,28,16.48736966414616
5,29,16.394748984369993
5,30,16.980457395040677
5,31,13.666686484246316
5,32,10.001022030509427
5,33,8.292201589812663
5,34,5.64307177831526
5,35,5.369346261888165
5,36,5.956290990566223
5,37,7.497018454389144
5,38,10.872852984098202
5,39,13.52313930783217
5,40,17.138397407224137
5,41,20.565917285538966
5,42,23.725005680089346
5,43,26.62492308212887
5,44,28.700672591425494
5,45,25.837624696594556
5,46,26.62601340752707
5,47,23.629868699347803
5,48,19.87764801040766
5,49,17.555478614934454
5,50,14.07137106415879
5,51,12.595953306565795
5,52,9.734565141978374
5,53,9.98322501976426
5,54,9.798745442620074
5,55,11.117489818336031
5,56,13.546354338966596
5,57,15.108713362953631
5,58,15.634599634116523
5,59,13.600941637401965
5,60,15.751767306738584
5,61,14.61370950398941
5,62,17.016091169124323
5,63,16.004802789951633
5,64,18.583186855479127
5,65,17.43394446712224
5,66,15.189082778607863
5,67,15.615759102423715
5,68,14.322423559826717
5,69,16.398849512593078
5,70,17.32038484861527
5,71,19.16005301571102
5,72,22.241003562550908
5,73,22.645366996895362
5,74,24.265646669023194
5,75,22.916635468991608
5,76,25.212730519527362
5,77,23.481518229980267
5,78,20.734543717304124
5,79,20.143766330215595
5,80,18.291234287372685
5,81,18.298230074077455
5,82,18.489244484430458
5,83,17.86183890109625
5,84,16.227188525995516
5,85,18.50705438494888
5,86,18.204360309296796
5,87,21.124996851858832
5,88,24.262283934348563
5,89,22.89801826283741
5,90,22.637065173333685
5,91,20.63046736310911
5,92,22.014579606368088
5,93,22.08049900782995
5,94,22.32098623282337
5,95,25.88080749129896
5,96,26.59640628467095
5,97,27.615473489566273
5,98,24.16796830966701
5,99,22.615433699523617
5,100,23.926282323699603
5,101,23.522407412954966
5,102,24.855635600314972
5,103,25.410435538378103
5,104,22.07538680678824
5,105,19.88394563952144
5,106,19.122364185798915
5,107,19.154601971788274
5,108,20.312173553944053
5,109,24.114359333834752
5,110,25.064464506608957
5,111,27.438657874662475
5,112,26.81338697247938
5,113,23.08760259092785
5,114,23.05225908767505
5,115,19.62767122368606
5,116,18.13535880397858
5,117,15.393243895560275
5,118,13.537333285854828
5,119,13.48921132517317
5,120,14.380961943451712
5,121,16.185944253737027
5,122,17.633776902082076
5,123,20.438871542886034
5,124,21.81058156125814
5,125,24.80399095594857
5,126,25.594864739899993
6,1,17.021361362179277
6,2,13.561976550850757
6,3,10.331154691264063
6,4,7.004873409589876
6,5,3.7951819910395406
6,7,3.81190990172256
6,8,6.046267819594867
6,9,9.500626243756422
6,10,12.79194503883827
6,11,14.179906565990617
6,12,13.26573319772182
6,13,13.036030238583285
6,14,10.103401165202776
6,15,10.16431438834056
6,16,8.934455378240418
6,17,12.00538903552088
6,18,13.737552576540466
6,19,17.527847541186734
6,20,18.212269929322822
6,21,15.739516806564335
6,22,13.754209834668375
6,23,11.483475406777423
6,24,12.141567866136112
6,25,11.48345235756607
6,26,12.229085493320149
6,27,11.762099405257539
6,28,13.243966555115344
6,29,12.906533080858104
6,30,13.309099358497374
6,31,10.019401315852257
6,32,6.277336099511306
6,33,5.324018121572199
6,34,4.297735790635004
6,35,5.838679316682475
6,36,8.3438884656375
6,37,10.472481960283115
6,38,14.063373844720575
6,39,16.884096343161698
6,40,20.50645329181093
6,41,23.95046726150676
6,42,26.971570162585298
6,43,29.99212107204695
6,44,32.042565779897174
6,45,29.234328989394427
6,46,29.775550469525804
6,47,26.629181574169078
6,48,22.91969152587513
6,49,20.387736256566217
6,50,16.745190648099555
6,51,14.86023368872063
6,52,11.443661162940042
6,53,10.858120518818
6,54,9.659796489053004
6,55,11.616253700082963
6,56,13.07689530657569
6,57,14.721260665630192
6,58,14.38999937887873
6,59,11.757516951036996
6,60,13.141357183286582
6,61,11.782096283892372
6,62,14.384877505804429
6,63,13.867479326099934
6,64,16.48013648261999
6,65,16.04593229121071
6,66,14.530469873236353
6,67,15.83043462756539
6,68,15.413612766389985
6,69,18.008536625192264
6,70,19.59061736128422
6,71,21.504705487660154
6,72,24.859435995309454
6,73,25.184768986196715
6,74,26.460348381031235
6,75,24.888118177474883
6,76,27.23900278602692
6,77,25.235957281975935
6,78,22.125773178848625
6,79,21.080151636092936
6,80,18.62484041370732
6,81,18.218299702587412
6,82,17.6474129466784
6,83,17.278809524850107
6,84,16.390186740711382
6,85,19.009109437328878
6,86,18.55691567425489
6,87,21.57848731876212
6,88,24.599175638224256
6,89,22.881489462878182
6,90,22.908573428322182
6,91,20.923242014056935
6,92,21.792228641019562
6,93,22.048687069738843
6,94,21.877189579362952
6,95,25.3902636690475
6,96,26.490851867048182
6,97,27.114001674309193
6,98,23.463546710946687
6,99,22.38454464667909
6,100,24.129264802403576
6,101,24.317742613726974
6,102,25.880636481125546
6,103,26.920749026952926
6,104,23.668611451507378
6,105,21.043213810415246
6,106,19.899753811998572
6,107,19.218161315174605
6,108,19.71049002381915
6,109,23.37957170244744
6,110,23.829396410934365
6,111,25.899546043884612
6,112,25.537660626139306
6,113,21.79627930454926
6,114,21.33988574336074
6,115,17.683431153117656
6,116,16.421767967565145
6,117,14.324012956161507
6,118,12.920218337526737
6,119,13.896651365966076
6,120,15.337912268055625
6,121,17.83867691384796
6,122,19.616843458304395
6,123,22.784394112836992
6,124,24.295052923108138
6,125,27.50227230820268
6,126,28.457271001426083
7,1,19.00021371409728
7,2,15.68510195378141
7,3,12.88491967600879
7,4,9.867853303294883
7,5,6.622485745455205
7,6,3.81190990172256
7,8,3.8084976092402614
7,9,6.491476342807692
7,10,10.032938785713549
7,11,11.004761102359028
7,12,10.648678284355961
7,13,10.323815401037434
7,14,8.112326415047413
7,15,8.897942322435467
7,16,8.952197384843561
7,17,12.42058503419605
7,18,14.872888407193141
7,19,18.657300299402
7,20,18.445167480702086
7,21,15.579854775765586
7,22,13.046178588567864
7,23,10.000743550735548
7,24,9.83842703264404
7,25,8.275800302667488
7,26,8.670944875132907
7,27,8.01963823365387
7,28,9.873501735209608
7,29,10.166055591325161
7,30,11.497241053739838
7,31,9.007632618285896
7,32,5.742214571447509
7,33,5.2000485552098
7,34,6.23265791087092
7,35,6.735589035464283
7,36,9.761386334761555
7,37,11.429633784983787
7,38,15.205316596380255
7,39,17.86791813632378
7,40,21.48923136212591
7,41,24.782053310926962
7,42,27.61047588198848
7,43,30.899028498126434
7,44,32.70355241133911
7,45,29.937294587270667
7,46,29.994753648593704
7,47,26.691046104202016
7,48,23.098639193749964
7,49,20.44525691360961
7,50,16.69000993889078
7,51,14.709533494356213
7,52,10.97127428110691
7,53,10.352913133150915
7,54,9.360757007258076
7,55,12.358299553024615
7,56,13.483920208608856
7,57,14.274339454035092
7,58,13.144380946613234
7,59,9.906378158545408
7,60,10.956982922654621
7,61,8.779277291611058
7,62,10.87647070272646
7,63,10.115288583632136
7,64,12.677576798580036
7,65,12.443557485587915
7,66,11.326728079843772
7,67,13.231094591942275
7,68,13.576377185739025
7,69,16.60665119879313
7,70,18.841906956523275
7,71,20.946618998572617
7,72,24.527925667841444
7,73,24.60488971818203
7,74,25.404460934793537
7,75,23.615365108159054
7,76,26.041090822675518
7,77,23.888299076285055
7,78,20.507449477887242
7,79,19.26644129409633
7,80,16.437166138924198
7,81,16.11676394759623
7,82,15.254615199940398
7,83,15.609838532067059
7,84,15.459111309307092
7,85,18.60801621360955
7,86,18.71645234960598
7,87,22.089190627633343
7,88,24.678124097598733
7,89,22.42495358898352
7,90,22.148664907481418
7,91,19.776059180410908
7,92,20.012531448433602
7,93,19.95056229905398
7,94,19.24452094146683
7,95,22.576746794355184
7,96,23.719086523593234
7,97,23.98100789245071
7,98,20.248521889186655
7,99,19.366230357779028
7,100,21.31280346324286
7,101,21.949842148932674
7,102,23.657526561488535
7,103,25.13435659884729
7,104,22.056848707918977
7,105,19.058226468100816
7,106,17.602292450329095
7,107,16.368262928916298
7,108,16.432091771272876
7,109,19.983004780468505
7,110,20.199523081654533
7,111,22.18326730777203
7,112,21.977514599091887
7,113,18.28520787574428
7,114,17.86325219610466
7,115,14.118156986597906
7,116,13.286601315822445
7,117,11.51635402664519
7,118,10.994238477854958
7,119,12.398371499511617
7,120,13.774289965319491
7,121,16.80969843654544
7,122,18.628794722292824
7,123,22.122092094068506
7,124,23.648869151966156
7,125,27.054801916450685
7,126,28.233742711962243
8,1,22.352939028081405
8,2,19.09815071779944
8,3,16.000571150883406
8,4,12.93508638118066
8,5,9.410522946622832
8,6,6.046267819594867
8,7,3.8084976092402614
8,9,3.8206288257161347
8,10,6.766049168665264
8,11,8.388975460251894
8,12,8.046085185623227
8,13,9.020400588114361
8,14,7.628195024413607
8,15,9.860961051959794
8,16,10.906193374808685
8,17,14.643020174419954
8,18,17.45655396397373
8,19,21.276654712078486
8,20,20.922725645548176
8,21,18.344161108828697
8,22,15.369228428087531
8,23,12.408097184288959
8,24,11.140914896468358
8,25,9.01692143255132
8,26,7.906230387875685
8,27,7.092783772648232
8,28,8.151101030590487
8,29,8.705241636259197
8,30,9.793092212473516
8,31,7.7646355010942045
8,32,4.9668189690206335
8,33,6.892281900315646
8,34,8.933059376426886
8,35,10.363241589105563
8,36,13.43919451808986
8,37,15.0469430128349
8,38,18.847455156438972
8,39,21.34551571962379
8,40,25.028165747362824
8,41,28.230714211526703
8,42,31.164912807376073
8,43,34.48083413661957
8,44,36.16570189878172
8,45,33.26515709087574
8,46,33.24893588387203
8,47,30.03093432289093
8,48,26.42348960736644
8,49,23.948996287508262
8,50,20.173452223096064
8,51,18.396968110546535
8,52,14.662797229416404
8,53,14.06354220373281
8,54,12.780976908110642
8,55,15.716616217800391
8,56,16.297252731488395
8,57,17.24903522375061
8,58,15.575012505457043
8,59,12.019182766104509
8,60,11.888697084087541
8,61,9.19916678817955
8,62,10.932541483000705
8,63,10.4913606634026
8,64,12.322814542388697
8,65,12.812416445762173
8,66,12.721294233721467
8,67,15.005199748847536
8,68,16.042859706716957
8,69,18.939771481620987
8,70,21.44135185944668
8,71,23.16729719542516
8,72,26.87544088035515
8,73,27.244296988001867
8,74,28.04135990366797
8,75,26.437252441215705
8,76,29.07399738649925
8,77,27.025994729708177
8,78,23.577281553867543
8,79,22.35116463728617
8,80,19.32824475882988
8,81,18.991269718079053
8,82,17.67170946036108
8,83,18.370725825155997
8,84,18.717913218996024
8,85,21.93653412675181
8,86,21.899140159741467
8,87,25.18295749139609
8,88,27.736036733004045
8,89,25.365733164135136
8,90,25.283240702703754
8,91,22.95140230351845
8,92,22.80758682509769
8,93,22.730000337142222
8,94,21.583438210220105
8,95,24.67275518233869
8,96,25.90879697295349
8,97,25.6630065607625
8,98,21.86192164706261
8,99,21.23016918355015
8,100,23.224609249480178
8,101,24.234789436162732
8,102,25.757838285355618
8,103,27.3858732450809
8,104,24.267397557828158
8,105,21.229856651257577
8,106,19.934213055116473
8,107,18.13942807663781
8,108,17.814413195709125
8,109,21.061581460334263
8,110,20.582347171922105
8,111,22.41143684452148
8,112,22.797188414914956
8,113,19.313520193479032
8,114,18.729816968365586
8,115,14.825197367861358
8,116,14.743888077404979
8,117,13.811600244530549
8,118,13.955070895979237
8,119,15.773063207243544
8,120,17.093702726554515
8,121,20.275840922482057
8,122,21.9162242296468
8,123,25.470882030142803
8,124,26.760198918188127
8,125,30.097228441959135
8,126,31.073231493203252
9,1,25.439050465335267
9,2,22.170681946642343
9,3,19.334456268336442
9,4,16.23272628021879
9,5,12.881888658222458
9,6,9.500626243756422
9,7,6.491476342807692
9,8,3.8206288257161347
9,10,3.808119013289614
9,11,5.850465634582725
9,12,7.249061007371845
9,13,8.953849646565573
9,14,9.158696060404115
9,15,11.979744221109785
9,16,13.750480407105174
9,17,17.463400615408894
9,18,20.506380157735048
9,19,24.252719541692194
9,20,23.40646735548085
9,21,20.601908714223367
9,22,17.44164437444663
9,23,14.10488921581181
9,24,12.18006888503397
9,25,9.081204166826183
9,26,6.599640265110107
9,27,4.485399440486463
9,28,4.466200951708805
9,29,5.725017693004119
9,30,7.716453071609446
9,31,7.284700234463067
9,32,6.361560641857996
9,33,8.554231261282327
9,34,11.509254570257877
9,35,12.747411601066574
9,36,16.09212517359366
9,37,17.69897699314635
9,38,21.46508685275099
9,39,23.974883744572455
9,40,27.567526349571637
9,41,30.701142865199213
9,42,33.41351478068646
9,43,36.85499071559518
9,44,38.44281374795521
9,45,35.663199385681416
9,46,35.33063547985382
9,47,31.99404279894194
9,48,28.542733024897238
9,49,25.930786573540686
9,50,22.191784000806265
9,51,20.231685859929726
9,52,16.456032701310985
9,53,15.538560012578806
9,54,14.09812164250296
9,55,17.3628602970441
9,56,17.35931957811485
9,57,17.807797548459458
9,58,15.402871467147888
9,59,11.63316912005904
9,60,10.52120871791856
9,61,7.273596794350752
9,62,8.23753358704813
9,63,8.340709271236271
9,64,9.815277091159606
9,65,11.335366733907664
9,66,12.28390509665642
9,67,15.272933390201985
9,68,17.063215226120867
9,69,20.233378758438377
9,70,23.171181748106065
9,71,25.045094566886032
9,72,28.833800738525124
9,73,28.94966608122539
9,74,29.295910193797116
9,75,27.461063667781648
9,76,30.014581776314923
9,77,27.773327676438782
9,78,24.14547659494978
9,79,22.59894665198891
9,80,19.242549959389844
9,81,18.69662395293595
9,82,16.823607633566745
9,83,18.04658045626668
9,84,19.17183631097726
9,85,22.592204970343342
9,86,22.7703740584257
9,87,26.12979126975212
9,88,28.30093944768225
9,89,25.561126430795515
9,90,25.46642431556291
9,91,23.06853999301045
9,92,22.305456665866696
9,93,22.187600493966684
9,94,20.557652488024765
9,95,23.338044487532702
9,96,24.826612481362062
9,97,24.130168312954183
9,98,20.323145162054914
9,99,20.23008918727356
9,100,22.55894351889697
9,101,24.142597824505852
9,102,25.872662555957383
9,103,27.96219596005714
9,104,25.141819616485094
9,105,21.81491075402033
9,106,20.152007448047822
9,107,17.765062183178763
9,108,16.678334204561107
9,109,19.50049201093647
9,110,18.497085157905197
9,111,19.879339917329332
9,112,20.54595058517825
9,113,17.268548857706527
9,114,16.34932915736529
9,115,12.470812233368335
9,116,13.00840256141427
9,117,13.043285225634651
9,118,14.02720784988498
9,119,16.402345624319068
9,120,17.87308008639349
9,121,21.38598029686525
9,122,23.17182391336177
9,123,26.890285942171868
9,124,28.285437682029354
9,125,31.75643553544307
9,126,32.96385730987728
10,1,28.78762468267913
10,2,25.636688574431517
10,3,22.666535285422693
10,4,19.66350668745586
10,5,16.137154909441076
10,6,12.79194503883827
10,7,10.032938785713549
10,8,6.766049168665264
10,9,3.808119013289614
10,11,3.7957271175732608
10,12,5.931822842945054
10,13,8.941097803825086
10,14,10.325718983814891
10,15,13.779187238144706
10,16,16.159440839575595
10,17,19.87115508309077
10,18,23.163960087147395
10,19,26.854673621376946
10,20,25.76532481969871
10,21,23.19719376675299
10,22,19.7645740616453
10,23,16.6064627030144
10,24,14.005149774293091
10,25,10.879961119094917
10,26,7.5234287395908215
10,27,6.125911792874693
10,28,5.084305342419227
10,29,7.11011998700137
10,30,8.84308693223304
10,31,9.514287351293396
10,32,9.378034857290304
10,33,12.150308284893168
10,34,15.130701783503213
10,35,16.49760103243106
10,36,19.752868093135643
10,37,21.150801801932385
10,38,24.942540288551665
10,39,27.243536524700545
10,40,30.871026119900286
10,41,33.86922768632804
10,42,36.64541081420813
10,43,40.14809872174311
10,44,41.55429103549102
10,45,38.66014383884092
10,46,38.18071321923244
10,47,34.93524655613488
10,48,31.51497921737937
10,49,29.09371404022769
10,50,25.36657548765372
10,51,23.651072536240445
10,52,19.924559011173713
10,53,19.221566910448878
10,54,17.87926447388727
10,55,21.156215439164075
10,56,21.009384691527224
10,57,21.40903732235973
10,58,18.769216677802763
10,59,15.005461325664644
10,60,13.331137714466138
10,61,10.034269663262195
10,62,10.024986863450083
10,63,10.112870642375057
10,64,10.27479819402134
10,65,12.314725362762351
10,66,14.125217486386967
10,67,17.14521598276827
10,68,19.425348243904974
10,69,22.368883200319335
10,70,25.496507907389322
10,71,27.034321508884247
10,72,30.876039738707842
10,73,31.20369390634234
10,74,31.488158520085804
10,75,29.8488808166086
10,76,32.58061303731241
10,77,30.498340862035782
10,78,26.881460706004987
10,79,25.46254298949641
10,80,22.089823269884626
10,81,21.719365130691706
10,82,19.710947134680655
10,83,21.287447031462403
10,84,22.70829264634127
10,85,26.189669202685774
10,86,26.42425049264453
10,87,29.762351953829576
10,88,31.83073556305939
10,89,28.979043673792372
10,90,28.876955749175814
10,91,26.42023942302651
10,92,25.340455804473827
10,93,25.0440229381245
10,94,23.022813408707123
10,95,25.44024645216982
10,96,26.851425309447265
10,97,25.654073777784532
10,98,21.94601303419506
10,99,22.002787873626744
10,100,24.215482583990006
10,101,26.08615551950601
10,102,27.56607011149046
10,103,29.763096320377223
10,104,26.98876193151869
10,105,23.710530255388782
10,106,22.268118783080894
10,107,19.48440932518331
10,108,18.14812652927697
10,109,20.499257759181855
10,110,18.817991663722548
10,111,20.029227015245905
10,112,21.356836388394125
10,113,18.51335023888542
10,114,17.671893130254357
10,115,14.000662019429694
10,116,15.359217516013805
10,117,15.9586110038859
10,118,17.438382997706817
10,119,19.82284072602962
10,120,21.047185302736622
10,121,24.578469008340424
10,122,26.11202630905433
10,123,29.842425663020304
10,124,30.976448724521155
10,125,34.353513881588874
10,126,35.385432372358885
11,1,28.811843004920043
11,2,25.980026432272382
11,3,23.208685055772467
11,4,20.628266319316364
11,5,17.00591362459057
11,6,14.179906565990617
11,7,11.004761102359028
11,8,8.388975460251894
11,9,5.850465634582725
11,10,3.7957271175732608
11,12,3.8048964866685577
11,13,6.274343389120797
11,14,8.84814146049212
11,15,12.365009276173277
11,16,15.384043637533958
11,17,18.874351031705647
11,18,22.435111782135014
11,19,25.9194660950222
11,20,24.265312776724965
11,21,21.78215642043751
11,22,18.162872683568256
11,23,15.114375159065798
11,24,11.937933865753148
11,25,8.844870205649096
11,26,5.180518462356799
11,27,5.479485494549799
11,28,6.220026508401213
11,29,9.519831933569
11,30,12.083420731445468
11,31,12.758119868869507
11,32,12.111105054829295
11,33,14.241657179498606
11,34,16.85898979307192
11,35,17.458448009102867
11,36,20.34350676125414
11,37,21.102183847152418
11,38,24.823394499925133
11,39,26.708542990453854
11,40,30.27016324228745
11,41,32.9831501960418
11,42,35.706283635024235
11,43,39.33312258950857
11,44,40.41260880895626
11,45,37.46244790679276
11,46,36.666989854780475
11,47,33.51358862845888
11,48,30.233020459987863
11,49,28.047793804461886
11,50,24.418875951247497
11,51,23.100487758038955
11,52,19.562605262316993
11,53,19.436440355010998
11,54,18.799238484745278
11,55,22.37374433712102
11,56,22.65355614907084
11,57,22.547973234588962
11,58,19.964403819540735
11,59,16.199644066422707
11,60,14.985944420974027
11,61,11.270886108636196
11,62,10.156718564472452
11,63,9.008425018969724
11,64,7.972917386092816
11,65,9.621617272637373
11,66,11.877872454789735
11,67,14.75200368258732
11,68,17.473940556040322
11,69,20.195887667816297
11,70,23.545647739677225
11,71,24.90183149931688
11,72,28.748229455393005
11,73,29.0866155238889
11,74,29.1796897520334
11,75,27.701421773552596
11,76,30.590988379965403
11,77,28.74496459592722
11,78,25.215689707618786
11,79,24.123130085052225
11,80,20.9297676786024
11,81,21.140489778429963
11,82,19.517024976133285
11,83,21.63659939586005
11,84,23.12117005812799
11,85,26.79601672306052
11,86,27.54709043962449
11,87,31.101553516520628
11,88,32.97316898153068
11,89,29.950324869666858
11,90,29.36891977533154
11,91,26.534777051824104
11,92,25.238467010390114
11,93,24.370204603447473
11,94,22.003210442004647
11,95,24.106061238947493
11,96,25.076973864638937
11,97,23.585566547377766
11,98,20.007011688590858
11,99,19.790744939777213
11,100,21.66808192568957
11,101,23.62513637105028
11,102,24.81870156934983
11,103,27.070748612841555
11,104,24.402273588204157
11,105,21.18012000471385
11,106,19.976665379843627
11,107,16.95028492780188
11,108,15.68207946718882
11,109,17.811992266177214
11,110,15.931969635651331
11,111,17.5070396758468
11,112,19.192353569561895
11,113,16.6183223636409
11,114,16.483117397837432
11,115,13.002786355101216
11,116,15.058802056335345
11,117,15.546066244695641
11,118,17.604403773875728
11,119,19.534500246579807
11,120,20.127872284866193
11,121,23.570321566821733
11,122,24.679120331888942
11,123,28.38022285712559
11,124,29.200189746164998
11,125,32.47294500430059
11,126,33.42049709383592
12,1,27.21766049708547
12,2,24.63253984647319
12,3,21.669321645170616
12,4,19.427365405172452
12,5,15.643073967119898
12,6,13.26573319772182
12,7,10.648678284355961
12,8,8.046085185623227
12,9,7.249061007371845
12,10,5.931822842945054
12,11,3.8048964866685577
12,13,3.840234220526331
12,14,6.176707616266231
12,15,9.917280298644771
12,16,13.104827725179735
12,17,16.4998496142782
12,18,20.132080337446965
12,19,23.546439511672602
12,20,22.001914968916076
12,21,19.957279811712176
12,22,16.235146604143356
12,23,13.726742422456079
12,24,10.460605735107698
12,25,8.384607563620436
12,26,5.80673264807366
12,27,7.7200459491789735
12,28,9.371937866676635
12,29,12.27624769269826
12,30,14.40748182268444
12,31,14.193019189344787
12,32,12.619125699810333
12,33,14.732641645878886
12,34,16.686074045827635
12,35,17.203232881981336
12,36,19.653664310826496
12,37,20.025280694506343
12,38,23.732577577590565
12,39,25.30213166077754
12,40,28.93714445522677
12,41,31.523863459712217
12,42,34.49873921704833
12,43,38.07065648912334
12,44,39.02742008596414
12,45,35.85509427208076
12,46,35.20020172491545
12,47,32.26216885069297
12,48,28.87772333266394
12,49,27.040134622513563
12,50,23.41356822498648
12,51,22.564414443642924
12,52,19.154003044156173
12,53,19.60795069477287
12,54,19.343395609734582
12,55,22.77060295397313
12,56,23.578009508384653
12,57,23.746667710408264
12,58,21.639001005854603
12,59,17.89438394961023
12,60,17.27990897881968
12,61,13.61879310753682
12,62,13.017683068585011
12,63,11.257312403731852
12,64,10.374104051905821
12,65,10.734314605563585
12,66,12.181674548685745
12,67,14.255225917810218
12,68,16.603311517937215
12,69,18.822789132914732
12,70,21.91858347374286
12,71,22.812996629922
12,72,26.637636198293063
12,73,27.419689973087383
12,74,27.93280925701307
12,75,26.890382786407944
12,76,30.051898324952727
12,77,28.579987873982695
12,78,25.256464819963718
12,79,24.663188295033102
12,80,21.818303302297316
12,81,22.461374218222524
12,82,21.36550233702189
12,83,23.283204958922905
12,84,24.220611717234444
12,85,27.83511306155479
12,86,28.55717262660833
12,87,32.120178274888026
12,88,34.26580879981809
12,89,31.469842283502857
12,90,30.772300478662245
12,91,27.84732375324462
12,92,26.953205712050952
12,93,25.908505031494748
12,94,23.769844358272138
12,95,26.028807746577098
12,96,26.593918938355266
12,97,25.326504385315406
12,98,21.785999430952987
12,99,20.932569396572394
12,100,22.285521300864648
12,101,23.740930089861347
12,102,24.464153118916943
12,103,26.24918438049184
12,104,23.251606024823644
12,105,20.39239968561601
12,106,19.8227683162763
12,107,17.17570751378064
12,108,16.73173163730323
12,109,19.170594612738057
12,110,17.646116106422998
12,111,19.819921075206203
12,112,21.46272559225477
12,113,18.815804796718826
12,114,19.19248735945301
12,115,15.652131400145935
12,116,17.41811269658366
12,117,17.150963663790396
12,118,18.811438918372602
12,119,20.185088022834684
12,120,20.348203007763296
12,121,23.474937891830095
12,122,24.15839698061079
12,123,27.699360102790763
12,124,28.14020721096973
12,125,31.18062101561749
12,126,31.72643422007174
13,1,24.897489652239436
13,2,22.646457884835957
13,3,20.000019655363012
13,4,18.26671921906026
13,5,14.635260384351657
13,6,13.036030238583285
13,7,10.323815401037434
13,8,9.020400588114361
13,9,8.953849646565573
13,10,8.941097803825086
13,11,6.274343389120797
13,12,3.840234220526331
13,14,3.8334210944319587
13,15,7.011679482811839
13,16,10.613812553415524
13,17,13.66325337571864
13,18,17.418296540223505
13,19,20.61860488227997
13,20,18.656647965042794
13,21,16.623626732914076
13,22,12.841257344931654
13,23,10.509902343380165
13,24,6.953177677177146
13,25,5.615046812178923
13,26,4.643461878377325
13,27,8.040701654348373
13,28,10.942877737271724
13,29,14.03517227901245
13,30,16.599321776784283
13,31,16.020202789775915
13,32,13.905589263469315
13,33,15.129922108809176
13,34,16.49381460387014
13,35,16.171658831335755
13,36,18.07955772636423
13,37,17.805844331027725
13,38,21.338627426974497
13,39,22.522820157672538
13,40,26.054497310430772
13,41,28.410273940648597
13,42,31.33316569110384
13,43,34.96100075979285
13,44,35.707362979185106
13,45,32.51964821008343
13,46,31.691851299652075
13,47,28.8235294517158
13,48,25.533659339656257
13,49,23.890886858473912
13,50,20.383118000574953
13,51,19.923395135901714
13,52,16.797703111516242
13,53,17.862128024448833
13,54,18.32625100174292
13,55,21.838056329317283
13,56,23.164455228589528
13,57,22.974489622857625
13,58,21.209444792552542
13,59,17.65112533883952
13,60,17.778297198536308
13,61,14.09868493446961
13,62,13.257384512135207
13,63,10.564806355288464
13,64,9.629663952389027
13,65,8.60866966961578
13,66,9.354215471065439
13,67,10.805248736094505
13,68,13.12909642154862
13,69,15.1133579952444
13,70,18.262422434744998
13,71,19.11796495206889
13,72,22.94417338511273
13,73,23.680656134203787
13,74,24.157778735180624
13,75,23.23949637243486
13,76,26.503824085603142
13,77,25.250122295779143
13,78,22.080982353350517
13,79,21.87340882537446
13,80,19.37115383889087
13,81,20.56080772287235
13,82,20.066240146227237
13,83,22.139124283823232
13,84,22.80988296368729
13,85,26.450191209836788
13,86,27.567389152672565
13,87,31.25384553486641
13,88,33.30387210500263
13,89,30.520019338149798
13,90,29.410633256598025
13,91,26.232661564700862
13,92,25.450735013648764
13,93,23.99375014469933
13,94,21.903833235847507
13,95,24.11395023008283
13,96,24.22460377465576
13,97,23.129667659338278
13,98,19.713064923000182
13,99,18.31735208602136
13,100,19.244676722277806
13,101,20.39244921221915
13,102,20.881402276821778
13,103,22.505053174461036
13,104,19.4540867253549
13,105,16.700567389063664
13,106,16.429919768461797
13,107,13.995480696630477
13,108,14.152877924979068
13,109,16.801989916195286
13,110,15.79552906256984
13,111,18.52264539711994
13,112,19.918338385838574
13,113,17.25429416185018
13,114,18.291976470874044
13,115,14.93430130248701
13,116,16.633859118731134
13,117,15.767141292415031
13,118,17.486870675070293
13,119,18.207511908724417
13,120,17.75629659719891
13,121,20.62412879419887
13,122,20.91616975052649
13,123,24.358927617131194
13,124,24.573005250488347
13,125,27.52887427587054
13,126,28.032788851851542
14,1,21.417299276277785
14,2,19.166436266263037
14,3,16.372300451128385
14,4,14.796032616259959
14,5,11.17540494509169
14,6,10.103401165202776
14,7,8.112326415047413
14,8,7.628195024413607
14,9,9.158696060404115
14,10,10.325718983814891
14,11,8.84814146049212
14,12,6.176707616266231
14,13,3.8334210944319587
14,15,3.7701851373117754
14,16,7.0225454771825335
14,17,10.3258599946578
14,18,13.985634451088046
14,19,17.374897086894215
14,20,15.948641063223068
14,21,13.987466442449108
14,22,10.330724398301594
14,23,8.245235277653695
14,24,5.64283080438459
14,25,5.618362473732822
14,26,6.390837050639919
14,27,9.192998541882464
14,28,12.237869894442357
14,29,14.619444203534451
14,30,16.75387329370968
14,31,15.306755758903874
14,32,12.457117333909512
14,33,13.238331331571437
14,34,13.864962124920112
14,35,13.44911705553787
14,36,14.999688969006364
14,37,14.652345242859237
14,38,18.207989345731818
14,39,19.434661293819346
14,40,23.071116273454987
