1,2,3.8525056300435803
1,3,6.829761328137097
1,4,10.462069928942883
1,5,13.203927532469896
1,6,16.899073802290964
1,7,18.896962508368823
1,8,22.251802107219937
1,9,25.39400622094886
1,10,28.732297252479125
1,11,28.78956043557048
1,12,27.1487325597891
1,13,24.781211197501577
1,14,21.307442915365712
1,15,18.07490819041512
1,16,14.424658704369765
1,17,12.222883410896731
1,18,8.919437960201314
1,19,8.6829169401005
1,20,11.720323114862556
1,21,11.489375447794787
1,22,13.987243645986696
1,23,15.589842309859298
1,24,19.242209051379916
1,25,21.509522413280237
1,26,24.67564976794981
1,27,25.600390489762706
1,28,28.288159389116974
1,29,28.319939153737387
1,30,29.19773749142083
1,31,25.973235828113797
1,32,22.69885200612839
1,33,19.96530496726704
1,34,16.538716812574126
1,35,14.057015580429834
1,36,10.334830058935635
1,37,8.214766244766226
1,38,5.5598711907763905
1,39,5.147619755318113
1,40,6.54886287965642
1,41,9.506759936408283
1,42,11.702038168545563
1,43,10.51265201535152
1,44,9.70811994644659
1,45,10.507614680137326
1,46,12.010018371108087
1,47,13.94847523203114
1,48,16.14673641540824
1,49,15.4054965743231
1,50,19.166097853031847
1,51,19.540665280185337
1,52,22.154990456751822
1,53,22.07399374977979
1,54,25.473731860542273
1,55,25.155299540412923
1,56,27.150917898840998
1,57,25.462126714972353
1,58,27.969977653475556
1,59,25.556330010040487
1,60,22.023711062270536
1,61,20.39886229210413
1,62,16.954814053506816
1,63,16.87104964928702
1,64,15.162377120023573
1,65,16.151178612090938
1,66,16.987016990829208
1,67,17.118938140648794
1,68,19.621249371863215
1,69,19.10970313949253
1,70,20.418504210087754
1,71,19.841796991065582
1,72,19.04200010226323
1,73,19.919218133211448
1,74,20.50363104338797
1,75,21.465221218439602
1,76,23.69870063340338
1,77,22.421996531698177
1,78,19.211996361127966
1,79,19.785190495414128
1,80,23.708912013873462
1,81,22.069821275990858
1,82,24.708561710020028
1,83,24.313448855471457
1,84,25.83314839144162
1,85,29.17507132559225
1,86,28.978057988278053
1,87,31.12038556051719
1,88,28.670341364492785
1,89,26.131799971160206
1,90,26.10226858820185
1,91,23.80185995992826
1,92,24.41267931262572
1,93,23.272883951764882
1,94,20.333252989315422
1,95,20.314897750923976
1,96,20.63582666654825
1,97,22.99751136552623
1,98,25.55965995666915
1,99,29.152757936291287
1,100,31.46390061621078
1,101,34.1969102828164
1,102,32.750830339799805
1,103,29.401942115318338
1,104,30.22420101637862
1,105,27.847358669803455
1,106,25.719514097192754
1,107,21.994229135389478
1,108,19.451891582667844
1,109,16.898046600031176
1,110,16.09039179702872
1,111,14.680430592471975
1,112,14.709874666619145
1,113,15.04073938417559
1,114,15.923348433065254
1,115,17.56200673715122
1,116,17.955734015447383
2,1,3.8525056300435803
2,3,3.8210131251877533
2,4,6.957952939601669
2,5,10.05709044739229
2,6,13.593263568690077
2,7,15.712278032317544
2,8,19.146660048341623
2,9,22.2517905272316
2,10,25.722934769427635
2,11,26.097068409138814
2,12,24.73121338963171
2,13,22.69016750752514
2,14,19.234093049450568
2,15,16.39581750619808
2,16,12.794467565054354
2,17,11.562891894778701
2,18,9.10648104242323
2,19,10.399240200386373
2,20,12.986857494426388
2,21,11.730143721950322
2,22,13.364750187732895
2,23,14.067369384166874
2,24,17.57735145963633
2,25,19.301976235582405
2,26,22.178834007019447
2,27,22.6923378528813
2,28,25.120744231043393
2,29,24.87261466364152
2,30,25.57824435882871
2,31,22.319429386481264
2,32,19.154964705426902
2,33,16.29460370549701
2,34,12.80697395140263
2,35,10.43979906523436
2,36,6.764544759385697
2,37,5.653581498617514
2,38,4.180401368024951
2,39,6.397111658220222
2,40,8.858730018044094
2,41,12.407945710724562
2,42,13.760672068382446
2,43,11.59692950421059
2,44,9.728529196165924
2,45,9.19164308320509
2,46,9.697848598230724
2,47,10.948457250876036
2,48,12.655083740591135
2,49,11.825394192052576
2,50,15.628934495089208
2,51,16.304417705702672
2,52,18.762731426357085
2,53,18.606685724084254
2,54,21.924131221492125
2,55,21.776243033579878
2,56,24.034640365268483
2,57,22.67805343217271
2,58,25.44963345316281
2,59,23.408573365366458
2,60,20.066477386604873
2,61,19.04889378916164
2,62,15.952174685194358
2,63,16.705418003298128
2,64,15.840624341824277
2,65,17.43112061268136
2,66,18.9709624004795
2,67,18.895549549960755
2,68,20.97932424257542
2,69,19.931571682949816
2,70,21.35852616846182
2,71,20.152568759850066
2,72,18.670383015391202
2,73,18.86875053650798
2,74,18.79181393404327
2,75,19.251896497263402
2,76,21.032836165084483
2,77,19.595683397655538
2,78,16.51485117144097
2,79,17.32445550478049
2,80,21.463470974833896
2,81,19.88729484389194
2,82,22.416972305769654
2,83,22.372124342314073
2,84,23.824496480486996
2,85,27.3630117571959
2,86,27.6141868657622
2,87,29.608844973902738
2,88,26.871105354044992
2,89,24.696136345871658
2,90,25.197022739095566
2,91,23.38575901770502
2,92,24.456520671724565
2,93,23.908022329152576
2,94,20.85269219681638
2,95,20.116734295873563
2,96,19.86321424759939
2,97,21.754841547227247
2,98,23.873949804989092
2,99,27.583689905756994
2,100,29.663954865327735
2,101,32.173706628826494
2,102,30.76390337745316
2,103,27.23298775802774
2,104,27.677404805057357
2,105,25.115519855338796
2,106,22.837032862183214
2,107,19.233061818906474
2,108,16.48436070785269
2,109,14.418119343847389
2,110,14.334169539519865
2,111,13.728134016656119
2,112,14.629233034713867
2,113,15.815869872262805
2,114,17.28064607055931
2,115,19.569873364475104
2,116,20.40058324649112
3,1,6.829761328137097
3,2,3.8210131251877533
3,4,3.7979234970005535
3,5,6.667912762941472
3,6,10.344472845153748
3,7,12.887290950042155
3,8,16.027943938862055
3,9,19.388012899480813
3,10,22.727534189951445
3,11,23.302248629838008
3,12,21.74870001689907
3,13,20.014745231825238
3,14,16.410524394157882
3,15,13.888317838094503
3,16,10.266515112890257
3,17,9.814265657817863
3,18,8.119305650573697
3,19,10.558299529322777
3,20,13.15565850289791
3,21,11.728812122648252
3,22,12.334421855627191
3,23,12.664705652957906
3,24,15.717280006533485
3,25,17.24990078762068
3,26,19.80674097988753
3,27,20.343003999953574
3,28,22.65304995517667
3,29,22.41829351068755
3,30,22.950986936744286
3,31,19.552062574077333
3,32,16.16288356405582
3,33,13.744615236583126
3,34,10.245125661661989
3,35,8.553952689225087
3,36,5.641796398755817
3,37,5.467168025408859
3,38,6.522873395394177
3,39,8.897040199089568
3,40,12.04398920832179
3,41,15.452301895132292
3,42,16.223376545608172
3,43,14.073015883915556
3,44,11.429501802303315
3,45,10.68918179081628
3,46,9.810639832157836
3,47,10.861925208876542
3,48,11.904012719076562
3,49,11.608380667809055
3,50,15.37715453518837
3,51,16.450068608574938
3,52,18.254880148522155
3,53,17.42163032262873
3,54,20.350380460999855
3,55,19.86043066341758
3,56,22.24936161557241
3,57,20.94430012187465
3,58,23.626508137070257
3,59,21.80864054853133
3,60,18.77153123606015
3,61,18.11961969581318
3,62,15.49469341290831
3,63,16.518939135524025
3,64,16.24068390886331
3,65,17.703642402724586
3,66,19.80097431742738
3,67,20.15822513325781
3,68,22.282218830674562
3,69,21.34206009790377
3,70,23.27352471610702
3,71,22.01187239827011
3,72,20.05051838690663
3,73,20.068368328336053
3,74,19.358578247022603
3,75,19.732233694233617
3,76,20.978872549503418
3,77,19.83769763700073
3,78,17.26096862381533
3,79,18.663956052201232
3,80,22.913222302035862
3,81,21.166063116327628
3,82,23.26313471902443
3,83,23.229840176665675
3,84,24.20074464870053
3,85,27.80151173163448
3,86,28.227821086866868
3,87,29.783628145058092
3,88,26.722411392696323
3,89,24.684839543871952
3,90,25.389325590283974
3,91,23.975119591606347
3,92,24.981784292022073
3,93,24.68179717317206
3,94,21.31592258052048
3,95,20.234985072680523
3,96,20.011938338237197
3,97,21.318108502011768
3,98,23.21942136837063
3,99,27.02179463490457
3,100,28.657641041504487
3,101,31.18861610881774
3,102,30.17575837157812
3,103,26.541396186665477
3,104,26.86876854293523
3,105,23.914215120708278
3,106,21.93865260534909
3,107,18.565934470782285
3,108,16.09297241802702
3,109,14.698566515831908
3,110,14.894006851321853
3,111,15.178933078328587
3,112,16.157004509109967
3,113,17.973107443121545
3,114,19.208955059340745
3,115,21.66890407606695
3,116,22.272644853216082
4,1,10.462069928942883
4,2,6.957952939601669
4,3,3.7979234970005535
4,5,3.825115791792208
4,6,6.998113569202208
4,7,9.851944202922668
4,8,12.929883850053953
4,9,16.25735105926106
4,10,19.69004363219603
4,11,20.680573671200833
4,12,19.453613275724596
4,13,18.22671796968682
4,14,14.775693453491659
4,15,13.007037164708546
4,16,9.898022780647706
4,17,10.844274206467881
4,18,10.418710304630151
4,19,13.537659618351816
4,20,15.52829511658206
4,21,13.471596392819183
4,22,13.096049321990002
4,23,12.355160117783152
4,24,14.839775007533147
4,25,15.58296387134448
4,26,17.601021564336758
4,27,17.62860650594286
4,28,19.55580213437215
4,29,19.00124746605432
4,30,19.292588086538863
4,31,15.82511443143093
4,32,12.502444072149364
4,33,10.086794924189583
4,34,6.527230062331796
4,35,5.615292192735462
4,36,4.291660231033911
4,37,6.320778998911444
4,38,8.759503530198163
4,39,11.809547800343529
4,40,15.112682269283495
4,41,18.682427088207593
4,42,18.958413724298044
4,43,16.36062590698938
4,44,13.247248399227525
4,45,11.626118003352776
4,46,9.570785955350386
4,47,9.567464654375401
4,48,9.529200403694759
4,49,9.509121018271626
4,50,12.987535187077315
4,51,14.45055269352726
4,52,15.707651077339099
4,53,14.530965658422614
4,54,17.138931514851084
4,55,16.726063091747232
4,56,19.414182564022536
4,57,18.53560596938792
4,58,21.420780934562288
4,59,20.12407497835312
4,60,17.501803923769177
4,61,17.61778189077413
4,62,15.635898893783377
4,63,17.397176365947264
4,64,17.912283869246
4,65,19.74725711056779
4,66,22.297297658407967
4,67,22.501424043182357
4,68,24.240421458956636
4,69,22.938606502186435
4,70,24.94529894191581
4,71,23.250153804040384
4,72,20.768552187098734
4,73,20.186994876506848
4,74,18.77795987819757
4,75,18.63666420655204
4,76,19.214756384101417
4,77,18.073836689610452
4,78,15.962161520505552
4,79,17.719848830180798
4,80,21.96655903020554
4,81,20.283516948513533
4,82,22.048066255708083
4,83,22.329843777508593
4,84,23.068137377879438
4,85,26.75179014858675
4,86,27.612923822046415
4,87,28.896885356659503
4,88,25.574350668576695
4,89,23.979221164473323
4,90,25.192419260056063
4,91,24.337142993573256
4,92,25.694920947243855
4,93,25.93456467507686
4,94,22.570972463778947
4,95,20.88590008190955
4,96,20.164508042280392
4,97,20.847851916738005
4,98,22.1839941139936
4,99,25.997383565810733
4,100,27.271408122634156
4,101,29.53115682398655
4,102,28.660547915621066
4,103,24.907448013802586
4,104,24.816796446068167
4,105,21.634193405079795
4,106,19.64388500828743
4,107,16.6081099794264
4,108,14.15263228400373
4,109,13.640656045973943
4,110,14.613424495240428
4,111,15.795814714478686
4,112,17.382214841854363
4,113,19.781319484963472
4,114,21.335466473131092
4,115,24.170802552923895
4,116,25.050786229417543
5,1,13.203927532469896
5,2,10.05709044739229
5,3,6.667912762941472
5,4,3.825115791792208
5,6,3.7931148465968323
5,7,6.595043472165598
5,8,9.410158498847661
5,9,12.90387031103133
5,10,16.16487599176689
5,11,17.053148152792293
5,12,15.669655569864375
5,13,14.582444619481652
5,14,11.144354688882956
5,15,9.84960398327301
5,16,7.317915995514078
5,17,9.455333101268309
5,18,10.373950861378999
5,19,14.043742416182926
5,20,15.338977567862802
5,21,13.042272151116995
5,22,11.60282159642801
5,23,10.28253990892821
5,24,12.005763516709274
5,25,12.477019256632746
5,26,14.208201203144933
5,27,14.454881947742436
5,28,16.496766456411926
5,29,16.342107525022808
5,30,16.890558027167742
5,31,13.563932437874717
5,32,9.927599669394953
5,33,8.24757366694602
5,34,5.6401169361196795
5,35,5.3582936451454986
5,36,5.985316946741088
5,37,7.534116980098145
5,38,10.921164322089927
5,39,13.616975869677427
5,40,17.25291282010402
5,41,20.6359307993044
5,42,20.18751477900809
5,43,17.66397349789614
5,44,14.14036512086834
5,45,12.674436953986906
5,46,9.790630723080096
5,47,10.013678868780689
5,48,9.798589214784444
5,49,11.07051687573266
5,50,14.125055350737078
5,51,15.25937869627714
5,52,15.633738553005786
5,53,13.582881462385338
5,54,15.693013966046818
5,55,14.53704352099092
5,56,16.974689278520714
5,57,15.883213441257926
5,58,18.474083509206647
5,59,17.290187179084995
5,60,15.033461123464274
5,61,15.480525355133743
5,62,14.152367867363347
5,63,16.137810322110994
5,64,17.299717814752622
5,65,19.11916588201057
5,66,22.127318680238986
5,67,22.50610719749141
5,68,24.064296661988376
5,69,22.829281273249286
5,70,25.245526279492413
5,71,23.57398234909826
5,72,20.75964548755701
5,73,20.163610790748795
5,74,18.310624888051358
5,75,18.370551117130805
5,76,18.579004279592773
5,77,18.122957570916334
5,78,16.731037687183854
5,79,19.15851636405516
5,80,23.2283313034629
5,81,21.145498465146567
5,82,22.284157380536726
5,83,22.25558079545951
5,84,22.361171700143185
5,85,25.914285258933663
5,86,26.75428106104376
5,87,27.547349921754996
5,88,24.03761009544467
5,89,22.514717704343465
5,90,23.798361728981202
5,91,23.334609354392008
5,92,24.578561546411514
5,93,25.09662820422381
5,94,21.61267516781649
5,95,19.609618410930217
5,96,18.931447732017347
5,97,19.015206169858395
5,98,20.143349504966604
5,99,23.9193793958374
5,100,24.776620826288582
5,101,27.09617891298534
5,102,26.645192504895853
5,103,22.929739602641433
5,104,22.93154289952614
5,105,19.48157617892116
5,106,18.05068848917597
5,107,15.325869567067507
5,108,13.620595816349812
5,109,13.61062357993724
5,110,14.433881157277003
5,111,16.29061154167394
5,112,17.703229119037932
5,113,20.556354181481964
5,114,21.845841864206623
5,115,24.816493411025803
5,116,25.608807911459145
6,1,16.899073802290964
6,2,13.593263568690077
6,3,10.344472845153748
6,4,6.998113569202208
6,5,3.7931148465968323
6,7,3.783339147779648
6,8,6.03685058204397
6,9,9.51199180994934
6,10,12.811655425645052
6,11,14.214928530374696
6,12,13.277106493664887
6,13,12.97108580817244
6,14,10.059202018886811
6,15,10.110774087252983
6,16,8.915095058673556
6,17,11.979794859388068
6,18,13.658878239907343
6,19,17.447994301385805
6,20,18.26283714562421
6,21,15.679211959024181
6,22,13.553636269777401
6,23,11.355535258096126
6,24,12.014091211712676
6,25,11.366131839659722
6,26,12.126281632737014
6,27,11.738767646895404
6,28,13.250629471249376
6,29,12.860580565848148
6,30,13.231281451368893
6,31,9.92937586565739
6,32,6.2088056378105
6,33,5.295697195503227
6,34,4.329298360869931
6,35,5.852959319257452
6,36,8.377008168948663
6,37,10.52118210931985
6,38,14.12416662295221
6,39,16.98785586577794
6,40,20.62454377311359
6,41,24.040345252332283
6,42,23.239485016720838
6,43,20.514607576167577
6,44,16.840584466739923
6,45,14.964796217783356
6,46,11.528550986398777
6,47,10.939477179551169
6,48,9.705265460679875
6,49,11.532708637114741
6,50,13.751857073585573
6,51,14.99262619754819
6,52,14.458611091144627
6,53,11.794076099145098
6,54,13.124030844575854
6,55,11.728158746214934
6,56,14.346966258720267
6,57,13.748532207362997
6,58,16.37159600970299
6,59,15.902214677610285
6,60,14.389263477199798
6,61,15.713583968602514
6,62,15.266893161741125
6,63,17.762762187404643
6,64,19.563141832793765
6,65,21.57837110944098
6,66,24.855386434922256
6,67,25.118219233622387
6,68,26.317792497722706
6,69,24.849956503828928
6,70,27.309721720914997
6,71,25.360083901600497
6,72,22.191219367266303
6,73,21.137298385687814
6,74,18.686621994861994
6,75,18.334739472419432
6,76,17.779728716219473
6,77,17.58476563361401
6,78,16.93909210201217
6,79,19.691875292477715
6,80,23.513120363828723
6,81,21.462679004789326
6,82,22.086814400760417
6,83,22.249788090900385
6,84,21.962194728173944
6,85,25.43011193140195
6,86,26.63877678835013
6,87,27.03228519708213
6,88,23.326575022632543
6,89,22.30727128804132
6,90,24.035081219839334
6,91,24.172942178569997
6,92,25.655873836147816
6,93,26.66159464524833
6,94,23.28880548249162
6,95,20.817926856552436
6,96,19.74593380191706
6,97,19.110638672056982
6,98,19.56099951288963
6,99,23.187755706175547
6,100,23.534799990730765
6,101,25.53123619466575
6,102,25.357121233577303
6,103,21.63642440141294
6,104,21.22869569737869
6,105,17.54811806011295
6,106,16.37467700485559
6,107,14.309856441854313
6,108,13.066260943766746
6,109,14.071283711224694
6,110,15.43824995362153
6,111,17.982947143546628
6,112,19.725739545506606
6,113,22.92916431542466
6,114,24.369944581035078
6,115,27.55014320004737
6,116,28.520137765422245
7,1,18.896962508368823
7,2,15.712278032317544
7,3,12.887290950042155
7,4,9.851944202922668
7,5,6.595043472165598
7,6,3.783339147779648
7,8,3.829008095116347
7,9,6.543628555498461
7,10,10.087253198302877
7,11,11.06843049145177
7,12,10.68424247228774
7,13,10.297492295675623
7,14,8.116096394233043
7,15,8.896959942280233
7,16,8.973817053637134
7,17,12.432827799719377
7,18,14.83476274563073
7,19,18.630093252685192
7,20,18.566356174277765
7,21,15.566854026589949
7,22,12.912606955688366
7,23,9.910360608192173
7,24,9.75533246160131
7,25,8.193827888504309
7,26,8.602399969738544
7,27,8.029965008778635
7,28,9.91061353760182
7,29,10.143820303350122
7,30,11.449012107203806
7,31,8.9414137770566
7,32,5.725418176833086
7,33,5.147331419360829
7,34,6.258445796767553
7,35,6.755041566853508
7,36,9.78007163020159
7,37,11.481293092373674
7,38,15.27192331412539
7,39,17.980510870040522
7,40,21.611857092453548
7,41,24.90028510962614
7,42,23.42846021009423
7,43,20.592511229135656
7,44,16.81367577941274
7,45,14.836424118385542
7,46,11.075474102558879
7,47,10.473201895331218
7,48,9.409820839292028
7,49,12.28519286878864
7,50,14.01424293905817
7,51,14.444332311664121
7,52,13.201484546866645
7,53,9.951048393483523
7,54,10.952242475321095
7,55,8.746822400238262
7,56,10.864681507974279
7,57,10.02342284147795
7,58,12.598236506556688
7,59,12.331080773342585
7,60,11.222508914684298
7,61,13.155147370544833
7,62,13.47121750956473
7,63,16.405581980046374
7,64,18.826413344154183
7,65,21.167698681963248
7,66,24.673529457346994
7,67,24.63834520833446
7,68,25.341164693303323
7,69,23.636168910345773
7,70,26.15082341481495
7,71,24.037162190360377
7,72,20.60516817171696
7,73,19.34222838744465
7,74,16.51866928705612
7,75,16.24047719824859
7,76,15.382149415658088
7,77,15.888452856105197
7,78,15.959392618662662
7,79,19.201092194326513
7,80,22.656034876940858
7,81,20.24923731427186
7,82,20.256829794978493
7,83,20.12273442720969
7,84,19.317766186608356
7,85,22.590093805850074
7,86,23.837085333061726
7,87,23.883251680875677
7,88,20.10489698829116
7,89,19.310712911793637
7,90,21.25503018601852
7,91,21.851891296984356
7,92,23.498071609094495
7,93,24.950065960430983
7,94,21.78477527348801
7,95,18.900443899651105
7,96,17.496092197883492
7,97,16.30466788763775
7,98,16.314177544628507
7,99,19.81304478066848
7,100,19.93111739881976
7,101,21.830302828584813
7,102,21.802386565817525
7,103,18.134852386274403
7,104,17.762983428404564
7,105,14.002908079981744
7,106,13.259765095592423
7,107,11.549150803796184
7,108,11.178835173749947
7,109,12.61116641635594
7,110,13.915599269541524
7,111,16.988124648631906
7,112,18.777899516843743
7,113,22.296193075366578
7,114,23.77350566924851
7,115,27.15068189863644
7,116,28.367832405416642
8,1,22.251802107219937
8,2,19.146660048341623
8,3,16.027943938862055
8,4,12.929883850053953
8,5,9.410158498847661
8,6,6.03685058204397
8,7,3.829008095116347
8,9,3.83761391019707
8,10,6.794058417830323
8,11,8.436286367891437
8,12,8.069186297636069
8,13,8.98767794021306
8,14,7.623090360620326
8,15,9.870805175191325
8,16,10.944270087992795
8,17,14.69157805681179
8,18,17.45650988895089
8,19,21.285357331783324
8,20,21.137812154615627
8,21,18.375958315393163
8,22,15.303213138502755
8,23,12.35600789190118
8,24,11.087534678652682
8,25,8.946812142834402
8,26,7.821825667486733
8,27,7.073061950746276
8,28,8.166477613099183
8,29,8.682846332984207
8,30,9.762163137217685
8,31,7.715931776246475
8,32,4.942771665515976
8,33,6.863394232438571
8,34,8.965077307125927
8,35,10.396192887654008
8,36,13.479610476861465
8,37,15.127136669499624
8,38,18.938868917050627
8,39,21.490030885064954
8,40,25.18558942852715
8,41,28.375567175410847
8,42,26.797772492374147
8,43,24.130313272265322
8,44,20.332035282888032
8,45,18.552144635090034
8,46,14.793072427681306
8,47,14.20567729663943
8,48,12.850289024426715
8,49,15.626463493302612
8,50,16.888404911715703
8,51,17.493830771203772
8,52,15.676716936203348
8,53,12.102354689673023
8,54,11.925040592874538
8,55,9.197380929086787
8,56,10.9157689823589
8,57,10.411053795936358
8,58,12.245288859729172
8,59,12.704136372407481
8,60,12.644970265789915
8,61,14.952811095797395
8,62,15.973574761378677
8,63,18.754667420818812
8,64,21.411949858175916
8,65,23.467863639171647
8,66,27.108694919306398
8,67,27.338742159392858
8,68,28.02090097829002
8,69,26.495751666374808
8,70,29.210051966371907
8,71,27.195749625349784
8,72,23.698922386353736
8,73,22.444721853720864
8,74,19.428016275434896
8,75,19.131549169875974
8,76,17.811049276612856
8,77,18.657209011086692
8,78,19.22264826615242
8,79,22.536737898069887
8,80,25.785897394735002
8,81,23.419660591808004
8,82,23.044633148796088
8,83,22.895388403511742
8,84,21.656315206386378
8,85,24.65352120308831
8,86,25.97718440973592
8,87,25.510666060631596
8,88,21.677981618083024
8,89,21.174241051702474
8,90,23.17662544104206
8,91,24.159144466232092
8,92,25.625463220513133
8,93,27.225372477624298
8,94,24.060982864481122
8,95,21.113701966776766
8,96,19.86159339019961
8,97,18.10051632194432
8,98,17.70466203736133
8,99,20.86820898708557
8,100,20.27500898359949
8,101,21.993715305713955
8,102,22.572996299039428
8,103,19.136924706289204
8,104,18.619218199726323
8,105,14.71517864835992
8,106,14.747468563250422
8,107,13.893535412591142
8,108,14.169168295336345
8,109,16.01121358583453
8,110,17.26691404281848
8,111,20.484438130547638
8,112,22.10053765165188
8,113,25.679005886609808
8,114,26.92794464666631
8,115,30.233190872234182
8,116,31.26191869483028
9,1,25.39400622094886
9,2,22.2517905272316
9,3,19.388012899480813
9,4,16.25735105926106
9,5,12.90387031103133
9,6,9.51199180994934
9,7,6.543628555498461
9,8,3.83761391019707
9,10,3.8170048515602857
9,11,5.88364364889191
9,12,7.267580749228079
9,13,8.970618287975096
9,14,9.209544702090309
9,15,12.053074285212043
9,16,13.839169407170806
9,17,17.564370424777497
9,18,20.560377550801515
9,19,24.325392519007153
9,20,23.691785641796994
9,21,20.70008316918451
9,22,17.459871659007227
9,23,14.121842633889969
9,24,12.2064917532885
9,25,9.089992323542647
9,26,6.571497342744325
9,27,4.479096148405625
9,28,4.473919388363614
9,29,5.700830356705198
9,30,7.6930817370847695
9,31,7.259770017282554
9,32,6.3936814986261155
9,33,8.543825837272944
9,34,11.561304692937863
9,35,12.810043167344116
9,36,16.15758450494278
9,37,17.812695614898985
9,38,21.595709845286624
9,39,24.159438584581263
9,40,27.76154414356777
9,41,30.904912166529087
9,42,28.952294333987048
9,43,26.159929249501634
9,44,22.4012304440536
9,45,20.43144751076636
9,46,16.62488311395447
9,47,15.728008694874413
9,48,14.200116985425415
9,49,17.295334923489108
9,50,17.87375621436901
9,51,18.051574415486915
9,52,15.535481330062437
9,53,11.752258261229711
9,54,10.591832598788347
9,55,7.3193376414027425
9,56,8.242075183852705
9,57,8.314826454512628
9,58,9.778528974972154
9,59,11.288896087654244
9,60,12.290000973262567
9,61,15.299553150367618
9,62,17.07186735842224
9,63,20.133993849547696
9,64,23.196346135844458
9,65,25.486211696244325
9,66,29.210955330616294
9,67,29.15878043252648
9,68,29.384655757116438
9,69,27.61063369760225
9,70,30.225468071797494
9,71,28.004012226362214
9,72,24.3353680798624
9,73,22.750955487425937
9,74,19.400266527550873
9,75,18.879790795419915
9,76,16.99062269641251
9,77,18.33333639771512
9,78,19.65528811185935
9,79,23.150447993450637
9,80,25.920353507406542
9,81,23.510996167293268
9,82,22.533218722194174
9,83,22.366086069857236
9,84,20.67116809076169
9,85,23.328602000265835
9,86,24.89528393758334
9,87,23.988732921229467
9,88,20.162475574595923
9,89,20.23605051790696
9,90,22.59031267547371
9,91,24.159371732793293
9,92,25.852016009931972
9,93,27.9203983504798
9,94,25.080816507935236
9,95,21.806981451775822
9,96,20.168423807649283
9,97,17.81088880224683
9,98,16.641022110430207
9,99,19.359719557457115
9,100,18.236171071373334
9,101,19.47531585099726
9,102,20.337206693696874
9,103,17.120876367094414
9,104,16.26472110075174
9,105,12.401547844490983
9,106,13.06784942893365
9,107,13.203398280809614
9,108,14.287869715934502
9,109,16.686146613519853
9,110,18.105156981188625
9,111,21.6500642387199
9,112,23.42010242097722
9,113,27.15450571007391
9,114,28.527199222716835
9,115,31.967950379173754
9,116,33.24193108234621
10,1,28.732297252479125
10,2,25.722934769427635
10,3,22.727534189951445
10,4,19.69004363219603
10,5,16.16487599176689
10,6,12.811655425645052
10,7,10.087253198302877
10,8,6.794058417830323
10,9,3.8170048515602857
10,11,3.813388619316809
10,12,5.934990395964014
10,13,8.959593598888627
10,14,10.365492268406872
10,15,13.845264761647954
10,16,16.241195570066157
10,17,19.977691263985186
10,18,23.230355106324005
10,19,26.941110513301012
10,20,26.10226648333569
10,21,23.308773015845023
10,22,19.81615302589765
10,23,16.63251862383248
10,24,14.041310924154635
10,25,10.89732417690061
10,26,7.512170869999237
10,27,6.12421152656557
10,28,5.110519732648746
10,29,7.157344673866707
10,30,8.916033940611472
10,31,9.56532537357894
10,32,9.43646700238406
10,33,12.1655565288783
10,34,15.193935906042563
10,35,16.566734345182883
10,36,19.824746462761205
10,37,21.26995201556864
10,38,25.07727381075743
10,39,27.43470999567379
10,40,31.075736271520494
10,41,34.07727299200484
10,42,31.93745849903072
10,43,29.330936393915195
10,44,25.58397965214263
10,45,23.85694825242324
10,46,20.09714004113818
10,47,19.418183116830175
10,48,17.989916362678787
10,49,21.096785148886703
10,50,21.537213289479247
10,51,21.6632876176643
10,52,18.924521017217035
10,53,15.145852545785546
10,54,13.446410155474558
10,55,10.12403686761441
10,56,10.055173364143046
10,57,10.123756775642576
10,58,10.262608054089908
10,59,12.28101702660266
10,60,14.14669401374768
10,61,17.174678182831826
10,62,19.44361198460184
10,63,22.266509104723042
10,64,25.484916405997566
10,65,27.52449992769674
10,66,31.316064828794197
10,67,31.44781972318295
10,68,31.594628480674533
10,69,30.008401699118313
10,70,32.78984915724888
10,71,30.722312229098115
10,72,27.067761979695515
10,73,25.607102737188505
10,74,22.24049629797956
10,75,21.896670569327163
10,76,19.870135887056115
10,77,21.5617452640023
10,78,23.173881613252238
10,79,26.728988435509898
10,80,29.30208623752438
10,81,26.83313239109735
10,82,25.539173051081846
10,83,25.192693321826273
10,84,23.1076592342266
10,85,25.380485320973985
10,86,26.848960110199137
10,87,25.444421980369313
10,88,21.73803668184117
10,89,21.990766754183987
10,90,24.235225973819123
10,91,26.101646800149485
10,92,27.550253189733628
10,93,29.72343985732038
10,94,26.972058121046867
10,95,23.720689115844255
10,96,22.29446090947925
10,97,19.534081079375646
10,98,18.109017300582423
10,99,20.32891601071086
10,100,18.522204710919603
10,101,19.569794399740776
10,102,21.098132938127282
10,103,18.343040933310157
10,104,17.584944055807668
10,105,13.955025566476397
10,106,15.44315728147401
10,107,16.143229446159754
10,108,17.705506606731284
10,109,20.111216400799044
10,110,21.284868915840605
10,111,24.847765030558122
10,112,26.36721436642737
10,113,30.113619219739277
10,114,31.232960887597894
10,115,34.57764250557018
10,116,35.69127433254256
11,1,28.78956043557048
11,2,26.097068409138814
11,3,23.302248629838008
11,4,20.680573671200833
11,5,17.053148152792293
11,6,14.214928530374696
11,7,11.06843049145177
11,8,8.436286367891437
11,9,5.88364364889191
11,10,3.813388619316809
11,12,3.8268777774237495
11,13,6.338142252466559
11,14,8.936156501913752
11,15,12.474559766689325
11,16,15.50171012886165
11,17,19.02341519024257
11,18,22.557504279548326
11,19,26.070858032774723
11,20,24.67415314273745
11,21,21.938698223542183
11,22,18.28348047434703
11,23,15.178875492749249
11,24,12.014133494097768
11,25,8.890569243922503
11,26,5.199858266514344
11,27,5.476443215361358
11,28,6.218363232491263
11,29,9.541704751600287
11,30,12.142165239503884
11,31,12.797745133453507
11,32,12.173651134555133
11,33,14.248347163087459
11,34,16.937485573436128
11,35,17.54258129324482
11,36,20.432762013267038
11,37,21.243362246007273
11,38,24.981296880838183
11,39,26.926912765822767
11,40,30.505231024143093
11,41,33.224262804070726
11,42,30.677862089692457
11,43,28.307605411797187
11,44,24.660484941587136
11,45,23.32255163292088
11,46,19.745212232181835
11,47,19.641966902083226
11,48,18.900278007256055
11,49,22.35571666306367
11,50,23.08618580928857
11,51,22.664407827733623
11,52,20.058415421352347
11,53,16.2950005747476
11,54,15.054109387334622
11,55,11.32323958150994
11,56,10.160101028242764
11,57,9.007219450939141
11,58,7.928952773894166
11,59,9.572646908767146
11,60,11.905831158244604
11,61,14.7906091385332
11,62,17.518419846737768
11,63,20.12208071043861
11,64,23.52864990763975
11,65,25.48490418744832
11,66,29.295501099799388
11,67,29.39804982136711
11,68,29.324606757567828
11,69,27.87919284344987
11,70,30.798498117651473
11,71,28.953460930305862
11,72,25.385930404592354
11,73,24.234405875607553
11,74,21.038018093694394
11,75,21.26357721221015
11,76,19.602344994224175
11,77,21.836363784736257
11,78,23.515070407557964
11,79,27.24956293903915
11,80,29.69640180663186
11,81,26.85650439045386
11,82,25.340006036746622
11,83,24.428507281636737
11,84,21.976781754192228
11,85,23.936306949088074
11,86,24.965313875537117
11,87,23.269514525171868
11,88,19.70647286456675
11,89,19.718451583587385
11,90,21.643636458986407
11,91,23.619831579764643
11,92,24.79879514600088
11,93,27.0417085130831
11,94,24.446128706888462
11,95,21.2159726196864
11,96,20.006661585856605
11,97,16.98620688951596
11,98,15.602761094343279
11,99,17.57154446134143
11,100,15.555729250746278
11,101,16.960624401269445
11,102,18.841425024932594
11,103,16.373080806721337
11,104,16.325438846875205
11,105,12.911120394448913
11,106,15.087363843369292
11,107,15.709644340380358
11,108,17.845916101626425
11,109,19.81307477961534
11,110,20.364303455850077
11,111,23.843363373235633
11,112,24.94641859944427
11,113,28.665329967858945
11,114,29.48630938177574
11,115,32.72835693897136
11,116,33.781500336790806
12,1,27.1487325597891
12,2,24.73121338963171
12,3,21.74870001689907
12,4,19.453613275724596
12,5,15.669655569864375
12,6,13.277106493664887
12,7,10.68424247228774
12,8,8.069186297636069
12,9,7.267580749228079
12,10,5.934990395964014
12,11,3.8268777774237495
12,13,3.8417118565200448
12,14,6.2162194705596745
12,15,9.98184191515604
12,16,13.18631966786538
12,17,16.62507909939334
12,18,20.237470904457215
12,19,23.675275770154787
12,20,22.417923935209107
12,21,20.088359458137976
12,22,16.33671645504815
12,23,13.759546685533156
12,24,10.48842459482575
12,25,8.37010777892418
12,26,5.762837433583211
12,27,7.7049684424867415
12,28,9.373895197480591
12,29,12.288011621358017
12,30,14.451411037099314
12,31,14.206508816231759
12,32,12.6364169684323
12,33,14.71750123223109
12,34,16.74288330177274
12,35,17.266275634238035
12,36,19.72819149291957
12,37,20.150610988744386
12,38,23.869656572521098
12,39,25.504341991519404
12,40,29.164399219653998
12,41,31.73295689330018
12,42,29.322462298633138
12,43,27.28299567503788
12,44,23.63495356831861
12,45,22.767513291066276
12,46,19.318870979195268
12,47,19.78765483200648
12,48,19.420510257591655
12,49,22.745371868532324
12,50,24.055601607058943
12,51,23.840731949342587
12,52,21.70855985184478
12,53,17.96629917852234
12,54,17.327975473652547
12,55,13.643915072836089
12,56,13.0127441157552
12,57,11.221269091230216
12,58,10.305700572019038
12,59,10.634748881299952
12,60,12.150646758771055
12,61,14.23528928988306
12,62,16.603709073600317
12,63,18.684560479185105
12,64,21.837747533325086
12,65,23.3323103224489
12,66,27.129511451820203
12,67,27.676002064897478
12,68,28.007869735973852
12,69,27.00991906129107
12,70,30.207597645541526
12,71,28.74600588837739
12,72,25.37799845115711
12,73,24.729912894769758
12,74,21.88163217486981
12,75,22.55209365224265
12,76,21.429145647445836
12,77,23.48064749849733
12,78,24.625889516578198
12,79,28.311613897571092
12,80,31.127196065798444
12,81,28.17985894445974
12,82,27.05238333163397
12,83,25.946596393630763
12,84,23.69394821590569
12,85,25.83513551658144
12,86,26.460702106172526
12,87,24.9811483890034
12,88,21.453124640804294
12,89,20.801688149371
12,90,22.1869774392511
12,91,23.657344383790843
12,92,24.347961430433546
12,93,26.117788989899644
12,94,23.20332289216894
12,95,20.35260289490447
12,96,19.79062686344103
12,97,17.143654254002815
12,98,16.589278628132863
12,99,18.87343049510162
12,100,17.217679984209116
12,101,19.259999961320773
12,102,21.093180515682903
12,103,18.547224598760458
12,104,19.020629985737234
12,105,15.53764931656874
12,106,17.411882886215494
12,107,17.270476835965425
12,108,19.02809797377901
12,109,20.441459433436712
12,110,20.55373259891769
12,111,23.72034323802231
12,112,24.393405247058705
12,113,27.9605011017946
12,114,28.392773644445885
12,115,31.39900493911234
12,116,32.05136271844677
13,1,24.781211197501577
13,2,22.69016750752514
13,3,20.014745231825238
13,4,18.22671796968682
13,5,14.582444619481652
13,6,12.97108580817244
13,7,10.297492295675623
13,8,8.98767794021306
13,9,8.970618287975096
13,10,8.959593598888627
13,11,6.338142252466559
13,12,3.8417118565200448
13,14,3.8266077434784487
13,15,7.033397884652415
13,16,10.635339149473635
13,17,13.737304752937444
13,18,17.481701258018116
13,19,20.716352629143127
13,20,19.047658556013292
13,21,16.731620956587005
13,22,12.93618699056308
13,23,10.52826837009084
13,24,6.9744115553707
13,25,5.603565380227997
13,26,4.640665980432586
13,27,8.06499057588222
13,28,10.971274737307116
13,29,14.038166939310342
13,30,16.610153268897722
13,31,15.979937641005014
13,32,13.865686852702957
13,33,15.053885296269721
13,34,16.491345477155992
13,35,16.18494415077053
13,36,18.101062823855987
13,37,17.881685922190492
13,38,21.430107866231413
13,39,22.682420703161977
13,40,26.246645089318392
13,41,28.58898198850781
13,42,25.95227837234823
13,43,24.111446474070696
13,44,20.57932553966285
13,45,20.099544791390052
13,46,16.928853254775923
13,47,18.00868275080084
13,48,18.357091220855853
13,49,21.812209756461765
13,50,23.527759118585198
13,51,22.93391319858948
13,52,21.219765255815567
13,53,17.67739000683125
13,54,17.7898222887193
13,55,14.101240649362685
13,56,13.278915638921571
13,57,10.553894867695012
13,58,9.608952067043955
13,59,8.543267835024587
13,60,9.332114737901374
13,61,10.787022304329986
13,62,13.1273767922598
13,63,14.967034880093335
13,64,18.152213735373774
13,65,19.642309047396076
13,66,23.443240750336457
13,67,23.936722349920256
13,68,24.229609194167054
13,69,23.354476571599005
13,70,26.651438293428615
13,71,25.40640422969897
13,72,22.190836433697285
13,73,21.92448169296716
13,74,19.415179817052127
13,75,20.626976561186993
13,76,20.104275140988634
13,77,22.298013990653295
13,78,23.159094851351227
13,79,26.85890833265809
13,80,29.715388800835637
13,81,26.519046903580715
13,82,25.51868667789407
13,83,24.008038259314418
13,84,21.794048952241592
13,85,23.927008744020473
13,86,24.109294853611647
13,87,22.82072700955291
13,88,19.40940791642397
13,89,18.192812795718954
13,90,19.14856795200813
13,91,20.305071353716205
13,92,20.759658196199627
13,93,22.367154242664917
13,94,19.404305743898444
13,95,16.659411671822973
13,96,16.398991957504325
13,97,13.966774779754429
13,98,14.02253662283495
13,99,16.53735504753272
13,100,15.422919851998532
13,101,18.05663356016478
13,102,19.61225397186588
13,103,17.029261191164164
13,104,18.155478491811646
13,105,14.847726277194182
13,106,16.617066187437867
13,107,15.869980591088884
13,108,17.671708641136817
13,109,18.439918572809702
13,110,17.945757958519813
13,111,20.853877017240894
13,112,21.13952982699938
13,113,24.609542566850518
13,114,24.818715066838255
13,115,27.73839132543309
13,116,28.351149505155526
14,1,21.307442915365712
14,2,19.234093049450568
14,3,16.410524394157882
14,4,14.775693453491659
14,5,11.144354688882956
14,6,10.059202018886811
14,7,8.116096394233043
14,8,7.623090360620326
14,9,9.209544702090309
14,10,10.365492268406872
14,11,8.936156501913752
14,12,6.2162194705596745
14,13,3.8266077434784487
14,15,3.7986588339568623
14,16,7.059456088411262
14,17,10.410261058946414
14,18,14.051416927837499
14,19,17.46157990579133
14,20,16.32049181863933
14,21,14.096806024316983
14,22,10.400155785999686
14,23,8.276041670116022
14,24,5.652470594682514
14,25,5.612584739777475
14,26,6.39402686595447
14,27,9.252565421852411
14,28,12.294748591059795
14,29,14.634040408655414
14,30,16.757921730671853
14,31,15.264042655341466
14,32,12.415923821015332
14,33,13.18790528903894
14,34,13.885410890701442
14,35,13.49406792146609
14,36,15.057350617104515
14,37,14.763524478333231
14,38,18.32811269999027
14,39,19.621758176419853
14,40,23.291369549298622
14,41,25.757819982462284
14,42,23.52908877318651
14,43,21.69635308978356
14,44,18.0826469767271
14,45,17.68648091402265
14,46,14.546065268970048
14,47,15.843348526994154
14,48,16.317905874662358
14,49,19.4695671567139
14,50,21.629161597048864
14,51,21.366097929085516
14,52,20.160958272566567
14,53,16.796738805257927
14,54,17.49817622422796
14,55,14.177973755729004
14,56,14.265380002880681
14,57,11.671956837818305
14,58,11.865758694619933
14,59,10.349241984933991
14,60,9.754286224281588
14,61,10.56827319628669
14,62,11.834654898419767
14,63,13.549592959439273
14,64,16.294324763484806
14,65,17.6918666762256
14,66,21.457014915398204
14,67,22.15890651249521
14,68,22.94594605003672
14,69,22.184258743536347
14,70,25.49065933132073
14,71,24.31152410660689
14,72,21.208289621023926
14,73,21.10099381325406
14,74,18.82480554329401
14,75,20.021444493752153
14,76,19.851041932933718
14,77,21.50458228987965
14,78,21.760701134512104
14,79,25.266314367821536
14,80,28.507207959109543
14,81,25.434545049163823
14,82,24.984683914083362
14,83,23.66959686319763
14,84,21.992703093750823
14,85,24.564064650455023
14,86,24.74970383338628
14,87,24.040298881457698
14,88,20.552483579585395
14,89,18.970078767338514
14,90,19.809438190796875
14,91,20.344009934943905
14,92,20.78879684035428
14,93,21.929585257285474
14,94,18.586578302592013
14,95,16.119773623034696
14,96,16.064565967746788
14,97,14.40762027240089
14,98,15.143067739424257
14,99,18.216762399534915
14,100,17.80686435788548
14,101,20.585003098098145
14,102,21.580450034264793
14,103,18.603663271539325
14,104,19.620972988195867
14,105,16.133530361873767
14,106,17.07653706821887
14,107,15.578634679259839
14,108,16.59921740345702
14,109,17.002236576670583
14,110,16.517199444451006
14,111,19.158062949673244
14,112,19.448832350117492
14,113,22.805908238380745
14,114,23.044736163429608
14,115,25.922113287252404
14,116,26.39303462294151
15,1,18.07490819041512
15,2,16.39581750619808
15,3,13.888317838094503
15,4,13.007037164708546
15,5,9.84960398327301
15,6,10.110774087252983
15,7,8.896959942280233
15,8,9.870805175191325
15,9,12.053074285212043
15,10,13.845264761647954
15,11,12.474559766689325
15,12,9.98184191515604
15,13,7.033397884652415
15,14,3.7986588339568623
15,16,3.7876643510992976
15,17,6.720862313933043
15,18,10.451189439784214
15,19,13.751069753014308
15,20,12.534957182877548
15,21,10.393668196535952
15,22,6.7565248665399045
15,23,5.386281901595429
15,24,4.1567207700063475
15,25,6.410808407391361
15,26,8.910253462012749
15,27,11.706504520876397
15,28,15.065508791618608
15,29,17.12628943775689
15,30,19.231606026956495
15,31,17.308123149361492
15,32,14.082287153879413
15,33,13.935951795829718
15,34,13.686796658746141
15,35,12.472610763902189
15,36,13.104199871529033
15,37,12.021085691074008
15,38,15.309059796430894
15,39,16.187840535097894
15,40,19.80941606671832
15,41,22.121988933144245
15,42,19.944091388839652
15,43,18.331306964195136
15,44,14.820524989258823
15,45,14.92887982437385
15,46,12.240677200331573
15,47,14.281370351625439
15,48,15.501751235140276
15,49,18.4323705069897
15,50,21.10140203582501
15,51,20.7005845780954
15,52,20.15670013121565
15,53,17.223802747977768
15,54,18.698517434187316
15,55,15.753463326382924
15,56,16.064282152385275
15,57,13.197402780632201
