1,2,3.896080759636123
1,3,6.5976716209220525
1,4,9.256487833605965
1,5,12.815421400036277
1,6,13.960052248990898
1,7,16.400541944441834
1,8,17.808999639231473
1,9,21.367128023172278
1,10,21.85584438544137
1,11,18.88473140608933
1,12,19.599575230935763
1,13,21.11794562937287
1,14,20.260587606158424
1,15,19.87158511822179
1,16,16.32516244791429
1,17,15.029714221360306
1,18,11.268731932081014
1,19,9.150154358512617
1,20,5.912781678410986
1,21,6.5828445038711205
1,22,8.078617846584766
1,23,10.237483664431219
1,24,13.067323828947078
1,25,15.503946577267024
1,26,14.739405719131662
1,27,13.347801190766202
1,28,11.136299497390285
1,29,11.96226660215886
1,30,13.300869390980012
1,31,16.648983172474477
1,32,16.776243384911083
1,33,15.83697740972004
1,34,18.36363861622089
1,35,21.04129486132797
1,36,20.952386121854147
1,37,20.72135139754279
1,38,23.479020694712837
1,39,25.82587779183234
1,40,26.044454674369653
1,41,27.540655562110683
1,42,31.118270745472152
1,43,30.2405054674804
1,44,28.4850185869574
1,45,31.569127199660524
1,46,34.079289346068684
1,47,32.49264036235368
1,48,32.97800883885969
1,49,30.520065259181276
1,50,29.38579259413802
1,51,26.222483213010282
1,52,25.30560537186838
1,53,23.317823745868925
1,54,21.1679481976433
1,55,20.7232061617809
1,56,19.883247315497034
1,57,17.243736418409235
1,58,15.706984963967297
1,59,15.375616843567306
1,60,14.724533876027193
1,61,12.55396922896998
1,62,11.194134627017453
1,63,11.096887275821167
1,64,8.311293515971558
1,65,9.977416382847819
1,66,10.157353488618295
1,67,12.18758592473158
1,68,10.94892485136828
1,69,7.877494383808706
1,70,9.15189652515738
1,71,9.225214088190404
1,72,12.083118604183259
1,73,14.666536486251701
1,74,17.884271295771768
1,75,20.747063286918717
1,76,23.06615389934755
1,77,25.67950882650403
1,78,23.957544883250065
1,79,23.887798553391903
1,80,27.45930874657514
1,81,28.7199586391049
1,82,27.253827138027695
1,83,28.64382256208645
1,84,32.018496403602576
1,85,32.520877485622265
1,86,31.427495973323914
1,87,31.754993951624236
1,88,35.620616317294164
1,89,35.77186443334912
1,90,33.299361089163156
1,91,35.53242163453374
1,92,38.63607620369347
1,93,37.399440128905695
1,94,36.30184973114736
1,95,32.504640173969996
1,96,31.09885022059571
1,97,28.281394835846122
1,98,25.370460188638198
1,99,24.619259567885667
1,100,20.823764004891284
1,101,21.83168006959773
1,102,24.082321275936017
1,103,24.135207336889323
1,104,25.101823780932843
1,105,21.79537721389732
1,106,20.17408560164811
1,107,20.763681784343333
1,108,23.633865150694533
1,109,23.605119219100146
1,110,24.637959729276727
1,111,22.51954468379319
1,112,23.214232056884818
1,113,19.785934686801884
1,114,17.123252999827827
1,115,17.158293756141386
1,116,17.66299840816908
1,117,18.336585981017087
1,118,21.64788068541229
1,119,23.248538181769874
1,120,26.682327469729366
1,121,28.691337307490926
1,122,25.03662052183173
1,123,23.36814640449271
1,124,20.473027302052056
1,125,21.69326440127105
1,126,19.790418350658484
1,127,22.02183777079524
1,128,20.19048404647612
2,1,3.896080759636123
2,3,3.7849135964991945
2,4,6.453168963568469
2,5,10.1023193113081
2,6,12.13460085456764
2,7,14.575951122433878
2,8,16.722055330610523
2,9,20.062859838244357
2,10,21.08626300098215
2,11,18.052278670128086
2,12,18.02395720747788
2,13,19.452301846015494
2,14,19.26103065150349
2,15,18.750841044130574
2,16,15.033949796714111
2,17,13.00188439418766
2,18,9.352982851489307
2,19,8.336963877783267
2,20,6.101121198548648
2,21,7.928716003161301
2,22,10.318006804856845
2,23,12.425519185618807
2,24,15.776694556687161
2,25,17.734729041761547
2,26,17.092093436546875
2,27,14.949718260889979
2,28,12.430717478880362
2,29,12.114308135162354
2,30,12.895348422409866
2,31,16.17693554026605
2,32,17.18808236226644
2,33,16.375840721532615
2,34,18.223886528298248
2,35,21.20151368012847
2,36,21.699656733081977
2,37,21.215462879235563
2,38,23.501821997617466
2,39,26.277995368203435
2,40,26.545529184646803
2,41,27.52549694700195
2,42,31.250079975339577
2,43,30.670443763682265
2,44,28.556720923760853
2,45,31.34852670291771
2,46,34.1642380277218
2,47,32.619360486216465
2,48,33.539701077919275
2,49,31.085482578239574
2,50,29.570773590705695
2,51,26.70150369252013
2,52,25.90435440723049
2,53,23.4458055311563
2,54,21.353942846612256
2,55,21.593124234767984
2,56,20.676869221642313
2,57,17.551906557072606
2,58,16.512688124047365
2,59,16.835050617731067
2,60,15.763480014360391
2,61,12.870942459058446
2,62,12.071678546726693
2,63,11.221609756434567
2,64,7.914345504185471
2,65,9.171304424895666
2,66,8.67681525803737
2,67,11.65080123023195
2,68,11.583313112220818
2,69,9.424978168727373
2,70,11.639624031073003
2,71,11.845293139802656
2,72,13.929421656053043
2,73,16.60373239800209
2,74,19.36679537204487
2,75,22.43855190784196
2,76,25.07984442586332
2,77,27.294487379193228
2,78,25.218115843508105
2,79,25.522728711047797
2,80,29.182344152109607
2,81,29.986953292154656
2,82,28.40147829122954
2,83,30.19291934621296
2,84,33.48138565050991
2,85,33.5918752668729
2,86,32.54865006248131
2,87,33.28333733027233
2,88,37.09682247933581
2,89,36.92878703034606
2,90,34.61949748969499
2,91,37.15634677031122
2,92,40.038154391657436
2,93,38.65445093892912
2,94,37.87850952759585
2,95,34.12054522282428
2,96,33.046410889992366
2,97,30.23401653496317
2,98,27.491448656602195
2,99,27.184482316754565
2,100,23.379063388675892
2,101,24.052704383006173
2,102,26.600483669588726
2,103,26.49256416715602
2,104,27.816322873577175
2,105,24.731065507527116
2,106,22.75313011355602
2,107,23.283260967797684
2,108,25.83976194906095
2,109,25.390480640168654
2,110,26.41312122644824
2,111,24.678810516841715
2,112,25.318457634579474
2,113,22.047399395710336
2,114,19.279953114529352
2,115,18.806872234252697
2,116,19.235130480582708
2,117,19.271515631124227
2,118,22.313589438721866
2,119,23.307991239012896
2,120,26.448578318735894
2,121,28.064901400191907
2,122,24.120267391965662
2,123,22.541508896096847
2,124,20.10660116160317
2,125,21.784896549363246
2,126,20.340116893243383
2,127,23.07452425623045
2,128,21.74383643865297
3,1,6.5976716209220525
3,2,3.7849135964991945
3,4,3.7620998433262884
3,5,6.84138569984564
3,6,8.979622884231883
3,7,11.896686741153811
3,8,14.15221547575316
3,9,17.169685987658006
3,10,18.164461896946342
3,11,14.940334691148438
3,12,14.590924957049769
3,13,15.77893274975476
3,14,15.765156879545355
3,15,15.189618012808335
3,16,11.468374603816658
3,17,9.230881753123889
3,18,5.652465371130692
3,19,5.556511031940449
3,20,5.195717439431439
3,21,8.389734953466442
3,22,11.198541886998852
3,23,12.372809192155263
3,24,15.913727901476431
3,25,17.619839219094377
3,26,17.67499625921727
3,27,15.200991231712667
3,28,13.278946950706397
3,29,12.078891084936268
3,30,11.700740974584683
3,31,15.165945322855524
3,32,16.625774918043025
3,33,15.26455337935524
3,34,16.52671312227273
3,35,19.881128345799187
3,36,20.442803058729048
3,37,19.39235304503141
3,38,21.450852120330644
3,39,24.47054040682333
3,40,24.43174886008773
3,41,25.049017311244345
3,42,28.788140568499156
3,43,28.22034847217446
3,44,25.811765474507855
3,45,28.461064256141416
3,46,31.371456306523342
3,47,29.7261950612433
3,48,30.89684782743392
3,49,28.383809154255967
3,50,26.59223937156653
3,51,23.932920033772024
3,52,23.325099103060364
3,53,20.622668474456535
3,54,18.48668092856455
3,55,19.23902082442497
3,56,18.462518144927635
3,57,15.028519899980761
3,58,14.25196819798583
3,59,15.262983380718849
3,60,14.202167725586216
3,61,10.779132849322583
3,62,10.171244179676622
3,63,8.69871745938283
3,64,5.546550991977696
3,65,7.120128536658072
3,66,7.478872930774197
3,67,10.968796261722778
3,68,11.178168950408887
3,69,10.100070491404134
3,70,12.185332824441879
3,71,11.850444535150558
3,72,12.94517745273885
3,73,15.378586626587458
3,74,17.566778233646083
3,75,20.80227437316599
3,76,23.65166049311078
3,77,25.438087236839017
3,78,23.055980186800443
3,79,23.701864308191368
3,80,27.37697260170216
3,81,27.7621108252657
3,82,26.146162670117228
3,83,28.294201297927867
3,84,31.42984229916787
3,85,31.244306183307145
3,86,30.35637369494458
3,87,31.463167848896685
3,88,35.196506357019096
3,89,34.85244872640735
3,90,32.804101876393865
3,91,35.58239372644727
3,92,38.27243051570084
3,93,36.93998709654661
3,94,36.50477560427066
3,95,32.775816719499225
3,96,31.89151278652465
3,97,28.975564130752904
3,98,26.561887746113744
3,99,26.682195320168237
3,100,22.92198019501656
3,101,23.041974300133475
3,102,25.781820935647666
3,103,25.402068457338448
3,104,27.118243526003795
3,105,24.384482720696383
3,106,21.997149565725746
3,107,22.55495083106129
3,108,24.76454008851818
3,109,24.035934784166017
3,110,25.292310182666302
3,111,24.067742413606172
3,112,25.01590387029877
3,113,22.10463615061221
3,114,18.99705055490256
3,115,17.792010594054496
3,116,17.78243274045003
3,117,17.143671934691927
3,118,19.82565137666475
3,119,20.36647444220554
3,120,23.30829147362379
3,121,24.670275525243134
3,122,20.608644354402657
3,123,19.184163171263577
3,124,17.049480966734638
3,125,19.129521916313927
3,126,18.207787903266823
3,127,21.27922831289939
3,128,20.51513632675226
4,1,9.256487833605965
4,2,6.453168963568469
4,3,3.7620998433262884
4,5,3.781558399583249
4,6,6.189184276731568
4,7,8.508078668266323
4,8,11.245720725084823
4,9,14.207067687356496
4,10,15.776700769588002
4,11,12.953022970463739
4,12,12.2205232448024
4,13,14.004616039574554
4,14,14.601587922549896
4,15,14.75817790021813
4,16,11.361199622352752
4,17,8.390225075638329
4,18,5.251065103195957
4,19,5.415113778428152
4,20,5.978935871949865
4,21,8.571163625261562
4,22,11.537624187663257
4,23,12.67158480286982
4,24,16.458867569626413
4,25,17.363820843028307
4,26,17.402928117778007
4,27,14.341888373373951
4,28,12.460311678754229
4,29,10.266138794494985
4,30,9.263609182191955
4,31,12.380081296898823
4,32,14.495753240543515
4,33,13.421097186738391
4,34,14.03085751199194
4,35,17.40871502467906
4,36,18.53740355099265
4,37,17.540333867298976
4,38,19.075488788620746
4,39,22.335043167990577
4,40,22.60437507283063
4,41,22.864689872195083
4,42,26.683925654454733
4,43,26.56143291305676
4,44,24.10013096470259
4,45,26.44396695114036
4,46,29.605994009056257
4,47,28.303617177667604
4,48,29.791266255177874
4,49,27.59820408480672
4,50,25.80939195692093
4,51,23.490410569584327
4,52,22.532885293902837
4,53,19.469706383058924
4,54,17.916384876153472
4,55,19.009440556526986
4,56,17.67548207939112
4,57,14.145529482048904
4,58,14.34941514889647
4,59,15.31640173609559
4,60,13.45867485394273
4,61,9.940557216934197
4,62,10.68330472717489
4,63,9.832786968130597
4,64,7.821691655213701
4,65,9.998476391198206
4,66,10.73474345525716
4,67,14.364389394958723
4,68,14.647718163894021
4,69,13.712222139378591
4,70,15.419123116887464
4,71,14.421445874071118
4,72,15.23355045320392
4,73,16.995760535234993
4,74,18.712651946136713
4,75,22.222372823824994
4,76,24.874689058772635
4,77,26.412999839168045
4,78,23.615000841874842
4,79,24.115178478828295
4,80,27.85668081362438
4,81,27.93372446050318
4,82,25.902566247084206
4,83,28.133510481604485
4,84,31.31267160684041
4,85,30.7267514073414
4,86,29.569061813016795
4,87,30.868717722032994
4,88,34.504635575488926
4,89,33.76609087291093
4,90,31.70065694948357
4,91,34.67180240638266
4,92,37.12672700397742
4,93,35.510618380731614
4,94,35.27465109368689
4,95,31.66786021492519
4,96,31.211088452253982
4,97,28.537901488158777
4,98,26.17330015830093
4,99,26.766084521465697
4,100,23.129885837652203
4,101,23.21429996229372
4,102,26.324969319957198
4,103,26.215045026508925
4,104,28.34235195532362
4,105,25.782452086944787
4,106,23.469792710095007
4,107,24.486080954365164
4,108,26.667359360235107
4,109,26.07488311682425
4,110,27.713436796135117
4,111,26.75347332840937
4,112,28.034889055633776
4,113,25.287219506154067
4,114,21.975771863753074
4,115,20.41226345965587
4,116,19.826690907394227
4,117,18.64603391299458
4,118,20.821681379580117
4,119,20.923078293446814
4,120,23.641291671847412
4,121,24.49296587948859
4,122,20.223684711740116
4,123,19.461174067325334
4,124,17.83651474673731
4,125,20.480453300351883
4,126,20.16171330084371
4,127,23.361474724488804
4,128,22.969502212941013
5,1,12.815421400036277
5,2,10.1023193113081
5,3,6.84138569984564
5,4,3.781558399583249
5,6,3.802696851553699
5,7,6.199317408568953
5,8,9.325417656764293
5,9,11.54423634216958
5,10,13.40260235346481
5,11,10.67036137804932
5,12,9.095962802745333
5,13,10.793781464672078
5,14,12.093226746252798
5,15,12.50182932666138
5,16,9.569280267209901
5,17,6.088410966558507
5,18,4.644097915932168
5,19,6.380863830704912
5,20,8.62578791149104
5,21,11.291635612919046
5,22,14.142989056707949
5,23,14.55747222785903
5,24,18.2311908630044
5,25,18.712737960037938
5,26,19.27002534973091
5,27,16.031239314658976
5,28,14.740592743808774
5,29,11.90410876166556
5,30,9.745187129472214
5,31,12.436648597920582
5,32,15.085062965685507
5,33,13.695166251967771
5,34,13.317525621358985
5,35,16.898454980486353
5,36,18.272372218332567
5,37,16.751121863405086
5,38,17.717108902046345
5,39,21.241438485126658
5,40,21.294399884332037
5,41,20.97294578352149
5,42,24.765711676677014
5,43,24.843005873864442
5,44,22.066130002144607
5,45,24.05981489849606
5,46,27.398589507751474
5,47,26.132214393590598
5,48,28.003888383292306
5,49,25.897357218129866
5,50,23.82180044584605
5,51,21.93434643037852
5,52,21.102018632500045
5,53,17.712225974168017
5,54,16.41432243877864
5,55,18.179655399450354
5,56,16.87207938992461
5,57,13.189000089362663
5,58,14.064105350387326
5,59,15.631466144078155
5,60,13.691859849512875
5,61,10.03883955835753
5,62,11.36811931757756
5,63,10.260915327931977
5,64,9.252247547793672
5,65,11.222426178974414
5,66,12.379386436219203
5,67,15.964683654681712
5,68,16.496718462948678
5,69,16.267736351324167
5,70,17.82925395943764
5,71,16.53930290410287
5,72,16.567067001754396
5,73,17.8853595563055
5,74,18.869726830488894
5,75,22.41465265899783
5,76,25.115425414116952
5,77,26.14237695206307
5,78,23.028008731782098
5,79,23.814670617721553
5,80,27.47398972313367
5,81,27.043185963208977
5,82,24.91168919223785
5,83,27.475893016851025
5,84,30.44324544885547
5,85,29.441744885962304
5,86,28.38438106050266
5,87,30.099605295583324
5,88,33.56191384544292
5,89,32.530853439303705
5,90,30.75916786789692
5,91,33.98048603525315
5,92,36.13843582058387
5,93,34.50137274348703
5,94,34.66599807391265
5,95,31.186862973790454
5,96,31.04898283245574
5,97,28.409417289618737
5,98,26.42389713700775
5,99,27.49829361340756
5,100,24.045509368782355
5,101,23.6407127408887
5,102,26.909243893039182
5,103,26.626590066876624
5,104,29.12340699021096
5,105,26.955989297929545
5,106,24.397830460467894
5,107,25.48156436942142
5,108,27.29411290862105
5,109,26.491164871308005
5,110,28.33769690223755
5,111,27.870133780310777
5,112,29.389236106469305
5,113,26.997594102451238
5,114,23.52881745167213
5,115,21.425265284013026
5,116,20.419960066789745
5,117,18.566334464923195
5,118,20.120224117492654
5,119,19.570323922791157
5,120,21.8663919766421
5,121,22.198471470059044
5,122,17.809503383688753
5,123,17.52331484448757
5,124,16.562079228657023
5,125,19.679382800074126
5,126,20.062011276886818
5,127,23.464860464102863
5,128,23.664158723401403
6,1,13.960052248990898
6,2,12.13460085456764
6,3,8.979622884231883
6,4,6.189184276731568
6,5,3.802696851553699
6,7,3.7873760426678427
6,8,5.850023562838744
6,9,8.267317535976458
6,10,9.746029405576438
6,11,7.079126925278334
6,12,6.222113018869597
6,13,8.761057868666262
6,14,9.566799510857901
6,15,10.970870187721777
6,16,8.715222186412102
6,17,6.187705608365739
6,18,5.3575761554505075
6,19,5.766527801146684
6,20,8.587938991450772
6,21,10.780125986412624
6,22,13.252095836615275
6,23,12.859735825726634
6,24,16.278451774434583
6,25,16.291405673612235
6,26,17.350029789008527
6,27,14.163975474821967
6,28,13.732884045723525
6,29,10.743756398459494
6,30,7.698224366060904
6,31,10.345518776162983
6,32,12.757993438152718
6,33,10.816265148867924
6,34,10.067247181283083
6,35,13.786842110575135
6,36,14.940360652953071
6,37,13.114783685484506
6,38,14.060819645946847
6,39,17.575511618643976
6,40,17.505288442186657
6,41,17.210887109781215
6,42,21.00681701244695
6,43,21.06872320145417
6,44,18.371914005463886
6,45,20.45136069837132
6,46,23.752834928582445
6,47,22.601510361189934
6,48,24.429486976873907
6,49,22.500908019177142
6,50,20.648633575175804
6,51,18.81812312977211
6,52,17.65449643824775
6,53,14.220032246071037
6,54,13.340014394812647
6,55,15.063848665075406
6,56,13.419670095075476
6,57,9.845256376704256
6,58,11.401597844449492
6,59,12.863265646855098
6,60,10.669395575593853
6,61,7.262752803893211
6,62,9.47146858398128
6,63,9.2686010345144
6,64,9.67856210652411
6,65,12.418712042324929
6,66,14.493384932218918
6,67,17.729536298193583
6,68,17.569172933200406
6,69,17.318656385486893
6,70,18.117739169016858
6,71,16.081910210028006
6,72,15.758951143603095
6,73,16.269469610447473
6,74,16.808348807671916
6,75,20.46780367228879
6,76,22.831799396053338
6,77,23.720178601186035
6,78,20.388792749074646
6,79,20.927202150726966
6,80,24.569968903448864
6,81,24.038724639751948
6,82,21.64035483594654
6,83,24.15010932193251
6,84,27.146581763852858
6,85,26.009563819612048
6,86,24.78498393890927
6,87,26.53180560440227
6,88,29.940900096356017
6,89,28.804391872646793
6,90,27.032262488052062
6,91,30.30323105271237
6,92,32.38734266162271
6,93,30.72970636046516
6,94,30.97607877224549
6,95,27.542191046786748
6,96,27.53998571440881
6,97,24.982926376257513
6,98,23.15161481996262
6,99,24.531037609070147
6,100,21.26296700159405
6,101,20.657603931539043
6,102,24.078958258146834
6,103,23.94005819716113
6,104,26.716684926230933
6,105,24.796489056581663
6,106,22.328702983632745
6,107,23.81675359903726
6,108,25.60647422897476
6,109,25.107094119475615
6,110,27.386165366414843
6,111,27.10437052568906
6,112,29.0726795761791
6,113,26.90947367772685
6,114,23.237258252743224
6,115,20.87472530010683
6,116,19.240341629161666
6,117,17.12082785482778
6,118,18.272966418887304
6,119,17.739178358381633
6,120,20.095346664789442
6,121,20.34235109909811
6,122,16.068721205477182
6,123,16.356304703050974
6,124,15.401634315360784
6,125,18.68273940386314
6,126,19.362925495839104
6,127,22.547427263647457
6,128,22.912771377425983
7,1,16.400541944441834
7,2,14.575951122433878
7,3,11.896686741153811
7,4,8.508078668266323
7,5,6.199317408568953
7,6,3.7873760426678427
7,8,3.8377478552116853
7,9,6.149569847174911
7,10,8.825371482886911
7,11,7.659114200535097
7,12,6.666145081452957
7,13,10.080383297946451
7,14,11.44302577668814
7,15,13.632198308419595
7,16,12.032302593755173
7,17,9.558737205119094
7,18,9.0890269109118
7,19,9.04370196150839
7,20,11.092266017675398
7,21,12.287373086084287
7,22,14.468633002604847
7,23,14.292752069164365
7,24,17.61453401630432
7,25,16.821037081300737
7,26,17.60547327800214
7,27,14.105523837558595
7,28,13.757247052963493
7,29,10.20754784886878
7,30,6.834361127837526
7,31,8.123485381217957
7,32,11.227423694629431
7,33,10.032618693019463
7,34,8.265728597320917
7,35,11.639416296517325
7,36,13.63317086957959
7,37,12.23445156126894
7,38,12.300879509677713
7,39,15.974855451076875
7,40,16.547797957577725
7,41,15.891049893797502
7,42,19.699505051312475
7,43,20.428734139860428
7,44,17.936461513426448
7,45,19.565854476166148
7,46,23.09074865852719
7,47,22.53576257914513
7,48,24.594064839702487
7,49,23.20524168134946
7,50,21.614278640155838
7,51,20.191327236873747
7,52,18.505775414310612
7,53,14.95970755556823
7,54,15.021764622399324
7,55,16.70473661674092
7,56,14.383353266174268
7,57,11.32001346693201
7,58,13.726498194143069
7,59,14.619030664620174
7,60,11.705710527607728
7,61,9.138949010432317
7,62,12.216322104642375
7,63,12.739031504749232
7,64,13.27575532937676
7,65,16.13645776867981
7,66,18.02631443957399
7,67,21.380758836970166
7,68,21.217891728751965
7,69,20.699754493765695
7,70,21.388393717087553
7,71,19.137955454120437
7,72,19.023212703545003
7,73,19.147291889524936
7,74,19.528504154498197
7,75,23.229384980944427
7,76,25.229175751633512
7,77,26.042013645437784
7,78,22.535825503935495
7,79,22.70697484132463
7,80,26.287892177470685
7,81,25.631292993968856
7,82,22.82782266045718
7,83,25.15768113434035
7,84,28.198203177976286
7,85,26.744010938068772
7,86,25.114511507343785
7,87,26.87351117044537
7,88,30.11611769513649
7,89,28.570933596924505
7,90,26.683032284293123
7,91,30.029156267943712
7,92,31.858486566185814
7,93,29.823700750120025
7,94,30.180304490430576
7,95,26.959574577129498
7,96,27.43735984651082
7,97,25.3057674305235
7,98,23.455056498564065
7,99,25.19665721365503
7,100,22.17611353533206
7,101,21.78192795531776
7,102,25.423985054325026
7,103,25.711377509956034
7,104,28.686863415947393
7,105,26.845194916302724
7,106,24.685616637528845
7,107,26.564381713753203
7,108,28.448139437701712
7,109,28.209555023098595
7,110,30.701174912219756
7,111,30.43350677884546
7,112,32.55154217935627
7,113,30.37902358659769
7,114,26.67561124386732
7,115,24.346549784221676
7,116,22.487390849800654
7,117,20.304115620250087
7,118,21.145508290638272
7,119,20.45773890339894
7,120,22.582932916346763
7,121,22.403381631730113
7,122,18.229117961867043
7,123,19.13131260632405
7,124,18.539562177172495
7,125,21.951702698581578
7,126,22.84549227125575
7,127,25.92766381137998
7,128,26.33847487671643
8,1,17.808999639231473
8,2,16.722055330610523
8,3,14.15221547575316
8,4,11.245720725084823
8,5,9.325417656764293
8,6,5.850023562838744
8,7,3.8377478552116853
8,9,3.8590301201844235
8,10,5.6511565625892874
8,11,5.4601613871244465
8,12,6.217812692332783
8,13,9.961919578306144
8,14,10.438042696773225
8,15,13.407361756209614
8,16,12.542571231535
8,17,11.12440675304707
8,18,10.867032682874818
8,19,10.015892804835511
8,20,12.068376597512183
8,21,12.744203320245997
8,22,14.329388181504843
8,23,13.323644789978673
8,24,16.094260767143442
8,25,14.778452908099663
8,26,16.12067448914028
8,27,12.935961779592812
8,28,13.632954577330377
8,29,10.39354629527846
8,30,6.611908967207271
8,31,7.420688664081628
8,32,9.706884536857428
8,33,7.803599542437173
8,34,5.307332664276279
8,35,8.785281946399406
8,36,10.38811664865263
8,37,8.59234020959394
8,38,8.563260479376954
8,39,12.242899931364365
8,40,12.712754590440504
8,41,12.182884505683807
8,42,16.017885171160405
8,43,16.720204027691416
8,44,14.449296627949263
8,45,16.236618155494106
8,46,19.65106142297263
8,47,19.275006197160256
8,48,21.183635085697123
8,49,20.05801275311887
8,50,18.860482458837303
8,51,17.504206730548916
8,52,15.372302952461007
8,53,11.959934002147671
8,54,12.696105377536536
8,55,14.090863862814784
8,56,11.336659845343886
8,57,8.866665917291208
8,58,11.953949801508111
8,59,12.476168614576949
8,60,9.40908938517865
8,61,7.874032313388853
8,62,11.458785973398497
8,63,12.82168289652441
8,64,14.324412333029972
8,65,17.53763519114781
8,66,20.005001274010844
8,67,23.023975410987937
8,68,22.30775404934381
8,69,21.776584515285823
8,70,21.81493205816919
8,71,19.031598331975022
8,72,18.644351883894664
8,73,18.000788945284583
8,74,17.954336138930266
8,75,21.599200913801575
8,76,23.147933491058755
8,77,23.840022012671053
8,78,20.235887940550935
8,79,20.051712478356237
8,80,23.52285040637946
8,81,22.82734479507512
8,82,19.757870458218015
8,83,21.912228812261553
8,84,24.972353953564706
8,85,23.424029583779564
8,86,21.568141934387352
8,87,23.28924635127777
8,88,26.462386404417604
8,89,24.828855464553502
8,90,22.900424833831767
8,91,26.26748911436403
8,92,28.04110184038244
8,93,25.988129371358085
8,94,26.3964897615341
8,95,23.221453360953674
8,96,23.839615432992662
8,97,21.836965729099045
8,98,20.17012450107969
8,99,22.23217456892263
8,100,19.501489972725853
8,101,18.920616910632592
8,102,22.64713378800571
8,103,23.12490611669243
8,104,26.316096963458275
8,105,24.761296668697348
8,106,22.78951957429389
8,107,25.03723197849047
8,108,26.878279865993523
8,109,26.978711324761118
8,110,29.817520778489566
8,111,29.692039278996507
8,112,32.17528787510528
8,113,30.235467238078776
8,114,26.444552395472904
8,115,23.98784817597933
8,116,21.638687611962645
8,117,19.36593608891768
8,118,19.8221022673848
8,119,19.272480468204897
8,120,21.427006092240703
8,121,21.251487193219084
8,122,17.427557528720737
8,123,18.777055807669147
8,124,18.126726659263085
8,125,21.458342978435184
8,126,22.510862124597068
8,127,25.256901040253396
8,128,25.754288371127092
9,1,21.367128023172278
9,2,20.062859838244357
9,3,17.169685987658006
9,4,14.207067687356496
9,5,11.54423634216958
9,6,8.267317535976458
9,7,6.149569847174911
9,8,3.8590301201844235
9,10,3.817809096463575
9,11,5.448401852956685
9,12,5.284301392638193
9,13,8.731899850492299
9,14,9.852902985919773
9,15,13.236107072055482
9,16,13.352128437267893
9,17,12.26004457146415
9,18,13.116953723736124
9,19,13.036623332038378
9,20,15.579332096016708
9,21,16.537488613594277
9,22,18.105272216651997
9,23,16.812052330785196
9,24,19.291790778908045
9,25,17.808074209867417
9,26,19.4774160076553
9,27,16.468795122043016
9,28,17.404107517487677
9,29,14.140752776401797
9,30,10.395637793754238
9,31,10.511089592263037
9,32,12.79810166948718
9,33,10.964944635593273
9,34,7.772277654254709
9,35,10.459464623780965
9,36,12.100579946153438
9,37,9.77921726085013
9,38,8.47007917956667
9,39,12.168077443084616
9,40,12.239511562881694
9,41,10.577461844383198
9,42,14.205454832520491
9,43,15.330518182289845
9,44,12.69279948884911
9,45,13.73745886782716
9,46,17.421445229090107
9,47,17.260306326841896
9,48,19.707797548192893
9,49,18.878966390400304
9,50,17.451259942456794
9,51,16.855824951887783
9,52,14.87790631176411
9,53,11.280752219598513
9,54,12.689229024715754
9,55,14.751434250706321
9,56,12.26196671316845
9,57,10.231016329490084
9,58,13.701484373903188
9,59,14.728008202727684
9,60,12.11442713432076
9,61,10.88177479217018
9,62,14.199345119914058
9,63,15.177282203501537
9,64,17.00963526266752
9,65,19.88216958097664
9,66,22.416978555367518
9,67,25.36137518241175
9,68,24.848408074414507
9,69,24.749054294149463
9,70,24.805011403776575
9,71,22.017113685583666
9,72,21.12786268264378
9,73,20.218723711741323
9,74,19.511111140094933
9,75,22.94970396360865
9,76,24.431169507310425
9,77,24.54670965020112
9,78,20.76510298792843
9,79,20.85752824566999
9,80,24.033837879638195
9,81,22.755578854018676
9,82,19.638490315041373
9,83,22.070845933998438
9,84,24.740900113797153
9,85,22.667050472388144
9,86,20.94164644489536
9,87,23.15470077399202
9,88,25.968132365857787
9,89,23.939826239668687
9,90,22.47143103421873
9,91,26.070828133819056
9,92,27.375709971270854
9,93,25.32052044266827
9,94,26.277721577863296
9,95,23.40683294599218
9,96,24.448588364118457
9,97,22.611437513260363
9,98,21.525392957088577
9,99,24.036072072605897
9,100,21.67710888887836
9,101,20.59735924768391
9,102,24.270503244137615
9,103,24.549521477018896
9,104,27.990448980200217
9,105,26.88637865742477
9,106,24.76729577791321
9,107,26.97617858929873
9,108,28.409012513744187
9,109,28.328846124681654
9,110,31.28192452316761
9,111,31.58586002424791
9,112,34.20769409710785
9,113,32.58446748296063
9,114,28.76505952178563
9,115,25.975523749579427
9,116,23.387942168617258
9,117,20.66077181264892
9,118,20.434617277944838
9,119,19.252785993794912
9,120,20.791090544794415
9,121,19.95794989785695
9,122,16.347979650443257
9,123,18.382392132920096
9,124,18.480806208321322
9,125,22.021672145026134
9,126,23.66437936985777
9,127,26.430982676704918
9,128,27.418116910573477
10,1,21.85584438544137
10,2,21.08626300098215
10,3,18.164461896946342
10,4,15.776700769588002
10,5,13.40260235346481
10,6,9.746029405576438
10,7,8.825371482886911
10,8,5.6511565625892874
10,9,3.817809096463575
10,11,3.827046869340701
10,12,5.827621397455217
10,13,8.461405399299752
10,14,8.166310380691346
10,15,11.923487626437874
10,16,12.708759584250265
10,17,12.71627846222205
10,18,13.71073834309012
10,19,13.265815137512273
10,20,15.943173202287346
10,21,16.910835481810807
10,22,18.124143126557197
10,23,16.07967524446669
10,24,17.978228308822693
10,25,16.54027047526621
10,26,18.865680423044
10,27,16.415839324914042
10,28,18.038917211444023
10,29,15.311321392619513
10,30,11.621990424993667
10,31,12.187570613256351
10,32,13.48987780327227
10,33,10.825979296963451
10,34,8.103858606892887
10,35,10.631671758696942
10,36,11.049569665496891
10,37,7.860559440372041
10,38,7.06144021464872
10,39,10.350195748076422
10,40,9.38562968192665
10,41,7.899426076461941
10,42,11.536766500228412
10,43,12.008087977167175
10,44,9.19798419923892
10,45,10.83094869015375
10,46,14.29110351374818
10,47,13.794674763518739
10,48,16.043320450820264
10,49,15.106232388927351
10,50,13.847612339822623
10,51,13.202511823993092
10,52,11.087267699213015
10,53,7.5487427187955936
10,54,9.440552696393354
10,55,11.422267296377534
10,56,9.055387673227779
10,57,7.677169266203738
10,58,11.367005937221135
10,59,12.472484043647908
10,60,10.48783088891333
10,61,10.001860990057933
10,62,12.986518655812866
10,63,14.262076049910055
10,64,16.83141310812473
10,65,19.74768763799038
10,66,22.74213319316102
10,67,25.26756419998669
10,68,24.327683896152575
10,69,24.4043408994393
10,70,23.961761927076065
10,71,20.89856902460476
10,72,19.583831975431526
10,73,18.10123222921939
10,74,16.880611759046452
10,75,20.11135436875309
10,76,21.312787959019726
10,77,21.198290220020226
10,78,17.387656671449008
10,79,17.42027552591882
10,80,20.440132966048036
10,81,19.043667544341325
10,82,15.880394781105984
10,83,18.370717272770246
10,84,20.949812681061918
10,85,18.859783520778368
10,86,17.22553251412441
10,87,19.556423843925646
10,88,22.37278567305106
10,89,20.483274003297556
10,90,19.176125800077028
10,91,22.817655937582014
10,92,24.183155831795293
10,93,22.432803905486573
10,94,23.472586276510764
10,95,20.53294298971778
10,96,21.418970416812964
10,97,19.40709709948353
10,98,18.698653330913437
10,99,21.35989727362871
10,100,19.2364082709111
10,101,17.683875633713836
10,102,21.23929510588665
10,103,21.35909401732234
10,104,24.92921499332514
10,105,24.179832974759925
10,106,22.041841468768446
10,107,24.337881651122995
10,108,25.559133348711505
10,109,25.62427456966606
10,110,28.78649220981984
10,111,29.300156061938118
10,112,32.17541391750927
10,113,30.85243860901859
10,114,27.0300115457779
10,115,24.096248630588757
10,116,21.159474073021453
10,117,18.336638389978305
10,118,17.70977144043102
10,119,16.64125385000419
10,120,18.205517137296717
10,121,17.538616501429388
10,122,14.35819274188764
10,123,16.609495555687047
10,124,16.58679966437446
10,125,19.917943143305173
10,126,21.688437547944552
10,127,24.120698094349557
10,128,25.250223925097853
11,1,18.88473140608933
11,2,18.052278670128086
11,3,14.940334691148438
11,4,12.953022970463739
11,5,10.67036137804932
11,6,7.079126925278334
11,7,7.659114200535097
11,8,5.4601613871244465
11,9,5.448401852956685
11,10,3.827046869340701
11,12,3.784840167762015
11,13,6.215506646597825
11,14,5.334603004875238
11,15,8.758708291498253
11,16,9.015278374774011
11,17,9.182489653704332
11,18,10.173096236172011
11,19,9.960961138552928
11,20,13.037626669981282
11,21,14.641816879005887
11,22,16.174248291364613
11,23,14.147030711544009
11,24,16.376413636063223
11,25,15.727992263412528
11,26,18.06738688341975
11,27,15.607935330388713
11,28,16.854710458445492
11,29,14.282292821922166
11,30,10.65856934004478
11,31,12.379980462010549
11,32,13.748840483420215
11,33,10.681859344339564
11,34,8.968308838518997
11,35,12.293922397431167
11,36,12.40412154768747
11,37,9.201791097425037
11,38,9.803917232088587
11,39,13.027892626771733
11,40,11.812795285568125
11,41,11.121472847824673
11,42,14.69266974054067
11,43,14.405741322335205
11,44,11.4300618350152
11,45,13.629378590026592
11,46,16.789496675088454
11,47,15.523148015643715
11,48,17.46691485561056
11,49,15.721104354041323
11,50,13.981388018798771
11,51,12.605543971483186
11,52,11.185155573879847
11,53,7.4930997480934005
11,54,7.699168177639757
11,55,9.99824246748891
11,56,8.31213499263138
11,57,5.521187977597255
11,58,8.670931696391825
11,59,10.534266379528367
11,60,8.998072905953643
11,61,7.4153661088351726
11,62,9.898100759351424
11,63,10.630443596851919
11,64,13.195975343110561
11,65,15.975709191335255
11,66,19.02620418426314
11,67,21.474983511222902
11,68,20.599652838460138
11,69,20.854866543777685
11,70,20.582299152138564
11,71,17.7347174590997
11,72,16.293700331212587
11,73,15.238839339653467
11,74,14.262206074860798
11,75,17.65772756624409
11,76,19.40142667236975
11,77,19.49596951862752
11,78,15.761364881335892
11,79,16.256160398871845
11,80,19.55946081855112
11,81,18.389804674564328
11,82,15.673074484427232
11,83,18.432769677689603
11,84,21.113437957848138
11,85,19.485089594628075
11,86,18.314378614409016
11,87,20.53118626795637
11,88,23.661111068099938
11,89,22.302472082931413
11,90,20.979230344842357
11,91,24.47894714060595
11,92,26.234645818694258
11,93,24.819755684502088
11,94,25.568334207106986
11,95,22.32383945959205
11,96,22.59985426856023
11,97,20.074005043208548
11,98,19.11241835313262
11,99,21.2472612815933
11,100,18.644130784271916
11,101,17.0502357081832
11,102,20.489331321552818
11,103,20.190463233835505
11,104,23.54206372165167
11,105,22.522654066680364
11,106,20.019125680840226
11,107,21.92763194412479
11,108,23.166688809485148
11,109,22.92592503334993
11,110,25.86034157942663
11,111,26.281607353511856
11,112,28.961087467271373
11,113,27.539554821982165
11,114,23.72038766291147
11,115,20.76411109736351
11,116,18.06281354109875
11,117,15.23495522364521
11,118,15.02931770951837
11,119,14.080631339761645
11,120,16.048012844064438
11,121,15.876967233978089
11,122,12.21830447017508
11,123,13.80419005282827
11,124,13.38521146417642
11,125,16.77268223702399
11,126,18.340815722460377
11,127,21.008104048888956
11,128,22.058667746977896
12,1,19.599575230935763
12,2,18.02395720747788
12,3,14.590924957049769
12,4,12.2205232448024
12,5,9.095962802745333
12,6,6.222113018869597
12,7,6.666145081452957
12,8,6.217812692332783
12,9,5.284301392638193
12,10,5.827621397455217
12,11,3.784840167762015
12,13,3.785856207697454
12,14,5.499435543039839
12,15,8.285857230065998
12,16,8.424181903989359
12,17,7.602160355649802
12,18,9.52042980231925
12,19,10.578995242313898
12,20,13.979360525257578
12,21,16.077299232123192
12,22,18.09350399265062
12,23,16.655219810903848
12,24,19.339387357338545
12,25,18.872242211403712
12,26,20.82359582241092
12,27,17.979373713143097
12,28,18.56736203435573
12,29,15.557927398664761
12,30,11.892921751210357
12,31,13.499032622488109
12,32,15.708865344610356
12,33,13.19070132905492
12,34,11.120172980656223
12,35,14.523642338158696
12,36,15.393346092582519
12,37,12.497663095606065
12,38,12.433729726511748
12,39,15.93671762867078
12,40,15.005132951162093
12,41,13.642537276498839
12,42,17.121712929298322
12,43,17.263097833256882
12,44,13.994107984672842
12,45,15.482504622986658
12,46,18.920156729449452
12,47,17.701593382294618
12,48,20.121757837523006
12,49,18.370251086730143
12,50,16.10124478462456
12,51,15.1959042801841
12,52,14.330819215674119
12,53,10.545946830760913
12,54,10.448498122535886
12,55,13.305854688157456
12,56,12.036075833816714
12,57,9.019075757038994
12,58,11.601927413132245
12,59,13.855942369667753
12,60,12.248957576870255
12,61,9.868625905030232
12,62,12.101268551539277
12,63,11.842491552943995
12,64,13.671489831714545
12,65,15.92406057082916
12,66,18.50985915774259
12,67,21.249885999449
12,68,21.05274353651143
12,69,21.590415064709358
12,70,21.948154236139157
12,71,19.574147622392633
12,72,18.157849842888936
12,73,17.738794452435062
12,74,16.89503435039434
12,75,20.229847628662956
12,76,22.375490044104897
12,77,22.290039559574904
12,78,18.593946695933532
12,79,19.55499606005624
12,80,22.78172315953865
12,81,21.349986029507182
12,82,18.881366148686897
12,83,21.879272264935747
12,84,24.327066639449416
12,85,22.495336478105536
12,86,21.56382781061579
12,87,24.024680640466478
12,88,27.001911620708995
12,89,25.467218064756434
12,90,24.368563125121277
12,91,27.9601214231777
12,92,29.49969648523644
12,93,28.014636618359607
12,94,28.978385972710914
12,95,25.85790250694471
12,96,26.29863803434713
12,97,23.82450185990956
12,98,22.887784101047618
12,99,24.989337038899375
12,100,22.285931040955614
12,101,20.75365755975056
12,102,24.14208990474544
12,103,23.656021229605763
12,104,26.922790381055474
12,105,25.83132110155233
12,106,23.122000174231804
12,107,24.679637821430426
12,108,25.756760823410648
12,109,25.07146861035496
12,110,27.71052358557285
12,111,28.23795765320656
12,112,30.631783755418876
12,113,29.155933678402047
12,114,25.395256531214855
12,115,22.36647840782732
12,116,20.034844082042902
12,117,17.031552333011284
12,118,16.83609871007551
12,119,15.272565965374103
12,120,16.745875609925616
12,121,16.052702973767403
12,122,11.990851870851037
12,123,13.588599834586761
12,124,13.85427108493985
12,125,17.552543739158622
12,126,19.368582718847417
12,127,22.44070262244574
12,128,23.708923565066886
13,1,21.11794562937287
13,2,19.452301846015494
13,3,15.77893274975476
13,4,14.004616039574554
13,5,10.793781464672078
13,6,8.761057868666262
13,7,10.080383297946451
13,8,9.961919578306144
13,9,8.731899850492299
13,10,8.461405399299752
13,11,6.215506646597825
13,12,3.785856207697454
13,14,3.817701306360603
13,15,5.606577072120212
13,16,6.928780816539471
13,17,7.12739342973557
13,18,10.224632229253428
13,19,12.107549526133962
13,20,15.840464824474312
13,21,18.467486187351884
13,22,20.564158051769557
13,23,18.918791310047254
13,24,21.431256549117023
13,25,21.40969453393214
13,26,23.628244268746773
13,27,21.025185930618274
13,28,21.611778751984716
13,29,18.81536872176458
13,30,15.280428334897767
13,31,17.187440749276877
13,32,19.26127461407328
13,33,16.49279487523106
13,34,14.682917885663235
13,35,18.068545185647725
13,36,18.56606499610335
13,37,15.35496606939847
13,38,15.440218994305917
13,39,18.689738890916555
13,40,17.135071264487365
13,41,15.607646245392178
13,42,18.69966628586043
13,43,18.403350257362806
13,44,14.812884412559331
13,45,16.152467421675052
13,46,19.328163238610934
13,47,17.54544074734062
13,48,20.078562510605177
13,49,17.91869428523493
13,50,15.0364879991111
13,51,14.398597555074376
13,52,14.496762572526812
13,53,10.935557292340427
13,54,10.129072502278614
13,55,13.58965774962258
13,56,13.356160272693996
13,57,10.442092397310622
13,58,12.290037449962337
13,59,15.283366923521951
13,60,14.534167970834034
13,61,12.0500065255153
13,62,13.32868366118036
13,63,12.183619813268034
13,64,14.116424854015737
13,65,15.598140635648202
13,66,18.19272707838239
13,67,20.557537722370732
13,68,20.62535586469934
13,69,21.81560114941684
13,70,22.28339625077916
13,71,20.216461139821153
13,72,18.225878330142113
13,73,17.937574145082362
13,74,16.64004434199799
13,75,19.595195048101193
13,76,22.0481613251628
13,77,21.490168668905667
13,78,17.908707602234035
13,79,19.56838876991115
13,80,22.528862184525224
13,81,20.7247206991655
13,82,18.789673030261522
13,83,22.170789194805245
13,84,24.18426227953787
13,85,22.309520762573577
13,86,22.0073422871066
13,87,24.775531516808456
13,88,27.60151322193562
13,89,26.241688678294658
13,90,25.61595516405704
13,91,29.21811458157155
13,92,30.66099211426518
13,93,29.56409978680707
13,94,30.75382684797799
13,95,27.67834660450411
13,96,27.93976088845917
13,97,25.2246499628424
13,98,24.6752730545303
13,99,26.70031509779689
13,100,24.05694583108974
13,101,22.070825712947197
13,102,25.14735781703415
13,103,24.103260012774086
13,104,27.303486657252154
13,105,26.50163743073152
13,106,23.434041289552066
13,107,24.51499498458275
13,108,25.083685261287034
13,109,23.911842086708653
13,110,26.35936855601729
13,111,27.299626502563065
13,112,29.602580050375074
13,113,28.46716844769766
13,114,24.815448829802694
13,115,21.506483520185427
13,116,19.259019993061028
13,117,15.912406673599909
13,118,15.268567540551645
13,119,13.036977388883923
13,120,13.944228717227661
13,121,12.933084572744653
13,122,8.74484721180625
13,123,10.452667861789472
13,124,11.473740573230616
13,125,15.27436718624566
13,126,17.583350752556147
13,127,20.761009387952264
13,128,22.511892528710547
14,1,20.260587606158424
14,2,19.26103065150349
14,3,15.765156879545355
14,4,14.601587922549896
14,5,12.093226746252798
14,6,9.566799510857901
14,7,11.44302577668814
14,8,10.438042696773225
14,9,9.852902985919773
14,10,8.166310380691346
14,11,5.334603004875238
14,12,5.499435543039839
14,13,3.817701306360603
