1,2,3.8167376017340198
1,3,6.482499751909169
1,4,10.179121531501137
1,5,12.976897868375913
1,6,16.62016084125794
1,7,18.429635054577115
1,8,21.363875825147918
1,9,29.54397658704615
1,10,29.81110710033288
1,11,26.370911256828414
1,12,23.086916818375165
1,13,20.969632779328855
1,14,19.693681474725427
1,15,15.890202581804735
1,16,13.432490834365781
1,17,10.081934366272879
1,18,8.30123679161452
1,19,5.746350200654019
1,20,5.184374253335107
1,21,5.1882696421668415
1,22,13.335308149552226
1,23,15.421653159668615
1,24,13.059297583114368
1,25,9.811146208439583
1,26,9.631768991127295
1,27,8.971606538681458
1,28,10.19109030031481
1,29,13.320687536985334
1,30,14.292359961093535
1,31,14.674518497992404
1,32,14.094565917059251
1,33,14.513233234854447
1,34,16.04846786118821
1,35,15.706540422451807
1,36,19.242854507197812
1,37,21.146826697875067
1,38,19.732742621522448
1,39,21.479402706993234
1,40,20.54663064603842
1,41,20.947541695472875
1,42,20.758792511879665
1,43,20.879395202082154
1,44,21.716083453790468
1,45,21.214251270018448
1,46,17.624444294398096
1,47,17.66096975064262
1,48,15.794814243914274
1,49,16.550140838481106
1,50,18.759109797163152
1,51,17.997175843022667
1,52,21.06424711976966
1,53,20.977884483617927
1,54,21.253593128775787
1,55,17.825037600041746
1,56,16.103591034695437
1,57,12.59679558959916
1,58,12.136060999816337
1,59,11.835848701927905
1,60,14.633731136365585
1,61,15.663542533067934
1,62,19.394743577330974
1,63,22.82559858803823
1,64,23.670498661238124
1,65,21.66123379039415
1,66,24.413342226610432
1,67,24.911408488143472
1,68,25.404479978120804
1,69,29.013545657774102
1,70,30.761872254820872
1,71,30.584692149186438
2,1,3.8167376017340198
2,3,3.8002749745698483
2,4,6.936142126299618
2,5,10.025258442620276
2,6,13.50740504010267
2,7,15.173917697824407
2,8,18.365061803735465
2,9,26.028326642296268
2,10,26.129157706955
2,11,22.66381071238918
2,12,19.464751012328005
2,13,17.207827145584744
2,14,16.074409460354655
2,15,12.267572028971536
2,16,9.783681627059517
2,17,6.326456433491026
2,18,5.310642117052512
2,19,4.5278976181986605
2,20,6.0938330117800295
2,21,7.856656025040088
2,22,15.393718579411807
2,23,17.213653970074628
2,24,14.479458002086368
2,25,11.162729157243609
2,26,10.860349698989788
2,27,8.955460524026938
2,28,10.743065987206155
2,29,13.030577924849581
2,30,14.7324418539986
2,31,14.981291809031951
2,32,14.892280613189186
2,33,14.851640879237287
2,34,16.784408017617977
2,35,16.320869160270014
2,36,20.072986007462468
2,37,21.337471647186092
2,38,19.356740320698343
2,39,20.634016864606508
2,40,19.351667411223417
2,41,19.09363580446397
2,42,18.461459882611813
2,43,18.048580710309494
2,44,18.56486263659779
2,45,18.406604532386822
2,46,14.959794880761297
2,47,15.644534433994364
2,48,14.028739039738245
2,49,15.33586005254084
2,50,17.416278371255437
2,51,17.25130522173235
2,52,20.591718094228945
2,53,20.203787593377985
2,54,19.846227244568393
2,55,16.194519834316267
2,56,14.170583998316133
2,57,10.759713351064704
2,58,10.125042769550575
2,59,10.946494795512594
2,60,14.217815569194041
2,61,16.104420922616917
2,62,19.89145797087901
2,63,22.977823672236077
2,64,24.052771034687154
2,65,21.600373284804085
2,66,23.883141124068406
2,67,23.800744250885852
2,68,24.077676628034514
2,69,27.68501620426324
2,70,29.01849410350714
2,71,28.849461609104488
3,1,6.482499751909169
3,2,3.8002749745698483
3,4,3.7953940815254485
3,5,6.7783146058034935
3,6,10.479191403334896
3,7,12.803854168542816
3,8,15.70971684994176
3,9,23.19212150767178
3,10,23.707917503662355
3,11,20.39777451007898
3,12,17.035285484824204
3,13,15.22750981256388
3,14,13.583488343017082
3,15,9.839504516617993
3,16,8.144125428513584
3,17,5.771356077127502
3,18,5.356007938241059
3,19,6.21434305548934
3,20,7.05703579210868
3,21,8.784205084679645
3,22,14.277139465200198
3,23,15.699428127216537
3,24,12.834899491472747
3,25,9.906316553007604
3,26,10.263129001958582
3,27,8.261917187663437
3,28,11.176363384835582
3,29,12.753495276506596
3,30,14.616898227524759
3,31,13.976646657388878
3,32,13.579396492512219
3,33,12.691867097848409
3,34,14.523465965402634
3,35,13.786076292970524
3,36,17.582674205975955
3,37,18.350251183693562
3,38,16.04926524072578
3,39,17.114904177674266
3,40,15.841045445614713
3,41,15.411975078555685
3,42,14.970705162610967
3,43,14.632990469988624
3,44,15.604656076752114
3,45,15.612049478410064
3,46,11.99977308953646
3,47,12.447856801385523
3,48,10.487171810225783
3,49,11.740277169989788
3,50,13.725802084466283
3,51,13.870890007438852
3,52,17.36787271018736
3,53,17.082354030750878
3,54,16.393633585713292
3,55,12.78079482833659
3,56,10.460792065152445
3,57,7.008740400692809
3,58,6.579386763193702
3,59,8.045425351761997
3,60,11.676421548045994
3,61,13.921474106825835
3,62,17.662604412365372
3,63,20.453269422230196
3,64,21.41261150422681
3,65,18.63098468046149
3,66,20.61828432598333
3,67,20.297614463442624
3,68,20.39041873075305
3,69,23.966022741011766
3,70,25.232576671317677
3,71,25.06414921379919
4,1,10.179121531501137
4,2,6.936142126299618
4,3,3.7953940815254485
4,5,3.788753451304697
4,6,7.146193388442829
4,7,9.661732335646851
4,8,12.66439914881353
4,9,19.410428080609137
4,10,19.94841679925332
4,11,16.705765778681485
4,12,13.379732771668962
4,13,11.65909791957806
4,14,9.834412570171981
4,15,6.149653694057987
4,16,5.311447563273642
4,17,4.62538411315348
4,18,5.947286932244853
4,19,8.582556575360892
4,20,10.098716980895539
4,21,12.286459729773565
4,22,16.882573596189186
4,23,17.924495753670847
4,24,14.97831139480505
4,25,12.411849272619058
4,26,12.718523524622572
4,27,10.182996514627495
4,28,13.253252550966245
4,29,13.849380431531038
4,30,16.138532180361214
4,31,15.229600849730343
4,32,15.196896473168987
4,33,13.819019912644967
4,34,15.807921815551964
4,35,14.99452281597598
4,36,18.69558043801922
4,37,18.69496518912533
4,38,15.887926047529227
4,39,16.328277081462296
4,40,14.772305761179481
4,41,13.473099121450879
4,42,12.594703842514429
4,43,11.529651659183894
4,44,12.331955458186098
4,45,12.963945263579072
4,46,9.612063164604763
4,47,10.806151095483282
4,48,9.146383731218041
4,49,10.920286618226712
4,50,12.472400924193092
4,51,13.420129424629428
4,52,17.00198819087886
4,53,16.430526647830877
4,54,14.94616042021241
4,55,11.310125696129825
4,56,8.648642732030899
4,57,5.938557032926355
4,58,5.585655090997088
4,59,8.641802257411126
4,60,12.283745279892965
4,61,15.16414692189625
4,62,18.654817300659033
4,63,20.901654983694353
4,64,21.96522144908709
4,65,18.796376887900223
4,66,20.12006547184899
4,67,19.11300794049583
4,68,18.85949441665704
4,69,22.310222017366762
4,70,23.06732266322188
4,71,22.88521300597463
5,1,12.976897868375913
5,2,10.025258442620276
5,3,6.7783146058034935
5,4,3.788753451304697
5,6,3.7822313134936487
5,7,6.765365748576358
5,8,9.203320876658815
5,9,17.462525633141208
5,10,18.444770291934137
5,11,15.664620586551601
5,12,12.65155403090243
5,13,11.12910441585221
5,14,8.248968194765435
5,15,5.350835151220463
5,16,5.291684692421139
5,17,6.808332464451772
5,18,7.368689080744795
5,19,10.274807916614998
5,20,11.47631234033213
5,21,13.92313176838327
5,22,18.019729178057705
5,23,18.295523929622163
5,24,15.10590596605911
5,25,12.845437303292558
5,26,12.878880624213293
5,27,10.136555597837143
5,28,13.311720790840836
5,29,12.902238085343988
5,30,15.314295968707683
5,31,13.96757926906067
5,32,14.265550482990742
5,33,12.629904315673906
5,34,14.944318028198639
5,35,14.601626872946868
5,36,18.116478841970046
5,37,17.557491238883493
5,38,14.749069367660091
5,39,15.206414300045173
5,40,14.189854746383245
5,41,12.408465156454323
5,42,12.069307550580094
5,43,10.549923297966014
5,44,11.99367434110936
5,45,13.499941630237224
5,46,10.472938807084867
5,47,11.476494180384963
5,48,9.262771561636841
5,49,10.231702518596235
5,50,10.6147862017296
5,51,11.576413969996919
5,52,14.869897672446422
5,53,13.738326216655562
5,54,11.90316230689828
5,55,8.257593878690392
5,56,6.161719486358221
5,57,5.15043436608949
5,58,6.759769980329307
5,59,10.21392950324298
5,60,13.77336871831307
5,61,16.5058053996584
5,62,19.75837052353397
5,63,21.655350315395648
5,64,22.255280323111407
5,65,18.77442627830724
5,66,19.64101090712179
5,67,18.289893674510765
5,68,17.30825346866311
5,69,20.431331122823252
5,70,20.899532062829937
5,71,20.245281697982495
6,1,16.62016084125794
6,2,13.50740504010267
6,3,10.479191403334896
6,4,7.146193388442829
6,5,3.7822313134936487
6,7,3.795219510086568
6,8,5.772922069553146
6,9,14.36181772507953
6,10,15.502829199477127
6,11,13.16997471999747
6,12,10.702118006025398
6,13,9.356142071288284
6,14,5.7788192471617
6,15,4.686582729988776
6,16,6.031311079541178
6,17,9.085209933376658
6,18,10.062861439599478
6,19,13.332295326293448
6,20,14.795559340069985
6,21,17.461859089558207
6,22,21.317275548308363
6,23,21.241211600512624
6,24,18.048231655305617
6,25,16.04862590769193
6,26,15.861048245431656
6,27,12.963386346720146
6,28,15.827561546228969
6,29,14.605204320356156
6,30,17.174249594979855
6,31,15.779425391787283
6,32,16.514991971544617
6,33,14.800450586269267
6,34,17.20932619075539
6,35,17.06694330723718
6,36,20.281970946483483
6,37,19.119376502302014
6,38,16.195172835993706
6,39,16.19725372126355
6,40,15.273953063599093
6,41,12.729523490724972
6,42,12.23809872780105
6,43,9.822031981971557
6,44,11.1267215118515
6,45,13.587011108017252
6,46,11.381581755277933
6,47,12.832573874267243
6,48,11.035335293862799
6,49,11.924478360650854
6,50,11.379706646703903
6,51,12.802151731152435
6,52,15.657290775861782
6,53,14.029027200508141
6,54,11.494105149896908
6,55,8.372501391437455
6,56,7.03074339451529
6,57,7.875833849230142
6,58,9.579324997079206
6,59,13.235417996276063
6,60,16.490874040258312
6,61,19.356329127475806
6,62,22.308983128575452
6,63,23.74682181909786
6,64,24.260165117324586
6,65,20.589639827307508
6,66,20.818768236848967
6,67,18.88920950142314
6,68,17.350044525975488
6,69,20.032221017323717
6,70,19.83806439580816
6,71,18.90497768797742
7,1,18.429635054577115
7,2,15.173917697824407
7,3,12.803854168542816
7,4,9.661732335646851
7,5,6.765365748576358
7,6,3.795219510086568
7,8,3.8132552077697164
7,9,14.16587461805162
7,10,14.773206502250924
7,11,12.756269821225878
7,12,11.215956077434136
7,13,9.08571509988776
7,14,5.782245868286584
7,15,5.885217525895457
7,16,6.291339488305647
7,17,9.899302150660084
7,18,10.766905143414602
7,19,14.22387459590094
7,20,16.224323380919177
7,21,19.368784482907888
7,22,24.44156896931586
7,23,24.258850799554313
7,24,20.84835593085295
7,25,18.536713223160465
7,26,17.657279490164484
7,27,14.334363533452695
7,28,16.49149700140659
7,29,14.697486179616812
7,30,17.495954728851938
7,31,16.689430965784066
7,32,18.194992091008576
7,33,17.081398040479804
7,34,19.926122776917534
7,35,20.263325060410903
7,36,23.479179053354297
7,37,22.360180206028527
7,38,19.645050372181398
7,39,19.770806694995347
7,40,18.986866509544836
7,41,16.28876759802745
7,42,15.623080913027263
7,43,12.752457309028705
7,44,13.381271435534153
7,45,16.2741960823075
7,46,14.504712478520005
7,47,16.389811306621475
7,48,14.805459387289233
7,49,15.667764900046704
7,50,14.832687305968703
7,51,15.943996845658496
7,52,18.426038141638823
7,53,16.20727311502314
7,54,13.816420871139128
7,55,10.946525760818819
7,56,10.50341099454484
7,57,11.424832083813158
7,58,13.14117464191899
7,59,16.800226212123647
7,60,20.166341529162878
7,61,23.022714685945207
7,62,26.056562995688243
7,63,27.54140156937185
7,64,28.0104299222407
7,65,24.329671666627274
7,66,24.49338242109983
7,67,22.451170393654145
7,68,20.6732437298276
7,69,23.064959440355935
7,70,22.507267236414084
7,71,21.24509266252727
8,1,21.363875825147918
8,2,18.365061803735465
8,3,15.70971684994176
8,4,12.66439914881353
8,5,9.203320876658815
8,6,5.772922069553146
8,7,3.8132552077697164
8,9,13.616232750132033
8,10,14.903648080585908
8,11,13.775969867991806
8,12,12.783947555980049
8,13,11.48663056890326
8,14,8.003679169481753
8,15,9.12802158203959
8,16,10.031904594992232
8,17,13.535400537172825
8,18,13.97460608591667
8,19,17.132388442716817
8,20,18.638548727442657
8,21,21.613365190151136
8,22,25.83697221680364
8,23,25.140703417001333
8,24,21.793464446250425
8,25,19.93082435875836
8,26,19.09799140151479
8,27,16.076742367693736
8,28,18.22054419742232
8,29,15.868246838491679
8,30,18.42442239611179
8,31,17.186544322016367
8,32,18.72847244653014
8,33,17.412694782610366
8,34,20.166065538550967
8,35,20.768050542442264
8,36,23.59091527714051
8,37,22.0207570305411
8,38,19.493889390169038
8,39,19.5649642176143
8,40,19.295055502343512
8,41,16.474463905577302
8,42,16.364302167880965
8,43,13.564274253012627
8,44,14.739624485146921
8,45,17.91128469428838
8,46,16.430858570771118
8,47,17.89066648699739
8,48,16.091759108589237
8,49,16.312893105998505
8,50,14.611721534197741
8,51,15.644665036614022
8,52,17.486270121405948
8,53,14.896707659198437
8,54,12.286710104914565
8,55,10.284276540607285
8,56,10.852619192278533
8,57,12.896711092848697
8,58,15.167704395593423
8,59,18.694537237537514
8,60,21.833530805661578
8,61,24.477127365948004
8,62,27.2271319601363
8,63,28.393246420701377
8,64,28.486996606582466
8,65,24.721355413888972
8,66,24.487158230736718
8,67,22.26346763090011
8,68,19.92826692173206
8,69,21.78474375573964
8,70,20.908513324044666
8,71,19.159481314164793
9,1,29.54397658704615
9,2,26.028326642296268
9,3,23.19212150767178
9,4,19.410428080609137
9,5,17.462525633141208
9,6,14.36181772507953
9,7,14.16587461805162
9,8,13.616232750132033
9,10,3.791751143329587
9,11,5.820659438465049
9,12,7.694695125586229
9,13,10.270525216217091
9,14,10.301939855160446
9,15,13.911811601531243
9,16,17.30975794050639
9,17,20.63446883101536
9,18,23.20128367472174
9,19,26.86601816374327
9,20,28.814693613513676
9,21,31.311038072859407
9,22,33.394809247642435
9,23,33.46447602426511
9,24,30.937660638811185
9,25,29.657229928491756
9,26,30.054811160464524
9,27,27.313080477608175
9,28,30.122205392486467
9,29,28.605963712748615
9,30,31.2375868916686
9,31,29.720096249944305
9,32,30.333573013273913
9,33,28.005907747286
9,34,29.607920715681463
9,35,28.64105797635929
9,36,31.039207221886294
9,37,28.629469032576402
9,38,25.173130836345408
9,39,23.096188732205267
9,40,21.271632156248202
9,41,17.460024043072327
9,42,15.394399538617037
9,43,11.949417440633505
9,44,10.676723194044008
9,45,14.17528063462621
9,46,15.884673886593875
9,47,18.316168472978344
9,48,19.183811302202958
9,49,20.99764324367521
9,50,20.18827061077959
9,51,23.252450967868533
9,52,25.40305476047165
9,53,24.32512525363021
9,54,20.603026265216812
9,55,19.67361408236732
9,56,18.25080368249617
9,57,20.009250872189945
9,58,19.998028799680107
9,59,23.38235213778267
9,60,25.160580998136414
9,61,28.55817528545247
9,62,30.322437582548872
9,63,30.140783085794332
9,64,31.32657962509645
9,65,27.792454499843785
9,66,26.154201891169567
9,67,22.687091505870203
9,68,21.078696197692384
9,69,22.26723962624683
9,70,19.77690929447716
9,71,19.81611549159577
10,1,29.81110710033288
10,2,26.129157706955
10,3,23.707917503662355
10,4,19.94841679925332
10,5,18.444770291934137
10,6,15.502829199477127
10,7,14.773206502250924
10,8,14.903648080585908
10,9,3.791751143329587
10,11,3.8063860411825616
10,12,7.228955184135085
10,13,9.188634585671425
10,14,10.450833437926011
10,15,14.068319934600733
10,16,17.185776784740224
10,17,20.387905391438476
10,18,23.257813636046265
10,19,27.018548942230666
10,20,29.37923316722185
10,21,32.07479969482639
10,22,35.03988013676204
10,23,35.388277309770494
10,24,32.72444275495787
10,25,31.086193263119313
10,26,31.25181064091897
10,27,28.253338672176167
10,28,30.825709548207044
10,29,29.417298298305614
10,30,32.203029178057484
10,31,31.08751717688002
10,32,31.94449847530496
10,33,29.89657194631136
10,34,31.734580191574715
10,35,30.798958208492305
10,36,33.46949609550022
10,37,31.332731723294696
10,38,27.816308456975953
10,39,25.878642177084885
10,40,23.79651176671872
10,41,20.03687681937266
10,42,17.545451629354595
10,43,13.927646943792878
10,44,11.78180522148504
10,45,15.128033904103777
10,46,16.937004569132604
10,47,19.90126672413355
10,48,21.001634500933317
10,49,23.21038124598198
10,50,22.77405851591896
10,51,25.745588533932818
10,52,28.15984420099684
10,53,26.95585324394472
10,54,23.347996964570033
10,55,21.950784842933288
10,56,20.338681389228135
10,57,21.594095221637886
10,58,21.27630888720853
10,59,24.76658747907436
10,60,26.72392886231262
10,61,30.2944246924834
10,62,32.2852363674147
10,63,32.33882523775924
10,64,33.78773042410071
10,65,30.288619924799743
10,66,28.917528089082396
10,67,25.560177039494143
10,68,24.22765376608192
10,69,25.696827419136362
10,70,23.367782508083543
10,71,23.482144649146637
11,1,26.370911256828414
11,2,22.66381071238918
11,3,20.39777451007898
11,4,16.705765778681485
11,5,15.664620586551601
11,6,13.16997471999747
11,7,12.756269821225878
11,8,13.775969867991806
11,9,5.820659438465049
11,10,3.8063860411825616
11,12,3.798014802319138
11,13,5.644584397329238
11,14,7.645044317538217
11,15,10.911328864513948
11,16,14.044904516484383
11,17,16.994559959115307
11,18,20.08808757527651
11,19,23.82238146538056
11,20,26.280781586357023
11,21,28.928680382578158
11,22,32.193196670475736
11,23,32.81103070569044
11,24,30.138852489144913
11,25,28.31868927624229
11,26,28.519421035357304
11,27,25.506835165557927
11,28,28.101987208164168
11,29,27.032172796078314
11,30,29.844596993395374
11,31,28.864760828810528
11,32,29.627291418850145
11,33,27.667838649961496
11,34,29.528393585757026
11,35,28.477183516646168
11,36,31.37029539938815
11,37,29.554868835063825
11,38,25.975656474443646
11,39,24.210172830793528
11,40,21.887533783029845
11,41,18.274151115627003
11,42,15.495144629343208
11,43,11.807744328828429
11,44,9.218208910472832
11,45,12.474033957430462
11,46,13.974685770141516
11,47,17.24588075068397
11,48,18.418993411064708
11,49,20.95457815389516
11,50,20.99291792240855
11,51,23.911663475714192
11,52,26.681390458164042
11,53,25.615865468780903
11,54,22.160221494471855
11,55,20.264038566063284
11,56,18.236118485694515
11,57,18.939805365348597
11,58,18.287675243320262
11,59,21.78363109211162
11,60,23.86862865993462
11,61,27.52598347537353
11,62,29.73099416075589
11,63,30.084050084040836
11,64,31.709954081869526
11,65,28.251577253557958
11,66,27.268033494165287
11,67,24.150633809835195
11,68,23.155604863312533
11,69,25.140322110099586
11,70,23.3023148288448
11,71,23.563650994003275
12,1,23.086916818375165
12,2,19.464751012328005
12,3,17.035285484824204
12,4,13.379732771668962
12,5,12.65155403090243
12,6,10.702118006025398
12,7,11.215956077434136
12,8,12.783947555980049
12,9,7.694695125586229
12,10,7.228955184135085
12,11,3.798014802319138
12,13,3.8299413837023875
12,14,5.496257551828046
12,15,8.058944303764815
12,16,11.52995647858676
12,17,14.19827411141222
12,18,17.364141940481666
12,19,20.986344347913946
12,20,23.24331592078108
12,21,25.66446651285099
12,22,28.564471009356428
12,23,29.330114108959158
12,24,26.769007256671973
12,25,25.007113133218724
12,26,25.461289960317604
12,27,22.63551375828843
12,28,25.454621335359203
12,29,24.724243641234125
12,30,27.447094865400796
12,31,26.3264165483801
12,32,26.776576783240053
12,33,24.695935458708792
12,34,26.381194965470897
12,35,25.121575652450883
12,36,28.077977390142475
12,37,26.440689520473743
12,38,22.81265952305634
12,39,21.11071332497554
12,40,18.620409863611016
12,41,15.16640757528943
12,42,12.245283151268712
12,43,8.614053701419893
12,44,5.9073335746476126
12,45,9.164377211441282
12,46,10.256953148240271
12,47,13.607572635786735
12,48,14.81058297363594
12,49,17.550632956233116
12,50,17.97613826825582
12,51,20.928582055943284
12,52,23.944972233297218
12,53,23.176581465283114
12,54,19.84130638976319
12,55,17.692966115339722
12,56,15.228743749236786
12,57,15.55849252437048
12,58,14.608500549159837
12,59,18.042797377571596
12,60,20.11669511383467
12,61,23.795270122443416
12,62,26.070782685933725
12,63,26.57586316408098
12,64,28.270794949041044
12,65,24.852976677454038
12,66,24.120352341448648
12,67,21.20970093343385
12,68,20.495634618415167
12,69,22.874704917597114
12,70,21.50698995688864
12,71,21.947008446920787
13,1,20.969632779328855
13,2,17.207827145584744
13,3,15.22750981256388
13,4,11.65909791957806
13,5,11.12910441585221
13,6,9.356142071288284
13,7,9.08571509988776
13,8,11.48663056890326
13,9,10.270525216217091
13,10,9.188634585671425
13,11,5.644584397329238
13,12,3.8299413837023875
13,14,3.795369347591565
13,15,5.87309230148786
13,16,8.631771520473963
13,17,11.401960008195799
13,18,14.605338164454258
13,19,18.32606309332527
13,20,20.966908478633062
13,21,23.72303113295904
13,22,27.983043886942674
13,23,28.80104910220202
13,24,25.93891489233879
13,25,23.718175394353374
13,26,23.683817077628458
13,27,20.54499269495503
13,28,22.99712581822994
13,29,22.254445255650666
13,30,25.09852238414569
13,31,24.432215388624787
13,32,25.27470620243278
13,33,23.671392850902777
13,34,25.785949719194715
13,35,24.902942486286864
13,36,28.15758140212994
13,37,26.90771297164294
13,38,23.45869901599104
13,39,22.33360637695061
13,40,20.070949908796294
13,41,16.869016975492467
13,42,14.254594212385545
13,43,10.725545107098654
13,44,8.564083003027273
13,45,11.435221644701416
13,46,11.455615391135668
13,47,14.886013109100201
13,48,15.49571385389316
13,49,18.133156327721302
13,50,18.610317201795027
13,51,21.05366448649552
13,52,24.172685091871443
13,53,23.023277294376783
13,54,20.012565670002623
13,55,17.347202665587133
13,56,15.101039602585569
13,57,15.005390722753875
13,58,14.320594667317785
13,59,17.93519275858327
13,60,20.55333337415912
13,61,24.1750221202534
13,62,26.88199776638329
13,63,27.89349726846684
13,64,29.478964909252024
13,65,26.02587123026923
13,66,25.77986312402772
13,67,23.201885910202225
13,68,22.411252924742975
13,69,25.01709634092243
13,70,23.956965608508675
13,71,24.00357879519393
14,1,19.693681474725427
14,2,16.074409460354655
14,3,13.583488343017082
14,4,9.834412570171981
14,5,8.248968194765435
14,6,5.7788192471617
14,7,5.782245868286584
14,8,8.003679169481753
14,9,10.301939855160446
14,10,10.450833437926011
14,11,7.645044317538217
14,12,5.496257551828046
14,13,3.795369347591565
14,15,3.8130081124663473
14,16,7.00871360434367
14,17,10.412339988964122
14,18,12.955885706293634
14,19,16.674607567924358
14,20,18.935872466656125
14,21,21.714843505750142
14,22,25.735304445722957
14,23,26.154663183119887
14,24,23.169178411880633
14,25,21.0822905748285
14,26,20.994927652578316
14,27,17.90719733601545
14,28,20.51462670702859
14,29,19.465045997788994
14,30,22.243169187408668
14,31,21.281010008023262
14,32,22.129983875719923
14,33,20.43625147864912
14,34,22.641871261371598
14,35,22.022735083716746
14,36,25.209456298683172
14,37,23.849049080290804
14,38,20.535888202625355
14,39,19.68220513975272
14,40,17.890003216519332
14,41,14.696658541387412
14,42,12.776668335500155
14,43,9.274531105150682
14,44,8.524563068748428
14,45,11.68876242330121
14,46,10.910301238917894
14,47,13.726861689026066
14,48,13.506649363732729
14,49,15.566649528949572
14,50,15.543552231359783
14,51,17.781564470043694
14,52,20.73316313675948
14,53,19.371828020189827
14,54,16.374966517476516
14,55,13.735831521214722
14,56,11.831606576906244
14,57,12.270111905175504
14,58,12.404784925905762
14,59,16.19318886133948
14,60,19.04693149476032
14,61,22.459298712072652
14,62,25.21642260276297
14,63,26.28705958297129
14,64,27.44676636584788
14,65,23.84086391077235
14,66,23.616537188204813
14,67,21.118295646157648
14,68,19.91646147073793
14,69,22.463454943998826
14,70,21.546151995103866
14,71,21.185015515340865
15,1,15.890202581804735
15,2,12.267572028971536
15,3,9.839504516617993
15,4,6.149653694057987
15,5,5.350835151220463
15,6,4.686582729988776
15,7,5.885217525895457
15,8,9.12802158203959
15,9,13.911811601531243
15,10,14.068319934600733
15,11,10.911328864513948
15,12,8.058944303764815
15,13,5.87309230148786
15,14,3.8130081124663473
15,16,3.793008389721056
15,17,6.80492959163918
15,18,9.453210373864856
15,19,13.103752812036248
15,20,15.376510531491173
15,21,18.09773275182336
15,22,22.602347615354308
15,23,23.2760671183669
15,24,20.25064540989281
15,25,17.90523326849984
15,26,17.82270818795998
15,27,14.758103680773274
15,28,17.430079988099003
15,29,16.88991247376194
15,30,19.617382000515757
15,31,18.79995580632832
15,32,19.482725770472953
15,33,17.975439186615933
15,34,20.218265614748134
15,35,19.567686608456274
15,36,23.003294224836573
15,37,22.143706367694435
15,38,18.95187234194355
15,39,18.555722728040678
15,40,16.752377266589917
15,41,14.130410945210697
15,42,12.409916059498226
15,43,9.627509783586335
15,44,9.342673354037677
15,45,11.560620516780546
15,46,9.669503248604704
15,47,12.267385567787581
15,48,11.628771799742953
15,49,13.782031272497377
15,50,14.352363775377421
15,51,16.188020538038998
15,52,19.45753413506168
15,53,18.29083344933222
15,54,15.787526702785962
15,55,12.572828162304738
15,56,10.281144941433547
15,57,9.674887377005389
15,58,9.6067513167108
15,59,13.34599642789827
15,60,16.520862787503972
15,61,19.848140050384746
15,62,22.91608544752701
15,63,24.44320999090524
15,64,25.63426559210324
15,65,22.149770359811267
15,66,22.50791219703673
15,67,20.514756944184686
15,68,19.67903503880053
15,69,22.656741798819183
15,70,22.378242192954964
15,71,22.085963610986475
16,1,13.432490834365781
16,2,9.783681627059517
16,3,8.144125428513584
16,4,5.311447563273642
16,5,5.291684692421139
16,6,6.031311079541178
16,7,6.291339488305647
16,8,10.031904594992232
16,9,17.30975794050639
16,10,17.185776784740224
16,11,14.044904516484383
16,12,11.52995647858676
16,13,8.631771520473963
16,14,7.00871360434367
16,15,3.793008389721056
16,17,3.792580246172974
16,18,6.084574761916895
16,19,9.866863126695888
16,20,12.598279825526928
16,21,15.712945100553789
16,22,21.834859058995345
16,23,22.565271905651056
16,24,19.28559012744483
16,25,16.416049281410235
16,26,15.69739335877029
16,27,12.306909815478848
16,28,14.473196362683337
16,29,14.095187046778081
16,30,16.909974872667
16,31,16.693409230613465
16,32,17.78169890528007
16,33,16.968608169597175
16,34,19.628703522517327
16,35,19.446013780189794
16,36,23.099027141781548
16,37,22.782170169852197
16,38,19.97280822732167
16,39,20.248414483212134
16,40,18.782048107323682
16,41,16.674741401341294
16,42,15.36899050892851
16,43,13.040212401740309
16,44,12.952502327311285
16,45,14.732186400367207
16,46,12.33201117494951
16,47,14.564321167444838
16,48,13.379555107196806
16,49,15.144129772447407
16,50,15.805904166799376
16,51,16.85160702788052
16,52,20.07598026155423
16,53,18.626808358219375
16,54,16.76679591802929
16,55,13.172278128062684
16,56,11.378902790809263
16,57,10.109307418013792
16,58,10.448438421703672
16,59,13.852020222770575
16,60,17.403704909374305
16,61,20.413734612039796
16,62,23.820089997296453
16,63,25.841567339620617
16,64,26.87125243515655
16,65,23.512367506434998
16,66,24.39192830802815
16,67,22.851697246559198
16,68,22.04946679689848
16,69,25.140491911581737
16,70,25.20320521073481
16,71,24.640352386853678
17,1,10.081934366272879
17,2,6.326456433491026
17,3,5.771356077127502
17,4,4.62538411315348
17,5,6.808332464451772
17,6,9.085209933376658
17,7,9.899302150660084
17,8,13.535400537172825
17,9,20.63446883101536
17,10,20.387905391438476
17,11,16.994559959115307
17,12,14.19827411141222
17,13,11.401960008195799
17,14,10.412339988964122
17,15,6.80492959163918
17,16,3.792580246172974
17,18,3.8049619312974103
17,19,7.143784532266032
17,20,10.174728371532487
17,21,13.124026815172872
17,22,20.018270739883768
17,23,21.227043668552803
17,24,18.082932887047345
17,25,14.920816269068537
17,26,14.22310297106439
17,27,11.057489018650196
17,28,13.014499979457591
17,29,13.612917354760947
17,30,16.197198682941075
17,31,16.3498742705124
17,32,17.16006215692662
17,33,16.69431734440963
17,34,19.19773670026871
17,35,18.88227017484099
17,36,22.671949787556766
17,37,22.945543015505567
17,38,20.340654450184623
17,39,20.92883485310316
17,40,19.365099685975757
17,41,17.874916843856283
17,42,16.602748086588083
17,43,14.932448835837684
17,44,14.82274426056847
17,45,15.75572109415233
17,46,12.925584169519103
17,47,14.854190179416156
17,48,13.67047828257098
17,49,15.534906836103124
17,50,16.88091040796002
17,51,17.558908462899428
17,52,20.952792869736975
17,53,19.872168234121524
17,54,18.532524652983152
17,55,14.771127414387317
17,56,12.726553480878039
17,57,10.37282863785712
17,58,10.081640012916793
17,59,12.7906107351149
17,60,16.358168226633317
17,61,19.152341038881236
17,62,22.762225936514128
17,63,25.194486357201104
17,64,26.37800316046049
17,65,23.32192321129019
17,66,24.7302058617631
17,67,23.6762586377353
17,68,23.35488964843327
17,69,26.721582156583676
17,70,27.232917273674577
17,71,26.884920112861806
18,1,8.30123679161452
18,2,5.310642117052512
18,3,5.356007938241059
18,4,5.947286932244853
18,5,7.368689080744795
18,6,10.062861439599478
18,7,10.766905143414602
18,8,13.97460608591667
18,9,23.20128367472174
18,10,23.257813636046265
18,11,20.08808757527651
18,12,17.364141940481666
18,13,14.605338164454258
18,14,12.955885706293634
18,15,9.453210373864856
18,16,6.084574761916895
18,17,3.8049619312974103
18,19,3.794208467101337
18,20,6.896419666092891
18,21,10.306066177064654
18,22,18.387588840878827
18,23,19.276005226455155
18,24,15.892661078885238
18,25,12.420844421992197
18,26,11.0326087084248
18,27,7.669954058054283
18,28,9.243028256137183
18,29,10.03956707813928
18,30,12.524699168348205
18,31,12.999149692405766
18,32,14.07300945070942
18,33,14.241799815484889
18,34,17.07588249462807
18,35,17.377813104258248
18,36,21.171783268856867
18,37,21.834499712022726
18,38,19.74579100092467
18,39,21.010988557266053
18,40,20.06542801671603
18,41,19.024351732108165
18,42,18.46679553073604
18,43,17.15955791882692
18,44,17.709258726457936
18,45,18.63985668519639
18,46,15.45304724481594
18,47,16.68235251452431
18,48,14.72682561892841
18,49,15.749419936795384
18,50,16.789054210832187
18,51,16.626975122118722
18,52,19.723913668698202
18,53,18.405871039196114
18,54,17.749484690899873
18,55,13.955123707014899
18,56,12.655178496660614
18,57,10.298586120300579
18,58,11.003754705341533
18,59,13.199904126549747
18,60,16.924936531386503
18,61,19.13407244618758
18,62,22.869251353134313
18,63,25.601507144343437
18,64,26.323139441349667
18,65,23.35327985306838
18,66,25.100013864424398
18,67,24.449361300437804
18,68,23.931120831905385
18,69,27.233562533163408
18,70,28.06173480336974
18,71,27.34984191027158
19,1,5.746350200654019
19,2,4.5278976181986605
19,3,6.21434305548934
19,4,8.582556575360892
19,5,10.274807916614998
19,6,13.332295326293448
19,7,14.22387459590094
19,8,17.132388442716817
19,9,26.86601816374327
19,10,27.018548942230666
19,11,23.82238146538056
19,12,20.986344347913946
19,13,18.32606309332527
19,14,16.674607567924358
19,15,13.103752812036248
19,16,9.866863126695888
19,17,7.143784532266032
19,18,3.794208467101337
19,20,3.7783735149951676
19,21,7.23994391157028
19,22,16.683755439101883
19,23,17.701894010509527
19,24,14.43292205613411
19,25,10.708636302669275
19,26,8.892428980238467
19,27,6.147959646921716
19,28,6.860268351860256
19,29,8.96616373394884
19,30,10.810811123854137
19,31,11.788558136148966
19,32,12.648107279814855
19,33,13.536891156309302
19,34,16.247163517951023
19,35,16.81917030018954
19,36,20.535867305881265
19,37,21.83873187694667
19,38,20.2748433853682
19,39,22.056785267975428
19,40,21.414869789704568
19,41,20.997320813331285
19,42,20.814981080399736
19,43,20.034652986810407
19,44,20.841022938202613
19,45,21.35633367637493
19,46,17.91833198470729
19,47,18.599971119216836
19,48,16.38093498609107
19,49,16.959466952058598
19,50,18.197308974509692
19,51,17.377974039402456
19,52,20.262506377854105
19,53,19.152911654222674
19,54,19.212817822769402
19,55,15.549850060078768
19,56,14.54145756322867
19,57,11.835910168754912
19,58,12.585456225030219
19,59,13.819095852734947
19,60,17.350349156819327
19,61,18.9219726328486
19,62,22.717855928274723
19,63,25.81908903741557
19,64,26.346088388878158
19,65,23.719377450737433
19,66,25.946240343093855
19,67,25.834412112393167
19,68,25.521684358360716
19,69,28.88124321419797
19,70,30.125192517971957
19,71,29.383337886161563
20,1,5.184374253335107
20,2,6.0938330117800295
20,3,7.05703579210868
20,4,10.098716980895539
20,5,11.47631234033213
20,6,14.795559340069985
20,7,16.224323380919177
20,8,18.638548727442657
20,9,28.814693613513676
20,10,29.37923316722185
20,11,26.280781586357023
20,12,23.24331592078108
20,13,20.966908478633062
20,14,18.935872466656125
20,15,15.376510531491173
20,16,12.598279825526928
20,17,10.174728371532487
20,18,6.896419666092891
20,19,3.7783735149951676
20,21,3.7844541676357095
20,22,13.561941397978714
20,23,14.374492376857912
20,24,11.16861696315714
20,25,7.405263714867777
20,26,5.503599833038794
20,27,4.101968367868031
20,28,5.125057989892575
20,29,8.223740417257204
20,30,9.158094594827213
20,31,9.659102780453376
20,32,9.74515175783652
20,33,10.907166132391264
20,34,13.334609086532366
20,35,14.142736853441363
20,36,17.691983514554277
20,37,19.44231153371693
20,38,18.406025612369508
20,39,20.679781726312424
20,40,20.511071756127407
20,41,20.708993893244433
20,42,21.13165410198103
20,43,20.948156170120786
20,44,22.315879350762124
20,45,22.554338559511955
20,46,18.878214363732077
20,47,18.798502303224733
20,48,16.130305014704984
20,49,15.997403441238689
20,50,17.21870353796525
20,51,15.758810661485915
20,52,18.353368655228092
20,53,17.567423305297275
20,54,18.279134264151303
20,55,14.914664633534805
20,56,14.233156130800937
20,57,11.494699304586424
20,58,12.632186333319064
20,59,13.016202154226265
20,60,16.278864882815267
20,61,17.146685830172373
20,62,20.85845264830689
20,63,24.137022891188227
20,64,24.274886531323588
20,65,21.897493693713525
20,66,24.448539353072192
20,67,24.82716827331804
20,68,24.585469265783825
20,69,27.895776150127777
20,70,29.55702448574086
20,71,28.757015477821824
21,1,5.1882696421668415
21,2,7.856656025040088
21,3,8.784205084679645
21,4,12.286459729773565
21,5,13.92313176838327
21,6,17.461859089558207
21,7,19.368784482907888
21,8,21.613365190151136
21,9,31.311038072859407
21,10,32.07479969482639
21,11,28.928680382578158
21,12,25.66446651285099
21,13,23.72303113295904
21,14,21.714843505750142
21,15,18.09773275182336
21,16,15.712945100553789
21,17,13.124026815172872
21,18,10.306066177064654
21,19,7.23994391157028
21,20,3.7844541676357095
21,22,10.583539974854988
21,23,11.777944369308297
21,24,9.185564542921894
21,25,5.84128996948897
21,26,5.22622648455259
21,27,6.399973525988551
21,28,7.371080391023208
21,29,10.828293646066745
21,30,10.858049718771136
21,31,10.853290691592708
21,32,9.715632739977572
21,33,10.775776130110655
21,34,12.255188970936507
21,35,12.771091957957065
21,36,16.023733211761428
21,37,18.37694068590408
21,38,17.796344413184205
21,39,20.325406796233455
21,40,20.32251048186039
21,41,21.203024510461614
21,42,21.926937789019423
21,43,22.37919786031092
21,44,23.982996398477184
21,45,23.71175103071936
21,46,19.92941230550475
21,47,19.231379788434754
21,48,16.536452678653895
21,49,16.080013336455114
21,50,17.670453531652313
21,51,15.90467218363494
21,52,18.322743265999478
21,53,18.207001811417726
21,54,19.35369706675378
21,55,16.346082668654095
21,56,15.549586413183592
21,57,12.590884135744725
21,58,13.380601882260466
21,59,12.6535998442165
21,60,15.30460232634167
21,61,15.401096898234998
21,62,18.956712551210103
21,63,22.471409362463543
21,64,22.475881376434458
21,65,20.579094249766662
21,66,23.54564310707175
21,67,24.48547531382441
21,68,24.629293623615318
21,69,27.97611744546774
21,70,30.063739582285017
21,71,29.47221830078707
22,1,13.335308149552226
22,2,15.393718579411807
22,3,14.277139465200198
22,4,16.882573596189186
22,5,18.019729178057705
22,6,21.317275548308363
22,7,24.44156896931586
22,8,25.83697221680364
22,9,33.394809247642435
22,10,35.03988013676204
22,11,32.193196670475736
22,12,28.564471009356428
22,13,27.983043886942674
22,14,25.735304445722957
22,15,22.602347615354308
22,16,21.834859058995345
22,17,20.018270739883768
22,18,18.387588840878827
22,19,16.683755439101883
22,20,13.561941397978714
22,21,10.583539974854988
22,23,3.7958593023754372
22,24,5.608983954387129
22,25,7.57823604293953
22,26,11.097887181211668
22,27,13.908499517514098
22,28,16.261459615356053
22,29,18.674150227884663
22,30,18.156059157519522
22,31,16.0532340789063
22,32,12.629579408093127
22,33,11.23864403902088
22,34,9.07709775285953
22,35,7.246196122302722
22,36,8.659835303778715
22,37,11.892242988967213
22,38,12.376859970627292
22,39,15.028191390059849
22,40,15.70072791559946
22,41,18.343594974683
22,42,20.167943557650833
22,43,22.321300129025843
22,44,24.81978394051628
22,45,23.57207689919344
22,46,20.032326106288025
22,47,17.484621976012907
22,48,14.856656039424466
22,49,13.17156567548439
22,50,15.21584417821921
22,51,13.322691113037497
22,52,15.000493391643621
22,53,17.060176771436794
22,54,18.607959894660343
22,55,17.12765439701542
22,56,16.053077760923852
22,57,13.72098659410917
22,58,13.976987035180546
22,59,10.969941625339638
22,60,10.987701538999154
22,61,8.510618347475546
22,62,10.719547514860672
22,63,14.210649750613001
22,64,13.414505753001315
22,65,12.78177378434463
22,66,16.42181003688246
22,67,18.750120827691763
22,68,19.78355152166947
22,69,22.859821501215784
22,70,25.916048205115267
22,71,25.997119952796588
23,1,15.421653159668615
23,2,17.213653970074628
23,3,15.699428127216537
23,4,17.924495753670847
23,5,18.295523929622163
23,6,21.241211600512624
23,7,24.258850799554313
23,8,25.140703417001333
23,9,33.46447602426511
23,10,35.388277309770494
23,11,32.81103070569044
23,12,29.330114108959158
23,13,28.80104910220202
23,14,26.154663183119887
23,15,23.2760671183669
23,16,22.565271905651056
23,17,21.227043668552803
23,18,19.276005226455155
23,19,17.701894010509527
23,20,14.374492376857912
23,21,11.777944369308297
23,22,3.7958593023754372
23,24,3.806325869292623
23,25,7.245494548210922
23,26,10.547898939777724
23,27,13.67554519056476
23,28,15.959208026601287
23,29,17.82207531140302
23,30,16.991241608710613
23,31,14.390368849120051
23,32,10.664602373605037
23,33,9.096604853795231
23,34,6.212706263223678
23,35,5.281201468587701
23,36,5.864696763736207
23,37,9.491893351845563
23,38,10.91185545195287
23,39,14.180297206156142
23,40,15.73869339855418
23,41,18.368889985347334
23,42,20.75619752764855
23,43,22.827943607139428
23,44,25.711140706019375
23,45,24.878859857955803
23,46,21.37060532251899
23,47,18.7134358274322
23,48,15.625018008158584
23,49,13.12333960032787
23,50,14.254288966189327
23,51,11.630353511222516
23,52,12.480496721691004
23,53,14.55515856519953
23,54,16.6838247431548
23,55,15.755602819550525
23,56,15.479729911786126
23,57,13.933676465186867
23,58,15.104193479663607
23,59,12.622724492712035
23,60,12.921099016124794
23,61,10.551675798389937
23,62,12.330874794363764
23,63,15.29755722176441
23,64,13.624380129431792
23,65,12.756651027587019
23,66,16.111588617263788
23,67,18.469263165672704
23,68,18.91240075402372
23,69,21.606574150856034
23,70,24.74259643161992
23,71,24.388386052773104
24,1,13.059297583114368
24,2,14.479458002086368
24,3,12.834899491472747
24,4,14.97831139480505
24,5,15.10590596605911
24,6,18.048231655305617
24,7,20.84835593085295
24,8,21.793464446250425
24,9,30.937660638811185
24,10,32.72444275495787
24,11,30.138852489144913
24,12,26.769007256671973
24,13,25.93891489233879
24,14,23.169178411880633
24,15,20.25064540989281
24,16,19.28559012744483
24,17,18.082932887047345
24,18,15.892661078885238
24,19,14.43292205613411
24,20,11.16861696315714
24,21,9.185564542921894
24,22,5.608983954387129
24,23,3.806325869292623
24,25,3.7734387114065573
24,26,7.048222874597186
24,27,9.984155252354562
24,28,12.464549311429849
24,29,14.135708240095253
24,30,13.533874789586571
24,31,10.882489026240037
24,32,7.294840984175983
24,33,5.715847184842426
24,34,4.07727823998095
24,35,4.472619627903138
24,36,6.999100746611681
24,37,9.81142296579162
24,38,10.475485552906301
24,39,13.838641581417617
24,40,15.242267035315248
24,41,17.192502278666264
24,42,19.38630739049681
24,43,20.906906352657888
24,44,23.708245192932583
24,45,23.318362201921197
24,46,19.677565331566107
24,47,17.49853001105234
24,48,14.10060398197086
24,49,11.706579644030178
24,50,12.53671813663391
24,51,9.716590346070683
24,52,11.0584894787488
