1,2,3.816518789939491
1,3,7.021049787470152
1,4,9.968971119145172
1,5,13.576265187414394
1,6,16.769602423554794
1,7,20.12946841288569
1,8,22.9126165918726
1,9,26.60996868387395
1,10,28.865306241230613
1,11,32.37704113646514
1,12,31.75213026460663
1,13,28.035523602740973
1,14,26.489031636589715
1,15,23.414025242084936
1,16,19.657807255258735
1,17,16.85751668849972
1,18,13.069261888876447
1,19,10.339178394653288
1,20,6.653122405253191
1,21,6.102188378990023
1,22,5.421568970014277
1,23,8.52347858438403
1,24,10.67242460303023
1,25,13.303702718425827
1,26,11.663403833572875
1,27,11.304157711636526
1,28,14.82278777302495
1,29,16.375324674005128
1,30,15.112859519674691
1,31,16.45563080263165
1,32,19.450713484347357
1,33,20.689093100673606
1,34,20.355761135400737
1,35,22.798170455277337
1,36,25.103133148207412
1,37,25.76015076193325
1,38,26.51717797890927
1,39,28.84558433245501
1,40,27.226897575038684
1,41,28.139227578208576
1,42,28.043626103881287
1,43,26.920373014290085
1,44,23.207958537950773
1,45,21.93653682299722
1,46,18.51556408913623
1,47,17.697013557499304
1,48,15.081199576313844
1,49,16.04722155191585
1,50,14.976372337498022
1,51,12.395190323401216
1,52,15.014059439597789
1,53,17.02402988154885
1,54,20.649443602650933
1,55,23.222814626581012
1,56,26.74665071560434
1,57,30.044476347055074
2,1,3.816518789939491
2,3,3.7964729988367703
2,4,6.882298671960814
2,5,10.356805002152342
2,6,13.8342576390247
2,7,16.92653508087889
2,8,19.980609588971816
2,9,23.567613056581663
2,10,26.1001803398982
2,11,29.63815405622372
2,12,29.159355303233337
2,13,25.42146052502681
2,14,23.53612800351869
2,15,20.363774252767058
2,16,16.58831875757693
2,17,14.186819083862634
2,18,10.514054239944217
2,19,8.663827142765735
2,20,5.7622978899565105
2,21,6.52742147332419
2,22,6.977149815338474
2,23,8.721425136197578
2,24,9.503824512159735
2,25,12.823284007890678
2,26,11.748224780768005
2,27,10.306538310865665
2,28,13.627499934570677
2,29,15.839556928767921
2,30,14.405157905118347
2,31,14.87047507601796
2,32,18.13249353664558
2,33,19.793515902845332
2,34,18.977930296536893
2,35,21.05845558973701
2,36,23.780218367117023
2,37,24.56549273757257
2,38,24.818222720956165
2,39,27.08420068362386
2,40,25.13690912029096
2,41,26.128634138865387
2,42,25.737502760167995
2,43,24.49361795663138
2,44,20.850699760907876
2,45,19.317192538597894
2,46,15.8993384278608
2,47,14.705085271520934
2,48,12.349833568652086
2,49,12.981564843083392
2,50,11.452242410338203
2,51,9.142789040760379
2,52,11.726271532489212
2,53,14.19742422083005
2,54,17.707316113074572
2,55,20.55697104817588
2,56,23.89516818189237
2,57,27.3257836496545
3,1,7.021049787470152
3,2,3.7964729988367703
3,4,3.8030834481483695
3,5,6.83193454593534
3,6,10.339925885776436
3,7,13.419158049219783
3,8,16.396700653469683
3,9,20.00425002552112
3,10,22.531875160602894
3,11,26.006626598597613
3,12,25.43796405879135
3,13,21.681708946575235
3,14,19.77615800541657
3,15,16.58921139123106
3,16,12.814093207417434
3,17,10.414564725935321
3,18,6.805933644483969
3,19,5.6699799758021046
3,20,4.3586418740553015
3,21,6.629374582898813
3,22,8.679001944755269
3,23,9.610284087930722
3,24,9.02608759967101
3,25,12.311567508993468
3,26,11.172905883794202
3,27,8.615014125895303
3,28,11.778298285393257
3,29,14.10393689962133
3,30,12.194253969252202
3,31,12.015108317515322
3,32,15.543780183804591
3,33,17.22778529728181
3,34,15.923734751205311
3,35,17.88838875244247
3,36,20.867846873991255
3,37,21.540749400981703
3,38,21.459312645583232
3,39,23.800308177744718
3,40,21.81771926914961
3,41,23.077361601412125
3,42,22.771066126289835
3,43,21.800108436766333
3,44,18.30902691692515
3,45,17.053825575865268
3,46,13.997854936268071
3,47,13.09397891906183
3,48,11.655334776783523
3,49,12.497114161744484
3,50,10.035274440748466
3,51,7.574561190490587
3,52,9.094019533173778
3,53,11.47181930804307
3,54,14.71120746464819
3,55,17.430798408084108
3,56,20.69889488873655
3,57,24.056440702667906
4,1,9.968971119145172
4,2,6.882298671960814
4,3,3.8030834481483695
4,5,3.7938040439836875
4,6,7.014054988270641
4,7,10.215358433822244
4,8,13.193967278591902
4,9,16.7782605761508
4,10,19.294415968045694
4,11,22.893086013397756
4,12,22.685723847049136
4,13,19.041679964086114
4,14,17.13314829576102
4,15,14.292168998205955
4,16,10.596112740267927
4,17,8.752012817218313
4,18,5.764143215939092
4,19,5.8912254651683735
4,20,6.212159145340738
4,21,7.608978755450714
4,22,9.752684124345759
4,23,9.222103205210727
4,24,7.165418994252594
4,25,10.34450098329332
4,26,9.961517938047976
4,27,6.783760086646511
4,28,9.062223076948351
4,29,11.942108794182351
4,30,10.45130295751827
4,31,9.365842882937441
4,32,12.72147046588298
4,33,14.975352980749463
4,34,13.702614010130794
4,35,15.054918147428888
4,36,18.16529583262797
4,37,19.292778398066346
4,38,19.01301950215419
4,39,20.967160038688725
4,40,18.658160663728836
4,41,19.661359634872113
4,42,19.114545591235753
4,43,18.019648349601933
4,44,14.540271756795914
4,45,13.307255857081673
4,46,10.423400521327586
4,47,9.941067110715224
4,48,9.268836971525552
4,49,10.766907253104678
4,50,8.093972493043236
4,51,5.0590671007740236
4,52,5.61477301154659
4,53,7.671352706067101
4,54,10.974349998597889
4,55,13.753461259728914
4,56,17.051054742379037
4,57,20.46492142894752
5,1,13.576265187414394
5,2,10.356805002152342
5,3,6.83193454593534
5,4,3.7938040439836875
5,6,3.7962939584963493
5,7,6.595948170946732
5,8,9.72042543790385
5,9,13.229309809117341
5,10,15.940317934368839
5,11,19.474648159488087
5,12,19.285286999155044
5,13,15.645387201143734
5,14,13.470889423555766
5,15,10.613693266429411
5,16,6.989036264871127
5,17,6.00294625902134
5,18,4.590112484952212
5,19,6.940956675695812
5,20,8.94293369636765
5,21,10.855160477126265
5,22,13.369786608014797
5,23,12.538347049832213
5,24,9.812107965036798
5,25,12.438087996487626
5,26,12.27739839155811
5,27,8.630010353485382
5,28,9.857907598439036
5,29,12.673932879633394
5,30,10.9176234696566
5,31,8.633457277082444
5,32,11.96415193022168
5,33,14.297777546605596
5,34,12.311833592565046
5,35,13.104986801282962
5,36,16.612363063493326
5,37,17.65755159969907
5,38,16.70731256010705
5,39,18.620228886922035
5,40,16.101854432957452
5,41,17.42786434206267
5,42,16.788542064780316
5,43,15.963890617668792
5,44,12.884600978682013
5,45,11.907527876282886
5,46,9.844380844616012
5,47,9.586174005592197
5,48,10.316666921859378
5,49,11.5389360409004
5,50,8.200115677677305
5,51,6.27172898402263
5,52,4.337830018075731
5,53,6.066135817406535
5,54,8.405727099766306
5,55,11.116967671539463
5,56,14.095721880789874
5,57,17.475675443063583
6,1,16.769602423554794
6,2,13.8342576390247
6,3,10.339925885776436
6,4,7.014054988270641
6,5,3.7962939584963493
6,7,3.7956788661050402
6,8,6.1929431770935714
6,9,9.851581647663332
6,10,12.291983369636737
6,11,15.893151889419945
6,12,15.901302536777365
6,13,12.40413323765911
6,14,10.522026668240194
6,15,8.398474474359176
6,16,5.46273066998623
6,17,5.543047337057199
6,18,6.210644409351122
6,19,8.857375351065015
6,20,11.524359207095133
6,21,13.037278291395399
6,22,15.695925230357636
6,23,14.346974117576796
6,24,11.121869093613212
6,25,12.803842347806894
6,26,12.89562298021694
6,27,9.270854723667437
6,28,9.158075072203308
6,29,11.668473256520265
6,30,10.171751773214657
6,31,6.8913222230106514
6,32,9.611053634787776
6,33,12.125013569261807
6,34,9.956192731129947
6,35,9.914876670462274
6,36,13.56008499592174
6,37,14.851311420465823
6,38,13.573041674499676
6,39,15.140673535190396
6,40,12.414668853416543
6,41,13.772894322953734
6,42,13.197397034548882
6,43,12.764296095292345
6,44,10.046222450520382
6,45,9.895532353452852
6,46,9.014125106275229
6,47,9.91674901813707
6,48,11.76555080743673
6,49,13.476850666226746
6,50,10.4133912674104
6,51,8.66631389984825
6,52,5.392925995180429
6,53,4.614216325762763
6,54,5.5770013802354725
6,55,7.574853515715762
6,56,10.60277891501606
6,57,13.817204442343021
7,1,20.12946841288569
7,2,16.92653508087889
7,3,13.419158049219783
7,4,10.215358433822244
7,5,6.595948170946732
7,6,3.7956788661050402
7,8,3.8037483240552046
7,9,6.759419631224494
7,10,9.895798758462865
7,11,13.406140111474524
7,12,13.814484158843063
7,13,10.572179859834117
7,14,7.947749137987989
7,15,6.23646771510336
7,16,4.679085153512027
7,17,7.121085703817212
7,18,9.087939029516251
7,19,12.2796132423273
7,20,15.082717297511387
7,21,16.769200250755365
7,22,19.318730092357274
7,23,17.799220577829477
7,24,14.390598350811604
7,25,16.0179918757254
7,26,16.499220882841286
7,27,12.977615126768491
7,28,12.368408018326893
7,29,14.823281162019114
7,30,13.53457665342059
7,31,9.948090558995089
7,32,11.932990417402614
7,33,14.427562834793124
7,34,11.951308794249753
7,35,10.943107997143773
7,36,14.657250679907786
7,37,15.958290775715108
7,38,13.854972193772596
7,39,15.001603959966333
7,40,11.892641022616871
7,41,13.331881102655885
7,42,12.225109194088029
7,43,11.826635073056652
7,44,10.001896137303698
7,45,9.769607720159774
7,46,9.9187110489469
7,47,10.530551502183206
7,48,13.20773346286378
7,49,14.34000660539423
7,50,11.252840972228627
7,51,10.70549661023505
7,52,6.988899490057571
7,53,6.217105348541159
7,54,4.773428362685255
7,55,6.538897935630398
7,56,8.351233222269558
7,57,11.597388936595696
8,1,22.9126165918726
8,2,19.980609588971816
8,3,16.396700653469683
8,4,13.193967278591902
8,5,9.72042543790385
8,6,6.1929431770935714
8,7,3.8037483240552046
8,9,3.8198461720921713
8,10,6.257898646901283
8,11,9.803481614881303
8,12,10.234504122429412
8,13,7.199877669391216
8,14,5.31637504502142
8,15,5.4627932648162245
8,16,5.926543202676528
8,17,8.390442049448737
8,18,11.146828671943082
8,19,14.162953140500298
8,20,17.32494188833604
8,21,18.875173585127275
8,22,21.636552874869157
8,23,20.03852712680991
8,24,16.595429231362978
8,25,17.49538413003435
8,26,17.82606057469095
8,27,14.494457697430862
8,28,13.270778704651308
8,29,14.982360063870637
8,30,13.779160148139185
8,31,10.045082017515796
8,32,11.10474873581425
8,33,13.15277187465656
8,34,10.548734320876205
8,35,8.680612982208693
8,36,12.21592057702909
8,37,13.435976734099281
8,38,10.862758187707737
8,39,11.644852836678302
8,40,8.518960627143027
8,41,10.378683053759659
8,42,9.749375365389675
8,43,10.418567539812525
8,44,9.561252549831401
8,45,10.64602022510309
8,46,11.893033230137343
8,47,13.366594860905984
8,48,16.30142041511676
8,49,17.79125013752039
8,50,14.917567923832177
8,51,14.098734164584267
8,52,10.34801426723816
8,53,8.45775878053183
8,54,5.914921540027221
8,55,5.12479199163738
8,56,6.230817874924091
8,57,8.66952022487486
9,1,26.60996868387395
9,2,23.567613056581663
9,3,20.00425002552112
9,4,16.7782605761508
9,5,13.229309809117341
9,6,9.851581647663332
9,7,6.759419631224494
9,8,3.8198461720921713
9,10,3.79577024166909
9,11,6.958018740969837
9,12,8.355141251517091
9,13,6.505361824633106
9,14,4.621638690726929
9,15,6.766014392471365
9,16,8.780442128596821
9,17,11.80024989413222
9,18,14.807832994269548
9,19,17.941436300770555
9,20,21.12056010180632
9,21,22.656995263232147
9,22,25.327196993039035
9,23,23.54695833087811
9,24,19.984500034124597
9,25,20.73853127907478
9,26,21.35089777296093
9,27,18.153960685212986
9,28,16.593547120425615
9,29,18.20664758415887
9,30,17.28349327148152
9,31,13.552836017020553
9,32,13.985966081026923
9,33,15.898695800736979
9,34,13.435625286572604
9,35,10.905380956648504
9,36,13.9008743702415
9,37,15.133761441991858
9,38,12.049648767192044
9,39,12.010748436767958
9,40,8.832626819468073
9,41,10.431147425020475
9,42,9.348209309785668
9,43,10.321221218438465
9,44,10.788159020961642
9,45,12.001540700061579
9,46,14.055678144288535
9,47,15.466666556870411
9,48,18.796593641404346
9,49,20.02330527897406
9,50,17.36457676737416
9,51,17.102268847452237
9,52,13.303597295777273
9,53,11.399771025372
9,54,8.066579063181903
9,55,6.495486511909641
9,56,5.071891349898689
9,57,6.446107898298417
10,1,28.865306241230613
10,2,26.1001803398982
10,3,22.531875160602894
10,4,19.294415968045694
10,5,15.940317934368839
10,6,12.291983369636737
10,7,9.895798758462865
10,8,6.257898646901283
10,9,3.79577024166909
10,11,3.7845529284689134
10,12,5.724587452763749
10,13,5.245623313913993
10,14,5.856283180201418
10,15,9.076210733283238
10,16,11.39456240217281
10,17,13.840060570041977
10,18,16.94852851372595
10,19,19.75277530606992
10,20,23.047996198096538
10,21,24.36956756526896
10,22,27.13844223325727
10,23,25.314095830627053
10,24,21.817217201788036
10,25,21.97339445557652
10,26,22.432277926102792
10,27,19.523829434505398
10,28,17.581942897925764
10,29,18.504038860837777
10,30,17.768867101133367
10,31,14.261326555466251
10,32,13.84533647693168
10,33,15.185555439723391
10,34,13.008449740668128
10,35,9.93096374869411
10,36,12.12612726885379
10,37,13.259086243579533
10,38,10.020268780742786
10,39,9.173449672854414
10,40,6.372046448762921
10,41,8.182781011827545
10,42,7.997234686741956
10,43,10.254723015024467
10,44,11.5505212685964
10,45,13.74261634862086
10,46,16.24916510652728
10,47,18.264752199193772
10,48,21.580798038365504
10,49,23.19857006488995
10,50,20.67100025693031
10,51,19.996458339026756
10,52,16.223967689916574
10,53,13.747576376535253
10,54,10.464824930046973
10,55,7.623677645920616
10,56,5.8278747673693685
10,57,4.860705509544078
11,1,32.37704113646514
11,2,29.63815405622372
11,3,26.006626598597613
11,4,22.893086013397756
11,5,19.474648159488087
11,6,15.893151889419945
11,7,13.406140111474524
11,8,9.803481614881303
11,9,6.958018740969837
11,10,3.7845529284689134
11,12,3.8116132327218284
11,13,5.9787667953077035
11,14,7.615769180334572
11,15,11.354304020981436
11,16,14.292268250472722
11,17,16.774750497615916
11,18,20.12525352080807
11,19,22.958709753196693
11,20,26.392456747063793
11,21,27.833391339736533
11,22,30.715747846643215
11,23,28.978922638038934
11,24,25.528274717431547
11,25,25.559542520334585
11,26,25.890241110353966
11,27,23.033733639982177
11,28,21.093286098228607
11,29,21.68630378172423
11,30,20.870349085894762
11,31,17.548548117087456
11,32,16.90566116541415
11,33,17.71303824643876
11,34,15.539081981520061
11,35,12.508123785311108
11,36,14.01995435263034
11,37,14.608359743752704
11,38,11.144182779872608
11,39,9.894309790961035
11,40,8.277012824046729
11,41,10.108302842333861
11,42,10.42103833431879
11,43,13.08774110299822
11,44,14.94857243699187
11,45,17.269548023721068
11,46,19.952146772130973
11,47,21.939539091753815
11,48,25.31327145008056
11,49,26.822988334713447
11,50,24.26108076078508
11,51,23.718380798361505
11,52,19.93385000010593
11,53,17.53096625721192
11,54,14.21303596259503
11,55,11.309241216243338
11,56,9.061511985428668
11,57,6.783105168572699
12,1,31.75213026460663
12,2,29.159355303233337
12,3,25.43796405879135
12,4,22.685723847049136
12,5,19.285286999155044
12,6,15.901302536777365
12,7,13.814484158843063
12,8,10.234504122429412
12,9,8.355141251517091
12,10,5.724587452763749
12,11,3.8116132327218284
12,13,3.823754735105542
12,14,6.753795409725918
12,15,10.31079116583924
12,16,13.444331110889415
12,17,15.519957447946439
12,18,19.071352728537732
12,19,21.83939159460023
12,20,25.469184734567367
12,21,27.221182834168168
12,22,30.397383877055336
12,23,29.095921191690195
12,24,25.88180555559974
12,25,26.003570885888877
12,26,25.776704691113775
12,27,22.795614337255433
12,28,21.32039896653428
12,29,21.555016165166517
12,30,20.157552703105086
12,31,17.120302072505563
12,32,16.849881047788465
12,33,16.969015809600744
12,34,14.337887292530544
12,35,11.979007516735427
12,36,13.515770038440127
12,37,13.107690536801828
12,38,9.361963239987746
12,39,9.18378830596479
12,40,8.648554722523556
12,41,11.575205787463613
12,42,12.783116327437773
12,43,15.658979011284444
12,44,16.8892506263287
12,45,19.25909670864079
12,46,21.468705619339968
12,47,23.36430045711444
12,48,26.460835079234755
12,49,27.951826447593355
12,50,25.042335442769083
12,51,24.273334973146383
12,52,20.560793198278738
12,53,18.411142488412807
12,54,15.552028536137696
12,55,12.871355455007498
12,56,11.550654783023013
12,57,9.951097458201373
13,1,28.035523602740973
13,2,25.42146052502681
13,3,21.681708946575235
13,4,19.041679964086114
13,5,15.645387201143734
13,6,12.40413323765911
13,7,10.572179859834117
13,8,7.199877669391216
13,9,6.505361824633106
13,10,5.245623313913993
13,11,5.9787667953077035
13,12,3.823754735105542
13,14,3.801719944107299
13,15,6.861259501478458
13,16,9.739283482478637
13,17,11.69699909126277
13,18,15.269133579652118
13,19,18.11172884353719
13,20,21.762969862275142
13,21,23.666702247833374
13,22,26.902646058932614
13,23,25.776581977292313
13,24,22.644961424444706
13,25,23.052094809291418
13,26,22.658033005381196
13,27,19.482634091988018
13,28,18.368870651054856
13,29,18.824537929980007
13,30,17.095850878572627
13,31,13.983533455883391
13,32,14.340663187466033
13,33,14.650022656385795
13,34,11.587212387852677
13,35,9.7079809301165
13,36,12.109500981807123
13,37,11.707641735372935
13,38,7.957420891149226
13,39,8.964420128168879
13,40,7.789879508972971
13,41,11.15861143291779
13,42,12.240541941847455
13,43,14.684186693501797
13,44,15.082500488187256
13,45,17.156084967855968
13,46,18.854118331562326
13,47,20.5610234610417
13,48,23.426879888246823
13,49,24.88309663108256
13,50,21.804178814882842
13,51,20.906671367313876
13,52,17.27438662583868
13,53,15.384487335109757
13,54,12.916793754981468
13,55,10.747332288364905
13,56,10.356111754283432
13,57,10.04190601774326
14,1,26.489031636589715
14,2,23.53612800351869
14,3,19.77615800541657
14,4,17.13314829576102
14,5,13.470889423555766
14,6,10.522026668240194
14,7,7.947749137987989
14,8,5.31637504502142
14,9,4.621638690726929
14,10,5.856283180201418
14,11,7.615769180334572
14,12,6.753795409725918
14,13,3.801719944107299
14,15,3.790307276277104
14,16,7.176212367744028
14,17,10.083849684398839
14,18,13.706295980846066
14,19,17.008692487057722
14,20,20.563992899912254
14,21,22.700302135899598
14,22,25.813163163995803
14,23,24.67387320380801
14,24,21.436400400628838
14,25,22.413048020310264
14,26,22.268374722961944
14,27,18.811852995839807
14,28,17.98803174513364
14,29,19.16728795174032
14,30,17.368487911950428
14,31,13.957693956129283
14,32,15.023576664642887
14,33,16.047976960566924
14,34,12.825769566576346
14,35,11.213066124379143
14,36,14.320247161856996
14,37,14.368282288333539
14,38,10.89154111411348
14,39,12.044153516435275
14,40,9.964860643752958
14,41,12.817320898217288
14,42,12.898311314938551
14,43,14.450607751170008
14,44,14.456428582034949
14,45,15.728448007086044
14,46,17.114500909675094
14,47,18.226017727374828
14,48,21.125279524106187
14,49,22.13636704280731
14,50,18.950696398995444
14,51,18.555367505077328
14,52,14.904449601082053
14,53,13.61247860015283
14,54,11.10343496699763
14,55,9.918686491316015
14,56,9.49441371795655
14,57,10.29206493952917
15,1,23.414025242084936
15,2,20.363774252767058
15,3,16.58921139123106
15,4,14.292168998205955
15,5,10.613693266429411
15,6,8.398474474359176
15,7,6.23646771510336
15,8,5.4627932648162245
15,9,6.766014392471365
15,10,9.076210733283238
15,11,11.354304020981436
15,12,10.31079116583924
15,13,6.861259501478458
15,14,3.790307276277104
15,16,3.7762161994238292
15,17,6.996991341080074
15,18,10.608915726982824
15,19,14.145690645054966
15,20,17.654116829780854
15,21,20.137388382814546
15,22,23.293102326106915
15,23,22.495162605339328
15,24,19.464851202188473
15,25,20.956510658870737
15,26,20.582708075990393
15,27,16.90697141133359
15,28,16.77615375568131
15,29,18.277110926596713
15,30,16.061897822910485
15,31,12.811381125678269
15,32,14.79382798736304
15,33,15.952999485599108
15,34,12.505245779954096
15,35,11.84914518209089
15,36,15.39932113514358
15,37,15.33236441733558
15,38,12.331520683524664
15,39,14.229468482550605
15,40,12.125621861877116
15,41,14.925815129339233
15,42,14.876005602930846
15,43,15.82391259945923
15,44,14.939152435932671
15,45,15.568625502652536
15,46,16.10874444735524
15,47,16.673424497146282
15,48,19.144797807391686
15,49,19.878440160178272
15,50,16.40974637294421
15,51,16.058291748975652
15,52,12.670474208245114
15,53,12.202917606147228
15,54,10.553981721799842
15,55,10.578504501553192
15,56,11.176560009058207
15,57,12.968756985148715
16,1,19.657807255258735
16,2,16.58831875757693
16,3,12.814093207417434
16,4,10.596112740267927
16,5,6.989036264871127
16,6,5.46273066998623
16,7,4.679085153512027
16,8,5.926543202676528
16,9,8.780442128596821
16,10,11.39456240217281
16,11,14.292268250472722
16,12,13.444331110889415
16,13,9.739283482478637
16,14,7.176212367744028
16,15,3.7762161994238292
16,17,3.795647447829996
16,18,7.026097069742801
16,19,10.67135523231114
16,20,14.035124671347006
16,21,16.5764432887562
16,22,19.683891622248492
16,23,19.040963283115783
16,24,16.17635662569437
16,25,18.00036809409781
16,26,17.507592201737747
16,27,13.738543190757303
16,28,14.126909940128893
16,29,15.942020201944361
16,30,13.58337919655055
16,31,10.52619280746076
16,32,13.223675033690133
16,33,14.676716028271176
16,34,11.405288003166838
16,35,11.506326753828867
16,36,15.27503453332074
16,37,15.453705009337643
16,38,13.186567122199097
16,39,15.37625099835778
16,40,13.139993940875232
16,41,15.603328068578218
16,42,15.449782994578458
16,43,15.841421012267094
16,44,14.082077856022396
16,45,14.243142495355704
16,46,13.953392518023206
16,47,14.264105716246204
16,48,16.24259766130653
16,49,17.047119809855744
16,50,13.463221698592951
16,51,12.756845623053364
16,52,9.66228423901963
16,53,9.762708639734461
16,54,9.246049840348517
16,55,10.284959492973016
16,56,11.998192258277292
16,57,14.543767386178557
17,1,16.85751668849972
17,2,14.186819083862634
17,3,10.414564725935321
17,4,8.752012817218313
17,5,6.00294625902134
17,6,5.543047337057199
17,7,7.121085703817212
17,8,8.390442049448737
17,9,11.80024989413222
17,10,13.840060570041977
17,11,16.774750497615916
17,12,15.519957447946439
17,13,11.69699909126277
17,14,10.083849684398839
17,15,6.996991341080074
17,16,3.795647447829996
17,18,3.792149102864956
17,19,7.200094188502283
17,20,10.801696246327607
17,21,13.540276473567795
17,22,16.928436237036117
17,23,16.788535858865842
17,24,14.408547306040289
17,25,16.18581913243558
17,26,15.01039892831781
17,27,11.27037593851086
17,28,12.40857267997877
17,29,13.819537339404986
17,30,10.909803251522964
17,31,8.593323536478119
17,32,11.892024795591109
17,33,12.858995254265354
17,34,9.655996728229697
17,35,10.976265102429736
17,36,14.549625044889272
17,37,14.390888542954071
17,38,12.920492070608205
17,39,15.655079114726608
17,40,13.956637660753039
17,41,16.46849824054217
17,42,16.860347831391774
17,43,17.34593912544333
17,44,15.051282046669174
17,45,15.377881248673496
17,46,14.476978392702778
17,47,14.967730500809079
17,48,16.22694315047631
17,49,17.38765569854651
17,50,13.84488377923762
17,51,12.27397034713708
17,52,9.865737966445224
17,53,10.088020532842778
17,54,10.765566476193687
17,55,11.829155210921012
17,56,14.345344718832814
17,57,16.872363214636795
18,1,13.069261888876447
18,2,10.514054239944217
18,3,6.805933644483969
18,4,5.764143215939092
18,5,4.590112484952212
18,6,6.210644409351122
18,7,9.087939029516251
18,8,11.146828671943082
18,9,14.807832994269548
18,10,16.94852851372595
18,11,20.12525352080807
18,12,19.071352728537732
18,13,15.269133579652118
18,14,13.706295980846066
18,15,10.608915726982824
18,16,7.026097069742801
18,17,3.792149102864956
18,19,3.7464130411334713
18,20,7.091868500703362
18,21,10.017115292420673
18,22,13.379271026389013
18,23,13.627643305772539
18,24,11.742991867032826
18,25,13.915835851062587
18,26,12.45168209783105
18,27,8.794828867063538
18,28,10.91668645935628
18,29,12.556378904424205
18,30,9.623862837192293
18,31,8.243418583428875
18,32,12.012144531010602
18,33,13.149016651158991
18,34,10.687060063559331
18,35,12.636592310149199
18,36,15.951664194703866
18,37,16.049273994240043
18,38,15.364407337408231
18,39,18.05476133875044
18,40,16.360737025303617
18,41,18.404625298151558
18,42,18.67561890824724
18,43,18.67286211246664
18,44,15.779977346767241
18,45,15.643073090704736
18,46,13.881885252771436
18,47,14.070796751433674
18,48,14.459799493001583
18,49,15.712950970643941
18,50,12.367887672848234
18,51,10.210647924474998
18,52,8.880750103374746
18,53,9.815516217633293
18,54,11.758394277384237
18,55,13.478754548256715
18,56,16.519279048186508
18,57,19.385707410966763
19,1,10.339178394653288
19,2,8.663827142765735
19,3,5.6699799758021046
19,4,5.8912254651683735
19,5,6.940956675695812
19,6,8.857375351065015
19,7,12.2796132423273
19,8,14.162953140500298
19,9,17.941436300770555
19,10,19.75277530606992
19,11,22.958709753196693
19,12,21.83939159460023
19,13,18.11172884353719
19,14,17.008692487057722
19,15,14.145690645054966
19,16,10.67135523231114
19,17,7.200094188502283
19,18,3.7464130411334713
19,20,3.791737269593291
19,21,6.791265798645923
19,22,10.421710195057914
19,23,11.347850471138072
19,24,10.36773564590223
19,25,12.327634484387312
19,26,10.093481586079994
19,27,6.981060587277109
19,28,10.067901540121076
19,29,11.179266643719485
19,30,8.134909780286126
19,31,8.320851277351247
19,32,12.021706610634963
19,33,12.75382237197493
19,34,11.100399235180285
19,35,13.743951398449367
19,36,16.506498660372344
19,37,16.56008329669723
19,38,16.72323900039611
19,39,19.464558980466197
19,40,18.137852318955378
19,41,19.92262125971467
19,42,20.474145618402748
19,43,20.425137429039477
19,44,17.236411349822173
19,45,17.182174713316634
19,46,15.014315664272793
19,47,15.393147502631969
19,48,15.023477473375019
19,49,16.645373451557077
19,50,13.794024406564235
19,51,10.941644941296433
19,52,10.640353043971889
19,53,11.442918506405858
19,54,14.050222218090257
19,55,15.673252143666407
19,56,19.074068058297783
19,57,21.885253139229246
20,1,6.653122405253191
20,2,5.7622978899565105
20,3,4.3586418740553015
20,4,6.212159145340738
20,5,8.94293369636765
20,6,11.524359207095133
20,7,15.082717297511387
20,8,17.32494188833604
20,9,21.12056010180632
20,10,23.047996198096538
20,11,26.392456747063793
20,12,25.469184734567367
20,13,21.762969862275142
20,14,20.563992899912254
20,15,17.654116829780854
20,16,14.035124671347006
20,17,10.801696246327607
20,18,7.091868500703362
20,19,3.791737269593291
20,21,3.796840619831128
20,22,7.138639707650856
20,23,8.944815246621285
20,24,9.149536797020062
20,25,11.40928406000653
20,26,9.017042156184
20,27,6.961694714198641
20,28,10.692108672321542
20,29,11.91452847815309
20,30,9.587863355131672
20,31,10.646591690052805
20,32,14.033941176163617
20,33,14.928183420310164
20,34,14.033865344861349
20,35,16.687340741062275
20,36,19.151638904954282
20,37,19.47128872192876
20,38,20.044244678741887
20,39,22.60146374188266
20,40,21.216469833723377
20,41,22.59482926604804
20,42,22.950842777112808
20,43,22.485228656095636
20,44,19.006611636694476
20,45,18.525258646389666
20,46,15.779346638234925
20,47,15.815686984529616
20,48,14.532717823476547
20,49,16.124513904006744
20,50,13.866827881961724
20,51,10.784903210644615
20,52,11.748814426273805
20,53,13.00239804785831
20,54,16.197895020713393
20,55,18.192519125297885
20,56,21.743124541336513
20,57,24.74443564113017
21,1,6.102188378990023
21,2,6.52742147332419
21,3,6.629374582898813
21,4,7.608978755450714
21,5,10.855160477126265
21,6,13.037278291395399
21,7,16.769200250755365
21,8,18.875173585127275
21,9,22.656995263232147
21,10,24.36956756526896
21,11,27.833391339736533
21,12,27.221182834168168
21,13,23.666702247833374
21,14,22.700302135899598
21,15,20.137388382814546
21,16,16.5764432887562
21,17,13.540276473567795
21,18,10.017115292420673
21,19,6.791265798645923
21,20,3.796840619831128
21,22,3.7867079073688914
21,23,5.717639968606706
21,24,6.996531119612518
21,25,8.69298151728656
21,26,6.135438230318035
21,27,5.656839771753647
21,28,9.326185267991205
21,29,10.370423358302954
21,30,9.123284771727485
21,31,10.909232766728161
21,32,13.622190581833868
21,33,14.70736898891966
21,34,14.77919198706407
21,35,17.259028215118818
21,36,19.244637012477998
21,37,20.038756814715903
21,38,21.133871185291433
21,39,23.284241199155062
21,40,21.888124969422034
21,41,22.703522727858058
21,42,23.003887376191596
21,43,22.288133461106295
21,44,18.658275856152617
21,45,18.18284144328301
21,46,15.281238662818257
21,47,15.680894007057411
21,48,13.975985434197622
21,49,16.144463437006166
21,50,14.65863755776741
21,51,11.133644220661521
21,52,12.587132996714049
21,53,13.341187253404996
21,54,16.83281319063358
21,55,18.730353757204572
21,56,22.458360142274273
21,57,25.437524989586368
22,1,5.421568970014277
22,2,6.977149815338474
22,3,8.679001944755269
22,4,9.752684124345759
22,5,13.369786608014797
22,6,15.695925230357636
22,7,19.318730092357274
22,8,21.636552874869157
22,9,25.327196993039035
22,10,27.13844223325727
22,11,30.715747846643215
22,12,30.397383877055336
22,13,26.902646058932614
22,14,25.813163163995803
22,15,23.293102326106915
22,16,19.683891622248492
22,17,16.928436237036117
22,18,13.379271026389013
22,19,10.421710195057914
22,20,7.138639707650856
22,21,3.7867079073688914
22,23,3.8220529841211266
22,24,6.934291264107932
22,25,8.52719496548372
22,26,6.912742839930802
22,27,7.94591330031329
22,28,10.958394525587735
22,29,12.213028062109043
22,30,11.973476982573503
22,31,13.782212058054002
22,32,16.02490711004375
22,33,17.42053640477956
22,34,17.973896379119726
22,35,20.161923486503
22,36,21.949656966066218
22,37,23.10707863376373
22,38,24.355747254304347
22,39,26.20594107874519
22,40,24.63835470108352
22,41,25.006050512387237
22,42,25.000966150119005
22,43,23.846229175898802
22,44,20.11073302448723
22,45,19.224091204169415
22,46,16.000742540648332
22,47,16.133010700738527
22,48,13.710553000407229
22,49,15.867297396190459
22,50,15.248363325973154
22,51,11.84717943944514
22,52,14.1259572472496
22,53,15.051314129543139
22,54,18.756134719939247
22,55,20.895282992133694
22,56,24.60429645500513
22,57,27.70611217070958
23,1,8.52347858438403
23,2,8.721425136197578
23,3,9.610284087930722
23,4,9.222103205210727
23,5,12.538347049832213
23,6,14.346974117576796
23,7,17.799220577829477
23,8,20.03852712680991
23,9,23.54695833087811
23,10,25.314095830627053
23,11,28.978922638038934
23,12,29.095921191690195
23,13,25.776581977292313
23,14,24.67387320380801
23,15,22.495162605339328
23,16,19.040963283115783
23,17,16.788535858865842
23,18,13.627643305772539
23,19,11.347850471138072
23,20,8.944815246621285
23,21,5.717639968606706
23,22,3.8220529841211266
23,24,3.794880190681285
23,25,5.271320190512641
23,26,5.330889968632523
23,27,6.7115187493606445
23,28,8.647116128926355
23,29,10.55414049485676
23,30,11.293717460836698
23,31,12.529952733915676
23,32,14.262066758242065
23,33,16.31437168333298
23,34,17.178102518737536
23,35,18.729276747604896
23,36,20.46979286717593
23,37,22.207065323492454
23,38,23.3652601348045
23,39,24.726156243880755
23,40,22.83287908937687
23,41,22.714530885253428
23,42,22.363989897580957
23,43,20.876919105609513
23,44,17.133325003348027
23,45,16.106165437500312
23,46,12.904190532114988
23,47,13.374755820483957
23,48,11.07052907314096
23,49,13.827894282865383
23,50,13.662207011912122
23,51,10.106359282478405
23,52,12.266318468359296
23,53,12.700524660119536
23,54,16.394030562044374
23,55,18.530025887412673
23,56,22.177823486138287
23,57,25.298205180410214
24,1,10.67242460303023
24,2,9.503824512159735
24,3,9.02608759967101
24,4,7.165418994252594
24,5,9.812107965036798
24,6,11.121869093613212
24,7,14.390598350811604
24,8,16.595429231362978
24,9,19.984500034124597
24,10,21.817217201788036
24,11,25.528274717431547
24,12,25.88180555559974
24,13,22.644961424444706
24,14,21.436400400628838
24,15,19.464851202188473
24,16,16.17635662569437
24,17,14.408547306040289
24,18,11.742991867032826
24,19,10.36773564590223
24,20,9.149536797020062
24,21,6.996531119612518
24,22,6.934291264107932
24,23,3.794880190681285
24,25,3.807027240961601
24,26,5.289873544003166
24,27,4.9945408222115875
24,28,5.974822349659438
24,29,8.949588615377687
24,30,9.82021089026878
24,31,9.99163064477739
24,32,11.706018794767084
24,33,14.37187251217986
24,34,14.953671917121376
24,35,15.956543157687845
24,36,18.001808408641843
24,37,20.032220210489125
24,38,20.788053181304168
24,39,21.919180527370447
24,40,19.688458732761145
24,41,19.481968771058636
24,42,18.857395050273038
24,43,17.25201916480923
24,44,13.482917087335714
24,45,12.383732331148236
24,46,9.238095106074338
24,47,10.073981901207905
24,48,8.491836154225338
24,49,11.69798362291079
24,50,11.20622504360466
24,51,7.48828399352793
24,52,8.96939848409279
24,53,8.985251823541729
24,54,12.648082283699587
24,55,14.858176541458638
24,56,18.451145095533594
24,57,21.64247723436828
25,1,13.303702718425827
25,2,12.823284007890678
25,3,12.311567508993468
25,4,10.34450098329332
25,5,12.438087996487626
25,6,12.803842347806894
25,7,16.0179918757254
25,8,17.49538413003435
25,9,20.73853127907478
25,10,21.97339445557652
25,11,25.559542520334585
25,12,26.003570885888877
25,13,23.052094809291418
25,14,22.413048020310264
25,15,20.956510658870737
25,16,18.00036809409781
25,17,16.18581913243558
25,18,13.915835851062587
25,19,12.327634484387312
25,20,11.40928406000653
25,21,8.69298151728656
25,22,8.52719496548372
25,23,5.271320190512641
25,24,3.807027240961601
25,26,3.8081978658993774
25,27,5.532166785490689
25,28,4.799221372274272
25,29,6.760523605753779
25,30,8.976405227323179
25,31,9.765295615420367
25,32,10.290558659652167
25,33,12.7945359545487
25,34,14.314606683000944
25,35,15.146619695773966
25,36,16.4469528413604
25,37,18.771150498266397
25,38,20.07741008688093
25,39,20.819586174643348
25,40,18.88995994944894
25,41,18.235731603287768
25,42,17.93860694440193
25,43,16.55849928923278
25,44,12.978670146254032
25,45,12.694870134251026
25,46,10.323712849423272
25,47,12.240979586543085
25,48,11.238582219908071
25,49,14.802925817965427
25,50,14.538539148383052
25,51,10.902083009959867
25,52,11.63849901966562
25,53,10.461584031597038
25,54,13.629805880181355
25,55,15.001809311707044
25,56,18.627112257164796
25,57,21.3986563650814
26,1,11.663403833572875
26,2,11.748224780768005
26,3,11.172905883794202
26,4,9.961517938047976
26,5,12.27739839155811
26,6,12.89562298021694
26,7,16.499220882841286
26,8,17.82606057469095
26,9,21.35089777296093
26,10,22.432277926102792
26,11,25.890241110353966
26,12,25.776704691113775
26,13,22.658033005381196
26,14,22.268374722961944
26,15,20.582708075990393
26,16,17.507592201737747
26,17,15.01039892831781
26,18,12.45168209783105
26,19,10.093481586079994
26,20,9.017042156184
26,21,6.135438230318035
26,22,6.912742839930802
26,23,5.330889968632523
26,24,5.289873544003166
26,25,3.8081978658993774
26,27,3.804614144112958
26,28,5.09166225094449
26,29,5.508292207779213
26,30,6.645943608319468
26,31,8.714380950464912
26,32,9.821412225014242
26,33,11.347972224008304
26,34,12.790579411381193
26,35,14.534685251610181
26,36,15.742630512468487
26,37,17.397214532888814
26,38,19.02590538014299
26,39,20.340496483171652
26,40,18.945107919948956
26,41,18.92145398929574
26,42,19.29002211665374
26,43,18.55762034445363
26,44,15.051996859544948
26,45,15.24477125359495
26,46,12.979927813232027
26,47,14.718628520582978
26,48,13.688990921348068
26,49,16.920271079169535
26,50,16.006988919439582
26,51,12.178738687819266
26,52,12.803335938322347
26,53,11.889610795172725
26,54,15.062804859863425
26,55,16.19035594542545
26,56,19.979337347773992
26,57,22.598600456295053
27,1,11.304157711636526
27,2,10.306538310865665
27,3,8.615014125895303
27,4,6.783760086646511
27,5,8.630010353485382
27,6,9.270854723667437
27,7,12.977615126768491
27,8,14.494457697430862
27,9,18.153960685212986
27,10,19.523829434505398
27,11,23.033733639982177
27,12,22.795614337255433
27,13,19.482634091988018
27,14,18.811852995839807
27,15,16.90697141133359
27,16,13.738543190757303
27,17,11.27037593851086
27,18,8.794828867063538
27,19,6.981060587277109
27,20,6.961694714198641
27,21,5.656839771753647
27,22,7.94591330031329
27,23,6.7115187493606445
27,24,4.9945408222115875
27,25,5.532166785490689
27,26,3.804614144112958
27,28,3.8070059352655954
27,29,5.599108361221928
27,30,5.037939504293018
27,31,5.930426032191503
27,32,8.269402261604956
27,33,10.158602352245776
27,34,10.517322478878627
27,35,12.284695554127104
27,36,14.286343897664723
27,37,15.737632420446264
27,38,16.728277125587578
27,39,18.355187225081128
27,40,16.69456010331556
27,41,17.176187821016622
27,42,17.443403255913847
27,43,16.841133350335685
27,44,13.30109600362776
27,45,13.413750359497726
27,46,11.174537486583024
27,47,12.710320900010442
27,48,12.20894925261282
27,49,15.162531232858026
27,50,13.52566703205778
27,51,9.773527117075023
27,52,9.764910326212457
27,53,9.025546850867253
27,54,12.197846463939836
27,55,13.563664621323685
27,56,17.366041456413633
27,57,20.169526229742026
28,1,14.82278777302495
28,2,13.627499934570677
28,3,11.778298285393257
28,4,9.062223076948351
28,5,9.857907598439036
28,6,9.158075072203308
28,7,12.368408018326893
28,8,13.270778704651308
28,9,16.593547120425615
28,10,17.581942897925764
28,11,21.093286098228607
28,12,21.32039896653428
28,13,18.368870651054856
28,14,17.98803174513364
28,15,16.77615375568131
28,16,14.126909940128893
28,17,12.40857267997877
28,18,10.91668645935628
28,19,10.067901540121076
28,20,10.692108672321542
28,21,9.326185267991205
28,22,10.958394525587735
28,23,8.647116128926355
28,24,5.974822349659438
28,25,4.799221372274272
28,26,5.09166225094449
28,27,3.8070059352655954
28,29,3.7988650496398955
28,30,5.387989644817701
28,31,5.105029561025173
28,32,5.794755792652059
28,33,8.649805195297496
28,34,9.711941184645108
28,35,10.42191683937481
28,36,12.091517946779634
28,37,14.331984908644118
28,38,15.354277311800445
28,39,16.248623910776814
28,40,14.343996296763617
28,41,14.168792839022773
28,42,14.286612894578884
28,43,13.602137025400692
28,44,10.145811511422592
28,45,10.809872540301127
28,46,9.307101487518551
28,47,11.85084478975901
28,48,12.14409725938714
28,49,15.548140742060388
28,50,14.243208957923379
28,51,10.706674177022752
28,52,9.897776562921932
28,53,7.786874646118621
28,54,10.4031492979482
28,55,11.15736853619331
28,56,14.929602538238262
28,57,17.520301515130868
29,1,16.375324674005128
29,2,15.839556928767921
29,3,14.10393689962133
29,4,11.942108794182351
29,5,12.673932879633394
29,6,11.668473256520265
29,7,14.823281162019114
29,8,14.982360063870637
29,9,18.20664758415887
29,10,18.504038860837777
29,11,21.68630378172423
29,12,21.555016165166517
29,13,18.824537929980007
29,14,19.16728795174032
29,15,18.277110926596713
29,16,15.942020201944361
29,17,13.819537339404986
29,18,12.556378904424205
29,19,11.179266643719485
29,20,11.91452847815309
29,21,10.370423358302954
29,22,12.213028062109043
29,23,10.55414049485676
29,24,8.949588615377687
29,25,6.760523605753779
29,26,5.508292207779213
29,27,5.599108361221928
29,28,3.7988650496398955
29,30,3.8156490311244813
29,31,5.509921510348764
29,32,4.840264552211645
29,33,6.208542240279097
29,34,8.463137164964586
29,35,9.75349126636818
29,36,10.377544501109071
29,37,12.33534774969466
29,38,14.226064220744233
29,39,15.174225829071522
29,40,14.118153867348743
29,41,14.05771010844184
29,42,15.089840490256
29,43,15.189083380489231
29,44,12.244348137480856
29,45,13.77044031909067
29,46,12.847128425746812
29,47,15.605096829338795
29,48,15.90417217280896
29,49,19.31110949839847
29,50,17.9170499050874
29,51,14.330667645546166
29,52,13.431578200492055
29,53,11.150893108940478
29,54,13.195510652315358
29,55,13.038854645151844
29,56,16.692232374449176
29,57,18.669963743714902
30,1,15.112859519674691
30,2,14.405157905118347
30,3,12.194253969252202
30,4,10.45130295751827
30,5,10.9176234696566
30,6,10.171751773214657
30,7,13.53457665342059
30,8,13.779160148139185
30,9,17.28349327148152
30,10,17.768867101133367
30,11,20.870349085894762
30,12,20.157552703105086
30,13,17.095850878572627
30,14,17.368487911950428
30,15,16.061897822910485
30,16,13.58337919655055
30,17,10.909803251522964
30,18,9.623862837192293
30,19,8.134909780286126
30,20,9.587863355131672
30,21,9.123284771727485
30,22,11.973476982573503
30,23,11.293717460836698
30,24,9.82021089026878
30,25,8.976405227323179
30,26,6.645943608319468
30,27,5.037939504293018
30,28,5.387989644817701
30,29,3.8156490311244813
30,31,3.7945705013610547
30,32,5.355533629559018
30,33,5.585862079063902
30,34,6.338202956617158
30,35,8.87225912567228
30,36,10.233447788851944
30,37,11.145725584686947
30,38,12.735622123444125
30,39,14.598674487123034
