1,2,3.8155329799729683
1,3,7.097244112509166
1,4,10.18306445517939
1,5,13.594649032492141
1,6,16.991213218959768
1,7,20.33964498754876
1,8,23.575195821326123
1,9,26.499141295675535
1,10,30.158398835195023
1,11,32.41954821776512
1,12,35.93759093611799
1,13,35.265275507114346
1,14,31.484900721633373
1,15,29.742962600598364
1,16,26.53874317926901
1,17,22.793425602775233
1,18,19.922136957078294
1,19,16.134399425223744
1,20,13.27237360029758
1,21,9.635191647110625
1,22,9.433979339647655
1,23,8.804405406693709
1,24,12.098012546751162
1,25,14.502188214778538
1,26,16.896539857248463
1,27,14.98902686252711
1,28,14.96117715969314
1,29,18.553905645901903
1,30,19.690885505289952
1,31,17.997735809896696
1,32,20.234652050515713
1,33,23.18960480734989
1,34,24.091951777330614
1,35,23.623263426714253
1,36,26.3203907701651
1,37,28.410128419406917
1,38,28.67923864574659
1,39,29.80784250354429
1,40,32.206869641463456
1,41,30.746174963510224
1,42,31.76854449010598
1,43,31.73980508761953
1,44,30.704389745443226
1,45,26.950011202192933
1,46,25.72586190484349
1,47,22.23740316665917
1,48,21.207794869095686
1,49,18.099736022419908
1,50,18.619578837492806
1,51,17.86945238268526
1,52,15.796341390442143
1,53,18.65047445459041
1,54,20.88732139410899
1,55,24.4639414624886
1,56,27.02810376247347
1,57,30.59658714350589
1,58,33.685006568003395
2,1,3.8155329799729683
2,3,3.7881706745828048
2,4,7.1165325552013865
2,5,10.136313875905685
2,6,13.715666790900663
2,7,16.92812687501352
2,8,20.278164343854723
2,9,23.157546739199052
2,10,26.796967577087123
2,11,29.028859256687248
2,12,32.60985644997297
2,13,32.142547053295445
2,14,28.409682655306028
2,15,26.685875865437872
2,16,23.645963970492936
2,17,19.88898032021394
2,18,17.13147570754611
2,19,13.384326741450435
2,20,10.472919631769884
2,21,6.7361905591106135
2,22,6.082518377415105
2,23,5.63657219270477
2,24,8.618040672964085
2,25,10.735546678859317
2,26,13.288230576231449
2,27,11.570714102915296
2,28,11.306667844504894
2,29,14.85487696883165
2,30,16.268190586655635
2,31,14.711153697603358
2,32,16.778844554109305
2,33,19.67658893059804
2,34,20.87228176725095
2,35,20.492567465606953
2,36,22.961700053483842
2,37,25.10527699744075
2,38,25.658389863017888
2,39,26.72460928133865
2,40,28.917887869473162
2,41,27.29365770059719
2,42,28.151828920373045
2,43,28.022521072879982
2,44,26.922781941808086
2,45,23.162058312704747
2,46,21.974862995898853
2,47,18.519883525882893
2,48,17.712676413188714
2,49,14.732261474947514
2,50,15.699997857154745
2,51,14.857568825673296
2,52,12.374368881198086
2,53,15.161351719984575
2,54,17.204133385293296
2,55,20.8359919946798
2,56,23.364302131445545
2,57,26.95884338742638
2,58,30.071397819603163
3,1,7.097244112509166
3,2,3.7881706745828048
3,4,3.7968006692473586
3,5,6.743740814911277
3,6,10.30621558551589
3,7,13.702575791333912
3,8,16.86352701604095
3,9,19.954201079073915
3,10,23.491298904734446
3,11,25.950472818884172
3,12,29.580306058563302
3,13,29.29435355313211
3,14,25.577762757235753
3,15,23.57902606436588
3,16,20.508769175521767
3,17,16.736195673380475
3,18,14.367248147134765
3,19,10.782579606264568
3,20,8.558567112872696
3,21,5.490729773082565
3,22,5.838055304700205
3,23,6.5416120581590285
3,24,8.074643090387406
3,25,8.834276642966916
3,26,12.077395330138483
3,27,10.923941975435653
3,28,9.55200098130408
3,29,13.007704915849358
3,30,15.082641568415566
3,31,13.352117875859149
3,32,14.648322006995643
3,33,17.752783979383995
3,34,19.421002954649186
3,35,18.680473034686067
3,36,20.77167072760221
3,37,23.29933584862853
3,38,24.047885574477505
3,39,24.66844825041738
3,40,26.76762469139185
3,41,24.80130681648987
3,42,25.666685699615705
3,43,25.23783352468814
3,44,23.99870755228154
3,45,20.24434823086786
3,46,18.832536289770303
3,47,15.373103721167476
3,48,14.344041257740356
3,49,11.585670017017256
3,50,12.429894170802148
3,51,11.191677190285143
3,52,8.782857135905722
3,53,11.559766782131948
3,54,13.932635391399756
3,55,17.49959564002273
3,56,20.28226220529368
3,57,23.751503763053243
3,58,26.993446096157008
4,1,10.18306445517939
4,2,7.1165325552013865
4,3,3.7968006692473586
4,5,3.803574374688711
4,6,6.845699211089456
4,7,10.384473945439899
4,8,13.425333242155268
4,9,16.518946067839426
4,10,20.087315733516892
4,11,22.58397093922173
4,12,26.150602877200146
4,13,25.742974307837848
4,14,21.99708356968223
4,15,19.912400169475692
4,16,16.760137253926644
4,17,12.981790965924098
4,18,10.658956309479505
4,19,7.168926385934479
4,20,5.731157187697834
4,21,4.288718318431716
4,22,6.432874618283619
4,23,8.735230196844268
4,24,9.524590763136965
4,25,8.896051796206681
4,26,12.158873695254082
4,27,10.9364715808067
4,28,8.386723681714235
4,29,11.749009764099686
4,30,13.911819664364357
4,31,11.588155174085491
4,32,12.159304085010662
4,33,15.59625549758388
4,34,17.301162802835464
4,35,15.986163120945212
4,36,17.97004282554742
4,37,20.828606945999674
4,38,21.413838740685016
4,39,21.633213294661964
4,40,23.877269365135014
4,41,21.845140390299875
4,42,23.035120152848812
4,43,22.65161215735587
4,44,21.67834420622587
4,45,18.04882254965305
4,46,16.86941577601443
4,47,13.759037895905685
4,48,12.979956379337873
4,49,11.08999577299167
4,50,11.981221344153136
4,51,9.674842538695966
4,52,7.250298211700875
4,53,9.028161263131393
4,54,11.459720328149155
4,55,14.720689443595623
4,56,17.471160807415647
4,57,20.846241437278543
4,58,23.999063619763007
5,1,13.594649032492141
5,2,10.136313875905685
5,3,6.743740814911277
5,4,3.803574374688711
5,6,3.7872318720343032
5,7,6.988820370117669
5,8,10.212940967396403
5,9,13.253730361015988
5,10,16.76667294908434
5,11,19.252870230100985
5,12,22.914116754203487
5,13,22.838427835178166
5,14,19.205019630862324
5,15,17.126199696847575
5,16,14.316486892817366
5,17,10.649555970132893
5,18,8.869097545758871
5,19,6.187508683802283
5,20,5.824068469431177
5,21,6.172193127966251
5,22,7.484902673557373
5,23,9.837045965147288
5,24,9.212125444111454
5,25,7.122332657984858
5,26,10.256229260794614
5,27,9.751478150727683
5,28,6.4173362687823365
5,29,9.012368225158793
5,30,11.703556401783953
5,31,9.67925545622532
5,32,9.343144470255805
5,33,12.640002190865033
5,34,14.885017582510375
5,35,13.600448581676767
5,36,15.003394563613725
5,37,18.00865260125859
5,38,19.024411689324616
5,39,19.020073937685815
5,40,20.905325831392897
5,41,18.57158880906858
5,42,19.53652896359161
5,43,18.943929226056063
5,44,17.88475027443597
5,45,14.268696837848966
5,46,13.167816942494614
5,47,10.26379136941473
5,48,10.0098440734732
5,49,8.935940062826052
5,50,10.542191421875794
5,51,7.945188713282235
5,52,4.881985138162988
5,53,5.613333201201994
5,54,7.670344637090913
5,55,10.97882672915226
5,56,13.738336075359523
5,57,17.13749455032176
5,58,20.351709856152446
6,1,16.991213218959768
6,2,13.715666790900663
6,3,10.30621558551589
6,4,6.845699211089456
6,5,3.7872318720343032
6,7,3.7943550953875014
6,8,6.590622172108634
6,9,9.77950083588343
6,10,13.260404863408386
6,11,15.913300378659573
6,12,19.51882466189549
6,13,19.424523254333533
6,14,15.802180186107767
6,15,13.470482134272402
6,16,10.61874081430039
6,17,7.01379470101201
6,18,6.0471498364808145
6,19,4.930217921522493
6,20,6.797601481009886
6,21,8.850200996435786
6,22,10.719527918682981
6,23,13.418269828888539
6,24,12.532152172020126
6,25,9.822801086514131
6,26,12.407159422693264
6,27,12.101624624969809
6,28,8.35409164448989
6,29,9.92317439103874
6,30,12.491472886528783
6,31,10.199633782356198
6,32,8.500837082007314
6,33,11.831153877558803
6,34,14.167405421954573
6,35,12.169720898076823
6,36,13.04669104867546
6,37,16.485659440173187
6,38,17.395076423807758
6,39,16.707498319511373
6,40,18.62057880284066
6,41,16.075521344692547
6,42,17.387227491775963
6,43,16.702873958457314
6,44,15.929989924615596
6,45,12.653759861402582
6,46,11.83790746981174
6,47,9.770037584812199
6,48,9.85404925855929
6,49,10.175439144700805
6,50,11.494322334125037
6,51,8.169262836057996
6,52,6.201359037011039
6,53,4.405835272155734
6,54,6.121815990529908
6,55,8.458230256710465
6,56,11.201445613455453
6,57,14.311905834547641
6,58,17.43920937920216
7,1,20.33964498754876
7,2,16.92812687501352
7,3,13.702575791333912
7,4,10.384473945439899
7,5,6.988820370117669
7,6,3.7943550953875014
7,8,3.8122091108973177
7,9,6.284079059890613
7,10,9.877364144778191
7,11,12.274702311750987
7,12,15.935867622588628
7,13,16.05159285228786
7,14,12.56790399937303
7,15,10.493251427864429
7,16,8.371404901816279
7,17,5.50246114316591
7,18,5.65844051212873
7,19,6.614119931142225
7,20,8.856966327384129
7,21,11.554398548179995
7,22,12.986773464858793
7,23,15.705450112073365
7,24,14.294204880132327
7,25,11.112130398455525
7,26,12.768245606231078
7,27,12.77662272380597
7,28,9.09803324907587
7,29,9.287657615441578
7,30,11.567842948223426
7,31,9.631754376728844
7,32,6.691388033945709
7,33,9.442453010831366
7,34,12.002747411120698
7,35,9.859356156047872
7,36,9.884302837218007
7,37,13.491211401820957
7,38,14.670606706081463
7,39,13.612283175771399
7,40,15.185705279362903
7,41,12.416652808918691
7,42,13.754675330450677
7,43,13.10746491527008
7,44,12.712733677693723
7,45,9.78730891865362
7,46,9.804896490556779
7,47,8.924463660213268
7,48,10.187179344838745
7,49,11.65588125041249
7,50,13.456215913775587
7,51,10.375526496474363
7,52,8.573843026105076
7,53,5.376823673100624
7,54,4.606609332039062
7,55,5.5897968913560945
7,56,7.664910195857813
7,57,10.795948772732743
7,58,13.743525073052966
8,1,23.575195821326123
8,2,20.278164343854723
8,3,16.86352701604095
8,4,13.425333242155268
8,5,10.212940967396403
8,6,6.590622172108634
8,7,3.8122091108973177
8,9,3.79984533622425
8,10,6.7749923597793575
8,11,9.848780898538967
8,12,13.409419897760719
8,13,13.814879873108591
8,14,10.584831408426044
8,15,7.769472683506867
8,16,5.929854620408782
8,17,4.403758027216338
8,18,6.952368696219813
8,19,9.214033922409984
8,20,12.162353284166034
8,21,15.030661173050053
8,22,16.714815419728367
8,23,19.392505406033752
8,24,17.864232759521588
8,25,14.512448307188372
8,26,16.147707142940533
8,27,16.478440323049288
8,28,12.855788214912943
8,29,12.61524093724466
8,30,14.835942461689582
8,31,13.084210761110732
8,32,9.723717708767463
8,33,11.789316348006363
8,34,14.291691215930115
8,35,11.79690963489892
8,36,10.903625622851218
8,37,14.649262890123234
8,38,15.77627063036747
8,39,13.82365254679678
8,40,15.11470025814781
8,41,11.99575982894221
8,42,13.492739468953426
8,43,12.359832709827883
8,44,12.052768432248811
8,45,9.959244438094224
8,46,9.91897316574924
8,47,10.072071473480543
8,48,11.060347176961802
8,49,13.372958061771637
8,50,14.562295074572367
8,51,11.380396815301058
8,52,10.76876023777662
8,53,7.097251459748813
8,54,6.37892749111297
8,55,4.985329014139068
8,56,6.879224463254387
8,57,8.843508330820265
8,58,11.735533105671784
9,1,26.499141295675535
9,2,23.157546739199052
9,3,19.954201079073915
9,4,16.518946067839426
9,5,13.253730361015988
9,6,9.77950083588343
9,7,6.284079059890613
9,8,3.79984533622425
9,10,3.8256106895236015
9,11,6.18735263021789
9,12,9.776148814488355
9,13,10.23236606948185
9,14,7.201625146085519
9,15,5.029826317176868
9,16,5.146895533676946
9,17,5.819775124199473
9,18,8.396918860466085
9,19,11.39182238062346
9,20,14.235981468394028
9,21,17.44163531912999
9,22,18.950078696849523
9,23,21.74086273383004
9,24,20.10981496276948
9,25,16.736202448918174
9,26,17.64196874492015
9,27,17.89623546181541
9,28,14.54785755561565
9,29,13.61180462735045
9,30,15.12817223973027
9,31,13.628174676446479
9,32,9.903441430939608
9,33,11.021821611345601
9,34,13.117960126675204
9,35,10.544546427060212
9,36,8.748816030611227
9,37,12.340950310420796
9,38,13.42406194446514
9,39,10.933997931500437
9,40,11.872782921756958
9,41,8.71968498042466
9,42,10.60924331276336
9,43,9.889213653936848
9,44,10.603276656930612
9,45,9.523838338835885
9,46,10.748600293575043
9,47,12.006047804578758
9,48,13.803569152747272
9,49,16.428168216319783
9,50,17.966981404651516
9,51,15.005845933956136
9,52,14.141894982245
9,53,10.417190652685704
9,54,8.565176232585644
9,55,6.019330245073022
9,56,5.511827083639842
9,57,6.6909175169089625
9,58,8.694887697768948
10,1,30.158398835195023
10,2,26.796967577087123
10,3,23.491298904734446
10,4,20.087315733516892
10,5,16.76667294908434
10,6,13.260404863408386
10,7,9.877364144778191
10,8,6.7749923597793575
10,9,3.8256106895236015
10,11,3.7837612157166034
10,12,7.036277087284703
10,13,8.526710136940313
10,14,6.764546268299456
10,15,4.7178377225957036
10,16,6.798856876337511
10,17,8.873034870658406
10,18,11.94394767835238
10,19,15.10316423926283
10,20,18.047027104988448
10,21,21.225081057030273
10,22,22.669970782830962
10,23,25.327975107965536
10,24,23.464051287375952
10,25,19.9421474259724
10,26,20.698472158825126
10,27,21.301628370514038
10,28,18.078099088951838
10,29,16.746825788920972
10,30,18.25026392106954
10,31,17.12977396232315
10,32,13.335240834181521
10,33,13.775239668039418
10,34,15.822024004030165
10,35,13.486932009093659
10,36,10.971944863535233
10,37,14.058195365415585
10,38,15.275518876259918
10,39,12.266432868899425
10,40,12.376281777353357
10,41,9.10697680417131
10,42,10.608781707494373
10,43,9.332085581570736
10,44,10.236711170275917
10,45,10.454642964586847
10,46,11.762901417700034
10,47,13.880843042510179
10,48,15.63764619566815
10,49,18.750309168544657
10,50,20.05331642169178
10,51,17.33369850518462
10,52,17.009748791522693
10,53,13.208619889584018
10,54,11.268053244083672
10,55,7.873509199663388
10,56,6.571105801071425
10,57,5.340413390551265
10,58,6.427234940415475
11,1,32.41954821776512
11,2,29.028859256687248
11,3,25.950472818884172
11,4,22.58397093922173
11,5,19.252870230100985
11,6,15.913300378659573
11,7,12.274702311750987
11,8,9.848780898538967
11,9,6.18735263021789
11,10,3.7837612157166034
11,12,3.7883877389012737
11,13,5.713612008746648
11,14,5.165111710511399
11,15,5.587380737392041
11,16,8.855739664843162
11,17,11.316349064115897
11,18,13.834353256297167
11,19,17.123167060762494
11,20,19.80933284938247
11,21,23.13415768646741
11,22,24.387756622008656
11,23,27.107008409750584
11,24,25.236403870505512
11,25,21.81834940913583
11,26,21.986294799910574
11,27,22.427568050000858
11,28,19.53180909336989
11,29,17.804774311692658
11,30,18.618768950439602
11,31,17.752315711969704
11,32,14.035091704487808
11,33,13.668169076630734
11,34,15.103828230043794
11,35,13.020992606016033
11,36,9.983174774230532
11,37,12.335410685590306
11,38,13.422996722789334
11,39,10.149048519782992
11,40,9.576417613181315
11,41,6.7257570872919485
11,42,8.524984253317346
11,43,8.173038767270203
11,44,10.371962572718525
11,45,11.471540523532596
11,46,13.728814515361277
11,47,16.238264628973017
11,48,18.539365587213595
11,49,21.61659498778674
11,50,23.29222541341324
11,51,20.6681551077907
11,52,19.926931225784802
11,53,16.162087716132675
11,54,13.689606658250474
11,55,10.390768358029787
11,56,7.785111604771785
11,57,6.086316239678336
11,58,4.82508688432532
12,1,35.93759093611799
12,2,32.60985644997297
12,3,29.580306058563302
12,4,26.150602877200146
12,5,22.914116754203487
12,6,19.51882466189549
12,7,15.935867622588628
12,8,13.409419897760719
12,9,9.776148814488355
12,10,7.036277087284703
12,11,3.7883877389012737
12,13,3.8133055836245355
12,14,5.969205788801588
12,15,7.569210481968882
12,16,11.317282647574597
12,17,14.34401011524932
12,18,16.874174525004623
12,19,20.35364862914453
12,20,23.10575640374315
12,21,26.55567551404929
12,22,27.897956728296336
12,23,30.70297826030962
12,24,28.896938906334977
12,25,25.52567183372529
12,26,25.537707960919732
12,27,25.881597463633167
12,28,23.088280776262298
12,29,21.30396307126846
12,30,21.79091877843135
12,31,20.944891040724595
12,32,17.346188384351922
12,33,16.70637597494768
12,34,17.625217332275636
12,35,15.591846439898752
12,36,12.548449205526733
12,37,14.209430331773286
12,38,14.835785060198788
12,39,11.302132464802064
12,40,10.313841340895316
12,41,8.562028081545712
12,42,10.3340579064672
12,43,10.465392166162506
12,44,13.078153389810288
12,45,14.808996466920185
12,46,17.193747713538475
12,47,19.90795710169562
12,48,22.200071565348086
12,49,25.35509315682262
12,50,26.94355617082672
12,51,24.30344378083023
12,52,23.681964483935715
12,53,19.906469432105713
12,54,17.475269913992424
12,55,14.127742418664038
12,56,11.402653467178993
12,57,9.176968052673102
12,58,6.608255196486683
13,1,35.265275507114346
13,2,32.142547053295445
13,3,29.29435355313211
13,4,25.742974307837848
13,5,22.838427835178166
13,6,19.424523254333533
13,7,16.05159285228786
13,8,13.814879873108591
13,9,10.23236606948185
13,10,8.526710136940313
13,11,5.713612008746648
13,12,3.8133055836245355
13,14,3.8282537817619886
13,15,6.727976688812519
13,16,10.319537585155595
13,17,13.559209423168479
13,18,15.698245155634968
13,19,19.331208767530597
13,20,22.124689975210504
13,21,25.773470228665175
13,22,27.42910999502335
13,23,30.53043952867025
13,24,29.157619478891796
13,25,26.0274563298322
13,26,26.115313854564693
13,27,25.902978309124265
13,28,23.062004646014515
13,29,21.71420145390836
13,30,21.8054857661642
13,31,20.44090729924524
13,32,17.08330195349174
13,33,16.81972487158637
13,34,17.054644011570293
13,35,14.541585530652755
13,36,12.155224797563745
13,37,13.82481829510192
13,38,13.457614712555172
13,39,9.664092865543312
13,40,9.74903614342477
13,41,9.021145297490696
13,42,11.873468147273217
13,43,12.884894723529735
13,44,15.728359475688684
13,45,16.85173127961629
13,46,19.287468431162818
13,47,21.529746178356294
13,48,23.735016814333616
13,49,26.56645304266875
13,50,28.12565597052895
13,51,25.14841171891059
13,52,24.328381330560052
13,53,20.639222416074134
13,54,18.479655273540512
13,55,15.566846132687088
13,56,13.094573161778369
13,57,11.778783198305549
13,58,9.75918218030335
14,1,31.484900721633373
14,2,28.409682655306028
14,3,25.577762757235753
14,4,21.99708356968223
14,5,19.205019630862324
14,6,15.802180186107767
14,7,12.56790399937303
14,8,10.584831408426044
14,9,7.201625146085519
14,10,6.764546268299456
14,11,5.165111710511399
14,12,5.969205788801588
14,13,3.8282537817619886
14,15,3.800194822954077
14,16,6.922300533737008
14,17,9.89565770427352
14,18,11.873086273988381
14,19,15.51015314744907
14,20,18.35434391685762
14,21,22.024290275294565
14,22,23.81860288159533
14,23,27.00635847831045
14,24,25.812483071875707
14,25,22.770472406967546
14,26,23.110195189252845
14,27,22.699155426043177
14,28,19.693636693145834
14,29,18.709259645494917
14,30,18.949009487065492
14,31,17.21781958637521
14,32,13.867993150508386
14,33,14.200971232902031
14,34,14.583946776118026
14,35,11.632400984892111
14,36,9.727919239726072
14,37,12.188609358455095
14,38,11.754917446173765
14,39,8.034302750291552
14,40,9.247417387469827
14,41,7.961220905810392
14,42,11.28915049557915
14,43,12.244197567480919
14,44,14.719310771007157
14,45,14.991601752349537
14,46,17.19328403166845
14,47,18.926406828155784
14,48,20.9847224954353
14,49,23.54276603639094
14,50,25.091920413175863
14,51,21.9590237542204
14,52,20.987862383446053
14,53,17.394012250069277
14,54,15.474664277161358
14,55,12.962802286995265
14,56,10.983918991311436
14,57,10.654110073348109
14,58,9.827255500069022
15,1,29.742962600598364
15,2,26.685875865437872
15,3,23.57902606436588
15,4,19.912400169475692
15,5,17.126199696847575
15,6,13.470482134272402
15,7,10.493251427864429
15,8,7.769472683506867
15,9,5.029826317176868
15,10,4.7178377225957036
15,11,5.587380737392041
15,12,7.569210481968882
15,13,6.727976688812519
15,14,3.800194822954077
15,16,3.78974587758996
15,17,7.203311941316708
15,18,10.093631364168399
15,19,13.786751335233307
15,20,17.03295170717063
15,21,20.602058700266298
15,22,22.630651605128307
15,23,25.76338565464474
15,24,24.54354740525681
15,25,21.36521770243397
15,26,22.27757793890206
15,27,22.085030454191614
15,28,18.729127683959753
15,29,18.08548597089155
15,30,19.03997055249869
15,31,17.11019544461241
15,32,13.600083548120935
15,33,14.648135800032792
15,34,15.764598785000025
15,35,12.631143800886516
15,36,11.010157931503038
15,37,14.190193999827732
15,38,14.194045733391887
15,39,10.815524111860729
15,40,12.16187398695068
15,41,9.96371796670306
15,42,12.782800596674079
15,43,12.747622280049589
15,44,14.326378530873594
15,45,14.10387986857038
15,46,15.534086832777604
15,47,16.96663814808812
15,48,18.48439432760322
15,49,21.082546236202965
15,50,22.213804553026733
15,51,18.976505078091193
15,52,18.48060183389408
15,53,14.850687442202906
15,54,13.494826238975435
15,55,10.936743852414372
15,56,9.964712768547983
15,57,9.739229468998786
15,58,10.09232014420834
16,1,26.53874317926901
16,2,23.645963970492936
16,3,20.508769175521767
16,4,16.760137253926644
16,5,14.316486892817366
16,6,10.61874081430039
16,7,8.371404901816279
16,8,5.929854620408782
16,9,5.146895533676946
16,10,6.798856876337511
16,11,8.855739664843162
16,12,11.317282647574597
16,13,10.319537585155595
16,14,6.922300533737008
16,15,3.78974587758996
16,17,3.7797477927992364
16,18,6.9902017030978
16,19,10.650459608171374
16,20,14.163455297464013
16,21,17.6860259349434
16,22,20.07554096180395
16,23,23.30855013519531
16,24,22.42500100397201
16,25,19.433930543485584
16,26,20.861149228282102
16,27,20.41521499172495
16,28,16.83559447268279
16,29,16.906114152027467
16,30,18.153753486262016
16,31,15.72978127812586
16,32,12.509638678670221
16,33,14.485504988760981
16,34,15.7322757324897
16,35,12.330626356943762
16,36,11.688403586402274
16,37,15.277472044033715
16,38,15.128878195691442
16,39,12.295835241063141
16,40,14.341857857088971
16,41,12.128951021892
16,42,14.89875895454377
16,43,14.735999633787054
16,44,15.712093120887156
16,45,14.575638440728245
16,46,15.362882654391477
16,47,15.94763626178014
16,48,16.9275618173859
16,49,19.0703814091839
16,50,19.917558492603163
16,51,16.411253923361844
16,52,15.984333536870727
16,53,12.623327209767838
16,54,12.10358087659262
16,55,10.393660527592012
16,56,10.645866217639318
16,57,11.446948891147022
16,58,12.809315339459404
17,1,22.793425602775233
17,2,19.88898032021394
17,3,16.736195673380475
17,4,12.981790965924098
17,5,10.649555970132893
17,6,7.01379470101201
17,7,5.50246114316591
17,8,4.403758027216338
17,9,5.819775124199473
17,10,8.873034870658406
17,11,11.316349064115897
17,12,14.34401011524932
17,13,13.559209423168479
17,14,9.89565770427352
17,15,7.203311941316708
17,16,3.7797477927992364
17,18,3.7954007195356896
17,19,7.096211109206425
17,20,10.673495540243247
17,21,14.056803317159682
17,22,16.53015291078514
17,23,19.750215568931715
17,24,19.038957858459536
17,25,16.214809697813816
17,26,17.987705017557015
17,27,17.395027055532648
17,28,13.702344723397713
17,29,14.332970251263465
17,30,15.875779098051394
17,31,13.206271485383642
17,32,10.342690146409966
17,33,13.054780377343452
17,34,14.568332057724069
17,35,11.305258513821395
17,36,11.46228995502157
17,37,15.227906776124843
17,38,15.282217076558583
17,39,13.23489854753193
17,40,15.524374818615142
17,41,13.212505208768087
17,42,15.65851200984934
17,43,15.410084036603067
17,44,15.836482677391116
17,45,13.830807307682
17,46,14.142273179465183
17,47,13.870700742398032
17,48,14.566950097094107
17,49,16.17216696080288
17,50,17.065652334336264
17,51,13.45276607571739
17,52,12.703043414836541
17,53,9.669824861632158
17,54,9.764132005012193
17,55,9.21223719642651
17,56,10.456693560602876
17,57,12.341101237482333
17,58,14.492093762788748
18,1,19.922136957078294
18,2,17.13147570754611
18,3,14.367248147134765
18,4,10.658956309479505
18,5,8.869097545758871
18,6,6.0471498364808145
18,7,5.65844051212873
18,8,6.952368696219813
18,9,8.396918860466085
18,10,11.94394767835238
18,11,13.834353256297167
18,12,16.874174525004623
18,13,15.698245155634968
18,14,11.873086273988381
18,15,10.093631364168399
18,16,6.9902017030978
18,17,3.7954007195356896
18,19,3.7952147760007873
18,20,7.253627994259458
18,21,10.879334028531261
18,22,13.548205691603567
18,23,17.03193953639916
18,24,16.842038663787562
18,25,14.531382883968565
18,26,16.23806711735821
18,27,14.954968508668106
18,28,11.404390165348785
18,29,12.730010414264584
18,30,13.816270296736853
18,31,10.614787762702779
18,32,8.580352314937377
18,33,11.874870109701579
18,34,12.86255161197432
18,35,9.623641686622701
18,36,11.011672998358597
18,37,14.531980218899164
18,38,14.212491615968522
18,39,13.000991930034958
18,40,15.78903250410015
18,41,14.035028478959958
18,42,16.550665409234814
18,43,16.86593495125968
18,44,17.40259092486992
18,45,14.931351413801137
18,46,15.40367363240118
18,47,14.50225550820488
18,48,15.317224665125634
18,49,16.152939524344564
18,50,17.380695125270442
18,51,13.828608432587945
18,52,12.247199912942657
18,53,9.953521811200652
18,54,10.2105199385683
18,55,10.851183272608855
18,56,12.06041296306259
18,57,14.68431722277961
18,58,16.81238991185369
19,1,16.134399425223744
19,2,13.384326741450435
19,3,10.782579606264568
19,4,7.168926385934479
19,5,6.187508683802283
19,6,4.930217921522493
19,7,6.614119931142225
19,8,9.214033922409984
19,9,11.39182238062346
19,10,15.10316423926283
19,11,17.123167060762494
19,12,20.35364862914453
19,13,19.331208767530597
19,14,15.51015314744907
19,15,13.786751335233307
19,16,10.650459608171374
19,17,7.096211109206425
19,18,3.7952147760007873
19,20,3.7451639528924647
19,21,7.173747596522067
19,22,10.133398761513632
19,23,13.663414876210998
19,24,13.95432738930578
19,25,12.196718035794179
19,26,14.28647326307025
19,27,12.630038783044856
19,28,9.204989705791874
19,29,11.532460826943307
19,30,12.770481797359942
19,31,9.396553930055287
19,32,8.590947838636644
19,33,12.317459107217362
19,34,13.355715595853795
19,35,10.7824781957989
19,36,12.860050069436825
19,37,16.074346363027267
19,38,15.921777679443776
19,39,15.511229161184074
19,40,18.261525803339108
19,41,16.583608186188744
19,42,18.68785165938217
19,43,18.94030952098388
19,44,19.03426871707565
19,45,16.02102463437456
19,46,16.042225048600905
19,47,14.283362939573713
19,48,14.718302699970225
19,49,14.650140831422416
19,50,15.911698982791004
19,51,12.565993929436914
19,52,10.470528235647636
19,53,9.318679246726681
19,54,10.32824335280939
19,55,12.192752318809625
19,56,13.96563743683174
19,57,17.072864852025667
19,58,19.563163094371205
20,1,13.27237360029758
20,2,10.472919631769884
20,3,8.558567112872696
20,4,5.731157187697834
20,5,5.824068469431177
20,6,6.797601481009886
20,7,8.856966327384129
20,8,12.162353284166034
20,9,14.235981468394028
20,10,18.047027104988448
20,11,19.80933284938247
20,12,23.10575640374315
20,13,22.124689975210504
20,14,18.35434391685762
20,15,17.03295170717063
20,16,14.163455297464013
20,17,10.673495540243247
20,18,7.253627994259458
20,19,3.7451639528924647
20,21,3.80509492275287
20,22,6.7165729675216035
20,23,10.426062195646413
20,24,11.30835484743408
20,25,10.40069953270569
20,26,12.306493513918195
20,27,9.985828961113915
20,28,7.175577436183014
20,29,10.312185404829515
20,30,11.147387961486555
20,31,7.779219061632
20,32,8.563148115526108
20,33,12.19448025694425
20,34,12.93317663827851
20,35,11.201284724668577
20,36,13.870809073561025
20,37,16.52643319535937
20,38,16.448395341253157
20,39,16.8934914477553
20,40,19.56507493763903
20,41,18.189867035744843
20,42,19.960927322719463
20,43,20.439416622311278
20,44,20.417500003591737
20,45,17.13313881964085
20,46,17.17191366568232
20,47,14.95838145802492
20,48,15.499979260358812
20,49,14.668981529305103
20,50,16.323532411296714
20,51,13.525400194773255
20,52,10.703820823849448
20,53,10.601117412804106
20,54,11.507830518693776
20,55,14.111949110388428
20,56,15.80281205412925
20,57,19.26985540495789
20,58,21.792601995337133
21,1,9.635191647110625
21,2,6.7361905591106135
21,3,5.490729773082565
21,4,4.288718318431716
21,5,6.172193127966251
21,6,8.850200996435786
21,7,11.554398548179995
21,8,15.030661173050053
21,9,17.44163531912999
21,10,21.225081057030273
21,11,23.13415768646741
21,12,26.55567551404929
21,13,25.773470228665175
21,14,22.024290275294565
21,15,20.602058700266298
21,16,17.6860259349434
21,17,14.056803317159682
21,18,10.879334028531261
21,19,7.173747596522067
21,20,3.80509492275287
21,22,3.783305639864715
21,23,7.248904141784601
21,24,9.01483156104503
21,25,9.259597231032986
21,26,11.484937067256816
21,27,9.018977902963876
21,28,7.1908186929154185
21,29,10.934891449101169
21,30,11.948992227026881
21,31,9.280066278475898
21,32,10.990076241278343
21,33,14.312235733634685
21,34,15.189930228126723
21,35,14.186801194665104
21,36,16.86324398530884
21,37,19.215282695170057
21,38,19.402437055988862
21,39,20.243413345512433
21,40,22.709140570459574
21,41,21.28925163832322
21,42,22.656208538298756
21,43,22.949743757184272
21,44,22.510533078382803
21,45,18.96700776208218
21,46,18.56095284507022
21,47,15.76642220759329
21,48,15.874222365150192
21,49,14.145855044417496
21,50,15.731938747356674
21,51,13.56780799294656
21,52,10.563349478758688
21,53,11.742713117716551
21,54,13.115635563735276
21,55,16.304975804459673
21,56,18.329497513358614
21,57,21.933648464376866
21,58,24.69527120064667
22,1,9.433979339647655
22,2,6.082518377415105
22,3,5.838055304700205
22,4,6.432874618283619
22,5,7.484902673557373
22,6,10.719527918682981
22,7,12.986773464858793
22,8,16.714815419728367
22,9,18.950078696849523
22,10,22.669970782830962
22,11,24.387756622008656
22,12,27.897956728296336
22,13,27.42910999502335
22,14,23.81860288159533
22,15,22.630651605128307
22,16,20.07554096180395
22,17,16.53015291078514
22,18,13.548205691603567
22,19,10.133398761513632
22,20,6.7165729675216035
22,21,3.783305639864715
22,23,3.788087239019263
22,24,5.7460861410661215
22,25,7.070506542334935
22,26,8.737557801615477
22,27,6.120950166183155
22,28,5.779047025812164
22,29,9.416541822891276
22,30,10.309496398641597
22,31,8.710653307524263
22,32,11.171505773929075
22,33,13.836915996647807
22,34,14.857165697878361
22,35,14.8099724222199
22,36,17.32437340469943
22,37,19.183247554108082
22,38,19.84798083196545
22,39,21.1947691988654
22,40,23.220986707318687
22,41,21.822473204065346
22,42,22.636120084874484
22,43,22.908944324685468
22,44,22.238506603074573
22,45,18.6105868994242
22,46,18.22182889518693
22,47,15.282126254757644
22,48,15.696475694331617
22,49,13.605924926455158
22,50,15.782713469712268
22,51,14.396988426879027
22,52,10.92976981748862
22,53,12.560700337187505
22,54,13.413360045302852
22,55,16.905804541897446
22,56,18.757345967281253
22,57,22.509138620365775
22,58,25.29688426775704
23,1,8.804405406693709
23,2,5.63657219270477
23,3,6.5416120581590285
23,4,8.735230196844268
23,5,9.837045965147288
23,6,13.418269828888539
23,7,15.705450112073365
23,8,19.392505406033752
23,9,21.74086273383004
23,10,25.327975107965536
23,11,27.107008409750584
23,12,30.70297826030962
23,13,30.53043952867025
23,14,27.00635847831045
23,15,25.76338565464474
23,16,23.30855013519531
23,17,19.750215568931715
23,18,17.03193953639916
23,19,13.663414876210998
23,20,10.426062195646413
23,21,7.248904141784601
23,22,3.788087239019263
23,24,3.8094937026991667
23,25,6.948558150839367
23,26,8.341449424232252
23,27,6.592821304124952
23,28,7.755460483269795
23,29,10.71872437969777
23,30,11.810266294568084
23,31,11.311997199181787
23,32,13.867748106901093
23,33,15.99662059465137
23,34,17.26611764592708
23,35,17.799303560845583
23,36,20.033153541517805
23,37,21.617119419790686
23,38,22.66596713159142
23,39,24.219222000486916
23,40,25.899550122818663
23,41,24.387564002492397
23,42,24.720054491260807
23,43,24.750412388434135
23,44,23.675302795272028
23,45,19.986984863768793
23,46,19.255484999979707
23,47,16.04745948621757
23,48,16.22708640275986
23,49,13.545357225158849
23,50,15.781229854345465
23,51,15.29940643224789
23,52,11.923129553818196
23,53,14.269521370053175
23,54,15.160483335365168
23,55,18.857298544568145
23,56,20.83242722064067
23,57,24.569207291111493
23,58,27.497361073204658
24,1,12.098012546751162
24,2,8.618040672964085
24,3,8.074643090387406
24,4,9.524590763136965
24,5,9.212125444111454
24,6,12.532152172020126
24,7,14.294204880132327
24,8,17.864232759521588
24,9,20.10981496276948
24,10,23.464051287375952
24,11,25.236403870505512
24,12,28.896938906334977
24,13,29.157619478891796
24,14,25.812483071875707
24,15,24.54354740525681
24,16,22.42500100397201
24,17,19.038957858459536
24,18,16.842038663787562
24,19,13.95432738930578
24,20,11.30835484743408
24,21,9.01483156104503
24,22,5.7460861410661215
24,23,3.8094937026991667
24,25,3.778289615599063
24,26,5.093300270378866
24,27,5.071511563597555
24,28,6.321618458360091
24,29,8.293625198112013
24,30,10.15598435229599
24,31,10.567735615783288
24,32,12.545024773552582
24,33,14.187736819425725
24,34,16.115663888034554
24,35,16.970093219664346
24,36,18.56627109039652
24,37,20.129178595936285
24,38,21.76971384206802
24,39,23.188932414881936
24,40,24.37880685155894
24,41,22.539974357468548
24,42,22.389525612226915
24,43,22.078286787677754
24,44,20.669713303591312
24,45,16.9957797251093
24,46,16.12460998619296
24,47,12.949226323364694
24,48,13.429556599994022
24,49,10.938594504372126
24,50,13.76755306584821
24,51,13.700127791534648
24,52,10.166104014825798
24,53,12.358907077984902
24,54,12.762830571201484
24,55,16.455912750283147
24,56,18.392717042678527
24,57,22.050454628715848
24,58,25.060614631407045
25,1,14.502188214778538
25,2,10.735546678859317
25,3,8.834276642966916
25,4,8.896051796206681
25,5,7.122332657984858
25,6,9.822801086514131
25,7,11.112130398455525
25,8,14.512448307188372
25,9,16.736202448918174
25,10,19.9421474259724
25,11,21.81834940913583
25,12,25.52567183372529
25,13,26.0274563298322
25,14,22.770472406967546
25,15,21.36521770243397
25,16,19.433930543485584
25,17,16.214809697813816
25,18,14.531382883968565
25,19,12.196718035794179
25,20,10.40069953270569
25,21,9.259597231032986
25,22,7.070506542334935
25,23,6.948558150839367
25,24,3.778289615599063
25,26,3.8119512544360656
25,27,5.258177180468848
25,28,4.5570060185889165
25,29,5.747711446172011
25,30,8.762782999852101
25,31,9.185279854498944
25,32,10.089205220452605
25,33,11.741999578580321
25,34,14.32223039898609
25,35,14.895447794586508
25,36,15.936808665895754
25,37,17.850620152937786
25,38,19.79147589252305
25,39,20.768090039050108
25,40,21.750460794571516
25,41,19.541161522566558
25,42,19.29933796927686
25,43,18.674566795308326
25,44,17.115162152330917
25,45,13.38245599626864
25,46,12.406701759718436
25,47,9.265862427710209
25,48,10.0998473110726
25,49,8.277144902072497
25,50,11.552921739631334
25,51,11.15709880062795
25,52,7.4652482231881585
25,53,9.029089408318645
25,54,9.065690029368486
25,55,12.740133173518753
25,56,14.781778690820923
25,57,18.381558748679286
25,58,21.5008177571633
26,1,16.896539857248463
26,2,13.288230576231449
26,3,12.077395330138483
26,4,12.158873695254082
26,5,10.256229260794614
26,6,12.407159422693264
26,7,12.768245606231078
26,8,16.147707142940533
26,9,17.64196874492015
26,10,20.698472158825126
26,11,21.986294799910574
26,12,25.537707960919732
26,13,26.115313854564693
26,14,23.110195189252845
26,15,22.27757793890206
26,16,20.861149228282102
26,17,17.987705017557015
26,18,16.23806711735821
26,19,14.28647326307025
26,20,12.306493513918195
26,21,11.484937067256816
26,22,8.737557801615477
26,23,8.341449424232252
26,24,5.093300270378866
26,25,3.8119512544360656
26,27,3.797720859331773
26,28,5.236014638331245
26,29,4.468129012133081
26,30,6.519513337620437
26,31,8.428794146907295
26,32,9.818710809444612
26,33,10.31844988796645
26,34,12.664438086666784
26,35,14.182170715317566
26,36,15.074252274352855
26,37,16.22602557394872
26,38,18.458172280876262
26,39,19.96398233516405
26,40,20.53674837295838
26,41,18.671460748600843
26,42,18.009936628110967
26,43,17.76595907091077
26,44,16.470568076241484
26,45,13.036136240305018
26,46,12.89106767769793
26,47,10.532062736139748
26,48,12.390625221438574
26,49,11.203588932791176
26,50,14.794053012173826
26,51,14.562475107767353
26,52,10.921596376780196
26,53,11.72276159594383
26,54,10.583600011548732
26,55,13.775501751263153
26,56,14.92413021290132
26,57,18.511978994759048
26,58,21.227580046932594
27,1,14.98902686252711
27,2,11.570714102915296
27,3,10.923941975435653
27,4,10.9364715808067
27,5,9.751478150727683
27,6,12.101624624969809
27,7,12.77662272380597
27,8,16.478440323049288
27,9,17.89623546181541
27,10,21.301628370514038
27,11,22.427568050000858
27,12,25.881597463633167
27,13,25.902978309124265
27,14,22.699155426043177
27,15,22.085030454191614
27,16,20.41521499172495
27,17,17.395027055532648
27,18,14.954968508668106
27,19,12.630038783044856
27,20,9.985828961113915
27,21,9.018977902963876
27,22,6.120950166183155
27,23,6.592821304124952
27,24,5.071511563597555
27,25,5.258177180468848
27,26,3.797720859331773
27,28,3.7883030004201856
27,29,5.01499343883513
27,30,5.36415677688844
27,31,6.191618228352556
27,32,8.85618065481815
27,33,9.981393173832897
27,34,11.356192620465938
27,35,12.699022931381824
27,36,14.505623264747173
27,37,15.583009820310002
27,38,17.117781303815075
27,39,18.950302041968285
27,40,20.11160814009679
27,41,18.75862359377022
27,42,18.75799715476726
27,43,19.149876789801567
27,44,18.49094101312518
27,45,15.096692361986225
27,46,15.384938004244297
27,47,13.085259026417557
27,48,14.788442999890798
27,49,13.458439105070829
27,50,16.710869863950318
27,51,15.839488391364945
27,52,12.01631098958237
27,53,12.766253157722046
27,54,11.943708614155623
27,55,15.142899408554685
27,56,16.13556161416714
27,57,19.893114461554656
27,58,22.388591584821096
28,1,14.96117715969314
28,2,11.306667844504894
28,3,9.55200098130408
28,4,8.386723681714235
28,5,6.4173362687823365
28,6,8.35409164448989
28,7,9.09803324907587
28,8,12.855788214912943
28,9,14.54785755561565
28,10,18.078099088951838
28,11,19.53180909336989
28,12,23.088280776262298
28,13,23.062004646014515
28,14,19.693636693145834
28,15,18.729127683959753
28,16,16.83559447268279
28,17,13.702344723397713
28,18,11.404390165348785
28,19,9.204989705791874
28,20,7.175577436183014
28,21,7.1908186929154185
28,22,5.779047025812164
28,23,7.755460483269795
28,24,6.321618458360091
28,25,4.5570060185889165
28,26,5.236014638331245
28,27,3.7883030004201856
28,29,3.7917446045546885
28,30,5.693412753731093
28,31,4.797584626841832
28,32,6.297108162138703
28,33,8.552003049527029
28,34,10.490091337916638
28,35,10.775790166307239
28,36,12.473849700306678
28,37,14.394240981241134
28,38,15.81144155468251
28,39,16.968763887394406
28,40,18.40722318077774
28,41,16.667936285143938
28,42,17.083289927935624
28,43,17.232735449455596
28,44,16.584871592984513
28,45,13.039656113945133
28,46,13.157425547079443
28,47,10.814459310196968
28,48,12.378148862223176
28,49,11.485116702269535
28,50,14.516215773446481
28,51,12.982669685944172
28,52,9.210973903078637
28,53,9.413444301052849
28,54,8.79678353586238
28,55,12.052658666292254
28,56,13.419390978221388
28,57,17.213894361434225
28,58,19.910953206429703
29,1,18.553905645901903
29,2,14.85487696883165
29,3,13.007704915849358
29,4,11.749009764099686
29,5,9.012368225158793
29,6,9.92317439103874
29,7,9.287657615441578
29,8,12.61524093724466
29,9,13.61180462735045
29,10,16.746825788920972
29,11,17.804774311692658
29,12,21.30396307126846
29,13,21.71420145390836
29,14,18.709259645494917
29,15,18.08548597089155
29,16,16.906114152027467
29,17,14.332970251263465
29,18,12.730010414264584
29,19,11.532460826943307
29,20,10.312185404829515
29,21,10.934891449101169
29,22,9.416541822891276
29,23,10.71872437969777
29,24,8.293625198112013
29,25,5.747711446172011
29,26,4.468129012133081
29,27,5.01499343883513
29,28,3.7917446045546885
29,30,3.8323832491045122
29,31,5.189817134460192
29,32,5.496204462372678
29,33,6.10871970153313
29,34,8.851496355848672
29,35,9.960093184717813
29,36,10.676848135441993
29,37,12.194312679712322
29,38,14.389211030255284
29,39,15.599061919774618
29,40,16.297018326482682
29,41,14.394553874270951
29,42,14.148504022742442
29,43,14.221165379922125
29,44,13.529651485479741
29,45,10.163920059528111
29,46,10.885193053500855
29,47,9.313981636739717
29,48,11.896413790389442
29,49,11.857456009898318
29,50,15.341136641592025
29,51,14.12821932213365
29,52,10.558828767469272
29,53,9.926276488149771
29,54,7.900641246382129
29,55,10.587851559240171
29,56,11.219132638871645
29,57,14.93809094735129
29,58,17.444271580530827
30,1,19.690885505289952
30,2,16.268190586655635
30,3,15.082641568415566
30,4,13.911819664364357
30,5,11.703556401783953
30,6,12.491472886528783
30,7,11.567842948223426
30,8,14.835942461689582
30,9,15.12817223973027
