1,2,3.8125576677263604
1,3,7.263476305582356
1,4,7.797068253457948
1,5,5.836400291797309
1,6,8.524728414864278
1,7,10.628721087889863
1,8,8.483795051957166
1,9,7.622359865855167
1,10,11.289720626155606
1,11,12.47484185624732
1,12,11.336102846413016
1,13,12.853446143313672
1,14,15.910549666144949
1,15,16.218551039356683
1,16,16.108605310209146
1,17,18.797712605788124
1,18,20.793243807214044
1,19,20.90708402072454
1,20,22.105857307034483
1,21,24.51978167713952
1,22,25.877410211147346
1,23,26.451710492036575
1,24,27.957529091476662
1,25,30.801777002954537
1,26,31.487603359618525
1,27,32.301900294989146
1,28,33.92320319542229
1,29,32.61338923917902
1,30,29.012002042036457
1,31,29.298633641542004
1,32,25.749359264416732
1,33,24.607417261803743
1,34,27.34834444469584
1,35,26.246030242423867
1,36,22.62619878649552
1,37,23.92284606557889
1,38,26.471840920498828
1,39,23.960471864719448
1,40,21.79736627351187
1,41,25.084669773536685
1,42,26.385889537330108
1,43,23.380842203936524
1,44,22.328859180080713
1,45,26.022803612613803
1,46,25.62769400382934
1,47,27.169387536256316
1,48,26.504130613120864
1,49,24.232761183869634
1,50,24.77144104090799
1,51,24.51997467815416
1,52,26.546721567597785
1,53,29.264271945535583
1,54,32.02189685445301
1,55,30.71933343540946
1,56,31.290264904399077
1,57,34.848889225955844
1,58,33.95076998268186
1,59,31.31486043203368
1,60,34.17578674067088
1,61,36.64309491813409
1,62,34.51830820514395
1,63,34.43075508164451
1,64,30.6402685661443
1,65,30.751499787632557
1,66,32.336393143684305
1,67,34.45289514550257
1,68,37.84090479768375
1,69,39.71140981286058
1,70,42.14043409923244
1,71,40.04208503772943
1,72,39.59213009821511
1,73,36.33903896262226
1,74,34.840635191828795
1,75,36.31643640372182
1,76,33.80906571655024
1,77,30.409457933019088
1,78,27.295092934392162
1,79,25.161408638888176
1,80,21.90321096397178
1,81,19.826367158678853
1,82,21.268380841393633
1,83,20.670259089272584
1,84,16.978718086495554
1,85,16.800074772017872
1,86,18.905601413958124
1,87,16.732482770894016
1,88,13.509487266392512
1,89,15.849652313877858
1,90,18.40072987356558
1,91,21.533292514703934
1,92,22.92656593037771
2,1,3.8125576677263604
2,3,3.7887733314056433
2,4,5.767675324045933
2,5,5.290208717024329
2,6,6.947211266915417
2,7,10.141603741889382
2,8,9.332962381022682
2,9,7.948386406272125
2,10,10.925889913007266
2,11,13.114579027146858
2,12,12.612109961029025
2,13,13.259170390436694
2,14,16.270052964534475
2,15,17.420850006473827
2,16,17.25280993860209
2,17,19.339078972539934
2,18,21.716468206846855
2,19,22.314267625342232
2,20,23.1066980536735
2,21,25.253248470668197
2,22,27.076205558668715
2,23,27.788726391922097
2,24,28.837002802636377
2,25,31.69035047647062
2,26,32.801166457708916
2,27,33.66105368154331
2,28,35.04906966570183
2,29,33.92687012381116
2,30,30.235180640652725
2,31,30.114718959285945
2,32,26.546303739147707
2,33,25.452642067131503
2,34,27.80121942536767
2,35,26.376586589467834
2,36,22.78880603143131
2,37,23.94799829889878
2,38,26.097665649337447
2,39,23.298291137874163
2,40,21.09186286308988
2,41,24.223496997659385
2,42,25.15087495163045
2,43,21.855527822388435
2,44,20.76016031155861
2,45,24.47023143268696
2,46,24.50735161007326
2,47,26.527501266392495
2,48,26.334474330218445
2,49,24.34438274497615
2,50,24.799004964304622
2,51,25.1253896069635
2,52,27.267863716378972
2,53,29.612295563539675
2,54,32.63937011501025
2,55,31.324301972150657
2,56,31.435759099456515
2,57,35.01059380401376
2,58,34.40624522624914
2,59,31.513015302193967
2,60,34.06440461812693
2,61,36.79577590921686
2,62,34.747620715482036
2,63,34.245314779931675
2,64,30.45230420329774
2,65,30.150987163613237
2,66,31.398506817498525
2,67,33.28389624739492
2,68,36.77902442356569
2,69,38.58190614855745
2,70,40.760924167913316
2,71,38.40845433825647
2,72,37.95588807914674
2,73,34.5355890340044
2,74,33.354849896432505
2,75,35.072203796299775
2,76,32.51091911261091
2,77,29.171305160537425
2,78,26.12815016470393
2,79,24.457646754603466
2,80,21.196165386616197
2,81,19.291177123925912
2,82,20.115748336172654
2,83,19.18514949014268
2,84,15.740211011715644
2,85,15.304929884740451
2,86,16.774240221811635
2,87,14.466127468839169
2,88,11.181414392600274
2,89,13.19642006402159
2,90,15.278067280748811
2,91,18.660818388351288
2,92,20.474129966549384
3,1,7.263476305582356
3,2,3.7887733314056433
3,4,3.8000126536374546
3,5,5.252685422292499
3,6,5.531660756666009
3,7,9.18586209904804
3,8,9.861461078859069
3,9,8.884878522869855
3,10,10.811676782894397
3,11,13.467435871951364
3,12,13.935173927238448
3,13,14.199165608128434
3,14,16.69862143884692
3,15,18.50230963526715
3,16,18.723061162217174
3,17,20.23492185540934
3,18,22.614625658434413
3,19,23.795236564444405
3,20,24.509526524994072
3,21,26.200948973598948
3,22,28.265831140440262
3,23,29.339001340532924
3,24,30.091831368174283
3,25,32.74423160727747
3,26,34.15402873239592
3,27,35.266668721307305
3,28,36.6317002566434
3,29,35.833916416082324
3,30,32.06754081254568
3,31,31.783506775090565
3,32,28.332249537398162
3,33,27.021156404099763
3,34,28.993272785847573
3,35,27.550326115449508
3,36,23.961333085554315
3,37,24.685733978450223
3,38,26.58783320561917
3,39,23.771803547764723
3,40,21.294878562886662
3,41,24.04635681747201
3,42,24.853858305673196
3,43,21.44772869668382
3,44,19.966534774672223
3,45,23.505713479896443
3,46,23.718145989270468
3,47,26.099577444967363
3,48,26.16319055095899
3,49,24.247060849306497
3,50,24.321844359894392
3,51,25.09554056714598
3,52,27.52081789919198
3,53,29.47481847772852
3,54,32.76324862661825
3,55,31.680163429951346
3,56,31.42711114716327
3,57,35.05411757239421
3,58,34.854233624044234
3,59,31.875813899840978
3,60,34.14939515473719
3,61,37.14488872466251
3,62,35.36224857515467
3,63,34.57174997112684
3,64,30.82097794341191
3,65,30.049549758356328
3,66,31.142261293480534
3,67,32.637762698236784
3,68,36.115305590019275
3,69,37.65861590257891
3,70,39.6743324159447
3,71,37.06628850223112
3,72,36.400144127896425
3,73,32.882586953785015
3,74,32.08159691490272
3,75,33.82613869248347
3,76,31.071564218423255
3,77,27.937136646535063
3,78,24.84021294960494
3,79,23.637743640511125
3,80,20.62997221815666
3,81,18.617577766674454
3,82,18.733594349849046
3,83,17.885204663141764
3,84,14.840597452701118
3,85,13.708012807530084
3,86,14.680377198381674
3,87,12.776742561912238
3,88,9.290312968412508
3,89,10.39116221967823
3,90,12.13442114527971
3,91,15.622022738542077
3,92,17.83354865256689
4,1,7.797068253457948
4,2,5.767675324045933
4,3,3.8000126536374546
4,5,3.8122585183426976
4,6,5.523953293539477
4,7,8.089599005556138
4,8,8.929727666064473
4,9,9.502414034516212
4,10,11.466303548375649
4,11,13.299203916389937
4,12,14.346002163458213
4,13,15.431127690727743
4,14,17.445577364101133
4,15,18.93719783941289
4,16,19.829337056869704
4,17,21.529445657083993
4,18,23.385682469766422
4,19,24.677066200400997
4,20,25.91620713413097
4,21,27.439645294546665
4,22,29.151322797313654
4,23,30.530659153441377
4,24,31.592510344516544
4,25,33.999581810933584
4,26,35.17400450229189
4,27,36.57244824732842
4,28,38.267810126474316
4,29,37.583087432607826
4,30,33.813775614941875
4,31,33.8897594904989
4,32,30.53338422133456
4,33,28.900415747677677
4,34,31.00638949399344
4,35,29.94224851922795
4,36,26.233179297512777
4,37,26.665831420721094
4,38,28.868477314820762
4,39,26.353928714359338
4,40,23.573071879801432
4,41,26.15681813651499
4,42,27.361032130479312
4,43,24.151971235760534
4,44,22.25612078909156
4,45,25.622632556370327
4,46,25.4044440197064
4,47,27.57523233571551
4,48,27.23633435016937
4,49,24.89780625748937
4,50,24.474104281180974
4,51,24.948177181146644
4,52,27.725369064516986
4,53,29.741355580212232
4,54,33.0369529619018
4,55,32.34659294020014
4,56,32.30969469253592
4,57,36.04104487848015
4,58,35.96149247110575
4,59,33.23588204793395
4,60,35.63561296799689
4,61,38.62272712235585
4,62,37.06588300686639
4,63,36.50439333348312
4,64,32.762584917948075
4,65,31.97794668134903
4,66,33.37767410833527
4,67,34.720217149695344
4,68,38.04586385988769
4,69,39.336515122101986
4,70,41.51782002635782
4,71,38.91499839727623
4,72,37.928178020028554
4,73,34.51017766194761
4,74,33.764449639118546
4,75,35.169535512050714
4,76,32.16979330128544
4,77,29.223971574871616
4,78,25.86616039034294
4,79,24.56445175910698
4,80,21.87657108437679
4,81,19.310440216334715
4,82,19.4190304762601
4,83,19.301445769004072
4,84,16.28977222653392
4,85,14.500054200189378
4,86,15.974070732257184
4,87,14.850886875212636
4,88,11.088655923419607
4,89,11.496475422584544
4,90,13.612724626844502
4,91,16.755412592221013
4,92,18.868652867600083
5,1,5.836400291797309
5,2,5.290208717024329
5,3,5.252685422292499
5,4,3.8122585183426976
5,6,3.828007851503006
5,7,5.679327014604363
5,8,5.326870139005624
5,9,6.1278968500134745
5,10,8.617768926440167
5,11,9.946023520878539
5,12,10.723618668284312
5,13,12.253567050078424
5,14,14.296774608654067
5,15,15.398846380784205
5,16,16.387303279273606
5,17,18.359319656974584
5,18,20.015915525973263
5,19,21.13227444468633
5,20,22.594131699010717
5,21,24.20836358378941
5,22,25.69707529363173
5,23,27.062886650902325
5,24,28.344124766009266
5,25,30.721282836897032
5,26,31.700085948378614
5,27,33.12244455001953
5,28,34.965283785458325
5,29,34.2705658902915
5,30,30.525005186490738
5,31,30.84936707687176
5,32,27.55557898168066
5,33,25.765607496410983
5,34,28.057061740515433
5,35,27.266404081113045
5,36,23.49236755994459
5,37,23.904207893617244
5,38,26.418802733854594
5,39,24.156575864733128
5,40,21.307348011635035
5,41,24.013248351710164
5,42,25.584217723055843
5,43,22.631863062659736
5,44,20.71693633621134
5,45,24.11488662929734
5,46,23.491401243533037
5,47,25.267941953041984
5,48,24.57832086076138
5,49,22.055248105946657
5,50,21.804528498416225
5,51,21.921843155612287
5,52,24.570662305053318
5,53,26.8538569318069
5,54,29.984103400897936
5,55,29.231670545292232
5,56,29.48111386994973
5,57,33.212268579079606
5,58,32.925370679802185
5,59,30.344535986756515
5,60,32.968032407080585
5,61,35.78623451452881
5,62,34.18704230594606
5,63,33.90914391651613
5,64,30.153718781492532
5,65,29.66157434078485
5,66,31.361777957643127
5,67,32.91162917519657
5,68,36.160013211822644
5,69,37.54121743164808
5,70,39.965613072896595
5,71,37.62048618529074
5,72,36.686772975819885
5,73,33.42398001752165
5,74,32.30257076066649
5,75,33.52048572882207
5,76,30.615492381575855
5,77,27.53468818774064
5,78,24.12732739660407
5,79,22.360140999877302
5,80,19.578334965880984
5,81,16.903889999258407
5,82,17.66155447556471
5,83,17.723066684559335
5,84,14.359869020003147
5,85,12.99519670667927
5,86,15.214079877431193
5,87,14.016294693621576
5,88,10.308438378686459
5,89,11.655495215134785
5,90,14.53594820161396
5,91,17.34945443934483
5,92,18.76688386254304
6,1,8.524728414864278
6,2,6.947211266915417
6,3,5.531660756666009
6,4,5.523953293539477
6,5,3.828007851503006
6,7,3.8097334439787436
6,8,5.459078676661017
6,9,5.232952783216497
6,10,6.084154022908194
6,11,8.436264071321181
6,12,9.916088291396884
6,13,10.476328009275521
6,14,12.141573562345558
6,15,14.086594157526992
6,16,15.11262694346479
6,17,16.369738267721115
6,18,18.23579031400296
6,19,19.888845158821127
6,20,21.020285009724823
6,21,22.230554285211042
6,22,24.097578587334656
6,23,25.68361086091413
6,24,26.5417287521087
6,25,28.799938861057253
6,26,30.162358172131434
6,27,31.714706920190856
6,28,33.41213523322466
6,29,33.03089704568308
6,30,29.227593012988365
6,31,29.304252675979118
6,32,26.14779308324464
6,33,24.19549747597849
6,34,26.073626611493815
6,35,25.2421485125989
6,36,21.505259455161138
6,37,21.5460993620748
6,38,23.81767994590872
6,39,21.581573808522503
6,40,18.529889066080248
6,41,20.94831281990537
6,42,22.46681073063443
6,43,19.527304029805038
6,44,17.337441772825283
6,45,20.61855361878675
6,46,20.087942815146004
6,47,22.111026693470777
6,48,21.713769284566865
6,49,19.423941249884283
6,50,19.139818386128415
6,51,19.805889349361717
6,52,22.465646482871232
6,53,24.382241143836588
6,54,27.71330023435062
6,55,26.94900960227412
6,56,26.806962128873522
6,57,30.53210195669148
6,58,30.51856148767142
6,59,27.785325108641228
6,60,30.153892523274273
6,61,33.17019071018344
6,62,31.728331291668
6,63,31.17950817582398
6,64,27.4659413258396
6,65,26.63778893546702
6,66,28.21899350306524
6,67,29.546515520477303
6,68,32.78949987370334
6,69,34.06732967231062
6,70,36.39972381011227
6,71,33.95722970324622
6,72,32.97905498506036
6,73,29.677564668842194
6,74,28.675025350658146
6,75,29.95555290838979
6,76,27.022997779185747
6,77,23.978962394593637
6,78,20.602584845886987
6,79,19.10882016519291
6,80,16.387841039340476
6,81,13.81969431511883
6,82,14.16716945433758
6,83,14.100217595625763
6,84,10.930344393816949
6,85,9.329921507212758
6,86,11.389246274987338
6,87,10.367293573702854
6,88,6.634252093861307
6,89,8.005449518263863
6,90,11.165528369927896
6,91,13.760566049437685
6,92,14.99271292409623
7,1,10.628721087889863
7,2,10.141603741889382
7,3,9.18586209904804
7,4,8.089599005556138
7,5,5.679327014604363
7,6,3.8097334439787436
7,8,3.7983908033189597
7,9,5.612712893317749
7,10,5.3334117685745985
7,11,6.1006054668863685
7,12,8.724466156977572
7,13,10.016515328574213
7,14,10.625620207274876
7,15,12.289478079891586
7,16,14.210788167001661
7,17,15.392435347399593
7,18,16.526193037953902
7,19,18.460411761520316
7,20,20.117422617354507
7,21,20.940651005081094
7,22,22.425267760700585
7,23,24.4362597090108
7,24,25.527400319160837
7,25,27.398311498893385
7,26,28.565314446101663
7,27,30.48784693726608
7,28,32.52448950995939
7,29,32.41791211484132
7,30,28.657684599941174
7,31,29.127205745924577
7,32,26.23850630195403
7,33,23.83087855683924
7,34,25.70853516590604
7,35,25.43176889725155
7,36,21.666093796652337
7,37,21.204526153428365
7,38,23.79811058716218
7,39,22.105853826510796
7,40,18.735537134154043
7,41,20.817362369256948
7,42,22.89676955633635
7,43,20.42397833880177
7,44,17.796468857821438
7,45,20.716834710836505
7,46,19.51988401146815
7,47,21.096014217848015
7,48,20.15726160512211
7,49,17.412278759869228
7,50,16.62519744091395
7,51,16.960259152371453
7,52,19.93607617675428
7,53,21.889005842139376
7,54,25.1932460466746
7,55,24.832814491136705
7,56,24.922847151486437
7,57,28.714799995066734
7,58,28.83598201204454
7,59,26.433288071604423
7,60,28.9198899271907
7,61,31.876898694904344
7,62,30.74286088277202
7,63,30.488193461994516
7,64,26.862056150517716
7,65,26.062012935228633
7,66,28.062719281888043
7,67,29.23786598697782
7,68,32.22126762657442
7,69,33.23496667863911
7,70,35.82212309745524
7,71,33.53846328180403
7,72,32.26627969258944
7,73,29.202150874045806
7,74,28.078561987015718
7,75,28.888669389316565
7,76,25.796269555779784
7,77,22.939886234763662
7,78,19.34016005078855
7,79,17.571823204671155
7,80,15.302794655866554
7,81,12.131380279978986
7,82,12.74945717265118
7,83,13.660651378157718
7,84,10.658089780317088
7,85,8.606909509131016
7,86,11.563488232393722
7,87,11.536262741167159
7,88,8.267477292497805
7,89,9.238209082386161
7,90,12.847811033655338
7,91,14.599386575493686
7,92,15.07974748112298
8,1,8.483795051957166
8,2,9.332962381022682
8,3,9.861461078859069
8,4,8.929727666064473
8,5,5.326870139005624
8,6,5.459078676661017
8,7,3.7983908033189597
8,9,3.8030469014204185
8,10,5.530328084724584
8,11,5.052891111594676
8,12,6.325250731553658
8,13,8.7422501104671
8,14,10.002406207345413
8,15,10.59407719062286
8,16,12.31478456560019
8,17,14.346397702360987
8,18,15.3595410068717
8,19,16.597393393842005
8,20,18.546133342770897
8,21,19.89744910550207
8,22,21.01262360118275
8,23,22.690659637787633
8,24,24.219677609579477
8,25,26.291060661886995
8,26,27.059972038911173
8,27,28.771798935339206
8,28,30.926508964005066
8,29,30.49536756575862
8,30,26.789888349564603
8,31,27.53558960360422
8,32,24.541004086823623
8,33,22.251957500881343
8,34,24.595200969413025
8,35,24.426933544990693
8,36,20.618810448035
8,37,20.57965221118168
8,38,23.51950241042027
8,39,21.884586426894916
8,40,18.766831833256443
8,41,21.27622340919874
8,42,23.504864939200488
8,43,21.14099055044877
8,44,18.936240942709837
8,45,22.053505942304888
8,46,20.68446154079364
8,47,21.81962493479521
8,48,20.52868998202562
8,49,17.637673343095347
8,50,17.339027114684445
8,51,16.97460021971034
8,52,19.61287276003203
8,53,22.12176366086871
8,54,25.082263136564848
8,55,24.475471581442754
8,56,25.06456894535364
8,57,28.807597113017106
8,58,28.44800978999895
8,59,26.178621428180232
8,60,29.021552201517874
8,61,31.669320402391957
8,62,30.254056269826624
8,63,30.363639450853334
8,64,26.68278028014027
8,65,26.424235263199993
8,66,28.620466771897917
8,67,30.218393500548387
8,68,33.21337338985089
8,69,34.50400422251722
8,70,37.26442861468897
8,71,35.2555182288286
8,72,34.21917379536604
8,73,31.26412285279944
8,74,29.745511576909827
8,75,30.52745130482612
8,76,27.67296057232797
8,77,24.604731814002918
8,78,21.111824308529872
8,79,18.790000372324197
8,80,16.218220591672324
8,81,13.223644965309564
8,82,14.788292567833283
8,83,15.486830885788065
8,84,12.032682576037402
8,85,11.034470938461467
8,86,14.246559136443144
8,87,13.56050630460254
8,88,10.452505173588783
8,89,12.355981317619488
8,90,15.93677597516624
8,91,17.902869792086186
8,92,18.229090968845615
9,1,7.622359865855167
9,2,7.948386406272125
9,3,8.884878522869855
9,4,9.502414034516212
9,5,6.1278968500134745
9,6,5.232952783216497
9,7,5.612712893317749
9,8,3.8030469014204185
9,10,3.79292790757797
9,11,5.322169886611411
9,12,5.059921912473309
9,13,6.155480261920443
9,14,8.587467548052237
9,15,9.71035680211859
9,16,10.331940951131779
9,17,12.283960074256756
9,18,14.141372935304675
9,19,15.200466422990969
9,20,16.482171642608517
9,21,18.153870941467407
9,22,19.75961456080762
9,23,21.031753236259362
9,24,22.222294051015187
9,25,24.66458750898523
9,26,25.721997492463686
9,27,27.079049858426355
9,28,28.867014474790412
9,29,28.274940093813054
9,30,24.507361085427394
9,31,24.862955263134882
9,32,21.684447638310363
9,33,19.707330724740004
9,34,21.994146554075293
9,35,21.407943593194716
9,36,17.603457393514248
9,37,17.943553830819162
9,38,20.677648324863803
9,39,18.697129269342465
9,40,15.822361924681875
9,41,18.67030711631868
9,42,20.57915722061739
9,43,18.0190043503045
9,44,16.233293842276357
9,45,19.631411211558042
9,46,18.65721210444411
9,47,20.002441547036828
9,48,19.154017330095932
9,49,16.767358854686112
9,50,17.201435841898604
9,51,17.243161031205496
9,52,19.372552694883908
9,53,21.840845215002112
9,54,24.793206841578336
9,55,23.64698051683403
9,56,23.99494876897113
9,57,27.64584093921541
9,58,27.09555073971161
9,59,24.486731242207853
9,60,27.251990734632717
9,61,29.916907771839437
9,62,28.188819669878157
9,63,28.06890089975903
9,64,24.30726034485088
9,65,24.124232857911434
9,66,26.050632901326548
9,67,27.89385124618346
9,68,31.08602745861022
9,69,32.69615546977557
9,70,35.32040213788574
9,71,33.3277213878318
9,72,32.65114277891995
9,73,29.58588643033402
9,74,27.939308145616035
9,75,29.096284267442954
9,76,26.51771537375406
9,77,23.177285676201464
9,78,19.952708649921277
9,79,17.653599367183396
9,80,14.557530926729283
9,81,12.24711977765463
9,82,13.962231944046481
9,83,13.753055946073523
9,84,10.00826627182627
9,85,10.011559704333974
9,86,12.840021609910655
9,87,11.266937691901704
9,88,8.481964481302818
9,89,11.345367874712535
9,90,14.720818554901546
9,91,16.91419192063438
9,92,17.246383734362283
10,1,11.289720626155606
10,2,10.925889913007266
10,3,10.811676782894397
10,4,11.466303548375649
10,5,8.617768926440167
10,6,6.084154022908194
10,7,5.3334117685745985
10,8,5.530328084724584
10,9,3.79292790757797
10,11,3.799025049518201
10,12,5.326202016418178
10,13,4.970985368143822
10,14,6.070477096344449
10,15,8.433955250691877
10,16,9.576308408651864
10,17,10.416959282359265
10,18,12.212766869996367
10,19,14.129028673427756
10,20,15.231196406719897
10,21,16.19342114091791
10,22,18.10115357339477
10,23,19.84029159060133
10,24,20.625079192768904
10,25,22.751215854021932
10,26,24.17348487358243
10,27,25.846632201828687
10,28,27.616398544564763
10,29,27.501291268643566
10,30,23.706450764340293
10,31,23.947616125304247
10,32,21.0705321692975
10,33,18.704744330461335
10,34,20.479964061001514
10,35,20.10317755171326
10,36,16.344506727144893
10,37,15.96151755424852
10,38,18.569022179647998
10,39,16.88112884389924
10,40,13.572589197358507
10,41,15.925330344862635
10,42,18.07458866229654
10,43,15.758849097468133
10,44,13.41902764243687
10,45,16.535534045508854
10,46,15.315033769959971
10,47,16.743321773450287
10,48,15.976952195694546
10,49,13.633911079393913
10,50,13.874003573241236
10,51,14.445226322160769
10,52,16.712097545585408
10,53,18.784953285104795
10,54,21.979503255102575
10,55,20.97870479826001
10,56,20.969562150117948
10,57,24.675743003306327
10,58,24.49591161099525
10,59,21.83420473248945
10,60,24.37828331507499
10,61,27.26503240023886
10,62,25.84574969450664
10,63,25.541450500246786
10,64,21.84257807356985
10,65,21.275661143139764
10,66,23.27492289989115
10,67,24.813174605432277
10,68,27.90619690078656
10,69,29.30074028434603
10,70,31.947686631682025
10,71,29.911120862971018
10,72,29.065123593755224
10,73,26.050792134492646
10,74,24.456317308534324
10,75,25.487056502484013
10,76,22.806171263630763
10,77,19.542166609838915
10,78,16.23027733817237
10,79,14.034622533680327
10,80,11.102627687545073
10,81,8.594114442487031
10,82,10.175240792637032
10,83,10.211782609213062
10,84,6.587157489852061
10,85,6.500010578637051
10,86,9.695012264433265
10,87,8.756585586923084
10,88,6.614479373428846
10,89,9.3753972264608
10,90,12.951754135232804
10,91,14.4459991707473
10,92,14.157581265627574
11,1,12.47484185624732
11,2,13.114579027146858
11,3,13.467435871951364
11,4,13.299203916389937
11,5,9.946023520878539
11,6,8.436264071321181
11,7,6.1006054668863685
11,8,5.052891111594676
11,9,5.322169886611411
11,10,3.799025049518201
11,12,3.7962052018044954
11,13,5.567075156414359
11,14,5.2761336207161715
11,15,6.221334097445861
11,16,8.639432476864249
11,17,9.976501148805937
11,18,10.62336906205552
11,19,12.453046065168264
11,20,14.432760278395113
11,21,15.253993139029857
11,22,16.432741688055398
11,23,18.48332990889792
11,24,19.823312367118415
11,25,21.614668285257764
11,26,22.559554404115392
11,27,24.530619570274958
11,28,26.748134382566725
11,29,26.7303567600737
11,30,23.03558479114733
11,31,23.868386542227753
11,32,21.239007308562897
11,33,18.493231851710455
11,34,20.5360819479805
11,35,20.81731609198322
11,36,17.093127486995648
11,37,16.435253654019668
11,38,19.52820971340419
11,39,18.465667642119218
11,40,15.117452321328503
11,41,17.254965254681398
11,42,19.957994072447317
11,43,18.190449413535543
11,44,15.760058174153299
11,45,18.48606835674042
11,46,16.562867053464554
11,47,17.220166173707813
11,48,15.618629217118157
11,49,12.623624036119756
11,50,12.528229945455275
11,51,12.176004685332172
11,52,14.653844869250134
11,53,17.151911408199172
11,54,20.112150881858728
11,55,19.449060888602194
11,56,20.02712732337589
11,57,23.7701276311618
11,58,23.466190157225718
11,59,21.279686388936312
11,60,24.144084776811706
11,61,26.771750374808224
11,62,25.54002185242577
11,63,25.762604573502962
11,64,22.173030662128394
11,65,21.94440776109364
11,66,24.44018039521465
11,67,26.003635063528773
11,68,28.799019235278234
11,69,30.037594772939
11,70,32.98741968529528
11,71,31.239449619243583
11,72,30.209317609867345
11,73,27.506393691069892
11,74,25.667704833516623
11,75,26.191927605573976
11,76,23.485118821739157
11,77,20.392887781050014
11,78,16.973772679948297
11,79,14.247154348067097
11,80,11.819881296955451
11,81,8.790457816903888
11,82,11.150101404055786
11,83,12.169287677873715
11,84,8.936017020991615
11,85,8.744787151860296
11,86,12.419706846509797
11,87,12.15142238117671
11,88,10.236964471124685
11,89,12.507572459028351
11,90,16.222536807864863
11,91,17.333724384816616
11,92,16.614112162964997
12,1,11.336102846413016
12,2,12.612109961029025
12,3,13.935173927238448
12,4,14.346002163458213
12,5,10.723618668284312
12,6,9.916088291396884
12,7,8.724466156977572
12,8,6.325250731553658
12,9,5.059921912473309
12,10,5.326202016418178
12,11,3.7962052018044954
12,13,3.796245435479979
12,14,5.3871534540794155
12,15,4.921127396568193
12,16,6.030063397225746
12,17,8.557908019523046
12,18,9.68234725737151
12,19,10.433982293906512
12,20,12.305755077983118
12,21,13.990619805703915
12,22,15.083139907129553
12,23,16.45677430492185
12,24,18.05962895249329
12,25,20.318776106608638
12,26,21.029145353684726
12,27,22.534292569499364
12,28,24.638422189955637
12,29,24.175491577741674
12,30,20.47866685102202
12,31,21.361405460752533
12,32,18.497991376154523
12,33,16.05983716510144
12,34,18.583276663136754
12,35,18.718314805680446
12,36,14.97045358473126
12,37,15.02416636448307
12,38,18.310767565959637
12,39,17.10866339037642
12,40,14.247366522153023
12,41,16.965983504621708
12,42,19.53243956399035
12,43,17.77330307289567
12,44,16.048316767655454
12,45,19.040867006983067
12,46,17.307742937129255
12,47,17.70916491904228
12,48,16.131890926021928
12,49,13.47313694082696
12,50,14.330687301774162
12,51,13.616077305011753
12,52,15.283873275647567
12,53,18.21118082342588
12,54,20.75578706152576
12,55,19.508415331179435
12,56,20.40519995997479
12,57,23.97460809233517
12,58,23.084008416338406
12,59,20.83012041215921
12,60,23.95260573828936
12,61,26.269464721754222
12,62,24.56603149546608
12,63,24.99138121672299
12,64,21.329697786264788
12,65,21.675341646350688
12,66,24.133823327531232
12,67,26.20339510720717
12,68,29.106010316396002
12,69,30.762929687264396
12,70,33.72958783035336
12,71,32.21164188359536
12,72,31.591752455182718
12,73,28.9198083582508
12,74,26.75011951383593
12,75,27.490116379768462
12,76,25.171369939549415
12,77,21.81805175416978
12,78,18.73972508373575
12,79,15.72571684612491
12,80,12.81471940485658
12,81,10.645677591695975
12,82,13.533541017052022
12,83,13.761932668469083
12,84,10.243359384292965
12,85,11.214346563667332
12,86,14.546083549143269
12,87,13.375841803347388
12,88,11.684674390697726
12,89,14.688422063371346
12,90,18.210233007462342
12,91,19.684579940745135
12,92,19.076046154043496
13,1,12.853446143313672
13,2,13.259170390436694
13,3,14.199165608128434
13,4,15.431127690727743
13,5,12.253567050078424
13,6,10.476328009275521
13,7,10.016515328574213
13,8,8.7422501104671
13,9,6.155480261920443
13,10,4.970985368143822
13,11,5.567075156414359
13,12,3.796245435479979
13,14,3.7929848465540164
13,15,5.338679902249831
13,16,4.879949307436779
13,17,6.180886605851713
13,18,8.597897170588972
13,19,9.805654612424968
13,20,10.552321237560609
13,21,12.117457631009856
13,22,14.085055042375796
13,23,15.30169862380758
13,24,16.16440069536356
13,25,18.650285097953606
13,26,19.970845756603257
13,27,21.2895624715145
13,28,22.94902123368488
13,29,22.62894255330499
13,30,18.82915091455692
13,31,19.139449519366636
13,32,16.22927614300446
13,33,13.881588588819552
13,34,15.972468644105136
13,35,15.717348617225767
13,36,11.917858112415752
13,37,11.930028837839972
13,38,14.934334649587301
13,39,13.484656242032534
13,40,10.564155674894854
13,41,13.430104040875475
13,42,15.807610328424238
13,43,13.989919112092444
13,44,12.431665058077783
13,45,15.534441556243863
13,46,14.098542296249715
13,47,14.79008108902245
13,48,13.807523506798697
13,49,11.82408745288476
13,50,13.324840280687264
13,51,13.44858921461566
13,52,14.666328125678062
13,53,17.181720341081306
13,54,19.875072831518263
13,55,18.18645701143012
13,56,18.53165427385993
13,57,22.031112753515274
13,58,21.21537070665075
13,59,18.520847760159548
13,60,21.39309065959628
13,61,23.908771789221248
13,62,22.064779935910966
13,63,22.076161460788583
13,64,18.32821289257431
13,65,18.483999600527714
13,66,20.68359976418236
13,67,22.82236951076309
13,68,25.889916111178128
13,69,27.73327010564286
13,70,30.54779341568229
13,71,28.98483437359399
13,72,28.61029386347857
13,73,25.850344202201885
13,74,23.630870365393324
13,75,24.692310749349943
13,76,22.58628894712295
13,77,19.042647353582915
13,78,16.237584719193073
13,79,13.386958907855153
13,80,10.024872795632543
13,81,8.711767510304051
13,82,11.557626084652457
13,83,10.953370562307697
13,84,7.4665964807894625
13,85,9.528757361598927
13,86,12.342553371596852
13,87,10.749471387536284
13,88,9.969869667930181
13,89,13.34890705868977
13,90,16.55160675770183
13,91,17.834278031216467
13,92,16.995020391496354
14,1,15.910549666144949
14,2,16.270052964534475
14,3,16.69862143884692
14,4,17.445577364101133
14,5,14.296774608654067
14,6,12.141573562345558
14,7,10.625620207274876
14,8,10.002406207345413
14,9,8.587467548052237
14,10,6.070477096344449
14,11,5.2761336207161715
14,12,5.3871534540794155
14,13,3.7929848465540164
14,15,3.794436222463953
14,16,5.325792943477627
14,17,5.0051778113571235
14,18,6.210891947221009
14,19,8.69029350804911
14,20,9.900242885531753
14,21,10.32195734897198
14,22,12.137137232976325
14,23,14.199890045022432
14,24,14.97627308315557
14,25,16.81186818538984
14,26,18.227593507792292
14,27,20.135577324433378
14,28,22.08983165736051
14,29,22.366788287923377
14,30,18.657657815947857
14,31,19.255267514480565
14,32,16.9180679582171
14,33,13.923791897209904
14,34,15.544812421187595
14,35,16.020812054364193
14,36,12.444186752681116
14,37,11.302307086188772
14,38,14.454462311564994
14,39,13.848600679874359
14,40,10.481043882919643
14,41,12.43676174583296
14,42,15.459269022362184
14,43,14.32454168244292
14,44,12.109060712514799
14,45,14.51041755340193
14,46,12.273848321229883
14,47,12.447846432445349
14,48,10.865575792517351
14,49,8.351876716244178
14,50,9.580623327718484
14,51,9.720629286596889
14,52,11.163817698448637
14,53,13.565158877153038
14,54,16.42540294340864
14,55,15.105141748469086
14,56,15.447246108350766
14,57,19.09881020266651
14,58,18.63140314053799
14,59,16.191304982917124
14,60,19.059416815768603
14,61,21.677401172263686
14,62,20.330973623161018
14,63,20.498167233144084
14,64,16.90419623423614
14,65,16.829489971860284
14,66,19.464788242049334
14,67,21.244976316088273
14,68,23.996112227690542
14,69,25.48269562944435
14,70,28.519321532927023
14,71,27.078167557317826
14,72,26.38437561460906
14,73,23.878905654729593
14,74,21.58026952028783
14,75,22.157384462537458
14,76,19.910806479178508
14,77,16.569324137276546
14,78,13.599224111364194
14,79,10.414076252702518
14,80,7.612553676554252
14,81,5.76248268466709
14,82,9.213802489793002
14,83,9.57882648430083
14,84,6.853530904390813
14,85,8.681015548918129
14,86,11.83563904224072
14,87,11.35454360963334
14,88,11.104410091665164
14,89,13.848877471839083
14,90,17.158975846899136
14,91,17.67647910415142
14,92,16.129342736099726
15,1,16.218551039356683
15,2,17.420850006473827
15,3,18.50230963526715
15,4,18.93719783941289
15,5,15.398846380784205
15,6,14.086594157526992
15,7,12.289478079891586
15,8,10.59407719062286
15,9,9.71035680211859
15,10,8.433955250691877
15,11,6.221334097445861
15,12,4.921127396568193
15,13,5.338679902249831
15,14,3.794436222463953
15,16,3.7970316791373744
15,17,5.356083468544138
15,18,4.987049730306536
15,19,6.2609958627514555
15,20,8.706412438707257
15,21,9.699285424641232
15,22,10.420204564289673
15,23,12.337051983772284
15,24,14.025504100317095
15,25,15.828634449312956
15,26,16.47904042620274
15,27,18.37917709642746
15,28,20.754012007274135
15,29,20.789564346152655
15,30,17.197928092894266
15,31,18.472779147727472
15,32,16.23689525182521
15,33,13.132671378775495
15,34,15.405342677691456
15,35,16.409352940567185
15,36,12.965992516644054
15,37,12.189351648934426
15,38,15.798732240128697
15,39,15.604829865969226
15,40,12.738238657148669
15,41,14.826601236390994
15,42,17.99837780920534
15,43,17.189958763742407
15,44,15.40596017349179
15,45,17.673966078721673
15,46,15.214130869534653
15,47,14.640040966932718
15,48,12.36773402178141
15,49,9.558214681956176
15,50,10.917558726961316
15,51,9.675134792319012
15,52,10.67574166405282
15,53,13.862958809110607
15,54,16.076874997708906
15,55,14.74471664829109
15,56,15.999781297489974
15,57,19.482554046595897
15,58,18.465024147701836
15,59,16.548942776842907
15,60,19.869915908884998
15,61,21.957127814208082
15,62,20.48260917650165
15,63,21.318719066423597
15,64,17.864367354974085
15,65,18.505663375347336
15,66,21.449797177377313
15,67,23.514811241473062
15,68,26.036547121521053
15,69,27.60668265387455
15,70,30.843376018494236
15,71,29.755091537696586
15,72,29.134012421440513
15,73,26.896684470153005
15,74,24.328649794791424
15,75,24.617812441287196
15,76,22.580537098021466
15,77,19.356109184091856
15,78,16.564907715325177
15,79,13.050162486345055
15,80,10.685542876851708
15,81,9.010888104419818
15,82,12.65604102208279
15,83,13.295934540327243
15,84,10.630692297484643
15,85,12.262187441560169
15,86,15.573105450321135
15,87,14.979920893905685
15,88,14.360507508970416
15,89,17.18947762946424
15,90,20.632723493580126
15,91,21.32750506921285
15,92,19.846723452522113
16,1,16.108605310209146
16,2,17.25280993860209
16,3,18.723061162217174
16,4,19.829337056869704
16,5,16.387303279273606
16,6,15.11262694346479
16,7,14.210788167001661
16,8,12.31478456560019
16,9,10.331940951131779
16,10,9.576308408651864
16,11,8.639432476864249
16,12,6.030063397225746
16,13,4.879949307436779
16,14,5.325792943477627
16,15,3.7970316791373744
16,17,3.7867736338840152
16,18,5.402398565390596
16,19,5.1592945162785835
16,20,6.3160096978630795
16,21,8.545232140256466
16,22,9.883263173812555
16,23,10.710522554573595
16,24,12.153538310544564
16,25,14.724232548970216
16,26,15.563602422878917
16,27,16.74860506365258
16,28,18.65764945172093
16,29,18.25490407012545
16,30,14.526899503463396
16,31,15.448987150354888
16,32,12.840836940017352
16,33,10.111981118837283
16,34,12.741388991030755
16,35,13.299136981624384
16,36,9.774605590063718
16,37,9.866303048147774
16,38,13.477099020571469
16,39,12.97701338942898
16,40,10.718038688577339
16,41,13.413624470532016
16,42,16.208575387677925
16,43,15.363862266346576
16,44,14.380806261386072
16,45,16.893387922888664
16,46,14.931467033846273
16,47,14.429868349106728
16,48,12.74319596361284
16,49,10.898122476204568
16,50,13.212532274220083
16,51,12.44002036360064
16,52,12.54599832260231
16,53,15.589728861950594
16,54,17.509653363648727
16,55,15.394504411450214
16,56,16.483915205924845
16,57,19.679584337426864
16,58,18.178252140921497
16,59,15.883846191589726
16,60,19.217860430775193
16,61,21.131801886812806
16,62,19.0687893890966
16,63,19.79189362461947
16,64,16.219766775672205
16,65,17.29534232102233
16,66,19.94907321173408
16,67,22.49504997923404
16,68,25.22482944798299
16,69,27.266228781944264
16,70,30.3523160192492
16,71,29.37911663218974
16,72,29.242717542667318
16,73,26.94060993821273
16,74,24.176488029762307
16,75,24.894532578782677
16,76,23.280988267993376
16,77,19.79240814820082
16,78,17.455796077564305
16,79,14.048415521085682
16,80,11.122252027797504
16,81,10.586543592494321
16,82,14.149039717004644
16,83,13.773921184425658
16,84,11.026187105723602
16,85,13.54098605582202
16,86,16.32557465559074
16,87,14.93724518457686
16,88,14.715296514003642
16,89,18.0386763299214
16,90,21.179127476240375
16,91,22.133910025484152
16,92,20.800724557995462
17,1,18.797712605788124
17,2,19.339078972539934
17,3,20.23492185540934
17,4,21.529445657083993
17,5,18.359319656974584
17,6,16.369738267721115
17,7,15.392435347399593
17,8,14.346397702360987
17,9,12.283960074256756
17,10,10.416959282359265
17,11,9.976501148805937
17,12,8.557908019523046
17,13,6.180886605851713
17,14,5.0051778113571235
17,15,5.356083468544138
17,16,3.7867736338840152
17,18,3.790398978894041
17,19,5.410052203729384
17,20,5.138588632316526
17,21,5.969186398717991
17,22,8.443541951747983
17,23,9.817377607002639
17,24,10.209101710950428
17,25,12.522688453576025
17,26,14.162352911367893
17,27,15.621398585588146
17,28,17.268888756894032
17,29,17.517379579066084
17,30,13.795128609781017
17,31,14.28296068409223
17,32,12.153279856799315
17,33,8.984636772093786
17,34,10.601946359546014
17,35,11.37633030596463
17,36,8.005033857910432
17,37,6.8600876878759065
17,38,10.446058878430136
17,39,10.468600100293582
17,40,7.86156162148
17,41,9.972048701088676
17,42,13.109059182311004
17,43,12.818120416719713
17,44,11.655170505038619
17,45,13.65743913602664
17,46,11.430289954948657
17,47,10.673076743298447
17,48,9.146403332342876
17,49,7.896537020213809
17,50,10.811220904725245
17,51,10.813190922899814
17,52,10.460500004774357
17,53,12.936676719276937
17,54,15.035525663207478
17,55,12.680699750988252
17,56,13.193970665521679
17,57,16.4166489930031
17,58,15.209437155932212
17,59,12.579420971458125
17,60,15.714522958146437
17,61,17.926667772917433
17,62,16.056596704555584
17,63,16.473020556150473
17,64,12.858001878549764
17,65,13.63647599294331
17,66,16.409423681423537
17,67,18.814746540504522
17,68,21.48467672853198
17,69,23.48062052984154
17,70,26.58460782210597
17,71,25.666962000606805
17,72,25.558483958563293
17,73,23.370958485400784
17,74,20.49325553644091
17,75,21.181113392372183
17,76,19.72975986111611
17,77,16.23287090675295
17,78,14.183819086249471
17,79,10.781000081674339
17,80,7.9742419378709
17,81,8.411114739355062
17,82,11.940323946824591
17,83,11.389093215471336
17,84,9.489173874027887
17,85,12.479443609844147
17,86,14.835167948760601
17,87,13.809457382219836
17,88,14.494446338398593
17,89,17.575924126339366
17,90,20.45147631338938
17,91,20.834088626094566
17,92,18.9862059415203
18,1,20.793243807214044
18,2,21.716468206846855
18,3,22.614625658434413
18,4,23.385682469766422
18,5,20.015915525973263
18,6,18.23579031400296
18,7,16.526193037953902
18,8,15.3595410068717
18,9,14.141372935304675
18,10,12.212766869996367
18,11,10.62336906205552
18,12,9.68234725737151
18,13,8.597897170588972
18,14,6.210891947221009
18,15,4.987049730306536
18,16,5.402398565390596
18,17,3.790398978894041
18,19,3.791561890932163
18,20,5.480310253619655
18,21,4.980858985442677
18,22,5.955580261434001
18,23,8.479438515193483
18,24,9.634505851869623
18,25,11.021101059297031
18,26,12.084276518741259
18,27,14.266833482696391
18,28,16.60189016004058
18,29,17.27345556820051
18,30,13.83435010707539
18,31,15.160617515158165
18,32,13.724946623148492
18,33,10.094804660854631
18,34,11.65502720408965
18,35,13.47666541533472
18,36,10.680502869406668
18,37,8.91638740786134
18,38,12.559490688705328
18,39,13.477121385073456
18,40,10.97667945378046
18,41,12.210021309693888
18,42,15.73827609018049
18,43,15.991795935874675
18,44,14.488228233558694
18,45,15.879478209386427
18,46,12.977737586270488
18,47,11.328445704058295
18,48,8.611207961779535
18,49,6.497847751014255
18,50,9.160430175741652
18,51,8.070178490519297
18,52,7.297955340684711
18,53,10.385739575217963
18,54,12.108978104074106
18,55,10.125528192620283
18,56,11.503169870132924
18,57,14.769946489123136
18,58,13.51215864458705
18,59,11.693063352115233
18,60,15.160960236792683
18,61,17.03905322601378
18,62,15.670113180027641
18,63,16.78274757514139
18,64,13.570883881632433
18,65,14.570257185295688
18,66,17.866765269160403
18,67,19.996012999217204
18,68,22.155229646674847
18,69,23.788176100822497
18,70,27.18691364555055
18,71,26.571342563614156
18,72,26.16152212051864
18,73,24.370906077517592
18,74,21.37653790568794
18,75,21.393730955290017
18,76,19.905078167298356
18,77,16.791391958038187
18,78,14.69603226641735
18,79,10.95801354968564
18,80,9.262265685950734
18,81,9.105799091729716
18,82,12.85930577691129
18,83,13.323368701896555
18,84,11.813815916753189
18,85,14.171384837454216
18,86,16.907070170416528
18,87,16.558759841414464
18,88,17.02638942872302
18,89,19.755152331682403
18,90,22.85286452769645
18,91,22.92591670495853
18,92,20.771263531127982
19,1,20.90708402072454
19,2,22.314267625342232
19,3,23.795236564444405
19,4,24.677066200400997
19,5,21.13227444468633
19,6,19.888845158821127
19,7,18.460411761520316
19,8,16.597393393842005
19,9,15.200466422990969
19,10,14.129028673427756
19,11,12.453046065168264
19,12,10.433982293906512
19,13,9.805654612424968
19,14,8.69029350804911
19,15,6.2609958627514555
19,16,5.1592945162785835
19,17,5.410052203729384
19,18,3.791561890932163
19,20,3.796324617215342
19,21,5.407767286932783
19,22,5.104161456204578
19,23,6.1511660214269135
19,24,8.45801802512461
19,25,10.459156990680109
19,26,10.662783341863424
19,27,12.200017007970263
19,28,14.678128487897549
19,29,14.717021638634986
19,30,11.298263247111693
19,31,13.176151812973186
19,32,11.651291307481644
