1,2,3.7944372943647378
1,3,5.551261000423686
1,4,6.231849140902447
1,5,8.671926544675893
1,6,11.509040563815688
1,7,11.428290464689018
1,8,11.534625390667092
1,9,14.201777443618793
1,10,16.01472027488426
1,11,16.100364644335762
1,12,17.456847383851553
1,13,19.990700849262492
1,14,21.116477206548822
1,15,21.549817873929772
1,16,23.718583168452593
1,17,25.676293738235447
1,18,26.646079883032243
1,19,27.548638447183585
1,20,29.712233094959352
1,21,31.48327077044788
1,22,32.41176206736667
1,23,33.43684331558566
1,24,35.86369328617741
1,25,37.39204675141673
1,26,39.579855973268664
1,27,40.597113059203664
1,28,40.41173655021712
1,29,38.22115562341243
1,30,35.10898209505625
1,31,31.557723718462242
1,32,30.296310758950685
1,33,32.658779613764096
1,34,31.354360486809636
1,35,27.697237997788953
1,36,28.611863516437424
1,37,30.876134865325554
1,38,28.218032042673215
1,39,25.762335822538102
1,40,28.671392551202306
1,41,29.651962077505367
1,42,26.31037687872581
1,43,24.908931940220334
1,44,28.466124083461704
1,45,28.421449468054476
1,46,30.566427941437993
1,47,30.259360747185486
1,48,27.968540373820534
1,49,27.974025639012687
1,50,28.093736582881355
1,51,30.588343741687794
1,52,32.985022537566564
1,53,36.02666515983522
1,54,35.152610406743136
1,55,35.350940155710745
1,56,39.06027405878859
1,57,38.624876216894876
1,58,35.85554437812611
1,59,38.455772690353
1,60,41.19909510794219
1,61,39.267111854646735
1,62,38.84277053076924
1,63,35.06657028679992
1,64,34.590129922514066
1,65,36.04856681349326
1,66,37.65211057767387
1,67,41.0816018790236
1,68,42.642918968717574
1,69,44.83744892304407
1,70,42.34908478260529
1,71,41.55574914239774
1,72,38.090361717424685
1,73,37.207354821448206
1,74,38.69666100779132
1,75,35.822758443787045
1,76,32.71475931146147
1,77,29.45489106389308
1,78,27.976554887797686
1,79,25.03010496087374
1,80,22.70930482869824
1,81,23.099943293962127
1,82,22.5030263389529
1,83,19.333230466187917
1,84,18.05155969315999
1,85,19.336506150626633
1,86,17.637030599916464
1,87,14.08940449902628
1,88,14.823833257454922
1,89,16.677801973545172
1,90,19.82105142109873
1,91,23.273788621825588
1,92,23.713534217996777
2,1,3.7944372943647378
2,3,3.8133341843727635
2,4,6.316947769826366
2,5,9.482087571215324
2,6,12.011084877501629
2,7,10.71345400480223
2,8,10.484107476259531
2,9,13.83413094206941
2,10,15.216992655025729
2,11,14.484341159473756
2,12,16.12944992737214
2,13,19.001506272108692
2,14,19.565141732261104
2,15,19.676205008300958
2,16,22.279054910760557
2,17,24.22108364728796
2,18,24.69066226488633
2,19,25.618584634612304
2,20,28.13028019015133
2,21,29.691662859205678
2,22,30.296723791164148
2,23,31.5609772514314
2,24,34.149271646625586
2,25,35.408771448224535
2,26,37.499598358383025
2,27,38.63821291019973
2,28,38.22241918674814
2,29,36.07963585795265
2,30,32.80164242388234
2,31,29.28274133717477
2,32,28.215088721646357
2,33,30.864704127671086
2,34,29.59818875115336
2,35,25.991214200691452
2,36,27.23419409232669
2,37,29.689141290969655
2,38,27.091453230321243
2,39,24.871415003913267
2,40,28.061434615661234
2,41,29.150295873058962
2,42,25.958170665803916
2,43,24.8597407369487
2,44,28.542032669557226
2,45,28.33966856651904
2,46,30.159743400424784
2,47,29.64893451308256
2,48,27.340646126554873
2,49,27.724220785184606
2,50,27.494002721819403
2,51,29.66660657146572
2,52,32.370309013322434
2,53,35.152166472055214
2,54,34.062463952213626
2,55,34.570484531023254
2,56,38.212021998629716
2,57,37.42259940217851
2,58,34.737544306140634
2,59,37.550587083487976
2,60,40.03898176497658
2,61,37.89390394010497
2,62,37.725219975797266
2,63,33.927916675603
2,64,33.8569458707184
2,65,35.43788967277952
2,66,37.375557832651545
2,67,40.811512899182325
2,68,42.60511608690112
2,69,44.9449438843788
2,70,42.70202708956298
2,71,42.12209742339572
2,72,38.7392141359544
2,73,37.50095064066225
2,74,38.978155827398524
2,75,36.30614350965048
2,76,33.00289339535132
2,77,29.814053483472474
2,78,27.941589773325845
2,79,24.781613681277445
2,80,22.60290103453723
2,81,23.593059226566552
2,82,22.903572314207707
2,83,19.412107133772142
2,84,18.731731199068566
2,85,20.42895805512223
2,86,18.38209558319103
2,87,14.958380730303011
2,88,16.515620033666664
2,89,18.51706948881952
2,90,21.771345516467747
2,91,24.95039985848581
2,92,25.301777543910497
3,1,5.551261000423686
3,2,3.8133341843727635
3,4,3.8098689994701793
3,5,6.428668057794402
3,6,8.987492678028776
3,7,7.57898022693139
3,8,6.738624612575112
3,9,10.092986719040363
3,10,11.6877381417944
3,11,10.978438424974918
3,12,12.401095368956215
3,13,15.257996503635951
3,14,16.05419440325134
3,15,16.188049355089994
3,16,18.60468116835794
3,17,20.61082577860427
3,18,21.301847421180096
3,19,22.16660385323041
3,20,24.521632318007573
3,21,26.214709035671117
3,22,26.96991359577312
3,23,28.09181048906064
3,24,30.60556782655281
3,25,32.02109903338688
3,26,34.15060635253482
3,27,35.2324906493648
3,28,34.99038060122473
3,29,32.888269862195365
3,30,29.699583387476164
3,31,26.204354035852514
3,32,24.904447782658576
3,33,27.427160852435247
3,34,26.274124611397642
3,35,22.593161344392907
3,36,23.620632945183363
3,37,26.1168246315198
3,38,23.63921910309259
3,39,21.249114709522765
3,40,24.374206774845934
3,41,25.621468849595857
3,42,22.538972760683567
3,43,21.290481895080827
3,44,24.941636912532235
3,45,24.60047540200195
3,46,26.360135499057222
3,47,25.841118581239225
3,48,23.57475391168951
3,49,24.043621942904842
3,50,23.93067614768749
3,51,26.04856990322574
3,52,28.686876164283333
3,53,31.509686765151635
3,54,30.37394968739946
3,55,30.794724948529947
3,56,34.43868218560306
3,57,33.71047117645049
3,58,30.995306204680876
3,59,33.77750674824974
3,60,36.314343850800746
3,61,34.243269805971366
3,62,34.049094277000336
3,63,30.253847580982317
3,64,30.12936084932524
3,65,31.796308342501533
3,66,33.70345190418959
3,67,37.097562018429805
3,68,38.866330401539024
3,69,41.26912066143856
3,70,39.09410665506034
3,71,38.50988285393067
3,72,35.18551581043592
3,73,33.83970180353128
3,74,35.25793865036168
3,75,32.62458011603743
3,76,29.28709783755583
3,77,26.10968618915565
3,78,24.16514118236848
3,79,20.982529871812144
3,80,18.845532839531298
3,81,19.9590510708429
3,82,19.258230540209563
3,83,15.692735878429618
3,84,15.202063803953687
3,85,17.098437160433285
3,86,15.04143016973546
3,87,11.660483236134631
3,88,13.65075496275163
3,89,15.88166507058559
3,90,19.04017035661808
3,91,21.956269145109996
3,92,22.178321102260547
4,1,6.231849140902447
4,2,6.316947769826366
4,3,3.8098689994701793
4,5,3.8088824052157877
4,6,5.707332150165224
4,7,5.240887239412069
4,8,5.9773025555165855
4,9,8.502204908575886
4,10,9.852454241872788
4,11,10.394862524963013
4,12,12.112194938100746
4,13,14.173678238071709
4,14,15.248199696974725
4,15,16.21934204053821
4,16,18.292214641584046
4,17,19.866387937447826
4,18,21.080692948505053
4,19,22.326073473996654
4,20,24.204845684539453
4,21,25.80773838183767
4,22,27.086122038777628
4,23,28.21590439941484
4,24,30.34702062258613
4,25,31.854122351265822
4,26,34.29234540342226
4,27,35.50624032355013
4,28,35.6681731616364
4,29,33.79749992274494
4,30,30.718733458237928
4,31,27.377824586297642
4,32,25.58804638923382
4,33,27.931748994752432
4,34,27.14034579326886
4,35,23.353932228303318
4,36,23.77760415792494
4,37,26.38439510333817
4,38,24.213501786142064
4,39,21.3599233237206
4,40,24.097827771132025
4,41,25.679228650050863
4,42,22.73611572551286
4,43,20.881046500250363
4,44,24.294244514041626
4,45,23.626195002572057
4,46,25.37623172941991
4,47,24.656229596934914
4,48,22.09826163329789
4,49,22.008576501500436
4,50,21.92412723312398
4,51,24.465434524941568
4,52,26.92468618769945
4,53,29.919780047497678
4,54,29.20055088032863
4,55,29.550509944598964
4,56,33.29403734798228
4,57,32.90939051290081
4,58,30.338020076776626
4,59,33.06858076359654
4,60,35.77160845531826
4,61,34.05963715933213
4,62,33.88129439252708
4,63,30.12750360102243
4,64,29.723768290422466
4,65,31.60348279943335
4,66,33.17606607693283
4,67,36.41571946597864
4,68,37.84879574964652
4,69,40.33939597821031
4,70,38.086630212610714
4,71,37.150754767688106
4,72,33.90070427947853
4,73,32.70768924410119
4,74,33.832021343394956
4,75,30.93517002950228
4,76,27.816680722376745
4,77,24.404333751937152
4,78,22.550479727833935
4,79,19.738845377818492
4,80,17.098317761370225
4,81,17.921907494877445
4,82,17.830101867498197
4,83,14.43962637976232
4,84,13.146417077329692
4,85,15.328906107820401
4,86,14.061355566508357
4,87,10.359490797041312
4,88,11.630311199708112
4,89,14.485044273831505
4,90,17.175566058924833
4,91,20.112988297893015
4,92,19.847511201243613
5,1,8.671926544675893
5,2,9.482087571215324
5,3,6.428668057794402
5,4,3.8088824052157877
5,6,3.812734896083478
5,7,5.4654936906280165
5,8,5.290409830567649
5,9,6.1338245017695625
5,10,8.536416952391146
5,11,9.875197175627578
5,12,10.616658082173
5,13,12.276073662603961
5,14,14.222037995465017
5,15,15.256792783702501
5,16,16.59926525205216
5,17,18.357015723942375
5,18,20.149495687194413
5,19,21.108504301631218
5,20,22.55050180750354
5,21,24.519243515355996
5,22,26.063245897101226
5,23,26.764306816382394
5,24,28.75186431173246
5,25,30.63862742364289
5,26,33.050689446688416
5,27,34.015825248139514
5,28,34.42312636877993
5,29,32.49285167700086
5,30,29.68645930702919
5,31,26.368927414398954
5,32,24.37927352554063
5,33,26.29869298101565
5,34,25.48353063919393
5,35,21.71586353685641
5,36,21.74470342853393
5,37,24.10345371717816
5,38,21.957969772126084
5,39,18.87632759014656
5,40,21.299066747044545
5,41,22.83213906024868
5,42,19.877426541345553
5,43,17.71546780800474
5,44,20.99520494354272
5,45,20.420950178878503
5,46,22.43917456017876
5,47,22.007154837635216
5,48,19.653611459542834
5,49,19.44777492178309
5,50,19.916119258090568
5,51,22.551701002593468
5,52,24.635414300348216
5,53,27.866817864421986
5,54,27.16292095276858
5,55,27.105611210217674
5,56,30.857730695730154
5,57,30.776374279070783
5,58,28.05675631349403
5,59,30.52727341409982
5,60,33.456689438668384
5,61,31.92109963019609
5,62,31.457090255376514
5,63,27.755462311216036
5,64,26.980903882538875
5,65,28.748143014927578
5,66,30.0603649009684
5,67,33.28594400561315
5,68,34.581997439711806
5,69,36.972984767777525
5,70,34.59583097683138
5,71,33.57483957380127
5,72,30.284561265849536
5,73,29.252915617208615
5,74,30.42140055641776
5,75,27.457044675537794
5,76,24.410002665771305
5,77,21.00573967912361
5,78,19.4584533278178
5,79,16.748736066441708
5,80,14.168614195967603
5,81,14.525058267123963
5,82,14.344197373449322
5,83,11.19084731860583
5,84,9.578482680309042
5,85,11.555563915339786
5,86,10.515372218901467
5,87,6.752754273269968
5,88,7.8987798426602716
5,89,10.935263811747612
5,90,13.471483695179364
5,91,16.317977653959723
5,92,16.091115258114147
6,1,11.509040563815688
6,2,12.011084877501629
6,3,8.987492678028776
6,4,5.707332150165224
6,5,3.812734896083478
6,7,3.8027786529514827
6,8,5.636477841275856
6,9,5.263174802547623
6,10,6.170804781167519
6,11,8.692980966292703
6,12,10.088956910196277
6,13,10.679929882603817
6,14,12.368988496632983
6,15,14.290971180863604
6,16,15.522753883935714
6,17,16.546391373752364
6,18,18.573664875052245
6,19,20.082525039100688
6,20,21.161492625044502
6,21,22.757143130105867
6,22,24.710345316096934
6,23,25.647700043476778
6,24,27.23099752028682
6,25,28.967929492851024
6,26,31.696854872879843
6,27,32.95425449793895
6,28,33.688541319297194
6,29,32.13519661140174
6,30,29.34605325583928
6,31,26.310950672994846
6,32,23.87668834142442
6,33,25.807435578944652
6,34,25.544426278158735
6,35,21.76141892676506
6,36,21.286130717571524
6,37,23.957260309622928
6,38,22.358211009676722
6,39,18.97954115229801
6,40,21.073967808546442
6,41,23.164178685500815
6,42,20.66568572252302
6,43,18.07424176002074
6,44,21.00971841547147
6,45,19.776777149874363
6,46,21.348136615865716
6,47,20.376618764661004
6,48,17.579963671991106
6,49,16.90917823153536
6,50,17.02460417475327
6,51,19.95022483468849
6,52,22.070965311246976
6,53,25.26859823281464
6,54,24.96285651423679
6,55,25.12924739030301
6,56,28.92696060920861
6,57,28.97864702353777
6,58,26.581981613519837
6,59,29.177707946614234
6,60,32.05473075011049
6,61,30.82453040552754
6,62,30.652789826320607
6,63,27.034496532967257
6,64,26.304348087067073
6,65,28.47984530514807
6,66,29.650778133542165
6,67,32.61913534402043
6,68,33.66482040583191
6,69,36.307633273359116
6,70,34.102266349838814
6,71,32.81498552406574
6,72,29.768236443910233
6,73,28.594696312427242
6,74,29.299759107137177
6,75,26.205623969394075
6,76,23.32719721289207
6,77,19.713575531246132
6,78,17.873608232773606
6,79,15.595993994594044
6,80,12.43235499710054
6,81,13.062852979128127
6,82,13.838300147637582
6,83,10.81026433779296
6,84,8.740365743411799
6,85,11.622201543091531
6,86,11.571179521756223
6,87,8.197075684611988
6,88,8.925091927196435
6,89,12.558812360400848
6,90,14.226853974905627
6,91,16.574199609869485
6,92,15.470672876040947
7,1,11.428290464689018
7,2,10.71345400480223
7,3,7.57898022693139
7,4,5.240887239412069
7,5,5.4654936906280165
7,6,3.8027786529514827
7,8,3.8047641093908204
7,9,5.443121405633105
7,10,5.010282576972637
7,11,6.18310169609444
7,12,8.707802597293593
7,13,9.923899616465135
7,14,10.549121663262062
7,15,12.28399990485122
7,16,14.349260305933246
7,17,15.278708087287988
7,18,16.61139582585841
7,19,18.35593345452649
7,20,19.963380038849472
7,21,21.21811600686697
7,22,22.820347563090294
7,23,24.181244690728395
7,24,25.980059405483146
7,25,27.334009778597267
7,26,30.035812402145787
7,27,31.5256971909261
7,28,31.993701494733
7,29,30.51762354842984
7,30,27.458387931993833
7,31,24.43321726718295
7,32,22.14685668071413
7,33,24.5324854993768
7,34,24.35489972439651
7,35,20.551666171975945
7,36,20.49502144896556
7,37,23.497793050854266
7,38,21.954050505150732
7,39,18.84139751569237
7,40,21.36112534850646
7,41,23.583625978785637
7,42,21.217352417477677
7,43,19.05272050565621
7,44,22.18455704874371
7,45,20.790834771122764
7,46,21.924618478250835
7,47,20.62429444539285
7,48,17.714922042958683
7,49,17.57804457527441
7,50,17.03573372699135
7,51,19.555840447812663
7,52,22.20664336786227
7,53,25.04163226787693
7,54,24.486125622281996
7,55,25.145579728457022
7,56,28.88966229963149
7,57,28.460421513986486
7,58,26.187486975939347
7,59,29.118462238267934
7,60,31.673149203327448
7,61,30.164870350749567
7,62,30.35144487185728
7,63,26.66833187809792
7,64,26.477000545323854
7,65,28.82163553701633
7,66,30.419501911095885
7,67,33.408560093730216
7,68,34.740291566753385
7,69,37.5460176662062
7,70,35.61725735732555
7,71,34.58904133364101
7,72,31.634867129170587
7,73,30.066087662949382
7,74,30.76853175100418
7,75,27.933348174960994
7,76,24.829653010346306
7,77,21.33676923094571
7,78,18.960371603880255
7,79,16.36691722512165
7,80,13.406962559563775
7,81,14.97554114508917
7,82,15.54202239459258
7,83,12.053469020149716
7,84,11.04206898766636
7,85,14.208628844136696
7,86,13.506361745800076
7,87,10.306659720977674
7,88,12.032601706225519
7,89,15.417262494839408
7,90,17.41635175123889
7,91,19.584658059713163
7,92,18.575007239028597
8,1,11.534625390667092
8,2,10.484107476259531
8,3,6.738624612575112
8,4,5.9773025555165855
8,5,5.290409830567649
8,6,5.636477841275856
8,7,3.8047641093908204
8,9,3.8036130151955625
8,10,5.3226621439322495
8,11,4.920553591438152
8,12,6.145824187667582
8,13,8.557788953798982
8,14,9.732357056442078
8,15,10.352238129861814
8,16,12.34686419461705
8,17,14.147889865799295
8,18,15.37274518654894
8,19,16.398599878353785
8,20,18.288312616563335
8,21,20.044140767871816
8,22,21.264306764609476
8,23,22.257562839434907
8,24,24.44647646299963
8,25,26.054600451759182
8,26,28.40266512387114
8,27,29.542035264796645
8,28,29.76375888826774
8,29,27.950310798970907
8,30,24.939222466807465
8,31,21.684337587644556
8,32,19.70156814593384
8,33,22.002413828355397
8,34,21.39383581202146
8,35,17.58473843007734
8,36,17.90386223487932
8,37,20.68880133116144
8,38,18.78338640127227
8,39,15.897058942812588
8,40,18.74357510662073
8,41,20.63204235331962
8,42,18.0691328108533
8,43,16.31312890971246
8,44,19.719192256065703
8,45,18.733109142016772
8,46,20.09526306988553
8,47,19.258055773885243
8,48,16.857750277685696
8,49,17.41642916017386
8,50,17.324499796698852
8,51,19.366930746533072
8,52,21.96126343560109
8,53,24.804363148562285
8,54,23.707793430800045
8,55,24.11615924406919
8,56,27.790188015597657
8,57,27.18012742289921
8,58,24.5619686398486
8,59,27.391980032052533
8,60,29.966466250553054
8,61,28.149645735794284
8,62,28.089541812270074
8,63,24.3279026269392
8,64,24.179237531117867
8,65,26.24272002518358
8,66,28.06651195683601
8,67,31.25867495886053
8,68,32.896416840508465
8,69,35.555097748379495
8,70,33.62024472241403
8,71,32.93502047706967
8,72,29.85048681396866
8,73,28.186237241438597
8,74,29.275218853520368
8,75,26.692796153037655
8,76,23.332585456272703
8,77,20.100882274010534
8,78,17.786884912083178
8,79,14.682829269839472
8,80,12.40349705632008
8,81,14.095096728726205
8,82,13.765335600590992
8,83,10.013085795856462
8,84,9.995801951608783
8,85,12.767881950844714
8,86,11.181109949175369
8,87,8.30794342024872
8,88,11.04865053100976
8,89,13.872326813963266
8,90,16.299320120036796
8,91,18.348494212553362
8,92,17.93567929827576
9,1,14.201777443618793
9,2,13.83413094206941
9,3,10.092986719040363
9,4,8.502204908575886
9,5,6.1338245017695625
9,6,5.263174802547623
9,7,5.443121405633105
9,8,3.8036130151955625
9,10,3.8105926111438198
9,11,5.369253419800684
9,12,5.136314041249842
9,13,6.163258393989149
9,14,8.577544002940707
9,15,9.746665081088135
9,16,10.62196673959474
9,17,12.306055836314176
9,18,14.388155977429857
9,19,15.31912226809236
9,20,16.483661977242825
9,21,18.508031492488453
9,22,20.22964335487005
9,23,20.831940562322348
9,24,22.667354862550745
9,25,24.63835314850468
9,26,27.098274271769967
9,27,28.094664559623894
9,28,28.733455384827618
9,29,27.030930569121445
9,30,24.34498935189636
9,31,21.275891554904025
9,32,18.867904376726504
9,33,20.66551024906025
9,34,20.299330313790062
9,35,16.526210236420624
9,36,16.10101764854251
9,37,18.76273497272132
9,38,17.165418384148474
9,39,13.83573300153658
9,40,16.16236422703388
9,41,18.30847007312491
9,42,15.971993851524433
9,43,13.633085162808051
9,44,16.746996171591103
9,45,15.499286708406437
9,46,16.946312971706504
9,47,16.166254100830713
9,48,13.769339298773035
9,49,14.065715180506755
9,50,14.472822092047931
9,51,16.728277315524963
9,52,18.93800771297087
9,53,22.046842691839817
9,54,21.118591687058036
9,55,21.1694269483577
9,56,24.903792848523967
9,57,24.679884259297616
9,58,22.02092277433325
9,59,24.64089595027193
9,60,27.456854273417818
9,61,25.963705590607447
9,62,25.72090489650108
9,63,22.03434315963809
9,64,21.49074804387097
9,65,23.643506361103135
9,66,25.13738525344214
9,67,28.217496219176603
9,68,29.616000441261942
9,69,32.30039652328573
9,70,30.31292737530922
9,71,29.431992084862085
9,72,26.405215461524854
9,73,24.809926243139753
9,74,25.7471574412227
9,75,23.037825692246344
9,76,19.774595766149787
9,77,16.43146766242648
9,78,14.226526891181278
9,79,11.325153039888606
9,80,8.789943829925157
9,81,10.308567257562766
9,82,10.28106653805994
9,83,6.656588643199349
9,84,6.427969154169885
9,85,9.596545420087962
9,86,8.70374325808111
9,87,6.376760521913159
9,88,8.963373194202951
9,89,11.957362866313902
9,90,13.737144636524233
9,91,15.302828797816565
9,92,14.54716089399487
10,1,16.01472027488426
10,2,15.216992655025729
10,3,11.6877381417944
10,4,9.852454241872788
10,5,8.536416952391146
10,6,6.170804781167519
10,7,5.010282576972637
10,8,5.3226621439322495
10,9,3.8105926111438198
10,11,3.8092103438232114
10,12,5.571855809354999
10,13,5.2323112195690795
10,14,6.226496641590674
10,15,8.642175224242477
10,16,10.001839171375535
10,17,10.563423785206945
10,18,12.461263293967958
10,19,14.274189550716157
10,20,15.362717215800581
10,21,16.679249511148008
10,22,18.657982448067973
10,23,19.83106289921586
10,24,21.340022566082585
10,25,22.87964597113216
10,26,25.68515305952974
10,27,27.155253551014063
10,28,27.965702684875914
10,29,26.714616636800628
10,30,23.88648086556485
10,31,21.148438628375537
10,32,18.398170433566317
10,33,20.497368058351295
10,34,20.77168785468353
10,35,17.054174065879494
10,36,16.378866946727996
10,37,19.526240278358078
10,38,18.550044824181125
10,39,15.223372063852816
10,40,17.375458756196476
10,41,20.0663204469399
10,42,18.283663426197595
10,43,15.892683478126894
10,44,18.64626597453129
10,45,16.709144399557452
10,46,17.36920528425712
10,47,15.760503737573766
10,48,12.750558355247668
10,49,12.82197617953556
10,50,12.277021011064013
10,51,14.636444451890293
10,52,17.281705096579326
10,53,20.1172861647172
10,54,19.50224885506092
10,55,20.149544528110525
10,56,23.891103431382334
10,57,23.51527404779649
10,58,21.31855477015864
10,59,24.27277526494989
10,60,26.815680467599083
10,61,25.49069265636496
10,62,25.7849225747182
10,63,22.190112094517993
10,64,22.029853383322912
10,65,24.65790657391147
10,66,26.21751119114311
10,67,29.01166158220243
10,68,30.2906056797521
10,69,33.27580493771066
10,70,31.60246983294623
10,71,30.59110111067953
10,72,27.877860484020854
10,73,25.998584037266095
10,74,26.45460996271173
10,75,23.775600849446445
10,76,20.64613703693108
10,77,17.22894129032611
10,78,14.461035152244127
10,79,12.008241963161414
10,80,9.016787406044083
10,81,11.35630147358308
10,82,12.271096989064185
10,83,8.969009698608247
10,84,8.730010551968993
10,85,12.388898432120156
10,86,12.121839741808179
10,87,10.055757010194464
10,88,12.164800751367476
10,89,15.42182991599301
10,90,16.75710396553389
10,91,17.99669249934684
10,92,16.583243088596596
11,1,16.100364644335762
11,2,14.484341159473756
11,3,10.978438424974918
11,4,10.394862524963013
11,5,9.875197175627578
11,6,8.692980966292703
11,7,6.18310169609444
11,8,4.920553591438152
11,9,5.369253419800684
11,10,3.8092103438232114
11,12,3.8040783012037576
11,13,5.449152396345937
11,14,5.084962015211721
11,15,6.139506885551637
11,16,8.698653143846862
11,17,9.835038798150459
11,18,10.689884112697351
11,19,12.258474286183285
11,20,14.212574389305876
11,21,15.492307231714395
11,22,16.770253877974667
11,23,18.168991029406158
11,24,20.196088810192357
11,25,21.49035604619145
11,26,24.01780462124113
11,27,25.492213067064714
11,28,25.847820718351002
11,29,24.438607279819994
11,30,21.33905202967223
11,31,18.435982463852692
11,32,16.04961430945772
11,33,18.612065220996932
11,34,18.674131943591917
11,35,14.94050803658391
11,36,15.008399415399339
11,37,18.31668098588658
11,38,17.149922592984197
11,39,14.320097867850407
11,40,17.069800270423247
11,41,19.576203199324652
11,42,17.79048961178442
11,43,16.11422477259387
11,44,19.153480795597762
11,45,17.45167736994394
11,46,17.900019992449973
11,47,16.37347568535363
11,48,13.742389211445628
11,49,14.756575833993878
11,50,13.950240603811533
11,51,15.479238394343593
11,52,18.502885689313327
11,53,20.92719923551951
11,54,19.723745469172005
11,55,20.666653930685523
11,56,24.24689696774475
11,57,23.29333799929634
11,58,21.005655751551927
11,59,24.17616217759868
11,60,26.403355256938355
11,61,24.601245263377102
11,62,25.069186269676226
11,63,21.385998692595997
11,64,21.771284619369737
11,65,24.313623866033836
11,66,26.37729810458287
11,67,29.304237284440422
11,68,31.007172646995762
11,69,33.985172662696534
11,70,32.51635777452026
11,71,31.925482814339684
11,72,29.205431646497455
11,73,27.025003170715802
11,74,27.74129292104501
11,75,25.444738813073037
11,76,22.048890471632586
11,77,18.97311455593957
11,78,15.97114715589226
11,79,13.014974628574635
11,80,10.892278232223578
11,81,13.720019148020025
11,82,13.834090351024642
11,83,10.24424337777026
11,84,11.165011913903072
11,85,14.465478457698048
11,86,13.272563276182744
11,87,11.421408331833957
11,88,14.311802056281241
11,89,17.14021662359002
11,90,18.98489322294358
11,91,20.232057055837796
11,92,19.30813603524473
12,1,17.456847383851553
12,2,16.12944992737214
12,3,12.401095368956215
12,4,12.112194938100746
12,5,10.616658082173
12,6,10.088956910196277
12,7,8.707802597293593
12,8,6.145824187667582
12,9,5.136314041249842
12,10,5.571855809354999
12,11,3.8040783012037576
12,13,3.804274931076228
12,14,5.395844310978992
12,15,4.90824544782319
12,16,6.262767792222706
12,17,8.653885844935415
12,18,10.0441957104112
12,19,10.509680719796489
12,20,12.2761881071976
12,21,14.396559435498911
12,22,15.577664591172157
12,23,16.224442818072873
12,24,18.465835134188
12,25,20.316226359969697
12,26,22.516101396780886
12,27,23.489840760260964
12,28,23.858863643447144
12,29,22.12594392856659
12,30,19.299360460312375
12,31,16.22857643478813
12,32,13.876936655725396
12,33,15.980593784006414
12,34,15.689168980105496
12,35,11.889959653818018
12,36,11.881087488115703
12,37,14.91697383772816
12,38,13.526642686846436
12,39,10.610619408339492
12,40,13.47739417653786
12,41,15.818494079735796
12,42,13.99679508432601
12,43,12.462822686609906
12,44,15.589405102122669
12,45,14.157481254507836
12,46,14.874483673373762
12,47,13.919898758678489
12,48,11.934829822080399
12,49,13.539675535610106
12,50,13.564226076245452
12,51,14.701331283613731
12,52,17.326401399640172
12,53,19.9146746780719
12,54,18.269862831882477
12,55,18.673309360420312
12,56,22.206124406946035
12,57,21.330583981924658
12,58,18.617629870410166
12,59,21.53513960823635
12,60,23.96127544209314
12,61,22.03073880620418
12,62,22.0890047892775
12,63,18.33368367685634
12,64,18.509192183773845
12,65,20.814186888171633
12,66,22.92545994260914
12,67,26.00647032531744
12,68,27.875264739466747
12,69,30.708476991932248
12,70,29.189601758263805
12,71,28.819765981625935
12,72,26.01208901476358
12,73,23.79366332656174
12,74,24.814417545897356
12,75,22.70915462813912
12,76,19.14204482003999
12,77,16.327766940136566
12,78,13.494345349435028
12,79,10.119167946860367
12,80,8.828211804333645
12,81,11.638509649854031
12,82,10.973989698865887
12,83,7.446557928865532
12,84,9.476240280746294
12,85,12.27908991571719
12,86,10.699112212597225
12,87,9.79615027867187
12,88,13.102670638052192
12,89,15.343454332430838
12,90,17.12320669681149
12,91,17.96350330919784
12,92,17.427888943105756
13,1,19.990700849262492
13,2,19.001506272108692
13,3,15.257996503635951
13,4,14.173678238071709
13,5,12.276073662603961
13,6,10.679929882603817
13,7,9.923899616465135
13,8,8.557788953798982
13,9,6.163258393989149
13,10,5.2323112195690795
13,11,5.449152396345937
13,12,3.804274931076228
13,14,3.818261588187886
13,15,5.335882109117974
13,16,5.063819997158084
13,17,6.191528487283371
13,18,8.765809688621866
13,19,9.826715272079202
13,20,10.493668822807571
13,21,12.43021191272751
13,22,14.45174164225124
13,23,15.051524082629538
13,24,16.60471062234623
13,25,18.579537817292895
13,26,21.165503150828414
13,27,22.317920153045293
13,28,23.27516433033048
13,29,21.995439270472474
13,30,19.464543578164072
13,31,16.901226420087376
13,32,13.883496460811356
13,33,15.560897952319133
13,34,16.032179914649273
13,35,12.458087574527813
13,36,11.293071042820516
13,37,14.487339875814662
13,38,13.956966779452827
13,39,10.616925055522179
13,40,12.581059479024297
13,41,15.582078734808556
13,42,14.42656528362311
13,43,12.232494667028053
13,44,14.66996140670984
13,45,12.429008987246482
13,46,12.614613422377339
13,47,11.030735364097234
13,48,8.492469555015367
13,49,9.8232676103666
13,50,9.792255084877379
13,51,11.164808861439743
13,52,13.709424757994187
13,53,16.45795690311919
13,54,15.188223882452242
13,55,15.604295317816652
13,56,19.273133263293683
13,57,18.736353801908393
13,58,16.28407113394513
13,59,19.227745635431916
13,60,21.764097036534267
13,61,20.3310340386683
13,62,20.56064143327991
13,63,16.961160377845086
13,64,16.93424483628557
13,65,19.68205524467257
13,66,21.4394950193386
13,67,24.196213448766255
13,68,25.709075169715103
13,69,28.769402729741675
13,70,27.38385365744003
13,71,26.70268808134527
13,72,24.161060257523204
13,73,21.850958923721695
13,74,22.373788588734485
13,75,20.140547476818725
13,76,16.771996270828087
13,77,13.787370676890646
13,78,10.600565782659626
13,79,7.790726699504524
13,80,5.924619973752127
13,81,9.336032125251135
13,82,9.688437366106559
13,83,6.868475138446344
13,84,8.620534557899772
13,85,11.806888689330936
13,86,11.357821771984122
13,87,10.935191594679647
13,88,13.575521125257106
13,89,16.043990003584756
13,90,17.014386260004414
13,91,17.272561224755076
13,92,16.04215335515852
14,1,21.116477206548822
14,2,19.565141732261104
14,3,16.05419440325134
14,4,15.248199696974725
14,5,14.222037995465017
14,6,12.368988496632983
14,7,10.549121663262062
14,8,9.732357056442078
14,9,8.577544002940707
14,10,6.226496641590674
14,11,5.084962015211721
14,12,5.395844310978992
14,13,3.818261588187886
14,15,3.8140884723089963
14,16,5.378644399920634
14,17,4.985390639165194
14,18,6.244383222317306
14,19,8.497990318728986
14,20,9.781312011319038
14,21,10.670220368345701
14,22,12.493305236484353
14,23,14.00930123044064
14,24,15.548130872232178
14,25,16.797517903541376
14,26,19.601689951555482
14,27,21.302042306403465
14,28,22.11248659541083
14,29,21.212709490287104
14,30,18.346862495553278
14,31,16.054963014211477
14,32,12.975705744727868
14,33,15.323873776753963
14,34,16.29582274721359
14,35,12.890284013904028
14,36,12.100157599979369
14,37,15.738469092256963
14,38,15.615833238660041
14,39,12.805866247128613
14,40,14.91637605498925
14,41,18.05171383115501
14,42,17.24489350376823
14,43,15.498742329955448
14,44,17.80742638634495
14,45,15.356798822494154
14,46,14.794042399859737
14,47,12.546300124674055
14,48,9.77055762029643
14,49,11.290913433053639
14,50,9.944948863503692
14,51,10.75738436154937
14,52,14.038737451862584
14,53,16.105102084503944
14,54,14.82403497873805
14,55,16.148585669271768
14,56,19.627281369100903
14,57,18.535402991908562
14,58,16.596098747590386
14,59,19.977126166558296
14,60,21.967281304382215
14,61,20.40625473109861
14,62,21.306583206048312
14,63,17.82667426943587
14,64,18.534720742096457
14,65,21.557217590915393
14,66,23.621782715559792
14,67,26.160075773487787
14,68,27.775559260391315
14,69,31.027705441983127
14,70,30.005055740137173
14,71,29.43094880387034
14,72,27.149904361823285
14,73,24.555292942752576
14,74,24.817543386341367
14,75,22.828144730301176
14,76,19.555448523561118
14,77,16.771125640008215
14,78,13.255472947523856
14,79,10.849531501754493
14,80,9.199133538948944
14,81,12.815683336188744
14,82,13.426049788728793
14,83,10.668445155419663
14,84,12.242154652529072
14,85,15.573880660085335
14,86,15.004748704268223
14,87,14.221818877246772
14,88,16.93058274107446
14,89,19.588794588202802
14,90,20.707474756320405
14,91,21.060693546214022
14,92,19.676998268684308
15,1,21.549817873929772
15,2,19.676205008300958
15,3,16.188049355089994
15,4,16.21934204053821
15,5,15.256792783702501
15,6,14.290971180863604
15,7,12.28399990485122
15,8,10.352238129861814
15,9,9.746665081088135
15,10,8.642175224242477
15,11,6.139506885551637
15,12,4.90824544782319
15,13,5.335882109117974
15,14,3.8140884723089963
15,16,3.8052264665354634
15,17,5.505414556149839
15,18,5.4366368991601055
15,19,6.161874542456645
15,20,8.617505756031402
15,21,10.157150018775436
15,22,10.929497589270527
15,23,12.13520928054133
15,24,14.489935082860299
15,25,15.872139754953128
15,26,18.090081212725302
15,27,19.419752628332603
15,28,19.713599761977584
15,29,18.37348057804166
15,30,15.339016303616557
15,31,12.67238904534759
15,32,9.98424674766638
15,33,12.646454844433554
15,34,13.13171195601257
15,35,9.640294127110666
15,36,9.718292441661026
15,37,13.341960580422292
15,38,12.888551763118254
15,39,10.674492952836081
15,40,13.388051170877683
15,41,16.131087599199386
15,42,15.308374817694478
15,43,14.358237586666315
15,44,16.90400030063503
15,45,14.960711074302004
15,46,14.481085489500197
15,47,12.845800761644973
15,48,11.040778731851255
15,49,13.474981604264723
15,50,12.666584965062027
15,51,12.63628013906948
15,52,15.73785811397953
15,53,17.53485590148451
15,54,15.46311594498484
15,55,16.60545504303387
15,56,19.827512982299556
15,57,18.26692133071658
15,58,15.938087623622348
15,59,19.289167049573496
15,60,21.1021505880369
15,61,18.956664159779113
15,62,19.720525962268916
15,63,16.114508314016497
15,64,17.21976471063722
15,65,19.929437301088825
15,66,22.46580051666635
15,67,25.225916614737628
15,68,27.306766789577978
15,69,30.397687817964684
15,70,29.470904665037974
15,71,29.375287880701944
15,72,27.006243618455244
15,73,24.237330822042058
15,74,24.9503649423181
15,75,23.3695219889276
15,76,19.83937845536108
15,77,17.509169817407034
15,78,14.131418526167165
15,79,11.167928303679954
15,80,10.667342190910446
15,81,14.20748002704259
15,82,13.81293585713257
15,83,11.006318753079315
15,84,13.487302031380029
15,85,16.283783460731534
15,86,14.924421344222633
15,87,14.57272124896584
15,88,17.81636196805137
15,89,19.94318888342349
15,90,21.433978256883837
15,91,21.73984248958548
15,92,20.959119409188723
16,1,23.718583168452593
16,2,22.279054910760557
16,3,18.60468116835794
16,4,18.292214641584046
16,5,16.59926525205216
16,6,15.522753883935714
16,7,14.349260305933246
16,8,12.34686419461705
16,9,10.62196673959474
16,10,10.001839171375535
16,11,8.698653143846862
16,12,6.262767792222706
16,13,5.063819997158084
16,14,5.378644399920634
16,15,3.8052264665354634
16,17,3.8114043625037324
16,18,5.575984699092892
16,19,5.075882499836824
16,20,6.051773416873047
16,21,8.659015729265725
16,22,10.044194935598311
16,23,10.213509147238367
16,24,12.262588632590935
16,25,14.413583338317963
16,26,16.56913606016827
16,27,17.480278866001036
16,28,18.269548614261204
16,29,16.93441513616292
16,30,14.482451406609746
16,31,12.100501603455545
16,32,8.90074389923267
16,33,10.543821038490382
16,34,11.307891397612806
16,35,7.969317152657301
16,36,6.752953383937234
16,37,10.360056983209912
16,38,10.464686976945462
16,39,7.894150279812276
16,40,9.987687220063844
16,41,13.102182586567332
16,42,12.839564370298444
16,43,11.68059751144628
16,44,13.703364735561996
16,45,11.467766052909672
16,46,10.70562844948543
16,47,9.192683754810696
16,48,7.945201532823058
16,49,10.93163021806373
16,50,10.871702161420842
16,51,10.434279790612623
16,52,12.99392368898192
16,53,14.984730436908594
16,54,12.669218703452069
16,55,13.253835206317305
16,56,16.51731598938552
16,57,15.247392645441503
16,58,12.597887957184085
16,59,15.764923101655981
16,60,17.884943068853463
16,61,15.942968778733785
16,62,16.41032308935774
16,63,12.775296712127739
16,64,13.575806525192444
16,65,16.42712101884908
16,66,18.802398227419328
16,67,21.491463031613115
16,68,23.508903368863443
16,69,26.626564730903052
16,70,25.754174733342776
16,71,25.670047726706134
16,72,23.418724482817243
16,73,20.53973676852609
16,74,21.203734426006637
16,75,19.77264787315641
16,76,16.245090833684003
16,77,14.187528440741849
16,78,10.80785697817042
16,79,7.9880629940541406
16,80,8.423078201630208
16,81,11.957903589666973
16,82,11.462465611093807
16,83,9.507934129355087
16,84,12.45107065941846
16,85,14.844790682418513
16,86,13.879283792811911
16,87,14.426535661418926
16,88,17.438008609759688
16,89,19.214691976540944
16,90,20.180972342452765
16,91,19.851987413799534
16,92,19.02019290736282
17,1,25.676293738235447
17,2,24.22108364728796
17,3,20.61082577860427
17,4,19.866387937447826
17,5,18.357015723942375
17,6,16.546391373752364
17,7,15.278708087287988
17,8,14.147889865799295
17,9,12.306055836314176
17,10,10.563423785206945
17,11,9.835038798150459
17,12,8.653885844935415
17,13,6.191528487283371
17,14,4.985390639165194
17,15,5.505414556149839
17,16,3.8114043625037324
17,18,3.803870438178572
17,19,5.457880964905992
17,20,5.134678695373491
17,21,6.280622234355932
17,22,8.784630586687236
17,23,9.744347860571079
17,24,10.80098290915948
17,25,12.478613571212863
17,26,15.317289904093595
17,27,16.890462319768073
17,28,18.199714700779264
17,29,17.65329631708396
17,30,15.30647912928396
17,31,13.70286974384124
17,32,10.061392963525002
17,33,11.674596779287825
17,34,13.482135065367654
17,35,10.733436647305524
17,36,8.895929833863665
17,37,12.531470619427017
17,38,13.52134813917082
17,39,11.05354479934558
17,40,12.274927722384177
17,41,15.784993458417098
17,42,16.038739865554835
17,43,14.515120090264487
17,44,15.940997738063325
17,45,13.029741473794786
17,46,11.396834533582307
17,47,8.687738315295192
17,48,6.560445554732859
17,49,9.278606647204148
17,50,8.130207289416035
17,51,7.259315480754497
17,52,10.408612536360051
17,53,12.029984714220694
17,54,10.135257974265517
17,55,11.567136657545761
17,56,14.857993228016086
17,57,13.567344494750504
17,58,11.719170818579785
17,59,15.224447030953952
17,60,17.03900951016908
17,61,15.627319922041943
17,62,16.783645738666426
17,63,13.541475100974624
17,64,14.56183609252393
17,65,17.91569591015143
17,66,20.00892832161887
17,67,22.186597505421208
17,68,23.835184680923142
17,69,27.244989564164243
17,70,26.674889953109716
17,71,26.297647600539506
17,72,24.445283523096506
17,73,21.444851329810298
17,74,21.436450846366263
17,75,19.97786231511645
17,76,16.82265541173552
17,77,14.704082136696918
17,78,10.975151225575356
17,79,9.258089010492197
17,80,9.048989711707632
17,81,12.803189392315986
17,82,13.353663678724086
17,83,11.75758656755262
17,84,14.028066885776601
17,85,16.818787447416003
17,86,16.54958244080539
17,87,16.850222085033053
17,88,19.459595173952724
17,89,21.626725447344818
17,90,22.200092909137865
17,91,21.69687794076808
17,92,20.245639846507583
18,1,26.646079883032243
18,2,24.69066226488633
18,3,21.301847421180096
18,4,21.080692948505053
18,5,20.149495687194413
18,6,18.573664875052245
18,7,16.61139582585841
18,8,15.37274518654894
18,9,14.388155977429857
18,10,12.461263293967958
18,11,10.689884112697351
18,12,10.0441957104112
18,13,8.765809688621866
18,14,6.244383222317306
18,15,5.4366368991601055
18,16,5.575984699092892
18,17,3.803870438178572
18,19,3.8037166214979017
18,20,5.386428720479973
18,21,5.138682453197993
18,22,6.308721690906023
18,23,8.466559773151472
18,24,10.101782680304073
18,25,10.841263431002762
18,26,13.526920904144307
18,27,15.516897450277419
18,28,16.289828340783558
18,29,15.914985727564524
18,30,13.105123313335913
18,31,11.69479072030781
18,32,8.298307133994692
18,33,10.849184474150743
18,34,12.846934594608733
18,35,10.425545578194741
18,36,9.626696369690112
18,37,13.370630634196889
18,38,14.383530767152463
18,39,12.722317193975163
18,40,14.414868736865344
18,41,17.610357290560586
18,42,17.93312688899754
18,43,17.070528590027948
18,44,18.679348586917598
18,45,16.07215148046983
18,46,14.276768789605
18,47,11.742009987059234
18,48,10.14065998623923
18,49,12.915498340745119
18,50,11.250523287385267
18,51,9.796761096792206
18,52,13.149770481658893
18,53,13.885720018650458
18,54,11.637729224162996
18,55,13.740063142993604
18,56,16.499180534846968
18,57,14.393765426395284
18,58,12.92542158157944
18,59,16.6483124060208
18,60,17.745948384824526
18,61,15.84329923515124
18,62,17.544554156724523
18,63,14.457458411758358
18,64,16.31421520626901
18,65,19.547064191090723
18,66,22.100707151519153
18,67,24.225155083869133
18,68,26.19106222164234
18,69,29.583727537698678
18,70,29.29970134876332
18,71,29.247906857966225
18,72,27.49439196093423
18,73,24.304494798785747
18,74,24.399225560187837
18,75,23.285898310564427
18,76,20.105100085800462
18,77,18.270717760366317
18,78,14.591873113528107
18,79,12.698535117325452
18,80,12.682265927171137
18,81,16.451722381530182
18,82,16.67145492505303
18,83,14.7307086297399
18,84,17.171440569621026
18,85,19.989414571468473
18,86,19.23364027712425
18,87,19.30346293015954
18,88,22.239773277950835
18,89,24.39756613971367
18,90,25.346302689718435
18,91,25.055748038613427
18,92,23.81621926579081
19,1,27.548638447183585
19,2,25.618584634612304
19,3,22.16660385323041
19,4,22.326073473996654
19,5,21.108504301631218
19,6,20.082525039100688
19,7,18.35593345452649
19,8,16.398599878353785
19,9,15.31912226809236
19,10,14.274189550716157
19,11,12.258474286183285
19,12,10.509680719796489
19,13,9.826715272079202
19,14,8.497990318728986
19,15,6.161874542456645
19,16,5.075882499836824
19,17,5.457880964905992
19,18,3.8037166214979017
19,20,3.8204723520605963
19,21,5.544613669795842
19,22,5.321592031081946
19,23,6.0065094446215825
19,24,8.745906794859765
19,25,10.277474359915578
19,26,12.072874970566197
19,27,13.259202788120804
19,28,13.707956367703915
19,29,12.735830291521118
19,30,10.023322024415108
19,31,8.316309557389083
19,32,4.740817407552026
