1,2,3.8429358702567207
1,3,6.192170386999199
1,4,9.710364068812197
1,5,11.51298193792355
1,6,10.022683300701075
1,7,10.29740984591186
1,8,13.683392993291012
1,9,14.7840652572918
1,10,14.203591740191063
1,11,16.331624446489187
1,12,18.99779205260266
1,13,19.183725059511993
1,14,19.274977070461397
1,15,19.97728681350529
1,16,22.3461898582692
1,17,24.193165612740703
1,18,25.266556882669217
1,19,26.23693821207311
1,20,28.458108776089226
1,21,30.222180807123653
1,22,30.582204649253676
1,23,31.968354432066256
1,24,34.505295217545935
1,25,35.70345120945493
1,26,36.35058621943976
1,27,38.09012218150746
1,28,37.955990717512336
1,29,40.93383072042188
1,30,39.22590612304563
1,31,35.85009472638971
1,32,36.978696643242586
1,33,38.03491372559839
1,34,35.209149153459784
1,35,36.86778660833338
1,36,36.391029001460545
1,37,32.90538630060411
1,38,31.301447474463565
1,39,30.619746874046932
1,40,28.830520178592874
1,41,27.02500468102514
1,42,25.89557581830601
1,43,24.543080030876666
1,44,22.627136272586537
1,45,21.159102941937988
1,46,20.322228130165954
1,47,18.584679753960373
1,48,16.277279515459355
1,49,15.553865452826669
1,50,15.031399786115434
1,51,12.370654375093237
1,52,10.672032290021118
1,53,10.942693970342527
1,54,9.936572737248751
1,55,6.460248424401892
1,56,6.298143695428892
1,57,8.123072940381768
1,58,11.593297759814456
1,59,14.546770899374785
1,60,16.33718831068758
1,61,14.652981880218997
1,62,15.80488088960446
1,63,14.669016613560268
1,64,16.70515320442397
1,65,19.59297668206768
1,66,19.600060914829154
1,67,19.536002468243627
1,68,22.382022329378533
1,69,24.367230724399068
1,70,24.539950315410373
1,71,25.4342400539411
1,72,28.06860147973513
1,73,29.532904686780046
1,74,30.009733284954613
1,75,31.411811283127214
1,76,32.61094475322705
1,77,33.83032334797026
1,78,37.54118157985817
1,79,37.496619890303364
1,80,39.55224755988094
1,81,38.50504972690355
2,1,3.8429358702567207
2,3,3.8060804726208883
2,4,6.466073174894793
2,5,8.873692462763922
2,6,7.639970860335474
2,7,6.956846813858644
2,8,10.214460608640351
2,9,11.887104866383433
2,10,11.41496224457327
2,11,13.01616753827735
2,12,15.801363086388417
2,13,16.498085388732303
2,14,16.639916256147956
2,15,16.91085000435806
2,16,19.05819173858266
2,17,21.234617083750003
2,18,22.37730617290325
2,19,22.999515884618948
2,20,25.219337892960187
2,21,27.217371809798504
2,22,27.475574385216248
2,23,28.615615539724423
2,24,31.25106517385347
2,25,32.58258902291385
2,26,33.04486277069149
2,27,34.69033849378816
2,28,34.40873030902553
2,29,37.332239599065254
2,30,35.647948183764356
2,31,32.210204581844145
2,32,33.26090055712811
2,33,34.42090833479767
2,34,31.647722706731933
2,35,33.465930241305045
2,36,33.01346433137828
2,37,29.454948264797242
2,38,27.944410752476127
2,39,27.491971939037075
2,40,25.60662923362943
2,41,23.613903237864353
2,42,22.726556999475665
2,43,21.558023083603988
2,44,19.351167159800514
2,45,17.854235711659307
2,46,17.462451549170865
2,47,15.714616640202047
2,48,13.007669851104266
2,49,12.696618094684027
2,50,12.761886542058921
2,51,9.826671276305404
2,52,7.835036586796647
2,53,9.278458910464368
2,54,8.850341933286126
2,55,5.072038439126717
2,56,5.545069776935694
2,57,5.663000955611066
2,58,9.19720165375472
2,59,11.606996563415928
2,60,13.091294982833128
2,61,11.234109662565736
2,62,12.276982264351775
2,63,10.883635333748654
2,64,12.899582075925222
2,65,15.819629498401437
2,66,15.820564124077512
2,67,15.723227478861771
2,68,18.55378784464882
2,69,20.533455338119886
2,70,20.770607665059284
2,71,21.671128534636285
2,72,24.244215505697387
2,73,25.73158592931247
2,74,26.291458164593557
2,75,27.683010190835038
2,76,28.80866073871767
2,77,30.000724506430984
2,78,33.71413264957283
2,79,33.67580584100201
2,80,35.73662123673575
2,81,34.73306055302234
3,1,6.192170386999199
3,2,3.8060804726208883
3,4,3.8329574662861057
3,5,5.479551771288568
3,6,5.304074739203041
3,7,6.001123632224659
3,8,8.387709923923545
3,9,9.828204763714929
3,10,10.553855138580184
3,11,12.364407083914111
3,12,14.3896159484282
3,13,15.281723928952653
3,14,16.28803427735265
3,15,16.84892622579237
3,16,18.357689444481085
3,17,20.469168970829667
3,18,22.228775485278003
3,19,22.773564508736786
3,20,24.485473757917994
3,21,26.780035817777332
3,22,27.448400904743977
3,23,28.288930041754224
3,24,30.677337832181422
3,25,32.407356809316845
3,26,32.96001309992387
3,27,34.21118303636007
3,28,33.63298309192208
3,29,36.69893718675963
3,30,35.3735296610241
3,31,31.81620582678403
3,32,32.95677222711372
3,33,34.50327889590768
3,34,32.02215557763714
3,35,34.1346550853022
3,36,33.4746548168345
3,37,29.775427769479183
3,38,28.699198612534452
3,39,28.441008269886005
3,40,26.15405853077855
3,41,24.15823565499462
3,42,23.865900091651685
3,43,22.635999826085847
3,44,19.94813814015402
3,45,18.90236128219852
3,46,19.070626943338
3,47,16.886579274150208
3,48,14.001372873366858
3,49,14.6588387555276
3,50,14.8856878510221
3,51,11.438121396788256
3,52,10.108557106047046
3,53,12.378911941041453
3,54,11.582988959023345
3,55,7.895609792264856
3,56,9.274829845228156
3,57,8.770044182229299
3,58,11.917617319051722
3,59,13.75205680642116
3,60,14.606915057483228
3,61,12.070974584606578
3,62,11.931069324351348
3,63,10.037232036467508
3,64,12.840885160138724
3,65,15.369796729725017
3,66,14.488918878207741
3,67,14.655862219939674
3,68,17.968028254764544
3,69,19.440937073121447
3,70,19.2354729257672
3,71,20.642491096994192
3,72,23.369508235079536
3,73,24.322550000807574
3,74,24.843003661553873
3,75,26.70319986532832
3,76,28.04157819562957
3,77,28.851059855235782
3,78,32.61955410359781
3,79,33.00354114272031
3,80,35.2149927028376
3,81,34.42877284207147
4,1,9.710364068812197
4,2,6.466073174894793
4,3,3.8329574662861057
4,5,3.8130931590770554
4,6,5.509180277419293
4,7,5.0242902515126096
4,8,5.708031746362556
4,9,8.20681059142349
4,10,9.688338930109468
4,11,10.495907731092965
4,12,12.242435119522789
4,13,13.998329488980584
4,14,15.3014199250132
4,15,15.295023217401717
4,16,16.183702588697276
4,17,18.712208838737446
4,18,20.67820679841975
4,19,20.681435995292826
4,20,22.21732830561177
4,21,24.885416042994688
4,22,25.484082445133026
4,23,25.881255731984474
4,24,28.33029049670501
4,25,30.31298589184693
4,26,30.6049929096162
4,27,31.6262450925632
4,28,30.749004037883097
4,29,33.733235434189986
4,30,32.52235574545395
4,31,28.86454399165088
4,32,29.845530744969
4,33,31.623257471900327
4,34,29.276388483398872
4,35,31.660631657738527
4,36,31.058224073489733
4,37,27.283236717929594
4,38,26.404342874363756
4,39,26.537757624764666
4,40,24.13238984663458
4,41,21.877248294457633
4,42,22.02968199020773
4,43,21.134907985314406
4,44,18.05808674466067
4,45,17.054581411598768
4,46,17.952024905865866
4,47,15.872153778798436
4,48,12.593985221771062
4,49,13.912730081968519
4,50,14.893138688516753
4,51,11.5142725759502
4,52,10.153235872774994
4,53,13.283678629302482
4,54,13.111020695833982
4,55,9.881475334231665
4,56,11.237347177617378
4,57,9.47055140238629
4,58,11.786167814691211
4,59,12.742813276197209
4,60,12.874039176948989
4,61,9.955832127044571
4,62,8.962668884283469
4,63,6.689378132068302
4,64,9.9259277601478
4,65,12.038184323934491
4,66,10.783714902545402
4,67,11.276541179156627
4,68,14.691468156840447
4,69,15.818528832997638
4,70,15.657576367149941
4,71,17.366749770217123
4,72,19.944335802152924
4,73,20.715150540716138
4,74,21.457060957685687
4,75,23.472307638587576
4,76,24.683210869077254
4,77,25.270013293815143
4,78,29.06467429246164
4,79,29.565491741948925
4,80,31.7466048521549
4,81,31.001259810736467
5,1,11.51298193792355
5,2,8.873692462763922
5,3,5.479551771288568
5,4,3.8130931590770554
5,6,3.818107735162698
5,7,5.580386616719144
5,8,5.273731172685521
5,9,6.047047027320976
5,10,8.617646543419385
5,11,10.158814624348633
5,12,10.831178332433467
5,13,12.149335302624346
5,14,14.24675445758706
5,15,14.982338431674577
5,16,15.451789937209586
5,17,17.43206671079252
5,18,19.927257328047762
5,19,20.274406719140256
5,20,21.250819302008107
5,21,23.89288648689803
5,22,25.052098761280934
5,23,25.46504936465355
5,24,27.477817864647204
5,25,29.688532170307273
5,26,30.34577610857135
5,27,31.06928259928939
5,28,30.16381525617814
5,29,33.38892490481057
5,30,32.54702623233593
5,31,28.9309090139991
5,32,30.278669904411398
5,33,32.26499774614947
5,34,30.267572754147093
5,35,32.671496058919146
5,36,31.655047904328388
5,37,27.859808578252153
5,38,27.460417538007466
5,39,27.407855149788894
5,40,24.6035192134509
5,41,22.748933626581742
5,42,23.32045949916521
5,43,21.994019801190213
5,44,18.773258574500844
5,45,18.529245424773443
5,46,19.43376960247087
5,47,16.766687334577455
5,48,13.952649678583981
5,49,15.93472262721396
5,50,16.36299622141902
5,51,12.677259956438517
5,52,12.400216392125902
5,53,15.529716823197639
5,54,14.552124239126904
5,55,11.543221158696204
5,56,13.77869346044636
5,57,12.62410487452946
5,58,15.234475617690675
5,59,15.891410871740034
5,60,15.992391548798778
5,61,13.292263141481415
5,62,11.948203552191673
5,63,9.048200879644202
5,64,12.05862718243266
5,65,14.08370487228519
5,66,11.94441955692106
5,67,11.929846068108887
5,68,15.678332625309938
5,69,16.610287996071666
5,70,15.563179063786432
5,71,17.384197607168147
5,72,20.36303495822084
5,73,20.65842187998753
5,74,20.897903267732996
5,75,23.246304668315585
5,76,24.961805163636498
5,77,25.407842200594043
5,78,29.13763619932757
5,79,30.044580229302667
5,80,32.54893508704502
5,81,32.22313072581694
6,1,10.022683300701075
6,2,7.639970860335474
6,3,5.304074739203041
6,4,5.509180277419293
6,5,3.818107735162698
6,7,3.817429260082724
6,8,5.572544891595594
6,9,5.08268844442897
6,10,6.139097996629976
6,11,8.794107494659816
6,12,10.041556751729754
6,13,10.344898193979471
6,14,11.896029755632853
6,15,13.176726476888392
6,16,14.424006205570182
6,17,15.966725029078319
6,18,18.117971113686483
6,19,19.06746355166815
6,20,20.343829390060645
6,21,22.501079917348516
6,22,23.673471641424317
6,23,24.643255368678556
6,24,26.622936436654303
6,25,28.468892386240594
6,26,29.430364783496657
6,27,30.486922698865826
6,28,30.04773953047316
6,29,33.36333366139342
6,30,32.3296274940607
6,31,28.887072614628234
6,32,30.53198900618553
6,33,32.168969247381405
6,34,30.06399668916255
6,35,32.091425711315466
6,36,30.893401950222316
6,37,27.201325306937903
6,38,26.671401713236538
6,39,26.1071182110583
6,40,23.35161049046423
6,41,21.899337244904455
6,42,22.09419163782732
6,43,20.286302775142023
6,44,17.44368849101241
6,45,17.405872871584425
6,46,17.620670414745423
6,47,14.650360650385796
6,48,12.384937491430161
6,49,14.162704198610815
6,50,13.795600302994277
6,51,9.979538986457001
6,52,10.443626423668405
6,53,13.16472465539921
6,54,11.501352094783709
6,55,8.825821651584057
6,56,11.788719753925593
6,57,11.443206951449863
6,58,14.551063486608673
6,59,15.25930128803717
6,60,15.948614234796572
6,61,13.958895152218103
6,62,13.610560107224606
6,63,10.442698271210155
6,64,12.619236812404422
6,65,15.439419471998507
6,66,13.819606118276894
6,67,12.868277617002509
6,68,16.410461956589323
6,69,18.105198509943925
6,70,16.9595239752392
6,71,18.017917401190864
6,72,21.279650831620692
6,73,22.046082195776425
6,74,21.829293633923076
6,75,23.746773401976604
6,76,25.69355756047025
6,77,26.660956144642473
6,78,30.300090365430645
6,79,30.95342774618978
6,80,33.6097620498032
6,81,33.383111562491564
7,1,10.29740984591186
7,2,6.956846813858644
7,3,6.001123632224659
7,4,5.0242902515126096
7,5,5.580386616719144
7,6,3.817429260082724
7,8,3.816899298543956
7,9,5.348429127190749
7,10,5.066489175943539
7,11,6.396231202547259
7,12,8.85534358004577
7,13,9.938884008845262
7,14,10.599157501908207
7,15,10.867672728027452
7,16,12.440012335300176
7,17,14.633306786627177
7,18,16.273560295218157
7,19,16.789664182296395
7,20,18.59500384076053
7,21,20.825770687713575
7,22,21.450921752806337
7,23,22.370873307424095
7,24,24.75874886752317
7,25,26.413286834588774
7,26,27.03254905640618
7,27,28.349321398158068
7,28,27.969540505876626
7,29,31.08991255723139
7,30,29.73606186233114
7,31,26.28102321256674
7,32,27.71599733834321
7,33,29.15465917377277
7,34,26.820380509310457
7,35,28.807572137650116
7,36,27.85485965313559
7,37,24.16862799672332
7,38,23.340876555620515
7,39,22.906473333548536
7,40,20.388613331495808
7,41,18.65266563150793
7,42,18.637041445552267
7,43,17.121807104615186
7,44,14.278138625336
7,45,13.819533579343132
7,46,14.166557027285718
7,47,11.524577779939305
7,48,8.82446805931191
7,49,10.576163616560148
7,50,10.783706816732128
7,51,7.128001319584307
7,52,7.185353650285488
7,53,10.449733414203372
7,54,9.637153694334526
7,55,7.378621377373806
7,56,10.006492410085682
7,57,8.837009438650101
7,58,11.487163248150397
7,59,11.67533484152881
7,60,12.317134048158206
7,61,10.712604423393895
7,62,10.912994391249518
7,63,7.662244016326437
7,64,9.193140699082495
7,65,12.394792129979981
7,66,11.436062152036191
7,67,10.204632326148431
7,68,13.42356946314491
7,69,15.56014857009233
7,70,14.937266460897511
7,71,15.611323391599777
7,72,18.674964693653514
7,73,19.956951465898026
7,74,19.96626332503287
7,75,21.47955094381471
7,76,23.110133464102734
7,77,24.35845140908914
7,78,28.00073631038654
7,79,28.283634689731937
7,80,30.788401333935436
7,81,30.373734193097405
8,1,13.683392993291012
8,2,10.214460608640351
8,3,8.387709923923545
8,4,5.708031746362556
8,5,5.273731172685521
8,6,5.572544891595594
8,7,3.816899298543956
8,9,3.8125814073672997
8,10,5.517669916289101
8,11,5.316722194948968
8,12,6.585811932034013
8,13,8.872335057686739
8,14,10.3935947894058
8,15,10.226232368006315
8,16,10.600837412031405
8,17,13.133120203727307
8,18,15.330660121222964
8,19,15.275315279621857
8,20,16.565076936787655
8,21,19.29548235303618
8,22,20.101144065856072
8,23,20.450563359175515
8,24,22.723297877085805
8,25,24.812584222584853
8,26,25.27101377474794
8,27,26.166054901147433
8,28,25.387959682433003
8,29,28.533112583212525
8,30,27.480763522887145
8,31,23.896722782750366
8,32,25.294138781743275
8,33,27.121909089181983
8,34,25.096618720557434
8,35,27.43127388027259
8,36,26.386419233616948
8,37,22.59542794994898
8,38,22.22111477263766
8,39,22.205390454630525
8,40,19.383197042218395
8,41,17.49424502835511
8,42,18.233899657786836
8,43,16.992426929874043
8,44,13.620056906254435
8,45,13.576865840472003
8,46,14.8483134643983
8,47,12.225801018069047
8,48,9.384150253667498
8,49,12.076726574432417
8,50,12.932284002931407
8,51,9.641682181792499
8,52,9.871794427536992
8,53,13.508454753358095
8,54,13.083346315639115
8,55,11.132545666276465
8,56,13.50501574607399
8,57,11.670660486389378
8,58,13.575668231118437
8,59,13.00564143139504
8,60,12.815016909636332
8,61,10.920616160594466
8,62,10.040642202208224
8,63,6.28801418240254
8,64,7.986220424286386
8,65,10.489580077406371
8,66,8.597344691746034
8,67,7.317663492060373
8,68,10.9460000608959
8,69,12.562128102840424
8,70,11.503436480690253
8,71,12.633179804466794
8,72,15.761446156780062
8,73,16.59712527425549
8,74,16.644439464305727
8,75,18.545461242158137
8,76,20.265347609868954
8,77,21.171341586613522
8,78,24.847108753146568
8,79,25.460253572797676
8,80,28.067644523164017
8,81,27.86398955307675
9,1,14.7840652572918
9,2,11.887104866383433
9,3,9.828204763714929
9,4,8.20681059142349
9,5,6.047047027320976
9,6,5.08268844442897
9,7,5.348429127190749
9,8,3.8125814073672997
9,10,3.824296695300571
9,11,5.450637849878175
9,12,5.205586500149988
9,13,6.1256942948142346
9,14,8.55567257724225
9,15,9.71895394588938
9,16,10.004587930286519
9,17,11.495908228879735
9,18,14.160839869938481
9,19,14.876020460614887
9,20,15.654461752009286
9,21,18.05817610098341
9,22,19.51038102195337
9,23,20.18722292937209
9,24,21.93598921543667
9,25,24.06401652576199
9,26,25.07805008228581
9,27,25.82917448118374
9,28,25.278400696708196
9,29,28.69593468707311
9,30,27.931936639617078
9,31,24.525749102553206
9,32,26.422108103122696
9,33,28.251774350862465
9,34,26.53635298392998
9,35,28.6646860124542
9,36,27.141084025142813
9,37,23.440733118527724
9,38,23.47395221785716
9,39,23.005909786439734
9,40,19.85885701764214
9,41,18.648084820221055
9,42,19.566726149062458
9,43,17.67138146898379
9,44,14.47789833431461
9,45,15.300608722306887
9,46,16.134079625723498
9,47,12.880718671693607
9,48,10.993395929805803
9,49,13.929102276243727
9,50,13.840737299886104
9,51,10.390569013514437
9,52,11.784013156130403
9,53,15.01265301678561
9,54,13.656901340892285
9,55,12.052692788334879
9,56,15.156885929494697
9,57,14.138213482123884
9,58,16.524316479857486
9,59,16.040194497243064
9,60,16.157449306733053
9,61,14.588372366595866
9,62,13.851325353062586
9,63,10.089354034168242
9,64,11.406933360208297
9,65,13.942331583395188
9,66,11.744307542598992
9,67,9.864749979873865
9,68,13.347580193882088
9,69,15.006265603350055
9,70,13.10490062756058
9,71,13.892471003765493
9,72,17.440612100786236
9,73,17.992295430296817
9,74,17.27364225540831
9,75,19.255502405548548
9,76,21.57499713646213
9,77,22.570514580462795
9,78,26.06939902104219
9,79,26.946706717954125
9,80,29.88459576514414
9,81,30.100265500317136
10,1,14.203591740191063
10,2,11.41496224457327
10,3,10.553855138580184
10,4,9.688338930109468
10,5,8.617646543419385
10,6,6.139097996629976
10,7,5.066489175943539
10,8,5.517669916289101
10,9,3.824296695300571
10,11,3.821585457167493
10,12,5.428224206561657
10,13,5.118796896749602
10,14,5.8260937295174715
10,15,7.229297842149277
10,16,8.880901099836137
10,17,10.164566797452569
10,18,12.015605756964401
10,19,13.250853030651204
10,20,14.729898588811736
10,21,16.566545080535306
10,22,17.695897332980685
10,23,18.991500043927292
10,24,20.938140232585567
10,25,22.529928147259366
10,26,23.67548208745745
10,27,24.938567527571433
10,28,24.91421849228402
10,29,28.275511897104682
10,30,27.132627472727844
10,31,23.92385680947244
10,32,25.96472602448647
10,33,27.31494765572726
10,34,25.364142206306287
10,35,27.071724896972388
10,36,25.513918920298043
10,37,21.94749108305882
10,38,21.665931402294575
10,39,20.712950611158316
10,40,17.760638254800668
10,41,16.863367795571655
10,42,17.243104477992205
10,43,14.94343714493913
10,44,12.21403948899535
10,45,13.109024134750642
10,46,13.216978376007743
10,47,9.720828451460713
10,48,8.485591115526454
10,49,11.219305891385954
10,50,10.470152134064215
10,51,7.168871116807016
10,52,9.46546720309362
10,53,12.29153150766185
10,54,10.695661543290962
10,55,9.99469769907863
10,56,13.34588680079847
10,57,12.746733621640656
10,58,15.164091929574914
10,59,14.502311669715558
10,60,15.10860261060835
10,61,14.365854848215314
10,62,14.623944990781247
10,63,10.962206780216286
10,64,11.294094449237761
10,65,14.505668688401231
10,66,13.188180082335514
10,67,10.642268234259662
10,68,13.529520779225942
10,69,16.02458669865581
10,70,14.480831373149151
10,71,14.325614721827455
10,72,17.887855868340072
10,73,19.148501192091686
10,74,18.206956010970814
10,75,19.484406277932717
10,76,21.77821049741145
10,77,23.38407802232768
10,78,26.75649394165258
10,79,27.174096995241353
10,80,30.110682838851716
10,81,30.275979754262483
11,1,16.331624446489187
11,2,13.01616753827735
11,3,12.364407083914111
11,4,10.495907731092965
11,5,10.158814624348633
11,6,8.794107494659816
11,7,6.396231202547259
11,8,5.316722194948968
11,9,5.450637849878175
11,10,3.821585457167493
11,12,3.824065501017049
11,13,5.692962613882618
11,14,5.719011168690253
11,15,4.916222007591045
11,16,6.068258469301812
11,17,8.576888123622043
11,18,10.19046339143347
11,19,10.448460168332204
11,20,12.236525060507637
11,21,14.524723696142964
11,22,15.163703921505974
11,23,16.034617064769407
11,24,18.369215161666055
11,25,20.054966053297502
11,26,20.744938842965055
11,27,22.01988518569548
11,28,21.81982477184727
11,29,25.025067066092994
11,30,23.74004056344626
11,31,20.422922753169534
11,32,22.282511510185973
11,33,23.671280677731623
11,34,21.687164207367683
11,35,23.57025577799435
11,36,22.158672520998408
11,37,18.492995376064233
11,38,18.230716051190388
11,39,17.65661280625111
11,40,14.676552590048455
11,41,13.401127333181483
11,42,14.133248975376624
11,43,12.27108756894048
11,44,9.056963518313568
11,45,10.006042647579646
11,46,10.954523743347165
11,47,7.809316136077407
11,48,6.168852066262624
11,49,9.68186654279138
11,50,9.995265075944038
11,51,7.509091061151566
11,52,9.364416189109118
11,53,12.615430226766117
11,54,12.08648585615168
11,55,11.745980988809775
11,56,14.468445633212777
11,57,12.983660117469443
11,58,14.51261425968461
11,59,12.960722757328405
11,60,13.01766994056419
11,61,12.655015513028195
11,62,12.87194650307277
11,63,9.269697922238551
11,64,8.605485205830389
11,65,11.630889841792479
11,66,10.563512304772946
11,67,7.4400826833342855
11,68,9.898036729992613
11,69,12.659974478167182
11,70,11.310755052460388
11,71,10.749738722832559
11,72,14.220142846980728
11,73,15.790894933984532
11,74,14.989956722459183
11,75,16.01220485229367
11,76,18.103275523420994
11,77,19.852137629201273
11,78,23.217467818570956
11,79,23.46186428224312
11,80,26.345605911738474
11,81,26.493278915388128
12,1,18.99779205260266
12,2,15.801363086388417
12,3,14.3896159484282
12,4,12.242435119522789
12,5,10.831178332433467
12,6,10.041556751729754
12,7,8.85534358004577
12,8,6.585811932034013
12,9,5.205586500149988
12,10,5.428224206561657
12,11,3.824065501017049
12,13,3.822770536229955
12,14,5.910252404963531
12,15,6.053331853983186
12,16,4.995768414758634
12,17,6.790240792146086
12,18,9.666084631527776
12,19,9.931511910921817
12,20,10.48402099785514
12,21,13.110896055001255
12,22,14.559874888068194
12,23,15.032889555404207
12,24,16.756245232173598
12,25,18.97661003259464
12,26,19.950190768285832
12,27,20.626327653438757
12,28,20.161687342425402
12,29,23.616583548967252
12,30,22.89617439338774
12,31,19.598554104362584
12,32,21.779611138423785
12,33,23.574273736689882
12,34,22.159339234733874
12,35,24.221450169026234
12,36,22.403004890601874
12,37,18.764119046201124
12,38,19.272472891531063
12,39,18.813908541746123
12,40,15.385299650996709
12,41,14.52297988600938
12,42,16.080484506594587
12,43,14.140525571495566
12,44,10.806568423664643
12,45,12.608093792419544
12,46,13.946513419991303
12,47,10.7590430561697
12,48,9.706440367634654
12,49,13.377587248152434
12,50,13.561886679162686
12,51,11.114610027724606
12,52,13.126145352775083
12,53,16.359287966011383
12,54,15.490994672826695
12,55,14.977890654610102
12,56,17.93361379373524
12,57,16.511151165591013
12,58,18.108914215347333
12,59,16.527868282666734
12,60,16.25018444280956
12,61,15.556144589813266
12,62,15.010150931028019
12,63,11.296202862666782
12,64,11.031841663382478
12,65,13.253230049571838
12,66,11.243055396083909
12,67,8.104556775932604
12,68,10.653937767996698
12,69,12.668126265733601
12,70,10.24774856895928
12,71,9.92817503644686
12,72,13.715373562695891
12,73,14.50357172258573
12,74,13.09923421537482
12,75,14.646994968789267
12,76,17.310592502591348
12,77,18.710541948919577
12,78,21.955368914609686
12,79,22.758778519651393
12,80,25.94572944742123
12,81,26.569075818441117
13,1,19.183725059511993
13,2,16.498085388732303
13,3,15.281723928952653
13,4,13.998329488980584
13,5,12.149335302624346
13,6,10.344898193979471
13,7,9.938884008845262
13,8,8.872335057686739
13,9,6.1256942948142346
13,10,5.118796896749602
13,11,5.692962613882618
13,12,3.822770536229955
13,14,3.8068917545202496
13,15,6.321461679731754
13,16,6.426325184758538
13,17,6.093522006097605
13,18,8.931042623886437
13,19,10.627539902065806
13,20,11.026642767649053
13,21,12.695111124429726
13,22,14.680037116080369
13,23,15.936332810598152
13,24,17.15712642174734
13,25,19.015504136825868
13,26,20.65295445319675
13,27,21.49243741980447
13,28,21.56808862682615
13,29,25.16871487329407
13,30,24.506142378059508
13,31,21.546081811508856
13,32,24.129840302717987
13,33,25.62530092061078
13,34,24.30613870740594
13,35,25.92850807259704
13,36,23.762989594799624
13,37,20.363553161631256
13,38,20.936225890927005
13,39,19.806393752714907
13,40,16.35312482148125
13,41,16.2684986724945
13,42,17.471895396090805
13,43,14.812897786562532
13,44,12.138718633474193
13,45,14.365913196334123
13,46,14.804291084207897
13,47,11.16027874313565
13,48,11.110883736796133
13,49,14.440531051981369
13,50,13.579269143070123
13,51,11.145997297598212
13,52,13.972023217347044
13,53,16.63497575337948
13,54,14.978452603735548
13,55,14.903342058157493
13,56,18.311100649899654
13,57,17.659748561562235
13,58,19.733739017733015
13,59,18.461005029541543
13,60,18.691759402498658
13,61,18.234814761345103
13,62,18.101025954071453
13,63,14.330190071803772
13,64,14.126848575878302
13,65,16.758008125781345
13,66,14.940319955600158
13,67,11.802635084748148
13,68,14.179101287921435
13,69,16.422427943953412
13,70,13.939553871640047
13,71,13.246237978889859
13,72,17.048263161587045
13,73,17.893151067816202
13,74,16.01353338253294
13,75,17.2595967787816
13,76,20.21910152495594
13,77,21.867912628157807
13,78,24.87949944124971
13,79,25.65095885447073
13,80,28.97729986058324
13,81,29.783690453750232
14,1,19.274977070461397
14,2,16.639916256147956
14,3,16.28803427735265
14,4,15.3014199250132
14,5,14.24675445758706
14,6,11.896029755632853
14,7,10.599157501908207
14,8,10.3935947894058
14,9,8.55567257724225
14,10,5.8260937295174715
14,11,5.719011168690253
14,12,5.910252404963531
14,13,3.8068917545202496
14,15,3.820523578085621
14,16,5.888041246305584
14,17,5.472313178066128
14,18,6.622161774550822
14,19,8.91979683416333
14,20,10.402542427230083
14,21,11.346940876219175
14,22,12.691632069891352
14,23,14.64262038851993
14,24,16.234307609117057
14,25,17.40361415019612
14,26,19.0432095430293
14,27,20.514013313050942
14,28,21.1371222520458
14,29,24.55891431002273
14,30,23.41257003039669
14,31,20.67261095571002
14,32,23.28776399268645
14,33,24.246483781696554
14,34,22.651314919414318
14,35,23.835075653625957
14,36,21.703741751405165
14,37,18.4705614982593
14,38,18.66776099287476
14,39,17.058797089864086
14,40,13.85945568139529
14,41,14.121388778451431
14,42,14.767165842577176
14,43,11.708907684046135
14,44,9.647595286710882
14,45,12.042499888097025
14,46,11.807362470980545
14,47,8.093882580493013
14,48,9.11213507324014
14,49,12.123114721278899
14,50,10.8116788642423
14,51,9.205504381612252
14,52,12.529312568952374
14,53,14.678584636683818
14,54,13.16596586557677
14,55,14.018646717662689
14,56,17.26346653829161
14,57,16.791955353225624
14,58,18.60441877916353
14,59,17.056145849152887
14,60,17.588680033379397
14,61,17.889999175848338
14,62,18.513046362325653
14,63,14.96898233671969
14,64,13.960819652817207
14,65,16.96741374741796
14,66,15.96498430554096
14,67,12.490155815743314
14,68,14.17399216029187
14,69,17.089870237599435
14,70,15.161067503615923
14,71,13.651258971826602
14,72,17.23951851672305
14,73,18.821328554469968
14,74,16.95264192302932
14,75,17.389549230568285
14,76,20.126502215361317
14,77,22.35957040839656
14,78,25.22597112463021
14,79,25.454810262630364
14,80,28.68137503693271
14,81,29.36671111756253
15,1,19.97728681350529
15,2,16.91085000435806
15,3,16.84892622579237
15,4,15.295023217401717
15,5,14.982338431674577
15,6,13.176726476888392
15,7,10.867672728027452
15,8,10.226232368006315
15,9,9.71895394588938
15,10,7.229297842149277
15,11,4.916222007591045
15,12,6.053331853983186
15,13,6.321461679731754
15,14,3.820523578085621
15,16,3.817092899694198
15,17,5.4955961212151685
15,18,5.607905790053675
15,19,6.4142660519193475
15,20,8.91561526476543
15,21,10.385544820797605
15,22,10.723477915761373
15,23,12.313109037515462
15,24,14.647087253173666
15,25,15.765723623627308
15,26,16.73561921448186
15,27,18.444149457289956
15,28,18.937110298551417
15,29,22.114443499826248
15,30,20.609705789487982
15,31,17.72077388874956
15,32,20.050418256053597
15,33,20.91152701123906
15,34,19.078770932875507
15,35,20.387310740692676
15,36,18.539588397035356
15,37,15.145596209672581
15,38,15.103094588339383
15,39,13.826743779798868
15,40,10.674563383877404
15,41,10.439664053353516
15,42,11.207916574899775
15,43,8.536742245903069
15,44,5.940715914864156
15,45,8.477521674498092
15,46,8.901788642713958
15,47,5.616464764978079
15,48,6.594073006353915
15,49,9.95426932483963
15,50,9.649472004241346
15,51,8.807821744559572
15,52,11.560136785628584
15,53,13.962757749274262
15,54,13.463092031255629
15,55,14.44294836916977
15,56,17.10656744196842
15,57,15.949449663711293
15,58,17.02280959209107
15,59,14.82599615090174
15,60,15.007073709199869
15,61,15.760341972560486
15,62,16.558773089532473
15,63,13.33147232077406
15,64,11.491298563552578
15,65,14.309069549713628
15,66,13.849221222874299
15,67,10.158132372715345
15,68,11.073811051440419
15,69,14.32387169939835
15,70,12.899803729437723
15,71,10.857803082847651
15,72,14.163575132408914
15,73,16.264264186907045
15,74,14.701123653677058
15,75,14.674878527575776
15,76,17.025339763275
15,77,19.51779645946748
15,78,22.391577259400627
15,79,22.265981570298308
15,80,25.335328446467628
15,81,25.852093525868064
16,1,22.3461898582692
16,2,19.05819173858266
16,3,18.357689444481085
16,4,16.183702588697276
16,5,15.451789937209586
16,6,14.424006205570182
16,7,12.440012335300176
16,8,10.600837412031405
16,9,10.004587930286519
16,10,8.880901099836137
16,11,6.068258469301812
16,12,4.995768414758634
16,13,6.426325184758538
16,14,5.888041246305584
16,15,3.817092899694198
16,17,3.8285139222205675
16,18,5.5674506962147445
16,19,4.9487704729194
16,20,6.175920863267408
16,21,8.786133206060121
16,22,9.672021918115352
16,23,10.243745901535974
16,24,12.326832809641008
16,25,14.25050067460458
16,26,15.087162106020301
16,27,16.108981074299454
16,28,16.075333792820675
16,29,19.43840537617118
16,30,18.41129100972123
16,31,15.334072669868846
16,32,17.810216941583956
16,33,19.22093122330221
16,34,17.914959416995618
16,35,19.670433082581503
16,36,17.600130970133023
16,37,14.07979622190468
16,38,14.865276927313118
16,39,14.216688500600283
16,40,10.614044051539718
16,41,10.296631792557042
16,42,12.28543442411415
16,43,10.271332321428517
16,44,7.168292688926355
16,45,10.061544407314228
16,46,11.607933483930788
16,47,8.942825747119358
16,48,9.191228724789356
16,49,12.873159938084388
16,50,13.21618371765399
16,51,12.1131326476797
16,52,14.408372732032328
16,53,17.243033446003437
16,54,16.88709194561395
16,55,17.360499822563792
16,56,20.007548701041756
16,57,18.435886571196715
16,58,19.320919326270474
16,59,16.919049626288427
16,60,16.498394671512457
16,61,16.855915950857774
16,62,16.886663153057768
16,63,13.624696188825459
16,64,11.91204867938334
16,65,13.896773653999778
16,66,12.784597988184448
16,67,9.02066028013156
16,68,9.744949337198554
16,69,12.371675052728628
16,70,10.240315975977257
16,71,8.088168800625303
16,72,11.626755029301993
16,73,13.202413208083732
16,74,11.215110589420172
16,75,11.52052788516894
16,76,14.302764917122868
16,77,16.51310016921935
16,78,19.33829344856364
16,79,19.66448913760181
16,80,22.971725831511492
16,81,23.863976385220333
17,1,24.193165612740703
17,2,21.234617083750003
17,3,20.469168970829667
17,4,18.712208838737446
17,5,17.43206671079252
17,6,15.966725029078319
17,7,14.633306786627177
17,8,13.133120203727307
17,9,11.495908228879735
17,10,10.164566797452569
17,11,8.576888123622043
17,12,6.790240792146086
17,13,6.093522006097605
17,14,5.472313178066128
17,15,5.4955961212151685
17,16,3.8285139222205675
17,18,3.821453461645269
17,19,5.387540458088083
17,20,5.238609418473386
17,21,6.640172024765531
17,22,8.808156872269826
17,23,10.131877776846617
17,24,11.161624553330526
17,25,12.930643149804538
17,26,14.702268650823417
17,27,15.586656579472768
17,28,16.088168118663113
17,29,19.67232808884333
17,30,19.00157265201745
17,31,16.431214547417973
17,32,19.4552082241792
17,33,20.68078191769798
17,34,19.821009267217736
17,35,21.130393550800335
17,36,18.507779237436832
17,37,15.41205566775498
17,38,16.667537008092697
17,39,15.37875455034974
17,40,11.672335441454948
17,41,12.521808945147322
17,42,14.42327080599647
17,43,11.754185703675232
17,44,9.583252565521782
17,45,12.966621250440737
17,46,13.771868707061694
17,47,10.821102712270703
17,48,11.997616628210796
17,49,15.433710218189095
17,50,14.942001591505424
17,51,13.918122257334542
17,52,16.82968415460504
17,53,19.27407066997932
17,54,18.304003850855885
17,55,19.097728665941972
17,56,22.114104790768067
17,57,21.068017976525095
17,58,22.310390123314118
17,59,20.106387146488373
17,60,19.976012707222896
17,61,20.38743540637291
17,62,20.481498899619186
17,63,17.05943615275751
17,64,15.593899403481815
17,65,17.69553258323991
17,66,16.381752177597306
17,67,12.69293674117024
17,68,13.502323457542742
17,69,15.915985490685902
17,70,13.391633610124462
17,71,11.237876921065151
17,72,14.661000771844611
17,73,15.865875613166097
17,74,13.200519777299002
17,75,13.361346991679508
17,76,16.60159204664487
17,77,18.849936462296952
17,78,21.26687635940147
17,79,21.784258271915135
17,80,25.3020721261801
17,81,26.594217882882706
18,1,25.266556882669217
18,2,22.37730617290325
18,3,22.228775485278003
18,4,20.67820679841975
18,5,19.927257328047762
18,6,18.117971113686483
18,7,16.273560295218157
18,8,15.330660121222964
18,9,14.160839869938481
18,10,12.015605756964401
18,11,10.19046339143347
18,12,9.666084631527776
18,13,8.931042623886437
18,14,6.622161774550822
18,15,5.607905790053675
18,16,5.5674506962147445
18,17,3.821453461645269
18,19,3.8265543822903236
18,20,5.479877456905544
18,21,5.176229043025828
18,22,6.16495185424174
18,23,8.664750260064729
18,24,10.139799830749588
18,25,10.833287716388124
18,26,12.642998960831166
18,27,14.364390121129983
18,28,15.628625124300573
18,29,18.897618399953537
18,30,17.662455962481335
18,31,15.49445499537556
18,32,18.56902424099121
18,33,19.10513483243179
18,34,18.044085971407302
18,35,18.762913283074493
18,36,16.06308142016054
18,37,13.278941370756675
18,38,14.272277041327644
18,39,12.349305100675965
18,40,8.861482374966993
18,41,10.530813282520564
18,42,11.976436838483876
18,43,8.929708217424267
18,44,7.859207831428556
18,45,11.55956568109493
18,46,11.808198847124665
18,47,9.38605748572613
18,48,11.61953093886314
18,49,14.531151022794502
18,50,13.849870835222742
18,51,13.824413373571097
18,52,16.849768207542613
18,53,18.762672100966416
18,54,18.072850095667174
18,55,19.57004852846412
18,56,22.3158663728392
18,57,21.379740526669387
18,58,22.27573767828346
18,59,19.7908553813229
18,60,19.84623621389663
18,61,20.95831396054718
18,62,21.657740043415497
18,63,18.523975431936613
18,64,16.41163282108957
18,65,18.673514203938247
18,66,18.10147741033507
18,67,14.288832536954136
18,68,14.3369576935964
18,69,17.241195978374353
18,70,15.340834989763135
18,71,12.492702439846811
18,72,15.42206735068552
18,73,17.3318163981681
18,74,14.781584257417167
18,75,13.949437118499928
18,76,16.813417685082015
18,77,19.664370698534945
18,78,21.788416562895062
18,79,21.68665923908556
18,80,25.056032952139944
18,81,26.272126625736767
19,1,26.23693821207311
19,2,22.999515884618948
19,3,22.773564508736786
19,4,20.681435995292826
19,5,20.274406719140256
19,6,19.06746355166815
19,7,16.789664182296395
19,8,15.275315279621857
19,9,14.876020460614887
19,10,13.250853030651204
19,11,10.448460168332204
19,12,9.931511910921817
19,13,10.627539902065806
19,14,8.91979683416333
19,15,6.4142660519193475
19,16,4.9487704729194
19,17,5.387540458088083
19,18,3.8265543822903236
19,20,3.8295374459252596
19,21,5.312857705082336
19,22,4.851217248599627
19,23,5.909086570954083
19,24,8.459461547248566
19,25,9.680273902073777
19,26,10.426505801736534
19,27,12.043498354388191
19,28,12.809799310495922
19,29,15.941578566088518
19,30,14.526366986056836
19,31,11.993842785317494
19,32,14.887509112586164
19,33,15.643091110513398
19,34,14.594938044631785
19,35,15.753752701633283
19,36,13.230385108438302
19,37,10.070955586429193
19,38,11.36077246604487
19,39,10.265334721762278
19,40,6.466800209831535
19,41,7.575150924200471
19,42,9.981732839089819
19,43,7.973657739026758
19,44,6.257095295313999
19,45,9.976511603295675
19,46,11.346270214585234
19,47,9.75150637141548
19,48,11.314290088950683
19,49,14.3812723931656
19,50,14.699086593460077
19,51,14.823901256260193
19,52,17.204540961290547
19,53,19.474601905782645
19,54,19.46570513645661
19,55,20.690845120034847
19,56,23.054753295916772
19,57,21.50970046867058
19,58,21.853843919751586
19,59,18.94418898521794
19,60,18.486294830263446
19,61,19.687266710600156
19,62,20.171931141823922
19,63,17.375060938227435
19,64,14.861439956678216
19,65,16.50847015820544
19,66,16.13492111064153
19,67,12.411806369020054
19,68,11.64521764658162
19,69,14.383891299994557
19,70,12.752961710618457
19,71,9.441115753873829
19,72,11.940263506555054
19,73,14.088161886980176
19,74,11.69109138280653
19,75,10.398591008408099
19,76,13.057369262016982
19,77,16.06089569180458
19,78,18.151564483818294
19,79,17.90031782599281
19,80,21.237480590591016
19,81,22.460615074145093
20,1,28.458108776089226
20,2,25.219337892960187
20,3,24.485473757917994
20,4,22.21732830561177
20,5,21.250819302008107
20,6,20.343829390060645
20,7,18.59500384076053
20,8,16.565076936787655
20,9,15.654461752009286
20,10,14.729898588811736
20,11,12.236525060507637
20,12,10.48402099785514
20,13,11.026642767649053
20,14,10.402542427230083
20,15,8.91561526476543
20,16,6.175920863267408
20,17,5.238609418473386
20,18,5.479877456905544
20,19,3.8295374459252596
20,21,3.8147620678947907
20,22,5.5346445384129614
20,23,5.322025302074507
20,24,6.288183516084011
20,25,8.736428014915171
20,26,10.026074202751111
20,27,10.466618898778616
20,28,10.867312280869118
20,29,14.446511963555334
20,30,13.957171048927828
20,31,11.58541536746506
20,32,14.910239124018688
20,33,16.215504516250967
20,34,16.024132222542708
20,35,17.390873776603584
20,36,14.472933496447267
20,37,11.63359663624389
20,38,13.856766586714343
20,39,13.114221057534488
20,40,9.369387738530632
20,41,10.636101443211222
20,42,13.531495046082167
20,43,11.753510879509872
20,44,9.952273706527025
20,45,13.540989039127767
20,46,15.122449876014374
20,47,13.25516244340321
20,48,14.485536825454256
20,49,17.82641226212624
20,50,18.06594318612639
20,51,17.701953770826318
20,52,20.16958657151766
20,53,22.677187876200247
20,54,22.356830286660806
20,55,23.269399448725895
20,56,25.89607062902007
20,57,24.350209161753305
20,58,24.912138824141326
20,59,22.122029837563925
20,60,21.47702966649993
20,61,22.236167876497767
20,62,22.166765201146593
20,63,19.2035863486142
20,64,17.13074294259153
20,65,18.36585711516979
20,66,17.313454136053494
20,67,13.7562522018323
20,68,13.24817839155708
20,69,15.201827978364797
20,70,12.807880278305333
20,71,9.822220660932077
20,72,12.33677169191091
20,73,13.531364520569035
20,74,10.369372462336766
20,75,9.488599215730067
20,76,12.871146972140291
20,77,15.391325735200526
20,78,17.17539149879768
20,79,17.615945199302008
20,80,21.259681008567235
20,81,23.027150581640534
21,1,30.222180807123653
21,2,27.217371809798504
21,3,26.780035817777332
21,4,24.885416042994688
21,5,23.89288648689803
21,6,22.501079917348516
21,7,20.825770687713575
21,8,19.29548235303618
21,9,18.05817610098341
21,10,16.566545080535306
21,11,14.524723696142964
21,12,13.110896055001255
21,13,12.695111124429726
21,14,11.346940876219175
21,15,10.385544820797605
21,16,8.786133206060121
21,17,6.640172024765531
21,18,5.176229043025828
21,19,5.312857705082336
21,20,3.8147620678947907
21,22,3.823145328717708
21,23,5.61751316486983
21,24,5.402703640162823
21,25,6.452771026092732
21,26,8.96860357299041
21,27,9.98993837117837
21,28,11.639784788374929
21,29,14.976696582158631
21,30,14.364286705317484
21,31,12.881263742309795
21,32,16.48088538140378
21,33,17.06960162192795
21,34,17.04158349685166
21,35,17.59838081221698
21,36,14.26374122857006
21,37,12.154065705720093
21,38,14.406813393514945
21,39,12.795475938094459
21,40,9.394460004041587
21,41,11.860049299624974
21,42,14.205514990786867
21,43,11.917023257998551
21,44,11.262635160521222
21,45,15.058840529763168
21,46,15.868612019622052
21,47,14.106919503880006
21,48,16.187465262483357
21,49,19.147074760759306
21,50,18.81141910580975
21,51,18.916860324727654
21,52,21.767309091350185
21,53,23.787726798848126
21,54,23.239498964229174
21,55,24.66476342179838
21,56,27.373578871534075
21,57,26.21413442819188
21,58,26.855749534593972
21,59,24.086177312731216
21,60,23.759557869175758
21,61,24.882986071109215
21,62,25.211650414130247
21,63,22.21773369476646
21,64,19.992969290275084
21,65,21.55569615491957
21,66,20.77374138839158
21,67,17.09980581517854
