1,2,3.806436421496748
1,3,7.256191894715109
1,4,8.172066132067975
1,5,6.125268893650053
1,6,4.563457943611377
1,7,4.418916417896873
1,8,6.595941442343074
1,9,7.0235386162210816
1,10,9.417418023712496
1,11,9.283379839569307
1,12,11.188327833281063
1,13,10.121830754823328
1,14,7.154174738874186
1,15,5.509680216307322
1,16,8.416041025435566
1,17,9.413151784718961
1,18,12.782332003540674
1,19,14.33309483007094
1,20,13.832769527300425
1,21,15.755291227587103
1,22,18.025717037707928
1,23,19.050551823182083
1,24,19.99785785618496
1,25,22.023640212326114
1,26,23.76019921711761
1,27,24.678913538384933
1,28,25.934202634509198
1,29,28.33961689241143
1,30,29.482803676291137
1,31,30.32645130962886
1,32,31.890386877316008
1,33,34.098399744290084
1,34,35.021540095567204
1,35,35.91202727655418
1,36,39.5586748104434
1,37,40.844616666645976
1,38,41.55435125964764
1,39,45.1589858974813
1,40,45.83008248799804
1,41,43.83974900203731
1,42,40.16172025987923
1,43,36.9744742701092
1,44,35.601591928050794
1,45,32.78320036042411
1,46,29.6988978257242
1,47,25.996571705550437
1,48,24.51781878027915
1,49,21.133572694699982
1,50,19.30054664119961
1,51,22.076315931015408
1,52,25.395648781153213
1,53,28.691429239587805
1,54,32.19983387926396
1,55,35.51916943512627
1,56,36.30223549202955
1,57,39.673156161481735
1,58,40.634450004066395
1,59,40.281953450721325
1,60,37.83201387451527
1,61,34.23271548235553
1,62,32.033954346667144
1,63,29.123220096730513
1,64,26.42655335139618
1,65,23.53097677971184
1,66,20.180496069932655
1,67,17.775564591324013
1,68,14.995162840203575
1,69,12.359868271375827
1,70,10.684517131962842
1,71,10.19868709356576
1,72,13.238784991451272
1,73,15.166780774770476
1,74,17.912970931177618
1,75,19.111848557576128
1,76,22.53554898308173
1,77,23.016909655545764
1,78,24.727392439169638
1,79,24.53306740817591
1,80,27.892543050768776
1,81,29.39811260571549
1,82,32.99171040558382
1,83,35.70813555832137
1,84,38.399971953271454
1,85,42.17475938615248
1,86,42.86182666323005
1,87,40.49573160444042
1,88,37.55291797990128
1,89,33.91218119503741
1,90,33.43009096049022
1,91,32.47214446560873
1,92,31.012914087957892
1,93,33.888590741181815
1,94,32.20554829403524
1,95,31.182979856577564
1,96,33.06554407532296
1,97,29.820412913051005
1,98,29.529342150626398
1,99,27.589168055492994
1,100,25.986954930606178
1,101,25.331815275822578
1,102,21.778440817715715
1,103,22.382948241174667
1,104,23.016480714020332
1,105,19.58116024183426
1,106,18.03289767166015
1,107,21.3578770408681
1,108,20.738806683099725
1,109,18.076370159931155
1,110,18.860373919126506
1,111,15.918911021499097
2,1,3.806436421496748
2,3,3.8265213120172006
2,4,5.456829960184187
2,5,5.360097581496203
2,6,6.30864628089127
2,7,7.227502095368046
2,8,10.120128600110963
2,9,10.667989824900571
2,10,12.50931559757879
2,11,12.02073702124175
2,12,12.973118212294258
2,13,11.479307545811647
2,14,7.809209507239919
2,15,5.360413322493219
2,16,6.512481616611786
2,17,6.253761832306235
2,18,9.278702575087525
2,19,11.08274553154415
2,20,11.22333039847943
2,21,12.908893173612807
2,22,14.781145246193386
2,23,16.216645425869125
2,24,17.413366966814586
2,25,19.03272050647789
2,26,20.732599804845787
2,27,22.0578319216174
2,28,23.273386807715372
2,29,25.37886863440694
2,30,26.69099955508824
2,31,27.81157813909358
2,32,29.170016860034522
2,33,31.223442341747525
2,34,32.38397684177336
2,35,33.46455892244458
2,36,37.06694031878761
2,37,38.26341798891471
2,38,39.19057974711508
2,39,42.7779678966751
2,40,43.673397914869696
2,41,41.57528144351064
2,42,37.870875782774796
2,43,34.59152872508343
2,44,32.98880470471272
2,45,30.217126845553967
2,46,26.993621252343562
2,47,23.221141769059297
2,48,21.89373238468311
2,49,18.312440455630117
2,50,16.914485952194166
2,51,19.92440695341567
2,52,23.07918634170021
2,53,26.503383664845092
2,54,30.002222638479235
2,55,33.24992039361459
2,56,34.30172207115273
2,57,37.7393941497304
2,58,38.6665209888412
2,59,38.58162600942746
2,60,36.30513242597767
2,61,32.84861196882939
2,62,30.570959247277635
2,63,27.942597409624575
2,64,25.36462015326141
2,65,22.859272939332353
2,66,19.467861009226397
2,67,16.718710909675284
2,68,14.415908165748318
2,69,11.297192994541952
2,70,10.329419173291152
2,71,11.209215911068126
2,72,14.076315919210847
2,73,15.376812206180627
2,74,18.437601996505357
2,75,19.209232082914667
2,76,22.873769455262515
2,77,23.120290230452675
2,78,24.281312839097705
2,79,23.565197073843784
2,80,26.709633119737767
2,81,27.776601745328072
2,82,31.311684416916467
2,83,33.760258109352634
2,84,36.47870780998396
2,85,40.2628849644128
2,86,40.6603465883787
2,87,38.19969128123889
2,88,35.17368859126363
2,89,31.643921648275267
2,90,31.412634347572112
2,91,30.33628583687231
2,92,29.13485868201779
2,93,32.11295572229834
2,94,30.437831024292972
2,95,29.029702999931878
2,96,30.756008915790247
2,97,27.381364406786354
2,98,27.115422817314265
2,99,25.551472450569868
2,100,24.228576240719814
2,101,24.10488086278408
2,102,20.778539244721372
2,103,21.897367456227123
2,104,22.936575739572504
2,105,19.50046814083776
2,106,18.353918399196104
2,107,21.893796918414168
2,108,21.90460769589095
2,109,19.52751022728021
2,110,20.94560054437505
2,111,18.3798947152629
3,1,7.256191894715109
3,2,3.8265213120172006
3,4,3.81871668178238
3,5,5.97585489741919
3,6,8.300751548660703
3,7,10.37456278540886
3,8,13.579140960187715
3,9,14.230452830649929
3,10,16.251592075172706
3,11,15.839006673054284
3,12,16.642103935268256
3,13,14.917929495699488
3,14,11.187901952889606
3,15,8.293904105818628
3,16,7.835579945737452
3,17,6.353120137339068
3,18,7.838617785918654
3,19,10.489002173571295
3,20,11.549046095111196
3,21,12.35315198708682
3,22,13.688282256758475
3,23,15.933993606946194
3,24,17.167870253200384
3,25,18.02613408560925
3,26,19.89839782860846
3,27,21.77394564997077
3,28,22.656027154468447
3,29,24.34882408763252
3,30,26.0723381160922
3,31,27.422102579103292
3,32,28.330367480493948
3,33,30.29354889073256
3,34,31.870675493507235
3,35,33.046687860977734
3,36,36.50585102517004
3,37,37.42210653184369
3,38,38.48630784867429
3,39,41.969222580078856
3,40,42.77215616106151
3,41,40.433015304827144
3,42,36.764010237434704
3,43,33.32674794009835
3,44,31.64209658610813
3,45,29.129242647600098
3,46,25.675230922482303
3,47,21.87747282751827
3,48,20.402200078523
3,49,16.69991947901423
3,50,16.07776414253287
3,51,19.47785630369896
3,52,22.52269790838677
3,53,25.8991579928019
3,54,29.445152004471336
3,55,32.46355918650051
3,56,33.63999144746735
3,57,37.016391656046544
3,58,37.6872482590218
3,59,37.723026627879214
3,60,35.76222322181778
3,61,32.47963249115531
3,62,30.369694454548696
3,63,28.11136210939697
3,64,25.885315302121406
3,65,23.823510664557293
3,66,20.32724133131651
3,67,17.632074001390684
3,68,16.052931760011788
3,69,12.516683474914498
3,70,11.681975329055827
3,71,13.40277340199316
3,72,15.633396053918336
3,73,16.771607718951607
3,74,20.172398594577313
3,75,20.934477195807762
3,76,24.6423148972107
3,77,24.412971827314745
3,78,25.05426662558024
3,79,23.76852461910699
3,80,26.547636132560633
3,81,27.12466939247662
3,82,30.460382875994664
3,83,32.69388731410796
3,84,35.23321954962573
3,85,39.03037852703157
3,86,39.1344014388575
3,87,36.7650214771306
3,88,33.548382770186315
3,89,30.154313485900186
3,90,29.942256324078205
3,91,28.510965239265506
3,92,27.334070350325046
3,93,30.192892634631825
3,94,28.30288798204064
3,95,26.619452308775763
3,96,28.434009054244708
3,97,25.101317891368694
3,98,25.18897087638267
3,99,24.012325781714036
3,100,23.225043331340864
3,101,23.5514585881006
3,102,20.58980486286516
3,103,21.87305621562837
3,104,23.497813803443375
3,105,20.327343073573164
3,106,19.191880824639924
3,107,22.663027888645317
3,108,23.25329746108826
3,109,20.908762609906343
3,110,22.795895785675732
3,111,20.691989013856332
4,1,8.172066132067975
4,2,5.456829960184187
4,3,3.81871668178238
4,5,3.7855121259608304
4,6,7.362187240868543
4,7,9.669299997744671
4,8,13.364669840048865
4,9,15.002423284470856
4,10,17.27793483072308
4,11,16.159636065443408
4,12,16.944325420888433
4,13,14.470125913088522
4,14,11.095064496150489
4,15,7.491949494472012
4,16,6.2877915073342585
4,17,6.225823143690972
4,18,7.396232086584282
4,19,10.710078621181115
4,20,10.83322157616298
4,21,10.7892678902088
4,22,12.913375075854105
4,23,15.2711616124069
4,24,15.653092032262405
4,25,16.551616180665953
4,26,19.017869725790487
4,27,20.568847988945524
4,28,20.928631358889913
4,29,22.926616672765743
4,30,24.915866127288187
4,31,25.809947716845922
4,32,26.542029638869334
4,33,28.88124839003533
4,34,30.517652494754415
4,35,31.294210097175544
4,36,34.66867875172542
4,37,35.38147114746718
4,38,36.145566087228545
4,39,39.56367054958981
4,40,39.89657796908595
4,41,37.51942537988071
4,42,33.88806185496301
4,43,30.452048326314248
4,44,29.064412589342066
4,45,26.66433281175076
4,46,23.227724554340316
4,47,19.491969768306014
4,48,17.603008979400446
4,49,14.102973479068542
4,50,13.230745630794727
4,51,16.71873904182891
4,52,20.028702514950712
4,53,23.180023008675555
4,54,26.85159967667729
4,55,29.78860739527076
4,56,30.671997376908035
4,57,33.93827468504949
4,58,34.48837479057758
4,59,34.32172215497575
4,60,32.35519080678429
4,61,29.025598577926804
4,62,27.089362366222513
4,63,24.82768410360502
4,64,22.79844171989411
4,65,20.799889171197304
4,66,17.170777917744022
4,67,14.84866073134979
4,68,13.71403253424886
4,69,9.9658970902561
4,70,8.716229080510928
4,71,10.929825597571638
4,72,12.572079341542251
4,73,13.58430036765857
4,74,17.16909265931137
4,75,18.15332408267568
4,76,21.765933059979524
4,77,21.162641596407262
4,78,21.662524820902302
4,79,20.277576283917462
4,80,23.004632118835445
4,81,23.66909927765997
4,82,26.995109631489854
4,83,29.39679544140725
4,84,31.86762189466668
4,85,35.68116193589921
4,86,35.96819682429767
4,87,33.71528731082026
4,88,30.50901078624951
4,89,27.008497409439055
4,90,26.574785071004335
4,91,25.21729865482911
4,92,23.914218052895304
4,93,26.814409788170515
4,94,25.064108708852512
4,95,23.588603086486152
4,96,25.38950627636751
4,97,22.088045444796048
4,98,22.083702363517954
4,99,20.60354264124761
4,100,19.694650032328447
4,101,19.837363066722144
4,102,16.86715345799386
4,103,18.079197135090787
4,104,19.82758333103994
4,105,16.79330696110047
4,106,15.652003841855047
4,107,19.098418441818684
4,108,19.983410960137697
4,109,17.853541392955204
4,110,20.135645912726943
4,111,18.455919276188762
5,1,6.125268893650053
5,2,5.360097581496203
5,3,5.97585489741919
5,4,3.7855121259608304
5,6,3.7855528720144553
5,7,6.413719436710522
5,8,10.139664161048904
5,9,12.23080887896596
5,10,14.930181413549446
5,11,13.791188784531384
5,12,15.215143967240222
5,13,12.73613760180051
5,14,9.82392955667442
5,15,6.149949802894813
5,16,6.73413957656277
5,17,8.302584693310061
5,18,10.51598477126143
5,19,13.368410775615677
5,20,12.684511650894343
5,21,13.086493592034227
5,22,15.77511741736052
5,23,17.600072980705594
5,24,17.68035531714884
5,25,19.135853397365675
5,26,21.66365256577763
5,27,22.71820661756154
5,28,23.10833822714633
5,29,25.502769718013628
5,30,27.309425002484364
5,31,27.851348336825772
5,32,28.815798287604885
5,33,31.372580952966075
5,34,32.74626939798759
5,35,33.270594400833296
5,36,36.695534322773256
5,37,37.48698617558021
5,38,37.9709010044814
5,39,41.40400153859559
5,40,41.420962710990615
5,41,39.1591878669223
5,42,35.561981141093376
5,43,32.23515498629249
5,44,31.152548292174362
5,45,28.703273758981275
5,46,25.444088519912594
5,47,21.80676289092468
5,48,19.722244425336978
5,49,16.521756566498542
5,50,14.99291942885283
5,51,18.17796456618792
5,52,21.73634478819806
5,53,24.72762490239152
5,54,28.435628952247868
5,55,31.455876010209302
5,56,31.992326012515036
5,57,35.17350092059438
5,58,35.746342454496215
5,59,35.240738102498206
5,60,33.06919435875773
5,61,29.552250562227897
5,62,27.72528427936796
5,63,25.11662511857083
5,64,22.9611545222486
5,65,20.494424742594244
5,66,16.79563378736105
5,67,14.878444149849566
5,68,13.206671676740692
5,69,9.761144777912547
5,70,7.321574562240999
5,71,8.309772183387006
5,72,10.043823898083064
5,73,11.90596345009329
5,74,15.402953080060326
5,75,16.976169804957184
5,76,20.408414506982503
5,77,19.932825724307722
5,78,21.032348839974677
5,79,20.216188857390954
5,80,23.231328071355268
5,81,24.448109738402405
5,82,27.859962951836863
5,83,30.611402237260677
5,84,33.04545388764075
5,85,36.8537343278049
5,86,37.50323002536361
5,87,35.37600747070869
5,88,32.27502002403011
5,89,28.631119762676146
5,90,27.866948267075543
5,91,26.67339036841463
5,92,25.03556390169526
5,93,27.819339289431777
5,94,26.082110070776995
5,95,25.123033000698317
5,96,27.105641810509905
5,97,23.982233840052476
5,98,23.918731738970056
5,99,21.918672034090942
5,100,20.6191111082649
5,101,20.052565366046917
5,102,16.73463027897559
5,103,17.29698299538619
5,104,18.636531902777907
5,105,15.54004247071266
5,106,13.822498701011215
5,107,17.157196745953794
5,108,17.464509842719618
5,109,14.961937961870012
5,110,16.851826690027234
5,111,14.94815762663727
6,1,4.563457943611377
6,2,6.30864628089127
6,3,8.300751548660703
6,4,7.362187240868543
6,5,3.7855528720144553
6,7,3.8104613477800937
6,8,7.002518885836199
6,9,9.113844228586638
6,10,12.298501059722634
6,11,11.602568427420634
6,12,13.847723032766238
6,13,11.895664247486419
6,14,9.53541281725137
6,15,6.706235452221453
6,16,8.995331769486208
6,17,10.929612159201719
6,18,13.751643674958816
6,19,16.142127856167864
6,20,15.233770894374683
6,21,16.212239134333398
6,22,18.988645466722144
6,23,20.407864502704225
6,24,20.584698840987482
6,25,22.41264215627651
6,26,24.769489866534617
6,27,25.57066462497631
6,28,26.185013414037524
6,29,28.759350453560355
6,30,30.32229887613276
6,31,30.763568234441294
6,32,31.98065886988218
6,33,34.5603846299294
6,34,35.69682075942762
6,35,36.1744064828112
6,36,39.670212479921965
6,37,40.609321242679506
6,38,40.98225128525345
6,39,44.44940413427301
6,40,44.39233434356986
6,41,42.24699380129848
6,42,38.67059883203991
6,43,35.43836276065888
6,44,34.48114382017813
6,45,31.952414197176964
6,46,28.824164496513923
6,47,25.23486508517671
6,48,23.16995678905675
6,49,20.087928237763705
6,50,18.24452398596062
6,51,21.159589656880673
6,52,24.766354588984196
6,53,27.710519135114698
6,54,31.37863829356507
6,55,34.48868029606064
6,56,34.86049538452121
6,57,38.003262811176704
6,58,38.64144652778907
6,59,37.9359938189576
6,60,35.60700307467233
6,61,31.97815000864741
6,62,30.18599200126701
6,63,27.31637685764678
6,64,24.997345129117782
6,65,22.14622171496091
6,66,18.555616928768302
6,67,16.86344213744004
6,68,14.605539183743645
6,69,11.733543862727375
6,70,8.871562130792107
6,71,8.122098625773692
6,72,10.14332787316682
6,73,12.781196944396676
6,74,15.862290576196362
6,75,17.821141204349914
6,76,21.01559204370762
6,77,20.869662662924046
6,78,22.56011669535349
6,79,22.29990659881446
6,80,25.519699732709153
6,81,27.13169378178225
6,82,30.583574890719696
6,83,33.53229956030821
6,84,35.94948011811969
6,85,39.73102090901172
6,86,40.60465100077138
6,87,38.54135629631029
6,88,35.525690585712795
6,89,31.82196641008063
6,90,30.886820950048612
6,91,29.7904145218973
6,92,27.945640495262747
6,93,30.589179107536854
6,94,28.80487559361371
6,95,28.176553983348086
6,96,30.308119133977847
6,97,27.32203594212181
6,98,27.262591596973724
6,99,25.011267403130248
6,100,23.4892919123704
6,101,22.45966639129617
6,102,18.957582981810464
6,103,18.98963864651688
6,104,19.86039226733816
6,105,16.768921076566013
6,106,14.604932334397994
6,107,17.657310114053885
6,108,17.17997518081035
6,109,14.230936958803591
6,110,15.302589934283056
6,111,12.876722999169717
7,1,4.418916417896873
7,2,7.227502095368046
7,3,10.37456278540886
7,4,9.669299997744671
7,5,6.413719436710522
7,6,3.8104613477800937
7,8,3.807063730405441
7,9,6.600868796505113
7,10,9.295290966210361
7,11,7.989370730478319
7,12,10.313701297724519
7,13,8.47412339716204
7,14,6.84406801606657
7,15,5.298141338634221
7,16,8.680824634146168
7,17,11.201902308761527
7,18,14.597260321819107
7,19,16.22861618350289
7,20,14.721133976795349
7,21,16.334739217818854
7,22,19.293034343830186
7,23,20.002453636085583
7,24,20.19555477303339
7,25,22.58575884273205
7,26,24.658393707251193
7,27,24.996406766602718
7,28,25.947742994769317
7,29,28.781399982821465
7,30,29.91561235273247
7,31,30.202902289931828
7,32,31.833776413727964
7,33,34.39278857978222
7,34,35.1277414450955
7,35,35.573398261996985
7,36,39.172918312628966
7,37,40.40915577082798
7,38,40.72945579513206
7,39,44.28691727878679
7,40,44.50667157154504
7,41,42.64439611542153
7,42,39.042053487925735
7,43,36.00535090637336
7,44,35.00972269940751
7,45,32.214454635062665
7,46,29.353603847337524
7,47,25.835998109397536
7,48,24.122686187196102
7,49,21.150616636746687
7,50,18.758892480396298
7,51,21.17445349112538
7,52,24.68285913153595
7,53,27.675432409995423
7,54,31.18778641650949
7,55,34.4995525675025
7,56,34.872255719553074
7,57,38.09780906332623
7,58,39.06562276484594
7,59,38.39277329207
7,60,35.7664352180937
7,61,32.05093320829118
7,62,29.999290402826922
7,63,26.849891166171304
7,64,24.16305272229144
7,65,20.981357599422896
7,66,17.688852072595154
7,67,15.87716337980756
7,68,12.97978848339723
7,69,10.877979438030874
7,70,8.437154063481266
7,71,6.618873871993568
7,72,9.605402212591894
7,73,11.931786795901859
7,74,14.367510178287612
7,75,16.057091792302735
7,76,19.172639077481712
7,77,19.668164957383162
7,78,21.79489288013847
7,79,22.086165703278454
7,80,25.59163865054041
7,81,27.56029770236994
7,82,31.17255498198671
7,83,34.17209806046771
7,84,36.82607109176938
7,85,40.54530316031723
7,86,41.60524169557736
7,87,39.365509641614295
7,88,36.58948746986961
7,89,32.84090146962675
7,90,32.09290356691378
7,91,31.41751936070807
7,92,29.794053122303136
7,93,32.641222078237526
7,94,31.201206572559
7,95,30.618247412573854
7,96,32.45924402185631
7,97,29.35254513001958
7,98,28.845342741795015
7,99,26.432458098141776
7,100,24.431269639592742
7,101,23.19374899783159
7,102,19.476038410402257
7,103,19.636109896225516
7,104,19.795612067841407
7,105,16.423213378465935
7,106,14.670307556203813
7,107,17.807329782796263
7,108,16.75094401068172
7,109,14.13688369982221
7,110,14.670331354462114
7,111,11.610106330597981
8,1,6.595941442343074
8,2,10.120128600110963
8,3,13.579140960187715
8,4,13.364669840048865
8,5,10.139664161048904
8,6,7.002518885836199
8,7,3.807063730405441
8,9,3.814553770544664
8,10,6.559270493652398
8,11,5.757873577186948
8,12,9.087362630431533
8,13,8.411057379507458
8,14,8.094665728428751
8,15,8.214986232556125
8,16,11.90231791299174
8,17,14.331096655960243
8,18,17.93103840954912
8,19,19.118350130637168
8,20,17.49895346040436
8,21,19.521885041551503
8,22,22.430605978618654
8,23,22.737996312510756
8,24,23.05136136654923
8,25,25.72043830219266
8,26,27.551990409473422
8,27,27.642826314278377
8,28,28.841591074323084
8,29,31.784777717602967
8,30,32.623469654942866
8,31,32.84170253977324
8,32,34.73756381598624
8,33,37.249467396590646
8,34,37.70883666842521
8,35,38.14653716614294
8,36,41.798165891415614
8,37,43.225688428221694
8,38,43.484143530613245
8,39,47.07443253795054
8,40,47.36835043070301
8,41,45.67416555421916
8,42,42.092685595057205
8,43,39.18310508273747
8,44,38.23299345542574
8,45,35.33042048002545
8,46,32.631886524814206
8,47,29.17985845954941
8,48,27.596921922490164
8,49,24.70923605449702
8,50,22.117774351470903
8,51,24.243901476823446
8,52,27.671554867451288
8,53,30.625832349076624
8,54,34.02110344842306
8,55,37.418033858046684
8,56,37.71172868974282
8,57,40.92041257093722
8,58,42.02568504087678
8,59,41.25858899293508
8,60,38.47107326354557
8,61,34.703866465664326
8,62,32.6130895704099
8,63,29.27633190380715
8,64,26.42547620287443
8,65,22.996246615308216
8,66,20.00752212900159
8,67,18.354372971461352
8,68,15.101491365238747
8,69,13.73185574764542
8,70,11.52151143894714
8,71,8.853257462077726
8,72,11.731974584810814
8,73,14.146293668022198
8,74,15.856676464744837
8,75,17.571382228340365
8,76,20.313316648077837
8,77,21.275094331233635
8,78,23.85427257806863
8,79,24.63898621020509
8,80,28.264587491869147
8,81,30.51746997852578
8,82,34.15479952434742
8,83,37.246476927431786
8,84,39.941557431855884
8,85,43.60671000383217
8,86,44.8360145728958
8,87,42.5869933681308
8,88,39.93502704627373
8,89,36.16558603835229
8,90,35.38694411904694
8,91,34.86296277788391
8,92,33.19187219355516
8,93,35.992310181864546
8,94,34.59882349266674
8,95,34.19115800612951
8,96,36.048531580538835
8,97,32.99052575366602
8,98,32.39836204580026
8,99,29.852244328397727
8,100,27.657416472246624
8,101,26.156016710551743
8,102,22.37564933781342
8,103,22.27666075602647
8,104,21.962204368755035
8,105,18.665207852676915
8,106,16.867532514032682
8,107,19.661235420846303
8,108,17.92010107296825
8,109,15.280669277415631
8,110,14.854420712351253
8,111,11.273170341654145
9,1,7.0235386162210816
9,2,10.667989824900571
9,3,14.230452830649929
9,4,15.002423284470856
9,5,12.23080887896596
9,6,9.113844228586638
9,7,6.600868796505113
9,8,3.814553770544664
9,10,3.8439997576218894
9,11,5.482755659185451
9,12,9.042972626506483
9,13,9.817008667392557
9,14,9.255178426529872
9,15,10.08988070134267
9,16,13.81866736035392
9,17,15.482881230155623
9,18,19.168699110915714
9,19,20.00245253205341
9,20,18.88330324301401
9,21,21.342922888798928
9,22,23.826412766188945
9,23,24.05720213670685
9,24,24.917135747737262
9,25,27.546809158290344
9,26,29.01133054281204
9,27,29.31345456005434
9,28,30.876219785786855
9,29,33.61953930390353
9,30,34.26787115497531
9,31,34.81607419121905
9,32,36.846916059477124
9,33,39.09568400948884
9,34,39.49793978257716
9,35,40.239888936576726
9,36,43.96820474996455
9,37,45.562474968229466
9,38,46.05420381920425
9,39,49.71033750186031
9,40,50.37556204862133
9,41,48.694301703187804
9,42,45.05788182029169
9,43,42.11135173132344
9,44,40.92746151986696
9,45,37.92586031712358
9,46,35.16660989953647
9,47,31.613968930271483
9,48,30.248549182709866
9,49,27.12881286333183
9,50,24.73110077094848
9,51,26.944229352559795
9,52,30.23462415221962
9,53,33.38993942841349
9,54,36.732105362896185
9,55,40.20635627087477
9,56,40.73682060258166
9,57,44.05398335485621
9,58,45.247874989261895
9,59,44.64388243504546
9,60,41.86465979777164
9,61,38.12291764236268
9,62,35.889120168061126
9,63,32.58187267273582
9,64,29.603885577067423
9,65,26.203664254390702
9,66,23.28983717240371
9,67,21.289654741307473
9,68,17.875153366739198
9,69,16.465284635872244
9,70,14.68095674328221
9,71,12.418836247152763
9,72,15.475432219713907
9,73,17.74311624580527
9,74,19.423703934314208
9,75,20.819432231472046
9,76,23.630884701328107
9,77,24.82535506579035
9,78,27.36639833962767
9,79,28.083807991848328
9,80,31.720044684699317
9,81,33.841864131063424
9,82,37.514579086937374
9,83,40.48960423797137
9,84,43.25452097502422
9,85,46.94505567930508
9,86,48.02700600864347
9,87,45.67247125111739
9,88,42.97123873786733
9,89,39.23869283143945
9,90,38.61667253703892
9,91,37.992097559635354
9,92,36.38968880948816
9,93,39.20545708407451
9,94,37.668430846335426
9,95,37.072967073718694
9,96,38.97862303368349
9,97,35.83731833537696
9,98,35.32743701421489
9,99,32.9870955748832
9,100,30.91596346167392
9,101,29.635318484621838
9,102,25.86854431585402
9,103,25.937050095546848
9,104,25.709321383524966
9,105,22.34279181634754
9,106,20.627114195120075
9,107,23.460356834539
9,108,21.70767377793455
9,109,18.996623917601358
9,110,18.366176849175545
9,111,14.720752389246362
10,1,9.417418023712496
10,2,12.50931559757879
10,3,16.251592075172706
10,4,17.27793483072308
10,5,14.930181413549446
10,6,12.298501059722634
10,7,9.295290966210361
10,8,6.559270493652398
10,9,3.8439997576218894
10,11,3.8313555839910767
10,12,6.762433192369249
10,13,8.96088206503098
10,14,9.215185434137542
10,15,11.36150683670662
10,16,14.955819472135056
10,17,16.40780143237481
10,18,20.182984034405035
10,19,20.293210113556487
10,20,19.06458879568335
10,21,22.002506531855698
10,22,24.276804021285812
10,23,23.951911135600703
10,24,25.067371723084346
10,25,27.961729499176283
10,26,28.988020001556556
10,27,29.05482786305654
10,28,31.008760875306525
10,29,33.754643913558645
10,30,33.975720948221515
10,31,34.584190091736936
10,32,36.941959855125766
10,33,38.985477691859685
10,34,39.058803313660796
10,35,39.94154688393655
10,36,43.73053827402066
10,37,45.61563573192766
10,38,46.21524261291246
10,39,49.9370315176442
10,40,51.06189060623791
10,41,49.60983277054293
10,42,45.95178146505753
10,43,43.15549870695258
10,44,41.79674962075441
10,45,38.586501928070795
10,46,36.02956459729288
10,47,32.54304800765418
10,48,31.58752203663443
10,49,28.486212054021873
10,50,25.91781867274176
10,51,27.778953572955654
10,52,30.80928238247625
10,53,34.04925423741839
10,54,37.17803605313122
10,55,40.783452187418995
10,56,41.48252997086153
10,57,44.89860154145873
10,58,46.385350150102674
10,59,45.96290247379312
10,60,43.01800316474756
10,61,39.298442633708795
10,62,36.797279665165235
10,63,33.4122719538147
10,64,30.175391862052837
10,65,26.724106179480156
10,66,24.174061893825336
10,67,21.92888172128971
10,68,18.260026460433046
10,69,17.43440469082858
10,70,16.379610261374964
10,71,14.222438577004304
10,72,17.599705244985184
10,73,19.292270676500372
10,74,20.49124124680465
10,75,21.30822005841912
10,76,24.034398182313037
10,77,25.758063810106172
10,78,28.38258081521633
10,79,29.32559952042058
10,80,33.05580847185979
10,81,35.24272374870335
10,82,38.99703808200472
10,83,41.859171697055366
10,84,44.83048766304249
10,85,48.46013997365308
10,86,49.542483664868485
10,87,46.986384780360844
10,88,44.457770259778414
10,89,40.76417876583737
10,90,40.42517423593786
10,91,40.05855531365143
10,92,38.72987676315708
10,93,41.73375276905555
10,94,40.41178445799925
10,95,39.67038149781261
10,96,41.32424271851357
10,97,38.0360599314117
10,98,37.227697379416014
10,99,34.95824545363968
10,100,32.67656030510669
10,101,31.493136383514802
10,102,27.697123364973354
10,103,28.073668382295878
10,104,27.514556385929094
10,105,23.996403567633315
10,106,22.77045025981153
10,107,25.703477006159197
10,108,23.827365869596633
10,109,21.516020918065028
10,110,20.767070640735568
10,111,16.990448982922192
11,1,9.283379839569307
11,2,12.02073702124175
11,3,15.839006673054284
11,4,16.159636065443408
11,5,13.791188784531384
11,6,11.602568427420634
11,7,7.989370730478319
11,8,5.757873577186948
11,9,5.482755659185451
11,10,3.8313555839910767
11,12,3.8179892582950927
11,13,5.3674809070766445
11,14,6.649112110418937
11,15,9.281619689326458
11,16,12.751474978561955
11,17,14.792142774236469
11,18,18.574531963603228
11,19,18.586961642718883
11,20,16.747230658941863
11,21,19.593015285139245
11,22,22.171444634080128
11,23,21.578201874352555
11,24,22.306326810040925
11,25,25.422914335750527
11,26,26.558573713443867
11,27,26.27309475801882
11,28,28.110010918618503
11,29,31.065120822135807
11,30,31.232704860082936
11,31,31.553123232741978
11,32,33.97504207822575
11,33,36.16562425997532
11,34,36.117307075238834
11,35,36.78595869603063
11,36,40.548431810352724
11,37,42.43798232661733
11,38,42.88728017287448
11,39,46.59282883911954
11,40,47.65385804106344
11,41,46.31873157654632
11,42,42.692767733060194
11,43,40.01605599571985
11,44,38.75375436462891
11,45,35.50360508139921
11,46,33.12091346606086
11,47,29.763612770885818
11,48,28.879401593528637
11,49,25.999950647634776
11,50,23.144022475098865
11,51,24.69546409482604
11,52,27.68773298355797
11,53,30.811425333952002
11,54,33.86615759023147
11,55,37.48668624765155
11,56,38.08811406256658
11,57,41.47688864218499
11,58,43.06400377481395
11,59,42.63057436525409
11,60,39.58643800313976
11,61,35.86774085291173
11,62,33.308963566640145
11,63,29.862373446669515
11,64,26.563180375123164
11,65,23.064206681974497
11,66,20.677855708670435
11,67,18.51319380589614
11,68,14.77760713762415
11,69,14.402778632302367
11,70,13.621201677638409
11,71,11.391052751959393
11,72,14.876202092686375
11,73,16.11833214997889
11,74,17.01923498778312
11,75,17.61531813143171
11,76,20.306937170949443
11,77,22.182657363595915
11,78,24.837106470462647
11,79,25.940804009644044
11,80,29.711798327900034
11,81,32.021729009659666
11,82,35.79461732017757
11,83,38.66658920069517
11,84,41.71055556747686
11,85,45.277536567853986
11,86,46.472179704389305
11,87,43.87887420829892
11,88,41.501276076676724
11,89,37.807197319849465
11,90,37.53072950818183
11,91,37.422062393473524
11,92,36.240636237749236
11,93,39.360642372474175
11,94,38.32135391601967
11,95,37.62338111924103
11,96,39.04592080087968
11,97,35.73373239258385
11,98,34.649079622686266
11,99,32.26820678609926
11,100,29.752846902890084
11,101,28.489198551983254
11,102,24.688594267285414
11,103,25.20268377667683
11,104,24.381858397774113
11,105,20.807936959542598
11,106,19.94811065449689
11,107,22.951082009505935
11,108,21.119886440829475
11,109,19.230510459256987
11,110,18.72174171408204
11,111,15.019063236188064
12,1,11.188327833281063
12,2,12.973118212294258
12,3,16.642103935268256
12,4,16.944325420888433
12,5,15.215143967240222
12,6,13.847723032766238
12,7,10.313701297724519
12,8,9.087362630431533
12,9,9.042972626506483
12,10,6.762433192369249
12,11,3.8179892582950927
12,13,3.811931670245855
12,14,6.013126366149825
12,15,9.623008354180318
12,16,12.37399336413421
12,17,14.174575421860437
12,18,17.79983683442857
12,19,17.092539006491204
12,20,15.011802544995076
12,21,18.17733695558674
12,22,20.54039980149397
12,23,19.369011837866427
12,24,20.22820637443116
12,25,23.5599182817736
12,26,24.298457754352537
12,27,23.739754027227313
12,28,25.883604539623366
12,29,28.823441983537723
12,30,28.6162063911704
12,31,28.957941035031215
12,32,31.638887068003132
12,33,33.64491820422187
12,34,33.32296505627776
12,35,34.098567545447864
12,36,37.88955289733675
12,37,40.00808752552489
12,38,40.575208463558226
12,39,44.322685995831215
12,40,45.84894220422574
12,41,44.71852205226261
12,42,41.08622359058324
12,43,38.564431861656665
12,44,37.10906604799044
12,45,33.68660939415313
12,46,31.528332224491834
12,47,28.293799220252733
12,48,27.870945984390527
12,49,25.08828109060321
12,50,22.121261438039824
12,51,23.256603023131728
12,52,25.90440289304162
12,53,29.085847042415818
12,54,31.897366364737785
12,55,35.606750812080286
12,56,36.422403850459006
12,57,39.9063047835929
12,58,41.7697456703424
12,59,41.59661286163381
12,60,38.45191851960578
12,61,34.82268389768131
12,62,31.980928574048544
12,63,28.568359206086484
12,64,25.064882008272544
12,65,21.680196796777945
12,66,19.690381163789397
12,67,17.19061655694885
12,68,13.390278865698455
12,69,13.631100061834719
12,70,13.879310446097113
12,71,12.302918753473746
12,72,15.93261720791792
12,73,16.29308365554369
12,74,16.83607833823175
12,75,16.583813407136397
12,76,19.320576477100495
12,77,21.59440409461473
12,78,24.0542852669083
12,79,25.185189616445605
12,80,28.946722814082257
12,81,31.17627116007577
12,82,34.98468840701239
12,83,37.64692225141594
12,84,40.89258986382917
12,85,44.37429831305446
12,86,45.495909787705436
12,87,42.69058709606367
12,88,40.50081980440919
12,89,36.90091288609407
12,90,36.98192064925077
12,91,37.14721917317019
12,92,36.34287904543894
12,93,39.67199165713682
12,94,38.91328924216959
12,95,37.99365499378927
12,96,39.06582813482164
12,97,35.61040449894752
12,98,34.18700688109657
12,99,31.968157681025282
12,100,29.301207651827323
12,101,28.29133483186001
12,102,24.58023711780545
12,103,25.589186534242366
12,104,24.58758136795046
12,105,20.892253901810577
12,106,20.724545966632736
12,107,23.906810466472177
12,108,22.318989250866082
12,109,20.964742626969112
12,110,20.80132550703284
12,111,17.290144280651774
13,1,10.121830754823328
13,2,11.479307545811647
13,3,14.917929495699488
13,4,14.470125913088522
13,5,12.73613760180051
13,6,11.895664247486419
13,7,8.47412339716204
13,8,8.411057379507458
13,9,9.817008667392557
13,10,8.96088206503098
13,11,5.3674809070766445
13,12,3.811931670245855
13,14,3.828953480358627
13,15,6.986136025305649
13,16,9.429827054111952
13,17,11.907454976235604
13,18,15.420864242967
13,19,15.111831783338365
13,20,12.541890431815778
13,21,15.286654481597079
13,22,18.074319135051272
13,23,17.098556952039324
13,24,17.433812944149594
13,25,20.772181787020614
13,26,21.93723692452249
13,27,21.298921037167112
13,28,23.056673900735085
13,29,26.165302122288562
13,30,26.260288300368845
13,31,26.358519784946672
13,32,28.838032035218223
13,33,31.11199303289803
13,34,30.977805953924886
13,35,31.508941316590196
13,36,35.254128988778724
13,37,37.15813584901207
13,38,37.56940991754723
13,39,41.27944089447556
13,40,42.479551268272935
13,41,41.25314968884865
13,42,37.629806125821766
13,43,35.064179201710964
13,44,33.75626468972398
13,45,30.42279786914388
13,46,28.225759722056
13,47,25.012574046495903
13,48,24.398214189829307
13,49,21.74905948822909
13,50,18.641724003198092
13,51,19.78176301079052
13,52,22.605482278145708
13,53,25.698261691501134
13,54,28.639398467315758
13,55,32.296711507947705
13,56,32.97132482726242
13,57,36.411215333628206
13,58,38.16216248236222
13,59,37.908614387446235
13,60,34.80371589692001
13,61,31.15001561125755
13,62,28.390347210593937
13,63,24.986052107792055
13,64,21.56869233800496
13,65,18.18184102770921
13,66,15.986800569723044
13,67,13.545021322682713
13,68,9.745511777602331
13,69,9.963227358044021
13,70,10.24791016475947
13,71,8.887332738391402
13,72,12.513798658017127
13,73,12.580018399868754
13,74,13.303062000388627
13,75,13.100906440021145
13,76,16.096326907214152
13,77,18.097322768116612
13,78,20.42795019214449
13,79,21.438331499938098
13,80,25.19742379846538
13,81,27.430679829318162
13,82,31.235425862819696
13,83,33.95520190919354
13,84,37.155536819609644
13,85,40.653482077654374
13,86,41.81648790889923
13,87,39.08056719318322
13,88,36.86863097118337
13,89,33.235683391874396
13,90,33.23148674930067
13,91,33.42900655710602
13,92,32.62048216720229
13,93,35.963016079036784
13,94,35.30624750950764
13,95,34.44231038234685
13,96,35.45151339517137
13,97,32.03336850698784
13,98,30.556547155259736
13,99,28.245687953125486
13,100,25.529768070242703
13,101,24.4798325804206
13,102,20.771784306911695
13,103,21.849572460996757
13,104,20.90931413439735
13,105,17.17418208752669
13,106,17.152735438365816
13,107,20.451612840725527
13,108,19.156003702597353
13,109,17.9996333853573
13,110,18.328106322369372
13,111,15.116775877852566
14,1,7.154174738874186
14,2,7.809209507239919
14,3,11.187901952889606
14,4,11.095064496150489
14,5,9.82392955667442
14,6,9.53541281725137
14,7,6.84406801606657
14,8,8.094665728428751
14,9,9.255178426529872
14,10,9.215185434137542
14,11,6.649112110418937
14,12,6.013126366149825
14,13,3.828953480358627
14,15,3.8049973415024807
14,16,6.437624995181444
14,17,8.451147572280902
14,18,12.145253371498146
14,19,12.157209197993232
14,20,10.173065403946147
14,21,12.970899933462345
14,22,15.553427546001709
14,23,15.181311637772213
14,24,15.931743651163984
14,25,18.87376376623344
14,26,20.143773083015542
14,27,20.146570344283944
14,28,21.867186375606746
14,29,24.68393039352693
14,30,25.11875816752187
14,31,25.630169237963635
14,32,27.81935527177798
14,33,29.99330769821292
14,34,30.266432941684087
14,35,31.05939665739172
14,36,34.81705646105524
14,37,36.547982032074884
14,38,37.20119674761969
14,39,40.91889819065478
14,40,42.16151137381904
14,41,40.65927830173317
14,42,36.96347909545275
14,43,34.14733032956566
14,44,32.64737619175583
14,45,29.408305213637917
14,46,26.856868612991324
14,47,23.396467983581143
14,48,22.668760070701314
14,49,19.637597096373163
14,50,16.957229621022346
14,51,18.711809148232774
14,52,21.656893701906213
14,53,24.993525871029405
14,54,28.1398274017748
14,55,31.736307078894352
14,56,32.63562742958029
14,57,36.15221427537433
14,58,37.699096729494165
14,59,37.58613767369832
14,60,34.7257020912679
14,61,31.12262100099623
14,62,28.413329656251708
14,63,25.256119742851034
14,64,22.028441357648163
14,65,18.945235774937704
14,66,16.261923827234572
14,67,13.40638568756906
14,68,9.928290431621338
14,69,8.756875090570635
14,70,8.960313303217804
14,71,8.600730208040313
14,72,12.386965229308679
14,73,12.717848497587907
14,74,14.43139865324539
14,75,14.412851079385142
14,76,17.858419714669566
14,77,19.257391125771697
14,78,21.104940235476214
14,79,21.450600216862306
14,80,25.069240664259965
14,81,26.88170846744523
14,82,30.668495834539705
14,83,33.26345192949894
14,84,36.39069322076951
14,85,40.00526920805708
14,86,40.87678428460225
14,87,38.147320879801256
14,88,35.67203983265613
14,89,32.056847494025526
14,90,32.08432166313621
14,91,31.91917077356329
14,92,31.08037300093172
14,93,34.401446856821295
14,94,33.475440333802865
14,95,32.353681660095994
14,96,33.50643168229281
14,97,30.01573647637643
14,98,28.82149891200581
14,99,26.78166331044178
14,100,24.453027163430633
14,101,23.79699237190106
14,102,20.145497497214144
14,103,21.4281043944164
14,104,21.161078837683938
14,105,17.36779651939351
14,106,17.102526856170375
14,107,20.672562893380146
14,108,19.902689494689177
14,109,18.357144255963153
14,110,19.18750479158771
14,111,16.122064692785358
15,1,5.509680216307322
15,2,5.360413322493219
15,3,8.293904105818628
15,4,7.491949494472012
15,5,6.149949802894813
15,6,6.706235452221453
15,7,5.298141338634221
15,8,8.214986232556125
15,9,10.08988070134267
15,10,11.36150683670662
15,11,9.281619689326458
15,12,9.623008354180318
15,13,6.986136025305649
15,14,3.8049973415024807
15,16,3.7702531381843998
15,17,6.40872285603125
15,18,9.978562433966939
15,19,11.141752739789002
15,20,9.445305568644457
15,21,11.374599139023053
15,22,14.220060437396299
15,23,14.734368565274053
15,24,15.160914293417635
15,25,17.620747910599693
15,26,19.466113229808304
15,27,19.877745897490556
15,28,21.062326749837805
15,29,23.786420325183443
15,30,24.792614247273132
15,31,25.301047355658156
15,32,27.022870804710234
15,33,29.39301832366169
15,34,30.11633991985643
15,35,30.79314323790783
15,36,34.4499291803017
15,37,35.81835853461084
15,38,36.411384164921884
15,39,40.04685874915583
15,40,40.84886458826065
15,41,39.05726469440421
15,42,35.36640240659557
15,43,32.340523537875676
15,44,30.966318805060496
15,45,27.974359371077245
15,46,25.12907624963264
15,47,21.543809688805716
15,48,20.338961931988994
15,49,17.1813871523468
15,50,14.777818006597476
15,51,17.117061698269964
15,52,20.37717029410184
15,53,23.66016089507787
15,54,27.071632379037464
15,55,30.495480513135913
15,56,31.285511813775162
15,57,34.72103050112211
15,58,35.93473875441613
15,59,35.70934342453344
15,60,33.07803564351706
15,61,29.480881566070845
15,62,27.0387620180931
15,63,24.061111460669817
15,64,21.185290589878008
15,65,18.315713440823497
15,66,15.121631430368895
15,67,12.439236390051978
15,68,9.5801198032425
15,69,7.087292115433201
15,70,6.382195103383672
15,71,6.86665735592142
15,72,10.325485672585453
15,73,11.042278112221915
15,74,13.62354067717747
15,75,14.169558667127626
15,76,17.791579005667177
15,77,18.433904267029405
15,78,19.94967808355223
15,79,19.80315344675671
15,80,23.266091572614364
15,81,24.858598574590395
15,82,28.56883726917398
15,83,31.221155896139006
15,84,34.15053286558628
15,85,37.85684676749435
15,86,38.639509487595305
15,87,36.085602696990506
15,88,33.37922099695154
15,89,29.725997969332976
15,90,29.52003180392554
15,91,29.036817230205887
15,92,27.984960577183102
15,93,31.192727500789548
15,94,30.054640346330256
15,95,28.941209362571826
15,96,30.305121988858467
15,97,26.883130023122142
15,98,25.994251882401677
15,99,23.960715667955775
15,100,21.92478055238046
15,101,21.343893217048493
15,102,17.738848590252218
15,103,18.92349774679681
15,104,19.22372761539058
15,105,15.536787168965535
15,106,14.884885984454723
15,107,18.544887738951278
15,108,18.247107134925457
15,109,16.437430929663766
15,110,17.805203068603657
15,111,15.144046001219598
16,1,8.416041025435566
16,2,6.512481616611786
16,3,7.835579945737452
16,4,6.2877915073342585
16,5,6.73413957656277
16,6,8.995331769486208
16,7,8.680824634146168
16,8,11.90231791299174
16,9,13.81866736035392
16,10,14.955819472135056
16,11,12.751474978561955
16,12,12.37399336413421
16,13,9.429827054111952
16,14,6.437624995181444
16,15,3.7702531381843998
16,17,3.785480022350624
16,18,6.73456386757093
16,19,8.193533664673394
16,20,6.350411404822972
16,21,7.6899206112339415
16,22,10.668847659442111
16,23,11.527076146810057
16,24,11.775277873027832
16,25,13.973360087719014
