1,2,3.794983376098087
1,3,7.206017323892752
1,4,8.15255282671501
1,5,6.089091568034159
1,6,4.565233530572461
1,7,4.412928837800542
1,8,6.55990079588894
1,9,6.735996233203138
1,10,9.556112915411234
1,11,9.380217833980264
1,12,11.22783813342313
1,13,10.080489751698904
1,14,7.109231237613495
1,15,5.489605227875967
1,16,8.450606901288436
1,17,9.423753700702314
1,18,12.798187940957236
1,19,14.332956951337952
1,20,13.834964172396091
1,21,15.777010474737908
1,22,18.038044570421444
1,23,19.03979210812057
1,24,19.993646982088713
1,25,22.043470333635042
1,26,23.755480599987056
1,27,24.652074622945683
1,28,25.93765870825206
1,29,28.34001159819733
1,30,29.45202593980677
1,31,30.33082672707104
1,32,31.892830028665404
1,33,34.08275939938056
1,34,34.992379584378334
1,35,35.892470570114426
1,36,39.51301231087869
1,37,40.39919434470291
1,38,41.27163987678914
1,39,44.73874939463512
1,40,45.078122368277995
1,41,47.65999782577109
1,42,45.893070152439805
1,43,43.88646222190409
1,44,40.203333550217586
1,45,37.02413154915671
1,46,35.66084000750772
1,47,32.809989595740824
1,48,29.757442244317506
1,49,26.05834777809824
1,50,24.597411168957464
1,51,21.21654806527079
1,52,19.350145786722425
1,53,22.09308903462852
1,54,25.405575245776042
1,55,28.7059567084179
1,56,32.20081095293049
1,57,35.55958365822154
1,58,36.323313190740265
1,59,39.69850083525553
1,60,40.67275867677406
1,61,40.31419571729157
1,62,37.84952041875446
1,63,34.24538052750503
1,64,32.02275708712961
1,65,29.287506609307172
1,66,26.290245370528485
1,67,23.479631330910138
1,68,20.14598995934507
1,69,17.725865490359332
1,70,14.879143283496928
1,71,12.376957507601036
1,72,10.63591461456274
1,73,10.118347930567975
1,74,13.202442709811857
1,75,15.164770455630183
1,76,17.85813094695649
1,77,19.00788447167171
1,78,22.433750572000726
1,79,23.00273146842878
1,80,24.725042397195065
1,81,24.539232885139906
1,82,27.916335380515644
1,83,29.438112115188964
1,84,33.03601452002475
1,85,35.75621821326788
1,86,38.46091163186954
1,87,42.23068659986255
1,88,42.930048166310364
1,89,40.55265527050307
1,90,37.62571339130982
1,91,33.98427541834073
1,92,33.51003095657627
1,93,32.574558029679714
1,94,31.141927743960935
1,95,34.04353454918874
1,96,32.386141867288146
1,97,31.330454274081507
1,98,33.18470032150879
1,99,29.92207277679807
1,100,29.614536355668715
1,101,27.683019217243487
1,102,26.060479692613978
1,103,25.403130620916137
1,104,21.836000875665924
1,105,22.482221564124174
1,106,23.059231607570286
1,107,19.544651019257973
1,108,18.14248376987467
1,109,20.72083238010226
1,110,18.912248551303147
1,111,17.46539001883214
2,1,3.794983376098087
2,3,3.8049816922034037
2,4,5.439052676530157
2,5,5.353407011647798
2,6,6.312137872657995
2,7,7.186482293287976
2,8,10.068859353859605
2,9,10.328090516260374
2,10,12.642968416699938
2,11,12.12871469045078
2,12,13.037555545687553
2,13,11.437584938178944
2,14,7.786645846031901
2,15,5.317728989885012
2,16,6.531776640335439
2,17,6.252301485211154
2,18,9.286225594716448
2,19,11.07940724253013
2,20,11.204083701136911
2,21,12.899054522567626
2,22,14.779075566949176
2,23,16.191841959902117
2,24,17.381866271581266
2,25,19.029760618616056
2,26,20.713792102544545
2,27,22.009407238207036
2,28,23.25197240921367
2,29,25.360876752288778
2,30,26.644350696153033
2,31,27.790887936130677
2,32,29.14816176594689
2,33,31.189673515160496
2,34,32.33748034893104
2,35,33.42050533088235
2,36,36.99339384549815
2,37,37.75742730110923
2,38,38.88283511439012
2,39,42.271045100278826
2,40,42.828647057830445
2,41,45.452736248181516
2,42,43.70024117625965
2,43,41.5841336446261
2,44,37.874750172113835
2,45,34.60211370532318
2,46,33.016752059669386
2,47,30.212559093316344
2,48,27.019240746034345
2,49,23.248890411461964
2,50,21.929493954093978
2,51,18.3549901462963
2,52,16.914441559723112
2,53,19.89502836909913
2,54,23.050834785755253
2,55,26.478620144026046
2,56,29.9715806587114
2,57,33.25892806637041
2,58,34.28412492633685
2,59,37.7238725592701
2,60,38.65853353499621
2,61,38.5609525477733
2,62,36.27033419930382
2,63,32.80612505347327
2,64,30.511066552684067
2,65,28.086672629096366
2,66,25.16152199691822
2,67,22.75637363942535
2,68,19.372703883348446
2,69,16.61442537964932
2,70,14.253653510344975
2,71,11.231875330242751
2,72,10.191099407347062
2,73,11.045866629014244
2,74,14.020478673872397
2,75,15.285478293512156
2,76,18.317406482453844
2,77,19.049124004669462
2,78,22.721278712092413
2,79,23.046845806107157
2,80,24.219570168057377
2,81,23.508329299931166
2,82,26.670875898660096
2,83,27.757815220950445
2,84,31.298060898450128
2,85,33.75629098399169
2,86,36.48392650654064
2,87,40.26486378004741
2,88,40.678569298455756
2,89,38.21131630542636
2,90,35.198958826256295
2,91,31.6651767961607
2,92,31.433001010796264
2,93,30.37706793160564
2,94,29.195124023607445
2,95,32.1941055037538
2,96,30.543328397478792
2,97,29.111548398090758
2,98,30.81315303240885
2,99,27.426612595068267
2,100,27.14677249399289
2,101,25.584465561849314
2,102,24.237935723703846
2,103,24.10400954466015
2,104,20.760507425336396
2,105,21.915932086923327
2,106,22.896376268249202
2,107,19.378904725238282
2,108,18.218925196591975
2,109,21.286201069272266
2,110,19.976964906239274
2,111,18.90621257569826
3,1,7.206017323892752
3,2,3.8049816922034037
3,4,3.8298744044871236
3,5,6.023527530623814
3,6,8.259043456450664
3,7,10.299069888613992
3,8,13.490817217697588
3,9,13.883867659521986
3,10,16.361792449557143
3,11,15.92440652630219
3,12,16.706158881664223
3,13,14.87814964918756
3,14,11.18341852796662
3,15,8.266897290580781
3,16,7.890076141377106
3,17,6.377542299819618
3,18,7.89440104048247
3,19,10.533604522351519
3,20,11.560281773761169
3,21,12.365923816267642
3,22,13.730798064776632
3,23,15.955845254843979
3,24,17.17258574860951
3,25,18.06606382431997
3,26,19.931172064463613
3,27,21.770548663934257
3,28,22.681044107438982
3,29,24.385149106895113
3,30,26.082530986685736
3,31,27.452482147465904
3,32,28.3614398160241
3,33,30.31825940635373
3,34,31.883302201396845
3,35,33.056576508908165
3,36,36.48209221396653
3,37,36.93148569972324
3,38,38.290218669880105
3,39,41.50237389052708
3,40,42.20173651690176
3,41,44.72704000099496
3,42,42.8364824782183
3,43,40.47806323649246
3,44,36.80590127062639
3,45,33.37222869493283
3,46,31.716479277865936
3,47,29.16842179806586
3,48,25.741826131445357
3,49,21.940467942641106
3,50,20.457256563285835
3,51,16.759817830624225
3,52,16.083435781304377
3,53,19.46504227008146
3,54,22.52565368418307
3,55,25.905889864668474
3,56,29.4564444150979
3,57,32.518199741661256
3,58,33.65475817034225
3,59,37.02999879080347
3,60,37.7018965609701
3,61,37.71331194277742
3,62,35.73748577074677
3,63,32.44158420786642
3,64,30.323376537440893
3,65,28.29207581011905
3,66,25.670502776792958
3,67,23.71894332224702
3,68,20.217592473378723
3,69,17.523978956466472
3,70,15.885946483204494
3,71,12.401267918163724
3,72,11.485172648138052
3,73,13.20190239467116
3,74,15.575660769839816
3,75,16.61507444646036
3,76,20.011514497702116
3,77,20.75357448968813
3,78,24.474489579136144
3,79,24.31506516949621
3,80,24.977891715193874
3,81,23.69796095570065
3,82,26.49898866053166
3,83,27.105825176944666
3,84,30.448688096922833
3,85,32.70324942407732
3,86,35.24663565073974
3,87,39.0443582240352
3,88,39.172244427090874
3,89,36.80307216705362
3,90,33.59629178855722
3,91,30.191596204963563
3,92,29.963461691572217
3,93,28.547299368816656
3,94,27.373950896136748
3,95,30.247127678165768
3,96,28.373828938206344
3,97,26.681369353392963
3,98,28.483435503038415
3,99,25.145233671581554
3,100,25.226827280437096
3,101,24.03722872612274
3,102,23.222881383012147
3,103,23.523022643984312
3,104,20.534776319239622
3,105,21.841184667501512
3,106,23.410922619234615
3,107,20.144493749042617
3,108,18.80850127193738
3,109,22.1017571092217
3,110,21.423340154099158
3,111,20.320083667712073
4,1,8.15255282671501
4,2,5.439052676530157
4,3,3.8298744044871236
4,5,3.839553732383742
4,6,7.374193622614049
4,7,9.603495284474647
4,8,13.297548506977215
4,9,14.709108657896408
4,10,17.37138385928929
4,11,16.206474222398608
4,12,16.964989325218603
4,13,14.400552791112734
4,14,11.08785391223499
4,15,7.473174598670787
4,16,6.3282955097414915
4,17,6.220493448285067
4,18,7.452666459866344
4,19,10.738881649588388
4,20,10.812933070948429
4,21,10.785292019065938
4,22,12.947274745321169
4,23,15.272541947830058
4,24,15.634880771424134
4,25,16.581017825819362
4,26,19.039001143791044
4,27,20.54579302850399
4,28,20.937922487966315
4,29,22.95348178410383
4,30,24.916420729214185
4,31,25.832571957976874
4,32,26.564931193817944
4,33,28.90030351828255
4,34,30.521561560249886
4,35,31.293810486157344
4,36,34.63404172284073
4,37,34.90643417347611
4,38,36.00489146158883
4,39,39.18489493823413
4,40,39.62426543605192
4,41,41.988271896877926
4,42,39.94249840043998
4,43,37.55094310556571
4,44,33.91796389843993
4,45,30.488656592364944
4,46,29.13006428587151
4,47,26.69101420369616
4,48,23.28839219838555
4,49,19.550652886531505
4,50,17.66064164620972
4,51,14.169574044908721
4,52,13.226009557218003
4,53,16.686133247362477
4,54,20.0146603513599
4,55,23.16914014307061
4,56,26.841376972769336
4,57,29.826447749523027
4,58,30.666740221682844
4,59,33.93255370214811
4,60,34.489933799525026
4,61,34.29900480922144
4,62,32.31180935298673
4,63,28.966962153238853
4,64,27.018006795997884
4,65,24.97605929497326
4,66,22.543510555004676
4,67,20.65101499588787
4,68,17.016271862341174
4,69,14.69368288658475
4,70,13.485637653965938
4,71,9.774511607180802
4,72,8.459327870065241
4,73,10.698196966325678
4,74,12.51288299679541
4,75,13.367050051947155
4,76,16.95370044095339
4,77,17.914633696652867
4,78,21.548233686064375
4,79,21.019296521379516
4,80,21.548033938978335
4,81,20.1766222563072
4,82,22.93291087706382
4,83,23.63620744374022
4,84,26.972719999272464
4,85,29.397500082658876
4,86,31.877021516593395
4,87,35.68968084689121
4,88,36.0048066316981
4,89,33.74893974163616
4,90,30.558198237738196
4,91,27.04646524212819
4,92,26.59976760871227
4,93,25.267680954371137
4,94,23.97204619317521
4,95,26.89135045497875
4,96,25.16607753062082
4,97,23.684673370919224
4,98,25.466947423511602
4,99,22.15734989013444
4,100,22.13577453497035
4,101,20.63626019631952
4,102,19.68833150061345
4,103,19.796717079661903
4,104,16.790855906214524
4,105,18.027874400781297
4,106,19.710343299212624
4,107,16.564522887636016
4,108,15.170036661512773
4,109,18.56446360874084
4,110,18.192516643888
4,111,17.302091282118855
5,1,6.089091568034159
5,2,5.353407011647798
5,3,6.023527530623814
5,4,3.839553732383742
5,6,3.782962098587543
5,7,6.265950507876068
5,8,9.99941728167019
5,9,11.95092655200398
5,10,14.947702206087039
5,11,13.71948475670154
5,12,15.110594526389454
5,13,12.54829234486764
5,14,9.71258217022784
5,15,6.05872775792261
5,16,6.7291033348637335
5,17,8.300847738580195
5,18,10.587821562666065
5,19,13.393484467475728
5,20,12.646593811530975
5,21,13.092623549786241
5,22,15.815905044033988
5,23,17.584977787770125
5,24,17.648903372280554
5,25,19.16932036936711
5,26,21.67839879932945
5,27,22.676395249171144
5,28,23.106257318675624
5,29,25.525821745670076
5,30,27.293706671759953
5,31,27.856088749554118
5,32,28.830976593666517
5,33,31.38335480445523
5,34,32.72888527038512
5,35,33.24900733138961
5,36,36.64613415204818
5,37,37.044435735072355
5,38,37.81815084855617
5,39,41.09115513964937
5,40,41.2463061841756
5,41,43.544253407994326
5,42,41.46157384590852
5,43,39.1967110296541
5,44,35.59774219183026
5,45,32.286414592041105
5,46,31.2278292891897
5,47,28.732179976439834
5,48,25.519053489677866
5,49,21.885129314852346
5,50,19.819237917171108
5,51,16.63280291088883
5,52,15.018261761735156
5,53,18.149596955278465
5,54,21.718691894030126
5,55,24.712060457955975
5,56,28.40838661876168
5,57,31.48282731840428
5,58,31.978415454851312
5,59,35.16243489104267
5,60,35.75853050232971
5,61,35.23257712228608
5,62,33.02803543400166
5,63,29.494201500389707
5,64,27.641028349239107
5,65,25.2075159946565
5,66,22.688446479119765
5,67,20.296008167361535
5,68,16.606251162740403
5,69,14.684840045986524
5,70,12.901037422992655
5,71,9.558318935586716
5,72,7.027715222482203
5,73,7.99778276475988
5,74,9.890446096294951
5,75,11.654404434951225
5,76,15.11712311511283
5,77,16.661273418751037
5,78,20.11039357082776
5,79,19.734774439515974
5,80,20.88341832214869
5,81,20.108382152819715
5,82,23.165224497904852
5,83,24.435185765261114
5,84,27.862274655938105
5,85,30.635874550572172
5,86,33.0899618712801
5,87,36.89272009001599
5,88,37.57679022452201
5,89,35.437404696718765
5,90,32.36418662048722
5,91,28.709965635117737
5,92,27.945717408724416
5,93,26.798580769877205
5,94,25.182817440500727
5,95,27.99795368302756
5,96,26.303958826881445
5,97,25.33556062092308
5,98,27.28322114687518
5,99,24.142994453673836
5,100,24.03994653129305
5,101,22.017319949067954
5,102,20.660460478808673
5,103,20.052824643059306
5,104,16.69162250749468
5,105,17.28172007555421
5,106,18.525873626273977
5,107,15.302194655167614
5,108,13.506734628789598
5,109,16.49079097303287
5,110,15.63186077460544
5,111,14.31717899839804
6,1,4.565233530572461
6,2,6.312137872657995
6,3,8.259043456450664
6,4,7.374193622614049
6,5,3.782962098587543
6,7,3.805549036977743
6,8,6.9563175288728125
6,9,8.978912032302333
6,10,12.390498706833963
6,11,11.632104128994332
6,12,13.860373660629625
6,13,11.868805846488522
6,14,9.54826195787842
6,15,6.775076957812168
6,16,9.118172231874233
6,17,10.99536857200746
6,18,13.845069291158925
6,19,16.214987217944174
6,20,15.30666209815454
6,21,16.317389131144598
6,22,19.087173252648128
6,23,20.48282104223263
6,24,20.67005555573578
6,25,22.528386480012266
6,26,24.860738865104377
6,27,25.639290481056637
6,28,26.290386018022314
6,29,28.864947724192483
6,30,30.399849678621372
6,31,30.883511676744458
6,32,32.09651750147767
6,33,34.659390972903175
6,34,35.783023658830786
6,35,36.27164493643719
6,36,39.73976852449766
6,37,40.297909945355364
6,38,40.92636715997437
6,39,44.276349164556535
6,40,44.31029152315587
6,41,46.6097870983528
6,42,44.554055578213806
6,43,42.394927814856715
6,44,38.81718966972238
6,45,35.592591279927376
6,46,34.64874822818984
6,47,32.08464725841792
6,48,28.989829323524248
6,49,25.400083990417173
6,50,23.351821785095563
6,51,20.269241480318353
6,52,18.388098605445382
6,53,21.270420320317754
6,54,24.87695542484458
6,55,27.825678500496842
6,56,31.47964552629739
6,57,34.63456377092782
6,58,34.978069355434904
6,59,38.123105373746256
6,60,38.77569173677641
6,61,38.05792212589591
6,62,35.710271119117614
6,63,32.073590488857825
6,64,30.259334794896898
6,65,27.552377953907452
6,66,24.930057020147892
6,67,22.153655581553675
6,68,18.578474140645998
6,69,16.877017513313437
6,70,14.523215606895702
6,71,11.780893059161572
6,72,8.859859735133444
6,73,8.087732217335216
6,74,10.15206161496181
6,75,12.793255016465077
6,76,15.815308388971687
6,77,17.740690616496895
6,78,20.941227427384803
6,79,20.888865047712734
6,80,22.613141728535428
6,81,22.376333330295864
6,82,25.62052243900124
6,83,27.260887318186327
6,84,30.7176593824391
6,85,33.676255771653025
6,86,36.10569988181845
6,87,39.882315415074345
6,88,40.774394982320274
6,89,38.70155345024275
6,90,35.70330728341153
6,91,31.996719945769243
6,92,31.06453020238153
6,93,29.992185887223997
6,94,28.16728447500424
6,95,30.83508482134814
6,96,29.073462666401532
6,97,28.418774688012277
6,98,30.528447151661627
6,99,27.525343975649427
6,100,27.45091875982753
6,101,25.200088775285913
6,102,23.654295847671435
6,103,22.609397273201886
6,104,19.085615066308968
6,105,19.14621549935964
6,106,19.953918158904376
6,107,16.758697449748745
6,108,14.693076016425637
6,109,17.048396215259817
6,110,15.590112785910398
6,111,13.682067176780066
7,1,4.412928837800542
7,2,7.186482293287976
7,3,10.299069888613992
7,4,9.603495284474647
7,5,6.265950507876068
7,6,3.805549036977743
7,8,3.8093219757642394
7,9,6.468372430944219
7,10,9.390484009088746
7,11,8.016044481481616
7,12,10.300367569383765
7,13,8.414821802605994
7,14,6.801326186767248
7,15,5.289153480199945
7,16,8.694509907204088
7,17,11.201862802983866
7,18,14.613717422657368
7,19,16.234722889703146
7,20,14.728930091960699
7,21,16.370333091042763
7,22,19.31714341686504
7,23,20.004696023368407
7,24,20.206028047813675
7,25,22.62036966978507
7,26,24.67079477479372
7,27,24.988994781379017
7,28,25.967336604815564
7,29,28.798364554580722
7,30,29.907239503047172
7,31,30.23439759217154
7,32,31.85679596146658
7,33,34.399889953216444
7,34,35.1235624550872
7,35,35.57900681817991
7,36,39.153961375321884
7,37,40.03627853815945
7,38,40.501452482440996
7,39,43.998547371985104
7,40,43.97662826047374
7,41,46.41484470564101
7,42,44.57802550655379
7,43,42.700523801395875
7,44,39.09418750071742
7,45,36.06647833974361
7,46,35.077341502650135
7,47,32.252445301162055
7,48,29.424971094519996
7,49,25.912050849781078
7,50,24.220162911903724
7,51,21.25055743358745
7,52,18.829485774330024
7,53,21.209507879268482
7,54,24.709524423748036
7,55,27.70432225790077
7,56,31.19716988622583
7,57,34.547623045126905
7,58,34.90225157195983
7,59,38.13230573056438
7,60,39.116693332565724
7,61,38.440460160324044
7,62,35.79828090130656
7,63,32.079486300638436
7,64,30.00030286481853
7,65,26.99285554588596
7,66,24.05537765405934
7,67,20.93991134693215
7,68,17.67085505814175
7,69,15.842127008202926
7,70,12.863820351733933
7,71,10.921187562649312
7,72,8.438421079902916
7,73,6.580974068166899
7,74,9.548334825594242
7,75,11.966084326589534
7,76,14.323881279507646
7,77,15.958178488589615
7,78,19.073910651920134
7,79,19.6638390869817
7,80,21.806049531434134
7,81,22.112252690585624
7,82,25.636115474461143
7,83,27.62083879990802
7,84,31.236492760313574
7,85,34.2372191131535
7,86,36.90616016021109
7,87,40.61853696142293
7,88,41.69003119713733
7,89,39.43693405941867
7,90,36.67905855903606
7,91,32.931726253423705
7,92,32.19607457937224
7,93,31.54568689651372
7,94,29.95227723684198
7,95,32.82826824807833
7,96,31.414655904263352
7,97,30.794403350858065
7,98,32.606298337568234
7,99,29.478430625264455
7,100,28.952452606489764
7,101,26.550509346215712
7,102,24.530390377524274
7,103,23.293804072960178
7,104,19.564768425014098
7,105,19.76673412590782
7,106,19.869273383815628
7,107,16.424048260012977
7,108,14.974666362378999
7,109,17.130654377828044
7,110,14.934802810748563
7,111,13.500142709843043
8,1,6.55990079588894
8,2,10.068859353859605
8,3,13.490817217697588
8,4,13.297548506977215
8,5,9.99941728167019
8,6,6.9563175288728125
8,7,3.8093219757642394
8,9,3.8161199664930066
8,10,6.602352369806558
8,11,5.729489843707445
8,12,9.036877218803376
8,13,8.356986301268764
8,14,8.021954757972003
8,15,8.192296994126782
8,16,11.90540702285453
8,17,14.329902960732891
8,18,17.940245031824144
8,19,19.11883590284011
8,20,17.514892329469856
8,21,19.567795568872125
8,22,22.455169523819144
8,23,22.74407126306588
8,24,23.07506032906609
8,25,25.762049623537276
8,26,27.567144490807525
8,27,27.64645875019088
8,28,28.872012896550775
8,29,31.806784681720185
8,30,32.6189559580109
8,31,32.881979964558454
8,32,34.76920836135903
8,33,37.26083060973204
8,34,37.709487873154174
8,35,38.16252495445003
8,36,41.79394696152378
8,37,42.89022395419461
8,38,43.22852440516566
8,39,46.804255387206624
8,40,46.70663952265949
8,41,49.19110505575254
8,42,47.46367244255219
8,43,45.75327504769598
8,44,42.165908546142695
8,45,39.264786177849956
8,46,38.31407541952644
8,47,35.38373535980655
8,48,32.71636851141691
8,49,29.268764309300114
8,50,27.71115821901083
8,51,24.821443507115447
8,52,22.209571502840554
8,53,24.3043030117434
8,54,27.718572970121322
8,55,30.677249354564488
8,56,34.04959389084636
8,57,37.482667593521995
8,58,37.76707030779133
8,59,40.98277505397005
8,60,42.1067080862851
8,61,41.34262931117362
8,62,38.541154062077474
8,63,34.77334064629316
8,64,32.65076810908336
8,65,29.431085268372293
8,66,26.380644297289567
8,67,23.00546388851174
8,68,20.0444275324435
8,69,18.366722098914945
8,70,15.04598713514784
8,71,13.836631544305218
8,72,11.58879446889341
8,73,8.904716533687242
8,74,11.684513014416513
8,75,14.269070775954683
8,76,15.895521085299038
8,77,17.546075473335026
8,78,20.279995679583966
8,79,21.334128361575697
8,80,23.919474861822906
8,81,24.714092420950017
8,82,28.355025075876668
8,83,30.615701867841228
8,84,34.255991421139086
8,85,37.34336537292859
8,86,40.05540666265783
8,87,43.71358893727111
8,88,44.948875942999344
8,89,42.683261756086786
8,90,40.048344219563845
8,91,36.28228542028357
8,92,35.52204284726306
8,93,35.02039832424801
8,94,33.38326972636087
8,95,36.215821261819976
8,96,34.84619765708585
8,97,34.3926619187953
8,98,36.22054689445025
8,99,33.1371905781811
8,100,32.527561815268655
8,101,29.99936335259581
8,102,27.79152906188828
8,103,26.301631945724715
8,104,22.513861893728734
8,105,22.46220476802275
8,106,22.103613048092637
8,107,18.74885354917791
8,108,17.399255039796895
8,109,18.982579271262534
8,110,16.25198860080185
8,111,14.670368028868598
9,1,6.735996233203138
9,2,10.328090516260374
9,3,13.883867659521986
9,4,14.709108657896408
9,5,11.95092655200398
9,6,8.978912032302333
9,7,6.468372430944219
9,8,3.8161199664930066
9,10,3.81072936057753
9,11,5.291605776769155
9,12,8.71026192864024
9,13,9.45793266983285
9,14,8.775884776733477
9,15,9.721854764743897
9,16,13.478569749697908
9,17,15.110733073105855
9,18,18.80424886425621
9,19,19.584532452261715
9,20,18.492450692926695
9,21,21.00697002584135
9,22,23.443668540025214
9,23,23.635910723018178
9,24,24.542030715191437
9,25,27.190345372770658
9,26,28.598573238850914
9,27,28.89551791675366
9,28,30.508865166616186
9,29,33.229385635808214
9,30,33.83036456334624
9,31,34.43975422776479
9,32,36.476378048512466
9,33,38.68293312401682
9,34,39.06756516521542
9,35,39.84649215850622
9,36,43.55996875463937
9,37,44.81632096465928
9,38,45.37308141056843
9,39,48.99274960209765
9,40,49.12215376760099
9,41,51.763084206054685
9,42,50.16874327436459
9,43,48.476453959193755
9,44,44.826087094358115
9,45,41.88941862621581
9,46,40.67606279280887
9,47,37.63225929875055
9,48,34.905910885833585
9,49,31.3551756550997
9,50,30.051179856212507
9,51,26.91788547792743
9,52,24.503221155155536
9,53,26.678250104277414
9,54,29.93295923937469
9,55,33.11290310309878
9,56,36.42417102916763
9,57,39.94124623531944
9,58,40.496254157409055
9,59,43.83668158213113
9,60,45.06677613970678
9,61,44.499293241774886
9,62,41.70576688708793
9,63,37.970397554812806
9,64,35.67653595596628
9,65,32.50675361351328
9,66,29.302750614421235
9,67,25.97789630632311
9,68,23.09538607040387
9,69,21.017438856335747
9,70,17.540938431774656
9,71,16.27750347801841
9,72,14.513447222184599
9,73,12.30394858287545
9,74,15.351368309919115
9,75,17.71125282172415
9,76,19.33563028258077
9,77,20.603959481948884
9,78,23.44430570790331
9,79,24.742604627773122
9,80,27.251802204788127
9,81,27.949510154109095
9,82,31.600978141326497
9,83,33.70485985724915
9,84,37.38911567167365
9,85,40.33566360494299
9,86,43.13737814769975
9,87,46.821572212159744
9,88,47.88752686227
9,89,45.49310864699358
9,90,42.812459325521004
9,91,39.09001613759955
9,92,38.523995977832854
9,93,37.93214382099002
9,94,36.40177306777749
9,95,39.276128602316724
9,96,37.78102251280859
9,97,37.10042990972142
9,98,38.945162483486655
9,99,35.756186498558804
9,100,35.20561390579776
9,101,32.910126574095116
9,102,30.823936427011173
9,103,29.597560973276423
9,104,25.825093962264077
9,105,26.006540278018328
9,106,25.745107692341396
9,107,22.292120596340055
9,108,21.04280225829616
9,109,22.765990695362703
9,110,20.05577300523691
9,111,18.458029716352954
10,1,9.556112915411234
10,2,12.642968416699938
10,3,16.361792449557143
10,4,17.37138385928929
10,5,14.947702206087039
10,6,12.390498706833963
10,7,9.390484009088746
10,8,6.602352369806558
10,9,3.81072936057753
10,11,3.8240409516974347
10,12,6.663679239675207
10,13,8.894574267029233
10,14,9.164800225250284
10,15,11.400285123000256
10,16,15.01848609431178
10,17,16.52434580914946
10,18,20.292901144086425
10,19,20.37975311962319
10,20,19.142869996091438
10,21,22.105750748403963
10,22,24.364581217667123
10,23,23.994103643599043
10,24,25.111684043767063
10,25,28.03517535962219
10,26,29.027763398181754
10,27,29.058459620255
10,28,31.03523234009864
10,29,33.78108685734798
10,30,33.954599953429614
10,31,34.582428738701815
10,32,36.949428465055476
10,33,38.97378036348042
10,34,39.01472863889802
10,35,39.90159352666622
10,36,43.67418724959928
10,37,45.23362335320359
10,38,45.762623922825995
10,39,49.47022836685293
10,40,49.66804745624793
10,41,52.465058902590016
10,42,51.11863917859168
10,43,49.66163055960311
10,44,45.997238876415665
10,45,43.2225992639032
10,46,41.86638238473086
10,47,38.62778414738817
10,48,36.11645654526014
10,49,32.64924694754248
10,50,31.727720251365422
10,51,28.643450366248953
10,52,26.04006176617403
10,53,27.844126844010212
10,54,30.847646386001454
10,55,34.081459011637754
10,56,37.17649666485585
10,57,40.813340909746884
10,58,41.50451230759427
10,59,44.925762244110665
10,60,46.43977367751974
10,61,46.02038929216436
10,62,43.05448024919641
10,63,39.3358865474806
10,64,36.79970948693348
10,65,33.5217357167574
10,66,30.10468754759204
10,67,26.698174270146065
10,68,24.19804741505468
10,69,21.942496079555973
10,70,18.2342585464011
10,71,17.60184391773935
10,72,16.49900657871208
10,73,14.27284836450344
10,74,17.552311625631198
10,75,19.433357998530003
10,76,20.52519080178291
10,77,21.271051452273404
10,78,23.95596169862158
10,79,25.78195470445806
10,80,28.412505656505722
10,81,29.381605478187478
10,82,33.12589737365391
10,83,35.327812167415246
10,84,39.084566992397384
10,85,41.941629052274884
10,86,44.93356879093427
10,87,48.54984471705534
10,88,49.64561336578641
10,89,47.070778904916686
10,90,44.57065112102426
10,91,40.88254960432531
10,92,40.56580724603245
10,93,40.23710598054688
10,94,38.94998679825342
10,95,41.988136763920835
10,96,40.705438673157936
10,97,39.924545855264135
10,98,41.53608006099361
10,99,38.22547751380428
10,100,37.38476397534426
10,101,35.128722122286916
10,102,32.81964173211463
10,103,31.640822086693817
10,104,27.841614414151366
10,105,28.262915954661477
10,106,27.635754219405538
10,107,24.08991857996798
10,108,23.344539264309596
10,109,25.025417140346867
10,110,22.026717221504843
10,111,20.88034068617085
11,1,9.380217833980264
11,2,12.12871469045078
11,3,15.92440652630219
11,4,16.206474222398608
11,5,13.71948475670154
11,6,11.632104128994332
11,7,8.016044481481616
11,8,5.729489843707445
11,9,5.291605776769155
11,10,3.8240409516974347
11,12,3.80691490657457
11,13,5.355495474707392
11,14,6.673038965054409
11,15,9.3298753004025
11,16,12.812669100774368
11,17,14.93439832684696
11,18,18.71116035063196
11,19,18.734698004220032
11,20,16.88489965757622
11,21,19.73734522568779
11,22,22.312779460450063
11,23,21.69396002080746
11,24,22.406835477973647
11,25,25.54513177397234
11,26,26.66941467135346
11,27,26.351335665849003
11,28,28.189375707083364
11,29,31.149553596443724
11,30,31.2896311984796
11,31,31.620924152948984
11,32,34.03655341673158
11,33,36.222258076759175
11,34,36.1530807330684
11,35,36.81320231344668
11,36,40.5567057672926
11,37,42.13195992147566
11,38,42.47857005847001
11,39,46.20008417240155
11,40,46.265817627606275
11,41,49.031106823990065
11,42,47.715722868511065
11,43,46.36849904513697
11,44,42.73827425774365
11,45,40.08011007980988
11,46,38.83106608373125
11,47,35.56441679320185
11,48,33.22266545057003
11,49,29.88644844007073
11,50,29.01782848930492
11,51,26.160787333473195
11,52,23.274189413714314
11,53,24.77590518967167
11,54,27.75176910277946
11,55,30.85930278735227
11,56,33.88560112425991
11,57,37.530241744188224
11,58,38.11250022372947
11,59,41.50005374054458
11,60,43.10346288814402
11,61,42.66188994908709
11,62,39.601029681203855
11,63,35.88177758743198
11,64,33.30048947827205
11,65,29.948639357529864
11,66,26.500019132233465
11,67,23.035787806121558
11,68,20.693488444197065
11,69,18.539530309551893
11,70,14.775761962540884
11,71,14.592951460435323
11,72,13.737198879937488
11,73,11.395764869061882
11,74,14.752590241052255
11,75,16.230098719450744
11,76,17.021363342346632
11,77,17.57094956512026
11,78,20.209300184609702
11,79,22.17409242416338
11,80,24.839324316676475
11,81,25.972097133518258
11,82,29.75402587777057
11,83,32.08235202220284
11,84,35.85317406490158
11,85,38.72718346679971
11,86,41.782325546268225
11,87,45.336206428433655
11,88,46.54884364113057
11,89,43.947130618841975
11,90,41.59381722462715
11,91,37.903872224518
11,92,37.63535758490049
11,93,37.55726976209195
11,94,36.40392513096539
11,95,39.547232827783674
11,96,38.5395642020058
11,97,37.81438604561268
11,98,39.20623781801489
11,99,35.880747658874775
11,100,34.774781962489875
11,101,32.40072971592781
11,102,29.863272083489594
11,103,28.59336418701117
11,104,24.792576510053788
11,105,25.328468206445876
11,106,24.441271307686904
11,107,20.865453252012852
11,108,20.50484881963519
11,109,22.210904180089187
11,110,19.11552361599689
11,111,18.477162840558336
12,1,11.22783813342313
12,2,13.037555545687553
12,3,16.706158881664223
12,4,16.964989325218603
12,5,15.110594526389454
12,6,13.860373660629625
12,7,10.300367569383765
12,8,9.036877218803376
12,9,8.71026192864024
12,10,6.663679239675207
12,11,3.80691490657457
12,13,3.8138489643038267
12,14,6.027657389668061
12,15,9.632630107546042
12,16,12.392406793457152
12,17,14.297027555185393
12,18,17.9157803277417
12,19,17.232524281210207
12,20,15.148069834036262
12,21,18.316249433038642
12,22,20.675273286798344
12,23,19.48506960413788
12,24,20.327988479807026
12,25,23.675256704129147
12,26,24.406692752955042
12,27,23.8196069547536
12,28,25.956244537989928
12,29,28.899559663173406
12,30,28.66808731511533
12,31,29.01553196218838
12,32,31.68863725290054
12,33,33.69185530868901
12,34,33.35089504182773
12,35,34.11560217199946
12,36,37.89027296369086
12,37,39.703311403194434
12,38,40.080489623737364
12,39,43.85360360082606
12,40,44.04725095062066
12,41,46.970105967264615
12,42,45.901915582737615
12,43,44.755667266622446
12,44,41.11624834911242
12,45,38.61187826336089
12,46,37.16720192587848
12,47,33.73400821971799
12,48,31.612746308601093
12,49,28.401127764288063
12,50,27.991089793817295
12,51,25.231526914951157
12,52,22.24025121609516
12,53,23.32995958766664
12,54,25.95950536956852
12,55,29.123678021512664
12,56,31.907985221240057
12,57,35.63573608341057
12,58,36.43825126425732
12,59,39.92176062815538
12,60,41.798028169860416
12,61,41.61875706614696
12,62,38.461203729167295
12,63,34.832473804177845
12,64,31.969820769047367
12,65,28.65233649216658
12,66,25.01470787906045
12,67,21.66372632813861
12,68,19.716078454677103
12,69,17.227941361270204
12,70,13.424568788746676
12,71,13.837980527820166
12,72,14.000703935104116
12,73,12.285239954107118
12,74,15.818145543170758
12,75,16.416278756209323
12,76,16.865363403149118
12,77,16.570482392004806
12,78,19.248995427253764
12,79,21.603479031301035
12,80,24.06396470800439
12,81,25.216721129403144
12,82,28.985398048439162
12,83,31.226637330240635
12,84,35.032040213447196
12,85,37.694004546858594
12,86,40.94860846029199
12,87,44.417588541611984
12,88,45.5530128356813
12,89,42.740730235192274
12,90,40.571983960535675
12,91,36.977656294410146
12,92,37.06617839637839
12,93,37.25677616758039
12,94,36.47942959514284
12,95,39.8274857502265
12,96,39.0963182002311
12,97,38.14915540092181
12,98,39.19303421762682
12,99,35.727204375195385
12,100,34.28721371923572
12,101,32.080019419069075
12,102,29.395904805934013
12,103,28.384490093792664
12,104,24.67719354407678
12,105,25.70568176540062
12,106,24.64043823200576
12,107,20.966641740655145
12,108,21.270197493908537
12,109,23.229996660100237
12,110,20.185012469398778
12,111,20.22077359331841
13,1,10.080489751698904
13,2,11.437584938178944
13,3,14.87814964918756
13,4,14.400552791112734
13,5,12.54829234486764
13,6,11.868805846488522
13,7,8.414821802605994
13,8,8.356986301268764
13,9,9.45793266983285
13,10,8.894574267029233
13,11,5.355495474707392
13,12,3.8138489643038267
13,14,3.8112537754425806
13,15,6.937625928232889
13,16,9.377567048620634
13,17,11.938527886617788
13,18,15.456589773446867
13,19,15.171636631391792
13,20,12.614382741393248
13,21,15.373802580915838
13,22,18.147587161407692
13,23,17.163406255032143
13,24,17.498774252173416
13,25,20.845972861389452
13,26,22.00256218299121
13,27,21.351293301950065
13,28,23.107907913282162
13,29,26.212556724670435
13,30,26.292525755360977
13,31,26.41445601231112
13,32,28.876807877706476
13,33,31.144302231868565
13,34,31.002654967041252
13,35,31.532439188679877
13,36,35.259533637134275
13,37,36.854903130575494
13,38,37.14749475287599
13,39,40.88018486251359
13,40,40.955612293764815
13,41,43.766270040022384
13,42,42.54201946374007
13,43,41.29300817668977
13,44,37.6612047924253
13,45,35.10552016261402
13,46,33.802618833804964
13,47,30.458650354845986
13,48,28.290069540216187
13,49,25.092096961979653
13,50,24.48962320524498
13,51,21.8526553663164
13,52,18.732167007976024
13,53,19.839907374286575
13,54,22.648813812529593
13,55,25.732063856638426
13,56,28.650941309960373
13,57,32.32886544723427
13,58,32.994706881778036
13,59,36.43704419841945
13,60,38.196704237806514
13,61,37.94060237768938
13,62,34.82793521047869
13,63,31.174887882877968
13,64,28.39411073889155
13,65,25.098254254024262
13,66,21.528978221692547
13,67,18.18673232430365
13,68,16.02294485868213
13,69,13.580262419875353
13,70,9.769923881456318
13,71,10.150215749270938
13,72,10.356446784061575
13,73,8.85405314485872
13,74,12.414975669867257
13,75,12.708025722872977
13,76,13.354251500887658
13,77,13.105807879572227
13,78,16.062051149437494
13,79,18.138973691604463
13,80,20.463157392962206
13,81,21.48126839939948
13,82,25.246503567744448
13,83,27.482966111199534
13,84,31.28524735835596
13,85,34.00225930477797
13,86,37.21050008515039
13,87,40.69934141217073
13,88,41.86885192673413
13,89,39.125427875282355
13,90,36.92759383821508
13,91,33.30024936195784
13,92,33.30458641032153
13,93,33.51806778286774
13,94,32.73499474950039
13,95,36.09539951828476
13,96,35.45772619795599
13,97,34.560409885389255
13,98,35.54660516493406
13,99,32.11577934024236
13,100,30.629869058845923
13,101,28.33735131064683
13,102,25.61360148957778
13,103,24.570813584096733
13,104,20.866564385404097
13,105,21.967671489660024
13,106,20.976336992174957
13,107,17.257936230149074
13,108,17.67119224180063
13,109,19.82777037716749
13,110,16.982734835798897
13,111,17.292065904727238
14,1,7.109231237613495
14,2,7.786645846031901
14,3,11.18341852796662
14,4,11.08785391223499
14,5,9.71258217022784
14,6,9.54826195787842
14,7,6.801326186767248
14,8,8.021954757972003
14,9,8.775884776733477
14,10,9.164800225250284
14,11,6.673038965054409
14,12,6.027657389668061
14,13,3.8112537754425806
14,15,3.79540349390153
14,16,6.466915192206005
14,17,8.531827861879096
14,18,12.22868380535916
14,19,12.24699805674886
14,20,10.283613387101157
14,21,13.103903740026336
14,22,15.664245610964302
14,23,15.271990920524392
14,24,16.03241216705465
14,25,18.98949201853542
14,26,20.236967168429487
14,27,20.221420802455057
14,28,21.959270092291614
14,29,24.77011126155168
14,30,25.177000157447665
14,31,25.717233656623748
14,32,27.90010697587545
14,33,30.059485666953403
14,34,30.318596401623104
14,35,31.11662938735441
14,36,34.85373419175624
14,37,36.232688831132435
14,38,36.86187449101041
14,39,40.52217239770284
14,40,40.82671276703082
14,41,43.6442959874878
14,42,42.28897659118905
14,43,40.76678942832663
14,44,37.0628667398831
14,45,34.25657490008956
14,46,32.762355090488605
14,47,29.50451374363492
14,48,26.98311317991736
14,49,23.53491419468312
14,50,22.822393847651483
14,51,19.801370608875164
14,52,17.103454199264256
14,53,18.82251939318099
14,54,21.751992098148893
14,55,25.084717111011525
14,56,28.211397866255787
14,57,31.835383919833845
14,58,32.723816219876994
14,59,36.24371624911836
14,60,37.80042105687129
14,61,37.68310360570657
14,62,34.81245185490397
14,63,31.20760063563522
14,64,28.476983809659355
14,65,25.467850559468474
14,66,22.006953402409536
14,67,18.989438657706298
14,68,16.33482121059468
14,69,13.475356762211407
14,70,9.962020752399544
14,71,8.96724473588692
14,72,9.08193107870273
14,73,8.574017547251357
14,74,12.376546036818443
14,75,12.851434336761905
14,76,14.493356209848645
14,77,14.427512316262922
14,78,17.847958421400214
14,79,19.33503396151114
14,80,21.187449511847774
14,81,21.544168436496907
14,82,25.17327269392332
14,83,26.994579020393353
14,84,30.78106154850424
14,85,33.37592369424097
14,86,36.51160445651513
14,87,40.118510893403176
14,88,40.998189224870345
14,89,38.2607459245836
14,90,35.79934993676931
14,91,32.18802532081711
14,92,32.222271400142304
14,93,32.07271310853899
14,94,31.25720419448496
14,95,34.59470037894304
14,96,33.68614075029415
14,97,32.533169485579066
14,98,33.664470915032624
14,99,30.16228124073684
14,100,28.96041018626478
14,101,26.93726923223387
14,102,24.5976600421821
14,103,23.943580309324943
14,104,20.290156362439845
14,105,21.59731438017632
14,106,21.270594264050803
14,107,17.46359308761142
14,108,17.47368202110108
14,109,20.126471076688144
14,110,17.782817495491123
14,111,17.715665688611633
15,1,5.489605227875967
15,2,5.317728989885012
15,3,8.266897290580781
15,4,7.473174598670787
15,5,6.05872775792261
15,6,6.775076957812168
15,7,5.289153480199945
15,8,8.192296994126782
15,9,9.721854764743897
15,10,11.400285123000256
15,11,9.3298753004025
15,12,9.632630107546042
15,13,6.937625928232889
15,14,3.79540349390153
15,16,3.798557051335227
15,17,6.428986690413428
15,18,10.018918738225869
15,19,11.16390685112004
15,20,9.46891064103916
15,21,11.439194616551546
15,22,14.267300887073969
15,23,14.750158288002213
15,24,15.188826739246428
15,25,17.67621633599586
15,26,19.493902070428785
15,27,19.881049838932714
15,28,21.09650602393048
15,29,23.817993974673985
15,30,24.793321972828316
15,31,25.337088168185705
15,32,27.055589229944236
15,33,29.409099438280922
15,34,30.117617450726243
15,35,30.80270295504988
15,36,34.43518857334185
15,37,35.431228766531206
15,38,36.1299609022723
15,39,39.66423253573614
15,40,39.92606677223286
15,41,42.569433831101954
15,42,40.93864333379934
15,43,39.13049377529566
15,44,35.433212751450114
15,45,32.417090548512334
15,46,31.049028233531782
15,47,28.029211007827396
15,48,25.21707048248655
15,49,21.64003169283993
15,50,20.4573120650279
15,51,17.30802366977051
15,52,14.87615346143729
15,53,17.17370425525052
15,54,20.420728545742218
15,55,23.705872488721027
15,56,27.099266311825193
15,57,30.559496594834606
15,58,31.334871149973715
15,59,34.77519832689446
15,60,36.00261683104301
15,61,35.77352727831437
15,62,33.12840701051684
15,63,29.527870217407056
15,64,27.060529412127348
15,65,24.25482323623965
15,66,21.085467227361097
15,67,18.296715518154038
15,68,15.127414936004014
15,69,12.427353121669505
15,70,9.493417423338267
15,71,7.172853613686895
15,72,6.423382357288529
15,73,6.793761502355918
15,74,10.344538911638631
15,75,11.094922818843834
15,76,13.610780489274822
15,77,14.096267745809193
15,78,17.717954519543696
15,79,18.457318818446073
15,80,19.984204722930937
15,81,19.8500447537097
15,82,23.329008777611516
15,83,24.935460694476465
15,84,28.648407216280916
15,85,31.301452703362788
15,86,34.24297000711585
15,87,37.942228616925526
15,88,38.73483937342675
15,89,36.16994503699014
15,90,33.47991430604423
15,91,29.829148959117013
15,92,29.63295300375252
15,93,29.170968328449014
15,94,28.14643923738561
15,95,31.37463087520781
15,96,30.259105240219377
15,97,29.113627414501078
15,98,30.45114957447392
15,99,27.01492813727665
15,100,26.11188408464649
15,101,24.092866558612574
15,102,22.039275995951545
15,103,21.45864065016099
15,104,17.846078543678956
15,105,19.06629854061864
15,106,19.299331523209716
15,107,15.56205066512372
15,108,15.068341233694118
15,109,18.019915204138076
15,110,16.20791677302607
15,111,15.852267364465094
16,1,8.450606901288436
16,2,6.531776640335439
16,3,7.890076141377106
16,4,6.3282955097414915
16,5,6.7291033348637335
16,6,9.118172231874233
16,7,8.694509907204088
16,8,11.90540702285453
16,9,13.478569749697908
16,10,15.01848609431178
16,11,12.812669100774368
16,12,12.392406793457152
16,13,9.377567048620634
16,14,6.466915192206005
16,15,3.798557051335227
16,17,3.805990125790726
16,18,6.786970278246499
16,19,8.206383383453252
16,20,6.316384237499169
16,21,7.711911580564683
16,22,10.693145891564825
16,23,11.498876060048362
16,24,11.74180597082425
16,25,13.986822360237877
