1,2,3.8032361602140803
1,3,6.678984221322187
1,4,8.547999169087195
1,5,11.63370651325221
1,6,14.398439989763723
1,7,15.669654748841173
1,8,19.33126204396715
1,9,21.347131246879552
1,10,23.372946987143795
1,11,25.547049401032933
1,12,26.39818489472842
1,13,25.25536247445067
1,14,27.99190628356925
1,15,29.81502366090636
1,16,30.08938961981652
1,17,32.922752487127134
1,18,31.10264039423607
1,19,30.20431701788015
1,20,26.679540487968936
1,21,25.31115935602783
1,22,23.634362041568647
1,23,21.957912375623742
1,24,20.704611986967713
1,25,18.018693820758976
1,26,17.713589596890724
1,27,14.541787405467092
1,28,15.928817861745316
1,29,13.416365295239096
1,30,12.912398946021996
1,31,9.432438827826727
1,32,9.462031462674238
1,33,7.96165729916473
1,34,5.318255285166415
1,35,6.343464648219501
1,36,9.458015913151824
1,37,10.325924520674588
1,38,13.932829876695646
1,39,16.3740515216163
1,40,20.158996019877883
1,41,21.822972118361267
1,42,25.473423056863936
1,43,25.46485115578998
1,44,23.60580968065859
1,45,23.89469420899039
1,46,22.61571755408831
1,47,19.48016978948492
1,48,20.68803094158935
1,49,19.540460483694524
1,50,23.174492230523313
1,51,22.430528112617438
1,52,21.346293387898836
1,53,18.83540884355649
1,54,20.76876150803806
1,55,18.275461319223986
1,56,16.415066215464797
1,57,12.643977119675032
1,58,12.595772889222824
1,59,10.419480139607327
1,60,10.79035642948135
1,61,12.286255981670083
1,62,13.819342526645462
1,63,12.957801742996548
1,64,15.826180927923613
1,65,16.831346787586305
1,66,18.370433501321195
1,67,16.845490026201297
1,68,18.207593701820084
1,69,16.85487435562896
1,70,19.14197050918449
1,71,18.202166238588823
1,72,20.86490597683042
1,73,21.308598193168493
1,74,24.249593149120212
1,75,25.181858776301986
1,76,27.763791492936793
1,77,31.355450405028357
1,78,32.467810407521455
1,79,30.569653495465303
1,80,26.783025648614643
1,81,24.03966956982725
1,82,21.117589692445033
1,83,18.257173060392912
1,84,15.78044310388457
1,85,13.35253078951194
1,86,13.351263426108803
1,87,15.725365740206792
1,88,19.08509483572984
1,89,18.21112024606505
1,90,17.378050916219863
1,91,19.866405882278077
1,92,21.819221476095517
1,93,24.124532076325888
1,94,26.931810562183713
1,95,27.849287065390726
1,96,30.956291249717
1,97,31.690858679109063
1,98,35.278743162177676
2,1,3.8032361602140803
2,3,3.8012482542659733
2,4,5.948651217757074
2,5,8.983072355928545
2,6,11.161552208888024
2,7,12.307007083824253
2,8,16.00112399000071
2,9,17.89233421050264
2,10,20.1908881011658
2,11,22.237061706249804
2,12,22.88672645272835
2,13,21.80388857724093
2,14,24.719208243124076
2,15,26.683326917903536
2,16,27.27038928277433
2,17,30.12094777949723
2,18,28.549683136421823
2,19,27.454306785618666
2,20,23.88377476133362
2,21,22.236226456457555
2,22,20.622751762124743
2,23,18.742359211449084
2,24,17.692021683274984
2,25,14.881882929668228
2,26,14.896361729720125
2,27,11.94158680700384
2,28,13.567305835393007
2,29,11.696717199961702
2,30,12.188205732054623
2,31,9.313085677972001
2,32,10.021512894028614
2,33,8.553153988221286
2,34,4.9059619046182
2,35,4.505298876549872
2,36,6.373289709446685
2,37,6.774180811969166
2,38,10.503039165682086
2,39,13.19993480473461
2,40,16.98773980922776
2,41,18.682258042599653
2,42,22.349548965345395
2,43,22.231319345148865
2,44,20.29544654528985
2,45,20.93930191184672
2,46,19.905207069851173
2,47,16.652727224305753
2,48,18.189643869144035
2,49,16.992541919584628
2,50,20.566744335550048
2,51,19.74094452162671
2,52,19.058721207040612
2,53,16.52123580121631
2,54,18.695354751214808
2,55,16.363524770219254
2,56,15.148011269348146
2,57,11.337902411515262
2,58,10.687446899547027
2,59,9.045404795780346
2,60,9.464629427880995
2,61,12.025353158402183
2,62,13.6814154662919
2,63,13.140122828935176
2,64,15.32737809778479
2,65,15.532983633048152
2,66,16.425110424886974
2,67,15.051742431465586
2,68,15.92759058378935
2,69,14.524255234915957
2,70,16.645649582346763
2,71,15.505721854192714
2,72,18.21985029451121
2,73,18.49637232180172
2,74,21.516925617064288
2,75,22.17361048541069
2,76,24.87483778579568
2,77,28.356967556132318
2,78,29.25708177650358
2,79,27.207134760792105
2,80,23.410256333638955
2,81,20.502613456858192
2,82,17.526508265775103
2,83,14.58242306587101
2,84,11.99900960610796
2,85,9.586728839139552
2,86,9.949960222711148
2,87,12.718036490673422
2,88,15.964999303070178
2,89,14.84468641494465
2,90,13.746109527491814
2,91,16.094452769539675
2,92,18.055620185361
2,93,20.35846673356272
2,94,23.238111752944402
2,95,24.27341534067256
2,96,27.488470406881554
2,97,28.429100551912924
2,98,32.08681853724663
3,1,6.678984221322187
3,2,3.8012482542659733
3,4,3.806564625951169
3,5,5.588750238867277
3,6,7.8931331008395125
3,7,9.05883941851943
3,8,12.75633746393213
3,9,15.086853754475312
3,10,17.269257820588365
3,11,19.709559883155485
3,12,20.721222634499448
3,13,20.207589875322782
3,14,23.25076149903139
3,15,25.653683201901412
3,16,26.45282156990764
3,17,29.56314625292748
3,18,28.430117575700958
3,19,27.467575576859787
3,20,23.762560386484193
3,21,21.59339080511027
3,22,19.556314482631993
3,23,17.11108936126824
3,24,15.559436491285993
3,25,12.318603661130561
3,26,11.714170122539292
3,27,8.47034928423652
3,28,9.786157893950085
3,29,8.063616661118724
3,30,9.146234029686617
3,31,7.017481568353806
3,32,8.504657712996824
3,33,8.02850775262445
3,34,5.047346000183986
3,35,5.73682728439587
3,36,6.05321045140876
3,37,7.088708216770575
3,38,10.500374913979964
3,39,13.836971047274316
3,40,17.484630481947733
3,41,19.34709701800693
3,42,22.966171028336895
3,43,22.599405107478603
3,44,20.389081881191153
3,45,21.54064050334347
3,46,21.079663858714945
3,47,17.856777648155074
3,48,19.8384014948939
3,49,18.556415287009543
3,50,21.904841565526553
3,51,20.767144925873982
3,52,20.34532877879325
3,53,17.522379408686767
3,54,19.42308985823453
3,55,16.839830912086423
3,56,16.395477927273706
3,57,12.800902928053084
3,58,10.98359483427834
3,59,8.945417018305792
3,60,8.021275182658979
3,61,11.07504077027338
3,62,11.964579125420792
3,63,11.138270752005818
3,64,12.56486727924623
3,65,12.168760338245123
3,66,12.956557532704535
3,67,12.087487172928789
3,68,13.233597803115456
3,69,12.572892950463114
3,70,15.186490871814682
3,71,14.701186106464116
3,72,17.882478847858213
3,73,18.575837273711496
3,74,21.905142339879717
3,75,22.485024860341042
3,76,25.500179445275947
3,77,28.74713907669203
3,78,29.409043404338533
3,79,27.180852671499643
3,80,23.41645600253373
3,81,20.18494633502308
3,82,16.97115404880112
3,83,13.996885989155702
3,84,10.741458162118793
3,85,8.161832702509498
3,86,9.274708140936228
3,87,11.860559642503787
3,88,14.488977399344185
3,89,12.651026570803147
3,90,12.141421917285037
3,91,14.26529312467697
3,92,16.823482585940976
3,93,19.034590973704702
3,94,22.2941406817523
3,95,23.506784424376097
3,96,26.958149381502825
3,97,28.164758302742857
3,98,31.852917368554227
4,1,8.547999169087195
4,2,5.948651217757074
4,3,3.806564625951169
4,5,3.8131314043783977
4,6,6.626257243000475
4,7,9.281439341453913
4,8,13.002278161725291
4,9,15.772067273168124
4,10,18.392911454993556
4,11,20.92220263853011
4,12,21.68623002932159
4,13,21.510536216555874
4,14,24.869319180084826
4,15,27.456389601407004
4,16,28.69194089818243
4,17,31.718464623383326
4,18,30.803542169476394
4,19,29.506051803770163
4,20,25.88743252832132
4,21,23.51179960582719
4,22,21.713093714536694
4,23,18.991083572437013
4,24,17.635435549142738
4,25,14.104702323360764
4,26,13.29096123295163
4,27,10.02448651651279
4,28,10.12569536500816
4,29,8.250848266952188
4,30,10.19592404007655
4,31,8.168644550420682
4,32,10.870152404952538
4,33,11.313896459908802
4,34,8.60551612578589
4,35,9.222742567457024
4,36,9.029938139638373
4,37,8.619674066825919
4,38,11.971017878000438
4,39,14.970967278912495
4,40,18.406384561293574
4,41,19.620749407844777
4,42,22.98817889845396
4,43,21.996760819035
4,44,19.28560492093366
4,45,20.166693456397642
4,46,20.24531778115039
4,47,17.4792496207607
4,48,20.023629410765118
4,49,19.42464901297876
4,50,22.836567646795316
4,51,22.195623046249356
4,52,22.34542648593504
4,53,19.90316939859114
4,54,22.19232763717565
4,55,19.94897682040677
4,56,19.649727370572702
4,57,16.0500769620454
4,58,14.38021828811485
4,59,12.6813425787811
4,60,11.61949782211848
4,61,14.665055580231037
4,62,15.04655062345473
4,63,13.565222420070215
4,64,14.472446143231833
4,65,13.475693737551543
4,66,14.383543133281037
4,67,14.432526204590177
4,68,15.681657219762922
4,69,15.490275280070437
4,70,18.031594573258698
4,71,17.43065498631976
4,72,20.476450603350774
4,73,20.753795522276274
4,74,23.887581749238937
4,75,23.90440766566395
4,76,26.712746306827018
4,77,29.843138605028965
4,78,30.055829848793422
4,79,27.4466276643859
4,80,23.760920415846925
4,81,20.313317018341223
4,82,17.49054403163912
4,83,14.056582171716935
4,84,11.029787290228182
4,85,7.564250384227156
4,86,7.378541907164537
4,87,8.970500098813877
4,88,11.531471678743761
4,89,10.173423634237093
4,90,10.441641924344609
4,91,13.282123206787109
4,92,16.150505880917553
4,93,18.917372994691043
4,94,22.226800114975564
4,95,24.016297434991824
4,96,27.59629544808722
4,97,29.246804336626397
4,98,33.02504813178194
5,1,11.63370651325221
5,2,8.983072355928545
5,3,5.588750238867277
5,4,3.8131314043783977
5,6,3.78261839446605
5,7,6.68748365887691
5,8,10.081430306394278
5,9,13.333082531963136
5,10,15.730310742884889
5,11,18.618177929443537
5,12,19.755017769975435
5,13,20.20063392187966
5,14,23.571264911991417
5,15,26.525126116154677
5,16,27.920977330955914
5,17,31.140488873258466
5,18,30.648066163872702
5,19,29.525928094649004
5,20,25.857097563208512
5,21,23.069081702526102
5,22,20.917623824322703
5,23,17.758526916135658
5,24,15.971188929485502
5,25,12.209782218974329
5,26,10.712718890231445
5,27,7.494866068894207
5,28,6.699350493320684
5,29,5.458899509257767
5,30,8.490455212172332
5,31,7.971758355769755
5,32,10.987481961524884
5,33,12.095601284255247
5,34,10.158111557068196
5,35,11.082496695420367
5,36,10.071075190474332
5,37,10.222538141144323
5,38,12.858027817577918
5,39,16.183822319950576
5,40,19.337322473353904
5,41,20.754947868406315
5,42,24.002680829864104
5,43,22.90378318404694
5,44,20.10225608334014
5,45,21.52932082544647
5,46,22.058428730361506
5,47,19.330961848206844
5,48,22.06070085099557
5,49,21.267800712322767
5,50,24.37370394241444
5,51,23.392578474903107
5,52,23.68365479018105
5,53,21.0265538511444
5,54,22.97779613291151
5,55,20.582759437788095
5,56,20.90095742655701
5,57,17.585736758695457
5,58,15.176950351602672
5,59,13.384082522401851
5,60,11.50170724942958
5,61,14.630035741547289
5,62,14.344608181771651
5,63,12.795391634156633
5,64,12.683483623335809
5,65,10.84543313954673
5,66,11.440399250581065
5,67,12.260715009907514
5,68,13.645364278565124
5,69,14.274558944416631
5,70,17.070230373150608
5,71,17.10308515098368
5,72,20.4072858130937
5,73,21.070506924625853
5,74,24.395213367428763
5,75,24.401145692376566
5,76,27.459768935419564
5,77,30.318128763321777
5,78,30.35251414362288
5,79,27.669621873780674
5,80,24.100794976726267
5,81,20.473205346800047
5,82,17.499630045250775
5,83,14.312179000097862
5,84,10.875180595315593
5,85,7.847769447358448
5,86,8.670393590732827
5,87,9.872796226595026
5,88,11.27616495229403
5,89,8.89869758504493
5,90,9.98515116645311
5,91,12.218768521792175
5,92,15.60692219992434
5,93,18.08154853573148
5,94,21.677222129226124
5,95,23.54073283300356
5,96,27.257947583335387
5,97,29.093584078656278
5,98,32.82426190283937
6,1,14.398439989763723
6,2,11.161552208888024
6,3,7.8931331008395125
6,4,6.626257243000475
6,5,3.78261839446605
6,7,3.799596456129734
6,8,6.917000278265399
6,9,10.085700001085947
6,10,12.882523889267178
6,11,15.556233707373329
6,12,16.436721952086877
6,13,17.149654269619454
6,14,20.65080332764911
6,15,23.760023337659117
6,16,25.5037223526675
6,17,28.667181260928523
6,18,28.518709649287526
6,19,27.261636897746104
6,20,23.690201816353326
6,21,20.628458712056965
6,22,18.592767980813267
6,23,15.225049056162199
6,24,13.741571061664242
6,25,10.021888238390732
6,26,9.01532096919365
6,27,6.9435276950284495
6,28,6.4893405988420305
6,29,7.391245094605105
6,30,10.940715802407308
6,31,11.235131580078546
6,32,13.819639099434852
6,33,14.490115619248277
6,34,12.402922483034647
6,35,12.441313798087974
6,36,10.265167733473474
6,37,9.950450389040864
6,38,11.561894932338062
6,39,14.760618085565195
6,40,17.438581143198068
6,41,18.828318952824663
6,42,21.85639520938365
6,43,20.678624479477257
6,44,17.923779717248937
6,45,19.876308388603253
6,46,20.73552510990206
6,47,18.098695906729002
6,48,20.97169285341053
6,49,20.134400598031775
6,50,22.8638077137779
6,51,21.774352439269844
6,52,22.466259010945798
6,53,19.95449368558494
6,54,21.896260427808517
6,55,19.82900483140424
6,56,20.778554466720628
6,57,17.847862357919045
6,58,15.159668988301577
6,59,14.123207782727613
6,60,12.520504185455753
6,61,15.997212860310905
6,62,15.947260646384393
6,63,15.050922488035317
6,64,14.36165508163565
6,65,11.819162363215485
6,66,11.18528697719499
6,67,12.212359891854549
6,68,12.687493741449966
6,69,13.376192881839803
6,70,15.684714461797133
6,71,15.642855058689884
6,72,18.753997521679334
6,73,19.269972226279876
6,74,22.495322759843898
6,75,22.201000669975716
6,76,25.29818554593342
6,77,27.872275584001187
6,78,27.65486418389389
6,79,24.881227130766852
6,80,21.46285298343697
6,81,17.74931551842724
6,82,14.844734646102534
6,83,11.891577403140948
6,84,8.476788659885353
6,85,6.166752556406943
6,86,7.906614741835595
6,87,9.193941486580881
6,88,9.707172199182784
6,89,6.450582422846337
6,90,7.404326691591909
6,91,8.900698680892688
6,92,12.482764990677563
6,93,14.757355112885127
6,94,18.45157885007371
6,95,20.43407495581726
6,96,24.20792728347622
6,97,26.263462867158204
6,98,29.960877621181655
7,1,15.669654748841173
7,2,12.307007083824253
7,3,9.05883941851943
7,4,9.281439341453913
7,5,6.68748365887691
7,6,3.799596456129734
7,8,3.794180090806206
7,9,6.658293664574448
7,10,9.280419271662762
7,11,11.96194374955261
7,12,13.145479884985457
7,13,13.933937279674218
7,14,17.260098522923766
7,15,20.47221329322567
7,16,22.103398948875263
7,17,25.39906974054245
7,18,25.42029787092938
7,19,24.436222987419857
7,20,20.82835837542815
7,21,17.607055231832046
7,22,15.252507139717078
7,23,11.738448156503894
7,24,10.014294590305349
7,25,6.303168259193302
7,26,5.647805895536728
7,27,4.896818055318963
7,28,5.971849541393721
7,29,8.307167215345501
7,30,11.513699722289381
7,31,12.448485890066245
7,32,14.192352849057617
7,33,14.350392314029612
7,34,12.567456827040862
7,35,12.187840031930424
7,36,9.349180922959926
7,37,9.781278546209435
7,38,10.404656006373434
7,39,13.783152658961873
7,40,16.202655553230322
7,41,18.17701582780989
7,42,21.23538954997681
7,43,20.566437404805257
7,44,18.322045567634007
7,45,20.807853548920168
7,46,21.429163401289586
7,47,18.515998676686266
7,48,21.010560064326743
7,49,19.588544091707977
7,50,21.938958558006526
7,51,20.29366941376044
7,52,20.799047038014027
7,53,18.048583899646076
7,54,19.520561678051088
7,55,17.388986223135017
7,56,18.87909223971641
7,57,16.427947274204598
7,58,13.287238979457332
7,59,12.641870386715425
7,60,11.09101788045506
7,61,14.604707077215922
7,62,14.777182586754211
7,63,14.725351306871444
7,64,13.740623551099509
7,65,11.056506157720571
7,66,9.316916878305303
7,67,9.895105428387593
7,68,9.508347904627408
7,69,10.219847218462052
7,70,12.308590647152887
7,71,12.622701092461647
7,72,15.813798475429552
7,73,16.74999254752939
7,74,20.132201451741995
7,75,20.145703055871703
7,76,23.51248865102104
7,77,25.931164760920606
7,78,25.92713983122214
7,79,23.44966804483778
7,80,20.098141379089316
7,81,16.53143684977089
7,82,13.263198849029369
7,83,11.084320913701724
7,84,7.463360582497283
7,85,6.907183972931004
7,86,9.963536226141862
7,87,11.993767605165537
7,88,12.351489956254982
7,89,8.77273023795398
7,90,8.650417270780016
7,91,8.58441676982396
7,92,11.815487786662318
7,93,13.171889566087748
7,94,16.922948774294014
7,95,18.38229115326978
7,96,22.10105631083025
7,97,23.916120149777402
7,98,27.496892433336598
8,1,19.33126204396715
8,2,16.00112399000071
8,3,12.75633746393213
8,4,13.002278161725291
8,5,10.081430306394278
8,6,6.917000278265399
8,7,3.794180090806206
8,9,3.803661157104639
8,10,6.1375555029428
8,11,9.042715672084853
8,12,10.607116641728547
8,13,12.302925108683437
8,14,15.448832002785077
8,15,18.98719223268829
8,16,20.851504700284867
8,17,24.200067960797487
8,18,24.77052878551318
8,19,23.960047712428267
8,20,20.51740349385702
8,21,16.970495243680325
8,22,14.448050290534711
8,23,10.666966593802405
8,24,8.80823117758552
8,25,5.740189968113331
8,26,5.083045481657102
8,27,6.595017523116947
8,28,7.239748606015041
8,29,10.603521751984522
8,30,13.73218002445243
8,31,15.411284477388069
8,32,16.940639446427472
8,33,17.19923894789841
8,34,15.840151409815707
8,35,15.4114684998664
8,36,12.336411015288766
8,37,12.878746479489843
8,38,12.608167707077795
8,39,15.653315111243893
8,40,17.413642705580703
8,41,19.453805748352096
8,42,22.15718064076007
8,43,21.52880571491872
8,44,19.496806702419878
8,45,22.419398027323744
8,46,23.325357133251096
8,47,20.58943387946594
8,48,23.030911202952293
8,49,21.486075311896165
8,50,23.333209632381006
8,51,21.430108576127168
8,52,22.115456067466805
8,53,19.42700279932594
8,54,20.48234523688242
8,55,18.530322156128417
8,56,20.632029949041527
8,57,18.719290481174692
8,58,15.333452903452129
8,59,15.031300031997278
8,60,13.377850407372739
8,61,16.59629245521913
8,62,16.503271980206083
8,63,16.78157115075203
8,64,15.097039051524975
8,65,11.948690315564555
8,66,9.22271178658777
8,67,10.323562591756708
8,68,9.213800172141848
8,69,10.619751491517103
8,70,12.22565007349745
8,71,13.109075412976605
8,72,16.064400170937
8,73,17.244879734718346
8,74,20.510810018165778
8,75,20.451178855207072
8,76,23.891606010014115
8,77,25.859599475622932
8,78,25.664616010890445
8,79,23.264473262568426
8,80,20.25899951325763
8,81,16.8212012721201
8,82,13.726350535451918
8,83,12.383268477555825
8,84,9.315935211368034
8,85,9.87069184526513
8,86,12.97910682427421
8,87,14.660295252184621
8,88,14.198556068397963
8,89,10.414433483997449
8,90,10.475946187228214
8,91,9.107731162774881
8,92,12.080755847211664
8,93,12.558697108002265
8,94,16.277662195154257
8,95,17.59939735511384
8,96,21.245782595993685
8,97,23.17515257328721
8,98,26.55127379707124
9,1,21.347131246879552
9,2,17.89233421050264
9,3,15.086853754475312
9,4,15.772067273168124
9,5,13.333082531963136
9,6,10.085700001085947
9,7,6.658293664574448
9,8,3.803661157104639
9,10,3.809370440035301
9,11,5.5372575359481315
9,12,6.8306979900015445
9,13,8.68326491909678
9,14,11.735118253637598
9,15,15.348902415967654
9,16,17.387785581463262
9,17,20.670252453132136
9,18,21.517250779804044
9,19,20.746252988274865
9,20,17.46833290582683
9,21,13.779789675535168
9,22,11.343782290836574
9,23,7.57934835043498
9,24,6.453973040708625
9,25,4.91868695563116
9,26,6.372237097901466
9,27,9.12599402531953
9,28,10.676464723085214
9,29,14.024030422576091
9,30,16.848383483393345
9,31,18.418433428980656
9,32,19.46417661782026
9,33,19.130313355448152
9,34,17.67559314287951
9,35,16.597206813074347
9,36,13.13315309545424
9,37,13.581281560350082
9,38,12.227495941944532
9,39,14.761616932589424
9,40,15.847953329600164
9,41,18.121483208647046
9,42,20.576646458796343
9,43,20.370704299545373
9,44,18.9170870291974
9,45,22.211596776673638
9,46,22.96068165076294
9,47,20.22413021428647
9,48,22.30142096487996
9,49,20.454913538075232
9,50,21.74946441643631
9,51,19.53818765538003
9,52,20.320091612648532
9,53,17.801298451895494
9,54,18.54547772491348
9,55,17.0199024892343
9,56,19.66793646257913
9,57,18.394067680506573
9,58,15.075904209382422
9,59,15.607983970557633
9,60,14.616852147912352
9,61,17.749514236237793
9,62,18.178949871811504
9,63,19.142915831429832
9,64,17.60421181155971
9,65,14.723029839069234
9,66,11.515035692625698
9,67,11.82207849332148
9,68,9.492367061563927
9,69,10.201935920143411
9,70,10.611681352332736
9,71,11.330072961568105
9,72,13.724218173339539
9,73,14.889027815288813
9,74,17.94090772075907
9,75,17.88204383261079
9,76,21.36476093838728
9,77,23.01971930451747
9,78,22.87998555876706
9,79,20.758936513578302
9,80,17.99992387502052
9,81,14.898014152326063
9,82,11.868244174174778
9,83,11.59688357859205
9,84,9.279307084649423
9,85,11.19252061177286
9,86,14.609088946549452
9,87,16.627022235636503
9,88,16.135939987545814
9,89,12.57088455406944
9,90,11.701166706796279
9,91,9.228834945069348
9,92,11.155679379951984
9,93,10.492814431918058
9,94,13.92777558131798
9,95,14.707880503366477
9,96,18.180436130053852
9,97,19.95828191895989
9,98,23.176854217273696
10,1,23.372946987143795
10,2,20.1908881011658
10,3,17.269257820588365
10,4,18.392911454993556
10,5,15.730310742884889
10,6,12.882523889267178
10,7,9.280419271662762
10,8,6.1375555029428
10,9,3.809370440035301
10,11,3.797263165717619
10,12,6.99991921958756
10,13,9.40638132891492
10,14,11.422640191947202
10,15,15.118584676455644
10,16,16.711026254097924
10,17,20.2074892462887
10,18,21.35594072555913
10,19,21.222089250484338
10,20,18.0482737005403
10,21,14.406590639119724
10,22,11.408983425677041
10,23,7.899602612894717
10,24,5.757753963268866
10,25,5.689541004554075
10,26,6.388893226422961
10,27,10.02256994256331
10,28,11.586183588771352
10,29,15.167220045154497
10,30,17.482216885892775
10,31,19.59795681306371
10,32,20.17305951471963
10,33,19.908025788474266
10,34,19.113152908037712
10,35,18.36184821901919
10,36,15.170116245070355
10,37,16.357546945653432
10,38,14.998701189708356
10,39,17.596579445415077
10,40,18.597880490373743
10,41,21.197416713646305
10,42,23.61119650674837
10,43,23.717446112023783
10,44,22.517528858222715
10,45,25.88209293032154
10,46,26.49434092792254
10,47,23.65126334114859
10,48,25.458980266230405
10,49,23.282763486628546
10,50,24.36695270144718
10,51,21.764436024294987
10,52,22.141847395392386
10,53,19.384446151912485
10,54,19.402590520934023
10,55,17.624874515373968
10,56,20.53117165154554
10,57,19.681034103616067
10,58,16.121875868629623
10,59,16.46546212254414
10,60,15.15150293742766
10,61,17.70160805416415
10,62,17.80965386245024
10,63,19.152348083131837
10,64,17.202639794849794
10,65,14.403971728790095
10,66,10.732834710342233
10,67,10.969088554230218
10,68,8.262997212029042
10,69,9.71100221173398
10,70,10.019645885016809
10,71,11.85297788990786
10,72,14.247067767939328
10,73,16.16740199268492
10,74,19.262418863509858
10,75,19.722026337317036
10,76,23.32081628410645
10,77,24.751960703011893
10,78,24.867770071480415
10,79,23.147754563370736
10,80,20.62490068757535
10,81,17.872432967552918
10,82,14.839326423349958
10,83,15.044714662307044
10,84,12.729956260069116
10,85,14.626895385091663
10,86,18.14583771491984
10,87,20.233222110204764
10,88,19.749379843425316
10,89,16.082128014639366
10,90,15.45927710641012
10,91,13.022801302426643
10,92,14.750056435216523
10,93,13.554069477931657
10,94,16.633738973299884
10,95,16.81234820791982
10,96,19.929640602774384
10,97,21.303358406209
10,98,24.169680952616872
11,1,25.547049401032933
11,2,22.237061706249804
11,3,19.709559883155485
11,4,20.92220263853011
11,5,18.618177929443537
11,6,15.556233707373329
11,7,11.96194374955261
11,8,9.042715672084853
11,9,5.5372575359481315
11,10,3.797263165717619
11,12,3.7654484143310722
11,13,6.490273801568314
11,14,7.975803900097765
11,15,11.735538564033847
11,16,13.652212584565495
11,17,16.95889354447839
11,18,18.502765021401455
11,19,18.337924133453505
11,20,15.505986555649082
11,21,11.826782732043414
11,22,9.239128959911069
11,23,6.344685770306214
11,24,5.978133457699313
11,25,7.662868640905496
11,26,9.656852671322323
11,27,13.246301958895751
11,28,15.158931487233069
11,29,18.631313870761957
11,30,20.946260293754925
11,31,22.789929465948955
11,32,23.192742286700092
11,33,22.4793553250598
11,34,21.42464003500095
11,35,20.102630653239334
11,36,16.674163784868654
11,37,17.50592667381325
11,38,15.363478464860744
11,39,17.276066125673903
11,40,17.528202727804327
11,41,20.134006212597626
11,42,22.16056177258401
11,43,22.606073731030634
11,44,21.948838093997495
11,45,25.531913739621285
11,46,26.048870910365125
11,47,23.34725266942312
11,48,24.827897434401365
11,49,22.52482513725671
11,50,23.025243130889613
11,51,20.27781883816344
11,52,20.847000895403337
11,53,18.465379125999792
11,54,18.257057916534766
11,55,17.125056439426082
11,56,20.441130502847397
11,57,20.180537153597832
11,58,16.93346666698819
11,59,18.051952873144003
11,60,17.430985069150857
11,61,19.966942457342395
11,62,20.584950226360835
11,63,22.294582589206897
11,64,20.614664712792756
11,65,18.028581579357606
11,66,14.365020173271436
11,67,14.102726978727198
11,68,10.864667182982773
11,69,11.310322355754444
11,70,10.269279000416041
11,71,11.531690175965284
11,72,12.95932356491297
11,73,14.61320785243546
11,74,17.233145686413327
11,75,17.56986060519662
11,76,21.039969074599412
11,77,22.04729016692552
11,78,22.149982749944822
11,79,20.745395257473376
11,80,18.616264073364885
11,81,16.358744136284383
11,82,13.702949472218132
11,83,14.856509065133304
11,84,13.401876043646386
11,85,16.066655341140997
11,86,19.603672267561205
11,87,21.81525449644982
11,88,21.26964732846846
11,89,17.857160292666602
11,90,16.6355347723161
11,91,13.603160720145572
11,92,14.362134123593073
11,93,12.243563861372248
11,94,14.699222053892077
11,95,14.280169650724797
11,96,17.027258167262318
11,97,18.23061811567341
11,98,20.844392262292086
12,1,26.39818489472842
12,2,22.88672645272835
12,3,20.721222634499448
12,4,21.68623002932159
12,5,19.755017769975435
12,6,16.436721952086877
12,7,13.145479884985457
12,8,10.607116641728547
12,9,6.8306979900015445
12,10,6.99991921958756
12,11,3.7654484143310722
12,13,3.8266850237753594
12,14,5.955404563159239
12,15,9.656707725734005
12,16,12.41270338649187
12,17,15.235872273145025
12,18,16.934355199949522
12,19,16.150067233328315
12,20,13.629496607463542
12,21,9.894032674560274
12,22,8.447995900637265
12,23,6.233326310114752
12,24,7.872841492301523
12,25,9.51962805266301
12,26,12.217701333578585
12,27,15.42024405969422
12,28,17.41041318318611
12,29,20.718877812738505
12,30,23.304951069717756
12,31,24.72954364976153
12,32,25.315815979307924
12,33,24.338749635044824
12,34,22.768697696675556
12,35,20.92190386716908
12,36,17.25503859549996
12,37,17.344868411127923
12,38,14.638118826029347
12,39,15.794863013634437
12,40,15.322950551999451
12,41,17.602711973470416
12,42,19.19790184741046
12,43,19.699097672944838
12,44,19.388572858814847
12,45,23.10192584250832
12,46,23.67959349596776
12,47,21.262664876653577
12,48,22.641019763901394
12,49,20.520497607123904
12,50,20.59394343413323
12,51,18.053261156801053
12,52,19.15919998380283
12,53,17.36068665152626
12,54,17.5114040477654
12,55,17.136397409681145
12,56,20.53057568891696
12,57,20.43404515714984
12,58,17.632082962554097
12,59,19.347417179731025
12,60,19.311404760172724
12,61,22.142061434437608
12,62,23.18381500342254
12,63,24.857850546353585
12,64,23.493223800164838
12,65,20.9117886530449
12,66,17.41568377888237
12,67,17.050154773301117
12,68,13.775987390222404
12,69,13.474687089684833
12,70,11.827200974539663
12,71,11.921861688946578
12,72,12.476970789627162
12,73,13.201463412120649
12,74,15.238179582482195
12,75,14.945199601352657
12,76,18.15770303416018
12,77,18.86348534605424
12,78,18.66102878113115
12,79,17.207033951165077
12,80,15.352699454258127
12,81,13.368033449432543
12,82,11.262052277071327
12,83,13.082868513020903
12,84,12.588368815259798
12,85,15.754225450131457
12,86,19.067536480374734
12,87,21.207907241282093
12,88,20.548055199649895
12,89,17.528147577980775
12,90,15.788599240819295
12,91,12.329060825261308
12,92,12.153831492854902
12,93,9.364804204412888
12,94,11.292736975339347
12,95,10.718315046839184
12,96,13.406957978568888
12,97,14.891068336075458
12,98,17.56917200997504
13,1,25.25536247445067
13,2,21.80388857724093
13,3,20.207589875322782
13,4,21.510536216555874
13,5,20.20063392187966
13,6,17.149654269619454
13,7,13.933937279674218
13,8,12.302925108683437
13,9,8.68326491909678
13,10,9.40638132891492
13,11,6.490273801568314
13,12,3.8266850237753594
13,14,3.7962296073674953
13,15,6.972289433912652
13,16,9.738631117659146
13,17,12.46565861863593
13,18,13.668412000568557
13,19,12.606957358389803
13,20,9.918516466671447
13,21,6.159542713511773
13,22,5.398260447610181
13,23,4.442471622794223
13,24,7.702782601575302
13,25,9.834339371210431
13,26,13.269516753835303
13,27,16.119553017420326
13,28,18.69605601523301
13,29,21.60984092689306
13,30,23.983247136666495
13,31,24.913313086194258
13,32,25.20441132247304
13,33,23.688993817803272
13,34,21.85601090633283
13,35,19.49946732668768
13,36,15.865742317944308
13,37,15.794637942694855
13,38,12.59016888970216
13,39,13.16985950186961
13,40,12.342429718927773
13,41,14.94556669312224
13,42,16.624324386569153
13,43,17.742492800234135
13,44,17.977537978529657
13,45,21.59320158804114
13,46,21.628707271734513
13,47,19.051805798263683
13,48,19.921091872138213
13,49,17.489323471787184
13,50,17.302159368607242
13,51,14.524877921041481
13,52,15.526195171046279
13,53,13.931943610016942
13,54,14.066822116507389
13,55,14.196013105408618
13,56,17.646312765087494
13,57,17.91851890169596
13,58,15.582734051972228
13,59,17.917284316480316
13,60,18.619965451650426
13,61,21.436624853175136
13,62,23.083200460096258
13,63,25.04657187584337
13,64,24.24087589257237
13,65,22.089739302608802
13,66,18.824211219937663
13,67,17.762265793534088
13,68,14.300501757519482
13,69,12.95617082861893
13,70,10.555026915353732
13,71,9.624783114623872
13,72,9.318134245227151
13,73,9.585173914906235
13,74,11.42284716563889
13,75,11.2968431220288
13,76,14.633716829743337
13,77,15.563876763098461
13,78,15.845139334770655
13,79,14.760033449706857
13,80,12.722777910507757
13,81,11.176415107825592
13,82,8.976010429403628
13,83,11.49777860213586
13,84,11.59429070052707
13,85,15.183455979048002
13,86,18.492647394613837
13,87,21.060036202272855
13,88,20.956371248814882
13,89,18.25327256271217
13,90,15.81093295201054
13,91,12.552032812755607
13,92,11.62126868459739
13,93,8.62317528434274
13,94,9.979862287292415
13,95,8.477134494587343
13,96,11.008888613730736
13,97,11.931903370758018
13,98,14.832116910495595
14,1,27.99190628356925
14,2,24.719208243124076
14,3,23.25076149903139
14,4,24.869319180084826
14,5,23.571264911991417
14,6,20.65080332764911
14,7,17.260098522923766
14,8,15.448832002785077
14,9,11.735118253637598
14,10,11.422640191947202
14,11,7.975803900097765
14,12,5.955404563159239
14,13,3.7962296073674953
14,15,3.7990660184189946
14,16,6.554809100430699
14,17,9.2949318247089
14,18,11.150722629294421
14,19,10.792037528289011
14,20,8.739915439027685
14,21,5.587642120705341
14,22,5.250475332692428
14,23,6.31793374651229
14,24,9.350416857120445
14,25,12.380610250881757
14,26,15.708793548464886
14,27,18.833528465280153
14,28,21.565085322103073
14,29,24.53567469485333
14,30,26.61680083709551
14,31,27.684260777661056
14,32,27.59456823050191
14,33,25.879007783957757
14,34,24.341610344286902
14,35,21.962516998114936
14,36,18.533993658492
14,37,18.82687181178737
14,38,15.52424386477006
14,39,15.826674553417796
14,40,14.653670817380133
14,41,17.376880644696058
14,42,18.738481507817504
14,43,20.33666089504054
14,44,21.059905852521705
14,45,24.648296791099494
14,46,24.442839407956516
14,47,21.90602821639372
14,48,22.290851961243714
14,49,19.58214550433509
14,50,18.868945878708182
14,51,15.773776583743048
14,52,16.377634384969365
14,53,14.96041516650719
14,54,14.219974621219462
14,55,14.69213852991308
14,56,18.404923055372063
14,57,19.399991581417627
14,58,17.244574779934705
14,59,19.77914335605457
14,60,20.64949783208966
14,61,23.030705574614835
14,62,24.77684377682721
14,63,27.129203633062357
14,64,26.306657159576723
14,65,24.37112513631857
14,66,20.968072110043178
14,67,19.616372960210747
14,68,15.913339474968197
14,69,14.453434691661057
14,70,11.42920826822091
14,71,10.850728937002193
14,72,9.653343313484815
14,73,10.3294445409696
14,74,11.518117969952103
14,75,11.982389109983863
14,76,15.066802484652147
14,77,15.429783200422463
14,78,16.13499019961411
14,79,15.891542421841079
14,80,14.483081414189233
14,81,13.797315514393519
14,82,12.034684031775244
14,83,14.932222980992668
14,84,15.163392369299102
14,85,18.77120736577284
14,86,22.127916039917903
14,87,24.801174024104675
14,88,24.749922701633402
14,89,22.034382759953274
14,90,19.592366772346058
14,91,16.336904054374862
14,92,15.204955152812962
14,93,11.951386778881483
14,94,12.496946962965648
14,95,10.07503784099604
14,96,11.443503852333354
14,97,11.389929555920114
14,98,13.513005748785142
15,1,29.81502366090636
15,2,26.683326917903536
15,3,25.653683201901412
15,4,27.456389601407004
15,5,26.525126116154677
15,6,23.760023337659117
15,7,20.47221329322567
15,8,18.98719223268829
15,9,15.348902415967654
15,10,15.118584676455644
15,11,11.735538564033847
15,12,9.656707725734005
15,13,6.972289433912652
15,14,3.7990660184189946
15,16,3.804239847633129
15,17,5.631342481666291
15,18,7.787341877653977
15,19,7.534596727929094
15,20,6.510470982259723
15,21,4.955220838569832
15,22,6.4816802603497985
15,23,9.10649580182813
15,24,12.341538929283642
15,25,15.509179334366806
15,26,18.98881819063509
15,27,21.93979369632187
15,28,24.89681369478099
15,29,27.670558353793236
15,30,29.578883401764795
15,31,30.39100874369661
15,32,30.0510103161248
15,33,27.97645920671816
15,34,26.36836575492811
15,35,23.685327788655485
15,36,20.453550698370112
15,37,20.638490952383087
15,38,17.1055086492037
15,39,16.722695767229887
15,40,15.000550237321162
15,41,17.66312724291041
15,42,18.644509233406215
15,43,20.823476686963705
15,44,22.181267197045724
15,45,25.610965409528312
15,46,25.012245405984793
15,47,22.596933340622012
15,48,22.369988268399744
15,49,19.497825171889836
15,50,18.16074819265687
15,51,14.959924758095195
15,52,15.385275616228805
15,53,14.576892371191324
15,54,13.41215940859944
15,55,14.713450187877555
15,56,18.381125790699127
15,57,20.01297811410539
15,58,18.4614379724761
15,59,21.421711995132434
15,60,22.8132047151911
15,61,24.980118931759563
15,62,27.095250128666663
15,63,29.689907785458896
15,64,29.177438592566226
15,65,27.52678958603093
15,66,24.236154468728582
15,67,22.533514638188144
15,68,18.790056992614744
15,69,16.835302497842605
15,70,13.38060177237194
15,71,12.257092766953486
15,72,9.905696495839871
15,73,10.034026225432473
15,74,10.062593692014879
15,75,10.806183176772006
15,76,13.386798592562053
15,77,13.286535665575224
15,78,14.54222014321673
15,79,15.186871274928313
15,80,14.311545970332396
15,81,14.590111811842696
15,82,13.392927978398989
15,83,16.726209008505357
15,84,17.498895309441302
15,85,21.218812168034113
15,86,24.423039599065234
15,87,27.23879033571656
15,88,27.418710723868426
15,89,24.971702538536363
15,90,22.204819010536802
15,91,19.060830837702913
15,92,17.3925374387035
15,93,14.043601289055392
15,94,13.70738208764318
15,95,10.48074918219694
15,96,10.642195996818941
15,97,9.385661434854322
15,98,10.835945665301468
16,1,30.08938961981652
16,2,27.27038928277433
16,3,26.45282156990764
16,4,28.69194089818243
16,5,27.920977330955914
16,6,25.5037223526675
16,7,22.103398948875263
16,8,20.851504700284867
16,9,17.387785581463262
16,10,16.711026254097924
16,11,13.652212584565495
16,12,12.41270338649187
16,13,9.738631117659146
16,14,6.554809100430699
16,15,3.804239847633129
16,17,3.8021127604681673
16,18,5.375627894333573
16,19,6.974531346698765
16,20,6.182133793222819
16,21,6.178275288888348
16,22,7.013484207075843
16,23,10.377604832411233
16,24,13.086168859111535
16,25,16.576860673672375
16,26,19.947564631221827
16,27,22.831548448760998
16,28,26.058847343289163
16,29,28.640916507532037
16,30,30.112835843106666
16,31,30.880163109339374
16,32,30.069636850300764
16,33,27.729132490369405
16,34,26.442413836215138
16,35,23.80785894746151
16,36,20.955593237252227
16,37,21.654852781518954
16,38,18.294086270823463
16,39,18.04114372774775
16,40,16.66886125090763
16,41,19.68834726364034
16,42,20.943909738311188
16,43,23.462635540775416
16,44,24.91595506700667
16,45,28.162014152817516
16,46,27.16233443844348
16,47,24.495241127079986
16,48,23.88303404087441
16,49,20.644903326334003
16,50,19.3563037111689
16,51,15.837234687826147
16,52,15.371109115908448
16,53,14.324595879676005
16,54,12.22445867094492
16,55,13.482142794397513
16,56,17.11564855959356
16,57,19.32913035015609
16,58,18.002744901850566
16,59,21.00674057801029
16,60,22.612978680431215
16,61,24.279691381930856
16,62,26.580424337503754
16,63,29.523995414936188
16,64,29.23341204758329
16,65,28.013512254596222
16,66,24.8458290397224
16,67,22.68127296368605
16,68,18.935501586782753
16,69,16.678919986000047
16,70,12.952689783423873
16,71,12.077423810641957
16,72,9.35023398553205
16,73,10.252211599824879
16,74,10.26990550451169
16,75,12.176385576165396
16,76,14.704495644756296
16,77,14.862099850196813
16,78,16.85707314600871
16,79,17.972974940400587
16,80,16.971181498881833
16,81,17.376625482574784
16,82,15.854193253150822
16,83,18.987475467211503
16,84,19.439038739861157
16,85,23.02248399914945
16,86,26.341351230357184
16,87,29.433702763521683
16,88,29.963682424862423
16,89,27.42150654666886
16,90,24.623103627676322
16,91,21.755242784908646
16,92,20.31855967030281
16,93,17.23743929938304
16,94,17.092982915182592
16,95,13.805515651906695
16,96,13.777632899414899
16,97,11.782559308061197
16,98,12.716624262527649
17,1,32.922752487127134
17,2,30.12094777949723
17,3,29.56314625292748
17,4,31.718464623383326
17,5,31.140488873258466
17,6,28.667181260928523
17,7,25.39906974054245
17,8,24.200067960797487
17,9,20.670252453132136
17,10,20.2074892462887
17,11,16.95889354447839
17,12,15.235872273145025
17,13,12.46565861863593
17,14,9.2949318247089
17,15,5.631342481666291
17,16,3.8021127604681673
17,18,3.8173271438801715
17,19,5.505446221807841
17,20,6.959791332229031
17,21,8.367145254709621
17,22,10.343901415904728
17,23,13.782502618835036
17,24,16.749835223079724
17,25,20.125674484732848
17,26,23.5922378082861
17,27,26.402694991005422
17,28,29.62691166854558
17,29,32.16930480376838
17,30,33.703871471220694
17,31,34.31131148323577
17,32,33.51206224209467
17,33,31.028189600961237
17,34,29.57573298315088
17,35,26.720865713321647
17,36,23.918733368636943
17,37,24.28310008257705
17,38,20.75152704683042
17,39,19.88708395923226
17,40,17.93538711494549
17,41,20.55976475462442
17,42,21.23490572581087
17,43,24.046890672413134
17,44,25.99782202349939
17,45,29.127081210238124
17,46,27.98830654701696
17,47,25.64088937182504
17,48,24.634232460994845
17,49,21.52712993532313
17,50,19.60964344616195
17,51,16.344513089596866
17,52,16.070446621601636
17,53,15.869774076927762
17,54,13.84027941652251
17,55,15.863804285982441
17,56,19.229102670499763
17,57,21.737065915415275
17,58,20.90152432471111
17,59,24.137172668868033
17,60,26.018246277097738
17,61,27.68080819950732
17,62,30.147309287807747
17,63,33.11068691331574
17,64,32.942453528249956
17,65,31.742035246191335
17,66,28.59391629229576
17,67,26.428360060437004
17,68,22.696188251929527
17,69,20.325894139966078
17,70,16.56966984618544
17,71,15.303998252262113
17,72,12.124300380219001
17,73,12.143103620535932
17,74,10.925224550893912
17,75,12.464930861107604
17,76,14.086769139784783
17,77,13.467718296764517
17,78,15.665221241376383
17,79,17.515875194072503
17,80,17.23040309727509
17,81,18.423910938650668
17,82,17.603534611963035
17,83,21.046011216017074
17,84,22.04399999149567
17,85,25.721775165479404
17,86,28.827292266628174
17,87,31.855126551300067
17,88,32.366261144944794
17,89,30.085902628054072
17,90,27.095721827524972
17,91,24.174101118865106
17,92,22.25602248647249
17,93,19.01985648735051
17,94,18.133188152932416
17,95,14.492008216135984
17,96,13.438953409734484
17,97,10.68139063594735
17,98,10.533297153042092
18,1,31.10264039423607
18,2,28.549683136421823
18,3,28.430117575700958
18,4,30.803542169476394
18,5,30.648066163872702
18,6,28.518709649287526
18,7,25.42029787092938
18,8,24.77052878551318
18,9,21.517250779804044
18,10,21.35594072555913
18,11,18.502765021401455
18,12,16.934355199949522
18,13,13.668412000568557
18,14,11.150722629294421
18,15,7.787341877653977
18,16,5.375627894333573
18,17,3.8173271438801715
18,19,3.802946791288434
18,20,5.361032785824635
18,21,8.223388333405016
18,22,10.383412857516397
