1,2,3.8359202291833587
1,3,5.427989017651464
1,4,8.16764019013006
1,5,11.310670843257467
1,6,14.81711111727991
1,7,16.87844502793089
1,8,20.65846155574445
1,9,23.106520415316492
1,10,26.76766493705256
1,11,29.40582809272968
1,12,32.79336964612902
1,13,34.69308742355026
1,14,38.41786572539662
1,15,38.25310034632195
1,16,34.67472099846157
1,17,33.443388003821774
1,18,30.664744769583674
1,19,26.92616083041207
1,20,23.907594824437982
1,21,20.210400639897017
1,22,16.947031969312555
1,23,13.345664319184984
1,24,10.950786764541622
1,25,7.647791389689586
1,26,10.22085622282332
1,27,14.010699857932764
1,28,14.774474677832064
1,29,13.433841164290019
1,30,15.29184047197225
1,31,18.477515748415456
1,32,18.80158098504382
1,33,18.736997217476734
1,34,21.21387606941791
1,35,23.450088875760574
1,36,23.804923677312384
1,37,24.657464755153104
1,38,27.242520443242782
1,39,28.74061313878439
1,40,29.02498241090175
1,41,30.99920125708832
1,42,33.039440741547494
1,43,32.00303753210779
1,44,32.364601822243394
1,45,32.32405269284675
1,46,30.75486241137462
1,47,27.123247569353552
1,48,26.342725142868257
1,49,23.221715325034996
1,50,22.894187554116538
1,51,19.676500680508514
1,52,21.051770024123172
1,53,21.152213923833635
1,54,18.436485731177367
1,55,21.439406988615076
1,56,22.654056687992234
1,57,26.37355011827099
1,58,28.52496751468405
1,59,32.274959368638044
1,60,35.266379672376864
2,1,3.8359202291833587
2,3,3.8150321232425184
2,4,6.49386898815149
2,5,10.199597216590302
2,6,13.295273480724513
2,7,15.845668806241415
2,8,19.47377374476838
2,9,22.00759712320711
2,10,25.72254978281899
2,11,28.252951244816217
2,12,31.82185637549582
2,13,33.59302051154181
2,14,37.26936629976407
2,15,36.74463363427133
2,16,33.069236659767874
2,17,31.913205370920956
2,18,28.993530286635078
2,19,25.2659072037445
2,20,21.995867546270446
2,21,18.302874400769124
2,22,14.961089545550202
2,23,11.256669606033128
2,24,9.67636244680033
2,25,7.448038848013602
2,26,10.94440228249084
2,27,14.531342508035992
2,28,15.54132109628895
2,29,13.402574259089036
2,30,14.724712469630363
2,31,18.265664021124824
2,32,18.393475107340972
2,33,17.57847813546704
2,34,20.168599419434862
2,35,22.737565705185858
2,36,22.655865044144733
2,37,23.116127663806644
2,38,26.028735872911465
2,39,27.608684645273662
2,40,27.422323889799063
2,41,29.347957763508983
2,42,31.7278610416984
2,43,30.928997427631387
2,44,31.726934032864026
2,45,31.988202101502836
2,46,30.788209942189553
2,47,27.22674862494533
2,48,26.669238844005967
2,49,23.639317071458077
2,50,23.3441786657627
2,51,20.440760305634274
2,52,21.61451021170637
2,53,21.040182039428494
2,54,18.326281291170883
2,55,21.04889136721304
2,56,22.33542982267704
2,57,25.932612369392153
2,58,28.011220317234496
2,59,31.761969394076566
2,60,34.68966514918793
3,1,5.427989017651464
3,2,3.8150321232425184
3,4,3.802704527153625
3,5,7.017307696505787
3,6,10.421153110874164
3,7,13.25485414690826
3,8,16.913549819426887
3,9,19.833256312453866
3,10,23.394835349282165
3,11,26.24624135903216
3,12,29.726110489321815
3,13,31.822498014359393
3,14,35.534113613286166
3,15,35.11922268198133
3,16,31.40325423866069
3,17,29.870751295636843
3,18,26.782333814766034
3,19,23.008447162215642
3,20,19.990155141664477
3,21,16.199928943796586
3,22,13.296219063850154
3,23,9.516347058402296
3,24,8.473874018641606
3,25,6.493140866598786
3,26,9.576329419269422
3,27,12.90409913942615
3,28,14.796141561372925
3,29,13.097949849473533
3,30,13.590500061525963
3,31,17.22794444482856
3,32,18.114123098798608
3,33,17.141908723495032
3,34,19.117935317723642
3,35,22.022856002531217
3,36,22.400565263094617
3,37,22.423731387731557
3,38,25.081063631178342
3,39,27.1248781930046
3,40,27.086774834660645
3,41,28.5651666722262
3,42,30.988738398178523
3,43,29.81076775928501
3,44,30.663643597132456
3,45,30.588083486577776
3,46,29.180535332054827
3,47,25.50765386001953
3,48,24.54602261657384
3,49,21.289065300795414
3,50,20.535224853344207
3,51,17.57832495501905
3,52,18.32899214804814
3,53,17.71357567933012
3,54,15.339790690611322
3,55,18.303284120338922
3,56,20.077729857509798
3,57,23.725408479348985
3,58,26.17910678496779
3,59,29.835498204062265
3,60,32.99060962738656
4,1,8.16764019013006
4,2,6.49386898815149
4,3,3.802704527153625
4,5,3.793445210696091
4,6,6.853501844462129
4,7,9.573262017112366
4,8,13.199596884960098
4,9,16.0616125522662
4,10,19.645918261033675
4,11,22.457138215591954
4,12,25.960971869750914
4,13,28.042269293801073
4,14,31.7482486460051
4,15,31.33107759138454
4,16,27.617806027841446
4,17,26.077869475791655
4,18,23.02544601738152
4,19,19.252861374467557
4,20,16.249821434743282
4,21,12.463022613556333
4,22,9.596952367007942
4,23,5.881089504505942
4,24,5.199534826312362
4,25,4.614030288570583
4,26,7.485248248602359
4,27,10.180451275842277
4,28,12.431285899459814
4,29,10.577711458495031
4,30,10.302170126878067
4,31,14.023486020998542
4,32,15.175268309412429
4,33,13.909173533201367
4,34,15.572930648752195
4,35,18.66686624309126
4,36,19.170349309663397
4,37,18.931699136075824
4,38,21.49207993056207
4,39,23.728163033909883
4,40,23.725134753645094
4,41,24.997608318757056
4,42,27.43751675022635
4,43,26.16215231852471
4,44,27.122484691378336
4,45,27.054543307628595
4,46,25.7708843716962
4,47,22.147438684557976
4,48,21.307840971487988
4,49,18.180992563131962
4,50,17.62187600665602
4,51,15.057825137313861
4,52,15.994640696024904
4,53,14.874632492242217
4,54,12.23396627739627
4,55,14.870863907260203
4,56,16.549588257894243
4,57,20.119329746312562
4,58,22.539741977658803
4,59,26.177649341866175
4,60,29.321602697188137
5,1,11.310670843257467
5,2,10.199597216590302
5,3,7.017307696505787
5,4,3.793445210696091
5,6,3.8030141708417173
5,7,6.543059714120324
5,8,10.136444352073278
5,9,13.359401385809859
5,10,16.704804307957975
5,11,19.828934263798082
5,12,23.174560061264295
5,13,25.577285564058784
5,14,29.290196938555635
5,15,29.055965308916413
5,16,25.368780740651953
5,17,23.45831956792845
5,18,20.324812868254856
5,19,16.555824609594968
5,20,13.992824287454795
5,21,10.26530253378139
5,22,8.298057577943013
5,23,5.439355762782543
5,24,5.7646262571599864
5,25,6.329348178951155
5,26,7.387653130721552
5,27,8.85916028263132
5,28,11.985797094376151
5,29,10.85105204128833
5,30,9.42717121539115
5,31,12.854540321085787
5,32,14.85864395361678
5,33,13.551804250528528
5,34,14.282827656538736
5,35,17.58826748553761
5,36,18.652183876193945
5,37,17.973470420542085
5,38,20.072992061028707
5,39,22.75473193834231
5,40,22.998220484070877
5,41,23.745203738157013
5,42,26.108275601553654
5,43,24.409785902292416
5,44,25.369089740543558
5,45,24.9275661468893
5,46,23.453508607234607
5,47,19.789893364185072
5,48,18.568103065943088
5,49,15.303105560301564
5,50,14.344620745298663
5,51,11.969381471037945
5,52,12.561008905938063
5,53,11.15436377418763
5,54,8.754018006028687
5,55,11.518292100252092
5,56,13.697927038918996
5,57,17.248021912182683
5,58,20.031043796669387
5,59,23.517573095878983
5,60,26.86013589076467
6,1,14.81711111727991
6,2,13.295273480724513
6,3,10.421153110874164
6,4,6.853501844462129
6,5,3.8030141708417173
6,7,3.813353848087122
6,8,6.805248265671286
6,9,10.205893549101296
6,10,13.438900076075118
6,11,16.54207490037236
6,12,19.951373446552733
6,13,22.352745750673975
6,14,26.007938204026953
6,15,25.60580584131162
6,16,21.880015979010775
6,17,19.87161249639891
6,18,16.632276253676455
6,19,12.86638944600321
6,20,10.340991429482163
6,21,6.679252229636582
6,22,5.639665608653845
6,23,4.451499416280312
6,24,6.597310764135826
6,25,8.849475309393426
6,26,9.350234418318562
6,27,9.437806411489865
6,28,12.618195809886947
6,29,11.355712923183267
6,30,8.758405986944206
6,31,11.84481161413544
6,32,14.067268884367692
6,33,12.145622251159512
6,34,12.145400215929067
6,35,15.75285720805346
6,36,16.81473582772716
6,37,15.486640066907412
6,38,17.448989503001297
6,39,20.451970765246532
6,40,20.522798108612452
6,41,20.83616605262584
6,42,23.358768489436944
6,43,21.598460986158898
6,44,22.90914521281522
6,45,22.547405020456925
6,46,21.388072988651125
6,47,17.92253172548897
6,48,16.892505742561244
6,49,13.966510114981343
6,50,13.169126550544826
6,51,11.744635743937932
6,52,12.189479252183625
6,53,9.741469793182272
6,54,7.480807242036215
6,55,9.234231818721682
6,56,11.460877521935458
6,57,14.653989525383086
6,58,17.413817791098765
6,59,20.75669269725932
6,60,24.06684295614162
7,1,16.87844502793089
7,2,15.845668806241415
7,3,13.25485414690826
7,4,9.573262017112366
7,5,6.543059714120324
7,6,3.813353848087122
7,8,3.807918951384694
7,9,6.856947571194615
7,10,10.195998958906005
7,11,13.332674269783059
7,12,16.634120979909916
7,13,19.098912305754848
7,14,22.813876909230537
7,15,22.763070803085697
7,16,19.16787719912963
7,17,17.17098716933619
7,18,14.266488078223675
7,19,10.569172654811547
7,20,8.566981358149532
7,21,5.4967091356131705
7,22,5.405301339384099
7,23,6.19776914636247
7,24,7.365054176885683
7,25,9.895783752047903
7,26,9.05799866375629
7,27,7.610586534857169
7,28,10.737920036992325
7,29,10.135476306095233
7,30,6.80317467017206
7,31,8.995793674940693
7,32,11.805970650597548
7,33,10.264310981364883
7,34,9.356775888881998
7,35,12.802433726111566
7,36,14.476392140579332
7,37,13.18757437624068
7,38,14.543667091269315
7,39,17.69415128812212
7,40,18.272393802773184
7,41,18.362577975599446
7,42,20.51611500756089
7,43,18.41697267366033
7,44,19.464025262989466
7,45,18.86528462917762
7,46,17.5924481013098
7,47,14.131044170389925
7,48,13.170776912632018
7,49,10.466213250683214
7,50,10.210704940697234
7,51,9.523694561099818
7,52,10.664686861055205
7,53,8.054898377337185
7,54,5.105662474199334
7,55,5.8536348545559695
7,56,7.663211273820609
7,57,10.92307720709539
7,58,13.708289247000796
7,59,17.095419837844016
7,60,20.45369120947945
8,1,20.65846155574445
8,2,19.47377374476838
8,3,16.913549819426887
8,4,13.199596884960098
8,5,10.136444352073278
8,6,6.805248265671286
8,7,3.807918951384694
8,9,3.8051200021917397
8,10,6.6462913922434845
8,11,9.944725308123171
8,12,13.195417446092844
8,13,15.816193922432479
8,14,19.459519310835603
8,15,19.37968615067309
8,16,15.812746476857708
8,17,13.531963993373102
8,18,10.581841101749042
8,19,6.970424838853357
8,20,5.861767341740954
8,21,4.382314621447914
8,22,6.655798597232947
8,23,9.002231915385078
8,24,10.704533720226037
8,25,13.56038766212866
8,26,12.51552078987269
8,27,10.349527329127316
8,28,13.070608373182376
8,29,12.67136662592647
8,30,8.935025243257932
8,31,9.927728715865408
8,32,12.812208706374635
8,33,11.006781070060882
8,34,8.879961910790112
8,35,12.220662196945987
8,36,14.061712103425947
8,37,12.030797135701357
8,38,12.740114917567164
8,39,16.292984515882473
8,40,16.858056203862997
8,41,16.21294549891473
8,42,18.351906767047605
8,43,15.989648714805332
8,44,17.352709121938762
8,45,16.657330342066487
8,46,15.697235331899043
8,47,12.644138246645019
8,48,11.850394622268924
8,49,9.885577439118
8,50,9.848722076835873
8,51,10.564123168803727
8,52,11.35967361244755
8,53,8.069029544492434
8,54,6.255108913188443
8,55,4.573213547502609
8,56,6.098739669029334
8,57,8.368445148123525
8,58,11.190471795570028
8,59,14.227507571782624
8,60,17.59432194085217
9,1,23.106520415316492
9,2,22.00759712320711
9,3,19.833256312453866
9,4,16.0616125522662
9,5,13.359401385809859
9,6,10.205893549101296
9,7,6.856947571194615
9,8,3.8051200021917397
9,10,3.8177127747645385
9,11,6.490154595064967
9,12,9.903178804766782
9,13,12.246673007542292
9,14,15.957127118487023
9,15,16.051384465371243
9,16,12.606074842712397
9,17,10.686724035380717
9,18,8.445303205420144
9,19,5.387931071950273
9,20,5.265530583511789
9,21,5.913472780233009
9,22,8.24941706401243
9,23,11.346025291887468
9,24,12.604870395145271
9,25,15.626602442095386
9,26,14.226535236095316
9,27,11.426359412602677
9,28,13.27506369803748
9,29,13.052758855461642
9,30,9.323586040958082
9,31,8.92748935960916
9,32,11.577624284743848
9,33,9.981545458009938
9,34,6.8306721134238115
9,35,9.582745663208554
9,36,11.699650350837448
9,37,9.514632065220276
9,38,9.398799260437192
9,39,13.076475792750387
9,40,13.983058368489472
9,41,13.016456767622183
9,42,14.81909070453661
9,43,12.252293194885048
9,44,13.622060762148445
9,45,13.037604111286711
9,46,12.50419628198004
9,47,9.891199372157754
9,48,9.988551671224206
9,49,9.24041938832537
9,50,10.437942805968905
9,51,12.092350774415847
9,52,13.49619265633701
9,53,10.540410532153944
9,54,8.700261678808626
9,55,5.676401711749929
9,56,4.666790543156034
9,57,5.590854756195779
9,58,7.678955165517082
9,59,10.779377936541133
9,60,13.963301577836054
10,1,26.76766493705256
10,2,25.72254978281899
10,3,23.394835349282165
10,4,19.645918261033675
10,5,16.704804307957975
10,6,13.438900076075118
10,7,10.195998958906005
10,8,6.6462913922434845
10,9,3.8177127747645385
10,11,3.810617725600787
10,12,6.5790368722051635
10,13,9.526540973477653
10,14,13.083633016184672
10,15,13.500223682974372
10,16,10.367792465493903
10,17,7.804014392822073
10,18,6.063203317854616
10,19,4.527915188180443
10,20,6.886017903821331
10,21,8.906800355816749
10,22,11.828905186226141
10,23,15.006892500206652
10,24,16.3971545453098
10,25,19.331683621780716
10,26,17.706489695674474
10,27,14.655113893831514
10,28,16.424544621436148
10,29,16.598501292676918
10,30,12.962303427145935
10,31,11.961888483905671
10,32,14.575599547613674
10,33,13.236180692334674
10,34,9.687524792110375
10,35,11.560963227150854
10,36,13.832817877311069
10,37,11.36604229747665
10,38,10.125773328929883
10,39,13.857763825901237
10,40,14.94162741301035
10,41,13.051251448856771
10,42,14.41971528446901
10,43,11.369251356005392
10,44,12.800517248809433
10,45,11.727561878635749
10,46,11.388795057786343
10,47,9.626529322111002
10,48,9.654917785248387
10,49,9.905447649544723
10,50,10.996926452020308
10,51,13.593452030650326
10,52,14.544330202656209
10,53,11.597156465670382
10,54,10.849662413300727
10,55,7.187753080589487
10,56,6.041645527348796
10,57,4.432712428871254
10,58,6.279447755888729
10,59,8.26252066729662
10,60,11.5238811452697
11,1,29.40582809272968
11,2,28.252951244816217
11,3,26.24624135903216
11,4,22.457138215591954
11,5,19.828934263798082
11,6,16.54207490037236
11,7,13.332674269783059
11,8,9.944725308123171
11,9,6.490154595064967
11,10,3.810617725600787
11,12,3.81669816713023
11,13,5.887581922875266
11,14,9.518695918920882
11,15,9.87489339126744
11,16,6.894027508667786
11,17,5.0971549671805265
11,18,5.22281832060624
11,19,5.743988914600796
11,20,8.286736380459484
11,21,11.155189137813846
11,22,13.891130789841608
11,23,17.401378154773056
11,24,18.714649754298325
11,25,21.828010649396294
11,26,20.26604299004128
11,27,17.12637444027161
11,28,18.231831877928244
11,29,18.237903121036975
11,30,14.825754287509524
11,31,13.224589062929141
11,32,15.125840946183029
11,33,13.816944439549617
11,34,10.11018871527584
11,35,11.02366712335229
11,36,12.93162951574885
11,37,10.317537027945757
11,38,8.162441945913717
11,39,11.641697486532031
11,40,12.73848090311133
11,41,10.237661546037543
11,42,11.218222998405258
11,43,8.11003214626669
11,44,10.000667971674245
11,45,9.468739745956505
11,46,10.31692049124459
11,47,9.76738538693949
11,48,11.00577261807752
11,49,12.334670088049512
11,50,14.115983168695728
11,51,16.895111481016194
11,52,18.141198950537827
11,53,15.355828041946207
11,54,14.412650042187552
11,55,10.740992486246554
11,56,8.684772409372
11,57,5.994074297793124
11,58,5.263247085060034
11,59,6.260217694101931
11,60,8.666799457282403
12,1,32.79336964612902
12,2,31.82185637549582
12,3,29.726110489321815
12,4,25.960971869750914
12,5,23.174560061264295
12,6,19.951373446552733
12,7,16.634120979909916
12,8,13.195417446092844
12,9,9.903178804766782
12,10,6.5790368722051635
12,11,3.81669816713023
12,13,3.7764805952273015
12,14,6.8673129307151655
12,15,8.381977812928033
12,16,6.781776460062457
12,17,5.043493155072841
12,18,7.034607906853934
12,19,8.87634015165183
12,20,11.92602233932229
12,21,14.844056851831514
12,22,17.650331654018814
12,23,21.0883639046163
12,24,22.261498045313502
12,25,25.20992128069776
12,26,23.345639824914354
12,27,19.98103057459635
12,28,20.96808443801219
12,29,21.403401076457126
12,30,18.129172296266386
12,31,16.112211646800567
12,32,18.056782506934837
12,33,17.196370686554733
12,34,13.428732549817669
12,35,13.637387404564512
12,36,15.745252610487674
12,37,13.455276033257956
12,38,10.618653745844245
12,39,13.509589042128258
12,40,14.977207600361416
12,41,12.053045382732149
12,42,12.061778626716505
12,43,8.66300492744658
12,44,9.912903887409033
12,45,8.648439706118863
12,46,9.677573908735397
12,47,10.330193048167828
12,48,11.52333119550873
12,49,13.655074073855245
12,50,15.435870351320617
12,51,18.703655792376413
12,52,19.79581709142377
12,53,17.327851247324325
12,54,16.907711678817993
12,55,13.106668437940852
12,56,10.991514776160717
12,57,7.46029040082909
12,58,5.991388592582603
12,59,4.390520936838634
12,60,6.2004489365850946
13,1,34.69308742355026
13,2,33.59302051154181
13,3,31.822498014359393
13,4,28.042269293801073
13,5,25.577285564058784
13,6,22.352745750673975
13,7,19.098912305754848
13,8,15.816193922432479
13,9,12.246673007542292
13,10,9.526540973477653
13,11,5.887581922875266
13,12,3.7764805952273015
13,14,3.7630544723311563
13,15,5.346283731206949
13,16,4.7989278374358095
13,17,5.515521967468698
13,18,8.68405838219566
13,19,10.964946660888499
13,20,13.545788985449121
13,21,16.723001677290693
13,22,19.252516787792487
13,23,22.859227859053675
13,24,23.96512769709408
13,25,27.05432955463542
13,26,25.351752167051053
13,27,22.045357860553377
13,28,22.510593186189563
13,29,22.6709894506319
13,30,19.646774078157605
13,31,17.379043324124478
13,32,18.612959403276474
13,33,17.74399368085054
13,34,14.180499910266864
13,35,13.681405931907365
13,36,15.193920447533584
13,37,13.024192803311365
13,38,9.797434450212725
13,39,11.892367239238867
13,40,13.21613275591321
13,41,9.963149432616143
13,42,9.31823271827049
13,43,6.354737653315485
13,44,8.064750505360797
13,45,7.96102766091472
13,46,10.392098351009567
13,47,11.910521505684352
13,48,14.001039813887923
13,49,16.47126616377699
13,50,18.69362158641477
13,51,21.829875285237907
13,52,23.22484183356137
13,53,20.754224165958014
13,54,19.95057879803098
13,55,16.206735264935485
13,56,13.670119366395687
13,57,10.287578274295523
13,58,7.642712280540964
13,59,5.705688384491955
13,60,5.045911867478184
14,1,38.41786572539662
14,2,37.26936629976407
14,3,35.534113613286166
14,4,31.7482486460051
14,5,29.290196938555635
14,6,26.007938204026953
14,7,22.813876909230537
14,8,19.459519310835603
14,9,15.957127118487023
14,10,13.083633016184672
14,11,9.518695918920882
14,12,6.8673129307151655
14,13,3.7630544723311563
14,15,3.8198259369957155
14,16,6.0651958017971195
14,17,7.5989088178265405
14,18,11.294191042365732
14,19,14.157261280274286
14,20,16.86707441526303
14,21,20.226003874230873
14,22,22.823920928948855
14,23,26.484144416195274
14,24,27.657952632794267
14,25,30.78014650547595
14,26,29.088032799112668
14,27,25.762382200069116
14,28,26.106355505960583
14,29,26.27511141741378
14,30,23.33442908146913
14,31,20.978433391816942
14,32,21.996398689634546
14,33,21.169349002819065
14,34,17.72244421305619
14,35,16.927729228798437
14,36,18.141042102763006
14,37,16.064054455271673
14,38,12.802631385648516
14,39,14.207016099801807
14,40,15.30541890474554
14,41,11.84761308797625
14,42,10.618075346324428
14,43,8.533053666743712
14,44,9.945917677887982
14,45,10.078724972884398
14,46,12.847951887481292
14,47,15.029544810866629
14,48,17.15256878240945
14,49,19.87838207120654
14,50,22.056658118460852
14,51,25.335606005057596
14,52,26.61606081455248
14,53,24.18712121467757
14,54,23.59338024562569
14,55,19.819726133190734
14,56,17.341966293575613
14,57,13.836796780092504
14,58,11.111631290303212
14,59,8.457692098943198
14,60,6.311137427348463
15,1,38.25310034632195
15,2,36.74463363427133
15,3,35.11922268198133
15,4,31.33107759138454
15,5,29.055965308916413
15,6,25.60580584131162
15,7,22.763070803085697
15,8,19.37968615067309
15,9,16.051384465371243
15,10,13.500223682974372
15,11,9.87489339126744
15,12,8.381977812928033
15,13,5.346283731206949
15,14,3.8198259369957155
15,16,3.839795960472706
15,17,6.608209290319107
15,18,10.20809615736168
15,19,13.323386567106828
15,20,15.743377448665582
15,21,19.35419900953751
15,22,22.003521640665905
15,23,25.777137717350136
15,24,27.3290970185432
15,25,30.70388806157397
15,26,29.45886142284003
15,27,26.41281795932158
15,28,26.846909784905822
15,29,26.477876447460694
15,30,23.447475023098118
15,31,21.525525732027116
15,32,22.2319179488917
15,33,20.812366548758238
15,34,17.622175300716194
15,35,17.228016185788334
15,36,17.730199723625095
15,37,15.163715950774208
15,38,12.489279864952527
15,39,13.895824005033708
15,40,14.016534467246062
15,41,10.259131213825773
15,42,9.92986975137396
15,43,8.870683683137866
15,44,11.474940842724058
15,45,12.532939450073906
15,46,15.493031254631934
15,47,17.134811044798873
15,48,19.30225542149415
15,49,21.584743144765216
15,50,23.607685940530832
15,51,26.640841143658534
15,52,27.79515905431961
15,53,24.984837036914882
15,54,24.274216469636773
15,55,20.5975348345611
15,56,18.38329411582322
15,57,15.253606785392883
15,58,12.800468354609846
15,59,11.016980938533242
15,60,9.491475693472958
16,1,34.67472099846157
16,2,33.069236659767874
16,3,31.40325423866069
16,4,27.617806027841446
16,5,25.368780740651953
16,6,21.880015979010775
16,7,19.16787719912963
16,8,15.812746476857708
16,9,12.606074842712397
16,10,10.367792465493903
16,11,6.894027508667786
16,12,6.781776460062457
16,13,4.7989278374358095
16,14,6.0651958017971195
16,15,3.839795960472706
16,17,3.809959419591909
16,18,6.861324626546963
16,19,9.677882148273099
16,20,11.919603260149557
16,21,15.5502167590139
16,22,18.24674840287032
16,23,22.028949477124588
16,24,23.733172733708795
16,25,27.178914279161027
16,26,26.113981159629166
16,27,23.22686903004367
16,28,23.8832318829179
16,29,23.296873239126292
16,30,20.119413111921105
16,31,18.550183393945233
16,32,19.385908059529065
16,33,17.62564085889903
16,34,14.441626378324274
16,35,14.641596635875429
16,36,15.122135566772755
16,37,12.143462102302204
16,38,9.909565631209801
16,39,12.085405898572493
16,40,11.951602891884407
16,41,8.21763428681594
16,42,9.091535898597915
16,43,7.667349083911488
16,44,10.88595642970159
16,45,11.961163730967604
16,46,14.527038539368798
16,47,15.344687966187676
16,48,17.329704866473723
16,49,19.113741620138626
16,50,20.98918231595275
16,51,23.768995884000223
16,52,24.89194902347323
16,53,21.89589704594017
16,54,21.02737624718825
16,55,17.467474721379556
16,56,15.464533255715956
16,57,12.735961187376075
16,58,10.765566059646927
16,59,10.01540672410562
16,60,9.752036574491582
17,1,33.443388003821774
17,2,31.913205370920956
17,3,29.870751295636843
17,4,26.077869475791655
17,5,23.45831956792845
17,6,19.87161249639891
17,7,17.17098716933619
17,8,13.531963993373102
17,9,10.686724035380717
17,10,7.804014392822073
17,11,5.0971549671805265
17,12,5.043493155072841
17,13,5.515521967468698
17,14,7.5989088178265405
17,15,6.608209290319107
17,16,3.809959419591909
17,18,3.7771736453496754
17,19,7.156123445741632
17,20,10.27164990110663
17,21,13.883898079296138
17,22,17.054892560614142
17,23,20.730927696449786
17,24,22.63447605264393
17,25,25.993069609644323
17,26,24.814145867063214
17,27,21.89256362951684
17,28,23.106446606467372
17,29,22.75621364531974
17,30,19.27730992777484
17,31,18.002514800457426
17,32,19.529853679390573
17,33,17.721681279762226
17,34,14.292157993888098
17,35,15.193091144584924
17,36,16.27352162909501
17,37,13.120715186961068
17,38,11.158346871391124
17,39,14.129102956164692
17,40,14.28060674199873
17,41,10.873740796433871
17,42,12.074247334356238
17,43,9.824510395727758
17,44,12.548942645886177
17,45,12.603453666258387
17,46,14.258972979482378
17,47,14.509149447216949
17,48,15.703843276598363
17,49,17.11617449576415
17,50,18.44578340701574
17,51,21.325265543583903
17,52,22.017143425503235
17,53,18.926921802035437
17,54,18.55464275914193
17,55,14.958445700648364
17,56,13.541035029523279
17,57,10.809978563895564
17,58,9.877554894471935
17,59,9.246547638111823
17,60,10.215559248165496
18,1,30.664744769583674
18,2,28.993530286635078
18,3,26.782333814766034
18,4,23.02544601738152
18,5,20.324812868254856
18,6,16.632276253676455
18,7,14.266488078223675
18,8,10.581841101749042
18,9,8.445303205420144
18,10,6.063203317854616
18,11,5.22281832060624
18,12,7.034607906853934
18,13,8.68405838219566
18,14,11.294191042365732
18,15,10.20809615736168
18,16,6.861324626546963
18,17,3.7771736453496754
18,19,3.779638996370097
18,20,7.1692363595143025
18,21,10.735113519949397
18,22,14.198570794960094
18,23,17.76388327246148
18,24,20.01214718895576
18,25,23.4054515936281
18,26,22.49463813082676
18,27,19.863112186610884
18,28,21.53567023747109
18,29,20.961478642006487
18,30,17.293120684576433
18,31,16.693252908400815
18,32,18.496278160041438
18,33,16.29370463974664
18,34,13.067001653199318
18,35,14.88150354325662
18,36,15.937555406195834
18,37,12.530185493631972
18,38,11.50835989992427
18,39,14.972191291647196
18,40,14.822659687915994
18,41,11.953254967928672
18,42,13.966650926706537
18,43,11.79021099307177
18,44,14.533117057652841
18,45,14.470568390036943
18,46,15.4750827239742
18,47,14.76746644900115
18,48,15.387335404299636
18,49,15.95586407235486
18,50,16.75954158308325
18,51,19.260780715170696
18,52,19.649399693983696
18,53,16.264388133677695
18,54,15.970639067839848
18,55,12.656205759210202
18,56,12.013564074145641
18,57,10.143696944174442
18,58,10.428664009161563
18,59,10.938262993854794
18,60,12.867947420858375
19,1,26.92616083041207
19,2,25.2659072037445
19,3,23.008447162215642
19,4,19.252861374467557
19,5,16.555824609594968
19,6,12.86638944600321
19,7,10.569172654811547
19,8,6.970424838853357
19,9,5.387931071950273
19,10,4.527915188180443
19,11,5.743988914600796
19,12,8.87634015165183
19,13,10.964946660888499
19,14,14.157261280274286
19,15,13.323386567106828
19,16,9.677882148273099
19,17,7.156123445741632
19,18,3.779638996370097
19,20,3.7974095136198645
19,21,7.051127856750228
19,22,10.596509099429996
19,23,14.066561751866573
19,24,16.362761808240986
19,25,19.735515621305986
19,26,18.958561955829435
19,27,16.545363695701052
19,28,18.469016319810127
19,29,17.74369449693541
19,30,13.998008520020225
19,31,13.921622996816645
19,32,15.93543825620718
19,33,13.567944322543962
19,34,10.583197614321511
19,35,13.130941478914687
19,36,14.290177475689022
19,37,11.00402180099279
19,38,10.81393547799056
19,39,14.544673522945432
19,40,14.445803125175173
19,41,12.398602208117397
19,42,14.778168140725429
19,43,12.598908884610038
19,44,15.07037399775135
19,45,14.948084484165953
19,46,15.36860308020785
19,47,13.764743728137837
19,48,14.05803299776292
19,49,13.850080650333023
19,50,14.465446475499295
19,51,16.456152048474024
19,52,16.941940506359664
19,53,13.44033164378139
19,54,12.743938387908667
19,55,9.75961070215521
19,56,9.57315579112497
19,57,8.860614706181137
19,58,10.072981400524489
19,59,11.800080250978288
19,60,14.392345562205092
20,1,23.907594824437982
20,2,21.995867546270446
20,3,19.990155141664477
20,4,16.249821434743282
20,5,13.992824287454795
20,6,10.340991429482163
20,7,8.566981358149532
20,8,5.861767341740954
20,9,5.265530583511789
20,10,6.886017903821331
20,11,8.286736380459484
20,12,11.92602233932229
20,13,13.545788985449121
20,14,16.86707441526303
20,15,15.743377448665582
20,16,11.919603260149557
20,17,10.27164990110663
20,18,7.1692363595143025
20,19,3.7974095136198645
20,21,3.7988113366776504
20,22,7.137235085644037
20,23,10.740131292034386
20,24,13.27476057204267
20,25,16.850095864321148
20,26,16.61342633325785
20,27,14.717998139705117
20,28,16.564841255866693
20,29,15.19820883214054
20,30,11.559534686183342
20,31,12.242946582522263
20,32,13.840477855035298
20,33,10.93323203543227
20,34,8.726401113741327
20,35,11.927256290517613
20,36,12.48665281904464
20,37,9.250827879231789
20,38,10.365546244411732
20,39,13.900007096735848
20,40,13.339053060890468
20,41,12.198126007522115
20,42,15.09517516570939
20,43,13.518027905564571
20,44,16.03188641846073
20,45,16.42039603790183
20,46,16.823556096239905
20,47,14.728569600680816
20,48,15.199446631389035
20,49,14.418706262084621
20,50,15.117503621297564
20,51,16.317654609405352
20,52,17.097418400205257
20,53,13.612066821731151
20,54,12.11348265855123
20,55,9.918306567548404
20,56,9.893120648133259
20,57,10.41622955625842
20,58,11.664179240879871
20,59,14.182579605039876
20,60,16.73010407084666
21,1,20.210400639897017
21,2,18.302874400769124
21,3,16.199928943796586
21,4,12.463022613556333
21,5,10.26530253378139
21,6,6.679252229636582
21,7,5.4967091356131705
21,8,4.382314621447914
21,9,5.913472780233009
21,10,8.906800355816749
21,11,11.155189137813846
21,12,14.844056851831514
21,13,16.723001677290693
21,14,20.226003874230873
21,15,19.35419900953751
21,16,15.5502167590139
21,17,13.883898079296138
21,18,10.735113519949397
21,19,7.051127856750228
21,20,3.7988113366776504
21,22,3.7862449848192608
21,23,7.072957016881075
21,24,9.810193615280507
21,25,13.327895911056554
21,26,13.412624104123994
21,27,12.066893446458103
21,28,14.275514939416656
21,29,12.67457021460936
21,30,9.126609806084929
21,31,10.85985510203826
21,32,12.624860406625276
21,33,9.719755073084023
21,34,8.473899469758598
21,35,12.20406965405408
21,36,12.830882886679184
21,37,10.341357563922308
21,38,12.167028486790857
21,39,15.47119573556089
21,40,15.075705937798782
21,41,14.76858032385961
21,42,17.60167087506583
21,43,16.06326586115212
21,44,18.1084040830857
21,45,18.321609250212482
21,46,18.149025218319657
21,47,15.40600865092568
21,48,15.428686108449556
21,49,13.801756558413768
21,50,14.133465241707844
21,51,14.458443477017562
21,52,15.290358027547894
21,53,11.981750761795661
21,54,9.955645203190702
21,55,8.899229069395629
21,56,9.639055796844973
21,57,11.478613343463058
21,58,13.362337551848798
21,59,16.420761625152718
21,60,19.28701004241533
22,1,16.947031969312555
22,2,14.961089545550202
22,3,13.296219063850154
22,4,9.596952367007942
22,5,8.298057577943013
22,6,5.639665608653845
22,7,5.405301339384099
22,8,6.655798597232947
22,9,8.24941706401243
22,10,11.828905186226141
22,11,13.891130789841608
22,12,17.650331654018814
22,13,19.252516787792487
22,14,22.823920928948855
22,15,22.003521640665905
22,16,18.24674840287032
22,17,17.054892560614142
22,18,14.198570794960094
22,19,10.596509099429996
22,20,7.137235085644037
22,21,3.7862449848192608
22,23,3.799490122285748
22,24,6.400128059832892
22,25,10.110787486948777
22,26,10.800982520163105
22,27,10.226211981809326
22,28,12.088068332260729
22,29,9.802115639786296
22,30,6.804732711191085
22,31,9.519364573314865
22,32,10.68110450341573
22,33,7.70299081584176
22,34,7.99640556159486
22,35,11.7308628125313
22,36,11.933953954027386
22,37,10.342646528278443
22,38,12.914220773587438
22,39,15.642427357697818
22,40,15.224518075921301
22,41,15.853746664898877
22,42,18.627242437365897
22,43,17.47432405790011
22,44,19.19939411721014
22,45,19.668124459732496
22,46,19.374914201806586
22,47,16.37204938629555
22,48,16.566213669725993
22,49,14.636860027191076
22,50,15.204373367869174
22,51,14.734624173751513
22,52,16.066838306944657
22,53,13.310440932589234
22,54,10.490136066467349
22,55,10.43726466616969
22,56,10.93117299290546
22,57,13.4551017713105
22,58,15.142000258127705
22,59,18.585005098264997
22,60,21.35246562353024
23,1,13.345664319184984
23,2,11.256669606033128
23,3,9.516347058402296
23,4,5.881089504505942
23,5,5.439355762782543
23,6,4.451499416280312
23,7,6.19776914636247
23,8,9.002231915385078
23,9,11.346025291887468
23,10,15.006892500206652
23,11,17.401378154773056
23,12,21.0883639046163
23,13,22.859227859053675
23,14,26.484144416195274
23,15,25.777137717350136
23,16,22.028949477124588
23,17,20.730927696449786
23,18,17.76388327246148
23,19,14.066561751866573
23,20,10.740131292034386
23,21,7.072957016881075
23,22,3.799490122285748
23,24,3.800250400292112
23,25,7.111841791609735
23,26,8.78805573981526
23,27,9.546266861711665
23,28,11.631033264500388
23,29,9.141758092048745
23,30,7.219114287161529
23,31,10.814571915636035
23,32,11.86620012907429
23,33,9.505184136323125
23,34,10.753239821613477
23,35,14.24183878954283
23,36,14.443305304070812
23,37,13.540027122064707
23,38,16.24436854577859
23,39,18.68312838343164
23,40,18.357513120441098
23,41,19.376869542636957
23,42,22.051937203095044
23,43,20.93581059681493
23,44,22.360399433569462
23,45,22.67243209655534
23,46,21.992240924595233
23,47,18.6865009066492
23,48,18.480807998817717
23,49,15.985482579503909
23,50,16.106825673490587
23,51,14.722460789479255
23,52,15.94964788334604
23,53,13.72232630259237
23,54,10.792707697532146
23,55,12.00314160702631
23,56,13.069988742710375
23,57,16.153064055247405
23,58,18.15773026049068
23,59,21.731100200158988
23,60,24.64648459488608
24,1,10.950786764541622
24,2,9.67636244680033
24,3,8.473874018641606
24,4,5.199534826312362
24,5,5.7646262571599864
24,6,6.597310764135826
24,7,7.365054176885683
24,8,10.704533720226037
24,9,12.604870395145271
24,10,16.3971545453098
24,11,18.714649754298325
24,12,22.261498045313502
24,13,23.96512769709408
24,14,27.657952632794267
24,15,27.3290970185432
24,16,23.733172733708795
24,17,22.63447605264393
24,18,20.01214718895576
24,19,16.362761808240986
24,20,13.27476057204267
24,21,9.810193615280507
24,22,6.400128059832892
24,23,3.800250400292112
24,25,3.7877070421737944
24,26,5.495409862132853
24,27,7.015162992845847
24,28,8.550156129790569
24,29,5.984756304396947
24,30,5.415732127638138
24,31,9.208183537068793
24,32,10.036612340888055
24,33,8.773545542102198
24,34,10.685976319252738
24,35,13.582504148098819
24,36,14.05874012481112
24,37,14.151031628250271
24,38,16.68301718498494
24,39,18.692190622727217
24,40,18.899826245101007
24,41,20.390057913405656
24,42,22.606600032030265
24,43,21.449166742655382
24,44,22.284513480279738
24,45,22.479982949525372
24,46,21.477692766274295
24,47,18.027169862357557
24,48,17.858438626054074
24,49,15.280487376580135
24,50,15.753438455732324
24,51,13.90574010497068
24,52,15.811672040491805
24,53,14.370688109470878
24,54,10.921531119110208
24,55,12.555611618515108
24,56,13.145951076070869
24,57,16.5437511321337
24,58,18.40684897889096
24,59,22.158804365621357
24,60,25.037900809558632
25,1,7.647791389689586
25,2,7.448038848013602
25,3,6.493140866598786
25,4,4.614030288570583
25,5,6.329348178951155
25,6,8.849475309393426
25,7,9.895783752047903
25,8,13.56038766212866
25,9,15.626602442095386
25,10,19.331683621780716
25,11,21.828010649396294
25,12,25.20992128069776
25,13,27.05432955463542
25,14,30.78014650547595
25,15,30.70388806157397
25,16,27.178914279161027
25,17,25.993069609644323
25,18,23.4054515936281
25,19,19.735515621305986
25,20,16.850095864321148
25,21,13.327895911056554
25,22,10.110787486948777
25,23,7.111841791609735
25,24,3.7877070421737944
25,26,3.8105861584231446
25,27,7.141085797818457
25,28,8.417442160036485
25,29,6.6796034798264445
25,30,7.7194067847979575
25,31,11.102185231722295
25,32,11.914951011499443
25,33,11.642733878128944
25,34,13.703917564453764
25,35,16.1418207578799
25,36,16.857729548922592
25,37,17.46665550954325
25,38,19.80645080042748
25,39,21.59375017832376
25,40,22.10095311917312
25,41,23.774960806993132
25,42,25.735014491830388
25,43,24.478194511825862
25,44,24.90666882384215
25,45,24.845770471783535
25,46,23.434633452115474
25,47,19.83943650313178
25,48,19.324855082055752
25,49,16.444733825875286
25,50,16.64934082448466
25,51,14.084560288037798
25,52,16.051262657875558
25,53,15.451484190734995
25,54,12.110946125397758
25,55,14.497621657333505
25,56,15.285983488473589
25,57,18.917997607989886
25,58,20.941762621418373
25,59,24.706922015481204
25,60,27.670113559881738
26,1,10.22085622282332
26,2,10.94440228249084
26,3,9.576329419269422
26,4,7.485248248602359
26,5,7.387653130721552
26,6,9.350234418318562
26,7,9.05799866375629
26,8,12.51552078987269
26,9,14.226535236095316
26,10,17.706489695674474
26,11,20.26604299004128
26,12,23.345639824914354
26,13,25.351752167051053
26,14,29.088032799112668
26,15,29.45886142284003
26,16,26.113981159629166
26,17,24.814145867063214
26,18,22.49463813082676
26,19,18.958561955829435
26,20,16.61342633325785
26,21,13.412624104123994
26,22,10.800982520163105
26,23,8.78805573981526
26,24,5.495409862132853
26,25,3.8105861584231446
26,27,3.7917097050634805
26,28,5.4963248063825825
26,29,5.544668591006017
26,30,6.445493093117215
26,31,9.00447528518777
26,32,10.624373564392126
26,33,11.257672082392428
26,34,12.60700105650808
26,35,14.662370822454935
26,36,16.17692423341625
26,37,16.996989392422805
26,38,18.682580152035843
26,39,20.555696901722595
26,40,21.690709620522806
26,41,23.142196117789602
26,42,24.661308304896625
26,43,22.9865180795736
26,44,22.949298434358397
26,45,22.443796502347528
26,46,20.621118702559393
26,47,16.941867220337517
26,48,16.175956403120672
26,49,13.252438731021053
26,50,13.642450947800244
26,51,11.051686238038267
26,52,13.57628399870116
26,53,13.47888533450349
26,54,9.967908365283517
26,55,12.3340496416734
26,56,12.85047945865636
26,57,16.543299669229516
26,58,18.650106230838958
26,59,22.35307881494053
26,60,25.39959908499427
27,1,14.010699857932764
27,2,14.531342508035992
27,3,12.90409913942615
27,4,10.180451275842277
27,5,8.85916028263132
27,6,9.437806411489865
27,7,7.610586534857169
27,8,10.349527329127316
27,9,11.426359412602677
27,10,14.655113893831514
27,11,17.12637444027161
27,12,19.98103057459635
27,13,22.045357860553377
27,14,25.762382200069116
27,15,26.41281795932158
27,16,23.22686903004367
27,17,21.89256362951684
27,18,19.863112186610884
27,19,16.545363695701052
27,20,14.717998139705117
27,21,12.066893446458103
27,22,10.226211981809326
27,23,9.546266861711665
27,24,7.015162992845847
27,25,7.141085797818457
27,26,3.7917097050634805
27,28,3.8116477639524162
27,29,5.38178393684767
27,30,4.805782974039347
27,31,6.158191320686248
27,32,8.810639201034345
27,33,9.830251414123548
27,34,10.180204084970839
27,35,12.011884389495647
27,36,14.216784019415568
27,37,14.934921890573742
27,38,15.996568632688094
27,39,18.06591007379973
27,40,19.63341659961982
27,41,20.736040732135116
27,42,21.949564991423035
27,43,19.928328416198248
27,44,19.672216231735135
27,45,18.8777972071479
27,46,16.898830139651444
27,47,13.184671856101174
27,48,12.412809442293824
27,49,9.65310745888607
27,50,10.602592886014353
27,51,8.701251674551894
27,52,11.799235278319872
27,53,11.554827912200059
27,54,7.831587312559111
27,55,9.444394861328735
27,56,9.37624518017169
27,57,12.997572385693127
27,58,15.076460202257815
27,59,18.726401456052802
27,60,21.806661963493095
28,1,14.774474677832064
28,2,15.54132109628895
28,3,14.796141561372925
28,4,12.431285899459814
28,5,11.985797094376151
28,6,12.618195809886947
28,7,10.737920036992325
28,8,13.070608373182376
28,9,13.27506369803748
28,10,16.424544621436148
28,11,18.231831877928244
28,12,20.96808443801219
28,13,22.510593186189563
28,14,26.106355505960583
28,15,26.846909784905822
28,16,23.8832318829179
28,17,23.106446606467372
28,18,21.53567023747109
28,19,18.469016319810127
28,20,16.564841255866693
28,21,14.275514939416656
28,22,12.088068332260729
28,23,11.631033264500388
28,24,8.550156129790569
28,25,8.417442160036485
28,26,5.4963248063825825
28,27,3.8116477639524162
28,29,3.8038962467767905
28,30,5.41037621896052
28,31,5.394347229582429
28,32,6.751842519242479
28,33,9.0471194702305
28,34,10.072783710407101
28,35,10.824991848663016
28,36,12.847495427429735
28,37,14.514216060895091
28,38,15.521391585693152
28,39,16.83369810268703
28,40,18.672383840974998
28,41,20.310340699907627
28,42,21.12420891585481
28,43,19.448147583330126
28,44,18.7736231763989
28,45,18.317501410669323
28,46,16.544418810643247
28,47,13.166203358008953
28,48,13.242281730784613
28,49,11.326386490630433
28,50,13.193531461509624
28,51,11.72126062425357
28,52,15.162735431373472
28,53,15.085427072904828
28,54,11.376653593541056
28,55,12.31572080292538
28,56,11.184740371862663
28,57,14.315027714628574
28,58,15.542786192331965
28,59,19.186320327696784
28,60,21.816408987299866
29,1,13.433841164290019
29,2,13.402574259089036
29,3,13.097949849473533
29,4,10.577711458495031
29,5,10.85105204128833
29,6,11.355712923183267
29,7,10.135476306095233
29,8,12.67136662592647
29,9,13.052758855461642
29,10,16.598501292676918
