1,2,3.796554116866086
1,3,5.971304016275754
1,4,7.364043259327654
1,5,11.146462945337365
1,6,13.651383376552094
1,7,17.428107692478832
1,8,18.002655724893536
1,9,14.849525454609616
1,10,11.993068818219628
1,11,9.137595011104622
1,12,8.972633952523124
1,13,8.454227051100577
1,14,10.812887146761046
1,15,11.570236878526353
1,16,13.394177259348139
1,17,12.157447135995124
1,18,10.159145874014115
1,19,12.468091845087681
1,20,13.292348599741452
1,21,15.344331459873864
1,22,18.16683892791043
1,23,20.045565987366675
1,24,23.314035368434094
1,25,22.941999854999747
1,26,19.770517696562347
1,27,17.97848091833042
1,28,19.00078325074084
1,29,17.177952382794434
1,30,15.405149306645667
1,31,13.7152982804281
1,32,13.96961008329532
1,33,11.625021134712423
1,34,7.972133390192543
1,35,8.037393659433151
1,36,5.507175939196185
1,37,5.688384944436092
1,38,9.305639245452396
1,39,9.920872511236052
1,40,9.109570655485612
1,41,11.585259034773411
1,42,14.077494905095387
1,43,14.198712168917803
1,44,14.478717723035672
1,45,17.249149819203378
1,46,19.024582724821542
1,47,19.993722280108496
2,1,3.796554116866086
2,3,3.8359677398494054
2,4,6.956799717117093
2,5,10.332154085190039
2,6,13.539575429664797
2,7,17.113486646282418
2,8,17.31513519674407
2,9,14.136001847150505
2,10,10.704142358036936
2,11,7.894874398501628
2,12,6.300707124816465
2,13,5.645466688939891
2,14,7.743029585542072
2,15,9.287495152357007
2,16,11.539403433902251
2,17,10.385712084550873
2,18,8.488324162942174
2,19,10.585004656464111
2,20,12.041342606115894
2,21,13.55565125074267
2,22,16.705315611691713
2,23,18.340181341675336
2,24,21.614827206480843
2,25,21.000573534189524
2,26,17.532600825487965
2,27,15.82662170934808
2,28,17.519284463490596
2,29,15.961855474588537
2,30,14.033631990287414
2,31,13.019057828407286
2,32,13.193909165953862
2,33,11.372051276908367
2,34,8.36784072636536
2,35,9.176552236162472
2,36,6.559384131374509
2,37,8.534138826557033
2,38,11.600370039307007
2,39,11.228906477674828
2,40,10.775098219144136
2,41,13.950554296812802
2,42,15.820046112768987
2,43,15.282409399332359
2,44,16.14690033819434
2,45,19.206952111502407
2,46,20.380488925421638
2,47,21.14378161556741
3,1,5.971304016275754
3,2,3.8359677398494054
3,4,3.7279759332227753
3,5,6.628973984599086
3,6,10.091482144385925
3,7,13.517881919118832
3,8,13.877801913184824
3,9,11.01500310969491
3,10,7.540842384024339
3,11,5.806908638345055
3,12,5.022726402966156
3,13,6.762188687607329
3,14,9.583784950063144
3,15,12.14866130355313
3,16,14.028058141368767
3,17,12.109360185885723
3,18,9.283947829988053
3,19,9.976676639657894
3,20,10.455066867617314
3,21,11.133710580645586
3,22,13.857975156252317
3,23,15.059393931697143
3,24,18.55608683587006
3,25,18.409911236174484
3,26,15.075302747628095
3,27,14.069075389304624
3,28,15.880681019346957
3,29,15.112465798792964
3,30,14.046944466562163
3,31,13.896173282535953
3,32,14.993485513294068
3,33,13.93082272088992
3,34,11.247240368027906
3,35,11.023044473234291
3,36,7.5897199386634275
3,37,9.603144444380852
3,38,12.502347389117197
3,39,11.154990820065406
3,40,9.829457680752393
3,41,13.328630955241016
3,42,15.019822287804786
3,43,13.618926272836465
3,44,14.327995025095317
3,45,17.762586438879794
3,46,18.630247961289395
3,47,18.811916146409143
4,1,7.364043259327654
4,2,6.956799717117093
4,3,3.7279759332227753
4,5,3.7877832747367184
4,6,6.68785252887031
4,7,10.329836069000612
4,8,11.177197087199046
4,9,8.626004191892655
4,10,5.951200557930759
4,11,5.492511008887602
4,12,6.9854265985745405
4,13,9.573081376829384
4,14,12.873419344819457
4,15,15.472072090736464
4,16,16.889447910950036
4,17,14.44165249743789
4,18,11.058274975442709
4,19,10.991093087618582
4,20,10.116826575816665
4,21,10.599972978287726
4,22,12.50084861443664
4,23,13.594532279341793
4,24,17.18769356151052
4,25,17.652967866234636
4,26,14.821855519951814
4,27,14.293269963111712
4,28,15.502700114943522
4,29,15.16470362624484
4,30,14.920138903069242
4,31,14.92907135626855
4,32,16.723987683311943
4,33,15.902477400570703
4,34,13.160228185707096
4,35,11.880592801141448
4,36,8.115668458844164
4,37,9.263958507870447
4,38,11.933861005577363
4,39,10.221591785744637
4,40,7.8109423310195
4,41,11.115294233396114
4,42,12.926280310471313
4,43,11.08875793956741
4,44,11.213637884776007
4,45,14.84191887295479
4,46,15.794940837438567
4,47,15.562414735483372
5,1,11.146462945337365
5,2,10.332154085190039
5,3,6.628973984599086
5,4,3.7877832747367184
5,6,3.8300065830401953
5,7,6.944196761833344
5,8,7.971987398990332
5,9,6.298966288211701
5,10,4.450777846243886
5,11,6.516576198397969
5,12,8.44718382196309
5,13,11.840732565215653
5,14,15.097823911270845
5,15,18.182130550646406
5,16,19.374435385089008
5,17,16.61131476105728
5,18,13.018231174188383
5,19,11.83009756842252
5,20,10.099093907520711
5,21,9.319339160501752
5,22,10.249111349669068
5,23,10.57417605709684
5,24,14.321398782587833
5,25,15.394384263629327
5,26,12.955659077191147
5,27,13.37270894576435
5,28,14.627743605084865
5,29,15.236011646313662
5,30,15.827688754532645
5,31,16.64197496646072
5,32,18.944228532334208
5,33,18.722208245024685
5,34,16.385276830945205
5,35,14.831168803776396
5,36,11.15961489672503
5,37,12.46138200760584
5,38,14.566274504861466
5,39,12.160136900807798
5,40,9.568805895245161
5,41,12.681918212537727
5,42,13.873446154580584
5,43,11.125032243061579
5,44,11.214200142904378
5,45,14.9588967941279
5,46,15.280500909925202
5,47,14.28079438170949
6,1,13.651383376552094
6,2,13.539575429664797
6,3,10.091482144385925
6,4,6.68785252887031
6,5,3.8300065830401953
6,7,3.7937990525409315
6,8,5.560172566744891
6,9,5.060756181544599
6,10,5.818943507822316
6,11,8.510844629158235
6,12,11.388730428240818
6,13,14.801782336423852
6,14,18.290292149163857
6,15,21.315054780879574
6,16,22.08938668728384
6,17,18.99237742836749
6,18,15.212551549700104
6,19,13.611306251570829
6,20,10.924508968060968
6,21,10.102319796703256
6,22,9.768122279964702
6,23,10.026895344187906
6,24,13.433820954800725
6,25,15.134174717098995
6,26,13.556332927203139
6,27,14.331481656249013
6,28,14.741349436189623
6,29,15.736434053748912
6,30,17.0627531869948
6,31,17.971768398121185
6,32,20.74300662375586
6,33,20.772148474504775
6,34,18.55919503932108
6,35,16.33883190616066
6,36,12.869418131289322
6,37,13.582119138954084
6,38,15.050567974170026
6,39,12.430760671421542
6,40,9.438598013832234
6,41,11.770087052289783
6,42,12.59765977261842
6,43,9.398274162682515
6,44,8.899185692684142
6,45,12.520560345213369
6,46,12.61220397711842
6,47,10.972285874948346
7,1,17.428107692478832
7,2,17.113486646282418
7,3,13.517881919118832
7,4,10.329836069000612
7,5,6.944196761833344
7,6,3.7937990525409315
7,8,3.802748826592919
7,9,6.029390743429558
7,10,8.15840372727051
7,11,11.531581978586486
7,12,14.296517060821067
7,13,17.90902551435609
7,14,21.290917994980607
7,15,24.53720385002124
7,16,25.1609256796968
7,17,21.923690225794104
7,18,18.142352008855223
7,19,15.970727026000478
7,20,12.912914872608209
7,21,11.246859361955126
7,22,9.617548414151887
7,23,8.81334292249414
7,24,11.833943595950345
7,25,14.34563214901162
7,26,13.599760990779725
7,27,15.236918903786568
7,28,15.471959708449159
7,29,17.245743163726914
7,30,19.191349325755933
7,31,20.60243816603563
7,32,23.636284818657447
7,33,24.037733972674136
7,34,22.078972724470233
7,35,19.75411733131616
7,36,16.41965805213636
7,37,17.200919540017026
7,38,18.326736803759548
7,39,15.46016658286881
7,40,12.657279438260561
7,41,14.567522613480136
7,42,14.83312397301129
7,43,11.282205334110483
7,44,10.73396819664396
7,45,13.873531029206235
7,46,13.277128265758899
7,47,10.764732889133375
8,1,18.002655724893536
8,2,17.31513519674407
8,3,13.877801913184824
8,4,11.177197087199046
8,5,7.971987398990332
8,6,5.560172566744891
8,7,3.802748826592919
8,9,3.794810993672419
8,10,6.9510589534693965
8,11,10.472196848360475
8,12,13.275848675890783
8,13,16.891784842604295
8,14,20.219117386623115
8,15,23.599386463787106
8,16,23.72506111855384
8,17,20.263107667619128
8,18,16.55432627162424
8,19,13.816457929055682
8,20,10.475420493337047
8,21,8.429964149459542
8,22,6.084778423483712
8,23,5.709776803187783
8,24,8.401546190294075
8,25,10.739555484158329
8,26,10.355801123941655
8,27,12.094219723163036
8,28,12.039872768245326
8,29,14.232189713997213
8,30,16.619699292246537
8,31,18.51136544121317
8,32,21.791753549040305
8,33,22.750478312035572
8,34,21.35300692582372
8,35,18.94910417884516
8,36,15.966010115314571
8,37,17.352463764892846
8,38,17.892155998777163
8,39,14.536281155736935
8,40,12.532879437406729
8,41,14.686270731857086
8,42,14.05996980663675
8,43,10.291809897591635
8,44,11.01307358869197
8,45,13.827350235129416
8,46,12.342474684302372
8,47,10.355442053020504
9,1,14.849525454609616
9,2,14.136001847150505
9,3,11.01500310969491
9,4,8.626004191892655
9,5,6.298966288211701
9,6,5.060756181544599
9,7,6.029390743429558
9,8,3.794810993672419
9,10,3.7662381905613005
9,11,6.843745186115843
9,12,9.927579579728981
9,13,13.38661730837894
9,14,16.836415002501717
9,15,20.081309330415664
9,16,20.081133021900133
9,17,16.587952367344077
9,18,12.84054942610866
9,19,10.287100906440957
9,20,6.958604592271882
9,21,5.728176094215582
9,22,5.009716857025913
9,23,6.609619574686804
9,24,9.51799628819791
9,25,10.577985685970535
9,26,9.19375378671921
9,27,9.793901172170147
9,28,9.792126664343114
9,29,11.241140301262993
9,30,13.21237636571307
9,31,14.853972854721013
9,32,18.063285303025857
9,33,18.956474794460053
9,34,17.615714764467782
9,35,15.242707307466738
9,36,12.347216578760163
9,37,14.059264484367644
9,38,14.54085087800773
9,39,11.087479212626375
9,40,9.474264244400214
9,41,12.148618013837599
9,42,11.530727295667173
9,43,7.966952163321384
9,44,9.51484024155827
9,45,12.56406894152278
9,46,11.381494691070396
9,47,10.519020070785325
10,1,11.993068818219628
10,2,10.704142358036936
10,3,7.540842384024339
10,4,5.951200557930759
10,5,4.450777846243886
10,6,5.818943507822316
10,7,8.15840372727051
10,8,6.9510589534693965
10,9,3.7662381905613005
10,11,3.828104638340734
10,12,6.370234012770714
10,13,9.99279444336727
10,14,13.377051425645497
10,15,16.698248543007683
10,16,17.100105876955215
10,17,13.873778587841228
10,18,10.169244290945377
10,19,8.066873165865859
10,20,5.863466990814373
10,21,4.980718256451663
10,22,6.57427345861436
10,23,8.094963537711772
10,24,11.431167744820742
10,25,11.737950521468667
10,26,9.152623634047554
10,27,9.08247058510567
10,28,10.202191961438409
10,29,10.910778449619901
10,30,11.851893243360404
10,31,13.256788681037024
10,32,15.975149787798156
10,33,16.530400839799864
10,34,14.992309677486066
10,35,13.222985799340126
10,36,10.06055724170557
10,37,12.327632195921577
10,38,13.479362748687281
10,39,10.30791609832671
10,40,8.925925319373006
10,41,12.353518155999074
10,42,12.403089102012183
10,43,9.484765779016987
10,44,11.082419608123923
10,45,14.436429941974088
10,46,13.90274780765829
10,47,13.564371752953098
11,1,9.137595011104622
11,2,7.894874398501628
11,3,5.806908638345055
11,4,5.492511008887602
11,5,6.516576198397969
11,6,8.510844629158235
11,7,11.531581978586486
11,8,10.472196848360475
11,9,6.843745186115843
11,10,3.828104638340734
11,12,3.8036614508119846
11,13,6.765442886695108
11,14,10.43130199158988
11,15,13.398918663017003
11,16,13.683087656780168
11,17,10.487492645767647
11,18,6.72052402846953
11,19,5.689180714500589
11,20,4.801479361586026
11,21,6.2568274922821985
11,22,9.121892019143395
11,23,11.41168180892559
11,24,14.3506235508467
11,25,13.842834732715318
11,26,10.880848872024114
11,27,9.40501119545323
11,28,10.413937111184042
11,29,9.732873619621317
11,30,9.551777728042662
11,31,10.154721242756654
11,32,12.529074228552338
11,33,12.770227632290664
11,34,11.17302330952638
11,35,9.558829025248052
11,36,6.516233681125116
11,37,9.370727809331495
11,38,10.55270830690816
11,39,7.683567549321062
11,40,7.215662212548613
11,41,10.952166311656509
11,42,11.221689913829623
11,43,9.326129918488604
11,44,11.31961618462132
11,45,14.425161009508285
11,46,14.359876622812985
11,47,14.947258381209107
12,1,8.972633952523124
12,2,6.300707124816465
12,3,5.022726402966156
12,4,6.9854265985745405
12,5,8.44718382196309
12,6,11.388730428240818
12,7,14.296517060821067
12,8,13.275848675890783
12,9,9.927579579728981
12,10,6.370234012770714
12,11,3.8036614508119846
12,13,3.7660347241769063
12,14,7.026244308829424
12,15,10.391193931772218
12,16,11.182081219978308
12,17,8.533153501293876
12,18,5.4473738683797555
12,19,5.259717839200547
12,20,6.706611761944775
12,21,7.607342639276264
12,22,11.09251061609471
12,23,12.96002775376865
12,24,15.868724051293896
12,25,14.861001538751175
12,26,11.32089243437411
12,27,9.583059217413709
12,28,11.660286478653084
12,29,10.745167765299126
12,30,9.529912306616255
12,31,10.187372703028387
12,32,11.645648745243461
12,33,11.741457221049075
12,34,10.361848013786412
12,35,10.081305581672858
12,36,7.497941076941892
12,37,10.903973756971952
12,38,12.510654396524634
12,39,10.26521585785427
12,40,10.385235362373612
12,41,14.121294730919884
12,42,14.579640508262319
12,43,13.037055884374182
12,44,15.024707495047103
12,45,18.10831514506892
12,46,18.09465157030775
12,47,18.73548258848979
13,1,8.454227051100577
13,2,5.645466688939891
13,3,6.762188687607329
13,4,9.573081376829384
13,5,11.840732565215653
13,6,14.801782336423852
13,7,17.90902551435609
13,8,16.891784842604295
13,9,13.38661730837894
13,10,9.99279444336727
13,11,6.765442886695108
13,12,3.7660347241769063
13,14,3.765215180444098
13,15,6.711460464016896
13,16,7.607910195826637
13,17,5.572177056462351
13,18,3.8351503756375913
13,19,6.03700708927526
13,20,8.880774491415108
13,21,10.622141757479636
13,22,14.315357651996141
13,23,16.459585171493718
13,24,19.08500540850095
13,25,17.59908316124282
13,26,14.02664524204485
13,27,11.578061816099524
13,28,13.499305355973414
13,29,11.649877657332677
13,30,9.215869808191691
13,31,8.886082106196572
13,32,9.141199065908362
13,33,8.727604636510232
13,34,7.617429697183989
13,35,8.548595200339747
13,36,7.105815062240567
13,37,10.680266880963279
13,38,12.191186305229722
13,39,10.799824673790953
13,40,11.813928074629638
13,41,15.266507246822815
13,42,15.824897695733311
13,43,15.103621328836207
13,44,17.210667540176306
13,45,19.96509389078585
13,46,20.206132694663967
13,47,21.374532427722688
14,1,10.812887146761046
14,2,7.743029585542072
14,3,9.583784950063144
14,4,12.873419344819457
14,5,15.097823911270845
14,6,18.290292149163857
14,7,21.290917994980607
14,8,20.219117386623115
14,9,16.836415002501717
14,10,13.377051425645497
14,11,10.43130199158988
14,12,7.026244308829424
14,13,3.765215180444098
14,15,3.8580137236635315
14,16,5.595770735772282
14,17,5.511522773356185
14,18,6.273871287204757
14,19,8.598394756104248
14,20,12.01526590056055
14,21,13.43590802725642
14,22,17.194697655285047
14,23,19.12662252194619
14,24,21.559568078407672
14,25,19.723898763853068
14,26,16.043137205567135
14,27,13.517524567730465
14,28,15.822373787244954
14,29,13.877648385521423
14,30,10.919934226892282
14,31,10.549584928492239
14,32,9.581097912912936
14,33,9.059832484631826
14,34,8.745220098952926
14,35,10.893006501374208
14,36,10.29249079569577
14,37,13.647577086903103
14,38,15.13230787783636
14,39,14.165432919718524
14,40,15.452516332799988
14,41,18.781922962603897
14,42,19.33087073983065
14,43,18.787193674403316
14,44,20.952604472650215
14,45,23.634915674137396
14,46,23.85029743373502
14,47,25.09899196945845
15,1,11.570236878526353
15,2,9.287495152357007
15,3,12.14866130355313
15,4,15.472072090736464
15,5,18.182130550646406
15,6,21.315054780879574
15,7,24.53720385002124
15,8,23.599386463787106
15,9,20.081309330415664
15,10,16.698248543007683
15,11,13.398918663017003
15,12,10.391193931772218
15,13,6.711460464016896
15,14,3.8580137236635315
15,16,3.8738859848317073
15,17,6.167331097766556
15,18,8.366299868104436
15,19,11.497749361023576
15,20,14.974114814905114
15,21,16.9042155556267
15,22,20.680002856381847
15,23,22.822638430951482
15,24,25.19527639534481
15,25,23.239954528382388
15,26,19.65074191530441
15,27,16.844077575066724
15,28,18.768900388183678
15,29,16.2926944008499
15,30,12.869604247359456
15,31,11.513806489600206
15,32,9.307347856510582
15,33,7.805214922763505
15,34,7.832311296798003
15,35,11.014406367821607
15,36,11.442717854428778
15,37,14.263148469911048
15,38,15.621295882502386
15,39,15.521152449050959
15,40,17.181580862571295
15,41,20.10412409614651
15,42,20.841718684247905
15,43,20.93700258523244
15,44,23.000324928947578
15,45,25.400710487418195
15,46,25.931671256487643
15,47,27.53243595338593
16,1,13.394177259348139
16,2,11.539403433902251
16,3,14.028058141368767
16,4,16.889447910950036
16,5,19.374435385089008
16,6,22.08938668728384
16,7,25.1609256796968
16,8,23.72506111855384
16,9,20.081133021900133
16,10,17.100105876955215
16,11,13.683087656780168
16,12,11.182081219978308
16,13,7.607910195826637
16,14,5.595770735772282
16,15,3.8738859848317073
16,17,3.833100031359157
16,18,7.366000534957048
16,19,10.428962837673929
16,20,14.056701386850719
16,21,16.412898129079192
16,22,20.146149615684138
16,23,22.727056618758738
16,24,24.62144613845968
16,25,22.275289014658526
16,26,18.975833214835948
16,27,15.688526658301567
16,28,17.098005248569425
16,29,14.188687520822416
16,30,10.470566284059094
16,31,8.891122161084963
16,32,6.099404338458931
16,33,5.666506675804438
16,34,7.554870521768523
16,35,10.278809945550183
16,36,11.619303878100252
16,37,14.63518448117562
16,38,15.022327896936103
16,39,14.735953675341277
16,40,17.13942385411204
16,41,19.83919258703131
16,42,19.93083251770583
16,43,20.272825203809266
16,44,22.814315386696144
16,45,24.808117708729778
16,46,24.994127454644158
16,47,26.976925923346023
17,1,12.157447135995124
17,2,10.385712084550873
17,3,12.109360185885723
17,4,14.44165249743789
17,5,16.61131476105728
17,6,18.99237742836749
17,7,21.923690225794104
17,8,20.263107667619128
17,9,16.587952367344077
17,10,13.873778587841228
17,11,10.487492645767647
17,12,8.533153501293876
17,13,5.572177056462351
17,14,5.511522773356185
17,15,6.167331097766556
17,16,3.833100031359157
17,18,3.8271872739139146
17,19,6.787456281102909
17,20,10.322610968575113
17,21,12.920669369283939
17,22,16.585314614775854
17,23,19.387818834211533
17,24,21.19667460628419
17,25,18.920426821463167
17,26,15.754762672774433
17,27,12.348969188663416
17,28,13.46576161287344
17,29,10.507401047102913
17,30,6.87446468037988
17,31,5.543423571664882
17,32,4.173105771327426
17,33,5.12432110303371
17,34,6.8000144622125545
17,35,8.185667399125718
17,36,9.161287804986427
17,37,12.580321535311635
17,38,12.616697881088854
17,39,11.61326727636832
17,40,14.121230107688202
17,41,16.945280200146716
17,42,16.674053137531445
17,43,16.761668562651646
17,44,19.53383052496752
17,45,21.514636875171835
17,46,21.433145802155394
17,47,23.38405079258559
18,1,10.159145874014115
18,2,8.488324162942174
18,3,9.283947829988053
18,4,11.058274975442709
18,5,13.018231174188383
18,6,15.212551549700104
18,7,18.142352008855223
18,8,16.55432627162424
18,9,12.84054942610866
18,10,10.169244290945377
18,11,6.72052402846953
18,12,5.4473738683797555
18,13,3.8351503756375913
18,14,6.273871287204757
18,15,8.366299868104436
18,16,7.366000534957048
18,17,3.8271872739139146
18,19,3.8038307432924827
18,20,6.906741128624355
18,21,9.69040408443312
18,22,13.312785556686743
18,23,16.153750867559243
18,24,18.237383680458606
18,25,16.39034325070274
18,26,13.222980457540707
18,27,10.085383244808186
18,28,11.102628030495735
18,29,8.515505708510842
18,30,5.730319979371495
18,31,5.111087975885956
18,32,6.220445090655745
18,33,6.957765584211774
18,34,7.008714406563318
18,35,6.878713560250697
18,36,6.520396475039979
18,37,10.264254574757198
18,38,10.51244510656961
18,39,8.721715081943133
18,40,10.790072993348394
18,41,13.929380991488333
18,42,13.693454939725095
18,43,13.307983489501659
18,44,16.02691635351328
18,45,18.269047984985992
18,46,18.150928515435897
18,47,19.828664165720976
19,1,12.468091845087681
19,2,10.585004656464111
19,3,9.976676639657894
19,4,10.991093087618582
19,5,11.83009756842252
19,6,13.611306251570829
19,7,15.970727026000478
19,8,13.816457929055682
19,9,10.287100906440957
19,10,8.066873165865859
19,11,5.689180714500589
19,12,5.259717839200547
19,13,6.03700708927526
19,14,8.598394756104248
19,15,11.497749361023576
19,16,10.428962837673929
19,17,6.787456281102909
19,18,3.8038307432924827
19,20,3.8280543860492897
19,21,6.187080523200988
19,22,9.801170720899096
19,23,12.739860654180164
19,24,14.544608592789704
19,25,12.590654625088193
19,26,9.509487391795325
19,27,6.344909113557016
19,28,7.545215107555228
19,29,5.743427209570894
19,30,4.417593312203124
19,31,6.268822388265661
19,32,8.743550643291762
19,33,10.443431089437539
19,34,10.66347234132845
19,35,9.71774758381935
19,36,8.63819734566809
19,37,12.27365601867937
19,38,12.24494782294059
19,39,9.39314342588996
19,40,11.03281701520345
19,41,14.320805517556838
19,42,13.449870268465471
19,43,12.179469046559664
19,44,15.250771358373193
19,45,17.580495681182054
19,46,16.77324105414181
19,47,18.09891699238134
20,1,13.292348599741452
20,2,12.041342606115894
20,3,10.455066867617314
20,4,10.116826575816665
20,5,10.099093907520711
20,6,10.924508968060968
20,7,12.912914872608209
20,8,10.475420493337047
20,9,6.958604592271882
20,10,5.863466990814373
20,11,4.801479361586026
20,12,6.706611761944775
20,13,8.880774491415108
20,14,12.01526590056055
20,15,14.974114814905114
20,16,14.056701386850719
20,17,10.322610968575113
20,18,6.906741128624355
20,19,3.8280543860492897
20,21,3.8536117443589344
20,22,6.776487465161273
20,23,10.127069978177591
20,24,11.932232270772118
20,25,10.580847266771356
20,26,8.121695159932969
20,27,5.769161944696393
20,28,5.758977846776609
20,29,5.16184981674931
20,30,6.2821054084089845
20,31,8.248743192569844
20,32,11.51780801168728
20,33,13.120861955926895
20,34,12.855236807820905
20,35,10.876917088501843
20,36,9.189199596466487
20,37,12.20624195300283
20,38,11.896651795536618
20,39,8.339729444393988
20,40,9.294873879042589
20,41,12.412437066799855
20,42,11.124488756201721
20,43,9.116024340427629
20,44,12.31298593727358
20,45,14.64284516358811
20,46,13.454801931597732
20,47,14.50356328424029
21,1,15.344331459873864
21,2,13.55565125074267
21,3,11.133710580645586
21,4,10.599972978287726
21,5,9.319339160501752
21,6,10.102319796703256
21,7,11.246859361955126
21,8,8.429964149459542
21,9,5.728176094215582
21,10,4.980718256451663
21,11,6.2568274922821985
21,12,7.607342639276264
21,13,10.622141757479636
21,14,13.43590802725642
21,15,16.9042155556267
21,16,16.412898129079192
21,17,12.920669369283939
21,18,9.69040408443312
21,19,6.187080523200988
21,20,3.8536117443589344
21,22,3.7861539150155306
21,23,6.582153037526267
21,24,8.64822074464483
21,25,7.607678586037267
21,26,4.804611266987245
21,27,4.234280279967207
21,28,5.663824858759472
21,29,7.298098693628933
21,30,9.062368082098311
21,31,11.719529064378312
21,32,14.767146841291847
21,33,16.421886587867416
21,34,16.034070082137944
21,35,14.388172733266684
21,36,12.197443512650887
21,37,15.14813281925479
21,38,15.339332207964985
21,39,11.75183280395164
21,40,11.821043492270121
21,41,15.030930824339451
21,42,13.893987003732182
21,43,11.100844657562421
21,44,13.849056231095476
21,45,16.502007207904878
21,46,14.970663666386532
21,47,15.11975649615716
22,1,18.16683892791043
22,2,16.705315611691713
22,3,13.857975156252317
22,4,12.50084861443664
22,5,10.249111349669068
22,6,9.768122279964702
22,7,9.617548414151887
22,8,6.084778423483712
22,9,5.009716857025913
22,10,6.57427345861436
22,11,9.121892019143395
22,12,11.09251061609471
22,13,14.315357651996141
22,14,17.194697655285047
22,15,20.680002856381847
22,16,20.146149615684138
22,17,16.585314614775854
22,18,13.312785556686743
22,19,9.801170720899096
22,20,6.776487465161273
22,21,3.7861539150155306
22,23,3.7759113622790275
22,24,5.394555484556084
22,25,5.593113847280179
22,26,4.728746327984409
22,27,6.270076936220207
22,28,6.428161488495995
22,29,9.296760397334351
22,30,12.000712882733987
22,31,14.758526789920731
22,32,18.088149862417644
22,33,19.854410885475218
22,34,19.40278666337338
22,35,17.3583068337053
22,36,15.063835683158485
22,37,17.532828726646002
22,38,17.510382953541885
22,39,13.770239551924574
22,40,13.328631837731125
22,41,16.04918740892563
22,42,14.5755205866399
22,43,11.248142693033378
22,44,13.704395886021533
22,45,16.133049789557138
22,46,14.039331736909215
22,47,13.510088697551057
23,1,20.045565987366675
23,2,18.340181341675336
23,3,15.059393931697143
23,4,13.594532279341793
23,5,10.57417605709684
23,6,10.026895344187906
23,7,8.81334292249414
23,8,5.709776803187783
23,9,6.609619574686804
23,10,8.094963537711772
23,11,11.41168180892559
23,12,12.96002775376865
23,13,16.459585171493718
23,14,19.12662252194619
23,15,22.822638430951482
23,16,22.727056618758738
23,17,19.387818834211533
23,18,16.153750867559243
23,19,12.739860654180164
23,20,10.127069978177591
23,21,6.582153037526267
23,22,3.7759113622790275
23,24,3.882683934820059
23,25,5.979906209645053
23,26,5.707715889646903
23,27,8.776861418137573
23,28,9.762362256603131
23,29,12.870121971296488
23,30,15.377731099002817
23,31,18.20308326621934
23,32,21.342352413336485
23,33,22.936154732685033
23,34,22.233676070082225
23,35,20.417743671662883
23,36,17.753620997053787
23,37,20.113360593419326
23,38,20.56202316958484
23,39,16.9294812190233
23,40,15.915073876747863
23,41,18.670594418855217
23,42,17.58942861786295
23,43,14.017398613110768
23,44,15.797974536051143
23,45,18.467042598101248
23,46,16.47726059737181
23,47,15.153688283377749
24,1,23.314035368434094
24,2,21.614827206480843
24,3,18.55608683587006
24,4,17.18769356151052
24,5,14.321398782587833
24,6,13.433820954800725
24,7,11.833943595950345
24,8,8.401546190294075
24,9,9.51799628819791
24,10,11.431167744820742
24,11,14.3506235508467
24,12,15.868724051293896
24,13,19.08500540850095
24,14,21.559568078407672
24,15,25.19527639534481
24,16,24.62144613845968
24,17,21.19667460628419
24,18,18.237383680458606
24,19,14.544608592789704
24,20,11.932232270772118
24,21,8.64822074464483
24,22,5.394555484556084
24,23,3.882683934820059
24,25,3.747505884927884
24,26,6.046794996143146
24,27,9.323094168394544
24,28,9.538734274778191
24,29,13.221144170807756
24,30,16.26589322938531
24,31,19.46493486588502
24,32,22.75766240436626
24,33,24.8443425673562
24,34,24.631357810916185
24,35,22.694867638597785
24,36,20.44222270339851
24,37,22.889011463881193
24,38,22.818131811523543
24,39,19.050845577633673
24,40,18.505377414475284
24,41,20.96887878117082
24,42,19.278739137273146
24,43,15.819726196109151
24,44,17.951299273571145
24,45,20.07138828289918
24,46,17.4807057106252
24,47,16.29609483800253
25,1,22.941999854999747
25,2,21.000573534189524
25,3,18.409911236174484
25,4,17.652967866234636
25,5,15.394384263629327
25,6,15.134174717098995
25,7,14.34563214901162
25,8,10.739555484158329
25,9,10.577985685970535
25,10,11.737950521468667
25,11,13.842834732715318
25,12,14.861001538751175
25,13,17.59908316124282
25,14,19.723898763853068
25,15,23.239954528382388
25,16,22.275289014658526
25,17,18.920426821463167
25,18,16.39034325070274
25,19,12.590654625088193
25,20,10.580847266771356
25,21,7.607678586037267
25,22,5.593113847280179
25,23,5.979906209645053
25,24,3.747505884927884
25,26,3.836825246507499
25,27,6.597323254582999
25,28,6.945217017403231
25,29,10.721077188270487
25,30,13.696850128312196
25,31,17.20531602302837
25,32,20.359860283811358
25,33,22.81327452338344
25,34,23.114391501346155
25,35,21.42297949822883
25,36,19.630697348091118
25,37,22.47162308811337
25,38,22.134426325137536
25,39,18.373006042994927
25,40,18.557617902817377
25,41,21.195815803477764
25,42,19.24701972109464
25,43,16.176597423399848
25,44,18.924217211691097
25,45,20.91518431876565
25,46,18.27865720140897
25,47,17.852696020204153
26,1,19.770517696562347
26,2,17.532600825487965
26,3,15.075302747628095
26,4,14.821855519951814
26,5,12.955659077191147
26,6,13.556332927203139
26,7,13.599760990779725
26,8,10.355801123941655
26,9,9.19375378671921
26,10,9.152623634047554
26,11,10.880848872024114
26,12,11.32089243437411
26,13,14.02664524204485
26,14,16.043137205567135
26,15,19.65074191530441
26,16,18.975833214835948
26,17,15.754762672774433
26,18,13.222980457540707
26,19,9.509487391795325
26,20,8.121695159932969
26,21,4.804611266987245
26,22,4.728746327984409
26,23,5.707715889646903
26,24,6.046794996143146
26,25,3.836825246507499
26,27,3.8399267859768904
26,28,6.1249484101169624
26,29,9.22215373987966
26,30,11.423832684866552
26,31,14.84192414793896
26,32,17.712062950630678
26,33,19.90241479472383
26,34,20.044646852960486
26,35,18.728863349191986
26,36,16.800549981036227
26,37,19.902149474173118
26,38,19.970244780831354
26,39,16.34803107050337
26,40,16.57065326413256
26,41,19.64287522663335
26,42,18.1635810312814
26,43,15.234085224216315
26,44,17.999104703608616
26,45,20.42848415905349
26,46,18.337671069403687
26,47,18.14603812420893
27,1,17.97848091833042
27,2,15.82662170934808
27,3,14.069075389304624
27,4,14.293269963111712
27,5,13.37270894576435
27,6,14.331481656249013
27,7,15.236918903786568
27,8,12.094219723163036
27,9,9.793901172170147
27,10,9.08247058510567
27,11,9.40501119545323
27,12,9.583059217413709
27,13,11.578061816099524
27,14,13.517524567730465
27,15,16.844077575066724
27,16,15.688526658301567
27,17,12.348969188663416
27,18,10.085383244808186
27,19,6.344909113557016
27,20,5.769161944696393
27,21,4.234280279967207
27,22,6.270076936220207
27,23,8.776861418137573
27,24,9.323094168394544
27,25,6.597323254582999
27,26,3.8399267859768904
27,28,3.848568561971711
27,29,5.828709481155731
27,30,7.64602077530219
27,31,11.18707175663045
27,32,14.015566823152927
27,33,16.446062985114956
27,34,17.001590850027743
27,35,15.787930196865231
27,36,14.418759046656609
27,37,17.752897240440035
27,38,17.481834068075877
27,39,14.005583706332972
27,40,15.005880266484516
27,41,18.08467958734042
27,42,16.46206848107716
27,43,14.139650329395202
27,44,17.35128801661575
27,45,19.56629887420253
27,46,17.667335181044077
27,47,18.25857455087101
28,1,19.00078325074084
28,2,17.519284463490596
28,3,15.880681019346957
28,4,15.502700114943522
28,5,14.627743605084865
28,6,14.741349436189623
28,7,15.471959708449159
28,8,12.039872768245326
28,9,9.792126664343114
28,10,10.202191961438409
28,11,10.413937111184042
28,12,11.660286478653084
28,13,13.499305355973414
28,14,15.822373787244954
28,15,18.768900388183678
28,16,17.098005248569425
28,17,13.46576161287344
28,18,11.102628030495735
28,19,7.545215107555228
28,20,5.758977846776609
28,21,5.663824858759472
28,22,6.428161488495995
28,23,9.762362256603131
28,24,9.538734274778191
28,25,6.945217017403231
28,26,6.1249484101169624
28,27,3.848568561971711
28,29,3.8372793355038572
28,30,7.264936757650196
28,31,10.6362349505355
28,32,14.025508234601876
28,33,16.719567932225647
28,34,17.47971750172306
28,35,15.591458262542158
28,36,14.646344052567796
28,37,17.586362523760826
28,38,16.55091530466135
28,39,12.94745949665193
28,40,14.295193642368496
28,41,16.78685758735984
28,42,14.479650916352728
28,43,12.361013385364123
28,44,15.899269258428589
28,45,17.487861258762923
28,46,15.160103036660256
28,47,16.156500613875632
29,1,17.177952382794434
29,2,15.961855474588537
29,3,15.112465798792964
29,4,15.16470362624484
29,5,15.236011646313662
29,6,15.736434053748912
29,7,17.245743163726914
29,8,14.232189713997213
29,9,11.241140301262993
29,10,10.910778449619901
29,11,9.732873619621317
29,12,10.745167765299126
29,13,11.649877657332677
29,14,13.877648385521423
29,15,16.2926944008499
29,16,14.188687520822416
29,17,10.507401047102913
29,18,8.515505708510842
29,19,5.743427209570894
29,20,5.16184981674931
29,21,7.298098693628933
29,22,9.296760397334351
29,23,12.870121971296488
29,24,13.221144170807756
29,25,10.721077188270487
29,26,9.22215373987966
29,27,5.828709481155731
29,28,3.8372793355038572
29,30,3.81109635671437
29,31,6.944621140510112
29,32,10.410593085048196
29,33,13.254408198029722
29,34,14.394159116493752
29,35,12.558182075686739
29,36,12.352116678235445
29,37,15.357045725089355
29,38,13.950612655748175
29,39,10.702610331393462
29,40,12.926552856162603
29,41,15.306907406025761
29,42,13.030204215612667
29,43,11.832025616348808
29,44,15.571820349604462
29,45,16.93844142709078
29,46,15.103191464391976
29,47,16.862848218820794
30,1,15.405149306645667
30,2,14.033631990287414
30,3,14.046944466562163
30,4,14.920138903069242
30,5,15.827688754532645
30,6,17.0627531869948
30,7,19.191349325755933
30,8,16.619699292246537
30,9,13.21237636571307
30,10,11.851893243360404
30,11,9.551777728042662
30,12,9.529912306616255
30,13,9.215869808191691
30,14,10.919934226892282
30,15,12.869604247359456
30,16,10.470566284059094
30,17,6.87446468037988
30,18,5.730319979371495
30,19,4.417593312203124
30,20,6.2821054084089845
30,21,9.062368082098311
30,22,12.000712882733987
30,23,15.377731099002817
30,24,16.26589322938531
30,25,13.696850128312196
30,26,11.423832684866552
30,27,7.64602077530219
30,28,7.264936757650196
30,29,3.81109635671437
30,31,3.8206081115362016
30,32,6.798716912820421
30,33,9.797870521187793
30,34,11.398686027243365
30,35,10.289387863863045
30,36,10.722050371582275
30,37,14.037758143543897
30,38,12.841362833363725
30,39,10.26547113703461
30,40,13.002633363863596
30,41,15.574971134036346
30,42,13.887029362320327
30,43,13.361889677762337
30,44,16.90861065360775
30,45,18.431609529287027
30,46,17.25816880200893
30,47,19.271297242880106
31,1,13.7152982804281
31,2,13.019057828407286
31,3,13.896173282535953
31,4,14.92907135626855
31,5,16.64197496646072
31,6,17.971768398121185
31,7,20.60243816603563
31,8,18.51136544121317
31,9,14.853972854721013
31,10,13.256788681037024
31,11,10.154721242756654
31,12,10.187372703028387
31,13,8.886082106196572
31,14,10.549584928492239
31,15,11.513806489600206
31,16,8.891122161084963
31,17,5.543423571664882
31,18,5.111087975885956
31,19,6.268822388265661
31,20,8.248743192569844
31,21,11.719529064378312
31,22,14.758526789920731
31,23,18.20308326621934
31,24,19.46493486588502
31,25,17.20531602302837
31,26,14.84192414793896
31,27,11.18707175663045
31,28,10.6362349505355
31,29,6.944621140510112
31,30,3.8206081115362016
31,32,3.7943260144259447
31,33,6.494143125664493
31,34,8.374882129961222
31,35,7.256873968900781
31,36,8.828171943784824
31,37,11.779604261955177
31,38,10.254004059307514
31,39,8.631819398160374
31,40,11.964189642300926
31,41,14.133725865874933
31,42,12.827172120645523
31,43,13.287856489791311
31,44,16.555339315393528
31,45,17.820406645999213
31,46,17.30558111277594
31,47,19.761940216475402
32,1,13.96961008329532
32,2,13.193909165953862
32,3,14.993485513294068
32,4,16.723987683311943
32,5,18.944228532334208
32,6,20.74300662375586
32,7,23.636284818657447
32,8,21.791753549040305
32,9,18.063285303025857
32,10,15.975149787798156
32,11,12.529074228552338
32,12,11.645648745243461
32,13,9.141199065908362
32,14,9.581097912912936
32,15,9.307347856510582
32,16,6.099404338458931
32,17,4.173105771327426
32,18,6.220445090655745
32,19,8.743550643291762
32,20,11.51780801168728
32,21,14.767146841291847
32,22,18.088149862417644
32,23,21.342352413336485
32,24,22.75766240436626
32,25,20.359860283811358
32,26,17.712062950630678
32,27,14.015566823152927
32,28,14.025508234601876
32,29,10.410593085048196
32,30,6.798716912820421
32,31,3.7943260144259447
32,33,3.7701706965611472
32,34,7.022140570907033
32,35,7.573213503861595
32,36,9.970682681998102
32,37,12.747417295320446
32,38,11.601599264094329
32,39,11.06230072845458
32,40,14.356875585740099
32,41,16.44090747718808
32,42,15.671651811092628
32,43,16.52490600951277
32,44,19.493999218488856
32,45,20.78086652841844
32,46,20.660362086101394
32,47,23.185427180543943
33,1,11.625021134712423
33,2,11.372051276908367
33,3,13.93082272088992
33,4,15.902477400570703
33,5,18.722208245024685
33,6,20.772148474504775
33,7,24.037733972674136
33,8,22.750478312035572
33,9,18.956474794460053
33,10,16.530400839799864
33,11,12.770227632290664
33,12,11.741457221049075
33,13,8.727604636510232
33,14,9.059832484631826
33,15,7.805214922763505
33,16,5.666506675804438
33,17,5.12432110303371
33,18,6.957765584211774
33,19,10.443431089437539
33,20,13.120861955926895
33,21,16.421886587867416
33,22,19.854410885475218
33,23,22.936154732685033
33,24,24.8443425673562
33,25,22.81327452338344
33,26,19.90241479472383
33,27,16.446062985114956
33,28,16.719567932225647
33,29,13.254408198029722
33,30,9.797870521187793
33,31,6.494143125664493
33,32,3.7701706965611472
33,34,3.8389342572856098
33,35,5.774836053626898
33,36,8.590537613091985
33,37,10.811795203396356
33,38,10.297966481298326
33,39,10.834317976007792
33,40,13.774236228921447
33,41,15.711915724630511
33,42,15.780838836419774
33,43,16.99262188704245
33,44,19.389702798961697
33,45,20.81291050105964
33,46,21.361121794228623
33,47,23.825332666786256
34,1,7.972133390192543
34,2,8.36784072636536
34,3,11.247240368027906
34,4,13.160228185707096
34,5,16.385276830945205
34,6,18.55919503932108
34,7,22.078972724470233
34,8,21.35300692582372
34,9,17.615714764467782
34,10,14.992309677486066
34,11,11.17302330952638
34,12,10.361848013786412
34,13,7.617429697183989
34,14,8.745220098952926
34,15,7.832311296798003
34,16,7.554870521768523
34,17,6.8000144622125545
34,18,7.008714406563318
34,19,10.66347234132845
34,20,12.855236807820905
34,21,16.034070082137944
34,22,19.40278666337338
34,23,22.233676070082225
34,24,24.631357810916185
34,25,23.114391501346155
34,26,20.044646852960486
34,27,17.001590850027743
34,28,17.47971750172306
34,29,14.394159116493752
34,30,11.398686027243365
34,31,8.374882129961222
34,32,7.022140570907033
34,33,3.8389342572856098
34,35,3.786233359383325
34,36,5.894861765298819
34,37,7.68005632257096
34,38,8.284770548305143
34,39,9.353430168141294
34,40,11.51748485317234
34,41,13.54003631985694
34,42,14.459621229651232
34,43,15.615167806521683
34,44,17.40161265647346
34,45,19.159279960983085
34,46,20.238166502671035
34,47,22.39619813407074
35,1,8.037393659433151
35,2,9.176552236162472
35,3,11.023044473234291
35,4,11.880592801141448
35,5,14.831168803776396
35,6,16.33883190616066
35,7,19.75411733131616
35,8,18.94910417884516
35,9,15.242707307466738
35,10,13.222985799340126
35,11,9.558829025248052
35,12,10.081305581672858
35,13,8.548595200339747
35,14,10.893006501374208
35,15,11.014406367821607
35,16,10.278809945550183
35,17,8.185667399125718
35,18,6.878713560250697
35,19,9.71774758381935
35,20,10.876917088501843
35,21,14.388172733266684
35,22,17.3583068337053
35,23,20.417743671662883
35,24,22.694867638597785
35,25,21.42297949822883
35,26,18.728863349191986
35,27,15.787930196865231
35,28,15.591458262542158
35,29,12.558182075686739
35,30,10.289387863863045
35,31,7.256873968900781
35,32,7.573213503861595
35,33,5.774836053626898
35,34,3.786233359383325
35,36,3.7698031823317537
35,37,5.279754158371564
35,38,4.7685878586038335
35,39,5.723490569104084
35,40,8.313292473070776
35,41,10.054659627030043
35,42,10.708449942292702
35,43,12.115077869866846
35,44,13.98583883121039
35,45,15.495703934423608
35,46,16.556142995625844
35,47,18.886194626831116
36,1,5.507175939196185
36,2,6.559384131374509
36,3,7.5897199386634275
36,4,8.115668458844164
36,5,11.15961489672503
36,6,12.869418131289322
36,7,16.41965805213636
36,8,15.966010115314571
36,9,12.347216578760163
36,10,10.06055724170557
36,11,6.516233681125116
36,12,7.497941076941892
36,13,7.105815062240567
36,14,10.29249079569577
36,15,11.442717854428778
36,16,11.619303878100252
36,17,9.161287804986427
36,18,6.520396475039979
36,19,8.63819734566809
36,20,9.189199596466487
36,21,12.197443512650887
36,22,15.063835683158485
36,23,17.753620997053787
36,24,20.44222270339851
36,25,19.630697348091118
36,26,16.800549981036227
36,27,14.418759046656609
36,28,14.646344052567796
36,29,12.352116678235445
36,30,10.722050371582275
36,31,8.828171943784824
36,32,9.970682681998102
36,33,8.590537613091985
36,34,5.894861765298819
36,35,3.7698031823317537
36,37,3.803431587472839
36,38,5.37246723047473
36,39,4.940955694127512
36,40,5.907752641689923
36,41,8.690586133698465
36,42,9.956518754582854
36,43,10.375915192191561
36,44,11.86862369932138
36,45,14.1629293631973
36,46,15.292719349126486
36,47,16.9669794888498
37,1,5.688384944436092
37,2,8.534138826557033
37,3,9.603144444380852
37,4,9.263958507870447
37,5,12.46138200760584
