1,2,3.824824872520714
1,3,5.747663898972477
1,4,8.189803988903034
1,5,10.564756370567746
1,6,13.500554781804505
1,7,14.863647355946622
1,8,17.894851896860178
1,9,18.806067842193766
1,10,22.326606133930436
1,11,23.053333831763943
1,12,25.18671091513753
1,13,23.894066625213696
1,14,25.104324393082905
1,15,23.81581106032138
1,16,20.191455908151223
1,17,19.883842362331734
1,18,22.66237816613421
1,19,22.25555629400933
1,20,19.23104840815416
1,21,20.102494004783743
1,22,19.168788743810897
1,23,20.20680716211991
1,24,23.65012390103661
1,25,24.430736590808223
1,26,24.907426421108568
1,27,23.49280199562394
1,28,20.25933858538645
1,29,20.38038018709923
1,30,20.71268710405759
1,31,18.66704524700874
1,32,15.496198564806358
1,33,16.176135885954576
1,34,16.885975911988375
1,35,13.670887982730974
1,36,12.007619235858822
1,37,14.512368979124375
1,38,14.430448283458889
1,39,10.862745836869692
1,40,11.81118556592416
1,41,15.285570451586036
1,42,14.170113166150426
1,43,11.991943953014138
1,44,15.303945646549042
1,45,17.321056007461916
1,46,16.578599949978365
1,47,16.153272136815925
1,48,19.536410460808668
1,49,21.06121167588606
1,50,19.84334483907647
1,51,21.693250849671436
1,52,24.72383377568063
1,53,25.226896374728575
1,54,25.04243445842763
1,55,21.71419560533512
1,56,19.523155384498633
1,57,17.326807669817843
1,58,18.633651265337985
1,59,17.316036105522116
1,60,20.99408492659146
1,61,23.37971208511425
1,62,26.9833486770856
1,63,28.90912570431341
1,64,32.59055306063301
1,65,33.185918059708975
1,66,35.332830315237
1,67,34.509595021107884
1,68,36.70193414978225
1,69,37.95449921340204
1,70,38.2925221732568
1,71,34.508914811019174
1,72,34.60564263637274
1,73,37.61153904639501
1,74,35.89186992911905
1,75,35.83374497802892
1,76,33.04705442813619
1,77,33.941492461664794
1,78,33.73871356115963
1,79,30.292866890372377
1,80,28.156384868836813
1,81,30.022983429635907
1,82,30.68330633315238
1,83,28.234048399445996
1,84,24.571415313893688
1,85,22.103388790268507
1,86,22.178684488314897
1,87,25.9740302613582
1,88,26.53681463942375
1,89,24.551161066311955
1,90,26.941061881304964
1,91,29.993642690705112
1,92,29.283970094737317
1,93,27.701720404385913
1,94,30.901471275016892
1,95,31.192411063888528
1,96,27.523541716280505
1,97,28.526752659258086
1,98,31.651619739388877
1,99,29.705247035978733
1,100,27.333203448908833
1,101,30.38182732667577
1,102,32.016190498692474
1,103,29.070905012308252
1,104,29.210367055200347
1,105,32.91265287817308
1,106,32.6818934215134
1,107,30.3564589945476
1,108,32.40959340298815
1,109,35.60281610578378
1,110,34.02986202430606
1,111,33.26863892083972
1,112,37.00149232198009
1,113,38.244327130355806
1,114,36.69409081600686
1,115,38.10883860825347
1,116,41.55653552865488
1,117,40.89716524278399
1,118,39.98017814802097
1,119,43.01348562120628
1,120,45.32183000703011
2,1,3.824824872520714
2,3,3.7852415191863393
2,4,5.334843757553939
2,5,7.004284190235541
2,6,10.204609448705718
2,7,11.233009621531863
2,8,14.218817925682945
2,9,15.453643618268519
2,10,18.89208001922866
2,11,19.404887235552547
2,12,21.59460545144715
2,13,20.477925726215677
2,14,21.595737009352327
2,15,20.113466405770307
2,16,16.542863022658263
2,17,16.519320769744937
2,18,19.308350596957006
2,19,18.740127703807072
2,20,15.598845853232499
2,21,16.444238542293984
2,22,22.86463114614745
2,23,23.727426610051747
2,24,27.050433377374205
2,25,27.71570120432721
2,26,27.903955890349597
2,27,26.148250589643133
2,28,23.015523291594835
2,29,23.52411229990533
2,30,23.693341489948708
2,31,21.285233368736247
2,32,18.419444528420588
2,33,19.324424086385537
2,34,19.558587891179403
2,35,16.114419848642637
2,36,15.00024487632498
2,37,17.225862737051653
2,38,16.451266847580747
2,39,12.79566556313632
2,40,13.942305215645447
2,41,17.023796894411447
2,42,15.099074016529558
2,43,12.887221425634701
2,44,16.412119014249885
2,45,17.887159990837805
2,46,16.457639519529586
2,47,16.34513707294342
2,48,19.98239396302011
2,49,20.863994917587934
2,50,19.31716769504863
2,51,21.654978192158925
2,52,24.557626863865796
2,53,24.494148907335898
2,54,24.373519105276703
2,55,20.798656634043326
2,56,19.151390458475426
2,57,16.703760850328745
2,58,17.252355519899357
2,59,15.302517144246371
2,60,18.74860393930277
2,61,21.553070195880156
2,62,25.005155105095184
2,63,27.206701699546016
2,64,30.96154302409774
2,65,31.45487771979039
2,66,33.286447320704106
2,67,32.26846850568161
2,68,34.57122750072268
2,69,35.55309234050163
2,70,36.068088379591245
2,71,32.302054167212255
2,72,32.05881722865187
2,73,34.89215465490507
2,74,32.930204357778464
2,75,32.70511931907355
2,76,29.856326679725196
2,77,30.532299386582928
2,78,30.39239179572525
2,79,27.053718440567113
2,80,24.769345314029778
2,81,26.453321007748713
2,82,27.191177490045927
2,83,24.92512314422121
2,84,21.288777932066427
2,85,19.076525576633106
2,86,19.393391597579598
2,87,23.199516805911635
2,88,23.769678536690876
2,89,22.17697243662472
2,90,24.704856464775396
2,91,27.590749162668892
2,92,27.08451817949183
2,93,25.875975323343898
2,94,29.291135959850596
2,95,29.581793369076856
2,96,26.034502246880145
2,97,27.497700175822118
2,98,30.470025613011845
2,99,28.300887284433134
2,100,26.33247577543082
2,101,29.646712186662338
2,102,30.950208242244457
2,103,27.972641462969076
2,104,28.603604834880382
2,105,32.267718550092425
2,106,31.714027688682616
2,107,29.656871832218616
2,108,32.07513060861555
2,109,35.04454913902785
2,110,33.318558419233774
2,111,32.970254070928185
2,112,36.75976704336254
2,113,37.668047666985856
2,114,36.22384445659687
2,115,37.98269903884909
2,116,41.25922026461766
2,117,40.40940994600974
2,118,39.77520623359589
2,119,42.96552894952339
2,120,45.077280024036284
3,1,5.747663898972477
3,2,3.7852415191863393
3,4,3.8019463511347804
3,5,5.801370996868372
3,6,8.502448173772297
3,7,10.747862949652816
3,8,13.200787210873697
3,9,13.676428406985575
3,10,17.378536946605973
3,11,18.11470434834483
3,12,19.98157631741235
3,13,18.508268748829572
3,14,20.077064014171608
3,15,19.127971732811226
3,16,15.358254507862158
3,17,15.006049599119034
3,18,18.19818044485966
3,19,18.357326597219547
3,20,15.634818702909367
3,21,17.191321229567354
3,22,23.732209998437227
3,23,24.17666550879175
3,24,27.372545269224855
3,25,27.50662803185724
3,26,27.655315909926582
3,27,25.647580071868344
3,28,22.8831666647412
3,29,23.38411272656208
3,30,22.95156602092749
3,31,20.424488262728946
3,32,18.003240647756567
3,33,18.600984504470183
3,34,18.122904343847583
3,35,14.74277549790529
3,36,13.986751979910075
3,37,15.584993260061903
3,38,14.185784923373511
3,39,10.576803585254734
3,40,11.859396402619035
3,41,14.415915794035598
3,42,11.966753410977558
3,43,10.057615291248748
3,44,13.738045534714079
3,45,14.668637874908303
3,46,13.200354670277667
3,47,13.68189446229891
3,48,17.223619097880135
3,49,17.779758913242095
3,50,16.582265677055467
3,51,19.221731991405907
3,52,21.79377072938324
3,53,21.770776959183156
3,54,22.117229346377624
3,55,18.621637963457026
3,56,17.314464991901254
3,57,15.429420043276174
3,58,15.71892704498714
3,59,13.56959242154094
3,60,16.921479439454828
3,61,19.518125495585277
3,62,22.85903762107982
3,63,24.72671028599713
3,64,28.40009787970054
3,65,28.59996100262003
3,66,30.46050146203022
3,67,29.324439715905374
3,68,31.418890783054806
3,69,32.47321397517142
3,70,32.778149178711764
3,71,28.987266716500134
3,72,28.9549009851118
3,73,31.963284266249907
3,74,30.23957070846774
3,75,30.324809435920415
3,76,27.694721491760404
3,77,28.633974794105594
3,78,28.224868270388278
3,79,24.735889025211442
3,80,22.820007008626657
3,81,24.813299480686336
3,82,25.284053926334344
3,83,22.665058042309617
3,84,19.01824996207732
3,85,16.40126293364492
3,86,16.54692184628421
3,87,20.32171839992906
3,88,20.79028414699211
3,89,18.866343739296617
3,90,21.357211270580894
3,91,24.317157426228786
3,92,23.67693339316437
3,93,22.278220896273286
3,94,25.62540504802412
3,95,25.963981395570976
3,96,22.399310551993604
3,97,23.823597714869294
3,98,26.88224738382211
3,99,24.87242229695832
3,100,22.890749152516733
3,101,26.230447638457175
3,102,27.67402033138025
3,103,24.879192216459085
3,104,25.533207093381797
3,105,29.250533665350126
3,106,28.89499027491534
3,107,27.047102670412826
3,108,29.42329865343746
3,109,32.44073292204384
3,110,30.98231571912769
3,111,30.771203278323473
3,112,34.518130429114024
3,113,35.5220502433306
3,114,34.3919826635784
3,115,36.11362801197535
3,116,39.33360205261337
3,117,38.72449740203452
3,118,38.324456082464515
3,119,41.403852477232086
3,120,43.64839649067324
4,1,8.189803988903034
4,2,5.334843757553939
4,3,3.8019463511347804
4,5,3.805314089322205
4,6,5.443581482408497
4,7,7.539078001403648
4,8,10.398200718560883
4,9,10.72290586188124
4,10,14.260897566652163
4,11,15.395296142050302
4,12,17.744312346457185
4,13,16.894057786086364
4,14,18.739740046556207
4,15,17.36361978432133
4,16,13.70560373663567
4,17,14.263950814507602
4,18,17.637893958320774
4,19,17.53848131137735
4,20,14.556344003479959
4,21,15.707469842274223
4,22,25.753233641796303
4,23,25.890276818268433
4,24,28.843309417721883
4,25,28.991756209974504
4,26,28.65546690379598
4,27,26.29216613091935
4,28,23.588065570805586
4,29,24.6683454120607
4,30,24.331352875507672
4,31,21.380694939941318
4,32,19.26572429699606
4,33,20.470114671307897
4,34,19.808857324545084
4,35,16.182215262075044
4,36,16.200022771019785
4,37,18.033494269622803
4,38,16.14181977353678
4,39,12.91511024304277
4,40,14.894359237697238
4,41,17.088063469616372
4,42,14.326581554027666
4,43,13.100961135344546
4,44,16.8398366604454
4,45,17.161255786305013
4,46,15.631994873042173
4,47,16.693820536339523
4,48,20.146741086688646
4,49,20.19129026144327
4,50,19.09481139801619
4,51,22.09043968559394
4,52,24.36425962712247
4,53,24.003604274937796
4,54,24.609070111777342
4,55,21.04102516432066
4,56,20.23771537660012
4,57,18.332373035047517
4,58,18.000269514764966
4,59,15.253396475429625
4,60,18.140978238163676
4,61,21.099381918968046
4,62,24.138597544538154
4,63,26.133107520258978
4,64,29.783211559115223
4,65,29.661747562340242
4,66,31.107583455954916
4,67,29.560049584787084
4,68,31.53981314887069
4,69,32.15776977285547
4,70,32.40118349900087
4,71,28.625395030438185
4,72,28.19756573162366
4,73,31.09648033484059
4,74,29.097096186958158
4,75,29.219168601518387
4,76,26.718609758874603
4,77,27.21526610160095
4,78,26.55927005882236
4,79,23.28771578869023
4,80,21.428568773082365
4,81,22.961738410812167
4,82,23.12708247305753
4,83,20.588198735688113
4,84,16.83116822510344
4,85,14.72871481890905
4,86,14.485953400789496
4,87,18.304784040116033
4,88,19.322677551641043
4,89,17.802118521353492
4,90,19.997519305341548
4,91,23.022741688729926
4,92,22.967052164535414
4,93,21.74011468578349
4,94,25.292643321725613
4,95,26.027549085304877
4,96,22.71829716031909
4,97,24.622960137199122
4,98,27.677654060981435
4,99,25.744527372673435
4,100,24.21574622893148
4,101,27.750324345079676
4,102,29.06509450157427
4,103,26.475299939781802
4,104,27.53628334431678
4,105,31.214318985062405
4,106,30.754799853488834
4,107,29.271682910408725
4,108,31.842172395616583
4,109,34.70257607495493
4,110,33.2758512840967
4,111,33.405021342156616
4,112,37.1353723557157
4,113,37.94198736607142
4,114,36.989827909739326
4,115,38.910053317673395
4,116,41.984597218125835
4,117,41.31078157818626
4,118,41.144992829130466
4,119,44.28379198176245
4,120,46.41647983496383
5,1,10.564756370567746
5,2,7.004284190235541
5,3,5.801370996868372
5,4,3.805314089322205
5,6,3.837547118282286
5,7,5.327198993280941
5,8,7.496076466407407
5,9,8.706058845043534
5,10,12.199334683107498
5,11,12.539814932586566
5,12,14.65196587635441
5,13,13.7105973016614
5,14,15.18862202094381
5,15,13.734092700055577
5,16,10.065334994626781
5,17,10.663140213750605
5,18,13.92789712531854
5,19,13.745201820459094
5,20,10.839801619049043
5,21,12.30773073741662
5,22,29.083920774059884
5,23,29.429774436944587
5,24,32.48294214174738
5,25,32.64623883026322
5,26,32.41068761707605
5,27,30.068027499078728
5,28,27.37617581069914
5,29,28.367468944623564
5,30,27.964477124131065
5,31,25.08034793145588
5,32,22.95186892979584
5,33,23.948334226241865
5,34,23.20396538954026
5,35,19.68484150927465
5,36,19.48389246252094
5,37,21.00740537621549
5,38,19.092960804328822
5,39,15.76689955775533
5,40,17.20201193429267
5,41,19.232093866645812
5,42,16.159325144836085
5,43,14.527892739641326
5,44,18.000581385209024
5,45,18.164986614762128
5,46,15.903533640685156
5,47,16.791371601926745
5,48,20.357041585590384
5,49,19.926663721833833
5,50,18.311175965427136
5,51,21.500180780221058
5,52,23.733180645819704
5,53,22.79467441824428
5,54,23.22142016729537
5,55,19.528995574118813
5,56,19.187755239769235
5,57,17.04360292117844
5,58,16.046368571164944
5,59,12.89176675870261
5,60,15.39958990373544
5,61,18.684405369579604
5,62,21.5466595553343
5,63,23.868114982797437
5,64,27.557431757796344
5,65,27.537369692841665
5,66,28.73345654953414
5,67,27.195266815874902
5,68,29.437676847148392
5,69,29.904144559603242
5,70,30.514782989631588
5,71,26.811511268149086
5,72,26.063639003498285
5,73,28.696966672409523
5,74,26.463031530444002
5,75,26.233846994645443
5,76,23.520844564842648
5,77,23.92469760622687
5,78,23.578953643214046
5,79,20.356917712585894
5,80,18.157432724343696
5,81,19.667251240639583
5,82,20.21710150556628
5,83,17.984865684071284
5,84,14.361129996632998
5,85,12.463172224573675
5,86,13.071778393939224
5,87,16.800253578023614
5,88,17.406490242236618
5,89,16.440045160382244
5,90,19.061744362937368
5,91,21.64438960498365
5,92,21.54232737602361
5,93,20.923634441895576
5,94,24.600424012236363
5,95,25.013135426389315
5,96,21.833158631404487
5,97,24.084592627765186
5,98,26.780835488618212
5,99,24.467146533344305
5,100,23.324919270439164
5,101,26.99690572022862
5,102,27.831290437398142
5,103,25.10099787435858
5,104,26.58143139243788
5,105,30.105944272138732
5,106,29.22074472308028
5,107,27.891865777394496
5,108,30.781085913840847
5,109,33.35206102600008
5,110,31.674973817349148
5,111,32.12516863240946
5,112,35.86591592641773
5,113,36.3119510400064
5,114,35.353715537739134
5,115,37.5747422819115
5,116,40.47234335361507
5,117,39.55458850603294
5,118,39.57708525607794
5,119,42.85330402716471
5,120,44.748014948075976
6,1,13.500554781804505
6,2,10.204609448705718
6,3,8.502448173772297
6,4,5.443581482408497
6,5,3.837547118282286
6,7,3.833415893255814
6,8,5.438773940410666
6,9,5.3074549569807665
6,10,8.902592173884397
6,11,10.082967792912445
6,12,12.523755494590601
6,13,12.12346362273108
6,14,14.337766177083498
6,15,12.89819354839588
6,16,9.45401509169665
6,17,10.890302988428907
6,18,14.421878519412084
6,19,14.543561857794117
6,20,11.949420728988068
6,21,13.317609606176672
6,22,31.052932750452356
6,23,30.973754456561252
6,24,33.753115447878955
6,25,33.66694917848465
6,26,33.05921011447731
6,27,30.3746532274978
6,28,27.965946667384454
6,29,29.34303055950782
6,30,28.734519252600244
6,31,25.56055107804968
6,32,23.91207078680262
6,33,25.16656908482851
6,34,24.00283444139798
6,35,20.465791784205322
6,36,20.94543422480376
6,37,22.342736471409474
6,38,19.891488955457316
6,39,17.021784645991858
6,40,18.95443919510494
6,41,20.457216407761926
6,42,17.110152111952072
6,43,16.24867836118655
6,44,19.700568360889807
6,45,19.169388024335664
6,46,17.074351152528244
6,47,18.687482809433682
6,48,21.965199849432626
6,49,21.055949762614855
6,50,19.879307435530045
6,51,23.34958656340415
6,52,25.101957503225897
6,53,24.037183583515745
6,54,24.967352401721794
6,55,21.418398018305123
6,56,21.570658324354994
6,57,19.84167892875805
6,58,18.4499306181936
6,59,15.015377189190662
6,60,16.92500477914681
6,61,20.15646524821789
6,62,22.584486883680796
6,63,24.67633295357712
6,64,28.189259830157244
6,65,27.666694190799735
6,66,28.498248973612657
6,67,26.501455121753487
6,68,28.414174703723877
6,69,28.501106186700586
6,70,28.85207210511605
6,71,25.185821597740222
6,72,24.213584654543254
6,73,26.85695096360398
6,74,24.549776704399083
6,75,24.63619425233762
6,76,22.29534453416678
6,77,22.41648991719048
6,78,21.549566670907158
6,79,18.493652945844243
6,80,16.744438775580534
6,81,17.932901783922468
6,82,17.844889936514896
6,83,15.400150038237989
6,84,11.641470210937417
6,85,10.123791254278812
6,86,10.010537777304926
6,87,13.724711415935193
6,88,14.94604618926886
6,89,14.212057913149712
6,90,16.3767246318721
6,91,19.067451020850317
6,92,19.529463799609225
6,93,18.936510537304617
6,94,22.694626211111437
6,95,23.567403531786564
6,96,20.703485050104586
6,97,23.30593864557943
6,98,26.029101954147638
6,99,23.994646269352014
6,100,23.25688862605669
6,101,27.00689158556034
6,102,27.860011434565084
6,103,25.518567527324013
6,104,27.271261765016213
6,105,30.741255405119457
6,106,29.97125643332685
6,107,29.086176496760825
6,108,32.00082797532283
6,109,34.47359351340873
6,110,33.05250745059133
6,111,33.798629502847305
6,112,37.44395486905181
6,113,37.84056076953654
6,114,37.22438422785306
6,115,39.501023553905355
6,116,42.24815253673789
6,117,41.469882356234315
6,118,41.7790781454943
6,119,44.982812603533674
6,120,46.889911829129666
7,1,14.863647355946622
7,2,11.233009621531863
7,3,10.747862949652816
7,4,7.539078001403648
7,5,5.327198993280941
7,6,3.833415893255814
7,8,3.7857123537172845
7,9,5.791384087593824
7,10,8.232724560636596
7,11,8.8376302856655
7,12,11.909983887253405
7,13,12.388268985488782
7,14,13.947301022701188
7,15,11.578346026789147
7,16,8.685191150315926
7,17,11.103296965161027
7,18,14.042969854296205
7,19,13.226024782032272
7,20,10.17321973281869
7,21,10.575774485734101
7,22,32.812839587157924
7,23,32.93760689046034
7,24,35.74923208640383
7,25,35.99438648360671
7,26,35.289609665326786
7,27,32.65409732923954
7,28,30.033451907931955
7,29,31.56606269537018
7,30,31.325165606790023
7,31,28.10980864502801
7,32,26.25606618116134
7,33,27.78669688469563
7,34,26.964121440580445
7,35,23.30089746048838
7,36,23.665036291577785
7,37,25.414502008713548
7,38,23.19480666526895
7,39,20.180903900388987
7,40,22.077670716520544
7,41,23.895819094467114
7,42,20.674788733820005
7,43,19.512103519162302
7,44,22.993332273204896
7,45,22.7324863968411
7,46,20.46439589956008
7,47,21.721990615113572
7,48,25.157327755027943
7,49,24.283301013003424
7,50,22.732488593123044
7,51,26.13470237525516
7,52,28.06480131875455
7,53,26.73384295302587
7,54,27.33042695904973
7,55,23.671419603411017
7,56,23.827744404092723
7,57,21.65925445557952
7,58,20.102532383176715
7,59,16.59169763387828
7,60,18.277839680467988
7,61,21.823154824454363
7,62,24.145199361265092
7,63,26.62989555964506
7,64,30.17507472241328
7,65,29.828416247892616
7,66,30.393110424755868
7,67,28.38671309375179
7,68,30.505364245289794
7,69,30.304029240781816
7,70,30.956889880403892
7,71,27.424658186495506
7,72,26.009715752068136
7,73,28.268753233930912
7,74,25.564448433450536
7,75,25.208878747770086
7,76,22.681130442051455
7,77,22.249551582968433
7,78,21.68810709481652
7,79,19.03222608561543
7,80,16.82657129116759
7,81,17.32964109513396
7,82,17.542733871802874
7,83,15.812520267535747
7,84,12.31696413775741
7,85,11.8475682738275
7,86,12.151555686733142
7,87,15.510587241392685
7,88,16.8176151243513
7,89,16.833375551110908
7,90,18.960905200723243
7,91,21.29957898485067
7,92,22.055027533105076
7,93,21.920454337831092
7,94,25.71908729818491
7,95,26.53037771596069
7,96,23.85035536474365
7,97,26.646226834110692
7,98,29.153435873118788
7,99,26.912303079806303
7,100,26.41370950351096
7,101,30.202544184734794
7,102,30.757872697518657
7,103,28.29598229748014
7,104,30.249405875978763
7,105,33.61439664143261
7,106,32.528031524052444
7,107,31.638221493285315
7,108,34.73651841569088
7,109,37.03265943849897
7,110,35.34021804249871
7,111,36.19550622389681
7,112,39.87059610491979
7,113,40.00906004209656
7,114,39.221853132592464
7,115,41.69465345468173
7,116,44.370471899137726
7,117,43.30837239048342
7,118,43.600471789165816
7,119,46.95186318182764
7,120,48.63556141098497
8,1,17.894851896860178
8,2,14.218817925682945
8,3,13.200787210873697
8,4,10.398200718560883
8,5,7.496076466407407
8,6,5.438773940410666
8,7,3.7857123537172845
8,9,3.815150741368789
8,10,5.622704300941829
8,11,5.243704717963604
8,12,8.129933597015025
8,13,8.838624832608977
8,14,10.48965511394782
8,15,8.218690976874855
8,16,5.633601623334855
8,17,8.672233949529582
8,18,11.48919751257349
8,19,11.080405123155039
8,20,8.834027002978306
8,21,9.851823600530066
8,22,36.09297304956524
8,23,36.16917730186626
8,24,38.98033172607807
8,25,39.016859014014415
8,26,38.340730954284034
8,27,35.61358481860354
8,28,33.16891058240224
8,29,34.651737475247444
8,30,34.13946422159892
8,31,30.924942756691056
8,32,29.256510401452765
8,33,30.569533112281494
8,34,29.438909158240847
8,35,25.902669953621004
8,36,26.30755205901914
8,37,27.66675381173962
8,38,25.224849704036945
8,39,22.316308919252688
8,40,23.97733792638008
8,41,25.41277727379374
8,42,21.928021320256367
8,43,20.833529266413993
8,44,24.027133822936463
8,45,23.360853997467427
8,46,20.751982483241957
8,47,22.183130277834245
8,48,25.431769735030496
8,49,24.02429415251067
8,50,22.39792548265596
8,51,25.96091896350273
8,52,27.54736701902129
8,53,25.785210036842223
8,54,26.526015309042833
8,55,22.995066003443377
8,56,23.74804533628693
8,57,21.79999766396811
8,58,19.64469689601405
8,59,15.919999373225279
8,60,16.83697891505008
8,61,20.373999487522276
8,62,22.21351570558331
8,63,24.705333514016353
8,64,28.08714820639101
8,65,27.552463204392787
8,66,27.739920538835666
8,67,25.558340836803318
8,68,27.687341035368338
8,69,27.21571927924222
8,70,28.04611072878938
8,71,24.655472476852307
8,72,22.92082260221252
8,73,24.93381074084196
8,74,22.06189493952449
8,75,21.57882697598952
8,76,19.094785196546706
8,77,18.509623067028155
8,78,17.950999409186604
8,79,15.409836392623827
8,80,13.180959191857232
8,81,13.555378499079508
8,82,13.811559994356825
8,83,12.263960795208952
8,84,8.97403389938822
8,85,9.093994929855054
8,86,10.067302808051465
8,87,12.99196093511627
8,88,14.003666927415209
8,89,14.686681457843342
8,90,16.933212373413056
8,91,18.768441803102604
8,92,19.642408976589294
8,93,20.069926580731604
8,94,23.854613345850467
8,95,24.522737912672035
8,96,22.167066094967424
8,97,25.277264274187065
8,98,27.432711319495983
8,99,25.073215175207803
8,100,25.070047017309683
8,101,28.886689167434444
8,102,29.071996566622794
8,103,26.7560663867488
8,104,29.098467744654744
8,105,32.24896288478031
8,106,30.937453440069525
8,107,30.413519488074204
8,108,33.68586117525654
8,109,35.686547310681796
8,110,33.99528683675793
8,111,35.2261434162874
8,112,38.797232777748725
8,113,38.663799380821224
8,114,38.096196811959494
8,115,40.76754618392138
8,116,43.20279658733645
8,117,42.08762359706478
8,118,42.68784270603962
8,119,46.042414383383935
8,120,47.57251826034022
9,1,18.806067842193766
9,2,15.453643618268519
9,3,13.676428406985575
9,4,10.72290586188124
9,5,8.706058845043534
9,6,5.3074549569807665
9,7,5.791384087593824
9,8,3.815150741368789
9,10,3.809739067033698
9,11,5.624879754772398
9,12,8.186697447614234
9,13,8.798650107633845
9,14,11.60946644617101
9,15,10.281422039418953
9,16,7.848795662233301
9,17,10.303724073557245
9,18,13.535282717884325
9,19,13.987302178482556
9,20,12.258549583669348
9,21,13.621163865064814
9,22,36.07889976159085
9,23,35.77194677483218
9,24,38.36622390579649
9,25,38.06626066111859
9,26,37.20636822323701
9,27,34.26468488660001
9,28,32.144946158405865
9,29,33.77131723195403
9,30,32.9461967598673
9,31,29.61722099576639
9,32,28.37983782896574
9,33,29.69527930981014
9,34,28.15570302203631
9,35,24.741964301552816
9,36,25.605915574655846
9,37,26.705572528440197
9,38,23.877210441244518
9,39,21.387458850813157
9,40,23.339051909864573
9,41,24.292874269008813
9,42,20.682821040036465
9,43,20.232612889014767
9,44,23.364456971341692
9,45,22.16931521209673
9,46,19.873019152620042
9,47,21.90826487628941
9,48,24.853068089572208
9,49,23.208695249454873
9,50,22.149262178163806
9,51,25.856987140311713
9,52,27.042201898648955
9,53,25.45754668133242
9,54,26.730314672707667
9,55,23.393515113709164
9,56,24.33632916095556
9,57,22.905203193531886
9,58,20.779798196358357
9,59,17.06465364479636
9,60,17.88792126935753
9,61,21.080624731639244
9,62,22.734534898361588
9,63,24.73855148111708
9,64,27.94303195366764
9,65,26.93494126468592
9,66,27.067360148722763
9,67,24.563237789683495
9,68,26.241612192822355
9,69,25.67508942144814
9,70,26.03759886470222
9,71,22.602566314063235
9,72,21.01310272057884
9,73,23.31543552583851
9,74,20.699858651725528
9,75,20.865348777920513
9,76,18.911639390810073
9,77,18.49972235549881
9,78,17.19140867424582
9,79,14.557887688603893
9,80,13.226871222006023
9,81,13.789880233238161
9,82,13.075897025584473
9,83,10.720300002161542
9,84,7.0647521172131125
9,85,6.992217006181759
9,86,6.7509198751777735
9,87,9.817878355983703
9,88,11.501447444614064
9,89,11.94025925657615
9,90,13.684916547524386
9,91,15.843103773138955
9,92,17.070794832263616
9,93,17.199504531869444
9,94,20.97029372759139
9,95,22.082409272741135
9,96,19.896829145003977
9,97,23.086708214958623
9,98,25.400654140464567
9,99,23.44938858690899
9,100,23.553387949262156
9,101,27.340692982596828
9,102,27.778996824346457
9,103,25.85106821817162
9,104,28.176173907737933
9,105,31.350535274474513
9,106,30.382742253731205
9,107,30.133588426522802
9,108,33.24275265446636
9,109,35.32146137413032
9,110,34.01151403567
9,111,35.30573478883858
9,112,38.78387105040206
9,113,38.8369526572244
9,114,38.594118878728636
9,115,41.122138993262475
9,116,43.52982657640082
9,117,42.72209876752306
9,118,43.47746086783843
9,119,46.6673075857524
9,120,48.38084980815309
10,1,22.326606133930436
10,2,18.89208001922866
10,3,17.378536946605973
10,4,14.260897566652163
10,5,12.199334683107498
10,6,8.902592173884397
10,7,8.232724560636596
10,8,5.622704300941829
10,9,3.809739067033698
10,11,3.805574600433062
10,12,6.774116821919767
10,13,8.929833871500628
10,14,11.577837226772935
10,15,9.983874788892496
10,16,8.935658357757505
10,17,12.030478845313059
10,18,14.602347968582228
10,19,14.826434531046754
10,20,13.514344451215623
10,21,14.353773135141559
10,22,39.47861488777047
10,23,39.0833365296806
10,24,41.561367087632924
10,25,41.27175973518904
10,26,40.20347126760036
10,27,37.13366735863559
10,28,35.098164029378246
10,29,36.94681755838104
10,30,36.16426577947483
10,31,32.72309540982892
10,32,31.636969041137533
10,33,33.1346471111559
10,34,31.545599820430308
10,35,28.127978899998126
10,36,29.18615949433974
10,37,30.328023908730284
10,38,27.400271459052338
10,39,25.050012765453847
10,40,27.095019196128884
10,41,27.942416634216926
10,42,24.303634137903952
10,43,23.981480603760232
10,44,27.04377573717804
10,45,25.677120405391925
10,46,23.351589532923253
10,47,25.46135441850858
10,48,28.301271689125592
10,49,26.414826687712747
10,50,25.355858295816486
10,51,29.101939704529848
10,52,30.084708767077394
10,53,28.24693111221357
10,54,29.577675180298247
10,55,26.341560738618803
10,56,27.573603166588796
10,57,26.14554570992358
10,58,23.740796355962864
10,59,19.96892904679239
10,60,20.278978548834765
10,61,23.46541747197944
10,62,24.678972493951647
10,63,26.70848428569366
10,64,29.697772942309438
10,65,28.479800563885586
10,66,28.117006154816593
10,67,25.336287214889076
10,68,26.86055915791387
10,69,25.756809876553135
10,70,26.173454846167104
10,71,23.03234563831213
10,72,20.914723143481684
10,73,22.768464117634633
10,74,19.83666560648396
10,75,19.91564518406674
10,76,18.283199253304407
10,77,17.167832820356196
10,78,15.60580380210208
10,79,13.694508743777781
10,80,12.629865594523148
10,81,12.17835010252806
10,82,10.925570347592178
10,83,9.219508064649942
10,84,6.356414187874893
10,85,8.221169616185271
10,86,7.878595875796946
10,87,9.658793751758997
10,88,11.746386814614807
10,89,13.195858987327851
10,90,14.35788326896699
10,91,15.947469995280688
10,92,17.828673292567768
10,93,18.475823648926944
10,94,22.099281338784785
10,95,23.388049034082318
10,96,21.725740648179297
10,97,25.176070916666614
10,98,27.195375042958254
10,99,25.324858386411073
10,100,25.9152574768641
10,101,29.655696692375916
10,102,29.82712721152845
10,103,28.13289133110522
10,104,30.74220519552428
10,105,33.71174022264055
10,106,32.5920655094203
10,107,32.66221524151862
10,108,35.87193375747342
10,109,37.7012230694855
10,110,36.39505953891363
10,111,37.968935588021004
10,112,41.35025900834576
10,113,41.169449203164014
10,114,41.06689085951655
10,115,43.75215127573351
10,116,45.96347654746022
10,117,45.0679087755848
10,118,46.03149981177701
10,119,49.24169247858184
10,120,50.79060046326444
11,1,23.053333831763943
11,2,19.404887235552547
11,3,18.11470434834483
11,4,15.395296142050302
11,5,12.539814932586566
11,6,10.082967792912445
11,7,8.8376302856655
11,8,5.243704717963604
11,9,5.624879754772398
11,10,3.805574600433062
11,12,3.785675223066323
11,13,6.488413529759381
11,14,8.276824201780926
11,15,6.3066544185269695
11,16,6.159399587531673
11,17,9.565314335889555
11,18,11.47037369719095
11,19,11.530792825161885
11,20,10.768951467323891
11,21,11.776413653894888
11,22,41.10167610432903
11,23,41.012514815075335
11,24,43.70782347578221
11,25,43.541897681801856
11,26,42.71886973904105
11,27,39.80819237395482
11,28,37.5984337978649
11,29,39.21514263894456
11,30,38.484106275013986
11,31,35.18042786885088
11,32,33.81631242246059
11,33,35.10011232543404
11,34,33.65083816450169
11,35,30.230265614095536
11,36,30.879540587800822
11,37,31.94966275201842
11,38,29.226148984615616
11,39,26.584380181330214
11,40,28.205265510191232
11,41,29.19576066257268
11,42,25.521880811510375
11,43,24.720520439397635
11,44,27.61318891033693
11,45,26.43649603012042
11,46,23.682222436967308
11,47,25.40119569969602
11,48,28.315573306317095
11,49,26.311923442089153
11,50,24.792372736725028
11,51,28.466655563585537
11,52,29.52982688809367
11,53,27.315380447188293
11,54,28.318488438240532
11,55,25.080605273561712
11,56,26.522635100798198
11,57,24.90851207341945
11,58,22.181651604772416
11,59,18.41052023937904
11,60,18.269634988467477
11,61,21.572240070735376
11,62,22.573025770027186
11,63,24.92428034977113
11,64,27.908016842793366
11,65,26.962914405215137
11,66,26.42946079430301
11,67,23.84441226521972
11,68,25.76613150467976
11,69,24.63378704350836
11,70,25.59489903106606
11,71,22.5779972395909
11,72,20.1929985567859
11,73,21.65439151643868
11,74,18.42783052617771
11,75,17.835015835493987
11,76,15.746397070724644
11,77,14.447175721471238
11,78,13.586839565002832
11,79,11.749941364319413
11,80,9.880371860094746
11,81,9.210447903082557
11,82,8.979961771255656
11,83,8.168872470299236
11,84,5.929623934585516
11,85,8.18355778602267
11,86,9.488923787631355
11,87,10.967287773021402
11,88,11.93143986495018
11,89,13.916974043593523
11,90,15.735225704074033
11,91,16.686025820993777
11,92,18.145627623923573
11,93,19.393532981638504
11,94,22.986610896300906
11,95,23.706863322564068
11,96,22.073215787297077
11,97,25.591437232567717
11,98,27.238908949098033
11,99,24.946319978086223
11,100,25.731244230279337
11,101,29.47467706951993
11,102,29.206330300110483
11,103,27.293906820332175
11,104,30.12386355879646
11,105,32.91668485391332
11,106,31.393353057572366
11,107,31.46854901379915
11,108,34.881023454677134
11,109,36.45538148940056
11,110,34.864266285997054
11,111,36.60406498987867
11,112,39.967201644694114
11,113,39.48128129621161
11,114,39.26812354437635
11,115,42.16096587479113
11,116,44.23422025177859
11,117,43.083270793085006
11,118,44.11265129884265
11,119,47.42626036796652
11,120,48.74012342535156
12,1,25.18671091513753
12,2,21.59460545144715
12,3,19.98157631741235
12,4,17.744312346457185
12,5,14.65196587635441
12,6,12.523755494590601
12,7,11.909983887253405
12,8,8.129933597015025
12,9,8.186697447614234
12,10,6.774116821919767
12,11,3.785675223066323
12,13,3.797913246601106
12,14,5.514726654694977
12,15,5.158292846390711
12,16,6.239711323278462
12,17,8.65934592739681
12,18,9.909187130670542
12,19,10.88275747752377
12,20,11.38743071740264
12,21,13.116779037655707
12,22,43.40487262718149
12,23,43.35477703594158
12,24,46.11577765053485
12,25,45.77646965496075
12,26,45.11761684495479
12,27,42.234912195975966
12,28,40.13328608132662
12,29,41.55547030889325
12,30,40.58532668673268
12,31,37.39632462302596
12,32,36.09297488632686
12,33,37.06588890417887
12,34,35.42429098969944
12,35,32.17689740956406
12,36,32.69661035659754
12,37,33.394701533659585
12,38,30.629128010655506
12,39,28.048499626727786
12,40,29.319847616717894
12,41,30.016461259635374
12,42,26.264154723368733
12,43,25.4310676016353
12,44,27.943780292734488
12,45,26.53660970111826
12,46,23.55125946156411
12,47,25.257683714250895
12,48,27.898950161002915
12,49,25.51242081177832
12,50,23.93866485318377
12,51,27.579298260788423
12,52,28.307820392314827
12,53,25.75337542593723
12,54,26.83031990601598
12,55,23.861676768293357
12,56,25.790170966212393
12,57,24.47507311788361
12,58,21.370776122448298
12,59,17.7142980661146
12,60,16.8144002084979
12,61,19.81464011384777
12,62,20.25253166516831
12,63,22.48873726990592
12,64,25.210218259425734
12,65,24.13987948582926
12,66,23.270130430385827
12,67,20.628273143447174
12,68,22.607869490578285
12,69,21.313289073710237
12,70,22.562873639659607
12,71,19.74838692684277
12,72,17.117744163379914
12,73,18.273336932081012
12,74,14.927181377212031
12,75,14.099459801972444
12,76,11.979695099929165
12,77,10.729136156025879
12,78,9.996193765372254
12,79,8.119039896913044
12,80,6.184397336813951
12,81,5.660723038467889
12,82,5.835138527411438
12,83,5.416531947148767
12,84,4.553023345040766
12,85,7.257271420401271
12,86,9.585470154469405
12,87,10.138133122729169
12,88,10.042015781429386
12,89,12.679672529105439
12,90,14.724432885840272
12,91,14.881550710998917
12,92,16.104705295048277
12,93,17.991499120636117
12,94,21.370528310421285
12,95,21.70126370913468
12,96,20.410191780529185
12,97,24.03945176169948
12,98,25.224022353516
12,99,22.79273865176026
12,100,24.01666867697481
12,101,27.647007934040722
12,102,26.977556300538737
12,103,25.212238256874326
12,104,28.321882207135072
12,105,30.824030209720814
12,106,29.090942608618743
12,107,29.489816075159215
12,108,32.98507071298366
12,109,34.24475135760427
12,110,32.67316565834549
12,111,34.71684540084026
12,112,37.920440367721476
12,113,37.197186480865604
12,114,37.190031337573394
12,115,40.20621672164189
12,116,42.035052556837606
12,117,40.8669107545892
12,118,42.16030668403513
12,119,45.421587143075854
12,120,46.59993526090333
13,1,23.894066625213696
13,2,20.477925726215677
13,3,18.508268748829572
13,4,16.894057786086364
13,5,13.7105973016614
13,6,12.12346362273108
13,7,12.388268985488782
13,8,8.838624832608977
13,9,8.798650107633845
13,10,8.929833871500628
13,11,6.488413529759381
13,12,3.797913246601106
13,14,3.8002357205086335
13,15,5.5508174204808185
13,16,5.39419220347543
13,17,6.0721857244671735
13,18,7.7018292787965805
13,19,9.862506608866067
13,20,10.842782163771762
13,21,13.532502573667589
13,22,42.08686769505704
13,23,42.12845178741635
13,24,44.99632844159852
13,25,44.52999565986379
13,26,44.14267136842947
13,27,41.39686377565959
13,28,39.330707306748224
13,29,40.443284477450355
13,30,39.28365175454885
13,31,36.29349450376844
13,32,34.94004852016465
13,33,35.543549345740786
13,34,33.8209626205668
13,35,30.751923229681125
13,36,31.018701071056086
13,37,31.394123951863396
13,38,28.71712794705372
13,39,26.118391602158095
13,40,27.005577230025377
13,41,27.545378954272685
13,42,23.804308250647953
13,43,22.83353175694284
13,44,25.046858788039156
13,45,23.606092570426302
13,46,20.44391997598976
13,47,22.05029943470834
13,48,24.548805804394796
13,49,22.03771732581843
13,50,20.38897041794503
13,51,23.99343046232877
13,52,24.63155055338522
13,53,21.993772996659683
13,54,23.09455877638472
13,55,20.21625471437399
13,56,22.324789421989564
13,57,21.25435950505157
13,58,18.036924699987416
13,59,14.472659780587897
13,60,13.33402889374479
13,61,16.16128629890631
13,62,16.594544699638917
13,63,18.758592442029293
13,64,21.564114663958712
13,65,20.58472625810248
13,66,19.99003311431122
13,67,17.554269836530576
13,68,19.77903450925195
13,69,18.969771490953637
13,70,20.347209493033155
13,71,17.31512648324693
13,72,15.0963690278027
13,73,16.621081010054304
13,74,13.634790252104558
13,75,12.87276093015833
13,76,10.34276940153708
13,77,10.339578976596906
13,78,9.954426788361156
13,79,6.912033521821697
13,80,4.625469025801776
13,81,6.557324564907347
13,82,7.45015478248528
13,83,5.971800473578138
13,84,4.743077879837306
13,85,5.391983639932829
13,86,8.837896679557268
13,87,9.70119116397017
13,88,8.422664738369564
13,89,10.588044500405609
13,90,13.37450138842013
13,91,13.493766890789784
13,92,13.865593410603253
13,93,15.774070169762648
13,94,19.138780334581323
13,95,18.99328566099838
13,96,17.451377100978913
13,97,20.960356857041862
13,98,22.06058355608017
13,99,19.396406846757696
13,100,20.527507773211067
13,101,24.153558177524765
13,102,23.412242651456676
13,103,21.504140925250564
13,104,24.613348149082
13,105,27.11084607691819
13,106,25.343986390932237
13,107,25.693366199864656
13,108,29.19668051673192
13,109,30.470049432844544
13,110,28.90170210560418
13,111,30.93060887921765
13,112,34.13362332400344
13,113,33.46133209599871
13,114,33.48202650146001
13,115,36.457643224489765
13,116,38.310111848653314
13,117,37.22001108085171
13,118,38.518823699179656
13,119,41.736934736945415
13,120,42.99351718528984
14,1,25.104324393082905
14,2,21.595737009352327
14,3,20.077064014171608
14,4,18.739740046556207
14,5,15.18862202094381
14,6,14.337766177083498
14,7,13.947301022701188
14,8,10.48965511394782
14,9,11.60946644617101
14,10,11.577837226772935
14,11,8.276824201780926
14,12,5.514726654694977
14,13,3.8002357205086335
14,15,3.795147197213412
14,16,5.466338877399497
14,17,5.593747912760365
14,18,5.111492395620029
14,19,7.182271252950932
14,20,9.286378551218085
14,21,11.999358904505733
14,22,43.798047190552246
14,23,44.13338886188273
14,24,47.166525716135666
14,25,46.89743701467657
14,26,46.67814403007748
14,27,44.08327783004653
14,28,41.82370589163769
14,29,42.795105740693046
14,30,41.79591182101692
14,31,38.91111463846144
14,32,37.28755953843464
14,33,37.81144344822687
14,34,36.326399163349464
14,35,33.224930187199114
14,36,33.150141169148384
14,37,33.60012639776515
14,38,31.194343541690486
14,39,28.346775171475198
14,40,28.917529644610383
14,41,29.709157214901804
14,42,26.077354356834224
14,43,24.64362191349954
14,44,26.72569541633418
14,45,25.640257526932945
14,46,22.212887231697913
14,47,23.267596862161653
14,48,25.851228165647925
14,49,23.42974947588034
14,50,21.269946671172864
14,51,24.630520658525793
14,52,25.46424092110528
14,53,22.51286899090887
14,54,23.071185375737514
14,55,20.221143594718
14,56,22.39958381883653
14,57,21.019652123740475
14,58,17.57905597742255
14,59,14.22283085524295
14,60,12.5729047155668
14,61,15.501708527154001
14,62,15.691144805089516
14,63,18.356752252478927
14,64,21.133118647327812
14,65,20.660504497225656
14,66,19.91241008988579
14,67,17.919362599225853
14,68,20.62320764976483
14,69,19.8429774491036
14,70,21.83117064640768
14,71,19.103845208851887
14,72,16.732699790184633
14,73,17.640933813685095
14,74,14.466825044901746
14,75,12.701698764523703
14,76,9.456100095553632
14,77,9.221637574958091
14,78,10.261747262519952
14,79,7.8754804007280645
14,80,4.185250764575502
14,81,5.823253259125961
14,82,8.513461107427474
14,83,8.613385576453284
14,84,8.330820871585283
14,85,9.086227234758473
14,86,12.615080591724238
14,87,13.398025648480345
14,88,11.772151050247917
14,89,13.985204096937185
14,90,16.921546745374442
14,91,16.65720247274184
14,92,16.68263658650999
14,93,18.892116589786916
14,94,22.0668188184711
14,95,21.43489340391684
14,96,19.93790886917983
14,97,23.28746691703088
14,98,24.025390647900874
14,99,20.999892307185295
14,100,22.192744195345366
14,101,25.693245956699567
14,102,24.519156636886503
14,103,22.34050436908465
14,104,25.547537683046045
14,105,27.812595909518524
14,106,25.58841502318744
14,107,25.836302067425354
14,108,29.51175636667771
14,109,30.49552502924184
14,110,28.54096729369613
14,111,30.679496079135465
14,112,33.85230804586946
14,113,32.825816475782865
14,114,32.6250310747255
14,115,35.82457678326786
14,116,37.535367804034
14,117,36.096171724728244
14,118,37.40049880137379
14,119,40.75335068239155
14,120,41.71181260660011
15,1,23.81581106032138
15,2,20.113466405770307
