1,2,3.8073752546567343
1,3,6.797710884715228
1,4,10.472921436585281
1,5,12.921239736029595
1,6,16.657091033011966
1,7,19.58813858676931
1,8,23.078062388588943
1,9,25.79001330877157
1,10,29.047774908857395
1,11,31.29953567705124
1,12,35.06637875547074
1,13,35.134801101299274
1,14,31.526896754927026
1,15,29.7739832097279
1,16,26.85974217853384
1,17,23.096052250024115
1,18,20.216815500622527
1,19,16.435147322301553
1,20,13.606954449565583
1,21,9.901567467371398
1,22,8.25601967784515
1,23,5.843190630412864
1,24,8.833754260208591
1,25,12.285951987367632
1,26,14.14803772405245
1,27,12.633794908902205
1,28,13.164943631151749
1,29,16.627243457072478
1,30,17.54073756167753
1,31,17.07175671710243
1,32,18.947292056428047
1,33,21.675815442023556
1,34,22.191750720744633
1,35,22.572794909682962
1,36,24.963168195689363
1,37,26.79909316886712
1,38,27.230347805475212
1,39,28.84814465853587
1,40,31.08174614604459
1,41,29.616593071869815
1,42,30.150763413663604
1,43,29.327700812481773
1,44,28.14833314489595
1,45,24.41424768928439
1,46,23.290268143034876
1,47,20.109571425982768
1,48,19.60943202832272
1,49,16.64992742354274
1,50,17.614071579124722
1,51,17.147219782060798
1,52,14.585164715728911
1,53,17.568540591261417
1,54,19.290873852229907
1,55,23.002352622736648
1,56,25.260878087877938
1,57,28.907321665121724
1,58,31.947457049180905
2,1,3.8073752546567343
2,3,3.798932609152844
2,4,7.030065680880028
2,5,9.633060524946398
2,6,13.259496100365391
2,7,16.182904583764273
2,8,19.718199225691087
2,9,22.353627163937272
2,10,25.728338579032965
2,11,27.914651539038843
2,12,31.662305149921412
2,13,31.56119015631592
2,14,27.904903284052853
2,15,26.17785749333198
2,16,23.221909416008405
2,17,19.4527330044475
2,18,16.46828966187787
2,19,12.681843478776697
2,20,9.858100704728662
2,21,6.141576442917291
2,22,5.220639951233483
2,23,4.579866059019011
2,24,7.677635432767257
2,25,10.507477051847927
2,26,12.62222284976049
2,27,10.655850663247197
2,28,10.340506683908343
2,29,14.02204703882217
2,30,15.06363771665331
2,31,14.047808603954046
2,32,15.71613442939365
2,33,18.734424638719773
2,34,19.17234768396522
2,35,19.180930818415103
2,36,21.63080879321864
2,37,23.6614880425569
2,38,23.91485420168422
2,39,25.36038825910249
2,40,27.755923377836066
2,41,26.338700546764425
2,42,27.150922085027503
2,43,26.443075305801717
2,44,25.5453178575642
2,45,21.88379584830708
2,46,20.963082850279058
2,47,17.93038284030679
2,48,17.62017535203335
2,49,15.172069588735779
2,50,16.188163726909742
2,51,14.992816083154862
2,52,12.253724493134232
2,53,14.781813496755834
2,54,16.458033019096188
2,55,20.04014315895032
2,56,22.233861304247103
2,57,25.905005828391364
2,58,28.874289174574496
3,1,6.797710884715228
3,2,3.798932609152844
3,4,3.7884798845008447
3,5,6.600123872006183
3,6,10.16626501358935
3,7,13.463421244681241
3,8,16.749002716909292
3,9,19.714184098732385
3,10,22.940446971168136
3,11,25.436141480639833
3,12,29.1777665463113
3,13,29.16779589107223
3,14,25.536317836143496
3,15,23.451512685605262
3,16,20.3797752058175
3,17,16.617746019402944
3,18,14.025208651381108
3,19,10.31454250683278
3,20,8.396482995602076
3,21,5.45749152080321
3,22,5.7968135878102345
3,23,6.353335837012409
3,24,7.801032755586621
3,25,9.449086764440072
3,26,12.415688689051668
3,27,11.04994355073418
3,28,9.53646284703164
3,29,12.975970007676475
3,30,14.858459227100058
3,31,13.692153922304437
3,32,14.439372034150791
3,33,17.73772170818633
3,34,18.67736203536307
3,35,18.167689600389284
3,36,20.20384756395003
3,37,22.719975586051326
3,38,23.110117086824882
3,39,24.01665038599742
3,40,26.4310646327107
3,41,24.665439492741704
3,42,25.563336569227552
3,43,24.51259344442717
3,44,23.488718967398864
3,45,19.816280860640965
3,46,18.52531503562741
3,47,15.323715015188801
3,48,14.583230791391964
3,49,12.350679630698759
3,50,12.95406987292828
3,51,11.393383814476797
3,52,8.954339750752368
3,53,11.545291562402085
3,54,13.752529522807649
3,55,17.284092208697896
3,56,19.865712211842677
3,57,23.380641806764476
3,58,26.551747599641693
4,1,10.472921436585281
4,2,7.030065680880028
4,3,3.7884798845008447
4,5,3.8046765352487464
4,6,6.776782519745036
4,7,10.239878410675853
4,8,13.404136729076686
4,9,16.388104625784607
4,10,19.67753292305596
4,11,22.19388638192431
4,12,25.88644533737425
4,13,25.70823552744353
4,14,22.042350523348215
4,15,19.852494649527287
4,16,16.676500395834115
4,17,12.909990723310095
4,18,10.38318937492224
4,19,6.771288546847737
4,20,5.8214780074185715
4,21,4.55545697936449
4,22,6.652260122897799
4,23,8.809075583804715
4,24,9.465768806191203
4,25,9.746141424664211
4,26,12.759342765958968
4,27,11.352444652321108
4,28,8.675093652779266
4,29,11.777865993782445
4,30,13.953576508588851
4,31,12.208359959943232
4,32,12.204519875177688
4,33,15.800819426349365
4,34,16.79597022369002
4,35,15.653065826905872
4,36,17.52438308968427
4,37,20.388329127964106
4,38,20.613369180463756
4,39,21.098287212178693
4,40,23.66938488600426
4,41,21.862551952182137
4,42,23.096539179004786
4,43,22.078741960155796
4,44,21.35684895992701
4,45,17.87337892886686
4,46,16.739148368318087
4,47,13.821100772208773
4,48,13.200957053263863
4,49,11.893484846817119
4,50,12.343689580561973
4,51,9.796754753651532
4,52,7.555196975651745
4,53,9.13058102502495
4,54,11.417252748025456
4,55,14.599398534373972
4,56,17.194920941961055
4,57,20.612078800628794
4,58,23.729006646132195
5,1,12.921239736029595
5,2,9.633060524946398
5,3,6.600123872006183
5,4,3.8046765352487464
5,6,3.7897033298188063
5,7,6.9224893183225396
5,8,10.198491524866911
5,9,13.182852193541315
5,10,16.344438012061083
5,11,18.909729150476505
5,12,22.64939070138124
5,13,22.816541525713237
5,14,19.293788326103943
5,15,17.125448264756752
5,16,14.30083033421437
5,17,10.650670461162457
5,18,8.662657838149212
5,19,5.602976000035762
5,20,5.501621692256447
5,21,6.152417061963426
5,22,7.333367070079343
5,23,9.695830454279335
5,24,8.935640845230374
5,25,7.720713767942842
5,26,10.716054877429388
5,27,9.997999975010991
5,28,6.649036245690481
5,29,8.877710500504216
5,30,11.673095594776965
5,31,10.331691370734465
5,32,9.446099629786493
5,33,12.878951838113334
5,34,14.504184114762582
5,35,13.408126898707925
5,36,14.663924236864663
5,37,17.677384464478617
5,38,18.39779107337103
5,39,18.636255109321915
5,40,20.861332290180844
5,41,18.70523261461376
5,42,19.68669143263805
5,43,18.42962919377033
5,44,17.582536241962938
5,45,14.107065112569073
5,46,13.011757684500378
5,47,10.302124087336779
5,48,10.19358267335047
5,49,9.637814602774073
5,50,10.765734945630935
5,51,8.036955004247764
5,52,5.176622029118535
5,53,5.739751223488393
5,54,7.626051702197146
5,55,10.872777566095225
5,56,13.498025292433617
5,57,16.926039147419754
5,58,20.114297451589028
6,1,16.657091033011966
6,2,13.259496100365391
6,3,10.16626501358935
6,4,6.776782519745036
6,5,3.7897033298188063
6,7,3.798024301431154
6,8,6.633618881496849
6,9,9.797148488627379
6,10,12.93185888653084
6,11,15.636226635754989
6,12,19.307078887636038
6,13,19.388322570308652
6,14,15.88990998252161
6,15,13.472510984728407
6,16,10.598739039452665
6,17,7.035969838918684
6,18,5.886728188180662
6,19,4.390517409425368
6,20,6.5996626617318555
6,21,8.874496872943224
6,22,10.610063396876091
6,23,13.317561857881566
6,24,12.281044016718607
6,25,10.268706038227593
6,26,12.838703748618057
6,27,12.353279407426939
6,28,8.601819762566084
6,29,9.616643050085601
6,30,12.528454371680635
6,31,10.870403422044642
6,32,8.762943494778934
6,33,12.136133553966767
6,34,13.949818601761422
6,35,12.09386229773206
6,36,12.734230087260826
6,37,16.186412302303246
6,38,16.837455498851266
6,39,16.367813803935665
6,40,18.626768379433884
6,41,16.290586523356474
6,42,17.612861253980622
6,43,16.274647443699592
6,44,15.761764546113264
6,45,12.706674310055787
6,46,11.794116901213604
6,47,9.774956036829137
6,48,9.84778849119269
6,49,10.663582170039042
6,50,11.456933227500018
6,51,8.083199019089074
6,52,6.393205404269395
6,53,4.549787681151492
6,54,6.117458056422025
6,55,8.359165713645423
6,56,11.041624708705056
6,57,14.177954119122035
6,58,17.326267022895973
7,1,19.58813858676931
7,2,16.182904583764273
7,3,13.463421244681241
7,4,10.239878410675853
7,5,6.9224893183225396
7,6,3.798024301431154
7,8,3.7882944388929407
7,9,6.265719155544682
7,10,9.574426745486363
7,11,12.00721540935082
7,12,15.734054065846426
7,13,15.981624245219328
7,14,12.595629982675655
7,15,10.511235201060396
7,16,8.339030517545156
7,17,5.395630824053064
7,18,5.3186839520166345
7,19,5.914633568028519
7,20,8.216993518669273
7,21,11.272401537191081
7,22,12.61434366605378
7,23,15.476510650521272
7,24,14.003636576972749
7,25,11.309966577440392
7,26,13.007321138945077
7,27,12.777867233344962
7,28,9.092758248768998
7,29,8.673813668228505
7,30,11.402043258350423
7,31,9.930837913646679
7,32,6.776461196738344
7,33,9.564894133984604
7,34,11.705713538305366
7,35,9.663172401321354
7,36,9.45643373829893
7,37,13.066875730446911
7,38,14.031688488547006
7,39,13.190113255242077
7,40,15.139592685362716
7,41,12.592990182962314
7,42,13.948081752203061
7,43,12.683563377126848
7,44,12.59054464262749
7,45,9.986247416824776
7,46,9.909853909675045
7,47,9.127831693048003
7,48,10.350286055380733
7,49,12.168744749042562
7,50,13.519717340036491
7,51,10.451796211087443
7,52,8.819762204024599
7,53,5.6691137307259485
7,54,4.770042925871159
7,55,5.580031348790047
7,56,7.544085280697391
7,57,10.72245337571912
7,58,13.659748815408657
8,1,23.078062388588943
8,2,19.718199225691087
8,3,16.749002716909292
8,4,13.404136729076686
8,5,10.198491524866911
8,6,6.633618881496849
8,7,3.7882944388929407
8,9,3.7887955792732755
8,10,6.359885131251341
8,11,9.401481836870264
8,12,12.949879255926751
8,13,13.41794651473499
8,14,10.35223978622689
8,15,7.632618147598411
8,16,5.911177824357792
8,17,4.514729151575355
8,18,6.896922531495022
8,19,8.880110398681381
8,20,11.774024256368218
8,21,14.902881919775595
8,22,16.367239349929157
8,23,19.121959408377446
8,24,17.420949990507932
8,25,14.452982605474137
8,26,16.109135639222327
8,27,16.299461489375442
8,28,12.726065763149672
8,29,11.717213051345878
8,30,14.429251857021008
8,31,13.180716546101992
8,32,9.63441576182272
8,33,11.579744644658422
8,34,13.897050429877005
8,35,11.5188947383371
8,36,10.238975195230996
8,37,13.969617846238453
8,38,15.025927281049269
8,39,13.244914725301456
8,40,14.8437255138943
8,41,11.92681831939723
8,42,13.381523243789648
8,43,11.704617134054788
8,44,11.749828018358144
8,45,9.999485728751676
8,46,9.809336337285652
8,47,9.88388492857193
8,48,10.86597077340844
8,49,13.564650098994
8,50,14.4379007779423
8,51,11.411520320551846
8,52,10.898535983216009
8,53,7.203126341570395
8,54,6.208640805425701
8,55,4.61085677266382
8,56,6.495685626624055
8,57,8.537750163751602
8,58,11.510051714243598
9,1,25.79001330877157
9,2,22.353627163937272
9,3,19.714184098732385
9,4,16.388104625784607
9,5,13.182852193541315
9,6,9.797148488627379
9,7,6.265719155544682
9,8,3.7887955792732755
9,10,3.814643678966161
9,11,5.868290967689895
9,12,9.51564239665015
9,13,9.917695441056011
9,14,6.9433463497582135
9,15,5.08354302734585
9,16,5.225540918602658
9,17,5.772830193071499
9,18,8.243848096095746
9,19,10.98908861642916
9,20,13.630567523286066
9,21,17.105952147275634
9,22,18.467214518568642
9,23,21.40831220640451
9,24,19.70519219940199
9,25,16.6193070232022
9,26,17.535542317136375
9,27,17.60838275298722
9,28,14.30760832630286
9,29,12.648687696685238
9,30,14.654353667412112
9,31,13.43181840072484
9,32,9.70136757077911
9,33,10.655093667641
9,34,12.700024134806172
9,35,10.175351533285147
9,36,7.979244416881972
9,37,11.531817834580401
9,38,12.609805240735868
9,39,10.25968665304752
9,40,11.500072556335462
9,41,8.566016237767753
9,42,10.438416493798101
9,43,9.29783233158183
9,44,10.434141261681035
9,45,9.799020402486324
9,46,10.862213754828247
9,47,12.074377390860528
9,48,13.812542084112412
9,49,16.70671412636236
9,50,17.937157827820645
9,51,15.10055702250204
9,52,14.315870146792147
9,53,10.60795504558542
9,54,8.594824955785954
9,55,5.9228598987938295
9,56,5.306852986213844
9,57,6.60417140663073
9,58,8.626655230546163
10,1,29.047774908857395
10,2,25.728338579032965
10,3,22.940446971168136
10,4,19.67753292305596
10,5,16.344438012061083
10,6,12.93185888653084
10,7,9.574426745486363
10,8,6.359885131251341
10,9,3.814643678966161
10,11,3.7978757941254373
10,12,6.915393719090731
10,13,8.405413843500442
10,14,6.804916504054808
10,15,5.029892788860052
10,16,6.9875873575886915
10,17,8.835774808871133
10,18,11.856916957454105
10,19,14.637849329357115
10,20,17.344383572486336
10,21,20.719352735004065
10,22,21.90473491211504
10,23,24.630605227960395
10,24,22.590856744207112
10,25,19.245504732259867
10,26,20.08776604256614
10,27,20.65723520675632
10,28,17.524806837217078
10,29,15.436542101874961
10,30,17.532987007583124
10,31,16.796212133990313
10,32,13.012943557793369
10,33,13.255404447682086
10,34,15.562453899412466
10,35,13.360155736637978
10,36,10.487558470187627
10,37,13.503936948798554
10,38,14.946209585014115
10,39,12.130222923017639
10,40,12.430691322110379
10,41,9.187629446719527
10,42,10.432596024654138
10,43,8.672791172276577
10,44,9.731166233339533
10,45,10.250813684592462
10,46,11.206828067421613
10,47,13.171694678624965
10,48,14.83197173027605
10,49,18.207870487163593
10,50,19.281177821749093
10,51,16.814974773020545
10,52,16.578147396558773
10,53,12.777174728899421
10,54,10.685769263311562
10,55,7.136411334809312
10,56,5.992253595716113
10,57,4.781911801884572
10,58,6.374583330658651
11,1,31.29953567705124
11,2,27.914651539038843
11,3,25.436141480639833
11,4,22.19388638192431
11,5,18.909729150476505
11,6,15.636226635754989
11,7,12.00721540935082
11,8,9.401481836870264
11,9,5.868290967689895
11,10,3.7978757941254373
11,12,3.776721884394252
11,13,5.439135007498816
11,14,4.840312447487085
11,15,5.54868260876907
11,16,8.711719630877374
11,17,11.009175886884863
11,18,13.593910837715336
11,19,16.613530942869286
11,20,19.034244332820144
11,21,22.58841661638763
11,22,23.704079564151883
11,23,26.58030162107699
11,24,24.647513649593613
11,25,21.343000863192906
11,26,21.60316176796924
11,27,21.949605304611538
11,28,19.101578983718465
11,29,16.726662956648422
11,30,18.106065604748917
11,31,17.368874654964756
11,32,13.778776533022219
11,33,13.232897335828692
11,34,15.012778618023598
11,35,12.928742575634406
11,36,9.610234306132327
11,37,11.866985577679138
11,38,13.201189048946736
11,39,10.02285709822989
11,40,9.618661401579821
11,41,6.739973741348927
11,42,8.370899160618322
11,43,7.7404195901698385
11,44,10.119286789316122
11,45,11.590887824624135
11,46,13.524851217137073
11,47,15.952692678458284
11,48,18.097904102993123
11,49,21.38179772101785
11,50,22.766567882005813
11,51,20.309362178008914
11,52,19.693150534978535
11,53,15.931374606847621
11,54,13.397205062263811
11,55,9.966580462104623
11,56,7.489674920070011
11,57,5.799468447886489
11,58,4.861775890709254
12,1,35.06637875547074
12,2,31.662305149921412
12,3,29.1777665463113
12,4,25.88644533737425
12,5,22.64939070138124
12,6,19.307078887636038
12,7,15.734054065846426
12,8,12.949879255926751
12,9,9.51564239665015
12,10,6.915393719090731
12,11,3.776721884394252
12,13,3.805004383144795
12,14,6.012948244482892
12,15,7.6408771374815885
12,16,11.333091532570512
12,17,14.211314264889015
12,18,16.94645516553282
12,19,20.161103591938897
12,20,22.652672582294144
12,21,26.261786655506818
12,22,27.4298262864276
12,23,30.32896636676166
12,24,28.379210434287423
12,25,25.040567098195467
12,26,25.166362752825254
12,27,25.55366246707747
12,28,22.804899053519247
12,29,20.328939448383434
12,30,21.49368277505823
12,31,20.806148388897725
12,32,17.331522866266386
12,33,16.46230911957665
12,34,17.959101343025623
12,35,15.953994991113548
12,36,12.58621268805803
12,37,14.166420799019726
12,38,15.27228872301463
12,39,11.835641822625323
12,40,10.77753010085897
12,41,8.720288758811169
12,42,10.07910580755395
12,43,9.896656496547413
12,44,12.47409986771409
12,45,14.657502169209936
12,46,16.643497992600224
12,47,19.331562315761268
12,48,21.41458339388143
12,49,24.83714109215731
12,50,26.10768705674
12,51,23.72688197307822
12,52,23.32980440917163
12,53,19.54643886193702
12,54,17.06131351852181
12,55,13.506779409905516
12,56,10.964632368236956
12,57,8.49063366748696
12,58,6.159658366298789
13,1,35.134801101299274
13,2,31.56119015631592
13,3,29.16779589107223
13,4,25.70823552744353
13,5,22.816541525713237
13,6,19.388322570308652
13,7,15.981624245219328
13,8,13.41794651473499
13,9,9.917695441056011
13,10,8.405413843500442
13,11,5.439135007498816
13,12,3.805004383144795
13,14,3.833714157027738
13,15,6.606232012312831
13,16,10.240237451776437
13,17,13.424091204408763
13,18,15.958220299842996
13,19,19.476543646592383
13,20,22.086699648400234
13,21,25.835914924640985
13,22,27.41720460210097
13,23,30.60965572865603
13,24,29.09360461725905
13,25,26.028431563502743
13,26,26.238765561523888
13,27,26.082867942626436
13,28,23.18614218561597
13,29,21.14785373155764
13,30,22.023990464153027
13,31,20.714216913078516
13,32,17.451168891640773
13,33,16.988853325862898
13,34,17.781999273442395
13,35,15.243501058385464
13,36,12.42666007579873
13,37,14.041339169882843
13,38,14.167895989063208
13,39,10.4141838196989
13,40,10.197740767596164
13,41,9.20423464507569
13,42,11.727735073726011
13,43,12.36435314956878
13,44,15.258895914523377
13,45,16.922651145582215
13,46,18.941122012221953
13,47,21.202942172759236
13,48,23.13149390424016
13,49,26.350696146939736
13,50,27.450822215464807
13,51,24.670542065939596
13,52,24.21140786731058
13,53,20.47001322189449
13,54,18.288559756442027
13,55,15.06261289224727
13,56,12.7651807127937
13,57,11.175962113923834
13,58,9.326498365621854
14,1,31.526896754927026
14,2,27.904903284052853
14,3,25.536317836143496
14,4,22.042350523348215
14,5,19.293788326103943
14,6,15.88990998252161
14,7,12.595629982675655
14,8,10.35223978622689
14,9,6.9433463497582135
14,10,6.804916504054808
14,11,4.840312447487085
14,12,6.012948244482892
14,13,3.833714157027738
14,15,3.8071093602913195
14,16,6.935238946330369
14,17,9.822438288557803
14,18,12.157272722167932
14,19,15.701605074630033
14,20,18.35344683396375
14,21,22.11914821299263
14,22,23.86377797856159
14,23,27.15212478716981
14,24,25.849747241950013
14,25,22.96544566268426
14,26,23.374554165075455
14,27,22.949251771052765
14,28,19.888155312127004
14,29,18.207679092165055
14,30,19.17256039082707
14,31,17.507379508010022
14,32,14.256168268463512
14,33,14.378888666161949
14,34,15.09111039353723
14,35,12.153887001590139
14,36,9.76263173420003
14,37,12.091047035429957
14,38,11.951017596370656
14,39,8.268083974565027
14,40,9.262046417977537
14,41,7.9978071920931555
14,42,11.132331565160811
14,43,11.686065431777617
14,44,14.38308335563325
14,45,15.217351957323212
14,46,17.080367373924805
14,47,18.852204388639823
14,48,20.679484113555795
14,49,23.64593896311333
14,50,24.725839075528654
14,51,21.729219168316558
14,52,21.089212544811616
14,53,17.44236517048345
14,54,15.470105876797518
14,55,12.644670044211448
14,56,10.753030057104707
14,57,10.249209587400706
14,58,9.535136469424216
15,1,29.7739832097279
15,2,26.17785749333198
15,3,23.451512685605262
15,4,19.852494649527287
15,5,17.125448264756752
15,6,13.472510984728407
15,7,10.511235201060396
15,8,7.632618147598411
15,9,5.08354302734585
15,10,5.029892788860052
15,11,5.54868260876907
15,12,7.6408771374815885
15,13,6.606232012312831
15,14,3.8071093602913195
15,16,3.77776456404646
15,17,7.168161263015322
15,18,10.319474932777487
15,19,13.871707418589246
15,20,16.988126565790083
15,21,20.63763580177807
15,22,22.564815453828135
15,23,25.75355903311546
15,24,24.389286720732766
15,25,21.488952017426357
15,26,22.48530192321346
15,27,22.244828776402525
15,28,18.858233043987347
15,29,17.494040123919124
15,30,19.14090966221943
15,31,17.428875066328022
15,32,13.942165884134065
15,33,14.823420560281154
15,34,16.080073662159776
15,35,12.979701851703055
15,36,10.907738944160858
15,37,14.013332077589869
15,38,14.135157596252848
15,39,10.834068129461407
15,40,12.24120346547252
15,41,10.20567872659596
15,42,12.879752198866596
15,43,12.404937981634014
15,44,14.234178393939425
15,45,14.450629132295163
15,46,15.500147723242934
15,47,16.804010659279168
15,48,18.070683279206676
15,49,21.081340762053582
15,50,21.740651035579006
15,51,18.658076680056414
15,52,18.486987920970012
15,53,14.826202242491402
15,54,13.439238969665345
15,55,10.655492649616681
15,56,9.865317632424055
15,57,9.573571873208234
15,58,10.174794490416726
16,1,26.85974217853384
16,2,23.221909416008405
16,3,20.3797752058175
16,4,16.676500395834115
16,5,14.30083033421437
16,6,10.598739039452665
16,7,8.339030517545156
16,8,5.911177824357792
16,9,5.225540918602658
16,10,6.9875873575886915
16,11,8.711719630877374
16,12,11.333091532570512
16,13,10.240237451776437
16,14,6.935238946330369
16,15,3.77776456404646
16,17,3.7821027171364325
16,18,7.21446341725087
16,19,10.776112775038891
16,20,14.211115060264975
16,21,17.752309733241834
16,22,20.034814426272746
16,23,23.28066895451
16,24,22.23218104423777
16,25,19.647652866716424
16,26,21.1085393337125
16,27,20.58664995691649
16,28,16.962706455504787
16,29,16.299100194178745
16,30,18.199194491444427
16,31,16.079232363284707
16,32,12.796155877914822
16,33,14.620659941069126
16,34,15.785883596303599
16,35,12.436157487364714
16,36,11.326618581865928
16,37,14.873564619745144
16,38,14.692490672102753
16,39,11.97287558234628
16,40,14.179867149526743
16,41,12.224392059603908
16,42,14.927962559540898
16,43,14.286307098095941
16,44,15.58878646709482
16,45,14.859342854079273
16,46,15.340884917586832
16,47,15.782833102022234
16,48,16.54643180372953
16,49,19.16293990437261
16,50,19.5080518344717
16,51,16.11430088015617
16,52,16.02036550182527
16,53,12.619852710656643
16,54,12.031041263137697
16,55,10.11697271269134
16,56,10.484199512060588
16,57,11.300437196466504
16,58,12.848239330412248
17,1,23.096052250024115
17,2,19.4527330044475
17,3,16.617746019402944
17,4,12.909990723310095
17,5,10.650670461162457
17,6,7.035969838918684
17,7,5.395630824053064
17,8,4.514729151575355
17,9,5.772830193071499
17,10,8.835774808871133
17,11,11.009175886884863
17,12,14.211314264889015
17,13,13.424091204408763
17,14,9.822438288557803
17,15,7.168161263015322
17,16,3.7821027171364325
17,18,3.7989186560285213
17,19,7.076112820663451
17,20,10.612742375188239
17,21,14.049666776123058
17,22,16.416911162888116
17,23,19.662161960525765
17,24,18.807560665581967
17,25,16.48998796558486
17,26,18.215650549691812
17,27,17.479515053174126
17,28,13.74753248248416
17,29,13.658627407848405
17,30,15.739795595157501
17,31,13.435593547079197
17,32,10.423275619599314
17,33,13.019221336727233
17,34,14.215339914084625
17,35,11.006084236125611
17,36,10.76891057598946
17,37,14.51569933490096
17,38,14.394899541364278
17,39,12.53123553177018
17,40,15.094925713413014
17,41,13.096103312397743
17,42,15.543465002938628
17,43,14.795985569306987
17,44,15.611484121739942
17,45,13.992147631010873
17,46,14.146674365570338
17,47,13.822598454112077
17,48,14.423905113993552
17,49,16.51944994298521
17,50,16.94592501523759
17,51,13.39315687446289
17,52,12.896355926296957
17,53,9.819153687415497
17,54,9.733066641276217
17,55,8.991476224165933
17,56,10.194612368602812
17,57,12.159497183665112
17,58,14.383427695469592
18,1,20.216815500622527
18,2,16.46828966187787
18,3,14.025208651381108
18,4,10.38318937492224
18,5,8.662657838149212
18,6,5.886728188180662
18,7,5.3186839520166345
18,8,6.896922531495022
18,9,8.243848096095746
18,10,11.856916957454105
18,11,13.593910837715336
18,12,16.94645516553282
18,13,15.958220299842996
18,14,12.157272722167932
18,15,10.319474932777487
18,16,7.21446341725087
18,17,3.7989186560285213
18,19,3.7907762137396857
18,20,7.165682475598189
18,21,10.729749942458291
18,22,13.368447826723893
18,23,16.853055133593365
18,24,16.548082020334373
18,25,14.77992214249278
18,26,16.404800638797465
18,27,15.001640764688375
18,28,11.342578858420481
18,29,12.045168015712493
18,30,13.68864120044477
18,31,10.836574840154453
18,32,8.611219033966451
18,33,11.860119208221194
18,34,12.42673755060481
18,35,9.300578288719963
18,36,10.369173162128597
18,37,13.869835317748496
18,38,13.345912243691371
18,39,12.425847867594074
18,40,15.434175244865049
18,41,13.952834045519015
18,42,16.421533591825067
18,43,16.134698781258148
18,44,16.967247392029968
18,45,14.842137762190138
18,46,15.184490476205161
18,47,14.355832299348025
18,48,15.101132989361865
18,49,16.442870807525523
18,50,17.160544985184067
18,51,13.589983884798801
18,52,12.279860246032761
18,53,9.938445127533118
18,54,10.035093705326835
18,55,10.511685092114607
18,56,11.669007480533342
18,57,14.411745198076295
18,58,16.60604754283788
19,1,16.435147322301553
19,2,12.681843478776697
19,3,10.31454250683278
19,4,6.771288546847737
19,5,5.602976000035762
19,6,4.390517409425368
19,7,5.914633568028519
19,8,8.880110398681381
19,9,10.98908861642916
19,10,14.637849329357115
19,11,16.613530942869286
19,12,20.161103591938897
19,13,19.476543646592383
19,14,15.701605074630033
19,15,13.871707418589246
19,16,10.776112775038891
19,17,7.076112820663451
19,18,3.7907762137396857
19,20,3.789703094989416
19,21,7.0419940911693475
19,22,9.851897202767065
19,23,13.302022288819893
19,24,13.357587162121986
19,25,12.162334688624137
19,26,14.117691801455125
19,27,12.42626505084296
19,28,8.823145805689242
19,29,10.582565599259427
19,30,12.336968069877813
19,31,9.519058982096356
19,32,8.274623946240396
19,33,12.03133646644339
19,34,12.616710560273823
19,35,10.292714084346631
19,36,12.064949163109263
19,37,15.267503086365254
19,38,14.975514833641737
19,39,14.895318521696955
19,40,17.796522976032524
19,41,16.287929056070254
19,42,18.27439655434011
19,43,17.823475414283248
19,44,18.11428026622264
19,45,15.34598011991531
19,46,15.284601702424313
19,47,13.669273335443753
19,48,14.149455565689989
19,49,14.632881379622168
19,50,15.456207898491906
19,51,12.059486686009317
19,52,10.148499885688055
19,53,8.885599571479398
19,54,9.672671101585975
19,55,11.462786039391096
19,56,13.167630471974084
19,57,16.411561258691066
19,58,18.969641220427604
20,1,13.606954449565583
20,2,9.858100704728662
20,3,8.396482995602076
20,4,5.8214780074185715
20,5,5.501621692256447
20,6,6.5996626617318555
20,7,8.216993518669273
20,8,11.774024256368218
20,9,13.630567523286066
20,10,17.344383572486336
20,11,19.034244332820144
20,12,22.652672582294144
20,13,22.086699648400234
20,14,18.35344683396375
20,15,16.988126565790083
20,16,14.211115060264975
20,17,10.612742375188239
20,18,7.165682475598189
20,19,3.789703094989416
20,21,3.7991195230721124
20,22,6.466975573878101
20,23,10.151872849121355
20,24,10.787110311313912
20,25,10.367230732125725
20,26,11.934902226077428
20,27,9.54096301812765
20,28,6.467668152059054
20,29,9.220759228435227
20,30,10.31846493510243
20,31,7.454994817120345
20,32,7.779613412949898
20,33,11.496192175106403
20,34,11.640569706538148
20,35,10.271823623044714
20,36,12.769036771515367
20,37,15.337663257645918
20,38,15.107026096806564
20,39,15.953828531906384
20,40,18.725804231301446
20,41,17.511783256401486
20,42,19.14855675204229
20,43,18.95829382867437
20,44,19.121646830639595
20,45,16.079967938999964
20,46,16.217710350226554
20,47,14.38389080359094
20,48,15.172036289208398
20,49,14.916168183645786
20,50,16.267020720104508
20,51,13.392900283444018
20,52,10.639419511451319
20,53,10.34300615775607
20,54,10.843241540022795
20,55,13.320865897579315
20,56,14.76321623647431
20,57,18.356064001795485
20,58,20.834898043477125
21,1,9.901567467371398
21,2,6.141576442917291
21,3,5.45749152080321
21,4,4.55545697936449
21,5,6.152417061963426
21,6,8.874496872943224
21,7,11.272401537191081
21,8,14.902881919775595
21,9,17.105952147275634
21,10,20.719352735004065
21,11,22.58841661638763
21,12,26.261786655506818
21,13,25.835914924640985
21,14,22.11914821299263
21,15,20.63763580177807
21,16,17.752309733241834
21,17,14.049666776123058
21,18,10.729749942458291
21,19,7.0419940911693475
21,20,3.7991195230721124
21,22,3.7954833258766407
21,23,7.167706848269093
21,24,8.84729887161273
21,25,9.751488622076591
21,26,11.583382140350384
21,27,8.962329081273202
21,28,6.943061731402305
21,29,10.569110708989262
21,30,11.532631164607382
21,31,9.34385646718491
21,32,10.609258124518787
21,33,14.05328437244594
21,34,14.187061067110553
21,35,13.512835958164501
21,36,16.127303744751813
21,37,18.38685741588573
21,38,18.282203026611874
21,39,19.496243737681244
21,40,22.147554015050513
21,41,20.931744266898914
21,42,22.247586873666208
21,43,21.907926613082477
21,44,21.665063119186
21,45,18.31783792036806
21,46,18.052546672788292
21,47,15.66059935852893
21,48,16.03151227970034
21,49,14.850890008971822
21,50,16.120953056170105
21,51,13.76533271485275
21,52,10.829386752452299
21,53,11.815929849581698
21,54,12.88686277667124
21,55,15.949982362640608
21,56,17.712779164505267
21,57,21.3942288624292
21,58,24.06489965875513
22,1,8.25601967784515
22,2,5.220639951233483
22,3,5.7968135878102345
22,4,6.652260122897799
22,5,7.333367070079343
22,6,10.610063396876091
22,7,12.61434366605378
22,8,16.367239349929157
22,9,18.467214518568642
22,10,21.90473491211504
22,11,23.704079564151883
22,12,27.4298262864276
22,13,27.41720460210097
22,14,23.86377797856159
22,15,22.564815453828135
22,16,20.034814426272746
22,17,16.416911162888116
22,18,13.368447826723893
22,19,9.851897202767065
22,20,6.466975573878101
22,21,3.7954833258766407
22,23,3.7801233501263307
22,24,5.54656115478561
22,25,7.275652323957412
22,26,8.63844641582243
22,27,5.991639479411028
22,28,5.407435663097332
22,29,9.169212546523813
22,30,9.904521168491858
22,31,8.896024866511972
22,32,10.782484947306267
22,33,13.605430006481061
22,34,14.035226636746684
22,35,14.351681060630272
22,36,16.755670426835923
22,37,18.571011944942914
22,38,19.040662380907055
22,39,20.659112069116496
22,40,22.833815909472417
22,41,21.49012215399342
22,42,22.20047866359814
22,43,21.7522667070471
22,44,21.135872111870807
22,45,17.63201968520667
22,46,17.37632460616443
22,47,14.935632973787575
22,48,15.644616703606083
22,49,14.00573269326175
22,50,15.936643633905167
22,51,14.348296345516774
22,52,10.886769803320519
22,53,12.361909196626968
22,54,12.968437170970539
22,55,16.357681646839918
22,56,17.973780878904478
22,57,21.752600405205314
22,58,24.445739438042096
23,1,5.843190630412864
23,2,4.579866059019011
23,3,6.353335837012409
23,4,8.809075583804715
23,5,9.695830454279335
23,6,13.317561857881566
23,7,15.476510650521272
23,8,19.121959408377446
23,9,21.40831220640451
23,10,24.630605227960395
23,11,26.58030162107699
23,12,30.32896636676166
23,13,30.60965572865603
23,14,27.15212478716981
23,15,25.75355903311546
23,16,23.28066895451
23,17,19.662161960525765
23,18,16.853055133593365
23,19,13.302022288819893
23,20,10.151872849121355
23,21,7.167706848269093
23,22,3.7801233501263307
23,24,3.8207919237620747
23,25,7.22617021790288
23,26,8.524746968034092
23,27,6.806460382256497
23,28,7.73183620282909
23,29,11.009821532610847
23,30,11.790198194323464
23,31,11.794925083300079
23,32,13.753887257260786
23,33,16.119271414910685
23,34,16.840917196510265
23,35,17.646908067331655
23,36,19.812167506009914
23,37,21.423212358804836
23,38,22.23658892929655
23,39,23.980229135768234
23,40,25.875764990115766
23,41,24.366612184347826
23,42,24.63998639772124
23,43,23.93244969350771
23,44,22.84998210907771
23,45,19.20550119687764
23,46,18.577007712239453
23,47,15.843780088273338
23,48,16.284844888140892
23,49,13.909090726681221
23,50,15.937721082125101
23,51,15.206516590267844
23,52,11.797597329972392
23,53,14.078118881298153
23,54,14.865648033775999
23,55,18.50014892825748
23,56,20.29453780031727
23,57,24.014570453601188
23,58,26.85167414246542
24,1,8.833754260208591
24,2,7.677635432767257
24,3,7.801032755586621
24,4,9.465768806191203
24,5,8.935640845230374
24,6,12.281044016718607
24,7,14.003636576972749
24,8,17.420949990507932
24,9,19.70519219940199
24,10,22.590856744207112
24,11,24.647513649593613
24,12,28.379210434287423
24,13,29.09360461725905
24,14,25.849747241950013
24,15,24.389286720732766
24,16,22.23218104423777
24,17,18.807560665581967
24,18,16.548082020334373
24,19,13.357587162121986
24,20,10.787110311313912
24,21,8.84729887161273
24,22,5.54656115478561
24,23,3.8207919237620747
24,25,3.787124740144836
24,26,5.5326525623852705
24,27,5.55602250013077
24,28,6.444337641494374
24,29,8.805244202002294
24,30,10.357601397093843
24,31,11.290171977443173
24,32,12.547686902836684
24,33,14.502379763833744
24,34,16.01382158940881
24,35,17.03149570107543
24,36,18.528936782176512
24,37,20.208218738958884
24,38,21.629602626335835
24,39,23.1259243249517
24,40,24.597069836745945
24,41,22.668779479986224
24,42,22.48651352341761
24,43,21.380026129637585
24,44,19.88190495888367
24,45,16.176538896300208
24,46,15.326712613856929
24,47,12.609138431847754
24,48,13.303677492752229
24,49,10.990752912022028
24,50,13.621394956546347
24,51,13.339189755927293
24,52,9.743509622619387
24,53,11.935802998841035
24,54,12.344798011830454
24,55,16.012113339529815
24,56,17.850169334215366
24,57,21.441714584596212
24,58,24.391085377138253
25,1,12.285951987367632
25,2,10.507477051847927
25,3,9.449086764440072
25,4,9.746141424664211
25,5,7.720713767942842
25,6,10.268706038227593
25,7,11.309966577440392
25,8,14.452982605474137
25,9,16.6193070232022
25,10,19.245504732259867
25,11,21.343000863192906
25,12,25.040567098195467
25,13,26.028431563502743
25,14,22.96544566268426
25,15,21.488952017426357
25,16,19.647652866716424
25,17,16.48998796558486
25,18,14.77992214249278
25,19,12.162334688624137
25,20,10.367230732125725
25,21,9.751488622076591
25,22,7.275652323957412
25,23,7.22617021790288
25,24,3.787124740144836
25,26,3.815024879258502
25,27,5.463565561073898
25,28,5.045447052586064
25,29,6.0574684415895215
25,30,8.668623230716085
25,31,10.0174419519619
25,32,10.261643854617823
25,33,11.961045610525787
25,34,14.188600067566579
25,35,15.094155260462497
25,36,15.936549854451352
25,37,17.820001395957373
25,38,19.656685369691754
25,39,20.7741138464777
25,40,21.956635294471646
25,41,19.675817715672345
25,42,19.280051647042722
25,43,17.86936494275067
25,44,16.190665584922993
25,45,12.448221496318032
25,46,11.556887210143097
25,47,9.018152537032783
25,48,10.29492686790963
25,49,8.745815622812238
25,50,11.919384456356633
25,51,11.49723810514218
25,52,7.781058601763719
25,53,9.165925449119353
25,54,8.92553627332937
25,55,12.499586227580032
25,56,14.309955650754038
25,57,17.809520858679615
25,58,20.821663022265707
26,1,14.14803772405245
26,2,12.62222284976049
26,3,12.415688689051668
26,4,12.759342765958968
26,5,10.716054877429388
26,6,12.838703748618057
26,7,13.007321138945077
26,8,16.109135639222327
26,9,17.535542317136375
26,10,20.08776604256614
26,11,21.60316176796924
26,12,25.166362752825254
26,13,26.238765561523888
26,14,23.374554165075455
26,15,22.48530192321346
26,16,21.1085393337125
26,17,18.215650549691812
26,18,16.404800638797465
26,19,14.117691801455125
26,20,11.934902226077428
26,21,11.583382140350384
26,22,8.63844641582243
26,23,8.524746968034092
26,24,5.5326525623852705
26,25,3.815024879258502
26,27,3.8138780872074802
26,28,5.53687289184988
26,29,5.228301678669784
26,30,6.446968716983522
26,31,9.009502082216882
26,32,9.941974963112784
26,33,10.561813714781243
26,34,12.58497560153277
26,35,14.409071464307887
26,36,15.22626318845093
26,37,16.331458580998653
26,38,18.443644853709017
26,39,20.06620904737894
26,40,20.836456656673125
26,41,18.85412699464524
26,42,18.05793517279832
26,43,17.08353461532309
26,44,15.624100798566051
26,45,12.220231240588545
26,46,12.311274441738664
26,47,10.786401788065607
26,48,12.986387560650309
26,49,11.933871172137877
26,50,15.395266246735133
26,51,15.04849048365145
26,52,11.361615505206082
26,53,12.039356614165262
26,54,10.71544465934277
26,55,13.735657274775287
26,56,14.598462475612406
26,57,18.07022862690055
26,58,20.59859906569507
27,1,12.633794908902205
27,2,10.655850663247197
27,3,11.04994355073418
27,4,11.352444652321108
27,5,9.997999975010991
27,6,12.353279407426939
27,7,12.777867233344962
27,8,16.299461489375442
27,9,17.60838275298722
27,10,20.65723520675632
27,11,21.949605304611538
27,12,25.55366246707747
27,13,26.082867942626436
27,14,22.949251771052765
27,15,22.244828776402525
27,16,20.58664995691649
27,17,17.479515053174126
27,18,15.001640764688375
27,19,12.42626505084296
27,20,9.54096301812765
27,21,8.962329081273202
27,22,5.991639479411028
27,23,6.806460382256497
27,24,5.55602250013077
27,25,5.463565561073898
27,26,3.8138780872074802
27,28,3.8138805535578633
27,29,5.41963031143702
27,30,5.203737153266351
27,31,6.604291654318808
27,32,8.767103255846033
27,33,10.037799804372893
27,34,10.987156032535175
27,35,12.704638113889967
27,36,14.431783591625639
27,37,15.445751866658345
27,38,16.85795177614478
27,39,18.864271220618626
27,40,20.155663690244
27,41,18.72279754719107
27,42,18.578659405619508
27,43,18.236458191518942
27,44,17.48913042487501
27,45,14.211085412609329
27,46,14.719653668514695
27,47,13.176892787369567
27,48,15.168518997959639
27,49,14.109058745466184
27,50,17.141044289443805
27,51,16.114418759005336
27,52,12.30400936690435
27,53,12.92233770123522
27,54,11.886861288406257
27,55,14.902633214647201
27,56,15.611118600519852
27,57,19.321269414959183
27,58,21.64750744009972
28,1,13.164943631151749
28,2,10.340506683908343
28,3,9.53646284703164
28,4,8.675093652779266
28,5,6.649036245690481
28,6,8.601819762566084
28,7,9.092758248768998
28,8,12.726065763149672
28,9,14.30760832630286
28,10,17.524806837217078
28,11,19.101578983718465
28,12,22.804899053519247
28,13,23.18614218561597
28,14,19.888155312127004
28,15,18.858233043987347
28,16,16.962706455504787
28,17,13.74753248248416
28,18,11.342578858420481
28,19,8.823145805689242
28,20,6.467668152059054
28,21,6.943061731402305
28,22,5.407435663097332
28,23,7.73183620282909
28,24,6.444337641494374
28,25,5.045447052586064
28,26,5.53687289184988
28,27,3.8138805535578633
28,29,3.8035602948222014
28,30,5.446703682772134
28,31,5.262226493403482
28,32,6.176331210715537
28,33,8.618658063454284
28,34,9.977310969990645
28,35,10.609034150918612
28,36,12.234834312454534
28,37,14.087007972316979
28,38,15.306150607220602
28,39,16.706759641038452
28,40,18.362877581660676
28,41,16.656389962254984
28,42,16.99715246182009
28,43,16.434350676223453
28,44,15.83226431801495
28,45,12.43806736658706
28,46,12.731981990715541
28,47,11.039047972884127
28,48,12.83698953084814
28,49,12.294326947248782
28,50,14.981074124658008
28,51,13.30347303285448
28,52,9.612169526299464
28,53,9.674213028704436
28,54,8.830229165233265
28,55,11.893391019001351
28,56,12.986783435942618
28,57,16.783088674246365
28,58,19.34583150684081
29,1,16.627243457072478
29,2,14.02204703882217
29,3,12.975970007676475
29,4,11.777865993782445
29,5,8.877710500504216
29,6,9.616643050085601
29,7,8.673813668228505
29,8,11.717213051345878
29,9,12.648687696685238
29,10,15.436542101874961
29,11,16.726662956648422
29,12,20.328939448383434
29,13,21.14785373155764
29,14,18.207679092165055
29,15,17.494040123919124
29,16,16.299100194178745
29,17,13.658627407848405
29,18,12.045168015712493
29,19,10.582565599259427
29,20,9.220759228435227
29,21,10.569110708989262
29,22,9.169212546523813
29,23,11.009821532610847
29,24,8.805244202002294
29,25,6.0574684415895215
29,26,5.228301678669784
29,27,5.41963031143702
29,28,3.8035602948222014
29,30,3.8093673108925445
29,31,5.400966152811305
29,32,4.895760757997239
29,33,5.904954087116431
29,34,8.406857435891483
29,35,9.580211510274138
29,36,10.149400386937387
29,37,11.774288357575896
29,38,13.815352098089752
29,39,15.039946674460438
29,40,16.01747946587932
29,41,13.976471499748012
29,42,13.733799173017022
29,43,13.021500326306839
29,44,12.322668940018433
29,45,9.079884360171103
29,46,10.054006851828408
29,47,9.342540736812843
29,48,12.105350770525092
29,49,12.415924058857126
29,50,15.540743610238955
29,51,14.099018689222271
29,52,10.632991395504671
29,53,9.706003533978002
29,54,7.4484372853914165
29,55,9.841545629285518
29,56,10.20618718469337
29,57,13.904902795124716
29,58,16.278384137858378
30,1,17.54073756167753
30,2,15.06363771665331
30,3,14.858459227100058
30,4,13.953576508588851
30,5,11.673095594776965
30,6,12.528454371680635
30,7,11.402043258350423
30,8,14.429251857021008
30,9,14.654353667412112
