1,2,3.812546018517684
1,3,6.557891533423142
1,4,8.727422485046413
1,5,11.346297674625216
1,6,14.376177274447407
1,7,14.920342566637576
1,8,12.035630817435097
1,9,11.960481859345919
1,10,15.757936064049112
1,11,16.447477199552544
1,12,13.824418540210825
1,13,14.866183508135064
1,14,15.58582637577785
1,15,13.459875808254248
1,16,10.273710712878781
1,17,11.621198774795953
1,18,12.61302205891762
1,19,9.287503501661359
1,20,9.349398485768345
1,21,12.980476973821382
1,22,13.707754409882186
1,23,12.923845711923644
1,24,15.87382308482845
1,25,17.70458382923322
1,26,18.02910035563634
1,27,19.471065282631965
1,28,21.913593875893984
1,29,24.6332927298562
1,30,45.629470119981
1,31,45.34154198861306
1,32,41.83041126815673
1,33,40.461403821316566
1,34,41.868709203519074
1,35,39.44654807311668
1,36,36.635502490806765
1,37,37.62335428507027
1,38,37.675225411227586
1,39,34.015119501749446
1,40,33.18728526860853
1,41,34.986134812039296
1,42,33.59992620638148
1,43,30.062285673516886
1,44,30.787209488865177
1,45,32.77446687281786
1,46,30.126759773941586
1,47,27.645671999609593
1,48,30.147729938819964
1,49,30.91637382244808
1,50,27.450098967848305
1,51,27.870383355870967
1,52,31.442483023151024
1,53,30.382558776391907
1,54,27.634803065488338
1,55,30.296637848114255
1,56,32.95769702658555
1,57,30.52369133264763
1,58,29.55556889317345
1,59,25.94251252670986
1,60,26.7100880286512
1,61,23.73734753020479
1,62,21.246305427904883
1,63,18.24108970387585
1,64,18.443975394678407
1,65,22.12419008094386
1,66,24.144987855277694
1,67,27.814823419110805
1,68,31.022693851994884
1,69,31.83457557857312
1,70,31.597223644727606
1,71,30.406130926419287
1,72,33.47211445111886
1,73,33.53943240079531
1,74,35.409772117261255
1,75,32.3059360974329
1,76,30.296189163958324
1,77,31.441156067656653
1,78,28.16087444179613
1,79,26.55233902419455
1,80,23.30584109679525
1,81,21.564958260766165
1,82,22.92096637990816
1,83,21.381885033481577
1,84,17.79049338496014
1,85,17.23843792133142
1,86,19.52609196507718
1,87,20.40946376282503
1,88,18.59196827381206
1,89,19.30536898813733
1,90,21.749333029818363
1,91,23.546218452529086
1,92,23.67660325612064
1,93,25.260216015409387
1,94,28.10349388036804
1,95,28.860525186517762
1,96,29.107750251016316
1,97,30.646399151934336
1,98,34.085052920570845
1,99,33.41140259922361
1,100,31.04205554024275
1,101,34.0481615037871
1,102,35.2444791580375
1,103,32.12939394695785
1,104,32.19821414659397
1,105,35.65276201947669
1,106,34.84903648474442
1,107,32.20179464881478
1,108,34.797914319720036
1,109,37.469387299423246
1,110,35.24969915812535
1,111,34.46925076606996
1,112,38.13162398085565
1,113,39.11824129327461
1,114,36.7718310367052
1,115,37.775021045876684
1,116,41.30815951968735
1,117,40.77576574927526
1,118,39.41720292733962
1,119,42.450726695512124
1,120,44.806031656862466
1,121,42.83918778201024
1,122,43.342370420313685
1,123,46.98850139074524
1,124,48.362469798481484
2,1,3.812546018517684
2,3,3.8176802691017353
2,4,5.606339091258111
2,5,8.641455375571999
2,6,12.043042039246378
2,7,12.787232853983047
2,8,9.531054793502566
2,9,10.346031032047678
2,10,14.00772310061069
2,11,14.735914582049508
2,12,12.825519360871917
2,13,14.799263218876698
2,14,15.923025610854047
2,15,14.631140162820962
2,16,10.981783986486585
2,17,11.61117329799541
2,18,13.530254387624463
2,19,10.782602867115928
2,20,9.612386110141493
2,21,13.21578791254676
2,22,13.84506021340397
2,23,12.024959929607286
2,24,14.80580669035023
2,25,17.2170051566529
2,26,17.16800851140354
2,27,17.92636440199886
2,28,20.66829255008398
2,29,23.429962616897015
2,30,43.22061708978525
2,31,42.914453071598054
2,32,39.3133736389308
2,33,38.174198204437005
2,34,39.71930753321326
2,35,37.161311001945364
2,36,34.399763196762706
2,37,35.70648768099527
2,38,35.78871951358587
2,39,32.05976917804342
2,40,31.464121548037518
2,41,33.553845468955984
2,42,32.1307724930954
2,43,28.625980250944345
2,44,29.767927479192032
2,45,31.83490353814448
2,46,29.139520443582775
2,47,26.9274467698045
2,48,29.779436792877043
2,49,30.56917703856201
2,50,27.29836281462255
2,51,28.043408010661317
2,52,31.68348780155151
2,53,30.736686926582035
2,54,28.314682815455082
2,55,31.11762053698121
2,56,33.84559927007964
2,57,31.63930771006049
2,58,30.995867785196687
2,59,27.258141065532197
2,60,27.804227422603876
2,61,24.9403416283172
2,62,22.639150387794807
2,63,19.362188804225298
2,64,20.028525045024907
2,65,23.809154120557654
2,66,26.08958964269093
2,67,29.635456424983506
2,68,32.94287236890281
2,69,33.41874262728665
2,70,33.272964763713254
2,71,31.79976289731973
2,72,34.63594443485394
2,73,34.59322696235593
2,74,36.123110226249736
2,75,32.86529972445343
2,76,30.898604806675177
2,77,32.29477197170199
2,78,29.004880366278698
2,79,27.81490308507438
2,80,24.81453911702209
2,81,22.99233310738902
2,82,23.76350303928532
2,83,22.12219857934175
2,84,18.818301358982442
2,85,18.111173521698582
2,86,19.73854438112363
2,87,20.24459685757187
2,88,18.006067205534038
2,89,18.80341797670712
2,90,20.668665069112148
2,91,22.75774070967843
2,92,23.420387015810455
2,93,24.71375223978247
2,94,27.353449762214357
2,95,28.556959714092617
2,96,29.0408054235376
2,97,30.201394998639294
2,98,33.80598922507387
2,99,33.54948636705352
2,100,31.093328303580897
2,101,34.1292634160324
2,102,35.67237500326467
2,103,32.798899633061694
2,104,32.71321788204644
2,105,36.31967444865418
2,106,35.868174701004534
2,107,33.30384512054113
2,108,35.76542238888134
2,109,38.68059371052747
2,110,36.75371915959004
2,111,35.95729283324112
2,112,39.55100389583786
2,113,40.787640200847754
2,114,38.65238772335099
2,115,39.57177557826124
2,116,43.104161820149784
2,117,42.85014170933554
2,118,41.57057033308468
2,119,44.46260931428078
2,120,46.976660333710775
2,121,45.22724615595278
2,122,45.67523268612816
2,123,49.25412456351882
2,124,50.83906332974952
3,1,6.557891533423142
3,2,3.8176802691017353
3,4,3.7945253675003032
3,5,5.384381545867329
3,6,8.97601294783191
3,7,10.62554484108011
3,8,7.972177604414596
3,9,9.947062653906848
3,10,13.208684614958747
3,11,14.814602301430737
3,12,13.617018690006146
3,13,15.919408479390446
3,14,16.491916495259854
3,15,15.766743136272156
3,16,12.227128839598207
3,17,11.630158372633097
3,18,13.46008938183124
3,19,10.96509549577866
3,20,8.553545496208098
3,21,11.547563603968388
3,22,11.47970650591568
3,23,9.057450341732531
3,24,12.012300574359196
3,25,14.407155711170752
3,26,13.858768494983428
3,27,14.435754011923846
3,28,17.43352932573316
3,29,19.9948455421455
3,30,39.51735531435479
3,31,39.30008178787089
3,32,35.726518467490855
3,33,34.49529041583782
3,34,36.11927755872493
3,35,33.657799271092244
3,36,30.791965866151294
3,37,32.077271575470924
3,38,32.31472442635922
3,39,28.613292207248485
3,40,27.89810152359574
3,41,30.115234684830888
3,42,28.874719164519995
3,43,25.30495629846003
3,44,26.49322881422554
3,45,28.76224217179598
3,46,26.248455246239796
3,47,24.000386241543993
3,48,26.95785234566436
3,49,28.010262285131812
3,50,24.950092377298265
3,51,25.63990065261151
3,52,29.359599162062626
3,53,28.751298470741542
3,54,26.471906892559385
3,55,29.16071382722567
3,56,32.084074069588546
3,57,30.2270708803852
3,58,29.65111706864155
3,59,25.85899740616765
3,60,25.968759325312494
3,61,23.086825683813572
3,62,21.197388700775342
3,63,17.93460237262149
3,64,19.291721931089267
3,65,23.086384744716273
3,66,25.79573938801561
3,67,29.251589553741315
3,68,32.75423226979318
3,69,33.172454038581236
3,70,33.431636172431624
3,71,32.05128386503676
3,72,34.84821270756045
3,73,35.09723363404187
3,74,36.33751536799164
3,75,32.88376694628984
3,76,31.29428089237229
3,77,33.09641450745229
3,78,30.041620710501686
3,79,29.203261963575862
3,80,26.190031507811277
3,81,24.795396090191595
3,82,25.341355092228287
3,83,23.22002589684766
3,84,20.045463578407198
3,85,19.910090635712145
3,86,21.25274073624977
3,87,21.091901261965624
3,88,18.312374686959817
3,89,18.455630305514305
3,90,20.03913693870362
3,91,22.656231189302694
3,92,23.29207862462237
3,93,24.00308027672377
3,94,26.790715738285243
3,95,28.384324344048544
3,96,28.587441944740544
3,97,29.322375039740646
3,98,33.0013899819876
3,99,32.87125862114801
3,100,30.109738649061327
3,101,32.907632437790035
3,102,34.7670739750224
3,103,31.97722450034654
3,104,31.47435378884555
3,105,35.113211199535506
3,106,35.01141731500912
3,107,32.30229949091769
3,108,34.447149854307156
3,109,37.56465455801992
3,110,35.930076485301704
3,111,34.85879173690008
3,112,38.31243528501092
3,113,39.87734708835951
3,114,37.80859613723669
3,115,38.438672275289576
3,116,42.022255066848544
3,117,42.08218829819787
3,118,40.70251072910734
3,119,43.36863493831028
3,120,46.10522472000279
3,121,44.54121168218292
3,122,44.77304759160325
3,123,48.28973641725991
3,124,50.07015701387823
4,1,8.727422485046413
4,2,5.606339091258111
4,3,3.7945253675003032
4,5,3.808866565471233
4,6,6.933661429362063
4,7,7.664388434928148
4,8,4.457266990636553
4,9,6.883066617165591
4,10,9.841120689292344
4,11,11.375044979707857
4,12,10.78099611717184
4,13,13.628568305561647
4,14,14.515969539758665
4,15,14.575164266044476
4,16,10.982298292353777
4,17,9.912617556390034
4,18,12.59447493918595
4,19,11.083507531700548
4,20,8.411077840490373
4,21,11.236233580114616
4,22,12.014015079832548
4,23,9.065344217678904
4,24,10.948610799572016
4,25,14.09674056869352
4,26,14.034161469918336
4,27,13.79207038224182
4,28,16.481805191466616
4,29,19.454393465909906
4,30,38.419397432104226
4,31,37.883021374702494
4,32,34.24011587388854
4,33,33.323633649391084
4,34,34.75419878233222
4,35,32.01239901480118
4,36,29.437836199608302
4,37,30.96710960996205
4,38,30.848105935757246
4,39,27.067783471212383
4,40,26.835326234406214
4,41,29.03240696623991
4,42,27.406425028396917
4,43,24.047275228150394
4,44,25.64997228801166
4,45,27.594114665647073
4,46,24.781798675081404
4,47,22.99535220930176
4,48,26.206827300517023
4,49,26.858365531779807
4,50,23.8695120801649
4,51,25.107893704036076
4,52,28.703602109161285
4,53,27.833235583741196
4,54,25.94019863639278
4,55,28.933752940217992
4,56,31.6211839232894
4,57,29.753099824564035
4,58,29.655452030057457
4,59,25.84513639288288
4,60,26.17586810071446
4,61,23.704835318447863
4,62,21.625455300288948
4,63,18.07003194518588
4,64,19.313562506277293
4,65,23.043113174514936
4,66,25.658485403091635
4,67,28.89340962421132
4,68,32.30956046787493
4,69,32.29122817183675
4,70,32.42864719593309
4,71,30.692284916084393
4,72,33.201062322963
4,73,33.236631953612694
4,74,34.20921393982399
4,75,30.71841231259064
4,76,29.087462040472587
4,77,31.01266098807621
4,78,27.975849474402608
4,79,27.51231687092428
4,80,24.806619500477705
4,81,23.376482421499635
4,82,23.388470679696553
4,83,21.232593471999362
4,84,18.43757564380285
4,85,18.20795437622228
4,86,18.950033153107064
4,87,18.452245625378453
4,88,15.469636265644771
4,89,15.787849911160523
4,90,16.915893383899814
4,91,19.576182706817473
4,92,20.622242329753348
4,93,21.253169379887847
4,94,23.772769676447407
4,95,25.582431088896953
4,96,26.076050256973296
4,97,26.63969341227557
4,98,30.383162181064275
4,99,30.58451061781046
4,100,27.943060406340813
4,101,30.877841152370905
4,102,32.87992637788844
4,103,30.35531155560556
4,104,29.97840567164246
4,105,33.71505789902833
4,106,33.78737304591398
4,107,31.35491379930814
4,108,33.558998401782034
4,109,36.77666072313939
4,110,35.328999131810086
4,111,34.5233164160099
4,112,37.955639549393126
4,113,39.548468841201334
4,114,37.79699563971596
4,115,38.61166947091638
4,116,42.068704920693165
4,117,42.264742645432534
4,118,41.188560895241714
4,119,43.83439313093766
4,120,46.550951708639815
4,121,45.22314235045824
4,122,45.655448990018314
4,123,49.05848508431492
4,124,51.021833037367955
5,1,11.346297674625216
5,2,8.641455375571999
5,3,5.384381545867329
5,4,3.808866565471233
5,6,3.7794242697846787
5,7,6.221695111031156
5,8,4.932300459643761
5,9,8.276041655191198
5,10,10.286044647550273
5,11,12.817113337781784
5,12,12.89126486584787
5,13,15.653963007840689
5,14,15.81885913889163
5,15,16.290775491359213
5,16,13.097648155941192
5,17,11.018511193103082
5,18,13.21017782436147
5,19,12.024650822195605
5,20,8.519653837486093
5,21,10.187824328888302
5,22,10.143574745727996
5,23,6.563708217964186
5,24,8.29646302862856
5,25,11.388904494012206
5,26,10.783413956383203
5,27,10.176490649484132
5,28,13.129529216342075
5,29,15.891345498203247
5,30,34.804697401162166
5,31,34.347109549565644
5,32,30.74615998247998
5,33,29.680333936173046
5,34,31.15523663717067
5,35,28.53280726256558
5,36,25.831355196212396
5,37,27.28359730758556
5,38,27.314382176313533
5,39,23.56013968126135
5,40,23.169701699166755
5,41,25.46975275012867
5,42,24.041003624933552
5,43,20.59847793985428
5,44,22.2290009929719
5,45,24.384527647787742
5,46,21.789020869464558
5,47,19.95307520039243
5,48,23.254404192907867
5,49,24.196467061943874
5,50,21.46713846629034
5,51,22.61860586574041
5,52,26.26138088719335
5,53,25.774741434203964
5,54,24.049081764953716
5,55,26.870784758514198
5,56,29.737470590415814
5,57,28.26101233697981
5,58,28.218179703977565
5,59,24.419011885596213
5,60,24.28357113701577
5,61,21.85697564414163
5,62,20.26140780317981
5,63,16.846593673667254
5,64,18.77247746836096
5,65,22.392637556321226
5,66,25.386467659313286
5,67,28.479019618355515
5,68,32.04707899482938
5,69,32.011632331947524
5,70,32.57968281264118
5,71,31.014023217091523
5,72,33.48847789019446
5,73,33.86763228099033
5,74,34.57062374014747
5,75,30.927354587610537
5,76,29.73784958445392
5,77,32.03709600633024
5,78,29.300538409810848
5,79,29.131066560140592
5,80,26.405987408343485
5,81,25.44990067800536
5,82,25.361480604913226
5,83,22.776481440378245
5,84,20.132502474489247
5,85,20.510320338406306
5,86,21.103050453205633
5,87,20.007373812449924
5,88,16.633670960861863
5,89,16.13102715717677
5,90,16.980799630636724
5,91,20.14211511044566
5,92,21.010088066161327
5,93,20.973658397368204
5,94,23.664311591209028
5,95,25.81696876299932
5,96,25.921361392327498
5,97,26.03528591898402
5,98,29.790907121328768
5,99,30.063532102573895
5,100,27.106068116860136
5,101,29.719675807961817
5,102,32.019700468755694
5,103,29.581513217100902
5,104,28.745624839382057
5,105,32.462837774341736
5,106,32.886039389446005
5,107,30.304871555673483
5,108,32.1439389607947
5,109,35.532470274299065
5,110,34.38793567932873
5,111,33.29000733255464
5,112,36.544652373537154
5,113,38.457009937026896
5,114,36.77114982887725
5,115,37.27721070201246
5,116,40.76127902044137
5,117,41.2647845747801
5,118,40.085548919687426
5,119,42.48567577240336
5,120,45.40449271929968
5,121,44.26185864620813
5,122,44.47352868097677
5,123,47.794614295912936
5,124,49.934091898517764
6,1,14.376177274447407
6,2,12.043042039246378
6,3,8.97601294783191
6,4,6.933661429362063
6,5,3.7794242697846787
6,7,3.8260790182551867
6,8,5.246224144656509
6,9,8.301205904308688
6,10,8.977754341684134
6,11,12.239643017715528
6,12,13.01765512435995
6,13,15.641221976017576
6,14,15.25672535989954
6,15,16.44724501731841
6,16,13.818174368665499
6,17,10.87518906227093
6,18,12.88477703853408
6,19,12.684959770813208
6,20,8.98832574738419
6,21,9.324723892244899
6,22,9.46425078637609
6,23,5.826618946744441
6,24,5.713057940717856
6,25,9.204426632787461
6,26,9.007441895462058
6,27,7.521490058266294
6,28,9.977001851666222
6,29,13.043353461375427
6,30,32.190066793499014
6,31,31.472427777942848
6,32,27.917046157291047
6,33,26.883628110643738
6,34,28.06975255849494
6,35,25.354570804653818
6,36,22.830957310981773
6,37,24.225552829211086
6,38,23.963538197527694
6,39,20.18854977893453
6,40,20.023067364860132
6,41,22.17003536530754
6,42,20.501748704013487
6,43,17.176312387903852
6,44,19.01538643870942
6,45,20.951400813176388
6,46,18.233752306574072
6,47,16.683682926438337
6,48,20.150505191826884
6,49,20.914469741787443
6,50,18.383775783581772
6,51,19.869688730274873
6,52,23.3883860556721
6,53,22.922471175093396
6,54,21.590227957081424
6,55,24.49046113989235
6,56,27.241534240871456
6,57,26.005428946773055
6,58,26.3380724251014
6,59,22.612099788506523
6,60,22.381264198899334
6,61,20.38389066813721
6,62,18.96537382910323
6,63,15.570492019582375
6,64,17.773391726789697
6,65,21.12704704041025
6,66,24.23200099703214
6,67,27.00657957317877
6,68,30.563203228254206
6,69,30.243571391172562
6,70,31.047710913572256
6,71,29.4369732363725
6,72,31.699139276534215
6,73,32.24375870879734
6,74,32.60328171985563
6,75,28.868484613639566
6,76,28.03844566241919
6,77,30.669076135502728
6,78,28.247016719796356
6,79,28.50385771126614
6,80,25.965656365090705
6,81,25.443188579154903
6,82,25.033877940039538
6,83,22.10894782774724
6,84,19.86670613332726
6,85,20.748817459595653
6,86,20.953924075073704
6,87,19.212128423616317
6,88,15.563036695113919
6,89,14.385028045199704
6,90,14.819612360469822
6,91,18.316461905758164
6,92,19.105716507066237
6,93,18.483534067281912
6,94,21.186646870149364
6,95,23.6296574074738
6,96,23.51249524447907
6,97,23.22282509123209
6,98,26.964147258254027
6,99,27.408048172641774
6,100,24.31044791225992
6,101,26.73818638746189
6,102,29.284685420213457
6,103,27.069777659422204
6,104,26.001535346958146
6,105,29.722035442880273
6,106,30.470432333667173
6,107,27.98840385922382
6,108,29.609962073687235
6,109,33.132729733333534
6,110,32.31162468551434
6,111,31.217741140085877
6,112,34.31577523061882
6,113,36.4216935234966
6,114,35.00925726917885
6,115,35.455651105789755
6,116,38.83247510746038
6,117,39.61020803191616
6,118,38.59882340073856
6,119,40.82104379784469
6,120,43.817467914620494
6,121,42.96633114801339
6,122,43.20077260973831
6,123,46.36401979765858
6,124,48.727719132540706
7,1,14.920342566637576
7,2,12.787232853983047
7,3,10.62554484108011
7,4,7.664388434928148
7,5,6.221695111031156
7,6,3.8260790182551867
7,8,3.8000681781966392
7,9,5.60446227674631
7,10,5.262585876228191
7,11,8.75856842070054
7,12,9.93463557522159
7,13,12.560415436556326
7,14,12.277095873935835
7,15,14.095201090271162
7,16,11.775303024499513
7,17,8.61558179045464
7,18,11.181241670279213
7,19,11.928390063174566
7,20,8.80881254543449
7,21,9.201767142650112
7,22,10.756934116060972
7,23,7.867177730818274
7,24,6.574191703942247
7,25,10.382617883533989
7,26,11.43611669174789
7,27,9.969460156612078
7,28,11.288087539517326
7,29,14.849199181718593
7,30,33.92208474497079
7,31,32.807201408491125
7,32,29.275003001217385
7,33,28.515131559171436
7,34,29.30233986124033
7,35,26.334629213909146
7,36,24.247201650617615
7,37,25.677311393753982
7,38,24.85974617456018
7,39,21.09478639121726
7,40,21.440708355226892
7,41,23.21011162622609
7,42,20.980325932944776
7,43,18.01733760206922
7,44,19.99941347018305
7,45,21.295310754987792
7,46,18.111963478549637
7,47,17.029818050879772
7,48,20.482098145190843
7,49,20.54189235145117
7,50,17.84540946841336
7,51,19.88397447326757
7,52,23.157510519159533
7,53,22.108575637572457
7,54,21.012002829599677
7,55,24.278812817117604
7,56,26.617122624950827
7,57,25.09043141938922
7,58,25.818712523462597
7,59,22.14791949829474
7,60,22.491205184880624
7,61,20.926286470166207
7,62,19.007475764723917
7,63,15.390241717273087
7,64,16.973916767712407
7,65,20.19481715521483
7,66,22.939430001833138
7,67,25.52901958690687
7,68,28.88616538686149
7,69,28.20585657467248
7,70,28.715546070272175
7,71,26.771920005827052
7,72,28.814076684923506
7,73,29.09650832159326
7,74,29.364111219058188
7,75,25.664598488765577
7,76,24.678189146347744
7,77,27.29326812743392
7,78,24.859479647933178
7,79,25.337302435125107
7,80,23.06418640208942
7,81,22.531157850883325
7,82,21.76698460558195
7,83,18.86012454760179
7,84,16.974404624159785
7,85,17.837354112353644
7,86,17.63184271646578
7,87,15.638406270251492
7,88,11.925067761901687
7,89,10.864828640393084
7,90,11.095525850763964
7,91,14.540332404670039
7,92,15.550627777555942
7,93,15.089417274804823
7,94,17.63078753122152
7,95,20.054405112181808
7,96,20.230853545526546
7,97,20.062854489291638
7,98,23.851727349834267
7,99,24.444369557383332
7,100,21.596149842757267
7,101,24.321985093178107
7,102,26.77554959425662
7,103,24.711408684371953
7,104,24.03152135473427
7,105,27.821838022560478
7,106,28.480905127775475
7,107,26.33682708386782
7,108,28.235282341183748
7,109,31.696592664897384
7,110,30.84787939201172
7,111,30.180055134981234
7,112,33.34918741103665
7,113,35.24929698362061
7,114,34.085464476815105
7,115,34.89436253458233
7,116,38.10880865300717
7,117,38.80162931111623
7,118,38.137862259482006
7,119,40.48556111549975
7,120,43.305594727147486
7,121,42.55824344362279
7,122,43.118849837278155
7,123,46.207560913390644
7,124,48.6098989811105
8,1,12.035630817435097
8,2,9.531054793502566
8,3,7.972177604414596
8,4,4.457266990636553
8,5,4.932300459643761
8,6,5.246224144656509
8,7,3.8000681781966392
8,9,3.8168871088446723
8,10,5.640562321434165
8,11,7.884951043162263
8,12,8.313252607211968
8,13,11.420427941133115
8,14,12.067046447061392
8,15,13.232986390778093
8,16,10.160121295842133
8,17,8.014090989760323
8,18,11.196116471970674
8,19,11.109453647910561
8,20,8.31931340891788
8,21,10.218442361366664
8,22,11.855713998377352
8,23,8.888194507721355
8,24,9.113170106439279
8,25,12.79325374773702
8,26,13.514186953367583
8,27,12.577286386102692
8,28,14.510019885577124
8,29,17.913124031810977
8,30,36.77628403750761
8,31,35.83518542420447
8,32,32.21709923811727
8,33,31.512993069808264
8,34,32.555631654157544
8,35,29.589611920178555
8,36,27.379144108523064
8,37,28.951745245612546
8,38,28.34691998630311
8,39,24.554364151477536
8,40,24.786299974848806
8,41,26.73842949016988
8,42,24.660817701296427
8,43,21.591738459954065
8,44,23.47864733125603
8,45,24.951618651661736
8,46,21.82839586864559
8,47,20.532993618499166
8,48,23.88772920661237
8,49,24.050096403683312
8,50,21.156590832419038
8,51,22.955049331392047
8,52,26.333361317964382
8,53,25.184012740504713
8,54,23.743445609736757
8,55,27.004437858462886
8,56,29.392176980654654
8,57,27.571527380116468
8,58,28.0061675867573
8,59,24.258605804622746
8,60,24.798489822947317
8,61,22.87542110505806
8,62,20.678957838333453
8,63,16.961585606359638
8,64,18.137274854410954
8,65,21.632822082652066
8,66,24.172314971333797
8,67,27.060858135613554
8,68,30.375620432914882
8,69,29.894386607743606
8,70,30.047892342190476
8,71,28.03801661464627
8,72,30.2323098527446
8,73,30.215471258639283
8,74,30.830983599375948
8,75,27.26645028218468
8,76,25.79796839569322
8,77,28.00263016254647
8,78,25.174249454622398
8,79,25.23226884883745
8,80,22.847702472964283
8,81,21.729929469315543
8,82,21.176222353355673
8,83,18.726468982416765
8,84,16.469311551582013
8,85,16.60761961942091
8,86,16.671347020509508
8,87,15.433611777489643
8,88,12.059862145676595
8,89,12.084154925063538
8,90,12.722819828518663
8,91,15.623504647470922
8,92,16.883836793026486
8,93,17.203318702244204
8,94,19.58060651555509
8,95,21.654406268070954
8,96,22.22940915611032
8,97,22.534592124995324
8,98,26.31556203463174
8,99,26.794712694591755
8,100,24.20140373944201
8,101,27.180189544131387
8,102,29.346866958812274
8,103,27.10869665534933
8,104,26.773484161461873
8,105,30.564628670448933
8,106,30.868986237205913
8,107,28.714727346923112
8,108,30.89692633166688
8,109,34.207513307562785
8,110,33.02308966050032
8,111,32.45601396598517
8,112,35.80134843315163
8,113,37.458307324682615
8,114,36.077911408387216
8,115,37.03571344197218
8,116,40.32379673262534
8,117,40.71962377239589
8,118,39.97199731185305
8,119,42.53262753929969
8,120,45.236123266118156
8,121,44.218896520048766
8,122,44.83900770184922
8,123,48.072890247971955
8,124,50.26298339922447
9,1,11.960481859345919
9,2,10.346031032047678
9,3,9.947062653906848
9,4,6.883066617165591
9,5,8.276041655191198
9,6,8.301205904308688
9,7,5.60446227674631
9,8,3.8168871088446723
9,10,3.806948111973035
9,11,5.392267182247862
9,12,4.777184773903936
9,13,7.619770582852136
9,14,8.417048258455333
9,15,9.782404042686972
9,16,6.972076634275521
9,17,5.019064042325419
9,18,8.707482134849615
9,19,9.363356495537321
9,20,7.718712288466384
9,21,9.782429837601356
9,22,12.477539319488903
9,23,10.469782177462378
9,24,10.309668744480419
9,25,13.734956759243389
9,26,15.35210509012918
9,27,14.867233457899408
9,28,16.116621448369276
9,29,19.77235815589956
9,30,39.51319362627337
9,31,38.34843446267289
9,32,34.810082981220496
9,33,34.111131368614735
9,34,34.828808275340606
9,35,31.81476816134834
9,36,29.82305681930798
9,37,31.194645066373493
9,38,30.248188921798764
9,39,26.521394958465933
9,40,26.867699340985087
9,41,28.40326972297273
9,42,26.024666948387274
9,43,23.141745775273943
9,44,24.80914385326745
9,45,25.845499357987336
9,46,22.475208762643597
9,47,21.258381408932042
9,48,24.363886849505363
9,49,24.04886195878881
9,50,20.89077869009454
9,51,22.843973371123905
9,52,26.02259900668073
9,53,24.365752540633924
9,54,22.870374791022794
9,55,26.336122572819924
9,56,28.381143518653303
9,57,26.176881040501108
9,58,26.735094299263174
9,59,23.079877729173496
9,60,24.195156080317403
9,61,22.525353483230763
9,62,19.833312892317018
9,63,16.051869212034582
9,64,16.45837711406848
9,65,19.825152713884638
9,66,21.921089196586504
9,67,24.74453992592496
9,68,27.848979298910685
9,69,27.24267417930929
9,70,27.05342741331276
9,71,24.873035262752587
9,72,27.04560759444195
9,73,26.822504743733422
9,74,27.621547256583238
9,75,24.170297589610158
9,76,22.434561901694213
9,77,24.438465204784066
9,78,21.492555859214495
9,79,21.459932199891263
9,80,19.126963669218828
9,81,17.949403174860237
9,82,17.365373766494415
9,83,14.963112045324497
9,84,12.730777844384615
9,85,12.846332254134124
9,86,12.931054454823212
9,87,11.80393501085726
9,88,8.61674266563136
9,89,9.114140602646694
9,90,10.381892608980847
9,91,12.767627028251122
9,92,13.84369028416779
9,93,14.794786298422096
9,94,17.183331231473
9,95,18.791499118719837
9,96,19.531132804189305
9,97,20.33983511205587
9,98,24.034623373646713
9,99,24.31420095783569
9,100,22.02544204790544
9,101,25.272370172185994
9,102,27.090949989395863
9,103,24.78770615373219
9,104,24.916998936223017
9,105,28.677643029647715
9,106,28.656147438778675
9,107,26.7237638485153
9,108,29.24393909064302
9,109,32.36053422947003
9,110,30.960420656233726
9,111,30.758494134596166
9,112,34.2186097828214
9,113,35.563195699599994
9,114,34.26272184282589
9,115,35.568750743823045
9,116,38.73537050134812
9,117,38.90847512365327
9,118,38.403917849928696
9,119,41.14660011953799
9,120,43.62813000528862
9,121,42.581973439036766
9,122,43.49761856439529
9,123,46.708984289754795
9,124,48.826588260428196
10,1,15.757936064049112
10,2,14.00772310061069
10,3,13.208684614958747
10,4,9.841120689292344
10,5,10.286044647550273
10,6,8.977754341684134
10,7,5.262585876228191
10,8,5.640562321434165
10,9,3.806948111973035
10,11,3.8086214527325595
10,12,5.646035219897701
10,13,8.321591369947614
10,14,8.791832628606397
10,15,11.39571616099374
10,16,9.575981059426313
10,17,7.046468350225295
10,18,10.370832204773953
10,19,12.086992754210618
10,20,10.370205401357783
10,21,11.294817187896228
10,22,14.089866726622173
10,23,12.050356038823105
10,24,10.658710308089136
10,25,14.165176720534054
10,26,16.057625593350625
10,27,14.891066048583413
10,28,15.490105721199606
10,29,19.24337050623235
10,30,37.896652122009556
10,31,36.418118771153146
10,32,32.930207779840536
10,33,32.49098860404438
10,34,32.92142721334157
10,35,29.733122675697338
10,36,28.112468610209582
10,37,29.590840955545136
10,38,28.266279300099438
10,39,24.606666811462865
10,40,25.420725074194713
10,41,26.799979035074454
10,42,24.081721567189067
10,43,21.577210695632516
10,44,23.568385904792745
10,45,24.182505683128603
10,46,20.626517351765006
10,47,20.01689672950786
10,48,23.235008697570567
10,49,22.498999111581885
10,50,19.626186666704413
10,51,22.10820468832302
10,52,25.002785294099
10,53,23.196638194839124
10,54,22.27405768173434
10,55,25.8797561931585
10,56,27.64048863562896
10,57,25.627256586419733
10,58,26.712065508561462
10,59,23.203737339028788
10,60,24.351983919346537
10,61,23.201755303939965
10,62,20.63996388922882
10,63,16.92797485660597
10,64,17.41356509229352
10,65,20.395119955908
10,66,22.420584283692268
10,67,24.80333170190744
10,68,27.765561388932127
10,69,26.674289700220076
10,70,26.553365254934647
10,71,24.10060405893825
10,72,25.844241356048432
10,73,25.552153363896313
10,74,25.858792212343037
10,75,22.33460956565626
10,76,20.83471659718636
10,77,23.179276662013674
10,78,20.535652468561796
10,79,21.17231362349504
10,80,19.32614445313193
10,81,18.502486056699734
10,82,17.21954378273543
10,83,14.613102746132409
10,84,13.261807727917521
10,85,13.708340723279091
10,86,12.83586546545957
10,87,10.732857948735216
10,88,7.081839626945385
10,89,7.140008639589806
10,90,7.200997517714367
10,91,10.030573898920544
10,92,11.63279881298408
10,93,12.030932861413486
10,94,14.090473440791671
10,95,16.19037650612164
10,96,17.11347265491837
10,97,17.45984621410164
10,98,21.21722454687337
10,99,21.95308989387097
10,100,19.727237390584833
10,101,22.96825951598057
10,102,25.04993029446902
10,103,23.16639553336633
10,104,23.272170235167632
10,105,27.052511466218224
10,106,27.37608657764114
10,107,25.765955647621773
10,108,28.14816440083214
10,109,31.36737558177493
10,110,30.326945677430125
10,111,30.3107618936421
10,112,33.59882005846869
10,113,35.06554963524954
10,114,34.15383759024257
10,115,35.505647713076876
10,116,38.489877464708876
10,117,38.916459900362945
10,118,38.68620932009872
10,119,41.268648098223004
10,120,43.767544400007125
10,121,43.03997931482767
10,122,44.05106463225931
10,123,47.07807387675376
10,124,49.4112903824194
11,1,16.447477199552544
11,2,14.735914582049508
11,3,14.814602301430737
11,4,11.375044979707857
11,5,12.817113337781784
11,6,12.239643017715528
11,7,8.75856842070054
11,8,7.884951043162263
11,9,5.392267182247862
11,10,3.8086214527325595
11,12,3.8071580905984135
11,13,6.874682600099863
11,14,8.837629583551676
11,15,11.408260822037992
11,16,9.683046997577298
11,17,8.531468662247661
11,18,12.092300670777473
11,19,13.746516189554036
11,20,12.793612440967353
11,21,14.32328080010209
11,22,17.336099904565163
11,23,15.386329790068691
11,24,14.360832925437254
11,25,17.833675813410554
11,26,19.7247081965759
11,27,18.611955307751728
11,28,19.293825640947535
11,29,23.041018367932395
11,30,41.00785385775535
11,31,39.42892082328892
11,32,35.908405051565445
11,33,35.71101678536911
11,34,36.12849309147971
11,35,32.81109891622554
11,36,31.366342761313724
11,37,33.01990182638475
11,38,31.583399752321114
11,39,27.953183976724667
11,40,28.98167938806715
11,41,30.366683544075396
11,42,27.5266559186274
11,43,25.18611757243341
11,44,27.262013975349056
11,45,27.710862533937092
11,46,24.079729881220818
11,47,23.651924172579143
11,48,26.799627474232942
11,49,25.825489122805216
11,50,22.9370618129699
11,51,25.509668087436086
11,52,28.259508056469965
11,53,26.174911962509476
11,54,25.28165055459378
11,55,28.969024818498095
11,56,30.487476709153775
11,57,28.22688566514578
11,58,29.3782303414097
11,59,25.96534901973195
11,60,27.454271049083665
11,61,26.3549408515569
11,62,23.52509378217533
11,63,19.819838569188583
11,64,19.749805375479774
11,65,22.642530898738045
11,66,24.205202948235385
11,67,26.531992431806405
11,68,29.207277332700386
11,69,27.958610089540958
11,70,27.329487892630866
11,71,24.559404628070865
11,72,26.08408791849662
11,73,25.241196025077098
11,74,25.65526942038605
11,75,22.40131798697006
11,76,20.36587925551963
11,77,22.263045971224965
11,78,19.32185830879927
11,79,19.910417247081536
11,80,18.449020848104347
11,81,17.04130621227898
11,82,15.37224831266663
11,83,13.464262630605369
11,84,12.495528861746209
11,85,11.987496877835689
11,86,10.49771319333813
11,87,8.897189978683675
11,88,5.999869743594057
11,89,7.982492979562663
11,90,7.7724072109510844
11,91,9.290035374695462
11,92,11.625131021601957
11,93,12.8883513217855
11,94,14.199303740452383
11,95,15.908926258478152
11,96,17.59824632641228
11,97,18.333911691227666
11,98,21.925050909244337
11,99,22.80780205761759
11,100,21.14105470141125
11,101,24.63955836154939
11,102,26.41746326445909
11,103,24.68674350872827
11,104,25.3098518087293
11,105,29.006593540185765
11,106,29.074718626137884
11,107,27.79496040319307
11,108,30.446537814928952
11,109,33.46602378337453
11,110,32.26059437136095
11,111,32.605162750959366
11,112,35.95733650144063
11,113,37.13017055199802
11,114,36.29749000994134
11,115,37.94189741696269
11,116,40.81195526031988
11,117,41.01934012193672
11,118,40.97787269496706
11,119,43.71801291872323
11,120,46.01389699365539
11,121,45.21580301189308
11,122,46.454061046370235
11,123,49.48355191687687
11,124,51.70596746400257
12,1,13.824418540210825
12,2,12.825519360871917
12,3,13.617018690006146
12,4,10.78099611717184
12,5,12.89126486584787
12,6,13.01765512435995
12,7,9.93463557522159
12,8,8.313252607211968
12,9,4.777184773903936
12,10,5.646035219897701
12,11,3.8071580905984135
12,13,3.789493461638523
12,14,6.449892900457359
12,15,8.13936710304919
12,16,6.1999781182434175
12,17,6.228488647803888
12,18,9.721398540876567
12,19,11.04756927896411
12,20,10.962870105600823
12,21,13.063663070343651
12,22,16.3123375127824
12,23,14.900689015295809
12,24,14.527965320441137
12,25,17.699644676856042
12,26,19.768236927389825
12,27,19.375748155919716
12,28,20.19767384519127
12,29,23.956858797314272
12,30,43.45416560124356
12,31,42.041647845747164
12,32,38.53582316088439
12,33,38.047451740137646
12,34,38.5233007891685
12,35,35.36782855245541
12,36,33.682798634095406
12,37,35.079199872452556
12,38,33.79839960290057
12,39,30.148720937107598
12,40,30.78893120760693
12,41,32.062569042416634
12,42,29.37579585597652
12,43,26.796470507480475
12,44,28.45372256591244
12,45,29.035699764357506
12,46,25.460404421174555
12,47,24.55133651594777
12,48,27.449710667997003
12,49,26.597822275889964
12,50,23.366099392639935
12,51,25.55639726987696
12,52,28.40678610780018
12,53,26.213978014033973
12,54,24.838773998058702
12,55,28.47150206375648
12,56,30.03311628780476
12,57,27.44794117689828
12,58,28.228738092797954
12,59,24.7982004317909
12,60,26.53320934661798
12,61,25.196625501256616
12,62,22.078208171658925
12,63,18.40414457486009
12,64,17.8609679946901
12,65,20.875381739860938
12,66,22.218519235497943
12,67,24.820948032538006
12,68,27.47972145929786
12,69,26.586470314320476
12,70,25.7494295768002
12,71,23.16532581541281
12,72,25.076685441573087
12,73,24.25514440288799
12,74,25.22668225114812
12,75,22.087930894016324
12,76,19.76378370942064
12,77,21.272471052360732
12,78,18.02645064792074
12,79,17.929018790471083
12,80,16.014041436517658
12,81,14.309381168160774
12,82,13.31076330311509
12,83,11.53246240157366
12,84,9.75983764768605
12,85,8.96144852195445
12,86,8.480208945847826
12,87,7.939570836574226
12,88,5.728042688821332
12,89,8.120084750683404
12,90,9.526731942033564
12,91,10.492580271285053
12,92,11.890630860433971
12,93,13.90550413516623
12,94,15.687763438597115
12,95,16.641738079702634
12,96,18.07231151330598
12,97,19.484271030709564
12,98,22.948943025962766
12,99,23.235533782710643
12,100,21.622998808822356
12,101,25.210524272061637
12,102,26.572274466690693
12,103,24.422820020937195
12,104,25.27033240743468
12,105,28.908484657705305
12,106,28.51632062179798
12,107,27.067502500290257
12,108,29.977506370329884
12,109,32.79594520632869
12,110,31.188574153100376
12,111,31.5518635585179
12,112,35.079562398496506
12,113,35.992955636282865
12,114,34.88214333784272
12,115,36.649140776905625
12,116,39.59184597965197
12,117,39.482726236138326
12,118,39.33874168652642
12,119,42.28159941231706
12,120,44.44415380681777
12,121,43.380337521048325
12,122,44.681928011282395
12,123,47.832598948056585
12,124,49.83917722070046
13,1,14.866183508135064
13,2,14.799263218876698
13,3,15.919408479390446
13,4,13.628568305561647
13,5,15.653963007840689
13,6,15.641221976017576
13,7,12.560415436556326
13,8,11.420427941133115
13,9,7.619770582852136
13,10,8.321591369947614
13,11,6.874682600099863
13,12,3.789493461638523
13,14,3.7973294754772886
13,15,5.3653830173032775
13,16,5.2462548791118335
13,17,6.283501951682874
13,18,8.611318843251503
13,19,10.532471647855504
13,20,11.628828173182518
13,21,13.39728745620677
13,22,17.00502673354643
13,23,16.41862687715926
13,24,15.957183979329926
13,25,18.606700393624212
13,26,21.168706358206872
13,27,21.24334103657461
13,28,21.632160235392305
13,29,25.397183316036156
13,30,45.83023864546144
13,31,44.33024612100144
13,32,40.93784704068229
13,33,40.30024249597425
13,34,40.53765903524077
13,35,37.4751005288394
13,36,35.85970587929466
13,37,36.95690218797091
13,38,35.513300161785985
13,39,31.976407925505104
13,40,32.513994975186854
13,41,33.41138976572985
13,42,30.639679888329663
13,43,28.167877054242634
13,44,29.464372332505643
13,45,29.766135346336515
13,46,26.16553519892798
13,47,25.17567908845668
13,48,27.695410788343853
13,49,26.567031090584532
13,50,23.17219255180655
13,51,25.25579765597893
13,52,27.867106804328774
13,53,25.330798436771435
13,54,23.830956497851588
13,55,27.464758646382457
13,56,28.708107204982067
13,57,25.80617906811207
13,58,26.573943275323124
13,59,23.359915555945097
13,60,25.558161951994727
13,61,24.452505511977623
13,62,21.03452327945937
13,63,17.59112826632201
13,64,16.295986584622096
13,65,18.96298325376519
13,66,19.75662811023987
13,67,22.24027065424733
13,68,24.6268160406049
13,69,23.73863239426716
13,70,22.577396583664154
13,71,19.96976784988777
13,72,21.97253253729915
13,73,21.05749888458646
13,74,22.382749587459326
13,75,19.431866933548694
13,76,16.86808206369216
13,77,18.069299905400108
13,78,14.70380655584456
13,79,14.288375070249812
13,80,12.245063854164135
13,81,10.590117590198105
13,82,9.839119248983218
13,83,7.986423291069757
13,84,6.021609627915012
13,85,5.425277296751941
13,86,5.5406571363461365
13,87,5.553616277751992
13,88,4.749712538534258
13,89,7.345321489243255
13,90,9.774239323414477
13,91,9.76568136497805
13,92,10.215859649638745
13,93,12.979382986556574
13,94,14.870310736714133
13,95,14.977207483687044
13,96,16.273822959054524
13,97,18.342253728806984
13,98,21.516136880320595
13,99,21.334944673766458
13,100,20.043607309091488
13,101,23.722551160876872
13,102,24.59451344723686
13,103,22.29183490388414
13,104,23.568263961303195
13,105,27.038603020186077
13,106,26.23535004714671
13,107,24.954163233002053
13,108,28.13278777658876
13,109,30.663216172651143
13,110,28.801154612539307
13,111,29.460753538616764
13,112,33.048029775241865
13,113,33.62614121457421
13,114,32.53453394358026
13,115,34.58052245433996
13,116,37.389985761210454
13,117,37.03552058567075
13,118,37.07361976450203
13,119,40.158169816499424
13,120,42.088329415562136
13,121,40.9705852402695
13,122,42.50864674883356
13,123,45.62156744876747
13,124,47.51794977409883
14,1,15.58582637577785
14,2,15.923025610854047
14,3,16.491916495259854
14,4,14.515969539758665
14,5,15.81885913889163
14,6,15.25672535989954
14,7,12.277095873935835
14,8,12.067046447061392
14,9,8.417048258455333
14,10,8.791832628606397
14,11,8.837629583551676
14,12,6.449892900457359
14,13,3.7973294754772886
14,15,3.801428910116898
14,16,5.432694874866283
14,17,5.0964399337953115
14,18,5.9812504240346565
14,19,8.945985483418426
14,20,10.306050402017295
14,21,11.154392518169905
14,22,14.948440260249134
14,23,15.044806717982844
14,24,14.216124964608973
14,25,16.321742397405778
14,26,19.312282719620065
14,27,19.712521753858965
14,28,19.611965976606385
14,29,23.30811358380407
14,30,44.57487784359249
14,31,43.05831662046243
14,32,39.80992519371059
14,33,38.930138121879764
14,34,38.96461916170866
14,35,36.077781591664895
14,36,34.45375787605299
14,37,35.19802294593524
14,38,33.68622840414813
14,39,30.27566308568827
14,40,30.620410539405302
14,41,31.184812033411475
14,42,28.436119609765395
14,43,26.013131748077495
14,44,26.955212815997008
14,45,27.097673446813996
14,46,23.558762814940817
14,47,22.429848712935247
14,48,24.65630736605821
14,49,23.434982637542024
14,50,19.944169618151605
14,51,21.912443477430465
14,52,24.40584029181067
14,53,21.774464161853228
14,54,20.19492780627337
14,55,23.815987956629492
14,56,24.976630294737856
14,57,22.024165525629215
14,58,22.817140104523332
14,59,19.663694599418385
14,60,21.994227009274834
14,61,21.110173043166814
14,62,17.638219711738177
14,63,14.334036634500489
14,64,12.839785240854075
14,65,15.312191201959537
14,66,16.14206270022118
14,67,18.574687090950157
14,68,21.08766206173979
14,69,20.24959336624411
14,70,19.392075267567186
14,71,17.00907746258937
