1,2,3.8076588616934064
1,3,6.557328244316266
1,4,9.775497790977685
1,5,13.250667926947633
1,6,15.671583893003886
1,7,19.354491618057537
1,8,22.20607870181737
1,9,23.84771272927817
1,10,27.22631636221902
1,11,24.73051516320823
1,12,22.865623909280224
1,13,20.517696023151093
1,14,18.575354533779677
1,15,18.642553983150457
1,16,15.278446104173767
1,17,14.23463311730227
1,18,11.094512819033568
1,19,10.005322122162006
1,20,10.816034619343752
1,21,11.146814550642079
1,22,19.087464228750026
1,23,18.569134391834798
1,24,18.22698554090426
1,25,17.53907572670242
1,26,18.55085007779545
1,27,16.192655498934744
1,28,17.82693166189935
1,29,17.334561123267243
1,30,17.25631283437355
1,31,13.988476959021083
1,32,12.038193187916358
1,33,12.006112651711447
1,34,13.378059714837825
1,35,12.166896655764134
1,36,15.750430626879622
1,37,19.095811895135583
1,38,19.37606108476304
1,39,22.21274999019381
1,40,25.228408263427344
1,41,25.35275207113299
1,42,22.375946951105607
1,43,18.768082388893877
1,44,16.155700502987617
1,45,12.402094555421302
1,46,10.401894931660086
1,47,7.240173220096062
1,48,7.906071017752674
1,49,10.18109815822289
1,50,9.331870787633672
1,51,5.928384605806681
2,1,3.8076588616934064
2,3,3.8022851250324226
2,4,6.5892812529876235
2,5,10.100034644936057
2,6,12.70542860875005
2,7,16.478069656773393
2,8,19.48560431167782
2,9,20.89174235439602
2,10,24.10147292067471
2,11,23.193287192762845
2,12,21.083465387568292
2,13,18.309983719167732
2,14,16.002698036793177
2,15,15.515867435444202
2,16,11.948887040532606
2,17,10.524668706377746
2,18,7.297711413570826
2,19,6.4590639812684305
2,20,7.564805938150619
2,21,8.895167743291179
2,22,15.305512056050903
2,23,14.85812960957991
2,24,14.596845907685966
2,25,14.274198361328393
2,26,15.676759513955533
2,27,13.855351222416026
2,28,16.111803471898543
2,29,15.89798845591404
2,30,16.582026692231118
2,31,13.294045813778727
2,32,11.087294690333984
2,33,11.686223136718233
2,34,12.597516148000288
2,35,11.776639846015314
2,36,15.004893808967651
2,37,18.070216430513007
2,38,17.807513624843033
2,39,20.22006004723545
2,40,22.958641527770602
2,41,22.6403957370573
2,42,19.685150552972615
2,43,15.96919561211443
2,44,13.872305040733883
2,45,10.339206400816359
2,46,8.791744369212884
2,47,6.429757046194891
2,48,7.498793456067391
2,49,10.819717951057097
2,50,10.684043340701548
2,51,8.187825044937322
3,1,6.557328244316266
3,2,3.8022851250324226
3,4,3.803101833609724
3,5,6.795234803202407
3,6,9.684452893056555
3,7,13.372152798645264
3,8,16.613462714770517
3,9,18.438839405600326
3,10,21.556748848163974
3,11,21.964948294114862
3,12,19.36706249643981
3,13,16.619123941117255
3,14,13.83686985588731
3,15,13.37547413181733
3,16,9.888071040191289
3,17,8.823789997032444
3,18,6.553241380219285
3,19,6.122900507480935
3,20,5.212378260956306
3,21,6.457548720694331
3,22,14.252007876401334
3,23,14.21109626413313
3,24,13.38849593073804
3,25,13.477753397802601
3,26,14.560732457348667
3,27,12.926415572377069
3,28,15.163687410548821
3,29,14.339900869553116
3,30,15.675513743093841
3,31,12.96483070466101
3,32,9.9489590083853
3,33,9.996599436930925
3,34,9.883045409735711
3,35,8.921817055357353
3,36,11.713234682567904
3,37,14.654873834845114
3,38,14.383522867068862
3,39,16.61821027086108
3,40,19.44314745024975
3,41,19.149876252490504
3,42,16.058062930982757
3,43,12.3818598601337
3,44,10.135920901420894
3,45,6.616171903899821
3,46,5.8344706853545
3,47,5.08255572402111
3,48,7.730245398314144
3,49,11.061954853884387
3,50,12.179797213573458
3,51,10.004469630426762
4,1,9.775497790977685
4,2,6.5892812529876235
4,3,3.803101833609724
4,5,3.792933338834144
4,6,6.1514475388926
4,7,9.927264897306207
4,8,13.104324478738176
4,9,14.702526736226217
4,10,17.80352743404348
4,11,19.162515712242584
4,12,16.393348382415173
4,13,13.371741640849054
4,14,10.33887383145248
4,15,9.589684528694175
4,16,6.1254920173462315
4,17,5.700969970941275
4,18,4.953429295022629
4,19,6.599080339143047
4,20,5.480032676915142
4,21,8.058921004065004
4,22,12.030270948037995
4,23,11.614241573819507
4,24,10.110217563027245
4,25,10.200241234798225
4,26,11.127234888911751
4,27,9.94461233817732
4,28,12.528506993038526
4,29,11.928317873503882
4,30,13.995501550911614
4,31,11.614595649723235
4,32,8.665226759822108
4,33,9.551604985041987
4,34,9.221659017228484
4,35,9.508514844515942
4,36,11.648630506665185
4,37,13.776229070274542
4,38,12.565291979330135
4,39,14.391313427120135
4,40,16.74089845762393
4,41,16.162961017241393
4,42,13.401621216571913
4,43,9.682909583715004
4,44,8.226381498511518
4,45,5.60231295030584
4,46,5.014980046108421
4,47,5.884925309579742
4,48,7.927639375365933
4,49,11.381801183765944
4,50,13.095334507651495
4,51,11.950839897200195
5,1,13.250667926947633
5,2,10.100034644936057
5,3,6.795234803202407
5,4,3.792933338834144
5,6,3.797608639129703
5,7,7.143200395831464
5,8,10.766845115964967
5,9,12.661519772349902
5,10,15.356345315058789
5,11,19.355681519658262
5,12,16.133803701834836
5,13,13.112380720603399
5,14,9.513287046203553
5,15,8.257259365462115
5,16,5.405749333654905
5,17,5.396347681840463
5,18,6.665514227626964
5,19,8.270380631842084
5,20,5.89264852883988
5,21,8.182555903615745
5,22,11.14860253609193
5,23,11.392155869680279
5,24,9.525852210983391
5,25,10.516930838099396
5,26,11.275913241362986
5,27,10.956682606188874
5,28,13.508542325907912
5,29,12.555043007521801
5,30,15.360008692481442
5,31,13.74641070173068
5,32,10.632058271778154
5,33,11.115550451023799
5,34,9.594704671148783
5,35,9.955618675129825
5,36,10.828508189834857
5,37,12.25247376202392
5,38,10.68248046051276
5,39,11.66127131210579
5,40,13.76916542039283
5,41,12.77460610481958
5,42,9.843914234022836
5,43,6.097206166835221
5,44,5.522607941781053
5,45,4.635989393480508
5,46,6.247554783619239
5,47,8.772340205961285
5,48,11.147942681544876
5,49,14.231719353670165
5,50,16.454497873630995
5,51,15.455515424461558
6,1,15.671583893003886
6,2,12.70542860875005
6,3,9.684452893056555
6,4,6.1514475388926
6,5,3.797608639129703
6,7,3.7845466522069016
6,8,7.101385741839361
6,9,9.09222540969586
6,10,12.075165524319967
6,11,16.062427583118232
6,12,12.686461072957792
6,13,9.724725139451513
6,14,5.9932803690213365
6,15,5.208274129934109
6,16,4.014200894312759
6,17,6.44810230419575
6,18,8.95089005333563
6,19,11.494862566062277
6,20,9.622109314019745
6,21,11.928025144098518
6,22,12.364192668481211
6,23,11.832810738912052
6,24,8.909653893324728
6,25,9.205558779019562
6,26,8.855332789092301
6,27,8.754930050935926
6,28,10.940896412734427
6,29,9.926441086748369
6,30,13.257700097626426
6,31,12.369828471965267
6,32,9.660256175072066
6,33,10.625940399646328
6,34,9.235903451892453
6,35,10.90618594266269
6,36,11.325655048874513
6,37,11.693884332442353
6,38,9.077314440951518
6,39,9.792634257721105
6,40,11.254590291992313
6,41,10.405787643365827
6,42,8.361316594646874
6,43,5.167229873602648
6,44,5.671888899304255
6,45,6.35333797777962
6,46,7.056013327153754
6,47,9.9456724231179
6,48,11.587593126248365
6,49,14.153749713681968
6,50,16.822973909192495
6,51,16.65008500339405
7,1,19.354491618057537
7,2,16.478069656773393
7,3,13.372152798645264
7,4,9.927264897306207
7,5,7.143200395831464
7,6,3.7845466522069016
7,8,3.792747740073521
7,9,6.4353635346872
7,10,9.040062346056043
7,11,15.311872667233834
7,12,11.675010165679874
7,13,9.19700806151072
7,14,5.703866059987986
7,15,5.289984958973689
7,16,6.548662466068757
7,17,9.322234148815562
7,18,12.398434923995586
7,19,14.983074932760564
7,20,12.921205952227732
7,21,14.945433301421392
7,22,14.104295037696405
7,23,13.638446284610376
7,24,10.377854694183949
7,25,10.783197099474398
7,26,9.68341931668403
7,27,10.261195687122607
7,28,11.793196609524875
7,29,10.562925109276335
7,30,14.27360115605866
7,31,14.313617787199634
7,32,11.964720619196676
7,33,12.746025163061695
7,34,10.950225464382118
7,35,13.004723626886914
7,36,12.444960143747595
7,37,11.628166681320065
7,38,8.320805030647401
7,39,7.779895895981023
7,40,8.139607369009646
7,41,7.01503729562204
7,42,6.046371554258657
7,43,4.517559362652469
7,44,6.650894495707261
7,45,8.95361004031913
7,46,10.031603412485742
7,47,13.230598916096257
7,48,14.728392385231158
7,49,16.803855265861745
7,50,19.78049533430699
7,51,19.94495247072968
8,1,22.20607870181737
8,2,19.48560431167782
8,3,16.613462714770517
8,4,13.104324478738176
8,5,10.766845115964967
8,6,7.101385741839361
8,7,3.792747740073521
8,9,3.7947929141073424
8,10,6.540867700269248
8,11,12.915799214413083
8,12,9.307324906862123
8,13,7.532328047749416
8,14,5.28235323728144
8,15,6.070390544666791
8,16,8.915367287950101
8,17,12.203150629028324
8,18,15.444101699008883
8,19,18.370706105811923
8,20,16.58087583835473
8,21,18.69009374535006
8,22,16.64361345111725
8,23,15.656380204364257
8,24,12.063891311049916
8,25,11.79417549743088
8,26,9.690897167367474
8,27,10.51848306380251
8,28,11.182926766316882
8,29,10.096900832825218
8,30,13.874610917428733
8,31,14.744976082039566
8,32,13.138956118862614
8,33,14.199759964545652
8,34,12.799292736985462
8,35,15.488753001261426
8,36,14.754889065677725
8,37,13.197027728817032
8,38,9.45990086614198
8,39,8.543766541772447
8,40,7.490225313559557
8,41,6.852384085777484
8,42,7.876082293497819
8,43,7.852340700204735
8,44,9.872739467463616
8,45,12.245357967466147
8,46,12.711118734547847
8,47,15.697845212091334
8,48,16.599487913016993
8,49,18.129232339278772
8,50,21.24233342665023
8,51,22.004858985419602
9,1,23.84771272927817
9,2,20.89174235439602
9,3,18.438839405600326
9,4,14.702526736226217
9,5,12.661519772349902
9,6,9.09222540969586
9,7,6.4353635346872
9,8,3.7947929141073424
9,10,3.80726465941703
9,11,12.353721000301887
9,12,9.382940612547396
9,13,7.220911080174642
9,14,5.944205431814637
9,15,5.623610617343318
9,16,9.309459083700643
9,17,12.48237790173769
9,18,16.00145052793611
9,19,19.30184545612919
9,20,18.129374316187167
9,21,20.749739613914475
9,22,15.961321164413443
9,23,14.472570505615167
9,24,10.854630661340114
9,25,10.422911228461356
9,26,8.273266476584528
9,27,10.266237329377192
9,28,11.2387374891436
9,29,11.383375222219774
9,30,15.058000313546119
9,31,15.746674738201248
9,32,14.86465082588666
9,33,16.678120265235872
9,34,15.868145376433807
9,35,18.653023017824964
9,36,18.293160416786794
9,37,16.947869939261658
9,38,13.217132448922415
9,39,12.256438733014669
9,40,10.719401520514888
9,41,9.360218802190508
9,42,10.788427701685409
9,43,10.653074167488588
9,44,13.049449144086534
9,45,15.063615788867128
9,46,15.236771006690585
9,47,17.77122950390482
9,48,18.09401047493012
9,49,19.78515236938662
9,50,22.53127997612683
9,51,23.613824912058877
10,1,27.22631636221902
10,2,24.10147292067471
10,3,21.556748848163974
10,4,17.80352743404348
10,5,15.356345315058789
10,6,12.075165524319967
10,7,9.040062346056043
10,8,6.540867700269248
10,9,3.80726465941703
10,11,15.05899881839044
10,12,12.437619851500495
10,13,10.754945763249868
10,14,9.740633272465656
10,15,8.784573873367354
10,16,12.270420224037517
10,17,14.908331509961629
10,18,18.635284506170915
10,19,21.801161421437513
10,20,20.571118023137785
10,21,23.139682096123014
10,22,17.027889488647567
10,23,15.90075579992398
10,24,12.687874502663908
10,25,12.945974405980017
10,26,11.339799656940874
10,27,13.838586794307131
10,28,14.864700013113895
10,29,15.108336360100992
10,30,18.73730205194636
10,31,19.529125079705175
10,32,18.650772986254754
10,33,20.340346479463275
10,34,19.239893575417312
10,35,21.82292314225613
10,36,21.063239760336295
10,37,19.412262345019794
10,38,15.737050641155363
10,39,13.967155046438448
10,40,11.591001307258233
10,41,9.520579553898951
10,42,11.760691310967994
10,43,12.510112580075392
10,44,15.512103260188686
10,45,17.96492521184769
10,46,18.619166113611875
10,47,21.320156101275153
10,48,21.798863125528545
10,49,23.580585064710043
10,50,26.299463076533673
10,51,27.305804495122196
11,1,24.73051516320823
11,2,23.193287192762845
11,3,21.964948294114862
11,4,19.162515712242584
11,5,19.355681519658262
11,6,16.062427583118232
11,7,15.311872667233834
11,8,12.915799214413083
11,9,12.353721000301887
11,10,15.05899881839044
11,12,3.810170860559086
11,13,6.5497846000733695
11,14,10.26324862636029
11,15,13.326496150920288
11,16,15.77740490159905
11,17,19.372975890145447
11,18,21.369073673152208
11,19,24.81968485778752
11,20,24.40272680490757
11,21,26.872807278878287
11,22,24.636796932630563
11,23,21.878810879385536
11,24,18.339529589283753
11,25,15.295617976384198
11,26,11.546509107893845
11,27,10.309327566749502
11,28,7.169238537709307
11,29,8.06232605193956
11,30,8.667238163030861
11,31,11.215936953012509
11,32,13.154325643001078
11,33,15.479288514990897
11,34,16.987325315223597
11,35,20.750430338195972
11,36,21.575086762845622
11,37,20.478252043615647
11,38,17.34826127281954
11,39,18.61995939112998
11,40,18.1437158336641
11,41,19.205339324466
11,42,20.31486680466921
11,43,19.464013088971402
11,44,19.623376908539576
11,45,20.0290088808495
11,46,17.82796805040803
11,47,18.623667886064503
11,48,16.931520510826545
11,49,16.360167665935645
11,50,18.742253639158186
11,51,21.55126592098062
12,1,22.865623909280224
12,2,21.083465387568292
12,3,19.36706249643981
12,4,16.393348382415173
12,5,16.133803701834836
12,6,12.686461072957792
12,7,11.675010165679874
12,8,9.307324906862123
12,9,9.382940612547396
12,10,12.437619851500495
12,11,3.810170860559086
12,13,3.8058044113465765
12,14,7.042015813796207
12,15,10.428315892587912
12,16,12.980302941998213
12,17,16.72213304398014
12,18,18.959034044180044
12,19,22.309218208967614
12,20,21.48160421763443
12,21,23.804495922360964
12,22,22.189296974525963
12,23,19.823453409753306
12,24,16.124807385219
12,25,13.540601549301474
12,26,9.807823748921967
12,27,8.637520223544577
12,28,6.019010174598116
12,29,5.7499181203435334
12,30,7.8712200203375
12,31,10.312139338637655
12,32,11.165396530967193
12,33,13.175217666186894
12,34,14.038906443698755
12,35,17.774187147941824
12,36,18.276716452523853
12,37,17.040156143833045
12,38,13.741303390148985
12,39,14.869567644922938
12,40,14.474631992804149
12,41,15.538765726379973
12,42,16.53284845104298
12,43,15.755946858858028
12,44,15.996617056373331
12,45,16.721918150539043
12,46,14.91885281931008
12,47,16.304824049228873
12,48,15.287356617523523
12,49,15.181463545450896
12,50,18.038093243672968
12,51,20.312360438045943
13,1,20.517696023151093
13,2,18.309983719167732
13,3,16.619123941117255
13,4,13.371741640849054
13,5,13.112380720603399
13,6,9.724725139451513
13,7,9.19700806151072
13,8,7.532328047749416
13,9,7.220911080174642
13,10,10.754945763249868
13,11,6.5497846000733695
13,12,3.8058044113465765
13,14,3.7870584607125695
13,15,6.849958242591202
13,16,9.372621196817237
13,17,13.072513893635643
13,18,15.44220850692558
13,19,18.92487901065867
13,20,18.31534799881579
13,21,20.947526303498318
13,22,18.430562478232183
13,23,16.023723773533977
13,24,12.336949664693412
13,25,9.788266721622739
13,26,6.117802820540176
13,27,5.4006569303304826
13,28,4.347669732037334
13,29,5.165690968441857
13,30,8.301980260685363
13,31,9.336953903545934
13,32,9.708383343847748
13,33,12.270563632105977
13,34,13.03143435925037
13,35,16.507395561507867
13,36,17.281192215186735
13,37,16.548708029896357
13,38,13.146785417387964
13,39,14.172907345500663
13,40,14.028839271963365
13,41,14.307477849349992
13,42,14.78716697671853
13,43,13.446144030301534
13,44,13.96214564147072
13,45,14.494437483085838
13,46,12.85315888673128
13,47,14.26326333691268
13,48,13.368790262159177
13,49,14.164841156642048
13,50,16.807649205597315
13,51,18.721744796193406
14,1,18.575354533779677
14,2,16.002698036793177
14,3,13.83686985588731
14,4,10.33887383145248
14,5,9.513287046203553
14,6,5.9932803690213365
14,7,5.703866059987986
14,8,5.28235323728144
14,9,5.944205431814637
14,10,9.740633272465656
14,11,10.26324862636029
14,12,7.042015813796207
14,13,3.7870584607125695
14,15,3.8013190902294705
14,16,6.133392481543717
14,17,9.92467346367944
14,18,12.56935259071984
14,19,15.90819578038658
14,20,14.940980216907217
14,21,17.53679161803156
14,22,15.504893888325666
14,23,13.619693417076329
14,24,9.911223607758354
14,25,8.233147165902347
14,26,5.47466149714063
14,27,5.277802757634573
14,28,6.291076724475073
14,29,6.096012970743433
14,30,9.813896055188572
14,31,9.979083718974527
14,32,8.956879965142333
14,33,11.131622143631263
14,34,11.093430005731602
14,35,14.158773420421312
14,36,14.762279841370967
14,37,14.271690964330444
14,38,10.87248939634716
14,39,11.704147608209126
14,40,11.9587909812042
14,41,11.75787403084268
14,42,11.592764231070452
14,43,9.845712926018155
14,44,10.558851509900025
14,45,11.274091799516873
14,46,10.27249577485899
14,47,12.284749671411799
14,48,12.260881713774783
14,49,13.847540679908265
14,50,16.61731661917535
14,51,17.782720190415557
15,1,18.642553983150457
15,2,15.515867435444202
15,3,13.37547413181733
15,4,9.589684528694175
15,5,8.257259365462115
15,6,5.208274129934109
15,7,5.289984958973689
15,8,6.070390544666791
15,9,5.623610617343318
15,10,8.784573873367354
15,11,13.326496150920288
15,12,10.428315892587912
15,13,6.849958242591202
15,14,3.8013190902294705
15,16,3.8037227386516217
15,17,7.21210954025014
15,18,10.512597007041704
15,19,13.972199138940262
15,20,13.264250137636036
15,21,16.27297862806313
15,22,11.940323400946616
15,23,10.169749809346426
15,24,6.42463836936852
15,25,5.786426288558249
15,26,4.61677678833424
15,27,6.444134588467879
15,28,9.000441638201995
15,29,9.584887047570389
15,30,13.114517736041718
15,31,12.4723856396446
15,32,11.221288482104892
15,33,13.475785301004201
15,34,13.123029282808561
15,35,15.524591083714974
15,36,16.110452478953032
15,37,15.953038122770403
15,38,12.69371989680299
15,39,12.876261919594409
15,40,12.953964231748703
15,41,11.618002828557291
15,42,11.112857201067365
15,43,9.060507214554207
15,44,10.660046960928216
15,45,11.447920666007565
15,46,11.216450629075755
15,47,13.233207366620123
15,48,13.506387271094354
15,49,15.884464798149885
15,50,18.20940202633151
15,51,18.923363304064836
16,1,15.278446104173767
16,2,11.948887040532606
16,3,9.888071040191289
16,4,6.1254920173462315
16,5,5.405749333654905
16,6,4.014200894312759
16,7,6.548662466068757
16,8,8.915367287950101
16,9,9.309459083700643
16,10,12.270420224037517
16,11,15.77740490159905
16,12,12.980302941998213
16,13,9.372621196817237
16,14,6.133392481543717
16,15,3.8037227386516217
16,17,3.7913168449754258
16,18,6.781975779844228
16,19,10.205960896324012
16,20,9.697166171496532
16,21,12.914454421983345
16,22,9.887256964030527
16,23,8.432493031627429
16,24,5.3471024351040075
16,25,5.341908847121508
16,26,6.0372608894585875
16,27,6.774695484313878
16,28,10.016234786068566
16,29,10.437681337116901
16,30,13.522709701608136
16,31,11.925055055651049
16,32,10.088900051772141
16,33,12.217263426836588
16,34,11.940432346866304
16,35,13.666959301085866
16,36,14.817318080821522
16,37,15.535573310425976
16,38,12.911850332578487
16,39,13.65529704000114
16,40,14.647511375458915
16,41,13.346048374411513
16,42,11.733198998134181
16,43,8.676333130395562
16,44,9.47347280516501
16,45,9.20950245381598
16,46,8.97494361631938
16,47,10.615756702790197
16,48,11.238578895672116
16,49,14.239607562412846
16,50,16.21781228233259
16,51,16.337047647847264
17,1,14.23463311730227
17,2,10.524668706377746
17,3,8.823789997032444
17,4,5.700969970941275
17,5,5.396347681840463
17,6,6.44810230419575
17,7,9.322234148815562
17,8,12.203150629028324
17,9,12.48237790173769
17,10,14.908331509961629
17,11,19.372975890145447
17,12,16.72213304398014
17,13,13.072513893635643
17,14,9.92467346367944
17,15,7.21210954025014
17,16,3.7913168449754258
17,18,3.8084708101564253
17,19,7.066704902042735
17,20,7.213251088344369
17,21,10.851404438644469
17,22,6.8561421208223825
17,23,6.1490528575998455
17,24,4.794591903695397
17,25,6.462794112911454
17,26,8.830198205968838
17,27,9.732405285330112
17,28,13.25150174458113
17,29,13.825434048835591
17,30,16.561910789505074
17,31,14.370043697246828
17,32,12.37283199148947
17,33,14.248576750521696
17,34,13.881773695692393
17,35,14.713471260148369
17,36,16.083727704268863
17,37,17.39823499605845
17,38,15.317175623397514
17,39,15.964110145271825
17,40,17.21720199956391
17,41,15.501876198860632
17,42,13.31682436314676
17,43,9.979590135089435
17,44,10.684764462710046
17,45,9.829766243870049
17,46,10.154152866486513
17,47,11.275501778139217
17,48,12.22707344624403
17,49,15.738949635949462
17,50,17.11985726371243
17,51,16.572554307165515
18,1,11.094512819033568
18,2,7.297711413570826
18,3,6.553241380219285
18,4,4.953429295022629
18,5,6.665514227626964
18,6,8.95089005333563
18,7,12.398434923995586
18,8,15.444101699008883
18,9,16.00145052793611
18,10,18.635284506170915
18,11,21.369073673152208
18,12,18.959034044180044
18,13,15.44220850692558
18,14,12.56935259071984
18,15,10.512597007041704
18,16,6.781975779844228
18,17,3.8084708101564253
18,19,3.807282135986617
18,20,5.485200682658866
18,21,9.175158277013363
18,22,8.215828570614041
18,23,7.7749192361065385
18,24,7.774181747647928
18,25,8.721949140624066
18,26,11.233621738601252
18,27,11.221087652212452
18,28,14.620598810148953
18,29,15.170754406511946
18,30,17.241334493240508
18,31,14.414269691445263
18,32,12.38058291708797
18,33,14.07006806482322
18,34,14.144040528163096
18,35,14.333153408753262
18,36,16.38689062666357
18,37,18.438007703209003
18,38,16.981226995241233
18,39,18.21234590134823
18,40,20.018740569440048
18,41,18.638847224641587
18,42,16.046164076368466
18,43,12.425669129159319
18,44,12.12792163836916
18,45,10.108505257787199
18,46,9.942741092733838
18,47,9.940010493445323
18,48,10.861399679342549
18,49,14.629635933162053
18,50,15.34969588232128
18,51,14.233226832768366
19,1,10.005322122162006
19,2,6.4590639812684305
19,3,6.122900507480935
19,4,6.599080339143047
19,5,8.270380631842084
19,6,11.494862566062277
19,7,14.983074932760564
19,8,18.370706105811923
19,9,19.30184545612919
19,10,21.801161421437513
19,11,24.81968485778752
19,12,22.309218208967614
19,13,18.92487901065867
19,14,15.90819578038658
19,15,13.972199138940262
19,16,10.205960896324012
19,17,7.066704902042735
19,18,3.807282135986617
19,20,3.802088178015647
19,21,6.791657893034854
19,22,9.631681198483925
19,23,10.356392863380902
19,24,11.156293411721812
19,25,12.491617709415284
19,26,15.018861398493433
19,27,14.762467986679324
19,28,17.959209469096553
19,29,18.12389924650999
19,30,19.948023190191527
19,31,16.992457010082546
19,32,14.61444223975794
19,33,15.588743140921615
19,34,15.364522157569137
19,35,14.58958565399749
19,36,16.70001920593294
19,37,19.262279727179493
19,38,18.492471570174516
19,39,19.78873237842438
19,40,21.986452424662534
19,41,20.638683130324374
19,42,17.58432646780205
19,43,13.950002377019583
19,44,13.180222892238552
19,45,10.73780474036445
19,46,11.115575099444898
19,47,10.807223459658791
19,48,12.37036122465006
19,49,16.09714197019845
19,50,16.490041852334876
19,51,14.521595065159707
20,1,10.816034619343752
20,2,7.564805938150619
20,3,5.212378260956306
20,4,5.480032676915142
20,5,5.89264852883988
20,6,9.622109314019745
20,7,12.921205952227732
20,8,16.58087583835473
20,9,18.129374316187167
20,10,20.571118023137785
20,11,24.40272680490757
20,12,21.48160421763443
20,13,18.31534799881579
20,14,14.940980216907217
20,15,13.264250137636036
20,16,9.697166171496532
20,17,7.213251088344369
20,18,5.485200682658866
20,19,3.802088178015647
20,21,3.784787113544129
20,22,10.668027982023988
20,23,11.897506083330349
20,24,11.873164623569606
20,25,13.425571923736447
20,26,15.353995039976562
20,27,14.978813861927362
20,28,17.87371769731839
20,29,17.309774584242902
20,30,19.4425052313755
20,31,16.989974630215652
20,32,13.983519925767041
20,33,14.224130534540723
20,34,13.14055461287927
20,35,11.994641410776316
20,36,13.551249433436027
20,37,16.052056808003616
20,38,15.554152820609378
20,39,16.697395955083593
20,40,19.122831378861683
20,41,17.922655757153212
20,42,14.577740783724806
20,43,11.00984889283123
20,44,9.966719946427597
20,45,7.734677941921381
20,46,9.183336919980453
20,47,9.965089524784874
20,48,12.513435244858599
20,49,16.01354927567054
20,50,17.174843365423726
20,51,15.090886913264152
21,1,11.146814550642079
21,2,8.895167743291179
21,3,6.457548720694331
21,4,8.058921004065004
21,5,8.182555903615745
21,6,11.928025144098518
21,7,14.945433301421392
21,8,18.69009374535006
21,9,20.749739613914475
21,10,23.139682096123014
21,11,26.872807278878287
21,12,23.804495922360964
21,13,20.947526303498318
21,14,17.53679161803156
21,15,16.27297862806313
21,16,12.914454421983345
21,17,10.851404438644469
21,18,9.175158277013363
21,19,6.791657893034854
21,20,3.784787113544129
21,22,13.95930245381397
21,23,15.572415355344866
21,24,15.52776633872082
21,25,17.053913594237592
21,26,18.680650086869697
21,27,17.966653567104228
21,28,20.48601847354231
21,29,19.36634321209316
21,30,21.288764873824395
21,31,19.022031649461805
21,32,15.67735088441986
21,33,15.015026701948795
21,34,13.424553461607426
21,35,11.259050444392162
21,36,12.52070282372644
21,37,15.416105303343402
21,38,15.806162716176381
21,39,17.046344146554613
21,40,19.9013541638198
21,41,19.037747045518085
21,42,15.379502020785978
21,43,12.12870329707505
21,44,10.388891380488188
21,45,8.051684171196232
21,46,10.090917203829491
21,47,10.942319052646733
21,48,14.105847913704572
21,49,17.206484947564675
21,50,18.447181746051953
21,51,15.815576349294908
22,1,19.087464228750026
22,2,15.305512056050903
22,3,14.252007876401334
22,4,12.030270948037995
22,5,11.14860253609193
22,6,12.364192668481211
22,7,14.104295037696405
22,8,16.64361345111725
22,9,15.961321164413443
22,10,17.027889488647567
22,11,24.636796932630563
22,12,22.189296974525963
22,13,18.430562478232183
22,14,15.504893888325666
22,15,11.940323400946616
22,16,9.887256964030527
22,17,6.8561421208223825
22,18,8.215828570614041
22,19,9.631681198483925
22,20,10.668027982023988
22,21,13.95930245381397
22,23,3.813666420714213
22,24,6.407604005070546
22,25,9.918797288525003
22,26,13.282335711932639
22,27,15.437125640457456
22,28,19.137493233670973
22,29,20.23101089512321
22,30,23.074671448553488
22,31,20.848497143393008
22,32,19.16878136719694
22,33,21.07684863481168
22,34,20.47559524305842
22,35,20.877362917433608
22,36,21.853856204651738
22,37,23.04722126858839
22,38,21.001932899248764
22,39,20.76893835242664
22,40,21.38263564563887
22,41,18.691608140017003
22,42,16.77263649524334
22,43,14.18706986803246
22,44,15.906151260737975
22,45,15.640271018468281
22,46,16.718150599053203
22,47,17.737000585093377
22,48,18.643385233867264
22,49,22.28621296644107
22,50,23.16729976390749
22,51,22.390616870384985
23,1,18.569134391834798
23,2,14.85812960957991
23,3,14.21109626413313
23,4,11.614241573819507
23,5,11.392155869680279
23,6,11.832810738912052
23,7,13.638446284610376
23,8,15.656380204364257
23,9,14.472570505615167
23,10,15.90075579992398
23,11,21.878810879385536
23,12,19.823453409753306
23,13,16.023723773533977
23,14,13.619693417076329
23,15,10.169749809346426
23,16,8.432493031627429
23,17,6.1490528575998455
23,18,7.7749192361065385
23,19,10.356392863380902
23,20,11.897506083330349
23,21,15.572415355344866
23,22,3.813666420714213
23,24,3.795964609409373
23,25,6.702849393135221
23,26,10.342412663808274
23,27,12.70593181432616
23,28,16.44469063521133
23,29,18.101646306033636
23,30,20.760880478958622
23,31,18.4914430339194
23,32,17.411314934696744
23,33,19.880794533186155
23,34,19.873568519889048
23,35,20.851438827018832
23,36,22.175146675946237
23,37,23.266956404580846
23,38,20.8803696671995
23,39,20.978608851547264
23,40,21.454598709431206
23,41,19.0517502394755
23,42,17.539614371581738
23,43,14.844020535596165
23,44,16.40735218194184
23,45,15.936774218660199
23,46,16.19931825848102
23,47,16.856433970840914
23,48,17.02610358459835
23,49,20.51371516516924
23,50,21.24505455329792
23,51,21.031056056831275
24,1,18.22698554090426
24,2,14.596845907685966
24,3,13.38849593073804
24,4,10.110217563027245
24,5,9.525852210983391
24,6,8.909653893324728
24,7,10.377854694183949
24,8,12.063891311049916
24,9,10.854630661340114
24,10,12.687874502663908
24,11,18.339529589283753
24,12,16.124807385219
24,13,12.336949664693412
24,14,9.911223607758354
24,15,6.42463836936852
24,16,5.3471024351040075
24,17,4.794591903695397
24,18,7.774181747647928
24,19,11.156293411721812
24,20,11.873164623569606
24,21,15.52776633872082
24,22,6.407604005070546
24,23,3.795964609409373
24,25,3.7971293145012117
24,26,6.9311108381397775
24,27,9.551955897272766
24,28,13.176102469162315
24,29,14.718565963511985
24,30,17.63247906999601
24,31,15.793548173585068
24,32,14.741346744305616
24,33,17.29762675416448
24,34,17.257460778210564
24,35,18.756648825805183
24,36,19.895245990019756
24,37,20.593627465892133
24,38,17.879964221047715
24,39,17.99588062073645
24,40,18.3023715032172
24,41,16.148171815414504
24,42,14.96976514968521
24,43,12.394247561679125
24,44,14.068648313731439
24,45,13.97138571232739
24,46,14.018903493997392
24,47,15.098532779731375
24,48,15.205427142417875
24,49,18.41802515738321
24,50,19.67623930137239
24,51,19.86468809564066
25,1,17.53907572670242
25,2,14.274198361328393
25,3,13.477753397802601
25,4,10.200241234798225
25,5,10.516930838099396
25,6,9.205558779019562
25,7,10.783197099474398
25,8,11.79417549743088
25,9,10.422911228461356
25,10,12.945974405980017
25,11,15.295617976384198
25,12,13.540601549301474
25,13,9.788266721622739
25,14,8.233147165902347
25,15,5.786426288558249
25,16,5.341908847121508
25,17,6.462794112911454
25,18,8.721949140624066
25,19,12.491617709415284
25,20,13.425571923736447
25,21,17.053913594237592
25,22,9.918797288525003
25,23,6.702849393135221
25,24,3.7971293145012117
25,26,3.7885417850848913
25,27,6.352877442152272
25,28,9.963919740605624
25,29,12.139792316451514
25,30,14.705550178646064
25,31,12.848267599764425
25,32,12.541832465399782
25,33,15.636747094551431
25,34,16.323087293914924
25,35,18.366367732398057
25,36,19.887426304033298
25,37,20.54449055037532
25,38,17.684035210331057
25,39,18.34379570333639
25,40,18.70710018423975
25,41,17.174128651407884
25,42,16.30158065478663
25,43,13.681733240162544
25,44,14.79315808404326
25,45,14.341815788427917
25,46,13.408630703106027
25,47,13.993870440938457
25,48,13.258758001916826
25,49,16.09477592254755
25,50,17.262821735431686
25,51,18.089726733650146
26,1,18.55085007779545
26,2,15.676759513955533
26,3,14.560732457348667
26,4,11.127234888911751
26,5,11.275913241362986
26,6,8.855332789092301
26,7,9.68341931668403
26,8,9.690897167367474
26,9,8.273266476584528
26,10,11.339799656940874
26,11,11.546509107893845
26,12,9.807823748921967
26,13,6.117802820540176
26,14,5.47466149714063
26,15,4.61677678833424
26,16,6.0372608894585875
26,17,8.830198205968838
26,18,11.233621738601252
26,19,15.018861398493433
26,20,15.353995039976562
26,21,18.680650086869697
26,22,13.282335711932639
26,23,10.342412663808274
26,24,6.9311108381397775
26,25,3.7885417850848913
26,27,3.7999058665202594
26,28,6.767547377797426
26,29,9.126626267080177
26,30,11.854079381206908
26,31,10.774058234712323
26,32,10.917958760835418
26,33,14.130907979301629
26,34,14.993094355138068
26,35,17.679616759465098
26,36,19.01287083967503
26,37,19.179673999965146
26,38,16.02481746427646
26,39,16.821072179931846
26,40,16.945337694297134
26,41,15.970795443849672
26,42,15.655291792920373
26,43,13.44234052272908
26,44,14.411854657168025
26,45,14.31177966081101
26,46,12.959611944844685
26,47,13.806224944858084
26,48,12.793377274832695
26,49,14.929360125077551
26,50,16.617778659246902
26,51,18.026101051251747
27,1,16.192655498934744
27,2,13.855351222416026
27,3,12.926415572377069
27,4,9.94461233817732
27,5,10.956682606188874
27,6,8.754930050935926
27,7,10.261195687122607
27,8,10.51848306380251
27,9,10.266237329377192
27,10,13.838586794307131
27,11,10.309327566749502
27,12,8.637520223544577
27,13,5.4006569303304826
27,14,5.277802757634573
27,15,6.444134588467879
27,16,6.774695484313878
27,17,9.732405285330112
27,18,11.221087652212452
27,19,14.762467986679324
27,20,14.978813861927362
27,21,17.966653567104228
27,22,15.437125640457456
27,23,12.70593181432616
27,24,9.551955897272766
27,25,6.352877442152272
27,26,3.7999058665202594
27,28,3.7752989669779686
27,29,6.144760889268982
27,30,8.379161473281957
27,31,6.976982683103497
27,32,7.421511737633398
27,33,10.90104335192318
27,34,12.429451383449717
27,35,15.315268409917193
27,36,17.096958376373227
27,37,17.542598695069955
27,38,14.714729148103636
27,39,16.33010045420692
27,40,17.091107122767017
27,41,16.877668682845822
27,42,16.21926315913023
27,43,13.720326111024123
27,44,13.688522753750267
27,45,12.947256791815704
27,46,10.729593237157623
27,47,11.05517108468037
27,48,9.556711516767807
27,49,11.276119110495953
27,50,13.129632037503942
27,51,14.820025686129457
28,1,17.82693166189935
28,2,16.111803471898543
28,3,15.163687410548821
28,4,12.528506993038526
28,5,13.508542325907912
28,6,10.940896412734427
28,7,11.793196609524875
28,8,11.182926766316882
28,9,11.2387374891436
28,10,14.864700013113895
28,11,7.169238537709307
28,12,6.019010174598116
28,13,4.347669732037334
28,14,6.291076724475073
28,15,9.000441638201995
28,16,10.016234786068566
28,17,13.25150174458113
28,18,14.620598810148953
28,19,17.959209469096553
28,20,17.87371769731839
28,21,20.48601847354231
28,22,19.137493233670973
28,23,16.44469063521133
28,24,13.176102469162315
28,25,9.963919740605624
28,26,6.767547377797426
28,27,3.7752989669779686
28,29,3.785539621762227
28,30,5.3418078210025435
28,31,5.453595941830974
28,32,7.0755150431741205
28,33,10.351156282613598
28,34,12.325012138150958
28,35,15.715822778881918
28,36,17.385766116846764
28,37,17.426289565088346
28,38,14.607595924082736
28,39,16.536628220550217
28,40,17.202865993819373
28,41,17.72239100238297
28,42,17.503423234821838
28,43,15.451085906236269
28,44,15.069346853444474
28,45,14.49298977704152
28,46,11.870623359445743
28,47,12.129357286981266
28,48,10.267997900486018
28,49,10.680622975336647
28,50,12.915332887452262
28,51,15.268397486492384
29,1,17.334561123267243
29,2,15.89798845591404
29,3,14.339900869553116
29,4,11.928317873503882
29,5,12.555043007521801
29,6,9.926441086748369
29,7,10.562925109276335
29,8,10.096900832825218
29,9,11.383375222219774
29,10,15.108336360100992
29,11,8.06232605193956
29,12,5.7499181203435334
29,13,5.165690968441857
29,14,6.096012970743433
29,15,9.584887047570389
29,16,10.437681337116901
29,17,13.825434048835591
29,18,15.170754406511946
29,19,18.12389924650999
29,20,17.309774584242902
29,21,19.36634321209316
29,22,20.23101089512321
29,23,18.101646306033636
29,24,14.718565963511985
29,25,12.139792316451514
29,26,9.126626267080177
29,27,6.144760889268982
29,28,3.785539621762227
29,30,3.8174281954032563
29,31,5.337457778753395
29,32,5.439485153356238
29,33,7.655603425509572
29,34,9.236046482896981
29,35,12.890933906476441
29,36,14.241853133299843
29,37,14.034529783102952
29,38,11.38763326320889
29,39,13.714091898821717
29,40,14.787846671406157
29,41,15.952622529334493
29,42,15.594618602277553
29,43,13.750075291583299
29,44,12.825943509140432
29,45,12.440271877936503
29,46,9.864053687769529
29,47,10.736577205080199
29,48,9.711228774405368
29,49,9.637702509716565
29,50,12.751142322266817
29,51,14.70576709864945
30,1,17.25631283437355
30,2,16.582026692231118
30,3,15.675513743093841
30,4,13.995501550911614
30,5,15.360008692481442
30,6,13.257700097626426
30,7,14.27360115605866
30,8,13.874610917428733
30,9,15.058000313546119
30,10,18.73730205194636
30,11,8.667238163030861
30,12,7.8712200203375
30,13,8.301980260685363
30,14,9.813896055188572
30,15,13.114517736041718
30,16,13.522709701608136
30,17,16.561910789505074
30,18,17.241334493240508
30,19,19.948023190191527
30,20,19.4425052313755
30,21,21.288764873824395
30,22,23.074671448553488
30,23,20.760880478958622
30,24,17.63247906999601
30,25,14.705550178646064
30,26,11.854079381206908
30,27,8.379161473281957
30,28,5.3418078210025435
30,29,3.8174281954032563
30,31,3.8197024564935536
30,32,5.754497394162541
30,33,7.743893023518878
30,34,10.471541643304398
30,35,13.938358645739532
30,36,15.809613072439344
30,37,15.945114215067383
30,38,13.924242432826885
30,39,16.719846176876757
30,40,18.060026707420583
30,41,19.555239147310157
30,42,19.090143422653895
30,43,17.136967498075396
30,44,15.68871340615541
30,45,14.692211993848876
30,46,11.502254305179669
30,47,11.299956701385568
30,48,9.405322978596278
30,49,7.9550208462676535
30,50,10.809359138951185
30,51,13.433618214399589
31,1,13.988476959021083
31,2,13.294045813778727
31,3,12.96483070466101
31,4,11.614595649723235
31,5,13.74641070173068
31,6,12.369828471965267
31,7,14.313617787199634
31,8,14.744976082039566
31,9,15.746674738201248
31,10,19.529125079705175
31,11,11.215936953012509
31,12,10.312139338637655
31,13,9.336953903545934
31,14,9.979083718974527
31,15,12.4723856396446
31,16,11.925055055651049
31,17,14.370043697246828
31,18,14.414269691445263
31,19,16.992457010082546
31,20,16.989974630215652
31,21,19.022031649461805
31,22,20.848497143393008
31,23,18.4914430339194
31,24,15.793548173585068
31,25,12.848267599764425
31,26,10.774058234712323
31,27,6.976982683103497
31,28,5.453595941830974
31,29,5.337457778753395
31,30,3.8197024564935536
31,32,3.816316480520502
31,33,6.99076082851459
31,34,10.257191281203866
31,35,13.175240955329937
31,36,15.741155214153636
31,37,16.685833972726396
31,38,14.896151076193114
31,39,17.782572482949206
31,40,19.47132787790772
31,41,20.450930765240134
31,42,19.411730301410774
31,43,16.834124394538627
31,44,15.229663948654396
31,45,13.484904523418546
31,46,9.952541671636077
31,47,8.80704276315931
31,48,6.129063398781073
31,49,5.392359951450948
31,50,7.738437479555377
31,51,10.337010154648041
32,1,12.038193187916358
32,2,11.087294690333984
32,3,9.9489590083853
32,4,8.665226759822108
32,5,10.632058271778154
32,6,9.660256175072066
32,7,11.964720619196676
32,8,13.138956118862614
32,9,14.86465082588666
32,10,18.650772986254754
32,11,13.154325643001078
32,12,11.165396530967193
32,13,9.708383343847748
32,14,8.956879965142333
32,15,11.221288482104892
32,16,10.088900051772141
32,17,12.37283199148947
32,18,12.38058291708797
32,19,14.61444223975794
32,20,13.983519925767041
32,21,15.67735088441986
32,22,19.16878136719694
32,23,17.411314934696744
32,24,14.741346744305616
32,25,12.541832465399782
32,26,10.917958760835418
32,27,7.421511737633398
32,28,7.0755150431741205
32,29,5.439485153356238
32,30,5.754497394162541
32,31,3.816316480520502
32,33,3.793923041144997
32,34,6.696754420098547
32,35,9.494596787207316
32,36,12.09544561698144
32,37,13.34328945281793
32,38,11.830246082955329
32,39,14.883607706942348
32,40,17.051947950517278
32,41,18.030565802493292
32,42,16.503850546943163
32,43,13.746440106208482
32,44,11.715729669264736
32,45,9.764234954245095
32,46,6.190877541652234
32,47,5.6286509320614035
32,48,4.496464611581461
32,49,4.994030828017446
32,50,8.278043117235029
32,51,9.48888420895608
33,1,12.006112651711447
33,2,11.686223136718233
33,3,9.996599436930925
33,4,9.551604985041987
33,5,11.115550451023799
33,6,10.625940399646328
33,7,12.746025163061695
33,8,14.199759964545652
33,9,16.678120265235872
33,10,20.340346479463275
33,11,15.479288514990897
33,12,13.175217666186894
33,13,12.270563632105977
33,14,11.131622143631263
33,15,13.475785301004201
33,16,12.217263426836588
33,17,14.248576750521696
33,18,14.07006806482322
33,19,15.588743140921615
33,20,14.224130534540723
33,21,15.015026701948795
33,22,21.07684863481168
33,23,19.880794533186155
33,24,17.29762675416448
33,25,15.636747094551431
33,26,14.130907979301629
33,27,10.90104335192318
33,28,10.351156282613598
33,29,7.655603425509572
33,30,7.743893023518878
33,31,6.99076082851459
33,32,3.793923041144997
33,34,3.8194772808104935
33,35,6.438406554718419
33,36,9.128302110163457
33,37,10.670433682412344
33,38,10.098906599121664
33,39,13.64348807398101
33,40,16.40519241803846
33,41,17.907336402482503
33,42,16.07565640995059
33,43,13.532139998904581
33,44,10.702759898945294
33,45,8.619880428648043
33,46,5.252548610882861
33,47,5.279111057775313
33,48,6.069398819084955
33,49,5.667105005889897
33,50,9.35767611102894
33,51,9.633787266882011
34,1,13.378059714837825
34,2,12.597516148000288
34,3,9.883045409735711
34,4,9.221659017228484
34,5,9.594704671148783
34,6,9.235903451892453
34,7,10.950225464382118
34,8,12.799292736985462
34,9,15.868145376433807
34,10,19.239893575417312
34,11,16.987325315223597
