1,2,3.7932116115551167
1,3,6.374286380663861
1,4,9.581304171132796
1,5,13.065083820733829
1,6,15.403323940526947
1,7,19.09332059210568
1,8,21.98022148732174
1,9,23.459787097731756
1,10,26.52783180359569
1,11,24.2996072047974
1,12,22.52958628387065
1,13,20.49815942524824
1,14,18.371483827527907
1,15,18.476680879143974
1,16,15.04926337890244
1,17,14.052885334974759
1,18,10.972319704822478
1,19,10.207859236757965
1,20,17.35606205970373
1,21,17.663579862798926
1,22,16.9605204978966
1,23,18.07843847228641
1,24,15.940468776670995
1,25,17.710048790497183
1,26,17.183196070523778
1,27,17.002112943588084
1,28,13.753049252415433
1,29,11.734396673503921
1,30,11.702294942450024
1,31,13.018741867009892
1,32,11.735274912837067
1,33,15.287528226904652
1,34,18.658792683836765
1,35,19.048928092654236
1,36,21.913994885128602
1,37,24.94247404683604
1,38,25.324445487460938
1,39,22.350065160478003
1,40,18.693993668938923
1,41,15.93785523285319
1,42,12.176993074624892
1,43,10.104900520107984
1,44,6.956625310248987
1,45,7.7114558005302145
1,46,10.042251971490135
1,47,9.149542362843693
1,48,5.7569618332223875
2,1,3.7932116115551167
2,3,3.7920705380575
2,4,6.583870814029419
2,5,10.092567993825009
2,6,12.679702302818233
2,7,16.45990079553321
2,8,19.504495322005194
2,9,20.72024106854614
2,10,23.542772359141875
2,11,23.08401155186684
2,12,21.032679085171612
2,13,18.535865570228765
2,14,16.042133516158778
2,15,15.543004784072968
2,16,11.910889253520276
2,17,10.44587404769232
2,18,7.213192378782092
2,19,6.593564278977189
2,20,13.671780795603706
2,21,14.11822846179281
2,22,13.834776734195458
2,23,15.398438196665424
2,24,13.872296316645544
2,25,16.26482212733365
2,26,16.044504224251526
2,27,16.63255601590662
2,28,13.354837688852784
2,29,11.103163976344037
2,30,11.75412819671058
2,31,12.63217058881217
2,32,11.673735356198453
2,33,14.829228461268418
2,34,17.96890668029261
2,35,17.819560773822705
2,36,20.236060471450358
2,37,23.01101532389201
2,38,22.903408433689044
2,39,19.90163605235578
2,40,16.13794547225927
2,41,13.892040767385279
2,42,10.339664459497822
2,43,8.807039617113917
2,44,6.484501910476304
2,45,7.591366133623092
2,46,10.947383754228918
2,47,10.736691919106958
2,48,8.171735355726911
3,1,6.374286380663861
3,2,3.7920705380575
3,4,3.7998231134274256
3,5,6.808165200706985
3,6,9.654419221035896
3,7,13.358836017293248
3,8,16.632775315516934
3,9,18.289515313780313
3,10,21.058887770273458
3,11,21.6999842225956
3,12,19.170310941630103
3,13,16.78128677893753
3,14,13.858984604035207
3,15,13.429951839978202
3,16,9.85214226226029
3,17,8.745249517067116
3,18,6.523794762462395
3,19,6.342699065855185
3,20,13.243164394718592
3,21,13.019148186254226
3,22,13.142954406446165
3,23,14.334991213325825
3,24,12.929731858573744
3,25,15.210236200262031
3,26,14.371932434842773
3,27,15.595257705758753
3,28,12.901181761147013
3,29,9.850919475562053
3,30,9.979927863293447
3,31,9.87025954955019
3,32,8.791128857617895
3,33,11.508128394917561
3,34,14.527630771238474
3,35,14.348495006220515
3,36,16.600159412456282
3,37,19.465759321038092
3,38,19.406154920176938
3,39,16.285256057232893
3,40,12.559144535358469
3,41,10.154250246383791
3,42,6.603496372167928
3,43,5.7864298950038675
3,44,5.059275109509424
3,45,7.712201574428588
3,46,11.134247944644327
3,47,12.168455628197242
3,48,9.815220031593856
4,1,9.581304171132796
4,2,6.583870814029419
4,3,3.7998231134274256
4,5,3.796212419291204
4,6,6.132155918900179
4,7,9.912644931938155
4,8,13.116592307302598
4,9,14.549511642788783
4,10,17.292232113613117
4,11,18.928601236834822
4,12,16.198581894184837
4,13,13.516311632969787
4,14,10.357020964249884
4,15,9.649256082678063
4,16,6.091395678185814
4,17,5.605084765383309
4,18,4.9162238427171765
4,19,6.718581999789725
4,20,10.82982922812252
4,21,9.806502065079277
4,22,9.947941032112269
4,23,10.948366062140794
4,24,9.991875939804745
4,25,12.565391130445516
4,26,11.949247733475676
4,27,13.912839935504067
4,28,11.554328547988527
4,29,8.578901289834807
4,30,9.573383682926396
4,31,9.317348041802138
4,32,9.477256785970601
4,33,11.53706106072513
4,34,13.761188460837596
4,35,12.627833837472709
4,36,14.464602136267006
4,37,16.84759994471137
4,38,16.44543536829493
4,39,13.617568582456066
4,40,9.850457543902566
4,41,8.250765660124813
4,42,5.58754046235115
4,43,5.017246643724523
4,44,5.867860556462992
4,45,7.888544258708258
4,46,11.407404635101791
4,47,13.102603166270418
4,48,11.73854740937931
5,1,13.065083820733829
5,2,10.092567993825009
5,3,6.808165200706985
5,4,3.796212419291204
5,6,3.8024196035219817
5,7,7.141311608331467
5,8,10.772527996840868
5,9,12.530508069072322
5,10,14.855926661608782
5,11,19.03985086019373
5,12,15.822834736914572
5,13,13.175150626264799
5,14,9.509034905304915
5,15,8.331844701417587
5,16,5.384086769585375
5,17,5.277737483354665
5,18,6.664411796805475
5,19,8.33388730245184
5,20,10.937324308011027
5,21,9.375720094383807
5,22,10.43008905180667
5,23,11.195487049684978
5,24,11.031551881830273
5,25,13.471542698236037
5,26,12.490288352024958
5,27,15.22014610096039
5,28,13.64800088131141
5,29,10.519773682590282
5,30,11.126292310844846
5,31,9.712726111901691
5,32,9.970526774028473
5,33,10.74562542353111
5,34,12.273829414661673
5,35,10.743792271158242
5,36,11.7340228979519
5,37,13.899971029603286
5,38,13.08693401330006
5,39,10.077811098283458
5,40,6.297614341833042
5,41,5.53902005323449
5,42,4.593538144573295
5,43,6.237757650931274
5,44,8.758874770562263
5,45,11.098167905992469
5,46,14.265142265485515
5,47,16.471392293837955
5,48,15.231144333418715
6,1,15.403323940526947
6,2,12.679702302818233
6,3,9.654419221035896
6,4,6.132155918900179
6,5,3.8024196035219817
6,7,3.7860477146058544
6,8,7.118501320019769
6,9,9.015222899235368
6,10,11.73420246698883
6,11,15.683853071109484
6,12,12.305814392132792
6,13,9.729020549532063
6,14,5.974940351720007
6,15,5.376825496024935
6,16,4.0219680965891005
6,17,6.414906858567004
6,18,8.965131496698092
6,19,11.557964831797802
6,20,11.731220464848152
6,21,8.99879132303105
6,22,9.315407551733687
6,23,8.901450625537219
6,24,8.82228341245094
6,25,10.809368525058405
6,26,9.74950524014884
6,27,13.019724993789644
6,28,12.182559809424697
6,29,9.47420575343728
6,30,10.559335008633573
6,31,9.341281543473576
6,32,10.92724810120058
6,33,11.306787986531187
6,34,11.79286629492066
6,35,9.218355784243698
6,36,9.978330892207328
6,37,11.457960437666456
6,38,10.708676701083343
6,39,8.544776910291827
6,40,5.256685628873285
6,41,5.675946953507583
6,42,6.302494688996358
6,43,7.009406876691449
6,44,9.856476956403078
6,45,11.449740890487098
6,46,14.063685539353868
6,47,16.77466515690407
6,48,16.333145059178676
7,1,19.09332059210568
7,2,16.45990079553321
7,3,13.358836017293248
7,4,9.912644931938155
7,5,7.141311608331467
7,6,3.7860477146058544
7,8,3.7848258301187405
7,9,6.3961595354647764
7,10,8.8373802385146
7,11,14.843428809461573
7,12,11.171986926970886
7,13,9.060132618882406
7,14,5.629604797283048
7,15,5.407506417701787
7,16,6.512736762884295
7,17,9.255571988476062
7,18,12.387443220177275
7,19,15.00578412785288
7,20,13.795710234624568
7,21,10.580603659645146
7,22,10.998589108933647
7,23,9.8130672178914
7,24,10.304496935940927
7,25,11.571681970170102
7,26,10.31256509096268
7,27,14.008247109851695
7,28,14.113306358085579
7,29,11.805728790431587
7,30,12.717951902525648
7,31,11.126595686335191
7,32,13.129454362719013
7,33,12.571204750828826
7,34,11.892270385559891
7,35,8.596823691519381
7,36,8.134661131920073
7,37,8.490203633492834
7,38,7.334079267350812
7,39,6.1762817879206935
7,40,4.473422220709365
7,41,6.697808347904102
7,42,8.95524522226372
7,43,10.033083967659607
7,44,13.174346761750032
7,45,14.60224113682516
7,46,16.72601256821997
7,47,19.751414125218062
7,48,19.638265887901756
8,1,21.98022148732174
8,2,19.504495322005194
8,3,16.632775315516934
8,4,13.116592307302598
8,5,10.772527996840868
8,6,7.118501320019769
8,7,3.7848258301187405
8,9,3.7983420756258823
8,10,6.5703547451556785
8,11,12.491634322429643
8,12,8.843965522621426
8,13,7.339855301700292
8,14,5.24604448181759
8,15,6.129522143296071
8,16,8.863040852697784
8,17,12.11920673806385
8,18,15.408840219559817
8,19,18.369686337912807
8,20,15.910993889573604
8,21,12.291374898491329
8,22,12.068899873630786
8,23,9.908019788287454
8,24,10.582630319370026
8,25,10.971083241805097
8,26,9.913359866893053
8,27,13.706883911658233
8,28,14.627762723307141
8,29,13.098378705299702
8,30,14.294610546749047
8,31,13.117432814683337
8,32,15.750154538938347
8,33,15.059393809502186
8,34,13.667827051914507
8,35,9.950146149606667
8,36,9.110098326522433
8,37,8.031102394398669
8,38,7.043207509829598
8,39,7.870310390651177
8,40,7.731750345997021
8,41,9.974397091389578
8,42,12.32188680954477
8,43,12.810348144052494
8,44,15.716107572410253
8,45,16.5386155065883
8,46,18.10731676552574
8,47,21.291173693307485
8,48,21.766877831210717
9,1,23.459787097731756
9,2,20.72024106854614
9,3,18.289515313780313
9,4,14.549511642788783
9,5,12.530508069072322
9,6,9.015222899235368
9,7,6.3961595354647764
9,8,3.7983420756258823
9,10,3.80733132110717
9,11,12.150817689351065
9,12,9.122600659256651
9,13,6.898704048857347
9,14,5.746558112205572
9,15,5.4336370879678375
9,16,9.109613290532238
9,17,12.259744301447274
9,18,15.783064966480795
9,19,19.084389054035878
9,20,14.762619673318458
9,21,10.99878101183017
9,22,10.608687096369893
9,23,8.376172412981562
9,24,10.19016020116712
9,25,10.94384457931257
9,26,11.169342900165287
9,27,14.84945901708747
9,28,15.52972213244327
9,29,14.71614699006774
9,30,16.671327543830163
9,31,16.10170751948918
9,32,18.79442311666461
9,33,18.504540455958626
9,34,17.37830081586354
9,35,13.687042658882891
9,36,12.84660867669943
9,37,11.418802863950548
9,38,9.742357258172335
9,39,10.847480177446306
9,40,10.559114736373926
9,41,13.074697453328172
9,42,15.016158472512569
9,43,15.210146628883127
9,44,17.63103537156156
9,45,17.86256254578616
9,46,19.56375082247796
9,47,22.39995002864581
9,48,23.21819068347229
10,1,26.52783180359569
10,2,23.542772359141875
10,3,21.058887770273458
10,4,17.292232113613117
10,5,14.855926661608782
10,6,11.73420246698883
10,7,8.8373802385146
10,8,6.5703547451556785
10,9,3.80733132110717
10,11,15.191514981832094
10,12,12.460321038098032
10,13,10.4975582618403
10,14,9.472286772565656
10,15,8.233838422552502
10,16,11.682894384849662
10,17,14.169835351478218
10,18,17.918370242742817
10,19,21.030454761819637
10,20,15.762463986781174
10,21,12.296118723915693
10,22,12.706129716574067
10,23,11.150389173126454
10,24,13.603933839441543
10,25,14.580816251319792
10,26,14.967658822884667
10,27,18.626881706026445
10,28,19.278709197943463
10,29,18.422724265676003
10,30,20.296841956666817
10,31,19.43461830917313
10,32,21.86319525104259
10,33,21.224246866646823
10,34,19.90772671117603
10,35,16.268397548728736
10,36,14.659159591035113
10,37,12.588103905150591
10,38,10.04032412238342
10,39,11.71210114890083
10,40,12.20020127509165
10,41,15.353970988525166
10,42,17.680209800570932
10,43,18.402400141823065
10,44,20.973334096605647
10,45,21.37880060628268
10,46,23.27065285912794
10,47,26.016063207188893
10,48,26.710308350336383
11,1,24.2996072047974
11,2,23.08401155186684
11,3,21.6999842225956
11,4,18.928601236834822
11,5,19.03985086019373
11,6,15.683853071109484
11,7,14.843428809461573
11,8,12.491634322429643
11,9,12.150817689351065
11,10,15.191514981832094
11,12,3.8059825786122277
11,13,6.407041258094282
11,14,10.041858641676349
11,15,13.239072306436542
11,16,15.59268153269472
11,17,19.262112877427025
11,18,21.251439751075495
11,19,24.755884841568527
11,20,22.051710344458947
11,21,18.556466313103034
11,22,15.64118834983696
11,23,11.882247938964564
11,24,10.300927074960864
11,25,6.996004579890296
11,26,7.640651511753698
11,27,8.322530293752205
11,28,11.023952508242484
11,29,12.90167091015762
11,30,15.09526808681667
11,31,16.674366986584914
11,32,20.422883375496728
11,33,21.243656812300625
11,34,20.174078234531258
11,35,17.07487405499158
11,36,18.369918411576474
11,37,17.736041503228115
11,38,18.622732000687908
11,39,19.709478261725884
11,40,18.855046273542197
11,41,19.16444816969586
11,42,19.64664220661751
11,43,17.514500618215152
11,44,18.304387183420648
11,45,16.675575648313856
11,46,15.95750495250115
11,47,18.676037296814044
11,48,21.171929629379946
12,1,22.52958628387065
12,2,21.032679085171612
12,3,19.170310941630103
12,4,16.198581894184837
12,5,15.822834736914572
12,6,12.305814392132792
12,7,11.171986926970886
12,8,8.843965522621426
12,9,9.122600659256651
12,10,12.460321038098032
12,11,3.8059825786122277
12,13,3.806841609058388
12,14,6.860445820443768
12,15,10.322757449924167
12,16,12.765714432109096
12,17,16.545624870126307
12,18,18.817772627722043
12,19,22.224613477245352
12,20,19.884632223516007
12,21,16.254228337566104
12,22,13.837091294590328
12,23,10.152913083390802
12,24,8.748058769039902
12,25,6.0260408002116295
12,26,5.540730596921363
12,27,7.845939292276126
12,28,10.339142662941397
12,29,11.099852089962866
12,30,13.029795333581879
12,31,13.934211067445482
12,32,17.626560076919294
12,33,18.103489715356236
12,34,16.905294019894473
12,35,13.60054875743521
12,36,14.693324745828136
12,37,14.108315203017943
12,38,14.935464516047242
12,39,15.908269059162604
12,40,15.121862295736051
12,41,15.58174188648012
12,42,16.411784528299233
12,43,14.72477132129114
12,44,16.132509524400138
12,45,15.191511533224542
12,46,15.06277903627482
12,47,18.174699663084482
12,48,20.082344546424228
13,1,20.49815942524824
13,2,18.535865570228765
13,3,16.78128677893753
13,4,13.516311632969787
13,5,13.175150626264799
13,6,9.729020549532063
13,7,9.060132618882406
13,8,7.339855301700292
13,9,6.898704048857347
13,10,10.4975582618403
13,11,6.407041258094282
13,12,3.806841609058388
13,14,3.8034230338904664
13,15,6.842146474366921
13,16,9.37344809722262
13,17,13.103132744040272
13,18,15.515471307548822
13,19,19.074728265525202
13,20,16.11835825416463
13,21,12.490328329591897
13,22,10.063010910855622
13,23,6.401417878339411
13,24,5.626704878823332
13,25,4.417035522021844
13,26,5.3400390780791565
13,27,8.46479112859521
13,28,9.541363287221195
13,29,9.97598115066602
13,30,12.574163590606151
13,31,13.46986541830147
13,32,16.85665582389718
13,33,17.620132175541343
13,34,16.969005097484956
13,35,13.58801991017134
13,36,14.552307289361154
13,37,14.228770687378212
13,38,14.238087224470389
13,39,14.674441017422167
13,40,13.311049162636268
13,41,14.053637747475683
13,42,14.65420884630118
13,43,13.11532755216701
13,44,14.467360223018456
13,45,13.540556277566298
13,46,14.286435762650537
13,47,17.1058587558072
13,48,18.748020434154235
14,1,18.371483827527907
14,2,16.042133516158778
14,3,13.858984604035207
14,4,10.357020964249884
14,5,9.509034905304915
14,6,5.974940351720007
14,7,5.629604797283048
14,8,5.24604448181759
14,9,5.746558112205572
14,10,9.472286772565656
14,11,10.041858641676349
14,12,6.860445820443768
14,13,3.8034230338904664
14,15,3.8091008763034435
14,16,6.035387824668956
14,17,9.835046428360616
14,18,12.509050801464268
14,19,15.917215988964747
14,20,13.578117565085753
14,21,9.968247681426218
14,22,8.374189365880765
14,23,5.601219955366596
14,24,5.3593939910923405
14,25,6.1811986648302515
14,26,6.082229309509722
14,27,9.766122065498267
14,28,9.94685008174341
14,29,9.004700470225236
14,30,11.295938087134324
14,31,11.460217154915975
14,32,14.412158767163715
14,33,15.029335607797453
14,34,14.6736586444559
14,35,11.33487565760421
14,36,12.154486816969996
14,37,12.317491891602923
14,38,11.92568778117098
14,39,11.630031676510303
14,40,9.786624284750628
14,41,10.65266775806076
14,42,11.363648479361775
14,43,10.420046282001875
14,44,12.329698172684353
14,45,12.23319175988853
14,46,13.818455074092338
14,47,16.696798791025248
14,48,17.590881419645534
15,1,18.476680879143974
15,2,15.543004784072968
15,3,13.429951839978202
15,4,9.649256082678063
15,5,8.331844701417587
15,6,5.376825496024935
15,7,5.407506417701787
15,8,6.129522143296071
15,9,5.4336370879678375
15,10,8.233838422552502
15,11,13.239072306436542
15,12,10.322757449924167
15,13,6.842146474366921
15,14,3.8091008763034435
15,16,3.8142613439972846
15,17,7.169042935877529
15,18,10.47626483157639
15,19,13.945288739283676
15,20,10.261402658919206
15,21,6.529520844273448
15,22,5.9751404603647575
15,23,4.693320042287051
15,24,6.576767879402087
15,25,8.952194879309538
15,26,9.606332619828049
15,27,13.081379552053916
15,28,12.450715914103629
15,29,11.263844493175279
15,30,13.651679535989372
15,31,13.510371851905319
15,32,15.78243935004261
15,33,16.369107134807596
15,34,16.375012816586242
15,35,13.186120739034434
15,36,13.401293091043671
15,37,13.494366410852283
15,38,12.052123261292117
15,39,11.344762445620935
15,40,9.217802015183722
15,41,10.84283334050757
15,42,11.579602076834826
15,43,11.39294892683115
15,44,13.295403806675834
15,45,13.47764682091149
15,46,15.843560405428178
15,47,18.251977635888863
15,48,18.736302885822262
16,1,15.04926337890244
16,2,11.910889253520276
16,3,9.85214226226029
16,4,6.091395678185814
16,5,5.384086769585375
16,6,4.0219680965891005
16,7,6.512736762884295
16,8,8.863040852697784
16,9,9.109613290532238
16,10,11.682894384849662
16,11,15.59268153269472
16,12,12.765714432109096
16,13,9.37344809722262
16,14,6.035387824668956
16,15,3.8142613439972846
16,17,3.8011373607804977
16,18,6.779703725088457
16,19,10.210923053943644
16,20,8.291134029871875
16,21,5.357573679334298
16,22,5.386956670207664
16,23,5.950755628755237
16,24,6.841368339809052
16,25,9.942541804634837
16,26,10.341094458698137
16,27,13.352557936763308
16,28,11.785597921994531
16,29,9.949011576887454
16,30,12.1880110128101
16,31,12.074566818438562
16,32,13.67419142454053
16,33,14.785653245966442
16,34,15.641772641145
16,35,13.09474345902141
16,36,13.881017637860683
16,37,14.925016912418211
16,38,13.687688147188524
16,39,11.908958026989824
16,40,8.79278332975537
16,41,9.477743161678909
16,42,9.160929900853215
16,43,8.958065871596748
16,44,10.528429559652885
16,45,11.094241191773627
16,46,14.082754513718177
16,47,16.14638735308522
16,48,16.050292573947704
17,1,14.052885334974759
17,2,10.44587404769232
17,3,8.745249517067116
17,4,5.605084765383309
17,5,5.277737483354665
17,6,6.414906858567004
17,7,9.255571988476062
17,8,12.11920673806385
17,9,12.259744301447274
17,10,14.169835351478218
17,11,19.262112877427025
17,12,16.545624870126307
17,13,13.103132744040272
17,14,9.835046428360616
17,15,7.169042935877529
17,16,3.8011373607804977
17,18,3.8158322393305686
17,19,6.982704470536192
17,20,5.734130725504784
17,21,4.584473133546595
17,22,6.374531052345932
17,23,8.69112396513241
17,24,9.830721385938354
17,25,13.259295079435475
17,26,13.775881816780757
17,27,16.44007423757421
17,28,14.286932270645499
17,29,12.244019213029357
17,30,14.199069134876327
17,31,13.931224926800656
17,32,14.604328659360366
17,33,15.894739758395906
17,34,17.353685652269636
17,35,15.364539790721121
17,36,16.046561764365947
17,37,17.413221340596042
17,38,15.838248512803077
17,39,13.474310582255585
17,40,10.10216942397839
17,41,10.593673176688243
17,42,9.676464176991589
17,43,10.069088699496954
17,44,11.171019645219845
17,45,12.11118869587199
17,46,15.619480603643952
17,47,17.06021777803833
17,48,16.328277125948354
18,1,10.972319704822478
18,2,7.213192378782092
18,3,6.523794762462395
18,4,4.9162238427171765
18,5,6.664411796805475
18,6,8.965131496698092
18,7,12.387443220177275
18,8,15.408840219559817
18,9,15.783064966480795
18,10,17.918370242742817
18,11,21.251439751075495
18,12,18.817772627722043
18,13,15.515471307548822
18,14,12.509050801464268
18,15,10.47626483157639
18,16,6.779703725088457
18,17,3.8158322393305686
18,19,3.803979870037997
18,20,6.762844467051169
18,21,7.329978712053638
18,22,8.350276707247268
18,23,10.948035064200845
18,24,11.24073560489407
18,25,14.649048097815315
18,26,15.171510576625582
18,27,17.144267799002
18,28,14.337511258542142
18,29,12.27015949199868
18,30,14.049569244885525
18,31,14.207032043968125
18,32,14.24416889517513
18,33,16.225475339771098
18,34,18.406642508004836
18,35,17.050948031099338
18,36,18.315317100465617
18,37,20.217249200571565
18,38,19.019996777023668
18,39,16.30552626374019
18,40,12.659198720525657
18,41,12.138391346079725
18,42,10.052519299004206
18,43,9.907356365144405
18,44,9.868991785312357
18,45,10.760630308062725
18,46,14.524010006321397
18,47,15.256813564561119
18,48,14.021816669969242
19,1,10.207859236757965
19,2,6.593564278977189
19,3,6.342699065855185
19,4,6.718581999789725
19,5,8.33388730245184
19,6,11.557964831797802
19,7,15.00578412785288
19,8,18.369686337912807
19,9,19.084389054035878
19,10,21.030454761819637
19,11,24.755884841568527
19,12,22.224613477245352
19,13,19.074728265525202
19,14,15.917215988964747
19,15,13.945288739283676
19,16,10.210923053943644
19,17,6.982704470536192
19,18,3.803979870037997
19,20,9.110397340814941
19,21,10.601804502462569
19,22,12.076665001623672
19,23,14.746890642374986
19,24,14.854849009167845
19,25,18.10143154865123
19,26,18.26370285767554
19,27,20.021376848642277
19,28,17.097317341906503
19,29,14.691671831961964
19,30,15.773330141629115
19,31,15.571009469666686
19,32,14.657610842181809
19,33,16.63887074812281
19,34,19.29684689890516
19,35,18.60755375201337
19,36,19.88766417735964
19,37,22.173335563707116
19,38,21.02321875377006
19,39,17.878944842624964
19,40,14.23671909646828
19,41,13.273615618641063
19,42,10.818226423431865
19,43,11.251925413919944
19,44,10.98589204150055
19,45,12.52251884068992
19,46,16.28180166959988
19,47,16.632716104315932
19,48,14.602286939414936
20,1,17.35606205970373
20,2,13.671780795603706
20,3,13.243164394718592
20,4,10.82982922812252
20,5,10.937324308011027
20,6,11.731220464848152
20,7,13.795710234624568
20,8,15.910993889573604
20,9,14.762619673318458
20,10,15.762463986781174
20,11,22.051710344458947
20,12,19.884632223516007
20,13,16.11835825416463
20,14,13.578117565085753
20,15,10.261402658919206
20,16,8.291134029871875
20,17,5.734130725504784
20,18,6.762844467051169
20,19,9.110397340814941
20,21,3.830750026667315
20,22,6.558124565644797
20,23,10.219382068814632
20,24,12.559841195290344
20,25,16.293670252796716
20,26,17.873130754125203
20,27,20.33360299104448
20,28,17.921526064215097
20,29,16.76508991234399
20,30,19.286966993841368
20,31,19.490948423920496
20,32,20.185964411016823
20,33,21.607384270986177
20,34,23.04455139855669
20,35,20.891516833880072
20,36,21.23062979529141
20,37,22.061804436519708
20,38,19.897495563758632
20,39,17.982565824550175
20,40,15.07705883174231
20,41,16.158766392004033
20,42,15.35192714843955
20,43,15.557793429531355
20,44,15.969496110549539
20,45,16.08888574475068
20,46,19.574195141111925
20,47,20.256123816195792
20,48,19.83615071979654
21,1,17.663579862798926
21,2,14.11822846179281
21,3,13.019148186254226
21,4,9.806502065079277
21,5,9.375720094383807
21,6,8.99879132303105
21,7,10.580603659645146
21,8,12.291374898491329
21,9,10.99878101183017
21,10,12.296118723915693
21,11,18.556466313103034
21,12,16.254228337566104
21,13,12.490328329591897
21,14,9.968247681426218
21,15,6.529520844273448
21,16,5.357573679334298
21,17,4.584473133546595
21,18,7.329978712053638
21,19,10.601804502462569
21,20,3.830750026667315
21,22,3.8113473493441026
21,23,6.90145164694492
21,24,9.626257931812185
21,25,13.204192006870203
21,26,14.728705637106067
21,27,17.517267699763217
21,28,15.605253818123558
21,29,14.526967729097464
21,30,17.176748265477308
21,31,17.33011425277901
21,32,18.614907169753845
21,33,19.785192923201905
21,34,20.739887451409754
21,35,18.178058845843772
21,36,18.425489107997553
21,37,18.945160852520686
21,38,16.880472377438153
21,39,15.379727009336124
21,40,12.677917902947708
21,41,14.082430613384055
21,42,13.795135469340757
21,43,13.853801223136825
21,44,14.771774173284514
21,45,14.813758257274664
21,46,18.013645676281076
21,47,19.299273734914024
21,48,19.29202069900294
22,1,16.9605204978966
22,2,13.834776734195458
22,3,13.142954406446165
22,4,9.947941032112269
22,5,10.43008905180667
22,6,9.315407551733687
22,7,10.998589108933647
22,8,12.068899873630786
22,9,10.608687096369893
22,10,12.706129716574067
22,11,15.64118834983696
22,12,13.837091294590328
22,13,10.063010910855622
22,14,8.374189365880765
22,15,5.9751404603647575
22,16,5.386956670207664
22,17,6.374531052345932
22,18,8.350276707247268
22,19,12.076665001623672
22,20,6.558124565644797
22,21,3.8113473493441026
22,23,3.7891974595478164
22,24,6.434992739815558
22,25,10.056543660134878
22,26,12.225858444874687
22,27,14.63483228690882
22,28,12.667541150628141
22,29,12.35804257075544
22,30,15.540796331657875
22,31,16.441416534664945
22,32,18.277134282548282
22,33,19.85646731015633
22,34,20.7598664792071
22,35,18.061577741988224
22,36,18.843152515328228
22,37,19.36065861538214
22,38,17.85061921929178
22,39,16.68987907046968
22,40,13.941541594838613
22,41,14.858886901878703
22,42,14.234042201132548
22,43,13.294559340881897
22,44,13.675598810205102
22,45,12.841705578762364
22,46,15.626020835021842
22,47,16.850838559810402
22,48,17.49919274122902
23,1,18.07843847228641
23,2,15.398438196665424
23,3,14.334991213325825
23,4,10.948366062140794
23,5,11.195487049684978
23,6,8.901450625537219
23,7,9.8130672178914
23,8,9.908019788287454
23,9,8.376172412981562
23,10,11.150389173126454
23,11,11.882247938964564
23,12,10.152913083390802
23,13,6.401417878339411
23,14,5.601219955366596
23,15,4.693320042287051
23,16,5.950755628755237
23,17,8.69112396513241
23,18,10.948035064200845
23,19,14.746890642374986
23,20,10.219382068814632
23,21,6.90145164694492
23,22,3.7891974595478164
23,24,3.8048716549617456
23,25,6.81455831569402
23,26,9.231931143500717
23,27,11.823191732268274
23,28,10.630847679478725
23,29,10.813746945014373
23,30,14.127774343709257
23,31,15.212542199307064
23,32,17.724951431525533
23,33,19.120733168621168
23,34,19.5065353442391
23,35,16.48278171845419
23,36,17.364252003405085
23,37,17.561767173380204
23,38,16.490876611356448
23,39,15.923698561901528
23,40,13.579625677301213
23,41,14.494295227891929
23,42,14.274762251045884
23,43,12.935477705647283
23,44,13.596031476725468
23,45,12.476543941862126
23,46,14.552664192667228
23,47,16.347309147263417
23,48,17.55394797492692
24,1,15.940468776670995
24,2,13.872296316645544
24,3,12.929731858573744
24,4,9.991875939804745
24,5,11.031551881830273
24,6,8.82228341245094
24,7,10.304496935940927
24,8,10.582630319370026
24,9,10.19016020116712
24,10,13.603933839441543
24,11,10.300927074960864
24,12,8.748058769039902
24,13,5.626704878823332
24,14,5.3593939910923405
24,15,6.576767879402087
24,16,6.841368339809052
24,17,9.830721385938354
24,18,11.24073560489407
24,19,14.854849009167845
24,20,12.559841195290344
24,21,9.626257931812185
24,22,6.434992739815558
24,23,3.8048716549617456
24,25,3.766014196727798
24,26,6.194279213911797
24,27,8.258999710832803
24,28,6.828552816184112
24,29,7.378113937373573
24,30,10.92463025983723
24,31,12.649281291659488
24,32,15.423598443977347
24,33,17.230104342952256
24,34,17.798482172086256
24,35,15.067880440128583
24,36,16.719800115481696
24,37,17.436435406559916
24,38,17.170596628570966
24,39,16.395278467457743
24,40,13.822101266033833
24,41,13.80157979269106
24,42,13.027860145326219
24,43,10.822720034262462
24,44,11.00032919198784
24,45,9.394390413379213
24,46,10.96980852832594
24,47,13.00693215279716
24,48,14.51702331911189
25,1,17.710048790497183
25,2,16.26482212733365
25,3,15.210236200262031
25,4,12.565391130445516
25,5,13.471542698236037
25,6,10.809368525058405
25,7,11.571681970170102
25,8,10.971083241805097
25,9,10.94384457931257
25,10,14.580816251319792
25,11,6.996004579890296
25,12,6.0260408002116295
25,13,4.417035522021844
25,14,6.1811986648302515
25,15,8.952194879309538
25,16,9.942541804634837
25,17,13.259295079435475
25,18,14.649048097815315
25,19,18.10143154865123
25,20,16.293670252796716
25,21,13.204192006870203
25,22,10.056543660134878
25,23,6.81455831569402
25,24,3.766014196727798
25,26,3.790932416552879
25,27,5.324823828131873
25,28,5.533789183092228
25,29,7.175324385566275
25,30,10.422017588879724
25,31,12.496228140323097
25,32,15.827517701112944
25,33,17.482485804307462
25,34,17.56955301311941
25,35,14.78880929269289
25,36,16.69331088820321
25,37,17.209175964696318
25,38,17.611248357232455
25,39,17.35401540294764
25,40,15.26131080582569
25,41,15.014143545677785
25,42,14.501299980800232
25,43,11.952167416967681
25,44,12.16952856023663
25,45,10.306249132552558
25,46,10.583848968079204
25,47,13.08763265695696
25,48,15.187258044151996
26,1,17.183196070523778
26,2,16.044504224251526
26,3,14.371932434842773
26,4,11.949247733475676
26,5,12.490288352024958
26,6,9.74950524014884
26,7,10.31256509096268
26,8,9.913359866893053
26,9,11.169342900165287
26,10,14.967658822884667
26,11,7.640651511753698
26,12,5.540730596921363
26,13,5.3400390780791565
26,14,6.082229309509722
26,15,9.606332619828049
26,16,10.341094458698137
26,17,13.775881816780757
26,18,15.171510576625582
26,19,18.26370285767554
26,20,17.873130754125203
26,21,14.728705637106067
26,22,12.225858444874687
26,23,9.231931143500717
26,24,6.194279213911797
26,25,3.790932416552879
26,27,3.819739807903446
26,28,5.437086345594334
26,29,5.581063263024241
26,30,7.76058870896626
26,31,9.407872916721335
26,32,13.026235733386516
26,33,14.356208031415521
26,34,14.15892423939018
26,35,11.516485737596552
26,36,13.789677954953623
26,37,14.658478007972901
26,38,15.728385911859979
26,39,15.372665590210842
26,40,13.47290705532252
26,41,12.732117273722565
26,42,12.435954936319755
26,43,9.940037887157011
26,44,10.796513796732732
26,45,9.792538625923404
26,46,9.698960174800012
26,47,12.99914076649832
26,48,14.624711603573873
27,1,17.002112943588084
27,2,16.63255601590662
27,3,15.595257705758753
27,4,13.912839935504067
27,5,15.22014610096039
27,6,13.019724993789644
27,7,14.008247109851695
27,8,13.706883911658233
27,9,14.84945901708747
27,10,18.626881706026445
27,11,8.322530293752205
27,12,7.845939292276126
27,13,8.46479112859521
27,14,9.766122065498267
27,15,13.081379552053916
27,16,13.352557936763308
27,17,16.44007423757421
27,18,17.144267799002
27,19,20.021376848642277
27,20,20.33360299104448
27,21,17.517267699763217
27,22,14.63483228690882
27,23,11.823191732268274
27,24,8.258999710832803
27,25,5.324823828131873
27,26,3.819739807903446
27,28,3.825235637802788
27,29,5.77222248598151
27,30,7.694170158850272
27,31,10.473134208917642
27,32,13.951176373008325
27,33,15.83536325387591
27,34,15.966082687168637
27,35,13.95868704683149
27,36,16.727306778902012
27,37,17.869151503465336
27,38,19.303286595662232
27,39,18.85295662567311
27,40,16.83402209731367
27,41,15.536972336005933
27,42,14.60881855894178
27,43,11.459420804245008
27,44,11.232912651572487
27,45,9.372895983268775
27,46,7.870891661784315
27,47,10.979827137602593
27,48,13.278224879595037
28,1,13.753049252415433
28,2,13.354837688852784
28,3,12.901181761147013
28,4,11.554328547988527
28,5,13.64800088131141
28,6,12.182559809424697
28,7,14.113306358085579
28,8,14.627762723307141
28,9,15.52972213244327
28,10,19.278709197943463
28,11,11.023952508242484
28,12,10.339142662941397
28,13,9.541363287221195
28,14,9.94685008174341
28,15,12.450715914103629
28,16,11.785597921994531
28,17,14.286932270645499
28,18,14.337511258542142
28,19,17.097317341906503
28,20,17.921526064215097
28,21,15.605253818123558
28,22,12.667541150628141
28,23,10.630847679478725
28,24,6.828552816184112
28,25,5.533789183092228
28,26,5.437086345594334
28,27,3.825235637802788
28,29,3.8227451787934177
28,30,6.941093477434032
28,31,10.270100551535721
28,32,13.161198353805654
28,33,15.731037854455188
28,34,16.69383058001394
28,35,14.958981216280169
28,36,17.835395212060185
28,37,19.38663113641615
28,38,20.364784448286148
28,39,19.310085733738013
28,40,16.661448648960768
28,41,15.134816303952372
28,42,13.432903430841245
28,43,9.928180426254912
28,44,8.733637206933931
28,45,6.071961498375282
28,46,5.174265254935852
28,47,7.850890273597444
28,48,10.164882143681464
29,1,11.734396673503921
29,2,11.103163976344037
29,3,9.850919475562053
29,4,8.578901289834807
29,5,10.519773682590282
29,6,9.47420575343728
29,7,11.805728790431587
29,8,13.098378705299702
29,9,14.71614699006774
29,10,18.422724265676003
29,11,12.90167091015762
29,12,11.099852089962866
29,13,9.97598115066602
29,14,9.004700470225236
29,15,11.263844493175279
29,16,9.949011576887454
29,17,12.244019213029357
29,18,12.27015949199868
29,19,14.691671831961964
29,20,16.76508991234399
29,21,14.526967729097464
29,22,12.35804257075544
29,23,10.813746945014373
29,24,7.378113937373573
29,25,7.175324385566275
29,26,5.581063263024241
29,27,5.77222248598151
29,28,3.8227451787934177
29,30,3.795540121287491
29,31,6.736307773499698
29,32,9.485521307496064
29,33,12.077468878161532
29,34,13.347792774666859
29,35,11.888945956620503
29,36,14.925594323027884
29,37,16.977523131396293
29,38,18.00119507765498
29,39,16.45251327112579
29,40,13.59907041842294
29,41,11.626226304972594
29,42,9.704206678501818
29,43,6.151215823193672
29,44,5.5422341299320115
29,45,4.453117085607096
29,46,5.016547672374136
29,47,8.407703372378377
29,48,9.257669217828717
30,1,11.702294942450024
30,2,11.75412819671058
30,3,9.979927863293447
30,4,9.573383682926396
30,5,11.126292310844846
30,6,10.559335008633573
30,7,12.717951902525648
30,8,14.294610546749047
30,9,16.671327543830163
30,10,20.296841956666817
30,11,15.09526808681667
30,12,13.029795333581879
30,13,12.574163590606151
30,14,11.295938087134324
30,15,13.651679535989372
30,16,12.1880110128101
30,17,14.199069134876327
30,18,14.049569244885525
30,19,15.773330141629115
30,20,19.286966993841368
30,21,17.176748265477308
30,22,15.540796331657875
30,23,14.127774343709257
30,24,10.92463025983723
30,25,10.422017588879724
30,26,7.76058870896626
30,27,7.694170158850272
30,28,6.941093477434032
30,29,3.795540121287491
30,31,3.8288530388304434
30,32,6.50099624187416
30,33,9.184365307266985
30,34,10.679180843087684
30,35,10.142638122356052
30,36,13.679225787933223
30,37,16.30447581674663
30,38,17.922363356137215
30,39,16.12287192960245
30,40,13.479424377307062
30,41,10.72274435085981
30,42,8.683987910392904
30,43,5.29923240838605
30,44,5.28546201071785
30,45,6.096927180263614
30,46,5.865475389407841
30,47,9.475054806120102
30,48,9.379240994547855
31,1,13.018741867009892
31,2,12.63217058881217
31,3,9.87025954955019
31,4,9.317348041802138
31,5,9.712726111901691
31,6,9.341281543473576
31,7,11.126595686335191
31,8,13.117432814683337
31,9,16.10170751948918
31,10,19.43461830917313
31,11,16.674366986584914
31,12,13.934211067445482
31,13,13.46986541830147
31,14,11.460217154915975
31,15,13.510371851905319
31,16,12.074566818438562
31,17,13.931224926800656
31,18,14.207032043968125
31,19,15.571009469666686
31,20,19.490948423920496
31,21,17.33011425277901
31,22,16.441416534664945
31,23,15.212542199307064
31,24,12.649281291659488
31,25,12.496228140323097
31,26,9.407872916721335
31,27,10.473134208917642
31,28,10.270100551535721
31,29,6.736307773499698
31,30,3.8288530388304434
31,32,3.8017684745578113
31,33,5.5050285172954
31,34,6.980696533985919
31,35,6.879902921541969
31,36,10.492848131309703
31,37,13.567459666545332
31,38,15.347626079132604
31,39,13.251832179060838
31,40,10.852370820140957
31,41,7.6974445155187485
31,42,6.227042244727646
31,43,4.363792295792962
31,44,6.583444374321915
31,45,8.958993511541674
31,46,9.561734527975156
31,47,12.960273623606325
31,48,12.127462426333482
32,1,11.735274912837067
32,2,11.673735356198453
32,3,8.791128857617895
32,4,9.477256785970601
32,5,9.970526774028473
32,6,10.92724810120058
32,7,13.129454362719013
32,8,15.750154538938347
32,9,18.79442311666461
32,10,21.86319525104259
32,11,20.422883375496728
32,12,17.626560076919294
32,13,16.85665582389718
32,14,14.412158767163715
32,15,15.78243935004261
32,16,13.67419142454053
32,17,14.604328659360366
32,18,14.24416889517513
32,19,14.657610842181809
32,20,20.185964411016823
32,21,18.614907169753845
32,22,18.277134282548282
32,23,17.724951431525533
32,24,15.423598443977347
32,25,15.827517701112944
32,26,13.026235733386516
32,27,13.951176373008325
32,28,13.161198353805654
32,29,9.485521307496064
32,30,6.50099624187416
32,31,3.8017684745578113
32,33,3.809908183007984
32,34,7.100310111088733
32,35,8.527260303063526
32,36,11.794209168584848
32,37,15.344183762006061
32,38,16.933144766595284
32,39,14.201465415060282
32,40,11.629871538643759
32,41,7.9075050620176
32,42,5.591644204541943
32,43,5.0229105345115395
32,44,6.834770879323714
32,45,10.175515162185059
32,46,11.237636658431217
32,47,13.984061282100699
32,48,12.116580511387578
33,1,15.287528226904652
33,2,14.829228461268418
33,3,11.508128394917561
33,4,11.53706106072513
33,5,10.74562542353111
33,6,11.306787986531187
33,7,12.571204750828826
33,8,15.059393809502186
33,9,18.504540455958626
33,10,21.224246866646823
33,11,21.243656812300625
33,12,18.103489715356236
33,13,17.620132175541343
33,14,15.029335607797453
33,15,16.369107134807596
33,16,14.785653245966442
33,17,15.894739758395906
33,18,16.225475339771098
33,19,16.63887074812281
33,20,21.607384270986177
33,21,19.785192923201905
33,22,19.85646731015633
33,23,19.120733168621168
33,24,17.230104342952256
33,25,17.482485804307462
33,26,14.356208031415521
33,27,15.83536325387591
33,28,15.731037854455188
33,29,12.077468878161532
33,30,9.184365307266985
33,31,5.5050285172954
33,32,3.809908183007984
33,34,3.7777513619372853
33,35,6.271635554778354
33,36,9.088383843401243
33,37,12.84049079711994
33,38,14.724073783665418
33,39,12.045110191818546
33,40,10.285759398303192
33,41,6.730587724519085
33,42,6.2970772309591725
33,43,7.492021154575453
33,44,10.273520882619156
33,45,13.568794150109358
33,46,14.586186361053906
33,47,17.599572962328654
33,48,15.909253055555626
34,1,18.658792683836765
34,2,17.96890668029261
34,3,14.527630771238474
34,4,13.761188460837596
34,5,12.273829414661673
34,6,11.79286629492066
34,7,11.892270385559891
34,8,13.667827051914507
34,9,17.37830081586354
34,10,19.90772671117603
34,11,20.174078234531258
34,12,16.905294019894473
34,13,16.969005097484956
34,14,14.6736586444559
34,15,16.375012816586242
34,16,15.641772641145
34,17,17.353685652269636
34,18,18.406642508004836
34,19,19.29684689890516
34,20,23.04455139855669
34,21,20.739887451409754
34,22,20.7598664792071
34,23,19.5065353442391
34,24,17.798482172086256
34,25,17.56955301311941
34,26,14.15892423939018
34,27,15.966082687168637
34,28,16.69383058001394
34,29,13.347792774666859
34,30,10.679180843087684
34,31,6.980696533985919
34,32,7.100310111088733
34,33,3.7777513619372853
34,35,3.7939412710586544
34,36,6.311774817957336
34,37,9.91936173762515
34,38,12.454202440749917
34,39,10.482121105416066
34,40,9.856207583428006
34,41,7.2185887157986475
34,42,8.505955465566037
34,43,9.776456703366225
34,44,12.944852612188205
34,45,15.812214301130114
34,46,16.49509889057939
34,47,19.887892305042506
34,48,18.73890905180418
35,1,19.048928092654236
35,2,17.819560773822705
35,3,14.348495006220515
35,4,12.627833837472709
35,5,10.743792271158242
35,6,9.218355784243698
35,7,8.596823691519381
35,8,9.950146149606667
35,9,13.687042658882891
35,10,16.268397548728736
35,11,17.07487405499158
35,12,13.60054875743521
35,13,13.58801991017134
35,14,11.33487565760421
35,15,13.186120739034434
35,16,13.09474345902141
35,17,15.364539790721121
35,18,17.050948031099338
35,19,18.60755375201337
35,20,20.891516833880072
35,21,18.178058845843772
35,22,18.061577741988224
35,23,16.48278171845419
35,24,15.067880440128583
35,25,14.78880929269289
35,26,11.516485737596552
35,27,13.95868704683149
35,28,14.958981216280169
35,29,11.888945956620503
35,30,10.142638122356052
35,31,6.879902921541969
35,32,8.527260303063526
35,33,6.271635554778354
35,34,3.7939412710586544
35,36,3.7929848121080556
35,37,7.046834675517605
35,38,9.492129512370408
35,39,8.020538491130036
35,40,7.543683944425884
35,41,5.910503001655207
35,42,8.115606818610214
35,43,9.17099723952936
35,44,12.655074447281224
35,45,15.029347230785975
35,46,15.899105856152651
35,47,19.475219705981562
35,48,18.867487934106
36,1,21.913994885128602
36,2,20.236060471450358
36,3,16.600159412456282
36,4,14.464602136267006
36,5,11.7340228979519
36,6,9.978330892207328
36,7,8.134661131920073
36,8,9.110098326522433
36,9,12.84660867669943
36,10,14.659159591035113
36,11,18.369918411576474
36,12,14.693324745828136
36,13,14.552307289361154
36,14,12.154486816969996
36,15,13.401293091043671
36,16,13.881017637860683
