1,2,3.853043505841746
1,3,6.731409779660284
1,4,8.94565781386675
1,5,12.238574236722414
1,6,15.051958691059038
1,7,17.785588576731758
1,8,19.37890084135154
1,9,20.351103024844562
1,10,21.19323767497717
1,11,23.137474008270953
1,12,26.961801069401993
1,13,26.941070259275357
1,14,24.40780946480885
1,15,23.49885318623394
1,16,22.4289195112058
1,17,20.695881574210716
1,18,22.98548902501143
1,19,22.092010507729725
1,20,24.369401958386202
1,21,24.889018280718595
1,22,27.37051304696372
1,23,28.04615330235079
1,24,29.475003264086638
1,25,26.18416914163708
1,26,23.238456880312924
1,27,20.63143864949029
1,28,22.465325240198275
1,29,20.267529282493403
1,30,20.660501691291877
1,31,19.691791104003993
1,32,22.72436218220568
1,33,22.944627225073553
1,34,26.161224101120453
1,35,27.422300521008975
1,36,27.953662858298202
1,37,31.2013230061493
1,38,34.11534061279673
1,39,34.191135389841136
1,40,31.637679999652
1,41,30.707955005618263
1,42,32.61382277053301
1,43,31.694746585262433
1,44,33.50986040700894
1,45,31.407410846979936
1,46,34.26906651866744
1,47,34.582967137299455
1,48,36.698591830308594
1,49,38.529700788512876
1,50,39.64052167210258
1,51,36.045499187269435
1,52,34.12499632456331
1,53,30.53623550474759
1,54,30.387734435433664
1,55,27.73870762884367
1,56,26.454419071017103
1,57,27.201895166762128
1,58,25.698369938167215
1,59,27.11267214611455
1,60,24.58303050731448
1,61,25.611599816927708
1,62,25.716433041421425
1,63,27.258460992697312
1,64,30.48555543504571
1,65,32.42586028868436
1,66,36.17725496367105
1,67,38.05003741117756
1,68,35.70477329352122
1,69,33.938567325807355
1,70,33.869043030516245
1,71,30.482576401847794
1,72,30.937907926944582
1,73,31.89131711862317
1,74,33.44566811470795
1,75,33.05292617244787
1,76,30.254366773308814
1,77,30.82816541901274
1,78,29.70624505623826
1,79,28.793231135895844
1,80,28.46248314290684
1,81,25.448501994168222
1,82,24.77978463258639
1,83,21.388520808603886
1,84,22.118503968807417
1,85,25.190543806713464
1,86,27.044648739691187
1,87,30.09156089780965
1,88,33.444934873547695
1,89,37.03918492653245
1,90,40.36403875949706
1,91,40.67377200545237
1,92,39.62415874395263
1,93,39.11340095762484
1,94,40.035846170300864
1,95,38.5659609887223
1,96,39.50375566340439
1,97,37.95071398024089
1,98,36.691491827204786
1,99,34.27430418725622
1,100,33.05405660592552
1,101,30.78634154655155
1,102,27.44487291717275
2,1,3.853043505841746
2,3,3.84315549876786
2,4,6.302958106623441
2,5,8.934033815642044
2,6,11.821839104241487
2,7,14.35868062831689
2,8,16.372336781924833
2,9,17.28797330048827
2,10,17.734003660710624
2,11,19.652269604418148
2,12,23.456617663652633
2,13,23.669867210843822
2,14,21.34981787533247
2,15,20.845479702952645
2,16,20.27567261831658
2,17,18.98961586019533
2,18,21.760756184717334
2,19,21.48133863199339
2,20,23.96590726790068
2,21,25.07403348289529
2,22,27.77234554210969
2,23,28.9226023228612
2,24,30.12580918601219
2,25,26.644124527833203
2,26,23.847485170057247
2,27,21.11937793791106
2,28,23.05504763092312
2,29,20.506698498729957
2,30,20.21172243551998
2,31,18.640200337923538
2,32,21.210999334840324
2,33,20.867638989319452
2,34,23.973931670694835
2,35,24.813456898047107
2,36,25.331195608057726
2,37,28.366005948896312
2,38,31.214391052202657
2,39,31.020730162662325
2,40,28.290138618071662
2,41,27.296401612278377
2,42,29.0334700633013
2,43,28.02712985811597
2,44,29.97732777380719
2,45,28.02088690457899
2,46,30.936615503738068
2,47,31.315448445271098
2,48,33.30095904935077
2,49,35.24766395315457
2,50,36.22460641858348
2,51,32.64906059866295
2,52,30.92607800237486
2,53,27.442857876244307
2,54,27.486466829217424
2,55,25.100548317238545
2,56,23.82917168497242
2,57,24.99428040576674
2,58,23.81364640106935
2,59,25.68603179970445
2,60,23.600269335629235
2,61,25.15439550542575
2,62,25.651105710213674
2,63,27.686944617990413
2,64,30.94816807511766
2,65,33.270070487852465
2,66,36.91956581794144
2,67,38.951915611759524
2,68,36.64296992925274
2,69,35.229144042991365
2,70,35.30032847890176
2,71,31.98090114942111
2,72,32.53297754912857
2,73,33.16015375952705
2,74,34.32687703101764
2,75,33.502811034991616
2,76,30.44569056849711
2,77,30.5753080772221
2,78,28.993024515651367
2,79,27.844038915757153
2,80,27.02601839696018
2,81,23.905037597034717
2,82,22.76624360590982
2,83,19.18490206874943
2,84,19.44220777205684
2,85,22.24514070119625
2,86,23.80846477704956
2,87,26.70791350152577
2,88,30.094723236760895
2,89,33.62047735282509
2,90,37.0143354992378
2,91,37.204788952709144
2,92,36.19105847839525
2,93,35.54055879656659
2,94,36.461690052550885
2,95,34.925961378889625
2,96,35.904270511349395
2,97,34.48543978579863
2,98,33.17041237051602
2,99,30.64640159138325
2,100,29.573523866149266
2,101,27.490485945548073
2,102,24.044486078582484
3,1,6.731409779660284
3,2,3.84315549876786
3,4,3.860866887042211
3,5,6.40602447520816
3,6,8.535162141979523
3,7,11.622364876963982
3,8,13.324629459033186
3,9,13.81969257228503
3,10,14.568441278775783
3,11,16.808403063925763
3,12,20.58899994379515
3,13,20.84503256894389
3,14,18.240798619143373
3,15,17.833062857360247
3,16,17.195305791176857
3,17,16.346487356459257
3,18,19.320938127460625
3,19,19.483373159091407
3,20,22.3735331325951
3,21,23.83046135954149
3,22,26.886521195935266
3,23,28.46052883313441
3,24,29.843551911954123
3,25,26.437400485943893
3,26,24.069698863400006
3,27,21.162412859162256
3,28,22.642273778114227
3,29,19.62279501286447
3,30,19.123467863866196
3,31,16.980967359280857
3,32,19.2926383297048
3,33,18.54764484476746
3,34,21.31984128574149
3,35,21.96890176536177
3,36,22.104964358075
3,37,25.15919439419
3,38,28.19829415500186
3,39,28.00505471286127
3,40,25.334441075190426
3,41,24.153977836273068
3,42,26.054236016271
3,43,25.156169337700742
3,44,26.845643691585725
3,45,24.68348429781402
3,46,27.57246640152846
3,47,28.018978474802267
3,48,30.229964527595243
3,49,32.241443172616194
3,50,33.47248850585184
3,51,30.005242443200256
3,52,28.289624128105327
3,53,24.801046382947757
3,54,25.19653616184267
3,55,23.025518248199212
3,56,22.270874140195467
3,57,23.764672991217225
3,58,23.135252327624983
3,59,25.35287258902802
3,60,23.52268959590522
3,61,25.485687939615495
3,62,25.82494827330092
3,63,28.122383743374378
3,64,31.136217717110362
3,65,33.62646442199117
3,66,37.228535345566534
3,67,39.179921736084786
3,68,36.6506684971002
3,69,35.367741072391944
3,70,35.84488984909761
3,71,32.76930399415119
3,72,33.732104608962636
3,73,34.43340119526676
3,74,35.3166664708266
3,75,34.317806360480276
3,76,31.033891171698468
3,77,30.765629555397425
3,78,28.935779923144736
3,79,27.300672803271173
3,80,26.139079850117387
3,81,22.729028168946186
3,82,21.137969708412015
3,83,17.685454542218118
3,84,17.40355553836659
3,85,19.96214448769547
3,86,21.6818340053021
3,87,24.384334951448192
3,88,27.948187478281493
3,89,31.398953089554347
3,90,34.90393337832788
3,91,35.32786056592886
3,92,34.67499861780068
3,93,34.08460557272483
3,94,35.328754763674986
3,95,33.91899094829137
3,96,35.218449849132156
3,97,34.20121995395605
3,98,32.89254652016879
3,99,30.049530714946986
3,100,29.262639206070567
3,101,27.641090057008288
3,102,24.098192270373847
4,1,8.94565781386675
4,2,6.302958106623441
4,3,3.860866887042211
4,5,3.8674965036227027
4,6,6.652313735877883
4,7,9.267565771678347
4,8,10.448442315718246
4,9,11.79808320552035
4,10,13.02447936749341
4,11,14.616602547127224
4,12,18.43386827345589
4,13,18.110244726692677
4,14,15.485900826532857
4,15,14.635126157342409
4,16,13.986290466493395
4,17,12.862147435113561
4,18,15.908911383991946
4,19,16.225647854855573
4,20,19.01263517575151
4,21,20.77189713698085
4,22,23.832137456327
4,23,25.67951583184024
4,24,26.846759389491464
4,25,23.37526320142549
4,26,21.205030135023783
4,27,18.27650671049472
4,28,19.76335134191169
4,29,16.63087183685998
4,30,15.683683938628304
4,31,13.34211663505608
4,32,15.508228813064115
4,33,14.806386634450933
4,34,17.74968255068255
4,35,18.622263971113945
4,36,19.13419943076219
4,37,22.293549596993568
4,38,25.17993826270238
4,39,25.27736349891905
4,40,22.848131935265343
4,41,22.132490099061982
4,42,24.363627269623784
4,43,23.99203799949173
4,44,25.83422718524977
4,45,23.41226935878982
4,46,25.93538880822982
4,47,25.9030692378702
4,48,27.99276544164888
4,49,29.66967026467284
4,50,30.907550852918252
4,51,27.338538582265997
4,52,25.31658387631312
4,53,21.70357494521306
4,54,21.798747033991237
4,55,19.4092932440609
4,56,18.670936764784695
4,57,20.03318986623588
4,58,19.484977622807612
4,59,21.75561734679982
4,60,20.038806452242408
4,61,22.22496389858934
4,62,22.596051921257263
4,63,25.13755549687455
4,64,28.058207060463033
4,65,30.757253535144255
4,66,34.25379618328373
4,67,36.26544241321373
4,68,33.76595266449302
4,69,32.763567002951625
4,70,33.36875521136576
4,71,30.4278073744862
4,72,31.558025392842865
4,73,32.084323213099466
4,74,32.643037497642844
4,75,31.407752502846144
4,76,27.976039129449248
4,77,27.42962417172688
4,78,25.437667966320113
4,79,23.62752992887673
4,80,22.35428001537695
4,81,18.89905697505233
4,82,17.293206482153384
4,83,13.884406255899531
4,84,13.779566523788333
4,85,16.586034832360966
4,86,18.622535912207038
4,87,21.580521422589793
4,88,25.056724199207714
4,89,28.62576199813628
4,90,32.00509358224361
4,91,32.64803037994537
4,92,32.031170955622805
4,93,31.78072125003793
4,94,33.25392710341424
4,95,32.205350961097544
4,96,33.81080816622688
4,97,32.92479428460973
4,98,32.01351716489885
4,99,28.992659025478897
4,100,27.95170041822262
4,101,26.48635293102496
4,102,23.157889121171024
5,1,12.238574236722414
5,2,8.934033815642044
5,3,6.40602447520816
5,4,3.8674965036227027
5,6,3.8161556068344007
5,7,5.5807467868422425
5,8,7.5954432494982465
5,9,9.087457639981565
5,10,9.655916483902905
5,11,10.983476492848034
5,12,14.817903131942646
5,13,14.749792078603432
5,14,12.507440389399406
5,15,12.339355844059856
5,16,12.659517951849084
5,17,12.357588035507332
5,18,15.905410346024672
5,19,17.047151223055536
5,20,19.84183954745063
5,21,22.184384038304234
5,22,25.285942943159753
5,23,27.523598384285958
5,24,28.374180141395158
5,25,24.82987740886354
5,26,22.886518523659582
5,27,20.040879522884772
5,28,21.593390689437175
5,29,18.365919937505197
5,30,16.665758614484997
5,31,13.765095251255355
5,32,15.012099074583762
5,33,13.44421312319436
5,34,16.09828832525107
5,35,16.280877161534054
5,36,16.84465422424896
5,37,19.634903564996865
5,38,22.367514498992094
5,39,22.10279032019261
5,40,19.438427233341557
5,41,18.725655166620776
5,42,20.77896927197646
5,43,20.406209344721713
5,44,22.485003480344254
5,45,20.228288094939334
5,46,22.74572881002748
5,47,22.709034184995332
5,48,24.576374903232942
5,49,26.362009338722313
5,50,27.403737862808896
5,51,23.831483956321872
5,52,22.04527510388635
5,53,18.573255231868828
5,54,18.922087274483225
5,55,16.949519508792115
5,56,16.262202026271833
5,57,18.223940875113392
5,58,18.18724814926203
5,59,20.987098598802685
5,60,19.935001071252202
5,61,22.634780394029274
5,62,23.453622711481763
5,63,26.407085980782295
5,64,29.279378821852493
5,65,32.28681701087368
5,66,35.58950781513683
5,67,37.73662930101931
5,68,35.35931412172537
5,69,34.73479422989292
5,70,35.41374241145348
5,71,32.57951771622004
5,72,33.719396388437
5,73,33.905926459548255
5,74,34.090867399587914
5,75,32.451854057197224
5,76,28.86426082824472
5,77,27.863983909932834
5,78,25.412183887506313
5,79,23.400263160543172
5,80,21.547639444818742
5,81,18.107050237937493
5,82,15.878038907432005
5,83,12.358714367279328
5,84,11.395522983740946
5,85,13.680025987380251
5,86,15.276022953638726
5,87,18.045787430154178
5,88,21.57203921333729
5,89,25.069201316679948
5,90,28.53057921483498
5,91,29.045024912549454
5,92,28.486405463455213
5,93,28.107656832736417
5,94,29.625982448011108
5,95,28.566153283038464
5,96,30.284199821473056
5,97,29.61326327678654
5,98,28.720410793507952
5,99,25.547670367582967
5,100,24.673492359611338
5,101,23.535519653349073
5,102,20.198647592684768
6,1,15.051958691059038
6,2,11.821839104241487
6,3,8.535162141979523
6,4,6.652313735877883
6,5,3.8161556068344007
6,7,3.8792033253978686
6,8,5.359059778234467
6,9,5.540511910329551
6,10,6.423257881400539
6,11,8.531351331734857
6,12,12.249838343001008
6,13,12.522371259727997
6,14,9.905436611399892
6,15,10.336483896036581
6,16,10.892237096962292
6,17,11.688469188493167
6,18,15.412968129440912
6,19,17.208516353065157
6,20,20.365960545748433
6,21,23.007415584830614
6,22,26.3810470409105
6,23,28.953370115231092
6,24,29.98587093963373
6,25,26.62962887230026
6,26,25.127875442821043
6,27,22.243889670330173
6,28,23.295887203577536
6,29,19.775088642700677
6,30,17.985046432957194
6,31,14.605674062703505
6,32,15.279575366176504
6,33,13.0311342497068
6,34,14.891437991736506
6,35,14.495788315997547
6,36,14.317032216512983
6,37,16.978275843635547
6,38,19.999142313154657
6,39,19.549219277920248
6,40,16.849569206785606
6,41,15.695674048613922
6,42,17.867755103664372
6,43,17.523769533684423
6,44,19.228835093278825
6,45,16.76557840955409
6,46,19.345528993445125
6,47,19.54031264882322
6,48,21.72476124998435
6,49,23.73132903965639
6,50,25.082703376790363
6,51,21.72200799409763
6,52,20.119946354935976
6,53,16.768789994750577
6,54,17.81698682775753
6,55,16.411021717342468
6,56,16.524993635697015
6,57,18.959791305251056
6,58,19.658027462282867
6,59,22.74416738328719
6,60,22.050451463138852
6,61,25.014652194413117
6,62,25.671931156848512
6,63,28.74051883197502
6,64,31.32416473585782
6,65,34.3942203864608
6,66,37.60595848794576
6,67,39.636794787060204
6,68,37.08638766217553
6,69,36.55500485670843
6,70,37.57312294989709
6,71,34.97642768338114
6,72,36.41329307231597
6,73,36.69271380241401
6,74,36.692036405179564
6,75,34.9616026846519
6,76,31.27071091407231
6,77,29.95424899496222
6,78,27.33093019621734
6,79,24.903229237259282
6,80,22.69983948185508
6,81,19.101168106660893
6,82,16.327466440475053
6,83,13.258892323214477
6,84,11.328650722140852
6,85,12.796587225033054
6,86,14.347916766085167
6,87,16.56192495522498
6,88,20.3058935542045
6,89,23.57363550647965
6,90,27.19412458207782
6,91,27.915293929131597
6,92,27.835424285772625
6,93,27.40657296394245
6,94,29.231888359434024
6,95,28.229723343285343
6,96,30.21095548240202
6,97,30.01082724069808
6,98,29.018663230486325
6,99,25.6056606994766
6,100,25.208908866454305
6,101,24.631245061916243
6,102,21.271037178106084
7,1,17.785588576731758
7,2,14.35868062831689
7,3,11.622364876963982
7,4,9.267565771678347
7,5,5.5807467868422425
7,6,3.8792033253978686
7,8,3.859938263439947
7,9,5.360159328381515
7,10,4.987733290802264
7,11,5.412873149650863
7,12,9.244191072456134
7,13,9.412217413525523
7,14,7.662645446131025
7,15,8.777749884877435
7,16,10.621660975566334
7,17,11.809696210856078
7,18,15.635301507402868
7,19,17.8961894345877
7,20,20.680706122915883
7,21,23.70834123270052
7,22,26.884265303531116
7,23,29.671997312713597
7,24,30.255631684708092
7,25,26.828943829611603
7,26,25.45468528139386
7,27,22.7574325623478
7,28,24.027987771166128
7,29,20.6725128669185
7,30,18.23718565481513
7,31,14.73966226935465
7,32,14.555420568441265
7,33,11.748866580113775
7,34,13.420791693017176
7,35,12.414932185666803
7,36,12.808424870463584
7,37,14.960132317101241
7,38,17.51820244739784
7,39,16.812640561611115
7,40,13.94538284358299
7,41,13.27313192156051
7,42,15.340561319399423
7,43,15.329083886050151
7,44,17.563226100935914
7,45,15.302935467652215
7,46,17.57481976020391
7,47,17.381735783689848
7,48,19.054012304116103
7,49,20.921863553440875
7,50,21.902894155497872
7,51,18.396700940356226
7,52,16.871513273815633
7,53,13.621431741948735
7,54,14.617113402291151
7,55,13.534297758268018
7,56,13.504294240138663
7,57,16.366853048346986
7,58,17.432591875119947
7,59,20.847977911521184
7,60,20.76653337424295
7,61,24.061410351080415
7,62,25.162078311724517
7,63,28.5307912625133
7,64,31.088173521404364
7,65,34.408862460527075
7,66,37.3957003394438
7,67,39.58456034532825
7,68,37.26344469982593
7,69,37.12393654495909
7,70,38.087187418344485
7,71,35.56356063702849
7,72,36.91589787111223
7,73,36.81332391507722
7,74,36.461280972544216
7,75,34.36658814637508
7,76,30.60812882474403
7,77,28.9376878519777
7,78,25.96663347865476
7,79,23.51045610772827
7,80,20.886611189085517
7,81,17.51794357528238
7,82,14.387861225191257
7,83,11.378056218021428
7,84,8.795686572106197
7,85,9.642762416185075
7,86,10.664762961162545
7,87,12.895946375368066
7,88,16.590160897795673
7,89,19.907039156887087
7,90,23.507246558162034
7,91,24.115468364692692
7,92,23.9624212526311
7,93,23.58097893597227
7,94,25.470471114943138
7,95,24.63555810949466
7,96,26.79601709514558
7,97,26.744102638190366
7,98,26.020648451452253
7,99,22.491924052873358
7,100,22.008370027443803
7,101,21.716051432344607
7,102,18.589569073461202
8,1,19.37890084135154
8,2,16.372336781924833
8,3,13.324629459033186
8,4,10.448442315718246
8,5,7.5954432494982465
8,6,5.359059778234467
8,7,3.859938263439947
8,9,3.852020430199799
8,10,5.950418276235053
8,11,5.785800070376196
8,12,9.036555184802058
8,13,7.978253398622144
8,14,5.0415035670654875
8,15,5.142950884043608
8,16,6.8250220260696075
8,17,8.545068488394653
8,18,12.319235111935685
8,19,14.99158609314559
8,20,17.8917533152617
8,21,21.118689426787466
8,22,24.42519056824342
8,23,27.476945011343684
8,24,28.18890549586143
8,25,25.000405199229597
8,26,24.121697526845107
8,27,21.44691548823388
8,28,22.187908379452626
8,29,18.68120533729809
8,30,16.182332143902276
8,31,12.4299736947585
8,32,11.824108437117427
8,33,8.745773027557373
8,34,9.959446045895707
8,35,9.16680957621543
8,36,9.362607796815535
8,37,12.041834670927072
8,38,14.891992732729674
8,39,14.853078875995468
8,40,12.635661948319138
8,41,12.34500412193745
8,42,15.205373760306347
8,43,16.00110386562503
8,44,17.732076900032837
8,45,14.843123510932944
8,46,16.530818588072343
8,47,15.819222904350141
8,48,17.84336765187402
8,49,19.29507693801473
8,50,20.797810635071457
8,51,17.3695559950091
8,52,15.284231831198795
8,53,11.742844587491255
8,54,12.76361949946048
8,55,11.523507812667868
8,56,12.40206178390177
8,57,15.081076905479984
8,58,16.607268353288635
8,59,19.938994747103223
8,60,19.888336916198845
8,61,23.248837599366915
8,62,23.939435589878332
8,63,27.306488907976725
8,64,29.495640967643638
8,65,32.80898169056493
8,66,35.69695809913976
8,67,37.72302730675637
8,68,35.232176252906285
8,69,35.19144243272791
8,70,36.49346624986267
8,71,34.26737893803965
8,72,35.97519791240038
8,73,36.018476476464684
8,74,35.476255639648464
8,75,33.38806280938652
8,76,29.569527251537544
8,77,27.67529590221133
8,78,24.734722895771487
8,79,21.872823726301473
8,80,19.19777518641512
8,81,15.638388528268317
8,82,12.328018042170015
8,83,10.003777457111788
8,84,7.171740865629192
8,85,7.986858925807492
8,86,10.122522397929247
8,87,12.38543184500735
8,88,16.05956605848661
8,89,19.373706846094393
8,90,22.845019158942307
8,91,24.06498134384924
8,92,24.334931205974893
8,93,24.466815900408353
8,94,26.809332001270068
8,95,26.458697950831922
8,96,29.00045588668416
8,97,29.237408497484665
8,98,28.828926516488245
8,99,25.179459627580673
8,100,24.64145423935489
8,101,24.603848759060877
8,102,21.746421752727418
9,1,20.351103024844562
9,2,17.28797330048827
9,3,13.81969257228503
9,4,11.79808320552035
9,5,9.087457639981565
9,6,5.540511910329551
9,7,5.360159328381515
9,8,3.852020430199799
9,10,3.875539850069174
9,11,5.758960570501227
9,12,8.534481666063927
9,13,8.723927007045711
9,14,5.576267345067529
9,15,7.041506494545922
9,16,8.38084949039428
9,17,10.912288417055473
9,18,14.481403213130921
9,19,17.25322765752296
9,20,20.501935376789127
9,21,23.618551495167118
9,22,27.133610794589426
9,23,30.200060230888575
9,24,31.22763523009689
9,25,28.172980213465916
9,26,27.367518217796036
9,27,24.597436826090632
9,28,25.064775151318372
9,29,21.387595624986023
9,30,19.2585862139953
9,31,15.473192942643458
9,32,15.001250084662157
9,33,11.898809858758023
9,34,12.298372274689129
9,35,10.922316154926321
9,36,9.718348095008576
9,37,12.036937215459998
9,38,15.329530864478604
9,39,14.802750854504534
9,40,12.356837960990688
9,41,10.966171079908158
9,42,13.682267390224752
9,43,14.044063183728762
9,44,15.191025312077818
9,45,12.157628125487195
9,46,14.308344175713511
9,47,14.354298783651664
9,48,16.915278060085402
9,49,18.930815671612912
9,50,20.76013605721733
9,51,17.720073034907788
9,52,16.193979404012996
9,53,13.090359283061794
9,54,15.020867542310906
9,55,14.50675707061077
9,56,15.815582075134744
9,57,18.693369612164858
9,58,20.411275715259467
9,59,23.76478372816701
9,60,23.695975535794194
9,61,27.00677852061125
9,62,27.53941826820021
9,63,30.80523993825187
9,64,32.91947948654673
9,65,36.130711415695245
9,66,39.07289520579455
9,67,40.978932456038805
9,68,38.32162009063693
9,69,38.122186285809896
9,70,39.577235953105415
9,71,37.38954525849158
9,72,39.204401218702266
9,73,39.444919696699365
9,74,39.02047162280514
9,75,37.04720545105183
9,76,33.23885156252147
9,77,31.385545282219493
9,78,28.498455029771375
9,79,25.548288299934995
9,80,22.861717977586434
9,81,19.27992219197949
9,82,15.90652021109098
9,83,13.82031784547473
9,84,10.83699144286062
9,85,10.867343781892112
9,86,12.392377115060777
9,87,13.715317183835115
9,88,17.512454532367283
9,89,20.39602777851756
9,90,24.051455034746965
9,91,25.240446997453553
9,92,25.882026988618616
9,93,25.67371180865874
9,94,28.049798687740026
9,95,27.44864375802261
9,96,29.947068547644054
9,97,30.447617907915543
9,98,29.663444356942385
9,99,25.95996694223804
9,100,25.97847413166322
9,101,26.210723211853065
9,102,23.15210172599993
10,1,21.19323767497717
10,2,17.734003660710624
10,3,14.568441278775783
10,4,13.02447936749341
10,5,9.655916483902905
10,6,6.423257881400539
10,7,4.987733290802264
10,8,5.950418276235053
10,9,3.875539850069174
10,11,3.843762529708167
10,12,6.667669714424608
10,13,8.403157073912064
10,14,6.845274534066908
10,15,9.57607566142171
10,16,11.80263870690474
10,17,14.232828338127714
10,18,17.915022733751645
10,19,20.67815340584358
10,20,23.745327681747945
10,21,26.919833494475398
10,22,30.307529602801612
10,23,33.317848887704194
10,24,34.107839997112464
10,25,30.87742823002418
10,26,29.819432862111846
10,27,27.092221290800122
10,28,27.95866612682513
10,29,24.404788805873945
10,30,22.065236464719728
10,31,18.339041779241636
10,32,17.716110396266274
10,33,14.420087139711965
10,34,14.883754116646776
10,35,12.870964748826765
10,36,11.974907059258271
10,37,13.367295559744273
10,38,16.179003618233974
10,39,14.766712892794446
10,40,11.586532760328359
10,41,9.732577793426415
10,42,11.542450615097751
10,43,11.171025635899012
10,44,12.909761457962958
10,45,10.600839553939462
10,46,13.292684486358787
10,47,13.850674232448908
10,48,15.91881095314226
10,49,18.418196456110103
10,50,19.699248235129883
10,51,16.67884311590173
10,52,15.880635494714113
10,53,13.245643892714877
10,54,15.459103388927202
10,55,15.498841887136585
10,56,16.358379824109882
10,57,19.6464159871853
10,58,21.36767659823004
10,59,24.94562815923993
10,60,25.183553747874264
10,61,28.607645803398825
10,62,29.589310943635528
10,63,32.98847597485686
10,64,35.319469482796066
10,65,38.64616590169075
10,66,41.557661189374755
10,67,43.63058677286401
10,68,41.162134656567815
10,69,41.056589438561595
10,70,42.29054175764133
10,71,39.93902571847799
10,72,41.49571882115096
10,73,41.49552537068982
10,74,41.052538110485905
10,75,38.91468177386168
10,76,35.11252232528907
10,77,33.22855835091292
10,78,30.147546279897295
10,79,27.41176321840583
10,80,24.515720224418256
10,81,21.16092478231879
10,82,17.661078142712466
10,83,15.290952111520792
10,84,12.029879199536792
10,85,11.455541470140082
10,86,11.767789884459578
10,87,12.573386191370755
10,88,16.375331883878726
10,89,19.06580166471244
10,90,22.8766791492178
10,91,23.535122750062396
10,92,24.019383481519213
10,93,23.312033273434967
10,94,25.42101348887346
10,95,24.462355573540364
10,96,26.770218749734553
10,97,27.315811396591467
10,98,26.28026830532408
10,99,22.59524959390461
10,100,22.934404030911686
10,101,23.342869256774264
10,102,20.212884018799453
11,1,23.137474008270953
11,2,19.652269604418148
11,3,16.808403063925763
11,4,14.616602547127224
11,5,10.983476492848034
11,6,8.531351331734857
11,7,5.412873149650863
11,8,5.785800070376196
11,9,5.758960570501227
11,10,3.843762529708167
11,12,3.8346011524038666
11,13,5.045927282227526
11,14,4.932631744396934
11,15,8.136481671402432
11,16,11.33016474182834
11,17,13.788964389459371
11,18,17.355428423353853
11,19,20.371445169940717
11,20,23.02072503531821
11,21,26.454049240877634
11,22,29.609308880717037
11,23,32.7699155373622
11,24,33.163982587465526
11,25,29.932775385032738
11,26,29.04317025070631
11,27,26.51848767229125
11,28,27.50962221508336
11,29,24.15501781511844
11,30,21.34159514858432
11,31,17.649463338275478
11,32,16.345331208606073
11,33,12.774133366028655
11,34,13.015700681706734
11,35,10.541507137988459
11,36,10.453586110164782
11,37,11.33333095215917
11,38,13.53714521489384
11,39,12.054482993541454
11,40,8.80633757991668
11,41,8.030441281682073
11,42,10.065201135810296
11,43,10.637789536069452
11,44,12.993364330419798
11,45,10.81333105945983
11,46,12.67180771741094
11,47,12.334094237969317
11,48,13.734332457678109
11,49,15.820593739922924
11,50,16.748308594264117
11,51,13.42821388223844
11,52,12.459819138164617
11,53,9.816042300199266
11,54,11.93033571380875
11,55,12.319748749659778
11,56,13.18992587158179
11,57,16.721615916843742
11,58,18.794048276240375
11,59,22.520900023638617
11,60,23.262322226025585
11,61,26.882651184460677
11,62,28.14383907307526
11,63,31.73336215035001
11,64,33.968306930351844
11,65,37.468260035524665
11,66,40.151716194671984
11,67,42.32843608408789
11,68,40.06735338458082
11,69,40.311415175800285
11,70,41.5120886470512
11,71,39.27278885602423
11,72,40.790057618272
11,73,40.485733476197915
11,74,39.72120001388773
11,75,37.302208040687134
11,76,33.48048215794195
11,77,31.300629018278826
11,78,27.991116052305596
11,79,25.234225847244552
11,80,22.052897966321442
11,81,18.980579493556935
11,82,15.307438678950735
11,83,13.266634349278323
11,84,9.652863116338612
11,85,8.244658989679637
11,86,8.010357483568377
11,87,8.783804650605553
11,88,12.600021237676993
11,89,15.462004866381628
11,90,19.22945323358928
11,91,19.953328672988235
11,92,20.40929921467085
11,93,19.981457923654965
11,94,22.30416911758952
11,95,21.735868485844907
11,96,24.354965336241403
11,97,25.05386146620099
11,98,24.488538713735654
11,99,20.699641170972285
11,100,20.77476797083033
11,101,21.453724574042052
11,102,18.730017914927153
12,1,26.961801069401993
12,2,23.456617663652633
12,3,20.58899994379515
12,4,18.43386827345589
12,5,14.817903131942646
12,6,12.249838343001008
12,7,9.244191072456134
12,8,9.036555184802058
12,9,8.534481666063927
12,10,6.667669714424608
12,11,3.8346011524038666
12,13,3.8616552680440988
12,14,5.898284464289296
12,15,9.618202553047144
12,16,13.17363755245187
12,17,16.10353483211184
12,18,19.33742862868473
12,19,22.67582298868428
12,20,25.15892531561451
12,21,28.76896574342265
12,22,31.852731154079756
12,23,35.202341528463606
12,24,35.46030756740008
12,25,32.379642174266216
12,26,31.78374667850599
12,27,29.39137166270956
12,28,30.22397418437824
12,29,26.925288991734078
12,30,23.93877156563852
12,31,20.246157443508658
12,32,18.37043902260071
12,33,14.593403394740037
12,34,13.928227411343979
12,35,10.652604668397819
12,36,10.23281492801852
12,37,9.748938708565131
12,38,11.345394123597957
12,39,9.048550493499086
12,40,5.413814635272574
12,41,4.636070400066595
12,42,6.559943127806826
12,43,8.041572565361973
12,44,10.430498302577705
12,45,8.50010103905174
12,46,9.653363138490947
12,47,9.058349880734305
12,48,10.017800026454205
12,49,12.308119218239078
12,50,13.139457972753982
12,51,10.066564514064323
12,52,9.794193071737487
12,53,8.107126097781633
12,54,11.08612864288482
12,55,12.658830802895435
12,56,14.074983293972661
12,57,17.796506773161436
12,58,20.40579806576366
12,59,24.198256659748242
12,60,25.42531608094447
12,61,29.172620117645362
12,62,30.519613884495254
12,63,34.20268406261741
12,64,36.21939062325352
12,65,39.80389163125758
12,66,42.27024038155425
12,67,44.42866488429322
12,68,42.23143915232558
12,69,42.72516142113943
12,70,44.060008544250024
12,71,42.00895564724503
12,72,43.61415825415752
12,73,43.17743964545597
12,74,42.15463013077506
12,75,39.544418331729304
12,76,35.719270832881406
12,77,33.24431296777194
12,78,29.76985461435957
12,79,26.883847217412892
12,80,23.431809112910997
12,81,20.661598109143238
12,82,16.84336806985558
12,83,15.490798268095368
12,84,11.680755313741882
12,85,9.082450776409976
12,86,7.829713641275128
12,87,6.834921132723388
12,88,10.384750589686687
12,89,12.619998093622174
12,90,16.449412548884542
12,91,17.28077972759843
12,92,18.292156968983395
12,93,17.862280909997985
12,94,20.518861249612293
12,95,20.225375850277587
12,96,23.16796341454343
12,97,24.44032905063482
12,98,24.042528620771108
12,99,20.17759437081959
12,100,20.649264118551855
12,101,22.004251819509534
12,102,19.68891538269874
13,1,26.941070259275357
13,2,23.669867210843822
13,3,20.84503256894389
13,4,18.110244726692677
13,5,14.749792078603432
13,6,12.522371259727997
13,7,9.412217413525523
13,8,7.978253398622144
13,9,8.723927007045711
13,10,8.403157073912064
13,11,5.045927282227526
13,12,3.8616552680440988
13,14,3.875771061023163
13,15,6.814027300553244
13,16,10.625294690709653
13,17,13.429866591395418
13,18,16.359044314366646
13,19,19.801640171928128
13,20,21.99601159132415
13,21,25.710448594186182
13,22,28.654241282579264
13,23,32.10546446721635
13,24,32.22269194405403
13,25,29.269650935175097
13,26,28.952278520977924
13,27,26.703012130737356
13,28,27.37635031520864
13,29,24.20630853988659
13,30,21.04338668363591
13,31,17.435959507435218
13,32,15.127610472219665
13,33,11.320133348062914
13,34,10.359797023250714
13,35,6.995693976942454
13,36,7.423991224244426
13,37,7.247578226299473
13,38,8.725429915546616
13,39,7.548057484773655
13,40,5.049396684353541
13,41,6.423522292531924
13,42,9.33284993007984
13,43,11.627540088793078
13,44,13.646038826971784
13,45,11.211230869852889
13,46,11.473683712422142
13,47,9.658034433338596
13,48,10.574445498254452
13,49,11.727380211871926
13,50,12.85714663654861
13,51,9.39420671578915
13,52,7.672192172125308
13,53,4.865464012945934
13,54,7.610349487716318
13,55,9.034630828709268
13,56,10.99538570140624
13,57,14.568366616119198
13,58,17.457326145101916
13,59,21.16524450935256
13,60,22.507885971388838
13,61,26.284296256562758
13,62,27.498875103309647
13,63,31.197570848486592
13,64,32.99741064190375
13,65,36.605540824358734
13,66,38.93548155354305
13,67,41.050000543795775
13,68,38.88057349841205
13,69,39.54462609365416
13,70,40.98016597168438
13,71,39.11349680310732
13,72,40.84744736853299
13,73,40.37466512052609
13,74,39.16328008186128
13,75,36.496294952148084
13,76,32.66755032813796
13,77,30.029288749759143
13,78,26.55155635844512
13,79,23.500850358294787
13,80,20.000789909083725
13,81,17.282832582698337
13,82,13.429557508608589
13,83,12.63533554129219
13,84,8.82809680035806
13,85,5.791088972179001
13,86,5.485838725090843
13,87,5.395766251996475
13,88,8.99911498330582
13,89,11.806401060609991
13,90,15.368943564326337
13,91,16.85150147870667
13,92,17.870654479913608
13,93,18.237044571277636
13,94,21.19115481588455
13,95,21.483116421695826
13,96,24.66390266327203
13,97,25.813968426968497
13,98,25.912937201630253
13,99,22.078004749556676
13,100,21.963462456242418
13,101,23.123258177349477
13,102,21.060828820444126
14,1,24.40780946480885
14,2,21.34981787533247
14,3,18.240798619143373
14,4,15.485900826532857
14,5,12.507440389399406
14,6,9.905436611399892
14,7,7.662645446131025
14,8,5.0415035670654875
14,9,5.576267345067529
14,10,6.845274534066908
14,11,4.932631744396934
14,12,5.898284464289296
14,13,3.875771061023163
14,15,3.831184737735956
14,16,7.28603172934493
14,17,10.38834299735393
14,18,13.52526030781761
14,19,16.933364049147254
14,20,19.555596311838414
14,21,23.14218548161979
14,22,26.354773847405983
14,23,29.764828137154986
14,24,30.279655832309306
14,25,27.368127247795158
14,26,27.046769152119847
14,27,24.602827029592525
14,28,25.00462348302168
14,29,21.59258683399807
14,30,18.77133605426729
14,31,14.99210538239962
14,32,13.163785990637441
14,33,9.421059472182302
14,34,8.696486234517755
14,35,6.0971966158445055
14,36,5.603766184040165
14,37,7.30067413834716
14,38,10.110294249884067
14,39,9.871437007583681
14,40,7.938733021318034
14,41,8.128940271197871
14,42,11.508739332238694
14,43,13.301371063985913
14,44,14.752842437701643
14,45,11.663274687666814
14,46,12.44932681084307
14,47,11.101532403741034
14,48,13.079909820287844
14,49,14.340234821699598
14,50,16.120876138797
14,51,12.910763396284958
14,52,10.852044991710061
14,53,7.594617859489385
14,54,9.72160827906195
14,55,9.893331811166068
14,56,11.988206199534579
14,57,15.12773456219226
14,58,17.660009705824475
14,59,21.18135103186466
14,60,21.902688304347816
14,61,25.517924547216136
14,62,26.28468399831709
14,63,29.814286904580687
14,64,31.605054152852183
14,65,35.05546453232993
14,66,37.60424770091695
14,67,39.57472299601051
14,68,37.139244553054304
14,69,37.49760237994089
14,70,39.067509733271315
14,71,37.1839597724754
14,72,39.08732078303544
14,73,38.95683992376875
14,74,37.99289207538878
14,75,35.6164549908462
14,76,31.764152024321167
14,77,29.368681395140587
14,78,26.154434374161
14,79,22.970375365134828
14,80,19.801764747278245
14,81,16.58975450048191
14,82,12.830193812304067
14,83,11.754545096534862
14,84,8.134781776917952
14,85,6.5633640672887585
14,86,8.125421341746636
14,87,9.139528773642668
14,88,12.709149726335824
14,89,15.59209081767583
14,90,19.049118780221427
14,91,20.68643158012197
14,92,21.62610496867185
14,93,21.998014842172278
14,94,24.826714891938046
14,95,24.914327441481525
14,96,27.906820354289028
14,97,28.784067146658703
14,98,28.64049702059515
14,99,24.824004829832607
14,100,24.6300243055812
14,101,25.354917545306392
14,102,22.907254141252636
15,1,23.49885318623394
15,2,20.845479702952645
15,3,17.833062857360247
15,4,14.635126157342409
15,5,12.339355844059856
15,6,10.336483896036581
15,7,8.777749884877435
15,8,5.142950884043608
15,9,7.041506494545922
15,10,9.57607566142171
15,11,8.136481671402432
15,12,9.618202553047144
15,13,6.814027300553244
15,14,3.831184737735956
15,16,3.8562167395290317
15,17,6.77442124943874
15,18,9.737962328810244
15,19,13.19874172304645
15,20,15.753410308697253
15,21,19.36559231068451
15,22,22.575619744799756
15,23,26.03204293255297
15,24,26.605723095012532
15,25,23.80981286707816
15,26,23.710624064155702
15,27,21.312704820484768
15,28,21.45174607824279
15,29,18.060262496253774
15,30,15.254075027346246
15,31,11.499398670167261
15,32,9.561845714466557
15,33,5.933960543351375
15,34,5.351400676866723
15,35,4.304777982344504
15,36,4.835759589019994
15,37,8.015731953640854
15,38,10.801346552756284
15,39,11.835630027879516
15,40,10.874760583865738
15,41,11.6529469054106
15,42,15.190232545553211
15,43,17.125367025728746
15,44,18.429942931852825
15,45,15.151376948435896
15,46,15.660487573682849
15,47,13.924833418690095
15,48,15.933641757052683
15,49,16.51515372272779
15,50,18.475622702041203
15,51,15.244940622005288
15,52,12.424655325964782
15,53,8.770882902106356
15,54,9.656126993970902
15,55,8.58184234232242
15,56,10.888656960175204
15,57,13.303191881140927
15,58,15.66867774468697
15,59,18.868964029978866
15,60,19.27949274986616
15,61,22.756944589048135
15,62,23.15534712946604
15,63,26.579049808414915
15,64,28.192140174694135
15,65,31.570590307743274
15,66,34.12290265120187
15,67,35.995793282819626
15,68,33.467829914770675
15,69,33.809792197700304
15,70,35.49736717312941
15,71,33.74476246317246
15,72,35.81486080639519
15,73,35.81311668798006
15,74,34.828946323031886
15,75,32.56980705668928
15,76,28.729301330804397
15,77,26.366019536675662
15,78,23.340363608503118
15,79,20.003506271462165
15,80,17.08253649813388
15,81,13.665563639203889
15,82,10.116326630608059
15,83,9.459719325473515
15,84,6.524497256998703
15,85,6.2920150408174855
15,86,9.372519298154794
15,87,11.301986782394392
15,88,14.489068499813785
15,89,17.60948850555741
15,90,20.705966011962747
15,91,22.677205524582938
15,92,23.461621760183696
15,93,24.294767107586726
15,94,27.15926970630439
15,95,27.50353107614834
15,96,30.514838402280585
15,97,31.151954531476896
15,98,31.246367774435214
15,99,27.503619555997275
15,100,26.873783170673196
15,101,27.255200451715176
15,102,24.879582181404103
16,1,22.4289195112058
16,2,20.27567261831658
16,3,17.195305791176857
16,4,13.986290466493395
16,5,12.659517951849084
16,6,10.892237096962292
16,7,10.621660975566334
16,8,6.8250220260696075
16,9,8.38084949039428
16,10,11.80263870690474
16,11,11.33016474182834
16,12,13.17363755245187
16,13,10.625294690709653
16,14,7.28603172934493
16,15,3.8562167395290317
16,17,3.8240004474794156
16,18,6.554627188970254
16,19,9.977123990462948
16,20,12.963117161143112
16,21,16.378602895950756
16,22,19.83159606212734
16,23,23.260472398583115
16,24,24.26198590701685
16,25,21.669843785145105
16,26,21.763135389894956
16,27,19.27787284794169
16,28,18.906459235413358
16,29,15.338639388391044
16,30,13.048746922944463
16,31,9.345091420069704
16,32,8.09752139041849
16,33,5.583750639955835
16,34,5.416840671514451
16,35,6.621569749761729
16,36,6.507125834006799
16,37,10.31269216306669
16,38,13.31359342566577
16,39,14.932811791929355
16,40,14.381116373246137
16,41,14.870457145130592
16,42,18.506231390050804
16,43,20.28619243618072
16,44,21.212562678167856
16,45,17.693889145076923
16,46,18.276345833793144
16,47,16.708268960509
16,48,19.10772231754137
16,49,19.560389370019305
16,50,21.849275742205464
16,51,18.80174382802823
16,52,15.824382024581654
16,53,12.25397217064432
16,54,12.715263871174034
16,55,10.974635280190194
16,56,13.153452292411094
16,57,14.734363907869675
16,58,16.618050309922637
16,59,19.30717710066607
16,60,19.078414469744388
16,61,22.199594325014555
16,62,21.975524217275325
16,63,25.094792384015644
16,64,26.52216863227956
16,65,29.66301165402544
16,66,32.349531807598304
16,67,34.00436903604473
16,68,31.207031952254997
16,69,31.280808699688308
16,70,33.17899598417993
16,71,31.53776970899571
16,72,33.855457216884524
16,73,34.22158321820593
16,74,33.42429203779306
16,75,31.494631317203833
16,76,27.715705807776555
16,77,25.59910304415799
16,78,22.978323540402144
16,79,19.558070792414828
16,80,17.190718267521714
16,81,13.548044386686017
16,82,10.665270147906416
16,83,10.22665132455444
16,84,8.533075262552027
16,85,9.533641837916518
16,86,12.982461172971494
16,87,15.112132576561335
16,88,18.169620865275746
16,89,21.26487402754193
16,90,24.201376464334288
16,91,26.3451890753874
16,92,27.11682717478562
16,93,28.071297484358546
16,94,30.910940602450108
16,95,31.243991772021253
16,96,34.18279262361359
16,97,34.65504491731146
16,98,34.692462431140235
16,99,30.99373790450554
16,100,30.246100938292894
16,101,30.343112306822647
16,102,27.83190237442032
17,1,20.695881574210716
17,2,18.98961586019533
17,3,16.346487356459257
17,4,12.862147435113561
17,5,12.357588035507332
17,6,11.688469188493167
17,7,11.809696210856078
17,8,8.545068488394653
17,9,10.912288417055473
17,10,14.232828338127714
17,11,13.788964389459371
17,12,16.10353483211184
17,13,13.429866591395418
17,14,10.38834299735393
17,15,6.77442124943874
17,16,3.8240004474794156
17,18,3.8317369853668937
17,19,6.623434407563482
17,20,9.624117519041045
17,21,12.939816699875037
17,22,16.382653681471144
17,23,19.681553553932925
17,24,20.698718093556923
17,25,18.002442200261832
17,26,18.00111473843438
17,27,15.486648977124736
17,28,15.118983478941342
17,29,11.547834391109125
17,30,9.288844131755958
17,31,5.612168968318474
17,32,5.269925758546833
17,33,4.554404671097222
17,34,6.355420836621229
17,35,9.038977153981534
17,36,9.97629696684537
17,37,13.68428346930754
17,38,16.26921324911794
17,39,18.134218171310874
17,40,17.600363319553818
17,41,18.33271668539791
17,42,21.867926330382346
17,43,23.513895310822026
17,44,24.706145972058682
17,45,21.284489282677583
17,46,21.999942186937297
17,47,20.367997627375466
17,48,22.548067390324398
17,49,22.795952831741214
17,50,24.846171280639705
17,51,21.61762625064523
17,52,18.408341350056325
17,53,14.707312260680657
17,54,14.261164865634418
17,55,11.590212672591164
17,56,13.020025881680342
17,57,13.722370766309679
17,58,14.860995073733728
