1,2,3.837744647459582
1,3,5.53428682212649
1,4,7.598185554850052
1,5,9.272597304713594
1,6,9.749971323461072
1,7,11.062257642637515
1,8,14.893141756949063
1,9,14.815455169244588
1,10,12.582934342169088
1,11,12.415275046907183
1,12,12.965278911753913
1,13,12.547088366706763
1,14,15.90540509149586
1,15,16.584185699211744
1,16,20.022929595768808
1,17,22.741187330157633
1,18,26.23089254446253
1,19,29.21920235671095
1,20,29.455148726702344
1,21,25.959363279726297
1,22,23.88184699030519
1,23,21.143669080797707
1,24,20.546122784895196
1,25,16.69496904362678
1,26,15.881333370533211
1,27,13.741619188063675
1,28,15.36878630094339
1,29,13.570662413618587
1,30,16.105506937705112
1,31,16.41297194956836
1,32,17.08861723479808
1,33,19.92564098652944
1,34,22.54951747427611
1,35,22.317623232194403
1,36,19.640620144220748
1,37,18.827060911455217
1,38,20.68830337664763
1,39,20.328187077209463
1,40,22.598159429097084
1,41,20.32547578598148
1,42,22.79100315430432
1,43,22.787440041178687
1,44,24.73453771075185
1,45,26.28158210229658
1,46,27.474440496919758
1,47,23.957533322804167
1,48,22.12864666060042
1,49,18.683812965824192
1,50,18.869775638328107
1,51,16.85688708088636
1,52,16.343624961429192
1,53,17.994557806808782
1,54,18.27566792103371
1,55,21.551937507175243
1,56,21.099838867379834
1,57,23.11443240968357
1,58,23.202032634196282
1,59,25.7625029154075
1,60,28.91295409041914
1,61,32.455002650457764
1,62,35.58157089634895
1,63,38.00324431568297
1,64,35.76813024512528
1,65,35.50003775391283
1,66,35.4389588698756
1,67,33.56091501571568
1,68,34.408654536589744
1,69,34.0135924452826
1,70,34.14236585588307
1,71,32.78008774439084
1,72,29.093106810884898
1,73,28.59561225560585
1,74,26.598258931999386
1,75,23.191105915925757
1,76,21.886617701801367
1,77,18.280618060712825
1,78,16.156734306950227
1,79,12.44378880563209
1,80,11.53053501192716
1,81,13.787057019228298
1,82,15.181378657636447
1,83,18.03249091094356
1,84,21.443112663517468
1,85,24.90431092221419
1,86,28.35759780896061
1,87,29.004590321886287
1,88,28.481838005224567
1,89,27.958550099717296
2,1,3.837744647459582
2,3,3.872418760306461
2,4,5.331267748912152
2,5,5.7264369858759565
2,6,6.568880940655054
2,7,8.705720428078315
2,8,12.451434557759887
2,9,12.643209124639071
2,10,9.987956274286951
2,11,10.376709631476663
2,12,11.024469020960792
2,13,11.639814866216616
2,14,15.282978470206388
2,15,16.687805361885204
2,16,20.393341972822046
2,17,23.536322933158676
2,18,26.925120728839396
2,19,30.051079864379837
2,20,30.715526552058986
2,21,27.31664847426374
2,22,25.666506464865144
2,23,23.088007041391947
2,24,21.988198344280192
2,25,18.256086703261165
2,26,17.147163954975863
2,27,14.295241588525956
2,28,15.496081684771685
2,29,13.128750028984003
2,30,14.84883900642419
2,31,14.585415910179504
2,32,14.507203835950651
2,33,17.289846673040632
2,34,20.22464039856216
2,35,19.82846563708646
2,36,17.122886128618727
2,37,15.872189529343935
2,38,17.90386977736695
2,39,17.570497942436564
2,40,19.448139960286767
2,41,16.945265858801612
2,42,19.46592570012752
2,43,19.697691840855015
2,44,21.98283335558254
2,45,23.755903038665274
2,46,25.28323045489664
2,47,21.996540307769408
2,48,20.319433104062515
2,49,16.969932284459365
2,50,17.856704523415114
2,51,16.370132385264192
2,52,16.68622831966808
2,53,18.760448977192674
2,54,19.76752144616233
2,55,23.243590333667075
2,56,23.231127538900058
2,57,25.419449246676095
2,58,25.319268470075794
2,59,27.93958448060296
2,60,30.809490701038666
2,61,34.36683043334259
2,62,37.419975724755496
2,63,39.75702783325285
2,64,37.343530923557374
2,65,37.12437004356158
2,66,37.423303074103416
2,67,35.77033872183035
2,68,36.88921754368964
2,69,36.62020679343407
2,70,36.54430103248672
2,71,35.08748630440108
2,72,31.31565953842291
2,73,30.452396246714972
2,74,28.254273782466445
2,75,24.632685047874656
2,76,22.92157120519677
2,77,19.169520326194764
2,78,16.571135885685138
2,79,13.221398833333765
2,80,11.494521919384303
2,81,12.900704808618594
2,82,14.31780586909606
2,83,16.662105184523675
2,84,20.329947374837765
2,85,23.601859980770943
2,86,27.203319405059005
2,87,28.054721104169673
2,88,28.037876626687723
2,89,27.51023304816398
3,1,5.53428682212649
3,2,3.872418760306461
3,4,3.8397094644945944
3,5,5.423429027392583
3,6,5.038137798649037
3,7,5.535034054695374
3,8,9.360707024073562
3,9,9.531013831244811
3,10,7.724246097762656
3,11,8.799534933245807
3,12,10.739037212190564
3,13,11.837507489392598
3,14,15.639238749149008
3,15,17.522907252122806
3,16,21.01301517253664
3,17,24.240958607491088
3,18,27.342476537936363
3,19,30.73853124918602
3,20,31.187051039312635
3,21,27.604590461213917
3,22,26.160202701288288
3,23,23.774376796142153
3,24,23.040560642848156
3,25,19.38623494898873
3,26,17.575903032866247
3,27,14.671772530328537
3,28,14.965009930825595
3,29,11.983189173891597
3,30,13.461037007873193
3,31,12.576865658494457
3,32,13.005563228496943
3,33,15.245681928454248
3,34,17.711697727026007
3,35,17.056757441986356
3,36,14.187227881007642
3,37,13.38225008277795
3,38,15.26503111264433
3,39,15.255273114666801
3,40,17.634096343566814
3,41,15.335879773673456
3,42,17.57624401628698
3,43,17.434708345352032
3,44,19.23416497635278
3,45,20.882571450244434
3,46,22.052028961636392
3,47,18.620794198542495
3,48,17.045196161184332
3,49,13.819005215661132
3,50,14.690699679864208
3,51,13.563321454915698
3,52,13.750491330768194
3,53,16.331149462376604
3,54,17.676895161719667
3,55,21.372575309188097
3,56,21.90253461369146
3,57,24.575892419462168
3,58,24.958342583896812
3,59,27.97654777366085
3,60,30.785050312258274
3,61,34.49426545148912
3,62,37.29020795314975
3,63,39.78140533644542
3,64,37.61495813330359
3,65,37.78979499081527
3,66,38.084459200799834
3,67,36.6651018480786
3,68,37.53707602267232
3,69,36.896876728031536
3,70,36.489278603351494
3,71,34.65634997048348
3,72,30.839028211056526
3,73,29.677589983024706
3,74,27.092180069859218
3,75,23.500773604354922
3,76,21.3490500821202
3,77,17.74565736968405
3,78,14.698544971885537
3,79,11.519704067098854
3,80,8.99808947499193
3,81,9.83511870675027
3,82,10.67887952732375
3,83,12.996493268732042
3,84,16.61709470910946
3,85,19.901871695688317
3,86,23.503016555309618
3,87,24.242746110645268
3,88,24.168624091053534
3,89,23.66335155295119
4,1,7.598185554850052
4,2,5.331267748912152
4,3,3.8397094644945944
4,5,3.836843731075975
4,6,5.926715692696936
4,7,5.937067118998078
4,8,9.144908370226092
4,9,8.062579181408056
4,10,5.1298696759031275
4,11,5.2007641091852435
4,12,6.93691521265308
4,13,8.517345630295367
4,14,12.347596739407061
4,15,14.718129199791031
4,16,18.236254538530858
4,17,21.71638070019948
4,18,24.653171619089814
4,19,28.139560129195573
4,20,28.900226285241835
4,21,25.44184191752799
4,22,24.433011550491496
4,23,22.27693999029835
4,24,21.148899949993506
4,25,17.736415882803392
4,26,15.607945648883543
4,27,12.241680759915559
4,28,12.157356440069602
4,29,8.976476891144152
4,30,9.995964900528778
4,31,9.300403348259026
4,32,9.587298482489159
4,33,12.335814993095939
4,34,15.112380100435852
4,35,15.10339047152906
4,36,12.858756508431542
4,37,12.431170967275902
4,38,15.142911170089855
4,39,15.92311322231041
4,40,17.807315372422618
4,41,14.891831808601065
4,42,16.54267453888655
4,43,15.90542207086998
4,44,18.031554568798896
4,45,19.257251849395367
4,46,20.926400849970186
4,47,17.590144293944824
4,48,15.469638394703207
4,49,11.938796789963641
4,50,12.834078476156304
4,51,11.535566622037969
4,52,12.612264069225654
4,53,14.93918042134917
4,54,16.761974894198776
4,55,20.374856293667698
4,56,21.080009979283197
4,57,23.661194223365484
4,58,23.663187017643157
4,59,26.631884409234736
4,60,29.100407760725123
4,61,32.77133759330272
4,62,35.48496270682151
4,63,37.858148418351654
4,64,35.53325695679833
4,65,35.776667211108084
4,66,36.41932602403311
4,67,35.28556761502888
4,68,36.42848775790169
4,69,35.93744447926078
4,70,35.304829777915636
4,71,33.445172181084565
4,72,29.586815618137994
4,73,28.113631403243396
4,74,25.497764417307017
4,75,21.743128652138946
4,76,19.44098574047875
4,77,15.734233846875956
4,78,12.601160745545293
4,79,9.921481330870554
4,80,7.3773776340982415
4,81,8.049408886749553
4,82,10.036168446143266
4,83,12.445641041582322
4,84,16.04840081642859
4,85,19.403212709437152
4,86,22.836199076033548
4,87,24.17265669937157
4,88,24.47449483907048
4,89,24.505291269515823
5,1,9.272597304713594
5,2,5.7264369858759565
5,3,5.423429027392583
5,4,3.836843731075975
5,6,3.8716700001833875
5,7,5.8549952928728235
5,8,8.632449948057335
5,9,8.674504242182012
5,10,5.48045254813055
5,11,6.956755487829574
5,12,8.270816976856246
5,13,10.714643317134904
5,14,14.401992880655406
5,15,16.969553578835896
5,16,20.658351544705052
5,17,24.276774134396465
5,18,27.243500485084287
5,19,30.635661210902995
5,20,31.734742621445985
5,21,28.445419351014223
5,22,27.532634403971677
5,23,25.352040350249336
5,24,23.85403622361547
5,25,20.485076247129854
5,26,18.660679567323026
5,27,15.107421808731884
5,28,15.17091243105799
5,29,12.022989020964395
5,30,12.193572007948978
5,31,10.844613056117206
5,32,9.704659085298601
5,33,12.185348430066838
5,34,15.405092724401639
5,35,14.916257988145922
5,36,12.448560816222109
5,37,10.962377246044797
5,38,13.598303920046563
5,39,13.969313914960187
5,40,15.268041916459422
5,41,12.18773043422668
5,42,14.261188192779393
5,43,14.356943083811938
5,44,17.018915294273047
5,45,18.816262381785293
5,46,20.82667235236213
5,47,17.897454961272015
5,48,16.29630857783982
5,49,13.188026361730687
5,50,15.006984230626331
5,51,14.428752780044608
5,52,15.961789626194863
5,53,18.493697750470908
5,54,20.5234907430328
5,55,24.141422772145813
5,56,24.885655991354355
5,57,27.397510380392195
5,58,27.2232419272672
5,59,30.045932671969894
5,60,32.43341141127339
5,61,36.027705349736905
5,62,38.79853939017065
5,63,41.06371110309767
5,64,38.565724035685726
5,65,38.649108919589715
5,66,39.44682975042997
5,67,38.27881988629014
5,68,39.62464291935614
5,69,39.33404349871344
5,70,38.78589078685919
5,71,37.03472599278252
5,72,33.181720130430854
5,73,31.68897499169797
5,74,29.11577216957485
5,75,25.31828520964012
5,76,22.965887303618953
5,77,19.262001761813476
5,78,16.079805275544746
5,79,13.663302082507476
5,80,10.967595727135269
5,81,10.79768569131683
5,82,12.228241356215666
5,83,13.701153138541663
5,84,17.46834579687627
5,85,20.405418152558077
5,86,24.015871506953413
5,87,25.31248954185622
5,88,26.037965890666023
5,89,25.77883501516474
6,1,9.749971323461072
6,2,6.568880940655054
6,3,5.038137798649037
6,4,5.926715692696936
6,5,3.8716700001833875
6,7,3.8709478073516204
6,8,6.794400717712798
6,9,8.422014131178695
6,10,6.775726639897137
6,11,9.50741691785681
6,12,11.719366127793002
6,13,14.097545508587093
6,14,17.877264822764698
6,15,20.37650525405983
6,16,23.999953889987246
6,17,27.53004726044202
6,18,30.494341658670848
6,19,33.949599645384325
6,20,34.79945037934596
6,21,31.357501365666405
6,22,30.258800691589997
6,23,27.994141862178846
6,24,26.851004505961473
6,25,23.33387886127557
6,26,21.452156299783944
6,27,18.108330567188204
6,28,18.010329725783894
6,29,14.625770121005893
6,30,14.858814806631617
6,31,12.900352792629679
6,32,11.999899219730674
6,33,13.561679041851864
6,34,16.280255831892244
6,35,14.919901025539007
6,36,11.731173234508947
6,37,9.771460094149662
6,38,11.453517019623575
6,39,11.090083178003518
6,40,12.959354053648696
6,41,10.584466520540012
6,42,13.233446433870222
6,43,13.834229202463268
6,44,16.04539761153116
6,45,18.35224455377223
6,46,19.839179255953972
6,47,16.917747820492472
6,48,16.03231801170687
6,49,13.405812496271018
6,50,15.519395662642156
6,51,15.500051063380472
6,52,16.5806450290365
6,53,19.602459631900597
6,54,21.588270348856042
6,55,25.363893881937855
6,56,26.288876738012963
6,57,29.082818063493878
6,58,29.352566124717853
6,59,32.37300457421917
6,60,34.951403466307234
6,61,38.63826424705962
6,62,41.35836882265038
6,63,43.762417008538314
6,64,41.45296255677845
6,65,41.64435268479211
6,66,42.23050012166372
6,67,40.95940420214057
6,68,42.046316706427625
6,69,41.52096859207623
6,70,40.98963112756095
6,71,39.0949769920425
6,72,35.2442031561926
6,73,33.80532463996781
6,74,31.05869073863146
6,75,27.36521670479499
6,76,24.859132736130178
6,77,21.2835500520858
6,78,17.88514641320051
6,79,15.31726743433866
6,80,12.173680687321903
6,81,11.521174619344986
6,82,11.718754912208745
6,83,12.637578447157386
6,84,16.433312695827695
6,85,19.11659630690118
6,86,22.92214469949456
6,87,23.68526624498761
6,88,24.30501136025871
6,89,23.535761083791975
7,1,11.062257642637515
7,2,8.705720428078315
7,3,5.535034054695374
7,4,5.937067118998078
7,5,5.8549952928728235
7,6,3.8709478073516204
7,8,3.838786054737354
7,9,5.143943109673863
7,10,5.026784244311691
7,11,8.212406645084597
7,12,11.417839762168242
7,13,13.86053667462196
7,14,17.554935029202923
7,15,20.29696060480573
7,16,23.623109051617853
7,17,27.130536256395594
7,18,29.801529339692117
7,19,33.44655291286758
7,20,34.07300545401644
7,21,30.514081474918456
7,22,29.617120199257204
7,23,27.56392392398033
7,24,26.745580099932027
7,25,23.363572814152658
7,26,20.950791244954413
7,27,17.698930657667926
7,28,16.866327463523636
7,29,13.176065155165842
7,30,13.190188797509151
7,31,10.77385725112122
7,32,10.666158362888035
7,33,11.630363451213642
7,34,13.701713603975376
7,35,12.244747225643493
7,36,8.974304132814966
7,37,8.053852686176178
7,38,9.84855975010858
7,39,10.406920923353612
7,40,12.909859338911893
7,41,10.715326032313495
7,42,12.566594527007972
7,43,12.289122641999223
7,44,13.8166971833171
7,45,15.720179408108171
7,46,16.826098605604866
7,47,13.601589800908725
7,48,12.606872265036484
7,49,10.020076686998932
7,50,12.055612876879854
7,51,12.427475671759765
7,52,13.4742549528567
7,53,16.81397204855361
7,54,19.093620285383253
7,55,22.92098919247181
7,56,24.298873010247206
7,57,27.414106890130334
7,58,28.036176434853132
7,59,31.33264609646099
7,60,33.79987793868018
7,61,37.57280903718943
7,62,40.039599619569
7,63,42.55285120791397
7,64,40.478297022227956
7,65,41.021607959469804
7,66,41.606309503104846
7,67,40.5695153679943
7,68,41.44875641292541
7,69,40.617641153100216
7,70,39.78193429274184
7,71,37.58387377947475
7,72,33.738032506238845
7,73,32.04317321645161
7,74,29.016177454942056
7,75,25.41268825055728
7,76,22.588891763533372
7,77,19.253765533083648
7,78,15.613238465357934
7,79,13.441636357025427
7,80,9.85008976245062
7,81,8.423449339747867
7,82,7.978905113932074
7,83,8.817584040211903
7,84,12.610807690727219
7,85,15.43332619244572
7,86,19.206718124957742
7,87,20.011777767187255
7,88,20.579474957952446
7,89,20.043128562165247
8,1,14.893141756949063
8,2,12.451434557759887
8,3,9.360707024073562
8,4,9.144908370226092
8,5,8.632449948057335
8,6,6.794400717712798
8,7,3.838786054737354
8,9,3.8415310580388025
8,10,5.918643693643445
8,11,9.585403418022334
8,12,13.106175295190871
8,13,16.044973733999466
8,14,19.474297515074372
8,15,22.5988053443337
8,16,25.72580772062391
8,17,29.32118066877725
8,18,31.676332506293814
8,19,35.43446627679442
8,20,36.144733032386846
8,21,32.63558768474414
8,22,32.08305878324845
8,23,30.25697755517886
8,24,29.42168045491376
8,25,26.243263129497894
8,26,23.52366775788115
8,27,20.189820678347793
8,28,18.747107377413812
8,29,14.882413955001557
8,30,14.0056679503243
8,31,10.761766764645554
8,32,10.329585287430517
8,33,9.955370914833102
8,34,11.390149271393417
8,35,9.15675611862129
8,36,5.527339383180757
8,37,4.733634793706941
8,38,6.413742637767242
8,39,7.951755853064893
8,40,10.457131294055936
8,41,8.508462455844791
8,42,9.617132503264664
8,43,9.007827363208037
8,44,10.087238192694569
8,45,12.170920677166881
8,46,13.177906533877268
8,47,10.19224744805906
8,48,9.844000486928223
8,49,8.185709571961654
8,50,11.096430905331324
8,51,12.638995442070227
8,52,14.191319873144334
8,53,17.78277398631936
8,54,20.544125351772305
8,55,24.317021895268557
8,56,26.186697531772843
8,57,29.510756850644366
8,58,30.271996301235436
8,59,33.701155998545055
8,60,35.9293135779668
8,61,39.708707017033205
8,62,41.93755711088807
8,63,44.44983438600372
8,64,42.46113064803726
8,65,43.249077129928544
8,66,44.00843552160637
8,67,43.225658537371615
8,68,44.095290869343366
8,69,43.13947056639725
8,70,42.02997002851562
8,71,39.61131523671425
8,72,35.78604622448981
8,73,33.77104395086348
8,74,30.507170791452857
8,75,26.971484981240156
8,76,23.7962373357808
8,77,20.75393575193519
8,78,16.934718370536746
8,79,15.500254546337855
8,80,11.689272631143373
8,81,9.06268739326731
8,82,7.659162971105611
8,83,6.743366328986389
8,84,10.331897269030724
8,85,12.561077527850685
8,86,16.38090044462342
8,87,17.276950019151336
8,88,18.412540842626104
8,89,17.934466627997224
9,1,14.815455169244588
9,2,12.643209124639071
9,3,9.531013831244811
9,4,8.062579181408056
9,5,8.674504242182012
9,6,8.422014131178695
9,7,5.143943109673863
9,8,3.8415310580388025
9,10,3.848614117638249
9,11,6.7135802712751556
9,12,10.46789805546543
9,13,13.32695437057357
9,14,16.473975505801853
9,15,19.739171222034855
9,16,22.61298157281808
9,17,26.192962688779673
9,18,28.32281995823878
9,19,32.13952701847662
9,20,32.85304615854808
9,21,29.391002043011465
9,22,29.10494585081795
9,23,27.497365863891847
9,24,26.65920423719932
9,25,23.723292252399144
9,26,20.71695084212251
9,27,17.398036524072893
9,28,15.495850883228067
9,29,11.612646936885263
9,30,10.423591350874123
9,31,7.094573286656893
9,32,7.454834844070599
9,33,7.349105759315653
9,34,8.748189472744254
9,35,7.653308485087112
9,36,5.169242789023621
9,37,6.398564052748075
9,38,9.187382383731585
9,39,11.515562256721994
9,40,13.59388373644875
9,41,11.109195054054268
9,42,11.326348324869864
9,43,9.538852948264005
9,44,10.615360004263305
9,45,11.540254614360567
9,46,12.883911883670194
9,47,9.543278549589425
9,48,7.786738680004339
9,49,5.010525051688176
9,50,7.714788993939582
9,51,9.10221319195031
9,52,11.224677381842087
9,53,14.622313035441561
9,54,17.66640855950469
9,55,21.33634936414283
9,56,23.35324238315201
9,57,26.645623496009005
9,58,27.289404832770064
9,59,30.731540848118556
9,60,32.738146503940136
9,61,36.49033015615528
9,62,38.59256121873728
9,63,41.06764240337407
9,64,39.09924615821869
9,65,40.03023906799556
9,66,40.92625733209199
9,67,40.363608674283874
9,68,41.28142938241427
9,69,40.31285012092767
9,70,39.01032429473185
9,71,36.52206283490927
9,72,32.70822295683812
9,73,30.496074450579766
9,74,27.191258928542204
9,75,23.635209461767797
9,76,20.357541995743407
9,77,17.389100516603637
9,78,13.55124522311928
9,79,12.630462926672815
9,80,8.884967956338068
9,81,5.7829598688812425
9,82,5.396650713813438
9,83,5.44204363764688
9,84,9.031645908624444
9,85,11.879143300639738
9,86,15.384819413997347
9,87,16.972187641152583
9,88,18.064449875271073
9,89,18.37292142806306
10,1,12.582934342169088
10,2,9.987956274286951
10,3,7.724246097762656
10,4,5.1298696759031275
10,5,5.48045254813055
10,6,6.775726639897137
10,7,5.026784244311691
10,8,5.918643693643445
10,9,3.848614117638249
10,11,3.820594412821924
10,12,7.190524461303648
10,13,10.296344062157116
10,14,13.662346870722823
10,15,16.90084213543824
10,16,20.085952881173238
10,17,23.78427926000703
10,18,26.18548922809639
10,19,29.88302497527863
10,20,30.854881929512253
10,21,27.494173594894015
10,22,27.116006041134145
10,23,25.366266273586792
10,24,24.14402027878523
10,25,21.134651137254547
10,26,18.43620437187172
10,27,14.855750368931828
10,28,13.505824252611948
10,29,9.737266016807155
10,30,8.787756125850187
10,31,6.19855543018091
10,32,5.740322569065502
10,33,7.527938964753427
10,34,10.261832539208624
10,35,10.041010494410243
10,36,8.05718458877542
10,37,8.095482403348328
10,38,11.372103746904893
10,39,13.151058165335717
10,40,14.717197218781829
10,41,11.59484221706155
10,42,12.34388511230724
10,43,11.081570215666705
10,44,13.174497717868796
10,45,14.224450573735414
10,46,16.178384458119226
10,47,13.092136770496552
10,48,11.015024782314141
10,49,7.774481654641269
10,50,9.828836584024822
10,51,9.955628894450928
10,52,12.220805414667444
10,53,15.075726406462572
10,54,17.84388593256985
10,55,21.473324359402337
10,56,22.98156878524205
10,57,25.90635509068516
10,58,26.060178502476493
10,59,29.23853610226797
10,60,31.282179745383576
10,61,34.96424434179376
10,62,37.319105510018936
10,63,39.668896264935455
10,64,37.42225599493353
10,65,38.0381044887858
10,66,39.01774011357408
10,67,38.31701371989883
10,68,39.502017168436716
10,69,38.86077162166826
10,70,37.78487060127676
10,71,35.593998744526694
10,72,31.73915881357443
10,73,29.713924030373065
10,74,26.709872924629313
10,75,22.967448909819627
10,76,20.02930954180683
10,77,16.661717469078933
10,78,13.038088393918384
10,79,11.651129963188229
10,80,8.287655062424658
10,81,6.508574937688421
10,82,7.973059821572086
10,83,9.147924401090588
10,84,12.697388445718042
10,85,15.66163751732751
10,86,19.05683815911783
10,87,20.781470553345333
10,88,21.765518025308864
10,89,22.071232017964807
11,1,12.415275046907183
11,2,10.376709631476663
11,3,8.799534933245807
11,4,5.2007641091852435
11,5,6.956755487829574
11,6,9.50741691785681
11,7,8.212406645084597
11,8,9.585403418022334
11,9,6.7135802712751556
11,10,3.820594412821924
11,12,3.8441484288522667
11,13,6.708812539045652
11,14,9.914090439081415
11,15,13.225581680187892
11,16,16.306224712469053
11,17,20.019356396994123
11,18,22.376208407329774
11,19,26.07362136986506
11,20,27.103795248133274
11,21,23.806971662192403
11,22,23.582534382859976
11,23,21.9620672979923
11,24,20.60916284256179
11,25,17.802714490110354
11,26,14.976518175304056
11,27,11.32909221865305
11,28,9.830936280595955
11,29,6.187628515230086
11,30,5.377205841019408
11,31,4.286260706714477
11,32,5.026359490917021
11,33,8.165330426288977
11,34,10.913897043692764
11,35,11.944054705013267
11,36,10.926818023266726
11,37,11.59413262790279
11,38,15.040590622433683
11,39,16.96726170715575
11,40,18.40847540426991
11,41,15.114998699023394
11,42,15.571241532681926
11,43,13.914795454487646
11,44,15.988574878948064
11,45,16.33581049743558
11,46,18.43202991345753
11,47,15.305422867255011
11,48,12.477176041278083
11,49,8.806672213342974
11,50,9.614840475310917
11,51,8.505444827249633
11,52,10.985659998269334
11,53,13.04916384559255
11,54,15.711462156240847
11,55,19.105608067920013
11,56,20.398862248579736
11,57,23.04969936100388
11,58,22.86227179231204
11,59,25.905578819078574
11,60,27.79314599859386
11,61,31.41662257418694
11,62,33.78904519903833
11,63,36.06258938048525
11,64,33.729348272310204
11,65,34.32331151843931
11,66,35.4124297230879
11,67,34.820569028418035
11,68,36.13152639540531
11,69,35.60867872798267
11,70,34.48885388821214
11,71,32.390615878175666
11,72,28.54778447150645
11,73,26.489880799222906
11,74,23.644526567323172
11,75,19.832306254773247
11,76,17.079600236645213
11,77,13.596904977812219
11,78,10.258531298715585
11,79,9.129176986728085
11,80,6.6104072586279266
11,81,6.033232206422141
11,82,9.086780485958672
11,83,11.196944835848122
11,84,14.320165415554047
11,85,17.5642455586448
11,86,20.574204892800793
11,87,22.650178224426167
11,88,23.41842835727898
11,89,24.185445956151877
12,1,12.965278911753913
12,2,11.024469020960792
12,3,10.739037212190564
12,4,6.93691521265308
12,5,8.270816976856246
12,6,11.719366127793002
12,7,11.417839762168242
12,8,13.106175295190871
12,9,10.46789805546543
12,10,7.190524461303648
12,11,3.8441484288522667
12,13,3.8364823412549414
12,14,6.784177222686859
12,15,10.193333745258142
12,16,13.4701371879199
12,17,17.30110664502267
12,18,19.792114831848853
12,19,23.322297662525614
12,20,24.723286233521485
12,21,21.673861501263833
12,22,21.57204344362732
12,23,19.988002043360424
12,24,18.097548164102232
12,25,15.500422731956517
12,26,13.024544705864653
12,27,9.171338813745223
12,28,8.318452003333459
12,29,5.802965426628928
12,30,5.274347220361765
12,31,6.3541416301017835
12,32,6.364834890680565
12,33,10.188928254001263
12,34,13.23869149552478
12,35,14.85447500385705
12,36,14.281887475575948
12,37,14.658248245723378
12,38,18.25331552582948
12,39,20.040027876009425
12,40,21.07205370827279
12,41,17.52237216220692
12,42,18.00941882019728
12,43,16.52547513612085
12,44,18.994618866210217
12,45,19.214361243375716
12,46,21.659391021777775
12,47,18.75412812118849
12,48,15.773393422631372
12,49,12.196899982771372
12,50,12.637199272286544
12,51,10.920100825545374
12,52,13.335100878578956
12,53,14.508124927929249
12,54,16.78266247290806
12,55,19.789718216923443
12,56,20.583417569280773
12,57,22.682291937568024
12,58,21.85265660671725
12,59,24.485075843263168
12,60,26.197394222737284
12,61,29.645765484318495
12,62,32.179156278732755
12,63,34.2465859813996
12,64,31.622290171089503
12,65,31.935298840987546
12,66,33.23057132294867
12,67,32.641406738943694
12,68,34.292335965357346
12,69,34.14344683500788
12,70,33.163424336080894
12,71,31.381750375177457
12,72,27.58951891848615
12,73,25.65188213755103
12,74,23.207655513988225
12,75,19.35040759292499
12,76,17.08537832759361
12,77,13.519079275891592
12,78,10.955719951813965
12,79,9.955543234035849
12,80,8.799682746888877
12,81,9.335707240128393
12,82,12.747981440574026
12,83,14.98848800811217
12,84,17.96487876290108
12,85,21.174821898327504
12,86,24.00520876696721
12,87,26.27720676098372
12,88,27.052851640951904
12,89,27.955846564881398
13,1,12.547088366706763
13,2,11.639814866216616
13,3,11.837507489392598
13,4,8.517345630295367
13,5,10.714643317134904
13,6,14.097545508587093
13,7,13.86053667462196
13,8,16.044973733999466
13,9,13.32695437057357
13,10,10.296344062157116
13,11,6.708812539045652
13,12,3.8364823412549414
13,14,3.836799564529925
13,15,6.629403271970436
13,16,10.061022903606723
13,17,13.792749543161886
13,18,16.563019724888164
13,19,20.028697933872905
13,20,21.26111644177449
13,21,18.150468590399086
13,22,17.843107663300398
13,23,16.187622266046315
13,24,14.28871593300126
13,25,11.679828498732002
13,26,9.26161242721406
13,27,5.3940168821088585
13,28,5.43192150308431
13,29,4.562555521101054
13,30,6.1509681995180525
13,31,8.8578599102972
13,32,9.900525880448349
13,33,13.602281221165741
13,34,16.258176387183916
13,35,18.126231659752964
13,36,17.572552971358988
13,37,18.161283418959144
13,38,21.63372257779435
13,39,23.275077023947656
13,40,24.570435398812716
13,41,21.110417757748888
13,42,21.752553473304573
13,43,20.220734710699
13,44,22.489213499865535
13,45,22.506616442383585
13,46,24.718047916246476
13,47,21.615844313153456
13,48,18.411330482651696
13,49,14.695995746944261
13,50,14.223816556753036
13,51,11.574096539378015
13,52,13.244976382606218
13,53,13.510074265045237
13,54,15.076336705442621
13,55,17.71767244502347
13,56,17.946733478692092
13,57,19.617128151923712
13,58,18.46355099559593
13,59,20.89553905588041
13,60,22.693118503288947
13,61,26.111635806006998
13,62,28.806488195962185
13,63,30.863098116848434
13,64,28.193149208621456
13,65,28.367922609067865
13,66,29.54357376669366
13,67,28.85215193970852
13,68,30.521550254147336
13,69,30.46718792580069
13,70,29.622729946110795
13,71,28.029843300316188
13,72,24.26369755132392
13,73,22.57310306560502
13,74,20.45882800206732
13,75,16.62883090953884
13,76,14.94105977311907
13,77,11.300548254940061
13,78,9.61696091217703
13,79,8.423689541288416
13,80,8.815592521751176
13,81,10.702877815346339
13,82,14.403396490897588
13,83,17.261735710982226
13,84,20.03787819945836
13,85,23.485043504619245
13,86,26.137327722382633
13,87,28.354294624166975
13,88,28.712676132724237
13,89,29.745116395724633
14,1,15.90540509149586
14,2,15.282978470206388
14,3,15.639238749149008
14,4,12.347596739407061
14,5,14.401992880655406
14,6,17.877264822764698
14,7,17.554935029202923
14,8,19.474297515074372
14,9,16.473975505801853
14,10,13.662346870722823
14,11,9.914090439081415
14,12,6.784177222686859
14,13,3.836799564529925
14,15,3.8702366744980137
14,16,6.7401943688164625
14,17,10.611220574710583
14,18,13.11634300447784
14,19,16.55857962635021
14,20,18.121302815501284
14,21,15.323098763607804
14,22,15.58354451968829
14,23,14.396581408010864
14,24,12.069382103359837
14,25,10.35552767390056
14,26,7.983338855682043
14,27,4.80629361201668
14,28,4.744999249331882
14,29,6.279979832822181
14,30,7.345414329148503
14,31,10.858189081212501
14,32,12.007198231603894
14,33,15.534520388977153
14,34,17.890707812645676
14,35,20.330247677553675
14,36,20.354901971688303
14,37,21.23672344419278
14,38,24.843198844385945
14,39,26.729504998460538
14,40,27.84880171776633
14,41,24.28783686860371
14,42,24.58925967582035
14,43,22.79502409502096
14,44,25.01929246674458
14,45,24.600282726388773
14,46,26.93317418230014
14,47,24.008518816175965
14,48,20.56165538689261
14,49,17.025075993847086
14,50,16.12387279570155
14,51,13.289285242291731
14,52,15.018566563000439
14,53,14.394282347434583
14,54,15.723530390327296
14,55,17.66849829706081
14,56,17.684832788883316
14,57,18.786780930657983
14,58,17.034281590536246
14,59,19.052998551210543
14,60,20.343026341095985
14,61,23.538775663816896
14,62,26.151666320540357
14,63,27.998054248124383
14,64,25.156064004617402
14,65,25.324632145477104
14,66,26.834634527930476
14,67,26.452632416383192
14,68,28.394691846148042
14,69,28.56678359012226
14,70,27.58065607930491
14,71,26.13991470125002
14,72,22.51711938585188
14,73,20.705378448278246
14,74,18.938222951103594
14,75,15.261239126869818
14,76,14.03820893731161
14,77,10.878258507680425
14,78,10.333595111308354
14,79,10.215693669741762
14,80,11.54393970685599
14,81,13.43121020448247
14,82,17.262380378919293
14,83,20.08489015810588
14,84,22.48285613854377
14,85,25.840769795149914
14,86,28.13168459474917
14,87,30.63170324447222
14,88,31.01620221549079
14,89,32.39956277039559
15,1,16.584185699211744
15,2,16.687805361885204
15,3,17.522907252122806
15,4,14.718129199791031
15,5,16.969553578835896
15,6,20.37650525405983
15,7,20.29696060480573
15,8,22.5988053443337
15,9,19.739171222034855
15,10,16.90084213543824
15,11,13.225581680187892
15,12,10.193333745258142
15,13,6.629403271970436
15,14,3.8702366744980137
15,16,3.8774909834375095
15,17,7.440616392529672
15,18,10.605220606043282
15,19,13.72160945501397
15,20,15.175633670844917
15,21,12.45133625743222
15,22,12.344816057402989
15,23,11.037470437015976
15,24,8.343305322310922
15,25,6.909552163856842
15,26,5.4375275306557596
15,27,3.9025751288056125
15,28,6.023999794905915
15,29,8.889950551116424
15,30,10.857138280171519
15,31,14.4823524013211
15,32,15.805727486865171
15,33,19.35949672353188
15,34,21.648978450933146
15,35,24.050935484581636
15,36,23.911775748208008
15,37,24.72239181785699
15,38,28.23231313848352
15,39,29.897261563656862
15,40,31.158031046467574
15,41,27.64360356325669
15,42,28.187100101802006
15,43,26.51767945797456
15,44,28.7235370801754
15,45,28.343032199959246
15,46,30.54255065919375
15,47,27.489043295985862
15,48,24.020080892369343
15,49,20.41653583794306
15,50,19.165958873728165
15,51,15.948993293246618
15,52,16.974775271160077
15,53,15.729317072415828
15,54,16.171241672556892
15,55,17.557973391094507
15,56,16.765426811957365
15,57,17.105724297000418
15,58,14.78854440910541
15,59,16.246204429181056
15,60,17.623415474057662
15,61,20.657867583491377
15,62,23.565370325791157
15,63,25.3143395838673
15,64,22.32127811224421
15,65,22.1274346953365
15,66,23.49807125946502
15,67,22.89919961178447
15,68,24.981439934627637
15,69,25.42641523725835
15,70,24.74462188662187
15,71,23.707289818620332
15,72,20.20915050004033
15,73,18.89097396579255
15,74,17.77558454256117
15,75,14.370507369134804
15,76,14.14995700975774
15,77,11.308624338286469
15,78,11.882753430655333
15,79,11.484800080073287
15,80,13.69285737954282
15,81,16.242330360215135
15,82,20.025842829097048
15,83,23.154502106785255
15,84,25.516878411721006
15,85,29.004485167749607
15,86,31.246629611361016
15,87,33.61508752075235
15,88,33.684545156414586
15,89,35.04618173805444
16,1,20.022929595768808
16,2,20.393341972822046
16,3,21.01301517253664
16,4,18.236254538530858
16,5,20.658351544705052
16,6,23.999953889987246
16,7,23.623109051617853
16,8,25.72580772062391
16,9,22.61298157281808
16,10,20.085952881173238
16,11,16.306224712469053
16,12,13.4701371879199
16,13,10.061022903606723
16,14,6.7401943688164625
16,15,3.8774909834375095
16,17,3.882207900169741
16,18,6.731431444495087
16,19,9.981546334549593
16,20,11.508256787484807
16,21,9.041393745179253
16,22,9.754382637736098
16,23,9.333186890405583
16,24,6.627525940605374
16,25,7.1123118442581506
16,26,5.892782262892785
16,27,6.54206019325097
16,28,7.631972137789191
16,29,11.245595196458781
16,30,12.974176718348662
16,31,16.831592272574596
16,32,18.487848968753294
16,33,21.76945390101481
16,34,23.63910253737776
16,35,26.377285813890214
16,36,26.609665293278788
16,37,27.77465570580691
16,38,31.32011625332197
16,39,33.20776721336523
16,40,34.50353945213216
16,41,30.98827303150127
16,42,31.26533454574708
16,43,29.31245017259346
16,44,31.30767581098483
16,45,30.539084980570404
16,46,32.65122849255864
16,47,29.67611785050787
16,48,26.042223115115117
16,49,22.615250452785336
16,50,20.905680720997754
16,51,17.577702791338734
16,52,18.424013640667674
16,53,16.444337266940604
16,54,16.523771998039045
16,55,17.07442483494336
16,56,16.075141216462633
16,57,15.76204636549844
16,58,12.921165819625777
16,59,13.862630302613086
16,60,14.584582379508793
16,61,17.382133043551107
16,62,20.14188130295552
16,63,21.73647896266144
16,64,18.67157142168551
16,65,18.625884178219444
16,66,20.27658124343962
16,67,20.105644170558374
16,68,22.322465213561003
16,69,22.853232453965298
16,70,21.925303246000613
16,71,20.984374640230644
16,72,17.70951962929965
16,73,16.295207449498292
16,74,15.65405979822894
16,75,12.692432815222535
16,76,13.18782547801872
16,77,11.268878820157346
16,78,12.931984806638994
16,79,13.384146115457341
16,80,16.112513590203488
16,81,18.635374444993527
16,82,22.404875037707587
16,83,25.549928158058712
16,84,27.5183353640382
16,85,30.93565109078375
16,86,32.81168916092726
16,87,35.33059441813586
16,88,35.29753415638422
16,89,36.97343547423145
17,1,22.741187330157633
17,2,23.536322933158676
17,3,24.240958607491088
17,4,21.71638070019948
17,5,24.276774134396465
17,6,27.53004726044202
17,7,27.130536256395594
17,8,29.32118066877725
17,9,26.192962688779673
17,10,23.78427926000703
17,11,20.019356396994123
17,12,17.30110664502267
17,13,13.792749543161886
17,14,10.611220574710583
17,15,7.440616392529672
17,16,3.882207900169741
17,18,3.8797145864407847
17,19,6.527013974740269
17,20,7.801650465922826
17,21,5.758125780375538
17,22,6.868165596606664
17,23,7.3344457152768445
17,24,4.830413791163677
17,25,7.381442621012757
17,26,7.413342118419768
17,27,9.589263107607078
17,28,10.840230196346035
17,29,14.652294869509033
17,30,16.56723338577933
17,31,20.458644949188603
17,32,22.294558174370064
17,33,25.490903187536844
17,34,27.17164072843235
17,35,29.981108342826712
17,36,30.255523227432885
17,37,31.525406401703695
17,38,35.025367835082406
17,39,36.890711262182144
17,40,38.29062803972942
17,41,34.80939648143963
17,42,35.10408380130775
17,43,33.098387000579606
17,44,34.9851384016174
17,45,34.09224622642113
17,46,36.07571938260941
17,47,33.06848128512337
17,48,29.388147619375193
17,49,26.01902907531992
17,50,24.004998002082104
17,51,20.540416379029605
17,52,20.956318801895677
17,53,18.477731880503605
17,54,17.9080454028296
17,55,17.677089658118067
17,56,16.096881794823666
17,57,14.849720262204453
17,58,11.4129338411232
17,59,11.338546702684143
17,60,11.56618342256784
17,61,13.952672492051699
17,62,16.846403715548576
17,63,18.244237483624495
17,64,15.028446767262855
17,65,14.772123970794699
17,66,16.472763060670083
17,67,16.438969852379305
17,68,18.836657577081265
17,69,19.63358781282459
17,70,18.793941778935803
17,71,18.27882545467413
17,72,15.369282045363141
17,73,14.396664888950196
17,74,14.67260054428594
17,75,12.4885191108483
17,76,14.045691186337933
17,77,12.982600541169887
17,78,15.443303811351727
17,79,16.02857090025088
17,80,19.160798839642926
17,81,21.888612292381385
17,82,25.56585668271277
17,83,28.830351778549776
17,84,30.610175605060366
17,85,34.03966381637157
17,86,35.72824340547451
17,87,38.208289322665834
17,88,37.949271587878386
17,89,39.7322158436548
18,1,26.23089254446253
18,2,26.925120728839396
18,3,27.342476537936363
18,4,24.653171619089814
18,5,27.243500485084287
18,6,30.494341658670848
18,7,29.801529339692117
18,8,31.676332506293814
18,9,28.32281995823878
18,10,26.18548922809639
18,11,22.376208407329774
18,12,19.792114831848853
18,13,16.563019724888164
18,14,13.11634300447784
18,15,10.605220606043282
18,16,6.731431444495087
18,17,3.8797145864407847
18,19,3.925494314847873
18,20,5.596452355202274
18,21,4.877522562388928
18,22,7.9278567359649985
18,23,9.650422444928935
18,24,8.138600347459638
18,25,11.069396596027856
18,26,10.645367288423861
18,27,12.725077145239544
18,28,13.051544860604164
18,29,16.855531521165815
18,30,18.269961924913044
18,31,22.14927773036711
18,32,24.11608984254362
18,33,26.994877688213165
18,34,28.287199114818968
18,35,31.376530627831325
18,36,32.05839232577319
18,37,33.638928471591456
18,38,37.18696533743512
18,39,39.32629982684952
18,40,40.67187353986619
18,41,37.17791265433107
18,42,37.13810867710431
18,43,34.856609735477406
18,44,36.55201689459847
18,45,35.286170178034915
18,46,37.23062310346477
18,47,34.40541031153788
18,48,30.63698313439603
18,49,27.528029005115783
18,50,25.286515295047028
18,51,21.97113847275589
18,52,22.491686609731417
18,53,19.670423948262695
18,54,19.16677591250686
18,55,18.341660380088694
18,56,17.037956421189865
18,57,15.528468606360342
18,58,12.075282449415182
18,59,11.594732224797601
18,60,10.525340988244706
18,61,12.358874545974043
18,62,14.634675420037969
18,63,15.749005249040652
18,64,12.514743597453336
18,65,12.832222128145238
18,66,15.159456921030907
18,67,16.033553186128305
18,68,18.460684651876228
18,69,19.20067525016784
18,70,17.808380944529723
18,71,17.21346559663957
18,72,14.739284793758642
18,73,13.339079943288288
18,74,13.96017444705847
18,75,12.472687864263326
18,76,14.272686611503357
18,77,14.146833126054451
18,78,16.979478608554814
18,79,18.302221006901423
18,80,21.45073790056226
18,81,23.875979131831524
18,82,27.498494611166752
18,83,30.60459418866435
18,84,32.01294128681997
18,85,35.266939768982255
18,86,36.58669844880501
18,87,39.256797448377746
18,88,39.04876328717954
18,89,41.14251225036172
19,1,29.21920235671095
19,2,30.051079864379837
19,3,30.73853124918602
19,4,28.139560129195573
19,5,30.635661210902995
19,6,33.949599645384325
19,7,33.44655291286758
19,8,35.43446627679442
19,9,32.13952701847662
19,10,29.88302497527863
19,11,26.07362136986506
19,12,23.322297662525614
19,13,20.028697933872905
19,14,16.55857962635021
19,15,13.72160945501397
19,16,9.981546334549593
19,17,6.527013974740269
19,18,3.925494314847873
19,20,3.88457839031395
19,21,5.967706199514235
19,22,8.82583001000536
19,23,10.976822495293002
19,24,9.603601355419437
19,25,13.184772614029797
19,26,13.685386539930732
19,27,16.068433446185356
19,28,16.818568558766234
19,29,20.643000897801382
19,30,22.101040754566238
19,31,25.983109941248923
19,32,27.805258400650242
19,33,30.743767586900912
19,34,32.10109039400392
19,35,35.219735879738266
19,36,35.90422808743533
19,37,37.39384664328511
19,38,40.96394021091702
19,39,43.032664396386984
19,40,44.32059595027121
19,41,40.78367099924581
19,42,40.804248521056216
19,43,38.59588683034379
19,44,40.3785418095315
19,45,39.124084225387925
19,46,41.12053218574298
19,47,38.32007289637091
19,48,34.55119181677323
19,49,31.43926011054424
19,50,29.210155775115258
19,51,25.876747228136892
19,52,26.288158490309907
19,53,23.37514631156328
19,54,22.58927659249743
19,55,21.446688175925534
19,56,19.768121069322905
19,57,17.641120443995206
19,58,13.938590886805352
19,59,12.338076552760793
19,60,10.589809343839084
19,61,11.199729143775734
19,62,13.441261379249053
19,63,13.863436054155834
19,64,10.196726657308535
19,65,9.797130244689214
19,66,12.625750871966286
19,67,13.809037469549105
19,68,16.71432700177156
19,69,18.091356241616406
19,70,17.003258487515655
19,71,17.188972770950393
19,72,15.442799508842182
19,73,14.710709516350633
19,74,16.219769756426345
19,75,15.430939682267056
19,76,17.708423024184384
19,77,17.83871658374803
19,78,20.802625239466774
19,79,21.972746244253283
19,80,25.200912134877086
19,81,27.731325245913613
19,82,31.35789762814567
19,83,34.50235723011875
19,84,35.92779228729995
19,85,39.18536368165262
19,86,40.46957639424281
