1,2,3.806802820431
1,3,6.517475620499648
1,4,9.711010561604681
1,5,13.20974788764516
1,6,16.30178475292257
1,7,19.57671354191411
1,8,23.032281601023392
1,9,24.912725642567775
1,10,25.55723061760948
1,11,23.982338905934498
1,12,26.89625676752362
1,13,27.608255156093854
1,14,30.58223592511744
1,15,33.13266118392735
1,16,36.32471424057546
1,17,39.306727507609544
1,18,38.81645826029642
1,19,38.51003988990738
1,20,35.61526523867043
1,21,35.60762247658055
1,22,32.45758182975391
1,23,31.233167403762707
1,24,28.994788386816136
1,25,28.239286870294656
1,26,31.606258791350168
1,27,31.884501973510933
1,28,34.0387092734835
1,29,35.31905592843868
1,30,36.67790029549218
1,31,37.60443442618096
1,32,35.98912318073351
1,33,37.00999570496279
1,34,34.55963390233723
1,35,34.69775509299612
1,36,33.2035968256396
1,37,29.87471327441007
1,38,26.84256049135298
1,39,25.012345081740076
1,40,21.415456582281447
1,41,21.69370727062071
1,42,24.46178391123429
1,43,27.833044361595515
1,44,29.812481734487154
1,45,33.594105172950066
1,46,34.027070140792254
1,47,31.654647822528595
1,48,29.606762596006572
1,49,26.594721767848586
1,50,24.27106587212697
1,51,25.39085715550257
1,52,25.13225798613268
1,53,28.014375314261297
1,54,28.802181017776043
1,55,28.560082433552253
1,56,24.95440497612117
1,57,22.85347195512782
1,58,19.04610870044481
1,59,16.208293262805647
1,60,12.409770044478016
1,61,9.77397240017986
1,62,6.116537401507043
1,63,6.31831927892036
1,64,6.454466404122589
1,65,8.511058662324924
1,66,11.17645177681609
1,67,13.544848449950612
1,68,11.985714791179158
1,69,11.37435065317124
1,70,15.096104717356619
1,71,16.062660353690163
1,72,15.14240916464208
1,73,16.555421731618768
1,74,19.6565702569352
1,75,20.067660141682854
1,76,19.799806516770253
1,77,22.326033097524657
1,78,24.655807359489426
1,79,24.641726328792235
1,80,25.390510537595393
1,81,28.15892314109616
1,82,26.104698586306274
1,83,27.28058340424409
1,84,27.28351013575877
1,85,26.481859463479356
1,86,22.853506260219618
1,87,21.10753957192116
1,88,17.757460873236678
1,89,17.10706992111761
1,90,14.514141387710286
1,91,15.47953483460751
1,92,14.385356028256036
1,93,11.994457490776243
1,94,14.691183087281642
1,95,16.55827283291926
1,96,20.16754688308562
1,97,22.77042798506806
1,98,26.315236126928372
1,99,29.785642709193
1,100,31.633320370742283
1,101,34.54832234168346
1,102,36.634536586714795
2,1,3.806802820431
2,3,3.81502143117138
2,4,6.493866818558848
2,5,10.08747689370628
2,6,13.29943384332512
2,7,16.400737019001628
2,8,19.972169268933126
2,9,21.579387427483486
2,10,21.973420454595313
2,11,20.287147793106378
2,12,23.16866760441287
2,13,23.873757562741854
2,14,26.92348672600528
2,15,29.548672736980237
2,16,32.811747967126394
2,17,35.70781375280159
2,18,35.48425121729851
2,19,35.009190475159336
2,20,32.03423153543414
2,21,31.906782284028726
2,22,28.72012710570966
2,23,27.43731896531667
2,24,25.212331586624895
2,25,24.49466357333996
2,26,27.918313376399784
2,27,28.107278769091533
2,28,30.251854363542215
2,29,31.51927260630865
2,30,32.92230893758197
2,31,33.91487315997907
2,32,32.40938557567243
2,33,33.57801291973573
2,34,31.223217268119463
2,35,31.528275988144696
2,36,29.929718293729266
2,37,26.541214592969155
2,38,23.655619523802972
2,39,21.79448247901565
2,40,18.102449131026265
2,41,18.518309498324832
2,42,21.494359610904656
2,43,24.690248073077953
2,44,26.6216242541596
2,45,30.41643863421087
2,46,30.76155470008346
2,47,28.241426007462287
2,48,26.053678701512748
2,49,23.085529869663624
2,50,20.654700522692718
2,51,21.857802336258544
2,52,21.681894885115362
2,53,24.654354972341075
2,54,25.715834737484343
2,55,25.576874729609703
2,56,21.99431367820725
2,57,20.205879106368567
2,58,16.416312368746038
2,59,14.02500425051164
2,60,10.35782008058256
2,61,8.472672538870489
2,62,5.660160126290249
2,63,5.997964617581334
2,64,6.7906122732721625
2,65,6.995762285257338
2,66,8.689168990178002
2,67,11.79115770877726
2,68,10.95244059106155
2,69,9.510281354685475
2,70,12.96720030850373
2,71,14.737829612060585
2,72,13.910617512399082
2,73,14.51904900843681
2,74,17.71710118758687
2,75,18.713551915976385
2,76,18.204000507469747
2,77,20.25004133824526
2,78,22.942476050783036
2,79,23.294284962484962
2,80,23.649204848765184
2,81,26.06765648308781
2,82,23.67765793200013
2,83,24.618029355847725
2,84,24.292532752373024
2,85,23.305373012799958
2,86,19.657169478021633
2,87,17.66038417920139
2,88,14.24147656147525
2,89,13.391102317458754
2,90,10.947085937679816
2,91,11.917358564488516
2,92,10.659484630722709
2,93,8.195673447206651
2,94,11.007851911769693
2,95,13.126268842209527
2,96,16.733217241943155
2,97,19.584009071674508
2,98,23.025854467173087
2,99,26.582316920511953
2,100,28.212922229609998
2,101,31.057466814715767
2,102,33.29764971237111
3,1,6.517475620499648
3,2,3.81502143117138
3,4,3.8061838287286727
3,5,6.819332852981608
3,6,10.216433868180754
3,7,13.223975668070992
3,8,16.780927841150074
3,9,18.522597179413463
3,10,19.33818581677568
3,11,17.922890151427513
3,12,21.014143364386197
3,13,22.182693034576932
3,14,25.108902896278853
3,15,27.95304098363636
3,16,31.084803348143687
3,17,33.894318702125
3,18,33.08353033211403
3,19,32.66632884725735
3,20,29.890974829023396
3,21,29.98109663819501
3,22,26.733581471174833
3,23,25.65858075399412
3,24,23.33983073301562
3,25,22.948543662477544
3,26,26.85655738187411
3,27,26.834986395555504
3,28,28.57385339431768
3,29,29.72416724585872
3,30,30.775675764886298
3,31,31.620353431738774
3,32,29.840722625536
3,33,30.850325749882177
3,34,28.57361846932501
3,35,28.56405961325534
3,36,26.87200919660062
3,37,23.645951707108768
3,38,20.751853332703178
3,39,19.30266871200341
3,40,15.718758767559605
3,41,16.746610004191123
3,42,19.97431595508736
3,43,23.046161257855605
3,44,25.382730168885736
3,45,29.1634000916029
3,46,29.84471071275368
3,47,27.371591073691977
3,48,24.847444891556098
3,49,21.618966410827678
3,50,18.85377886976063
3,51,19.47258072886341
3,52,18.834251941874047
3,53,21.571121072320132
3,54,22.362581921691806
3,55,22.071600749539662
3,56,18.472727570980414
3,57,16.55461697934717
3,58,12.748804577133216
3,59,10.349990821446992
3,60,6.733367222347145
3,61,5.692243766226721
3,62,4.504649150280966
3,63,6.6823822030808575
3,64,9.111618359246057
3,65,8.923513207855432
3,66,9.221549674412268
3,67,12.422289438319641
3,68,11.262751368005105
3,69,8.673961128522313
3,70,11.944820315726945
3,71,13.82590447760344
3,72,12.210474555496361
3,73,12.256281227604331
3,74,15.813446442532443
3,75,16.664913828290427
3,76,15.513026707945183
3,77,17.556120819824212
3,78,20.492367124361728
3,79,20.603058949169256
3,80,20.574532349969807
3,81,22.958464158361274
3,82,20.691457193797646
3,83,21.975057805745795
3,84,21.897714776393588
3,85,21.35016253210458
3,86,17.922684727459405
3,87,16.27143794383218
3,88,13.272199976552965
3,89,12.734386873527242
3,90,11.280149334499418
3,91,12.098406839981488
3,92,9.71631067441034
3,93,7.319046511983514
3,94,8.96284991812814
3,95,11.073805639656667
3,96,14.355556800903573
3,97,17.085198158113066
3,98,20.43091344710143
3,99,24.012211078665434
3,100,25.738972767923368
3,101,28.825811639701516
3,102,30.939665713685887
4,1,9.711010561604681
4,2,6.493866818558848
4,3,3.8061838287286727
4,5,3.8086674843626125
4,6,6.816792659662406
4,7,9.975857531602454
4,8,13.487286213068922
4,9,15.267117409129048
4,10,16.016215170848927
4,11,14.919613721498704
4,12,18.25094445246795
4,13,19.7498376054084
4,14,22.886845410116486
4,15,26.00129785803329
4,16,29.247004506858772
4,17,31.778684791306066
4,18,31.332713509397845
4,19,30.555324416008098
4,20,27.701515141063968
4,21,27.51102223975623
4,22,24.074437573806744
4,23,22.71779615417533
4,24,20.11793678959343
4,25,19.53507097962425
4,26,23.498728373948936
4,27,23.639069347793242
4,28,25.28539565092876
4,29,26.671233057902022
4,30,27.786234021358634
4,31,28.902977052944053
4,32,27.284921266835365
4,33,28.602124870211913
4,34,26.66801139647524
4,35,26.7345003646528
4,36,24.663426605836275
4,37,21.529456726237825
4,38,19.051004457088098
4,39,17.937237434122437
4,40,14.325419973897242
4,41,15.958478551252433
4,42,19.52064227107692
4,43,22.149685051658558
4,44,24.43415513535151
4,45,28.162000422459787
4,46,28.690282510065774
4,47,25.94052633026127
4,48,23.10011345304034
4,49,20.014801781518443
4,50,16.883550654892144
4,51,17.357292595439098
4,52,16.423355834165722
4,53,18.994279000203846
4,54,20.1605324911291
4,55,19.596771733625875
4,56,15.91260957148785
4,57,14.102476765881573
4,58,10.412461778638276
4,59,8.472644152771933
4,60,5.503417353251283
4,61,5.597764642187279
4,62,6.301446109695662
4,63,7.543657908364653
4,64,10.137035150916256
4,65,8.699761526418303
4,66,7.389019923265189
4,67,10.627158066165043
4,68,10.070479143127137
4,69,6.7493215748242985
4,70,9.196743660428314
4,71,11.732041727417855
4,72,10.344951989589251
4,73,9.451453170982505
4,74,12.90835539985509
4,75,14.363172457809474
4,76,13.172707784495307
4,77,14.610316537190267
4,78,17.766406762342108
4,79,18.364105946307102
4,80,18.106111694279722
4,81,20.120346294579026
4,82,17.518027096158423
4,83,18.485916297803318
4,84,18.186478643499893
4,85,17.552304581220657
4,86,14.143666823779528
4,87,12.59424685874572
4,88,9.855527900721087
4,89,9.892586952246289
4,90,9.364684575402626
4,91,10.796096126604885
4,92,8.172998065075015
4,93,5.161855500724425
4,94,5.678289427889281
4,95,7.296130074121117
4,96,10.623586514150789
4,97,13.346682113505485
4,98,16.736977132095305
4,99,20.307863737810464
4,100,22.048819462120786
4,101,25.102271546455825
4,102,27.191001426721662
5,1,13.20974788764516
5,2,10.08747689370628
5,3,6.819332852981608
5,4,3.8086674843626125
5,6,3.798797511586365
5,7,6.4055967036657915
5,8,10.01883258989582
5,9,11.75016294331012
5,10,12.902409706598757
5,11,12.157603847416532
5,12,15.660944460643693
5,13,17.679513696231396
5,14,20.626388766480925
5,15,23.940001183233946
5,16,27.018879974223886
5,17,29.3830001040068
5,18,28.48002224697639
5,19,27.68141903553935
5,20,25.03086820024434
5,21,25.01208097968761
5,22,21.547044883535843
5,23,20.422630466511368
5,24,17.785191665566597
5,25,17.646614174853827
5,26,22.07710995683364
5,27,21.915613951608616
5,28,23.072003214440485
5,29,24.28659636026659
5,30,25.023021074877533
5,31,25.998735892876944
5,32,24.156250973596396
5,33,25.375834468443628
5,34,23.607328120897378
5,35,23.429286346732127
5,36,21.196240686999058
5,37,18.252861359198267
5,38,15.942535545486896
5,39,15.379822854980192
5,40,12.049117519416125
5,41,14.434555397037345
5,42,18.144298923370506
5,43,20.40720043506965
5,44,22.982204567794632
5,45,26.58607512368965
5,46,27.382459401766205
5,47,24.694434383076995
5,48,21.545699825250015
5,49,18.336009756051045
5,50,14.9046385052353
5,51,14.678401635717035
5,52,13.189295179254756
5,53,15.459219634264223
5,54,16.49751724654366
5,55,15.79699265841649
5,56,12.104163209848876
5,57,10.412988230227047
5,58,6.804179438659916
5,59,5.7792224982265745
5,60,4.468745726280801
5,61,6.899625427402127
5,62,9.143452429903231
5,63,10.898840827860536
5,64,13.783820391738656
5,65,12.185032671128885
5,66,10.116095364809143
5,67,13.003204912962893
5,68,12.574247764404229
5,69,8.843637359609042
5,70,10.173230977574066
5,71,12.811008281569707
5,72,10.932354752815508
5,73,8.885484436427062
5,74,12.353390774477921
5,75,13.886247525493475
5,76,11.879934220718273
5,77,12.781487155731355
5,78,16.320687747462976
5,79,16.85135811578307
5,80,15.872467806103362
5,81,17.51324882556221
5,82,14.871450840844192
5,83,16.07262073969351
5,84,15.844926145578624
5,85,15.65571432855191
5,86,12.697019254731364
5,87,11.538087397003892
5,88,9.68833283386767
5,89,9.987667242060601
5,90,10.772494719701426
5,91,11.747192840360038
5,92,8.42937028527527
5,93,6.550054343211337
5,94,4.63460478254929
5,95,5.924487081287744
5,96,8.204418140693841
5,97,10.841975448461355
5,98,13.907907863695888
5,99,17.530713551088173
5,100,19.208707353966993
5,101,22.474728811251083
5,102,24.505227580607023
6,1,16.30178475292257
6,2,13.29943384332512
6,3,10.216433868180754
6,4,6.816792659662406
6,5,3.798797511586365
6,7,3.80268998311886
6,8,6.7875885753371685
6,9,9.216941516453247
6,10,10.892192890443063
6,11,11.241764656453968
6,12,15.017530463333848
6,13,17.637399657890047
6,14,20.628516738820593
6,15,24.209609451026797
6,16,27.25289425443389
6,17,29.19923407295968
6,18,28.417961557473447
6,19,27.27093736396976
6,20,24.72231179915647
6,21,24.4632597209879
6,22,20.833850279838227
6,23,19.438173005968864
6,24,16.386760846475916
6,25,16.02910136046133
6,26,20.51827720790629
6,27,20.63503585256857
6,28,21.436466614495284
6,29,22.972887583645978
6,30,23.602212400527122
6,31,24.873442997691132
6,32,23.121050809097603
6,33,24.593546817466777
6,34,23.359758292273845
6,35,23.016936364072734
6,36,20.30055910367781
6,37,17.78054214218101
6,38,16.14124537290831
6,39,16.32862031915433
6,40,13.420531246399666
6,41,16.383286121298706
6,42,20.14848400831148
6,43,21.87252069842857
6,44,24.417556981994046
6,45,27.833061376071267
6,46,28.56166815218376
6,47,25.712466451118395
6,48,22.28281027722149
6,49,19.322369895942526
6,50,15.624003546478592
6,51,14.895431180975448
6,52,12.713012334527761
6,53,14.24120210267851
6,54,15.446536091206214
6,55,14.016708516892344
6,56,10.26417545430851
6,57,8.325791660982002
6,58,5.415188526521611
6,59,5.262853703299642
6,60,6.043067078876862
6,61,8.581572619621245
6,62,11.524839110713033
6,63,12.79468699648948
6,64,15.743810349053083
6,65,13.872752387696513
6,66,11.066120589514815
6,67,13.139373176334049
6,68,12.872466944897704
6,69,9.16805679499286
6,70,9.09094745066835
6,71,11.648270812931177
6,72,9.857528352655022
6,73,6.770805565643482
6,74,9.72602669847862
6,75,11.576178492737679
6,76,9.392433315141343
6,77,9.462506889189617
6,78,13.164129633870065
6,79,14.074196320667086
6,80,12.816373845836736
6,81,14.063277930648987
6,82,11.188307002134364
6,83,12.280892084733434
6,84,12.197519951886301
6,85,12.421929950425234
6,86,9.863674890137016
6,87,9.674551649910525
6,88,9.069566360388091
6,89,10.565439772218259
6,90,12.366934090068096
6,91,13.854689209740016
6,92,10.840630078607015
6,93,8.950995291526828
6,94,5.867160782388447
6,95,4.652510608781789
6,96,5.646234554170745
6,97,7.394517995456651
6,98,10.571363318714942
6,99,14.035611458955282
6,100,16.07644394599261
6,101,19.466359229438595
6,102,21.182785611798014
7,1,19.57671354191411
7,2,16.400737019001628
7,3,13.223975668070992
7,4,9.975857531602454
7,5,6.4055967036657915
7,6,3.80268998311886
7,8,3.8068688163765514
7,9,5.532546246024876
7,10,7.606066964910861
7,11,8.473241747192338
7,12,12.187061274137143
7,13,15.252085586577845
7,14,17.936736388147196
7,15,21.613615571038796
7,16,24.450648635957872
7,17,26.178045603110245
7,18,25.15471977715391
7,19,23.9164873634254
7,20,21.55184298964458
7,21,21.40745838909151
7,22,17.828038496364453
7,23,16.717011295869586
7,24,13.786934766421751
7,25,14.064975081304812
7,26,18.911527646508635
7,27,18.572372982527934
7,28,18.837078932595436
7,29,20.087865529750864
7,30,20.334331144558604
7,31,21.45332159586198
7,32,19.563449829999133
7,33,21.01767776774835
7,34,20.018521934201356
7,35,19.592344842768323
7,36,16.690845880315972
7,37,14.38403244183734
7,38,13.1928610970459
7,39,13.968311665142897
7,40,11.655212417697154
7,41,15.091092409254824
7,42,18.74228637320397
7,43,19.920487566173275
7,44,22.54717457817734
7,45,25.723461636819724
7,46,26.61348742312056
7,47,23.86537746313065
7,48,20.251126817691983
7,49,17.369709144034402
7,50,13.594666887370995
7,51,12.191708512995843
7,52,9.494832383728646
7,53,10.576382707136887
7,54,11.939449970855232
7,55,10.496283282140755
7,56,6.889207556793053
7,57,6.00062826861081
7,58,4.535506258111207
7,59,6.870267117891921
7,60,8.92012758026265
7,61,12.052022404920747
7,62,15.061913006465595
7,63,16.517650486003664
7,64,19.381841479091516
7,65,17.295390932208498
7,66,14.306656119619392
7,67,16.39847320071156
7,68,16.5020623170386
7,69,12.871323663966631
7,70,12.313324931511156
7,71,14.926364217108144
7,72,13.228654843132912
7,73,9.784647086401856
7,74,12.034838439780842
7,75,13.990441569041229
7,76,11.403260231804754
7,77,10.500138212762513
7,78,14.29866360289333
7,79,15.273177991055489
7,80,13.132317675698571
7,81,13.475608406266833
7,82,10.475988956030509
7,83,11.459863787027226
7,84,11.025825587445468
7,85,11.547097586404961
7,86,9.858557636742544
7,87,9.82419651043394
7,88,10.183277316194742
7,89,11.350381059672424
7,90,13.906596398798678
7,91,14.775275463894475
7,92,11.671543102840964
7,93,10.928361969641164
7,94,7.232284202144337
7,95,6.224637793130699
7,96,4.775004277168229
7,97,6.251804885920332
7,98,8.279696587241377
7,99,11.824546157200782
7,100,13.399494592002842
7,101,16.917676231422018
7,102,18.757990646266226
8,1,23.032281601023392
8,2,19.972169268933126
8,3,16.780927841150074
8,4,13.487286213068922
8,5,10.01883258989582
8,6,6.7875885753371685
8,7,3.8068688163765514
8,9,3.815328704201
8,10,7.074808009433353
8,11,9.49268829549356
8,12,12.876748712267599
8,13,16.408958684298128
8,14,18.79697128197539
8,15,22.55738603763676
8,16,25.147660556472477
8,17,26.38759278871377
8,18,25.227469994188414
8,19,23.736736984894073
8,20,21.69281305573504
8,21,21.450771503823496
8,22,17.91911450977489
8,23,16.78212159759982
8,24,13.697503281081424
8,25,14.024824133995509
8,26,18.771762762859744
8,27,18.55334105562305
8,28,18.170927388276734
8,29,19.56097012982659
8,30,19.440925078044486
8,31,20.70469748779452
8,32,18.82841481286584
8,33,20.381259358494827
8,34,20.032143565146
8,35,19.294478834101948
8,36,15.97803271008846
8,37,14.450630173154282
8,38,14.12945157411714
8,39,15.738256457875925
8,40,14.1441847909024
8,41,17.801693266420628
8,42,21.268724337239263
8,43,21.928910979922673
8,44,24.523403176573595
8,45,27.394198025080506
8,46,28.319922594619054
8,47,25.595557039947046
8,48,21.84700585368518
8,49,19.27792841496762
8,50,15.552866240002992
8,51,13.587153729141669
8,52,10.323902067150323
8,53,10.043057172661191
8,54,11.279926646137493
8,55,8.865715509082102
8,56,5.811611014107761
8,57,5.22991177786699
8,58,6.185653173731528
8,59,8.941679334920137
8,60,11.783156879144757
8,61,14.830689858617356
8,62,18.13136855093377
8,63,19.458730812157494
8,64,22.383785605737533
8,65,20.281776516327305
8,66,17.066412542395963
8,67,18.583838986585825
8,68,18.691832012829206
8,69,15.277509299584286
8,70,13.982624714764114
8,71,16.16698162825211
8,72,14.55530427646488
8,73,10.877730382939061
8,74,12.150804264573525
8,75,13.980941759051413
8,76,11.296368286062354
8,77,9.369658152608027
8,78,12.897761859719912
8,79,14.031112752536407
8,80,11.314687014369818
8,81,10.72407474623126
8,82,7.710255338453738
8,83,8.67686249409085
8,84,8.562113060876914
8,85,10.07642643952595
8,86,9.669782282783826
8,87,10.824687954950837
8,88,12.354825482803198
8,89,14.085848820319654
8,90,17.045909524987017
8,91,18.079379232749435
8,92,15.205156696359582
8,93,14.489221829327494
8,94,10.722317862466582
8,95,8.867952216277747
8,96,6.11564107970742
8,97,5.2009267845363185
8,98,5.880604781476896
8,99,8.843459838817035
8,100,10.76893366227021
8,101,14.503936996714648
8,102,15.836200560968068
9,1,24.912725642567775
9,2,21.579387427483486
9,3,18.522597179413463
9,4,15.267117409129048
9,5,11.75016294331012
9,6,9.216941516453247
9,7,5.532546246024876
9,8,3.815328704201
9,10,3.786583666429218
9,11,6.6341517047332745
9,12,9.521491660871801
9,13,13.229699457625285
9,14,15.330498878260265
9,15,19.081058036639742
9,16,21.557273926480796
9,17,22.645411082523957
9,18,21.70344610353139
9,19,20.030502160088275
9,20,17.971635297221255
9,21,17.705013227711323
9,22,14.23660236266565
9,23,13.354414694412965
9,24,10.585415087762598
9,25,11.685851661776267
9,26,16.619841768321887
9,27,15.80312938997822
9,28,15.071496082798912
9,29,16.066559996593064
9,30,15.740754472414963
9,31,16.897987293558575
9,32,15.065573953330492
9,33,16.80041537392403
9,34,16.610629752036296
9,35,16.19847390112683
9,36,12.773379138689801
9,37,11.22101859474496
9,38,11.51790187223942
9,39,13.31277841409923
9,40,12.292229834788657
9,41,15.94675548527584
9,42,19.15236833849671
9,43,19.26457862996337
9,44,21.687385122099652
9,45,24.30974317671185
9,46,25.214647068036804
9,47,22.560714787188665
9,48,18.7713732075552
9,49,16.449634161723075
9,50,12.882248590324
9,51,10.624919725476973
9,52,7.354129140229873
9,53,6.767687126670274
9,54,8.892445292638516
9,55,7.2602905658816255
9,56,5.257912795593548
9,57,7.073168357225312
9,58,8.431856790049837
9,59,11.750828404195904
9,60,14.329802619257967
9,61,17.56170272468689
9,62,20.586116515495007
9,63,21.914637742398245
9,64,24.599123400580098
9,65,22.185041359091837
9,66,18.9093924091477
9,67,20.74903557372297
9,68,21.342248974186173
9,69,17.91522269182015
9,70,16.66178061339191
9,71,19.278593881374103
9,72,17.94604187898351
9,73,14.235898852455003
9,74,15.477029263049667
9,75,17.636026944731107
9,76,15.08628404187829
9,77,13.025612025020534
9,78,16.446646782432374
9,79,17.74344633023639
9,80,14.871898238808473
9,81,13.768222308184509
9,82,10.817031685232894
9,83,11.02902977612892
9,84,9.879391403841327
9,85,10.696275724632638
9,86,10.694521748600154
9,87,11.12491154567782
9,88,12.843142504900634
9,89,13.885304092671921
9,90,17.170361646629868
9,91,17.606008572079013
9,92,14.93846711295473
9,93,15.135105297376404
9,94,11.35193556987623
9,95,10.155922227409011
9,96,6.85440789690752
9,97,6.790386809545564
9,98,5.79801357140337
9,99,8.70290501718318
9,100,9.20227428376391
9,101,12.72547978387582
9,102,14.665919933230843
10,1,25.55723061760948
10,2,21.973420454595313
10,3,19.33818581677568
10,4,16.016215170848927
10,5,12.902409706598757
10,6,10.892192890443063
10,7,7.606066964910861
10,8,7.074808009433353
10,9,3.786583666429218
10,11,3.76615958533677
10,12,6.2875886676426544
10,13,9.935739769920497
10,14,12.318291802814915
10,15,16.109104312107938
10,16,18.84801871892796
10,17,19.854302536165726
10,18,20.094502539416716
10,19,18.022714163035058
10,20,15.503638114603495
10,21,14.695090970387925
10,22,11.03246659804341
10,23,9.712745967572193
10,24,6.841846080024878
10,25,8.236823290707498
10,26,13.265372727159841
10,27,12.137757571236007
10,28,11.614858477744093
10,29,12.650874013482563
10,30,12.836961333589159
10,31,14.379692858698917
10,32,13.162596356992308
10,33,15.508003939436987
10,34,15.373593822512927
10,35,15.832759203219972
10,36,12.533122291170613
10,37,10.550026974302417
10,38,11.264563780869988
10,39,12.425136975294668
10,40,11.436310024666051
10,41,14.678199978896929
10,42,17.717251304719813
10,43,17.443996336881746
10,44,19.35740483689663
10,45,21.87415928485371
10,46,22.369006972041802
10,47,19.498618772946404
10,48,15.708897913799447
10,49,13.84405941459766
10,50,10.429495396467466
10,51,8.782946441066533
10,52,6.5594980062492185
10,53,6.846343569075509
10,54,10.154556927404153
10,55,9.725590287008727
10,56,8.410434608603037
10,57,10.612944417993676
10,58,11.29910997294211
10,59,14.374858405045384
10,60,16.30927633913688
10,61,19.313960470577076
10,62,21.89111053686957
10,63,22.862645696592615
10,64,25.110134306286483
10,65,22.293731621766796
10,66,18.940021729929246
10,67,20.92203392342236
10,68,22.136482319664232
10,69,18.893830457770996
10,70,17.54507167383962
10,71,20.612710376324188
10,72,19.823321344085976
10,73,16.131617855360854
10,74,17.252560447007024
10,75,19.934364133957704
10,76,17.821327971889367
10,77,15.663052445324979
10,78,19.053552256995353
10,79,20.79126687620085
10,80,18.190014675926847
10,81,16.99708212673943
10,82,13.743691107146963
10,83,13.091881405094135
10,84,10.902577690637091
10,85,10.47999016768791
10,86,10.38650639412045
10,87,9.898024538239351
10,88,11.704401176242344
10,89,12.214955924219726
10,90,15.756326524716922
10,91,15.91253494994196
10,92,13.842086035252542
10,93,14.620501949494301
10,94,11.099856721495566
10,95,10.244478310496064
10,96,6.932473523747279
10,97,7.797309744905393
10,98,6.44286052841039
10,99,9.305738245350483
10,100,8.518766626484885
10,101,11.3565447660309
10,102,14.12108831461585
11,1,23.982338905934498
11,2,20.287147793106378
11,3,17.922890151427513
11,4,14.919613721498704
11,5,12.157603847416532
11,6,11.241764656453968
11,7,8.473241747192338
11,8,9.49268829549356
11,9,6.6341517047332745
11,10,3.76615958533677
11,12,3.8079977431401284
11,13,6.958358454411609
11,14,9.780099928140249
11,15,13.536853101656508
11,16,16.599655365944454
11,17,18.17054638209007
11,18,18.745865517686127
11,19,16.914496436708397
11,20,13.961173863966492
11,21,13.265722520629023
11,22,9.602844342804383
11,23,8.543670370311013
11,24,6.42244451252523
11,25,8.266968969317332
11,26,13.238221033550428
11,27,11.5777439716449
11,28,11.816856335291266
11,29,12.320369567018517
11,30,12.911960514757054
11,31,14.09642700198387
11,32,12.939192322762178
11,33,15.148860332116183
11,34,14.258795985457953
11,35,15.305409939093003
11,36,12.627979215110466
11,37,9.73044957168259
11,38,9.724594528273883
11,39,9.805153236301743
11,40,8.439330862556345
11,41,11.284565966268024
11,42,14.317299151827351
11,43,14.190348293445055
11,44,15.986133904115357
11,45,18.74898472938443
11,46,19.162584642590836
11,47,16.23250599923336
11,48,12.472328538190418
11,49,10.34034652531655
11,50,6.79541577669558
11,51,5.910081037685537
11,52,5.135493544073023
11,53,7.35733678323861
11,54,10.770602374597958
11,55,11.480795093932409
11,56,10.000829392202348
11,57,12.206268084640127
11,58,12.007997350210708
11,59,14.821239414868511
11,60,16.072897892087788
11,61,18.988895298004284
11,62,21.08838500268987
11,63,22.10001692016024
11,64,24.084321957943718
11,65,21.207833873140952
11,66,18.147495057405102
11,67,20.6431925136942
11,68,22.034792240869788
11,69,18.780402544962335
11,70,18.000133416169902
11,71,21.386873385646908
11,72,20.635369112833267
11,73,17.194780795259266
11,74,18.847158412769794
11,75,21.603540201323447
11,76,19.534110608132135
11,77,17.915479871604656
11,78,21.50531168219312
11,79,23.123451642338562
11,80,20.738071134386
11,81,20.031063757536405
11,82,16.732150721691013
11,83,16.257873515138016
11,84,14.011337265759042
11,85,12.973015958810757
11,86,11.981640124484723
11,87,10.268335556413925
11,88,10.976602751805002
11,89,10.298979291457105
11,90,13.556060505934626
11,91,12.998777637580407
11,92,11.06781363043509
11,93,12.6565536238537
11,94,9.638018680951982
11,95,10.02499724699236
11,96,7.793701105728327
11,97,10.10235601576501
11,98,9.737168318631344
11,99,12.850731128714129
11,100,11.889979600673621
11,101,14.247164568900919
11,102,17.375261177820246
12,1,26.89625676752362
12,2,23.16866760441287
12,3,21.014143364386197
12,4,18.25094445246795
12,5,15.660944460643693
12,6,15.017530463333848
12,7,12.187061274137143
12,8,12.876748712267599
12,9,9.521491660871801
12,10,6.2875886676426544
12,11,3.8079977431401284
12,13,3.8083256996183588
12,14,6.147458026491728
12,15,9.939182915798856
12,16,12.97367898898694
12,17,14.407523034070657
12,18,15.718632444608565
12,19,13.606764529607057
12,20,10.405444347074878
12,21,9.503969954867584
12,22,5.895201802703401
12,23,5.53477166098617
12,24,5.163901110638585
12,25,8.314848682624223
12,26,12.652675672661166
12,27,10.02538063255222
12,28,9.900200820958068
12,29,9.41652817753119
12,30,9.909979860391191
12,31,10.82558351019417
12,32,10.072238278960901
12,33,12.565924784997433
12,34,11.7899162252298
12,35,13.625359397465282
12,36,11.348549524612467
12,37,8.52967898130751
12,38,9.387606849672048
12,39,9.25859583121415
12,40,9.058642068113073
12,41,11.139802731368913
12,42,13.364516908400706
12,43,12.293076504825052
12,44,13.559387325335406
12,45,15.85919459094565
12,46,16.134765578673193
12,47,13.29764250819118
12,48,9.509230662986068
12,49,8.099569399808761
12,50,5.492931003380862
12,51,4.851291386910782
12,52,5.877203855901098
12,53,7.7618646611497155
12,54,11.362763745886348
12,55,12.940431365630857
12,56,12.452520309549545
12,57,15.255308156868965
12,58,15.413677670409186
12,59,18.3860738397811
12,60,19.61093618910719
12,61,22.549457642664283
12,62,24.46809471168573
12,63,25.472492085181436
12,64,27.250522648242725
12,65,24.27567767805135
12,66,21.326693796938635
12,67,23.88827167271681
12,68,25.513979061368417
12,69,22.355885349526776
12,70,21.588549421337262
12,71,25.05428104851372
12,72,24.415139075205378
12,73,20.98485445958992
12,74,22.534842275338544
12,75,25.357916590609854
12,76,23.28929559709765
12,77,21.541581210512575
12,78,25.0613828178424
12,79,26.722227458468712
12,80,24.183219429606574
12,81,23.191200262206475
12,82,19.981629303672012
12,83,19.300513074122218
12,84,16.80241900093807
12,85,15.575124484819066
12,86,15.010545118269958
12,87,13.133452487440236
12,88,13.882719280778874
12,89,12.650971725101845
12,90,15.719299245520041
12,91,14.524920951796837
12,92,13.176101639362171
12,93,15.444075203540674
12,94,12.903738042606617
12,95,13.605675416031017
12,96,11.44186028925412
12,97,13.497528910675756
12,98,12.463457115934853
12,99,14.988851256645445
12,100,13.120192704742237
12,101,14.725498903870637
12,102,18.136560281982927
13,1,27.608255156093854
13,2,23.873757562741854
13,3,22.182693034576932
13,4,19.7498376054084
13,5,17.679513696231396
13,6,17.637399657890047
13,7,15.252085586577845
13,8,16.408958684298128
13,9,13.229699457625285
13,10,9.935739769920497
13,11,6.958358454411609
13,12,3.8083256996183588
13,14,3.796755480291279
13,15,7.12287686227389
13,16,10.672904535247207
13,17,12.510134039260059
13,18,15.166368420557117
13,19,13.107270232220344
13,20,9.437762615974215
13,21,8.183442466806333
13,22,5.30564852339825
13,23,5.343107575164852
13,24,6.7466050696875755
13,25,9.543698844052262
13,26,12.815377835835797
13,27,9.730382378645395
13,28,10.3513785788474
13,29,9.246003299664713
13,30,10.396837464433231
13,31,11.05654465321207
13,32,11.028425584228811
13,33,13.43708374895865
13,34,12.265782560545164
13,35,14.901660552039516
13,36,13.436038421287643
13,37,10.479530654257683
13,38,11.031628550848142
13,39,9.758992365187938
13,40,9.686897317785263
13,41,10.42640556391103
13,42,11.91969808574191
13,43,10.44773018567306
13,44,10.779802138758864
13,45,12.981202868345518
13,46,12.714576075354298
13,47,9.632957386141236
13,48,5.891833806705299
13,49,5.384501467339143
13,50,4.417452927047293
13,51,5.992984953836927
13,52,8.710180327715424
13,53,11.02152803338169
13,54,14.342308457123014
13,55,16.403996820083556
13,56,15.945853650417163
13,57,18.66056612674935
13,58,18.418457071172266
13,59,21.11228071987078
13,60,21.836930166313156
13,61,24.529858442821105
13,62,25.979190246598858
13,63,26.818863205435125
13,64,28.198785658207367
13,65,25.131375346911785
13,66,22.46235070183855
13,67,25.20746754203468
13,68,27.1161624639021
13,69,24.15480037003928
13,70,23.630413092685018
13,71,27.26667296456127
13,72,26.84935287532381
13,73,23.619262560712652
13,74,25.282868675254207
13,75,28.2384532558788
13,76,26.34725375824662
13,77,24.77925007026402
13,78,28.325004534633248
13,79,30.060729595140995
13,80,27.687334294175894
13,81,26.844094613668087
13,82,23.546053410462072
13,83,22.732373902346264
13,84,20.035472590478623
13,85,18.348529100466504
13,86,17.4846338244361
13,87,15.016066973474391
13,88,15.199617322750559
13,89,13.168272869076056
13,90,15.723684950204117
13,91,13.880451751317656
13,92,13.323963122306251
13,93,16.184068070323267
13,94,14.421162878572442
13,95,15.69655429491964
13,96,14.16529382169273
13,97,16.622256883348584
13,98,15.858224022749273
13,99,18.35756116043874
13,100,16.27552438251673
13,101,17.344039032300962
13,102,20.96032412886607
14,1,30.58223592511744
14,2,26.92348672600528
14,3,25.108902896278853
14,4,22.886845410116486
14,5,20.626388766480925
14,6,20.628516738820593
14,7,17.936736388147196
14,8,18.79697128197539
14,9,15.330498878260265
14,10,12.318291802814915
14,11,9.780099928140249
14,12,6.147458026491728
14,13,3.796755480291279
14,15,3.7995016955371197
14,16,6.994353776136201
14,17,8.949224042833594
14,18,11.6306815070179
14,19,9.598374666872473
14,20,5.870590509022376
14,21,5.289552332505225
14,22,4.018864657833941
14,23,6.487227599328433
14,24,9.178952300391947
14,25,12.483123520835985
14,26,15.30762500899277
14,27,11.771831789964596
14,28,11.53267921767093
14,29,9.161190530163735
14,30,9.314100473720476
14,31,8.777031680419102
14,32,8.744386548082206
14,33,10.763326912662587
14,34,9.535360336394064
14,35,12.744488930543245
14,36,12.010401892357361
14,37,9.534799706153207
14,38,10.70860021159944
14,39,9.697298213184009
14,40,10.980092691875967
14,41,11.302065139745011
14,42,11.729803526644996
14,43,9.16058590726285
14,44,9.152521800585275
14,45,10.467825935536426
14,46,10.610799629145351
14,47,8.313374609893327
14,48,4.975281060191591
14,49,5.485188937682565
14,50,6.366797806302353
14,51,6.8766413646061855
14,52,9.838964581506177
14,53,11.494052227953077
14,54,14.371116399259387
14,55,17.02126319078415
14,56,17.331705457859258
14,57,20.46621321907432
14,58,20.6443702949507
14,59,23.603736239327272
14,60,24.56756355734117
14,61,27.47940575274083
14,62,29.0171334144882
14,63,30.12108905159464
14,64,31.609056926843923
14,65,28.663785680114973
14,66,26.085324838512044
14,67,28.908310799426452
14,68,30.69166879951269
14,69,27.61514904337043
14,70,27.177174332987946
14,71,30.754357618385285
14,72,30.122236660620217
14,73,26.834960240933693
14,74,28.557865245474456
14,75,31.36890946371514
14,76,29.232335798086165
14,77,27.633451014074215
14,78,31.18427506722946
14,79,32.7350385948771
14,80,30.096325871337537
14,81,29.07018644977906
14,82,25.99408961793405
14,83,25.343703082730517
14,84,22.77169351303631
14,85,21.388280743992453
14,86,20.8695642900677
14,87,18.639914253463374
14,88,18.942548685149
14,89,16.88763061917544
14,90,19.28479026523757
14,91,17.119777023610766
14,92,16.44859939588305
14,93,19.53409937339333
14,94,17.766390848683763
14,95,19.154684643083407
14,96,17.42735128035297
14,97,19.636204483002388
14,98,18.45584306818615
14,99,20.634260100392776
14,100,18.21368402730583
14,101,19.052276711506
14,102,22.56176770724076
15,1,33.13266118392735
15,2,29.548672736980237
15,3,27.95304098363636
15,4,26.00129785803329
15,5,23.940001183233946
15,6,24.209609451026797
15,7,21.613615571038796
15,8,22.55738603763676
15,9,19.081058036639742
15,10,16.109104312107938
15,11,13.536853101656508
15,12,9.939182915798856
15,13,7.12287686227389
15,14,3.7995016955371197
15,16,3.7938506708212976
15,17,6.40796684963649
15,18,10.500684405009585
15,19,8.800214925479692
15,20,5.433350136043553
15,21,5.322924782466919
15,22,6.547249653929468
15,23,9.254479409235792
15,24,12.489503183696902
15,25,15.61189676597712
15,26,17.673819103996877
15,27,13.98810473696581
15,28,13.793738546614092
15,29,10.858316348778995
15,30,10.905023783671243
15,31,9.649749377242504
15,32,10.167430542894843
15,33,11.580146224292887
15,34,10.240069703718817
15,35,13.913410564677433
15,36,14.085789627523472
15,37,12.032597284241058
15,38,13.159741034301984
15,39,11.810329589955566
15,40,13.525371936174043
15,41,12.943809863649214
15,42,12.255662372838943
15,43,9.001977487554436
15,44,7.689894185267297
15,45,7.72956531602426
15,46,7.557459341266188
15,47,6.1111020676617125
15,48,4.450390344759453
15,49,6.683221767130387
15,50,9.151771591141344
15,51,10.04890185176538
15,52,13.247450767086173
15,53,14.782128863222473
15,54,17.274398102708346
15,55,20.234320844808497
15,56,20.798702910860616
15,57,23.99772261043274
15,58,24.145032066392233
15,59,27.051168238213947
15,60,27.862402859457056
15,61,30.71380119985289
15,62,32.03677553748999
15,63,33.14917263059454
15,64,34.45658393784197
15,65,31.53678499728172
15,66,29.15985153190589
15,67,32.077022080884454
15,68,33.948783651649244
15,69,30.94545124987525
15,70,30.652525581772903
15,71,34.27958791524594
15,72,33.68128916244599
15,73,30.4732720908201
15,74,32.26175597119639
15,75,35.084855582286096
15,76,32.9468810052042
15,77,31.41500681477468
15,78,34.977835160026835
15,79,36.500545685703095
15,80,33.84260123106355
15,81,32.813739962432
15,82,29.77598391177784
15,83,29.113810670569343
15,84,26.491469299608077
15,85,25.0096108457259
15,86,24.486611242895727
15,87,22.105637870359757
15,88,22.21798570339153
15,89,19.860269820722348
15,90,21.898639779306816
15,91,19.366061391780004
15,92,19.075006480305955
15,93,22.42316755534854
15,94,21.032148403897697
15,95,22.667041423944752
15,96,21.129450192012243
15,97,23.41099914210168
15,98,22.205156768269422
15,99,24.261542995640745
15,100,21.654600958054516
15,101,22.160220616941924
15,102,25.67221683966836
16,1,36.32471424057546
16,2,32.811747967126394
16,3,31.084803348143687
16,4,29.247004506858772
16,5,27.018879974223886
16,6,27.25289425443389
16,7,24.450648635957872
16,8,25.147660556472477
16,9,21.557273926480796
16,10,18.84801871892796
16,11,16.599655365944454
16,12,12.97367898898694
16,13,10.672904535247207
16,14,6.994353776136201
16,15,3.7938506708212976
16,17,3.8015006256230874
16,18,7.875190950151892
16,19,6.640057503413061
16,20,4.7310692896774
16,21,6.115962275069426
16,22,8.834280962245789
16,23,12.101457931692629
16,24,15.51265934502933
16,25,18.831966087938984
16,26,20.74047542941159
16,27,16.961117897063225
16,28,16.196709971294208
16,29,12.771999500264876
16,30,11.945773337479322
16,31,9.64556470713088
16,32,10.105143951795412
16,33,10.617856117467955
16,34,9.489861435721737
16,35,13.282055072970682
16,36,14.268925322784078
16,37,13.00869136228915
16,38,14.502522394228196
16,39,13.598747753142506
16,40,16.02459164260129
16,41,15.367192112407531
16,42,14.027800952565382
16,43,10.330425585171426
16,44,8.93088231180393
16,45,7.389898237606663
16,46,7.963250144266865
16,47,8.256945253450278
16,48,7.874074525070787
16,49,9.825953627777006
16,50,12.393349199264804
16,51,12.600893675512463
16,52,15.503528871846388
16,53,16.45786658202911
16,54,18.423063985780406
16,55,21.6401703442292
16,56,22.756348662159752
16,57,26.169480955184483
16,58,26.646559590941184
16,59,29.7224395209876
16,60,30.74407304976738
16,61,33.756894896993025
16,62,35.188768478638856
16,63,36.50549020391399
16,64,37.934413378475746
16,65,35.11178560018587
16,66,32.75987129945922
16,67,35.711355407853425
16,68,37.46712358162898
16,69,34.36209815849423
16,70,34.09928537052584
16,71,37.66707922015733
16,72,36.89400436790893
16,73,33.632127988264635
16,74,35.4436103528013
16,75,38.14269277358527
16,76,35.81710064864879
16,77,34.25220305655189
16,78,37.79502613959211
16,79,39.16343382182502
16,80,36.3054522615694
16,81,35.13024594847141
16,82,32.29982627122229
16,83,31.772262346316122
16,84,29.279783092459358
16,85,28.05408563034032
16,86,27.782340445218697
16,87,25.603264741554487
16,88,25.846429311856436
16,89,23.5559881041745
16,90,25.584924041836615
16,91,22.95805238356384
16,92,22.501330749223786
16,93,25.897607663113394
16,94,24.41637369910634
16,95,26.052569012512972
16,96,24.342780064428542
16,97,26.422443816590572
16,98,24.943263160932037
16,99,26.751442699967214
16,100,23.98380318873799
16,101,24.355730223190495
16,102,27.682349695899948
17,1,39.306727507609544
17,2,35.70781375280159
17,3,33.894318702125
17,4,31.778684791306066
17,5,29.3830001040068
17,6,29.19923407295968
17,7,26.178045603110245
17,8,26.38759278871377
17,9,22.645411082523957
17,10,19.854302536165726
17,11,18.17054638209007
17,12,14.407523034070657
17,13,12.510134039260059
17,14,8.949224042833594
17,15,6.40796684963649
17,16,3.8015006256230874
17,18,8.266352706106769
17,19,5.895878534991054
17,20,5.0817889846539614
17,21,5.443092600256286
17,22,9.139820600880132
17,23,12.306832731877561
17,24,15.944600431547284
17,25,19.231582778573625
17,26,20.58617866644669
17,27,16.795411574383113
17,28,15.425688413282737
17,29,11.684942448187728
17,30,10.437334124249986
17,31,7.960191599753616
17,32,9.488215274344054
17,33,10.370871236053247
17,34,10.603071751664464
17,35,14.251335571166118
17,36,14.979373291016374
17,37,14.521873025293159
17,38,16.75869567916951
17,39,16.495642425997
17,40,18.950167501205414
17,41,18.737711986433908
17,42,17.691873687178095
17,43,14.026025201848551
17,44,12.697117320500945
17,45,10.950276711837613
17,46,11.011133218838129
17,47,11.146584106815366
17,48,10.72127704224908
17,49,12.9778454252505
17,50,15.0796638674139
17,51,14.957981617628633
17,52,17.365933883776957
17,53,17.656887572170792
17,54,19.709461617402578
17,55,22.666044462991945
17,56,24.155118757176567
17,57,27.72532941349486
17,58,28.58674567091549
