1,2,3.8131339982563417
1,3,6.573838751995828
1,4,10.105412632685471
1,5,11.770247567571023
1,6,14.59077325273571
1,7,14.927929754756851
1,8,18.579910358876308
1,9,20.86324434376276
1,10,24.003436316083704
1,11,27.409787450418023
1,12,30.97612064286469
1,13,33.09972248067736
1,14,32.47631144646729
1,15,30.83980676778479
1,16,28.314932263779195
1,17,28.249587145877673
1,18,24.672782034965078
1,19,23.184752127595605
1,20,20.128969064114457
1,21,19.461731154666897
1,22,21.012301584967926
1,23,23.116421878194178
1,24,26.786054306575657
1,25,23.524997492248207
1,26,23.484853847477556
1,27,21.595806510294953
1,28,23.798296193646365
1,29,23.867568858613247
1,30,25.064043621637115
1,31,26.72934323810961
1,32,27.50623608999535
1,33,28.83470568539602
1,34,26.80405132368602
1,35,28.167474230463704
1,36,26.828795710995085
1,37,26.592594378387357
1,38,23.891063629911915
1,39,21.349087234144523
1,40,19.39390355622678
1,41,19.519693497966284
1,42,16.367279699666746
1,43,18.79806597770548
1,44,22.531227828084994
1,45,24.76371884066587
1,46,27.245921353789342
1,47,30.853009534754133
1,48,31.86112253071218
1,49,28.59415405902402
1,50,25.331097176078387
1,51,22.152459928590734
1,52,18.682871907841008
1,53,18.14667094462165
1,54,16.200356407259388
1,55,17.81377001049176
1,56,18.112176033173885
1,57,16.605713032125838
1,58,12.825044074640871
1,59,10.656129270593656
1,60,7.039659579375964
1,61,5.6958482252351725
1,62,4.014647877175998
1,63,11.676261938388864
1,64,10.33671543504181
1,65,8.253633320044669
1,66,11.595310786149225
1,67,13.597461683891753
1,68,11.494847949612911
1,69,11.947678954086653
1,70,15.482216979635831
1,71,16.23945240048004
1,72,15.23994469691435
1,73,15.996260749767398
1,74,16.97274570014727
1,75,17.157104950976724
1,76,15.799258399411022
1,77,12.656942666031762
1,78,11.276039320021665
1,79,9.485134743926666
1,80,9.708683088937118
1,81,4.500664802470893
1,82,5.962603912126235
1,83,8.344935980207708
1,84,11.212643129917566
1,85,14.426426630203178
1,86,18.127659445826357
1,87,20.45060745140393
2,1,3.8131339982563417
2,3,3.8121155698386286
2,4,6.7334547831129345
2,5,9.124024098896749
2,6,12.120877373106481
2,7,13.282061843921179
2,8,17.06432647145528
2,9,19.82651692238128
2,10,22.913960005822673
2,11,26.53196347468054
2,12,29.9966049070855
2,13,31.75033469303857
2,14,31.069685950644196
2,15,29.257137564661726
2,16,26.864695923820392
2,17,26.668713864803447
2,18,23.01567214064612
2,19,21.41656198556806
2,20,18.106580778674388
2,21,17.322964820360646
2,22,18.36073023522234
2,23,20.349413033493363
2,24,23.890125046417744
2,25,21.0446574634289
2,26,21.23060584333188
2,27,19.489140965721965
2,28,21.755526621473386
2,29,21.96095194050141
2,30,22.767400847145385
2,31,24.606423183754497
2,32,25.224618451695797
2,33,26.736779511795284
2,34,24.761951733018275
2,35,26.301362855817313
2,36,25.428732707838822
2,37,25.08632577874999
2,38,22.037621926279247
2,39,19.86265605860697
2,40,18.495962338335826
2,41,19.201479349578364
2,42,16.497449334595576
2,43,19.427023699857887
2,44,23.208249383754193
2,45,24.93035026502605
2,46,27.44664550569786
2,47,30.874296218446005
2,48,31.721485298190537
2,49,28.463220548337596
2,50,24.966249274139784
2,51,21.965907506665275
2,52,18.287460141745097
2,53,17.297813293543324
2,54,14.789740765848192
2,55,15.802984375247691
2,56,16.244079285377275
2,57,14.200565661375173
2,58,10.607599041542567
2,59,8.332893965783196
2,60,5.481133029956979
2,61,5.316206961071257
2,62,5.98029906296828
2,63,10.950456893101208
2,64,9.856381940572103
2,65,6.648874917724133
2,66,9.41834546228527
2,67,11.489685756801316
2,68,9.339410403588783
2,69,8.807588301464556
2,70,12.456293813960572
2,71,13.571755365295896
2,72,12.299896217096931
2,73,12.515472241157749
2,74,13.16524608874747
2,75,13.508907580028007
2,76,12.53414862025764
2,77,9.776007370513685
2,78,9.349168456013055
2,79,8.88031727375432
2,80,10.413334707267753
2,81,5.978801794645702
2,82,4.749092672403462
2,83,5.6429060079896525
2,84,7.736036186949258
2,85,11.00280394890562
2,86,14.59169719872438
2,87,17.04065156067014
3,1,6.573838751995828
3,2,3.8121155698386286
3,4,3.7876700457554513
3,5,5.359957545212023
3,6,8.510463149272297
3,7,9.927650136184695
3,8,13.739125552943108
3,9,16.771713948993614
3,10,19.62627126892234
3,11,23.292406706213004
3,12,26.636433127183057
3,13,28.276823519096745
3,14,27.339473991108065
3,15,25.53608436365466
3,16,23.256680793748554
3,17,23.205965919420986
3,18,19.62044343707441
3,19,18.314069073850845
3,20,15.14536140396869
3,21,14.93853120548115
3,22,16.111105010749235
3,23,18.57813759565568
3,24,22.071512975508817
3,25,20.4871734393909
3,26,20.227077609136064
3,27,18.05530282483086
3,28,19.806897799168077
3,29,19.526177164869196
3,30,19.951713826333602
3,31,21.468427500663825
3,32,21.791310863151935
3,33,23.11399436347834
3,34,21.014307147602295
3,35,22.50187533939095
3,36,21.708925470832156
3,37,21.3662689791707
3,38,18.258225277118033
3,39,16.13936389925203
3,40,15.014364066448332
3,41,16.01999472730557
3,42,13.713360328367802
3,43,16.981439907547557
3,44,20.708608413882995
3,45,22.04909370457127
3,46,24.666688803634983
3,47,27.93838208452627
3,48,28.83188584707847
3,49,25.70902619831317
3,50,22.146360807538365
3,51,19.151985018460667
3,52,15.379004809937898
3,53,13.950481712716847
3,54,11.16016349585422
3,55,11.999860646819656
3,56,12.617818498637229
3,57,10.74978741815285
3,58,7.247902574160279
3,59,6.011844559445894
3,60,4.474913988222519
3,61,6.809017758269518
3,62,8.72200027497096
3,63,14.337694527756131
3,64,13.358170310407061
3,65,9.863947165883754
3,66,12.017009065875905
3,67,13.937879415665208
3,68,11.542263400797601
3,69,10.044181258729786
3,70,13.710151671557714
3,71,14.868265540121762
3,72,12.750277907467112
3,73,12.29242207794133
3,74,11.934198010119772
3,75,12.298056632891612
3,76,11.598167339594248
3,77,9.687464838149724
3,78,9.503857338361291
3,79,10.021453993477165
3,80,11.441492740474608
3,81,7.752460790754608
3,82,6.158570823829109
3,83,4.713283734916328
3,84,6.380530918422798
3,85,8.627108002185743
3,86,12.21295935687897
3,87,15.050344556944413
4,1,10.105412632685471
4,2,6.7334547831129345
4,3,3.7876700457554513
4,5,3.791011420258124
4,6,7.080660554744291
4,7,9.833803090063528
4,8,13.413502554544719
4,9,16.91279886470835
4,10,19.426629826692555
4,11,23.185851034746307
4,12,26.265927555788135
4,13,27.448925274791602
4,14,26.153021271804068
4,15,24.278306517089955
4,16,22.320618508885175
4,17,22.26624778538766
4,18,18.760366315496384
4,19,17.56084126759457
4,20,14.321394340542252
4,21,14.253869929016473
4,22,14.700205877510014
4,23,17.07453179100043
4,24,20.251131779123806
4,25,19.618290575756305
4,26,19.554436824128253
4,27,17.55572434842022
4,28,19.143973837679614
4,29,18.864285998828755
4,30,18.6199496581851
4,31,20.14796836301102
4,32,20.07002454948769
4,33,21.44693671994758
4,34,19.320477272938692
4,35,20.85806587891085
4,36,20.64975020766103
4,37,20.050966185256872
4,38,16.614799977260184
4,39,15.168787445054894
4,40,14.835644080493575
4,41,16.59074955858663
4,42,15.05428475950522
4,43,18.625946285355937
4,44,22.18171427279252
4,45,22.955908482680456
4,46,25.608572081121554
4,47,28.58310422032464
4,48,29.387565642123523
4,49,26.42394586565191
4,50,22.75743580565723
4,51,20.02096088722542
4,52,16.24704847405011
4,53,14.220795920179581
4,54,10.853604755429101
4,55,10.531525179729115
4,56,11.114885259627588
4,57,8.489989442769039
4,58,5.807260713713467
4,59,5.080456800611035
4,60,6.047923021825868
4,61,8.891551222660315
4,62,11.633066470632874
4,63,15.692750295942396
4,64,14.807139077797963
4,65,11.095028767376338
4,66,12.375297463182962
4,67,13.862419677682777
4,68,11.535879650424077
4,69,9.083931026630395
4,70,12.371154297396645
4,71,13.616262710116844
4,72,11.01151947744779
4,73,9.761632248677417
4,74,8.821565461333552
4,75,9.748351827921155
4,76,10.064381882514915
4,77,9.397356310151892
4,78,10.505873715810202
4,79,12.201480179158995
4,80,14.270200319745069
4,81,11.233083509573778
4,82,8.807219734591136
4,83,5.969688075385547
4,84,5.133634902257839
4,85,6.16359737418676
4,86,9.22499219841648
4,87,12.514774241152825
5,1,11.770247567571023
5,2,9.124024098896749
5,3,5.359957545212023
5,4,3.791011420258124
5,6,3.8007327269423277
5,7,6.455144501259796
5,8,9.921885707113978
5,9,13.48901052986956
5,10,15.782706741393884
5,11,19.50993054100253
5,12,22.546284854171397
5,13,23.81084870479373
5,14,22.534140852008168
5,15,20.644111818278354
5,16,18.620792294666018
5,17,18.717866354220167
5,18,15.286396862191365
5,19,14.466862441468123
5,20,11.601904945679287
5,21,12.379049518322955
5,22,13.440466726006871
5,23,16.447148364403095
5,24,19.629604838213186
5,25,20.064865247500702
5,26,19.29006446004538
5,27,16.71739670590742
5,28,17.6110425862976
5,29,16.652032840390852
5,30,16.262244851206354
5,31,17.274092749810524
5,32,17.02413990965073
5,33,18.11459845529724
5,34,15.874653451771872
5,35,17.39436384285372
5,36,17.005669283828695
5,37,16.672952002474165
5,38,13.307408399647347
5,39,11.536469972223543
5,40,11.34080387201596
5,41,13.082338621600206
5,42,11.89488951682078
5,43,15.53117961396868
5,44,18.929086948500395
5,45,19.407585628539127
5,46,22.05397264228233
5,47,24.92039901027419
5,48,25.763963571066444
5,49,22.91711190214246
5,50,19.282989379767233
5,51,16.551969949760576
5,52,12.82029134400403
5,53,10.538617152374158
5,54,7.103078406684224
5,55,7.018441360101541
5,56,8.300151952013639
5,57,6.7144788556471635
5,58,4.533033295176824
5,59,6.317690418632702
5,60,7.714418835788089
5,61,11.203003841049798
5,62,13.755228216092272
5,63,18.959835341953927
5,64,18.195148405679486
5,65,14.507728727190488
5,66,15.903539788734479
5,67,17.61431789625132
5,68,15.267275735605535
5,69,12.866142676040498
5,70,16.06357046618011
5,71,17.311966505506653
5,72,14.4891891150006
5,73,13.06324580257404
5,74,11.096725993249462
5,75,11.42090324466787
5,76,11.357661541211591
5,77,11.081567168183133
5,78,11.493085893654388
5,79,13.195185237318377
5,80,14.60782545889927
5,81,12.169268633046453
5,82,10.277769438064407
5,83,7.188292471379083
5,84,7.066584073991709
5,85,6.5661752297911935
5,86,9.358799857083994
5,87,12.613873420693032
6,1,14.59077325273571
6,2,12.120877373106481
6,3,8.510463149272297
6,4,7.080660554744291
6,5,3.8007327269423277
6,7,3.811439486188843
6,8,6.633390283069627
6,9,10.359585385405891
6,10,12.597794860725463
6,11,16.382794330810487
6,12,19.38168584303038
6,13,20.438352190378975
6,14,20.09180150601894
6,15,17.77847761462013
6,16,15.505286714124463
6,17,15.203921860514924
6,18,11.681579470624417
6,19,10.734961744854205
6,20,7.965184775535305
6,21,9.29559878961008
6,22,10.617298595107181
6,23,14.015666211387533
6,24,17.085108341909773
6,25,18.56140787172028
6,26,17.219298271548126
6,27,14.311959697360747
6,28,14.580779108037046
6,29,13.209964555418663
6,30,12.618544868742736
6,31,13.478932013806535
6,32,13.350553739127356
6,33,14.67271438565976
6,34,12.838814789331733
6,35,14.912958731724263
6,36,14.80657162692918
6,37,15.15904585162045
6,38,11.75021398395571
6,39,9.82270074060095
6,40,10.541055785996791
6,41,12.016227184121398
6,42,11.358188680811683
6,43,14.718645167338853
6,44,17.797850387579707
6,45,17.66819429389552
6,46,19.91991428847664
6,47,22.533730494255416
6,48,23.005070503840216
6,49,20.160681553991076
6,50,16.45566236968936
6,51,14.197923575667344
6,52,10.69528809708492
6,53,8.58851181217789
6,54,5.603301505635985
6,55,5.754175419799598
6,56,8.61968053623265
6,57,8.16175723335198
6,58,7.4575517522695405
6,59,10.008319162442893
6,60,11.416066672299547
6,61,14.840781141967524
6,62,17.086496529909997
6,63,21.472541979743355
6,64,21.197326017959817
6,65,17.444840391061856
6,66,18.415959830860928
6,67,20.47149517540539
6,68,18.51694407631233
6,69,15.771329339197852
6,70,18.64200276708977
6,71,20.315505238683283
6,72,17.602621432458996
6,73,15.613099300116884
6,74,12.192320605473094
6,75,11.621884130545943
6,76,11.16568895631897
6,77,11.584380466912558
6,78,11.782270105550532
6,79,13.929549957347962
6,80,15.179633048408835
6,81,13.970577939557135
6,82,11.992845424663328
6,83,8.624060083475504
6,84,8.321682929821689
6,85,6.420517060754416
6,86,8.452213267225051
6,87,11.13345808114056
7,1,14.927929754756851
7,2,13.282061843921179
7,3,9.927650136184695
7,4,9.833803090063528
7,5,6.455144501259796
7,6,3.811439486188843
7,8,3.8125276388184357
7,9,7.092953769300433
7,10,9.819031341386964
7,11,13.57496422981526
7,12,16.91386001598022
7,13,18.485279850653825
7,14,19.038303845582316
7,15,16.648661812036938
7,16,13.833273826718866
7,17,13.411154007308241
7,18,9.80846102071472
7,19,8.886382036883449
7,20,6.694131440063861
7,21,8.609217106709218
7,22,11.178672104889495
7,23,14.847575412790617
7,24,18.065965172415137
7,25,19.356709770553703
7,26,17.39011907902247
7,27,14.014022456839838
7,28,13.827978028000013
7,29,11.914044399366643
7,30,12.059324620119916
7,31,12.50742895239738
7,32,12.907872289799522
7,33,14.051877017658214
7,34,12.482231777044733
7,35,14.623365105536719
7,36,13.821607174613039
7,37,14.922860478414204
7,38,12.111959010400673
7,39,9.212823319858956
7,40,9.398902930091275
7,41,9.677929252919343
7,42,8.653259151230214
7,43,11.556635284541123
7,44,14.57578696024678
7,45,14.525301691524264
7,46,16.53566925525115
7,47,19.33744932305506
7,48,19.73217955191595
7,49,16.707254188760768
7,50,12.991546227318757
7,51,10.602726221001857
7,52,7.053437877342384
7,53,5.771152981893481
7,54,4.345397395609868
7,55,6.736630092773682
7,56,9.969755998474273
7,57,10.727396911935003
7,58,9.721581100635445
7,59,12.342872228187897
7,60,12.963170131471818
7,61,16.21845423365114
7,62,17.86163246395825
7,63,22.948766824036973
7,64,22.81145935969104
7,65,19.20446919269512
7,66,20.48659259698784
7,67,22.89317796350693
7,68,20.962047814826324
7,69,18.534291835956388
7,70,21.60800324811249
7,71,23.346807257179364
7,72,20.777963986940566
7,73,19.033183015474513
7,74,15.645410419083921
7,75,14.585006379551864
7,76,13.313202339134493
7,77,13.142342676490644
7,78,12.234507922033538
7,79,13.712500185426766
7,80,14.049350482933818
7,81,13.54473111315068
7,82,12.36284865963232
7,83,9.706350073787515
7,84,10.65286132942555
7,85,9.393702413744812
7,86,11.603805309328505
7,87,13.599197931671075
8,1,18.579910358876308
8,2,17.06432647145528
8,3,13.739125552943108
8,4,13.413502554544719
8,5,9.921885707113978
8,6,6.633390283069627
8,7,3.8125276388184357
8,9,3.8057301665958114
8,10,6.185490212515783
8,11,9.986452575198275
8,12,13.277957183079481
8,13,14.765071545921055
8,14,16.321041014160862
8,15,13.595179721017882
8,16,10.448364905123332
8,17,9.697445196486985
8,18,6.106097083382335
8,19,5.694141482418815
8,20,5.072331654442433
8,21,8.282067747633558
8,22,11.145606954761599
8,23,14.935976732052065
8,24,17.73473220354746
8,25,20.200100614344382
8,26,17.678286962265286
8,27,14.076098009154816
8,28,12.864313762830973
8,29,10.087781039330995
8,30,9.974810437537988
8,31,9.525431930885922
8,32,9.954654448710807
8,33,10.913585723830465
8,34,9.858475920292047
8,35,12.358144150147758
8,36,11.635626720182854
8,37,13.58567670483256
8,38,11.242437271868196
8,39,8.3363228177516
8,40,9.402447574736959
8,41,9.192138838639151
8,42,9.230731437795272
8,43,11.338934625259707
8,44,13.570703609458361
8,45,12.634454051212957
8,46,14.119508459378512
8,47,16.500809443374667
8,48,16.552731106915246
8,49,13.66580643544899
8,50,9.951657765157119
8,51,8.282550641924807
8,52,5.6157960886901686
8,53,4.931724815749625
8,54,5.5428529985085735
8,55,7.694786038538968
8,56,11.316830449605813
8,57,12.88847796042589
8,58,12.74326085253663
8,59,15.772308944069389
8,60,16.652875631953464
8,61,19.973521917314322
8,62,21.57940279284847
8,63,26.498636446294345
8,64,26.53268799884343
8,65,22.916540602843696
8,66,24.018982911232694
8,67,26.492930447684955
8,68,24.66465943286826
8,69,22.083000072801138
8,70,24.987166269964817
8,71,26.829308666410885
8,72,24.196430943884703
8,73,22.212501890646504
8,74,18.276419947979416
8,75,16.926596023029862
8,76,15.63516583719605
8,77,15.95371066648566
8,78,14.991932493661478
8,79,16.573948791135734
8,80,16.634462338140292
8,81,16.865577592672444
8,82,15.805322371891705
8,83,13.19449208997184
8,84,13.887381643977298
8,85,12.02163320948626
8,86,13.390819094211
8,87,14.798134832323473
9,1,20.86324434376276
9,2,19.82651692238128
9,3,16.771713948993614
9,4,16.91279886470835
9,5,13.48901052986956
9,6,10.359585385405891
9,7,7.092953769300433
9,8,3.8057301665958114
9,10,3.795968219821146
9,11,7.1464039118395455
9,12,10.79099487852304
9,13,12.774468516471174
9,14,15.991851561899
9,15,13.174268643845853
9,16,9.528287867659174
9,17,8.307714697782957
9,18,5.335374806374324
9,19,5.241988282560148
9,20,6.526458258046873
9,21,9.57201579112717
9,22,12.894388221135264
9,23,16.492964114782154
9,24,19.103891028540744
9,25,21.60466984482837
9,26,18.602036666638867
9,27,14.862652350383756
9,28,13.045765839194791
9,29,9.803995180050253
9,30,10.400893773382931
9,31,9.309104113230402
9,32,10.39244087643488
9,33,11.091703818395267
9,34,10.829048206118904
9,35,13.267008871757996
9,36,12.110719897725502
9,37,14.846904277855076
9,38,13.32797512674254
9,39,10.258972171848763
9,40,11.043442208702793
9,41,9.616082521152839
9,42,9.754164793326453
9,43,10.549574377807287
9,44,12.013288332636193
9,45,10.695488226958682
9,46,11.296184130267518
9,47,13.570515880464319
9,48,13.166924137921672
9,49,10.065418352137549
9,50,6.304367821949351
9,51,5.439665386738976
9,52,4.44410282388169
9,53,6.034770552936541
9,54,8.44802858039239
9,55,10.988623931334526
9,56,14.408425140708237
9,57,16.420665072508882
9,58,16.21016553932586
9,59,19.19150059412012
9,60,19.718507839173228
9,61,22.86106553375906
9,62,24.07111892475576
9,63,29.069442663741924
9,64,29.280209951410498
9,65,25.787341823035895
9,66,26.9554697836873
9,67,29.64835654318456
9,68,27.918899475209642
9,69,25.458645248383874
9,70,28.397162259927892
9,71,30.341745458155682
9,72,27.81576592172718
9,73,25.875182771853197
9,74,21.808105301589535
9,75,20.14568696028341
9,76,18.45308923495971
9,77,18.568655481751957
9,78,17.069286622184553
9,79,18.232043205333923
9,80,17.662505785363905
9,81,18.641432976457974
9,82,18.060703836181503
9,83,15.933628281189618
9,84,17.05545865719434
9,85,15.412946341120113
9,86,16.741956704471658
9,87,17.642721637143957
10,1,24.003436316083704
10,2,22.913960005822673
10,3,19.62627126892234
10,4,19.426629826692555
10,5,15.782706741393884
10,6,12.597794860725463
10,7,9.819031341386964
10,8,6.185490212515783
10,9,3.795968219821146
10,11,3.808665886026016
10,12,7.195870597026059
10,13,9.25598935267123
10,14,12.54320487219545
10,15,9.727685538575416
10,16,5.996717295771837
10,17,5.317562123711402
10,18,3.907766406130476
10,19,6.29840559134881
10,20,8.920920583439267
10,21,12.413925930818165
10,22,15.279259861071841
10,23,18.82087186399862
10,24,20.952540125433877
10,25,24.47702880365574
10,26,21.39731227488967
10,27,17.741075051414494
10,28,15.407467734511274
10,29,11.789265181315674
10,30,11.5211883200588
10,31,9.167239232573378
10,32,9.27930143255915
10,33,8.79488350677636
10,34,8.640675654373572
10,35,10.68990479053394
10,36,9.442265253427777
10,37,12.734982004350215
10,38,11.990558280683917
10,39,9.390101755785729
10,40,10.783040446563206
10,41,9.487275298958929
10,42,10.960477464156748
10,43,11.354625337601968
10,44,11.79291981304416
10,45,9.365099259156333
10,46,9.71121004175976
10,47,11.146680861014374
10,48,10.834793428384222
10,49,8.538068885753244
10,50,5.433675997660476
10,51,5.645112651645056
10,52,6.326086693955197
10,53,6.995589715210763
10,54,9.762598425352866
10,55,11.613456226336195
10,56,14.751823480075952
10,57,17.34022171615302
10,58,17.8344852530718
10,59,21.18793977468172
10,60,22.144948279865826
10,61,25.49525198741635
10,62,26.966334530082925
10,63,32.487955411074466
10,64,32.51837273264221
10,65,28.966848100905104
10,66,30.165708379743023
10,67,32.662687898629954
10,68,30.752480825567243
10,69,28.227229231700004
10,70,31.130806919750864
10,71,32.8954711504773
10,72,30.121130768280068
10,73,28.14689806397901
10,74,24.105696801460994
10,75,22.691566270382864
10,76,21.40383628451251
10,77,21.877797897752192
10,78,20.659276384076374
10,79,21.950043915394723
10,80,21.39975847868775
10,81,22.11166567604207
10,82,21.550848182645847
10,83,19.24036733651781
10,84,20.052392218062
10,85,18.00867798147698
10,86,18.846304212503995
10,87,19.815563132441348
11,1,27.409787450418023
11,2,26.53196347468054
11,3,23.292406706213004
11,4,23.185851034746307
11,5,19.50993054100253
11,6,16.382794330810487
11,7,13.57496422981526
11,8,9.986452575198275
11,9,7.1464039118395455
11,10,3.808665886026016
11,12,3.7993303752777603
11,13,6.734153255543981
11,14,11.593330264278908
11,15,9.08229950073635
11,16,5.677293845070684
11,17,5.325559983846447
11,18,6.42967337411015
11,19,9.09042160827933
11,20,12.283883767912576
11,21,15.618450431849876
11,22,18.422077769372468
11,23,21.765184174513422
11,24,23.575478792942253
11,25,27.442370765579657
11,26,24.15013590058768
11,27,20.552273949340496
11,28,17.840774703204477
11,29,14.11102126234639
11,30,13.883441214264018
11,31,10.96572368272748
11,32,10.97151766426192
11,33,9.73460353352261
11,34,10.201772490186771
11,35,11.613283062792231
11,36,10.160509877433604
11,37,13.864134965280622
11,38,14.07081010228485
11,39,11.867415131575102
11,40,13.152180325739712
11,41,11.441890118185375
11,42,13.314447442110456
11,43,12.778188716714167
11,44,12.057144568560254
11,45,8.89477744184897
11,46,8.02501457498436
11,47,8.297257414754041
11,48,7.504370625969542
11,49,6.112459702914459
11,50,4.679030102389451
11,51,6.657642766116445
11,52,8.989959324646096
11,53,10.08191755149349
11,54,13.182118947460953
11,55,14.912734415814208
11,56,17.73583814509206
11,57,20.631988648994867
11,58,21.305672155608587
11,59,24.727918506222245
11,60,25.663799215068945
11,61,28.988402447980153
11,62,30.35861015964079
11,63,36.13568127797936
11,64,36.17485654512281
11,65,32.666753967972525
11,66,33.91923568979703
11,67,36.445470918029365
11,68,34.50638732110481
11,69,32.023146342231094
11,70,34.93828283425163
11,71,36.67662726651103
11,72,33.857504466644244
11,73,31.903069573118785
11,74,27.83242781517103
11,75,26.376578159140163
11,76,25.054919340605526
11,77,25.547216806522844
11,78,24.192189143677222
11,79,25.32375711449297
11,80,24.49139692328598
11,81,25.426631852200853
11,82,25.099925703282675
11,83,22.944776931832205
11,84,23.84299150229426
11,85,21.77892910702496
11,86,22.465828076823026
11,87,23.249582894589775
12,1,30.97612064286469
12,2,29.9966049070855
12,3,26.636433127183057
12,4,26.265927555788135
12,5,22.546284854171397
12,6,19.38168584303038
12,7,16.91386001598022
12,8,13.277957183079481
12,9,10.79099487852304
12,10,7.195870597026059
12,11,3.7993303752777603
12,13,3.7563876154628755
12,14,9.794031698149888
12,15,7.628619977292226
12,16,5.478538039516966
12,17,5.852335960066753
12,18,8.693572064663899
12,19,11.769706730898138
12,20,15.2482644540425
12,21,18.63917778351795
12,22,21.075716302003105
12,23,24.250943322843533
12,24,25.626894553593562
12,25,30.220554349905346
12,26,26.896404046986714
12,27,23.436542892214657
12,28,20.431991168902325
12,29,16.660442440003283
12,30,15.922985521844504
12,31,12.495203442626991
12,32,11.853478540218612
12,33,9.76431837406551
12,34,10.675769482183293
12,35,11.440970820098135
12,36,10.372902704034876
12,37,14.157785335503844
12,38,15.090721847088355
12,39,13.678464892710256
12,40,15.3418132218848
12,41,13.993896538064213
12,42,16.416839723362248
12,43,15.764183534027667
12,44,14.44115958746217
12,45,10.836085674220646
12,46,9.584279023729158
12,47,8.256594397043722
12,48,7.292759790362532
12,49,7.7865794885673
12,50,7.947520705534546
12,51,10.161101784413644
12,52,12.611190806634509
12,53,13.226565897932625
12,54,16.104618122761487
12,55,17.274280220388636
12,56,19.807509103573
12,57,22.880773712634618
12,58,24.016752710374625
12,59,27.59670434341069
12,60,28.82014583130908
12,61,32.254005093824794
12,62,33.79908062879808
12,63,39.682330397251846
12,64,39.66565061464301
12,65,36.10601538016479
12,66,37.296390101299686
12,67,39.71008470172336
12,68,37.71547182037885
12,69,35.141568205815204
12,70,37.96613275868613
12,71,39.631289292787116
12,72,36.683795002248196
12,73,34.6492953873757
12,74,30.514123026224727
12,75,29.166648656460925
12,76,28.09783679545817
12,77,28.8759144481138
12,78,27.729463904898548
12,79,29.017032940541792
12,80,28.272431246009514
12,81,29.13983696633049
12,82,28.730705334351732
12,83,26.421922862358972
12,84,27.06765473020688
12,85,24.73183829767836
12,86,25.030035420385538
12,87,25.735712582293935
13,1,33.09972248067736
13,2,31.75033469303857
13,3,28.276823519096745
13,4,27.448925274791602
13,5,23.81084870479373
13,6,20.438352190378975
13,7,18.485279850653825
13,8,14.765071545921055
13,9,12.774468516471174
13,10,9.25598935267123
13,11,6.734153255543981
13,12,3.7563876154628755
13,14,9.441707999831312
13,15,6.804367159657625
13,16,5.767775893334092
13,17,5.441640299710603
13,18,9.172942051469208
13,19,12.223341230443205
13,20,15.852165904624506
13,21,19.170244457503845
13,22,21.030849212528235
13,23,23.919364447961403
13,24,24.764824337695856
13,25,30.20139092641101
13,26,26.934388990142658
13,27,23.720770048763793
13,28,20.460042739227
13,29,16.762642069326397
13,30,15.366559511907884
13,31,11.632204096559585
13,32,10.489667608162243
13,33,8.148321046684705
13,34,10.031196425385842
13,35,11.006514817354905
13,36,11.168588363810432
13,37,14.77957482684131
13,38,15.587480869429672
13,39,14.975404804999746
13,40,17.342913850666886
13,41,16.670155616051936
13,42,19.250221221458844
13,43,19.060945977199488
13,44,18.00381226400982
13,45,14.394882220561385
13,46,13.339131819074513
13,47,11.794707926908869
13,48,10.528662898463274
13,49,11.164843700554897
13,50,11.086771143853403
13,51,13.37248919651764
13,52,15.337492136628434
13,53,15.502041989880228
13,54,17.828123617769506
13,55,18.345327128973683
13,56,20.928867652150625
13,57,23.781885650864364
13,58,25.34217054001499
13,59,28.997186057528427
13,60,30.5693253144959
13,61,34.12021621694368
13,62,35.91098082057493
13,63,41.16355478062549
13,64,41.25547748001257
13,65,37.59179488777145
13,66,38.47955572367339
13,67,40.81405334748274
13,68,38.9504491122549
13,69,36.12868594114089
13,70,38.696912312272765
13,71,40.449584123582646
13,72,37.4891387308565
13,73,35.18563518958224
13,74,30.71813723293071
13,75,29.34541525287526
13,76,28.547958859551333
13,77,29.793167493289594
13,78,29.03547631770556
13,79,30.730778707626612
13,80,30.372635209946335
13,81,31.303556211700915
13,82,30.490889282940465
13,83,27.863998052929407
13,84,28.033450767196708
13,85,25.30974467169387
13,86,25.040889136862738
13,87,25.467309917662508
14,1,32.47631144646729
14,2,31.069685950644196
14,3,27.339473991108065
14,4,26.153021271804068
14,5,22.534140852008168
14,6,20.09180150601894
14,7,19.038303845582316
14,8,16.321041014160862
14,9,15.991851561899
14,10,12.54320487219545
14,11,11.593330264278908
14,12,9.794031698149888
14,13,9.441707999831312
14,15,3.7955773093763496
14,16,7.063613949642766
14,17,10.553330337315233
14,18,12.856388319290181
14,19,16.633333090813824
14,20,19.14042909257449
14,21,22.908520801086134
14,22,24.51415335227386
14,23,27.82106502331014
14,24,29.009219854871816
14,25,34.36613250359798
14,26,31.70850448547111
14,27,28.41483646168643
14,28,25.8693736733274
14,29,22.284315871803894
14,30,20.21027937952197
14,31,16.804976093701814
14,32,13.958455519060957
14,33,10.240513291513558
14,34,8.718304559033555
14,35,6.009243569093672
14,36,5.695853450229371
14,37,7.6618676364372496
14,38,10.301514186644907
14,39,11.319407767693587
14,40,13.652479842648157
14,41,14.414714253103607
14,42,18.06370535347531
14,43,18.646262666069735
14,44,17.6501482075801
14,45,14.293974379292841
14,46,15.337742958958389
14,47,14.253441064583448
14,48,15.521629925848506
14,49,16.407159367192744
14,50,15.81891170099299
14,51,15.94802799631675
14,52,16.775218700908887
14,53,15.009975649735324
14,54,16.369639188956175
14,55,15.670826707650724
14,56,16.633931183459328
14,57,19.956435941798723
14,58,22.328288496108215
14,59,26.121883582999022
14,60,28.325571187012756
14,61,32.0232334292765
14,62,34.396146965201346
14,63,41.36214449154807
14,64,40.62459849353126
14,65,37.00688885159749
14,66,38.331260093897896
14,67,39.933685719222275
14,68,37.41620189996824
14,69,34.899335198804906
14,70,37.59449548125595
14,71,38.508947666391734
14,72,35.05723512452682
14,73,33.28266058063165
14,74,30.127450511188975
14,75,29.92294059372216
14,76,30.051742476699513
14,77,31.277040872821278
14,78,31.02414977195596
14,79,32.697099926441055
14,80,32.55924092760925
14,81,31.94283354574567
14,82,31.238166490357052
14,83,28.43230164691607
14,84,28.345619534107424
14,85,25.63127081894047
14,86,25.412824243910464
14,87,27.043809466108524
15,1,30.83980676778479
15,2,29.257137564661726
15,3,25.53608436365466
15,4,24.278306517089955
15,5,20.644111818278354
15,6,17.77847761462013
15,7,16.648661812036938
15,8,13.595179721017882
15,9,13.174268643845853
15,10,9.727685538575416
15,11,9.08229950073635
15,12,7.628619977292226
15,13,6.804367159657625
15,14,3.7955773093763496
15,16,3.7964801439330476
15,17,6.926717147690318
15,18,9.390947034905714
15,19,13.126316025463703
15,20,15.823715060455944
15,21,19.541518507917033
15,22,21.080897012485373
15,23,24.307878932873006
15,24,25.41830049590572
15,25,30.88518769898906
15,26,28.144371586530998
15,27,24.8962035266123
15,28,22.22565687667735
15,29,18.641520142761323
15,30,16.509632123078067
15,31,13.039441132670662
15,32,10.273889878665146
15,33,6.594103989167356
15,34,5.76525244481738
15,35,4.680699858542458
15,36,5.3799490575911175
15,37,8.416660270424533
15,38,9.720134706871464
15,39,10.268429469059546
15,40,13.124942283834852
15,41,13.755273200458252
15,42,17.056699097283264
15,43,17.8205181503266
15,44,17.249902462925824
15,45,13.855843035983353
15,46,14.589115143739203
15,47,13.841397062309595
15,48,14.356306887895268
15,49,14.638086255184968
15,50,13.566979982259882
15,51,14.058376424324564
15,52,14.78023761607723
15,53,13.280792908696812
15,54,14.674119091705489
15,55,14.13424527384028
15,56,15.893511385526232
15,57,18.939858921290973
15,58,21.141817169438287
15,59,24.94116462879553
15,60,27.06207102165692
15,61,30.78017306625835
15,62,33.07412698294739
15,63,39.20875992015226
15,64,38.77052830734319
15,65,35.08002254683186
15,66,36.16216913812451
15,67,37.98158039872969
15,68,35.72197209158019
15,69,33.00311005116447
15,70,35.59880229834385
15,71,36.83941279028011
15,72,33.55197708072574
15,73,31.497887569913782
15,74,27.794902010447636
15,75,27.2300655450229
15,76,27.167797863769405
15,77,28.52747231626525
15,78,28.28083471675255
15,79,30.132992757640043
15,80,30.13357213146462
15,81,29.936699502224734
15,82,28.995241140317706
15,83,26.084921655136522
15,84,25.90326585370075
15,85,23.05070497469075
15,86,22.701685440634616
15,87,23.996188950633503
16,1,28.314932263779195
16,2,26.864695923820392
16,3,23.256680793748554
16,4,22.320618508885175
16,5,18.620792294666018
16,6,15.505286714124463
16,7,13.833273826718866
16,8,10.448364905123332
16,9,9.528287867659174
16,10,5.996717295771837
16,11,5.677293845070684
16,12,5.478538039516966
16,13,5.767775893334092
16,14,7.063613949642766
16,15,3.7964801439330476
16,17,3.8015436271223835
16,18,5.9973211043995125
16,19,9.7886239853553
16,20,12.69554475296689
16,21,16.419380790048884
16,22,18.369081213126222
16,23,21.714962644346326
16,24,23.128228396948238
16,25,28.07811298914169
16,26,25.166985484258348
16,27,21.77428608266554
16,28,19.10428720936304
16,29,15.428099136213566
16,30,13.778145684732245
16,31,10.39795329536127
16,32,8.434493574052883
16,33,5.582296488769912
16,34,5.293835607418325
16,35,6.234669129636104
16,36,5.967845134548794
16,37,9.6392021522351
16,38,9.996614262518788
16,39,9.22502679806842
16,40,11.831911410082665
16,41,11.79666826565933
16,42,14.63268232822387
16,43,15.263723193153915
16,44,14.9549044122175
16,45,11.669471235871665
16,46,12.167969399104049
16,47,12.013838313945206
16,48,12.110512046633177
16,49,11.627279739674236
16,50,10.059233858811764
16,51,10.696773270510741
16,52,11.511912475067062
16,53,10.594847625100503
16,54,12.48287764664509
16,55,12.728636405786656
16,56,15.172249668453667
16,57,18.118645859010464
16,58,19.756138365173175
16,59,23.469742208128228
16,60,25.2089652608974
16,61,28.83802158173315
16,62,30.8529530335411
16,63,36.68062414431621
16,64,36.45253312678294
16,65,32.781720542728266
16,66,33.8659099435487
16,67,35.96364212162752
16,68,33.85563314722687
16,69,31.15107842438374
16,70,33.84917528578145
16,71,35.33447891839687
16,72,32.22925132983914
16,73,30.137136139325982
16,74,26.174238442817174
16,75,25.23836003140823
16,76,24.728575133084906
16,77,25.847333915576083
16,78,25.284490802575494
16,79,26.998223517487887
16,80,26.83621662415796
16,81,27.01866909078513
16,82,26.163123969251995
16,83,23.410362421315536
16,84,23.528676570097616
16,85,20.869404872945378
16,86,20.86606396073433
16,87,21.981209034902477
17,1,28.249587145877673
17,2,26.668713864803447
17,3,23.205965919420986
17,4,22.26624778538766
17,5,18.717866354220167
17,6,15.203921860514924
17,7,13.411154007308241
17,8,9.697445196486985
17,9,8.307714697782957
17,10,5.317562123711402
17,11,5.325559983846447
17,12,5.852335960066753
17,13,5.441640299710603
17,14,10.553330337315233
17,15,6.926717147690318
17,16,3.8015436271223835
17,18,3.8075375382837806
17,19,7.075835409446537
17,20,10.530634355179489
17,21,13.989510025068375
17,22,15.872166861292056
17,23,18.989837927833314
17,24,20.215064644533644
17,25,25.3139342882296
17,26,22.210011464704188
17,27,18.90319451399089
17,28,15.925799485175638
17,29,12.2104685427591
17,30,10.652629457022963
17,31,7.089211261736926
17,32,6.041667434229934
17,33,4.659661366751445
17,34,6.49460939849929
17,35,9.004751856686065
17,36,9.439776594877383
17,37,12.921504453506188
17,38,12.446519346227465
17,39,11.37620364558767
17,40,14.00350624040152
17,41,13.69694131532799
17,42,15.817021527338186
17,43,16.42095939521705
17,44,16.43911768909281
17,45,13.383597280021869
17,46,13.219924109687048
17,47,13.230087247131753
17,48,12.273621154273055
17,49,11.174883134377177
17,50,9.264867617889912
17,51,10.729223741174472
17,52,11.569995142190503
17,53,11.43294735842454
17,54,13.284447135386284
17,55,13.816945526452477
17,56,16.87604827259417
17,57,19.32631206210882
17,58,20.665423249081467
17,59,24.20807636178601
17,60,25.757714902652943
17,61,29.290364803726124
17,62,31.12844318058722
17,63,35.86452017880466
17,64,36.02820644621319
17,65,32.335315750310414
17,66,33.104355192731575
17,67,35.462830835087246
17,68,33.70892064052312
17,69,30.81792752917304
17,70,33.343727137766905
17,71,35.205277959070536
17,72,32.355384468410584
17,73,29.976644393585612
17,74,25.40214586290272
17,75,23.95843667756928
17,76,23.128551738996276
17,77,24.392461968088103
17,78,23.77730237988229
17,79,25.664031785881747
17,80,25.61734738599116
17,81,26.456263737868422
17,82,25.3629068095592
17,83,22.59094266791387
17,84,22.63090210712182
17,85,19.891280624065605
17,86,19.71227184230364
17,87,20.21449103704523
18,1,24.672782034965078
18,2,23.01567214064612
18,3,19.62044343707441
18,4,18.760366315496384
18,5,15.286396862191365
18,6,11.681579470624417
18,7,9.80846102071472
18,8,6.106097083382335
18,9,5.335374806374324
18,10,3.907766406130476
18,11,6.42967337411015
18,12,8.693572064663899
18,13,9.172942051469208
18,14,12.856388319290181
18,15,9.390947034905714
18,16,5.9973211043995125
18,17,3.8075375382837806
18,19,3.8014321760003833
18,20,6.885848957725317
18,21,10.508243127393158
18,22,12.669016799642838
18,23,16.06016336018012
18,24,17.79519787377804
18,25,22.221365489376776
18,26,19.236750401526518
18,27,15.793459394974477
18,28,13.21027574033611
18,29,9.575101734861992
18,30,8.299863274885816
18,31,5.604590344850842
18,32,5.444635803873403
18,33,5.867799398277734
18,34,6.644681805908698
18,35,9.792306510686124
18,36,9.996438402261616
18,37,13.027917829923265
18,38,11.58786188854314
18,39,9.865047942616775
18,40,12.285288849621088
18,41,12.072877760947117
18,42,13.537212560860683
18,43,14.669855271893598
18,44,15.520396564909214
18,45,13.140288964267079
18,46,13.533813091417093
18,47,14.564403532620362
18,48,13.836619612243263
18,49,11.759281753170558
18,50,8.782612068909884
18,51,9.328181786993033
18,52,9.08578002706531
18,53,8.891257374573863
18,54,10.369677267796733
18,55,11.222954870126326
18,56,14.676977683522425
18,57,16.7474063059119
18,58,17.67365346738151
18,59,21.045163634475692
18,60,22.419327655693454
18,61,25.876199055233837
18,62,27.64517207772841
18,63,32.07362516229222
18,64,32.29740996318962
18,65,28.612196564548615
18,66,29.361872347251893
18,67,31.798045353837043
18,68,30.120998416359996
18,69,27.24439311376325
18,70,29.811925302967527
18,71,31.766442575562266
18,72,29.038693052162678
18,73,26.673491317925876
18,74,22.084781446934315
18,75,20.53728353856403
18,76,19.531083547756765
18,77,20.639253716379216
18,78,19.989435820928357
18,79,21.912004982488845
18,80,22.00669315529109
18,81,22.814457216903754
18,82,21.598740328681185
18,83,18.811314078691385
18,84,18.916778484885253
18,85,16.313968569902205
18,86,16.447998018613006
18,87,17.065396372307468
19,1,23.184752127595605
19,2,21.41656198556806
19,3,18.314069073850845
19,4,17.56084126759457
19,5,14.466862441468123
19,6,10.734961744854205
19,7,8.886382036883449
19,8,5.694141482418815
19,9,5.241988282560148
19,10,6.29840559134881
19,11,9.09042160827933
19,12,11.769706730898138
19,13,12.223341230443205
19,14,16.633333090813824
19,15,13.126316025463703
19,16,9.7886239853553
19,17,7.075835409446537
19,18,3.8014321760003833
19,20,3.793818897097697
19,21,6.974226670971034
19,22,9.365786972684553
19,23,12.697785115366743
19,24,14.682705747207608
19,25,18.61157651801288
19,26,15.517992445166247
19,27,12.035808131483062
19,28,9.475553480855663
19,29,5.89121315239784
19,30,5.335671337383448
19,31,4.276830413406714
19,32,6.319356661441321
19,33,8.563148651704715
19,34,9.679017100179879
19,35,13.128945069363208
19,36,13.474030054915344
19,37,16.176651646934122
19,38,14.141441425789308
19,39,12.18742440041794
19,40,14.236746532208244
19,41,13.904579343415286
19,42,14.416497222917423
19,43,15.702771734425255
19,44,17.115276127423545
19,45,15.3382302264679
19,46,15.565326506497682
19,47,17.031770983076978
19,48,15.895545801227158
19,49,13.199451431354484
19,50,9.880317059788068
19,51,10.39366181699822
19,52,9.562123372784395
19,53,10.01651099310488
19,54,11.009614761858055
19,55,12.177439529379743
19,56,15.923235945888479
19,57,17.297016740309978
19,58,17.680071499248474
19,59,20.644850168293786
19,60,21.68984835478383
19,61,24.914167305393114
19,62,26.443127665059464
19,63,29.685646208018284
19,64,30.28520336928561
19,65,26.639427596866504
19,66,27.097351057600424
19,67,29.787683825086688
19,68,28.483167966035314
19,69,25.513815026213493
19,70,27.926549978704703
19,71,30.229869615760393
19,72,27.838290277306367
19,73,25.298987049323433
19,74,20.2840253915374
19,75,18.216339516195163
19,76,16.753008991935598
19,77,17.844520104899722
19,78,17.104807632708948
19,79,19.1848301917425
19,80,19.485772083118352
19,81,20.877813242830804
19,82,19.393558589717276
19,83,16.665788288017428
19,84,16.76152138953236
19,85,14.300852827472667
19,86,14.524826307011114
19,87,14.579376894726165
20,1,20.128969064114457
20,2,18.106580778674388
20,3,15.14536140396869
20,4,14.321394340542252
20,5,11.601904945679287
20,6,7.965184775535305
20,7,6.694131440063861
20,8,5.072331654442433
20,9,6.526458258046873
20,10,8.920920583439267
20,11,12.283883767912576
20,12,15.2482644540425
20,13,15.852165904624506
20,14,19.14042909257449
20,15,15.823715060455944
20,16,12.69554475296689
20,17,10.530634355179489
20,18,6.885848957725317
20,19,3.793818897097697
20,21,3.796165684724074
20,22,6.463194942646679
20,23,10.154125872667596
20,24,12.81724046704054
20,25,15.794110322844741
20,26,13.071410787437902
20,27,9.55979056921732
20,28,8.035237517430186
20,29,5.5326309392122095
20,30,5.464544933821657
20,31,6.670224262300473
20,32,8.484672347107397
20,33,11.09997213206674
20,34,11.450564066500844
20,35,14.827941687231826
20,36,15.188383811221739
20,37,17.245015129053115
