1,2,3.7334771427353566
1,3,6.3206552061783094
1,4,8.829624421090166
1,5,11.376123142790629
1,6,12.942246212934679
1,7,13.96070934294619
1,8,15.907401352062164
1,9,18.973305787635475
1,10,19.22061613295074
1,11,22.824910143246097
1,12,23.770703662430698
1,13,25.987753611436048
1,14,24.958591040672854
1,15,26.42579970439838
1,16,24.429862322204386
1,17,20.933510803061402
1,18,21.418188187015392
1,19,22.83348853934605
1,20,15.561749553079864
1,21,17.040529385102218
1,22,19.86355548131477
1,23,19.66169729925935
1,24,21.71912930009653
1,25,22.56138256976091
1,26,22.580346135964884
1,27,21.703674544833394
1,28,18.301520466818605
1,29,17.949499006037055
1,30,18.77438581845417
1,31,16.454301495214786
1,32,13.415427226817293
1,33,14.768866998911232
1,34,14.958157366223038
1,35,11.40353246379039
1,36,10.654856548977289
1,37,13.535873139529764
1,38,12.898209216666835
1,39,9.63619779015344
1,40,11.647498591651892
1,41,14.571628482191379
1,42,13.428472693152639
1,43,11.890546378144986
1,44,15.258015250356284
1,45,17.091848198620728
1,46,16.52050940704485
1,47,16.634875458378875
1,48,20.05581531834007
1,49,21.561704801269546
1,50,20.729278619807435
1,51,22.34114317966203
1,52,25.33188663346168
1,53,25.992490322080343
1,54,26.187716470863972
1,55,23.161472782028007
1,56,20.677601704001695
1,57,19.11801548147944
1,58,20.27613470048186
1,59,18.89741211171764
1,60,22.400651077699784
1,61,24.964794446514464
1,62,28.505011877349055
1,63,30.30703507599345
1,64,33.99638803429469
1,65,34.35038281611778
1,66,36.389547604782784
1,67,35.399222484247574
1,68,37.56198669464372
1,69,38.65952282197046
1,70,38.76628331270202
1,71,34.96244898113905
1,72,35.23908200551222
1,73,38.29165406078802
1,74,36.685690984573746
1,75,37.131928274518806
1,76,34.68553802548398
1,77,35.2780499250897
1,78,34.65497265303155
1,79,31.227218539259948
1,80,29.43165941911155
1,81,31.164164852308012
1,82,31.152429153268702
1,83,28.80020518902833
1,84,25.078274081130655
1,85,22.657961167551797
1,86,22.296715548806656
1,87,26.077780559030515
1,88,26.901763450090602
1,89,25.04736899894722
1,90,27.3491104189137
1,91,30.39594530765388
1,92,29.592638815550618
1,93,27.821778140833576
1,94,31.12101590223422
1,95,31.369731071042597
1,96,27.733475485726952
1,97,28.746876135175693
1,98,31.944227047154207
1,99,30.266490721215806
1,100,27.6572986425055
1,101,30.710311105476794
1,102,32.48133954125575
1,103,29.6949480933213
1,104,29.509942876906276
1,105,33.22879730812008
1,106,33.5405148189878
1,107,31.39702066663579
1,108,33.543396981450435
1,109,36.79449510324531
1,110,35.54876168623739
1,111,35.02975728176654
1,112,38.64411490659056
1,113,40.03787592486473
1,114,38.37847616569929
1,115,39.84373970447013
1,116,43.203502232516186
1,117,42.721369388352706
1,118,41.752879460552
1,119,44.75890393324598
1,120,47.10174604559184
2,1,3.7334771427353566
2,3,3.7707481048940577
2,4,7.15574931184331
2,5,9.046707320797866
2,6,10.062016580359188
2,7,11.843055556987187
2,8,13.856762257593543
2,9,16.600448527092933
2,10,17.151703059579877
2,11,20.82229091996539
2,12,21.31302808361441
2,13,23.238000989289446
2,14,21.947098118287393
2,15,23.19839307245217
2,16,21.356222344768852
2,17,17.886374754376327
2,18,18.026209598980795
2,19,19.40001844839614
2,20,18.81041254397655
2,21,20.085591272772426
2,22,22.96149809027369
2,23,22.763965870586507
2,24,25.018729848582257
2,25,25.74721031992307
2,26,25.97882887216086
2,27,25.011754667483714
2,28,21.743752139088635
2,29,21.30201988636858
2,30,21.78778660990808
2,31,19.477000298037915
2,32,16.616740762703085
2,33,17.563930950093468
2,34,17.268199676963942
2,35,13.808364272748461
2,36,12.90413164302105
2,37,15.097631938876066
2,38,14.101980290680919
2,39,10.472753643972997
2,40,11.883006894325055
2,41,14.607037115144838
2,42,12.918794208444416
2,43,10.698559322562035
2,44,13.993543762974847
2,45,15.821224275588564
2,46,14.503155121139017
2,47,14.412177222989373
2,48,18.079359086936464
2,49,19.243596837465713
2,50,17.964645809663278
2,51,19.799722483227082
2,52,22.90673870967907
2,53,23.19503698223704
2,54,23.2325151828168
2,55,20.00669940350815
2,56,17.71717019693592
2,57,15.934127705924578
2,58,16.79556658703155
2,59,15.261213526661233
2,60,18.7737898310893
2,61,21.44220886135229
2,62,24.989413223171244
2,63,26.965220886573068
2,64,30.701579764634456
2,65,31.21033405983775
2,66,33.184318527168976
2,67,32.276694416800346
2,68,34.629953223268735
2,69,35.75128401467106
2,70,36.1094550124524
2,71,32.33191926813532
2,72,32.522272714905114
2,73,35.48791221750045
2,74,33.823134676183805
2,75,34.06308556139548
2,76,31.46452470574343
2,77,32.161581625521436
2,78,31.758363237106785
2,79,28.268375710208268
2,80,26.30431273839289
2,81,28.18290457472882
2,82,28.451937062902218
2,83,26.217753183004874
2,84,22.584845432498593
2,85,20.06380418068335
2,86,20.221025594646814
2,87,24.018802017005395
2,88,24.466878634997908
2,89,22.817468245440494
2,90,25.4728059183832
2,91,28.242091030230092
2,92,27.270049410833195
2,93,25.838264759635
2,94,29.19391324259168
2,95,29.12230024935569
2,96,25.463188654799005
2,97,26.712073840375698
2,98,29.676969852574285
2,99,27.682437960719255
2,100,25.19302550475251
2,101,28.34934937957715
2,102,29.806247590289253
2,103,26.85285248714261
2,104,26.943462840345997
2,105,30.615933241241002
2,106,30.62961604189238
2,107,28.52195956155257
2,108,30.91010334212003
2,109,34.003031649055345
2,110,32.56946669635371
2,111,32.24920653585241
2,112,35.934656113246476
2,113,37.09884653980604
2,114,35.43611099150364
2,115,37.1208835868094
2,116,40.376060190357585
2,117,39.7165240558042
2,118,38.85460714604069
2,119,41.984743874685165
2,120,44.18334672747658
3,1,6.3206552061783094
3,2,3.7707481048940577
3,4,3.77939666413743
3,5,5.308611436235872
3,6,6.7970365082454585
3,7,8.419099764507335
3,8,10.117892108191839
3,9,12.99815645785665
3,10,13.78740995036256
3,11,17.348023575156155
3,12,17.810642328774886
3,13,19.977905075697194
3,14,19.05494393616275
3,15,20.295145756935153
3,16,18.148956161309254
3,17,14.733382978151273
3,18,15.408008855717636
3,19,16.69009037542301
3,20,21.70969082748053
3,21,23.3063533149598
3,22,26.171713331320863
3,23,25.875361546095565
3,24,27.841676545006514
3,25,28.38509370268165
3,26,28.265985932473445
3,27,26.923611662753217
3,28,23.66417922859341
3,29,23.73686718805644
3,30,24.1697233801454
3,31,21.453871404648698
3,32,18.93522232125711
3,33,20.308980398386275
3,34,19.698366865918334
3,35,16.060317672161258
3,36,15.851891257341945
3,37,17.955713102183303
3,38,16.34645646766888
3,39,12.978235131518765
3,40,14.80252531511599
3,41,16.989882641963572
3,42,14.616440862544744
3,43,12.756093818322409
3,44,16.19720962560677
3,45,17.399309533540237
3,46,15.517125337115342
3,47,15.94964398295686
3,48,19.70076899120104
3,49,20.182610012380966
3,50,18.771368561121335
3,51,21.154819390796654
3,52,24.098048169167257
3,53,23.820842601914787
3,54,24.02261152356682
3,55,20.55895641287276
3,56,18.860523849241268
3,57,16.95441275097675
3,58,16.985678684623853
3,59,14.689190980181797
3,60,17.839630282129622
3,61,20.940749585472712
3,62,24.264412272889096
3,63,26.501476628533464
3,64,30.25051165565561
3,65,30.62333596350748
3,66,32.203794919156664
3,67,30.974262331985386
3,68,33.364490118905955
3,69,34.12448094691174
3,70,34.58346942206552
3,71,30.813113882497657
3,72,30.604590497117595
3,73,33.36365796453084
3,74,31.41525300024578
3,75,31.556410184290385
3,76,28.963816234943643
3,77,29.331640661925725
3,78,28.92066959087365
3,79,25.584609134062053
3,80,23.517617343119188
3,81,25.085155207672177
3,82,25.298701824207168
3,83,23.248249825813918
3,84,19.570021633830287
3,85,17.42406491421184
3,86,17.626317851920213
3,87,21.435199257815988
3,88,22.101917656821325
3,89,20.885589759538338
3,90,23.51540276596876
3,91,26.218226637711844
3,92,25.62477259831261
3,93,24.51648561005247
3,94,28.082422070493664
3,95,28.154325570744863
3,96,24.671394324618465
3,97,26.41313229596129
3,98,29.255606027235668
3,99,27.141244304362132
3,100,25.089516709428622
3,101,28.514096652489343
3,102,29.73060599813293
3,103,26.85239562297444
3,104,27.446843306230775
3,105,31.113171578742502
3,106,30.85601319891239
3,107,29.098378014872186
3,108,31.786451455116453
3,109,34.65673770472682
3,110,33.16341463162488
3,111,33.26807314196309
3,112,36.985618329485334
3,113,37.863885789197866
3,114,36.37153296965955
3,115,38.37498695538189
3,116,41.43493417922974
3,117,40.58961217376599
3,118,39.985390820799466
3,119,43.257172134574425
3,120,45.26401187251978
4,1,8.829624421090166
4,2,7.15574931184331
4,3,3.77939666413743
4,5,3.8178565246327136
4,6,5.300697418752825
4,7,5.261301178586418
4,8,7.243714596427294
4,9,10.240308992034947
4,10,10.553532277383987
4,11,14.066123133716568
4,12,15.035630810433059
4,13,17.52220568700579
4,14,17.062999367662382
4,15,18.720411589340568
4,16,16.430685734867644
4,17,12.96504074959168
4,18,14.434264921866985
4,19,16.030304224542647
4,20,24.01050353308959
4,21,25.708717750633983
4,22,28.343667828880495
4,23,27.712761709683555
4,24,29.27994089851533
4,25,29.45701479151985
4,26,29.00947564321063
4,27,27.210850736042058
4,28,24.11735795896841
4,29,24.717120236107178
4,30,24.925317230281266
4,31,21.827572572587258
4,32,19.831552543845703
4,33,21.556703431689556
4,34,20.525090247955468
4,35,16.83691900929975
4,36,17.440788346737943
4,37,19.381508508165524
4,38,17.147198884500906
4,39,14.282782786023033
4,40,16.661304699803186
4,41,18.216435638761297
4,42,15.333716543692685
4,43,14.241309641437203
4,44,17.838584901507037
4,45,18.28106065353941
4,46,16.29799708698475
4,47,17.50605088178424
4,48,21.115424580684405
4,49,21.05274451332966
4,50,19.971403023775625
4,51,22.79841400271793
4,52,25.369344418658685
4,53,24.787248706510688
4,54,25.437430427537745
4,55,21.985532863695532
4,56,20.825399901058404
4,57,19.24588189464682
4,58,18.672556435331543
4,59,15.84868775341124
4,60,18.456709964999547
4,61,21.712020274352074
4,62,24.699121695663692
4,63,26.878450395740497
4,64,30.527564815142473
4,65,30.512938639242012
4,66,31.74544716379789
4,67,30.098311075625343
4,68,32.278269013280386
4,69,32.67364930089167
4,70,32.964746686142746
4,71,29.201464349610088
4,72,28.731199842943585
4,73,31.39724632827721
4,74,29.323849287382945
4,75,29.658462673399733
4,76,27.318827850059176
4,77,27.392053592521393
4,78,26.657648198261874
4,79,23.49914515197955
4,80,21.674445866665252
4,81,22.937790666728795
4,82,22.725806819013613
4,83,20.59858865818443
4,84,16.832518697329622
4,85,15.027912411481609
4,86,14.762600993768373
4,87,18.539330623234996
4,88,19.678635550887776
4,89,18.650328890061157
4,90,20.963386322534387
4,91,23.793941111450103
4,92,23.669121217651117
4,93,22.608796084950946
4,94,26.303014352486365
4,95,26.757433688428073
4,96,23.508907897162462
4,97,25.559155753831373
4,98,28.427974221489496
4,99,26.489487033983494
4,100,24.824256069445447
4,101,28.42180529882195
4,102,29.65792364819645
4,103,27.076115683929604
4,104,27.965498903808367
4,105,31.65096926915856
4,106,31.40927895434497
4,107,30.072359278108024
4,108,32.84615319560631
4,109,35.60371699744017
4,110,34.30685737271621
4,111,34.74866513188367
4,112,38.40617101040208
4,113,39.202293139614376
4,114,38.01729968037011
4,115,40.183756313083514
4,116,43.08545911776322
4,117,42.27546386947974
4,118,41.97501697526514
4,119,45.25790927909024
4,120,47.227194731699896
5,1,11.376123142790629
5,2,9.046707320797866
5,3,5.308611436235872
5,4,3.8178565246327136
5,6,3.7344077925933337
5,7,4.950334538711631
5,8,5.114912904550498
5,9,8.167933017001433
5,10,9.811736934166548
5,11,12.956146403851859
5,12,13.084998730536352
5,13,15.608731710762399
5,14,15.349920239009057
5,15,16.35994709682894
5,16,13.680528810051609
5,17,10.573358687859443
5,18,12.174384816670416
5,19,13.062540784186284
5,20,26.428133932147592
5,21,28.303681762900535
5,22,31.188233570175512
5,23,30.852613007782434
5,24,32.580463741569694
5,25,32.965954973922344
5,26,32.527077995266836
5,27,30.839929129238808
5,28,27.64361249986956
5,29,28.188134009549046
5,30,28.561778349306824
5,31,25.52597237917749
5,32,23.36871097785682
5,33,25.049373132867096
5,34,24.155909828283576
5,35,20.47350393604612
5,36,20.772985402290303
5,37,22.709992571298923
5,38,20.62243547174206
5,39,17.5442647140922
5,40,19.50200374171354
5,41,21.17905800915923
5,42,18.256205894521067
5,43,16.68664110677306
5,44,20.00872575525454
5,45,20.59560521810571
5,46,18.097086337424518
5,47,18.932873518145318
5,48,22.62108928473094
5,49,22.279982158237043
5,50,20.642631154999716
5,51,23.543910109186587
5,52,26.243091293706
5,53,25.21663060193768
5,54,25.515174645477966
5,55,21.860596642252457
5,56,20.97118044616016
5,57,18.93221424928932
5,58,17.91972401641452
5,59,14.80939564597385
5,60,17.17872312049238
5,61,20.740910226157208
5,62,23.609962449586305
5,63,26.21107513794207
5,64,29.88297482898039
5,65,30.14649361545568
5,66,31.12402939462335
5,67,29.5100333053589
5,68,31.98362843654676
5,69,32.21431628786273
5,70,32.9156061011571
5,71,29.249164669150442
5,72,28.410093170956433
5,73,30.754775931603096
5,74,28.358406617283666
5,75,28.231694406685182
5,76,25.609659397609477
5,77,25.442395171741897
5,78,25.146873568386408
5,79,22.122044941211772
5,80,19.81258922921276
5,81,20.820786800305687
5,82,21.084341966983253
5,83,19.498100969444923
5,84,15.88661767809748
5,85,14.544980753761315
5,86,15.05393935987204
5,87,18.689027541012376
5,88,19.559465603861764
5,89,19.204687515516376
5,90,21.79739336313842
5,91,24.196664582331213
5,92,24.146590156530326
5,93,23.680017755206737
5,94,27.432797512386514
5,95,27.593284120908496
5,96,24.471646426827643
5,97,26.872982737636093
5,98,29.384790202795443
5,99,27.06707701383302
5,100,25.698603472599835
5,101,29.369359071292813
5,102,30.135592406567163
5,103,27.374848923116406
5,104,28.661965619927887
5,105,32.19590125843217
5,106,31.499960266639004
5,107,30.215651350860934
5,108,33.274055315173335
5,109,35.76056504581495
5,110,34.14189710796454
5,111,34.805839570236934
5,112,38.51758160357891
5,113,38.95455807148906
5,114,37.665443462005
5,115,40.080993313630906
5,116,42.83650337215334
5,117,41.7025446029734
5,118,41.42511102206254
5,119,44.86740109404725
5,120,46.56203060634813
6,1,12.942246212934679
6,2,10.062016580359188
6,3,6.7970365082454585
6,4,5.300697418752825
6,5,3.7344077925933337
6,7,3.724945735702409
6,8,5.474015193755453
6,9,6.92061582128148
6,10,8.087572172718666
6,11,11.53309307740159
6,12,11.378307064543328
6,13,13.234689707179607
6,14,12.3276890509069
6,15,13.639247156617406
6,16,11.570131035428155
6,17,8.006022106081979
6,18,9.14673254623449
6,19,10.857447742997008
6,20,28.456062310810363
6,21,29.938835808701548
6,22,32.64745957808319
6,23,32.04158010791198
6,24,33.85942681780655
6,25,33.971676633751756
6,26,33.802294363565075
6,27,32.00579714333467
6,28,29.038332135196775
6,29,29.41897059498191
6,30,29.34083132293023
6,31,26.373328513790252
6,32,24.431313699617544
6,33,25.707141574118157
6,34,24.348590383859747
6,35,20.87293247859371
6,36,21.16375090158855
6,37,22.51204766783863
6,38,20.143548794057377
6,39,17.176136795874072
6,40,18.81926694189149
6,41,19.999224920740808
6,42,16.775830659725205
6,43,15.2358019998558
6,44,18.27300765999282
6,45,18.45373864759235
6,46,15.578048294415678
6,47,16.639309634252303
6,48,20.170143141444278
6,49,19.369504717431877
6,50,17.747049817733892
6,51,20.91446038057838
6,52,23.359364295884287
6,53,22.055141446701363
6,54,22.572719103564566
6,55,18.969090972489308
6,56,18.537663458554228
6,57,16.870257834869847
6,58,15.378877591233183
6,59,12.009674754380608
6,60,14.031537761665728
6,61,17.543924649948003
6,62,20.257941380162134
6,63,22.738723290057912
6,64,26.3603855423159
6,65,26.49278008105456
6,66,27.43626411643088
6,67,25.80072070073675
6,68,28.265621729994198
6,69,28.569554949432767
6,70,29.29821291276506
6,71,25.63061523235521
6,72,24.88526333630598
6,73,27.318678207750516
6,74,25.069329997400565
6,75,25.02456744277865
6,76,22.428762830221675
6,77,22.59314987302511
6,78,22.228560234106343
6,79,18.98724969170184
6,80,16.817320449044125
6,81,18.289867893975575
6,82,18.583630579492535
6,83,16.72801745595084
6,84,13.162197991379387
6,85,11.328566711052023
6,86,12.282151510767306
6,87,15.916330487419355
6,88,16.332207197756407
6,89,15.928830523187306
6,90,18.806472520882714
6,91,21.00280286204511
6,92,20.704112408322903
6,93,20.395934167637915
6,94,24.11218886160034
6,95,24.068038791845368
6,96,20.966963920982995
6,97,23.48517448676058
6,98,25.84317389053138
6,99,23.432120998522418
6,100,22.203734580117644
6,101,25.91065479138475
6,102,26.553177362811038
6,103,23.85516867462403
6,104,25.321959667627915
6,105,28.805391032574583
6,106,28.05349586120366
6,107,26.97368779052663
6,108,30.09532541226027
6,109,32.47604255122149
6,110,30.955644832646584
6,111,31.82665478249706
6,112,35.48320479717301
6,113,35.86283299234311
6,114,34.78985673645376
6,115,37.302990240262886
6,116,39.934618694867105
6,117,38.863903312049715
6,118,38.82383409264688
6,119,42.238751708938786
6,120,43.93803631453437
7,1,13.96070934294619
7,2,11.843055556987187
7,3,8.419099764507335
7,4,5.261301178586418
7,5,4.950334538711631
7,6,3.724945735702409
7,8,3.7901964199537272
7,9,5.453514421597537
7,10,5.3754577636935315
7,11,8.981911843148747
7,12,9.941757752708046
7,13,12.409486445938715
7,14,12.267390365066381
7,15,14.261265352736395
7,16,12.057300968069963
7,17,8.607622873129108
7,18,10.853299776643105
7,19,12.846908398216904
7,20,29.21076242419638
7,21,30.80803305158535
7,22,33.306705770025616
7,23,32.42998808157159
7,24,33.86094339646964
7,25,33.69324299427952
7,26,33.20045107713805
7,27,31.056763455938764
7,28,28.23983744807864
7,29,29.071309718793756
7,30,28.881739763012746
7,31,25.631874803153856
7,32,24.11331839023097
7,33,25.73958000173385
7,34,24.16444977739324
7,35,20.67129619812421
7,36,21.6223123685836
7,37,23.00028790070572
7,38,20.246467069627922
7,39,17.75357670659296
7,40,19.981851388787423
7,41,20.78882097930324
7,42,17.360320637210165
7,43,16.603074168573542
7,44,19.87351614619007
7,45,19.523523654704572
7,46,16.96115890132592
7,47,18.692110723268243
7,48,22.042751321403557
7,49,21.05378224339812
7,50,19.982679551447262
7,51,23.328245623752125
7,52,25.440561614080412
7,53,24.159767898658867
7,54,25.13798157688628
7,55,21.697254327083105
7,56,21.453673050824168
7,57,20.15417781238706
7,58,18.59585087486846
7,59,15.162780432077064
7,60,16.78933602552188
7,61,20.18371050449747
7,62,22.586768358626088
7,63,24.815663194920777
7,64,28.27619914478514
7,65,27.95358562436504
7,66,28.638913631443174
7,67,26.583330458430478
7,68,28.688149795121156
7,69,28.63816713499905
7,70,29.023696705714798
7,71,25.3591491411337
7,72,24.432306185555774
7,73,26.83510298800339
7,74,24.53094275997589
7,75,24.854643171165215
7,76,22.67275380253488
7,77,22.488198586779127
7,78,21.598309783666135
7,79,18.60560112668204
7,80,16.907290536490386
7,81,17.946425009954982
7,82,17.51752135359146
7,83,15.440476417261566
7,84,11.679854653801202
7,85,10.32539756848583
7,86,10.255281099825826
7,87,13.90129013327043
7,88,15.132244068213762
7,89,14.775057206485009
7,90,17.081151480916972
7,91,19.6018337378333
7,92,19.897612779062808
7,93,19.415261394020284
7,94,23.22189949847666
7,95,23.746799782716582
7,96,20.89643152581048
7,97,23.540238586596782
7,98,26.058672302037753
7,99,24.02938716562553
7,100,23.065803855493296
7,101,26.838979751207642
7,102,27.704408836027348
7,103,25.391318900477632
7,104,26.902520056700627
7,105,30.425979846340415
7,106,29.893868121673965
7,107,29.136616209115957
7,108,32.16045573151003
7,109,34.55107826594049
7,110,33.32512242447957
7,111,34.334328426774626
7,112,37.897512532363244
7,113,38.361057322230984
7,114,37.54645869183456
7,115,40.05074119327015
7,116,42.620710540509066
7,117,41.69905435366918
7,118,41.84264133831074
7,119,45.18946422317138
7,120,46.95415021552725
8,1,15.907401352062164
8,2,13.856762257593543
8,3,10.117892108191839
8,4,7.243714596427294
8,5,5.114912904550498
8,6,5.474015193755453
8,7,3.7901964199537272
8,9,3.716861175501175
8,10,5.744710765528573
8,11,8.17778227325997
8,12,8.559715558633782
8,13,11.675006882830491
8,14,12.426896170923717
8,15,13.716113450442737
8,16,10.720792642066716
8,17,8.069416672244117
8,18,11.046566672404072
8,19,12.017395271978303
8,20,30.80987389851471
8,21,32.754579549232425
8,22,35.46275690736627
8,23,34.856812152181156
8,24,36.25830941736637
8,25,36.30619928652025
8,26,35.59243176847287
8,27,33.490093442233174
8,28,30.51333240748332
8,29,31.51182948768099
8,30,31.647063960325
8,31,28.328325215720376
8,32,26.6789446934669
8,33,28.574160594043615
8,34,27.284230761737284
8,35,23.666443256329853
8,36,24.558409955753955
8,37,26.249729160839042
8,38,23.66094170544671
8,39,21.036584574525715
8,40,23.261574536754583
8,41,24.339987650963838
8,42,21.0083236567303
8,43,20.025030674183018
8,44,23.283626726502064
8,45,23.148726902004906
8,46,20.456994484405147
8,47,21.905305569992812
8,48,25.343995642160863
8,49,24.317356208653553
8,50,22.908618176764833
8,51,26.22019846696838
8,52,28.466421957327196
8,53,26.94851840471018
8,54,27.63975090153148
8,55,24.06267792288303
8,56,23.90196812118918
8,57,22.183069555922067
8,58,20.435357018538035
8,59,16.867019649171485
8,60,18.279501317888702
8,61,21.913424824286505
8,62,24.161770022082152
8,63,26.749431197397783
8,64,30.184938715176333
8,65,30.05219241001857
8,66,30.428655785966562
8,67,28.30641970510832
8,68,30.57557835554926
8,69,30.219962856073614
8,70,30.891336191974634
8,71,27.37231119376297
8,72,25.988101521896684
8,73,27.97259323364872
8,74,25.26593533670838
8,75,25.178377599507336
8,76,22.846999253269942
8,77,22.10898673153748
8,78,21.55466602931479
8,79,18.9544448325342
8,80,16.83149226745614
8,81,17.16149533052135
8,82,16.99659724726713
8,83,15.672933379661234
8,84,12.159953405860255
8,85,11.876320539717103
8,86,12.18721689919216
8,87,15.413751776878895
8,88,16.77180410926424
8,89,17.174173711971964
8,90,19.36574130326319
8,91,21.557862303900773
8,92,22.21071402412907
8,93,22.189913403269834
8,94,25.999554575734862
8,95,26.485943786432152
8,96,23.85609172530498
8,97,26.738276744240665
8,98,29.01623036043386
8,99,26.806313622788164
8,100,26.116449027106864
8,101,29.91363085925252
8,102,30.46680623220257
8,103,28.08008558975272
8,104,29.859577329970875
8,105,33.26377413525056
8,106,32.4138733608011
8,107,31.70305430387638
8,108,34.910200484560434
8,109,37.10374247401545
8,110,35.635627366444034
8,111,36.78788336572212
8,112,40.387426127462504
8,113,40.58050221456599
8,114,39.659724417063444
8,115,42.33475723383785
8,116,44.80533171805014
8,117,43.614556780990824
8,118,43.73572310348783
8,119,47.20892323370667
8,120,48.74434127418203
9,1,18.973305787635475
9,2,16.600448527092933
9,3,12.99815645785665
9,4,10.240308992034947
9,5,8.167933017001433
9,6,6.92061582128148
9,7,5.453514421597537
9,8,3.716861175501175
9,10,3.7736669295133876
9,11,5.413075426598676
9,12,4.952193626637242
9,13,7.961061826001189
9,14,9.011777232705834
9,15,10.435420858009792
9,16,7.607501923315509
9,17,5.255679315254758
9,18,8.826172611628312
9,19,10.046698737102489
9,20,34.169711081714894
9,21,35.94006797874132
9,22,38.56875017057496
9,23,37.809125003013264
9,24,39.23282323847441
9,25,39.08808302182347
9,26,38.483284054452014
9,27,36.25232629053384
9,28,33.443215803379196
9,29,34.41984444985681
9,30,34.269335881327244
9,31,30.953499553285177
9,32,29.499614660485168
9,33,31.190314075016776
9,34,29.58095078290924
9,35,26.11158556303917
9,36,27.05154380374025
9,37,28.35767122987563
9,38,25.552945828869706
9,39,23.074482629864246
9,40,25.086337279430058
9,41,25.76343366552533
9,42,22.223255092817475
9,43,21.338442136405927
9,44,24.292859268564573
9,45,23.765024570734
9,46,20.783640158270074
9,47,22.407787824070166
9,48,25.595013588206285
9,49,24.03959068107935
9,50,22.62828869569939
9,51,26.14368861593116
9,52,28.061751421219384
9,53,26.120248380042216
9,54,26.971575329750547
9,55,23.507330072350545
9,56,23.938837586933484
9,57,22.470781806586533
9,58,20.169987364187758
9,59,16.415628054911725
9,60,17.05197442060678
9,61,20.603131072173806
9,62,22.363184988320143
9,63,24.928236194613408
9,64,28.16008973022271
9,65,27.86226455964432
9,66,27.862900859751317
9,67,25.537490766447345
9,68,27.776199269130338
9,69,27.151260975034482
9,70,27.965527610828406
9,71,24.58629204268378
9,72,22.893586316314362
9,73,24.635309756113642
9,74,21.775926041184064
9,75,21.592508026579523
9,76,19.330246004400003
9,77,18.4500895497584
9,78,17.87695083545345
9,79,15.394872534155152
9,80,13.294460620468854
9,81,13.483746161523447
9,82,13.301197727788404
9,83,12.145560238885908
9,84,8.819164264431942
9,85,9.136493492514848
9,86,10.027678122088076
9,87,12.8109697118187
9,88,13.931333455642735
9,89,14.97425658549152
9,90,17.20514748700826
9,91,18.933075739703863
9,92,19.763277372161536
9,93,20.269984464658716
9,94,24.01227898032168
9,95,24.395012820042453
9,96,22.098570210976042
9,97,25.293793939676107
9,98,27.218124167813542
9,99,24.922245755890586
9,100,24.715750100947773
9,101,28.517978206698118
9,102,28.75588969770318
9,103,26.560734291653464
9,104,28.72149748277966
9,105,31.933537549082097
9,106,30.870623619048057
9,107,30.539236202413097
9,108,33.863990526608575
9,109,35.770900479234115
9,110,34.34992333794682
9,111,35.857173805929534
9,112,39.348597901075706
9,113,39.31155068865442
9,114,38.64239675555296
9,115,41.50946833720318
9,116,43.7341333521371
9,117,42.482371264873315
9,118,42.90016011681097
9,119,46.378990612425206
9,120,47.77104025018273
10,1,19.22061613295074
10,2,17.151703059579877
10,3,13.78740995036256
10,4,10.553532277383987
10,5,9.811736934166548
10,6,8.087572172718666
10,7,5.3754577636935315
10,8,5.744710765528573
10,9,3.7736669295133876
10,11,3.809470904844296
10,12,5.642236425999023
10,13,8.219850160636025
10,14,9.101539200081449
10,15,11.704101298951484
10,16,9.83591270983972
10,17,7.243737592066339
10,18,10.420064063622066
10,19,12.62247020088267
10,20,34.31347600270306
10,21,35.879123597686146
10,22,38.21139197538349
10,23,37.089833939396335
10,24,38.288692703198016
10,25,37.79099680365197
10,26,37.158478342001544
10,27,34.67995310606326
10,28,32.14704802770319
10,29,33.27668275956111
10,30,32.78726116571749
10,31,29.396916642408712
10,32,28.356995323247798
10,33,30.009839113409946
10,34,28.04447859200386
10,35,24.758323498974224
10,36,26.10303102948293
10,37,27.11355389547528
10,38,23.98991101731503
10,39,21.96507203501659
10,40,24.198580073022462
10,41,24.384838715405458
10,42,20.69909461160488
10,43,20.432311458948128
10,44,23.390984931846955
10,45,22.33786486886555
10,46,19.611912355721998
10,47,21.806326632150903
10,48,24.741098417379707
10,49,23.009711042552254
10,50,22.17750516088844
10,51,25.82511930632347
10,52,27.376992198291678
10,53,25.56167909080266
10,54,26.926504220989756
10,55,23.697960004070175
10,56,24.25555946083532
10,57,23.327704384158384
10,58,21.08026421932344
10,59,17.402233723017154
10,60,17.915087452513433
10,61,21.153952449548452
10,62,22.76488294877582
10,63,24.853754076205398
10,64,27.941584406351303
10,65,27.160017514103576
10,66,27.160832156362655
10,67,24.56807675408476
10,68,26.38275656287704
10,69,25.68611289538189
10,70,26.026636070176078
10,71,22.581139262338695
10,72,21.055524366643017
10,73,23.0578324172604
10,74,20.484784256456752
10,75,20.952492117514762
10,76,19.213596929116733
10,77,18.535144512036883
10,78,17.209157525775986
10,79,14.668060616662899
10,80,13.458058464538642
10,81,13.89858095502319
10,82,12.774096135516967
10,83,10.727016260750275
10,84,7.055055846412932
10,85,7.122590181882301
10,86,6.7846877532936825
10,87,9.740259652410957
10,88,11.497927694075148
10,89,12.180444386015582
10,90,13.983241716489102
10,91,16.10100924446462
10,92,17.205954547273063
10,93,17.37276048012121
10,94,21.134562865804742
10,95,21.95489754336823
10,96,19.791938550787027
10,97,22.949813160249462
10,98,25.0611825204153
10,99,23.174663333080332
10,100,23.05897342362862
10,101,26.85358945164713
10,102,27.41002618518784
10,103,25.584130408477257
10,104,27.62887721765481
10,105,30.89858507095758
10,106,30.188881263203747
10,107,30.097204280194095
10,108,33.22497989526441
10,109,35.2300930366777
10,110,34.19703320193739
10,111,35.73325569797761
10,112,39.11001436533118
10,113,39.296725569796436
10,114,38.91244720744961
10,115,41.665901565576036
10,116,43.88541414352768
10,117,42.928059301956516
10,118,43.51970096823206
10,119,46.854814709637424
10,120,48.44077315296224
11,1,22.824910143246097
11,2,20.82229091996539
11,3,17.348023575156155
11,4,14.066123133716568
11,5,12.956146403851859
11,6,11.53309307740159
11,7,8.981911843148747
11,8,8.17778227325997
11,9,5.413075426598676
11,10,3.809470904844296
11,12,3.7907879257054624
11,13,6.666317107884718
11,14,9.00677992919117
11,15,11.39688453393221
11,16,9.577330944404048
11,17,8.403306923897306
11,18,11.903980003389647
11,19,13.606352258674942
11,20,37.753233530403
11,21,39.44036225557387
11,22,41.76572433953006
11,23,40.6225640275461
11,24,41.68162193310447
11,25,41.10671052434035
11,26,40.30391973754402
11,27,37.67997996774065
11,28,35.22658086161814
11,29,36.573867094103726
11,30,36.08037987018335
11,31,32.59735478918267
11,32,31.73020573444742
11,33,33.518409538964384
11,34,31.502466184492615
11,35,28.252726255492025
11,36,29.762645201706505
11,37,30.763018276694424
11,38,27.55150639382531
11,39,25.672790492315535
11,40,27.951415538618377
11,41,28.004793956595645
11,42,24.2787902435147
11,43,24.13861969489342
11,44,27.003293197496124
11,45,25.766130520367163
11,46,22.99752079521314
11,47,25.26052337156801
11,48,28.047942950143955
11,49,26.04224042773923
11,50,25.22144723140674
11,51,28.935648379758007
11,52,30.282750927162255
11,53,28.18816741523086
11,54,29.612260688104016
11,55,26.470391596953345
11,56,27.363477669015392
11,57,26.4495056879842
11,58,23.909650308495973
11,59,20.163534095282333
11,60,20.147003706858833
11,61,23.31357939429746
11,62,24.452012371181233
11,63,26.556015899303393
11,64,29.380493710523446
11,65,28.434686715089015
11,66,27.92900723847389
11,67,25.04511277600254
11,68,26.695931614447645
11,69,25.466096566379328
11,70,25.87382561495184
11,71,22.724280607904067
11,72,20.64572923419942
11,73,22.113072743737295
11,74,19.212928268883456
11,75,19.58732846607949
11,76,18.172707546093353
11,77,16.825360560466013
11,78,15.33630419005961
11,79,13.518202461683181
11,80,12.560097021582301
11,81,12.025986864227681
11,82,10.390752005760392
11,83,8.99889274411855
11,84,6.100314408027203
11,85,8.117500602253763
11,86,7.779423601894869
11,87,9.35869126611922
11,88,11.479748708419361
11,89,13.141725791496402
11,90,14.34803459632742
11,91,15.935864629307062
11,92,17.71911018400659
11,93,18.430208893504968
11,94,22.00422760001291
11,95,22.99208530392621
11,96,21.375227619000604
11,97,24.775749850816204
11,98,26.54819092289671
11,99,24.739734212231774
11,100,25.153369418024738
11,101,28.884846731731077
11,102,29.176868526060517
11,103,27.61203170762221
11,104,29.96576316001686
11,105,33.028326710608695
11,106,32.135510828359635
11,107,32.38811426343236
11,108,35.59046587432804
11,109,37.32165129389932
11,110,36.312714097363184
11,111,38.1393758022416
11,112,41.412541497385256
11,113,41.368007877611085
11,114,41.16226560725735
11,115,44.078128915453085
11,116,46.07873621340031
11,117,45.01392878523634
11,118,45.81515492992
11,119,49.173020694293534
11,120,50.58119579220982
12,1,23.770703662430698
12,2,21.31302808361441
12,3,17.810642328774886
12,4,15.035630810433059
12,5,13.084998730536352
12,6,11.378307064543328
12,7,9.941757752708046
12,8,8.559715558633782
12,9,4.952193626637242
12,10,5.642236425999023
12,11,3.7907879257054624
12,13,3.78925510725501
12,14,6.6013621791915025
12,15,8.073300416062331
12,16,5.9609604942636345
12,17,5.834547223097425
12,18,9.343096300857473
12,19,10.444440375803273
12,20,39.0281411523372
12,21,40.7167741657105
12,22,43.24836068986463
12,23,42.32523996674401
12,24,43.66367722198967
12,25,43.29799803169596
12,26,42.681094534385075
12,27,40.25617024833524
12,28,37.643354955016385
12,29,38.734245113473364
12,30,38.337861615094326
12,31,34.97464444662089
12,32,33.79988912536717
12,33,35.410202934443625
12,34,33.50948633798847
12,35,30.20048000029683
12,36,31.308639724584935
12,37,32.295559656322986
12,38,29.26802363911007
12,39,27.04943429689853
12,40,28.951122248173906
12,41,29.196403679498143
12,42,25.506777578039518
12,43,24.863174937046328
12,44,27.502434714458733
12,45,26.51449932721393
12,46,23.383574156479394
12,47,25.22766655576783
12,48,28.043870275846214
12,49,25.916081235876273
12,50,24.620704507803747
12,51,28.28407086221513
12,52,29.73563167072985
12,53,27.326877058629083
12,54,28.399351989784936
12,55,25.185523923695573
12,56,26.30017826411466
12,57,25.147609420481203
12,58,22.315657608614497
12,59,18.535073113774853
12,60,18.150833883333654
12,61,21.399759843435014
12,62,22.354045111745254
12,63,24.788548889372592
12,64,27.597036763792776
12,65,26.995584986778823
12,66,26.327918733698557
12,67,23.627708195555364
12,68,25.672899963336473
12,69,24.456050104414583
12,70,25.415906548230502
12,71,22.38610382578479
12,72,20.07892946522357
12,73,21.237335344303432
12,74,18.04475002897487
12,75,17.722882329965973
12,76,15.791728076835863
12,77,14.309482626377784
12,78,13.58185260472901
12,79,11.732946242093293
12,80,9.912113261041686
12,81,9.196975727245599
12,82,8.638400164113534
12,83,8.213555059606298
12,84,5.87142154317175
12,85,8.12711873727474
12,86,9.45348169867719
12,87,10.837137410894544
12,88,11.823739191465632
12,89,14.032267416123716
12,90,15.865392194835167
12,91,16.78723661011295
12,92,18.1730252767077
12,93,19.465665278716905
12,94,22.959770644497112
12,95,23.365907491844208
12,96,21.75240505236752
12,97,25.304323491061798
12,98,26.701545821789548
12,99,24.450197683355157
12,100,25.00519536472135
12,101,28.71151483714748
12,102,28.543530181990537
12,103,26.751700208039406
12,104,29.38187481739071
12,105,32.26750046881643
12,106,30.961012371338395
12,107,31.201457937000416
12,108,34.606943456090384
12,109,36.09301333131931
12,110,34.78718065708144
12,111,36.761827638513
12,112,40.05195892114436
12,113,39.70312927146792
12,114,39.397480922069825
12,115,42.48781660777173
12,116,44.35335510998074
12,117,43.02705219278709
12,118,43.841990574471055
12,119,47.29757836127017
12,120,48.47318453465085
13,1,25.987753611436048
13,2,23.238000989289446
13,3,19.977905075697194
13,4,17.52220568700579
13,5,15.608731710762399
13,6,13.234689707179607
13,7,12.409486445938715
13,8,11.675006882830491
13,9,7.961061826001189
13,10,8.219850160636025
13,11,6.666317107884718
13,12,3.78925510725501
13,14,3.7982454252351383
13,15,5.339134928909627
13,16,5.140647119006514
13,17,6.107697062821271
13,18,8.400766742352195
13,19,9.752580806838173
13,20,41.46259959111803
13,21,42.92036621186808
13,22,45.40366510642627
13,23,44.39799601623791
13,24,45.87286996003857
13,25,45.40959295235579
13,26,45.02626087588788
13,27,42.62008881687982
13,28,40.11656385619456
13,29,41.01275006750111
13,30,40.381736681771095
13,31,37.14159587539008
13,32,36.00649048695588
13,33,37.30787048170263
13,34,35.20360853052131
13,35,32.06720087534144
13,36,33.0253377003768
13,37,33.6516384497544
13,38,30.59412229204051
13,39,28.430714270392517
13,40,29.978715327785608
13,41,29.94990173091854
13,42,26.24455802301524
13,43,25.55008676827435
13,44,27.774788672694466
13,45,26.577903455252272
13,46,23.263383615243704
13,47,25.057632162491263
13,48,27.543213181629618
13,49,25.02833294396533
13,50,23.7005207566292
13,51,27.37093491207721
13,52,28.496002245149676
13,53,25.746946796324295
13,54,26.87954573887711
13,55,23.905644958602494
13,56,25.532723210293412
13,57,24.666833423250278
13,58,21.478368625858277
13,59,17.825159497711365
13,60,16.681018514232775
13,61,19.574227019718965
13,62,19.964332073050933
13,63,22.27594525237483
13,64,24.799716042338073
13,65,24.110639271247475
13,66,23.115489408018334
13,67,20.347185097765433
13,68,22.434324892926302
13,69,21.079215361090274
13,70,22.322065083976195
13,71,19.488622512076685
13,72,16.95788289236279
13,73,17.867199667095726
13,74,14.572548876255786
13,75,14.008760176601056
13,76,12.003552698284558
13,77,10.643298085021984
13,78,10.047844849032955
13,79,8.086575549419642
13,80,6.180760360161759
13,81,5.713283582366237
13,82,5.578614656194647
13,83,5.518435684771328
13,84,4.516526592074226
13,85,7.109741390439143
13,86,9.48092640907735
13,87,9.992173599324621
13,88,9.895014947235566
13,89,12.73132306830047
13,90,14.76504053550221
13,91,14.883786180732006
13,92,16.073399594211768
13,93,17.996729843355695
13,94,21.22217112354635
13,95,21.248380888692633
13,96,19.97506371392536
13,97,23.676719533293152
13,98,24.59629057907766
13,99,22.19764048412455
13,100,23.18579363522168
13,101,26.7515697026001
13,102,26.196903343294167
13,103,24.57481308335318
13,104,27.50858917238297
13,105,30.109965508766628
13,106,28.57636939240444
13,107,29.142233705066435
13,108,32.594451842261456
13,109,33.76704664232604
13,110,32.49594174423299
13,111,34.75583713839622
13,112,37.8921849010915
13,113,37.32690247500052
13,114,37.2455980361253
13,115,40.461613379162074
13,116,42.079622826180525
13,117,40.71751223943245
13,118,41.78872254139756
13,119,45.20003076767882
13,120,46.24387109624845
14,1,24.958591040672854
14,2,21.947098118287393
14,3,19.05494393616275
14,4,17.062999367662382
14,5,15.349920239009057
14,6,12.3276890509069
14,7,12.267390365066381
14,8,12.426896170923717
14,9,9.011777232705834
14,10,9.101539200081449
14,11,9.00677992919117
14,12,6.6013621791915025
14,13,3.7982454252351383
14,15,3.804011798279802
14,16,5.455586233541948
14,17,5.334816800486088
14,18,5.932707961805077
14,19,8.29917088660429
14,20,40.51275266607199
14,21,41.6911562739072
14,22,44.12942736216888
14,23,43.09292276633199
14,24,44.77333621095324
14,25,44.303860856502844
14,26,44.23066871111644
14,27,41.97115814275457
14,28,39.51201004612949
14,29,40.087347284412225
14,30,39.29096400705451
14,31,36.25388714108225
14,32,35.027704382609805
14,33,35.96636679787299
14,34,33.77165284025125
14,35,30.790594813922148
14,36,31.46926267758799
14,37,31.799673577245876
14,38,28.84008981623966
14,39,26.628935181557086
14,40,27.78658286050802
14,41,27.63902880240623
14,42,24.00860110283153
14,43,23.13531485541337
14,44,25.01297313708084
14,45,23.807741875274175
14,46,20.348580848048016
14,47,21.987377365787342
14,48,24.290779971485446
14,49,21.639452918610484
14,50,20.220762273458664
14,51,23.861984470313395
14,52,24.887677052483784
14,53,22.03587110528283
14,54,23.164841555652064
14,55,20.28653708693325
14,56,22.12101124955833
14,57,21.490476560022415
14,58,18.178379387323133
14,59,14.652442739067737
14,60,13.195860337492332
14,61,15.906132818609523
14,62,16.26493459738012
14,63,18.518863412038737
14,64,21.13092937096963
14,65,20.530616002814394
14,66,19.78892964506964
14,67,17.239047726622275
14,68,19.59271506375111
14,69,18.722571729919284
14,70,20.121193624754653
14,71,17.09296180323699
14,72,14.994660182319395
14,73,16.36813062270075
14,74,13.460072297320885
14,75,12.923384469728287
14,76,10.480615912440426
14,77,10.368151756003739
14,78,10.010703907875104
14,79,6.892145438031072
14,80,4.648892062953975
14,81,6.615377255052601
14,82,7.281664942052556
14,83,6.147246933576436
14,84,4.978680340257973
14,85,5.444987407979552
14,86,8.9350028331509
14,87,9.79367008987355
14,88,8.463353393608758
14,89,10.890932554104424
14,90,13.66452055831404
14,91,13.628350206249726
14,92,13.947509255390832
14,93,15.929723342656667
14,94,19.10578505606386
14,95,18.618442527832
14,96,17.099188382374923
14,97,20.748504395295203
14,98,21.555533172742187
14,99,18.890065992436643
14,100,19.77570012302126
14,101,23.317117552771897
14,102,22.64696688442571
14,103,20.87727612166981
14,104,23.844602975352934
14,105,26.41670574030289
14,106,24.828469723189595
14,107,25.350924318654744
14,108,28.82133019057276
14,109,29.99366122358272
14,110,28.70912168668872
14,111,30.962189442406
14,112,34.0956605872167
14,113,33.56304235153633
14,114,33.49780471674883
14,115,36.69269715765914
14,116,38.32438628855708
14,117,37.02699851375469
14,118,38.118794165688584
14,119,41.49415384805653
14,120,42.60794428902031
15,1,26.42579970439838
15,2,23.19839307245217
15,3,20.295145756935153
15,4,18.720411589340568
