1,2,3.888814075444499
1,3,6.00628426001062
1,4,7.672151675031857
1,5,7.332792522967101
1,6,10.938904189720688
1,7,14.034264518166545
1,8,16.56357008862313
1,9,17.28514883012746
1,10,19.95060744584649
1,11,23.45412095413062
1,12,25.072039823270035
1,13,22.920522685862093
1,14,25.513410323541144
1,15,24.801626947660466
1,16,26.90753703163539
1,17,24.391804325271696
1,18,21.04809625136027
1,19,20.196972358778893
1,20,17.31575867952439
1,21,15.349707278450655
1,22,12.065514629814187
1,23,12.231008467162082
1,24,9.406503657312008
1,25,11.624574241504114
1,26,11.50506493596749
1,27,9.49369984651713
1,28,10.223877733648601
1,29,7.875391465915728
1,30,8.883041115666952
1,31,12.422951672874463
1,32,12.72948818608261
1,33,12.450845857521218
1,34,10.969898542706465
1,35,12.816428647439343
1,36,11.998073413228154
1,37,15.069364637006407
1,38,15.511996305565921
1,39,19.1964039504147
1,40,21.923114798989104
1,41,22.12025160732691
1,42,18.7295391931809
1,43,17.38643553430864
1,44,14.448036285721129
1,45,15.360165520123006
1,46,14.425970450879449
1,47,16.663960562846636
1,48,17.680898644031625
1,49,17.239189411103204
1,50,20.73575677138026
1,51,22.52044649615279
1,52,25.414371123335176
1,53,25.164446982908824
1,54,21.424631389916666
1,55,22.455268908482655
1,56,25.36746310219114
1,57,23.660068897367108
1,58,21.24793739820082
1,59,24.450529718928482
1,60,26.390103245276748
1,61,23.821995719064628
1,62,24.365828646515386
1,63,28.0215569002051
2,1,3.888814075444499
2,3,3.8360817741439055
2,4,7.152723480209588
2,5,8.320972272206307
2,6,11.789090250813254
2,7,14.085375033292292
2,8,17.242291487001378
2,9,18.67346938682049
2,10,21.752967188631132
2,11,25.23401942109071
2,12,27.301753273929297
2,13,25.547389941047378
2,14,28.430262620036206
2,15,27.945789292901544
2,16,30.250055964494926
2,17,27.741262762571225
2,18,24.464522206510555
2,19,23.878014605332385
2,20,20.994994537417515
2,21,18.773205761481695
2,22,15.430408090923894
2,23,14.974605771225454
2,24,11.642801794472316
2,25,12.899272731485764
2,26,11.564225482423588
2,27,8.939308825547073
2,28,8.239638945184094
2,29,5.308092878613626
2,30,7.553211851835127
2,31,11.181115982792216
2,32,12.52102844385677
2,33,13.38408871113849
2,34,12.650398144859013
2,35,15.25909238832017
2,36,14.930701467644974
2,37,18.282955996845576
2,38,19.0043297494757
2,39,22.608522208081038
2,40,25.480780505390364
2,41,25.416779637829013
2,42,22.083890377772956
2,43,20.403159605920447
2,44,17.438890196308375
2,45,17.935007877537224
2,46,16.62349640416023
2,47,18.753189420778934
2,48,19.20981952039474
2,49,18.87191513984001
2,50,22.017261095509312
2,51,24.123306631512744
2,52,27.30369918324238
2,53,27.435149310825842
2,54,23.79992620993464
2,55,24.76988743025856
2,56,27.94886007548453
2,57,26.56750796095263
2,58,24.1993893171747
2,59,27.30994783638637
2,60,29.503480591568035
2,61,27.165660948016164
2,62,27.611454072641962
2,63,31.340323782871963
3,1,6.00628426001062
3,2,3.8360817741439055
3,4,3.819386262924516
3,5,6.0422549369981695
3,6,8.898809155971325
3,7,10.618779863539634
3,8,14.010224317227694
3,9,15.86092158970757
3,10,19.201447189902154
3,11,22.5978294233257
3,12,25.035972636858673
3,13,23.730387983165077
3,14,26.927219356479732
3,15,26.808836117071593
3,16,29.378495067788894
3,17,26.9381891020094
3,18,23.815077905614064
3,19,23.841430583765117
3,20,21.067769639097392
3,21,18.484566883248938
3,22,15.418801048708433
3,23,14.631053241566933
3,24,11.414930221174098
3,25,12.497441659006215
3,26,10.714820559885977
3,27,9.064680712556607
3,28,8.697776090853875
3,29,4.881401904657819
3,30,5.4836763735021705
3,31,9.202244935967679
3,32,10.206446413525478
3,33,11.644142852241174
3,34,10.894451394490769
3,35,13.871087888899039
3,36,13.867246538991468
3,37,17.445134499123412
3,38,18.700531304270434
3,39,22.11737658473819
3,40,25.341127178321862
3,41,25.044655919812115
3,42,22.047650741714573
3,43,19.78626867769936
3,44,16.59377593029257
3,45,16.344138005925576
3,46,14.591281808971756
3,47,16.612367682626324
3,48,16.741128375014323
3,49,16.882663897611373
3,50,19.762408096036474
3,51,21.779954903217508
3,52,25.215889047968904
3,53,25.493253581809352
3,54,22.07876962469324
3,55,23.311927007784764
3,56,26.591855360273023
3,57,25.426306407658753
3,58,23.420559095849597
3,59,26.607844221525355
3,60,28.854081464330843
3,61,26.90206121159557
3,62,27.637105055341788
3,63,31.294783081605747
4,1,7.672151675031857
4,2,7.152723480209588
4,3,3.819386262924516
4,5,3.820958899530059
4,6,5.497161370963541
4,7,7.307833820332482
4,8,10.467674243183383
4,9,12.188029220530415
4,10,15.656908872222028
4,11,18.926390445926188
4,12,21.502546181380843
4,13,20.439343824855662
4,14,23.801189523165682
4,15,23.84713434363898
4,16,26.636430564045916
4,17,24.378294489133918
4,18,21.343527137213016
4,19,21.883611242076142
4,20,19.185499635065586
4,21,16.305253156244497
4,22,13.60677532236264
4,23,12.623404212826813
4,24,9.894243553502514
4,25,11.139568513451513
4,26,9.713931813868262
4,27,9.492792137187319
4,28,10.332039713453028
4,29,6.950948349576007
4,30,5.053493646979568
4,31,8.223969963284205
4,32,7.843581719051667
4,33,9.04106276999442
4,34,7.891834308646032
4,35,10.93025945649828
4,36,11.273518369497648
4,37,14.94785017788183
4,38,16.76472421414414
4,39,20.000476632049896
4,40,23.494551168556914
4,41,23.234944828699042
4,42,20.627439602656068
4,43,18.022187838732364
4,44,14.559412322096584
4,45,13.571566045723463
4,46,11.322313556699902
4,47,13.096444486191725
4,48,13.068969837369853
4,49,13.57170529876338
4,50,16.37456038570098
4,51,18.180012996155376
4,52,21.70674845090998
4,53,21.98977052744947
4,54,18.72806154010798
4,55,20.178574169366122
4,56,23.44497565117807
4,57,22.40622032399247
4,58,20.71002355419169
4,59,23.943951165646638
4,60,26.16044154719435
4,61,24.532213157276118
4,62,25.525744387662463
4,63,29.061065229799375
5,1,7.332792522967101
5,2,8.320972272206307
5,3,6.0422549369981695
5,4,3.820958899530059
5,6,3.784930104670114
5,7,6.906376159126121
5,8,9.356735372085115
5,9,10.650748723727295
5,10,13.595513365165225
5,11,17.206650737244324
5,12,19.385907411398925
5,13,17.979035251127467
5,14,21.173947185796088
5,15,21.388243022434168
5,16,23.86336033391317
5,17,21.294661701374313
5,18,18.427441284961258
5,19,18.908308664186613
5,20,16.57219226930496
5,21,14.136481544102882
5,22,11.911161446463625
5,23,11.978741616416187
5,24,10.093065724993926
5,25,12.471857374415098
5,26,12.14573660619961
5,27,12.071874718555849
5,28,13.352262598479363
5,29,10.033016911580694
5,30,8.512972419823662
5,31,11.653382345682617
5,32,10.471437195482556
5,33,10.444198127005924
5,34,7.886467955869037
5,35,9.714970425801805
5,36,8.823461427404087
5,37,12.163914569396109
5,38,13.524758259718904
5,39,16.634418518950216
5,40,20.05456698663264
5,41,19.571618205958767
5,42,16.938698757026774
5,43,14.277508796179744
5,44,10.938896923897108
5,45,10.35906122748198
5,46,8.890763117874055
5,47,11.527904616954778
5,48,12.60575177536493
5,49,13.634810726973692
5,50,16.846950510610487
5,51,17.941831408434957
5,52,21.277734556849264
5,53,20.882926714819398
5,54,17.608660224090976
5,55,19.569650022919728
5,56,22.42785685475716
5,57,20.824589083773724
5,58,19.410641430681537
5,59,22.947555733446194
5,60,24.677904917373624
5,61,22.81142246449304
5,62,24.22916703234495
5,63,27.580471048584016
6,1,10.938904189720688
6,2,11.789090250813254
6,3,8.898809155971325
6,4,5.497161370963541
6,5,3.784930104670114
6,7,3.7879066404734245
6,8,5.627497341226288
6,9,7.122380194080588
6,10,10.377721917626996
6,11,13.855771656537955
6,12,16.415988040646628
6,13,15.567737896409497
6,14,19.076255728289286
6,15,19.6989170818191
6,16,22.45130648272988
6,17,20.114740961861866
6,18,17.5298421479474
6,19,18.777127851221206
6,20,16.701834959255155
6,21,14.014022664418883
6,22,12.488172734305568
6,23,12.273374024181258
6,24,11.108235767986152
6,25,13.187953419913104
6,26,12.939390419280077
6,27,13.859064180468472
6,28,15.488422321622016
6,29,12.374239960300324
6,30,9.874832715955762
6,31,12.103476018651492
6,32,10.023120469988573
6,33,9.937515367917321
6,34,7.237429809895658
6,35,8.74657090904903
6,36,8.364014916646207
6,37,11.506735864695255
6,38,13.570295650675405
6,39,16.185105621077508
6,40,19.876986424863297
6,41,19.285717932032608
6,42,17.287137351104665
6,43,14.151061264985149
6,44,10.726760933582067
6,45,8.854310853455619
6,46,6.621525951145413
6,47,8.9525956912009
6,48,9.798804821078004
6,49,11.67160779306129
6,50,14.493716147874252
6,51,15.17279162939305
6,52,18.67126084227449
6,53,18.312294618269718
6,54,15.414727064472451
6,55,17.739168538260454
6,56,20.531754507652465
6,57,19.17036469020865
6,58,18.307140273530596
6,59,21.81641111694232
6,60,23.486826351586114
6,61,22.13015265014941
6,62,23.85648191234619
6,63,26.99158328512093
7,1,14.034264518166545
7,2,14.085375033292292
7,3,10.618779863539634
7,4,7.307833820332482
7,5,6.906376159126121
7,6,3.7879066404734245
7,8,3.8268751318670486
7,9,7.084578343074865
7,10,10.529334187386798
7,11,13.600357443828646
7,12,16.762115513366606
7,13,16.764111867037332
7,14,20.501114627352745
7,15,21.626303895720167
7,16,24.50031318157603
7,17,22.287904743100736
7,18,20.086681337277348
7,19,21.78725872265042
7,20,19.96145469468111
7,21,17.231295123042223
7,22,15.972535420930964
7,23,15.420565790058008
7,24,14.219581306078602
7,25,15.677976734465812
7,26,14.810263842086176
7,27,15.935608091342141
7,28,17.13533939545549
7,29,13.945216967487989
7,30,11.282976855522003
7,31,12.901481425376994
7,32,10.991876500503572
7,33,11.799867453481927
7,34,9.875366516845906
7,35,11.579900878166084
7,36,11.650178669849803
7,37,14.482252842009705
7,38,16.69170745843375
7,39,18.86101241998208
7,40,22.58451156392519
7,41,21.65017459899039
7,42,20.030969517076862
7,43,16.57500754206989
7,44,13.487786884054255
7,45,11.089803910617352
7,46,8.800222400152794
7,47,10.502395535199208
7,48,10.566780259683046
7,49,13.05722365278725
7,50,15.072312602601409
7,51,15.59883932554678
7,52,19.314150094436144
7,53,19.24300949892983
7,54,16.892575095833188
7,55,19.352057965187495
7,56,22.143688623970753
7,57,21.15724169273743
7,58,20.717698234777703
7,59,24.068739295939114
7,60,25.768739517355034
7,61,24.83748087484269
7,62,26.67436950678226
7,63,29.67101509929357
8,1,16.56357008862313
8,2,17.242291487001378
8,3,14.010224317227694
8,4,10.467674243183383
8,5,9.356735372085115
8,6,5.627497341226288
8,7,3.8268751318670486
8,9,3.8254179456291615
8,10,6.992905172939303
8,11,9.869569449030093
8,12,13.152996103145131
8,13,13.584614864896341
8,14,17.39526619359297
8,15,18.882471685207996
8,16,21.80512588469872
8,17,19.815961291507357
8,18,17.997767125963637
8,19,20.25507283943135
8,20,18.837326889107505
8,21,16.235333242991786
8,22,15.80038575633524
8,23,15.483340293244673
8,24,15.209140982796944
8,25,16.848543021576287
8,26,16.6420981635894
8,27,18.354744529523806
8,28,20.08476838317151
8,29,17.16173303426152
8,30,14.171849943105226
8,31,15.356826162370522
8,32,12.690765638732225
8,33,12.671981346122795
8,34,10.400801088759149
8,35,10.993206398932333
8,36,11.029959295171556
8,37,13.127129956983435
8,38,15.610467549522285
8,39,17.176844898156936
8,40,20.92981899518294
8,41,19.99654825737091
8,42,19.00653657153755
8,43,15.426523310358787
8,44,12.54197184585479
8,45,9.372828120633965
8,46,7.070545256791649
8,47,8.256981691207159
8,48,8.62849303368226
8,49,11.934391583900545
8,50,13.624211780565288
8,51,13.261377076735075
8,52,16.79793714540761
8,53,16.378975993320644
8,54,14.51278900776087
8,55,17.410539679763787
8,56,19.798911851066148
8,57,18.80259960005048
8,58,18.987487347724997
8,59,22.29433104314656
8,60,23.66577619354655
8,61,23.093106222160266
8,62,25.286259674641368
8,63,27.94294423366496
9,1,17.28514883012746
9,2,18.67346938682049
9,3,15.86092158970757
9,4,12.188029220530415
9,5,10.650748723727295
9,6,7.122380194080588
9,7,7.084578343074865
9,8,3.8254179456291615
9,10,3.8256833645285067
9,11,6.802062188436088
9,12,9.797745362144733
9,13,10.01356035909393
9,14,13.855714476457385
9,15,15.196593271299479
9,16,18.279574867583506
9,17,16.610160623202276
9,18,14.78952966543743
9,19,17.364248710288503
9,20,16.06452612051433
9,21,13.477284243382917
9,22,13.706639654979478
9,23,13.573178887172372
9,24,14.217336629226784
9,25,16.074080333015875
9,26,16.694913283979307
9,27,18.847022371459513
9,28,21.191047291056933
9,29,18.65632008590445
9,30,15.46295018484429
9,31,16.41326076615069
9,32,13.146761283907294
9,33,12.052467543206715
9,34,9.446269452253429
9,35,8.812097155449818
9,36,8.980172139256046
9,37,10.431689084324217
9,38,13.336515606108064
9,39,14.621457924363428
9,40,18.405993527801975
9,41,17.924256297461262
9,42,17.32105230083774
9,43,13.986070675108873
9,44,11.042591377349035
9,45,7.331435488794518
9,46,4.635590051876993
9,47,4.841729642213126
9,48,5.980965408821129
9,49,9.61577761957556
9,50,11.416813835199994
9,51,10.361156654252618
9,52,13.59306051637652
9,53,12.753217319784964
9,54,10.931164147141853
9,55,14.107762246566201
9,56,16.19707379531376
9,57,15.088674071587205
9,58,15.57323067419737
9,59,18.858686777887048
9,60,20.021669984006696
9,61,19.624593391793223
9,62,21.993495178177408
9,63,24.443566457920422
10,1,19.95060744584649
10,2,21.752967188631132
10,3,19.201447189902154
10,4,15.656908872222028
10,5,13.595513365165225
10,6,10.377721917626996
10,7,10.529334187386798
10,8,6.992905172939303
10,9,3.8256833645285067
10,11,3.8766137031177137
10,12,6.288298142378208
10,13,6.829970741131649
10,14,10.632728677079898
10,15,12.63285291398978
10,16,15.47343508304883
10,17,13.908798966446916
10,18,12.814928410544322
10,19,15.91941247467634
10,20,15.40256529520756
10,21,13.468347130342167
10,22,14.714613062765947
10,23,15.221374694172127
10,24,16.62999816090414
10,25,18.77729568817395
10,26,19.90501975932556
10,27,22.123950883145074
10,28,24.658210067651872
10,29,22.16109928443926
10,30,19.05601077635025
10,31,20.048558059366027
10,32,16.647025859029803
10,33,15.071192545333968
10,34,12.25952884699028
10,35,10.538753550184158
10,36,10.048733576314172
10,37,10.059732040558773
10,38,12.647088433467712
10,39,12.923144106291794
10,40,16.470138165355284
10,41,15.876592262651592
10,42,16.06109972500509
10,43,12.835166504312573
10,44,10.649110060043848
10,45,6.844468333249301
10,46,5.807611598511444
10,47,5.673088762075928
10,48,7.839048938308924
10,49,11.436289003118214
10,50,12.950238097591226
10,51,10.781135903672505
10,52,13.198164646516622
10,53,11.407382608506015
10,54,10.352653156658977
10,55,14.047189060100417
10,56,15.245966276044438
10,57,13.749593785956337
10,58,15.095569461298036
10,59,18.31656463697117
10,60,18.775579849857248
10,61,18.602091200922157
10,62,21.458117325386713
10,63,23.395604804020447
11,1,23.45412095413062
11,2,25.23401942109071
11,3,22.5978294233257
11,4,18.926390445926188
11,5,17.206650737244324
11,6,13.855771656537955
11,7,13.600357443828646
11,8,9.869569449030093
11,9,6.802062188436088
11,10,3.8766137031177137
11,12,3.887031629641897
11,13,6.452439080156465
11,14,9.858267324007594
11,15,12.171011252602787
11,16,15.142606002805055
11,17,14.44565682314998
11,18,13.935493772520134
11,19,17.482949375322416
11,20,17.253975672918664
11,21,15.402244989467004
11,22,17.095095187381606
11,23,17.307015882995763
11,24,19.105441147478345
11,25,20.859823611897227
11,26,22.10656903305476
11,27,24.725013210496922
11,28,27.43052204063218
11,29,25.19844258502924
11,30,21.861244973034584
11,31,22.33109453544274
11,32,18.728469719328448
11,33,17.060690970747306
11,34,14.762934584989853
11,35,12.856168719291365
11,36,12.99789089022677
11,37,12.534430944565042
11,38,15.263477504114237
11,39,14.96883767017105
11,40,18.1994365726914
11,41,17.87396954623205
11,42,18.69217268512253
11,43,15.769779750290807
11,44,13.948334130991622
11,45,10.26625431288684
11,46,9.195899135343424
11,47,7.6750227855590625
11,48,8.81024588643507
11,49,12.261850763126485
11,50,12.732041701205203
11,51,9.688736273290012
11,52,11.394978708401643
11,53,9.490215455958468
11,54,9.814049309110576
11,55,13.45266630186404
11,56,14.046984462811738
11,57,13.131513517012124
11,58,15.248953755094258
11,59,17.911175208028016
11,60,18.14253341044155
11,61,18.74299851460991
11,62,21.675242296488427
11,63,23.141709036549816
12,1,25.072039823270035
12,2,27.301753273929297
12,3,25.035972636858673
12,4,21.502546181380843
12,5,19.385907411398925
12,6,16.415988040646628
12,7,16.762115513366606
12,8,13.152996103145131
12,9,9.797745362144733
12,10,6.288298142378208
12,11,3.887031629641897
12,13,3.8333730411270905
12,14,6.345190641303192
12,15,9.132623878821782
12,16,11.750339304602747
12,17,11.472752191585318
12,18,11.687474204456322
12,19,15.488363658350984
12,20,15.9397115199274
12,21,14.803985420831802
12,22,17.265440975171874
12,23,18.03196337592344
12,24,20.430456288996115
12,25,22.476714102343895
12,26,24.25951414044996
12,27,26.846422201203687
12,28,29.783781085341296
12,29,27.665891828992308
12,30,24.456666135017894
12,31,25.075505096121727
12,32,21.391099817418834
12,33,19.201475782483065
12,34,16.680452537337175
12,35,14.025552020261383
12,36,13.700141059777764
12,37,12.143670263171389
12,38,14.41312710934014
12,39,13.288430415238711
12,40,16.017861144120744
12,41,15.976043345308222
12,42,17.440736906830452
12,43,15.073417930006967
12,44,13.905774381128788
12,45,10.769062992843091
12,46,10.703222897833177
12,47,9.254137464714063
12,48,11.13292152186347
12,49,13.969626131287827
12,50,14.610617881635942
12,51,11.186416836277628
12,52,11.740768353669074
12,53,8.746718472821122
12,54,9.64947012922533
12,55,13.327772891841356
12,56,12.890566226703353
12,57,11.42041492534529
12,58,14.2123382505562
12,59,16.690581020462673
12,60,16.13170291033552
12,61,16.840854831736518
12,62,20.1242951969515
12,63,21.05486377517238
13,1,22.920522685862093
13,2,25.547389941047378
13,3,23.730387983165077
13,4,20.439343824855662
13,5,17.979035251127467
13,6,15.567737896409497
13,7,16.764111867037332
13,8,13.584614864896341
13,9,10.01356035909393
13,10,6.829970741131649
13,11,6.452439080156465
13,12,3.8333730411270905
13,14,3.8630692811390506
13,15,6.136876842477419
13,16,8.832661415497775
13,17,8.08767816269478
13,18,7.871690677779103
13,19,11.656739027439215
13,20,12.226458896256464
13,21,11.491749857680029
13,22,14.318033038304128
13,23,15.655932719484396
13,24,18.35021763512134
13,25,20.80202937637295
13,26,22.99620033076723
13,27,25.338963030300352
13,28,28.404778414880628
13,29,26.365574865767645
13,30,23.409050162926953
13,31,24.364388342127814
13,32,20.746531054094444
13,33,18.12587735273182
13,34,15.249554544848314
13,35,12.066125384570379
13,36,11.157420492168686
13,37,8.889159775826743
13,38,10.895780036378872
13,39,9.680500906896361
13,40,12.45325561266997
13,41,12.868921298445795
13,42,14.188640713707768
13,43,12.247927554623384
13,44,11.125886440840727
13,45,8.54817398615482
13,46,9.15509247974002
13,47,8.173863192229987
13,48,11.00794263840337
13,49,13.274239447304227
13,50,14.764721298246547
13,51,11.78169446802038
13,52,12.26363216967826
13,53,8.861416140351514
13,54,8.60130502201818
13,55,12.287169376779815
13,56,11.78653722707945
13,57,9.316849416182954
13,58,11.805352824040638
13,59,14.686840617789128
13,60,13.88752798946306
13,61,13.911739420360627
13,62,17.356927734476884
13,63,18.42698756953076
14,1,25.513410323541144
14,2,28.430262620036206
14,3,26.927219356479732
14,4,23.801189523165682
14,5,21.173947185796088
14,6,19.076255728289286
14,7,20.501114627352745
14,8,17.39526619359297
14,9,13.855714476457385
14,10,10.632728677079898
14,11,9.858267324007594
14,12,6.345190641303192
14,13,3.8630692811390506
14,15,3.8630349995576876
14,16,5.448519748136436
14,17,5.706384499253018
14,18,6.968891932423595
14,19,10.75045498632207
14,20,12.284254062153146
14,21,12.569828869650893
14,22,15.974865260314763
14,23,17.716164710838473
14,24,20.801653404902453
14,25,23.351164645419438
14,26,25.90380716375784
14,27,28.199679102653803
14,28,31.399006181576024
14,29,29.505385245293123
14,30,26.681286349455263
14,31,27.674659217055446
14,32,24.058986185201917
14,33,21.16312712612944
14,34,18.317859361767532
14,35,14.825081035481467
14,36,13.689346621139359
14,37,10.662903355758592
14,38,11.803639161277003
14,39,9.592633746876965
14,40,11.275593936341014
14,41,12.193146286947858
14,42,14.28527223765988
14,43,13.252575911862753
14,44,12.98885304711761
14,45,11.321785806728734
14,46,12.535588055566777
14,47,11.633992542604872
14,48,14.421771310478023
14,49,16.16287053231933
14,50,17.54795572188437
14,51,14.440412031822746
14,52,14.00078224050947
14,53,10.181380245360968
14,54,10.52283850221577
14,55,13.667448221365268
14,56,12.110078973826809
14,57,9.232772706410513
14,58,12.24131600801539
14,59,14.606335126570494
14,60,12.815103993598017
14,61,12.951578391620638
14,62,16.673646997919064
14,63,16.982275271211787
15,1,24.801626947660466
15,2,27.945789292901544
15,3,26.808836117071593
15,4,23.84713434363898
15,5,21.388243022434168
15,6,19.6989170818191
15,7,21.626303895720167
15,8,18.882471685207996
15,9,15.196593271299479
15,10,12.63285291398978
15,11,12.171011252602787
15,12,9.132623878821782
15,13,6.136876842477419
15,14,3.8630349995576876
15,16,3.8803156180385074
15,17,5.493803713152439
15,18,5.428414464348538
15,19,8.753695507137792
15,20,9.949074318999639
15,21,10.418403673727564
15,22,14.070919070456684
15,23,15.819483300377977
15,24,19.273135202332202
15,25,21.732904648745965
15,26,24.68692747727544
15,27,26.998294731799795
15,28,30.410398994723916
15,29,28.91325511697252
15,30,26.189542782802523
15,31,27.059128295506905
15,32,23.479960635642925
15,33,20.20497454742214
15,34,17.593914834982606
15,35,13.861763239458917
15,36,13.04041427208993
15,37,9.84484844572938
15,38,11.07184494314888
15,39,9.382713516961086
15,40,10.82068271313166
15,41,12.885470781065663
15,42,14.485871195844235
15,43,14.130299794669343
15,44,13.48914853170786
15,45,12.265566911937182
15,46,13.10231035399419
15,47,11.840210728373316
15,48,14.456076062522593
15,49,15.265132872098498
15,50,16.826476102911272
15,51,14.123431491424483
15,52,13.203353064924496
15,53,9.491810215524964
15,54,9.290036569244283
15,55,11.67418089795026
15,56,9.763227581809815
15,57,6.351095795486209
15,58,9.184858320511093
15,59,11.327762370161976
15,60,9.227911407211117
15,61,9.155220746145414
15,62,12.91368233768662
15,63,13.156559253072821
16,1,26.90753703163539
16,2,30.250055964494926
16,3,29.378495067788894
16,4,26.636430564045916
16,5,23.86336033391317
16,6,22.45130648272988
16,7,24.50031318157603
16,8,21.80512588469872
16,9,18.279574867583506
16,10,15.47343508304883
16,11,15.142606002805055
16,12,11.750339304602747
16,13,8.832661415497775
16,14,5.448519748136436
16,15,3.8803156180385074
16,17,3.8845674319101264
16,18,5.959617414167131
16,19,8.424447492323097
16,20,10.908007206351796
16,21,12.5725802449349
16,22,16.372356156999224
16,23,18.657740183029492
16,24,22.112898774229354
16,25,24.827269163370133
16,26,27.891715334097455
16,27,29.945103316048428
16,28,33.296552864475686
16,29,31.713216768284116
16,30,29.22481444901278
16,31,30.368113679926857
16,32,26.89838330740947
16,33,23.596657119649205
16,34,20.789771785766316
16,35,17.010673238450433
16,36,15.597945178485787
16,37,11.991958887128023
16,38,12.022124788713393
16,39,9.366170654087183
16,40,9.357102693420563
16,41,11.605928964516284
16,42,13.898474609812057
16,43,14.352635584522735
16,44,14.697164630097465
16,45,14.29389897056988
16,46,15.917294683225599
16,47,15.249353275701583
16,48,18.143369983244224
16,49,18.99243566768527
16,50,20.689759972133626
16,51,17.994250304929167
16,52,16.94816125692311
16,53,13.198241338166035
16,54,13.148037800831487
16,55,15.319460615406843
16,56,13.096278241971728
16,57,9.689251923479205
16,58,12.194316155998852
16,59,13.979922330870576
16,60,11.150811887120543
16,61,10.648994232629253
16,62,14.411423717124823
16,63,13.946968129554621
17,1,24.391804325271696
17,2,27.741262762571225
17,3,26.9381891020094
17,4,24.378294489133918
17,5,21.294661701374313
17,6,20.114740961861866
17,7,22.287904743100736
17,8,19.815961291507357
17,9,16.610160623202276
17,10,13.908798966446916
17,11,14.44565682314998
17,12,11.472752191585318
17,13,8.08767816269478
17,14,5.706384499253018
17,15,5.493803713152439
17,16,3.8845674319101264
17,18,3.8695836351679778
17,19,6.420662029864179
17,20,9.357705501589136
17,21,11.325228100051461
17,22,14.938217054354498
17,23,17.685019236031994
17,24,20.793416080374293
17,25,23.88457539105733
17,26,26.7484431581601
17,27,28.454962181311846
17,28,31.578199473260295
17,29,29.67961323743055
17,30,27.41376864969132
17,31,28.97568688889356
17,32,25.684708149551703
17,33,22.575809788953656
17,34,19.373357006555146
17,35,15.714741431983937
17,36,13.549722613671529
17,37,9.805119039496661
17,38,9.062198148714373
17,39,5.840642599149173
17,40,5.991696909764647
17,41,7.823137741917558
17,42,10.154618193718242
17,43,10.575772118555287
17,44,11.362367064082777
17,45,11.511345833304025
17,46,13.844907480840503
17,47,14.071905427032712
17,48,17.472390311333182
17,49,18.69045266205372
17,50,20.91276568318962
17,51,18.4631453524906
17,52,18.22433638083671
17,53,14.558814227334151
17,54,13.763573880623682
17,55,16.434392556434187
17,56,15.024814069135983
17,57,11.33478553001959
17,58,13.20577242284713
17,59,15.799178647538492
17,60,13.58498252995257
17,61,12.255260813847421
17,62,15.972991556395572
17,63,16.268822177734872
18,1,21.04809625136027
18,2,24.464522206510555
18,3,23.815077905614064
18,4,21.343527137213016
18,5,18.427441284961258
18,6,17.5298421479474
18,7,20.086681337277348
18,8,17.997767125963637
18,9,14.78952966543743
18,10,12.814928410544322
18,11,13.935493772520134
18,12,11.687474204456322
18,13,7.871690677779103
18,14,6.968891932423595
18,15,5.428414464348538
18,16,5.959617414167131
18,17,3.8695836351679778
18,19,3.8673899078152765
18,20,5.733567871389667
18,21,7.461694186248372
18,22,11.094935364896134
18,23,13.90024334100759
18,24,17.04575426072042
18,25,20.16437517668521
18,26,23.13316962343537
18,27,24.78497734299967
18,28,27.975552105013477
18,29,26.260217924174107
18,30,24.054908962873473
18,31,25.601967618571848
18,32,22.4001584552338
18,33,19.161998180943222
18,34,16.01142685786373
18,35,12.3089713545438
18,36,10.205123135543284
18,37,6.427101045094711
18,38,6.121805458118486
18,39,4.339840793517157
18,40,6.109122493350597
18,41,8.5956799534987
18,42,9.423803478622611
18,43,9.659289515992855
18,44,9.310918733099859
18,45,9.511315025975488
18,46,11.375572970442258
18,47,11.58703947817133
18,48,14.981262591194604
18,49,15.72845990154378
18,50,18.331360832035088
18,51,16.4190152493833
18,52,16.51593697046786
18,53,13.239858559679995
18,54,11.512916945439082
18,55,13.946400328803783
18,56,13.196729952650363
18,57,9.37574464063321
18,58,10.318654805054484
18,59,13.376262099842698
18,60,11.86208667771844
18,61,9.89746731371516
18,62,13.402663298055755
18,63,14.516857421470801
19,1,20.196972358778893
19,2,23.878014605332385
19,3,23.841430583765117
19,4,21.883611242076142
19,5,18.908308664186613
19,6,18.777127851221206
19,7,21.78725872265042
19,8,20.25507283943135
19,9,17.364248710288503
19,10,15.91941247467634
19,11,17.482949375322416
19,12,15.488363658350984
19,13,11.656739027439215
19,14,10.75045498632207
19,15,8.753695507137792
19,16,8.424447492323097
19,17,6.420662029864179
19,18,3.8673899078152765
19,20,3.820298629323126
19,21,7.251290560862098
19,22,10.50463258853349
19,23,13.856738194900316
19,24,16.87332687589106
19,25,20.187638748098063
19,26,23.349581213962537
19,27,24.547521755878094
19,28,27.66516420603908
19,29,26.12922623837705
19,30,24.387198239558536
19,31,26.204636500482316
19,32,23.340676110887273
19,33,20.020031350662236
19,34,16.91013666570796
19,35,13.395299942920326
19,36,10.972603924491635
19,37,7.480046593764887
19,38,5.662310858447755
19,39,4.77590878868719
19,40,5.026177377924913
19,41,8.492833824409916
19,42,8.39012044688442
19,43,9.929131896776942
19,44,9.885385323213686
19,45,11.330751506237952
19,46,13.341897354278705
19,47,14.022613287258462
19,48,17.365220482498753
19,49,17.558555471471788
19,50,20.52642907093106
19,51,19.159655582658452
19,52,19.31112004750079
19,53,16.334434831208075
19,54,14.144005321375516
19,55,15.964893519814026
19,56,15.42528085880371
19,57,11.629524314091062
19,58,11.504204189471517
19,59,14.386616374133098
19,60,12.942447334025335
19,61,10.006807564451332
19,62,12.948099861248103
19,63,14.24238621338358
20,1,17.31575867952439
20,2,20.994994537417515
20,3,21.067769639097392
20,4,19.185499635065586
20,5,16.57219226930496
20,6,16.701834959255155
20,7,19.96145469468111
20,8,18.837326889107505
20,9,16.06452612051433
20,10,15.40256529520756
20,11,17.253975672918664
20,12,15.9397115199274
20,13,12.226458896256464
20,14,12.284254062153146
20,15,9.949074318999639
20,16,10.908007206351796
20,17,9.357705501589136
20,18,5.733567871389667
20,19,3.820298629323126
20,21,3.8401592109621205
20,22,6.83985959288529
20,23,10.202042479456217
20,24,13.248940381045813
20,25,16.50790549053545
20,26,19.775510453832673
20,27,20.969544688394404
20,28,24.186175865098733
20,29,22.91118527683297
20,30,21.189691158946022
20,31,22.886727742531757
20,32,20.136945161168057
20,33,16.721462181192102
20,34,13.83335796925797
20,35,10.464545803654696
20,36,8.459596191746877
20,37,5.7500847262677155
20,38,5.124617446516853
20,39,6.720290579099453
20,40,8.344666155255167
20,41,11.260645601422354
20,42,10.091473536967444
20,43,10.920880976369357
20,44,9.54454575213559
20,45,10.67666167897256
20,46,11.775619300505268
20,47,12.268261510587276
20,48,15.2539979831026
20,49,14.859055699956462
20,50,18.07596708104889
20,51,17.337933097619736
20,52,17.802503490634766
20,53,15.41597600084044
20,54,12.534332302963133
20,55,13.8934180679375
20,56,14.129388344183894
20,57,10.685942151796567
20,58,9.412550914330295
20,59,12.576651856298053
20,60,12.134175765745113
20,61,8.8846998726222
20,62,11.182354876495321
20,63,13.446979087270545
21,1,15.349707278450655
21,2,18.773205761481695
21,3,18.484566883248938
21,4,16.305253156244497
21,5,14.136481544102882
21,6,14.014022664418883
21,7,17.231295123042223
21,8,16.235333242991786
21,9,13.477284243382917
21,10,13.468347130342167
21,11,15.402244989467004
21,12,14.803985420831802
21,13,11.491749857680029
21,14,12.569828869650893
21,15,10.418403673727564
21,16,12.5725802449349
21,17,11.325228100051461
21,18,7.461694186248372
21,19,7.251290560862098
21,20,3.8401592109621205
21,22,3.8149341222592863
21,23,6.6643939316252965
21,24,9.925736746445983
21,25,13.033813750513039
21,26,16.269118863403868
21,27,17.8132066872357
21,28,21.18266185531077
21,29,20.008480613173933
21,30,17.954989818318882
21,31,19.356061796154457
21,32,16.461331080585303
21,33,12.967778428003365
21,34,10.223805252856419
21,35,6.806356368087106
21,36,5.689737977028565
21,37,4.2867190806348665
21,38,6.1348934489132985
21,39,8.70074474770327
21,40,11.37879843365604
21,41,13.675933778052496
21,42,12.289360900422272
21,43,11.992685684219733
21,44,9.441328526275655
21,45,9.472173380846897
21,46,9.330187115059434
21,47,9.31837490438599
21,48,11.87633403151742
21,49,11.155270025219865
21,50,14.518010320915598
21,51,14.208718308847553
21,52,15.104614637373475
21,53,13.29720282218935
21,54,9.879692330705659
21,55,11.11029634744763
21,56,12.245023178780276
21,57,9.378546412573629
21,58,7.451669161082678
21,59,11.044218873637014
21,60,11.70484848512634
21,61,9.017111899496836
21,62,10.902152633754655
21,63,13.85248186995576
22,1,12.065514629814187
22,2,15.430408090923894
22,3,15.418801048708433
22,4,13.60677532236264
22,5,11.911161446463625
22,6,12.488172734305568
22,7,15.972535420930964
22,8,15.80038575633524
22,9,13.706639654979478
22,10,14.714613062765947
22,11,17.095095187381606
22,12,17.265440975171874
22,13,14.318033038304128
22,14,15.974865260314763
22,15,14.070919070456684
22,16,16.372356156999224
22,17,14.938217054354498
22,18,11.094935364896134
22,19,10.50463258853349
22,20,6.83985959288529
22,21,3.8149341222592863
22,23,3.7985957000604382
22,24,6.411194036793648
22,25,9.786990013881692
22,26,12.97395956864727
22,27,14.178410798259696
22,28,17.512661111970086
22,29,16.51646539176588
22,30,14.722347061107094
22,31,16.261836398939963
22,32,13.778548388190867
22,33,10.41539167919116
22,34,7.926195081441036
22,35,5.608380588516991
22,36,5.184352789257247
22,37,6.305958825937679
22,38,8.078722555211712
22,39,11.480322249180754
22,40,14.263482626097883
22,41,16.170610395394736
22,42,14.04223158858258
22,43,13.471210455658497
22,44,10.35978208300464
22,45,10.505928570205215
22,46,9.588478504794823
22,47,9.941390701208165
22,48,11.821861985042995
22,49,10.539322099584805
22,50,14.232505018618973
22,51,14.89861544233573
22,52,16.405313945221202
22,53,15.382909400860168
22,54,11.594261110963831
22,55,12.309832885358043
22,56,14.361880616746237
22,57,12.203924448390454
22,58,9.561462581648316
22,59,12.878887074535252
22,60,14.403647810768682
22,61,11.77470504950391
22,62,12.696247997773945
22,63,16.175824267845197
23,1,12.231008467162082
23,2,14.974605771225454
23,3,14.631053241566933
23,4,12.623404212826813
23,5,11.978741616416187
23,6,12.273374024181258
23,7,15.420565790058008
23,8,15.483340293244673
23,9,13.573178887172372
23,10,15.221374694172127
23,11,17.307015882995763
23,12,18.03196337592344
23,13,15.655932719484396
23,14,17.716164710838473
23,15,15.819483300377977
23,16,18.657740183029492
23,17,17.685019236031994
23,18,13.90024334100759
23,19,13.856738194900316
23,20,10.202042479456217
23,21,6.6643939316252965
23,22,3.7985957000604382
23,24,3.8312346010888882
23,25,6.39119759197751
23,26,9.824259406658262
23,27,11.673549368175516
23,28,15.310555448185358
23,29,14.821047778434775
23,30,12.634494524281955
23,31,13.452033946991335
23,32,10.867282655218538
23,33,7.265081690733117
23,34,5.911752879300002
23,35,4.7810510661363965
23,36,6.791773340849471
23,37,8.944827790982194
23,38,11.515463784243222
23,39,14.777144458890595
23,40,17.77212399319379
23,41,19.599350741999515
23,42,17.60305357025033
23,43,16.605979224226736
23,44,13.155330325069887
23,45,12.428177421875713
23,46,10.337315556090708
23,47,9.771421703968922
23,48,10.364626361803014
23,49,8.105616878281344
23,50,11.655468646775955
23,51,13.1724087210635
23,52,14.909860208909398
23,53,14.80145427169692
23,54,10.932345565973167
23,55,10.86700970333584
23,56,13.710358311395849
23,57,12.552801257132314
23,58,9.524373960354193
23,59,12.364588937592806
23,60,14.80170771350573
23,61,12.853011335754516
23,62,13.108743176054915
23,63,16.839961180295624
24,1,9.406503657312008
24,2,11.642801794472316
24,3,11.414930221174098
24,4,9.894243553502514
24,5,10.093065724993926
24,6,11.108235767986152
24,7,14.219581306078602
24,8,15.209140982796944
24,9,14.217336629226784
24,10,16.62999816090414
24,11,19.105441147478345
24,12,20.430456288996115
24,13,18.35021763512134
24,14,20.801653404902453
24,15,19.273135202332202
24,16,22.112898774229354
24,17,20.793416080374293
24,18,17.04575426072042
24,19,16.87332687589106
24,20,13.248940381045813
24,21,9.925736746445983
24,22,6.411194036793648
24,23,3.8312346010888882
24,25,3.821468646206875
24,26,6.620033343245131
24,27,7.944319987838409
24,28,11.505599704739375
24,29,11.071015362149103
24,30,9.142106715346424
24,31,10.239240251804585
24,32,8.381087020421422
24,33,5.549910819901312
24,34,5.033810686952928
24,35,6.410125227099201
24,36,8.28189532455593
24,37,11.378715597685957
24,38,13.655494221085158
24,39,17.23199790845822
24,40,20.336179087269944
24,41,21.729358892577025
24,42,19.291861720219075
24,43,18.006904608006046
24,44,14.376245640879246
24,45,13.766401733999881
24,46,11.403359894270208
24,47,11.453648244177476
24,48,11.514602199153897
24,49,9.428671531229739
24,50,12.855651470398804
24,51,15.050451232566553
24,52,17.37851191016208
24,53,17.715323130886265
24,54,13.890112341130424
24,55,13.876788109167101
24,56,17.084309907682233
24,57,16.186574745908715
24,58,13.262747241532034
24,59,15.949692679146231
24,60,18.577493874413697
24,61,16.65696361449713
24,62,16.690744782397946
24,63,20.501699928686165
25,1,11.624574241504114
25,2,12.899272731485764
25,3,12.497441659006215
25,4,11.139568513451513
25,5,12.471857374415098
25,6,13.187953419913104
25,7,15.677976734465812
25,8,16.848543021576287
25,9,16.074080333015875
25,10,18.77729568817395
25,11,20.859823611897227
25,12,22.476714102343895
25,13,20.80202937637295
25,14,23.351164645419438
25,15,21.732904648745965
25,16,24.827269163370133
25,17,23.88457539105733
25,18,20.16437517668521
25,19,20.187638748098063
25,20,16.50790549053545
25,21,13.033813750513039
25,22,9.786990013881692
25,23,6.39119759197751
25,24,3.821468646206875
25,26,3.865902383403898
25,27,6.270115678150468
25,28,10.087444143807309
25,29,10.728653918295763
25,30,8.640344408681093
25,31,8.355361121872578
25,32,6.939856171171373
25,33,4.698705733918782
25,34,6.7511480959648065
25,35,8.932421521422002
25,36,11.635814233802046
25,37,14.72214063452036
25,38,17.296126779880396
25,39,20.75430253280583
25,40,23.892060451837047
25,41,25.37806763129242
25,42,23.06044589538245
25,43,21.675885518795678
25,44,17.975442809786003
25,45,16.9569481999108
25,46,14.10702778286535
25,47,13.475074632835653
25,48,12.445381387748121
25,49,9.659232905370521
25,50,12.27165739714812
25,51,15.25132399667457
25,52,17.54751186639129
25,53,18.68319337994307
25,54,15.096966731187297
25,55,14.325515023128736
25,56,17.870014566877842
25,57,17.772466684733665
25,58,14.713811946229832
25,59,16.739153458358423
25,60,19.89326966796289
25,61,18.45742657181393
25,62,17.93022710515974
25,63,21.76737897929602
26,1,11.50506493596749
26,2,11.564225482423588
26,3,10.714820559885977
26,4,9.713931813868262
26,5,12.14573660619961
26,6,12.939390419280077
26,7,14.810263842086176
26,8,16.6420981635894
26,9,16.694913283979307
26,10,19.90501975932556
26,11,22.10656903305476
26,12,24.25951414044996
26,13,22.99620033076723
26,14,25.90380716375784
26,15,24.68692747727544
26,16,27.891715334097455
26,17,26.7484431581601
26,18,23.13316962343537
26,19,23.349581213962537
26,20,19.775510453832673
26,21,16.269118863403868
26,22,12.97395956864727
26,23,9.824259406658262
26,24,6.620033343245131
26,25,3.865902383403898
26,27,3.78883851842304
26,28,7.15698273667678
26,29,8.034500210989336
26,30,5.841750540393862
26,31,4.73239851550809
26,32,4.780194163712035
26,33,5.12154446866043
26,34,7.970764370978188
26,35,11.205870829170218
26,36,13.80356135010514
26,37,17.287833707846428
26,38,19.86589176758211
26,39,23.36578084789624
26,40,26.68224414417283
26,41,27.766385990994145
26,42,25.323804403972158
26,43,23.560760195090076
26,44,19.782752361901846
26,45,18.573005785019195
26,46,15.494092895436888
26,47,15.11994453663938
26,48,13.601668872616374
26,49,11.356145042842222
26,50,13.462542902156207
26,51,16.750689692895197
26,52,19.511935414824826
26,53,20.984824889060185
26,54,17.589942922401367
26,55,17.060591866234706
26,56,20.790578520646104
26,57,20.89779006813574
26,58,18.123201925456936
26,59,20.17697662335226
26,60,23.38890117182618
26,61,22.130448689234953
26,62,21.71940532582897
26,63,25.52221827313375
27,1,9.49369984651713
27,2,8.939308825547073
27,3,9.064680712556607
27,4,9.492792137187319
27,5,12.071874718555849
27,6,13.859064180468472
27,7,15.935608091342141
27,8,18.354744529523806
27,9,18.847022371459513
27,10,22.123950883145074
27,11,24.725013210496922
27,12,26.846422201203687
27,13,25.338963030300352
27,14,28.199679102653803
27,15,26.998294731799795
27,16,29.945103316048428
27,17,28.454962181311846
27,18,24.78497734299967
27,19,24.547521755878094
27,20,20.969544688394404
27,21,17.8132066872357
27,22,14.178410798259696
27,23,11.673549368175516
27,24,7.944319987838409
27,25,6.270115678150468
27,26,3.78883851842304
27,28,3.82457011559537
27,29,5.400820043409791
27,30,5.220950487354873
27,31,5.709669173280901
27,32,7.485605065631572
27,33,8.316780078915313
27,34,10.175763327097235
27,35,13.38523623638851
27,36,15.209592543425952
27,37,18.76027472730278
27,38,20.77314981843513
27,39,24.4751152470939
27,40,27.616479635893278
27,41,28.545756378053262
27,42,25.715425008367763
27,43,24.12941353927826
27,44,20.506118796624413
27,45,19.897252195852914
27,46,17.259203497796683
27,47,17.59559229701682
27,48,16.604018577954683
27,49,14.688861659188616
